Frame,Time (Seconds),Hip.rotX,Hip.rotY,Hip.rotZ,Hip.rotW,Hip.posX,Hip.posY,Hip.posZ,Ab.rotX,Ab.rotY,Ab.rotZ,Ab.rotW,Ab.posX,Ab.posY,Ab.posZ,Chest.rotX,Chest.rotY,Chest.rotZ,Chest.rotW,Chest.posX,Chest.posY,Chest.posZ,Neck.rotX,Neck.rotY,Neck.rotZ,Neck.rotW,Neck.posX,Neck.posY,Neck.posZ,Head.rotX,Head.rotY,Head.rotZ,Head.rotW,Head.posX,Head.posY,Head.posZ,LShoulder.rotX,LShoulder.rotY,LShoulder.rotZ,LShoulder.rotW,LShoulder.posX,LShoulder.posY,LShoulder.posZ,LUArm.rotX,LUArm.rotY,LUArm.rotZ,LUArm.rotW,LUArm.posX,LUArm.posY,LUArm.posZ,LFArm.rotX,LFArm.rotY,LFArm.rotZ,LFArm.rotW,LFArm.posX,LFArm.posY,LFArm.posZ,LHand.rotX,LHand.rotY,LHand.rotZ,LHand.rotW,LHand.posX,LHand.posY,LHand.posZ,RShoulder.rotX,RShoulder.rotY,RShoulder.rotZ,RShoulder.rotW,RShoulder.posX,RShoulder.posY,RShoulder.posZ,RUArm.rotX,RUArm.rotY,RUArm.rotZ,RUArm.rotW,RUArm.posX,RUArm.posY,RUArm.posZ,RFArm.rotX,RFArm.rotY,RFArm.rotZ,RFArm.rotW,RFArm.posX,RFArm.posY,RFArm.posZ,RHand.rotX,RHand.rotY,RHand.rotZ,RHand.rotW,RHand.posX,RHand.posY,RHand.posZ,LThigh.rotX,LThigh.rotY,LThigh.rotZ,LThigh.rotW,LThigh.posX,LThigh.posY,LThigh.posZ,LShin.rotX,LShin.rotY,LShin.rotZ,LShin.rotW,LShin.posX,LShin.posY,LShin.posZ,LFoot.rotX,LFoot.rotY,LFoot.rotZ,LFoot.rotW,LFoot.posX,LFoot.posY,LFoot.posZ,RThigh.rotX,RThigh.rotY,RThigh.rotZ,RThigh.rotW,RThigh.posX,RThigh.posY,RThigh.posZ,RShin.rotX,RShin.rotY,RShin.rotZ,RShin.rotW,RShin.posX,RShin.posY,RShin.posZ,RFoot.rotX,RFoot.rotY,RFoot.rotZ,RFoot.rotW,RFoot.posX,RFoot.posY,RFoot.posZ,LToe.rotX,LToe.rotY,LToe.rotZ,LToe.rotW,LToe.posX,LToe.posY,LToe.posZ,RToe.rotX,RToe.rotY,RToe.rotZ,RToe.rotW, RToe.posX, RToe.posY, RToe.posZ
0,0.0,0.003722,0.892064,0.007512,0.451832,-2.099303,90.379242,14.841095,-0.013928,0.897722,0.075461,0.433829,-2.100452,98.175369,14.971826,-0.02362,0.900816,0.059893,0.429402,-3.445245,112.863136,16.805912,0.059506,0.944235,-0.027585,0.322675,-5.19063,131.278946,18.433006,0.023286,0.977633,-0.076009,0.194716,-2.119375,145.718689,16.728367,0.005705,0.873025,0.104348,0.476348,-7.493235,125.377167,15.307654,0.444153,-0.542798,0.111128,-0.704094,-17.382128,127.357651,0.268723,0.113591,-0.016248,-0.590425,-0.798894,-8.180684,112.134911,-15.597243,0.170007,0.048696,-0.592942,-0.785587,-1.134029,134.041245,-19.329454,-0.169495,0.920554,0.141965,0.322022,-2.700006,125.309601,21.214088,0.331361,0.869063,0.142687,-0.338482,10.611671,129.304596,32.821037,-0.018669,0.225846,0.454634,-0.861367,23.751181,117.879021,16.544167,0.072609,0.082536,0.378666,-0.918982,12.873099,135.649368,8.191527,0.043436,0.884045,0.079356,0.458564,-7.725371,90.506935,7.176326,0.081924,0.926164,-0.029121,0.366961,-7.874597,53.980755,0.486851,-0.01995,0.945733,0.022324,0.323563,-16.154623,6.876254,0.191098,-0.064068,0.896295,-0.089064,0.429673,3.526764,90.251541,22.505863,-0.011898,0.882762,-0.134249,0.450075,4.949396,54.011536,30.478987,-0.075733,0.870205,-0.069105,0.481906,0.174336,7.921448,42.327316,-0.01995,0.945733,0.022324,0.323563,-7.115602,1.493016,-11.252585,-0.075733,0.870205,-0.069105,0.481906,12.689384,1.196313,36.019608
1,0.008333,0.00383,0.892121,0.007438,0.45172,-2.093807,90.378067,14.833675,-0.013895,0.897773,0.075646,0.433692,-2.092914,98.174202,14.964132,-0.023477,0.900897,0.059692,0.429267,-3.439154,112.863556,16.80406,0.059668,0.944196,-0.02808,0.322714,-5.176325,131.280502,18.427,0.022766,0.977583,-0.076459,0.19485,-2.095928,145.716904,16.710426,0.00585,0.873285,0.103949,0.475957,-7.482396,125.378891,15.303895,0.444647,-0.542701,0.111707,-0.703766,-17.384714,127.355637,0.273305,0.114396,-0.016545,-0.590243,-0.798907,-8.184393,112.104485,-15.566013,0.170895,0.048322,-0.592776,-0.785542,-1.128371,134.001709,-19.330427,-0.169175,0.92065,0.141739,0.322015,-2.687305,125.310837,21.208815,0.33168,0.868951,0.142508,-0.338532,10.628454,129.298447,32.813622,-0.018238,0.225779,0.454934,-0.861235,23.756264,117.858864,16.53714,0.07307,0.081841,0.378823,-0.918943,12.888974,135.63382,8.179844,0.043489,0.884127,0.079294,0.45841,-7.721786,90.506943,7.17033,0.081715,0.926139,-0.029136,0.367071,-7.87779,53.980373,0.483128,-0.02003,0.945862,0.022339,0.32318,-16.13991,6.872675,0.195063,-0.064025,0.896238,-0.08913,0.429785,3.534173,90.249184,22.497021,-0.011916,0.88268,-0.134299,0.450219,4.950795,54.00964,30.473322,-0.075839,0.870182,-0.069189,0.481917,0.173174,7.920864,42.325737,-0.02003,0.945862,0.022339,0.32318,-7.109172,1.490482,-11.255651,-0.075839,0.870182,-0.069189,0.481917,12.689194,1.195493,36.020203
2,0.016667,0.003928,0.892164,0.007363,0.451635,-2.088257,90.376106,14.827728,-0.01386,0.897814,0.075849,0.433572,-2.085464,98.172249,14.957836,-0.023339,0.900971,0.059503,0.429147,-3.433254,112.861809,16.803915,0.059745,0.944129,-0.028723,0.32284,-5.16258,131.279831,18.422993,0.022212,0.977497,-0.076882,0.195183,-2.073725,145.712463,16.689983,0.006093,0.873541,0.103532,0.475573,-7.471914,125.378418,15.301949,0.445298,-0.542632,0.112136,-0.703339,-17.387327,127.354309,0.279881,0.115172,-0.016788,-0.589944,-0.799012,-8.187994,112.075684,-15.533501,0.171542,0.047509,-0.592586,-0.785594,-1.11523,133.964676,-19.327112,-0.169046,0.920721,0.141568,0.321955,-2.67515,125.309837,21.205503,0.332025,0.868828,0.142234,-0.338626,10.643594,129.295868,32.80743,-0.017924,0.225847,0.455117,-0.861128,23.757441,117.840149,16.531044,0.073211,0.081551,0.378832,-0.918954,12.898559,135.617523,8.165603,0.043504,0.884205,0.079329,0.458253,-7.717668,90.505997,7.165452,0.081669,0.926115,-0.029219,0.367134,-7.874639,53.979935,0.475483,-0.020073,0.945883,0.022288,0.323119,-16.135624,6.871989,0.195907,-0.064041,0.896057,-0.089143,0.430157,3.541154,90.246216,22.490004,-0.011922,0.882665,-0.134359,0.450231,4.955132,54.006981,30.468208,-0.075738,0.870204,-0.069144,0.481901,0.175273,7.919767,42.325775,-0.020073,0.945883,0.022288,0.323119,-7.106038,1.488782,-11.255241,-0.075738,0.870204,-0.069144,0.481901,12.690107,1.193803,36.018528
3,0.025,0.004048,0.892217,0.007351,0.451528,-2.083945,90.374733,14.820414,-0.013814,0.897849,0.076109,0.433457,-2.079389,98.170868,14.9512,-0.023151,0.901042,0.059236,0.429043,-3.428966,112.858673,16.804852,0.059625,0.944165,-0.028336,0.32279,-5.147592,131.278198,18.418234,0.02191,0.977455,-0.07794,0.195007,-2.065755,145.713455,16.694532,0.006343,0.873809,0.103128,0.475165,-7.461023,125.377037,15.299752,0.445592,-0.542189,0.113032,-0.703351,-17.390377,127.352402,0.286831,0.115788,-0.017522,-0.589954,-0.798899,-8.177753,112.045464,-15.491398,0.172329,0.046864,-0.592147,-0.785792,-1.106931,133.926743,-19.329189,-0.168688,0.920833,0.141178,0.321993,-2.662778,125.307739,21.202093,0.332069,0.868801,0.141732,-0.338862,10.659449,129.28688,32.802383,-0.01767,0.225854,0.45523,-0.861071,23.764294,117.823288,16.524288,0.073583,0.080854,0.379042,-0.918899,12.909365,135.602661,8.153406,0.043425,0.884281,0.079375,0.458107,-7.715175,90.506538,7.159506,0.081686,0.926179,-0.029281,0.366963,-7.86654,53.98053,0.469205,-0.020013,0.94591,0.0222,0.323051,-16.131248,6.873202,0.196017,-0.064049,0.896038,-0.089202,0.430183,3.547285,90.24292,22.481319,-0.011923,0.882662,-0.134395,0.450227,4.959656,54.004555,30.463737,-0.075077,0.870268,-0.068976,0.481912,0.178398,7.918274,42.32436,-0.020013,0.94591,0.0222,0.323051,-7.104235,1.486983,-11.255741,-0.075077,0.870268,-0.068976,0.481912,12.686673,1.185761,36.011089
4,0.033333,0.004058,0.892295,0.007381,0.451374,-2.075017,90.372673,14.814562,-0.013856,0.897883,0.07634,0.433343,-2.070501,98.168793,14.945827,-0.023046,0.901098,0.059062,0.428957,-3.424119,112.857307,16.805475,0.060024,0.944038,-0.029054,0.323024,-5.136331,131.277771,18.414923,0.021182,0.977336,-0.078622,0.19541,-2.036117,145.707291,16.676287,0.006608,0.874022,0.102747,0.474852,-7.452359,125.37664,15.298298,0.446257,-0.542075,0.113363,-0.702964,-17.392355,127.352699,0.292508,0.116562,-0.017837,-0.589723,-0.798951,-8.177429,112.022018,-15.461297,0.17282,0.046258,-0.59206,-0.785785,-1.095273,133.891006,-19.330368,-0.168486,0.920941,0.140936,0.321896,-2.652909,125.307129,21.199659,0.33248,0.868639,0.142575,-0.338519,10.674069,129.283493,32.795441,-0.016922,0.225576,0.455328,-0.861107,23.77696,117.816719,16.518011,0.073837,0.080532,0.378936,-0.918951,12.921372,135.591263,8.143002,0.043378,0.884424,0.079453,0.45782,-7.708907,90.50489,7.155617,0.081723,0.926392,-0.02934,0.366414,-7.856675,53.979492,0.461885,-0.019886,0.945944,0.022207,0.322958,-16.126841,6.873074,0.197458,-0.063946,0.896127,-0.089344,0.429983,3.558873,90.240448,22.473505,-0.011896,0.882755,-0.134427,0.450036,4.961565,54.002987,30.461725,-0.075237,0.870292,-0.069162,0.481818,0.179217,7.917476,42.324886,-0.019886,0.945944,0.022207,0.322958,-7.103425,1.485766,-11.256623,-0.075237,0.870292,-0.069162,0.481818,12.686905,1.182913,36.012634
5,0.041667,0.004167,0.89234,0.007322,0.451286,-2.072787,90.370262,14.808806,-0.013759,0.897909,0.076501,0.433264,-2.066327,98.166382,14.940016,-0.022884,0.901146,0.058857,0.428891,-3.419349,112.855194,16.80541,0.059687,0.944028,-0.029269,0.323098,-5.122753,131.27684,18.410744,0.020939,0.977234,-0.079478,0.195598,-2.029578,145.706802,16.663288,0.007065,0.874238,0.10229,0.474547,-7.442045,125.376038,15.295923,0.446621,-0.54188,0.114094,-0.702765,-17.392319,127.357651,0.297672,0.117151,-0.018468,-0.589388,-0.799097,-8.175235,111.998299,-15.426917,0.172864,0.045722,-0.592239,-0.785672,-1.076174,133.853668,-19.333767,-0.168431,0.921001,0.140839,0.321796,-2.641622,125.30571,21.196484,0.332462,0.868701,0.141666,-0.338759,10.688361,129.282242,32.788765,-0.017075,0.225835,0.455327,-0.861037,23.784075,117.80217,16.514936,0.073963,0.080447,0.378642,-0.919069,12.932014,135.579666,8.132499,0.043402,0.884564,0.079451,0.457548,-7.708166,90.503815,7.15098,0.081646,0.926373,-0.02938,0.366475,-7.859654,53.978546,0.45661,-0.01998,0.945977,0.022134,0.322861,-16.12439,6.871146,0.197927,-0.063994,0.896047,-0.089332,0.430144,3.562592,90.23671,22.466635,-0.011914,0.882686,-0.134489,0.45015,4.967476,53.999542,30.455795,-0.075013,0.870274,-0.068999,0.481907,0.182422,7.915661,42.324226,-0.01998,0.945977,0.022134,0.322861,-7.102516,1.482718,-11.256845,-0.075013,0.870274,-0.068999,0.481907,12.689774,1.181583,36.01078
6,0.05,0.004279,0.892417,0.007334,0.451132,-2.069289,90.369125,14.801849,-0.013779,0.897961,0.076769,0.433108,-2.061334,98.165237,14.934024,-0.022719,0.901234,0.058622,0.428747,-3.418111,112.85405,16.806669,0.059283,0.944051,-0.02923,0.323109,-5.112007,131.277008,18.407066,0.020861,0.977123,-0.080559,0.195717,-2.030285,145.709076,16.656868,0.007278,0.874464,0.101709,0.474253,-7.435237,125.376389,15.294812,0.446899,-0.541839,0.114395,-0.702571,-17.395512,127.353729,0.302644,0.117726,-0.018638,-0.589057,-0.799253,-8.179552,111.979057,-15.40762,0.173425,0.045226,-0.592106,-0.785677,-1.06267,133.824722,-19.334915,-0.168268,0.921095,0.140696,0.321673,-2.632823,125.305511,21.193743,0.332874,0.868528,0.142255,-0.338551,10.701988,129.279465,32.781342,-0.016493,0.225609,0.455514,-0.861008,23.791349,117.793182,16.50679,0.074236,0.080092,0.378329,-0.919207,12.94362,135.56926,8.122565,0.043301,0.884798,0.079482,0.457101,-7.70729,90.504684,7.145989,0.0816,0.926471,-0.029414,0.366235,-7.854473,53.979122,0.453079,-0.020015,0.946048,0.022107,0.322651,-16.116488,6.871202,0.201157,-0.063987,0.896077,-0.089419,0.430066,3.568712,90.233574,22.45771,-0.01189,0.882733,-0.13453,0.450049,4.970966,53.997494,30.452257,-0.075178,0.870278,-0.069153,0.481853,0.183528,7.914603,42.323566,-0.020015,0.946048,0.022107,0.322651,-7.099363,1.482296,-11.257127,-0.075178,0.870278,-0.069153,0.481853,12.691148,1.179422,36.011841
7,0.058333,0.004357,0.892479,0.007296,0.451009,-2.06463,90.368019,14.797206,-0.01373,0.897993,0.077007,0.433002,-2.0553,98.164124,14.929388,-0.022554,0.901297,0.058342,0.428663,-3.413735,112.853172,16.809277,0.059209,0.943982,-0.029674,0.323283,-5.09754,131.277603,18.403133,0.020533,0.976988,-0.081351,0.196097,-2.013147,145.707626,16.640764,0.007488,0.874609,0.10142,0.474044,-7.424551,125.377068,15.293579,0.446909,-0.541795,0.11504,-0.702493,-17.391886,127.35537,0.306229,0.118089,-0.018968,-0.588765,-0.799407,-8.180726,111.960182,-15.386754,0.173922,0.044802,-0.591855,-0.785781,-1.048329,133.797241,-19.334831,-0.168218,0.921255,0.140708,0.321237,-2.620929,125.305847,21.191525,0.333135,0.868467,0.141939,-0.338584,10.724643,129.281204,32.766247,-0.016397,0.225441,0.455589,-0.861014,23.804649,117.78022,16.494556,0.074365,0.079927,0.377897,-0.919389,12.955491,135.559937,8.113989,0.043271,0.884914,0.079513,0.456873,-7.704719,90.504547,7.142902,0.081562,0.926475,-0.029448,0.36623,-7.850587,53.979172,0.448981,-0.01994,0.946075,0.022086,0.322577,-16.110403,6.870845,0.20147,-0.06393,0.896111,-0.089474,0.429991,3.575459,90.231499,22.451511,-0.011912,0.88281,-0.134547,0.44989,4.972857,53.995609,30.447796,-0.075241,0.870285,-0.069275,0.481812,0.188627,7.913205,42.322289,-0.01994,0.946075,0.022086,0.322577,-7.095937,1.480604,-11.258277,-0.075241,0.870285,-0.069275,0.481812,12.695709,1.176081,36.011574
8,0.066667,0.004556,0.892535,0.007196,0.450898,-2.065833,90.365562,14.792791,-0.013635,0.898031,0.077219,0.432887,-2.053018,98.161659,14.924982,-0.022421,0.901367,0.05803,0.428565,-3.411571,112.851883,16.812162,0.059387,0.943868,-0.030094,0.323544,-5.085777,131.277893,18.397934,0.019924,0.976829,-0.082304,0.196554,-1.991706,145.704788,16.626862,0.007616,0.874783,0.101138,0.47378,-7.416484,125.377083,15.291656,0.447193,-0.541846,0.115284,-0.702233,-17.392794,127.353683,0.310059,0.118715,-0.019006,-0.588384,-0.799594,-8.186949,111.943329,-15.371164,0.174584,0.044451,-0.591587,-0.785856,-1.03381,133.770218,-19.33588,-0.168035,0.921357,0.14069,0.321048,-2.611487,125.30619,21.188482,0.333312,0.868405,0.141999,-0.338545,10.740711,129.277222,32.757042,-0.016254,0.225424,0.455595,-0.861019,23.816349,117.770592,16.485838,0.074314,0.079808,0.3773,-0.919648,12.96716,135.549118,8.103025,0.043192,0.885,0.079616,0.456696,-7.707803,90.504593,7.13992,0.081546,0.926438,-0.029481,0.366324,-7.84628,53.979919,0.442014,-0.019377,0.946054,0.022291,0.322659,-16.105822,6.871531,0.197103,-0.063988,0.896252,-0.089444,0.429695,3.576138,90.226524,22.445662,-0.011836,0.882889,-0.134678,0.449699,4.98096,53.99078,30.441301,-0.075236,0.870311,-0.069277,0.481767,0.187212,7.911572,42.32436,-0.019377,0.946054,0.022291,0.322659,-7.094838,1.481523,-11.26549,-0.075236,0.870311,-0.069277,0.481767,12.693506,1.174187,36.01236
9,0.075,0.004034,0.892594,0.00752,0.45078,-2.037539,90.351952,14.786139,-0.013995,0.898071,0.077598,0.432725,-2.034247,98.148048,14.91918,-0.02224,0.901462,0.057834,0.428401,-3.4082,112.849518,16.813719,0.059501,0.943819,-0.030317,0.323644,-5.072961,131.276672,18.396145,0.01944,0.976706,-0.083411,0.196749,-1.97338,145.701813,16.620481,0.00774,0.874939,0.100814,0.473559,-7.4077,125.37632,15.292048,0.447238,-0.541795,0.115697,-0.702175,-17.391518,127.35051,0.315133,0.119146,-0.019244,-0.588111,-0.799725,-8.187614,111.926559,-15.353849,0.175108,0.04429,-0.590944,-0.786232,-1.020543,133.743347,-19.337486,-0.168045,0.921415,0.140433,0.32099,-2.600451,125.30439,21.187029,0.33343,0.868393,0.141915,-0.338494,10.752975,129.279404,32.752808,-0.016019,0.22546,0.455573,-0.861025,23.826546,117.766396,16.484459,0.074452,0.079608,0.37693,-0.919806,12.977023,135.54216,8.095212,0.043524,0.885271,0.079458,0.456165,-7.681616,90.484909,7.134711,0.081362,0.926554,-0.029548,0.366067,-7.851326,53.960503,0.436051,-0.020125,0.946195,0.022463,0.322188,-16.097094,6.849628,0.205923,-0.063653,0.896308,-0.089681,0.429578,3.606538,90.218994,22.437567,-0.011825,0.883051,-0.134697,0.449376,4.982522,53.983234,30.438122,-0.075287,0.870332,-0.069204,0.481732,0.191354,7.904511,42.324078,-0.020125,0.946195,0.022463,0.322188,-7.088775,1.471411,-11.264302,-0.075287,0.870332,-0.069204,0.481732,12.698038,1.169485,36.010334
10,0.083333,0.004114,0.892697,0.007531,0.450575,-2.032707,90.349548,14.782247,-0.014028,0.898123,0.077842,0.432573,-2.028351,98.14563,14.915993,-0.02224,0.901531,0.057585,0.428288,-3.406268,112.848816,16.817198,0.058875,0.943787,-0.030748,0.323811,-5.066879,131.277054,18.391535,0.019488,0.976521,-0.08433,0.197272,-1.979947,145.702774,16.598722,0.007927,0.875089,0.100528,0.473341,-7.403603,125.375725,15.290755,0.447322,-0.541877,0.115946,-0.702017,-17.394814,127.350174,0.318812,0.119557,-0.019327,-0.587674,-0.799982,-8.1979,111.914841,-15.343055,0.17536,0.044146,-0.590406,-0.786588,-1.007002,133.72168,-19.338871,-0.167744,0.92153,0.140369,0.320844,-2.594879,125.305534,21.184549,0.333353,0.868463,0.141737,-0.338466,10.765602,129.272705,32.744873,-0.016143,0.225638,0.455394,-0.861071,23.842497,117.758682,16.479904,0.074353,0.079884,0.376129,-0.920118,12.988806,135.530624,8.085319,0.043527,0.885345,0.079559,0.456004,-7.680288,90.483925,7.133432,0.081314,0.926514,-0.029591,0.366176,-7.847963,53.960728,0.428111,-0.019764,0.946212,0.02252,0.322158,-16.090944,6.849339,0.202462,-0.06363,0.896398,-0.089742,0.429381,3.614873,90.215179,22.431061,-0.011782,0.883158,-0.134773,0.449143,4.989174,53.980019,30.434629,-0.075144,0.87038,-0.06916,0.481673,0.194253,7.903132,42.32621,-0.019764,0.946212,0.02252,0.322158,-7.087087,1.469193,-11.270359,-0.075144,0.87038,-0.06916,0.481673,12.698592,1.166684,36.009346
11,0.091667,0.004248,0.892798,0.007432,0.450377,-2.032005,90.347519,14.779146,-0.013874,0.898185,0.077997,0.43242,-2.025054,98.1436,14.912457,-0.022202,0.901603,0.057356,0.428171,-3.400636,112.847603,16.820175,0.059159,0.943706,-0.030945,0.323977,-5.056155,131.276871,18.387676,0.019052,0.976391,-0.085396,0.197499,-1.959011,145.700165,16.592922,0.007992,0.875258,0.100281,0.473078,-7.395202,125.374916,15.289847,0.447012,-0.542001,0.11634,-0.702054,-17.395384,127.346291,0.32348,0.11959,-0.019611,-0.587271,-0.800266,-8.209212,111.902931,-15.336794,0.175496,0.043871,-0.589735,-0.787076,-0.996025,133.703094,-19.342545,-0.167763,0.921577,0.140198,0.320774,-2.584924,125.305847,21.18239,0.333367,0.868522,0.14141,-0.338436,10.776957,129.276245,32.73999,-0.016158,0.22579,0.455402,-0.861027,23.85438,117.755257,16.480381,0.074447,0.079717,0.37579,-0.920263,13.004231,135.526581,8.080854,0.043515,0.885475,0.079562,0.455753,-7.682958,90.483299,7.132844,0.081248,0.926499,-0.029593,0.366227,-7.851567,53.960072,0.427757,-0.020779,0.946213,0.021956,0.322131,-16.088867,6.847682,0.204202,-0.063605,0.896578,-0.089769,0.429004,3.618948,90.211731,22.425449,-0.011656,0.883242,-0.134847,0.448958,4.994065,53.976692,30.429455,-0.07619,0.870322,-0.070067,0.481482,0.187804,7.901442,42.322807,-0.020779,0.946213,0.021956,0.322131,-7.076433,1.461827,-11.259207,-0.07619,0.870322,-0.070067,0.481482,12.696605,1.160046,36.020058
12,0.1,0.004339,0.892812,0.007233,0.45035,-2.028306,90.344948,14.777328,-0.013553,0.898255,0.078211,0.432247,-2.018698,98.141068,14.908504,-0.02229,0.901702,0.057112,0.42799,-3.38864,112.850334,16.827101,0.059261,0.943692,-0.031027,0.323992,-5.042908,131.280487,18.385406,0.018736,0.976303,-0.086461,0.197497,-1.942168,145.702866,16.589441,0.008122,0.875475,0.099569,0.472826,-7.383366,125.376961,15.291641,0.446683,-0.542168,0.116531,-0.702103,-17.392117,127.339447,0.329834,0.119569,-0.019794,-0.586934,-0.800512,-8.21671,111.894379,-15.335074,0.175627,0.043743,-0.589165,-0.787481,-0.985203,133.688354,-19.345539,-0.168055,0.92155,0.140117,0.320736,-2.570796,125.31086,21.182348,0.333652,0.868488,0.141244,-0.338312,10.788424,129.291992,32.739334,-0.015771,0.225882,0.455399,-0.861011,23.860769,117.756203,16.486135,0.07454,0.079586,0.375772,-0.920275,13.01229,135.523346,8.075212,0.043594,0.885514,0.079625,0.455657,-7.679699,90.48056,7.131349,0.081199,0.926403,-0.029647,0.366476,-7.852125,53.958584,0.419548,-0.020489,0.946206,0.022095,0.322159,-16.086912,6.845737,0.200226,-0.063598,0.896728,-0.089752,0.428694,3.623086,90.209335,22.423307,-0.011597,0.883344,-0.134912,0.44874,5.001027,53.974003,30.425489,-0.075969,0.870336,-0.069983,0.481504,0.189915,7.900304,42.322857,-0.020489,0.946206,0.022095,0.322159,-7.076501,1.46092,-11.265259,-0.075969,0.870336,-0.069983,0.481504,12.696942,1.157425,36.018181
13,0.108333,0.004491,0.892891,0.007184,0.450193,-2.027757,90.343475,14.774015,-0.013424,0.898392,0.078073,0.431991,-2.015658,98.139587,14.905577,-0.022034,0.901854,0.057159,0.427676,-3.379515,112.846016,16.822096,0.059071,0.943713,-0.031132,0.323954,-5.025414,131.276398,18.386639,0.018462,0.976174,-0.087538,0.197688,-1.929045,145.699097,16.585775,0.008227,0.875648,0.099383,0.472542,-7.370444,125.374641,15.292971,0.446355,-0.542384,0.116707,-0.702116,-17.388832,127.336288,0.337505,0.119488,-0.020074,-0.586559,-0.800792,-8.226559,111.889137,-15.333031,0.175598,0.043559,-0.588359,-0.7881,-0.975049,133.67514,-19.349871,-0.168086,0.921555,0.139786,0.320848,-2.553606,125.305031,21.180145,0.333423,0.868591,0.140785,-0.338465,10.802639,129.290527,32.739067,-0.015812,0.226012,0.455223,-0.86107,23.877378,117.756226,16.486723,0.074616,0.079398,0.375695,-0.920316,13.023413,135.51976,8.070169,0.043534,0.885628,0.079608,0.455445,-7.681811,90.481247,7.130042,0.081094,0.926572,-0.029578,0.366079,-7.85246,53.958691,0.421356,-0.020566,0.946275,0.02206,0.321952,-16.075686,6.843817,0.203246,-0.063598,0.896958,-0.089741,0.428216,3.626296,90.205704,22.41799,-0.011477,0.883541,-0.135072,0.448307,5.008865,53.970219,30.418659,-0.074275,0.870473,-0.069471,0.481595,0.186562,7.900375,42.326454,-0.020566,0.946275,0.02206,0.321952,-7.06953,1.458696,-11.265442,-0.074275,0.870473,-0.069471,0.481595,12.678125,1.142817,36.006851
14,0.116667,0.004547,0.893015,0.007168,0.449946,-2.022851,90.343826,14.771483,-0.013328,0.89843,0.078265,0.431881,-2.009824,98.139938,14.903207,-0.022081,0.901885,0.056934,0.427639,-3.37354,112.847687,16.826511,0.058958,0.943671,-0.031276,0.324086,-5.017395,131.278946,18.382856,0.018333,0.976049,-0.088554,0.197867,-1.922351,145.70137,16.577547,0.008334,0.875738,0.099184,0.472415,-7.363282,125.376038,15.292038,0.446251,-0.542594,0.116812,-0.702002,-17.38596,127.337219,0.339392,0.119542,-0.020192,-0.586256,-0.801003,-8.235677,111.885429,-15.33356,0.17567,0.043413,-0.587794,-0.788514,-0.967561,133.666016,-19.354969,-0.168311,0.921596,0.139583,0.3207,-2.545992,125.308586,21.178867,0.33349,0.868704,0.140284,-0.338315,10.810927,129.304932,32.73325,-0.015647,0.226221,0.455275,-0.86099,23.888329,117.75695,16.492779,0.074953,0.078923,0.375485,-0.920415,13.041006,135.518936,8.065839,0.043626,0.885667,0.079597,0.455363,-7.681124,90.482384,7.130651,0.08099,0.926561,-0.029576,0.36613,-7.858792,53.960289,0.41965,-0.020377,0.946312,0.022091,0.321853,-16.072773,6.843791,0.204539,-0.063528,0.897069,-0.089741,0.427993,3.635423,90.205269,22.412317,-0.011405,0.883676,-0.135164,0.448014,5.015378,53.969139,30.410528,-0.074353,0.870464,-0.069719,0.481563,0.186956,7.901531,42.324486,-0.020377,0.946312,0.022091,0.321853,-7.070944,1.457658,-11.267064,-0.074353,0.870464,-0.069719,0.481563,12.677675,1.139416,36.008095
15,0.125,0.004808,0.89308,0.007041,0.449817,-2.026575,90.340714,14.768701,-0.013026,0.898552,0.078158,0.431656,-2.00901,98.13681,14.900486,-0.021967,0.902018,0.056799,0.427382,-3.362773,112.84523,16.825176,0.059981,0.943547,-0.030809,0.324303,-5.000222,131.277252,18.379293,0.017166,0.975916,-0.08995,0.197996,-1.880608,145.697327,16.597668,0.008357,0.875896,0.09915,0.472129,-7.349675,125.374496,15.290867,0.445944,-0.542921,0.116901,-0.70193,-17.382116,127.334869,0.344656,0.119503,-0.020446,-0.585952,-0.801225,-8.249782,111.881485,-15.3372,0.175641,0.043675,-0.587214,-0.788938,-0.965969,133.654007,-19.365261,-0.168315,0.921569,0.139345,0.32088,-2.528965,125.306633,21.174892,0.333469,0.868678,0.140336,-0.338382,10.823738,129.30481,32.733528,-0.015583,0.226061,0.455251,-0.861046,23.899673,117.759407,16.490036,0.075388,0.079453,0.375474,-0.920339,13.046175,135.524109,8.065841,0.043635,0.885653,0.079685,0.455373,-7.687021,90.482605,7.129534,0.080857,0.926412,-0.02965,0.366529,-7.862261,53.961609,0.412469,-0.02049,0.946366,0.022007,0.321694,-16.067005,6.843469,0.205097,-0.063631,0.897143,-0.08989,0.427792,3.633872,90.19883,22.407866,-0.011301,0.883877,-0.135111,0.447636,5.01766,53.965645,30.418777,-0.074345,0.870514,-0.069655,0.481483,0.187834,7.896444,42.325996,-0.02049,0.946366,0.022007,0.321694,-7.068042,1.45607,-11.268166,-0.074345,0.870514,-0.069655,0.481483,12.677513,1.135422,36.006374
16,0.133333,0.004923,0.893179,0.006947,0.449621,-2.0259,90.340385,14.767366,-0.012859,0.8986,0.078181,0.431555,-2.006038,98.136482,14.898647,-0.02201,0.902052,0.056654,0.427327,-3.355701,112.848068,16.826662,0.059908,0.943521,-0.030957,0.324377,-4.992224,131.280624,18.375338,0.017038,0.975811,-0.090924,0.198077,-1.872983,145.700241,16.589264,0.008457,0.87603,0.098919,0.471926,-7.342274,125.377022,15.288989,0.445826,-0.54305,0.116957,-0.701895,-17.381601,127.335953,0.347224,0.119417,-0.020596,-0.585673,-0.801438,-8.256543,111.881187,-15.337491,0.175604,0.043116,-0.58668,-0.789374,-0.957211,133.650192,-19.367769,-0.168529,0.921562,0.139254,0.320827,-2.520884,125.310768,21.172472,0.333442,0.868828,0.139738,-0.338272,10.830438,129.317352,32.729782,-0.015602,0.226358,0.455226,-0.86098,23.910776,117.7603,16.498137,0.075602,0.079274,0.375209,-0.920444,13.062647,135.522568,8.063758,0.04351,0.885547,0.079958,0.455544,-7.689671,90.483414,7.130691,0.080959,0.926262,-0.029859,0.366869,-7.846093,53.964848,0.39997,-0.020284,0.946357,0.021865,0.321744,-16.067007,6.849471,0.204456,-0.063562,0.897297,-0.089911,0.427474,3.637872,90.197357,22.404041,-0.011285,0.883924,-0.135155,0.447531,5.019229,53.963806,30.413666,-0.07421,0.870495,-0.069604,0.481546,0.187568,7.895705,42.324394,-0.020284,0.946357,0.021865,0.321744,-7.069536,1.456172,-11.2672,-0.07421,0.870495,-0.069604,0.481546,12.676946,1.133928,36.004993
17,0.141667,0.00499,0.893278,0.006904,0.449424,-2.023944,90.338425,14.766437,-0.012739,0.898662,0.078205,0.431426,-2.002817,98.134521,14.897587,-0.022105,0.902101,0.056504,0.427238,-3.349443,112.847694,16.828182,0.059657,0.943444,-0.031597,0.324587,-4.986595,131.280731,18.370514,0.016825,0.975649,-0.091559,0.198601,-1.867613,145.698029,16.565365,0.008623,0.876082,0.098842,0.471843,-7.336926,125.3759,15.286732,0.445661,-0.543198,0.117146,-0.701854,-17.378975,127.33847,0.347267,0.119377,-0.020812,-0.585463,-0.801592,-8.263685,111.878738,-15.338242,0.175614,0.042948,-0.586348,-0.789627,-0.953356,133.642899,-19.374487,-0.168865,0.921544,0.139227,0.320714,-2.514438,125.312004,21.169342,0.333253,0.869047,0.139648,-0.337931,10.83539,129.330597,32.724209,-0.015402,0.226512,0.454889,-0.861122,23.932716,117.774162,16.505825,0.075701,0.079198,0.375106,-0.920485,13.074973,135.522598,8.060577,0.043479,0.885592,0.079973,0.455457,-7.691068,90.482208,7.132261,0.080952,0.926296,-0.029844,0.366786,-7.845556,53.963619,0.401624,-0.020329,0.946386,0.021852,0.321657,-16.06543,6.848064,0.205731,-0.063504,0.89751,-0.089546,0.427111,3.643181,90.194641,22.400612,-0.011261,0.883605,-0.135425,0.448079,5.035696,53.955681,30.38381,-0.073193,0.870343,-0.069334,0.482015,0.183051,7.894504,42.312782,-0.020329,0.946386,0.021852,0.321657,-7.069613,1.454822,-11.267252,-0.073193,0.870343,-0.069334,0.482015,12.669532,1.124417,35.996552
18,0.15,0.005112,0.893369,0.006873,0.449242,-2.024326,90.338203,14.76388,-0.012588,0.898709,0.078235,0.431327,-2.001265,98.134293,14.89545,-0.022106,0.902138,0.056378,0.427177,-3.344085,112.848244,16.829065,0.059773,0.943399,-0.031778,0.324676,-4.979194,131.281799,18.36727,0.016612,0.975554,-0.092404,0.198695,-1.855046,145.69754,16.558651,0.008638,0.876042,0.099642,0.471749,-7.330529,125.376488,15.285198,0.445444,-0.54346,0.117476,-0.701733,-17.375786,127.352867,0.349714,0.119294,-0.02117,-0.585157,-0.801818,-8.277781,111.88282,-15.335666,0.175555,0.042678,-0.586017,-0.789901,-0.952156,133.63765,-19.381142,-0.16907,0.921551,0.139101,0.320639,-2.507253,125.313499,21.167173,0.33319,0.869188,0.1393,-0.337775,10.841812,129.340805,32.719891,-0.015403,0.226695,0.45479,-0.861126,23.946173,117.778099,16.511658,0.075862,0.079216,0.374967,-0.920527,13.087916,135.5233,8.059037,0.043443,0.885562,0.07997,0.45552,-7.694541,90.48378,7.132032,0.080922,0.92625,-0.029843,0.366909,-7.846346,53.964912,0.402797,-0.020333,0.94639,0.021811,0.321646,-16.06353,6.848889,0.206804,-0.063494,0.89758,-0.089575,0.426961,3.645889,90.192635,22.395727,-0.011281,0.883569,-0.135475,0.448135,5.038115,53.953957,30.380281,-0.073504,0.870335,-0.069465,0.481964,0.184217,7.894123,42.313915,-0.020333,0.94639,0.021811,0.321646,-7.068063,1.454547,-11.265936,-0.073504,0.870335,-0.069465,0.481964,12.672803,1.125769,35.999985
19,0.158333,0.005078,0.893451,0.006833,0.449081,-2.020398,90.338234,14.763969,-0.012497,0.89878,0.078222,0.431185,-1.997491,98.134338,14.894734,-0.022173,0.902202,0.056259,0.427054,-3.33761,112.850548,16.829638,0.059896,0.943377,-0.031748,0.324723,-4.972876,131.284485,18.36306,0.01646,0.975461,-0.093328,0.198731,-1.845448,145.699783,16.55666,0.008781,0.87614,0.09947,0.471601,-7.324843,125.378227,15.28328,0.445379,-0.543766,0.117464,-0.701539,-17.375053,127.355705,0.351274,0.11924,-0.021371,-0.584882,-0.802022,-8.292798,111.882332,-15.339936,0.175452,0.042379,-0.585823,-0.790084,-0.951944,133.633072,-19.390444,-0.169016,0.921592,0.139112,0.320548,-2.500013,125.317047,21.163998,0.33311,0.869276,0.139151,-0.337689,10.851845,129.343124,32.713909,-0.015484,0.22676,0.454725,-0.861142,23.961512,117.779373,16.510725,0.075882,0.079158,0.374735,-0.920625,13.101331,135.524277,8.056584,0.043427,0.885895,0.079724,0.454915,-7.693369,90.48288,7.134154,0.080852,0.926559,-0.029549,0.366167,-7.85706,53.960991,0.421646,-0.02038,0.946423,0.022009,0.321534,-16.057983,6.842208,0.208673,-0.06342,0.897651,-0.089717,0.426791,3.652574,90.193596,22.393784,-0.011219,0.883704,-0.135429,0.447885,5.036862,53.956116,30.385143,-0.073319,0.870326,-0.069374,0.482021,0.183081,7.894951,42.313679,-0.02038,0.946423,0.022009,0.321534,-7.064071,1.45372,-11.268033,-0.073319,0.870326,-0.069374,0.482021,12.670897,1.125947,35.998928
20,0.166667,0.005106,0.89354,0.006793,0.448903,-2.018875,90.339745,14.762977,-0.012396,0.898805,0.078214,0.431137,-1.995272,98.135849,14.893373,-0.022124,0.902209,0.056167,0.427054,-3.332597,112.853745,16.829645,0.060195,0.943319,-0.031796,0.32483,-4.964762,131.288147,18.360785,0.016137,0.975378,-0.094271,0.198724,-1.828292,145.701736,16.556433,0.0088,0.876224,0.099385,0.471463,-7.317744,125.381897,15.281757,0.44517,-0.544065,0.117562,-0.701424,-17.372683,127.35804,0.352754,0.119027,-0.021683,-0.584665,-0.802203,-8.307017,111.881111,-15.344556,0.175289,0.042055,-0.585607,-0.790297,-0.955213,133.626389,-19.399759,-0.16925,0.921588,0.139003,0.32048,-2.492878,125.320641,21.162447,0.33319,0.869365,0.139162,-0.337377,10.857676,129.35614,32.710587,-0.015294,0.226899,0.454634,-0.861157,23.974848,117.785751,16.518202,0.075965,0.079233,0.37462,-0.920658,13.113944,135.525284,8.054738,0.043564,0.88564,0.079969,0.455355,-7.694882,90.484505,7.135421,0.080799,0.926249,-0.029829,0.36694,-7.855896,53.966415,0.402227,-0.020302,0.9464,0.021866,0.321615,-16.061697,6.848395,0.209111,-0.063362,0.897771,-0.089702,0.426552,3.657133,90.194984,22.390533,-0.011226,0.883642,-0.135516,0.44798,5.040153,53.956749,30.378687,-0.074251,0.870341,-0.069706,0.481803,0.181992,7.897851,42.314224,-0.020302,0.9464,0.021866,0.321615,-7.067122,1.455256,-11.264895,-0.074251,0.870341,-0.069706,0.481803,12.675407,1.135201,36.003738
21,0.175,0.005179,0.893605,0.00676,0.448773,-2.018794,90.340378,14.761247,-0.012434,0.898826,0.07824,0.431087,-1.993926,98.136475,14.891699,-0.022061,0.90223,0.056022,0.427031,-3.33266,112.855843,16.828468,0.060303,0.943306,-0.031896,0.324838,-4.9604,131.290955,18.355789,0.016061,0.975324,-0.09502,0.198638,-1.820016,145.703491,16.549759,0.008896,0.876295,0.099285,0.47135,-7.314953,125.384605,15.278156,0.445053,-0.544388,0.117624,-0.701237,-17.373678,127.361725,0.35183,0.118887,-0.021903,-0.584382,-0.802424,-8.325439,111.879959,-15.350758,0.175128,0.041655,-0.585475,-0.790452,-0.958623,133.619705,-19.409061,-0.169363,0.921617,0.138919,0.320375,-2.489752,125.323463,21.158571,0.333139,0.869479,0.138885,-0.337248,10.861858,129.36438,32.703594,-0.015393,0.227054,0.454563,-0.861151,23.98481,117.78904,16.519445,0.075764,0.078918,0.374514,-0.920745,13.123088,135.528564,8.05115,0.043582,0.885681,0.079874,0.455291,-7.697011,90.486092,7.135355,0.080775,0.926278,-0.029721,0.366882,-7.862918,53.966991,0.407745,-0.02044,0.946387,0.021834,0.321647,-16.062838,6.84798,0.206375,-0.063323,0.897758,-0.08996,0.42653,3.659424,90.194664,22.387138,-0.011222,0.88385,-0.13535,0.44762,5.031748,53.959511,30.39113,-0.073282,0.870365,-0.069355,0.481958,0.185225,7.896307,42.314743,-0.02044,0.946387,0.021834,0.321647,-7.066093,1.455323,-11.266155,-0.073282,0.870365,-0.069355,0.481958,12.671722,1.126964,35.997749
22,0.183333,0.005244,0.893681,0.00677,0.448622,-2.020244,90.339264,14.758955,-0.012318,0.898858,0.078142,0.431041,-1.994532,98.135345,14.889993,-0.022102,0.902242,0.055868,0.427025,-3.329033,112.857559,16.826025,0.060485,0.943262,-0.032158,0.324906,-4.955692,131.293243,18.347553,0.015916,0.975271,-0.095535,0.198663,-1.807667,145.703476,16.536383,0.009022,0.876397,0.099187,0.471179,-7.310619,125.386063,15.271807,0.445007,-0.544567,0.117759,-0.701105,-17.375111,127.364922,0.349602,0.118758,-0.022238,-0.584243,-0.802535,-8.337715,111.87677,-15.352941,0.174982,0.041207,-0.585349,-0.790601,-0.964237,133.612076,-19.419527,-0.169329,0.921661,0.13869,0.320364,-2.485359,125.326492,21.152191,0.333032,0.86964,0.138382,-0.337144,10.866925,129.369278,32.695778,-0.015532,0.227314,0.45447,-0.86113,23.996622,117.787025,16.522043,0.076049,0.079377,0.374437,-0.920713,13.136765,135.523468,8.04701,0.043528,0.885711,0.079852,0.455241,-7.701017,90.486137,7.134987,0.080778,0.926347,-0.029656,0.366711,-7.864522,53.966427,0.410657,-0.02044,0.946389,0.021844,0.321641,-16.062525,6.847105,0.204994,-0.063266,0.897876,-0.089793,0.426325,3.660529,90.192383,22.382923,-0.01135,0.883847,-0.135568,0.447556,5.036274,53.954475,30.373812,-0.0762,0.870351,-0.07038,0.481383,0.192042,7.897207,42.321259,-0.02044,0.946389,0.021844,0.321641,-7.065909,1.454709,-11.267763,-0.0762,0.870351,-0.07038,0.481383,12.697835,1.148474,36.020401
23,0.191667,0.005272,0.893745,0.006774,0.448493,-2.018143,90.339172,14.756306,-0.012295,0.898896,0.078137,0.430964,-1.992042,98.135254,14.887582,-0.022104,0.902274,0.055779,0.426969,-3.325958,112.860535,16.824284,0.060675,0.943247,-0.032233,0.324909,-4.951163,131.296585,18.342937,0.015822,0.975223,-0.096192,0.198585,-1.797197,145.70549,16.531546,0.009136,0.876491,0.098992,0.471042,-7.306878,125.389053,15.268469,0.444895,-0.544761,0.117874,-0.701006,-17.375967,127.367737,0.349343,0.118713,-0.022333,-0.584259,-0.802527,-8.349917,111.875107,-15.355301,0.175312,0.041183,-0.585328,-0.790545,-0.977507,133.610199,-19.424227,-0.169292,0.921688,0.138523,0.320377,-2.480892,125.330139,21.148264,0.33301,0.869728,0.138255,-0.336991,10.871531,129.373734,32.69141,-0.015722,0.227631,0.45443,-0.861064,24.006821,117.78791,16.524775,0.075826,0.07939,0.373669,-0.921042,13.151781,135.523682,8.041967,0.043576,0.885721,0.079797,0.455227,-7.70111,90.486549,7.133984,0.080759,0.926312,-0.029643,0.366803,-7.869748,53.966499,0.411631,-0.02056,0.946379,0.021849,0.321663,-16.065607,6.846809,0.204613,-0.063235,0.897936,-0.090058,0.426148,3.664823,90.191795,22.378626,-0.011304,0.883964,-0.135494,0.447349,5.031529,53.95713,30.385748,-0.074232,0.870516,-0.069578,0.481509,0.189415,7.897836,42.326248,-0.02056,0.946379,0.021849,0.321663,-7.067139,1.455715,-11.2673,-0.074232,0.870516,-0.069578,0.481509,12.678591,1.136877,36.005566
24,0.2,0.00531,0.893797,0.006748,0.448389,-2.019326,90.340408,14.755635,-0.012218,0.898952,0.077967,0.43088,-1.992494,98.13649,14.886827,-0.022028,0.90232,0.055745,0.426879,-3.321941,112.862106,16.820059,0.060691,0.943262,-0.032312,0.324854,-4.943935,131.298416,18.338945,0.015782,0.975186,-0.096755,0.1985,-1.78898,145.706818,16.525278,0.009175,0.876589,0.098927,0.470874,-7.301218,125.391243,15.265003,0.444998,-0.545013,0.117907,-0.700739,-17.37602,127.369499,0.349677,0.118722,-0.022657,-0.584142,-0.802602,-8.363441,111.869255,-15.355195,0.175374,0.040749,-0.585122,-0.790706,-0.985461,133.599777,-19.43586,-0.169336,0.921696,0.138356,0.320404,-2.474015,125.331604,21.143791,0.333034,0.869742,0.138166,-0.336969,10.877253,129.37851,32.687115,-0.015353,0.227353,0.454477,-0.861119,24.012491,117.789909,16.522419,0.076408,0.079081,0.374534,-0.920669,13.152608,135.52652,8.04143,0.04369,0.885893,0.07953,0.454929,-7.704064,90.488228,7.134641,0.080636,0.926428,-0.029385,0.366559,-7.891549,53.965748,0.425937,-0.020687,0.946351,0.021931,0.321731,-16.067652,6.8427,0.20256,-0.063252,0.897892,-0.090185,0.426212,3.665412,90.192596,22.376629,-0.011311,0.88399,-0.135412,0.447322,5.02861,53.959793,30.392773,-0.076135,0.870405,-0.070206,0.481322,0.190949,7.898384,42.326931,-0.020687,0.946351,0.021931,0.321731,-7.065911,1.455124,-11.268436,-0.076135,0.870405,-0.070206,0.481322,12.695887,1.152407,36.021412
25,0.208333,0.005312,0.893933,0.006898,0.448117,-2.020844,90.3442,14.754862,-0.012149,0.89902,0.077836,0.430764,-1.995003,98.140251,14.888141,-0.021959,0.902362,0.05564,0.426809,-3.320516,112.864708,16.818722,0.061106,0.943238,-0.032606,0.324817,-4.938417,131.301575,18.335333,0.01554,0.97518,-0.097156,0.19835,-1.769487,145.70636,16.517389,0.009322,0.876704,0.098633,0.470718,-7.29744,125.394455,15.262593,0.444992,-0.545231,0.118098,-0.700541,-17.377445,127.371834,0.35066,0.118758,-0.022957,-0.584001,-0.802691,-8.378349,111.861847,-15.352325,0.175609,0.040344,-0.58503,-0.790743,-0.993258,133.587967,-19.444572,-0.169325,0.921735,0.138206,0.320362,-2.469277,125.334618,21.140596,0.333139,0.869748,0.138142,-0.336858,10.883101,129.383362,32.682003,-0.015165,0.227343,0.454499,-0.861113,24.018591,117.7892,16.521503,0.076598,0.078965,0.374477,-0.920687,13.159232,135.524963,8.036952,0.043671,0.885913,0.07952,0.454893,-7.710228,90.493286,7.137358,0.080609,0.926534,-0.029323,0.366303,-7.897064,53.970573,0.429974,-0.020636,0.946346,0.021918,0.321751,-16.068695,6.846767,0.204331,-0.063234,0.897856,-0.090281,0.426269,3.66854,90.195122,22.372364,-0.011339,0.883938,-0.135387,0.447432,5.027013,53.963436,30.394352,-0.076109,0.870386,-0.070175,0.481363,0.191312,7.901454,42.327095,-0.020636,0.946346,0.021918,0.321751,-7.067054,1.458347,-11.266353,-0.076109,0.870386,-0.070175,0.481363,12.696775,1.155929,36.022133
26,0.216667,0.005283,0.893975,0.006874,0.448034,-2.021255,90.347015,14.757683,-0.01226,0.899061,0.07773,0.430693,-1.995627,98.143074,14.890428,-0.021841,0.902409,0.055552,0.426726,-3.32256,112.867401,16.816774,0.061315,0.943238,-0.032773,0.324759,-4.93496,131.304825,18.332462,0.01544,0.975161,-0.097616,0.198224,-1.75894,145.707687,16.511673,0.009447,0.876811,0.098552,0.470532,-7.296257,125.39817,15.260588,0.445061,-0.545335,0.118337,-0.700376,-17.382538,127.37751,0.353162,0.11896,-0.023324,-0.583846,-0.802763,-8.391534,111.856476,-15.343544,0.175841,0.040036,-0.585192,-0.790587,-0.998545,133.577301,-19.45438,-0.169336,0.921783,0.138154,0.320242,-2.466948,125.337364,21.137636,0.333191,0.869785,0.138085,-0.336734,10.888099,129.387955,32.675301,-0.015009,0.227321,0.454503,-0.861119,24.025906,117.78933,16.519886,0.076859,0.078874,0.374388,-0.920709,13.166293,135.523697,8.033028,0.043661,0.885942,0.079549,0.454834,-7.712053,90.495415,7.141223,0.08071,0.926541,-0.029306,0.366263,-7.897659,53.972977,0.43229,-0.020549,0.946279,0.021895,0.321955,-16.077597,6.85063,0.201918,-0.063218,0.897953,-0.090215,0.426081,3.669544,90.198616,22.374142,-0.01134,0.883856,-0.135439,0.447578,5.030711,53.965889,30.390968,-0.076183,0.870386,-0.070222,0.481346,0.190921,7.905254,42.327221,-0.020549,0.946279,0.021895,0.321955,-7.072075,1.460816,-11.265065,-0.076183,0.870386,-0.070222,0.481346,12.696721,1.159771,36.022884
27,0.225,0.005298,0.894018,0.006941,0.447947,-2.020105,90.346519,14.754974,-0.012103,0.899089,0.077625,0.430659,-1.994724,98.142563,14.888747,-0.021873,0.902418,0.055465,0.426716,-3.316177,112.869156,16.814583,0.061704,0.943275,-0.032519,0.324603,-4.928274,131.306885,18.326878,0.015372,0.975203,-0.098329,0.197671,-1.744455,145.709305,16.516113,0.00955,0.876939,0.098295,0.470347,-7.28972,125.399689,15.25615,0.445211,-0.545427,0.118522,-0.700178,-17.382231,127.377296,0.352716,0.11914,-0.023638,-0.583823,-0.802744,-8.398103,111.845352,-15.337136,0.176356,0.039458,-0.585248,-0.790459,-1.004582,133.562744,-19.464449,-0.169353,0.921793,0.137954,0.320289,-2.460294,125.339912,21.133112,0.333372,0.869755,0.138028,-0.336656,10.89343,129.393204,32.671345,-0.014745,0.22739,0.454641,-0.861033,24.027967,117.786118,16.51936,0.077134,0.078564,0.37424,-0.920773,13.175768,135.520813,8.025672,0.043662,0.885988,0.079497,0.454751,-7.712385,90.49572,7.139641,0.080739,0.926595,-0.02927,0.366124,-7.900495,53.972672,0.434068,-0.020528,0.946244,0.021933,0.322055,-16.081789,6.850567,0.200725,-0.063232,0.897858,-0.090374,0.426246,3.672176,90.197319,22.370308,-0.011303,0.883904,-0.135404,0.447496,5.0277,53.966858,30.398312,-0.07627,0.870392,-0.070206,0.481323,0.187377,7.905227,42.330524,-0.020528,0.946244,0.021933,0.322055,-7.073976,1.461607,-11.264853,-0.07627,0.870392,-0.070206,0.481323,12.693882,1.161382,36.025845
28,0.233333,0.005285,0.894029,0.006802,0.447927,-2.023917,90.348747,14.757848,-0.011992,0.899144,0.077424,0.430582,-1.997756,98.144821,14.8896,-0.021813,0.902473,0.055403,0.426611,-3.313386,112.871124,16.811478,0.061983,0.943281,-0.032699,0.324514,-4.922302,131.309204,18.322836,0.015221,0.975207,-0.098676,0.197491,-1.72947,145.709274,16.509399,0.009694,0.877135,0.098047,0.470028,-7.285383,125.402153,15.253096,0.445428,-0.545585,0.118619,-0.6999,-17.388626,127.379059,0.356844,0.119344,-0.023986,-0.583638,-0.802838,-8.413822,111.836433,-15.327766,0.176557,0.038855,-0.58519,-0.790488,-1.011196,133.546753,-19.472622,-0.169357,0.921812,0.137841,0.320283,-2.454566,125.342056,21.128908,0.333523,0.869717,0.137832,-0.336686,10.899255,129.396957,32.66647,-0.014587,0.227436,0.454699,-0.860993,24.02804,117.781258,16.515999,0.0772,0.078375,0.374222,-0.92079,13.17865,135.516525,8.017442,0.043637,0.886021,0.079522,0.454685,-7.716538,90.496536,7.142744,0.080782,0.926607,-0.02928,0.366084,-7.902659,53.973625,0.436381,-0.019539,0.946235,0.022467,0.322108,-16.088102,6.852248,0.202748,-0.063227,0.897847,-0.090373,0.42627,3.668705,90.200951,22.372952,-0.011295,0.883882,-0.135353,0.447554,5.023713,53.970432,30.400816,-0.076156,0.870366,-0.070187,0.48139,0.184066,7.907471,42.328167,-0.019539,0.946235,0.022467,0.322108,-7.088061,1.468442,-11.27135,-0.076156,0.870366,-0.070187,0.48139,12.690428,1.162502,36.02441
29,0.241667,0.005894,0.8941,0.006446,0.447782,-2.051477,90.360397,14.760503,-0.011678,0.8992,0.077146,0.430524,-2.014312,98.156441,14.891537,-0.021712,0.902504,0.05532,0.426562,-3.317089,112.8759,16.809065,0.062194,0.943316,-0.03289,0.324353,-4.921221,131.314499,18.31934,0.015266,0.975247,-0.098947,0.197156,-1.721384,145.712524,16.501934,0.009853,0.877292,0.097771,0.469791,-7.286153,125.407814,15.250299,0.445733,-0.545663,0.118813,-0.699613,-17.397388,127.38427,0.359403,0.119646,-0.024368,-0.583467,-0.802905,-8.428807,111.82724,-15.314484,0.17673,0.038314,-0.585203,-0.790466,-1.017598,133.530945,-19.48107,-0.169278,0.92189,0.137751,0.320138,-2.454628,125.346924,21.125525,0.333866,0.869616,0.137444,-0.336765,10.903521,129.401428,32.658218,-0.014547,0.227532,0.454964,-0.860828,24.018858,117.767403,16.510017,0.077302,0.078295,0.374092,-0.920842,13.181427,135.510559,8.008121,0.043324,0.885933,0.079617,0.45487,-7.746436,90.515503,7.147289,0.08075,0.926699,-0.029138,0.365868,-7.907354,53.991699,0.445151,-0.019533,0.946275,0.022049,0.322018,-16.085068,6.869027,0.202037,-0.063515,0.897786,-0.090277,0.426377,3.643482,90.205292,22.373718,-0.011307,0.883911,-0.135286,0.447517,5.019753,53.976189,30.404383,-0.076212,0.870352,-0.070256,0.481398,0.184519,7.911518,42.326931,-0.019533,0.946275,0.022049,0.322018,-7.088578,1.473634,-11.269411,-0.076212,0.870352,-0.070256,0.481398,12.69131,1.165879,36.024731
30,0.25,0.005878,0.894127,0.00655,0.447727,-2.050019,90.361084,14.758793,-0.011766,0.899272,0.077044,0.430391,-2.013788,98.157104,14.891156,-0.021545,0.902595,0.055283,0.426383,-3.317438,112.878052,16.805162,0.062127,0.943384,-0.033234,0.324134,-4.915127,131.317062,18.317184,0.015418,0.975269,-0.099068,0.196972,-1.71474,145.713547,16.488655,0.009978,0.877498,0.097433,0.469473,-7.283203,125.411293,15.248789,0.445973,-0.545741,0.118927,-0.699379,-17.405134,127.384949,0.364797,0.119905,-0.02478,-0.583326,-0.802957,-8.44193,111.817528,-15.301837,0.177004,0.03769,-0.585188,-0.790446,-1.02443,133.513458,-19.489923,-0.169439,0.921981,0.137897,0.319727,-2.449242,125.348541,21.121988,0.334157,0.869544,0.137303,-0.336721,10.916452,129.409332,32.643711,-0.01429,0.227342,0.455009,-0.860859,24.023945,117.761887,16.498821,0.077443,0.078187,0.374042,-0.920859,13.184253,135.50502,7.9986,0.043383,0.885935,0.079578,0.454868,-7.74592,90.5168,7.146297,0.080753,0.926527,-0.029184,0.3663,-7.912037,53.992905,0.444787,-0.019472,0.946215,0.02214,0.322192,-16.091459,6.870529,0.201795,-0.063506,0.897857,-0.090245,0.426235,3.645883,90.205368,22.371288,-0.011304,0.883817,-0.135368,0.447677,5.023833,53.97575,30.399317,-0.076192,0.870342,-0.070175,0.481431,0.182648,7.913202,42.327648,-0.019472,0.946215,0.02214,0.322192,-7.09117,1.477108,-11.267595,-0.076192,0.870342,-0.070175,0.481431,12.690124,1.169203,36.025066
31,0.258333,0.005855,0.894138,0.006484,0.447707,-2.050908,90.364357,14.76103,-0.011776,0.899309,0.076843,0.430349,-2.014539,98.1604,14.892323,-0.021451,0.902629,0.055272,0.426316,-3.315967,112.884438,16.801197,0.062222,0.943427,-0.033515,0.323961,-4.91022,131.323639,18.314449,0.015505,0.975308,-0.099223,0.196694,-1.705236,145.71814,16.478294,0.010011,0.877616,0.097259,0.469288,-7.279807,125.418457,15.246117,0.446172,-0.545916,0.119191,-0.699071,-17.408024,127.389587,0.366066,0.120062,-0.025206,-0.58315,-0.803048,-8.456888,111.806198,-15.291604,0.17716,0.03709,-0.584961,-0.790607,-1.030988,133.495026,-19.498928,-0.169152,0.922067,0.137678,0.319725,-2.444923,125.354553,21.118544,0.334242,0.869473,0.137275,-0.336831,10.924351,129.408844,32.638409,-0.013934,0.227143,0.455047,-0.860897,24.025593,117.759232,16.49,0.0778,0.077905,0.374404,-0.920706,13.18298,135.501465,7.989532,0.043354,0.885938,0.079621,0.454857,-7.747147,90.519127,7.148769,0.080802,0.926562,-0.029167,0.366201,-7.910011,53.995556,0.44538,-0.019286,0.946218,0.022231,0.322188,-16.093231,6.873846,0.200001,-0.063487,0.897677,-0.090374,0.426588,3.645331,90.209587,22.373291,-0.011435,0.883716,-0.13523,0.447915,5.014704,53.981518,30.409756,-0.075151,0.870396,-0.0693,0.481623,0.187336,7.915679,42.330959,-0.019286,0.946218,0.022231,0.322188,-7.09477,1.481151,-11.271162,-0.075151,0.870396,-0.0693,0.481623,12.690255,1.175951,36.014778
32,0.266667,0.005831,0.894142,0.006457,0.4477,-2.051513,90.365509,14.762208,-0.011847,0.899334,0.07675,0.430311,-2.01529,98.161552,14.892952,-0.021352,0.902664,0.055209,0.426256,-3.317534,112.88797,16.798777,0.062129,0.943517,-0.033656,0.323702,-4.90735,131.327576,18.311625,0.015874,0.975367,-0.099379,0.196294,-1.704542,145.721802,16.4695,0.010141,0.87779,0.096702,0.469074,-7.278739,125.422836,15.243848,0.446345,-0.546001,0.119375,-0.698863,-17.414116,127.387955,0.367884,0.120232,-0.025594,-0.58303,-0.803097,-8.469511,111.793343,-15.282324,0.177412,0.036503,-0.584712,-0.790762,-1.038496,133.475189,-19.507885,-0.169143,0.922122,0.137582,0.319614,-2.443003,125.358032,21.115561,0.334404,0.869457,0.136928,-0.336852,10.928934,129.414001,32.631729,-0.013535,0.227241,0.455067,-0.860867,24.024307,117.752495,16.487152,0.077832,0.077061,0.374565,-0.920709,13.185282,135.489594,7.975675,0.0435,0.885937,0.079486,0.454868,-7.747882,90.51963,7.150034,0.080296,0.926752,-0.029074,0.36584,-7.924837,53.995407,0.450575,-0.019206,0.94648,0.022552,0.321401,-16.06039,6.865382,0.218057,-0.063469,0.897563,-0.090353,0.426836,3.644856,90.21138,22.374382,-0.011467,0.88363,-0.13522,0.448087,5.011509,53.982872,30.40933,-0.075272,0.870374,-0.069292,0.481645,0.185016,7.916832,42.33012,-0.019206,0.94648,0.022552,0.321401,-7.080699,1.480494,-11.271462,-0.075272,0.870374,-0.069292,0.481645,12.68972,1.17928,36.015163
33,0.275,0.005732,0.894166,0.00659,0.44765,-2.050011,90.36393,14.760902,-0.011733,0.899373,0.076694,0.430242,-2.016089,98.159973,14.892812,-0.021381,0.902703,0.055067,0.42619,-3.314517,112.888,16.798861,0.062079,0.943578,-0.033883,0.323509,-4.90295,131.328156,18.306604,0.016116,0.975416,-0.09943,0.196004,-1.700105,145.72139,16.45686,0.010215,0.877898,0.096604,0.468892,-7.275148,125.422684,15.24087,0.446588,-0.546441,0.119339,-0.698369,-17.416672,127.387878,0.369105,0.120441,-0.025752,-0.582659,-0.80333,-8.494607,111.781563,-15.282303,0.177588,0.035943,-0.584464,-0.790932,-1.044036,133.453934,-19.517513,-0.169152,0.922164,0.137315,0.319604,-2.438584,125.359261,21.111917,0.334595,0.869375,0.136804,-0.336926,10.93349,129.418945,32.626625,-0.013076,0.22709,0.455104,-0.860895,24.020451,117.749359,16.481066,0.078222,0.076725,0.374695,-0.920651,13.1796,135.484085,7.965588,0.043538,0.885875,0.079465,0.454988,-7.747252,90.517509,7.14937,0.08029,0.926689,-0.029087,0.365999,-7.926481,53.993286,0.449972,-0.019139,0.946486,0.022722,0.321374,-16.061939,6.863242,0.217342,-0.063486,0.897619,-0.090329,0.42672,3.647231,90.210358,22.372435,-0.0114,0.883509,-0.135283,0.448307,5.016838,53.981678,30.406147,-0.0757,0.870286,-0.069341,0.48173,0.178967,7.917139,42.328125,-0.019139,0.946486,0.022722,0.321374,-7.083088,1.482382,-11.274726,-0.0757,0.870286,-0.069341,0.48173,12.689693,1.185501,36.018784
34,0.283333,0.005689,0.894174,0.006557,0.447636,-2.049644,90.363136,14.762722,-0.011692,0.899396,0.076641,0.430206,-2.016078,98.159187,14.893864,-0.021389,0.902729,0.054942,0.426151,-3.312814,112.889244,16.799311,0.062237,0.943632,-0.034001,0.323309,-4.899487,131.329895,18.302826,0.016302,0.97548,-0.099577,0.195594,-1.691935,145.721741,16.450396,0.010309,0.87806,0.096345,0.468638,-7.272476,125.423897,15.238699,0.44687,-0.546628,0.119458,-0.698022,-17.422523,127.386856,0.372453,0.120715,-0.026136,-0.582471,-0.803413,-8.511519,111.767235,-15.271979,0.17779,0.035496,-0.584097,-0.791177,-1.052381,133.430252,-19.527647,-0.169187,0.922205,0.137125,0.319546,-2.435401,125.361443,21.109337,0.334877,0.869267,0.136681,-0.336974,10.937576,129.425034,32.62162,-0.012633,0.227036,0.455232,-0.860848,24.013966,117.74379,16.47592,0.078565,0.07644,0.374825,-0.920592,13.177281,135.477798,7.954076,0.043648,0.885934,0.079441,0.454868,-7.747127,90.515694,7.151348,0.080248,0.926686,-0.029063,0.366018,-7.935364,53.991898,0.449889,-0.019604,0.946465,0.02258,0.321418,-16.066265,6.86107,0.216451,-0.063391,0.897449,-0.090455,0.427065,3.647838,90.210571,22.374096,-0.0115,0.883517,-0.135165,0.448326,5.003957,53.982689,30.413679,-0.075738,0.870318,-0.069322,0.481668,0.179328,7.915312,42.330086,-0.019604,0.946465,0.02258,0.321418,-7.08176,1.480778,-11.271465,-0.075738,0.870318,-0.069322,0.481668,12.689583,1.18448,36.018944
35,0.291667,0.005689,0.894176,0.006485,0.447632,-2.052383,90.364761,14.764747,-0.011729,0.899429,0.076638,0.430135,-2.018326,98.160828,14.894877,-0.02139,0.902779,0.054832,0.426059,-3.315921,112.89151,16.799963,0.060682,0.943773,-0.035135,0.323074,-4.900731,131.332611,18.299952,0.017519,0.975449,-0.09904,0.195916,-1.726352,145.725662,16.400311,0.010465,0.878103,0.096,0.468625,-7.274842,125.42617,15.23754,0.446774,-0.546839,0.119911,-0.697841,-17.42524,127.388206,0.37141,0.120751,-0.026575,-0.58222,-0.803575,-8.530382,111.752556,-15.266212,0.177899,0.035129,-0.583971,-0.791262,-1.058671,133.408234,-19.538139,-0.169035,0.922329,0.136852,0.319388,-2.436579,125.364532,21.107206,0.334919,0.869231,0.13628,-0.337185,10.941934,129.42775,32.61319,-0.012388,0.226882,0.455251,-0.860882,24.010202,117.74025,16.465437,0.078929,0.076028,0.375043,-0.920507,13.171181,135.473099,7.944207,0.043655,0.885899,0.079447,0.454935,-7.749933,90.516701,7.153411,0.080236,0.926565,-0.02909,0.366324,-7.937871,53.993011,0.451319,-0.019394,0.946457,0.022636,0.321452,-16.06863,6.862164,0.218066,-0.063336,0.897587,-0.090567,0.426759,3.645167,90.212822,22.376083,-0.011516,0.88352,-0.135061,0.448351,4.996765,53.985931,30.420843,-0.075581,0.870289,-0.069176,0.481767,0.17761,7.915893,42.329128,-0.019394,0.946457,0.022636,0.321452,-7.085399,1.481423,-11.270637,-0.075581,0.870289,-0.069176,0.481767,12.68837,1.186264,36.017712
36,0.3,0.005531,0.894198,0.006601,0.447589,-2.047003,90.368675,14.767577,-0.011798,0.899448,0.076568,0.430106,-2.015944,98.164749,14.898229,-0.021364,0.902799,0.054714,0.426033,-3.314209,112.89296,16.800238,0.061545,0.943779,-0.034999,0.322907,-4.89625,131.334579,18.296749,0.017309,0.975545,-0.099352,0.195301,-1.699983,145.724258,16.408379,0.010574,0.878231,0.095846,0.468414,-7.27141,125.427887,15.235631,0.447039,-0.547168,0.119947,-0.697407,-17.428871,127.390114,0.374344,0.121033,-0.026853,-0.581908,-0.803749,-8.551597,111.741829,-15.260631,0.178051,0.034709,-0.583819,-0.791359,-1.063684,133.388397,-19.549047,-0.169032,0.922394,0.136553,0.319328,-2.432786,125.366684,21.105009,0.335136,0.869131,0.136282,-0.337227,10.947132,129.43396,32.607937,-0.011971,0.226719,0.455317,-0.860896,24.007116,117.73938,16.458603,0.079256,0.075727,0.374993,-0.920524,13.167186,135.47113,7.934875,0.043661,0.885863,0.079507,0.454993,-7.74533,90.518929,7.156785,0.080378,0.926653,-0.029114,0.366068,-7.931223,53.995991,0.45054,-0.019353,0.946433,0.022648,0.321522,-16.075319,6.867451,0.21668,-0.06321,0.897591,-0.090644,0.426753,3.651324,90.218422,22.378368,-0.011579,0.883389,-0.134999,0.448626,4.992152,53.991379,30.424267,-0.075759,0.870269,-0.069301,0.481757,0.177337,7.919872,42.328674,-0.019353,0.946433,0.022648,0.321522,-7.090807,1.486643,-11.270995,-0.075759,0.870269,-0.069301,0.481757,12.689352,1.190141,36.019836
37,0.308333,0.005489,0.894209,0.006662,0.447567,-2.046345,90.369835,14.769161,-0.011858,0.899443,0.07653,0.430122,-2.0163,98.165909,14.900362,-0.021335,0.902796,0.054552,0.426061,-3.316159,112.899414,16.801247,0.062006,0.943776,-0.035406,0.322783,-4.894712,131.341736,18.292751,0.017377,0.975621,-0.099276,0.194953,-1.68249,145.726898,16.39702,0.010613,0.87842,0.095637,0.468102,-7.27084,125.4347,15.233069,0.44724,-0.547341,0.120134,-0.69711,-17.438845,127.3936,0.378563,0.121324,-0.027316,-0.581593,-0.803918,-8.572738,111.731842,-15.249255,0.17813,0.034251,-0.583532,-0.791573,-1.068956,133.368011,-19.561279,-0.168982,0.922456,0.136527,0.319186,-2.432571,125.374115,21.102745,0.335256,0.869099,0.136004,-0.337304,10.951241,129.441101,32.601234,-0.011667,0.22666,0.455322,-0.860913,24.00494,117.738113,16.452913,0.079554,0.075344,0.374813,-0.920603,13.163917,135.467499,7.924957,0.043733,0.885808,0.079466,0.455101,-7.745047,90.519882,7.158649,0.080303,0.926477,-0.029227,0.366521,-7.93622,53.996922,0.452689,-0.019157,0.946421,0.022794,0.32156,-16.077566,6.867862,0.227487,-0.063266,0.897267,-0.090593,0.427436,3.652359,90.219795,22.379673,-0.011587,0.8834,-0.135016,0.448598,4.992433,53.992607,30.42503,-0.075384,0.870292,-0.068995,0.481819,0.177922,7.921565,42.331326,-0.019157,0.946421,0.022794,0.32156,-7.093801,1.489209,-11.261774,-0.075384,0.870292,-0.068995,0.481819,12.688142,1.193158,36.017532
38,0.316667,0.005498,0.894203,0.006557,0.44758,-2.049308,90.373985,14.772574,-0.011857,0.899462,0.076505,0.430087,-2.018411,98.170074,14.902375,-0.021311,0.902828,0.054429,0.426012,-3.317877,112.903893,16.802673,0.062186,0.943826,-0.03562,0.322578,-4.8936,131.346756,18.29052,0.017699,0.975682,-0.099326,0.19459,-1.675213,145.729858,16.38966,0.010717,0.878559,0.095403,0.467887,-7.270925,125.439415,15.232336,0.447442,-0.547529,0.120293,-0.696805,-17.446148,127.396965,0.382599,0.121558,-0.027829,-0.581301,-0.804076,-8.591694,111.722412,-15.238992,0.178226,0.033608,-0.583282,-0.791763,-1.073291,133.349075,-19.575224,-0.168884,0.92254,0.136255,0.319111,-2.432,125.379372,21.101473,0.335353,0.869065,0.135878,-0.337345,10.954746,129.447128,32.596268,-0.011376,0.226602,0.455288,-0.86095,24.004,117.738892,16.448168,0.079803,0.075099,0.37451,-0.920725,13.160851,135.463898,7.91649,0.04348,0.885735,0.079862,0.455198,-7.74778,90.523285,7.161876,0.081199,0.926028,-0.029552,0.367431,-7.908086,54.00338,0.438494,-0.019105,0.945891,0.0223,0.323153,-16.139339,6.889996,0.202323,-0.063141,0.897519,-0.090649,0.426915,3.649163,90.224686,22.383272,-0.011698,0.883268,-0.134945,0.448877,4.983857,53.997063,30.427584,-0.075446,0.870274,-0.069035,0.481836,0.178037,7.924432,42.331249,-0.019105,0.945891,0.0223,0.323153,-7.119423,1.497767,-11.252195,-0.075446,0.870274,-0.069035,0.481836,12.689026,1.196118,36.018879
39,0.325,0.005553,0.89421,0.006581,0.447564,-2.050436,90.374062,14.77415,-0.011703,0.899481,0.076506,0.43005,-2.018938,98.170128,14.904674,-0.02152,0.902842,0.054275,0.42599,-3.314245,112.904449,16.807087,0.061507,0.943911,-0.036502,0.322362,-4.894532,131.347595,18.286531,0.018553,0.975721,-0.098884,0.194543,-1.687512,145.729004,16.353905,0.010868,0.878602,0.095257,0.467831,-7.270451,125.438271,15.231101,0.447446,-0.547848,0.120463,-0.696522,-17.447439,127.397964,0.382856,0.121545,-0.028326,-0.581052,-0.80424,-8.611612,111.712479,-15.238303,0.178357,0.03291,-0.58289,-0.792052,-1.081229,133.331024,-19.591469,-0.168915,0.922613,0.136134,0.318937,-2.431386,125.382111,21.100163,0.335579,0.868977,0.135946,-0.337319,10.959011,129.453598,32.589382,-0.010879,0.226377,0.45529,-0.861014,24.001862,117.738319,16.441214,0.080073,0.074672,0.374438,-0.920765,13.154167,135.459717,7.907352,0.043541,0.885673,0.079875,0.45531,-7.749169,90.524498,7.163671,0.081203,0.926052,-0.029522,0.367373,-7.912196,54.005135,0.437415,-0.019108,0.945853,0.022261,0.323267,-16.142717,6.891629,0.198931,-0.063124,0.897514,-0.090719,0.426911,3.648298,90.223618,22.384628,-0.011699,0.88331,-0.134866,0.448818,4.979574,53.996777,30.433029,-0.075636,0.870258,-0.06911,0.481823,0.177993,7.922122,42.330582,-0.019108,0.945853,0.022261,0.323267,-7.12015,1.498384,-11.253021,-0.075636,0.870258,-0.06911,0.481823,12.690599,1.195055,36.020092
40,0.333333,0.005537,0.894224,0.006496,0.447538,-2.051618,90.373894,14.776045,-0.011904,0.899503,0.076477,0.430005,-2.019743,98.169983,14.90527,-0.021338,0.902885,0.054162,0.425922,-3.32007,112.905205,16.804516,0.061352,0.944018,-0.036685,0.322056,-4.892338,131.349106,18.283176,0.019118,0.975794,-0.09886,0.194133,-1.68902,145.73027,16.342644,0.011027,0.878738,0.095035,0.467617,-7.271279,125.440598,15.228504,0.447667,-0.548004,0.120595,-0.696235,-17.455402,127.400925,0.385232,0.121765,-0.028891,-0.580834,-0.804345,-8.629194,111.703621,-15.229504,0.178515,0.032231,-0.58249,-0.792337,-1.088251,133.313889,-19.608852,-0.168923,0.922659,0.135977,0.318867,-2.431208,125.382736,21.096718,0.335308,0.869104,0.135462,-0.337457,10.960706,129.456909,32.583221,-0.010796,0.226434,0.454952,-0.861179,24.007801,117.743973,16.436777,0.080217,0.074518,0.374187,-0.920867,13.14658,135.456268,7.896495,0.043538,0.885618,0.07991,0.455412,-7.750806,90.523331,7.165886,0.081207,0.926155,-0.029488,0.367115,-7.911693,54.004372,0.437415,-0.019203,0.94587,0.02222,0.323213,-16.141418,6.890738,0.19809,-0.063031,0.897509,-0.090696,0.426942,3.647571,90.224449,22.386206,-0.01175,0.883338,-0.134859,0.448764,4.973136,53.996437,30.430258,-0.075545,0.870252,-0.069112,0.481848,0.176949,7.92172,42.329716,-0.019203,0.94587,0.02222,0.323213,-7.119246,1.497273,-11.254074,-0.075545,0.870252,-0.069112,0.481848,12.688902,1.193264,36.019409
41,0.341667,0.005608,0.894222,0.00645,0.447543,-2.054893,90.373291,14.778227,-0.011719,0.899519,0.076485,0.429974,-2.0217,98.16938,14.907308,-0.021454,0.902904,0.053981,0.4259,-3.317086,112.904594,16.809158,0.061457,0.944047,-0.036945,0.321921,-4.890365,131.34903,18.279974,0.019477,0.975838,-0.098821,0.193896,-1.682284,145.728226,16.332663,0.011245,0.87888,0.094802,0.467393,-7.269074,125.439095,15.227917,0.447454,-0.548312,0.120795,-0.696095,-17.460627,127.401672,0.390041,0.121679,-0.029513,-0.580498,-0.804578,-8.652827,111.697533,-15.228205,0.178625,0.031503,-0.582104,-0.792626,-1.095413,133.298126,-19.626957,-0.168986,0.922695,0.135855,0.318781,-2.42879,125.384018,21.095985,0.335384,0.869067,0.135292,-0.337543,10.964334,129.462357,32.579605,-0.010456,0.226349,0.454888,-0.86124,24.00622,117.744652,16.432411,0.080446,0.074109,0.373942,-0.92098,13.140619,135.452286,7.887821,0.043524,0.885594,0.079948,0.455453,-7.753983,90.52356,7.168009,0.081183,0.926029,-0.029507,0.367436,-7.912335,54.004955,0.43749,-0.019289,0.945882,0.022138,0.323181,-16.140553,6.891054,0.197841,-0.062988,0.897604,-0.090734,0.42674,3.644197,90.223022,22.388443,-0.011768,0.883408,-0.134794,0.448645,4.96753,53.995121,30.433365,-0.075549,0.870266,-0.069095,0.481825,0.177259,7.918766,42.328873,-0.019289,0.945882,0.022138,0.323181,-7.118482,1.496153,-11.253724,-0.075549,0.870266,-0.069095,0.481825,12.688963,1.190671,36.017685
42,0.35,0.005706,0.894241,0.006331,0.447505,-2.060099,90.375458,14.782193,-0.011675,0.899534,0.076452,0.429951,-2.024706,98.171555,14.910295,-0.021453,0.902919,0.053869,0.425883,-3.318354,112.906075,16.811783,0.061506,0.944075,-0.03734,0.321783,-4.889791,131.350952,18.278902,0.01988,0.975873,-0.098754,0.193713,-1.67723,145.727646,16.320553,0.01139,0.879001,0.094651,0.467192,-7.269192,125.44062,15.22814,0.447508,-0.548699,0.120829,-0.695748,-17.467424,127.40464,0.39504,0.121768,-0.030078,-0.58013,-0.804809,-8.680281,111.691666,-15.225967,0.178708,0.030801,-0.581689,-0.792939,-1.104114,133.282532,-19.646788,-0.169039,0.922743,0.135722,0.318669,-2.428683,125.386284,21.096031,0.335409,0.86905,0.135238,-0.337586,10.96638,129.468781,32.575916,-0.010137,0.226211,0.454761,-0.861347,24.006111,117.749741,16.427958,0.080651,0.0738,0.373638,-0.92111,13.132355,135.451477,7.880921,0.043415,0.885699,0.079999,0.45525,-7.759817,90.526375,7.172456,0.081188,0.926049,-0.029467,0.367388,-7.910794,54.007675,0.442332,-0.019149,0.945883,0.022106,0.323187,-16.138054,6.893629,0.199425,-0.063007,0.897618,-0.090703,0.426715,3.639619,90.224548,22.39193,-0.011781,0.883446,-0.134757,0.448581,4.965431,53.996403,30.435362,-0.075626,0.870258,-0.069212,0.48181,0.178672,7.919118,42.328693,-0.019149,0.945883,0.022106,0.323187,-7.117469,1.496489,-11.252262,-0.075626,0.870258,-0.069212,0.48181,12.690457,1.189516,36.019268
43,0.358333,0.005621,0.894266,0.006424,0.447455,-2.059397,90.374611,14.784048,-0.011654,0.899551,0.076397,0.429926,-2.025834,98.170708,14.91286,-0.021446,0.902929,0.05381,0.425868,-3.318434,112.908684,16.813578,0.061668,0.94408,-0.037767,0.321689,-4.888704,131.353821,18.278847,0.020229,0.975896,-0.098694,0.193593,-1.668152,145.727264,16.309856,0.01152,0.879134,0.094544,0.46696,-7.268568,125.443314,15.22878,0.447417,-0.549068,0.120877,-0.695507,-17.474533,127.408913,0.401211,0.121701,-0.030727,-0.579795,-0.805035,-8.707253,111.690247,-15.225231,0.178775,0.029993,-0.581035,-0.793435,-1.11495,133.270737,-19.666935,-0.169197,0.922771,0.135688,0.318519,-2.42786,125.389275,21.096508,0.335239,0.869124,0.134734,-0.337765,10.968731,129.478333,32.572269,-0.009976,0.22615,0.454506,-0.861499,24.008148,117.758194,16.424849,0.080863,0.073489,0.373502,-0.921171,13.122848,135.45137,7.875297,0.043454,0.885595,0.08,0.455448,-7.759985,90.524879,7.174952,0.081196,0.926032,-0.029477,0.367428,-7.911994,54.006432,0.443427,-0.019514,0.945872,0.022002,0.323204,-16.14036,6.892574,0.200738,-0.062976,0.897623,-0.090752,0.426697,3.64119,90.22435,22.393147,-0.011821,0.883375,-0.134727,0.448728,4.963579,53.996574,30.438808,-0.07581,0.870269,-0.069256,0.481755,0.179568,7.918605,42.330582,-0.019514,0.945872,0.022002,0.323204,-7.115731,1.496118,-11.248083,-0.07581,0.870269,-0.069256,0.481755,12.692351,1.190708,36.02132
44,0.366667,0.005655,0.894273,0.00637,0.447442,-2.058881,90.377235,14.787766,-0.011732,0.899491,0.076514,0.430029,-2.024472,98.173332,14.91606,-0.021505,0.902867,0.053599,0.426023,-3.321269,112.915161,16.819313,0.061592,0.944133,-0.037779,0.321547,-4.890435,131.361038,18.276354,0.020983,0.975941,-0.098876,0.193193,-1.672385,145.734818,16.305662,0.011621,0.879224,0.094424,0.466813,-7.269751,125.449463,15.227916,0.44734,-0.549446,0.121002,-0.695237,-17.480602,127.415787,0.403807,0.121625,-0.031346,-0.579496,-0.805239,-8.734562,111.688484,-15.225838,0.17893,0.029164,-0.580311,-0.79396,-1.128391,133.258408,-19.686974,-0.169182,0.922825,0.135647,0.318389,-2.431098,125.397453,21.097357,0.335137,0.869191,0.134427,-0.337815,10.968685,129.487457,32.569054,-0.009814,0.226152,0.454272,-0.861624,24.009718,117.765823,16.424023,0.080958,0.073256,0.373159,-0.921321,13.114941,135.45079,7.869723,0.04349,0.885583,0.079943,0.455479,-7.759685,90.527611,7.178833,0.081158,0.926117,-0.029376,0.36723,-7.91579,54.008736,0.449794,-0.019214,0.945866,0.022138,0.32323,-16.137329,6.893718,0.201276,-0.062907,0.897692,-0.090803,0.426553,3.641922,90.22686,22.3967,-0.011814,0.883466,-0.134678,0.448564,4.959372,53.999119,30.443329,-0.075674,0.870259,-0.069147,0.481812,0.179025,7.919872,42.331635,-0.019214,0.945866,0.022138,0.32323,-7.114888,1.498095,-11.249661,-0.075674,0.870259,-0.069147,0.481812,12.6917,1.192533,36.021561
45,0.375,0.005694,0.894277,0.006358,0.447432,-2.061391,90.377296,14.79,-0.011599,0.899546,0.076383,0.42994,-2.026345,98.173393,14.918402,-0.021536,0.902924,0.05354,0.425908,-3.317968,112.918709,16.820364,0.061645,0.944177,-0.038098,0.321369,-4.887043,131.364777,18.275116,0.021446,0.975967,-0.098844,0.193026,-1.665267,145.736465,16.295338,0.011759,0.879413,0.09425,0.466488,-7.267035,125.452736,15.228137,0.447133,-0.549811,0.121035,-0.695076,-17.488756,127.419472,0.411582,0.121354,-0.032141,-0.579208,-0.805455,-8.762214,111.689667,-15.226431,0.178866,0.028112,-0.579751,-0.794422,-1.142745,133.250854,-19.708836,-0.169352,0.922812,0.135582,0.318362,-2.426909,125.401649,21.096369,0.335112,0.869228,0.134124,-0.337866,10.971398,129.498123,32.567471,-0.009672,0.226233,0.454055,-0.861718,24.011574,117.7724,16.424728,0.080919,0.073141,0.372748,-0.9215,13.109848,135.449127,7.863518,0.043473,0.885686,0.079933,0.455282,-7.762355,90.528236,7.181201,0.081103,0.926201,-0.02933,0.367033,-7.919145,54.009129,0.453424,-0.019242,0.9459,0.022097,0.323131,-16.134298,6.893,0.204481,-0.062906,0.897674,-0.090777,0.426595,3.639572,90.226349,22.3988,-0.01186,0.883504,-0.134683,0.448487,4.957364,53.998257,30.443752,-0.075454,0.870291,-0.069031,0.481803,0.181732,7.919249,42.33485,-0.019242,0.9459,0.022097,0.323131,-7.114066,1.496503,-11.247778,-0.075454,0.870291,-0.069031,0.481803,12.692327,1.191061,36.021572
46,0.383333,0.005778,0.894278,0.006208,0.447432,-2.066362,90.376129,14.792172,-0.011499,0.899571,0.07635,0.429897,-2.029094,98.172234,14.919058,-0.021555,0.902955,0.053423,0.425857,-3.317738,112.920395,16.821836,0.061545,0.944232,-0.038337,0.321199,-4.885538,131.366898,18.272474,0.022089,0.975985,-0.098861,0.19285,-1.664955,145.737701,16.28438,0.011905,0.87951,0.094158,0.46632,-7.266226,125.454285,15.227133,0.446629,-0.550194,0.121288,-0.695053,-17.493496,127.423607,0.41475,0.120733,-0.033065,-0.578934,-0.805708,-8.789946,111.690613,-15.232873,0.178625,0.026885,-0.578957,-0.795097,-1.158012,133.245407,-19.732344,-0.169475,0.922813,0.135435,0.318359,-2.42545,125.404266,21.094839,0.334983,0.869301,0.133747,-0.337956,10.971427,129.506592,32.565525,-0.009622,0.22639,0.453754,-0.861837,24.012861,117.779541,16.424746,0.080712,0.07311,0.372595,-0.921582,13.101792,135.446945,7.854959,0.043403,0.885692,0.079963,0.455272,-7.767309,90.527222,7.183363,0.081105,0.926284,-0.029265,0.36683,-7.918567,54.008018,0.455951,-0.019178,0.945913,0.022062,0.323099,-16.13166,6.891549,0.203014,-0.062909,0.897712,-0.090731,0.426524,3.634585,90.225037,22.400982,-0.011845,0.883624,-0.134661,0.448258,4.954696,53.996342,30.442883,-0.07556,0.8703,-0.069168,0.481752,0.181809,7.916739,42.332787,-0.019178,0.945913,0.022062,0.323099,-7.112997,1.493464,-11.249735,-0.07556,0.8703,-0.069168,0.481752,12.69212,1.186902,36.020695
47,0.391667,0.005925,0.894269,0.006072,0.447449,-2.073992,90.373985,14.793749,-0.011338,0.899603,0.076338,0.429835,-2.033743,98.170097,14.919773,-0.02158,0.903002,0.053228,0.42578,-3.318037,112.921616,16.824791,0.061848,0.94426,-0.038188,0.321075,-4.883483,131.368851,18.268629,0.022427,0.976008,-0.099092,0.192577,-1.656401,145.73909,16.286936,0.012009,0.879644,0.094039,0.466089,-7.265356,125.455353,15.22595,0.446198,-0.550601,0.1214,-0.694987,-17.500328,127.42524,0.418964,0.120102,-0.033918,-0.578666,-0.805959,-8.819453,111.691544,-15.240548,0.178223,0.025743,-0.578184,-0.795787,-1.175417,133.240204,-19.754126,-0.169611,0.922812,0.135219,0.31838,-2.423606,125.407028,21.092865,0.334661,0.869485,0.132721,-0.338205,10.971109,129.516296,32.563583,-0.009848,0.226735,0.453365,-0.861948,24.014761,117.784691,16.427925,0.080653,0.073254,0.37215,-0.921756,13.093789,135.443542,7.847237,0.043373,0.885798,0.079896,0.455079,-7.77461,90.526421,7.18472,0.0808,0.926271,-0.029093,0.366942,-7.927623,54.006229,0.462718,-0.019663,0.946097,0.021884,0.322544,-16.107855,6.884077,0.204377,-0.062915,0.897803,-0.09074,0.42633,3.626625,90.221558,22.402779,-0.011864,0.883817,-0.134613,0.44789,4.948611,53.993046,30.4452,-0.075863,0.870336,-0.069346,0.481613,0.18442,7.91223,42.333912,-0.019663,0.946097,0.021884,0.322544,-7.097843,1.48559,-11.254992,-0.075863,0.870336,-0.069346,0.481613,12.695122,1.182658,36.022312
48,0.4,0.005996,0.894308,0.00597,0.447371,-2.079171,90.373787,14.796302,-0.011195,0.89964,0.076342,0.429761,-2.037195,98.169899,14.921397,-0.021719,0.903034,0.053064,0.425726,-3.317734,112.92337,16.828718,0.061233,0.944312,-0.038786,0.320968,-4.885165,131.371033,18.264977,0.023428,0.975969,-0.0989,0.192753,-1.669948,145.740768,16.260479,0.012135,0.879691,0.094089,0.465987,-7.26667,125.455978,15.225026,0.445568,-0.551183,0.121474,-0.694918,-17.504993,127.430382,0.420958,0.119243,-0.034659,-0.578322,-0.806302,-8.855518,111.69883,-15.258069,0.177757,0.024475,-0.577534,-0.796403,-1.195182,133.24144,-19.775007,-0.169822,0.922817,0.135077,0.318313,-2.424305,125.410675,21.091459,0.33453,0.869605,0.132302,-0.338191,10.969353,129.528961,32.560181,-0.009714,0.226839,0.453014,-0.862107,24.017624,117.794037,16.430668,0.080734,0.073288,0.37162,-0.92196,13.084917,135.440475,7.841765,0.04333,0.885838,0.079913,0.455003,-7.781098,90.526566,7.188262,0.080711,0.926303,-0.028979,0.366892,-7.931283,54.006302,0.466599,-0.01927,0.946124,0.022033,0.322477,-16.099787,6.882155,0.201753,-0.06299,0.897605,-0.09063,0.426759,3.622756,90.221008,22.404343,-0.011917,0.883805,-0.134633,0.447907,4.949431,53.991722,30.442493,-0.075736,0.870373,-0.069385,0.481561,0.188592,7.911557,42.335052,-0.01927,0.946124,0.022033,0.322477,-7.095173,1.483952,-11.261988,-0.075736,0.870373,-0.069385,0.481561,12.696817,1.178913,36.021824
49,0.408333,0.005987,0.894301,0.005925,0.447386,-2.080156,90.372833,14.799067,-0.011204,0.899647,0.076309,0.429752,-2.038003,98.168961,14.92347,-0.021666,0.90305,0.052964,0.425707,-3.318479,112.924385,16.830042,0.062001,0.944265,-0.038761,0.320963,-4.88253,131.372528,18.263821,0.023514,0.975981,-0.09915,0.192556,-1.646445,145.738678,16.267317,0.012375,0.879807,0.094102,0.465759,-7.265244,125.457474,15.224807,0.445273,-0.551779,0.12131,-0.694662,-17.511044,127.439034,0.426871,0.118627,-0.035277,-0.578,-0.806597,-8.891037,111.709488,-15.270384,0.177291,0.023334,-0.576976,-0.796945,-1.214858,133.246964,-19.792973,-0.17009,0.922795,0.134918,0.318301,-2.422602,125.412117,21.091009,0.334287,0.869747,0.131953,-0.338203,10.968054,129.541122,32.559387,-0.009488,0.226829,0.452635,-0.862311,24.023706,117.808464,16.434204,0.081084,0.073276,0.371283,-0.922066,13.07506,135.442596,7.838622,0.043276,0.885748,0.079958,0.455175,-7.781825,90.525063,7.190822,0.080715,0.926315,-0.02901,0.366857,-7.92569,54.00499,0.468003,-0.019402,0.946176,0.022032,0.322319,-16.095629,6.881076,0.206023,-0.06301,0.897595,-0.090586,0.426786,3.621513,90.220604,22.407312,-0.0119,0.883871,-0.134629,0.447779,4.950695,53.990902,30.443188,-0.075655,0.870363,-0.069257,0.481611,0.190353,7.910591,42.335396,-0.019402,0.946176,0.022032,0.322319,-7.093384,1.484052,-11.260133,-0.075655,0.870363,-0.069257,0.481611,12.699071,1.179769,36.021206
50,0.416667,0.005123,0.894318,0.006439,0.447357,-2.044888,90.359756,14.802435,-0.011799,0.899649,0.076386,0.429718,-2.018369,98.155937,14.92798,-0.0217,0.903068,0.052915,0.425673,-3.317401,112.929466,16.831421,0.062105,0.944279,-0.039041,0.320869,-4.881754,131.377731,18.263084,0.024104,0.975981,-0.099172,0.192472,-1.64059,145.74176,16.259432,0.012465,0.879881,0.094165,0.465604,-7.264557,125.462273,15.224956,0.444597,-0.552099,0.121495,-0.694809,-17.515512,127.447258,0.431043,0.117643,-0.036185,-0.577955,-0.806734,-8.914449,111.721733,-15.280631,0.176768,0.022183,-0.576342,-0.797553,-1.238792,133.25795,-19.81085,-0.170353,0.9228,0.134865,0.31817,-2.421492,125.417732,21.090816,0.334129,0.86987,0.131485,-0.338223,10.968924,129.556793,32.555847,-0.009349,0.226838,0.452314,-0.862479,24.028963,117.821297,16.436279,0.081283,0.073253,0.371037,-0.922149,13.066649,135.446228,7.835069,0.043778,0.885873,0.079896,0.454895,-7.747242,90.501671,7.194502,0.080725,0.926106,-0.029175,0.367369,-7.928268,53.984093,0.459006,-0.019689,0.9461,0.022533,0.322491,-16.104639,6.861234,0.206828,-0.062584,0.897653,-0.090803,0.426682,3.657466,90.21785,22.41037,-0.011863,0.883774,-0.134596,0.44798,4.952302,53.987099,30.447123,-0.075839,0.870313,-0.069217,0.481677,0.187543,7.905856,42.333942,-0.019689,0.9461,0.022533,0.322491,-7.093548,1.480832,-11.260198,-0.075839,0.870313,-0.069217,0.481677,12.699626,1.179077,36.022099
51,0.425,0.006039,0.894322,0.005927,0.447345,-2.085214,90.375488,14.803704,-0.011009,0.899698,0.076075,0.429692,-2.042338,98.1716,14.928497,-0.021812,0.903081,0.052853,0.425646,-3.314777,112.931824,16.831871,0.062153,0.944271,-0.039448,0.320832,-4.881889,131.380157,18.259756,0.024789,0.975956,-0.099113,0.192539,-1.635844,145.741562,16.245209,0.012542,0.880003,0.094377,0.465329,-7.263924,125.463692,15.222968,0.444224,-0.552613,0.121184,-0.694693,-17.524063,127.453827,0.436117,0.116925,-0.036625,-0.577827,-0.80691,-8.946507,111.738205,-15.298298,0.176389,0.021315,-0.575628,-0.798176,-1.265778,133.272308,-19.825153,-0.170672,0.922762,0.134793,0.31814,-2.420588,125.42112,21.088621,0.333729,0.870109,0.130954,-0.338212,10.966598,129.571609,32.553299,-0.009173,0.22689,0.45176,-0.862757,24.039755,117.840279,16.441326,0.081544,0.073152,0.370654,-0.922288,13.056535,135.446747,7.831902,0.043324,0.885725,0.07991,0.455225,-7.78758,90.528625,7.195997,0.080653,0.926141,-0.028947,0.367315,-7.935833,54.008282,0.474752,-0.019176,0.946126,0.022067,0.322477,-16.097971,6.883049,0.205395,-0.063041,0.897575,-0.090557,0.426831,3.617151,90.222351,22.411411,-0.011954,0.883746,-0.134582,0.448037,4.948888,53.992558,30.446411,-0.07576,0.87035,-0.06931,0.481609,0.191607,7.911158,42.335613,-0.019176,0.946126,0.022067,0.322477,-7.094268,1.484878,-11.259082,-0.07576,0.87035,-0.06931,0.481609,12.701243,1.180772,36.02277
52,0.433333,0.005215,0.894291,0.006341,0.44741,-2.050448,90.359322,14.806946,-0.011671,0.899703,0.07617,0.429646,-2.021967,98.155502,14.931764,-0.021898,0.903122,0.052787,0.425565,-3.315126,112.935791,16.831919,0.061916,0.944309,-0.03974,0.320729,-4.883935,131.384247,18.256374,0.025829,0.975909,-0.099151,0.192621,-1.642142,145.745102,16.231049,0.012643,0.880154,0.094399,0.465035,-7.265863,125.466919,15.221177,0.443721,-0.553129,0.120917,-0.694651,-17.535799,127.459702,0.441487,0.116097,-0.037095,-0.577704,-0.807096,-8.982325,111.755516,-15.317443,0.176005,0.02039,-0.574895,-0.798813,-1.296394,133.289413,-19.839411,-0.170849,0.922771,0.134673,0.31807,-2.421528,125.426033,21.086016,0.333582,0.870237,0.13069,-0.338127,10.96508,129.584183,32.548584,-0.008866,0.226829,0.451408,-0.86296,24.045614,117.852112,16.443148,0.081759,0.072933,0.370533,-0.922335,13.046444,135.446625,7.827225,0.043794,0.885929,0.079797,0.454802,-7.751876,90.501961,7.198334,0.080597,0.926145,-0.029053,0.36731,-7.938021,53.983318,0.468796,-0.019937,0.946173,0.022398,0.32227,-16.098917,6.85781,0.21088,-0.062638,0.897662,-0.09073,0.426671,3.65098,90.216675,22.415558,-0.011917,0.883835,-0.134576,0.447865,4.951817,53.985451,30.44919,-0.075177,0.870445,-0.06904,0.481567,0.194038,7.903805,42.337238,-0.019937,0.946173,0.022398,0.32227,-7.090876,1.476014,-11.257884,-0.075177,0.870445,-0.06904,0.481567,12.69766,1.170266,36.01585
53,0.441667,0.005264,0.894285,0.00625,0.447424,-2.053927,90.358215,14.808928,-0.011827,0.899742,0.076085,0.429576,-2.024127,98.154404,14.932823,-0.021812,0.90318,0.052752,0.425449,-3.320557,112.938393,16.829235,0.061886,0.944308,-0.040388,0.320659,-4.885737,131.387115,18.254097,0.026619,0.975862,-0.099003,0.192829,-1.639148,145.744263,16.210339,0.012589,0.880288,0.094608,0.464741,-7.269516,125.470207,15.219537,0.443422,-0.553696,0.120353,-0.694488,-17.54944,127.463844,0.446899,0.115355,-0.037325,-0.57768,-0.807208,-9.019389,111.775162,-15.340146,0.175674,0.019623,-0.57432,-0.799318,-1.333099,133.310959,-19.850817,-0.171156,0.922788,0.134479,0.317936,-2.423624,125.428474,21.083086,0.333434,0.870409,0.129987,-0.338102,10.962272,129.599899,32.541676,-0.008862,0.227006,0.451057,-0.863097,24.048323,117.859741,16.44659,0.08183,0.073078,0.370189,-0.922455,13.038002,135.444305,7.821821,0.04377,0.885907,0.079817,0.454844,-7.755114,90.500931,7.200131,0.080546,0.926151,-0.029023,0.367307,-7.938716,53.982372,0.470022,-0.019863,0.946205,0.022397,0.322181,-16.094103,6.855911,0.211226,-0.062629,0.897757,-0.090744,0.426469,3.64726,90.215508,22.417725,-0.011889,0.883962,-0.134525,0.44763,4.948879,53.984379,30.451668,-0.074917,0.870454,-0.068952,0.481605,0.194055,7.901359,42.335583,-0.019863,0.946205,0.022397,0.322181,-7.089001,1.473348,-11.259494,-0.074917,0.870454,-0.068952,0.481605,12.695742,1.165875,36.012424
54,0.45,0.005332,0.894262,0.006123,0.447469,-2.059669,90.356804,14.812615,-0.011491,0.89979,0.075995,0.4295,-2.028043,98.153008,14.935212,-0.022127,0.90322,0.052632,0.425363,-3.314286,112.939621,16.83392,0.06181,0.944349,-0.0404,0.320551,-4.888006,131.388306,18.249914,0.027615,0.975831,-0.099156,0.192767,-1.643787,145.745773,16.204626,0.012554,0.880383,0.094867,0.46451,-7.269434,125.468781,15.218634,0.442886,-0.554271,0.119941,-0.694442,-17.557156,127.464912,0.451763,0.11422,-0.037726,-0.57781,-0.807258,-9.052767,111.792137,-15.364896,0.175079,0.018829,-0.573635,-0.79996,-1.374453,133.335144,-19.861107,-0.171318,0.92283,0.134121,0.317879,-2.422639,125.432228,21.08147,0.333298,0.870529,0.12944,-0.338139,10.962539,129.613739,32.537224,-0.008754,0.227082,0.450652,-0.86329,24.051746,117.868767,16.448221,0.081771,0.073199,0.370131,-0.922474,13.026017,135.441254,7.815765,0.043785,0.88587,0.079801,0.454917,-7.760072,90.499588,7.203233,0.080426,0.926173,-0.028934,0.367285,-7.944653,53.98093,0.473683,-0.018987,0.94632,0.022787,0.321868,-16.086349,6.85212,0.211474,-0.062654,0.897785,-0.090708,0.426413,3.640734,90.21402,22.421997,-0.011866,0.88398,-0.134466,0.447613,4.945663,53.982639,30.45425,-0.074901,0.870433,-0.069016,0.481635,0.191659,7.898063,42.332451,-0.018987,0.94632,0.022787,0.321868,-7.097054,1.47172,-11.27265,-0.074901,0.870433,-0.069016,0.481635,12.693331,1.160963,36.010986
55,0.458333,0.00536,0.89423,0.006031,0.447536,-2.063366,90.356537,14.815241,-0.011438,0.899831,0.075934,0.429426,-2.030705,98.152756,14.936757,-0.022212,0.903278,0.052545,0.425247,-3.314687,112.940872,16.834774,0.061818,0.944364,-0.040582,0.320482,-4.889712,131.389755,18.246695,0.02856,0.975777,-0.099222,0.192869,-1.643896,145.746109,16.196159,0.012611,0.880578,0.095022,0.464107,-7.271356,125.469276,15.217432,0.442478,-0.554859,0.119309,-0.694342,-17.572577,127.468536,0.460404,0.11317,-0.03805,-0.57786,-0.807355,-9.09208,111.81562,-15.388716,0.174331,0.018027,-0.572907,-0.800663,-1.417527,133.363525,-19.869358,-0.171629,0.922906,0.134119,0.31749,-2.423116,125.434586,21.079086,0.333167,0.870693,0.12901,-0.33801,10.967155,129.62886,32.524208,-0.008665,0.227044,0.450243,-0.863515,24.06469,117.878975,16.445583,0.081823,0.073299,0.369733,-0.922621,13.021358,135.439621,7.810105,0.043865,0.885824,0.079751,0.455008,-7.762629,90.499031,7.205002,0.080339,0.926169,-0.028883,0.367317,-7.953452,53.980301,0.476021,-0.018661,0.946321,0.022964,0.32187,-16.085732,6.849876,0.212057,-0.062672,0.897946,-0.090679,0.426077,3.635897,90.21405,22.42548,-0.011845,0.884183,-0.134482,0.447208,4.945972,53.98246,30.455954,-0.075811,0.870486,-0.069815,0.481282,0.194924,7.898235,42.3367,-0.018661,0.946321,0.022964,0.32187,-7.099341,1.471226,-11.275156,-0.075811,0.870486,-0.069815,0.481282,12.69746,1.155986,36.022446
56,0.466667,0.005415,0.894167,0.005945,0.447661,-2.06968,90.35627,14.817297,-0.011112,0.899878,0.075706,0.429378,-2.035675,98.152496,14.938003,-0.022463,0.903315,0.052557,0.425154,-3.308171,112.94545,16.834665,0.061992,0.944331,-0.040854,0.320509,-4.891646,131.393875,18.243189,0.02943,0.975705,-0.099225,0.1931,-1.638477,145.747742,16.186954,0.01259,0.880802,0.095281,0.463628,-7.271025,125.471664,15.215518,0.442117,-0.555388,0.118675,-0.694257,-17.588358,127.473068,0.470038,0.111891,-0.038561,-0.578056,-0.807369,-9.128677,111.839996,-15.409764,0.173077,0.017196,-0.57223,-0.801437,-1.466501,133.395233,-19.876217,-0.171789,0.922937,0.133851,0.317426,-2.421751,125.44043,21.076336,0.333154,0.870767,0.128518,-0.338019,10.968004,129.643646,32.518787,-0.008572,0.227128,0.449943,-0.86365,24.065647,117.885254,16.446465,0.081782,0.073575,0.369636,-0.922642,13.011092,135.437363,7.803747,0.043838,0.885843,0.079725,0.454977,-7.7668,90.49897,7.205456,0.080341,0.926107,-0.02889,0.367473,-7.956977,53.979767,0.479058,-0.019021,0.946319,0.022793,0.321869,-16.089668,6.84942,0.214315,-0.062823,0.897908,-0.090543,0.426164,3.627439,90.21357,22.429138,-0.011746,0.884084,-0.134508,0.447398,4.951144,53.981556,30.455441,-0.075933,0.870404,-0.069911,0.481398,0.188036,7.897782,42.333118,-0.019021,0.946319,0.022793,0.321869,-7.099965,1.469514,-11.269719,-0.075933,0.870404,-0.069911,0.481398,12.693331,1.155645,36.024204
57,0.475,0.005377,0.89411,0.005958,0.447775,-2.070503,90.357399,14.819267,-0.010877,0.899948,0.075492,0.429274,-2.037136,98.153625,14.93988,-0.022666,0.90339,0.052531,0.424986,-3.300496,112.949684,16.834229,0.062301,0.944383,-0.040579,0.320333,-4.89011,131.397873,18.238958,0.030475,0.975695,-0.099426,0.192887,-1.631608,145.751923,16.192394,0.012543,0.88107,0.095551,0.463064,-7.268405,125.474098,15.2135,0.441322,-0.556123,0.118268,-0.694244,-17.60471,127.476707,0.481473,0.110195,-0.039311,-0.577987,-0.807616,-9.179358,111.862778,-15.435377,0.171126,0.016338,-0.571879,-0.802125,-1.515409,133.423279,-19.884855,-0.17203,0.922926,0.133559,0.317451,-2.417101,125.445976,21.072655,0.333155,0.870826,0.127933,-0.338087,10.969088,129.6604,32.515152,-0.008353,0.227248,0.449724,-0.863734,24.064524,117.892029,16.448357,0.081895,0.073484,0.369629,-0.922642,13.003885,135.434738,7.795803,0.04382,0.885797,0.079746,0.455065,-7.765687,90.499557,7.205967,0.080427,0.926065,-0.028846,0.367564,-7.953301,53.98048,0.478778,-0.019563,0.946204,0.022514,0.322193,-16.091978,6.851214,0.206274,-0.062815,0.897823,-0.090591,0.426336,3.62468,90.21524,22.43257,-0.011794,0.884043,-0.134397,0.447511,4.944751,53.983795,30.462074,-0.076023,0.870397,-0.069904,0.481398,0.189,7.897267,42.332012,-0.019563,0.946204,0.022514,0.322193,-7.089458,1.468979,-11.266624,-0.076023,0.870397,-0.069904,0.481398,12.695353,1.156699,36.023514
58,0.483333,0.005382,0.893932,0.00584,0.448132,-2.070708,90.356216,14.819876,-0.01068,0.89996,0.075399,0.429271,-2.036491,98.152466,14.938897,-0.022953,0.903431,0.052564,0.424881,-3.293753,112.953583,16.833874,0.062064,0.944428,-0.040789,0.320219,-4.893357,131.401138,18.235371,0.031957,0.975627,-0.099388,0.19301,-1.63989,145.755112,16.180248,0.012488,0.881305,0.095901,0.462545,-7.268947,125.475479,15.211518,0.440747,-0.556767,0.117716,-0.694187,-17.622684,127.480484,0.492075,0.108523,-0.039865,-0.578235,-0.807637,-9.225288,111.886856,-15.459408,0.169639,0.015367,-0.5709,-0.803156,-1.576639,133.457977,-19.886091,-0.172223,0.922953,0.133283,0.317383,-2.416482,125.451172,21.069723,0.333232,0.870875,0.127525,-0.338039,10.968852,129.67572,32.509472,-0.007978,0.227331,0.449525,-0.86382,24.06337,117.896484,16.449894,0.08221,0.073432,0.369328,-0.922738,12.996197,135.429703,7.785482,0.043851,0.885768,0.079646,0.455136,-7.759819,90.49749,7.202024,0.080439,0.926047,-0.02883,0.367609,-7.952303,53.977428,0.480326,-0.01974,0.946211,0.022513,0.322163,-16.091482,6.848258,0.205537,-0.062866,0.897799,-0.090523,0.426392,3.618402,90.214951,22.437727,-0.011787,0.884071,-0.134376,0.447462,4.943518,53.983055,30.46438,-0.076075,0.870411,-0.069896,0.481365,0.188723,7.895973,42.33255,-0.01974,0.946211,0.022513,0.322163,-7.087773,1.467698,-11.267208,-0.076075,0.870411,-0.069896,0.481365,12.695207,1.156314,36.02335
59,0.491667,0.005417,0.893844,0.0057,0.448309,-2.075601,90.356773,14.823902,-0.010507,0.900025,0.075269,0.42916,-2.03994,98.153038,14.941231,-0.023162,0.903519,0.052517,0.424686,-3.290634,112.954803,16.835123,0.06203,0.944493,-0.040939,0.320014,-4.896204,131.402206,18.232075,0.033409,0.975584,-0.099395,0.192978,-1.643073,145.755478,16.171556,0.012568,0.881555,0.096236,0.461998,-7.270913,125.474838,15.210845,0.440573,-0.557519,0.116911,-0.69383,-17.642912,127.486206,0.505127,0.10705,-0.040348,-0.578546,-0.807587,-9.276457,111.910034,-15.479633,0.168184,0.014434,-0.56972,-0.804316,-1.646721,133.490829,-19.886026,-0.172345,0.92293,0.132721,0.317622,-2.416082,125.453903,21.067104,0.333317,0.870926,0.127059,-0.337999,10.96225,129.687683,32.511639,-0.007635,0.227851,0.449303,-0.863801,24.055342,117.896355,16.459768,0.08238,0.073712,0.368717,-0.922945,12.991315,135.414871,7.769529,0.043882,0.885669,0.07965,0.455325,-7.761681,90.497459,7.203774,0.080429,0.925986,-0.028784,0.367766,-7.954603,53.977657,0.480723,-0.020323,0.946153,0.022147,0.322323,-16.091261,6.848085,0.200876,-0.062923,0.897901,-0.090408,0.426194,3.610479,90.216087,22.444029,-0.011736,0.884159,-0.134376,0.44729,4.944873,53.983189,30.464605,-0.076265,0.870407,-0.070077,0.481315,0.188114,7.895976,42.331497,-0.020323,0.946153,0.022147,0.322323,-7.078549,1.463151,-11.262747,-0.076265,0.870407,-0.070077,0.481315,12.695077,1.154989,36.024658
60,0.5,0.00544,0.893722,0.00558,0.448555,-2.076349,90.355095,14.825937,-0.009993,0.90002,0.075235,0.42919,-2.039557,98.151375,14.941762,-0.023611,0.903512,0.052378,0.424693,-3.27596,112.953018,16.841238,0.062314,0.944526,-0.040637,0.319901,-4.894397,131.400177,18.226414,0.034763,0.975574,-0.099573,0.192697,-1.636624,145.753891,16.17635,0.012595,0.881996,0.096427,0.461115,-7.264784,125.469254,15.20876,0.440119,-0.558179,0.116064,-0.69373,-17.666265,127.481819,0.524047,0.10543,-0.040883,-0.578927,-0.8075,-9.325517,111.932442,-15.500185,0.1667,0.01362,-0.569153,-0.805041,-1.71771,133.527557,-19.885122,-0.17257,0.922918,0.132356,0.317685,-2.410367,125.455391,21.065382,0.3335,0.870878,0.126572,-0.338125,10.963681,129.700546,32.510712,-0.006912,0.227888,0.449205,-0.863848,24.046896,117.895294,16.461012,0.083082,0.073428,0.368675,-0.922922,12.979838,135.403412,7.754274,0.04396,0.885599,0.079646,0.455454,-7.758235,90.495163,7.202671,0.080369,0.925909,-0.028824,0.36797,-7.955444,53.975822,0.477232,-0.020396,0.946208,0.022093,0.32216,-16.0881,6.845531,0.201247,-0.062894,0.897804,-0.090432,0.426397,3.605537,90.215019,22.449203,-0.011774,0.884257,-0.134313,0.447114,4.93546,53.98217,30.47073,-0.074305,0.870567,-0.069322,0.481441,0.186983,7.893434,42.335011,-0.020396,0.946208,0.022093,0.32216,-7.078694,1.459751,-11.264578,-0.074305,0.870567,-0.069322,0.481441,12.677208,1.139301,36.009106
61,0.508333,0.005448,0.893609,0.005522,0.44878,-2.079719,90.355011,14.828012,-0.00985,0.900069,0.075047,0.429124,-2.042441,98.151306,14.943091,-0.023791,0.90358,0.052428,0.424533,-3.272571,112.955269,16.839653,0.062409,0.944582,-0.040798,0.319695,-4.89758,131.401917,18.223942,0.036353,0.975531,-0.099547,0.192635,-1.636508,145.754242,16.169397,0.01263,0.882367,0.09666,0.460354,-7.266705,125.469864,15.207527,0.440064,-0.55887,0.115137,-0.693362,-17.693537,127.48494,0.541148,0.104033,-0.041346,-0.579358,-0.807349,-9.379389,111.955193,-15.515908,0.165208,0.012799,-0.568775,-0.805629,-1.796079,133.564453,-19.88269,-0.17273,0.922929,0.132082,0.317681,-2.410344,125.458298,21.062548,0.333695,0.870801,0.126145,-0.33829,10.961807,129.712036,32.506912,-0.006252,0.227997,0.448849,-0.86401,24.033504,117.894043,16.457207,0.083167,0.073711,0.368998,-0.922763,12.952765,135.387238,7.729958,0.043958,0.885479,0.079646,0.455688,-7.757763,90.494736,7.201874,0.0804,0.925908,-0.028825,0.367966,-7.953068,53.97538,0.476457,-0.020449,0.9462,0.022011,0.322185,-16.088518,6.845582,0.199516,-0.062935,0.89788,-0.090355,0.426246,3.598325,90.215294,22.454149,-0.011807,0.884274,-0.134312,0.44708,4.934767,53.981792,30.471638,-0.074123,0.870635,-0.069341,0.481345,0.189525,7.893112,42.337425,-0.020449,0.9462,0.022011,0.322185,-7.078176,1.458057,-11.264755,-0.074123,0.870635,-0.069341,0.481345,12.676033,1.135364,36.008038
62,0.516667,0.005433,0.893474,0.005506,0.449048,-2.080479,90.356171,14.830871,-0.009778,0.900099,0.074923,0.429083,-2.043341,98.152473,14.945635,-0.023938,0.903639,0.0525,0.42439,-3.269801,112.956406,16.839773,0.062425,0.94456,-0.041467,0.319673,-4.900649,131.402512,18.2244,0.03776,0.975428,-0.099233,0.193046,-1.633158,145.750748,16.151529,0.012817,0.882786,0.096384,0.459602,-7.268661,125.469635,15.208737,0.439942,-0.559841,0.114017,-0.692842,-17.720375,127.483665,0.559933,0.102833,-0.04149,-0.579509,-0.807387,-9.445739,111.976669,-15.539464,0.163971,0.01224,-0.568682,-0.805956,-1.870351,133.596497,-19.880499,-0.172901,0.922958,0.131815,0.317614,-2.410554,125.459755,21.062309,0.333829,0.87071,0.125998,-0.338448,10.96101,129.722763,32.503906,-0.005449,0.227702,0.448744,-0.864148,24.023346,117.899231,16.450661,0.084344,0.074023,0.369135,-0.922576,12.931095,135.384781,7.716281,0.043863,0.885404,0.07961,0.455849,-7.753937,90.495506,7.201317,0.080479,0.925916,-0.028814,0.36793,-7.943042,53.975105,0.481395,-0.020457,0.946222,0.021994,0.322121,-16.085083,6.846457,0.201014,-0.062925,0.89774,-0.090388,0.426538,3.592978,90.216835,22.460424,-0.011827,0.884257,-0.13415,0.447163,4.925076,53.983677,30.480204,-0.075923,0.870458,-0.069925,0.481299,0.187393,7.890859,42.332954,-0.020457,0.946222,0.021994,0.322121,-7.07625,1.458528,-11.264248,-0.075923,0.870458,-0.069925,0.481299,12.690928,1.147916,36.021423
63,0.525,0.005365,0.893354,0.005574,0.449287,-2.080458,90.357384,14.831858,-0.009764,0.900123,0.074797,0.429055,-2.044774,98.153687,14.9471,-0.024167,0.903681,0.052596,0.424276,-3.269313,112.959763,16.838272,0.062264,0.944593,-0.042502,0.31947,-4.9092,131.405075,18.222708,0.039825,0.975363,-0.098669,0.193252,-1.637557,145.747864,16.118933,0.012991,0.883174,0.096857,0.458751,-7.274877,125.470909,15.207751,0.440148,-0.560602,0.113211,-0.692227,-17.754725,127.49556,0.580524,0.101641,-0.041976,-0.579983,-0.807172,-9.512,111.997047,-15.543392,0.162842,0.011399,-0.567481,-0.807042,-1.964205,133.628647,-19.872293,-0.173218,0.922992,0.131677,0.317401,-2.415464,125.463676,21.060244,0.334212,0.870576,0.125767,-0.3385,10.957024,129.740097,32.495754,-0.004346,0.227372,0.448841,-0.86419,24.005508,117.899391,16.443903,0.085399,0.073205,0.369669,-0.92233,12.910132,135.378677,7.699425,0.043887,0.885247,0.07958,0.456156,-7.749858,90.496155,7.199275,0.080603,0.925812,-0.028864,0.368161,-7.939286,53.975559,0.480465,-0.020464,0.946125,0.022046,0.322402,-16.093847,6.849098,0.198062,-0.062946,0.897667,-0.090392,0.426686,3.588941,90.218613,22.464439,-0.011881,0.884136,-0.134083,0.44742,4.920997,53.985725,30.485403,-0.076041,0.870455,-0.06986,0.481296,0.187305,7.891336,42.33358,-0.020464,0.946125,0.022046,0.322402,-7.07803,1.462781,-11.26247,-0.076041,0.870455,-0.06986,0.481296,12.692484,1.15175,36.021717
64,0.533333,0.005255,0.893179,0.005596,0.449637,-2.08172,90.35997,14.834828,-0.009692,0.900132,0.07456,0.42908,-2.047763,98.156288,14.949621,-0.024278,0.903716,0.052703,0.424183,-3.267466,112.964523,16.83547,0.061991,0.944734,-0.042719,0.319077,-4.912604,131.409225,18.221916,0.042021,0.975346,-0.098554,0.192932,-1.647998,145.75209,16.107746,0.013163,0.883631,0.097402,0.45775,-7.277081,125.474617,15.206864,0.440318,-0.561602,0.112396,-0.691441,-17.789993,127.510513,0.604945,0.100398,-0.042524,-0.580307,-0.807066,-9.592023,112.01757,-15.547127,0.161625,0.010524,-0.566167,-0.808221,-2.065541,133.653717,-19.863428,-0.173242,0.923007,0.131236,0.317525,-2.416551,125.4683,21.058432,0.334279,0.870536,0.125708,-0.338559,10.952785,129.750107,32.495613,-0.003399,0.22734,0.448632,-0.864311,23.997202,117.906654,16.442472,0.086156,0.072887,0.369941,-0.922176,12.893613,135.369217,7.679546,0.043881,0.885085,0.079562,0.456474,-7.745162,90.497086,7.197794,0.080728,0.925791,-0.028945,0.368179,-7.932364,53.976231,0.480284,-0.019447,0.946122,0.022463,0.322443,-16.100786,6.852153,0.200439,-0.062962,0.897507,-0.090354,0.427028,3.581722,90.222862,22.471863,-0.011957,0.884052,-0.134007,0.447606,4.912971,53.989594,30.491293,-0.07608,0.870456,-0.069879,0.481284,0.186478,7.893431,42.335468,-0.019447,0.946122,0.022463,0.322443,-7.093688,1.467475,-11.267718,-0.07608,0.870456,-0.069879,0.481284,12.691813,1.153975,36.023769
65,0.541667,0.005234,0.893008,0.005557,0.449975,-2.083577,90.359825,14.835948,-0.009734,0.900144,0.074367,0.429087,-2.049677,98.156151,14.950061,-0.024366,0.903762,0.052807,0.424067,-3.268301,112.968216,16.830585,0.062273,0.944768,-0.043194,0.318856,-4.917847,131.412354,18.219326,0.04375,0.975306,-0.09834,0.192855,-1.642055,145.750977,16.093754,0.01327,0.884102,0.097492,0.456819,-7.281531,125.477455,15.204242,0.439532,-0.562209,0.112577,-0.691418,-17.825195,127.515198,0.624777,0.098901,-0.043254,-0.580678,-0.806946,-9.661711,112.024712,-15.5471,0.160865,0.009926,-0.565973,-0.808517,-2.156651,133.675629,-19.852707,-0.173538,0.923003,0.13111,0.317426,-2.419573,125.471786,21.054621,0.334648,0.870437,0.125136,-0.338661,10.948302,129.765396,32.489075,-0.00279,0.227642,0.448645,-0.864227,23.977659,117.899574,16.440235,0.086687,0.072915,0.369483,-0.922307,12.882094,135.352737,7.655189,0.043904,0.88476,0.079482,0.457115,-7.741229,90.496269,7.194613,0.080812,0.925826,-0.028914,0.368075,-7.92783,53.974617,0.481401,-0.020698,0.946094,0.021905,0.322488,-16.102606,6.851661,0.196775,-0.062988,0.897366,-0.090397,0.427313,3.574074,90.223381,22.477282,-0.012001,0.883992,-0.133843,0.447773,4.90317,53.990936,30.500784,-0.076033,0.870431,-0.069772,0.481353,0.185217,7.890663,42.332367,-0.020698,0.946094,0.021905,0.322488,-7.082629,1.463762,-11.259735,-0.076033,0.870431,-0.069772,0.481353,12.69163,1.153144,36.020741
66,0.55,0.005222,0.892824,0.005486,0.450341,-2.086681,90.360924,14.839327,-0.009827,0.900121,0.074229,0.429156,-2.052506,98.157257,14.952382,-0.02442,0.903778,0.052838,0.424025,-3.272098,112.971115,16.828074,0.06229,0.944811,-0.043597,0.318671,-4.923873,131.415039,18.217047,0.045648,0.975236,-0.098211,0.192836,-1.644682,145.751129,16.079699,0.013584,0.884668,0.097316,0.45575,-7.28706,125.479851,15.202136,0.43943,-0.562871,0.112207,-0.691004,-17.86573,127.521278,0.648566,0.097912,-0.043758,-0.58106,-0.806764,-9.733784,112.03405,-15.542312,0.160228,0.009251,-0.566483,-0.808293,-2.251237,133.694839,-19.841618,-0.173566,0.923064,0.130916,0.317316,-2.4246,125.474762,21.052097,0.335051,0.870227,0.124847,-0.33891,10.945474,129.77243,32.482468,-0.00197,0.227521,0.448754,-0.864205,23.953945,117.890099,16.428905,0.087335,0.072485,0.369662,-0.922209,12.860404,135.33844,7.632361,0.043838,0.884587,0.079563,0.457444,-7.738066,90.496567,7.193343,0.080925,0.925728,-0.02901,0.36829,-7.915046,53.975452,0.477003,-0.020555,0.94608,0.021851,0.322541,-16.103018,6.854775,0.194955,-0.062946,0.8973,-0.090414,0.427452,3.564704,90.225273,22.485313,-0.01209,0.883991,-0.13369,0.447819,4.889214,53.992676,30.508869,-0.076097,0.870433,-0.069781,0.481339,0.184731,7.888704,42.33139,-0.020555,0.94608,0.021851,0.322541,-7.083486,1.464024,-11.260566,-0.076097,0.870433,-0.069781,0.481339,12.691609,1.151944,36.019878
67,0.558333,0.00518,0.892624,0.005414,0.450739,-2.089213,90.361282,14.842561,-0.009727,0.900097,0.074021,0.429245,-2.055158,98.157639,14.954336,-0.024545,0.903781,0.052856,0.424008,-3.269753,112.974838,16.825893,0.062915,0.944844,-0.043625,0.318445,-4.925969,131.418457,18.21353,0.047241,0.975236,-0.098259,0.192427,-1.630225,145.751358,16.080269,0.013707,0.885279,0.097407,0.454538,-7.287776,125.482475,15.199107,0.439434,-0.563635,0.111802,-0.690445,-17.90629,127.525368,0.674793,0.0971,-0.044129,-0.581393,-0.806602,-9.811027,112.038399,-15.53469,0.159815,0.008736,-0.566982,-0.808031,-2.347357,133.709366,-19.827541,-0.173564,0.923112,0.130609,0.317303,-2.425201,125.479004,21.048971,0.335556,0.869948,0.124403,-0.339287,10.945181,129.780487,32.477539,-0.001406,0.22762,0.448923,-0.864093,23.925287,117.876694,16.416916,0.087582,0.0721,0.368993,-0.922483,12.840387,135.323837,7.606203,0.043806,0.884426,0.07954,0.45776,-7.733788,90.495636,7.191526,0.081009,0.92568,-0.029034,0.36839,-7.907055,53.974037,0.477666,-0.020398,0.946069,0.021867,0.322581,-16.103216,6.854799,0.193882,-0.06297,0.897258,-0.090378,0.427544,3.555362,90.226936,22.493595,-0.012123,0.88383,-0.133557,0.448175,4.881769,53.994072,30.51565,-0.075964,0.870381,-0.069717,0.481463,0.181083,7.886762,42.32666,-0.020398,0.946069,0.021867,0.322581,-7.084371,1.462964,-11.261667,-0.075964,0.870381,-0.069717,0.481463,12.688722,1.149774,36.016899
68,0.566667,0.005135,0.892423,0.005381,0.451139,-2.09231,90.363838,14.844471,-0.009889,0.900093,0.073842,0.429281,-2.05871,98.160202,14.955488,-0.024446,0.903831,0.05295,0.423897,-3.275486,112.978409,16.820168,0.062803,0.945004,-0.044056,0.317934,-4.929697,131.421844,18.21274,0.04953,0.975248,-0.097952,0.191949,-1.635104,145.752731,16.064171,0.014058,0.885851,0.097195,0.453456,-7.292818,125.486801,15.197481,0.439732,-0.564526,0.111402,-0.689591,-17.946545,127.533936,0.699569,0.096597,-0.044334,-0.581689,-0.806438,-9.894922,112.037956,-15.523044,0.15967,0.0084,-0.567626,-0.807611,-2.448297,133.715195,-19.810858,-0.173588,0.923163,0.130399,0.317227,-2.428722,125.481476,21.046083,0.335997,0.869689,0.124004,-0.339662,10.943111,129.786865,32.471485,-0.000755,0.227495,0.449093,-0.864038,23.896988,117.8647,16.403309,0.088114,0.071837,0.36914,-0.922394,12.815738,135.311768,7.584297,0.043689,0.884269,0.079493,0.458083,-7.730044,90.497154,7.188375,0.081134,0.925673,-0.029035,0.368379,-7.894789,53.974236,0.481482,-0.020301,0.946071,0.021868,0.322583,-16.101927,6.856933,0.19348,-0.063034,0.897038,-0.090386,0.427996,3.545425,90.230522,22.500566,-0.012184,0.883795,-0.13341,0.448284,4.871789,53.998363,30.525816,-0.075981,0.870392,-0.069722,0.48144,0.181137,7.887447,42.326717,-0.020301,0.946071,0.021868,0.322583,-7.084085,1.464202,-11.262441,-0.075981,0.870392,-0.069722,0.48144,12.688581,1.150544,36.016483
69,0.575,0.005107,0.892288,0.005526,0.451404,-2.098529,90.370613,14.845192,-0.010037,0.900135,0.07352,0.429246,-2.066362,98.166962,14.958035,-0.024362,0.903904,0.053144,0.423721,-3.282645,112.98307,16.811785,0.062619,0.945101,-0.045004,0.31755,-4.936801,131.425888,18.212467,0.0517,0.975192,-0.097445,0.191919,-1.640248,145.751877,16.03434,0.014502,0.886495,0.096822,0.452264,-7.300963,125.492012,15.195754,0.440026,-0.565268,0.111079,-0.688847,-17.993359,127.543434,0.726943,0.09607,-0.044738,-0.581917,-0.806314,-9.97829,112.038551,-15.505255,0.159468,0.007531,-0.568118,-0.807313,-2.545977,133.719467,-19.79455,-0.17356,0.923228,0.130301,0.317094,-2.434534,125.484444,21.042412,0.336314,0.869432,0.123686,-0.340122,10.940703,129.791077,32.463364,-3.3e-05,0.227046,0.449284,-0.864057,23.869509,117.857452,16.383499,0.088911,0.071184,0.369567,-0.922197,12.786615,135.305283,7.567013,0.043604,0.883951,0.079483,0.458706,-7.731709,90.504715,7.185757,0.081255,0.925574,-0.029119,0.368596,-7.886509,53.981136,0.482266,-0.019384,0.946077,0.022179,0.3226,-16.107187,6.86619,0.195432,-0.063069,0.896756,-0.090397,0.428578,3.534651,90.236511,22.504627,-0.012386,0.883577,-0.133286,0.448746,4.857747,54.004837,30.532578,-0.075957,0.870417,-0.069689,0.481402,0.183284,7.891238,42.329453,-0.019384,0.946077,0.022179,0.3226,-7.097918,1.473142,-11.267081,-0.075957,0.870417,-0.069689,0.481402,12.690022,1.154591,36.01754
70,0.583333,0.004944,0.892086,0.005571,0.451804,-2.097452,90.37368,14.84788,-0.010295,0.900097,0.073375,0.429342,-2.067925,98.170052,14.960216,-0.0243,0.903914,0.053239,0.423691,-3.289592,112.98764,16.806749,0.063016,0.94515,-0.045469,0.317258,-4.943111,131.430191,18.211666,0.053523,0.975181,-0.097153,0.191624,-1.632623,145.751373,16.023117,0.014966,0.887213,0.09641,0.450927,-7.307667,125.497055,15.193802,0.440491,-0.565952,0.110838,-0.688027,-18.043291,127.55233,0.757591,0.095622,-0.04539,-0.582104,-0.806195,-10.062569,112.032791,-15.477525,0.159017,0.006546,-0.568403,-0.80721,-2.643645,133.714279,-19.779547,-0.173383,0.923334,0.13006,0.316982,-2.44081,125.488045,21.0401,0.336738,0.869157,0.123742,-0.340385,10.939229,129.792679,32.456169,0.0007,0.226727,0.449468,-0.864044,23.845873,117.848351,16.366455,0.089492,0.070851,0.369695,-0.922116,12.763505,135.29628,7.547352,0.043659,0.883746,0.079312,0.459126,-7.723793,90.505424,7.183381,0.080951,0.925647,-0.029085,0.36848,-7.884864,53.980179,0.489113,-0.019215,0.946328,0.022531,0.32185,-16.077635,6.860313,0.211137,-0.063118,0.896526,-0.090405,0.429051,3.528889,90.241936,22.512379,-0.012405,0.883357,-0.133161,0.449215,4.850742,54.010818,30.543041,-0.076006,0.870345,-0.069648,0.48153,0.176996,7.894084,42.327896,-0.019215,0.946328,0.022531,0.32185,-7.087115,1.475057,-11.269746,-0.076006,0.870345,-0.069648,0.48153,12.686518,1.159545,36.019257
71,0.591667,0.004836,0.891879,0.005544,0.452214,-2.100677,90.374443,14.850224,-0.010504,0.900122,0.073103,0.429331,-2.072516,98.17083,14.961441,-0.024214,0.903996,0.053361,0.423505,-3.296524,112.992241,16.79837,0.064143,0.945208,-0.045642,0.316834,-4.948804,131.434464,18.209059,0.054996,0.975242,-0.097066,0.190938,-1.607449,145.749054,16.024408,0.01549,0.887979,0.09584,0.449519,-7.314834,125.502243,15.190554,0.441044,-0.567656,0.10969,-0.686452,-18.095778,127.560577,0.788592,0.095386,-0.045161,-0.581347,-0.806782,-10.195049,112.036194,-15.480984,0.158399,0.005495,-0.568967,-0.806942,-2.734834,133.704422,-19.76544,-0.173433,0.923373,0.129934,0.316891,-2.445525,125.491455,21.034807,0.337224,0.868892,0.123614,-0.340628,10.935966,129.799896,32.447739,0.001405,0.226542,0.449611,-0.864018,23.819143,117.839088,16.351471,0.089836,0.0705,0.369838,-0.922052,12.739253,135.284119,7.525937,0.043541,0.883605,0.07928,0.459413,-7.719999,90.504143,7.180542,0.081018,0.925659,-0.029163,0.368431,-7.872326,53.977757,0.492298,-0.019512,0.946402,0.022422,0.32162,-16.073715,6.859368,0.219233,-0.063143,0.896243,-0.090388,0.429641,3.518645,90.244736,22.519905,-0.012571,0.883191,-0.133059,0.449567,4.837426,54.013622,30.5511,-0.075933,0.870407,-0.069522,0.481448,0.177445,7.894683,42.332794,-0.019512,0.946402,0.022422,0.32162,-7.085854,1.473919,-11.263638,-0.075933,0.870407,-0.069522,0.481448,12.68546,1.161624,36.019592
72,0.6,0.004725,0.891657,0.005432,0.452655,-2.103436,90.37709,14.854585,-0.007906,0.900099,0.067914,0.430287,-2.076078,98.173508,14.963473,-0.025188,0.903375,0.056273,0.424396,-3.169709,113.080177,16.700792,0.063061,0.945342,-0.045437,0.316681,-4.901746,131.508774,18.191795,0.057241,0.975267,-0.096818,0.190276,-1.592564,145.830017,16.001848,0.014836,0.890184,0.095106,0.445316,-7.236729,125.580559,15.141376,0.44098,-0.567893,0.110794,-0.686119,-18.154585,127.592636,0.836344,0.095237,-0.046902,-0.581303,-0.806732,-10.278288,112.030624,-15.40912,0.158552,0.004224,-0.569282,-0.806698,-2.82383,133.686401,-19.754328,-0.173146,0.922626,0.130045,0.319172,-2.379644,125.563393,20.995779,0.339022,0.868007,0.123815,-0.341024,10.952907,129.845535,32.475693,0.003343,0.226521,0.450327,-0.863645,23.765234,117.830109,16.363548,0.090306,0.069978,0.369818,-0.922053,12.717432,135.270065,7.506219,0.043403,0.883397,0.079345,0.459815,-7.715188,90.503983,7.179316,0.081197,0.925733,-0.029171,0.368204,-7.853199,53.977467,0.491417,-0.019263,0.946401,0.022462,0.321636,-16.07073,6.861901,0.214725,-0.063125,0.896052,-0.090368,0.430046,3.508316,90.250206,22.529854,-0.012655,0.883096,-0.132851,0.449813,4.822908,54.018665,30.559811,-0.076066,0.870342,-0.069608,0.481532,0.175736,7.894638,42.326649,-0.019263,0.946401,0.022462,0.321636,-7.085047,1.475155,-11.269246,-0.076066,0.870342,-0.069608,0.481532,12.68619,1.161989,36.017841
73,0.608333,0.004682,0.891469,0.005321,0.453026,-2.10716,90.376434,14.857824,-0.011059,0.900151,0.072581,0.429346,-2.079668,98.172882,14.964874,-0.023841,0.904154,0.053505,0.423171,-3.312118,112.997963,16.780834,0.065189,0.945467,-0.045713,0.315838,-4.953612,131.440277,18.20282,0.058655,0.975322,-0.096726,0.189608,-1.586752,145.749374,16.021317,0.016347,0.889484,0.094857,0.446714,-7.325125,125.510941,15.182959,0.440987,-0.568214,0.111148,-0.685791,-18.196115,127.572105,0.84925,0.094559,-0.047528,-0.581762,-0.806444,-10.340948,111.993317,-15.390357,0.158637,0.003231,-0.569478,-0.806547,-2.911644,133.664658,-19.743546,-0.173164,0.9235,0.129598,0.316807,-2.451233,125.494423,21.023378,0.338385,0.868165,0.123176,-0.341487,10.935566,129.798904,32.431583,0.002579,0.225982,0.450391,-0.863755,23.753401,117.799614,16.311808,0.090735,0.06942,0.369986,-0.921986,12.693998,135.257263,7.487125,0.043214,0.883164,0.079535,0.460248,-7.712516,90.501656,7.177855,0.08181,0.925517,-0.02934,0.368598,-7.828295,53.976162,0.483979,-0.019078,0.946068,0.022234,0.322642,-16.105438,6.871095,0.196947,-0.063161,0.895872,-0.090387,0.430413,3.498197,90.251221,22.537794,-0.012728,0.883049,-0.132677,0.449955,4.811289,54.020275,30.570688,-0.076023,0.870349,-0.0696,0.481527,0.175869,7.892004,42.325527,-0.019078,0.946068,0.022234,0.322642,-7.098308,1.476607,-11.266571,-0.076023,0.870349,-0.0696,0.481527,12.685781,1.158837,36.016197
74,0.616667,0.004645,0.891273,0.0052,0.453413,-2.110734,90.376892,14.859955,-0.011306,0.900156,0.072537,0.429336,-2.082935,98.173363,14.965069,-0.023827,0.904229,0.053499,0.423013,-3.321817,113.002487,16.777185,0.063935,0.945613,-0.047268,0.315428,-4.962471,131.444855,18.199476,0.061543,0.975168,-0.095691,0.190008,-1.617857,145.750458,15.961567,0.0168,0.890107,0.094023,0.445631,-7.33515,125.515518,15.180534,0.441267,-0.568917,0.111378,-0.68499,-18.240601,127.574471,0.87271,0.094452,-0.048119,-0.581732,-0.806444,-10.426012,111.970032,-15.361842,0.158977,0.002434,-0.569389,-0.806546,-2.997498,133.638474,-19.734394,-0.172626,0.923706,0.129318,0.316615,-2.459214,125.499001,21.019245,0.338574,0.867938,0.122889,-0.341978,10.938727,129.790894,32.419102,0.003158,0.22543,0.450601,-0.863788,23.734474,117.785667,16.286207,0.091566,0.068709,0.370593,-0.921713,12.671929,135.247025,7.470511,0.043086,0.882983,0.079579,0.4606,-7.709435,90.500465,7.175108,0.081935,0.925495,-0.029449,0.368617,-7.812663,53.97467,0.482675,-0.019321,0.946109,0.022036,0.322521,-16.104582,6.872177,0.20074,-0.063217,0.8957,-0.090423,0.430755,3.487967,90.253319,22.544802,-0.012834,0.882918,-0.132517,0.450256,4.800509,54.023369,30.582264,-0.075887,0.870357,-0.069498,0.48155,0.176979,7.891288,42.326828,-0.019321,0.946109,0.022036,0.322521,-7.09836,1.47455,-11.26201,-0.075887,0.870357,-0.069498,0.48155,12.686213,1.158408,36.01585
75,0.625,0.004516,0.891075,0.00521,0.453805,-2.112495,90.379051,14.862779,-0.011522,0.900171,0.072324,0.429335,-2.086608,98.175545,14.967137,-0.023667,0.904306,0.053569,0.422848,-3.328684,113.006996,16.770956,0.064277,0.945774,-0.047459,0.314847,-4.964836,131.449371,18.198421,0.063465,0.975221,-0.09537,0.189265,-1.611418,145.752151,15.955695,0.017186,0.890735,0.09357,0.444456,-7.339951,125.521278,15.17893,0.44153,-0.569716,0.111657,-0.684111,-18.282827,127.581749,0.89992,0.094333,-0.048927,-0.581618,-0.806491,-10.514566,111.948944,-15.329589,0.159354,0.001412,-0.569062,-0.806705,-3.083403,133.611435,-19.728968,-0.172514,0.923815,0.12917,0.316416,-2.461769,125.502274,21.015762,0.339233,0.867549,0.122778,-0.342354,10.942131,129.793732,32.408791,0.003793,0.224958,0.451009,-0.863696,23.704334,117.767944,16.264631,0.091985,0.068097,0.370807,-0.921631,12.647841,135.238342,7.454599,0.043154,0.882772,0.079401,0.461028,-7.704465,90.500549,7.172994,0.081472,0.925688,-0.029338,0.368243,-7.815067,53.973091,0.489779,-0.018957,0.946427,0.022559,0.321572,-16.062557,6.862739,0.217747,-0.063243,0.895515,-0.090458,0.431128,3.479475,90.257553,22.552563,-0.012955,0.882822,-0.132367,0.450485,4.789262,54.02832,30.593712,-0.075896,0.870371,-0.069467,0.481527,0.179381,7.892737,42.329876,-0.018957,0.946427,0.022559,0.321572,-7.081435,1.47568,-11.269648,-0.075896,0.870371,-0.069467,0.481527,12.688497,1.160624,36.017834
76,0.633333,0.004415,0.890919,0.005243,0.454111,-2.114439,90.380836,14.865762,-0.011774,0.900213,0.072038,0.429288,-2.090235,98.17733,14.969868,-0.023507,0.904402,0.053648,0.422642,-3.335573,113.012604,16.76313,0.064266,0.94597,-0.047461,0.314257,-4.967249,131.454941,18.196114,0.065542,0.975235,-0.095103,0.188616,-1.616456,145.757889,15.950422,0.017524,0.891397,0.093103,0.443212,-7.34501,125.528122,15.17622,0.442098,-0.570481,0.111697,-0.6831,-18.32745,127.588234,0.927575,0.094673,-0.049488,-0.5814,-0.806574,-10.601171,111.927971,-15.295495,0.159918,0.00065,-0.56902,-0.806624,-3.160107,133.583038,-19.724798,-0.172412,0.923922,0.129106,0.316186,-2.464078,125.506607,21.010742,0.339502,0.867323,0.122524,-0.34275,10.946379,129.797119,32.396393,0.004232,0.224535,0.451062,-0.863776,23.686945,117.762039,16.242079,0.09224,0.067674,0.371047,-0.92154,12.623981,135.231857,7.438652,0.043145,0.882543,0.079419,0.461464,-7.701138,90.500908,7.172128,0.081572,0.925679,-0.029403,0.368238,-7.807203,53.97361,0.487956,-0.019191,0.946402,0.022449,0.321639,-16.065786,6.865186,0.218187,-0.063271,0.895241,-0.090526,0.431678,3.472259,90.260765,22.559395,-0.013028,0.882618,-0.132139,0.45095,4.776741,54.032707,30.606705,-0.075953,0.870289,-0.069356,0.481683,0.176706,7.891551,42.324799,-0.019191,0.946402,0.022449,0.321639,-7.080869,1.477389,-11.265888,-0.075953,0.870289,-0.069356,0.481683,12.689489,1.163387,36.015827
77,0.641667,0.003866,0.890734,0.005494,0.454476,-2.100004,90.374847,14.866507,-0.012464,0.90025,0.072037,0.429192,-2.085241,98.171379,14.970213,-0.023133,0.904546,0.053689,0.422349,-3.350088,113.01886,16.756227,0.065168,0.946111,-0.047747,0.313604,-4.969384,131.461685,18.19702,0.067106,0.975333,-0.094736,0.187741,-1.59385,145.758408,15.948802,0.017791,0.891993,0.092699,0.442085,-7.352899,125.537422,15.176633,0.442468,-0.571124,0.112003,-0.682272,-18.371124,127.596237,0.955451,0.095044,-0.050025,-0.581368,-0.806521,-10.683092,111.906792,-15.257586,0.161163,2.6e-05,-0.568808,-0.806526,-3.242756,133.556076,-19.716902,-0.172263,0.924056,0.128932,0.315947,-2.467932,125.510788,21.007753,0.339996,0.867018,0.122765,-0.342944,10.94985,129.800278,32.385162,0.004915,0.22402,0.451295,-0.863785,23.668041,117.754768,16.221003,0.092673,0.067105,0.370957,-0.921575,12.604986,135.225647,7.424273,0.043264,0.882492,0.079384,0.461557,-7.680483,90.487816,7.168253,0.081707,0.925535,-0.029598,0.368554,-7.794821,53.960873,0.482298,-0.01952,0.946397,0.022625,0.321621,-16.072025,6.855664,0.222187,-0.063132,0.895098,-0.090651,0.431967,3.480475,90.261887,22.56476,-0.013129,0.882463,-0.132034,0.45128,4.76909,54.03421,30.616348,-0.075995,0.870279,-0.069175,0.481719,0.177802,7.890642,42.328377,-0.01952,0.946397,0.022625,0.321621,-7.083396,1.475881,-11.262741,-0.075995,0.870279,-0.069175,0.481719,12.692547,1.167414,36.018032
78,0.65,0.00385,0.890624,0.005449,0.454691,-2.104198,90.375771,14.869276,-0.012644,0.900298,0.071797,0.429126,-2.089366,98.17231,14.972246,-0.022937,0.904641,0.05372,0.422154,-3.356124,113.023804,16.749943,0.065941,0.946272,-0.047548,0.312987,-4.969005,131.466843,18.19519,0.068638,0.975448,-0.09445,0.186735,-1.57642,145.761063,15.956715,0.018258,0.89284,0.091936,0.440511,-7.355748,125.543938,15.174699,0.442538,-0.572023,0.112072,-0.681461,-18.423653,127.600983,0.991885,0.095436,-0.050608,-0.580649,-0.806956,-10.785392,111.892746,-15.226479,0.161876,-0.0008,-0.568698,-0.80646,-3.309263,133.522079,-19.715937,-0.172269,0.924201,0.129015,0.315486,-2.468129,125.514603,21.003584,0.340499,0.866762,0.122652,-0.343133,10.960116,129.806412,32.367767,0.005537,0.223687,0.451494,-0.863763,23.655817,117.743515,16.198877,0.092703,0.065992,0.371012,-0.92163,12.595346,135.213654,7.403538,0.043107,0.882356,0.079484,0.461815,-7.680958,90.488091,7.168318,0.081831,0.92566,-0.029596,0.368214,-7.77962,53.961311,0.481178,-0.019064,0.946394,0.022766,0.321648,-16.067642,6.858018,0.219488,-0.063196,0.894905,-0.090722,0.432343,3.472561,90.263451,22.570234,-0.013167,0.882444,-0.131861,0.451367,4.759768,54.037331,30.62904,-0.075965,0.870261,-0.069124,0.481764,0.178005,7.8895,42.327984,-0.019064,0.946394,0.022766,0.321648,-7.082858,1.477721,-11.268206,-0.075965,0.870261,-0.069124,0.481764,12.693376,1.167119,36.017975
79,0.658333,0.003956,0.890518,0.005273,0.4549,-2.113538,90.376213,14.873502,-0.012446,0.900309,0.071429,0.42917,-2.096,98.172775,14.97479,-0.022911,0.90465,0.053818,0.422122,-3.353307,113.032486,16.745884,0.066283,0.94637,-0.048059,0.31254,-4.966789,131.475174,18.194895,0.070222,0.975501,-0.093895,0.186146,-1.562095,145.764465,15.943438,0.018615,0.893645,0.091156,0.439025,-7.353526,125.552773,15.173406,0.442361,-0.572626,0.112632,-0.680978,-18.468296,127.604546,1.026525,0.095652,-0.051546,-0.58024,-0.807165,-10.868915,111.872826,-15.187351,0.162696,-0.001393,-0.568439,-0.806477,-3.375436,133.486664,-19.716419,-0.172207,0.924291,0.128845,0.315324,-2.46548,125.522469,21.001928,0.340944,0.866485,0.122259,-0.343533,10.967236,129.815445,32.360386,0.006145,0.223403,0.451712,-0.863718,23.635414,117.734596,16.183323,0.093168,0.065391,0.371194,-0.921553,12.577987,135.206436,7.386986,0.042862,0.882163,0.079785,0.462154,-7.686666,90.488831,7.169919,0.082465,0.925332,-0.0298,0.36888,-7.756348,53.964054,0.471511,-0.019173,0.946034,0.022322,0.322729,-16.107048,6.871888,0.199398,-0.063281,0.894779,-0.090695,0.432597,3.459591,90.263596,22.577084,-0.013231,0.882408,-0.13173,0.451473,4.75098,54.037918,30.637175,-0.075946,0.870287,-0.069085,0.481726,0.17892,7.886943,42.327507,-0.019173,0.946034,0.022322,0.322729,-7.096505,1.480789,-11.26303,-0.075946,0.870287,-0.069085,0.481726,12.693649,1.165037,36.015728
80,0.666667,0.004025,0.890438,0.005174,0.455058,-2.119612,90.376999,14.877828,-0.012633,0.900373,0.071303,0.42905,-2.10044,98.173561,14.978233,-0.022897,0.904763,0.053727,0.421892,-3.360967,113.033905,16.743717,0.065202,0.946566,-0.049293,0.311979,-4.972211,131.476974,18.190319,0.072742,0.97542,-0.092725,0.186192,-1.588607,145.763855,15.892225,0.019064,0.894168,0.090605,0.438054,-7.360965,125.554237,15.171081,0.442532,-0.572899,0.113249,-0.680535,-18.505966,127.608932,1.048434,0.095854,-0.052521,-0.580195,-0.807111,-10.928135,111.849167,-15.148266,0.163502,-0.002327,-0.568093,-0.806556,-3.437802,133.452606,-19.718691,-0.172055,0.924427,0.128723,0.315058,-2.469959,125.524559,20.997124,0.341103,0.866347,0.1221,-0.343777,10.97072,129.815948,32.346752,0.006562,0.22311,0.451717,-0.863789,23.625719,117.729546,16.163513,0.093464,0.064924,0.371214,-0.921547,12.562537,135.199005,7.369306,0.04278,0.881995,0.079911,0.462459,-7.689999,90.489929,7.172268,0.082498,0.925222,-0.029873,0.369143,-7.747675,53.966129,0.468456,-0.019182,0.946044,0.022153,0.32271,-16.103794,6.87491,0.199205,-0.063302,0.894715,-0.090703,0.432726,3.450775,90.264061,22.583385,-0.013235,0.882423,-0.131617,0.451477,4.742148,54.038692,30.644878,-0.076618,0.870216,-0.069379,0.481706,0.175211,7.884887,42.326046,-0.019182,0.946044,0.022153,0.32271,-7.094155,1.479226,-11.261777,-0.076618,0.870216,-0.069379,0.481706,12.695871,1.166774,36.021988
81,0.675,0.004073,0.890376,0.00507,0.45518,-2.128391,90.376556,14.883168,-0.012677,0.900457,0.071159,0.428897,-2.10782,98.173126,14.98248,-0.022802,0.904894,0.053609,0.421632,-3.367503,113.035378,16.743906,0.0651,0.946786,-0.049778,0.311258,-4.973293,131.47908,18.188509,0.07463,0.975497,-0.091885,0.185455,-1.591174,145.763458,15.87273,0.019397,0.894669,0.090132,0.437112,-7.365293,125.556473,15.171615,0.443021,-0.573425,0.113377,-0.679751,-18.5397,127.611717,1.072302,0.096169,-0.053331,-0.579956,-0.807192,-10.992004,111.827576,-15.114731,0.164044,-0.003533,-0.567928,-0.806557,-3.492238,133.421356,-19.72357,-0.172036,0.924543,0.128613,0.314774,-2.470886,125.526489,20.994799,0.341161,0.866251,0.121844,-0.344054,10.976504,129.820526,32.33548,0.006924,0.222908,0.451628,-0.863884,23.620546,117.730736,16.146217,0.093794,0.064637,0.371096,-0.921581,12.550838,135.19342,7.35245,0.042608,0.881964,0.080018,0.462516,-7.696661,90.489418,7.176076,0.08255,0.925332,-0.029896,0.368853,-7.738893,53.965794,0.471174,-0.019325,0.94608,0.022013,0.322605,-16.100458,6.875527,0.204727,-0.063364,0.894654,-0.090667,0.432849,3.439879,90.263695,22.59026,-0.01327,0.882458,-0.13153,0.451434,4.735408,54.038422,30.651533,-0.07664,0.870211,-0.069372,0.481713,0.175885,7.882494,42.327209,-0.019325,0.94608,0.022013,0.322605,-7.092238,1.477338,-11.256192,-0.07664,0.870211,-0.069372,0.481713,12.696939,1.16493,36.02335
82,0.683333,0.004055,0.890349,0.00506,0.455232,-2.134056,90.379013,14.887643,-0.0127,0.900503,0.071257,0.428784,-2.113675,98.175583,14.986679,-0.022973,0.904974,0.053293,0.42149,-3.37549,113.04319,16.751266,0.065929,0.946878,-0.049879,0.310784,-4.981854,131.487854,18.182846,0.076038,0.97559,-0.091373,0.184646,-1.577959,145.767487,15.869702,0.019725,0.895054,0.089737,0.43639,-7.374418,125.562904,15.170985,0.443514,-0.574055,0.113523,-0.678873,-18.571182,127.620483,1.089758,0.096486,-0.053991,-0.579565,-0.807391,-11.059511,111.80954,-15.087882,0.164486,-0.004765,-0.567603,-0.80669,-3.541071,133.392471,-19.729364,-0.172014,0.924683,0.128661,0.314354,-2.478303,125.537453,20.992756,0.341307,0.866187,0.121499,-0.344193,10.978942,129.833054,32.321148,0.007293,0.222723,0.451616,-0.863935,23.613674,117.733429,16.131964,0.094145,0.064274,0.37124,-0.921513,12.539801,135.193039,7.337408,0.042624,0.881868,0.080035,0.462696,-7.701416,90.49147,7.179888,0.082524,0.925276,-0.02989,0.368999,-7.742763,53.968151,0.473326,-0.019207,0.946074,0.022053,0.322628,-16.101736,6.877422,0.206011,-0.063364,0.894573,-0.090669,0.433017,3.433304,90.266548,22.595398,-0.013342,0.882392,-0.131431,0.451588,4.727218,54.041302,30.657038,-0.076475,0.870209,-0.069283,0.481754,0.175907,7.883081,42.326866,-0.019207,0.946074,0.022053,0.322628,-7.094109,1.47922,-11.255368,-0.076475,0.870209,-0.069283,0.481754,12.696169,1.165086,36.021893
83,0.691667,0.004012,0.890363,0.005104,0.455205,-2.13952,90.382561,14.893004,-0.012887,0.900616,0.071174,0.428555,-2.12005,98.179131,14.992346,-0.0229,0.905126,0.053216,0.421177,-3.385358,113.046158,16.752533,0.065402,0.947109,-0.050724,0.310056,-4.987572,131.491257,18.183241,0.078158,0.975601,-0.090428,0.184167,-1.593745,145.768143,15.838547,0.019894,0.89537,0.089654,0.435751,-7.383247,125.566391,15.173689,0.443656,-0.574665,0.113774,-0.678222,-18.599958,127.626274,1.108688,0.096446,-0.054927,-0.579206,-0.80759,-11.124437,111.793961,-15.064782,0.164628,-0.00596,-0.566947,-0.807114,-3.591585,133.364029,-19.739193,-0.171864,0.924843,0.128594,0.313993,-2.48308,125.540733,20.992046,0.341258,0.866123,0.121347,-0.344454,10.984235,129.834732,32.309067,0.007524,0.222442,0.451537,-0.864047,23.612,117.737183,16.112896,0.094429,0.064022,0.371431,-0.921425,12.528049,135.195663,7.322488,0.042558,0.881802,0.08018,0.462802,-7.70736,90.494667,7.185593,0.082566,0.925195,-0.029964,0.369187,-7.738545,53.972656,0.47185,-0.019221,0.946048,0.021978,0.322707,-16.103798,6.883028,0.207818,-0.063299,0.894734,-0.090763,0.432674,3.42832,90.270447,22.600416,-0.013396,0.882337,-0.131287,0.451736,4.718011,54.045845,30.665636,-0.076498,0.870176,-0.069199,0.481823,0.175591,7.884142,42.325138,-0.019221,0.946048,0.021978,0.322707,-7.094361,1.482898,-11.251225,-0.076498,0.870176,-0.069199,0.481823,12.697607,1.168651,36.020988
84,0.7,0.003972,0.890396,0.005136,0.455141,-2.144911,90.383514,14.898417,-0.012946,0.900724,0.07119,0.428323,-2.126212,98.180092,14.997928,-0.022854,0.905274,0.052974,0.420892,-3.393209,113.050842,16.758554,0.065859,0.947187,-0.051451,0.309601,-4.989664,131.496979,18.182383,0.07938,0.975644,-0.089596,0.183822,-1.57879,145.766846,15.819772,0.020097,0.895715,0.089254,0.435115,-7.388809,125.571442,15.17689,0.443609,-0.575239,0.113956,-0.677735,-18.625301,127.629768,1.127455,0.096461,-0.055655,-0.578779,-0.807845,-11.183209,111.783348,-15.047627,0.164797,-0.006788,-0.566869,-0.807128,-3.630896,133.341354,-19.74873,-0.171854,0.92496,0.128588,0.313657,-2.484951,125.546989,20.992146,0.341294,0.866042,0.121119,-0.344701,10.990125,129.843018,32.299156,0.007693,0.22232,0.45147,-0.864112,23.608557,117.742958,16.097589,0.094555,0.063941,0.371398,-0.921431,12.520159,135.197418,7.308407,0.042487,0.881788,0.080279,0.462818,-7.713865,90.495239,7.191803,0.082495,0.925252,-0.029956,0.369062,-7.736881,53.973961,0.474047,-0.0194,0.946126,0.021911,0.322475,-16.095617,6.883156,0.213009,-0.063276,0.894752,-0.090772,0.432638,3.424043,90.271797,22.605028,-0.013447,0.882297,-0.131218,0.451833,4.712241,54.047108,30.670113,-0.076242,0.870191,-0.068982,0.481868,0.175817,7.883796,42.325581,-0.0194,0.946126,0.021911,0.322475,-7.09004,1.482832,-11.248981,-0.076242,0.870191,-0.068982,0.481868,12.696692,1.169398,36.017998
85,0.708333,0.003942,0.890441,0.005133,0.455053,-2.15044,90.385315,14.904231,-0.013138,0.900875,0.071198,0.427999,-2.13213,98.1819,15.003474,-0.022781,0.905476,0.052806,0.420482,-3.403732,113.051903,16.76223,0.066089,0.947358,-0.051953,0.308943,-4.994474,131.498825,18.182274,0.080821,0.975705,-0.088846,0.183234,-1.575606,145.764313,15.804865,0.020248,0.895882,0.089023,0.43481,-7.397776,125.573013,15.180654,0.443606,-0.575714,0.114176,-0.677297,-18.643639,127.631737,1.138781,0.096313,-0.056372,-0.578541,-0.807983,-11.22998,111.77063,-15.034962,0.164992,-0.007845,-0.566471,-0.807358,-3.668243,133.32164,-19.758593,-0.172022,0.925077,0.128565,0.313229,-2.488625,125.549026,20.99144,0.341175,0.866066,0.120716,-0.344903,10.994094,129.853683,32.286057,0.0078,0.222233,0.451246,-0.86425,23.609793,117.752708,16.083046,0.094598,0.063811,0.371575,-0.921364,12.510631,135.20015,7.293849,0.042398,0.881791,0.080472,0.462786,-7.720914,90.496483,7.198709,0.08254,0.925199,-0.029959,0.369184,-7.731653,53.976952,0.47143,-0.019124,0.946082,0.021949,0.322616,-16.094471,6.88689,0.207934,-0.063238,0.894804,-0.090727,0.432545,3.420034,90.274147,22.609753,-0.013456,0.882455,-0.131208,0.451528,4.708001,54.048504,30.670551,-0.076378,0.870212,-0.069109,0.48179,0.176831,7.884979,42.327209,-0.019124,0.946082,0.021949,0.322616,-7.088384,1.484992,-11.252912,-0.076378,0.870212,-0.069109,0.48179,12.697397,1.169547,36.020115
86,0.716667,0.004043,0.890523,0.005015,0.454893,-2.161974,90.385208,14.911057,-0.013107,0.901008,0.071115,0.427733,-2.141396,98.181793,15.009379,-0.022771,0.905626,0.05265,0.42018,-3.410658,113.053253,16.766788,0.065528,0.947642,-0.052281,0.308135,-4.998183,131.500793,18.182306,0.082955,0.975743,-0.088055,0.182457,-1.595253,145.767075,15.786862,0.020393,0.896136,0.088741,0.434338,-7.404215,125.574371,15.184082,0.443305,-0.576275,0.11422,-0.677009,-18.664711,127.632057,1.153784,0.09623,-0.056819,-0.578074,-0.808296,-11.282371,111.767494,-15.030892,0.165349,-0.00863,-0.566302,-0.807395,-3.698193,133.306351,-19.767599,-0.172113,0.925169,0.128545,0.312914,-2.491194,125.551544,20.991604,0.341133,0.866043,0.120304,-0.345144,10.997532,129.861511,32.27702,0.00775,0.222253,0.451194,-0.864273,23.606632,117.757225,16.071341,0.094592,0.063692,0.371426,-0.921433,12.506765,135.201996,7.282953,0.04228,0.881818,0.080638,0.462717,-7.735205,90.49707,7.207539,0.082362,0.925325,-0.029904,0.368911,-7.733003,53.978764,0.473568,-0.018998,0.946225,0.021983,0.322202,-16.078333,6.885576,0.214045,-0.063235,0.894911,-0.090681,0.432335,3.411257,90.273354,22.614574,-0.013469,0.88254,-0.131154,0.451375,4.702399,54.047035,30.671871,-0.076415,0.870205,-0.0692,0.481783,0.176652,7.882181,42.325359,-0.018998,0.946225,0.021983,0.322202,-7.083458,1.483279,-11.255413,-0.076415,0.870205,-0.0692,0.481783,12.697077,1.165217,36.019619
87,0.725,0.004051,0.890622,0.005061,0.454699,-2.169994,90.38501,14.915335,-0.013129,0.901151,0.071138,0.427427,-2.149615,98.18158,15.014349,-0.022736,0.905795,0.052476,0.419839,-3.419187,113.053001,16.772549,0.065367,0.947768,-0.052864,0.307682,-5.002279,131.501282,18.183357,0.084444,0.975702,-0.087371,0.182322,-1.600607,145.764557,15.768252,0.020531,0.896273,0.088652,0.434066,-7.411656,125.574348,15.188852,0.44294,-0.576655,0.114446,-0.676887,-18.6805,127.634338,1.1656,0.096113,-0.057335,-0.577754,-0.808502,-11.321466,111.765198,-15.025202,0.16573,-0.009255,-0.566176,-0.807398,-3.722884,133.295258,-19.777275,-0.172117,0.925341,0.128769,0.312311,-2.494251,125.552475,20.992664,0.341076,0.865998,0.120246,-0.345334,11.00806,129.863907,32.261253,0.007643,0.221946,0.451143,-0.864379,23.612795,117.76284,16.049774,0.094515,0.063548,0.371308,-0.921498,12.504034,135.210052,7.273879,0.042285,0.881823,0.080704,0.462695,-7.746585,90.497383,7.214256,0.082303,0.925157,-0.029944,0.369343,-7.742581,53.979908,0.475788,-0.01857,0.946227,0.022035,0.322218,-16.084021,6.88602,0.217966,-0.063218,0.895023,-0.090746,0.432091,3.406597,90.272629,22.616413,-0.013469,0.882715,-0.131039,0.451068,4.696684,54.047035,30.677143,-0.076366,0.870194,-0.069202,0.48181,0.180033,7.879299,42.322754,-0.01857,0.946227,0.022035,0.322218,-7.093242,1.481024,-11.253433,-0.076366,0.870194,-0.069202,0.48181,12.70033,1.161623,36.017513
88,0.733333,0.004392,0.890778,0.004836,0.454393,-2.191632,90.391472,14.923623,-0.013294,0.90135,0.071043,0.427017,-2.164897,98.188034,15.021922,-0.022441,0.90603,0.052362,0.419361,-3.436715,113.057304,16.775707,0.065919,0.947893,-0.05305,0.307148,-5.007387,131.506531,18.188156,0.085591,0.975715,-0.087004,0.181895,-1.591134,145.765869,15.770472,0.020528,0.896273,0.088618,0.434073,-7.42352,125.581001,15.196305,0.442697,-0.576695,0.115005,-0.676916,-18.69216,127.640381,1.172805,0.095973,-0.058034,-0.57773,-0.808486,-11.341499,111.758842,-15.009636,0.166047,-0.009798,-0.565822,-0.807576,-3.744334,133.28775,-19.784788,-0.172407,0.925445,0.128788,0.311835,-2.49981,125.556252,20.994757,0.339465,0.866668,0.11604,-0.346677,11.009644,129.880066,32.250031,0.005729,0.222939,0.450418,-0.864517,23.622314,117.77285,16.049328,0.094414,0.063447,0.371471,-0.92145,12.498664,135.221924,7.268277,0.042017,0.881861,0.08092,0.462609,-7.77346,90.50766,7.226398,0.082282,0.925257,-0.029753,0.369112,-7.745153,53.991093,0.483058,-0.01879,0.946246,0.021656,0.322174,-16.078102,6.895775,0.211214,-0.063349,0.895161,-0.090673,0.431801,3.390196,90.275284,22.620848,-0.01352,0.882788,-0.131033,0.450924,4.693951,54.049934,30.680456,-0.076243,0.870268,-0.069205,0.481696,0.183788,7.882166,42.328457,-0.01879,0.946246,0.021656,0.322174,-7.08722,1.482451,-11.256175,-0.076243,0.870268,-0.069205,0.481696,12.700859,1.162087,36.019371
89,0.741667,0.004338,0.890944,0.004774,0.454067,-2.197865,90.395126,14.931166,-0.013342,0.901451,0.071421,0.42674,-2.171403,98.191711,15.028213,-0.022418,0.906154,0.05205,0.419133,-3.448291,113.053368,16.791267,0.066065,0.947964,-0.053605,0.3068,-5.012982,131.503845,18.193987,0.086765,0.975697,-0.08642,0.181709,-1.589399,145.758789,15.760734,0.020471,0.896218,0.088721,0.43417,-7.432321,125.577293,15.206738,0.442103,-0.577242,0.114869,-0.676862,-18.697992,127.636696,1.180851,0.095618,-0.058133,-0.577335,-0.808803,-11.375913,111.764671,-15.02387,0.166283,-0.010265,-0.565674,-0.807625,-3.758413,133.286606,-19.792042,-0.172571,0.925595,0.128817,0.311286,-2.505684,125.554451,21.002712,0.340935,0.865993,0.12007,-0.345547,11.014118,129.886932,32.242226,0.0074,0.221609,0.450909,-0.86459,23.616415,117.790115,16.025673,0.094075,0.063589,0.371544,-0.921445,12.490863,135.235931,7.265375,0.041992,0.881898,0.081059,0.462517,-7.785323,90.509857,7.238001,0.082276,0.925352,-0.029768,0.368875,-7.751281,53.994804,0.486498,-0.01858,0.946243,0.021727,0.32219,-16.084225,6.89947,0.218288,-0.063309,0.895307,-0.090679,0.431503,3.389592,90.280403,22.624332,-0.013529,0.882821,-0.130978,0.450876,4.693214,54.05476,30.682659,-0.07526,0.870236,-0.068468,0.482015,0.186809,7.885641,42.326782,-0.01858,0.946243,0.021727,0.32219,-7.095016,1.486092,-11.250392,-0.07526,0.870236,-0.068468,0.482015,12.701326,1.168007,36.010033
90,0.75,0.004491,0.891106,0.004677,0.453748,-2.211929,90.395592,14.936688,-0.013266,0.90161,0.071366,0.426415,-2.182615,98.192169,15.033454,-0.022425,0.906311,0.051951,0.418806,-3.456207,113.05529,16.796606,0.066517,0.948079,-0.053848,0.306304,-5.019097,131.506119,18.196486,0.087917,0.975734,-0.085933,0.181188,-1.583035,145.757217,15.758321,0.020527,0.896328,0.088638,0.433957,-7.440837,125.579048,15.212252,0.441926,-0.577357,0.114703,-0.676907,-18.713135,127.63839,1.191683,0.09565,-0.058315,-0.577118,-0.808941,-11.395562,111.773888,-15.022439,0.166477,-0.010592,-0.565502,-0.807701,-3.767774,133.289307,-19.797489,-0.172702,0.925677,0.128891,0.310938,-2.510035,125.557236,21.004684,0.339187,0.866673,0.116089,-0.346919,11.015956,129.895416,32.234539,0.005307,0.222524,0.450174,-0.864753,23.629618,117.80175,16.02449,0.093869,0.063504,0.371527,-0.921479,12.487152,135.251465,7.265295,0.04183,0.882098,0.081241,0.462119,-7.804873,90.512054,7.24754,0.082274,0.925387,-0.029709,0.368791,-7.756989,53.998203,0.489651,-0.018559,0.9462,0.021689,0.322321,-16.087727,6.902507,0.217047,-0.063416,0.895419,-0.090663,0.431258,3.381015,90.279129,22.625837,-0.013509,0.882961,-0.130988,0.450599,4.694422,54.054295,30.686144,-0.075371,0.870278,-0.0685,0.481917,0.189548,7.885382,42.331619,-0.018559,0.9462,0.021689,0.322321,-7.095725,1.487927,-11.24887,-0.075371,0.870278,-0.0685,0.481917,12.703625,1.168455,36.013248
91,0.758333,0.004341,0.891315,0.004743,0.45334,-2.213732,90.398392,14.942423,-0.013325,0.901792,0.07138,0.426026,-2.186932,98.194977,15.039037,-0.022475,0.906489,0.051837,0.418431,-3.461368,113.055756,16.802084,0.066755,0.948214,-0.053991,0.305809,-5.023597,131.506943,18.19799,0.08912,0.975748,-0.085454,0.180751,-1.581842,145.755951,15.755692,0.020449,0.896348,0.088693,0.433908,-7.447622,125.578949,15.217422,0.441586,-0.577218,0.114855,-0.677222,-18.721581,127.636459,1.19791,0.095461,-0.058675,-0.577137,-0.808924,-11.398009,111.777603,-15.019047,0.16661,-0.010923,-0.565378,-0.807756,-3.772084,133.29541,-19.803318,-0.172849,0.925735,0.128948,0.31066,-2.512083,125.558922,21.005831,0.340546,0.866037,0.120036,-0.345831,11.018344,129.903061,32.228046,0.00684,0.221238,0.450678,-0.86481,23.623905,117.822624,16.00182,0.09349,0.063508,0.371614,-0.921482,12.482527,135.268158,7.265862,0.041923,0.882237,0.081336,0.461828,-7.81375,90.512863,7.258391,0.082073,0.925508,-0.029618,0.368541,-7.770878,54.000725,0.491197,-0.018516,0.946258,0.021723,0.322151,-16.080856,6.90135,0.219944,-0.063298,0.895602,-0.090674,0.430893,3.386286,90.28392,22.626453,-0.013524,0.882995,-0.131009,0.450526,4.694808,54.058109,30.68322,-0.075175,0.870283,-0.068546,0.481932,0.191236,7.889753,42.331421,-0.018516,0.946258,0.021723,0.322151,-7.093299,1.487238,-11.249682,-0.075175,0.870283,-0.068546,0.481932,12.703088,1.168733,36.012993
92,0.766667,0.004539,0.891486,0.004665,0.453002,-2.229764,90.393875,14.946916,-0.013177,0.90196,0.071349,0.42568,-2.199612,98.190445,15.043833,-0.022527,0.906655,0.051676,0.41809,-3.469218,113.054779,16.808815,0.066989,0.948262,-0.054382,0.305538,-5.030171,131.5065,18.19911,0.090225,0.975682,-0.084991,0.180777,-1.579761,145.751724,15.746898,0.020366,0.896291,0.088799,0.434007,-7.456491,125.577454,15.222528,0.441218,-0.577534,0.11443,-0.677265,-18.72743,127.634224,1.200493,0.095275,-0.058434,-0.576821,-0.809189,-11.416628,111.792358,-15.038792,0.166666,-0.011106,-0.565141,-0.807907,-3.773736,133.303101,-19.80744,-0.172827,0.925823,0.128964,0.310406,-2.516642,125.559471,21.007261,0.338708,0.8667,0.116156,-0.347297,11.019781,129.904388,32.221935,0.004578,0.222132,0.449948,-0.864976,23.636425,117.833313,15.99737,0.093035,0.06345,0.371863,-0.921432,12.477407,135.285355,7.266357,0.041839,0.882335,0.081444,0.461628,-7.835565,90.511024,7.267146,0.081892,0.925552,-0.029522,0.368477,-7.784979,53.999668,0.495788,-0.018697,0.946321,0.021637,0.321962,-16.075788,6.896922,0.223075,-0.063386,0.895886,-0.090725,0.430279,3.376037,90.276733,22.626684,-0.013385,0.883251,-0.130972,0.450039,4.694228,54.052437,30.688679,-0.076243,0.870236,-0.069243,0.481749,0.186913,7.882801,42.330383,-0.018697,0.946321,0.021637,0.321962,-7.091077,1.482109,-11.248444,-0.076243,0.870236,-0.069243,0.481749,12.704632,1.162034,36.023323
93,0.775,0.00466,0.891694,0.004447,0.452594,-2.241078,90.396904,14.953977,-0.013258,0.902208,0.070933,0.425223,-2.207662,98.193489,15.0487,-0.022672,0.906874,0.051823,0.417588,-3.473453,113.061546,16.802317,0.06655,0.948399,-0.054991,0.305099,-5.040791,131.512466,18.196157,0.091868,0.975553,-0.084378,0.180935,-1.599078,145.755844,15.721114,0.020276,0.896223,0.089003,0.434111,-7.467802,125.582672,15.221614,0.440981,-0.577451,0.114353,-0.677503,-18.735611,127.639999,1.197141,0.095179,-0.058322,-0.576718,-0.809281,-11.41938,111.807594,-15.048928,0.166664,-0.011222,-0.56501,-0.807998,-3.771189,133.315323,-19.810066,-0.172896,0.925828,0.129081,0.310303,-2.521673,125.566231,21.000982,0.338436,0.866789,0.116076,-0.347366,11.01619,129.912689,32.213322,0.004132,0.222009,0.449811,-0.865081,23.639307,117.850449,15.987221,0.092623,0.063426,0.371904,-0.921459,12.472135,135.304047,7.268869,0.041716,0.882593,0.081585,0.461122,-7.853891,90.514198,7.279334,0.081775,0.925724,-0.029393,0.368082,-7.794298,54.003788,0.502965,-0.017651,0.946397,0.022067,0.321768,-16.070375,6.898478,0.226471,-0.06333,0.896112,-0.090734,0.429813,3.371736,90.27961,22.62862,-0.013441,0.883549,-0.130976,0.449451,4.690113,54.054916,30.688784,-0.076097,0.870346,-0.069318,0.481562,0.195082,7.885533,42.336231,-0.017651,0.946397,0.022067,0.321768,-7.100334,1.485379,-11.257335,-0.076097,0.870346,-0.069318,0.481562,12.707782,1.160115,36.02417
94,0.783333,0.004404,0.891885,0.004614,0.452217,-2.236795,90.39283,14.956803,-0.013465,0.902334,0.070982,0.424939,-2.208086,98.189423,15.052038,-0.022683,0.906992,0.051773,0.417338,-3.48008,113.063309,16.805454,0.066405,0.948486,-0.055254,0.304814,-5.046618,131.514404,18.197857,0.093176,0.975462,-0.084011,0.180926,-1.607856,145.756775,15.71292,0.020219,0.896212,0.08905,0.434126,-7.47527,125.584244,15.225381,0.440606,-0.577383,0.114117,-0.677844,-18.742695,127.640495,1.200438,0.095042,-0.058142,-0.576572,-0.809414,-11.42016,111.825607,-15.059847,0.166624,-0.011187,-0.564841,-0.808125,-3.763323,133.332016,-19.810087,-0.173234,0.925852,0.129431,0.309896,-2.525974,125.56852,21.002043,0.338231,0.866853,0.116095,-0.347402,11.016791,129.924423,32.204796,0.003792,0.221778,0.449641,-0.86523,23.64535,117.87014,15.977019,0.092294,0.063488,0.371751,-0.921549,12.466927,135.323196,7.273292,0.041872,0.882809,0.081599,0.460691,-7.85614,90.50721,7.286893,0.081632,0.925722,-0.029326,0.368125,-7.809595,53.997932,0.504272,-0.017457,0.946397,0.022404,0.321754,-16.070742,6.890002,0.226585,-0.063204,0.896342,-0.0908,0.429338,3.382549,90.27845,22.626713,-0.013336,0.88364,-0.131024,0.449261,4.694798,54.053452,30.686548,-0.076474,0.87031,-0.069557,0.481533,0.191346,7.884997,42.334438,-0.017457,0.946397,0.022404,0.321754,-7.102049,1.484319,-11.261768,-0.076474,0.87031,-0.069557,0.481533,12.70674,1.159982,36.027283
95,0.791667,0.004685,0.892121,0.004444,0.45175,-2.257941,90.398941,14.965755,-0.013299,0.902507,0.07073,0.424619,-2.224071,98.195518,15.060586,-0.022681,0.907124,0.05174,0.417054,-3.48731,113.065636,16.809198,0.066107,0.948588,-0.055435,0.304527,-5.052833,131.516861,18.201029,0.094458,0.975358,-0.083699,0.180967,-1.621956,145.759552,15.707026,0.019964,0.896121,0.089381,0.434258,-7.483389,125.586472,15.230571,0.440103,-0.577386,0.113891,-0.678206,-18.747038,127.640022,1.202199,0.094783,-0.057852,-0.576408,-0.809582,-11.422237,111.844231,-15.075621,0.166504,-0.011019,-0.564736,-0.808225,-3.754817,133.35141,-19.807793,-0.173402,0.92587,0.129335,0.309789,-2.530484,125.57119,21.004139,0.337896,0.866928,0.115946,-0.34759,11.012576,129.934402,32.20369,0.003355,0.221716,0.449475,-0.865334,23.645697,117.89135,15.971126,0.0919,0.063484,0.371844,-0.921551,12.459394,135.344284,7.277661,0.041713,0.883047,0.081778,0.460218,-7.885263,90.516602,7.301747,0.081493,0.925763,-0.029098,0.36807,-7.825757,54.008514,0.512854,-0.017614,0.94642,0.022084,0.321701,-16.066751,6.897149,0.220367,-0.063313,0.896528,-0.090715,0.428952,3.36938,90.281273,22.629761,-0.013307,0.883702,-0.131035,0.449136,4.695065,54.056156,30.686834,-0.076356,0.870301,-0.069552,0.481569,0.190386,7.8879,42.335026,-0.017614,0.94642,0.022084,0.321701,-7.098677,1.484149,-11.265022,-0.076356,0.870301,-0.069552,0.481569,12.705013,1.161229,36.028118
96,0.8,0.004339,0.892344,0.004668,0.451311,-2.250512,90.394981,14.967796,-0.013371,0.902599,0.070895,0.424395,-2.222978,98.191574,15.063288,-0.022947,0.907176,0.051696,0.416933,-3.490461,113.068184,16.816605,0.066178,0.948607,-0.055709,0.304404,-5.064085,131.519135,18.203037,0.095611,0.975257,-0.083444,0.181023,-1.629411,145.759583,15.701572,0.019885,0.895948,0.08977,0.434538,-7.492623,125.5867,15.234998,0.439494,-0.577044,0.11406,-0.678863,-18.747568,127.644585,1.200283,0.094428,-0.057817,-0.576481,-0.809574,-11.405774,111.863708,-15.084341,0.166321,-0.010681,-0.564448,-0.808469,-3.743073,133.371811,-19.805326,-0.173742,0.925905,0.129664,0.309356,-2.53837,125.575485,21.007416,0.337613,0.867017,0.115873,-0.347668,11.010122,129.948685,32.196491,0.003057,0.221461,0.449247,-0.865519,23.64978,117.915115,15.961991,0.091619,0.063434,0.371914,-0.921554,12.44912,135.366074,7.282641,0.041859,0.883329,0.081788,0.459661,-7.885431,90.508682,7.309315,0.081418,0.925766,-0.029075,0.368081,-7.839411,54.001629,0.51479,-0.018335,0.946415,0.021988,0.321682,-16.073067,6.888977,0.222845,-0.063161,0.896714,-0.090869,0.428553,3.384408,90.281281,22.626278,-0.013264,0.883791,-0.131062,0.448954,4.698586,54.056812,30.688152,-0.076376,0.870338,-0.069518,0.481503,0.191509,7.889119,42.337643,-0.018335,0.946415,0.021988,0.321682,-7.097902,1.48025,-11.259015,-0.076376,0.870338,-0.069518,0.481503,12.705495,1.163329,36.02853
97,0.808333,0.004282,0.892549,0.004693,0.450906,-2.255953,90.395882,14.973095,-0.013292,0.902702,0.070834,0.424188,-2.229356,98.192474,15.068522,-0.023057,0.907233,0.051714,0.416799,-3.493673,113.071381,16.821737,0.067145,0.948539,-0.056095,0.304335,-5.071072,131.522064,18.207268,0.09617,0.97523,-0.083246,0.180963,-1.606794,145.754974,15.703673,0.019802,0.895884,0.089966,0.434633,-7.499104,125.588882,15.240338,0.439221,-0.577316,0.11336,-0.678927,-18.751181,127.647438,1.203415,0.094395,-0.057143,-0.576053,-0.80993,-11.416733,111.890686,-15.107859,0.166037,-0.010303,-0.564258,-0.808664,-3.727364,133.395401,-19.80158,-0.17388,0.925917,0.129743,0.30921,-2.54323,125.579201,21.01137,0.337199,0.867116,0.116002,-0.347779,11.006805,129.956894,32.196827,0.002728,0.221278,0.448928,-0.865732,23.656099,117.941574,15.956306,0.091332,0.063596,0.371692,-0.921661,12.439139,135.387405,7.288769,0.041901,0.88362,0.081782,0.459099,-7.897838,90.508804,7.319727,0.081295,0.925955,-0.028838,0.36765,-7.85909,54.001934,0.524133,-0.019171,0.946344,0.021684,0.321863,-16.073755,6.886047,0.21946,-0.063133,0.896816,-0.090878,0.428342,3.385931,90.282959,22.626463,-0.013232,0.883884,-0.131083,0.448767,4.699868,54.05835,30.687731,-0.076384,0.870332,-0.069584,0.481504,0.191652,7.891098,42.338543,-0.019171,0.946344,0.021684,0.321863,-7.086125,1.477059,-11.252529,-0.076384,0.870332,-0.069584,0.481504,12.705424,1.163932,36.030464
98,0.816667,0.004349,0.892716,0.004691,0.450574,-2.264611,90.395058,14.975577,-0.013284,0.902823,0.070784,0.423938,-2.237024,98.19165,15.071438,-0.023059,0.907336,0.05175,0.416571,-3.500277,113.073936,16.824129,0.066967,0.948619,-0.056222,0.304098,-5.077961,131.524475,18.211266,0.097381,0.975117,-0.083134,0.180978,-1.618508,145.757462,15.701421,0.019659,0.895718,0.090226,0.434928,-7.507165,125.591293,15.245293,0.438422,-0.577009,0.113494,-0.67968,-18.750153,127.650139,1.201133,0.093877,-0.05701,-0.576044,-0.810007,-11.4003,111.913361,-15.122483,0.165639,-0.009898,-0.563965,-0.808956,-3.710105,133.420593,-19.797199,-0.174076,0.925889,0.129839,0.309141,-2.548398,125.581619,21.01384,0.336794,0.867219,0.115892,-0.34795,11.00071,129.964966,32.198208,0.00222,0.221312,0.448618,-0.865886,23.657331,117.963852,15.952895,0.090757,0.063838,0.371484,-0.921785,12.42842,135.405869,7.292723,0.04184,0.88377,0.081837,0.458805,-7.91217,90.509087,7.326415,0.081155,0.926055,-0.02872,0.367439,-7.869796,54.00251,0.529295,-0.018075,0.946443,0.022268,0.321593,-16.068056,6.883791,0.220981,-0.063142,0.896951,-0.090897,0.428054,3.382948,90.281029,22.624741,-0.013144,0.884044,-0.131077,0.448456,4.699466,54.056763,30.687136,-0.076341,0.870301,-0.069547,0.481571,0.188126,7.889133,42.335236,-0.018075,0.946443,0.022268,0.321593,-7.096963,1.480242,-11.2665,-0.076341,0.870301,-0.069547,0.481571,12.702656,1.162367,36.028229
99,0.825,0.004437,0.892902,0.00458,0.450206,-2.275566,90.393272,14.980288,-0.013196,0.902913,0.070791,0.423749,-2.245931,98.189865,15.075209,-0.023075,0.907394,0.051721,0.416448,-3.506878,113.07634,16.829958,0.065966,0.948737,-0.056023,0.303988,-5.084447,131.526978,18.216068,0.098888,0.9749,-0.083265,0.181266,-1.65471,145.766418,15.702078,0.019515,0.895585,0.090421,0.435168,-7.514366,125.593521,15.251216,0.437785,-0.576908,0.113267,-0.680215,-18.75001,127.651466,1.201051,0.093519,-0.056607,-0.575867,-0.810202,-11.392149,111.938797,-15.14218,0.16521,-0.009423,-0.563814,-0.809155,-3.690086,133.447937,-19.791975,-0.174351,0.925878,0.130088,0.308915,-2.554047,125.584366,21.018427,0.336434,0.867327,0.115751,-0.348076,10.996642,129.975159,32.197952,0.001939,0.221175,0.44831,-0.866081,23.660629,117.985519,15.949901,0.090508,0.063843,0.371317,-0.921876,12.416712,135.422104,7.298934,0.041839,0.88396,0.081895,0.45843,-7.929415,90.507828,7.335783,0.081011,0.92612,-0.028572,0.367319,-7.887866,54.001953,0.534919,-0.018108,0.946456,0.022299,0.321552,-16.068371,6.880191,0.219625,-0.063196,0.897042,-0.090861,0.427862,3.378284,90.278709,22.624792,-0.013118,0.884233,-0.131135,0.448067,4.701278,54.054474,30.686241,-0.076381,0.870378,-0.069605,0.481419,0.190406,7.888258,42.340107,-0.018108,0.946456,0.022299,0.321552,-7.097808,1.477805,-11.268815,-0.076381,0.870378,-0.069605,0.481419,12.702677,1.160278,36.029926
100,0.833333,0.004472,0.89307,0.004566,0.449873,-2.282685,90.393585,14.983543,-0.013358,0.903047,0.071066,0.423411,-2.252443,98.190178,15.078507,-0.023167,0.907547,0.051589,0.416126,-3.520538,113.074539,16.838985,0.066452,0.94873,-0.056049,0.303897,-5.098686,131.525513,18.219818,0.099657,0.97479,-0.083382,0.181388,-1.655751,145.762344,15.709075,0.019491,0.89528,0.090805,0.435716,-7.530168,125.590836,15.258704,0.437118,-0.576714,0.113161,-0.680826,-18.748564,127.655647,1.195772,0.093039,-0.056238,-0.575762,-0.810357,-11.378826,111.965523,-15.163757,0.164582,-0.008924,-0.563552,-0.80947,-3.669214,133.477722,-19.786655,-0.174625,0.925912,0.130331,0.308556,-2.565842,125.584091,21.022472,0.335884,0.867555,0.115584,-0.348096,10.989401,129.983246,32.19318,0.001474,0.221113,0.447807,-0.866358,23.670366,118.010056,15.946251,0.08997,0.063874,0.371065,-0.922028,12.404795,135.437546,7.304193,0.041915,0.884201,0.081854,0.457965,-7.942229,90.508598,7.34326,0.0808,0.926144,-0.028435,0.367316,-7.910621,54.002689,0.54246,-0.018372,0.946484,0.022222,0.321461,-16.06782,6.876919,0.222606,-0.063176,0.897187,-0.090864,0.427561,3.376859,90.278572,22.623829,-0.01304,0.884373,-0.131134,0.447792,4.701115,54.054176,30.684391,-0.076508,0.870335,-0.069744,0.481456,0.187257,7.88773,42.336201,-0.018372,0.946484,0.022222,0.321461,-7.096831,1.474927,-11.265688,-0.076508,0.870335,-0.069744,0.481456,12.70088,1.158693,36.029827
101,0.841667,0.00441,0.893249,0.004632,0.449516,-2.287122,90.392479,14.988193,-0.013266,0.903125,0.070981,0.423263,-2.258159,98.189072,15.083631,-0.023288,0.907572,0.051672,0.416054,-3.522711,113.077415,16.843609,0.066661,0.948756,-0.055653,0.303844,-5.106126,131.527863,18.225451,0.100504,0.974687,-0.083817,0.18127,-1.661021,145.766373,15.727242,0.019393,0.895147,0.091104,0.43593,-7.536277,125.59259,15.264435,0.436539,-0.576716,0.112764,-0.681261,-18.748035,127.659561,1.196523,0.09256,-0.055834,-0.57553,-0.810605,-11.374159,111.99585,-15.186437,0.163816,-0.008507,-0.562971,-0.810035,-3.65026,133.508057,-19.780704,-0.174801,0.925904,0.130525,0.3084,-2.571117,125.587067,21.027487,0.335369,0.867725,0.115568,-0.348174,10.985414,129.990631,32.194904,0.001245,0.22091,0.447313,-0.866665,23.680285,118.036224,15.945003,0.089761,0.063918,0.370743,-0.922175,12.391747,135.451492,7.313143,0.041986,0.884326,0.081892,0.457711,-7.952775,90.507004,7.35243,0.080733,0.92619,-0.028278,0.367226,-7.926501,54.001991,0.546803,-0.018093,0.9464,0.022468,0.321705,-16.072351,6.874335,0.216187,-0.063138,0.897338,-0.090882,0.427245,3.378532,90.277962,22.623957,-0.013056,0.884454,-0.131158,0.447626,4.702527,54.053467,30.684086,-0.075824,0.870471,-0.069511,0.481352,0.191173,7.887661,42.33939,-0.018093,0.9464,0.022468,0.321705,-7.097714,1.476515,-11.271221,-0.075824,0.870471,-0.069511,0.481352,12.696473,1.152822,36.022705
102,0.85,0.004391,0.893406,0.00478,0.449204,-2.293187,90.393188,14.992208,-0.013138,0.903214,0.070805,0.423106,-2.265493,98.189766,15.089568,-0.023398,0.907612,0.051808,0.415944,-3.524245,113.08149,16.84697,0.067884,0.94868,-0.055253,0.303884,-5.113277,131.531219,18.231895,0.100684,0.974666,-0.084291,0.181062,-1.637734,145.76622,15.755939,0.019285,0.895005,0.091411,0.436162,-7.54219,125.595604,15.270554,0.435968,-0.576744,0.112278,-0.681683,-18.746784,127.664566,1.197226,0.092007,-0.055433,-0.575234,-0.810906,-11.369233,112.029495,-15.21141,0.162741,-0.008139,-0.562494,-0.810586,-3.627479,133.541443,-19.775099,-0.175043,0.925854,0.130875,0.308262,-2.575726,125.590836,21.03248,0.334898,0.86789,0.115364,-0.348284,10.980808,129.998962,32.19809,0.000893,0.220819,0.446883,-0.86691,23.687063,118.058624,15.946744,0.089517,0.064063,0.370283,-0.922374,12.379379,135.465652,7.323062,0.042097,0.884432,0.081878,0.457498,-7.964186,90.508636,7.360427,0.080634,0.926225,-0.028162,0.367169,-7.947346,54.004169,0.55191,-0.019274,0.946319,0.02191,0.321915,-16.080484,6.874365,0.215004,-0.063151,0.897416,-0.090911,0.427073,3.377812,90.27774,22.623987,-0.013048,0.884568,-0.131197,0.447389,4.703323,54.053749,30.68614,-0.075791,0.870539,-0.069447,0.481243,0.192768,7.888907,42.345581,-0.019274,0.946319,0.02191,0.321915,-7.089733,1.472629,-11.257952,-0.075791,0.870539,-0.069447,0.481243,12.696275,1.154676,36.0247
103,0.858333,0.004325,0.893533,0.004863,0.44895,-2.296944,90.394249,14.99575,-0.012949,0.903288,0.070722,0.422968,-2.270722,98.190811,15.093796,-0.023581,0.907639,0.051964,0.415854,-3.523219,113.085724,16.851858,0.067912,0.948699,-0.055005,0.303862,-5.120674,131.534531,18.239349,0.101553,0.974534,-0.084688,0.181104,-1.646583,145.771088,15.770334,0.019139,0.894796,0.091959,0.436483,-7.547317,125.598145,15.277698,0.435348,-0.576922,0.111828,-0.682003,-18.741962,127.671959,1.197176,0.091196,-0.055281,-0.574762,-0.811342,-11.36941,112.063148,-15.238682,0.161166,-0.008184,-0.561509,-0.811583,-3.602751,133.568497,-19.773319,-0.175211,0.925819,0.130948,0.308242,-2.579843,125.595001,21.038754,0.334472,0.868028,0.115329,-0.34836,10.975006,130.007797,32.204556,0.000627,0.220702,0.446454,-0.867161,23.692329,118.082703,15.950671,0.089269,0.064338,0.370018,-0.922485,12.36535,135.480392,7.334608,0.042127,0.8846,0.081875,0.457171,-7.972291,90.509262,7.3672,0.080671,0.926301,-0.028037,0.366977,-7.960044,54.004944,0.557881,-0.01948,0.946214,0.021917,0.322209,-16.092119,6.875032,0.210327,-0.063165,0.897448,-0.090913,0.427003,3.378403,90.279228,22.624302,-0.012988,0.884566,-0.131202,0.447393,4.70535,54.055393,30.686914,-0.075879,0.870499,-0.069465,0.481298,0.189422,7.890529,42.344181,-0.01948,0.946214,0.021917,0.322209,-7.092048,1.475573,-11.256389,-0.075879,0.870499,-0.069465,0.481298,12.694714,1.157432,36.025631
104,0.866667,0.004357,0.893653,0.004915,0.44871,-2.305594,90.394905,14.998792,-0.012794,0.90335,0.070698,0.422845,-2.279263,98.191467,15.09777,-0.023645,0.907668,0.052061,0.415776,-3.527155,113.088295,16.857533,0.068308,0.948671,-0.054746,0.303907,-5.128157,131.536621,18.247395,0.10215,0.974415,-0.085261,0.181141,-1.645161,145.772903,15.78931,0.019047,0.89461,0.092372,0.436782,-7.554072,125.600075,15.285463,0.434324,-0.576973,0.111697,-0.682633,-18.73941,127.678299,1.198198,0.090312,-0.055028,-0.574435,-0.81169,-11.368283,112.097504,-15.264856,0.160316,-0.00811,-0.560534,-0.812425,-3.582551,133.603836,-19.765911,-0.175413,0.925796,0.131165,0.308105,-2.585651,125.59729,21.045702,0.334005,0.86819,0.115137,-0.348469,10.969698,130.014923,32.208984,0.000492,0.220469,0.446306,-0.867297,23.698282,118.103996,15.953517,0.089825,0.063993,0.369626,-0.922612,12.360359,135.500458,7.347592,0.042164,0.884634,0.081878,0.457101,-7.985033,90.510902,7.3733,0.080574,0.926255,-0.027896,0.367125,-7.975611,54.006844,0.562508,-0.019208,0.946182,0.022081,0.322308,-16.094139,6.874669,0.204554,-0.063223,0.897533,-0.090898,0.426819,3.373843,90.278915,22.624285,-0.012964,0.88455,-0.131197,0.447426,4.706769,54.055428,30.687471,-0.075875,0.870483,-0.069446,0.481332,0.188639,7.890379,42.34317,-0.019208,0.946182,0.022081,0.322308,-7.094098,1.477136,-11.263098,-0.075875,0.870483,-0.069446,0.481332,12.69453,1.157794,36.025253
105,0.875,0.004393,0.893779,0.004892,0.448459,-2.316115,90.395203,15.005112,-0.012609,0.903414,0.070498,0.422745,-2.289104,98.191757,15.104016,-0.023715,0.907682,0.052213,0.415721,-3.529287,113.090424,16.860973,0.068434,0.948608,-0.054869,0.304054,-5.134903,131.53804,18.254951,0.10263,0.974263,-0.085596,0.181527,-1.646793,145.772797,15.795348,0.018998,0.894409,0.092876,0.437087,-7.559611,125.601494,15.29202,0.433093,-0.576968,0.11172,-0.683416,-18.735336,127.686989,1.198199,0.089291,-0.054899,-0.574051,-0.812083,-11.364169,112.135246,-15.29229,0.1592,-0.007955,-0.559728,-0.813202,-3.557289,133.640564,-19.760506,-0.175586,0.92575,0.131316,0.30808,-2.590552,125.598755,21.051708,0.333549,0.868333,0.115053,-0.348576,10.963146,130.02034,32.215431,0.000103,0.220399,0.445503,-0.867728,23.70269,118.125191,15.957006,0.088991,0.065072,0.369406,-0.922706,12.331372,135.502594,7.357466,0.0422,0.884678,0.081911,0.457007,-7.999824,90.511581,7.382809,0.080418,0.926309,-0.027803,0.367031,-7.992372,54.008148,0.568688,-0.019554,0.946225,0.021927,0.322171,-16.094065,6.873092,0.208829,-0.063228,0.89763,-0.090839,0.426628,3.367594,90.278816,22.627413,-0.012958,0.884704,-0.131216,0.447116,4.704442,54.054577,30.686586,-0.075897,0.870512,-0.069466,0.481272,0.18909,7.889983,42.345177,-0.019554,0.946225,0.021927,0.322171,-7.094065,1.474608,-11.258403,-0.075897,0.870512,-0.069466,0.481272,12.694174,1.157066,36.02602
106,0.883333,0.00442,0.893786,0.004743,0.448447,-2.320833,90.390656,15.010897,-0.01259,0.903454,0.070385,0.422679,-2.292404,98.187225,15.107913,-0.023715,0.907713,0.052466,0.415622,-3.531118,113.093712,16.863028,0.068347,0.948715,-0.054255,0.303851,-5.140442,131.540344,18.265688,0.103549,0.974166,-0.08641,0.181143,-1.660791,145.77977,15.821173,0.018944,0.894217,0.093207,0.437412,-7.564506,125.604607,15.300605,0.432312,-0.577172,0.111219,-0.683819,-18.73003,127.694572,1.199365,0.088555,-0.054479,-0.573675,-0.812458,-11.364759,112.174263,-15.323342,0.158237,-0.007721,-0.558807,-0.814025,-3.535193,133.680054,-19.755537,-0.175751,0.925726,0.131511,0.307974,-2.594189,125.600349,21.059208,0.333203,0.868447,0.114822,-0.3487,10.95977,130.02565,32.221146,-0.000162,0.220279,0.445097,-0.867966,23.706194,118.139854,15.961266,0.088814,0.06536,0.368838,-0.922929,12.316532,135.508423,7.369582,0.042314,0.884738,0.081894,0.456882,-8.004737,90.506226,7.388725,0.080317,0.926292,-0.02765,0.367106,-8.006335,54.0033,0.571885,-0.019202,0.946163,0.022306,0.322349,-16.093756,6.865874,0.20141,-0.063226,0.897765,-0.090782,0.426355,3.36307,90.275078,22.633066,-0.012898,0.884929,-0.131265,0.446658,4.704093,54.050053,30.688,-0.074195,0.870696,-0.068832,0.481296,0.187572,7.886529,42.350357,-0.019202,0.946163,0.022306,0.322349,-7.092076,1.474477,-11.267838,-0.074195,0.870696,-0.068832,0.481296,12.676671,1.141455,36.012585
107,0.891667,0.004366,0.893864,0.004806,0.448291,-2.324917,90.391068,15.016469,-0.012528,0.903502,0.070347,0.422585,-2.297657,98.187645,15.113987,-0.023688,0.907743,0.052572,0.415546,-3.534234,113.096977,16.869278,0.068395,0.948728,-0.054135,0.30382,-5.144197,131.543243,18.276068,0.104054,0.974064,-0.086969,0.181133,-1.664378,145.783249,15.835135,0.018929,0.894051,0.093544,0.437679,-7.568484,125.608017,15.310158,0.43132,-0.577248,0.110956,-0.684425,-18.725563,127.703629,1.203059,0.087655,-0.054253,-0.573383,-0.812776,-11.36165,112.214447,-15.349442,0.157233,-0.007485,-0.557889,-0.814851,-3.515598,133.720261,-19.748495,-0.175859,0.925672,0.131621,0.308027,-2.597184,125.602783,21.067915,0.332794,0.868511,0.114675,-0.34898,10.95424,130.029877,32.232231,-0.000595,0.220027,0.44465,-0.86826,23.704361,118.159065,15.964298,0.088715,0.066556,0.36869,-0.922913,12.290832,135.521774,7.387497,0.04237,0.884817,0.08192,0.45672,-8.011505,90.506264,7.396292,0.08021,0.926315,-0.027571,0.36708,-8.017101,54.004013,0.575835,-0.019355,0.946188,0.022239,0.322273,-16.092354,6.864524,0.202416,-0.063174,0.897871,-0.090752,0.426147,3.36167,90.275879,22.636646,-0.012925,0.885017,-0.131244,0.446491,4.702104,54.049969,30.687702,-0.075922,0.870622,-0.069486,0.481067,0.190983,7.88599,42.35033,-0.019355,0.946188,0.022239,0.322273,-7.091061,1.472738,-11.266958,-0.075922,0.870622,-0.069486,0.481067,12.693012,1.15236,36.025879
108,0.9,0.004353,0.893938,0.004899,0.448144,-2.329224,90.391602,15.021719,-0.012422,0.903524,0.07018,0.42257,-2.302783,98.188164,15.120438,-0.023684,0.907718,0.052906,0.415558,-3.5347,113.102844,16.873146,0.068775,0.94867,-0.054227,0.303899,-5.149656,131.547806,18.291187,0.104128,0.973998,-0.087519,0.18118,-1.65827,145.785202,15.851572,0.018841,0.893784,0.093997,0.438131,-7.572272,125.613739,15.32158,0.430191,-0.577644,0.110593,-0.68486,-18.715132,127.715027,1.204094,0.086678,-0.053719,-0.572915,-0.813246,-11.369181,112.258362,-15.386733,0.156388,-0.007279,-0.557194,-0.81549,-3.495805,133.762634,-19.738489,-0.175928,0.925606,0.131656,0.30817,-2.60112,125.606331,21.079462,0.332344,0.868627,0.114437,-0.349196,10.946221,130.034256,32.248402,-0.000857,0.219953,0.444279,-0.868468,23.703388,118.177452,15.975778,0.08872,0.066953,0.368534,-0.922946,12.274455,135.531128,7.405668,0.042369,0.884794,0.081975,0.456754,-8.018322,90.507355,7.403424,0.080265,0.926265,-0.027528,0.367195,-8.021688,54.005768,0.579424,-0.019414,0.946139,0.022215,0.322413,-16.100227,6.866896,0.199278,-0.063164,0.897905,-0.090743,0.426078,3.359873,90.275841,22.640015,-0.01292,0.88504,-0.131236,0.446448,4.700541,54.049706,30.69002,-0.075872,0.870625,-0.069362,0.481086,0.189883,7.885525,42.352039,-0.019414,0.946139,0.022215,0.322413,-7.095014,1.475063,-11.266997,-0.075872,0.870625,-0.069362,0.481086,12.692245,1.153989,36.026012
109,0.908333,0.004294,0.893988,0.005015,0.448042,-2.332852,90.394676,15.025318,-0.012267,0.90352,0.070077,0.4226,-2.308032,98.191223,15.12524,-0.023729,0.907668,0.053199,0.415627,-3.534647,113.10849,16.877316,0.068981,0.948673,-0.054031,0.303878,-5.15574,131.552216,18.304388,0.104434,0.973948,-0.08822,0.180932,-1.660452,145.789886,15.871909,0.018904,0.893571,0.094451,0.438467,-7.575986,125.618874,15.331413,0.429086,-0.577859,0.110405,-0.685401,-18.708113,127.730415,1.20699,0.085603,-0.05348,-0.572554,-0.81363,-11.372074,112.30304,-15.415469,0.155455,-0.007392,-0.556033,-0.81646,-3.479078,133.805161,-19.728508,-0.176047,0.925582,0.131844,0.308096,-2.605737,125.610161,21.090073,0.331878,0.868776,0.114274,-0.349323,10.94173,130.040192,32.258026,-0.001203,0.219743,0.443812,-0.868759,23.70945,118.198326,15.98281,0.088519,0.067427,0.368428,-0.922973,12.258972,135.541016,7.425859,0.042448,0.884772,0.081924,0.456799,-8.023698,90.510414,7.408328,0.080175,0.926183,-0.027466,0.367427,-8.033657,54.008698,0.584999,-0.019475,0.946152,0.022196,0.322373,-16.101984,6.868112,0.200451,-0.063147,0.897945,-0.090741,0.425997,3.357994,90.278938,22.642309,-0.012922,0.885043,-0.131222,0.446444,4.698303,54.052616,30.691528,-0.07587,0.870607,-0.069325,0.481126,0.188475,7.888082,42.352478,-0.019475,0.946152,0.022196,0.322373,-7.09712,1.476336,-11.266127,-0.07587,0.870607,-0.069325,0.481126,12.691639,1.157514,36.027008
110,0.916667,0.004296,0.893995,0.005053,0.448028,-2.33665,90.398338,15.030684,-0.012134,0.903515,0.069953,0.422635,-2.312056,98.194878,15.131147,-0.023659,0.90764,0.053392,0.415667,-3.533594,113.113274,16.881584,0.069084,0.948727,-0.053674,0.303748,-5.15538,131.556351,18.31616,0.104626,0.973947,-0.088932,0.180474,-1.660838,145.795914,15.893783,0.018945,0.893385,0.095389,0.43864,-7.575203,125.624168,15.340538,0.427893,-0.578077,0.110385,-0.685966,-18.701754,127.752411,1.214233,0.084502,-0.053328,-0.572078,-0.81409,-11.377537,112.35112,-15.437594,0.154371,-0.00755,-0.555082,-0.81731,-3.458211,133.851273,-19.714823,-0.176503,0.925435,0.132203,0.308123,-2.605411,125.613228,21.099586,0.331424,0.868955,0.113894,-0.349433,10.935637,130.053452,32.271267,-0.001621,0.219713,0.443196,-0.869081,23.714039,118.221832,15.996983,0.088115,0.068305,0.36819,-0.923042,12.240707,135.547562,7.448027,0.042526,0.884719,0.081894,0.4569,-8.027718,90.514435,7.413867,0.080148,0.926194,-0.027389,0.367412,-8.043034,54.012848,0.589859,-0.019366,0.94611,0.022238,0.322501,-16.106342,6.871453,0.199614,-0.063182,0.897961,-0.090644,0.425979,3.354417,90.282234,22.647499,-0.012888,0.88496,-0.131274,0.446595,4.700329,54.054928,30.691364,-0.075764,0.870607,-0.069244,0.481153,0.18339,7.891625,42.354412,-0.019366,0.94611,0.022238,0.322501,-7.099452,1.479814,-11.265429,-0.075764,0.870607,-0.069244,0.481153,12.686154,1.16132,36.027885
111,0.925,0.004374,0.893982,0.005103,0.448053,-2.342943,90.399483,15.03361,-0.011982,0.903502,0.069882,0.422679,-2.31762,98.196014,15.135309,-0.023628,0.907607,0.053665,0.415707,-3.534607,113.119797,16.886288,0.069515,0.94874,-0.053528,0.303636,-5.159609,131.561859,18.330421,0.104639,0.973969,-0.089657,0.179993,-1.654896,145.800171,15.915415,0.01902,0.893211,0.095725,0.438918,-7.578185,125.630821,15.351479,0.426793,-0.578326,0.110147,-0.68648,-18.695808,127.767647,1.219444,0.083435,-0.052952,-0.571667,-0.814513,-11.382766,112.396706,-15.465305,0.153305,-0.007534,-0.554203,-0.818107,-3.439212,133.897781,-19.699512,-0.176193,0.925457,0.132164,0.308249,-2.608878,125.617683,21.110939,0.330997,0.869032,0.1139,-0.349645,10.933324,130.047485,32.285355,-0.002259,0.219608,0.442803,-0.869306,23.718119,118.233597,16.003227,0.087449,0.068955,0.367713,-0.923247,12.227355,135.554337,7.469056,0.04253,0.884632,0.081897,0.457067,-8.033572,90.517334,7.416495,0.08012,0.926075,-0.027358,0.367718,-8.047727,54.015804,0.592168,-0.019295,0.946074,0.022247,0.322611,-16.107368,6.873819,0.197476,-0.063214,0.897982,-0.090622,0.425935,3.347686,90.281639,22.650724,-0.012897,0.885069,-0.13124,0.446388,4.69684,54.054344,30.694099,-0.075793,0.870641,-0.069248,0.481087,0.184842,7.890198,42.355747,-0.019295,0.946074,0.022247,0.322611,-7.098585,1.481793,-11.265896,-0.075793,0.870641,-0.069248,0.481087,12.686888,1.160048,36.027641
112,0.933333,0.004551,0.893952,0.00503,0.448111,-2.354028,90.401077,15.03666,-0.01179,0.903481,0.069847,0.422735,-2.325742,98.197594,15.138589,-0.023417,0.907582,0.053855,0.415747,-3.537246,113.122879,16.89114,0.069478,0.948821,-0.053319,0.303428,-5.158131,131.564545,18.344856,0.104732,0.973992,-0.090388,0.179444,-1.65709,145.80452,15.934256,0.01914,0.893102,0.095958,0.439084,-7.577877,125.635635,15.362649,0.425552,-0.578707,0.109785,-0.686987,-18.690067,127.780571,1.227562,0.082195,-0.052591,-0.571161,-0.815017,-11.394275,112.445305,-15.497523,0.152195,-0.007783,-0.553107,-0.819054,-3.422343,133.944107,-19.684116,-0.176657,0.925305,0.132629,0.308241,-2.608926,125.61834,21.12241,0.330858,0.869101,0.113578,-0.349709,10.927536,130.057571,32.300045,-0.002669,0.219712,0.442405,-0.869481,23.714611,118.24334,16.019938,0.087005,0.070316,0.367609,-0.923228,12.212326,135.552719,7.489732,0.042435,0.884557,0.081897,0.457222,-8.043653,90.521309,7.418827,0.080089,0.926058,-0.027293,0.367774,-8.050447,54.019188,0.597701,-0.019274,0.946109,0.02208,0.322519,-16.105049,6.876385,0.197866,-0.063262,0.898021,-0.09052,0.425867,3.335596,90.280846,22.654495,-0.012939,0.885074,-0.131211,0.446386,4.691852,54.052631,30.692526,-0.075843,0.870614,-0.069281,0.481123,0.184667,7.887882,42.353619,-0.019274,0.946109,0.02208,0.322519,-7.099236,1.479517,-11.26557,-0.075843,0.870614,-0.069281,0.481123,12.687694,1.157892,36.027264
113,0.941667,0.004657,0.893931,0.004973,0.448154,-2.362855,90.401146,15.040658,-0.011604,0.903432,0.069728,0.422863,-2.332688,98.197655,15.142536,-0.023383,0.907497,0.054216,0.41589,-3.538139,113.126907,16.89448,0.068981,0.948933,-0.05349,0.303162,-5.163666,131.5672,18.3606,0.105091,0.974005,-0.090932,0.178891,-1.675958,145.808655,15.93951,0.019289,0.892928,0.096379,0.439339,-7.58114,125.639816,15.373495,0.424622,-0.57888,0.109431,-0.687473,-18.68499,127.79702,1.233725,0.080976,-0.052332,-0.570843,-0.815379,-11.395007,112.492966,-15.522449,0.150771,-0.008146,-0.551976,-0.820076,-3.405092,133.992691,-19.666325,-0.176662,0.925252,0.132956,0.308258,-2.61397,125.619614,21.134781,0.330489,0.869177,0.113547,-0.34988,10.922041,130.054947,32.314507,-0.00297,0.219316,0.442038,-0.869766,23.715034,118.255196,16.028557,0.086746,0.070777,0.36819,-0.922985,12.18941,135.560318,7.516204,0.04238,0.884476,0.081939,0.457376,-8.051727,90.522713,7.422286,0.08007,0.926128,-0.02723,0.367605,-8.052269,54.020752,0.600296,-0.019385,0.946127,0.021961,0.322469,-16.103056,6.87733,0.197061,-0.0633,0.898028,-0.090431,0.425866,3.326017,90.279587,22.659031,-0.012945,0.885069,-0.131195,0.446401,4.687663,54.050529,30.692345,-0.075938,0.870623,-0.069348,0.481083,0.181479,7.88537,42.352219,-0.019385,0.946127,0.021961,0.322469,-7.09762,1.478249,-11.265626,-0.075938,0.870623,-0.069348,0.481083,12.684616,1.155205,36.026279
114,0.95,0.004644,0.893879,0.005001,0.448257,-2.367783,90.402901,15.044734,-0.01135,0.903381,0.069653,0.422993,-2.338011,98.199402,15.146915,-0.023318,0.907418,0.054532,0.416022,-3.536093,113.132408,16.900284,0.06918,0.948984,-0.053347,0.302981,-5.164517,131.571518,18.377787,0.104853,0.974086,-0.091726,0.178184,-1.67329,145.812943,15.961541,0.019324,0.892747,0.096811,0.439611,-7.580346,125.645744,15.386189,0.423373,-0.579241,0.109219,-0.687973,-18.675501,127.811775,1.240952,0.079302,-0.052271,-0.570461,-0.815814,-11.403248,112.53923,-15.551633,0.149023,-0.008722,-0.550234,-0.821559,-3.391974,134.042313,-19.648678,-0.176683,0.925167,0.133254,0.30837,-2.614809,125.622513,21.148869,0.330212,0.869267,0.11361,-0.349898,10.918422,130.054138,32.333424,-0.003707,0.219545,0.441675,-0.86989,23.719553,118.265617,16.045744,0.086041,0.072115,0.366984,-0.923428,12.186417,135.562744,7.539614,0.042397,0.884421,0.08194,0.45748,-8.054892,90.524483,7.425048,0.080042,0.926116,-0.027204,0.367645,-8.055719,54.022644,0.602376,-0.019232,0.946127,0.02202,0.322473,-16.103163,6.878665,0.197483,-0.063294,0.898008,-0.090383,0.425919,3.319324,90.281319,22.664419,-0.012986,0.885098,-0.131141,0.446357,4.681621,54.051556,30.694458,-0.075841,0.870613,-0.069276,0.481126,0.181806,7.885131,42.35181,-0.019232,0.946127,0.02202,0.322473,-7.099114,1.47973,-11.266356,-0.075841,0.870613,-0.069276,0.481126,12.684873,1.155223,36.025459
115,0.958333,0.004658,0.893815,0.005073,0.448383,-2.373035,90.406403,15.047494,-0.01102,0.903311,0.069529,0.423171,-2.343585,98.202888,15.150767,-0.023268,0.90731,0.054924,0.416209,-3.531491,113.136963,16.904793,0.069314,0.949081,-0.052898,0.302726,-5.164544,131.57457,18.395905,0.10464,0.974196,-0.092704,0.177194,-1.674511,145.818375,15.991989,0.019422,0.892625,0.097263,0.439754,-7.577863,125.650574,15.398741,0.422496,-0.579601,0.108659,-0.688298,-18.668327,127.827393,1.251476,0.07787,-0.052097,-0.570122,-0.8162,-11.41015,112.588524,-15.577757,0.147087,-0.009058,-0.548792,-0.822868,-3.380024,134.092987,-19.629782,-0.176578,0.925121,0.133461,0.308481,-2.61466,125.623978,21.16342,0.329869,0.869281,0.113578,-0.350195,10.917439,130.04895,32.351978,-0.004121,0.219165,0.441455,-0.870096,23.719427,118.275467,16.054092,0.085829,0.072476,0.367123,-0.923364,12.168994,135.573654,7.568185,0.04237,0.88432,0.081896,0.457686,-8.058002,90.528831,7.426223,0.080064,0.926118,-0.027156,0.367638,-8.056946,54.026283,0.607348,-0.01916,0.946111,0.022015,0.322525,-16.104626,6.882384,0.197505,-0.063314,0.897949,-0.090345,0.426048,3.311933,90.283974,22.668764,-0.013065,0.884958,-0.131083,0.446651,4.675619,54.05389,30.697113,-0.075973,0.870609,-0.069219,0.48112,0.181118,7.886231,42.351608,-0.01916,0.946111,0.022015,0.322525,-7.100109,1.48264,-11.265591,-0.075973,0.870609,-0.069219,0.48112,12.685883,1.159696,36.025024
116,0.966667,0.004609,0.893756,0.005176,0.448499,-2.3752,90.4114,15.050676,-0.010688,0.903223,0.069297,0.423406,-2.347163,98.207878,15.155046,-0.023138,0.90717,0.055344,0.416467,-3.523442,113.14222,16.90662,0.070241,0.949214,-0.051496,0.302336,-5.159026,131.578323,18.413389,0.104066,0.974447,-0.094208,0.175354,-1.656954,145.826691,16.054506,0.019536,0.892572,0.097829,0.439731,-7.570148,125.656807,15.40958,0.421403,-0.580018,0.108313,-0.688671,-18.661177,127.84623,1.264706,0.07615,-0.05218,-0.569684,-0.816663,-11.422464,112.638596,-15.601118,0.144852,-0.00967,-0.546835,-0.824558,-3.370312,134.140381,-19.609724,-0.176663,0.924969,0.133644,0.308807,-2.610113,125.625481,21.176958,0.329698,0.869303,0.113778,-0.350239,10.913612,130.048706,32.376331,-0.004372,0.219041,0.441289,-0.87021,23.719536,118.285576,16.074066,0.085594,0.072863,0.366815,-0.923478,12.160841,135.580902,7.597381,0.042528,0.884234,0.081711,0.457871,-8.058189,90.533882,7.427932,0.079511,0.926278,-0.027026,0.367364,-8.072422,54.030071,0.615813,-0.019314,0.94646,0.022158,0.321479,-16.067055,6.877059,0.216406,-0.063302,0.897907,-0.090328,0.426142,3.30779,90.288918,22.673422,-0.013114,0.884923,-0.13103,0.446733,4.670392,54.058498,30.700415,-0.075939,0.870593,-0.069174,0.481162,0.181235,7.889623,42.352131,-0.019314,0.94646,0.022158,0.321479,-7.085577,1.48237,-11.267125,-0.075939,0.870593,-0.069174,0.481162,12.6865,1.163727,36.025856
117,0.975,0.004699,0.893637,0.005122,0.448737,-2.382034,90.413239,15.054448,-0.010429,0.903206,0.06891,0.423511,-2.3524,98.209717,15.158712,-0.022716,0.907137,0.056029,0.41647,-3.516527,113.141251,16.902451,0.069922,0.949396,-0.051351,0.301863,-5.148485,131.575256,18.438751,0.103778,0.974569,-0.095042,0.17439,-1.658365,145.82637,16.078674,0.01963,0.892472,0.098376,0.439808,-7.560886,125.659004,15.425594,0.420175,-0.580416,0.107986,-0.689136,-18.64933,127.860352,1.280536,0.074199,-0.052404,-0.569395,-0.81703,-11.429296,112.687027,-15.624155,0.142476,-0.010275,-0.545034,-0.826155,-3.36296,134.191254,-19.58931,-0.177131,0.924763,0.133873,0.309057,-2.600594,125.617508,21.19269,0.329692,0.869267,0.113885,-0.350297,10.911533,130.0513,32.401886,-0.004684,0.219098,0.441113,-0.870283,23.71571,118.291046,16.096153,0.085064,0.073521,0.366032,-0.923785,12.152526,135.582016,7.623634,0.042475,0.884141,0.081714,0.458053,-8.060954,90.536804,7.428686,0.079519,0.926309,-0.026996,0.367287,-8.070197,54.032707,0.618126,-0.019235,0.946468,0.02211,0.321466,-16.064556,6.879666,0.216402,-0.063333,0.897823,-0.090234,0.426333,3.296887,90.289673,22.68021,-0.01322,0.884787,-0.130963,0.44702,4.662853,54.058285,30.702284,-0.075929,0.870564,-0.069176,0.481216,0.181733,7.888007,42.351555,-0.019235,0.946468,0.02211,0.321466,-7.084411,1.482889,-11.267196,-0.075929,0.870564,-0.069176,0.481216,12.687729,1.162072,36.026764
118,0.983333,0.004811,0.893527,0.005072,0.448955,-2.388254,90.413666,15.058212,-0.010154,0.903103,0.068742,0.423764,-2.356722,98.210129,15.162572,-0.022666,0.906998,0.056453,0.416718,-3.511652,113.141922,16.904869,0.068989,0.949528,-0.051637,0.301614,-5.148883,131.574219,18.455702,0.103942,0.974593,-0.095589,0.173862,-1.683092,145.828369,16.078167,0.019866,0.892377,0.098793,0.439896,-7.558226,125.659927,15.436292,0.419187,-0.580632,0.10759,-0.689618,-18.643547,127.875816,1.291054,0.072402,-0.052631,-0.569212,-0.817304,-11.431386,112.736069,-15.647069,0.140243,-0.011123,-0.542997,-0.827866,-3.356633,134.243729,-19.573141,-0.176643,0.924787,0.133952,0.309229,-2.601049,125.614799,21.206039,0.329636,0.869189,0.113873,-0.350549,10.913483,130.030701,32.419395,-0.005321,0.218973,0.441271,-0.870232,23.711006,118.275192,16.105028,0.084652,0.073691,0.365373,-0.924071,12.149902,135.580032,7.649353,0.04243,0.884067,0.081727,0.458198,-8.063426,90.538727,7.429683,0.079555,0.926337,-0.026966,0.36721,-8.06817,54.034508,0.61979,-0.019036,0.946446,0.02206,0.321545,-16.064613,6.881848,0.214811,-0.063345,0.897783,-0.090157,0.426432,3.286917,90.288605,22.686741,-0.013284,0.884854,-0.130917,0.446898,4.655241,54.056297,30.704269,-0.075892,0.870616,-0.069129,0.481134,0.183197,7.885024,42.353081,-0.019036,0.946446,0.02206,0.321545,-7.084878,1.481804,-11.26757,-0.075892,0.870616,-0.069129,0.481134,12.687707,1.159318,36.025101
119,0.991667,0.005063,0.893398,0.004972,0.449211,-2.40008,90.412033,15.059471,-0.009759,0.903019,0.068554,0.423984,-2.364374,98.208473,15.164211,-0.022534,0.906888,0.056858,0.416909,-3.506732,113.143097,16.90641,0.068276,0.949699,-0.051521,0.301257,-5.146095,131.573929,18.472565,0.103938,0.974674,-0.096322,0.173005,-1.702398,145.832596,16.090075,0.020043,0.892253,0.099055,0.44008,-7.553733,125.662041,15.447052,0.418276,-0.58095,0.107105,-0.689979,-18.632919,127.888382,1.298653,0.070645,-0.052685,-0.569067,-0.817555,-11.433397,112.781631,-15.674269,0.138094,-0.011789,-0.541071,-0.829478,-3.350732,134.296005,-19.556175,-0.17665,0.924689,0.134114,0.309448,-2.598888,125.61232,21.218761,0.329305,0.86932,0.113675,-0.350599,10.910651,130.024918,32.43943,-0.005801,0.219106,0.440973,-0.870346,23.716869,118.27803,16.125677,0.084173,0.073986,0.364767,-0.92433,12.147873,135.576324,7.67406,0.042213,0.883928,0.081942,0.458448,-8.07084,90.540535,7.42772,0.080013,0.926163,-0.027101,0.36754,-8.052031,54.037563,0.611138,-0.019126,0.94619,0.021646,0.322321,-16.093382,6.89261,0.199022,-0.063447,0.897691,-0.090084,0.426627,3.270679,90.283531,22.691223,-0.013376,0.88478,-0.130827,0.447067,4.646423,54.051208,30.707397,-0.07607,0.870623,-0.069143,0.481091,0.183727,7.877925,42.351814,-0.019126,0.94619,0.021646,0.322321,-7.095325,1.482321,-11.264176,-0.07607,0.870623,-0.069143,0.481091,12.689521,1.154573,36.023869
120,1.0,0.005189,0.893249,0.004877,0.449506,-2.406101,90.413109,15.061921,-0.009291,0.902884,0.068456,0.424296,-2.368012,98.209549,15.16623,-0.02259,0.906716,0.057189,0.417235,-3.49701,113.145271,16.911442,0.068174,0.949848,-0.05083,0.300926,-5.143909,131.5746,18.487217,0.103613,0.974843,-0.097348,0.171663,-1.710214,145.83844,16.121271,0.0202,0.892226,0.099613,0.440002,-7.547297,125.663673,15.456489,0.417307,-0.581055,0.106762,-0.69053,-18.628759,127.903702,1.312031,0.069024,-0.052958,-0.568938,-0.817766,-11.43157,112.830147,-15.691381,0.13615,-0.012528,-0.539063,-0.831094,-3.343061,134.349121,-19.540934,-0.176478,0.924605,0.134149,0.309783,-2.596626,125.612274,21.231764,0.329316,0.869344,0.113561,-0.350566,10.907599,130.016571,32.46209,-0.006073,0.219363,0.440946,-0.870293,23.714573,118.266724,16.151056,0.083578,0.0738,0.364244,-0.924605,12.149928,135.565186,7.695546,0.042236,0.883773,0.081898,0.458752,-8.071789,90.542946,7.426426,0.07997,0.926093,-0.027092,0.367727,-8.053686,54.039585,0.61194,-0.019012,0.946193,0.021598,0.322321,-16.090816,6.893909,0.198941,-0.063455,0.897678,-0.090002,0.426669,3.259587,90.283272,22.697416,-0.013459,0.884713,-0.130761,0.447218,4.638101,54.049938,30.70853,-0.076051,0.870595,-0.06915,0.481143,0.183324,7.875204,42.350231,-0.019012,0.946193,0.021598,0.322321,-7.094167,1.481189,-11.264215,-0.076051,0.870595,-0.06915,0.481143,12.689707,1.151571,36.023758
121,1.008333,0.005343,0.893134,0.004821,0.449733,-2.413449,90.416481,15.065037,-0.008847,0.902769,0.068479,0.424548,-2.372847,98.212906,15.169649,-0.022721,0.906572,0.057375,0.417516,-3.490635,113.149765,16.92099,0.068639,0.949953,-0.050041,0.300624,-5.145322,131.578094,18.500454,0.102903,0.975066,-0.098467,0.170181,-1.706715,145.844772,16.158953,0.020285,0.892051,0.100379,0.44018,-7.544602,125.667046,15.466677,0.416454,-0.581404,0.106342,-0.690816,-18.620243,127.922531,1.320124,0.067262,-0.053162,-0.568831,-0.817974,-11.438123,112.878059,-15.715371,0.134107,-0.013277,-0.53612,-0.833315,-3.346824,134.397202,-19.525286,-0.17621,0.924562,0.134411,0.309951,-2.597595,125.615982,21.245092,0.329144,0.869403,0.113417,-0.350627,10.906276,130.007248,32.48093,-0.006443,0.219305,0.440824,-0.870367,23.716642,118.261574,16.169571,0.083365,0.074037,0.363806,-0.924778,12.144981,135.561874,7.722106,0.042191,0.883691,0.081919,0.458911,-8.075217,90.548454,7.426675,0.079965,0.926114,-0.027097,0.367674,-8.052238,54.045059,0.612391,-0.018881,0.946206,0.021511,0.322296,-16.089157,6.899342,0.200511,-0.063501,0.897507,-0.089959,0.427032,3.248319,90.2845,22.7034,-0.013559,0.884666,-0.130666,0.447336,4.628012,54.051029,30.713671,-0.076036,0.870601,-0.069082,0.481145,0.184224,7.874176,42.351158,-0.018881,0.946206,0.021511,0.322296,-7.094816,1.482943,-11.262713,-0.076036,0.870601,-0.069082,0.481145,12.690781,1.151852,36.023643
122,1.016667,0.005379,0.893093,0.00491,0.449814,-2.420124,90.422905,15.068561,-0.008501,0.902757,0.068136,0.424635,-2.379656,98.219307,15.17468,-0.022387,0.90652,0.05796,0.417564,-3.483002,113.147079,16.919827,0.068101,0.950207,-0.049488,0.300033,-5.13559,131.573456,18.524036,0.102571,0.97524,-0.099379,0.16885,-1.7189,145.846634,16.190132,0.020281,0.891952,0.100855,0.440271,-7.535377,125.666794,15.482132,0.415608,-0.581928,0.105298,-0.691044,-18.608133,127.929985,1.334554,0.0657,-0.053045,-0.568619,-0.818255,-11.444531,112.931808,-15.749494,0.132291,-0.013753,-0.533841,-0.835059,-3.340974,134.455795,-19.513786,-0.176355,0.924435,0.134448,0.310229,-2.588754,125.607346,21.260796,0.329214,0.86935,0.113657,-0.350615,10.907031,130.000931,32.505447,-0.006481,0.219199,0.440818,-0.870396,23.715561,118.257095,16.191315,0.083254,0.074269,0.363474,-0.9249,12.142036,135.557419,7.748819,0.042104,0.883575,0.081969,0.459134,-8.080508,90.556267,7.429197,0.079997,0.926152,-0.02709,0.367571,-8.048383,54.052937,0.614559,-0.018723,0.946216,0.021399,0.322283,-16.087919,6.907672,0.201836,-0.063501,0.897347,-0.089922,0.427376,3.240259,90.289543,22.707924,-0.013697,0.884545,-0.130594,0.447591,4.618093,54.055573,30.716259,-0.076051,0.870603,-0.069013,0.481148,0.185712,7.877284,42.352413,-0.018723,0.946216,0.021399,0.322283,-7.095972,1.486674,-11.261093,-0.076051,0.870603,-0.069013,0.481148,12.692839,1.156814,36.024059
123,1.025,0.005417,0.892987,0.004915,0.450023,-2.423386,90.425026,15.072712,-0.008034,0.902661,0.068078,0.424858,-2.382452,98.22142,15.179176,-0.022353,0.906391,0.058314,0.417799,-3.472631,113.147591,16.928205,0.068554,0.950335,-0.048756,0.299645,-5.129945,131.572495,18.544363,0.101697,0.975496,-0.100383,0.167298,-1.708475,145.84819,16.232862,0.020196,0.891876,0.1014,0.440305,-7.526921,125.66745,15.497126,0.414685,-0.582268,0.104416,-0.691446,-18.598724,127.936638,1.349755,0.064395,-0.052796,-0.568641,-0.81836,-11.445174,112.984428,-15.778734,0.13145,-0.014019,-0.531623,-0.836601,-3.340812,134.517883,-19.499578,-0.176325,0.924355,0.13446,0.31048,-2.58325,125.605034,21.278286,0.329155,0.869351,0.113532,-0.350709,10.907269,129.995728,32.530392,-0.006689,0.219209,0.440721,-0.870441,23.714531,118.252739,16.214653,0.083122,0.07465,0.363083,-0.925035,12.138431,135.550568,7.776191,0.042109,0.883489,0.081969,0.459298,-8.080183,90.559082,7.430702,0.079959,0.926078,-0.027113,0.367765,-8.047134,54.055786,0.615942,-0.018833,0.946251,0.021327,0.322179,-16.084057,6.910065,0.20491,-0.063526,0.897247,-0.089885,0.42759,3.233411,90.29097,22.714722,-0.013791,0.884384,-0.130496,0.447935,4.612185,54.056728,30.721685,-0.076,0.870589,-0.068917,0.481196,0.187493,7.876238,42.35202,-0.018833,0.946251,0.021327,0.322179,-7.093648,1.488105,-11.258774,-0.076,0.870589,-0.068917,0.481196,12.695278,1.157318,36.023308
124,1.033333,0.005596,0.892876,0.004819,0.450241,-2.430829,90.426285,15.07408,-0.007586,0.902586,0.068111,0.425019,-2.386746,98.222664,15.180464,-0.02233,0.906303,0.058584,0.417953,-3.465281,113.146255,16.935633,0.067719,0.950537,-0.048543,0.299227,-5.126269,131.570023,18.560925,0.101584,0.975609,-0.100998,0.166335,-1.731332,145.851486,16.245852,0.020227,0.891732,0.101887,0.440482,-7.521212,125.666176,15.509772,0.413895,-0.582587,0.103556,-0.691781,-18.587307,127.94471,1.359442,0.063087,-0.052752,-0.56856,-0.818521,-11.442926,113.034821,-15.809721,0.130105,-0.014364,-0.529316,-0.838266,-3.33332,134.57486,-19.494719,-0.176265,0.9242,0.13476,0.310845,-2.579485,125.601555,21.292568,0.329104,0.86935,0.113559,-0.350749,10.903583,129.984116,32.556759,-0.006803,0.219309,0.440706,-0.870423,23.711088,118.243935,16.239193,0.083148,0.074924,0.362597,-0.925201,12.137363,135.540482,7.799952,0.042071,0.883264,0.082043,0.45972,-8.083846,90.562561,7.429315,0.079929,0.926017,-0.027197,0.367919,-8.042463,54.059937,0.611004,-0.018533,0.9463,0.021306,0.322053,-16.079563,6.914181,0.207105,-0.063523,0.897124,-0.089746,0.427876,3.222189,90.290001,22.718845,-0.01396,0.884274,-0.13045,0.448161,4.602682,54.05389,30.717054,-0.076046,0.870548,-0.068911,0.481263,0.191256,7.872698,42.349636,-0.018533,0.9463,0.021306,0.322053,-7.095517,1.488716,-11.259906,-0.076046,0.870548,-0.068911,0.481263,12.700656,1.154867,36.022968
125,1.041667,0.005787,0.892743,0.004675,0.450505,-2.43846,90.426712,15.077655,-0.007267,0.902532,0.068065,0.425148,-2.390734,98.223076,15.183393,-0.022234,0.906245,0.05896,0.41803,-3.460099,113.144875,16.941002,0.067667,0.950661,-0.048274,0.298888,-5.123817,131.567154,18.580263,0.100848,0.975774,-0.101764,0.165343,-1.733948,145.850677,16.270542,0.020171,0.891508,0.102468,0.440803,-7.517484,125.665344,15.524167,0.412984,-0.583021,0.102768,-0.692076,-18.573433,127.952362,1.367268,0.061486,-0.053032,-0.568275,-0.818823,-11.445436,113.08374,-15.844449,0.128163,-0.015154,-0.526658,-0.840224,-3.321645,134.625122,-19.497826,-0.176055,0.924118,0.134667,0.31125,-2.576666,125.596916,21.307701,0.329007,0.869372,0.113672,-0.350751,10.899969,129.970993,32.58289,-0.006933,0.219421,0.440642,-0.870426,23.710478,118.236397,16.263657,0.083098,0.075202,0.362094,-0.92538,12.137065,135.53093,7.823037,0.042029,0.883206,0.082049,0.459835,-8.086931,90.565018,7.429565,0.079847,0.926111,-0.027171,0.367702,-8.041728,54.062199,0.612301,-0.018638,0.946351,0.021164,0.321909,-16.070837,6.915057,0.21092,-0.063539,0.897067,-0.089668,0.42801,3.210011,90.288406,22.725746,-0.014058,0.884251,-0.130367,0.448228,4.59289,54.051392,30.719461,-0.076097,0.870547,-0.068919,0.481257,0.192481,7.868394,42.349049,-0.018638,0.946351,0.021164,0.321909,-7.089567,1.486664,-11.256886,-0.076097,0.870547,-0.068919,0.481257,12.702328,1.151149,36.022633
126,1.05,0.005961,0.892591,0.004482,0.450805,-2.449115,90.428177,15.081861,-0.00633,0.902482,0.06795,0.425288,-2.397656,98.224548,15.186149,-0.022489,0.90616,0.059268,0.418157,-3.439879,113.14032,16.951675,0.066975,0.950867,-0.047964,0.298438,-5.117164,131.560822,18.597059,0.100526,0.975935,-0.102367,0.164217,-1.750852,145.84996,16.287607,0.020199,0.891394,0.103038,0.440898,-7.505674,125.658432,15.538067,0.411728,-0.583707,0.101634,-0.692414,-18.558521,127.955719,1.380417,0.059915,-0.05272,-0.56801,-0.819143,-11.457632,113.144341,-15.891737,0.127264,-0.015751,-0.52432,-0.84181,-3.318117,134.689377,-19.491718,-0.1761,0.924005,0.134698,0.311544,-2.566659,125.591408,21.323153,0.329093,0.869283,0.113595,-0.350915,10.902764,129.964478,32.607342,-0.007026,0.219457,0.440727,-0.870373,23.70507,118.227325,16.283518,0.083081,0.075475,0.361848,-0.925455,12.135395,135.525497,7.843626,0.041954,0.883104,0.082061,0.460036,-8.092401,90.567787,7.429966,0.079786,0.926114,-0.027139,0.36771,-8.040297,54.064644,0.614487,-0.018381,0.946389,0.021181,0.32181,-16.062943,6.916413,0.21232,-0.063594,0.897009,-0.089563,0.428146,3.194171,90.288574,22.733753,-0.014144,0.884225,-0.130283,0.4483,4.582841,54.050682,30.72249,-0.076089,0.870566,-0.068955,0.481217,0.192365,7.865822,42.348454,-0.018381,0.946389,0.021181,0.32181,-7.08682,1.485972,-11.258543,-0.076089,0.870566,-0.068955,0.481217,12.701323,1.147515,36.021408
127,1.058333,0.006097,0.892434,0.004465,0.451115,-2.45652,90.430107,15.084818,-0.005916,0.902359,0.068003,0.425545,-2.40308,98.226448,15.189844,-0.022456,0.906029,0.059507,0.418409,-3.435169,113.141418,16.961725,0.066889,0.950975,-0.047484,0.29819,-5.115518,131.560928,18.615141,0.099807,0.976105,-0.103124,0.163168,-1.756597,145.853607,16.317003,0.020162,0.891157,0.103685,0.441228,-7.50165,125.659737,15.551964,0.410814,-0.584022,0.100927,-0.692794,-18.544008,127.967216,1.387788,0.058217,-0.053238,-0.567899,-0.819309,-11.453811,113.196602,-15.923633,0.125373,-0.016792,-0.521669,-0.843719,-3.310829,134.744873,-19.498611,-0.176075,0.923945,0.135014,0.311599,-2.565816,125.590477,21.339739,0.328991,0.869294,0.113536,-0.351003,10.902676,129.958481,32.626991,-0.007309,0.219515,0.440686,-0.870376,23.705227,118.224869,16.300816,0.083031,0.075953,0.361383,-0.925602,12.135681,135.523468,7.864632,0.04193,0.883024,0.082042,0.460194,-8.094451,90.571884,7.429021,0.079766,0.926134,-0.027126,0.367665,-8.040203,54.068363,0.615616,-0.018479,0.946445,0.021,0.321652,-16.060595,6.919751,0.213366,-0.063635,0.896898,-0.089518,0.428382,3.18141,90.288322,22.740614,-0.014257,0.884121,-0.130158,0.448536,4.572134,54.050232,30.728045,-0.076034,0.870565,-0.068808,0.48125,0.193407,7.86258,42.347332,-0.018479,0.946445,0.021,0.321652,-7.087775,1.48523,-11.258142,-0.076034,0.870565,-0.068808,0.48125,12.702966,1.146869,36.01873
128,1.066667,0.006167,0.892293,0.00443,0.451392,-2.46257,90.43486,15.086943,-0.00557,0.902293,0.068062,0.42568,-2.407937,98.231194,15.192,-0.022395,0.905965,0.059841,0.418503,-3.431583,113.14502,16.969643,0.067029,0.951048,-0.047108,0.297988,-5.115232,131.563156,18.635029,0.098848,0.976259,-0.103901,0.162334,-1.756423,145.85759,16.347563,0.020124,0.890863,0.104291,0.44168,-7.499795,125.663628,15.567425,0.40977,-0.584454,0.100279,-0.693142,-18.527761,127.981064,1.393661,0.0566,-0.053638,-0.567583,-0.819615,-11.455426,113.250824,-15.959414,0.123459,-0.017569,-0.519591,-0.845266,-3.297423,134.79892,-19.506968,-0.17605,0.923886,0.135253,0.311687,-2.56512,125.591293,21.35615,0.328896,0.869293,0.113565,-0.351085,10.901717,129.954956,32.647068,-0.007551,0.219579,0.440635,-0.870384,23.704529,118.226227,16.317577,0.082912,0.07636,0.360938,-0.925753,12.134089,135.525543,7.883536,0.041913,0.882953,0.082013,0.460338,-8.095731,90.577545,7.42765,0.079792,0.926142,-0.02712,0.367639,-8.040283,54.073559,0.616718,-0.018563,0.946427,0.020836,0.32171,-16.062767,6.925315,0.213265,-0.063652,0.896793,-0.089491,0.428605,3.17059,90.292175,22.746235,-0.01437,0.883987,-0.130049,0.44883,4.5614,54.053879,30.732748,-0.076073,0.870516,-0.068848,0.481326,0.193074,7.86382,42.34639,-0.018563,0.946427,0.020836,0.32171,-7.088178,1.487099,-11.25511,-0.076073,0.870516,-0.068848,0.481326,12.704104,1.148067,36.020737
129,1.075,0.006262,0.892175,0.004444,0.451625,-2.467668,90.440483,15.088972,-0.00527,0.9022,0.067966,0.425897,-2.411843,98.236794,15.194896,-0.022242,0.905848,0.060284,0.418702,-3.426318,113.147972,16.973179,0.066816,0.951149,-0.046693,0.297776,-5.112047,131.564377,18.655428,0.098145,0.97639,-0.104607,0.161517,-1.76343,145.862579,16.376556,0.020158,0.890566,0.105017,0.442106,-7.494882,125.66761,15.581197,0.408664,-0.584898,0.099726,-0.693501,-18.509188,127.999138,1.399128,0.05492,-0.054146,-0.56724,-0.819933,-11.456294,113.30764,-15.994659,0.121501,-0.018477,-0.517585,-0.84676,-3.282748,134.85379,-19.517075,-0.175762,0.923861,0.1353,0.311901,-2.562628,125.590118,21.37192,0.328517,0.869348,0.113951,-0.351178,10.903042,129.942398,32.668621,-0.00789,0.219573,0.440465,-0.870469,23.714586,118.235466,16.330351,0.082673,0.076617,0.36051,-0.92592,12.137949,135.532196,7.902788,0.041854,0.882875,0.081995,0.460496,-8.096815,90.584892,7.426761,0.079818,0.92614,-0.027177,0.367636,-8.036888,54.080318,0.619002,-0.018698,0.946454,0.020638,0.321636,-16.063652,6.932765,0.219725,-0.063717,0.896673,-0.089449,0.428855,3.16148,90.296074,22.751184,-0.014461,0.883866,-0.130003,0.449077,4.555693,54.057823,30.737326,-0.075566,0.870477,-0.068185,0.481571,0.193829,7.866868,42.349808,-0.018698,0.946454,0.020638,0.321636,-7.089998,1.49039,-11.247413,-0.075566,0.870477,-0.068185,0.481571,12.706221,1.159144,36.018326
130,1.083333,0.006337,0.892024,0.004443,0.451921,-2.471879,90.444305,15.090852,-0.004993,0.902122,0.067933,0.42607,-2.415046,98.240601,15.197316,-0.022212,0.905763,0.060666,0.418832,-3.421688,113.148705,16.977694,0.066358,0.951311,-0.045984,0.297473,-5.112556,131.563446,18.672947,0.097715,0.976501,-0.105406,0.160586,-1.783771,145.868515,16.408199,0.020091,0.890232,0.10567,0.442624,-7.493021,125.66832,15.593718,0.407206,-0.585381,0.099219,-0.694023,-18.490803,128.009918,1.40049,0.052928,-0.054662,-0.566754,-0.820366,-11.460092,113.363945,-16.040602,0.119252,-0.019588,-0.515801,-0.848142,-3.262109,134.910172,-19.530552,-0.17597,0.923733,0.13573,0.311975,-2.562401,125.587845,21.38579,0.328345,0.869374,0.114159,-0.351207,10.898934,129.941086,32.68729,-0.008031,0.219581,0.440433,-0.870482,23.714914,118.24453,16.34506,0.082585,0.076568,0.360296,-0.926015,12.137501,135.541153,7.920114,0.041858,0.882786,0.081961,0.460672,-8.095909,90.589981,7.42491,0.079822,0.926107,-0.027143,0.36772,-8.036101,54.085014,0.61924,-0.018554,0.946443,0.020592,0.321678,-16.062014,6.937346,0.216097,-0.063731,0.896588,-0.089397,0.429041,3.152151,90.298622,22.756794,-0.014567,0.883787,-0.129929,0.449252,4.547302,54.059826,30.740288,-0.075632,0.870474,-0.068201,0.481564,0.195313,7.867327,42.350353,-0.018554,0.946443,0.020592,0.321678,-7.089077,1.492323,-11.250342,-0.075632,0.870474,-0.068201,0.481564,12.708261,1.16026,36.019283
131,1.091667,0.006498,0.891862,0.004365,0.45224,-2.478837,90.443871,15.091366,-0.00458,0.902052,0.067904,0.426227,-2.419246,98.24015,15.197903,-0.022185,0.90569,0.061021,0.418939,-3.414676,113.149178,16.982702,0.065861,0.951441,-0.045542,0.297234,-5.110349,131.562363,18.690083,0.097187,0.976606,-0.10598,0.159888,-1.799952,145.872757,16.432037,0.019948,0.889896,0.106505,0.443107,-7.488672,125.668762,15.606278,0.405888,-0.585777,0.098621,-0.694546,-18.471165,128.020752,1.402938,0.051035,-0.055287,-0.566337,-0.820732,-11.456906,113.421234,-16.08367,0.117045,-0.020829,-0.514228,-0.849374,-3.240062,134.964752,-19.547466,-0.175804,0.923684,0.135757,0.312202,-2.559411,125.585518,21.399467,0.328022,0.869393,0.114298,-0.351416,10.898911,129.931458,32.707355,-0.008543,0.219635,0.4403,-0.87053,23.717979,118.251442,16.355721,0.082255,0.077013,0.359511,-0.926313,12.136638,135.548431,7.938503,0.041846,0.882689,0.081903,0.460869,-8.097347,90.591629,7.421418,0.079753,0.926094,-0.027138,0.367768,-8.037196,54.085888,0.619926,-0.018579,0.94649,0.020582,0.321539,-16.056847,6.937143,0.218356,-0.063783,0.896546,-0.089377,0.429125,3.139672,90.29612,22.761314,-0.014656,0.883754,-0.129837,0.449339,4.538179,54.057545,30.745214,-0.075526,0.870496,-0.06801,0.481568,0.196517,7.863012,42.351048,-0.018579,0.94649,0.020582,0.321539,-7.087012,1.492054,-11.250477,-0.075526,0.870496,-0.06801,0.481568,12.70926,1.158665,36.016701
132,1.1,0.00683,0.891717,0.004295,0.452522,-2.496416,90.450325,15.093745,-0.00416,0.90198,0.067694,0.426419,-2.431742,98.246536,15.201669,-0.02208,0.905598,0.061405,0.419087,-3.412941,113.14901,16.985065,0.065675,0.951509,-0.045036,0.297134,-5.111315,131.560623,18.706673,0.096515,0.97669,-0.106648,0.159337,-1.810694,145.875137,16.460508,0.019887,0.889566,0.10714,0.443619,-7.487978,125.66922,15.617396,0.404339,-0.586153,0.098163,-0.695197,-18.454144,128.031174,1.403086,0.049135,-0.05594,-0.565757,-0.821204,-11.4566,113.479767,-16.130262,0.114841,-0.022013,-0.512686,-0.850576,-3.213134,135.01535,-19.568506,-0.175877,0.923591,0.136076,0.312298,-2.560524,125.581909,21.412067,0.327694,0.86944,0.11446,-0.351554,10.89472,129.925613,32.724491,-0.008959,0.219641,0.440216,-0.870567,23.719437,118.261909,16.365639,0.081999,0.077141,0.359185,-0.926451,12.134973,135.560303,7.95607,0.041795,0.882582,0.081804,0.461097,-8.109991,90.603111,7.420279,0.079629,0.92618,-0.026982,0.36759,-8.048196,54.095852,0.62696,-0.01833,0.946525,0.020419,0.321463,-16.051588,6.944409,0.217511,-0.063919,0.896529,-0.089301,0.429157,3.117159,90.297531,22.767212,-0.014723,0.88374,-0.129719,0.4494,4.526893,54.059238,30.750423,-0.075418,0.870468,-0.068029,0.481632,0.195178,7.861951,42.34903,-0.01833,0.946525,0.020419,0.321463,-7.086844,1.492401,-11.252024,-0.075418,0.870468,-0.068029,0.481632,12.70762,1.155676,36.016109
133,1.108333,0.006639,0.89153,0.004341,0.452892,-2.491947,90.446472,15.094887,-0.004042,0.901884,0.067713,0.426619,-2.430308,98.242722,15.202127,-0.022067,0.905509,0.061741,0.419232,-3.409337,113.150978,16.98806,0.06543,0.951563,-0.044533,0.297092,-5.11277,131.561081,18.720823,0.09585,0.976762,-0.107204,0.158921,-1.823312,145.879974,16.486185,0.019675,0.889079,0.107963,0.444404,-7.487,125.671051,15.627045,0.402944,-0.586855,0.097349,-0.695529,-18.4282,128.042099,1.395026,0.047431,-0.056061,-0.56505,-0.821782,-11.462305,113.541649,-16.193052,0.112914,-0.022918,-0.511575,-0.851479,-3.182305,135.069275,-19.590858,-0.176,0.923508,0.136418,0.312324,-2.561382,125.581268,21.423235,0.327378,0.869468,0.114612,-0.35173,10.891687,129.924576,32.738392,-0.009427,0.21944,0.440129,-0.870657,23.720364,118.277046,16.371122,0.081984,0.077772,0.358965,-0.926485,12.126853,135.580795,7.976564,0.042141,0.882475,0.081624,0.461301,-8.099207,90.59642,7.41675,0.079407,0.926126,-0.027102,0.367765,-8.064705,54.08913,0.62341,-0.017335,0.946618,0.021247,0.321188,-16.052708,6.934932,0.230951,-0.063819,0.896829,-0.089615,0.428479,3.115312,90.296524,22.773024,-0.014645,0.884066,-0.129486,0.448828,4.514277,54.061462,30.772739,-0.075364,0.870511,-0.067933,0.481577,0.193528,7.858193,42.351566,-0.017335,0.946618,0.021247,0.321188,-7.102744,1.496084,-11.256354,-0.075364,0.870511,-0.067933,0.481577,12.704939,1.153093,36.015373
134,1.116667,0.006671,0.891363,0.004305,0.45322,-2.494799,90.449951,15.097139,-0.003907,0.901808,0.067599,0.426799,-2.432495,98.246201,15.204124,-0.021981,0.905428,0.062195,0.419343,-3.406629,113.152946,16.988255,0.065377,0.951592,-0.044085,0.297077,-5.114426,131.561096,18.737341,0.095051,0.976841,-0.107703,0.158576,-1.830229,145.883041,16.514557,0.019611,0.888658,0.108649,0.445082,-7.486656,125.673378,15.637645,0.401356,-0.587308,0.096869,-0.696132,-18.406122,128.055801,1.390848,0.045692,-0.056541,-0.564434,-0.822271,-11.461144,113.604233,-16.245668,0.111007,-0.023786,-0.510494,-0.852354,-3.151839,135.123108,-19.615786,-0.176062,0.923425,0.13672,0.312402,-2.562397,125.579384,21.434923,0.326967,0.869551,0.114846,-0.351829,10.888121,129.920425,32.753975,-0.009847,0.21927,0.440047,-0.870736,23.726313,118.293121,16.379803,0.081866,0.077693,0.358725,-0.926595,12.126179,135.599411,7.999322,0.042163,0.882358,0.081579,0.461531,-8.096384,90.600136,7.414869,0.07946,0.926081,-0.027108,0.367866,-8.063119,54.092442,0.623693,-0.017119,0.946593,0.021212,0.321277,-16.055977,6.939089,0.228997,-0.063736,0.896562,-0.089633,0.429046,3.106786,90.299767,22.779411,-0.014879,0.883814,-0.129314,0.449366,4.494622,54.064156,30.778625,-0.07539,0.870478,-0.067888,0.481638,0.194044,7.857266,42.350533,-0.017119,0.946593,0.021212,0.321277,-7.106355,1.497233,-11.257148,-0.07539,0.870478,-0.067888,0.481638,12.706942,1.153793,36.015556
135,1.125,0.006963,0.891273,0.004175,0.453396,-2.51067,90.457443,15.100191,-0.003428,0.901758,0.067396,0.426942,-2.443408,98.253647,15.207453,-0.022037,0.90534,0.062562,0.419476,-3.401818,113.155052,16.991352,0.06503,0.951622,-0.043519,0.29714,-5.117461,131.561417,18.751617,0.094395,0.976881,-0.108156,0.158414,-1.847376,145.88858,16.541697,0.019497,0.888252,0.109311,0.445735,-7.486403,125.674728,15.647451,0.399847,-0.587442,0.096541,-0.696931,-18.384972,128.066437,1.386207,0.044231,-0.057121,-0.56401,-0.822602,-11.444503,113.661766,-16.290401,0.109469,-0.024444,-0.509811,-0.852943,-3.11543,135.177078,-19.644514,-0.176215,0.92329,0.137185,0.312513,-2.563884,125.579002,21.44618,0.3266,0.869673,0.115222,-0.351747,10.882166,129.918488,32.771145,-0.010253,0.219369,0.43984,-0.870812,23.734547,118.310356,16.394482,0.081109,0.077369,0.358408,-0.926811,12.128814,135.613052,8.017781,0.041874,0.882248,0.081659,0.461754,-8.109161,90.611473,7.415737,0.07956,0.926189,-0.027081,0.367575,-8.052494,54.102943,0.629164,-0.017196,0.946643,0.020907,0.321144,-16.053297,6.950969,0.231062,-0.06381,0.896411,-0.089409,0.429398,3.087821,90.303421,22.784645,-0.015054,0.883672,-0.129337,0.449633,4.484678,54.065536,30.771965,-0.075218,0.8705,-0.067789,0.481639,0.194399,7.859746,42.352055,-0.017196,0.946643,0.020907,0.321144,-7.107028,1.501421,-11.254052,-0.075218,0.8705,-0.067789,0.481639,12.705851,1.15585,36.014664
136,1.133333,0.006962,0.89113,0.004145,0.453676,-2.513408,90.460968,15.102381,-0.003245,0.901681,0.067229,0.427132,-2.445982,98.257172,15.209232,-0.022044,0.905245,0.06293,0.419625,-3.397606,113.158371,16.990683,0.064837,0.951662,-0.042628,0.297185,-5.119484,131.562988,18.76285,0.093741,0.976934,-0.108705,0.158098,-1.862029,145.896591,16.576075,0.019537,0.887863,0.110041,0.446328,-7.48558,125.677696,15.653902,0.398716,-0.587782,0.095799,-0.697396,-18.36491,128.084564,1.380528,0.043246,-0.057301,-0.563353,-0.823092,-11.436648,113.727661,-16.339678,0.108261,-0.024985,-0.50906,-0.85353,-3.073978,135.233063,-19.674782,-0.176373,0.923174,0.137566,0.312599,-2.564973,125.579544,21.45421,0.326017,0.869894,0.115576,-0.351623,10.87711,129.918823,32.783955,-0.010646,0.219206,0.439516,-0.871011,23.751757,118.336655,16.406412,0.080842,0.077213,0.358238,-0.926913,12.13013,135.634308,8.0418,0.041849,0.88217,0.081639,0.461909,-8.107053,90.614716,7.414395,0.079636,0.926244,-0.027079,0.367418,-8.048259,54.105789,0.629991,-0.017237,0.946637,0.020764,0.321169,-16.055733,6.954953,0.230319,-0.063842,0.896266,-0.089339,0.429709,3.080237,90.30722,22.790367,-0.01511,0.883476,-0.129265,0.450037,4.478667,54.06871,30.77457,-0.076354,0.87043,-0.06871,0.481457,0.190997,7.861269,42.349068,-0.017237,0.946637,0.020764,0.321169,-7.108898,1.501859,-11.252667,-0.076354,0.87043,-0.06871,0.481457,12.707988,1.153544,36.026691
137,1.141667,0.00697,0.890977,0.004175,0.453976,-2.515843,90.462151,15.10232,-0.003105,0.901601,0.067109,0.42732,-2.448557,98.258354,15.209666,-0.022093,0.905149,0.063358,0.419766,-3.39521,113.160049,16.989485,0.064655,0.951668,-0.042035,0.29729,-5.125643,131.562592,18.774971,0.09316,0.976964,-0.109085,0.158,-1.877785,145.900696,16.603491,0.019393,0.88738,0.110803,0.447105,-7.488183,125.678612,15.660822,0.396864,-0.588171,0.095339,-0.698187,-18.342607,128.095947,1.370262,0.041974,-0.057515,-0.562584,-0.823668,-11.431988,113.795265,-16.40222,0.10713,-0.025046,-0.508284,-0.854133,-3.030991,135.286987,-19.711824,-0.176564,0.923031,0.138093,0.31268,-2.569406,125.578217,21.462646,0.325505,0.870047,0.11584,-0.351632,10.868415,129.916565,32.797802,-0.01134,0.219221,0.439264,-0.871126,23.75868,118.357727,16.416063,0.080196,0.077514,0.357984,-0.927043,12.126969,135.655258,8.063013,0.041844,0.882096,0.081563,0.462064,-8.104309,90.616295,7.410575,0.079665,0.926264,-0.027067,0.367365,-8.046595,54.106403,0.631353,-0.016893,0.946658,0.02089,0.321119,-16.056232,6.955948,0.230066,-0.063907,0.896196,-0.089351,0.429843,3.072622,90.308014,22.794065,-0.015088,0.883358,-0.129129,0.450308,4.473827,54.070274,30.781281,-0.075394,0.870353,-0.067842,0.481871,0.18659,7.859421,42.342289,-0.016893,0.946658,0.02089,0.321119,-7.113937,1.503026,-11.256543,-0.075394,0.870353,-0.067842,0.481871,12.703474,1.157834,36.013184
138,1.15,0.007089,0.890846,0.004013,0.454232,-2.524275,90.463867,15.105276,-0.002826,0.901494,0.066965,0.42757,-2.454216,98.260056,15.211243,-0.022158,0.90501,0.06367,0.420014,-3.391894,113.16172,16.99044,0.064053,0.951662,-0.041588,0.297502,-5.129848,131.562683,18.784843,0.092749,0.97695,-0.109313,0.158168,-1.901581,145.906418,16.62138,0.019295,0.886984,0.11151,0.447719,-7.488562,125.679543,15.666215,0.395413,-0.588527,0.094606,-0.698809,-18.323193,128.107376,1.362427,0.041182,-0.057591,-0.56184,-0.824211,-11.425879,113.862251,-16.459774,0.106357,-0.024917,-0.507847,-0.854494,-2.985854,135.342545,-19.75172,-0.176834,0.922895,0.138456,0.312771,-2.572992,125.577774,21.47073,0.325049,0.870229,0.116021,-0.351544,10.859321,129.919739,32.81102,-0.012062,0.219404,0.439034,-0.871186,23.766685,118.379555,16.429592,0.07954,0.077857,0.357385,-0.927301,12.129982,135.675812,8.083225,0.041847,0.882008,0.081556,0.462234,-8.108296,90.618637,7.410318,0.0796,0.926279,-0.027056,0.367339,-8.049709,54.108685,0.631434,-0.017061,0.94666,0.020761,0.321111,-16.053293,6.957185,0.231725,-0.063924,0.896134,-0.089318,0.429977,3.059746,90.309097,22.800234,-0.015282,0.88343,-0.129066,0.450178,4.461917,54.071079,30.786028,-0.075465,0.870498,-0.06794,0.481583,0.195506,7.859242,42.350803,-0.017061,0.94666,0.020761,0.321111,-7.109771,1.502302,-11.252994,-0.075465,0.870498,-0.06794,0.481583,12.708129,1.155578,36.015484
139,1.158333,0.007123,0.8907,0.003977,0.454518,-2.528675,90.464386,15.106455,-0.002617,0.901365,0.066833,0.427864,-2.457927,98.260582,15.212176,-0.022245,0.904848,0.063989,0.420311,-3.388942,113.164604,16.990419,0.063694,0.951631,-0.041066,0.29775,-5.135369,131.563904,18.793549,0.092233,0.97696,-0.109511,0.15827,-1.920459,145.912506,16.642471,0.019065,0.886512,0.112297,0.448468,-7.489666,125.681519,15.670176,0.393844,-0.589039,0.09372,-0.699383,-18.300329,128.117447,1.349638,0.040385,-0.05752,-0.560976,-0.824843,-11.423822,113.933693,-16.529453,0.10564,-0.02461,-0.507397,-0.854858,-2.938373,135.399139,-19.797766,-0.17694,0.92273,0.138655,0.313108,-2.577952,125.57856,21.477934,0.324488,0.870437,0.116264,-0.351467,10.845338,129.919083,32.82946,-0.012731,0.219628,0.438782,-0.871247,23.772642,118.402603,16.447075,0.078932,0.078075,0.357057,-0.927461,12.13032,135.697083,8.104321,0.041876,0.881858,0.081473,0.462531,-8.107738,90.619415,7.407908,0.079599,0.926306,-0.027012,0.367276,-8.051628,54.108643,0.633431,-0.017079,0.946664,0.020796,0.321097,-16.053518,6.956893,0.230402,-0.063946,0.895996,-0.089276,0.43027,3.05039,90.309364,22.805,-0.015345,0.883424,-0.128985,0.45021,4.452769,54.071003,30.7892,-0.075438,0.870478,-0.067906,0.481629,0.194747,7.857349,42.349812,-0.017079,0.946664,0.020796,0.321097,-7.110042,1.503148,-11.254894,-0.075438,0.870478,-0.067906,0.481629,12.707977,1.154219,36.015129
140,1.166667,0.007106,0.890544,0.003969,0.454825,-2.533636,90.46611,15.107712,-0.002226,0.901292,0.066544,0.428065,-2.463103,98.262314,15.213236,-0.022402,0.904738,0.064384,0.420478,-3.380042,113.165192,16.988239,0.063244,0.95164,-0.040335,0.297916,-5.138234,131.562347,18.801781,0.09176,0.976973,-0.109707,0.158332,-1.941275,145.917496,16.667698,0.018924,0.886066,0.113166,0.449135,-7.487758,125.680435,15.673919,0.391705,-0.589456,0.093247,-0.700296,-18.276934,128.128372,1.339222,0.039335,-0.057754,-0.559997,-0.825543,-11.419613,114.008591,-16.59779,0.104787,-0.024237,-0.50747,-0.854931,-2.883901,135.457962,-19.847853,-0.177265,0.922539,0.138985,0.313339,-2.578289,125.576927,21.48357,0.324093,0.87058,0.116651,-0.35135,10.83562,129.922165,32.844387,-0.013291,0.219672,0.438638,-0.871301,23.779085,118.425705,16.460699,0.07848,0.078281,0.356613,-0.927653,12.13205,135.720978,8.126703,0.041841,0.881796,0.081439,0.462659,-8.107398,90.620789,7.405316,0.079676,0.926317,-0.027012,0.367231,-8.049241,54.10939,0.634278,-0.016986,0.946629,0.020772,0.321207,-16.057932,6.958809,0.228906,-0.063892,0.895826,-0.089256,0.430636,3.040127,90.311432,22.810108,-0.015475,0.883416,-0.128902,0.450245,4.436329,54.072285,30.791843,-0.075325,0.870507,-0.067873,0.481598,0.192467,7.856956,42.350975,-0.016986,0.946629,0.020772,0.321207,-7.112895,1.503538,-11.254452,-0.075325,0.870507,-0.067873,0.481598,12.70407,1.152698,36.014271
141,1.175,0.007119,0.890382,0.003953,0.455142,-2.536683,90.469154,15.108755,-0.00191,0.90111,0.066525,0.428452,-2.465889,98.265358,15.214165,-0.022716,0.904508,0.064653,0.420914,-3.374793,113.168381,16.992331,0.063021,0.951485,-0.04001,0.298502,-5.14857,131.563721,18.809124,0.091053,0.976935,-0.109749,0.158941,-1.958273,145.921783,16.684708,0.018764,0.885508,0.113989,0.450033,-7.490532,125.680908,15.677283,0.38969,-0.589963,0.092512,-0.70109,-18.250692,128.140442,1.322783,0.038478,-0.057793,-0.558977,-0.826271,-11.415379,114.08889,-16.676094,0.104016,-0.023504,-0.50755,-0.854998,-2.827476,135.51825,-19.905113,-0.177538,0.922395,0.139418,0.313416,-2.586863,125.579475,21.491861,0.323423,0.870856,0.116658,-0.35128,10.821766,129.927628,32.857792,-0.014085,0.219794,0.438246,-0.871454,23.788231,118.454422,16.475992,0.077822,0.078648,0.356527,-0.92771,12.128044,135.745529,8.150973,0.041849,0.881667,0.081347,0.462919,-8.104956,90.623917,7.402395,0.079721,0.926411,-0.026959,0.36699,-8.048502,54.11145,0.637074,-0.017214,0.946634,0.020628,0.321188,-16.059477,6.961304,0.227513,-0.063936,0.895719,-0.089218,0.43086,3.031591,90.3144,22.815115,-0.015556,0.883345,-0.128827,0.450404,4.429948,54.075176,30.796093,-0.075541,0.870509,-0.067982,0.481546,0.194038,7.858241,42.351704,-0.017214,0.946634,0.020628,0.321188,-7.112871,1.504254,-11.253772,-0.075541,0.870509,-0.067982,0.481546,12.706751,1.154706,36.016426
142,1.183333,0.006722,0.890197,0.004165,0.455507,-2.52317,90.466843,15.109059,-0.001939,0.900966,0.066629,0.428739,-2.459443,98.2631,15.214626,-0.022973,0.904351,0.064955,0.421191,-3.371407,113.171623,16.99563,0.063047,0.951368,-0.039486,0.29894,-5.159083,131.565079,18.817932,0.090309,0.976927,-0.109888,0.159318,-1.970804,145.926041,16.710224,0.018485,0.884907,0.114861,0.451005,-7.494936,125.681778,15.68243,0.386997,-0.59055,0.092209,-0.702127,-18.223743,128.150208,1.306,0.037213,-0.058102,-0.557757,-0.827132,-11.418818,114.169159,-16.759167,0.103214,-0.022999,-0.507681,-0.855031,-2.767799,135.579712,-19.967804,-0.177845,0.922249,0.139876,0.31347,-2.594989,125.581635,21.500172,0.322674,0.871161,0.116465,-0.351278,10.808487,129.933594,32.870724,-0.015011,0.219971,0.43781,-0.871613,23.798101,118.483582,16.49103,0.077143,0.079112,0.356343,-0.927798,12.123454,135.771179,8.174891,0.042063,0.881649,0.081197,0.462961,-8.085221,90.616714,7.398108,0.079826,0.926401,-0.026977,0.36699,-8.047578,54.103779,0.6352,-0.018202,0.94651,0.020423,0.321513,-16.068401,6.955319,0.223524,-0.063814,0.895602,-0.089291,0.431106,3.038882,90.316963,22.820011,-0.015629,0.883185,-0.12877,0.450731,4.424597,54.077549,30.802345,-0.075594,0.870511,-0.067937,0.48154,0.193048,7.859426,42.354828,-0.018202,0.94651,0.020423,0.321513,-7.103827,1.502227,-11.245622,-0.075594,0.870511,-0.067937,0.48154,12.706489,1.15773,36.019039
143,1.191667,0.006689,0.890037,0.004211,0.45582,-2.52553,90.470032,15.110003,-0.002008,0.900843,0.066514,0.429015,-2.462616,98.266289,15.215993,-0.022952,0.904211,0.065346,0.421433,-3.375614,113.176872,16.992929,0.063023,0.951317,-0.038581,0.299227,-5.169175,131.568466,18.828138,0.089744,0.97693,-0.110169,0.159425,-1.988096,145.934845,16.746572,0.018079,0.884219,0.115825,0.452123,-7.501781,125.686905,15.686954,0.384939,-0.591033,0.091602,-0.702931,-18.194563,128.162308,1.284902,0.036143,-0.0586,-0.556688,-0.827863,-11.411485,114.247116,-16.839256,0.101955,-0.022652,-0.507783,-0.855131,-2.708483,135.635559,-20.039173,-0.178106,0.922084,0.140165,0.313677,-2.604919,125.583687,21.50724,0.322083,0.871429,0.116745,-0.351062,10.790486,129.938965,32.886032,-0.015615,0.220057,0.437477,-0.871748,23.805492,118.512848,16.509806,0.076687,0.079419,0.35617,-0.927876,12.118934,135.796768,8.200246,0.042016,0.881622,0.081139,0.463026,-8.082163,90.619751,7.395142,0.080003,0.926463,-0.026961,0.366794,-8.043025,54.105831,0.637595,-0.018202,0.946418,0.020339,0.32179,-16.078917,6.95999,0.219897,-0.063851,0.895449,-0.089268,0.431422,3.031103,90.320297,22.824863,-0.015696,0.883129,-0.128684,0.450862,4.417193,54.080929,30.807346,-0.075704,0.870506,-0.067934,0.481533,0.193332,7.860884,42.354977,-0.018202,0.946418,0.020339,0.32179,-7.107967,1.50467,-11.243207,-0.075704,0.870506,-0.067934,0.481533,12.70793,1.160987,36.019562
144,1.2,0.006657,0.889868,0.004223,0.45615,-2.527457,90.472588,15.110828,-0.001945,0.900677,0.066516,0.429363,-2.465119,98.268845,15.21678,-0.023182,0.904016,0.065638,0.421794,-3.377116,113.179733,16.994265,0.062915,0.951164,-0.038362,0.29976,-5.18366,131.569519,18.834892,0.089158,0.976893,-0.110059,0.160055,-2.005414,145.937607,16.760828,0.017744,0.883465,0.116982,0.453309,-7.509981,125.687698,15.689553,0.38284,-0.591571,0.090954,-0.703708,-18.164289,128.175858,1.261216,0.035133,-0.059088,-0.555507,-0.828666,-11.405921,114.328346,-16.923895,0.100795,-0.022391,-0.508139,-0.855064,-2.64365,135.695526,-20.116966,-0.178401,0.921914,0.140586,0.313822,-2.617912,125.58532,21.51388,0.321474,0.871731,0.116955,-0.350802,10.770382,129.943848,32.899784,-0.016241,0.220193,0.437119,-0.871882,23.812767,118.540489,16.529488,0.076293,0.079913,0.356101,-0.927893,12.114472,135.819885,8.225067,0.042024,0.881627,0.081064,0.46303,-8.078382,90.621872,7.391853,0.080022,0.926496,-0.026934,0.36671,-8.042332,54.107094,0.638883,-0.017742,0.946436,0.020437,0.321755,-16.079027,6.961411,0.21888,-0.063813,0.895342,-0.089292,0.431644,3.023468,90.323296,22.829803,-0.015772,0.883114,-0.128574,0.450921,4.404285,54.083889,30.813004,-0.075738,0.870502,-0.068027,0.481522,0.190824,7.861364,42.354462,-0.017742,0.946436,0.020437,0.321755,-7.113634,1.504354,-11.247741,-0.075738,0.870502,-0.068027,0.481522,12.705168,1.159816,36.020302
145,1.208333,0.006639,0.88967,0.004148,0.456538,-2.531098,90.472092,15.113073,-0.001963,0.900481,0.066491,0.429777,-2.468519,98.268364,15.217882,-0.023389,0.903792,0.065925,0.422216,-3.38162,113.180801,16.994221,0.061969,0.951089,-0.038399,0.300191,-5.20048,131.568832,18.840309,0.08921,0.976814,-0.109676,0.160772,-2.04647,145.941162,16.758724,0.017459,0.882675,0.118227,0.454536,-7.520389,125.686905,15.690417,0.380926,-0.591914,0.090268,-0.704546,-18.13472,128.191147,1.235425,0.034333,-0.059583,-0.554491,-0.829344,-11.389793,114.410767,-17.005583,0.099856,-0.022114,-0.509131,-0.854591,-2.577762,135.757385,-20.197289,-0.178601,0.921784,0.140918,0.313939,-2.633895,125.585052,21.51943,0.320811,0.872069,0.117107,-0.350517,10.749147,129.945023,32.910954,-0.016876,0.22033,0.436726,-0.872032,23.82135,118.564972,16.548222,0.075954,0.080312,0.3559,-0.927964,12.109925,135.838959,8.248826,0.042057,0.88158,0.080992,0.463128,-8.0753,90.62043,7.38925,0.080035,0.926486,-0.026905,0.366734,-8.043179,54.104984,0.639889,-0.017994,0.946413,0.020383,0.321813,-16.079969,6.959346,0.21668,-0.063845,0.895248,-0.089211,0.431852,3.013103,90.323753,22.836897,-0.015766,0.883162,-0.128505,0.450846,4.39684,54.083561,30.816061,-0.076578,0.870471,-0.068771,0.481339,0.186869,7.859349,42.35202,-0.017994,0.946413,0.020383,0.321813,-7.110581,1.503238,-11.247266,-0.076578,0.870471,-0.068771,0.481339,12.704248,1.153374,36.028557
146,1.216667,0.006627,0.889471,0.004092,0.456924,-2.534286,90.472588,15.114594,-0.002025,0.900294,0.066432,0.430178,-2.471525,98.268867,15.218575,-0.023497,0.903583,0.066213,0.422612,-3.386416,113.182999,16.992287,0.061556,0.950963,-0.03813,0.30071,-5.214216,131.569412,18.84551,0.088877,0.976751,-0.109498,0.16146,-2.071955,145.945206,16.770004,0.017759,0.882639,0.118046,0.454642,-7.528978,125.68808,15.690747,0.379621,-0.591835,0.088707,-0.705514,-18.139462,128.199356,1.234154,0.034097,-0.060578,-0.553226,-0.830126,-11.376778,114.505554,-17.065384,0.098371,-0.022456,-0.509589,-0.854481,-2.507883,135.815552,-20.288622,-0.179014,0.921529,0.141162,0.314342,-2.64765,125.585381,21.524071,0.320158,0.872442,0.117216,-0.350148,10.720879,129.952652,32.929825,-0.017419,0.220734,0.436224,-0.872171,23.825369,118.593826,16.578186,0.075421,0.080829,0.355873,-0.927972,12.102335,135.856461,8.271877,0.042096,0.881489,0.080936,0.463308,-8.071768,90.620247,7.38594,0.080065,0.926424,-0.026842,0.366888,-8.042734,54.104378,0.638828,-0.01838,0.946417,0.020127,0.321795,-16.079891,6.958875,0.207642,-0.063854,0.895131,-0.089202,0.432095,3.003195,90.324928,22.843248,-0.015821,0.883152,-0.128389,0.450897,4.385598,54.084702,30.822453,-0.076728,0.870468,-0.068867,0.481306,0.18463,7.857785,42.350853,-0.01838,0.946417,0.020127,0.321795,-7.107569,1.499429,-11.252415,-0.076728,0.870468,-0.068867,0.481306,12.70272,1.151869,36.028736
147,1.225,0.006515,0.889269,0.004091,0.45732,-2.533951,90.472702,15.116671,-0.002076,0.900087,0.066449,0.430609,-2.472773,98.269005,15.219872,-0.023685,0.903353,0.06644,0.423057,-3.390192,113.184525,16.993103,0.060878,0.950877,-0.037262,0.301229,-5.228726,131.569504,18.850029,0.088737,0.976661,-0.109572,0.162028,-2.110656,145.953476,16.7948,0.017359,0.881879,0.119239,0.455817,-7.537459,125.688004,15.691146,0.377578,-0.592236,0.087966,-0.706367,-18.109676,128.210739,1.208539,0.033162,-0.061291,-0.55208,-0.830874,-11.363353,114.588737,-17.15052,0.097401,-0.022716,-0.510407,-0.854097,-2.440238,135.873444,-20.377338,-0.179233,0.921264,0.141199,0.314978,-2.661992,125.585892,21.529379,0.319554,0.872772,0.117509,-0.34978,10.68918,129.955109,32.954704,-0.01797,0.221233,0.435862,-0.872214,23.824352,118.619194,16.611776,0.075008,0.081422,0.355507,-0.928094,12.097121,135.874207,8.296039,0.04215,0.881454,0.080871,0.463381,-8.064585,90.618469,7.38308,0.080131,0.926478,-0.02683,0.36674,-8.040757,54.102135,0.638434,-0.018674,0.946386,0.02006,0.321872,-16.083349,6.957576,0.205137,-0.063849,0.895056,-0.089205,0.43225,2.996683,90.326927,22.850262,-0.015852,0.883184,-0.128288,0.450862,4.377252,54.086704,30.829796,-0.076779,0.870473,-0.068864,0.48129,0.183754,7.857415,42.351425,-0.018674,0.946386,0.02006,0.321872,-7.106165,1.499152,-11.251599,-0.076779,0.870473,-0.068864,0.48129,12.702201,1.152327,36.02914
148,1.233333,0.006346,0.889069,0.004183,0.45771,-2.531337,90.475906,15.118,-0.002154,0.899835,0.066384,0.431145,-2.473214,98.272232,15.221294,-0.023989,0.903046,0.066781,0.423643,-3.393124,113.190651,16.991535,0.061011,0.950703,-0.036482,0.301845,-5.2484,131.57341,18.853865,0.088241,0.976636,-0.109646,0.162401,-2.130992,145.961136,16.824186,0.017013,0.881139,0.120192,0.457011,-7.548331,125.691475,15.689367,0.37531,-0.592549,0.087484,-0.707372,-18.081537,128.223618,1.179999,0.032045,-0.061936,-0.550995,-0.83159,-11.348863,114.672089,-17.236134,0.096518,-0.023096,-0.511438,-0.85357,-2.37357,135.935638,-20.459644,-0.179452,0.921045,0.141484,0.315366,-2.680626,125.590637,21.534098,0.318889,0.873157,0.117463,-0.34944,10.658863,129.96048,32.972824,-0.018756,0.221713,0.435482,-0.872266,23.825621,118.643715,16.64204,0.074522,0.082063,0.355225,-0.928185,12.093039,135.893051,8.322087,0.042197,0.881377,0.08073,0.463547,-8.055219,90.619614,7.379546,0.080231,0.926397,-0.026849,0.36692,-8.038077,54.101898,0.642397,-0.018658,0.946361,0.020132,0.321943,-16.090044,6.958967,0.205687,-0.063855,0.894875,-0.08922,0.432621,2.992546,90.332199,22.856453,-0.015946,0.883056,-0.128184,0.451139,4.369738,54.092216,30.837715,-0.076762,0.870493,-0.068788,0.481267,0.185058,7.860658,42.353458,-0.018658,0.946361,0.020132,0.321943,-7.111098,1.502403,-11.250558,-0.076762,0.870493,-0.068788,0.481267,12.703312,1.156957,36.029312
149,1.241667,0.006277,0.888842,0.004242,0.458151,-2.532556,90.47731,15.117762,-0.002412,0.89964,0.066338,0.431557,-2.475852,98.273643,15.221403,-0.02399,0.902842,0.067162,0.424016,-3.403094,113.194534,16.986908,0.061238,0.950576,-0.035491,0.302316,-5.265143,131.575394,18.861141,0.087689,0.976616,-0.109841,0.162687,-2.148193,145.967651,16.863049,0.016525,0.880106,0.121504,0.458669,-7.560779,125.695129,15.69044,0.373061,-0.593079,0.086882,-0.708191,-18.039604,128.240097,1.143981,0.030659,-0.062411,-0.54995,-0.832298,-11.331903,114.759537,-17.333261,0.095523,-0.023826,-0.512814,-0.852836,-2.305956,136.00354,-20.540087,-0.179775,0.920785,0.141896,0.315754,-2.697887,125.591385,21.539125,0.31837,0.873466,0.117959,-0.348973,10.62853,129.963623,32.992165,-0.019316,0.222033,0.435121,-0.872352,23.826582,118.669388,16.671055,0.073908,0.082628,0.355041,-0.928254,12.08672,135.911423,8.348667,0.042193,0.88122,0.080682,0.463856,-8.048788,90.620384,7.373839,0.080319,0.926369,-0.02692,0.366968,-8.03071,54.102074,0.639919,-0.018612,0.94633,0.020209,0.322032,-16.092846,6.960863,0.205946,-0.063969,0.894704,-0.089181,0.432965,2.983676,90.334244,22.861683,-0.015929,0.882983,-0.128143,0.451295,4.366597,54.094833,30.84453,-0.076571,0.870499,-0.068625,0.481309,0.180195,7.862216,42.355389,-0.018612,0.94633,0.020209,0.322032,-7.112025,1.505996,-11.249636,-0.076571,0.870499,-0.068625,0.481309,12.697742,1.159389,36.028919
150,1.25,0.006164,0.888576,0.00429,0.458668,-2.532778,90.477776,15.120244,-0.002601,0.899391,0.066161,0.432102,-2.478055,98.274124,15.223783,-0.024142,0.902564,0.06749,0.424547,-3.409373,113.198448,16.981817,0.06107,0.950439,-0.034949,0.302844,-5.282773,131.577377,18.863482,0.087334,0.976593,-0.109668,0.163129,-2.173161,145.973419,16.88122,0.015539,0.878484,0.123605,0.461244,-7.571691,125.697662,15.686934,0.369949,-0.594027,0.087293,-0.708978,-17.965851,128.256714,1.08232,0.028457,-0.062709,-0.549038,-0.832956,-11.315217,114.830315,-17.454885,0.095244,-0.024789,-0.513141,-0.852643,-2.243532,136.063477,-20.617805,-0.180245,0.92046,0.142384,0.316215,-2.715769,125.593246,21.541395,0.317857,0.873846,0.118115,-0.348439,10.593974,129.971069,33.011692,-0.019881,0.222499,0.434733,-0.872414,23.825348,118.692039,16.707041,0.073432,0.083316,0.354933,-0.928272,12.079445,135.926407,8.376336,0.04219,0.881169,0.080529,0.463978,-8.04001,90.619362,7.369892,0.080671,0.925982,-0.026941,0.367865,-8.026093,54.099201,0.646021,-0.01871,0.946106,0.020044,0.322693,-16.119497,6.963518,0.19364,-0.064033,0.894505,-0.089111,0.433382,2.974455,90.336189,22.870598,-0.015958,0.882933,-0.128048,0.451418,4.360164,54.096466,30.851522,-0.076845,0.870466,-0.068723,0.481312,0.178768,7.861605,42.355186,-0.01871,0.946106,0.020044,0.322693,-7.122236,1.505288,-11.24743,-0.076845,0.870466,-0.068723,0.481312,12.699013,1.160865,36.031845
151,1.258333,0.005989,0.888301,0.00438,0.459201,-2.53001,90.476311,15.121264,-0.002889,0.899112,0.066132,0.432684,-2.478405,98.272682,15.224823,-0.024314,0.902266,0.067751,0.42513,-3.418403,113.198837,16.977942,0.06053,0.950296,-0.034415,0.303463,-5.30287,131.576157,18.864367,0.08728,0.976501,-0.1095,0.163825,-2.21051,145.977646,16.894802,0.015319,0.877634,0.124325,0.462673,-7.584856,125.696625,15.682496,0.368181,-0.594192,0.086574,-0.709847,-17.931446,128.266693,1.046073,0.027547,-0.062986,-0.548403,-0.833384,-11.284207,114.90815,-17.541302,0.094844,-0.025211,-0.51425,-0.852007,-2.182482,136.128036,-20.691824,-0.180703,0.920135,0.142649,0.316778,-2.736595,125.592163,21.543303,0.317447,0.874217,0.118121,-0.347878,10.55425,129.977173,33.032738,-0.020501,0.223167,0.434452,-0.872369,23.816689,118.706558,16.74754,0.072914,0.084065,0.354773,-0.928306,12.072216,135.937256,8.402241,0.042228,0.881053,0.080444,0.464211,-8.027981,90.615738,7.364301,0.080779,0.925968,-0.026929,0.367876,-8.017728,54.094791,0.644717,-0.018614,0.946086,0.020135,0.322753,-16.120241,6.960726,0.187368,-0.064034,0.894391,-0.089111,0.433617,2.967962,90.336884,22.878227,-0.016056,0.882855,-0.127919,0.451603,4.3517,54.097176,30.85956,-0.076056,0.870571,-0.068451,0.481286,0.181716,7.859466,42.355896,-0.018614,0.946086,0.020135,0.322753,-7.122297,1.504087,-11.253923,-0.076056,0.870571,-0.068451,0.481286,12.69386,1.152421,36.023209
152,1.266667,0.005885,0.888006,0.00424,0.459775,-2.532164,90.475037,15.123246,-0.003177,0.898759,0.066108,0.433419,-2.481068,98.271439,15.224152,-0.024449,0.90188,0.067998,0.425901,-3.430232,113.201546,16.972551,0.060361,0.950095,-0.034119,0.304157,-5.324719,131.577377,18.863436,0.087014,0.976459,-0.109197,0.164415,-2.237046,145.981201,16.903608,0.015395,0.877412,0.124272,0.463107,-7.599045,125.698341,15.675163,0.366815,-0.593527,0.08565,-0.711222,-17.931,128.271759,1.028995,0.027111,-0.063528,-0.54803,-0.833602,-11.238512,114.989182,-17.596552,0.094404,-0.025781,-0.515247,-0.851436,-2.123526,136.194702,-20.756262,-0.180926,0.919776,0.142617,0.317707,-2.760867,125.593201,21.544285,0.316912,0.874642,0.118247,-0.347256,10.505711,129.978867,33.061485,-0.021132,0.223978,0.434127,-0.872308,23.804937,118.72271,16.796288,0.07235,0.084792,0.354776,-0.928283,12.064525,135.945999,8.432173,0.042281,0.88089,0.080305,0.464539,-8.020126,90.611488,7.359146,0.080583,0.926269,-0.026901,0.367163,-8.015654,54.089211,0.64676,-0.018561,0.946266,0.020332,0.322217,-16.100296,6.951973,0.200055,-0.064079,0.89432,-0.089095,0.43376,2.955798,90.338585,22.887348,-0.016046,0.882953,-0.127779,0.451452,4.34174,54.099091,30.869278,-0.076063,0.870575,-0.068573,0.48126,0.179002,7.85791,42.354286,-0.018561,0.946266,0.020332,0.322217,-7.115182,1.500045,-11.253557,-0.076063,0.870575,-0.068573,0.48126,12.690221,1.148103,36.022705
153,1.275,0.005649,0.887672,0.004381,0.460421,-2.528467,90.472527,15.122402,-0.003591,0.898324,0.066295,0.434289,-2.481719,98.268959,15.223606,-0.024678,0.901417,0.068137,0.426844,-3.446694,113.205864,16.971577,0.059917,0.949862,-0.034044,0.30498,-5.353019,131.580566,18.86145,0.087015,0.976372,-0.108771,0.165211,-2.275249,145.986755,16.903313,0.014501,0.875689,0.126407,0.465811,-7.618077,125.701096,15.667404,0.365019,-0.594187,0.085453,-0.711618,-17.860044,128.293365,0.961481,0.025603,-0.062946,-0.547732,-0.83389,-11.203303,115.055191,-17.708429,0.094349,-0.026314,-0.516618,-0.850595,-2.066831,136.268234,-20.8085,-0.181319,0.919458,0.143106,0.318183,-2.792303,125.597046,21.546745,0.316329,0.875133,0.118103,-0.346599,10.458144,129.985641,33.081383,-0.022087,0.22463,0.43375,-0.872304,23.796707,118.740311,16.840931,0.072053,0.086375,0.354447,-0.928286,12.054098,135.959854,8.469125,0.042395,0.880718,0.080061,0.464897,-8.005178,90.606255,7.350313,0.080626,0.926255,-0.02686,0.367193,-8.013899,54.081799,0.64982,-0.018716,0.946265,0.020427,0.322203,-16.100842,6.945005,0.197723,-0.064057,0.894129,-0.089113,0.434153,2.948244,90.338799,22.894489,-0.01616,0.882874,-0.127625,0.451646,4.328589,54.099319,30.877485,-0.076196,0.8706,-0.068616,0.481188,0.179623,7.854736,42.353764,-0.018716,0.946265,0.020427,0.322203,-7.114041,1.497192,-11.256526,-0.076196,0.8706,-0.068616,0.481188,12.691006,1.145805,36.02158
154,1.283333,0.005374,0.887331,0.004387,0.461081,-2.526065,90.472832,15.124848,-0.004195,0.897964,0.066133,0.435051,-2.483243,98.26931,15.224203,-0.024611,0.901043,0.068456,0.427585,-3.464206,113.210823,16.959534,0.06017,0.949621,-0.03341,0.305751,-5.374903,131.58403,18.859529,0.08655,0.97632,-0.10868,0.165824,-2.292803,145.992432,16.924664,0.014573,0.875463,0.126257,0.466273,-7.634334,125.706696,15.657559,0.364087,-0.593559,0.084249,-0.712763,-17.860626,128.300735,0.941043,0.0255,-0.062634,-0.54752,-0.834056,-11.158573,115.136147,-17.764656,0.09439,-0.026539,-0.518289,-0.849566,-2.011274,136.341644,-20.849545,-0.181521,0.919141,0.143283,0.318904,-2.81815,125.598755,21.544689,0.315663,0.875624,0.11765,-0.346118,10.413015,129.986221,33.101868,-0.023176,0.225345,0.433408,-0.872261,23.787519,118.751099,16.883915,0.071519,0.087499,0.35453,-0.92819,12.045139,135.969498,8.504736,0.04241,0.880592,0.079923,0.465158,-7.991261,90.60199,7.344581,0.08074,0.926294,-0.026866,0.367067,-8.003791,54.075981,0.65255,-0.018784,0.946257,0.020567,0.322214,-16.101082,6.940985,0.19808,-0.064086,0.893961,-0.089072,0.434503,2.93913,90.343666,22.905117,-0.016242,0.882767,-0.127487,0.451892,4.319649,54.103928,30.886904,-0.076153,0.870622,-0.068576,0.481161,0.180443,7.856223,42.354141,-0.018784,0.946257,0.020567,0.322214,-7.112813,1.49768,-11.25716,-0.076153,0.870622,-0.068576,0.481161,12.691095,1.147423,36.020367
155,1.291667,0.005019,0.88698,0.004596,0.461757,-2.519035,90.474419,15.12461,-0.004755,0.897579,0.065966,0.435865,-2.482706,98.270927,15.224322,-0.024612,0.90063,0.068829,0.428396,-3.478175,113.212608,16.946886,0.060125,0.949364,-0.03326,0.306571,-5.396517,131.583923,18.857565,0.086096,0.976267,-0.108232,0.166659,-2.313972,145.99321,16.930042,0.014198,0.874551,0.127169,0.467746,-7.64884,125.708519,15.647028,0.362897,-0.593485,0.083513,-0.713517,-17.825695,128.312378,0.898011,0.024463,-0.062304,-0.547312,-0.834248,-11.113598,115.204704,-17.844023,0.093408,-0.026805,-0.519698,-0.848806,-1.955285,136.406937,-20.88946,-0.181352,0.918724,0.142903,0.32037,-2.843208,125.597168,21.542713,0.314899,0.876157,0.119237,-0.34492,10.356245,129.973038,33.140476,-0.023309,0.225965,0.432831,-0.872384,23.793152,118.781158,16.944227,0.071259,0.088414,0.354511,-0.928131,12.041875,135.979736,8.54228,0.042492,0.880341,0.079714,0.46566,-7.972439,90.599442,7.336005,0.081105,0.925762,-0.026948,0.368322,-7.993813,54.071472,0.654656,-0.018677,0.946022,0.020612,0.322907,-16.125372,6.942544,0.183547,-0.064122,0.893744,-0.089128,0.434933,2.93437,90.349403,22.913214,-0.016288,0.882637,-0.127315,0.452193,4.311581,54.110741,30.900455,-0.076091,0.870587,-0.068535,0.48124,0.179797,7.858989,42.354004,-0.018677,0.946022,0.020612,0.322907,-7.121498,1.499674,-11.259642,-0.076091,0.870587,-0.068535,0.48124,12.691195,1.150419,36.021454
156,1.3,0.004702,0.886546,0.004684,0.462594,-2.512134,90.474808,15.124869,-0.005173,0.89713,0.065912,0.436792,-2.480912,98.271355,15.223546,-0.024891,0.900152,0.069129,0.429334,-3.488883,113.215004,16.938326,0.060072,0.949107,-0.032813,0.307425,-5.423302,131.584259,18.852478,0.085945,0.976197,-0.107944,0.167333,-2.343006,145.996124,16.940632,0.013381,0.872813,0.128924,0.470528,-7.664956,125.708725,15.634748,0.360949,-0.59393,0.083738,-0.714109,-17.748087,128.328583,0.82432,0.022401,-0.061444,-0.547451,-0.834278,-11.062953,115.258369,-17.953474,0.092599,-0.026761,-0.522002,-0.847481,-1.904586,136.478714,-20.913832,-0.181613,0.918368,0.143161,0.321127,-2.871784,125.598076,21.540581,0.31467,0.876574,0.119717,-0.343904,10.30666,129.973373,33.162437,-0.023855,0.226608,0.432709,-0.872263,23.783836,118.786934,16.995913,0.07093,0.089419,0.354409,-0.928099,12.039115,135.987213,8.579147,0.042647,0.880019,0.07947,0.466297,-7.950893,90.595291,7.325958,0.080955,0.926098,-0.026979,0.367507,-7.986068,54.065418,0.655144,-0.018588,0.946188,0.02098,0.322401,-16.105961,6.934324,0.199256,-0.064156,0.893513,-0.089117,0.435405,2.926626,90.354324,22.923779,-0.016385,0.88252,-0.12715,0.452463,4.302235,54.115845,30.912083,-0.076101,0.870594,-0.068555,0.481222,0.182319,7.860386,42.354946,-0.018588,0.946188,0.02098,0.322401,-7.113997,1.500536,-11.257604,-0.076101,0.870594,-0.068555,0.481222,12.69345,1.151451,36.022259
157,1.308333,0.004442,0.886062,0.004579,0.463523,-2.507466,90.472786,15.125399,-0.005895,0.896612,0.065905,0.437845,-2.479194,98.269386,15.220779,-0.024959,0.899627,0.06941,0.430384,-3.508953,113.217545,16.925188,0.060023,0.94884,-0.032496,0.308293,-5.452356,131.585236,18.845354,0.085904,0.976131,-0.107538,0.167998,-2.373071,145.998901,16.945698,0.013213,0.872019,0.129347,0.471887,-7.68504,125.710991,15.619024,0.359896,-0.59351,0.083455,-0.715022,-17.721951,128.338715,0.778623,0.02163,-0.06047,-0.547619,-0.83426,-11.010801,115.311516,-18.019773,0.092446,-0.026634,-0.523842,-0.846365,-1.855537,136.540878,-20.922676,-0.18174,0.918012,0.143256,0.322027,-2.905654,125.598122,21.535976,0.314312,0.877085,0.119896,-0.342863,10.250141,129.969543,33.18491,-0.024733,0.227695,0.432526,-0.872046,23.772097,118.787384,17.052864,0.070391,0.090726,0.353714,-0.928278,12.044129,135.984039,8.613785,0.042679,0.879793,0.079187,0.466769,-7.929901,90.587997,7.315049,0.081125,0.926079,-0.026964,0.367517,-7.973488,54.055,0.661398,-0.018845,0.946191,0.021041,0.322373,-16.107782,6.926465,0.198069,-0.064244,0.89341,-0.089002,0.435626,2.914969,90.357574,22.935749,-0.016373,0.882468,-0.127034,0.452598,4.298144,54.118423,30.919685,-0.076122,0.870534,-0.06854,0.48133,0.180509,7.860118,42.351852,-0.018845,0.946191,0.021041,0.322373,-7.11351,1.496827,-11.258945,-0.076122,0.870534,-0.06854,0.48133,12.693676,1.152218,36.022099
158,1.316667,0.004269,0.885613,0.00443,0.464383,-2.508699,90.472466,15.127866,-0.006504,0.896125,0.065794,0.43885,-2.481825,98.269104,15.219954,-0.024934,0.899131,0.069615,0.431389,-3.528534,113.218567,16.912287,0.059632,0.948603,-0.032135,0.309133,-5.476515,131.585236,18.837473,0.085942,0.976043,-0.107136,0.16875,-2.408146,146.002579,16.947933,0.013484,0.871958,0.128879,0.472121,-7.701928,125.712608,15.603207,0.359567,-0.592374,0.082642,-0.716223,-17.730595,128.34198,0.757527,0.021608,-0.05967,-0.547969,-0.834088,-10.948769,115.366531,-18.051294,0.091943,-0.026142,-0.526353,-0.844876,-1.808025,136.603348,-20.922094,-0.181719,0.917546,0.142792,0.323571,-2.93569,125.596809,21.530699,0.313955,0.877549,0.120083,-0.341937,10.184293,129.961899,33.222317,-0.02535,0.228948,0.43237,-0.871778,23.747202,118.785492,17.120689,0.069744,0.091726,0.354113,-0.928077,12.038147,135.979599,8.64664,0.042708,0.879444,0.079072,0.467441,-7.915979,90.583481,7.306959,0.081232,0.926005,-0.027029,0.367675,-7.960334,54.049309,0.65975,-0.018908,0.946187,0.021024,0.322384,-16.10631,6.922781,0.196995,-0.064313,0.893184,-0.088934,0.436093,2.898581,90.36145,22.948772,-0.016481,0.882405,-0.126851,0.452769,4.284399,54.122055,30.93115,-0.075966,0.870589,-0.068544,0.481255,0.181644,7.859621,42.351978,-0.018908,0.946187,0.021024,0.322384,-7.111145,1.493281,-11.259381,-0.075966,0.870589,-0.068544,0.481255,12.691802,1.148926,36.019249
159,1.325,0.004088,0.885143,0.004375,0.465281,-2.507256,90.470314,15.127687,-0.006725,0.895596,0.06571,0.439938,-2.482575,98.266983,15.217735,-0.025193,0.898561,0.069772,0.432533,-3.536144,113.215729,16.90349,0.059246,0.948365,-0.031527,0.309999,-5.497705,131.581116,18.827244,0.085997,0.975977,-0.106842,0.169289,-2.44227,146.003433,16.95483,0.013274,0.87137,0.129283,0.4731,-7.712018,125.708076,15.586105,0.359132,-0.591611,0.082074,-0.717137,-17.707384,128.341995,0.71879,0.021125,-0.058419,-0.548582,-0.833786,-10.878019,115.407738,-18.101198,0.091567,-0.025492,-0.529112,-0.843212,-1.761483,136.663788,-20.910864,-0.182035,0.917032,0.14264,0.324913,-2.961015,125.593338,21.525835,0.31566,0.877146,0.124411,-0.339846,10.123276,129.960388,33.25666,-0.023862,0.228908,0.433242,-0.871397,23.702961,118.776855,17.174122,0.069301,0.092722,0.354614,-0.927819,12.032616,135.974136,8.681633,0.042673,0.879155,0.078825,0.46803,-7.898689,90.577835,7.295797,0.081392,0.925986,-0.027013,0.367689,-7.945026,54.040546,0.665778,-0.019046,0.946188,0.021081,0.322367,-16.104431,6.916413,0.195841,-0.064343,0.892799,-0.088997,0.436864,2.884176,90.362793,22.959578,-0.01662,0.882324,-0.126562,0.453001,4.263011,54.124512,30.948246,-0.075935,0.870575,-0.068571,0.481281,0.181546,7.855508,42.350071,-0.019046,0.946188,0.021081,0.322367,-7.107977,1.489807,-11.260896,-0.075935,0.870575,-0.068571,0.481281,12.691635,1.143782,36.018288
160,1.333333,0.00394,0.884647,0.004327,0.466225,-2.510122,90.470329,15.127584,-0.007145,0.894999,0.065642,0.441154,-2.487232,98.267029,15.215919,-0.025522,0.897918,0.069905,0.433825,-3.553549,113.216209,16.892859,0.059276,0.948012,-0.031558,0.311068,-5.530997,131.580276,18.812857,0.08597,0.975908,-0.106168,0.170122,-2.470625,146.00209,16.944572,0.013119,0.87058,0.12966,0.474454,-7.732554,125.70636,15.564638,0.358802,-0.59054,0.082065,-0.718185,-17.681578,128.347839,0.667611,0.020621,-0.057095,-0.549533,-0.833263,-10.791791,115.437424,-18.146715,0.091035,-0.024283,-0.531812,-0.841605,-1.7176,136.717789,-20.891336,-0.182028,0.916574,0.142538,0.326252,-2.998843,125.593628,21.518194,0.315437,0.877595,0.124877,-0.338721,10.05396,129.951721,33.287369,-0.024623,0.230007,0.433039,-0.871188,23.676746,118.771599,17.238953,0.068526,0.094711,0.35512,-0.927482,12.020351,135.967026,8.719657,0.042584,0.878894,0.078539,0.468576,-7.884852,90.574974,7.284185,0.081557,0.926027,-0.026942,0.367555,-7.931258,54.033779,0.675707,-0.018885,0.946181,0.02119,0.322392,-16.102806,6.911868,0.194808,-0.064479,0.892538,-0.088934,0.437389,2.864609,90.365692,22.970984,-0.016753,0.882111,-0.126347,0.45347,4.249785,54.127876,30.960678,-0.076024,0.870565,-0.0686,0.48128,0.182823,7.85411,42.348335,-0.018885,0.946181,0.02119,0.322392,-7.107156,1.48671,-11.263247,-0.076024,0.870565,-0.0686,0.48128,12.693775,1.143129,36.017471
161,1.341667,0.003581,0.884165,0.004514,0.467138,-2.503217,90.469734,15.12671,-0.007812,0.894418,0.065599,0.442326,-2.486727,98.266449,15.215031,-0.025563,0.897312,0.070108,0.435043,-3.572889,113.218857,16.88088,0.059081,0.947734,-0.031071,0.312001,-5.557559,131.581802,18.804255,0.086063,0.975827,-0.105839,0.170745,-2.503581,146.007004,16.951771,0.012226,0.869095,0.131008,0.476824,-7.749665,125.709175,15.547294,0.358041,-0.590184,0.082564,-0.7188,-17.617882,128.356247,0.597601,0.019409,-0.055326,-0.5505,-0.832774,-10.711979,115.453804,-18.216288,0.09033,-0.022526,-0.53446,-0.840051,-1.675754,136.769501,-20.861504,-0.181993,0.916077,0.142297,0.327771,-3.032074,125.594139,21.51359,0.315151,0.878076,0.124882,-0.337738,9.985225,129.94278,33.325497,-0.02531,0.231339,0.433117,-0.870776,23.648304,118.76165,17.312088,0.068174,0.095856,0.356115,-0.927009,12.02014,135.964386,8.756618,0.042724,0.87835,0.078278,0.469626,-7.861797,90.570045,7.272209,0.081655,0.925847,-0.02704,0.36798,-7.918615,54.026691,0.675749,-0.018795,0.946199,0.021436,0.322326,-16.101921,6.906801,0.19624,-0.064526,0.892186,-0.088931,0.4381,2.855362,90.369431,22.981211,-0.016878,0.881925,-0.126158,0.45388,4.237355,54.132034,30.973333,-0.075981,0.870562,-0.068554,0.481299,0.183958,7.854095,42.348869,-0.018795,0.946199,0.021436,0.322326,-7.108042,1.487531,-11.265991,-0.075981,0.870562,-0.068554,0.481299,12.694957,1.143549,36.017632
162,1.35,0.003178,0.883643,0.004546,0.468129,-2.495751,90.471855,15.127897,-0.008613,0.893866,0.06546,0.443447,-2.485136,98.268608,15.213738,-0.025454,0.896757,0.070417,0.436142,-3.592848,113.217247,16.863335,0.05853,0.947473,-0.030874,0.312914,-5.581213,131.578781,18.796284,0.086245,0.975705,-0.10534,0.171657,-2.540974,146.007446,16.948151,0.011923,0.868381,0.131357,0.478035,-7.765725,125.708832,15.529415,0.358056,-0.589151,0.082524,-0.719644,-17.592325,128.357834,0.552674,0.019205,-0.053623,-0.551548,-0.832196,-10.628044,115.47065,-18.250156,0.08994,-0.020652,-0.537175,-0.838408,-1.635147,136.818634,-20.824066,-0.182345,0.915621,0.142163,0.328906,-3.062619,125.58886,21.50704,0.315114,0.878512,0.125593,-0.336374,9.923058,129.94191,33.352093,-0.02559,0.232312,0.43311,-0.870512,23.631096,118.759064,17.378347,0.067872,0.097047,0.356745,-0.926665,12.02319,135.959976,8.79326,0.042805,0.878031,0.078024,0.470257,-7.836763,90.565742,7.261359,0.081822,0.925744,-0.027115,0.368196,-7.903072,54.019962,0.678463,-0.018927,0.946141,0.021485,0.322485,-16.103617,6.903082,0.197815,-0.064558,0.8918,-0.088877,0.438892,2.845261,90.377975,22.994434,-0.017028,0.881709,-0.125958,0.45435,4.224093,54.140175,30.985271,-0.076027,0.870516,-0.068601,0.481369,0.185966,7.857898,42.348579,-0.018927,0.946141,0.021485,0.322485,-7.104313,1.48649,-11.261425,-0.076027,0.870516,-0.068601,0.481369,12.698364,1.147234,36.020222
163,1.358333,0.002826,0.883115,0.004631,0.469125,-2.485896,90.471474,15.125634,-0.008901,0.893229,0.065544,0.44471,-2.48086,98.268242,15.210077,-0.025981,0.896068,0.070499,0.437512,-3.599963,113.218758,16.856752,0.058336,0.947093,-0.030708,0.314117,-5.610133,131.578857,18.780762,0.08636,0.975574,-0.104814,0.172662,-2.572457,146.009094,16.940729,0.013324,0.869924,0.128923,0.475851,-7.77937,125.706566,15.507941,0.360525,-0.586428,0.080297,-0.720886,-17.680132,128.348053,0.578797,0.021903,-0.052313,-0.552413,-0.831639,-10.545993,115.509964,-18.193905,0.089612,-0.018729,-0.539641,-0.836903,-1.59681,136.85817,-20.784241,-0.182249,0.915085,0.141561,0.330704,-3.094891,125.591492,21.500269,0.315089,0.878918,0.126413,-0.335025,9.849076,129.935791,33.394077,-0.0258,0.233683,0.433166,-0.870111,23.601044,118.752907,17.458158,0.06747,0.098299,0.357352,-0.926329,12.024667,135.951004,8.828301,0.042867,0.877696,0.077746,0.470922,-7.809195,90.560242,7.247044,0.081955,0.925639,-0.027209,0.368423,-7.88431,54.011631,0.679947,-0.019198,0.946168,0.021573,0.322384,-16.099682,6.897316,0.200888,-0.064549,0.89146,-0.088944,0.439571,2.837403,90.382698,23.004225,-0.017185,0.881585,-0.125716,0.454652,4.207295,54.145695,31.000185,-0.075938,0.870523,-0.068512,0.481383,0.189165,7.858115,42.348949,-0.019198,0.946168,0.021573,0.322384,-7.099566,1.485715,-11.260069,-0.075938,0.870523,-0.068512,0.481383,12.701209,1.148139,36.019176
164,1.366667,0.002619,0.88257,0.004566,0.470151,-2.484318,90.469589,15.125208,-0.009481,0.892695,0.065566,0.445765,-2.481747,98.266396,15.207258,-0.026031,0.895553,0.070619,0.438544,-3.618705,113.216492,16.845366,0.058221,0.946781,-0.03078,0.315068,-5.634684,131.575867,18.770201,0.086374,0.975469,-0.104187,0.173625,-2.596177,146.006073,16.931297,0.013059,0.869473,0.128364,0.476833,-7.795939,125.704384,15.490649,0.360965,-0.58511,0.080027,-0.721766,-17.663086,128.332245,0.536864,0.022116,-0.050435,-0.553652,-0.830925,-10.453277,115.510468,-18.218077,0.089401,-0.016538,-0.54232,-0.835238,-1.55873,136.890167,-20.740795,-0.182522,0.914592,0.141441,0.331968,-3.125256,125.587883,21.49371,0.315232,0.879315,0.126836,-0.333686,9.784793,129.932938,33.424053,-0.0261,0.235042,0.433271,-0.869684,23.575142,118.73674,17.53071,0.066818,0.099233,0.357866,-0.926078,12.032058,135.934372,8.858684,0.042841,0.87734,0.077521,0.471624,-7.789311,90.554382,7.234234,0.082175,0.925508,-0.027269,0.368699,-7.865426,54.003017,0.682524,-0.018968,0.946097,0.021747,0.322594,-16.102081,6.892472,0.198485,-0.06462,0.891099,-0.088891,0.440301,2.820674,90.384804,23.016182,-0.017317,0.881381,-0.1255,0.455102,4.190502,54.147781,31.012074,-0.075993,0.870514,-0.068513,0.481391,0.187095,7.855436,42.34663,-0.018968,0.946097,0.021747,0.322594,-7.098858,1.483501,-11.261272,-0.075993,0.870514,-0.068513,0.481391,12.699882,1.146322,36.01741
165,1.375,0.002444,0.881957,0.004416,0.471303,-2.485885,90.467232,15.123576,-0.010127,0.89213,0.065748,0.446854,-2.484734,98.264061,15.202279,-0.026003,0.895038,0.070688,0.439584,-3.643717,113.21553,16.835436,0.058364,0.94647,-0.030587,0.315993,-5.662158,131.574585,18.760681,0.08634,0.975381,-0.103743,0.1744,-2.618157,146.005005,16.932535,0.012802,0.868965,0.128181,0.477813,-7.816475,125.704239,15.474536,0.361469,-0.583564,0.080268,-0.722738,-17.649963,128.32518,0.497381,0.02259,-0.048774,-0.554919,-0.830166,-10.355853,115.503967,-18.225325,0.089391,-0.014188,-0.544963,-0.833561,-1.518856,136.914276,-20.695608,-0.182618,0.914088,0.140947,0.333509,-3.159659,125.585594,21.488317,0.315458,0.879646,0.127588,-0.332312,9.711974,129.928558,33.460857,-0.026352,0.236461,0.433537,-0.869159,23.539129,118.721512,17.607189,0.066453,0.100583,0.358136,-0.925854,12.037611,135.921906,8.891431,0.042852,0.87695,0.077233,0.472396,-7.770268,90.547806,7.218741,0.082208,0.925358,-0.027321,0.369064,-7.851558,53.993202,0.685201,-0.019272,0.946196,0.021748,0.322287,-16.092754,6.883445,0.201371,-0.064639,0.890624,-0.08888,0.44126,2.798497,90.386658,23.02841,-0.017614,0.881253,-0.125172,0.455429,4.161265,54.149673,31.025702,-0.07585,0.870535,-0.068427,0.481386,0.193045,7.850471,42.344589,-0.019272,0.946196,0.021748,0.322287,-7.093606,1.477336,-11.262938,-0.07585,0.870535,-0.068427,0.481386,12.704544,1.141062,36.013142
166,1.383333,0.002341,0.881338,0.004343,0.47246,-2.488214,90.465721,15.11941,-0.01055,0.891525,0.066049,0.448006,-2.488039,98.262573,15.196353,-0.02623,0.894462,0.070698,0.44074,-3.664587,113.212601,16.830339,0.058324,0.946161,-0.030436,0.316942,-5.693199,131.571167,18.749561,0.086531,0.975287,-0.103232,0.17513,-2.648325,146.002411,16.929432,0.013048,0.868947,0.127397,0.478049,-7.83729,125.700089,15.458052,0.362579,-0.581649,0.080087,-0.723746,-17.662399,128.316269,0.474566,0.023953,-0.046987,-0.556018,-0.829495,-10.260491,115.499687,-18.208963,0.089689,-0.011708,-0.54788,-0.831653,-1.473284,136.931946,-20.644905,-0.18279,0.913657,0.140931,0.3346,-3.196139,125.582977,21.483961,0.315299,0.880139,0.127756,-0.33109,9.646806,129.923431,33.488178,-0.026896,0.237725,0.433531,-0.868801,23.517366,118.710854,17.676392,0.066161,0.101861,0.358521,-0.925586,12.04228,135.911667,8.925508,0.04286,0.876557,0.076863,0.473184,-7.751833,90.543991,7.200711,0.08228,0.925193,-0.027305,0.369462,-7.84089,53.985203,0.690738,-0.020053,0.946182,0.021443,0.322301,-16.08761,6.87649,0.199343,-0.064764,0.890191,-0.08885,0.442121,2.775406,90.387459,23.038107,-0.017808,0.880991,-0.124942,0.45599,4.139729,54.151283,31.038797,-0.075899,0.870516,-0.068444,0.481411,0.190746,7.847243,42.344612,-0.020053,0.946182,0.021443,0.322301,-7.080617,1.469541,-11.258408,-0.075899,0.870516,-0.068444,0.481411,12.703124,1.138294,36.014408
167,1.391667,0.002079,0.88069,0.004589,0.473667,-2.48272,90.461525,15.113216,-0.010863,0.890941,0.066289,0.449123,-2.488067,98.258362,15.191601,-0.026539,0.893908,0.070723,0.441841,-3.678721,113.212418,16.82683,0.058035,0.945845,-0.030423,0.317937,-5.720344,131.570251,18.739285,0.086796,0.975148,-0.102666,0.176105,-2.680059,146.002716,16.9212,0.012793,0.868417,0.127702,0.478937,-7.853572,125.697914,15.442965,0.363452,-0.58023,0.080477,-0.724402,-17.648144,128.315201,0.439692,0.024808,-0.045337,-0.55688,-0.828984,-10.170654,115.482986,-18.202963,0.089654,-0.009655,-0.550224,-0.830134,-1.420631,136.936325,-20.597296,-0.182826,0.913103,0.140339,0.336337,-3.227446,125.583435,21.480469,0.315195,0.880588,0.127776,-0.329984,9.572845,129.919739,33.531651,-0.02747,0.239381,0.43366,-0.868263,23.481426,118.69838,17.759541,0.065835,0.103289,0.359004,-0.925264,12.045374,135.904144,8.960088,0.042753,0.87619,0.076456,0.473939,-7.724648,90.537682,7.18012,0.082514,0.924953,-0.027395,0.370004,-7.815561,53.973579,0.700083,-0.01912,0.9462,0.022165,0.322254,-16.085741,6.869039,0.203529,-0.064804,0.889754,-0.088907,0.442983,2.759208,90.385368,23.046314,-0.018038,0.880818,-0.124664,0.456391,4.116497,54.150318,31.053305,-0.075964,0.870489,-0.068279,0.481473,0.193941,7.840425,42.344345,-0.01912,0.9462,0.022165,0.322254,-7.087688,1.472949,-11.266363,-0.075964,0.870489,-0.068279,0.481473,12.708858,1.136501,36.013828
168,1.4,0.001814,0.880094,0.004707,0.474773,-2.478555,90.462639,15.108835,-0.011518,0.890375,0.066418,0.450209,-2.488512,98.259476,15.186863,-0.026469,0.893377,0.070936,0.442882,-3.700448,113.211731,16.815075,0.058013,0.945569,-0.030189,0.318783,-5.745451,131.568573,18.733332,0.086885,0.975059,-0.102295,0.176765,-2.704939,146.002258,16.925243,0.01035,0.865162,0.130829,0.484016,-7.871388,125.698257,15.428728,0.361721,-0.580923,0.083258,-0.724399,-17.490866,128.315811,0.31264,0.022462,-0.042783,-0.558186,-0.828307,-10.073448,115.423492,-18.312538,0.090143,-0.007303,-0.552452,-0.828624,-1.372948,136.936768,-20.549435,-0.182717,0.912705,0.140126,0.337564,-3.259229,125.580048,21.476835,0.315043,0.880996,0.128513,-0.328754,9.512555,129.906479,33.561768,-0.027947,0.240382,0.433724,-0.867939,23.464334,118.689415,17.824787,0.065621,0.104655,0.359394,-0.924974,12.051489,135.899094,8.998447,0.042984,0.875778,0.076015,0.474749,-7.700553,90.535492,7.162577,0.082517,0.924719,-0.027446,0.370584,-7.816125,53.967865,0.702839,-0.019279,0.946182,0.022267,0.322291,-16.087992,6.863621,0.205495,-0.064863,0.889338,-0.088983,0.443794,2.743444,90.389786,23.055094,-0.018238,0.880675,-0.124392,0.456734,4.094758,54.156311,31.070236,-0.076074,0.870464,-0.068276,0.481502,0.196601,7.840619,42.345955,-0.019279,0.946182,0.022267,0.322291,-7.087005,1.471862,-11.264125,-0.076074,0.870464,-0.068276,0.481502,12.713246,1.138587,36.016857
169,1.408333,0.001543,0.879465,0.004723,0.475937,-2.474118,90.463486,15.106842,-0.011929,0.889704,0.066625,0.451494,-2.488011,98.260338,15.183062,-0.026772,0.8927,0.071035,0.444212,-3.716138,113.211456,16.809435,0.058045,0.945162,-0.030182,0.319981,-5.77569,131.567184,18.722883,0.086965,0.974912,-0.10183,0.177805,-2.730168,146.000534,16.920618,0.010058,0.864674,0.130773,0.484908,-7.888851,125.696091,15.411448,0.363181,-0.579362,0.083412,-0.724901,-17.477264,128.307541,0.274584,0.023886,-0.040837,-0.55927,-0.827635,-9.974718,115.394508,-18.302088,0.090741,-0.005021,-0.554631,-0.827119,-1.323605,136.930115,-20.500673,-0.183262,0.912166,0.139981,0.338783,-3.294886,125.57962,21.473423,0.315334,0.88138,0.129204,-0.32717,9.439812,129.916107,33.593838,-0.028159,0.241725,0.433948,-0.867447,23.43236,118.682137,17.905191,0.06527,0.10596,0.359723,-0.924722,12.057753,135.894302,9.036611,0.043099,0.875364,0.075625,0.475564,-7.675095,90.532036,7.146768,0.08265,0.924484,-0.027506,0.371135,-7.80604,53.960754,0.708035,-0.019188,0.946119,0.022477,0.322468,-16.091459,6.858948,0.206275,-0.064934,0.888891,-0.088997,0.444676,2.726858,90.394943,23.066917,-0.018455,0.880438,-0.124151,0.457247,4.074429,54.162346,31.086636,-0.076201,0.870482,-0.068283,0.481447,0.198592,7.841691,42.349632,-0.019188,0.946119,0.022477,0.322468,-7.086532,1.472161,-11.262593,-0.076201,0.870482,-0.068283,0.481447,12.715779,1.141315,36.019852
170,1.416667,0.001345,0.878831,0.004726,0.477109,-2.473829,90.462379,15.105918,-0.012353,0.889144,0.0666,0.452588,-2.490552,98.259232,15.180699,-0.02695,0.892158,0.071234,0.445257,-3.731573,113.208389,16.798922,0.0578,0.944855,-0.030517,0.320899,-5.8025,131.562714,18.713535,0.087227,0.974782,-0.101145,0.178778,-2.757468,145.995224,16.903776,0.009552,0.864271,0.130719,0.485652,-7.905644,125.691925,15.395194,0.364047,-0.577806,0.083707,-0.725674,-17.468258,128.289978,0.239716,0.02548,-0.038753,-0.559973,-0.827212,-9.882255,115.366783,-18.295946,0.091902,-0.002471,-0.557764,-0.824892,-1.257184,136.925232,-20.456493,-0.1833,0.911651,0.139383,0.340391,-3.325954,125.575188,21.467955,0.315185,0.881787,0.130097,-0.325861,9.368685,129.908676,33.631378,-0.028324,0.242808,0.433959,-0.867134,23.406466,118.680664,17.978924,0.065059,0.107066,0.360552,-0.924287,12.055902,135.890182,9.074862,0.043127,0.874973,0.075263,0.476339,-7.653576,90.527748,7.131988,0.082782,0.924353,-0.027531,0.37143,-7.79354,53.952587,0.715538,-0.019439,0.946141,0.022498,0.322387,-16.091219,6.852987,0.208644,-0.065016,0.888506,-0.089007,0.445431,2.705919,90.397011,23.079849,-0.018655,0.880238,-0.123854,0.457704,4.051696,54.16534,31.104029,-0.076039,0.870478,-0.068048,0.481513,0.199893,7.838356,42.349243,-0.019439,0.946141,0.022498,0.322387,-7.085439,1.469175,-11.260952,-0.076039,0.870478,-0.068048,0.481513,12.717449,1.141062,36.016933
171,1.425,0.001187,0.878211,0.004662,0.478249,-2.473885,90.460167,15.104606,-0.012716,0.888576,0.066737,0.453672,-2.492401,98.257042,15.177308,-0.027139,0.891613,0.071357,0.446316,-3.746984,113.205315,16.792675,0.057699,0.944533,-0.030503,0.321867,-5.82846,131.558609,18.70574,0.087358,0.974645,-0.100739,0.179687,-2.782934,145.991486,16.899712,0.009319,0.863868,0.130406,0.486456,-7.921738,125.687752,15.381278,0.364994,-0.576331,0.084342,-0.726298,-17.456186,128.276688,0.206505,0.02686,-0.037153,-0.56069,-0.826755,-9.794102,115.328583,-18.280416,0.092899,-0.000636,-0.559558,-0.823568,-1.199982,136.904526,-20.415604,-0.183533,0.911203,0.139217,0.341532,-3.356574,125.571358,21.46497,0.315258,0.882161,0.130605,-0.32457,9.306793,129.905899,33.66058,-0.028765,0.24397,0.434021,-0.866762,23.382381,118.669006,18.048494,0.064552,0.108428,0.360772,-0.924078,12.058997,135.881058,9.111431,0.043222,0.874552,0.074866,0.477165,-7.632921,90.5224,7.117236,0.082887,0.92416,-0.027495,0.371889,-7.787153,53.94342,0.722878,-0.020274,0.946082,0.022213,0.322528,-16.09255,6.845302,0.204932,-0.065053,0.888036,-0.088964,0.446368,2.685151,90.397942,23.091974,-0.018885,0.880003,-0.123597,0.458217,4.026313,54.16605,31.11595,-0.07592,0.870467,-0.067907,0.481573,0.198622,7.833809,42.347717,-0.020274,0.946082,0.022213,0.322528,-7.075221,1.461784,-11.255721,-0.07592,0.870467,-0.067907,0.481573,12.716455,1.138079,36.014305
172,1.433333,0.001081,0.877549,0.004707,0.479463,-2.475188,90.455406,15.100702,-0.013026,0.887937,0.067029,0.454868,-2.495593,98.252274,15.173197,-0.027423,0.891002,0.071307,0.447525,-3.764907,113.201973,16.790686,0.057065,0.944208,-0.030391,0.322941,-5.857552,131.554947,18.694557,0.087826,0.974446,-0.100329,0.180766,-2.826797,145.991165,16.890347,0.009062,0.863369,0.130293,0.487375,-7.939801,125.682808,15.365469,0.365818,-0.57488,0.085173,-0.726936,-17.442015,128.265869,0.169489,0.028389,-0.035302,-0.561432,-0.826282,-9.70699,115.28907,-18.266867,0.094596,0.001411,-0.560981,-0.822405,-1.145137,136.881775,-20.370928,-0.183349,0.910719,0.138583,0.343174,-3.391318,125.569031,21.461695,0.31474,0.882748,0.130252,-0.323619,9.233788,129.89389,33.70034,-0.029743,0.245578,0.433937,-0.866317,23.354372,118.658638,18.127752,0.064109,0.109658,0.361036,-0.923861,12.062395,135.872589,9.151405,0.043352,0.874053,0.074362,0.478144,-7.612117,90.516357,7.099085,0.082889,0.924075,-0.027493,0.372102,-7.785659,53.932632,0.732468,-0.019603,0.946139,0.022829,0.32236,-16.091053,6.83454,0.212354,-0.065212,0.887645,-0.089116,0.447092,2.661741,90.394455,23.10232,-0.018984,0.880042,-0.123219,0.458239,4.00171,54.166115,31.142521,-0.075917,0.870451,-0.067741,0.481625,0.198757,7.8253,42.347305,-0.019603,0.946139,0.022829,0.32236,-7.083091,1.461426,-11.260546,-0.075917,0.870451,-0.067741,0.481625,12.718209,1.133491,36.012943
173,1.441667,0.000886,0.876985,0.004846,0.480492,-2.476559,90.455215,15.09646,-0.012991,0.887334,0.06731,0.456004,-2.500745,98.252068,15.169374,-0.027921,0.890377,0.071238,0.448748,-3.775033,113.200745,16.793219,0.05695,0.943853,-0.030134,0.324022,-5.885599,131.55307,18.683573,0.088105,0.974291,-0.100035,0.181626,-2.856592,145.990997,16.890154,0.008678,0.862898,0.130252,0.488228,-7.954453,125.678108,15.351083,0.366496,-0.573305,0.086383,-0.727696,-17.426781,128.252319,0.134957,0.029782,-0.034008,-0.56207,-0.825853,-9.615439,115.239418,-18.24369,0.095928,0.003059,-0.561807,-0.821682,-1.083203,136.843964,-20.334517,-0.184106,0.910233,0.139046,0.34387,-3.423056,125.569984,21.460121,0.314736,0.883178,0.13013,-0.322496,9.174651,129.907303,33.722561,-0.030399,0.246599,0.43396,-0.865993,23.329926,118.656921,18.192455,0.064073,0.111455,0.361037,-0.923648,12.060456,135.875534,9.192044,0.043444,0.873527,0.073906,0.479167,-7.594709,90.514282,7.082805,0.082917,0.923896,-0.027442,0.372542,-7.783035,53.926121,0.74212,-0.018218,0.94615,0.023682,0.322348,-16.088768,6.828195,0.212522,-0.065215,0.887132,-0.089213,0.44809,2.641591,90.396156,23.110115,-0.01928,0.879748,-0.122879,0.458883,3.969432,54.169128,31.158247,-0.075921,0.870417,-0.067629,0.481702,0.198214,7.821393,42.345093,-0.018218,0.94615,0.023682,0.322348,-7.093369,1.465197,-11.274956,-0.075921,0.870417,-0.067629,0.481702,12.719483,1.132481,36.011276
174,1.45,0.000462,0.876139,0.004749,0.482036,-2.454494,90.453087,15.094398,-0.013688,0.88663,0.067801,0.457278,-2.483888,98.249962,15.162756,-0.028176,0.889757,0.071375,0.449937,-3.786298,113.200226,16.788639,0.056986,0.943492,-0.030022,0.325076,-5.910075,131.551285,18.676414,0.088248,0.974147,-0.099721,0.1825,-2.87745,145.989471,16.891115,0.008459,0.862523,0.130009,0.488958,-7.967316,125.675987,15.337339,0.367475,-0.571839,0.087334,-0.728241,-17.413956,128.242371,0.103928,0.031507,-0.032743,-0.562452,-0.825581,-9.530508,115.193108,-18.218058,0.097242,0.004581,-0.562886,-0.820782,-1.01468,136.803513,-20.305441,-0.18421,0.909748,0.138506,0.345313,-3.452404,125.568817,21.458588,0.314492,0.883663,0.130822,-0.321123,9.107905,129.905838,33.759445,-0.030654,0.247936,0.433819,-0.865673,23.31262,118.6605,18.270872,0.063495,0.112112,0.3612,-0.923544,12.069088,135.869415,9.228229,0.04391,0.873099,0.073095,0.480029,-7.544397,90.504318,7.062717,0.082975,0.923687,-0.027347,0.373055,-7.785766,53.910339,0.757572,-0.018895,0.94615,0.023857,0.322294,-16.092958,6.81284,0.212876,-0.065081,0.88666,-0.089007,0.449083,2.635408,90.401855,23.12608,-0.019482,0.879136,-0.122769,0.460075,3.952447,54.170811,31.157854,-0.0761,0.870289,-0.067671,0.481898,0.187865,7.821247,42.339371,-0.018895,0.94615,0.023857,0.322294,-7.090955,1.461181,-11.274719,-0.0761,0.870289,-0.067671,0.481898,12.714087,1.134827,36.012703
175,1.458333,0.000219,0.875665,0.004938,0.482894,-2.456101,90.453049,15.092919,-0.013913,0.886026,0.067915,0.458423,-2.490293,98.249901,15.162004,-0.028492,0.889114,0.071326,0.451196,-3.802495,113.200806,16.786272,0.057176,0.943101,-0.029809,0.326195,-5.938549,131.551468,18.664099,0.088388,0.974004,-0.099431,0.183353,-2.898817,145.989716,16.891504,0.008342,0.86216,0.12975,0.489669,-7.984008,125.674698,15.320375,0.368683,-0.570569,0.088067,-0.728539,-17.405519,128.236069,0.070575,0.033306,-0.031371,-0.562683,-0.825405,-9.459003,115.149521,-18.197493,0.098555,0.005862,-0.563155,-0.820432,-0.952376,136.760742,-20.279064,-0.184411,0.909304,0.138466,0.34639,-3.486624,125.570503,21.454563,0.314236,0.884121,0.131015,-0.320034,9.044012,129.90625,33.786083,-0.031427,0.249023,0.433785,-0.86535,23.289675,118.660995,18.33511,0.063035,0.113464,0.361581,-0.923262,12.068985,135.872604,9.268703,0.044006,0.872639,0.072646,0.480924,-7.530252,90.502052,7.051267,0.083023,0.923549,-0.027257,0.373392,-7.787508,53.903831,0.771392,-0.018752,0.946093,0.024144,0.32245,-16.095505,6.806624,0.213975,-0.065098,0.886125,-0.089156,0.450107,2.61805,90.404053,23.134573,-0.019724,0.878923,-0.122419,0.460563,3.921825,54.175144,31.178158,-0.076161,0.870266,-0.067545,0.481948,0.186889,7.818279,42.339314,-0.018752,0.946093,0.024144,0.32245,-7.090364,1.461553,-11.274223,-0.076161,0.870266,-0.067545,0.481948,12.715207,1.135888,36.012547
176,1.466667,0.000382,0.875132,0.004933,0.483859,-2.473193,90.456703,15.091557,-0.013883,0.885513,0.067823,0.459429,-2.505202,98.253555,15.161761,-0.028664,0.888585,0.071417,0.452211,-3.816607,113.198448,16.781801,0.057273,0.942758,-0.029859,0.327162,-5.961996,131.548264,18.65728,0.0885,0.973861,-0.099021,0.184274,-2.915792,145.985611,16.888567,0.008069,0.861786,0.129446,0.490412,-7.998151,125.67141,15.308036,0.369917,-0.569355,0.088589,-0.728799,-17.393457,128.222214,0.040302,0.035177,-0.030003,-0.562915,-0.82522,-9.385385,115.104256,-18.178297,0.100002,0.007217,-0.563203,-0.820213,-0.88831,136.715881,-20.256098,-0.185043,0.908848,0.138493,0.347237,-3.514859,125.567566,21.452539,0.314259,0.884519,0.131623,-0.318657,8.986054,129.916489,33.809566,-0.031865,0.249957,0.433684,-0.865115,23.272974,118.664955,18.401318,0.062551,0.114955,0.361467,-0.923155,12.06949,135.873993,9.309814,0.043978,0.872168,0.072203,0.481846,-7.529607,90.508461,7.038753,0.083056,0.923407,-0.027122,0.373746,-7.794407,53.905285,0.788116,-0.018894,0.94607,0.02407,0.322514,-16.100224,6.80789,0.214447,-0.065349,0.885676,-0.089081,0.450969,2.583221,90.404953,23.14436,-0.019992,0.878641,-0.122162,0.461159,3.898136,54.177475,31.192558,-0.075285,0.870295,-0.066713,0.48215,0.18958,7.815609,42.341728,-0.018894,0.94607,0.02407,0.322514,-7.092252,1.462181,-11.271238,-0.075285,0.870295,-0.066713,0.48215,12.715236,1.139196,36.00338
177,1.475,0.000201,0.874628,0.004969,0.484769,-2.47247,90.452972,15.086625,-0.013979,0.884999,0.067906,0.460402,-2.507296,98.249809,15.155924,-0.028918,0.888056,0.071537,0.453215,-3.824209,113.19413,16.775379,0.057025,0.942422,-0.029851,0.328174,-5.982102,131.54277,18.648058,0.088655,0.973682,-0.09862,0.185361,-2.93931,145.98114,16.881695,0.007774,0.861484,0.129071,0.491046,-8.00794,125.66539,15.293473,0.370655,-0.568268,0.089306,-0.729185,-17.380888,128.203232,0.009844,0.036718,-0.028775,-0.562948,-0.825175,-9.319954,115.057884,-18.165648,0.101392,0.008274,-0.563393,-0.819902,-0.821381,136.669037,-20.236597,-0.185436,0.908276,0.138136,0.348663,-3.538708,125.562836,21.448231,0.313466,0.88523,0.130494,-0.317929,8.920985,129.918213,33.844559,-0.0333,0.251682,0.433329,-0.864739,23.253731,118.667816,18.478079,0.061942,0.116384,0.361173,-0.923132,12.07449,135.875671,9.350611,0.044204,0.871777,0.071564,0.482628,-7.512127,90.502129,7.023308,0.083052,0.923118,-0.026974,0.374471,-7.809016,53.893616,0.805422,-0.019022,0.946005,0.024377,0.322675,-16.108755,6.795382,0.212305,-0.065356,0.885355,-0.089209,0.451572,2.567187,90.403816,23.149944,-0.020168,0.878459,-0.121902,0.461565,3.87277,54.178093,31.207615,-0.076239,0.870257,-0.067317,0.481984,0.185369,7.810834,42.341377,-0.019022,0.946005,0.024377,0.322675,-7.09455,1.459401,-11.273016,-0.076239,0.870257,-0.067317,0.481984,12.716275,1.135034,36.012768
178,1.483333,0.000316,0.873974,0.004823,0.485949,-2.483295,90.445168,15.089357,-0.014331,0.88447,0.067708,0.461437,-2.515533,98.242035,15.157482,-0.029013,0.887571,0.071425,0.454175,-3.841285,113.190399,16.765594,0.056924,0.94209,-0.029461,0.329178,-6.002442,131.539429,18.630674,0.088776,0.97351,-0.098281,0.186383,-2.962625,145.980148,16.878553,0.007566,0.86122,0.128594,0.491636,-8.021268,125.661598,15.27265,0.371746,-0.567129,0.090019,-0.729429,-17.373325,128.187119,-0.025807,0.038463,-0.027578,-0.56294,-0.825142,-9.256797,115.006615,-18.15102,0.102855,0.008951,-0.562722,-0.820174,-0.755966,136.613083,-20.221321,-0.1858,0.907695,0.138033,0.350022,-3.565367,125.559845,21.437078,0.3131,0.88576,0.131059,-0.316579,8.855052,129.91777,33.871857,-0.033843,0.252763,0.433106,-0.864514,23.239559,118.675056,18.548193,0.061451,0.117429,0.361236,-0.923007,12.075408,135.87883,9.390854,0.044418,0.87114,0.07121,0.48381,-7.501163,90.494987,7.012468,0.083038,0.922776,-0.027034,0.375311,-7.816201,53.884132,0.809334,-0.019546,0.945971,0.024389,0.322741,-16.116377,6.786004,0.214455,-0.065451,0.884899,-0.089169,0.45246,2.534573,90.39534,23.166245,-0.020399,0.878419,-0.121636,0.461701,3.839622,54.170025,31.225798,-0.076901,0.870243,-0.067254,0.481913,0.181746,7.797471,42.347244,-0.019546,0.945971,0.024389,0.322741,-7.094885,1.455431,-11.267653,-0.076901,0.870243,-0.067254,0.481913,12.719379,1.133372,36.01963
179,1.491667,0.000146,0.873475,0.004771,0.486846,-2.484026,90.441605,15.088449,-0.014376,0.883932,0.067875,0.46244,-2.51826,98.23848,15.154548,-0.029426,0.887011,0.071374,0.455249,-3.84946,113.18734,16.765085,0.056878,0.941723,-0.029501,0.330232,-6.025625,131.535736,18.618858,0.08889,0.973349,-0.097829,0.187404,-2.983078,145.976273,16.869946,0.007357,0.860903,0.12851,0.492216,-8.032794,125.655685,15.257748,0.372657,-0.566133,0.090801,-0.729641,-17.364281,128.175827,-0.054152,0.040162,-0.026535,-0.562798,-0.825192,-9.200714,114.960251,-18.132648,0.104293,0.009702,-0.56233,-0.820252,-0.690947,136.559448,-20.206947,-0.186014,0.907206,0.137665,0.351318,-3.592124,125.558434,21.433229,0.312733,0.886247,0.13129,-0.315478,8.792494,129.91832,33.902985,-0.034559,0.253948,0.432955,-0.864214,23.221106,118.680428,18.617296,0.060911,0.11844,0.361094,-0.92297,12.077917,135.882568,9.431034,0.044735,0.870929,0.070392,0.484279,-7.485304,90.488205,7.001258,0.082921,0.92283,-0.026561,0.375238,-7.847104,53.870846,0.839211,-0.0194,0.945888,0.025022,0.322946,-16.120186,6.768429,0.207512,-0.065478,0.884582,-0.089183,0.453071,2.517251,90.395012,23.175642,-0.020575,0.87825,-0.121407,0.462075,3.818014,54.170132,31.23785,-0.076778,0.870248,-0.067124,0.481942,0.180382,7.792938,42.346561,-0.0194,0.945888,0.025022,0.322946,-7.093313,1.45398,-11.277842,-0.076778,0.870248,-0.067124,0.481942,12.717692,1.129955,36.017139
180,1.5,-0.000416,0.872884,0.004912,0.487903,-2.465191,90.432442,15.085451,-0.014978,0.883435,0.067823,0.463378,-2.50822,98.229294,15.149145,-0.029217,0.88656,0.071661,0.456094,-3.856348,113.176636,16.748327,0.056411,0.94146,-0.029491,0.331061,-6.032224,131.523956,18.612968,0.088926,0.973197,-0.09734,0.188425,-2.999782,145.966553,16.863462,0.007109,0.860749,0.128067,0.492604,-8.034323,125.647057,15.24334,0.373374,-0.564734,0.091976,-0.730211,-17.3521,128.15332,-0.079183,0.041661,-0.026094,-0.563046,-0.824962,-9.123344,114.899933,-18.100349,0.105635,0.010315,-0.561813,-0.820427,-0.62398,136.505585,-20.197586,-0.186808,0.906533,0.137391,0.352737,-3.605192,125.543884,21.427008,0.312665,0.88658,0.131982,-0.31432,8.732507,129.921738,33.936905,-0.035027,0.254973,0.43296,-0.863891,23.19791,118.684891,18.685272,0.060373,0.119606,0.36102,-0.922884,12.078584,135.887527,9.472189,0.045356,0.870202,0.069871,0.485602,-7.446864,90.471115,6.986128,0.082892,0.922144,-0.026846,0.376906,-7.858267,53.852486,0.834723,-0.019388,0.945808,0.025576,0.323136,-16.137878,6.751066,0.214214,-0.065337,0.884295,-0.089312,0.453626,2.516482,90.393768,23.184774,-0.020702,0.878086,-0.121171,0.462443,3.798553,54.169239,31.251532,-0.076789,0.870209,-0.066919,0.482038,0.177355,7.787076,42.344887,-0.019388,0.945808,0.025576,0.323136,-7.104799,1.451843,-11.273293,-0.076789,0.870209,-0.066919,0.482038,12.717337,1.129324,36.015255
181,1.508333,-0.000639,0.872389,0.004909,0.488787,-2.463449,90.431641,15.083969,-0.014863,0.882626,0.068807,0.464775,-2.50957,98.228493,15.145885,-0.029397,0.885713,0.07141,0.457765,-3.870051,113.162064,16.769527,0.056071,0.941005,-0.030238,0.332341,-6.051113,131.51033,18.618776,0.088982,0.973047,-0.096768,0.189465,-3.016518,145.950256,16.85113,0.006703,0.860409,0.127331,0.493394,-8.041063,125.632309,15.243907,0.373738,-0.563787,0.092643,-0.730671,-17.330841,128.116348,-0.099218,0.042958,-0.025328,-0.563018,-0.824939,-9.057034,114.844765,-18.08633,0.107228,0.010885,-0.561276,-0.820581,-0.55467,136.44783,-20.187988,-0.187606,0.906204,0.137172,0.353245,-3.635324,125.531113,21.444294,0.312807,0.886866,0.132875,-0.312994,8.678572,129.933197,33.969128,-0.035227,0.255955,0.432985,-0.86358,23.179398,118.69104,18.755093,0.059883,0.120693,0.360675,-0.922909,12.083874,135.891998,9.511653,0.0458,0.869987,0.068929,0.486081,-7.428697,90.466675,6.974549,0.082777,0.922173,-0.026298,0.376901,-7.89957,53.841335,0.86754,-0.021139,0.945615,0.025224,0.323619,-16.149483,6.73531,0.202938,-0.065408,0.883944,-0.089383,0.454286,2.501798,90.396614,23.19339,-0.020914,0.877928,-0.120933,0.462796,3.780085,54.173721,31.268105,-0.07587,0.870284,-0.066086,0.482164,0.182883,7.786888,42.349724,-0.021139,0.945615,0.025224,0.323619,-7.08705,1.443549,-11.264871,-0.07587,0.870284,-0.066086,0.482164,12.718502,1.134195,36.006142
182,1.516667,-0.000903,0.87191,0.004957,0.48964,-2.461381,90.429955,15.084476,-0.014866,0.882088,0.068952,0.465774,-2.51151,98.226791,15.144973,-0.029968,0.885134,0.071324,0.45886,-3.875816,113.158478,16.770739,0.056057,0.940604,-0.030344,0.333469,-6.076481,131.505936,18.6047,0.089104,0.972865,-0.096249,0.190603,-3.037405,145.945175,16.8391,0.006431,0.860023,0.127148,0.494117,-8.053028,125.624527,15.227866,0.37444,-0.56259,0.093731,-0.731096,-17.317087,128.100067,-0.132176,0.044599,-0.024431,-0.563066,-0.824846,-8.988664,114.791214,-18.066463,0.108894,0.011681,-0.561359,-0.820294,-0.486857,136.393234,-20.176674,-0.187788,0.90572,0.136626,0.3546,-3.663074,125.530174,21.439547,0.312278,0.88744,0.132799,-0.311924,8.613633,129.935211,33.999805,-0.036081,0.257267,0.432764,-0.863265,23.162094,118.698929,18.826963,0.05946,0.12166,0.360314,-0.922951,12.088151,135.897263,9.552466,0.046246,0.869344,0.068471,0.487252,-7.410751,90.461128,6.965342,0.082704,0.921849,-0.026255,0.377711,-7.918804,53.834164,0.871027,-0.021035,0.945526,0.02559,0.323856,-16.16025,6.726775,0.198079,-0.065397,0.883594,-0.089447,0.454955,2.487989,90.398781,23.203611,-0.021085,0.877927,-0.120666,0.46286,3.757224,54.176628,31.283051,-0.075821,0.870286,-0.065917,0.482192,0.185474,7.784304,42.349915,-0.021035,0.945526,0.02559,0.323856,-7.092096,1.444164,-11.269426,-0.075821,0.870286,-0.065917,0.482192,12.721803,1.134831,36.00436
183,1.525,-0.001103,0.871444,0.004911,0.49047,-2.465663,90.427689,15.084295,-0.015118,0.881673,0.068855,0.466565,-2.518218,98.224518,15.142589,-0.030203,0.884733,0.071179,0.45964,-3.88905,113.153458,16.760696,0.056271,0.94026,-0.030146,0.334418,-6.096564,131.50116,18.583939,0.089039,0.972714,-0.095758,0.19165,-3.05025,145.940323,16.830175,0.006351,0.859728,0.126578,0.494778,-8.065919,125.618126,15.205743,0.375555,-0.561317,0.094595,-0.731391,-17.306358,128.083939,-0.170082,0.046408,-0.023506,-0.563208,-0.824676,-8.917474,114.736511,-18.047432,0.110442,0.012366,-0.561222,-0.82017,-0.422383,136.336227,-20.169348,-0.188003,0.905186,0.136418,0.355926,-3.687073,125.526917,21.425306,0.311331,0.888191,0.132268,-0.310957,8.552584,129.931503,34.021828,-0.037287,0.258589,0.432236,-0.863084,23.157896,118.710159,18.892611,0.058883,0.122706,0.360206,-0.922891,12.092829,135.902512,9.590515,0.046578,0.868781,0.067827,0.488312,-7.399568,90.455208,6.955739,0.082695,0.92182,-0.026054,0.377798,-7.945075,53.82402,0.890146,-0.02103,0.945409,0.026006,0.324166,-16.178417,6.715479,0.198999,-0.06541,0.88363,-0.089592,0.454856,2.468241,90.400162,23.212851,-0.021158,0.877941,-0.120377,0.462906,3.73426,54.180058,31.301964,-0.076006,0.870232,-0.06591,0.482261,0.18087,7.781353,42.347988,-0.02103,0.945409,0.026006,0.324166,-7.101549,1.444404,-11.266918,-0.076006,0.870232,-0.06591,0.482261,12.720424,1.135177,36.005356
184,1.533333,-0.00127,0.871003,0.004764,0.491253,-2.474466,90.42453,15.086481,-0.014839,0.881188,0.068858,0.467489,-2.528211,98.221382,15.141463,-0.030641,0.884203,0.070989,0.46066,-3.893131,113.147827,16.761862,0.055963,0.939905,-0.030111,0.335471,-6.113877,131.495544,18.568825,0.089228,0.97252,-0.095304,0.192769,-3.072726,145.936127,16.817722,0.006,0.859411,0.126184,0.495434,-8.072369,125.60952,15.189521,0.376591,-0.560306,0.09525,-0.731549,-17.289415,128.060272,-0.202744,0.048165,-0.022529,-0.563227,-0.824589,-8.852432,114.679718,-18.03264,0.111978,0.013201,-0.561032,-0.820079,-0.356949,136.27652,-20.162886,-0.188342,0.904738,0.136216,0.356961,-3.708213,125.524185,21.419485,0.311189,0.8886,0.132632,-0.309775,8.500099,129.934341,34.044449,-0.037921,0.25958,0.432146,-0.862804,23.1446,118.710876,18.954735,0.058388,0.123777,0.359631,-0.923003,12.098611,135.904129,9.629216,0.046896,0.868406,0.067283,0.489024,-7.393744,90.448006,6.949052,0.082506,0.921757,-0.025779,0.37801,-7.974627,53.813564,0.906429,-0.021409,0.945378,0.026249,0.324211,-16.18137,6.700671,0.196111,-0.065471,0.883446,-0.089555,0.45521,2.444812,90.401062,23.223909,-0.021353,0.87811,-0.120271,0.462603,3.712841,54.181053,31.313177,-0.076689,0.870395,-0.066497,0.481778,0.18434,7.780719,42.360313,-0.021409,0.945378,0.026249,0.324211,-7.098599,1.440028,-11.269925,-0.076689,0.870395,-0.066497,0.481778,12.721125,1.130265,36.016689
185,1.541667,-0.001042,0.870647,0.00437,0.491888,-2.499873,90.428146,15.090242,-0.014707,0.880755,0.068831,0.468313,-2.54755,98.22506,15.141584,-0.030871,0.883734,0.070817,0.46157,-3.909303,113.143089,16.760916,0.055842,0.939553,-0.030121,0.336474,-6.136523,131.49118,18.556025,0.089417,0.972316,-0.094915,0.193903,-3.095165,145.932083,16.807968,0.00567,0.858958,0.125725,0.496339,-8.087099,125.603531,15.174964,0.377488,-0.55932,0.09607,-0.731734,-17.271793,128.039825,-0.238927,0.049807,-0.021589,-0.563256,-0.824497,-8.789623,114.623642,-18.020546,0.113688,0.013796,-0.560685,-0.820072,-0.293557,136.219925,-20.157789,-0.188497,0.904348,0.135785,0.358031,-3.735921,125.521301,21.414042,0.31087,0.889064,0.13306,-0.308577,8.442577,129.934158,34.06683,-0.038588,0.260694,0.432006,-0.862508,23.131855,118.716049,19.016691,0.057844,0.124806,0.359404,-0.922988,12.105927,135.90863,9.663711,0.04697,0.867969,0.066941,0.48984,-7.407278,90.451775,6.945643,0.082409,0.92165,-0.025526,0.378311,-7.999754,53.814434,0.92172,-0.021258,0.94529,0.026322,0.324473,-16.188654,6.698761,0.189934,-0.065694,0.883297,-0.089478,0.455482,2.407532,90.404526,23.23484,-0.021465,0.878199,-0.120026,0.462493,3.690281,54.185677,31.326979,-0.076817,0.870399,-0.066614,0.481734,0.183454,7.78017,42.359306,-0.021258,0.94529,0.026322,0.324473,-7.100973,1.438743,-11.272504,-0.076817,0.870399,-0.066614,0.481734,12.72041,1.128869,36.016899
186,1.55,-0.001121,0.870325,0.00421,0.492459,-2.513987,90.425728,15.095531,-0.014668,0.880339,0.068847,0.469094,-2.561539,98.222664,15.144065,-0.031185,0.883279,0.070594,0.462453,-3.923936,113.140991,16.763208,0.055969,0.939172,-0.03029,0.337501,-6.159408,131.489532,18.543404,0.089473,0.97212,-0.094487,0.195064,-3.109444,145.928772,16.796633,0.005356,0.858493,0.125462,0.497213,-8.101612,125.599495,15.161703,0.378335,-0.558143,0.097086,-0.732061,-17.254972,128.025146,-0.272489,0.051469,-0.020913,-0.563348,-0.82435,-8.719443,114.570633,-17.999525,0.115273,0.014414,-0.560604,-0.819895,-0.226355,136.167877,-20.154634,-0.188799,0.903997,0.135618,0.35882,-3.763141,125.521873,21.409685,0.310673,0.889547,0.133199,-0.307322,8.390752,129.940506,34.084095,-0.039246,0.261873,0.43187,-0.862189,23.122749,118.717705,19.079283,0.057337,0.125647,0.358643,-0.923201,12.118692,135.909485,9.696432,0.04711,0.867682,0.066653,0.490374,-7.410707,90.446602,6.944499,0.082372,0.921675,-0.02534,0.37827,-8.019085,53.807388,0.933586,-0.02142,0.945224,0.026508,0.324639,-16.198101,6.690231,0.187099,-0.065794,0.883191,-0.089393,0.45569,2.382732,90.404854,23.246565,-0.021578,0.878226,-0.119871,0.462476,3.673033,54.185848,31.336775,-0.076802,0.870422,-0.06656,0.481702,0.182809,7.777256,42.36134,-0.02142,0.945224,0.026508,0.324639,-7.104101,1.436995,-11.273433,-0.076802,0.870422,-0.06656,0.481702,12.71934,1.126868,36.017147
187,1.558333,-0.001361,0.870023,0.004198,0.492991,-2.519024,90.424942,15.099986,-0.015032,0.879998,0.068895,0.469715,-2.569766,98.22187,15.146468,-0.031262,0.882949,0.070416,0.463104,-3.943395,113.136986,16.760471,0.055844,0.938863,-0.030667,0.338346,-6.179665,131.486282,18.531895,0.089643,0.971923,-0.093827,0.196283,-3.126597,145.92392,16.777367,0.005028,0.858019,0.125209,0.498097,-8.117456,125.595428,15.149082,0.37908,-0.557123,0.097955,-0.732337,-17.2391,128.010239,-0.305575,0.052986,-0.02011,-0.563352,-0.824271,-8.657455,114.52272,-17.985212,0.116679,0.015142,-0.560412,-0.819814,-0.163372,136.117737,-20.149136,-0.18922,0.903607,0.135396,0.359665,-3.788232,125.519241,21.40349,0.310509,0.889978,0.133452,-0.306126,8.337897,129.947708,34.101036,-0.039799,0.262726,0.431721,-0.861979,23.109718,118.721558,19.137939,0.057165,0.127018,0.358306,-0.923155,12.120208,135.911102,9.735208,0.047352,0.867418,0.066327,0.490862,-7.405766,90.441772,6.942958,0.082345,0.92154,-0.025206,0.378614,-8.038278,53.801029,0.943881,-0.021904,0.945132,0.026551,0.324871,-16.209871,6.682804,0.183562,-0.065757,0.883098,-0.08951,0.455854,2.367717,90.408119,23.257013,-0.021693,0.878294,-0.119632,0.462404,3.650078,54.190296,31.353807,-0.076783,0.870458,-0.066437,0.481657,0.181033,7.776704,42.364029,-0.021904,0.945132,0.026551,0.324871,-7.105006,1.435555,-11.271084,-0.076783,0.870458,-0.066437,0.481657,12.717238,1.128708,36.016685
188,1.566667,-0.001545,0.869764,0.00425,0.493447,-2.525758,90.423477,15.102731,-0.015187,0.879633,0.068856,0.470398,-2.579412,98.22039,15.148485,-0.031333,0.88256,0.070229,0.463869,-3.957808,113.135254,16.758144,0.05595,0.938517,-0.030433,0.339307,-6.194738,131.485367,18.520306,0.08956,0.97173,-0.093621,0.197371,-3.137749,145.923615,16.777641,0.004657,0.857651,0.125035,0.498777,-8.127439,125.593758,15.135869,0.379492,-0.556021,0.099045,-0.732814,-17.224649,127.996933,-0.334993,0.054248,-0.019661,-0.56342,-0.824153,-8.594757,114.478134,-17.96718,0.117989,0.015697,-0.56027,-0.819713,-0.103732,136.071808,-20.146957,-0.189349,0.903168,0.134723,0.360949,-3.809067,125.518845,21.397791,0.310408,0.89031,0.133786,-0.305117,8.281773,129.95105,34.127647,-0.040294,0.263921,0.431872,-0.861515,23.085979,118.72271,19.198225,0.057139,0.128091,0.357779,-0.923213,12.131352,135.915955,9.765215,0.047464,0.867029,0.06605,0.491574,-7.403928,90.437805,6.940569,0.082548,0.921578,-0.025105,0.378482,-8.04892,53.795135,0.954619,-0.022325,0.944951,0.026716,0.325353,-16.23472,6.679621,0.179136,-0.065807,0.883008,-0.089513,0.45602,2.352413,90.409149,23.264893,-0.021801,0.878265,-0.119501,0.462488,3.636405,54.191864,31.363831,-0.077032,0.870472,-0.066436,0.481592,0.181294,7.775718,42.367641,-0.022325,0.944951,0.026716,0.325353,-7.113251,1.441229,-11.266353,-0.077032,0.870472,-0.066436,0.481592,12.7193,1.131463,36.019932
189,1.575,-0.001705,0.869526,0.004179,0.493867,-2.534534,90.423775,15.110106,-0.015364,0.87925,0.068855,0.471107,-2.589842,98.220688,15.153638,-0.031556,0.882138,0.069984,0.464692,-3.974238,113.135445,16.759651,0.056154,0.938122,-0.030695,0.340342,-6.21589,131.486313,18.507896,0.089532,0.971515,-0.093243,0.198615,-3.147246,145.922028,16.764816,0.004511,0.857265,0.124738,0.499516,-8.141743,125.592766,15.122925,0.38012,-0.554952,0.100098,-0.733156,-17.21229,127.989319,-0.364612,0.055657,-0.019185,-0.563438,-0.824058,-8.53576,114.434776,-17.946407,0.119242,0.016271,-0.56015,-0.819603,-0.045548,136.024719,-20.144665,-0.189499,0.902912,0.134476,0.361602,-3.835208,125.521507,21.393034,0.310197,0.890759,0.13391,-0.303965,8.236501,129.956894,34.139927,-0.040624,0.264829,0.43172,-0.861297,23.08041,118.725334,19.252417,0.057106,0.128813,0.357466,-0.923236,12.14059,135.915405,9.792256,0.047579,0.866957,0.065911,0.491709,-7.404813,90.434822,6.943227,0.082553,0.921448,-0.025018,0.378806,-8.061359,53.791599,0.961911,-0.022383,0.944872,0.026863,0.325568,-16.24419,6.675741,0.175719,-0.065813,0.883125,-0.089562,0.455782,2.335745,90.412727,23.276985,-0.021715,0.878218,-0.119261,0.462642,3.620605,54.196156,31.378973,-0.076877,0.870321,-0.066225,0.481919,0.166973,7.77418,42.358639,-0.022383,0.944872,0.026863,0.325568,-7.116498,1.442059,-11.266964,-0.076877,0.870321,-0.066225,0.481919,12.70944,1.133393,36.016117
190,1.583333,-0.001811,0.869325,0.00413,0.49422,-2.544728,90.424149,15.11603,-0.015687,0.878932,0.068891,0.471684,-2.601108,98.221062,15.15807,-0.031661,0.881815,0.069612,0.465354,-3.995616,113.1353,16.759508,0.056414,0.937746,-0.030958,0.341309,-6.235629,131.487854,18.492126,0.089523,0.971294,-0.092795,0.199908,-3.154045,145.920807,16.748909,0.004302,0.856908,0.124348,0.500228,-8.157747,125.592506,15.108186,0.38103,-0.553966,0.100722,-0.733344,-17.202566,127.978668,-0.395994,0.057237,-0.018381,-0.563414,-0.823985,-8.479897,114.395294,-17.932638,0.120558,0.016868,-0.560182,-0.819376,0.012717,135.982422,-20.141325,-0.189677,0.902641,0.134306,0.36225,-3.860688,125.524414,21.384829,0.309792,0.891308,0.132724,-0.303288,8.191596,129.962845,34.149025,-0.041529,0.266086,0.431576,-0.860939,23.067066,118.718887,19.302441,0.057048,0.12958,0.357387,-0.923163,12.148712,135.914185,9.812666,0.04764,0.866728,0.065822,0.492119,-7.408366,90.433037,6.945193,0.082705,0.921059,-0.024874,0.379725,-8.069256,53.789375,0.967047,-0.02156,0.944662,0.027083,0.326215,-16.259377,6.675234,0.154544,-0.06586,0.883161,-0.089476,0.455724,2.318911,90.41526,23.286867,-0.021837,0.878369,-0.119284,0.462345,3.610345,54.198002,31.384712,-0.076586,0.8705,-0.066082,0.481661,0.169725,7.777053,42.372787,-0.02156,0.944662,0.027083,0.326215,-7.124265,1.439768,-11.281399,-0.076586,0.8705,-0.066082,0.481661,12.705487,1.134126,36.019264
191,1.591667,-0.001764,0.869154,0.003981,0.494523,-2.561415,90.42202,15.124199,-0.0158,0.87864,0.068917,0.472221,-2.61603,98.218956,15.164556,-0.032039,0.881492,0.069192,0.466002,-4.015045,113.134743,16.76441,0.055156,0.937456,-0.031161,0.342291,-6.261464,131.488556,18.47513,0.090531,0.970888,-0.092322,0.201637,-3.208933,145.92601,16.718107,0.004222,0.856532,0.12403,0.500951,-8.177214,125.589409,15.094207,0.381739,-0.552885,0.101542,-0.733678,-17.195841,127.970528,-0.425988,0.058613,-0.017875,-0.563486,-0.82385,-8.42408,114.357803,-17.915323,0.121832,0.017216,-0.559924,-0.819357,0.065184,135.943329,-20.140661,-0.189519,0.902369,0.133694,0.363234,-3.889709,125.528526,21.377451,0.30962,0.891673,0.132788,-0.302362,8.138885,129.963181,34.165279,-0.041792,0.267206,0.431498,-0.860618,23.046156,118.716217,19.352924,0.056956,0.130442,0.357425,-0.923032,12.151462,135.907669,9.828498,0.047829,0.866241,0.065831,0.492955,-7.419359,90.430298,6.949977,0.082221,0.92101,-0.024879,0.379948,-8.08623,53.788067,0.963731,-0.021576,0.944878,0.027358,0.325562,-16.234091,6.666324,0.167317,-0.065961,0.883295,-0.089392,0.455465,2.296528,90.413734,23.29842,-0.021877,0.878553,-0.119141,0.462029,3.599763,54.196346,31.393799,-0.076944,0.870528,-0.066352,0.481517,0.172774,7.7723,42.373066,-0.021576,0.944878,0.027358,0.325562,-7.113607,1.438389,-11.283731,-0.076944,0.870528,-0.066352,0.481517,12.709013,1.128359,36.021545
192,1.6,-0.001371,0.869022,0.003645,0.494758,-2.593987,90.429787,15.133288,-0.015289,0.878358,0.068729,0.472789,-2.640699,98.226776,15.172108,-0.032405,0.881126,0.068815,0.466724,-4.023467,113.132263,16.772152,0.054743,0.937124,-0.031423,0.34324,-6.276723,131.487137,18.462391,0.090939,0.970607,-0.091983,0.202957,-3.229696,145.924896,16.698351,0.003946,0.856236,0.123672,0.501547,-8.18549,125.584503,15.083599,0.382405,-0.551949,0.102017,-0.733969,-17.182583,127.953171,-0.450999,0.059875,-0.017246,-0.563607,-0.82369,-8.366123,114.321899,-17.903381,0.12303,0.017771,-0.55976,-0.819278,0.1175,135.907761,-20.137873,-0.189685,0.902107,0.133171,0.36399,-3.908591,125.530266,21.37413,0.309689,0.891911,0.133378,-0.301326,8.097807,129.971802,34.18042,-0.041577,0.26803,0.431476,-0.860383,23.032867,118.720306,19.399525,0.057023,0.131084,0.357384,-0.922953,12.157414,135.905029,9.842033,0.047447,0.866163,0.066053,0.493099,-7.44753,90.441422,6.956457,0.082508,0.920609,-0.024881,0.380859,-8.080784,53.798664,0.969803,-0.021812,0.944731,0.026717,0.326029,-16.252909,6.681442,0.154976,-0.066284,0.883317,-0.08903,0.455447,2.259556,90.418152,23.31012,-0.021898,0.878545,-0.119114,0.462051,3.596463,54.199135,31.392721,-0.07708,0.870502,-0.066535,0.481516,0.17219,7.774565,42.370605,-0.021812,0.944731,0.026717,0.326029,-7.120722,1.438286,-11.279775,-0.07708,0.870502,-0.066535,0.481516,12.709069,1.128557,36.022507
193,1.608333,-0.000974,0.868892,0.003222,0.494991,-2.627905,90.441429,15.147853,-0.015135,0.878119,0.06854,0.473266,-2.665972,98.23848,15.184,-0.032491,0.88085,0.068431,0.467294,-4.041756,113.132942,16.779243,0.055282,0.936774,-0.031265,0.344123,-6.292301,131.489578,18.454029,0.090779,0.970408,-0.092006,0.203966,-3.229073,145.925583,16.703819,0.003546,0.855974,0.123132,0.50213,-8.198258,125.585136,15.076792,0.383021,-0.551087,0.102284,-0.734259,-17.174274,127.934174,-0.472976,0.061013,-0.016647,-0.563663,-0.82358,-8.315054,114.291695,-17.894926,0.123995,0.018215,-0.559664,-0.819188,0.166437,135.877304,-20.136316,-0.19043,0.901815,0.133042,0.364371,-3.92954,125.534058,21.372906,0.310041,0.892067,0.133621,-0.300395,8.056556,129.997787,34.190498,-0.041297,0.268416,0.431857,-0.860085,23.007927,118.726585,19.44113,0.058244,0.132246,0.357719,-0.922581,12.155738,135.918945,9.866858,0.047207,0.866022,0.066243,0.493345,-7.477085,90.455673,6.968435,0.082461,0.920651,-0.024758,0.380775,-8.086244,53.813095,0.978196,-0.021566,0.944753,0.026431,0.326002,-16.249901,6.694552,0.154992,-0.06654,0.883412,-0.08873,0.455282,2.221275,90.427185,23.327271,-0.02194,0.878631,-0.119004,0.461913,3.586667,54.206741,31.398708,-0.076978,0.87053,-0.066629,0.48147,0.172547,7.779828,42.369862,-0.021566,0.944753,0.026431,0.326002,-7.121877,1.441107,-11.278362,-0.076978,0.87053,-0.066629,0.48147,12.707064,1.129887,36.021214
194,1.616667,-0.000981,0.868815,0.003165,0.495125,-2.644961,90.44371,15.158865,-0.01519,0.877895,0.068462,0.47369,-2.682685,98.240761,15.194167,-0.032621,0.880586,0.068134,0.467827,-4.059546,113.135078,16.785877,0.055368,0.936439,-0.031592,0.34499,-6.310232,131.492905,18.447374,0.090918,0.970144,-0.091854,0.205223,-3.238471,145.92659,16.693085,0.003314,0.855594,0.122678,0.502889,-8.212672,125.586723,15.071198,0.383929,-0.550361,0.102431,-0.734309,-17.161104,127.92363,-0.496285,0.062077,-0.016103,-0.563788,-0.823426,-8.265224,114.26519,-17.88702,0.124567,0.018566,-0.559869,-0.818954,0.210097,135.851196,-20.135651,-0.19079,0.901556,0.132682,0.364955,-3.951658,125.538811,21.372553,0.309809,0.892415,0.133655,-0.299583,8.014039,130.014435,34.205055,-0.041153,0.269222,0.431666,-0.859936,22.995481,118.743263,19.486204,0.058563,0.132744,0.358032,-0.922368,12.156285,135.92363,9.880254,0.047087,0.866011,0.066438,0.493349,-7.49161,90.457298,6.977944,0.082484,0.920606,-0.0247,0.380883,-8.085827,53.815796,0.979603,-0.021758,0.944747,0.026266,0.326022,-16.249311,6.697333,0.14949,-0.066653,0.883463,-0.088613,0.455191,2.201688,90.430115,23.339787,-0.02196,0.87867,-0.118914,0.461861,3.579355,54.209244,31.407225,-0.076969,0.870518,-0.066512,0.481508,0.171511,7.780385,42.372059,-0.021758,0.944747,0.026266,0.326022,-7.119282,1.441203,-11.281034,-0.076969,0.870518,-0.066512,0.481508,12.707108,1.133119,36.022739
195,1.625,-0.001014,0.868661,0.003462,0.495395,-2.656317,90.447624,15.161903,-0.015173,0.877658,0.068567,0.474115,-2.696803,98.244652,15.200964,-0.032823,0.880334,0.06778,0.468338,-4.075162,113.135254,16.794662,0.05545,0.936097,-0.032006,0.345867,-6.327261,131.49437,18.439817,0.091086,0.969868,-0.091679,0.206531,-3.246197,145.925293,16.679087,0.003147,0.855229,0.122318,0.503599,-8.225876,125.585732,15.065787,0.384303,-0.54969,0.102989,-0.734538,-17.14847,127.914032,-0.517808,0.062866,-0.015722,-0.563806,-0.823361,-8.222857,114.237427,-17.879,0.125167,0.018969,-0.559804,-0.818897,0.252773,135.824493,-20.133913,-0.190907,0.901366,0.132242,0.365521,-3.972338,125.542404,21.372225,0.309733,0.892607,0.13459,-0.298669,7.976776,130.023636,34.218208,-0.040668,0.269637,0.431601,-0.859862,22.986502,118.760338,19.522177,0.058908,0.133117,0.358461,-0.922125,12.155609,135.930374,9.892287,0.047031,0.865906,0.066375,0.493548,-7.497887,90.463486,6.977982,0.082518,0.920597,-0.024661,0.380899,-8.089461,53.82098,0.985519,-0.022167,0.944739,0.02597,0.32604,-16.254499,6.702879,0.150676,-0.066797,0.883446,-0.088583,0.455208,2.185254,90.431763,23.345825,-0.021983,0.878729,-0.118833,0.461769,3.573186,54.211922,31.416124,-0.07706,0.870571,-0.066524,0.481397,0.172006,7.781318,42.375652,-0.022167,0.944739,0.02597,0.32604,-7.120579,1.442635,-11.274843,-0.07706,0.870571,-0.066524,0.481397,12.70681,1.134841,36.023949
196,1.633333,-0.000853,0.868579,0.003307,0.495539,-2.680425,90.452896,15.175568,-0.01511,0.877479,0.068396,0.474473,-2.717532,98.249947,15.213764,-0.033082,0.880114,0.06743,0.468783,-4.092065,113.137177,16.802877,0.055534,0.935753,-0.032351,0.346752,-6.347404,131.497406,18.431005,0.091348,0.969555,-0.09162,0.207904,-3.257594,145.925934,16.665838,0.002753,0.854759,0.12239,0.504381,-8.241989,125.585922,15.059707,0.384611,-0.549006,0.103576,-0.734805,-17.136129,127.906731,-0.541256,0.063546,-0.015369,-0.563919,-0.823238,-8.18047,114.21273,-17.873234,0.125787,0.019339,-0.559631,-0.818912,0.289587,135.801178,-20.132698,-0.191032,0.901223,0.132068,0.36587,-3.995068,125.547981,21.370634,0.309671,0.892826,0.133996,-0.298346,7.943061,130.032928,34.225525,-0.041043,0.270362,0.431731,-0.859551,22.963848,118.758545,19.549313,0.059114,0.133607,0.358647,-0.921969,12.154612,135.935074,9.901822,0.046886,0.865896,0.066608,0.493547,-7.519287,90.469971,6.990047,0.082486,0.920555,-0.024587,0.381012,-8.092949,53.828751,0.987978,-0.021468,0.94471,0.026093,0.326162,-16.252392,6.709796,0.146735,-0.066979,0.883442,-0.088347,0.455235,2.158436,90.435829,23.361088,-0.021984,0.87886,-0.118761,0.461538,3.566061,54.214703,31.422197,-0.077265,0.870567,-0.066698,0.481346,0.171065,7.782471,42.376743,-0.021468,0.94471,0.026093,0.326162,-7.122646,1.4461,-11.280526,-0.077265,0.870567,-0.066698,0.481346,12.706537,1.135067,36.027328
197,1.641667,-0.000797,0.868556,0.003199,0.495581,-2.70034,90.454018,15.187603,-0.015493,0.877395,0.068444,0.474608,-2.735854,98.251083,15.224775,-0.033009,0.880063,0.066974,0.46895,-4.121318,113.136612,16.809317,0.055649,0.93547,-0.03292,0.347442,-6.366676,131.499313,18.423483,0.091593,0.96925,-0.091481,0.209274,-3.265721,145.924072,16.647156,0.00253,0.854245,0.12273,0.50517,-8.263443,125.58651,15.055731,0.385071,-0.548348,0.104349,-0.734946,-17.128784,127.910088,-0.561206,0.064413,-0.015112,-0.563932,-0.823166,-8.146372,114.188324,-17.857344,0.126506,0.019633,-0.559171,-0.819109,0.322882,135.774277,-20.129589,-0.191501,0.901038,0.131993,0.366109,-4.01883,125.550629,21.368221,0.309945,0.892939,0.134054,-0.297697,7.906483,130.049469,34.230156,-0.041005,0.270963,0.431924,-0.859267,22.937599,118.75843,19.577333,0.059094,0.133938,0.358853,-0.921842,12.149767,135.938675,9.909068,0.046731,0.865905,0.066886,0.493509,-7.538406,90.471008,7.001614,0.082502,0.920633,-0.024573,0.380821,-8.092129,53.831463,0.987451,-0.021342,0.944705,0.026016,0.32619,-16.252659,6.712696,0.146047,-0.067039,0.88359,-0.088203,0.454967,2.137727,90.437027,23.373592,-0.022025,0.878957,-0.118667,0.461376,3.556664,54.214607,31.426918,-0.077221,0.870601,-0.066655,0.481299,0.171304,7.780403,42.376087,-0.021342,0.944705,0.026016,0.32619,-7.123857,1.445648,-11.280423,-0.077221,0.870601,-0.066655,0.481299,12.705734,1.133129,36.024487
198,1.65,-0.000711,0.868494,0.003078,0.49569,-2.719487,90.453552,15.200147,-0.015577,0.877276,0.068485,0.47482,-2.752907,98.250626,15.236335,-0.033096,0.87995,0.06652,0.46922,-4.141507,113.135353,16.820358,0.055637,0.935164,-0.033446,0.348216,-6.382342,131.500076,18.417532,0.091841,0.968924,-0.091452,0.210683,-3.27384,145.921875,16.630337,0.00219,0.853972,0.121996,0.50581,-8.278796,125.584984,15.053624,0.38537,-0.54769,0.104519,-0.735256,-17.120756,127.887413,-0.579692,0.064979,-0.014699,-0.564102,-0.823013,-8.105631,114.16243,-17.856258,0.126988,0.019946,-0.559313,-0.818929,0.355752,135.752899,-20.128084,-0.191871,0.900905,0.131875,0.366285,-4.038115,125.5532,21.36878,0.309959,0.893117,0.133991,-0.297175,7.877372,130.063919,34.235661,-0.041116,0.271539,0.431827,-0.859128,22.922867,118.765404,19.60338,0.058933,0.134446,0.358664,-0.921852,12.144601,135.942749,9.915868,0.046622,0.865923,0.067122,0.493456,-7.555504,90.470818,7.012946,0.082466,0.920541,-0.024544,0.381052,-8.093897,53.832863,0.987732,-0.021347,0.944704,0.025905,0.326201,-16.249994,6.71339,0.143123,-0.067139,0.883673,-0.088001,0.45483,2.116529,90.436287,23.387348,-0.02209,0.879048,-0.118589,0.461219,3.55014,54.212223,31.430668,-0.07651,0.870727,-0.06645,0.481212,0.175653,7.776525,42.376854,-0.021347,0.944704,0.025905,0.326201,-7.121217,1.443345,-11.281987,-0.07651,0.870727,-0.06645,0.481212,12.701618,1.122467,36.015663
199,1.658333,-0.00077,0.868455,0.002994,0.495758,-2.735933,90.454582,15.212603,-0.015704,0.877145,0.068589,0.475043,-2.769511,98.251663,15.247202,-0.033127,0.879821,0.066113,0.469517,-4.162992,113.132217,16.831413,0.055749,0.934843,-0.033545,0.34905,-6.39832,131.498871,18.414059,0.092035,0.968577,-0.091806,0.212039,-3.282905,145.919464,16.629208,0.001924,0.853615,0.121674,0.50649,-8.294621,125.582077,15.053062,0.385288,-0.546873,0.105379,-0.735784,-17.111666,127.87336,-0.595953,0.065258,-0.014795,-0.564472,-0.822735,-8.062524,114.132729,-17.842257,0.127493,0.020164,-0.559036,-0.819034,0.379849,135.73114,-20.126184,-0.191731,0.900646,0.130887,0.367348,-4.058222,125.553253,21.371105,0.309721,0.893292,0.134075,-0.296859,7.83098,130.065659,34.261684,-0.04115,0.272376,0.431838,-0.858856,22.892477,118.773865,19.640667,0.058955,0.134522,0.35871,-0.921822,12.135551,135.947647,9.925227,0.046536,0.865981,0.067349,0.493331,-7.570664,90.470093,7.02464,0.08241,0.920504,-0.02452,0.381157,-8.096012,53.833817,0.988078,-0.021445,0.944739,0.025827,0.326099,-16.246307,6.713355,0.142479,-0.067165,0.883804,-0.087873,0.454597,2.098797,90.439072,23.400566,-0.02214,0.879139,-0.118484,0.461071,3.540656,54.213596,31.435999,-0.076532,0.870734,-0.066494,0.48119,0.176879,7.775721,42.376259,-0.021445,0.944739,0.025827,0.326099,-7.119154,1.442073,-11.283359,-0.076532,0.870734,-0.066494,0.48119,12.702542,1.120932,36.015236
200,1.666667,-0.000857,0.868442,0.002968,0.495782,-2.75307,90.456825,15.227116,-0.015612,0.877073,0.068538,0.475186,-2.787618,98.253906,15.260686,-0.033343,0.87973,0.065687,0.469732,-4.177777,113.130066,16.844128,0.055863,0.934504,-0.034866,0.349809,-6.413125,131.498291,18.408604,0.092055,0.968271,-0.091393,0.213599,-3.278809,145.910889,16.592485,0.001792,0.853416,0.121431,0.506885,-8.307936,125.578461,15.052099,0.385663,-0.54635,0.105608,-0.735944,-17.110506,127.86293,-0.606063,0.065681,-0.014654,-0.564672,-0.822567,-8.036415,114.113297,-17.832083,0.127736,0.02028,-0.558569,-0.819313,0.39508,135.713684,-20.122034,-0.191906,0.900506,0.130607,0.3677,-4.074825,125.555298,21.372372,0.308886,0.893742,0.133728,-0.296531,7.802566,130.074524,34.271454,-0.041312,0.272833,0.43112,-0.859064,22.897947,118.804657,19.668476,0.058984,0.134708,0.358667,-0.921809,12.124868,135.95668,9.935131,0.04642,0.866027,0.067604,0.493226,-7.587346,90.470657,7.038878,0.082397,0.920514,-0.024488,0.381136,-8.096564,53.836132,0.990322,-0.021518,0.944736,0.025797,0.326108,-16.244579,6.715319,0.14249,-0.067228,0.883841,-0.087705,0.454547,2.081205,90.442993,23.415352,-0.022172,0.879212,-0.118398,0.460952,3.533371,54.215942,31.441885,-0.076624,0.870728,-0.066563,0.481177,0.177583,7.77626,42.376915,-0.021518,0.944736,0.025797,0.326108,-7.116538,1.443937,-11.282596,-0.076624,0.870728,-0.066563,0.481177,12.703742,1.121292,36.017048
201,1.675,-0.000912,0.868516,0.002928,0.495651,-2.773685,90.457207,15.243834,-0.015517,0.877044,0.068289,0.475279,-2.808677,98.254288,15.276443,-0.033453,0.879654,0.065399,0.469907,-4.192646,113.128403,16.854231,0.055963,0.934221,-0.034959,0.350538,-6.426892,131.497742,18.406973,0.092244,0.967933,-0.091829,0.21486,-3.286402,145.909225,16.592777,0.001525,0.853137,0.121275,0.507392,-8.32088,125.576126,15.053172,0.386029,-0.546062,0.105786,-0.73594,-17.104868,127.851692,-0.616711,0.06628,-0.014258,-0.564684,-0.822518,-8.017571,114.091614,-17.82741,0.128219,0.020717,-0.558884,-0.819012,0.414212,135.692932,-20.118093,-0.192273,0.900407,0.130475,0.367797,-4.090382,125.556274,21.375202,0.308829,0.893882,0.133941,-0.296074,7.779321,130.088058,34.276947,-0.041261,0.273062,0.430951,-0.859079,22.889305,118.818649,19.688736,0.058902,0.13481,0.358219,-0.921974,12.115352,135.964188,9.945149,0.046264,0.866158,0.067976,0.49296,-7.610428,90.469742,7.057056,0.082401,0.92052,-0.024501,0.381119,-8.097799,53.837894,0.990516,-0.021225,0.944727,0.025817,0.326151,-16.246601,6.717193,0.143904,-0.067282,0.883963,-0.087607,0.454321,2.063058,90.444672,23.430613,-0.022216,0.87927,-0.118285,0.460867,3.524132,54.216885,31.4522,-0.076508,0.870731,-0.0664,0.481213,0.178141,7.774845,42.380207,-0.021225,0.944727,0.025817,0.326151,-7.120594,1.443498,-11.281731,-0.076508,0.870731,-0.0664,0.481213,12.704343,1.121923,36.018299
202,1.683333,-0.000955,0.868534,0.002918,0.495621,-2.78937,90.459442,15.257099,-0.015622,0.877003,0.068266,0.475353,-2.824853,98.256523,15.289243,-0.033494,0.879615,0.06503,0.470029,-4.211166,113.12809,16.86454,0.056085,0.933952,-0.035475,0.351183,-6.440556,131.49913,18.40427,0.092426,0.967617,-0.092052,0.216106,-3.28933,145.907028,16.580326,0.001305,0.852895,0.121043,0.507856,-8.335307,125.575783,15.053928,0.386289,-0.545743,0.106121,-0.735992,-17.102268,127.842331,-0.626804,0.066413,-0.014416,-0.564684,-0.822504,-8.001758,114.069366,-17.820217,0.127639,0.020792,-0.559036,-0.818996,0.430471,135.671341,-20.12063,-0.192624,0.900309,0.130457,0.367861,-4.106592,125.558983,21.377165,0.308759,0.894011,0.133948,-0.295753,7.756528,130.101486,34.2812,-0.041453,0.273355,0.430716,-0.859094,22.877628,118.83123,19.70516,0.05842,0.134876,0.357433,-0.9223,12.101541,135.971146,9.953194,0.046256,0.866165,0.068181,0.49292,-7.62668,90.471176,7.07065,0.082324,0.920461,-0.024465,0.381283,-8.106285,53.841339,0.991352,-0.021254,0.944717,0.025761,0.326181,-16.246954,6.719258,0.142944,-0.06734,0.883968,-0.087468,0.454329,2.04794,90.447708,23.443548,-0.022238,0.879286,-0.118194,0.46086,3.517501,54.218697,31.45804,-0.076515,0.870716,-0.066399,0.481239,0.177456,7.774675,42.379444,-0.021254,0.944717,0.025761,0.326181,-7.120099,1.444323,-11.281447,-0.076515,0.870716,-0.066399,0.481239,12.704166,1.121972,36.018295
203,1.691667,-0.000956,0.86845,0.002698,0.495769,-2.804501,90.45771,15.269735,-0.015711,0.876919,0.068375,0.475491,-2.838314,98.254814,15.298882,-0.033676,0.879549,0.064628,0.470195,-4.228899,113.127205,16.875696,0.056392,0.933665,-0.036028,0.351842,-6.457541,131.499725,18.398764,0.092585,0.967319,-0.092287,0.217266,-3.290123,145.902985,16.566078,0.001172,0.852705,0.120717,0.508252,-8.35138,125.573662,15.052739,0.386771,-0.545402,0.106238,-0.735975,-17.103783,127.831802,-0.637333,0.066876,-0.014199,-0.564842,-0.822362,-7.986713,114.048553,-17.813717,0.127903,0.020923,-0.559205,-0.818836,0.437358,135.65274,-20.118336,-0.192939,0.90031,0.130638,0.367628,-4.12522,125.561966,21.377693,0.308749,0.89416,0.133752,-0.295402,7.739697,130.113419,34.27692,-0.041521,0.273451,0.430542,-0.859147,22.870981,118.836365,19.716721,0.058551,0.135308,0.35707,-0.922369,12.090798,135.971252,9.9616,0.04623,0.86627,0.068398,0.492707,-7.639018,90.467354,7.081635,0.08224,0.920402,-0.024478,0.381441,-8.110415,53.839539,0.989509,-0.021435,0.944722,0.025799,0.326154,-16.244047,6.716198,0.143891,-0.067391,0.884032,-0.087352,0.45422,2.030015,90.448067,23.457836,-0.022312,0.879375,-0.118095,0.460712,3.507878,54.21806,31.466316,-0.076434,0.870797,-0.066315,0.481115,0.180256,7.772124,42.383392,-0.021435,0.944722,0.025799,0.326154,-7.115797,1.444071,-11.280681,-0.076434,0.870797,-0.066315,0.481115,12.704492,1.119678,36.017101
204,1.7,-0.000859,0.868504,0.002639,0.495675,-2.822351,90.456024,15.277216,-0.015754,0.876894,0.068644,0.475497,-2.854382,98.253136,15.306328,-0.033804,0.879536,0.064129,0.470278,-4.249701,113.121773,16.889271,0.056511,0.933435,-0.036404,0.352392,-6.474012,131.496353,18.393654,0.092913,0.96702,-0.092637,0.218306,-3.297669,145.89682,16.554613,0.001126,0.852534,0.120391,0.508616,-8.368651,125.567451,15.053113,0.387044,-0.545049,0.106533,-0.73605,-17.107641,127.819763,-0.645266,0.067288,-0.014082,-0.564997,-0.822224,-7.975219,114.025162,-17.80438,0.128312,0.021092,-0.559514,-0.818557,0.441709,135.634094,-20.11602,-0.193025,0.900234,0.130284,0.367896,-4.143817,125.560966,21.378958,0.308492,0.894393,0.13367,-0.295003,7.712779,130.118134,34.283817,-0.041522,0.274014,0.430112,-0.859184,22.86286,118.844925,19.740191,0.057888,0.13487,0.356554,-0.922674,12.080816,135.96347,9.962983,0.045949,0.866374,0.06864,0.492517,-7.658646,90.466728,7.090168,0.082263,0.920477,-0.024433,0.381258,-8.104465,53.839458,0.992852,-0.021275,0.944765,0.02569,0.326047,-16.238638,6.716266,0.144107,-0.067389,0.883991,-0.087273,0.454315,2.013944,90.445328,23.464262,-0.022471,0.87934,-0.117994,0.460798,3.493526,54.214287,31.467707,-0.076401,0.870805,-0.066292,0.48111,0.182761,7.766745,42.383038,-0.021275,0.944765,0.02569,0.326047,-7.114993,1.439536,-11.282017,-0.076401,0.870805,-0.066292,0.48111,12.70664,1.114295,36.01606
205,1.708333,-0.000919,0.868516,0.002576,0.495654,-2.836195,90.457008,15.289039,-0.016142,0.876879,0.068655,0.475509,-2.868553,98.25412,15.316822,-0.033607,0.879561,0.0638,0.470291,-4.273925,113.118782,16.894114,0.056677,0.933251,-0.036896,0.352802,-6.486097,131.495422,18.391245,0.09307,0.966775,-0.092939,0.219196,-3.298864,145.892242,16.542503,0.000902,0.852405,0.120071,0.508909,-8.384664,125.566444,15.053053,0.38741,-0.544752,0.106735,-0.736048,-17.11289,127.807213,-0.652967,0.067633,-0.014078,-0.565184,-0.822067,-7.967073,114.001534,-17.796026,0.128598,0.021056,-0.559686,-0.818396,0.440495,135.614471,-20.117193,-0.193057,0.900147,0.129923,0.368218,-4.159811,125.559662,21.378887,0.308279,0.894544,0.133558,-0.294818,7.687739,130.12059,34.290726,-0.041656,0.274288,0.429794,-0.859249,22.849285,118.851509,19.755859,0.057655,0.135155,0.356094,-0.922825,12.061528,135.961517,9.96908,0.045994,0.866461,0.068771,0.492343,-7.672885,90.46611,7.102221,0.081802,0.920874,-0.024329,0.380405,-8.11795,53.840481,0.995,-0.021271,0.945026,0.025832,0.325278,-16.20886,6.709576,0.161424,-0.067358,0.884081,-0.087239,0.454152,2.000494,90.447906,23.475855,-0.022537,0.879403,-0.117802,0.460722,3.48062,54.21611,31.475798,-0.076269,0.870789,-0.066326,0.481156,0.184857,7.764515,42.378437,-0.021271,0.945026,0.025832,0.325278,-7.103251,1.436449,-11.280741,-0.076269,0.870789,-0.066326,0.481156,12.707811,1.109346,36.012482
206,1.716667,-0.000825,0.8685,0.002448,0.495682,-2.857455,90.456482,15.300295,-0.016071,0.87682,0.06865,0.475621,-2.887548,98.253609,15.32707,-0.033629,0.879504,0.063374,0.470453,-4.291067,113.116982,16.904921,0.056731,0.933049,-0.037127,0.353304,-6.496844,131.495575,18.387423,0.093242,0.966524,-0.093433,0.220018,-3.304045,145.890732,16.535368,0.000677,0.852397,0.119295,0.509105,-8.396418,125.564804,15.052983,0.387665,-0.544636,0.106693,-0.736006,-17.117428,127.785179,-0.659941,0.0679,-0.013881,-0.565302,-0.821967,-7.965162,113.97673,-17.797323,0.129134,0.020908,-0.55948,-0.818455,0.436294,135.59166,-20.118284,-0.193175,0.900072,0.129517,0.368481,-4.173909,125.561188,21.380384,0.308254,0.894659,0.13297,-0.294761,7.664962,130.129608,34.297535,-0.04184,0.274633,0.429748,-0.859153,22.828852,118.851295,19.772274,0.057715,0.135116,0.35552,-0.923049,12.046832,135.962143,9.975944,0.045844,0.866548,0.068873,0.492188,-7.693622,90.465927,7.113167,0.081664,0.921009,-0.024148,0.380118,-8.126439,53.840321,1.004937,-0.021119,0.945079,0.025938,0.325127,-16.199034,6.706423,0.163001,-0.067497,0.884077,-0.087086,0.454168,1.978712,90.447029,23.487421,-0.022603,0.8794,-0.11771,0.460749,3.473022,54.214645,31.482059,-0.076472,0.870805,-0.06636,0.48109,0.186494,7.76127,42.379906,-0.021119,0.945079,0.025938,0.325127,-7.098353,1.434669,-11.28372,-0.076472,0.870805,-0.06636,0.48109,12.710535,1.1083,36.01379
207,1.725,-0.00093,0.868528,0.002557,0.495633,-2.866574,90.457222,15.312497,-0.016092,0.876764,0.068648,0.475725,-2.898929,98.254333,15.339941,-0.033758,0.879429,0.063033,0.47063,-4.302932,113.115631,16.91704,0.056954,0.932837,-0.03771,0.353764,-6.507255,131.495499,18.385731,0.093298,0.966327,-0.093614,0.22078,-3.3009,145.8862,16.522366,0.000685,0.852419,0.118766,0.509191,-8.406094,125.562622,15.054647,0.387747,-0.544596,0.106904,-0.735961,-17.123913,127.773834,-0.66134,0.067935,-0.01416,-0.56534,-0.821934,-7.97174,113.956787,-17.791843,0.129128,0.0207,-0.559443,-0.818487,0.427039,135.570511,-20.124378,-0.1934,0.900018,0.129378,0.368545,-4.186252,125.562965,21.383831,0.307919,0.894885,0.133019,-0.294402,7.647778,130.139893,34.302406,-0.0415,0.274694,0.429232,-0.859408,22.8316,118.870941,19.790707,0.05789,0.135,0.355166,-0.923191,12.031386,135.96228,9.981558,0.04584,0.866607,0.069028,0.492063,-7.703659,90.465965,7.125912,0.081648,0.921116,-0.02406,0.379869,-8.131369,53.841911,1.007999,-0.02217,0.94504,0.025449,0.325209,-16.19956,6.70734,0.161149,-0.067437,0.884097,-0.087093,0.454137,1.970511,90.448471,23.499084,-0.02271,0.87941,-0.11757,0.46076,3.46099,54.215588,31.492132,-0.076392,0.870803,-0.066211,0.481127,0.189541,7.759521,42.383041,-0.02217,0.94504,0.025449,0.325209,-7.08717,1.432435,-11.274796,-0.076392,0.870803,-0.066211,0.481127,12.713983,1.108847,36.015308
208,1.733333,-0.000604,0.868649,0.002324,0.495422,-2.899174,90.467628,15.33561,-0.015951,0.876802,0.068107,0.475736,-2.925314,98.264771,15.36243,-0.033806,0.879413,0.062771,0.470691,-4.316762,113.115753,16.926046,0.057045,0.932689,-0.038234,0.354083,-6.518222,131.496719,18.38525,0.093514,0.966135,-0.093874,0.22142,-3.303,145.883911,16.510143,0.00062,0.8524,0.118446,0.509298,-8.417569,125.5625,15.056851,0.388027,-0.544636,0.107061,-0.735762,-17.131468,127.766266,-0.662354,0.067994,-0.014567,-0.56539,-0.821887,-7.982951,113.936737,-17.784737,0.129104,0.020195,-0.559246,-0.818638,0.412738,135.550171,-20.134615,-0.193696,0.899968,0.129306,0.368537,-4.198647,125.565292,21.386646,0.308144,0.894926,0.13247,-0.294291,7.631432,130.152527,34.305183,-0.041455,0.274848,0.429357,-0.859298,22.811743,118.864975,19.804256,0.05822,0.134888,0.35487,-0.9233,12.017848,135.962524,9.987763,0.045502,0.866788,0.069426,0.491719,-7.740234,90.479553,7.15138,0.081647,0.921252,-0.02393,0.379547,-8.134027,53.857304,1.020413,-0.021173,0.945084,0.025619,0.325134,-16.197746,6.722126,0.164936,-0.06761,0.884112,-0.086812,0.454135,1.941886,90.455711,23.51984,-0.022757,0.879388,-0.117457,0.460829,3.453258,54.220921,31.50036,-0.07651,0.870775,-0.066298,0.481146,0.189931,7.762509,42.383705,-0.021173,0.945084,0.025619,0.325134,-7.097326,1.442103,-11.27818,-0.07651,0.870775,-0.066298,0.481146,12.715602,1.111741,36.018486
209,1.741667,-0.000982,0.868566,0.00249,0.495566,-2.897739,90.46373,15.335661,-0.01603,0.876732,0.068619,0.475789,-2.930278,98.260841,15.361805,-0.033873,0.879393,0.062384,0.470775,-4.331699,113.115334,16.938194,0.05759,0.932419,-0.038921,0.354631,-6.528742,131.497925,18.383438,0.093271,0.965905,-0.09424,0.222367,-3.289821,145.878464,16.498041,0.000662,0.852447,0.118025,0.509318,-8.428939,125.561752,15.059021,0.388529,-0.54473,0.106975,-0.735439,-17.142099,127.759148,-0.661483,0.068256,-0.014894,-0.565332,-0.8219,-7.997622,113.919487,-17.777828,0.129035,0.019718,-0.559549,-0.818453,0.401524,135.531998,-20.147236,-0.193794,0.899946,0.129108,0.36861,-4.211294,125.568115,21.389664,0.308073,0.895076,0.132327,-0.293971,7.615475,130.160675,34.309338,-0.041185,0.275259,0.42896,-0.859377,22.806829,118.869888,19.82251,0.057866,0.134666,0.354471,-0.923508,12.008391,135.950104,9.983773,0.045634,0.866846,0.069284,0.491624,-7.736087,90.470978,7.149823,0.08152,0.921315,-0.023849,0.379426,-8.144272,53.84816,1.023213,-0.021285,0.945103,0.025866,0.325052,-16.194122,6.710637,0.166271,-0.067541,0.884026,-0.086887,0.454299,1.940609,90.456474,23.5215,-0.022873,0.879312,-0.117371,0.46099,3.443454,54.221951,31.50486,-0.076468,0.870796,-0.066204,0.481128,0.191741,7.762122,42.385639,-0.021285,0.945103,0.025866,0.325052,-7.093685,1.438492,-11.280459,-0.076468,0.870796,-0.066204,0.481128,12.717107,1.112806,36.018303
210,1.75,-0.00053,0.86868,0.002118,0.495368,-2.933214,90.471306,15.361857,-0.016065,0.876816,0.068138,0.475703,-2.956753,98.268463,15.38645,-0.033845,0.879461,0.062043,0.470695,-4.351094,113.114014,16.948742,0.056937,0.932335,-0.039819,0.354858,-6.541169,131.49826,18.383558,0.093877,0.965618,-0.094438,0.223271,-3.310099,145.876572,16.468031,0.000639,0.852299,0.117684,0.509643,-8.444148,125.560806,15.062994,0.38865,-0.544929,0.107232,-0.73519,-17.14529,127.752579,-0.664952,0.06818,-0.015413,-0.565362,-0.821876,-8.013783,113.898361,-17.776447,0.129116,0.019095,-0.559393,-0.818562,0.38325,135.510239,-20.16383,-0.193467,0.900048,0.128735,0.368662,-4.22532,125.569366,21.392845,0.308016,0.895143,0.132473,-0.293762,7.604625,130.156723,34.311466,-0.040953,0.275299,0.428824,-0.859443,22.803545,118.868134,19.830858,0.058181,0.134727,0.353967,-0.923672,12.000388,135.942322,9.984564,0.045359,0.866915,0.069742,0.491465,-7.775298,90.482498,7.178233,0.081418,0.921418,-0.023707,0.379206,-8.1501,53.862553,1.032332,-0.021144,0.945174,0.025526,0.32488,-16.186089,6.722793,0.168529,-0.067691,0.884066,-0.086546,0.454262,1.90887,90.460114,23.545483,-0.022929,0.879349,-0.117247,0.460948,3.433481,54.222698,31.51157,-0.07645,0.870793,-0.066256,0.481128,0.192509,7.760334,42.384705,-0.021144,0.945174,0.025526,0.32488,-7.092373,1.439825,-11.278551,-0.07645,0.870793,-0.066256,0.481128,12.717419,1.109538,36.018024
211,1.758333,-0.000507,0.868761,0.002001,0.495228,-2.950096,90.471825,15.374145,-0.015854,0.876809,0.068007,0.475742,-2.972425,98.268982,15.397339,-0.033899,0.879419,0.061723,0.470811,-4.359118,113.111916,16.958818,0.057109,0.932196,-0.039993,0.355176,-6.545593,131.497498,18.382023,0.093892,0.965463,-0.095012,0.223692,-3.306972,145.873917,16.465103,0.000659,0.852376,0.117392,0.509582,-8.448956,125.558472,15.064497,0.388737,-0.545125,0.107477,-0.734963,-17.152376,127.745224,-0.66289,0.068174,-0.016087,-0.565376,-0.821854,-8.033556,113.877701,-17.770378,0.129486,0.018267,-0.558908,-0.818854,0.361735,135.487366,-20.183464,-0.193546,0.900006,0.128448,0.368823,-4.231852,125.569901,21.395493,0.308046,0.895217,0.132265,-0.293599,7.592705,130.162613,34.317139,-0.040603,0.275437,0.428671,-0.859492,22.795282,118.867706,19.845293,0.058489,0.134766,0.353985,-0.923641,11.988703,135.934296,9.985235,0.045247,0.866998,0.06995,0.491299,-7.794824,90.482292,7.192083,0.081312,0.921573,-0.023603,0.37886,-8.155994,53.863739,1.03704,-0.021021,0.945224,0.025559,0.324741,-16.179283,6.721857,0.171029,-0.067787,0.884169,-0.0865,0.454058,1.894632,90.461357,23.556208,-0.022895,0.879463,-0.117118,0.460765,3.428919,54.224323,31.522182,-0.076378,0.870788,-0.066218,0.481156,0.193055,7.758927,42.383862,-0.021021,0.945224,0.025559,0.324741,-7.09011,1.438563,-11.27951,-0.076378,0.870788,-0.066218,0.481156,12.717767,1.107963,36.016964
212,1.766667,-0.000484,0.868836,0.002079,0.495096,-2.961756,90.471558,15.382311,-0.015821,0.876846,0.067984,0.475677,-2.984367,98.268715,15.406743,-0.033888,0.879455,0.061462,0.47078,-4.369715,113.111519,16.968166,0.057822,0.932102,-0.040264,0.355276,-6.551207,131.498322,18.383158,0.093583,0.965436,-0.09559,0.223693,-3.290126,145.869766,16.466915,0.000624,0.85239,0.117103,0.509625,-8.456387,125.558296,15.068476,0.388913,-0.545466,0.107467,-0.734618,-17.158205,127.738823,-0.660656,0.068048,-0.016714,-0.565372,-0.821855,-8.057029,113.862503,-17.770399,0.129249,0.017806,-0.558824,-0.818959,0.337832,135.470901,-20.204245,-0.193681,0.899961,0.128238,0.368934,-4.238821,125.571503,21.399158,0.308174,0.895266,0.13228,-0.29331,7.580871,130.170578,34.32299,-0.04016,0.275666,0.428554,-0.859498,22.787786,118.867897,19.861786,0.058802,0.134885,0.353641,-0.923735,11.982502,135.924805,9.984155,0.045132,0.867069,0.070011,0.491175,-7.80897,90.483131,7.201727,0.081213,0.921721,-0.023452,0.378529,-8.161374,53.864456,1.047008,-0.021136,0.945309,0.025521,0.324489,-16.170898,6.720364,0.174112,-0.067746,0.884098,-0.086498,0.454203,1.885458,90.459984,23.562895,-0.023013,0.87946,-0.116995,0.460796,3.41586,54.222523,31.527637,-0.076432,0.870775,-0.066178,0.481175,0.194948,7.754886,42.384182,-0.021136,0.945309,0.025521,0.324489,-7.086663,1.437065,-11.280337,-0.076432,0.870775,-0.066178,0.481175,12.720768,1.105753,36.017559
213,1.775,-0.000906,0.868857,0.00231,0.495057,-2.95579,90.46524,15.37833,-0.016102,0.87686,0.068579,0.475557,-2.985906,98.262375,15.402636,-0.033774,0.879533,0.061182,0.470677,-4.387738,113.111511,16.976753,0.058011,0.932022,-0.040702,0.355405,-6.560504,131.499878,18.384907,0.093557,0.965311,-0.096035,0.224053,-3.289407,145.867798,16.459383,0.000667,0.85234,0.116825,0.509773,-8.469215,125.55938,15.073082,0.389368,-0.545982,0.107222,-0.73403,-17.16556,127.736725,-0.659519,0.068211,-0.01715,-0.565214,-0.821941,-8.088675,113.850594,-17.774212,0.129347,0.01719,-0.558863,-0.81893,0.314268,135.454941,-20.228752,-0.193656,0.899949,0.127873,0.369105,-4.250067,125.573204,21.40271,0.308099,0.895383,0.13215,-0.293088,7.56541,130.175461,34.329266,-0.039815,0.275906,0.428409,-0.859509,22.780714,118.871017,19.878269,0.059239,0.134919,0.353635,-0.923705,11.975462,135.919189,9.983985,0.045256,0.867059,0.069851,0.491204,-7.803725,90.472015,7.198165,0.08117,0.921647,-0.023461,0.378718,-8.169725,53.852505,1.049168,-0.020236,0.945301,0.026337,0.324505,-16.175566,6.707767,0.176999,-0.067659,0.884068,-0.0867,0.454234,1.892145,90.458466,23.558496,-0.023059,0.8794,-0.1169,0.460932,3.409662,54.222713,31.533506,-0.07634,0.870764,-0.066006,0.481234,0.195221,7.753158,42.383743,-0.020236,0.945301,0.026337,0.324505,-7.098027,1.438217,-11.289093,-0.07634,0.870764,-0.066006,0.481234,12.721775,1.106731,36.015728
214,1.783333,-0.000469,0.868972,0.002258,0.494856,-2.985528,90.477509,15.392731,-0.015528,0.876803,0.068358,0.475714,-3.009304,98.274651,15.419717,-0.034033,0.879385,0.060821,0.470983,-4.392096,113.113762,16.99478,0.058192,0.931912,-0.041091,0.35562,-6.567484,131.503113,18.385874,0.093509,0.965279,-0.096379,0.224061,-3.286766,145.867828,16.452785,0.000615,0.852347,0.116707,0.509787,-8.47325,125.559677,15.077647,0.389264,-0.546534,0.107251,-0.733669,-17.169075,127.733292,-0.655757,0.067928,-0.017938,-0.565096,-0.822029,-8.121266,113.840439,-17.780378,0.129331,0.016485,-0.558582,-0.819138,0.286365,135.439529,-20.257292,-0.193745,0.899983,0.127711,0.369031,-4.258749,125.579193,21.410355,0.308141,0.895475,0.131814,-0.292915,7.557463,130.187103,34.334217,-0.039426,0.276105,0.428282,-0.859527,22.776375,118.873764,19.893991,0.059695,0.134934,0.353666,-0.923661,11.970615,135.913681,9.983596,0.04497,0.866974,0.070111,0.491343,-7.837252,90.491013,7.214822,0.081156,0.921732,-0.023299,0.378525,-8.174411,53.872288,1.059499,-0.02085,0.945259,0.025544,0.324651,-16.173403,6.726611,0.175209,-0.067888,0.883984,-0.086526,0.454398,1.866197,90.464005,23.570641,-0.023044,0.879156,-0.116738,0.461438,3.403117,54.228329,31.542265,-0.076425,0.870644,-0.066034,0.481433,0.188323,7.755077,42.376595,-0.02085,0.945259,0.025544,0.324651,-7.088281,1.441208,-11.277569,-0.076425,0.870644,-0.066034,0.481433,12.718877,1.109979,36.015068
215,1.791667,-0.000466,0.868991,0.002194,0.494823,-3.001848,90.484459,15.408543,-0.015541,0.876843,0.068128,0.475672,-3.02509,98.281609,15.434678,-0.033968,0.879431,0.060625,0.470926,-4.404332,113.11586,17.003014,0.058519,0.931885,-0.04158,0.355579,-6.5741,131.506256,18.389019,0.093379,0.96528,-0.09664,0.223999,-3.27972,145.866486,16.445925,0.000693,0.852349,0.116477,0.509837,-8.482077,125.562416,15.082797,0.388932,-0.547063,0.107495,-0.733416,-17.17606,127.73439,-0.651851,0.067526,-0.018923,-0.564887,-0.822183,-8.158324,113.833153,-17.78554,0.129262,0.015585,-0.558405,-0.819288,0.259449,135.42778,-20.289356,-0.193867,0.900013,0.127638,0.368919,-4.266695,125.582542,21.414917,0.308283,0.895494,0.131914,-0.292663,7.550792,130.196152,34.335583,-0.038862,0.276062,0.428251,-0.859582,22.772572,118.876289,19.903498,0.060127,0.134756,0.35398,-0.923539,11.964286,135.909454,9.982918,0.044924,0.866862,0.07026,0.491525,-7.854204,90.497406,7.231008,0.081131,0.921735,-0.0232,0.378529,-8.181608,53.879917,1.067767,-0.020626,0.945223,0.0255,0.324773,-16.174814,6.733408,0.175661,-0.067922,0.884026,-0.08637,0.454341,1.850507,90.471512,23.586079,-0.023099,0.879129,-0.116638,0.461513,3.395553,54.234184,31.54859,-0.076449,0.870617,-0.066044,0.481477,0.18892,7.75896,42.376854,-0.020626,0.945223,0.0255,0.324773,-7.089308,1.444657,-11.275267,-0.076449,0.870617,-0.066044,0.481477,12.720397,1.114181,36.016815
216,1.8,-0.002284,0.86889,0.003058,0.494991,-2.939461,90.456078,15.407443,-0.01647,0.876733,0.069089,0.475705,-2.99402,98.253075,15.431248,-0.034002,0.879411,0.060413,0.470988,-4.414772,113.118004,17.015123,0.058654,0.931854,-0.042255,0.35556,-6.582055,131.509262,18.393505,0.093325,0.965285,-0.096807,0.22393,-3.27725,145.864792,16.433443,0.000673,0.852299,0.116338,0.509952,-8.490417,125.5644,15.089367,0.388633,-0.54775,0.107479,-0.733064,-17.180145,127.733696,-0.647999,0.067032,-0.019873,-0.564656,-0.82236,-8.198075,113.829895,-17.798325,0.129084,0.014601,-0.558245,-0.819443,0.230607,135.418869,-20.325132,-0.193972,0.900045,0.127547,0.368818,-4.275958,125.586411,21.422094,0.308248,0.895593,0.131524,-0.292572,7.542757,130.205338,34.339745,-0.038605,0.276284,0.428135,-0.85958,22.768099,118.879486,19.916115,0.06051,0.134753,0.354089,-0.923473,11.960788,135.905426,9.981747,0.045797,0.867043,0.070005,0.49116,-7.788557,90.447113,7.22797,0.081132,0.921482,-0.023455,0.379129,-8.183985,53.832859,1.049556,-0.021412,0.945123,0.02651,0.324933,-16.185921,6.68751,0.17472,-0.067237,0.88403,-0.08694,0.454326,1.909636,90.465034,23.586918,-0.023084,0.879164,-0.116512,0.461479,3.39059,54.228165,31.5637,-0.076542,0.87065,-0.065808,0.481434,0.188739,7.750043,42.380947,-0.021412,0.945123,0.02651,0.324933,-7.084956,1.434332,-11.280307,-0.076542,0.87065,-0.065808,0.481434,12.721735,1.112014,36.016857
217,1.808333,-0.001319,0.869128,0.002352,0.49458,-3.001196,90.470634,15.425412,-0.015659,0.876845,0.068497,0.475611,-3.037208,98.267754,15.447122,-0.03395,0.879431,0.060185,0.470984,-4.426337,113.118088,17.025389,0.058854,0.93185,-0.042746,0.355477,-6.587975,131.510513,18.397255,0.093146,0.965322,-0.097046,0.223738,-3.273082,145.862122,16.425604,0.000665,0.852234,0.116232,0.510085,-8.498208,125.565041,15.095263,0.388522,-0.548473,0.107256,-0.732615,-17.183044,127.732704,-0.64503,0.066535,-0.020923,-0.564513,-0.822472,-8.236504,113.828491,-17.813587,0.128808,0.013498,-0.557879,-0.819754,0.197247,135.410965,-20.367102,-0.194022,0.900094,0.127445,0.368707,-4.283642,125.58802,21.427917,0.308359,0.89558,0.131493,-0.29251,7.537335,130.210815,34.342106,-0.038309,0.276242,0.428212,-0.859569,22.761166,118.879616,19.921083,0.060832,0.134571,0.354403,-0.923357,11.954511,135.906525,9.98181,0.0451,0.866864,0.070537,0.491464,-7.858095,90.470963,7.250566,0.081047,0.921477,-0.023327,0.379167,-8.187026,53.857559,1.063231,-0.020379,0.945275,0.026315,0.324573,-16.176901,6.710324,0.179896,-0.067735,0.884059,-0.086538,0.454271,1.855703,90.470306,23.60026,-0.02313,0.879179,-0.11643,0.461469,3.383413,54.233253,31.567383,-0.076336,0.870647,-0.065811,0.481472,0.189175,7.753524,42.379955,-0.020379,0.945275,0.026315,0.324573,-7.096264,1.441579,-11.284105,-0.076336,0.870647,-0.065811,0.481472,12.72044,1.112318,36.015774
218,1.816667,-0.001351,0.869202,0.00233,0.494449,-3.012677,90.471741,15.435084,-0.015636,0.876901,0.068508,0.475507,-3.048956,98.268852,15.456252,-0.033897,0.879495,0.059937,0.470901,-4.437335,113.117813,17.035156,0.059161,0.931894,-0.043076,0.355272,-6.592773,131.511475,18.400105,0.092946,0.965412,-0.097309,0.223319,-3.266956,145.85965,16.421747,0.000748,0.8522,0.116191,0.51015,-8.505572,125.5653,15.100863,0.388443,-0.549184,0.106983,-0.732164,-17.187983,127.735031,-0.640491,0.066119,-0.021939,-0.564314,-0.822616,-8.275848,113.831566,-17.827551,0.128611,0.012339,-0.557514,-0.820052,0.166433,135.407623,-20.408604,-0.194072,0.900128,0.12745,0.368594,-4.289752,125.589462,21.432678,0.308351,0.895613,0.131459,-0.29243,7.533537,130.214584,34.343922,-0.038051,0.276315,0.428123,-0.8596,22.759815,118.882248,19.926369,0.060966,0.134486,0.354603,-0.923284,11.951609,135.903244,9.978744,0.045059,0.866769,0.070662,0.491618,-7.872032,90.471313,7.261696,0.080995,0.921515,-0.023252,0.379089,-8.192632,53.858936,1.067832,-0.0201,0.945281,0.026372,0.324569,-16.175314,6.710559,0.180435,-0.067801,0.884137,-0.086629,0.454092,1.846678,90.47216,23.608473,-0.023081,0.87933,-0.116257,0.461227,3.37718,54.236938,31.583368,-0.076313,0.87067,-0.065785,0.481438,0.189482,7.753134,42.380367,-0.0201,0.945281,0.026372,0.324569,-7.097589,1.440658,-11.285345,-0.076313,0.87067,-0.065785,0.481438,12.720068,1.112041,36.014725
219,1.825,-0.001314,0.869263,0.002307,0.494343,-3.026224,90.471802,15.446136,-0.015797,0.876966,0.068525,0.475379,-3.061827,98.268929,15.46728,-0.033869,0.879583,0.059705,0.470767,-4.454685,113.120148,17.044773,0.059655,0.931915,-0.043999,0.355022,-6.60498,131.514908,18.403004,0.092773,0.965513,-0.09727,0.222972,-3.257382,145.855087,16.403633,0.000732,0.851981,0.116597,0.510424,-8.520317,125.567917,15.106733,0.388221,-0.549845,0.106959,-0.731789,-17.1926,127.745796,-0.639072,0.065696,-0.022995,-0.56413,-0.822747,-8.314825,113.838661,-17.840929,0.128533,0.011296,-0.557306,-0.82022,0.134809,135.408005,-20.450922,-0.194061,0.900246,0.127513,0.36829,-4.302552,125.593521,21.437246,0.308209,0.895747,0.130845,-0.292445,7.529001,130.219681,34.340542,-0.03823,0.276521,0.428039,-0.859568,22.759024,118.882957,19.930395,0.061145,0.134524,0.354599,-0.923268,11.951746,135.904221,9.977599,0.044981,0.866772,0.070838,0.491595,-7.887572,90.471771,7.273933,0.080937,0.921509,-0.023204,0.379119,-8.19687,53.860725,1.071614,-0.02041,0.945337,0.02625,0.324396,-16.172768,6.711242,0.181839,-0.06788,0.884172,-0.08652,0.454033,1.835124,90.47184,23.61834,-0.023056,0.8794,-0.116258,0.461094,3.375072,54.236012,31.588686,-0.076318,0.870694,-0.065758,0.481397,0.186822,7.752127,42.385155,-0.02041,0.945337,0.02625,0.324396,-7.09625,1.44093,-11.284711,-0.076318,0.870694,-0.065758,0.481397,12.716939,1.111615,36.017982
220,1.833333,-0.001451,0.869365,0.002394,0.494163,-3.035288,90.472832,15.455966,-0.015737,0.877032,0.068403,0.475277,-3.073406,98.269943,15.47724,-0.033855,0.879632,0.05959,0.470692,-4.462744,113.121506,17.052542,0.05985,0.931979,-0.044451,0.354763,-6.610473,131.516815,18.407448,0.092621,0.96562,-0.097439,0.222498,-3.253976,145.853317,16.396603,0.000736,0.851941,0.116663,0.510477,-8.527131,125.569389,15.112701,0.387972,-0.55058,0.106623,-0.731418,-17.197485,127.748833,-0.633951,0.065181,-0.023983,-0.563934,-0.822894,-8.354846,113.848244,-17.85918,0.12843,0.010105,-0.557059,-0.82042,0.1035,135.412964,-20.493273,-0.194215,0.900294,0.127447,0.368114,-4.308275,125.595734,21.442486,0.308208,0.895787,0.130645,-0.292414,7.525816,130.228912,34.340935,-0.03814,0.276625,0.428026,-0.859545,22.756735,118.88868,19.934505,0.061277,0.134379,0.354636,-0.923266,11.951413,135.908142,9.976165,0.044993,0.866747,0.070962,0.49162,-7.900013,90.471344,7.285772,0.080884,0.921538,-0.023155,0.379064,-8.20535,53.861691,1.075091,-0.020383,0.945313,0.026347,0.324459,-16.17481,6.711158,0.183371,-0.067798,0.884154,-0.086395,0.454105,1.829437,90.474327,23.62616,-0.023178,0.879247,-0.116206,0.461393,3.367649,54.236065,31.585756,-0.076403,0.870657,-0.065695,0.481459,0.188333,7.751548,42.382122,-0.020383,0.945313,0.026347,0.324459,-7.096774,1.44329,-11.283097,-0.076403,0.870657,-0.065695,0.481459,12.720716,1.114026,36.016293
221,1.841667,-0.001666,0.869545,0.002701,0.493844,-3.041792,90.475395,15.467125,-0.015939,0.877139,0.068288,0.47509,-3.085184,98.272469,15.490921,-0.033698,0.879733,0.059423,0.470535,-4.477899,113.124763,17.060703,0.060205,0.932021,-0.044906,0.354537,-6.617344,131.521194,18.413328,0.092313,0.965704,-0.097717,0.222138,-3.247474,145.85321,16.392796,0.000746,0.851813,0.116746,0.51067,-8.537761,125.574043,15.120305,0.387719,-0.551333,0.106197,-0.731046,-17.200962,127.756142,-0.629917,0.064791,-0.024656,-0.563871,-0.822948,-8.393593,113.864983,-17.880804,0.12888,0.00917,-0.556911,-0.820461,0.066554,135.427109,-20.530315,-0.194254,0.900392,0.127498,0.367838,-4.316499,125.59967,21.44849,0.308154,0.895831,0.130437,-0.292428,7.524403,130.235413,34.339775,-0.03811,0.276622,0.42803,-0.859545,22.756544,118.894028,19.935522,0.061443,0.134182,0.354861,-0.923198,11.950751,135.914215,9.97621,0.044964,0.866762,0.071172,0.491566,-7.912499,90.473213,7.300495,0.080971,0.921507,-0.023104,0.379124,-8.208642,53.865578,1.077417,-0.021265,0.945167,0.025908,0.324862,-16.183863,6.716171,0.177543,-0.06774,0.8842,-0.086478,0.454008,1.828916,90.477577,23.633755,-0.023187,0.879251,-0.116083,0.461417,3.361401,54.239784,31.596624,-0.076452,0.870628,-0.065605,0.481516,0.188004,7.752576,42.383156,-0.021265,0.945167,0.025908,0.324862,-7.088065,1.444936,-11.273292,-0.076452,0.870628,-0.065605,0.481516,12.722281,1.118068,36.017914
222,1.85,-0.001742,0.869646,0.002756,0.493665,-3.052025,90.478447,15.47598,-0.015877,0.877236,0.068223,0.474922,-3.096873,98.275505,15.499949,-0.033668,0.879828,0.059306,0.470374,-4.486875,113.12957,17.069319,0.061273,0.932044,-0.045245,0.35425,-6.623078,131.526596,18.419056,0.091676,0.9659,-0.098045,0.221404,-3.221894,145.851288,16.399176,0.00069,0.851729,0.116765,0.510806,-8.5456,125.579056,15.127936,0.387358,-0.552174,0.105672,-0.730678,-17.203777,127.760353,-0.625159,0.064058,-0.025838,-0.563535,-0.823199,-8.435331,113.883301,-17.907202,0.128243,0.007853,-0.556656,-0.820747,0.039703,135.436554,-20.582104,-0.194265,0.900489,0.127548,0.367575,-4.321991,125.605324,21.454548,0.3082,0.8958,0.130525,-0.292434,7.525741,130.242676,34.33897,-0.037931,0.276493,0.428068,-0.859576,22.756332,118.901016,19.9333,0.061567,0.134013,0.355123,-0.923113,11.948584,135.921173,9.974999,0.044896,0.866823,0.071344,0.491438,-7.926085,90.47551,7.311351,0.080963,0.921544,-0.023067,0.379037,-8.212432,53.869247,1.079787,-0.021132,0.945135,0.025903,0.324964,-16.185755,6.719563,0.177709,-0.067737,0.884298,-0.086502,0.453813,1.822035,90.481377,23.64061,-0.023184,0.879396,-0.116,0.461162,3.355227,54.24387,31.604599,-0.076537,0.870646,-0.065629,0.481467,0.188368,7.754803,42.385067,-0.021132,0.945135,0.025903,0.324964,-7.088951,1.44691,-11.271676,-0.076537,0.870646,-0.065629,0.481467,12.722717,1.120942,36.019291
223,1.858333,-0.001637,0.869709,0.002791,0.493554,-3.065222,90.478806,15.481985,-0.015754,0.877328,0.06809,0.474776,-3.1089,98.275871,15.507239,-0.033577,0.879927,0.059211,0.470209,-4.493367,113.129066,17.074949,0.061579,0.932117,-0.04558,0.353962,-6.624672,131.526749,18.423616,0.091327,0.966024,-0.09828,0.220906,-3.21291,145.8479,16.396433,0.00073,0.851715,0.116875,0.510804,-8.549883,125.579323,15.133855,0.386856,-0.553106,0.104957,-0.730343,-17.208122,127.763878,-0.618753,0.06348,-0.026524,-0.563393,-0.82332,-8.481583,113.909462,-17.940117,0.128736,0.006856,-0.556016,-0.821113,-0.00075,135.45903,-20.625904,-0.194354,0.900528,0.127601,0.367414,-4.32382,125.60524,21.458832,0.308182,0.895776,0.130508,-0.292535,7.526954,130.245804,34.339298,-0.037895,0.276393,0.42811,-0.859588,22.755257,118.905685,19.929998,0.061684,0.133863,0.355214,-0.923092,11.946162,135.927933,9.974299,0.044839,0.866846,0.071462,0.491387,-7.941373,90.477928,7.318605,0.080903,0.921534,-0.023005,0.37908,-8.220105,53.872536,1.08156,-0.021257,0.945126,0.025816,0.324989,-16.185827,6.72164,0.175797,-0.067797,0.884373,-0.086466,0.453664,1.810929,90.479675,23.645365,-0.023212,0.879369,-0.115942,0.461226,3.350567,54.242313,31.608772,-0.076565,0.870643,-0.065564,0.481478,0.187848,7.752079,42.385418,-0.021257,0.945126,0.025816,0.324989,-7.087365,1.447832,-11.271738,-0.076565,0.870643,-0.065564,0.481478,12.722998,1.120184,36.019161
224,1.866667,-0.001653,0.869832,0.002746,0.493338,-3.076987,90.479401,15.491496,-0.015692,0.877443,0.067959,0.474583,-3.120537,98.276466,15.516024,-0.033511,0.880037,0.05911,0.470019,-4.501229,113.130882,17.08157,0.061808,0.932216,-0.045868,0.353623,-6.62834,131.52916,18.428553,0.091096,0.966144,-0.098589,0.220335,-3.20873,145.847443,16.394278,0.000591,0.851575,0.117166,0.510972,-8.556157,125.58165,15.140481,0.386397,-0.554232,0.104019,-0.729866,-17.20821,127.76799,-0.615276,0.062851,-0.027129,-0.563072,-0.823568,-8.531786,113.939957,-17.982834,0.128892,0.005917,-0.555296,-0.821583,-0.036276,135.480972,-20.674431,-0.194324,0.900638,0.127599,0.367163,-4.327313,125.607635,21.463596,0.308354,0.895635,0.131091,-0.292525,7.53056,130.249176,34.33717,-0.037433,0.275964,0.428242,-0.859681,22.754105,118.91185,19.920658,0.061856,0.133396,0.35555,-0.923019,11.939105,135.934967,9.971416,0.044752,0.866953,0.071664,0.491176,-7.957189,90.477814,7.330538,0.08087,0.921614,-0.022943,0.378895,-8.224466,53.873993,1.083834,-0.021309,0.945147,0.025771,0.324929,-16.185251,6.722313,0.17545,-0.067743,0.88452,-0.08645,0.45339,1.803216,90.48098,23.652454,-0.023351,0.879609,-0.11596,0.460756,3.34238,54.242886,31.612587,-0.076467,0.870826,-0.065559,0.481162,0.196319,7.753673,42.398491,-0.021309,0.945147,0.025771,0.324929,-7.087794,1.447749,-11.272534,-0.076467,0.870826,-0.065559,0.481162,12.725348,1.119341,36.022747
225,1.875,-0.001586,0.869964,0.002732,0.493105,-3.09173,90.48098,15.498199,-0.015588,0.877575,0.06787,0.474355,-3.134248,98.278061,15.523066,-0.033403,0.88017,0.059031,0.469788,-4.510549,113.133217,17.088142,0.061584,0.932386,-0.046119,0.353182,-6.632431,131.532104,18.435017,0.091116,0.966247,-0.098918,0.219728,-3.218011,145.850006,16.389391,0.00048,0.851449,0.117361,0.511137,-8.563476,125.584854,15.14839,0.38552,-0.554905,0.103698,-0.729864,-17.209412,127.772125,-0.610602,0.062059,-0.028196,-0.563048,-0.823609,-8.565393,113.966049,-18.011766,0.129041,0.005259,-0.554658,-0.821995,-0.071163,135.505661,-20.723619,-0.194391,0.900736,0.127735,0.36684,-4.331221,125.610229,21.469227,0.308134,0.895697,0.130491,-0.292834,7.534294,130.254333,34.334839,-0.03756,0.275846,0.428104,-0.859782,22.755667,118.919037,19.914427,0.061951,0.133083,0.355746,-0.922982,11.931135,135.942108,9.969548,0.044728,0.867171,0.071629,0.490799,-7.97631,90.48037,7.339858,0.080731,0.921753,-0.022691,0.378601,-8.246004,53.876007,1.096388,-0.021343,0.945137,0.025786,0.324954,-16.185835,6.721073,0.17341,-0.067752,0.884668,-0.086478,0.453093,1.792851,90.481598,23.656538,-0.02331,0.879772,-0.11591,0.46046,3.334297,54.243935,31.618256,-0.077022,0.870791,-0.065884,0.481092,0.190642,7.753435,42.39933,-0.021343,0.945137,0.025786,0.324954,-7.087394,1.447253,-11.274138,-0.077022,0.870791,-0.065884,0.481092,12.723285,1.120135,36.029606
226,1.883333,-0.001645,0.870099,0.002742,0.492866,-3.100509,90.482071,15.505667,-0.01544,0.877705,0.06779,0.474132,-3.143895,98.279144,15.530227,-0.033375,0.880287,0.059022,0.469571,-4.514628,113.133347,17.095531,0.06164,0.932542,-0.046197,0.352749,-6.635083,131.532349,18.443127,0.090971,0.966386,-0.099344,0.218982,-3.21996,145.849548,16.393803,0.00033,0.851303,0.117774,0.511285,-8.568001,125.585114,15.157562,0.384274,-0.556137,0.103164,-0.729659,-17.208477,127.776001,-0.603919,0.061021,-0.028996,-0.56253,-0.824012,-8.624423,113.999916,-18.058456,0.129029,0.004588,-0.554042,-0.822416,-0.102245,135.536789,-20.773783,-0.194432,0.90085,0.127766,0.366526,-4.332615,125.610435,21.476303,0.308112,0.895625,0.130758,-0.29296,7.540659,130.257706,34.333611,-0.037414,0.275525,0.428147,-0.85987,22.759182,118.928932,19.905071,0.06214,0.132724,0.355526,-0.923106,11.928185,135.953323,9.968616,0.044719,0.867293,0.071786,0.490561,-7.989571,90.48056,7.350011,0.080716,0.921552,-0.022712,0.379093,-8.254666,53.877811,1.096896,-0.021302,0.945088,0.025747,0.325102,-16.193476,6.722748,0.172091,-0.067751,0.88474,-0.086475,0.452953,1.788553,90.483589,23.661324,-0.023309,0.879777,-0.11588,0.460458,3.33135,54.245876,31.622549,-0.076762,0.870799,-0.065682,0.481148,0.188987,7.75471,42.401115,-0.021302,0.945088,0.025747,0.325102,-7.092022,1.44751,-11.27241,-0.076762,0.870799,-0.065682,0.481148,12.720543,1.122145,36.028488
227,1.891667,-0.001698,0.870261,0.002836,0.49258,-3.103994,90.482826,15.507977,-0.01535,0.877846,0.067871,0.473862,-3.148832,98.279884,15.533425,-0.033386,0.880422,0.059022,0.469317,-4.518098,113.136147,17.102802,0.061759,0.932683,-0.04627,0.352347,-6.638512,131.535126,18.4508,0.090767,0.966511,-0.099783,0.218313,-3.220937,145.851334,16.398724,0.000225,0.851165,0.118154,0.511428,-8.573072,125.587669,15.166606,0.383378,-0.55727,0.102353,-0.72938,-17.208233,127.782974,-0.597164,0.060113,-0.029984,-0.562208,-0.824263,-8.676366,114.039505,-18.102917,0.12883,0.004024,-0.552954,-0.823182,-0.13909,135.571259,-20.832127,-0.194495,0.90094,0.127885,0.36623,-4.334074,125.613426,21.482918,0.30803,0.895564,0.131113,-0.293072,7.546163,130.263184,34.332882,-0.037206,0.275146,0.428101,-0.860023,22.763939,118.944427,19.8957,0.062274,0.132373,0.355467,-0.92317,11.92205,135.966446,9.968172,0.044712,0.867375,0.07188,0.490402,-7.998406,90.481285,7.355534,0.080784,0.921773,-0.022664,0.378543,-8.260687,53.879501,1.096687,-0.021245,0.94501,0.02579,0.325329,-16.204269,6.725276,0.169893,-0.067712,0.8848,-0.086587,0.452822,1.790418,90.48436,23.660419,-0.023301,0.8798,-0.115834,0.460425,3.327966,54.2477,31.627428,-0.076845,0.870794,-0.065653,0.481148,0.187296,7.755491,42.40197,-0.021245,0.94501,0.02579,0.325329,-7.097852,1.450763,-11.270987,-0.076845,0.870794,-0.065653,0.481148,12.719935,1.12491,36.029415
228,1.9,-0.001706,0.870423,0.00281,0.492293,-3.112519,90.486588,15.5155,-0.015173,0.877972,0.067797,0.473645,-3.157246,98.283646,15.540544,-0.033398,0.880523,0.059031,0.469126,-4.520261,113.138924,17.110703,0.06166,0.932793,-0.046743,0.35201,-6.640945,131.537827,18.459255,0.090656,0.966599,-0.099983,0.21788,-3.222568,145.851624,16.391651,0.000206,0.85106,0.118589,0.511501,-8.576641,125.590218,15.176007,0.382597,-0.558302,0.101378,-0.729137,-17.209101,127.793297,-0.588162,0.059618,-0.030747,-0.561821,-0.824534,-8.722652,114.086845,-18.144936,0.129041,0.003824,-0.552244,-0.823626,-0.166631,135.611008,-20.890011,-0.194566,0.901047,0.128043,0.365873,-4.334932,125.616302,21.490499,0.307809,0.895563,0.130963,-0.293376,7.553776,130.268677,34.331684,-0.037243,0.274884,0.427964,-0.860173,22.769543,118.959213,19.885107,0.062304,0.13192,0.35524,-0.92332,11.915186,135.97998,9.965675,0.044729,0.867553,0.071955,0.490075,-8.01231,90.484657,7.366287,0.080765,0.921797,-0.022588,0.378493,-8.275324,53.883778,1.102156,-0.021692,0.944963,0.025569,0.325454,-16.214527,6.72893,0.169791,-0.067594,0.885205,-0.086753,0.452015,1.787271,90.488518,23.664713,-0.023226,0.879749,-0.115643,0.460576,3.31876,54.252808,31.637213,-0.076794,0.870661,-0.065515,0.481414,0.178464,7.756016,42.392071,-0.021692,0.944963,0.025569,0.325454,-7.101001,1.452734,-11.264654,-0.076794,0.870661,-0.065515,0.481414,12.715425,1.128654,36.024666
229,1.908333,-0.001723,0.870559,0.002841,0.492053,-3.118236,90.488586,15.521458,-0.014916,0.878095,0.06775,0.47343,-3.16342,98.285645,15.546804,-0.033538,0.880618,0.059051,0.468935,-4.518575,113.140854,17.119658,0.061746,0.932907,-0.046876,0.351674,-6.643887,131.539337,18.466854,0.090468,0.966708,-0.100401,0.217281,-3.223126,145.851929,16.394863,0.000129,0.850906,0.119063,0.511647,-8.579258,125.590775,15.185121,0.381684,-0.559412,0.100371,-0.728904,-17.206295,127.800903,-0.581038,0.058915,-0.031711,-0.561477,-0.824783,-8.769334,114.134644,-18.192921,0.129193,0.003445,-0.5508,-0.824571,-0.19809,135.650375,-20.956045,-0.195073,0.90119,0.128703,0.36502,-4.334959,125.618813,21.497866,0.307708,0.895564,0.130752,-0.293573,7.56919,130.283981,34.320099,-0.037119,0.274386,0.427756,-0.860442,22.782436,118.977097,19.868843,0.062399,0.131461,0.355188,-0.923399,11.907721,135.992615,9.962602,0.044764,0.867581,0.072023,0.490012,-8.022525,90.486649,7.37495,0.080713,0.921599,-0.022594,0.378987,-8.28579,53.886742,1.105192,-0.021406,0.944946,0.025741,0.325509,-16.220203,6.731126,0.170947,-0.067575,0.885301,-0.086774,0.451826,1.786053,90.490524,23.667965,-0.023293,0.879998,-0.115717,0.460077,3.317281,54.254902,31.640888,-0.076544,0.870848,-0.065428,0.481128,0.185426,7.760066,42.406662,-0.021406,0.944946,0.025741,0.325509,-7.107905,1.456889,-11.265385,-0.076544,0.870848,-0.065428,0.481128,12.715438,1.129862,36.028553
230,1.916667,-0.001662,0.870634,0.002967,0.491919,-3.124318,90.491264,15.521201,-0.014726,0.878254,0.067862,0.473125,-3.169642,98.288315,15.548728,-0.033414,0.88081,0.05907,0.46858,-4.520426,113.138939,17.127232,0.06177,0.93305,-0.047197,0.351247,-6.641483,131.537643,18.478064,0.09013,0.966815,-0.100815,0.216755,-3.218465,145.84816,16.395481,-8.2e-05,0.850779,0.119533,0.511749,-8.580564,125.589752,15.197309,0.380727,-0.560514,0.099189,-0.72872,-17.203846,127.802528,-0.570524,0.058497,-0.032547,-0.561144,-0.825007,-8.814487,114.183762,-18.241823,0.129823,0.003554,-0.549589,-0.825279,-0.227568,135.692734,-21.025843,-0.195187,0.901257,0.128803,0.364757,-4.331082,125.616417,21.506569,0.307531,0.895503,0.130743,-0.293947,7.578372,130.285675,34.322372,-0.037015,0.274114,0.427588,-0.860616,22.786314,118.989433,19.857227,0.062332,0.131009,0.354974,-0.92355,11.898808,135.999435,9.957459,0.04472,0.867673,0.072059,0.489849,-8.031105,90.491501,7.376202,0.080657,0.921845,-0.0225,0.378405,-8.291337,53.891682,1.105759,-0.02131,0.944972,0.025654,0.325446,-16.218065,6.734797,0.170321,-0.06756,0.885406,-0.086833,0.45161,1.782469,90.491035,23.666201,-0.023292,0.880186,-0.115698,0.459722,3.312629,54.256012,31.642097,-0.076732,0.870873,-0.065628,0.481026,0.185871,7.760727,42.407425,-0.02131,0.944972,0.025654,0.325446,-7.108577,1.457195,-11.266687,-0.076732,0.870873,-0.065628,0.481026,12.715406,1.128542,36.030441
231,1.925,-0.001121,0.870874,0.002513,0.491499,-3.155389,90.495781,15.532873,-0.014141,0.878475,0.067537,0.47278,-3.189874,98.292892,15.558417,-0.033553,0.880974,0.059099,0.46826,-4.519314,113.137123,17.136398,0.061637,0.933228,-0.047653,0.350737,-6.644911,131.535355,18.486557,0.090086,0.966947,-0.100993,0.216099,-3.222863,145.843719,16.387705,-0.000205,0.850617,0.12011,0.511882,-8.584525,125.586494,15.207868,0.379578,-0.561565,0.098128,-0.728654,-17.20285,127.806786,-0.561626,0.058013,-0.033615,-0.560733,-0.825278,-8.859715,114.236847,-18.292288,0.130465,0.003434,-0.548252,-0.826067,-0.253651,135.737183,-21.104347,-0.195295,0.901357,0.129,0.364382,-4.330611,125.615181,21.514133,0.307271,0.895501,0.13022,-0.294459,7.587236,130.287842,34.320904,-0.037148,0.273886,0.427465,-0.860744,22.78845,118.998573,19.843239,0.062477,0.130489,0.354637,-0.923743,11.889775,136.008865,9.952282,0.044378,0.867772,0.072435,0.489648,-8.070082,90.50071,7.392639,0.080852,0.921488,-0.022414,0.379236,-8.296053,53.90266,1.110553,-0.021111,0.944796,0.025258,0.326001,-16.235825,6.748399,0.153238,-0.067746,0.885533,-0.086693,0.451361,1.759303,90.490852,23.673109,-0.02328,0.880283,-0.115656,0.459546,3.308626,54.255901,31.645605,-0.076887,0.870887,-0.06576,0.480957,0.184877,7.759655,42.407635,-0.021111,0.944796,0.025258,0.326001,-7.116415,1.458147,-11.270017,-0.076887,0.870887,-0.06576,0.480957,12.714436,1.126649,36.031544
232,1.933333,-0.001035,0.870966,0.002657,0.491335,-3.162446,90.497856,15.532754,-0.01388,0.878603,0.067625,0.472537,-3.196867,98.29496,15.560913,-0.033603,0.881102,0.059188,0.468003,-4.520128,113.13784,17.145132,0.061679,0.933373,-0.047213,0.350402,-6.648501,131.535553,18.497913,0.08998,0.967014,-0.101814,0.215454,-3.230967,145.846558,16.409731,-0.000488,0.850372,0.120875,0.512109,-8.588844,125.586571,15.219882,0.378216,-0.562746,0.097024,-0.728599,-17.19874,127.813278,-0.553304,0.057591,-0.034721,-0.560138,-0.825665,-8.908611,114.297142,-18.349787,0.131286,0.003482,-0.546794,-0.826903,-0.2752,135.781906,-21.192392,-0.195189,0.901521,0.129221,0.363954,-4.331327,125.615601,21.523712,0.30694,0.895469,0.130244,-0.294889,7.599315,130.285034,34.319733,-0.03711,0.273381,0.427246,-0.861015,22.798138,119.013382,19.825851,0.06261,0.130065,0.354476,-0.923856,11.878188,136.019775,9.949626,0.044379,0.867796,0.072529,0.489593,-8.080194,90.505539,7.394371,0.080717,0.921747,-0.022511,0.37863,-8.303144,53.908504,1.106276,-0.021494,0.944882,0.025112,0.325737,-16.235226,6.752577,0.16767,-0.067734,0.885595,-0.08676,0.451227,1.755303,90.490173,23.671139,-0.023283,0.880308,-0.115658,0.459499,3.302814,54.255951,31.647318,-0.076669,0.870891,-0.065618,0.481004,0.179786,7.759747,42.409782,-0.021494,0.944882,0.025112,0.325737,-7.118478,1.461951,-11.257532,-0.076669,0.870891,-0.065618,0.481004,12.708317,1.126748,36.031677
233,1.941667,-0.00108,0.871183,0.002583,0.49095,-3.169806,90.496742,15.543631,-0.013971,0.878809,0.067441,0.472176,-3.204257,98.293854,15.570448,-0.03343,0.881302,0.059336,0.467621,-4.527059,113.141548,17.149544,0.061754,0.933558,-0.047483,0.349858,-6.651744,131.539032,18.511087,0.089729,0.967156,-0.102242,0.214719,-3.231533,145.848053,16.413637,-0.00059,0.850224,0.121508,0.512206,-8.595807,125.591553,15.232561,0.377191,-0.563881,0.095795,-0.728415,-17.202103,127.827301,-0.541313,0.05755,-0.035953,-0.559425,-0.826099,-8.961635,114.361763,-18.39912,0.132259,0.003353,-0.545085,-0.827876,-0.294259,135.829041,-21.287188,-0.195315,0.901549,0.129224,0.363817,-4.332676,125.617638,21.532614,0.306524,0.895522,0.130019,-0.295259,7.599787,130.291992,34.325138,-0.037154,0.273324,0.426922,-0.861192,22.800356,119.036438,19.820572,0.062679,0.129782,0.353823,-0.924142,11.867834,136.032074,9.945885,0.044356,0.867916,0.072819,0.489337,-8.094748,90.50296,7.409594,0.080919,0.921376,-0.022534,0.379487,-8.30745,53.908909,1.103788,-0.021446,0.944678,0.025096,0.326334,-16.257139,6.756205,0.152445,-0.067708,0.885724,-0.086768,0.450976,1.755136,90.490524,23.677668,-0.023204,0.8804,-0.115673,0.459323,3.302935,54.256153,31.653109,-0.076562,0.870944,-0.065505,0.480941,0.174784,7.759934,42.414028,-0.021446,0.944678,0.025096,0.326334,-7.126667,1.464875,-11.261468,-0.076562,0.870944,-0.065505,0.480941,12.701644,1.127627,36.031906
234,1.95,-0.001004,0.871293,0.002802,0.490753,-3.173157,90.502892,15.542251,-0.013558,0.878957,0.067545,0.471898,-3.208239,98.299988,15.572648,-0.03364,0.881427,0.059562,0.46734,-4.520537,113.141342,17.160057,0.061881,0.933669,-0.047519,0.349535,-6.65558,131.537323,18.525967,0.089436,0.967236,-0.102872,0.21418,-3.232786,145.84552,16.427242,-0.000779,0.850006,0.122387,0.512358,-8.598005,125.589195,15.24762,0.375348,-0.56514,0.094876,-0.728511,-17.198658,127.836098,-0.527747,0.057219,-0.037279,-0.558553,-0.826653,-9.017636,114.429024,-18.45673,0.13347,0.003551,-0.543647,-0.828626,-0.307685,135.878082,-21.386438,-0.195797,0.901799,0.130166,0.3626,-4.331091,125.616821,21.545101,0.3064,0.895451,0.129704,-0.295742,7.62657,130.302002,34.310104,-0.037175,0.272424,0.426753,-0.86156,22.817141,119.051338,19.79129,0.062971,0.129363,0.353522,-0.924295,11.854858,136.048126,9.945966,0.044311,0.867976,0.072771,0.489244,-8.101771,90.512421,7.410445,0.080887,0.921644,-0.022402,0.37885,-8.314035,53.917549,1.109379,-0.021493,0.944713,0.024945,0.326242,-16.256897,6.763795,0.153079,-0.067665,0.885773,-0.086999,0.450842,1.755457,90.49337,23.674055,-0.023192,0.880606,-0.11558,0.458952,3.293744,54.261547,31.662889,-0.076628,0.870967,-0.065557,0.480882,0.173185,7.763219,42.41684,-0.021493,0.944713,0.024945,0.326242,-7.128607,1.46874,-11.26085,-0.076628,0.870967,-0.065557,0.480882,12.699598,1.130564,36.034214
235,1.958333,-0.001144,0.871511,0.002759,0.490366,-3.176971,90.500114,15.555546,-0.013491,0.879142,0.067269,0.471595,-3.213616,98.297211,15.584287,-0.033599,0.881575,0.059727,0.467043,-4.519949,113.142334,17.166142,0.06233,0.93384,-0.046834,0.349091,-6.656008,131.537674,18.538872,0.089059,0.967383,-0.103922,0.213164,-3.229472,145.848053,16.461159,-0.000959,0.8498,0.12317,0.512512,-8.600023,125.590302,15.2601,0.373829,-0.566478,0.093637,-0.728414,-17.19495,127.846893,-0.516996,0.056926,-0.03866,-0.557702,-0.827184,-9.074942,114.500404,-18.518757,0.134748,0.003139,-0.541375,-0.829907,-0.326607,135.924667,-21.492395,-0.195922,0.901901,0.130574,0.362132,-4.328855,125.616547,21.554701,0.305975,0.895396,0.12971,-0.296346,7.639298,130.303375,34.309261,-0.037265,0.271492,0.426662,-0.861895,22.825235,119.075478,19.767998,0.064011,0.129642,0.353221,-0.9243,11.835222,136.07695,9.954994,0.044459,0.868087,0.072989,0.489001,-8.112797,90.506874,7.428113,0.080773,0.92094,-0.022543,0.380576,-8.328372,53.91534,1.107826,-0.021586,0.944667,0.025067,0.326358,-16.264521,6.760418,0.153269,-0.067534,0.885904,-0.087035,0.450597,1.758854,90.493355,23.68298,-0.023189,0.880634,-0.115521,0.458912,3.289556,54.260677,31.669382,-0.076764,0.870969,-0.065507,0.480864,0.171823,7.761034,42.418476,-0.021586,0.944667,0.025067,0.326358,-7.132067,1.469677,-11.259328,-0.076764,0.870969,-0.065507,0.480864,12.69972,1.131621,36.0354
236,1.966667,-0.001173,0.871674,0.002847,0.490077,-3.180221,90.498543,15.558352,-0.013326,0.879296,0.067277,0.471311,-3.217929,98.295624,15.588093,-0.033611,0.881709,0.059939,0.466762,-4.519708,113.142899,17.173134,0.062269,0.933966,-0.047014,0.348742,-6.659405,131.537262,18.553246,0.088815,0.96745,-0.104458,0.212697,-3.234062,145.846863,16.46825,-0.001095,0.849518,0.124062,0.512764,-8.604046,125.590492,15.27376,0.372581,-0.567696,0.092497,-0.728251,-17.189625,127.860596,-0.506499,0.056722,-0.040291,-0.55693,-0.82764,-9.12534,114.566444,-18.571939,0.136054,0.002104,-0.539642,-0.830826,-0.341575,135.972,-21.602488,-0.196091,0.902011,0.131161,0.361555,-4.328884,125.615715,21.565657,0.305609,0.895386,0.129342,-0.296915,7.652009,130.303909,34.307758,-0.037559,0.271157,0.426395,-0.86212,22.832554,119.090096,19.749985,0.063891,0.129336,0.352575,-0.924598,11.824327,136.088181,9.952622,0.044361,0.86821,0.073145,0.488767,-8.12144,90.505638,7.434194,0.08078,0.921479,-0.022411,0.379274,-8.326701,53.91515,1.107509,-0.02153,0.944698,0.025061,0.326272,-16.260046,6.759772,0.152273,-0.067458,0.886003,-0.087162,0.450391,1.760998,90.491447,23.682508,-0.023205,0.880828,-0.115453,0.458556,3.284349,54.259651,31.674334,-0.076716,0.871021,-0.065465,0.480783,0.175356,7.758575,42.419781,-0.02153,0.944698,0.025061,0.326272,-7.130274,1.468287,-11.262129,-0.076716,0.871021,-0.065465,0.480783,12.701628,1.129107,36.033558
237,1.975,-0.001216,0.871871,0.002927,0.489726,-3.183432,90.496376,15.561954,-0.013215,0.879427,0.067354,0.47106,-3.222317,98.293449,15.592461,-0.033587,0.881815,0.060042,0.46655,-4.521883,113.141632,17.181606,0.062409,0.934069,-0.046879,0.348457,-6.662243,131.535599,18.566004,0.088492,0.967517,-0.105256,0.212133,-3.235506,145.845413,16.484705,-0.001242,0.849235,0.124888,0.513032,-8.608036,125.589264,15.286406,0.370922,-0.569067,0.0915,-0.728154,-17.183632,127.871429,-0.497542,0.055961,-0.042002,-0.556037,-0.828207,-9.184912,114.632973,-18.632898,0.137264,0.000211,-0.536795,-0.832472,-0.364215,136.008743,-21.707537,-0.196574,0.902038,0.131828,0.360982,-4.329841,125.613693,21.576244,0.305467,0.895316,0.128842,-0.297488,7.659184,130.311844,34.307022,-0.037829,0.27089,0.426234,-0.862272,22.827599,119.101547,19.7339,0.063598,0.12914,0.352316,-0.924744,11.808271,136.096649,9.951404,0.044322,0.868327,0.073292,0.488541,-8.131202,90.503464,7.441784,0.08075,0.921676,-0.022335,0.378806,-8.330225,53.914307,1.107176,-0.021514,0.944701,0.025039,0.326266,-16.258699,6.758139,0.150391,-0.067412,0.886143,-0.087216,0.45011,1.764339,90.489281,23.682125,-0.023169,0.880885,-0.115431,0.458455,3.285354,54.257732,31.675518,-0.076763,0.871029,-0.065563,0.480747,0.175595,7.756007,42.417923,-0.021514,0.944701,0.025039,0.326266,-7.129297,1.465886,-11.263958,-0.076763,0.871029,-0.065563,0.480747,12.701364,1.124919,36.032394
238,1.983333,-0.001136,0.872028,0.00292,0.489445,-3.188863,90.495865,15.564797,-0.013061,0.879586,0.067356,0.470766,-3.226599,98.292946,15.595829,-0.033604,0.88196,0.060223,0.466252,-4.521619,113.141403,17.187632,0.062319,0.934219,-0.046787,0.348083,-6.66517,131.534515,18.578392,0.088364,0.967572,-0.105986,0.211572,-3.243197,145.845428,16.496784,-0.001426,0.848962,0.125969,0.513218,-8.611831,125.588631,15.298507,0.369681,-0.570272,0.090275,-0.727995,-17.1805,127.886078,-0.486982,0.05539,-0.043779,-0.555188,-0.828723,-9.23662,114.703247,-18.686842,0.13823,-0.002043,-0.53474,-0.833632,-0.379421,136.055084,-21.814014,-0.196574,0.90212,0.132094,0.360679,-4.329423,125.612328,21.58548,0.305195,0.895222,0.12893,-0.298012,7.667522,130.309052,34.309326,-0.037895,0.270442,0.426071,-0.86249,22.829002,119.116226,19.715584,0.063322,0.12861,0.35235,-0.924824,11.792345,136.109406,9.948701,0.044278,0.868422,0.073406,0.488359,-8.141857,90.504196,7.447816,0.080717,0.921591,-0.022285,0.379024,-8.335219,53.916008,1.107477,-0.021248,0.944667,0.02504,0.326383,-16.258781,6.759116,0.14556,-0.067367,0.886143,-0.087264,0.450108,1.764131,90.487534,23.68178,-0.023173,0.880997,-0.115409,0.458244,3.28058,54.256153,31.67679,-0.076742,0.871048,-0.065573,0.480714,0.174699,7.753963,42.418282,-0.021248,0.944667,0.02504,0.326383,-7.129449,1.464321,-11.267657,-0.076742,0.871048,-0.065573,0.480714,12.699644,1.122203,36.031849
239,1.991667,-0.001116,0.872168,0.002996,0.489196,-3.192082,90.495918,15.567652,-0.012992,0.879718,0.067332,0.470525,-3.230114,98.292992,15.599889,-0.033542,0.882078,0.060457,0.466002,-4.522645,113.142738,17.192511,0.062064,0.934354,-0.046904,0.347752,-6.66779,131.534973,18.592558,0.088258,0.967604,-0.106597,0.211163,-3.252821,145.846466,16.503496,-0.001552,0.848702,0.12677,0.513451,-8.615561,125.590263,15.311186,0.36843,-0.57169,0.088778,-0.7277,-17.175552,127.899803,-0.477253,0.054491,-0.045449,-0.554206,-0.82935,-9.296103,114.779266,-18.75,0.138574,-0.004665,-0.533476,-0.834374,-0.394682,136.107742,-21.917429,-0.196618,0.902218,0.132504,0.360258,-4.329546,125.611755,21.595711,0.304734,0.895226,0.128809,-0.298523,7.677749,130.307297,34.310234,-0.038159,0.269981,0.425729,-0.862791,22.838078,119.135475,19.699209,0.063114,0.128377,0.352121,-0.924958,11.777721,136.122711,9.95158,0.044289,0.868531,0.073371,0.488169,-8.149721,90.505287,7.453504,0.080522,0.921754,-0.022086,0.378679,-8.346467,53.916786,1.115031,-0.021323,0.944774,0.02513,0.326061,-16.246149,6.756043,0.145636,-0.067421,0.886194,-0.087171,0.450018,1.765557,90.486557,23.681799,-0.023091,0.880887,-0.115495,0.458439,3.289512,54.254501,31.672346,-0.076764,0.871014,-0.065532,0.480778,0.170501,7.753852,42.416737,-0.021323,0.944774,0.02513,0.326061,-7.123441,1.464337,-11.274312,-0.076764,0.871014,-0.065532,0.480778,12.696918,1.123583,36.031628
240,2.0,-0.001151,0.87233,0.003122,0.488907,-3.193159,90.497032,15.571134,-0.012743,0.879799,0.067292,0.470386,-3.232627,98.29409,15.604828,-0.033629,0.882106,0.06064,0.465919,-4.517756,113.144005,17.200108,0.062072,0.934421,-0.046821,0.34758,-6.668778,131.535187,18.604834,0.087953,0.967648,-0.107307,0.210731,-3.255058,145.847183,16.517231,-0.001564,0.848527,0.127426,0.513578,-8.615142,125.590599,15.322412,0.36696,-0.573007,0.087574,-0.727554,-17.17042,127.912567,-0.466754,0.053367,-0.047224,-0.553264,-0.829952,-9.35271,114.851448,-18.808451,0.138762,-0.007342,-0.531759,-0.835418,-0.411975,136.153076,-22.013914,-0.19676,0.902284,0.133065,0.35981,-4.328038,125.612053,21.606192,0.304669,0.895069,0.129017,-0.298969,7.688918,130.307526,34.3116,-0.038342,0.269432,0.425714,-0.862962,22.838425,119.146469,19.681145,0.062808,0.12809,0.351829,-0.925129,11.764288,136.137466,9.956292,0.04427,0.868638,0.073483,0.487964,-8.156173,90.506966,7.460276,0.080487,0.921806,-0.022066,0.378562,-8.349121,53.919556,1.115406,-0.021252,0.944781,0.025176,0.326043,-16.245127,6.758183,0.146543,-0.067388,0.886249,-0.087222,0.449904,1.769855,90.487106,23.681992,-0.023082,0.880996,-0.115462,0.458237,3.290973,54.255383,31.67458,-0.077035,0.871024,-0.065746,0.480687,0.175127,7.753965,42.416531,-0.021252,0.944781,0.025176,0.326043,-7.123456,1.46705,-11.274494,-0.077035,0.871024,-0.065746,0.480687,12.702133,1.122738,36.033585
241,2.008333,-0.001212,0.872483,0.003261,0.488632,-3.194689,90.497101,15.572643,-0.012782,0.879924,0.067188,0.470165,-3.236032,98.294136,15.607768,-0.033403,0.882214,0.061008,0.465684,-4.520436,113.145851,17.200253,0.062127,0.934535,-0.046804,0.347267,-6.670032,131.535934,18.621462,0.087595,0.967708,-0.108016,0.210243,-3.256157,145.847824,16.533352,-0.00088,0.849127,0.127122,0.512663,-8.618461,125.594139,15.335211,0.36585,-0.573534,0.086364,-0.727842,-17.207813,127.927246,-0.433806,0.052849,-0.049402,-0.552354,-0.830465,-9.408848,114.92804,-18.8274,0.139076,-0.010409,-0.52984,-0.836552,-0.432795,136.199081,-22.102108,-0.196706,0.902319,0.13326,0.35968,-4.327792,125.610229,21.616575,0.30397,0.895133,0.129382,-0.299333,7.693336,130.302261,34.319313,-0.038336,0.268935,0.425213,-0.863365,22.852768,119.177567,19.671436,0.062628,0.127603,0.351995,-0.925146,11.748928,136.153534,9.961395,0.044235,0.86875,0.073547,0.487757,-8.162808,90.507278,7.464908,0.080449,0.921876,-0.022016,0.378401,-8.352661,53.920353,1.117188,-0.021075,0.944779,0.025309,0.326048,-16.24375,6.758192,0.146715,-0.067408,0.886314,-0.087309,0.449756,1.773429,90.486923,23.680378,-0.022988,0.881119,-0.115519,0.457992,3.294222,54.256535,31.6791,-0.076798,0.871064,-0.065507,0.480685,0.17091,7.75595,42.42252,-0.021075,0.944779,0.025309,0.326048,-7.123437,1.469004,-11.276314,-0.076798,0.871064,-0.065507,0.480685,12.696345,1.126487,36.034645
242,2.016667,-0.00122,0.872637,0.003333,0.488357,-3.196583,90.496742,15.575872,-0.012783,0.880029,0.067181,0.469971,-3.238566,98.293777,15.611943,-0.033253,0.882299,0.061261,0.4655,-4.522528,113.145088,17.204489,0.06249,0.934618,-0.046614,0.347005,-6.671266,131.534393,18.637032,0.087088,0.967794,-0.108804,0.209646,-3.250395,145.845718,16.556492,-0.000844,0.848945,0.12771,0.512818,-8.621213,125.594475,15.348281,0.364321,-0.574762,0.085311,-0.727764,-17.204798,127.940331,-0.421977,0.051602,-0.05101,-0.551511,-0.831006,-9.464457,114.998436,-18.880615,0.13912,-0.013075,-0.529269,-0.836869,-0.452852,136.249069,-22.184607,-0.196749,0.902357,0.133695,0.359397,-4.327786,125.606979,21.627766,0.303751,0.895045,0.129502,-0.299764,7.700071,130.296402,34.325089,-0.038487,0.268432,0.425111,-0.863565,22.853529,119.186653,19.659712,0.062404,0.127245,0.352045,-0.925191,11.733685,136.163284,9.969562,0.044183,0.868887,0.073661,0.487502,-8.169802,90.507462,7.47127,0.080443,0.921903,-0.022035,0.378337,-8.354008,53.921432,1.118214,-0.021323,0.944808,0.025055,0.325969,-16.245302,6.759262,0.150103,-0.067386,0.886342,-0.087333,0.449701,1.776637,90.486023,23.680475,-0.022966,0.881166,-0.115502,0.457907,3.295658,54.255722,31.679911,-0.076824,0.871056,-0.065514,0.480695,0.172311,7.754683,42.421349,-0.021323,0.944808,0.025055,0.325969,-7.125032,1.465461,-11.270816,-0.076824,0.871056,-0.065514,0.480695,12.698179,1.125517,36.034027
243,2.025,-0.001139,0.87273,0.003522,0.488189,-3.198818,90.497742,15.571075,-0.012793,0.880088,0.067325,0.469839,-3.241139,98.294762,15.610332,-0.033092,0.882359,0.061446,0.465373,-4.527079,113.144791,17.206627,0.06252,0.934669,-0.046562,0.346867,-6.673536,131.533646,18.648268,0.086675,0.96781,-0.109525,0.209369,-3.25287,145.845169,16.568764,-0.001373,0.847858,0.129524,0.514157,-8.625097,125.595436,15.357402,0.36226,-0.576562,0.085342,-0.727365,-17.158823,127.965042,-0.436343,0.049675,-0.052246,-0.550828,-0.831499,-9.517518,115.049088,-18.954319,0.13946,-0.015295,-0.528165,-0.837472,-0.474554,136.292786,-22.257101,-0.196444,0.902469,0.133948,0.359192,-4.329719,125.60463,21.635555,0.303512,0.894982,0.129515,-0.300187,7.707837,130.282562,34.327919,-0.038858,0.268047,0.425032,-0.863707,22.856087,119.186737,19.646639,0.062089,0.127058,0.351853,-0.925311,11.72354,136.167389,9.976369,0.044117,0.868991,0.073642,0.487325,-8.175168,90.511528,7.468401,0.080351,0.921994,-0.021933,0.37814,-8.357057,53.924858,1.118965,-0.020822,0.944838,0.024989,0.325918,-16.236855,6.760848,0.146924,-0.067404,0.886417,-0.087418,0.449532,1.777531,90.483955,23.67375,-0.023006,0.881226,-0.115425,0.457809,3.296378,54.254936,31.679026,-0.077164,0.871027,-0.06586,0.480646,0.180937,7.752359,42.4161,-0.020822,0.944838,0.024989,0.325918,-7.123393,1.460312,-11.276303,-0.077164,0.871027,-0.06586,0.480646,12.708208,1.120426,36.034405
244,2.033333,-0.001142,0.87286,0.003583,0.487956,-3.201862,90.495064,15.572235,-0.012927,0.880181,0.067321,0.469662,-3.244666,98.292068,15.612311,-0.0329,0.882451,0.06161,0.465191,-4.533966,113.144112,17.207104,0.062585,0.934725,-0.046551,0.346707,-6.676648,131.5327,18.657883,0.086305,0.967825,-0.110142,0.209131,-3.254917,145.843979,16.578548,-0.00048,0.848663,0.128909,0.512985,-8.630673,125.596283,15.365232,0.361849,-0.576782,0.083921,-0.727561,-17.208048,127.976379,-0.403275,0.04981,-0.053665,-0.550126,-0.831866,-9.567359,115.116432,-18.96044,0.13986,-0.017416,-0.52736,-0.837871,-0.496778,136.335281,-22.320488,-0.195803,0.902595,0.133864,0.359255,-4.332527,125.601944,21.641497,0.303483,0.894799,0.12972,-0.300674,7.712495,130.26062,34.333862,-0.03933,0.267696,0.425221,-0.863701,22.847649,119.174622,19.631657,0.061695,0.127057,0.351668,-0.925408,11.713037,136.1689,9.983681,0.043944,0.869056,0.073884,0.487189,-8.18253,90.509354,7.472213,0.080387,0.921985,-0.021937,0.378153,-8.345486,53.924202,1.113545,-0.020781,0.944849,0.024825,0.325902,-16.228548,6.760761,0.140463,-0.067433,0.886353,-0.087372,0.449664,1.778806,90.480766,23.672256,-0.022984,0.881279,-0.115465,0.457697,3.299924,54.25145,31.675726,-0.077111,0.871057,-0.065954,0.480587,0.182285,7.749671,42.415611,-0.020781,0.944849,0.024825,0.325902,-7.116431,1.455303,-11.281558,-0.077111,0.871057,-0.065954,0.480587,12.707549,1.114541,36.033302
245,2.041667,-0.001115,0.873038,0.003524,0.487639,-3.208248,90.490898,15.577972,-0.013104,0.880292,0.067187,0.469468,-3.250227,98.28791,15.617477,-0.032753,0.88254,0.061802,0.465006,-4.542325,113.144615,17.206995,0.061269,0.934887,-0.047213,0.346416,-6.683196,131.532669,18.667055,0.08678,0.967744,-0.110267,0.209241,-3.291826,145.846375,16.554764,-0.000257,0.848556,0.12936,0.513048,-8.639051,125.59787,15.372573,0.360738,-0.577752,0.083171,-0.727429,-17.214111,127.993484,-0.394848,0.049174,-0.054368,-0.549426,-0.83232,-9.620848,115.17395,-18.999393,0.140743,-0.019369,-0.526455,-0.838249,-0.519843,136.372787,-22.369202,-0.195697,0.902646,0.134148,0.359079,-4.33814,125.600418,21.646946,0.303419,0.894757,0.129694,-0.300877,7.712971,130.253159,34.33572,-0.039694,0.267496,0.425214,-0.863749,22.844168,119.171402,19.626232,0.061342,0.127041,0.351398,-0.925536,11.704554,136.170303,9.99242,0.043829,0.869257,0.074097,0.486806,-8.194813,90.505066,7.481576,0.080353,0.92202,-0.02192,0.378077,-8.345387,53.921509,1.113448,-0.0209,0.944873,0.02481,0.325826,-16.224947,6.757474,0.140762,-0.06745,0.886458,-0.087327,0.449463,1.778318,90.476723,23.674368,-0.022936,0.881389,-0.115489,0.457482,3.3039,54.246986,31.675127,-0.077166,0.871061,-0.065935,0.480574,0.183767,7.745513,42.415611,-0.0209,0.944873,0.02481,0.325826,-7.113417,1.452743,-11.282066,-0.077166,0.871061,-0.065935,0.480574,12.709534,1.111636,36.032982
246,2.05,-0.001175,0.873161,0.003628,0.487417,-3.209556,90.491089,15.579229,-0.013271,0.880382,0.067181,0.469295,-3.253134,98.288086,15.619691,-0.032518,0.88263,0.062017,0.464823,-4.549285,113.144897,17.206961,0.061549,0.934899,-0.047254,0.346328,-6.685848,131.532532,18.678528,0.086208,0.967755,-0.11088,0.209104,-3.286803,145.844604,16.567577,-0.000814,0.847554,0.130873,0.514319,-8.644363,125.600014,15.381524,0.358869,-0.579273,0.083373,-0.727121,-17.172129,128.012665,-0.40893,0.047318,-0.054974,-0.549102,-0.832602,-9.664377,115.212799,-19.061659,0.141285,-0.021129,-0.525825,-0.838511,-0.548641,136.412445,-22.407898,-0.195575,0.902663,0.134346,0.359029,-4.340627,125.598106,21.653961,0.303556,0.894606,0.130349,-0.300905,7.713488,130.244629,34.342148,-0.03976,0.267212,0.425343,-0.863771,22.839949,119.168808,19.623341,0.061073,0.127164,0.351087,-0.925655,11.699734,136.171356,10.002962,0.043754,0.869345,0.074241,0.486634,-8.200227,90.505196,7.485366,0.080327,0.922028,-0.02197,0.378059,-8.342042,53.922737,1.110682,-0.020767,0.944888,0.024845,0.325787,-16.221169,6.758511,0.14351,-0.067458,0.886481,-0.087321,0.449418,1.781115,90.476974,23.673094,-0.022892,0.881413,-0.115517,0.45743,3.307821,54.24725,31.673637,-0.077334,0.871037,-0.066027,0.480578,0.183333,7.746202,42.414719,-0.020767,0.944888,0.024845,0.325787,-7.111897,1.453426,-11.280951,-0.077334,0.871037,-0.066027,0.480578,12.710625,1.112859,36.034527
247,2.058333,-0.001202,0.873262,0.003744,0.487235,-3.211828,90.490379,15.578697,-0.01358,0.880472,0.067224,0.469112,-3.256652,98.287369,15.620554,-0.032211,0.882741,0.062229,0.464606,-4.561334,113.144852,17.204971,0.061578,0.934978,-0.047217,0.346115,-6.69113,131.532257,18.689333,0.085923,0.967774,-0.111422,0.208844,-3.292464,145.844452,16.578609,-0.000587,0.84747,0.131273,0.514356,-8.653347,125.602463,15.389628,0.357966,-0.579869,0.08299,-0.727135,-17.179737,128.029709,-0.39933,0.046696,-0.055482,-0.548848,-0.832771,-9.701833,115.25782,-19.083214,0.141859,-0.022351,-0.526019,-0.838261,-0.575197,136.453674,-22.433346,-0.195228,0.902742,0.13449,0.358963,-4.346237,125.595177,21.659744,0.303306,0.89464,0.130339,-0.301058,7.714508,130.22937,34.346142,-0.040214,0.267046,0.425175,-0.863884,22.84376,119.164482,19.621977,0.060652,0.127406,0.351027,-0.925672,11.691894,136.169754,10.013985,0.043672,0.869488,0.07424,0.486386,-8.205867,90.505104,7.486912,0.080022,0.922493,-0.021885,0.376994,-8.344274,53.9221,1.115304,-0.020912,0.945131,0.024993,0.325063,-16.19471,6.752831,0.160803,-0.067531,0.886474,-0.087276,0.449429,1.782212,90.475647,23.670483,-0.022855,0.881406,-0.115591,0.457426,3.315087,54.246067,31.670527,-0.077269,0.87105,-0.065979,0.48057,0.184326,7.746506,42.41621,-0.020912,0.945131,0.024993,0.325063,-7.100767,1.452999,-11.278304,-0.077269,0.87105,-0.065979,0.48057,12.710989,1.113218,36.034725
248,2.066667,-0.001217,0.873322,0.003788,0.487127,-3.215974,90.490654,15.582993,-0.013741,0.880522,0.067124,0.469027,-3.26133,98.287643,15.625339,-0.032025,0.882793,0.062378,0.464499,-4.568562,113.14386,17.20484,0.061382,0.935017,-0.047149,0.346052,-6.694638,131.531006,18.697521,0.085677,0.967744,-0.111945,0.208805,-3.302208,145.84462,16.586319,-0.000417,0.847505,0.131588,0.514218,-8.658816,125.602974,15.395848,0.356217,-0.580208,0.083549,-0.727659,-17.190334,128.040665,-0.388733,0.045723,-0.056026,-0.548719,-0.832873,-9.735643,115.289925,-19.096313,0.142942,-0.02331,-0.525666,-0.838272,-0.603697,136.48848,-22.443251,-0.195023,0.902783,0.134635,0.358917,-4.350015,125.59227,21.664799,0.30367,0.894429,0.130677,-0.301172,7.714822,130.218414,34.350246,-0.040369,0.266811,0.425533,-0.863773,22.830286,119.146622,19.617117,0.060355,0.127491,0.351077,-0.925661,11.686813,136.164597,10.023501,0.043701,0.869498,0.074378,0.486345,-8.212015,90.505531,7.492443,0.079926,0.922462,-0.021948,0.377086,-8.347523,53.92424,1.110978,-0.021032,0.945195,0.0249,0.324876,-16.191717,6.753769,0.164713,-0.06763,0.886444,-0.087123,0.449502,1.780066,90.475777,23.67354,-0.022839,0.881436,-0.115652,0.457355,3.323943,54.245209,31.666969,-0.076585,0.871112,-0.065725,0.480603,0.190024,7.74692,42.417225,-0.021032,0.945195,0.0249,0.324876,-7.101268,1.452474,-11.276487,-0.076585,0.871112,-0.065725,0.480603,12.710685,1.108807,36.02898
249,2.075,-0.001232,0.87343,0.003855,0.486933,-3.216925,90.488892,15.583095,-0.013921,0.880574,0.067195,0.468915,-3.262976,98.285866,15.626248,-0.031843,0.882846,0.062477,0.464399,-4.575681,113.140785,17.205153,0.061415,0.935087,-0.046812,0.345903,-6.697349,131.527893,18.704464,0.085375,0.967774,-0.112579,0.208446,-3.30788,145.843491,16.602022,-0.000233,0.847569,0.131912,0.514029,-8.663667,125.601387,15.401331,0.355698,-0.580634,0.083115,-0.727623,-17.202227,128.04985,-0.37777,0.045356,-0.055975,-0.548692,-0.832915,-9.767643,115.321419,-19.108524,0.143613,-0.023917,-0.525812,-0.838049,-0.634372,136.520248,-22.443985,-0.194783,0.902796,0.134694,0.358994,-4.35327,125.587669,21.669176,0.303883,0.894329,0.130853,-0.301179,7.71297,130.204895,34.356541,-0.040485,0.266946,0.425581,-0.863702,22.822056,119.128021,19.620684,0.059586,0.12745,0.351083,-0.925714,11.684471,136.146866,10.025665,0.043591,0.869672,0.074505,0.486025,-8.21657,90.504128,7.494773,0.079941,0.92254,-0.021962,0.376892,-8.342717,53.923523,1.109137,-0.020754,0.945191,0.024941,0.324901,-16.1889,6.753331,0.165183,-0.067652,0.886491,-0.087078,0.449415,1.782719,90.473656,23.671417,-0.022805,0.881416,-0.115702,0.457382,3.330367,54.242729,31.662518,-0.076555,0.871094,-0.065713,0.480642,0.191066,7.745394,42.41534,-0.020754,0.945191,0.024941,0.324901,-7.100719,1.450454,-11.27709,-0.076555,0.871094,-0.065713,0.480642,12.71207,1.107229,36.027824
250,2.083333,-0.001039,0.873518,0.003802,0.486777,-3.224699,90.485786,15.581518,-0.014037,0.880634,0.067314,0.468781,-3.267719,98.282776,15.625422,-0.031675,0.88292,0.062533,0.464262,-4.584906,113.137093,17.205996,0.061371,0.93513,-0.046923,0.34578,-6.701805,131.524353,18.710384,0.085098,0.967788,-0.112899,0.208326,-3.312918,145.839478,16.603853,4.1e-05,0.847692,0.131991,0.513806,-8.670606,125.599075,15.406505,0.35519,-0.580979,0.082817,-0.727629,-17.217466,128.056366,-0.366728,0.04489,-0.055821,-0.548693,-0.83295,-9.799686,115.346443,-19.116701,0.143987,-0.024389,-0.525981,-0.837865,-0.665173,136.548935,-22.434557,-0.194539,0.902837,0.134805,0.358981,-4.35811,125.582863,21.672899,0.304076,0.894244,0.130949,-0.301196,7.711889,130.191025,34.359974,-0.040665,0.266929,0.425682,-0.863649,22.81492,119.108665,19.622036,0.059192,0.12776,0.351221,-0.925644,11.68113,136.13208,10.032189,0.043477,0.869719,0.074535,0.485946,-8.227241,90.503716,7.494995,0.079765,0.92257,-0.021909,0.376859,-8.345541,53.922699,1.11153,-0.020815,0.945318,0.024928,0.324528,-16.174429,6.749597,0.169545,-0.06776,0.886493,-0.086957,0.449418,1.777841,90.467857,23.668041,-0.022823,0.88132,-0.115771,0.457549,3.336633,54.236446,31.654804,-0.076503,0.871098,-0.065713,0.480642,0.193711,7.740727,42.413551,-0.020815,0.945318,0.024928,0.324528,-7.094583,1.446825,-11.279387,-0.076503,0.871098,-0.065713,0.480642,12.714115,1.101729,36.025734
251,2.091667,-0.001561,0.873615,0.004142,0.486597,-3.20697,90.473488,15.57588,-0.014411,0.880668,0.067647,0.468657,-3.259665,98.270409,15.620473,-0.031478,0.882976,0.062598,0.46416,-4.592132,113.133713,17.205847,0.061016,0.935168,-0.046791,0.345759,-6.703511,131.521149,18.715998,0.084897,0.967734,-0.113361,0.208406,-3.325644,145.838852,16.609304,0.000354,0.847895,0.132063,0.513452,-8.674826,125.597343,15.410951,0.35488,-0.581279,0.082507,-0.727576,-17.234854,128.063889,-0.353695,0.044583,-0.055488,-0.548702,-0.832982,-9.831223,115.368446,-19.119068,0.144103,-0.024304,-0.526337,-0.837623,-0.695569,136.573349,-22.416162,-0.194273,0.902825,0.134833,0.359144,-4.360701,125.578163,21.676216,0.304385,0.894144,0.131099,-0.301114,7.70881,130.176407,34.367363,-0.040675,0.267263,0.425815,-0.86348,22.805223,119.083939,19.630238,0.05832,0.127455,0.351474,-0.925646,11.685513,136.108536,10.030718,0.04358,0.869983,0.074453,0.485476,-8.212811,90.485893,7.491388,0.079775,0.922703,-0.021867,0.376534,-8.344178,53.904648,1.109552,-0.0219,0.945261,0.024838,0.324631,-16.172777,6.731525,0.166274,-0.067607,0.886534,-0.087088,0.449336,1.79887,90.461075,23.66037,-0.022759,0.881352,-0.11583,0.457476,3.343981,54.22982,31.650452,-0.076452,0.871067,-0.065626,0.480718,0.193969,7.735109,42.411495,-0.0219,0.945261,0.024838,0.324631,-7.079063,1.436915,-11.275428,-0.076452,0.871067,-0.065626,0.480718,12.715435,1.097558,36.024254
252,2.1,-0.001533,0.873641,0.004114,0.486552,-3.209459,90.470299,15.573409,-0.014594,0.880737,0.067771,0.468504,-3.261562,98.267235,15.617822,-0.031232,0.883082,0.062773,0.463952,-4.600411,113.130531,17.204193,0.061064,0.93522,-0.046882,0.345597,-6.706375,131.517715,18.724796,0.084526,0.967761,-0.113651,0.208274,-3.326934,145.834656,16.615307,0.000563,0.848041,0.131757,0.513289,-8.680862,125.596107,15.41773,0.354636,-0.581546,0.082277,-0.727508,-17.246958,128.062592,-0.343625,0.04399,-0.05531,-0.548726,-0.83301,-9.856343,115.377678,-19.121235,0.143351,-0.024166,-0.526505,-0.837651,-0.720568,136.587173,-22.396549,-0.194133,0.902804,0.135067,0.359186,-4.363566,125.572632,21.680794,0.304758,0.894013,0.131322,-0.301029,7.70681,130.162888,34.374004,-0.040693,0.26743,0.426108,-0.863283,22.794828,119.059113,19.636808,0.058209,0.12787,0.351378,-0.925632,11.691079,136.090729,10.034643,0.043613,0.870056,0.074518,0.485332,-8.216131,90.482887,7.489434,0.079689,0.922743,-0.021903,0.376452,-8.348332,53.90258,1.102267,-0.021708,0.945265,0.024956,0.324623,-16.170803,6.728297,0.165933,-0.067678,0.886567,-0.087015,0.449275,1.797213,90.45771,23.657385,-0.02274,0.881334,-0.115912,0.45749,3.349932,54.226231,31.644958,-0.076529,0.871073,-0.065601,0.480699,0.194572,7.733274,42.411976,-0.021708,0.945265,0.024956,0.324623,-7.078987,1.435047,-11.277905,-0.076529,0.871073,-0.065601,0.480699,12.716728,1.097463,36.024281
253,2.108333,-0.002717,0.87363,0.00484,0.486559,-3.161316,90.451599,15.568016,-0.015456,0.880749,0.068278,0.46838,-3.235059,98.248352,15.613334,-0.031085,0.883164,0.062922,0.463785,-4.605312,113.127922,17.203106,0.061058,0.935249,-0.046937,0.345511,-6.708744,131.51474,18.731537,0.084237,0.967759,-0.11391,0.208258,-3.329256,145.831375,16.620083,0.000756,0.848257,0.131781,0.512926,-8.685168,125.594604,15.423003,0.354754,-0.581636,0.082049,-0.727404,-17.264729,128.065735,-0.330305,0.04369,-0.055001,-0.548968,-0.832887,-9.877316,115.384315,-19.111542,0.142717,-0.023635,-0.526866,-0.837548,-0.752062,136.602066,-22.367424,-0.193845,0.902811,0.134992,0.359352,-4.365383,125.568298,21.684343,0.305032,0.893903,0.131578,-0.300966,7.704741,130.149353,34.381115,-0.040576,0.267381,0.426402,-0.863158,22.786596,119.038773,19.642738,0.058271,0.127933,0.351917,-0.925414,11.691998,136.079376,10.041512,0.044134,0.870353,0.074334,0.484781,-8.167759,90.451233,7.483887,0.079743,0.922699,-0.02208,0.376538,-8.344232,53.872276,1.090007,-0.022363,0.945207,0.025576,0.324699,-16.177692,6.699562,0.166687,-0.067225,0.886575,-0.087326,0.449266,1.845127,90.451965,23.652145,-0.022686,0.881303,-0.115966,0.457539,3.357798,54.219963,31.645081,-0.076695,0.871069,-0.065471,0.480699,0.194921,7.727969,42.41407,-0.022363,0.945207,0.025576,0.324699,-7.07505,1.429851,-11.279414,-0.076695,0.871069,-0.065471,0.480699,12.719589,1.097777,36.025459
254,2.116667,-0.00279,0.873688,0.004966,0.486453,-3.161513,90.451538,15.565581,-0.015518,0.880802,0.068409,0.468261,-3.2372,98.24826,15.612082,-0.03107,0.883215,0.063133,0.463659,-4.610651,113.126389,17.204529,0.061055,0.935301,-0.047104,0.345349,-6.716984,131.512268,18.740395,0.084071,0.967797,-0.11406,0.208065,-3.336536,145.827866,16.623562,0.000955,0.848414,0.131779,0.512666,-8.693279,125.592979,15.430227,0.354893,-0.581713,0.081981,-0.727282,-17.282482,128.06897,-0.317067,0.043349,-0.05468,-0.549185,-0.832783,-9.898801,115.385223,-19.098196,0.141981,-0.023144,-0.527007,-0.837597,-0.78267,136.611038,-22.333172,-0.193536,0.90288,0.134856,0.359395,-4.371698,125.565132,21.690321,0.305372,0.893814,0.131523,-0.30091,7.701641,130.138107,34.386955,-0.040456,0.26755,0.426752,-0.862939,22.775221,119.013229,19.650898,0.058504,0.127947,0.352062,-0.925343,11.698773,136.06102,10.044623,0.044015,0.870432,0.074463,0.48463,-8.169919,90.451126,7.482667,0.079784,0.92273,-0.022177,0.376446,-8.335196,53.872818,1.084781,-0.022382,0.945232,0.025505,0.324631,-16.175856,6.701154,0.169272,-0.067314,0.88646,-0.087222,0.4495,1.846894,90.45195,23.648497,-0.022682,0.881149,-0.116053,0.457813,3.366765,54.219498,31.637987,-0.076879,0.87103,-0.065532,0.48073,0.196295,7.729423,42.413021,-0.022382,0.945232,0.025505,0.324631,-7.074878,1.429658,-11.277328,-0.076879,0.87103,-0.065532,0.48073,12.723261,1.100816,36.027267
255,2.125,-0.002823,0.873764,0.005063,0.486315,-3.163454,90.449326,15.562506,-0.01559,0.880874,0.068535,0.468103,-3.240319,98.246033,15.610086,-0.030921,0.883301,0.063267,0.463487,-4.617019,113.122093,17.204901,0.061023,0.935352,-0.047089,0.345218,-6.720469,131.50769,18.748131,0.083837,0.967811,-0.114308,0.207961,-3.34156,145.823578,16.630747,0.001165,0.848695,0.131658,0.512232,-8.698844,125.589821,15.436681,0.355198,-0.581671,0.081893,-0.727177,-17.304161,128.067963,-0.301465,0.043109,-0.054359,-0.549408,-0.832669,-9.917464,115.379929,-19.078512,0.141085,-0.022653,-0.527342,-0.837552,-0.810716,136.613678,-22.29517,-0.193335,0.902887,0.134909,0.359466,-4.374705,125.559219,21.694992,0.305722,0.893692,0.131532,-0.300911,7.699582,130.124634,34.393436,-0.040272,0.267571,0.427146,-0.862746,22.762922,118.986717,19.656763,0.058859,0.127954,0.35249,-0.925157,11.701755,136.044449,10.048867,0.044056,0.870427,0.074504,0.484628,-8.174408,90.449242,7.481172,0.079685,0.9227,-0.02223,0.376537,-8.340875,53.871655,1.079202,-0.022167,0.945208,0.025713,0.3247,-16.174662,6.698701,0.171115,-0.067302,0.88649,-0.087244,0.449438,1.847499,90.449409,23.643839,-0.022744,0.881167,-0.11608,0.457769,3.366412,54.217125,31.634279,-0.076856,0.871035,-0.065436,0.480738,0.20052,7.727921,42.414406,-0.022167,0.945208,0.025713,0.3247,-7.073687,1.43084,-11.27716,-0.076856,0.871035,-0.065436,0.480738,12.727801,1.101191,36.027328
256,2.133333,-0.002829,0.873746,0.005255,0.486347,-3.162786,90.450195,15.558028,-0.01567,0.880939,0.068752,0.467946,-3.241195,98.246872,15.608173,-0.030852,0.883414,0.063297,0.463273,-4.622175,113.11544,17.207119,0.061635,0.935303,-0.047229,0.345223,-6.723486,131.501038,18.753025,0.083054,0.967851,-0.114511,0.207975,-3.326536,145.813034,16.638145,0.001339,0.848964,0.131532,0.511819,-8.703941,125.583626,15.442024,0.355705,-0.581612,0.081762,-0.726991,-17.324566,128.06279,-0.287586,0.043023,-0.053902,-0.54969,-0.832517,-9.93357,115.366974,-19.057678,0.140245,-0.021942,-0.527588,-0.837557,-0.838295,136.61058,-22.254808,-0.193126,0.902898,0.134755,0.35961,-4.376712,125.552155,21.698198,0.306008,0.893598,0.131644,-0.300851,7.696764,130.112106,34.39938,-0.039913,0.267604,0.427444,-0.862605,22.753487,118.964615,19.663183,0.059216,0.127798,0.353069,-0.924934,11.70433,136.027206,10.049184,0.044003,0.870605,0.074461,0.48432,-8.173158,90.45179,7.476331,0.07958,0.922753,-0.022283,0.376428,-8.339952,53.873383,1.07905,-0.020422,0.945411,0.026495,0.324158,-16.166553,6.699052,0.18041,-0.067401,0.886475,-0.087152,0.44947,1.847586,90.448608,23.639725,-0.022583,0.880998,-0.116145,0.458087,3.375785,54.216106,31.627417,-0.076678,0.870903,-0.065394,0.481011,0.189594,7.727647,42.404766,-0.020422,0.945411,0.026495,0.324158,-7.094856,1.435548,-11.293083,-0.076678,0.870903,-0.065394,0.481011,12.719433,1.099972,36.023682
257,2.141667,-0.00282,0.873895,0.005172,0.486079,-3.169565,90.44558,15.561631,-0.01571,0.881035,0.068838,0.467752,-3.247194,98.242264,15.610743,-0.030787,0.883504,0.0633,0.463105,-4.630073,113.11039,17.211681,0.061703,0.935347,-0.047133,0.345104,-6.729007,131.496124,18.759232,0.082825,0.967874,-0.114754,0.207827,-3.331589,145.808395,16.647053,0.001468,0.849247,0.131421,0.511376,-8.71132,125.579048,15.448735,0.355987,-0.581426,0.081895,-0.726987,-17.348341,128.058044,-0.271906,0.04292,-0.053591,-0.549928,-0.832385,-9.948044,115.352997,-19.032091,0.139518,-0.021257,-0.527653,-0.837654,-0.863837,136.602432,-22.214531,-0.192911,0.90296,0.134701,0.359588,-4.381662,125.546875,21.703226,0.306357,0.893472,0.131762,-0.30082,7.695386,130.101074,34.403084,-0.039543,0.267574,0.427749,-0.86248,22.74284,118.942055,19.666121,0.059533,0.12767,0.353582,-0.924736,11.704336,136.010162,10.047871,0.043903,0.870635,0.074687,0.484241,-8.184893,90.446533,7.483008,0.079523,0.922763,-0.022335,0.376413,-8.337663,53.869987,1.074776,-0.020713,0.945474,0.026484,0.323957,-16.161097,6.695008,0.182953,-0.067397,0.886516,-0.087276,0.449365,1.845763,90.444626,23.640255,-0.022671,0.881289,-0.116087,0.457536,3.370443,54.213696,31.635752,-0.076507,0.871052,-0.065255,0.480788,0.200935,7.724327,42.414101,-0.020713,0.945474,0.026484,0.323957,-7.091145,1.433968,-11.293048,-0.076507,0.871052,-0.065255,0.480788,12.725949,1.096456,36.023754
258,2.15,-0.002768,0.873982,0.005317,0.485922,-3.169356,90.44175,15.552998,-0.015772,0.88112,0.069219,0.467533,-3.247374,98.238419,15.60449,-0.03068,0.883621,0.063365,0.46288,-4.636889,113.105438,17.214977,0.06177,0.935383,-0.047259,0.344977,-6.733035,131.491119,18.76704,0.082592,0.967889,-0.114841,0.207803,-3.33307,145.802277,16.651497,0.001554,0.849506,0.131306,0.510975,-8.717719,125.57486,15.456486,0.356278,-0.581288,0.082063,-0.726936,-17.369555,128.05249,-0.25622,0.042919,-0.053164,-0.550148,-0.832267,-9.962943,115.336075,-19.006208,0.138815,-0.02016,-0.527943,-0.837616,-0.887066,136.593781,-22.172462,-0.192731,0.903015,0.134646,0.359567,-4.384788,125.541069,21.708696,0.306623,0.893342,0.131869,-0.300888,7.695314,130.090576,34.407322,-0.039363,0.267431,0.428145,-0.862336,22.733017,118.924095,19.666094,0.060313,0.127864,0.353438,-0.924713,11.705329,136.003922,10.051489,0.043833,0.87082,0.074695,0.483914,-8.187589,90.444878,7.476183,0.079516,0.922757,-0.022384,0.376425,-8.337933,53.867947,1.070055,-0.020727,0.945451,0.026557,0.324017,-16.162474,6.693068,0.18266,-0.067492,0.88651,-0.087252,0.449368,1.848878,90.438622,23.629812,-0.022502,0.881124,-0.116182,0.457838,3.380572,54.20834,31.626907,-0.076662,0.870899,-0.06522,0.481044,0.188962,7.720327,42.404617,-0.020727,0.945451,0.026557,0.324017,-7.09072,1.434194,-11.292905,-0.076662,0.870899,-0.06522,0.481044,12.719978,1.096509,36.021851
259,2.158333,-0.002781,0.874053,0.005497,0.485791,-3.169114,90.44175,15.549021,-0.01552,0.88119,0.069566,0.467359,-3.248667,98.238388,15.602875,-0.030872,0.883692,0.063318,0.462738,-4.635894,113.102432,17.22612,0.061693,0.935398,-0.047383,0.344935,-6.737274,131.4879,18.773642,0.082432,0.967886,-0.114895,0.207847,-3.338328,145.798676,16.65374,0.001427,0.849718,0.13135,0.510612,-8.721087,125.570107,15.465316,0.356644,-0.581216,0.082161,-0.726803,-17.386395,128.042908,-0.24073,0.043145,-0.052645,-0.550239,-0.832228,-9.976554,115.314697,-18.98144,0.138614,-0.019358,-0.528073,-0.837586,-0.902166,136.576874,-22.133648,-0.192596,0.90307,0.134594,0.359523,-4.386337,125.539398,21.716286,0.307074,0.893181,0.132062,-0.300821,7.696818,130.08577,34.413139,-0.038804,0.267575,0.428421,-0.86218,22.723234,118.904755,19.671391,0.060176,0.127186,0.354062,-0.924577,11.710152,135.985031,10.043221,0.043799,0.870934,0.074724,0.483706,-8.189758,90.446304,7.473702,0.079501,0.922777,-0.022411,0.376378,-8.338375,53.869484,1.066916,-0.020631,0.945441,0.026599,0.324049,-16.162678,6.694508,0.182818,-0.067505,0.886462,-0.087236,0.449464,1.85153,90.437195,23.62434,-0.022536,0.880974,-0.11624,0.45811,3.383767,54.206825,31.620922,-0.076706,0.87089,-0.065196,0.481058,0.189162,7.720268,42.403996,-0.020631,0.945441,0.026599,0.324049,-7.091051,1.43587,-11.292958,-0.076706,0.87089,-0.065196,0.481058,12.72102,1.097748,36.021526
260,2.166667,-0.002845,0.874113,0.005624,0.485681,-3.169729,90.442368,15.551231,-0.015569,0.881283,0.069693,0.467163,-3.251113,98.238983,15.606347,-0.030947,0.883796,0.06343,0.46252,-4.640856,113.100418,17.232334,0.061877,0.935389,-0.048085,0.344827,-6.746223,131.485168,18.782743,0.082321,0.967896,-0.114694,0.207957,-3.335819,145.790588,16.645145,0.001515,0.849927,0.131334,0.510267,-8.7301,125.567223,15.474767,0.357042,-0.581038,0.082533,-0.726708,-17.408121,128.040817,-0.22413,0.0434,-0.052296,-0.550377,-0.832146,-9.991344,115.292107,-18.948151,0.138625,-0.018884,-0.527731,-0.83781,-0.922585,136.5569,-22.093317,-0.192344,0.903174,0.134584,0.3594,-4.392347,125.536987,21.723652,0.307184,0.893114,0.132146,-0.30087,7.697504,130.076569,34.416557,-0.038427,0.267452,0.428594,-0.862149,22.719305,118.893394,19.671747,0.060687,0.12689,0.354422,-0.924446,11.70954,135.975616,10.041436,0.043779,0.87105,0.074864,0.483478,-8.192397,90.447021,7.477173,0.079577,0.922746,-0.022446,0.376435,-8.336365,53.87162,1.062151,-0.021153,0.945289,0.026274,0.324486,-16.168556,6.697944,0.177971,-0.067428,0.8864,-0.086984,0.449646,1.852939,90.437721,23.62529,-0.022638,0.880761,-0.116398,0.458476,3.386992,54.203327,31.603258,-0.076785,0.870841,-0.065109,0.481146,0.189487,7.720718,42.4025,-0.021153,0.945289,0.026274,0.324486,-7.081828,1.43558,-11.284144,-0.076785,0.870841,-0.065109,0.481146,12.724063,1.10173,36.021702
261,2.175,-0.002887,0.874194,0.005811,0.485533,-3.168911,90.442398,15.547803,-0.015654,0.881405,0.069965,0.46689,-3.252273,98.238968,15.605165,-0.030918,0.88395,0.06353,0.462213,-4.647411,113.097618,17.237381,0.06192,0.935465,-0.048135,0.344607,-6.753024,131.481964,18.792282,0.082252,0.967922,-0.114744,0.207834,-3.341816,145.78688,16.652668,0.001546,0.850162,0.131235,0.509902,-8.738772,125.564407,15.484709,0.3574,-0.580845,0.08287,-0.726648,-17.430302,128.0354,-0.207117,0.043799,-0.051938,-0.550343,-0.83217,-10.005486,115.2686,-18.915613,0.138569,-0.018248,-0.527794,-0.837794,-0.933137,136.532639,-22.057182,-0.192232,0.903241,0.134595,0.359286,-4.396675,125.53347,21.730572,0.307351,0.893038,0.132216,-0.300896,7.697718,130.070251,34.420143,-0.037945,0.267301,0.42883,-0.862099,22.7139,118.882248,19.673273,0.061396,0.126527,0.354818,-0.924297,11.709777,135.96637,10.040674,0.043766,0.871203,0.074906,0.483196,-8.194302,90.448051,7.475442,0.079562,0.922856,-0.02249,0.376167,-8.337991,53.873039,1.058213,-0.021726,0.945332,0.026004,0.324345,-16.170605,6.699309,0.180687,-0.067418,0.886349,-0.086993,0.449747,1.856481,90.436737,23.620165,-0.022668,0.880612,-0.11644,0.458749,3.388697,54.202366,31.5986,-0.076947,0.870799,-0.065132,0.481192,0.188553,7.720816,42.401627,-0.021726,0.945332,0.026004,0.324345,-7.081979,1.43503,-11.279043,-0.076947,0.870799,-0.065132,0.481192,12.725589,1.104015,36.023396
262,2.183333,-0.002908,0.874266,0.005999,0.485402,-3.167656,90.441933,15.544375,-0.015678,0.881487,0.070206,0.466697,-3.252709,98.238464,15.604146,-0.030883,0.884051,0.063627,0.462009,-4.651319,113.09404,17.242443,0.061483,0.935512,-0.048382,0.344525,-6.757072,131.478027,18.801605,0.082368,0.967865,-0.114711,0.208075,-3.355641,145.783539,16.650414,0.00165,0.850531,0.130982,0.50935,-8.744078,125.560966,15.493898,0.357843,-0.580553,0.083177,-0.726628,-17.45595,128.027924,-0.187284,0.044324,-0.051717,-0.550339,-0.832159,-10.017382,115.243271,-18.87813,0.1387,-0.017776,-0.527348,-0.838064,-0.94486,136.503479,-22.024185,-0.192179,0.903307,0.134566,0.35916,-4.39908,125.529099,21.737741,0.307457,0.892963,0.13216,-0.301034,7.699323,130.065613,34.423588,-0.037648,0.267135,0.428908,-0.862125,22.708426,118.874268,19.672049,0.061858,0.126441,0.354843,-0.924269,11.702724,135.959015,10.039465,0.043726,0.871305,0.074967,0.483007,-8.195473,90.448952,7.473526,0.079558,0.922886,-0.022483,0.376094,-8.335794,53.874352,1.053887,-0.022312,0.945351,0.02596,0.324252,-16.167952,6.70054,0.176535,-0.067421,0.886266,-0.086986,0.449913,1.86016,90.434906,23.615227,-0.022685,0.88053,-0.116489,0.458892,3.391304,54.200466,31.593536,-0.076922,0.870784,-0.065064,0.481233,0.188626,7.720095,42.400871,-0.022312,0.945351,0.02596,0.324252,-7.075418,1.440758,-11.282159,-0.076922,0.870784,-0.065064,0.481233,12.726357,1.104592,36.022671
263,2.191667,-0.002863,0.874346,0.006093,0.485256,-3.169628,90.439827,15.540308,-0.015552,0.881578,0.070528,0.466481,-3.254775,98.236343,15.601715,-0.030888,0.884157,0.063709,0.461793,-4.653995,113.089226,17.250437,0.061203,0.935578,-0.04848,0.344381,-6.760942,131.472809,18.812717,0.08243,0.967846,-0.114766,0.208106,-3.366725,145.779083,16.655293,0.001764,0.850969,0.130604,0.508715,-8.748921,125.555908,15.505295,0.358371,-0.580338,0.083342,-0.726521,-17.484205,128.016403,-0.163879,0.045003,-0.051527,-0.550196,-0.832228,-10.035069,115.215561,-18.83943,0.138818,-0.017252,-0.526953,-0.838303,-0.954366,136.470703,-21.99539,-0.192225,0.90338,0.134645,0.358921,-4.400898,125.523796,21.747032,0.307652,0.892851,0.132195,-0.30115,7.703072,130.062454,34.426796,-0.037252,0.266983,0.429073,-0.862107,22.703136,118.865677,19.670193,0.062268,0.126057,0.35488,-0.924279,11.699904,135.951813,10.036144,0.04366,0.871413,0.075038,0.482807,-8.20015,90.448448,7.471142,0.079572,0.922987,-0.022541,0.37584,-8.335112,53.874207,1.049313,-0.021255,0.945303,0.026223,0.324443,-16.170757,6.700855,0.178734,-0.06745,0.88629,-0.086996,0.449858,1.860892,90.431206,23.609474,-0.02268,0.880562,-0.116553,0.458814,3.394085,54.197182,31.589302,-0.076845,0.87082,-0.064933,0.481198,0.189155,7.718217,42.402016,-0.021255,0.945303,0.026223,0.324443,-7.084134,1.438065,-11.283266,-0.076845,0.87082,-0.064933,0.481198,12.726089,1.104411,36.020477
264,2.2,-0.002755,0.874421,0.006208,0.48512,-3.17252,90.439484,15.538083,-0.015568,0.881667,0.07074,0.466279,-3.257055,98.235992,15.601889,-0.030926,0.884259,0.063831,0.461579,-4.659156,113.086723,17.256124,0.061087,0.935558,-0.048841,0.344404,-6.769059,131.469635,18.822239,0.082338,0.967777,-0.114725,0.208486,-3.374384,145.774155,16.653952,0.001873,0.851267,0.13037,0.508276,-8.757422,125.552841,15.514853,0.358911,-0.580124,0.083737,-0.72638,-17.508841,128.010345,-0.145778,0.04564,-0.051429,-0.550077,-0.832279,-10.050989,115.185097,-18.801088,0.138997,-0.016926,-0.526455,-0.838593,-0.964048,136.434708,-21.969336,-0.192137,0.903467,0.134735,0.358715,-4.406422,125.520645,21.754513,0.307661,0.892816,0.13194,-0.301358,7.704134,130.056854,34.428864,-0.037115,0.266893,0.429135,-0.86211,22.697969,118.857872,19.667603,0.06267,0.125739,0.354589,-0.924407,11.694344,135.945694,10.033933,0.04362,0.871494,0.075103,0.482655,-8.205556,90.450935,7.470493,0.079584,0.922918,-0.022607,0.376002,-8.336676,53.877174,1.045909,-0.022933,0.945288,0.025259,0.32445,-16.175621,6.704307,0.179328,-0.067428,0.886336,-0.087042,0.449763,1.860517,90.42804,23.605673,-0.02279,0.880674,-0.116614,0.458579,3.391567,54.194389,31.587624,-0.076684,0.870938,-0.064856,0.481019,0.196091,7.717255,42.410965,-0.022933,0.945288,0.025259,0.32445,-7.073848,1.431356,-11.265962,-0.076684,0.870938,-0.064856,0.481019,12.72873,1.10212,36.022385
265,2.208333,-0.002751,0.874516,0.006322,0.484948,-3.173381,90.439384,15.53554,-0.015624,0.881817,0.070969,0.465959,-3.258702,98.235878,15.600946,-0.030898,0.884443,0.063926,0.461215,-4.665101,113.087807,17.261185,0.061061,0.935599,-0.048965,0.34428,-6.775016,131.470337,18.831743,0.082285,0.967738,-0.114766,0.208665,-3.380319,145.774216,16.659201,0.001964,0.851528,0.130077,0.507913,-8.765681,125.553894,15.525124,0.359319,-0.580005,0.084209,-0.726218,-17.530451,128.007095,-0.128713,0.046234,-0.051334,-0.549839,-0.832408,-10.069795,115.156891,-18.765718,0.139331,-0.016836,-0.526041,-0.838799,-0.97052,136.398636,-21.945236,-0.192002,0.903533,0.134798,0.3586,-4.409546,125.521088,21.761196,0.307593,0.89279,0.131919,-0.301512,7.705887,130.053085,34.432392,-0.036876,0.266725,0.429111,-0.862184,22.697275,118.858025,19.665667,0.062909,0.125198,0.354552,-0.924479,11.688902,135.942993,10.033095,0.043606,0.871626,0.075223,0.482398,-8.209584,90.451935,7.469927,0.079569,0.92304,-0.022626,0.375705,-8.33737,53.879417,1.038197,-0.02139,0.945265,0.026036,0.32456,-16.175943,6.70639,0.17638,-0.067417,0.886261,-0.08702,0.449916,1.862823,90.426834,23.601152,-0.022823,0.880655,-0.116689,0.458596,3.392528,54.192795,31.58157,-0.07687,0.870961,-0.064924,0.48094,0.196325,7.717475,42.412525,-0.02139,0.945265,0.026036,0.32456,-7.085663,1.439796,-11.280972,-0.07687,0.870961,-0.064924,0.48094,12.72949,1.103458,36.023811
266,2.216667,-0.002738,0.874582,0.006479,0.484827,-3.1734,90.441772,15.533251,-0.015532,0.881901,0.071136,0.465779,-3.259727,98.238235,15.600915,-0.030951,0.884531,0.064038,0.461028,-4.66552,113.087845,17.266958,0.060849,0.935631,-0.048947,0.344234,-6.778762,131.469711,18.840708,0.082314,0.967697,-0.114798,0.208825,-3.390186,145.774765,16.666243,0.001953,0.851784,0.129953,0.507517,-8.76951,125.553261,15.53416,0.359643,-0.579933,0.084787,-0.726048,-17.548864,128.002014,-0.112203,0.04672,-0.051423,-0.549552,-0.832566,-10.088881,115.124771,-18.730816,0.139593,-0.016965,-0.525463,-0.839115,-0.97471,136.359329,-21.926201,-0.192047,0.90358,0.134897,0.358418,-4.410799,125.520615,21.768435,0.30756,0.892761,0.131881,-0.301649,7.708736,130.054016,34.435207,-0.03666,0.266492,0.429091,-0.862276,22.69714,118.861099,19.663841,0.063273,0.124891,0.354367,-0.924566,11.681589,135.945313,10.034357,0.043672,0.87171,0.075257,0.482235,-8.211838,90.455971,7.469036,0.07952,0.922895,-0.022696,0.376067,-8.343863,53.884262,1.032777,-0.02147,0.945237,0.026001,0.324637,-16.180336,6.710801,0.175845,-0.067416,0.88619,-0.087023,0.450055,1.865038,90.427574,23.597466,-0.022851,0.880574,-0.116734,0.458738,3.393339,54.193562,31.57827,-0.07701,0.870952,-0.064908,0.480935,0.195762,7.719368,42.413631,-0.02147,0.945237,0.026001,0.324637,-7.087451,1.444054,-11.279369,-0.07701,0.870952,-0.064908,0.480935,12.7305,1.107906,36.025364
267,2.225,-0.002881,0.874586,0.006937,0.484812,-3.163995,90.447495,15.524371,-0.015429,0.881951,0.071474,0.465636,-3.255726,98.243843,15.5972,-0.031074,0.884599,0.064157,0.460872,-4.662832,113.087822,17.273315,0.060912,0.935635,-0.048975,0.344207,-6.781878,131.468842,18.849237,0.082151,0.967693,-0.114825,0.208895,-3.391421,145.773392,16.674538,0.001945,0.852085,0.130049,0.506986,-8.771679,125.551964,15.54287,0.360245,-0.579876,0.085115,-0.725757,-17.570528,127.999756,-0.092687,0.047468,-0.051464,-0.549239,-0.832727,-10.110047,115.09668,-18.693192,0.140036,-0.017155,-0.524722,-0.839501,-0.981311,136.318375,-21.9086,-0.192134,0.903591,0.135017,0.358301,-4.410906,125.520309,21.775705,0.307433,0.892759,0.131721,-0.301855,7.710458,130.055649,34.440044,-0.036632,0.266364,0.429045,-0.862339,22.696684,118.86718,19.663084,0.063479,0.124484,0.353926,-0.924776,11.676571,135.94989,10.03742,0.043612,0.871844,0.075203,0.482006,-8.2027,90.463539,7.460324,0.079698,0.922997,-0.022757,0.375775,-8.334488,53.890823,1.029742,-0.021519,0.945174,0.025854,0.32483,-16.188965,6.720331,0.174184,-0.067349,0.886134,-0.087142,0.450152,1.874711,90.431442,23.588417,-0.022846,0.880559,-0.116774,0.458757,3.393727,54.198299,31.574968,-0.07676,0.87094,-0.064794,0.481013,0.193727,7.724977,42.413353,-0.021519,0.945174,0.025854,0.32483,-7.091375,1.450076,-11.275681,-0.07676,0.87094,-0.064794,0.481013,12.727432,1.112464,36.024136
268,2.233333,-0.002686,0.874695,0.007007,0.484615,-3.177809,90.450081,15.520503,-0.015052,0.882019,0.071546,0.465507,-3.267395,98.246437,15.59578,-0.031138,0.884636,0.064242,0.460786,-4.664955,113.086845,17.278872,0.060574,0.93563,-0.049124,0.34426,-6.787377,131.4673,18.856678,0.082243,0.967621,-0.114746,0.209233,-3.404457,145.772552,16.67474,0.001959,0.852289,0.129939,0.506671,-8.776608,125.550316,15.550196,0.360641,-0.579968,0.085565,-0.725434,-17.587027,127.995026,-0.079329,0.048065,-0.051452,-0.548851,-0.83295,-10.13532,115.065193,-18.664772,0.140485,-0.017294,-0.524046,-0.839846,-0.986967,136.27536,-21.894569,-0.192265,0.90365,0.135173,0.358022,-4.414677,125.519028,21.782225,0.307323,0.892763,0.131712,-0.301958,7.71209,130.058395,34.439938,-0.036473,0.266091,0.428969,-0.862468,22.698559,118.875038,19.659355,0.06368,0.123936,0.353745,-0.924905,11.668446,135.955734,10.039076,0.043517,0.871863,0.075271,0.481971,-8.220163,90.469986,7.458747,0.079665,0.922983,-0.022798,0.375815,-8.343586,53.89743,1.027133,-0.021757,0.945158,0.025596,0.324882,-16.196575,6.726604,0.176049,-0.067475,0.886134,-0.087116,0.450139,1.864545,90.430183,23.582258,-0.022886,0.880496,-0.116812,0.458867,3.392824,54.197968,31.571224,-0.076819,0.870937,-0.064793,0.481008,0.193161,7.725689,42.414173,-0.021757,0.945158,0.025596,0.324882,-7.096005,1.451587,-11.269254,-0.076819,0.870937,-0.064793,0.481008,12.727467,1.114115,36.025166
269,2.241667,-0.002678,0.874856,0.006996,0.484325,-3.178614,90.446365,15.522896,-0.014671,0.882121,0.071688,0.465305,-3.267985,98.242722,15.598114,-0.031458,0.884692,0.064209,0.46066,-4.657125,113.083611,17.290659,0.060516,0.935617,-0.049132,0.344304,-6.789278,131.463486,18.862154,0.082136,0.967598,-0.114683,0.209415,-3.407675,145.768951,16.67963,0.001985,0.852589,0.129641,0.506242,-8.776023,125.544182,15.558323,0.360914,-0.579937,0.085974,-0.725274,-17.602161,127.982246,-0.063361,0.048585,-0.051573,-0.548666,-0.833034,-10.152073,115.031883,-18.635151,0.141102,-0.017439,-0.523419,-0.84013,-0.995497,136.233994,-21.882513,-0.192381,0.903633,0.135234,0.35798,-4.412637,125.517593,21.789354,0.307296,0.892727,0.131885,-0.302016,7.713601,130.060059,34.446461,-0.0363,0.265941,0.428934,-0.862539,22.699163,118.881226,19.661549,0.063905,0.123572,0.352913,-0.925256,11.66477,135.958679,10.043381,0.043471,0.871986,0.075495,0.481717,-8.226321,90.466248,7.464493,0.079674,0.923027,-0.02282,0.375701,-8.340612,53.895905,1.020129,-0.021717,0.945161,0.025662,0.324869,-16.19529,6.725311,0.171648,-0.06736,0.8861,-0.087013,0.450243,1.869093,90.426483,23.581299,-0.022962,0.880427,-0.116916,0.458969,3.39234,54.19178,31.559956,-0.076919,0.870945,-0.064755,0.480984,0.193202,7.722142,42.414394,-0.021717,0.945161,0.025662,0.324869,-7.09524,1.451714,-11.274719,-0.076919,0.870945,-0.064755,0.480984,12.728432,1.112932,36.024754
270,2.25,-0.002582,0.874849,0.007196,0.484335,-3.17835,90.448257,15.51325,-0.01476,0.882154,0.071994,0.465191,-3.267921,98.244576,15.591919,-0.0314,0.884764,0.064312,0.460512,-4.663518,113.084518,17.291502,0.060538,0.935611,-0.049184,0.344308,-6.795241,131.464035,18.867744,0.082072,0.967566,-0.114652,0.20961,-3.412522,145.769058,16.684023,0.002068,0.852856,0.129334,0.505871,-8.783078,125.545441,15.563297,0.361374,-0.579848,0.086429,-0.725062,-17.622797,127.978722,-0.051454,0.049277,-0.05166,-0.548371,-0.833182,-10.171545,115.002335,-18.604607,0.141723,-0.017765,-0.522735,-0.840444,-1.001073,136.193069,-21.872429,-0.192536,0.903662,0.135475,0.357732,-4.417566,125.517509,21.792831,0.307077,0.892809,0.131504,-0.302163,7.712947,130.063339,34.44463,-0.036484,0.265815,0.428788,-0.862643,22.700724,118.888092,19.65925,0.063877,0.122879,0.35213,-0.925648,11.656933,135.96492,10.047464,0.043507,0.872008,0.075388,0.48169,-8.225875,90.471581,7.454742,0.079629,0.922951,-0.022838,0.375899,-8.346557,53.900276,1.01598,-0.021602,0.94515,0.025565,0.324918,-16.197819,6.729093,0.169078,-0.06739,0.886142,-0.087099,0.450138,1.869175,90.424934,23.571758,-0.022946,0.880484,-0.116945,0.458853,3.392477,54.19165,31.556828,-0.076912,0.870946,-0.0648,0.480977,0.192116,7.722592,42.413387,-0.021602,0.94515,0.025565,0.324918,-7.098147,1.451707,-11.275846,-0.076912,0.870946,-0.0648,0.480977,12.726938,1.112221,36.024155
271,2.258333,-0.002548,0.875062,0.007214,0.483951,-3.186405,90.446556,15.516353,-0.014375,0.882258,0.072002,0.465005,-3.275623,98.242874,15.595566,-0.031627,0.884805,0.064258,0.460425,-4.660552,113.080872,17.300772,0.060559,0.935573,-0.049235,0.344401,-6.798686,131.460114,18.87155,0.081919,0.96754,-0.114517,0.209862,-3.41454,145.764679,16.687124,0.002112,0.853055,0.129211,0.505567,-8.784904,125.539757,15.569287,0.361576,-0.580157,0.086665,-0.724686,-17.635784,127.970734,-0.039503,0.049737,-0.051566,-0.547904,-0.833468,-10.203546,114.976837,-18.588028,0.142329,-0.018055,-0.522134,-0.84071,-1.009382,136.154251,-21.863335,-0.192678,0.903657,0.13557,0.357632,-4.41839,125.515381,21.798138,0.306911,0.892833,0.131399,-0.302306,7.712729,130.065079,34.447971,-0.036433,0.265585,0.42872,-0.862749,22.701225,118.895889,19.658724,0.064033,0.122574,0.352511,-0.925533,11.648522,135.972336,10.05283,0.043383,0.872144,0.075649,0.481415,-8.241013,90.470543,7.462286,0.079663,0.923098,-0.02284,0.375528,-8.346288,53.901356,1.011215,-0.021439,0.945101,0.025622,0.325065,-16.20093,6.730694,0.166358,-0.067391,0.886106,-0.087015,0.450226,1.868204,90.422562,23.570419,-0.022949,0.880489,-0.117024,0.458822,3.393564,54.188198,31.550194,-0.076801,0.870955,-0.064726,0.480988,0.190379,7.720929,42.413563,-0.021439,0.945101,0.025622,0.325065,-7.099296,1.453347,-11.277028,-0.076801,0.870955,-0.064726,0.480988,12.724474,1.110543,36.022915
272,2.266667,-0.002543,0.875115,0.007334,0.483852,-3.188029,90.447876,15.514016,-0.014246,0.882306,0.072119,0.464901,-3.278069,98.244164,15.594907,-0.031707,0.884845,0.064297,0.460337,-4.660895,113.080528,17.30501,0.060555,0.935538,-0.049348,0.344481,-6.802134,131.459396,18.875919,0.081796,0.967509,-0.114337,0.210149,-3.416677,145.76326,16.688791,0.002128,0.853401,0.128993,0.505038,-8.787873,125.538612,15.574114,0.362002,-0.580004,0.086921,-0.724565,-17.658094,127.963676,-0.024615,0.050531,-0.051479,-0.547807,-0.833489,-10.219518,114.952263,-18.558311,0.143412,-0.018175,-0.521831,-0.840711,-1.020583,136.12352,-21.85013,-0.192681,0.903685,0.135618,0.357541,-4.420193,125.515137,21.802149,0.306729,0.892883,0.131338,-0.30237,7.713245,130.064972,34.449715,-0.036559,0.265469,0.428619,-0.86283,22.705233,118.902328,19.659081,0.063987,0.122208,0.352106,-0.925739,11.645434,135.978348,10.058597,0.043391,0.872258,0.07567,0.481203,-8.244448,90.473038,7.461089,0.079665,0.923195,-0.022829,0.37529,-8.351079,53.904133,1.008439,-0.021429,0.945086,0.025599,0.325112,-16.205696,6.733453,0.164544,-0.067369,0.886182,-0.087045,0.450073,1.86839,90.422722,23.566944,-0.022974,0.880439,-0.117057,0.458909,3.39273,54.188526,31.547668,-0.076835,0.870975,-0.064755,0.480943,0.189136,7.722106,42.414543,-0.021429,0.945086,0.025599,0.325112,-7.103127,1.455382,-11.277763,-0.076835,0.870975,-0.064755,0.480943,12.722756,1.111438,36.023258
273,2.275,-0.002569,0.875212,0.007509,0.483674,-3.188592,90.447952,15.50773,-0.014095,0.882351,0.072319,0.464789,-3.280295,98.244194,15.590843,-0.031704,0.884876,0.064372,0.460266,-4.661829,113.081108,17.308655,0.061523,0.935423,-0.049078,0.344661,-6.804121,131.459641,18.882219,0.080912,0.967574,-0.114268,0.210231,-3.394297,145.760468,16.713228,0.002093,0.853621,0.128856,0.504702,-8.789964,125.539124,15.579981,0.362383,-0.580057,0.087282,-0.724288,-17.672501,127.959038,-0.012544,0.051098,-0.051568,-0.547599,-0.833586,-10.239887,114.92485,-18.532631,0.144042,-0.018408,-0.521626,-0.840726,-1.030683,136.088943,-21.842133,-0.19279,0.903683,0.135648,0.357477,-4.421296,125.515175,21.807323,0.306572,0.892943,0.131341,-0.302352,7.712284,130.068481,34.453503,-0.036641,0.265398,0.428521,-0.862897,22.709389,118.911613,19.663692,0.064011,0.121997,0.35169,-0.925923,11.643949,135.986176,10.066472,0.043351,0.872313,0.075721,0.481099,-8.248297,90.474258,7.456871,0.079925,0.922849,-0.022923,0.37608,-8.351251,53.905678,1.002342,-0.021456,0.944862,0.025489,0.325769,-16.231298,6.739378,0.150608,-0.067413,0.886225,-0.08713,0.449966,1.871112,90.421638,23.558592,-0.022907,0.880423,-0.11713,0.458924,3.396379,54.18898,31.546146,-0.076923,0.870957,-0.06471,0.480968,0.183661,7.723895,42.416084,-0.021456,0.944862,0.025489,0.325769,-7.113011,1.458777,-11.278008,-0.076923,0.870957,-0.06471,0.480968,12.718901,1.115748,36.025356
274,2.283333,-0.002811,0.875212,0.007747,0.48367,-3.176714,90.445389,15.50771,-0.014384,0.882368,0.072436,0.464729,-3.273511,98.241554,15.592244,-0.03172,0.884914,0.064446,0.460183,-4.664547,113.081619,17.309635,0.061611,0.935386,-0.0491,0.34474,-6.808484,131.459747,18.885557,0.08087,0.967541,-0.114082,0.210501,-3.395753,145.759995,16.717279,0.002271,0.853914,0.12864,0.50426,-8.794312,125.539383,15.583052,0.362915,-0.579946,0.087588,-0.724075,-17.692957,127.958801,-0.000361,0.05185,-0.051667,-0.547422,-0.83365,-10.256723,114.902176,-18.50318,0.14472,-0.018605,-0.521346,-0.840779,-1.03979,136.057083,-21.835199,-0.192867,0.903683,0.135725,0.357404,-4.424495,125.515236,21.809587,0.306407,0.893027,0.131447,-0.302224,7.709882,130.070435,34.454323,-0.03669,0.265318,0.428468,-0.862946,22.715504,118.920097,19.668228,0.064187,0.121801,0.35135,-0.926066,11.646175,135.993881,10.074474,0.043497,0.872425,0.075743,0.480881,-8.236461,90.469864,7.45687,0.079941,0.92283,-0.023008,0.376119,-8.349689,53.902466,0.995786,-0.021437,0.944845,0.025612,0.325809,-16.234165,6.736788,0.150707,-0.06728,0.88615,-0.087174,0.450125,1.883031,90.420914,23.558552,-0.022846,0.880482,-0.117193,0.458797,3.396699,54.187508,31.544899,-0.077386,0.870885,-0.06476,0.481017,0.177654,7.723582,42.417885,-0.021437,0.944845,0.025612,0.325809,-7.114731,1.45942,-11.278488,-0.077386,0.870885,-0.06476,0.481017,12.71867,1.12175,36.031975
275,2.291667,-0.00281,0.875246,0.00777,0.483607,-3.178796,90.447197,15.507168,-0.014316,0.882384,0.072609,0.464674,-3.275743,98.243355,15.592032,-0.031944,0.884919,0.064423,0.46016,-4.667284,113.082527,17.314985,0.061664,0.935282,-0.0493,0.344986,-6.818144,131.460236,18.886335,0.080792,0.967457,-0.11383,0.211052,-3.401074,145.758896,16.714399,0.002374,0.854076,0.128429,0.504039,-8.801785,125.5383,15.585346,0.363207,-0.579903,0.087995,-0.723913,-17.708471,127.956047,0.006275,0.052378,-0.051634,-0.547231,-0.833744,-10.273246,114.878738,-18.48233,0.145421,-0.018904,-0.521299,-0.84068,-1.046694,136.026749,-21.826176,-0.192823,0.903732,0.135777,0.357286,-4.431862,125.517357,21.811817,0.306229,0.89313,0.131317,-0.302155,7.706198,130.07135,34.453442,-0.036771,0.265263,0.428367,-0.86301,22.718979,118.924736,19.671822,0.064152,0.121483,0.351537,-0.926039,11.643724,135.997757,10.08022,0.04352,0.872755,0.075537,0.480312,-8.239707,90.471886,7.457062,0.07986,0.922887,-0.0228,0.376009,-8.366027,53.902328,1.008479,-0.021497,0.94484,0.025666,0.325816,-16.236015,6.734493,0.148904,-0.06726,0.886215,-0.087152,0.450005,1.882115,90.422501,23.557272,-0.022841,0.880514,-0.117228,0.458728,3.396322,54.188591,31.541262,-0.077259,0.870891,-0.064802,0.48102,0.176209,7.725411,42.417122,-0.021497,0.94484,0.025666,0.325816,-7.115602,1.459194,-11.28046,-0.077259,0.870891,-0.064802,0.48102,12.715633,1.120604,36.03117
276,2.3,-0.002828,0.875307,0.007902,0.483495,-3.178478,90.444077,15.503592,-0.014355,0.882439,0.072711,0.464552,-3.276663,98.240211,15.590133,-0.032004,0.884977,0.064447,0.460041,-4.670634,113.081238,17.315697,0.061573,0.935246,-0.049241,0.345108,-6.823644,131.458694,18.887106,0.080851,0.967375,-0.113702,0.211473,-3.409141,145.758148,16.716425,0.002448,0.854332,0.128045,0.503701,-8.807312,125.536392,15.586789,0.363106,-0.579772,0.088575,-0.723998,-17.726305,127.947891,0.013791,0.052637,-0.05176,-0.547138,-0.833781,-10.28876,114.85524,-18.463024,0.146117,-0.01912,-0.521017,-0.840729,-1.058841,135.997971,-21.818008,-0.19285,0.903715,0.135822,0.357296,-4.43578,125.51622,21.812132,0.306086,0.893223,0.131173,-0.30209,7.701623,130.070358,34.454334,-0.036891,0.265352,0.428336,-0.862992,22.720465,118.92601,19.677155,0.064197,0.121281,0.351422,-0.926106,11.64539,136.000229,10.083937,0.043493,0.872876,0.075585,0.480087,-8.241447,90.469658,7.454783,0.079853,0.923195,-0.022751,0.375257,-8.365965,53.900463,1.004077,-0.021578,0.944861,0.025655,0.325752,-16.234306,6.7323,0.146864,-0.067178,0.886225,-0.087198,0.449987,1.884492,90.418495,23.552401,-0.022906,0.880545,-0.117261,0.458656,3.391919,54.184372,31.536705,-0.077246,0.870932,-0.064758,0.480954,0.176669,7.722208,42.418358,-0.021578,0.944861,0.025655,0.325752,-7.114609,1.457463,-11.283288,-0.077246,0.870932,-0.064758,0.480954,12.715104,1.118001,36.029835
277,2.308333,-0.002757,0.875364,0.007876,0.483393,-3.182303,90.441818,15.501531,-0.014354,0.882481,0.072881,0.464446,-3.279313,98.237961,15.588264,-0.032069,0.885027,0.064384,0.45995,-4.675478,113.079132,17.318562,0.061513,0.935203,-0.049183,0.345242,-6.829406,131.456726,18.88702,0.08092,0.967298,-0.113558,0.211876,-3.41658,145.756836,16.717976,0.002489,0.854567,0.127828,0.503359,-8.813318,125.533691,15.588172,0.363251,-0.579701,0.088889,-0.723943,-17.744814,127.940895,0.021675,0.053037,-0.051701,-0.547006,-0.833846,-10.306012,114.834854,-18.445139,0.146766,-0.019347,-0.521004,-0.840619,-1.069147,135.973068,-21.807817,-0.192897,0.903712,0.135823,0.357277,-4.440583,125.514961,21.812674,0.306058,0.893276,0.13125,-0.301928,7.696655,130.070694,34.454464,-0.036905,0.265491,0.428295,-0.862969,22.720974,118.926872,19.682457,0.064034,0.121266,0.351537,-0.926076,11.647229,136.000107,10.083936,0.043419,0.872976,0.07567,0.479897,-8.247153,90.468323,7.453907,0.079844,0.923104,-0.022831,0.375478,-8.365261,53.899605,1.000392,-0.02191,0.944877,0.025486,0.325695,-16.235447,6.731653,0.148682,-0.067205,0.886243,-0.087172,0.449953,1.882546,90.415314,23.549154,-0.02291,0.880609,-0.11731,0.458521,3.392918,54.181118,31.532568,-0.077303,0.870986,-0.06483,0.480837,0.177532,7.720074,42.418938,-0.02191,0.944877,0.025486,0.325695,-7.114067,1.455403,-11.279473,-0.077303,0.870986,-0.06483,0.480837,12.714395,1.114711,36.028526
278,2.316667,-0.002791,0.87541,0.00794,0.483308,-3.180426,90.442833,15.499713,-0.014425,0.882505,0.073085,0.464366,-3.278373,98.23896,15.587075,-0.032146,0.885058,0.064345,0.45989,-4.678964,113.07769,17.321697,0.061194,0.935223,-0.048617,0.345326,-6.834642,131.455292,18.887695,0.081276,0.967191,-0.113808,0.212091,-3.435712,145.76059,16.731121,0.003268,0.855674,0.126497,0.501806,-8.818336,125.531555,15.589971,0.364159,-0.57898,0.088443,-0.724119,-17.806177,127.931633,0.054836,0.054381,-0.051792,-0.546857,-0.833851,-10.323738,114.827682,-18.395823,0.147356,-0.019359,-0.521007,-0.840514,-1.082412,135.950729,-21.794971,-0.193101,0.903683,0.135868,0.357223,-4.444828,125.514198,21.813934,0.306029,0.893355,0.131145,-0.30177,7.690956,130.076096,34.454895,-0.036851,0.26559,0.428302,-0.862938,22.720695,118.929863,19.69022,0.064198,0.121107,0.351626,-0.926051,11.649475,136.002426,10.087129,0.043414,0.873031,0.075698,0.479794,-8.246829,90.469353,7.453068,0.079884,0.923182,-0.022777,0.37528,-8.364363,53.900917,0.997964,-0.021671,0.944853,0.025519,0.325781,-16.236357,6.733349,0.141713,-0.067049,0.886509,-0.087327,0.449423,1.885978,90.416321,23.546358,-0.022952,0.880764,-0.117243,0.458238,3.385626,54.182579,31.53385,-0.077504,0.87098,-0.065039,0.480787,0.180232,7.720223,42.417557,-0.021671,0.944853,0.025519,0.325781,-7.115392,1.455687,-11.286124,-0.077504,0.87098,-0.065039,0.480787,12.717567,1.113047,36.029949
279,2.325,-0.002913,0.875445,0.007956,0.483244,-3.180009,90.444466,15.501451,-0.014434,0.882535,0.073103,0.464306,-3.279728,98.24057,15.588119,-0.03226,0.885078,0.064392,0.459838,-4.6806,113.078117,17.32308,0.061059,0.935145,-0.048614,0.345561,-6.840724,131.455231,18.888803,0.081337,0.967072,-0.113664,0.212691,-3.444576,145.761169,16.732107,0.002613,0.854952,0.127406,0.50281,-8.82326,125.530899,15.591431,0.363604,-0.579733,0.08937,-0.723682,-17.774715,127.931747,0.035422,0.053785,-0.051293,-0.54682,-0.833945,-10.341768,114.79995,-18.415442,0.147914,-0.019249,-0.521161,-0.840323,-1.094086,135.931366,-21.780895,-0.192979,0.903697,0.135808,0.357277,-4.449136,125.514809,21.814964,0.305933,0.893374,0.131472,-0.301666,7.686958,130.073334,34.456844,-0.036834,0.26523,0.428588,-0.862907,22.722441,118.934944,19.692101,0.065383,0.121572,0.351627,-0.925907,11.651518,136.020569,10.101677,0.043467,0.873037,0.075742,0.479772,-8.247574,90.469086,7.455534,0.079832,0.923264,-0.0228,0.375087,-8.36711,53.901482,0.99574,-0.02146,0.944874,0.025609,0.325726,-16.235531,6.733218,0.145045,-0.066994,0.886619,-0.087263,0.449226,1.887556,90.419838,23.547369,-0.022935,0.880718,-0.117313,0.458309,3.387601,54.184723,31.528521,-0.077538,0.870956,-0.065102,0.480818,0.176821,7.723868,42.417042,-0.02146,0.944874,0.025609,0.325726,-7.117862,1.455936,-11.285593,-0.077538,0.870956,-0.065102,0.480818,12.714725,1.115882,36.031387
280,2.333333,-0.002894,0.875489,0.008051,0.483162,-3.181177,90.443977,15.49975,-0.014423,0.88257,0.073044,0.464249,-3.281351,98.240074,15.587871,-0.03235,0.885092,0.064542,0.459782,-4.680923,113.077164,17.321426,0.060975,0.935092,-0.048474,0.345739,-6.846453,131.453339,18.890648,0.081436,0.96697,-0.113613,0.213143,-3.45329,145.760559,16.737762,0.003374,0.856032,0.126115,0.501291,-8.827552,125.528992,15.592443,0.364704,-0.57912,0.088661,-0.723706,-17.834063,127.923119,0.067209,0.055259,-0.051045,-0.546661,-0.833968,-10.361223,114.795914,-18.370796,0.148512,-0.018961,-0.52128,-0.84015,-1.105994,135.914902,-21.763226,-0.193241,0.903632,0.135805,0.357301,-4.452741,125.513123,21.815493,0.305965,0.893427,0.131413,-0.301502,7.679075,130.079666,34.458584,-0.036712,0.265314,0.428707,-0.862827,22.718369,118.937286,19.700733,0.065693,0.1214,0.351966,-0.925779,11.654064,136.024673,10.105874,0.043389,0.873181,0.075784,0.479509,-8.250253,90.46978,7.45479,0.079863,0.923221,-0.022912,0.375179,-8.365193,53.902142,0.995082,-0.021275,0.944871,0.025722,0.325736,-16.240198,6.734839,0.152383,-0.067004,0.886658,-0.087304,0.449138,1.8879,90.418182,23.54471,-0.022936,0.880721,-0.117339,0.458296,3.387944,54.183693,31.528717,-0.077493,0.870985,-0.065055,0.480778,0.176296,7.723415,42.419472,-0.021275,0.944871,0.025722,0.325736,-7.123915,1.458868,-11.279962,-0.077493,0.870985,-0.065055,0.480778,12.713286,1.115686,36.031765
281,2.341667,-0.002979,0.875505,0.008114,0.483132,-3.178402,90.443382,15.498879,-0.014472,0.88255,0.073195,0.464262,-3.280212,98.239449,15.587219,-0.032455,0.885068,0.064487,0.459828,-4.683481,113.078918,17.324421,0.061642,0.934977,-0.048174,0.345973,-6.851623,131.455093,18.889925,0.081135,0.96695,-0.113716,0.213294,-3.442369,145.760925,16.753218,0.003338,0.85616,0.125987,0.501105,-8.831541,125.529877,15.592593,0.364764,-0.579181,0.088954,-0.723591,-17.844839,127.919708,0.070639,0.055563,-0.050629,-0.546646,-0.833983,-10.377824,114.780167,-18.360943,0.149074,-0.018424,-0.521503,-0.839924,-1.119912,135.899094,-21.744905,-0.193263,0.90361,0.135804,0.357344,-4.457481,125.515762,21.816175,0.30617,0.893374,0.131873,-0.301251,7.672903,130.082672,34.460503,-0.036459,0.265337,0.428912,-0.862729,22.713427,118.93734,19.706131,0.065834,0.121375,0.352224,-0.925674,11.65804,136.027084,10.107366,0.04342,0.873191,0.075769,0.47949,-8.248022,90.468338,7.454259,0.079851,0.923208,-0.022919,0.375214,-8.365653,53.90073,0.994426,-0.021329,0.944886,0.025724,0.32569,-16.239882,6.733286,0.152394,-0.066933,0.886674,-0.087276,0.449124,1.891219,90.418434,23.543501,-0.022919,0.880687,-0.11742,0.458343,3.387703,54.18288,31.523361,-0.077246,0.87095,-0.064884,0.480904,0.170403,7.724362,42.419933,-0.021329,0.944886,0.025724,0.32569,-7.124116,1.457895,-11.280635,-0.077246,0.87095,-0.064884,0.480904,12.707436,1.117083,36.031841
282,2.35,-0.002909,0.875505,0.008083,0.483133,-3.180104,90.443077,15.496562,-0.01457,0.882564,0.073309,0.464214,-3.280712,98.239151,15.585002,-0.032489,0.885095,0.064551,0.459765,-4.687913,113.076317,17.323689,0.061075,0.934946,-0.048403,0.346126,-6.858122,131.452118,18.890833,0.081524,0.966803,-0.113444,0.213954,-3.46145,145.759232,16.742834,0.002644,0.855389,0.126899,0.502194,-8.837757,125.526894,15.59334,0.363915,-0.579868,0.090048,-0.723333,-17.811615,127.916702,0.048545,0.054762,-0.050005,-0.546719,-0.834026,-10.391908,114.752045,-18.384214,0.149662,-0.018034,-0.521558,-0.839794,-1.132316,135.883972,-21.724686,-0.193465,0.903572,0.135816,0.357327,-4.462842,125.512863,21.816322,0.306277,0.893389,0.131916,-0.30108,7.665153,130.08606,34.460674,-0.03638,0.26553,0.429016,-0.862621,22.707464,118.935501,19.712076,0.065765,0.121371,0.352757,-0.925476,11.660547,136.02681,10.105676,0.043363,0.873205,0.0758,0.479465,-8.249721,90.46891,7.451942,0.079877,0.923183,-0.022932,0.375268,-8.362719,53.901291,0.992134,-0.021273,0.944872,0.025656,0.32574,-16.239634,6.7343,0.149927,-0.066917,0.886799,-0.087316,0.448871,1.889513,90.417236,23.541182,-0.022994,0.880758,-0.117365,0.458216,3.38586,54.18203,31.522652,-0.077307,0.871008,-0.065027,0.480771,0.178912,7.722592,42.418365,-0.021273,0.944872,0.025656,0.32574,-7.123478,1.456498,-11.281676,-0.077307,0.871008,-0.065027,0.480771,12.713819,1.112542,36.028969
283,2.358333,-0.002862,0.875528,0.008,0.483093,-3.182438,90.441017,15.496245,-0.014701,0.882565,0.073394,0.464194,-3.28179,98.237122,15.583907,-0.032474,0.885106,0.064514,0.459752,-4.693684,113.074684,17.323135,0.060885,0.93489,-0.048293,0.346325,-6.862741,131.450699,18.889376,0.08169,0.966688,-0.11337,0.214449,-3.471545,145.759415,16.74337,0.002734,0.855598,0.126581,0.501918,-8.842838,125.525414,15.592262,0.364019,-0.579874,0.090182,-0.723259,-17.826733,127.910995,0.052613,0.055146,-0.0494,-0.546711,-0.834042,-10.408495,114.739059,-18.375546,0.150286,-0.017369,-0.521735,-0.839586,-1.145651,135.871964,-21.702286,-0.193449,0.903552,0.135808,0.35739,-4.467722,125.511444,21.815104,0.30642,0.893351,0.132069,-0.30098,7.658891,130.083755,34.461105,-0.036352,0.265635,0.429197,-0.8625,22.699886,118.929222,19.714176,0.06572,0.121384,0.353074,-0.925357,11.662262,136.02536,10.104685,0.043381,0.872913,0.075967,0.479968,-8.25278,90.466858,7.452082,0.079859,0.922901,-0.023112,0.375956,-8.357226,53.901245,0.980771,-0.021296,0.944883,0.025542,0.325714,-16.238365,6.734765,0.149189,-0.066984,0.886909,-0.087326,0.448642,1.887904,90.415176,23.540407,-0.022906,0.880969,-0.117376,0.457811,3.390426,54.180779,31.524372,-0.077359,0.871026,-0.065184,0.480708,0.18056,7.721219,42.418709,-0.021296,0.944883,0.025542,0.325714,-7.122941,1.454039,-11.281651,-0.077359,0.871026,-0.065184,0.480708,12.714291,1.108155,36.030121
284,2.366667,-0.001157,0.875538,0.006963,0.483097,-3.257563,90.463127,15.49626,-0.013581,0.882625,0.072897,0.464193,-3.325819,98.259583,15.582615,-0.032521,0.88511,0.064527,0.459738,-4.698504,113.071754,17.321054,0.060613,0.934879,-0.048136,0.346425,-6.869318,131.447586,18.886934,0.08207,0.966599,-0.113242,0.214774,-3.486666,145.758636,16.742897,0.002814,0.85573,0.126363,0.501748,-8.84891,125.522041,15.589994,0.363987,-0.579832,0.090437,-0.723277,-17.838982,127.905357,0.053571,0.055305,-0.048876,-0.546743,-0.834041,-10.420651,114.726173,-18.369371,0.150706,-0.016841,-0.521668,-0.839563,-1.157057,135.861282,-21.679863,-0.193422,0.903525,0.135665,0.357528,-4.473655,125.508644,21.81274,0.306474,0.893359,0.132192,-0.300847,7.649755,130.08107,34.461765,-0.036327,0.265785,0.429299,-0.862404,22.692989,118.925072,19.718222,0.06566,0.121399,0.353459,-0.925213,11.662292,136.024078,10.103265,0.042426,0.872774,0.076033,0.480297,-8.327969,90.507835,7.452217,0.079785,0.923223,-0.022666,0.375206,-8.365822,53.936871,1.010504,-0.020832,0.945006,0.0247,0.325454,-16.225235,6.767315,0.148614,-0.067772,0.88685,-0.086775,0.448747,1.812843,90.418419,23.540302,-0.022999,0.880837,-0.117386,0.458059,3.384601,54.184784,31.51441,-0.077308,0.870992,-0.065398,0.480749,0.179083,7.725856,42.412727,-0.020832,0.945006,0.0247,0.325454,-7.123704,1.458741,-11.280398,-0.077308,0.870992,-0.065398,0.480749,12.711862,1.107178,36.02808
285,2.375,-0.001221,0.875529,0.00694,0.483115,-3.256769,90.46299,15.496296,-0.013672,0.882607,0.072907,0.464223,-3.325721,98.259445,15.581858,-0.032616,0.885086,0.064547,0.459775,-4.700929,113.070633,17.319164,0.060517,0.934823,-0.047859,0.346632,-6.875278,131.446136,18.883997,0.082247,0.966501,-0.11323,0.215152,-3.49717,145.759369,16.747505,0.002873,0.855864,0.126208,0.501558,-8.853459,125.520073,15.587134,0.363894,-0.579804,0.090753,-0.723307,-17.850399,127.90155,0.054403,0.055341,-0.048431,-0.546741,-0.834066,-10.433223,114.714394,-18.363298,0.150857,-0.016318,-0.521614,-0.83958,-1.16756,135.851089,-21.657436,-0.193417,0.9035,0.135669,0.357592,-4.478806,125.507759,21.810307,0.306623,0.893339,0.132293,-0.300711,7.643029,130.079468,34.461105,-0.036395,0.265918,0.429506,-0.862257,22.685801,118.917992,19.721235,0.065614,0.121333,0.35341,-0.925243,11.666353,136.023132,10.104527,0.042441,0.87281,0.076096,0.48022,-8.326849,90.506432,7.452042,0.079755,0.923214,-0.022646,0.375237,-8.363997,53.936279,1.00568,-0.021007,0.945,0.02461,0.325466,-16.22003,6.766173,0.142836,-0.067721,0.886882,-0.086776,0.448692,1.813312,90.419548,23.54055,-0.023035,0.88083,-0.117355,0.458078,3.382203,54.185413,31.512924,-0.077377,0.870956,-0.065495,0.48079,0.180846,7.725948,42.410145,-0.021007,0.945,0.02461,0.325466,-7.11662,1.456832,-11.284323,-0.077377,0.870956,-0.065495,0.48079,12.714588,1.106262,36.028439
286,2.383333,-0.00133,0.87551,0.006972,0.483148,-3.253739,90.464439,15.496442,-0.013856,0.882576,0.073018,0.464259,-3.324431,98.26088,15.581606,-0.032738,0.885063,0.064483,0.45982,-4.705978,113.070213,17.319054,0.060683,0.934742,-0.047443,0.346877,-6.883303,131.445724,18.879601,0.082344,0.966413,-0.113274,0.215486,-3.503861,145.760757,16.757313,0.002919,0.855948,0.126124,0.501435,-8.860186,125.518646,15.583794,0.363973,-0.579753,0.090927,-0.723286,-17.86158,127.899467,0.053544,0.055448,-0.047888,-0.546824,-0.834036,-10.443105,114.705109,-18.358473,0.150917,-0.015661,-0.522067,-0.8393,-1.178107,135.8479,-21.634775,-0.193301,0.903488,0.135578,0.357719,-4.486286,125.508354,21.807499,0.306743,0.893307,0.132645,-0.300528,7.633877,130.076736,34.461098,-0.036156,0.265824,0.42975,-0.862175,22.678408,118.914536,19.723576,0.065903,0.120928,0.353763,-0.92514,11.665839,136.025085,10.106995,0.042444,0.872757,0.076072,0.48032,-8.323197,90.506348,7.451787,0.0798,0.923326,-0.022623,0.374952,-8.360648,53.935932,1.006897,-0.02094,0.944995,0.024627,0.325483,-16.220081,6.766418,0.142866,-0.0677,0.886826,-0.086741,0.448812,1.815721,90.422531,23.541096,-0.023051,0.88083,-0.117404,0.458066,3.38335,54.187729,31.510712,-0.077286,0.870984,-0.065529,0.480749,0.181292,7.729411,42.412651,-0.02094,0.944995,0.024627,0.325483,-7.116938,1.456899,-11.284425,-0.077286,0.870984,-0.065529,0.480749,12.713179,1.107368,36.029743
287,2.391667,-0.002906,0.875383,0.007908,0.483357,-3.183471,90.437279,15.491387,-0.015087,0.882459,0.073609,0.464349,-3.28276,98.233398,15.577438,-0.032756,0.885024,0.064582,0.459879,-4.708029,113.068367,17.316542,0.060538,0.934679,-0.047514,0.347063,-6.887725,131.443375,18.879868,0.082485,0.966333,-0.113035,0.215917,-3.510797,145.758636,16.75507,0.002796,0.856103,0.126138,0.501168,-8.863466,125.516602,15.582805,0.36414,-0.579727,0.090831,-0.723235,-17.874598,127.89267,0.057474,0.055602,-0.047317,-0.546879,-0.834022,-10.453844,114.697708,-18.353186,0.15104,-0.015155,-0.521893,-0.839396,-1.189962,135.841492,-21.611006,-0.193714,0.903388,0.135698,0.357703,-4.490404,125.505791,21.807095,0.306944,0.893289,0.132322,-0.300517,7.624382,130.08551,34.461742,-0.036148,0.266001,0.42997,-0.862011,22.663328,118.910278,19.728397,0.065963,0.120689,0.354001,-0.925077,11.664597,136.024658,10.108082,0.043333,0.872989,0.075716,0.479876,-8.248962,90.461594,7.444161,0.079535,0.92339,-0.022918,0.374833,-8.35997,53.892838,0.990746,-0.021317,0.945165,0.025845,0.32487,-16.206745,6.720558,0.16334,-0.066978,0.886829,-0.08717,0.448831,1.882019,90.412971,23.538612,-0.023021,0.880871,-0.11743,0.457981,3.387717,54.176491,31.512541,-0.077304,0.870997,-0.06524,0.480762,0.183062,7.718656,42.415737,-0.021317,0.945165,0.025845,0.32487,-7.110403,1.448093,-11.286498,-0.077304,0.870997,-0.06524,0.480762,12.716751,1.103601,36.029125
288,2.4,-0.002935,0.875339,0.007766,0.483439,-3.184854,90.438065,15.49378,-0.01487,0.882423,0.073533,0.464438,-3.283461,98.234222,15.577662,-0.033083,0.884956,0.064524,0.459996,-4.701398,113.062286,17.316761,0.060442,0.93461,-0.047298,0.347296,-6.891048,131.436768,18.872282,0.082619,0.966274,-0.11281,0.216246,-3.517986,145.75383,16.753511,0.002911,0.856288,0.126123,0.500854,-8.862695,125.507698,15.57689,0.364214,-0.579588,0.090907,-0.723299,-17.885185,127.885651,0.058444,0.055713,-0.04678,-0.546988,-0.833973,-10.457409,114.688148,-18.347569,0.151195,-0.014655,-0.521873,-0.839389,-1.196882,135.835785,-21.587471,-0.193782,0.903334,0.135691,0.357806,-4.491597,125.501564,21.802568,0.307131,0.893207,0.132658,-0.300422,7.619558,130.082733,34.460175,-0.036028,0.265899,0.430136,-0.861965,22.655767,118.904938,19.725964,0.066012,0.120608,0.353861,-0.925137,11.661455,136.022552,10.108482,0.04326,0.872722,0.076037,0.480316,-8.24884,90.460609,7.445601,0.079875,0.922884,-0.023151,0.37599,-8.340305,53.895004,0.974058,-0.021362,0.944929,0.025463,0.325585,-16.22422,6.728947,0.145055,-0.06698,0.886803,-0.08711,0.448893,1.879132,90.415527,23.54196,-0.023041,0.880822,-0.117409,0.45808,3.386391,54.178291,31.512133,-0.07729,0.870974,-0.065305,0.480797,0.183094,7.720074,42.414097,-0.021362,0.944929,0.025463,0.325585,-7.11145,1.446659,-11.287178,-0.07729,0.870974,-0.065305,0.480797,12.716874,1.103409,36.029331
289,2.408333,-0.002848,0.87528,0.007687,0.483547,-3.189626,90.434303,15.491709,-0.014981,0.882431,0.073504,0.464422,-3.286458,98.230484,15.575154,-0.033011,0.884991,0.064597,0.459922,-4.706781,113.057411,17.311848,0.06009,0.934605,-0.047526,0.347339,-6.895179,131.431717,18.87117,0.082856,0.966209,-0.112408,0.216654,-3.529253,145.749023,16.742779,0.002902,0.856403,0.126127,0.500657,-8.867725,125.503372,15.575027,0.364274,-0.579437,0.091017,-0.723376,-17.897379,127.880219,0.060579,0.055939,-0.046226,-0.547095,-0.833919,-10.462228,114.679527,-18.340168,0.151514,-0.01399,-0.52213,-0.839183,-1.204792,135.830826,-21.564449,-0.193748,0.903301,0.135549,0.35796,-4.495523,125.495842,21.799929,0.307234,0.893139,0.132804,-0.300456,7.612115,130.076721,34.461002,-0.035916,0.265877,0.430299,-0.861895,22.644325,118.897858,19.723528,0.066039,0.120365,0.354114,-0.92507,11.654947,136.020386,10.105119,0.043291,0.87271,0.075877,0.480361,-8.251632,90.457581,7.442287,0.079453,0.923397,-0.023013,0.374829,-8.350607,53.890373,0.979944,-0.021539,0.945235,0.025647,0.324668,-16.193653,6.717274,0.163931,-0.067045,0.886891,-0.087103,0.448712,1.872381,90.411018,23.541132,-0.023023,0.880893,-0.117392,0.457949,3.385769,54.174339,31.51269,-0.077372,0.87097,-0.065289,0.480793,0.183336,7.715642,42.412876,-0.021539,0.945235,0.025647,0.324668,-7.100398,1.441438,-11.286809,-0.077372,0.87097,-0.065289,0.480793,12.718066,1.100637,36.028252
290,2.416667,-0.002779,0.875258,0.007608,0.483589,-3.190729,90.433098,15.490973,-0.015086,0.882414,0.073551,0.464443,-3.286045,98.229301,15.573861,-0.033061,0.884982,0.064596,0.459935,-4.709767,113.055168,17.310202,0.059957,0.934586,-0.047523,0.347414,-6.899817,131.429367,18.868607,0.08305,0.966176,-0.112092,0.216892,-3.537259,145.74733,16.739296,0.002899,0.856502,0.126053,0.500507,-8.871722,125.500694,15.572655,0.364293,-0.579181,0.091273,-0.72354,-17.906799,127.875427,0.061041,0.056092,-0.045764,-0.547303,-0.833798,-10.459725,114.669121,-18.330854,0.151857,-0.013439,-0.522296,-0.839027,-1.210781,135.826569,-21.541372,-0.193746,0.903277,0.135522,0.358032,-4.499761,125.493813,21.797728,0.307408,0.893045,0.132845,-0.300538,7.60605,130.074463,34.460629,-0.035814,0.265817,0.430395,-0.86187,22.630817,118.890671,19.719322,0.065952,0.120254,0.354174,-0.925067,11.643888,136.014801,10.101855,0.043235,0.87281,0.075711,0.480209,-8.251972,90.456802,7.441072,0.079344,0.923418,-0.022858,0.37481,-8.354427,53.887356,0.991418,-0.021774,0.945324,0.025647,0.324392,-16.182402,6.711918,0.165748,-0.067068,0.886885,-0.087155,0.448711,1.870514,90.409393,23.540874,-0.023,0.881017,-0.117337,0.457725,3.383624,54.173615,31.516567,-0.077327,0.87097,-0.06536,0.48079,0.184527,7.713574,42.412018,-0.021774,0.945324,0.025647,0.324392,-7.093255,1.438275,-11.28926,-0.077327,0.87097,-0.06536,0.48079,12.718357,1.096208,36.02808
291,2.425,-0.002806,0.875194,0.007509,0.483706,-3.192798,90.433624,15.49211,-0.01521,0.882419,0.07359,0.464424,-3.287738,98.229851,15.57343,-0.033074,0.885016,0.064599,0.459869,-4.714955,113.052414,17.30875,0.059855,0.934582,-0.047536,0.347439,-6.90539,131.426544,18.867186,0.083203,0.966151,-0.11177,0.21711,-3.545362,145.744919,16.736591,0.00291,0.856575,0.125988,0.500397,-8.877584,125.497772,15.571621,0.364462,-0.578983,0.091312,-0.723608,-17.916651,127.871178,0.062133,0.056461,-0.045068,-0.547452,-0.833713,-10.459001,114.662003,-18.323406,0.152317,-0.012625,-0.522651,-0.838735,-1.214777,135.823959,-21.516459,-0.193685,0.90324,0.135363,0.358219,-4.504703,125.491142,21.796045,0.307406,0.892971,0.132931,-0.300724,7.597098,130.070679,34.463173,-0.035737,0.265593,0.430552,-0.861863,22.616604,118.890472,19.713774,0.06643,0.120353,0.35435,-0.924953,11.629365,136.020996,10.102902,0.042963,0.872736,0.075896,0.480339,-8.251884,90.455994,7.440852,0.079584,0.923581,-0.022893,0.374354,-8.3291,53.886879,0.988931,-0.022303,0.945271,0.025159,0.324549,-16.179794,6.715247,0.161603,-0.067081,0.886781,-0.087038,0.448937,1.866289,90.411255,23.543367,-0.023063,0.880936,-0.117342,0.457877,3.382177,54.174088,31.512224,-0.077592,0.870963,-0.06557,0.480732,0.186238,7.71445,42.410297,-0.022303,0.945271,0.025159,0.324549,-7.08272,1.4334,-11.283329,-0.077592,0.870963,-0.06557,0.480732,12.721128,1.096228,36.029327
292,2.433333,-0.002832,0.875149,0.007532,0.483787,-3.192136,90.433556,15.491501,-0.01532,0.882407,0.073575,0.464446,-3.287615,98.229774,15.572929,-0.0331,0.885014,0.064667,0.459862,-4.717472,113.051239,17.306162,0.059712,0.934585,-0.047541,0.347456,-6.909868,131.424988,18.866379,0.083384,0.966139,-0.111444,0.217261,-3.553636,145.744019,16.73427,0.002935,0.856673,0.125917,0.500247,-8.881457,125.496307,15.570268,0.364444,-0.578793,0.09153,-0.723741,-17.925936,127.86853,0.063755,0.056705,-0.044474,-0.547541,-0.83367,-10.459676,114.655067,-18.315207,0.152715,-0.011894,-0.523027,-0.838439,-1.217516,135.820435,-21.491549,-0.193715,0.903223,0.135361,0.358246,-4.508512,125.489555,21.794645,0.307611,0.892879,0.133156,-0.300686,7.592168,130.06987,34.462566,-0.035436,0.265812,0.430367,-0.8619,22.60673,118.885277,19.711466,0.065268,0.11957,0.354587,-0.925047,11.619243,136.003479,10.086958,0.043126,0.872685,0.075771,0.480437,-8.249733,90.455719,7.439306,0.079431,0.923491,-0.02287,0.37461,-8.341256,53.886257,0.989569,-0.022318,0.945277,0.025243,0.324524,-16.177464,6.712198,0.163561,-0.067137,0.886596,-0.086991,0.449303,1.865461,90.411392,23.543695,-0.02308,0.880823,-0.117332,0.458094,3.383322,54.174187,31.511969,-0.077466,0.870926,-0.065488,0.480831,0.186563,7.714409,42.409218,-0.022318,0.945277,0.025243,0.324524,-7.080564,1.432809,-11.282641,-0.077466,0.870926,-0.065488,0.480831,12.721997,1.096425,36.029076
293,2.441667,-0.002913,0.875128,0.0076,0.483823,-3.190962,90.434166,15.491497,-0.015436,0.882401,0.073554,0.464457,-3.288065,98.230362,15.573235,-0.033163,0.88501,0.064699,0.459861,-4.720702,113.051521,17.304266,0.05987,0.934549,-0.04748,0.347533,-6.915722,131.424957,18.864473,0.083439,0.96613,-0.111187,0.217411,-3.555491,145.743607,16.736023,0.002885,0.856698,0.125924,0.500203,-8.886444,125.496002,15.568346,0.364631,-0.578647,0.09165,-0.723749,-17.932543,127.866615,0.06253,0.057075,-0.04375,-0.547686,-0.833587,-10.459284,114.646355,-18.308701,0.153329,-0.011182,-0.523053,-0.83832,-1.221608,135.816223,-21.466551,-0.193305,0.903304,0.13517,0.358334,-4.513543,125.489868,21.792755,0.30741,0.892851,0.133216,-0.300948,7.590601,130.059387,34.461269,-0.035455,0.265587,0.4303,-0.862002,22.60354,118.886292,19.699808,0.065204,0.119124,0.354657,-0.925082,11.60805,136.003815,10.083041,0.043061,0.872407,0.075933,0.480923,-8.247874,90.455605,7.43887,0.079487,0.923346,-0.023081,0.374942,-8.325761,53.887547,0.981005,-0.021589,0.945366,0.0256,0.324286,-16.174103,6.715265,0.168773,-0.067162,0.88648,-0.086965,0.449533,1.865951,90.412727,23.544125,-0.023126,0.880679,-0.117324,0.458372,3.384287,54.175419,31.511885,-0.07743,0.870938,-0.065435,0.480823,0.188283,7.715654,42.409401,-0.021589,0.945366,0.0256,0.324286,-7.089638,1.438501,-11.288513,-0.07743,0.870938,-0.065435,0.480823,12.723438,1.098307,36.028049
294,2.45,-0.002935,0.875076,0.007573,0.483917,-3.190636,90.434563,15.49227,-0.015549,0.882365,0.073606,0.464514,-3.287834,98.230766,15.573465,-0.033222,0.884982,0.064736,0.459905,-4.724243,113.050903,17.304104,0.059674,0.934568,-0.046764,0.347612,-6.921894,131.424026,18.864386,0.083742,0.96608,-0.111296,0.217463,-3.573755,145.748123,16.753725,0.002891,0.856756,0.125828,0.500128,-8.89146,125.494858,15.567938,0.36464,-0.578201,0.092079,-0.724047,-17.940271,127.863586,0.063416,0.057124,-0.043514,-0.548025,-0.833374,-10.446152,114.634727,-18.293118,0.15339,-0.01063,-0.523224,-0.83821,-1.224899,135.812698,-21.443457,-0.193318,0.903331,0.13517,0.358259,-4.519243,125.489197,21.79283,0.307466,0.892784,0.133276,-0.301062,7.586655,130.059677,34.459316,-0.035295,0.265428,0.430314,-0.862051,22.594673,118.886742,19.69273,0.065219,0.118813,0.35463,-0.925131,11.595955,136.00354,10.078506,0.043053,0.872376,0.075935,0.480979,-8.245831,90.455414,7.438565,0.079499,0.923327,-0.023103,0.374985,-8.322711,53.887321,0.980878,-0.02165,0.94537,0.025563,0.324273,-16.172812,6.71531,0.169786,-0.067194,0.886435,-0.086945,0.449621,1.864558,90.413712,23.545977,-0.023147,0.880697,-0.11729,0.458345,3.384869,54.176476,31.513659,-0.076743,0.871004,-0.065191,0.480846,0.192476,7.716042,42.409424,-0.02165,0.94537,0.025563,0.324273,-7.088102,1.438095,-11.287095,-0.076743,0.871004,-0.065191,0.480846,12.721404,1.093552,36.021175
295,2.458333,-0.003048,0.875057,0.007623,0.48395,-3.186556,90.435829,15.492228,-0.015713,0.882356,0.073671,0.464514,-3.28568,98.23201,15.573244,-0.033294,0.884984,0.064714,0.459898,-4.727215,113.050583,17.303175,0.05978,0.934571,-0.046577,0.347612,-6.926866,131.42363,18.861498,0.083885,0.966098,-0.111048,0.217455,-3.577704,145.748398,16.757002,0.002893,0.856784,0.125737,0.500102,-8.895801,125.493896,15.565698,0.364747,-0.578011,0.092256,-0.724121,-17.945549,127.860916,0.061463,0.057116,-0.043116,-0.548225,-0.833263,-10.442534,114.625946,-18.287035,0.153319,-0.010218,-0.523273,-0.838197,-1.229798,135.810226,-21.422104,-0.193296,0.903331,0.135132,0.358287,-4.523551,125.48938,21.790567,0.307543,0.892705,0.133279,-0.301218,7.581933,130.059509,34.457577,-0.035074,0.265246,0.430382,-0.862082,22.583235,118.885529,19.684963,0.06535,0.118384,0.35474,-0.925135,11.582404,136.003281,10.072885,0.043184,0.872317,0.075875,0.481084,-8.241118,90.455261,7.438122,0.079418,0.923236,-0.023132,0.375224,-8.327857,53.887333,0.979643,-0.021165,0.945347,0.025768,0.324356,-16.171671,6.714216,0.172035,-0.067126,0.886378,-0.086962,0.449741,1.868007,90.416405,23.546333,-0.023194,0.880636,-0.117258,0.458468,3.382241,54.178703,31.513086,-0.076754,0.870988,-0.06531,0.480856,0.193689,7.717755,42.407749,-0.021165,0.945347,0.025768,0.324356,-7.089557,1.437945,-11.287339,-0.076754,0.870988,-0.06531,0.480856,12.72232,1.092721,36.021561
296,2.466667,-0.003078,0.874919,0.007502,0.484201,-3.185984,90.433571,15.492654,-0.015832,0.882324,0.07378,0.464555,-3.284633,98.229774,15.571772,-0.033282,0.885002,0.064648,0.459874,-4.730984,113.04847,17.302914,0.059868,0.934601,-0.045916,0.347605,-6.929065,131.42186,18.859381,0.083953,0.966114,-0.11111,0.217325,-3.584052,145.750351,16.773682,0.002858,0.856827,0.125608,0.500062,-8.898665,125.491928,15.564328,0.364916,-0.57784,0.092257,-0.724173,-17.94989,127.855324,0.060402,0.057067,-0.042748,-0.54842,-0.833158,-10.437466,114.618408,-18.282852,0.153036,-0.009843,-0.523271,-0.838255,-1.233394,135.808182,-21.40258,-0.193326,0.903321,0.135084,0.358313,-4.526064,125.487732,21.788954,0.307578,0.892625,0.133107,-0.301494,7.578321,130.05928,34.456509,-0.035093,0.265046,0.430469,-0.8621,22.570684,118.884254,19.675606,0.065776,0.118656,0.354494,-0.925164,11.567162,136.007584,10.070479,0.043096,0.872329,0.075914,0.481064,-8.235924,90.451439,7.435641,0.079501,0.923242,-0.023155,0.37519,-8.315676,53.883392,0.977741,-0.022002,0.945334,0.025335,0.324373,-16.167686,6.711656,0.169408,-0.06712,0.886407,-0.086995,0.449678,1.863956,90.41571,23.549667,-0.023233,0.880705,-0.117155,0.45836,3.377218,54.178368,31.518259,-0.076804,0.870994,-0.065309,0.480838,0.197881,7.715279,42.406487,-0.022002,0.945334,0.025335,0.324373,-7.077524,1.431633,-11.281858,-0.076804,0.870994,-0.065309,0.480838,12.726799,1.090983,36.020092
297,2.475,-0.003061,0.874852,0.007622,0.484321,-3.186276,90.436211,15.487264,-0.015846,0.882296,0.073965,0.464577,-3.285603,98.232391,15.568125,-0.033344,0.885001,0.064593,0.459881,-4.734559,113.046585,17.303455,0.059787,0.934619,-0.045698,0.347599,-6.93377,131.42009,18.857018,0.084167,0.966117,-0.110921,0.217325,-3.593137,145.750351,16.776381,0.002816,0.856873,0.125509,0.500008,-8.902933,125.489532,15.562836,0.365037,-0.577708,0.092329,-0.724208,-17.956099,127.849602,0.059533,0.056908,-0.042653,-0.548397,-0.833189,-10.437046,114.609001,-18.278345,0.152235,-0.009672,-0.523147,-0.83848,-1.231813,135.798416,-21.390223,-0.193414,0.903347,0.135089,0.358198,-4.53049,125.486565,21.787571,0.307821,0.892552,0.13316,-0.301439,7.575656,130.061661,34.45216,-0.034615,0.265222,0.430362,-0.862118,22.56245,118.877792,19.672308,0.064924,0.117329,0.354608,-0.92535,11.560745,135.989166,10.052239,0.043176,0.872201,0.075734,0.481317,-8.234012,90.455482,7.428875,0.079366,0.923262,-0.023156,0.375169,-8.323601,53.885914,0.979727,-0.020095,0.945456,0.026219,0.32407,-16.163799,6.712118,0.176575,-0.067151,0.886293,-0.086983,0.449899,1.861458,90.416946,23.545652,-0.023278,0.880666,-0.117149,0.458434,3.375185,54.179764,31.514883,-0.076589,0.870983,-0.065239,0.480901,0.198931,7.716739,42.404305,-0.020095,0.945456,0.026219,0.32407,-7.098612,1.43778,-11.297084,-0.076589,0.870983,-0.065239,0.480901,12.726748,1.090875,36.01738
298,2.483333,-0.003114,0.874874,0.007498,0.484283,-3.189752,90.434097,15.494202,-0.015988,0.882307,0.073815,0.464575,-3.288868,98.230301,15.572983,-0.033409,0.884998,0.064627,0.459875,-4.739666,113.046631,17.302588,0.059575,0.93464,-0.045589,0.347592,-6.941558,131.419815,18.856161,0.084515,0.966093,-0.110682,0.217417,-3.60778,145.75177,16.776236,0.002762,0.85685,0.125412,0.500073,-8.909859,125.488976,15.561978,0.365238,-0.577512,0.092398,-0.724254,-17.960703,127.845917,0.056845,0.056851,-0.042376,-0.548613,-0.833064,-10.431461,114.600609,-18.273445,0.151677,-0.00904,-0.523371,-0.838448,-1.235916,135.796722,-21.373528,-0.193385,0.903375,0.135042,0.358161,-4.53741,125.486633,21.786711,0.307816,0.892525,0.133191,-0.301512,7.570096,130.061768,34.449982,-0.03439,0.265087,0.430348,-0.862175,22.554953,118.87941,19.667028,0.065107,0.117024,0.354684,-0.925346,11.549051,135.98912,10.046765,0.04304,0.872408,0.075796,0.480944,-8.238182,90.45134,7.436243,0.079389,0.923218,-0.023116,0.375275,-8.319492,53.881611,0.987897,-0.020493,0.945514,0.026148,0.323883,-16.160164,6.707984,0.179511,-0.067194,0.88628,-0.086905,0.449933,1.858678,90.416855,23.552162,-0.023249,0.880556,-0.117157,0.458645,3.377544,54.179089,31.517738,-0.076615,0.870968,-0.065214,0.480928,0.195909,7.716116,42.405777,-0.020493,0.945514,0.026148,0.323883,-7.095436,1.435495,-11.295361,-0.076615,0.870968,-0.065214,0.480928,12.724566,1.091317,36.01939
299,2.491667,-0.003216,0.87478,0.007794,0.484448,-3.186121,90.435387,15.487289,-0.01601,0.882251,0.074041,0.464645,-3.28887,98.231506,15.569326,-0.033544,0.884965,0.064553,0.459941,-4.743551,113.047028,17.304483,0.059503,0.934632,-0.045541,0.347633,-6.948746,131.420227,18.85317,0.084753,0.966091,-0.110394,0.21748,-3.617233,145.752823,16.77401,0.002686,0.856848,0.125392,0.500081,-8.915509,125.488243,15.560111,0.365278,-0.577374,0.092526,-0.724327,-17.96607,127.842499,0.054401,0.056941,-0.042007,-0.548717,-0.833008,-10.430341,114.593742,-18.270741,0.151812,-0.008659,-0.523554,-0.838314,-1.238659,135.793259,-21.35895,-0.193403,0.903405,0.135058,0.358069,-4.544109,125.488159,21.785583,0.307781,0.892525,0.133068,-0.301602,7.565531,130.064346,34.446445,-0.034181,0.26496,0.430255,-0.862269,22.548822,118.882278,19.661661,0.065262,0.116722,0.354713,-0.925363,11.53584,135.988251,10.040602,0.04288,0.872395,0.075702,0.480997,-8.231503,90.453705,7.427422,0.079579,0.923537,-0.023008,0.374456,-8.30547,53.881882,0.99085,-0.02196,0.945375,0.025344,0.324256,-16.159645,6.710675,0.173003,-0.067193,0.886138,-0.086947,0.450205,1.859262,90.417068,23.547157,-0.023351,0.880457,-0.117137,0.458834,3.37422,54.179848,31.515926,-0.076701,0.870975,-0.065211,0.480903,0.199733,7.716885,42.406086,-0.02196,0.945375,0.025344,0.324256,-7.072719,1.43045,-11.280739,-0.076701,0.870975,-0.065211,0.480903,12.728991,1.093452,36.019455
300,2.5,-0.003195,0.874737,0.007825,0.484524,-3.188502,90.436409,15.48851,-0.016094,0.882226,0.074012,0.464694,-3.291217,98.232529,15.571115,-0.033761,0.884929,0.064646,0.459979,-4.747912,113.049026,17.304356,0.058873,0.934641,-0.04636,0.347608,-6.961863,131.421249,18.852251,0.085434,0.966035,-0.109658,0.217837,-3.639511,145.751755,16.744246,0.002634,0.856704,0.125324,0.500345,-8.925457,125.488258,15.55912,0.365531,-0.577244,0.092594,-0.724295,-17.966454,127.840866,0.047584,0.057014,-0.041663,-0.548881,-0.832913,-10.424193,114.585236,-18.269894,0.151627,-0.008234,-0.523735,-0.838238,-1.239759,135.788956,-21.34679,-0.1933,0.90342,0.134888,0.358152,-4.554821,125.490379,21.785126,0.307613,0.892609,0.132857,-0.301618,7.55413,130.065079,34.447186,-0.034101,0.265217,0.43008,-0.862281,22.541895,118.885994,19.664679,0.065422,0.116766,0.354348,-0.925485,11.528808,135.983902,10.032192,0.043017,0.872386,0.075663,0.481006,-8.232477,90.455368,7.427765,0.079471,0.923591,-0.023004,0.374346,-8.316603,53.883987,0.988834,-0.022323,0.945391,0.025261,0.32419,-16.161268,6.71112,0.175435,-0.067257,0.886072,-0.086904,0.450334,1.855472,90.417458,23.549255,-0.023366,0.880361,-0.117129,0.45902,3.374895,54.180325,31.517586,-0.076734,0.870962,-0.06512,0.480933,0.199741,7.717257,42.407124,-0.022323,0.945391,0.025261,0.32419,-7.072272,1.432144,-11.277241,-0.076734,0.870962,-0.06512,0.480933,12.730283,1.096524,36.020218
301,2.508333,-0.003243,0.87478,0.00772,0.484448,-3.192108,90.435158,15.495056,-0.01625,0.882226,0.073926,0.464702,-3.294673,98.2313,15.575862,-0.033776,0.884922,0.064545,0.460008,-4.754387,113.04895,17.304764,0.059306,0.934639,-0.045979,0.34759,-6.967169,131.4216,18.849014,0.085403,0.966102,-0.109573,0.217595,-3.636858,145.752411,16.755737,0.002442,0.856648,0.125437,0.500414,-8.930957,125.488129,15.556884,0.365655,-0.577165,0.092623,-0.724291,-17.969517,127.837112,0.043374,0.057125,-0.041294,-0.548947,-0.83288,-10.423162,114.578476,-18.270239,0.151601,-0.007797,-0.524131,-0.838,-1.239978,135.786301,-21.336027,-0.193379,0.903414,0.13491,0.358115,-4.56073,125.491142,21.783178,0.307627,0.892604,0.132823,-0.301631,7.548062,130.068283,34.444504,-0.033929,0.265263,0.42998,-0.862323,22.53504,118.888237,19.661932,0.065532,0.116841,0.354072,-0.925574,11.518908,135.981522,10.023417,0.042987,0.872393,0.075848,0.480967,-8.237481,90.452324,7.43518,0.079463,0.923571,-0.023083,0.374391,-8.313349,53.882835,0.985405,-0.021072,0.945405,0.025939,0.324179,-16.160143,6.710201,0.178924,-0.067315,0.886027,-0.086741,0.450445,1.853264,90.417992,23.554932,-0.023238,0.880059,-0.117133,0.459604,3.381037,54.179321,31.514698,-0.076706,0.870791,-0.065007,0.481262,0.187651,7.715779,42.396881,-0.021072,0.945405,0.025939,0.324179,-7.082726,1.437684,-11.285904,-0.076706,0.870791,-0.065007,0.481262,12.723676,1.098284,36.01738
302,2.516667,-0.003191,0.874763,0.007677,0.48448,-3.196875,90.434792,15.495803,-0.016247,0.882222,0.07389,0.464716,-3.298403,98.230942,15.576426,-0.033905,0.884911,0.064535,0.460019,-4.757546,113.048676,17.304386,0.058701,0.934679,-0.046098,0.347569,-6.974397,131.421051,18.846073,0.085925,0.966054,-0.109182,0.217799,-3.659454,145.754028,16.743198,0.002414,0.856636,0.125381,0.500448,-8.936738,125.48671,15.554645,0.365739,-0.577024,0.092733,-0.724347,-17.974051,127.833961,0.04015,0.057189,-0.041104,-0.54901,-0.832843,-10.420896,114.571419,-18.267826,0.151529,-0.007569,-0.524345,-0.837881,-1.240371,135.780884,-21.327906,-0.193412,0.903411,0.134884,0.358117,-4.566807,125.491508,21.781143,0.307563,0.892636,0.132686,-0.301663,7.541478,130.070053,34.442444,-0.033734,0.265311,0.429844,-0.862384,22.529415,118.890511,19.660473,0.065672,0.116713,0.353991,-0.925611,11.509284,135.97731,10.015507,0.042885,0.87242,0.075913,0.480917,-8.241669,90.452446,7.435567,0.079494,0.923668,-0.023089,0.374146,-8.308951,53.883045,0.985198,-0.021055,0.945423,0.025936,0.32413,-16.158863,6.710908,0.180235,-0.06732,0.886031,-0.086746,0.450437,1.847919,90.417137,23.556038,-0.023361,0.880181,-0.117124,0.459368,3.375889,54.178596,31.516335,-0.076867,0.870892,-0.065087,0.481044,0.196166,7.715392,42.403961,-0.021055,0.945423,0.025936,0.32413,-7.082828,1.438124,-11.285559,-0.076867,0.870892,-0.065087,0.481044,12.730144,1.097871,36.02047
303,2.525,-0.003188,0.874706,0.007835,0.48458,-3.195878,90.435936,15.490496,-0.016338,0.882196,0.074032,0.464739,-3.298573,98.232048,15.573271,-0.033888,0.884913,0.064491,0.460023,-4.762018,113.047646,17.303503,0.058725,0.934719,-0.045577,0.347525,-6.97759,131.420273,18.844055,0.086048,0.966082,-0.10919,0.217619,-3.66729,145.756393,16.755358,0.002312,0.856648,0.125032,0.500516,-8.940328,125.48587,15.552979,0.365637,-0.576918,0.092826,-0.724471,-17.975197,127.823952,0.035684,0.057072,-0.040947,-0.549145,-0.83277,-10.417037,114.562286,-18.270857,0.151469,-0.007336,-0.524521,-0.837783,-1.2432,135.774857,-21.321962,-0.193539,0.903374,0.13486,0.35815,-4.570433,125.490738,21.779501,0.307529,0.892663,0.132467,-0.301714,7.535216,130.073303,34.44186,-0.033541,0.265387,0.42976,-0.86241,22.522671,118.891998,19.66073,0.065902,0.116641,0.354005,-0.925598,11.500618,135.97464,10.008183,0.042905,0.872368,0.075806,0.481027,-8.238822,90.455093,7.42911,0.079436,0.923695,-0.023107,0.374091,-8.310435,53.884613,0.984916,-0.021589,0.945489,0.02563,0.323926,-16.155975,6.711671,0.184063,-0.067343,0.886014,-0.086763,0.450463,1.847066,90.416771,23.551882,-0.023367,0.880238,-0.117153,0.45925,3.375768,54.178665,31.514036,-0.076773,0.870916,-0.065087,0.481014,0.19672,7.716143,42.404747,-0.021589,0.945489,0.02563,0.323926,-7.080059,1.435609,-11.280314,-0.076773,0.870916,-0.065087,0.481014,12.729155,1.097061,36.019852
304,2.533333,-0.003242,0.874767,0.007712,0.484472,-3.200718,90.433655,15.497273,-0.016392,0.882219,0.073886,0.464718,-3.303203,98.229797,15.577986,-0.03397,0.88491,0.064488,0.460023,-4.766232,113.048241,17.303926,0.058685,0.934727,-0.045593,0.34751,-6.984446,131.420685,18.842964,0.086247,0.966089,-0.10892,0.217647,-3.675121,145.756882,16.753355,0.002162,0.856669,0.124887,0.500517,-8.946291,125.485733,15.552339,0.365771,-0.576805,0.092757,-0.724502,-17.981136,127.816521,0.03393,0.057188,-0.040751,-0.549171,-0.832755,-10.416162,114.555382,-18.270184,0.151462,-0.007235,-0.524677,-0.837688,-1.243136,135.768311,-21.316593,-0.19365,0.903367,0.134851,0.358111,-4.576485,125.49173,21.778923,0.307508,0.892695,0.132336,-0.301698,7.528614,130.078171,34.440403,-0.033385,0.265468,0.429678,-0.862432,22.517139,118.895302,19.661552,0.066098,0.116638,0.353833,-0.925651,11.494242,135.972794,10.00283,0.042866,0.87249,0.075996,0.48078,-8.245651,90.450783,7.437127,0.079454,0.923587,-0.023127,0.374353,-8.309713,53.882183,0.982177,-0.02134,0.945458,0.02582,0.324016,-16.15731,6.709602,0.180241,-0.06733,0.885994,-0.086672,0.450522,1.844215,90.416534,23.557419,-0.023392,0.880198,-0.117156,0.459325,3.374629,54.177139,31.513348,-0.076908,0.870905,-0.065088,0.481013,0.196685,7.714787,42.405113,-0.02134,0.945458,0.02582,0.324016,-7.08131,1.436359,-11.285368,-0.076908,0.870905,-0.065088,0.481013,12.730631,1.09781,36.021004
305,2.541667,-0.003331,0.874752,0.007824,0.484496,-3.198805,90.435532,15.497422,-0.016506,0.882176,0.073876,0.464795,-3.303351,98.231628,15.578987,-0.034039,0.884857,0.064523,0.460115,-4.769372,113.049927,17.302931,0.058541,0.934734,-0.045477,0.347529,-6.990614,131.422012,18.841677,0.086511,0.966086,-0.108742,0.217645,-3.686287,145.759628,16.753805,0.002118,0.856646,0.125268,0.500461,-8.95087,125.486816,15.550558,0.366048,-0.576664,0.092912,-0.724455,-17.987785,127.822891,0.034146,0.057439,-0.040772,-0.549179,-0.832731,-10.416423,114.55146,-18.259867,0.151475,-0.007212,-0.524764,-0.837631,-1.244461,135.762222,-21.313332,-0.19376,0.903349,0.134868,0.35809,-4.582427,125.493385,21.778101,0.307505,0.892723,0.132222,-0.301668,7.521665,130.083191,34.439331,-0.033282,0.265535,0.429603,-0.862453,22.511124,118.898186,19.663038,0.066213,0.116662,0.353662,-0.925705,11.486835,135.972168,9.999307,0.042909,0.872489,0.075988,0.480779,-8.243275,90.452209,7.436983,0.079489,0.923493,-0.023167,0.374574,-8.310441,53.883808,0.980965,-0.021371,0.945426,0.025792,0.324111,-16.162363,6.711942,0.179341,-0.067318,0.885987,-0.086679,0.450536,1.845665,90.418846,23.557861,-0.023396,0.880137,-0.117156,0.459441,3.374902,54.179401,31.513823,-0.076655,0.870894,-0.064936,0.481094,0.19582,7.717052,42.405312,-0.021371,0.945426,0.025792,0.324111,-7.083822,1.438279,-11.284066,-0.076655,0.870894,-0.064936,0.481094,12.728927,1.09985,36.019783
306,2.55,-0.003443,0.874759,0.007915,0.484482,-3.197638,90.43853,15.499536,-0.016612,0.882165,0.073887,0.464811,-3.304405,98.234596,15.581497,-0.034164,0.884836,0.064542,0.460144,-4.773434,113.052956,17.304239,0.058993,0.934706,-0.0454,0.34754,-6.999148,131.424637,18.841394,0.086516,0.966131,-0.10859,0.217517,-3.683262,145.76059,16.760349,0.00202,0.856626,0.125221,0.500507,-8.957721,125.488724,15.550563,0.365809,-0.576584,0.093268,-0.724594,-17.992968,127.821114,0.032622,0.057347,-0.040832,-0.549128,-0.832768,-10.420336,114.544746,-18.257294,0.151465,-0.007176,-0.524853,-0.837577,-1.245552,135.755508,-21.310789,-0.193841,0.903353,0.13491,0.358021,-4.58981,125.496803,21.778477,0.307652,0.892682,0.132555,-0.301492,7.514955,130.089111,34.438164,-0.032946,0.265441,0.429582,-0.862505,22.505177,118.902115,19.664137,0.066353,0.116707,0.353562,-0.925727,11.478103,135.971664,9.997154,0.042949,0.872486,0.076018,0.480775,-8.242367,90.454178,7.439254,0.07951,0.923518,-0.023196,0.374507,-8.311051,53.886368,0.979912,-0.021445,0.945398,0.025795,0.324187,-16.165848,6.714931,0.18072,-0.06731,0.885895,-0.086644,0.450725,1.847092,90.422874,23.559816,-0.023414,0.880034,-0.117153,0.459638,3.375346,54.182911,31.51359,-0.076801,0.870865,-0.064966,0.481119,0.195475,7.720592,42.404961,-0.021445,0.945398,0.025795,0.324187,-7.084682,1.442088,-11.280988,-0.076801,0.870865,-0.064966,0.481119,12.730503,1.105084,36.021442
307,2.558333,-0.003459,0.874755,0.007982,0.484488,-3.201134,90.441551,15.498831,-0.016571,0.882134,0.073962,0.464861,-3.308619,98.237595,15.581582,-0.034241,0.884795,0.06451,0.460221,-4.777506,113.053452,17.306541,0.058976,0.9347,-0.045264,0.347575,-7.005313,131.42511,18.841146,0.086694,0.966132,-0.108455,0.21751,-3.691079,145.761963,16.763792,0.001937,0.856651,0.124678,0.500601,-8.962691,125.488602,15.550643,0.365646,-0.576587,0.093293,-0.72467,-17.994535,127.809013,0.028934,0.057267,-0.040673,-0.549181,-0.832746,-10.422316,114.535858,-18.263458,0.151643,-0.007072,-0.524904,-0.837514,-1.249552,135.74884,-21.308821,-0.193883,0.903342,0.134791,0.358069,-4.595936,125.497841,21.779364,0.307569,0.892731,0.132354,-0.301523,7.506983,130.092728,34.439869,-0.032868,0.265475,0.429551,-0.862513,22.498766,118.905899,19.667315,0.066558,0.11661,0.353866,-0.925608,11.470608,135.97464,9.996746,0.042882,0.872498,0.076045,0.480754,-8.245742,90.457558,7.438477,0.0796,0.923771,-0.023201,0.373862,-8.309268,53.889626,0.979754,-0.021772,0.945369,0.025621,0.324264,-16.172676,6.719586,0.183232,-0.067386,0.885847,-0.086655,0.450805,1.843473,90.425537,23.559183,-0.02346,0.87998,-0.117133,0.459744,3.37558,54.186485,31.516356,-0.075951,0.870921,-0.064229,0.481251,0.199148,7.72393,42.407715,-0.021772,0.945369,0.025621,0.324264,-7.086703,1.445179,-11.27394,-0.075951,0.870921,-0.064229,0.481251,12.730223,1.112466,36.012264
308,2.566667,-0.003489,0.874758,0.008117,0.484479,-3.200016,90.440773,15.494084,-0.016614,0.882097,0.074137,0.464901,-3.308931,98.236786,15.578447,-0.034393,0.884749,0.064523,0.460297,-4.781535,113.052536,17.307413,0.058471,0.9347,-0.046503,0.347498,-7.014679,131.423737,18.839615,0.087001,0.966171,-0.107331,0.217771,-3.702239,145.755264,16.723026,0.001793,0.856558,0.125219,0.500626,-8.969786,125.486351,15.549363,0.365592,-0.576561,0.09365,-0.724672,-18.000751,127.81221,0.027958,0.057299,-0.040823,-0.549111,-0.832783,-10.430269,114.528633,-18.257597,0.151705,-0.007163,-0.524891,-0.83751,-1.254027,135.740448,-21.309677,-0.193985,0.903363,0.134813,0.357953,-4.604253,125.497452,21.778938,0.307477,0.892811,0.132185,-0.301451,7.500228,130.09613,34.436573,-0.032802,0.265456,0.429446,-0.862574,22.496767,118.909157,19.668951,0.066765,0.116532,0.35382,-0.925621,11.464128,135.974091,9.996981,0.042889,0.872464,0.075987,0.480825,-8.244792,90.45752,7.433837,0.079647,0.923651,-0.02318,0.374149,-8.310333,53.888977,0.978577,-0.021661,0.945303,0.025688,0.324457,-16.176897,6.719565,0.176101,-0.067377,0.8858,-0.086704,0.450889,1.84476,90.424034,23.554331,-0.023435,0.879949,-0.117155,0.459799,3.373826,54.18552,31.514545,-0.076813,0.870881,-0.064877,0.481101,0.193702,7.723337,42.406399,-0.021661,0.945303,0.025688,0.324457,-7.087264,1.445978,-11.278546,-0.076813,0.870881,-0.064877,0.481101,12.728995,1.110006,36.021156
309,2.575,-0.003486,0.874724,0.008037,0.484543,-3.207141,90.441391,15.499157,-0.01657,0.882071,0.074003,0.464974,-3.315419,98.237427,15.582444,-0.03449,0.884709,0.064487,0.460371,-4.784922,113.05146,17.308115,0.058501,0.934702,-0.046388,0.347504,-7.020786,131.422592,18.83729,0.087191,0.966187,-0.107176,0.217699,-3.70864,145.7547,16.724163,0.001797,0.856609,0.125079,0.500572,-8.974506,125.484482,15.54753,0.365862,-0.576484,0.093632,-0.7246,-18.007418,127.807678,0.026856,0.057534,-0.040787,-0.549166,-0.832733,-10.432544,114.518997,-18.253174,0.15187,-0.007166,-0.524874,-0.837491,-1.258956,135.731369,-21.309931,-0.19405,0.903327,0.134745,0.358035,-4.610107,125.49704,21.777897,0.307533,0.892804,0.132219,-0.301402,7.491347,130.098068,34.437576,-0.032708,0.26545,0.429507,-0.862549,22.487661,118.908981,19.671335,0.066929,0.116476,0.353776,-0.925633,11.457448,135.974335,9.998367,0.042875,0.872474,0.076108,0.48079,-8.25074,90.457466,7.438172,0.079639,0.923546,-0.023218,0.374409,-8.311261,53.890194,0.975648,-0.02146,0.94529,0.025718,0.324508,-16.178232,6.720826,0.174574,-0.067423,0.885846,-0.086614,0.450809,1.836457,90.425323,23.560141,-0.02343,0.879961,-0.117135,0.459781,3.372321,54.186111,31.515869,-0.076809,0.870886,-0.064913,0.481087,0.192886,7.723451,42.405899,-0.02146,0.94529,0.025718,0.324508,-7.089437,1.446131,-11.280226,-0.076809,0.870886,-0.064913,0.481087,12.727753,1.109206,36.020763
310,2.583333,-0.003469,0.874733,0.008045,0.484526,-3.211695,90.440819,15.499854,-0.016569,0.882059,0.073983,0.464999,-3.319795,98.236847,15.583385,-0.034564,0.884686,0.064459,0.460414,-4.789016,113.051056,17.308498,0.058497,0.934669,-0.046421,0.347586,-7.026888,131.422119,18.835388,0.087288,0.966165,-0.106974,0.217857,-3.714227,145.754044,16.721729,0.001713,0.856606,0.124999,0.500598,-8.979654,125.483452,15.546076,0.366165,-0.576448,0.09353,-0.724488,-18.011618,127.802719,0.024265,0.057726,-0.040754,-0.549234,-0.832676,-10.433889,114.510345,-18.251886,0.151939,-0.007189,-0.524882,-0.837473,-1.264673,135.721329,-21.312023,-0.19412,0.903286,0.134763,0.358094,-4.615935,125.497147,21.776915,0.307447,0.892854,0.13213,-0.301381,7.482995,130.09964,34.438469,-0.032621,0.265445,0.429426,-0.862594,22.482426,118.912056,19.674257,0.06699,0.116271,0.353931,-0.925595,11.448862,135.974167,9.999044,0.042862,0.872443,0.07614,0.480841,-8.255596,90.457245,7.439061,0.0796,0.923553,-0.023213,0.3744,-8.313775,53.890251,0.974967,-0.021425,0.945276,0.025786,0.324546,-16.177181,6.720272,0.174931,-0.067419,0.885881,-0.086572,0.45075,1.832207,90.424385,23.560646,-0.023445,0.879975,-0.117148,0.45975,3.369768,54.184586,31.513346,-0.076834,0.870877,-0.064896,0.4811,0.191374,7.722297,42.405258,-0.021425,0.945276,0.025786,0.324546,-7.087641,1.447114,-11.279986,-0.076834,0.870877,-0.064896,0.4811,12.726812,1.108874,36.020397
311,2.591667,-0.003487,0.874721,0.00811,0.484546,-3.214206,90.441933,15.499766,-0.016601,0.882043,0.073941,0.465034,-3.32305,98.237946,15.584043,-0.034611,0.884664,0.064481,0.46045,-4.79275,113.053665,17.307714,0.058197,0.934725,-0.045824,0.347566,-7.032619,131.424515,18.83441,0.087776,0.966116,-0.107222,0.217757,-3.734076,145.761581,16.733753,0.001595,0.85657,0.12499,0.500662,-8.984489,125.485634,15.544923,0.36625,-0.576422,0.093703,-0.724443,-18.014181,127.801361,0.021259,0.057785,-0.040797,-0.549279,-0.83264,-10.436575,114.501312,-18.249369,0.152034,-0.007247,-0.525049,-0.837351,-1.26983,135.712891,-21.312744,-0.194173,0.903257,0.134753,0.358141,-4.621328,125.499771,21.776152,0.307533,0.892841,0.132343,-0.301239,7.475637,130.103714,34.43906,-0.03248,0.265367,0.429435,-0.862619,22.47665,118.914841,19.67742,0.066978,0.11619,0.353952,-0.925598,11.441216,135.976456,10.001954,0.042841,0.872443,0.076163,0.480841,-8.257745,90.458656,7.438747,0.079648,0.923543,-0.023222,0.374414,-8.313756,53.891788,0.973897,-0.021469,0.945269,0.025728,0.324568,-16.181686,6.722579,0.172852,-0.067446,0.885868,-0.086537,0.450778,1.829334,90.425201,23.560787,-0.023452,0.879926,-0.117162,0.45984,3.369599,54.185234,31.512188,-0.076908,0.870872,-0.064932,0.481093,0.190056,7.723278,42.40519,-0.021469,0.945269,0.025728,0.324568,-7.091334,1.448273,-11.280891,-0.076908,0.870872,-0.064932,0.481093,12.726042,1.110175,36.021072
312,2.6,-0.003543,0.874675,0.008428,0.484624,-3.210044,90.444695,15.489491,-0.016644,0.88198,0.074268,0.4651,-3.322068,98.240623,15.577679,-0.034668,0.884617,0.064465,0.460538,-4.79769,113.055931,17.309336,0.058223,0.934695,-0.045745,0.347653,-7.039309,131.426697,18.834309,0.087884,0.966099,-0.107126,0.217836,-3.74053,145.764145,16.73649,0.00153,0.856559,0.124996,0.50068,-8.990031,125.487457,15.544822,0.366245,-0.576404,0.093916,-0.724433,-18.019047,127.801384,0.020498,0.057792,-0.040956,-0.549265,-0.832641,-10.442332,114.494492,-18.245512,0.152083,-0.007438,-0.525213,-0.837237,-1.275532,135.704926,-21.315165,-0.194305,0.903235,0.134758,0.358123,-4.628169,125.502357,21.776957,0.307496,0.892896,0.132221,-0.301164,7.467409,130.110474,34.439667,-0.0325,0.265367,0.429394,-0.862638,22.471622,118.920113,19.682425,0.067048,0.1161,0.35384,-0.925647,11.434485,135.980911,10.006937,0.042872,0.872322,0.075949,0.481091,-8.252129,90.46344,7.427566,0.079692,0.92364,-0.023227,0.374163,-8.316021,53.894352,0.97537,-0.021811,0.945235,0.025568,0.324654,-16.188236,6.725842,0.175245,-0.067521,0.885792,-0.086596,0.450904,1.83204,90.425949,23.551414,-0.023457,0.879852,-0.117234,0.459963,3.374045,54.187489,31.509352,-0.075847,0.870922,-0.064128,0.48128,0.190241,7.72717,42.408092,-0.021811,0.945235,0.025568,0.324654,-7.092634,1.450487,-11.273846,-0.075847,0.870922,-0.064128,0.48128,12.721102,1.116503,36.011402
313,2.608333,-0.003637,0.874664,0.00855,0.48464,-3.210037,90.446594,15.490326,-0.016675,0.881948,0.074259,0.465161,-3.324271,98.242477,15.579464,-0.034655,0.884579,0.06445,0.460613,-4.800802,113.058899,17.310478,0.058638,0.934659,-0.045248,0.347746,-7.041852,131.429779,18.835018,0.087677,0.966128,-0.107291,0.217713,-3.736328,145.768326,16.75543,0.001507,0.856653,0.124847,0.500556,-8.992292,125.490608,15.545222,0.366509,-0.576365,0.093872,-0.724336,-18.025824,127.800522,0.022928,0.058035,-0.041003,-0.549283,-0.83261,-10.44656,114.489029,-18.23867,0.152211,-0.007486,-0.525467,-0.837055,-1.281479,135.697357,-21.316156,-0.194319,0.903194,0.134643,0.358262,-4.631469,125.505325,21.77809,0.307479,0.892883,0.13227,-0.3012,7.460297,130.114441,34.44408,-0.032356,0.265098,0.429478,-0.862684,22.464006,118.925964,19.684883,0.06732,0.115729,0.35429,-0.925502,11.423604,135.988998,10.016508,0.042913,0.872277,0.075972,0.481166,-8.251822,90.464905,7.428211,0.079734,0.923567,-0.023238,0.374335,-8.316927,53.896332,0.973099,-0.0213,0.945153,0.025826,0.324907,-16.192999,6.728494,0.171028,-0.067528,0.885741,-0.086596,0.451004,1.831748,90.428291,23.552441,-0.023428,0.87987,-0.117224,0.459932,3.373377,54.189896,31.510761,-0.075884,0.87089,-0.064062,0.48134,0.187875,7.729239,42.407551,-0.0213,0.945153,0.025826,0.324907,-7.096014,1.455361,-11.27799,-0.075884,0.87089,-0.064062,0.48134,12.720433,1.120849,36.011826
314,2.616667,-0.003663,0.874654,0.00866,0.484656,-3.214929,90.446869,15.490234,-0.016604,0.881931,0.074201,0.465206,-3.330347,98.242722,15.580673,-0.034731,0.884546,0.064466,0.46067,-4.804262,113.059196,17.311054,0.058632,0.934608,-0.045393,0.347866,-7.048197,131.42981,18.834661,0.087749,0.966089,-0.107089,0.217955,-3.740947,145.767456,16.751648,0.001412,0.856635,0.124845,0.500587,-8.997315,125.490234,15.544796,0.366618,-0.576378,0.093963,-0.724259,-18.029715,127.797318,0.021423,0.058044,-0.041067,-0.549312,-0.832587,-10.452006,114.479813,-18.236439,0.152275,-0.007749,-0.525516,-0.83701,-1.288669,135.6884,-21.316666,-0.194521,0.903142,0.134686,0.358267,-4.63736,125.505806,21.778265,0.307443,0.892955,0.132023,-0.301133,7.451448,130.12059,34.445011,-0.03243,0.265194,0.42944,-0.862671,22.458132,118.928619,19.691484,0.067344,0.115685,0.354242,-0.925524,11.418691,135.990677,10.021091,0.042914,0.872223,0.075955,0.481265,-8.256409,90.465759,7.427931,0.079722,0.923592,-0.023218,0.374276,-8.321438,53.897011,0.973819,-0.021318,0.945146,0.025842,0.324925,-16.195797,6.728911,0.170896,-0.067572,0.885763,-0.086598,0.450953,1.82655,90.427986,23.552536,-0.023446,0.879862,-0.117202,0.459953,3.371408,54.190052,31.512344,-0.076022,0.870894,-0.064108,0.481304,0.188174,7.728973,42.408009,-0.021318,0.945146,0.025842,0.324925,-7.098117,1.456397,-11.277851,-0.076022,0.870894,-0.064108,0.481304,12.721497,1.121596,36.012737
315,2.625,-0.003641,0.874752,0.008568,0.484482,-3.229587,90.444618,15.502188,-0.016549,0.881983,0.073752,0.46518,-3.34399,98.240494,15.59156,-0.034706,0.884553,0.06442,0.460663,-4.80987,113.056335,17.310654,0.05884,0.934581,-0.044999,0.347954,-7.052183,131.427231,18.833197,0.087627,0.96608,-0.107177,0.218002,-3.742851,145.766312,16.763464,0.001422,0.856681,0.124745,0.500534,-9.001877,125.48764,15.543723,0.366822,-0.576329,0.093953,-0.724196,-18.036226,127.792992,0.021225,0.058191,-0.041125,-0.549353,-0.832547,-10.455693,114.471367,-18.232458,0.152388,-0.007928,-0.525713,-0.836864,-1.295286,135.67868,-21.318527,-0.194597,0.903105,0.1346,0.358351,-4.641809,125.503204,21.777115,0.307502,0.892956,0.132171,-0.301004,7.443748,130.12088,34.445915,-0.032432,0.265208,0.429456,-0.862659,22.452387,118.927681,19.695305,0.067298,0.115682,0.3539,-0.925658,11.414184,135.989777,10.024812,0.042815,0.872284,0.076256,0.481116,-8.274281,90.462997,7.441892,0.079721,0.92358,-0.023219,0.374307,-8.323231,53.897018,0.971963,-0.021377,0.945131,0.02581,0.324968,-16.19751,6.728899,0.168923,-0.067606,0.885785,-0.086404,0.450943,1.815107,90.426239,23.562483,-0.023462,0.879855,-0.117226,0.459959,3.368839,54.186153,31.510765,-0.075974,0.870916,-0.063994,0.481288,0.18577,7.725689,42.4091,-0.021377,0.945131,0.02581,0.324968,-7.098262,1.456101,-11.278455,-0.075974,0.870916,-0.063994,0.481288,12.718843,1.12014,36.011444
316,2.633333,-0.00363,0.874769,0.008627,0.48445,-3.232791,90.441719,15.498519,-0.016542,0.881971,0.073877,0.465183,-3.34749,98.237579,15.588777,-0.034731,0.88454,0.064398,0.460689,-4.815121,113.054512,17.311441,0.058785,0.934549,-0.044923,0.348059,-7.057925,131.425446,18.832775,0.087753,0.966025,-0.107139,0.21821,-3.750455,145.765259,16.765039,0.001412,0.856707,0.124663,0.50051,-9.007284,125.485611,15.543525,0.36701,-0.57625,0.09401,-0.724156,-18.0425,127.789055,0.021251,0.058343,-0.041162,-0.549466,-0.83246,-10.458164,114.461838,-18.226768,0.152661,-0.008111,-0.525946,-0.836666,-1.303334,135.671738,-21.318419,-0.194681,0.90307,0.134552,0.358412,-4.647607,125.501648,21.777189,0.307609,0.89295,0.132043,-0.300968,7.43519,130.122147,34.447582,-0.03249,0.265307,0.429522,-0.862593,22.441751,118.92244,19.699818,0.067222,0.115638,0.353705,-0.925744,11.408531,135.986542,10.027545,0.042779,0.872247,0.076194,0.481196,-8.278081,90.4608,7.4386,0.079714,0.92363,-0.023212,0.374185,-8.326335,53.893898,0.973897,-0.021786,0.945175,0.025639,0.324826,-16.199926,6.725657,0.171496,-0.067615,0.885834,-0.086469,0.450831,1.812499,90.42263,23.558437,-0.023491,0.879907,-0.117218,0.459861,3.365658,54.183483,31.511105,-0.075965,0.870962,-0.064005,0.481205,0.186644,7.722968,42.410435,-0.021786,0.945175,0.025639,0.324826,-7.100243,1.452088,-11.275174,-0.075965,0.870962,-0.064005,0.481205,12.71823,1.116744,36.010574
317,2.641667,-0.003692,0.874747,0.008576,0.484489,-3.238093,90.440903,15.505886,-0.016616,0.881967,0.073721,0.465214,-3.353261,98.236778,15.594981,-0.034748,0.884534,0.064361,0.460705,-4.820784,113.054832,17.312517,0.058673,0.934537,-0.044875,0.348116,-7.063538,131.425903,18.832312,0.087976,0.96598,-0.107053,0.218365,-3.75938,145.766541,16.765017,0.001421,0.856754,0.124465,0.500478,-9.012806,125.485825,15.543458,0.36737,-0.576223,0.093957,-0.724002,-18.049154,127.785828,0.021334,0.058564,-0.041155,-0.549561,-0.832382,-10.462832,114.451729,-18.220835,0.152757,-0.008145,-0.526075,-0.836567,-1.312795,135.662994,-21.317955,-0.194642,0.903038,0.134436,0.358559,-4.653366,125.502312,21.777285,0.307497,0.89305,0.131632,-0.300965,7.426168,130.122101,34.45105,-0.03259,0.265477,0.429454,-0.862571,22.436062,118.919731,19.708685,0.067286,0.115514,0.353673,-0.925767,11.40402,135.982666,10.031672,0.042734,0.872317,0.076341,0.48105,-8.282641,90.458504,7.445499,0.079737,0.923524,-0.023255,0.374439,-8.323789,53.892971,0.972993,-0.021778,0.94517,0.025662,0.324841,-16.200661,6.725261,0.171422,-0.067631,0.88581,-0.086354,0.450898,1.806455,90.423309,23.566273,-0.023421,0.879905,-0.117203,0.459872,3.363941,54.182835,31.512033,-0.07689,0.870891,-0.064743,0.481087,0.179582,7.721665,42.407017,-0.021778,0.94517,0.025662,0.324841,-7.100645,1.45226,-11.275247,-0.07689,0.870891,-0.064743,0.481087,12.716177,1.112612,36.019901
318,2.65,-0.003736,0.87472,0.008654,0.484538,-3.241565,90.440521,15.506432,-0.016705,0.881918,0.073939,0.465268,-3.357915,98.236374,15.596244,-0.034779,0.884504,0.064207,0.460783,-4.831497,113.059341,17.318857,0.058938,0.934409,-0.044961,0.348403,-7.072774,131.431061,18.832876,0.087894,0.965882,-0.107121,0.218798,-3.759478,145.769852,16.767397,0.001294,0.856701,0.124331,0.500604,-9.022016,125.490211,15.545405,0.367615,-0.576414,0.093758,-0.723751,-18.053848,127.784386,0.019781,0.058699,-0.040951,-0.549447,-0.832458,-10.476231,114.448189,-18.22448,0.152773,-0.00823,-0.526409,-0.836353,-1.320083,135.656052,-21.316805,-0.194618,0.903093,0.134436,0.358432,-4.663701,125.508102,21.780018,0.30758,0.893098,0.131463,-0.300812,7.419459,130.128128,34.450253,-0.032519,0.265502,0.429461,-0.862563,22.431334,118.918144,19.715681,0.06747,0.115498,0.353565,-0.925797,11.400151,135.980362,10.036453,0.042731,0.872291,0.076377,0.481092,-8.285225,90.458115,7.445486,0.079959,0.923176,-0.023247,0.37525,-8.32459,53.892971,0.970782,-0.02152,0.94496,0.025711,0.325463,-16.219959,6.72862,0.153547,-0.067652,0.885886,-0.086373,0.450744,1.802095,90.422935,23.567377,-0.023423,0.879964,-0.117185,0.459763,3.361699,54.182911,31.514788,-0.076836,0.870909,-0.064691,0.481071,0.179651,7.721353,42.40876,-0.02152,0.94496,0.025711,0.325463,-7.107626,1.454647,-11.282878,-0.076836,0.870909,-0.064691,0.481071,12.715644,1.112603,36.020142
319,2.658333,-0.003806,0.874751,0.008824,0.484477,-3.241524,90.440079,15.502438,-0.016763,0.881909,0.074145,0.46525,-3.360106,98.23587,15.594048,-0.034782,0.8845,0.064163,0.460796,-4.838328,113.060593,17.321604,0.059131,0.934319,-0.044419,0.34868,-7.078989,131.432526,18.834105,0.087879,0.965758,-0.107491,0.219169,-3.764773,145.773682,16.786667,0.001299,0.856701,0.124211,0.500633,-9.028347,125.491478,15.547049,0.367649,-0.576365,0.093813,-0.723765,-18.059086,127.783775,0.02052,0.058746,-0.040803,-0.549688,-0.832302,-10.479316,114.445518,-18.221329,0.153141,-0.008061,-0.527058,-0.835879,-1.33405,135.661331,-21.30979,-0.194651,0.903094,0.134241,0.358485,-4.670214,125.509705,21.781784,0.30758,0.893155,0.131301,-0.300713,7.411103,130.133072,34.452541,-0.03247,0.265477,0.429545,-0.86253,22.425791,118.919312,19.723722,0.068106,0.115774,0.353503,-0.925739,11.396256,135.985153,10.044124,0.042729,0.872293,0.076313,0.481099,-8.286291,90.458061,7.44219,0.079703,0.923552,-0.023217,0.374379,-8.327699,53.892178,0.971661,-0.021699,0.945167,0.025839,0.324841,-16.200342,6.723788,0.168438,-0.067682,0.885842,-0.086446,0.450811,1.803243,90.422096,23.562687,-0.023409,0.879969,-0.117177,0.459757,3.361709,54.183315,31.516006,-0.077111,0.870883,-0.064774,0.481062,0.178872,7.721514,42.40871,-0.021699,0.945167,0.025839,0.324841,-7.10062,1.454877,-11.280348,-0.077111,0.870883,-0.064774,0.481062,12.717417,1.115151,36.022636
320,2.666667,-0.003795,0.874736,0.008826,0.484505,-3.247214,90.440384,15.50399,-0.016812,0.881849,0.074237,0.465348,-3.365664,98.236176,15.59572,-0.03489,0.884434,0.064046,0.460931,-4.846959,113.063408,17.32518,0.059344,0.934185,-0.044443,0.349002,-7.089391,131.435608,18.831638,0.087915,0.965648,-0.107526,0.219619,-3.767967,145.775558,16.78735,0.001316,0.856658,0.124133,0.500726,-9.037271,125.493477,15.545672,0.367756,-0.576332,0.093999,-0.723713,-18.064672,127.785286,0.017129,0.058794,-0.040751,-0.549781,-0.83224,-10.48476,114.438507,-18.21843,0.153187,-0.007948,-0.527266,-0.83574,-1.344473,135.655396,-21.306122,-0.19454,0.903095,0.134073,0.358605,-4.681157,125.513824,21.781811,0.307512,0.89326,0.131146,-0.300539,7.398603,130.135193,34.454788,-0.032408,0.265669,0.429541,-0.862476,22.420275,118.919479,19.734587,0.068473,0.115853,0.353468,-0.925716,11.395301,135.983353,10.047142,0.042684,0.872273,0.076392,0.481127,-8.291454,90.458588,7.443412,0.079973,0.92315,-0.023261,0.37531,-8.326943,53.893326,0.96936,-0.021438,0.944914,0.025842,0.325593,-16.223982,6.729251,0.15233,-0.067741,0.885809,-0.086411,0.450873,1.797026,90.42218,23.564568,-0.023472,0.879994,-0.117179,0.459704,3.35999,54.183544,31.517607,-0.076239,0.870971,-0.064046,0.48114,0.18303,7.722077,42.413448,-0.021438,0.944914,0.025842,0.325593,-7.109005,1.458149,-11.283307,-0.076239,0.870971,-0.064046,0.48114,12.716496,1.119032,36.013988
321,2.675,-0.003814,0.874739,0.008824,0.484499,-3.253767,90.438965,15.506598,-0.016883,0.881852,0.074226,0.465341,-3.372465,98.234756,15.598144,-0.034851,0.884445,0.063976,0.460923,-4.85566,113.063744,17.326557,0.05946,0.934086,-0.04437,0.349255,-7.095607,131.436386,18.831429,0.087933,0.965522,-0.107631,0.220113,-3.770804,145.776184,16.79155,0.001283,0.856643,0.124014,0.500781,-9.044362,125.494209,15.546043,0.367875,-0.576325,0.094059,-0.723651,-18.069761,127.783096,0.015911,0.058844,-0.04066,-0.54987,-0.832182,-10.489963,114.431366,-18.216074,0.153278,-0.007907,-0.527481,-0.835588,-1.354057,135.649948,-21.301567,-0.194524,0.903089,0.133932,0.358681,-4.688086,125.514534,21.78207,0.307613,0.893305,0.13115,-0.300301,7.389928,130.13678,34.45639,-0.032152,0.265826,0.429553,-0.862431,22.415459,118.914703,19.74498,0.068737,0.115823,0.353343,-0.925748,11.394044,135.976349,10.046423,0.042652,0.872289,0.076421,0.481095,-8.298129,90.45681,7.446097,0.079995,0.923252,-0.023231,0.375057,-8.330745,53.89167,0.971347,-0.02188,0.944912,0.025585,0.325588,-16.228876,6.727809,0.153056,-0.067748,0.885846,-0.086347,0.450813,1.790595,90.42112,23.567101,-0.023447,0.879962,-0.11717,0.45977,3.356769,54.181732,31.516117,-0.076978,0.870904,-0.064697,0.481057,0.177305,7.719946,42.40987,-0.02188,0.944912,0.025585,0.325588,-7.110067,1.453956,-11.278254,-0.076978,0.870904,-0.064697,0.481057,12.714643,1.113248,36.021774
322,2.683333,-0.003821,0.874713,0.008731,0.484547,-3.261857,90.438324,15.514345,-0.016923,0.881824,0.074142,0.465406,-3.379949,98.234138,15.604578,-0.034879,0.884417,0.063854,0.460992,-4.862927,113.061249,17.329853,0.059288,0.933986,-0.04448,0.349538,-7.101814,131.434387,18.830088,0.088075,0.965377,-0.107621,0.220698,-3.779563,145.774292,16.786819,0.001326,0.856702,0.123808,0.500731,-9.050467,125.491592,15.545776,0.367995,-0.576246,0.09404,-0.723655,-18.077679,127.777863,0.016312,0.058967,-0.040476,-0.54999,-0.832103,-10.493379,114.424858,-18.21286,0.153531,-0.007835,-0.527753,-0.83537,-1.362932,135.646286,-21.294563,-0.19452,0.903095,0.133778,0.358727,-4.695183,125.513062,21.78249,0.307666,0.893355,0.130966,-0.300177,7.381679,130.136993,34.457291,-0.031866,0.265957,0.429552,-0.862401,22.409201,118.908501,19.752817,0.069082,0.115592,0.353356,-0.925746,11.390437,135.967087,10.043558,0.04263,0.872341,0.076576,0.480979,-8.305322,90.455231,7.45328,0.079974,0.923125,-0.023218,0.375374,-8.331815,53.891712,0.969356,-0.021323,0.944884,0.0258,0.32569,-16.227373,6.727472,0.147965,-0.067708,0.885908,-0.086247,0.450716,1.781607,90.421417,23.575411,-0.023483,0.880015,-0.117153,0.45967,3.349432,54.180347,31.516409,-0.077707,0.870881,-0.065038,0.480934,0.175011,7.718349,42.410721,-0.021323,0.944884,0.0258,0.32569,-7.11142,1.454131,-11.285859,-0.077707,0.870881,-0.065038,0.480934,12.716983,1.114886,36.028381
323,2.691667,-0.003795,0.87471,0.008679,0.484554,-3.268899,90.435257,15.517277,-0.016955,0.881822,0.074191,0.465401,-3.38624,98.231087,15.606991,-0.034886,0.884427,0.063702,0.460993,-4.870773,113.058258,17.333162,0.059287,0.933888,-0.044431,0.349807,-7.107303,131.432098,18.8283,0.088149,0.965237,-0.107712,0.221238,-3.784563,145.772263,16.787663,0.001317,0.856659,0.123779,0.500811,-9.056705,125.488647,15.545626,0.367948,-0.576279,0.094193,-0.723633,-18.080986,127.774475,0.014392,0.058945,-0.040308,-0.550043,-0.832078,-10.499895,114.417038,-18.212868,0.153698,-0.007705,-0.527988,-0.835192,-1.371098,135.641449,-21.287748,-0.19467,0.903014,0.133533,0.35894,-4.701446,125.511292,21.782354,0.307741,0.893421,0.130688,-0.300027,7.367758,130.141739,34.46207,-0.031525,0.266261,0.429598,-0.862297,22.397408,118.904182,19.766687,0.069597,0.115371,0.353186,-0.9258,11.387943,135.95842,10.040585,0.042523,0.872373,0.076693,0.480911,-8.312249,90.45211,7.456141,0.079965,0.923298,-0.023185,0.374951,-8.328079,53.88924,0.968527,-0.021371,0.944927,0.025786,0.325563,-16.221996,6.724703,0.148141,-0.067745,0.886002,-0.086167,0.450539,1.774451,90.418396,23.578411,-0.023455,0.880076,-0.117152,0.459555,3.348986,54.176682,31.51516,-0.077705,0.87088,-0.065085,0.480929,0.173591,7.714528,42.408539,-0.021371,0.944927,0.025786,0.325563,-7.108636,1.451376,-11.287755,-0.077705,0.87088,-0.065085,0.480929,12.715246,1.109944,36.026733
324,2.7,-0.003807,0.874709,0.008697,0.484555,-3.275368,90.434135,15.520136,-0.016976,0.881777,0.07427,0.465473,-3.393018,98.229958,15.609999,-0.034879,0.884381,0.063576,0.461099,-4.87939,113.057304,17.337873,0.059385,0.933749,-0.044506,0.35015,-7.113758,131.431763,18.828764,0.088159,0.965095,-0.107786,0.221816,-3.786326,145.770935,16.788795,0.00138,0.856677,0.123671,0.500808,-9.063194,125.487915,15.546827,0.368004,-0.57618,0.094381,-0.723659,-18.08761,127.773712,0.015663,0.059076,-0.040186,-0.550139,-0.832011,-10.502761,114.409866,-18.205332,0.153947,-0.007527,-0.52826,-0.834976,-1.377966,135.637375,-21.279121,-0.194555,0.903031,0.133265,0.35906,-4.709413,125.511215,21.784586,0.307774,0.893477,0.130515,-0.299901,7.358317,130.1409,34.465988,-0.031168,0.266603,0.429514,-0.862247,22.390583,118.897865,19.777475,0.069736,0.114983,0.352924,-0.925938,11.386448,135.943497,10.032025,0.042499,0.872377,0.076742,0.480899,-8.318686,90.450943,7.458978,0.079912,0.923134,-0.023204,0.375366,-8.331307,53.888489,0.969004,-0.021638,0.944949,0.025703,0.325488,-16.220882,6.723219,0.148729,-0.067733,0.886017,-0.086157,0.450514,1.76795,90.417328,23.581293,-0.02355,0.880188,-0.117102,0.459349,3.342216,54.175354,31.51693,-0.077704,0.87093,-0.065108,0.480836,0.179634,7.712486,42.410999,-0.021638,0.944949,0.025703,0.325488,-7.106703,1.450209,-11.286662,-0.077704,0.87093,-0.065108,0.480836,12.719689,1.107059,36.026924
325,2.708333,-0.0038,0.874736,0.008815,0.484505,-3.27913,90.432251,15.51831,-0.016897,0.881755,0.074366,0.465503,-3.397574,98.228043,15.609848,-0.034993,0.884343,0.063491,0.461175,-4.883499,113.057365,17.341579,0.059403,0.933613,-0.044661,0.35049,-7.120284,131.431931,18.827513,0.088243,0.964939,-0.1078,0.222452,-3.789559,145.769989,16.785198,0.001385,0.856672,0.123518,0.500853,-9.068403,125.487045,15.546671,0.367966,-0.576247,0.094445,-0.723617,-18.091177,127.770439,0.014201,0.059166,-0.039826,-0.550157,-0.83201,-10.510573,114.404449,-18.206993,0.15427,-0.007156,-0.528417,-0.83482,-1.38532,135.633499,-21.269209,-0.194574,0.903008,0.13315,0.359151,-4.715817,125.512383,21.785254,0.307684,0.893572,0.129895,-0.299978,7.349267,130.143585,34.468616,-0.030922,0.266561,0.429712,-0.86217,22.381966,118.894592,19.78512,0.07122,0.114852,0.352754,-0.925906,11.382871,135.945938,10.036288,0.042543,0.872435,0.076619,0.480809,-8.323379,90.450264,7.457737,0.079825,0.923153,-0.023105,0.375344,-8.343917,53.886681,0.97414,-0.021558,0.944937,0.025794,0.325522,-16.222336,6.719649,0.148451,-0.067789,0.885942,-0.086152,0.450654,1.765119,90.414238,23.578882,-0.023536,0.880144,-0.117091,0.459437,3.342022,54.172768,31.516266,-0.077576,0.870868,-0.064981,0.480987,0.177681,7.709596,42.40852,-0.021558,0.944937,0.025794,0.325522,-7.107934,1.448363,-11.287557,-0.077576,0.870868,-0.064981,0.480987,12.719297,1.105555,36.026077
326,2.716667,-0.00381,0.874725,0.008901,0.484523,-3.284492,90.433594,15.518907,-0.01695,0.881721,0.074472,0.465549,-3.403715,98.229362,15.611542,-0.03498,0.884317,0.063383,0.461239,-4.892613,113.058212,17.345226,0.059417,0.93346,-0.044716,0.350889,-7.12724,131.433304,18.827715,0.088338,0.964738,-0.107949,0.223214,-3.794111,145.770905,16.786013,0.001438,0.856687,0.123376,0.500863,-9.075659,125.488129,15.547605,0.367924,-0.576211,0.094574,-0.723649,-18.098076,127.77063,0.014789,0.059359,-0.039464,-0.550173,-0.832003,-10.516677,114.401794,-18.203991,0.154727,-0.006767,-0.528636,-0.834601,-1.391273,135.631119,-21.257002,-0.194686,0.90297,0.133133,0.35919,-4.723959,125.513962,21.786808,0.307648,0.893643,0.129614,-0.299926,7.338527,130.148621,34.471386,-0.030537,0.266467,0.429823,-0.862157,22.373785,118.895782,19.793438,0.072619,0.114989,0.352514,-0.925872,11.376017,135.94754,10.040499,0.042515,0.872359,0.076677,0.48094,-8.328399,90.452232,7.458119,0.079821,0.923161,-0.02313,0.375324,-8.344057,53.889145,0.971755,-0.021384,0.944918,0.025829,0.325586,-16.223072,6.722164,0.148553,-0.067783,0.886154,-0.086198,0.450229,1.759415,90.414948,23.579695,-0.023594,0.880198,-0.117063,0.459337,3.338124,54.174007,31.519127,-0.077661,0.870913,-0.065009,0.480889,0.181126,7.710481,42.411987,-0.021384,0.944918,0.025829,0.325586,-7.108871,1.45017,-11.287293,-0.077661,0.870913,-0.065009,0.480889,12.722004,1.106823,36.027695
327,2.725,-0.003817,0.874697,0.008862,0.484573,-3.292877,90.434929,15.527397,-0.017104,0.881619,0.074526,0.465726,-3.411908,98.230705,15.619436,-0.034892,0.884219,0.063194,0.461461,-4.905921,113.058731,17.352047,0.059484,0.933298,-0.044765,0.351301,-7.134793,131.434952,18.829329,0.088459,0.964568,-0.108113,0.223819,-3.797831,145.771866,16.789032,0.001457,0.856711,0.123194,0.500867,-9.083712,125.489716,15.549604,0.36786,-0.576205,0.094702,-0.72367,-18.10598,127.769516,0.016314,0.059555,-0.039088,-0.550141,-0.832028,-10.525406,114.398064,-18.200884,0.155199,-0.006396,-0.528767,-0.834433,-1.396702,135.628159,-21.244406,-0.194646,0.90298,0.132807,0.359308,-4.735037,125.515427,21.790916,0.307818,0.893638,0.129724,-0.299718,7.324969,130.152481,34.476967,-0.029993,0.266602,0.429937,-0.862078,22.361168,118.892761,19.805267,0.073365,0.114951,0.35231,-0.925895,11.371606,135.940109,10.038205,0.042478,0.872411,0.076788,0.48083,-8.33586,90.453102,7.466033,0.079781,0.923307,-0.023064,0.374975,-8.346001,53.891037,0.973838,-0.021675,0.944966,0.025689,0.325436,-16.219439,6.723151,0.149242,-0.067778,0.886186,-0.086056,0.450195,1.750106,90.416756,23.588762,-0.023627,0.880234,-0.117051,0.459271,3.333616,54.173946,31.518719,-0.07752,0.870926,-0.064963,0.480894,0.180726,7.710308,42.412304,-0.021675,0.944966,0.025689,0.325436,-7.106153,1.450099,-11.286842,-0.07752,0.870926,-0.064963,0.480894,12.720317,1.105507,36.026669
328,2.733333,-0.003796,0.874729,0.008915,0.484516,-3.298055,90.431763,15.525368,-0.017141,0.881598,0.07473,0.465733,-3.41719,98.227524,15.618292,-0.034891,0.884204,0.06304,0.461511,-4.915341,113.057648,17.356066,0.059639,0.933107,-0.045009,0.351752,-7.141647,131.434601,18.828169,0.088405,0.964362,-0.108181,0.224695,-3.796378,145.769165,16.785109,0.001561,0.856762,0.122918,0.500848,-9.091084,125.48877,15.549824,0.367959,-0.576156,0.094747,-0.723652,-18.114031,127.766716,0.016648,0.059826,-0.038681,-0.550191,-0.831994,-10.531174,114.391899,-18.197138,0.155633,-0.00592,-0.528773,-0.834351,-1.403769,135.623245,-21.231848,-0.194537,0.902962,0.132526,0.359516,-4.743099,125.515511,21.791613,0.307814,0.893708,0.129554,-0.299588,7.313023,130.151566,34.481728,-0.029781,0.26688,0.429888,-0.862024,22.353067,118.887779,19.817089,0.073825,0.115159,0.351915,-0.925983,11.368465,135.929749,10.035851,0.042443,0.872411,0.07678,0.480836,-8.342094,90.45076,7.464663,0.079723,0.923125,-0.023156,0.37543,-8.350235,53.888393,0.974232,-0.021369,0.944988,0.025837,0.325382,-16.22147,6.720027,0.155941,-0.067795,0.886238,-0.086098,0.450081,1.745985,90.412758,23.586073,-0.02366,0.880214,-0.117019,0.459315,3.330263,54.170662,31.519133,-0.077511,0.870927,-0.06498,0.480891,0.181084,7.706446,42.411316,-0.021369,0.944988,0.025837,0.325382,-7.112288,1.448035,-11.283909,-0.077511,0.870927,-0.06498,0.480891,12.720448,1.1011,36.025787
329,2.741667,-0.002867,0.874785,0.008414,0.48443,-3.344341,90.444443,15.530044,-0.016699,0.881622,0.074494,0.465741,-3.447017,98.24044,15.623166,-0.034791,0.884206,0.062881,0.461537,-4.928769,113.057449,17.35923,0.0596,0.932995,-0.045077,0.352045,-7.149137,131.435394,18.827805,0.088667,0.964174,-0.108341,0.225321,-3.803164,145.769684,16.783928,0.001568,0.856736,0.122752,0.500932,-9.100374,125.489594,15.550486,0.367995,-0.576117,0.094781,-0.723661,-18.120266,127.765129,0.015187,0.060492,-0.037885,-0.550033,-0.832088,-10.535531,114.388809,-18.196712,0.156592,-0.005051,-0.529863,-0.833486,-1.395404,135.62146,-21.217913,-0.194594,0.902965,0.132417,0.359517,-4.75265,125.516068,21.792456,0.308035,0.893761,0.129299,-0.299312,7.30263,130.155396,34.482174,-0.02947,0.267529,0.429631,-0.861961,22.34407,118.876053,19.830931,0.073152,0.114965,0.351617,-0.926173,11.366546,135.901718,10.020121,0.04197,0.872295,0.076965,0.481057,-8.390084,90.474258,7.470441,0.079278,0.92362,-0.022867,0.374323,-8.359317,53.91103,0.98489,-0.021219,0.945306,0.025309,0.324509,-16.182264,6.734633,0.166567,-0.068236,0.886259,-0.08575,0.45004,1.701402,90.414635,23.589647,-0.023707,0.880279,-0.117031,0.459185,3.326686,54.172546,31.514465,-0.077444,0.870969,-0.065145,0.480803,0.182467,7.708803,42.41011,-0.021219,0.945306,0.025309,0.324509,-7.097323,1.446316,-11.285012,-0.077444,0.870969,-0.065145,0.480803,12.718865,1.098289,36.024113
330,2.75,-0.00286,0.874806,0.008424,0.484391,-3.350687,90.443649,15.533155,-0.016784,0.881598,0.074587,0.465767,-3.453337,98.239639,15.626476,-0.034783,0.884186,0.062735,0.461595,-4.938724,113.056732,17.363798,0.059666,0.932836,-0.045267,0.35243,-7.156424,131.435379,18.82762,0.088726,0.963981,-0.108442,0.226071,-3.805313,145.768112,16.781212,0.001576,0.856768,0.122435,0.500956,-9.108159,125.489082,15.55149,0.367826,-0.576119,0.09493,-0.723726,-18.127188,127.759193,0.014898,0.060559,-0.037487,-0.550016,-0.832112,-10.543964,114.382065,-18.197021,0.156907,-0.004557,-0.529895,-0.833409,-1.401556,135.615829,-21.20454,-0.194591,0.902926,0.132095,0.359737,-4.761245,125.516403,21.79402,0.308158,0.893798,0.129106,-0.29916,7.288362,130.158493,34.488106,-0.029164,0.267771,0.429618,-0.861903,22.330532,118.869713,19.84491,0.073702,0.115357,0.351364,-0.926177,11.359165,135.889099,10.020226,0.041887,0.872312,0.077009,0.481027,-8.397145,90.473671,7.474002,0.079512,0.923015,-0.022903,0.375761,-8.359638,53.910423,0.988615,-0.021069,0.945139,0.025224,0.32501,-16.203096,6.737736,0.152829,-0.068235,0.886283,-0.085703,0.450002,1.695771,90.413628,23.592308,-0.023751,0.88026,-0.116994,0.459229,3.322902,54.170929,31.513945,-0.077518,0.870945,-0.06524,0.480822,0.183525,7.706583,42.40836,-0.021069,0.945139,0.025224,0.32501,-7.108022,1.445773,-11.289016,-0.077518,0.870945,-0.06524,0.480822,12.720606,1.095107,36.024704
331,2.758333,-0.002864,0.874796,0.008357,0.484411,-3.359332,90.445518,15.542729,-0.016927,0.881563,0.074549,0.465834,-3.461539,98.241531,15.6351,-0.034727,0.884159,0.062567,0.461673,-4.950316,113.058617,17.369316,0.059648,0.932721,-0.045361,0.352726,-7.163444,131.438202,18.828411,0.088982,0.963809,-0.108577,0.226638,-3.810769,145.770386,16.780712,0.001626,0.856699,0.122317,0.501101,-9.11619,125.491631,15.553366,0.367556,-0.576213,0.09529,-0.723742,-18.129932,127.761818,0.013714,0.060556,-0.037141,-0.549923,-0.832189,-10.555082,114.377975,-18.196766,0.15721,-0.004094,-0.529901,-0.83335,-1.406438,135.61171,-21.190723,-0.194638,0.902925,0.132034,0.359736,-4.770311,125.519302,21.796616,0.308239,0.893867,0.128838,-0.298984,7.278654,130.163727,34.490463,-0.028884,0.267989,0.429514,-0.861897,22.323454,118.86554,19.857218,0.074153,0.115592,0.350857,-0.926304,11.353749,135.876831,10.019073,0.041888,0.872363,0.077173,0.480907,-8.405437,90.474854,7.48335,0.079139,0.923791,-0.022817,0.373933,-8.36302,53.913498,0.987326,-0.02028,0.945397,0.025629,0.32428,-16.172354,6.734782,0.172852,-0.068245,0.886387,-0.085459,0.449841,1.686772,90.416183,23.602108,-0.02378,0.880241,-0.117045,0.45925,3.324262,54.170479,31.507847,-0.077429,0.870934,-0.065269,0.480852,0.184825,7.70739,42.407658,-0.02028,0.945397,0.025629,0.32428,-7.10201,1.446038,-11.290095,-0.077429,0.870934,-0.065269,0.480852,12.72125,1.093953,36.024742
332,2.766667,-0.002941,0.87482,0.008538,0.484364,-3.360634,90.444809,15.541739,-0.017087,0.881478,0.074836,0.465944,-3.465256,98.240768,15.636004,-0.034689,0.884075,0.062437,0.461855,-4.9629,113.060654,17.37582,0.059749,0.932545,-0.045692,0.353133,-7.172848,131.440933,18.830854,0.089154,0.963622,-0.108639,0.227338,-3.812629,145.770508,16.777267,0.001799,0.856716,0.12205,0.501137,-9.125492,125.494209,15.556044,0.367457,-0.576206,0.095522,-0.723766,-18.137901,127.765068,0.015718,0.060638,-0.03686,-0.549796,-0.83228,-10.564795,114.375923,-18.191584,0.157328,-0.003795,-0.529787,-0.833402,-1.408832,135.607376,-21.176498,-0.194717,0.902956,0.13177,0.359713,-4.782128,125.522064,21.801044,0.308502,0.893887,0.128607,-0.298751,7.266333,130.172836,34.49305,-0.028467,0.268127,0.429578,-0.861836,22.310036,118.858421,19.871212,0.074872,0.115754,0.350334,-0.926424,11.346587,135.865479,10.02085,0.041946,0.872195,0.077297,0.481187,-8.407584,90.474525,7.48289,0.079089,0.923635,-0.022972,0.37432,-8.362335,53.91494,0.976897,-0.020674,0.94541,0.025517,0.324224,-16.172371,6.736133,0.174656,-0.068257,0.886322,-0.085592,0.449942,1.686317,90.4151,23.600588,-0.023779,0.880308,-0.116959,0.459144,3.319208,54.171204,31.515575,-0.077523,0.870933,-0.065238,0.480844,0.184801,7.706183,42.408577,-0.020674,0.94541,0.025517,0.324224,-7.099487,1.448119,-11.286617,-0.077523,0.870933,-0.065238,0.480844,12.722288,1.09489,36.025524
333,2.775,-0.00296,0.874806,0.008596,0.484388,-3.37097,90.44577,15.551326,-0.017138,0.881439,0.074736,0.466032,-3.476289,98.241714,15.646233,-0.034595,0.884041,0.062196,0.46196,-4.974174,113.063225,17.382713,0.059856,0.932398,-0.0458,0.353488,-7.17713,131.444855,18.83123,0.089295,0.963444,-0.108807,0.227954,-3.811606,145.773178,16.777611,0.001828,0.856715,0.121757,0.50121,-9.131413,125.497841,15.557936,0.367237,-0.576294,0.095777,-0.723774,-18.141178,127.764618,0.015478,0.06063,-0.036486,-0.549687,-0.832368,-10.575266,114.371132,-18.191629,0.15757,-0.003438,-0.529771,-0.833368,-1.412063,135.6026,-21.161779,-0.194603,0.902888,0.131417,0.360072,-4.789426,125.526009,21.803892,0.308556,0.893935,0.128349,-0.298665,7.251264,130.175476,34.503754,-0.028101,0.268391,0.429536,-0.861786,22.295815,118.853889,19.88834,0.075517,0.115834,0.349741,-0.926586,11.337404,135.853836,10.02146,0.041848,0.872429,0.077326,0.480767,-8.417477,90.4757,7.492199,0.079058,0.923782,-0.022803,0.373974,-8.367968,53.915852,0.987746,-0.020552,0.945422,0.025523,0.324196,-16.169653,6.735849,0.174607,-0.068293,0.886304,-0.085432,0.450002,1.675536,90.415833,23.610453,-0.023838,0.880238,-0.116925,0.459284,3.315697,54.170288,31.516329,-0.077417,0.870936,-0.065146,0.480867,0.185986,7.704788,42.408661,-0.020552,0.945422,0.025523,0.324196,-7.09874,1.446806,-11.287755,-0.077417,0.870936,-0.065146,0.480867,12.723102,1.09404,36.024311
334,2.783333,-0.003004,0.874824,0.008739,0.484353,-3.376508,90.445076,15.554461,-0.017249,0.881358,0.074883,0.466158,-3.483501,98.240974,15.650996,-0.034543,0.883956,0.061991,0.462153,-4.986788,113.063408,17.389765,0.059818,0.932279,-0.045934,0.353791,-7.184862,131.446121,18.832003,0.089635,0.963288,-0.108913,0.22843,-3.817899,145.773743,16.775867,0.002027,0.856675,0.121465,0.501348,-9.139525,125.498726,15.559602,0.366978,-0.576366,0.096171,-0.723796,-18.144262,127.766975,0.01445,0.06065,-0.03612,-0.549544,-0.832477,-10.585902,114.365677,-18.190035,0.157846,-0.003031,-0.529769,-0.833319,-1.413947,135.595779,-21.146318,-0.194625,0.902891,0.131243,0.360117,-4.800199,125.52742,21.807402,0.308631,0.89399,0.127938,-0.298598,7.239017,130.179688,34.507622,-0.027636,0.268429,0.429477,-0.861819,22.283283,118.847824,19.899891,0.076319,0.11573,0.349471,-0.926635,11.323695,135.840225,10.022242,0.041863,0.872287,0.077543,0.480989,-8.423657,90.475601,7.495741,0.079007,0.923674,-0.022954,0.374242,-8.365684,53.918343,0.976801,-0.020561,0.945436,0.025493,0.324157,-16.168011,6.738222,0.176557,-0.06828,0.886386,-0.085305,0.449867,1.67064,90.414551,23.613182,-0.023878,0.880215,-0.116983,0.459311,3.315455,54.167259,31.510084,-0.077539,0.870932,-0.065213,0.480845,0.186186,7.703236,42.40884,-0.020561,0.945436,0.025493,0.324157,-7.098015,1.448419,-11.286176,-0.077539,0.870932,-0.065213,0.480845,12.724002,1.092798,36.025551
335,2.791667,-0.002843,0.87487,0.008725,0.484271,-3.395346,90.446114,15.559617,-0.01731,0.881331,0.074889,0.466207,-3.500026,98.242035,15.657178,-0.034375,0.88393,0.061815,0.462239,-5.005257,113.06591,17.395344,0.059859,0.932155,-0.04622,0.354074,-7.194926,131.44986,18.834524,0.089936,0.96311,-0.10901,0.229015,-3.822919,145.775467,16.772488,0.002179,0.856654,0.121083,0.501475,-9.151837,125.502922,15.562664,0.366948,-0.576389,0.096436,-0.723758,-18.151928,127.769493,0.014572,0.060946,-0.035637,-0.549382,-0.832583,-10.597248,114.359627,-18.185143,0.158266,-0.002482,-0.529852,-0.833188,-1.415598,135.586365,-21.129944,-0.194512,0.90292,0.13103,0.360182,-4.813547,125.530479,21.81119,0.308759,0.894029,0.127722,-0.298441,7.225552,130.181747,34.511902,-0.027101,0.268439,0.429445,-0.861849,22.270531,118.839798,19.91271,0.077063,0.115543,0.349183,-0.926705,11.309758,135.825363,10.023758,0.041545,0.872252,0.077889,0.481025,-8.444028,90.479156,7.501865,0.0791,0.923582,-0.023001,0.374448,-8.35279,53.923923,0.972006,-0.021673,0.945419,0.024538,0.324208,-16.164816,6.745431,0.170864,-0.068438,0.88637,-0.085139,0.449907,1.653335,90.413071,23.617369,-0.023904,0.880192,-0.116967,0.459357,3.313701,54.165268,31.508709,-0.077589,0.870916,-0.065237,0.480864,0.186776,7.700997,42.407089,-0.021673,0.945419,0.024538,0.324208,-7.084647,1.440173,-11.276666,-0.077589,0.870916,-0.065237,0.480864,12.72534,1.090854,36.02496
336,2.8,-0.002816,0.874901,0.008802,0.484213,-3.40474,90.445068,15.564445,-0.017743,0.881256,0.075159,0.466288,-3.50963,98.240974,15.663268,-0.034014,0.883901,0.061498,0.462363,-5.030385,113.064697,17.402493,0.059885,0.932037,-0.046292,0.354369,-7.203031,131.451004,18.837255,0.090226,0.962929,-0.109242,0.229549,-3.828484,145.77597,16.774998,0.002384,0.856567,0.120649,0.501729,-9.164822,125.505219,15.566232,0.366779,-0.576404,0.096842,-0.723777,-18.155664,127.771362,0.01273,0.061253,-0.035067,-0.549212,-0.832697,-10.605547,114.351784,-18.181717,0.158904,-0.001841,-0.530141,-0.832884,-1.412544,135.577667,-21.112165,-0.194434,0.902972,0.13079,0.360181,-4.8279,125.530014,21.815718,0.308934,0.894021,0.127805,-0.298249,7.212333,130.182205,34.515007,-0.026617,0.268391,0.429367,-0.861918,22.257603,118.832932,19.921824,0.077466,0.115659,0.349028,-0.926715,11.292915,135.810455,10.024723,0.041628,0.872509,0.077648,0.480589,-8.45449,90.479263,7.507369,0.078803,0.923803,-0.022744,0.37398,-8.380512,53.921745,0.990037,-0.019551,0.94559,0.025803,0.323746,-16.157684,6.737628,0.180832,-0.068471,0.886406,-0.085036,0.44985,1.64501,90.410881,23.621521,-0.023917,0.88025,-0.116971,0.459244,3.311567,54.162121,31.507141,-0.077555,0.870898,-0.065203,0.480906,0.186944,7.69799,42.406776,-0.019551,0.94559,0.025803,0.323746,-7.107467,1.446428,-11.29688,-0.077555,0.870898,-0.065203,0.480906,12.72596,1.088218,36.025162
337,2.808333,-0.002818,0.874915,0.008961,0.484186,-3.412203,90.446304,15.566543,-0.018026,0.881126,0.075489,0.46647,-3.518314,98.242157,15.667522,-0.033804,0.883792,0.061176,0.46263,-5.051736,113.066116,17.411348,0.060192,0.931854,-0.046546,0.354765,-7.21243,131.454437,18.838539,0.090358,0.962778,-0.109381,0.230066,-3.825526,145.77623,16.77463,0.002504,0.856474,0.12035,0.501958,-9.176487,125.508865,15.568445,0.366581,-0.576443,0.097331,-0.723781,-18.158981,127.7743,0.010023,0.061519,-0.034547,-0.549043,-0.832811,-10.615515,114.342606,-18.178242,0.159495,-0.001147,-0.530248,-0.832705,-1.41215,135.566086,-21.095057,-0.194377,0.903006,0.13066,0.360173,-4.843108,125.532822,21.820393,0.309152,0.894014,0.127547,-0.298153,7.19813,130.18512,34.518681,-0.026257,0.26841,0.429369,-0.861921,22.239676,118.822411,19.932133,0.077775,0.115603,0.349153,-0.92665,11.275603,135.795685,10.027299,0.04143,0.872358,0.078071,0.480812,-8.462454,90.481926,7.509788,0.078922,0.923755,-0.022974,0.374059,-8.358773,53.928089,0.972286,-0.01987,0.945594,0.025338,0.323752,-16.154524,6.746775,0.178403,-0.068494,0.886403,-0.085021,0.449855,1.638048,90.410683,23.623297,-0.023977,0.880301,-0.116909,0.459159,3.306557,54.16198,31.508726,-0.077471,0.870902,-0.065111,0.480924,0.19077,7.696736,42.406143,-0.01987,0.945594,0.025338,0.323752,-7.102181,1.445855,-11.293144,-0.077471,0.870902,-0.065111,0.480924,12.729575,1.087838,36.023201
338,2.816667,-0.002756,0.874952,0.009133,0.484115,-3.424562,90.448753,15.568791,-0.018089,0.881005,0.075704,0.46666,-3.53112,98.244568,15.672602,-0.033818,0.883652,0.060901,0.462933,-5.070026,113.071846,17.421364,0.060475,0.931662,-0.04673,0.355196,-7.226958,131.46138,18.838602,0.090702,0.962597,-0.109581,0.230591,-3.828929,145.780579,16.774851,0.002708,0.856389,0.119947,0.502199,-9.190308,125.514816,15.569903,0.366492,-0.576405,0.097915,-0.723777,-18.164003,127.780296,0.006399,0.061954,-0.033942,-0.548868,-0.832919,-10.623901,114.331581,-18.170681,0.160231,-0.000395,-0.530462,-0.832428,-1.40922,135.552917,-21.074909,-0.194193,0.90307,0.130561,0.360151,-4.861205,125.540527,21.824808,0.309366,0.894039,0.127393,-0.297923,7.183222,130.188675,34.521614,-0.025975,0.268499,0.42935,-0.861912,22.225042,118.812904,19.945498,0.078027,0.115768,0.349116,-0.926622,11.26173,135.782959,10.031254,0.041497,0.872565,0.077864,0.480463,-8.476125,90.486977,7.512866,0.078721,0.923855,-0.022708,0.373871,-8.3869,53.931152,0.986255,-0.02001,0.945585,0.025322,0.323771,-16.155735,6.745646,0.17775,-0.068628,0.886354,-0.084992,0.449937,1.627002,90.41053,23.624716,-0.023964,0.880225,-0.116873,0.459315,3.304579,54.162819,31.512802,-0.077626,0.870875,-0.065182,0.48094,0.187342,7.696733,42.406178,-0.02001,0.945585,0.025322,0.323771,-7.101501,1.445642,-11.292735,-0.077626,0.870875,-0.065182,0.48094,12.727807,1.088699,36.0256
339,2.825,-0.002817,0.874956,0.009295,0.484105,-3.432777,90.450874,15.572347,-0.01832,0.880905,0.075829,0.46682,-3.541389,98.246635,15.677907,-0.033617,0.88356,0.060721,0.463147,-5.088491,113.073456,17.426472,0.060524,0.931506,-0.046967,0.355566,-7.236088,131.46431,18.840786,0.091102,0.962394,-0.109716,0.231216,-3.832985,145.781708,16.773006,0.002873,0.856328,0.119635,0.502377,-9.201187,125.518456,15.571831,0.366319,-0.57637,0.098505,-0.723812,-18.168371,127.784119,0.004604,0.062392,-0.033357,-0.54867,-0.83304,-10.631886,114.320229,-18.162741,0.161051,0.000379,-0.530667,-0.832139,-1.405321,135.537933,-21.055031,-0.194204,0.903034,0.13021,0.360362,-4.874895,125.542488,21.828688,0.309608,0.894045,0.12723,-0.297722,7.163861,130.194305,34.529518,-0.025803,0.268766,0.429372,-0.861823,22.204231,118.804596,19.962811,0.077985,0.11597,0.349224,-0.926559,11.248705,135.771255,10.036449,0.041269,0.872638,0.078071,0.480317,-8.484515,90.489578,7.516535,0.078854,0.92387,-0.022755,0.373804,-8.374178,53.934742,0.984702,-0.020765,0.945521,0.024845,0.323946,-16.156336,6.751433,0.176094,-0.068682,0.886341,-0.084803,0.449991,1.618962,90.412178,23.628157,-0.02402,0.880071,-0.116928,0.459594,3.305938,54.162621,31.505798,-0.077536,0.870866,-0.065101,0.480981,0.187586,7.698026,42.405231,-0.020765,0.945521,0.024845,0.323946,-7.091268,1.445676,-11.283166,-0.077536,0.870866,-0.065101,0.480981,12.728085,1.09056,36.024128
340,2.833333,-0.002907,0.874968,0.009451,0.484079,-3.440944,90.451256,15.576653,-0.018606,0.880822,0.075955,0.466945,-3.551955,98.246964,15.68367,-0.033432,0.88349,0.060525,0.46332,-5.10909,113.077019,17.431801,0.060626,0.931329,-0.047418,0.355952,-7.247552,131.469208,18.842491,0.091557,0.962163,-0.109787,0.231963,-3.835678,145.783203,16.765553,0.003019,0.856272,0.119216,0.502569,-9.214589,125.523888,15.573751,0.365877,-0.576277,0.099408,-0.723987,-18.174723,127.787308,0.002144,0.062652,-0.032952,-0.548423,-0.8332,-10.64164,114.305183,-18.153086,0.161775,0.001046,-0.530677,-0.831992,-1.400381,135.519882,-21.03606,-0.194069,0.903017,0.130048,0.360534,-4.890543,125.546623,21.832161,0.309849,0.894051,0.127257,-0.297442,7.145607,130.195206,34.536636,-0.025667,0.269001,0.429352,-0.861764,22.186787,118.793808,19.979918,0.077903,0.116304,0.348883,-0.926653,11.23627,135.756973,10.042628,0.041351,0.872704,0.078178,0.480172,-8.493146,90.489899,7.521135,0.078753,0.923817,-0.022758,0.373955,-8.385312,53.936813,0.979491,-0.021682,0.945446,0.024441,0.324137,-16.158632,6.752005,0.173506,-0.068771,0.886101,-0.084624,0.450482,1.611258,90.412613,23.632172,-0.024059,0.880018,-0.116972,0.459681,3.305809,54.161739,31.502062,-0.077494,0.870849,-0.065026,0.481028,0.187666,7.698298,42.406464,-0.021682,0.945446,0.024441,0.324137,-7.080379,1.444114,-11.274315,-0.077494,0.870849,-0.065026,0.481028,12.728782,1.092054,36.025314
341,2.841667,-0.002942,0.874955,0.009638,0.484099,-3.449142,90.452385,15.579161,-0.01879,0.880711,0.076144,0.467116,-3.562043,98.248032,15.688449,-0.033267,0.883391,0.060287,0.46355,-5.127211,113.07901,17.438887,0.060736,0.931177,-0.047544,0.356315,-7.256578,131.472687,18.84411,0.092061,0.961954,-0.110053,0.232503,-3.839108,145.785278,16.766754,0.003141,0.856219,0.118938,0.502726,-9.225164,125.527618,15.575823,0.366021,-0.57619,0.099887,-0.723917,-18.179564,127.790413,0.000829,0.063263,-0.032389,-0.548266,-0.833279,-10.646247,114.289665,-18.140453,0.16259,0.001695,-0.530548,-0.831914,-1.395761,135.499893,-21.016678,-0.193774,0.902927,0.129476,0.361123,-4.9042,125.549553,21.836365,0.309999,0.894058,0.127196,-0.297291,7.120695,130.192581,34.553528,-0.025528,0.269426,0.429386,-0.861618,22.161718,118.782875,20.003149,0.077865,0.116536,0.348855,-0.926637,11.224027,135.741501,10.049633,0.041298,0.872837,0.078216,0.479929,-8.500973,90.492157,7.523416,0.07872,0.923901,-0.022749,0.373755,-8.390182,53.939182,0.981186,-0.022103,0.945478,0.024142,0.324038,-16.160471,6.753835,0.177296,-0.06882,0.886153,-0.084566,0.450384,1.602689,90.412613,23.634907,-0.024084,0.879965,-0.116947,0.459789,3.303295,54.161499,31.502415,-0.077538,0.870838,-0.064987,0.481046,0.187073,7.697606,42.405449,-0.022103,0.945478,0.024142,0.324038,-7.080996,1.441789,-11.267632,-0.077538,0.870838,-0.064987,0.481046,12.729177,1.093023,36.024525
342,2.85,-0.002963,0.874944,0.009709,0.484117,-3.458679,90.452606,15.582824,-0.019114,0.880632,0.076368,0.467214,-3.572412,98.24823,15.692927,-0.033009,0.883349,0.0601,0.463674,-5.149548,113.07856,17.444576,0.060873,0.931034,-0.047725,0.356639,-7.267433,131.473694,18.847872,0.092612,0.961722,-0.110325,0.233113,-3.843208,145.784424,16.768717,0.003435,0.856144,0.118321,0.502997,-9.239058,125.529648,15.579576,0.365999,-0.576104,0.100434,-0.723921,-18.183527,127.791473,-0.001262,0.063816,-0.03181,-0.548037,-0.833409,-10.650711,114.273926,-18.130232,0.163389,0.002388,-0.530536,-0.831763,-1.386769,135.479599,-20.99762,-0.193639,0.902904,0.129191,0.361356,-4.919575,125.549294,21.841143,0.310138,0.894102,0.126802,-0.297182,7.101129,130.190353,34.562977,-0.025562,0.269769,0.429371,-0.861517,22.141161,118.767868,20.02162,0.07779,0.116844,0.348857,-0.926604,11.210988,135.725067,10.056459,0.041271,0.872953,0.078298,0.479708,-8.510179,90.492683,7.526875,0.078642,0.923788,-0.022746,0.37405,-8.396343,53.940498,0.980286,-0.020839,0.945504,0.024762,0.323997,-16.159399,6.753966,0.176443,-0.068845,0.886127,-0.084491,0.450445,1.592821,90.412529,23.638773,-0.024158,0.880029,-0.116899,0.459674,3.297076,54.160725,31.502306,-0.077715,0.870844,-0.065083,0.480995,0.190654,7.696104,42.405014,-0.020839,0.945504,0.024762,0.323997,-7.092577,1.446661,-11.280703,-0.077715,0.870844,-0.065083,0.480995,12.73347,1.091921,36.025078
343,2.858333,-0.003114,0.874884,0.009914,0.48422,-3.460083,90.45002,15.584699,-0.019369,0.880459,0.076842,0.467453,-3.57743,98.245567,15.696451,-0.03296,0.883203,0.059756,0.463999,-5.169308,113.081894,17.457533,0.061146,0.930822,-0.047942,0.357118,-7.280215,131.478699,18.849627,0.093088,0.961494,-0.110603,0.233731,-3.844599,145.786591,16.769909,0.003503,0.856106,0.117886,0.503164,-9.252052,125.533783,15.58302,0.36596,-0.575895,0.101022,-0.724026,-18.190428,127.790512,-0.002062,0.064358,-0.031306,-0.547845,-0.833513,-10.651785,114.256927,-18.116648,0.164152,0.002959,-0.530706,-0.831503,-1.376052,135.459549,-20.978025,-0.193498,0.902902,0.129033,0.361494,-4.937105,125.554832,21.847715,0.310524,0.894058,0.126922,-0.29686,7.081966,130.192719,34.572262,-0.025236,0.269886,0.429404,-0.861473,22.119696,118.754181,20.041128,0.077681,0.1172,0.349223,-0.92643,11.193921,135.707687,10.065885,0.041383,0.873096,0.078295,0.479438,-8.509665,90.48951,7.527539,0.078568,0.923751,-0.022717,0.374159,-8.405242,53.937984,0.977112,-0.021897,0.945447,0.024338,0.324126,-16.160711,6.750217,0.172467,-0.068871,0.886092,-0.084413,0.450525,1.5895,90.41053,23.641857,-0.024212,0.880017,-0.116889,0.459697,3.297351,54.158012,31.501341,-0.076896,0.870943,-0.064667,0.481003,0.195604,7.693422,42.405544,-0.021897,0.945447,0.024338,0.324126,-7.080728,1.441593,-11.273651,-0.076896,0.870943,-0.064667,0.481003,12.731308,1.085943,36.015041
344,2.866667,-0.003237,0.874885,0.010036,0.484217,-3.469514,90.450417,15.589637,-0.019584,0.880376,0.076927,0.467586,-3.589461,98.245911,15.702126,-0.032787,0.883127,0.059605,0.464176,-5.188618,113.082634,17.462301,0.061387,0.930616,-0.048401,0.357551,-7.291536,131.480515,18.852041,0.093551,0.96124,-0.110716,0.234539,-3.843143,145.784241,16.764706,0.003698,0.85608,0.11758,0.503277,-9.264903,125.536255,15.585205,0.365991,-0.575322,0.101963,-0.724333,-18.199085,127.793922,-0.002141,0.064857,-0.031205,-0.547919,-0.833429,-10.638085,114.235474,-18.088787,0.164789,0.003331,-0.530696,-0.831382,-1.365539,135.439133,-20.959211,-0.193415,0.902847,0.128864,0.361736,-4.952284,125.55584,21.851509,0.310542,0.894177,0.126189,-0.296795,7.061613,130.191727,34.581673,-0.025342,0.270258,0.42939,-0.861361,22.100643,118.739914,20.062346,0.077807,0.117371,0.349538,-0.926279,11.182687,135.693436,10.075459,0.041436,0.87286,0.078259,0.479869,-8.519151,90.488983,7.532509,0.078497,0.923945,-0.02261,0.373701,-8.416178,53.937363,0.982575,-0.020861,0.945447,0.024988,0.324146,-16.162025,6.748068,0.174839,-0.068961,0.886044,-0.084349,0.450617,1.580122,90.41185,23.646765,-0.024195,0.879893,-0.116845,0.459947,3.295215,54.159462,31.505213,-0.076876,0.870895,-0.064613,0.481101,0.190859,7.693821,42.404156,-0.020861,0.945447,0.024988,0.324146,-7.090657,1.447278,-11.281731,-0.076876,0.870895,-0.064613,0.481101,12.728143,1.087584,36.015476
345,2.875,-0.003339,0.874833,0.01027,0.484305,-3.477928,90.451057,15.59172,-0.019769,0.880275,0.076894,0.467774,-3.601044,98.246468,15.706606,-0.032612,0.883026,0.05963,0.464376,-5.20495,113.082649,17.462891,0.061696,0.930428,-0.048585,0.357961,-7.302881,131.480835,18.856041,0.094031,0.961002,-0.110979,0.235197,-3.84273,145.781784,16.769108,0.003886,0.856085,0.117233,0.503349,-9.276661,125.537933,15.586977,0.366265,-0.575089,0.102325,-0.724329,-18.20817,127.79541,-0.001934,0.065516,-0.030728,-0.547705,-0.833536,-10.637929,114.221039,-18.072771,0.165366,0.003682,-0.530631,-0.831307,-1.353576,135.418396,-20.940811,-0.193421,0.902652,0.128322,0.362411,-4.966701,125.554749,21.855116,0.310744,0.89422,0.126334,-0.296392,7.029416,130.193405,34.601028,-0.025006,0.270692,0.429449,-0.861205,22.073832,118.731941,20.094902,0.077965,0.117632,0.349702,-0.926171,11.169229,135.680344,10.087106,0.041399,0.872936,0.078242,0.479737,-8.525923,90.490089,7.533565,0.078461,0.923988,-0.022557,0.373605,-8.422147,53.938042,0.986049,-0.020883,0.945431,0.025065,0.324185,-16.162962,6.747958,0.17575,-0.0691,0.885947,-0.084246,0.450806,1.570066,90.412018,23.649874,-0.024253,0.879799,-0.116838,0.460125,3.296097,54.159767,31.506586,-0.07614,0.870931,-0.063892,0.481248,0.19474,7.69423,42.406845,-0.020883,0.945431,0.025065,0.324185,-7.090191,1.4495,-11.28079,-0.07614,0.870931,-0.063892,0.481248,12.729549,1.093516,36.007607
346,2.883333,-0.003503,0.874789,0.010363,0.48438,-3.486606,90.453949,15.597686,-0.019985,0.880166,0.077009,0.467951,-3.612671,98.249313,15.712603,-0.032529,0.882923,0.059525,0.464591,-5.224323,113.085381,17.468628,0.062344,0.930189,-0.049195,0.358387,-7.318086,131.484238,18.859259,0.094441,0.960791,-0.111036,0.235867,-3.832638,145.777969,16.764954,0.004043,0.855959,0.116985,0.50362,-9.291882,125.54158,15.589756,0.366438,-0.574894,0.102898,-0.724315,-18.21348,127.800537,-0.004612,0.066055,-0.03033,-0.547481,-0.833656,-10.638137,114.205132,-18.057489,0.165863,0.003992,-0.530514,-0.831281,-1.341046,135.397629,-20.92334,-0.193275,0.902631,0.128191,0.362587,-4.984876,125.557793,21.859928,0.31108,0.894203,0.126421,-0.296053,7.008661,130.192444,34.609718,-0.024802,0.270816,0.429707,-0.861043,22.052687,118.716095,20.114967,0.078231,0.117744,0.34993,-0.926048,11.160859,135.669403,10.100486,0.041403,0.872845,0.078495,0.47986,-8.53319,90.491142,7.53864,0.078501,0.923884,-0.022725,0.373844,-8.419738,53.942062,0.974724,-0.020929,0.945391,0.02496,0.324307,-16.16983,6.753311,0.175843,-0.069207,0.885862,-0.08404,0.450995,1.559978,90.416756,23.656733,-0.024154,0.879557,-0.116827,0.460595,3.298322,54.163025,31.503922,-0.076001,0.87078,-0.063749,0.481562,0.183289,7.696777,42.39724,-0.020929,0.945391,0.02496,0.324307,-7.093956,1.452467,-11.277133,-0.076001,0.87078,-0.063749,0.481562,12.722219,1.098184,36.003895
347,2.891667,-0.003672,0.87474,0.010554,0.484464,-3.492115,90.452583,15.60181,-0.020335,0.880024,0.077114,0.468186,-3.621946,98.247864,15.718041,-0.032333,0.882793,0.059413,0.464867,-5.245245,113.087212,17.471937,0.062824,0.930016,-0.049089,0.358767,-7.33109,131.48703,18.861656,0.094939,0.960604,-0.111389,0.236262,-3.832312,145.778961,16.777267,0.004198,0.855882,0.116724,0.503809,-9.30577,125.545372,15.590878,0.366795,-0.574643,0.10339,-0.724264,-18.22043,127.805183,-0.007331,0.066577,-0.030163,-0.547131,-0.833849,-10.636175,114.18766,-18.039778,0.165807,0.003998,-0.530289,-0.831436,-1.321564,135.369537,-20.911427,-0.193062,0.902567,0.127925,0.362953,-5.002476,125.559441,21.863602,0.311366,0.894184,0.126326,-0.295851,6.984419,130.188461,34.621681,-0.024858,0.271115,0.430024,-0.860789,22.025702,118.69767,20.135536,0.078381,0.118064,0.350169,-0.925904,11.153032,135.659973,10.113684,0.041352,0.872919,0.078547,0.479722,-8.53714,90.488739,7.541782,0.078559,0.923919,-0.022706,0.373747,-8.419517,53.939949,0.976315,-0.020966,0.945351,0.025044,0.324414,-16.174116,6.751993,0.174446,-0.06923,0.885799,-0.084017,0.45112,1.552909,90.416428,23.66184,-0.024321,0.879624,-0.116799,0.460466,3.292417,54.162643,31.508518,-0.076175,0.870898,-0.063767,0.481318,0.194306,7.696545,42.40731,-0.020966,0.945351,0.025044,0.324414,-7.095007,1.453845,-11.277217,-0.076175,0.870898,-0.063767,0.481318,12.731232,1.0995,36.008434
348,2.9,-0.004351,0.874618,0.011003,0.484668,-3.475586,90.440376,15.605127,-0.020972,0.879869,0.077334,0.468413,-3.618093,98.23542,15.722307,-0.032235,0.882681,0.059274,0.465105,-5.263455,113.088242,17.47434,0.062977,0.929888,-0.048882,0.359101,-7.344069,131.488922,18.860657,0.095666,0.960395,-0.111689,0.236674,-3.842031,145.781342,16.785194,0.004356,0.855806,0.116509,0.503987,-9.318967,125.547478,15.589597,0.366954,-0.574391,0.103984,-0.724298,-18.227085,127.80899,-0.01211,0.067098,-0.029778,-0.546908,-0.833968,-10.634908,114.170837,-18.025627,0.166295,0.004211,-0.530051,-0.831489,-1.307631,135.347931,-20.895096,-0.192784,0.902406,0.127512,0.363646,-5.018937,125.560928,21.864561,0.311388,0.894278,0.126418,-0.295506,6.953599,130.181976,34.639008,-0.024904,0.271629,0.430095,-0.86059,22.003942,118.68808,20.164728,0.078313,0.118344,0.350279,-0.925833,11.146746,135.650208,10.126482,0.041593,0.87324,0.078357,0.479148,-8.516743,90.469414,7.54265,0.078585,0.923978,-0.022617,0.373601,-8.425869,53.919899,0.980782,-0.0213,0.945281,0.025507,0.32456,-16.179714,6.731942,0.17133,-0.06905,0.885737,-0.084041,0.451264,1.56557,90.411339,23.667606,-0.024333,0.879604,-0.116788,0.460505,3.291208,54.155994,31.510136,-0.076226,0.870915,-0.063575,0.481306,0.19405,7.689696,42.408371,-0.0213,0.945281,0.025507,0.32456,-7.092044,1.449889,-11.280977,-0.076226,0.870915,-0.063575,0.481306,12.732294,1.097865,36.006702
349,2.908333,-0.004895,0.874543,0.011308,0.484792,-3.466912,90.432343,15.609855,-0.021542,0.879738,0.077452,0.468613,-3.619161,98.227211,15.727061,-0.03209,0.882574,0.059265,0.465318,-5.282999,113.090683,17.47518,0.063037,0.929725,-0.049411,0.359439,-7.359042,131.491745,18.863209,0.096415,0.960154,-0.111657,0.237363,-3.84873,145.780396,16.77586,0.004538,0.855746,0.116197,0.50416,-9.334124,125.551346,15.590386,0.367312,-0.574013,0.104416,-0.724353,-18.235861,127.81353,-0.014858,0.067933,-0.029226,-0.546715,-0.834047,-10.627311,114.156975,-18.007507,0.167071,0.004564,-0.530156,-0.831265,-1.289065,135.328293,-20.876179,-0.192439,0.902288,0.127063,0.364278,-5.036963,125.562668,21.867319,0.31137,0.894401,0.126247,-0.295223,6.923746,130.174622,34.656113,-0.025175,0.272241,0.430185,-0.860344,21.982592,118.675545,20.194813,0.078183,0.118742,0.350391,-0.92575,11.143441,135.641006,10.140833,0.041782,0.873153,0.078524,0.479263,-8.505683,90.455177,7.545867,0.078606,0.923801,-0.022828,0.374021,-8.420149,53.908775,0.966625,-0.02151,0.94525,0.025738,0.324618,-16.183018,6.72206,0.171525,-0.068909,0.885659,-0.08401,0.451445,1.571859,90.409508,23.673841,-0.024383,0.879519,-0.116769,0.460671,3.287774,54.152344,31.510056,-0.076276,0.870915,-0.063534,0.481304,0.19364,7.685855,42.40831,-0.02151,0.94525,0.025738,0.324618,-7.090977,1.44845,-11.281199,-0.076276,0.870915,-0.063534,0.481304,12.732606,1.095741,36.006279
350,2.916667,-0.004578,0.874474,0.011189,0.484922,-3.493549,90.438965,15.61549,-0.021404,0.87959,0.077418,0.468903,-3.640585,98.233917,15.733457,-0.032004,0.882408,0.05907,0.465664,-5.300347,113.093185,17.481556,0.063586,0.929516,-0.048874,0.359956,-7.370766,131.495316,18.863907,0.096784,0.959952,-0.112137,0.237802,-3.849163,145.784531,16.799589,0.004775,0.855655,0.116028,0.50435,-9.345489,125.554893,15.590884,0.367766,-0.573742,0.104797,-0.724283,-18.240215,127.822113,-0.017627,0.068698,-0.02877,-0.546509,-0.834135,-10.620616,114.145065,-17.990025,0.167592,0.004891,-0.530045,-0.831229,-1.271911,135.308075,-20.859535,-0.192256,0.90221,0.126986,0.364595,-5.053153,125.566055,21.871117,0.311624,0.894407,0.126769,-0.294714,6.901714,130.171066,34.667881,-0.025152,0.272492,0.430353,-0.860181,21.967323,118.665329,20.21892,0.077964,0.119095,0.350431,-0.925708,11.141833,135.632706,10.157804,0.041559,0.873016,0.078584,0.479521,-8.529986,90.466019,7.550057,0.078556,0.92382,-0.022722,0.37399,-8.425977,53.918945,0.974867,-0.02151,0.945286,0.025495,0.324533,-16.180717,6.731015,0.172509,-0.069175,0.885585,-0.083748,0.451598,1.542888,90.411911,23.680922,-0.024436,0.879458,-0.11675,0.460789,3.283733,54.154205,31.509161,-0.076245,0.870908,-0.063528,0.481321,0.193488,7.687542,42.40778,-0.02151,0.945286,0.025495,0.324533,-7.091493,1.450662,-11.279345,-0.076245,0.870908,-0.063528,0.481321,12.732413,1.097155,36.005966
351,2.925,-0.004677,0.874343,0.011156,0.485158,-3.500455,90.437408,15.621056,-0.02164,0.879417,0.07762,0.469183,-3.648632,98.232361,15.737787,-0.031854,0.882262,0.058952,0.465965,-5.318599,113.095245,17.487885,0.063857,0.929345,-0.048794,0.360359,-7.38257,131.498245,18.868282,0.097306,0.959754,-0.112357,0.238284,-3.852975,145.78653,16.811123,0.004892,0.855593,0.115758,0.504517,-9.357516,125.55851,15.594154,0.36774,-0.57348,0.105334,-0.724425,-18.246077,127.825119,-0.017954,0.069196,-0.028441,-0.546193,-0.834312,-10.617543,114.134132,-17.975946,0.168081,0.005136,-0.529909,-0.831216,-1.251794,135.290085,-20.844622,-0.192204,0.902113,0.127009,0.364855,-5.069305,125.568161,21.877205,0.311659,0.894515,0.126839,-0.29432,6.879433,130.169281,34.681087,-0.025395,0.272882,0.430359,-0.860047,21.955091,118.659081,20.246178,0.0777,0.11963,0.350451,-0.925654,11.140133,135.626389,10.177024,0.041541,0.873051,0.078632,0.479451,-8.532518,90.462578,7.552889,0.078627,0.923833,-0.022719,0.373945,-8.426082,53.915955,0.975204,-0.021571,0.945237,0.025591,0.324665,-16.186956,6.729075,0.17045,-0.069289,0.885472,-0.083591,0.45183,1.531608,90.412247,23.689222,-0.02445,0.879397,-0.116723,0.46091,3.283212,54.153763,31.511461,-0.076233,0.870903,-0.063384,0.481352,0.193784,7.68657,42.408077,-0.021571,0.945237,0.025591,0.324665,-7.093611,1.452001,-11.279644,-0.076233,0.870903,-0.063384,0.481352,12.733759,1.099414,36.00499
352,2.933333,-0.004903,0.874273,0.011354,0.485277,-3.505255,90.438843,15.625471,-0.021771,0.879242,0.077754,0.469484,-3.658023,98.233688,15.74316,-0.031792,0.882071,0.058921,0.466334,-5.334061,113.096825,17.494444,0.06393,0.929198,-0.04906,0.360689,-7.396033,131.500107,18.874077,0.098114,0.959572,-0.112281,0.238721,-3.860529,145.786255,16.812237,0.005132,0.855515,0.115474,0.504711,-9.369296,125.560867,15.598022,0.367804,-0.573286,0.105749,-0.724487,-18.250692,127.830521,-0.017726,0.069746,-0.02804,-0.545867,-0.834493,-10.61569,114.126572,-17.963085,0.168537,0.005492,-0.529887,-0.831135,-1.232128,135.275208,-20.829374,-0.192223,0.902037,0.126993,0.365038,-5.086257,125.569473,21.884604,0.311793,0.894598,0.127148,-0.293792,6.85738,130.170029,34.693451,-0.025374,0.27312,0.430483,-0.859911,21.943842,118.653992,20.274487,0.07761,0.119817,0.350868,-0.92548,11.139636,135.62323,10.197623,0.041554,0.873169,0.078447,0.479266,-8.535083,90.462097,7.555903,0.078647,0.924039,-0.022498,0.373445,-8.437515,53.913395,0.989654,-0.02169,0.945175,0.025761,0.324825,-16.192696,6.725863,0.168781,-0.069357,0.885355,-0.083445,0.452076,1.524572,90.415588,23.69504,-0.024454,0.87928,-0.116766,0.461123,3.283427,54.155987,31.510466,-0.076213,0.870884,-0.063289,0.481401,0.189817,7.689777,42.410065,-0.02169,0.945175,0.025761,0.324825,-7.093697,1.454702,-11.279547,-0.076213,0.870884,-0.063289,0.481401,12.730805,1.104654,36.006874
353,2.941667,-0.005053,0.874226,0.011489,0.485358,-3.513031,90.4394,15.631405,-0.021825,0.879128,0.077727,0.469698,-3.668877,98.234169,15.749788,-0.031659,0.881945,0.058885,0.466586,-5.34657,113.099167,17.499414,0.064442,0.928989,-0.048654,0.361192,-7.403977,131.502914,18.879572,0.098301,0.959372,-0.112611,0.239293,-3.856945,145.78894,16.83679,0.005202,0.855416,0.115338,0.504909,-9.377158,125.564552,15.6019,0.367723,-0.573087,0.10625,-0.724612,-18.25127,127.834686,-0.017917,0.070068,-0.027794,-0.54563,-0.834629,-10.610476,114.118507,-17.951454,0.168888,0.005719,-0.529539,-0.831284,-1.214502,135.261246,-20.81571,-0.192142,0.901946,0.126847,0.365356,-5.097566,125.571358,21.890831,0.311858,0.894685,0.127665,-0.293233,6.838769,130.169144,34.707474,-0.025263,0.27327,0.430527,-0.859844,21.938951,118.652893,20.303047,0.077546,0.119965,0.351158,-0.925355,11.140511,135.620773,10.219483,0.041506,0.873099,0.078518,0.479386,-8.541341,90.461433,7.560889,0.078715,0.923911,-0.022559,0.373742,-8.437236,53.913261,0.991815,-0.022075,0.945166,0.025552,0.324841,-16.200329,6.727016,0.171387,-0.069414,0.885283,-0.083354,0.452225,1.51528,90.417358,23.70192,-0.024479,0.879205,-0.116729,0.461273,3.279651,54.157234,31.513632,-0.076251,0.870871,-0.063232,0.481426,0.187876,7.690313,42.410713,-0.022075,0.945166,0.025552,0.324841,-7.09747,1.453866,-11.272952,-0.076251,0.870871,-0.063232,0.481426,12.729974,1.107198,36.007629
354,2.95,-0.005202,0.874172,0.0116,0.48545,-3.520103,90.439117,15.63687,-0.021974,0.879035,0.07764,0.469879,-3.678834,98.233826,15.755622,-0.03151,0.881847,0.058942,0.466775,-5.359467,113.097931,17.500357,0.064593,0.928847,-0.049077,0.361473,-7.41326,131.501785,18.884544,0.098875,0.959202,-0.112326,0.23987,-3.856797,145.784271,16.833439,0.005322,0.855319,0.115218,0.505101,-9.386462,125.564728,15.604505,0.367672,-0.572869,0.106651,-0.724751,-18.253527,127.837181,-0.018977,0.070456,-0.027457,-0.54537,-0.834778,-10.604897,114.111641,-17.942003,0.169233,0.006041,-0.529406,-0.831296,-1.194959,135.248322,-20.802296,-0.192013,0.901792,0.126469,0.365935,-5.109414,125.568901,21.895168,0.31182,0.894832,0.127885,-0.292727,6.813392,130.163727,34.725456,-0.025443,0.273811,0.430559,-0.859651,21.928818,118.646873,20.337513,0.077287,0.120349,0.351376,-0.925245,11.144856,135.615189,10.238816,0.04152,0.873019,0.078578,0.479521,-8.546673,90.459732,7.565267,0.0787,0.923905,-0.022542,0.373763,-8.440323,53.912342,0.991841,-0.022062,0.945155,0.025581,0.324871,-16.201441,6.725791,0.170345,-0.069449,0.885286,-0.083256,0.452232,1.506467,90.418503,23.708475,-0.024497,0.879208,-0.116697,0.461275,3.276319,54.15752,31.514978,-0.076242,0.870854,-0.063242,0.481457,0.187445,7.689974,42.410217,-0.022062,0.945155,0.025581,0.324871,-7.097916,1.453336,-11.273785,-0.076242,0.870854,-0.063242,0.481457,12.729892,1.106586,36.008106
355,2.958333,-0.005298,0.874086,0.011771,0.485599,-3.529091,90.440002,15.6398,-0.021952,0.878889,0.077791,0.470129,-3.690446,98.234634,15.76013,-0.031461,0.881698,0.058777,0.46708,-5.373465,113.100838,17.508995,0.064999,0.928686,-0.049167,0.361801,-7.423285,131.505524,18.887926,0.099343,0.95909,-0.112119,0.240224,-3.85373,145.785278,16.840488,0.005385,0.855198,0.114727,0.505416,-9.395839,125.568321,15.607791,0.367579,-0.572631,0.106963,-0.724941,-18.251354,127.834999,-0.023074,0.070717,-0.027052,-0.545224,-0.834864,-10.592881,114.104424,-17.938044,0.169601,0.006274,-0.52928,-0.8313,-1.174004,135.239761,-20.788973,-0.19181,0.901714,0.126252,0.366309,-5.123071,125.572655,21.90136,0.311886,0.894922,0.128045,-0.29231,6.792642,130.161469,34.740383,-0.025633,0.274197,0.43069,-0.859456,21.917734,118.640175,20.366169,0.077071,0.120637,0.35167,-0.925113,11.148211,135.6129,10.258598,0.041501,0.872744,0.078766,0.479991,-8.552893,90.46064,7.566473,0.078732,0.923698,-0.022697,0.374256,-8.435036,53.915333,0.981677,-0.021967,0.945134,0.025482,0.324947,-16.204081,6.729942,0.168507,-0.069507,0.885249,-0.083151,0.452314,1.494711,90.419373,23.713127,-0.024578,0.879105,-0.116659,0.461477,3.271257,54.157681,31.51483,-0.076188,0.870879,-0.063223,0.481423,0.188364,7.689667,42.409767,-0.021967,0.945134,0.025482,0.324947,-7.100052,1.453856,-11.273552,-0.076188,0.870879,-0.063223,0.481423,12.72974,1.105757,36.006088
356,2.966667,-0.003557,0.87413,0.011037,0.485554,-3.615592,90.471878,15.651038,-0.020794,0.878837,0.077108,0.470392,-3.747656,98.267006,15.774554,-0.031368,0.881534,0.058688,0.467407,-5.386718,113.100029,17.516998,0.065346,0.9285,-0.049367,0.362188,-7.432477,131.505325,18.8939,0.099644,0.958964,-0.111859,0.24072,-3.850091,145.781906,16.846846,0.005437,0.855051,0.114643,0.505683,-9.404288,125.568558,15.612512,0.367462,-0.572391,0.107298,-0.725139,-18.249985,127.836418,-0.023746,0.070939,-0.026791,-0.545055,-0.834964,-10.581868,114.100609,-17.930586,0.169819,0.006501,-0.529028,-0.831413,-1.154112,135.231567,-20.776447,-0.191824,0.901647,0.126307,0.366446,-5.136076,125.571907,21.909176,0.31191,0.895045,0.128007,-0.291926,6.775807,130.159363,34.752243,-0.026025,0.274574,0.430814,-0.859262,21.910887,118.632332,20.393137,0.076788,0.120957,0.351871,-0.925019,11.154785,135.612289,10.280569,0.040517,0.872313,0.079155,0.480795,-8.64052,90.514656,7.578496,0.078897,0.923577,-0.022358,0.374542,-8.438983,53.967918,1.003671,-0.020862,0.945031,0.024461,0.325398,-16.210121,6.783548,0.152235,-0.070362,0.885177,-0.082528,0.452438,1.409336,90.4291,23.723579,-0.024662,0.879125,-0.116609,0.461447,3.261858,54.168617,31.51325,-0.07606,0.870909,-0.063447,0.48136,0.188641,7.699871,42.407818,-0.020862,0.945031,0.024461,0.325398,-7.11037,1.468673,-11.27527,-0.07606,0.870909,-0.063447,0.48136,12.726493,1.108568,36.004837
357,2.975,-0.00531,0.873922,0.011904,0.485891,-3.5504,90.441422,15.650159,-0.021913,0.878641,0.077832,0.470587,-3.712961,98.236008,15.772162,-0.031272,0.88144,0.058671,0.467593,-5.396161,113.099693,17.521496,0.065507,0.928379,-0.049499,0.362451,-7.438776,131.50528,18.899082,0.100079,0.958843,-0.111528,0.241176,-3.84972,145.780151,16.851606,0.005458,0.854909,0.114618,0.505928,-9.410448,125.569176,15.616404,0.367368,-0.572193,0.107563,-0.725305,-18.247169,127.838196,-0.024757,0.071107,-0.026529,-0.544887,-0.835067,-10.570923,114.09845,-17.925085,0.169929,0.006685,-0.528801,-0.831534,-1.133749,135.226822,-20.764677,-0.191813,0.901554,0.126221,0.36671,-5.144796,125.571167,21.914801,0.311882,0.895163,0.128033,-0.291583,6.760234,130.157547,34.764599,-0.026328,0.274833,0.430902,-0.859126,21.905661,118.62822,20.418266,0.076575,0.121146,0.352194,-0.924889,11.159483,135.612869,10.303443,0.041453,0.872545,0.078884,0.480338,-8.568801,90.463181,7.573476,0.078701,0.923581,-0.022635,0.374556,-8.440955,53.918964,0.9828,-0.021499,0.945085,0.025649,0.325106,-16.20484,6.73284,0.162806,-0.069635,0.88525,-0.082946,0.45233,1.468001,90.41967,23.726841,-0.024654,0.87912,-0.116569,0.461468,3.259702,54.15678,31.519499,-0.076397,0.870909,-0.063301,0.481325,0.187376,7.68711,42.41037,-0.021499,0.945085,0.025649,0.325106,-7.101503,1.456843,-11.279844,-0.076397,0.870909,-0.063301,0.481325,12.729181,1.104382,36.006313
358,2.983333,-0.003767,0.874043,0.011199,0.485705,-3.631871,90.472389,15.666909,-0.021098,0.878616,0.077138,0.470786,-3.768036,98.267441,15.791019,-0.031097,0.881305,0.058621,0.467865,-5.416678,113.102959,17.52956,0.065753,0.92824,-0.049649,0.362742,-7.453137,131.509171,18.907944,0.100579,0.958718,-0.111256,0.241588,-3.854859,145.781723,16.8606,0.005565,0.854718,0.114782,0.506212,-9.425123,125.574173,15.623463,0.367402,-0.571835,0.107923,-0.725515,-18.251375,127.850662,-0.022519,0.071455,-0.026343,-0.544715,-0.835156,-10.559357,114.102699,-17.909752,0.170008,0.006944,-0.528681,-0.831592,-1.113818,135.224899,-20.750214,-0.19215,0.901452,0.126468,0.3667,-5.163178,125.57386,21.924364,0.311987,0.895345,0.127941,-0.290952,6.737422,130.167313,34.775742,-0.026675,0.275366,0.430955,-0.858918,21.897293,118.625679,20.454573,0.076314,0.121709,0.352147,-0.924854,11.166256,135.613556,10.328331,0.040505,0.872216,0.079361,0.480937,-8.653978,90.513214,7.592607,0.078932,0.923397,-0.0224,0.374975,-8.443134,53.96883,1.005024,-0.021291,0.944995,0.024279,0.325488,-16.21843,6.785157,0.152397,-0.070399,0.885209,-0.082367,0.452399,1.390237,90.431557,23.741213,-0.024682,0.879072,-0.116481,0.46158,3.251003,54.169498,31.521542,-0.076246,0.870839,-0.063427,0.48146,0.183542,7.697988,42.405918,-0.021291,0.944995,0.024279,0.325488,-7.112476,1.46951,-11.269799,-0.076246,0.870839,-0.063427,0.48146,12.725179,1.110388,36.006554
359,2.991667,-0.003815,0.873863,0.011408,0.486024,-3.639813,90.475266,15.668027,-0.021035,0.87848,0.077196,0.471033,-3.778264,98.270241,15.794582,-0.030998,0.881188,0.058655,0.468088,-5.426099,113.101814,17.534624,0.065906,0.928162,-0.049671,0.362912,-7.460242,131.508118,18.915327,0.101024,0.958664,-0.11085,0.241804,-3.856973,145.779678,16.869957,0.005596,0.854525,0.114891,0.506514,-9.431586,125.574028,15.628813,0.367262,-0.571631,0.108192,-0.725707,-18.246782,127.854691,-0.022796,0.071574,-0.026066,-0.544607,-0.835225,-10.546384,114.103851,-17.904217,0.170123,0.007219,-0.528523,-0.831667,-1.094519,135.224762,-20.736704,-0.192151,0.901342,0.126368,0.367004,-5.172723,125.571884,21.931801,0.311995,0.895454,0.128216,-0.290486,6.719767,130.164551,34.790966,-0.026995,0.275767,0.431078,-0.858718,21.892292,118.621918,20.484001,0.076043,0.122097,0.352179,-0.924813,11.176286,135.614594,10.351403,0.040481,0.872116,0.079277,0.481134,-8.656023,90.517326,7.590065,0.07896,0.923239,-0.022399,0.375357,-8.445147,53.971809,1.008754,-0.021259,0.944979,0.024227,0.325539,-16.222525,6.788567,0.151802,-0.070494,0.885181,-0.082292,0.452452,1.376397,90.433212,23.745991,-0.024723,0.879106,-0.116447,0.46152,3.245481,54.171227,31.524675,-0.076127,0.870893,-0.063318,0.481394,0.183763,7.69915,42.408257,-0.021259,0.944979,0.024227,0.325539,-7.115861,1.471185,-11.269021,-0.076127,0.870893,-0.063318,0.481394,12.723538,1.111987,36.004791
360,3.0,-0.003815,0.873784,0.011506,0.486162,-3.650317,90.475121,15.672025,-0.020907,0.878378,0.077301,0.471211,-3.789527,98.270065,15.799883,-0.030961,0.881086,0.058545,0.468296,-5.436079,113.103577,17.544443,0.066801,0.928111,-0.048438,0.363044,-7.467433,131.510437,18.921724,0.101201,0.958726,-0.111106,0.241368,-3.852242,145.785172,16.919897,0.005526,0.854372,0.11484,0.506783,-9.438356,125.576279,15.635094,0.367031,-0.571408,0.108394,-0.725969,-18.243679,127.854942,-0.022364,0.071661,-0.02573,-0.544515,-0.835288,-10.533234,114.105949,-17.900877,0.170313,0.007545,-0.528263,-0.83179,-1.076507,135.224457,-20.722036,-0.192186,0.901228,0.12637,0.367266,-5.182419,125.574196,21.940058,0.312094,0.895552,0.128212,-0.290079,6.702648,130.165955,34.806404,-0.027319,0.2762,0.431271,-0.858471,21.883499,118.615089,20.514936,0.075847,0.122382,0.352264,-0.924759,11.185649,135.615234,10.375049,0.04043,0.872076,0.079293,0.481208,-8.663966,90.518112,7.592477,0.078949,0.923392,-0.022324,0.374989,-8.448737,53.972469,1.011988,-0.021193,0.944972,0.024285,0.325559,-16.222792,6.788736,0.15191,-0.070504,0.885148,-0.08221,0.452531,1.363332,90.432137,23.751574,-0.02482,0.878998,-0.11638,0.461738,3.235163,54.16925,31.52541,-0.076202,0.870867,-0.063295,0.481433,0.181862,7.69614,42.40696,-0.021193,0.944972,0.024285,0.325559,-7.116184,1.472309,-11.269402,-0.076202,0.870867,-0.063295,0.481433,12.723219,1.110817,36.0047
361,3.008333,-0.003798,0.873683,0.011561,0.486343,-3.660299,90.474007,15.677407,-0.020824,0.878271,0.077246,0.471423,-3.799729,98.268929,15.806124,-0.030937,0.880969,0.058577,0.468515,-5.443705,113.102531,17.54998,0.066836,0.927997,-0.048701,0.363295,-7.475169,131.509308,18.928225,0.101576,0.958636,-0.110502,0.241846,-3.855399,145.78212,16.921022,0.005529,0.854163,0.114934,0.507114,-9.444663,125.575554,15.639997,0.367027,-0.571077,0.108536,-0.726211,-18.237841,127.857361,-0.023828,0.071869,-0.025352,-0.54459,-0.835233,-10.510838,114.108124,-17.895004,0.1705,0.008015,-0.528352,-0.831691,-1.057997,135.226959,-20.7066,-0.192196,0.901132,0.126359,0.367498,-5.191818,125.57267,21.947046,0.312098,0.895668,0.128434,-0.289616,6.686939,130.163177,34.819668,-0.027557,0.276511,0.431428,-0.858285,21.880459,118.610634,20.543013,0.075756,0.122585,0.352447,-0.92467,11.196474,135.616486,10.398289,0.040467,0.871988,0.07932,0.48136,-8.670605,90.517838,7.595791,0.07891,0.923284,-0.022312,0.375264,-8.455659,53.972733,1.012306,-0.021135,0.944947,0.024235,0.32564,-16.225628,6.788361,0.150306,-0.070533,0.885172,-0.082127,0.452494,1.350008,90.430183,23.759024,-0.024886,0.879008,-0.11632,0.461731,3.226929,54.166592,31.528355,-0.076211,0.870862,-0.063274,0.481443,0.181901,7.692477,42.40794,-0.021135,0.944947,0.024235,0.32564,-7.117855,1.470013,-11.269185,-0.076211,0.870862,-0.063274,0.481443,12.723618,1.107813,36.005699
362,3.016667,-0.003785,0.873655,0.011388,0.486398,-3.671569,90.469681,15.687569,-0.02075,0.87818,0.077174,0.471607,-3.809511,98.264664,15.814005,-0.03099,0.880844,0.058599,0.468743,-5.451138,113.101021,17.55698,0.066302,0.927956,-0.049507,0.363387,-7.485085,131.507568,18.934488,0.102442,0.958532,-0.109571,0.242314,-3.871074,145.77803,16.900312,0.005583,0.854,0.114889,0.507399,-9.452291,125.573692,15.645124,0.367174,-0.570756,0.108567,-0.726384,-18.234983,127.857506,-0.024293,0.072115,-0.024973,-0.54469,-0.835158,-10.490809,114.10791,-17.887758,0.170669,0.008346,-0.528316,-0.831676,-1.042331,135.229279,-20.691065,-0.192044,0.900951,0.126087,0.368116,-5.202746,125.571098,21.954401,0.31203,0.895771,0.128885,-0.289172,6.661654,130.156189,34.842186,-0.02774,0.276976,0.431597,-0.858043,21.869459,118.608559,20.576771,0.075636,0.122826,0.352662,-0.924566,11.203724,135.619003,10.420933,0.040433,0.872016,0.079531,0.481278,-8.680857,90.512131,7.605313,0.078855,0.923246,-0.022341,0.375367,-8.456669,53.969322,1.009446,-0.021385,0.944977,0.02424,0.325537,-16.222826,6.78426,0.151102,-0.070505,0.885289,-0.08204,0.452285,1.337719,90.427231,23.769825,-0.024927,0.879122,-0.116257,0.461528,3.21757,54.1623,31.532135,-0.07626,0.870908,-0.06331,0.481348,0.181233,7.686975,42.408947,-0.021385,0.944977,0.02424,0.325537,-7.11482,1.468485,-11.269401,-0.07626,0.870908,-0.06331,0.481348,12.721808,1.101935,36.004864
363,3.025,-0.004045,0.873445,0.011467,0.486771,-3.659675,90.463821,15.679664,-0.020905,0.878002,0.077819,0.471825,-3.801821,98.258743,15.805144,-0.030939,0.880733,0.058574,0.468957,-5.457988,113.09996,17.563334,0.06642,0.927878,-0.049484,0.363568,-7.490193,131.506729,18.940434,0.102789,0.958489,-0.109109,0.242544,-3.872592,145.776672,16.9091,0.005633,0.853861,0.114921,0.507626,-9.456599,125.573204,15.649947,0.367547,-0.570512,0.108391,-0.726413,-18.230946,127.860031,-0.023705,0.072468,-0.024546,-0.544757,-0.835096,-10.471676,114.110497,-17.880667,0.170767,0.008609,-0.528504,-0.831534,-1.025912,135.233337,-20.676384,-0.192013,0.900831,0.126073,0.368428,-5.210072,125.56987,21.961254,0.312026,0.895909,0.12906,-0.288669,6.646429,130.151886,34.857399,-0.028104,0.277597,0.43163,-0.857815,21.868183,118.601654,20.60899,0.075347,0.123481,0.352183,-0.924685,11.21921,135.614197,10.43915,0.040606,0.871991,0.079255,0.481354,-8.662023,90.502777,7.593093,0.078828,0.923221,-0.02228,0.375437,-8.458423,53.95776,1.008824,-0.021133,0.944937,0.024699,0.325635,-16.219908,6.772017,0.145517,-0.070374,0.885407,-0.082224,0.452042,1.342672,90.424866,23.766235,-0.024986,0.879158,-0.116186,0.461473,3.209851,54.160805,31.535688,-0.076311,0.870934,-0.063328,0.481291,0.182306,7.684183,42.40942,-0.021133,0.944937,0.024699,0.325635,-7.110804,1.46645,-11.278852,-0.076311,0.870934,-0.063328,0.481291,12.722461,1.099368,36.00428
364,3.033333,-0.004016,0.873381,0.011537,0.486884,-3.664684,90.462448,15.678245,-0.020807,0.877899,0.077992,0.471993,-3.806972,98.257355,15.804882,-0.030792,0.880633,0.058607,0.469152,-5.463557,113.09996,17.568922,0.067323,0.927798,-0.048579,0.36373,-7.491827,131.506927,18.949192,0.102625,0.958574,-0.109092,0.242285,-3.858629,145.777863,16.95286,0.005628,0.853795,0.114899,0.507741,-9.458314,125.574615,15.656592,0.367499,-0.570191,0.108554,-0.726665,-18.228418,127.861382,-0.019442,0.072589,-0.024274,-0.544842,-0.835039,-10.453404,114.111816,-17.869537,0.17084,0.009001,-0.528691,-0.831396,-1.011243,135.237396,-20.657978,-0.192144,0.900746,0.126246,0.368509,-5.21442,125.568855,21.969669,0.312109,0.89596,0.129326,-0.288304,6.638093,130.151855,34.869129,-0.02815,0.277559,0.431845,-0.857717,21.867456,118.598763,20.631166,0.075479,0.123426,0.352598,-0.924523,11.225037,135.619614,10.464367,0.040619,0.871884,0.07919,0.481557,-8.664958,90.502563,7.590397,0.078843,0.923088,-0.022279,0.375762,-8.462986,53.956848,1.009923,-0.021247,0.94492,0.024612,0.325683,-16.225456,6.771329,0.143185,-0.070319,0.885357,-0.082264,0.452141,1.33559,90.422325,23.766092,-0.025121,0.879053,-0.116113,0.461684,3.196912,54.158169,31.536505,-0.076353,0.870928,-0.063248,0.481305,0.181394,7.680559,42.409336,-0.021247,0.94492,0.024612,0.325683,-7.114268,1.464485,-11.278931,-0.076353,0.870928,-0.063248,0.481305,12.72264,1.098294,36.003716
365,3.041667,-0.004061,0.873324,0.011636,0.486985,-3.675574,90.465561,15.685165,-0.020485,0.877784,0.077766,0.472259,-3.819247,98.260422,15.812798,-0.030815,0.880457,0.058711,0.469466,-5.463971,113.098015,17.574251,0.067233,0.92775,-0.048486,0.363881,-7.495264,131.504486,18.956793,0.102987,0.958571,-0.108567,0.242382,-3.864881,145.776459,16.962772,0.005715,0.853674,0.114888,0.507946,-9.458738,125.572609,15.661585,0.367455,-0.570022,0.10863,-0.726809,-18.221251,127.862717,-0.018205,0.072592,-0.023901,-0.544935,-0.834988,-10.437798,114.11396,-17.865238,0.170845,0.009393,-0.528757,-0.831348,-0.999992,135.242203,-20.63938,-0.192211,0.900597,0.12629,0.368825,-5.219362,125.56604,21.977695,0.311944,0.896107,0.129791,-0.287816,6.623793,130.148178,34.886055,-0.0282,0.277826,0.43179,-0.857657,21.871431,118.603279,20.661018,0.075444,0.123611,0.352501,-0.924538,11.234439,135.620377,10.486396,0.040606,0.871831,0.079246,0.481644,-8.673967,90.505882,7.596158,0.078815,0.923064,-0.022233,0.375828,-8.468527,53.960739,1.012552,-0.021158,0.944883,0.024643,0.325792,-16.226833,6.774598,0.142238,-0.070274,0.885459,-0.082237,0.451952,1.32282,90.425232,23.77417,-0.025228,0.879127,-0.116025,0.46156,3.183809,54.160297,31.541014,-0.076344,0.870959,-0.063254,0.48125,0.182752,7.681248,42.411728,-0.021158,0.944883,0.024643,0.325792,-7.113878,1.467759,-11.278471,-0.076344,0.870959,-0.063254,0.48125,12.72298,1.098536,36.004574
366,3.05,-0.003984,0.87323,0.011605,0.487155,-3.685443,90.464996,15.688745,-0.020465,0.877685,0.077781,0.472441,-3.827857,98.25988,15.816505,-0.030665,0.880365,0.05877,0.469642,-5.472514,113.096443,17.578169,0.067259,0.927748,-0.048319,0.363903,-7.500236,131.502991,18.964872,0.103349,0.958599,-0.10805,0.242348,-3.870791,145.775879,16.97574,0.005762,0.853539,0.114864,0.508177,-9.463795,125.572433,15.667346,0.367626,-0.569769,0.108573,-0.726929,-18.217798,127.864456,-0.016913,0.072784,-0.023449,-0.545041,-0.834915,-10.420048,114.116798,-17.858555,0.170928,0.009714,-0.529083,-0.83112,-0.986744,135.248322,-20.620199,-0.192229,0.90052,0.126357,0.36898,-5.226783,125.56324,21.985039,0.311918,0.896197,0.1297,-0.287606,6.611971,130.143814,34.897987,-0.028621,0.277917,0.432048,-0.857483,21.866175,118.596184,20.682205,0.075757,0.12395,0.352505,-0.924466,11.239576,135.628296,10.512896,0.040568,0.871854,0.079207,0.481613,-8.680699,90.506348,7.597804,0.078805,0.923029,-0.022169,0.37592,-8.474368,53.960526,1.018029,-0.020866,0.944862,0.024681,0.32587,-16.229454,6.773975,0.141689,-0.070268,0.885577,-0.082269,0.451717,1.309814,90.423653,23.779684,-0.025329,0.879183,-0.115895,0.46148,3.171404,54.159035,31.547871,-0.076486,0.87097,-0.063236,0.48121,0.185535,7.677608,42.412582,-0.020866,0.944862,0.024681,0.32587,-7.117654,1.465365,-11.279118,-0.076486,0.87097,-0.063236,0.48121,12.726821,1.097418,36.004906
367,3.058333,-0.003925,0.873152,0.011513,0.487296,-3.693945,90.465088,15.692345,-0.020559,0.87756,0.077853,0.472657,-3.834887,98.26001,15.819284,-0.03047,0.880245,0.058834,0.469871,-5.483428,113.09568,17.581041,0.067828,0.927662,-0.048517,0.36399,-7.506237,131.502396,18.972721,0.103293,0.9587,-0.107184,0.242354,-3.859136,145.770966,16.984888,0.005769,0.853366,0.114859,0.508469,-9.469981,125.573502,15.67231,0.367881,-0.56976,0.10834,-0.726842,-18.213249,127.866837,-0.017747,0.073047,-0.022738,-0.544964,-0.834962,-10.412596,114.120972,-17.859489,0.171052,0.010089,-0.529314,-0.830943,-0.97362,135.253372,-20.600004,-0.192131,0.900462,0.126351,0.369174,-5.236069,125.560974,21.992073,0.311838,0.896313,0.129785,-0.28729,6.598857,130.137146,34.910095,-0.029002,0.278191,0.432041,-0.857385,21.864101,118.590378,20.705458,0.075387,0.124236,0.352497,-0.924461,11.244212,135.62532,10.534304,0.040585,0.871783,0.079183,0.481744,-8.686585,90.506599,7.599791,0.078713,0.923021,-0.022123,0.375961,-8.481279,53.960598,1.021015,-0.021357,0.944926,0.024528,0.325663,-16.226601,6.772461,0.143574,-0.07023,0.885744,-0.082328,0.451383,1.298696,90.423569,23.784899,-0.025403,0.879246,-0.115781,0.461385,3.158718,54.159271,31.554955,-0.07656,0.870975,-0.063322,0.481178,0.185321,7.675674,42.413799,-0.021357,0.944926,0.024528,0.325663,-7.114952,1.464379,-11.277596,-0.07656,0.870975,-0.063322,0.481178,12.726516,1.094574,36.006882
368,3.066667,-0.003826,0.873077,0.011446,0.487433,-3.703383,90.46402,15.694632,-0.020484,0.877414,0.07809,0.472893,-3.842479,98.25898,15.821381,-0.030354,0.880101,0.058747,0.47016,-5.492874,113.093636,17.589954,0.067681,0.927634,-0.048371,0.364107,-7.510851,131.500992,18.980145,0.103741,0.958692,-0.106649,0.242431,-3.868775,145.771271,16.995272,0.005837,0.853265,0.114771,0.508659,-9.474342,125.572678,15.678552,0.367899,-0.569216,0.108665,-0.727211,-18.210587,127.867256,-0.015238,0.073169,-0.02257,-0.545296,-0.834739,-10.383723,114.117279,-17.842335,0.171246,0.010406,-0.529555,-0.830746,-0.9605,135.259125,-20.58054,-0.192085,0.900389,0.126356,0.369374,-5.244445,125.558899,22.001003,0.312063,0.896305,0.130352,-0.286814,6.585787,130.13208,34.924385,-0.028984,0.278525,0.432099,-0.857248,21.857357,118.580643,20.730343,0.074513,0.124125,0.352801,-0.924431,11.247977,135.615463,10.547657,0.040605,0.87168,0.079196,0.481926,-8.693513,90.506592,7.600532,0.078619,0.923046,-0.022084,0.375923,-8.487631,53.960873,1.020198,-0.021128,0.944926,0.024593,0.325674,-16.223343,6.77115,0.142988,-0.070229,0.885926,-0.082389,0.451017,1.286746,90.421448,23.788733,-0.025459,0.879339,-0.115665,0.461233,3.147802,54.157875,31.561943,-0.076427,0.871016,-0.063264,0.481132,0.186156,7.671991,42.414196,-0.021128,0.944926,0.024593,0.325674,-7.113707,1.462614,-11.279586,-0.076427,0.871016,-0.063264,0.481132,12.725401,1.089971,36.004402
369,3.075,-0.003635,0.872997,0.011426,0.487579,-3.717269,90.460548,15.695399,-0.020362,0.877341,0.078072,0.473036,-3.853629,98.255539,15.823308,-0.0302,0.880034,0.058775,0.470292,-5.501081,113.092384,17.593126,0.06719,0.927668,-0.048206,0.364133,-7.514717,131.499969,18.986656,0.104288,0.958654,-0.106066,0.242604,-3.88746,145.773911,17.001038,0.005946,0.853138,0.114723,0.50888,-9.478817,125.572861,15.683267,0.367833,-0.568938,0.108869,-0.727431,-18.206865,127.870819,-0.01459,0.073321,-0.02204,-0.54554,-0.83458,-10.367077,114.119278,-17.834806,0.171835,0.010885,-0.529799,-0.830462,-0.954698,135.269272,-20.557056,-0.191891,0.900297,0.126281,0.369725,-5.25067,125.556656,22.006884,0.312037,0.89638,0.130386,-0.286594,6.572852,130.122269,34.939079,-0.029338,0.2788,0.432204,-0.857094,21.851217,118.569908,20.753107,0.074165,0.124135,0.352835,-0.924444,11.252943,135.610458,10.568821,0.040635,0.871599,0.079103,0.482087,-8.704721,90.506149,7.599667,0.078188,0.923377,-0.021975,0.375204,-8.502948,53.959499,1.024332,-0.021263,0.945172,0.024686,0.324944,-16.197664,6.762856,0.159061,-0.070281,0.886061,-0.082426,0.450735,1.270182,90.414955,23.791132,-0.025434,0.879532,-0.115568,0.460892,3.135881,54.152393,31.567928,-0.077217,0.870943,-0.063841,0.481061,0.180706,7.66423,42.412178,-0.021263,0.945172,0.024686,0.324944,-7.103771,1.457946,-11.27773,-0.077217,0.870943,-0.063841,0.481061,12.724939,1.081102,36.013294
370,3.083333,-0.003229,0.873055,0.011193,0.487483,-3.749339,90.46431,15.70993,-0.019956,0.877319,0.077541,0.473181,-3.878393,98.259422,15.837772,-0.030058,0.87994,0.058763,0.470478,-5.506811,113.089394,17.598047,0.06693,0.927753,-0.047417,0.364068,-7.515924,131.497345,18.993244,0.104909,0.958684,-0.105944,0.242271,-3.904045,145.777679,17.02569,0.005963,0.853046,0.114796,0.509018,-9.480336,125.571213,15.688272,0.367931,-0.568764,0.108792,-0.727529,-18.203262,127.871582,-0.012073,0.073497,-0.021545,-0.545612,-0.834531,-10.353232,114.122566,-17.829727,0.171992,0.011287,-0.530087,-0.830241,-0.943611,135.275406,-20.537346,-0.191859,0.900183,0.126239,0.370034,-5.254727,125.553001,22.013577,0.312204,0.896372,0.130708,-0.286288,6.560962,130.115921,34.953873,-0.02948,0.278974,0.432429,-0.856919,21.842688,118.559029,20.775211,0.073902,0.12417,0.352945,-0.924419,11.25687,135.60788,10.58887,0.040411,0.871525,0.079398,0.482189,-8.738607,90.514458,7.615346,0.07805,0.923385,-0.021887,0.375218,-8.510904,53.969944,1.02905,-0.021044,0.945243,0.024495,0.324766,-16.190355,6.770867,0.160964,-0.070429,0.886157,-0.082225,0.45056,1.239928,90.414154,23.804516,-0.02551,0.879597,-0.115473,0.460786,3.123641,54.150677,31.572685,-0.077323,0.870954,-0.06386,0.481022,0.180331,7.660779,42.412735,-0.021044,0.945243,0.024495,0.324766,-7.103708,1.458476,-11.278111,-0.077323,0.870954,-0.06386,0.481022,12.725048,1.078754,36.013664
371,3.091667,-0.003441,0.872892,0.011295,0.48777,-3.746066,90.459839,15.702133,-0.019984,0.877157,0.078026,0.473401,-3.878819,98.25489,15.829708,-0.029897,0.879821,0.058774,0.470708,-5.515956,113.088646,17.602581,0.066934,0.927743,-0.047253,0.364115,-7.520339,131.496902,19.000433,0.105193,0.958727,-0.105362,0.24223,-3.909882,145.778244,17.037609,0.006128,0.85302,0.114689,0.509084,-9.484857,125.572014,15.69331,0.368078,-0.568725,0.108599,-0.727514,-18.205294,127.875771,-0.007924,0.073753,-0.020997,-0.545453,-0.834626,-10.351116,114.130226,-17.826431,0.171988,0.011708,-0.530359,-0.830062,-0.93189,135.281723,-20.518944,-0.191824,0.900109,0.126385,0.370181,-5.262394,125.551292,22.020712,0.312224,0.896435,0.130643,-0.286099,6.549841,130.109924,34.965675,-0.029811,0.279165,0.432585,-0.856767,21.836132,118.549194,20.795074,0.073752,0.124148,0.352868,-0.924463,11.261342,135.60524,10.610027,0.040558,0.871404,0.079125,0.482441,-8.729993,90.507492,7.60424,0.077991,0.923372,-0.021843,0.375266,-8.519779,53.960651,1.030255,-0.021057,0.945215,0.024757,0.324826,-16.192406,6.760508,0.159976,-0.070391,0.886229,-0.082376,0.450398,1.237861,90.412178,23.800024,-0.025599,0.879632,-0.115422,0.460727,3.115396,54.150154,31.576479,-0.077304,0.870993,-0.063837,0.480957,0.182544,7.659564,42.416393,-0.021057,0.945215,0.024757,0.324826,-7.103341,1.455487,-11.280602,-0.077304,0.870993,-0.063837,0.480957,12.726128,1.077569,36.015068
372,3.1,-0.003426,0.872829,0.011334,0.487883,-3.754186,90.460602,15.704041,-0.019846,0.877078,0.078087,0.473543,-3.887048,98.255646,15.832241,-0.029812,0.879737,0.058826,0.470864,-5.521484,113.08725,17.608173,0.067563,0.927655,-0.04728,0.36422,-7.524256,131.495483,19.008852,0.105106,0.958801,-0.104744,0.242244,-3.896204,145.77327,17.052647,0.006267,0.852957,0.114644,0.509197,-9.488321,125.571426,15.699935,0.368063,-0.568492,0.108676,-0.727692,-18.204521,127.879143,-0.003073,0.073796,-0.020768,-0.545484,-0.834607,-10.33851,114.134514,-17.81706,0.171853,0.011997,-0.530493,-0.83,-0.920668,135.287079,-20.501801,-0.191627,0.899975,0.126197,0.370673,-5.268012,125.549026,22.028765,0.312065,0.896537,0.130498,-0.286018,6.533758,130.100601,34.985752,-0.030117,0.279505,0.432692,-0.856591,21.826998,118.542648,20.820374,0.073683,0.124012,0.352961,-0.924451,11.264813,135.603912,10.630399,0.040512,0.871384,0.079167,0.482473,-8.736026,90.508896,7.604868,0.078036,0.923414,-0.021809,0.375155,-8.521072,53.96228,1.029817,-0.021962,0.945142,0.024274,0.325014,-16.196611,6.762677,0.155812,-0.070395,0.886272,-0.082391,0.450309,1.227654,90.412315,23.803213,-0.02568,0.879664,-0.115353,0.46068,3.105716,54.150517,31.580616,-0.077404,0.871022,-0.063806,0.480893,0.18336,7.658813,42.418575,-0.021962,0.945142,0.024274,0.325014,-7.094809,1.453278,-11.272602,-0.077404,0.871022,-0.063806,0.480893,12.727189,1.078916,36.015572
373,3.108333,-0.003065,0.872859,0.011146,0.487836,-3.779395,90.464607,15.714648,-0.019538,0.877053,0.077729,0.473661,-3.905916,98.25975,15.843047,-0.029747,0.879658,0.058884,0.471009,-5.526464,113.084923,17.612787,0.067554,0.927667,-0.047227,0.364198,-7.528345,131.493042,19.016155,0.105453,0.958851,-0.104058,0.24219,-3.901146,145.771225,17.061182,0.006389,0.852868,0.114681,0.509336,-9.491786,125.56974,15.705541,0.368173,-0.568249,0.108715,-0.727821,-18.20281,127.882446,0.000396,0.073977,-0.020425,-0.545567,-0.834546,-10.324025,114.137077,-17.807379,0.171924,0.012381,-0.530529,-0.829957,-0.9102,135.291214,-20.483433,-0.191487,0.899906,0.126193,0.370913,-5.273493,125.545898,22.035709,0.312133,0.896539,0.130855,-0.285776,6.523772,130.091385,34.998936,-0.030154,0.279513,0.432916,-0.856474,21.821577,118.533859,20.838139,0.073744,0.123795,0.352937,-0.924485,11.268106,135.602325,10.650108,0.040277,0.871384,0.07941,0.482454,-8.762143,90.517128,7.616063,0.077981,0.923458,-0.021783,0.375059,-8.523363,53.971947,1.033843,-0.021079,0.945214,0.024513,0.324847,-16.193203,6.77141,0.160336,-0.070523,0.886306,-0.082187,0.450259,1.203354,90.412079,23.813232,-0.025763,0.879619,-0.115307,0.460771,3.09713,54.149128,31.581408,-0.07739,0.871009,-0.063769,0.480923,0.182643,7.656816,42.41888,-0.021079,0.945214,0.024513,0.324847,-7.104169,1.459875,-11.277245,-0.07739,0.871009,-0.063769,0.480923,12.726986,1.077645,36.01614
374,3.116667,-0.003249,0.872706,0.011236,0.488106,-3.776074,90.457954,15.706323,-0.019473,0.876931,0.07822,0.473809,-3.905819,98.253052,15.834498,-0.029572,0.879588,0.058869,0.471153,-5.532557,113.081909,17.618435,0.06732,0.927698,-0.046866,0.364209,-7.528718,131.490463,19.024063,0.10576,0.958874,-0.103586,0.24217,-3.911506,145.772171,17.076323,0.00649,0.852812,0.114674,0.509431,-9.493144,125.568344,15.711941,0.367959,-0.568019,0.10897,-0.72807,-18.200603,127.884399,0.005314,0.074001,-0.02019,-0.545566,-0.83455,-10.312029,114.138725,-17.79789,0.172022,0.012672,-0.530927,-0.829677,-0.897056,135.295227,-20.465614,-0.191278,0.899793,0.126373,0.371235,-5.276756,125.542107,22.043369,0.312224,0.896481,0.131001,-0.285793,6.514768,130.076096,35.015839,-0.030346,0.279549,0.433175,-0.856324,21.80942,118.51767,20.852375,0.07369,0.123748,0.352935,-0.924496,11.266143,135.596924,10.668201,0.040435,0.871368,0.079126,0.482516,-8.753785,90.508324,7.604626,0.07783,0.923498,-0.021702,0.374998,-8.535009,53.960754,1.034988,-0.021137,0.945232,0.024789,0.324769,-16.188795,6.757629,0.160311,-0.070418,0.88638,-0.082316,0.450106,1.201637,90.407593,23.80802,-0.025863,0.879624,-0.115268,0.460767,3.085562,54.145123,31.580845,-0.078275,0.870939,-0.0641,0.480863,0.181261,7.652441,42.419483,-0.021137,0.945232,0.024789,0.324769,-7.100128,1.454245,-11.281341,-0.078275,0.870939,-0.0641,0.480863,12.733038,1.079416,36.025002
375,3.125,-0.003166,0.87263,0.011155,0.488244,-3.788046,90.456711,15.707856,-0.019308,0.876844,0.078351,0.473955,-3.916064,98.251846,15.835555,-0.029428,0.879509,0.058866,0.471309,-5.540431,113.078499,17.624788,0.06745,0.927653,-0.046925,0.364293,-7.532069,131.487396,19.032507,0.10588,0.958896,-0.102975,0.242288,-3.910461,145.768021,17.085032,0.006589,0.852709,0.114734,0.509589,-9.496997,125.566292,15.718846,0.367955,-0.567895,0.10904,-0.728158,-18.198593,127.887169,0.009687,0.074109,-0.019866,-0.545545,-0.834562,-10.304021,114.140892,-17.790388,0.172139,0.012912,-0.530906,-0.829663,-0.887639,135.297348,-20.448133,-0.191006,0.899678,0.126078,0.371754,-5.282724,125.537964,22.051672,0.31229,0.896456,0.131245,-0.285686,6.498588,130.063889,35.036224,-0.03039,0.279764,0.43343,-0.856123,21.794186,118.505653,20.873623,0.07369,0.123524,0.352896,-0.924541,11.266444,135.591461,10.684993,0.040409,0.871367,0.079154,0.482516,-8.763212,90.507751,7.604603,0.077729,0.923464,-0.021654,0.375105,-8.541732,53.960346,1.034137,-0.022121,0.945243,0.024285,0.324709,-16.184797,6.755519,0.157981,-0.070479,0.886428,-0.082259,0.450014,1.187121,90.40567,23.811111,-0.025911,0.879647,-0.115201,0.460737,3.077748,54.143131,31.581978,-0.07812,0.870925,-0.064021,0.480925,0.180855,7.649198,42.417229,-0.022121,0.945243,0.024285,0.324709,-7.088588,1.447861,-11.275688,-0.07812,0.870925,-0.064021,0.480925,12.732248,1.075751,36.022438
376,3.133333,-0.003076,0.872562,0.011142,0.488367,-3.7988,90.454582,15.709242,-0.019061,0.876786,0.078424,0.47406,-3.925504,98.249733,15.837429,-0.029352,0.879452,0.058881,0.471419,-5.54454,113.075829,17.631834,0.0676,0.927666,-0.046564,0.364277,-7.534157,131.484818,19.041105,0.106049,0.958961,-0.102601,0.242115,-3.912292,145.766907,17.104897,0.006695,0.85261,0.114816,0.509733,-9.499055,125.564339,15.726325,0.367822,-0.567732,0.109265,-0.728319,-18.195267,127.890564,0.014973,0.074152,-0.019656,-0.545555,-0.834557,-10.294247,114.142097,-17.780552,0.172281,0.013159,-0.530944,-0.829605,-0.878111,135.299179,-20.431217,-0.190907,0.899592,0.126143,0.371989,-5.286291,125.534775,22.06015,0.312406,0.896424,0.131662,-0.285466,6.490058,130.054932,35.05122,-0.030299,0.279799,0.433579,-0.856039,21.788179,118.49649,20.89152,0.073623,0.123325,0.352799,-0.92461,11.267047,135.585449,10.700922,0.040223,0.871426,0.079226,0.482413,-8.771694,90.507034,7.604601,0.077761,0.923623,-0.021608,0.374709,-8.536408,53.959358,1.03609,-0.021831,0.94527,0.024321,0.32465,-16.180988,6.754807,0.157935,-0.070501,0.886467,-0.082247,0.449935,1.174094,90.402138,23.813883,-0.026009,0.879797,-0.11512,0.460465,3.067278,54.139687,31.584543,-0.078203,0.870959,-0.064003,0.480851,0.185562,7.644463,42.418301,-0.021831,0.94527,0.024321,0.32465,-7.0892,1.445269,-11.278379,-0.078203,0.870959,-0.064003,0.480851,12.736789,1.072482,36.021667
377,3.141667,-0.003034,0.872516,0.011152,0.488449,-3.808058,90.454277,15.711159,-0.018908,0.876706,0.078493,0.474203,-3.93428,98.24942,15.839783,-0.029242,0.879363,0.058938,0.471584,-5.550445,113.074127,17.637747,0.067843,0.927659,-0.04624,0.364291,-7.537732,131.483109,19.050459,0.106133,0.959039,-0.102238,0.241926,-3.912596,145.765915,17.125671,0.006841,0.852585,0.114813,0.509775,-9.502356,125.563667,15.733639,0.367806,-0.567599,0.109348,-0.728418,-18.196959,127.894508,0.022078,0.074249,-0.019446,-0.545488,-0.834597,-10.289599,114.145386,-17.770128,0.17228,0.013349,-0.530823,-0.82968,-0.869903,135.301025,-20.414825,-0.190781,0.899551,0.126168,0.372145,-5.291862,125.532028,22.068966,0.312653,0.896337,0.131987,-0.285321,6.48204,130.046768,35.064137,-0.030254,0.279772,0.433887,-0.855894,21.776775,118.482605,20.905445,0.07359,0.123092,0.352914,-0.9246,11.265557,135.582321,10.715858,0.040143,0.871545,0.07928,0.482195,-8.779436,90.507523,7.605594,0.077711,0.923693,-0.021593,0.374547,-8.538691,53.960014,1.036397,-0.021898,0.945312,0.02425,0.324528,-16.178566,6.75467,0.160085,-0.070566,0.886472,-0.082122,0.449938,1.163321,90.401031,23.816723,-0.02602,0.879728,-0.115165,0.460585,3.064946,54.13773,31.58139,-0.078093,0.870942,-0.063928,0.480911,0.180656,7.643559,42.418972,-0.021898,0.945312,0.02425,0.324528,-7.089197,1.443784,-11.277527,-0.078093,0.870942,-0.063928,0.480911,12.731963,1.071779,36.022293
378,3.15,-0.002948,0.872436,0.011173,0.488592,-3.819307,90.454819,15.711872,-0.018729,0.876627,0.078534,0.474348,-3.944541,98.249969,15.841418,-0.02912,0.879284,0.059024,0.471729,-5.556819,113.07428,17.642712,0.067954,0.927648,-0.045897,0.364341,-7.541861,131.483154,19.060038,0.106328,0.959064,-0.101914,0.241877,-3.917099,145.767487,17.145973,0.006923,0.852557,0.114848,0.509813,-9.506317,125.564941,15.740928,0.367692,-0.567433,0.10947,-0.728587,-18.199474,127.899132,0.029066,0.074357,-0.019159,-0.54541,-0.834645,-10.284373,114.150932,-17.760399,0.172418,0.013566,-0.530961,-0.82956,-0.859891,135.30629,-20.396519,-0.190579,0.899495,0.126083,0.372414,-5.297795,125.530884,22.077551,0.312687,0.896342,0.132171,-0.285183,6.471643,130.038559,35.079212,-0.030279,0.279862,0.434025,-0.855793,21.769102,118.47451,20.92337,0.073569,0.122875,0.352866,-0.924649,11.264959,135.578949,10.731719,0.040122,0.871563,0.079307,0.482161,-8.788037,90.509727,7.604694,0.077642,0.923691,-0.021601,0.374568,-8.545153,53.96241,1.034474,-0.022019,0.945303,0.024257,0.324544,-16.179199,6.756062,0.161157,-0.070696,0.886453,-0.082044,0.449968,1.149422,90.39991,23.81905,-0.026061,0.879701,-0.115147,0.460638,3.061943,54.137028,31.582975,-0.078181,0.870952,-0.063901,0.480881,0.18125,7.64266,42.42067,-0.022019,0.945303,0.024257,0.324544,-7.088116,1.446557,-11.275735,-0.078181,0.870952,-0.063901,0.480881,12.733197,1.072794,36.023277
379,3.158333,-0.003478,0.87234,0.011534,0.488751,-3.800402,90.447327,15.712212,-0.019254,0.876514,0.078819,0.47449,-3.935628,98.242287,15.84261,-0.028964,0.879212,0.05914,0.471858,-5.567178,113.074753,17.64481,0.067691,0.927687,-0.046343,0.364236,-7.549355,131.483459,19.068369,0.106939,0.959077,-0.101098,0.241897,-3.927473,145.766464,17.138882,0.007103,0.852444,0.114921,0.509981,-9.513959,125.566818,15.746552,0.36764,-0.567333,0.109674,-0.728661,-18.2008,127.908562,0.032322,0.074455,-0.018897,-0.545273,-0.834732,-10.28243,114.156044,-17.752354,0.172422,0.013764,-0.530892,-0.829599,-0.85059,135.308914,-20.380314,-0.190452,0.899455,0.126288,0.372505,-5.307155,125.529686,22.084297,0.312696,0.896349,0.132258,-0.28511,6.461561,130.029755,35.089241,-0.030382,0.279852,0.434182,-0.855714,21.760727,118.465935,20.935076,0.073592,0.122617,0.352882,-0.924675,11.262589,135.575836,10.747232,0.040506,0.871698,0.079195,0.481903,-8.766098,90.496834,7.603142,0.077577,0.923623,-0.021661,0.374745,-8.554027,53.950489,1.026443,-0.022376,0.945273,0.02449,0.324588,-16.184374,6.743428,0.159347,-0.070486,0.886426,-0.082136,0.450039,1.165294,90.39782,23.821281,-0.026142,0.879646,-0.115131,0.460743,3.060354,54.133858,31.584433,-0.077371,0.871009,-0.063087,0.481016,0.185884,7.639551,42.424046,-0.022376,0.945273,0.02449,0.324588,-7.087652,1.443873,-11.277672,-0.077371,0.871009,-0.063087,0.481016,12.734774,1.076167,36.014019
380,3.166667,-0.003454,0.872274,0.011552,0.488868,-3.808333,90.447067,15.713228,-0.01921,0.876431,0.078918,0.474628,-3.943382,98.242035,15.844028,-0.028805,0.879135,0.059214,0.472001,-5.575502,113.074348,17.64921,0.067789,0.92768,-0.046136,0.364261,-7.554037,131.483063,19.077644,0.107167,0.959102,-0.100765,0.241838,-3.931538,145.766815,17.154932,0.007209,0.852367,0.114971,0.510098,-9.518952,125.567841,15.753481,0.367474,-0.567289,0.109817,-0.728757,-18.201447,127.914253,0.037543,0.074467,-0.018635,-0.545136,-0.834826,-10.282208,114.161507,-17.746572,0.172497,0.013904,-0.530778,-0.829655,-0.842832,135.312592,-20.364342,-0.190283,0.899447,0.126318,0.372601,-5.314057,125.527908,22.092476,0.312896,0.896263,0.132468,-0.285063,6.4544,130.021591,35.099869,-0.030382,0.27979,0.434441,-0.855602,21.748882,118.453049,20.944494,0.073551,0.12238,0.352922,-0.924694,11.259091,135.571045,10.760599,0.04031,0.871769,0.079302,0.481772,-8.771858,90.497169,7.602832,0.077639,0.923667,-0.021716,0.374619,-8.544259,53.950916,1.026139,-0.021207,0.945288,0.0251,0.324579,-16.182142,6.74501,0.162657,-0.070543,0.88642,-0.082105,0.450047,1.155192,90.396973,23.823626,-0.026165,0.879688,-0.115089,0.460672,3.054933,54.133224,31.586683,-0.077342,0.871007,-0.063041,0.481031,0.185113,7.638103,42.424046,-0.021207,0.945288,0.0251,0.324579,-7.096313,1.450839,-11.285512,-0.077342,0.871007,-0.063041,0.481031,12.734133,1.075381,36.013592
381,3.175,-0.003408,0.872176,0.011608,0.489042,-3.816955,90.446434,15.712619,-0.019104,0.876331,0.079006,0.474803,-3.951836,98.241379,15.844515,-0.028626,0.879044,0.059281,0.472173,-5.582677,113.072464,17.653101,0.067812,0.927712,-0.045732,0.364225,-7.556828,131.481262,19.086473,0.107486,0.959154,-0.100512,0.241593,-3.937998,145.76741,17.174681,0.007386,0.852388,0.114952,0.510065,-9.522109,125.567589,15.759775,0.36734,-0.567199,0.109887,-0.728884,-18.205708,127.918991,0.045189,0.074587,-0.018347,-0.544944,-0.834947,-10.28233,114.168343,-17.738707,0.172621,0.014063,-0.530713,-0.829668,-0.83266,135.316055,-20.347765,-0.190166,0.8994,0.126319,0.372773,-5.319533,125.524582,22.10029,0.313161,0.896142,0.132823,-0.284988,6.445901,130.013336,35.112125,-0.030277,0.279713,0.434752,-0.855474,21.734547,118.439651,20.954632,0.073575,0.122188,0.353023,-0.924679,11.254857,135.565826,10.773593,0.040288,0.871776,0.079281,0.481765,-8.777255,90.497864,7.600255,0.077542,0.923706,-0.021724,0.374543,-8.549068,53.951229,1.025724,-0.020567,0.945423,0.025325,0.324208,-16.178747,6.743908,0.167117,-0.070616,0.886385,-0.082023,0.450119,1.143345,90.394997,23.824982,-0.026208,0.879632,-0.115064,0.460783,3.05005,54.13102,31.585222,-0.077353,0.870993,-0.063037,0.481056,0.183624,7.635575,42.42207,-0.020567,0.945423,0.025325,0.324208,-7.107993,1.449563,-11.292923,-0.077353,0.870993,-0.063037,0.481056,12.733181,1.073199,36.01231
382,3.183333,-0.003378,0.872125,0.011623,0.489133,-3.827443,90.445717,15.712982,-0.01899,0.876254,0.079125,0.47493,-3.962044,98.240662,15.845299,-0.028615,0.878962,0.059287,0.472326,-5.591895,113.071823,17.65843,0.067731,0.927722,-0.045607,0.364232,-7.566003,131.480621,19.091854,0.107982,0.959154,-0.100067,0.241557,-3.950638,145.76799,17.182581,0.00769,0.852297,0.115096,0.510179,-9.530312,125.567139,15.764247,0.367223,-0.567049,0.110222,-0.729009,-18.20953,127.931038,0.049122,0.074717,-0.018142,-0.544811,-0.835026,-10.28156,114.173874,-17.727695,0.172696,0.014352,-0.530667,-0.829676,-0.824363,135.319977,-20.331787,-0.189934,0.899383,0.126387,0.372909,-5.329919,125.523758,22.106203,0.313217,0.896131,0.132809,-0.284967,6.435026,130.003296,35.121651,-0.030494,0.279836,0.434923,-0.855339,21.722538,118.427063,20.965031,0.07344,0.122073,0.352892,-0.924755,11.25258,135.560242,10.785358,0.040236,0.871779,0.07935,0.481753,-8.78606,90.497818,7.599597,0.077493,0.923701,-0.021739,0.374564,-8.55213,53.951691,1.022442,-0.020378,0.945409,0.025427,0.324254,-16.178066,6.743711,0.166736,-0.07063,0.8863,-0.082013,0.450287,1.131174,90.393616,23.826366,-0.026365,0.879636,-0.11497,0.460789,3.037663,54.129654,31.586746,-0.077353,0.871001,-0.062982,0.481048,0.188577,7.632908,42.422615,-0.020378,0.945409,0.025427,0.324254,-7.107923,1.450339,-11.294235,-0.077353,0.871001,-0.062982,0.481048,12.738283,1.071789,36.011868
383,3.191667,-0.003431,0.872044,0.011706,0.489275,-3.834996,90.445351,15.714645,-0.019141,0.876194,0.079347,0.474997,-3.970973,98.240265,15.847659,-0.028349,0.878951,0.059282,0.472364,-5.608141,113.070618,17.664368,0.067815,0.927733,-0.045034,0.36426,-7.573574,131.479996,19.102224,0.108273,0.959132,-0.10006,0.241517,-3.961761,145.770462,17.209457,0.007851,0.852225,0.115068,0.510304,-9.540537,125.568268,15.773074,0.36712,-0.566987,0.110297,-0.729098,-18.215057,127.937111,0.056095,0.074798,-0.017889,-0.544647,-0.835132,-10.284518,114.180756,-17.720194,0.172746,0.014523,-0.530377,-0.829848,-0.819068,135.322815,-20.315895,-0.189721,0.899361,0.126464,0.373045,-5.340456,125.521324,22.115213,0.31326,0.896104,0.133025,-0.284904,6.42375,129.992096,35.134338,-0.030625,0.27988,0.435029,-0.855265,21.711679,118.416931,20.977299,0.073263,0.122058,0.352728,-0.924834,11.246802,135.554794,10.799332,0.04021,0.871805,0.079402,0.4817,-8.790956,90.497375,7.599634,0.077501,0.923769,-0.021708,0.374398,-8.553805,53.951706,1.020059,-0.021083,0.945301,0.025083,0.324551,-16.179529,6.743714,0.162699,-0.070734,0.886197,-0.081865,0.4505,1.120963,90.393326,23.829657,-0.026369,0.879549,-0.115007,0.460947,3.037375,54.128654,31.584251,-0.077364,0.870989,-0.062957,0.481071,0.185,7.632759,42.422894,-0.021083,0.945301,0.025083,0.324551,-7.095762,1.447839,-11.286322,-0.077364,0.870989,-0.062957,0.481071,12.735311,1.07246,36.012486
384,3.2,-0.003473,0.871966,0.011881,0.48941,-3.842844,90.445267,15.71314,-0.019129,0.876132,0.079322,0.475115,-3.980751,98.240105,15.848191,-0.028145,0.878896,0.059456,0.472456,-5.617645,113.071823,17.664366,0.067812,0.92775,-0.044791,0.364246,-7.579613,131.480865,19.111248,0.108689,0.959121,-0.099826,0.241469,-3.970418,145.772842,17.224928,0.00799,0.85218,0.115136,0.510362,-9.547172,125.571228,15.778734,0.366989,-0.566964,0.110449,-0.729158,-18.219471,127.945854,0.061408,0.074751,-0.017743,-0.544497,-0.835237,-10.289294,114.187836,-17.713747,0.1726,0.014634,-0.529994,-0.830121,-0.815801,135.327713,-20.30217,-0.189578,0.89932,0.126521,0.373197,-5.348243,125.520203,22.121603,0.313398,0.896038,0.133494,-0.28474,6.413836,129.984573,35.144848,-0.030656,0.279902,0.435208,-0.855166,21.70211,118.409851,20.987816,0.073009,0.121961,0.352662,-0.924892,11.24453,135.553467,10.810866,0.040352,0.871485,0.07928,0.482286,-8.796279,90.49826,7.596597,0.077376,0.923772,-0.021667,0.374419,-8.568343,53.951992,1.020002,-0.02129,0.945313,0.025066,0.324502,-16.181585,6.74198,0.163336,-0.070842,0.886096,-0.081769,0.450698,1.110591,90.392281,23.829683,-0.026432,0.879403,-0.115014,0.461219,3.035602,54.127575,31.582006,-0.077312,0.870982,-0.062858,0.481106,0.184841,7.632142,42.423058,-0.02129,0.945313,0.025066,0.324502,-7.096816,1.447642,-11.285596,-0.077312,0.870982,-0.062858,0.481106,12.735592,1.073425,36.011906
385,3.208333,-0.004573,0.871859,0.012601,0.489574,-3.807785,90.432083,15.712372,-0.019758,0.876011,0.079721,0.475246,-3.96617,98.226509,15.848778,-0.028081,0.878815,0.059643,0.472586,-5.62754,113.073372,17.668266,0.068593,0.927664,-0.044579,0.364346,-7.590893,131.48172,19.122059,0.108732,0.959153,-0.099729,0.241364,-3.962527,145.770767,17.250433,0.008162,0.852081,0.11518,0.510515,-9.557183,125.573334,15.786579,0.366803,-0.566926,0.110601,-0.729259,-18.223734,127.954697,0.067104,0.074724,-0.017527,-0.544334,-0.83535,-10.293089,114.196602,-17.707781,0.172542,0.01479,-0.52992,-0.830178,-0.810929,135.333954,-20.286667,-0.189382,0.899356,0.126633,0.373173,-5.360075,125.519966,22.130632,0.313523,0.895976,0.133505,-0.284793,6.405331,129.976791,35.153454,-0.030787,0.279782,0.435466,-0.855069,21.688406,118.398109,20.994049,0.073124,0.1218,0.352641,-0.924912,11.23744,135.552109,10.825394,0.040829,0.871662,0.079211,0.481937,-8.758007,90.473572,7.593802,0.077452,0.923633,-0.021878,0.374733,-8.56596,53.929382,1.004565,-0.021501,0.945189,0.025678,0.324803,-16.193068,6.721368,0.161275,-0.070469,0.885996,-0.081947,0.45092,1.142436,90.390594,23.830942,-0.026461,0.879288,-0.115003,0.461439,3.035071,54.124153,31.583118,-0.077391,0.870959,-0.062668,0.481158,0.184555,7.628634,42.423859,-0.021501,0.945189,0.025678,0.324803,-7.096884,1.446068,-11.287378,-0.077391,0.870959,-0.062668,0.481158,12.737947,1.075723,36.011944
386,3.216667,-0.003633,0.87187,0.012206,0.489572,-3.855623,90.448357,15.711312,-0.019076,0.875979,0.079485,0.475372,-3.998201,98.243057,15.849529,-0.027973,0.878728,0.05979,0.472736,-5.636467,113.073158,17.670118,0.069128,0.92761,-0.044231,0.364423,-7.599146,131.481079,19.130274,0.108901,0.959179,-0.0996,0.241239,-3.95969,145.769333,17.274225,0.00832,0.851991,0.11532,0.51063,-9.56472,125.574089,15.791908,0.366628,-0.56692,0.110776,-0.729325,-18.226915,127.963348,0.071226,0.074657,-0.01731,-0.544232,-0.835427,-10.29778,114.203644,-17.703093,0.172485,0.015004,-0.529727,-0.830309,-0.810026,135.339905,-20.27157,-0.18924,0.899331,0.126852,0.37323,-5.369676,125.518036,22.137306,0.313498,0.895946,0.133891,-0.284734,6.396131,129.966858,35.16251,-0.030766,0.279588,0.435557,-0.855087,21.68158,118.394562,21.000437,0.073093,0.121617,0.352923,-0.924831,11.22932,135.551804,10.838787,0.040244,0.871464,0.079351,0.482323,-8.806035,90.501762,7.592925,0.077437,0.923794,-0.021724,0.374348,-8.568268,53.955685,1.015612,-0.02123,0.945227,0.025129,0.324752,-16.188965,6.746814,0.162387,-0.071003,0.885812,-0.081609,0.451261,1.09479,90.394951,23.829699,-0.02655,0.879197,-0.115022,0.461604,3.030848,54.130005,31.578136,-0.077275,0.87096,-0.06268,0.481175,0.184938,7.635352,42.423794,-0.02123,0.945227,0.025129,0.324752,-7.098646,1.4537,-11.282708,-0.077275,0.87096,-0.06268,0.481175,12.737232,1.0804,36.011803
387,3.225,-0.004653,0.871761,0.012867,0.48974,-3.822624,90.431908,15.710124,-0.019677,0.875881,0.079821,0.475472,-3.984155,98.226219,15.849511,-0.027853,0.878678,0.059935,0.472819,-5.645376,113.073349,17.67243,0.069138,0.927584,-0.043956,0.364522,-7.606779,131.480881,19.139221,0.109307,0.959103,-0.09951,0.241393,-3.969527,145.770752,17.29122,0.00851,0.851992,0.115371,0.510614,-9.572275,125.575317,15.798287,0.366442,-0.566814,0.110942,-0.729475,-18.234943,127.971306,0.078894,0.074621,-0.017187,-0.544164,-0.835477,-10.301844,114.211884,-17.693869,0.172501,0.015108,-0.529499,-0.830449,-0.810693,135.346634,-20.256351,-0.189012,0.899241,0.126783,0.373586,-5.378314,125.51651,22.144373,0.313536,0.895869,0.134088,-0.284842,6.380995,129.956589,35.178417,-0.030838,0.279607,0.43578,-0.854965,21.662367,118.387222,21.009563,0.073101,0.1215,0.353023,-0.924808,11.21992,135.550659,10.851003,0.040704,0.871617,0.079269,0.482019,-8.769737,90.474609,7.589667,0.07746,0.923599,-0.021914,0.374811,-8.566936,53.930344,1.001172,-0.02176,0.945152,0.025674,0.324892,-16.196001,6.722611,0.160023,-0.070594,0.88581,-0.0818,0.451294,1.12449,90.389214,23.830582,-0.026616,0.879134,-0.115015,0.461721,3.027005,54.122292,31.578058,-0.077414,0.870964,-0.062559,0.48116,0.185463,7.627812,42.425598,-0.02176,0.945152,0.025674,0.324892,-7.094903,1.449766,-11.285854,-0.077414,0.870964,-0.062559,0.48116,12.739669,1.0778,36.012306
388,3.233333,-0.004663,0.871726,0.012966,0.489801,-3.830153,90.431046,15.709786,-0.01983,0.875851,0.079902,0.475508,-3.992579,98.225311,15.850438,-0.027624,0.878672,0.060065,0.472826,-5.659071,113.071907,17.673201,0.069312,0.927572,-0.043649,0.364555,-7.615289,131.47934,19.148232,0.109675,0.959052,-0.099449,0.241457,-3.976419,145.770126,17.310577,0.008687,0.851928,0.115426,0.510705,-9.582498,125.575806,15.804696,0.366362,-0.566791,0.110987,-0.729526,-18.241688,127.978638,0.084424,0.074609,-0.016976,-0.544077,-0.835539,-10.307848,114.219955,-17.688587,0.172463,0.015235,-0.529336,-0.830558,-0.8118,135.353882,-20.24235,-0.188945,0.899205,0.1269,0.373668,-5.388446,125.513008,22.150686,0.313661,0.895806,0.134392,-0.284758,6.369579,129.948669,35.187393,-0.030858,0.27953,0.435966,-0.854895,21.649508,118.378471,21.017656,0.073091,0.121442,0.352952,-0.924843,11.211819,135.548813,10.863019,0.040668,0.871615,0.079314,0.48202,-8.77614,90.474525,7.588645,0.077423,0.923556,-0.021941,0.374925,-8.569325,53.930576,0.998542,-0.021766,0.945173,0.025607,0.324835,-16.196018,6.722408,0.160182,-0.070629,0.885768,-0.081757,0.451378,1.115834,90.387566,23.830929,-0.026665,0.879071,-0.114979,0.461848,3.021368,54.120487,31.576958,-0.077596,0.870943,-0.062618,0.481161,0.184002,7.625475,42.423332,-0.021766,0.945173,0.025607,0.324835,-7.096434,1.447752,-11.286068,-0.077596,0.870943,-0.062618,0.481161,12.739989,1.076969,36.011982
389,3.241667,-0.00461,0.871679,0.013059,0.489882,-3.839217,90.42926,15.709681,-0.019939,0.875804,0.079928,0.475585,-4.001638,98.223495,15.851976,-0.027431,0.878638,0.060236,0.472878,-5.671704,113.071251,17.673893,0.069449,0.927534,-0.043448,0.364652,-7.624731,131.478302,19.15777,0.11006,0.958971,-0.099369,0.241636,-3.983916,145.769547,17.32753,0.008796,0.851865,0.11548,0.510797,-9.5927,125.576767,15.811162,0.366183,-0.566763,0.111099,-0.729621,-18.248442,127.984329,0.089717,0.074514,-0.016818,-0.544034,-0.835579,-10.314251,114.226578,-17.683861,0.172427,0.015384,-0.529218,-0.830639,-0.815909,135.360245,-20.228878,-0.188763,0.899133,0.126934,0.37392,-5.39924,125.510094,22.157501,0.313591,0.895797,0.134415,-0.284852,6.354426,129.937759,35.200859,-0.031145,0.279667,0.436112,-0.854765,21.633881,118.371567,21.02733,0.073024,0.121364,0.352605,-0.924991,11.205531,135.548615,10.875036,0.040505,0.871599,0.07944,0.482042,-8.783689,90.474503,7.587625,0.077518,0.923634,-0.02197,0.37471,-8.561667,53.931053,0.995228,-0.021634,0.945125,0.02563,0.324982,-16.197931,6.724417,0.157841,-0.070705,0.885711,-0.081656,0.451497,1.105255,90.38401,23.831736,-0.026701,0.879045,-0.114999,0.46189,3.018128,54.116501,31.573904,-0.077462,0.870927,-0.062471,0.481231,0.182405,7.622114,42.423363,-0.021634,0.945125,0.02563,0.324982,-7.096171,1.449169,-11.286406,-0.077462,0.870927,-0.062471,0.481231,12.738697,1.075134,36.011059
390,3.25,-0.004703,0.871666,0.013245,0.489899,-3.843717,90.429527,15.708701,-0.01996,0.875788,0.079976,0.475606,-4.008831,98.223671,15.852822,-0.027306,0.878624,0.060434,0.472886,-5.680017,113.070007,17.67551,0.069508,0.927513,-0.04327,0.364713,-7.632451,131.476425,19.168011,0.110515,0.958885,-0.099241,0.241819,-3.991665,145.768417,17.343529,0.008914,0.851796,0.115545,0.510895,-9.600605,125.57653,15.818635,0.366056,-0.566826,0.111042,-0.729644,-18.252632,127.989319,0.095946,0.074425,-0.016588,-0.54397,-0.835633,-10.32127,114.235733,-17.682119,0.172358,0.01557,-0.529195,-0.830664,-0.819274,135.369293,-20.215759,-0.188651,0.899104,0.126948,0.374042,-5.407157,125.506744,22.164949,0.31357,0.89575,0.134722,-0.284879,6.344743,129.929794,35.21146,-0.031143,0.27948,0.436212,-0.854775,21.624125,118.369591,21.032965,0.073046,0.121178,0.352698,-0.924978,11.194866,135.55069,10.887713,0.04063,0.871569,0.079412,0.48209,-8.787868,90.474976,7.586453,0.077426,0.923566,-0.022011,0.374896,-8.574579,53.931953,0.991406,-0.021941,0.945123,0.025558,0.324975,-16.204044,6.724116,0.159409,-0.070728,0.885669,-0.081639,0.451578,1.100434,90.384079,23.83095,-0.026785,0.87899,-0.114981,0.461994,3.014682,54.1166,31.57295,-0.076811,0.871013,-0.06213,0.481223,0.185528,7.62223,42.424206,-0.021941,0.945123,0.025558,0.324975,-7.099384,1.449887,-11.283001,-0.076811,0.871013,-0.06213,0.481223,12.736027,1.072855,36.00301
391,3.258333,-0.004768,0.87164,0.013392,0.489941,-3.851084,90.431282,15.70819,-0.019954,0.875759,0.080015,0.475653,-4.018214,98.225365,15.853798,-0.027208,0.878595,0.060614,0.472924,-5.689935,113.071655,17.677521,0.069851,0.92746,-0.043074,0.364805,-7.642373,131.477463,19.177515,0.110769,0.958836,-0.099166,0.241931,-3.99407,145.768738,17.362541,0.009161,0.851779,0.115623,0.510901,-9.610314,125.578964,15.825546,0.365982,-0.56679,0.111125,-0.729697,-18.261961,128.000854,0.104052,0.074412,-0.016494,-0.543929,-0.835663,-10.329526,114.24675,-17.673122,0.17225,0.015794,-0.529194,-0.830683,-0.825715,135.378845,-20.202511,-0.188568,0.899084,0.127086,0.374086,-5.417334,125.506531,22.17214,0.313488,0.895749,0.134806,-0.284931,6.334506,129.924683,35.220367,-0.031322,0.279383,0.43627,-0.85477,21.614882,118.369446,21.038906,0.073065,0.121084,0.352442,-0.925086,11.185715,135.554428,10.901245,0.040596,0.871587,0.079448,0.482053,-8.794432,90.477028,7.585457,0.077467,0.92359,-0.022012,0.374826,-8.57793,53.934227,0.989309,-0.021928,0.945057,0.025565,0.325166,-16.211092,6.727013,0.156467,-0.070771,0.885597,-0.081561,0.451726,1.092264,90.385536,23.830923,-0.026853,0.878869,-0.114978,0.462222,3.010741,54.117573,31.569582,-0.076705,0.870971,-0.062001,0.481333,0.18464,7.623485,42.422859,-0.021928,0.945057,0.025565,0.325166,-7.101962,1.452911,-11.282439,-0.076705,0.870971,-0.062001,0.481333,12.736309,1.075764,36.002274
392,3.266667,-0.00482,0.87161,0.013584,0.489988,-3.855567,90.432236,15.706238,-0.019934,0.875708,0.080139,0.475727,-4.024886,98.226227,15.854049,-0.02709,0.878543,0.060804,0.473003,-5.697918,113.071457,17.681091,0.070187,0.927441,-0.042717,0.364831,-7.649984,131.476639,19.189156,0.111054,0.958829,-0.099193,0.241815,-3.996236,145.768219,17.387589,0.009164,0.85169,0.115837,0.511002,-9.617579,125.579742,15.834178,0.365766,-0.566927,0.111096,-0.729703,-18.265484,128.006058,0.111306,0.074181,-0.016356,-0.543857,-0.835732,-10.340127,114.256378,-17.672451,0.172059,0.015913,-0.529073,-0.830798,-0.832599,135.387833,-20.19042,-0.188569,0.899079,0.127224,0.374048,-5.425633,125.504265,22.181421,0.313576,0.895671,0.135037,-0.284969,6.327217,129.920715,35.229313,-0.031397,0.279198,0.436435,-0.854744,21.60393,118.366257,21.04327,0.073048,0.120979,0.352323,-0.925147,11.176612,135.557602,10.914848,0.040643,0.871566,0.079466,0.482085,-8.798036,90.47892,7.582973,0.077446,0.923511,-0.022075,0.375022,-8.583704,53.9366,0.984041,-0.021945,0.945023,0.025534,0.325265,-16.21707,6.729329,0.155863,-0.070828,0.885567,-0.081492,0.451789,1.086901,90.385559,23.829502,-0.026868,0.878786,-0.115044,0.462362,3.010905,54.117359,31.565708,-0.07681,0.870964,-0.061924,0.481339,0.181353,7.624811,42.424671,-0.021945,0.945023,0.025534,0.325265,-7.105485,1.454588,-11.280799,-0.07681,0.870964,-0.061924,0.481339,12.734662,1.080543,36.003765
393,3.275,-0.004823,0.871576,0.013747,0.490044,-3.865196,90.432777,15.704977,-0.019851,0.875686,0.080135,0.475772,-4.035809,98.2267,15.854962,-0.027004,0.878518,0.060953,0.473035,-5.706633,113.071465,17.682943,0.070279,0.927451,-0.04242,0.364824,-7.65855,131.476151,19.197309,0.111516,0.958796,-0.099084,0.241778,-4.005421,145.769028,17.40468,0.009287,0.851602,0.115964,0.511117,-9.626016,125.580444,15.840154,0.365598,-0.566958,0.11113,-0.729758,-18.269583,128.013367,0.11591,0.073974,-0.016212,-0.543875,-0.835742,-10.346272,114.266205,-17.670717,0.171848,0.016096,-0.529168,-0.830777,-0.838809,135.400574,-20.178009,-0.188374,0.899019,0.127339,0.374252,-5.43446,125.502708,22.187628,0.313418,0.895671,0.135186,-0.285074,6.31552,129.909897,35.241241,-0.031603,0.279117,0.43651,-0.854725,21.59412,118.364891,21.049522,0.073109,0.120814,0.352,-0.925286,11.167339,135.561798,10.928254,0.040465,0.871601,0.079566,0.482021,-8.806629,90.480949,7.581089,0.077735,0.923311,-0.0221,0.375453,-8.577644,53.938736,0.982039,-0.021807,0.944817,0.025491,0.325875,-16.236883,6.735861,0.142073,-0.07091,0.885531,-0.081412,0.451862,1.076236,90.384613,23.828867,-0.026918,0.878695,-0.11505,0.462529,3.007674,54.11631,31.56271,-0.076815,0.870948,-0.061804,0.481383,0.179997,7.624146,42.423801,-0.021807,0.944817,0.025491,0.325875,-7.112276,1.458798,-11.283134,-0.076815,0.870948,-0.061804,0.481383,12.734654,1.082883,36.002464
394,3.283333,-0.004855,0.871534,0.013901,0.490115,-3.869696,90.431236,15.702383,-0.019872,0.875616,0.08037,0.475859,-4.041924,98.22509,15.854208,-0.026872,0.878463,0.061025,0.473134,-5.716996,113.070213,17.68804,0.070319,0.92739,-0.042371,0.364975,-7.666043,131.474838,19.206823,0.111844,0.9587,-0.098971,0.242053,-4.011812,145.767746,17.416779,0.009413,0.851595,0.115973,0.511124,-9.633838,125.58036,15.847722,0.365457,-0.566989,0.111067,-0.729815,-18.277061,128.017365,0.123928,0.073604,-0.016409,-0.543735,-0.835862,-10.354746,114.275383,-17.667135,0.171008,0.015872,-0.529043,-0.831034,-0.840934,135.406021,-20.172276,-0.188459,0.898997,0.127633,0.374163,-5.4436,125.500229,22.196033,0.313414,0.895647,0.135335,-0.285085,6.307651,129.906433,35.248821,-0.031763,0.278983,0.436571,-0.854731,21.586075,118.364075,21.054789,0.07305,0.120821,0.351767,-0.925379,11.158495,135.565109,10.941916,0.040448,0.871647,0.079532,0.481945,-8.809793,90.480339,7.577691,0.077709,0.923348,-0.022126,0.375366,-8.581476,53.937634,0.981385,-0.02234,0.944827,0.025315,0.325824,-16.239439,6.734488,0.145378,-0.070902,0.885548,-0.081423,0.451828,1.070401,90.382133,23.827076,-0.026985,0.878713,-0.115033,0.462496,3.001229,54.113873,31.56127,-0.076864,0.87096,-0.061785,0.481356,0.180349,7.621679,42.424004,-0.02234,0.944827,0.025315,0.325824,-7.110898,1.457782,-11.276844,-0.076864,0.87096,-0.061785,0.481356,12.735215,1.081551,36.001923
395,3.291667,-0.004767,0.871506,0.01397,0.490162,-3.88151,90.429497,15.698168,-0.01982,0.875598,0.080492,0.475875,-4.053083,98.223328,15.851596,-0.026737,0.878458,0.061158,0.473134,-5.728882,113.070717,17.689682,0.070502,0.927358,-0.04223,0.365039,-7.675862,131.474991,19.215183,0.112111,0.95864,-0.098902,0.242196,-4.017943,145.767731,17.431271,0.009502,0.851529,0.116055,0.511214,-9.644374,125.581955,15.853977,0.365289,-0.566755,0.111242,-0.730053,-18.284182,128.02359,0.129017,0.073336,-0.016552,-0.543996,-0.835713,-10.351109,114.28286,-17.658224,0.170724,0.015993,-0.529136,-0.831031,-0.851172,135.418579,-20.162783,-0.1884,0.898969,0.12779,0.374205,-5.454023,125.499054,22.202183,0.313385,0.895644,0.13557,-0.285013,6.2969,129.900848,35.256767,-0.031916,0.278967,0.436596,-0.854718,21.578154,118.362495,21.062508,0.072906,0.120839,0.3514,-0.925527,11.151052,135.566254,10.953375,0.040379,0.87164,0.079576,0.481955,-8.820743,90.480713,7.572959,0.077658,0.923395,-0.022133,0.375263,-8.586363,53.93811,0.976302,-0.022197,0.944817,0.025336,0.325863,-16.240173,6.734228,0.143622,-0.070994,0.885573,-0.08138,0.451772,1.057723,90.378281,23.823376,-0.027041,0.878687,-0.115038,0.462541,2.996495,54.110466,31.557709,-0.076779,0.870946,-0.061737,0.481401,0.179514,7.618669,42.423145,-0.022197,0.944817,0.025336,0.325863,-7.112168,1.456729,-11.278668,-0.076779,0.870946,-0.061737,0.481401,12.734367,1.078452,36.001122
396,3.3,-0.004772,0.871482,0.014062,0.490203,-3.888128,90.428932,15.696555,-0.019889,0.875552,0.080696,0.475922,-4.060471,98.222717,15.851183,-0.026588,0.878432,0.06124,0.473181,-5.741258,113.07032,17.69368,0.070607,0.92733,-0.042188,0.365095,-7.684888,131.474533,19.224377,0.112388,0.958594,-0.098734,0.24232,-4.024415,145.766922,17.443033,0.009593,0.851452,0.11612,0.511326,-9.654227,125.58284,15.861288,0.365026,-0.566804,0.111212,-0.730151,-18.289831,128.028915,0.134712,0.073,-0.016512,-0.544015,-0.835731,-10.359064,114.29496,-17.658787,0.1704,0.016041,-0.529272,-0.83101,-0.859967,135.432434,-20.153368,-0.188303,0.898967,0.128073,0.374164,-5.464435,125.497292,22.209826,0.313296,0.89563,0.135722,-0.285083,6.288922,129.892273,35.264515,-0.032224,0.278894,0.436543,-0.854758,21.570936,118.360474,21.06575,0.07253,0.121063,0.351252,-0.925584,11.139421,135.56749,10.964491,0.040348,0.871655,0.079594,0.481929,-8.826585,90.480942,7.570883,0.077619,0.923432,-0.022091,0.37518,-8.589741,53.938358,0.974181,-0.021484,0.94482,0.025743,0.325871,-16.238695,6.733718,0.139914,-0.071037,0.885596,-0.081347,0.451726,1.050329,90.376923,23.822227,-0.027045,0.878706,-0.115047,0.462502,2.993459,54.109173,31.555784,-0.076922,0.870943,-0.061771,0.48138,0.176854,7.617608,42.422306,-0.021484,0.94482,0.025743,0.325871,-7.116862,1.46044,-11.28925,-0.076922,0.870943,-0.061771,0.48138,12.732808,1.078776,36.001026
397,3.308333,-0.004804,0.871427,0.014227,0.490296,-3.896355,90.427711,15.693482,-0.019839,0.875498,0.080682,0.476025,-4.070422,98.22142,15.850088,-0.026463,0.878372,0.061442,0.473272,-5.750131,113.071152,17.69297,0.070713,0.927278,-0.042328,0.36519,-7.693393,131.474686,19.23222,0.112659,0.958532,-0.098486,0.242537,-4.02826,145.765625,17.44875,0.00969,0.851355,0.116377,0.511426,-9.662305,125.584702,15.865901,0.364945,-0.566975,0.111047,-0.730084,-18.294138,128.038925,0.138527,0.072769,-0.016342,-0.543982,-0.835776,-10.370847,114.310287,-17.662399,0.170052,0.01617,-0.52955,-0.830902,-0.869734,135.448517,-20.144419,-0.188288,0.898922,0.128269,0.37421,-5.473721,125.495934,22.215193,0.313257,0.895612,0.136185,-0.28496,6.278574,129.887253,35.27206,-0.032312,0.278735,0.436626,-0.854764,21.565084,118.362846,21.072138,0.072556,0.121061,0.350947,-0.925698,11.133907,135.572342,10.979779,0.040339,0.871654,0.079638,0.481924,-8.833077,90.480743,7.566763,0.077603,0.923383,-0.022143,0.375301,-8.594089,53.938641,0.967509,-0.021873,0.944765,0.025571,0.326017,-16.243431,6.733993,0.13737,-0.071125,0.885561,-0.081309,0.451788,1.040367,90.374672,23.820204,-0.027093,0.878592,-0.115041,0.462718,2.989969,54.107388,31.554274,-0.076945,0.870921,-0.06163,0.481433,0.175054,7.615933,42.421715,-0.021873,0.944765,0.025571,0.326017,-7.114461,1.459845,-11.285695,-0.076945,0.870921,-0.06163,0.481433,12.7328,1.080925,36.000053
398,3.316667,-0.004778,0.871408,0.014334,0.490327,-3.904056,90.428993,15.691429,-0.019834,0.875457,0.080782,0.476084,-4.078587,98.222664,15.84969,-0.026316,0.878334,0.061592,0.473331,-5.759748,113.072372,17.695213,0.070774,0.927318,-0.041901,0.365127,-7.700928,131.47551,19.241793,0.113006,0.958551,-0.098445,0.242317,-4.038818,145.768707,17.470169,0.009909,0.851333,0.116429,0.511447,-9.670178,125.587143,15.872833,0.364926,-0.567317,0.110671,-0.729885,-18.301073,128.049149,0.146158,0.072542,-0.016137,-0.543831,-0.835898,-10.39231,114.329193,-17.667929,0.169647,0.016217,-0.52953,-0.830997,-0.883532,135.46489,-20.135695,-0.188225,0.898933,0.128418,0.374165,-5.482329,125.495255,22.222563,0.313199,0.895597,0.136361,-0.284987,6.27205,129.882767,35.278843,-0.03252,0.278568,0.436687,-0.854779,21.559561,118.363632,21.07572,0.07255,0.121158,0.3508,-0.925741,11.126073,135.579056,10.993278,0.040198,0.872036,0.079751,0.481225,-8.840211,90.48349,7.564373,0.07759,0.923366,-0.022249,0.37534,-8.593336,53.941872,0.962673,-0.022186,0.944791,0.025373,0.325936,-16.245272,6.737483,0.142028,-0.071183,0.885562,-0.081286,0.45178,1.032099,90.374504,23.818485,-0.027132,0.878596,-0.115053,0.462704,2.986311,54.107559,31.552986,-0.076807,0.870934,-0.061494,0.481448,0.174278,7.616582,42.423214,-0.022186,0.944791,0.025373,0.325936,-7.115512,1.460903,-11.279281,-0.076807,0.870934,-0.061494,0.481448,12.731372,1.082606,35.999222
399,3.325,-0.002773,0.871599,0.013446,0.490028,-3.996238,90.461578,15.699598,-0.018455,0.875558,0.07999,0.476087,-4.136687,98.255867,15.861169,-0.026339,0.878293,0.061656,0.473398,-5.765807,113.070908,17.70083,0.070935,0.927278,-0.041769,0.365212,-7.709,131.473709,19.248911,0.113143,0.95853,-0.098297,0.242398,-4.043616,145.766769,17.483044,0.009974,0.851234,0.11662,0.511568,-9.677158,125.585487,15.879067,0.3646,-0.567258,0.110785,-0.730077,-18.303528,128.053513,0.150856,0.072097,-0.016246,-0.544055,-0.835788,-10.392756,114.338455,-17.666113,0.169359,0.01628,-0.529658,-0.830973,-0.894927,135.481354,-20.127708,-0.188239,0.89892,0.128573,0.374137,-5.49029,125.49337,22.229443,0.313123,0.895611,0.136507,-0.284958,6.26466,129.879303,35.285736,-0.032701,0.278478,0.436724,-0.854782,21.555222,118.365005,21.081972,0.072527,0.121198,0.350683,-0.925782,11.121133,135.583771,11.006701,0.039118,0.871752,0.080203,0.481754,-8.938263,90.540916,7.576314,0.077488,0.923672,-0.021889,0.374629,-8.601274,53.998302,0.984112,-0.02135,0.944932,0.024223,0.325671,-16.232019,6.790867,0.141322,-0.072089,0.885503,-0.080657,0.451866,0.945786,90.382233,23.822884,-0.027231,0.878465,-0.115029,0.462954,2.97989,54.117359,31.546488,-0.076922,0.870865,-0.061774,0.481519,0.174113,7.626367,42.418266,-0.02135,0.944932,0.024223,0.325671,-7.121228,1.474312,-11.276598,-0.076922,0.870865,-0.061774,0.481519,12.732288,1.087934,36.000927
400,3.333333,-0.00275,0.871589,0.013482,0.490045,-4.005167,90.461197,15.697485,-0.0185,0.875487,0.080122,0.476194,-4.145569,98.255478,15.859721,-0.026142,0.878221,0.061792,0.473525,-5.778138,113.07132,17.702158,0.07148,0.927201,-0.041984,0.365276,-7.717518,131.473892,19.257845,0.112931,0.958594,-0.09789,0.242407,-4.035037,145.762604,17.492447,0.010093,0.851192,0.116773,0.511601,-9.686148,125.587593,15.884894,0.364606,-0.567301,0.11058,-0.730071,-18.311228,128.062256,0.157019,0.071953,-0.016208,-0.544101,-0.835772,-10.400672,114.353416,-17.664824,0.169123,0.016251,-0.52983,-0.830911,-0.905155,135.497864,-20.12141,-0.188248,0.898922,0.12878,0.374055,-5.500953,125.49173,22.236317,0.31315,0.89558,0.136741,-0.284912,6.256105,129.875519,35.291428,-0.032821,0.278393,0.436792,-0.85477,21.547102,118.363396,21.086369,0.072342,0.121283,0.350816,-0.925735,11.112711,135.58728,11.016179,0.039043,0.871922,0.080108,0.481467,-8.946875,90.541275,7.574018,0.077451,0.923916,-0.021756,0.374041,-8.610673,53.997093,0.990504,-0.021631,0.944918,0.024143,0.325698,-16.233974,6.788561,0.142095,-0.07212,0.885573,-0.080664,0.451722,0.936541,90.381126,23.820953,-0.027269,0.878552,-0.115023,0.462788,2.973712,54.116665,31.545687,-0.076801,0.870893,-0.061673,0.481501,0.173503,7.625729,42.419132,-0.021631,0.944918,0.024143,0.325698,-7.119779,1.47257,-11.273366,-0.076801,0.870893,-0.061673,0.481501,12.730503,1.08766,35.999126
401,3.341667,-0.002691,0.871414,0.013543,0.490354,-4.007969,90.459656,15.689463,-0.018436,0.875435,0.080419,0.476242,-4.148098,98.253914,15.85293,-0.026062,0.87823,0.061886,0.473501,-5.783442,113.069405,17.704088,0.071269,0.927274,-0.041209,0.365221,-7.721804,131.471695,19.264301,0.113359,0.95856,-0.098197,0.24222,-4.053192,145.766235,17.517195,0.010207,0.851162,0.116881,0.511623,-9.690952,125.586296,15.890076,0.364364,-0.567369,0.110488,-0.730154,-18.31513,128.066528,0.162576,0.071613,-0.016217,-0.54421,-0.83573,-10.407231,114.365852,-17.666723,0.168875,0.016346,-0.530006,-0.830848,-0.916918,135.514435,-20.11548,-0.188102,0.898802,0.128607,0.374477,-5.505337,125.488708,22.241196,0.313014,0.895618,0.136933,-0.284851,6.242276,129.86731,35.306557,-0.033135,0.278803,0.43676,-0.854641,21.539009,118.362656,21.101618,0.072041,0.121707,0.350221,-0.925928,11.115304,135.584595,11.024968,0.039043,0.871763,0.08016,0.481747,-8.943913,90.541367,7.562504,0.07745,0.923739,-0.021908,0.374471,-8.60373,53.997803,0.975752,-0.021221,0.944885,0.024283,0.325811,-16.231966,6.789887,0.137312,-0.07217,0.885591,-0.080664,0.451678,0.927974,90.377953,23.816422,-0.027326,0.878528,-0.115015,0.462833,2.968793,54.114033,31.542778,-0.076793,0.870895,-0.061714,0.481493,0.17316,7.623208,42.417908,-0.021221,0.944885,0.024283,0.325811,-7.11902,1.473774,-11.279095,-0.076793,0.870895,-0.061714,0.481493,12.729743,1.084019,35.998219
402,3.35,-0.003043,0.871252,0.013844,0.490632,-3.993078,90.451744,15.672508,-0.01857,0.87531,0.081142,0.476343,-4.140351,98.245834,15.83732,-0.026066,0.878175,0.061956,0.473594,-5.791101,113.069893,17.706753,0.071533,0.927234,-0.040963,0.365298,-7.730992,131.471848,19.268959,0.113359,0.958574,-0.098158,0.24218,-4.057554,145.766357,17.531773,0.010266,0.851133,0.117145,0.51161,-9.699037,125.586769,15.893543,0.364253,-0.567452,0.11027,-0.730177,-18.323633,128.073654,0.167325,0.071417,-0.016189,-0.544241,-0.835727,-10.417967,114.381996,-17.669884,0.168649,0.016413,-0.530263,-0.830728,-0.929695,135.530716,-20.112509,-0.188026,0.898792,0.128823,0.374464,-5.514773,125.488625,22.245544,0.312987,0.895605,0.137178,-0.284805,6.234214,129.861832,35.311474,-0.033327,0.278771,0.436802,-0.854623,21.53299,118.361542,21.105194,0.071838,0.121916,0.350284,-0.925892,11.110143,135.587082,11.033864,0.039295,0.871911,0.079693,0.481535,-8.923805,90.530487,7.542356,0.07735,0.92391,-0.021798,0.374076,-8.618315,53.982861,0.976516,-0.021466,0.944856,0.024648,0.32585,-16.234213,6.773001,0.13523,-0.071993,0.885517,-0.080863,0.451817,0.937648,90.372993,23.802658,-0.02745,0.878545,-0.115033,0.462788,2.958935,54.109566,31.536442,-0.076927,0.870915,-0.061753,0.481431,0.173494,7.619795,42.418667,-0.021466,0.944856,0.024648,0.32585,-7.116543,1.469351,-11.283199,-0.076927,0.870915,-0.061753,0.481431,12.730408,1.081625,35.998589
403,3.358333,-0.003024,0.871235,0.01398,0.490657,-4.001184,90.449928,15.669107,-0.018383,0.875283,0.081195,0.476391,-4.149236,98.243973,15.835908,-0.026038,0.878133,0.062103,0.473653,-5.795913,113.067947,17.709335,0.071734,0.927205,-0.041282,0.365296,-7.737569,131.469284,19.276672,0.113167,0.958641,-0.097636,0.242213,-4.055436,145.760773,17.533058,0.010338,0.851039,0.117356,0.511716,-9.70467,125.58503,15.899274,0.364153,-0.567509,0.110184,-0.730196,-18.325281,128.078491,0.171915,0.071058,-0.016331,-0.54442,-0.835638,-10.421785,114.391418,-17.669788,0.168282,0.016335,-0.530413,-0.830708,-0.941867,135.546906,-20.109632,-0.188002,0.898768,0.128964,0.374487,-5.521236,125.485374,22.251801,0.312894,0.89563,0.137201,-0.284815,6.227464,129.855606,35.318981,-0.033574,0.278847,0.436812,-0.854583,21.528738,118.359291,21.112192,0.071661,0.121988,0.350166,-0.925941,11.108076,135.587891,11.043145,0.039211,0.871794,0.079876,0.481725,-8.931437,90.530273,7.538684,0.077375,0.923723,-0.022031,0.374518,-8.612482,53.984314,0.964188,-0.021872,0.944881,0.024338,0.325775,-16.238501,6.775805,0.138894,-0.072047,0.885528,-0.080867,0.451786,0.929069,90.369583,23.799532,-0.027506,0.878469,-0.115009,0.462934,2.953972,54.106785,31.535292,-0.076871,0.870905,-0.061642,0.481473,0.172461,7.616779,42.417534,-0.021872,0.944881,0.024338,0.325775,-7.119244,1.467581,-11.276146,-0.076871,0.870905,-0.061642,0.481473,12.729952,1.080453,35.996704
404,3.366667,-0.003,0.871265,0.01399,0.490605,-4.009786,90.447472,15.671177,-0.018367,0.875277,0.081114,0.476417,-4.157574,98.241508,15.838303,-0.025904,0.878109,0.062267,0.473684,-5.802826,113.066589,17.709873,0.07159,0.927266,-0.04102,0.365199,-7.743049,131.467422,19.284843,0.11338,0.958676,-0.097506,0.242031,-4.067832,145.761292,17.546215,0.010437,0.850996,0.117529,0.511746,-9.710461,125.584747,15.904872,0.363992,-0.567608,0.110018,-0.730224,-18.329903,128.084549,0.177878,0.070736,-0.01643,-0.544496,-0.835614,-10.430017,114.405762,-17.671762,0.167954,0.016274,-0.530687,-0.830601,-0.953747,135.564224,-20.107611,-0.187984,0.898742,0.129085,0.374515,-5.52736,125.482086,22.25757,0.312844,0.895614,0.13753,-0.284761,6.220813,129.849792,35.326069,-0.033665,0.27877,0.436895,-0.854562,21.525045,118.359962,21.11721,0.071582,0.122039,0.350433,-0.92584,11.105845,135.592148,11.053408,0.039223,0.871977,0.079861,0.481394,-8.941015,90.528297,7.541349,0.077277,0.92382,-0.021892,0.374307,-8.625866,53.982235,0.967223,-0.021504,0.944835,0.024702,0.325906,-16.238503,6.771689,0.134912,-0.072083,0.885541,-0.080858,0.451755,0.921442,90.366653,23.801004,-0.027525,0.878584,-0.115007,0.462717,2.949248,54.104126,31.537291,-0.076966,0.870943,-0.061586,0.481396,0.172116,7.614181,42.420891,-0.021504,0.944835,0.024702,0.325906,-7.118891,1.469932,-11.282847,-0.076966,0.870943,-0.061586,0.481396,12.729706,1.080397,35.997669
405,3.375,-0.002988,0.871229,0.014116,0.490665,-4.015971,90.447044,15.668121,-0.018213,0.875236,0.081151,0.476492,-4.164574,98.241028,15.837038,-0.025888,0.878055,0.062433,0.473764,-5.80644,113.065895,17.711607,0.071518,0.927318,-0.040761,0.365109,-7.749192,131.465988,19.292086,0.113489,0.958743,-0.097392,0.241759,-4.078897,145.761826,17.55917,0.010572,0.851014,0.117629,0.51169,-9.715273,125.58416,15.909883,0.363931,-0.567758,0.10965,-0.730193,-18.336662,128.089752,0.184883,0.070497,-0.016444,-0.544509,-0.835625,-10.441048,114.422966,-17.675833,0.167603,0.016222,-0.531124,-0.830393,-0.965333,135.582596,-20.106266,-0.187921,0.898714,0.129206,0.374573,-5.533314,125.479973,22.263306,0.312643,0.895689,0.137426,-0.284797,6.214136,129.843536,35.333836,-0.033975,0.278866,0.43685,-0.854542,21.523394,118.35997,21.125334,0.07146,0.122134,0.350424,-0.92584,11.104776,135.594193,11.064068,0.03924,0.87195,0.079851,0.481443,-8.946079,90.529259,7.53763,0.077199,0.923809,-0.021912,0.374349,-8.632059,53.983177,0.963552,-0.021661,0.944847,0.024626,0.325866,-16.238558,6.771567,0.135498,-0.072091,0.885467,-0.080822,0.451906,0.914137,90.36483,23.798613,-0.027636,0.878488,-0.115004,0.462892,2.942438,54.101967,31.533176,-0.077001,0.87093,-0.061514,0.481423,0.172563,7.612547,42.420879,-0.021661,0.944847,0.024626,0.325866,-7.118482,1.469234,-11.281621,-0.077001,0.87093,-0.061514,0.481423,12.731332,1.081073,35.99762
406,3.383333,-0.00294,0.871194,0.014146,0.490726,-4.021802,90.446014,15.66599,-0.018131,0.875221,0.081192,0.476516,-4.169998,98.23999,15.835675,-0.025735,0.878049,0.062535,0.473768,-5.810312,113.064743,17.712448,0.072566,0.927329,-0.039311,0.365034,-7.749891,131.464661,19.29891,0.11288,0.958964,-0.097946,0.240944,-4.066621,145.763153,17.616085,0.010571,0.851004,0.117831,0.51166,-9.717019,125.584259,15.914824,0.363789,-0.56788,0.109433,-0.730202,-18.339529,128.09343,0.191009,0.070158,-0.01657,-0.54461,-0.835586,-10.44824,114.43589,-17.67869,0.1672,0.016236,-0.531451,-0.830265,-0.97736,135.59935,-20.105808,-0.187952,0.898597,0.129404,0.37477,-5.535006,125.477303,22.268164,0.312457,0.895733,0.137663,-0.284749,6.206701,129.837448,35.344994,-0.034008,0.278926,0.436765,-0.854564,21.52281,118.364105,21.135612,0.071311,0.122126,0.350646,-0.925769,11.103402,135.594284,11.073293,0.039215,0.871988,0.079883,0.481371,-8.950784,90.52932,7.534826,0.077161,0.923814,-0.021936,0.374343,-8.634549,53.983463,0.959605,-0.021727,0.944853,0.024574,0.325848,-16.238544,6.771389,0.135052,-0.072117,0.885509,-0.08081,0.451821,0.907178,90.362709,23.797153,-0.027677,0.878537,-0.11502,0.462793,2.938329,54.099972,31.531563,-0.076819,0.870951,-0.061448,0.481422,0.172381,7.61112,42.422695,-0.021727,0.944853,0.024574,0.325848,-7.118335,1.468263,-11.281591,-0.076819,0.870951,-0.061448,0.481422,12.729406,1.078293,35.997402
407,3.391667,-0.002877,0.87111,0.014333,0.49087,-4.024638,90.446541,15.657891,-0.018118,0.875199,0.081385,0.476524,-4.173441,98.240433,15.830573,-0.025563,0.878066,0.062686,0.473726,-5.815973,113.062309,17.712299,0.072236,0.927461,-0.038705,0.364828,-7.752512,131.461853,19.306786,0.113165,0.95901,-0.098152,0.24054,-4.08508,145.765778,17.635649,0.010619,0.851007,0.117933,0.51163,-9.720954,125.583183,15.920446,0.363699,-0.567952,0.109161,-0.730231,-18.344542,128.095612,0.197746,0.06994,-0.016631,-0.544752,-0.83551,-10.45433,114.448608,-17.680471,0.167149,0.016111,-0.531655,-0.830147,-0.990519,135.616119,-20.104872,-0.187894,0.898551,0.129442,0.374896,-5.538199,125.472893,22.273237,0.312653,0.895602,0.137973,-0.284796,6.200845,129.829742,35.35355,-0.034106,0.278705,0.437196,-0.854412,21.5098,118.354485,21.138018,0.071653,0.122287,0.350903,-0.925623,11.100765,135.6008,11.087725,0.039231,0.871945,0.07972,0.481475,-8.95094,90.532669,7.525135,0.077066,0.923845,-0.021899,0.374289,-8.640784,53.984978,0.95987,-0.021793,0.944898,0.024504,0.325718,-16.235178,6.771347,0.135917,-0.072127,0.885559,-0.080837,0.451717,0.901663,90.360405,23.790649,-0.027733,0.878549,-0.115031,0.462764,2.933453,54.098106,31.526943,-0.076998,0.870945,-0.061594,0.481386,0.172123,7.609782,42.42149,-0.021793,0.944898,0.024504,0.325718,-7.117601,1.46689,-11.282207,-0.076998,0.870945,-0.061594,0.481386,12.729877,1.076296,35.998299
408,3.4,-0.002821,0.871142,0.014188,0.490819,-4.035131,90.440926,15.661153,-0.018023,0.87521,0.081289,0.476523,-4.18205,98.234894,15.832305,-0.025475,0.87806,0.062792,0.47373,-5.82105,113.060272,17.713268,0.072205,0.927549,-0.038268,0.364658,-7.756575,131.459488,19.312754,0.113175,0.959115,-0.098147,0.240117,-4.095046,145.766144,17.65217,0.010712,0.85102,0.117997,0.511593,-9.725351,125.581848,15.924827,0.363637,-0.567989,0.108942,-0.730266,-18.35025,128.098175,0.203463,0.069701,-0.016788,-0.544867,-0.835452,-10.459793,114.459633,-17.681103,0.16693,0.015892,-0.531925,-0.830023,-1.002023,135.630035,-20.105902,-0.187781,0.898502,0.129693,0.374984,-5.542578,125.469604,22.277573,0.312648,0.895603,0.137947,-0.284811,6.195635,129.818604,35.361244,-0.034436,0.279077,0.437119,-0.854317,21.504337,118.343307,21.145481,0.070689,0.122248,0.350917,-0.925697,11.102072,135.58876,11.088898,0.039164,0.871993,0.079916,0.481361,-8.962394,90.526619,7.528974,0.077017,0.923925,-0.021912,0.374101,-8.641711,53.980862,0.953449,-0.021565,0.944875,0.024668,0.325789,-16.232487,6.766572,0.133944,-0.072107,0.885592,-0.080814,0.451661,0.892133,90.355225,23.793333,-0.027845,0.878634,-0.114961,0.462613,2.92391,54.092426,31.52729,-0.077039,0.870987,-0.061628,0.481299,0.17701,7.603166,42.421497,-0.021565,0.944875,0.024668,0.325789,-7.115147,1.464435,-11.285449,-0.077039,0.870987,-0.061628,0.481299,12.733674,1.069257,35.996605
409,3.408333,-0.002758,0.871131,0.014187,0.490839,-4.042146,90.440231,15.659163,-0.017955,0.875184,0.081383,0.476557,-4.188202,98.234207,15.830784,-0.025378,0.878035,0.062884,0.473767,-5.826756,113.058472,17.715034,0.071988,0.927661,-0.037911,0.364454,-7.760798,131.457443,19.319128,0.113321,0.959219,-0.098069,0.239665,-4.10945,145.767426,17.664736,0.010744,0.850941,0.118158,0.511685,-9.729843,125.580849,15.929543,0.363482,-0.568096,0.108846,-0.730274,-18.351286,128.101501,0.206974,0.069401,-0.01692,-0.544951,-0.835419,-10.465592,114.468575,-17.683987,0.166712,0.015734,-0.532378,-0.829779,-1.011589,135.642838,-20.106718,-0.187653,0.898483,0.129749,0.375073,-5.547534,125.466599,22.282562,0.312634,0.895562,0.138158,-0.284851,6.190004,129.81015,35.368656,-0.034571,0.278845,0.437396,-0.854245,21.498049,118.339142,21.148691,0.071155,0.122412,0.351155,-0.92555,11.100284,135.596252,11.104419,0.03909,0.872075,0.079967,0.481209,-8.969042,90.526978,7.52677,0.076978,0.923906,-0.021924,0.374155,-8.642898,53.981388,0.950533,-0.021531,0.944882,0.024635,0.325773,-16.230629,6.766576,0.13306,-0.072134,0.885623,-0.080799,0.451597,0.88475,90.353485,23.791555,-0.027882,0.878661,-0.114942,0.462565,2.91931,54.090797,31.525288,-0.077096,0.870972,-0.061689,0.481309,0.176946,7.601303,42.419636,-0.021531,0.944882,0.024635,0.325773,-7.114129,1.463196,-11.286427,-0.077096,0.870972,-0.061689,0.481309,12.734119,1.066898,35.996239
410,3.416667,-0.002689,0.871124,0.014112,0.490853,-4.055491,90.442192,15.661311,-0.017758,0.875192,0.081224,0.476578,-4.200044,98.236206,15.832427,-0.025268,0.878021,0.063092,0.473771,-5.830839,113.058281,17.714903,0.072093,0.927707,-0.037829,0.364322,-7.764945,131.456482,19.327688,0.113097,0.959331,-0.09793,0.239379,-4.112051,145.766373,17.675941,0.010801,0.850926,0.118227,0.511694,-9.733979,125.581482,15.935337,0.36334,-0.568127,0.108773,-0.730331,-18.355062,128.105194,0.213067,0.069155,-0.017089,-0.545102,-0.835338,-10.470314,114.477829,-17.682535,0.16661,0.015636,-0.532606,-0.829655,-1.024029,135.655975,-20.106085,-0.187534,0.898415,0.129811,0.375274,-5.551649,125.464249,22.288284,0.312653,0.895514,0.138405,-0.284864,6.182021,129.801682,35.379868,-0.034664,0.278895,0.43755,-0.854146,21.489147,118.334045,21.156214,0.071022,0.122351,0.351263,-0.925527,11.099178,135.595596,11.113765,0.039018,0.872067,0.080062,0.481213,-8.982122,90.529373,7.528766,0.07686,0.92391,-0.021923,0.374169,-8.647876,53.984505,0.948936,-0.021491,0.944953,0.02454,0.325575,-16.225191,6.76795,0.135533,-0.072209,0.885589,-0.080694,0.451671,0.871139,90.355011,23.793858,-0.027936,0.878684,-0.114937,0.462519,2.913498,54.091866,31.523392,-0.077147,0.870977,-0.061778,0.481281,0.176505,7.602558,42.419872,-0.021491,0.944953,0.02454,0.325575,-7.114174,1.461483,-11.286896,-0.077147,0.870977,-0.061778,0.481281,12.73337,1.066819,35.997234
411,3.425,-0.002709,0.871078,0.014296,0.490929,-4.052991,90.438805,15.65426,-0.017726,0.875141,0.081512,0.476623,-4.199234,98.232735,15.827711,-0.025278,0.877987,0.063163,0.473824,-5.833715,113.056435,17.718466,0.071861,0.927828,-0.037312,0.364115,-7.769482,131.454285,19.333244,0.113188,0.959456,-0.097934,0.238834,-4.128848,145.768494,17.691868,0.010953,0.85099,0.118296,0.511568,-9.737633,125.579544,15.939939,0.363327,-0.568169,0.10856,-0.730337,-18.363266,128.108688,0.221032,0.068999,-0.017258,-0.545127,-0.835331,-10.478566,114.488342,-17.679935,0.166373,0.015386,-0.532805,-0.829579,-1.034135,135.666199,-20.106125,-0.187471,0.898372,0.129983,0.37535,-5.556072,125.461876,22.293388,0.312625,0.895512,0.138392,-0.284906,6.176408,129.794266,35.387726,-0.034872,0.279115,0.437511,-0.854086,21.483255,118.32795,21.162691,0.070295,0.122047,0.351379,-0.925579,11.097557,135.589294,11.116867,0.039065,0.872048,0.07997,0.48126,-8.978206,90.527397,7.520868,0.076882,0.923991,-0.021937,0.373963,-8.649995,53.981709,0.945334,-0.021953,0.944927,0.02441,0.32563,-16.229858,6.765527,0.13405,-0.072182,0.885629,-0.080848,0.451569,0.872225,90.35022,23.787651,-0.028001,0.878695,-0.11491,0.4625,2.90851,54.088638,31.526148,-0.077003,0.871022,-0.061638,0.48124,0.178333,7.599101,42.423351,-0.021953,0.944927,0.02441,0.32563,-7.112962,1.460011,-11.284136,-0.077003,0.871022,-0.061638,0.48124,12.733603,1.06421,35.996716
412,3.433333,-0.002698,0.871125,0.014341,0.490844,-4.066708,90.440926,15.655792,-0.017513,0.875131,0.0814,0.47667,-4.213138,98.23484,15.829958,-0.025173,0.877936,0.063305,0.473905,-5.839981,113.054291,17.7201,0.071874,0.927907,-0.037141,0.363927,-7.774997,131.45166,19.341171,0.113078,0.959604,-0.097793,0.238349,-4.13638,145.766815,17.703548,0.011113,0.850995,0.118342,0.511546,-9.742898,125.578262,15.945418,0.363367,-0.568278,0.108327,-0.730267,-18.369198,128.113129,0.227806,0.068748,-0.017482,-0.545172,-0.835317,-10.487994,114.498283,-17.678883,0.165784,0.015271,-0.533351,-0.829349,-1.045524,135.67865,-20.107723,-0.187348,0.898373,0.129988,0.375405,-5.562425,125.458061,22.299532,0.312682,0.895465,0.138607,-0.284888,6.170204,129.786133,35.395153,-0.035021,0.279032,0.437619,-0.854052,21.475821,118.320908,21.167923,0.069976,0.121988,0.351675,-0.925498,11.091633,135.588654,11.128176,0.038972,0.872049,0.080066,0.48125,-8.993515,90.530098,7.523374,0.076778,0.924011,-0.021938,0.373937,-8.655915,53.985012,0.944975,-0.021651,0.944967,0.024498,0.325528,-16.226736,6.767312,0.137775,-0.072254,0.88561,-0.080747,0.451612,0.8601,90.351761,23.78821,-0.028075,0.878611,-0.114896,0.462658,2.904137,54.089737,31.52257,-0.077074,0.870978,-0.061705,0.481299,0.178912,7.600269,42.421326,-0.021651,0.944967,0.024498,0.325528,-7.115258,1.46124,-11.284468,-0.077074,0.870978,-0.061705,0.481299,12.735614,1.065128,35.997761
413,3.441667,-0.002632,0.871108,0.014496,0.490871,-4.072086,90.436974,15.650693,-0.017434,0.875106,0.081502,0.4767,-4.218812,98.230812,15.827468,-0.025089,0.877914,0.063413,0.473936,-5.845323,113.051903,17.721636,0.071831,0.928006,-0.036855,0.363713,-7.779521,131.448944,19.347626,0.112996,0.95975,-0.097697,0.237839,-4.145706,145.766006,17.716152,0.011161,0.850996,0.118436,0.511522,-9.747514,125.576546,15.95015,0.36331,-0.56842,0.108142,-0.730212,-18.374699,128.114517,0.233522,0.068604,-0.017522,-0.545166,-0.835332,-10.499313,114.505455,-17.680126,0.165725,0.015105,-0.533458,-0.829294,-1.056512,135.686142,-20.106892,-0.187346,0.898377,0.130201,0.375323,-5.567421,125.454414,22.30448,0.312758,0.895388,0.138808,-0.284948,6.167493,129.779938,35.398895,-0.035045,0.278709,0.437784,-0.854072,21.469221,118.315742,21.166656,0.069827,0.121646,0.352324,-0.925308,11.082869,135.590912,11.13924,0.03896,0.87202,0.080026,0.48131,-8.9984,90.528694,7.518004,0.076709,0.92402,-0.021868,0.373932,-8.660966,53.98307,0.942571,-0.022902,0.94494,0.023894,0.325566,-16.22327,6.76406,0.131646,-0.0723,0.885609,-0.080776,0.451602,0.854228,90.345253,23.783381,-0.028107,0.878662,-0.114912,0.462556,2.900371,54.084076,31.521141,-0.076973,0.871004,-0.061572,0.481286,0.178327,7.595128,42.422905,-0.022902,0.94494,0.023894,0.325566,-7.099307,1.453657,-11.278612,-0.076973,0.871004,-0.061572,0.481286,12.73431,1.061434,35.996464
414,3.45,-0.002612,0.871057,0.014406,0.490965,-4.080327,90.43615,15.649621,-0.017327,0.87506,0.081566,0.476778,-4.226103,98.230034,15.825303,-0.024965,0.877874,0.063491,0.474008,-5.850753,113.049866,17.722391,0.071501,0.928131,-0.036408,0.363503,-7.78245,131.446762,19.352949,0.113019,0.959876,-0.097689,0.237323,-4.162838,145.76828,17.728874,0.011235,0.850988,0.118559,0.511505,-9.750827,125.575554,15.953642,0.363392,-0.56848,0.107989,-0.730147,-18.378553,128.117996,0.238034,0.068538,-0.017632,-0.545237,-0.835289,-10.504808,114.51136,-17.678171,0.165603,0.014999,-0.533581,-0.829242,-1.06572,135.693527,-20.107761,-0.187004,0.898376,0.130257,0.375477,-5.571668,125.451126,22.30854,0.312751,0.895303,0.138937,-0.28516,6.163687,129.764038,35.406719,-0.035352,0.278619,0.437957,-0.853999,21.45986,118.30455,21.164719,0.069538,0.121584,0.352441,-0.925293,11.077523,135.589569,11.147445,0.03891,0.871673,0.080447,0.481871,-9.004888,90.527382,7.515864,0.076726,0.923665,-0.022274,0.374779,-8.644806,53.986488,0.915403,-0.022618,0.944942,0.023835,0.325583,-16.222317,6.769445,0.132793,-0.072313,0.885652,-0.080738,0.451522,0.844233,90.34491,23.783379,-0.028163,0.878652,-0.114858,0.462585,2.893244,54.08342,31.51893,-0.077095,0.870966,-0.061716,0.481317,0.177945,7.593584,42.418594,-0.022618,0.944942,0.023835,0.325583,-7.10121,1.454618,-11.277689,-0.077095,0.870966,-0.061716,0.481317,12.735105,1.058585,35.995777
415,3.458333,-0.002542,0.871032,0.014341,0.491011,-4.088015,90.434875,15.648061,-0.017366,0.875056,0.08157,0.476782,-4.232351,98.228798,15.823396,-0.024755,0.877885,0.063645,0.473976,-5.857671,113.044586,17.719524,0.071511,0.928241,-0.03613,0.363249,-7.785147,131.441147,19.358849,0.112863,0.960031,-0.09759,0.23681,-4.168921,145.764221,17.741039,0.011309,0.850997,0.118662,0.511464,-9.755157,125.571953,15.957004,0.363297,-0.568438,0.10794,-0.730235,-18.384365,128.118423,0.242864,0.068386,-0.017793,-0.545348,-0.835226,-10.507842,114.516327,-17.675575,0.165532,0.014862,-0.533764,-0.82914,-1.074652,135.700775,-20.107891,-0.187014,0.898328,0.130315,0.375568,-5.575392,125.443634,22.311424,0.312769,0.895268,0.139098,-0.285169,6.15735,129.755325,35.412346,-0.035553,0.278564,0.438059,-0.853957,21.45273,118.297852,21.167881,0.069285,0.121537,0.352509,-0.925292,11.072688,135.588943,11.157068,0.038915,0.871658,0.080419,0.481904,-9.01172,90.526688,7.513794,0.076612,0.923544,-0.022263,0.375102,-8.652761,53.985477,0.915007,-0.022747,0.944989,0.023742,0.325446,-16.219599,6.766713,0.132886,-0.072346,0.885672,-0.080728,0.45148,0.835691,90.343071,23.782328,-0.028214,0.87871,-0.114835,0.462478,2.887541,54.081799,31.518152,-0.077043,0.870973,-0.061784,0.481303,0.178925,7.591745,42.418568,-0.022747,0.944989,0.023742,0.325446,-7.100669,1.450557,-11.278716,-0.077043,0.870973,-0.061784,0.481303,12.734953,1.054294,35.996033
416,3.466667,-0.002514,0.870974,0.014352,0.491113,-4.096129,90.433853,15.645647,-0.017314,0.875037,0.081607,0.476813,-4.240192,98.227776,15.82132,-0.024641,0.87788,0.063773,0.473975,-5.8645,113.041328,17.71883,0.071071,0.928386,-0.035975,0.362981,-7.790515,131.4375,19.364325,0.112987,0.960142,-0.097401,0.236378,-4.188643,145.763977,17.74456,0.011475,0.851031,0.118673,0.511401,-9.761045,125.569595,15.960558,0.363342,-0.568503,0.107724,-0.730193,-18.392424,128.12114,0.248431,0.068609,-0.017524,-0.545616,-0.835038,-10.517224,114.524422,-17.674679,0.166409,0.015245,-0.533914,-0.828862,-1.096717,135.716476,-20.102982,-0.186948,0.898297,0.130469,0.37562,-5.581173,125.438835,22.314861,0.312747,0.895235,0.139273,-0.285213,6.151059,129.745804,35.417789,-0.035732,0.278474,0.438127,-0.853944,21.44593,118.292442,21.169466,0.068976,0.121276,0.352475,-0.925362,11.066604,135.58754,11.16621,0.038823,0.871684,0.080389,0.481868,-9.017922,90.526245,7.510229,0.076287,0.924071,-0.022222,0.373871,-8.6543,53.984146,0.916613,-0.021479,0.94529,0.024541,0.324597,-16.192156,6.760451,0.152654,-0.072394,0.885719,-0.080725,0.45138,0.825664,90.341461,23.781065,-0.028254,0.878755,-0.114805,0.462397,2.881618,54.080677,31.518089,-0.077252,0.870964,-0.061872,0.481276,0.178627,7.590187,42.41803,-0.021479,0.94529,0.024541,0.324597,-7.104728,1.453517,-11.288333,-0.077252,0.870964,-0.061872,0.481276,12.736143,1.053911,35.997211
417,3.475,-0.002464,0.870957,0.014357,0.491143,-4.104171,90.434906,15.644148,-0.017228,0.875018,0.081629,0.476847,-4.2476,98.228828,15.820275,-0.024549,0.877858,0.063913,0.474002,-5.86978,113.039948,17.719238,0.071012,0.928508,-0.035589,0.362717,-7.795285,131.435608,19.370838,0.112939,0.960306,-0.097363,0.23575,-4.199811,145.764633,17.759478,0.011549,0.851027,0.118771,0.511384,-9.765832,125.568924,15.964995,0.36335,-0.568549,0.107654,-0.730164,-18.3978,128.124466,0.253838,0.068542,-0.017656,-0.545639,-0.835026,-10.524346,114.529335,-17.671238,0.166323,0.015122,-0.533961,-0.828851,-1.104974,135.722168,-20.103115,-0.18678,0.898264,0.130478,0.375781,-5.586285,125.43589,22.319464,0.312763,0.895165,0.139741,-0.285187,6.143852,129.736298,35.426434,-0.035834,0.278377,0.438269,-0.853898,21.438929,118.289482,21.173077,0.068826,0.121252,0.352382,-0.925413,11.063578,135.588928,11.177163,0.038774,0.871615,0.080434,0.481989,-9.025404,90.528198,7.508401,0.076556,0.923623,-0.022239,0.374921,-8.656129,53.986347,0.9137,-0.022792,0.945,0.023713,0.325413,-16.217318,6.766656,0.132971,-0.072462,0.885689,-0.08069,0.451434,0.817063,90.341621,23.779896,-0.028296,0.878696,-0.114805,0.462507,2.878191,54.081154,31.517006,-0.077282,0.870947,-0.061848,0.481303,0.177414,7.590881,42.418419,-0.022792,0.945,0.023713,0.325413,-7.098778,1.450114,-11.278765,-0.077282,0.870947,-0.061848,0.481303,12.735823,1.055708,35.998219
418,3.483333,-0.002493,0.87092,0.0144,0.491208,-4.108397,90.43541,15.642138,-0.017197,0.874999,0.081708,0.476869,-4.252555,98.229309,15.818618,-0.024504,0.877845,0.06406,0.474009,-5.875021,113.039337,17.719948,0.070986,0.928608,-0.03535,0.362488,-7.801672,131.434387,19.377094,0.112847,0.96045,-0.097292,0.235236,-4.210104,145.764954,17.770712,0.011624,0.851057,0.118794,0.511327,-9.771819,125.568619,15.969452,0.363489,-0.568574,0.107449,-0.730106,-18.405823,128.126678,0.25983,0.068583,-0.017733,-0.545628,-0.835028,-10.53163,114.534798,-17.667379,0.166179,0.015035,-0.534063,-0.828815,-1.112334,135.725754,-20.103132,-0.186694,0.898251,0.13059,0.375814,-5.592338,125.433907,22.323927,0.312804,0.895092,0.139918,-0.285286,6.138048,129.729736,35.432167,-0.035985,0.278247,0.438377,-0.853879,21.429222,118.285332,21.172695,0.068539,0.121203,0.352678,-0.925327,11.054848,135.59024,11.185157,0.038784,0.871583,0.080366,0.482059,-9.028425,90.528641,7.505663,0.076221,0.924139,-0.022174,0.37372,-8.661721,53.986042,0.915003,-0.022425,0.945243,0.024054,0.324705,-16.192287,6.761193,0.150409,-0.072429,0.885631,-0.080676,0.451556,0.81163,90.342178,23.778612,-0.028406,0.878648,-0.11479,0.462596,2.869978,54.081177,31.514008,-0.077154,0.870963,-0.061786,0.481303,0.178057,7.591167,42.41872,-0.022425,0.945243,0.024054,0.324705,-7.093612,1.450145,-11.279721,-0.077154,0.870963,-0.061786,0.481303,12.73533,1.055427,35.99688
419,3.491667,-0.002464,0.870885,0.014449,0.491268,-4.115295,90.434349,15.639284,-0.01715,0.874987,0.081764,0.476883,-4.259456,98.228226,15.816641,-0.024403,0.877843,0.064186,0.474001,-5.881625,113.038925,17.720181,0.070991,0.928733,-0.035093,0.362193,-7.807168,131.433548,19.383213,0.112771,0.960625,-0.097186,0.234602,-4.219044,145.765594,17.782295,0.011659,0.851076,0.118812,0.511289,-9.777759,125.568977,15.973774,0.363479,-0.568552,0.107484,-0.730122,-18.413137,128.128281,0.26511,0.068609,-0.017849,-0.545647,-0.835011,-10.538136,114.535736,-17.661249,0.166384,0.014817,-0.53366,-0.829038,-1.120278,135.725922,-20.102171,-0.186616,0.898262,0.1307,0.375789,-5.598086,125.432014,22.328075,0.312771,0.895083,0.139822,-0.285395,6.134014,129.72403,35.436028,-0.036209,0.278171,0.43845,-0.853857,21.423166,118.280563,21.173637,0.068414,0.121096,0.352775,-0.925314,11.049431,135.591064,11.193481,0.038777,0.871558,0.080307,0.482114,-9.034208,90.528526,7.502146,0.076155,0.923912,-0.0222,0.374291,-8.668736,53.985191,0.91553,-0.02255,0.945237,0.024065,0.324713,-16.193888,6.759482,0.150937,-0.072514,0.885574,-0.080637,0.451662,0.803617,90.340164,23.776423,-0.02845,0.878603,-0.114805,0.462674,2.867943,54.079605,31.512276,-0.077126,0.870948,-0.061743,0.481341,0.177995,7.590172,42.419945,-0.02255,0.945237,0.024065,0.324713,-7.093638,1.449957,-11.278648,-0.077126,0.870948,-0.061743,0.481341,12.73576,1.055098,35.998386
420,3.5,-0.002449,0.870856,0.01445,0.49132,-4.121677,90.432961,15.63744,-0.017171,0.874985,0.081808,0.476879,-4.265656,98.226837,15.814919,-0.024255,0.877858,0.064294,0.473965,-5.888788,113.035492,17.719061,0.070899,0.928845,-0.034954,0.361939,-7.811357,131.429871,19.388306,0.112701,0.960759,-0.097037,0.234146,-4.227965,145.763245,17.78882,0.011681,0.851034,0.118942,0.51133,-9.783192,125.566711,15.97715,0.363436,-0.568559,0.107516,-0.730134,-18.417046,128.129272,0.26817,0.068465,-0.018014,-0.545705,-0.834982,-10.542733,114.536606,-17.658394,0.166273,0.014604,-0.533677,-0.829053,-1.128219,135.727509,-20.102209,-0.186582,0.898253,0.130746,0.375811,-5.602889,125.427032,22.330982,0.312857,0.895011,0.140125,-0.285378,6.129079,129.717133,35.439682,-0.036298,0.278085,0.438551,-0.853829,21.41617,118.27507,21.173937,0.068147,0.121074,0.35276,-0.925342,11.044394,135.589722,11.199442,0.038712,0.87167,0.080328,0.481913,-9.039606,90.527412,7.499707,0.076106,0.92397,-0.022188,0.374158,-8.670687,53.983952,0.913973,-0.022547,0.945255,0.024088,0.32466,-16.191261,6.757483,0.151142,-0.07255,0.885602,-0.080641,0.4516,0.796252,90.338501,23.775173,-0.028492,0.878597,-0.114768,0.462692,2.863338,54.078381,31.512344,-0.077057,0.870958,-0.061664,0.481344,0.178338,7.588372,42.418774,-0.022547,0.945255,0.024088,0.32466,-7.092237,1.448545,-11.279697,-0.077057,0.870958,-0.061664,0.481344,12.735746,1.054046,35.99575
421,3.508333,-0.002405,0.870843,0.01443,0.491345,-4.127677,90.431572,15.636389,-0.017139,0.874989,0.081906,0.476856,-4.270908,98.225464,15.813925,-0.024198,0.877876,0.064341,0.47393,-5.894496,113.033173,17.721071,0.071089,0.92892,-0.034747,0.361727,-7.815919,131.427429,19.392908,0.112418,0.96092,-0.096967,0.233649,-4.230204,145.760971,17.799961,0.011639,0.851063,0.119072,0.511252,-9.788372,125.564835,15.981153,0.363606,-0.568573,0.107333,-0.730065,-18.425156,128.128189,0.273915,0.06854,-0.018088,-0.545726,-0.83496,-10.549714,114.537407,-17.653585,0.166247,0.014483,-0.53362,-0.829097,-1.136661,135.727737,-20.102158,-0.186503,0.898258,0.130831,0.375809,-5.607519,125.424103,22.334599,0.312878,0.894966,0.140151,-0.285483,6.125579,129.71051,35.443501,-0.036409,0.27801,0.438617,-0.853815,21.409182,118.269302,21.17333,0.067972,0.120996,0.35291,-0.925308,11.037805,135.587875,11.203968,0.038586,0.871626,0.080464,0.48198,-9.04516,90.526573,7.498393,0.076473,0.923831,-0.022231,0.374425,-8.662736,53.984005,0.908459,-0.022481,0.94502,0.023918,0.325361,-16.216854,6.763077,0.134052,-0.072559,0.885637,-0.080645,0.451529,0.789807,90.336571,23.774385,-0.02851,0.878668,-0.114749,0.462561,2.858006,54.076599,31.511986,-0.077086,0.870937,-0.061703,0.481372,0.176984,7.586265,42.418015,-0.022481,0.94502,0.023918,0.325361,-7.102273,1.449099,-11.282045,-0.077086,0.870937,-0.061703,0.481372,12.734985,1.05159,35.99651
422,3.516667,-0.00236,0.870824,0.014463,0.491377,-4.133948,90.431084,15.634471,-0.017227,0.87501,0.082108,0.476779,-4.276822,98.22496,15.812795,-0.024093,0.877937,0.064371,0.473817,-5.905419,113.031593,17.724081,0.070892,0.929079,-0.034603,0.361371,-7.82377,131.425888,19.398994,0.112549,0.961056,-0.096809,0.233095,-4.245982,145.761398,17.805981,0.011671,0.851049,0.119027,0.511285,-9.797983,125.564041,15.986961,0.363772,-0.5686,0.107193,-0.729982,-18.433523,128.12767,0.279085,0.068593,-0.018218,-0.545726,-0.834953,-10.558139,114.537193,-17.648666,0.166138,0.014347,-0.533545,-0.82917,-1.145672,135.726105,-20.103527,-0.186458,0.898281,0.130908,0.37575,-5.615426,125.421837,22.339252,0.312871,0.894958,0.14008,-0.28555,6.119884,129.706177,35.446846,-0.036516,0.278027,0.438653,-0.853786,21.401863,118.264862,21.17503,0.067855,0.120943,0.353014,-0.925284,11.031922,135.586395,11.207075,0.038693,0.87156,0.080322,0.482114,-9.050824,90.527153,7.496121,0.076023,0.924019,-0.022148,0.374056,-8.679419,53.983509,0.911527,-0.02233,0.945282,0.024188,0.324589,-16.191349,6.755653,0.149021,-0.072566,0.885696,-0.080643,0.451412,0.782928,90.335014,23.772821,-0.02854,0.878752,-0.114736,0.462402,2.852621,54.075085,31.510216,-0.077889,0.870871,-0.062034,0.48132,0.176727,7.584638,42.416988,-0.02233,0.945282,0.024188,0.324589,-7.09604,1.447338,-11.285068,-0.077889,0.870871,-0.062034,0.48132,12.74133,1.054825,36.003452
423,3.525,-0.002388,0.870809,0.014512,0.491401,-4.137666,90.431252,15.63321,-0.017265,0.87501,0.08218,0.476766,-4.281302,98.225113,15.811981,-0.024057,0.877944,0.064517,0.473786,-5.911865,113.030914,17.724564,0.070548,0.929199,-0.035008,0.361091,-7.831545,131.424576,19.404922,0.112728,0.96115,-0.096373,0.232801,-4.259798,145.759766,17.795776,0.011695,0.851013,0.119094,0.511329,-9.805541,125.56356,15.991339,0.363922,-0.568926,0.106879,-0.729699,-18.439411,128.129333,0.282896,0.068665,-0.018079,-0.545478,-0.835112,-10.578494,114.541519,-17.653221,0.166064,0.014237,-0.533575,-0.829167,-1.153191,135.725128,-20.103849,-0.186427,0.898296,0.130994,0.375699,-5.622517,125.419846,22.34329,0.312819,0.894962,0.140075,-0.285599,6.114596,129.702347,35.449875,-0.03656,0.277976,0.438686,-0.853784,21.396812,118.263451,21.176367,0.067852,0.120831,0.35326,-0.925204,11.027084,135.586334,11.211494,0.038694,0.871537,0.080316,0.482158,-9.054089,90.527328,7.494586,0.076002,0.924091,-0.022144,0.373885,-8.682622,53.983612,0.910359,-0.022618,0.945255,0.024117,0.324654,-16.192686,6.755433,0.149662,-0.072587,0.88555,-0.080655,0.451694,0.778757,90.335182,23.771835,-0.028606,0.878588,-0.114713,0.462717,2.847026,54.075634,31.51137,-0.078157,0.870856,-0.062126,0.481292,0.173762,7.585028,42.418121,-0.022618,0.945255,0.024117,0.324654,-7.092966,1.448003,-11.281323,-0.078157,0.870856,-0.062126,0.481292,12.740493,1.057229,36.006702
424,3.533333,-0.002418,0.870809,0.014603,0.491399,-4.141051,90.43251,15.632296,-0.017125,0.874992,0.082326,0.476778,-4.285794,98.226318,15.812071,-0.024167,0.877914,0.064602,0.473825,-5.914651,113.030258,17.730286,0.070175,0.929279,-0.035739,0.360887,-7.839475,131.423325,19.411362,0.112691,0.961263,-0.095627,0.232659,-4.270989,145.756531,17.777367,0.011742,0.851026,0.119113,0.511301,-9.811527,125.561943,15.997278,0.363963,-0.569003,0.106814,-0.729628,-18.446413,128.12941,0.289676,0.068675,-0.018209,-0.545421,-0.835146,-10.588993,114.541771,-17.648108,0.166018,0.014092,-0.533631,-0.829143,-1.161084,135.723358,-20.103914,-0.186422,0.898327,0.131067,0.375601,-5.629136,125.419029,22.349661,0.312799,0.894954,0.140102,-0.285633,6.110698,129.701065,35.453953,-0.036531,0.277893,0.438726,-0.853791,21.392559,118.263748,21.178814,0.067948,0.120741,0.353452,-0.925136,11.022176,135.588196,11.216358,0.03867,0.871528,0.08031,0.482176,-9.057518,90.528931,7.493705,0.07599,0.924054,-0.022182,0.373976,-8.6846,53.985004,0.910734,-0.021595,0.945268,0.024599,0.324649,-16.194893,6.756815,0.153057,-0.072597,0.885573,-0.08061,0.451656,0.775415,90.336082,23.770887,-0.028651,0.878475,-0.114733,0.462921,2.84614,54.076099,31.507706,-0.077966,0.870849,-0.061984,0.481354,0.173253,7.58619,42.417549,-0.021595,0.945268,0.024599,0.324649,-7.104781,1.452637,-11.287073,-0.077966,0.870849,-0.061984,0.481354,12.739507,1.058857,36.004734
425,3.541667,-0.00244,0.870788,0.014672,0.491433,-4.144678,90.432808,15.631405,-0.017073,0.874989,0.082354,0.476782,-4.290255,98.226585,15.811935,-0.02418,0.877908,0.06474,0.473817,-5.918033,113.029305,17.731453,0.070783,0.929298,-0.035632,0.360729,-7.845672,131.421677,19.416813,0.112262,0.961442,-0.09554,0.232161,-4.262368,145.752151,17.791386,0.011733,0.851012,0.119218,0.511301,-9.816863,125.560783,16.001394,0.364053,-0.569074,0.10679,-0.729532,-18.45174,128.129913,0.294055,0.068642,-0.018387,-0.545408,-0.835153,-10.597924,114.539925,-17.64353,0.165876,0.013896,-0.533624,-0.829179,-1.169907,135.720032,-20.105326,-0.186493,0.898303,0.131272,0.375552,-5.63437,125.417053,22.353693,0.312773,0.894936,0.140167,-0.285684,6.10585,129.6987,35.457771,-0.036527,0.277829,0.438751,-0.8538,21.387127,118.263985,21.179911,0.067941,0.120765,0.353806,-0.924998,11.015454,135.590515,11.219162,0.038739,0.871944,0.079858,0.481493,-9.060496,90.52951,7.492423,0.075902,0.924406,-0.02172,0.373149,-8.713478,53.980618,0.935689,-0.022971,0.945175,0.024198,0.324857,-16.200369,6.749222,0.147036,-0.072557,0.885519,-0.080704,0.451751,0.77114,90.336098,23.770386,-0.028746,0.878439,-0.11465,0.463006,2.835188,54.076813,31.512283,-0.077853,0.870839,-0.061791,0.481415,0.172921,7.5856,42.419151,-0.022971,0.945175,0.024198,0.324857,-7.091729,1.44757,-11.279527,-0.077853,0.870839,-0.061791,0.481415,12.739793,1.061138,36.004616
426,3.55,-0.002902,0.870768,0.014999,0.491456,-4.133066,90.426514,15.62975,-0.017224,0.874866,0.082754,0.476932,-4.28742,98.220108,15.811189,-0.024223,0.877787,0.064662,0.474049,-5.926249,113.030174,17.739914,0.070066,0.929418,-0.035132,0.360608,-7.854355,131.422836,19.421463,0.112848,0.96146,-0.095802,0.231695,-4.295932,145.760117,17.801279,0.011767,0.851065,0.119155,0.511226,-9.823871,125.561478,16.005888,0.364169,-0.569103,0.106738,-0.729459,-18.461502,128.130203,0.299999,0.068683,-0.018591,-0.54538,-0.835163,-10.608732,114.538742,-17.636929,0.165818,0.013657,-0.533499,-0.829275,-1.180409,135.715744,-20.107447,-0.186663,0.898335,0.131404,0.375345,-5.64475,125.418617,22.360426,0.312825,0.894957,0.139981,-0.285655,6.098799,129.705154,35.459911,-0.036577,0.277904,0.438781,-0.853758,21.379297,118.26519,21.185436,0.067894,0.120736,0.353926,-0.924959,11.011102,135.59201,11.223804,0.038866,0.872002,0.079847,0.48138,-9.048414,90.518654,7.490434,0.076183,0.924066,-0.021848,0.373927,-8.710793,53.970348,0.929896,-0.021888,0.944968,0.024954,0.325474,-16.226181,6.743562,0.136178,-0.072399,0.885552,-0.080855,0.451684,0.782282,90.334381,23.769068,-0.028773,0.878414,-0.114622,0.463058,2.831528,54.075211,31.515434,-0.077916,0.870843,-0.061747,0.481403,0.172158,7.583532,42.421036,-0.021888,0.944968,0.024954,0.325474,-7.11202,1.452354,-11.290817,-0.077916,0.870843,-0.061747,0.481403,12.739762,1.061063,36.005913
427,3.558333,-0.00288,0.870762,0.015009,0.491467,-4.137983,90.425774,15.629805,-0.017213,0.874867,0.082835,0.476916,-4.292121,98.21936,15.811537,-0.024208,0.877797,0.064703,0.474026,-5.93192,113.030228,17.74271,0.070014,0.929488,-0.035169,0.360435,-7.860224,131.422729,19.425922,0.112786,0.961555,-0.095636,0.231398,-4.30338,145.760132,17.80327,0.011751,0.851102,0.119152,0.511165,-9.829829,125.561615,16.009956,0.364218,-0.5691,0.106771,-0.729431,-18.469725,128.129547,0.305182,0.068718,-0.018787,-0.545364,-0.835166,-10.61715,114.535782,-17.630091,0.165832,0.013436,-0.533599,-0.829211,-1.188221,135.711929,-20.109123,-0.186413,0.898321,0.131349,0.375523,-5.650369,125.418282,22.364258,0.312631,0.89498,0.139989,-0.285791,6.091722,129.696518,35.467773,-0.036749,0.277999,0.438698,-0.853762,21.37431,118.265495,21.188358,0.067765,0.120935,0.353973,-0.924925,11.004621,135.592529,11.225677,0.038831,0.872037,0.079889,0.481312,-9.053126,90.518364,7.490368,0.076166,0.924091,-0.021847,0.373869,-8.712255,53.970356,0.928362,-0.021858,0.944953,0.024989,0.325518,-16.226192,6.743321,0.135624,-0.072387,0.885503,-0.080836,0.451785,0.77716,90.333183,23.769239,-0.028848,0.878377,-0.114594,0.463131,2.825339,54.07365,31.514185,-0.07793,0.870862,-0.061706,0.481372,0.17256,7.58177,42.420528,-0.021858,0.944953,0.024989,0.325518,-7.111185,1.452792,-11.291014,-0.07793,0.870862,-0.061706,0.481372,12.740021,1.060361,36.004047
428,3.566667,-0.002883,0.870755,0.015054,0.491478,-4.142908,90.425262,15.628976,-0.017089,0.874831,0.083033,0.476952,-4.29743,98.218834,15.811295,-0.024261,0.877752,0.064818,0.47409,-5.93687,113.028786,17.749329,0.069908,0.929545,-0.035099,0.360315,-7.869042,131.420654,19.435177,0.11279,0.961631,-0.095634,0.231081,-4.316168,145.759048,17.812677,0.011582,0.85101,0.119353,0.511275,-9.836967,125.5597,16.017967,0.364181,-0.569216,0.106805,-0.729355,-18.472931,128.126572,0.310859,0.068597,-0.019036,-0.545384,-0.835158,-10.62699,114.531029,-17.625957,0.165814,0.013177,-0.533461,-0.829307,-1.199796,135.706284,-20.11158,-0.186438,0.898377,0.131357,0.375374,-5.658469,125.416161,22.372898,0.31238,0.895099,0.139336,-0.286012,6.08734,129.696167,35.472496,-0.037089,0.278197,0.438539,-0.853765,21.371391,118.266663,21.193441,0.067651,0.120968,0.354036,-0.924905,10.999392,135.593872,11.228599,0.038819,0.872052,0.079903,0.481284,-9.057848,90.518227,7.489422,0.076134,0.924043,-0.02184,0.373994,-8.715927,53.970314,0.926954,-0.021838,0.944972,0.024902,0.325471,-16.226667,6.742782,0.133728,-0.072383,0.885539,-0.080872,0.45171,0.772032,90.332298,23.76853,-0.028886,0.878374,-0.114545,0.463147,2.819356,54.073154,31.515526,-0.077909,0.870849,-0.061689,0.481401,0.171719,7.580411,42.419437,-0.021838,0.944972,0.024902,0.325471,-7.113271,1.449627,-11.292977,-0.077909,0.870849,-0.061689,0.481401,12.739489,1.059169,36.003391
429,3.575,-0.002977,0.870752,0.015142,0.49148,-4.145164,90.426109,15.629342,-0.017059,0.874819,0.083106,0.476964,-4.301641,98.219627,15.81213,-0.024285,0.877733,0.064916,0.474111,-5.94116,113.027367,17.75223,0.069809,0.929618,-0.03478,0.360178,-7.875884,131.418701,19.440786,0.112812,0.961709,-0.095694,0.230719,-4.329365,145.759445,17.825144,0.011581,0.851027,0.119372,0.511243,-9.842838,125.558022,16.022575,0.364295,-0.5693,0.106754,-0.729239,-18.47998,128.125076,0.316142,0.068623,-0.019219,-0.545359,-0.835168,-10.638092,114.527321,-17.620777,0.165821,0.012894,-0.533435,-0.829328,-1.210002,135.701233,-20.114111,-0.186737,0.898353,0.131532,0.37522,-5.664665,125.41407,22.377712,0.312466,0.895087,0.13939,-0.285927,6.081282,129.702026,35.474594,-0.037044,0.278197,0.438556,-0.853758,21.365086,118.269173,21.197947,0.067605,0.121001,0.354042,-0.924901,10.994235,135.595551,11.232834,0.038844,0.872108,0.079857,0.481187,-9.060061,90.518341,7.489754,0.075846,0.924393,-0.021788,0.37319,-8.722123,53.97002,0.929321,-0.022126,0.945161,0.025014,0.324893,-16.20643,6.738085,0.148319,-0.07234,0.885506,-0.080885,0.451779,0.769734,90.333885,23.768932,-0.028939,0.878313,-0.114501,0.463269,2.813287,54.074436,31.515497,-0.077942,0.870828,-0.061679,0.481436,0.17057,7.581028,42.417763,-0.022126,0.945161,0.025014,0.324893,-7.103442,1.450629,-11.289316,-0.077942,0.870828,-0.061679,0.481436,12.739298,1.060641,36.002724
430,3.583333,-0.002984,0.870763,0.015215,0.491458,-4.149063,90.425858,15.629218,-0.016934,0.874804,0.083193,0.476979,-4.306186,98.219337,15.812961,-0.024506,0.877695,0.06497,0.474163,-5.943892,113.028526,17.757326,0.069416,0.929708,-0.034636,0.360036,-7.886843,131.419205,19.443628,0.113164,0.961749,-0.095551,0.230439,-4.352882,145.762939,17.826944,0.011578,0.851041,0.119434,0.511206,-9.850735,125.557304,16.025738,0.364341,-0.569337,0.10677,-0.729185,-18.489271,128.125259,0.320223,0.068628,-0.019414,-0.545324,-0.835186,-10.649553,114.525345,-17.615995,0.165732,0.012732,-0.5336,-0.829242,-1.220003,135.697769,-20.116962,-0.186719,0.898372,0.131655,0.375141,-5.673475,125.41584,22.381529,0.312369,0.89513,0.139428,-0.285881,6.074879,129.702026,35.476826,-0.037148,0.27819,0.43852,-0.853775,21.362812,118.272873,21.20163,0.067622,0.121086,0.353968,-0.924917,10.990039,135.599869,11.238319,0.038796,0.872109,0.07992,0.481179,-9.064369,90.518661,7.489885,0.075934,0.924361,-0.021863,0.373247,-8.721172,53.970825,0.927061,-0.021405,0.945072,0.02538,0.325171,-16.215786,6.740478,0.149136,-0.072354,0.885474,-0.080904,0.451836,0.766244,90.333061,23.768553,-0.028997,0.878251,-0.114498,0.463383,2.809535,54.07399,31.516945,-0.077961,0.870845,-0.06157,0.481416,0.1704,7.580841,42.421173,-0.021405,0.945072,0.02538,0.325171,-7.112724,1.456157,-11.28989,-0.077961,0.870845,-0.06157,0.481416,12.739548,1.06322,36.004147
431,3.591667,-0.003072,0.870755,0.015322,0.491468,-4.151203,90.428551,15.629426,-0.016886,0.874803,0.083245,0.476974,-4.310345,98.22197,15.813938,-0.024584,0.877688,0.065042,0.474161,-5.947309,113.029228,17.760145,0.069563,0.929671,-0.034677,0.360097,-7.894081,131.419418,19.447372,0.112948,0.961759,-0.095508,0.230524,-4.355546,145.762115,17.831486,0.01157,0.851045,0.119483,0.511186,-9.856724,125.557281,16.029163,0.364489,-0.569445,0.106674,-0.729041,-18.495985,128.125824,0.324143,0.068649,-0.019531,-0.545296,-0.8352,-10.661148,114.524101,-17.612843,0.165663,0.012525,-0.533629,-0.82924,-1.230779,135.694473,-20.118677,-0.186823,0.898362,0.131833,0.375051,-5.679501,125.416359,22.384987,0.312186,0.895203,0.13931,-0.285908,6.06988,129.703873,35.478928,-0.037262,0.278125,0.438417,-0.853844,21.362501,118.280029,21.204515,0.067659,0.121072,0.354101,-0.924866,10.98409,135.605713,11.244952,0.038807,0.872079,0.079884,0.481238,-9.066298,90.520889,7.48996,0.07595,0.924333,-0.021894,0.373312,-8.724608,53.972691,0.929084,-0.021775,0.945061,0.025233,0.325191,-16.221729,6.742716,0.152792,-0.072358,0.885489,-0.080911,0.451804,0.763892,90.336212,23.768892,-0.029038,0.878183,-0.114481,0.463515,2.807457,54.077267,31.517818,-0.077739,0.870837,-0.061355,0.481493,0.17088,7.583976,42.422039,-0.021775,0.945061,0.025233,0.325191,-7.114697,1.457977,-11.282876,-0.077739,0.870837,-0.061355,0.481493,12.739804,1.068084,36.002823
432,3.6,-0.003089,0.870754,0.015395,0.491468,-4.153954,90.429504,15.629467,-0.016853,0.87481,0.083325,0.476949,-4.313897,98.222885,15.814844,-0.02464,0.877694,0.065122,0.474136,-5.951188,113.030533,17.763752,0.069512,0.929724,-0.034353,0.360002,-7.901138,131.420227,19.452641,0.112976,0.961804,-0.095606,0.230281,-4.367599,145.765015,17.844494,0.011521,0.851048,0.119495,0.511181,-9.862905,125.558044,16.034021,0.364481,-0.569593,0.10668,-0.728929,-18.502417,128.125275,0.328919,0.068553,-0.01975,-0.545256,-0.835228,-10.675656,114.521576,-17.610096,0.165585,0.012274,-0.53363,-0.829259,-1.243794,135.690277,-20.121912,-0.186865,0.898373,0.13188,0.374985,-5.685356,125.417313,22.389639,0.312231,0.895175,0.139592,-0.28581,6.065237,129.705963,35.482124,-0.03726,0.278103,0.438411,-0.853854,21.359201,118.283821,21.207792,0.067498,0.121209,0.354013,-0.924893,10.980521,135.608582,11.249389,0.038695,0.872223,0.080016,0.480964,-9.069057,90.52224,7.490009,0.076244,0.924022,-0.02198,0.374014,-8.717448,53.97496,0.924499,-0.021518,0.944871,0.025258,0.325757,-16.242874,6.74963,0.139554,-0.072358,0.885493,-0.080939,0.451791,0.761149,90.336761,23.768925,-0.029061,0.878112,-0.11445,0.463655,2.803897,54.078156,31.519634,-0.077674,0.870828,-0.061204,0.481539,0.168915,7.584286,42.421803,-0.021518,0.944871,0.025258,0.325757,-7.124944,1.463265,-11.286679,-0.077674,0.870828,-0.061204,0.481539,12.738553,1.070994,36.001339
433,3.608333,-0.003102,0.870766,0.015461,0.491444,-4.157628,90.430466,15.629464,-0.01657,0.874829,0.083488,0.476896,-4.318239,98.223816,15.815648,-0.02489,0.877703,0.065047,0.474118,-5.949835,113.026901,17.77243,0.06929,0.929776,-0.034271,0.359918,-7.906555,131.416504,19.454527,0.113098,0.96184,-0.095421,0.230145,-4.380125,145.762985,17.845789,0.011489,0.851089,0.119565,0.511096,-9.866177,125.55233,16.038086,0.364587,-0.569673,0.106577,-0.728828,-18.508839,128.119522,0.334711,0.068529,-0.019954,-0.545295,-0.8352,-10.685379,114.515648,-17.605608,0.165541,0.012044,-0.533596,-0.829293,-1.255725,135.68486,-20.124903,-0.186996,0.89833,0.13194,0.375003,-5.688547,125.415489,22.393736,0.312227,0.89515,0.139739,-0.285824,6.059798,129.707199,35.48724,-0.037193,0.278023,0.438408,-0.853885,21.353531,118.287697,21.210535,0.067405,0.121078,0.354204,-0.924844,10.97275,135.611908,11.253539,0.038651,0.872119,0.080017,0.481158,-9.073174,90.523605,7.490277,0.076283,0.924172,-0.021914,0.373641,-8.717228,53.976082,0.926383,-0.021746,0.944835,0.02515,0.325856,-16.243986,6.751031,0.137202,-0.072386,0.885516,-0.08091,0.451746,0.757918,90.337318,23.768652,-0.029045,0.878079,-0.11449,0.463709,2.80387,54.078663,31.518299,-0.077682,0.870831,-0.061233,0.481528,0.165077,7.585585,42.42292,-0.021746,0.944835,0.02515,0.325856,-7.121584,1.46398,-11.285145,-0.077682,0.870831,-0.061233,0.481528,12.734487,1.071716,36.00259
434,3.616667,-0.003114,0.87077,0.015462,0.491438,-4.161799,90.429733,15.631074,-0.016523,0.87483,0.083548,0.476885,-4.322583,98.223083,15.817168,-0.025048,0.877691,0.065127,0.47412,-5.953865,113.026642,17.776308,0.069211,0.929729,-0.034636,0.36002,-7.917138,131.415558,19.458214,0.11307,0.961786,-0.095251,0.230456,-4.388777,145.760406,17.83926,0.011453,0.851081,0.119545,0.511115,-9.87458,125.550674,16.041752,0.364761,-0.56978,0.106516,-0.728667,-18.516584,128.116455,0.337785,0.068625,-0.020016,-0.545335,-0.835164,-10.698298,114.508911,-17.602011,0.165662,0.011989,-0.533751,-0.82917,-1.270504,135.679108,-20.126335,-0.187041,0.898376,0.132004,0.374849,-5.6971,125.415359,22.397533,0.312147,0.895202,0.13949,-0.285867,6.054822,129.708694,35.487289,-0.037453,0.278129,0.438309,-0.853889,21.349768,118.288734,21.212269,0.067148,0.121164,0.353988,-0.924934,10.968394,135.611618,11.256709,0.03867,0.872166,0.080042,0.481066,-9.077455,90.522675,7.491951,0.076228,0.924013,-0.021942,0.374043,-8.722542,53.975559,0.925679,-0.021895,0.944836,0.025124,0.325844,-16.245169,6.749826,0.137632,-0.072386,0.885584,-0.0809,0.451616,0.753856,90.3368,23.770195,-0.029038,0.878105,-0.11447,0.463665,2.801261,54.07803,31.518915,-0.077797,0.870811,-0.061258,0.481542,0.163386,7.584482,42.421764,-0.021895,0.944836,0.025124,0.325844,-7.121526,1.463495,-11.284055,-0.077797,0.870811,-0.061258,0.481542,12.734206,1.071898,36.002899
435,3.625,-0.003103,0.870781,0.015472,0.491418,-4.165853,90.429718,15.632007,-0.016498,0.874846,0.083619,0.476845,-4.326556,98.223068,15.818332,-0.025179,0.877703,0.065189,0.474083,-5.958069,113.026009,17.779728,0.069197,0.929727,-0.034493,0.360041,-7.926625,131.414383,19.461376,0.113082,0.961771,-0.095294,0.230493,-4.400033,145.760101,17.846272,0.011433,0.851076,0.119539,0.511126,-9.882557,125.548851,16.045156,0.364826,-0.569802,0.106583,-0.728607,-18.524181,128.113968,0.34087,0.068545,-0.020263,-0.545424,-0.835107,-10.707823,114.502243,-17.5966,0.165637,0.011677,-0.533663,-0.829236,-1.285244,135.673111,-20.128616,-0.187058,0.898389,0.132034,0.374798,-5.704652,125.414894,22.400686,0.312108,0.895198,0.139598,-0.285869,6.048422,129.708694,35.48925,-0.037462,0.278028,0.438192,-0.853982,21.344454,118.291924,21.212833,0.066895,0.121321,0.354357,-0.92479,10.95577,135.612244,11.259859,0.038627,0.872259,0.080092,0.480893,-9.081882,90.522934,7.493112,0.076224,0.924053,-0.021922,0.373945,-8.723679,53.976173,0.925112,-0.021798,0.944822,0.025115,0.325893,-16.245325,6.750307,0.136277,-0.072414,0.885589,-0.080876,0.451606,0.750176,90.336502,23.770901,-0.029029,0.87812,-0.114457,0.46364,2.800354,54.07774,31.518915,-0.077844,0.870802,-0.061301,0.481546,0.162587,7.583869,42.420399,-0.021798,0.944822,0.025115,0.325893,-7.121573,1.462815,-11.284788,-0.077844,0.870802,-0.061301,0.481546,12.733796,1.071057,36.002529
436,3.633333,-0.00313,0.870797,0.01548,0.49139,-4.170192,90.43119,15.634624,-0.016698,0.874877,0.083583,0.476787,-4.331321,98.224533,15.820845,-0.025064,0.877748,0.065282,0.473991,-5.967454,113.027481,17.778528,0.069232,0.929742,-0.034346,0.36001,-7.933742,131.415619,19.465425,0.113057,0.961767,-0.095315,0.230515,-4.407804,145.761963,17.854517,0.011355,0.851097,0.119477,0.511107,-9.891043,125.551178,16.048107,0.365131,-0.569858,0.106464,-0.728428,-18.533424,128.112656,0.343648,0.068692,-0.020295,-0.545486,-0.835053,-10.718862,114.496696,-17.591387,0.165719,0.011518,-0.533867,-0.82909,-1.299148,135.669235,-20.128656,-0.187095,0.898394,0.132044,0.374765,-5.711727,125.415123,22.402666,0.312013,0.895232,0.139574,-0.285878,6.041742,129.710205,35.490452,-0.037571,0.278039,0.438067,-0.854038,21.340334,118.296707,21.214174,0.066635,0.121366,0.354441,-0.924771,10.946931,135.614914,11.261914,0.038642,0.872246,0.080129,0.480908,-9.086747,90.524002,7.496046,0.076184,0.924032,-0.021913,0.374007,-8.728059,53.977764,0.925148,-0.021844,0.944834,0.025098,0.325854,-16.245846,6.751272,0.13648,-0.072424,0.885594,-0.08085,0.451599,0.746363,90.338371,23.773203,-0.029064,0.878051,-0.114433,0.463775,2.798138,54.079414,31.519867,-0.077825,0.870817,-0.061212,0.481532,0.162726,7.585204,42.420475,-0.021844,0.944834,0.025098,0.325854,-7.12259,1.463729,-11.284953,-0.077825,0.870817,-0.061212,0.481532,12.733918,1.074114,36.000828
437,3.641667,-0.004261,0.870726,0.016113,0.491486,-4.12399,90.415871,15.636102,-0.017522,0.874832,0.083992,0.476767,-4.305339,98.208771,15.82223,-0.025161,0.877765,0.065339,0.473948,-5.971029,113.027634,17.781267,0.069231,0.929718,-0.03424,0.360081,-7.941372,131.415314,19.468403,0.112997,0.961735,-0.095317,0.230676,-4.416305,145.762238,17.860723,0.011286,0.851061,0.119552,0.51115,-9.897614,125.550446,16.051222,0.365179,-0.56994,0.106547,-0.728327,-18.538452,128.111343,0.34582,0.068606,-0.020437,-0.545568,-0.835003,-10.729221,114.49028,-17.587652,0.165729,0.011321,-0.533966,-0.829027,-1.31399,135.664215,-20.128458,-0.187155,0.898401,0.132106,0.374695,-5.71775,125.415329,22.405437,0.311915,0.895246,0.139693,-0.285883,6.036805,129.711914,35.49176,-0.037498,0.277826,0.437983,-0.854153,21.338186,118.304062,21.213959,0.066636,0.121293,0.354884,-0.924611,10.935924,135.620392,11.266669,0.039206,0.872473,0.080026,0.480469,-9.038583,90.495918,7.496201,0.076287,0.923818,-0.022123,0.374501,-8.723394,53.951706,0.911798,-0.02247,0.944725,0.025598,0.32609,-16.257229,6.727591,0.133892,-0.071892,0.885668,-0.081158,0.451484,0.790603,90.335823,23.776003,-0.029048,0.878021,-0.114416,0.463836,2.7981,54.07486,31.524908,-0.077857,0.870828,-0.061006,0.481535,0.161273,7.580197,42.423241,-0.02247,0.944725,0.025598,0.32609,-7.120048,1.460064,-11.285659,-0.077857,0.870828,-0.061006,0.481535,12.733843,1.074393,36.000927
438,3.65,-0.003183,0.870823,0.015645,0.491338,-4.176836,90.434219,15.639125,-0.016655,0.874949,0.083506,0.47667,-4.33993,98.22747,15.827197,-0.025258,0.877807,0.065405,0.473855,-5.973214,113.027641,17.783291,0.069219,0.929701,-0.034185,0.360133,-7.947696,131.414825,19.47106,0.112947,0.961699,-0.095261,0.230874,-4.423354,145.762115,17.865002,0.01124,0.851121,0.119607,0.511039,-9.903178,125.54953,16.054176,0.365223,-0.569971,0.106574,-0.728277,-18.548162,128.109604,0.350913,0.068591,-0.020563,-0.545624,-0.834966,-10.740844,114.486145,-17.581591,0.165759,0.01121,-0.534018,-0.828989,-1.328793,135.660583,-20.127003,-0.187266,0.898382,0.132145,0.374671,-5.722044,125.415337,22.407581,0.311789,0.895287,0.139569,-0.285954,6.031647,129.714996,35.493675,-0.037598,0.277788,0.437846,-0.854231,21.334854,118.310692,21.214989,0.066457,0.121346,0.355157,-0.924512,10.926144,135.624664,11.26981,0.038591,0.872273,0.0802,0.480852,-9.094353,90.527695,7.501131,0.076215,0.92399,-0.021928,0.374103,-8.730281,53.982014,0.927437,-0.021772,0.944801,0.025164,0.325952,-16.251165,6.756025,0.138163,-0.072473,0.885552,-0.080834,0.451676,0.74068,90.340736,23.777119,-0.029072,0.87795,-0.114388,0.463976,2.795497,54.082108,31.524532,-0.077878,0.87078,-0.061072,0.48161,0.160303,7.586947,42.421154,-0.021772,0.944801,0.025164,0.325952,-7.126118,1.469635,-11.282377,-0.077878,0.87078,-0.061072,0.48161,12.733989,1.080182,36.001995
439,3.658333,-0.004292,0.870744,0.016225,0.491449,-4.131882,90.41835,15.639641,-0.017447,0.874878,0.083878,0.476706,-4.314516,98.211189,15.82706,-0.02535,0.877787,0.06547,0.473879,-5.97631,113.029144,17.784101,0.069269,0.929621,-0.034299,0.360319,-7.954998,131.415848,19.472307,0.112807,0.961637,-0.095147,0.231248,-4.427552,145.762177,17.864651,0.011156,0.851182,0.119629,0.510935,-9.908937,125.550209,16.055105,0.364977,-0.569945,0.106899,-0.728373,-18.557848,128.107666,0.353585,0.06841,-0.020752,-0.545699,-0.834926,-10.752428,114.479591,-17.576223,0.16588,0.011046,-0.53419,-0.828857,-1.343516,135.657867,-20.124889,-0.187272,0.89839,0.132167,0.374643,-5.72822,125.41674,22.408794,0.311711,0.895305,0.13961,-0.285963,6.026167,129.716461,35.494236,-0.037629,0.277744,0.437749,-0.854294,21.331446,118.315849,21.214823,0.066294,0.121372,0.355347,-0.924447,10.917386,135.628326,11.270617,0.039182,0.872442,0.080029,0.480525,-9.047164,90.498909,7.500161,0.076273,0.923846,-0.022072,0.374439,-8.72991,53.954601,0.916406,-0.022066,0.944707,0.02582,0.326152,-16.260761,6.730074,0.13507,-0.071947,0.885617,-0.08113,0.45158,0.7834,90.337791,23.779119,-0.029068,0.877975,-0.114373,0.463933,2.794593,54.077076,31.52825,-0.077781,0.870799,-0.060865,0.481617,0.160205,7.581559,42.423542,-0.022066,0.944707,0.02582,0.326152,-7.125705,1.46474,-11.287194,-0.077781,0.870799,-0.060865,0.481617,12.7339,1.078086,36.001072
440,3.666667,-0.004276,0.870752,0.016224,0.491436,-4.136439,90.417503,15.641081,-0.01741,0.874894,0.083951,0.476666,-4.318834,98.21035,15.828614,-0.025455,0.877803,0.065465,0.473844,-5.980516,113.027481,17.788094,0.069305,0.929573,-0.034212,0.360444,-7.962456,131.414001,19.474346,0.112719,0.961588,-0.095134,0.2315,-4.434513,145.76059,17.870096,0.011034,0.851205,0.119765,0.510866,-9.915538,125.547623,16.05793,0.365214,-0.569965,0.106752,-0.72826,-18.567076,128.103531,0.357607,0.068471,-0.020795,-0.545803,-0.834852,-10.761245,114.474335,-17.571163,0.165888,0.010897,-0.534375,-0.828738,-1.357856,135.654282,-20.123287,-0.187343,0.898388,0.132138,0.374622,-5.734396,125.415649,22.411371,0.311688,0.895311,0.139605,-0.285971,6.019583,129.718155,35.496258,-0.037647,0.277745,0.437688,-0.854324,21.325302,118.318428,21.216621,0.066116,0.121418,0.355596,-0.924358,10.909142,135.628784,11.27253,0.03913,0.872436,0.080066,0.480535,-9.051979,90.498322,7.501762,0.076276,0.923877,-0.02202,0.374365,-8.729908,53.954147,0.91747,-0.022477,0.944719,0.02557,0.326109,-16.259245,6.729445,0.131964,-0.071966,0.885634,-0.081122,0.451545,0.779101,90.336685,23.780399,-0.02907,0.877999,-0.114355,0.463892,2.792162,54.07608,31.529533,-0.078027,0.870798,-0.061022,0.481559,0.159287,7.580191,42.42358,-0.022477,0.944719,0.02557,0.326109,-7.121604,1.461221,-11.286894,-0.078027,0.870798,-0.061022,0.481559,12.73406,1.076773,36.003174
441,3.675,-0.004288,0.870752,0.016222,0.491436,-4.139764,90.415665,15.642736,-0.017455,0.874931,0.083988,0.47659,-4.322301,98.208511,15.830149,-0.025499,0.877854,0.06549,0.473744,-5.985616,113.026222,17.790199,0.06917,0.929552,-0.034205,0.360527,-7.969238,131.412537,19.476744,0.112754,0.961511,-0.095082,0.231823,-4.444746,145.759888,17.871656,0.010955,0.851281,0.119379,0.510832,-9.922416,125.545921,16.060804,0.365169,-0.569983,0.106714,-0.728274,-18.575291,128.092133,0.359638,0.068333,-0.020863,-0.545929,-0.834779,-10.770055,114.465096,-17.571037,0.165887,0.010813,-0.534447,-0.828692,-1.372957,135.64856,-20.122713,-0.187416,0.898375,0.13213,0.374619,-5.739864,125.414452,22.413328,0.311619,0.895329,0.139596,-0.285993,6.013208,129.719391,35.498238,-0.037735,0.277799,0.437463,-0.854418,21.320387,118.32235,21.218014,0.065738,0.121826,0.355704,-0.92429,10.896589,135.627365,11.271903,0.039141,0.872395,0.080069,0.480609,-9.055288,90.496269,7.503404,0.07623,0.923903,-0.021972,0.374313,-8.733324,53.952206,0.91855,-0.022596,0.944726,0.025472,0.326088,-16.256968,6.726628,0.130955,-0.072047,0.885499,-0.081089,0.451802,0.775761,90.335068,23.78207,-0.029063,0.878079,-0.114326,0.463749,2.793016,54.074932,31.532318,-0.077407,0.870923,-0.0608,0.481462,0.162578,7.578376,42.424126,-0.022596,0.944726,0.025472,0.326088,-7.118858,1.456896,-11.286839,-0.077407,0.870923,-0.0608,0.481462,12.729922,1.070016,35.994171
442,3.683333,-0.004337,0.870762,0.016206,0.491418,-4.141553,90.414803,15.645973,-0.017466,0.874942,0.084105,0.476548,-4.324641,98.207649,15.832798,-0.025644,0.87787,0.06542,0.473717,-5.989652,113.023079,17.795607,0.069116,0.9295,-0.034161,0.360674,-7.976715,131.409454,19.477356,0.112771,0.961436,-0.095032,0.232146,-4.453668,145.757324,17.873638,0.010904,0.851321,0.1194,0.510761,-9.92891,125.541565,16.063047,0.364925,-0.569753,0.107139,-0.728514,-18.584467,128.086319,0.363119,0.068115,-0.021222,-0.546194,-0.834615,-10.771063,114.453926,-17.559933,0.165864,0.010812,-0.534537,-0.828639,-1.387541,135.643845,-20.120852,-0.187481,0.898385,0.132143,0.374558,-5.746078,125.412582,22.41544,0.311558,0.895344,0.139507,-0.286057,6.007768,129.719788,35.498909,-0.037869,0.277848,0.43734,-0.854459,21.315008,118.324326,21.217482,0.065419,0.122034,0.355903,-0.924208,10.888233,135.626099,11.272017,0.039078,0.872379,0.080181,0.480624,-9.057407,90.494438,7.506828,0.076279,0.923864,-0.021989,0.374398,-8.72718,53.951336,0.917024,-0.022409,0.944738,0.025645,0.326052,-16.25565,6.726548,0.128433,-0.072039,0.885537,-0.081099,0.451727,0.774301,90.335175,23.785118,-0.029062,0.878039,-0.114263,0.463839,2.791305,54.075062,31.535553,-0.077336,0.870877,-0.060824,0.481553,0.162523,7.577121,42.421841,-0.022409,0.944738,0.025645,0.326052,-7.119878,1.459723,-11.292575,-0.077336,0.870877,-0.060824,0.481553,12.730434,1.067383,35.994392
443,3.691667,-0.004419,0.87078,0.01623,0.491386,-4.14221,90.414886,15.649035,-0.017369,0.874969,0.084142,0.476496,-4.326594,98.207703,15.835563,-0.025809,0.877885,0.065441,0.473677,-5.989362,113.022141,17.800682,0.069056,0.929475,-0.033713,0.360793,-7.982074,131.408112,19.480288,0.11272,0.961387,-0.0952,0.232306,-4.464847,145.758743,17.888699,0.010808,0.851396,0.119418,0.510634,-9.932651,125.539169,16.066832,0.364972,-0.569805,0.107069,-0.728461,-18.592966,128.08078,0.369024,0.068097,-0.021322,-0.546268,-0.834565,-10.781676,114.448914,-17.555349,0.165864,0.010821,-0.534634,-0.828576,-1.401952,135.640625,-20.119909,-0.187494,0.898337,0.131948,0.374735,-5.749372,125.412285,22.41897,0.311541,0.895336,0.139607,-0.286051,5.999495,129.72142,35.506271,-0.037833,0.277988,0.437238,-0.854467,21.307405,118.32811,21.223858,0.06517,0.122235,0.356008,-0.924159,10.880496,135.625397,11.272372,0.039082,0.872389,0.080179,0.480606,-9.058662,90.49337,7.510242,0.076278,0.923899,-0.021988,0.37431,-8.728935,53.950264,0.92043,-0.022938,0.944734,0.02544,0.326043,-16.257351,6.725454,0.132495,-0.072041,0.885551,-0.081115,0.451697,0.774241,90.336403,23.787827,-0.029041,0.878099,-0.114245,0.463731,2.791114,54.076515,31.539335,-0.07725,0.870888,-0.060728,0.481559,0.162728,7.578063,42.423542,-0.022938,0.944734,0.02544,0.326043,-7.116752,1.458192,-11.284441,-0.07725,0.870888,-0.060728,0.481559,12.730208,1.069185,35.994385
444,3.7,-0.004421,0.87078,0.016247,0.491384,-4.144519,90.415558,15.651899,-0.017495,0.875022,0.084074,0.476406,-4.329059,98.208366,15.838649,-0.025768,0.877955,0.065516,0.473538,-5.993733,113.020912,17.800083,0.068949,0.929459,-0.033651,0.360859,-7.986166,131.406586,19.483181,0.112709,0.961314,-0.09516,0.232631,-4.472253,145.758133,17.892485,0.010718,0.851439,0.119454,0.510556,-9.93775,125.538162,16.069435,0.36511,-0.56987,0.106993,-0.728351,-18.60104,128.077332,0.37287,0.068098,-0.021381,-0.546343,-0.834515,-10.792497,114.443779,-17.551426,0.165798,0.010825,-0.53471,-0.828541,-1.41699,135.636353,-20.118431,-0.187581,0.89831,0.131945,0.374757,-5.752442,125.410339,22.420219,0.311306,0.895437,0.139562,-0.286013,5.994636,129.722061,35.508282,-0.037875,0.278008,0.436983,-0.854589,21.310579,118.336449,21.228323,0.06512,0.122503,0.356201,-0.924053,10.874085,135.626907,11.274871,0.039018,0.872374,0.080236,0.480628,-9.061,90.494171,7.513124,0.076318,0.924072,-0.021926,0.373879,-8.724922,53.951382,0.9219,-0.02294,0.944723,0.025375,0.326079,-16.254948,6.726891,0.130573,-0.072061,0.885499,-0.081076,0.451803,0.771962,90.336952,23.790676,-0.029068,0.878026,-0.114223,0.463874,2.79052,54.076813,31.540569,-0.077281,0.870886,-0.060657,0.481567,0.163604,7.578033,42.423702,-0.02294,0.944723,0.025375,0.326079,-7.113667,1.457867,-11.285007,-0.077281,0.870886,-0.060657,0.481567,12.731902,1.071339,35.993931
445,3.708333,-0.004454,0.870777,0.016279,0.491388,-4.145208,90.416847,15.654872,-0.01752,0.875042,0.084083,0.476367,-4.330441,98.209641,15.8418,-0.0259,0.877977,0.065497,0.473493,-5.995579,113.020035,17.802937,0.068796,0.929427,-0.033547,0.36098,-7.991888,131.405563,19.483192,0.112736,0.961243,-0.095085,0.232939,-4.482794,145.758484,17.894291,0.010657,0.851578,0.119419,0.510333,-9.942468,125.53614,16.070562,0.365297,-0.569852,0.106907,-0.728284,-18.614027,128.071884,0.378013,0.068115,-0.021669,-0.546286,-0.834543,-10.803637,114.436874,-17.544361,0.165308,0.010722,-0.534787,-0.82859,-1.426321,135.625763,-20.122709,-0.187629,0.898316,0.131927,0.374726,-5.756617,125.410286,22.42103,0.311266,0.895463,0.139571,-0.285973,5.990668,129.723984,35.508251,-0.037937,0.278038,0.436867,-0.854636,21.308908,118.339554,21.229813,0.064956,0.122825,0.35636,-0.92396,10.868285,135.627808,11.275393,0.039071,0.872266,0.080323,0.480806,-9.061602,90.495216,7.516042,0.076282,0.923786,-0.022045,0.374586,-8.724465,53.953762,0.91746,-0.023042,0.944738,0.025282,0.326037,-16.255028,6.729251,0.132153,-0.072041,0.885515,-0.081048,0.45178,0.771185,90.338478,23.793703,-0.02909,0.878032,-0.114221,0.463861,2.789615,54.077782,31.541014,-0.077428,0.870905,-0.060765,0.481495,0.164767,7.579082,42.425045,-0.023042,0.944738,0.025282,0.326037,-7.113951,1.458651,-11.282866,-0.077428,0.870905,-0.060765,0.481495,12.733048,1.071962,35.99567
446,3.716667,-0.004486,0.870766,0.01628,0.491407,-4.149018,90.414993,15.657389,-0.017574,0.875054,0.084164,0.476329,-4.334698,98.207779,15.844078,-0.025976,0.878004,0.065426,0.473448,-6.002597,113.020195,17.806917,0.068759,0.929372,-0.033595,0.361125,-8.000066,131.405914,19.483625,0.112741,0.961164,-0.094959,0.233315,-4.491008,145.758743,17.89378,0.010551,0.851641,0.119326,0.510253,-9.950539,125.535667,16.072367,0.365429,-0.569835,0.106867,-0.728237,-18.625158,128.066101,0.380655,0.068154,-0.021751,-0.546366,-0.834485,-10.813464,114.429428,-17.539892,0.165338,0.01061,-0.534798,-0.828578,-1.440393,135.61972,-20.122633,-0.18765,0.898356,0.131962,0.374606,-5.764097,125.411392,22.422474,0.311376,0.895456,0.139368,-0.285973,5.986144,129.726135,35.506691,-0.038067,0.278126,0.436896,-0.854587,21.301079,118.334343,21.230598,0.064813,0.123132,0.356531,-0.923863,10.864,135.624176,11.276186,0.039074,0.872201,0.080303,0.480926,-9.065062,90.492844,7.518345,0.076251,0.92379,-0.022007,0.374584,-8.727943,53.951168,0.920999,-0.022525,0.944754,0.025585,0.326003,-16.254429,6.726048,0.133473,-0.072092,0.885544,-0.081038,0.451716,0.767026,90.337143,23.796432,-0.029083,0.878071,-0.114196,0.463793,2.789679,54.076874,31.544655,-0.077166,0.870931,-0.060631,0.481507,0.166211,7.577589,42.426514,-0.022525,0.944754,0.025585,0.326003,-7.118761,1.458694,-11.287365,-0.077166,0.870931,-0.060631,0.481507,12.732376,1.069466,35.99403
447,3.725,-0.004474,0.870803,0.01618,0.491345,-4.152771,90.413628,15.662119,-0.017644,0.87509,0.084232,0.476247,-4.337496,98.206459,15.847556,-0.026111,0.878046,0.065343,0.473374,-6.007875,113.017105,17.811138,0.068662,0.929344,-0.033609,0.361213,-8.008158,131.402954,19.482924,0.112755,0.961106,-0.094825,0.2336,-4.501286,145.756226,17.892096,0.010315,0.851669,0.119376,0.510198,-9.958154,125.531433,16.073616,0.365407,-0.569836,0.106849,-0.72825,-18.634972,128.055267,0.382054,0.068132,-0.02182,-0.54644,-0.834437,-10.823169,114.419746,-17.539312,0.16542,0.010604,-0.534866,-0.828518,-1.453803,135.612,-20.124399,-0.187656,0.898376,0.131847,0.374597,-5.770761,125.409653,22.423143,0.311246,0.895537,0.139285,-0.2859,5.979652,129.726318,35.506577,-0.038146,0.278309,0.436674,-0.854637,21.300434,118.33725,21.234585,0.064574,0.123484,0.356627,-0.923796,10.859129,135.620956,11.273588,0.039055,0.872211,0.080379,0.480898,-9.069972,90.490723,7.523763,0.076205,0.923857,-0.021908,0.374433,-8.729057,53.949844,0.922173,-0.022561,0.94477,0.025551,0.325956,-16.248127,6.723642,0.128834,-0.072072,0.885525,-0.080942,0.451773,0.764429,90.336525,23.800474,-0.029079,0.878048,-0.114193,0.463839,2.788519,54.074883,31.541866,-0.077401,0.870892,-0.060914,0.481503,0.164313,7.575506,42.423119,-0.022561,0.94477,0.025551,0.325956,-7.113308,1.455694,-11.292416,-0.077401,0.870892,-0.060914,0.481503,12.731704,1.064524,35.995914
448,3.733333,-0.004481,0.870748,0.016004,0.491449,-4.154455,90.410004,15.667531,-0.017702,0.875098,0.084216,0.476234,-4.337954,98.202919,15.85051,-0.026184,0.878074,0.065303,0.473325,-6.009551,113.013268,17.812853,0.068564,0.929317,-0.033435,0.361319,-8.011399,131.399185,19.482183,0.112682,0.961061,-0.094761,0.23385,-4.508642,145.753906,17.89558,0.010276,0.851814,0.119328,0.509969,-9.961185,125.526962,16.073917,0.365596,-0.569923,0.106669,-0.728113,-18.646494,128.047775,0.386563,0.068264,-0.021844,-0.546437,-0.834428,-10.837551,114.412537,-17.536268,0.165522,0.010542,-0.53483,-0.828522,-1.467754,135.604935,-20.125748,-0.187766,0.898353,0.131856,0.374593,-5.773141,125.406502,22.423046,0.311334,0.895507,0.139433,-0.285825,5.975889,129.726532,35.506618,-0.038052,0.278314,0.436629,-0.854663,21.296116,118.33564,21.23547,0.064439,0.123721,0.356758,-0.923723,10.853537,135.616302,11.272426,0.039084,0.872252,0.080416,0.480814,-9.069708,90.485382,7.527982,0.076174,0.923906,-0.021894,0.374322,-8.729983,53.945126,0.922929,-0.022549,0.944781,0.025625,0.325919,-16.245895,6.718403,0.130378,-0.072078,0.885643,-0.080944,0.451541,0.760799,90.334618,23.807079,-0.029056,0.878162,-0.114145,0.463635,2.787235,54.073071,31.5483,-0.077242,0.870941,-0.060804,0.481455,0.165774,7.57252,42.425182,-0.022549,0.944781,0.025625,0.325919,-7.111866,1.452344,-11.292377,-0.077242,0.870941,-0.060804,0.481455,12.731154,1.061431,35.994156
449,3.741667,-0.00444,0.870749,0.015946,0.491449,-4.157649,90.409912,15.672196,-0.017747,0.875111,0.084094,0.47623,-4.340147,98.202866,15.854706,-0.026248,0.878079,0.065312,0.473311,-6.010951,113.01181,17.812954,0.06845,0.929278,-0.033366,0.361447,-8.015014,131.397552,19.481464,0.11259,0.961013,-0.094619,0.234148,-4.515624,145.75325,17.89617,0.010237,0.85189,0.119291,0.509851,-9.964155,125.524948,16.073519,0.365541,-0.570043,0.106752,-0.728035,-18.653854,128.043396,0.388215,0.068207,-0.021974,-0.546424,-0.834438,-10.852259,114.405098,-17.535486,0.165538,0.010533,-0.534803,-0.828536,-1.482157,135.596634,-20.128494,-0.187947,0.898325,0.131919,0.374548,-5.775957,125.405289,22.42256,0.31136,0.895547,0.139319,-0.285727,5.971837,129.730362,35.505573,-0.038038,0.278507,0.436522,-0.854655,21.293964,118.335579,21.239571,0.064356,0.124095,0.356795,-0.923665,10.852444,135.611435,11.269149,0.039077,0.872259,0.080398,0.480805,-9.072907,90.485428,7.532652,0.076137,0.923896,-0.02185,0.374355,-8.733503,53.944908,0.929016,-0.022774,0.944816,0.025501,0.325813,-16.244549,6.717462,0.133636,-0.072073,0.885617,-0.080929,0.451596,0.757609,90.334389,23.811741,-0.029082,0.878194,-0.114064,0.463593,2.783741,54.072605,31.551945,-0.077332,0.870926,-0.060899,0.481456,0.168557,7.570419,42.423378,-0.022774,0.944816,0.025501,0.325813,-7.111029,1.450169,-11.288955,-0.077332,0.870926,-0.060899,0.481456,12.734501,1.05855,35.994251
450,3.75,-0.004485,0.870743,0.015944,0.49146,-4.16128,90.408554,15.676409,-0.017708,0.87513,0.084069,0.476199,-4.344377,98.2015,15.85854,-0.026267,0.878105,0.065219,0.473273,-6.013842,113.011467,17.816874,0.068191,0.929282,-0.032663,0.36155,-8.01683,131.397614,19.482126,0.112537,0.96097,-0.094813,0.234273,-4.531333,145.75853,17.913637,0.010103,0.851989,0.119318,0.509682,-9.966557,125.524475,16.075439,0.36574,-0.570106,0.106609,-0.727906,-18.662592,128.038574,0.392951,0.068325,-0.022096,-0.546462,-0.8344,-10.863004,114.399361,-17.530935,0.16557,0.010493,-0.53487,-0.828487,-1.495558,135.589798,-20.131615,-0.188017,0.898313,0.131825,0.374573,-5.777832,125.405792,22.424149,0.311243,0.895598,0.139393,-0.28566,5.968328,129.734222,35.507519,-0.037911,0.278549,0.436333,-0.854744,21.295769,118.344261,21.243372,0.064387,0.12434,0.356936,-0.923575,10.84919,135.610794,11.268677,0.039067,0.872292,0.08042,0.480743,-9.076341,90.483307,7.536738,0.076111,0.923967,-0.021807,0.374189,-8.735888,53.942989,0.932017,-0.02303,0.944839,0.025467,0.325732,-16.243252,6.714982,0.135143,-0.072115,0.88566,-0.080913,0.451507,0.753781,90.333794,23.816078,-0.029072,0.878204,-0.114018,0.463588,2.784034,54.072273,31.556433,-0.077481,0.870901,-0.060924,0.481473,0.17017,7.569036,42.423687,-0.02303,0.944839,0.025467,0.325732,-7.109044,1.44923,-11.287612,-0.077481,0.870901,-0.060924,0.481473,12.737945,1.059001,35.996269
451,3.758333,-0.004555,0.870763,0.015928,0.491424,-4.161184,90.409531,15.6823,-0.017526,0.875085,0.08413,0.476278,-4.345105,98.202477,15.863676,-0.026644,0.878015,0.065105,0.473436,-6.010874,113.012711,17.826111,0.068003,0.929189,-0.032676,0.361822,-8.024455,131.398682,19.480627,0.112495,0.960898,-0.094655,0.234651,-4.543042,145.760483,17.911152,0.010119,0.852067,0.118913,0.509647,-9.969571,125.522652,16.076267,0.365768,-0.570302,0.106478,-0.727758,-18.666883,128.029663,0.393355,0.068191,-0.022174,-0.546469,-0.834404,-10.876608,114.391563,-17.535425,0.16548,0.010332,-0.534738,-0.828592,-1.509408,135.582901,-20.135859,-0.188069,0.898327,0.131761,0.374538,-5.78349,125.40963,22.426823,0.311331,0.895581,0.139409,-0.285609,5.962903,129.740875,35.509048,-0.037751,0.278637,0.436333,-0.854722,21.289083,118.347275,21.246471,0.064361,0.124484,0.357369,-0.92339,10.844861,135.611374,11.265612,0.039048,0.872338,0.080458,0.480654,-9.076893,90.482948,7.543008,0.076147,0.924007,-0.021772,0.374084,-8.73455,53.942974,0.93651,-0.022825,0.944821,0.025528,0.325793,-16.243977,6.715354,0.13603,-0.072124,0.885626,-0.08087,0.451581,0.754524,90.336105,23.82159,-0.029056,0.878188,-0.114007,0.463621,2.786164,54.074169,31.559601,-0.077343,0.870922,-0.060875,0.481464,0.171006,7.57061,42.425163,-0.022825,0.944821,0.025528,0.325793,-7.110322,1.44929,-11.287022,-0.077343,0.870922,-0.060875,0.481464,12.737324,1.059515,35.995979
452,3.766667,-0.004643,0.870766,0.015955,0.491417,-4.161055,90.408783,15.688427,-0.017869,0.875138,0.084001,0.47619,-4.34637,98.201714,15.869498,-0.026485,0.878097,0.065171,0.473282,-6.019019,113.011276,17.823689,0.068146,0.929144,-0.033228,0.361862,-8.028291,131.397232,19.483528,0.112082,0.9609,-0.094081,0.235069,-4.537217,145.755249,17.90082,0.010068,0.852095,0.118851,0.509614,-9.975854,125.522446,16.078432,0.365849,-0.570392,0.106459,-0.72765,-18.6744,128.026611,0.395755,0.068233,-0.022315,-0.546472,-0.834395,-10.888823,114.385971,-17.533131,0.165564,0.010201,-0.534747,-0.828571,-1.522288,135.576324,-20.140039,-0.188194,0.898343,0.131764,0.374434,-5.787434,125.407005,22.427399,0.311366,0.895578,0.139391,-0.285588,5.960057,129.742889,35.507095,-0.037643,0.27862,0.43632,-0.854739,21.285776,118.347427,21.245506,0.06446,0.124558,0.357521,-0.923314,10.840993,135.60936,11.263342,0.039054,0.872353,0.080497,0.480619,-9.076884,90.481003,7.549201,0.076159,0.923959,-0.0217,0.374204,-8.733802,53.941536,0.939921,-0.022565,0.944818,0.02567,0.325807,-16.241629,6.713793,0.131717,-0.072096,0.885635,-0.080833,0.451574,0.754775,90.336571,23.827652,-0.029031,0.878251,-0.113972,0.463512,2.785871,54.073883,31.562323,-0.077418,0.870912,-0.060929,0.481463,0.171483,7.569417,42.424194,-0.022565,0.944818,0.02567,0.325807,-7.109982,1.449099,-11.293568,-0.077418,0.870912,-0.060929,0.481463,12.738358,1.058237,35.996185
453,3.775,-0.004619,0.870745,0.01587,0.491456,-4.166704,90.406654,15.693845,-0.017919,0.87515,0.084052,0.476158,-4.351051,98.199623,15.873933,-0.026584,0.878128,0.065044,0.473238,-6.026152,113.01329,17.82939,0.06793,0.929125,-0.03331,0.361942,-8.036343,131.399673,19.483442,0.112087,0.96085,-0.093864,0.235357,-4.549992,145.758362,17.896639,0.010065,0.852135,0.118677,0.509588,-9.98386,125.523674,16.080418,0.366014,-0.570418,0.10646,-0.727546,-18.683372,128.024445,0.397733,0.068305,-0.022563,-0.546512,-0.834356,-10.899239,114.379372,-17.528397,0.165609,0.009956,-0.534657,-0.828623,-1.535283,135.569321,-20.146877,-0.188151,0.898388,0.131712,0.374366,-5.794884,125.41053,22.429062,0.311572,0.895511,0.139136,-0.2857,5.955041,129.746338,35.506596,-0.037665,0.278697,0.436493,-0.854625,21.271599,118.340363,21.243567,0.064497,0.124681,0.357771,-0.923198,10.834719,135.60849,11.259827,0.039076,0.872397,0.08049,0.480539,-9.081799,90.478485,7.554172,0.076007,0.924019,-0.021601,0.374092,-8.74096,53.939056,0.944558,-0.022558,0.94489,0.025746,0.325594,-16.232018,6.708691,0.133989,-0.072081,0.885751,-0.08081,0.451353,0.74839,90.334824,23.833517,-0.029063,0.878313,-0.113927,0.463402,2.781231,54.071701,31.565666,-0.077565,0.870937,-0.06106,0.481377,0.172932,7.566431,42.425564,-0.022558,0.94489,0.025746,0.325594,-7.105308,1.445933,-11.296126,-0.077565,0.870937,-0.06106,0.481377,12.739446,1.054253,35.997868
454,3.783333,-0.004603,0.870736,0.015818,0.491475,-4.170346,90.40551,15.699082,-0.017945,0.875142,0.084071,0.47617,-4.35409,98.198509,15.878595,-0.026721,0.878119,0.064922,0.473263,-6.030036,113.010666,17.833969,0.067898,0.929087,-0.03318,0.362059,-8.042603,131.397369,19.481607,0.111963,0.960833,-0.093768,0.235523,-4.55809,145.756943,17.898565,0.010061,0.852223,0.118619,0.509454,-9.989146,125.519966,16.080439,0.366153,-0.570497,0.106345,-0.727431,-18.693624,128.018982,0.400229,0.068429,-0.022696,-0.546478,-0.834364,-10.912588,114.373291,-17.526785,0.165809,0.009671,-0.534568,-0.828644,-1.547099,135.561829,-20.153502,-0.18817,0.898431,0.131618,0.374286,-5.800632,125.409492,22.429436,0.311663,0.895479,0.138911,-0.28581,5.951211,129.747879,35.504402,-0.037745,0.278773,0.436562,-0.854561,21.26207,118.336174,21.239834,0.064429,0.124802,0.357956,-0.923115,10.829635,135.607117,11.255475,0.039066,0.872441,0.080494,0.480459,-9.085088,90.477135,7.559191,0.075715,0.924408,-0.021472,0.373198,-8.744116,53.937698,0.949626,-0.023825,0.945098,0.02523,0.324939,-16.205702,6.702557,0.145386,-0.072106,0.885884,-0.080802,0.45109,0.744396,90.333893,23.838974,-0.029007,0.878449,-0.113904,0.463154,2.781479,54.070942,31.570847,-0.077315,0.870984,-0.060935,0.481348,0.172574,7.564857,42.427097,-0.023825,0.945098,0.02523,0.324939,-7.082707,1.437755,-11.286765,-0.077315,0.870984,-0.060935,0.481348,12.736445,1.051556,35.995354
455,3.791667,-0.004644,0.870755,0.015765,0.491442,-4.172771,90.403412,15.705132,-0.017679,0.875142,0.08396,0.476198,-4.356658,98.196426,15.883613,-0.026993,0.878077,0.06482,0.47334,-6.023982,113.008583,17.839752,0.067622,0.929086,-0.032669,0.362158,-8.043764,131.395233,19.47908,0.112019,0.960811,-0.093916,0.235527,-4.57166,145.759064,17.907433,0.010017,0.852342,0.118599,0.509262,-9.987376,125.515656,16.080008,0.366249,-0.570609,0.106239,-0.727311,-18.698978,128.012161,0.403352,0.068489,-0.022875,-0.546494,-0.834344,-10.922961,114.366196,-17.525629,0.165953,0.009481,-0.534724,-0.828517,-1.5582,135.555176,-20.160999,-0.188258,0.898408,0.131532,0.374327,-5.8002,125.409462,22.429958,0.311715,0.895446,0.138999,-0.285813,5.949349,129.751511,35.505764,-0.037577,0.278809,0.436475,-0.854601,21.258587,118.339279,21.239883,0.064258,0.124894,0.358188,-0.923024,10.823464,135.605957,11.249987,0.039085,0.872459,0.080519,0.480421,-9.088137,90.473846,7.565609,0.075655,0.924454,-0.021414,0.373099,-8.747785,53.934814,0.953772,-0.023255,0.945157,0.025556,0.324782,-16.202103,6.698561,0.14737,-0.072078,0.885894,-0.08075,0.451084,0.742594,90.332985,23.844656,-0.029001,0.878451,-0.113871,0.463158,2.779658,54.069103,31.572151,-0.077373,0.870971,-0.060998,0.481354,0.171685,7.562283,42.425442,-0.023255,0.945157,0.025556,0.324782,-7.087976,1.437085,-11.293375,-0.077373,0.870971,-0.060998,0.481354,12.735998,1.048459,35.99511
456,3.8,-0.004704,0.870761,0.015784,0.491431,-4.174001,90.402199,15.711602,-0.017974,0.875196,0.083914,0.476095,-4.358841,98.195198,15.88988,-0.026917,0.878164,0.064801,0.473184,-6.033239,113.008987,17.841019,0.067563,0.929084,-0.032816,0.362163,-8.049936,131.395874,19.481424,0.111874,0.960786,-0.093708,0.235783,-4.577892,145.759201,17.905163,0.009914,0.852296,0.118569,0.509347,-9.995583,125.516632,16.082952,0.366301,-0.570804,0.106222,-0.727134,-18.704105,128.009766,0.404054,0.068483,-0.023026,-0.546445,-0.834373,-10.93853,114.360466,-17.526909,0.166098,0.009178,-0.53466,-0.828532,-1.570941,135.549301,-20.168039,-0.188292,0.898455,0.131504,0.374208,-5.806105,125.40976,22.431372,0.311874,0.895381,0.138964,-0.285862,5.946196,129.754181,35.503914,-0.037544,0.278773,0.436655,-0.854522,21.249372,118.335976,21.236307,0.064481,0.124935,0.358098,-0.923038,10.82087,135.60675,11.248852,0.038925,0.872248,0.080941,0.480747,-9.089559,90.471809,7.57219,0.076156,0.924068,-0.021676,0.373938,-8.721209,53.936924,0.93901,-0.023555,0.944898,0.025153,0.325545,-16.228167,6.709039,0.13099,-0.072083,0.885954,-0.080737,0.450968,0.741556,90.332588,23.851015,-0.028966,0.878535,-0.113848,0.463007,2.780408,54.068607,31.577581,-0.077415,0.870995,-0.061013,0.481302,0.172438,7.561076,42.427837,-0.023555,0.944898,0.025153,0.325545,-7.093777,1.439711,-11.289964,-0.077415,0.870995,-0.061013,0.481302,12.736297,1.047371,35.996502
457,3.808333,-0.003046,0.870845,0.015,0.49132,-4.238837,90.42646,15.709789,-0.016593,0.875224,0.083554,0.476157,-4.395139,98.220039,15.890156,-0.027301,0.878073,0.064761,0.473338,-6.024791,113.005913,17.847485,0.06748,0.929033,-0.032621,0.362325,-8.053581,131.392212,19.479475,0.111702,0.960797,-0.0936,0.23586,-4.585275,145.757034,17.908443,0.009951,0.852457,0.118538,0.509085,-9.994188,125.510361,16.082638,0.366421,-0.570888,0.106056,-0.727031,-18.712357,128.002975,0.409019,0.068541,-0.023259,-0.546446,-0.834361,-10.94967,114.355209,-17.524368,0.166106,0.00898,-0.534839,-0.828418,-1.582894,135.542389,-20.175957,-0.18841,0.898443,0.131422,0.374206,-5.807234,125.408707,22.432808,0.311883,0.895372,0.138815,-0.285952,5.943497,129.758026,35.505135,-0.037491,0.278759,0.436655,-0.854529,21.243963,118.338158,21.23596,0.064542,0.124846,0.358221,-0.922998,10.815274,135.608093,11.248066,0.038204,0.872088,0.080729,0.48113,-9.15671,90.516167,7.571971,0.075959,0.924375,-0.0211,0.373251,-8.746488,53.974594,0.978195,-0.023061,0.945009,0.024384,0.325318,-16.216255,6.741479,0.131863,-0.072801,0.885893,-0.080482,0.451017,0.679036,90.336761,23.847607,-0.029064,0.878577,-0.113748,0.462947,2.773007,54.077446,31.581354,-0.077415,0.871011,-0.061165,0.481254,0.178382,7.568288,42.42786,-0.023061,0.945009,0.024384,0.325318,-7.095012,1.446027,-11.287514,-0.077415,0.871011,-0.061165,0.481254,12.740753,1.050916,35.99733
458,3.816667,-0.003158,0.870827,0.014874,0.491354,-4.240909,90.429108,15.721872,-0.016634,0.875255,0.083338,0.476138,-4.397767,98.222733,15.899656,-0.027479,0.878091,0.064749,0.473296,-6.024986,113.006256,17.850378,0.067136,0.929031,-0.033,0.362361,-8.059287,131.392258,19.47893,0.111692,0.960765,-0.093183,0.236164,-4.596253,145.756836,17.894129,0.009889,0.85252,0.118564,0.508974,-9.998324,125.50914,16.083364,0.366691,-0.570956,0.105929,-0.726861,-18.720638,127.999878,0.411744,0.068649,-0.023466,-0.546486,-0.83432,-10.960356,114.348862,-17.520218,0.166127,0.008694,-0.534911,-0.82837,-1.596224,135.535461,-20.182669,-0.188477,0.898474,0.131453,0.374088,-5.810914,125.410011,22.433277,0.311786,0.895404,0.13874,-0.285993,5.942122,129.761841,35.502705,-0.037403,0.278628,0.436549,-0.85463,21.24435,118.344879,21.233078,0.064644,0.124744,0.35845,-0.922916,10.808258,135.611343,11.247095,0.038276,0.872146,0.080754,0.481014,-9.158142,90.515785,7.583632,0.075628,0.924741,-0.021021,0.372414,-8.752558,53.974922,0.98563,-0.022976,0.945243,0.024608,0.324627,-16.191174,6.736684,0.150936,-0.072773,0.88593,-0.080379,0.450967,0.676323,90.34243,23.860111,-0.029032,0.878556,-0.113684,0.463005,2.77241,54.081596,31.586123,-0.077333,0.870988,-0.061159,0.48131,0.177271,7.570854,42.42572,-0.022976,0.945243,0.024608,0.324627,-7.086702,1.446266,-11.284156,-0.077333,0.870988,-0.061159,0.48131,12.739658,1.052493,35.996216
459,3.825,-0.003164,0.870817,0.014773,0.491375,-4.245292,90.427933,15.727967,-0.01666,0.875271,0.083288,0.476115,-4.401464,98.221603,15.904336,-0.027539,0.878111,0.064719,0.473258,-6.028581,113.004944,17.853367,0.067047,0.929043,-0.032997,0.362347,-8.064255,131.390976,19.479973,0.111519,0.960795,-0.093015,0.236188,-4.603685,145.756027,17.894224,0.009851,0.852559,0.118488,0.508928,-10.003069,125.507309,16.085228,0.366826,-0.571017,0.105875,-0.726752,-18.727108,127.9953,0.414138,0.06862,-0.023801,-0.546583,-0.83425,-10.969621,114.341949,-17.517248,0.166194,0.008262,-0.534717,-0.828486,-1.611455,135.528809,-20.192122,-0.188533,0.898524,0.13142,0.373949,-5.815171,125.409248,22.434834,0.311852,0.895361,0.138821,-0.286017,5.940841,129.764374,35.500477,-0.037367,0.278553,0.436535,-0.854663,21.240435,118.346512,21.228762,0.064573,0.124837,0.358367,-0.92294,10.802155,135.612015,11.244806,0.038225,0.87196,0.081001,0.481313,-9.162132,90.51358,7.589481,0.075693,0.924605,-0.02118,0.37273,-8.742027,53.975399,0.97756,-0.022763,0.945284,0.024615,0.32452,-16.191715,6.738749,0.152049,-0.072822,0.885978,-0.080289,0.450881,0.671549,90.342293,23.866453,-0.028982,0.878549,-0.113725,0.463011,2.774635,54.080902,31.587952,-0.077315,0.871015,-0.061141,0.481267,0.173405,7.570791,42.428768,-0.022763,0.945284,0.024615,0.32452,-7.092081,1.446391,-11.285988,-0.077315,0.871015,-0.061141,0.481267,12.734983,1.052442,35.997681
460,3.833333,-0.003187,0.870825,0.014725,0.491362,-4.247349,90.427979,15.733939,-0.016739,0.875307,0.083229,0.476057,-4.403462,98.221664,15.909481,-0.02766,0.878151,0.064671,0.473185,-6.03167,113.005302,17.855965,0.066216,0.929099,-0.033379,0.362321,-8.070275,131.391312,19.479052,0.111781,0.960719,-0.092595,0.236536,-4.628319,145.758682,17.87388,0.009822,0.852652,0.118395,0.508794,-10.008575,125.506615,16.085814,0.367002,-0.570975,0.105829,-0.726704,-18.737558,127.99144,0.416972,0.068729,-0.024069,-0.54666,-0.834182,-10.977311,114.335884,-17.511539,0.1663,0.007978,-0.534798,-0.828415,-1.624036,135.522247,-20.19972,-0.188574,0.898554,0.131394,0.373866,-5.819725,125.410591,22.434824,0.311742,0.895406,0.138531,-0.286136,5.938,129.768005,35.498165,-0.037485,0.278588,0.436343,-0.854745,21.237629,118.350998,21.225801,0.06436,0.124958,0.358422,-0.922918,10.792561,135.612457,11.241369,0.038056,0.872092,0.080976,0.481093,-9.164431,90.512787,7.595588,0.07611,0.924549,-0.020988,0.372794,-8.736023,53.973343,0.991156,-0.023003,0.945028,0.024368,0.325269,-16.215416,6.741959,0.13323,-0.072827,0.886064,-0.080305,0.450708,0.669733,90.343163,23.87229,-0.028941,0.878646,-0.113681,0.46284,2.774132,54.082031,31.594627,-0.077364,0.871028,-0.061219,0.481224,0.173527,7.57072,42.430473,-0.023003,0.945028,0.024368,0.325269,-7.096006,1.445475,-11.287139,-0.077364,0.871028,-0.061219,0.481224,12.734601,1.051196,35.999577
461,3.841667,-0.004875,0.870755,0.015515,0.491448,-4.183213,90.400635,15.740737,-0.017771,0.875279,0.083593,0.476008,-4.368315,98.193741,15.914056,-0.027798,0.878189,0.064602,0.473115,-6.032147,113.005272,17.859365,0.066055,0.929127,-0.033153,0.362298,-8.073945,131.391327,19.477945,0.111644,0.960745,-0.092544,0.236518,-4.638734,145.760788,17.877054,0.009619,0.852632,0.11883,0.50873,-10.01162,125.505379,16.086508,0.367278,-0.571058,0.105704,-0.726516,-18.743107,127.991692,0.419302,0.068963,-0.024106,-0.546819,-0.834057,-10.986149,114.332413,-17.507801,0.166878,0.007774,-0.534912,-0.828227,-1.640628,135.522369,-20.203867,-0.188629,0.898571,0.131355,0.373811,-5.821876,125.411781,22.434961,0.311774,0.895375,0.138476,-0.286225,5.936576,129.771881,35.496754,-0.037476,0.278538,0.436324,-0.854771,21.232809,118.353798,21.221607,0.064319,0.124929,0.358266,-0.922985,10.785839,135.614685,11.238597,0.039048,0.872232,0.08094,0.480765,-9.098408,90.46492,7.601062,0.075773,0.924342,-0.02138,0.373354,-8.73789,53.930725,0.963603,-0.023604,0.945172,0.025419,0.324725,-16.201113,6.696036,0.147903,-0.07204,0.886173,-0.080746,0.450542,0.731981,90.336349,23.880413,-0.028917,0.878777,-0.113578,0.462618,2.771388,54.072021,31.6052,-0.077468,0.87106,-0.061028,0.481174,0.176142,7.558349,42.432167,-0.023604,0.945172,0.025419,0.324725,-7.08504,1.434181,-11.291116,-0.077468,0.87106,-0.061028,0.481174,12.73848,1.044729,35.997772
462,3.85,-0.004938,0.870766,0.015465,0.49143,-4.18385,90.401009,15.746377,-0.017853,0.875321,0.083498,0.475944,-4.369423,98.19413,15.918532,-0.027883,0.878233,0.064598,0.47303,-6.033864,113.005638,17.860237,0.065913,0.929149,-0.03309,0.362275,-8.078196,131.391541,19.477381,0.111456,0.960767,-0.092411,0.236567,-4.647552,145.7621,17.876564,0.00958,0.852718,0.118729,0.50861,-10.015576,125.504959,16.08687,0.367393,-0.57102,0.105719,-0.726487,-18.751495,127.987709,0.421572,0.069067,-0.024323,-0.546921,-0.833976,-10.992601,114.325645,-17.50256,0.167101,0.007575,-0.535044,-0.828099,-1.652659,135.516983,-20.209988,-0.188749,0.898605,0.131429,0.373643,-5.824676,125.412628,22.434578,0.311719,0.895401,0.138288,-0.286296,5.936688,129.776657,35.492432,-0.037532,0.278479,0.436225,-0.854838,21.232649,118.358444,21.217091,0.064296,0.124882,0.358086,-0.923063,10.780187,135.61763,11.236341,0.039018,0.872395,0.080749,0.480504,-9.099386,90.46376,7.606895,0.075775,0.924526,-0.021127,0.372913,-8.745787,53.927086,0.982722,-0.023131,0.945152,0.025784,0.324789,-16.200626,6.691408,0.14815,-0.072016,0.886199,-0.080747,0.450493,0.731687,90.338249,23.88586,-0.028918,0.878797,-0.113524,0.462593,2.769961,54.073669,31.609785,-0.07758,0.871075,-0.061065,0.481124,0.177436,7.558825,42.432411,-0.023131,0.945152,0.025784,0.324789,-7.086971,1.435005,-11.2953,-0.07758,0.871075,-0.061065,0.481124,12.740068,1.045964,35.997818
463,3.858333,-0.005007,0.870771,0.015443,0.491422,-4.183423,90.401611,15.751714,-0.017904,0.875346,0.083449,0.475905,-4.369761,98.194733,15.923042,-0.028003,0.878255,0.064575,0.472984,-6.034668,113.005653,17.862728,0.065643,0.929175,-0.032974,0.362266,-8.082423,131.391403,19.477121,0.111311,0.960784,-0.092294,0.236615,-4.660313,145.764023,17.876476,0.009468,0.852742,0.118805,0.508553,-10.018951,125.503922,16.087711,0.367445,-0.571067,0.105792,-0.726412,-18.757053,127.984383,0.423263,0.069043,-0.024568,-0.547,-0.833919,-11.001483,114.317894,-17.498943,0.167193,0.007345,-0.534979,-0.828124,-1.666131,135.510071,-20.215467,-0.188833,0.898635,0.131416,0.373534,-5.827495,125.413422,22.435081,0.311362,0.895521,0.138376,-0.286265,5.935687,129.781082,35.490089,-0.037443,0.278356,0.435854,-0.855072,21.243099,118.377319,21.215477,0.064339,0.124794,0.357879,-0.923152,10.774365,135.623093,11.235485,0.039122,0.872128,0.080899,0.480955,-9.099096,90.46302,7.612302,0.075808,0.924356,-0.021246,0.373321,-8.743393,53.928757,0.974998,-0.023568,0.945095,0.025551,0.324941,-16.204985,6.694036,0.146433,-0.072036,0.886131,-0.080683,0.450637,0.732251,90.34021,23.891125,-0.028896,0.878707,-0.113564,0.462756,2.772731,54.075081,31.611872,-0.077416,0.871104,-0.06094,0.481114,0.174629,7.560989,42.436375,-0.023568,0.945095,0.025551,0.324941,-7.083701,1.43557,-11.289992,-0.077416,0.871104,-0.06094,0.481114,12.735857,1.048405,35.99876
464,3.866667,-0.004641,0.870798,0.015207,0.491383,-4.19898,90.408989,15.75716,-0.017746,0.87539,0.083243,0.475866,-4.378536,98.202278,15.928097,-0.028132,0.878273,0.064622,0.472936,-6.035586,113.008202,17.863949,0.065617,0.929182,-0.032999,0.362253,-8.088277,131.393463,19.477705,0.111036,0.960827,-0.092148,0.236626,-4.666639,145.766083,17.876047,0.009413,0.852829,0.118735,0.508426,-10.023477,125.505295,16.088726,0.367682,-0.571055,0.105704,-0.726315,-18.766325,127.982246,0.426368,0.069187,-0.024761,-0.547082,-0.833847,-11.009167,114.313065,-17.493099,0.167245,0.007222,-0.535143,-0.828009,-1.67916,135.504181,-20.220783,-0.188917,0.898669,0.131397,0.373416,-5.831438,125.416222,22.435732,0.311431,0.895468,0.138282,-0.286402,5.933759,129.787674,35.487656,-0.037559,0.278118,0.435963,-0.855088,21.235384,118.381371,21.208868,0.06474,0.125258,0.357692,-0.923134,10.763649,135.634827,11.239037,0.038872,0.872081,0.080969,0.481049,-9.115436,90.474228,7.61825,0.075895,0.92454,-0.02112,0.372853,-8.740349,53.939354,0.985343,-0.023373,0.945126,0.025339,0.324883,-16.205486,6.705382,0.14629,-0.072206,0.886097,-0.080579,0.450694,0.717475,90.343742,23.89607,-0.028874,0.878697,-0.113519,0.462786,2.772107,54.079193,31.615778,-0.077623,0.871071,-0.061076,0.481124,0.173757,7.563991,42.435429,-0.023373,0.945126,0.025339,0.324883,-7.088359,1.439127,-11.289869,-0.077623,0.871071,-0.061076,0.481124,12.736809,1.051555,36.001225
465,3.875,-0.005101,0.870757,0.015425,0.491446,-4.182876,90.403709,15.761625,-0.017956,0.875388,0.083258,0.475858,-4.370358,98.196831,15.93199,-0.02826,0.878281,0.06466,0.47291,-6.033777,113.008209,17.865965,0.065548,0.929192,-0.032852,0.362251,-8.091274,131.393021,19.478764,0.110733,0.960873,-0.092128,0.23659,-4.673029,145.7668,17.880342,0.009331,0.8529,0.118739,0.508307,-10.025045,125.50415,16.090193,0.367708,-0.571103,0.1057,-0.726264,-18.772299,127.978134,0.429828,0.069178,-0.024946,-0.547148,-0.833799,-11.017756,114.3078,-17.489885,0.167347,0.00707,-0.535275,-0.827904,-1.691549,135.499619,-20.224661,-0.189038,0.898684,0.131283,0.373358,-5.832737,125.41655,22.437038,0.31122,0.895513,0.138278,-0.286492,5.932379,129.793854,35.487068,-0.037334,0.277812,0.435782,-0.85529,21.237789,118.396416,21.205257,0.064919,0.124867,0.358178,-0.922986,10.751231,135.643616,11.239924,0.039108,0.872293,0.080695,0.480691,-9.098082,90.463409,7.621921,0.076128,0.924147,-0.021031,0.373785,-8.750798,53.926617,0.998051,-0.022416,0.944933,0.026176,0.325445,-16.232439,6.695679,0.135251,-0.072051,0.886035,-0.08069,0.450821,0.732329,90.344017,23.901331,-0.028841,0.878647,-0.113458,0.462899,2.771964,54.079132,31.623423,-0.077432,0.871059,-0.060909,0.481198,0.172163,7.562441,42.436314,-0.022416,0.944933,0.026176,0.325445,-7.109463,1.443336,-11.302635,-0.077432,0.871059,-0.060909,0.481198,12.735054,1.051113,36.000671
466,3.883333,-0.004167,0.870828,0.014812,0.491347,-4.222481,90.420227,15.768872,-0.017585,0.875516,0.082969,0.475688,-4.39256,98.213768,15.938099,-0.028289,0.878397,0.064633,0.472695,-6.039756,113.009224,17.867887,0.065593,0.929228,-0.032829,0.362153,-8.097301,131.394119,19.479794,0.110438,0.960913,-0.092078,0.236582,-4.678374,145.767792,17.881975,0.009154,0.852871,0.118927,0.508315,-10.032443,125.504807,16.092758,0.368036,-0.571175,0.105543,-0.726064,-18.779526,127.976814,0.431988,0.069341,-0.025041,-0.547203,-0.833747,-11.027295,114.302704,-17.485847,0.167354,0.006992,-0.535355,-0.827852,-1.704375,135.494308,-20.22851,-0.189028,0.898747,0.131327,0.373197,-5.837069,125.418045,22.43759,0.311254,0.895487,0.138051,-0.286645,5.932548,129.795609,35.483475,-0.037484,0.277762,0.435851,-0.855264,21.232773,118.395027,21.198624,0.065012,0.124862,0.357829,-0.923115,10.747355,135.646774,11.238284,0.038523,0.872013,0.081056,0.481185,-9.139697,90.489639,7.630458,0.076252,0.924314,-0.020967,0.373349,-8.737856,53.953808,1.004404,-0.022294,0.944976,0.025344,0.325392,-16.228529,6.724429,0.135014,-0.072398,0.886044,-0.080509,0.45078,0.694735,90.350815,23.907286,-0.028919,0.878713,-0.113338,0.462798,2.763553,54.087482,31.628922,-0.077585,0.871088,-0.061161,0.481088,0.176928,7.568595,42.435543,-0.022294,0.944976,0.025344,0.325392,-7.110733,1.447928,-11.295882,-0.077585,0.871088,-0.061161,0.481088,12.73858,1.053467,36.001328
467,3.891667,-0.00416,0.870892,0.014883,0.491232,-4.225393,90.421783,15.772909,-0.017599,0.87559,0.082871,0.475569,-4.395896,98.215286,15.943164,-0.028401,0.87846,0.064628,0.472572,-6.04166,113.009903,17.87023,0.065516,0.929247,-0.032856,0.362117,-8.102536,131.394577,19.480276,0.110124,0.960947,-0.091981,0.236627,-4.685541,145.768539,17.880733,0.009088,0.852886,0.118899,0.508296,-10.037358,125.504433,16.094511,0.368214,-0.571195,0.10548,-0.725967,-18.785181,127.973831,0.433737,0.069338,-0.025186,-0.547336,-0.833656,-11.033407,114.297188,-17.482374,0.167374,0.006775,-0.535376,-0.827836,-1.717666,135.490921,-20.230886,-0.189162,0.898791,0.13133,0.373021,-5.840315,125.419357,22.438267,0.31127,0.895509,0.138021,-0.286574,5.932219,129.802399,35.479691,-0.03726,0.27783,0.435676,-0.855341,21.233917,118.399933,21.197899,0.064626,0.124271,0.357802,-0.923233,10.744519,135.6418,11.23041,0.038507,0.872002,0.081033,0.48121,-9.144766,90.49192,7.635801,0.076034,0.924733,-0.020799,0.372364,-8.742558,53.955734,1.01176,-0.024211,0.945083,0.024436,0.325016,-16.209034,6.722504,0.143312,-0.072359,0.885978,-0.080468,0.450924,0.693979,90.351646,23.910015,-0.028929,0.878633,-0.113363,0.462944,2.760401,54.087414,31.628036,-0.077574,0.871087,-0.061212,0.481085,0.171729,7.569149,42.436832,-0.024211,0.945083,0.024436,0.325016,-7.082504,1.439667,-11.277691,-0.077574,0.871087,-0.061212,0.481085,12.732971,1.052671,36.003178
468,3.9,-0.005176,0.870842,0.015362,0.491296,-4.187699,90.406647,15.776902,-0.018294,0.875609,0.08313,0.475461,-4.375687,98.199783,15.945868,-0.028409,0.878546,0.064611,0.472414,-6.045305,113.011513,17.872429,0.065387,0.929287,-0.032834,0.36204,-8.105886,131.39624,19.482174,0.109872,0.960976,-0.091944,0.236645,-4.692863,145.771011,17.881433,0.008995,0.852931,0.118814,0.508243,-10.041828,125.50589,16.097435,0.36828,-0.571224,0.10546,-0.725914,-18.79166,127.970634,0.437056,0.069293,-0.025373,-0.547403,-0.83361,-11.041286,114.292671,-17.478636,0.167288,0.006657,-0.535428,-0.827821,-1.729337,135.487518,-20.233452,-0.189233,0.898831,0.131344,0.372884,-5.842517,125.421227,22.439692,0.311243,0.895506,0.137917,-0.286663,5.932755,129.807312,35.477608,-0.037304,0.277776,0.435635,-0.855378,21.232819,118.405197,21.193796,0.064602,0.124233,0.35769,-0.923283,10.74068,135.646271,11.228937,0.038936,0.872174,0.08095,0.480879,-9.105692,90.464462,7.638867,0.076347,0.924206,-0.020963,0.373597,-8.736711,53.929733,1.004801,-0.023724,0.944854,0.025268,0.325652,-16.235357,6.701726,0.129701,-0.071911,0.885956,-0.080695,0.450998,0.730295,90.348839,23.914938,-0.028937,0.87859,-0.113315,0.463035,2.759028,54.082523,31.633177,-0.077735,0.871102,-0.061117,0.481044,0.17199,7.563263,42.438065,-0.023724,0.944854,0.025268,0.325652,-7.096244,1.437294,-11.289731,-0.077735,0.871102,-0.061117,0.481044,12.734834,1.051415,36.002861
469,3.908333,-0.004294,0.870897,0.014875,0.491222,-4.223721,90.422653,15.782285,-0.017621,0.87567,0.08268,0.475452,-4.395992,98.216148,15.951411,-0.028605,0.878534,0.064663,0.472417,-6.039505,113.013161,17.873604,0.065715,0.929247,-0.03255,0.362107,-8.107378,131.397232,19.481567,0.109289,0.961055,-0.092052,0.236549,-4.688197,145.77182,17.892408,0.008901,0.853087,0.118841,0.507977,-10.040869,125.505791,16.097296,0.368601,-0.571536,0.104955,-0.725579,-18.800577,127.967033,0.441886,0.069471,-0.025201,-0.547243,-0.833705,-11.062113,114.294029,-17.482738,0.167284,0.006579,-0.535529,-0.827757,-1.742153,135.484085,-20.234835,-0.189341,0.898836,0.131282,0.372838,-5.841779,125.42337,22.439728,0.311191,0.895522,0.137721,-0.286763,5.93324,129.814056,35.476326,-0.037284,0.277733,0.435582,-0.85542,21.232098,118.411911,21.19125,0.064674,0.124128,0.357748,-0.923269,10.736705,135.651566,11.226949,0.038482,0.872118,0.080871,0.48103,-9.143256,90.490494,7.64526,0.076336,0.924438,-0.020648,0.373044,-8.746629,53.952209,1.032433,-0.022273,0.944924,0.025474,0.325537,-16.233643,6.722787,0.134374,-0.072297,0.885845,-0.080455,0.451196,0.695816,90.35482,23.91931,-0.028946,0.878532,-0.113257,0.46316,2.756247,54.089767,31.635103,-0.077511,0.871065,-0.061082,0.481152,0.171074,7.569289,42.4352,-0.022273,0.944924,0.025474,0.325537,-7.112197,1.449693,-11.295184,-0.077511,0.871065,-0.061082,0.481152,12.733284,1.055028,36.001198
470,3.916667,-0.004304,0.87088,0.014829,0.491253,-4.22517,90.424576,15.788656,-0.017716,0.875717,0.082569,0.475382,-4.397225,98.218086,15.957075,-0.028671,0.878589,0.064746,0.4723,-6.041598,113.016144,17.875233,0.06586,0.929237,-0.032698,0.362094,-8.112852,131.399673,19.485003,0.108824,0.961096,-0.092048,0.2366,-4.68827,145.77269,17.893305,0.008817,0.853142,0.11879,0.507898,-10.045988,125.508072,16.100811,0.368671,-0.57155,0.104944,-0.725533,-18.808655,127.965454,0.446449,0.069475,-0.025318,-0.54732,-0.833651,-11.070873,114.290855,-17.477257,0.167294,0.006539,-0.535627,-0.827692,-1.75537,135.481583,-20.234159,-0.189386,0.898926,0.131184,0.372633,-5.84527,125.426079,22.442171,0.311179,0.895516,0.137692,-0.28681,5.934683,129.821152,35.472832,-0.037151,0.277594,0.435566,-0.855479,21.232641,118.41954,21.186373,0.064819,0.123866,0.357775,-0.923284,10.73306,135.658005,11.223973,0.038523,0.87208,0.080879,0.481094,-9.144115,90.491829,7.651268,0.076381,0.924485,-0.02063,0.372918,-8.749344,53.953873,1.036546,-0.022563,0.9449,0.025299,0.325598,-16.239727,6.725022,0.136307,-0.072279,0.885901,-0.080434,0.451093,0.693775,90.357315,23.926044,-0.028929,0.878511,-0.11324,0.463205,2.754592,54.091812,31.639612,-0.078281,0.871,-0.061293,0.481118,0.168161,7.570866,42.437424,-0.022563,0.9449,0.025299,0.325598,-7.114253,1.449982,-11.28914,-0.078281,0.871,-0.061293,0.481118,12.737465,1.063789,36.010006
471,3.925,-0.004413,0.870875,0.014858,0.491261,-4.222466,90.42588,15.794423,-0.017691,0.875729,0.082403,0.475389,-4.396234,98.21936,15.962402,-0.028854,0.878575,0.064814,0.472305,-6.037473,113.017342,17.876461,0.065548,0.929241,-0.032622,0.362147,-8.115899,131.400162,19.48521,0.108627,0.96109,-0.092052,0.236712,-4.700358,145.775208,17.892494,0.008745,0.853236,0.118829,0.507732,-10.046618,125.507629,16.101238,0.368529,-0.571592,0.105063,-0.725556,-18.815437,127.962814,0.449981,0.069372,-0.025468,-0.547346,-0.833637,-11.081079,114.287163,-17.474405,0.167322,0.006504,-0.535842,-0.827547,-1.766902,135.479065,-20.234694,-0.189476,0.898939,0.131136,0.372573,-5.846129,125.427582,22.442774,0.311135,0.895507,0.13773,-0.286866,5.934185,129.826614,35.471771,-0.037027,0.277396,0.435549,-0.855557,21.23188,118.427872,21.182747,0.064998,0.123724,0.358003,-0.923202,10.726703,135.665344,11.224549,0.038576,0.872078,0.080789,0.481107,-9.141255,90.4916,7.656929,0.076192,0.924787,-0.020533,0.372214,-8.753052,53.952873,1.046086,-0.022436,0.945058,0.025591,0.325125,-16.224125,6.720898,0.149727,-0.072279,0.885941,-0.080534,0.450997,0.696325,90.360161,23.931917,-0.028828,0.878685,-0.113151,0.462902,2.754631,54.095848,31.651751,-0.078027,0.870999,-0.061093,0.481185,0.167469,7.572424,42.438686,-0.022436,0.945058,0.025591,0.325125,-7.110453,1.452472,-11.288182,-0.078027,0.870999,-0.061093,0.481185,12.735954,1.066192,36.008816
472,3.933333,-0.004974,0.870858,0.015101,0.491278,-4.202629,90.41851,15.800397,-0.017955,0.875754,0.082352,0.475343,-4.385869,98.2118,15.967377,-0.029031,0.8786,0.064877,0.472239,-6.034382,113.020111,17.877756,0.06545,0.929251,-0.032591,0.362143,-8.119531,131.402237,19.485573,0.108341,0.961114,-0.092078,0.236735,-4.706982,145.777985,17.892624,0.008681,0.853368,0.118802,0.507518,-10.048439,125.508774,16.102211,0.368916,-0.571602,0.10481,-0.725388,-18.825174,127.960609,0.454864,0.069418,-0.025619,-0.547308,-0.833654,-11.088845,114.283813,-17.467791,0.166875,0.006119,-0.53576,-0.827694,-1.774021,135.472092,-20.234734,-0.189564,0.898968,0.131164,0.37245,-5.847158,125.430717,22.443251,0.311117,0.895502,0.13755,-0.286987,5.935269,129.833008,35.469238,-0.037011,0.277318,0.435535,-0.85559,21.230188,118.433426,21.177896,0.065065,0.123607,0.358118,-0.923168,10.72223,135.671143,11.221687,0.038864,0.872144,0.080762,0.48097,-9.121,90.477226,7.662597,0.076474,0.924192,-0.020631,0.373624,-8.753424,53.939827,1.043228,-0.022767,0.94479,0.025682,0.325874,-16.251305,6.712341,0.133963,-0.072057,0.885983,-0.080621,0.450934,0.715742,90.359795,23.938196,-0.02882,0.87856,-0.113134,0.463143,2.757102,54.094143,31.656229,-0.078165,0.87103,-0.061076,0.481111,0.167008,7.570296,42.440639,-0.022767,0.94479,0.025682,0.325874,-7.115841,1.449985,-11.289346,-0.078165,0.87103,-0.061076,0.481111,12.735923,1.066402,36.009251
473,3.941667,-0.00498,0.870857,0.015044,0.491281,-4.203905,90.41938,15.805304,-0.018076,0.875817,0.082359,0.475222,-4.386792,98.212692,15.971454,-0.029092,0.878687,0.064892,0.472073,-6.038393,113.021347,17.880558,0.064991,0.929326,-0.032733,0.36202,-8.125504,131.403275,19.488169,0.108289,0.961115,-0.091999,0.236787,-4.724278,145.780655,17.885817,0.008585,0.85341,0.118714,0.507469,-10.054836,125.509369,16.105827,0.368995,-0.571645,0.104751,-0.725322,-18.833401,127.956436,0.458758,0.069413,-0.025706,-0.547393,-0.833596,-11.098844,114.279083,-17.464239,0.166896,0.006091,-0.535852,-0.82763,-1.788618,135.468781,-20.234615,-0.189586,0.899031,0.13113,0.372297,-5.851219,125.43222,22.445328,0.311087,0.895494,0.137548,-0.287045,5.935045,129.836823,35.46706,-0.036944,0.27722,0.435511,-0.855637,21.229273,118.439011,21.173576,0.065125,0.12348,0.358198,-0.92315,10.718239,135.675262,11.219449,0.038816,0.872143,0.080762,0.480976,-9.12222,90.477463,7.667462,0.076513,0.924408,-0.020551,0.373086,-8.75151,53.939785,1.049787,-0.022079,0.944817,0.02608,0.32581,-16.25057,6.712565,0.136411,-0.072064,0.885997,-0.080603,0.450909,0.71441,90.361305,23.943146,-0.028796,0.878556,-0.113086,0.463165,2.757059,54.095512,31.660206,-0.077943,0.871024,-0.060947,0.481173,0.166896,7.570499,42.439571,-0.022079,0.944817,0.02608,0.32581,-7.122755,1.454392,-11.29494,-0.077943,0.871024,-0.060947,0.481173,12.734941,1.066288,36.00679
474,3.95,-0.005004,0.870857,0.015001,0.491282,-4.203866,90.419594,15.810736,-0.018055,0.875852,0.08225,0.475177,-4.386745,98.212921,15.976122,-0.029226,0.878713,0.06491,0.472012,-6.036155,113.022408,17.882786,0.064788,0.929347,-0.032687,0.362006,-8.127844,131.403961,19.488773,0.108036,0.961136,-0.092032,0.236806,-4.732637,145.782654,17.885433,0.008474,0.853444,0.118778,0.507399,-10.056035,125.509201,16.10725,0.368933,-0.571763,0.104766,-0.725258,-18.837252,127.95372,0.461268,0.069246,-0.025806,-0.547422,-0.833588,-11.109282,114.27578,-17.464128,0.166825,0.005934,-0.535888,-0.827622,-1.800746,135.46637,-20.234222,-0.189657,0.899069,0.13115,0.372164,-5.851673,125.433792,22.446278,0.311207,0.895411,0.137675,-0.287116,5.937209,129.841354,35.464645,-0.036861,0.277079,0.435572,-0.855655,21.225945,118.441864,21.16662,0.065062,0.123411,0.358221,-0.923155,10.714069,135.679047,11.216427,0.03876,0.872516,0.080337,0.480375,-9.122144,90.476875,7.672867,0.076539,0.924808,-0.02004,0.372117,-8.767672,53.9338,1.084202,-0.022373,0.944774,0.026137,0.325911,-16.251818,6.704968,0.132585,-0.072063,0.886026,-0.080561,0.45086,0.714413,90.362305,23.948605,-0.028772,0.878461,-0.113083,0.463348,2.758857,54.096008,31.662777,-0.078107,0.87101,-0.061021,0.481162,0.164509,7.570806,42.440308,-0.022373,0.944774,0.026137,0.325911,-7.118279,1.451296,-11.296264,-0.078107,0.87101,-0.061021,0.481162,12.733847,1.067416,36.009228
475,3.958333,-0.005047,0.870874,0.014973,0.491252,-4.202645,90.421753,15.816233,-0.017881,0.875863,0.082164,0.475178,-4.385891,98.215088,15.980914,-0.029494,0.878684,0.064988,0.472039,-6.029533,113.025307,17.887852,0.064926,0.929288,-0.033397,0.362069,-8.131358,131.405884,19.491615,0.107323,0.961219,-0.091547,0.236977,-4.724898,145.779968,17.8708,0.008394,0.853599,0.118718,0.507154,-10.055998,125.509727,16.110533,0.369167,-0.571794,0.104497,-0.725154,-18.846273,127.949646,0.468922,0.06934,-0.025883,-0.547486,-0.833535,-11.117285,114.27462,-17.458256,0.166777,0.00586,-0.536007,-0.827555,-1.812757,135.464828,-20.233732,-0.189709,0.899107,0.131105,0.37206,-5.85226,125.437286,22.450008,0.311168,0.895407,0.137498,-0.287255,5.938703,129.8479,35.465446,-0.036763,0.277007,0.435493,-0.855723,21.224798,118.448624,21.16444,0.065076,0.12323,0.358401,-0.923108,10.707404,135.683762,11.213512,0.038799,0.872468,0.080372,0.480453,-9.121479,90.47805,7.678693,0.076561,0.924818,-0.02002,0.372088,-8.767668,53.935612,1.086459,-0.022453,0.94476,0.026101,0.32595,-16.253067,6.707027,0.132534,-0.072034,0.886089,-0.080634,0.450727,0.716188,90.365456,23.953772,-0.028701,0.878509,-0.113001,0.463281,2.757439,54.09972,31.671444,-0.078054,0.870988,-0.060995,0.481215,0.161609,7.572347,42.439236,-0.022453,0.94476,0.026101,0.32595,-7.117827,1.453157,-11.294863,-0.078054,0.870988,-0.060995,0.481215,12.731332,1.068896,36.008965
476,3.966667,-0.0051,0.870868,0.015,0.491262,-4.200981,90.422737,15.820843,-0.017915,0.875912,0.081985,0.475117,-4.385159,98.216049,15.985481,-0.029518,0.878731,0.0651,0.471935,-6.027094,113.027908,17.887461,0.064489,0.929388,-0.032582,0.361963,-8.131486,131.407898,19.494673,0.107297,0.961226,-0.092201,0.236708,-4.745571,145.788712,17.890734,0.008295,0.853701,0.118709,0.506986,-10.055962,125.511971,16.113083,0.369235,-0.571858,0.104429,-0.725079,-18.852468,127.947998,0.474373,0.069332,-0.026014,-0.547543,-0.833494,-11.126276,114.272713,-17.45381,0.166761,0.005817,-0.536127,-0.827481,-1.824976,135.463699,-20.234322,-0.189844,0.899142,0.13112,0.371901,-5.850754,125.439178,22.451578,0.311226,0.895358,0.137379,-0.287401,5.942638,129.854996,35.463055,-0.036689,0.276822,0.435565,-0.855749,21.223001,118.453255,21.157869,0.065312,0.12314,0.358512,-0.92306,10.70426,135.689789,11.212831,0.038811,0.872465,0.080348,0.480461,-9.11963,90.478409,7.683188,0.0766,0.924815,-0.019978,0.37209,-8.767378,53.935753,1.09207,-0.022494,0.944749,0.026132,0.325976,-16.254725,6.707585,0.133051,-0.07198,0.886055,-0.080658,0.4508,0.717668,90.367065,23.958498,-0.028779,0.878478,-0.11293,0.463352,2.753887,54.101036,31.676113,-0.077891,0.871042,-0.06079,0.481169,0.166963,7.572561,42.441292,-0.022494,0.944749,0.026132,0.325976,-7.11833,1.45498,-11.294002,-0.077891,0.871042,-0.06079,0.481169,12.735106,1.071149,36.005878
477,3.975,-0.005124,0.870869,0.015009,0.49126,-4.199755,90.424965,15.825239,-0.017938,0.875947,0.081941,0.475059,-4.384328,98.218277,15.98981,-0.029609,0.878766,0.065148,0.471857,-6.026076,113.030014,17.890402,0.064394,0.929428,-0.032519,0.361883,-8.134117,131.409592,19.49774,0.106952,0.96129,-0.092268,0.236578,-4.75168,145.79126,17.894091,0.008209,0.853779,0.11871,0.506855,-10.057884,125.513199,16.116528,0.36929,-0.571941,0.104337,-0.724998,-18.859247,127.946022,0.480047,0.069307,-0.026106,-0.547585,-0.833466,-11.136714,114.271339,-17.450174,0.166759,0.005745,-0.536187,-0.827443,-1.837914,135.462555,-20.233633,-0.189929,0.899194,0.131099,0.371738,-5.851639,125.441383,22.454348,0.311249,0.895329,0.137563,-0.287379,5.944956,129.861374,35.46151,-0.036483,0.276646,0.435524,-0.855836,21.225264,118.461502,21.154781,0.065445,0.123082,0.358497,-0.923065,10.700537,135.695221,11.211349,0.038841,0.872448,0.080293,0.480498,-9.118433,90.480316,7.687598,0.076614,0.924619,-0.019965,0.372575,-8.769817,53.937168,1.098986,-0.022471,0.944745,0.026181,0.325986,-16.25742,6.709149,0.134356,-0.071967,0.886052,-0.080639,0.450811,0.718923,90.369621,23.962879,-0.02873,0.878304,-0.112909,0.463691,2.754866,54.103233,31.6789,-0.07781,0.870973,-0.060682,0.48132,0.160553,7.574022,42.43914,-0.022471,0.944745,0.026181,0.325986,-7.120877,1.457671,-11.293097,-0.07781,0.870973,-0.060682,0.48132,12.730704,1.074309,36.005928
478,3.983333,-0.005219,0.870868,0.014953,0.491262,-4.197933,90.426598,15.831836,-0.017912,0.875975,0.081877,0.47502,-4.383363,98.21991,15.994933,-0.02977,0.878783,0.065175,0.471811,-6.023418,113.031975,17.894304,0.064233,0.929437,-0.032932,0.361851,-8.137089,131.411057,19.499815,0.106455,0.961361,-0.091921,0.236651,-4.754864,145.791306,17.883078,0.008149,0.853877,0.118706,0.506692,-10.059273,125.513695,16.119392,0.369317,-0.57199,0.104323,-0.724947,-18.866652,127.943924,0.4859,0.069251,-0.026297,-0.547654,-0.83342,-11.14666,114.268364,-17.444742,0.166673,0.005718,-0.536263,-0.827412,-1.852026,135.460083,-20.234331,-0.189943,0.89924,0.13101,0.371653,-5.852512,125.443886,22.45689,0.311188,0.89534,0.137298,-0.287536,5.946203,129.866241,35.461319,-0.036443,0.276584,0.435494,-0.855873,21.224005,118.466209,21.152046,0.065626,0.122883,0.35851,-0.923073,10.696766,135.698532,11.209972,0.038962,0.87232,0.080254,0.480727,-9.116559,90.479866,7.694151,0.076604,0.92461,-0.019945,0.372599,-8.775488,53.936958,1.103823,-0.023019,0.944753,0.026127,0.32593,-16.261467,6.708714,0.137563,-0.071955,0.886099,-0.080687,0.450711,0.720693,90.373322,23.969519,-0.028663,0.878363,-0.11283,0.463601,2.755053,54.107368,31.688028,-0.077669,0.870979,-0.060624,0.48134,0.159766,7.576081,42.439045,-0.023019,0.944753,0.026127,0.32593,-7.120584,1.46112,-11.288203,-0.077669,0.870979,-0.060624,0.48134,12.728946,1.075564,36.004749
479,3.991667,-0.005166,0.870871,0.014891,0.491259,-4.198596,90.427437,15.836122,-0.017822,0.876004,0.081774,0.474987,-4.382826,98.220787,15.998774,-0.029892,0.8788,0.065203,0.471769,-6.019091,113.034294,17.896898,0.064496,0.929442,-0.031973,0.361878,-8.137146,131.412964,19.50128,0.105954,0.961422,-0.09269,0.236328,-4.757611,145.797073,17.913504,0.007977,0.85401,0.118731,0.506464,-10.058138,125.514915,16.121414,0.369386,-0.572008,0.104228,-0.724912,-18.873993,127.939331,0.491796,0.069219,-0.026459,-0.547747,-0.833356,-11.154003,114.265045,-17.439821,0.16665,0.005591,-0.536366,-0.82735,-1.864826,135.457581,-20.235014,-0.19003,0.899257,0.13097,0.371582,-5.850884,125.446571,22.458601,0.311179,0.895339,0.136992,-0.287696,5.94854,129.872742,35.461086,-0.036383,0.27656,0.435407,-0.855927,21.222219,118.469933,21.149626,0.065724,0.122891,0.358482,-0.923076,10.690886,135.699448,11.2063,0.038832,0.872427,0.080339,0.48053,-9.11727,90.480995,7.698468,0.076694,0.924828,-0.019883,0.372042,-8.766182,53.938354,1.107173,-0.023128,0.944782,0.026033,0.325844,-16.258476,6.711197,0.136791,-0.071923,0.886068,-0.080675,0.450779,0.720078,90.373871,23.973774,-0.028674,0.878313,-0.112782,0.463707,2.752188,54.107441,31.69058,-0.077717,0.870985,-0.060661,0.481316,0.158628,7.575196,42.437866,-0.023128,0.944782,0.026033,0.325844,-7.118779,1.462065,-11.289217,-0.077717,0.870985,-0.060661,0.481316,12.727787,1.074501,36.003716
480,4.0,-0.005169,0.870858,0.014761,0.491286,-4.198763,90.427086,15.842453,-0.017801,0.876027,0.081796,0.474941,-4.382052,98.220497,16.003313,-0.030011,0.878829,0.065188,0.47171,-6.018055,113.034843,17.902512,0.064602,0.929422,-0.032606,0.361855,-8.139606,131.41333,19.504435,0.105294,0.961514,-0.092241,0.236421,-4.750735,145.793457,17.90053,0.007807,0.854083,0.118808,0.506326,-10.059808,125.514389,16.125658,0.36961,-0.572078,0.103967,-0.72478,-18.8808,127.93441,0.498258,0.069251,-0.026585,-0.547842,-0.833286,-11.162041,114.262474,-17.435678,0.166594,0.005445,-0.536438,-0.827315,-1.878111,135.456375,-20.236822,-0.189589,0.899409,0.130572,0.371578,-5.851809,125.447823,22.462372,0.311019,0.895313,0.137223,-0.28784,5.953792,129.866058,35.461952,-0.036175,0.276294,0.435255,-0.856099,21.228266,118.474617,21.142288,0.065847,0.122728,0.358499,-0.923082,10.684455,135.698486,11.202835,0.038904,0.87243,0.080327,0.48052,-9.116939,90.479385,7.704489,0.076661,0.924676,-0.01981,0.372432,-8.771031,53.937012,1.111451,-0.022543,0.944752,0.026121,0.325965,-16.257467,6.709102,0.132581,-0.071873,0.886059,-0.080673,0.450806,0.719413,90.374779,23.980417,-0.028691,0.878339,-0.112714,0.463674,2.748081,54.107784,31.695509,-0.077767,0.870987,-0.06067,0.481303,0.159441,7.574153,42.437954,-0.022543,0.944752,0.026121,0.325965,-7.120842,1.456672,-11.29437,-0.077767,0.870987,-0.06067,0.481303,12.72891,1.074003,36.003857
481,4.008333,-0.005171,0.870863,0.014741,0.491277,-4.198395,90.42701,15.847416,-0.017744,0.876068,0.081718,0.474881,-4.381562,98.220436,16.007996,-0.030136,0.878864,0.065184,0.471637,-6.014779,113.034752,17.906042,0.064054,0.929484,-0.03259,0.361794,-8.140231,131.412964,19.505825,0.105146,0.961523,-0.092243,0.236451,-4.766554,145.796021,17.896152,0.007742,0.854179,0.118783,0.506171,-10.059595,125.513145,16.128115,0.369656,-0.572168,0.103875,-0.724698,-18.886324,127.930031,0.50347,0.069158,-0.026769,-0.547909,-0.833244,-11.171597,114.258812,-17.432745,0.166506,0.005261,-0.536657,-0.827192,-1.890838,135.455399,-20.238993,-0.189675,0.899438,0.130496,0.371491,-5.850663,125.448372,22.464222,0.311055,0.895284,0.137134,-0.287933,5.95609,129.871033,35.461243,-0.036011,0.27625,0.435181,-0.856158,21.226921,118.477844,21.139103,0.065847,0.122645,0.35855,-0.923073,10.679085,135.697968,11.197263,0.038904,0.872453,0.080354,0.480475,-9.116736,90.479095,7.709555,0.076644,0.924698,-0.019775,0.372382,-8.770177,53.937042,1.114776,-0.022617,0.944791,0.026119,0.325846,-16.253889,6.708741,0.133843,-0.07184,0.886046,-0.080656,0.45084,0.719946,90.374931,23.985279,-0.028675,0.878376,-0.112691,0.46361,2.746732,54.10738,31.698257,-0.077842,0.870988,-0.06072,0.481283,0.158562,7.573164,42.438297,-0.022617,0.944791,0.026119,0.325846,-7.119332,1.456946,-11.295048,-0.077842,0.870988,-0.06072,0.481283,12.728307,1.072968,36.004795
482,4.016667,-0.005233,0.870858,0.014781,0.491284,-4.194043,90.429382,15.851912,-0.017809,0.876104,0.081687,0.474819,-4.378356,98.222778,16.01255,-0.030267,0.878904,0.065173,0.471554,-6.01275,113.037666,17.909012,0.063795,0.929553,-0.032374,0.361681,-8.142132,131.415634,19.506336,0.105088,0.961554,-0.092513,0.236248,-4.778058,145.801239,17.899189,0.007681,0.854197,0.118783,0.506141,-10.060708,125.514877,16.129843,0.369659,-0.572262,0.103896,-0.72462,-18.888557,127.929779,0.505519,0.069057,-0.026898,-0.547991,-0.833195,-11.17915,114.2565,-17.431416,0.166546,0.005085,-0.536844,-0.827064,-1.902609,135.455353,-20.240379,-0.189707,0.89947,0.130504,0.371394,-5.850713,125.452026,22.465267,0.311003,0.895299,0.136899,-0.288054,5.958202,129.876297,35.459782,-0.035955,0.27617,0.435091,-0.856232,21.227278,118.482635,21.136116,0.066006,0.122578,0.358435,-0.923115,10.674043,135.699753,11.195324,0.038929,0.872494,0.080329,0.480402,-9.112241,90.480812,7.713954,0.076685,0.924665,-0.019746,0.372457,-8.76879,53.938614,1.119821,-0.022235,0.944801,0.026235,0.325834,-16.255033,6.710815,0.134226,-0.071796,0.886043,-0.080702,0.450845,0.724155,90.37796,23.98987,-0.02867,0.878321,-0.112625,0.46373,2.746522,54.110493,31.704395,-0.07777,0.870995,-0.060712,0.481284,0.159454,7.57483,42.438438,-0.022235,0.944801,0.026235,0.325834,-7.124492,1.458459,-11.297623,-0.07777,0.870995,-0.060712,0.481284,12.728453,1.073688,36.004425
483,4.025,-0.005252,0.870857,0.014755,0.491287,-4.192237,90.431259,15.858257,-0.017783,0.876133,0.081631,0.474776,-4.376602,98.224663,16.018394,-0.030376,0.878929,0.065199,0.471498,-6.009657,113.041962,17.914124,0.063432,0.929589,-0.032122,0.361675,-8.142932,131.419556,19.510504,0.104773,0.961567,-0.092738,0.236246,-4.791295,145.80838,17.906275,0.00761,0.854316,0.118661,0.505971,-10.060568,125.518158,16.1346,0.369322,-0.572318,0.104073,-0.724722,-18.894712,127.927925,0.513044,0.06882,-0.027187,-0.547984,-0.83321,-11.190135,114.256226,-17.427166,0.166515,0.004971,-0.537038,-0.826945,-1.9135,135.455551,-20.241392,-0.189785,0.89952,0.130434,0.371259,-5.849873,125.456642,22.469568,0.310999,0.895301,0.136573,-0.28821,5.96161,129.885406,35.46022,-0.035764,0.276091,0.434993,-0.856315,21.226534,118.488464,21.134737,0.066186,0.122377,0.358526,-0.923094,10.667261,135.701309,11.191837,0.038893,0.87249,0.080427,0.480397,-9.110376,90.482132,7.720263,0.076771,0.924638,-0.019774,0.372506,-8.761127,53.940891,1.121134,-0.022686,0.944779,0.025923,0.325892,-16.255802,6.714454,0.134561,-0.071791,0.885955,-0.080694,0.451019,0.725901,90.380386,23.996252,-0.028659,0.878215,-0.11254,0.463953,2.746616,54.112774,31.710512,-0.077798,0.870942,-0.060681,0.48138,0.159659,7.575238,42.436432,-0.022686,0.944779,0.025923,0.325892,-7.120026,1.457959,-11.291199,-0.077798,0.870942,-0.060681,0.48138,12.730636,1.075551,36.00481
484,4.033333,-0.005604,0.870805,0.014942,0.491369,-4.175686,90.427422,15.86256,-0.018001,0.876134,0.081685,0.474755,-4.366283,98.22068,16.022532,-0.030473,0.878952,0.065211,0.471447,-6.006553,113.044037,17.917439,0.063329,0.92964,-0.031994,0.361575,-8.143118,131.421356,19.512621,0.104404,0.961654,-0.092826,0.23602,-4.795902,145.811417,17.910242,0.007476,0.85435,0.118607,0.505927,-10.059982,125.519333,16.137358,0.369278,-0.572476,0.103971,-0.724635,-18.895784,127.923798,0.515923,0.068692,-0.02728,-0.548035,-0.833184,-11.198763,114.254501,-17.429358,0.166499,0.004906,-0.537325,-0.826762,-1.924615,135.455826,-20.244175,-0.189824,0.899546,0.130336,0.371208,-5.848646,125.459099,22.471914,0.311006,0.895268,0.136553,-0.288314,5.963652,129.890854,35.4608,-0.035485,0.275935,0.434934,-0.856407,21.22551,118.494522,21.131584,0.066382,0.122079,0.358501,-0.923129,10.660324,135.702744,11.188218,0.039069,0.872602,0.080324,0.480195,-9.092217,90.474251,7.72357,0.076799,0.924643,-0.019752,0.372487,-8.759494,53.932796,1.12474,-0.02274,0.944762,0.026144,0.325921,-16.255894,6.706691,0.135411,-0.071624,0.885953,-0.08081,0.451029,0.740845,90.3806,24.001551,-0.028647,0.878175,-0.112482,0.464043,2.746703,54.112591,31.717857,-0.077703,0.870955,-0.060499,0.481393,0.160256,7.573715,42.438118,-0.02274,0.944762,0.026144,0.325921,-7.118152,1.456831,-11.291829,-0.077703,0.870955,-0.060499,0.481393,12.731258,1.076797,36.00375
485,4.041667,-0.005261,0.870822,0.014679,0.491351,-4.190935,90.433418,15.869668,-0.017704,0.876178,0.081503,0.474716,-4.374853,98.22686,16.028694,-0.030622,0.878972,0.065165,0.471406,-6.004055,113.046333,17.922523,0.063231,0.929636,-0.032587,0.361549,-8.144577,131.423553,19.513672,0.103973,0.961704,-0.092546,0.236113,-4.793999,145.810883,17.89402,0.007444,0.854351,0.118686,0.505908,-10.060369,125.520325,16.139887,0.369725,-0.572565,0.103709,-0.724374,-18.896896,127.925156,0.518923,0.068843,-0.027339,-0.548177,-0.833075,-11.202148,114.252434,-17.424723,0.166544,0.004695,-0.53743,-0.826686,-1.936085,135.454651,-20.2458,-0.189814,0.89961,0.130185,0.371113,-5.848579,125.462471,22.474163,0.311,0.895261,0.136299,-0.288459,5.96641,129.896835,35.459709,-0.035359,0.275859,0.434875,-0.856467,21.224428,118.498268,21.128189,0.066541,0.121856,0.358384,-0.923193,10.654907,135.703857,11.18434,0.038862,0.872563,0.080411,0.480269,-9.107879,90.483459,7.730949,0.076789,0.924765,-0.019655,0.372193,-8.758089,53.941845,1.133868,-0.02257,0.944825,0.026012,0.325761,-16.250505,6.715223,0.138625,-0.071744,0.885899,-0.080707,0.451134,0.726008,90.383377,24.008387,-0.02868,0.878103,-0.112394,0.464198,2.742261,54.115425,31.722197,-0.077831,0.870931,-0.060648,0.481398,0.16056,7.574856,42.436226,-0.02257,0.944825,0.026012,0.325761,-7.118832,1.459967,-11.290978,-0.077831,0.870931,-0.060648,0.481398,12.732357,1.076526,36.004845
486,4.05,-0.005599,0.870768,0.014776,0.49144,-4.174133,90.427361,15.875528,-0.01799,0.876174,0.081597,0.474696,-4.363402,98.220703,16.03326,-0.030709,0.878998,0.065131,0.471357,-6.002341,113.047577,17.926523,0.062863,0.929676,-0.032784,0.361491,-8.145035,131.424759,19.515154,0.103705,0.961735,-0.092497,0.236125,-4.802558,145.812897,17.885937,0.007389,0.854398,0.118674,0.505832,-10.060408,125.52079,16.142429,0.369401,-0.572649,0.103916,-0.724443,-18.899757,127.92337,0.522716,0.068614,-0.02759,-0.548193,-0.833076,-11.211678,114.250481,-17.423666,0.166557,0.004653,-0.537694,-0.826512,-1.94642,135.454208,-20.248892,-0.189821,0.899658,0.130084,0.371026,-5.847995,125.464401,22.476305,0.311011,0.895238,0.136196,-0.28857,5.969228,129.901093,35.459023,-0.035156,0.275759,0.434818,-0.856536,21.223881,118.501724,21.124559,0.066726,0.121636,0.35821,-0.923276,10.650541,135.702332,11.180457,0.039051,0.872652,0.080393,0.480095,-9.089335,90.472733,7.735731,0.076825,0.924761,-0.019684,0.372192,-8.75379,53.931999,1.133082,-0.022255,0.944828,0.026325,0.325747,-16.250345,6.706008,0.139167,-0.071538,0.885871,-0.080785,0.451208,0.74107,90.381989,24.015327,-0.028678,0.878117,-0.112345,0.464185,2.740594,54.112782,31.727579,-0.07796,0.870939,-0.06071,0.481355,0.161127,7.571146,42.437508,-0.022255,0.944828,0.026325,0.325747,-7.121388,1.456292,-11.295152,-0.07796,0.870939,-0.06071,0.481355,12.733388,1.073289,36.006554
487,4.058333,-0.005568,0.870729,0.014668,0.491513,-4.175551,90.427254,15.881608,-0.017999,0.876198,0.081544,0.474662,-4.363593,98.22065,16.038103,-0.030773,0.879037,0.065089,0.471287,-6.002031,113.048759,17.930042,0.062536,0.929732,-0.032728,0.361409,-8.145947,131.425995,19.516376,0.103568,0.961762,-0.092558,0.236052,-4.813161,145.816116,17.884762,0.007294,0.854438,0.11852,0.505801,-10.061354,125.5214,16.144775,0.369451,-0.572682,0.10379,-0.724409,-18.901878,127.918098,0.524825,0.068587,-0.027665,-0.548309,-0.832999,-11.214355,114.247803,-17.423769,0.166683,0.004504,-0.537868,-0.826374,-1.955102,135.454132,-20.251545,-0.189802,0.899713,0.130029,0.370923,-5.847993,125.46624,22.478033,0.311013,0.895235,0.135897,-0.288716,5.972272,129.9039,35.457649,-0.035078,0.275715,0.434767,-0.85658,21.222858,118.501328,21.121389,0.066937,0.121542,0.357968,-0.923367,10.646393,135.699875,11.176849,0.039012,0.872614,0.080393,0.480167,-9.089403,90.47216,7.740991,0.076848,0.92499,-0.019524,0.371628,-8.750764,53.931194,1.139771,-0.023142,0.944849,0.025819,0.325667,-16.244308,6.704947,0.135422,-0.07159,0.885707,-0.080737,0.451529,0.738301,90.382347,24.022226,-0.028641,0.878169,-0.11228,0.464104,2.740011,54.113102,31.733757,-0.078045,0.870968,-0.060825,0.481273,0.161333,7.569873,42.436958,-0.023142,0.944849,0.025819,0.325667,-7.109364,1.449966,-11.291698,-0.078045,0.870968,-0.060825,0.481273,12.732691,1.070408,36.005859
488,4.066667,-0.005533,0.870731,0.014485,0.491515,-4.174913,90.429138,15.88929,-0.018067,0.876218,0.081454,0.474638,-4.361065,98.222618,16.04357,-0.030832,0.879059,0.065038,0.471249,-5.999959,113.050964,17.932217,0.062183,0.92979,-0.032546,0.361338,-8.144841,131.428314,19.515968,0.103384,0.9618,-0.092667,0.235934,-4.82373,145.821213,17.885143,0.007336,0.854505,0.118573,0.505675,-10.060157,125.523087,16.145397,0.369611,-0.572699,0.103759,-0.724319,-18.905264,127.921532,0.528304,0.068635,-0.027857,-0.54838,-0.832942,-11.218346,114.2481,-17.418163,0.16669,0.004323,-0.537975,-0.826304,-1.963054,135.455353,-20.254831,-0.189811,0.899736,0.130005,0.370872,-5.846307,125.469139,22.47834,0.311025,0.895224,0.13567,-0.288845,5.975205,129.907806,35.456486,-0.034977,0.275692,0.434726,-0.856612,21.221876,118.502594,21.11817,0.067062,0.121353,0.357752,-0.923466,10.643565,135.698395,11.172356,0.038921,0.872597,0.080557,0.480177,-9.088732,90.472916,7.748646,0.076936,0.925075,-0.019532,0.371398,-8.738265,53.933395,1.140047,-0.022972,0.944873,0.025742,0.325615,-16.240103,6.708473,0.135172,-0.071477,0.885759,-0.080815,0.451432,0.738905,90.385361,24.029934,-0.028695,0.878226,-0.112132,0.464028,2.731435,54.11586,31.742664,-0.077968,0.870972,-0.060833,0.481278,0.164871,7.569733,42.43618,-0.022972,0.944873,0.025742,0.325615,-7.108469,1.449686,-11.292844,-0.077968,0.870972,-0.060833,0.481278,12.735409,1.068901,36.00486
489,4.075,-0.005573,0.870697,0.014417,0.491576,-4.173189,90.429375,15.895764,-0.018098,0.87622,0.081466,0.474631,-4.359383,98.222885,16.048798,-0.030879,0.879072,0.065001,0.471226,-5.999875,113.056778,17.938051,0.062164,0.929841,-0.032058,0.361254,-8.145626,131.434204,19.519796,0.10301,0.961891,-0.093018,0.235591,-4.830335,145.829865,17.901602,0.00721,0.854474,0.118549,0.505736,-10.060789,125.528503,16.149986,0.369458,-0.572805,0.103857,-0.724299,-18.903736,127.922867,0.531045,0.068468,-0.028066,-0.548394,-0.83294,-11.223557,114.248444,-17.417557,0.16667,0.004184,-0.538098,-0.826229,-1.969126,135.45665,-20.258217,-0.18978,0.899821,0.129847,0.370736,-5.846656,125.475479,22.482746,0.311142,0.895185,0.135642,-0.288853,5.978928,129.916489,35.456379,-0.034687,0.275629,0.434675,-0.85667,21.221888,118.506516,21.117895,0.067219,0.121257,0.357565,-0.92354,10.640663,135.696655,11.168696,0.038895,0.872666,0.080637,0.48004,-9.085855,90.471878,7.754418,0.076948,0.925111,-0.019496,0.371308,-8.731837,53.933155,1.141571,-0.022752,0.944895,0.025914,0.325553,-16.233555,6.708276,0.133824,-0.071504,0.88584,-0.080907,0.451252,0.739476,90.386879,24.037111,-0.028652,0.878317,-0.112001,0.46389,2.732205,54.118759,31.756279,-0.077378,0.871065,-0.060612,0.481232,0.169574,7.569584,42.437473,-0.022752,0.944895,0.025914,0.325553,-7.10521,1.45205,-11.297997,-0.077378,0.871065,-0.060612,0.481232,12.733823,1.064417,35.998257
490,4.083333,-0.005551,0.87068,0.014325,0.49161,-4.172782,90.430984,15.902575,-0.018107,0.876231,0.081279,0.474641,-4.357978,98.224541,16.054516,-0.030959,0.879071,0.06506,0.471214,-5.995651,113.055679,17.938271,0.061876,0.929869,-0.032528,0.361187,-8.144985,131.432648,19.520565,0.102856,0.961922,-0.09277,0.235626,-4.832853,145.827209,17.886223,0.007229,0.85451,0.118638,0.505654,-10.059038,125.526657,16.150616,0.369419,-0.572882,0.103807,-0.724265,-18.904993,127.92289,0.533664,0.068383,-0.028179,-0.548399,-0.83294,-11.228523,114.250076,-17.417747,0.16661,0.00408,-0.538266,-0.826132,-1.974478,135.458649,-20.260712,-0.189859,0.899835,0.129799,0.37068,-5.844804,125.474289,22.483316,0.311144,0.895183,0.135587,-0.288884,5.98122,129.918884,35.455315,-0.034481,0.275513,0.434653,-0.856727,21.223284,118.508324,21.116352,0.067533,0.121102,0.3575,-0.923562,10.637997,135.696503,11.166572,0.03891,0.872586,0.080635,0.480185,-9.084826,90.472992,7.760849,0.076982,0.924932,-0.01954,0.371743,-8.730789,53.934334,1.14766,-0.022652,0.944906,0.025891,0.325529,-16.236603,6.71013,0.13907,-0.071449,0.885854,-0.081012,0.451214,0.739261,90.388985,24.044302,-0.028686,0.878301,-0.111864,0.463952,2.725183,54.121555,31.76844,-0.077439,0.871067,-0.06055,0.481227,0.170769,7.569638,42.439632,-0.022652,0.944906,0.025891,0.325529,-7.109992,1.452269,-11.293386,-0.077439,0.871067,-0.06055,0.481227,12.735928,1.066859,35.999771
491,4.091667,-0.005629,0.87068,0.014348,0.491609,-4.169278,90.431686,15.907613,-0.018022,0.876232,0.081286,0.474642,-4.355701,98.22522,16.059267,-0.031147,0.879058,0.06499,0.471236,-5.991595,113.059578,17.944826,0.061794,0.929877,-0.032514,0.361183,-8.145908,131.436432,19.521488,0.102556,0.961971,-0.092852,0.235525,-4.83615,145.831482,17.886616,0.007135,0.854549,0.11854,0.505613,-10.058132,125.528954,16.153143,0.369301,-0.572683,0.104,-0.724455,-18.90563,127.920326,0.536326,0.068228,-0.028518,-0.54867,-0.832762,-11.22022,114.246643,-17.410587,0.166605,0.00403,-0.53828,-0.826124,-1.980616,135.460983,-20.263477,-0.189821,0.899873,0.129712,0.370636,-5.844391,125.479576,22.486193,0.311187,0.89518,0.135356,-0.288954,5.983328,129.924576,35.456501,-0.034331,0.275621,0.434583,-0.856734,21.222183,118.509483,21.117735,0.067677,0.121126,0.357224,-0.923655,10.636995,135.693192,11.160781,0.038927,0.872539,0.080641,0.480267,-9.081326,90.472626,7.765888,0.077012,0.925026,-0.01948,0.371505,-8.727511,53.934139,1.151757,-0.023112,0.944913,0.025683,0.325494,-16.234083,6.710148,0.138627,-0.071368,0.885832,-0.081137,0.451248,0.74277,90.390755,24.049337,-0.028671,0.878311,-0.11174,0.463963,2.718809,54.123962,31.779018,-0.07761,0.871052,-0.060672,0.481211,0.168544,7.569328,42.439346,-0.023112,0.944913,0.025683,0.325494,-7.104021,1.451069,-11.290505,-0.07761,0.871052,-0.060672,0.481211,12.734766,1.066355,36.00177
492,4.1,-0.005659,0.870653,0.014293,0.491658,-4.166966,90.43074,15.913287,-0.018069,0.876245,0.08124,0.474624,-4.353394,98.224281,16.063959,-0.031248,0.879079,0.064951,0.471196,-5.990059,113.060951,17.947952,0.06127,0.92992,-0.032875,0.361129,-8.146895,131.437759,19.52166,0.102532,0.961962,-0.09268,0.23564,-4.847783,145.833481,17.87113,0.007126,0.854521,0.118596,0.505646,-10.058517,125.529434,16.154455,0.369275,-0.572729,0.10396,-0.724438,-18.904814,127.921677,0.537087,0.068153,-0.028586,-0.548706,-0.832742,-11.221519,114.249359,-17.411774,0.166585,0.003954,-0.538328,-0.826098,-1.983912,135.464478,-20.265501,-0.18987,0.899925,0.129776,0.370462,-5.844306,125.481735,22.487206,0.311244,0.895176,0.135251,-0.288954,5.987405,129.928635,35.453224,-0.034125,0.275587,0.434517,-0.856786,21.224564,118.509712,21.115717,0.067852,0.121101,0.357134,-0.923681,10.636164,135.689072,11.155437,0.03889,0.872524,0.080701,0.480288,-9.078085,90.47068,7.770996,0.07705,0.925138,-0.019367,0.371225,-8.719599,53.932701,1.154298,-0.023564,0.94496,0.02564,0.325327,-16.225798,6.708848,0.132193,-0.071301,0.88585,-0.081246,0.451204,0.744152,90.390793,24.055578,-0.028697,0.878263,-0.111595,0.464088,2.712496,54.124607,31.790043,-0.077418,0.871077,-0.060628,0.481202,0.169409,7.567003,42.439117,-0.023564,0.94496,0.02564,0.325327,-7.095033,1.45296,-11.297848,-0.077418,0.871077,-0.060628,0.481202,12.733546,1.061981,35.999535
493,4.108333,-0.00564,0.870642,0.014143,0.491682,-4.166699,90.430687,15.921074,-0.018031,0.876261,0.081148,0.474613,-4.35172,98.224304,16.069845,-0.03122,0.879099,0.064863,0.471172,-5.986032,113.061127,17.951942,0.061399,0.929939,-0.031823,0.361153,-8.140368,131.438431,19.52334,0.101887,0.962046,-0.093322,0.235325,-4.848525,145.839233,17.902828,0.006974,0.854574,0.118452,0.505593,-10.052964,125.529907,16.157032,0.369107,-0.572821,0.103799,-0.724474,-18.901283,127.914619,0.539652,0.06796,-0.028627,-0.548752,-0.832726,-11.221409,114.250656,-17.417053,0.166586,0.00387,-0.538321,-0.826102,-1.985925,135.468002,-20.267654,-0.189962,0.899904,0.129637,0.370514,-5.838384,125.482498,22.48954,0.311362,0.895127,0.135105,-0.289047,5.99066,129.933868,35.456463,-0.033827,0.275626,0.434546,-0.856771,21.221783,118.509232,21.117077,0.06813,0.121017,0.35716,-0.923661,10.635533,135.685684,11.149811,0.038878,0.872201,0.081082,0.480812,-9.07738,90.469536,7.778512,0.077093,0.924773,-0.019724,0.372106,-8.700398,53.936069,1.137993,-0.022648,0.944993,0.025637,0.325296,-16.222042,6.71418,0.138715,-0.071249,0.88591,-0.081304,0.451084,0.743983,90.391838,24.063637,-0.028689,0.878342,-0.11149,0.463964,2.707983,54.125797,31.799927,-0.077387,0.871107,-0.060676,0.481148,0.170361,7.565922,42.440357,-0.022648,0.944993,0.025637,0.325296,-7.101848,1.449189,-11.29558,-0.077387,0.871107,-0.060676,0.481148,12.733063,1.059128,35.999756
494,4.116667,-0.00565,0.870554,0.013951,0.491843,-4.162791,90.428703,15.926679,-0.018182,0.876248,0.081272,0.47461,-4.346497,98.222397,16.072741,-0.031256,0.87913,0.06478,0.471124,-5.987384,113.066223,17.956896,0.061334,0.93,-0.031674,0.361018,-8.141374,131.443832,19.525084,0.101694,0.962126,-0.093457,0.235027,-4.853251,145.845764,17.907261,0.006993,0.854524,0.118497,0.505667,-10.054379,125.534698,16.160078,0.369011,-0.572884,0.103898,-0.724459,-18.899977,127.921104,0.54142,0.067822,-0.028816,-0.548749,-0.832733,-11.224513,114.255295,-17.415756,0.166519,0.003709,-0.538068,-0.826281,-1.98957,135.471817,-20.270086,-0.189881,0.899967,0.129598,0.370419,-5.839139,125.488434,22.492157,0.311414,0.895119,0.134908,-0.289108,5.993588,129.938583,35.456139,-0.033546,0.275629,0.43452,-0.856794,21.221457,118.509506,21.116852,0.068466,0.120883,0.357113,-0.923672,10.634262,135.681946,11.143658,0.038905,0.872175,0.081093,0.480854,-9.070462,90.46566,7.782293,0.077137,0.924742,-0.019715,0.372175,-8.694532,53.932487,1.140103,-0.022111,0.944994,0.025917,0.32531,-16.21969,6.711224,0.13791,-0.071228,0.885981,-0.081405,0.450929,0.744879,90.391747,24.071064,-0.02864,0.878486,-0.111369,0.463722,2.705433,54.126709,31.812897,-0.077433,0.871116,-0.06068,0.481123,0.17209,7.563967,42.441803,-0.022111,0.944994,0.025917,0.32531,-7.104045,1.448674,-11.30113,-0.077433,0.871116,-0.06068,0.481123,12.734881,1.057716,36.000832
495,4.125,-0.005693,0.870546,0.01381,0.49186,-4.161465,90.429619,15.934515,-0.018281,0.876244,0.081191,0.474626,-4.344682,98.223373,16.078325,-0.031375,0.879119,0.064781,0.471136,-5.987351,113.070038,17.959249,0.060907,0.930002,-0.03277,0.360988,-8.14528,131.447372,19.525347,0.101756,0.9621,-0.092946,0.235308,-4.857551,145.84549,17.873062,0.007018,0.854471,0.11847,0.505762,-10.056882,125.537468,16.160889,0.368984,-0.572886,0.10387,-0.724475,-18.898987,127.924538,0.540355,0.067754,-0.028812,-0.548791,-0.832711,-11.223365,114.26033,-17.417973,0.166478,0.003705,-0.538106,-0.826264,-1.990639,135.477905,-20.270521,-0.1899,0.90005,0.129648,0.370188,-5.841934,125.492767,22.493172,0.311278,0.895226,0.134235,-0.289237,5.996713,129.944489,35.451202,-0.033549,0.275679,0.434392,-0.856843,21.225056,118.5112,21.11577,0.06877,0.120745,0.357236,-0.92362,10.633138,135.681198,11.139049,0.038945,0.872133,0.081142,0.480919,-9.068802,90.464546,7.78992,0.077155,0.924734,-0.019718,0.372189,-8.693231,53.932178,1.143251,-0.023865,0.945002,0.025031,0.32523,-16.220028,6.711185,0.140578,-0.071165,0.885994,-0.081452,0.450906,0.745872,90.394699,24.079109,-0.028628,0.878649,-0.11129,0.463434,2.700905,54.129566,31.821913,-0.07739,0.871173,-0.0607,0.481024,0.173541,7.565099,42.444672,-0.023865,0.945002,0.025031,0.32523,-7.090234,1.441424,-11.283852,-0.07739,0.871173,-0.0607,0.481024,12.73418,1.057413,36.000965
496,4.133333,-0.005738,0.870532,0.013823,0.491885,-4.158326,90.430222,15.939093,-0.018332,0.876245,0.081097,0.474638,-4.342254,98.223953,16.082726,-0.031401,0.879121,0.064711,0.471139,-5.985462,113.0756,17.961018,0.061181,0.929978,-0.032214,0.361054,-8.143028,131.453217,19.524395,0.101214,0.962157,-0.093341,0.235154,-4.853372,145.852982,17.890463,0.006947,0.854461,0.118393,0.505798,-10.054718,125.542854,16.160786,0.368802,-0.572954,0.103919,-0.724507,-18.895519,127.926506,0.538991,0.067488,-0.029012,-0.548638,-0.832827,-11.224092,114.264229,-17.422588,0.165848,0.003666,-0.538181,-0.826343,-1.983894,135.478867,-20.275793,-0.189886,0.900078,0.129575,0.370154,-5.839834,125.499001,22.493118,0.31134,0.895228,0.134113,-0.289219,5.99993,129.951599,35.449829,-0.033321,0.275711,0.434391,-0.856841,21.226929,118.513802,21.116566,0.069065,0.120617,0.357063,-0.923682,10.63647,135.679916,11.134814,0.038963,0.872117,0.081073,0.480959,-9.065185,90.464523,7.794207,0.076837,0.925103,-0.019616,0.371344,-8.692928,53.931438,1.151336,-0.022334,0.945307,0.025965,0.324378,-16.189089,6.705379,0.157871,-0.071133,0.886034,-0.081444,0.450834,0.748533,90.395912,24.083979,-0.028605,0.878638,-0.111284,0.463457,2.702415,54.130344,31.825054,-0.077469,0.87117,-0.060723,0.481014,0.173097,7.565609,42.446186,-0.022334,0.945307,0.025965,0.324378,-7.093266,1.446003,-11.298395,-0.077469,0.87117,-0.060723,0.481014,12.734346,1.058589,36.002987
497,4.141667,-0.0058,0.87051,0.013831,0.491923,-4.153606,90.431549,15.945026,-0.0185,0.876243,0.080978,0.474657,-4.338449,98.225273,16.088295,-0.031386,0.879125,0.064718,0.471133,-5.984642,113.079193,17.961256,0.060842,0.930004,-0.03224,0.361041,-8.141822,131.456802,19.525112,0.101126,0.962151,-0.093382,0.2352,-4.861137,145.858124,17.886784,0.006981,0.854462,0.118408,0.505792,-10.05368,125.546562,16.16139,0.368679,-0.572986,0.103916,-0.724545,-18.894695,127.931503,0.539915,0.06745,-0.028973,-0.548543,-0.832894,-11.224987,114.271927,-17.424458,0.165764,0.003747,-0.538444,-0.826188,-1.97931,135.485916,-20.275146,-0.18986,0.900105,0.129517,0.37012,-5.838698,125.50248,22.493654,0.311307,0.895279,0.133839,-0.289225,6.002319,129.955368,35.44912,-0.033237,0.275893,0.434342,-0.856811,21.230129,118.514511,21.119169,0.069408,0.120716,0.356655,-0.923801,10.642445,135.677032,11.129258,0.038963,0.872076,0.08109,0.48103,-9.059742,90.46492,7.799701,0.077237,0.924795,-0.019581,0.372029,-8.68629,53.932034,1.155776,-0.023263,0.944996,0.025336,0.325268,-16.215569,6.71173,0.139365,-0.071093,0.886062,-0.081491,0.450777,0.752531,90.398178,24.090351,-0.028575,0.878588,-0.111204,0.463574,2.702713,54.132748,31.832998,-0.077428,0.871154,-0.060717,0.48105,0.173051,7.566157,42.4459,-0.023263,0.944996,0.025336,0.325268,-7.090384,1.444481,-11.289902,-0.077428,0.871154,-0.060717,0.48105,12.734447,1.058756,36.00338
498,4.15,-0.005852,0.870471,0.013736,0.491994,-4.151356,90.432274,15.952568,-0.018646,0.876249,0.080869,0.474659,-4.336179,98.226028,16.094122,-0.031367,0.879146,0.0647,0.471098,-5.984906,113.082336,17.962379,0.060891,0.929974,-0.032378,0.361099,-8.141104,131.460083,19.526093,0.100727,0.962156,-0.093438,0.235329,-4.857485,145.860397,17.884804,0.006937,0.854379,0.118467,0.505919,-10.053518,125.549866,16.162636,0.368386,-0.573012,0.104032,-0.724656,-18.8899,127.935028,0.538567,0.067238,-0.028989,-0.54853,-0.832919,-11.222781,114.27845,-17.429195,0.165702,0.003822,-0.538422,-0.826215,-1.976814,135.49205,-20.274961,-0.189813,0.900163,0.129351,0.370062,-5.838007,125.505699,22.494547,0.311322,0.895297,0.133657,-0.289238,6.005238,129.959946,35.447514,-0.033119,0.275928,0.434323,-0.856814,21.232262,118.515755,21.119377,0.069625,0.120639,0.356554,-0.923833,10.644836,135.676102,11.125788,0.038976,0.87209,0.081125,0.480997,-9.056154,90.463921,7.806427,0.077293,0.924803,-0.019556,0.371998,-8.682606,53.931534,1.159771,-0.023587,0.945015,0.025161,0.325204,-16.216019,6.711978,0.139333,-0.071034,0.886056,-0.081491,0.450797,0.753442,90.400627,24.098709,-0.028589,0.878601,-0.111137,0.463564,2.699573,54.134583,31.839451,-0.077534,0.871169,-0.060822,0.480992,0.174219,7.56664,42.447449,-0.023587,0.945015,0.025161,0.325204,-7.089449,1.443044,-11.288055,-0.077534,0.871169,-0.060822,0.480992,12.73538,1.058295,36.005409
499,4.158333,-0.005852,0.870455,0.013669,0.492024,-4.14932,90.43145,15.958863,-0.018458,0.876235,0.080806,0.474701,-4.333638,98.225235,16.099506,-0.031566,0.87911,0.064593,0.471165,-5.976904,113.084877,17.969088,0.060811,0.929939,-0.032335,0.361206,-8.137814,131.462677,19.525675,0.10043,0.962157,-0.093588,0.235391,-4.856446,145.863586,17.885248,0.006965,0.854473,0.118031,0.505862,-10.048185,125.550774,16.164028,0.36825,-0.573051,0.103769,-0.724732,-18.886646,127.928604,0.540027,0.067086,-0.02892,-0.548539,-0.832927,-11.219033,114.283737,-17.436419,0.165594,0.003867,-0.538242,-0.826353,-1.973536,135.497955,-20.275618,-0.189807,0.900176,0.129233,0.370074,-5.833833,125.509933,22.496733,0.31136,0.895292,0.133544,-0.289262,6.009157,129.965622,35.449432,-0.032844,0.275909,0.434285,-0.85685,21.234379,118.518471,21.12175,0.069868,0.120516,0.356698,-0.923775,10.645084,135.674316,11.123144,0.038999,0.872054,0.081118,0.481062,-9.053555,90.462479,7.812385,0.077295,0.924583,-0.019615,0.372541,-8.681246,53.930134,1.165397,-0.022649,0.945063,0.025553,0.3251,-16.216295,6.710815,0.145714,-0.071017,0.886159,-0.081579,0.450581,0.754914,90.400429,24.105341,-0.028507,0.87878,-0.111065,0.463246,2.698865,54.135269,31.850805,-0.077683,0.871232,-0.060869,0.480848,0.173671,7.565343,42.450127,-0.022649,0.945063,0.025553,0.3251,-7.10106,1.443425,-11.291424,-0.077683,0.871232,-0.060869,0.480848,12.733978,1.057795,36.005634
500,4.166667,-0.005859,0.870431,0.013534,0.492069,-4.147916,90.432419,15.966976,-0.018401,0.876294,0.080662,0.474619,-4.331308,98.226257,16.105728,-0.031641,0.879177,0.064571,0.471038,-5.970873,113.086823,17.972534,0.060675,0.929966,-0.032347,0.361158,-8.133642,131.464539,19.527397,0.100172,0.96217,-0.093689,0.235408,-4.855989,145.866089,17.884945,0.006915,0.854452,0.117985,0.505908,-10.044205,125.551971,16.167025,0.368071,-0.573113,0.103656,-0.72479,-18.881002,127.927612,0.541745,0.066968,-0.028865,-0.548488,-0.832972,-11.215651,114.290169,-17.441292,0.165508,0.003997,-0.538137,-0.826438,-1.967592,135.503464,-20.275185,-0.189846,0.900181,0.129043,0.37011,-5.828099,125.512459,22.498571,0.311496,0.895256,0.133425,-0.289283,6.013402,129.971802,35.451378,-0.032592,0.275951,0.434368,-0.856804,21.234003,118.517899,21.124187,0.070109,0.120307,0.356737,-0.923769,10.649265,135.672562,11.119934,0.03896,0.872077,0.081154,0.481017,-9.051304,90.462074,7.819981,0.07735,0.924646,-0.019505,0.372378,-8.675478,53.929947,1.172013,-0.022089,0.945088,0.025804,0.325046,-16.211637,6.711039,0.142004,-0.070977,0.886204,-0.081567,0.450501,0.755471,90.402756,24.113972,-0.02848,0.878819,-0.110988,0.463194,2.697879,54.137032,31.857182,-0.077626,0.871205,-0.060927,0.480899,0.174486,7.565313,42.44907,-0.022089,0.945088,0.025804,0.325046,-7.102923,1.445055,-11.300977,-0.077626,0.871205,-0.060927,0.480899,12.734692,1.055665,36.006493
501,4.175,-0.005904,0.870408,0.013469,0.492111,-4.144443,90.43335,15.974423,-0.018462,0.876298,0.080608,0.474619,-4.327943,98.227211,16.111946,-0.031687,0.879188,0.06451,0.471023,-5.968581,113.090149,17.976725,0.060649,0.929965,-0.032478,0.361153,-8.131754,131.468048,19.52882,0.099928,0.962196,-0.093692,0.235406,-4.853488,145.869003,17.882515,0.006875,0.854445,0.117963,0.505926,-10.042262,125.554916,16.169407,0.367928,-0.573124,0.103551,-0.724869,-18.878443,127.92897,0.543533,0.066955,-0.028746,-0.548389,-0.833043,-11.212704,114.298462,-17.444605,0.165489,0.004132,-0.538239,-0.826375,-1.958395,135.512009,-20.273565,-0.18978,0.90025,0.128903,0.370025,-5.82599,125.516487,22.500849,0.311506,0.895282,0.133311,-0.289245,6.018682,129.97644,35.450542,-0.032461,0.275965,0.434295,-0.856841,21.240038,118.519867,21.126286,0.070237,0.120286,0.356668,-0.923789,10.65285,135.670746,11.118397,0.039004,0.872046,0.081186,0.481064,-9.047029,90.461693,7.826941,0.077412,0.924581,-0.019466,0.372531,-8.672524,53.930199,1.175401,-0.0232,0.945043,0.025116,0.325153,-16.212564,6.712055,0.138471,-0.070942,0.886216,-0.081602,0.450477,0.758144,90.405014,24.121906,-0.028446,0.878845,-0.110918,0.463163,2.69728,54.139339,31.866146,-0.077637,0.871219,-0.06097,0.480866,0.174506,7.565948,42.450817,-0.0232,0.945043,0.025116,0.325153,-7.091493,1.438063,-11.290972,-0.077637,0.871219,-0.06097,0.480866,12.734103,1.055396,36.007969
502,4.183333,-0.005934,0.870392,0.013391,0.492142,-4.142161,90.434731,15.98218,-0.018413,0.876314,0.080449,0.474619,-4.325471,98.228615,16.118399,-0.031788,0.879193,0.064493,0.471009,-5.962562,113.092491,17.979753,0.060476,0.929969,-0.032451,0.361176,-8.128715,131.470245,19.529572,0.099814,0.962184,-0.093802,0.235456,-4.855308,145.872192,17.882248,0.006835,0.854436,0.117978,0.505938,-10.038309,125.556389,16.170933,0.367684,-0.573177,0.103492,-0.724959,-18.874058,127.929543,0.544685,0.066809,-0.028718,-0.548318,-0.833102,-11.210621,114.306381,-17.449986,0.16539,0.004272,-0.538053,-0.826515,-1.952592,135.519028,-20.273985,-0.190023,0.900226,0.128825,0.369986,-5.82193,125.519417,22.502312,0.311622,0.895298,0.133062,-0.289185,6.020447,129.988358,35.451008,-0.032283,0.276036,0.434323,-0.856812,21.240019,118.522797,21.13205,0.070465,0.120211,0.356764,-0.923744,10.656283,135.671112,11.118921,0.039009,0.872026,0.081196,0.481099,-9.044162,90.461845,7.834342,0.077503,0.924616,-0.019445,0.372425,-8.669385,53.930496,1.182021,-0.023814,0.945034,0.024856,0.325156,-16.216839,6.713632,0.140786,-0.070939,0.886205,-0.081756,0.450471,0.759839,90.407616,24.130016,-0.028363,0.878946,-0.110749,0.463016,2.693578,54.143787,31.884245,-0.077609,0.871245,-0.060974,0.480823,0.173161,7.56636,42.451717,-0.023814,0.945034,0.024856,0.325156,-7.089922,1.438516,-11.283471,-0.077609,0.871245,-0.060974,0.480823,12.731741,1.055131,36.007572
503,4.191667,-0.005979,0.870403,0.013267,0.492125,-4.138063,90.436852,15.990998,-0.018397,0.876319,0.080311,0.474633,-4.321039,98.230782,16.125195,-0.031882,0.879177,0.064522,0.471029,-5.955777,113.095566,17.983181,0.060465,0.92997,-0.032477,0.361173,-8.125552,131.472946,19.532236,0.099584,0.96222,-0.093851,0.235388,-4.852194,145.874817,17.884094,0.006715,0.854366,0.118102,0.506029,-10.033806,125.558617,16.173683,0.367464,-0.573318,0.103376,-0.724976,-18.86627,127.930702,0.545414,0.066629,-0.028664,-0.548224,-0.83318,-11.209404,114.314995,-17.457705,0.165267,0.004356,-0.53786,-0.826665,-1.946522,135.526138,-20.27479,-0.190538,0.900178,0.129074,0.36975,-5.817808,125.522682,22.505322,0.311851,0.895297,0.13282,-0.289051,6.023799,130.005844,35.449802,-0.032046,0.27605,0.43439,-0.856782,21.240257,118.526329,21.138712,0.070751,0.120171,0.356822,-0.923705,10.659867,135.673126,11.121237,0.039048,0.871976,0.081208,0.481185,-9.040377,90.462044,7.843341,0.077568,0.924666,-0.019404,0.372289,-8.667034,53.93108,1.188836,-0.023822,0.94503,0.024903,0.325163,-16.218849,6.715017,0.142843,-0.070858,0.886136,-0.081781,0.450616,0.764251,90.411659,24.138655,-0.028368,0.87893,-0.110673,0.463065,2.690595,54.147278,31.89216,-0.077682,0.871238,-0.061005,0.48082,0.173381,7.568276,42.453419,-0.023822,0.94503,0.024903,0.325163,-7.09152,1.441284,-11.281725,-0.077682,0.871238,-0.061005,0.48082,12.732579,1.057465,36.010052
504,4.2,-0.006133,0.870371,0.013259,0.49218,-4.132421,90.4375,15.99777,-0.018335,0.876301,0.080178,0.474691,-4.317422,98.231407,16.130661,-0.031965,0.879143,0.064508,0.471089,-5.948899,113.098129,17.986063,0.060446,0.929965,-0.03241,0.361194,-8.121223,131.475388,19.533049,0.099382,0.962251,-0.093955,0.235305,-4.849016,145.877701,17.886608,0.006686,0.854375,0.118117,0.506011,-10.028233,125.560486,16.174776,0.367119,-0.573425,0.103408,-0.725062,-18.861359,127.931885,0.546776,0.06641,-0.028689,-0.548111,-0.833272,-11.210618,114.322212,-17.463505,0.165103,0.004533,-0.537702,-0.8268,-1.941689,135.532227,-20.275841,-0.190574,0.900172,0.129004,0.36977,-5.813169,125.525688,22.507044,0.31185,0.895325,0.132767,-0.288991,6.02741,130.010834,35.451782,-0.031927,0.27613,0.434311,-0.8568,21.245558,118.529846,21.143667,0.070834,0.12021,0.356673,-0.923751,10.664186,135.672348,11.120549,0.039115,0.871901,0.08119,0.481318,-9.033669,90.460098,7.849464,0.077651,0.924617,-0.019384,0.372395,-8.664289,53.929306,1.19381,-0.02379,0.944997,0.024937,0.325257,-16.222635,6.714413,0.142189,-0.070795,0.886169,-0.081816,0.450553,0.768825,90.414902,24.146076,-0.028353,0.878917,-0.11062,0.463103,2.690384,54.150284,31.899643,-0.077549,0.871264,-0.060952,0.480802,0.173847,7.570094,42.455822,-0.02379,0.944997,0.024937,0.325257,-7.093304,1.441336,-11.28108,-0.077549,0.871264,-0.060952,0.480802,12.731518,1.058348,36.010422
505,4.208333,-0.006131,0.870347,0.013187,0.492224,-4.127655,90.437958,16.00473,-0.018312,0.8763,0.079992,0.474725,-4.312089,98.231888,16.136654,-0.032034,0.879127,0.064542,0.471109,-5.94054,113.100937,17.987625,0.060471,0.929938,-0.032389,0.36126,-8.115729,131.477875,19.534473,0.099088,0.962258,-0.094077,0.235354,-4.842832,145.880157,17.889191,0.006596,0.85435,0.118152,0.506046,-10.021652,125.562668,16.176096,0.36697,-0.573514,0.103255,-0.725088,-18.853558,127.93206,0.547107,0.066265,-0.028615,-0.548056,-0.833322,-11.20622,114.330055,-17.470398,0.165002,0.004546,-0.537646,-0.826856,-1.934144,135.539963,-20.276079,-0.190624,0.900176,0.128954,0.369753,-5.806947,125.528511,22.508604,0.311891,0.895334,0.132604,-0.288993,6.033382,130.016052,35.452732,-0.031827,0.276119,0.434323,-0.856802,21.250259,118.530952,21.146574,0.071084,0.120171,0.356565,-0.923779,10.669103,135.672607,11.121988,0.039191,0.871837,0.081176,0.48143,-9.028069,90.459923,7.855924,0.077685,0.924536,-0.01938,0.37259,-8.663246,53.929401,1.198528,-0.022653,0.945023,0.025463,0.325224,-16.224199,6.715,0.143736,-0.070752,0.886208,-0.081892,0.450471,0.772759,90.415985,24.153536,-0.02828,0.878967,-0.110532,0.463033,2.689705,54.151844,31.910494,-0.077549,0.871261,-0.060928,0.48081,0.171801,7.569376,42.456306,-0.022653,0.945023,0.025463,0.325224,-7.106232,1.445223,-11.290119,-0.077549,0.871261,-0.060928,0.48081,12.729713,1.058229,36.01078
506,4.216667,-0.006147,0.870285,0.013095,0.492336,-4.12288,90.439346,16.011745,-0.018335,0.876284,0.079894,0.47477,-4.306842,98.233315,16.142277,-0.03209,0.879116,0.064537,0.471126,-5.934699,113.103935,17.990421,0.060345,0.929953,-0.03245,0.361238,-8.111682,131.480759,19.53606,0.098999,0.962277,-0.094091,0.235305,-4.841643,145.883347,17.887676,0.006575,0.854331,0.11815,0.506079,-10.01689,125.565186,16.177944,0.366814,-0.573588,0.10316,-0.725122,-18.847584,127.934029,0.548184,0.066145,-0.028603,-0.547997,-0.833371,-11.203357,114.338112,-17.475241,0.164884,0.004625,-0.537567,-0.82693,-1.928387,135.546768,-20.277214,-0.190631,0.900187,0.128863,0.369753,-5.802485,125.531807,22.51066,0.31179,0.895375,0.132361,-0.289087,6.037753,130.020889,35.454342,-0.031879,0.275992,0.434321,-0.856842,21.255039,118.536743,21.147848,0.071688,0.120567,0.356443,-0.923728,10.669808,135.680954,11.127867,0.039184,0.871812,0.081171,0.481476,-9.021198,90.46022,7.861675,0.077804,0.92461,-0.019299,0.372386,-8.655752,53.929592,1.204915,-0.023714,0.944988,0.024886,0.325293,-16.224453,6.716654,0.140348,-0.070709,0.886202,-0.081865,0.450493,0.775439,90.418465,24.161816,-0.02826,0.879013,-0.110511,0.462953,2.690323,54.153538,31.915596,-0.077595,0.87131,-0.061007,0.480704,0.172669,7.570523,42.459064,-0.023714,0.944988,0.024886,0.325293,-7.095239,1.441441,-11.282024,-0.077595,0.87131,-0.061007,0.480704,12.729014,1.057924,36.011948
507,4.225,-0.006171,0.87027,0.013023,0.492364,-4.118834,90.440605,16.01944,-0.018301,0.876282,0.079756,0.474799,-4.302571,98.234596,16.1488,-0.03217,0.879101,0.064507,0.471153,-5.927785,113.107422,17.993929,0.05968,0.929983,-0.032693,0.361249,-8.10687,131.484192,19.537127,0.099189,0.962217,-0.09401,0.235504,-4.852319,145.888733,17.87508,0.00649,0.854258,0.118191,0.506194,-10.011191,125.567993,16.179605,0.366675,-0.573679,0.103069,-0.725134,-18.837734,127.935448,0.547287,0.065979,-0.028551,-0.548006,-0.833379,-11.19754,114.344856,-17.481865,0.164806,0.004683,-0.537508,-0.826983,-1.922966,135.554352,-20.277605,-0.190193,0.900296,0.128547,0.369823,-5.797248,125.535858,22.512634,0.311701,0.895351,0.13258,-0.289157,6.047157,130.01532,35.455841,-0.031766,0.275783,0.434307,-0.85692,21.265162,118.538757,21.144012,0.071885,0.120482,0.356477,-0.92371,10.673757,135.682938,11.128463,0.039229,0.87176,0.081153,0.481569,-9.016625,90.460419,7.869049,0.077826,0.924603,-0.019232,0.372402,-8.65401,53.92984,1.211849,-0.022552,0.945034,0.025515,0.325193,-16.222281,6.716988,0.140451,-0.070614,0.886154,-0.081888,0.450598,0.778958,90.420792,24.16983,-0.028251,0.879017,-0.11042,0.462968,2.68589,54.155159,31.922245,-0.07757,0.871279,-0.060986,0.480768,0.17132,7.57018,42.457737,-0.022552,0.945034,0.025515,0.325193,-7.105962,1.447651,-11.294932,-0.07757,0.871279,-0.060986,0.480768,12.728505,1.057859,36.011971
508,4.233333,-0.006232,0.870252,0.012945,0.492397,-4.114198,90.442535,16.02762,-0.018282,0.876282,0.079587,0.474829,-4.29817,98.236542,16.155453,-0.032197,0.87909,0.064512,0.471172,-5.920589,113.110527,17.996407,0.060279,0.929955,-0.032337,0.361254,-8.100692,131.487213,19.539244,0.098697,0.962314,-0.094293,0.2352,-4.833557,145.890732,17.893284,0.006455,0.854149,0.118588,0.506285,-10.00455,125.570869,16.181717,0.366605,-0.573783,0.10309,-0.725084,-18.827755,127.944878,0.548515,0.065884,-0.028609,-0.547978,-0.833403,-11.19346,114.353897,-17.482843,0.164658,0.004781,-0.53759,-0.826959,-1.917738,135.562546,-20.278303,-0.190243,0.9003,0.12845,0.369822,-5.790905,125.53904,22.514942,0.31161,0.895406,0.132352,-0.289187,6.052822,130.021439,35.457741,-0.031754,0.275824,0.434204,-0.856959,21.272669,118.544998,21.147799,0.07199,0.120485,0.356475,-0.923703,10.677944,135.686371,11.129531,0.039308,0.871699,0.081151,0.481674,-9.011349,90.460625,7.876844,0.077911,0.924564,-0.019207,0.372482,-8.653111,53.930481,1.217035,-0.022233,0.945013,0.025656,0.325266,-16.227829,6.718793,0.139755,-0.070573,0.886136,-0.081888,0.450641,0.782953,90.424438,24.178398,-0.028203,0.879038,-0.110383,0.462939,2.686814,54.15836,31.929497,-0.07755,0.871306,-0.060976,0.480722,0.170202,7.572335,42.459896,-0.022233,0.945013,0.025656,0.325266,-7.112751,1.450245,-11.296972,-0.07755,0.871306,-0.060976,0.480722,12.726496,1.059803,36.012619
509,4.241667,-0.006424,0.870232,0.013021,0.492428,-4.102394,90.445641,16.034399,-0.018355,0.876279,0.079444,0.474855,-4.289554,98.239578,16.161774,-0.032258,0.879076,0.064553,0.471187,-5.912066,113.11557,17.998066,0.06027,0.92995,-0.032363,0.361267,-8.094885,131.491913,19.541122,0.098575,0.962325,-0.094341,0.235188,-4.827699,145.89534,17.894436,0.006321,0.854046,0.118737,0.506426,-9.99774,125.575363,16.183409,0.366771,-0.57392,0.102784,-0.724935,-18.815845,127.948547,0.5472,0.065927,-0.028443,-0.547994,-0.833395,-11.186036,114.361954,-17.489355,0.164619,0.004901,-0.537657,-0.826923,-1.911369,135.569931,-20.279261,-0.190999,0.900149,0.128726,0.369704,-5.784374,125.544022,22.516823,0.311852,0.895444,0.13209,-0.288928,6.052074,130.04689,35.459179,-0.031399,0.276021,0.434185,-0.856919,21.271875,118.554344,21.162125,0.072158,0.120399,0.356548,-0.923672,10.682192,135.688583,11.130628,0.03946,0.871673,0.081087,0.481721,-8.998928,90.461266,7.883245,0.078007,0.924486,-0.019134,0.372659,-8.652475,53.931244,1.222149,-0.023435,0.944929,0.025059,0.325473,-16.232828,6.720719,0.133546,-0.07045,0.886131,-0.082004,0.450649,0.794141,90.430008,24.185553,-0.028182,0.879038,-0.110286,0.462964,2.685962,54.164063,31.940216,-0.07756,0.87133,-0.060934,0.480683,0.171594,7.575879,42.461586,-0.023435,0.944929,0.025059,0.325473,-7.101732,1.447592,-11.288288,-0.07756,0.87133,-0.060934,0.480683,12.727568,1.064353,36.012657
510,4.25,-0.006463,0.870222,0.012956,0.492447,-4.097507,90.449158,16.042805,-0.01833,0.876266,0.079342,0.474897,-4.284711,98.243118,16.168985,-0.03229,0.879052,0.06452,0.471234,-5.905186,113.119446,18.00288,0.06024,0.929963,-0.032234,0.361251,-8.088559,131.495865,19.544184,0.098475,0.962357,-0.094479,0.235045,-4.823557,145.900146,17.900589,0.00632,0.854042,0.118705,0.50644,-9.99092,125.579002,16.186745,0.366973,-0.573996,0.10243,-0.724822,-18.808519,127.951584,0.550155,0.065981,-0.028397,-0.548008,-0.833383,-11.179445,114.370903,-17.491173,0.164438,0.004981,-0.537697,-0.826932,-1.906354,135.576935,-20.28042,-0.191167,0.90008,0.129003,0.369689,-5.778254,125.548264,22.52063,0.311785,0.895475,0.131976,-0.288958,6.056293,130.05249,35.464268,-0.031346,0.276077,0.434141,-0.856925,21.277281,118.560944,21.167637,0.072349,0.120422,0.356469,-0.923685,10.687322,135.693008,11.13284,0.039562,0.871995,0.080621,0.481206,-8.993675,90.463516,7.891426,0.077942,0.924921,-0.018683,0.371615,-8.674523,53.928501,1.256388,-0.022553,0.944951,0.025701,0.325422,-16.234493,6.715381,0.138738,-0.070398,0.886098,-0.082028,0.450716,0.798662,90.434792,24.194183,-0.028136,0.878977,-0.110215,0.463099,2.685678,54.168583,31.94882,-0.077255,0.871324,-0.060779,0.480762,0.168999,7.57865,42.461887,-0.022553,0.944951,0.025701,0.325422,-7.112103,1.451272,-11.294213,-0.077255,0.871324,-0.060779,0.480762,12.723553,1.066147,36.011185
511,4.258333,-0.006557,0.870199,0.012978,0.492486,-4.08985,90.449417,16.049921,-0.01833,0.876285,0.079163,0.474891,-4.278507,98.243347,16.175686,-0.032212,0.879072,0.064586,0.471193,-5.896434,113.120819,18.004932,0.060127,0.92999,-0.032228,0.361199,-8.078338,131.497116,19.549852,0.098355,0.962372,-0.09456,0.234999,-4.81662,145.901993,17.904957,0.006266,0.854044,0.118674,0.506444,-9.981471,125.580994,16.191525,0.3668,-0.574083,0.102272,-0.724863,-18.798918,127.951393,0.554524,0.065864,-0.028379,-0.547995,-0.833401,-11.173066,114.379158,-17.494518,0.164415,0.005073,-0.537941,-0.826778,-1.89921,135.585495,-20.280119,-0.191267,0.900063,0.12888,0.36972,-5.768143,125.548805,22.52496,0.311696,0.895506,0.131797,-0.289039,6.064177,130.057663,35.469009,-0.03131,0.276028,0.434111,-0.856957,21.285563,118.56749,21.171719,0.072551,0.120304,0.356596,-0.923635,10.692567,135.699493,11.137087,0.039642,0.871963,0.080594,0.481263,-8.985267,90.462456,7.898091,0.078017,0.924294,-0.018803,0.37315,-8.671782,53.927589,1.261994,-0.022285,0.944921,0.025891,0.32551,-16.24065,6.716013,0.139711,-0.070336,0.886072,-0.082084,0.450769,0.805566,90.436378,24.201752,-0.027995,0.878856,-0.110055,0.463375,2.686162,54.170204,31.958086,-0.0775,0.871169,-0.060824,0.480997,0.161462,7.576156,42.450974,-0.022285,0.944921,0.025891,0.32551,-7.118412,1.45454,-11.294571,-0.0775,0.871169,-0.060824,0.480997,12.722318,1.067232,36.00893
512,4.266667,-0.00662,0.870165,0.012884,0.492548,-4.084739,90.452339,16.059008,-0.018013,0.87627,0.078938,0.474969,-4.273528,98.246292,16.182989,-0.032391,0.879019,0.064517,0.471289,-5.879896,113.123932,18.010593,0.059943,0.929994,-0.032081,0.361233,-8.06662,131.500122,19.549887,0.09832,0.962385,-0.094651,0.234923,-4.811296,145.906693,17.907181,0.006174,0.854101,0.118754,0.506331,-9.967496,125.582611,16.192726,0.366716,-0.574136,0.102113,-0.724886,-18.789137,127.951172,0.557812,0.065739,-0.028424,-0.548023,-0.833392,-11.164647,114.385696,-17.496889,0.164348,0.005004,-0.538029,-0.826735,-1.892155,135.593277,-20.281147,-0.191344,0.900001,0.128686,0.3699,-5.755723,125.553192,22.527208,0.311714,0.895511,0.131621,-0.289085,6.070717,130.065918,35.475281,-0.031172,0.276125,0.434077,-0.856948,21.290298,118.572762,21.178478,0.072699,0.1203,0.356582,-0.92363,10.698502,135.701508,11.137619,0.039646,0.87194,0.080629,0.481298,-8.978979,90.46347,7.906469,0.078112,0.924778,-0.018646,0.371937,-8.664248,53.929043,1.267979,-0.022085,0.944947,0.025881,0.325451,-16.237432,6.718328,0.138337,-0.070275,0.88605,-0.082024,0.45083,0.809501,90.4412,24.211544,-0.02806,0.878934,-0.110115,0.463208,2.687624,54.173672,31.962139,-0.077477,0.871313,-0.060901,0.480731,0.167772,7.581219,42.463284,-0.022085,0.944947,0.025881,0.325451,-7.118796,1.454601,-11.297774,-0.077477,0.871313,-0.060901,0.480731,12.723738,1.069304,36.01474
513,4.275,-0.005326,0.870276,0.012256,0.492383,-4.136648,90.476692,16.067301,-0.01701,0.876347,0.078285,0.474972,-4.303042,98.271141,16.192734,-0.032444,0.878999,0.064517,0.471324,-5.870896,113.127243,18.014462,0.059863,0.929995,-0.032127,0.361239,-8.059415,131.503311,19.552725,0.098266,0.962393,-0.09469,0.2349,-4.805776,145.910019,17.907946,0.006117,0.854057,0.118749,0.506407,-9.95946,125.585487,16.195665,0.366589,-0.574131,0.102064,-0.724962,-18.778358,127.952507,0.558969,0.065596,-0.02847,-0.548075,-0.833367,-11.153072,114.39196,-17.499094,0.164286,0.004955,-0.538185,-0.826645,-1.883659,135.600327,-20.28154,-0.191347,0.900015,0.128677,0.369866,-5.748243,125.556732,22.530523,0.31175,0.895505,0.131607,-0.289072,6.079048,130.069916,35.477661,-0.031046,0.276103,0.434078,-0.85696,21.297932,118.57505,21.181469,0.072881,0.120323,0.356539,-0.923629,10.705099,135.703201,11.138411,0.038973,0.871637,0.080815,0.481871,-9.034267,90.503296,7.916825,0.078155,0.92489,-0.018355,0.371664,-8.664995,53.967167,1.29052,-0.021895,0.944978,0.024879,0.32545,-16.231945,6.756062,0.13591,-0.07082,0.886021,-0.081735,0.450855,0.760971,90.450081,24.217775,-0.028055,0.878956,-0.110037,0.463185,2.684293,54.184746,31.967545,-0.077415,0.871331,-0.061063,0.480688,0.167786,7.590628,42.462082,-0.021895,0.944978,0.024879,0.32545,-7.118518,1.462849,-11.290747,-0.077415,0.871331,-0.061063,0.480688,12.721597,1.073831,36.014267
514,4.283333,-0.005493,0.870198,0.012314,0.492518,-4.118584,90.47654,16.073975,-0.017234,0.876307,0.078306,0.475034,-4.287712,98.270927,16.198895,-0.032494,0.878982,0.064457,0.47136,-5.862442,113.131653,18.018448,0.059789,0.929998,-0.032061,0.361249,-8.051601,131.507889,19.553801,0.098283,0.962392,-0.09477,0.234861,-4.800598,145.915314,17.910076,0.006043,0.854014,0.118814,0.506466,-9.951188,125.589516,16.197451,0.366553,-0.574159,0.101986,-0.724968,-18.767952,127.95565,0.559419,0.065505,-0.028498,-0.548078,-0.833371,-11.143487,114.398239,-17.501339,0.164199,0.004858,-0.53821,-0.826647,-1.874572,135.606308,-20.282503,-0.191349,0.900024,0.12863,0.369859,-5.74053,125.561813,22.532682,0.31171,0.895558,0.131446,-0.289023,6.086919,130.075806,35.479389,-0.030963,0.27616,0.434052,-0.856957,21.308359,118.579338,21.18722,0.073157,0.120198,0.356306,-0.923714,10.716331,135.704926,11.140676,0.039178,0.871492,0.080851,0.482109,-9.013641,90.500969,7.921956,0.078267,0.924757,-0.018467,0.371965,-8.654487,53.966461,1.286182,-0.021965,0.94496,0.024864,0.325501,-16.234888,6.757432,0.134953,-0.070633,0.886015,-0.081826,0.45088,0.776473,90.452103,24.225994,-0.028019,0.878952,-0.109973,0.463211,2.684262,54.185902,31.975588,-0.077313,0.871351,-0.060994,0.480676,0.167304,7.59024,42.463188,-0.021965,0.94496,0.024864,0.325501,-7.11954,1.46451,-11.2903,-0.077313,0.871351,-0.060994,0.480676,12.720102,1.073387,36.013466
515,4.291667,-0.00536,0.870214,0.012168,0.492494,-4.124891,90.478546,16.081533,-0.016926,0.876338,0.078019,0.475035,-4.291084,98.273018,16.205496,-0.032545,0.878978,0.064459,0.471363,-5.85364,113.135841,18.022015,0.05986,0.929994,-0.032133,0.361242,-8.044484,131.511932,19.556532,0.098178,0.962412,-0.094786,0.23482,-4.79083,145.918625,17.911581,0.005987,0.853975,0.118815,0.506531,-9.943485,125.593246,16.200409,0.366477,-0.574358,0.101723,-0.724886,-18.757893,127.957954,0.560829,0.065532,-0.028197,-0.548061,-0.83339,-11.141762,114.408623,-17.509523,0.164625,0.004929,-0.538373,-0.826456,-1.871182,135.617386,-20.279627,-0.191393,0.900017,0.128566,0.369876,-5.73292,125.566193,22.535709,0.311632,0.895632,0.131485,-0.288862,6.093474,130.082321,35.482643,-0.030729,0.276168,0.433938,-0.857021,21.321648,118.587639,21.196211,0.073483,0.120207,0.356259,-0.923705,10.725136,135.707428,11.143638,0.039181,0.871398,0.080859,0.482279,-9.020432,90.503807,7.929805,0.078222,0.924369,-0.018498,0.372935,-8.659868,53.969406,1.293464,-0.021396,0.94496,0.025096,0.32552,-16.23621,6.75981,0.138653,-0.070757,0.885944,-0.081779,0.451008,0.77065,90.453285,24.233261,-0.027948,0.878854,-0.109937,0.463409,2.687021,54.187809,31.984116,-0.077407,0.871355,-0.060993,0.480655,0.163308,7.591018,42.465065,-0.021396,0.94496,0.025096,0.32552,-7.125784,1.467705,-11.290909,-0.077407,0.871355,-0.060993,0.480655,12.716836,1.075607,36.015301
516,4.3,-0.005525,0.870211,0.012187,0.492497,-4.113723,90.481926,16.089563,-0.016944,0.876337,0.077936,0.47505,-4.282302,98.276367,16.212515,-0.032597,0.878966,0.064474,0.47138,-5.843991,113.137856,18.026358,0.059973,0.929985,-0.032182,0.361242,-8.036852,131.513763,19.560402,0.098039,0.962437,-0.094829,0.234755,-4.77965,145.919647,17.915321,0.005985,0.853952,0.118805,0.506572,-9.935069,125.594795,16.204311,0.36645,-0.574391,0.101632,-0.724886,-18.747967,127.959419,0.56387,0.065515,-0.028221,-0.548032,-0.83341,-11.132763,114.413406,-17.509348,0.164607,0.004884,-0.538407,-0.826437,-1.860625,135.62175,-20.279957,-0.191449,0.900025,0.128532,0.369839,-5.724798,125.568321,22.539806,0.311596,0.895665,0.131418,-0.288829,6.101798,130.086975,35.485668,-0.030612,0.276174,0.433881,-0.857052,21.331961,118.592216,21.201429,0.073688,0.120264,0.356325,-0.923656,10.733238,135.709259,11.145706,0.03928,0.871559,0.080666,0.482011,-9.009166,90.504631,7.93777,0.078246,0.924501,-0.018292,0.372614,-8.664055,53.968502,1.310191,-0.021924,0.944981,0.024915,0.325438,-16.235579,6.758538,0.13891,-0.070659,0.885954,-0.081875,0.450986,0.781721,90.459213,24.241356,-0.027908,0.878881,-0.109863,0.463379,2.688636,54.19389,31.995237,-0.07729,0.871392,-0.060972,0.480609,0.165171,7.595336,42.468395,-0.021924,0.944981,0.024915,0.325438,-7.122017,1.466591,-11.288225,-0.07729,0.871392,-0.060972,0.480609,12.716754,1.078443,36.016346
517,4.308333,-0.00576,0.870187,0.01233,0.492534,-4.091354,90.479271,16.090929,-0.017075,0.8763,0.078059,0.475094,-4.264218,98.273621,16.214008,-0.032676,0.878929,0.064526,0.471436,-5.831757,113.139679,18.029762,0.05991,0.929996,-0.032098,0.36123,-8.028178,131.515152,19.563961,0.098031,0.962455,-0.094946,0.234638,-4.773582,145.921783,17.920416,0.005906,0.853864,0.118898,0.5067,-9.924847,125.595917,16.207453,0.366326,-0.574534,0.101558,-0.724846,-18.733084,127.960335,0.564349,0.065326,-0.028243,-0.547992,-0.83345,-11.124994,114.417984,-17.514614,0.16448,0.004794,-0.538342,-0.826505,-1.850959,135.625885,-20.281162,-0.191564,0.900036,0.128497,0.369765,-5.715461,125.570045,22.543541,0.311646,0.895694,0.13139,-0.288696,6.111535,130.093307,35.487431,-0.030424,0.276196,0.433868,-0.857058,21.343885,118.594742,21.208567,0.073987,0.120229,0.356068,-0.923735,10.745439,135.708664,11.148486,0.039411,0.871426,0.080681,0.482239,-8.986058,90.499451,7.938683,0.078419,0.924391,-0.018448,0.372843,-8.647141,53.964256,1.305592,-0.021974,0.94496,0.024969,0.325491,-16.239101,6.757432,0.140035,-0.07047,0.885914,-0.082128,0.45105,0.803349,90.459099,24.243176,-0.027848,0.878908,-0.109763,0.463355,2.688744,54.194862,32.00742,-0.07712,0.871406,-0.060801,0.480633,0.165001,7.593891,42.469749,-0.021974,0.94496,0.024969,0.325491,-7.123553,1.467469,-11.286437,-0.07712,0.871406,-0.060801,0.480633,12.715872,1.078365,36.014931
518,4.316667,-0.006823,0.870081,0.012708,0.492699,-4.044321,90.467369,16.103701,-0.017726,0.876244,0.078161,0.475156,-4.234546,98.261353,16.223703,-0.032663,0.878919,0.064494,0.471461,-5.822502,113.141563,18.034536,0.05988,0.930005,-0.032174,0.361207,-8.017984,131.517212,19.567865,0.097951,0.962477,-0.094984,0.234568,-4.763502,145.923584,17.921846,0.00583,0.853831,0.118921,0.50675,-9.914802,125.597954,16.211498,0.36621,-0.5746,0.101528,-0.724856,-18.721209,127.96067,0.567113,0.065232,-0.02829,-0.547933,-0.833495,-11.11645,114.42131,-17.515488,0.16444,0.004709,-0.538255,-0.826571,-1.839449,135.628174,-20.281363,-0.191589,0.900022,0.128411,0.369817,-5.705758,125.572113,22.547812,0.31159,0.895753,0.131203,-0.28866,6.119499,130.097015,35.492718,-0.030246,0.276434,0.433678,-0.857084,21.354511,118.597176,21.217716,0.073732,0.119883,0.356138,-0.923773,10.755112,135.701538,11.144909,0.039961,0.871629,0.080651,0.481832,-8.935688,90.473541,7.94943,0.078557,0.924191,-0.0186,0.3733,-8.636482,53.941238,1.29856,-0.022499,0.944885,0.025336,0.325645,-16.245359,6.737023,0.137737,-0.069925,0.885961,-0.082328,0.451006,0.847045,90.461197,24.257969,-0.027759,0.878934,-0.109706,0.463324,2.690404,54.193733,32.017223,-0.078107,0.871308,-0.061093,0.480613,0.162087,7.591086,42.471004,-0.022499,0.944885,0.025336,0.325645,-7.119333,1.46241,-11.287466,-0.078107,0.871308,-0.061093,0.480613,12.722313,1.084287,36.025585
519,4.325,-0.006689,0.870096,0.012628,0.492675,-4.038263,90.467522,16.10697,-0.017614,0.876232,0.078156,0.475183,-4.226053,98.261574,16.226921,-0.032688,0.878894,0.06446,0.471511,-5.811167,113.143288,18.039366,0.060069,0.929987,-0.032158,0.361222,-8.006965,131.519028,19.571035,0.097782,0.962511,-0.095082,0.234458,-4.747464,145.924561,17.927534,0.005903,0.853844,0.118744,0.50677,-9.903342,125.599503,16.214895,0.365948,-0.574687,0.101563,-0.724915,-18.708988,127.961288,0.569938,0.065115,-0.028313,-0.5478,-0.833591,-11.109303,114.426109,-17.517927,0.164442,0.004685,-0.538302,-0.82654,-1.825261,135.631042,-20.281504,-0.191677,0.900017,0.128393,0.369789,-5.695045,125.574181,22.551708,0.311587,0.895794,0.130972,-0.28864,6.129752,130.102295,35.495914,-0.030203,0.276507,0.433622,-0.85709,21.365372,118.598625,21.224651,0.073883,0.119964,0.356085,-0.923772,10.765401,135.700882,11.147836,0.039954,0.871511,0.080643,0.482047,-8.930116,90.475151,7.952991,0.078639,0.924234,-0.018617,0.373177,-8.629066,53.942703,1.302999,-0.022522,0.94491,0.025198,0.325582,-16.245947,6.739789,0.141745,-0.069879,0.886104,-0.082472,0.450705,0.85359,90.459892,24.260946,-0.027708,0.879004,-0.109662,0.463205,2.691661,54.19371,32.027428,-0.077992,0.871366,-0.060999,0.48054,0.162472,7.589874,42.475681,-0.022522,0.94491,0.025198,0.325582,-7.121605,1.461564,-11.283137,-0.077992,0.871366,-0.060999,0.48054,12.720673,1.083183,36.026211
520,4.333333,-0.006681,0.870055,0.012554,0.49275,-4.030692,90.46962,16.112932,-0.017332,0.876258,0.078043,0.475165,-4.217797,98.263695,16.231926,-0.032843,0.878908,0.064457,0.471474,-5.793758,113.145805,18.045427,0.059965,0.930007,-0.032266,0.361178,-7.994489,131.521194,19.574366,0.097737,0.962525,-0.095093,0.234416,-4.736853,145.926666,17.926601,0.005863,0.853872,0.118687,0.506736,-9.889443,125.600624,16.219255,0.365821,-0.574709,0.101532,-0.724966,-18.696383,127.959999,0.574669,0.065006,-0.028443,-0.54777,-0.833615,-11.097613,114.428726,-17.516493,0.164342,0.004601,-0.538236,-0.826603,-1.812008,135.633667,-20.282398,-0.191739,0.900008,0.128345,0.369796,-5.680774,125.577438,22.555828,0.311646,0.895797,0.130838,-0.288628,6.142952,130.108124,35.500103,-0.030079,0.27652,0.433566,-0.857119,21.377171,118.600021,21.230938,0.073973,0.120021,0.356052,-0.92377,10.775165,135.699417,11.150618,0.039961,0.871517,0.080623,0.482039,-8.921138,90.476715,7.958113,0.078725,0.924241,-0.018588,0.373143,-8.621368,53.944069,1.30914,-0.022124,0.944905,0.025341,0.325613,-16.244789,6.742346,0.142489,-0.069823,0.886122,-0.082499,0.450674,0.859754,90.462517,24.267752,-0.027661,0.878888,-0.109556,0.463452,2.693583,54.196083,32.034065,-0.078027,0.871319,-0.061032,0.480613,0.162247,7.58976,42.47068,-0.022124,0.944905,0.025341,0.325613,-7.123546,1.464181,-11.284887,-0.078027,0.871319,-0.061032,0.480613,12.721869,1.08311,36.023941
521,4.341667,-0.006096,0.870096,0.012151,0.492696,-4.052921,90.480255,16.121746,-0.016656,0.876286,0.077598,0.47521,-4.228994,98.274605,16.239788,-0.032877,0.87887,0.064447,0.471543,-5.779761,113.148941,18.049965,0.059825,0.930033,-0.032164,0.361144,-7.981566,131.524292,19.577806,0.097787,0.962546,-0.095207,0.234261,-4.728877,145.931,17.931137,0.005832,0.853847,0.11872,0.506772,-9.875715,125.6035,16.222631,0.365725,-0.574825,0.101502,-0.724927,-18.681341,127.962669,0.577271,0.064865,-0.028502,-0.54771,-0.833663,-11.088629,114.433243,-17.517828,0.164199,0.004546,-0.537986,-0.826794,-1.800425,135.636353,-20.282249,-0.191725,0.900012,0.128329,0.369799,-5.668061,125.580765,22.559883,0.311712,0.89579,0.130832,-0.288581,6.155807,130.111221,35.504116,-0.02988,0.276371,0.433578,-0.857168,21.389355,118.599998,21.23674,0.07424,0.119955,0.356175,-0.923709,10.783429,135.699158,11.157021,0.039708,0.871477,0.080539,0.482146,-8.94452,90.49324,7.967622,0.078695,0.924538,-0.018172,0.372432,-8.630575,53.958107,1.333016,-0.0221,0.944918,0.025016,0.3256,-16.237455,6.754458,0.136567,-0.070069,0.886059,-0.082329,0.45079,0.838679,90.46727,24.275869,-0.02766,0.878857,-0.109494,0.463526,2.693288,54.201305,32.039471,-0.077904,0.871338,-0.061065,0.480596,0.16375,7.593691,42.470783,-0.0221,0.944918,0.025016,0.3256,-7.117806,1.467083,-11.287827,-0.077904,0.871338,-0.061065,0.480596,12.721565,1.084285,36.0233
522,4.35,-0.006107,0.870072,0.012121,0.492737,-4.044201,90.481789,16.127645,-0.01666,0.876276,0.077522,0.47524,-4.220204,98.276146,16.24518,-0.032833,0.878863,0.064428,0.471562,-5.770083,113.15126,18.053308,0.059852,0.930045,-0.032118,0.361113,-7.970131,131.52681,19.58127,0.097724,0.96257,-0.095326,0.234142,-4.71729,145.933655,17.935989,0.005814,0.853793,0.118692,0.506868,-9.86474,125.606247,16.225962,0.365415,-0.574951,0.10163,-0.724966,-18.66683,127.964767,0.578509,0.064657,-0.028594,-0.547551,-0.833781,-11.082237,114.437035,-17.521259,0.164039,0.004535,-0.537872,-0.826901,-1.786384,135.636414,-20.283531,-0.19129,0.900213,0.127804,0.369717,-5.657323,125.583015,22.563366,0.311742,0.895771,0.131076,-0.288497,6.174785,130.108093,35.501957,-0.029775,0.276086,0.433536,-0.857284,21.409737,118.598701,21.2346,0.074269,0.119952,0.356257,-0.923676,10.794151,135.698395,11.161443,0.039655,0.87142,0.08058,0.482247,-8.935019,90.494316,7.973053,0.078849,0.924936,-0.018135,0.371413,-8.615442,53.959358,1.337755,-0.02101,0.944958,0.025504,0.325518,-16.235945,6.757924,0.140933,-0.070011,0.886038,-0.082368,0.450834,0.846617,90.469261,24.28224,-0.027628,0.878856,-0.109457,0.463539,2.695744,54.203171,32.046539,-0.077828,0.871371,-0.061009,0.480555,0.165081,7.5946,42.473297,-0.02101,0.944958,0.025504,0.325518,-7.128424,1.473284,-11.2944,-0.077828,0.871371,-0.061009,0.480555,12.721649,1.08515,36.023426
523,4.358333,-0.006115,0.870049,0.012027,0.492781,-4.035315,90.482353,16.135509,-0.016613,0.876253,0.077373,0.475308,-4.210706,98.276749,16.251703,-0.032842,0.878825,0.064441,0.47163,-5.757482,113.153603,18.05662,0.059895,0.930032,-0.032146,0.361137,-7.958163,131.529068,19.584646,0.097649,0.96258,-0.095429,0.234087,-4.703775,145.935532,17.93919,0.00583,0.853734,0.118697,0.506967,-9.852124,125.608536,16.228914,0.36532,-0.575046,0.101684,-0.72493,-18.65057,127.968048,0.57957,0.064583,-0.028624,-0.547443,-0.833856,-11.071745,114.439537,-17.522032,0.163952,0.004502,-0.537721,-0.827016,-1.770305,135.637115,-20.283445,-0.191363,0.90013,0.128055,0.369796,-5.645686,125.585258,22.566967,0.311565,0.895888,0.130679,-0.288505,6.183282,130.108414,35.509087,-0.029884,0.276296,0.433422,-0.857271,21.423271,118.599464,21.246769,0.074294,0.119821,0.356262,-0.923689,10.808496,135.695999,11.16774,0.039811,0.871382,0.080517,0.482313,-8.925316,90.493889,7.980427,0.078855,0.924435,-0.01824,0.372651,-8.617558,53.959095,1.343629,-0.021443,0.944946,0.02524,0.325547,-16.240683,6.758112,0.145652,-0.06992,0.886038,-0.082367,0.450848,0.854686,90.470818,24.290592,-0.027599,0.878778,-0.109402,0.463701,2.697783,54.203785,32.051895,-0.077882,0.871354,-0.061004,0.480579,0.165173,7.593915,42.47237,-0.021443,0.944946,0.02524,0.325547,-7.128641,1.470438,-11.284671,-0.077882,0.871354,-0.061004,0.480579,12.722749,1.085506,36.023418
524,4.366667,-0.006263,0.870028,0.011929,0.492819,-4.015921,90.481308,16.143604,-0.016868,0.876204,0.077392,0.475387,-4.192566,98.275711,16.257317,-0.032803,0.878783,0.06442,0.471714,-5.746932,113.156334,18.059401,0.059866,0.930025,-0.032164,0.361158,-7.946128,131.531998,19.587214,0.097659,0.962582,-0.09552,0.23404,-4.692282,145.938522,17.941071,0.005876,0.853698,0.11868,0.507031,-9.840038,125.611671,16.231068,0.365236,-0.575036,0.101857,-0.724956,-18.636114,127.972557,0.580594,0.064527,-0.028764,-0.547398,-0.833885,-11.058407,114.440453,-17.518793,0.163925,0.004369,-0.537496,-0.827168,-1.754586,135.637695,-20.284241,-0.191217,0.900208,0.127592,0.36984,-5.634774,125.587929,22.569901,0.311522,0.895964,0.130731,-0.288293,6.195026,130.112869,35.510647,-0.029729,0.276287,0.433235,-0.857373,21.442131,118.603981,21.255865,0.074255,0.119855,0.356376,-0.923643,10.820002,135.693146,11.172752,0.039987,0.87136,0.080528,0.482336,-8.905176,90.489487,7.98807,0.078942,0.924411,-0.018269,0.372691,-8.608248,53.955853,1.344363,-0.021756,0.944937,0.02515,0.325558,-16.239939,6.756264,0.145574,-0.069689,0.885974,-0.082412,0.451002,0.873335,90.473137,24.299141,-0.027587,0.878755,-0.109364,0.463754,2.698433,54.204243,32.056023,-0.077731,0.871358,-0.060922,0.480606,0.165864,7.593524,42.472702,-0.021756,0.944937,0.02515,0.325558,-7.124557,1.469189,-11.282366,-0.077731,0.871358,-0.060922,0.480606,12.722577,1.084736,36.022453
525,4.375,-0.006221,0.870011,0.011793,0.492852,-4.0098,90.481438,16.150156,-0.016851,0.876224,0.077183,0.475385,-4.184849,98.275894,16.262344,-0.03262,0.878809,0.064464,0.471672,-5.735601,113.155937,18.059004,0.059733,0.930059,-0.032163,0.361092,-7.929543,131.53183,19.591578,0.097623,0.962588,-0.095599,0.233997,-4.679509,145.939011,17.94372,0.00576,0.853624,0.118718,0.507148,-9.825506,125.612854,16.234226,0.365037,-0.57513,0.10192,-0.724973,-18.61734,127.971352,0.581008,0.064426,-0.028831,-0.547293,-0.83396,-11.045417,114.440796,-17.521957,0.163878,0.004385,-0.53755,-0.827143,-1.73571,135.637344,-20.287441,-0.191359,0.900094,0.127782,0.369979,-5.619452,125.586403,22.572523,0.31134,0.896068,0.130367,-0.288331,6.204664,130.112,35.518234,-0.029816,0.276461,0.433107,-0.857379,21.45611,118.604591,21.266909,0.074341,0.119863,0.356406,-0.923624,10.833226,135.690399,11.178443,0.039962,0.871205,0.080749,0.48258,-8.898435,90.489037,7.994247,0.079055,0.924235,-0.018432,0.373097,-8.59,53.957909,1.337322,-0.021889,0.944946,0.024916,0.325542,-16.236902,6.760612,0.145509,-0.069614,0.885978,-0.082437,0.451001,0.878835,90.473839,24.306065,-0.027538,0.878809,-0.109287,0.463673,2.698169,54.204475,32.06213,-0.078607,0.871318,-0.061662,0.480441,0.165907,7.591879,42.470486,-0.021889,0.944946,0.024916,0.325542,-7.121213,1.468372,-11.279796,-0.078607,0.871318,-0.061662,0.480441,12.726281,1.079216,36.031281
526,4.383333,-0.006195,0.869998,0.011694,0.492878,-4.000867,90.481308,16.156534,-0.016796,0.876217,0.077125,0.475409,-4.174803,98.27581,16.267574,-0.03267,0.878798,0.06438,0.471701,-5.723399,113.156723,18.06354,0.059795,0.930065,-0.032541,0.361033,-7.917547,131.532898,19.592432,0.097692,0.96262,-0.095414,0.233912,-4.662152,145.937729,17.934668,0.005971,0.853616,0.118551,0.507198,-9.813235,125.613274,16.236076,0.364913,-0.575167,0.102017,-0.724993,-18.603174,127.975418,0.58234,0.064406,-0.028958,-0.547147,-0.834053,-11.034197,114.444199,-17.52136,0.163845,0.004277,-0.537344,-0.827283,-1.717643,135.636612,-20.290903,-0.191311,0.900076,0.127759,0.370055,-5.607645,125.588058,22.574688,0.311506,0.89604,0.130712,-0.288082,6.215098,130.111908,35.522263,-0.029556,0.276434,0.433249,-0.857325,21.468498,118.601051,21.27582,0.074521,0.119697,0.356448,-0.923615,10.850474,135.688049,11.184203,0.040008,0.871167,0.080733,0.482648,-8.889026,90.488419,8.00034,0.079091,0.924278,-0.018404,0.372983,-8.58365,53.957386,1.34281,-0.021646,0.944985,0.025014,0.325436,-16.232861,6.760538,0.148141,-0.069568,0.885976,-0.082418,0.451015,0.887292,90.474197,24.312731,-0.027538,0.878822,-0.109292,0.463648,2.704188,54.204132,32.066059,-0.077755,0.87142,-0.060984,0.480481,0.172054,7.591638,42.474903,-0.021646,0.944985,0.025014,0.325436,-7.122018,1.468586,-11.281165,-0.077755,0.87142,-0.060984,0.480481,12.726734,1.08138,36.022175
527,4.391667,-0.006159,0.869987,0.011581,0.492901,-3.992683,90.48278,16.163256,-0.016815,0.876208,0.077057,0.475435,-4.165258,98.277328,16.273029,-0.032559,0.878797,0.064329,0.471717,-5.713378,113.158226,18.066845,0.059664,0.930114,-0.032484,0.360934,-7.90305,131.534912,19.59602,0.097779,0.96265,-0.095512,0.233714,-4.652124,145.94072,17.937937,0.005982,0.85356,0.118611,0.507278,-9.800127,125.615814,16.239525,0.364942,-0.575207,0.10203,-0.724945,-18.587107,127.979752,0.5844,0.064461,-0.029063,-0.547065,-0.834098,-11.020454,114.446815,-17.518986,0.163811,0.004244,-0.537133,-0.827427,-1.70018,135.636444,-20.293758,-0.19127,0.900073,0.127671,0.370115,-5.594661,125.589455,22.578213,0.311531,0.896068,0.130475,-0.288073,6.227049,130.112839,35.526894,-0.029535,0.276494,0.433288,-0.857286,21.479916,118.597153,21.283779,0.074721,0.119703,0.356557,-0.923556,10.864522,135.685349,11.189609,0.039947,0.871116,0.080819,0.482731,-8.880424,90.489433,8.00681,0.079223,0.924701,-0.018312,0.37191,-8.567392,53.959061,1.345995,-0.021632,0.945018,0.024886,0.325351,-16.226294,6.763878,0.14739,-0.069497,0.886021,-0.082436,0.450933,0.895058,90.476135,24.3197,-0.027433,0.87889,-0.109251,0.463534,2.707423,54.205559,32.071716,-0.078483,0.871369,-0.061653,0.480369,0.169572,7.591644,42.47282,-0.021632,0.945018,0.024886,0.325351,-7.118048,1.468234,-11.282274,-0.078483,0.871369,-0.061653,0.480369,12.727456,1.076994,36.030762
528,4.4,-0.006041,0.869972,0.011458,0.49293,-3.988643,90.48259,16.167253,-0.016701,0.87619,0.076974,0.475486,-4.158682,98.277206,16.27626,-0.032481,0.878774,0.064295,0.471771,-5.702927,113.160492,18.069675,0.059486,0.930112,-0.032811,0.36094,-7.889555,131.537537,19.598989,0.097856,0.96263,-0.095432,0.233795,-4.640045,145.942413,17.930149,0.00603,0.853489,0.118627,0.507393,-9.787302,125.618828,16.242168,0.364659,-0.575286,0.102185,-0.725002,-18.570044,127.985001,0.585008,0.064262,-0.029278,-0.54692,-0.834201,-11.009264,114.452789,-17.521376,0.163674,0.004047,-0.53695,-0.827574,-1.682254,135.638748,-20.299145,-0.19112,0.900144,0.127255,0.370162,-5.582526,125.591599,22.581308,0.311548,0.896113,0.13062,-0.287852,6.239993,130.115967,35.5289,-0.029292,0.276433,0.433243,-0.857337,21.498447,118.599533,21.292383,0.074944,0.119633,0.35667,-0.923503,10.880151,135.68335,11.195471,0.040002,0.870973,0.080745,0.482997,-8.875854,90.490051,8.010494,0.079249,0.92427,-0.018367,0.372971,-8.566946,53.959118,1.352543,-0.02126,0.944999,0.025034,0.32542,-16.228693,6.764528,0.149044,-0.069535,0.886049,-0.082425,0.450876,0.898569,90.475136,24.324013,-0.027357,0.878905,-0.109238,0.463514,2.714269,54.204811,32.076408,-0.078544,0.871371,-0.061661,0.480355,0.170898,7.590246,42.473236,-0.02126,0.944999,0.025034,0.32542,-7.122318,1.469345,-11.282321,-0.078544,0.871371,-0.061661,0.480355,12.729189,1.076319,36.031246
529,4.408333,-0.006042,0.869974,0.011361,0.492929,-3.980124,90.48307,16.174122,-0.016665,0.876175,0.076884,0.47553,-4.149431,98.277718,16.281805,-0.032417,0.878751,0.064252,0.471823,-5.691672,113.162788,18.073492,0.059571,0.930097,-0.032937,0.360953,-7.875564,131.540192,19.602396,0.097774,0.962643,-0.095474,0.23376,-4.622418,145.94397,17.931116,0.006217,0.853444,0.118525,0.50749,-9.773882,125.62175,16.245424,0.36487,-0.575396,0.102006,-0.724834,-18.552967,127.992233,0.586867,0.064391,-0.029382,-0.546791,-0.834273,-10.996449,114.45932,-17.520771,0.163626,0.003779,-0.536752,-0.827714,-1.662882,135.642105,-20.305655,-0.191032,0.900143,0.127126,0.370253,-5.569796,125.593925,22.58502,0.311619,0.896114,0.130731,-0.287719,6.251483,130.11673,35.53429,-0.029242,0.276531,0.433278,-0.85729,21.511444,118.597885,21.301344,0.074959,0.119786,0.35666,-0.923486,10.897424,135.680878,11.200763,0.040047,0.870967,0.080758,0.483003,-8.867365,90.489594,8.017381,0.079269,0.924354,-0.018324,0.372759,-8.560915,53.959084,1.357001,-0.021487,0.945035,0.02488,0.325314,-16.223211,6.76465,0.150783,-0.069484,0.886044,-0.082377,0.450902,0.907116,90.47654,24.330864,-0.027313,0.878894,-0.109253,0.463533,2.720912,54.205109,32.07851,-0.078556,0.871387,-0.06167,0.480323,0.172874,7.590628,42.47456,-0.021487,0.945035,0.02488,0.325314,-7.117441,1.467395,-11.280099,-0.078556,0.871387,-0.06167,0.480323,12.730747,1.07659,36.031876
530,4.416667,-0.006017,0.869954,0.011274,0.492967,-3.972524,90.48365,16.179344,-0.01648,0.876157,0.076755,0.47559,-4.14082,98.278336,16.286045,-0.032414,0.878715,0.06425,0.471891,-5.676318,113.162971,18.076744,0.059775,0.930055,-0.033418,0.360983,-7.860181,131.540375,19.605463,0.097481,0.962692,-0.095176,0.233802,-4.596443,145.940521,17.92346,0.006355,0.853408,0.118382,0.507583,-9.758072,125.622002,16.248156,0.364453,-0.57548,0.102196,-0.72495,-18.53368,127.994522,0.587961,0.064156,-0.029656,-0.546637,-0.834381,-10.983648,114.464478,-17.524513,0.163617,0.003533,-0.536598,-0.827816,-1.642581,135.644623,-20.313852,-0.190991,0.900238,0.127366,0.369962,-5.554953,125.59407,22.588392,0.311697,0.896104,0.130594,-0.287728,6.274712,130.114334,35.530888,-0.029279,0.276329,0.433294,-0.857345,21.532127,118.590508,21.299229,0.075006,0.119873,0.356894,-0.92338,10.912673,135.677032,11.205482,0.04005,0.870948,0.080773,0.483034,-8.859065,90.489807,8.022182,0.079323,0.924416,-0.01831,0.372596,-8.551974,53.959499,1.360726,-0.021586,0.94508,0.02477,0.325185,-16.218716,6.76584,0.152647,-0.06948,0.886105,-0.082421,0.450774,0.914017,90.477493,24.336506,-0.027199,0.878975,-0.10921,0.463397,2.727126,54.206551,32.086639,-0.078403,0.871383,-0.061605,0.480364,0.173065,7.590562,42.47448,-0.021586,0.94508,0.02477,0.325185,-7.115311,1.466504,-11.279159,-0.078403,0.871383,-0.061605,0.480364,12.730195,1.075751,36.031128
531,4.425,-0.005975,0.869935,0.011123,0.493005,-3.964884,90.483727,16.187073,-0.016486,0.876141,0.076664,0.475633,-4.131453,98.278465,16.292038,-0.032312,0.878705,0.064186,0.471926,-5.665927,113.163712,18.080219,0.059842,0.93005,-0.033487,0.360977,-7.8454,131.541687,19.608572,0.097444,0.962701,-0.095258,0.233746,-4.579177,145.941116,17.925394,0.006559,0.853349,0.118294,0.5077,-9.744528,125.623718,16.251221,0.364252,-0.575556,0.102334,-0.724972,-18.515745,128.001389,0.589338,0.064148,-0.029886,-0.546478,-0.834478,-10.971194,114.47065,-17.524914,0.163695,0.003448,-0.536412,-0.827922,-1.6229,135.645859,-20.322582,-0.190693,0.900158,0.126866,0.370483,-5.541808,125.594833,22.591721,0.311622,0.896162,0.130442,-0.287699,6.278008,130.109116,35.545303,-0.029433,0.276811,0.433346,-0.857158,21.538433,118.585373,21.316818,0.075058,0.120134,0.35662,-0.923448,10.933446,135.672104,11.210294,0.039934,0.870876,0.080948,0.483143,-8.850712,90.489166,8.029481,0.079492,0.924847,-0.018288,0.371491,-8.52899,53.960274,1.360964,-0.02143,0.945135,0.024709,0.325039,-16.211191,6.769097,0.154126,-0.069413,0.88608,-0.082331,0.450849,0.920944,90.478287,24.344662,-0.027183,0.878916,-0.109225,0.463505,2.732074,54.205547,32.08683,-0.078556,0.871394,-0.061705,0.480306,0.174769,7.589799,42.474892,-0.02143,0.945135,0.024709,0.325039,-7.113166,1.466473,-11.280437,-0.078556,0.871394,-0.061705,0.480306,12.732212,1.074898,36.032234
532,4.433333,-0.005935,0.869919,0.011,0.493036,-3.957199,90.484093,16.192999,-0.016395,0.876167,0.076489,0.475618,-4.122285,98.278885,16.296593,-0.032232,0.878732,0.064177,0.471881,-5.651827,113.165176,18.081547,0.059799,0.930085,-0.033435,0.360899,-7.82847,131.543381,19.611134,0.097472,0.962716,-0.095362,0.233632,-4.564181,145.943314,17.928528,0.006616,0.853249,0.118403,0.507841,-9.728832,125.62587,16.253679,0.364088,-0.575638,0.102412,-0.724978,-18.494806,128.007919,0.589529,0.064163,-0.030062,-0.546349,-0.834555,-10.955517,114.477562,-17.527199,0.163883,0.003295,-0.536318,-0.827946,-1.600528,135.650574,-20.332031,-0.1909,0.90025,0.127315,0.369998,-5.525401,125.596031,22.593702,0.311914,0.896119,0.13034,-0.287562,6.304561,130.113922,35.536758,-0.029401,0.276604,0.433451,-0.857173,21.560081,118.576088,21.314434,0.075091,0.12016,0.356576,-0.923459,10.953462,135.667374,11.214731,0.039858,0.870858,0.081069,0.483162,-8.84246,90.489044,8.035067,0.079623,0.924914,-0.01826,0.371295,-8.511302,53.961147,1.361572,-0.021348,0.94515,0.024642,0.325006,-16.204292,6.771856,0.149193,-0.06939,0.886136,-0.082314,0.450746,0.928062,90.479141,24.350929,-0.027089,0.878965,-0.109215,0.46342,2.739193,54.205956,32.091007,-0.078397,0.871386,-0.061688,0.480349,0.175414,7.589513,42.4744,-0.021348,0.94515,0.024642,0.325006,-7.108151,1.466582,-11.285642,-0.078397,0.871386,-0.061688,0.480349,12.731841,1.072626,36.031773
533,4.441667,-0.005884,0.869916,0.010938,0.493044,-3.948323,90.484604,16.197685,-0.016308,0.876155,0.076308,0.475672,-4.112236,98.279427,16.300829,-0.032094,0.87871,0.064168,0.471934,-5.636937,113.166069,18.082111,0.059793,0.930151,-0.032953,0.360773,-7.809014,131.544632,19.613708,0.097576,0.96278,-0.095633,0.233213,-4.550282,145.947281,17.943495,0.006605,0.853181,0.118502,0.507934,-9.710569,125.628029,16.255356,0.363697,-0.575715,0.102577,-0.725089,-18.473148,128.011948,0.589594,0.064053,-0.030257,-0.546231,-0.834634,-10.939741,114.484695,-17.531891,0.164144,0.003181,-0.536116,-0.828025,-1.57937,135.654449,-20.341202,-0.190595,0.90025,0.127065,0.370242,-5.507758,125.596359,22.595779,0.311939,0.8961,0.130448,-0.287547,6.319878,130.106506,35.543659,-0.029353,0.276657,0.433496,-0.857135,21.575062,118.569305,21.320467,0.075138,0.12024,0.356615,-0.92343,10.971453,135.661133,11.218249,0.039855,0.870892,0.081111,0.483095,-8.833441,90.48983,8.039671,0.079682,0.925106,-0.018167,0.370809,-8.501116,53.962421,1.363516,-0.022744,0.945171,0.023765,0.324915,-16.19663,6.77371,0.144861,-0.069364,0.886185,-0.08237,0.450643,0.936795,90.479385,24.355701,-0.027004,0.878996,-0.109171,0.463378,2.745186,54.206627,32.098419,-0.078589,0.871389,-0.061778,0.4803,0.176712,7.588825,42.474541,-0.022744,0.945171,0.023765,0.324915,-7.090381,1.457924,-11.277034,-0.078589,0.871389,-0.061778,0.4803,12.734081,1.072719,36.032963
534,4.45,-0.005824,0.869911,0.010835,0.493056,-3.939255,90.48613,16.201593,-0.016255,0.876134,0.076268,0.475718,-4.10157,98.281006,16.303801,-0.03207,0.878687,0.064054,0.471993,-5.624527,113.169052,18.084867,0.059582,0.930189,-0.032277,0.360773,-7.793955,131.548233,19.613024,0.097986,0.962726,-0.096216,0.233022,-4.547902,145.955582,17.958883,0.006721,0.853118,0.118482,0.508042,-9.695991,125.631332,16.25544,0.363444,-0.575757,0.102714,-0.725164,-18.454535,128.01889,0.587976,0.064013,-0.030407,-0.546071,-0.834736,-10.92476,114.492798,-17.535885,0.164285,0.003006,-0.535965,-0.828096,-1.555824,135.660477,-20.349916,-0.190479,0.900226,0.126991,0.370382,-5.49401,125.600098,22.596416,0.312134,0.896088,0.130284,-0.287445,6.331444,130.106674,35.547531,-0.02943,0.276855,0.433711,-0.85696,21.583618,118.558411,21.330088,0.075155,0.120189,0.356582,-0.923448,10.994116,135.655075,11.224955,0.039856,0.870901,0.081083,0.483082,-8.824156,90.491386,8.043449,0.079715,0.925153,-0.01817,0.370686,-8.49302,53.963642,1.369081,-0.021321,0.945253,0.024478,0.324719,-16.191763,6.775463,0.150501,-0.069376,0.886002,-0.082325,0.45101,0.945647,90.480881,24.359735,-0.026928,0.879014,-0.109189,0.463344,2.753156,54.207687,32.100613,-0.078585,0.871397,-0.061811,0.480282,0.17792,7.589865,42.474945,-0.021321,0.945253,0.024478,0.324719,-7.103303,1.465289,-11.288163,-0.078585,0.871397,-0.061811,0.480282,12.734799,1.072879,36.033302
535,4.458333,-0.006228,0.869921,0.011049,0.493029,-3.907251,90.48188,16.20355,-0.016518,0.87613,0.076354,0.475704,-4.07669,98.276604,16.30555,-0.031915,0.878697,0.064135,0.471974,-5.608331,113.169205,18.085712,0.060012,0.930148,-0.032843,0.360756,-7.774076,131.548355,19.619289,0.09755,0.962792,-0.095956,0.233041,-4.510608,145.950531,17.954319,0.006816,0.853111,0.11845,0.50806,-9.677494,125.632797,16.260139,0.363072,-0.575894,0.102707,-0.725242,-18.435329,128.022797,0.592647,0.063862,-0.030636,-0.545865,-0.834874,-10.913006,114.504364,-17.540026,0.164343,0.002806,-0.535614,-0.828312,-1.534,135.667648,-20.358803,-0.190306,0.900204,0.126818,0.370586,-5.475084,125.59893,22.600819,0.312184,0.896051,0.130433,-0.287438,6.347297,130.101074,35.556282,-0.029322,0.27691,0.433789,-0.856906,21.598166,118.55323,21.337097,0.075228,0.120299,0.356862,-0.923319,11.012715,135.651245,11.228114,0.040135,0.870945,0.081033,0.482988,-8.792575,90.482437,8.045655,0.07983,0.925178,-0.018219,0.370595,-8.481927,53.955746,1.364548,-0.02236,0.945178,0.024072,0.324898,-16.1926,6.769481,0.146959,-0.069078,0.886043,-0.082545,0.450935,0.978074,90.481331,24.361443,-0.026853,0.879038,-0.109166,0.463308,2.759306,54.207767,32.106686,-0.078604,0.871374,-0.061783,0.480324,0.179216,7.589075,42.475922,-0.02236,0.945178,0.024072,0.324898,-7.089943,1.458367,-11.279974,-0.078604,0.871374,-0.061783,0.480324,12.73711,1.073183,36.035149
536,4.466667,-0.006164,0.869916,0.010992,0.493039,-3.897406,90.482285,16.207392,-0.016439,0.876104,0.07629,0.475764,-4.065547,98.277039,16.309111,-0.031864,0.878663,0.064092,0.472047,-5.594613,113.173164,18.089014,0.059843,0.930185,-0.032335,0.360734,-7.758076,131.552643,19.621902,0.097937,0.962751,-0.096492,0.232826,-4.504483,145.95842,17.968807,0.006862,0.853047,0.118485,0.508158,-9.661778,125.637283,16.262566,0.362731,-0.575985,0.10283,-0.725323,-18.416,128.029739,0.593422,0.063633,-0.030897,-0.545688,-0.834998,-10.899877,114.514458,-17.544178,0.164238,0.00249,-0.535322,-0.828523,-1.511902,135.675095,-20.36714,-0.190211,0.900192,0.126782,0.370676,-5.460368,125.602951,22.603905,0.312267,0.896059,0.130239,-0.287411,6.360921,130.102005,35.561447,-0.029258,0.276987,0.433858,-0.856849,21.610085,118.547668,21.345701,0.075329,0.120238,0.357142,-0.923211,11.029263,135.646484,11.233375,0.040166,0.871004,0.080965,0.482891,-8.782547,90.483368,8.049385,0.07953,0.925575,-0.018183,0.369668,-8.477148,53.956055,1.371438,-0.021324,0.945544,0.024746,0.323852,-16.161364,6.765085,0.169061,-0.069078,0.886127,-0.082603,0.45076,0.987735,90.481201,24.365396,-0.026721,0.879114,-0.109146,0.463176,2.768499,54.20834,32.114056,-0.078609,0.871374,-0.061775,0.480326,0.179767,7.588551,42.4762,-0.021324,0.945544,0.024746,0.323852,-7.092843,1.462021,-11.288716,-0.078609,0.871374,-0.061775,0.480326,12.737783,1.072929,36.035389
537,4.475,-0.004711,0.86999,0.010194,0.492942,-3.946657,90.50518,16.211042,-0.015519,0.876148,0.075802,0.475792,-4.088933,98.300446,16.313133,-0.031785,0.878641,0.064072,0.472095,-5.584252,113.17437,18.090405,0.059861,0.930177,-0.032749,0.360714,-7.74487,131.554123,19.623917,0.098103,0.96274,-0.096393,0.232845,-4.4866,145.957565,17.959677,0.007007,0.853002,0.118448,0.508241,-9.649213,125.639236,16.26413,0.362541,-0.576012,0.102783,-0.725403,-18.400293,128.035858,0.593874,0.063546,-0.031058,-0.545532,-0.8351,-10.885207,114.526558,-17.548601,0.164105,0.002333,-0.535211,-0.828621,-1.490039,135.682755,-20.375229,-0.190073,0.900196,0.126729,0.370755,-5.448417,125.603935,22.605869,0.312269,0.896101,0.130332,-0.287236,6.37264,130.098862,35.565048,-0.02907,0.277017,0.433858,-0.856845,21.626532,118.544006,21.354786,0.0755,0.120171,0.357427,-0.923095,11.045917,135.641296,11.23716,0.039369,0.870737,0.081248,0.48339,-8.833928,90.522804,8.054335,0.079931,0.925471,-0.018013,0.369851,-8.462971,53.99419,1.386841,-0.020923,0.945375,0.023579,0.324458,-16.176268,6.808761,0.153641,-0.06968,0.886092,-0.082281,0.450794,0.940614,90.487556,24.367752,-0.026724,0.879096,-0.109107,0.463219,2.771433,54.216969,32.115364,-0.07797,0.871448,-0.061773,0.480296,0.184158,7.596397,42.474323,-0.020923,0.945375,0.023579,0.324458,-7.101216,1.469836,-11.282286,-0.07797,0.871448,-0.061773,0.480296,12.734537,1.070626,36.028904
538,4.483333,-0.004653,0.869988,0.010123,0.492947,-3.936007,90.505653,16.212828,-0.015548,0.876122,0.075718,0.475853,-4.076958,98.300949,16.314398,-0.031599,0.878614,0.064081,0.472157,-5.572277,113.178375,18.089319,0.060188,0.930154,-0.032558,0.360736,-7.727117,131.558533,19.626259,0.098042,0.962756,-0.096618,0.232709,-4.461862,145.961395,17.970802,0.007156,0.852957,0.118323,0.508344,-9.633006,125.644913,16.265085,0.362404,-0.576097,0.102735,-0.725411,-18.38023,128.044266,0.593096,0.063453,-0.03115,-0.545419,-0.835177,-10.869312,114.538895,-17.554033,0.164004,0.002236,-0.535123,-0.828699,-1.468604,135.692673,-20.381706,-0.189976,0.900158,0.126698,0.370908,-5.432914,125.606987,22.607277,0.312372,0.896092,0.130376,-0.287134,6.38537,130.098206,35.570274,-0.028987,0.277132,0.433928,-0.856776,21.638988,118.539047,21.363228,0.075548,0.120252,0.357487,-0.923057,11.065045,135.635071,11.241506,0.039438,0.870734,0.081165,0.483405,-8.823193,90.523567,8.056066,0.079658,0.925869,-0.017933,0.368917,-8.4596,53.994347,1.391466,-0.02194,0.945615,0.023183,0.32372,-16.147253,6.804466,0.16862,-0.069614,0.886108,-0.082326,0.450764,0.951177,90.48774,24.369589,-0.026677,0.879112,-0.109114,0.463191,2.776378,54.217022,32.117897,-0.077866,0.87146,-0.061729,0.480296,0.185218,7.596347,42.475433,-0.02194,0.945615,0.023183,0.32372,-7.080188,1.464293,-11.273062,-0.077866,0.87146,-0.061729,0.480296,12.734649,1.069964,36.028786
539,4.491667,-0.004493,0.869977,0.009895,0.492972,-3.92896,90.508888,16.215183,-0.0155,0.876092,0.075697,0.475911,-4.065993,98.304276,16.314884,-0.031463,0.878589,0.064033,0.47222,-5.559917,113.182358,18.089895,0.060246,0.930155,-0.032185,0.360758,-7.709576,131.563065,19.627506,0.09811,0.962749,-0.096915,0.232586,-4.446523,145.967682,17.982891,0.007141,0.852801,0.118416,0.508584,-9.616783,125.650169,16.265802,0.362372,-0.576247,0.102595,-0.725328,-18.355148,128.051743,0.589216,0.063372,-0.031079,-0.545342,-0.835236,-10.851108,114.549896,-17.563372,0.163897,0.002231,-0.535147,-0.828704,-1.446715,135.701538,-20.385956,-0.18985,0.900159,0.126743,0.370955,-5.417474,125.610695,22.608501,0.31224,0.896196,0.129745,-0.287237,6.401286,130.097,35.572765,-0.02923,0.277313,0.433865,-0.856741,21.656027,118.533936,21.370104,0.075586,0.120307,0.35772,-0.922957,11.082905,135.63208,11.245344,0.039328,0.870752,0.081241,0.483367,-8.815696,90.527313,8.058156,0.08009,0.925664,-0.017962,0.369337,-8.442538,53.998375,1.392535,-0.021886,0.945407,0.022856,0.324352,-16.168674,6.815195,0.153505,-0.069582,0.886206,-0.082371,0.450569,0.957775,90.490463,24.37221,-0.026604,0.8792,-0.109113,0.463027,2.781088,54.219967,32.122009,-0.077859,0.871489,-0.061834,0.480231,0.185736,7.598892,42.476727,-0.021886,0.945407,0.022856,0.324352,-7.088044,1.465758,-11.273076,-0.077859,0.871489,-0.061834,0.480231,12.733537,1.06975,36.029709
540,4.5,-0.004395,0.869966,0.009794,0.492995,-3.919753,90.509697,16.217609,-0.015484,0.876066,0.075658,0.475967,-4.054675,98.30513,16.31669,-0.031354,0.878565,0.063968,0.472281,-5.547657,113.182869,18.090755,0.060335,0.930134,-0.03217,0.360797,-7.692748,131.564148,19.628025,0.098194,0.962731,-0.097015,0.232585,-4.427315,145.968384,17.98497,0.007257,0.852678,0.118487,0.508771,-9.601084,125.651726,16.266123,0.362109,-0.576053,0.10285,-0.725577,-18.332512,128.058975,0.58654,0.063147,-0.031296,-0.545471,-0.835162,-10.820324,114.557663,-17.56308,0.163754,0.002199,-0.535254,-0.828663,-1.423228,135.711777,-20.388594,-0.189781,0.900147,0.126704,0.371033,-5.402538,125.611198,22.60932,0.312479,0.896119,0.130408,-0.286918,6.415071,130.095322,35.575382,-0.028974,0.277262,0.434002,-0.856696,21.671402,118.530258,21.376057,0.075564,0.120388,0.357618,-0.922988,11.103167,135.628357,11.249707,0.03934,0.870758,0.081257,0.483352,-8.806087,90.528801,8.060345,0.080187,0.925525,-0.018019,0.369659,-8.433249,54.000126,1.393278,-0.021726,0.9454,0.022814,0.324387,-16.169468,6.818637,0.153112,-0.069504,0.886181,-0.082429,0.450619,0.966582,90.490585,24.374876,-0.02659,0.879158,-0.109084,0.463114,2.782376,54.219997,32.126034,-0.077977,0.871505,-0.061903,0.480173,0.186189,7.598239,42.477478,-0.021726,0.9454,0.022814,0.324387,-7.089869,1.466483,-11.273018,-0.077977,0.871505,-0.061903,0.480173,12.734075,1.069187,36.030533
541,4.508333,-0.004343,0.86996,0.009746,0.493007,-3.908122,90.510719,16.217756,-0.015279,0.876051,0.075573,0.476015,-4.041965,98.306175,16.316589,-0.031334,0.878533,0.063944,0.472344,-5.528249,113.182556,18.09108,0.060482,0.930147,-0.032047,0.360752,-7.672367,131.56398,19.62779,0.098291,0.962764,-0.097131,0.232358,-4.404355,145.96817,17.989414,0.007443,0.852634,0.118469,0.508848,-9.580617,125.651657,16.265703,0.361821,-0.576159,0.102826,-0.72564,-18.309114,128.064606,0.585365,0.062917,-0.031301,-0.545356,-0.835253,-10.802476,114.569893,-17.571463,0.163554,0.002208,-0.535368,-0.828629,-1.399305,135.72287,-20.391191,-0.189784,0.900122,0.126704,0.371091,-5.382957,125.610947,22.609489,0.312339,0.896226,0.12997,-0.286934,6.433049,130.094727,35.577129,-0.029206,0.277465,0.433984,-0.856632,21.693113,118.528175,21.383026,0.075655,0.120319,0.357485,-0.923041,11.128833,135.628067,11.253789,0.039361,0.870749,0.081277,0.483364,-8.794239,90.530243,8.060361,0.080267,0.92556,-0.018054,0.369553,-8.421958,54.001938,1.391269,-0.021942,0.945416,0.022617,0.324338,-16.166584,6.821796,0.152243,-0.069465,0.886211,-0.082546,0.450545,0.977996,90.491196,24.375153,-0.026467,0.87931,-0.109065,0.462838,2.787934,54.22163,32.132442,-0.077971,0.871497,-0.061925,0.480187,0.185487,7.598853,42.477688,-0.021942,0.945416,0.022617,0.324338,-7.08645,1.466309,-11.271897,-0.077971,0.871497,-0.061925,0.480187,12.733412,1.06922,36.031403
542,4.516667,-0.004294,0.869951,0.009706,0.493023,-3.896158,90.512123,16.219336,-0.015296,0.876073,0.075398,0.476001,-4.029037,98.307594,16.318005,-0.031167,0.878564,0.063977,0.472294,-5.513092,113.183296,18.087496,0.060567,0.930126,-0.032225,0.360776,-7.652271,131.564957,19.62833,0.098331,0.962723,-0.097107,0.232519,-4.380054,145.967758,17.986151,0.007715,0.852557,0.118495,0.508966,-9.562508,125.653816,16.26528,0.361645,-0.576186,0.102987,-0.725683,-18.286499,128.076141,0.58388,0.06262,-0.031592,-0.545164,-0.835391,-10.782962,114.580025,-17.573179,0.162767,0.002087,-0.535346,-0.828798,-1.371054,135.728104,-20.39625,-0.189665,0.900088,0.126564,0.371282,-5.363977,125.61071,22.608471,0.312289,0.896267,0.129698,-0.286985,6.448531,130.0914,35.580372,-0.029423,0.277586,0.434024,-0.856565,21.708706,118.522964,21.387911,0.075635,0.12041,0.357621,-0.922978,11.148376,135.627029,11.258502,0.03941,0.870687,0.08126,0.483475,-8.781973,90.532097,8.061761,0.080364,0.925535,-0.018107,0.369592,-8.412608,54.003864,1.392105,-0.021591,0.945418,0.022687,0.324351,-16.167572,6.825399,0.154035,-0.069401,0.886219,-0.082584,0.450533,0.989656,90.492157,24.376911,-0.026429,0.879292,-0.109085,0.462868,2.794197,54.222385,32.134548,-0.078067,0.87152,-0.061968,0.480123,0.187285,7.599852,42.479771,-0.021591,0.945418,0.022687,0.324351,-7.090689,1.468426,-11.271993,-0.078067,0.87152,-0.061968,0.480123,12.735067,1.070543,36.032875
543,4.525,-0.004713,0.869901,0.009899,0.493105,-3.867898,90.50589,16.219742,-0.015465,0.876101,0.075143,0.475985,-4.007961,98.301247,16.317789,-0.030883,0.87861,0.064154,0.472202,-5.493359,113.183571,18.078896,0.061014,0.930141,-0.032052,0.360677,-7.626192,131.565048,19.630722,0.098111,0.962784,-0.097248,0.232302,-4.343963,145.966599,17.997561,0.00779,0.852568,0.118553,0.508933,-9.539194,125.656441,16.264795,0.361683,-0.576234,0.102711,-0.725665,-18.264368,128.082031,0.584553,0.062563,-0.031498,-0.545143,-0.835412,-10.760745,114.593651,-17.578224,0.162517,0.00217,-0.535418,-0.828801,-1.348247,135.740219,-20.395937,-0.189648,0.899965,0.126459,0.371625,-5.339074,125.60836,22.606899,0.312266,0.896276,0.130025,-0.286832,6.464434,130.087463,35.587532,-0.02941,0.277695,0.434065,-0.85651,21.729465,118.52343,21.396723,0.07563,0.120449,0.357379,-0.923067,11.174165,135.62674,11.264313,0.039663,0.870724,0.081219,0.483395,-8.752108,90.520744,8.061193,0.080283,0.925832,-0.018215,0.36886,-8.401144,53.9935,1.385102,-0.021576,0.945572,0.023073,0.323877,-16.153721,6.814155,0.165565,-0.069164,0.886228,-0.082754,0.450521,1.016312,90.491028,24.37829,-0.02636,0.87929,-0.109082,0.462878,2.799663,54.220917,32.13921,-0.078018,0.871528,-0.061883,0.480128,0.186958,7.597965,42.481102,-0.021576,0.945572,0.023073,0.323877,-7.087159,1.467466,-11.273471,-0.078018,0.871528,-0.061883,0.480128,12.73466,1.069853,36.032837
544,4.533333,-0.004258,0.869908,0.009646,0.493101,-3.869677,90.516563,16.220312,-0.015459,0.876117,0.075057,0.475969,-4.001612,98.312057,16.318434,-0.030585,0.878648,0.064147,0.472152,-5.484818,113.186981,18.076464,0.06103,0.930145,-0.032312,0.360641,-7.607725,131.569168,19.633429,0.098235,0.962752,-0.097216,0.232396,-4.322502,145.969238,17.993177,0.007888,0.852475,0.118456,0.50911,-9.524379,125.662445,16.266268,0.362113,-0.576272,0.102235,-0.725488,-18.242964,128.089981,0.582665,0.062718,-0.031272,-0.545185,-0.835382,-10.736773,114.606461,-17.582657,0.162256,0.0023,-0.535404,-0.828861,-1.327182,135.751038,-20.395126,-0.189326,0.899998,0.12637,0.371738,-5.323265,125.610504,22.607683,0.312213,0.89629,0.130177,-0.286778,6.481615,130.080048,35.590363,-0.029433,0.277679,0.434058,-0.856518,21.749676,118.519798,21.399736,0.075574,0.12044,0.357455,-0.923043,11.193825,135.623062,11.26839,0.039515,0.870501,0.081237,0.483804,-8.754046,90.536591,8.061873,0.080659,0.925652,-0.018171,0.369233,-8.389768,54.008698,1.390015,-0.021666,0.945359,0.02241,0.324539,-16.173374,6.834987,0.150169,-0.069227,0.886275,-0.082809,0.450408,1.014693,90.496536,24.37875,-0.026293,0.879342,-0.109041,0.462792,2.801314,54.227745,32.145081,-0.078048,0.871536,-0.062062,0.480084,0.185831,7.603607,42.480907,-0.021666,0.945359,0.02241,0.324539,-7.092062,1.471187,-11.269135,-0.078048,0.871536,-0.062062,0.480084,12.732327,1.071692,36.034157
545,4.541667,-0.005474,0.869741,0.010101,0.493376,-3.801764,90.493896,16.219431,-0.016387,0.87601,0.075445,0.476073,-3.953719,98.28907,16.314314,-0.030307,0.878639,0.064099,0.472194,-5.469934,113.188866,18.07222,0.060889,0.930172,-0.032174,0.360607,-7.583045,131.571899,19.632421,0.098426,0.962739,-0.097297,0.232336,-4.303164,145.973419,17.994253,0.007912,0.852528,0.118054,0.509113,-9.502707,125.666824,16.264095,0.361878,-0.576288,0.102065,-0.725617,-18.221157,128.087738,0.579394,0.06243,-0.03114,-0.545202,-0.835397,-10.714171,114.615654,-17.594086,0.161994,0.002381,-0.535237,-0.82902,-1.305262,135.761627,-20.394125,-0.189208,0.899933,0.12626,0.371994,-5.301927,125.611473,22.605701,0.312321,0.89625,0.130355,-0.286703,6.4977,130.077026,35.594532,-0.029387,0.277701,0.434188,-0.856446,21.764616,118.514717,21.404345,0.075551,0.120454,0.357685,-0.922954,11.214081,135.621536,11.271972,0.040287,0.870697,0.081056,0.483418,-8.680751,90.498131,8.057746,0.080819,0.925398,-0.018506,0.369817,-8.37582,53.972637,1.369854,-0.022008,0.945274,0.023221,0.324706,-16.184532,6.802583,0.149063,-0.068582,0.886367,-0.083148,0.450262,1.077222,90.489655,24.381117,-0.026175,0.879419,-0.1091,0.462638,2.811407,54.218449,32.148033,-0.077877,0.871554,-0.061733,0.480123,0.185205,7.594949,42.484028,-0.022008,0.945274,0.023221,0.324706,-7.092957,1.46452,-11.274136,-0.077877,0.871554,-0.061733,0.480123,12.731966,1.068088,36.032669
546,4.55,-0.004012,0.869734,0.009191,0.49342,-3.849422,90.519211,16.22401,-0.015326,0.876035,0.074885,0.476152,-3.974559,98.314873,16.317793,-0.030275,0.878603,0.064046,0.472269,-5.452164,113.190582,18.072914,0.061345,0.930122,-0.032172,0.360658,-7.563417,131.573944,19.631763,0.098315,0.962766,-0.097379,0.232233,-4.27106,145.973206,17.998785,0.008044,0.852489,0.118054,0.509176,-9.483202,125.668907,16.263441,0.3619,-0.576304,0.101918,-0.725613,-18.199253,128.094131,0.578074,0.062405,-0.031026,-0.545174,-0.835421,-10.691757,114.626289,-17.598333,0.161821,0.002495,-0.535258,-0.829039,-1.280879,135.772614,-20.393293,-0.189155,0.89992,0.12622,0.372065,-5.28348,125.613419,22.605747,0.312438,0.896241,0.130381,-0.286593,6.51495,130.077393,35.59621,-0.029387,0.277796,0.434254,-0.856382,21.781382,118.509888,21.409721,0.075498,0.120552,0.357659,-0.922956,11.235957,135.617828,11.274772,0.039675,0.87036,0.081181,0.484056,-8.727848,90.539093,8.062014,0.080558,0.926005,-0.018264,0.368364,-8.373996,54.011452,1.388211,-0.021618,0.945589,0.022353,0.323875,-16.153183,6.836515,0.167453,-0.069145,0.886345,-0.082791,0.450286,1.029003,90.499321,24.386007,-0.026164,0.879411,-0.109064,0.462662,2.811945,54.229473,32.148232,-0.077931,0.871554,-0.062056,0.480073,0.186103,7.605165,42.480671,-0.021618,0.945589,0.022353,0.323875,-7.088485,1.470412,-11.263964,-0.077931,0.871554,-0.062056,0.480073,12.731129,1.071492,36.032837
547,4.558333,-0.005402,0.869636,0.009917,0.493564,-3.774396,90.495155,16.217772,-0.016239,0.875955,0.075385,0.476189,-3.923984,98.290398,16.310686,-0.030108,0.878602,0.06408,0.472278,-5.435626,113.190094,18.068913,0.061351,0.930124,-0.032171,0.360653,-7.542059,131.573669,19.631779,0.098479,0.962738,-0.09745,0.232251,-4.249553,145.9729,17.998863,0.008081,0.852394,0.118168,0.509308,-9.46341,125.669861,16.262182,0.361618,-0.57637,0.101961,-0.725695,-18.174564,128.098892,0.574683,0.062259,-0.030786,-0.545121,-0.835475,-10.671103,114.635765,-17.606882,0.161799,0.002843,-0.535399,-0.828952,-1.256138,135.784012,-20.38892,-0.189136,0.899885,0.126177,0.372174,-5.263662,125.611893,22.60445,0.312475,0.89626,0.130455,-0.286461,6.532076,130.075058,35.597633,-0.029377,0.277959,0.434225,-0.856344,21.801033,118.505905,21.415215,0.075442,0.120791,0.357518,-0.922984,11.259497,135.610611,11.275101,0.040432,0.870516,0.081002,0.483742,-8.649865,90.498909,8.053984,0.081021,0.925547,-0.018594,0.369394,-8.353716,53.973621,1.364537,-0.021701,0.945277,0.023224,0.324718,-16.183748,6.806993,0.147906,-0.068437,0.886409,-0.083336,0.450168,1.101072,90.491409,24.381559,-0.026052,0.879487,-0.109097,0.462517,2.820235,54.221046,32.155743,-0.077923,0.871602,-0.06185,0.480014,0.185201,7.596859,42.486389,-0.021701,0.945277,0.023224,0.324718,-7.095191,1.466004,-11.276325,-0.077923,0.871602,-0.06185,0.480014,12.730169,1.067662,36.033913
548,4.566667,-0.004648,0.869658,0.009448,0.493543,-3.794094,90.511223,16.222038,-0.015597,0.875965,0.075011,0.476251,-3.929842,98.306725,16.314394,-0.030108,0.878562,0.064014,0.472361,-5.417719,113.193039,18.070076,0.061412,0.930093,-0.032345,0.360706,-7.523135,131.576935,19.630611,0.098658,0.96271,-0.097423,0.232305,-4.227012,145.974899,17.993864,0.008287,0.85231,0.11804,0.509476,-9.444278,125.672897,16.26128,0.361392,-0.576391,0.10209,-0.725773,-18.149128,128.106613,0.571004,0.062076,-0.03071,-0.5451,-0.835506,-10.648062,114.644501,-17.612305,0.1617,0.002958,-0.535382,-0.828982,-1.231566,135.793655,-20.386786,-0.189503,0.899783,0.126387,0.372164,-5.245717,125.615295,22.604336,0.312668,0.896243,0.130617,-0.286227,6.545272,130.086929,35.598919,-0.029062,0.277718,0.434486,-0.8563,21.814869,118.510506,21.423113,0.07607,0.120695,0.358195,-0.922682,11.276108,135.622391,11.285659,0.040096,0.870349,0.081124,0.484051,-8.670099,90.523026,8.058577,0.080874,0.925938,-0.018501,0.368451,-8.345488,53.9972,1.373415,-0.021493,0.945523,0.022694,0.324051,-16.160572,6.827965,0.16173,-0.068688,0.886413,-0.083172,0.450152,1.081911,90.499413,24.385496,-0.025973,0.879515,-0.109085,0.462472,2.823186,54.22958,32.157249,-0.078161,0.871533,-0.062091,0.480068,0.18258,7.604751,42.483559,-0.021493,0.945523,0.022694,0.324051,-7.091919,1.470112,-11.270423,-0.078161,0.871533,-0.062091,0.480068,12.729942,1.073879,36.037434
549,4.575,-0.004565,0.869621,0.009344,0.49361,-3.781231,90.511238,16.221182,-0.015562,0.875926,0.074799,0.476357,-3.915067,98.306778,16.312765,-0.029979,0.878509,0.06412,0.472453,-5.399553,113.197517,18.063625,0.061338,0.930095,-0.032489,0.360702,-7.50279,131.581192,19.629669,0.098949,0.962686,-0.097352,0.232308,-4.207209,145.97876,17.988207,0.008291,0.852182,0.118311,0.509627,-9.42409,125.678513,16.258078,0.360976,-0.576424,0.102471,-0.725901,-18.123363,128.11795,0.565597,0.061806,-0.030698,-0.545023,-0.835576,-10.627809,114.652893,-17.617813,0.161633,0.003061,-0.535376,-0.828999,-1.206852,135.802536,-20.384975,-0.18968,0.89962,0.126609,0.372391,-5.226736,125.618317,22.601908,0.312766,0.896285,0.130487,-0.28605,6.555681,130.090576,35.604042,-0.029135,0.278193,0.434572,-0.8561,21.827179,118.5065,21.436544,0.076032,0.120867,0.357819,-0.922809,11.30548,135.616379,11.286562,0.040194,0.87029,0.081141,0.484145,-8.655991,90.52346,8.056979,0.081189,0.925543,-0.018638,0.369365,-8.336349,53.998436,1.367211,-0.021527,0.945326,0.022559,0.324632,-16.182814,6.834584,0.14878,-0.068652,0.886394,-0.083228,0.450184,1.093528,90.499016,24.385386,-0.025931,0.879461,-0.109116,0.462569,2.83026,54.229504,32.159649,-0.077973,0.8716,-0.061961,0.479994,0.183654,7.605124,42.486423,-0.021527,0.945326,0.022559,0.324632,-7.100287,1.473562,-11.270865,-0.077973,0.8716,-0.061961,0.479994,12.728346,1.074066,36.035286
550,4.583333,-0.004537,0.869571,0.009334,0.493698,-3.764856,90.513405,16.219032,-0.015302,0.875887,0.074684,0.476456,-3.89824,98.308952,16.310669,-0.029915,0.878454,0.064148,0.472555,-5.374237,113.1987,18.061888,0.061214,0.930084,-0.032472,0.360752,-7.476062,131.582382,19.629711,0.099089,0.962656,-0.097428,0.23234,-4.183846,145.980652,17.987642,0.00844,0.852264,0.118111,0.509533,-9.397182,125.68029,16.256975,0.360766,-0.576512,0.102406,-0.725944,-18.099823,128.12027,0.566445,0.061601,-0.030638,-0.544945,-0.835644,-10.608487,114.661514,-17.623365,0.161428,0.003146,-0.535032,-0.82926,-1.183573,135.809937,-20.382818,-0.189807,0.899628,0.126872,0.372219,-5.201235,125.618919,22.601727,0.312722,0.896325,0.130663,-0.285892,6.584099,130.092621,35.600727,-0.02898,0.278077,0.434424,-0.856218,21.861225,118.511238,21.43709,0.076063,0.120869,0.357753,-0.922831,11.331601,135.614441,11.28761,0.040221,0.870248,0.081104,0.484225,-8.637963,90.526001,8.053843,0.081111,0.92582,-0.018736,0.368684,-8.320815,54.000683,1.365548,-0.020621,0.945541,0.023038,0.324031,-16.164732,6.835967,0.164282,-0.068563,0.886309,-0.083339,0.450344,1.108252,90.500801,24.384222,-0.025776,0.87936,-0.109019,0.462792,2.833998,54.231762,32.163128,-0.077986,0.871444,-0.061861,0.480288,0.17602,7.604578,42.474358,-0.020621,0.945541,0.023038,0.324031,-7.104916,1.479062,-11.275319,-0.077986,0.871444,-0.061861,0.480288,12.726031,1.076986,36.030067
551,4.591667,-0.004452,0.86956,0.009293,0.49372,-3.750385,90.514534,16.215145,-0.015219,0.875841,0.074729,0.476535,-3.882307,98.310104,16.306892,-0.029821,0.878405,0.064119,0.472657,-5.357292,113.20356,18.060823,0.061828,0.930015,-0.032299,0.36084,-7.455738,131.587585,19.629135,0.098856,0.962689,-0.097691,0.232193,-4.148387,145.983704,17.998755,0.008408,0.852217,0.118047,0.509627,-9.377322,125.686058,16.255682,0.360416,-0.576522,0.102573,-0.726087,-18.076511,128.124237,0.562967,0.061278,-0.030709,-0.544857,-0.835723,-10.587348,114.668449,-17.629927,0.161124,0.003065,-0.534939,-0.829379,-1.157638,135.816925,-20.383953,-0.189598,0.899652,0.126764,0.372303,-5.182759,125.623512,22.601336,0.31302,0.896228,0.130352,-0.286011,6.603175,130.091644,35.601704,-0.029146,0.278198,0.434785,-0.85599,21.868149,118.495453,21.437103,0.076156,0.120967,0.357905,-0.922752,11.354816,135.611725,11.288681,0.040131,0.870256,0.081134,0.484212,-8.623103,90.528175,8.049727,0.081558,0.9256,-0.01882,0.369132,-8.299142,54.002678,1.362687,-0.020572,0.945344,0.022836,0.324622,-16.184673,6.845215,0.149265,-0.068475,0.886307,-0.083448,0.450342,1.122333,90.5009,24.380566,-0.025815,0.879488,-0.109141,0.462518,2.838683,54.232311,32.16367,-0.077943,0.87161,-0.061898,0.479989,0.18177,7.607865,42.487534,-0.020572,0.945344,0.022836,0.324622,-7.11185,1.482487,-11.27729,-0.077943,0.87161,-0.061898,0.479989,12.726346,1.077796,36.035175
552,4.6,-0.004384,0.869518,0.009286,0.493794,-3.735285,90.51548,16.211178,-0.014757,0.875778,0.074616,0.476684,-3.866232,98.311066,16.303331,-0.029971,0.878295,0.064119,0.472852,-5.327665,113.204872,18.060629,0.061975,0.929919,-0.032889,0.361009,-7.431333,131.588577,19.625826,0.09869,0.962691,-0.097303,0.23242,-4.113375,145.980713,17.981842,0.008561,0.852252,0.117901,0.5096,-9.349901,125.68618,16.252161,0.360082,-0.576627,0.102677,-0.726154,-18.049994,128.126297,0.560243,0.061006,-0.030692,-0.544772,-0.835799,-10.567633,114.673973,-17.638008,0.160944,0.003171,-0.534829,-0.829485,-1.133303,135.822128,-20.384388,-0.189496,0.899596,0.126694,0.372514,-5.158284,125.625397,22.599779,0.313181,0.896167,0.130347,-0.286027,6.623356,130.089767,35.605328,-0.029121,0.278328,0.434914,-0.855883,21.883106,118.487671,21.439938,0.076123,0.121186,0.358123,-0.922641,11.377701,135.607224,11.287203,0.040181,0.870315,0.081021,0.48412,-8.606616,90.53019,8.044933,0.081651,0.925684,-0.018818,0.368901,-8.290721,54.003643,1.363295,-0.020505,0.945346,0.022763,0.324628,-16.18462,6.84762,0.148304,-0.068402,0.886311,-0.083544,0.450327,1.136046,90.500771,24.37742,-0.02576,0.879524,-0.109178,0.462444,2.844424,54.232632,32.164349,-0.077805,0.871642,-0.061834,0.479961,0.182129,7.608688,42.489086,-0.020505,0.945346,0.022763,0.324628,-7.112618,1.482242,-11.27766,-0.077805,0.871642,-0.061834,0.479961,12.725008,1.077838,36.034222
553,4.608333,-0.004314,0.869501,0.009184,0.493827,-3.721089,90.516838,16.21031,-0.01465,0.875777,0.074504,0.476706,-3.850313,98.312462,16.301619,-0.029954,0.878288,0.064122,0.472866,-5.307209,113.205589,18.057337,0.061858,0.929906,-0.03329,0.361026,-7.410391,131.589325,19.622896,0.098888,0.962645,-0.097154,0.232589,-4.091422,145.979828,17.966894,0.008629,0.852222,0.117941,0.50964,-9.329037,125.68705,16.249044,0.359934,-0.576672,0.102695,-0.726189,-18.027615,128.130157,0.556749,0.060913,-0.030627,-0.544644,-0.835891,-10.547927,114.680313,-17.644444,0.160819,0.003168,-0.53478,-0.82954,-1.106172,135.82782,-20.38591,-0.189246,0.899607,0.126612,0.372642,-5.137595,125.626007,22.596777,0.313119,0.896213,0.130042,-0.286091,6.644009,130.082855,35.604946,-0.02926,0.278491,0.434904,-0.85583,21.903858,118.478966,21.441118,0.076107,0.121353,0.358446,-0.922496,11.401402,135.600357,11.284737,0.040107,0.870318,0.081159,0.484098,-8.591808,90.531746,8.0437,0.081827,0.925748,-0.018998,0.368693,-8.266316,54.006416,1.355868,-0.020209,0.945406,0.022813,0.324467,-16.182297,6.853801,0.152324,-0.068303,0.886341,-0.083571,0.450277,1.149629,90.501923,24.376921,-0.025684,0.879578,-0.109235,0.462333,2.851072,54.233109,32.16222,-0.07779,0.871642,-0.061928,0.479951,0.181197,7.609982,42.488682,-0.020209,0.945406,0.022813,0.324467,-7.117182,1.486855,-11.278372,-0.07779,0.871642,-0.061928,0.479951,12.723303,1.076682,36.034794
554,4.616667,-0.00425,0.86951,0.009049,0.493814,-3.706841,90.519119,16.209038,-0.014614,0.875761,0.07446,0.476744,-3.834156,98.314789,16.299011,-0.029862,0.878265,0.064117,0.472914,-5.289448,113.206985,18.053883,0.061961,0.929879,-0.033343,0.361073,-7.38963,131.590942,19.620792,0.098923,0.962624,-0.097217,0.232631,-4.06717,145.980652,17.964663,0.008753,0.852146,0.117952,0.509763,-9.308966,125.689293,16.24626,0.359826,-0.576783,0.102755,-0.726146,-18.002918,128.136917,0.552109,0.0608,-0.030581,-0.544495,-0.835999,-10.529898,114.686287,-17.651228,0.160709,0.003029,-0.53456,-0.829704,-1.079937,135.832031,-20.387901,-0.189123,0.899595,0.126481,0.372779,-5.118139,125.626984,22.594385,0.313178,0.896222,0.130031,-0.286004,6.661472,130.080856,35.605373,-0.02911,0.278549,0.435112,-0.855711,21.921917,118.473602,21.444944,0.07656,0.12117,0.358689,-0.922387,11.429305,135.598465,11.285406,0.040145,0.87007,0.081435,0.484495,-8.577831,90.533821,8.042589,0.082015,0.925552,-0.019308,0.369126,-8.241715,54.012047,1.335887,-0.020016,0.945342,0.022538,0.324686,-16.18453,6.863513,0.149407,-0.068222,0.88627,-0.083619,0.450421,1.164148,90.504417,24.375486,-0.025625,0.879547,-0.10928,0.462383,2.857403,54.235386,32.161575,-0.077864,0.871646,-0.062001,0.479922,0.179972,7.612911,42.489021,-0.020016,0.945342,0.022538,0.324686,-7.117157,1.487191,-11.275085,-0.077864,0.871646,-0.062001,0.479922,12.722095,1.078977,36.035805
555,4.625,-0.004256,0.86948,0.009065,0.493867,-3.689943,90.520493,16.204687,-0.014545,0.875724,0.074461,0.476814,-3.817473,98.316154,16.294827,-0.029658,0.878236,0.064095,0.472984,-5.271076,113.208008,18.050577,0.062742,0.929843,-0.03281,0.361081,-7.364352,131.592514,19.620201,0.09855,0.962718,-0.097626,0.232229,-4.026209,145.981186,17.986935,0.0088,0.852092,0.117962,0.50985,-9.285543,125.692162,16.244471,0.359846,-0.576941,0.102643,-0.726026,-17.976269,128.141815,0.548851,0.060808,-0.030499,-0.544345,-0.836099,-10.510882,114.692352,-17.658482,0.160585,0.003103,-0.534407,-0.829827,-1.053356,135.834412,-20.391756,-0.189198,0.899601,0.126558,0.3727,-5.095539,125.627205,22.593111,0.313417,0.896165,0.130181,-0.285851,6.685164,130.082916,35.602478,-0.02895,0.278559,0.435231,-0.855652,21.942638,118.467392,21.445641,0.076626,0.121338,0.358752,-0.922335,11.455106,135.593445,11.283627,0.040111,0.869875,0.081714,0.4848,-8.55992,90.535255,8.037638,0.082206,0.925474,-0.01969,0.369258,-8.209105,54.016651,1.314418,-0.020007,0.945416,0.022314,0.324485,-16.181995,6.872553,0.153833,-0.068124,0.886161,-0.083741,0.450627,1.180033,90.505722,24.371737,-0.025608,0.879467,-0.109286,0.462536,2.860958,54.237217,32.162922,-0.077916,0.87165,-0.061983,0.479909,0.180022,7.614779,42.489639,-0.020007,0.945416,0.022314,0.324485,-7.120248,1.489918,-11.272147,-0.077916,0.87165,-0.061983,0.479909,12.722604,1.082054,36.036102
556,4.633333,-0.003402,0.869569,0.008706,0.493724,-3.704357,90.534019,16.208452,-0.013874,0.875715,0.073782,0.476955,-3.817513,98.329887,16.300314,-0.029755,0.87812,0.064103,0.473193,-5.242512,113.210403,18.045956,0.062487,0.929841,-0.032185,0.361185,-7.339483,131.594666,19.613628,0.09892,0.96266,-0.098136,0.2321,-4.014362,145.988022,17.995106,0.00899,0.852115,0.117971,0.509805,-9.258085,125.693825,16.237261,0.360085,-0.576976,0.102514,-0.725898,-17.950333,128.149307,0.543398,0.060964,-0.030442,-0.544277,-0.836134,-10.485604,114.697769,-17.662664,0.160495,0.003111,-0.534279,-0.829926,-1.025273,135.836166,-20.397327,-0.189118,0.899555,0.126539,0.372858,-5.071172,125.629852,22.58795,0.313563,0.896141,0.130368,-0.28568,6.706344,130.082184,35.601357,-0.028734,0.278606,0.435354,-0.855582,21.964108,118.46225,21.448446,0.076875,0.121375,0.358779,-0.922299,11.482866,135.588486,11.281725,0.039774,0.869634,0.082089,0.485197,-8.577154,90.559509,8.043111,0.082291,0.925454,-0.01984,0.369282,-8.187946,54.043465,1.308099,-0.019628,0.945507,0.021717,0.324282,-16.173559,6.901267,0.1576,-0.06836,0.886071,-0.083561,0.450803,1.16844,90.50853,24.373795,-0.025451,0.879268,-0.109242,0.462933,2.869374,54.240181,32.161377,-0.077914,0.871502,-0.062003,0.480176,0.172511,7.616064,42.476372,-0.019628,0.945507,0.021717,0.324282,-7.122722,1.498457,-11.267506,-0.077914,0.871502,-0.062003,0.480176,12.719244,1.083685,36.030556
557,4.641667,-0.004802,0.869408,0.009443,0.493982,-3.628143,90.515633,16.192915,-0.014622,0.87564,0.074426,0.476971,-3.765996,98.311111,16.283945,-0.029484,0.878151,0.064145,0.473146,-5.222133,113.21019,18.038256,0.062362,0.929885,-0.032148,0.361098,-7.310899,131.594849,19.612179,0.098987,0.962658,-0.098258,0.232029,-3.98982,145.989059,17.992907,0.008979,0.852051,0.118033,0.509898,-9.23256,125.69593,16.234186,0.35985,-0.577096,0.102598,-0.725908,-17.921389,128.152603,0.538608,0.060785,-0.030474,-0.544132,-0.83624,-10.464024,114.702545,-17.671579,0.160423,0.002966,-0.534097,-0.830058,-0.996745,135.837494,-20.402607,-0.189062,0.899568,0.126428,0.372893,-5.044735,125.628105,22.584236,0.31362,0.896128,0.130334,-0.285675,6.732631,130.080002,35.597931,-0.028594,0.278598,0.435397,-0.855567,21.988838,118.457375,21.445555,0.077036,0.12128,0.358875,-0.922261,11.509242,135.583008,11.276777,0.040454,0.869706,0.081789,0.485062,-8.495882,90.524933,8.024521,0.082528,0.925411,-0.020199,0.369318,-8.162463,54.009308,1.284295,-0.020174,0.945441,0.022344,0.324399,-16.181438,6.872219,0.156867,-0.067678,0.886082,-0.084095,0.450784,1.239597,90.506325,24.361307,-0.025374,0.879296,-0.10929,0.462873,2.877941,54.237736,32.161179,-0.077785,0.871503,-0.061848,0.480216,0.173202,7.614252,42.476963,-0.020174,0.945441,0.022344,0.324399,-7.119851,1.49201,-11.270386,-0.077785,0.871503,-0.061848,0.480216,12.719872,1.083554,36.02932
558,4.65,-0.005374,0.869333,0.009731,0.494101,-3.579154,90.503929,16.188398,-0.015077,0.875532,0.074641,0.477122,-3.726992,98.299232,16.278904,-0.029434,0.878065,0.06412,0.473312,-5.200045,113.21244,18.033834,0.062218,0.929913,-0.032055,0.361059,-7.287035,131.597321,19.607435,0.099205,0.962685,-0.098327,0.231791,-3.970937,145.992783,17.988941,0.009067,0.852071,0.117953,0.509882,-9.208212,125.698746,16.228598,0.359868,-0.577104,0.102623,-0.725889,-17.89757,128.15657,0.5335,0.060812,-0.030509,-0.543992,-0.836328,-10.440899,114.705109,-17.675926,0.160312,0.002799,-0.533999,-0.830143,-0.966444,135.837112,-20.408773,-0.189008,0.899629,0.126482,0.372755,-5.022723,125.630226,22.580177,0.313924,0.896029,0.130751,-0.285461,6.759094,130.080704,35.590324,-0.028267,0.278473,0.435523,-0.855555,22.012039,118.450905,21.440311,0.077092,0.121313,0.358914,-0.922237,11.534654,135.576218,11.270645,0.040734,0.869772,0.081881,0.484905,-8.444529,90.506516,8.018593,0.082863,0.925253,-0.020579,0.369619,-8.126976,53.99369,1.262432,-0.020016,0.945377,0.022615,0.324577,-16.188362,6.863379,0.154038,-0.067259,0.886009,-0.084316,0.450949,1.28622,90.50135,24.358204,-0.025392,0.879403,-0.109484,0.462622,2.88813,54.231323,32.158962,-0.077987,0.871683,-0.061892,0.47985,0.179124,7.611984,42.492355,-0.020016,0.945377,0.022615,0.324577,-7.12335,1.489136,-11.273303,-0.077987,0.871683,-0.061892,0.47985,12.721986,1.082307,36.036278
559,4.658333,-0.005228,0.869289,0.009661,0.494183,-3.564019,90.5037,16.182554,-0.01502,0.875501,0.074567,0.477192,-3.709341,98.299042,16.273235,-0.029346,0.878043,0.064031,0.47337,-5.179931,113.212143,18.026882,0.061762,0.929909,-0.032594,0.361098,-7.26263,131.597641,19.599014,0.099473,0.962617,-0.098024,0.23209,-3.953188,145.992432,17.961222,0.008986,0.851877,0.118257,0.510138,-9.184846,125.699303,16.220343,0.359634,-0.577227,0.102897,-0.725868,-17.86482,128.16127,0.520697,0.060605,-0.030489,-0.543907,-0.836399,-10.417606,114.70475,-17.688866,0.16034,0.002649,-0.533869,-0.830222,-0.938596,135.835999,-20.415583,-0.188894,0.899608,0.126461,0.372869,-5.000121,125.630188,22.572422,0.313801,0.896111,0.130627,-0.285396,6.780166,130.076584,35.585358,-0.028213,0.278521,0.435519,-0.855543,22.038559,118.44873,21.439627,0.077439,0.121141,0.358891,-0.922239,11.562126,135.573212,11.267109,0.040708,0.86964,0.081969,0.485129,-8.4279,90.508072,8.011858,0.082986,0.925323,-0.020789,0.369402,-8.103775,53.996151,1.251117,-0.020411,0.94545,0.022271,0.324364,-16.183598,6.868622,0.158847,-0.067208,0.885996,-0.084345,0.450977,1.299862,90.499321,24.353249,-0.025334,0.879346,-0.109558,0.462716,2.897261,54.229153,32.154263,-0.077848,0.871687,-0.061788,0.479879,0.179082,7.611078,42.49094,-0.020411,0.94545,0.022271,0.324364,-7.120527,1.488697,-11.267363,-0.077848,0.871687,-0.061788,0.479879,12.721342,1.081699,36.033379
560,4.666667,-0.005167,0.869294,0.009781,0.494171,-3.545194,90.506027,16.177341,-0.014981,0.875534,0.074463,0.477148,-3.690614,98.301353,16.270109,-0.029211,0.878086,0.064004,0.473302,-5.158478,113.213875,18.021551,0.062401,0.929892,-0.032192,0.361068,-7.236155,131.599792,19.595352,0.099096,0.962686,-0.098364,0.231818,-3.913652,145.993576,17.975143,0.009046,0.851814,0.118917,0.510087,-9.160485,125.702194,16.2166,0.359659,-0.577298,0.103172,-0.72576,-17.842281,128.177979,0.520141,0.060762,-0.030698,-0.543654,-0.836544,-10.401685,114.710556,-17.684067,0.16029,0.002582,-0.533715,-0.83033,-0.911108,135.833282,-20.422216,-0.18864,0.899622,0.126403,0.372985,-4.974666,125.631546,22.567936,0.313948,0.895989,0.131121,-0.285391,6.805992,130.069992,35.583244,-0.027908,0.278232,0.435675,-0.855567,22.060116,118.444374,21.431082,0.077534,0.120962,0.359401,-0.922056,11.582052,135.57196,11.263083,0.040705,0.869558,0.082054,0.485261,-8.409293,90.512527,8.006779,0.083148,0.925503,-0.020919,0.368908,-8.080859,54.001637,1.240711,-0.020159,0.945466,0.022123,0.324342,-16.180035,6.877205,0.158521,-0.067082,0.885913,-0.084375,0.451154,1.318905,90.499535,24.347904,-0.025306,0.879214,-0.109647,0.462947,2.905431,54.228474,32.147015,-0.077856,0.871657,-0.061856,0.479923,0.178199,7.61213,42.489113,-0.020159,0.945466,0.022123,0.324342,-7.120683,1.490729,-11.267546,-0.077856,0.871657,-0.061856,0.479923,12.720934,1.081454,36.033798
561,4.675,-0.003106,0.869468,0.008648,0.493904,-3.610974,90.539619,16.186489,-0.013826,0.875625,0.073515,0.477164,-3.719693,98.335533,16.279821,-0.029211,0.87806,0.063869,0.473369,-5.139872,113.215637,18.018616,0.063017,0.929843,-0.031892,0.361114,-7.215332,131.602203,19.587858,0.098915,0.962736,-0.098618,0.231579,-3.879104,145.994492,17.982609,0.009303,0.851741,0.118692,0.510258,-9.139944,125.704071,16.21018,0.359827,-0.577345,0.103209,-0.725634,-17.815252,128.184357,0.510846,0.060883,-0.030645,-0.543611,-0.836565,-10.377626,114.710854,-17.690077,0.160349,0.002556,-0.533491,-0.830463,-0.885128,135.831451,-20.429033,-0.188405,0.899715,0.126101,0.372981,-4.955084,125.634338,22.56216,0.31377,0.896162,0.130206,-0.285461,6.828873,130.06987,35.57547,-0.028243,0.278744,0.43546,-0.855499,22.086422,118.43721,21.432789,0.077055,0.120622,0.359352,-0.92216,11.612599,135.560226,11.252099,0.039776,0.868903,0.082509,0.486434,-8.480425,90.569489,8.019166,0.083185,0.925835,-0.020705,0.368078,-8.06646,54.058601,1.257772,-0.0193,0.945625,0.020827,0.324016,-16.162426,6.933916,0.162618,-0.067834,0.88581,-0.083794,0.451352,1.258477,90.509758,24.353811,-0.025274,0.879197,-0.109726,0.462962,2.912266,54.238976,32.140259,-0.077724,0.87165,-0.062093,0.479926,0.178664,7.624128,42.487438,-0.0193,0.945625,0.020827,0.324016,-7.124424,1.50335,-11.259491,-0.077724,0.87165,-0.062093,0.479926,12.718843,1.085877,36.034824
562,4.683333,-0.003051,0.869426,0.008649,0.493977,-3.590532,90.540527,16.17919,-0.0138,0.875602,0.073425,0.47722,-3.698524,98.336449,16.272949,-0.028979,0.878048,0.06393,0.473398,-5.116764,113.216316,18.009619,0.062782,0.929858,-0.031851,0.36112,-7.185759,131.603088,19.58489,0.098984,0.962701,-0.098772,0.231631,-3.856301,145.99678,17.97827,0.009432,0.851778,0.118517,0.510235,-9.11236,125.706772,16.205202,0.359992,-0.577645,0.10288,-0.725361,-17.78845,128.187668,0.506394,0.061036,-0.030436,-0.543315,-0.836754,-10.364086,114.717194,-17.702187,0.16034,0.002485,-0.533366,-0.830545,-0.856858,135.829529,-20.436026,-0.188137,0.899716,0.125948,0.373167,-4.927712,125.633446,22.557283,0.313841,0.89608,0.130966,-0.285295,6.854887,130.061462,35.574387,-0.027919,0.278527,0.435593,-0.855513,22.114828,118.43634,21.428085,0.077293,0.120559,0.359422,-0.922121,11.641802,135.558701,11.250453,0.039815,0.868803,0.082569,0.486599,-8.458611,90.571335,8.011051,0.083313,0.925578,-0.02096,0.368681,-8.043681,54.061413,1.244488,-0.018823,0.945612,0.020988,0.324074,-16.159044,6.939766,0.162064,-0.067835,0.88582,-0.0839,0.451311,1.277547,90.509727,24.347326,-0.025146,0.879155,-0.10979,0.463034,2.928123,54.240273,32.140667,-0.07774,0.871661,-0.062087,0.479906,0.180061,7.626158,42.487305,-0.018823,0.945612,0.020988,0.324074,-7.124341,1.509014,-11.262566,-0.07774,0.871661,-0.062087,0.479906,12.720121,1.088239,36.034119
563,4.691667,-0.004957,0.86917,0.009625,0.494395,-3.489578,90.508469,16.160419,-0.014808,0.875455,0.074279,0.477328,-3.630977,98.303864,16.252651,-0.02885,0.878027,0.063935,0.473443,-5.092031,113.217995,18.00152,0.062692,0.929852,-0.031894,0.361148,-7.157005,131.605026,19.579128,0.098983,0.962684,-0.098813,0.231684,-3.829449,145.998947,17.97052,0.009437,0.8518,0.118584,0.510183,-9.084662,125.709595,16.198483,0.359795,-0.577609,0.10311,-0.725454,-17.762671,128.191681,0.50092,0.061129,-0.030316,-0.543381,-0.836708,-10.338595,114.718819,-17.706011,0.160972,0.002633,-0.53338,-0.830414,-0.833964,135.83374,-20.437777,-0.188041,0.899679,0.125817,0.373348,-4.900546,125.634453,22.550892,0.314011,0.896025,0.131089,-0.285224,6.878471,130.060043,35.572063,-0.027844,0.278589,0.43569,-0.855446,22.135242,118.429688,21.426634,0.077176,0.120603,0.359516,-0.922089,11.667308,135.554031,11.245848,0.0407,0.869194,0.082098,0.485907,-8.349519,90.517014,7.987384,0.083595,0.925488,-0.021373,0.368817,-8.014156,54.006622,1.218946,-0.019324,0.945507,0.02214,0.324272,-16.168673,6.891161,0.161831,-0.066969,0.885793,-0.084517,0.451379,1.370361,90.499916,24.333456,-0.025043,0.879113,-0.109914,0.46309,2.942707,54.229511,32.138462,-0.077846,0.871652,-0.061838,0.479937,0.179741,7.617503,42.490623,-0.019324,0.945507,0.02214,0.324272,-7.120028,1.497018,-11.269104,-0.077846,0.871652,-0.061838,0.479937,12.722665,1.087122,36.035381
564,4.7,-0.004864,0.869101,0.009564,0.494519,-3.468776,90.51049,16.152685,-0.014741,0.875403,0.074247,0.47743,-3.608459,98.305931,16.244802,-0.02881,0.877975,0.064003,0.473532,-5.067256,113.217613,17.99332,0.062539,0.929839,-0.032223,0.36118,-7.132279,131.604416,19.573637,0.099049,0.962663,-0.098731,0.231778,-3.805371,145.997314,17.95463,0.009536,0.851771,0.118591,0.510227,-9.059356,125.709572,16.191612,0.359742,-0.577481,0.103351,-0.725548,-17.735661,128.195053,0.493649,0.061145,-0.030512,-0.543337,-0.836729,-10.306898,114.717079,-17.707582,0.160877,0.002521,-0.533567,-0.830312,-0.800325,135.830826,-20.447384,-0.188008,0.899695,0.125766,0.373344,-4.87649,125.633301,22.54483,0.314065,0.896026,0.131146,-0.285133,6.90307,130.05864,35.565598,-0.027791,0.278571,0.435701,-0.855448,22.160709,118.426178,21.422846,0.077134,0.120684,0.359856,-0.921949,11.693117,135.549622,11.242075,0.040669,0.869131,0.082208,0.486003,-8.326406,90.52005,7.978276,0.083749,0.925425,-0.021637,0.368927,-7.984269,54.010807,1.203975,-0.019272,0.945555,0.021994,0.324147,-16.161406,6.898895,0.163836,-0.066948,0.885676,-0.084543,0.451606,1.388852,90.500938,24.327093,-0.024956,0.879031,-0.110043,0.46322,2.956974,54.230656,32.133537,-0.077834,0.871669,-0.061946,0.479893,0.179398,7.62096,42.492191,-0.019272,0.945555,0.021994,0.324147,-7.116793,1.500195,-11.268139,-0.077834,0.871669,-0.061946,0.479893,12.720974,1.087748,36.037193
565,4.708333,-0.004586,0.8691,0.009347,0.494527,-3.461123,90.513824,16.146824,-0.014213,0.875413,0.074115,0.477449,-3.595351,98.309364,16.238136,-0.028891,0.877955,0.063948,0.473573,-5.037776,113.216377,17.990103,0.06281,0.929808,-0.03228,0.361206,-7.104544,131.603256,19.567104,0.098815,0.962702,-0.098816,0.231682,-3.769619,145.994461,17.949577,0.009514,0.851786,0.118576,0.510206,-9.03076,125.707687,16.185873,0.359707,-0.57752,0.103299,-0.725542,-17.707863,128.192139,0.488184,0.061169,-0.030578,-0.543257,-0.836777,-10.280738,114.716293,-17.715296,0.160886,0.00246,-0.533543,-0.830326,-0.770332,135.827774,-20.458107,-0.188129,0.89968,0.125921,0.373266,-4.848552,125.632843,22.539543,0.314247,0.896004,0.130831,-0.285146,6.931476,130.060272,35.559177,-0.027919,0.278697,0.435884,-0.855309,22.183319,118.416168,21.41975,0.077183,0.12065,0.359709,-0.922006,11.726167,135.545609,11.238638,0.040351,0.869048,0.082508,0.486128,-8.318653,90.52594,7.97236,0.084026,0.925777,-0.021802,0.367969,-7.944154,54.018463,1.190271,-0.019191,0.945637,0.021592,0.323938,-16.15255,6.911689,0.163405,-0.066956,0.885665,-0.084546,0.451627,1.396408,90.501717,24.321287,-0.024892,0.879074,-0.110081,0.463132,2.964772,54.231548,32.128212,-0.077651,0.871651,-0.061911,0.47996,0.181193,7.622332,42.487396,-0.019191,0.945637,0.021592,0.323938,-7.115119,1.501076,-11.26862,-0.077651,0.871651,-0.061911,0.47996,12.721965,1.087274,36.0327
566,4.716667,-0.00405,0.869097,0.009098,0.494542,-3.458233,90.519112,16.138367,-0.014088,0.875423,0.073832,0.477477,-3.583289,98.314796,16.230436,-0.028549,0.87797,0.063978,0.473562,-5.017626,113.215164,17.975805,0.062963,0.929835,-0.031941,0.361141,-7.073753,131.602631,19.559834,0.098671,0.962742,-0.099068,0.231468,-3.738379,145.994919,17.952808,0.009725,0.851847,0.118346,0.510154,-9.003608,125.709427,16.176554,0.35985,-0.577448,0.103413,-0.725512,-17.682474,128.195923,0.480168,0.061312,-0.03068,-0.543244,-0.836771,-10.252501,114.713547,-17.717318,0.160925,0.002405,-0.533226,-0.830523,-0.742218,135.822769,-20.467525,-0.188093,0.899606,0.125849,0.373486,-4.820941,125.629822,22.529865,0.314248,0.896044,0.130784,-0.285041,6.95362,130.055542,35.555016,-0.027877,0.278842,0.435919,-0.855245,22.208294,118.409515,21.420233,0.077213,0.1205,0.35982,-0.92198,11.755493,135.53978,11.232944,0.040076,0.86891,0.082653,0.486372,-8.315568,90.537735,7.963801,0.08416,0.925972,-0.021916,0.36744,-7.916173,54.030396,1.18242,-0.018673,0.945709,0.021281,0.323778,-16.140886,6.926248,0.165579,-0.067041,0.885613,-0.084515,0.451722,1.399101,90.500488,24.312935,-0.024865,0.879038,-0.110164,0.463182,2.973186,54.230774,32.120846,-0.077758,0.871641,-0.06205,0.479943,0.183081,7.623181,42.4856,-0.018673,0.945709,0.021281,0.323778,-7.113951,1.501999,-11.268271,-0.077758,0.871641,-0.06205,0.479943,12.724111,1.086518,36.033024
567,4.725,-0.004012,0.869093,0.00907,0.49455,-3.435867,90.520164,16.130997,-0.013788,0.875447,0.073733,0.477457,-3.560194,98.315865,16.22299,-0.028673,0.877975,0.063952,0.473548,-4.984852,113.213661,17.969767,0.063027,0.929857,-0.031601,0.361102,-7.044549,131.600983,19.550814,0.098616,0.962773,-0.099313,0.231258,-3.711081,145.994781,17.953505,0.009793,0.85195,0.118298,0.509992,-8.973294,125.706848,16.16852,0.360298,-0.577333,0.103104,-0.725425,-17.658108,128.193878,0.475505,0.061668,-0.030631,-0.543309,-0.836704,-10.218801,114.712265,-17.718712,0.161057,0.002355,-0.533117,-0.830567,-0.71242,135.820313,-20.475918,-0.18756,0.899654,0.125447,0.373773,-4.790536,125.629105,22.521791,0.314249,0.89599,0.130947,-0.285136,6.983508,130.041916,35.551796,-0.028014,0.278836,0.436015,-0.855194,22.235579,118.399467,21.411259,0.077119,0.120634,0.359799,-0.921979,11.78608,135.534637,11.227385,0.039828,0.869208,0.08294,0.485811,-8.293056,90.539169,7.956344,0.084417,0.926113,-0.022219,0.367007,-7.871628,54.033886,1.165194,-0.018545,0.945783,0.021021,0.323588,-16.129974,6.935167,0.170007,-0.066911,0.885627,-0.084607,0.451695,1.421322,90.501167,24.305651,-0.024763,0.879006,-0.110269,0.463224,2.984059,54.231335,32.115227,-0.078537,0.871527,-0.062428,0.479974,0.180192,7.625482,42.484062,-0.018545,0.945783,0.021021,0.323588,-7.109848,1.502471,-11.265211,-0.078537,0.871527,-0.062428,0.479974,12.728673,1.092445,36.042316
568,4.733333,-0.003965,0.869083,0.00905,0.494567,-3.414483,90.521339,16.123228,-0.013793,0.875444,0.073654,0.477476,-3.538023,98.317047,16.215303,-0.028466,0.877981,0.063965,0.473548,-4.961377,113.211739,17.959482,0.063304,0.929858,-0.031465,0.361064,-7.014563,131.599442,19.544615,0.098377,0.962822,-0.099502,0.231072,-3.675107,145.992569,17.953779,0.009944,0.852006,0.118197,0.509919,-8.945487,125.706718,16.161095,0.360099,-0.577331,0.103298,-0.725498,-17.632898,128.196243,0.469913,0.061661,-0.030725,-0.543181,-0.836784,-10.195343,114.713097,-17.7239,0.161159,0.002301,-0.532997,-0.830624,-0.682539,135.81842,-20.484383,-0.187453,0.899634,0.125125,0.373983,-4.762553,125.626114,22.514217,0.314241,0.896023,0.131047,-0.284996,7.007273,130.038712,35.548103,-0.027948,0.278927,0.43606,-0.855144,22.263359,118.396568,21.411654,0.077211,0.120509,0.359788,-0.921992,11.817594,135.532242,11.223379,0.039831,0.869205,0.082975,0.48581,-8.271358,90.540924,7.948388,0.08429,0.92646,-0.022406,0.366149,-7.84883,54.036095,1.154897,-0.018409,0.946035,0.021041,0.322857,-16.103424,6.936118,0.18831,-0.06683,0.885584,-0.084694,0.451777,1.442391,90.501755,24.298069,-0.024704,0.878963,-0.110362,0.463287,2.99613,54.232204,32.110779,-0.078424,0.871542,-0.062422,0.479966,0.18237,7.628036,42.484528,-0.018409,0.946035,0.021041,0.322857,-7.102279,1.502418,-11.261382,-0.078424,0.871542,-0.062422,0.479966,12.729481,1.093303,36.041824
569,4.741667,-0.003937,0.869058,0.009064,0.494612,-3.391573,90.522392,16.114119,-0.013735,0.875409,0.073606,0.477548,-3.514845,98.3181,16.206585,-0.028477,0.877934,0.064026,0.473626,-4.936125,113.212929,17.950224,0.062955,0.929853,-0.032427,0.361051,-6.990875,131.600327,19.536959,0.098584,0.962789,-0.099089,0.231302,-3.651025,145.990021,17.916214,0.009981,0.851901,0.118185,0.510095,-8.920783,125.707832,16.15246,0.360007,-0.577331,0.103492,-0.725516,-17.601662,128.199005,0.457923,0.061643,-0.030699,-0.543124,-0.836824,-10.166037,114.711571,-17.733496,0.161118,0.00241,-0.533222,-0.830488,-0.649349,135.817795,-20.492666,-0.187313,0.899618,0.125091,0.374105,-4.738982,125.626839,22.506325,0.314337,0.895989,0.13116,-0.284944,7.029437,130.034668,35.543102,-0.027968,0.279008,0.436245,-0.855022,22.284084,118.390129,21.407042,0.077311,0.120603,0.359917,-0.92192,11.847511,135.531067,11.217714,0.039847,0.869171,0.082984,0.485868,-8.247599,90.542572,7.938776,0.084382,0.926597,-0.022586,0.36577,-7.82534,54.037952,1.144163,-0.018358,0.946108,0.020954,0.322652,-16.094658,6.940237,0.193758,-0.066731,0.885732,-0.08489,0.451465,1.464453,90.502205,24.289461,-0.024614,0.878918,-0.110401,0.463367,3.007815,54.234146,32.111141,-0.078294,0.871539,-0.062426,0.479993,0.183819,7.630381,42.483906,-0.018358,0.946108,0.020954,0.322652,-7.099284,1.503583,-11.259063,-0.078294,0.871539,-0.062426,0.479993,12.729888,1.093617,36.041237
570,4.75,-0.003906,0.86902,0.009029,0.494679,-3.368724,90.521851,16.105484,-0.013683,0.875378,0.073603,0.477607,-3.491312,98.317566,16.197712,-0.028449,0.877906,0.063995,0.473684,-4.911401,113.21347,17.942039,0.063153,0.929816,-0.032639,0.361093,-6.964816,131.601059,19.528124,0.098439,0.962802,-0.099094,0.231307,-3.617273,145.988586,17.903963,0.010042,0.851817,0.118183,0.510236,-8.894789,125.708664,16.143509,0.359953,-0.577441,0.103564,-0.725444,-17.570412,128.202255,0.446449,0.061653,-0.03065,-0.542988,-0.836913,-10.141573,114.712288,-17.745861,0.161165,0.002384,-0.5331,-0.830557,-0.617479,135.81633,-20.503229,-0.1873,0.899642,0.12507,0.37406,-4.713795,125.627457,22.4979,0.314426,0.895986,0.131271,-0.284803,7.056017,130.035538,35.533333,-0.027835,0.278961,0.436348,-0.854989,22.311813,118.387863,21.40111,0.077566,0.120552,0.359944,-0.921895,11.878286,135.530136,11.211666,0.039858,0.869019,0.083158,0.486109,-8.223501,90.542236,7.929401,0.084539,0.92655,-0.02292,0.365833,-7.793746,54.039818,1.123386,-0.018284,0.946145,0.020832,0.322555,-16.088417,6.946087,0.196449,-0.066631,0.885692,-0.084959,0.451544,1.486053,90.501465,24.281569,-0.024568,0.878798,-0.110506,0.463572,3.019805,54.233265,32.104527,-0.078381,0.871522,-0.062516,0.479997,0.184865,7.631498,42.483299,-0.018284,0.946145,0.020832,0.322555,-7.096565,1.505348,-11.2572,-0.078381,0.871522,-0.062516,0.479997,12.731546,1.094026,36.042542
571,4.758333,-0.003804,0.869011,0.009101,0.494695,-3.345213,90.51989,16.094358,-0.01354,0.875339,0.07369,0.47767,-3.466978,98.315605,16.188353,-0.028523,0.87786,0.063862,0.473783,-4.884806,113.212822,17.937124,0.063131,0.929786,-0.032831,0.361157,-6.938474,131.600891,19.517319,0.098386,0.962801,-0.09907,0.231345,-3.589344,145.987473,17.888025,0.010136,0.851789,0.118035,0.510314,-8.867688,125.70752,16.133982,0.359808,-0.577401,0.10371,-0.725528,-17.540337,128.201599,0.435358,0.061581,-0.030727,-0.542948,-0.836942,-10.110742,114.710846,-17.756065,0.161084,0.002415,-0.533066,-0.830594,-0.58419,135.815384,-20.514711,-0.187289,0.899633,0.125087,0.374082,-4.688192,125.628151,22.48938,0.314427,0.896029,0.13136,-0.284628,7.081163,130.035477,35.525478,-0.027611,0.278993,0.43632,-0.855,22.34169,118.387268,21.3988,0.077775,0.120515,0.360135,-0.921808,11.908079,135.525604,11.203782,0.039812,0.868953,0.083203,0.486224,-8.1997,90.542648,7.918108,0.084654,0.926572,-0.023149,0.365736,-7.764403,54.040516,1.110923,-0.018362,0.94626,0.020653,0.322225,-16.077284,6.94966,0.2011,-0.066573,0.885742,-0.085154,0.451418,1.509273,90.497139,24.270609,-0.024451,0.878819,-0.11058,0.46352,3.03374,54.230835,32.104118,-0.078226,0.871537,-0.06239,0.480011,0.18628,7.630089,42.484047,-0.018362,0.94626,0.020653,0.322225,-7.093095,1.504662,-11.256539,-0.078226,0.871537,-0.06239,0.480011,12.732053,1.093137,36.040993
572,4.766667,-0.003751,0.868989,0.00918,0.494732,-3.318299,90.515068,16.078363,-0.01345,0.875287,0.073897,0.477735,-3.439955,98.31076,16.173826,-0.028517,0.877814,0.063776,0.47388,-4.858949,113.21151,17.92972,0.063031,0.929779,-0.032842,0.361191,-6.911084,131.600006,19.507011,0.098373,0.962799,-0.099182,0.231308,-3.564446,145.987015,17.876518,0.010264,0.851749,0.118048,0.510375,-8.840168,125.706375,16.124046,0.359708,-0.577386,0.103861,-0.725567,-17.510492,128.20488,0.424844,0.061542,-0.030855,-0.54288,-0.836984,-10.081562,114.711723,-17.765068,0.161032,0.002335,-0.533015,-0.830637,-0.551683,135.815018,-20.527706,-0.187334,0.899631,0.125117,0.374053,-4.662055,125.627426,22.48036,0.314628,0.895999,0.131367,-0.284495,7.10747,130.035919,35.515903,-0.027508,0.27908,0.436412,-0.854928,22.365564,118.378815,21.393942,0.077888,0.120697,0.359981,-0.921835,11.937467,135.518555,11.194274,0.039752,0.868887,0.083243,0.486339,-8.172104,90.539452,7.901714,0.084838,0.926602,-0.023431,0.365599,-7.730639,54.037453,1.094203,-0.018267,0.946322,0.020551,0.322054,-16.069635,6.950837,0.204071,-0.06647,0.885766,-0.085366,0.451346,1.535506,90.490685,24.255013,-0.024404,0.878776,-0.110693,0.463578,3.046623,54.226048,32.098846,-0.078178,0.871574,-0.06239,0.479953,0.189516,7.627454,42.485779,-0.018267,0.946322,0.020551,0.322054,-7.09093,1.502055,-11.256066,-0.078178,0.871574,-0.06239,0.479953,12.733809,1.089561,36.040802
573,4.775,-0.003585,0.868917,0.009282,0.494858,-3.293812,90.517708,16.060974,-0.013378,0.875233,0.074088,0.477806,-3.41402,98.313393,16.159086,-0.028395,0.87779,0.063684,0.473944,-4.83371,113.210533,17.920561,0.062774,0.929778,-0.032938,0.36123,-6.880373,131.599716,19.496887,0.098396,0.962769,-0.099239,0.231398,-3.539576,145.987518,17.86124,0.010235,0.851691,0.117732,0.510546,-8.810849,125.706551,16.113905,0.359373,-0.577519,0.103881,-0.725625,-17.474871,128.199036,0.410265,0.061301,-0.030803,-0.542795,-0.837059,-10.053422,114.711845,-17.787128,0.161084,0.002268,-0.532697,-0.830831,-0.519495,135.813187,-20.541363,-0.187134,0.899646,0.124955,0.374171,-4.633558,125.626564,22.470747,0.314644,0.896008,0.13126,-0.284498,7.135484,130.030304,35.508335,-0.027428,0.279172,0.436455,-0.854879,22.393011,118.370949,21.387629,0.078094,0.120772,0.360151,-0.921741,11.968591,135.510986,11.183223,0.039762,0.86889,0.083011,0.486374,-8.145256,90.545822,7.882934,0.084822,0.926775,-0.023473,0.365161,-7.712594,54.041016,1.089908,-0.018026,0.946439,0.020494,0.321727,-16.052013,6.954324,0.207974,-0.066427,0.885756,-0.085554,0.451337,1.557631,90.489594,24.239012,-0.02435,0.878664,-0.110771,0.463775,3.059668,54.22691,32.093639,-0.078152,0.871535,-0.062507,0.480012,0.192207,7.629716,42.483997,-0.018026,0.946439,0.020494,0.321727,-7.083988,1.501553,-11.258624,-0.078152,0.871535,-0.062507,0.480012,12.736588,1.088872,36.042183
574,4.783333,-0.003323,0.868889,0.008989,0.494914,-3.281899,90.51342,16.055344,-0.012853,0.875133,0.073988,0.47802,-3.396299,98.309219,16.151493,-0.028633,0.877634,0.063477,0.474247,-4.80158,113.211967,17.918152,0.062666,0.92971,-0.033056,0.361414,-6.852911,131.601624,19.482834,0.098378,0.962762,-0.099272,0.231423,-3.513232,145.989288,17.84375,0.010253,0.851606,0.118293,0.510557,-8.77981,125.706223,16.101717,0.359204,-0.577476,0.104224,-0.725693,-17.443422,128.209641,0.399587,0.061278,-0.031064,-0.542712,-0.837104,-10.023051,114.715614,-17.79318,0.161056,0.00224,-0.532701,-0.830834,-0.485358,135.814972,-20.556948,-0.187014,0.899626,0.124915,0.374292,-4.607101,125.630547,22.46162,0.314725,0.896024,0.131069,-0.284449,7.160298,130.030228,35.502064,-0.027306,0.279356,0.436523,-0.854788,22.416746,118.364288,21.385612,0.078357,0.120911,0.360326,-0.921632,12.000008,135.50322,11.173299,0.039705,0.868362,0.083671,0.487206,-8.13234,90.543114,7.876716,0.085014,0.926452,-0.024202,0.365888,-7.665478,54.046146,1.043972,-0.01808,0.946519,0.020114,0.321514,-16.046473,6.965905,0.213343,-0.066491,0.885736,-0.085593,0.45136,1.568542,90.483727,24.233973,-0.024279,0.878638,-0.110857,0.463807,3.073193,54.222179,32.093315,-0.078108,0.871622,-0.062386,0.479878,0.19552,7.626483,42.487537,-0.01808,0.946519,0.020114,0.321514,-7.084232,1.503126,-11.253018,-0.078108,0.871622,-0.062386,0.479878,12.737844,1.087342,36.039993
575,4.791667,-0.003325,0.868796,0.008953,0.495079,-3.256085,90.519211,16.049479,-0.013115,0.875041,0.074027,0.478175,-3.370259,98.31501,16.145105,-0.028445,0.877572,0.063403,0.474382,-4.783248,113.216278,17.908611,0.06275,0.929664,-0.033438,0.361481,-6.827389,131.606689,19.473936,0.098241,0.962763,-0.099271,0.231478,-3.481268,145.991821,17.825727,0.010337,0.851542,0.117837,0.510768,-8.7558,125.712296,16.091902,0.359,-0.577422,0.10435,-0.72582,-17.411537,128.210754,0.384645,0.06112,-0.0312,-0.542717,-0.837108,-9.989408,114.718315,-17.808575,0.160967,0.002155,-0.532709,-0.830847,-0.452007,135.818558,-20.573801,-0.186814,0.899687,0.12465,0.374334,-4.584872,125.634476,22.452946,0.314763,0.896102,0.130894,-0.284241,7.184095,130.031479,35.492878,-0.027237,0.279696,0.436494,-0.854694,22.445023,118.359077,21.386631,0.078568,0.121248,0.360159,-0.921635,12.035222,135.495422,11.160576,0.039722,0.868354,0.083723,0.48721,-8.103414,90.548561,7.869005,0.085124,0.926551,-0.024432,0.365596,-7.635693,54.052341,1.032352,-0.01767,0.946612,0.020018,0.321266,-16.034605,6.974957,0.220842,-0.066394,0.885806,-0.085703,0.451214,1.591244,90.489853,24.229952,-0.024234,0.87852,-0.110919,0.464018,3.087137,54.228748,32.09301,-0.078224,0.871626,-0.062626,0.479819,0.200439,7.634172,42.48978,-0.01767,0.946612,0.020018,0.321266,-7.083117,1.50554,-11.250753,-0.078224,0.871626,-0.062626,0.479819,12.741989,1.091094,36.044724
576,4.8,-0.003174,0.868713,0.008951,0.495226,-3.236694,90.52224,16.037643,-0.012945,0.874966,0.074064,0.478312,-3.348828,98.318062,16.134392,-0.028435,0.877502,0.063292,0.474528,-4.757872,113.216522,17.900774,0.062818,0.929648,-0.033415,0.361513,-6.800014,131.607468,19.462309,0.098157,0.962793,-0.099436,0.231319,-3.452179,145.992355,17.815613,0.010436,0.851518,0.117765,0.510823,-8.728123,125.712761,16.080643,0.358992,-0.577352,0.104271,-0.72589,-17.38176,128.213181,0.372538,0.061128,-0.031355,-0.542706,-0.837109,-9.955008,114.724518,-17.82159,0.160886,0.002028,-0.532761,-0.830829,-0.417943,135.822876,-20.592901,-0.186915,0.899696,0.124799,0.374213,-4.559289,125.63546,22.443066,0.314951,0.896124,0.130915,-0.283952,7.211588,130.034302,35.480648,-0.026956,0.279766,0.436483,-0.854685,22.474686,118.351997,21.384958,0.0788,0.121475,0.360195,-0.921571,12.065937,135.484802,11.150504,0.039727,0.868218,0.083722,0.487452,-8.081277,90.5541,7.855553,0.085253,0.926672,-0.024714,0.36524,-7.611969,54.057903,1.018869,-0.017401,0.946693,0.019916,0.321049,-16.032297,6.983939,0.231069,-0.066431,0.885832,-0.085818,0.451136,1.60789,90.490379,24.219734,-0.024168,0.878374,-0.111008,0.464275,3.102982,54.231113,32.091377,-0.077905,0.871643,-0.062579,0.479847,0.203722,7.638109,42.491676,-0.017401,0.946693,0.019916,0.321049,-7.089324,1.509059,-11.244559,-0.077905,0.871643,-0.062579,0.479847,12.742357,1.091179,36.044861
577,4.808333,-0.002942,0.868598,0.008852,0.495429,-3.218019,90.525421,16.024286,-0.012421,0.874847,0.074042,0.478546,-3.32626,98.321297,16.12145,-0.028634,0.87735,0.063219,0.474806,-4.721538,113.219093,17.894321,0.062634,0.929614,-0.033487,0.361626,-6.769366,131.60997,19.449341,0.098128,0.962806,-0.09951,0.231241,-3.425403,145.995377,17.799265,0.010537,0.851509,0.118121,0.510753,-8.693745,125.713821,16.068054,0.359369,-0.577394,0.103978,-0.725713,-17.349857,128.223663,0.362819,0.061356,-0.031507,-0.542669,-0.83711,-9.922505,114.734909,-17.831003,0.160776,0.001876,-0.532675,-0.830906,-0.384872,135.829269,-20.613657,-0.186943,0.89959,0.124697,0.374487,-4.529103,125.639359,22.433258,0.315163,0.89615,0.131194,-0.283507,7.233958,130.038574,35.477768,-0.026516,0.280102,0.436497,-0.854582,22.502737,118.347839,21.39521,0.079185,0.12202,0.360091,-0.921507,12.104057,135.472229,11.141578,0.039716,0.868088,0.083801,0.487671,-8.058792,90.560219,7.839952,0.085377,0.927028,-0.024838,0.364298,-7.584218,54.064941,0.998722,-0.017256,0.946736,0.019654,0.320948,-16.020573,6.993595,0.22614,-0.066527,0.885914,-0.085978,0.45093,1.622755,90.490631,24.20862,-0.02406,0.878393,-0.111112,0.464221,3.120514,54.234337,32.093502,-0.077902,0.871725,-0.062662,0.479688,0.208187,7.643053,42.497879,-0.017256,0.946736,0.019654,0.320948,-7.082467,1.510104,-11.249168,-0.077902,0.871725,-0.062662,0.479688,12.743836,1.093648,36.047775
578,4.816667,-0.002651,0.868452,0.008754,0.495689,-3.202486,90.527283,16.009836,-0.012337,0.874705,0.07405,0.478807,-3.306056,98.323212,16.107904,-0.028416,0.877228,0.063108,0.47506,-4.699676,113.220261,17.881681,0.062418,0.929598,-0.033598,0.361695,-6.738894,131.612106,19.436365,0.098046,0.962823,-0.09958,0.231177,-3.399413,145.998001,17.781326,0.010729,0.851403,0.118048,0.510943,-8.664475,125.717117,16.053795,0.359312,-0.577478,0.103997,-0.725672,-17.313444,128.232254,0.345469,0.06126,-0.031697,-0.542611,-0.837148,-9.890887,114.74321,-17.850098,0.160674,0.001671,-0.532547,-0.831009,-0.350561,135.836502,-20.637714,-0.18684,0.899526,0.124445,0.374777,-4.50331,125.640236,22.421242,0.315225,0.896268,0.130965,-0.28317,7.253285,130.037766,35.472149,-0.026351,0.280583,0.436423,-0.854467,22.529299,118.337418,21.405441,0.079283,0.122361,0.360358,-0.921349,12.139577,135.455704,11.131122,0.039658,0.868284,0.083562,0.487367,-8.038385,90.566025,7.822639,0.085443,0.927415,-0.024865,0.363295,-7.571146,54.067432,0.998605,-0.017193,0.946846,0.019562,0.320632,-16.015022,6.997284,0.235237,-0.066644,0.886004,-0.086138,0.450706,1.633413,90.488541,24.197033,-0.02397,0.878473,-0.111196,0.464055,3.135388,54.235466,32.095863,-0.077794,0.871815,-0.06274,0.479531,0.2137,7.645538,42.503685,-0.017193,0.946846,0.019562,0.320632,-7.085527,1.510573,-11.245234,-0.077794,0.871815,-0.06274,0.479531,12.745251,1.092123,36.049686
579,4.825,-0.002386,0.868262,0.00864,0.496026,-3.187971,90.529648,15.995249,-0.012129,0.874551,0.073931,0.479111,-3.287106,98.325623,16.093782,-0.028102,0.877091,0.063069,0.475335,-4.674051,113.222191,17.866846,0.062021,0.9296,-0.03386,0.361734,-6.702885,131.614883,19.425198,0.097932,0.962846,-0.09961,0.231117,-3.371316,146.001312,17.758978,0.010811,0.851286,0.117996,0.511148,-8.630133,125.721954,16.039967,0.358992,-0.577662,0.104078,-0.725671,-17.271452,128.239517,0.327815,0.06091,-0.032,-0.542489,-0.837241,-9.859846,114.753319,-17.874323,0.160416,0.001332,-0.5325,-0.831089,-0.313463,135.845642,-20.664921,-0.186938,0.899448,0.124438,0.374917,-4.472683,125.640854,22.40979,0.315406,0.896367,0.130692,-0.28278,7.278784,130.040512,35.464607,-0.026218,0.281033,0.436319,-0.854376,22.559902,118.324806,21.416225,0.079309,0.123029,0.360522,-0.921194,12.176856,135.437164,11.122436,0.039614,0.868148,0.083635,0.487601,-8.017559,90.571754,7.804342,0.085552,0.927629,-0.025003,0.362713,-7.543045,54.073803,0.97738,-0.018015,0.946854,0.018818,0.320608,-16.001787,7.006106,0.227697,-0.066766,0.886116,-0.086269,0.450442,1.641617,90.487534,24.186155,-0.023911,0.87852,-0.111278,0.463949,3.149496,54.237343,32.097099,-0.077756,0.871891,-0.062806,0.47939,0.220453,7.648894,42.509472,-0.018015,0.946854,0.018818,0.320608,-7.066278,1.506806,-11.242067,-0.077756,0.871891,-0.062806,0.47939,12.748991,1.092876,36.052269
580,4.833333,-0.002066,0.868076,0.008546,0.496354,-3.176339,90.533089,15.979645,-0.011713,0.874354,0.073874,0.479491,-3.270453,98.329117,16.07934,-0.027955,0.876893,0.062794,0.475747,-4.646011,113.222336,17.855867,0.061614,0.929567,-0.033712,0.361901,-6.665936,131.616623,19.406971,0.097741,0.962868,-0.099822,0.231015,-3.346346,146.005875,17.741236,0.011181,0.851212,0.117791,0.511311,-8.593419,125.72377,16.021725,0.358816,-0.577952,0.103945,-0.725547,-17.228405,128.249603,0.307423,0.060618,-0.032202,-0.54232,-0.837364,-9.831464,114.768517,-17.904463,0.160155,0.00092,-0.532447,-0.831174,-0.276832,135.85788,-20.695339,-0.186909,0.899274,0.124193,0.37543,-4.441796,125.64222,22.39534,0.315532,0.89654,0.130358,-0.282247,7.296125,130.040771,35.462704,-0.026165,0.28181,0.436311,-0.854126,22.587803,118.309273,21.439032,0.079414,0.123624,0.360676,-0.921045,12.223593,135.417465,11.116968,0.039294,0.868079,0.083844,0.487713,-7.999753,90.579651,7.785125,0.085761,0.928044,-0.025337,0.361575,-7.496149,54.082428,0.956381,-0.017428,0.94709,0.018661,0.319952,-15.985638,7.019761,0.239466,-0.066926,0.886247,-0.086416,0.450134,1.647076,90.486526,24.174164,-0.02382,0.878617,-0.111354,0.463751,3.163184,54.239799,32.099377,-0.077534,0.871946,-0.062839,0.479322,0.225413,7.652551,42.514645,-0.017428,0.94709,0.018661,0.319952,-7.072892,1.510311,-11.243132,-0.077534,0.871946,-0.062839,0.479322,12.750202,1.092062,36.054707
581,4.841667,-0.001755,0.867853,0.008418,0.496748,-3.164457,90.53804,15.961658,-0.011352,0.874089,0.073855,0.479985,-3.253424,98.334114,16.061995,-0.027905,0.876613,0.062593,0.476292,-4.620165,113.226906,17.842375,0.06159,0.92945,-0.03429,0.362152,-6.635872,131.622238,19.386595,0.097315,0.962926,-0.099693,0.231006,-3.310139,146.008362,17.706181,0.011457,0.851059,0.117698,0.51158,-8.56116,125.729202,16.000397,0.358852,-0.578244,0.10366,-0.725337,-17.185938,128.262909,0.281757,0.060442,-0.032312,-0.542186,-0.837459,-9.802262,114.78672,-17.939123,0.159825,0.000644,-0.532341,-0.831305,-0.241412,135.872787,-20.72957,-0.186716,0.899129,0.124039,0.375923,-4.417388,125.647804,22.379122,0.315567,0.896785,0.129922,-0.281627,7.309722,130.038971,35.458672,-0.026179,0.282567,0.436204,-0.85393,22.617018,118.292572,21.464527,0.079554,0.124374,0.360985,-0.92081,12.267101,135.395081,11.115239,0.0391,0.868031,0.083962,0.487796,-7.980462,90.5886,7.762805,0.085975,0.92832,-0.025584,0.360798,-7.459364,54.091709,0.933558,-0.016634,0.947097,0.01863,0.319975,-15.976784,7.033756,0.238168,-0.067046,0.886404,-0.086603,0.449771,1.651547,90.487473,24.160511,-0.023789,0.878705,-0.111421,0.46357,3.172443,54.24435,32.101284,-0.077483,0.872022,-0.062944,0.479179,0.231231,7.658404,42.521431,-0.016634,0.947097,0.01863,0.319975,-7.072324,1.515913,-11.246826,-0.077483,0.872022,-0.062944,0.479179,12.752646,1.094207,36.058723
582,4.85,-0.001434,0.867603,0.008341,0.497185,-3.148783,90.542534,15.939651,-0.010858,0.873763,0.073963,0.480572,-3.232851,98.338654,16.041378,-0.027962,0.876259,0.06238,0.476966,-4.589176,113.229668,17.830641,0.062067,0.929254,-0.034467,0.362557,-6.604202,131.62587,19.365389,0.096638,0.963005,-0.099847,0.230897,-3.262422,146.008545,17.687321,0.011762,0.85081,0.117633,0.512003,-8.525254,125.731995,15.978271,0.35814,-0.578606,0.103807,-0.725379,-17.134089,128.275589,0.252493,0.059748,-0.032628,-0.542042,-0.837589,-9.771867,114.807556,-17.983105,0.159489,0.000381,-0.532355,-0.831361,-0.203723,135.89357,-20.768389,-0.186536,0.898947,0.123721,0.376551,-4.391319,125.652107,22.363394,0.315647,0.897063,0.130474,-0.280397,7.321107,130.037704,35.457958,-0.02581,0.28342,0.435903,-0.853813,22.658962,118.283485,21.503893,0.079446,0.125424,0.360947,-0.920693,12.320122,135.366455,11.116929,0.039011,0.867952,0.084024,0.487932,-7.956527,90.59774,7.735985,0.086191,0.92844,-0.025918,0.360413,-7.426397,54.101109,0.906049,-0.017401,0.947083,0.017813,0.32002,-15.974569,7.048368,0.236317,-0.067187,0.886634,-0.086841,0.449249,1.658961,90.487335,24.143318,-0.023749,0.878597,-0.111449,0.463769,3.185713,54.24868,32.103325,-0.077172,0.87206,-0.062798,0.479179,0.237527,7.663136,42.5233,-0.017401,0.947083,0.017813,0.32002,-7.06327,1.515414,-11.236091,-0.077172,0.87206,-0.062798,0.479179,12.756138,1.097453,36.056679
583,4.858333,-0.000786,0.867298,0.008058,0.497724,-3.151172,90.557434,15.916649,-0.010081,0.87343,0.073552,0.481258,-3.224346,98.353645,16.019527,-0.027855,0.875865,0.062401,0.477693,-4.554548,113.233879,17.806704,0.061769,0.929143,-0.034923,0.362846,-6.567728,131.630188,19.342392,0.09619,0.963072,-0.099841,0.230808,-3.228327,146.011765,17.650198,0.012051,0.850498,0.117672,0.512505,-8.484638,125.737556,15.950784,0.357238,-0.579136,0.103963,-0.725379,-17.074615,128.29277,0.216582,0.058836,-0.032959,-0.541786,-0.837807,-9.743161,114.83519,-18.039114,0.158927,7.7e-05,-0.532441,-0.831414,-0.161508,135.920563,-20.814358,-0.186468,0.898654,0.123423,0.377383,-4.361159,125.65522,22.34263,0.315885,0.897372,0.130431,-0.279157,7.329494,130.036957,35.457928,-0.025851,0.284582,0.435815,-0.85347,22.693243,118.259605,21.551939,0.079527,0.12699,0.36064,-0.920591,12.379845,135.335739,11.124564,0.038774,0.867664,0.084024,0.488463,-7.948758,90.620735,7.707094,0.086327,0.928856,-0.026087,0.359295,-7.399177,54.122746,0.885997,-0.017108,0.947147,0.017256,0.319877,-15.965888,7.073087,0.23694,-0.067448,0.886867,-0.087015,0.448717,1.646413,90.494125,24.126202,-0.023692,0.878702,-0.111376,0.463592,3.189097,54.260338,32.105247,-0.077086,0.872004,-0.063019,0.479266,0.241511,7.67298,42.517262,-0.017108,0.947147,0.017256,0.319877,-7.063096,1.521993,-11.233315,-0.077086,0.872004,-0.063019,0.479266,12.75949,1.101083,36.055737
584,4.866667,-0.000849,0.866972,0.007958,0.498293,-3.126023,90.554626,15.894551,-0.009898,0.873069,0.073512,0.481921,-3.199335,98.350861,15.995542,-0.0276,0.875504,0.062252,0.478389,-4.525877,113.235832,17.783844,0.061447,0.929067,-0.035013,0.363088,-6.529354,131.633362,19.317648,0.095753,0.96315,-0.100059,0.230566,-3.19692,146.016006,17.620747,0.012494,0.85013,0.117623,0.513116,-8.444897,125.74221,15.922695,0.356559,-0.579742,0.103845,-0.725245,-17.011776,128.312607,0.178373,0.057951,-0.03335,-0.54149,-0.838044,-9.712646,114.868187,-18.099966,0.158128,-0.00039,-0.53227,-0.831675,-0.116386,135.950241,-20.867933,-0.186307,0.898309,0.1229,0.378452,-4.331334,125.656746,22.32089,0.3161,0.897734,0.130209,-0.277849,7.332211,130.03334,35.462013,-0.025745,0.285838,0.435855,-0.853032,22.724203,118.230247,21.609194,0.079789,0.128179,0.361398,-0.920106,12.443633,135.301208,11.136082,0.038954,0.867292,0.084265,0.489066,-7.912831,90.616035,7.678694,0.086431,0.928891,-0.026701,0.359136,-7.361256,54.122089,0.836124,-0.017069,0.947199,0.0172,0.319729,-15.958181,7.077244,0.239419,-0.067398,0.887056,-0.087279,0.4483,1.660784,90.493217,24.110409,-0.023651,0.878958,-0.111441,0.463091,3.195037,54.262333,32.104305,-0.076787,0.872071,-0.062902,0.479207,0.247049,7.67619,42.521645,-0.017069,0.947199,0.0172,0.319729,-7.059558,1.524197,-11.233128,-0.076787,0.872071,-0.062902,0.479207,12.76128,1.102138,36.055038
585,4.875,-0.000924,0.866588,0.007942,0.498961,-3.099003,90.54982,15.869676,-0.010007,0.872612,0.073623,0.482729,-3.17329,98.346054,15.969817,-0.027278,0.875066,0.061987,0.479243,-4.507012,113.242149,17.759626,0.06137,0.928922,-0.035378,0.363435,-6.496842,131.641556,19.28867,0.09523,0.963236,-0.100173,0.230374,-3.161561,146.022476,17.582785,0.013028,0.849593,0.117631,0.513989,-8.411266,125.751938,15.890419,0.355864,-0.580432,0.103811,-0.72504,-16.94516,128.342407,0.131482,0.057033,-0.033663,-0.541176,-0.838298,-9.68385,114.907715,-18.169054,0.157308,-0.000713,-0.531982,-0.832015,-0.072993,135.983856,-20.925505,-0.185995,0.898046,0.122544,0.379343,-4.309871,125.663139,22.296373,0.316377,0.898197,0.129787,-0.276232,7.33342,130.028717,35.459103,-0.025882,0.287333,0.435898,-0.852504,22.759789,118.191238,21.67403,0.079987,0.129702,0.361891,-0.919682,12.518983,135.257751,11.15261,0.038979,0.867134,0.084438,0.489316,-7.873139,90.609955,7.64644,0.08685,0.928887,-0.027305,0.358999,-7.314871,54.118324,0.792103,-0.016851,0.947109,0.017044,0.320016,-15.969422,7.083559,0.235736,-0.067326,0.887432,-0.087594,0.447503,1.675133,90.489685,24.092911,-0.023573,0.879307,-0.111617,0.462392,3.201272,54.26218,32.103619,-0.07653,0.872191,-0.062794,0.479043,0.247205,7.679427,42.534382,-0.016851,0.947109,0.017044,0.320016,-7.066836,1.52424,-11.230692,-0.07653,0.872191,-0.062794,0.479043,12.756412,1.103301,36.060173
586,4.883333,-0.000389,0.866186,0.007596,0.499663,-3.096985,90.556152,15.841016,-0.009536,0.872128,0.073421,0.483644,-3.161425,98.352478,15.940593,-0.026851,0.874557,0.061826,0.480215,-4.481866,113.251518,17.730822,0.063341,0.928672,-0.035732,0.363703,-6.456682,131.652527,19.26009,0.093409,0.963647,-0.100463,0.229274,-3.063591,146.021454,17.567223,0.013463,0.849261,0.117466,0.514564,-8.369663,125.765648,15.8563,0.354894,-0.581107,0.103666,-0.724995,-16.881725,128.368698,0.087629,0.0559,-0.034292,-0.540832,-0.83857,-9.656352,114.954666,-18.242258,0.156277,-0.00119,-0.531611,-0.832446,-0.02846,136.028046,-20.994747,-0.185716,0.897667,0.121925,0.380576,-4.282114,125.671211,22.271019,0.316941,0.898606,0.129511,-0.274378,7.331011,130.028198,35.463215,-0.026078,0.289181,0.435979,-0.851831,22.789003,118.145287,21.752859,0.079855,0.131914,0.361962,-0.919351,12.600574,135.204422,11.174421,0.038624,0.867141,0.084412,0.489336,-7.857796,90.621933,7.610101,0.087053,0.929151,-0.027559,0.358247,-7.277518,54.12793,0.770187,-0.016495,0.947185,0.016719,0.319828,-15.959075,7.097873,0.236444,-0.067527,0.887796,-0.087706,0.446728,1.663826,90.490372,24.071932,-0.023589,0.879632,-0.111723,0.461746,3.206332,54.266335,32.095173,-0.075824,0.872316,-0.062659,0.478947,0.256535,7.685938,42.537651,-0.016495,0.947185,0.016719,0.319828,-7.06602,1.526201,-11.231388,-0.075824,0.872316,-0.062659,0.478947,12.756867,1.101572,36.054684
587,4.891667,-9.3e-05,0.865822,0.007396,0.500297,-3.088754,90.560562,15.813067,-0.008925,0.871634,0.072994,0.484609,-3.147711,98.356941,15.912207,-0.026697,0.873982,0.061715,0.481284,-4.447859,113.258072,17.698759,0.063605,0.928472,-0.03598,0.364141,-6.417556,131.659897,19.224773,0.092588,0.963798,-0.100706,0.228863,-3.013317,146.026001,17.530273,0.014184,0.848868,0.117306,0.51523,-8.32515,125.774208,15.815907,0.353592,-0.582045,0.103457,-0.724909,-16.81168,128.399078,0.037095,0.054259,-0.034995,-0.540385,-0.838937,-9.63626,115.01297,-18.332779,0.154975,-0.002082,-0.530165,-0.833609,0.010154,136.075073,-21.070337,-0.185401,0.897178,0.121181,0.382116,-4.253102,125.677299,22.240438,0.316889,0.899453,0.127587,-0.272559,7.321721,130.024261,35.469551,-0.027044,0.291929,0.435722,-0.850995,22.828722,118.094566,21.855507,0.079832,0.13426,0.362069,-0.918971,12.699446,135.147873,11.198518,0.038501,0.866882,0.084587,0.489774,-7.837509,90.629402,7.575215,0.087217,0.929163,-0.028134,0.358131,-7.239485,54.13689,0.728936,-0.016906,0.947285,0.016116,0.31954,-15.955048,7.112625,0.241669,-0.067522,0.888033,-0.087873,0.446224,1.66,90.491714,24.05092,-0.023723,0.879806,-0.111874,0.461372,3.201146,54.269802,32.084038,-0.075565,0.872429,-0.062622,0.478787,0.260335,7.693228,42.546101,-0.016906,0.947285,0.016116,0.31954,-7.066368,1.528233,-11.223367,-0.075565,0.872429,-0.062622,0.478787,12.755335,1.105144,36.056625
588,4.9,0.000657,0.865479,0.007027,0.500896,-3.100797,90.574059,15.784222,-0.008471,0.871257,0.072146,0.485422,-3.146821,98.370514,15.88419,-0.026133,0.873559,0.061644,0.482091,-4.423217,113.262596,17.652521,0.063232,0.928437,-0.03583,0.364312,-6.374774,131.665848,19.184563,0.092102,0.963933,-0.101044,0.228345,-2.981571,146.034653,17.490944,0.014742,0.848185,0.117658,0.516258,-8.283043,125.784065,15.769323,0.352259,-0.583039,0.103323,-0.724778,-16.730583,128.436646,-0.025766,0.052727,-0.035518,-0.539968,-0.839281,-9.609064,115.076065,-18.435163,0.153845,-0.002541,-0.529728,-0.834094,0.057592,136.133804,-21.154371,-0.185539,0.896506,0.120422,0.383862,-4.222379,125.679253,22.200933,0.317459,0.900132,0.12739,-0.269729,7.302149,130.029068,35.472946,-0.026965,0.294313,0.4357,-0.850187,22.865051,118.044876,21.97101,0.080173,0.13688,0.362222,-0.918494,12.797616,135.083633,11.231576,0.038124,0.866463,0.084925,0.490485,-7.83814,90.651794,7.539882,0.087349,0.92936,-0.028605,0.357551,-7.197798,54.161392,0.686154,-0.016088,0.947349,0.01573,0.319412,-15.941295,7.141885,0.24161,-0.067767,0.888215,-0.087981,0.445805,1.636545,90.496315,24.028563,-0.023869,0.8799,-0.111959,0.461163,3.193868,54.278278,32.076027,-0.075115,0.872475,-0.062475,0.478793,0.264071,7.704175,42.552193,-0.016088,0.947349,0.01573,0.319412,-7.066055,1.539098,-11.224864,-0.075115,0.872475,-0.062475,0.478793,12.754779,1.112456,36.058151
589,4.908333,0.001662,0.86505,0.006654,0.501639,-3.122999,90.590736,15.745118,-0.007643,0.870711,0.071639,0.48649,-3.152633,98.38723,15.847887,-0.025613,0.872961,0.061316,0.483243,-4.401069,113.26963,17.612127,0.063641,0.92826,-0.035812,0.364694,-6.331935,131.675385,19.140398,0.091204,0.964141,-0.101454,0.227643,-2.926624,146.042145,17.453632,0.015444,0.847612,0.117607,0.517188,-8.239369,125.796364,15.719936,0.350488,-0.584125,0.103066,-0.724799,-16.651327,128.473221,-0.090039,0.050955,-0.036135,-0.539336,-0.839771,-9.587682,115.152527,-18.550568,0.152543,-0.003061,-0.529187,-0.834675,0.109075,136.199966,-21.24869,-0.184981,0.895886,0.119205,0.385954,-4.195213,125.68573,22.161842,0.318067,0.900812,0.127437,-0.266702,7.278472,130.021179,35.482517,-0.026853,0.296941,0.435864,-0.849192,22.900362,117.982819,22.097395,0.080476,0.139948,0.363731,-0.917408,12.909225,135.010193,11.268545,0.037462,0.865942,0.08528,0.491395,-7.846139,90.681557,7.492766,0.087661,0.92979,-0.029095,0.356314,-7.143124,54.191925,0.641089,-0.015697,0.947434,0.014854,0.319222,-15.931261,7.180336,0.240972,-0.068204,0.888309,-0.088046,0.445538,1.60014,90.499908,23.997471,-0.024035,0.879939,-0.1121,0.461045,3.186399,54.287136,32.062958,-0.074816,0.872542,-0.062465,0.478719,0.265706,7.716825,42.558498,-0.015697,0.947434,0.014854,0.319222,-7.067871,1.54979,-11.221067,-0.074816,0.872542,-0.062465,0.478719,12.751891,1.120427,36.060516
590,4.916667,0.002063,0.864669,0.006476,0.502296,-3.1222,90.598106,15.71144,-0.007379,0.870145,0.070976,0.487602,-3.145105,98.394615,15.814926,-0.025037,0.87232,0.0612,0.484444,-4.379247,113.280716,17.564314,0.064107,0.928061,-0.036105,0.365089,-6.291485,131.68808,19.096582,0.090218,0.964352,-0.101799,0.226988,-2.869251,146.05072,17.408934,0.015996,0.846895,0.117858,0.518288,-8.197083,125.813103,15.668162,0.348925,-0.585277,0.102652,-0.724683,-16.567177,128.515869,-0.159621,0.049035,-0.037106,-0.538505,-0.840376,-9.563686,115.234413,-18.671274,0.150209,-0.003832,-0.528802,-0.835339,0.172772,136.268188,-21.358627,-0.184472,0.895252,0.118058,0.388016,-4.17016,125.694313,22.120712,0.31896,0.901491,0.127451,-0.263314,7.252552,130.016235,35.489506,-0.026707,0.299784,0.436141,-0.848055,22.93294,117.908798,22.235737,0.080663,0.142955,0.364893,-0.916466,13.028784,134.926392,11.310654,0.037275,0.865162,0.085974,0.492661,-7.832766,90.693893,7.451959,0.087806,0.92965,-0.030138,0.356556,-7.082119,54.212044,0.563992,-0.014284,0.947591,0.014759,0.318824,-15.918234,7.208812,0.249306,-0.068309,0.888421,-0.088227,0.445261,1.588365,90.502319,23.970921,-0.02429,0.87993,-0.11226,0.461011,3.177923,54.292976,32.051132,-0.074458,0.872691,-0.062397,0.478511,0.271937,7.72728,42.571182,-0.014284,0.947591,0.014759,0.318824,-7.080498,1.562171,-11.224619,-0.074458,0.872691,-0.062397,0.478511,12.751047,1.126234,36.064331
591,4.925,0.002521,0.864167,0.006368,0.503159,-3.119978,90.609619,15.6648,-0.007207,0.86955,0.070702,0.488705,-3.135977,98.40612,15.770393,-0.024265,0.871727,0.060944,0.485581,-4.363149,113.285538,17.512707,0.064485,0.927862,-0.036659,0.365473,-6.247827,131.69548,19.048197,0.089168,0.964542,-0.102061,0.226477,-2.808366,146.052948,17.351631,0.016673,0.846217,0.117819,0.519381,-8.154931,125.825226,15.612531,0.346759,-0.586058,0.102534,-0.725108,-16.483128,128.552292,-0.233172,0.047045,-0.037948,-0.538351,-0.84055,-9.52208,115.320351,-18.796217,0.149408,-0.004299,-0.528675,-0.835561,0.222339,136.360947,-21.467436,-0.183588,0.894539,0.116357,0.390586,-4.144207,125.696815,22.074978,0.319623,0.902392,0.12725,-0.259495,7.217835,129.998383,35.501907,-0.027078,0.303486,0.43625,-0.846669,22.973228,117.823044,22.400154,0.080863,0.146758,0.364603,-0.915963,13.174465,134.826141,11.36067,0.037267,0.865109,0.085967,0.492755,-7.813998,90.711983,7.395982,0.087841,0.929425,-0.030732,0.357084,-7.06234,54.230011,0.508772,-0.01379,0.947521,0.014309,0.319075,-15.921469,7.230815,0.240582,-0.068438,0.888525,-0.088456,0.444988,1.574041,90.507263,23.933617,-0.024551,0.879835,-0.112423,0.461139,3.166872,54.302238,32.032494,-0.074041,0.872771,-0.062392,0.478431,0.274074,7.741258,42.577026,-0.01379,0.947521,0.014309,0.319075,-7.084721,1.567254,-11.225763,-0.074041,0.872771,-0.062392,0.478431,12.747203,1.133557,36.065464
592,4.933333,0.002063,0.863805,0.006375,0.503781,-3.093852,90.598473,15.627481,-0.007573,0.868999,0.070269,0.489741,-3.116146,98.395004,15.729563,-0.023545,0.871154,0.060517,0.486698,-4.35012,113.294693,17.45595,0.065192,0.927647,-0.03726,0.365831,-6.205792,131.70784,18.988331,0.088036,0.964777,-0.102206,0.225852,-2.739819,146.058136,17.285027,0.017451,0.84528,0.118018,0.520835,-8.114954,125.841248,15.547553,0.344677,-0.587319,0.102231,-0.725123,-16.38743,128.601501,-0.321576,0.044721,-0.03903,-0.537607,-0.841104,-9.493956,115.417397,-18.943789,0.147261,-0.005164,-0.528231,-0.836217,0.283382,136.443298,-21.598377,-0.18301,0.893732,0.114807,0.393154,-4.120227,125.705208,22.019745,0.320594,0.903272,0.126684,-0.255482,7.176591,129.993973,35.505684,-0.027073,0.306984,0.436679,-0.845186,23.000845,117.732193,22.568573,0.081613,0.150355,0.366266,-0.914649,13.314858,134.727127,11.41633,0.037188,0.86499,0.086599,0.492859,-7.776004,90.693443,7.351849,0.088124,0.929265,-0.031804,0.357336,-6.995159,54.219131,0.427417,-0.013992,0.947576,0.014243,0.318908,-15.915507,7.231125,0.242233,-0.068204,0.88851,-0.088744,0.444997,1.5883,90.50351,23.903114,-0.024842,0.879813,-0.112647,0.461111,3.156018,54.299892,32.013172,-0.07357,0.872925,-0.062131,0.478257,0.278124,7.745123,42.589134,-0.013992,0.947576,0.014243,0.318908,-7.080773,1.5676,-11.225685,-0.07357,0.872925,-0.062131,0.478257,12.74435,1.135572,36.066238
593,4.941667,0.002349,0.863379,0.005903,0.504515,-3.091468,90.605835,15.577611,-0.007346,0.868364,0.070042,0.490902,-3.106284,98.402443,15.675571,-0.022767,0.870494,0.060019,0.487975,-4.332339,113.291611,17.396406,0.065045,0.927505,-0.037755,0.366167,-6.156144,131.708328,18.924198,0.08727,0.964984,-0.102312,0.225215,-2.687861,146.056473,17.207645,0.018185,0.844492,0.118633,0.521948,-8.067187,125.845589,15.477901,0.342477,-0.588642,0.101441,-0.725203,-16.296686,128.644211,-0.406849,0.042807,-0.039714,-0.537096,-0.841497,-9.469736,115.527008,-19.100677,0.146255,-0.005071,-0.527985,-0.83655,0.330964,136.54541,-21.733889,-0.18237,0.892816,0.112998,0.396046,-4.090849,125.701523,21.961233,0.321471,0.904315,0.12635,-0.250812,7.131773,129.977448,35.513039,-0.02742,0.311501,0.436692,-0.843514,23.041883,117.629684,22.764362,0.081469,0.155281,0.367033,-0.91353,13.480973,134.604782,11.469064,0.036834,0.86402,0.08754,0.494419,-7.759513,90.701042,7.294016,0.088444,0.929044,-0.03316,0.357709,-6.908675,54.236954,0.324132,-0.013441,0.947659,0.013545,0.318714,-15.903169,7.262778,0.244698,-0.068329,0.888448,-0.088846,0.445082,1.576577,90.510628,23.861206,-0.025251,0.879474,-0.112965,0.461657,3.14829,54.309635,31.982204,-0.072819,0.873057,-0.062071,0.478139,0.284038,7.763681,42.600613,-0.013441,0.947659,0.013545,0.318714,-7.081625,1.574935,-11.221338,-0.072819,0.873057,-0.062071,0.478139,12.740143,1.143464,36.069199
594,4.95,0.002937,0.863109,0.005548,0.504978,-3.112667,90.613281,15.523347,-0.006773,0.867744,0.069261,0.492115,-3.116819,98.409897,15.621146,-0.021919,0.869748,0.059738,0.489376,-4.318777,113.302551,17.328501,0.065983,0.927277,-0.038482,0.366501,-6.11257,131.721924,18.859787,0.085993,0.965328,-0.102327,0.224222,-2.610316,146.060898,17.135546,0.019018,0.843633,0.118912,0.523242,-8.024037,125.864479,15.404722,0.340193,-0.590001,0.100855,-0.725256,-16.203445,128.698822,-0.499554,0.040675,-0.040626,-0.536283,-0.842078,-9.447183,115.643692,-19.262377,0.144754,-0.005745,-0.527926,-0.836844,0.392664,136.650742,-21.877987,-0.181645,0.891916,0.111144,0.398922,-4.067959,125.709763,21.900192,0.322843,0.905197,0.126184,-0.245903,7.081425,129.971344,35.516811,-0.026788,0.315437,0.437359,-0.841724,23.065664,117.519379,22.963718,0.082381,0.159272,0.370367,-0.911413,13.639371,134.485367,11.529342,0.03599,0.863311,0.088353,0.495572,-7.771765,90.714767,7.234792,0.088847,0.929252,-0.034138,0.356976,-6.827469,54.256737,0.245313,-0.013022,0.947768,0.012797,0.318437,-15.890616,7.295692,0.245926,-0.068718,0.888268,-0.088899,0.44537,1.546431,90.511795,23.811903,-0.025666,0.879159,-0.113344,0.462141,3.139236,54.315453,31.94953,-0.072386,0.873189,-0.061955,0.477978,0.287117,7.779732,42.615936,-0.013022,0.947768,0.012797,0.318437,-7.083009,1.583372,-11.218655,-0.072386,0.873189,-0.061955,0.477978,12.736259,1.154963,36.075871
595,4.958333,0.003207,0.862755,0.005205,0.505586,-3.118321,90.618942,15.471305,-0.006592,0.866987,0.068908,0.4935,-3.116205,98.415588,15.566614,-0.021383,0.868884,0.059188,0.490999,-4.311815,113.320709,17.266855,0.066899,0.92703,-0.038957,0.36691,-6.081163,131.743378,18.786903,0.085277,0.965616,-0.102907,0.222989,-2.547899,146.074646,17.061939,0.019883,0.842463,0.119151,0.525036,-7.989617,125.888145,15.32643,0.337828,-0.591544,0.100297,-0.725182,-16.099661,128.760345,-0.606543,0.038272,-0.041608,-0.535458,-0.842668,-9.424992,115.766525,-19.440994,0.142959,-0.006446,-0.527278,-0.837556,0.45272,136.759354,-22.034813,-0.180431,0.891199,0.109404,0.401546,-4.057387,125.728676,21.836248,0.323951,0.906325,0.125763,-0.240449,7.031859,129.961105,35.510941,-0.027088,0.319672,0.437872,-0.839848,23.108398,117.406273,23.180149,0.083774,0.164698,0.371934,-0.909682,13.822213,134.366531,11.61709,0.035133,0.862598,0.089339,0.496698,-7.765709,90.721603,7.176194,0.08944,0.929792,-0.035222,0.355313,-6.720866,54.272068,0.156785,-0.01248,0.947898,0.012187,0.318095,-15.872663,7.328308,0.249535,-0.068986,0.887865,-0.088839,0.446145,1.529067,90.516281,23.766417,-0.026155,0.878553,-0.113753,0.463165,3.134381,54.321884,31.910219,-0.071896,0.873294,-0.061783,0.477882,0.292681,7.797453,42.628555,-0.01248,0.947898,0.012187,0.318095,-7.081498,1.594118,-11.216744,-0.071896,0.873294,-0.061783,0.477882,12.735544,1.16877,36.080517
596,4.966667,0.003748,0.862551,0.004669,0.505935,-3.14638,90.630524,15.421452,-0.006595,0.866425,0.067962,0.494617,-3.132793,98.427193,15.513823,-0.020187,0.868218,0.058953,0.492255,-4.316277,113.332176,17.187508,0.068132,0.926813,-0.03901,0.367226,-6.044991,131.757706,18.719397,0.084098,0.965887,-0.103729,0.221879,-2.47694,146.082001,17.00811,0.020673,0.841542,0.119188,0.526473,-7.958282,125.910255,15.248487,0.335507,-0.592847,0.099243,-0.72534,-16.012472,128.812759,-0.707309,0.035928,-0.042776,-0.534727,-0.843176,-9.401339,115.899254,-19.619247,0.141082,-0.007378,-0.526712,-0.838222,0.508323,136.878784,-22.200214,-0.179095,0.890256,0.106874,0.404904,-4.044089,125.735405,21.76877,0.325005,0.907616,0.123897,-0.235062,6.964465,129.942398,35.516312,-0.02788,0.325415,0.438253,-0.837414,23.130461,117.268791,23.426334,0.084766,0.170278,0.373083,-0.908091,14.025142,134.216049,11.696262,0.033875,0.86189,0.09074,0.497759,-7.786981,90.736931,7.122591,0.090114,0.930249,-0.036465,0.353816,-6.600928,54.299671,0.061974,-0.012363,0.948091,0.010882,0.317571,-15.853683,7.376021,0.256924,-0.06957,0.887386,-0.08855,0.447062,1.494221,90.524117,23.720312,-0.026557,0.877884,-0.114257,0.464285,3.139117,54.331936,31.866062,-0.071065,0.873348,-0.0616,0.477931,0.294898,7.820526,42.640083,-0.012363,0.948091,0.010882,0.317571,-7.080971,1.604947,-11.204983,-0.071065,0.873348,-0.0616,0.477931,12.729994,1.183326,36.085926
597,4.975,0.00392,0.862264,0.004215,0.506426,-3.145136,90.63459,15.363338,-0.00683,0.865909,0.066916,0.495659,-3.12571,98.431305,15.45097,-0.019508,0.867602,0.058898,0.493374,-4.302794,113.353714,17.094082,0.069546,0.926653,-0.040071,0.36725,-6.010612,131.780502,18.634453,0.082978,0.966286,-0.103856,0.2205,-2.393367,146.090881,16.910101,0.02141,0.840463,0.119725,0.528043,-7.923143,125.937996,15.154775,0.333083,-0.594341,0.098572,-0.725326,-15.916258,128.879181,-0.824638,0.033664,-0.043674,-0.533874,-0.843764,-9.38335,116.033699,-19.809946,0.139697,-0.008258,-0.526589,-0.838523,0.568153,137.00351,-22.370342,-0.177421,0.889222,0.104516,0.408513,-4.025324,125.753403,21.684593,0.326754,0.908566,0.124447,-0.22859,6.89855,129.920685,35.511555,-0.027476,0.330368,0.438984,-0.835102,23.153275,117.124405,23.672382,0.085691,0.176167,0.375051,-0.906068,14.224191,134.051987,11.784031,0.032797,0.861054,0.092206,0.499007,-7.776251,90.739464,7.05916,0.090434,0.931291,-0.037814,0.350841,-6.456372,54.316784,-0.052752,-0.011199,0.948635,0.010439,0.316001,-15.7815,7.408243,0.28088,-0.069848,0.886645,-0.088368,0.448522,1.48598,90.529716,23.667517,-0.02709,0.876948,-0.114818,0.46588,3.1418,54.338013,31.813175,-0.069941,0.873398,-0.061149,0.478064,0.297493,7.841638,42.651863,-0.011199,0.948635,0.010439,0.316001,-7.061372,1.613857,-11.209358,-0.069941,0.873398,-0.061149,0.478064,12.724183,1.197883,36.088409
598,4.983333,0.004116,0.862252,0.00334,0.506451,-3.165959,90.644226,15.321237,-0.007369,0.865536,0.065405,0.496504,-3.137003,98.441025,15.398657,-0.018287,0.867104,0.05861,0.49433,-4.306604,113.36187,16.99262,0.06936,0.926644,-0.04072,0.367235,-5.971536,131.791626,18.544342,0.082744,0.96647,-0.104135,0.219648,-2.352582,146.099213,16.800388,0.022129,0.839384,0.120261,0.529606,-7.891616,125.956703,15.056123,0.330574,-0.595772,0.097543,-0.725439,-15.823719,128.935974,-0.946622,0.031185,-0.044767,-0.533056,-0.844319,-9.362352,116.17411,-20.012634,0.137967,-0.00941,-0.525993,-0.839171,0.624476,137.126953,-22.55402,-0.17574,0.888281,0.101784,0.411961,-4.007457,125.757156,21.593637,0.329512,0.909061,0.127072,-0.221095,6.835449,129.892044,35.493858,-0.026103,0.335071,0.440736,-0.832345,23.164551,116.951714,23.916494,0.087016,0.181765,0.377005,-0.904023,14.447835,133.871887,11.870281,0.030912,0.860122,0.094628,0.50028,-7.796563,90.743889,7.016708,0.091891,0.931923,-0.039956,0.348539,-6.255311,54.345894,-0.176585,-0.010264,0.948775,0.008916,0.315661,-15.778928,7.478705,0.321633,-0.070193,0.88574,-0.08783,0.450359,1.464646,90.544571,23.625765,-0.027722,0.875866,-0.115423,0.467726,3.14442,54.349422,31.751207,-0.069063,0.873424,-0.061068,0.478155,0.302931,7.86967,42.661728,-0.010264,0.948775,0.008916,0.315661,-7.082951,1.634008,-11.161427,-0.069063,0.873424,-0.061068,0.478155,12.721506,1.214477,36.094498
599,4.991667,0.004348,0.862445,0.002591,0.506126,-3.192363,90.644279,15.274276,-0.007632,0.865174,0.063508,0.497375,-3.154341,98.441109,15.343441,-0.017224,0.866515,0.058238,0.495443,-4.304388,113.374069,16.883673,0.070637,0.926448,-0.041168,0.367436,-5.930286,131.806839,18.440964,0.081725,0.966761,-0.104494,0.218575,-2.271653,146.104675,16.699947,0.02289,0.838469,0.120928,0.53087,-7.855512,125.978172,14.945115,0.328177,-0.597035,0.096531,-0.725624,-15.73783,128.998123,-1.074596,0.028995,-0.045699,-0.532259,-0.84485,-9.338932,116.318687,-20.216526,0.136483,-0.010314,-0.525842,-0.839498,0.684302,137.258102,-22.740412,-0.173714,0.887417,0.099017,0.415344,-3.987541,125.766251,21.491833,0.331475,0.910053,0.127677,-0.213605,6.779653,129.859665,35.463013,-0.025514,0.340349,0.441791,-0.829658,23.202137,116.779388,24.178705,0.088871,0.1877,0.378704,-0.901917,14.688179,133.682358,11.965624,0.029186,0.859139,0.09731,0.501557,-7.82919,90.740524,6.973179,0.093619,0.932859,-0.041595,0.345369,-6.066683,54.373062,-0.322984,-0.009718,0.948558,0.00697,0.316379,-15.79468,7.549313,0.295816,-0.070641,0.884585,-0.08732,0.452652,1.444464,90.548027,23.575373,-0.028384,0.874569,-0.116057,0.469951,3.149847,54.350929,31.686794,-0.067893,0.873451,-0.06053,0.478341,0.307185,7.888785,42.671745,-0.009718,0.948558,0.00697,0.316379,-7.094512,1.646664,-11.154381,-0.067893,0.873451,-0.06053,0.478341,12.718111,1.228554,36.095169
600,5.0,0.004599,0.862777,0.002236,0.505558,-3.212309,90.649017,15.204967,-0.008038,0.864695,0.062838,0.498286,-3.168059,98.445847,15.271315,-0.015367,0.865879,0.057101,0.496745,-4.319016,113.365005,16.785221,0.070738,0.926412,-0.041598,0.367459,-5.866663,131.804901,18.337996,0.081021,0.967081,-0.10481,0.217265,-2.200749,146.099609,16.586637,0.023849,0.83784,0.121322,0.53173,-7.808462,125.984833,14.836977,0.324768,-0.598443,0.095575,-0.726125,-15.656069,129.044724,-1.192191,0.026201,-0.046886,-0.531326,-0.845463,-9.328644,116.471329,-20.427589,0.135047,-0.011291,-0.525362,-0.840018,0.735803,137.393616,-22.92902,-0.172193,0.886411,0.09597,0.418827,-3.959229,125.755737,21.39415,0.333696,0.910901,0.128149,-0.206118,6.721811,129.827728,35.437527,-0.024997,0.346167,0.443022,-0.826604,23.223669,116.596687,24.448656,0.090559,0.19438,0.380773,-0.89946,14.939462,133.481888,12.057952,0.027708,0.857066,0.100373,0.504574,-7.86002,90.745987,6.909969,0.0947,0.933491,-0.043844,0.343079,-5.862355,54.417252,-0.517367,-0.007776,0.948659,0.005304,0.31616,-15.757257,7.631361,0.289827,-0.071176,0.883171,-0.086963,0.455389,1.435401,90.552055,23.499966,-0.029192,0.872822,-0.116739,0.47297,3.162808,54.355968,31.611208,-0.066108,0.873459,-0.059402,0.478718,0.318555,7.913458,42.678444,-0.007776,0.948659,0.005304,0.31616,-7.090637,1.665386,-11.152984,-0.066108,0.873459,-0.059402,0.478718,12.720913,1.253048,36.085907
601,5.008333,0.004984,0.863309,0.001065,0.50465,-3.254654,90.658272,15.155867,-0.008444,0.86465,0.061025,0.498583,-3.195929,98.455093,15.209425,-0.014027,0.865624,0.056635,0.497283,-4.330664,113.379265,16.669779,0.072188,0.926411,-0.042002,0.367133,-5.827594,131.822586,18.23148,0.08016,0.967445,-0.105306,0.21572,-2.119602,146.106827,16.483316,0.024775,0.836931,0.121627,0.533047,-7.78224,126.010063,14.72511,0.321669,-0.599674,0.09491,-0.726575,-15.577406,129.108887,-1.322149,0.023651,-0.04796,-0.530423,-0.846045,-9.314271,116.626015,-20.637369,0.133796,-0.012519,-0.525278,-0.840253,0.790732,137.532623,-23.118389,-0.169997,0.885631,0.092988,0.422034,-3.940533,125.766304,21.286165,0.336369,0.911649,0.127361,-0.198826,6.670051,129.79744,35.394581,-0.023986,0.351619,0.444806,-0.823369,23.227299,116.386322,24.711575,0.093333,0.19964,0.384742,-0.896329,15.183589,133.267853,12.147395,0.025955,0.855189,0.103463,0.507221,-7.919736,90.75032,6.870572,0.095237,0.934864,-0.045707,0.338924,-5.670741,54.461372,-0.678428,-0.007138,0.949328,0.003388,0.314189,-15.669099,7.7012,0.321329,-0.071844,0.881671,-0.08616,0.458335,1.410428,90.566223,23.441162,-0.02984,0.87113,-0.117537,0.475843,3.181915,54.366898,31.528421,-0.064946,0.873336,-0.059092,0.479139,0.318553,7.945928,42.680771,-0.007138,0.949328,0.003388,0.314189,-7.064329,1.676968,-11.137621,-0.064946,0.873336,-0.059092,0.479139,12.71605,1.276017,36.088699
602,5.016667,0.005353,0.86418,0.000142,0.503154,-3.29241,90.65667,15.096015,-0.008955,0.864675,0.059258,0.498744,-3.221381,98.453453,15.139924,-0.012683,0.865358,0.056146,0.497838,-4.343783,113.391098,16.547379,0.073995,0.92634,-0.042726,0.36687,-5.789497,131.837814,18.117353,0.079036,0.967821,-0.1057,0.214251,-2.026333,146.107468,16.367992,0.027871,0.83884,0.119103,0.530457,-7.75699,126.032784,14.605739,0.321979,-0.598878,0.091171,-0.727573,-15.646015,129.16748,-1.388606,0.024727,-0.048958,-0.529415,-0.846588,-9.304224,116.81311,-20.760712,0.132374,-0.013412,-0.525283,-0.840461,0.837606,137.672165,-23.305758,-0.167583,0.884848,0.089432,0.425396,-3.923148,125.774506,21.170839,0.339071,0.91244,0.126342,-0.191108,6.613788,129.766891,35.345325,-0.023512,0.357973,0.446548,-0.819694,23.227495,116.169426,24.990562,0.096328,0.206059,0.387166,-0.893512,15.456653,133.041397,12.241875,0.02445,0.852559,0.107082,0.510959,-7.9861,90.745995,6.826859,0.096323,0.935703,-0.048362,0.335921,-5.470705,54.508007,-0.881179,-0.005506,0.949449,0.001554,0.31387,-15.646057,7.79162,0.35232,-0.072507,0.880191,-0.085503,0.46119,1.401279,90.567337,23.36517,-0.030358,0.869189,-0.118429,0.479128,3.212471,54.366756,31.43799,-0.061832,0.873149,-0.057693,0.480063,0.308785,7.968894,42.67577,-0.005506,0.949449,0.001554,0.31387,-7.07468,1.702688,-11.097462,-0.061832,0.873149,-0.057693,0.480063,12.692872,1.28631,36.071331
603,5.025,0.005901,0.865313,-0.001043,0.501196,-3.340868,90.649101,15.031627,-0.009009,0.864832,0.057304,0.498698,-3.253088,98.44577,15.063664,-0.011427,0.865153,0.055504,0.498295,-4.347549,113.3908,16.419786,0.076342,0.926251,-0.043047,0.366576,-5.741908,131.841293,17.991716,0.07752,0.968266,-0.106199,0.212538,-1.913399,146.095444,16.257711,0.029591,0.838907,0.118854,0.530315,-7.722925,126.042519,14.477381,0.318874,-0.599799,0.090095,-0.728315,-15.613847,129.224152,-1.50675,0.022481,-0.049943,-0.528306,-0.847285,-9.315407,116.978561,-20.96188,0.131022,-0.014502,-0.524758,-0.840983,0.87571,137.813263,-23.490562,-0.165076,0.884174,0.08606,0.428463,-3.89555,125.772156,21.045769,0.34298,0.91259,0.125714,-0.183687,6.576716,129.722565,35.279804,-0.022891,0.363586,0.449553,-0.815588,23.195911,115.902435,25.233242,0.099527,0.212179,0.391286,-0.889927,15.72499,132.806808,12.328373,0.02334,0.849174,0.1111,0.515767,-8.07185,90.736259,6.783728,0.096922,0.936054,-0.051009,0.334376,-5.288152,54.559444,-1.117025,-0.00368,0.949637,-0.000475,0.31333,-15.597877,7.87929,0.350234,-0.07336,0.878589,-0.084752,0.464239,1.390114,90.561951,23.279526,-0.030861,0.867255,-0.119501,0.482323,3.254801,54.361111,31.338989,-0.060071,0.872936,-0.056633,0.480798,0.301563,7.990617,42.676342,-0.00368,0.949637,-0.000475,0.31333,-7.068424,1.718765,-11.092556,-0.060071,0.872936,-0.056633,0.480798,12.682961,1.307784,36.067123
604,5.033333,0.006112,0.867073,-0.002911,0.498135,-3.401907,90.643227,14.974766,-0.008961,0.8656,0.054115,0.497722,-3.296642,98.439743,14.982883,-0.010363,0.865411,0.055723,0.497848,-4.340784,113.397743,16.258438,0.078024,0.926427,-0.043312,0.365746,-5.704155,131.84819,17.857815,0.076659,0.968628,-0.106558,0.211016,-1.830557,146.090958,16.130394,0.030142,0.837738,0.120046,0.531861,-7.698389,126.05748,14.337653,0.315287,-0.601553,0.089472,-0.728507,-15.528625,129.284195,-1.667278,0.019394,-0.049912,-0.527417,-0.847917,-9.32529,117.135635,-21.213587,0.129919,-0.014852,-0.524366,-0.841392,0.907791,137.953873,-23.665133,-0.161722,0.88358,0.082796,0.431598,-3.863876,125.771866,20.901228,0.345791,0.913114,0.125959,-0.17546,6.550457,129.652649,35.196789,-0.021356,0.368902,0.451743,-0.812025,23.218185,115.654312,25.482866,0.103977,0.217855,0.394254,-0.886731,16.010614,132.549316,12.410715,0.022245,0.846151,0.116041,0.519681,-8.191016,90.716438,6.760346,0.097911,0.936281,-0.053786,0.333013,-5.11025,54.619263,-1.390449,-0.002048,0.949361,-0.003055,0.314165,-15.592478,7.985377,0.307755,-0.07404,0.876942,-0.083893,0.467389,1.387202,90.570015,23.189184,-0.031557,0.864933,-0.120643,0.486149,3.297256,54.365868,31.223129,-0.058644,0.872696,-0.056328,0.481445,0.297938,8.025744,42.672043,-0.002048,0.949361,-0.003055,0.314165,-7.071942,1.740425,-11.095848,-0.058644,0.872696,-0.056328,0.481445,12.67512,1.32988,36.068115
605,5.041667,0.006507,0.868938,-0.004877,0.494855,-3.484401,90.636269,14.914934,-0.008674,0.866297,0.052104,0.496728,-3.358594,98.432472,14.899063,-0.009256,0.865681,0.054721,0.49751,-4.363422,113.392029,16.127487,0.080441,0.926545,-0.043914,0.364848,-5.672105,131.847397,17.71579,0.075483,0.969135,-0.106783,0.208992,-1.730455,146.072083,15.9934,0.0311,0.836583,0.121442,0.533304,-7.686381,126.060104,14.201419,0.311953,-0.603545,0.088749,-0.728383,-15.458846,129.347824,-1.819241,0.016665,-0.049756,-0.526253,-0.848708,-9.363802,117.290863,-21.456121,0.128814,-0.014743,-0.523933,-0.841834,0.930524,138.095505,-23.836046,-0.158516,0.883284,0.079441,0.434017,-3.846425,125.76783,20.761517,0.349917,0.913144,0.124642,-0.167903,6.529229,129.589828,35.100971,-0.020684,0.374993,0.454971,-0.807437,23.183832,115.355476,25.712978,0.108263,0.222867,0.39629,-0.884061,16.311342,132.271988,12.482433,0.021373,0.84362,0.120741,0.522752,-8.335356,90.697899,6.73679,0.098053,0.936975,-0.056708,0.330527,-4.986837,54.68055,-1.657883,-0.001289,0.949575,-0.005605,0.313487,-15.567934,8.080217,0.324561,-0.075073,0.875208,-0.082532,0.470706,1.366553,90.574638,23.093077,-0.032303,0.862748,-0.122209,0.489579,3.361091,54.365097,31.082054,-0.057428,0.872608,-0.056442,0.481738,0.303774,8.065928,42.680325,-0.001289,0.949575,-0.005605,0.313487,-7.082565,1.759598,-11.063562,-0.057428,0.872608,-0.056442,0.481738,12.67121,1.349562,36.078964
606,5.05,0.005978,0.871751,-0.00662,0.489868,-3.53208,90.624878,14.845758,-0.009705,0.867659,0.049887,0.494556,-3.400245,98.420868,14.801425,-0.007814,0.866538,0.053973,0.496123,-4.394654,113.367104,15.957816,0.082768,0.926788,-0.044318,0.363662,-5.640637,131.826401,17.550837,0.074442,0.969492,-0.106859,0.207667,-1.636413,146.034531,15.836098,0.033453,0.836933,0.121365,0.53263,-7.684799,126.045486,14.043244,0.30899,-0.603806,0.087755,-0.72955,-15.477789,129.400482,-1.953484,0.014958,-0.049636,-0.52538,-0.849287,-9.389383,117.454567,-21.660172,0.127488,-0.013783,-0.523519,-0.842309,0.945329,138.236847,-23.993481,-0.155093,0.883063,0.075801,0.436348,-3.823498,125.741112,20.590252,0.353343,0.913411,0.124093,-0.159467,6.517588,129.503174,34.970474,-0.019065,0.380466,0.457624,-0.803407,23.188982,115.060875,25.936562,0.113104,0.227883,0.399865,-0.880559,16.611633,131.969467,12.543895,0.02099,0.841521,0.125756,0.524964,-8.476536,90.662308,6.723656,0.09798,0.937839,-0.059222,0.327645,-4.885376,54.735565,-1.95422,0.000508,0.949549,-0.007499,0.313528,-15.531169,8.161741,0.287761,-0.075389,0.873557,-0.08216,0.473778,1.412376,90.587456,22.967861,-0.032619,0.860639,-0.123969,0.492817,3.412488,54.376888,30.950817,-0.055677,0.872418,-0.05668,0.482259,0.253839,8.121112,42.694176,0.000508,0.949549,-0.007499,0.313528,-7.073695,1.774037,-11.083673,-0.055677,0.872418,-0.05668,0.482259,12.608397,1.373771,36.100285
607,5.058333,0.005902,0.874689,-0.00825,0.484579,-3.601386,90.596329,14.756388,-0.008425,0.868936,0.047294,0.492587,-3.458536,98.391953,14.688453,-0.007456,0.8671,0.053219,0.495226,-4.377065,113.322464,15.796783,0.08674,0.926884,-0.043408,0.362599,-5.595991,131.784958,17.373505,0.072415,0.970146,-0.107384,0.205039,-1.498101,145.973633,15.720107,0.034793,0.836654,0.12293,0.532624,-7.655056,126.00309,13.876229,0.304686,-0.605549,0.086629,-0.730049,-15.444958,129.428497,-2.107076,0.011629,-0.048728,-0.524184,-0.85013,-9.447691,117.61824,-21.923178,0.12574,-0.012432,-0.522723,-0.843087,0.946863,138.376266,-24.139584,-0.15067,0.882987,0.071388,0.43879,-3.780149,125.70047,20.415276,0.356959,0.913355,0.123699,-0.151861,6.532518,129.384109,34.836155,-0.01751,0.385208,0.461028,-0.799226,23.19437,114.737495,26.11912,0.118374,0.231267,0.403817,-0.877174,16.920244,131.663803,12.594473,0.020182,0.840268,0.130522,0.525839,-8.64388,90.618477,6.694726,0.09785,0.938924,-0.0615,0.324137,-4.806075,54.779972,-2.238666,0.001149,0.949566,-0.009576,0.313419,-15.501059,8.230003,0.250932,-0.076646,0.872367,-0.081802,0.475826,1.441108,90.574181,22.81805,-0.032763,0.859102,-0.12562,0.495066,3.516126,54.373455,30.826443,-0.055221,0.872428,-0.057257,0.482226,0.25971,8.15799,42.701084,0.001149,0.949566,-0.009576,0.313419,-7.06215,1.780742,-11.099528,-0.055221,0.872428,-0.057257,0.482226,12.605423,1.390151,36.111633
608,5.066667,0.005574,0.878499,-0.010094,0.477606,-3.677069,90.565102,14.666848,-0.008072,0.870628,0.044498,0.489859,-3.525528,98.36026,14.570077,-0.006182,0.867963,0.052553,0.493802,-4.388916,113.274574,15.611994,0.089454,0.927218,-0.043059,0.361123,-5.551991,131.740326,17.192722,0.071207,0.970673,-0.107621,0.202833,-1.389747,145.913742,15.56938,0.036471,0.837138,0.124121,0.531474,-7.638884,125.964104,13.702628,0.301846,-0.606523,0.084693,-0.730648,-15.468785,129.458771,-2.246106,0.009656,-0.047314,-0.5231,-0.850902,-9.51197,117.781448,-22.152985,0.124024,-0.010567,-0.52152,-0.844111,0.940162,138.517044,-24.265953,-0.146287,0.883254,0.067376,0.440368,-3.742285,125.650917,20.228273,0.361132,0.913106,0.122803,-0.144019,6.567282,129.255707,34.67128,-0.015838,0.390065,0.464757,-0.794732,23.196878,114.379272,26.288254,0.124365,0.234135,0.406707,-0.874245,17.247126,131.323792,12.632574,0.019045,0.840046,0.135202,0.525052,-8.847235,90.566544,6.686433,0.097639,0.940416,-0.063153,0.319526,-4.763325,54.81707,-2.491265,0.001468,0.949504,-0.011303,0.313548,-15.476754,8.282879,0.205455,-0.078043,0.872236,-0.08181,0.475837,1.493097,90.563667,22.647263,-0.032492,0.858309,-0.127618,0.495948,3.657524,54.379082,30.704807,-0.053964,0.872615,-0.057538,0.481996,0.271013,8.210334,42.723911,0.001468,0.949504,-0.011303,0.313548,-7.045507,1.784468,-11.122646,-0.053964,0.872615,-0.057538,0.481996,12.596996,1.41624,36.12455
609,5.075,0.005046,0.88278,-0.01177,0.469611,-3.741765,90.52739,14.564617,-0.009354,0.872927,0.04253,0.485903,-3.5861,98.322067,14.439546,-0.004235,0.869582,0.051961,0.491029,-4.448909,113.22805,15.414536,0.092318,0.927763,-0.044034,0.35888,-5.53328,131.696854,17.015406,0.070285,0.971162,-0.107162,0.201048,-1.291809,145.845749,15.38326,0.039144,0.838544,0.123714,0.529157,-7.664521,125.930809,13.535282,0.299825,-0.606226,0.082544,-0.731971,-15.576097,129.490295,-2.358715,0.008739,-0.04609,-0.522167,-0.851552,-9.584986,117.945305,-22.332371,0.121875,-0.008132,-0.519962,-0.845411,0.915337,138.657059,-24.374918,-0.141143,0.883877,0.062801,0.44147,-3.72606,125.598679,20.034807,0.365225,0.912825,0.121989,-0.135942,6.601842,129.112549,34.487118,-0.013503,0.395142,0.468316,-0.790165,23.197508,114.010284,26.447689,0.130101,0.236396,0.410318,-0.871109,17.578272,130.945343,12.64669,0.017658,0.840866,0.139963,0.522535,-9.056051,90.507004,6.679468,0.097457,0.941999,-0.064746,0.314559,-4.727182,54.851055,-2.746405,0.000966,0.949508,-0.013294,0.313459,-15.456965,8.332973,0.155302,-0.079227,0.872848,-0.082655,0.47437,1.572521,90.547783,22.449766,-0.031942,0.858073,-0.129403,0.495929,3.796412,54.387356,30.599054,-0.052978,0.872667,-0.057899,0.481968,0.279558,8.2591,42.735634,0.000966,0.949508,-0.013294,0.313459,-7.02979,1.785734,-11.147682,-0.052978,0.872667,-0.057899,0.481968,12.591769,1.441547,36.134758
610,5.083333,0.004528,0.887747,-0.013573,0.460109,-3.812211,90.481682,14.448995,-0.009483,0.875523,0.038868,0.481518,-3.652143,98.275719,14.293577,-0.002389,0.871212,0.051676,0.488174,-4.45745,113.130608,15.171735,0.095555,0.928476,-0.042282,0.35639,-5.471653,131.600967,16.800484,0.068763,0.971869,-0.10733,0.198049,-1.168998,145.738922,15.235242,0.039921,0.83837,0.127592,0.528453,-7.644856,125.845734,13.328412,0.294595,-0.607788,0.082434,-0.732812,-15.58115,129.499634,-2.531794,0.00438,-0.04408,-0.521388,-0.852169,-9.679553,118.084404,-22.606419,0.119605,-0.005165,-0.51798,-0.846974,0.870167,138.795868,-24.464705,-0.136285,0.884253,0.05815,0.442878,-3.663686,125.493599,19.800804,0.369208,0.912547,0.1202,-0.128437,6.66793,128.925247,34.270203,-0.011638,0.399739,0.472004,-0.785676,23.218729,113.599953,26.567368,0.136318,0.237225,0.413802,-0.86828,17.919525,130.544113,12.642637,0.01564,0.843525,0.144267,0.517116,-9.294597,90.439354,6.679872,0.097065,0.943661,-0.065746,0.309451,-4.733793,54.86927,-2.958641,0.000709,0.949539,-0.014413,0.313317,-15.441583,8.356357,0.102768,-0.080759,0.874254,-0.083738,0.471324,1.670175,90.524002,22.218117,-0.031082,0.858513,-0.131752,0.494601,3.982605,54.395176,30.482084,-0.051948,0.873043,-0.05861,0.481313,0.301802,8.320412,42.772259,0.000709,0.949539,-0.014413,0.313317,-7.019223,1.781452,-11.187737,-0.051948,0.873043,-0.05861,0.481313,12.587589,1.46909,36.157131
611,5.091667,0.004004,0.893606,-0.014544,0.448598,-3.885746,90.426598,14.316885,-0.010441,0.878583,0.036376,0.476089,-3.728211,98.220284,14.142219,-0.000221,0.873248,0.05095,0.484605,-4.514908,113.025177,14.943637,0.09694,0.92941,-0.042761,0.353512,-5.43907,131.49852,16.592087,0.068642,0.972343,-0.106466,0.196218,-1.103738,145.624756,15.011265,0.042544,0.840659,0.128724,0.524322,-7.665204,125.754524,13.134967,0.292022,-0.607031,0.079987,-0.734738,-15.751174,129.494003,-2.629407,0.003038,-0.042305,-0.520493,-0.852812,-9.786797,118.241974,-22.777493,0.116788,-0.002163,-0.516108,-0.848522,0.809532,138.928604,-24.533062,-0.130629,0.885536,0.053329,0.442626,-3.631116,125.381813,19.573353,0.374353,0.911573,0.120071,-0.120322,6.763262,128.716202,34.020527,-0.008783,0.403673,0.476737,-0.780829,23.227924,113.13723,26.649117,0.143316,0.237932,0.416535,-0.865648,18.273981,130.094879,12.614327,0.013777,0.845892,0.148872,0.511971,-9.567142,90.37056,6.692173,0.096307,0.945236,-0.066764,0.304625,-4.772086,54.896664,-3.184218,-0.000235,0.94954,-0.015959,0.313239,-15.425256,8.38263,0.046101,-0.082186,0.876231,-0.084671,0.467221,1.79565,90.482643,21.941597,-0.030765,0.859062,-0.134538,0.492915,4.205935,54.38274,30.303463,-0.050943,0.873761,-0.059607,0.479993,0.390571,8.377064,42.809494,-0.000235,0.94954,-0.015959,0.313239,-6.999473,1.774861,-11.222649,-0.050943,0.873761,-0.059607,0.479993,12.637729,1.484146,36.166008
612,5.1,0.003776,0.899909,-0.015831,0.435775,-3.966913,90.367958,14.174414,-0.012735,0.882453,0.033548,0.469031,-3.806335,98.161057,13.977903,0.002947,0.876223,0.050887,0.479203,-4.605991,112.945404,14.678457,0.100989,0.930615,-0.04118,0.349373,-5.415747,131.418655,16.386896,0.067636,0.973074,-0.106774,0.192749,-1.000497,145.526749,14.866235,0.044314,0.842491,0.130718,0.520728,-7.714417,125.695244,12.943154,0.289366,-0.606356,0.07843,-0.736511,-15.930828,129.512405,-2.734914,0.001248,-0.040084,-0.519917,-0.853275,-9.915687,118.394455,-22.942251,0.114572,0.000245,-0.51274,-0.850865,0.714305,139.067719,-24.56649,-0.124057,0.887444,0.049049,0.441189,-3.601257,125.284958,19.329012,0.379469,0.910791,0.116761,-0.113271,6.899724,128.488327,33.728661,-0.006197,0.407771,0.480924,-0.776142,23.259073,112.642982,26.698458,0.150788,0.237437,0.419973,-0.86285,18.635239,129.603775,12.548258,0.011121,0.8497,0.153171,0.504406,-9.864022,90.301376,6.715372,0.095577,0.947096,-0.067286,0.29891,-4.827827,54.918999,-3.36713,-0.000767,0.949604,-0.017012,0.312988,-15.410471,8.398268,-0.004125,-0.083482,0.879087,-0.08611,0.461325,1.930196,90.434532,21.633455,-0.029837,0.860387,-0.137843,0.489738,4.430326,54.368835,30.115652,-0.050187,0.874422,-0.060923,0.478702,0.428515,8.443892,42.857918,-0.000767,0.949604,-0.017012,0.312988,-6.988426,1.767123,-11.261931,-0.050187,0.874422,-0.060923,0.478702,12.638526,1.505836,36.193073
613,5.108333,0.003287,0.90673,-0.016684,0.421369,-4.032245,90.30014,14.016454,-0.013743,0.88655,0.032035,0.461317,-3.876134,98.092857,13.802139,0.004783,0.879305,0.050173,0.473585,-4.672855,112.8312,14.454005,0.10284,0.931996,-0.04224,0.344997,-5.399133,131.30661,16.176615,0.067961,0.973716,-0.105356,0.190156,-0.937816,145.39624,14.619735,0.046498,0.844951,0.133258,0.515886,-7.761293,125.591682,12.761847,0.286327,-0.605317,0.076616,-0.738741,-16.152315,129.504166,-2.799809,-0.000482,-0.037944,-0.519123,-0.853857,-10.063718,118.543793,-23.071119,0.112186,0.002645,-0.509985,-0.852832,0.609063,139.195984,-24.568892,-0.117214,0.88981,0.043008,0.438919,-3.566914,125.166214,19.093651,0.386555,0.908851,0.11523,-0.10624,7.066223,128.25975,33.420147,-0.002237,0.411361,0.486881,-0.770535,23.240381,112.095596,26.693815,0.158982,0.236454,0.422958,-0.860187,19.009508,129.069382,12.436617,0.009036,0.854337,0.157293,0.495264,-10.164235,90.223122,6.74938,0.093851,0.948786,-0.067927,0.293909,-4.951981,54.932667,-3.563197,-0.002625,0.949994,-0.017682,0.311757,-15.379264,8.388951,-0.036874,-0.084345,0.882361,-0.088181,0.454476,2.099746,90.377151,21.283527,-0.028622,0.8619,-0.1417,0.486035,4.650622,54.349007,29.909002,-0.049926,0.875096,-0.062687,0.477268,0.422499,8.520401,42.922173,-0.002625,0.949994,-0.017682,0.311757,-6.966663,1.756345,-11.300879,-0.049926,0.875096,-0.062687,0.477268,12.596239,1.533902,36.241608
614,5.116667,0.002887,0.913743,-0.017606,0.405901,-4.102565,90.22393,13.852538,-0.015894,0.891334,0.030522,0.45204,-3.94998,98.016197,13.619945,0.007511,0.883263,0.049773,0.466169,-4.774834,112.728943,14.210447,0.105874,0.933602,-0.042389,0.339679,-5.390168,131.20459,15.973231,0.067823,0.974388,-0.104554,0.18718,-0.862959,145.272568,14.410703,0.048849,0.847792,0.135494,0.510396,-7.835424,125.505516,12.59062,0.283821,-0.604165,0.074443,-0.740871,-16.422377,129.509781,-2.840269,-0.001207,-0.034834,-0.517913,-0.854723,-10.251698,118.706276,-23.170891,0.110568,0.005724,-0.507452,-0.854538,0.484804,139.32225,-24.528204,-0.108822,0.892869,0.037273,0.435378,-3.535522,125.051582,18.849247,0.39343,0.906786,0.113392,-0.100466,7.278419,127.982666,33.074211,0.003194,0.412647,0.493207,-0.765806,23.253828,111.518814,26.604647,0.168365,0.232737,0.429437,-0.856195,19.349674,128.510452,12.267074,0.007119,0.859855,0.161759,0.484183,-10.477961,90.138206,6.798134,0.092161,0.951012,-0.068583,0.287018,-5.115863,54.951286,-3.78778,-0.004657,0.950134,-0.018399,0.311263,-15.382565,8.386048,-0.079117,-0.085713,0.886185,-0.0897,0.446411,2.272832,90.309662,20.906942,-0.027607,0.864281,-0.145725,0.480646,4.940125,54.318855,29.652256,-0.050628,0.876083,-0.065515,0.474998,0.522563,8.595451,42.968994,-0.004657,0.950134,-0.018399,0.311263,-6.959741,1.752429,-11.334886,-0.050628,0.876083,-0.065515,0.474998,12.651721,1.548147,36.271225
615,5.125,0.002895,0.920956,-0.018544,0.389213,-4.180354,90.148743,13.67829,-0.018095,0.896831,0.030114,0.440976,-4.026218,97.940483,13.429536,0.010302,0.888153,0.049056,0.456805,-4.894598,112.61808,13.989488,0.107874,0.935798,-0.042304,0.33295,-5.387048,131.094513,15.782398,0.068463,0.975106,-0.103769,0.183609,-0.828451,145.150223,14.200846,0.051103,0.850489,0.138877,0.504748,-7.930291,125.410225,12.447512,0.279676,-0.603102,0.073691,-0.743383,-16.716707,129.522812,-2.841944,-0.001892,-0.031535,-0.516162,-0.855908,-10.479561,118.870567,-23.23201,0.110402,0.010012,-0.50605,-0.85535,0.347029,139.437653,-24.442921,-0.101304,0.896557,0.032398,0.42997,-3.49966,124.930099,18.612295,0.402298,0.903687,0.110735,-0.096145,7.540987,127.714828,32.691757,0.009554,0.413318,0.501152,-0.760213,23.220516,110.891556,26.426214,0.179417,0.227317,0.435318,-0.852428,19.69688,127.918076,12.020119,0.004767,0.866669,0.165346,0.470662,-10.808087,90.062187,6.860427,0.090274,0.953372,-0.068538,0.279705,-5.33523,54.960323,-3.948814,-0.007226,0.950335,-0.018639,0.310586,-15.401557,8.361589,-0.11381,-0.086734,0.890492,-0.091571,0.437169,2.447379,90.235291,20.496155,-0.026752,0.866675,-0.150444,0.474894,5.21049,54.282761,29.368233,-0.050127,0.87738,-0.067647,0.472351,0.594147,8.688617,43.055588,-0.007226,0.950335,-0.018639,0.310586,-6.964507,1.744517,-11.368654,-0.050127,0.87738,-0.067647,0.472351,12.661804,1.577854,36.313946
616,5.133333,0.0027,0.928033,-0.019408,0.371982,-4.252615,90.062508,13.513809,-0.020261,0.902763,0.029404,0.428654,-4.100957,97.85376,13.248602,0.012859,0.893633,0.048904,0.44594,-5.008578,112.504562,13.773264,0.109849,0.938292,-0.044133,0.324952,-5.39174,130.97934,15.609309,0.069487,0.97596,-0.101928,0.179678,-0.789518,145.011627,13.948147,0.05419,0.854233,0.141217,0.4974,-8.03612,125.309944,12.328183,0.275522,-0.601741,0.072817,-0.746118,-17.077435,129.530151,-2.78229,-0.00108,-0.027618,-0.513695,-0.857528,-10.756038,119.03672,-23.228678,0.1117,0.015823,-0.505027,-0.855699,0.193735,139.531937,-24.304659,-0.093812,0.900757,0.027396,0.423184,-3.457165,124.803329,18.381456,0.41228,0.899788,0.108093,-0.093392,7.846064,127.443718,32.279205,0.018381,0.411976,0.510577,-0.754486,23.162836,110.240746,26.148855,0.192142,0.21759,0.443216,-0.848113,20.019167,127.298439,11.685014,0.002718,0.874089,0.169168,0.455349,-11.129817,89.97287,6.947708,0.088276,0.95607,-0.068401,0.271032,-5.585339,54.964821,-4.126052,-0.010731,0.950396,-0.019035,0.310275,-15.431744,8.330152,-0.159198,-0.087672,0.895358,-0.093347,0.426538,2.624587,90.152153,20.07991,-0.025644,0.869589,-0.155464,0.467962,5.497439,54.23616,29.064423,-0.049932,0.878742,-0.070158,0.469465,0.671469,8.783343,43.143906,-0.010731,0.950396,-0.019035,0.310275,-6.960869,1.734239,-11.401054,-0.049932,0.878742,-0.070158,0.469465,12.674901,1.604297,36.360096
617,5.141667,0.002715,0.935082,-0.020359,0.353837,-4.322309,89.979767,13.349882,-0.022775,0.909373,0.028897,0.414351,-4.170372,97.770416,13.067985,0.015691,0.900064,0.048749,0.432737,-5.128278,112.384079,13.56153,0.111842,0.941094,-0.045607,0.315837,-5.387249,130.85643,15.443274,0.070061,0.976787,-0.100308,0.17583,-0.748927,144.867462,13.704912,0.057885,0.858462,0.14373,0.488911,-8.148973,125.203491,12.231114,0.271307,-0.600318,0.072327,-0.748852,-17.478529,129.547974,-2.667439,0.001254,-0.022822,-0.510578,-0.859528,-11.072208,119.201836,-23.162405,0.115197,0.023238,-0.505098,-0.855024,0.031488,139.606735,-24.104321,-0.085515,0.905118,0.021348,0.415925,-3.394749,124.667694,18.145157,0.423449,0.894866,0.106076,-0.093021,8.182957,127.149223,31.844818,0.029092,0.408191,0.521876,-0.748451,23.058073,109.555687,25.735378,0.205806,0.204007,0.454047,-0.842535,20.300365,126.666557,11.245951,0.00023,0.882369,0.172768,0.437695,-11.449965,89.89106,7.05653,0.086337,0.95892,-0.067898,0.261548,-5.848928,54.973881,-4.272739,-0.011517,0.950464,-0.01817,0.310088,-15.466974,8.300281,-0.204727,-0.088497,0.900563,-0.095001,0.414885,2.805348,90.068474,19.643232,-0.024644,0.872569,-0.160867,0.460583,5.797023,54.186417,28.724035,-0.049869,0.880235,-0.073318,0.46618,0.766594,8.892292,43.236717,-0.011517,0.950464,-0.01817,0.310088,-6.987797,1.734485,-11.45795,-0.049869,0.880235,-0.073318,0.46618,12.696794,1.630928,36.411465
618,5.15,0.003201,0.942046,-0.02082,0.334822,-4.395949,89.877808,13.163504,-0.024502,0.916271,0.029154,0.398744,-4.240207,97.668114,12.874353,0.018528,0.906909,0.048559,0.418109,-5.238437,112.272392,13.370673,0.11353,0.944258,-0.046194,0.305538,-5.368402,130.741821,15.293951,0.070867,0.977727,-0.099254,0.170814,-0.714935,144.739807,13.492107,0.062219,0.863562,0.145891,0.47865,-8.253846,125.105194,12.162924,0.266639,-0.599215,0.072427,-0.751398,-17.92411,129.579926,-2.477595,0.004974,-0.017659,-0.506413,-0.862096,-11.45539,119.369064,-23.020754,0.120649,0.032472,-0.505867,-0.853515,-0.149997,139.656281,-23.845402,-0.077811,0.91018,0.016716,0.406496,-3.311736,124.540665,17.918137,0.435855,0.888906,0.104878,-0.094218,8.592366,126.859406,31.36425,0.042299,0.401424,0.534811,-0.742325,22.94862,108.86116,25.19268,0.221449,0.186177,0.465733,-0.836296,20.560528,126.033279,10.704987,-0.002258,0.890927,0.176307,0.418521,-11.772588,89.802589,7.163738,0.084293,0.961519,-0.067507,0.252623,-6.14311,54.977535,-4.431849,-0.014138,0.950296,-0.018035,0.310503,-15.52719,8.265513,-0.259804,-0.089404,0.906007,-0.096456,0.402312,2.980689,89.953026,19.163271,-0.024066,0.87536,-0.167155,0.453017,6.114477,54.103638,28.324799,-0.04931,0.88229,-0.07623,0.461867,0.886191,9.00411,43.36401,-0.014138,0.950296,-0.018035,0.310503,-7.005773,1.727586,-11.497335,-0.04931,0.88229,-0.07623,0.461867,12.720546,1.656352,36.464764
619,5.158333,0.003742,0.948778,-0.021905,0.315161,-4.481516,89.794556,12.997346,-0.026569,0.923366,0.029735,0.381844,-4.318485,97.584084,12.691635,0.022101,0.914121,0.048312,0.401946,-5.368929,112.172401,13.198317,0.114364,0.947676,-0.048538,0.294068,-5.339795,130.637329,15.168437,0.071783,0.978709,-0.097414,0.165793,-0.685443,144.618134,13.239995,0.066452,0.868819,0.1485,0.467639,-8.362693,125.022552,12.129175,0.261216,-0.59832,0.073577,-0.753901,-18.390566,129.628357,-2.227363,0.009871,-0.011652,-0.501353,-0.865108,-11.878724,119.533562,-22.814201,0.128452,0.043651,-0.508138,-0.850523,-0.329619,139.684433,-23.512634,-0.069861,0.915833,0.011734,0.395263,-3.221151,124.419746,17.70293,0.45024,0.881351,0.104652,-0.097737,9.051644,126.56884,30.842257,0.057281,0.391898,0.549863,-0.735381,22.768036,108.139732,24.489674,0.237793,0.165071,0.479004,-0.828711,20.775436,125.403656,10.038011,-0.005224,0.900261,0.17952,0.396579,-12.101108,89.730789,7.309169,0.082114,0.964558,-0.066411,0.241814,-6.464375,54.992287,-4.539746,-0.017041,0.950226,-0.017973,0.310574,-15.576733,8.231529,-0.311657,-0.090173,0.911655,-0.097604,0.38888,3.138075,89.858315,18.685522,-0.023665,0.878434,-0.173747,0.444529,6.424489,54.03574,27.8983,-0.049712,0.884513,-0.080427,0.456834,1.024992,9.149361,43.504013,-0.017041,0.950226,-0.017973,0.310574,-7.018227,1.722168,-11.537576,-0.049712,0.884513,-0.080427,0.456834,12.75526,1.697642,36.538826
620,5.166667,0.004194,0.955223,-0.022057,0.295036,-4.53768,89.695702,12.821823,-0.02861,0.93063,0.030505,0.363564,-4.373721,97.485069,12.512554,0.025759,0.92168,0.04816,0.384087,-5.479289,112.089836,13.039823,0.115124,0.951315,-0.050312,0.28145,-5.284518,130.548798,15.055829,0.072443,0.979776,-0.095873,0.159997,-0.642428,144.516891,13.009228,0.071279,0.875401,0.150317,0.453868,-8.450795,124.956856,12.122296,0.256234,-0.597422,0.074639,-0.756215,-18.914154,129.687332,-1.878522,0.016506,-0.005313,-0.495347,-0.868522,-12.358623,119.699219,-22.503508,0.138076,0.055631,-0.510117,-0.847125,-0.532513,139.677948,-23.097599,-0.06244,0.921912,0.007921,0.382252,-3.098343,124.31424,17.489225,0.465926,0.872448,0.105089,-0.103459,9.57637,126.289246,30.269415,0.074778,0.379111,0.566393,-0.72793,22.552813,107.429527,23.632387,0.25495,0.139101,0.493951,-0.819551,20.948046,124.792336,9.237038,-0.008563,0.909871,0.182985,0.37226,-12.390759,89.648132,7.460427,0.080167,0.967499,-0.06572,0.230649,-6.753151,55.006336,-4.667908,-0.020118,0.950223,-0.018331,0.310381,-15.622303,8.206624,-0.354511,-0.090896,0.917604,-0.098977,0.37409,3.315398,89.743271,18.18322,-0.022959,0.882208,-0.181031,0.434063,6.759962,53.950459,27.453714,-0.050728,0.887264,-0.084996,0.450515,1.180938,9.3081,43.683769,-0.020118,0.950223,-0.018331,0.310381,-7.032474,1.716281,-11.567518,-0.050728,0.887264,-0.084996,0.450515,12.789738,1.749114,36.631203
621,5.175,0.004936,0.961312,-0.022476,0.274497,-4.617091,89.608383,12.649062,-0.03003,0.93816,0.031363,0.343469,-4.446878,97.397354,12.333245,0.03024,0.929679,0.048494,0.363912,-5.590376,112.022362,12.894316,0.116154,0.955162,-0.052248,0.267289,-5.201664,130.47081,14.977403,0.072402,0.980946,-0.094649,0.153443,-0.571624,144.423401,12.801862,0.075931,0.881876,0.151908,0.439834,-8.525239,124.909637,12.16174,0.250163,-0.597589,0.076899,-0.757887,-19.418028,129.754349,-1.46757,0.023233,0.001534,-0.488519,-0.872242,-12.888373,119.849518,-22.140873,0.149121,0.069301,-0.513028,-0.842474,-0.751726,139.63858,-22.605778,-0.054617,0.928342,0.003784,0.367673,-2.947006,124.213448,17.286606,0.482917,0.861954,0.106457,-0.111776,10.156811,125.999283,29.655235,0.093177,0.363936,0.584034,-0.719564,22.279402,106.723465,22.611628,0.271175,0.109526,0.507692,-0.810381,21.082251,124.197624,8.305343,-0.012265,0.918597,0.186678,0.348109,-12.692493,89.581291,7.628624,0.078217,0.970226,-0.065049,0.219801,-7.029508,55.046623,-4.789931,-0.022487,0.95021,-0.019042,0.310215,-15.6563,8.208969,-0.397475,-0.091766,0.923722,-0.099897,0.358241,3.458311,89.635475,17.6695,-0.022621,0.885598,-0.189105,0.423609,7.095934,53.86805,26.964231,-0.050297,0.890579,-0.09003,0.442983,1.34954,9.510094,43.90033,-0.022487,0.95021,-0.019042,0.310215,-7.044254,1.721817,-11.595277,-0.050297,0.890579,-0.09003,0.442983,12.79345,1.80921,36.732723
622,5.183333,0.005649,0.967005,-0.022637,0.253689,-4.698004,89.520714,12.478283,-0.028822,0.945393,0.032331,0.323041,-4.523261,97.309456,12.15927,0.03319,0.93731,0.048415,0.343518,-5.631359,111.953018,12.784123,0.115917,0.958943,-0.054521,0.253018,-5.093655,130.394806,14.892965,0.072429,0.982087,-0.093148,0.146908,-0.511559,144.33934,12.569386,0.080839,0.889031,0.153722,0.423626,-8.55477,124.851013,12.211947,0.243499,-0.598662,0.07945,-0.758946,-19.926502,129.812088,-0.977197,0.029466,0.008191,-0.480944,-0.876218,-13.477053,119.988487,-21.714329,0.160057,0.082725,-0.514419,-0.838398,-1.003058,139.567932,-22.039099,-0.047224,0.935087,0.00106,0.351256,-2.75989,124.124695,17.086105,0.500346,0.850307,0.107835,-0.122489,10.798634,125.710388,28.98291,0.112719,0.346581,0.60165,-0.710769,21.984627,106.058609,21.445778,0.286713,0.076646,0.520012,-0.800943,21.174471,123.633469,7.236323,-0.015873,0.926857,0.190345,0.323192,-12.982279,89.515388,7.810479,0.076062,0.972481,-0.064486,0.210563,-7.320811,55.090923,-4.911046,-0.024523,0.950101,-0.019719,0.310351,-15.695198,8.214498,-0.444339,-0.092376,0.930166,-0.101308,0.34058,3.586271,89.526031,17.146088,-0.022331,0.889249,-0.197637,0.411918,7.40526,53.788036,26.481167,-0.049924,0.894646,-0.095488,0.433587,1.517435,9.744459,44.172329,-0.024523,0.950101,-0.019719,0.310351,-7.057585,1.728663,-11.62319,-0.049924,0.894646,-0.095488,0.433587,12.75936,1.887776,36.855724
623,5.191667,0.006141,0.972233,-0.023569,0.232743,-4.776881,89.445877,12.322469,-0.027489,0.952456,0.034368,0.301481,-4.598225,97.233856,11.987417,0.036469,0.944921,0.048408,0.321638,-5.6736,111.889938,12.706786,0.114662,0.962908,-0.057485,0.237393,-4.972006,130.323273,14.841255,0.073058,0.983254,-0.091517,0.13964,-0.470797,144.262894,12.337123,0.085906,0.896335,0.154497,0.406613,-8.574075,124.799644,12.308373,0.237489,-0.600497,0.081752,-0.759156,-20.426746,129.863251,-0.40997,0.035668,0.014756,-0.473044,-0.880193,-14.099881,120.106247,-21.216202,0.170462,0.09597,-0.514689,-0.834762,-1.286116,139.459946,-21.396526,-0.039755,0.94257,-0.000303,0.331633,-2.561251,124.038483,16.905352,0.51848,0.837094,0.111191,-0.134494,11.506089,125.39917,28.225273,0.133439,0.326235,0.619621,-0.70131,21.664263,105.422127,20.110067,0.300838,0.04098,0.531684,-0.790651,21.227615,123.105362,6.023815,-0.019658,0.934114,0.194676,0.298573,-13.254817,89.455101,8.016404,0.07398,0.974473,-0.064265,0.201987,-7.574199,55.164474,-5.053269,-0.026444,0.950105,-0.021288,0.310077,-15.711806,8.25544,-0.492294,-0.092865,0.936853,-0.101948,0.321386,3.701056,89.436653,16.628534,-0.022769,0.892842,-0.206739,0.399468,7.729073,53.71505,25.938488,-0.049216,0.899364,-0.101955,0.422288,1.773909,10.025414,44.465019,-0.026444,0.950105,-0.021288,0.310077,-7.062717,1.74588,-11.648462,-0.049216,0.899364,-0.101955,0.422288,12.76606,1.980264,36.975735
624,5.2,0.00701,0.976997,-0.023595,0.211826,-4.877751,89.35743,12.154383,-0.024979,0.959007,0.036947,0.279852,-4.692998,97.14521,11.818048,0.0399,0.951985,0.048427,0.299644,-5.70409,111.827431,12.65659,0.113364,0.966554,-0.061029,0.221804,-4.832296,130.250961,14.812836,0.072925,0.984368,-0.090285,0.132481,-0.414275,144.181015,12.114758,0.091045,0.90367,0.15608,0.388241,-8.569568,124.749161,12.432968,0.231087,-0.603231,0.085129,-0.758594,-20.918167,129.923218,0.241863,0.040676,0.019911,-0.464692,-0.884313,-14.775033,120.199463,-20.634853,0.179167,0.10794,-0.513901,-0.831958,-1.606759,139.312881,-20.694958,-0.032163,0.950345,-0.000685,0.309532,-2.352851,123.950508,16.743439,0.535698,0.823316,0.114699,-0.148401,12.247424,125.065147,27.395737,0.154485,0.304241,0.636316,-0.691863,21.352787,104.851425,18.642189,0.313922,0.003082,0.54056,-0.780538,21.237328,122.630905,4.680713,-0.022951,0.9398,0.199181,0.276723,-13.532305,89.392632,8.215467,0.071587,0.976048,-0.064543,0.195037,-7.836861,55.244209,-5.215083,-0.026773,0.950274,-0.022735,0.309428,-15.724651,8.305275,-0.524677,-0.093826,0.943654,-0.102538,0.300332,3.776803,89.322227,16.093298,-0.023549,0.896409,-0.216456,0.38606,8.065358,53.622902,25.372267,-0.048512,0.904756,-0.109176,0.408833,2.091144,10.330093,44.802189,-0.026773,0.950274,-0.022735,0.309428,-7.091806,1.75982,-11.672414,-0.048512,0.904756,-0.109176,0.408833,12.784815,2.073807,37.113224
625,5.208333,0.007549,0.981333,-0.023311,0.190748,-4.973067,89.269707,11.982841,-0.022101,0.965347,0.038869,0.25711,-4.788197,97.057571,11.648566,0.0435,0.958861,0.048947,0.276221,-5.712006,111.741791,12.587407,0.112874,0.970073,-0.063532,0.205382,-4.665038,130.152298,14.776733,0.071773,0.985587,-0.089215,0.124531,-0.322246,144.073837,11.917417,0.097024,0.911507,0.156903,0.367591,-8.535482,124.674667,12.55952,0.225139,-0.606581,0.088531,-0.75732,-21.408573,129.966217,0.976556,0.044652,0.023462,-0.456136,-0.888479,-15.486818,120.25988,-19.972118,0.185104,0.118634,-0.510794,-0.831115,-1.96002,139.121262,-19.949923,-0.024948,0.958081,0.001672,0.285406,-2.118121,123.834396,16.556644,0.551305,0.809482,0.118221,-0.163783,13.016899,124.682747,26.460854,0.175855,0.280359,0.651202,-0.682942,21.084585,104.331635,17.033682,0.325619,-0.037373,0.548139,-0.769493,21.20447,122.215202,3.195238,-0.025429,0.944211,0.203818,0.257444,-13.788848,89.326027,8.419639,0.069131,0.977352,-0.064952,0.189168,-8.108669,55.325294,-5.386837,-0.027095,0.950246,-0.024182,0.309376,-15.746929,8.358365,-0.56548,-0.094364,0.950234,-0.10347,0.278289,3.842713,89.213379,15.546044,-0.024919,0.900156,-0.22614,0.371427,8.363671,53.535831,24.798424,-0.048123,0.91049,-0.116801,0.393763,2.474783,10.659379,45.155518,-0.027095,0.950246,-0.024182,0.309376,-7.116131,1.777568,-11.693978,-0.048123,0.91049,-0.116801,0.393763,12.835458,2.182781,37.253323
626,5.216667,0.007898,0.985164,-0.023027,0.169878,-5.067293,89.186752,11.816912,-0.019908,0.971,0.042118,0.234497,-4.884959,96.974739,11.484065,0.04797,0.96508,0.049153,0.252791,-5.746647,111.661552,12.552871,0.110367,0.973536,-0.066956,0.188584,-4.488748,130.056122,14.765009,0.071555,0.986644,-0.088302,0.116691,-0.279117,143.976486,11.707648,0.103297,0.919213,0.157405,0.345833,-8.494011,124.609802,12.716511,0.22063,-0.610924,0.091504,-0.754799,-21.88378,130.019882,1.792803,0.048444,0.025931,-0.447405,-0.892642,-16.239599,120.301926,-19.226997,0.189394,0.127873,-0.50645,-0.831437,-2.353069,138.898209,-19.158644,-0.017796,0.966124,0.006508,0.257383,-1.894294,123.716438,16.392277,0.564053,0.796731,0.119902,-0.180797,13.802663,124.278435,25.401825,0.196911,0.255794,0.662148,-0.676281,20.913103,103.888657,15.310971,0.335943,-0.077748,0.552292,-0.758994,21.087482,121.857986,1.594302,-0.026974,0.947286,0.208596,0.24168,-14.026107,89.260323,8.630703,0.066525,0.978581,-0.065458,0.18349,-8.384334,55.411934,-5.560493,-0.028003,0.950313,-0.026145,0.308931,-15.760419,8.417511,-0.600857,-0.094599,0.956692,-0.103995,0.254904,3.891521,89.113182,15.003119,-0.026706,0.90415,-0.236544,0.354748,8.644195,53.447025,24.183006,-0.047075,0.916708,-0.125396,0.37644,2.927176,11.039818,45.547115,-0.028003,0.950313,-0.026145,0.308931,-7.135591,1.792933,-11.707995,-0.047075,0.916708,-0.125396,0.37644,12.889554,2.3072,37.41486
627,5.225,0.008157,0.988485,-0.022629,0.149395,-5.170821,89.109764,11.6604,-0.017202,0.976143,0.045535,0.211602,-4.992365,96.897964,11.330572,0.052137,0.970783,0.049892,0.228849,-5.771665,111.571945,12.533964,0.108607,0.976641,-0.070589,0.171444,-4.315935,129.948288,14.775941,0.070853,0.987699,-0.087671,0.108374,-0.224826,143.859344,11.521636,0.109209,0.92644,0.15829,0.323613,-8.444142,124.531723,12.899907,0.217311,-0.616052,0.093966,-0.751283,-22.327099,130.050919,2.66838,0.051705,0.027202,-0.439175,-0.8965,-17.004614,120.30368,-18.421659,0.191813,0.136503,-0.50034,-0.833207,-2.786659,138.639252,-18.343735,-0.010418,0.973967,0.014132,0.226007,-1.675331,123.587975,16.240294,0.574611,0.784503,0.116448,-0.20203,14.578424,123.83976,24.217405,0.214527,0.233242,0.671532,-0.669792,20.728237,103.471992,13.472128,0.346338,-0.119255,0.550248,-0.75037,20.97002,121.557602,-0.113407,-0.028198,0.949703,0.213176,0.227651,-14.253924,89.198807,8.848466,0.064109,0.979957,-0.065688,0.176803,-8.660867,55.498909,-5.710648,-0.028851,0.950284,-0.02786,0.308791,-15.78123,8.477184,-0.637392,-0.095011,0.962584,-0.104356,0.231334,3.912282,89.020714,14.472336,-0.028379,0.908538,-0.247282,0.335566,8.911596,53.365932,23.56501,-0.044554,0.923187,-0.134732,0.357196,3.440486,11.464521,45.966343,-0.028851,0.950284,-0.02786,0.308791,-7.154953,1.815242,-11.721033,-0.044554,0.923187,-0.134732,0.357196,12.932115,2.438512,37.594883
628,5.233333,0.008413,0.991347,-0.021816,0.129167,-5.289406,89.026848,11.506693,-0.014426,0.980766,0.048778,0.188441,-5.115401,96.815552,11.186368,0.057196,0.975888,0.050917,0.204396,-5.803155,111.472008,12.515921,0.106653,0.979558,-0.073381,0.153968,-4.11666,129.82399,14.795534,0.069678,0.988677,-0.087832,0.099738,-0.160157,143.732758,11.369615,0.116213,0.933763,0.15847,0.299111,-8.369118,124.445511,13.095717,0.21526,-0.622191,0.096222,-0.746514,-22.74745,130.09201,3.647836,0.054903,0.026405,-0.430624,-0.900473,-17.807814,120.283081,-17.506636,0.192254,0.143741,-0.492035,-0.836827,-3.249405,138.33606,-17.500364,-0.003137,0.981068,0.023807,0.192167,-1.447548,123.437988,16.086088,0.581919,0.773744,0.114642,-0.222593,15.322248,123.383759,22.91638,0.232851,0.208782,0.677492,-0.665729,20.652924,103.136147,11.525809,0.356163,-0.160056,0.547716,-0.739958,20.769312,121.346428,-1.902752,-0.028656,0.951274,0.217626,0.216552,-14.479581,89.131859,9.068002,0.061444,0.981405,-0.06584,0.169513,-8.955013,55.576271,-5.846229,-0.029662,0.950387,-0.029136,0.308279,-15.790743,8.524445,-0.661723,-0.095579,0.968225,-0.104301,0.206222,3.90077,88.921829,13.945384,-0.03006,0.913016,-0.25856,0.314079,9.17622,53.274239,22.909298,-0.044786,0.929801,-0.145182,0.335242,4.033508,11.927936,46.393681,-0.029662,0.950387,-0.029136,0.308279,-7.170855,1.836034,-11.734378,-0.044786,0.929801,-0.145182,0.335242,13.024047,2.610066,37.792023
629,5.241667,0.008405,0.993726,-0.020485,0.109631,-5.392911,88.94014,11.347195,-0.01167,0.984916,0.052548,0.164448,-5.227643,96.729721,11.044116,0.062548,0.980552,0.052269,0.178533,-5.820391,111.362473,12.511137,0.10388,0.982372,-0.07582,0.135664,-3.889158,129.685455,14.829365,0.068572,0.989525,-0.08864,0.090997,-0.100876,143.59967,11.239309,0.123182,0.940584,0.158942,0.273616,-8.26243,124.347748,13.318057,0.212905,-0.629619,0.098786,-0.740603,-23.109158,130.118683,4.706838,0.057186,0.023953,-0.422055,-0.904448,-18.636621,120.240799,-16.519344,0.192051,0.149646,-0.483252,-0.840946,-3.736415,138.006561,-16.633928,0.003847,0.98727,0.036481,0.154768,-1.199933,123.272682,15.931669,0.586552,0.764107,0.108763,-0.245496,16.039585,122.930656,21.460152,0.248576,0.185708,0.681457,-0.662827,20.601154,102.83799,9.476658,0.36624,-0.201321,0.538941,-0.731356,20.549414,121.202942,-3.768951,-0.028796,0.952408,0.221646,0.207274,-14.671813,89.056267,9.272079,0.059149,0.983002,-0.065805,0.160869,-9.223024,55.632408,-5.962392,-0.030506,0.950499,-0.029885,0.307779,-15.797379,8.553672,-0.685028,-0.095587,0.973306,-0.104237,0.18076,3.88599,88.824013,13.422309,-0.031356,0.917803,-0.270563,0.288879,9.396195,53.175556,22.24037,-0.044548,0.936363,-0.15648,0.311054,4.672607,12.444383,46.860268,-0.030506,0.950499,-0.029885,0.307779,-7.181406,1.853022,-11.753329,-0.044548,0.936363,-0.15648,0.311054,13.094015,2.806401,38.038124
630,5.25,0.008546,0.995706,-0.019295,0.090135,-5.508911,88.85421,11.188702,-0.008372,0.988554,0.057343,0.139294,-5.349084,96.644501,10.90111,0.067539,0.984756,0.05358,0.151072,-5.826746,111.229919,12.531664,0.101394,0.98491,-0.077727,0.116748,-3.657235,129.523636,14.870222,0.067184,0.990255,-0.090104,0.082236,-0.038639,143.444962,11.135597,0.130493,0.947037,0.158605,0.246855,-8.140477,124.222519,13.566608,0.209993,-0.638051,0.101636,-0.733801,-23.42445,130.115936,5.849755,0.057899,0.01914,-0.413086,-0.908648,-19.488689,120.173355,-15.452409,0.189209,0.153929,-0.473806,-0.846176,-4.231107,137.631744,-15.755031,0.010163,0.991947,0.050921,0.115522,-0.950157,123.087502,15.774916,0.587756,0.756192,0.101565,-0.269074,16.670317,122.509384,19.906113,0.262963,0.164389,0.682642,-0.661685,20.586092,102.624557,7.360701,0.375574,-0.240807,0.526897,-0.72342,20.269426,121.131042,-5.700496,-0.0296,0.953606,0.225561,0.197186,-14.861834,88.982971,9.478765,0.057115,0.984542,-0.065692,0.151988,-9.46224,55.692638,-6.06251,-0.031172,0.950671,-0.03099,0.307072,-15.796179,8.589864,-0.706191,-0.095437,0.977634,-0.103649,0.156143,3.844012,88.725456,12.898638,-0.032764,0.922191,-0.282059,0.262552,9.571456,53.065784,21.530972,-0.044218,0.942171,-0.16804,0.286569,5.377891,12.95093,47.234917,-0.031172,0.950671,-0.03099,0.307072,-7.192365,1.865635,-11.769657,-0.044218,0.942171,-0.16804,0.286569,13.211634,2.988534,38.233574
631,5.258333,0.008246,0.997255,-0.017527,0.07146,-5.615642,88.767624,11.027347,-0.005074,0.991562,0.062141,0.113651,-5.467878,96.558998,10.763958,0.072939,0.988221,0.055342,0.122622,-5.822218,111.093811,12.552311,0.099425,0.987168,-0.078417,0.097282,-3.397225,129.352219,14.915649,0.065054,0.990905,-0.092558,0.072852,0.056433,143.287003,11.076504,0.137659,0.95284,0.158422,0.219199,-7.983971,124.091248,13.827261,0.207794,-0.64793,0.103806,-0.725419,-23.665133,130.09906,7.053102,0.059232,0.013603,-0.404456,-0.912536,-20.356245,120.09108,-14.324892,0.188136,0.157737,-0.46359,-0.851357,-4.766048,137.241409,-14.860079,0.016665,0.994856,0.066175,0.07487,-0.686726,122.89138,15.609426,0.585995,0.749505,0.092852,-0.293651,17.207722,122.111534,18.266958,0.274753,0.145507,0.681795,-0.662189,20.562735,102.473999,5.181164,0.382923,-0.277344,0.512111,-0.717073,19.927843,121.140602,-7.68701,-0.030054,0.954611,0.229029,0.188043,-15.026052,88.900185,9.669329,0.055113,0.985911,-0.065585,0.143666,-9.696763,55.728947,-6.148405,-0.031424,0.950818,-0.031275,0.30656,-15.79565,8.603329,-0.720662,-0.09469,0.981511,-0.102966,0.130644,3.794767,88.635063,12.385365,-0.035202,0.925715,-0.293332,0.236154,9.698133,52.954365,20.809793,-0.04522,0.947573,-0.18088,0.259507,6.189101,13.475844,47.579426,-0.031424,0.950818,-0.031275,0.30656,-7.201805,1.873412,-11.788416,-0.04522,0.947573,-0.18088,0.259507,13.386562,3.170228,38.434376
632,5.266667,0.008017,0.998437,-0.015485,0.0531,-5.707559,88.672844,10.862175,-0.001926,0.993901,0.067694,0.087028,-5.569907,96.465332,10.627706,0.078455,0.990962,0.057056,0.092651,-5.797991,110.940849,12.588735,0.097048,0.989191,-0.078487,0.07696,-3.106892,129.161102,14.958577,0.062801,0.99143,-0.095525,0.063234,0.161527,143.116837,11.034348,0.144132,0.958435,0.156741,0.189898,-7.787694,123.940041,14.103397,0.2056,-0.659173,0.104505,-0.71575,-23.836905,130.020767,8.33022,0.059843,0.006649,-0.395878,-0.916327,-21.235521,119.994392,-13.136771,0.186733,0.159605,-0.453069,-0.856963,-5.327092,136.82547,-13.952366,0.022658,0.99575,0.082919,0.033054,-0.404994,122.676804,15.432137,0.58043,0.744215,0.080879,-0.320476,17.644358,121.760475,16.556049,0.283397,0.128707,0.679176,-0.664711,20.523525,102.403999,2.948536,0.390608,-0.310557,0.496773,-0.710068,19.516459,121.256462,-9.682044,-0.030932,0.955758,0.232369,0.177693,-15.16153,88.809433,9.851549,0.053378,0.987058,-0.065589,0.136256,-9.899333,55.75663,-6.234287,-0.031393,0.950945,-0.031362,0.306159,-15.793976,8.613056,-0.737268,-0.093503,0.98477,-0.1027,0.104585,3.746413,88.536247,11.8728,-0.036991,0.928571,-0.304528,0.208928,9.787206,52.834892,20.110237,-0.044771,0.952078,-0.192785,0.233189,6.986864,14.008975,47.898491,-0.031393,0.950945,-0.031362,0.306159,-7.210345,1.880074,-11.811079,-0.044771,0.952078,-0.192785,0.233189,13.537556,3.374337,38.644627
633,5.275,0.007495,0.999263,-0.01317,0.035279,-5.788962,88.566055,10.690434,0.002305,0.995587,0.072066,0.060065,-5.664925,96.359703,10.489326,0.082994,0.992805,0.059806,0.062236,-5.724247,110.78627,12.585298,0.095643,0.990722,-0.078206,0.056626,-2.802308,128.967361,14.982298,0.059557,0.991893,-0.098728,0.053426,0.306317,142.940796,10.991728,0.151238,0.962817,0.156905,0.15966,-7.55269,123.776649,14.35701,0.202622,-0.671751,0.106476,-0.704527,-23.90868,129.957321,9.649282,0.060734,-0.000997,-0.388143,-0.919595,-22.125135,119.892715,-11.883241,0.189136,0.161369,-0.442419,-0.861657,-5.942796,136.423462,-13.017604,0.028584,0.994534,0.100063,-0.008546,-0.109469,122.466446,15.221529,0.575359,0.738753,0.075892,-0.342705,17.965803,121.467888,14.81013,0.291915,0.111871,0.676153,-0.667149,20.421572,102.445343,0.659551,0.394977,-0.339751,0.479625,-0.706061,19.043108,121.472427,-11.70915,-0.031718,0.956819,0.235478,0.167456,-15.273039,88.699646,10.018135,0.051779,0.988075,-0.065834,0.129201,-10.090557,55.758522,-6.320692,-0.033237,0.951191,-0.03139,0.305199,-15.798065,8.601949,-0.738369,-0.092014,0.987331,-0.102019,0.079387,3.695115,88.432465,11.362732,-0.039891,0.930484,-0.31489,0.182899,9.840739,52.700245,19.386002,-0.047218,0.956019,-0.205099,0.204284,7.882191,14.509624,48.11092,-0.033237,0.951191,-0.03139,0.305199,-7.214623,1.884687,-11.821864,-0.047218,0.956019,-0.205099,0.204284,13.769731,3.558173,38.7812
634,5.283333,0.007521,0.999729,-0.011638,0.018728,-5.888796,88.454521,10.559233,0.006879,0.996553,0.076026,0.032486,-5.768143,96.248756,10.379995,0.087095,0.993773,0.06237,0.030646,-5.640516,110.631386,12.591606,0.094108,0.992088,-0.075009,0.035764,-2.49699,128.774948,14.99272,0.056481,0.992084,-0.10354,0.043115,0.442293,142.790848,11.022852,0.157647,0.966436,0.156419,0.129161,-7.299145,123.60817,14.61246,0.199917,-0.685676,0.10694,-0.691698,-23.902454,129.857422,10.984921,0.060805,-0.009504,-0.379417,-0.923177,-23.024715,119.796577,-10.605263,0.189982,0.159889,-0.433024,-0.866506,-6.543313,135.987671,-12.079629,0.034375,0.991251,0.117357,-0.04967,0.178105,122.262299,14.993155,0.567533,0.734157,0.069218,-0.366235,18.153479,121.239403,13.064,0.297383,0.097702,0.67253,-0.670612,20.2404,102.585396,-1.626138,0.398676,-0.365704,0.46235,-0.702531,18.502483,121.797585,-13.715452,-0.032408,0.957611,0.238897,0.157667,-15.389867,88.593369,10.201503,0.050184,0.98901,-0.066077,0.122374,-10.287611,55.77599,-6.409324,-0.034105,0.951375,-0.031428,0.304523,-15.808678,8.606919,-0.745614,-0.090768,0.98924,-0.100585,0.055208,3.612275,88.315674,10.916963,-0.042283,0.931828,-0.324903,0.156034,9.868472,52.544952,18.678955,-0.047714,0.958909,-0.216791,0.176686,8.788002,14.98588,48.269985,-0.034105,0.951375,-0.031428,0.304523,-7.230764,1.89611,-11.837303,-0.047714,0.958909,-0.216791,0.176686,14.008294,3.724599,38.911934
635,5.291667,0.007795,0.999913,-0.010271,0.002758,-5.971357,88.335869,10.428807,0.010852,0.996746,0.079753,0.004313,-5.849365,96.130508,10.268986,0.090759,0.993731,0.065257,-0.001921,-5.545086,110.470329,12.580174,0.093215,0.992853,-0.073054,0.014742,-2.190818,128.575989,14.982117,0.052967,0.992238,-0.107385,0.033555,0.598785,142.620117,11.003932,0.163718,0.96919,0.155595,0.098269,-7.025181,123.426903,14.853597,-0.197002,0.700273,-0.106981,0.677763,-23.812275,129.727036,12.326969,0.06056,-0.019268,-0.370969,-0.926468,-23.899403,119.694069,-9.293826,0.19142,0.156621,-0.423927,-0.871271,-7.143275,135.547806,-11.159882,0.040292,0.985791,0.135874,-0.090174,0.456385,122.056671,14.734453,0.559175,0.730037,0.066651,-0.387204,18.210625,121.061943,11.316939,0.301388,0.083902,0.668796,-0.674416,19.993349,102.8321,-3.934998,0.400476,-0.388666,0.443797,-0.701143,17.911161,122.23735,-15.700737,-0.032649,0.958312,0.242166,0.148084,-15.478873,88.483566,10.374834,0.048595,0.989932,-0.066349,0.115201,-10.491858,55.78413,-6.501462,-0.03567,0.951548,-0.031402,0.303805,-15.824565,8.603498,-0.754268,-0.089353,0.990529,-0.099314,0.03171,3.536158,88.188179,10.48278,-0.044711,0.932297,-0.334157,0.131004,9.875486,52.379669,17.999189,-0.049865,0.961131,-0.227013,0.149017,9.675344,15.424215,48.359272,-0.03567,0.951548,-0.031402,0.303805,-7.244387,1.907436,-11.853111,-0.049865,0.961131,-0.227013,0.149017,14.258242,3.899087,38.988598
636,5.3,0.007784,0.999844,-0.008303,-0.013475,-6.056487,88.223785,10.273806,0.015027,0.996099,0.083536,-0.024153,-5.936862,96.018997,10.142707,0.094197,0.992612,0.068122,-0.03474,-5.444848,110.2939,12.542603,0.093127,0.993193,-0.069663,-0.006466,-1.884378,128.361755,14.93241,0.048999,0.992299,-0.111332,0.023386,0.7797,142.440857,10.992022,0.169745,0.970908,0.154915,0.067275,-6.733023,123.226074,15.058899,-0.193964,0.71578,-0.106539,0.662335,-23.633144,129.571991,13.645742,0.059802,-0.02939,-0.362985,-0.929409,-24.762501,119.589706,-7.96919,0.193744,0.151656,-0.415355,-0.875753,-7.764976,135.11673,-10.237222,0.045363,0.979212,0.151889,-0.126555,0.720564,121.839561,14.436648,0.549629,0.72556,0.066621,-0.408695,18.173521,120.927025,9.699209,0.305427,0.07114,0.665485,-0.677336,19.645388,103.214394,-6.182328,0.402308,-0.410695,0.425881,-0.698644,17.268034,122.798416,-17.659756,-0.032313,0.958873,0.245323,0.139054,-15.560696,88.373924,10.528794,0.04661,0.990947,-0.066782,0.106737,-10.72604,55.78717,-6.607786,-0.037431,0.951844,-0.031193,0.302685,-15.825998,8.59397,-0.753436,-0.08813,0.991193,-0.098572,0.007235,3.447722,88.073647,10.018818,-0.04573,0.932494,-0.342902,0.103834,9.882382,52.238113,17.322412,-0.051101,0.962037,-0.238274,0.12288,10.555654,15.857872,48.362785,-0.037431,0.951844,-0.031193,0.302685,-7.250251,1.9188,-11.868275,-0.051101,0.962037,-0.238274,0.12288,14.521006,4.051296,39.061081
637,5.308333,0.007879,0.999527,-0.007216,-0.028854,-6.114749,88.103455,10.153161,0.016695,0.994731,0.086516,-0.052399,-5.995192,95.898903,10.037146,0.098251,0.99032,0.070937,-0.067683,-5.384225,110.124847,12.499092,0.09312,0.993071,-0.066054,-0.02786,-1.592225,128.1492,14.861176,0.045447,0.99224,-0.114966,0.013298,0.950804,142.264008,10.968873,0.175247,0.971768,0.15355,0.037117,-6.445604,123.030807,15.24532,-0.191607,0.731335,-0.1054,0.646008,-23.391005,129.404617,14.913609,0.059325,-0.039795,-0.355425,-0.931971,-25.581989,119.478676,-6.645674,0.196215,0.145808,-0.407702,-0.879783,-8.37339,134.688736,-9.336033,0.049774,0.97177,0.166086,-0.160006,0.944781,121.623543,14.11953,0.539783,0.720654,0.069209,-0.429537,18.035402,120.834259,8.189113,0.308036,0.060795,0.663236,-0.679365,19.185772,103.707596,-8.348167,0.40037,-0.431502,0.406232,-0.698917,16.605291,123.454178,-19.578175,-0.03124,0.959172,0.248892,0.130637,-15.606555,88.257179,10.700551,0.04482,0.991783,-0.067233,0.099183,-10.966391,55.796371,-6.726391,-0.038796,0.951885,-0.031171,0.302387,-15.85634,8.593309,-0.773254,-0.08618,0.991442,-0.097004,-0.014362,3.377058,87.949738,9.60577,-0.048262,0.931577,-0.350934,0.08174,9.826166,52.066185,16.656498,-0.054125,0.962325,-0.248162,0.097039,11.382888,16.241753,48.305637,-0.038796,0.951885,-0.031171,0.302387,-7.270851,1.931452,-11.888569,-0.054125,0.962325,-0.248162,0.097039,14.776119,4.195862,39.084812
638,5.316667,0.008157,0.998972,-0.00593,-0.044186,-6.173543,87.988037,10.027754,0.017996,0.992728,0.08872,-0.079353,-6.05056,95.783684,9.929753,0.103252,0.986958,0.073954,-0.098915,-5.332636,109.960602,12.427495,0.092409,0.992524,-0.063196,-0.048619,-1.276237,127.931282,14.758965,0.041848,0.992196,-0.117407,0.003519,1.13105,142.079025,10.900032,0.179895,0.971769,0.15249,0.00701,-6.131473,122.838654,15.385468,-0.187737,0.747129,-0.105222,0.628873,-23.065203,129.208344,16.132219,0.057713,-0.051158,-0.348278,-0.934213,-26.367491,119.367409,-5.324194,0.199612,0.138724,-0.401246,-0.883126,-8.971975,134.279999,-8.464458,0.052989,0.963362,0.18023,-0.191421,1.164419,121.399567,13.784049,0.530652,0.714795,0.074111,-0.449426,17.843243,120.800278,6.75984,0.31092,0.049635,0.662061,-0.680103,18.626183,104.306152,-10.429045,0.399221,-0.451096,0.389403,-0.696778,15.913996,124.219788,-21.401669,-0.02997,0.959517,0.252092,0.121976,-15.643963,88.14798,10.866288,0.042963,0.992598,-0.067398,0.091439,-11.224558,55.800449,-6.826613,-0.039753,0.951866,-0.030764,0.302366,-15.893318,8.583921,-0.803123,-0.084531,0.991178,-0.095374,-0.036388,3.296877,87.828094,9.18922,-0.049709,0.930273,-0.358532,0.059804,9.777163,51.900345,15.981543,-0.054835,0.961683,-0.257873,0.075234,12.149586,16.605148,48.170059,-0.039753,0.951866,-0.030764,0.302366,-7.29541,1.941975,-11.920743,-0.054835,0.961683,-0.257873,0.075234,15.028937,4.326959,39.081799
639,5.325,0.009048,0.998193,-0.005281,-0.059168,-6.226432,87.860619,9.927112,0.019858,0.990209,0.090145,-0.104719,-6.090461,95.656136,9.83656,0.106866,0.983043,0.076455,-0.127911,-5.253693,109.786774,12.343208,0.090737,0.991662,-0.060813,-0.06838,-0.988846,127.715286,14.626882,0.039789,0.992117,-0.118682,-0.005987,1.262065,141.896469,10.796407,0.184135,0.970971,0.150928,-0.023026,-5.822248,122.634766,15.479719,-0.184874,0.76285,-0.103295,0.61091,-22.682661,128.983795,17.295847,0.056292,-0.062989,-0.341515,-0.936072,-27.097458,119.252487,-4.009982,0.201861,0.131447,-0.394531,-0.886747,-9.555179,133.869308,-7.625054,0.055953,0.954387,0.19324,-0.220618,1.362029,121.18528,13.442385,0.521044,0.708459,0.080023,-0.469249,17.593496,120.795296,5.42557,0.313064,0.038781,0.661341,-0.680525,17.990042,104.988228,-12.40997,0.396352,-0.470348,0.374453,-0.693875,15.184763,125.082527,-23.121006,-0.028348,0.959728,0.255564,0.113163,-15.667116,88.038322,11.049396,0.041018,0.99332,-0.06764,0.084011,-11.498721,55.814659,-6.928177,-0.04172,0.951753,-0.031092,0.302422,-15.939705,8.585632,-0.830864,-0.083167,0.990579,-0.093242,-0.056056,3.214251,87.682915,8.804828,-0.051302,0.928389,-0.365817,0.040494,9.720898,51.708317,15.318274,-0.057944,0.960573,-0.266768,0.052698,12.859778,16.933254,48.003479,-0.04172,0.951753,-0.031092,0.302422,-7.317302,1.954135,-11.93575,-0.057944,0.960573,-0.266768,0.052698,15.258999,4.450943,39.054924
640,5.333333,0.00978,0.99719,-0.005399,-0.074072,-6.260651,87.723564,9.829773,0.023269,0.987231,0.09032,-0.129132,-6.114798,95.518852,9.734511,0.108109,0.978722,0.079644,-0.155154,-5.121866,109.603676,12.204691,0.090307,0.990382,-0.058518,-0.086975,-0.733258,127.503777,14.476733,0.037591,0.992047,-0.119106,-0.015602,1.405387,141.710541,10.676889,0.18794,0.969306,0.15012,-0.05088,-5.515182,122.411514,15.526848,-0.181117,0.7779,-0.102951,0.592849,-22.249775,128.732239,18.33466,0.053238,-0.074381,-0.336373,-0.937276,-27.766586,119.106308,-2.761145,0.204908,0.124117,-0.388061,-0.889953,-10.132451,133.502701,-6.813237,0.058724,0.944807,0.205706,-0.248146,1.54771,120.989754,13.085588,0.514187,0.700645,0.089789,-0.486463,17.300331,120.829033,4.157487,0.315938,0.025881,0.661696,-0.679464,17.251032,105.737221,-14.291411,0.391603,-0.489503,0.362932,-0.689431,14.423969,126.028847,-24.709497,-0.026775,0.96022,0.258455,0.102284,-15.663303,87.916649,11.233488,0.03904,0.994095,-0.06754,0.075429,-11.790575,55.796932,-6.994486,-0.044491,0.951669,-0.030627,0.30234,-15.990183,8.551457,-0.853732,-0.081582,0.989732,-0.090864,-0.074287,3.142002,87.530479,8.426058,-0.051691,0.926164,-0.372949,0.021396,9.640035,51.503967,14.654946,-0.06146,0.958852,-0.275104,0.0338,13.456181,17.236748,47.801216,-0.044491,0.951669,-0.030627,0.30234,-7.334553,1.959061,-11.956048,-0.06146,0.958852,-0.275104,0.0338,15.47655,4.572682,39.015972
641,5.341667,0.011142,0.99593,-0.006043,-0.089235,-6.287151,87.591225,9.751308,0.026845,0.983974,0.089068,-0.152125,-6.122519,95.385948,9.641957,0.108494,0.974109,0.083006,-0.180139,-4.981931,109.409225,12.026736,0.088899,0.988912,-0.057171,-0.10431,-0.501508,127.285919,14.30388,0.036574,0.992016,-0.118213,-0.024351,1.502486,141.515503,10.516012,0.191359,0.967035,0.14902,-0.077569,-5.220935,122.173706,15.525748,-0.179498,0.792626,-0.099383,0.57415,-21.784405,128.456711,19.275043,0.050847,-0.085115,-0.332287,-0.937953,-28.369308,118.954231,-1.568875,0.206974,0.116491,-0.38238,-0.89296,-10.692286,133.163437,-6.04101,0.060586,0.93496,0.21731,-0.273781,1.713234,120.793304,12.719078,0.508306,0.691822,0.100238,-0.50295,16.97328,120.896507,2.972165,0.318653,0.012905,0.662671,-0.677614,16.432968,106.535995,-16.043905,0.383852,-0.509389,0.353401,-0.684316,13.636191,127.032043,-26.17395,-0.025278,0.960526,0.261791,0.090648,-15.642171,87.812508,11.440166,0.037172,0.994766,-0.067547,0.067051,-12.076519,55.81588,-7.064833,-0.04737,0.951595,-0.031356,0.302058,-16.046873,8.556879,-0.875861,-0.080286,0.988652,-0.088336,-0.091199,3.067868,87.369942,8.062449,-0.052269,0.923583,-0.379765,0.0064,9.561221,51.294212,14.004768,-0.060676,0.95704,-0.282823,0.020096,13.946514,17.523464,47.587292,-0.04737,0.951595,-0.031356,0.302058,-7.364807,1.973022,-11.962594,-0.060676,0.95704,-0.282823,0.020096,15.632258,4.690465,38.978374
642,5.35,0.012164,0.994439,-0.00607,-0.104429,-6.312557,87.466942,9.670104,0.030118,0.980493,0.086636,-0.17384,-6.133814,95.261292,9.556155,0.109468,0.969176,0.085992,-0.203272,-4.866792,109.229424,11.821106,0.086206,0.987358,-0.055224,-0.121008,-0.277339,127.079483,14.089947,0.036651,0.991938,-0.116728,-0.03301,1.562115,141.341476,10.340693,0.193699,0.964264,0.147615,-0.104337,-4.937445,121.953514,15.471405,-0.176912,0.805081,-0.099693,0.557322,-21.291941,128.159882,20.150431,0.045161,-0.097636,-0.331132,-0.937432,-28.828442,118.721558,-0.398195,0.207627,0.108385,-0.377423,-0.895933,-11.223899,132.86731,-5.320618,0.063399,0.924855,0.228023,-0.297706,1.858557,120.605347,12.33096,0.502462,0.682348,0.110542,-0.51934,16.610813,120.940308,1.836171,0.31987,-0.000482,0.664413,-0.675454,15.553381,107.332909,-17.70475,0.372757,-0.530277,0.344476,-0.679114,12.849553,128.058853,-27.501041,-0.023809,0.960903,0.264644,0.077857,-15.611163,87.70903,11.643652,0.035103,0.995431,-0.06725,0.057987,-12.381783,55.81863,-7.10484,-0.050098,0.951546,-0.031298,0.301778,-16.097216,8.54148,-0.896161,-0.079263,0.987562,-0.085258,-0.105684,2.986049,87.224854,7.696556,-0.053144,0.920893,-0.386134,-0.005763,9.468679,51.097309,13.327601,-0.061381,0.954707,-0.291062,0.007092,14.362884,17.801983,47.312119,-0.050098,0.951546,-0.031298,0.301778,-7.388439,1.985584,-11.978508,-0.061381,0.954707,-0.291062,0.007092,15.764563,4.800569,38.907387
643,5.358333,0.013498,0.992741,-0.007608,-0.119267,-6.31655,87.334503,9.625875,0.032105,0.976939,0.082157,-0.194446,-6.121733,95.127991,9.482987,0.110473,0.964008,0.089053,-0.224843,-4.78012,109.077545,11.580765,0.083797,0.985669,-0.052981,-0.136482,-0.081257,126.899513,13.846594,0.037201,0.991849,-0.11485,-0.040764,1.611753,141.193314,10.149866,0.195426,0.960828,0.147352,-0.130027,-4.681399,121.760178,15.371951,-0.174311,0.816954,-0.098911,0.540758,-20.793533,127.866409,20.939276,0.039567,-0.109384,-0.330346,-0.936665,-29.240662,118.528137,0.701433,0.208521,0.100448,-0.376673,-0.896965,-11.718649,132.636581,-4.640922,0.063245,0.914756,0.238226,-0.32011,1.970749,120.44458,11.924668,0.498458,0.672873,0.120304,-0.533206,16.222446,121.111122,0.774466,0.3219,-0.013737,0.666303,-0.672482,14.660337,108.180305,-19.187531,0.361288,-0.550777,0.336615,-0.672909,12.07702,129.105682,-28.678549,-0.022925,0.961254,0.267534,0.062382,-15.551387,87.606598,11.875631,0.033585,0.996264,-0.066302,0.043971,-12.675293,55.827332,-7.117513,-0.052074,0.951418,-0.031013,0.301879,-16.154753,8.528119,-0.940293,-0.078214,0.986332,-0.081922,-0.119669,2.918287,87.062408,7.376121,-0.052876,0.9181,-0.392406,-0.01772,9.375804,50.881184,12.682009,-0.061977,0.952346,-0.298642,-0.003099,14.684592,18.050266,47.053925,-0.052074,0.951418,-0.031013,0.301879,-7.418804,1.999533,-12.017383,-0.061977,0.952346,-0.298642,-0.003099,15.869466,4.900804,38.848511
644,5.366667,0.015134,0.990838,-0.008145,-0.133958,-6.336026,87.215874,9.56176,0.035095,0.973144,0.078235,-0.21363,-6.119194,95.008492,9.404295,0.110962,0.958952,0.091057,-0.244556,-4.681965,108.928261,11.34367,0.080153,0.983951,-0.051205,-0.150976,0.096999,126.732788,13.578849,0.0388,0.991747,-0.112373,-0.048001,1.613256,141.059189,9.93187,0.19628,0.957102,0.146541,-0.154778,-4.43668,121.576759,15.240749,-0.171908,0.829371,-0.094457,0.523134,-20.281399,127.558723,21.647245,0.031993,-0.122515,-0.327051,-0.936485,-29.66198,118.406448,1.738255,0.202172,0.089303,-0.372344,-0.901394,-12.173721,132.39389,-4.053574,0.063426,0.904427,0.247644,-0.341558,2.073037,120.296692,11.519112,0.494393,0.663328,0.128458,-0.546873,15.809944,121.282486,-0.237066,0.32177,-0.027447,0.669291,-0.669149,13.736539,108.997955,-20.557461,0.350555,-0.569663,0.330529,-0.665842,11.359295,130.157654,-29.684317,-0.021181,0.961339,0.270147,0.04899,-15.499221,87.521797,12.083645,0.031447,0.99678,-0.065665,0.033602,-13.004035,55.841171,-7.126898,-0.055893,0.951324,-0.031591,0.301432,-16.213522,8.520606,-0.967006,-0.077708,0.985383,-0.078496,-0.12969,2.827169,86.909943,7.039875,-0.053099,0.915518,-0.397965,-0.025111,9.270122,50.682045,12.035922,-0.064141,0.949635,-0.306561,-0.010009,14.876112,18.273666,46.759842,-0.055893,0.951324,-0.031591,0.301432,-7.443346,2.014117,-12.030045,-0.064141,0.949635,-0.306561,-0.010009,15.956765,4.982553,38.771122
645,5.375,0.016761,0.988822,-0.009405,-0.147859,-6.341787,87.113281,9.518257,0.03862,0.969215,0.074041,-0.231622,-6.105019,94.904747,9.334587,0.110226,0.954034,0.092712,-0.262819,-4.566635,108.80101,11.105141,0.077406,0.982133,-0.049567,-0.164214,0.243883,126.600288,13.31425,0.040351,0.991615,-0.109891,-0.054735,1.616878,140.953094,9.714707,0.196206,0.953148,0.145696,-0.178282,-4.211478,121.416893,15.098307,-0.172593,0.839101,-0.089508,0.508044,-19.773741,127.248909,22.28756,0.025404,-0.134698,-0.328233,-0.934598,-29.884846,118.177284,2.701898,0.197125,0.079278,-0.372156,-0.903525,-12.583788,132.205124,-3.505372,0.063366,0.894329,0.255282,-0.361927,2.159739,120.187721,11.128129,0.49168,0.653584,0.136878,-0.558877,15.377996,121.481445,-1.179829,0.320536,-0.041347,0.67289,-0.665407,12.799375,109.808922,-21.800936,0.340406,-0.585834,0.326988,-0.658788,10.687237,131.19899,-30.531683,-0.019647,0.961269,0.272706,0.034755,-15.429494,87.454918,12.295745,0.02948,0.997224,-0.064724,0.022055,-13.322979,55.872787,-7.122403,-0.059676,0.951158,-0.03233,0.30115,-16.271654,8.529028,-1.01056,-0.077197,0.984158,-0.075483,-0.140629,2.74592,86.771645,6.740768,-0.05246,0.913128,-0.403048,-0.031579,9.176685,50.503395,11.451671,-0.064193,0.947283,-0.313609,-0.01358,14.97634,18.47798,46.497597,-0.059676,0.951158,-0.03233,0.30115,-7.464166,2.040682,-12.054588,-0.064193,0.947283,-0.313609,-0.01358,15.987971,5.064541,38.706745
646,5.383333,0.018166,0.986727,-0.010406,-0.161035,-6.335229,87.015083,9.467239,0.043376,0.965225,0.070113,-0.248081,-6.081839,94.805481,9.261507,0.108483,0.949459,0.09374,-0.279233,-4.412304,108.70018,10.864948,0.073913,0.980391,-0.048062,-0.176237,0.385202,126.506508,13.04542,0.042291,0.991436,-0.107513,-0.06089,1.600863,140.886368,9.497641,0.194996,0.948983,0.144811,-0.201092,-3.984097,121.288338,14.937675,-0.173259,0.846677,-0.088331,0.495295,-19.250137,126.935234,22.871304,0.0162,-0.14771,-0.332169,-0.931441,-29.96007,117.856613,3.609873,0.191178,0.0688,-0.374834,-0.904554,-12.949347,132.053467,-3.001357,0.062695,0.88424,0.261646,-0.381747,2.257558,120.119522,10.749451,0.489694,0.644276,0.143783,-0.569591,14.945066,121.729126,-2.06922,0.317671,-0.053561,0.676853,-0.66188,11.882968,110.593201,-22.919678,0.32918,-0.5991,0.324004,-0.654019,10.070438,132.19841,-31.262255,-0.017787,0.961091,0.274791,0.021848,-15.344602,87.387833,12.485493,0.027447,0.997516,-0.063867,0.011366,-13.629137,55.885315,-7.099749,-0.063663,0.951133,-0.032846,0.300358,-16.317513,8.519933,-1.035576,-0.076563,0.982977,-0.07259,-0.150418,2.674144,86.642342,6.448987,-0.052297,0.911004,-0.407624,-0.034346,9.074415,50.335045,10.893034,-0.063559,0.944974,-0.320613,-0.013865,14.970914,18.662846,46.242481,-0.063663,0.951133,-0.032846,0.300358,-7.481858,2.056906,-12.071951,-0.063559,0.944974,-0.320613,-0.013865,15.975873,5.134897,38.651321
647,5.391667,0.019467,0.984617,-0.011037,-0.173289,-6.33433,86.939156,9.413177,0.050015,0.961202,0.066263,-0.263057,-6.065251,94.728577,9.1911,0.105361,0.945303,0.094622,-0.293849,-4.2201,108.618439,10.614619,0.069959,0.978697,-0.04705,-0.187199,0.511586,126.44339,12.786759,0.044636,0.991196,-0.105225,-0.066833,1.560865,140.847198,9.283302,0.192862,0.944797,0.143575,-0.222598,-3.762851,121.179512,14.767038,-0.174185,0.855534,-0.080521,0.480871,-18.728867,126.621017,23.386225,0.010013,-0.159028,-0.333337,-0.929245,-30.094681,117.671242,4.442963,0.184763,0.058625,-0.3792,-0.904783,-13.280625,131.921417,-2.545077,0.061306,0.874367,0.267236,-0.400385,2.361523,120.087242,10.389298,0.488444,0.635037,0.149212,-0.579557,14.527353,122.020889,-2.882312,0.312143,-0.062859,0.681136,-0.659294,10.977608,111.356735,-23.901411,0.316369,-0.606645,0.321776,-0.654486,9.483418,133.164734,-31.865496,-0.01609,0.960813,0.276565,0.009585,-15.26486,87.34005,12.653941,0.025531,0.997684,-0.063017,0.001824,-13.919823,55.905914,-7.069621,-0.066386,0.951097,-0.033285,0.299832,-16.367296,8.520511,-1.060129,-0.076046,0.982159,-0.069768,-0.157204,2.5962,86.538261,6.172413,-0.051444,0.909038,-0.411846,-0.037231,8.957808,50.195278,10.373639,-0.065538,0.942662,-0.326941,-0.014253,14.897815,18.845589,46.002193,-0.066386,0.951097,-0.033285,0.299832,-7.512267,2.072693,-12.089875,-0.065538,0.942662,-0.326941,-0.014253,15.947085,5.22092,38.592167
648,5.4,0.02046,0.982434,-0.012403,-0.185072,-6.321635,86.874855,9.373047,0.056397,0.956903,0.061638,-0.278133,-6.04398,94.663155,9.123974,0.101236,0.940886,0.096051,-0.308642,-4.040487,108.553741,10.343832,0.067327,0.976891,-0.046237,-0.197517,0.598105,126.40023,12.53979,0.046828,0.990964,-0.103154,-0.071813,1.521926,140.821045,9.071096,0.190963,0.940177,0.14286,-0.243293,-3.570094,121.080742,14.59648,-0.177732,0.861667,-0.075138,0.469357,-18.213345,126.324036,23.868221,0.002951,-0.171136,-0.338919,-0.925115,-30.041187,117.342247,5.225344,0.178263,0.048411,-0.384286,-0.904546,-13.592301,131.811844,-2.139168,0.059906,0.864913,0.271718,-0.41774,2.43166,120.082626,10.030486,0.485956,0.627276,0.15277,-0.589095,14.089457,122.316864,-3.643802,0.303906,-0.069156,0.685571,-0.657915,10.123913,112.0756,-24.798437,0.30278,-0.610353,0.319798,-0.658424,8.949206,134.062943,-32.383156,-0.013988,0.96047,0.278029,-0.001206,-15.17111,87.300766,12.826016,0.023522,0.997778,-0.061985,-0.006601,-14.198229,55.922253,-7.007675,-0.069288,0.951199,-0.033584,0.298817,-16.404129,8.515096,-1.076777,-0.075218,0.98176,-0.066623,-0.161404,2.52784,86.448944,5.920075,-0.050873,0.907256,-0.415684,-0.038792,8.810838,50.064789,9.876147,-0.06674,0.940384,-0.333257,-0.012816,14.768237,19.013327,45.762039,-0.069288,0.951199,-0.033584,0.298817,-7.538905,2.086993,-12.109838,-0.06674,0.940384,-0.333257,-0.012816,15.887526,5.296244,38.535015
649,5.408333,0.021256,0.980306,-0.013332,-0.195882,-6.29795,86.820244,9.330721,0.062459,0.952583,0.055759,-0.292532,-6.013733,94.607658,9.061986,0.096737,0.936447,0.097741,-0.322732,-3.878683,108.491989,10.043337,0.064446,0.975104,-0.04501,-0.207346,0.65729,126.35939,12.283178,0.049438,0.990689,-0.101205,-0.076479,1.454534,140.799789,8.865001,0.189254,0.935236,0.143059,-0.262774,-3.402947,120.981743,14.403593,-0.179837,0.86782,-0.069632,0.457929,-17.712696,126.030281,24.284142,-0.004083,-0.1826,-0.343175,-0.921342,-30.009832,117.070427,5.936702,0.171598,0.03907,-0.391113,-0.90336,-13.878139,131.723984,-1.777334,0.05787,0.85604,0.275813,-0.433329,2.477006,120.083443,9.661781,0.483502,0.620361,0.155294,-0.597713,13.662998,122.617699,-4.350103,0.294518,-0.073895,0.689926,-0.657116,9.323258,112.743889,-25.605721,0.289187,-0.611271,0.317526,-0.664753,8.458187,134.898102,-32.815857,-0.012111,0.960042,0.279344,-0.011785,-15.068472,87.266174,12.977184,0.021683,0.997785,-0.061102,-0.014912,-14.449464,55.938446,-6.950756,-0.070931,0.951379,-0.033679,0.297846,-16.431768,8.512929,-1.088049,-0.074297,0.981369,-0.063809,-0.165298,2.47257,86.374313,5.684258,-0.049548,0.905603,-0.419193,-0.04129,8.670973,49.952671,9.422801,-0.069222,0.938077,-0.339256,-0.011211,14.618735,19.168684,45.539974,-0.070931,0.951379,-0.033679,0.297846,-7.570065,2.097049,-12.131042,-0.069222,0.938077,-0.339256,-0.011211,15.838367,5.369295,38.487999
650,5.416667,0.02188,0.978163,-0.014333,-0.206188,-6.262077,86.784126,9.284286,0.068062,0.948109,0.050147,-0.3065,-5.97441,94.570686,8.995303,0.092248,0.931851,0.099417,-0.336541,-3.729288,108.419403,9.745119,0.060431,0.973369,-0.04394,-0.216724,0.705884,126.30603,12.032798,0.052639,0.990405,-0.099566,-0.080087,1.346619,140.767273,8.670224,0.186356,0.930637,0.142261,-0.280977,-3.245553,120.871124,14.211949,-0.183664,0.873376,-0.059883,0.447097,-17.236269,125.704315,24.641821,-0.009533,-0.192286,-0.348554,-0.917303,-29.934454,116.781235,6.551434,0.165106,0.030376,-0.3978,-0.901982,-14.152427,131.639999,-1.445513,0.055891,0.847716,0.278717,-0.447852,2.508801,120.07235,9.301252,0.482564,0.613342,0.159289,-0.604624,13.239497,122.876991,-5.011963,0.285794,-0.079805,0.694162,-0.655814,8.546858,113.358688,-26.354599,0.275727,-0.612151,0.315433,-0.670632,7.997126,135.666611,-33.16959,-0.009922,0.95957,0.280531,-0.02074,-14.953284,87.247345,13.113901,0.020092,0.997727,-0.060186,-0.022672,-14.678269,55.965389,-6.893517,-0.073073,0.951449,-0.034169,0.297048,-16.465284,8.522892,-1.105876,-0.072703,0.981401,-0.061223,-0.166786,2.429129,86.320908,5.454672,-0.049586,0.904302,-0.421997,-0.041198,8.486587,49.857861,9.016482,-0.071567,0.935901,-0.344802,-0.008867,14.438828,19.299837,45.324314,-0.073073,0.951449,-0.034169,0.297048,-7.597762,2.114399,-12.148492,-0.071567,0.935901,-0.344802,-0.008867,15.771797,5.428447,38.436005
651,5.425,0.022426,0.976004,-0.015063,-0.216072,-6.221085,86.746635,9.230094,0.073058,0.943737,0.044305,-0.319468,-5.930513,94.532486,8.925261,0.087587,0.927445,0.101023,-0.34924,-3.600273,108.348106,9.443265,0.058282,0.971676,-0.041777,-0.225174,0.726974,126.253914,11.78692,0.054778,0.990076,-0.098663,-0.083757,1.277567,140.736526,8.501199,0.183319,0.925857,0.140896,-0.298885,-3.117564,120.762085,14.01405,-0.18607,0.878592,-0.051079,0.436857,-16.772877,125.383675,24.971024,-0.015613,-0.202388,-0.353107,-0.913297,-29.860126,116.526703,7.127118,0.157737,0.022447,-0.404574,-0.900519,-14.409054,131.575256,-1.159838,0.053666,0.8395,0.282306,-0.461153,2.517049,120.062996,8.951642,0.482226,0.60702,0.162968,-0.610268,12.818682,123.146126,-5.617249,0.278549,-0.086576,0.697971,-0.654028,7.81474,113.932953,-27.02297,0.263132,-0.615011,0.313167,-0.674128,7.564841,136.373734,-33.456638,-0.007772,0.9592,0.281147,-0.02885,-14.83246,87.224785,13.234237,0.018701,0.99762,-0.059127,-0.030144,-14.881211,55.965691,-6.810692,-0.076195,0.951562,-0.033946,0.295926,-16.495293,8.505943,-1.114439,-0.070968,0.981199,-0.059109,-0.169463,2.390291,86.268478,5.225951,-0.049063,0.903026,-0.42466,-0.04245,8.305806,49.768028,8.64013,-0.074527,0.933799,-0.349881,-0.006976,14.268139,19.420729,45.122616,-0.076195,0.951562,-0.033946,0.295926,-7.616614,2.132994,-12.168649,-0.074527,0.933799,-0.349881,-0.006976,15.716608,5.486953,38.385189
652,5.433333,0.022912,0.97386,-0.016343,-0.225399,-6.17946,86.729622,9.18785,0.077967,0.939421,0.038196,-0.331588,-5.888937,94.514503,8.859121,0.082819,0.923149,0.102946,-0.361025,-3.482042,108.31163,9.140147,0.055466,0.970043,-0.040587,-0.233009,0.737752,126.23304,11.55921,0.057372,0.98976,-0.097712,-0.086811,1.17671,140.731873,8.328692,0.180457,0.921233,0.140235,-0.314799,-3.003494,120.684517,13.821441,-0.190168,0.882966,-0.041579,0.427176,-16.342813,125.106255,25.240395,-0.020577,-0.21136,-0.359054,-0.908836,-29.755329,116.255043,7.636778,0.151623,0.014907,-0.410845,-0.898885,-14.675222,131.531784,-0.896546,0.051802,0.831917,0.284986,-0.473301,2.516134,120.086792,8.621252,0.481429,0.601521,0.165515,-0.615633,12.413812,123.41095,-6.172925,0.272251,-0.093811,0.701278,-0.652141,7.132965,114.463463,-27.624777,0.251268,-0.619867,0.309997,-0.675671,7.160109,137.016235,-33.684273,-0.005495,0.958835,0.281579,-0.036317,-14.712103,87.224022,13.355239,0.017266,0.997474,-0.057891,-0.037369,-15.080294,55.980728,-6.710993,-0.078697,0.951576,-0.034164,0.2952,-16.520811,8.502213,-1.125731,-0.069037,0.98119,-0.057356,-0.170908,2.353184,86.235222,5.020462,-0.048755,0.901936,-0.426821,-0.044258,8.111967,49.699516,8.323775,-0.076285,0.931951,-0.354431,-0.005248,14.125213,19.525358,44.941265,-0.078697,0.951576,-0.034164,0.2952,-7.629844,2.147798,-12.180732,-0.076285,0.931951,-0.354431,-0.005248,15.658815,5.535376,38.340549
653,5.441667,0.023074,0.971751,-0.016815,-0.234276,-6.125535,86.713852,9.117023,0.080362,0.935329,0.033794,-0.34287,-5.837298,94.498367,8.777908,0.079025,0.91885,0.10435,-0.372265,-3.404837,108.304893,8.891627,0.053454,0.968376,-0.039359,-0.240501,0.734652,126.238312,11.360059,0.059512,0.989399,-0.097332,-0.089857,1.087662,140.751022,8.181736,0.177847,0.916563,0.139611,-0.329836,-2.912156,120.643295,13.661662,-0.196223,0.886199,-0.031094,0.418546,-15.934302,124.87899,25.50922,-0.024459,-0.220365,-0.366293,-0.903698,-29.583216,115.968994,8.118243,0.14486,0.007785,-0.416172,-0.897639,-14.936473,131.498993,-0.661622,0.050227,0.825101,0.28651,-0.484353,2.491421,120.12957,8.332211,0.480323,0.596872,0.16776,-0.620395,12.01161,123.654381,-6.661914,0.267284,-0.10159,0.703977,-0.650119,6.500809,114.949013,-28.155518,0.240995,-0.626446,0.306041,-0.675148,6.776151,137.598892,-33.860176,-0.003632,0.958491,0.281819,-0.043122,-14.580441,87.215195,13.439157,0.016338,0.997249,-0.05694,-0.04455,-15.224446,55.980682,-6.633802,-0.080974,0.951638,-0.034106,0.294388,-16.540276,8.488729,-1.132584,-0.066631,0.980711,-0.056623,-0.174815,2.32937,86.212509,4.794886,-0.048293,0.900958,-0.428676,-0.046687,7.917596,49.646358,8.053943,-0.078326,0.930251,-0.358444,-0.003895,13.993979,19.619761,44.782154,-0.080974,0.951638,-0.034106,0.294388,-7.641345,2.157573,-12.194528,-0.078326,0.930251,-0.358444,-0.003895,15.609447,5.582436,38.302582
654,5.45,0.023233,0.969639,-0.01764,-0.242794,-6.07084,86.708611,9.057029,0.081154,0.931621,0.029902,-0.35299,-5.786326,94.492569,8.702323,0.076378,0.914825,0.105294,-0.382328,-3.369254,108.309364,8.680204,0.051678,0.966809,-0.038228,-0.247281,0.720904,126.250694,11.173145,0.061293,0.989045,-0.097246,-0.092612,0.998201,140.775589,8.043369,0.175364,0.912062,0.138909,-0.343649,-2.846063,120.621155,13.515301,-0.201193,0.88943,-0.020568,0.409893,-15.563077,124.684753,25.748331,-0.027706,-0.228838,-0.371881,-0.899205,-29.459566,115.752319,8.566178,0.13795,0.000713,-0.421614,-0.89622,-15.186366,131.473953,-0.452928,0.049499,0.8187,0.288198,-0.494189,2.448244,120.17057,8.071688,0.479031,0.592816,0.17004,-0.624648,11.622498,123.860863,-7.097262,0.263116,-0.109428,0.706045,-0.648302,5.91839,115.386818,-28.632841,0.231814,-0.633491,0.302078,-0.673573,6.407377,138.122437,-33.998558,-0.001793,0.958091,0.282187,-0.049285,-14.448327,87.218491,13.526416,0.015511,0.997016,-0.055985,-0.050836,-15.353606,55.998665,-6.559308,-0.083262,0.951722,-0.03433,0.293451,-16.560671,8.493879,-1.144623,-0.064089,0.980413,-0.055832,-0.177665,2.306645,86.198738,4.587641,-0.048768,0.900066,-0.430268,-0.048711,7.70985,49.601303,7.80728,-0.079611,0.928674,-0.362235,-0.003498,13.913391,19.709883,44.624401,-0.083262,0.951722,-0.03433,0.293451,-7.657128,2.178386,-12.211815,-0.079611,0.928674,-0.362235,-0.003498,15.572932,5.625306,38.259518
655,5.458333,0.023136,0.967615,-0.018736,-0.250668,-6.011815,86.708717,8.999632,0.082229,0.928108,0.026954,-0.362116,-5.735948,94.492126,8.626477,0.073906,0.911107,0.105795,-0.391446,-3.317779,108.328102,8.492796,0.049451,0.965365,-0.037255,-0.253452,0.721103,126.279305,10.998236,0.062815,0.988705,-0.097387,-0.095035,0.912326,140.815857,7.916489,0.172595,0.908224,0.138005,-0.355381,-2.770153,120.618607,13.37906,-0.205531,0.89249,-0.011074,0.401367,-15.225055,124.519348,25.930618,-0.03166,-0.236963,-0.376856,-0.894889,-29.367167,115.562973,8.962667,0.130501,-0.006252,-0.426096,-0.895194,-15.445688,131.463593,-0.267784,0.04844,0.813037,0.288749,-0.503238,2.422473,120.224213,7.83409,0.476814,0.589534,0.170611,-0.629277,11.273603,124.060333,-7.489868,0.259407,-0.116356,0.70744,-0.647069,5.393819,115.778145,-29.052818,0.223993,-0.640536,0.298761,-0.671031,6.048217,138.587463,-34.111481,-4.5e-05,0.957775,0.282223,-0.054932,-14.315492,87.223778,13.604118,0.014779,0.996742,-0.05493,-0.057182,-15.463692,56.005226,-6.471166,-0.08634,0.951853,-0.034408,0.292127,-16.572279,8.487129,-1.15312,-0.061468,0.979854,-0.055775,-0.181649,2.291863,86.193665,4.395147,-0.048816,0.899319,-0.43149,-0.051558,7.517414,49.571316,7.624749,-0.080687,0.927375,-0.365318,-0.002818,13.844782,19.781096,44.502766,-0.08634,0.951853,-0.034408,0.292127,-7.663766,2.198413,-12.231547,-0.080687,0.927375,-0.365318,-0.002818,15.54879,5.659694,38.231922
656,5.466667,0.023025,0.965582,-0.019892,-0.258314,-5.94789,86.712059,8.939639,0.083064,0.924599,0.025165,-0.370924,-5.681324,94.49485,8.547355,0.071524,0.907392,0.105814,-0.400409,-3.261945,108.327377,8.335522,0.047174,0.963896,-0.036704,-0.259485,0.721969,126.291298,10.837838,0.064207,0.988392,-0.0974,-0.097322,0.823667,140.836655,7.793599,0.170218,0.904762,0.137068,-0.365572,-2.692091,120.601379,13.260585,-0.208464,0.895176,-0.004698,0.393929,-14.910422,124.364067,26.083874,-0.036876,-0.245449,-0.381303,-0.890507,-29.276634,115.379906,9.320097,0.123419,-0.013377,-0.429769,-0.894364,-15.701381,131.456192,-0.111478,0.046979,0.807691,0.288863,-0.511847,2.397824,120.258591,7.617811,0.474454,0.58699,0.170855,-0.633359,10.937549,124.238968,-7.845437,0.255694,-0.121874,0.708543,-0.646323,4.91905,116.121201,-29.432634,0.216888,-0.646,0.295318,-0.66965,5.708122,138.989182,-34.219898,0.00168,0.957394,0.282455,-0.060118,-14.177654,87.232574,13.674371,0.014,0.996582,-0.054133,-0.06081,-15.558222,56.023949,-6.401707,-0.090424,0.951951,-0.035248,0.290467,-16.577888,8.495394,-1.159826,-0.058962,0.978926,-0.056211,-0.187262,2.281876,86.191536,4.204906,-0.049054,0.898696,-0.43246,-0.054017,7.35032,49.550404,7.471609,-0.081478,0.926214,-0.368078,-0.002695,13.801781,19.842562,44.394562,-0.090424,0.951951,-0.035248,0.290467,-7.661602,2.223166,-12.241352,-0.081478,0.926214,-0.368078,-0.002695,15.531218,5.687167,38.207886
657,5.475,0.023174,0.963678,-0.021257,-0.26521,-5.898783,86.720543,8.883035,0.083741,0.92129,0.023477,-0.379026,-5.638439,94.50235,8.467744,0.069323,0.903851,0.105798,-0.408723,-3.220824,108.337936,8.183699,0.04481,0.962547,-0.035855,-0.264972,0.712234,126.313492,10.682898,0.06543,0.988086,-0.097847,-0.099155,0.727393,140.868973,7.685766,0.16848,0.901509,0.136457,-0.374533,-2.629189,120.59684,13.143674,-0.211353,0.897761,0.002457,0.386458,-14.628637,124.246536,26.204098,-0.041289,-0.253025,-0.384839,-0.886664,-29.214951,115.246536,9.64009,0.116127,-0.020952,-0.433907,-0.893197,-15.942272,131.460007,0.029036,0.045723,0.803165,0.289361,-0.518755,2.363094,120.30146,7.411709,0.474227,0.584081,0.172238,-0.63584,10.649196,124.407684,-8.156247,0.253578,-0.127858,0.709151,-0.645334,4.490891,116.424194,-29.754063,0.212503,-0.6501,0.293468,-0.667899,5.38992,139.332932,-34.302856,0.002858,0.957039,0.282587,-0.064904,-14.059756,87.252464,13.734129,0.013531,0.996367,-0.053383,-0.06496,-15.625091,56.049774,-6.337608,-0.091817,0.952096,-0.035868,0.289475,-16.582958,8.512274,-1.165718,-0.05628,0.978112,-0.056713,-0.192129,2.262192,86.188629,4.03194,-0.049639,0.898052,-0.43335,-0.056976,7.159761,49.528759,7.348676,-0.08182,0.925217,-0.3705,-0.002894,13.785714,19.900116,44.304321,-0.091817,0.952096,-0.035868,0.289475,-7.674619,2.23568,-12.251147,-0.08182,0.925217,-0.3705,-0.002894,15.523116,5.713578,38.191666
658,5.483333,0.022962,0.961819,-0.022592,-0.271782,-5.842997,86.728928,8.8255,0.083372,0.918283,0.022025,-0.386421,-5.59434,94.509979,8.389318,0.067808,0.900493,0.106072,-0.416248,-3.201965,108.362091,8.052116,0.04301,0.961253,-0.035871,-0.269918,0.70559,126.343216,10.551328,0.066108,0.987859,-0.098018,-0.100778,0.646154,140.90242,7.57295,0.166777,0.898964,0.135335,-0.381751,-2.57537,120.60585,13.045075,-0.212989,0.900208,0.006894,0.379754,-14.397827,124.164436,26.290754,-0.045988,-0.259863,-0.38745,-0.883311,-29.19594,115.149078,9.924133,0.110155,-0.027842,-0.437829,-0.89185,-16.179659,131.476517,0.163905,0.044545,0.799373,0.289086,-0.524832,2.325628,120.34861,7.233052,0.474249,0.581481,0.173608,-0.637831,10.385919,124.553658,-8.426812,0.251502,-0.131979,0.709527,-0.644903,4.105748,116.68634,-30.032181,0.208396,-0.651944,0.292622,-0.667767,5.079675,139.624893,-34.394264,0.004069,0.956639,0.282846,-0.069456,-13.937036,87.265709,13.786949,0.013053,0.996084,-0.052791,-0.069713,-15.685129,56.074512,-6.287564,-0.093229,0.952293,-0.036461,0.288299,-16.576832,8.529779,-1.170545,-0.053799,0.977033,-0.05779,-0.197919,2.251043,86.192146,3.864051,-0.049772,0.89753,-0.433953,-0.060391,7.004253,49.521152,7.266659,-0.081857,0.924463,-0.372368,-0.003128,13.784203,19.943819,44.235485,-0.093229,0.952293,-0.036461,0.288299,-7.680532,2.249176,-12.263375,-0.081857,0.924463,-0.372368,-0.003128,15.52106,5.732663,38.180119
659,5.491667,0.022723,0.96016,-0.02399,-0.277491,-5.791445,86.737022,8.769359,0.083094,0.915765,0.020557,-0.392488,-5.555021,94.517227,8.311815,0.066424,0.897787,0.105594,-0.422393,-3.189754,108.362999,7.924351,0.040896,0.960223,-0.034913,-0.274007,0.681559,126.354774,10.403172,0.06685,0.987638,-0.098376,-0.102105,0.550954,140.923325,7.473091,0.165992,0.896276,0.135175,-0.388411,-2.54455,120.600716,12.929765,-0.213281,0.902873,0.010847,0.373113,-14.190708,124.087158,26.34967,-0.050545,-0.266528,-0.388584,-0.880574,-29.221231,115.100327,10.18032,0.104194,-0.034568,-0.441387,-0.890576,-16.406059,131.496567,0.265421,0.042766,0.796269,0.288978,-0.529735,2.280867,120.371994,7.053655,0.472615,0.57988,0.173116,-0.64063,10.159519,124.682602,-8.669821,0.248922,-0.134875,0.709431,-0.64541,3.782544,116.904793,-30.279249,0.20743,-0.652399,0.293674,-0.667161,4.785948,139.869202,-34.463085,0.005547,0.95644,0.282597,-0.073016,-13.82606,87.278549,13.825977,0.012301,0.995882,-0.052136,-0.073141,-15.752554,56.077957,-6.217588,-0.095152,0.952515,-0.036505,0.286931,-16.559603,8.524836,-1.164949,-0.051534,0.975701,-0.0593,-0.204538,2.24317,86.195496,3.712741,-0.049787,0.897099,-0.434342,-0.063887,6.878311,49.519913,7.227011,-0.081818,0.923984,-0.373556,-0.003856,13.805005,19.975054,44.194614,-0.095152,0.952515,-0.036505,0.286931,-7.673182,2.259429,-12.274292,-0.081818,0.923984,-0.373556,-0.003856,15.527574,5.746856,38.175293
660,5.5,0.022362,0.958664,-0.025445,-0.282518,-5.739614,86.752281,8.714567,0.083624,0.913815,0.018269,-0.397007,-5.517408,94.531616,8.235654,0.064664,0.895953,0.105305,-0.426611,-3.168686,108.361542,7.772377,0.039277,0.959496,-0.033348,-0.276971,0.651487,126.364159,10.251864,0.06698,0.987439,-0.098789,-0.103533,0.47434,140.944244,7.382256,0.165218,0.893557,0.134639,-0.395134,-2.528983,120.592247,12.795573,-0.212623,0.905519,0.013616,0.366936,-13.993642,124.012062,26.387781,-0.055524,-0.272853,-0.389372,-0.877985,-29.255421,115.071999,10.410298,0.099088,-0.041078,-0.445093,-0.889037,-16.628096,131.528152,0.364234,0.0407,0.793624,0.288701,-0.534,2.245457,120.394287,6.87687,0.471144,0.578602,0.171905,-0.643188,9.966042,124.807655,-8.896414,0.246549,-0.136118,0.709053,-0.646475,3.498634,117.083191,-30.498075,0.205875,-0.651533,0.294675,-0.668047,4.492626,140.069183,-34.55434,0.006356,0.956163,0.282525,-0.076754,-13.721,87.296692,13.854474,0.011937,0.995655,-0.051674,-0.076535,-15.782839,56.0938,-6.172043,-0.096204,0.952725,-0.036747,0.285848,-16.541372,8.535236,-1.16326,-0.04916,0.974469,-0.060845,-0.210455,2.241771,86.207878,3.574661,-0.049674,0.896651,-0.434641,-0.068099,6.750572,49.528328,7.209785,-0.081517,0.923575,-0.374623,-0.004767,13.842302,20.007214,44.165031,-0.096204,0.952725,-0.036747,0.285848,-7.668629,2.271379,-12.28438,-0.081517,0.923575,-0.374623,-0.004767,15.540586,5.762452,38.178082
661,5.508333,0.021701,0.957322,-0.027008,-0.286939,-5.685902,86.766151,8.669378,0.082993,0.911736,0.016766,-0.401956,-5.482781,94.54467,8.169076,0.062997,0.893616,0.105817,-0.431607,-3.169156,108.381226,7.661705,0.037951,0.958636,-0.033999,-0.280037,0.617813,126.387726,10.163787,0.067097,0.987344,-0.098925,-0.104233,0.383603,140.966324,7.290684,0.165502,0.891817,0.134756,-0.39889,-2.516725,120.596527,12.720627,-0.212881,0.907444,0.015973,0.361901,-13.86999,123.995117,26.411316,-0.058888,-0.277878,-0.389914,-0.875947,-29.301506,115.061745,10.593907,0.094541,-0.046797,-0.448417,-0.887577,-16.819164,131.561813,0.430749,0.039834,0.791388,0.288096,-0.537698,2.195731,120.434906,6.751354,0.46943,0.578001,0.17097,-0.645228,9.775308,124.903297,-9.074747,0.244947,-0.137279,0.708235,-0.647733,3.259487,117.227531,-30.679235,0.207183,-0.650423,0.296258,-0.668024,4.214181,140.233978,-34.629997,0.007121,0.955895,0.282522,-0.079978,-13.619971,87.308624,13.882236,0.011687,0.995447,-0.051277,-0.0795,-15.80361,56.106365,-6.132369,-0.097101,0.952889,-0.03693,0.284974,-16.526464,8.543327,-1.160897,-0.047206,0.973201,-0.062503,-0.216208,2.248168,86.223686,3.45652,-0.049406,0.896312,-0.43477,-0.071832,6.663744,49.545334,7.216085,-0.081223,0.923352,-0.375221,-0.005848,13.886998,20.03241,44.15242,-0.097101,0.952889,-0.03693,0.284974,-7.664176,2.281521,-12.291521,-0.081223,0.923352,-0.375221,-0.005848,15.556542,5.776763,38.183315
662,5.516667,0.021101,0.956139,-0.028246,-0.290785,-5.63369,86.776161,8.615223,0.082162,0.910163,0.015491,-0.405726,-5.44715,94.554008,8.098372,0.061868,0.8919,0.105709,-0.43533,-3.170285,108.400963,7.558129,0.036444,0.957959,-0.033586,-0.282594,0.588168,126.413551,10.059437,0.066998,0.987209,-0.099254,-0.105253,0.303172,140.996613,7.213741,0.165301,0.890371,0.134459,-0.402289,-2.510534,120.609856,12.631571,-0.212182,0.909576,0.017813,0.356837,-13.767566,123.981033,26.408222,-0.062263,-0.282163,-0.389848,-0.874372,-29.386723,115.083786,10.7555,0.091635,-0.052106,-0.450147,-0.88671,-17.012974,131.608002,0.500544,0.038859,0.789615,0.287748,-0.540555,2.154958,120.470467,6.624966,0.468259,0.577352,0.169928,-0.646933,9.62576,124.992279,-9.237633,0.244526,-0.138459,0.706998,-0.648992,3.057221,117.345024,-30.836258,0.209275,-0.649512,0.297203,-0.667838,3.945177,140.363129,-34.714542,0.007642,0.955634,0.282545,-0.082905,-13.52599,87.316055,13.891366,0.011649,0.995255,-0.051071,-0.082002,-15.808043,56.115353,-6.114671,-0.098118,0.952996,-0.037178,0.284235,-16.516415,8.550206,-1.161301,-0.045517,0.971985,-0.064414,-0.221413,2.258609,86.236267,3.339079,-0.048721,0.895974,-0.434829,-0.076029,6.603591,49.564301,7.240502,-0.080197,0.923244,-0.375692,-0.006741,13.941556,20.049847,44.152981,-0.098118,0.952996,-0.037178,0.284235,-7.660026,2.290413,-12.29774,-0.080197,0.923244,-0.375692,-0.006741,15.570071,5.783401,38.198357
663,5.525,0.020652,0.955168,-0.02981,-0.293837,-5.592153,86.794106,8.581364,0.081686,0.908865,0.014429,-0.408759,-5.421123,94.570831,8.042704,0.061025,0.890512,0.105269,-0.438386,-3.169141,108.427834,7.472988,0.035074,0.957431,-0.03377,-0.284526,0.563089,126.447716,9.960977,0.066542,0.987184,-0.099276,-0.105754,0.229105,141.031479,7.124221,0.16512,0.889248,0.134187,-0.404928,-2.505038,120.635139,12.549665,-0.211594,0.911325,0.018825,0.352647,-13.687105,123.984924,26.392427,-0.065791,-0.286287,-0.389491,-0.872931,-29.459852,115.108955,10.882284,0.087425,-0.056739,-0.451864,-0.885978,-17.181011,131.651764,0.542109,0.037938,0.788196,0.287158,-0.542999,2.121409,120.51046,6.512614,0.467157,0.577141,0.16858,-0.648269,9.498871,125.074409,-9.381574,0.244738,-0.138756,0.705379,-0.650608,2.897011,117.431328,-30.971516,0.21104,-0.648429,0.296971,-0.668438,3.682054,140.458984,-34.818916,0.008527,0.955618,0.282166,-0.084288,-13.450876,87.335846,13.907203,0.011539,0.995086,-0.050517,-0.084373,-15.822381,56.1203,-6.06524,-0.099236,0.952998,-0.037352,0.283816,-16.512983,8.549529,-1.163655,-0.044158,0.971086,-0.065769,-0.225202,2.266569,86.252373,3.255525,-0.048247,0.895649,-0.434902,-0.079659,6.551303,49.584461,7.260295,-0.079269,0.923113,-0.376189,-0.007755,13.998625,20.071686,44.15221,-0.099236,0.952998,-0.037352,0.283816,-7.653526,2.295785,-12.301052,-0.079269,0.923113,-0.376189,-0.007755,15.585683,5.794223,38.212818
664,5.533333,0.020086,0.95433,-0.030942,-0.29647,-5.550903,86.808594,8.531809,0.081255,0.907872,0.013354,-0.41108,-5.395032,94.584602,7.978461,0.059701,0.889536,0.104965,-0.440618,-3.167939,108.443581,7.380597,0.034025,0.957058,-0.033808,-0.285902,0.522069,126.471771,9.871356,0.066017,0.987172,-0.099276,-0.106192,0.151947,141.056549,7.044326,0.164853,0.888175,0.13332,-0.407668,-2.516842,120.647263,12.467666,-0.210398,0.912972,0.019694,0.349038,-13.621444,123.981522,26.376385,-0.068731,-0.289754,-0.388887,-0.871829,-29.538986,115.152267,10.987982,0.084642,-0.060706,-0.453202,-0.885302,-17.327806,131.704453,0.571608,0.036999,0.787356,0.286213,-0.544779,2.082191,120.542946,6.409319,0.465668,0.5772,0.166976,-0.649702,9.392066,125.134682,-9.508077,0.245566,-0.139083,0.703476,-0.652284,2.767745,117.493095,-31.091667,0.213746,-0.647898,0.29598,-0.668533,3.431812,140.526337,-34.923561,0.009176,0.955579,0.281882,-0.085599,-13.380502,87.347588,13.900646,0.011504,0.99499,-0.050319,-0.085625,-15.823741,56.120991,-6.045851,-0.100251,0.953052,-0.037345,0.283279,-16.506475,8.548244,-1.162443,-0.042944,0.970266,-0.067496,-0.22844,2.278696,86.269592,3.16297,-0.048327,0.895611,-0.434663,-0.081325,6.518343,49.610909,7.298106,-0.078755,0.923134,-0.376231,-0.008509,14.039859,20.079056,44.159687,-0.100251,0.953052,-0.037345,0.283279,-7.647828,2.303814,-12.305711,-0.078755,0.923134,-0.376231,-0.008509,15.599293,5.798078,38.221428
665,5.541667,0.019586,0.95369,-0.031776,-0.298466,-5.521349,86.820641,8.49379,0.080678,0.907249,0.011864,-0.412613,-5.377961,94.596138,7.930055,0.058878,0.888946,0.104723,-0.441975,-3.18236,108.467316,7.296769,0.032837,0.956787,-0.034023,-0.28692,0.480512,126.501015,9.78774,0.06556,0.987159,-0.099132,-0.106736,0.07049,141.085785,6.966209,0.165046,0.887686,0.133272,-0.408672,-2.540128,120.669258,12.389122,-0.209569,0.91427,0.020497,0.34608,-13.612771,124.002647,26.323503,-0.071449,-0.291958,-0.388148,-0.871204,-29.644913,115.20697,11.03517,0.081606,-0.063853,-0.454,-0.884956,-17.462984,131.766464,0.581989,0.036227,0.786717,0.285552,-0.546099,2.042165,120.577148,6.317904,0.464381,0.57772,0.165387,-0.650566,9.301946,125.192352,-9.615625,0.246877,-0.139167,0.701224,-0.654194,2.68113,117.532257,-31.193733,0.217084,-0.647169,0.2943,-0.668906,3.198452,140.570374,-35.02803,0.010175,0.955641,0.28172,-0.085331,-13.328737,87.356224,13.895217,0.011282,0.99498,-0.050248,-0.085805,-15.836289,56.124294,-6.034951,-0.101197,0.953105,-0.037584,0.282733,-16.497589,8.550369,-1.160013,-0.042175,0.969637,-0.068946,-0.230807,2.28604,86.285049,3.092363,-0.047913,0.89554,-0.434512,-0.083136,6.505018,49.636196,7.334387,-0.078769,0.92316,-0.376147,-0.009206,14.064831,20.087948,44.174999,-0.101197,0.953105,-0.037584,0.282733,-7.64104,2.308028,-12.30612,-0.078769,0.92316,-0.376147,-0.009206,15.609283,5.80657,38.233791
666,5.55,0.018894,0.95324,-0.032948,-0.299817,-5.485428,86.8395,8.467013,0.079564,0.906866,0.010793,-0.413699,-5.358613,94.614235,7.888903,0.058396,0.888502,0.104322,-0.443025,-3.203063,108.499634,7.238271,0.03185,0.956549,-0.034591,-0.287755,0.4404,126.538536,9.719925,0.065058,0.987164,-0.098865,-0.107241,-0.006077,141.121048,6.892161,0.164972,0.887574,0.132756,-0.409113,-2.566445,120.702812,12.328359,-0.209012,0.915245,0.021525,0.343769,-13.626901,124.038681,26.271816,-0.073499,-0.293318,-0.387963,-0.870659,-29.746141,115.272118,11.058537,0.080091,-0.065978,-0.453806,-0.885038,-17.594925,131.84581,0.594709,0.035392,0.786746,0.284034,-0.546903,2.002572,120.616592,6.24706,0.46266,0.578489,0.163547,-0.651574,9.2327,125.233803,-9.699361,0.248492,-0.138758,0.698697,-0.656369,2.625389,117.554962,-31.274939,0.220543,-0.646614,0.292747,-0.668992,2.97215,140.591614,-35.131031,0.010598,0.955681,0.281456,-0.085695,-13.277954,87.369873,13.890368,0.011446,0.994912,-0.05003,-0.086693,-15.821484,56.12756,-6.018958,-0.101334,0.953129,-0.037559,0.282605,-16.49593,8.551905,-1.162807,-0.041575,0.969223,-0.070045,-0.232319,2.307099,86.30912,3.04366,-0.047359,0.895572,-0.43425,-0.084466,6.508304,49.667892,7.36833,-0.07854,0.9232,-0.376091,-0.009388,14.073917,20.092785,44.186176,-0.101334,0.953129,-0.037559,0.282605,-7.640778,2.311277,-12.310979,-0.07854,0.9232,-0.376091,-0.009388,15.609236,5.811137,38.243256
667,5.558333,0.01821,0.952949,-0.033853,-0.300682,-5.456026,86.852837,8.443482,0.078655,0.906794,0.009598,-0.414061,-5.344154,94.627022,7.855009,0.05793,0.88849,0.103472,-0.443309,-3.225244,108.520424,7.183508,0.03068,0.956496,-0.034993,-0.288008,0.389934,126.567909,9.644108,0.064605,0.987211,-0.098555,-0.107362,-0.09401,141.149048,6.815413,0.164962,0.887654,0.132631,-0.408982,-2.605992,120.730042,12.260301,-0.207815,0.916069,0.020886,0.342338,-13.67045,124.068542,26.199955,-0.07647,-0.294456,-0.387024,-0.870437,-29.860312,115.33419,11.043226,0.077486,-0.067756,-0.452994,-0.885552,-17.701899,131.916489,0.582717,0.034514,0.787089,0.282884,-0.547061,1.960012,120.644844,6.176724,0.461183,0.579282,0.161726,-0.65237,9.186087,125.265488,-9.770541,0.250473,-0.138573,0.696027,-0.658489,2.594338,117.559517,-31.341209,0.224975,-0.646058,0.291794,-0.668469,2.764703,140.591629,-35.222279,0.010482,0.955697,0.281308,-0.086015,-13.239151,87.376434,13.880977,0.01192,0.994841,-0.04992,-0.087503,-15.780151,56.127739,-6.018657,-0.101741,0.953116,-0.037616,0.282495,-16.496609,8.552086,-1.168388,-0.041446,0.969041,-0.071009,-0.23281,2.3271,86.329239,3.005987,-0.046612,0.895696,-0.433976,-0.084973,6.537658,49.6973,7.399763,-0.078767,0.923248,-0.375934,-0.009125,14.05868,20.092756,44.203091,-0.101741,0.953116,-0.037616,0.282495,-7.639324,2.313941,-12.316259,-0.078767,0.923248,-0.375934,-0.009125,15.604399,5.814251,38.25531
668,5.566667,0.017537,0.952842,-0.0346,-0.300978,-5.428371,86.869339,8.423961,0.07741,0.906838,0.009227,-0.414207,-5.330188,94.643105,7.827525,0.057951,0.88849,0.102255,-0.44359,-3.246578,108.546593,7.160543,0.029556,0.956361,-0.035126,-0.288558,0.350319,126.603279,9.580023,0.064216,0.987174,-0.098455,-0.108034,-0.168839,141.184494,6.758012,0.164798,0.888032,0.132272,-0.408344,-2.637499,120.767761,12.210687,-0.207565,0.916468,0.021623,0.341373,-13.722801,124.111603,26.132488,-0.078608,-0.295278,-0.386485,-0.870207,-29.949076,115.395226,11.004375,0.074485,-0.069617,-0.451326,-0.886516,-17.792801,131.985199,0.54931,0.033534,0.787644,0.281323,-0.547129,1.924685,120.6745,6.124363,0.459569,0.580423,0.15962,-0.653013,9.150505,125.292168,-9.823883,0.252086,-0.137523,0.69346,-0.660798,2.589576,117.545166,-31.389248,0.229061,-0.644769,0.290945,-0.668696,2.579766,140.573517,-35.310398,0.01094,0.955753,0.281178,-0.085761,-13.208569,87.38517,13.866388,0.011882,0.994893,-0.049959,-0.086892,-15.776032,56.131756,-6.022437,-0.102299,0.953142,-0.03782,0.282179,-16.491602,8.55639,-1.169274,-0.04157,0.969012,-0.071777,-0.23267,2.351825,86.353508,2.981533,-0.04546,0.895828,-0.43372,-0.085513,6.583753,49.730484,7.428748,-0.079344,0.923312,-0.375663,-0.008797,14.026968,20.094574,44.222652,-0.102299,0.953142,-0.03782,0.282179,-7.635474,2.317852,-12.317845,-0.079344,0.923312,-0.375663,-0.008797,15.591973,5.821711,38.266373
669,5.575,0.016751,0.952845,-0.035344,-0.300926,-5.401641,86.88353,8.410212,0.07652,0.907129,0.008372,-0.413752,-5.318592,94.656906,7.806427,0.057704,0.888859,0.101158,-0.443134,-3.266672,108.567963,7.128882,0.028738,0.956449,-0.035561,-0.288296,0.303077,126.634003,9.518615,0.063581,0.987246,-0.098195,-0.107987,-0.241568,141.213196,6.690974,0.164555,0.888627,0.131765,-0.40731,-2.679589,120.799316,12.156952,-0.206419,0.916844,0.020473,0.341128,-13.798327,124.151337,26.0501,-0.081156,-0.295481,-0.385876,-0.870175,-30.055172,115.462387,10.939029,0.073139,-0.070266,-0.449383,-0.887563,-17.882032,132.063705,0.518852,0.032358,0.788496,0.279567,-0.546873,1.889179,120.700966,6.075647,0.458121,0.581711,0.157377,-0.653429,9.127943,125.313797,-9.868131,0.253268,-0.135613,0.691187,-0.663118,2.604455,117.512009,-31.42511,0.232654,-0.64248,0.29024,-0.669964,2.423215,140.531021,-35.402088,0.011107,0.955833,0.281144,-0.084964,-13.182953,87.389351,13.851985,0.012206,0.99491,-0.049966,-0.086646,-15.74547,56.134796,-6.035678,-0.102524,0.953058,-0.037961,0.282364,-16.492933,8.560246,-1.179341,-0.04191,0.969059,-0.072408,-0.232218,2.379672,86.377716,2.968438,-0.043676,0.895909,-0.433506,-0.086672,6.644726,49.763565,7.456882,-0.079842,0.9234,-0.37536,-0.007984,13.98175,20.094639,44.24551,-0.102524,0.953058,-0.037961,0.282364,-7.629845,2.321012,-12.321992,-0.079842,0.9234,-0.37536,-0.007984,15.574771,5.828723,38.280022
670,5.583333,0.016033,0.952986,-0.036113,-0.300426,-5.379219,86.897537,8.407836,0.07579,0.907538,0.007474,-0.413007,-5.310129,94.670418,7.796034,0.057194,0.889364,0.100066,-0.442432,-3.286859,108.583191,7.105827,0.027998,0.956525,-0.036415,-0.28801,0.246564,126.659561,9.471271,0.063237,0.987288,-0.09777,-0.108185,-0.324859,141.234222,6.6256,0.164533,0.889401,0.131768,-0.405625,-2.730074,120.823959,12.114384,-0.206162,0.916758,0.02131,0.341465,-13.898687,124.187866,25.964584,-0.082424,-0.294657,-0.385572,-0.87047,-30.149609,115.524933,10.832225,0.070786,-0.070091,-0.449125,-0.887898,-17.939138,132.139069,0.459097,0.031541,0.789518,0.278121,-0.546182,1.849038,120.723633,6.040896,0.457027,0.58291,0.15556,-0.653562,9.117049,125.323036,-9.89345,0.254398,-0.133948,0.688868,-0.665433,2.632997,117.469856,-31.443668,0.237081,-0.639658,0.29118,-0.670704,2.281242,140.477875,-35.466488,0.010937,0.95588,0.281215,-0.08421,-13.1667,87.394447,13.841602,0.012661,0.994906,-0.050005,-0.086608,-15.701859,56.142597,-6.053822,-0.102762,0.953048,-0.038432,0.282244,-16.492479,8.569509,-1.190021,-0.042098,0.969535,-0.0727,-0.230095,2.408262,86.40062,2.974071,-0.043047,0.896267,-0.433095,-0.085328,6.681895,49.790787,7.489492,-0.080838,0.923491,-0.374949,-0.00665,13.907376,20.082573,44.26849,-0.102762,0.953048,-0.038432,0.282244,-7.629857,2.320092,-12.327335,-0.080838,0.923491,-0.374949,-0.00665,15.550467,5.827528,38.290607
671,5.591667,0.015425,0.953247,-0.036671,-0.299563,-5.360903,86.909286,8.401554,0.074631,0.908112,0.007215,-0.411961,-5.302917,94.681839,7.784368,0.057025,0.889976,0.098736,-0.441523,-3.311432,108.598663,7.103377,0.027262,0.95666,-0.037031,-0.287554,0.19251,126.68557,9.431818,0.062888,0.987323,-0.097631,-0.1082,-0.402756,141.256973,6.574416,0.164337,0.890631,0.131453,-0.4031,-2.78156,120.852371,12.083118,-0.206253,0.916398,0.021267,0.342378,-14.026466,124.23394,25.867134,-0.084019,-0.293654,-0.385274,-0.870788,-30.245853,115.570786,10.701106,0.068274,-0.070186,-0.447339,-0.888988,-17.99741,132.196564,0.391047,0.030666,0.790653,0.276547,-0.545389,1.810074,120.743492,6.01924,0.456299,0.584231,0.154066,-0.653245,9.111406,125.327553,-9.904291,0.255602,-0.132004,0.687029,-0.667259,2.678782,117.416992,-31.448925,0.241387,-0.636792,0.291585,-0.671719,2.184662,140.410522,-35.537685,0.010942,0.955987,0.28128,-0.082768,-13.158589,87.397835,13.821423,0.013072,0.994908,-0.050154,-0.086439,-15.664479,56.14872,-6.082001,-0.102364,0.953046,-0.03856,0.282381,-16.493855,8.578065,-1.20086,-0.04298,0.969771,-0.073046,-0.228824,2.436785,86.420746,2.981685,-0.04193,0.896717,-0.43267,-0.08329,6.773705,49.820232,7.512294,-0.081789,0.923576,-0.374557,-0.004985,13.817416,20.067766,44.290779,-0.102364,0.953046,-0.03856,0.282381,-7.632813,2.321478,-12.335404,-0.081789,0.923576,-0.374557,-0.004985,15.516819,5.824109,38.301514
672,5.6,0.014645,0.953636,-0.037401,-0.29827,-5.333859,86.921478,8.400043,0.073427,0.90888,0.006415,-0.410493,-5.290027,94.69355,7.775723,0.056616,0.89081,0.097574,-0.440149,-3.337173,108.616341,7.091374,0.026591,0.956952,-0.03786,-0.286535,0.13097,126.713455,9.394049,0.062506,0.987423,-0.09751,-0.107612,-0.485462,141.280197,6.51745,0.163888,0.891723,0.130975,-0.40102,-2.842197,120.880928,12.047865,-0.205783,0.915986,0.0203,0.343817,-14.153004,124.271332,25.775671,-0.08525,-0.292384,-0.385335,-0.871069,-30.334532,115.618347,10.56348,0.067633,-0.068969,-0.446446,-0.889581,-18.053362,132.263977,0.322412,0.029749,0.791985,0.27498,-0.544298,1.768569,120.767021,5.998615,0.45571,0.585654,0.152468,-0.652757,9.114955,125.334099,-9.909066,0.256457,-0.129832,0.685381,-0.669049,2.738345,117.355743,-31.445349,0.24483,-0.6339,0.292172,-0.672952,2.11207,140.332153,-35.598248,0.01006,0.955929,0.281588,-0.082502,-13.146698,87.399231,13.799013,0.013975,0.994869,-0.050421,-0.086595,-15.586273,56.161617,-6.130681,-0.102313,0.952942,-0.039133,0.282669,-16.498569,8.595872,-1.216606,-0.044032,0.970003,-0.073202,-0.22759,2.478979,86.443726,3.001071,-0.039983,0.897044,-0.432368,-0.082295,6.888348,49.851696,7.530304,-0.083973,0.923612,-0.374,-0.00359,13.72269,20.05895,44.315681,-0.102313,0.952942,-0.039133,0.282669,-7.63177,2.324684,-12.338345,-0.083973,0.923612,-0.374,-0.00359,15.499346,5.831936,38.309303
673,5.608333,0.014053,0.954144,-0.037966,-0.296599,-5.313905,86.933731,8.400826,0.072595,0.909794,0.005795,-0.408621,-5.280413,94.705406,7.770926,0.056024,0.891858,0.096358,-0.438368,-3.354028,108.634903,7.084162,0.026334,0.957264,-0.038559,-0.285423,0.070465,126.743248,9.363733,0.061985,0.987487,-0.097382,-0.107445,-0.553949,141.305847,6.467876,0.163639,0.893154,0.130962,-0.397928,-2.902461,120.910538,12.017404,-0.206192,0.915229,0.02027,0.345585,-14.305679,124.316261,25.664734,-0.085687,-0.290288,-0.385656,-0.871585,-30.421062,115.654076,10.387691,0.066994,-0.067719,-0.44516,-0.89037,-18.095076,132.319214,0.233182,0.028931,0.793359,0.273581,-0.543045,1.733137,120.793007,5.987229,0.45514,0.587165,0.150689,-0.65221,9.130623,125.342133,-9.90191,0.257081,-0.12716,0.683957,-0.670777,2.812811,117.287598,-31.427176,0.247495,-0.630851,0.292478,-0.674707,2.063368,140.246765,-35.656235,0.010071,0.95611,0.281572,-0.08043,-13.145967,87.402878,13.772634,0.014483,0.994891,-0.050605,-0.086153,-15.543029,56.164585,-6.161164,-0.10219,0.952873,-0.039302,0.282922,-16.504305,8.602005,-1.225897,-0.044856,0.970431,-0.07334,-0.22555,2.518158,86.464592,3.02902,-0.038893,0.897472,-0.431957,-0.080275,6.979515,49.879501,7.563371,-0.084969,0.923761,-0.37342,-0.001939,13.635296,20.044634,44.347359,-0.10219,0.952873,-0.039302,0.282922,-7.633091,2.325897,-12.341341,-0.084969,0.923761,-0.37342,-0.001939,15.468528,5.831944,38.324093
674,5.616667,0.013557,0.954758,-0.038222,-0.294606,-5.292562,86.943581,8.395455,0.07145,0.91095,0.004859,-0.406252,-5.266311,94.715157,7.76408,0.055224,0.89317,0.095456,-0.435989,-3.378136,108.64875,7.071479,0.025953,0.957718,-0.039272,-0.283833,-0.000592,126.766838,9.343711,0.061754,0.987559,-0.097398,-0.106897,-0.634279,141.32515,6.428406,0.162958,0.894464,0.130298,-0.395475,-2.97682,120.932236,11.989511,-0.206053,0.914395,0.019453,0.347917,-14.458571,124.344788,25.56912,-0.086043,-0.28861,-0.38587,-0.872012,-30.499626,115.685585,10.212366,0.066809,-0.066061,-0.443837,-0.891169,-18.134659,132.367493,0.125363,0.028163,0.794927,0.272316,-0.541426,1.691773,120.81498,5.98484,0.450866,0.590102,0.145595,-0.653683,9.154428,125.343704,-9.879631,0.255972,-0.122645,0.682748,-0.673269,2.929483,117.197548,-31.397469,0.250156,-0.628589,0.292766,-0.675712,2.049497,140.155655,-35.707211,0.010788,0.956386,0.281404,-0.077601,-13.14729,87.403885,13.734834,0.014491,0.995027,-0.050838,-0.084422,-15.535378,56.159676,-6.190769,-0.101811,0.952831,-0.039128,0.283226,-16.504044,8.599368,-1.234984,-0.046343,0.970553,-0.073644,-0.224622,2.562167,86.483269,3.056078,-0.037282,0.897898,-0.431547,-0.078466,7.131133,49.911572,7.59133,-0.084414,0.923991,-0.37298,-0.000391,13.57233,20.03105,44.376472,-0.101811,0.952831,-0.039128,0.283226,-7.629886,2.324753,-12.348922,-0.084414,0.923991,-0.37298,-0.000391,15.426151,5.826035,38.341408
675,5.625,0.013315,0.955475,-0.038495,-0.292246,-5.281642,86.951851,8.396423,0.070908,0.912053,0.004627,-0.403868,-5.258683,94.723206,7.762165,0.054224,0.894437,0.094338,-0.433754,-3.384494,108.664032,7.074471,0.025385,0.9582,-0.040366,-0.282098,-0.063498,126.794067,9.334764,0.061547,0.987675,-0.097476,-0.105865,-0.714166,141.345825,6.390646,0.162815,0.896413,0.130621,-0.390991,-3.038936,120.95636,11.974609,-0.20727,0.913055,0.019194,0.350717,-14.650108,124.392365,25.437759,-0.085513,-0.285456,-0.386861,-0.872663,-30.573917,115.691635,9.982781,0.066762,-0.063593,-0.444103,-0.891219,-18.158136,132.408981,0.006649,0.027437,0.796548,0.27094,-0.539768,1.660896,120.841026,5.994319,0.451067,0.591608,0.144432,-0.65244,9.189916,125.345818,-9.845591,0.257227,-0.120375,0.681819,-0.674141,3.033736,117.116806,-31.351679,0.252115,-0.627027,0.292406,-0.67659,2.068647,140.05423,-35.75703,0.009974,0.956526,0.28134,-0.076199,-13.162829,87.407745,13.697052,0.015298,0.995062,-0.051128,-0.083688,-15.463497,56.159626,-6.232707,-0.101238,0.952761,-0.039205,0.283654,-16.51029,8.604446,-1.243749,-0.047489,0.9708,-0.073887,-0.223233,2.599545,86.495956,3.095796,-0.036536,0.898386,-0.431083,-0.075724,7.248444,49.934914,7.635687,-0.085139,0.924261,-0.372146,0.000937,13.510672,20.010874,44.416355,-0.101238,0.952761,-0.039205,0.283654,-7.632794,2.323033,-12.351179,-0.085139,0.924261,-0.372146,0.000937,15.407634,5.822043,38.356678
676,5.633333,0.012908,0.956294,-0.038962,-0.289512,-5.267674,86.966393,8.399653,0.069583,0.913438,0.004506,-0.400961,-5.251075,94.737358,7.760344,0.053887,0.895931,0.092956,-0.431003,-3.409567,108.68634,7.090346,0.025035,0.958818,-0.041233,-0.279895,-0.128542,126.827332,9.320816,0.061095,0.987834,-0.097732,-0.104402,-0.78584,141.373688,6.351559,0.161651,0.897973,0.129796,-0.388158,-3.111727,120.992615,11.958506,-0.207871,0.911762,0.019113,0.353716,-14.816504,124.424973,25.341299,-0.08425,-0.2831,-0.387715,-0.873174,-30.627724,115.71225,9.777847,0.067621,-0.060917,-0.444259,-0.891263,-18.181696,132.445877,-0.128421,0.026574,0.798414,0.269657,-0.537694,1.624858,120.86763,6.007476,0.451644,0.593065,0.143646,-0.65089,9.236506,125.350174,-9.799224,0.258417,-0.118396,0.681031,-0.674833,3.151812,117.038467,-31.293858,0.254621,-0.625112,0.292539,-0.677366,2.114446,139.954834,-35.786003,0.009428,0.956645,0.281577,-0.073869,-13.17932,87.415672,13.655283,0.01607,0.995123,-0.051709,-0.082451,-15.393949,56.176651,-6.298461,-0.100946,0.952696,-0.040015,0.283865,-16.51585,8.629507,-1.249629,-0.048562,0.97168,-0.073589,-0.219237,2.643972,86.51712,3.144024,-0.035975,0.898808,-0.430653,-0.073399,7.346609,49.960468,7.663877,-0.085522,0.924411,-0.371681,0.001804,13.463217,19.997046,44.436985,-0.100946,0.952696,-0.040015,0.283865,-7.637626,2.324457,-12.343079,-0.085522,0.924411,-0.371681,0.001804,15.38652,5.817525,38.363834
677,5.641667,0.012661,0.957235,-0.039325,-0.286347,-5.258935,86.97673,8.399722,0.068979,0.914909,0.004021,-0.397702,-5.245538,94.747345,7.756153,0.052744,0.89761,0.091992,-0.427846,-3.424057,108.687416,7.087527,0.024811,0.959507,-0.041909,-0.277443,-0.203975,126.839539,9.316148,0.060897,0.987959,-0.098082,-0.102997,-0.861469,141.381531,6.32558,0.16139,0.899961,0.130239,-0.383487,-3.191702,121.001114,11.94044,-0.208446,0.910301,0.017846,0.35719,-15.030076,124.452385,25.200283,-0.083529,-0.279607,-0.388552,-0.873997,-30.712151,115.710808,9.522782,0.069111,-0.058201,-0.44413,-0.891395,-18.203899,132.47197,-0.264074,0.025524,0.800285,0.268783,-0.535396,1.587976,120.879623,6.023898,0.451986,0.594673,0.142509,-0.649434,9.290913,125.351418,-9.741564,0.259111,-0.11585,0.680475,-0.67557,3.281725,116.950203,-31.22263,0.256078,-0.6232,0.292973,-0.67839,2.180987,139.847275,-35.806805,0.009115,0.956904,0.281409,-0.071145,-13.205364,87.421371,13.603004,0.01664,0.995262,-0.052159,-0.080349,-15.340036,56.174896,-6.347781,-0.100505,0.952638,-0.040219,0.284187,-16.523338,8.634004,-1.254239,-0.049966,0.97179,-0.073614,-0.218422,2.687493,86.532089,3.19644,-0.034816,0.899183,-0.430235,-0.071799,7.487832,49.985981,7.698822,-0.085529,0.924641,-0.371103,0.002652,13.437282,19.980293,44.464882,-0.100505,0.952638,-0.040219,0.284187,-7.642873,2.31995,-12.340768,-0.085529,0.924641,-0.371103,0.002652,15.378098,5.810372,38.374916
678,5.65,0.012415,0.958226,-0.039692,-0.282973,-5.248413,86.981651,8.399551,0.067619,0.916536,0.004222,-0.394171,-5.238056,94.751915,7.751644,0.052211,0.899372,0.090577,-0.424499,-3.445348,108.707466,7.109876,0.023987,0.960272,-0.042759,-0.274725,-0.273392,126.871277,9.312208,0.060998,0.988121,-0.09852,-0.100945,-0.94799,141.407974,6.299855,0.159764,0.901387,0.128774,-0.381305,-3.270537,121.034874,11.930281,-0.20931,0.908768,0.017968,0.360566,-15.188229,124.471954,25.122595,-0.08143,-0.277564,-0.389644,-0.87436,-30.737574,115.713135,9.322961,0.070576,-0.055392,-0.444075,-0.891487,-18.21987,132.484894,-0.416633,0.024628,0.802359,0.267861,-0.532789,1.553401,120.905449,6.049936,0.452882,0.596288,0.141836,-0.647473,9.358798,125.358185,-9.67046,0.260073,-0.113503,0.680014,-0.676061,3.432199,116.862633,-31.137371,0.257964,-0.621236,0.293902,-0.679075,2.277082,139.736496,-35.81789,0.009013,0.957197,0.281184,-0.06803,-13.231492,87.421486,13.546843,0.017184,0.99544,-0.052506,-0.077759,-15.292885,56.165474,-6.396705,-0.09955,0.95251,-0.039978,0.284985,-16.538597,8.62982,-1.269363,-0.051089,0.972579,-0.073469,-0.214669,2.734666,86.541817,3.25226,-0.034659,0.899618,-0.429705,-0.069569,7.596199,50.002552,7.744516,-0.08561,0.924978,-0.370244,0.002488,13.438262,19.952267,44.491371,-0.09955,0.95251,-0.039978,0.284985,-7.650218,2.314374,-12.348755,-0.08561,0.924978,-0.370244,0.002488,15.37559,5.793349,38.374771
679,5.658333,0.012231,0.95936,-0.039758,-0.279101,-5.247439,86.994705,8.389843,0.066748,0.918219,0.004155,-0.390387,-5.237503,94.764946,7.741796,0.051385,0.901196,0.089845,-0.420872,-3.466769,108.712296,7.115792,0.023586,0.961171,-0.043532,-0.271476,-0.342545,126.884186,9.319685,0.060637,0.988341,-0.099208,-0.098296,-1.019016,141.415802,6.283315,0.159314,0.903788,0.129617,-0.37548,-3.351376,121.046326,11.921035,-0.210708,0.906991,0.01739,0.364236,-15.433916,124.49826,24.958611,-0.080337,-0.273993,-0.390695,-0.875118,-30.828459,115.68985,9.035447,0.071469,-0.052966,-0.442747,-0.892223,-18.256962,132.491379,-0.585917,0.023389,0.804489,0.267064,-0.530026,1.520508,120.917084,6.080348,0.45333,0.59801,0.14085,-0.645784,9.434398,125.361923,-9.587955,0.260325,-0.110721,0.67989,-0.676551,3.592564,116.774643,-31.041599,0.25961,-0.618824,0.295171,-0.680098,2.400417,139.626831,-35.813892,0.00841,0.957516,0.280922,-0.064619,-13.271991,87.428879,13.472722,0.018071,0.995572,-0.053025,-0.075492,-15.218255,56.161163,-6.464063,-0.09863,0.952332,-0.040084,0.285882,-16.556265,8.633739,-1.283902,-0.051678,0.973376,-0.073324,-0.210933,2.777111,86.560524,3.306962,-0.034634,0.899932,-0.429337,-0.067762,7.661577,50.02417,7.798052,-0.085138,0.92538,-0.369339,0.003345,13.425845,19.94347,44.532307,-0.09863,0.952332,-0.040084,0.285882,-7.657574,2.308518,-12.349432,-0.085138,0.92538,-0.369339,0.003345,15.369786,5.79696,38.389145
680,5.666667,0.011962,0.960565,-0.039738,-0.274941,-5.246491,87.00808,8.380418,0.066048,0.920007,0.004296,-0.386272,-5.23768,94.778458,7.73388,0.050187,0.903184,0.08894,-0.416928,-3.480408,108.730339,7.126996,0.023419,0.962114,-0.044118,-0.268033,-0.419756,126.912758,9.333259,0.060439,0.988531,-0.099975,-0.095696,-1.088927,141.440323,6.275924,0.158365,0.905791,0.129696,-0.371,-3.437554,121.071205,11.915861,-0.211819,0.905152,0.01681,0.368171,-15.652134,124.523544,24.829706,-0.078267,-0.270643,-0.391783,-0.875861,-30.886915,115.678703,8.773649,0.073012,-0.049957,-0.444272,-0.891513,-18.268915,132.501511,-0.756238,0.022206,0.807066,0.265647,-0.526862,1.486455,120.94574,6.118967,0.453892,0.599827,0.140029,-0.64388,9.523422,125.365356,-9.493727,0.26028,-0.107792,0.679813,-0.677118,3.774342,116.684746,-30.934858,0.261374,-0.615806,0.297058,-0.681339,2.547309,139.518097,-35.794815,0.007699,0.957829,0.280688,-0.060987,-13.314999,87.43438,13.393906,0.01893,0.995814,-0.053825,-0.071409,-15.134048,56.15604,-6.53822,-0.097973,0.952251,-0.040318,0.286346,-16.569592,8.639828,-1.281823,-0.052427,0.97392,-0.073252,-0.208245,2.822015,86.581787,3.366929,-0.03512,0.900428,-0.428669,-0.06511,7.747027,50.050449,7.854526,-0.084719,0.925741,-0.36853,0.00332,13.441706,19.918133,44.557304,-0.097973,0.952251,-0.040318,0.286346,-7.667972,2.302904,-12.338297,-0.084719,0.925741,-0.36853,0.00332,15.374377,5.780824,38.389462
681,5.675,0.011764,0.961882,-0.039843,-0.270292,-5.252319,87.021652,8.368632,0.064783,0.921876,0.005529,-0.381991,-5.243798,94.791969,7.721399,0.049894,0.905109,0.087819,-0.413009,-3.501928,108.758125,7.167903,0.022911,0.963049,-0.044631,-0.264612,-0.47767,126.948997,9.35462,0.060096,0.988714,-0.101031,-0.092874,-1.148564,141.473053,6.281045,0.157171,0.908043,0.129783,-0.36594,-3.512083,121.111023,11.925829,-0.213591,0.903119,0.016678,0.372125,-15.875345,124.559631,24.698406,-0.075868,-0.267492,-0.393019,-0.876486,-30.934641,115.659882,8.507697,0.074225,-0.047352,-0.444622,-0.891381,-18.283939,132.501816,-0.940893,0.021369,0.80926,0.265294,-0.523699,1.461851,120.975769,6.171937,0.454609,0.601955,0.139371,-0.641527,9.620483,125.381004,-9.381597,0.260455,-0.104771,0.679759,-0.67758,3.984577,116.597923,-30.811039,0.263198,-0.613069,0.298668,-0.6824,2.724046,139.40773,-35.769211,0.00727,0.958274,0.280059,-0.056791,-13.36912,87.44165,13.30409,0.019744,0.995933,-0.05433,-0.069104,-15.067732,56.136642,-6.596759,-0.097544,0.952059,-0.040062,0.287166,-16.589567,8.628675,-1.290388,-0.053344,0.974651,-0.073154,-0.204594,2.86448,86.601646,3.433174,-0.035338,0.900865,-0.428059,-0.062922,7.837355,50.076443,7.917917,-0.08449,0.926136,-0.36759,0.003232,13.458962,19.895613,44.592091,-0.097544,0.952059,-0.040062,0.287166,-7.673238,2.296428,-12.337686,-0.08449,0.926136,-0.36759,0.003232,15.382896,5.769724,38.395424
682,5.683333,0.011477,0.963219,-0.040136,-0.265457,-5.252812,87.040268,8.361246,0.063891,0.923813,0.005572,-0.377435,-5.246568,94.810326,7.710865,0.049115,0.907171,0.087348,-0.408656,-3.525102,108.775795,7.176743,0.022466,0.964138,-0.044882,-0.260614,-0.544605,126.972595,9.374239,0.059687,0.988928,-0.102278,-0.08943,-1.210443,141.494675,6.290317,0.155827,0.910204,0.129952,-0.361054,-3.596542,121.133408,11.921867,-0.214539,0.901212,0.015638,0.376226,-16.103691,124.570755,24.556654,-0.074377,-0.264526,-0.394037,-0.877057,-30.997349,115.634285,8.233495,0.075792,-0.044775,-0.443497,-0.891942,-18.313124,132.496124,-1.123819,0.019882,0.812011,0.264059,-0.52011,1.432991,120.998611,6.216502,0.455968,0.603753,0.13957,-0.638824,9.729486,125.387703,-9.268519,0.260324,-0.102056,0.679671,-0.678133,4.199565,116.514656,-30.688507,0.264445,-0.609553,0.300853,-0.684106,2.907442,139.300995,-35.723793,0.006381,0.958556,0.279945,-0.052547,-13.419003,87.453117,13.215158,0.020742,0.996169,-0.055236,-0.064542,-14.965761,56.142471,-6.689204,-0.096625,0.951939,-0.040531,0.287807,-16.601219,8.64785,-1.297823,-0.05371,0.975337,-0.073052,-0.201236,2.913378,86.627419,3.507334,-0.035831,0.901337,-0.427328,-0.060808,7.895692,50.104012,7.996239,-0.084476,0.926568,-0.366504,0.003087,13.470557,19.866758,44.63105,-0.096625,0.951939,-0.040531,0.287807,-7.681154,2.295507,-12.330556,-0.084476,0.926568,-0.366504,0.003087,15.388944,5.754807,38.40099
683,5.691667,0.011483,0.96462,-0.040079,-0.260326,-5.268298,87.055626,8.344587,0.06285,0.925871,0.00613,-0.372526,-5.258272,94.82576,7.695071,0.048083,0.909375,0.086798,-0.40397,-3.554086,108.803627,7.195254,0.022359,0.965271,-0.045336,-0.256313,-0.627896,127.007713,9.405356,0.059435,0.98914,-0.103451,-0.085829,-1.279126,141.526398,6.302383,0.154766,0.912377,0.130123,-0.355927,-3.696217,121.165802,11.92691,-0.216136,0.899085,0.015413,0.380387,-16.348431,124.60228,24.416674,-0.071654,-0.260982,-0.395088,-0.877873,-31.059217,115.618172,7.95442,0.077713,-0.042282,-0.443839,-0.891729,-18.329062,132.490021,-1.314011,0.018531,0.814847,0.263328,-0.516082,1.392775,121.034027,6.274442,0.455104,0.606677,0.137682,-0.637077,9.84233,125.408768,-9.131684,0.259701,-0.098185,0.679462,-0.679151,4.456153,116.428223,-30.543501,0.266277,-0.606935,0.302644,-0.684933,3.114444,139.191696,-35.674782,0.005411,0.958984,0.279301,-0.048087,-13.485789,87.464699,13.111464,0.021676,0.996354,-0.055966,-0.06064,-14.868639,56.126457,-6.761512,-0.096021,0.951831,-0.040425,0.288382,-16.609831,8.643392,-1.301884,-0.054097,0.976162,-0.073012,-0.197105,2.949194,86.646561,3.577713,-0.036296,0.901757,-0.426635,-0.059159,7.939902,50.12582,8.078985,-0.084215,0.927054,-0.365335,0.00296,13.484973,19.835121,44.674152,-0.096021,0.951831,-0.040425,0.288382,-7.683172,2.289109,-12.32817,-0.084215,0.927054,-0.365335,0.00296,15.392626,5.737559,38.408318
684,5.7,0.011564,0.966088,-0.040094,-0.254821,-5.283349,87.073448,8.329575,0.062074,0.928039,0.006243,-0.367222,-5.268455,94.843521,7.679574,0.047484,0.911707,0.086421,-0.398831,-3.580595,108.823074,7.200559,0.022513,0.966533,-0.044607,-0.25163,-0.692666,127.031708,9.42347,0.058628,0.989359,-0.104911,-0.082012,-1.310987,141.554337,6.332235,0.152993,0.914415,0.129963,-0.351494,-3.785076,121.190323,11.916648,-0.217208,0.896943,0.014475,0.384844,-16.570621,124.60244,24.276636,-0.069668,-0.258054,-0.39641,-0.878301,-31.096691,115.580605,7.671608,0.079681,-0.039497,-0.443769,-0.891718,-18.34376,132.481888,-1.515947,0.01634,0.817752,0.262611,-0.511908,1.367551,121.056068,6.322185,0.457412,0.608692,0.138582,-0.633296,9.975248,125.440643,-8.993331,0.260446,-0.096045,0.679012,-0.679621,4.717656,116.351761,-30.39139,0.267724,-0.603899,0.303893,-0.686498,3.328238,139.088745,-35.605667,0.004402,0.959359,0.278885,-0.04282,-13.554742,87.480217,13.002499,0.022853,0.996495,-0.056824,-0.05698,-14.755316,56.123997,-6.853963,-0.095016,0.951657,-0.040738,0.289244,-16.623938,8.655203,-1.312926,-0.054358,0.976971,-0.073046,-0.192969,2.988043,86.666687,3.656651,-0.036774,0.90228,-0.42576,-0.057152,7.979002,50.148415,8.177656,-0.084146,0.927633,-0.363875,0.003301,13.480481,19.789759,44.723057,-0.095016,0.951657,-0.040738,0.289244,-7.689206,2.284641,-12.323271,-0.084146,0.927633,-0.363875,0.003301,15.3913,5.712296,38.413151
685,5.708333,0.011386,0.967585,-0.04028,-0.249053,-5.292445,87.096703,8.311232,0.061177,0.930284,0.006755,-0.361639,-5.277077,94.866608,7.659228,0.046283,0.914145,0.086003,-0.393447,-3.60494,108.845856,7.213034,0.022165,0.967788,-0.044912,-0.246737,-0.776889,127.06134,9.456606,0.058528,0.989584,-0.105973,-0.0779,-1.383245,141.581543,6.351627,0.151787,0.916636,0.130038,-0.346164,-3.888183,121.216133,11.917089,-0.218742,0.894562,0.014037,0.389505,-16.821693,124.624649,24.123171,-0.067119,-0.254347,-0.397619,-0.879035,-31.143808,115.557121,7.366553,0.081166,-0.03632,-0.444596,-0.891307,-18.348637,132.477509,-1.721423,0.014477,0.820914,0.261662,-0.507369,1.331055,121.087242,6.384592,0.457334,0.611594,0.137914,-0.630696,10.108397,125.464714,-8.836381,0.260402,-0.093021,0.678177,-0.680892,5.010821,116.277527,-30.231178,0.269787,-0.60119,0.305333,-0.687428,3.541893,138.988205,-35.523682,0.003796,0.959869,0.278035,-0.036519,-13.61918,87.497009,12.885383,0.023935,0.996689,-0.057558,-0.05221,-14.643909,56.105267,-6.924762,-0.094402,0.951503,-0.040668,0.289959,-16.638422,8.649355,-1.317726,-0.054458,0.977712,-0.073077,-0.189136,3.034289,86.696396,3.737081,-0.037739,0.902931,-0.424745,-0.053691,8.015141,50.179279,8.278461,-0.084337,0.928156,-0.362489,0.003902,13.456075,19.744926,44.76992,-0.094402,0.951503,-0.040668,0.289959,-7.693963,2.276231,-12.318681,-0.084337,0.928156,-0.362489,0.003902,15.381624,5.688167,38.41848
686,5.716667,0.011535,0.969164,-0.04017,-0.242848,-5.321482,87.12336,8.290892,0.060329,0.932562,0.007352,-0.355857,-5.299265,94.893349,7.6401,0.04513,0.91658,0.085838,-0.387912,-3.639687,108.883049,7.228266,0.022334,0.969052,-0.045005,-0.241688,-0.866733,127.103508,9.500111,0.058229,0.989785,-0.107196,-0.073778,-1.444047,141.622406,6.383534,0.150447,0.918902,0.130066,-0.340686,-3.999042,121.254372,11.924357,-0.220966,0.891843,0.013675,0.394465,-17.083481,124.656212,23.970394,-0.064103,-0.2506,-0.39944,-0.87951,-31.173628,115.519012,7.055716,0.083149,-0.032858,-0.444911,-0.891101,-18.35977,132.473358,-1.934521,0.013086,0.824497,0.260705,-0.502062,1.287596,121.131622,6.456086,0.457004,0.614589,0.137438,-0.628123,10.26032,125.481079,-8.658626,0.26054,-0.090187,0.67692,-0.68247,5.33154,116.207123,-30.05554,0.272275,-0.598416,0.306366,-0.688407,3.758845,138.891418,-35.420105,0.002925,0.960349,0.277163,-0.03004,-13.706199,87.521484,12.758066,0.024893,0.996843,-0.058413,-0.047671,-14.533143,56.093361,-7.003565,-0.094296,0.951413,-0.040832,0.290265,-16.640362,8.6514,-1.320172,-0.054919,0.97847,-0.073047,-0.185054,3.063234,86.725227,3.823717,-0.03797,0.903446,-0.4239,-0.051494,8.058071,50.211525,8.377184,-0.084588,0.928653,-0.361146,0.004589,13.42743,19.710222,44.823326,-0.094296,0.951413,-0.040832,0.290265,-7.690113,2.273796,-12.313821,-0.084588,0.928653,-0.361146,0.004589,15.370981,5.67408,38.431892
687,5.725,0.011513,0.970755,-0.040008,-0.236434,-5.344662,87.150299,8.266841,0.059802,0.935091,0.007539,-0.349243,-5.317876,94.920502,7.618737,0.044453,0.919408,0.085412,-0.381337,-3.66734,108.912491,7.228772,0.021396,0.970474,-0.044544,-0.23609,-0.939773,127.137909,9.515723,0.058032,0.990014,-0.108182,-0.069291,-1.512792,141.659378,6.410328,0.148612,0.921128,0.13018,-0.335398,-4.102452,121.28978,11.902679,-0.222208,0.889406,0.012808,0.399271,-17.33625,124.666061,23.791725,-0.061821,-0.246602,-0.400518,-0.880313,-31.218302,115.488525,6.727472,0.084921,-0.029813,-0.445715,-0.890639,-18.352568,132.463593,-2.14855,0.010426,0.828351,0.259632,-0.496303,1.262055,121.163513,6.510859,0.456733,0.617586,0.136554,-0.625569,10.445268,125.517258,-8.475653,0.261056,-0.087568,0.675143,-0.684371,5.680995,116.142891,-29.866072,0.275126,-0.595574,0.306608,-0.68963,3.974722,138.795334,-35.299728,0.001528,0.960727,0.2763,-0.025696,-13.787853,87.542747,12.623,0.025922,0.997,-0.05938,-0.042353,-14.424175,56.078678,-7.088428,-0.093175,0.95128,-0.040718,0.291079,-16.655722,8.652624,-1.320407,-0.055517,0.979175,-0.073237,-0.181027,3.09853,86.757851,3.910682,-0.038166,0.904005,-0.422992,-0.048943,8.120434,50.251114,8.490172,-0.08485,0.929231,-0.359589,0.005151,13.401079,19.677681,44.888798,-0.093175,0.95128,-0.040718,0.291079,-7.699423,2.268445,-12.305305,-0.08485,0.929231,-0.359589,0.005151,15.359751,5.66495,38.450783
688,5.733333,0.011557,0.972416,-0.039879,-0.229528,-5.3703,87.184456,8.244288,0.058617,0.937427,0.008899,-0.343096,-5.337782,94.954803,7.59819,0.043381,0.921841,0.085128,-0.375608,-3.701474,108.961166,7.266209,0.021574,0.971732,-0.045024,-0.230748,-1.02874,127.191887,9.575544,0.057749,0.990227,-0.109185,-0.064761,-1.573562,141.709595,6.447592,0.147271,0.923736,0.130059,-0.328797,-4.212804,121.340729,11.92637,-0.225291,0.886192,0.012725,0.404655,-17.619751,124.718765,23.619301,-0.057804,-0.241613,-0.403345,-0.880679,-31.229692,115.446686,6.387781,0.088484,-0.025023,-0.447282,-0.889654,-18.356113,132.484772,-2.356542,0.008731,0.832463,0.258384,-0.490068,1.219114,121.218781,6.602368,0.455408,0.621029,0.135523,-0.623346,10.626234,125.541306,-8.253735,0.261312,-0.084617,0.673204,-0.686551,6.051892,116.086067,-29.650021,0.279283,-0.592215,0.306493,-0.690902,4.199971,138.707458,-35.153179,0.000575,0.961186,0.275254,-0.018875,-13.874669,87.572258,12.480198,0.027121,0.997119,-0.060272,-0.037229,-14.301588,56.065189,-7.168097,-0.092156,0.951116,-0.040583,0.291956,-16.673708,8.655426,-1.322781,-0.055955,0.98002,-0.07339,-0.176194,3.13407,86.796661,4.008379,-0.038313,0.904702,-0.42184,-0.0458,8.167061,50.295216,8.617775,-0.085577,0.929829,-0.357842,0.006659,13.330749,19.629791,44.955753,-0.092156,0.951116,-0.040583,0.291956,-7.708641,2.266454,-12.297741,-0.085577,0.929829,-0.357842,0.006659,15.335113,5.64709,38.466709
689,5.741667,0.011772,0.974115,-0.039921,-0.222188,-5.398836,87.217033,8.218802,0.05804,0.940074,0.009736,-0.335854,-5.358336,94.987251,7.571579,0.042295,0.924784,0.084612,-0.368548,-3.726985,108.994003,7.279933,0.021634,0.973143,-0.044861,-0.22475,-1.116192,127.23143,9.607109,0.057299,0.990456,-0.109869,-0.060357,-1.628386,141.74942,6.474932,0.145491,0.926213,0.130187,-0.322511,-4.327618,121.378563,11.916095,-0.227821,0.882949,0.012381,0.410298,-17.901707,124.73819,23.419968,-0.054658,-0.236381,-0.406021,-0.881069,-31.23777,115.391136,6.015681,0.091503,-0.020488,-0.449181,-0.888506,-18.346804,132.499619,-2.573328,0.006015,0.836675,0.2572,-0.483516,1.18565,121.257927,6.67635,0.454645,0.624404,0.134459,-0.620756,10.825244,125.579369,-8.030299,0.261821,-0.08162,0.670906,-0.688965,6.437614,116.025337,-29.421806,0.282961,-0.588488,0.306059,-0.692779,4.41881,138.606796,-34.998016,-0.000652,0.96156,0.274295,-0.012806,-13.96617,87.603798,12.325971,0.028333,0.997191,-0.061269,-0.032472,-14.180467,56.057594,-7.262917,-0.090967,0.950889,-0.04079,0.293039,-16.692743,8.665848,-1.330676,-0.056531,0.980738,-0.073862,-0.171763,3.168498,86.830269,4.111634,-0.037823,0.905424,-0.420568,-0.043592,8.22827,50.338806,8.770425,-0.086468,0.93058,-0.355636,0.008226,13.25771,19.567284,45.037476,-0.090967,0.950889,-0.04079,0.293039,-7.716568,2.261951,-12.287847,-0.086468,0.93058,-0.355636,0.008226,15.311803,5.621942,38.483913
690,5.75,0.012064,0.975835,-0.039756,-0.214521,-5.435248,87.260284,8.194464,0.057127,0.942674,0.010883,-0.328608,-5.384661,95.030594,7.549111,0.041488,0.927587,0.084341,-0.361591,-3.763689,109.04837,7.30884,0.021422,0.974435,-0.045149,-0.219042,-1.201789,127.290009,9.657228,0.057283,0.990629,-0.110501,-0.056233,-1.693514,141.805573,6.510533,0.143789,0.928877,0.130226,-0.315522,-4.443234,121.436928,11.923346,-0.229817,0.879874,0.011765,0.415774,-18.196634,124.785843,23.215406,-0.051205,-0.231135,-0.407585,-0.881946,-31.273499,115.379509,5.647148,0.094167,-0.016013,-0.450749,-0.887525,-18.330385,132.514908,-2.797387,0.003498,0.841221,0.255697,-0.476398,1.148337,121.315422,6.767267,0.455352,0.627474,0.135259,-0.616956,11.036234,125.620316,-7.778499,0.262922,-0.078934,0.668556,-0.69114,6.84211,115.977791,-29.169104,0.287349,-0.583212,0.305129,-0.695838,4.65747,138.509277,-34.825932,-0.002049,0.961965,0.27307,-0.00723,-14.066116,87.646362,12.166447,0.029498,0.997269,-0.062098,-0.02698,-14.066362,56.050621,-7.343623,-0.089929,0.950639,-0.041018,0.294137,-16.720074,8.675101,-1.343748,-0.057086,0.981715,-0.074077,-0.165803,3.195621,86.874207,4.222481,-0.038393,0.906268,-0.419122,-0.039246,8.269893,50.389778,8.920458,-0.087094,0.931264,-0.353639,0.010104,13.17153,19.506264,45.109718,-0.089929,0.950639,-0.041018,0.294137,-7.730695,2.25737,-12.281977,-0.087094,0.931264,-0.353639,0.010104,15.276986,5.595683,38.498837
691,5.758333,0.012234,0.977546,-0.039698,-0.206586,-5.477737,87.305222,8.171648,0.056978,0.945493,0.011769,-0.320403,-5.419135,95.075539,7.527073,0.040447,0.930829,0.083636,-0.35345,-3.792426,109.090401,7.325942,0.021334,0.97589,-0.044618,-0.212586,-1.296269,127.3396,9.686337,0.057045,0.990806,-0.111116,-0.051981,-1.754854,141.857803,6.546825,0.141811,0.931412,0.130056,-0.308944,-4.569284,121.48616,11.90564,-0.232101,0.876405,0.011034,0.421808,-18.491907,124.814499,22.994581,-0.047938,-0.225678,-0.409696,-0.882565,-31.277534,115.339409,5.249794,0.096576,-0.010774,-0.451973,-0.886723,-18.299267,132.525085,-3.035621,0.000513,0.845966,0.254013,-0.468848,1.112147,121.363106,6.848786,0.453666,0.631287,0.133257,-0.614741,11.258924,125.660385,-7.519867,0.261849,-0.074425,0.666302,-0.694217,7.267953,115.912888,-28.901762,0.29129,-0.57661,0.304682,-0.699886,4.911107,138.403915,-34.631241,-0.003536,0.962347,0.271796,-0.001467,-14.17208,87.688606,12.002966,0.030587,0.997326,-0.06294,-0.021067,-13.948934,56.041962,-7.423122,-0.088253,0.95039,-0.041013,0.295446,-16.740124,8.682775,-1.357052,-0.057976,0.982573,-0.074352,-0.160189,3.216606,86.921829,4.340329,-0.038724,0.907191,-0.417508,-0.034532,8.33192,50.448048,9.076328,-0.088189,0.931878,-0.351677,0.012205,13.071364,19.437838,45.178749,-0.088253,0.95039,-0.041013,0.295446,-7.739945,2.250987,-12.278126,-0.088189,0.931878,-0.351677,0.012205,15.243369,5.564088,38.51223
692,5.766667,0.012571,0.979327,-0.039136,-0.19806,-5.524204,87.35807,8.12746,0.056453,0.948331,0.013184,-0.311941,-5.453099,95.128952,7.490943,0.039509,0.933997,0.083423,-0.345151,-3.824339,109.160805,7.346689,0.021182,0.977271,-0.044992,-0.20608,-1.384482,127.414116,9.734027,0.056955,0.990991,-0.111425,-0.047717,-1.817227,141.929245,6.576718,0.13964,0.934169,0.130185,-0.301464,-4.692107,121.560204,11.900139,-0.234708,0.872681,0.01056,0.428052,-18.802217,124.863037,22.757301,-0.043935,-0.219593,-0.412494,-0.883005,-31.276894,115.314316,4.831578,0.100529,-0.004511,-0.45362,-0.885496,-18.281965,132.565399,-3.27911,-0.002562,0.85075,0.252157,-0.461124,1.078663,121.436859,6.945489,0.45278,0.635011,0.131444,-0.611943,11.485349,125.726715,-7.238302,0.260941,-0.069571,0.663981,-0.69728,7.696277,115.854858,-28.599865,0.295038,-0.569082,0.304931,-0.704354,5.163348,138.297729,-34.418671,-0.004937,0.962819,0.270068,0.004186,-14.283993,87.739601,11.80688,0.031604,0.997347,-0.0639,-0.014717,-13.846968,56.024307,-7.50327,-0.087312,0.950076,-0.041164,0.296713,-16.77211,8.682812,-1.362634,-0.058994,0.983676,-0.074778,-0.152674,3.235584,86.976532,4.448042,-0.038391,0.908106,-0.415809,-0.031191,8.393329,50.516308,9.242046,-0.090084,0.932361,-0.349845,0.014023,12.968776,19.368229,45.246799,-0.087312,0.950076,-0.041164,0.296713,-7.75355,2.24065,-12.262412,-0.090084,0.932361,-0.349845,0.014023,15.218358,5.531979,38.528267
693,5.775,0.012835,0.981134,-0.038381,-0.189048,-5.565043,87.423416,8.078733,0.05604,0.95131,0.014705,-0.302743,-5.481817,95.195107,7.453662,0.038175,0.937412,0.082837,-0.336064,-3.851769,109.210114,7.369696,0.021055,0.978689,-0.044226,-0.199422,-1.488798,127.470886,9.777214,0.057162,0.991081,-0.112039,-0.04403,-1.887239,141.990158,6.634495,0.137455,0.936899,0.129616,-0.294153,-4.828482,121.614609,11.887034,-0.238759,0.867859,0.010166,0.435558,-19.11821,124.897644,22.512825,-0.040416,-0.213563,-0.416606,-0.882721,-31.192446,115.230881,4.37739,0.102748,0.001388,-0.455045,-0.884519,-18.233562,132.598083,-3.544549,-0.005701,0.855614,0.250656,-0.452841,1.038053,121.493706,7.046088,0.451756,0.638917,0.129974,-0.60894,11.717961,125.781036,-6.933917,0.259324,-0.063708,0.661647,-0.700654,8.147794,115.794563,-28.279915,0.297148,-0.560537,0.304164,-0.710623,5.435978,138.174072,-34.19701,-0.006475,0.963275,0.268254,0.00999,-14.391057,87.800888,11.59678,0.032643,0.997323,-0.064918,-0.008157,-13.728809,56.014347,-7.589427,-0.084767,0.949894,-0.04112,0.298036,-16.792253,8.691782,-1.370855,-0.060102,0.98455,-0.075527,-0.146096,3.260971,87.045952,4.560688,-0.038844,0.909183,-0.41383,-0.024956,8.475134,50.603878,9.43111,-0.09086,0.933055,-0.34766,0.016926,12.841211,19.302052,45.328384,-0.084767,0.949894,-0.04112,0.298036,-7.77306,2.227226,-12.256853,-0.09086,0.933055,-0.34766,0.016926,15.168068,5.507776,38.550129
694,5.783333,0.012978,0.982933,-0.038045,-0.179518,-5.606965,87.492958,8.041701,0.055009,0.954247,0.016437,-0.293455,-5.514544,95.264992,7.422213,0.037237,0.94067,0.08241,-0.327051,-3.89602,109.291412,7.409326,0.021117,0.980004,-0.044044,-0.192888,-1.594122,127.557442,9.83609,0.057448,0.991155,-0.112581,-0.040462,-1.957038,142.077103,6.690821,0.135317,0.939756,0.129347,-0.286036,-4.969098,121.701385,11.88961,-0.241962,0.863297,0.009826,0.442805,-19.450491,124.966797,22.258228,-0.036414,-0.207283,-0.419464,-0.883039,-31.147844,115.216492,3.921649,0.105274,0.006985,-0.456669,-0.883358,-18.178663,132.654434,-3.818817,-0.008239,0.860649,0.248802,-0.4442,0.989432,121.578529,7.162415,0.451056,0.64295,0.128929,-0.605426,11.948757,125.83773,-6.608358,0.25857,-0.059539,0.658758,-0.704013,8.612161,115.73391,-27.936905,0.301075,-0.553086,0.305083,-0.714404,5.699752,138.061218,-33.920433,-0.007775,0.963739,0.266263,0.015861,-14.499699,87.865433,11.388061,0.033626,0.997266,-0.065744,-0.002616,-13.629542,56.001236,-7.660528,-0.08345,0.949603,-0.041097,0.299334,-16.820759,8.695218,-1.38059,-0.06157,0.985559,-0.076086,-0.13818,3.285769,87.120476,4.695342,-0.038995,0.910273,-0.411734,-0.01892,8.573259,50.697983,9.632657,-0.091848,0.933755,-0.345354,0.019895,12.713758,19.231781,45.412743,-0.08345,0.949603,-0.041097,0.299334,-7.786817,2.22076,-12.248446,-0.091848,0.933755,-0.345354,0.019895,15.123798,5.482709,38.572002
695,5.791667,0.013199,0.984708,-0.037646,-0.169586,-5.655898,87.571503,7.998236,0.054443,0.95722,0.017887,-0.28363,-5.552776,95.34391,7.385236,0.036144,0.944033,0.08213,-0.317411,-3.936816,109.379936,7.432734,0.02115,0.981326,-0.043461,-0.186181,-1.701389,127.650658,9.886192,0.057879,0.991197,-0.11311,-0.037205,-2.026535,142.173218,6.750199,0.132973,0.942627,0.129577,-0.277457,-5.112535,121.793732,11.876514,-0.244247,0.858694,0.008319,0.450465,-19.791784,125.031052,21.97213,-0.033209,-0.200719,-0.421947,-0.883499,-31.109991,115.211525,3.43563,0.107998,0.012443,-0.458207,-0.882172,-18.112888,132.719833,-4.100358,-0.011034,0.865519,0.247543,-0.435291,0.94174,121.671234,7.272567,0.450365,0.64683,0.127035,-0.602199,12.182899,125.919388,-6.272604,0.257861,-0.056142,0.655975,-0.707144,9.061758,115.679237,-27.568727,0.306216,-0.545851,0.30679,-0.717048,5.962902,137.95134,-33.595753,-0.009437,0.964111,0.264398,0.022228,-14.614466,87.940094,11.164594,0.034816,0.997154,-0.066789,0.003381,-13.502253,56.004524,-7.751421,-0.081598,0.949333,-0.041567,0.300635,-16.844706,8.719561,-1.392166,-0.063417,0.986396,-0.077174,-0.130557,3.30267,87.202911,4.831879,-0.039012,0.911518,-0.40922,-0.012317,8.69673,50.809944,9.870593,-0.092634,0.934586,-0.342691,0.023029,12.580374,19.146442,45.505135,-0.081598,0.949333,-0.041567,0.300635,-7.803336,2.216591,-12.236802,-0.092634,0.934586,-0.342691,0.023029,15.072523,5.448048,38.592522
696,5.8,0.013523,0.986465,-0.036945,-0.159183,-5.717075,87.654739,7.947089,0.053956,0.960194,0.019529,-0.273378,-5.600753,95.427834,7.345181,0.034879,0.947431,0.081768,-0.307363,-3.985004,109.471634,7.458331,0.021143,0.98263,-0.043029,-0.179273,-1.824302,127.747894,9.937343,0.058676,0.99124,-0.113358,-0.033925,-2.112749,142.2724,6.806789,0.130971,0.945575,0.129993,-0.268023,-5.270054,121.889091,11.861424,-0.24714,0.85374,0.007582,0.45825,-20.154812,125.112274,21.656168,-0.029343,-0.19347,-0.424542,-0.884009,-31.06805,115.219688,2.916771,0.110706,0.018222,-0.459864,-0.880873,-18.040878,132.797607,-4.399745,-0.013906,0.870715,0.246071,-0.425572,0.881099,121.7687,7.387678,0.449769,0.650781,0.125122,-0.598779,12.42265,125.999657,-5.907946,0.257899,-0.05306,0.652692,-0.710398,9.522896,115.617882,-27.166763,0.310948,-0.539751,0.308237,-0.719006,6.210444,137.829544,-33.245018,-0.011024,0.964526,0.262121,0.029337,-14.74052,88.020287,10.923898,0.035683,0.996992,-0.06787,0.011284,-13.379753,55.998093,-7.828725,-0.079421,0.949232,-0.041588,0.301532,-16.855972,8.732885,-1.39469,-0.065593,0.987333,-0.077989,-0.121613,3.306371,87.2892,4.97028,-0.039455,0.912716,-0.406661,-0.004331,8.82048,50.92646,10.096581,-0.092341,0.935255,-0.340602,0.02758,12.433645,19.066578,45.584236,-0.079421,0.949232,-0.041588,0.301532,-7.819901,2.208535,-12.230894,-0.092341,0.935255,-0.340602,0.02758,15.0181,5.410847,38.621284
697,5.808333,0.013577,0.988168,-0.036496,-0.148347,-5.768714,87.746063,7.899684,0.052742,0.963216,0.021104,-0.262657,-5.643917,95.519646,7.305867,0.034183,0.950814,0.081608,-0.296857,-4.050323,109.569786,7.489021,0.021296,0.983894,-0.042773,-0.172251,-1.943498,127.848801,9.993954,0.059402,0.991276,-0.113544,-0.030832,-2.191113,142.374054,6.863342,0.128944,0.948526,0.130218,-0.258293,-5.431359,121.992424,11.84825,-0.249938,0.848526,0.006737,0.466358,-20.520643,125.20369,21.32893,-0.02567,-0.186154,-0.42698,-0.88452,-31.010204,115.243507,2.384505,0.112749,0.023822,-0.462014,-0.879354,-17.950888,132.889191,-4.706944,-0.017005,0.875882,0.244855,-0.415437,0.8171,121.866524,7.511605,0.4494,0.654836,0.123328,-0.594996,12.66387,126.089798,-5.515295,0.25842,-0.050389,0.649076,-0.713709,9.995223,115.559135,-26.73111,0.315642,-0.534218,0.309229,-0.720666,6.453857,137.701584,-32.857021,-0.012701,0.964933,0.259649,0.036398,-14.855507,88.104179,10.678092,0.036799,0.996792,-0.068726,0.018141,-13.243432,55.989136,-7.894953,-0.077935,0.949021,-0.041869,0.302544,-16.871443,8.742872,-1.405866,-0.067717,0.988275,-0.078941,-0.111782,3.318079,87.387939,5.121277,-0.039434,0.913967,-0.403861,0.002468,8.943643,51.057327,10.353181,-0.092858,0.936041,-0.338004,0.030936,12.295882,18.980148,45.670284,-0.077935,0.949021,-0.041869,0.302544,-7.830128,2.19804,-12.225336,-0.092858,0.936041,-0.338004,0.030936,14.962477,5.374846,38.639919
698,5.816667,0.013424,0.989809,-0.035988,-0.137125,-5.814187,87.846481,7.849394,0.05148,0.966295,0.022587,-0.251224,-5.683942,95.620705,7.265189,0.033372,0.954324,0.08137,-0.285537,-4.115869,109.678963,7.516834,0.021158,0.98519,-0.042162,-0.164851,-2.070158,127.961441,10.046941,0.060423,0.991274,-0.113824,-0.027717,-2.281714,142.489792,6.928068,0.126587,0.95146,0.130325,-0.248425,-5.600677,122.107193,11.825691,-0.253148,0.842963,0.006413,0.474646,-20.892859,125.296532,20.983168,-0.022136,-0.178992,-0.429717,-0.884769,-30.933657,115.268967,1.832257,0.114571,0.028612,-0.462305,-0.878822,-17.865055,132.989288,-5.034095,-0.02,0.881615,0.242838,-0.40421,0.748912,121.976151,7.63867,0.449076,0.658519,0.121806,-0.591478,12.924925,126.169464,-5.090937,0.259857,-0.048898,0.644854,-0.71711,10.469131,115.50647,-26.266319,0.321566,-0.529259,0.311025,-0.720932,6.670061,137.577774,-32.421211,-0.014453,0.965164,0.257557,0.043741,-14.961985,88.193016,10.421429,0.037887,0.99648,-0.069984,0.026369,-13.089334,56.001156,-7.993518,-0.076232,0.948883,-0.04276,0.303283,-16.877161,8.779346,-1.418287,-0.070002,0.989072,-0.08005,-0.102122,3.33361,87.499947,5.277359,-0.039834,0.915267,-0.400719,0.011086,9.082818,51.205803,10.626641,-0.093488,0.936788,-0.335394,0.034644,12.145344,18.889894,45.751904,-0.076232,0.948883,-0.04276,0.303283,-7.84096,2.195138,-12.218122,-0.093488,0.936788,-0.335394,0.034644,14.904557,5.33732,38.655735
699,5.825,0.013376,0.991374,-0.035565,-0.125431,-5.874531,87.964394,7.800023,0.050244,0.969284,0.024575,-0.2395,-5.737301,95.739105,7.224031,0.03259,0.957747,0.081095,-0.274012,-4.193829,109.788811,7.557341,0.021592,0.986421,-0.041372,-0.157464,-2.209326,128.074875,10.110265,0.061376,0.991256,-0.114101,-0.025003,-2.367725,142.60704,7.006115,0.124552,0.954487,0.130678,-0.237412,-5.781703,122.223053,11.811772,-0.256041,0.836871,0.004672,0.483806,-21.286163,125.404861,20.607775,-0.019246,-0.171626,-0.432364,-0.885006,-30.838177,115.298012,1.249634,0.115626,0.03351,-0.463,-0.878145,-17.757093,133.098877,-5.37222,-0.023161,0.887308,0.241049,-0.392483,0.666785,122.086266,7.778924,0.447806,0.662756,0.11932,-0.588207,13.176197,126.256729,-4.630901,0.260597,-0.046466,0.640431,-0.720957,10.958674,115.454468,-25.761938,0.327121,-0.523634,0.310904,-0.722592,6.888772,137.443085,-31.951969,-0.015807,0.965326,0.255195,0.052644,-15.080738,88.301422,10.155809,0.038714,0.99608,-0.071157,0.035522,-12.949744,56.022667,-8.078053,-0.074307,0.948719,-0.043831,0.304121,-16.880257,8.822751,-1.429763,-0.072784,0.9898,-0.081197,-0.091681,3.331677,87.627365,5.444237,-0.040293,0.916593,-0.397288,0.019917,9.234956,51.376457,10.917445,-0.094564,0.937389,-0.333058,0.037846,12.010808,18.802162,45.82719,-0.074307,0.948719,-0.043831,0.304121,-7.850091,2.192458,-12.20642,-0.094564,0.937389,-0.333058,0.037846,14.861217,5.29919,38.672752
700,5.833333,0.013007,0.992854,-0.034765,-0.113413,-5.924772,88.08094,7.745005,0.048854,0.972283,0.025805,-0.227184,-5.784873,95.856682,7.183734,0.031678,0.961178,0.081441,-0.261728,-4.274868,109.919228,7.579656,0.021955,0.987642,-0.040873,-0.149703,-2.352384,128.205368,10.178993,0.062487,0.991232,-0.114279,-0.022269,-2.459351,142.739548,7.082014,0.122087,0.957582,0.131209,-0.225644,-5.968372,122.354652,11.789692,-0.259225,0.830419,0.0037,0.493145,-21.692198,125.516281,20.194895,-0.015929,-0.16334,-0.434908,-0.885393,-30.731058,115.341362,0.627133,0.116402,0.038377,-0.465673,-0.876428,-17.61743,133.230057,-5.726726,-0.026431,0.893595,0.238125,-0.379587,0.581133,122.215698,7.923132,0.447031,0.66664,0.117578,-0.584747,13.445246,126.344505,-4.132971,0.261914,-0.044815,0.635545,-0.724897,11.454217,115.415718,-25.221466,0.333992,-0.517005,0.311806,-0.723832,7.091983,137.319962,-31.432676,-0.017701,0.965491,0.252502,0.061286,-15.185759,88.401512,9.877841,0.040158,0.995632,-0.072209,0.043466,-12.767211,56.025906,-8.147242,-0.071364,0.948563,-0.044056,0.305277,-16.891994,8.851311,-1.437225,-0.075684,0.990483,-0.0824,-0.080155,3.336214,87.760368,5.61217,-0.040844,0.91783,-0.393726,0.029997,9.394111,51.556061,11.223107,-0.095647,0.938085,-0.330334,0.041562,11.850265,18.716494,45.907547,-0.071364,0.948563,-0.044056,0.305277,-7.871228,2.186878,-12.200691,-0.095647,0.938085,-0.330334,0.041562,14.803197,5.271323,38.686146
701,5.841667,0.012582,0.994255,-0.034119,-0.100673,-5.978558,88.201355,7.681994,0.047429,0.975206,0.028284,-0.214299,-5.837046,95.977959,7.13323,0.03043,0.964612,0.081142,-0.249025,-4.355289,110.053993,7.626633,0.022492,0.988842,-0.040803,-0.141493,-2.514652,128.344818,10.252131,0.063789,0.991217,-0.114258,-0.019114,-2.564875,142.878143,7.149704,0.11999,0.960562,0.131705,-0.213489,-6.167884,122.493553,11.774387,-0.262493,0.823793,0.0025,0.50245,-22.103395,125.64933,19.773304,-0.012163,-0.155642,-0.437498,-0.885564,-30.619387,115.400864,0.010358,0.11778,0.043458,-0.466326,-0.87566,-17.498865,133.36319,-6.103327,-0.02912,0.899117,0.236447,-0.367197,0.481507,122.354385,8.082256,0.445455,0.67149,0.114982,-0.580905,13.675308,126.446877,-3.624882,0.261282,-0.04118,0.630863,-0.729416,11.964844,115.37175,-24.661589,0.338852,-0.508454,0.310168,-0.72832,7.318346,137.181549,-30.904156,-0.019525,0.965576,0.249635,0.07046,-15.291622,88.504578,9.577385,0.04162,0.995116,-0.073271,0.05141,-12.585165,56.027119,-8.222132,-0.070133,0.948271,-0.044834,0.306356,-16.907179,8.878747,-1.452274,-0.078934,0.990938,-0.084001,-0.068962,3.334506,87.898132,5.786604,-0.040969,0.919126,-0.389818,0.039623,9.573886,51.750935,11.564408,-0.095948,0.938858,-0.327477,0.045801,11.698373,18.619486,45.992218,-0.070133,0.948271,-0.044834,0.306356,-7.877995,2.183776,-12.189696,-0.095948,0.938858,-0.327477,0.045801,14.749482,5.232985,38.702957
702,5.85,0.01208,0.9955,-0.033212,-0.087927,-6.027856,88.333931,7.623643,0.045844,0.978127,0.03028,-0.20062,-5.88587,96.111694,7.091486,0.029974,0.968077,0.081157,-0.235249,-4.443176,110.193802,7.670127,0.02275,0.990012,-0.040643,-0.133066,-2.656424,128.485565,10.326166,0.064972,0.991199,-0.114164,-0.016424,-2.656499,143.018753,7.222705,0.117317,0.963605,0.132059,-0.200657,-6.358205,122.640213,11.750746,-0.26522,0.817116,0.001028,0.511839,-22.50914,125.77459,19.31414,-0.009066,-0.147634,-0.439922,-0.885771,-30.502537,115.468658,-0.636311,0.118835,0.048414,-0.46736,-0.874705,-17.366816,133.510406,-6.486291,-0.032107,0.904934,0.233939,-0.354029,0.3931,122.489212,8.24894,0.44402,0.67582,0.112864,-0.577387,13.924202,126.540817,-3.081363,0.260152,-0.037432,0.625885,-0.734294,12.468877,115.342392,-24.071943,0.343831,-0.497414,0.309186,-0.734005,7.523498,137.058136,-30.333912,-0.021377,0.965564,0.246785,0.079537,-15.386868,88.618156,9.280654,0.043048,0.994425,-0.074353,0.061134,-12.396116,56.041241,-8.290136,-0.068247,0.947997,-0.045817,0.307482,-16.925772,8.919704,-1.469319,-0.082413,0.991333,-0.085428,-0.056287,3.331157,88.049713,5.966631,-0.041002,0.920341,-0.385816,0.049367,9.755878,51.962151,11.911695,-0.094595,0.939679,-0.324679,0.051367,11.543643,18.534037,46.07082,-0.068247,0.947997,-0.045817,0.307482,-7.895716,2.182085,-12.179298,-0.094595,0.939679,-0.324679,0.051367,14.689324,5.202381,38.721485
703,5.858333,0.011693,0.996598,-0.032323,-0.074911,-6.071249,88.47213,7.571204,0.043034,0.98089,0.032518,-0.186935,-5.927281,96.250931,7.055205,0.029496,0.97133,0.080706,-0.221663,-4.559026,110.335732,7.731049,0.023618,0.991114,-0.040322,-0.124537,-2.830541,128.631256,10.399667,0.066372,0.991158,-0.114106,-0.013458,-2.761641,143.164749,7.298346,0.115527,0.966475,0.132609,-0.187071,-6.575868,122.791908,11.732041,-0.269017,0.809739,-0.000569,0.521491,-22.932682,125.937042,18.834494,-0.005205,-0.139711,-0.442577,-0.885765,-30.353964,115.538597,-1.288231,0.119645,0.052984,-0.467807,-0.874091,-17.223347,133.6577,-6.891197,-0.035018,0.910752,0.231748,-0.339997,0.27031,122.628189,8.42015,0.442505,0.680613,0.111353,-0.573197,14.147038,126.636711,-2.500027,0.257835,-0.032618,0.620508,-0.739883,12.985497,115.322151,-23.446602,0.34791,-0.483411,0.309334,-0.74134,7.720867,136.927872,-29.724766,-0.023092,0.965414,0.24375,0.0896,-15.470746,88.739792,8.983805,0.044641,0.993694,-0.075203,0.070168,-12.193041,56.057983,-8.339272,-0.065578,0.947706,-0.046743,0.308816,-16.940971,8.961967,-1.490715,-0.085959,0.991522,-0.087017,-0.04386,3.328247,88.20446,6.158603,-0.041185,0.921515,-0.381406,0.06036,9.941604,52.181602,12.286393,-0.092269,0.940427,-0.321956,0.058551,11.36986,18.431255,46.144253,-0.065578,0.947706,-0.046743,0.308816,-7.914961,2.175438,-12.173191,-0.092269,0.940427,-0.321956,0.058551,14.627639,5.154087,38.745285
704,5.866667,0.01138,0.997571,-0.031321,-0.061168,-6.119288,88.605125,7.514846,0.04074,0.983569,0.03491,-0.172377,-5.972136,96.38504,7.016745,0.028891,0.97457,0.080507,-0.207117,-4.664494,110.490036,7.791745,0.024211,0.992177,-0.040619,-0.115538,-2.999512,128.788071,10.483469,0.067863,0.991113,-0.113933,-0.010411,-2.869501,143.318176,7.368322,0.113141,0.969283,0.133148,-0.173094,-6.788188,122.954002,11.7124,-0.271984,0.802366,-0.002438,0.531251,-23.347071,126.090881,18.333996,-0.001716,-0.131854,-0.444741,-0.885899,-30.201998,115.625908,-1.954463,0.120407,0.057482,-0.467631,-0.873796,-17.065729,133.807312,-7.306541,-0.037736,0.916365,0.229253,-0.326028,0.153418,122.77932,8.606084,0.440421,0.685422,0.109017,-0.569511,14.359915,126.738464,-1.900239,0.253713,-0.027048,0.615118,-0.746008,13.486944,115.307602,-22.797623,0.351545,-0.466219,0.310665,-0.750028,7.904437,136.811234,-29.071272,-0.024822,0.965236,0.240417,0.099512,-15.554491,88.857445,8.668513,0.046187,0.992916,-0.075945,0.078851,-11.998315,56.061916,-8.382585,-0.062428,0.947362,-0.04709,0.310467,-16.957867,8.99007,-1.517835,-0.089818,0.991552,-0.088626,-0.03005,3.315914,88.352798,6.361179,-0.041083,0.922668,-0.376673,0.071516,10.127966,52.401306,12.687233,-0.08715,0.9413,-0.318659,0.069396,11.177111,18.306927,46.212646,-0.062428,0.947362,-0.04709,0.310467,-7.933305,2.165213,-12.177094,-0.08715,0.9413,-0.318659,0.069396,14.573453,5.091218,38.766106
705,5.875,0.010596,0.998368,-0.030162,-0.047322,-6.151367,88.742111,7.458046,0.037638,0.986051,0.037477,-0.157742,-6.008651,96.523407,6.980637,0.028407,0.97761,0.079911,-0.192575,-4.786767,110.643478,7.861538,0.025035,0.993161,-0.040442,-0.106622,-3.183832,128.946106,10.559758,0.069628,0.99105,-0.113642,-0.007533,-2.984646,143.475464,7.444807,0.110908,0.971955,0.133661,-0.158547,-7.013163,123.118446,11.689116,-0.274085,0.794871,-0.005983,0.541315,-23.764874,126.254906,17.806715,0.001281,-0.124084,-0.44643,-0.886173,-30.050564,115.714836,-2.626704,0.121188,0.061852,-0.46814,-0.873117,-16.889685,133.956329,-7.725379,-0.040695,0.922012,0.226869,-0.311076,0.017296,122.930077,8.790359,0.43692,0.690659,0.105382,-0.566556,14.560374,126.844719,-1.26233,0.248505,-0.020697,0.609222,-0.752772,13.993804,115.305618,-22.110722,0.354475,-0.448144,0.312529,-0.758841,8.069963,136.695313,-28.374723,-0.026373,0.964924,0.237002,0.1098,-15.615463,88.970444,8.35046,0.047666,0.991926,-0.077003,0.088771,-11.792801,56.059753,-8.418754,-0.058874,0.947281,-0.047168,0.311396,-16.969378,9.016651,-1.517279,-0.093903,0.991319,-0.09053,-0.016552,3.312729,88.513779,6.565632,-0.040791,0.923697,-0.371503,0.084294,10.337463,52.643349,13.115284,-0.080109,0.941984,-0.315052,0.083613,10.946167,18.17671,46.268887,-0.058874,0.947281,-0.047168,0.311396,-7.967598,2.154638,-12.171948,-0.080109,0.941984,-0.315052,0.083613,14.520105,5.027453,38.787907
706,5.883333,0.009636,0.999001,-0.028643,-0.032923,-6.183692,88.883293,7.400449,0.03533,0.988375,0.039814,-0.142413,-6.048278,96.666283,6.949272,0.027721,0.980565,0.079508,-0.177209,-4.894407,110.799965,7.92494,0.026003,0.994114,-0.040471,-0.097077,-3.361581,129.1064,10.637973,0.071004,0.991003,-0.113371,-0.004341,-3.086462,143.633423,7.517912,0.108901,0.974383,0.134891,-0.143257,-7.229131,123.283813,11.657871,-0.278427,0.787097,-0.006075,0.550382,-24.163925,126.426819,17.245024,0.00618,-0.115052,-0.448706,-0.886221,-29.863384,115.820419,-3.325534,0.122831,0.065812,-0.468906,-0.872186,-16.702503,134.122742,-8.154728,-0.043748,0.927489,0.224347,-0.295835,-0.111643,123.084618,8.980694,0.434378,0.695544,0.103109,-0.562941,14.757085,126.957642,-0.600675,0.244408,-0.015967,0.602738,-0.759418,14.490734,115.321907,-21.401304,0.358013,-0.430028,0.315078,-0.766569,8.204029,136.588531,-27.628983,-0.027356,0.964284,0.233271,0.122447,-15.67013,89.084305,8.020699,0.049357,0.990862,-0.077608,0.098663,-11.589679,56.047207,-8.436316,-0.059802,0.946503,-0.048812,0.313328,-17.00025,9.028753,-1.546362,-0.0981,0.990878,-0.092372,-0.002312,3.302746,88.682281,6.780199,-0.040269,0.92458,-0.365931,0.098109,10.537804,52.896713,13.561074,-0.072793,0.942263,-0.311117,0.100244,10.665078,18.032948,46.302212,-0.059802,0.946503,-0.048812,0.313328,-7.946393,2.138248,-12.138325,-0.072793,0.942263,-0.311117,0.100244,14.467974,4.959756,38.800831
707,5.891667,0.008515,0.999409,-0.027723,-0.018442,-6.196422,89.025482,7.3684,0.032308,0.990473,0.041769,-0.127179,-6.071682,96.809601,6.933882,0.027254,0.983235,0.079059,-0.162037,-5.009903,110.958771,7.99426,0.026247,0.994962,-0.040382,-0.087927,-3.538881,129.268784,10.717248,0.073112,0.990888,-0.113109,-0.00136,-3.210517,143.795044,7.598697,0.106645,0.976641,0.136082,-0.127597,-7.443063,123.452736,11.629157,-0.283117,0.779336,-0.005279,0.558975,-24.549088,126.595833,16.667706,0.011542,-0.105786,-0.450751,-0.886284,-29.66856,115.936935,-4.027858,0.124408,0.069837,-0.47009,-0.871011,-16.507086,134.288132,-8.587605,-0.047079,0.932716,0.222006,-0.280246,-0.246874,123.239944,9.17249,0.432938,0.700129,0.101915,-0.558567,14.936129,127.083351,0.084759,0.241448,-0.012131,0.595944,-0.765772,14.963202,115.347443,-20.661211,0.360363,-0.413157,0.316779,-0.77401,8.30719,136.471558,-26.851698,-0.028488,0.963639,0.229773,0.133388,-15.697395,89.197052,7.714431,0.050805,0.989697,-0.078391,0.10851,-11.382339,56.044353,-8.447631,-0.057393,0.94629,-0.049098,0.314374,-17.005726,9.05146,-1.553722,-0.101752,0.990276,-0.093884,0.013641,3.304552,88.85392,7.022369,-0.040395,0.925023,-0.359987,0.114504,10.692858,53.143471,14.030196,-0.065533,0.942081,-0.306575,0.119166,10.324205,17.867943,46.325428,-0.057393,0.94629,-0.049098,0.314374,-7.958479,2.130571,-12.131522,-0.065533,0.942081,-0.306575,0.119166,14.41139,4.885936,38.815201
708,5.9,0.007307,0.999601,-0.027032,-0.003641,-6.2052,89.166756,7.343026,0.02964,0.99239,0.043291,-0.111396,-6.092836,96.951759,6.921226,0.026329,0.985752,0.078954,-0.146169,-5.117848,111.112747,8.050688,0.026764,0.995755,-0.040745,-0.078077,-3.725335,129.425232,10.798311,0.075192,0.990785,-0.112635,0.002219,-3.33337,143.947479,7.668495,0.10432,0.978758,0.136618,-0.111739,-7.659938,123.612198,11.590952,-0.284521,0.771573,-0.009086,0.568895,-24.921169,126.75705,16.06777,0.014192,-0.09805,-0.452033,-0.886482,-29.469299,116.045532,-4.733797,0.125369,0.073342,-0.470694,-0.870259,-16.285698,134.44931,-9.035307,-0.050495,0.937705,0.21992,-0.264186,-0.388589,123.392929,9.367216,0.429922,0.705274,0.099355,-0.554873,15.098982,127.211777,0.797876,0.238491,-0.009083,0.58889,-0.772171,15.446157,115.385422,-19.893764,0.36491,-0.397206,0.318565,-0.779477,8.411587,136.372955,-26.022812,-0.029682,0.962897,0.225934,0.144578,-15.712751,89.307526,7.408489,0.052386,0.988322,-0.078981,0.119321,-11.164119,56.030071,-8.429873,-0.055142,0.945992,-0.049106,0.315671,-17.018097,9.06167,-1.561061,-0.105903,0.989342,-0.095297,0.030081,3.302351,89.025978,7.277564,-0.039758,0.92526,-0.353598,0.131458,10.870853,53.399406,14.516226,-0.057042,0.941619,-0.300891,0.139872,9.943354,17.682945,46.311741,-0.055142,0.945992,-0.049106,0.315671,-7.969039,2.119706,-12.123485,-0.057042,0.941619,-0.300891,0.139872,14.33377,4.806936,38.790192
709,5.908333,0.006207,0.999573,-0.026295,0.011106,-6.215714,89.312805,7.334556,0.027259,0.99408,0.044372,-0.095358,-6.1144,97.098648,6.925756,0.025275,0.988085,0.078572,-0.12991,-5.222493,111.256241,8.107528,0.027498,0.996473,-0.040389,-0.06822,-3.91588,129.572983,10.868922,0.077296,0.990659,-0.112216,0.005287,-3.452184,144.095337,7.749407,0.102184,0.980537,0.137344,-0.09614,-7.876063,123.762192,11.541458,-0.285707,0.764008,-0.0125,0.578366,-25.270704,126.912582,15.463647,0.017278,-0.090139,-0.453384,-0.886577,-29.268581,116.162216,-5.430704,0.127632,0.077403,-0.471244,-0.86928,-16.070724,134.618362,-9.475389,-0.054485,0.942602,0.21737,-0.247555,-0.535597,123.537529,9.558364,0.426504,0.71066,0.096639,-0.551105,15.245019,127.346207,1.536636,0.235649,-0.006198,0.58119,-0.778877,15.930382,115.43605,-19.098419,0.367851,-0.382671,0.319253,-0.785064,8.490548,136.267441,-25.159031,-0.030552,0.961793,0.222546,0.156504,-15.721454,89.425255,7.12034,0.053817,0.986879,-0.079685,0.129709,-10.952379,56.038834,-8.421088,-0.052134,0.945739,-0.049665,0.316849,-17.021397,9.095648,-1.566532,-0.109781,0.988137,-0.096303,0.047529,3.290025,89.200356,7.548771,-0.038706,0.925287,-0.346848,0.148467,11.006607,53.650223,15.003684,-0.049533,0.940237,-0.295366,0.16205,9.506564,17.473598,46.252399,-0.052134,0.945739,-0.049665,0.316849,-7.984432,2.110333,-12.110712,-0.049533,0.940237,-0.295366,0.16205,14.254397,4.708404,38.759144
710,5.916667,0.004745,0.999308,-0.025766,0.026415,-6.206144,89.452065,7.331087,0.024229,0.99554,0.045593,-0.078962,-6.121588,97.238586,6.931505,0.024365,0.990161,0.078269,-0.113404,-5.332225,111.40107,8.169562,0.027795,0.997107,-0.040585,-0.057941,-4.106555,129.721252,10.945231,0.079451,0.990509,-0.11178,0.009185,-3.582949,144.240814,7.822141,0.099579,0.982203,0.138094,-0.079314,-8.09063,123.913811,11.494379,-0.286667,0.756302,-0.016042,0.587853,-25.611214,127.059242,14.813617,0.01959,-0.081873,-0.454691,-0.886662,-29.055443,116.274307,-6.161362,0.129204,0.080909,-0.470864,-0.868935,-15.845542,134.785126,-9.918404,-0.058269,0.947409,0.214467,-0.230271,-0.688378,123.681808,9.757017,0.422942,0.715856,0.094434,-0.547497,15.375874,127.469551,2.308877,0.232791,-0.003802,0.573924,-0.785115,16.394464,115.501167,-18.278683,0.37201,-0.367424,0.322502,-0.78905,8.576895,136.18866,-24.263615,-0.031483,0.960725,0.218698,0.167892,-15.701264,89.529297,6.82676,0.055632,0.985527,-0.080077,0.138667,-10.727997,56.021072,-8.385034,-0.051098,0.945413,-0.049992,0.317937,-17.034639,9.102875,-1.574037,-0.113677,0.986521,-0.09697,0.066709,3.288976,89.374832,7.835413,-0.037884,0.924648,-0.339676,0.167962,11.137344,53.898926,15.503269,-0.041463,0.938197,-0.288513,0.186623,9.030746,17.245289,46.155411,-0.051098,0.945413,-0.049992,0.317937,-7.986548,2.100509,-12.097347,-0.041463,0.938197,-0.288513,0.186623,14.181966,4.613924,38.701916
711,5.925,0.002962,0.998779,-0.025849,0.042007,-6.177329,89.578194,7.351442,0.021054,0.996772,0.045955,-0.062366,-6.114258,97.364868,6.950771,0.022992,0.991974,0.078175,-0.09668,-5.434337,111.545853,8.219193,0.028507,0.997622,-0.040969,-0.047541,-4.306586,129.869003,11.016708,0.081805,0.99036,-0.111022,0.012981,-3.710526,144.383926,7.885201,0.096922,0.983513,0.139475,-0.062084,-8.305783,124.061188,11.436815,-0.288002,0.748342,-0.019322,0.597215,-25.933504,127.19976,14.13769,0.02184,-0.07338,-0.456271,-0.886541,-28.812302,116.375473,-6.90213,0.130099,0.084575,-0.472223,-0.867713,-15.60364,134.954498,-10.361482,-0.061975,0.952081,0.210715,-0.212838,-0.84909,123.829185,9.950397,0.418745,0.721282,0.091949,-0.544013,15.478786,127.590218,3.084765,0.228003,-0.000682,0.567282,-0.791331,16.847069,115.576591,-17.456108,0.374433,-0.35097,0.322955,-0.795186,8.693359,136.12352,-23.349279,-0.032221,0.959456,0.214999,0.179392,-15.652418,89.613808,6.552082,0.057338,0.984023,-0.080564,0.148054,-10.492042,55.989922,-8.338761,-0.049143,0.94531,-0.049697,0.318596,-17.03002,9.097642,-1.56755,-0.11728,0.984563,-0.097413,0.085977,3.297759,89.54258,8.150801,-0.036175,0.923881,-0.33198,0.186884,11.251434,54.134865,16.022629,-0.034066,0.935155,-0.280786,0.21327,8.513777,16.97464,46.007671,-0.049143,0.94531,-0.049697,0.318596,-7.99045,2.083775,-12.090513,-0.034066,0.935155,-0.280786,0.21327,14.129524,4.499668,38.626656
712,5.933333,0.001515,0.998027,-0.025331,0.057429,-6.150642,89.714561,7.382911,0.017889,0.997719,0.046417,-0.045623,-6.10438,97.501747,6.990016,0.021581,0.993539,0.077861,-0.079705,-5.535239,111.685181,8.286984,0.02907,0.99804,-0.041345,-0.036904,-4.508441,130.012482,11.096117,0.084177,0.990159,-0.110491,0.017049,-3.842854,144.522995,7.95806,0.094377,0.984623,0.140026,-0.044764,-8.51818,124.204048,11.3873,-0.289532,0.740435,-0.022171,0.606164,-26.230543,127.342377,13.462092,0.023691,-0.06558,-0.457947,-0.886241,-28.553831,116.48204,-7.627773,0.129811,0.088035,-0.471936,-0.867569,-15.365497,135.125916,-10.808154,-0.065718,0.956117,0.20799,-0.195606,-1.014978,123.97226,10.156945,0.414515,0.727121,0.089986,-0.539792,15.550472,127.721191,3.87895,0.221246,0.004376,0.560614,-0.797962,17.30485,115.66864,-16.609707,0.3734,-0.331456,0.322537,-0.804164,8.819434,136.065002,-22.436512,-0.033052,0.958043,0.211222,0.190908,-15.596689,89.715645,6.292164,0.059352,0.982652,-0.080711,0.156071,-10.250219,55.976242,-8.268078,-0.046356,0.945068,-0.049716,0.319728,-17.033993,9.108716,-1.567623,-0.120604,0.982195,-0.097479,0.106047,3.295404,89.713478,8.473657,-0.034389,0.922607,-0.324005,0.206483,11.325173,54.365444,16.534195,-0.026934,0.931126,-0.272193,0.241226,7.96058,16.692751,45.807522,-0.046356,0.945068,-0.049716,0.319728,-8.003518,2.067591,-12.080184,-0.026934,0.931126,-0.272193,0.241226,14.07544,4.392262,38.531021
713,5.941667,-0.00017,0.997028,-0.024862,0.07292,-6.100503,89.843544,7.422491,0.015043,0.998381,0.046936,-0.028397,-6.07488,97.631142,7.035735,0.019767,0.994868,0.077427,-0.062068,-5.608474,111.824509,8.36024,0.029227,0.998364,-0.041772,-0.025895,-4.699626,130.15712,11.175503,0.086636,0.989931,-0.109904,0.021271,-3.974369,144.663422,8.031311,0.091432,0.985432,0.140806,-0.027162,-8.711621,124.345062,11.333148,-0.290698,0.733028,-0.024095,0.614478,-26.489666,127.469543,12.768719,0.02589,-0.057327,-0.459568,-0.885912,-28.296915,116.605568,-8.369758,0.13075,0.092324,-0.473192,-0.866297,-15.125318,135.319138,-11.261455,-0.069469,0.959503,0.205977,-0.179167,-1.169233,124.118996,10.370409,0.409639,0.733242,0.08688,-0.535728,15.600976,127.8694,4.662822,0.211513,0.011209,0.554382,-0.804859,17.755289,115.769592,-15.759733,0.369637,-0.30817,0.322339,-0.815167,8.968322,136.023666,-21.522369,-0.033556,0.956526,0.207405,0.202273,-15.508199,89.80584,6.039928,0.06116,0.980982,-0.08105,0.165421,-10.008671,55.950253,-8.18988,-0.045259,0.944921,-0.049755,0.320312,-17.030172,9.108803,-1.55227,-0.123609,0.979372,-0.097721,0.126499,3.307191,89.881256,8.805052,-0.032587,0.920666,-0.315346,0.227746,11.379975,54.591244,17.074173,-0.019785,0.926228,-0.262308,0.270008,7.379924,16.377487,45.555546,-0.045259,0.944921,-0.049755,0.320312,-8.000188,2.056386,-12.057694,-0.019785,0.926228,-0.262308,0.270008,14.013155,4.273818,38.404148
714,5.95,-0.001726,0.995766,-0.024575,0.088565,-6.039281,89.969025,7.494546,0.010863,0.998776,0.046862,-0.011514,-6.032144,97.75679,7.110547,0.018343,0.995865,0.076739,-0.045034,-5.707054,111.963715,8.443055,0.029183,0.998541,-0.042749,-0.01537,-4.900263,130.302261,11.250648,0.08953,0.98969,-0.108871,0.02541,-4.123769,144.8013,8.085228,0.088189,0.985985,0.141278,-0.009812,-8.913645,124.489128,11.282733,-0.293035,0.724966,-0.02561,0.622815,-26.736015,127.587936,12.084311,0.02765,-0.050139,-0.461559,-0.88526,-27.986526,116.700363,-9.082268,0.12885,0.09532,-0.473906,-0.865866,-14.861694,135.48912,-11.719007,-0.07269,0.962846,0.203346,-0.162156,-1.342676,124.263786,10.579005,0.405162,0.739331,0.085881,-0.530903,15.621222,127.992607,5.460016,0.199822,0.019248,0.548259,-0.811858,18.194756,115.886398,-14.91015,0.361933,-0.281561,0.321258,-0.828566,9.120226,136.002548,-20.616705,-0.033854,0.954851,0.203645,0.213639,-15.398872,89.894951,5.818186,0.062992,0.979328,-0.081194,0.17423,-9.766944,55.926079,-8.086131,-0.043763,0.944919,-0.049506,0.320565,-17.021088,9.108633,-1.529865,-0.126131,0.976122,-0.097385,0.147624,3.32031,90.043106,9.170908,-0.030516,0.918312,-0.306656,0.248462,11.396413,54.794991,17.613676,-0.013581,0.920591,-0.252177,0.297883,6.788809,16.051647,45.275993,-0.043763,0.944919,-0.049506,0.320565,-8.00339,2.047629,-12.040071,-0.013581,0.920591,-0.252177,0.297883,13.935247,4.152241,38.277878
715,5.958333,-0.00313,0.99425,-0.02408,0.104294,-5.977568,90.081253,7.572732,0.007397,0.998855,0.046927,0.005625,-5.986929,97.869286,7.194282,0.016492,0.996591,0.075974,-0.027617,-5.783349,112.094818,8.535097,0.029615,0.998631,-0.042875,-0.004575,-5.094988,130.440109,11.330194,0.091999,0.989407,-0.108401,0.029327,-4.251211,144.936401,8.169399,0.085136,0.986219,0.141635,0.007988,-9.100803,124.622452,11.234138,-0.29414,0.717193,-0.028691,0.631104,-26.943516,127.704132,11.385534,0.027477,-0.044086,-0.463743,-0.884446,-27.667614,116.784561,-9.789118,0.125588,0.097577,-0.473332,-0.866409,-14.608087,135.655518,-12.176319,-0.076671,0.965684,0.20096,-0.14557,-1.509601,124.40432,10.796341,0.400944,0.745686,0.084707,-0.525377,15.617604,128.145126,6.263424,0.186976,0.028417,0.54192,-0.818874,18.631516,116.014061,-14.031426,0.350928,-0.253763,0.318909,-0.843061,9.274494,135.975098,-19.703691,-0.034184,0.953062,0.199712,0.224986,-15.279341,89.974312,5.602144,0.064776,0.977535,-0.081243,0.183381,-9.522716,55.889286,-7.962687,-0.041728,0.944917,-0.04875,0.320958,-17.004827,9.094414,-1.502175,-0.128381,0.972525,-0.096562,0.168494,3.324205,90.188187,9.54332,-0.029816,0.914007,-0.297793,0.273903,11.388494,54.970753,18.124239,-0.008948,0.913867,-0.241913,0.325953,6.193063,15.710941,44.941307,-0.041728,0.944917,-0.04875,0.320958,-8.001336,2.032572,-12.023991,-0.008948,0.913867,-0.241913,0.325953,13.878572,4.031293,38.147202
716,5.966667,-0.004473,0.992487,-0.023534,0.119984,-5.908166,90.186287,7.664467,0.003697,0.998641,0.046765,0.022687,-5.933363,97.974571,7.291861,0.014787,0.997013,0.075104,-0.010304,-5.858093,112.222504,8.630927,0.028689,0.99858,-0.044426,0.006479,-5.281829,130.574646,11.406265,0.095019,0.989086,-0.107171,0.034573,-4.409102,145.061417,8.209952,0.081621,0.986189,0.141759,0.025967,-9.277275,124.753319,11.184355,-0.295791,0.709264,-0.031238,0.639121,-27.119101,127.801727,10.675966,0.027593,-0.038131,-0.466348,-0.883348,-27.311289,116.848923,-10.493021,0.122122,0.100169,-0.473475,-0.86653,-14.338801,135.813095,-12.64144,-0.080848,0.96806,0.199184,-0.129029,-1.675274,124.540802,11.011166,0.397028,0.75196,0.084296,-0.519441,15.592602,128.305954,7.070835,0.174296,0.037493,0.535589,-0.825445,19.051107,116.161194,-13.144769,0.338837,-0.226322,0.31763,-0.8562,9.421296,135.969086,-18.797363,-0.034208,0.950947,0.195878,0.236984,-15.142824,90.048157,5.401809,0.066442,0.975533,-0.081323,0.193153,-9.279386,55.850601,-7.829977,-0.040993,0.94494,-0.048232,0.321064,-16.981939,9.077874,-1.468919,-0.1298,0.968507,-0.095992,0.189554,3.32649,90.324417,9.927125,-0.026983,0.911634,-0.28898,0.291007,11.31152,55.12603,18.659023,-0.004102,0.906798,-0.230602,0.352878,5.620327,15.356177,44.609924,-0.040993,0.94494,-0.048232,0.321064,-7.983605,2.021971,-11.999128,-0.004102,0.906798,-0.230602,0.352878,13.815543,3.909141,38.018654
717,5.975,-0.00563,0.990493,-0.022917,0.135526,-5.836731,90.276764,7.76925,0.000822,0.998113,0.046357,0.040269,-5.87526,98.065308,7.403376,0.012624,0.997146,0.074027,0.007839,-5.905282,112.342049,8.731157,0.02736,0.998411,-0.045972,0.017731,-5.459341,130.702347,11.476304,0.098139,0.988758,-0.105696,0.039441,-4.567533,145.180222,8.245102,0.077916,0.985781,0.142424,0.043359,-9.434922,124.873825,11.124501,-0.297796,0.701618,-0.032958,0.6465,-27.254496,127.879074,9.978447,0.027809,-0.032405,-0.468894,-0.882222,-26.937714,116.903015,-11.177,0.118384,0.102238,-0.47405,-0.866493,-14.052187,135.959991,-13.098802,-0.085137,0.970089,0.197435,-0.11269,-1.831336,124.6735,11.229208,0.393033,0.758197,0.083386,-0.513525,15.553784,128.470261,7.878933,0.161829,0.046501,0.528906,-0.83181,19.454046,116.305801,-12.244224,0.324319,-0.201994,0.315564,-0.868582,9.545904,135.949432,-17.889469,-0.034619,0.948815,0.191924,0.248428,-14.995645,90.111649,5.218827,0.068266,0.973592,-0.081217,0.202147,-9.01511,55.802322,-7.666667,-0.040182,0.945168,-0.047524,0.3206,-16.943077,9.051445,-1.423043,-0.131236,0.963729,-0.094917,0.212117,3.322184,90.441879,10.319674,-0.025681,0.907102,-0.279728,0.313464,11.220005,55.256092,19.180702,0.000924,0.898846,-0.218549,0.379883,5.060871,14.97637,44.222462,-0.040182,0.945168,-0.047524,0.3206,-7.963358,2.004714,-11.975263,0.000924,0.898846,-0.218549,0.379883,13.759107,3.77228,37.862419
718,5.983333,-0.00631,0.988266,-0.022831,0.150896,-5.768676,90.366982,7.898852,-0.002323,0.997289,0.045593,0.057708,-5.812199,98.155464,7.532146,0.010672,0.996943,0.072972,0.025823,-5.954289,112.453308,8.833955,0.026778,0.998102,-0.047194,0.029131,-5.629141,130.82106,11.546038,0.100578,0.98843,-0.10447,0.044445,-4.694991,145.290802,8.290447,0.074313,0.985047,0.142942,0.061063,-9.582644,124.986687,11.065893,-0.298985,0.694007,-0.035886,0.653968,-27.355135,127.953781,9.27225,0.027444,-0.027124,-0.471773,-0.880876,-26.541567,116.943428,-11.852087,0.115198,0.104212,-0.474715,-0.866323,-13.761192,136.103516,-13.553587,-0.089771,0.971889,0.195347,-0.095981,-1.987575,124.79615,11.445715,0.389142,0.764736,0.084658,-0.506537,15.494468,128.634827,8.702555,0.151803,0.053521,0.521061,-0.838204,19.87965,116.492653,-11.334037,0.311646,-0.17988,0.316085,-0.877844,9.63961,135.944321,-16.959412,-0.034347,0.946118,0.188061,0.26137,-14.843714,90.182869,5.065575,0.069808,0.971581,-0.080813,0.21125,-8.779773,55.763126,-7.48206,-0.040874,0.945301,-0.047409,0.320138,-16.900543,9.026352,-1.382218,-0.132409,0.958599,-0.093466,0.234137,3.306361,90.551094,10.73213,-0.024672,0.901257,-0.270389,0.337664,11.107685,55.367981,19.688749,0.001836,0.890207,-0.20811,0.405238,4.501308,14.591974,43.795876,-0.040874,0.945301,-0.047409,0.320138,-7.922391,1.988891,-11.941962,0.001836,0.890207,-0.20811,0.405238,13.718518,3.640602,37.733566
719,5.991667,-0.007506,0.985837,-0.021999,0.166091,-5.671344,90.44529,8.033377,-0.00591,0.99615,0.045278,0.074833,-5.729756,98.2341,7.675728,0.008366,0.996441,0.07174,0.043454,-5.996531,112.552986,8.960063,0.027621,0.997627,-0.048483,0.040343,-5.802692,130.928986,11.628483,0.102375,0.988164,-0.103273,0.048849,-4.784799,145.38768,8.348928,0.070385,0.984138,0.142507,0.078804,-9.725586,125.085381,11.025355,-0.300431,0.686483,-0.037758,0.661103,-27.428797,128.000641,8.579979,0.027243,-0.021567,-0.474853,-0.879379,-26.126656,116.979042,-12.514008,0.112404,0.105918,-0.475864,-0.865852,-13.465293,136.243759,-13.987801,-0.09459,0.973417,0.192894,-0.079397,-2.148432,124.911118,11.674974,0.384862,0.771069,0.084645,-0.500168,15.406768,128.800262,9.536813,0.142723,0.059617,0.514041,-0.843705,20.255501,116.671906,-10.401097,0.300784,-0.162067,0.31559,-0.885249,9.726369,135.950195,-16.008081,-0.034119,0.943552,0.184094,0.273229,-14.654472,90.235085,4.922606,0.071506,0.969475,-0.080658,0.220226,-8.527905,55.704544,-7.285609,-0.03871,0.94576,-0.045162,0.319374,-16.858158,8.988333,-1.312099,-0.132812,0.952641,-0.091847,0.257682,3.311785,90.655502,11.144149,-0.023475,0.895469,-0.261172,0.359686,10.950585,55.458046,20.184114,0.001854,0.881472,-0.19743,0.428981,3.975494,14.207867,43.362812,-0.03871,0.94576,-0.045162,0.319374,-7.917588,1.985573,-11.926655,0.001854,0.881472,-0.19743,0.428981,13.684765,3.52189,37.602505
720,6.0,-0.008355,0.983198,-0.021974,0.181023,-5.57219,90.513046,8.19754,-0.009448,0.994764,0.044348,0.091591,-5.638256,98.301659,7.837041,0.005919,0.995633,0.070675,0.060695,-6.025909,112.641052,9.082511,0.027081,0.997041,-0.050408,0.051335,-5.966342,131.023987,11.709245,0.104825,0.987812,-0.101703,0.053811,-4.904654,145.469696,8.386664,0.066247,0.982834,0.14274,0.096301,-9.852725,125.169731,10.985025,-0.301953,0.679267,-0.039411,0.667733,-27.465456,128.025497,7.899811,0.026895,-0.016964,-0.477545,-0.878032,-25.699604,116.99337,-13.154909,0.108246,0.107366,-0.478102,-0.864971,-13.141778,136.354141,-14.437019,-0.099819,0.974629,0.190416,-0.062263,-2.302358,125.014809,11.898039,0.380331,0.777075,0.083619,-0.49448,15.303927,128.967407,10.388734,0.135072,0.06508,0.507243,-0.848661,20.587683,116.849586,-9.444771,0.2915,-0.14777,0.316016,-0.890688,9.782456,135.955231,-15.051349,-0.033331,0.94058,0.180394,0.285756,-14.456487,90.281181,4.816241,0.073128,0.967528,-0.080198,0.228279,-8.299716,55.646538,-7.077825,-0.038508,0.946079,-0.043767,0.318648,-16.818834,8.945685,-1.252362,-0.132572,0.947338,-0.091103,0.276903,3.312106,90.744904,11.578838,-0.022099,0.889731,-0.251514,0.380305,10.765908,55.5326,20.714899,0.001089,0.872868,-0.187104,0.450658,3.497069,13.802764,42.924484,-0.038508,0.946079,-0.043767,0.318648,-7.893034,1.975796,-11.900927,0.001089,0.872868,-0.187104,0.450658,13.658498,3.38195,37.466171
721,6.008333,-0.009089,0.980345,-0.021531,0.1959,-5.472497,90.566376,8.361934,-0.013021,0.993095,0.043913,0.108006,-5.54568,98.355087,8.005001,0.003539,0.99456,0.06951,0.077502,-6.055811,112.725426,9.223044,0.02665,0.996251,-0.053574,0.062475,-6.12517,131.115265,11.800762,0.106847,0.987457,-0.099788,0.059613,-5.012588,145.539063,8.400547,0.06201,0.981099,0.143214,0.114405,-9.972069,125.250389,10.960936,0.303367,-0.671731,0.041582,-0.67455,-27.466328,128.046997,7.217669,0.027092,-0.011873,-0.481201,-0.876111,-25.223457,116.995476,-13.781393,0.106783,0.109218,-0.480688,-0.863486,-12.817867,136.472931,-14.864995,-0.105011,0.975522,0.187791,-0.045438,-2.456698,125.114883,12.129887,0.375229,0.783591,0.082951,-0.488167,15.176697,129.133774,11.238808,0.128167,0.069864,0.500206,-0.853514,20.939899,117.047676,-8.480188,0.28359,-0.135828,0.314941,-0.895511,9.852077,135.969376,-14.081827,-0.032942,0.937738,0.176522,0.297327,-14.249906,90.316704,4.713317,0.074914,0.96528,-0.079745,0.2372,-8.057734,55.577492,-6.852905,-0.038358,0.946352,-0.042129,0.318074,-16.784235,8.895007,-1.189479,-0.132053,0.941346,-0.090115,0.297169,3.304911,90.816055,12.01055,-0.021284,0.883236,-0.242179,0.400986,10.548115,55.580257,21.225098,-0.00101,0.864594,-0.178029,0.469875,3.057219,13.40624,42.5023,-0.038358,0.946352,-0.042129,0.318074,-7.868308,1.965128,-11.872368,-0.00101,0.864594,-0.178029,0.469875,13.627995,3.239983,37.349918
722,6.016667,-0.009759,0.977337,-0.021513,0.210368,-5.369307,90.610176,8.551371,-0.016002,0.991126,0.042999,0.124754,-5.44747,98.398705,8.191479,0.000921,0.993127,0.068434,0.094944,-6.061053,112.792252,9.365766,0.025698,0.995401,-0.055572,0.073679,-6.268411,131.188049,11.89314,0.108906,0.987042,-0.098403,0.064839,-5.120179,145.598618,8.449005,0.057546,0.979145,0.143598,0.131691,-10.068253,125.310966,10.932941,0.304571,-0.664731,0.04309,-0.680817,-27.42778,128.036392,6.562488,0.027271,-0.007022,-0.484801,-0.874171,-24.745075,116.986572,-14.385827,0.106005,0.11069,-0.483277,-0.861948,-12.491376,136.57991,-15.281141,-0.11045,0.976232,0.184326,-0.028213,-2.598466,125.198212,12.366526,0.371097,0.789365,0.083061,-0.481965,15.038424,129.291412,12.106365,0.121667,0.074936,0.494214,-0.857516,21.235474,117.235519,-7.499221,0.275341,-0.124548,0.312932,-0.900416,9.922192,135.989471,-13.124706,-0.032215,0.934521,0.173125,0.30929,-14.034698,90.342728,4.645338,0.076645,0.963101,-0.079227,0.245529,-7.822082,55.51181,-6.630446,-0.037698,0.946656,-0.040443,0.317467,-16.743828,8.846545,-1.131704,-0.131429,0.935318,-0.088991,0.316209,3.296084,90.877625,12.457402,-0.020281,0.876593,-0.232979,0.420588,10.335801,55.614674,21.725605,-0.002385,0.856488,-0.168569,0.487859,2.6633,13.018492,42.076981,-0.037698,0.946656,-0.040443,0.317467,-7.844798,1.952855,-11.85203,-0.002385,0.856488,-0.168569,0.487859,13.603097,3.103714,37.212925
723,6.025,-0.010488,0.974089,-0.021611,0.224887,-5.256723,90.644218,8.753952,-0.019145,0.988978,0.041868,0.140721,-5.340251,98.432449,8.388886,-0.002204,0.991487,0.06747,0.111338,-6.058946,112.845734,9.50955,0.025018,0.994429,-0.057861,0.084485,-6.419092,131.246231,11.984899,0.110864,0.986603,-0.096935,0.070193,-5.227598,145.640869,8.489236,0.052998,0.976877,0.14408,0.148807,-10.162864,125.35257,10.912703,0.306066,-0.657663,0.044153,-0.686916,-27.366728,128.003952,5.924795,0.028677,-0.001594,-0.488779,-0.871935,-24.24284,116.962555,-14.966728,0.107511,0.113531,-0.486835,-0.859386,-12.162525,136.678833,-15.67944,-0.115716,0.976436,0.181776,-0.011845,-2.744588,125.271523,12.594429,0.365148,0.796064,0.081442,-0.475727,14.872916,129.441406,12.937331,0.11264,0.081227,0.487749,-0.861867,21.563534,117.431366,-6.53372,0.265762,-0.111753,0.31039,-0.905837,10.016548,136.014694,-12.180071,-0.031048,0.931154,0.169435,0.321374,-13.801651,90.357498,4.592268,0.078521,0.961047,-0.078302,0.253165,-7.610513,55.427204,-6.383948,-0.036826,0.94673,-0.038292,0.317616,-16.725122,8.775857,-1.087197,-0.130132,0.929159,-0.088321,0.334558,3.288205,90.930931,12.915637,-0.019503,0.870243,-0.223391,0.438626,10.07369,55.633957,22.243734,-0.007186,0.849372,-0.161627,0.502386,2.324365,12.616282,41.657848,-0.036826,0.94673,-0.038292,0.317616,-7.826462,1.929522,-11.838132,-0.007186,0.849372,-0.161627,0.502386,13.60181,2.945936,37.081306
724,6.033333,-0.010943,0.970725,-0.021779,0.238955,-5.151659,90.663544,8.970584,-0.021896,0.986615,0.040295,0.156485,-5.236164,98.451508,8.600119,-0.005324,0.989566,0.066665,0.127622,-6.045638,112.892242,9.65377,0.024382,0.993318,-0.060435,0.095247,-6.557289,131.295898,12.078604,0.112555,0.986174,-0.095295,0.075568,-5.319459,145.672211,8.524126,0.048442,0.974329,0.144523,0.165678,-10.241129,125.385834,10.894869,0.308206,-0.650544,0.044848,-0.692669,-27.26959,127.962257,5.302398,0.030287,0.003732,-0.493372,-0.869283,-23.704674,116.923286,-15.519703,0.109752,0.115535,-0.490367,-0.856823,-11.83012,136.777512,-16.06101,-0.121105,0.976224,0.179734,0.004087,-2.88241,125.33654,12.82164,0.359761,0.802686,0.080479,-0.468818,14.693361,129.591461,13.754421,0.101769,0.089164,0.48184,-0.86575,21.881262,117.623962,-5.565012,0.252774,-0.097279,0.304559,-0.913173,10.144692,136.052216,-11.265379,-0.029953,0.927852,0.165945,0.33265,-13.572306,90.362541,4.563796,0.080319,0.959592,-0.07719,0.258407,-7.408548,55.340355,-6.131429,-0.036302,0.946995,-0.035873,0.317167,-16.689014,8.699769,-1.031478,-0.128602,0.922961,-0.08744,0.352078,3.268988,90.964539,13.377372,-0.019057,0.863816,-0.214527,0.455451,9.797801,55.626656,22.733749,-0.012671,0.843448,-0.156145,0.513861,2.026257,12.236023,41.290058,-0.036302,0.946995,-0.035873,0.317167,-7.799454,1.91059,-11.826107,-0.012671,0.843448,-0.156145,0.513861,13.58676,2.787455,36.963333
725,6.041667,-0.01144,0.967175,-0.022227,0.252878,-5.039979,90.6819,9.212661,-0.024276,0.983962,0.039264,0.172302,-5.124867,98.469383,8.832306,-0.008716,0.987372,0.065265,0.144088,-6.014177,112.913788,9.83179,0.023572,0.992038,-0.063251,0.106321,-6.683053,131.322525,12.178452,0.113742,0.985728,-0.093761,0.081308,-5.399996,145.67868,8.559142,0.043465,0.971563,0.144559,0.182427,-10.300579,125.393272,10.890743,0.309777,-0.643744,0.045378,-0.698264,-27.134462,127.877617,4.699574,0.031693,0.008685,-0.497381,-0.866909,-23.152315,116.860748,-16.058523,0.111529,0.117631,-0.494457,-0.853953,-11.462765,136.83197,-16.439575,-0.126665,0.975883,0.176657,0.020032,-3.010648,125.381126,13.063848,0.354121,0.809234,0.080102,-0.461868,14.501307,129.729492,14.582175,0.089659,0.097863,0.475661,-0.869558,22.189484,117.832275,-4.587479,0.238265,-0.079641,0.300989,-0.919942,10.26361,136.107468,-10.354151,-0.02858,0.924431,0.162847,0.343645,-13.330189,90.364586,4.566222,0.081902,0.958132,-0.076159,0.263581,-7.211827,55.260796,-5.884731,-0.03602,0.947378,-0.033759,0.316289,-16.638369,8.629656,-0.969713,-0.126575,0.917123,-0.086493,0.367943,3.250231,90.999207,13.859099,-0.018504,0.858814,-0.206606,0.468413,9.508107,55.610691,23.209223,-0.018809,0.839132,-0.151772,0.521985,1.770996,11.898989,41.01104,-0.03602,0.947378,-0.033759,0.316289,-7.766018,1.891699,-11.810495,-0.018809,0.839132,-0.151772,0.521985,13.563228,2.654406,36.873146
726,6.05,-0.011859,0.963581,-0.02221,0.266229,-4.919746,90.687965,9.460022,-0.026687,0.981126,0.037371,0.187837,-5.005742,98.475311,9.077048,-0.0122,0.984896,0.064201,0.160339,-5.969022,112.91964,9.995292,0.023133,0.99071,-0.064936,0.117222,-6.797575,131.330795,12.271013,0.114691,0.985269,-0.092732,0.086557,-5.461631,145.674377,8.621132,0.038961,0.9685,0.145152,0.198548,-10.343808,125.38208,10.878933,0.312437,-0.6369,0.045392,-0.703336,-26.968712,127.792313,4.119836,0.034108,0.013957,-0.501994,-0.864086,-22.56876,116.784325,-16.558458,0.114917,0.119798,-0.499658,-0.850168,-11.094417,136.890732,-16.792738,-0.132953,0.974955,0.174742,0.035378,-3.130256,125.408264,13.293383,0.348916,0.815843,0.080095,-0.45414,14.291775,129.878677,15.383872,0.076078,0.108732,0.469588,-0.872856,22.491863,118.042648,-3.610709,0.219938,-0.060993,0.295373,-0.927718,10.414267,136.162933,-9.504776,-0.027088,0.921071,0.160045,0.353949,-13.077956,90.358192,4.586376,0.083686,0.956726,-0.075183,0.268366,-7.017848,55.181038,-5.649644,-0.036064,0.947545,-0.031746,0.315991,-16.60643,8.564025,-0.917521,-0.124071,0.91176,-0.086063,0.381961,3.238466,91.017738,14.333669,-0.018068,0.854696,-0.199277,0.479018,9.198467,55.57708,23.68092,-0.02402,0.836136,-0.147162,0.527866,1.544676,11.579281,40.8009,-0.036064,0.947545,-0.031746,0.315991,-7.734094,1.878817,-11.790914,-0.02402,0.836136,-0.147162,0.527866,13.524172,2.524965,36.781925
727,6.058333,-0.012081,0.959804,-0.022399,0.279515,-4.811592,90.688042,9.733376,-0.028895,0.978162,0.035081,0.202813,-4.894783,98.475174,9.345448,-0.015684,0.982274,0.062965,0.17586,-5.921077,112.919304,10.170829,0.022235,0.98925,-0.067305,0.127911,-6.904501,131.332687,12.365412,0.115448,0.984778,-0.091434,0.092326,-5.526752,145.65918,8.664313,0.034461,0.965353,0.144962,0.214224,-10.377768,125.36396,10.878287,0.315598,-0.630107,0.044926,-0.708057,-26.780289,127.693352,3.56986,0.03745,0.019499,-0.506476,-0.86122,-21.968042,116.697075,-17.022642,0.119208,0.122736,-0.506135,-0.845312,-10.708674,136.932632,-17.123249,-0.138959,0.973825,0.172564,0.05076,-3.245085,125.429893,13.521407,0.343684,0.822301,0.080226,-0.446391,14.069821,130.013351,16.179974,0.062086,0.118967,0.463631,-0.875807,22.775261,118.248192,-2.63288,0.201716,-0.042029,0.290392,-0.934461,10.556197,136.229507,-8.630684,-0.025196,0.917372,0.15789,0.364507,-12.831816,90.34845,4.636486,0.085433,0.954995,-0.074432,0.274126,-6.840904,55.113064,-5.438713,-0.035213,0.947508,-0.029918,0.316377,-16.596912,8.513557,-0.879537,-0.12124,0.907031,-0.085286,0.39411,3.208633,91.027634,14.830266,-0.018059,0.85153,-0.193118,0.487109,8.879432,55.525528,24.124107,-0.031107,0.834548,-0.144506,0.530735,1.352182,11.29654,40.695686,-0.035213,0.947508,-0.029918,0.316377,-7.720072,1.868357,-11.773759,-0.031107,0.834548,-0.144506,0.530735,13.488306,2.416645,36.758297
728,6.066667,-0.011991,0.95602,-0.022477,0.292193,-4.701605,90.676155,10.010451,-0.03078,0.974982,0.033287,0.217611,-4.777958,98.463264,9.620706,-0.01951,0.979389,0.061536,0.191387,-5.859492,112.919212,10.368404,0.022433,0.987737,-0.068521,0.138483,-7.006534,131.334183,12.46806,0.115706,0.984316,-0.091108,0.097122,-5.559246,145.650375,8.753616,0.029608,0.961929,0.14502,0.22975,-10.399905,125.342735,10.890646,0.318754,-0.623192,0.044956,-0.712745,-26.564056,127.580811,3.042498,0.040398,0.024334,-0.511422,-0.858035,-21.338839,116.583755,-17.448702,0.123536,0.124565,-0.511917,-0.84093,-10.319681,136.958038,-17.43844,-0.144364,0.972701,0.169482,0.065479,-3.35602,125.454262,13.76064,0.338272,0.828758,0.080812,-0.438408,13.841473,130.137772,16.9533,0.048764,0.12929,0.456914,-0.878713,23.059589,118.462372,-1.6703,0.183107,-0.023828,0.285612,-0.940388,10.678661,136.284897,-7.798804,-0.023632,0.9141,0.155812,0.373612,-12.58403,90.333244,4.703151,0.086506,0.954085,-0.073589,0.277169,-6.656321,55.043758,-5.218905,-0.035349,0.948272,-0.027796,0.314257,-16.502186,8.449972,-0.79641,-0.118104,0.902848,-0.085027,0.404584,3.18082,91.019073,15.31775,-0.018062,0.849581,-0.187236,0.492777,8.545132,55.457943,24.567768,-0.033834,0.833268,-0.13736,0.534465,1.187325,11.014954,40.635239,-0.035349,0.948272,-0.027796,0.314257,-7.666849,1.85922,-11.757246,-0.033834,0.833268,-0.13736,0.534465,13.465211,2.332369,36.697292
729,6.075,-0.011994,0.952109,-0.02261,0.304686,-4.593169,90.660606,10.306497,-0.033029,0.971686,0.031317,0.23185,-4.663817,98.447624,9.913804,-0.023035,0.976408,0.05981,0.206203,-5.806595,112.906265,10.575039,0.021095,0.986077,-0.071339,0.14872,-7.099977,131.323441,12.567553,0.116618,0.983741,-0.08984,0.102877,-5.622007,145.619476,8.788134,0.025154,0.958339,0.144621,0.24503,-10.416499,125.310638,10.909976,0.322527,-0.615902,0.045369,-0.717344,-26.326761,127.466965,2.537661,0.044074,0.029308,-0.517049,-0.854318,-20.672714,116.445946,-17.82642,0.12901,0.127134,-0.518898,-0.835427,-9.932174,136.972717,-17.72205,-0.150952,0.971015,0.16709,0.080148,-3.464519,125.465202,13.994071,0.332985,0.835228,0.080924,-0.430077,13.585141,130.288498,17.725943,0.037797,0.138321,0.450457,-0.881208,23.317347,118.689453,-0.682566,0.168046,-0.009497,0.283585,-0.944061,10.788846,136.344559,-6.943691,-0.021807,0.910705,0.154265,0.382547,-12.333775,90.312424,4.79475,0.088357,0.952246,-0.072963,0.283015,-6.475989,54.981171,-5.019593,-0.034855,0.948101,-0.026436,0.314947,-16.499462,8.409577,-0.765546,-0.114725,0.899489,-0.084511,0.413056,3.147438,91.008789,15.818244,-0.01859,0.848335,-0.182341,0.496723,8.218947,55.38274,24.983232,-0.039821,0.833249,-0.134584,0.534787,1.063677,10.768559,40.663063,-0.034855,0.948101,-0.026436,0.314947,-7.649554,1.85067,-11.733721,-0.039821,0.833249,-0.134584,0.534787,13.448712,2.2398,36.724518
730,6.083333,-0.011507,0.948326,-0.022722,0.316275,-4.490875,90.633186,10.603168,-0.034102,0.968154,0.02946,0.246264,-4.548979,98.420303,10.210386,-0.027117,0.973009,0.058396,0.221603,-5.719663,112.896301,10.795359,0.019939,0.98426,-0.073829,0.159323,-7.180193,131.312103,12.682436,0.116978,0.983169,-0.089126,0.108408,-5.664123,145.589905,8.849571,0.020008,0.954578,0.144259,0.259944,-10.407907,125.274971,10.940104,0.325917,-0.608946,0.045546,-0.721726,-26.053841,127.324677,2.058355,0.04721,0.034045,-0.522582,-0.8506,-19.994362,116.296646,-18.184969,0.134327,0.12911,-0.526336,-0.829613,-9.530096,136.97525,-17.986137,-0.156355,0.969485,0.163872,0.093801,-3.559274,125.479507,14.244646,0.327488,0.841441,0.080348,-0.422223,13.344256,130.41243,18.465904,0.02814,0.146123,0.444091,-0.883538,23.568642,118.893372,0.275235,0.155562,0.002509,0.281851,-0.94676,10.882868,136.393433,-6.107286,-0.019915,0.907308,0.152836,0.391199,-12.094849,90.288994,4.904157,0.089603,0.950934,-0.072175,0.287205,-6.31246,54.919289,-4.815956,-0.034134,0.948403,-0.024845,0.314243,-16.445776,8.357965,-0.712376,-0.111088,0.896977,-0.08465,0.419435,3.113098,90.977386,16.302181,-0.019767,0.848246,-0.17779,0.498477,7.876475,55.292068,25.401745,-0.041448,0.834164,-0.128092,0.534832,1.002945,10.525433,40.770012,-0.034134,0.948403,-0.024845,0.314243,-7.616204,1.833093,-11.717183,-0.041448,0.834164,-0.128092,0.534832,13.461649,2.153076,36.729534
731,6.091667,-0.01083,0.94451,-0.022384,0.327541,-4.393604,90.595078,10.90145,-0.034908,0.964601,0.027381,0.259956,-4.438793,98.38266,10.516433,-0.031113,0.969558,0.056842,0.236131,-5.625381,112.870491,11.020727,0.018955,0.982418,-0.075835,0.169541,-7.244206,131.284302,12.79469,0.116979,0.982591,-0.08872,0.113842,-5.688248,145.547256,8.922746,0.015395,0.950851,0.14339,0.274015,-10.38415,125.222992,10.97752,0.329801,-0.601723,0.046132,-0.72597,-25.763897,127.176056,1.621724,0.050754,0.038043,-0.52866,-0.84646,-19.290113,116.119316,-18.477177,0.13997,0.131099,-0.533894,-0.823516,-9.130521,136.961075,-18.228024,-0.162223,0.967595,0.160849,0.107571,-3.640223,125.47773,14.487529,0.322137,0.8476,0.080019,-0.414003,13.095182,130.535645,19.201963,0.020198,0.153567,0.437672,-0.885693,23.812994,119.098663,1.245029,0.145295,0.012863,0.279986,-0.948858,10.975742,136.427017,-5.282522,-0.017868,0.903991,0.151273,0.399497,-11.859915,90.261108,5.022651,0.090472,0.949053,-0.071513,0.293256,-6.172099,54.850342,-4.603315,-0.033835,0.948722,-0.02294,0.313456,-16.391329,8.294871,-0.649108,-0.107662,0.895342,-0.085028,0.423724,3.072706,90.929047,16.780251,-0.021088,0.848136,-0.173061,0.500271,7.555978,55.192852,25.82221,-0.043859,0.835159,-0.122514,0.534394,0.98527,10.272661,40.871536,-0.033835,0.948722,-0.02294,0.313456,-7.577982,1.816516,-11.694328,-0.043859,0.835159,-0.122514,0.534394,13.513488,2.051066,36.737503
732,6.1,-0.0101,0.940749,-0.022562,0.3382,-4.307727,90.560692,11.219049,-0.035556,0.960992,0.025205,0.273121,-4.33691,98.348389,10.834776,-0.034853,0.966003,0.05523,0.250146,-5.531405,112.84124,11.256928,0.017219,0.980482,-0.078141,0.179591,-7.294919,131.252594,12.914623,0.117066,0.98191,-0.088317,0.119782,-5.718946,145.499344,8.991475,0.010394,0.946913,0.142724,0.287885,-10.349358,125.168732,11.028397,0.33421,-0.59453,0.046182,-0.729866,-25.451529,127.013184,1.209829,0.054478,0.042299,-0.534788,-0.842167,-18.567797,115.934265,-18.740082,0.1456,0.133004,-0.542166,-0.816803,-8.722826,136.934692,-18.438984,-0.168216,0.965486,0.157892,0.12087,-3.712875,125.470757,14.733995,0.316047,0.853807,0.077777,-0.406299,12.84079,130.661316,19.922092,0.012786,0.160817,0.431177,-0.887728,24.045134,119.3041,2.213237,0.137571,0.021959,0.27764,-0.950531,11.060974,136.453644,-4.466083,-0.016303,0.900976,0.15037,0.406652,-11.639379,90.234871,5.172703,0.092086,0.948334,-0.070472,0.295323,-6.007119,54.799904,-4.396702,-0.03328,0.948883,-0.021626,0.313124,-16.351322,8.25848,-0.605373,-0.10436,0.894422,-0.085655,0.426357,3.023925,90.886513,17.265394,-0.022148,0.848944,-0.168847,0.500294,7.244015,55.106277,26.259739,-0.045111,0.836637,-0.116334,0.533358,0.962235,10.052649,41.030991,-0.03328,0.948883,-0.021626,0.313124,-7.548422,1.809107,-11.675855,-0.045111,0.836637,-0.116334,0.533358,13.540747,1.974271,36.769314
733,6.108333,-0.009547,0.93706,-0.022086,0.34834,-4.205509,90.518021,11.526732,-0.036693,0.957333,0.024033,0.285639,-4.225046,98.306229,11.152131,-0.038327,0.962427,0.05321,0.263503,-5.447224,112.802437,11.516674,0.016836,0.978541,-0.0796,0.18931,-7.337919,131.212479,13.043538,0.116351,0.981302,-0.088755,0.125023,-5.708606,145.447617,9.100099,0.005582,0.942827,0.142114,0.301412,-10.311213,125.106857,11.098854,0.339092,-0.586983,0.046493,-0.733693,-25.127491,126.848724,0.836023,0.058659,0.045979,-0.541183,-0.837595,-17.820084,115.734123,-18.942619,0.151427,0.134671,-0.550585,-0.809809,-8.307694,136.891754,-18.628534,-0.17403,0.96329,0.15479,0.133515,-3.782978,125.45475,14.988163,0.311901,0.859434,0.079222,-0.397259,12.582132,130.777435,20.621469,0.007995,0.166852,0.425597,-0.889361,24.25687,119.499146,3.167887,0.131602,0.030027,0.274774,-0.951987,11.153993,136.479691,-3.666071,-0.014481,0.897669,0.149827,0.414164,-11.404983,90.201576,5.3231,0.093666,0.94727,-0.069876,0.298368,-5.830984,54.750347,-4.220169,-0.032253,0.949022,-0.020254,0.3129,-16.31246,8.228999,-0.561838,-0.101176,0.89418,-0.086789,0.427403,2.993965,90.834465,17.730364,-0.023279,0.850504,-0.164658,0.498988,6.95806,55.020134,26.705471,-0.047945,0.838589,-0.111593,0.531053,0.992683,9.837776,41.212349,-0.032253,0.949022,-0.020254,0.3129,-7.522887,1.805763,-11.658075,-0.047945,0.838589,-0.111593,0.531053,13.613576,1.896191,36.820839
734,6.116667,-0.008652,0.933513,-0.021908,0.35777,-4.126811,90.471359,11.842966,-0.036784,0.953751,0.022181,0.297514,-4.130529,98.259941,11.475765,-0.042184,0.958784,0.051579,0.276212,-5.343877,112.760948,11.772984,0.015641,0.976625,-0.080871,0.198544,-7.375118,131.165802,13.176897,0.116253,0.980582,-0.089465,0.130154,-5.718826,145.392258,9.213356,0.000772,0.938735,0.141492,0.314254,-10.261715,125.036583,11.176655,0.344698,-0.579311,0.046292,-0.737183,-24.792768,126.673088,0.497123,0.063417,0.049796,-0.547593,-0.832851,-17.057911,115.527023,-19.100437,0.157638,0.13616,-0.559791,-0.802025,-7.884508,136.838715,-18.787285,-0.179609,0.960963,0.151493,0.146082,-3.842558,125.435173,15.238815,0.306431,0.865299,0.077543,-0.389032,12.323854,130.884338,21.30806,0.001466,0.174816,0.419803,-0.890619,24.468231,119.682312,4.127958,0.125476,0.038599,0.269739,-0.953943,11.267673,136.502747,-2.90915,-0.012483,0.894265,0.149474,0.421653,-11.199959,90.168701,5.495006,0.095035,0.946698,-0.069008,0.29995,-5.690074,54.705612,-4.041415,-0.031733,0.949205,-0.018894,0.312485,-16.276079,8.197451,-0.518978,-0.098196,0.894352,-0.088022,0.427486,2.946338,90.774025,18.190926,-0.024048,0.852399,-0.160806,0.49697,6.674141,54.931595,27.155096,-0.050228,0.840544,-0.106417,0.528809,0.990602,9.632808,41.409832,-0.031733,0.949205,-0.018894,0.312485,-7.498317,1.804861,-11.642236,-0.050228,0.840544,-0.106417,0.528809,13.648972,1.829302,36.880802
735,6.125,-0.008328,0.930016,-0.021354,0.366804,-4.038992,90.421585,12.156491,-0.037292,0.950068,0.021155,0.309082,-4.037625,98.210625,11.79915,-0.045568,0.955054,0.049623,0.288675,-5.260056,112.720398,12.048796,0.014906,0.974532,-0.08293,0.207819,-7.408398,131.121582,13.32039,0.115527,0.979881,-0.089996,0.135597,-5.706577,145.331787,9.318074,-0.003899,0.934479,0.140568,0.327071,-10.214127,124.971245,11.270478,0.350843,-0.571398,0.046527,-0.740438,-24.446981,126.504311,0.181857,0.068592,0.053429,-0.554045,-0.827934,-16.279095,115.30542,-19.208801,0.164021,0.137258,-0.569217,-0.793882,-7.450566,136.769348,-18.919403,-0.18473,0.95858,0.148603,0.157851,-3.906597,125.415421,15.499352,0.301138,0.87101,0.076364,-0.380561,12.062701,130.978806,21.973314,-0.004841,0.182809,0.414235,-0.891609,24.671118,119.86042,5.0755,0.119828,0.047151,0.264462,-0.955761,11.392546,136.524429,-2.170934,-0.010744,0.891479,0.149282,0.427628,-10.987761,90.125328,5.672321,0.096691,0.946156,-0.068154,0.301321,-5.535399,54.65498,-3.870178,-0.031013,0.949221,-0.01762,0.312583,-16.25082,8.165985,-0.488794,-0.095538,0.895395,-0.089858,0.425518,2.909775,90.71785,18.640661,-0.024249,0.855434,-0.156837,0.492997,6.423224,54.861416,27.63538,-0.051773,0.842834,-0.101645,0.525946,1.011393,9.442965,41.612404,-0.031013,0.949221,-0.01762,0.312583,-7.475328,1.800411,-11.629316,-0.051773,0.842834,-0.101645,0.525946,13.685429,1.756006,36.930473
736,6.133333,-0.00745,0.926588,-0.021582,0.375385,-3.994405,90.387177,12.47246,-0.036753,0.946538,0.019961,0.319868,-3.975721,98.176277,12.117001,-0.048634,0.95143,0.047553,0.300259,-5.173611,112.672363,12.32464,0.013228,0.972432,-0.085019,0.21673,-7.422397,131.070297,13.462612,0.115063,0.979026,-0.090653,0.141598,-5.702722,145.265366,9.414459,-0.008256,0.930411,0.139283,0.338922,-10.153288,124.900414,11.370831,0.357618,-0.563134,0.046808,-0.743504,-24.098383,126.331802,-0.090733,0.074524,0.056827,-0.560781,-0.822643,-15.484789,115.072502,-19.252186,0.171157,0.138456,-0.578542,-0.785381,-7.021156,136.686935,-19.021978,-0.18987,0.956087,0.145227,0.169578,-3.95394,125.387154,15.752244,0.296281,0.876372,0.074895,-0.372264,11.806577,131.069473,22.622435,-0.011547,0.191336,0.409298,-0.892038,24.851063,120.020721,6.012391,0.114172,0.056412,0.259013,-0.957442,11.53445,136.55246,-1.456747,-0.009069,0.888578,0.149187,0.433694,-10.822317,90.101822,5.860666,0.09781,0.94592,-0.067063,0.301945,-5.418605,54.626907,-3.692527,-0.030407,0.949427,-0.016708,0.312065,-16.205606,8.144608,-0.449539,-0.093434,0.896395,-0.090849,0.423665,2.833507,90.672531,19.084253,-0.024763,0.85873,-0.153279,0.48834,6.195161,54.799873,28.072279,-0.056005,0.845356,-0.100064,0.521752,1.069285,9.278274,41.81966,-0.030407,0.949427,-0.016708,0.312065,-7.446803,1.796942,-11.613387,-0.056005,0.845356,-0.100064,0.521752,13.751054,1.680607,37.014523
737,6.141667,-0.007449,0.923228,-0.021381,0.383584,-3.915353,90.339027,12.791562,-0.036921,0.94308,0.018988,0.329964,-3.894702,98.128265,12.439175,-0.051662,0.947891,0.045878,0.311014,-5.090322,112.628639,12.605742,0.012987,0.97032,-0.086977,0.225269,-7.438972,131.021088,13.624088,0.113739,0.978263,-0.091852,0.147067,-5.66287,145.199661,9.542583,-0.012584,0.92641,0.137505,0.350284,-10.096004,124.832581,11.492621,0.36482,-0.554194,0.047458,-0.746674,-23.754242,126.154724,-0.322054,0.081113,0.059795,-0.567679,-0.817059,-14.667389,114.827324,-19.223017,0.178643,0.139385,-0.588514,-0.776086,-6.578859,136.592896,-19.092388,-0.195061,0.953502,0.14178,0.180786,-4.001299,125.360527,16.013844,0.291894,0.881603,0.073515,-0.363552,11.544645,131.167953,23.258125,-0.018266,0.200429,0.404373,-0.892176,25.017759,120.174667,6.956282,0.10817,0.067006,0.253795,-0.958852,11.680876,136.576736,-0.759602,-0.006809,0.885731,0.149545,0.439398,-10.624925,90.052269,6.059767,0.099052,0.945544,-0.066385,0.302866,-5.296919,54.58263,-3.555327,-0.029762,0.949519,-0.015621,0.311902,-16.17901,8.115071,-0.420632,-0.090772,0.897763,-0.092503,0.42098,2.794219,90.625786,19.523357,-0.024618,0.862321,-0.149502,0.483162,5.95434,54.739235,28.529041,-0.057087,0.847388,-0.095577,0.519171,1.075485,9.10756,41.998547,-0.029762,0.949519,-0.015621,0.311902,-7.428332,1.789982,-11.603655,-0.057087,0.847388,-0.095577,0.519171,13.765654,1.615115,37.052433
738,6.15,-0.006755,0.919934,-0.021968,0.391398,-3.879152,90.305237,13.112513,-0.036164,0.939605,0.01817,0.33986,-3.841979,98.094231,12.756138,-0.054521,0.944258,0.044021,0.321661,-5.010024,112.590744,12.895208,0.01182,0.968138,-0.089164,0.233706,-7.447934,130.978134,13.787648,0.11289,0.977348,-0.093175,0.152855,-5.63977,145.139481,9.660718,-0.016792,0.922474,0.13575,0.361015,-10.033035,124.77169,11.62012,0.372696,-0.545386,0.047889,-0.749238,-23.410357,125.985512,-0.523024,0.088359,0.062924,-0.574095,-0.811572,-13.863765,114.585327,-19.151646,0.18625,0.140252,-0.598077,-0.766775,-6.134327,136.477997,-19.135689,-0.198897,0.951129,0.138347,0.191454,-4.045432,125.339508,16.277563,0.28825,0.886329,0.07423,-0.354716,11.301972,131.231308,23.86874,-0.024566,0.208923,0.399946,-0.892071,25.178423,120.307373,7.86127,0.101967,0.078211,0.248688,-0.960021,11.835872,136.598419,-0.086117,-0.004913,0.883053,0.150023,0.44462,-10.47374,90.023544,6.26783,0.100236,0.945224,-0.065379,0.303695,-5.197601,54.562889,-3.408824,-0.029714,0.949493,-0.015232,0.312008,-16.159788,8.105222,-0.40943,-0.08862,0.899102,-0.09353,0.418346,2.715436,90.586937,19.957193,-0.024242,0.865803,-0.145891,0.478031,5.727026,54.685898,28.956001,-0.055372,0.849204,-0.090008,0.517383,1.063669,8.950454,42.147018,-0.029714,0.949493,-0.015232,0.312008,-7.40593,1.790177,-11.595642,-0.055372,0.849204,-0.090008,0.517383,13.74494,1.54458,37.050011
739,6.158333,-0.007322,0.916722,-0.021638,0.398871,-3.799742,90.260468,13.426274,-0.035462,0.936119,0.017786,0.349439,-3.769828,98.049561,13.071392,-0.057458,0.940584,0.041956,0.332025,-4.916806,112.555016,13.195269,0.010804,0.965988,-0.090576,0.241965,-7.44133,130.936783,13.952393,0.11184,0.976423,-0.09507,0.158275,-5.602372,145.087448,9.802457,-0.020409,0.918896,0.133636,0.370616,-9.954461,124.711441,11.75465,0.38167,-0.536561,0.048107,-0.751077,-23.072535,125.825905,-0.677415,0.096697,0.065956,-0.580208,-0.806014,-13.071754,114.340988,-19.013401,0.194307,0.141025,-0.607565,-0.757114,-5.688631,136.350708,-19.149925,-0.203977,0.948377,0.135255,0.201694,-4.07493,125.321724,16.542582,0.28565,0.890838,0.074646,-0.345311,11.052548,131.339462,24.469007,-0.030174,0.218178,0.395968,-0.891458,25.313982,120.437538,8.788236,0.096245,0.089905,0.243422,-0.960937,12.010762,136.6185,0.57315,-0.002738,0.881082,0.150096,0.448507,-10.281866,89.968674,6.475406,0.101204,0.945331,-0.064457,0.303235,-5.103055,54.508423,-3.255132,-0.028774,0.9498,-0.013169,0.311252,-16.124191,8.057958,-0.362081,-0.085913,0.900557,-0.094736,0.415502,2.682383,90.552261,20.377142,-0.023804,0.869081,-0.142408,0.473129,5.505077,54.632996,29.364468,-0.058667,0.850581,-0.086654,0.515326,1.038966,8.799476,42.280464,-0.028774,0.9498,-0.013169,0.311252,-7.393022,1.788266,-11.591455,-0.058667,0.850581,-0.086654,0.515326,13.752735,1.51395,37.091789
740,6.166667,-0.007376,0.913459,-0.021507,0.406295,-3.744768,90.225838,13.733469,-0.034942,0.932769,0.017836,0.358334,-3.713576,98.015007,13.380368,-0.060023,0.937112,0.039953,0.3415,-4.848956,112.532249,13.500181,0.01067,0.963891,-0.091814,0.249743,-7.444707,130.908905,14.129427,0.110704,0.975465,-0.097609,0.163357,-5.553763,145.048981,9.966805,-0.024501,0.914401,0.132978,0.381559,-9.893034,124.666832,11.906148,0.390643,-0.527705,0.049791,-0.752626,-22.706364,125.693001,-0.847193,0.104502,0.068631,-0.586102,-0.800533,-12.264166,114.079514,-18.853155,0.201178,0.140785,-0.617094,-0.747598,-5.216493,136.19899,-19.145905,-0.207397,0.945972,0.131466,0.211755,-4.115177,125.31501,16.811436,0.282689,0.895116,0.074365,-0.336635,10.81072,131.411911,25.053247,-0.036032,0.227255,0.392119,-0.890674,25.434399,120.542671,9.686557,0.091111,0.101611,0.23913,-0.961349,12.176808,136.627319,1.213603,-0.000441,0.878993,0.150213,0.452556,-10.11321,89.931519,6.678401,0.101996,0.945074,-0.063556,0.303963,-5.035705,54.473328,-3.112872,-0.027843,0.949888,-0.011421,0.311138,-16.104174,8.027214,-0.332947,-0.083374,0.901775,-0.095347,0.413231,2.623674,90.520164,20.788536,-0.023471,0.871969,-0.139026,0.468819,5.281256,54.577602,29.732948,-0.060286,0.851622,-0.082774,0.514057,1.004334,8.651531,42.381435,-0.027843,0.949888,-0.011421,0.311138,-7.381214,1.795334,-11.589713,-0.060286,0.851622,-0.082774,0.514057,13.743729,1.47359,37.106384
741,6.175,-0.007394,0.910329,-0.021547,0.413259,-3.705513,90.20047,14.047236,-0.03357,0.929408,0.017727,0.367096,-3.671622,97.989609,13.693693,-0.062889,0.933517,0.037668,0.35096,-4.769384,112.503906,13.814523,0.009609,0.961694,-0.09308,0.257659,-7.440761,130.874069,14.300759,0.109787,0.974353,-0.100155,0.168973,-5.52234,145.00473,10.118787,-0.027794,0.910619,0.130623,0.391074,-9.821074,124.612823,12.057644,0.400047,-0.51849,0.051305,-0.753989,-22.361925,125.546196,-0.970703,0.113471,0.07163,-0.592237,-0.794512,-11.467409,113.814232,-18.628494,0.21005,0.141411,-0.625759,-0.737772,-4.77513,136.039917,-19.106215,-0.210778,0.943452,0.127682,0.221738,-4.148243,125.304878,17.078165,0.280114,0.899096,0.074322,-0.328082,10.569721,131.481232,25.628963,-0.040395,0.235695,0.388377,-0.889932,25.533497,120.637741,10.574694,0.086745,0.11232,0.238731,-0.96066,12.320966,136.618622,1.841942,0.001813,0.87698,0.150324,0.456405,-9.965408,89.903107,6.89581,0.102556,0.94446,-0.062598,0.305873,-4.988048,54.447628,-2.956488,-0.027686,0.950051,-0.010352,0.310693,-16.084698,8.000914,-0.301843,-0.080743,0.903144,-0.095812,0.410648,2.554381,90.497833,21.198664,-0.023072,0.874677,-0.135336,0.464858,5.048141,54.529808,30.087706,-0.06251,0.852183,-0.079537,0.513372,0.960659,8.505115,42.43679,-0.027686,0.950051,-0.010352,0.310693,-7.370868,1.795813,-11.580448,-0.06251,0.852183,-0.079537,0.513372,13.736195,1.432811,37.106758
742,6.183333,-0.007604,0.907201,-0.021594,0.420074,-3.644423,90.172585,14.36418,-0.03339,0.926059,0.018181,0.375459,-3.610543,97.961639,14.008871,-0.065325,0.930004,0.035587,0.359944,-4.710636,112.491348,14.134151,0.008104,0.959368,-0.095401,0.265416,-7.442695,130.855576,14.490027,0.109228,0.973039,-0.102692,0.175266,-5.501584,144.967728,10.25633,-0.031151,0.906826,0.128243,0.400313,-9.760777,124.578156,12.227013,0.409642,-0.509228,0.053148,-0.75502,-22.029669,125.414314,-1.064236,0.123301,0.074793,-0.598017,-0.788403,-10.690578,113.557205,-18.35474,0.220122,0.142315,-0.634862,-0.726804,-4.338477,135.879929,-19.04048,-0.213776,0.94108,0.124126,0.230785,-4.189857,125.307556,17.355213,0.277999,0.902949,0.074082,-0.319237,10.333755,131.555893,26.181608,-0.043932,0.2444,0.384955,-0.888903,25.626787,120.71701,11.458518,0.083553,0.122586,0.238036,-0.95986,12.483435,136.597519,2.443657,0.003571,0.875785,0.150539,0.458613,-9.796253,89.868881,7.119843,0.103564,0.944562,-0.061405,0.305462,-4.90111,54.418892,-2.793231,-0.026908,0.950243,-0.009262,0.310208,-16.052584,7.977915,-0.271161,-0.078035,0.904898,-0.096216,0.407202,2.507405,90.476288,21.608517,-0.022986,0.877679,-0.131585,0.460258,4.841979,54.482079,30.434612,-0.06507,0.853012,-0.076986,0.512064,0.978602,8.361233,42.493729,-0.026908,0.950243,-0.009262,0.310208,-7.356097,1.794251,-11.574905,-0.06507,0.853012,-0.076986,0.512064,13.780588,1.383284,37.103127
743,6.191667,-0.007715,0.90407,-0.021665,0.426765,-3.601974,90.157616,14.674938,-0.032422,0.922778,0.018693,0.38351,-3.566554,97.946594,14.318151,-0.067537,0.926544,0.033331,0.368571,-4.647009,112.472275,14.458386,0.009141,0.957087,-0.096732,0.273027,-7.427291,130.83136,14.68087,0.107151,0.971979,-0.106102,0.180328,-5.400368,144.93013,10.442762,-0.034427,0.903257,0.12603,0.408727,-9.687619,124.538589,12.402127,0.419034,-0.500087,0.055698,-0.755792,-21.702217,125.277916,-1.125064,0.132289,0.076074,-0.602967,-0.783034,-9.936524,113.281586,-18.030199,0.226994,0.141207,-0.642384,-0.718246,-3.86949,135.674301,-18.968016,-0.216943,0.938673,0.12037,0.239459,-4.216791,125.303711,17.63187,0.276574,0.906445,0.072506,-0.310817,10.1097,131.634628,26.717747,-0.046865,0.253279,0.382301,-0.887412,25.693298,120.757927,12.331083,0.081007,0.130737,0.23859,-0.958864,12.658206,136.556366,3.024028,0.005289,0.874942,0.150598,0.460183,-9.646016,89.849144,7.340632,0.10426,0.944057,-0.060274,0.307006,-4.842705,54.401611,-2.625984,-0.026847,0.950315,-0.008698,0.310007,-16.027843,7.961294,-0.244818,-0.075395,0.906199,-0.095889,0.404876,2.442067,90.466087,22.009243,-0.022894,0.879771,-0.128477,0.457135,4.632975,54.437149,30.729813,-0.06771,0.853582,-0.075086,0.511054,0.941703,8.23859,42.542847,-0.026847,0.950315,-0.008698,0.310007,-7.335117,1.792014,-11.559306,-0.06771,0.853582,-0.075086,0.511054,13.770822,1.343033,37.110893
744,6.2,-0.008021,0.90103,-0.021746,0.433136,-3.563219,90.156143,14.983302,-0.031715,0.919622,0.019349,0.391044,-3.529033,97.945,14.623563,-0.069574,0.923233,0.030883,0.376626,-4.599724,112.479088,14.780667,0.00935,0.954856,-0.097549,0.280439,-7.417273,130.833649,14.866405,0.105836,0.970639,-0.11003,0.185882,-5.332655,144.924973,10.631577,-0.037292,0.899993,0.122527,0.416665,-9.625025,124.525871,12.577621,0.428864,-0.490758,0.058503,-0.756181,-21.394894,125.159279,-1.168327,0.141965,0.077423,-0.60784,-0.77742,-9.203823,113.017166,-17.662992,0.234496,0.140356,-0.649581,-0.709476,-3.421353,135.468018,-18.874825,-0.219291,0.936259,0.116437,0.248543,-4.249766,125.326141,17.900377,0.275752,0.909637,0.072188,-0.302176,9.879097,131.713516,27.252323,-0.048107,0.261668,0.379745,-0.886007,25.736818,120.795883,13.200085,0.079212,0.139203,0.241451,-0.957105,12.807882,136.501282,3.589941,0.006298,0.874752,0.150326,0.460621,-9.502972,89.839569,7.564627,0.10526,0.943669,-0.058696,0.308162,-4.769553,54.386829,-2.416907,-0.026518,0.950404,-0.008079,0.309782,-16.001221,7.948589,-0.22142,-0.073179,0.907557,-0.095233,0.402387,2.376532,90.472717,22.401978,-0.022637,0.881447,-0.125427,0.45476,4.462974,54.410004,31.007811,-0.069424,0.853859,-0.073196,0.510635,0.9155,8.136264,42.567932,-0.026518,0.950404,-0.008079,0.309782,-7.315812,1.792661,-11.54879,-0.069424,0.853859,-0.073196,0.510635,13.769018,1.309737,37.106548
745,6.208333,-0.008569,0.898116,-0.021768,0.439136,-3.52632,90.176727,15.285519,-0.031274,0.916488,0.020594,0.398307,-3.497263,97.965416,14.92196,-0.071268,0.919939,0.028257,0.384494,-4.571019,112.488029,15.10884,0.010076,0.952536,-0.098167,0.287987,-7.409486,130.839493,15.056552,0.104624,0.969114,-0.114482,0.191742,-5.253618,144.924408,10.836068,-0.039536,0.896953,0.119353,0.423871,-9.570065,124.518188,12.760067,0.438795,-0.481557,0.061966,-0.756123,-21.114347,125.066063,-1.179498,0.152255,0.078101,-0.61188,-0.772219,-8.516723,112.759415,-17.241045,0.241845,0.139031,-0.656099,-0.701224,-2.968912,135.245895,-18.765923,-0.221896,0.934008,0.112611,0.25634,-4.289548,125.350365,18.17202,0.275698,0.912577,0.069805,-0.293806,9.655128,131.810608,27.747688,-0.049984,0.270083,0.378172,-0.884049,25.752077,120.794533,14.048725,0.078673,0.148073,0.243821,-0.955215,12.972901,136.442352,4.157065,0.00754,0.874029,0.149891,0.462113,-9.366372,89.848572,7.788603,0.106122,0.943204,-0.057044,0.309598,-4.711533,54.387413,-2.199972,-0.025907,0.950411,-0.007683,0.309821,-15.975402,7.948312,-0.196092,-0.071182,0.908678,-0.09387,0.400532,2.313732,90.504875,22.782434,-0.022653,0.882231,-0.122759,0.453967,4.325199,54.401623,31.234753,-0.069098,0.854004,-0.070575,0.510805,0.906136,8.064612,42.578094,-0.025907,0.950411,-0.007683,0.309821,-7.294954,1.797289,-11.529931,-0.069098,0.854004,-0.070575,0.510805,13.773152,1.291998,37.081482
746,6.216667,-0.009712,0.895291,-0.021396,0.444862,-3.47254,90.207588,15.567604,-0.032041,0.913532,0.021154,0.404952,-3.459703,97.996208,15.201506,-0.072252,0.916939,0.026232,0.391553,-4.562323,112.524048,15.386502,0.009743,0.950291,-0.098711,0.295142,-7.404313,130.874359,15.229143,0.104547,0.967236,-0.119011,0.198396,-5.209496,144.955276,11.01542,-0.041639,0.894124,0.115912,0.430549,-9.527101,124.544846,12.920073,0.449081,-0.471801,0.066491,-0.75585,-20.858551,125.003883,-1.196213,0.162997,0.078238,-0.615713,-0.766947,-7.84521,112.507759,-16.772703,0.248702,0.137226,-0.66197,-0.693622,-2.518788,135.012848,-18.64526,-0.223109,0.931571,0.107744,0.266063,-4.332075,125.396515,18.411154,0.276783,0.914944,0.071897,-0.284778,9.4091,131.885345,28.257841,-0.049361,0.277877,0.377298,-0.88204,25.726471,120.789185,14.888258,0.077997,0.156422,0.248103,-0.952835,13.113882,136.372833,4.702521,0.008409,0.87383,0.149059,0.462743,-9.215932,89.861214,7.997195,0.107235,0.942767,-0.055232,0.31087,-4.63892,54.382618,-1.965395,-0.025743,0.950388,-0.007553,0.309907,-15.95189,7.946795,-0.173289,-0.069752,0.909763,-0.09256,0.398621,2.270851,90.553963,23.138014,-0.022404,0.882642,-0.12045,0.453799,4.243501,54.417591,31.456924,-0.069556,0.854191,-0.069604,0.510563,0.906539,8.025784,42.598969,-0.025743,0.950388,-0.007553,0.309907,-7.270887,1.797772,-11.507786,-0.069556,0.854191,-0.069604,0.510563,13.780718,1.281758,37.084011
747,6.225,-0.010784,0.892416,-0.021389,0.450577,-3.450856,90.249939,15.83448,-0.031582,0.910534,0.022113,0.411632,-3.450647,98.038223,15.461044,-0.073496,0.913815,0.023923,0.398709,-4.555357,112.584923,15.669173,0.010628,0.947841,-0.099319,0.302688,-7.403971,130.9328,15.39278,0.104015,0.965288,-0.12375,0.205148,-5.133639,145.00708,11.196873,-0.043074,0.891713,0.111609,0.436504,-9.486334,124.592865,13.075537,0.458493,-0.462388,0.072063,-0.755505,-20.626408,124.966179,-1.194768,0.173779,0.077842,-0.618719,-0.762186,-7.230703,112.264488,-16.272882,0.255834,0.135182,-0.6669,-0.686673,-2.074899,134.770233,-18.508465,-0.224381,0.929098,0.103298,0.275244,-4.380106,125.469543,18.645411,0.277777,0.917347,0.070359,-0.276342,9.16048,131.989685,28.746027,-0.049755,0.286549,0.376432,-0.87961,25.677258,120.769188,15.72973,0.077879,0.165105,0.252453,-0.950233,13.258129,136.298309,5.238291,0.009227,0.873023,0.148041,0.464574,-9.096514,89.883636,8.191834,0.108311,0.942528,-0.053086,0.311597,-4.586894,54.383648,-1.725185,-0.024187,0.950138,-0.007075,0.310809,-15.9342,7.947746,-0.167398,-0.069206,0.910537,-0.090781,0.397356,2.194801,90.616241,23.477127,-0.022173,0.882564,-0.118495,0.454476,4.195735,54.450024,31.658422,-0.070079,0.854464,-0.069212,0.510088,0.916312,8.012536,42.625885,-0.024187,0.950138,-0.007075,0.310809,-7.248224,1.797568,-11.497464,-0.070079,0.854464,-0.069212,0.510088,13.791779,1.284425,37.094517
748,6.233333,-0.012499,0.889503,-0.021417,0.456257,-3.422958,90.313065,16.082514,-0.032558,0.907694,0.023327,0.417716,-3.443951,98.1007,15.696505,-0.073374,0.911056,0.022,0.405104,-4.592093,112.662506,15.917748,0.011649,0.945584,-0.099362,0.309617,-7.405792,131.014328,15.558207,0.103901,0.963202,-0.12903,0.211657,-5.065101,145.086899,11.395388,-0.043916,0.889314,0.106454,0.442559,-9.465738,124.672363,13.226501,0.469242,-0.453036,0.077666,-0.754014,-20.410374,124.964165,-1.19611,0.185717,0.077846,-0.62093,-0.757558,-6.646566,112.038445,-15.742946,0.262707,0.13297,-0.67233,-0.679174,-1.618077,134.531677,-18.356756,-0.224973,0.926719,0.098493,0.284392,-4.437444,125.553802,18.866085,0.279693,0.919367,0.070028,-0.26764,8.908094,132.089722,29.213078,-0.049262,0.294764,0.376323,-0.876966,25.599579,120.725044,16.549519,0.077979,0.173691,0.258161,-0.947156,13.389534,136.219391,5.757901,0.010295,0.871724,0.14668,0.467415,-8.9699,89.915802,8.369459,0.109297,0.94214,-0.051095,0.312756,-4.544547,54.387569,-1.484172,-0.023667,0.949993,-0.006695,0.311301,-15.923041,7.952368,-0.149281,-0.069157,0.91096,-0.088888,0.396822,2.123985,90.710327,23.795567,-0.021727,0.882407,-0.116733,0.455257,4.183222,54.518341,31.847418,-0.069337,0.854749,-0.069268,0.509704,0.933693,8.03935,42.646667,-0.023667,0.949993,-0.006695,0.311301,-7.230116,1.807857,-11.477081,-0.069337,0.854749,-0.069268,0.509704,13.794973,1.296574,37.100185
749,6.241667,-0.014133,0.886663,-0.022,0.461676,-3.403503,90.379776,16.323477,-0.033776,0.904749,0.024859,0.423875,-3.440531,98.166344,15.917526,-0.07315,0.908146,0.019889,0.411734,-4.644015,112.757454,16.156868,0.012507,0.942936,-0.101112,0.317003,-7.415365,131.113785,15.709092,0.103885,0.960882,-0.133455,0.219327,-4.990783,145.168762,11.53486,-0.044263,0.887055,0.101438,0.448201,-9.453424,124.76989,13.363459,0.479343,-0.444042,0.084532,-0.752271,-20.214956,124.994446,-1.197483,0.197635,0.077036,-0.622471,-0.753349,-6.119573,111.81636,-15.189815,-0.269902,-0.129908,0.676364,0.672911,-1.175306,134.27272,-18.203865,-0.224996,0.924249,0.094101,0.293744,-4.507018,125.655975,19.07428,0.281475,0.921333,0.068998,-0.259147,8.642323,132.185944,29.673164,-0.049137,0.303597,0.376164,-0.874023,25.499434,120.67572,17.36545,0.077908,0.182316,0.263332,-0.944112,13.523495,136.129532,6.264853,0.011372,0.870377,0.145135,0.470373,-8.855017,89.948296,8.544504,0.110353,0.942001,-0.048782,0.313172,-4.520038,54.388313,-1.23447,-0.023151,0.949834,-0.006034,0.311839,-15.924978,7.9532,-0.144624,-0.069746,0.910771,-0.087168,0.397533,2.048012,90.811249,24.102449,-0.020845,0.882257,-0.11478,0.456085,4.192143,54.602848,32.057762,-0.068651,0.854907,-0.069805,0.509459,0.943806,8.076996,42.65369,-0.023151,0.949834,-0.006034,0.311839,-7.223026,1.821997,-11.472703,-0.068651,0.854907,-0.069805,0.509459,13.790809,1.3101,37.103493
750,6.25,-0.016059,0.883803,-0.022334,0.46705,-3.376534,90.43914,16.554428,-0.035446,0.901704,0.026318,0.430094,-3.435198,98.224571,16.129646,-0.072556,0.905154,0.018198,0.41845,-4.707055,112.860664,16.378977,0.014661,0.940255,-0.101921,0.324528,-7.42899,131.22261,15.863154,0.103484,0.958518,-0.138705,0.226486,-4.892722,145.266144,11.716886,-0.044535,0.884689,0.096559,0.453892,-9.446575,124.879883,13.496719,0.488926,-0.435648,0.091885,-0.750147,-20.021307,125.040245,-1.201287,0.209655,0.076594,-0.623071,-0.74964,-5.635752,111.600563,-14.638483,-0.27752,-0.126934,0.67958,0.667114,-0.724335,134.003189,-18.033106,-0.224756,0.921853,0.089639,0.302717,-4.583673,125.763191,19.279242,0.283836,0.923026,0.068087,-0.250648,8.37577,132.283966,30.115038,-0.049159,0.312215,0.376359,-0.870896,25.375795,120.60833,18.164892,0.077686,0.191515,0.267926,-0.941011,13.646942,136.033813,6.772113,0.012862,0.868848,0.143359,0.473694,-8.732028,89.970848,8.711151,0.11105,0.942091,-0.046588,0.312989,-4.518596,54.375488,-0.991973,-0.023564,0.949798,-0.005314,0.311929,-15.920729,7.935104,-0.118392,-0.070778,0.909984,-0.085493,0.399514,1.97896,90.90744,24.397707,-0.019668,0.882802,-0.113043,0.455516,4.225692,54.688324,32.2756,-0.067991,0.85525,-0.070454,0.508881,0.960977,8.120066,42.678459,-0.023564,0.949798,-0.005314,0.311929,-7.209472,1.82728,-11.451954,-0.067991,0.85525,-0.070454,0.508881,13.788557,1.32596,37.116585
751,6.258333,-0.017842,0.88096,-0.022404,0.472324,-3.349054,90.507477,16.771271,-0.036663,0.898647,0.027945,0.436245,-3.429141,98.291916,16.332064,-0.072285,0.902094,0.016426,0.425125,-4.759166,112.962509,16.6007,0.016307,0.937342,-0.103604,0.33225,-7.440308,131.328171,16.009735,0.103291,0.955923,-0.14349,0.234419,-4.796934,145.352631,11.865763,-0.044384,0.882411,0.091918,0.459274,-9.433762,124.984505,13.62549,0.497448,-0.427851,0.099806,-0.748016,-19.830996,125.094986,-1.199064,0.221311,0.075856,-0.623022,-0.746399,-5.196898,111.390091,-14.088843,-0.2856,-0.123666,0.681812,0.66202,-0.279095,133.723434,-17.855465,-0.22425,0.919394,0.085197,0.311718,-4.655931,125.870323,19.478121,0.286417,0.924452,0.068146,-0.242301,8.111447,132.375153,30.548948,-0.048392,0.320258,0.376556,-0.867928,25.237476,120.540062,18.940458,0.077092,0.200563,0.273601,-0.937536,13.74473,135.928864,7.263639,0.014685,0.866719,0.141652,0.478035,-8.609176,90.007317,8.865664,0.111639,0.94182,-0.044544,0.313891,-4.525394,54.379547,-0.773726,-0.023764,0.949594,-0.005162,0.312538,-15.920411,7.933915,-0.112714,-0.071808,0.908253,-0.083673,0.403632,1.911068,91.007637,24.676878,-0.018764,0.88278,-0.111298,0.456027,4.246603,54.776573,32.47353,-0.06709,0.85549,-0.071118,0.508506,0.976092,8.167559,42.690361,-0.023764,0.949594,-0.005162,0.312538,-7.191705,1.832526,-11.436314,-0.06709,0.85549,-0.071118,0.508506,13.784281,1.342621,37.121536
752,6.266667,-0.019029,0.87817,-0.022649,0.477433,-3.33264,90.56356,16.982357,-0.03814,0.895582,0.029531,0.442275,-3.424605,98.347145,16.530506,-0.071831,0.899034,0.014757,0.431695,-4.820371,113.058456,16.813622,0.018185,0.934405,-0.105017,0.339895,-7.455402,131.428497,16.154701,0.103381,0.953181,-0.148639,0.242208,-4.701607,145.435577,12.023941,-0.043967,0.880119,0.087189,0.464603,-9.426465,125.08503,13.751345,0.505218,-0.420671,0.107498,-0.745812,-19.646742,125.150658,-1.196024,0.232776,0.075592,-0.622146,-0.743664,-4.798214,111.19722,-13.563338,-0.29397,-0.1204,0.684155,0.656519,0.171329,133.456009,-17.669771,-0.223765,0.916781,0.080663,0.320835,-4.733283,125.970604,19.672108,0.289117,0.925768,0.067817,-0.234023,7.833129,132.462646,30.9779,-0.04828,0.328918,0.376978,-0.864506,25.07304,120.459877,19.715286,0.076306,0.209426,0.277423,-0.934535,13.85006,135.820526,7.753127,0.016322,0.864875,0.13948,0.481945,-8.499657,90.040115,9.017083,0.112094,0.941685,-0.042301,0.314444,-4.555667,54.370773,-0.526295,-0.02294,0.949537,-0.003771,0.312792,-15.925062,7.916227,-0.08755,-0.073051,0.906337,-0.082142,0.408006,1.834376,91.087006,24.947632,-0.017595,0.883463,-0.109476,0.455191,4.262552,54.85046,32.690315,-0.065468,0.855741,-0.07106,0.508303,0.982724,8.198887,42.707985,-0.02294,0.949537,-0.003771,0.312792,-7.195338,1.844718,-11.426415,-0.065468,0.855741,-0.07106,0.508303,13.769775,1.348187,37.122257
753,6.275,-0.019461,0.875504,-0.022922,0.482274,-3.332911,90.624321,17.190796,-0.039507,0.892354,0.030863,0.448544,-3.426226,98.407448,16.731478,-0.071608,0.895705,0.013308,0.438642,-4.881986,113.158287,17.022608,0.020043,0.93109,-0.107774,0.347928,-7.480921,131.531006,16.298754,0.103499,0.950261,-0.153148,0.250676,-4.601552,145.507248,12.149199,-0.04374,0.87769,0.083067,0.469943,-9.423141,125.187073,13.873288,0.511963,-0.414164,0.115466,-0.74366,-19.463413,125.21051,-1.195704,0.243522,0.074977,-0.620614,-0.741561,-4.44064,111.009155,-13.060154,-0.30199,-0.116703,0.68526,0.652381,0.619497,133.177155,-17.486042,-0.223089,0.914316,0.077165,0.329096,-4.821471,126.074074,19.865236,0.291727,0.926963,0.06694,-0.226172,7.561444,132.541306,31.385666,-0.048588,0.337031,0.377242,-0.861242,24.901308,120.371902,20.460388,0.074348,0.218124,0.283369,-0.930911,13.929712,135.710281,8.237844,0.018189,0.862747,0.137407,0.486268,-8.411253,90.090057,9.16941,0.112238,0.941737,-0.039976,0.314541,-4.61439,54.382862,-0.291742,-0.022615,0.949556,-0.00278,0.312768,-15.927821,7.913125,-0.067608,-0.07418,0.904086,-0.080252,0.413142,1.745431,91.158585,25.212183,-0.016792,0.883682,-0.107803,0.455195,4.263849,54.911591,32.876755,-0.065079,0.855863,-0.071231,0.508123,0.989303,8.222607,42.720379,-0.022615,0.949556,-0.00278,0.312768,-7.199242,1.865287,-11.419996,-0.065079,0.855863,-0.071231,0.508123,13.768351,1.361191,37.129486
754,6.283333,-0.020482,0.872945,-0.022663,0.486862,-3.297916,90.656754,17.394272,-0.041257,0.889182,0.032268,0.454546,-3.404682,98.43943,16.930256,-0.071537,0.89242,0.011744,0.445343,-4.932883,113.237671,17.22599,0.022043,0.927903,-0.108591,0.355974,-7.498169,131.612228,16.432037,0.104164,0.946997,-0.159238,0.258824,-4.508535,145.575882,12.318194,-0.043024,0.875321,0.079619,0.474998,-9.411265,125.266495,13.988182,0.517366,-0.408302,0.123526,-0.741865,-19.280811,125.27224,-1.193193,0.253521,0.07435,-0.618516,-0.740025,-4.120006,110.833649,-12.586355,-0.310147,-0.112971,0.685754,0.648682,1.063563,132.907089,-17.300644,-0.222634,0.911628,0.073443,0.337602,-4.899559,126.158188,20.04747,0.294833,0.927886,0.06766,-0.217997,7.285306,132.610443,31.785431,-0.0482,0.344669,0.378041,-0.857884,24.711418,120.272194,21.191776,0.072569,0.225935,0.288312,-0.927666,14.002985,135.592224,8.723066,0.020115,0.861093,0.135439,0.489663,-8.290916,90.106888,9.320534,0.112615,0.94134,-0.038004,0.315835,-4.651894,54.365295,-0.072509,-0.022881,0.949468,-0.001611,0.313026,-15.940338,7.888946,-0.052686,-0.074706,0.901696,-0.078652,0.418543,1.695085,91.206619,25.46801,-0.016125,0.883621,-0.106104,0.455737,4.253084,54.946541,33.057278,-0.064837,0.855915,-0.070852,0.50812,0.990596,8.220684,42.728432,-0.022881,0.949468,-0.001611,0.313026,-7.198685,1.875408,-11.413233,-0.064837,0.855915,-0.070852,0.50812,13.76898,1.363839,37.130417
755,6.291667,-0.02075,0.870319,-0.022813,0.491522,-3.271167,90.677032,17.607563,-0.043147,0.885747,0.033008,0.460978,-3.377929,98.459435,17.138893,-0.071405,0.888822,0.010381,0.452537,-4.972886,113.296173,17.41785,0.023068,0.924554,-0.109755,0.364172,-7.504473,131.672562,16.560431,0.105111,0.943575,-0.164873,0.267273,-4.4266,145.622543,12.465343,-0.042233,0.873133,0.076226,0.479629,-9.384709,125.325966,14.09341,0.521783,-0.403372,0.131081,-0.74017,-19.096569,125.314568,-1.189317,0.262737,0.074315,-0.615858,-0.73903,-3.836711,110.656036,-12.161597,-0.318617,-0.109314,0.684969,0.646027,1.497966,132.636765,-17.111162,-0.22207,0.908744,0.069816,0.346402,-4.970979,126.22007,20.224085,0.297695,0.928701,0.068931,-0.210098,7.004981,132.652603,32.185726,-0.048678,0.352271,0.378284,-0.854656,24.511448,120.163437,21.906067,0.068957,0.235479,0.292593,-0.924221,14.052226,135.457794,9.207493,0.022276,0.85964,0.133467,0.492655,-8.177255,90.120354,9.481185,0.112695,0.940794,-0.036024,0.317662,-4.716077,54.346191,0.145082,-0.023654,0.949346,-0.000602,0.313342,-15.95229,7.857537,-0.037415,-0.074984,0.899243,-0.076828,0.424072,1.634921,91.233719,25.733938,-0.015869,0.882701,-0.104379,0.457922,4.223011,54.955673,33.226471,-0.065231,0.85592,-0.070298,0.508137,0.990853,8.194312,42.734802,-0.023654,0.949346,-0.000602,0.313342,-7.190862,1.87887,-11.401132,-0.065231,0.85592,-0.070298,0.508137,13.777145,1.356406,37.131691
756,6.3,-0.020689,0.868008,-0.023039,0.495584,-3.247365,90.690491,17.82106,-0.045589,0.882543,0.033657,0.466804,-3.349361,98.472771,17.349318,-0.07109,0.885475,0.009205,0.459124,-5.024854,113.351181,17.601534,0.024708,0.921243,-0.110702,0.372084,-7.519675,131.730087,16.692062,0.106352,0.939904,-0.171423,0.275469,-4.341169,145.666656,12.62829,-0.041326,0.870843,0.072716,0.484394,-9.371133,125.383926,14.20228,0.524801,-0.398595,0.138733,-0.739229,-18.919397,125.356209,-1.183163,0.271128,0.073674,-0.612804,-0.738602,-3.575322,110.495399,-11.758738,-0.32654,-0.105473,0.683915,0.643823,1.935533,132.372452,-16.93082,-0.221174,0.905962,0.065985,0.35491,-5.048087,126.277306,20.397339,0.300279,0.929533,0.069001,-0.202582,6.726175,132.685791,32.570267,-0.050063,0.360127,0.378652,-0.851131,24.306847,120.046303,22.60582,0.065465,0.244026,0.296349,-0.921055,14.113398,135.331665,9.68931,0.023928,0.858637,0.1318,0.494772,-8.077238,90.131828,9.649289,0.112946,0.940664,-0.033885,0.318193,-4.760033,54.33049,0.365276,-0.023701,0.949298,0.000483,0.313481,-15.954176,7.832962,-0.023442,-0.07495,0.896707,-0.075065,0.429726,1.582509,91.249146,25.992832,-0.015841,0.8815,-0.102667,0.460615,4.178225,54.95084,33.383919,-0.065633,0.855938,-0.069544,0.50816,0.990389,8.15548,42.73872,-0.023701,0.949298,0.000483,0.313481,-7.185389,1.884217,-11.397176,-0.065633,0.855938,-0.069544,0.50816,13.785851,1.341146,37.127834
757,6.308333,-0.020576,0.865798,-0.023016,0.49944,-3.219694,90.699112,18.026371,-0.048235,0.879345,0.033962,0.472517,-3.318236,98.481483,17.555361,-0.07066,0.882127,0.008041,0.465611,-5.073801,113.391647,17.767698,0.025352,0.917956,-0.111688,0.37979,-7.527792,131.77356,16.809259,0.10843,0.935971,-0.177785,0.283892,-4.276164,145.699005,12.765228,-0.04037,0.868541,0.070125,0.488967,-9.351782,125.428406,14.296755,0.527013,-0.394311,0.146361,-0.738481,-18.741659,125.400368,-1.185864,0.279145,0.073745,-0.609606,-0.738255,-3.339349,110.341537,-11.390178,-0.335004,-0.102895,0.681805,0.642126,2.350811,132.123352,-16.746054,-0.22074,0.902921,0.062258,0.363499,-5.119073,126.31974,20.554178,0.303,0.930236,0.069574,-0.194966,6.438668,132.718216,32.938049,-0.051416,0.36746,0.379145,-0.84769,24.08543,119.928276,23.287317,0.061516,0.25177,0.299993,-0.918059,14.149289,135.211258,10.172625,0.025627,0.857336,0.130214,0.497356,-7.976695,90.141716,9.811879,0.113258,0.940512,-0.031847,0.318742,-4.798624,54.315758,0.574242,-0.023164,0.9492,0.001639,0.313815,-15.958841,7.81216,-0.013835,-0.074663,0.894103,-0.073676,0.435405,1.537307,91.256508,26.240864,-0.016026,0.880029,-0.100786,0.463825,4.112716,54.939663,33.547516,-0.066052,0.855933,-0.068459,0.50826,0.990177,8.108276,42.742695,-0.023164,0.9492,0.001639,0.313815,-7.184492,1.889855,-11.397079,-0.066052,0.855933,-0.068459,0.50826,13.797982,1.325543,37.121677
758,6.316667,-0.020057,0.863718,-0.022857,0.503058,-3.200826,90.698219,18.226067,-0.050673,0.876179,0.03394,0.478112,-3.291664,98.481026,17.760857,-0.07029,0.878771,0.007019,0.471986,-5.116466,113.419006,17.926676,0.027026,0.914551,-0.112335,0.387618,-7.533573,131.803436,16.923613,0.10982,0.931992,-0.184606,0.291978,-4.184659,145.717972,12.921739,-0.039239,0.866394,0.067105,0.493274,-9.328753,125.459221,14.388053,0.527927,-0.390884,0.153432,-0.738215,-18.568697,125.426781,-1.184498,0.286024,0.074218,-0.605935,-0.738596,-3.139146,110.190048,-11.078835,-0.342954,-0.100686,0.679051,0.641198,2.753469,131.882721,-16.562099,-0.21992,0.899966,0.058766,0.37181,-5.186189,126.348564,20.705791,0.305308,0.930924,0.07024,-0.187705,6.163338,132.72496,33.291965,-0.053847,0.374566,0.379403,-0.844307,23.875601,119.804527,23.939705,0.056666,0.260074,0.302998,-0.915064,14.185832,135.09584,10.654415,0.027508,0.855975,0.128558,0.500022,-7.88926,90.150093,9.971627,0.113221,0.939986,-0.029989,0.32048,-4.863922,54.299744,0.777471,-0.023263,0.949242,0.002797,0.313672,-15.963512,7.784369,0.003032,-0.074355,0.89198,-0.07246,0.439991,1.487609,91.246346,26.480505,-0.016285,0.87831,-0.098931,0.467461,4.045527,54.912903,33.710377,-0.06693,0.855954,-0.067284,0.508267,0.990015,8.046857,42.750214,-0.023263,0.949242,0.002797,0.313672,-7.187783,1.894324,-11.395872,-0.06693,0.855954,-0.067284,0.508267,13.814441,1.304983,37.117954
759,6.325,-0.019653,0.861893,-0.022664,0.506202,-3.178421,90.695107,18.420979,-0.053265,0.873067,0.034127,0.483479,-3.263668,98.478302,17.961216,-0.069876,0.875414,0.005709,0.478263,-5.16335,113.433746,18.083059,0.028286,0.911083,-0.112878,0.395457,-7.5366,131.820938,17.027512,0.111737,0.927678,-0.191667,0.300321,-4.102889,145.726746,13.067271,-0.037773,0.864393,0.064501,0.497231,-9.305208,125.477051,14.472559,0.529238,-0.388296,0.159464,-0.737364,-18.40731,125.456108,-1.180981,0.292824,0.075394,-0.601917,-0.739098,-2.971609,110.054436,-10.806721,-0.350442,-0.099062,0.675892,0.640739,3.137163,131.662018,-16.383965,-0.219527,0.896974,0.055522,0.379689,-5.252498,126.36615,20.848343,0.308094,0.931374,0.07032,-0.180763,5.888863,132.73378,33.623531,-0.056444,0.381172,0.380228,-0.840803,23.641611,119.660522,24.564987,0.051987,0.26752,0.306964,-0.911868,14.20291,134.985764,11.133763,0.029071,0.855017,0.126986,0.501971,-7.806812,90.154785,10.132212,0.113433,0.93993,-0.027871,0.32076,-4.918717,54.281174,0.984756,-0.023286,0.949151,0.003742,0.313936,-15.972567,7.758671,0.010179,-0.073665,0.889586,-0.071356,0.445104,1.449969,91.235428,26.709747,-0.01688,0.876176,-0.097068,0.471814,3.958014,54.88261,33.859226,-0.06754,0.855961,-0.065863,0.508361,0.991906,7.983536,42.756416,-0.023286,0.949151,0.003742,0.313936,-7.187214,1.894669,-11.394741,-0.06754,0.855961,-0.065863,0.508361,13.832466,1.284034,37.110374
760,6.333333,-0.019342,0.860186,-0.022763,0.509104,-3.164121,90.692993,18.620762,-0.055439,0.870035,0.03379,0.488696,-3.24286,98.476318,18.161848,-0.069439,0.872097,0.004724,0.484358,-5.197509,113.443863,18.231411,0.029576,0.907458,-0.114329,0.403204,-7.531562,131.83371,17.135303,0.113356,0.923244,-0.198465,0.30884,-4.002763,145.721313,13.194901,-0.036646,0.862377,0.062287,0.501083,-9.272642,125.491058,14.558467,0.528871,-0.385755,0.16585,-0.737551,-18.238514,125.476852,-1.17351,0.298247,0.075794,-0.598001,-0.740067,-2.808081,109.920052,-10.555155,-0.356804,-0.09807,0.671695,0.641794,3.514192,131.441132,-16.211346,-0.218724,0.893685,0.051523,0.38837,-5.308266,126.377556,20.989908,0.310414,0.931822,0.071684,-0.173816,5.604341,132.731873,33.967571,-0.058988,0.387977,0.380771,-0.837262,23.406128,119.537041,25.185766,0.046792,0.275064,0.309753,-0.908957,14.222947,134.880646,11.606894,0.030475,0.854451,0.125431,0.503242,-7.736701,90.156189,10.300846,0.113558,0.93981,-0.025611,0.321257,-4.982618,54.259621,1.202236,-0.023525,0.949122,0.004582,0.313995,-15.978215,7.728258,0.01502,-0.073046,0.887715,-0.070226,0.449105,1.408458,91.229805,26.94068,-0.016816,0.874486,-0.095744,0.475209,3.881967,54.858364,34.006989,-0.068306,0.855964,-0.06469,0.508404,0.936483,7.934669,42.780315,-0.023525,0.949122,0.004582,0.313995,-7.186071,1.889386,-11.397558,-0.068306,0.855964,-0.06469,0.508404,13.792746,1.2744,37.123596
761,6.341667,-0.019138,0.858617,-0.022838,0.511752,-3.150034,90.683456,18.810759,-0.057711,0.867116,0.034506,0.493547,-3.224025,98.466843,18.35224,-0.06879,0.8689,0.003407,0.490172,-5.252233,113.44986,18.395658,0.031173,0.903902,-0.115431,0.410688,-7.534144,131.84343,17.253307,0.115285,0.918635,-0.206026,0.316815,-3.907864,145.715149,13.345506,-0.035535,0.860223,0.059712,0.505162,-9.253333,125.502121,14.658525,0.528751,-0.383549,0.17135,-0.737531,-18.073463,125.48748,-1.155618,0.303236,0.076314,-0.59424,-0.741015,-2.65056,109.795296,-10.321662,-0.362382,-0.097213,0.667368,0.643311,3.875141,131.237305,-16.041622,-0.218209,0.890753,0.048241,0.395749,-5.373807,126.38607,21.141851,0.313653,0.931813,0.074882,-0.166552,5.337415,132.73378,34.289406,-0.060528,0.393467,0.382573,-0.833761,23.16069,119.395767,25.771463,0.042914,0.281647,0.31227,-0.906268,14.23575,134.782135,12.085068,0.031842,0.853053,0.124453,0.505765,-7.671362,90.148697,10.462751,0.113843,0.939639,-0.023862,0.321789,-5.013968,54.240322,1.382029,-0.023598,0.949119,0.005227,0.313988,-15.980816,7.70689,0.022555,-0.072518,0.885766,-0.069153,0.453185,1.371294,91.218224,27.158768,-0.01713,0.873117,-0.09418,0.47802,3.814307,54.829956,34.148651,-0.068623,0.856081,-0.063311,0.508339,0.938536,7.878867,42.797661,-0.023598,0.949119,0.005227,0.313988,-7.185966,1.886274,-11.397261,-0.068623,0.856081,-0.063311,0.508339,13.804942,1.25488,37.121441
762,6.35,-0.018564,0.857087,-0.023121,0.514318,-3.156976,90.685745,18.988796,-0.059711,0.864614,0.034931,0.497652,-3.219651,98.469269,18.530869,-0.067886,0.86624,0.002047,0.49499,-5.308173,113.456558,18.545563,0.032653,0.900505,-0.116566,0.417657,-7.529806,131.854996,17.363443,0.117376,0.913776,-0.213751,0.32488,-3.811912,145.710587,13.484674,-0.034318,0.858011,0.057346,0.509266,-9.236262,125.516022,14.75459,0.527398,-0.381427,0.177212,-0.738214,-17.908701,125.507309,-1.141033,0.307273,0.076577,-0.590572,-0.742256,-2.50581,109.681343,-10.108585,-0.367346,-0.096989,0.662735,0.645315,4.219046,131.049377,-15.873945,-0.21765,0.887554,0.044558,0.403598,-5.427061,126.395264,21.280121,0.316307,0.931936,0.076733,-0.159865,5.065772,132.739868,34.604107,-0.062443,0.399593,0.383206,-0.830409,22.913412,119.272324,26.344902,0.037234,0.288513,0.315431,-0.903259,14.229626,134.67334,12.526168,0.032983,0.851823,0.123303,0.508041,-7.628643,90.157013,10.613697,0.113902,0.939601,-0.021898,0.322021,-5.062912,54.23296,1.568679,-0.023104,0.949152,0.005652,0.313918,-15.97468,7.692218,0.028264,-0.072439,0.88411,-0.067938,0.456604,1.31469,91.214485,27.363894,-0.01716,0.872466,-0.092823,0.479472,3.767274,54.813004,34.28125,-0.069049,0.856401,-0.062423,0.507851,0.942165,7.83773,42.814873,-0.023104,0.949152,0.005652,0.313918,-7.185762,1.878399,-11.399579,-0.069049,0.856401,-0.062423,0.507851,13.811072,1.239445,37.114437
763,6.358333,-0.01882,0.855801,-0.02318,0.516444,-3.140284,90.678879,19.159861,-0.060932,0.862022,0.036189,0.501893,-3.204772,98.462212,18.698936,-0.067796,0.863257,0.000535,0.500191,-5.347387,113.465561,18.717503,0.03436,0.896847,-0.118193,0.424871,-7.530929,131.864594,17.475206,0.119334,0.908825,-0.221569,0.332722,-3.708427,145.697968,13.618869,-0.033546,0.855791,0.055142,0.513279,-9.213627,125.523033,14.857236,0.526562,-0.37998,0.181894,-0.738419,-17.739332,125.508369,-1.117565,0.310992,0.077481,-0.587097,-0.743369,-2.364074,109.567383,-9.927421,-0.371732,-0.097239,0.658342,0.647261,4.543798,130.872864,-15.709448,-0.216802,0.884526,0.040849,0.411025,-5.482981,126.409363,21.427036,0.320458,0.931422,0.077889,-0.153929,4.804094,132.74617,34.914177,-0.065125,0.405342,0.385452,-0.826367,22.614525,119.088867,26.88962,0.032767,0.295584,0.318071,-0.900215,14.214432,134.571289,12.980368,0.034245,0.851137,0.122158,0.509382,-7.5701,90.144913,10.762882,0.113959,0.939303,-0.020131,0.322983,-5.113492,54.206287,1.745494,-0.022639,0.949131,0.006496,0.314,-15.97455,7.659674,0.033536,-0.072127,0.882382,-0.06684,0.460144,1.289531,91.212852,27.556839,-0.017049,0.872158,-0.091645,0.480262,3.731988,54.797024,34.401894,-0.069585,0.856569,-0.061802,0.507571,0.944161,7.800615,42.830761,-0.022639,0.949131,0.006496,0.314,-7.186273,1.864474,-11.404251,-0.069585,0.856569,-0.061802,0.507571,13.818296,1.224368,37.11668
764,6.366667,-0.019295,0.854461,-0.023639,0.518618,-3.137119,90.675842,19.334343,-0.061544,0.859588,0.037139,0.505907,-3.203043,98.458549,18.863302,-0.067965,0.860422,-0.001036,0.505029,-5.378795,113.476303,18.887203,0.035227,0.893208,-0.119732,0.431975,-7.531223,131.874451,17.579317,0.121807,0.90344,-0.229556,0.340973,-3.627593,145.689316,13.737906,-0.032987,0.853562,0.05325,0.517212,-9.189754,125.528572,14.956387,0.525433,-0.378413,0.186321,-0.738924,-17.57003,125.506294,-1.095168,0.313984,0.078562,-0.584012,-0.744427,-2.21581,109.464714,-9.757881,-0.375336,-0.097718,0.653982,0.649525,4.852389,130.722122,-15.536147,-0.216024,0.881476,0.037378,0.418254,-5.53345,126.426224,21.566322,0.324263,0.930907,0.079162,-0.148317,4.54872,132.756119,35.210522,-0.067025,0.410606,0.387025,-0.822874,22.323036,118.925941,27.40494,0.027097,0.301892,0.322136,-0.896859,14.170748,134.455536,13.403251,0.03538,0.850334,0.121363,0.510834,-7.523778,90.12915,10.915557,0.11404,0.939132,-0.018458,0.32355,-5.153756,54.182022,1.908904,-0.022566,0.949139,0.007087,0.313967,-15.969563,7.631016,0.037549,-0.072125,0.881073,-0.065518,0.462835,1.24954,91.222534,27.75313,-0.016699,0.87217,-0.0906,0.48045,3.716949,54.793694,34.519527,-0.069636,0.856744,-0.061162,0.507346,0.946332,7.777917,42.845451,-0.022566,0.949139,0.007087,0.313967,-7.181027,1.851197,-11.407817,-0.069636,0.856744,-0.061162,0.507346,13.821204,1.216412,37.116108
765,6.375,-0.020631,0.853281,-0.02365,0.520506,-3.100275,90.663185,19.481712,-0.061234,0.857115,0.038729,0.510004,-3.182831,98.445053,18.999554,-0.068764,0.857369,-0.002529,0.510082,-5.378215,113.481499,19.059238,0.036803,0.889301,-0.122474,0.439078,-7.519897,131.875397,17.676039,0.123825,0.898255,-0.236913,0.348824,-3.50194,145.65625,13.830376,-0.032119,0.851959,0.051473,0.520082,-9.145133,125.521957,15.050552,0.524227,-0.376829,0.19019,-0.739604,-17.419672,125.500443,-1.05577,0.3167,0.079539,-0.581091,-0.745458,-2.077855,109.377739,-9.588909,0.378366,0.098495,-0.650057,-0.651586,5.140859,130.586914,-15.360472,-0.215639,0.877898,0.033749,0.426212,-5.568531,126.438538,21.701374,0.327918,0.930297,0.082157,-0.142363,4.276275,132.773453,35.51553,-0.067523,0.415601,0.389185,-0.8193,22.019491,118.788483,27.917734,0.022514,0.307029,0.32723,-0.893391,14.12917,134.356842,13.816015,0.036684,0.849879,0.120377,0.511732,-7.448623,90.094292,11.044541,0.11421,0.938972,-0.016954,0.324038,-5.18911,54.136444,2.052301,-0.022321,0.94911,0.0083,0.314043,-15.972651,7.584044,0.035011,-0.072044,0.880332,-0.064861,0.464347,1.248073,91.232071,27.918884,-0.01601,0.872593,-0.089621,0.47989,3.721529,54.796005,34.644054,-0.070892,0.856816,-0.061263,0.507038,0.9439,7.761195,42.859436,-0.022321,0.94911,0.0083,0.314043,-7.181211,1.834996,-11.423617,-0.070892,0.856816,-0.061263,0.507038,13.827646,1.216984,37.130253
766,6.383333,-0.021391,0.852097,-0.024251,0.522384,-3.099676,90.67057,19.639059,-0.061017,0.854814,0.039989,0.513781,-3.186366,98.451492,19.14255,-0.069454,0.854553,-0.00395,0.514685,-5.397707,113.497719,19.228697,0.038361,0.885553,-0.124341,0.44594,-7.526494,131.887741,17.775715,0.126331,0.892722,-0.245218,0.35631,-3.406749,145.643417,13.947633,-0.03166,0.849844,0.050328,0.52367,-9.122038,125.527451,15.148616,0.523229,-0.375536,0.193868,-0.740013,-17.261976,125.507507,-1.026148,0.319131,0.080958,-0.578333,-0.746413,-1.941162,109.301498,-9.438343,0.380856,0.099392,-0.646843,-0.653195,5.415449,130.47229,-15.182378,-0.214678,0.874943,0.029911,0.433005,-5.618646,126.461349,21.835892,0.332273,0.929385,0.084439,-0.136782,4.029758,132.794601,35.788673,-0.068673,0.420379,0.391878,-0.815474,21.710192,118.624008,28.391134,0.018484,0.312378,0.331045,-0.890217,14.09559,134.256088,14.218129,0.037792,0.848945,0.119618,0.513377,-7.410158,90.083,11.183758,0.114265,0.938918,-0.015399,0.324252,-5.232211,54.117752,2.20101,-0.022442,0.949141,0.008591,0.313934,-15.972275,7.561755,0.039893,-0.072115,0.879773,-0.063656,0.46556,1.210807,91.258148,28.094357,-0.015586,0.872598,-0.088778,0.48005,3.721728,54.811333,34.747036,-0.070708,0.856976,-0.061103,0.506813,0.946006,7.760868,42.87289,-0.022442,0.949141,0.008591,0.313934,-7.181169,1.821758,-11.423523,-0.070708,0.856976,-0.061103,0.506813,13.825287,1.216613,37.133732
767,6.391667,-0.021808,0.851133,-0.024508,0.523924,-3.118191,90.687599,19.768295,-0.060061,0.852522,0.041371,0.517579,-3.207401,98.46804,19.264826,-0.070053,0.851651,-0.005183,0.519381,-5.415868,113.512871,19.391996,0.03971,0.881666,-0.12787,0.45248,-7.531647,131.899368,17.87676,0.128916,0.887236,-0.25281,0.363703,-3.296044,145.612427,14.022346,-0.031045,0.8481,0.048757,0.526673,-9.096553,125.533257,15.245324,0.522775,-0.37411,0.19703,-0.740221,-17.123671,125.509689,-0.985715,0.32151,0.082283,-0.575821,-0.747189,-1.810796,109.233871,-9.276704,0.38243,0.100347,-0.644269,-0.654672,5.673386,130.376923,-15.000917,-0.213587,0.871881,0.026014,0.439917,-5.668321,126.481888,21.969378,0.336424,0.928333,0.087986,-0.131434,3.778502,132.811508,36.061054,-0.068927,0.424767,0.394647,-0.811834,21.394964,118.474556,28.833406,0.01405,0.317387,0.336093,-0.886628,14.046064,134.158539,14.585282,0.038262,0.84839,0.118793,0.514451,-7.397698,90.090408,11.29795,0.114394,0.939089,-0.013688,0.323787,-5.269759,54.113209,2.351126,-0.022134,0.94918,0.00861,0.313835,-15.969552,7.555258,0.037722,-0.072561,0.879386,-0.062625,0.466362,1.161318,91.284782,28.238642,-0.015046,0.872701,-0.087978,0.480027,3.731193,54.833092,34.841915,-0.070838,0.857032,-0.061429,0.50666,0.9475,7.767522,42.877094,-0.022134,0.94918,0.00861,0.313835,-7.184256,1.812783,-11.428907,-0.070838,0.857032,-0.061429,0.50666,13.82424,1.217493,37.138832
768,6.4,-0.022433,0.850024,-0.02502,0.525671,-3.126833,90.692261,19.902821,-0.059162,0.850274,0.042331,0.521289,-3.219099,98.471886,19.387262,-0.070906,0.848824,-0.006433,0.523859,-5.421208,113.524971,19.543993,0.041334,0.877878,-0.129894,0.459074,-7.531354,131.906464,17.961634,0.131563,0.881566,-0.261063,0.370646,-3.191536,145.591522,14.123647,-0.030514,0.84657,0.047294,0.529294,-9.064209,125.533066,15.328979,0.521948,-0.372076,0.200028,-0.741025,-16.992277,125.504112,-0.950663,0.323366,0.083547,-0.573891,-0.747732,-1.663817,109.180176,-9.117334,0.383764,0.101485,-0.641456,-0.656475,5.911707,130.292282,-14.815053,-0.212224,0.868648,0.022344,0.447115,-5.708885,126.500008,22.087112,0.340172,0.9274,0.09062,-0.126495,3.527732,132.814377,36.32423,-0.069798,0.429246,0.397063,-0.808219,21.084032,118.321846,29.262384,0.009687,0.322163,0.340415,-0.883309,13.993703,134.057236,14.94628,0.039418,0.847408,0.118146,0.516127,-7.370932,90.079491,11.415789,0.114285,0.939016,-0.012391,0.32409,-5.32298,54.097569,2.469279,-0.022494,0.94919,0.00883,0.313774,-15.972415,7.534012,0.039292,-0.072924,0.879404,-0.061638,0.466404,1.117266,91.305038,28.389853,-0.014892,0.873045,-0.086781,0.479624,3.74497,54.84816,34.94149,-0.07103,0.857206,-0.061695,0.506307,1.007233,7.76214,42.871952,-0.022494,0.94919,0.00883,0.313774,-7.183845,1.800928,-11.429525,-0.07103,0.857206,-0.061695,0.506307,13.879517,1.208089,37.128277
769,6.408333,-0.023094,0.848989,-0.025377,0.527295,-3.128282,90.696167,20.026108,-0.059025,0.848097,0.043219,0.524767,-3.225365,98.475037,19.500225,-0.071357,0.846152,-0.007502,0.52809,-5.440285,113.537285,19.673128,0.042699,0.874268,-0.131346,0.465382,-7.535579,131.915848,18.037836,0.134495,0.875707,-0.269735,0.377216,-3.107151,145.57988,14.226288,-0.029673,0.845157,0.045966,0.53171,-9.041252,125.537788,15.400772,0.520873,-0.369671,0.203134,-0.742139,-16.878321,125.514671,-0.922886,0.325125,0.08472,-0.572141,-0.748178,-1.524523,109.148994,-8.957343,0.384776,0.102974,-0.639482,-0.657576,6.131624,130.228378,-14.630869,-0.211131,0.865643,0.01916,0.453562,-5.754604,126.516663,22.190861,0.343523,0.926574,0.09361,-0.121199,3.288484,132.820755,36.556198,-0.07077,0.433844,0.399053,-0.804691,20.798101,118.187988,29.669792,0.005475,0.327283,0.34303,-0.880447,13.958791,133.961197,15.283383,0.040403,0.846768,0.117305,0.517292,-7.3393,90.068817,11.523678,0.114266,0.939294,-0.010879,0.323344,-5.373483,54.07803,2.594407,-0.022755,0.949192,0.009147,0.313739,-15.976554,7.510677,0.037675,-0.073202,0.880078,-0.060678,0.465212,1.082737,91.323517,28.528542,-0.014251,0.873329,-0.086222,0.479228,3.770877,54.86095,35.023735,-0.071237,0.857309,-0.062085,0.506056,1.008933,7.763896,42.879894,-0.022755,0.949192,0.009147,0.313739,-7.184879,1.788709,-11.434315,-0.071237,0.857309,-0.062085,0.506056,13.877752,1.203568,37.135635
770,6.416667,-0.023824,0.848094,-0.025595,0.528691,-3.129825,90.702614,20.137835,-0.059024,0.846002,0.043766,0.528092,-3.23389,98.480782,19.602909,-0.071669,0.843567,-0.008345,0.532155,-5.459264,113.548805,19.781258,0.04427,0.870515,-0.134241,0.471405,-7.539704,131.925201,18.103357,0.137391,0.869914,-0.277469,0.383905,-3.000094,145.551041,14.285837,-0.028448,0.844017,0.044517,0.533708,-9.019262,125.543846,15.459518,0.52079,-0.367644,0.205755,-0.742482,-16.781816,125.534737,-0.89972,0.327231,0.086218,-0.57021,-0.748563,-1.407862,109.124756,-8.804219,0.385066,0.104451,-0.638231,-0.658389,6.339537,130.181091,-14.451605,-0.209858,0.86246,0.015972,0.46029,-5.798863,126.531197,22.280056,0.347037,0.925581,0.09643,-0.116475,3.040958,132.819641,36.778156,-0.071987,0.438103,0.401636,-0.800982,20.48842,118.042664,30.043613,0.001967,0.332216,0.346397,-0.87729,13.909599,133.876678,15.609267,0.041388,0.846051,0.116681,0.518528,-7.312147,90.061028,11.622312,0.11413,0.939629,-0.00956,0.322461,-5.419318,54.065384,2.696858,-0.022625,0.949283,0.009426,0.313467,-15.972235,7.492486,0.03574,-0.073425,0.880572,-0.059891,0.464343,1.052497,91.344208,28.653358,-0.013668,0.873648,-0.085625,0.478771,3.788985,54.877014,35.102264,-0.071218,0.857389,-0.062379,0.505887,1.009898,7.768571,42.883789,-0.022625,0.949283,0.009426,0.313467,-7.187713,1.776758,-11.44484,-0.071218,0.857389,-0.062379,0.505887,13.874456,1.200708,37.13858
771,6.425,-0.024398,0.847153,-0.025743,0.530165,-3.137245,90.709686,20.249498,-0.06018,0.843895,0.04455,0.531258,-3.246741,98.487297,19.707697,-0.071122,0.84113,-0.009041,0.53606,-5.518898,113.575241,19.879293,0.0467,0.866728,-0.13764,0.477134,-7.56068,131.954102,18.180882,0.139813,0.864284,-0.285146,0.390074,-2.883209,145.53154,14.357337,-0.027923,0.842199,0.043428,0.536689,-9.023591,125.574371,15.523847,0.520932,-0.3654,0.208556,-0.74271,-16.671659,125.566795,-0.889228,0.329014,0.087544,-0.568883,-0.748638,-1.274575,109.108673,-8.647283,0.384762,0.105923,-0.637349,-0.659185,6.531926,130.147736,-14.275113,-0.208301,0.859847,0.013073,0.465943,-5.865464,126.558258,22.373943,0.35007,0.924702,0.099073,-0.112081,2.808326,132.824036,36.981728,-0.072624,0.441762,0.40393,-0.797755,20.202896,117.921844,30.387726,-0.001521,0.335616,0.350433,-0.874389,13.853759,133.797974,15.910596,0.042384,0.84572,0.116503,0.519026,-7.28937,90.05706,11.720045,0.114051,0.939454,-0.008704,0.32302,-5.460649,54.064526,2.768734,-0.022645,0.949234,0.009277,0.313617,-15.978649,7.488415,0.026856,-0.073648,0.881154,-0.058954,0.463323,1.014879,91.362312,28.778952,-0.013116,0.874101,-0.085134,0.478045,3.805882,54.889286,35.171223,-0.071525,0.857445,-0.062738,0.505704,1.009573,7.771411,42.889214,-0.022645,0.949234,0.009277,0.313617,-7.19074,1.768875,-11.449234,-0.071525,0.857445,-0.062738,0.505704,13.872954,1.199826,37.145622
772,6.433333,-0.024968,0.846291,-0.025747,0.531513,-3.14596,90.71608,20.348501,-0.061031,0.841997,0.04444,0.534173,-3.262059,98.493256,19.801756,-0.070733,0.838908,-0.009827,0.539568,-5.555127,113.580826,19.948753,0.049073,0.863127,-0.13998,0.48271,-7.562017,131.961182,18.225136,0.14217,0.858678,-0.292687,0.395972,-2.76311,145.501617,14.420941,-0.0266,0.840941,0.04248,0.5388,-9.009682,125.581886,15.558717,0.521563,-0.363335,0.21103,-0.742581,-16.578144,125.600693,-0.891207,0.331052,0.089669,-0.567852,-0.74827,-1.158823,109.096634,-8.506153,0.384912,0.108083,-0.636597,-0.659473,6.685896,130.134964,-14.100774,-0.207138,0.857065,0.01078,0.471611,-5.908128,126.565338,22.434673,0.352915,0.923862,0.101805,-0.107543,2.590695,132.810516,37.153702,-0.074589,0.445774,0.406022,-0.794272,19.937412,117.789581,30.704653,-0.004577,0.340768,0.351557,-0.871931,13.825038,133.726135,16.199261,0.043401,0.845227,0.115621,0.519941,-7.270326,90.053986,11.806322,0.113582,0.939959,-0.007299,0.321749,-5.530038,54.052723,2.872521,-0.022172,0.949398,0.009933,0.313136,-15.967101,7.464254,0.033103,-0.073806,0.882059,-0.058269,0.461659,0.978405,91.378174,28.890682,-0.01255,0.874659,-0.084624,0.47713,3.815485,54.900909,35.238335,-0.074022,0.857368,-0.064187,0.505293,1.003296,7.773373,42.891251,-0.022172,0.949398,0.009933,0.313136,-7.194088,1.7579,-11.460929,-0.074022,0.857368,-0.064187,0.505293,13.880701,1.208398,37.171585
773,6.441667,-0.025324,0.845288,-0.02563,0.533096,-3.158227,90.723114,20.448593,-0.06221,0.839944,0.044383,0.537265,-3.278975,98.500099,19.900217,-0.070081,0.836588,-0.010161,0.543236,-5.604355,113.600769,20.017986,0.051258,0.859446,-0.142749,0.488209,-7.576816,131.984283,18.288364,0.144387,0.852968,-0.300286,0.401778,-2.655837,145.483017,14.491897,-0.025652,0.839308,0.041537,0.541461,-9.007885,125.60817,15.60546,0.520375,-0.361133,0.21403,-0.743629,-16.474064,125.642982,-0.891113,0.331632,0.090585,-0.56682,-0.748685,-1.039477,109.097221,-8.383675,0.383682,0.110184,-0.635563,-0.660838,6.848663,130.118958,-13.942066,-0.205689,0.854848,0.008785,0.476287,-5.965364,126.584114,22.508806,0.355407,0.923012,0.10512,-0.10337,2.394611,132.800385,37.319298,-0.074736,0.448284,0.408432,-0.791605,19.699144,117.680229,30.989939,-0.007109,0.342999,0.355599,-0.869397,13.775071,133.665558,16.45908,0.044348,0.844811,0.115047,0.520665,-7.250211,90.056183,11.891231,0.113404,0.940063,-0.006168,0.321533,-5.584007,54.051254,2.95804,-0.021858,0.94935,0.009802,0.313305,-15.971189,7.457453,0.024792,-0.073899,0.882794,-0.057451,0.46034,0.933757,91.390053,29.005957,-0.012171,0.875051,-0.08411,0.476511,3.814665,54.906773,35.299126,-0.073857,0.857361,-0.064125,0.505336,0.999581,7.770052,42.894192,-0.021858,0.94935,0.009802,0.313305,-7.198032,1.744615,-11.465909,-0.073857,0.857361,-0.064125,0.505336,13.876121,1.203928,37.173901
774,6.45,-0.025633,0.844477,-0.025486,0.534371,-3.16985,90.724167,20.538668,-0.063387,0.838073,0.04443,0.540039,-3.295033,98.50103,19.989426,-0.069354,0.834442,-0.01081,0.546607,-5.654035,113.613007,20.081266,0.053832,0.855873,-0.145478,0.493376,-7.583924,131.999786,18.338316,0.146415,0.847573,-0.307361,0.407078,-2.533739,145.454575,14.555565,-0.024781,0.837782,0.040312,0.54395,-9.003167,125.626228,15.643057,0.520558,-0.359424,0.215969,-0.743768,-16.373072,125.668488,-0.896734,0.332708,0.092274,-0.565892,-0.748704,-0.91954,109.091827,-8.281157,0.382463,0.112108,-0.635314,-0.661461,7.003107,130.112732,-13.795006,-0.204178,0.852618,0.006446,0.48095,-6.015002,126.596596,22.57089,0.35777,0.922242,0.107394,-0.099688,2.205775,132.788818,37.469112,-0.075804,0.451343,0.410635,-0.78862,19.465628,117.570183,31.254801,-0.009596,0.345371,0.358542,-0.867222,13.74664,133.607864,16.70525,0.045108,0.844033,0.114813,0.521912,-7.235639,90.053497,11.969119,0.113411,0.93987,-0.005449,0.322106,-5.612915,54.049637,3.023638,-0.021372,0.949317,0.00975,0.313443,-15.976894,7.455194,0.019236,-0.073997,0.883786,-0.056866,0.458491,0.895939,91.394844,29.108217,-0.011769,0.875583,-0.083615,0.475631,3.816515,54.907669,35.360371,-0.074525,0.857413,-0.064268,0.505133,0.998051,7.762072,42.898918,-0.021372,0.949317,0.00975,0.313443,-7.206035,1.736419,-11.470267,-0.074525,0.857413,-0.064268,0.505133,13.878268,1.202992,37.178818
775,6.458333,-0.025581,0.843637,-0.025657,0.535691,-3.203387,90.722641,20.626644,-0.064574,0.836403,0.044294,0.542493,-3.325599,98.499405,20.075403,-0.068437,0.832579,-0.01173,0.549537,-5.714435,113.617325,20.137075,0.055491,0.852591,-0.148065,0.498082,-7.591209,132.008011,18.377592,0.148904,0.842071,-0.314104,0.41241,-2.438735,145.424393,14.596359,-0.023934,0.836093,0.039571,0.546634,-9.005465,125.637161,15.673373,0.520034,-0.357503,0.218377,-0.744357,-16.270855,125.695839,-0.912543,0.333118,0.093289,-0.565209,-0.748911,-0.801529,109.084259,-8.184581,0.380675,0.114001,-0.634499,-0.662949,7.149395,130.107712,-13.663441,-0.202837,0.850655,0.004694,0.484997,-6.064242,126.602104,22.622019,0.359857,0.921697,0.108108,-0.096391,2.034724,132.768341,37.597538,-0.078591,0.455342,0.41189,-0.785388,19.254,117.453705,31.507736,-0.012744,0.349377,0.359026,-0.865375,13.743723,133.546371,16.938696,0.045694,0.843753,0.114569,0.522367,-7.242367,90.05085,12.044516,0.113213,0.939775,-0.004573,0.322466,-5.660996,54.046768,3.092504,-0.021336,0.949265,0.009535,0.313607,-15.979242,7.447189,0.011441,-0.074257,0.884527,-0.055886,0.457138,0.835594,91.39444,29.208771,-0.011452,0.876268,-0.083334,0.474425,3.81632,54.901932,35.401093,-0.074385,0.857473,-0.064102,0.505071,0.99442,7.751152,42.905807,-0.021336,0.949265,0.009535,0.313607,-7.205513,1.722271,-11.47281,-0.074385,0.857473,-0.064102,0.505071,13.873072,1.193383,37.180679
776,6.466667,-0.025636,0.842975,-0.025644,0.536729,-3.231496,90.718567,20.70385,-0.065654,0.834772,0.044318,0.544868,-3.353863,98.495293,20.152159,-0.067489,0.830707,-0.012575,0.552461,-5.772924,113.622856,20.189577,0.057388,0.849377,-0.150319,0.502663,-7.597081,132.017578,18.416847,0.151251,0.836699,-0.320963,0.417183,-2.341831,145.397766,14.648801,-0.023063,0.834388,0.038851,0.549322,-9.006104,125.649773,15.702719,0.519268,-0.356083,0.220575,-0.744925,-16.1663,125.725784,-0.928812,0.333325,0.094586,-0.564352,-0.749303,-0.694652,109.078453,-8.113627,0.379101,0.115774,-0.633881,-0.664134,7.291002,130.106445,-13.538864,-0.201432,0.848765,0.002835,0.488891,-6.111932,126.608421,22.671963,0.361661,0.921018,0.110626,-0.093217,1.870245,132.749863,37.720207,-0.079211,0.457703,0.413586,-0.783058,19.056139,117.362473,31.720173,-0.016071,0.351619,0.36333,-0.862611,13.704385,133.494858,17.131319,0.046254,0.84363,0.11418,0.5226,-7.24926,90.045822,12.111842,0.112909,0.93974,-0.003633,0.322688,-5.715705,54.038956,3.162716,-0.021043,0.949237,0.009625,0.313711,-15.977383,7.432065,0.004164,-0.074328,0.885138,-0.055229,0.456022,0.786269,91.391312,29.295856,-0.011304,0.876706,-0.082952,0.473686,3.801874,54.894169,35.443813,-0.074633,0.85754,-0.063979,0.504938,0.991237,7.73699,42.912521,-0.021043,0.949237,0.009625,0.313711,-7.204151,1.706888,-11.480343,-0.074633,0.85754,-0.063979,0.504938,13.871327,1.185647,37.18327
777,6.475,-0.025561,0.842459,-0.025585,0.537546,-3.26387,90.712219,20.775969,-0.066737,0.833306,0.044266,0.546981,-3.385209,98.489052,20.225574,-0.066608,0.828996,-0.013548,0.555109,-5.833293,113.626648,20.237284,0.059471,0.846202,-0.152834,0.506998,-7.604751,132.024811,18.446936,0.153254,0.831674,-0.326859,0.421894,-2.239988,145.36409,14.68823,-0.020815,0.83381,0.036784,0.550432,-9.010528,125.659264,15.725827,0.518992,-0.354415,0.221935,-0.745508,-16.130098,125.763962,-0.922975,0.334275,0.095181,-0.562835,-0.749945,-0.630638,109.108124,-8.027664,0.37731,0.117499,-0.632957,-0.66573,7.426789,130.108017,-13.429334,-0.199989,0.846951,0.001188,0.492623,-6.159179,126.613762,22.713268,0.363136,0.920525,0.112634,-0.089881,1.71132,132.7267,37.831764,-0.081255,0.461351,0.414712,-0.780106,18.875378,117.274094,31.93779,-0.018606,0.355822,0.363574,-0.860731,13.717251,133.44133,17.328455,0.046663,0.843681,0.11366,0.522597,-7.265017,90.041145,12.176082,0.112745,0.939704,-0.002513,0.322859,-5.77745,54.028309,3.243231,-0.022347,0.949067,0.008882,0.314155,-15.989445,7.417208,-0.01277,-0.074436,0.885618,-0.054718,0.455133,0.737277,91.383293,29.375856,-0.01117,0.877135,-0.082512,0.47297,3.783584,54.883171,35.490913,-0.07378,0.857706,-0.063236,0.504875,0.987787,7.718745,42.919277,-0.022347,0.949067,0.008882,0.314155,-7.193156,1.684367,-11.475793,-0.07378,0.857706,-0.063236,0.504875,13.861399,1.170112,37.172401
778,6.483333,-0.025577,0.841971,-0.025721,0.538303,-3.298402,90.710411,20.844301,-0.067812,0.83193,0.044071,0.548955,-3.418314,98.487122,20.291874,-0.06547,0.827416,-0.014372,0.557574,-5.892552,113.633942,20.274567,0.061243,0.843269,-0.154779,0.511068,-7.606813,132.036835,18.47715,0.155347,0.826659,-0.332928,0.426219,-2.149597,145.343262,14.735171,-0.01979,0.83222,0.036435,0.552893,-9.012355,125.675331,15.746471,0.518388,-0.353409,0.223676,-0.745885,-16.035112,125.808418,-0.943202,0.334685,0.096546,-0.561667,-0.750463,-0.538692,109.121727,-7.981852,0.37611,0.118937,-0.632595,-0.666497,7.568513,130.120392,-13.327146,-0.198925,0.84571,3.6e-05,0.495181,-6.200453,126.621414,22.751024,0.364426,0.920094,0.114399,-0.086793,1.593914,132.713318,37.917389,-0.082652,0.46395,0.415451,-0.778023,18.739241,117.202316,32.123104,-0.02194,0.359241,0.365589,-0.858376,13.716147,133.395493,17.49457,0.04695,0.843608,0.113442,0.522735,-7.284044,90.037552,12.237354,0.112619,0.939654,-0.00169,0.323056,-5.821524,54.023026,3.30717,-0.022204,0.949007,0.008893,0.314345,-15.996297,7.408899,-0.021078,-0.074429,0.885925,-0.054322,0.454584,0.68724,91.38327,29.451248,-0.011158,0.877479,-0.08198,0.472425,3.750425,54.879864,35.538204,-0.075401,0.857598,-0.063612,0.504772,0.982311,7.707036,42.92345,-0.022204,0.949007,0.008893,0.314345,-7.197008,1.675093,-11.481316,-0.075401,0.857598,-0.063612,0.504772,13.870404,1.176124,37.188881
779,6.491667,-0.025621,0.841612,-0.025988,0.538849,-3.328489,90.715012,20.91213,-0.069015,0.830717,0.043721,0.550667,-3.446367,98.491478,20.355753,-0.064207,0.826028,-0.015117,0.559755,-5.945921,113.638893,20.303982,0.061828,0.840624,-0.15682,0.514719,-7.601425,132.047043,18.505409,0.157899,0.821467,-0.338723,0.430728,-2.081151,145.325653,14.757055,-0.018929,0.830713,0.036149,0.555203,-9.009504,125.690475,15.764606,0.516933,-0.352462,0.225558,-0.746776,-15.94075,125.847839,-0.963071,0.334457,0.097645,-0.560792,-0.751077,-0.452785,109.132507,-7.952187,0.375171,0.120485,-0.631595,-0.667696,7.689463,130.131393,-13.236782,-0.19748,0.844318,-0.001616,0.498122,-6.232189,126.626114,22.784344,0.36545,0.919708,0.116438,-0.083817,1.477125,132.693619,38.003872,-0.083286,0.466257,0.416409,-0.776061,18.611023,117.136337,32.300552,-0.023811,0.361616,0.367209,-0.856636,13.719699,133.348236,17.64781,0.047323,0.84355,0.11323,0.522841,-7.302903,90.03862,12.300269,0.112373,0.939698,-0.000867,0.323017,-5.870862,54.023148,3.368981,-0.021957,0.948997,0.008889,0.314394,-15.998487,7.403508,-0.025245,-0.074398,0.886153,-0.054066,0.454175,0.645924,91.391411,29.523993,-0.011139,0.877739,-0.081369,0.472048,3.718577,54.88559,35.591682,-0.07593,0.857606,-0.06361,0.504679,0.979686,7.703182,42.926445,-0.021957,0.948997,0.008889,0.314394,-7.200821,1.66728,-11.485521,-0.07593,0.857606,-0.06361,0.504679,13.872279,1.180699,37.19239
780,6.5,-0.02573,0.841194,-0.026264,0.539482,-3.362898,90.711685,20.971485,-0.070213,0.829648,0.043493,0.552144,-3.479471,98.487831,20.410486,-0.062773,0.824861,-0.015917,0.561614,-6.007486,113.643196,20.32795,0.064113,0.838091,-0.157942,0.518215,-7.598533,132.05719,18.531008,0.159556,0.817005,-0.344478,0.434028,-1.988567,145.309509,14.823003,-0.018019,0.829215,0.035796,0.557491,-9.013634,125.706268,15.780726,0.515608,-0.351584,0.227147,-0.747624,-15.8539,125.887833,-0.984111,0.334339,0.098753,-0.559735,-0.751773,-0.370753,109.150612,-7.931383,0.374026,0.122157,-0.630675,-0.668903,7.816462,130.14801,-13.154999,-0.196311,0.843297,-0.002689,0.500304,-6.26525,126.630035,22.81341,0.366266,0.919456,0.117821,-0.081048,1.381826,132.674072,38.073612,-0.084209,0.468528,0.417034,-0.774256,18.509033,117.075417,32.463985,-0.025416,0.364163,0.368312,-0.855036,13.736458,133.302002,17.790791,0.047456,0.843661,0.113136,0.52267,-7.324223,90.030602,12.353964,0.112307,0.939805,-0.000149,0.322728,-5.906035,54.014481,3.423086,-0.021805,0.948939,0.00904,0.314576,-16.006763,7.393369,-0.030515,-0.074458,0.885987,-0.053766,0.454525,0.598427,91.392769,29.589003,-0.01124,0.877668,-0.080799,0.472275,3.682862,54.885216,35.640251,-0.075616,0.857612,-0.063225,0.504763,0.976399,7.694173,42.931385,-0.021805,0.948939,0.00904,0.314576,-7.205925,1.659924,-11.489747,-0.075616,0.857612,-0.063225,0.504763,13.868759,1.17556,37.192413
781,6.508333,-0.025769,0.840882,-0.026516,0.539954,-3.396283,90.705505,21.021887,-0.071109,0.828714,0.043127,0.553458,-3.510919,98.481407,20.457197,-0.061485,0.823819,-0.016538,0.563267,-6.056885,113.643669,20.345943,0.065483,0.835681,-0.159699,0.521388,-7.592111,132.062866,18.553703,0.16138,0.812506,-0.349556,0.437722,-1.907127,145.285873,14.85535,-0.017213,0.827881,0.035663,0.559505,-9.012901,125.717331,15.793941,0.514217,-0.351131,0.228507,-0.748379,-15.772739,125.923859,-1.003198,0.334265,0.099983,-0.558594,-0.752492,-0.303975,109.164322,-7.928676,0.37385,0.12338,-0.629274,-0.670095,7.931283,130.159988,-13.086835,-0.19507,0.842396,-0.003809,0.502298,-6.290369,126.629677,22.83816,0.366976,0.919253,0.1188,-0.078677,1.301928,132.65004,38.135029,-0.085027,0.470553,0.417567,-0.77265,18.422375,117.014183,32.608986,-0.026617,0.366303,0.369221,-0.853692,13.753983,133.257248,17.91387,0.047782,0.8438,0.113042,0.522436,-7.347881,90.021133,12.400162,0.112017,0.939808,0.000438,0.32282,-5.956192,54.005741,3.462157,-0.021943,0.948896,0.009179,0.314692,-16.01272,7.378414,-0.036236,-0.074475,0.885412,-0.053559,0.455665,0.555314,91.38987,29.64361,-0.011464,0.87752,-0.080205,0.472646,3.640115,54.880859,35.685848,-0.074795,0.857765,-0.062612,0.504702,0.976254,7.681149,42.936516,-0.021943,0.948896,0.009179,0.314692,-7.207101,1.65011,-11.494362,-0.074795,0.857765,-0.062612,0.504702,13.861841,1.162833,37.182018
782,6.516667,-0.025621,0.840548,-0.026971,0.540459,-3.440703,90.699234,21.065247,-0.071678,0.828047,0.042539,0.554428,-3.549218,98.474884,20.495773,-0.060191,0.823112,-0.017269,0.564416,-6.099722,113.637566,20.35685,0.066324,0.833645,-0.16099,0.524137,-7.577775,132.061691,18.567192,0.163365,0.80809,-0.35446,0.441203,-1.839309,145.264008,14.877521,-0.016055,0.826773,0.035494,0.561185,-9.008713,125.721214,15.801051,0.512818,-0.350838,0.229682,-0.749117,-15.701753,125.961853,-1.022366,0.334197,0.101059,-0.557376,-0.753281,-0.248803,109.182945,-7.936242,0.373389,0.125148,-0.627597,-0.671596,8.039808,130.174103,-13.032952,-0.19407,0.841495,-0.004898,0.504182,-6.303507,126.62326,22.853268,0.367589,0.919082,0.119713,-0.076394,1.234208,132.626923,38.183666,-0.085992,0.472523,0.417952,-0.771131,18.350058,116.957565,32.7388,-0.028417,0.368104,0.370229,-0.852422,13.778576,133.215927,18.024982,0.047892,0.843962,0.112888,0.522199,-7.382065,90.012466,12.43903,0.111709,0.940006,0.001126,0.322348,-6.005767,53.995277,3.5059,-0.021994,0.94889,0.009411,0.314698,-16.015572,7.361463,-0.039787,-0.074736,0.885168,-0.053603,0.456091,0.500659,91.386009,29.691463,-0.011622,0.877467,-0.079455,0.472867,3.598054,54.880238,35.746861,-0.074172,0.857888,-0.062107,0.504647,0.979604,7.669425,42.941517,-0.021994,0.94889,0.009411,0.314698,-7.208486,1.639994,-11.500204,-0.074172,0.857888,-0.062107,0.504647,13.860141,1.152243,37.174442
783,6.525,-0.025317,0.840239,-0.027476,0.540928,-3.487165,90.691353,21.097454,-0.071769,0.82749,0.042103,0.555281,-3.587128,98.466812,20.523878,-0.059166,0.822505,-0.017804,0.565392,-6.13415,113.640846,20.369579,0.068206,0.831762,-0.16206,0.526552,-7.567644,132.068817,18.583321,0.165047,0.80441,-0.359038,0.443595,-1.756198,145.246857,14.921238,-0.015389,0.825475,0.035417,0.563116,-9.005815,125.732506,15.81138,0.510978,-0.350797,0.230891,-0.750021,-15.620979,125.99472,-1.042484,0.333477,0.101972,-0.556315,-0.75426,-0.193226,109.194435,-7.960698,0.372609,0.126382,-0.626273,-0.673033,8.142287,130.186707,-12.986517,-0.193037,0.840773,-0.005924,0.50577,-6.315523,126.62603,22.870384,0.368023,0.919036,0.120069,-0.074264,1.178581,132.612244,38.228954,-0.086831,0.474679,0.417868,-0.769757,18.294493,116.913773,32.868866,-0.029649,0.370358,0.370108,-0.851455,13.811541,133.169037,18.125729,0.048061,0.843808,0.112762,0.522458,-7.419169,90.00415,12.467002,0.111318,0.940258,0.001673,0.321747,-6.055673,53.986061,3.535549,-0.022055,0.948936,0.009705,0.314547,-16.016212,7.344058,-0.040986,-0.075006,0.884636,-0.053773,0.457057,0.444838,91.378555,29.727905,-0.011866,0.877265,-0.078682,0.473365,3.547467,54.877136,35.806843,-0.074844,0.857939,-0.062018,0.504473,0.980443,7.655189,42.946743,-0.022055,0.948936,0.009705,0.314547,-7.211159,1.6311,-11.507207,-0.074844,0.857939,-0.062018,0.504473,13.8663,1.150477,37.177467
784,6.533333,-0.025467,0.840059,-0.027851,0.54118,-3.523197,90.694183,21.125933,-0.071629,0.827007,0.041981,0.556028,-3.621771,98.4692,20.546148,-0.058434,0.821904,-0.018518,0.566319,-6.164064,113.650284,20.388796,0.069951,0.829738,-0.163713,0.528999,-7.558275,132.08049,18.594519,0.166415,0.800763,-0.363062,0.446397,-1.668595,145.227463,14.945695,-0.014483,0.824489,0.035254,0.564594,-9.002108,125.746216,15.820874,0.509491,-0.35088,0.23186,-0.750696,-15.557903,126.034607,-1.05575,0.333148,0.102795,-0.55516,-0.755144,-0.154291,109.215096,-7.981041,0.371886,0.128223,-0.624653,-0.674588,8.232931,130.201172,-12.947701,-0.192392,0.840386,-0.006165,0.506654,-6.326461,126.636444,22.88586,0.368602,0.918992,0.1199,-0.072179,1.144224,132.60495,38.262718,-0.087637,0.476779,0.417774,-0.768419,18.254372,116.869392,32.993774,-0.030035,0.372932,0.36956,-0.850556,13.857479,133.121414,18.221863,0.048254,0.84383,0.112441,0.522475,-7.449867,90.000687,12.493554,0.111098,0.94036,0.002301,0.321519,-6.110851,53.9786,3.574502,-0.022389,0.948792,0.009889,0.314953,-16.033415,7.332149,-0.049314,-0.075075,0.883901,-0.053905,0.45845,0.403472,91.38768,29.75831,-0.012181,0.876867,-0.077993,0.474207,3.496467,54.888092,35.853081,-0.075087,0.857904,-0.062204,0.504474,0.980352,7.656541,42.94746,-0.022389,0.948792,0.009889,0.314953,-7.214235,1.627636,-11.508885,-0.075087,0.857904,-0.062204,0.504474,13.86794,1.151585,37.182335
785,6.541667,-0.026328,0.839851,-0.02787,0.541462,-3.52913,90.692482,21.154234,-0.0718,0.826636,0.042029,0.556553,-3.638622,98.466782,20.566902,-0.057731,0.821482,-0.01922,0.566979,-6.188667,113.663063,20.406052,0.070827,0.828116,-0.165019,0.531015,-7.545303,132.095306,18.604002,0.16815,0.797235,-0.366801,0.448997,-1.605239,145.220596,14.958752,-0.013649,0.823568,0.035267,0.565956,-8.996376,125.762939,15.829818,0.507629,-0.351153,0.232896,-0.751507,-15.497234,126.078705,-1.067548,0.332385,0.103303,-0.554034,-0.756238,-0.125743,109.237602,-8.011728,0.370963,0.12959,-0.623246,-0.676134,8.314701,130.217117,-12.918631,-0.191321,0.840025,-0.006945,0.507648,-6.33088,126.650253,22.899004,0.36958,0.918702,0.120058,-0.070586,1.118167,132.59819,38.294308,-0.088272,0.478227,0.418265,-0.767178,18.20472,116.816292,33.087742,-0.031119,0.374508,0.370577,-0.849381,13.887138,133.085297,18.302729,0.048715,0.844279,0.112196,0.521759,-7.44916,89.98497,12.519977,0.110742,0.940717,0.002755,0.320594,-6.156098,53.962124,3.597259,-0.022382,0.948809,0.0105,0.314882,-16.036703,7.308343,-0.046682,-0.074798,0.883117,-0.054255,0.459964,0.390901,91.399986,29.78849,-0.012492,0.876475,-0.077285,0.475039,3.443308,54.900127,35.9021,-0.075305,0.857883,-0.06228,0.504467,0.978798,7.658792,42.949276,-0.022382,0.948809,0.0105,0.314882,-7.217386,1.620396,-11.514376,-0.075305,0.857883,-0.06228,0.504467,13.868287,1.155644,37.186356
786,6.55,-0.02618,0.839535,-0.028233,0.54194,-3.571047,90.69783,21.176662,-0.071487,0.826416,0.041494,0.556961,-3.675195,98.471939,20.585779,-0.056913,0.821288,-0.019789,0.567324,-6.20861,113.673958,20.415455,0.072894,0.826567,-0.166324,0.532738,-7.527625,132.108871,18.61268,0.169233,0.794421,-0.370078,0.450885,-1.510921,145.204849,14.987824,-0.012624,0.822827,0.035093,0.567067,-8.988622,125.779404,15.837054,0.506293,-0.351736,0.233655,-0.7519,-15.444866,126.123901,-1.076855,0.331677,0.10374,-0.552781,-0.757405,-0.109769,109.259537,-8.045024,0.369572,0.130491,-0.622178,-0.677704,8.392711,130.233398,-12.894797,-0.190351,0.839736,-0.007665,0.50848,-6.327637,126.661339,22.908615,0.370033,0.918659,0.120055,-0.068764,1.104227,132.591263,38.31918,-0.088896,0.479885,0.417953,-0.76624,18.186914,116.779854,33.190025,-0.032105,0.376605,0.369947,-0.848692,13.928936,133.039993,18.379118,0.048767,0.844486,0.111928,0.521477,-7.481376,89.988861,12.538126,0.110376,0.940926,0.003225,0.320102,-6.205105,53.961926,3.629484,-0.021656,0.948848,0.011161,0.314792,-16.040716,7.300669,-0.040422,-0.07482,0.882151,-0.054361,0.461797,0.339283,91.406799,29.815197,-0.013014,0.875799,-0.076551,0.47639,3.376762,54.908035,35.942787,-0.075493,0.857835,-0.062321,0.504515,0.978619,7.657161,42.948807,-0.021656,0.948848,0.011161,0.314792,-7.229622,1.623847,-11.519941,-0.075493,0.857835,-0.062321,0.504515,13.870682,1.156314,37.189053
787,6.558333,-0.026071,0.839281,-0.028603,0.542319,-3.60675,90.702553,21.194685,-0.071089,0.826216,0.040976,0.557346,-3.706066,98.476425,20.599836,-0.056164,0.82109,-0.020349,0.567664,-6.222526,113.693741,20.421909,0.073913,0.825383,-0.167213,0.534153,-7.506242,132.130951,18.617281,0.170833,0.791655,-0.37321,0.452562,-1.445194,145.209274,15.002556,-0.011612,0.822358,0.034845,0.567784,-8.976378,125.80407,15.840614,0.505248,-0.352694,0.234295,-0.751956,-15.404081,126.174721,-1.083611,0.331046,0.10408,-0.551452,-0.758601,-0.115426,109.281281,-8.083292,0.368012,0.131726,-0.620229,-0.680097,8.452106,130.242325,-12.879128,-0.189243,0.839468,-0.008277,0.509325,-6.319987,126.681412,22.914473,0.370582,0.918555,0.120092,-0.067104,1.095939,132.587341,38.341923,-0.089355,0.481419,0.417778,-0.765319,18.170017,116.744354,33.281982,-0.033009,0.378637,0.369703,-0.847859,13.971233,132.998474,18.445089,0.048826,0.844742,0.111607,0.521126,-7.509364,89.991425,12.552835,0.110012,0.941219,0.003791,0.319359,-6.25306,53.959579,3.661236,-0.021645,0.948859,0.011383,0.314753,-16.041924,7.291034,-0.040812,-0.074868,0.881404,-0.05456,0.46319,0.295864,91.413673,29.836536,-0.01343,0.875395,-0.075905,0.477223,3.319878,54.917068,35.983543,-0.075467,0.857872,-0.062206,0.504471,0.979456,7.657826,42.952553,-0.021645,0.948859,0.011383,0.314753,-7.23119,1.620155,-11.523549,-0.075467,0.857872,-0.062206,0.504471,13.871199,1.159062,37.189724
788,6.566667,-0.025739,0.838975,-0.028994,0.542787,-3.649785,90.702309,21.205286,-0.069896,0.825994,0.04024,0.55788,-3.74112,98.476097,20.608072,-0.05569,0.820814,-0.020862,0.568092,-6.214849,113.701286,20.43045,0.074669,0.82436,-0.168005,0.535379,-7.472389,132.139694,18.61949,0.172211,0.789361,-0.37577,0.453927,-1.375614,145.203171,15.011168,-0.010225,0.822421,0.034408,0.567745,-8.947796,125.813988,15.84291,0.50392,-0.353399,0.234817,-0.752353,-15.378162,126.216904,-1.079564,0.330027,0.103781,-0.550346,-0.759889,-0.124907,109.305679,-8.113495,0.366129,0.13239,-0.618545,-0.682513,8.50164,130.250458,-12.870553,-0.188456,0.839051,-0.008924,0.510293,-6.297984,126.689743,22.919432,0.371186,0.91842,0.119961,-0.065847,1.092987,132.581131,38.364403,-0.089675,0.48265,0.417768,-0.764511,18.153671,116.70649,33.358799,-0.033755,0.380216,0.370024,-0.846982,14.007266,132.958862,18.50141,0.048668,0.845355,0.111095,0.520255,-7.543067,89.992332,12.559134,0.109567,0.941586,0.004488,0.318419,-6.306033,53.950874,3.703842,-0.021721,0.948931,0.011745,0.314517,-16.037766,7.273519,-0.037586,-0.074923,0.880547,-0.054662,0.464797,0.243496,91.412285,29.851437,-0.013921,0.875029,-0.075318,0.477973,3.256296,54.917099,36.012421,-0.075728,0.857851,-0.062149,0.504475,0.977944,7.65065,42.953106,-0.021721,0.948931,0.011745,0.314517,-7.230746,1.613129,-11.528341,-0.075728,0.857851,-0.062149,0.504475,13.872905,1.157484,37.191174
789,6.575,-0.025403,0.838671,-0.029449,0.543248,-3.685369,90.70269,21.210484,-0.070448,0.82611,0.039629,0.557682,-3.768122,98.476334,20.610134,-0.053866,0.821221,-0.02096,0.567676,-6.248803,113.721573,20.407736,0.077056,0.823452,-0.16939,0.536,-7.449808,132.167236,18.632799,0.172889,0.78757,-0.378035,0.454899,-1.273957,145.197464,15.038755,-0.009409,0.821874,0.034002,0.568576,-8.948186,125.851486,15.845892,0.502487,-0.353769,0.235953,-0.752782,-15.344954,126.271568,-1.088896,0.328815,0.102977,-0.549581,-0.761076,-0.129686,109.330032,-8.132153,0.363973,0.132731,-0.616956,-0.685034,8.542607,130.257935,-12.868826,-0.187305,0.838953,-0.009399,0.510869,-6.288145,126.705513,22.921232,0.371474,0.918404,0.119886,-0.064569,1.097193,132.570236,38.379044,-0.089829,0.483583,0.417692,-0.763945,18.155626,116.675735,33.42915,-0.034013,0.381412,0.370375,-0.84628,14.047174,132.920502,18.556025,0.048701,0.845661,0.110666,0.519846,-7.569458,89.993286,12.560151,0.109219,0.941737,0.00495,0.318084,-6.35559,53.945004,3.729481,-0.023415,0.94889,0.011211,0.314539,-16.043705,7.260797,-0.039558,-0.074811,0.879776,-0.054805,0.466256,0.198719,91.412094,29.860819,-0.014494,0.874602,-0.074769,0.478823,3.189026,54.916824,36.032257,-0.075949,0.857803,-0.062143,0.504523,0.976978,7.644066,42.951321,-0.023415,0.94889,0.011211,0.314539,-7.218878,1.601946,-11.517407,-0.075949,0.857803,-0.062143,0.504523,13.875116,1.154799,37.192104
790,6.583333,-0.025079,0.838411,-0.029763,0.543647,-3.721344,90.706253,21.211128,-0.069664,0.82603,0.038839,0.557954,-3.796918,98.479858,20.609375,-0.053197,0.821179,-0.021183,0.567791,-6.244928,113.735352,20.399578,0.077896,0.822804,-0.170122,0.536642,-7.420632,132.183334,18.631758,0.174249,0.785897,-0.37998,0.455651,-1.211164,145.198624,15.041499,-0.007997,0.821879,0.033819,0.568602,-8.926689,125.870728,15.841864,0.501165,-0.354735,0.236835,-0.752932,-15.323287,126.329086,-1.091991,0.327523,0.102286,-0.548493,-0.76251,-0.160499,109.353447,-8.166216,0.36164,0.132813,-0.615495,-0.687563,8.574321,130.264252,-12.871432,-0.186206,0.838767,-0.009803,0.511567,-6.267549,126.718315,22.918316,0.371952,0.918266,0.120011,-0.063534,1.106787,132.556122,38.39156,-0.089938,0.484216,0.417925,-0.763404,18.1546,116.637589,33.482437,-0.034386,0.382111,0.371013,-0.84567,14.082018,132.8862,18.601355,0.048684,0.845831,0.110347,0.519638,-7.597497,89.998665,12.557088,0.109072,0.941609,0.005234,0.318509,-6.397169,53.945011,3.746505,-0.022312,0.948771,0.011776,0.314955,-16.061773,7.257989,-0.047987,-0.074773,0.879037,-0.054909,0.467641,0.154809,91.413841,29.86517,-0.014969,0.874283,-0.074312,0.479461,3.129282,54.91901,36.046803,-0.075569,0.857769,-0.061947,0.504662,0.97298,7.641071,42.948036,-0.022312,0.948771,0.011776,0.314955,-7.237465,1.604313,-11.528784,-0.075569,0.857769,-0.061947,0.504662,13.869995,1.150497,37.187775
791,6.591667,-0.024762,0.838255,-0.029986,0.543891,-3.751462,90.711853,21.209457,-0.068627,0.825927,0.037738,0.55831,-3.820827,98.485497,20.607452,-0.05269,0.821048,-0.02132,0.568023,-6.222707,113.742538,20.386621,0.078663,0.822137,-0.170756,0.53735,-7.379614,132.192307,18.624956,0.17534,0.784439,-0.381493,0.456481,-1.139326,145.194336,15.040165,-0.006607,0.82222,0.03375,0.568131,-8.890181,125.882187,15.831878,0.500189,-0.355829,0.23745,-0.752871,-15.306907,126.379845,-1.093255,0.326255,0.101701,-0.547562,-0.7638,-0.195074,109.37326,-8.202087,0.359381,0.132701,-0.613905,-0.690186,8.592794,130.269821,-12.875819,-0.185322,0.838417,-0.010133,0.512456,-6.234231,126.724586,22.910147,0.372364,0.918142,0.120115,-0.062704,1.119055,132.539612,38.401974,-0.090096,0.484738,0.418156,-0.762927,18.15723,116.6008,33.525349,-0.03464,0.382659,0.371417,-0.845235,14.116147,132.853104,18.64142,0.049298,0.846171,0.109241,0.51926,-7.62288,90.00695,12.553081,0.107933,0.94199,0.006015,0.317757,-6.508139,53.939747,3.786818,-0.022733,0.948946,0.012426,0.314372,-16.050724,7.22993,-0.035783,-0.074593,0.878382,-0.055066,0.468881,0.119956,91.416763,29.865833,-0.015493,0.873987,-0.073884,0.480049,3.0685,54.921211,36.055637,-0.07627,0.857707,-0.06209,0.504645,0.971051,7.638722,42.94384,-0.022733,0.948946,0.012426,0.314372,-7.233749,1.597735,-11.532762,-0.07627,0.857707,-0.06209,0.504645,13.874784,1.156337,37.189411
792,6.6,-0.02428,0.838139,-0.030185,0.544079,-3.784639,90.720055,21.199396,-0.067975,0.825881,0.036839,0.558519,-3.845872,98.493889,20.598864,-0.051803,0.82104,-0.021302,0.568116,-6.215896,113.756599,20.365826,0.080152,0.821634,-0.171029,0.537812,-7.34605,132.209824,18.623245,0.176172,0.783462,-0.383014,0.456564,-1.064846,145.198441,15.061302,-0.006658,0.82112,0.035002,0.569643,-8.865092,125.9048,15.823266,0.498745,-0.357592,0.238871,-0.752543,-15.219495,126.428902,-1.124564,0.324083,0.101855,-0.547418,-0.764807,-0.19992,109.357582,-8.273661,0.357255,0.132762,-0.612337,-0.692666,8.598151,130.276917,-12.882216,-0.184334,0.838322,-0.010329,0.512962,-6.209339,126.736,22.902933,0.372952,0.917945,0.120107,-0.062113,1.138351,132.524216,38.407452,-0.090261,0.485094,0.418633,-0.762419,18.159172,116.559769,33.554066,-0.035091,0.382926,0.372776,-0.844497,14.151524,132.823639,18.674282,0.049363,0.846051,0.108937,0.519514,-7.6526,90.020729,12.541021,0.107764,0.941729,0.006126,0.318585,-6.551157,53.949078,3.791414,-0.022829,0.948782,0.012295,0.314865,-16.072031,7.235914,-0.044477,-0.074485,0.877863,-0.055301,0.469841,0.083321,91.419388,29.857773,-0.015931,0.873732,-0.073458,0.480565,3.009879,54.924572,36.062317,-0.076344,0.857594,-0.061999,0.504837,0.96461,7.637396,42.934017,-0.022829,0.948782,0.012295,0.314865,-7.242477,1.601322,-11.530622,-0.076344,0.857594,-0.061999,0.504837,13.872454,1.158929,37.184399
793,6.608333,-0.02384,0.838035,-0.03041,0.544247,-3.814005,90.725998,21.187895,-0.067515,0.825868,0.035973,0.55865,-3.867472,98.499939,20.588142,-0.050842,0.821094,-0.02121,0.568128,-6.211812,113.772217,20.340569,0.082047,0.821217,-0.171328,0.538068,-7.314719,132.229263,18.620991,0.176875,0.782875,-0.384263,0.456249,-0.983987,145.201172,15.085999,-0.003751,0.822823,0.03292,0.567331,-8.8431,125.929977,15.813176,0.498981,-0.358306,0.238635,-0.752122,-15.293773,126.494576,-1.096941,0.324307,0.100594,-0.545825,-0.766017,-0.293182,109.415504,-8.267369,0.355371,0.132741,-0.610781,-0.695009,8.592682,130.280014,-12.894288,-0.18312,0.838325,-0.010481,0.51339,-6.186057,126.748421,22.893843,0.373713,0.917624,0.120508,-0.061499,1.161895,132.502777,38.410831,-0.090515,0.48554,0.419276,-0.761752,18.159252,116.508438,33.57373,-0.035277,0.383528,0.373045,-0.844096,14.195026,132.789536,18.700119,0.049601,0.84588,0.108581,0.519843,-7.678895,90.031288,12.527779,0.107325,0.941549,0.006204,0.319262,-6.602851,53.955627,3.791548,-0.023063,0.948758,0.012309,0.314922,-16.079504,7.23351,-0.0448,-0.074377,0.877404,-0.055526,0.470689,0.050885,91.4207,29.848013,-0.016356,0.873583,-0.073114,0.480874,2.956474,54.926537,36.066246,-0.076855,0.857456,-0.062125,0.504978,0.960089,7.635856,42.928169,-0.023063,0.948758,0.012309,0.314922,-7.245945,1.601561,-11.529161,-0.076855,0.857456,-0.062125,0.504978,13.874969,1.163376,37.187611
794,6.616667,-0.023381,0.837995,-0.030698,0.544313,-3.842947,90.732048,21.176075,-0.066946,0.825939,0.035018,0.558674,-3.887922,98.506058,20.576452,-0.049974,0.821224,-0.021138,0.56802,-6.201032,113.780197,20.314417,0.082275,0.821112,-0.172264,0.537895,-7.279293,132.240601,18.61545,0.178203,0.78212,-0.384838,0.456544,-0.930536,145.198685,15.062055,-0.002195,0.823309,0.032644,0.56665,-8.817082,125.946495,15.801167,0.49849,-0.359497,0.239354,-0.751651,-15.296081,126.550934,-1.096742,0.323261,0.099286,-0.544853,-0.76732,-0.352643,109.431541,-8.290294,0.35254,0.132494,-0.609456,-0.697657,8.594392,130.270111,-12.916645,-0.181883,0.838372,-0.010521,0.513752,-6.156845,126.753548,22.881945,0.374193,0.917407,0.120838,-0.061182,1.193998,132.471558,38.410995,-0.090703,0.485435,0.419887,-0.761459,18.17609,116.459213,33.579792,-0.035642,0.383407,0.37426,-0.843598,14.22988,132.760925,18.720682,0.049775,0.84581,0.108311,0.519997,-7.706898,90.041664,12.515193,0.106844,0.941521,0.006291,0.319505,-6.650733,53.962952,3.789153,-0.02328,0.948801,0.012337,0.314774,-16.081017,7.231095,-0.042795,-0.074138,0.877218,-0.055818,0.471038,0.021004,91.422432,29.836956,-0.016826,0.873657,-0.072795,0.480771,2.898361,54.928051,36.067036,-0.076824,0.857376,-0.062134,0.505118,0.956793,7.63441,42.924282,-0.02328,0.948801,0.012337,0.314774,-7.248513,1.601902,-11.529316,-0.076824,0.857376,-0.062134,0.505118,13.873323,1.161662,37.187744
795,6.625,-0.022863,0.837961,-0.03096,0.544372,-3.870918,90.736137,21.156929,-0.066932,0.826095,0.034343,0.558486,-3.906848,98.510269,20.558268,-0.048578,0.821537,-0.020984,0.567694,-6.209433,113.794853,20.279621,0.083778,0.820971,-0.17276,0.537719,-7.249209,132.260605,18.615156,0.178883,0.781723,-0.385642,0.456278,-0.85942,145.201797,15.073809,-0.002191,0.822335,0.033739,0.567998,-8.802984,125.974976,15.790733,0.497351,-0.36127,0.240878,-0.751069,-15.22657,126.60376,-1.127431,0.321329,0.09891,-0.544829,-0.768197,-0.378895,109.413971,-8.351357,0.350559,0.132314,-0.608021,-0.699937,8.576279,130.267349,-12.939703,-0.180463,0.838479,-0.010696,0.514074,-6.135022,126.763382,22.870707,0.375084,0.917018,0.121042,-0.061152,1.222481,132.442368,38.410927,-0.091445,0.485649,0.420781,-0.76074,18.172932,116.39843,33.573368,-0.036281,0.383593,0.375091,-0.843117,14.269715,132.734161,18.740183,0.049907,0.845838,0.108024,0.519998,-7.734092,90.051277,12.49526,0.106464,0.941411,0.006351,0.319954,-6.697373,53.968918,3.781959,-0.023104,0.948745,0.012341,0.314954,-16.09013,7.22937,-0.048341,-0.073943,0.877136,-0.05607,0.47119,-0.007744,91.421005,29.818598,-0.017286,0.873608,-0.072559,0.48088,2.847009,54.926563,36.058758,-0.076764,0.857304,-0.062257,0.505234,0.95391,7.631132,42.917271,-0.023104,0.948745,0.012341,0.314954,-7.255226,1.598695,-11.53229,-0.076764,0.857304,-0.062257,0.505234,13.870853,1.154977,37.185505
796,6.633333,-0.022286,0.837948,-0.031267,0.544397,-3.903015,90.741585,21.131626,-0.065688,0.826076,0.033478,0.558716,-3.928786,98.515823,20.533855,-0.047999,0.821481,-0.02085,0.56783,-6.183363,113.797249,20.254314,0.084367,0.820872,-0.172975,0.53771,-7.208067,132.265289,18.605938,0.179784,0.781388,-0.386168,0.456054,-0.801602,145.199554,15.069437,-0.000508,0.823161,0.033406,0.566824,-8.765962,125.983391,15.775475,0.497084,-0.362739,0.241237,-0.750422,-15.237946,126.653992,-1.122627,0.320373,0.097808,-0.544137,-0.769227,-0.449263,109.428558,-8.38254,0.348534,0.131876,-0.606702,-0.702172,8.550385,130.261475,-12.970837,-0.179257,0.838405,-0.010999,0.51461,-6.099487,126.763405,22.856937,0.375834,0.916617,0.121765,-0.06112,1.253735,132.411163,38.410561,-0.09183,0.485405,0.421807,-0.760282,18.177502,116.343521,33.558281,-0.037115,0.383385,0.376862,-0.842386,14.302042,132.714432,18.753511,0.049881,0.845932,0.107647,0.519926,-7.766165,90.062737,12.469473,0.105792,0.941644,0.006497,0.319489,-6.743308,53.974152,3.780358,-0.023416,0.948942,0.012374,0.314339,-16.073732,7.221141,-0.037957,-0.073881,0.877189,-0.056354,0.471068,-0.039866,91.420433,29.793777,-0.017673,0.873853,-0.072419,0.480441,2.801681,54.927696,36.049816,-0.076833,0.857318,-0.062368,0.505186,0.950756,7.63163,42.915428,-0.023416,0.948942,0.012374,0.314339,-7.250113,1.594019,-11.532322,-0.076833,0.857318,-0.062368,0.505186,13.867167,1.153906,37.184227
797,6.641667,-0.021867,0.837928,-0.031542,0.544429,-3.92443,90.748962,21.098549,-0.06489,0.826129,0.033117,0.558752,-3.942377,98.523216,20.500738,-0.047105,0.821579,-0.020594,0.567772,-6.170205,113.806519,20.22579,0.085423,0.820898,-0.17284,0.537545,-7.173263,132.278122,18.604132,0.180467,0.781301,-0.386802,0.455395,-0.745252,145.206772,15.08625,0.00084,0.82373,0.033255,0.566006,-8.739173,126.002144,15.764955,0.496413,-0.364279,0.241892,-0.749909,-15.244711,126.708862,-1.118784,0.31918,0.096623,-0.543489,-0.770329,-0.524476,109.441063,-8.417051,0.346605,0.131481,-0.605258,-0.704444,8.519287,130.257721,-13.003415,-0.177913,0.838431,-0.011283,0.515028,-6.070407,126.768814,22.84701,0.376718,0.916118,0.122848,-0.060986,1.284629,132.381393,38.412502,-0.092306,0.485466,0.422961,-0.759543,18.177488,116.286484,33.542961,-0.037698,0.383712,0.377773,-0.841802,14.348995,132.690857,18.76824,0.04998,0.845655,0.107261,0.520447,-7.787266,90.073921,12.435962,0.105713,0.941312,0.006438,0.320491,-6.780378,53.979904,3.767563,-0.023614,0.948745,0.0122,0.314924,-16.101557,7.22523,-0.052975,-0.073802,0.877469,-0.05681,0.470505,-0.061593,91.424004,29.761139,-0.017985,0.874014,-0.072271,0.48016,2.762822,54.934227,36.042206,-0.076619,0.857256,-0.062399,0.505319,0.94702,7.637176,42.910378,-0.023614,0.948745,0.0122,0.314924,-7.262137,1.595548,-11.533934,-0.076619,0.857256,-0.062399,0.505319,13.862867,1.155664,37.182209
798,6.65,-0.021512,0.837998,-0.031571,0.544334,-3.940857,90.755936,21.067879,-0.064543,0.826229,0.03268,0.558669,-3.953986,98.530411,20.472704,-0.04602,0.821748,-0.020352,0.567625,-6.165706,113.817253,20.192823,0.086334,0.821011,-0.172786,0.537246,-7.141164,132.292969,18.601543,0.181265,0.781228,-0.387301,0.454779,-0.694495,145.215881,15.096754,0.00222,0.824306,0.032984,0.565179,-8.717834,126.024017,15.752834,0.496295,-0.366005,0.242236,-0.749035,-15.257117,126.765396,-1.116373,0.318376,0.095733,-0.542723,-0.771313,-0.604923,109.456596,-8.454348,0.344945,0.130937,-0.604043,-0.7064,8.485718,130.254883,-13.036805,-0.17666,0.83859,-0.011306,0.515199,-6.045003,126.775108,22.835026,0.377765,0.915524,0.124112,-0.06088,1.319745,132.351135,38.409054,-0.093093,0.485487,0.42427,-0.758704,18.175547,116.224266,33.516949,-0.038227,0.38419,0.377937,-0.841487,14.398712,132.6698,18.784319,0.049988,0.84568,0.106808,0.520499,-7.805961,90.086296,12.405884,0.105137,0.941515,0.006504,0.320085,-6.816729,53.98513,3.765272,-0.023639,0.948925,0.012391,0.31437,-16.086287,7.218912,-0.039526,-0.073701,0.877608,-0.057255,0.470207,-0.075753,91.425583,29.729874,-0.018284,0.874185,-0.072159,0.479853,2.728537,54.938473,36.035366,-0.077131,0.857215,-0.062576,0.50529,0.945296,7.640907,42.908562,-0.023639,0.948925,0.012391,0.31437,-7.25937,1.594391,-11.532627,-0.077131,0.857215,-0.062576,0.50529,13.865444,1.163713,37.1852
799,6.658333,-0.021149,0.838089,-0.031593,0.544207,-3.954901,90.763733,21.034554,-0.063957,0.826374,0.032483,0.558534,-3.963189,98.538422,20.442162,-0.045152,0.821941,-0.020185,0.567421,-6.15655,113.827003,20.167801,0.087093,0.821214,-0.172551,0.536888,-7.109529,132.305908,18.600105,0.18208,0.781233,-0.387785,0.454031,-0.650635,145.226517,15.109326,0.0034,0.824838,0.032914,0.5644,-8.695635,126.042511,15.744419,0.495823,-0.367518,0.242707,-0.748454,-15.26652,126.816818,-1.111019,0.317407,0.094664,-0.542171,-0.772232,-0.678113,109.470413,-8.487159,0.343574,0.130247,-0.603152,-0.707955,8.44968,130.252045,-13.071277,-0.175244,0.83886,-0.011217,0.515246,-6.018076,126.781395,22.826109,0.378982,0.914831,0.125395,-0.061099,1.362954,132.314484,38.407742,-0.093614,0.485245,0.425882,-0.757891,18.173569,116.152016,33.477737,-0.038949,0.384013,0.379184,-0.840973,14.446898,132.650253,18.78484,0.049903,0.845961,0.106208,0.520173,-7.822923,90.099678,12.373432,0.105076,0.941302,0.006696,0.320727,-6.855187,53.988411,3.772708,-0.023625,0.948738,0.012412,0.314935,-16.110867,7.221219,-0.053867,-0.073643,0.877838,-0.057663,0.469737,-0.086879,91.427788,29.695675,-0.018511,0.874339,-0.072136,0.479567,2.702613,54.943527,36.024193,-0.077241,0.857163,-0.062603,0.505358,0.94162,7.646453,42.906467,-0.023625,0.948738,0.012412,0.314935,-7.270406,1.597464,-11.536928,-0.077241,0.857163,-0.062603,0.505358,13.863826,1.170674,37.186165
800,6.666667,-0.020623,0.838144,-0.031659,0.544139,-3.974217,90.765991,20.998297,-0.063819,0.826678,0.032348,0.558108,-3.975117,98.540955,20.409502,-0.043862,0.822418,-0.019879,0.566842,-6.164011,113.838913,20.135057,0.087872,0.821434,-0.173266,0.536194,-7.085249,132.32254,18.604492,0.182677,0.781285,-0.38779,0.453698,-0.601631,145.228104,15.103907,0.004813,0.825404,0.032438,0.563589,-8.687076,126.067612,15.739036,0.495138,-0.368692,0.243357,-0.748119,-15.290681,126.87355,-1.102135,0.316587,0.093318,-0.54155,-0.773167,-0.758529,109.492134,-8.506856,0.34255,0.129318,-0.602617,-0.709077,8.411829,130.250916,-13.105205,-0.174047,0.839231,-0.011078,0.51505,-5.997776,126.787857,22.818199,0.380104,0.914188,0.12663,-0.061201,1.405684,132.284256,38.402176,-0.09394,0.485042,0.427303,-0.75718,18.175119,116.088745,33.440487,-0.039669,0.383802,0.380221,-0.840568,14.493857,132.62822,18.781822,0.049829,0.845892,0.105745,0.520386,-7.844072,90.109657,12.337402,0.104534,0.941412,0.006711,0.32058,-6.887595,53.990543,3.768411,-0.024156,0.948935,0.012465,0.314299,-16.095167,7.212496,-0.041467,-0.073693,0.878242,-0.058039,0.468926,-0.104361,91.422318,29.659191,-0.01871,0.874647,-0.072171,0.478992,2.68099,54.941833,36.011272,-0.077283,0.857179,-0.062594,0.505324,0.939613,7.645938,42.906647,-0.024156,0.948935,0.012465,0.314299,-7.263979,1.594912,-11.534685,-0.077283,0.857179,-0.062594,0.505324,13.861841,1.170947,37.18549
801,6.675,-0.020112,0.838191,-0.03197,0.544067,-3.993891,90.769264,20.962387,-0.062717,0.826792,0.032321,0.558065,-3.985533,98.54425,20.373867,-0.04332,0.822526,-0.019858,0.566727,-6.144868,113.838722,20.118063,0.088184,0.821617,-0.173434,0.535807,-7.050239,132.324142,18.599623,0.183237,0.781463,-0.387708,0.453237,-0.558993,145.225204,15.096603,0.006469,0.826324,0.032127,0.56224,-8.658422,126.072464,15.730625,0.494652,-0.369926,0.243669,-0.747729,-15.316345,126.920212,-1.087089,0.315996,0.09218,-0.540993,-0.773935,-0.834897,109.511627,-8.527243,0.342129,0.128305,-0.602255,-0.709771,8.372898,130.249908,-13.139939,-0.17289,0.839514,-0.010885,0.514982,-5.966423,126.785782,22.809462,0.380988,0.913549,0.12846,-0.06144,1.454148,132.245178,38.398315,-0.093995,0.484385,0.428889,-0.756697,18.190109,116.029533,33.389515,-0.040155,0.38323,0.38159,-0.840185,14.541751,132.609146,18.773821,0.04974,0.845703,0.10538,0.520776,-7.865633,90.117889,12.301962,0.104271,0.94127,0.006681,0.321081,-6.913947,53.992386,3.759411,-0.023825,0.948907,0.012471,0.314408,-16.097046,7.209048,-0.044611,-0.073645,0.87867,-0.058347,0.468094,-0.12215,91.420647,29.62281,-0.018967,0.874943,-0.072238,0.478431,2.655329,54.942287,35.990562,-0.077472,0.857135,-0.062782,0.505348,0.936801,7.648248,42.904423,-0.023825,0.948907,0.012471,0.314408,-7.266888,1.588518,-11.537176,-0.077472,0.857135,-0.062782,0.505348,13.860482,1.172178,37.187767
802,6.683333,-0.01953,0.838281,-0.03232,0.543929,-4.013629,90.770042,20.925636,-0.061938,0.827065,0.032333,0.557747,-3.99479,98.545036,20.337475,-0.042527,0.822872,-0.019742,0.56629,-6.134667,113.842628,20.096312,0.088942,0.821946,-0.173081,0.535291,-7.019141,132.330734,18.598557,0.18371,0.781737,-0.387913,0.452394,-0.518221,145.230972,15.110445,0.007786,0.827071,0.031854,0.56114,-8.638074,126.084099,15.724656,0.494349,-0.37133,0.243823,-0.747184,-15.340093,126.96463,-1.073846,0.315566,0.091401,-0.540392,-0.774623,-0.911842,109.52916,-8.554284,0.341999,0.12727,-0.602256,-0.710019,8.333297,130.251205,-13.172733,-0.171535,0.839723,-0.01093,0.515093,-5.937495,126.786591,22.801304,0.382139,0.912834,0.12986,-0.061974,1.495813,132.20697,38.397701,-0.094252,0.484004,0.430635,-0.755917,18.186743,115.961624,33.33522,-0.040521,0.382869,0.383114,-0.839638,14.58914,132.589111,18.76189,0.049595,0.84555,0.105018,0.52111,-7.888657,90.124367,12.266256,0.104231,0.940735,0.006619,0.322661,-6.938694,53.992126,3.752033,-0.023656,0.94875,0.012399,0.314898,-16.113808,7.207921,-0.060565,-0.073692,0.87946,-0.05877,0.466547,-0.138603,91.415718,29.585016,-0.019096,0.875522,-0.072299,0.477357,2.638279,54.941559,35.977032,-0.077215,0.857181,-0.062929,0.505291,0.936257,7.648826,42.90387,-0.023656,0.94875,0.012399,0.314898,-7.273939,1.584068,-11.544035,-0.077215,0.857181,-0.062929,0.505291,13.855513,1.164982,37.186031
803,6.691667,-0.019046,0.83841,-0.032497,0.543737,-4.026883,90.771484,20.888401,-0.061675,0.82747,0.032305,0.557176,-4.000351,98.546585,20.302021,-0.041428,0.823435,-0.019478,0.565561,-6.133467,113.846863,20.066109,0.089652,0.822421,-0.172959,0.534482,-6.991304,132.338791,18.600254,0.184175,0.782086,-0.387957,0.451565,-0.47997,145.235428,15.118304,0.009058,0.827701,0.031598,0.560206,-8.625366,126.099442,15.719069,0.494214,-0.372945,0.243992,-0.746413,-15.364499,127.012016,-1.062863,0.315239,0.090688,-0.53969,-0.775329,-0.997463,109.543823,-8.584687,0.341998,0.126215,-0.60162,-0.710746,8.288627,130.246231,-13.207263,-0.170512,0.840148,-0.010612,0.514747,-5.910835,126.786041,22.791941,0.383234,0.912133,0.131256,-0.062596,1.548046,132.17186,38.388096,-0.093869,0.482851,0.432438,-0.755673,18.19536,115.899719,33.268379,-0.041134,0.381401,0.386128,-0.838896,14.617196,132.571838,18.738329,0.049573,0.845436,0.104602,0.521382,-7.90624,90.131767,12.230517,0.103622,0.940748,0.006553,0.322821,-6.968448,53.992905,3.743096,-0.023862,0.948991,0.012597,0.314146,-16.090815,7.196501,-0.046363,-0.073595,0.880135,-0.059165,0.465238,-0.147527,91.411201,29.546284,-0.019311,0.87586,-0.072412,0.476711,2.618777,54.939442,35.956539,-0.077358,0.857215,-0.063059,0.505195,0.934681,7.649076,42.903858,-0.023862,0.948991,0.012597,0.314146,-7.266178,1.579641,-11.544963,-0.077358,0.857215,-0.063059,0.505195,13.85345,1.164319,37.185955
804,6.7,-0.018664,0.838672,-0.032311,0.543358,-4.033793,90.774254,20.844776,-0.061209,0.827825,0.032489,0.55669,-4.00411,98.549774,20.264044,-0.040611,0.823863,-0.019269,0.565003,-6.128784,113.852325,20.042149,0.090262,0.822876,-0.172742,0.533749,-6.967056,132.347031,18.600378,0.184725,0.782485,-0.387954,0.45065,-0.448562,145.24205,15.125751,0.011577,0.829598,0.029899,0.55744,-8.612403,126.113174,15.713745,0.494872,-0.374313,0.242965,-0.745627,-15.461646,127.064583,-1.021394,0.315948,0.089687,-0.538145,-0.77623,-1.119518,109.598068,-8.594442,0.341879,0.125229,-0.60159,-0.711003,8.247074,130.244797,-13.241866,-0.169519,0.840529,-0.010459,0.514456,-5.887255,126.787842,22.783684,0.384355,0.911507,0.131981,-0.063305,1.59473,132.142822,38.379395,-0.09439,0.483011,0.43392,-0.754656,18.19677,115.840042,33.210411,-0.041283,0.381467,0.387012,-0.838451,14.68314,132.554047,18.713678,0.049387,0.845227,0.104216,0.521815,-7.921272,90.142693,12.189935,0.103553,0.940269,0.006378,0.324237,-6.982693,53.996468,3.733997,-0.023609,0.948898,0.01258,0.314448,-16.098576,7.19848,-0.051371,-0.073391,0.880454,-0.059452,0.46463,-0.146315,91.405823,29.49962,-0.019601,0.875865,-0.072664,0.476652,2.601194,54.934357,35.919659,-0.077146,0.857188,-0.063052,0.505274,0.930331,7.648569,42.901249,-0.023609,0.948898,0.01258,0.314448,-7.269524,1.578903,-11.545256,-0.077146,0.857188,-0.063052,0.505274,13.84795,1.160726,37.184246
805,6.708333,-0.018348,0.838962,-0.032258,0.542923,-4.038988,90.776466,20.804327,-0.061424,0.828379,0.032529,0.555839,-4.005927,98.552223,20.226944,-0.039256,0.824625,-0.018761,0.564004,-6.138095,113.861931,20.004425,0.090922,0.823458,-0.172769,0.53273,-6.947382,132.361374,18.607563,0.18514,0.782839,-0.387888,0.44992,-0.418546,145.251144,15.132895,0.012524,0.829964,0.029813,0.55688,-8.610897,126.137138,15.710629,0.494586,-0.375563,0.243389,-0.745049,-15.481913,127.114845,-1.014061,0.315473,0.088651,-0.537747,-0.776818,-1.194297,109.615578,-8.614519,0.341563,0.124227,-0.601696,-0.711242,8.201147,130.246567,-13.279308,-0.168942,0.841377,-0.009358,0.513279,-5.866951,126.790604,22.77528,0.385497,0.910821,0.133063,-0.06397,1.6659,132.112305,38.357891,-0.093899,0.481196,0.435741,-0.754827,18.221983,115.779968,33.135059,-0.041987,0.379361,0.390865,-0.837584,14.70024,132.543945,18.691267,0.049381,0.844985,0.103823,0.522285,-7.935664,90.150658,12.153206,0.103208,0.939951,0.006177,0.325272,-7.007424,53.998314,3.722331,-0.023794,0.948963,0.012678,0.314232,-16.094812,7.193264,-0.044288,-0.07337,0.880897,-0.059826,0.463744,-0.142312,91.402283,29.455448,-0.019708,0.876223,-0.072855,0.475959,2.597213,54.933907,35.896355,-0.076475,0.857172,-0.062432,0.505479,0.932121,7.651165,42.899948,-0.023794,0.948963,0.012678,0.314232,-7.268628,1.578013,-11.542482,-0.076475,0.857172,-0.062432,0.505479,13.848565,1.167068,37.176056
806,6.716667,-0.018002,0.839261,-0.032203,0.542476,-4.040503,90.779617,20.762684,-0.061105,0.828782,0.032787,0.555258,-4.003684,98.555618,20.188921,-0.038483,0.82511,-0.018505,0.563357,-6.132059,113.864265,19.980021,0.091652,0.823862,-0.172611,0.532031,-6.92417,132.366302,18.607777,0.185314,0.783311,-0.387775,0.449124,-0.384347,145.252731,15.141414,0.013541,0.830529,0.029778,0.556014,-8.598867,126.147461,15.705676,0.494674,-0.376418,0.243762,-0.744438,-15.503815,127.154366,-1.003301,0.315024,0.087192,-0.53774,-0.77717,-1.255476,109.627258,-8.613316,0.340927,0.123087,-0.601595,-0.71183,8.153826,130.247223,-13.318725,-0.167996,0.841764,-0.009277,0.512957,-5.842894,126.789154,22.766729,0.386409,0.910228,0.134139,-0.064659,1.71346,132.082748,38.347534,-0.093762,0.480565,0.437165,-0.754422,18.231764,115.729431,33.070992,-0.042617,0.378405,0.392935,-0.837016,14.738682,132.527237,18.661263,0.049297,0.844912,0.103418,0.522493,-7.946639,90.160057,12.115378,0.102877,0.939748,0.006037,0.325965,-7.026929,54.000877,3.712949,-0.023821,0.949035,0.012769,0.314011,-16.0865,7.189137,-0.037432,-0.073268,0.881423,-0.06025,0.462704,-0.134368,91.39917,29.40999,-0.019811,0.876541,-0.073058,0.475338,2.591445,54.933472,35.871853,-0.076213,0.857181,-0.062343,0.505515,0.930638,7.653961,42.898235,-0.023821,0.949035,0.012769,0.314011,-7.265064,1.576506,-11.540551,-0.076213,0.857181,-0.062343,0.505515,13.845183,1.167673,37.172527
807,6.725,-0.017592,0.839663,-0.032387,0.541856,-4.048463,90.777992,20.723167,-0.060712,0.829241,0.033028,0.554602,-4.005144,98.554039,20.150436,-0.037709,0.825628,-0.018217,0.562659,-6.128444,113.868523,19.956085,0.092138,0.824316,-0.172554,0.531262,-6.904048,132.373138,18.609491,0.185622,0.783697,-0.387664,0.44842,-0.3578,145.256683,15.144549,0.014497,0.831125,0.029636,0.555106,-8.590098,126.159821,15.702133,0.494764,-0.377608,0.243697,-0.743796,-15.530602,127.19194,-0.990568,0.314435,0.085886,-0.53748,-0.777734,-1.32355,109.644875,-8.631749,0.339967,0.121903,-0.601567,-0.712516,8.109274,130.248398,-13.363479,-0.166768,0.842225,-0.009213,0.512601,-5.821281,126.789429,22.759247,0.38702,0.909729,0.135406,-0.065373,1.763168,132.047089,38.338573,-0.093627,0.479958,0.4384,-0.754108,18.25452,115.684959,33.00531,-0.043173,0.377544,0.394583,-0.836601,14.783478,132.514435,18.624063,0.049123,0.844948,0.103174,0.522498,-7.967674,90.163338,12.08143,0.102586,0.939464,0.005869,0.326878,-7.046648,53.999138,3.700778,-0.023621,0.949057,0.012945,0.313951,-16.082024,7.181489,-0.034215,-0.073169,0.881861,-0.060483,0.461854,-0.129252,91.392647,29.364902,-0.019912,0.876838,-0.073342,0.474743,2.588236,54.927956,35.835934,-0.076335,0.857089,-0.062511,0.505632,0.927768,7.652798,42.891621,-0.023621,0.949057,0.012945,0.313951,-7.263742,1.571731,-11.541152,-0.076335,0.857089,-0.062511,0.505632,13.844496,1.165072,37.172474
808,6.733333,-0.016977,0.840064,-0.032464,0.541248,-4.055956,90.777153,20.680332,-0.060384,0.829709,0.033362,0.553916,-4.004352,98.553452,20.111748,-0.037018,0.826159,-0.018025,0.561931,-6.125458,113.87075,19.933334,0.092606,0.824793,-0.172444,0.530474,-6.885102,132.377548,18.607697,0.185915,0.784124,-0.387536,0.447662,-0.333664,145.259018,15.144861,0.015352,0.831649,0.029718,0.554294,-8.582519,126.168991,15.696794,0.494838,-0.379528,0.243175,-0.74294,-15.55473,127.227905,-0.981012,0.313587,0.085227,-0.536911,-0.778541,-1.404864,109.662651,-8.686231,0.338881,0.120676,-0.601237,-0.71352,8.060858,130.251404,-13.408867,-0.165895,0.84269,-0.008978,0.512126,-5.800455,126.788376,22.749603,0.388251,0.908633,0.139286,-0.065173,1.812176,132.01767,38.32473,-0.092565,0.478552,0.440694,-0.753796,18.259272,115.633224,32.923801,-0.04362,0.37674,0.396167,-0.836191,14.819835,132.497299,18.592266,0.0488,0.845085,0.102839,0.522374,-7.988082,90.171768,12.043807,0.102324,0.939393,0.005826,0.327165,-7.061161,54.000092,3.696109,-0.023662,0.949136,0.012971,0.313708,-16.073481,7.17726,-0.029655,-0.073115,0.882163,-0.060712,0.461256,-0.12383,91.382538,29.316858,-0.020058,0.87704,-0.073669,0.474312,2.586632,54.919319,35.799156,-0.076426,0.857118,-0.062675,0.505548,0.926973,7.649326,42.889561,-0.023662,0.949136,0.012971,0.313708,-7.260516,1.568479,-11.541147,-0.076426,0.857118,-0.062675,0.505548,13.842626,1.159102,37.170807
809,6.741667,-0.016204,0.840512,-0.032454,0.540577,-4.068593,90.774101,20.633215,-0.059855,0.830289,0.033496,0.553096,-4.007389,98.550812,20.07123,-0.036277,0.826823,-0.01773,0.561011,-6.117239,113.868294,19.907461,0.092817,0.82544,-0.17221,0.529506,-6.861814,132.377502,18.60717,0.186285,0.784562,-0.387407,0.446851,-0.313849,145.260437,15.143164,0.016056,0.832176,0.029817,0.553476,-8.571861,126.174332,15.692191,0.494853,-0.380782,0.242892,-0.742381,-15.576074,127.255867,-0.970741,0.312706,0.084115,-0.53682,-0.779079,-1.465105,109.677269,-8.716745,0.337722,0.119593,-0.600908,-0.714529,8.013228,130.255157,-13.453801,-0.165128,0.843381,-0.008469,0.511243,-5.773264,126.78199,22.739473,0.389107,0.908133,0.139743,-0.066046,1.881245,131.982315,38.303764,-0.092962,0.47778,0.441768,-0.753608,18.291155,115.577278,32.852425,-0.043705,0.37638,0.396671,-0.83611,14.860924,132.480057,18.562599,0.048504,0.845037,0.102484,0.522549,-8.015011,90.181442,12.002331,0.101998,0.939388,0.005892,0.327279,-7.081804,54.002224,3.688131,-0.024089,0.949135,0.012712,0.313688,-16.062658,7.173097,-0.034476,-0.073222,0.882277,-0.06089,0.460997,-0.122175,91.366753,29.264099,-0.02013,0.8772,-0.074017,0.473959,2.590981,54.906307,35.760815,-0.076609,0.85711,-0.062794,0.50552,0.924335,7.641515,42.884136,-0.024089,0.949135,0.012712,0.313688,-7.246208,1.561295,-11.541821,-0.076609,0.85711,-0.062794,0.50552,13.840969,1.151488,37.167393
810,6.75,-0.015808,0.84097,-0.032471,0.539876,-4.070132,90.777374,20.593172,-0.059517,0.830818,0.033733,0.552324,-4.004065,98.554268,20.034248,-0.035606,0.827415,-0.017457,0.560189,-6.109158,113.870346,19.884338,0.093438,0.825997,-0.171897,0.528631,-6.840143,132.381683,18.607096,0.18644,0.78515,-0.38732,0.445829,-0.28679,145.264069,15.151238,0.016635,0.832694,0.029963,0.552672,-8.561514,126.183411,15.688363,0.494709,-0.382032,0.242621,-0.741923,-15.597256,127.284775,-0.959982,0.311868,0.083176,-0.536839,-0.779502,-1.525465,109.694206,-8.749941,0.33699,0.118667,-0.601143,-0.714831,7.959359,130.2668,-13.498799,-0.164396,0.843896,-0.00807,0.510636,-5.748147,126.780411,22.730675,0.389521,0.90821,0.137099,-0.068056,1.937582,131.953857,38.288532,-0.094428,0.478056,0.441752,-0.75326,18.319277,115.534294,32.796276,-0.04448,0.375549,0.397452,-0.836072,14.898914,132.468933,18.527838,0.048327,0.845159,0.102192,0.522425,-8.031203,90.191177,11.968561,0.101756,0.939396,0.005857,0.327332,-7.09958,54.006237,3.679097,-0.024065,0.949151,0.01268,0.313645,-16.059793,7.172352,-0.03327,-0.073177,0.882357,-0.060926,0.460847,-0.109061,91.363571,29.217783,-0.020264,0.877181,-0.074444,0.47392,2.601045,54.902969,35.714893,-0.076906,0.857079,-0.063015,0.5055,0.926553,7.644754,42.879898,-0.024065,0.949151,0.01268,0.313645,-7.244772,1.559402,-11.541152,-0.076906,0.857079,-0.063015,0.5055,13.845013,1.154535,37.167488
811,6.758333,-0.015391,0.841502,-0.03232,0.539067,-4.069205,90.779411,20.550152,-0.059165,0.831352,0.033995,0.551541,-3.999479,98.556664,19.996643,-0.035075,0.827986,-0.017182,0.559387,-6.100027,113.87262,19.861479,0.093656,0.826571,-0.171746,0.527743,-6.821663,132.385712,18.604404,0.186775,0.785599,-0.387168,0.445027,-0.269988,145.268402,15.146523,0.017339,0.833192,0.030208,0.551886,-8.552741,126.191505,15.682795,0.494615,-0.382788,0.242726,-0.741561,-15.619048,127.318451,-0.950886,0.311197,0.081807,-0.537038,-0.779778,-1.577263,109.712234,-8.759606,0.336177,0.117894,-0.601287,-0.71522,7.908979,130.278473,-13.543452,-0.163672,0.84435,-0.007924,0.510119,-5.725148,126.779579,22.720156,0.39009,0.907841,0.137555,-0.068792,1.988305,131.93074,38.27169,-0.094123,0.477318,0.442659,-0.753234,18.344046,115.499687,32.736565,-0.044032,0.374976,0.398394,-0.835905,14.928444,132.452606,18.4932,0.048153,0.845309,0.101834,0.522269,-8.047122,90.201775,11.932722,0.101457,0.939241,0.005722,0.327873,-7.12023,54.010155,3.671924,-0.022819,0.949207,0.013323,0.31354,-16.056002,7.170305,-0.024158,-0.073177,0.882235,-0.061085,0.461059,-0.091287,91.357056,29.167583,-0.020326,0.877184,-0.074839,0.47385,2.611731,54.897873,35.675659,-0.076502,0.857047,-0.062913,0.505628,0.925053,7.645533,42.876469,-0.022819,0.949207,0.013323,0.31354,-7.255404,1.563049,-11.545846,-0.076502,0.857047,-0.062913,0.505628,13.841471,1.151401,37.163902
812,6.766667,-0.015042,0.842037,-0.03209,0.538254,-4.065207,90.779999,20.504463,-0.058748,0.831947,0.034265,0.550672,-3.993373,98.557648,19.956827,-0.034589,0.828634,-0.01689,0.558466,-6.087976,113.87458,19.837908,0.094113,0.827174,-0.171445,0.526815,-6.802151,132.389313,18.600706,0.186969,0.786147,-0.387109,0.444029,-0.248947,145.272476,15.147514,0.01783,0.833665,0.030486,0.55114,-8.543253,126.198936,15.676902,0.494585,-0.3845,0.242043,-0.740919,-15.638733,127.345741,-0.942999,0.310373,0.081437,-0.536769,-0.78033,-1.643764,109.73127,-8.816894,0.335475,0.117075,-0.601288,-0.715683,7.857797,130.291229,-13.587232,-0.163389,0.845193,-0.007061,0.508825,-5.699481,126.778496,22.70845,0.390898,0.906999,0.141005,-0.068341,2.065061,131.909729,38.241142,-0.092917,0.475475,0.444227,-0.753626,18.393688,115.467728,32.658714,-0.043757,0.374519,0.398548,-0.83605,14.963217,132.440399,18.45809,0.047998,0.845589,0.101454,0.521902,-8.059981,90.21064,11.89428,0.101095,0.939306,0.005731,0.327797,-7.14186,54.012192,3.662492,-0.02419,0.94923,0.01292,0.313384,-16.045452,7.165331,-0.022345,-0.073212,0.882377,-0.061249,0.460759,-0.070433,91.349365,29.114645,-0.020297,0.877104,-0.075284,0.473929,2.631414,54.892063,35.633743,-0.076604,0.85697,-0.062959,0.505737,0.921426,7.646,42.870197,-0.02419,0.94923,0.01292,0.313384,-7.234597,1.559999,-11.537127,-0.076604,0.85697,-0.062959,0.505737,13.840323,1.152858,37.162102
813,6.775,-0.014706,0.842591,-0.031887,0.537408,-4.063152,90.780975,20.460564,-0.058098,0.832537,0.034427,0.549837,-3.989152,98.558975,19.918327,-0.034279,0.829253,-0.016474,0.557579,-6.070737,113.883522,19.816729,0.094452,0.827736,-0.171472,0.525861,-6.785308,132.399551,18.59951,0.187159,0.78666,-0.387006,0.44313,-0.22878,145.27977,15.141638,0.018244,0.834196,0.030697,0.550311,-8.533547,126.212311,15.673351,0.494785,-0.385864,0.24159,-0.740224,-15.661558,127.375259,-0.9315,0.309885,0.080863,-0.536682,-0.780644,-1.706222,109.74897,-8.849185,0.334995,0.116426,-0.601406,-0.715915,7.806448,130.308777,-13.626939,-0.162878,0.84578,-0.006527,0.50802,-5.674383,126.784515,22.699257,0.391149,0.906711,0.141919,-0.068826,2.125836,131.893539,38.22139,-0.092175,0.474412,0.444826,-0.754033,18.4419,115.452278,32.60017,-0.043719,0.37358,0.399452,-0.836041,14.990052,132.433289,18.414371,0.048087,0.84533,0.10095,0.522412,-8.075419,90.219429,11.858007,0.100632,0.939337,0.005649,0.327853,-7.177681,54.014034,3.654575,-0.023192,0.949317,0.013507,0.313174,-16.042524,7.158148,-0.008887,-0.073259,0.882263,-0.061347,0.460957,-0.050884,91.342522,29.06312,-0.020372,0.876923,-0.075713,0.474193,2.649153,54.886616,35.590752,-0.076905,0.856946,-0.063158,0.505708,0.923785,7.64704,42.865765,-0.023192,0.949317,0.013507,0.313174,-7.246081,1.559278,-11.53782,-0.076905,0.856946,-0.063158,0.505708,13.844522,1.154219,37.161476
814,6.783333,-0.014283,0.843182,-0.031729,0.536501,-4.061248,90.779831,20.416378,-0.057625,0.83316,0.034743,0.548924,-3.98359,98.558174,19.879675,-0.033772,0.829912,-0.016281,0.556633,-6.058836,113.886284,19.796541,0.094649,0.828426,-0.171163,0.524838,-6.763179,132.403839,18.59654,0.187352,0.787212,-0.387034,0.442043,-0.211724,145.286591,15.138441,0.018811,0.83475,0.030836,0.549442,-8.522494,126.220284,15.669209,0.493836,-0.386769,0.241451,-0.74043,-15.684355,127.402534,-0.91971,0.308683,0.079988,-0.536819,-0.781116,-1.759174,109.774887,-8.88732,0.334525,0.115705,-0.601824,-0.7159,7.75097,130.329651,-13.665981,-0.162256,0.846382,-0.006317,0.507219,-5.64678,126.784576,22.688999,0.391728,0.906374,0.142005,-0.069789,2.190241,131.874054,38.199013,-0.092083,0.473637,0.445439,-0.75417,18.478371,115.420868,32.531803,-0.043473,0.372969,0.399334,-0.836383,15.017873,132.421066,18.369192,0.047841,0.845761,0.100747,0.521775,-8.092286,90.227066,11.82203,0.100328,0.939373,0.005634,0.327844,-7.193251,54.016888,3.639881,-0.023792,0.949315,0.013138,0.313149,-16.031647,7.155153,-0.012673,-0.073278,0.882231,-0.061446,0.461002,-0.030209,91.332588,29.010729,-0.020449,0.876804,-0.076196,0.474333,2.667306,54.877808,35.545643,-0.076211,0.856968,-0.062937,0.505802,0.92517,7.645556,42.864079,-0.023792,0.949315,0.013138,0.313149,-7.230246,1.551873,-11.535683,-0.076211,0.856968,-0.062937,0.505802,13.840796,1.146633,37.155163
815,6.791667,-0.013308,0.843682,-0.031972,0.535725,-4.09595,90.793518,20.372734,-0.05664,0.833798,0.034757,0.548055,-4.003928,98.572044,19.840902,-0.033232,0.830595,-0.01605,0.555652,-6.052766,113.892891,19.777111,0.094339,0.829248,-0.171269,0.52356,-6.746687,132.412048,18.596195,0.187791,0.78778,-0.386814,0.441036,-0.207557,145.295654,15.118063,0.019193,0.835245,0.030803,0.548679,-8.517419,126.232529,15.667263,0.493457,-0.387865,0.241023,-0.740249,-15.709088,127.425171,-0.908005,0.307723,0.079307,-0.536937,-0.781483,-1.814532,109.795937,-8.925402,0.333937,0.114936,-0.602276,-0.715919,7.69549,130.352325,-13.705482,-0.161728,0.846883,-0.006047,0.506553,-5.624556,126.788155,22.680695,0.392469,0.905995,0.141713,-0.071125,2.243082,131.859253,38.181217,-0.092001,0.473032,0.446331,-0.754032,18.494516,115.389191,32.458027,-0.042901,0.371941,0.399641,-0.836724,15.043785,132.413651,18.319864,0.047284,0.846039,0.100531,0.521418,-8.143313,90.254257,11.785204,0.099849,0.93956,0.005764,0.327451,-7.221273,54.036915,3.637414,-0.023335,0.949443,0.012824,0.312808,-16.014566,7.166153,-0.008167,-0.073612,0.882241,-0.061288,0.460951,-0.048588,91.332779,28.960264,-0.020585,0.876759,-0.076613,0.474342,2.676494,54.880196,35.495995,-0.07665,0.856899,-0.063579,0.505773,0.926686,7.654577,42.85532,-0.023335,0.949443,0.012824,0.312808,-7.227474,1.549748,-11.535699,-0.07665,0.856899,-0.063579,0.505773,13.843388,1.148196,37.157345
816,6.8,-0.012807,0.844248,-0.031957,0.534846,-4.09798,90.795311,20.334301,-0.056214,0.834452,0.034903,0.547094,-4.000055,98.574051,19.806751,-0.032825,0.8313,-0.015815,0.554628,-6.040327,113.89489,19.75631,0.093997,0.830079,-0.171182,0.522331,-6.727992,132.415344,18.591881,0.188217,0.788283,-0.386753,0.440007,-0.204423,145.302567,15.097986,0.01958,0.835828,0.030849,0.547774,-8.509067,126.239029,15.662439,0.49327,-0.388942,0.240473,-0.739988,-15.736148,127.443657,-0.896551,0.306833,0.07866,-0.537073,-0.781805,-1.86884,109.81498,-8.96218,0.33322,0.114355,-0.602248,-0.716369,7.639781,130.37323,-13.744643,-0.161301,0.847425,-0.005757,0.505786,-5.598498,126.787613,22.669094,0.392791,0.905831,0.141238,-0.072366,2.302258,131.843323,38.157791,-0.091951,0.472339,0.446641,-0.754289,18.533157,115.369179,32.388271,-0.042985,0.370744,0.399783,-0.837183,15.064849,132.408432,18.265797,0.046979,0.846518,0.100435,0.520686,-8.163492,90.264633,11.754813,0.099613,0.939726,0.005728,0.327048,-7.233189,54.043724,3.623843,-0.023461,0.94946,0.012721,0.31275,-16.008142,7.168406,-0.007276,-0.073687,0.882023,-0.061069,0.461385,-0.032469,91.325981,28.913788,-0.020625,0.876654,-0.077228,0.474434,2.701856,54.872227,35.43914,-0.07338,0.857,-0.062562,0.506213,0.926639,7.655817,42.851238,-0.023461,0.94946,0.012721,0.31275,-7.221355,1.550328,-11.534227,-0.07338,0.857,-0.062562,0.506213,13.818968,1.120196,37.131573
817,6.808333,-0.01258,0.844919,-0.031737,0.533804,-4.092609,90.798744,20.290524,-0.055752,0.835071,0.035227,0.546175,-3.994178,98.577805,19.767635,-0.032519,0.831918,-0.01562,0.553725,-6.028226,113.900581,19.735622,0.093816,0.830727,-0.171367,0.521272,-6.711719,132.421997,18.584257,0.188444,0.788745,-0.386611,0.439207,-0.195288,145.30809,15.072878,0.020013,0.836416,0.031026,0.54685,-8.50145,126.248154,15.654871,0.493165,-0.390075,0.239905,-0.739645,-15.764541,127.468803,-0.887187,0.306071,0.078369,-0.537512,-0.781831,-1.926318,109.839371,-9.000988,0.332933,0.114516,-0.601955,-0.716723,7.561723,130.405457,-13.780725,-0.161163,0.848242,-0.004991,0.504468,-5.575339,126.791321,22.655474,0.392293,0.906408,0.137847,-0.074361,2.37526,131.833298,38.123138,-0.092272,0.47182,0.445702,-0.75513,18.610834,115.371262,32.332184,-0.042368,0.369243,0.400379,-0.837593,15.082253,132.403839,18.209021,0.046764,0.84712,0.100264,0.519759,-8.179407,90.274422,11.720762,0.099309,0.939656,0.005557,0.327342,-7.251197,54.049458,3.60762,-0.022812,0.949463,0.012941,0.312781,-16.003414,7.168186,-0.001432,-0.073765,0.881879,-0.061056,0.46165,-0.005812,91.323074,28.860287,-0.020557,0.876758,-0.0778,0.474151,2.732054,54.870056,35.388275,-0.076661,0.856811,-0.064038,0.505863,0.927443,7.661861,42.845474,-0.022812,0.949463,0.012941,0.312781,-7.222443,1.549996,-11.532763,-0.076661,0.856811,-0.064038,0.505863,13.843184,1.14553,37.156696
818,6.816667,-0.012372,0.845606,-0.031511,0.532733,-4.083955,90.801529,20.248085,-0.055262,0.835764,0.035321,0.545159,-3.98531,98.580887,19.729774,-0.032208,0.83263,-0.015298,0.552681,-6.007747,113.900589,19.710966,0.093929,0.831403,-0.171287,0.5202,-6.689724,132.423126,18.576803,0.188376,0.789337,-0.386547,0.438226,-0.177411,145.309372,15.058383,0.01926,0.836031,0.032492,0.54738,-8.488356,126.252159,15.646811,0.492489,-0.39173,0.239932,-0.739212,-15.731514,127.479401,-0.903495,0.303566,0.07762,-0.538158,-0.782438,-1.955591,109.827675,-9.074653,0.330179,0.113417,-0.60218,-0.717982,7.507997,130.417709,-13.827231,-0.160909,0.848773,-0.00473,0.503657,-5.544371,126.78878,22.640423,0.392248,0.906399,0.13744,-0.075453,2.438812,131.821136,38.094433,-0.091796,0.47084,0.445707,-0.755797,18.668274,115.366951,32.264225,-0.0422,0.367916,0.400656,-0.838053,15.098536,132.39856,18.150988,0.04651,0.847731,0.100151,0.518805,-8.192578,90.283325,11.688395,0.099028,0.939845,0.005427,0.326888,-7.261922,54.054916,3.590898,-0.022976,0.949552,0.012971,0.312499,-15.994923,7.168165,0.006567,-0.073735,0.881879,-0.061093,0.461649,0.024668,91.319725,28.807777,-0.020518,0.876618,-0.078376,0.474318,2.759358,54.866718,35.337147,-0.076868,0.856646,-0.064173,0.506094,0.923891,7.666964,42.840111,-0.022976,0.949552,0.012971,0.312499,-7.218871,1.552198,-11.529593,-0.076868,0.856646,-0.064173,0.506094,13.844569,1.151717,37.161312
819,6.825,-0.012043,0.84639,-0.031176,0.531514,-4.071487,90.800186,20.195168,-0.054723,0.836407,0.035863,0.54419,-3.972039,98.580002,19.683857,-0.031964,0.833243,-0.015096,0.551776,-5.990107,113.903404,19.690502,0.094065,0.832055,-0.171247,0.519145,-6.669923,132.426758,18.568291,0.188318,0.789988,-0.386545,0.437079,-0.160525,145.312469,15.042509,0.019505,0.836648,0.032632,0.54642,-8.476511,126.257881,15.638762,0.49227,-0.392827,0.239281,-0.738987,-15.757368,127.494606,-0.894287,0.302363,0.076969,-0.538516,-0.782721,-2.007623,109.846733,-9.117672,0.328839,0.113127,-0.602493,-0.71838,7.443493,130.44487,-13.868234,-0.160804,0.849422,-0.004263,0.5026,-5.517087,126.789818,22.626211,0.392269,0.906365,0.137061,-0.076437,2.505812,131.814056,38.062279,-0.09121,0.469753,0.445751,-0.756518,18.727365,115.364647,32.196655,-0.041621,0.366785,0.400704,-0.838554,15.113664,132.395081,18.09376,0.04619,0.848171,0.099969,0.518149,-8.204924,90.291206,11.646879,0.098814,0.939905,0.005222,0.326783,-7.267509,54.057884,3.572188,-0.022696,0.949586,0.013141,0.312409,-15.988342,7.166883,0.013922,-0.073833,0.882021,-0.061279,0.461338,0.06195,91.309174,28.743458,-0.020361,0.876534,-0.078993,0.474377,2.79888,54.858936,35.287331,-0.07796,0.856428,-0.064586,0.506243,0.921644,7.667854,42.834381,-0.022696,0.949586,0.013141,0.312409,-7.217061,1.55289,-11.526822,-0.07796,0.856428,-0.064586,0.506243,13.854392,1.161778,37.172569
820,6.833333,-0.011794,0.847265,-0.030781,0.530147,-4.062494,90.800644,20.147696,-0.054007,0.837156,0.036073,0.543094,-3.963842,98.580925,19.64349,-0.031846,0.833943,-0.015005,0.550726,-5.966384,113.901695,19.670246,0.094055,0.832735,-0.171024,0.518128,-6.645811,132.42543,18.554132,0.188178,0.790547,-0.386626,0.436056,-0.145113,145.314102,15.023109,0.019913,0.83748,0.032707,0.545124,-8.460867,126.257576,15.627718,0.49239,-0.393975,0.238317,-0.738608,-15.792343,127.50721,-0.881971,0.301563,0.076623,-0.539077,-0.782678,-2.06366,109.868446,-9.159926,0.328416,0.113147,-0.602223,-0.718796,7.361491,130.477234,-13.910847,-0.160855,0.849885,-0.00378,0.501803,-5.483709,126.787338,22.607796,0.39248,0.906272,0.136209,-0.077954,2.567601,131.806915,38.030582,-0.090795,0.4688,0.446002,-0.757011,18.770092,115.356873,32.114285,-0.041352,0.365092,0.401411,-0.838968,15.12592,132.395004,18.024492,0.046003,0.848645,0.100016,0.51738,-8.22365,90.30027,11.612356,0.09846,0.939812,0.004878,0.327162,-7.279985,54.06636,3.541019,-0.022626,0.949637,0.013109,0.312258,-15.978667,7.168332,0.021269,-0.073874,0.882042,-0.061392,0.461275,0.098662,91.301018,28.683037,-0.020249,0.876573,-0.079625,0.474204,2.834819,54.852253,35.235435,-0.078277,0.856386,-0.064847,0.506231,0.920889,7.67034,42.830425,-0.022626,0.949637,0.013109,0.312258,-7.211915,1.552702,-11.522122,-0.078277,0.856386,-0.064847,0.506231,13.855612,1.163537,37.173962
821,6.841667,-0.011449,0.84802,-0.030832,0.528942,-4.064074,90.802132,20.1101,-0.053571,0.837892,0.036158,0.541996,-3.961161,98.582497,19.607935,-0.03153,0.83468,-0.014885,0.549631,-5.953598,113.902756,19.646843,0.094352,0.833447,-0.170863,0.516982,-6.627146,132.427353,18.54179,0.188071,0.791227,-0.386752,0.434756,-0.127774,145.315872,15.007753,0.020025,0.838083,0.032928,0.54418,-8.452847,126.261841,15.617086,0.49249,-0.395102,0.237586,-0.738175,-15.821435,127.518555,-0.875542,0.300201,0.075539,-0.539616,-0.782936,-2.118558,109.882103,-9.201042,0.326764,0.112354,-0.601492,-0.720284,7.285653,130.493317,-13.962979,-0.160707,0.850673,-0.00339,0.500517,-5.457046,126.786697,22.589554,0.392555,0.906278,0.135281,-0.079113,2.642674,131.799072,37.989319,-0.090442,0.467906,0.445857,-0.757691,18.833664,115.349686,32.039803,-0.041153,0.363863,0.401304,-0.839563,15.146078,132.385895,17.958035,0.045704,0.849417,0.100302,0.516083,-8.249644,90.307358,11.586379,0.098144,0.939749,0.004544,0.327442,-7.288444,54.075684,3.507116,-0.022704,0.949693,0.012967,0.312088,-15.968437,7.171413,0.024638,-0.073968,0.882005,-0.061282,0.461347,0.121497,91.296913,28.633821,-0.020193,0.876599,-0.080231,0.474056,2.86702,54.848171,35.182426,-0.07778,0.856369,-0.064887,0.506332,0.922092,7.675302,42.825581,-0.022704,0.949693,0.012967,0.312088,-7.205378,1.552562,-11.519988,-0.07778,0.856369,-0.064887,0.506332,13.852575,1.159701,37.169552
822,6.85,-0.011038,0.848886,-0.030684,0.527569,-4.055779,90.795471,20.059326,-0.05323,0.838683,0.036657,0.540771,-3.949466,98.576118,19.562323,-0.031155,0.835472,-0.014794,0.548449,-5.942127,113.902458,19.622795,0.094093,0.834319,-0.170662,0.515687,-6.607498,132.42804,18.529137,0.188207,0.791787,-0.386934,0.433514,-0.123803,145.32106,14.98277,0.020196,0.838767,0.03344,0.543087,-8.445254,126.265129,15.606473,0.492616,-0.396124,0.236848,-0.737779,-15.856616,127.536285,-0.865862,0.29941,0.074901,-0.54036,-0.782787,-2.175622,109.90387,-9.235771,0.32604,0.112784,-0.601657,-0.720407,7.194491,130.523743,-14.011206,-0.160404,0.851355,-0.003242,0.499455,-5.42936,126.784576,22.570677,0.392721,0.906239,0.134397,-0.080244,2.712322,131.788742,37.950962,-0.089972,0.467003,0.445819,-0.758326,18.888517,115.336861,31.968243,-0.039886,0.362863,0.399926,-0.840713,15.161924,132.369476,17.895573,0.045356,0.85017,0.100341,0.514865,-8.269128,90.309418,11.5488,0.097774,0.939798,0.004249,0.327416,-7.296062,54.075958,3.478934,-0.022248,0.949769,0.013293,0.311877,-15.952526,7.164514,0.034731,-0.07394,0.882339,-0.061559,0.460675,0.157569,91.281525,28.569853,-0.020114,0.876785,-0.080847,0.473611,2.89666,54.835003,35.133511,-0.078037,0.856353,-0.064973,0.506309,0.920952,7.671323,42.825325,-0.022248,0.949769,0.013293,0.311877,-7.198675,1.550167,-11.519066,-0.078037,0.856353,-0.064973,0.506309,13.853491,1.157942,37.171448
823,6.858333,-0.010713,0.849839,-0.030677,0.526039,-4.05889,90.798546,20.01852,-0.052563,0.839574,0.036736,0.539447,-3.949216,98.579315,19.524075,-0.031039,0.83633,-0.014701,0.54715,-5.92568,113.906357,19.600899,0.094173,0.835058,-0.170699,0.514462,-6.591041,132.432312,18.513517,0.187983,0.792392,-0.387075,0.432377,-0.111427,145.324188,14.955577,0.020355,0.839422,0.033578,0.542061,-8.439024,126.270401,15.595193,0.492797,-0.39716,0.236043,-0.73736,-15.890485,127.548347,-0.858521,0.298363,0.074047,-0.54088,-0.782908,-2.230488,109.921227,-9.273779,0.32448,0.112665,-0.601813,-0.721,7.119683,130.548035,-14.060861,-0.160446,0.852255,-0.002591,0.497907,-5.401364,126.787712,22.550091,0.393487,0.905966,0.133145,-0.081646,2.795757,131.786514,37.90266,-0.089846,0.466027,0.44619,-0.758724,18.932413,115.310738,31.879007,-0.039259,0.361684,0.399454,-0.841475,15.179121,132.360672,17.827488,0.044931,0.850809,0.100664,0.513781,-8.303014,90.318504,11.522957,0.09739,0.939947,0.00393,0.327109,-7.30104,54.087025,3.447741,-0.022125,0.949884,0.013305,0.311535,-15.934494,7.168162,0.047134,-0.07401,0.882449,-0.061643,0.460441,0.185233,91.278587,28.514084,-0.020058,0.876717,-0.081386,0.473647,2.927744,54.833614,35.084919,-0.077631,0.856277,-0.065016,0.506494,0.922563,7.678071,42.81889,-0.022125,0.949884,0.013305,0.311535,-7.190246,1.552828,-11.513458,-0.077631,0.856277,-0.065016,0.506494,13.853085,1.157625,37.168533
824,6.866667,-0.010224,0.850876,-0.03042,0.524386,-4.057396,90.795013,19.966808,-0.052053,0.840381,0.037035,0.538218,-3.944304,98.57618,19.479557,-0.030747,0.837072,-0.014615,0.546032,-5.913301,113.911186,19.575605,0.094032,0.835829,-0.170642,0.513253,-6.572776,132.437897,18.497715,0.187928,0.79295,-0.387286,0.431188,-0.103656,145.331528,14.927035,0.020358,0.840129,0.033406,0.540974,-8.431493,126.278091,15.58179,0.492824,-0.398156,0.235223,-0.737066,-15.92558,127.551949,-0.852866,0.297206,0.073191,-0.541355,-0.783101,-2.284949,109.933006,-9.316506,0.322899,0.112312,-0.602271,-0.721382,7.048615,130.569107,-14.112237,-0.160268,0.852975,-0.002448,0.496732,-5.374974,126.791061,22.52874,0.393253,0.906071,0.132668,-0.082387,2.866532,131.785828,37.858833,-0.0888,0.464974,0.445884,-0.759672,19.006189,115.32106,31.813177,-0.038409,0.360416,0.399201,-0.842178,15.197596,132.349716,17.758646,0.044454,0.851351,0.10088,0.512883,-8.334753,90.326195,11.487302,0.09716,0.939897,0.003548,0.327325,-7.302927,54.09478,3.415576,-0.021431,0.949857,0.013443,0.311659,-15.927103,7.171366,0.054428,-0.074104,0.882498,-0.061824,0.460309,0.21996,91.263824,28.446314,-0.02005,0.876408,-0.082016,0.47411,2.963297,54.821533,35.031639,-0.078,0.856254,-0.065025,0.506475,0.924597,7.675812,42.816586,-0.021431,0.949857,0.013443,0.311659,-7.187181,1.55334,-11.508123,-0.078,0.856254,-0.065025,0.506475,13.858864,1.161201,37.168079
825,6.875,-0.010132,0.85205,-0.030245,0.522487,-4.048273,90.799332,19.914415,-0.051578,0.841436,0.037273,0.536597,-3.936461,98.580696,19.429987,-0.030516,0.838089,-0.014638,0.544483,-5.8958,113.908234,19.543859,0.093701,0.836764,-0.170526,0.511827,-6.549636,132.43544,18.471167,0.187957,0.793489,-0.387359,0.430118,-0.09748,145.332977,14.883965,0.020739,0.841073,0.033444,0.539488,-8.422316,126.277031,15.561214,0.493006,-0.399144,0.23431,-0.736701,-15.973973,127.562157,-0.846194,0.296241,0.072342,-0.541801,-0.783236,-2.350438,109.952713,-9.35703,0.321476,0.111957,-0.602936,-0.721518,6.965804,130.592041,-14.164712,-0.160257,0.853723,-0.002145,0.495449,-5.339874,126.787376,22.496897,0.39326,0.906089,0.132069,-0.083111,2.947855,131.78064,37.802551,-0.087743,0.463598,0.445782,-0.760695,19.081528,115.317406,31.736778,-0.037581,0.358956,0.399569,-0.842664,15.211362,132.336456,17.685566,0.044043,0.851646,0.101165,0.512373,-8.363463,90.334625,11.45387,0.096796,0.9401,0.00313,0.326853,-7.299562,54.104782,3.379236,-0.021013,0.95001,0.013612,0.311213,-15.906119,7.17434,0.071475,-0.074042,0.882598,-0.062205,0.460076,0.266918,91.264038,28.374962,-0.019972,0.876282,-0.082581,0.474248,2.994813,54.824593,34.982376,-0.077561,0.856123,-0.065022,0.506764,0.922671,7.687461,42.810398,-0.021013,0.95001,0.013612,0.311213,-7.181127,1.556803,-11.50259,-0.077561,0.856123,-0.065022,0.506764,13.856311,1.166607,37.167652
826,6.883333,-0.009815,0.853422,-0.029698,0.520281,-4.044112,90.794792,19.847462,-0.050969,0.842508,0.037697,0.534941,-3.933788,98.576759,19.372587,-0.030309,0.839067,-0.014661,0.542985,-5.884895,113.911522,19.511486,0.093781,0.837613,-0.170358,0.510479,-6.533741,132.439178,18.443392,0.187848,0.794094,-0.387571,0.428855,-0.089213,145.338272,14.848094,0.020925,0.841856,0.033435,0.538259,-8.419726,126.282013,15.539392,0.492806,-0.400197,0.233678,-0.736464,-16.019064,127.571716,-0.845623,0.295014,0.071434,-0.542097,-0.783578,-2.421588,109.966148,-9.405986,0.31999,0.111347,-0.603368,-0.721911,6.886703,130.610077,-14.219157,-0.160187,0.854498,-0.001884,0.494135,-5.312304,126.790031,22.464088,0.393418,0.906095,0.130876,-0.084178,3.023336,131.780823,37.744503,-0.087154,0.462734,0.445637,-0.761373,19.14258,115.312599,31.653976,-0.036954,0.357895,0.399726,-0.843069,15.230644,132.325256,17.605322,0.04336,0.852054,0.101563,0.511672,-8.403163,90.341637,11.408804,0.096508,0.940225,0.002599,0.326584,-7.287491,54.113365,3.334133,-0.020969,0.950141,0.01364,0.310816,-15.885973,7.177311,0.085516,-0.074145,0.883001,-0.062808,0.459203,0.314938,91.24794,28.286119,-0.019844,0.876403,-0.083217,0.473918,3.035261,54.815208,34.933601,-0.07671,0.85622,-0.064664,0.506776,0.92634,7.687682,42.809464,-0.020969,0.950141,0.01364,0.310816,-7.171045,1.559925,-11.4962,-0.07671,0.85622,-0.064664,0.506776,13.852612,1.160919,37.156685
827,6.891667,-0.009207,0.854797,-0.029661,0.518032,-4.063161,90.799179,19.79143,-0.050151,0.843596,0.037646,0.533304,-3.946268,98.58136,19.321665,-0.030136,0.840037,-0.014707,0.541492,-5.874387,113.91375,19.476522,0.092985,0.838512,-0.170831,0.508988,-6.518816,132.441742,18.411638,0.188061,0.794466,-0.387513,0.428125,-0.094519,145.340469,14.778924,0.021114,0.842749,0.033487,0.53685,-8.417826,126.285568,15.514053,0.493246,-0.401192,0.23281,-0.735903,-16.071758,127.581009,-0.845079,0.294279,0.070611,-0.542461,-0.783677,-2.492984,109.98037,-9.44518,0.318691,0.110721,-0.60431,-0.721794,6.803118,130.627853,-14.274718,-0.159808,0.855404,-0.002049,0.492687,-5.285614,126.79187,22.4277,0.393683,0.906012,0.130079,-0.085063,3.106151,131.779053,37.678551,-0.086586,0.461869,0.445616,-0.761976,19.208315,115.30323,31.563431,-0.036494,0.35693,0.399667,-0.843526,15.259605,132.312363,17.520199,0.042401,0.85263,0.102072,0.510691,-8.46684,90.3573,11.375375,0.095893,0.940781,0.002231,0.325164,-7.280418,54.130608,3.303681,-0.020497,0.950509,0.013582,0.309724,-15.840456,7.183063,0.120278,-0.074311,0.883158,-0.063057,0.458839,0.340517,91.241058,28.207483,-0.019784,0.876601,-0.083893,0.473436,3.065822,54.812492,34.875702,-0.076234,0.856199,-0.06473,0.506874,0.925516,7.69555,42.806225,-0.020497,0.950509,0.013582,0.309724,-7.157509,1.559175,-11.482283,-0.076234,0.856199,-0.06473,0.506874,13.847615,1.159756,37.154343
828,6.9,-0.008913,0.8563,-0.029392,0.515564,-4.070506,90.802834,19.729795,-0.04942,0.844949,0.037223,0.531256,-3.953219,98.585358,19.265646,-0.029894,0.841331,-0.014454,0.539499,-5.854254,113.914825,19.426149,0.093088,0.839537,-0.170514,0.507382,-6.498721,132.443634,18.375528,0.187967,0.795025,-0.387871,0.426802,-0.084992,145.345688,14.736009,0.021204,0.843753,0.033463,0.535267,-8.413163,126.289711,15.483295,0.493439,-0.402132,0.232061,-0.735497,-16.128393,127.586319,-0.846925,0.293403,0.06966,-0.542848,-0.783823,-2.569033,109.990631,-9.487697,0.317536,0.110036,-0.604725,-0.72206,6.713103,130.638382,-14.334157,-0.159854,0.856226,-0.00161,0.491245,-5.247957,126.790985,22.382267,0.39407,0.905916,0.128886,-0.086101,3.194689,131.776413,37.605579,-0.086066,0.460799,0.44573,-0.762615,19.273849,115.287209,31.466034,-0.035872,0.355661,0.400197,-0.843837,15.28517,132.299393,17.435104,0.04139,0.85321,0.102803,0.509658,-8.522802,90.369507,11.338913,0.095717,0.941017,0.00171,0.324533,-7.254322,54.147655,3.257984,-0.019949,0.950646,0.013372,0.309348,-15.817073,7.196701,0.132692,-0.074349,0.883314,-0.063397,0.458487,0.38179,91.236168,28.120678,-0.019756,0.876716,-0.084739,0.473074,3.100464,54.811214,34.81131,-0.075881,0.856286,-0.064961,0.506751,0.922656,7.707805,42.81168,-0.019949,0.950646,0.013372,0.309348,-7.150043,1.561778,-11.476417,-0.075881,0.856286,-0.064961,0.506751,13.837856,1.160559,37.157272
829,6.908333,-0.008165,0.857823,-0.029439,0.513036,-4.083677,90.795998,19.655327,-0.048641,0.84614,0.037477,0.529412,-3.957374,98.578674,19.196182,-0.029868,0.842388,-0.014563,0.537846,-5.842812,113.917305,19.380348,0.092974,0.840292,-0.171256,0.505902,-6.486343,132.446045,18.328098,0.187986,0.79555,-0.387603,0.426059,-0.0732,145.339127,14.65589,0.021666,0.844736,0.033434,0.533698,-8.413766,126.292015,15.444761,0.493816,-0.403046,0.231509,-0.734917,-16.18903,127.601028,-0.855972,0.292713,0.068823,-0.543164,-0.783936,-2.652527,110.002365,-9.526465,0.316611,0.108973,-0.605289,-0.722156,6.620239,130.653427,-14.390492,-0.159355,0.857083,-0.001575,0.489911,-5.221446,126.793968,22.331181,0.394629,0.905765,0.127414,-0.087318,3.274361,131.768173,37.528576,-0.085789,0.459996,0.446028,-0.762957,19.32246,115.259041,31.361374,-0.034981,0.354773,0.400872,-0.843928,15.311733,132.282776,17.34374,0.040315,0.853369,0.103681,0.5093,-8.58567,90.375557,11.290344,0.095534,0.941216,0.001022,0.324012,-7.219064,54.160648,3.194328,-0.01873,0.950762,0.013534,0.30906,-15.788533,7.20616,0.141396,-0.074497,0.883249,-0.063845,0.458526,0.418317,91.216438,28.020309,-0.019818,0.876733,-0.085489,0.472904,3.13095,54.797352,34.745247,-0.076454,0.856284,-0.065252,0.506631,0.925792,7.706389,42.811142,-0.01873,0.950762,0.013534,0.30906,-7.141634,1.56423,-11.47932,-0.076454,0.856284,-0.065252,0.506631,13.844052,1.1616,37.160881
830,6.916667,-0.007519,0.859564,-0.029265,0.510134,-4.112188,90.797295,19.57893,-0.04757,0.847544,0.037298,0.527272,-3.980162,98.580292,19.126837,-0.029732,0.843646,-0.014583,0.535878,-5.833603,113.917145,19.328531,0.093161,0.841188,-0.171406,0.504326,-6.474971,132.446167,18.279877,0.187825,0.796189,-0.387519,0.42501,-0.063965,145.335846,14.592023,0.022067,0.845871,0.033349,0.531887,-8.418167,126.292969,15.405367,0.49421,-0.404139,0.230664,-0.734318,-16.262684,127.611328,-0.861396,0.292124,0.067874,-0.543288,-0.784153,-2.74964,110.015549,-9.574208,0.315499,0.108334,-0.60586,-0.722258,6.522764,130.661575,-14.45878,-0.159265,0.857975,-0.001587,0.488377,-5.19357,126.79348,22.276836,0.395116,0.905623,0.126585,-0.087788,3.357635,131.770157,37.442314,-0.085225,0.459423,0.446008,-0.763377,19.383469,115.24205,31.26804,-0.03371,0.354297,0.399083,-0.845027,15.349056,132.256836,17.25234,0.038939,0.853904,0.104466,0.508348,-8.670839,90.390465,11.244014,0.095385,0.941633,0.000512,0.322846,-7.196272,54.179585,3.148894,-0.018624,0.950873,0.013211,0.308737,-15.771996,7.222301,0.157068,-0.07473,0.883498,-0.064254,0.45795,0.446462,91.204117,27.913847,-0.019898,0.876597,-0.086333,0.473,3.16456,54.791504,34.671532,-0.076049,0.856235,-0.065086,0.506797,0.926868,7.714725,42.81094,-0.018624,0.950873,0.013211,0.308737,-7.135182,1.570377,-11.466286,-0.076049,0.856235,-0.065086,0.506797,13.843924,1.167557,37.160683
831,6.925,-0.007211,0.861452,-0.029021,0.506958,-4.124512,90.803818,19.499294,-0.046956,0.84903,0.037254,0.524933,-3.991946,98.587105,19.052425,-0.029484,0.844993,-0.014491,0.533767,-5.827459,113.92083,19.268017,0.093441,0.842077,-0.171784,0.502659,-6.465473,132.4505,18.228773,0.187683,0.796795,-0.387393,0.424052,-0.051831,145.333069,14.520746,0.022413,0.847057,0.033218,0.52999,-8.425884,126.299164,15.361974,0.494796,-0.405382,0.229932,-0.733467,-16.342806,127.624283,-0.869121,0.291624,0.06675,-0.543289,-0.784434,-2.861631,110.022858,-9.619823,0.314168,0.107802,-0.605689,-0.723062,6.418634,130.661301,-14.532246,-0.158992,0.858868,-0.001606,0.486892,-5.166707,126.795868,22.217382,0.395372,0.905541,0.125925,-0.088424,3.440059,131.769455,37.352406,-0.084426,0.458589,0.446044,-0.763946,19.450897,115.232887,31.161919,-0.033695,0.353478,0.400724,-0.844593,15.38316,132.242493,17.145775,0.037978,0.853887,0.105771,0.508179,-8.74468,90.405884,11.197891,0.095143,0.941542,-0.000689,0.32318,-7.161142,54.2099,3.056899,-0.017233,0.951034,0.013246,0.308321,-15.751303,7.248217,0.177712,-0.074711,0.883886,-0.065011,0.457096,0.495657,91.201744,27.800697,-0.019941,0.876641,-0.087079,0.47278,3.193059,54.796185,34.604557,-0.075443,0.85618,-0.065093,0.506979,0.927176,7.731929,42.808357,-0.017233,0.951034,0.013246,0.308321,-7.140087,1.584265,-11.45877,-0.075443,0.85618,-0.065093,0.506979,13.840118,1.175191,37.159801
832,6.933333,-0.006968,0.863375,-0.02874,0.503696,-4.141526,90.810081,19.411362,-0.046076,0.850503,0.037183,0.522628,-4.00959,98.593674,18.969673,-0.02944,0.846285,-0.014506,0.531719,-5.820066,113.927864,19.20261,0.093289,0.84312,-0.17196,0.500876,-6.458925,132.457611,18.165298,0.188061,0.797378,-0.387243,0.422923,-0.056314,145.338913,14.433869,0.022973,0.848425,0.032956,0.527789,-8.434564,126.306534,15.308399,0.494556,-0.406144,0.229577,-0.733318,-16.434856,127.642334,-0.880885,0.29077,0.065119,-0.543278,-0.784896,-2.975388,110.041595,-9.666339,0.312752,0.10697,-0.60649,-0.723127,6.31419,130.663986,-14.614372,-0.158488,0.85989,-0.001656,0.485251,-5.142158,126.802933,22.147936,0.395882,0.905433,0.124623,-0.08909,3.528193,131.767487,37.249599,-0.084299,0.458141,0.445892,-0.764317,19.514149,115.209404,31.05234,-0.03398,0.352866,0.40077,-0.844816,15.422482,132.214767,17.042559,0.036259,0.853878,0.107521,0.507953,-8.824471,90.420364,11.144817,0.095477,0.942033,-0.001889,0.321643,-7.067666,54.242611,2.958424,-0.016294,0.951146,0.012639,0.308053,-15.729266,7.287321,0.191129,-0.074555,0.884281,-0.065883,0.456234,0.54142,91.199791,27.677906,-0.020211,0.876581,-0.087691,0.472766,3.205336,54.800987,34.530884,-0.075271,0.856089,-0.065336,0.507127,0.934391,7.748008,42.797695,-0.016294,0.951146,0.012639,0.308053,-7.13708,1.597965,-11.447026,-0.075271,0.856089,-0.065336,0.507127,13.846299,1.183427,37.155891
833,6.941667,-0.006641,0.865452,-0.028761,0.500122,-4.164155,90.809738,19.318125,-0.04533,0.852149,0.037127,0.520009,-4.02947,98.593376,18.878168,-0.029307,0.847764,-0.0145,0.529365,-5.819077,113.932594,19.127256,0.093313,0.844127,-0.172101,0.499122,-6.456746,132.462646,18.094517,0.188265,0.797825,-0.387169,0.422057,-0.061362,145.341843,14.343509,0.023512,0.84971,0.032883,0.525698,-8.450527,126.312469,15.248302,0.495,-0.407224,0.229149,-0.732553,-16.529686,127.662025,-0.900631,0.290177,0.063509,-0.543146,-0.785338,-3.102742,110.050522,-9.714227,0.311289,0.105901,-0.605838,-0.724461,6.202781,130.655258,-14.702649,-0.158017,0.860935,-0.001389,0.483549,-5.119994,126.807251,22.069471,0.396248,0.905354,0.123518,-0.089809,3.615467,131.758347,37.137997,-0.083925,0.457466,0.445837,-0.764794,19.58149,115.185524,30.92874,-0.033821,0.351932,0.400989,-0.845108,15.459426,132.190308,16.922995,0.035091,0.853988,0.109121,0.507509,-8.915405,90.426895,11.090324,0.095275,0.942177,-0.00315,0.32127,-7.028037,54.2687,2.846777,-0.01583,0.951263,0.012237,0.307732,-15.711452,7.310337,0.202702,-0.074637,0.884463,-0.066483,0.455779,0.587096,91.192589,27.545923,-0.020306,0.876731,-0.08868,0.4723,3.239342,54.800583,34.439438,-0.07518,0.856035,-0.065673,0.507188,0.935893,7.764658,42.793839,-0.01583,0.951263,0.012237,0.307732,-7.133611,1.605594,-11.438508,-0.07518,0.856035,-0.065673,0.507188,13.845881,1.191123,37.158054
834,6.95,-0.006086,0.867483,-0.02841,0.496617,-4.187021,90.802391,19.20455,-0.045,0.853912,0.037347,0.517121,-4.049327,98.586449,18.773085,-0.028735,0.849467,-0.014567,0.526657,-5.833394,113.930336,19.039389,0.093367,0.845439,-0.171761,0.497005,-6.455,132.461533,18.017765,0.188759,0.798419,-0.387106,0.420767,-0.074619,145.344788,14.255092,0.02412,0.851153,0.032535,0.523353,-8.474394,126.314903,15.181986,0.495255,-0.40797,0.228612,-0.732134,-16.641621,127.675018,-0.921695,0.28956,0.061651,-0.543114,-0.785737,-3.231957,110.064293,-9.763106,0.30986,0.104859,-0.6055,-0.725508,6.083372,130.64534,-14.800572,-0.157342,0.862078,-0.001823,0.481728,-5.099847,126.802979,21.981972,0.396563,0.905292,0.122692,-0.090171,3.70697,131.747025,37.011223,-0.083423,0.456396,0.44584,-0.765487,19.657963,115.160347,30.80036,-0.033658,0.350941,0.401884,-0.845102,15.491817,132.166138,16.805952,0.033884,0.85388,0.110284,0.507522,-9.00484,90.43367,11.014903,0.095025,0.942354,-0.004245,0.320812,-6.996716,54.288246,2.743961,-0.015314,0.951345,0.011977,0.307513,-15.692668,7.326099,0.210541,-0.074775,0.884944,-0.067431,0.454682,0.630797,91.171112,27.394196,-0.020517,0.876804,-0.089592,0.471982,3.26818,54.790073,34.351013,-0.074583,0.856126,-0.065537,0.50714,0.944084,7.770524,42.791462,-0.015314,0.951345,0.011977,0.307513,-7.126827,1.609422,-11.433646,-0.074583,0.856126,-0.065537,0.50714,13.847473,1.190066,37.148655
835,6.958333,-0.005623,0.869652,-0.028338,0.492819,-4.222249,90.798729,19.093288,-0.043964,0.855763,0.036169,0.514226,-4.080723,98.582939,18.66576,-0.028437,0.851172,-0.014225,0.523923,-5.818059,113.933739,18.923573,0.093654,0.8467,-0.17121,0.49499,-6.440209,132.465942,17.920559,0.189105,0.799094,-0.386896,0.419524,-0.071533,145.354309,14.155581,0.02483,0.852932,0.032278,0.520431,-8.479856,126.322197,15.09303,0.495638,-0.409003,0.228219,-0.731421,-16.756271,127.697517,-0.953512,0.289139,0.060061,-0.542752,-0.786265,-3.378254,110.076416,-9.822147,0.308647,0.103627,-0.604901,-0.726701,5.963639,130.633774,-14.900257,-0.156994,0.862832,-0.001606,0.480491,-5.061354,126.803825,21.871489,0.396881,0.905225,0.121931,-0.090476,3.792546,131.737427,36.876488,-0.08309,0.455914,0.445612,-0.765943,19.728895,115.13678,30.665319,-0.034215,0.350637,0.402552,-0.844888,15.533537,132.13681,16.66935,0.032403,0.854467,0.111893,0.506276,-9.111638,90.44014,10.945719,0.094735,0.942501,-0.005498,0.320448,-6.960752,54.313969,2.626661,-0.014651,0.951481,0.011505,0.307143,-15.670087,7.347724,0.218453,-0.074988,0.886006,-0.068425,0.452425,0.667142,91.157326,27.240858,-0.020534,0.877206,-0.090576,0.471046,3.302372,54.788673,34.262974,-0.074406,0.855987,-0.066028,0.507336,0.944207,7.786158,42.788403,-0.014651,0.951481,0.011505,0.307143,-7.122293,1.611928,-11.429591,-0.074406,0.855987,-0.066028,0.507336,13.845849,1.192304,37.157257
836,6.966667,-0.005434,0.871834,-0.027987,0.488971,-4.250003,90.795494,18.972464,-0.0438,0.857536,0.037045,0.511216,-4.110478,98.580048,18.550522,-0.028067,0.852838,-0.014482,0.521219,-5.856235,113.9282,18.8402,0.093722,0.847755,-0.172085,0.492864,-6.464873,132.460907,17.838173,0.189698,0.799551,-0.38645,0.418795,-0.094815,145.337158,14.034279,0.025325,0.853907,0.032158,0.518813,-8.528936,126.318909,15.024582,0.495862,-0.410148,0.227675,-0.730797,-16.865326,127.706291,-0.989844,0.288249,0.058377,-0.54269,-0.78676,-3.520219,110.079483,-9.896621,0.307115,0.102294,-0.604364,-0.727984,5.832554,130.619003,-15.010693,-0.156121,0.864255,-0.001962,0.478211,-5.067125,126.797913,21.78121,0.397195,0.90516,0.121051,-0.090936,3.875826,131.718323,36.737656,-0.082755,0.455213,0.445667,-0.766364,19.796314,115.104248,30.521751,-0.033796,0.349822,0.402899,-0.845077,15.574444,132.105499,16.534487,0.030918,0.855145,0.113775,0.504804,-9.211285,90.445145,10.868109,0.094463,0.942672,-0.007071,0.319994,-6.909365,54.343533,2.483139,-0.013958,0.951644,0.010989,0.30669,-15.643619,7.374254,0.229297,-0.075127,0.886756,-0.069472,0.450769,0.711279,91.145844,27.07682,-0.020682,0.877646,-0.091735,0.469995,3.33319,54.789471,34.167141,-0.074089,0.856154,-0.066443,0.507048,0.945302,7.807746,42.798222,-0.013958,0.951644,0.010989,0.30669,-7.116424,1.617867,-11.42369,-0.074089,0.856154,-0.066443,0.507048,13.837017,1.198351,37.162563
837,6.975,-0.005115,0.874069,-0.027866,0.484974,-4.282898,90.786514,18.8452,-0.043195,0.859442,0.036725,0.50808,-4.14187,98.57122,18.42668,-0.027905,0.854623,-0.014233,0.518304,-5.866432,113.929794,18.723934,0.09475,0.848798,-0.171891,0.490935,-6.478154,132.463104,17.735012,0.189909,0.8002,-0.386259,0.417635,-0.096957,145.33432,13.93276,0.026211,0.855466,0.031981,0.516206,-8.562664,126.322876,14.932653,0.495823,-0.411386,0.227471,-0.73019,-16.99514,127.732803,-1.029409,0.287574,0.056578,-0.542143,-0.787515,-3.694078,110.091171,-9.972672,0.305762,0.101083,-0.603666,-0.7293,5.695024,130.602386,-15.125674,-0.155606,0.865413,-0.001658,0.476282,-5.054609,126.797935,21.665667,0.397862,0.904959,0.119921,-0.091506,3.960849,131.703384,36.583443,-0.082603,0.454545,0.445883,-0.766652,19.851074,115.062668,30.361383,-0.034427,0.348822,0.404532,-0.844684,15.609871,132.074356,16.386641,0.029567,0.856055,0.115589,0.502926,-9.318268,90.444473,10.78631,0.094012,0.943017,-0.008577,0.319071,-6.880672,54.367699,2.333072,-0.013479,0.95177,0.010698,0.306331,-15.622717,7.392544,0.237425,-0.075219,0.887687,-0.070595,0.448743,0.752471,91.128555,26.904089,-0.020914,0.878015,-0.092815,0.469081,3.358652,54.784893,34.065025,-0.074121,0.856141,-0.0667,0.50703,0.950538,7.823166,42.79871,-0.013479,0.95177,0.010698,0.306331,-7.110665,1.623721,-11.420481,-0.074121,0.856141,-0.0667,0.50703,13.840977,1.208425,37.166401
838,6.983333,-0.005232,0.876389,-0.027194,0.480806,-4.303098,90.765686,18.698893,-0.042208,0.861291,0.036804,0.505017,-4.170705,98.550957,18.288,-0.028024,0.856276,-0.014332,0.515558,-5.8695,113.914764,18.609026,0.095501,0.849892,-0.171441,0.489051,-6.48628,132.447723,17.616673,0.190279,0.80094,-0.38594,0.416339,-0.103624,145.31929,13.818085,0.027349,0.857245,0.031792,0.513198,-8.589116,126.306534,14.830166,0.496162,-0.412632,0.226867,-0.729445,-17.131523,127.746452,-1.070656,0.286967,0.054778,-0.541645,-0.788207,-3.866328,110.097794,-10.053243,0.304265,0.099495,-0.603115,-0.7306,5.556493,130.581421,-15.24789,-0.15502,0.866475,-0.00168,0.474539,-5.037973,126.784012,21.540382,0.397958,0.904989,0.119049,-0.091928,4.044102,131.677322,36.4217,-0.082651,0.453952,0.445713,-0.767096,19.927006,115.030479,30.197281,-0.034572,0.348448,0.405142,-0.84454,15.654794,132.04422,16.233965,0.028235,0.856991,0.117089,0.501058,-9.415002,90.429817,10.688069,0.093633,0.943076,-0.01016,0.318962,-6.854892,54.373253,2.184981,-0.013104,0.95181,0.010841,0.306217,-15.611569,7.394144,0.244769,-0.075404,0.888591,-0.07193,0.446706,0.808805,91.101547,26.709717,-0.020941,0.878578,-0.093972,0.467795,3.398673,54.774086,33.958233,-0.074109,0.856095,-0.066833,0.507093,0.953616,7.833132,42.792736,-0.013104,0.95181,0.010841,0.306217,-7.106063,1.625819,-11.418163,-0.074109,0.856095,-0.066833,0.507093,13.844124,1.215374,37.16412
839,6.991667,-0.004949,0.87852,-0.026918,0.476922,-4.351165,90.756386,18.555651,-0.041945,0.863189,0.036354,0.50182,-4.218773,98.541931,18.150072,-0.027326,0.858118,-0.014166,0.512528,-5.902456,113.907921,18.469492,0.096375,0.851068,-0.171594,0.486776,-6.503691,132.44249,17.497847,0.190809,0.801745,-0.385238,0.415198,-0.110914,145.305527,13.68739,0.028164,0.858815,0.031593,0.510535,-8.633666,126.306328,14.720887,0.496331,-0.414032,0.226463,-0.728662,-17.273151,127.766396,-1.125552,0.28629,0.053055,-0.541028,-0.788994,-4.054398,110.103798,-10.149113,0.302771,0.098105,-0.602181,-0.732177,5.406012,130.555969,-15.378514,-0.154124,0.867719,-0.001602,0.472554,-5.034545,126.773544,21.406218,0.398144,0.904944,0.118502,-0.092275,4.125636,131.644226,36.247032,-0.082611,0.453091,0.445676,-0.76763,19.998446,114.989792,30.017181,-0.035053,0.347803,0.406117,-0.844318,15.688946,132.012283,16.069008,0.026687,0.857976,0.119069,0.498986,-9.533876,90.429558,10.590079,0.09335,0.943213,-0.011901,0.318581,-6.8218,54.401398,2.013981,-0.012656,0.951801,0.010222,0.306284,-15.606804,7.420892,0.242998,-0.075568,0.889447,-0.072834,0.444825,0.831545,91.083214,26.521223,-0.021325,0.878934,-0.095293,0.466841,3.417189,54.767311,33.828918,-0.073498,0.856132,-0.06695,0.507103,0.954701,7.851821,42.792923,-0.012656,0.951801,0.010222,0.306284,-7.106832,1.631542,-11.413548,-0.073498,0.856132,-0.06695,0.507103,13.837908,1.221408,37.162495
840,7.0,-0.004639,0.880566,-0.026979,0.473132,-4.392089,90.741119,18.406378,-0.041891,0.86512,0.03625,0.498497,-4.256738,98.526672,18.001671,-0.026809,0.860028,-0.014301,0.509341,-5.936246,113.893936,18.325642,0.097145,0.852376,-0.171062,0.484516,-6.522013,132.429413,17.361727,0.191537,0.80248,-0.38481,0.413837,-0.13041,145.293716,13.553551,0.029507,0.860443,0.031416,0.507722,-8.679988,126.296356,14.599541,0.493385,-0.414989,0.228082,-0.729613,-17.420424,127.793465,-1.187973,0.283989,0.050067,-0.539914,-0.790782,-4.274577,110.099922,-10.257277,0.300712,0.096762,-0.6014,-0.733845,5.259387,130.518768,-15.521315,-0.153126,0.868653,-0.001816,0.471159,-5.030894,126.757957,21.25812,0.398317,0.904837,0.118633,-0.092418,4.18805,131.606049,36.069916,-0.082674,0.452541,0.44585,-0.767847,20.053045,114.947578,29.830929,-0.035549,0.347473,0.406805,-0.844102,15.727848,131.980789,15.898238,0.025643,0.85906,0.12068,0.496784,-9.643336,90.420677,10.485559,0.092553,0.942883,-0.013721,0.319715,-6.826872,54.417133,1.840007,-0.012336,0.95189,0.01011,0.306026,-15.594038,7.42692,0.247048,-0.075772,0.89072,-0.073778,0.442078,0.859158,91.061569,26.327196,-0.021526,0.879602,-0.096717,0.465278,3.449331,54.758232,33.695499,-0.073233,0.856179,-0.067314,0.507014,0.955958,7.869711,42.791115,-0.012336,0.95189,0.01011,0.306026,-7.10436,1.631542,-11.414002,-0.073233,0.856179,-0.067314,0.507014,13.832945,1.226413,37.16164
841,7.008333,-0.003962,0.882858,-0.026866,0.468855,-4.463655,90.730179,18.240551,-0.04127,0.867127,0.035565,0.495099,-4.321766,98.515907,17.841703,-0.026264,0.861934,-0.014106,0.506144,-5.972782,113.884911,18.163433,0.097663,0.853628,-0.170959,0.482239,-6.548378,132.421661,17.218161,0.192465,0.803007,-0.384257,0.412897,-0.158473,145.283432,13.398591,0.030821,0.862112,0.030844,0.504839,-8.732565,126.292763,14.467381,0.493288,-0.41635,0.228051,-0.728912,-17.575836,127.818939,-1.259969,0.283223,0.048181,-0.539117,-0.791717,-4.483271,110.104004,-10.364525,0.299142,0.095183,-0.600567,-0.735373,5.097919,130.488052,-15.665293,-0.152458,0.8699,-0.001369,0.469072,-5.033628,126.745796,21.098991,0.398896,0.904671,0.117502,-0.092985,4.263802,131.571991,35.868824,-0.083632,0.452384,0.44588,-0.767819,20.101755,114.889885,29.624319,-0.036568,0.347683,0.407011,-0.843873,15.771067,131.943527,15.715909,0.023721,0.860819,0.122289,0.49343,-9.791624,90.42411,10.370561,0.091928,0.943277,-0.0151,0.318668,-6.826748,54.442562,1.683179,-0.011818,0.951965,0.009624,0.305827,-15.581672,7.445124,0.243459,-0.076335,0.892111,-0.074859,0.438985,0.864314,91.036247,26.110542,-0.02168,0.880352,-0.098147,0.463549,3.481282,54.751217,33.559071,-0.073148,0.856174,-0.067937,0.506951,0.955031,7.890001,42.785389,-0.011818,0.951965,0.009624,0.305827,-7.104377,1.631724,-11.417636,-0.073148,0.856174,-0.067937,0.506951,13.826797,1.231017,37.162502
842,7.016667,-0.003774,0.885029,-0.026653,0.464758,-4.50606,90.719055,18.072958,-0.041366,0.86901,0.035472,0.491784,-4.36498,98.504982,17.677748,-0.025577,0.863755,-0.014061,0.503067,-6.015527,113.870277,18.00174,0.098612,0.854987,-0.170313,0.479862,-6.573302,132.408386,17.072798,0.193348,0.803885,-0.383863,0.411137,-0.18233,145.271545,13.25971,0.031959,0.863696,0.030433,0.502077,-8.785159,126.284218,14.333632,0.493213,-0.418091,0.227775,-0.728052,-17.726559,127.837204,-1.335497,0.282331,0.046434,-0.538417,-0.792616,-4.697238,110.101761,-10.490692,0.29766,0.09384,-0.599415,-0.737085,4.92467,130.453827,-15.821102,-0.151551,0.870974,-0.00125,0.467371,-5.038437,126.727951,20.93899,0.399005,0.904562,0.117759,-0.093251,4.326663,131.529373,35.674088,-0.083656,0.451688,0.445973,-0.768171,20.158123,114.847275,29.413086,-0.037583,0.347256,0.408122,-0.843468,15.802759,131.909897,15.521651,0.022795,0.862266,0.123932,0.490529,-9.9068,90.419952,10.252464,0.09095,0.942993,-0.017054,0.31969,-6.851647,54.465252,1.485571,-0.011539,0.952018,0.009292,0.305683,-15.577057,7.456714,0.24264,-0.076464,0.893612,-0.075967,0.435706,0.894681,91.018158,25.893454,-0.021974,0.880854,-0.099658,0.462256,3.511178,54.746998,33.40942,-0.072803,0.856137,-0.068478,0.506992,0.956098,7.915589,42.778053,-0.011539,0.952018,0.009292,0.305683,-7.107567,1.631667,-11.418306,-0.072803,0.856137,-0.068478,0.506992,13.821665,1.238877,37.162025
843,7.025,-0.003056,0.886969,-0.026399,0.461064,-4.563786,90.699234,17.883926,-0.041479,0.870882,0.035063,0.488482,-4.41624,98.485451,17.496807,-0.024766,0.865651,-0.013782,0.499845,-6.063201,113.858665,17.81451,0.099665,0.856225,-0.169687,0.477653,-6.603565,132.398575,16.911652,0.194205,0.804476,-0.383558,0.409862,-0.207675,145.262009,13.10771,0.033532,0.865421,0.030051,0.499019,-8.843843,126.280571,14.181844,0.493228,-0.420079,0.227548,-0.726967,-17.892385,127.874565,-1.421525,0.281692,0.044767,-0.537276,-0.793713,-4.937583,110.11171,-10.629198,0.296075,0.092577,-0.598464,-0.738654,4.744927,130.419403,-15.985897,-0.150319,0.872175,-0.001032,0.465526,-5.04734,126.711548,20.759565,0.399313,0.904423,0.117299,-0.093857,4.39356,131.476898,35.457962,-0.084222,0.450971,0.446116,-0.768448,20.207882,114.785507,29.178513,-0.038284,0.346932,0.408557,-0.843359,15.828443,131.870224,15.315731,0.021464,0.864016,0.1251,0.487202,-10.029666,90.416214,10.108216,0.090085,0.942916,-0.018747,0.320066,-6.88045,54.478741,1.304073,-0.011731,0.952006,0.009121,0.305718,-15.57956,7.461009,0.236903,-0.076909,0.895106,-0.077154,0.432341,0.902095,90.982262,25.659639,-0.02227,0.881706,-0.101284,0.46026,3.537479,54.729664,33.258114,-0.072611,0.856229,-0.068719,0.506831,0.956615,7.930765,42.780846,-0.011731,0.952006,0.009121,0.305718,-7.107596,1.633021,-11.420777,-0.072611,0.856229,-0.068719,0.506831,13.816375,1.244911,37.162392
844,7.033333,-0.002745,0.888797,-0.026232,0.457541,-4.624646,90.698189,17.708012,-0.041712,0.872623,0.034373,0.485394,-4.475524,98.484573,17.324846,-0.023987,0.867397,-0.013556,0.496853,-6.11622,113.848434,17.626072,0.100687,0.857598,-0.168895,0.475251,-6.638816,132.389984,16.746721,0.195502,0.805344,-0.383031,0.40803,-0.241886,145.256042,12.953457,0.034845,0.867098,0.029841,0.496021,-8.905834,126.277802,14.025959,0.492836,-0.422041,0.227625,-0.726073,-18.059143,127.908051,-1.512425,0.280683,0.042724,-0.536214,-0.7949,-5.184743,110.114014,-10.77253,0.2943,0.091323,-0.597008,-0.740695,4.558853,130.383728,-16.163103,-0.149205,0.873312,-0.000783,0.463749,-5.063381,126.696823,20.577721,0.399485,0.9043,0.11734,-0.094255,4.4494,131.428894,35.240486,-0.084605,0.450247,0.446295,-0.768727,20.25359,114.734825,28.942657,-0.039641,0.346648,0.410431,-0.842502,15.851691,131.83754,15.106492,0.020282,0.866035,0.126429,0.483309,-10.152101,90.423546,9.975645,0.089232,0.942774,-0.020446,0.320621,-6.918516,54.507233,1.115891,-0.011511,0.951899,0.008614,0.306076,-15.592666,7.481256,0.223111,-0.07715,0.896382,-0.077788,0.429531,0.902808,90.972832,25.440376,-0.022801,0.882078,-0.103074,0.459123,3.557409,54.730297,33.08004,-0.072244,0.856254,-0.06943,0.506744,0.954464,7.968685,42.778336,-0.011511,0.951899,0.008614,0.306076,-7.116181,1.637492,-11.423384,-0.072244,0.856254,-0.06943,0.506744,13.804984,1.260507,37.16534
845,7.041667,-0.002175,0.890738,-0.025864,0.453776,-4.683795,90.69017,17.516989,-0.042078,0.874302,0.033767,0.482375,-4.530976,98.476898,17.142332,-0.023221,0.869034,-0.013178,0.494032,-6.171054,113.837135,17.42734,0.10184,0.858794,-0.168251,0.473068,-6.678728,132.380417,16.575941,0.19656,0.806096,-0.382655,0.406386,-0.274351,145.246078,12.793914,0.036605,0.868708,0.029279,0.493101,-8.970229,126.274361,13.861931,0.492971,-0.424212,0.227518,-0.724747,-18.223593,127.948822,-1.612356,0.27988,0.04072,-0.535199,-0.795972,-5.434497,110.119095,-10.921841,0.292545,0.08992,-0.595168,-0.743039,4.365927,130.347977,-16.350348,-0.148201,0.874419,-0.000433,0.461982,-5.084702,126.68042,20.389057,0.400264,0.903856,0.117712,-0.094743,4.498137,131.380768,35.016357,-0.084727,0.449504,0.447018,-0.768728,20.26825,114.666008,28.688044,-0.040056,0.34615,0.41052,-0.842644,15.865008,131.794601,14.881661,0.018945,0.868297,0.127444,0.479019,-10.276559,90.430138,9.831222,0.08828,0.942773,-0.022002,0.320783,-6.964339,54.529053,0.938829,-0.011501,0.951875,0.008232,0.30616,-15.600618,7.493216,0.21416,-0.07746,0.897727,-0.078799,0.42647,0.908968,90.950211,25.202757,-0.023207,0.882637,-0.104647,0.457671,3.577599,54.722988,32.909878,-0.072007,0.856103,-0.070015,0.506952,0.955599,7.994413,42.761055,-0.011501,0.951875,0.008232,0.30616,-7.123486,1.638936,-11.426579,-0.072007,0.856103,-0.070015,0.506952,13.803263,1.269843,37.16116
846,7.05,-0.001342,0.892544,-0.025302,0.450248,-4.742564,90.669266,17.308825,-0.042537,0.875913,0.03357,0.479417,-4.583592,98.45649,16.947231,-0.02243,0.870646,-0.012831,0.491232,-6.233703,113.829933,17.225878,0.103327,0.859947,-0.167884,0.470776,-6.724912,132.374878,16.401762,0.197655,0.80706,-0.381975,0.404576,-0.30207,145.233871,12.628376,0.03799,0.870328,0.028485,0.490178,-9.041108,126.275063,13.694704,0.492503,-0.426422,0.227291,-0.72384,-18.394815,127.978119,-1.716001,0.278513,0.038691,-0.534227,-0.797204,-5.690371,110.123672,-11.093788,0.290561,0.088244,-0.594081,-0.744886,4.164104,130.315582,-16.547649,-0.146895,0.875571,-0.0001,0.460215,-5.113057,126.668076,20.197128,0.400617,0.903602,0.117982,-0.095337,4.542743,131.327637,34.789459,-0.08503,0.448911,0.44746,-0.768783,20.293991,114.607063,28.429592,-0.041263,0.345675,0.412,-0.842059,15.884188,131.757492,14.648978,0.017706,0.870595,0.128019,0.474723,-10.396035,90.42984,9.666931,0.087395,0.942396,-0.023476,0.322026,-7.027332,54.536308,0.765278,-0.011601,0.951647,0.008117,0.306868,-15.628714,7.492021,0.189443,-0.077779,0.899034,-0.079736,0.423474,0.910907,90.908699,24.950718,-0.023731,0.883126,-0.106461,0.45628,3.59645,54.69619,32.720871,-0.0719,0.856031,-0.070358,0.507041,0.954545,8.006605,42.749996,-0.011601,0.951647,0.008117,0.306868,-7.133568,1.635682,-11.437115,-0.0719,0.856031,-0.070358,0.507041,13.800398,1.272821,37.157024
847,7.058333,-0.000963,0.894242,-0.025217,0.446871,-4.794645,90.668259,17.120171,-0.043496,0.877414,0.033028,0.476615,-4.632344,98.455559,16.761801,-0.021506,0.872146,-0.01265,0.488609,-6.29844,113.817253,17.016682,0.104235,0.861201,-0.167074,0.468565,-6.765462,132.363876,16.216665,0.198957,0.807879,-0.381418,0.402825,-0.343116,145.22641,12.45452,0.039733,0.872049,0.028151,0.48699,-9.107507,126.270805,13.516666,0.492224,-0.428911,0.227161,-0.722598,-18.569111,128.022095,-1.822601,0.277285,0.036332,-0.533084,-0.798508,-5.963348,110.132828,-11.266962,0.288544,0.086611,-0.592176,-0.747374,3.955137,130.281052,-16.760273,-0.14572,0.876544,0.000267,0.458734,-5.139743,126.6502,19.995749,0.401334,0.903147,0.118215,-0.096341,4.577809,131.2715,34.559227,-0.085159,0.447849,0.448368,-0.76886,20.29249,114.535484,28.149715,-0.0418,0.344779,0.413458,-0.841684,15.876192,131.718231,14.409608,0.016683,0.872826,0.128787,0.470436,-10.505739,90.437576,9.520972,0.08635,0.942295,-0.024944,0.322493,-7.087528,54.556084,0.58972,-0.011725,0.951583,0.007641,0.307072,-15.640211,7.50123,0.174319,-0.077915,0.900625,-0.080426,0.419923,0.916448,90.898941,24.71937,-0.024341,0.883568,-0.108299,0.454958,3.61975,54.696213,32.528809,-0.072905,0.855959,-0.071937,0.506797,0.963942,8.047191,42.741341,-0.011725,0.951583,0.007641,0.307072,-7.140271,1.633038,-11.442757,-0.072905,0.855959,-0.071937,0.506797,13.809002,1.293609,37.17046
848,7.066667,6.7e-05,0.895732,-0.024761,0.443904,-4.867664,90.657845,16.91132,-0.04398,0.878911,0.03217,0.473864,-4.695326,98.445511,16.565912,-0.020446,0.873714,-0.012067,0.485861,-6.361233,113.807991,16.795626,0.10587,0.862449,-0.166054,0.466261,-6.806946,132.356812,16.035109,0.199985,0.808934,-0.380992,0.400595,-0.370533,145.219803,12.298651,0.041086,0.873606,0.028292,0.48407,-9.174669,126.272392,13.337982,0.492329,-0.431407,0.226849,-0.721138,-18.735022,128.068237,-1.934758,0.276336,0.034066,-0.532238,-0.7995,-6.224871,110.144791,-11.441263,0.28709,0.084873,-0.590615,-0.749366,3.742327,130.255005,-16.982277,-0.14439,0.877532,0.000556,0.457262,-5.165489,126.633369,19.792574,0.4024,0.90245,0.118866,-0.097618,4.614843,131.212845,34.327202,-0.085505,0.446763,0.449677,-0.768688,20.276836,114.454506,27.847433,-0.04268,0.344153,0.415005,-0.841135,15.868714,131.685684,14.157046,0.015087,0.875619,0.128449,0.465365,-10.629049,90.449944,9.349518,0.085316,0.942464,-0.025657,0.322217,-7.170744,54.558228,0.474976,-0.011592,0.951529,0.007766,0.307242,-15.652946,7.489848,0.158385,-0.078362,0.902061,-0.081127,0.41661,0.89372,90.865738,24.47312,-0.024896,0.884016,-0.110055,0.453635,3.633379,54.676598,32.332729,-0.072737,0.855766,-0.072613,0.507052,0.963086,8.066856,42.719341,-0.011592,0.951529,0.007766,0.307242,-7.149961,1.623929,-11.457609,-0.072737,0.855766,-0.072613,0.507052,13.806209,1.29618,37.164776
849,7.075,0.00066,0.897285,-0.024195,0.440789,-4.911771,90.647957,16.703671,-0.045071,0.880321,0.031318,0.471192,-4.73622,98.43605,16.369658,-0.019386,0.875165,-0.011514,0.483298,-6.419382,113.803635,16.565435,0.10662,0.863724,-0.165868,0.463789,-6.842832,132.354507,15.843233,0.201287,0.809976,-0.379867,0.398903,-0.404252,145.214111,12.098849,0.042574,0.87539,0.027731,0.480739,-9.235151,126.278702,13.148396,0.49183,-0.433957,0.226584,-0.720031,-18.907366,128.111191,-2.049375,0.274854,0.031519,-0.531323,-0.800723,-6.496679,110.159302,-11.632237,0.285258,0.083103,-0.588866,-0.751637,3.521465,130.227509,-17.21657,-0.143188,0.8782,0.000869,0.456357,-5.187541,126.621483,19.579954,0.403117,0.901906,0.1197,-0.098661,4.635255,131.161087,34.098446,-0.085116,0.445713,0.450849,-0.768655,20.259983,114.39222,27.556273,-0.042074,0.343078,0.415241,-0.841488,15.858008,131.64801,13.902092,0.014219,0.878,0.12826,0.460938,-10.725555,90.456406,9.181647,0.084023,0.942207,-0.026822,0.323212,-7.262005,54.559189,0.331403,-0.011954,0.951489,0.007874,0.307348,-15.664021,7.475716,0.151055,-0.078443,0.903175,-0.081672,0.414066,0.902013,90.839516,24.225695,-0.025577,0.883978,-0.111963,0.453203,3.652146,54.657913,32.116264,-0.072404,0.855514,-0.073307,0.507424,0.961139,8.091998,42.692356,-0.011954,0.951489,0.007874,0.307348,-7.153951,1.61605,-11.462908,-0.072404,0.855514,-0.073307,0.507424,13.802011,1.301513,37.156792
850,7.083333,0.001474,0.89856,-0.023992,0.438192,-4.974939,90.655396,16.50861,-0.045344,0.881538,0.030406,0.468947,-4.790347,98.443619,16.182497,-0.018978,0.876384,-0.011074,0.481111,-6.465892,113.799759,16.353611,0.107405,0.864845,-0.164753,0.461913,-6.885707,132.351593,15.654068,0.202461,0.810701,-0.379639,0.397049,-0.452197,145.219452,11.929396,0.044229,0.877043,0.027579,0.477575,-9.293881,126.279686,12.964537,0.492014,-0.436902,0.225848,-0.718353,-19.070698,128.161499,-2.160105,0.27384,0.029257,-0.530494,-0.801705,-6.7664,110.180031,-11.824385,0.283979,0.081206,-0.58747,-0.753419,3.297564,130.20903,-17.454994,-0.141898,0.879056,0.001241,0.455109,-5.213946,126.613785,19.376097,0.40416,0.901165,0.120418,-0.100273,4.663367,131.110657,33.870884,-0.085029,0.444525,0.452329,-0.768483,20.232649,114.323807,27.243176,-0.041974,0.342088,0.416218,-0.841413,15.843534,131.619568,13.638349,0.013372,0.880393,0.127846,0.456491,-10.832097,90.480652,9.0199,0.082579,0.942047,-0.027706,0.323976,-7.372111,54.573822,0.207363,-0.012463,0.951533,0.007798,0.307195,-15.672043,7.471937,0.144904,-0.078761,0.90454,-0.081973,0.410957,0.88222,90.830147,23.997322,-0.026175,0.884228,-0.113792,0.452224,3.671321,54.655922,31.908012,-0.072345,0.855265,-0.074512,0.507678,0.962875,8.132446,42.664913,-0.012463,0.951533,0.007798,0.307195,-7.160147,1.614764,-11.468979,-0.072345,0.855265,-0.074512,0.507678,13.800049,1.314846,37.15416
851,7.091667,0.002137,0.899633,-0.023376,0.436016,-5.014575,90.655579,16.301016,-0.046117,0.88262,0.030243,0.466841,-4.825643,98.444214,15.987597,-0.018474,0.877546,-0.010627,0.479018,-6.519848,113.802078,16.147114,0.108369,0.865837,-0.164269,0.459998,-6.932881,132.354965,15.472123,0.203295,0.811618,-0.379048,0.39531,-0.492434,145.221436,11.754677,0.045517,0.87856,0.027712,0.474651,-9.35723,126.287651,12.786792,0.491538,-0.439766,0.225296,-0.717104,-19.230711,128.212219,-2.269514,0.272384,0.026799,-0.529704,-0.802809,-7.034247,110.205879,-12.023749,0.282817,0.07892,-0.586604,-0.754773,3.075637,130.201279,-17.69887,-0.140705,0.879809,0.001582,0.454023,-5.246437,126.611732,19.179125,0.405594,0.900157,0.121646,-0.102044,4.678858,131.068909,33.653385,-0.084176,0.442742,0.454528,-0.768309,20.175716,114.256111,26.922529,-0.041635,0.340057,0.418974,-0.840886,15.804068,131.604446,13.370474,0.013304,0.882282,0.12691,0.453094,-10.90787,90.498314,8.840323,0.081055,0.941986,-0.02847,0.324471,-7.509037,54.573631,0.076842,-0.013223,0.951466,0.008005,0.307365,-15.69618,7.451993,0.126441,-0.078946,0.90561,-0.082407,0.40847,0.878721,90.812843,23.761711,-0.026896,0.883808,-0.11544,0.452586,3.688537,54.646088,31.699181,-0.072337,0.8548,-0.075445,0.508323,0.964687,8.162421,42.622993,-0.013223,0.951466,0.008005,0.307365,-7.170775,1.607438,-11.483889,-0.072337,0.8548,-0.075445,0.508323,13.805807,1.325989,37.144871
852,7.1,0.002806,0.900606,-0.022719,0.434034,-5.055195,90.663597,16.103907,-0.046977,0.883651,0.029823,0.464827,-4.862013,98.45266,15.80382,-0.018027,0.878677,-0.010003,0.476971,-6.573767,113.813492,15.943413,0.109636,0.866802,-0.163258,0.458237,-6.984851,132.367462,15.297644,0.203933,0.812509,-0.378904,0.393284,-0.535625,145.236816,11.605434,0.046619,0.879819,0.027787,0.4722,-9.423442,126.304756,12.614799,0.491431,-0.442954,0.224596,-0.715433,-19.377293,128.26535,-2.383833,0.27095,0.024382,-0.529066,-0.803792,-7.299952,110.228416,-12.229321,0.281616,0.076584,-0.585566,-0.756267,2.84532,130.188995,-17.949078,-0.139908,0.880909,0.00286,0.452124,-5.282617,126.61834,18.988245,0.406981,0.899035,0.12423,-0.103288,4.713075,131.034882,33.426472,-0.082722,0.440275,0.45672,-0.768584,20.144016,114.204239,26.589588,-0.041027,0.338213,0.420499,-0.840898,15.765322,131.591553,13.098948,0.01338,0.884031,0.125815,0.449979,-10.981213,90.524124,8.668823,0.079703,0.942349,-0.028949,0.32371,-7.6551,54.579048,-0.038715,-0.013381,0.951256,0.008209,0.308003,-15.735945,7.439256,0.102828,-0.079147,0.906944,-0.082676,0.405404,0.870824,90.803078,23.53899,-0.027436,0.883777,-0.117199,0.452161,3.712685,54.64196,31.490782,-0.072066,0.854422,-0.076382,0.508857,0.963007,8.200228,42.585163,-0.013381,0.951256,0.008209,0.308003,-7.192517,1.601884,-11.497861,-0.072066,0.854422,-0.076382,0.508857,13.803415,1.340216,37.134911
853,7.108333,0.003399,0.901265,-0.022659,0.432663,-5.086495,90.675705,15.920441,-0.047733,0.884481,0.029326,0.463201,-4.885845,98.464752,15.624903,-0.017737,0.879632,-0.009176,0.475235,-6.6101,113.817505,15.743134,0.110039,0.867836,-0.162708,0.456375,-7.027597,132.372437,15.130298,0.204516,0.813505,-0.378328,0.391474,-0.585444,145.245712,11.439447,0.047494,0.881104,0.027912,0.469702,-9.475606,126.313744,12.446973,0.490619,-0.445936,0.223926,-0.714347,-19.511656,128.304047,-2.492854,0.269133,0.022019,-0.528724,-0.804695,-7.546348,110.248932,-12.441301,0.280995,0.073992,-0.585667,-0.756678,2.623241,130.192413,-18.20067,-0.138919,0.881651,0.003393,0.450979,-5.309476,126.61747,18.804388,0.408648,0.897822,0.125713,-0.105444,4.733667,130.997589,33.22076,-0.081883,0.438194,0.45917,-0.768404,20.078377,114.139412,26.258797,-0.03946,0.336373,0.420836,-0.841542,15.719411,131.57901,12.838568,0.01396,0.885652,0.124834,0.447037,-11.035046,90.547516,8.503169,0.078164,0.942958,-0.029437,0.322265,-7.808721,54.585361,-0.171349,-0.014938,0.951211,0.007928,0.308078,-15.76648,7.425064,0.074265,-0.079343,0.908294,-0.082745,0.402318,0.862056,90.803894,23.337713,-0.027844,0.88409,-0.118944,0.451068,3.741963,54.645954,31.290213,-0.071559,0.85412,-0.077504,0.509266,0.964549,8.245813,42.550442,-0.014938,0.951211,0.007928,0.308078,-7.204432,1.594274,-11.516004,-0.071559,0.85412,-0.077504,0.509266,13.798651,1.353823,37.12574
854,7.116667,0.003899,0.9016,-0.022497,0.431969,-5.109718,90.68676,15.745079,-0.048785,0.885106,0.029179,0.461905,-4.903349,98.475861,15.455039,-0.017525,0.880439,-0.008738,0.473755,-6.65447,113.829636,15.556763,0.110709,0.868796,-0.16081,0.455057,-7.073776,132.385147,14.962685,0.20501,0.814213,-0.378758,0.389322,-0.645433,145.277222,11.313622,0.04844,0.882267,0.02818,0.467403,-9.530931,126.328995,12.281992,0.490298,-0.44872,0.223163,-0.713062,-19.641745,128.353699,-2.602702,0.267618,0.019613,-0.528581,-0.805356,-7.778886,110.280022,-12.63974,0.280566,0.071176,-0.585782,-0.757018,2.401324,130.201141,-18.448696,-0.137622,0.882361,0.004079,0.449982,-5.343322,126.626717,18.625563,0.410341,0.896531,0.127193,-0.108052,4.745348,130.957932,33.024921,-0.081276,0.436285,0.461779,-0.767991,19.997402,114.075783,25.918892,-0.038448,0.334082,0.421484,-0.842177,15.671275,131.578064,12.569407,0.015051,0.887182,0.123308,0.444384,-11.069616,90.568802,8.33675,0.076526,0.943681,-0.029575,0.320525,-7.991706,54.580868,-0.284622,-0.016337,0.951044,0.008176,0.308514,-15.806293,7.397094,0.038742,-0.079461,0.909339,-0.082454,0.399988,0.850181,90.804718,23.15341,-0.028417,0.884089,-0.120744,0.450556,3.767151,54.644585,31.082407,-0.070982,0.853862,-0.078443,0.509634,0.966484,8.28878,42.518173,-0.016337,0.951044,0.008176,0.308514,-7.216892,1.586083,-11.541221,-0.070982,0.853862,-0.078443,0.509634,13.793869,1.367659,37.114704
855,7.125,0.004555,0.90179,-0.022421,0.431568,-5.123459,90.700768,15.58568,-0.050586,0.885686,0.028729,0.460625,-4.908508,98.489838,15.301026,-0.017152,0.881282,-0.008053,0.47221,-6.702785,113.843445,15.367264,0.110641,0.869642,-0.160141,0.453692,-7.122959,132.399857,14.802888,0.20536,0.814712,-0.378522,0.38832,-0.711738,145.301086,11.156066,0.049319,0.883369,0.028416,0.465209,-9.58998,126.347939,12.121697,0.489853,-0.451461,0.222419,-0.711869,-19.771782,128.404449,-2.710146,0.266188,0.017281,-0.528466,-0.805958,-8.01076,110.314217,-12.836782,0.280533,0.068407,-0.586156,-0.756996,2.179683,130.217056,-18.696075,-0.136848,0.883138,0.005073,0.44868,-5.379943,126.635765,18.450861,0.411713,0.895344,0.128884,-0.110633,4.75876,130.930115,32.826088,-0.080512,0.433883,0.463983,-0.768104,19.930128,114.03717,25.574514,-0.038646,0.331496,0.423348,-0.842255,15.601954,131.593262,12.298429,0.016514,0.888773,0.121861,0.441543,-11.089828,90.594864,8.182383,0.074553,0.944228,-0.029829,0.319352,-8.183767,54.584015,-0.402857,-0.018151,0.95099,0.007881,0.308587,-15.828588,7.373175,0.013923,-0.07978,0.910387,-0.082014,0.397623,0.84291,90.806671,22.988977,-0.02851,0.884711,-0.122635,0.448815,3.81512,54.644943,30.89011,-0.070321,0.853688,-0.079458,0.50986,0.962986,8.333668,42.492329,-0.018151,0.95099,0.007881,0.308587,-7.217763,1.570857,-11.554478,-0.070321,0.853688,-0.079458,0.50986,13.780153,1.379895,37.106575
856,7.133333,0.005009,0.901785,-0.022367,0.431578,-5.129711,90.723289,15.435923,-0.051615,0.886025,0.028283,0.459887,-4.90874,98.512329,15.155087,-0.017231,0.881819,-0.0072,0.471219,-6.724285,113.859604,15.195915,0.11078,0.870357,-0.158835,0.452745,-7.162603,132.416397,14.65857,0.205153,0.815414,-0.378549,0.386928,-0.768835,145.333069,11.035805,0.049809,0.884337,0.028723,0.463295,-9.630249,126.366005,11.974521,0.489729,-0.454384,0.221039,-0.710522,-19.874657,128.443115,-2.811278,0.264647,0.015268,-0.528763,-0.806312,-8.210711,110.348297,-13.041493,0.280534,0.065603,-0.586985,-0.756602,1.967747,130.243881,-18.941196,-0.135918,0.883716,0.005362,0.447822,-5.406018,126.648781,18.294453,0.41306,0.89413,0.130829,-0.113119,4.769753,130.911697,32.652843,-0.079609,0.431871,0.466118,-0.768039,19.86165,114.010941,25.255129,-0.038041,0.329381,0.423285,-0.843143,15.54566,131.609436,12.042194,0.017968,0.890192,0.120333,0.43904,-11.09584,90.62561,8.032313,0.072767,0.944546,-0.030101,0.318796,-8.360122,54.591007,-0.509131,-0.018566,0.950943,0.00841,0.308693,-15.852579,7.356563,-0.008484,-0.080059,0.91159,-0.081387,0.39493,0.836419,90.820969,22.839531,-0.028553,0.884953,-0.124335,0.447865,3.869425,54.654945,30.697811,-0.070129,0.853272,-0.080866,0.510362,0.959824,8.384073,42.446037,-0.018566,0.950943,0.00841,0.308693,-7.232771,1.572587,-11.579384,-0.070129,0.853272,-0.080866,0.510362,13.773757,1.397619,37.094982
857,7.141667,0.005781,0.90171,-0.022121,0.431737,-5.136058,90.75383,15.300858,-0.052954,0.886176,0.027439,0.459494,-4.905839,98.542908,15.028717,-0.017521,0.88213,-0.006416,0.470637,-6.745224,113.881149,15.028179,0.110107,0.870984,-0.157873,0.45204,-7.207102,132.437973,14.511726,0.205167,0.815896,-0.378238,0.386208,-0.845142,145.372269,10.895875,0.050493,0.885392,0.0292,0.461172,-9.670926,126.387466,11.824395,0.489687,-0.457006,0.219857,-0.709236,-19.983908,128.494156,-2.909458,0.263479,0.013317,-0.529213,-0.806434,-8.408995,110.392593,-13.228469,0.281203,0.063057,-0.587864,-0.755886,1.750867,130.284927,-19.178238,-0.135345,0.884367,0.00683,0.446688,-5.438508,126.668549,18.138922,0.414475,0.892822,0.132888,-0.11585,4.779616,130.892792,32.478653,-0.079023,0.429248,0.468453,-0.768149,19.785898,113.985992,24.922245,-0.037772,0.32723,0.424123,-0.843572,15.467464,131.642441,11.796683,0.019388,0.891263,0.119019,0.437159,-11.099415,90.671333,7.894832,0.071107,0.944366,-0.030675,0.319651,-8.518591,54.617298,-0.61277,-0.018312,0.950829,0.008209,0.309066,-15.879825,7.363343,-0.015997,-0.080367,0.912178,-0.080154,0.393761,0.8273,90.836327,22.706884,-0.028664,0.885025,-0.126358,0.447149,3.927818,54.659168,30.487183,-0.069726,0.852971,-0.081978,0.510744,0.949871,8.437419,42.410355,-0.018312,0.950829,0.008209,0.309066,-7.254478,1.571691,-11.578926,-0.069726,0.852971,-0.081978,0.510744,13.75808,1.42104,37.084812
858,7.15,0.006173,0.901379,-0.021904,0.432434,-5.127422,90.780334,15.180813,-0.054247,0.886081,0.026609,0.459576,-4.892944,98.569489,14.914542,-0.01778,0.882204,-0.005406,0.4705,-6.755351,113.900803,14.872696,0.109525,0.87156,-0.156392,0.451585,-7.243435,132.457733,14.384866,0.204577,0.816603,-0.378121,0.38514,-0.915939,145.415268,10.791809,0.05059,0.886294,0.029742,0.459389,-9.69971,126.407913,11.689115,0.489005,-0.459523,0.218673,-0.708445,-20.071783,128.526489,-3.00148,0.261511,0.011249,-0.530045,-0.806559,-8.582148,110.429344,-13.423008,0.28119,0.060915,-0.589246,-0.75499,1.540462,130.331863,-19.412399,-0.135089,0.884882,0.00766,0.445732,-5.465483,126.685249,18.00259,0.415731,0.891595,0.134769,-0.118586,4.786056,130.890656,32.323986,-0.078347,0.427034,0.470493,-0.768206,19.712025,113.982651,24.612837,-0.037643,0.325006,0.424296,-0.84435,15.395537,131.685455,11.55863,0.020655,0.892438,0.117416,0.435133,-11.07924,90.706017,7.765428,0.069734,0.944093,-0.030994,0.320726,-8.653778,54.627621,-0.684392,-0.018681,0.95069,0.008201,0.309472,-15.902114,7.357046,-0.024757,-0.080776,0.912786,-0.078873,0.392525,0.824396,90.85466,22.596199,-0.028502,0.885204,-0.128133,0.4463,4.000974,54.667282,30.297882,-0.069505,0.85259,-0.083165,0.511217,0.944249,8.487842,42.364208,-0.018681,0.95069,0.008201,0.309472,-7.262765,1.568795,-11.578929,-0.069505,0.85259,-0.083165,0.511217,13.749608,1.443235,37.069176
859,7.158333,0.005914,0.900801,-0.021423,0.433663,-5.087017,90.798119,15.081212,-0.056471,0.88595,0.025626,0.459616,-4.859067,98.587646,14.820264,-0.017869,0.882384,-0.004425,0.470169,-6.76937,113.922356,14.719707,0.108009,0.872148,-0.15567,0.451065,-7.277701,132.479523,14.262673,0.204009,0.817034,-0.377505,0.385131,-0.998778,145.458267,10.660991,0.05062,0.887041,0.030088,0.45792,-9.729632,126.431488,11.558951,0.489906,-0.461794,0.216727,-0.706943,-20.150402,128.55658,-3.0962,0.260598,0.009807,-0.531349,-0.806015,-8.720086,110.467934,-13.597425,0.281635,0.059024,-0.590887,-0.753691,1.341136,130.390289,-19.634893,-0.134914,0.885523,0.008727,0.44449,-5.49071,126.703026,17.86953,0.416816,0.890416,0.136698,-0.121397,4.802577,130.889145,32.166615,-0.077862,0.424299,0.472476,-0.768553,19.653332,113.987686,24.297501,-0.037976,0.321855,0.424494,-0.845442,15.317363,131.743027,11.330682,0.022046,0.89346,0.116042,0.433333,-11.01864,90.72274,7.649673,0.068673,0.943194,-0.031635,0.323525,-8.746986,54.62492,-0.759845,-0.019053,0.950568,0.008467,0.309816,-15.921749,7.344141,-0.030892,-0.080985,0.913562,-0.077467,0.390953,0.844606,90.873489,22.512753,-0.027552,0.885675,-0.130376,0.444773,4.090019,54.672287,30.120205,-0.06956,0.852203,-0.084253,0.511676,0.877384,8.543223,42.337769,-0.019053,0.950568,0.008467,0.309816,-7.268966,1.566761,-11.580449,-0.06956,0.852203,-0.084253,0.511676,13.683462,1.477164,37.073147
860,7.166667,0.006008,0.900175,-0.021243,0.434968,-5.05489,90.819916,14.99518,-0.057852,0.885648,0.024677,0.460077,-4.826463,98.60955,14.737722,-0.018601,0.882274,-0.003633,0.470355,-6.760317,113.935921,14.590566,0.107435,0.872496,-0.153938,0.451122,-7.306348,132.49234,14.146575,0.2026,0.817904,-0.377052,0.384471,-1.062018,145.497055,10.578559,0.050534,0.887736,0.031008,0.456518,-9.744853,126.441238,11.43756,0.489556,-0.463948,0.215243,-0.706228,-20.212349,128.578537,-3.182476,0.258497,0.008086,-0.532771,-0.805772,-8.846525,110.504662,-13.778702,0.281092,0.05749,-0.59274,-0.752557,1.147829,130.455872,-19.846798,-0.135091,0.886035,0.010386,0.443378,-5.509003,126.716927,17.750021,0.417439,0.889448,0.138324,-0.124474,4.818312,130.884933,32.027847,-0.077349,0.421353,0.474222,-0.769151,19.608227,114.005981,23.997465,-0.038071,0.318388,0.425375,-0.846307,15.234661,131.814133,11.116118,0.023519,0.894132,0.114121,0.432378,-10.964934,90.74704,7.546443,0.067357,0.942246,-0.031782,0.326535,-8.862091,54.621376,-0.787084,-0.019081,0.950541,0.008849,0.309885,-15.925752,7.324374,-0.02643,-0.081293,0.91403,-0.075814,0.390119,0.855155,90.892799,22.443918,-0.026982,0.886219,-0.132074,0.443221,4.17701,54.676483,29.945713,-0.069522,0.851787,-0.08525,0.512209,0.864841,8.587077,42.285748,-0.019081,0.950541,0.008849,0.309885,-7.26975,1.557738,-11.578949,-0.069522,0.851787,-0.08525,0.512209,13.672042,1.500307,37.051781
861,7.175,0.006341,0.899514,-0.021189,0.436331,-5.022225,90.83725,14.914365,-0.059372,0.88539,0.023475,0.460443,-4.789093,98.626846,14.660281,-0.018946,0.882261,-0.00253,0.470372,-6.746455,113.943443,14.457838,0.105553,0.873033,-0.153196,0.45078,-7.32305,132.499634,14.043983,0.201223,0.818697,-0.375908,0.384626,-1.135683,145.528397,10.464483,0.049919,0.888271,0.031881,0.455484,-9.751596,126.448944,11.32515,0.490456,-0.46597,0.212932,-0.704971,-20.255482,128.580673,-3.269576,0.25723,0.007206,-0.534731,-0.804887,-8.932159,110.530159,-13.950771,0.281314,0.056388,-0.594477,-0.751186,0.966864,130.5233,-20.044569,-0.134983,0.885938,0.01,0.443614,-5.516179,126.721344,17.638042,0.417708,0.888655,0.139965,-0.127365,4.804592,130.89151,31.919966,-0.076824,0.419162,0.475669,-0.769506,19.549097,114.04599,23.737358,-0.037897,0.315383,0.425548,-0.847352,15.156609,131.886154,10.924402,0.024117,0.894451,0.112607,0.432083,-10.90961,90.76989,7.447656,0.066703,0.940888,-0.031955,0.330545,-8.898116,54.620838,-0.806607,-0.019896,0.95061,0.00871,0.309627,-15.911788,7.3165,-0.039651,-0.081677,0.914183,-0.074024,0.390023,0.86516,90.904602,22.381075,-0.026382,0.886979,-0.133893,0.441185,4.266379,54.673016,29.772768,-0.070179,0.851662,-0.086379,0.512138,0.854247,8.626822,42.246159,-0.019896,0.95061,0.00871,0.309627,-7.253285,1.553513,-11.592113,-0.070179,0.851662,-0.086379,0.512138,13.661493,1.5259,37.031532
862,7.183333,0.006312,0.898762,-0.021154,0.437881,-4.976741,90.856216,14.847209,-0.061008,0.885064,0.022651,0.460898,-4.743827,98.645851,14.593826,-0.019368,0.882208,-0.001366,0.470459,-6.734056,113.958595,14.344488,0.103561,0.873857,-0.150986,0.450391,-7.344796,132.514343,13.961321,0.199902,0.819613,-0.375438,0.383823,-1.235128,145.585632,10.403475,0.048964,0.888624,0.032564,0.454851,-9.761758,126.463715,11.232066,0.49017,-0.467639,0.211184,-0.704591,-20.289948,128.575851,-3.347997,0.254772,0.005827,-0.536752,-0.804335,-9.005562,110.555252,-14.120561,0.280248,0.055271,-0.596715,-0.749892,0.797418,130.599503,-20.2309,-0.135516,0.886583,0.011603,0.442122,-5.527838,126.733444,17.54608,0.418504,0.887683,0.140784,-0.130589,4.835575,130.898773,31.798515,-0.076883,0.416474,0.477273,-0.769967,19.508696,114.065529,23.463726,-0.038053,0.312223,0.425456,-0.848561,15.08401,131.96283,10.741526,0.02451,0.894372,0.111214,0.432585,-10.83837,90.787949,7.360266,0.066592,0.939633,-0.032184,0.334096,-8.893369,54.617172,-0.814375,-0.019795,0.950511,0.008283,0.309948,-15.907227,7.312822,-0.049777,-0.08216,0.914267,-0.072249,0.390058,0.884888,90.924492,22.33415,-0.025559,0.88768,-0.135543,0.439317,4.370649,54.679501,29.619963,-0.074703,0.851797,-0.08874,0.510868,0.845014,8.671749,42.203159,-0.019795,0.950511,0.008283,0.309948,-7.243414,1.537413,-11.592055,-0.074703,0.851797,-0.08874,0.510868,13.673759,1.589735,37.015717
863,7.191667,0.005994,0.898016,-0.02091,0.439425,-4.918573,90.876259,14.791022,-0.061797,0.884565,0.022204,0.461772,-4.691354,98.666107,14.539276,-0.020669,0.88184,-0.000355,0.471095,-6.695891,113.972183,14.264549,0.10174,0.874191,-0.149735,0.450575,-7.366598,132.526062,13.891302,0.198026,0.820533,-0.374539,0.383708,-1.315907,145.62648,10.339807,0.047733,0.888948,0.033556,0.454276,-9.759925,126.469185,11.155087,0.491193,-0.469504,0.208267,-0.703505,-20.311348,128.557907,-3.411539,0.25276,0.004979,-0.538964,-0.803496,-9.051931,110.57962,-14.280454,0.278581,0.054226,-0.599125,-0.748666,0.642553,130.677307,-20.399231,-0.135886,0.887188,0.012201,0.440775,-5.535902,126.749016,17.475283,0.418527,0.886981,0.143055,-0.132796,4.866933,130.920197,31.697243,-0.075655,0.413237,0.47825,-0.771226,19.511423,114.12915,23.228064,-0.038307,0.308859,0.426073,-0.849471,15.009154,132.04953,10.57391,0.025076,0.894064,0.109448,0.433637,-10.754514,90.803879,7.284082,0.066538,0.938296,-0.032306,0.337832,-8.894763,54.606247,-0.790921,-0.019876,0.950478,0.008556,0.310036,-15.91071,7.301956,-0.041521,-0.082378,0.914056,-0.070749,0.390782,0.917368,90.948639,22.297962,-0.024533,0.888448,-0.136952,0.437381,4.456252,54.690372,29.491573,-0.078298,0.851765,-0.090216,0.510124,0.811409,8.714435,42.156837,-0.019876,0.950478,0.008556,0.310036,-7.242984,1.534777,-11.58497,-0.078298,0.851765,-0.090216,0.510124,13.663338,1.657437,36.99276
864,7.2,0.005714,0.897341,-0.02082,0.440809,-4.854217,90.899918,14.740646,-0.06263,0.884199,0.021619,0.462388,-4.631128,98.68988,14.488576,-0.021774,0.881642,0.000995,0.471415,-6.649105,113.988617,14.184673,0.100353,0.87426,-0.150265,0.450577,-7.379504,132.540726,13.836041,0.195205,0.821783,-0.372575,0.384391,-1.356596,145.645294,10.252769,0.046219,0.889147,0.034505,0.453973,-9.751351,126.479843,11.089972,0.491736,-0.47067,0.205883,-0.703049,-20.317905,128.535385,-3.470409,0.250404,0.004102,-0.541775,-0.802347,-9.06367,110.602043,-14.418678,0.277195,0.05349,-0.601723,-0.747149,0.492521,130.768707,-20.545279,-0.136498,0.88769,0.013129,0.439547,-5.532633,126.764771,17.413485,0.418293,0.886711,0.142124,-0.136291,4.903328,130.943893,31.608826,-0.076319,0.411436,0.478497,-0.771969,19.512329,114.185928,23.013786,-0.038798,0.306139,0.425337,-0.850801,14.954861,132.134003,10.425225,0.025602,0.893314,0.107679,0.435591,-10.667043,90.822891,7.215838,0.066616,0.93702,-0.032367,0.341332,-8.882126,54.598705,-0.75633,-0.019793,0.950471,0.008778,0.310058,-15.909785,7.295796,-0.030292,-0.082596,0.913943,-0.069631,0.391199,0.958609,90.976936,22.265453,-0.023246,0.889346,-0.138064,0.435272,4.541937,54.709709,29.391506,-0.082716,0.851912,-0.091561,0.50894,0.771033,8.757138,42.104538,-0.019793,0.950471,0.008778,0.310058,-7.241759,1.533931,-11.576171,-0.082716,0.851912,-0.091561,0.50894,13.650399,1.740379,36.953999
865,7.208333,0.005513,0.896913,-0.020728,0.441688,-4.797571,90.926872,14.703852,-0.063514,0.884081,0.020843,0.462528,-4.577688,98.716927,14.451911,-0.022547,0.881696,0.002002,0.471275,-6.605464,113.989853,14.114368,0.099222,0.874326,-0.150329,0.450677,-7.378839,132.540573,13.785293,0.191911,0.822955,-0.370676,0.385375,-1.382524,145.652878,10.18575,0.044511,0.889195,0.035783,0.45395,-9.737616,126.477097,11.033722,0.492477,-0.472281,0.202975,-0.702295,-20.310518,128.498703,-3.5268,0.247399,0.003426,-0.544205,-0.801638,-9.072042,110.615669,-14.573092,0.273637,0.052532,-0.604714,-0.746113,0.364864,130.85202,-20.679104,-0.137699,0.888275,0.014766,0.437936,-5.517407,126.76519,17.356098,0.417808,0.886396,0.143284,-0.13859,4.957828,130.960632,31.517654,-0.075646,0.408287,0.478642,-0.773616,19.556015,114.252678,22.80765,-0.039166,0.303636,0.425853,-0.851422,14.888738,132.219559,10.282858,0.025823,0.891997,0.105985,0.438682,-10.595699,90.846802,7.167746,0.066752,0.936352,-0.032104,0.343159,-8.853363,54.596573,-0.694714,-0.018329,0.950677,0.009442,0.309495,-15.88592,7.29377,-0.01034,-0.082775,0.913646,-0.068599,0.392037,1.000557,91.006943,22.239958,-0.022278,0.890145,-0.138887,0.433425,4.619877,54.731308,29.304768,-0.083303,0.853731,-0.089183,0.506212,0.758642,8.796329,42.054218,-0.018329,0.950677,0.009442,0.309495,-7.245986,1.536192,-11.579391,-0.083303,0.853731,-0.089183,0.506212,13.619884,1.830681,36.790257
866,7.216667,0.004966,0.896465,-0.020759,0.442601,-4.713279,90.940651,14.678452,-0.063584,0.883915,0.01953,0.462892,-4.500569,98.730782,14.422521,-0.023762,0.881606,0.002981,0.471379,-6.508847,113.985359,14.047856,0.095558,0.875473,-0.146899,0.450374,-7.339063,132.533813,13.729445,0.190202,0.823864,-0.370184,0.384752,-1.476537,145.714371,10.158888,0.042684,0.889937,0.03728,0.452549,-9.678595,126.464737,10.973786,0.493012,-0.473127,0.200178,-0.702152,-20.303282,128.451401,-3.553818,0.244651,0.002387,-0.546823,-0.800703,-9.049181,110.631416,-14.68578,0.270706,0.051803,-0.607187,-0.745224,0.256535,130.93074,-20.791403,-0.139324,0.888187,0.015911,0.437562,-5.460734,126.762077,17.297304,0.416952,0.886547,0.141991,-0.141505,5.01007,130.991409,31.452063,-0.075995,0.406743,0.478098,-0.77473,19.603401,114.327812,22.649427,-0.039301,0.301226,0.424747,-0.852823,14.85665,132.300156,10.163882,0.026253,0.890589,0.104577,0.441844,-10.496166,90.850594,7.130753,0.067259,0.935347,-0.032096,0.345792,-8.800934,54.580013,-0.647712,-0.018602,0.950738,0.009557,0.309289,-15.880342,7.283673,-0.00075,-0.08254,0.913473,-0.068269,0.392547,1.069608,91.030716,22.226151,-0.021359,0.891245,-0.139048,0.431152,4.679006,54.748852,29.264009,-0.0818,0.856554,-0.085537,0.502302,0.765303,8.81432,41.999096,-0.018602,0.950738,0.009557,0.309289,-7.24196,1.531672,-11.573739,-0.0818,0.856554,-0.085537,0.502302,13.573387,1.888797,36.555626
867,7.225,0.004842,0.895989,-0.021172,0.443545,-4.636104,90.952263,14.66888,-0.064354,0.883924,0.019097,0.462788,-4.422015,98.742142,14.406549,-0.02477,0.881818,0.003607,0.470925,-6.441395,113.966812,14.010046,0.093488,0.875715,-0.14727,0.450217,-7.315695,132.51329,13.694962,0.186854,0.825026,-0.367896,0.386097,-1.500749,145.704391,10.08575,0.040906,0.890249,0.038405,0.452006,-9.643723,126.439072,10.94089,0.493979,-0.473654,0.196943,-0.702032,-20.291576,128.386551,-3.575054,0.242128,0.001801,-0.549573,-0.799588,-9.000024,110.641739,-14.78889,0.267576,0.051375,-0.609468,-0.744521,0.166988,131.009491,-20.883801,-0.140845,0.888496,0.017098,0.436401,-5.420103,126.745537,17.260124,0.415534,0.886921,0.140976,-0.144322,5.072,131.007263,31.389368,-0.076336,0.404718,0.477369,-0.776206,19.683239,114.408302,22.494816,-0.039555,0.29819,0.424584,-0.85396,14.831305,132.387619,10.056646,0.026811,0.888637,0.10322,0.44604,-10.403097,90.856178,7.109107,0.06775,0.93472,-0.031477,0.347444,-8.753263,54.566849,-0.591259,-0.018255,0.950745,0.009692,0.309286,-15.856952,7.273072,-0.028525,-0.082185,0.91354,-0.068319,0.392458,1.130889,91.048355,22.228655,-0.02056,0.892561,-0.138371,0.42868,4.715585,54.762657,29.259359,-0.082216,0.859742,-0.082742,0.49723,0.796965,8.80695,41.916279,-0.018255,0.950745,0.009692,0.309286,-7.222147,1.52153,-11.604409,-0.082216,0.859742,-0.082742,0.49723,13.550978,1.931293,36.285858
868,7.233333,0.004061,0.895776,-0.021335,0.443975,-4.521338,90.949623,14.664957,-0.06477,0.883903,0.01889,0.462779,-4.3169,98.739502,14.395039,-0.026408,0.881871,0.004833,0.470727,-6.345406,113.968971,13.986837,0.092172,0.876128,-0.146207,0.45003,-7.294843,132.511948,13.683456,0.18348,0.826568,-0.366381,0.385857,-1.526469,145.725082,10.080118,0.038777,0.890534,0.039664,0.451523,-9.599524,126.430046,10.926721,0.494566,-0.473545,0.194406,-0.7024,-20.269318,128.329224,-3.579506,0.239544,0.000701,-0.552467,-0.798372,-8.925511,110.655273,-14.852317,0.264376,0.051025,-0.61219,-0.743455,0.095119,131.08934,-20.955122,-0.142185,0.888968,0.018258,0.434955,-5.37434,126.749741,17.244253,0.414321,0.887242,0.1402,-0.146573,5.149643,131.039658,31.341219,-0.075987,0.402787,0.476319,-0.777888,19.777651,114.495323,22.372734,-0.03948,0.296248,0.42373,-0.855062,14.810559,132.46283,9.959095,0.027699,0.886691,0.10174,0.450179,-10.281213,90.838661,7.099961,0.068594,0.934024,-0.031108,0.349179,-8.703705,54.530407,-0.526014,-0.018921,0.950606,0.010186,0.309655,-15.871223,7.24543,-0.037749,-0.081217,0.913747,-0.069086,0.392043,1.238536,91.060593,22.229952,-0.01963,0.894016,-0.137124,0.426084,4.738604,54.770966,29.283005,-0.08486,0.862558,-0.080757,0.49221,0.8285,8.778822,41.809555,-0.018921,0.950606,0.010186,0.309655,-7.218358,1.513764,-11.61,-0.08486,0.862558,-0.080757,0.49221,13.548639,1.972158,36.020905
869,7.241667,0.003912,0.895588,-0.021954,0.444326,-4.430653,90.961525,14.682754,-0.065105,0.883966,0.019078,0.462603,-4.223894,98.750999,14.403254,-0.027847,0.88201,0.005529,0.470374,-6.262115,113.963226,13.996225,0.089309,0.876802,-0.145254,0.449604,-7.270904,132.503036,13.690851,0.18083,0.827553,-0.365311,0.386011,-1.587512,145.747513,10.06761,0.036718,0.89061,0.040786,0.451444,-9.558322,126.413406,10.936804,0.495427,-0.473658,0.191476,-0.702522,-20.236326,128.264496,-3.569601,0.237434,0.000408,-0.555122,-0.79716,-8.84372,110.665421,-14.910147,0.261669,0.051268,-0.614445,-0.742535,0.041512,131.164963,-20.999559,-0.143862,0.889628,0.019682,0.432988,-5.329274,126.747513,17.251003,0.412874,0.887769,0.138779,-0.148798,5.239178,131.073807,31.303513,-0.07573,0.400993,0.475148,-0.779553,19.892895,114.585075,22.274826,-0.038592,0.293981,0.422433,-0.856526,14.81118,132.537033,9.883956,0.0284,0.884761,0.100335,0.454229,-10.184618,90.842659,7.113382,0.069208,0.933613,-0.030548,0.350207,-8.666031,54.516239,-0.437645,-0.018258,0.950588,0.010556,0.309739,-15.870017,7.236063,-0.02793,-0.080173,0.913701,-0.069503,0.392291,1.323313,91.080399,22.252125,-0.018967,0.895582,-0.135476,0.423344,4.738763,54.782547,29.304337,-0.084408,0.865093,-0.077827,0.488295,0.877489,8.744976,41.678211,-0.018258,0.950588,0.010556,0.309739,-7.221402,1.508407,-11.605343,-0.084408,0.865093,-0.077827,0.488295,13.547919,1.982312,35.731144
870,7.25,0.003406,0.895621,-0.021958,0.444262,-4.306036,90.968163,14.708909,-0.065738,0.884165,0.019394,0.46212,-4.106343,98.75769,14.425828,-0.029306,0.882292,0.0064,0.469745,-6.164259,113.951614,14.019868,0.086269,0.877634,-0.144332,0.448871,-7.236212,132.487946,13.718324,0.178002,0.828751,-0.363987,0.386007,-1.643674,145.764084,10.069705,0.03455,0.890693,0.042028,0.451338,-9.50688,126.390945,10.966703,0.496109,-0.473559,0.188602,-0.702885,-20.193933,128.192383,-3.539284,0.235115,3.7e-05,-0.557874,-0.795925,-8.744785,110.673225,-14.946449,0.258708,0.05136,-0.617217,-0.741266,-0.001485,131.238251,-21.019846,-0.145895,0.890199,0.02089,0.431073,-5.27011,126.738586,17.274992,0.411156,0.888487,0.137102,-0.150811,5.336924,131.115921,31.282551,-0.075315,0.399475,0.473525,-0.781359,20.029383,114.687111,22.207726,-0.037395,0.292344,0.42073,-0.857976,14.824684,132.606613,9.824262,0.029666,0.882603,0.098866,0.458647,-10.061142,90.840652,7.140549,0.069663,0.933136,-0.029978,0.351433,-8.638046,54.497955,-0.350498,-0.018311,0.95063,0.01099,0.30959,-15.863869,7.220519,-0.016499,-0.078427,0.91397,-0.070444,0.39185,1.44907,91.095665,22.277269,-0.018093,0.897546,-0.133628,0.419794,4.722576,54.787033,29.341265,-0.089009,0.866224,-0.075864,0.485776,0.910094,8.698786,41.540398,-0.018311,0.95063,0.01099,0.30959,-7.216892,1.505163,-11.60121,-0.089009,0.866224,-0.075864,0.485776,13.603926,2.045947,35.519814
871,7.258333,0.002933,0.895744,-0.02196,0.444018,-4.171949,90.9673,14.750612,-0.066446,0.884446,0.019754,0.461465,-3.978926,98.756882,14.464161,-0.030849,0.882654,0.007213,0.468955,-6.060305,113.940048,14.059642,0.084643,0.878185,-0.143275,0.448441,-7.197198,132.472534,13.758814,0.174343,0.830096,-0.362866,0.385841,-1.660413,145.771973,10.11001,0.032267,0.890745,0.043125,0.451301,-9.451509,126.367485,11.011584,0.496619,-0.473399,0.185889,-0.703355,-20.145298,128.113205,-3.496253,0.233225,0.000171,-0.56042,-0.794692,-8.640448,110.673096,-14.968308,0.256809,0.052039,-0.61884,-0.740525,-0.0284,131.302795,-21.015858,-0.147784,0.890702,0.021955,0.429334,-5.204865,126.730278,17.312378,0.409294,0.889271,0.135216,-0.152942,5.436277,131.15596,31.278818,-0.075015,0.398165,0.471755,-0.783125,20.17071,114.790871,22.156996,-0.036572,0.290601,0.419322,-0.859292,14.84339,132.678925,9.773542,0.030505,0.88102,0.097784,0.461857,-9.931232,90.831825,7.185565,0.0706,0.932774,-0.029465,0.352251,-8.573141,54.477074,-0.258926,-0.018205,0.950612,0.011397,0.309639,-15.865265,7.209298,-0.008745,-0.07634,0.914541,-0.071307,0.390772,1.587334,91.102783,22.315659,-0.017149,0.89924,-0.132067,0.416691,4.70294,54.779251,29.374453,-0.090848,0.866925,-0.073191,0.484594,0.913976,8.648175,41.418026,-0.018205,0.950612,0.011397,0.309639,-7.216974,1.504131,-11.597502,-0.090848,0.866925,-0.073191,0.484594,13.622938,2.081514,35.335072
872,7.266667,0.002845,0.895948,-0.021895,0.443611,-4.041939,90.964172,14.799759,-0.066997,0.88486,0.01995,0.460583,-3.850729,98.753807,14.51353,-0.032336,0.883155,0.008064,0.467896,-5.948924,113.925804,14.10883,0.081955,0.879226,-0.141696,0.447401,-7.149681,132.4543,13.811402,0.171465,0.831418,-0.361979,0.385117,-1.704904,145.789825,10.155836,0.029856,0.890788,0.044622,0.451237,-9.389682,126.341698,11.069296,0.497687,-0.47324,0.182952,-0.703478,-20.090998,128.034058,-3.439312,0.23191,0.000672,-0.562852,-0.793357,-8.527357,110.671021,-14.969018,0.25512,0.052889,-0.620798,-0.73941,-0.040898,131.36322,-20.990885,-0.149887,0.891204,0.023131,0.427497,-5.129366,126.718773,17.36001,0.406521,0.890532,0.133751,-0.154289,5.546105,131.198257,31.283033,-0.074109,0.396693,0.469102,-0.785548,20.368658,114.924217,22.141108,-0.035219,0.288973,0.417347,-0.860857,14.877549,132.74762,9.739276,0.031178,0.879848,0.096469,0.464316,-9.808111,90.827927,7.239977,0.071421,0.93264,-0.028605,0.352511,-8.51881,54.457291,-0.13886,-0.018105,0.950692,0.011806,0.309383,-15.854984,7.195884,0.004767,-0.074202,0.915393,-0.072103,0.389039,1.724233,91.100418,22.359541,-0.016321,0.901153,-0.130849,0.412959,4.685514,54.761459,29.405367,-0.092643,0.867656,-0.072653,0.483023,0.923581,8.597085,41.329247,-0.018105,0.950692,0.011806,0.309383,-7.212753,1.50089,-11.593506,-0.092643,0.867656,-0.072653,0.483023,13.630814,2.065977,35.204552
873,7.275,0.003167,0.896273,-0.021695,0.44296,-3.908278,90.94899,14.861664,-0.067292,0.885365,0.02011,0.45956,-3.714148,98.738716,14.580308,-0.034076,0.883708,0.008907,0.466711,-5.822447,113.90538,14.178308,0.079311,0.880144,-0.140914,0.446317,-7.095222,132.429062,13.87997,0.168258,0.832824,-0.360675,0.384716,-1.732061,145.790619,10.198911,0.027688,0.89097,0.04607,0.450871,-9.318925,126.307251,11.145126,0.498039,-0.472825,0.180491,-0.704142,-20.03673,127.952888,-3.356685,0.230281,0.000763,-0.565108,-0.792227,-8.411763,110.668541,-14.942811,0.253156,0.053885,-0.622605,-0.738492,-0.042679,131.416138,-20.943279,-0.151882,0.891872,0.02434,0.425327,-5.043518,126.702156,17.4245,0.404254,0.891561,0.131449,-0.156264,5.677164,131.23291,31.296099,-0.073699,0.395076,0.466935,-0.78769,20.558094,115.030716,22.121492,-0.033787,0.287107,0.415804,-0.862285,14.917806,132.813004,9.720826,0.031348,0.878633,0.096035,0.466688,-9.685385,90.820206,7.310104,0.072728,0.93269,-0.028113,0.352149,-8.402404,54.444145,-0.043084,-0.01767,0.950802,0.01186,0.309067,-15.837985,7.198098,0.01524,-0.0719,0.916706,-0.07256,0.386285,1.868828,91.077766,22.413223,-0.015688,0.902619,-0.130377,0.409921,4.682271,54.718735,29.415924,-0.09385,0.868934,-0.073556,0.480349,0.924538,8.54063,41.287823,-0.01767,0.950802,0.01186,0.309067,-7.208142,1.500437,-11.590944,-0.09385,0.868934,-0.073556,0.480349,13.59948,1.998377,35.108353
874,7.283333,0.003507,0.89665,-0.021781,0.44219,-3.77072,90.93528,14.939719,-0.067718,0.885879,0.020329,0.458497,-3.571489,98.724922,14.659346,-0.035789,0.884257,0.009704,0.465527,-5.694529,113.887215,14.259858,0.07696,0.88108,-0.140164,0.445118,-7.037642,132.405899,13.959786,0.164968,0.83437,-0.359485,0.383905,-1.74911,145.790848,10.255795,0.025338,0.891217,0.047093,0.450413,-9.245518,126.275017,11.232477,0.499204,-0.472251,0.177594,-0.704439,-19.982767,127.860985,-3.261597,0.229039,0.001109,-0.567523,-0.790859,-8.282456,110.658791,-14.894061,0.25113,0.054879,-0.623642,-0.738236,-0.041365,131.459564,-20.874138,-0.153935,0.892398,0.025424,0.423418,-4.955137,126.687744,17.500481,0.401909,0.892641,0.129072,-0.158121,5.801493,131.272781,31.326338,-0.073429,0.394002,0.464491,-0.789695,20.744728,115.143288,22.124905,-0.032621,0.285726,0.413313,-0.863984,14.963746,132.875031,9.711417,0.031821,0.878226,0.09514,0.467606,-9.560757,90.811913,7.397977,0.073751,0.933104,-0.027027,0.350924,-8.332212,54.425369,0.087477,-0.017821,0.950891,0.012034,0.308779,-15.822193,7.187921,0.024106,-0.069638,0.918406,-0.072743,0.382609,2.019315,91.05864,22.481462,-0.014925,0.904004,-0.130527,0.406838,4.702131,54.677795,29.421902,-0.095901,0.87055,-0.076105,0.476606,0.913103,8.501196,41.28973,-0.017821,0.950891,0.012034,0.308779,-7.197107,1.496306,-11.588583,-0.095901,0.87055,-0.076105,0.476606,13.540833,1.919635,35.055588
875,7.291667,0.00412,0.897012,-0.021705,0.441455,-3.638413,90.912018,15.023049,-0.067855,0.886536,0.020479,0.457199,-3.431353,98.70163,14.747795,-0.037241,0.884994,0.010591,0.463989,-5.560193,113.8592,14.353683,0.07388,0.882285,-0.139522,0.443451,-6.966757,132.373276,14.060028,0.161878,0.835941,-0.358131,0.383068,-1.772599,145.784409,10.31741,0.022897,0.891429,0.048209,0.450008,-9.163322,126.235214,11.339738,0.499891,-0.471781,0.174875,-0.704947,-19.918066,127.760056,-3.147934,0.227453,0.001349,-0.56971,-0.789743,-8.15092,110.640656,-14.835,0.248676,0.05582,-0.624998,-0.73785,-0.024688,131.495682,-20.787979,-0.156134,0.892868,0.026372,0.421561,-4.852813,126.661873,17.592985,0.399358,0.893786,0.126984,-0.159797,5.935963,131.307877,31.373375,-0.073037,0.392741,0.461972,-0.791835,20.951254,115.259567,22.147333,-0.031374,0.28423,0.411062,-0.865596,15.020232,132.938446,9.722262,0.032063,0.87805,0.094703,0.468008,-9.440714,90.800079,7.490558,0.074919,0.933318,-0.026223,0.350167,-8.239846,54.408527,0.200424,-0.017432,0.950993,0.0122,0.308478,-15.806675,7.183588,0.032068,-0.067792,0.920118,-0.072804,0.378796,2.163888,91.023949,22.555542,-0.014269,0.905011,-0.131007,0.404461,4.748318,54.624928,29.437738,-0.096615,0.871893,-0.077422,0.473787,0.915067,8.458519,41.330975,-0.017432,0.950993,0.0122,0.308478,-7.192757,1.492826,-11.589328,-0.096615,0.871893,-0.077422,0.473787,13.500354,1.847439,35.042469
876,7.3,0.004763,0.897543,-0.021619,0.44037,-3.497748,90.885269,15.118623,-0.067736,0.887263,0.020496,0.455803,-3.282619,98.674858,14.848743,-0.038927,0.885732,0.011503,0.46242,-5.408065,113.825455,14.46031,0.071188,0.883386,-0.139048,0.441845,-6.886158,132.334,14.170183,0.158446,0.8376,-0.356779,0.382138,-1.774454,145.766525,10.390897,0.02053,0.891789,0.049621,0.449254,-9.068818,126.187386,11.458047,0.499984,-0.471318,0.172696,-0.705727,-19.851822,127.657738,-3.014232,0.225517,0.001152,-0.571786,-0.788797,-8.027782,110.614075,-14.75445,0.246047,0.056814,-0.626022,-0.737787,-0.009395,131.522736,-20.686699,-0.158198,0.893414,0.027495,0.419558,-4.738143,126.631012,17.696157,0.396418,0.895117,0.123776,-0.162167,6.088129,131.331757,31.428486,-0.073172,0.391494,0.459048,-0.794137,21.178539,115.373062,22.169601,-0.030469,0.282389,0.40899,-0.867211,15.082177,132.996246,9.739893,0.032699,0.877634,0.094467,0.468791,-9.318122,90.785522,7.599918,0.075957,0.93344,-0.02551,0.34967,-8.160479,54.393707,0.304125,-0.017423,0.951033,0.012392,0.308348,-15.795814,7.180229,0.041254,-0.066025,0.9219,-0.073055,0.374706,2.322626,90.985016,22.637329,-0.013594,0.905824,-0.131652,0.402449,4.810152,54.571163,29.476622,-0.095207,0.872784,-0.076764,0.472537,0.919867,8.419162,41.4072,-0.017423,0.951033,0.012392,0.308348,-7.18456,1.494591,-11.58462,-0.095207,0.872784,-0.076764,0.472537,13.472083,1.795463,35.066097
877,7.308333,0.005604,0.898079,-0.021389,0.439278,-3.370216,90.859543,15.220126,-0.066817,0.888045,0.020769,0.4544,-3.145208,98.649147,14.958959,-0.040758,0.886465,0.01219,0.460836,-5.248603,113.791641,14.594388,0.069057,0.884551,-0.138016,0.440174,-6.799129,132.294174,14.298138,0.15472,0.839526,-0.355703,0.380438,-1.76308,145.750824,10.503138,0.018378,0.892106,0.051004,0.448561,-8.967514,126.137482,11.597403,0.500929,-0.470999,0.17005,-0.705913,-19.776073,127.559784,-2.860618,0.223916,0.000974,-0.573861,-0.787746,-7.894444,110.590027,-14.649656,0.243066,0.057501,-0.626941,-0.737942,0.01275,131.541824,-20.566765,-0.160446,0.894166,0.028911,0.416999,-4.616807,126.601707,17.820061,0.393954,0.89619,0.12163,-0.163861,6.261081,131.360703,31.491411,-0.073051,0.389669,0.456353,-0.796595,21.41803,115.480255,22.206717,-0.029404,0.280685,0.405088,-0.869629,15.146849,133.050522,9.787129,0.032922,0.877779,0.094346,0.468529,-9.208703,90.776566,7.715271,0.077073,0.934009,-0.024649,0.347966,-8.071959,54.384148,0.419202,-0.01768,0.951185,0.012245,0.30787,-15.778309,7.182872,0.056093,-0.0647,0.923679,-0.073288,0.370486,2.468271,90.94252,22.724981,-0.013172,0.906307,-0.131945,0.401279,4.890139,54.51833,29.532772,-0.092008,0.873411,-0.0758,0.472167,0.967466,8.372614,41.477066,-0.01768,0.951185,0.012245,0.30787,-7.176273,1.495392,-11.575707,-0.092008,0.873411,-0.0758,0.472167,13.481567,1.718254,35.092865
878,7.316667,0.005805,0.898799,-0.020715,0.437833,-3.21316,90.832909,15.321809,-0.066049,0.888899,0.021513,0.452807,-2.990358,98.622917,15.071106,-0.042478,0.887254,0.012886,0.459141,-5.081715,113.751602,14.741564,0.067171,0.885731,-0.137374,0.438289,-6.701216,132.248169,14.441846,0.150767,0.841669,-0.354413,0.37849,-1.731164,145.722778,10.623631,0.016014,0.892471,0.052271,0.447781,-8.857097,126.082184,11.752343,0.501561,-0.471,0.167465,-0.706081,-19.693932,127.447426,-2.689998,0.222107,0.000919,-0.575743,-0.786885,-7.770774,110.549118,-14.539574,0.240209,0.058067,-0.627753,-0.738142,0.037114,131.54834,-20.430672,-0.162653,0.894826,0.030046,0.414641,-4.484848,126.565567,17.95842,0.391626,0.897085,0.119754,-0.165911,6.438214,131.385345,31.572325,-0.072881,0.387652,0.453938,-0.798971,21.65012,115.584709,22.241476,-0.028503,0.278753,0.401659,-0.871868,15.210783,133.105759,9.842474,0.033475,0.877932,0.094549,0.468162,-9.075694,90.759651,7.835624,0.078502,0.934266,-0.024132,0.346989,-7.970913,54.37281,0.506926,-0.017638,0.951113,0.012175,0.308098,-15.787432,7.190392,0.057958,-0.063297,0.925344,-0.073954,0.366418,2.649374,90.906158,22.807995,-0.012818,0.906785,-0.131883,0.40023,4.986841,54.475914,29.612871,-0.089194,0.874119,-0.076313,0.471314,1.049671,8.327755,41.542942,-0.017638,0.951113,0.012175,0.308098,-7.180544,1.500692,-11.569164,-0.089194,0.874119,-0.076313,0.471314,13.515467,1.613656,35.126873
879,7.325,0.006575,0.899442,-0.020191,0.436524,-3.080983,90.803101,15.436745,-0.064944,0.88987,0.0216,0.45105,-2.851317,98.593292,15.198289,-0.043896,0.888209,0.013638,0.457135,-4.911912,113.706436,14.890931,0.06429,0.887174,-0.136575,0.436046,-6.591488,132.197708,14.595572,0.147327,0.843478,-0.353546,0.376622,-1.716764,145.697235,10.742652,0.014145,0.893097,0.053367,0.446464,-8.73975,126.024452,11.916676,0.50258,-0.470784,0.164956,-0.706092,-19.621262,127.344826,-2.496213,0.220652,0.000512,-0.577561,-0.785962,-7.648624,110.513199,-14.390725,0.237198,0.058413,-0.628645,-0.73833,0.061381,131.547684,-20.275885,-0.164924,0.895405,0.030997,0.412419,-4.341408,126.522766,18.103102,0.38901,0.898123,0.117086,-0.168339,6.621284,131.407822,31.661779,-0.072629,0.385689,0.45129,-0.80144,21.891857,115.692261,22.283184,-0.027558,0.276754,0.399847,-0.873367,15.275762,133.161102,9.895619,0.033909,0.878032,0.094882,0.467876,-8.965109,90.747932,7.967364,0.079595,0.934491,-0.023519,0.346177,-7.879348,54.367947,0.601871,-0.017426,0.951238,0.012115,0.307726,-15.773085,7.199261,0.068507,-0.062641,0.926823,-0.074718,0.362618,2.803142,90.858261,22.906124,-0.01261,0.907182,-0.131338,0.399516,5.102734,54.430317,29.736185,-0.084242,0.875226,-0.075524,0.470296,1.177851,8.267936,41.615158,-0.017426,0.951238,0.012115,0.307726,-7.177824,1.50582,-11.56538,-0.084242,0.875226,-0.075524,0.470296,13.573635,1.490021,35.130909
880,7.333333,0.007212,0.90013,-0.019772,0.435113,-2.95491,90.773857,15.55637,-0.063034,0.890944,0.022322,0.449163,-2.719516,98.564178,15.327756,-0.045593,0.8892,0.014014,0.455026,-4.736244,113.663467,15.070999,0.062019,0.888553,-0.135976,0.433749,-6.478749,132.148727,14.763309,0.143499,0.845528,-0.352631,0.374356,-1.681942,145.66713,10.878922,0.012261,0.893966,0.053976,0.444703,-8.618837,125.965393,12.101132,0.503393,-0.470401,0.162522,-0.706332,-19.559008,127.231621,-2.272154,0.219218,-0.000484,-0.579254,-0.785117,-7.531188,110.471001,-14.211173,0.234189,0.058526,-0.629193,-0.738814,0.087053,131.531418,-20.110594,-0.16718,0.896189,0.032315,0.409697,-4.19354,126.485168,18.266531,0.386944,0.898827,0.114746,-0.170933,6.823057,131.43161,31.759094,-0.072161,0.3834,0.449173,-0.803766,22.128054,115.786896,22.31838,-0.02627,0.274386,0.39735,-0.875292,15.346792,133.213104,9.955281,0.034277,0.878313,0.095651,0.467164,-8.862263,90.733696,8.105249,0.080687,0.93454,-0.023151,0.345817,-7.779494,54.366459,0.676621,-0.016925,0.951325,0.011817,0.307497,-15.758218,7.212872,0.077112,-0.062388,0.927897,-0.075514,0.35974,2.952443,90.814018,23.007492,-0.012155,0.907198,-0.130601,0.399734,5.234293,54.392612,29.878218,-0.082813,0.876269,-0.07576,0.468567,1.295358,8.210683,41.676289,-0.016925,0.951325,0.011817,0.307497,-7.175133,1.506568,-11.559462,-0.082813,0.876269,-0.07576,0.468567,13.645239,1.398832,35.140221
881,7.341667,0.007514,0.900798,-0.0193,0.433744,-2.821342,90.753143,15.681849,-0.061331,0.89207,0.023035,0.447122,-2.585247,98.543686,15.461559,-0.046812,0.890308,0.014266,0.452721,-4.56256,113.620911,15.252445,0.059802,0.890056,-0.135293,0.431185,-6.350275,132.10173,14.937067,0.139711,0.847625,-0.351822,0.371798,-1.632733,145.639328,11.022571,0.010856,0.89481,0.054724,0.442947,-8.48929,125.91095,12.291383,0.504295,-0.470068,0.160765,-0.706313,-19.487072,127.140594,-2.04106,0.218144,-0.00151,-0.580755,-0.784305,-7.417235,110.427071,-14.003693,0.231719,0.05839,-0.630002,-0.738914,0.12014,131.509628,-19.926634,-0.168955,0.896979,0.03318,0.407163,-4.033866,126.446762,18.43367,0.384665,0.899561,0.112259,-0.173839,7.036078,131.445847,31.863026,-0.071695,0.380864,0.446921,-0.806266,22.377161,115.880608,22.349787,-0.024923,0.271922,0.395083,-0.877124,15.41853,133.259521,10.018821,0.035089,0.879057,0.095981,0.465634,-8.751228,90.722664,8.248603,0.081357,0.934771,-0.022438,0.34508,-7.722881,54.364292,0.768983,-0.016584,0.95148,0.011805,0.307037,-15.738103,7.217974,0.089776,-0.06236,0.928575,-0.076402,0.357802,3.108545,90.783623,23.115095,-0.011026,0.907198,-0.129953,0.399977,5.378848,54.371979,30.04117,-0.080632,0.876985,-0.074514,0.467807,1.363704,8.171394,41.740131,-0.016584,0.95148,0.011805,0.307037,-7.170112,1.508028,-11.556132,-0.080632,0.876985,-0.074514,0.467807,13.681577,1.35155,35.152195
882,7.35,0.007493,0.901539,-0.018532,0.432236,-2.690332,90.739403,15.800677,-0.058921,0.893306,0.024429,0.444899,-2.46008,98.530403,15.590644,-0.048187,0.891486,0.014357,0.45025,-4.389428,113.598022,15.45718,0.058702,0.891543,-0.134229,0.428588,-6.224948,132.073898,15.126761,0.135524,0.849918,-0.351455,0.368447,-1.563073,145.629013,11.206235,0.009262,0.89574,0.054653,0.441109,-8.36285,125.874237,12.501046,0.505758,-0.469842,0.158597,-0.705907,-19.420654,127.047752,-1.789855,0.217604,-0.002389,-0.58223,-0.783359,-7.3077,110.382935,-13.77683,0.22987,0.057986,-0.63098,-0.738689,0.149906,131.484299,-19.731838,-0.170581,0.897812,0.034094,0.404566,-3.875468,126.429436,18.618294,0.382914,0.900019,0.110309,-0.176565,7.250819,131.476242,31.98308,-0.07056,0.378415,0.445043,-0.808555,22.610453,115.975929,22.394064,-0.023457,0.269255,0.392772,-0.879023,15.492741,133.306915,10.083129,0.035528,0.879502,0.096706,0.46461,-8.645053,90.71553,8.387288,0.082262,0.934778,-0.022086,0.344869,-7.628767,54.369854,0.844626,-0.016309,0.951696,0.011408,0.306396,-15.712958,7.236213,0.105738,-0.062537,0.929054,-0.077029,0.356391,3.26439,90.763275,23.214066,-0.009643,0.906935,-0.12939,0.400792,5.540537,54.360413,30.184278,-0.078051,0.877372,-0.072959,0.467764,1.416575,8.143127,41.778934,-0.016309,0.951696,0.011408,0.306396,-7.164999,1.512624,-11.548188,-0.078051,0.877372,-0.072959,0.467764,13.71101,1.318958,35.151817
883,7.358333,0.007093,0.902345,-0.017759,0.43059,-2.552498,90.73011,15.923553,-0.057188,0.894546,0.026087,0.442533,-2.333444,98.521637,15.721278,-0.048962,0.892735,0.014374,0.447684,-4.236941,113.580956,15.661377,0.057148,0.892994,-0.134221,0.42577,-6.099322,132.054001,15.323883,0.131443,0.852194,-0.350443,0.36562,-1.493486,145.616913,11.36427,0.008093,0.896587,0.054931,0.439373,-8.243709,125.848961,12.716229,0.507308,-0.469592,0.157319,-0.705247,-19.357601,126.985809,-1.534073,0.217617,-0.003442,-0.583381,-0.782495,-7.214193,110.340294,-13.51704,0.228654,0.057621,-0.631455,-0.738689,0.180478,131.447952,-19.521627,-0.172211,0.898845,0.03497,0.401496,-3.722409,126.416061,18.80736,0.381455,0.900362,0.107625,-0.179604,7.473279,131.513351,32.094814,-0.069631,0.375892,0.443374,-0.810726,22.834475,116.062378,22.428949,-0.021905,0.266404,0.390806,-0.880806,15.564158,133.354294,10.147743,0.035906,0.880043,0.097716,0.463343,-8.534345,90.706398,8.53203,0.083346,0.934856,-0.021867,0.344412,-7.518552,54.377304,0.9098,-0.015856,0.951852,0.011017,0.305951,-15.692109,7.259912,0.119449,-0.062889,0.929182,-0.077603,0.355871,3.429349,90.75383,23.315075,-0.007679,0.906967,-0.128782,0.400958,5.718225,54.360836,30.332476,-0.07778,0.87759,-0.072691,0.467442,1.445102,8.125299,41.799633,-0.015856,0.951852,0.011017,0.305951,-7.161395,1.521324,-11.539742,-0.07778,0.87759,-0.072691,0.467442,13.73234,1.302052,35.15823
884,7.366667,0.006257,0.903073,-0.017223,0.429097,-2.414259,90.737358,16.062698,-0.055382,0.895814,0.027436,0.440111,-2.210901,98.52935,15.862018,-0.049796,0.894035,0.014354,0.444989,-4.082084,113.580498,15.868148,0.055724,0.894548,-0.133681,0.422856,-5.972731,132.050507,15.521807,0.127833,0.854287,-0.350006,0.36242,-1.426656,145.626404,11.537662,0.007451,0.897735,0.054203,0.437125,-8.123755,125.8396,12.933655,0.509446,-0.468951,0.156353,-0.704346,-19.309355,126.939919,-1.263313,0.218361,-0.004894,-0.584496,-0.781447,-7.122832,110.301277,-13.212029,0.227712,0.057024,-0.632304,-0.7383,0.209568,131.402298,-19.299282,-0.173163,0.8999,0.035811,0.398637,-3.567117,126.419739,18.997162,0.379786,0.90071,0.10549,-0.182639,7.699485,131.546112,32.213295,-0.068418,0.373016,0.441747,-0.813042,23.068853,116.157494,22.461351,-0.019898,0.263481,0.389007,-0.882528,15.637577,133.406372,10.217253,0.03608,0.881062,0.099005,0.461113,-8.420732,90.704262,8.691208,0.084716,0.935217,-0.021977,0.343088,-7.391138,54.394924,0.977255,-0.015152,0.951971,0.010453,0.305635,-15.690986,7.300022,0.163059,-0.062975,0.928659,-0.077457,0.35725,3.592214,90.770447,23.434187,-0.005882,0.906704,-0.128296,0.401739,5.880487,54.376572,30.447208,-0.077403,0.877622,-0.072757,0.467434,1.460448,8.126736,41.800453,-0.015152,0.951971,0.010453,0.305635,-7.177762,1.539462,-11.498084,-0.077403,0.877622,-0.072757,0.467434,13.74285,1.29611,35.157684
885,7.375,0.005357,0.903714,-0.016718,0.427776,-2.282732,90.743347,16.194347,-0.05331,0.897106,0.029129,0.43762,-2.095713,98.535774,15.994474,-0.050479,0.895397,0.014406,0.442164,-3.932736,113.588036,16.079403,0.055146,0.896034,-0.133428,0.419855,-5.847987,132.055435,15.72952,0.123676,0.856753,-0.349076,0.358921,-1.33717,145.636871,11.724254,0.006693,0.898667,0.053873,0.43526,-8.007582,125.839767,13.160029,0.511368,-0.468422,0.1561,-0.70336,-19.252504,126.906815,-0.992545,0.219098,-0.006745,-0.585306,-0.78062,-7.03859,110.253922,-12.893343,0.226891,0.055951,-0.632816,-0.738196,0.248645,131.341934,-19.075167,-0.174498,0.900992,0.036939,0.395474,-3.413853,126.430511,19.194456,0.378647,0.90083,0.103256,-0.185663,7.926928,131.595261,32.331978,-0.066944,0.370406,0.440385,-0.815094,23.284363,116.248787,22.495195,-0.017774,0.260683,0.3868,-0.884372,15.713425,133.453262,10.280811,0.036031,0.882082,0.100204,0.458903,-8.310919,90.699409,8.840661,0.085893,0.935827,-0.0217,0.341144,-7.256214,54.407547,1.048273,-0.014831,0.952285,0.009842,0.304692,-15.65317,7.330686,0.187958,-0.063362,0.927817,-0.07724,0.35941,3.745455,90.787292,23.548033,-0.003664,0.906915,-0.12783,0.401437,6.049827,54.394566,30.561756,-0.077471,0.877476,-0.073064,0.467649,1.459041,8.131284,41.791801,-0.014831,0.952285,0.009842,0.304692,-7.168631,1.550134,-11.484189,-0.077471,0.877476,-0.073064,0.467649,13.744311,1.295349,35.159805
886,7.383333,0.004344,0.904286,-0.016409,0.42659,-2.151812,90.750717,16.33448,-0.051745,0.898369,0.030728,0.4351,-1.981404,98.543457,16.131983,-0.050882,0.896792,0.014076,0.439292,-3.797932,113.607872,16.286434,0.05424,0.897456,-0.133903,0.416774,-5.722287,132.074112,15.925093,0.119997,0.859062,-0.347809,0.355868,-1.247307,145.654465,11.876209,0.006747,0.899929,0.052634,0.432796,-7.895774,125.854362,13.37727,0.514184,-0.468101,0.155762,-0.701594,-19.218134,126.899231,-0.715086,0.221073,-0.007972,-0.585776,-0.779699,-6.984867,110.215797,-12.553045,0.227434,0.054924,-0.633422,-0.737587,0.275119,131.279831,-18.836451,-0.174977,0.902128,0.03793,0.392569,-3.264156,126.454506,19.381731,0.377551,0.900883,0.101066,-0.188811,8.153459,131.631866,32.447533,-0.065409,0.367505,0.439171,-0.817185,23.494196,116.327271,22.519859,-0.01565,0.257565,0.385227,-0.886011,15.77833,133.496964,10.341493,0.03637,0.883019,0.101334,0.456822,-8.199467,90.692291,8.996899,0.087044,0.935742,-0.02141,0.341103,-7.146644,54.41917,1.117458,-0.014028,0.952356,0.009316,0.304525,-15.636418,7.360151,0.193753,-0.06338,0.926696,-0.076697,0.362402,3.895842,90.809143,23.672062,-0.001714,0.907232,-0.127419,0.400863,6.193616,54.410374,30.656546,-0.077219,0.87735,-0.073301,0.467891,1.456516,8.13607,41.779911,-0.014028,0.952356,0.009316,0.304525,-7.166794,1.557887,-11.478451,-0.077219,0.87735,-0.073301,0.467891,13.741714,1.29159,35.156609
887,7.391667,0.003048,0.904853,-0.015981,0.425413,-2.003988,90.749695,16.468937,-0.050717,0.899516,0.032864,0.432687,-1.854964,98.542801,16.263657,-0.051055,0.898097,0.013963,0.4366,-3.673489,113.626717,16.495075,0.054096,0.898955,-0.134325,0.413413,-5.602834,132.092422,16.132936,0.116168,0.861949,-0.346077,0.351825,-1.14652,145.66861,12.049648,0.00645,0.90097,0.051578,0.430757,-7.790498,125.870644,13.602245,0.516485,-0.467343,0.156061,-0.700342,-19.176758,126.885727,-0.440717,0.222629,-0.009766,-0.586522,-0.778674,-6.914123,110.168907,-12.200943,0.228052,0.053433,-0.633933,-0.737066,0.303394,131.211578,-18.598063,-0.175769,0.903385,0.039143,0.38919,-3.123276,126.475502,19.578596,0.376727,0.900761,0.099234,-0.191984,8.379934,131.674255,32.560551,-0.063365,0.364296,0.438541,-0.819118,23.692688,116.405746,22.534597,-0.012817,0.253413,0.38423,-0.887685,15.846884,133.547318,10.400351,0.036579,0.884154,0.102379,0.454371,-8.0709,90.672852,9.147439,0.088209,0.936308,-0.021015,0.33927,-7.018039,54.416679,1.190384,-0.013698,0.952633,0.008921,0.303683,-15.600321,7.375598,0.20993,-0.062981,0.925623,-0.076456,0.365254,4.062924,90.826538,23.790434,-0.000323,0.907723,-0.126436,0.400066,6.318499,54.421276,30.754799,-0.077161,0.877215,-0.073493,0.468123,1.508072,8.122817,41.745388,-0.013698,0.952633,0.008921,0.303683,-7.156337,1.559281,-11.473852,-0.077161,0.877215,-0.073493,0.468123,13.795495,1.27378,35.130928
888,7.4,0.002508,0.905401,-0.016279,0.424237,-1.892016,90.76564,16.61689,-0.049788,0.900735,0.034451,0.430129,-1.748911,98.558632,16.403633,-0.05098,0.899516,0.01375,0.433686,-3.562402,113.644859,16.695845,0.053789,0.90046,-0.134203,0.410205,-5.486996,132.111069,16.334064,0.11274,0.864423,-0.344594,0.348306,-1.059064,145.690002,12.229046,0.006889,0.901986,0.05029,0.428772,-7.693318,125.888489,13.821617,0.519486,-0.466902,0.156428,-0.698332,-19.141155,126.89444,-0.171854,0.224711,-0.011406,-0.586944,-0.777735,-6.864342,110.124413,-11.841183,0.228682,0.051652,-0.63445,-0.736553,0.326657,131.132935,-18.355993,-0.175873,0.904679,0.040273,0.386009,-2.987399,126.49543,19.767336,0.37543,0.900779,0.097699,-0.195205,8.603803,131.694565,32.670635,-0.061747,0.360973,0.43743,-0.821304,23.903625,116.482422,22.539822,-0.010661,0.249983,0.383053,-0.889194,15.905148,133.592468,10.455903,0.036535,0.885045,0.103755,0.452322,-7.977977,90.677475,9.311349,0.089063,0.937534,-0.020453,0.335677,-6.893991,54.44212,1.264195,-0.012811,0.95314,0.008071,0.302152,-15.537867,7.413277,0.238729,-0.062455,0.924266,-0.075549,0.36895,4.193945,90.853798,23.922432,0.000958,0.907537,-0.125999,0.400625,6.410925,54.433407,30.819733,-0.077238,0.876929,-0.073855,0.468588,1.499286,8.124468,41.721066,-0.012811,0.95314,0.008071,0.302152,-7.144315,1.56524,-11.465537,-0.077238,0.876929,-0.073855,0.468588,13.793543,1.269842,35.125118
889,7.408333,0.001441,0.905895,-0.015872,0.423201,-1.752038,90.762177,16.753521,-0.049622,0.90173,0.036492,0.42789,-1.626935,98.555443,16.538807,-0.050687,0.900733,0.013691,0.431188,-3.46492,113.665222,16.894203,0.054179,0.901769,-0.134397,0.407204,-5.379793,132.132599,16.54048,0.108935,0.867223,-0.34245,0.344653,-0.957439,145.707428,12.415923,0.007228,0.902853,0.049319,0.42705,-7.603971,125.911072,14.041211,0.522548,-0.466774,0.156892,-0.696025,-19.105001,126.910149,0.090943,0.226931,-0.013037,-0.587102,-0.776945,-6.829443,110.076988,-11.488447,0.229207,0.050097,-0.634861,-0.736143,0.351033,131.051254,-18.123425,-0.175906,0.906049,0.041737,0.38261,-2.864731,126.515854,19.960619,0.374163,0.900713,0.095609,-0.198938,8.820641,131.709457,32.780933,-0.060717,0.357915,0.43657,-0.823175,24.095573,116.55043,22.533625,-0.008755,0.246198,0.382063,-0.890695,15.964209,133.641724,10.508858,0.036907,0.885942,0.104747,0.450304,-7.854769,90.659256,9.462179,0.090142,0.937991,-0.020229,0.334122,-6.780087,54.441292,1.335863,-0.012214,0.953349,0.007958,0.30152,-15.514475,7.430074,0.269927,-0.061454,0.922772,-0.07478,0.372993,4.350692,90.865097,24.044865,0.001817,0.906787,-0.125707,0.402409,6.490767,54.426903,30.872103,-0.077043,0.876757,-0.073582,0.468985,1.494363,8.111173,41.705811,-0.012214,0.953349,0.007958,0.30152,-7.143619,1.573446,-11.446289,-0.077043,0.876757,-0.073582,0.468985,13.794168,1.261123,35.115467
890,7.416667,0.000948,0.906332,-0.015918,0.422266,-1.629528,90.758408,16.89032,-0.049639,0.902694,0.038156,0.425704,-1.511308,98.551674,16.671585,-0.050078,0.901956,0.013783,0.428692,-3.373356,113.681961,17.077518,0.054983,0.903208,-0.134257,0.403939,-5.270327,132.15152,16.741913,0.105367,0.870253,-0.340197,0.34033,-0.848253,145.72406,12.609522,0.007721,0.903773,0.04827,0.425212,-7.515095,125.933395,14.252584,0.525174,-0.466738,0.15765,-0.693898,-19.07259,126.929405,0.34883,0.228678,-0.015211,-0.58719,-0.776326,-6.806795,110.029533,-11.14341,0.229536,0.0481,-0.634418,-0.736555,0.364795,130.962387,-17.903311,-0.176272,0.907383,0.04339,0.379081,-2.742265,126.530693,20.14571,0.373109,0.900541,0.094136,-0.202373,9.035793,131.727478,32.879631,-0.059629,0.354734,0.435886,-0.824992,24.282595,116.618256,22.517525,-0.00715,0.242335,0.380868,-0.89228,16.022709,133.694016,10.558021,0.036903,0.886833,0.105964,0.448259,-7.747316,90.646919,9.611732,0.091628,0.938338,-0.020076,0.332751,-6.650175,54.44799,1.404016,-0.011669,0.953367,0.007407,0.301498,-15.51345,7.462034,0.289483,-0.060722,0.921457,-0.074006,0.376501,4.488261,90.869888,24.168909,0.003126,0.90591,-0.125875,0.404317,6.574393,54.416496,30.931368,-0.077214,0.876557,-0.073301,0.469375,1.435279,8.105427,41.718136,-0.011669,0.953367,0.007407,0.301498,-7.151209,1.585463,-11.4229,-0.077214,0.876557,-0.073301,0.469375,13.744837,1.265787,35.135193
891,7.425,0.000624,0.906936,-0.015881,0.420969,-1.524222,90.763893,17.032961,-0.049521,0.903605,0.039029,0.423702,-1.411143,98.557182,16.812454,-0.049428,0.90303,0.014065,0.426494,-3.281177,113.693199,17.248272,0.055232,0.904652,-0.134137,0.400702,-5.16169,132.164871,16.937061,0.102381,0.87324,-0.337491,0.336259,-0.753868,145.737503,12.789819,0.008698,0.904811,0.047311,0.423088,-7.424797,125.950981,14.453774,0.52746,-0.467156,0.158503,-0.691685,-19.046965,126.960907,0.605039,0.23025,-0.017506,-0.586706,-0.776179,-6.812625,109.988174,-10.813146,0.229493,0.045734,-0.634203,-0.736904,0.38128,130.87265,-17.692467,-0.176189,0.9087,0.045313,0.375723,-2.622378,126.538788,20.323772,0.37103,0.900735,0.091323,-0.206574,9.248538,131.720367,32.977425,-0.059668,0.351723,0.434601,-0.826954,24.4872,116.68811,22.492105,-0.005886,0.238209,0.380002,-0.893767,16.079256,133.752182,10.606897,0.036981,0.887473,0.107231,0.446683,-7.662826,90.647514,9.771994,0.092638,0.938936,-0.01959,0.330808,-6.542949,54.469055,1.47754,-0.010573,0.953544,0.00678,0.300993,-15.483027,7.499042,0.305658,-0.059945,0.920077,-0.073244,0.380131,4.614381,90.880272,24.29393,0.003681,0.90465,-0.125502,0.407239,6.642739,54.411579,30.991188,-0.077173,0.876448,-0.072972,0.469637,1.435361,8.091906,41.708076,-0.010573,0.953544,0.00678,0.300993,-7.147846,1.595475,-11.41244,-0.077173,0.876448,-0.072972,0.469637,13.750323,1.260086,35.12711
892,7.433333,0.000126,0.90753,-0.015418,0.419705,-1.40065,90.756638,17.162048,-0.050305,0.904385,0.040413,0.421811,-1.297953,98.550156,16.944677,-0.048305,0.904039,0.014363,0.42447,-3.208141,113.694588,17.412832,0.055311,0.906086,-0.133877,0.397524,-5.056437,132.170013,17.133585,0.099501,0.876167,-0.334634,0.332341,-0.668548,145.745163,12.973452,0.009289,0.90567,0.046294,0.421347,-7.34219,125.963402,14.652835,0.529188,-0.467592,0.159526,-0.689833,-19.017214,126.974503,0.848718,0.231323,-0.020126,-0.58633,-0.776081,-6.817791,109.93264,-10.503654,0.229288,0.043622,-0.633283,-0.737887,0.39257,130.773682,-17.502638,-0.175931,0.910065,0.04703,0.372315,-2.511896,126.535034,20.501518,0.369215,0.900736,0.090227,-0.21027,9.454618,131.699265,33.071934,-0.059589,0.348488,0.433821,-0.828737,24.683867,116.750015,22.455112,-0.004529,0.234308,0.37818,-0.895578,16.143433,133.810913,10.657792,0.037382,0.88786,0.108133,0.445662,-7.559474,90.63575,9.9183,0.093554,0.939478,-0.019059,0.329038,-6.445381,54.473949,1.550761,-0.010219,0.953757,0.006351,0.300339,-15.452579,7.518297,0.318939,-0.058973,0.918859,-0.07283,0.383297,4.758173,90.877518,24.405798,0.004277,0.903671,-0.125166,0.409505,6.709361,54.39576,31.05464,-0.077493,0.876409,-0.072651,0.469707,1.436711,8.068487,41.70657,-0.010219,0.953757,0.006351,0.300339,-7.138971,1.59971,-11.406902,-0.077493,0.876409,-0.072651,0.469707,13.758077,1.249239,35.124554
893,7.441667,0.000453,0.907995,-0.01582,0.418681,-1.315095,90.755898,17.296394,-0.049949,0.905029,0.041491,0.420365,-1.205396,98.549225,17.07535,-0.047753,0.904786,0.01449,0.422934,-3.11789,113.684753,17.580643,0.055716,0.907475,-0.133032,0.394573,-4.950162,132.162018,17.317484,0.09684,0.879303,-0.331471,0.327987,-0.57877,145.744705,13.164631,0.010241,0.906912,0.04539,0.418743,-7.250132,125.958824,14.84134,0.530706,-0.467992,0.160033,-0.688277,-19.003704,126.983521,1.105054,0.232277,-0.02312,-0.585757,-0.776145,-6.829847,109.892929,-10.201395,0.228995,0.040934,-0.632431,-0.738862,0.404288,130.67836,-17.32642,-0.176346,0.911346,0.049249,0.368679,-2.399235,126.522919,20.673679,0.368011,0.900465,0.089231,-0.213935,9.659557,131.685562,33.156258,-0.059543,0.345244,0.433627,-0.830198,24.857008,116.798363,22.407469,-0.003299,0.230172,0.376617,-0.897313,16.20857,133.869995,10.70743,0.037142,0.888309,0.109314,0.444498,-7.49023,90.637756,10.0665,0.094537,0.940131,-0.018531,0.326916,-6.331953,54.49369,1.628631,-0.00953,0.954035,0.005576,0.299493,-15.412977,7.553816,0.338794,-0.05855,0.91771,-0.072013,0.386258,4.860039,90.874039,24.526289,0.005025,0.903274,-0.124963,0.410433,6.784789,54.379799,31.114063,-0.07776,0.8765,-0.07238,0.469533,1.444528,8.048323,41.713894,-0.00953,0.954035,0.005576,0.299493,-7.130692,1.607756,-11.395311,-0.07776,0.8765,-0.07238,0.469533,13.767454,1.238878,35.124649
894,7.45,-0.00023,0.908476,-0.015505,0.417649,-1.191959,90.732391,17.420343,-0.051033,0.905614,0.043041,0.418816,-1.094234,98.525871,17.199179,-0.046225,0.905623,0.014875,0.421294,-3.057028,113.666389,17.737,0.055162,0.908983,-0.133052,0.391158,-4.844519,132.148575,17.514046,0.094767,0.882392,-0.327762,0.324001,-0.507912,145.733643,13.332561,0.010948,0.907606,0.044473,0.417317,-7.169123,125.955566,15.035385,0.531932,-0.469284,0.160362,-0.686371,-18.965313,126.987541,1.336221,0.232712,-0.025367,-0.585207,-0.77636,-6.854219,109.840569,-9.952274,0.229182,0.038329,-0.630948,-0.74021,0.403863,130.585144,-17.163277,-0.176205,0.912761,0.050917,0.365002,-2.294977,126.497124,20.850454,0.366206,0.900338,0.08826,-0.217933,9.863324,131.648666,33.240757,-0.059986,0.341927,0.432821,-0.831957,25.041653,116.848061,22.346333,-0.003164,0.226657,0.3756,-0.898633,16.258181,133.924683,10.747324,0.03738,0.889357,0.109874,0.442237,-7.383519,90.605263,10.204661,0.095434,0.94122,-0.017616,0.323553,-6.243752,54.471642,1.719664,-0.009336,0.954249,0.005852,0.29881,-15.381103,7.544902,0.352018,-0.057822,0.916995,-0.07158,0.388141,4.999602,90.859512,24.636024,0.005975,0.903036,-0.124796,0.410995,6.874089,54.35437,31.1777,-0.077682,0.876572,-0.071711,0.469516,1.451756,8.019921,41.722713,-0.009336,0.954249,0.005852,0.29881,-7.116908,1.604543,-11.397723,-0.077682,0.876572,-0.071711,0.469516,13.776679,1.224636,35.122597
895,7.458333,-0.000678,0.909014,-0.015354,0.416482,-1.086403,90.72084,17.541494,-0.051215,0.906255,0.044052,0.4173,-0.996289,98.514389,17.319435,-0.045422,0.906397,0.015338,0.419698,-2.975478,113.647415,17.885988,0.0555,0.910431,-0.132211,0.388015,-4.74361,132.131805,17.694317,0.092514,0.88564,-0.32387,0.319674,-0.426255,145.724686,13.518315,0.011538,0.908625,0.044681,0.415056,-7.083897,125.944672,15.215749,0.532538,-0.470123,0.160963,-0.685185,-18.947765,126.995956,1.576628,0.233286,-0.028283,-0.584427,-0.776675,-6.883449,109.803581,-9.69287,0.229609,0.035825,-0.629879,-0.741113,0.409812,130.496979,-17.01634,-0.176353,0.914096,0.053222,0.361241,-2.188207,126.473106,21.013905,0.364803,0.900047,0.08727,-0.221851,10.067132,131.614838,33.312336,-0.060588,0.33863,0.432445,-0.833457,25.212204,116.885544,22.275946,-0.002663,0.223384,0.37414,-0.900062,16.313118,133.978027,10.787526,0.03752,0.889789,0.110765,0.441134,-7.296461,90.587517,10.341837,0.096346,0.941977,-0.016981,0.321104,-6.147,54.469269,1.792917,-0.008607,0.95445,0.005795,0.298189,-15.349878,7.557175,0.363684,-0.057206,0.91627,-0.070978,0.39005,5.123655,90.854172,24.74115,0.006865,0.902878,-0.124738,0.411346,6.960395,54.337383,31.228321,-0.077785,0.876689,-0.071408,0.469325,1.459441,8.002624,41.731174,-0.008607,0.95445,0.005795,0.298189,-7.10956,1.608763,-11.398742,-0.077785,0.876689,-0.071408,0.469325,13.783866,1.215284,35.121956
896,7.466667,-0.001133,0.909475,-0.015284,0.415476,-0.991811,90.705055,17.657475,-0.051188,0.906936,0.044838,0.415735,-0.90886,98.498627,17.433369,-0.04444,0.907245,0.015966,0.417944,-2.895977,113.627579,18.025316,0.055847,0.911988,-0.131164,0.38465,-4.641189,132.114517,17.873489,0.090524,0.88897,-0.319691,0.315177,-0.346275,145.717438,13.707054,0.012564,0.909569,0.04424,0.413,-6.999236,125.934792,15.393278,0.533036,-0.471657,0.161081,-0.683714,-18.923893,127.010345,1.809171,0.233629,-0.030871,-0.583398,-0.777246,-6.930245,109.775269,-9.470531,0.229837,0.033437,-0.628745,-0.742117,0.412115,130.420532,-16.886604,-0.176245,0.915258,0.055167,0.358045,-2.079848,126.446663,21.172832,0.36323,0.899714,0.087068,-0.225826,10.260111,131.573181,33.392754,-0.060513,0.334744,0.432301,-0.835105,25.374933,116.931496,22.199429,-0.001883,0.219093,0.374527,-0.900958,16.351528,134.041367,10.828082,0.037134,0.889946,0.111851,0.440576,-7.217773,90.56469,10.4717,0.097291,0.943202,-0.016532,0.317223,-6.012318,54.462254,1.863927,-0.008278,0.954929,0.005714,0.296663,-15.291829,7.566223,0.403301,-0.056808,0.916109,-0.07043,0.390586,5.234152,90.845421,24.843246,0.007924,0.902753,-0.124693,0.411614,7.056166,54.3195,31.283003,-0.077666,0.876756,-0.070952,0.46929,1.4624,7.985168,41.738636,-0.008278,0.954929,0.005714,0.296663,-7.093198,1.612436,-11.38551,-0.077666,0.876756,-0.070952,0.46929,13.787023,1.206391,35.121006
897,7.475,-0.001812,0.910044,-0.01494,0.414239,-0.88386,90.691269,17.774357,-0.051374,0.907641,0.045868,0.414058,-0.813058,98.48497,17.550627,-0.043632,0.908097,0.016427,0.416158,-2.816943,113.608826,18.172277,0.056212,0.91347,-0.130431,0.381314,-4.542391,132.097855,18.051939,0.088704,0.892287,-0.315136,0.310877,-0.265783,145.707199,13.887657,0.012673,0.910223,0.044528,0.411522,-6.917189,125.924011,15.573049,0.532628,-0.473427,0.161233,-0.682772,-18.885851,127.005371,2.02816,0.233097,-0.033081,-0.582576,-0.777931,-6.97431,109.736809,-9.287281,0.23063,0.030849,-0.626818,-0.743611,0.405569,130.347137,-16.76037,-0.176381,0.91656,0.057695,0.354231,-1.974056,126.422821,21.333452,0.362375,0.899059,0.088012,-0.229413,10.462563,131.537354,33.460052,-0.060145,0.330638,0.432724,-0.836547,25.529121,116.968872,22.107288,-0.001006,0.214891,0.373635,-0.90234,16.400791,134.103546,10.864031,0.037209,0.890602,0.112655,0.439037,-7.129303,90.542213,10.605681,0.098323,0.943764,-0.015874,0.315264,-5.917132,54.453598,1.941081,-0.007626,0.955018,0.005764,0.296395,-15.272054,7.574839,0.408987,-0.056088,0.915879,-0.069901,0.391324,5.361582,90.840324,24.943033,0.008952,0.90272,-0.124703,0.411662,7.145213,54.302853,31.327789,-0.078055,0.876737,-0.07077,0.469288,1.461695,7.970419,41.743351,-0.007626,0.955018,0.005764,0.296395,-7.087381,1.616747,-11.387345,-0.078055,0.876737,-0.07077,0.469288,13.791646,1.201855,35.125187
898,7.483333,-0.002179,0.910553,-0.015089,0.413112,-0.80338,90.686935,17.888124,-0.050953,0.90844,0.046857,0.412243,-0.737109,98.480537,17.659826,-0.042861,0.909048,0.016818,0.41414,-2.738834,113.590706,18.317652,0.055613,0.915409,-0.128014,0.377552,-4.444578,132.081726,18.226194,0.087905,0.895369,-0.311342,0.306027,-0.231741,145.720581,14.093563,0.013471,0.911055,0.04421,0.409687,-6.837294,125.91333,15.751013,0.53226,-0.475274,0.161028,-0.681824,-18.859791,127.013733,2.255434,0.233009,-0.035417,-0.581518,-0.778645,-7.02861,109.720566,-9.106635,0.231939,0.028296,-0.625212,-0.744657,0.399784,130.283997,-16.650074,-0.176448,0.917625,0.059621,0.351108,-1.867667,126.400146,21.489601,0.361415,0.898376,0.088554,-0.233365,10.647872,131.505722,33.538517,-0.059551,0.32691,0.43281,-0.838009,25.660383,117.012787,22.018686,-0.000648,0.211249,0.37411,-0.903003,16.424084,134.162766,10.881023,0.037075,0.890954,0.113401,0.438139,-7.066525,90.530655,10.735069,0.099212,0.944397,-0.015195,0.313114,-5.8297,54.453827,2.024982,-0.007992,0.955244,0.005322,0.295664,-15.247306,7.589844,0.426161,-0.055671,0.916014,-0.069246,0.391182,5.459765,90.843216,25.041182,0.00999,0.902708,-0.124715,0.411661,7.235362,54.295517,31.369404,-0.078057,0.876756,-0.070644,0.469271,1.461743,7.965261,41.745003,-0.007992,0.955244,0.005322,0.295664,-7.07795,1.622678,-11.376195,-0.078057,0.876756,-0.070644,0.469271,13.792053,1.199608,35.124546
899,7.491667,-0.002657,0.911033,-0.015054,0.412051,-0.718644,90.669571,17.987902,-0.050438,0.909128,0.048023,0.410654,-0.659652,98.463158,17.756958,-0.04229,0.90985,0.017195,0.412419,-2.66017,113.569054,18.456938,0.056676,0.916637,-0.128183,0.374344,-4.352567,132.061417,18.390219,0.085981,0.898965,-0.305425,0.301966,-0.129228,145.693451,14.245835,0.014003,0.911703,0.044547,0.408189,-6.759347,125.897217,15.918192,0.532181,-0.477311,0.160331,-0.680626,-18.825686,127.018059,2.463482,0.232679,-0.037099,-0.580756,-0.779234,-7.076341,109.706795,-8.955817,0.23327,0.025436,-0.623595,-0.745699,0.386857,130.23967,-16.543255,-0.176375,0.918873,0.061437,0.347548,-1.767335,126.374725,21.638107,0.360976,0.89751,0.08953,-0.236975,10.839195,131.470673,33.595898,-0.058638,0.322693,0.433589,-0.839304,25.7859,117.037712,21.916298,0.000914,0.207169,0.373985,-0.904,16.45841,134.214966,10.904534,0.037124,0.890794,0.114136,0.43827,-6.998406,90.505577,10.849603,0.100135,0.944718,-0.014706,0.311874,-5.73938,54.441429,2.090311,-0.008219,0.95539,0.005199,0.295186,-15.226973,7.593629,0.431995,-0.055194,0.91639,-0.068749,0.390456,5.561118,90.833572,25.126202,0.010997,0.902585,-0.124769,0.411889,7.3239,54.276855,31.405699,-0.078261,0.876759,-0.070398,0.469269,1.458686,7.949901,41.744598,-0.008219,0.95539,0.005199,0.295186,-7.067184,1.62496,-11.376223,-0.078261,0.876759,-0.070398,0.469269,13.792479,1.193077,35.121609
900,7.5,-0.00359,0.91161,-0.01498,0.410767,-0.61908,90.650856,18.090681,-0.050058,0.909815,0.049391,0.409013,-0.574158,98.444382,17.854723,-0.041951,0.910606,0.017647,0.410763,-2.581132,113.557014,18.601421,0.057258,0.918134,-0.127336,0.37086,-4.269107,132.04985,18.558241,0.084851,0.902423,-0.300171,0.297204,-0.060073,145.688477,14.420983,0.014103,0.912121,0.044614,0.407242,-6.686538,125.888565,16.089346,0.531034,-0.479514,0.160059,-0.680037,-18.780735,127.012383,2.659926,0.231251,-0.039051,-0.580147,-0.780017,-7.127728,109.684776,-8.833045,0.233993,0.022731,-0.622032,-0.746865,0.363215,130.203537,-16.449314,-0.17626,0.919995,0.063286,0.344291,-1.673347,126.359474,21.79125,0.360459,0.896616,0.089707,-0.241044,11.016273,131.442947,33.666168,-0.057529,0.318778,0.434389,-0.840463,25.887989,117.066864,21.821884,0.002958,0.202789,0.374558,-0.904751,16.480169,134.268433,10.922894,0.037194,0.891205,0.114622,0.437302,-6.918813,90.471596,10.970371,0.101104,0.945177,-0.013872,0.310202,-5.657951,54.416096,2.175815,-0.00875,0.95544,0.005075,0.295013,-15.210478,7.584676,0.429965,-0.054477,0.917027,-0.068317,0.389135,5.680654,90.830116,25.210991,0.012112,0.902818,-0.124863,0.411317,7.416479,54.263161,31.43816,-0.078231,0.876756,-0.07028,0.469296,1.457835,7.940921,41.744698,-0.00875,0.95544,0.005075,0.295013,-7.049236,1.617157,-11.377824,-0.078231,0.876756,-0.07028,0.469296,13.792279,1.18644,35.120537
901,7.508333,-0.004738,0.912012,-0.014909,0.409866,-0.516536,90.622787,18.196768,-0.049758,0.910443,0.049957,0.407581,-0.48863,98.416206,17.954441,-0.041614,0.911348,0.018158,0.409125,-2.495049,113.542572,18.724464,0.056735,0.919804,-0.125745,0.367329,-4.17947,132.035751,18.706751,0.084589,0.905575,-0.295028,0.292809,-0.021676,145.694275,14.583296,0.014528,0.912795,0.045228,0.405646,-6.60712,125.877548,16.240253,0.530953,-0.481547,0.159058,-0.678898,-18.747858,127.022209,2.854651,0.230399,-0.040949,-0.579788,-0.780439,-7.17274,109.686089,-8.704025,0.234633,0.020032,-0.6201,-0.748346,0.329202,130.181061,-16.361641,-0.175697,0.921073,0.065116,0.341344,-1.573076,126.341499,21.924332,0.359799,0.895665,0.090445,-0.245252,11.196879,131.397217,33.724762,-0.05645,0.314073,0.435218,-0.841877,25.993723,117.092255,21.701918,0.004667,0.198147,0.376308,-0.905046,16.4846,134.3255,10.941419,0.037447,0.891455,0.115346,0.436579,-6.830154,90.424393,11.089272,0.102105,0.945362,-0.013474,0.309329,-5.569418,54.38266,2.238471,-0.008871,0.955517,0.005391,0.294754,-15.201354,7.569665,0.435706,-0.053747,0.917831,-0.067868,0.387415,5.797082,90.821182,25.304264,0.013213,0.903101,-0.124935,0.41064,7.508031,54.243828,31.47699,-0.078389,0.876831,-0.070094,0.469159,1.459202,7.925978,41.750706,-0.008871,0.955517,0.005391,0.294754,-7.044044,1.611812,-11.379683,-0.078389,0.876831,-0.070094,0.469159,13.794094,1.17781,35.120945
902,7.516667,-0.005418,0.912407,-0.014745,0.408982,-0.437224,90.603142,18.285875,-0.048894,0.911045,0.050943,0.406216,-0.420269,98.39653,18.041531,-0.041454,0.912018,0.018553,0.407629,-2.413985,113.52459,18.852839,0.05783,0.921076,-0.12498,0.364218,-4.098974,132.017731,18.853682,0.083183,0.909061,-0.288937,0.288449,0.061443,145.679413,14.743431,0.015064,0.913429,0.045533,0.404162,-6.534615,125.861183,16.390926,0.530038,-0.483559,0.158225,-0.678376,-18.718285,127.025948,3.046131,0.228827,-0.042957,-0.579424,-0.781064,-7.223164,109.69088,-8.593653,0.235085,0.017141,-0.617999,-0.750012,0.290288,130.170517,-16.278708,-0.176059,0.922047,0.067485,0.338052,-1.48177,126.321304,22.058609,0.359634,0.894641,0.09156,-0.248792,11.364577,131.374054,33.777096,-0.055012,0.309919,0.436081,-0.843064,26.083719,117.122208,21.596836,0.006251,0.194071,0.37721,-0.905544,16.494295,134.376755,10.953226,0.037589,0.891256,0.115679,0.436886,-6.764473,90.394455,11.190807,0.102977,0.9456,-0.012855,0.308336,-5.499165,54.359222,2.314208,-0.008851,0.955567,0.005584,0.294588,-15.192699,7.561764,0.439773,-0.053447,0.918863,-0.067585,0.385054,5.890025,90.811829,25.380941,0.014453,0.90365,-0.125007,0.409368,7.604583,54.229237,31.521528,-0.078479,0.876928,-0.069932,0.468986,1.460218,7.916394,41.761032,-0.008851,0.955567,0.005584,0.294588,-7.039062,1.608983,-11.380705,-0.078479,0.876928,-0.069932,0.468986,13.79407,1.172798,35.124687
903,7.525,-0.005549,0.912822,-0.014777,0.408052,-0.377248,90.59433,18.381247,-0.04842,0.911676,0.051281,0.404812,-0.362209,98.38768,18.13559,-0.04101,0.912734,0.019104,0.406041,-2.345058,113.511719,18.965029,0.057979,0.92262,-0.123366,0.360821,-4.023339,132.005447,18.994196,0.082968,0.912206,-0.283397,0.284046,0.104609,145.683914,14.907069,0.015399,0.913887,0.046262,0.40303,-6.469917,125.852753,16.532642,0.529461,-0.485494,0.157223,-0.677678,-18.686331,127.037643,3.219595,0.227121,-0.04469,-0.579337,-0.781529,-7.265507,109.704697,-8.49624,0.234979,0.01428,-0.616385,-0.751432,0.246012,130.180008,-16.198671,-0.175449,0.923003,0.069546,0.335331,-1.39686,126.304207,22.182941,0.359118,0.893674,0.09214,-0.252765,11.523602,131.32431,33.83379,-0.054728,0.306117,0.437001,-0.843995,26.165396,117.135323,21.488043,0.007978,0.190963,0.377096,-0.906238,16.50717,134.429245,10.97236,0.037704,0.890819,0.11612,0.437648,-6.718919,90.383331,11.299136,0.103802,0.94561,-0.012251,0.308054,-5.43909,54.356339,2.391233,-0.008489,0.95558,0.005384,0.294562,-15.18922,7.573748,0.440654,-0.053191,0.919951,-0.066875,0.382608,5.964423,90.805336,25.463358,0.01502,0.904152,-0.124826,0.408291,7.698271,54.213619,31.543905,-0.07872,0.877144,-0.069799,0.468562,1.524173,7.898045,41.753151,-0.008489,0.95558,0.005384,0.294562,-7.041108,1.612345,-11.379288,-0.07872,0.877144,-0.069799,0.468562,13.854435,1.159857,35.104649
904,7.533333,-0.006127,0.913198,-0.01465,0.407206,-0.302509,90.580299,18.473341,-0.048131,0.91221,0.051567,0.403605,-0.296731,98.373589,18.225813,-0.040384,0.913351,0.019903,0.404678,-2.274598,113.502434,19.069654,0.058993,0.923988,-0.121753,0.35769,-3.943614,131.996887,19.137823,0.081848,0.915513,-0.277524,0.279496,0.17664,145.687851,15.084932,0.015449,0.914203,0.047365,0.402183,-6.400806,125.849915,16.672564,0.528483,-0.487613,0.156314,-0.67713,-18.64187,127.051285,3.383651,0.224993,-0.046127,-0.579487,-0.781949,-7.305757,109.721031,-8.418122,0.235596,0.011257,-0.614088,-0.753169,0.191241,130.201309,-16.11754,-0.175305,0.923885,0.071552,0.332543,-1.310159,126.288544,22.308033,0.358688,0.892671,0.092553,-0.256738,11.679565,131.292267,33.888702,-0.053986,0.302182,0.437693,-0.845102,26.239592,117.161263,21.380808,0.009096,0.187498,0.378619,-0.906316,16.50172,134.482315,10.986838,0.037881,0.890518,0.116596,0.438118,-6.657168,90.360443,11.403151,0.104727,0.945454,-0.011916,0.308234,-5.36868,54.342674,2.45926,-0.00928,0.95563,0.00515,0.294379,-15.191312,7.577777,0.449114,-0.052858,0.921294,-0.066289,0.379512,6.05215,90.800148,25.543531,0.016246,0.904849,-0.125109,0.406611,7.800433,54.200016,31.569025,-0.078718,0.877258,-0.069653,0.46837,1.528235,7.894874,41.765766,-0.00928,0.95563,0.00515,0.294379,-7.039314,1.616755,-11.368341,-0.078718,0.877258,-0.069653,0.46837,13.855993,1.159389,35.109894
905,7.541667,-0.006666,0.913557,-0.014507,0.406398,-0.230581,90.564522,18.564919,-0.047834,0.912551,0.05231,0.402772,-0.233613,98.35778,18.315996,-0.040024,0.913721,0.020445,0.40385,-2.211614,113.485779,19.186016,0.059391,0.925256,-0.120719,0.354684,-3.876477,131.980515,19.279493,0.081358,0.918745,-0.271298,0.275111,0.226447,145.680664,15.240086,0.015685,0.91464,0.048554,0.401037,-6.339611,125.837013,16.811457,0.527627,-0.489488,0.155098,-0.676724,-18.613743,127.061737,3.555217,0.222989,-0.047585,-0.579728,-0.782258,-7.346943,109.746445,-8.334561,0.235552,0.009001,-0.612391,-0.754594,0.132228,130.236679,-16.037516,-0.174913,0.924864,0.073265,0.329643,-1.238343,126.267792,22.437923,0.358278,0.891667,0.094472,-0.260079,11.825914,131.251663,33.943062,-0.053049,0.298494,0.438172,-0.846222,26.317644,117.193779,21.274502,0.009599,0.184982,0.379351,-0.906522,16.502417,134.528061,10.991325,0.038039,0.890231,0.117125,0.438547,-6.597615,90.336586,11.506126,0.10571,0.945227,-0.011527,0.308606,-5.297838,54.328896,2.523387,-0.008965,0.955573,0.00502,0.294574,-15.195973,7.582906,0.445107,-0.052566,0.922633,-0.065443,0.376433,6.136453,90.792465,25.623709,0.017474,0.905606,-0.12558,0.404726,7.908837,54.181767,31.577564,-0.078656,0.877431,-0.069507,0.468079,1.533382,7.891879,41.779545,-0.008965,0.955573,0.00502,0.294574,-7.043252,1.615661,-11.368707,-0.078656,0.877431,-0.069507,0.468079,13.85629,1.157849,35.11322
906,7.55,-0.007469,0.913878,-0.014154,0.405674,-0.156173,90.539139,18.648012,-0.047507,0.913036,0.052336,0.401709,-0.173077,98.332375,18.399038,-0.03985,0.914245,0.021363,0.402631,-2.143487,113.47818,19.277119,0.059698,0.926486,-0.120415,0.351511,-3.816013,131.972015,19.406582,0.081361,0.921858,-0.264645,0.271148,0.273393,145.674072,15.359929,0.016109,0.9151,0.049168,0.399894,-6.283246,125.83165,16.934843,0.527451,-0.491306,0.15326,-0.675962,-18.590025,127.077568,3.71089,0.221297,-0.048472,-0.580072,-0.782429,-7.381195,109.78553,-8.26722,0.235314,0.006603,-0.61126,-0.755609,0.075184,130.286453,-15.960418,-0.174185,0.925704,0.075144,0.327239,-1.166813,126.255074,22.54808,0.35786,0.890671,0.095186,-0.263781,11.963823,131.203979,33.992584,-0.053177,0.295574,0.438706,-0.846963,26.377377,117.206535,21.16885,0.009928,0.183409,0.378984,-0.906992,16.507235,134.567062,10.992386,0.038458,0.889599,0.117494,0.439694,-6.534164,90.300125,11.599486,0.106593,0.945138,-0.011074,0.308594,-5.23827,54.301243,2.580931,-0.008967,0.955501,0.005329,0.294803,-15.201918,7.572192,0.435662,-0.052233,0.924119,-0.064636,0.372957,6.221818,90.778152,25.696537,0.018811,0.906688,-0.126092,0.402074,8.016359,54.157078,31.579494,-0.078746,0.87758,-0.06942,0.467797,1.535331,7.884148,41.79187,-0.008967,0.955501,0.005329,0.294803,-7.042497,1.613455,-11.377821,-0.078746,0.87758,-0.06942,0.467797,13.855026,1.152599,35.117107
907,7.558333,-0.007599,0.914033,-0.014371,0.405314,-0.123796,90.536072,18.739214,-0.046317,0.913345,0.052201,0.401161,-0.141284,98.329178,18.486341,-0.039877,0.914519,0.021828,0.401981,-2.074074,113.460938,19.375498,0.060481,0.927627,-0.118572,0.348985,-3.754369,131.953934,19.521521,0.080835,0.924824,-0.258568,0.267037,0.323211,145.671707,15.516405,0.016481,0.915601,0.049515,0.398687,-6.222531,125.8144,17.048655,0.526643,-0.492814,0.151586,-0.675873,-18.563795,127.07579,3.858344,0.219217,-0.048934,-0.580896,-0.782374,-7.401365,109.81945,-8.214173,0.236214,0.004382,-0.609388,-0.756855,0.007994,130.346786,-15.87578,-0.173707,0.926434,0.076814,0.325031,-1.09817,126.235733,22.654814,0.357772,0.889518,0.096132,-0.267422,12.090637,131.159576,34.043102,-0.052839,0.292431,0.439566,-0.847628,26.414978,117.214081,21.063753,0.010253,0.180899,0.379529,-0.907264,16.497427,134.605698,10.994886,0.03863,0.888957,0.118096,0.440814,-6.507309,90.293198,11.695819,0.107334,0.944908,-0.010722,0.309054,-5.191399,54.305832,2.634313,-0.008499,0.955412,0.004897,0.295114,-15.209765,7.591218,0.430364,-0.052511,0.925742,-0.063438,0.369079,6.259717,90.778938,25.782608,0.020374,0.907961,-0.126585,0.398958,8.131091,54.148628,31.583538,-0.08021,0.877516,-0.070187,0.467552,1.530837,7.893476,41.800095,-0.008499,0.955412,0.004897,0.295114,-7.04953,1.616688,-11.37458,-0.08021,0.877516,-0.070187,0.467552,13.859822,1.166043,35.138344
908,7.566667,-0.007992,0.914237,-0.014348,0.404848,-0.077271,90.520187,18.81826,-0.046233,0.913719,0.051987,0.400346,-0.100636,98.31321,18.563242,-0.039208,0.914968,0.02303,0.400957,-2.028442,113.451813,19.449549,0.060518,0.928881,-0.117742,0.345912,-3.703728,131.944778,19.648272,0.081045,0.927667,-0.252205,0.263168,0.348876,145.671219,15.647531,0.016456,0.915617,0.050984,0.398466,-6.179264,125.812386,17.165066,0.525305,-0.494388,0.15083,-0.675933,-18.526913,127.093765,3.982662,0.216643,-0.049753,-0.581343,-0.782707,-7.427656,109.853348,-8.170597,0.235497,0.00266,-0.608349,-0.757922,-0.045261,130.405792,-15.798843,-0.173186,0.927341,0.07907,0.322171,-1.041587,126.21769,22.760206,0.357565,0.888414,0.097311,-0.27092,12.220817,131.111374,34.075798,-0.052248,0.288703,0.440549,-0.848432,26.462469,117.224739,20.943233,0.011575,0.177797,0.379741,-0.907773,16.486715,134.652878,10.996344,0.038732,0.888502,0.118541,0.441601,-6.467849,90.27076,11.781505,0.108208,0.944825,-0.01037,0.309012,-5.135883,54.291798,2.689017,-0.007959,0.955322,0.004874,0.29542,-15.221985,7.594499,0.427774,-0.052542,0.927029,-0.062218,0.366039,6.313308,90.769615,25.855013,0.021641,0.908872,-0.127216,0.396611,8.239365,54.128159,31.566996,-0.080259,0.877585,-0.070282,0.467401,1.531681,7.89341,41.805904,-0.007959,0.955322,0.004874,0.29542,-7.060546,1.614748,-11.373692,-0.080259,0.877585,-0.070282,0.467401,13.858289,1.164034,35.141724
909,7.575,-0.008486,0.914512,-0.013913,0.404232,-0.026125,90.504303,18.893469,-0.045532,0.914088,0.051722,0.399618,-0.059439,98.297386,18.641558,-0.039027,0.915319,0.023783,0.400127,-1.962361,113.427689,19.529989,0.061235,0.930038,-0.116177,0.343194,-3.6425,131.919861,19.758501,0.080774,0.930526,-0.245915,0.259082,0.398526,145.659225,15.790529,0.017077,0.915916,0.052358,0.397573,-6.120934,125.790359,17.271082,0.52366,-0.496215,0.149675,-0.676127,-18.493587,127.110649,4.115996,0.214177,-0.049943,-0.581864,-0.782987,-7.464078,109.899223,-8.141412,0.235797,0.001406,-0.60774,-0.758321,-0.109854,130.483826,-15.716764,-0.173084,0.927977,0.081373,0.319811,-0.972934,126.189056,22.857201,0.357101,0.887312,0.097909,-0.274899,12.345598,131.063385,34.115074,-0.051979,0.285065,0.4413,-0.849289,26.499516,117.241455,20.820404,0.012938,0.175246,0.379615,-0.908303,16.461416,134.700409,10.998878,0.039192,0.887888,0.118627,0.442772,-6.426032,90.249756,11.86538,0.108937,0.944641,-0.009806,0.309337,-5.109517,54.274975,2.754125,-0.008157,0.955166,0.004908,0.295919,-15.243238,7.591739,0.416746,-0.052526,0.928235,-0.061094,0.363164,6.373783,90.758842,25.921556,0.022847,0.909554,-0.127871,0.394764,8.347043,54.106956,31.549942,-0.080332,0.877654,-0.070283,0.467258,1.530722,7.893336,41.812481,-0.008157,0.955166,0.004908,0.295919,-7.067071,1.61473,-11.375912,-0.080332,0.877654,-0.070283,0.467258,13.855809,1.164588,35.144852
910,7.583333,-0.008864,0.914616,-0.013836,0.40399,0.012155,90.49025,18.966335,-0.045307,0.914411,0.051361,0.398952,-0.027101,98.283264,18.713144,-0.03849,0.915707,0.02473,0.399233,-1.918615,113.414421,19.595602,0.061792,0.931092,-0.115,0.340625,-3.594299,131.906433,19.865957,0.080607,0.933153,-0.23951,0.255661,0.435609,145.655396,15.919946,0.01758,0.916211,0.053133,0.396769,-6.079138,125.782631,17.37089,0.522779,-0.497888,0.148013,-0.675945,-18.474283,127.12941,4.23968,0.212044,-0.050033,-0.582166,-0.783337,-7.500465,109.951996,-8.115041,0.235048,-3.2e-05,-0.607174,-0.759008,-0.16233,130.562729,-15.640608,-0.172466,0.92857,0.08315,0.317962,-0.919633,126.168648,22.947279,0.357131,0.88596,0.099419,-0.278656,12.449343,131.010895,34.159111,-0.051357,0.281173,0.442827,-0.849828,26.503107,117.248329,20.697655,0.015413,0.172884,0.379409,-0.908803,16.426891,134.759048,11.008731,0.039536,0.887312,0.118904,0.44382,-6.391338,90.229759,11.94173,0.109664,0.944505,-0.009434,0.309509,-5.077465,54.261875,2.802915,-0.00825,0.955031,0.004995,0.296348,-15.264599,7.593155,0.408508,-0.052757,0.9294,-0.059821,0.360354,6.415648,90.750732,25.99094,0.024128,0.910354,-0.128519,0.392627,8.456217,54.089226,31.531992,-0.080693,0.877683,-0.070561,0.467101,1.528354,7.897243,41.817234,-0.00825,0.955031,0.004995,0.296348,-7.076483,1.619388,-11.3775,-0.080693,0.877683,-0.070561,0.467101,13.853711,1.16711,35.151497
911,7.591667,-0.009245,0.914665,-0.013817,0.403871,0.046257,90.473518,19.037237,-0.044717,0.914778,0.050842,0.398242,0.001418,98.266441,18.781931,-0.038089,0.916134,0.025664,0.398233,-1.866341,113.398026,19.658461,0.063031,0.932107,-0.113827,0.338006,-3.541891,131.889435,19.968325,0.080048,0.935862,-0.233079,0.251851,0.495119,145.64447,16.050879,0.017699,0.916443,0.054247,0.396076,-6.032215,125.770393,17.46707,0.521566,-0.499703,0.146185,-0.675941,-18.447102,127.135895,4.356462,0.209555,-0.049966,-0.58252,-0.783748,-7.533961,110.001076,-8.110629,0.233876,-0.000805,-0.60643,-0.759963,-0.214832,130.641434,-15.570873,-0.172283,0.929165,0.084495,0.315962,-0.860102,126.145782,23.032492,0.35711,0.884723,0.100389,-0.28224,12.557083,130.976196,34.191711,-0.050212,0.277162,0.443869,-0.850671,26.515711,117.265594,20.579105,0.017868,0.169803,0.378919,-0.909543,16.382414,134.805969,11.013908,0.039777,0.88691,0.119251,0.444509,-6.358929,90.206589,12.014421,0.110381,0.944424,-0.009119,0.309508,-5.042171,54.246265,2.846327,-0.008547,0.954913,0.005096,0.29672,-15.283905,7.592079,0.402132,-0.053059,0.930123,-0.058493,0.358658,6.451443,90.740456,26.060053,0.025212,0.9108,-0.129167,0.39131,8.558628,54.069649,31.513947,-0.07921,0.877784,-0.069453,0.467329,1.527247,7.898775,41.823673,-0.008547,0.954913,0.005096,0.29672,-7.082829,1.623718,-11.377602,-0.07921,0.877784,-0.069453,0.467329,13.844408,1.172086,35.139339
912,7.6,-0.009526,0.914756,-0.013661,0.403663,0.075577,90.455643,19.104204,-0.044324,0.915113,0.050367,0.397577,0.025687,98.248543,18.849367,-0.037575,0.916524,0.026509,0.397328,-1.824349,113.379227,19.718632,0.063289,0.933254,-0.112176,0.335333,-3.494546,131.870453,20.066504,0.080322,0.938295,-0.227007,0.248233,0.518675,145.641205,16.179968,0.01781,0.916484,0.055479,0.395806,-5.991574,125.756706,17.55895,0.519734,-0.501358,0.145,-0.676381,-18.414063,127.143051,4.457733,0.206846,-0.049948,-0.582765,-0.784286,-7.563452,110.046005,-8.115344,0.232469,-0.001082,-0.606313,-0.760487,-0.256586,130.718735,-15.506426,-0.172149,0.929598,0.08662,0.314181,-0.807918,126.120399,23.114403,0.356964,0.88343,0.1007,-0.286335,12.651582,130.930298,34.231453,-0.049183,0.273309,0.445168,-0.851298,26.504204,117.271713,20.45919,0.02118,0.166494,0.378272,-0.910353,16.330576,134.847778,11.018286,0.040316,0.886475,0.119452,0.445272,-6.332707,90.185059,12.084351,0.110813,0.944183,-0.008746,0.310101,-5.036754,54.231506,2.886763,-0.008746,0.954746,0.005264,0.297247,-15.304375,7.585814,0.389676,-0.053336,0.930676,-0.057074,0.357407,6.483862,90.726219,26.124058,0.026063,0.910936,-0.129866,0.390707,8.655451,54.045441,31.484747,-0.079403,0.877825,-0.069508,0.467212,1.530921,7.896045,41.826641,-0.008746,0.954746,0.005264,0.297247,-7.087452,1.623901,-11.382279,-0.079403,0.877825,-0.069508,0.467212,13.848099,1.170672,35.14101
913,7.608333,-0.009954,0.914816,-0.013648,0.403517,0.102571,90.435966,19.170847,-0.044075,0.915373,0.049993,0.397053,0.046451,98.228745,18.913513,-0.036914,0.916844,0.027336,0.396595,-1.790717,113.353859,19.776018,0.063563,0.934391,-0.110491,0.332663,-3.450321,131.845245,20.163136,0.08077,0.940647,-0.221163,0.24443,0.53946,145.631851,16.308743,0.018167,0.91641,0.056504,0.395817,-5.954898,125.737808,17.647785,0.517762,-0.502993,0.143867,-0.676921,-18.376621,127.150688,4.548684,0.20379,-0.050009,-0.582995,-0.784911,-7.588708,110.093224,-8.131655,0.230631,-0.001515,-0.605557,-0.761648,-0.293823,130.799683,-15.446859,-0.171432,0.930184,0.088233,0.312383,-0.761645,126.087776,23.195147,0.356552,0.882176,0.101667,-0.290345,12.747565,130.864548,34.266083,-0.048201,0.269066,0.446357,-0.852083,26.503975,117.277267,20.32786,0.024507,0.163105,0.37735,-0.911265,16.275656,134.891602,11.023083,0.040289,0.886159,0.120209,0.445701,-6.307799,90.158066,12.153188,0.111629,0.944078,-0.008675,0.310129,-4.980276,54.217815,2.90825,-0.00855,0.954605,0.00521,0.297707,-15.318396,7.589367,0.380089,-0.053585,0.931088,-0.055658,0.35652,6.512941,90.713867,26.188507,0.026838,0.91103,-0.13051,0.390219,8.744637,54.023193,31.456074,-0.079072,0.877927,-0.069309,0.467106,1.53436,7.893753,41.827522,-0.00855,0.954605,0.00521,0.297707,-7.092603,1.624367,-11.384102,-0.079072,0.877927,-0.069309,0.467106,13.846895,1.167521,35.13422
914,7.616667,-0.010292,0.91493,-0.013622,0.403251,0.121245,90.415642,19.232689,-0.04363,0.915649,0.049707,0.396501,0.060056,98.208328,18.973616,-0.036399,0.91715,0.028032,0.395885,-1.760118,113.330284,19.834396,0.0642,0.935451,-0.10833,0.330263,-3.412125,131.82164,20.254047,0.080877,0.942881,-0.215573,0.240753,0.561418,145.626801,16.449619,0.018289,0.91637,0.057686,0.395733,-5.92309,125.719215,17.73292,0.516019,-0.505105,0.142036,-0.677067,-18.347052,127.15287,4.638187,0.200919,-0.049539,-0.582902,-0.78575,-7.635648,110.143372,-8.170797,0.228421,-0.001477,-0.604858,-0.762868,-0.331774,130.885223,-15.394324,-0.171444,0.930619,0.090748,0.310354,-0.720692,126.058266,23.272388,0.356584,0.880865,0.102963,-0.293809,12.834146,130.816391,34.295494,-0.046277,0.264757,0.447559,-0.852908,26.493008,117.284981,20.207781,0.027846,0.158735,0.376782,-0.912175,16.212284,134.925354,11.023911,0.040288,0.886128,0.120728,0.445623,-6.293073,90.132103,12.218862,0.112203,0.944081,-0.008369,0.309922,-4.948924,54.201138,2.940263,-0.008758,0.954515,0.005305,0.297988,-15.329692,7.584488,0.369684,-0.053804,0.931492,-0.054435,0.355619,6.535563,90.699188,26.246515,0.027567,0.911233,-0.131009,0.389527,8.820035,54.000259,31.433313,-0.080189,0.877845,-0.07015,0.466945,1.535694,7.887116,41.825478,-0.008758,0.954515,0.005305,0.297988,-7.094244,1.623946,-11.390015,-0.080189,0.877845,-0.07015,0.466945,13.854562,1.158174,35.146557
915,7.625,-0.010771,0.914948,-0.013662,0.403198,0.145254,90.395279,19.29351,-0.043581,0.915884,0.04948,0.39599,0.077484,98.18779,19.030851,-0.03569,0.917468,0.028972,0.395144,-1.737513,113.305519,19.886618,0.065167,0.936393,-0.107188,0.327769,-3.378816,131.796783,20.350058,0.080632,0.945214,-0.209429,0.237084,0.5964,145.608597,16.571602,0.018498,0.916212,0.058747,0.395931,-5.897399,125.701309,17.819742,0.513794,-0.507203,0.140426,-0.677526,-18.315401,127.157425,4.721844,0.197889,-0.049197,-0.582604,-0.786761,-7.683558,110.19899,-8.220437,0.226176,-0.001227,-0.603821,-0.764358,-0.361441,130.968903,-15.349862,-0.170872,0.931167,0.091874,0.30869,-0.685314,126.025307,23.350998,0.356134,0.879684,0.103462,-0.297691,12.913898,130.760406,34.329262,-0.045058,0.260738,0.448596,-0.853667,26.478588,117.294083,20.089022,0.031455,0.154916,0.37547,-0.913255,16.145559,134.965485,11.028116,0.04044,0.886178,0.121116,0.445403,-6.269691,90.103111,12.280612,0.112787,0.944101,-0.008063,0.309656,-4.924802,54.180027,2.971661,-0.008783,0.954352,0.005672,0.298501,-15.349248,7.575455,0.359039,-0.054097,0.931559,-0.053149,0.355592,6.560199,90.687447,26.306408,0.028264,0.911243,-0.131525,0.389279,8.899278,53.980595,31.412151,-0.080144,0.877866,-0.070083,0.466923,1.538108,7.88413,41.824146,-0.008783,0.954352,0.005672,0.298501,-7.09964,1.625292,-11.395988,-0.080144,0.877866,-0.070083,0.466923,13.856393,1.155958,35.143379
916,7.633333,-0.010871,0.914946,-0.013733,0.403196,0.148595,90.376633,19.34898,-0.043436,0.916185,0.04899,0.395372,0.079828,98.169075,19.084681,-0.034679,0.917879,0.029902,0.394211,-1.723292,113.276985,19.929132,0.065886,0.937523,-0.104988,0.325095,-3.343285,131.76886,20.440739,0.080879,0.947361,-0.203944,0.233179,0.616546,145.598816,16.712847,0.018649,0.915923,0.060323,0.396356,-5.87402,125.682259,17.901176,0.511563,-0.509165,0.139021,-0.678032,-18.279633,127.16671,4.794723,0.194444,-0.04927,-0.582475,-0.78771,-7.724141,110.256409,-8.272428,0.223223,-0.001024,-0.601836,-0.766788,-0.394566,131.056946,-15.31346,-0.170327,0.931596,0.093992,0.307054,-0.649645,125.987206,23.421911,0.355617,0.878414,0.103513,-0.30201,12.992779,130.688492,34.361027,-0.043894,0.256556,0.449798,-0.854362,26.451529,117.287399,19.959627,0.035153,0.150253,0.374591,-0.914259,16.068211,134.999985,11.028024,0.040106,0.886232,0.121742,0.445155,-6.266338,90.082169,12.336167,0.113349,0.944388,-0.007779,0.308581,-4.881173,54.168381,2.997306,-0.008694,0.954302,0.005907,0.298659,-15.35027,7.575536,0.354274,-0.054598,0.931456,-0.051859,0.355976,6.563529,90.671097,26.36179,0.028821,0.911086,-0.131995,0.389447,8.969465,53.958237,31.3927,-0.080444,0.877884,-0.070124,0.466831,1.540601,7.876644,41.822414,-0.008694,0.954302,0.005907,0.298659,-7.097012,1.63104,-11.401055,-0.080444,0.877884,-0.070124,0.466831,13.860634,1.151869,35.141457
917,7.641667,-0.011355,0.915018,-0.013447,0.403029,0.162607,90.364304,19.400024,-0.043116,0.916441,0.048705,0.394848,0.085094,98.156708,19.136782,-0.03418,0.918177,0.030657,0.3935,-1.703341,113.250664,19.977335,0.065715,0.938629,-0.103034,0.322555,-3.316947,131.742126,20.523226,0.081864,0.949275,-0.198583,0.229653,0.606731,145.592087,16.831627,0.018921,0.915625,0.061155,0.396904,-5.853628,125.660622,17.977358,0.508846,-0.511284,0.137448,-0.678802,-18.243137,127.167084,4.858185,0.190911,-0.048918,-0.582076,-0.78889,-7.770017,110.317108,-8.352409,0.220738,-0.001015,-0.600179,-0.768804,-0.416464,131.148453,-15.285224,-0.170184,0.932006,0.095633,0.305378,-0.62021,125.954567,23.49012,0.354924,0.8775,0.104643,-0.305078,13.061152,130.641113,34.386848,-0.04276,0.252964,0.450277,-0.855237,26.454592,117.316101,19.854568,0.037724,0.146122,0.371725,-0.915995,16.012079,135.03894,11.031432,0.039522,0.886806,0.122204,0.443935,-6.254685,90.063652,12.389633,0.114021,0.944455,-0.007642,0.308131,-4.828566,54.15477,3.038059,-0.007466,0.954317,0.006897,0.298624,-15.354737,7.576337,0.367725,-0.054945,0.931497,-0.050918,0.355952,6.579898,90.664963,26.410416,0.029466,0.911143,-0.132325,0.389154,9.034935,53.947735,31.385443,-0.08026,0.877841,-0.069969,0.466968,1.541043,7.878086,41.821419,-0.007466,0.954317,0.006897,0.298624,-7.113136,1.648236,-11.404054,-0.08026,0.877841,-0.069969,0.466968,13.861934,1.154491,35.140846
918,7.65,-0.011743,0.915078,-0.013311,0.402887,0.170642,90.349457,19.45186,-0.043362,0.916706,0.048476,0.394233,0.086689,98.141777,19.188135,-0.033086,0.918559,0.031421,0.392641,-1.703965,113.224503,20.019924,0.06647,0.939632,-0.101229,0.320041,-3.290892,131.716934,20.609385,0.081953,0.95127,-0.193091,0.22602,0.62338,145.580597,16.959425,0.018905,0.915107,0.062473,0.397893,-5.841062,125.644531,18.05533,0.505607,-0.513298,0.136312,-0.679931,-18.202103,127.171265,4.911669,0.186787,-0.048896,-0.581707,-0.79015,-7.812502,110.381142,-8.440293,0.217324,-0.000434,-0.59791,-0.77154,-0.43686,131.248291,-15.262752,-0.170233,0.932428,0.097815,0.303366,-0.596249,125.919197,23.558247,0.354463,0.876451,0.105654,-0.308264,13.128864,130.592987,34.405319,-0.041901,0.249512,0.450887,-0.855972,26.444757,117.335739,19.740414,0.039758,0.142736,0.36977,-0.917233,15.94913,135.080719,11.025011,0.039078,0.88715,0.123043,0.443056,-6.248649,90.043106,12.443546,0.114725,0.944127,-0.00775,0.308872,-4.774677,54.146923,3.050792,-0.006948,0.954153,0.007207,0.299154,-15.364509,7.584038,0.361113,-0.055333,0.93151,-0.049989,0.35599,6.589933,90.655807,26.460176,0.030079,0.911255,-0.132642,0.388737,9.096307,53.934807,31.381443,-0.080309,0.877882,-0.069901,0.466891,1.542149,7.876682,41.824821,-0.006948,0.954153,0.007207,0.299154,-7.1148,1.660009,-11.407034,-0.080309,0.877882,-0.069901,0.466891,13.862649,1.155179,35.141426
919,7.658333,-0.012042,0.915115,-0.013248,0.402796,0.170815,90.333687,19.501228,-0.043444,0.91697,0.048117,0.393655,0.082178,98.125923,19.236536,-0.031837,0.918937,0.032022,0.391811,-1.703707,113.190437,20.057421,0.066755,0.940636,-0.099598,0.317534,-3.25623,131.684464,20.687004,0.082162,0.953182,-0.187425,0.222633,0.637723,145.562393,17.06971,0.01918,0.914702,0.064424,0.398499,-5.82226,125.621773,18.125742,0.502369,-0.515628,0.134957,-0.680837,-18.165451,127.186882,4.969823,0.18296,-0.048907,-0.580868,-0.79166,-7.872644,110.458252,-8.533449,0.214533,-0.000524,-0.595171,-0.774433,-0.45047,131.347855,-15.250792,-0.170141,0.932692,0.099241,0.30214,-0.566309,125.875999,23.619007,0.353807,0.875476,0.106322,-0.311542,13.186842,130.537033,34.436016,-0.041284,0.246705,0.451442,-0.856524,26.428011,117.350044,19.64068,0.041741,0.139591,0.367385,-0.918586,15.891245,135.117233,11.014361,0.038566,0.887553,0.124022,0.44202,-6.249741,90.022636,12.494278,0.115184,0.94382,-0.008102,0.30963,-4.720505,54.141457,3.053127,-0.006366,0.954083,0.007829,0.299372,-15.359436,7.589212,0.373138,-0.055616,0.931361,-0.049052,0.356465,6.591371,90.644745,26.508179,0.030467,0.911231,-0.132891,0.388677,9.139745,53.919174,31.373459,-0.079302,0.878001,-0.069414,0.466912,1.543354,7.869628,41.824043,-0.006366,0.954083,0.007829,0.299372,-7.108915,1.677194,-11.400479,-0.079302,0.878001,-0.069414,0.466912,13.854839,1.143882,35.128311
920,7.666667,-0.012045,0.915214,-0.013235,0.402571,0.166337,90.314636,19.542576,-0.043247,0.917303,0.047769,0.392942,0.077515,98.106873,19.278057,-0.031041,0.919346,0.03286,0.390845,-1.697222,113.165375,20.092613,0.067376,0.941646,-0.097547,0.315038,-3.234056,131.659241,20.763994,0.082299,0.955008,-0.18225,0.219026,0.645315,145.553513,17.193981,0.019275,0.914215,0.065851,0.399379,-5.810398,125.603867,18.19581,0.499138,-0.518038,0.133234,-0.681723,-18.128035,127.194473,5.01902,0.178779,-0.048942,-0.579964,-0.793275,-7.931947,110.538223,-8.646122,0.210854,-0.000653,-0.591867,-0.777968,-0.460024,131.45076,-15.249552,-0.1699,0.933025,0.101196,0.300596,-0.542187,125.842628,23.678013,0.353658,0.874288,0.108341,-0.314339,13.247614,130.481857,34.457676,-0.039923,0.243322,0.452184,-0.857164,26.410341,117.365562,19.530092,0.043874,0.136548,0.365305,-0.919773,15.829656,135.152634,11.000581,0.038097,0.887689,0.125187,0.441458,-6.257661,90.003662,12.538778,0.115518,0.943142,-0.008709,0.311548,-4.664882,54.141373,3.036571,-0.003814,0.953844,0.008844,0.300149,-15.346018,7.597473,0.379691,-0.055828,0.931318,-0.048376,0.356637,6.590333,90.62561,26.546371,0.030756,0.911233,-0.13305,0.388596,9.170489,53.896915,31.371117,-0.079326,0.878021,-0.069098,0.466918,1.544034,7.853097,41.825039,-0.003814,0.953844,0.008844,0.300149,-7.102223,1.691182,-11.401508,-0.079326,0.878021,-0.069098,0.466918,13.857365,1.135077,35.12495
921,7.675,-0.012349,0.9153,-0.012939,0.402376,0.165787,90.301094,19.58143,-0.043028,0.917515,0.047521,0.392499,0.070705,98.093338,19.319258,-0.030363,0.919597,0.03356,0.390248,-1.69409,113.148628,20.130154,0.068513,0.942524,-0.095447,0.312801,-3.217489,131.642319,20.836281,0.082204,0.956821,-0.177198,0.21526,0.662596,145.550385,17.321228,0.019374,0.91369,0.067493,0.4003,-5.801469,125.593208,18.260983,0.495847,-0.520452,0.13146,-0.68263,-18.092293,127.21273,5.062696,0.174566,-0.049059,-0.579057,-0.794866,-7.993324,110.632668,-8.766253,0.20754,-0.001074,-0.587712,-0.781998,-0.473308,131.563034,-15.256962,-0.16944,0.933365,0.102617,0.299317,-0.525532,125.818756,23.736309,0.35293,0.873469,0.109289,-0.317095,13.297728,130.433777,34.483452,-0.038916,0.240492,0.452591,-0.857794,26.402039,117.390182,19.441217,0.046846,0.134019,0.362531,-0.921095,15.777334,135.188446,10.994488,0.03763,0.888043,0.126222,0.440491,-6.261048,89.987122,12.580373,0.115791,0.942404,-0.009401,0.313654,-4.613561,54.141541,3.024588,-0.001238,0.953678,0.010337,0.300651,-15.333661,7.604876,0.397983,-0.055816,0.931162,-0.047867,0.357115,6.592622,90.615067,26.582491,0.030855,0.911101,-0.13311,0.388875,9.183092,53.882629,31.373146,-0.079057,0.878062,-0.068598,0.466959,1.542628,7.840934,41.826195,-0.001238,0.953678,0.010337,0.300651,-7.101798,1.717321,-11.400925,-0.079057,0.878062,-0.068598,0.466959,13.855855,1.13048,35.11834
922,7.683333,-0.012635,0.915353,-0.0126,0.402258,0.161783,90.291328,19.61359,-0.042791,0.917731,0.047468,0.392027,0.06046,98.083588,19.354475,-0.029616,0.91987,0.034373,0.38959,-1.69546,113.129044,20.167093,0.0677,0.943455,-0.095256,0.310219,-3.204589,131.622345,20.912889,0.083136,0.958506,-0.171202,0.21224,0.637923,145.536728,17.381622,0.019609,0.912999,0.069363,0.401543,-5.796806,125.580284,18.329325,0.491769,-0.522964,0.130241,-0.683893,-18.051186,127.237297,5.101836,0.169785,-0.049527,-0.577951,-0.796676,-8.061943,110.731361,-8.894451,0.203575,-0.001242,-0.583808,-0.785954,-0.483663,131.679794,-15.270491,-0.169546,0.933693,0.104438,0.297596,-0.512371,125.791023,23.797041,0.352307,0.872702,0.110577,-0.319444,13.346773,130.398438,34.501152,-0.037373,0.237424,0.452888,-0.85856,26.400757,117.425499,19.354406,0.050105,0.130884,0.359369,-0.922612,15.723178,135.227783,10.987134,0.03696,0.888482,0.12732,0.439344,-6.266733,89.974991,12.614183,0.116301,0.941577,-0.010224,0.315915,-4.551212,54.146362,3.006917,0.000627,0.95345,0.011488,0.301332,-15.335041,7.622573,0.4133,-0.055887,0.931076,-0.047523,0.357372,6.590299,90.607666,26.612997,0.030962,0.911021,-0.133098,0.389059,9.193542,53.873379,31.382496,-0.079391,0.878034,-0.068477,0.466973,1.542066,7.831997,41.828861,0.000627,0.95345,0.011488,0.301332,-7.103639,1.750538,-11.393661,-0.079391,0.878034,-0.068477,0.466973,13.859935,1.129565,35.12151
923,7.691667,-0.01286,0.915421,-0.012077,0.402111,0.157673,90.284882,19.640829,-0.04283,0.917895,0.047926,0.391582,0.049822,98.077255,19.387779,-0.028771,0.920122,0.034851,0.389015,-1.711292,113.113678,20.213074,0.068561,0.944234,-0.093848,0.308082,-3.198013,131.607574,20.988358,0.082987,0.960138,-0.166198,0.20887,0.644521,145.53067,17.49161,0.019688,0.912208,0.071218,0.403011,-5.80068,125.572372,18.399298,0.487712,-0.525731,0.128355,-0.685032,-18.012199,127.262184,5.136362,0.165182,-0.049411,-0.576572,-0.798648,-8.138035,110.84758,-9.047747,0.199678,-0.001164,-0.579995,-0.789768,-0.483588,131.814194,-15.291662,-0.169576,0.93404,0.106434,0.29578,-0.508686,125.768867,23.860233,0.351049,0.872231,0.110678,-0.322069,13.389129,130.364899,34.519009,-0.036212,0.234795,0.452841,-0.859357,26.405016,117.467567,19.275227,0.053336,0.127235,0.356696,-0.923978,15.669259,135.268707,10.976477,0.036274,0.889144,0.128193,0.437805,-6.272974,89.968643,12.64337,0.116738,0.9409,-0.010869,0.317743,-4.500123,54.152847,2.998734,0.002311,0.953197,0.012617,0.302076,-15.337149,7.6401,0.428886,-0.055879,0.93109,-0.047394,0.357355,6.58832,90.60112,26.638287,0.030997,0.910902,-0.132988,0.389373,9.19454,53.865856,31.398661,-0.079739,0.877991,-0.068273,0.467025,1.540482,7.821894,41.831738,0.002311,0.953197,0.012617,0.302076,-7.102578,1.784554,-11.384053,-0.079739,0.877991,-0.068273,0.467025,13.864152,1.12974,35.124771
924,7.7,-0.012944,0.915445,-0.011724,0.402065,0.146544,90.282867,19.664145,-0.042459,0.918081,0.047475,0.391243,0.035268,98.07534,19.415621,-0.028001,0.920335,0.035974,0.388466,-1.709544,113.110687,20.233292,0.068938,0.944989,-0.092791,0.305995,-3.185665,131.603256,21.058924,0.083011,0.961636,-0.161176,0.205884,0.647136,145.534271,17.583096,0.019592,0.91151,0.073253,0.404227,-5.794807,125.576195,18.457443,0.483325,-0.528523,0.126753,-0.68629,-17.970911,127.295303,5.165753,0.160409,-0.049588,-0.575103,-0.800666,-8.217588,110.971001,-9.204945,0.195587,-0.00086,-0.575933,-0.793755,-0.484558,131.949402,-15.322338,-0.169515,0.934217,0.108063,0.294662,-0.495658,125.755653,23.912018,0.349892,0.871702,0.110883,-0.324679,13.426818,130.337631,34.544609,-0.034832,0.232359,0.452918,-0.860035,26.400856,117.51416,19.203161,0.056939,0.123522,0.353368,-0.925544,15.616814,135.314514,10.962818,0.035646,0.889593,0.129209,0.436644,-6.284769,89.96788,12.667246,0.117227,0.939907,-0.011887,0.320454,-4.449773,54.168152,2.974693,0.004674,0.9528,0.014184,0.303232,-15.353668,7.668564,0.450039,-0.055929,0.93099,-0.047294,0.35762,6.577857,90.597862,26.661045,0.030922,0.910738,-0.132835,0.389814,9.188796,53.862309,31.41655,-0.079496,0.878062,-0.067786,0.467005,1.541819,7.814017,41.835701,0.004674,0.9528,0.014184,0.303232,-7.111806,1.835693,-11.369031,-0.079496,0.878062,-0.067786,0.467005,13.864597,1.12934,35.119656
925,7.708333,-0.013055,0.915446,-0.011375,0.402067,0.135754,90.281715,19.683254,-0.042348,0.918176,0.047743,0.390999,0.020705,98.074272,19.439016,-0.027248,0.920487,0.03672,0.388089,-1.723675,113.106766,20.265766,0.069448,0.945791,-0.091596,0.303754,-3.18446,131.598862,21.128344,0.083268,0.963174,-0.156351,0.202278,0.640371,145.5383,17.677605,0.019599,0.910684,0.075272,0.405716,-5.800716,125.57888,18.517637,0.478627,-0.531288,0.125123,-0.687745,-17.933125,127.331223,5.190372,0.155279,-0.049994,-0.573528,-0.802779,-8.299952,111.10685,-9.373238,0.190944,-0.000707,-0.571696,-0.797937,-0.482178,132.099289,-15.364644,-0.169307,0.934533,0.109934,0.293084,-0.496477,125.74366,23.967726,0.348447,0.871331,0.111468,-0.32702,13.46213,130.30687,34.560951,-0.033044,0.229677,0.452637,-0.860974,26.411564,117.571129,19.125929,0.060573,0.119668,0.351642,-0.926476,15.559715,135.358658,10.941842,0.034923,0.890002,0.130121,0.435597,-6.295465,89.967461,12.686236,0.117718,0.939606,-0.012573,0.32113,-4.394334,54.181511,2.955638,0.007171,0.952448,0.015878,0.304203,-15.360847,7.694566,0.469651,-0.05586,0.930979,-0.047379,0.35765,6.566974,90.59597,26.680273,0.030831,0.910755,-0.132543,0.389882,9.170747,53.860439,31.439882,-0.080054,0.878024,-0.067845,0.466972,1.541664,7.804203,41.837029,0.007171,0.952448,0.015878,0.304203,-7.117142,1.886763,-11.360473,-0.080054,0.878024,-0.067845,0.466972,13.870043,1.126682,35.124142
926,7.716667,-0.012963,0.915412,-0.01108,0.402156,0.116443,90.283089,19.695183,-0.041892,0.918294,0.048155,0.39072,0.000873,98.075783,19.455715,-0.026538,0.920666,0.037406,0.387648,-1.734214,113.097382,20.299263,0.069816,0.946579,-0.090425,0.301557,-3.180174,131.589005,21.196199,0.083313,0.964644,-0.151647,0.198806,0.633375,145.537323,17.768917,0.019572,0.909781,0.077385,0.407342,-5.803674,125.575653,18.57753,0.473992,-0.53417,0.123159,-0.689076,-17.888229,127.362099,5.211377,0.150113,-0.050322,-0.571926,-0.804882,-8.378153,111.246574,-9.552613,0.186085,-0.0004,-0.567128,-0.802333,-0.475894,132.247116,-15.413194,-0.169554,0.934737,0.111668,0.291629,-0.493653,125.726761,24.022381,0.347223,0.870894,0.112439,-0.329146,13.492724,130.287079,34.580158,-0.031249,0.226957,0.452164,-0.86201,26.416224,117.635941,19.054098,0.063728,0.117055,0.350316,-0.927101,15.4885,135.405807,10.926476,0.033909,0.890632,0.130847,0.434171,-6.313467,89.972672,12.696791,0.118376,0.939579,-0.013072,0.320947,-4.337276,54.195618,2.94847,0.010076,0.951941,0.018229,0.305573,-15.37768,7.724756,0.489139,-0.055762,0.930942,-0.047534,0.357741,6.546354,90.593506,26.693573,0.030612,0.91077,-0.13222,0.389972,9.13876,53.858257,31.46159,-0.080014,0.878041,-0.067556,0.466987,1.539651,7.792544,41.83868,0.010076,0.951941,0.018229,0.305573,-7.124159,1.956573,-11.353516,-0.080014,0.878041,-0.067556,0.466987,13.869148,1.121161,35.12175
927,7.725,-0.012996,0.915305,-0.010625,0.402411,0.102698,90.285439,19.699707,-0.041846,0.918411,0.048442,0.390414,-0.016133,98.078278,19.466497,-0.025611,0.920892,0.038322,0.387084,-1.752675,113.096092,20.318949,0.070085,0.947393,-0.089282,0.299273,-3.179515,131.586945,21.261419,0.083505,0.966036,-0.147041,0.195399,0.619959,145.544357,17.855566,0.019416,0.908793,0.079862,0.409072,-5.812328,125.582314,18.632076,0.468954,-0.537045,0.121479,-0.690585,-17.845961,127.404465,5.224858,0.144756,-0.050897,-0.570164,-0.807074,-8.463119,111.399414,-9.739353,0.180843,0.000166,-0.56282,-0.806554,-0.468349,132.405746,-15.474002,-0.169756,0.934911,0.113596,0.290209,-0.494916,125.715446,24.070183,0.345795,0.870595,0.112964,-0.331255,13.518916,130.26915,34.594364,-0.029682,0.224491,0.451685,-0.862962,26.423204,117.701813,18.98447,0.066829,0.113818,0.348835,-0.927844,15.425563,135.454376,10.909576,0.03334,0.890706,0.131506,0.433864,-6.323298,89.977905,12.69759,0.118845,0.939532,-0.013926,0.320877,-4.291366,54.210842,2.924076,0.013644,0.95144,0.021404,0.306787,-15.39953,7.752827,0.527822,-0.055553,0.930831,-0.047751,0.358033,6.528694,90.592972,26.701822,0.030317,0.910698,-0.131871,0.390282,9.099421,53.857529,31.480047,-0.079868,0.877982,-0.067142,0.467184,1.535329,7.781282,41.83593,0.013644,0.95144,0.021404,0.306787,-7.143947,2.04158,-11.340966,-0.079868,0.877982,-0.067142,0.467184,13.868317,1.117925,35.117432
928,7.733333,-0.012926,0.915156,-0.010178,0.402763,0.087781,90.293137,19.696341,-0.041211,0.918441,0.048521,0.390401,-0.032764,98.086143,19.469894,-0.025096,0.920945,0.039495,0.386874,-1.752394,113.103394,20.332018,0.070392,0.948128,-0.08769,0.297335,-3.17823,131.591827,21.3223,0.083466,0.967327,-0.14295,0.192032,0.606471,145.56192,17.952213,0.019438,0.907852,0.082188,0.410698,-5.812592,125.593971,18.67907,0.463266,-0.540067,0.120217,-0.692286,-17.797945,127.455475,5.234061,0.138658,-0.051997,-0.568378,-0.809331,-8.555714,111.561096,-9.934229,0.175233,0.000425,-0.557348,-0.811577,-0.470002,132.572144,-15.543993,-0.170085,0.934964,0.11577,0.288984,-0.492313,125.713135,24.114697,0.344308,0.870316,0.113179,-0.333457,13.543159,130.260544,34.612728,-0.02828,0.222177,0.451152,-0.863886,26.426632,117.774811,18.920378,0.069535,0.110591,0.348248,-0.928255,15.36001,135.510208,10.895868,0.032594,0.890763,0.132081,0.433628,-6.332856,89.990204,12.689108,0.119493,0.939692,-0.014806,0.320126,-4.235461,54.230751,2.901602,0.016466,0.950997,0.025111,0.307738,-15.429683,7.78994,0.57334,-0.055312,0.930724,-0.048098,0.358301,6.508417,90.596062,26.703571,0.029894,0.910596,-0.131484,0.390683,9.051843,53.861099,31.500095,-0.080415,0.877967,-0.067238,0.467104,1.534288,7.772655,41.835583,0.016466,0.950997,0.025111,0.307738,-7.167449,2.157021,-11.32821,-0.080415,0.877967,-0.067238,0.467104,13.871789,1.115254,35.119457
929,7.741667,-0.013189,0.914982,-0.00949,0.403167,0.082334,90.303055,19.682125,-0.040504,0.918404,0.049415,0.390451,-0.046186,98.096161,19.463795,-0.024903,0.920946,0.040147,0.386817,-1.75704,113.115166,20.359186,0.070798,0.948816,-0.085961,0.295544,-3.185566,131.60202,21.374577,0.083571,0.968561,-0.139015,0.188626,0.586851,145.585327,18.045721,0.019351,0.906936,0.084549,0.412242,-5.819413,125.607338,18.72368,0.458554,-0.542947,0.117847,-0.693577,-17.758865,127.505196,5.242968,0.133429,-0.052914,-0.566514,-0.811455,-8.638427,111.74015,-10.132594,0.169102,0.001212,-0.553234,-0.815681,-0.458167,132.746262,-15.633136,-0.170202,0.935064,0.11777,0.287778,-0.498315,125.720001,24.158642,0.342624,0.870178,0.113508,-0.335432,13.560902,130.25621,34.629707,-0.027356,0.220282,0.45051,-0.864736,26.436523,117.858482,18.861332,0.071952,0.108149,0.347123,-0.92878,15.306857,135.573959,10.882624,0.032152,0.890722,0.132456,0.43363,-6.331985,90.000793,12.669082,0.119828,0.939771,-0.015807,0.319723,-4.193202,54.246593,2.871337,0.015048,0.950853,0.028482,0.307964,-15.448439,7.816371,0.627552,-0.054837,0.930601,-0.048716,0.358611,6.496653,90.605309,26.695168,0.029365,0.910553,-0.131032,0.390974,8.989148,53.870903,31.522612,-0.080206,0.877972,-0.06691,0.467179,1.531056,7.76813,41.837227,0.015048,0.950853,0.028482,0.307964,-7.151302,2.288839,-11.299099,-0.080206,0.877972,-0.06691,0.467179,13.868899,1.115372,35.117142
930,7.75,-0.012896,0.91475,-0.009045,0.403714,0.059916,90.323372,19.663492,-0.039576,0.918378,0.049913,0.390543,-0.067105,98.11673,19.453272,-0.024446,0.920951,0.041324,0.386709,-1.757132,113.127625,20.372782,0.070941,0.949451,-0.084902,0.293772,-3.186788,131.611771,21.435102,0.083334,0.969726,-0.135099,0.185567,0.571869,145.603729,18.127151,0.019125,0.905935,0.087009,0.41394,-5.820961,125.62355,18.76992,0.452935,-0.546192,0.115741,-0.695074,-17.709927,127.555344,5.249467,0.127581,-0.054055,-0.564495,-0.813724,-8.734534,111.927055,-10.349438,0.162977,0.00212,-0.548924,-0.819827,-0.451128,132.931259,-15.734789,-0.170275,0.935122,0.119598,0.286792,-0.498251,125.722954,24.203562,0.340898,0.869946,0.113646,-0.337739,13.580585,130.247238,34.653408,-0.026844,0.218366,0.449919,-0.865545,26.438416,117.93959,18.800169,0.074003,0.106133,0.34627,-0.92917,15.246348,135.6427,10.875998,0.031649,0.890328,0.132798,0.434372,-6.346153,90.029572,12.642553,0.120212,0.940154,-0.016764,0.318401,-4.154821,54.279709,2.840607,0.013426,0.950836,0.031213,0.307826,-15.476126,7.86128,0.68699,-0.054538,0.930368,-0.049226,0.35919,6.465985,90.617165,26.684431,0.028747,0.910372,-0.130584,0.391591,8.921224,53.884052,31.540657,-0.080368,0.877888,-0.066771,0.467328,1.5265,7.766628,41.835407,0.013426,0.950836,0.031213,0.307826,-7.153727,2.423546,-11.263314,-0.080368,0.877888,-0.066771,0.467328,13.869312,1.120097,35.118294
931,7.758333,-0.012599,0.914492,-0.008489,0.404318,0.042553,90.346588,19.637459,-0.038747,0.918351,0.050638,0.390596,-0.083605,98.140213,19.43696,-0.024159,0.920976,0.042409,0.386551,-1.758494,113.144363,20.385897,0.07077,0.950218,-0.083364,0.291767,-3.193686,131.625641,21.489655,0.083704,0.970854,-0.131454,0.182086,0.537592,145.631989,18.21175,0.018895,0.904855,0.089742,0.415725,-5.826963,125.642487,18.812248,0.448898,-0.549066,0.112659,-0.695935,-17.662609,127.612778,5.250634,0.122679,-0.0552,-0.562902,-0.815502,-8.80371,112.125587,-10.554235,0.156914,0.002805,-0.54448,-0.823961,-0.442963,133.121368,-15.84975,-0.170482,0.935159,0.12139,0.285792,-0.502184,125.73159,24.24404,0.339507,0.869596,0.11454,-0.339734,13.594823,130.248901,34.672379,-0.026041,0.216231,0.449446,-0.866351,26.433336,118.029892,18.735147,0.075664,0.103836,0.345815,-0.929465,15.180288,135.721008,10.869,0.031399,0.88984,0.132867,0.435367,-6.354379,90.062195,12.60781,0.120364,0.940091,-0.017843,0.318468,-4.133351,54.312534,2.811821,0.012556,0.950763,0.034134,0.307776,-15.500633,7.901192,0.749708,-0.054086,0.930007,-0.049796,0.360115,6.439486,90.630981,26.667109,0.027995,0.910165,-0.130129,0.392278,8.843403,53.898407,31.553015,-0.080437,0.877824,-0.066681,0.467449,1.523215,7.765553,41.83186,0.012556,0.950763,0.034134,0.307776,-7.158634,2.552347,-11.227016,-0.080437,0.877824,-0.066681,0.467449,13.869241,1.122602,35.117107
932,7.766667,-0.012331,0.914199,-0.007944,0.405,0.024786,90.370125,19.605425,-0.03777,0.918292,0.051405,0.39073,-0.100842,98.164001,19.414286,-0.023915,0.920958,0.043556,0.386482,-1.757452,113.164917,20.395657,0.071152,0.950858,-0.081603,0.290082,-3.200629,131.64296,21.542189,0.083494,0.971913,-0.128229,0.178804,0.518485,145.662476,18.307007,0.018737,0.903796,0.092543,0.417419,-5.831763,125.664818,18.851528,0.443374,-0.552317,0.110352,-0.697271,-17.616514,127.677071,5.251805,0.117106,-0.056549,-0.560782,-0.817687,-8.90382,112.335228,-10.774549,0.15125,0.00324,-0.540612,-0.827558,-0.437739,133.318939,-15.970771,-0.170785,0.935124,0.123369,0.284879,-0.505989,125.743797,24.282501,0.336535,0.869922,0.111177,-0.342957,13.606158,130.25473,34.693111,-0.027735,0.215657,0.448529,-0.866917,26.435575,118.116295,18.687136,0.077138,0.101952,0.344187,-0.930156,15.128735,135.80809,10.866645,0.031134,0.889272,0.133066,0.436486,-6.361774,90.094543,12.566,0.120711,0.939571,-0.018658,0.319824,-4.104388,54.347576,2.76848,0.013082,0.950293,0.036536,0.30893,-15.524117,7.947078,0.752477,-0.053719,0.929563,-0.050449,0.361222,6.411347,90.645706,26.64485,0.027249,0.909892,-0.129621,0.393131,8.766541,53.915058,31.56885,-0.080296,0.877768,-0.066635,0.467586,1.520526,7.76563,41.82584,0.013082,0.950293,0.036536,0.30893,-7.150008,2.660095,-11.22931,-0.080296,0.877768,-0.066635,0.467586,13.867408,1.122007,35.113323
933,7.775,-0.011921,0.913871,-0.007441,0.405763,0.005647,90.396172,19.564905,-0.036523,0.918179,0.052224,0.391006,-0.117163,98.190323,19.383427,-0.023819,0.920856,0.044838,0.386582,-1.748663,113.187195,20.401514,0.070929,0.951531,-0.080385,0.288265,-3.207015,131.661209,21.592989,0.083627,0.972971,-0.124766,0.175408,0.487078,145.692413,18.379883,0.01855,0.902611,0.095627,0.419292,-5.83279,125.687553,18.88719,0.437965,-0.555208,0.108197,-0.698731,-17.561043,127.745972,5.245599,0.111479,-0.058059,-0.559113,-0.819509,-8.978509,112.550316,-10.988916,0.146139,0.002948,-0.537049,-0.830791,-0.431893,133.529144,-16.093271,-0.171167,0.935063,0.125347,0.283985,-0.50813,125.75753,24.31938,0.335338,0.869557,0.112946,-0.344473,13.617695,130.264679,34.71307,-0.027083,0.213693,0.448083,-0.867654,26.435766,118.218803,18.628254,0.078062,0.099682,0.342414,-0.930979,15.073064,135.899521,10.863299,0.031234,0.888305,0.133139,0.438421,-6.369343,90.131561,12.51458,0.12067,0.93898,-0.01978,0.321504,-4.094864,54.386501,2.714061,0.012886,0.950062,0.038333,0.309429,-15.541562,7.98918,0.779621,-0.053351,0.929176,-0.051248,0.362158,6.380638,90.660782,26.615232,0.026519,0.909742,-0.129053,0.393715,8.683894,53.933239,31.586737,-0.080385,0.877677,-0.066783,0.467719,1.515897,7.766008,41.818398,0.012886,0.950062,0.038333,0.309429,-7.146073,2.753819,-11.209869,-0.080385,0.877677,-0.066783,0.467719,13.865336,1.12077,35.11219
934,7.783333,-0.011461,0.913526,-0.006953,0.40656,-0.013744,90.42334,19.515497,-0.035318,0.918036,0.053234,0.391318,-0.13293,98.217766,19.343788,-0.023744,0.920736,0.046015,0.386736,-1.742926,113.210938,20.403387,0.070435,0.952312,-0.078331,0.286366,-3.215792,131.681107,21.635862,0.084087,0.973971,-0.121839,0.171657,0.438931,145.732224,18.465048,0.018254,0.901321,0.098573,0.421392,-5.836149,125.711525,18.915838,0.432734,-0.558497,0.10557,-0.69977,-17.500851,127.811661,5.226193,0.105605,-0.059205,-0.557464,-0.821326,-9.066161,112.768875,-11.226713,0.141194,0.00196,-0.532709,-0.834435,-0.439259,133.744781,-16.21966,-0.17163,0.93493,0.127402,0.283226,-0.51324,125.773392,24.349846,0.334185,0.869177,0.11419,-0.346138,13.622437,130.277771,34.731339,-0.026873,0.211913,0.447865,-0.868209,26.422474,118.315208,18.570173,0.078724,0.097234,0.340724,-0.931802,15.015676,135.996674,10.863722,0.031374,0.887632,0.132694,0.439906,-6.376627,90.170479,12.45381,0.120499,0.938007,-0.02076,0.324332,-4.109666,54.41729,2.681212,0.012024,0.949847,0.03977,0.309942,-15.565547,8.019817,0.80557,-0.05302,0.92881,-0.052225,0.363006,6.34914,90.676201,26.577187,0.025749,0.909596,-0.128439,0.394303,8.598563,53.953552,31.609137,-0.080396,0.877639,-0.066847,0.467779,1.513854,7.767346,41.81316,0.012024,0.949847,0.03977,0.309942,-7.142587,2.831708,-11.185196,-0.080396,0.877639,-0.066847,0.467779,13.864127,1.120998,35.109573
935,7.791667,-0.011074,0.913155,-0.006246,0.407413,-0.031502,90.449837,19.458914,-0.033873,0.917871,0.054273,0.391687,-0.149515,98.244545,19.299612,-0.023869,0.920576,0.047196,0.386967,-1.731841,113.234421,20.404253,0.070349,0.952904,-0.077165,0.284728,-3.226211,131.700287,21.674826,0.084014,0.97497,-0.118471,0.168346,0.408779,145.761688,18.527006,0.017971,0.900093,0.101205,0.423401,-5.838446,125.733482,18.940929,0.427882,-0.561261,0.102772,-0.700958,-17.442066,127.871109,5.20526,0.099484,-0.060954,-0.55615,-0.822852,-9.127117,112.98864,-11.453101,0.135415,-6e-05,-0.528774,-0.837891,-0.443359,133.959229,-16.351759,-0.172104,0.934791,0.129495,0.282449,-0.518348,125.789932,24.377743,0.332683,0.868916,0.115107,-0.347933,13.627352,130.291656,34.746716,-0.027086,0.210331,0.447549,-0.86875,26.415735,118.420471,18.509121,0.079374,0.094768,0.338199,-0.93292,14.964612,136.103302,10.861861,0.031675,0.886772,0.132236,0.441754,-6.381334,90.209129,12.385068,0.120314,0.937431,-0.021687,0.326001,-4.128993,54.448341,2.636935,0.011839,0.949553,0.040663,0.310733,-15.593874,8.050383,0.829726,-0.052685,0.928334,-0.053371,0.364105,6.318331,90.690544,26.532761,0.024908,0.909434,-0.127759,0.394953,8.507533,53.974255,31.637114,-0.079883,0.877671,-0.066617,0.467841,1.514074,7.767305,41.81012,0.011839,0.949553,0.040663,0.310733,-7.14598,2.88835,-11.154745,-0.079883,0.877671,-0.066617,0.467841,13.860548,1.11855,35.101933
936,7.8,-0.010543,0.912764,-0.005697,0.408311,-0.055762,90.478203,19.394716,-0.032394,0.91765,0.055479,0.392161,-0.169562,98.273193,19.246489,-0.023916,0.920359,0.048367,0.387334,-1.725249,113.257614,20.400927,0.070459,0.953436,-0.075556,0.28335,-3.238495,131.719238,21.710144,0.08372,0.975879,-0.115582,0.165202,0.38012,145.79335,18.600481,0.017712,0.898782,0.104448,0.425403,-5.842793,125.755821,18.961313,0.422741,-0.564555,0.099682,-0.701877,-17.385187,127.941452,5.181682,0.093789,-0.061627,-0.554653,-0.824479,-9.217201,113.22905,-11.698975,0.131249,-0.001603,-0.526245,-0.840142,-0.457272,134.204132,-16.475891,-0.172348,0.9347,0.131497,0.281676,-0.527049,125.805679,24.402451,0.33106,0.868655,0.116025,-0.349824,13.631389,130.298279,34.757996,-0.027532,0.208397,0.447227,-0.869368,26.408255,118.524132,18.440876,0.079758,0.091913,0.336024,-0.933959,14.906892,136.210098,10.871077,0.031831,0.886033,0.131595,0.443413,-6.39188,90.250946,12.308139,0.120111,0.936785,-0.02241,0.327881,-4.152836,54.478329,2.600423,0.011273,0.949282,0.041119,0.311523,-15.618656,8.078742,0.841451,-0.052475,0.927858,-0.0545,0.365179,6.280356,90.705467,26.481295,0.024046,0.909139,-0.127149,0.39588,8.418347,53.996582,31.66007,-0.080058,0.877602,-0.066671,0.467933,1.512347,7.770723,41.806873,0.011273,0.949282,0.041119,0.311523,-7.143454,2.933778,-11.131075,-0.080058,0.877602,-0.066671,0.467933,13.862103,1.123728,35.102985
937,7.808333,-0.010047,0.912343,-0.005282,0.40927,-0.079185,90.502075,19.332064,-0.031054,0.917424,0.056505,0.392651,-0.188416,98.297295,19.192795,-0.023656,0.920151,0.049733,0.387672,-1.719531,113.279106,20.390606,0.070558,0.954154,-0.07333,0.281485,-3.244021,131.736206,21.74958,0.083558,0.976897,-0.112975,0.161022,0.350818,145.827942,18.692612,0.017434,0.897512,0.107216,0.427404,-5.843075,125.778938,18.98254,0.417441,-0.567486,0.096715,-0.7031,-17.324043,128.005142,5.158162,0.0876,-0.063,-0.553293,-0.825969,-9.286445,113.470688,-11.937852,0.125776,-0.003318,-0.524288,-0.842195,-0.465211,134.442444,-16.606354,-0.17283,0.934454,0.13356,0.281223,-0.53113,125.816772,24.427483,0.329789,0.86829,0.118063,-0.351245,13.630515,130.305313,34.780399,-0.0275,0.206449,0.447029,-0.869935,26.399908,118.631508,18.385515,0.080126,0.089214,0.333827,-0.934976,14.854246,136.31868,10.885336,0.032035,0.885189,0.130844,0.445301,-6.400595,90.286644,12.231995,0.11997,0.936237,-0.022879,0.32946,-4.17937,54.500359,2.570675,0.01064,0.948912,0.041163,0.312663,-15.644392,8.099556,0.838811,-0.052252,0.927284,-0.055698,0.366485,6.242225,90.717499,26.432133,0.023203,0.908941,-0.126484,0.396599,8.324713,54.016685,31.690132,-0.080126,0.877559,-0.066584,0.468014,1.508926,7.77089,41.807056,0.01064,0.948912,0.041163,0.312663,-7.134107,2.960508,-11.11135,-0.080126,0.877559,-0.066584,0.468014,13.861203,1.127232,35.104504
938,7.816667,-0.009607,0.911888,-0.005007,0.410296,-0.104455,90.522293,19.267242,-0.029725,0.917173,0.057424,0.393208,-0.209034,98.317688,19.134581,-0.023585,0.919905,0.051077,0.388084,-1.714741,113.296494,20.372503,0.070858,0.954653,-0.071819,0.280105,-3.256708,131.748703,21.777601,0.082978,0.977795,-0.110179,0.157772,0.327996,145.851059,18.757895,0.017307,0.896114,0.11021,0.429574,-5.848078,125.796272,18.992966,0.412506,-0.569968,0.094098,-0.704359,-17.26186,128.072464,5.121173,0.081408,-0.064792,-0.552321,-0.827113,-9.335022,113.704788,-12.166468,0.119956,-0.005425,-0.523202,-0.843707,-0.472645,134.68428,-16.745316,-0.173222,0.934165,0.135886,0.280831,-0.540942,125.824783,24.442656,0.328243,0.867979,0.120249,-0.352718,13.623783,130.303009,34.795826,-0.027672,0.204251,0.446629,-0.870654,26.392246,118.743111,18.319715,0.080179,0.086503,0.332245,-0.935789,14.790333,136.427582,10.901773,0.032135,0.884492,0.130038,0.446914,-6.410034,90.31662,12.15282,0.119912,0.935837,-0.023197,0.330593,-4.2048,54.515202,2.544072,0.009673,0.948525,0.040823,0.313912,-15.67262,8.114481,0.828605,-0.052088,0.926755,-0.056939,0.367654,6.201123,90.727959,26.381666,0.022526,0.909076,-0.125778,0.396552,8.231522,54.036259,31.722965,-0.080169,0.877532,-0.066535,0.468064,1.50164,7.770455,41.805847,0.009673,0.948525,0.040823,0.313912,-7.12252,2.97348,-11.092261,-0.080169,0.877532,-0.066535,0.468064,13.855463,1.128758,35.104202
939,7.825,-0.009075,0.911474,-0.004687,0.411231,-0.132113,90.536324,19.185064,-0.028451,0.916885,0.058506,0.393815,-0.231043,98.331924,19.060247,-0.023355,0.919618,0.052439,0.388597,-1.714946,113.307396,20.342108,0.071159,0.955148,-0.069741,0.278863,-3.269424,131.754761,21.796041,0.082426,0.978619,-0.107778,0.154583,0.301556,145.871948,18.829918,0.017884,0.895495,0.111953,0.430391,-5.854241,125.808456,18.992325,0.407975,-0.572171,0.090671,-0.705659,-17.241838,128.133408,5.107102,0.076274,-0.06626,-0.551068,-0.828321,-9.404802,113.955391,-12.376958,0.114709,-0.006846,-0.522584,-0.844808,-0.487657,134.926788,-16.879501,-0.173568,0.933865,0.137758,0.280702,-0.553004,125.825188,24.447803,0.326502,0.867844,0.121668,-0.354175,13.609984,130.294861,34.807049,-0.028538,0.202701,0.446135,-0.871241,26.383722,118.841423,18.260822,0.079556,0.083912,0.329936,-0.936895,14.734784,136.522751,10.915367,0.032222,0.883779,0.1291,0.448587,-6.423274,90.342361,12.057559,0.119652,0.935374,-0.023545,0.33197,-4.237196,54.523289,2.510391,0.00827,0.948374,0.039955,0.314519,-15.690544,8.118164,0.817512,-0.052027,0.926198,-0.058303,0.36885,6.159048,90.730278,26.312572,0.021752,0.908997,-0.125125,0.396983,8.14068,54.04977,31.748236,-0.080387,0.877461,-0.066608,0.46815,1.497868,7.765034,41.80191,0.00827,0.948374,0.039955,0.314519,-7.113829,2.964729,-11.078843,-0.080387,0.877461,-0.066608,0.46815,13.855267,1.125322,35.104893
940,7.833333,-0.008976,0.91097,-0.004492,0.41235,-0.143149,90.538826,19.105282,-0.027508,0.916486,0.059743,0.394623,-0.241781,98.33448,18.983751,-0.023236,0.919232,0.053814,0.389328,-1.7161,113.314285,20.310316,0.070815,0.955697,-0.068275,0.27743,-3.287483,131.756424,21.811556,0.082364,0.97947,-0.104915,0.151154,0.255886,145.886963,18.875984,0.018024,0.894122,0.115034,0.432422,-5.863184,125.815666,18.987757,0.40326,-0.574486,0.087992,-0.706827,-17.187122,128.20076,5.060739,0.070803,-0.067596,-0.550282,-0.829221,-9.453804,114.192093,-12.605059,0.109754,-0.00799,-0.523282,-0.845024,-0.502656,135.173553,-17.020233,-0.173726,0.933541,0.140036,0.280554,-0.570524,125.821861,24.451576,0.324509,0.867697,0.123449,-0.355748,13.593486,130.2724,34.817654,-0.029188,0.200651,0.445771,-0.871881,26.375828,118.943024,18.192844,0.079517,0.080669,0.329149,-0.93746,14.67247,136.630325,10.932471,0.03248,0.883205,0.128271,0.449934,-6.416813,90.348091,11.962286,0.119441,0.934933,-0.023933,0.333258,-4.261065,54.51442,2.463151,0.006866,0.948294,0.038658,0.314955,-15.70579,8.106243,0.796023,-0.051743,0.92564,-0.059609,0.37008,6.130516,90.729561,26.24828,0.020918,0.908838,-0.12453,0.397578,8.049268,54.058311,31.768332,-0.080428,0.877447,-0.066516,0.468181,1.494814,7.755968,41.798878,0.006866,0.948294,0.038658,0.314955,-7.108196,2.92863,-11.074733,-0.080428,0.877447,-0.066516,0.468181,13.853624,1.119132,35.101612
941,7.841667,-0.008561,0.910491,-0.004367,0.413416,-0.174566,90.543892,19.020916,-0.026397,0.91612,0.060724,0.395398,-0.267961,98.339676,18.903711,-0.022918,0.918865,0.055241,0.390013,-1.72451,113.319359,20.269573,0.070685,0.956183,-0.066392,0.276242,-3.306774,131.756271,21.822756,0.082094,0.980215,-0.102484,0.148107,0.212957,145.902008,18.932278,0.018134,0.892781,0.117696,0.434467,-5.87559,125.822639,18.977789,0.39896,-0.576769,0.084923,-0.707783,-17.135191,128.260803,5.007866,0.065723,-0.06853,-0.549611,-0.830007,-9.501872,114.426041,-12.837551,0.105299,-0.009043,-0.523794,-0.845263,-0.521413,135.416916,-17.159712,-0.17405,0.933203,0.142355,0.280309,-0.590822,125.815247,24.449236,0.322459,0.867669,0.125006,-0.357132,13.574081,130.252319,34.819859,-0.030629,0.198914,0.444975,-0.872635,26.372576,119.042793,18.126387,0.078184,0.078912,0.328001,-0.938124,14.605698,136.725647,10.954473,0.032529,0.882451,0.127465,0.451636,-6.431629,90.36132,11.86316,0.119167,0.934456,-0.024125,0.334678,-4.288037,54.512585,2.418272,0.006005,0.948198,0.036548,0.315514,-15.712203,8.099031,0.759711,-0.051569,0.924988,-0.060869,0.371529,6.082496,90.726456,26.178669,0.019985,0.908784,-0.123949,0.397932,7.945555,54.065144,31.783119,-0.080526,0.877391,-0.066304,0.468299,1.490291,7.745311,41.797253,0.006005,0.948198,0.036548,0.315514,-7.09953,2.869783,-11.07743,-0.080526,0.877391,-0.066304,0.468299,13.853142,1.115321,35.100666
942,7.85,-0.008304,0.910039,-0.004062,0.41442,-0.199863,90.549484,18.925554,-0.025779,0.91562,0.061825,0.396425,-0.291452,98.345375,18.814241,-0.022313,0.918353,0.056804,0.391028,-1.745739,113.323608,20.216389,0.070825,0.956636,-0.064362,0.275115,-3.331699,131.755035,21.829786,0.081911,0.98096,-0.100206,0.144797,0.171156,145.915405,18.991066,0.018441,0.891315,0.120467,0.436699,-5.894335,125.8312,18.958916,0.394169,-0.57865,0.082971,-0.709162,-17.083126,128.331665,4.943184,0.060664,-0.069516,-0.54918,-0.830596,-9.537809,114.653656,-13.059799,0.101516,-0.009702,-0.525394,-0.844726,-0.539166,135.662079,-17.292612,-0.174099,0.932829,0.144674,0.280338,-0.621206,125.805008,24.441528,0.320189,0.867745,0.1267,-0.358392,13.542493,130.217712,34.8242,-0.032554,0.197667,0.444302,-0.873192,26.367584,119.13736,18.065012,0.076529,0.077138,0.326221,-0.939028,14.550954,136.821365,10.973949,0.032629,0.881736,0.126584,0.45327,-6.441214,90.373756,11.753924,0.118807,0.93407,-0.024166,0.335879,-4.316678,54.508865,2.366212,0.006075,0.948139,0.033736,0.316004,-15.708391,8.087313,0.70832,-0.051398,0.924153,-0.062115,0.373418,6.041489,90.725204,26.097185,0.018935,0.90842,-0.12352,0.398946,7.846533,54.073967,31.785881,-0.080571,0.87739,-0.0661,0.468322,1.487488,7.740089,41.796616,0.006075,0.948139,0.033736,0.316004,-7.095003,2.778805,-11.092967,-0.080571,0.87739,-0.0661,0.468322,13.852176,1.115619,35.097958
943,7.858333,-0.008159,0.909555,-0.003609,0.415487,-0.230553,90.554359,18.825617,-0.025164,0.915317,0.062276,0.397093,-0.322894,98.350349,18.721563,-0.02144,0.918069,0.058577,0.391481,-1.765901,113.320648,20.141794,0.071148,0.957129,-0.061599,0.273948,-3.348613,131.74588,21.827339,0.081253,0.981647,-0.098296,0.141793,0.136796,145.92511,19.062073,0.018804,0.889997,0.12325,0.438591,-5.910225,125.834229,18.930607,0.390703,-0.580484,0.080009,-0.709921,-17.038548,128.397949,4.878215,0.056479,-0.069989,-0.548994,-0.830973,-9.57153,114.878639,-13.27665,0.098109,-0.010352,-0.526851,-0.844213,-0.566389,135.902176,-17.421709,-0.174253,0.932369,0.146753,0.28069,-0.64192,125.784805,24.417692,0.317916,0.867832,0.128365,-0.359609,13.512691,130.176788,34.821507,-0.034663,0.196331,0.443604,-0.873766,26.365257,119.225052,17.99896,0.074738,0.075856,0.325176,-0.939639,14.495137,136.912888,10.994817,0.032904,0.880901,0.125718,0.455111,-6.455102,90.384712,11.639252,0.118228,0.933583,-0.02416,0.337432,-4.358482,54.504944,2.30227,0.00607,0.948132,0.030104,0.31639,-15.696345,8.07023,0.643735,-0.05152,0.923347,-0.063324,0.375189,5.993996,90.723999,26.01198,0.018042,0.90803,-0.123125,0.399996,7.762487,54.084946,31.789974,-0.080959,0.877324,-0.066198,0.468366,1.484391,7.738596,41.794056,0.00607,0.948132,0.030104,0.31639,-7.087182,2.660584,-11.114632,-0.080959,0.877324,-0.066198,0.468366,13.853773,1.118009,35.100231
944,7.866667,-0.007999,0.909208,-0.003373,0.416253,-0.260758,90.561829,18.735029,-0.024525,0.915,0.062667,0.397801,-0.35228,98.357887,18.635275,-0.020845,0.917707,0.060239,0.39211,-1.782106,113.314247,20.071564,0.07179,0.957472,-0.059478,0.273051,-3.369812,131.733093,21.821123,0.080433,0.982303,-0.096187,0.139138,0.11323,145.924408,19.115534,0.018905,0.888524,0.126111,0.440754,-5.926765,125.831474,18.899889,0.387144,-0.582145,0.077368,-0.710803,-16.986063,128.452759,4.80369,0.052583,-0.069952,-0.549172,-0.831114,-9.591308,115.087418,-13.494184,0.096188,-0.010816,-0.52847,-0.843416,-0.593439,136.137909,-17.539982,-0.174715,0.931812,0.149056,0.28104,-0.66557,125.763153,24.393589,0.316161,0.867804,0.129774,-0.360719,13.476084,130.141922,34.820568,-0.0368,0.195398,0.443345,-0.87402,26.343615,119.294266,17.942123,0.072756,0.07445,0.323699,-0.940416,14.445048,136.996826,11.013395,0.033219,0.880266,0.124976,0.456518,-6.473242,90.396812,11.538126,0.117352,0.933536,-0.023872,0.337888,-4.407664,54.504765,2.241503,0.006374,0.948406,0.025548,0.315963,-15.658468,8.048979,0.580272,-0.051459,0.922697,-0.064633,0.376571,5.951727,90.726852,25.931931,0.017175,0.907921,-0.122644,0.400429,7.670455,54.099773,31.800165,-0.08071,0.877283,-0.066033,0.468509,1.48124,7.739183,41.79364,0.006374,0.948406,0.025548,0.315963,-7.080486,2.51055,-11.140866,-0.08071,0.877283,-0.066033,0.468509,13.850901,1.119041,35.099895
945,7.875,-0.007837,0.908737,-0.003169,0.417284,-0.291751,90.556511,18.629765,-0.024346,0.914615,0.063431,0.398576,-0.382192,98.352631,18.533859,-0.019878,0.91736,0.061861,0.392721,-1.817258,113.304184,19.991873,0.072332,0.95781,-0.05733,0.27218,-3.396765,131.717148,21.809561,0.079873,0.982891,-0.094142,0.136684,0.081202,145.920975,19.163769,0.019231,0.887148,0.128532,0.442807,-5.953486,125.828125,18.86281,0.383528,-0.583496,0.075103,-0.711898,-16.946646,128.507141,4.725786,0.048922,-0.070037,-0.549382,-0.831192,-9.610472,115.290283,-13.703066,0.094215,-0.01071,-0.530788,-0.842184,-0.622543,136.365753,-17.66,-0.174784,0.931348,0.151258,0.281357,-0.698983,125.735939,24.362568,0.314216,0.867925,0.131436,-0.361523,13.435331,130.089981,34.809849,-0.039457,0.194828,0.442841,-0.874286,26.333609,119.354561,17.883154,0.070235,0.073823,0.320517,-0.941746,14.404325,137.066071,11.025954,0.033676,0.879273,0.124344,0.458567,-6.487947,90.395927,11.41873,0.116612,0.932786,-0.024006,0.340199,-4.452261,54.494453,2.151956,0.006714,0.948519,0.019213,0.316065,-15.638283,8.022726,0.499193,-0.051509,0.922123,-0.066016,0.377729,5.904446,90.717102,25.840801,0.016283,0.907761,-0.122203,0.400963,7.580029,54.103828,31.806835,-0.080783,0.877289,-0.065916,0.468501,1.479127,7.730043,41.793407,0.006714,0.948519,0.019213,0.316065,-7.08621,2.306439,-11.155304,-0.080783,0.877289,-0.065916,0.468501,13.850023,1.113722,35.098152
946,7.883333,-0.007936,0.90829,-0.003179,0.418253,-0.314738,90.540123,18.522198,-0.023999,0.914171,0.064196,0.399492,-0.406408,98.336212,18.425413,-0.019383,0.9169,0.063297,0.393588,-1.842865,113.288666,19.907539,0.072983,0.958086,-0.054707,0.271574,-3.428169,131.695663,21.779655,0.079286,0.983449,-0.092283,0.134259,0.045389,145.914352,19.209021,0.019736,0.885931,0.130952,0.444508,-5.978694,125.815521,18.8099,0.381097,-0.584687,0.072082,-0.712538,-16.916462,128.556793,4.641886,0.046161,-0.069222,-0.549837,-0.831118,-9.625448,115.486214,-13.908805,0.092995,-0.010536,-0.533124,-0.840845,-0.655721,136.587524,-17.76432,-0.17482,0.930835,0.15351,0.281813,-0.73427,125.706886,24.318964,0.312315,0.868129,0.133168,-0.362046,13.390297,130.033417,34.790821,-0.041968,0.194326,0.442297,-0.874557,26.327282,119.406769,17.825092,0.067918,0.073479,0.317832,-0.942852,14.367537,137.123489,11.033972,0.03412,0.879308,0.123402,0.458722,-6.495492,90.377762,11.297967,0.115976,0.931886,-0.023621,0.342899,-4.519603,54.461185,2.076864,0.008857,0.948235,0.012514,0.3172,-15.632433,7.973549,0.378433,-0.05148,0.921462,-0.067297,0.379116,5.866016,90.702484,25.746429,0.01538,0.907518,-0.121903,0.401639,7.494214,54.101681,31.801405,-0.080601,0.87732,-0.065627,0.468515,1.475779,7.718155,41.792767,0.008857,0.948235,0.012514,0.3172,-7.103827,2.054091,-11.191525,-0.080601,0.87732,-0.065627,0.468515,13.846148,1.105772,35.092659
947,7.891667,-0.007868,0.907872,-0.003075,0.419162,-0.352137,90.527306,18.410692,-0.023564,0.913837,0.06458,0.40022,-0.44343,98.323425,18.315737,-0.018398,0.91655,0.065086,0.394159,-1.872984,113.267502,19.811777,0.073516,0.958401,-0.052198,0.27081,-3.452063,131.667358,21.758001,0.078739,0.983962,-0.090529,0.132002,0.014118,145.900391,19.257742,0.020025,0.884723,0.133241,0.446219,-6.001893,125.800667,18.761141,0.378445,-0.585807,0.069306,-0.713307,-16.884064,128.595428,4.560794,0.043165,-0.068408,-0.550298,-0.831041,-9.636806,115.670334,-14.108607,0.091892,-0.01094,-0.536003,-0.839129,-0.68233,136.806046,-17.858036,-0.174852,0.930257,0.155536,0.282591,-0.763751,125.666916,24.275631,0.310608,0.868185,0.135157,-0.362642,13.344515,129.965775,34.780807,-0.043949,0.193727,0.441982,-0.874752,26.311611,119.447113,17.770828,0.065844,0.072596,0.316957,-0.943362,14.325483,137.176483,11.038251,0.034571,0.87893,0.122666,0.459609,-6.518449,90.366959,11.174083,0.115195,0.931558,-0.022768,0.344111,-4.587988,54.439247,1.986813,0.004977,0.948051,0.008513,0.317966,-15.602215,7.930547,0.223876,-0.051722,0.920824,-0.068492,0.380418,5.814174,90.687653,25.647303,0.014524,0.907324,-0.121644,0.402187,7.416247,54.100746,31.792578,-0.08046,0.877362,-0.065406,0.468492,1.475868,7.708749,41.791332,0.004977,0.948051,0.008513,0.317966,-7.026634,1.936112,-11.272528,-0.08046,0.877362,-0.065406,0.468492,13.845268,1.09925,35.086586
948,7.9,-0.007878,0.907489,-0.003154,0.419991,-0.393182,90.513733,18.304024,-0.022977,0.913495,0.064517,0.401045,-0.484018,98.309837,18.207792,-0.017781,0.916111,0.067003,0.394886,-1.896562,113.239922,19.706432,0.072963,0.958739,-0.050013,0.270174,-3.484187,131.631195,21.725357,0.079057,0.984358,-0.088443,0.130256,-0.052536,145.881851,19.278412,0.020409,0.883352,0.135815,0.448138,-6.027661,125.776054,18.700676,0.375339,-0.586449,0.067685,-0.714575,-16.847118,128.633133,4.464859,0.039576,-0.067964,-0.55139,-0.830532,-9.625152,115.834297,-14.301081,0.090464,-0.010714,-0.538054,-0.837974,-0.723802,137.01152,-17.94186,-0.174732,0.929643,0.157249,0.283736,-0.797902,125.62133,24.222567,0.308782,0.868341,0.137249,-0.363043,13.288391,129.888245,34.770161,-0.046046,0.193364,0.441668,-0.874883,26.295578,119.481682,17.721886,0.064062,0.072249,0.315727,-0.943924,14.28785,137.223022,11.041793,0.034983,0.87856,0.121719,0.460536,-6.54625,90.35257,11.05617,0.11441,0.930831,-0.023539,0.346281,-4.665672,54.409801,1.917601,-0.003619,0.94904,0.006656,0.315064,-15.632285,7.887289,0.223814,-0.051857,0.920046,-0.069495,0.382095,5.759886,90.674889,25.55188,0.013569,0.907035,-0.12146,0.402928,7.331141,54.099297,31.772051,-0.080575,0.877288,-0.06534,0.46862,1.472538,7.700455,41.787285,-0.003619,0.94904,0.006656,0.315064,-7.03494,1.919982,-11.270444,-0.080575,0.877288,-0.06534,0.46862,13.845667,1.094688,35.085743
949,7.908333,-0.008118,0.907165,-0.002898,0.420688,-0.422014,90.506424,18.190426,-0.02284,0.913146,0.064766,0.401805,-0.517848,98.302498,18.096172,-0.017041,0.915697,0.068807,0.395568,-1.928963,113.211571,19.600096,0.07391,0.958939,-0.04741,0.269678,-3.519372,131.594711,21.689775,0.078461,0.984813,-0.08681,0.128263,-0.083011,145.857361,19.320593,0.020836,0.882204,0.138203,0.449646,-6.058592,125.75164,18.638281,0.37327,-0.587142,0.065108,-0.715329,-16.828373,128.667816,4.376808,0.036827,-0.066805,-0.552296,-0.830151,-9.628873,115.999985,-14.486386,0.089239,-0.010514,-0.540683,-0.836414,-0.766163,137.214523,-18.01248,-0.174555,0.929035,0.159105,0.2848,-0.836639,125.574944,24.166897,0.307077,0.868494,0.139302,-0.363342,13.229987,129.806824,34.754784,-0.048107,0.193066,0.441366,-0.87499,26.276857,119.506111,17.672585,0.06245,0.072537,0.314675,-0.944361,14.249518,137.258606,11.042087,0.035182,0.878627,0.120353,0.460751,-6.563874,90.343185,10.933119,0.113916,0.931891,-0.023996,0.343551,-4.741229,54.376888,1.87571,-0.003659,0.949372,0.006595,0.314065,-15.684253,7.845652,0.271146,-0.05196,0.919423,-0.070728,0.383353,5.719847,90.669662,25.447733,0.012679,0.906749,-0.121288,0.403653,7.254169,54.1077,31.756618,-0.080488,0.877308,-0.065244,0.468611,1.471356,7.702625,41.786987,-0.003659,0.949372,0.006595,0.314065,-7.11083,1.877028,-11.240283,-0.080488,0.877308,-0.065244,0.468611,13.843775,1.097716,35.083298
950,7.916667,-0.008531,0.906673,-0.002527,0.42174,-0.455732,90.489037,18.064829,-0.023244,0.912777,0.064882,0.402602,-0.559729,98.285034,17.972996,-0.01563,0.915341,0.070801,0.396097,-1.983948,113.185867,19.473194,0.074389,0.95913,-0.04501,0.269275,-3.556822,131.560379,21.650166,0.078142,0.985149,-0.08519,0.126956,-0.126789,145.835831,19.349815,0.021453,0.881194,0.140099,0.451008,-6.099244,125.734856,18.567953,0.371849,-0.58798,0.061948,-0.715661,-16.823647,128.707748,4.284005,0.034525,-0.065047,-0.552693,-0.830125,-9.651934,116.1716,-14.677503,0.087353,-0.01007,-0.543424,-0.83484,-0.802061,137.403076,-18.075888,-0.174792,0.928298,0.161257,0.285843,-0.88297,125.525841,24.100798,0.30517,0.868921,0.141171,-0.363205,13.159095,129.732742,34.731148,-0.049699,0.192919,0.440781,-0.875229,26.266348,119.536186,17.632679,0.061267,0.072077,0.314147,-0.94465,14.215335,137.280945,11.037259,0.03504,0.879376,0.119072,0.459665,-6.580599,90.321678,10.793268,0.11302,0.932387,-0.023695,0.34252,-4.804121,54.331852,1.820541,-0.003438,0.949546,0.005544,0.313562,-15.660399,7.779789,0.230868,-0.052249,0.918867,-0.071922,0.384422,5.669136,90.656395,25.336388,0.011889,0.906513,-0.121202,0.40423,7.181325,54.109322,31.736206,-0.080845,0.87723,-0.065288,0.468689,1.463917,7.70041,41.786282,-0.003438,0.949546,0.005544,0.313562,-7.105605,1.78051,-11.278484,-0.080845,0.87723,-0.065288,0.468689,13.841495,1.100296,35.087402
951,7.925,-0.00865,0.9063,-0.002588,0.422538,-0.501108,90.478752,17.951244,-0.022762,0.91242,0.064788,0.403452,-0.606302,98.274712,17.857676,-0.014926,0.914886,0.072502,0.396868,-2.015452,113.154312,19.357622,0.074652,0.959264,-0.042166,0.269189,-3.591251,131.520569,21.601107,0.077926,0.985425,-0.08385,0.125838,-0.175575,145.812271,19.381771,0.021809,0.880101,0.142323,0.452427,-6.12887,125.706772,18.492903,0.369964,-0.587479,0.06109,-0.717121,-16.806292,128.733795,4.185146,0.031409,-0.064836,-0.55462,-0.828979,-9.601488,116.284302,-14.820851,0.08524,-0.009686,-0.545927,-0.833429,-0.84568,137.579849,-18.131844,-0.17452,0.92756,0.162969,0.287431,-0.921564,125.476768,24.03336,0.304322,0.868844,0.143026,-0.363375,13.090986,129.642792,34.718624,-0.051226,0.193,0.441262,-0.87488,26.216995,119.515778,17.59325,0.059866,0.071497,0.313772,-0.944908,14.180985,137.293976,11.026006,0.035051,0.879901,0.1183,0.458859,-6.613119,90.308884,10.668931,0.112204,0.933077,-0.023644,0.34091,-4.87218,54.305504,1.743737,-0.004228,0.949341,0.00553,0.314171,-15.657785,7.735631,0.195092,-0.052467,0.918107,-0.072885,0.386025,5.610904,90.648628,25.233559,0.010967,0.9063,-0.121074,0.404772,7.098851,54.113613,31.70751,-0.081035,0.87711,-0.06535,0.468872,1.460279,7.699713,41.779076,-0.004228,0.949341,0.00553,0.314171,-7.079183,1.743142,-11.300072,-0.081035,0.87711,-0.06535,0.468872,13.84276,1.101702,35.087177
952,7.933333,-0.008397,0.906101,-0.002482,0.42297,-0.555812,90.479919,17.832378,-0.022777,0.912071,0.064621,0.404266,-0.658094,98.275948,17.741926,-0.013857,0.914428,0.074144,0.397659,-2.064304,113.128044,19.233053,0.075283,0.959328,-0.039717,0.269156,-3.629938,131.486481,21.54645,0.077595,0.985703,-0.082325,0.124868,-0.215205,145.789597,19.400402,0.02235,0.879239,0.143919,0.453571,-6.166914,125.68692,18.411264,0.368643,-0.587047,0.059781,-0.718265,-16.805929,128.762634,4.085292,0.02878,-0.064041,-0.556203,-0.828076,-9.56937,116.399231,-14.964792,0.082718,-0.008758,-0.548377,-0.832084,-0.888274,137.74707,-18.177597,-0.17428,0.926832,0.16454,0.289026,-0.968698,125.431122,23.959122,0.303535,0.868921,0.144875,-0.363118,13.013585,129.558609,34.698845,-0.052452,0.193245,0.44155,-0.874608,26.171297,119.493317,17.561413,0.058899,0.071667,0.313947,-0.944898,14.151457,137.287949,11.012126,0.035001,0.880464,0.117255,0.458049,-6.660964,90.315262,10.544195,0.110768,0.934607,-0.023388,0.337183,-4.960852,54.293339,1.686211,-0.006768,0.949769,0.005466,0.31283,-15.617861,7.691699,0.204483,-0.052794,0.917596,-0.073862,0.387007,5.549339,90.644577,25.120562,0.010138,0.906125,-0.121042,0.405195,7.024175,54.122765,31.671513,-0.081634,0.876996,-0.065783,0.46892,1.454001,7.706451,41.769974,-0.006768,0.949769,0.005466,0.31283,-7.042637,1.72039,-11.304214,-0.081634,0.876996,-0.065783,0.46892,13.842117,1.107845,35.089104
953,7.941667,-0.008393,0.905909,-0.002225,0.423383,-0.588454,90.470398,17.707516,-0.022997,0.911648,0.064684,0.405197,-0.692325,98.266449,17.620668,-0.013218,0.913868,0.075949,0.398627,-2.1062,113.111458,19.108734,0.075745,0.95935,-0.037598,0.269252,-3.679247,131.460495,21.490805,0.077729,0.98592,-0.080794,0.124064,-0.2672,145.773605,19.408096,0.02296,0.878504,0.145344,0.454509,-6.208894,125.672897,18.327669,0.367997,-0.586737,0.057994,-0.718995,-16.816067,128.795746,3.988297,0.026833,-0.062775,-0.557446,-0.827401,-9.552156,116.51503,-15.104807,0.080597,-0.008025,-0.550646,-0.8308,-0.928123,137.900421,-18.218018,-0.173643,0.926138,0.165582,0.291031,-1.022145,125.396072,23.885237,0.302771,0.869028,0.146533,-0.362834,12.926036,129.474915,34.687698,-0.053658,0.193878,0.441792,-0.874272,26.115667,119.466461,17.541517,0.057977,0.072371,0.313952,-0.9449,14.118169,137.273407,10.995739,0.034999,0.881581,0.116112,0.456189,-6.686955,90.307892,10.413719,0.109949,0.935307,-0.023542,0.335495,-5.044544,54.266155,1.625738,-0.007057,0.949793,0.006168,0.31274,-15.636881,7.647917,0.203526,-0.052809,0.917027,-0.074967,0.388139,5.510047,90.632904,25.001312,0.009281,0.906222,-0.121047,0.404997,6.945651,54.123425,31.629292,-0.08185,0.876894,-0.066059,0.469034,1.451815,7.70562,41.762672,-0.007057,0.949793,0.006168,0.31274,-7.057973,1.698362,-11.313689,-0.08185,0.876894,-0.066059,0.469034,13.843019,1.104336,35.090179
954,7.95,-0.008348,0.905655,-0.001486,0.42393,-0.627171,90.470657,17.576508,-0.023187,0.911234,0.064808,0.406096,-0.735238,98.266769,17.500328,-0.012291,0.913368,0.077473,0.399506,-2.156235,113.10009,18.98695,0.075919,0.959423,-0.035188,0.26927,-3.722682,131.441315,21.432634,0.078103,0.9861,-0.079512,0.123226,-0.323833,145.76741,19.418789,0.023387,0.877686,0.146909,0.455564,-6.250006,125.666748,18.243938,0.367579,-0.586181,0.056849,-0.719754,-16.821703,128.833847,3.888081,0.02528,-0.061461,-0.558845,-0.826605,-9.520437,116.61174,-15.228375,0.078706,-0.006607,-0.553522,-0.829081,-0.960301,138.039352,-18.250448,-0.173288,0.92546,0.166605,0.292811,-1.07357,125.366661,23.80991,0.302796,0.868957,0.147721,-0.362501,12.841442,129.407776,34.669178,-0.054284,0.194314,0.442636,-0.87371,26.041889,119.417511,17.520704,0.057742,0.072496,0.314895,-0.944591,14.084676,137.25412,10.976725,0.035022,0.882641,0.114842,0.454455,-6.716882,90.314903,10.275224,0.108834,0.936403,-0.023596,0.332789,-5.136594,54.251503,1.565048,-0.008339,0.950009,0.006568,0.312043,-15.636143,7.610163,0.214067,-0.053051,0.916702,-0.076023,0.38867,5.462542,90.626419,24.877792,0.008508,0.90605,-0.121108,0.405381,6.87985,54.130684,31.584927,-0.081827,0.876819,-0.066363,0.469135,1.446322,7.712981,41.75124,-0.008339,0.950009,0.006568,0.312043,-7.057971,1.683053,-11.315261,-0.081827,0.876819,-0.066363,0.469135,13.837552,1.10462,35.0858
955,7.958333,-0.008115,0.905437,-0.000953,0.424402,-0.668265,90.482643,17.456745,-0.023889,0.910786,0.065089,0.407017,-0.776538,98.278824,17.389574,-0.011455,0.912867,0.078742,0.400429,-2.221304,113.107384,18.873518,0.076173,0.959417,-0.033229,0.269467,-3.780684,131.441986,21.372778,0.078658,0.986222,-0.078164,0.12276,-0.388795,145.77774,19.41671,0.023366,0.876204,0.148832,0.457789,-6.305565,125.678932,18.161415,0.367257,-0.585864,0.056585,-0.720197,-16.803705,128.887817,3.760919,0.023818,-0.059523,-0.560362,-0.825763,-9.483301,116.688141,-15.362544,0.077899,-0.005111,-0.556076,-0.827457,-0.988515,138.165527,-18.272305,-0.172083,0.925052,0.167622,0.294227,-1.140059,125.358322,23.736391,0.302982,0.868859,0.149194,-0.361976,12.759919,129.337128,34.637848,-0.054788,0.194436,0.443545,-0.87319,25.973118,119.362297,17.490213,0.057667,0.072634,0.316077,-0.94419,14.051318,137.2332,10.956688,0.035013,0.883741,0.114008,0.452523,-6.750439,90.335205,10.149005,0.107981,0.937345,-0.023717,0.330396,-5.216862,54.257595,1.489513,-0.007521,0.950002,0.007113,0.312074,-15.648213,7.599124,0.203427,-0.053127,0.916181,-0.07696,0.389701,5.41391,90.630074,24.764484,0.007494,0.90553,-0.121129,0.406555,6.801391,54.145588,31.538692,-0.081691,0.876723,-0.066662,0.469297,1.441638,7.726824,41.739269,-0.007521,0.950002,0.007113,0.312074,-7.076725,1.679442,-11.334689,-0.081691,0.876723,-0.066662,0.469297,13.83263,1.10995,35.081833
956,7.966667,-0.007657,0.905288,-0.000164,0.424729,-0.705501,90.494118,17.332966,-0.023832,0.910315,0.065934,0.407936,-0.812512,98.290436,17.279934,-0.011102,0.912323,0.079546,0.401516,-2.267751,113.118195,18.786278,0.077312,0.959227,-0.031275,0.270053,-3.830131,131.448364,21.316008,0.078427,0.986361,-0.077042,0.1225,-0.419048,145.788498,19.426472,0.023741,0.875606,0.149705,0.458626,-6.348369,125.691696,18.088003,0.36741,-0.585219,0.05544,-0.720732,-16.818077,128.931015,3.673631,0.023531,-0.057451,-0.561667,-0.825031,-9.455558,116.77623,-15.462247,0.078001,-0.003221,-0.559002,-0.825483,-1.01725,138.288696,-18.284473,-0.171065,0.924652,0.167876,0.295928,-1.196009,125.359879,23.674475,0.304005,0.868465,0.150743,-0.361423,12.680263,129.289078,34.62402,-0.05479,0.194897,0.444793,-0.872452,25.882935,119.300354,17.476366,0.057476,0.073238,0.316818,-0.943906,14.019063,137.206497,10.934342,0.03561,0.884657,0.112948,0.450951,-6.78253,90.36097,10.020676,0.106722,0.937732,-0.023952,0.32969,-5.339416,54.268616,1.407171,-0.010355,0.949918,0.006359,0.312264,-15.667632,7.585353,0.190035,-0.053263,0.915579,-0.077945,0.3909,5.371529,90.627274,24.645256,0.006651,0.905199,-0.121237,0.407273,6.730513,54.155182,31.491655,-0.081709,0.876535,-0.066513,0.469667,1.431476,7.737782,41.730099,-0.010355,0.949918,0.006359,0.312264,-7.061709,1.671001,-11.325155,-0.081709,0.876535,-0.066513,0.469667,13.829431,1.125891,35.080688
957,7.975,-0.007316,0.905141,0.001182,0.425047,-0.724404,90.504929,17.198151,-0.024728,0.909773,0.067264,0.408873,-0.83551,98.3013,17.166338,-0.010322,0.911796,0.080387,0.402565,-2.334189,113.135078,18.697517,0.077917,0.959106,-0.030077,0.270444,-3.885606,131.460876,21.265404,0.078819,0.986468,-0.075565,0.122306,-0.465294,145.804031,19.416084,0.023886,0.87486,0.150858,0.459664,-6.401936,125.713821,18.018827,0.368114,-0.584276,0.054884,-0.72118,-16.836891,128.981888,3.585751,0.023612,-0.055846,-0.562898,-0.8243,-9.418874,116.841972,-15.538129,0.077712,-0.001541,-0.560974,-0.824176,-1.036496,138.384155,-18.300259,-0.170109,0.924396,0.168455,0.296948,-1.262154,125.364662,23.615822,0.305014,0.868205,0.151832,-0.360742,12.60404,129.247833,34.594524,-0.054689,0.195219,0.446004,-0.871768,25.800865,119.234955,17.456446,0.057561,0.07331,0.317989,-0.943502,13.990346,137.175919,10.908343,0.036049,0.885679,0.111722,0.449211,-6.796382,90.38855,9.881373,0.105619,0.9382,-0.024312,0.328686,-5.440303,54.278076,1.329914,-0.009134,0.949935,0.007295,0.312228,-15.683309,7.574067,0.1911,-0.053181,0.91542,-0.07933,0.391006,5.347575,90.621315,24.514925,0.005823,0.90495,-0.12124,0.40784,6.659444,54.164761,31.452618,-0.081675,0.876415,-0.066706,0.469868,1.425572,7.746446,41.72039,-0.009134,0.949935,0.007295,0.312228,-7.088953,1.674064,-11.340088,-0.081675,0.876415,-0.066706,0.469868,13.825582,1.130209,35.079121
958,7.983333,-0.006711,0.905012,0.002122,0.425328,-0.757017,90.519936,17.077452,-0.024939,0.90942,0.068277,0.409477,-0.865814,98.316399,17.062889,-0.010048,0.911436,0.081138,0.403237,-2.384348,113.152588,18.618641,0.078173,0.959002,-0.029307,0.270823,-3.939613,131.474091,21.214718,0.07939,0.986503,-0.074064,0.122573,-0.516644,145.819885,19.390779,0.023909,0.874236,0.151456,0.460653,-6.451178,125.732437,17.954935,0.368306,-0.583235,0.054514,-0.721952,-16.853136,129.016083,3.5016,0.024205,-0.053725,-0.563911,-0.823731,-9.375264,116.899803,-15.613948,0.078395,0.001316,-0.56434,-0.821811,-1.033338,138.471741,-18.31057,-0.16917,0.924128,0.168587,0.298241,-1.319549,125.373993,23.558819,0.306528,0.867672,0.153007,-0.360242,12.530308,129.214783,34.57299,-0.054206,0.19547,0.447622,-0.870912,25.700151,119.163551,17.436617,0.057878,0.073267,0.319511,-0.942971,13.959828,137.145752,10.880911,0.03631,0.886725,0.110706,0.447376,-6.824616,90.421585,9.756784,0.104535,0.938625,-0.024425,0.32781,-5.537536,54.295738,1.259773,-0.009619,0.949963,0.007094,0.312135,-15.689015,7.570469,0.174844,-0.052964,0.914893,-0.080283,0.392072,5.310583,90.618286,24.398119,0.00467,0.904359,-0.121303,0.409145,6.57167,54.17131,31.395334,-0.081569,0.876286,-0.066838,0.470109,1.420262,7.753283,41.706024,-0.009619,0.949963,0.007094,0.312135,-7.092085,1.669388,-11.353863,-0.081569,0.876286,-0.066838,0.470109,13.822418,1.133142,35.072678
959,7.991667,-0.006049,0.904915,0.002938,0.425539,-0.786881,90.531181,16.961008,-0.025262,0.908992,0.069873,0.410137,-0.891733,98.327705,16.962324,-0.009892,0.911041,0.081521,0.404056,-2.440329,113.162575,18.556849,0.078102,0.95891,-0.028381,0.271268,-3.998376,131.481888,21.166697,0.080241,0.986505,-0.0727,0.122814,-0.58284,145.832901,19.370182,0.023994,0.873622,0.151902,0.461664,-6.504712,125.743423,17.897266,0.3687,-0.582269,0.054176,-0.722557,-16.872726,129.042236,3.423008,0.024736,-0.051946,-0.564875,-0.823168,-9.339414,116.942085,-15.680986,0.078998,0.003527,-0.566104,-0.820532,-1.037467,138.542114,-18.323704,-0.168182,0.924003,0.168758,0.299089,-1.383099,125.37941,23.509947,0.307705,0.867317,0.153559,-0.359858,12.460478,129.179352,34.546154,-0.054015,0.195823,0.449019,-0.870125,25.60906,119.091324,17.415075,0.058258,0.073356,0.32096,-0.942448,13.930148,137.113007,10.851487,0.036508,0.888117,0.109739,0.444828,-6.851233,90.450859,9.637429,0.103526,0.939028,-0.024644,0.326958,-5.633885,54.310249,1.193073,-0.010464,0.949925,0.006704,0.312231,-15.703672,7.565939,0.168819,-0.052923,0.914636,-0.081265,0.392475,5.277471,90.611504,24.284588,0.00399,0.904608,-0.121389,0.408574,6.503692,54.17601,31.347424,-0.082263,0.876189,-0.067759,0.470037,1.414264,7.75944,41.695358,-0.010464,0.949925,0.006704,0.312231,-7.096081,1.661976,-11.350457,-0.082263,0.876189,-0.067759,0.470037,13.818924,1.128531,35.077465
960,8.0,-0.005415,0.904798,0.004054,0.425788,-0.812925,90.538284,16.839537,-0.025693,0.908711,0.071276,0.410493,-0.916245,98.334801,16.860792,-0.009412,0.910839,0.082092,0.404406,-2.495331,113.171837,18.488367,0.078349,0.958822,-0.027794,0.271569,-4.046695,131.488007,21.124031,0.080636,0.986509,-0.071424,0.123271,-0.627676,145.840668,19.347355,0.023885,0.873116,0.152281,0.462503,-6.55338,125.755547,17.844391,0.369006,-0.581464,0.053697,-0.723084,-16.893526,129.061417,3.351817,0.025596,-0.049948,-0.565504,-0.822834,-9.313085,116.982056,-15.746694,0.080033,0.006051,-0.567624,-0.819367,-1.034757,138.597687,-18.335432,-0.167012,0.923705,0.167667,0.301272,-1.435928,125.380882,23.460167,0.310841,0.865849,0.15885,-0.358401,12.374393,129.138428,34.552418,-0.051231,0.195387,0.451312,-0.869205,25.480392,119.022224,17.405331,0.058877,0.073376,0.323074,-0.941686,13.892847,137.079544,10.819532,0.037053,0.889147,0.10851,0.443023,-6.87338,90.477951,9.51254,0.102201,0.939083,-0.024452,0.327232,-5.749925,54.3204,1.127902,-0.009459,0.949866,0.00713,0.312433,-15.69589,7.549122,0.125348,-0.05277,0.91412,-0.082162,0.39351,5.247529,90.598625,24.166533,0.003059,0.90422,-0.121539,0.409396,6.428895,54.172802,31.28669,-0.082576,0.875976,-0.068066,0.470335,1.404744,7.75907,41.679195,-0.009459,0.949866,0.00713,0.312433,-7.093433,1.647613,-11.399019,-0.082576,0.875976,-0.068066,0.470335,13.816455,1.126948,35.075748
961,8.008333,-0.004187,0.904771,0.00457,0.425853,-0.862481,90.551598,16.725693,-0.025604,0.908451,0.072567,0.410847,-0.951903,98.348228,16.762375,-0.009111,0.910601,0.08258,0.404849,-2.544726,113.177124,18.425127,0.078838,0.958679,-0.027147,0.271996,-4.094501,131.490509,21.080925,0.080959,0.986501,-0.070307,0.123766,-0.665287,145.843689,19.328285,0.023497,0.872578,0.152743,0.463385,-6.59937,125.762489,17.792171,0.368501,-0.580404,0.054043,-0.724167,-16.910597,129.068253,3.278992,0.026196,-0.048248,-0.566067,-0.822529,-9.273193,117.006813,-15.808145,0.081065,0.008855,-0.569763,-0.817753,-1.014187,138.643402,-18.348309,-0.166365,0.923442,0.167321,0.302625,-1.487292,125.380066,23.412313,0.312135,0.865375,0.159864,-0.357968,12.301243,129.10994,34.540936,-0.050455,0.195876,0.452708,-0.868414,25.383585,118.961403,17.394899,0.05947,0.073271,0.324648,-0.941115,13.862499,137.049469,10.785129,0.037066,0.890296,0.107258,0.441016,-6.922106,90.516571,9.397846,0.101108,0.939255,-0.024351,0.327084,-5.859885,54.339027,1.091831,-0.01077,0.949849,0.006471,0.312456,-15.705806,7.54601,0.116232,-0.053031,0.913663,-0.082872,0.394386,5.197145,90.586624,24.053537,0.002204,0.903725,-0.121775,0.410422,6.36825,54.171551,31.230154,-0.082209,0.875936,-0.068051,0.470476,1.396929,7.762894,41.670612,-0.01077,0.949849,0.006471,0.312456,-7.090096,1.638562,-11.395178,-0.082209,0.875936,-0.068051,0.470476,13.806835,1.125868,35.068703
962,8.016667,-0.004089,0.904619,0.005899,0.42616,-0.866884,90.546707,16.607401,-0.025851,0.908137,0.074333,0.411211,-0.963774,98.343132,16.663435,-0.009246,0.91037,0.083028,0.405274,-2.58717,113.177284,18.371864,0.078852,0.958559,-0.026617,0.272469,-4.14948,131.487854,21.039925,0.081703,0.986428,-0.069257,0.124451,-0.722273,145.843582,19.304443,0.023171,0.871906,0.153512,0.46441,-6.648034,125.76091,17.744425,0.368549,-0.579451,0.054225,-0.724892,-16.925364,129.074417,3.208977,0.026933,-0.046765,-0.566593,-0.822229,-9.236209,117.020226,-15.861957,0.082067,0.010892,-0.57064,-0.817017,-0.997587,138.671356,-18.364958,-0.165875,0.923232,0.167345,0.30352,-1.541223,125.377037,23.369255,0.313451,0.864835,0.161382,-0.357443,12.233572,129.083572,34.522667,-0.04937,0.195908,0.454017,-0.867785,25.294573,118.910667,17.374788,0.060256,0.073056,0.326742,-0.940357,13.828215,137.026077,10.750677,0.037316,0.891339,0.10597,0.439196,-6.921543,90.524162,9.275398,0.100307,0.939314,-0.024693,0.327137,-5.935252,54.327595,1.043218,-0.010831,0.94991,0.007224,0.312253,-15.720531,7.520735,0.123078,-0.052785,0.913106,-0.083908,0.395487,5.187774,90.56926,23.939404,0.00138,0.903272,-0.121879,0.411391,6.302817,54.165089,31.179968,-0.082202,0.875729,-0.06795,0.470877,1.387418,7.758561,41.656292,-0.010831,0.94991,0.007224,0.312253,-7.106402,1.634324,-11.400292,-0.082202,0.875729,-0.06795,0.470877,13.804274,1.125125,35.063843
963,8.025,-0.003299,0.904453,0.006422,0.426511,-0.909627,90.553436,16.504835,-0.025859,0.9079,0.075574,0.411507,-0.998876,98.349854,16.573463,-0.00902,0.910205,0.083518,0.405549,-2.637265,113.16906,18.313774,0.078917,0.95846,-0.025965,0.272861,-4.200127,131.47673,21.001205,0.082352,0.986347,-0.068426,0.125122,-0.774737,145.835388,19.286333,0.022976,0.871489,0.154013,0.465037,-6.69706,125.753609,17.697891,0.369001,-0.57844,0.053953,-0.725489,-16.9536,129.07254,3.149009,0.027911,-0.045469,-0.566878,-0.822073,-9.207251,117.031502,-15.907076,0.082415,0.01282,-0.570992,-0.816708,-0.978354,138.688232,-18.386173,-0.165542,0.923067,0.167431,0.304155,-1.59358,125.36322,23.325294,0.314255,0.8645,0.161779,-0.357366,12.171223,129.052872,34.496628,-0.049033,0.196121,0.455248,-0.867111,25.210793,118.858002,17.345491,0.061193,0.072931,0.328056,-0.939849,13.798076,137.005707,10.714632,0.037406,0.892005,0.104896,0.438093,-6.958703,90.548775,9.168196,0.099452,0.93911,-0.024893,0.327966,-6.023859,54.33588,1.00206,-0.011548,0.949851,0.007232,0.312406,-15.738672,7.513648,0.118208,-0.05298,0.912494,-0.084572,0.396731,5.139449,90.558105,23.841473,0.000532,0.90295,-0.121984,0.41207,6.237968,54.163776,31.133881,-0.082081,0.875647,-0.067852,0.471063,1.383791,7.759565,41.648933,-0.011548,0.949851,0.007232,0.312406,-7.112608,1.634087,-11.399725,-0.082081,0.875647,-0.067852,0.471063,13.802772,1.127138,35.059483
964,8.033333,-0.003733,0.904396,0.007721,0.426608,-0.896021,90.534821,16.391546,-0.026423,0.907623,0.077389,0.411744,-1.000028,98.330902,16.475603,-0.008927,0.910031,0.083916,0.405861,-2.678062,113.154221,18.259188,0.07894,0.958327,-0.025415,0.273371,-4.244696,131.459473,20.960815,0.082929,0.986242,-0.067666,0.125976,-0.821109,145.820694,19.263933,0.02272,0.871092,0.154517,0.465625,-6.738758,125.738846,17.651016,0.369378,-0.577262,0.054141,-0.726221,-16.975918,129.061157,3.089264,0.028705,-0.044519,-0.567372,-0.821756,-9.165628,117.022072,-15.941936,0.082838,0.014325,-0.570689,-0.816852,-0.957865,138.691681,-18.405954,-0.165222,0.922848,0.167599,0.3049,-1.6391,125.344299,23.281593,0.314834,0.864156,0.16286,-0.357199,12.113114,129.015564,34.474468,-0.04803,0.195981,0.456088,-0.866757,25.140995,118.819138,17.315382,0.062484,0.072452,0.329569,-0.939271,13.760154,136.983124,10.674399,0.037996,0.892962,0.103746,0.436362,-6.943472,90.533257,9.053565,0.098705,0.938726,-0.025439,0.329248,-6.101133,54.305859,0.941899,-0.011537,0.949688,0.008585,0.312866,-15.76541,7.47208,0.117556,-0.052566,0.9121,-0.085735,0.397442,5.151429,90.536377,23.729527,-0.000202,0.902563,-0.122133,0.412872,6.181563,54.153507,31.088785,-0.082281,0.875486,-0.067731,0.471345,1.375535,7.752728,41.641052,-0.011537,0.949688,0.008585,0.312866,-7.123663,1.629458,-11.40742,-0.082281,0.875486,-0.067731,0.471345,13.801961,1.127171,35.05872
965,8.041667,-0.003334,0.904287,0.0087,0.426823,-0.918536,90.527,16.282061,-0.02614,0.907449,0.078952,0.411849,-1.023455,98.322884,16.382561,-0.009138,0.909927,0.084352,0.405998,-2.712923,113.136795,18.211466,0.078937,0.958257,-0.024791,0.273674,-4.293642,131.439178,20.924301,0.083638,0.986152,-0.067078,0.126526,-0.873885,145.803528,19.246275,0.022239,0.870754,0.154902,0.466153,-6.782409,125.718903,17.609919,0.369702,-0.576273,0.053909,-0.726859,-17.002541,129.035202,3.034827,0.029409,-0.043525,-0.567585,-0.821637,-9.136709,117.011002,-15.982922,0.083139,0.015389,-0.569924,-0.817336,-0.937814,138.681076,-18.427057,-0.165013,0.922619,0.167528,0.305743,-1.684508,125.324371,23.242092,0.315234,0.863883,0.163304,-0.357303,12.051559,128.982956,34.458927,-0.046978,0.195806,0.456972,-0.866389,25.06389,118.782516,17.290419,0.064426,0.071772,0.331535,-0.9385,13.716274,136.963608,10.639877,0.038888,0.89343,0.102152,0.435701,-6.962549,90.540298,8.941257,0.097428,0.938474,-0.025467,0.330343,-6.23737,54.29361,0.904791,-0.012269,0.949578,0.00935,0.313152,-15.788223,7.436025,0.112308,-0.052664,0.911522,-0.086529,0.398582,5.125476,90.51371,23.622864,-0.000979,0.90216,-0.122314,0.413698,6.129216,54.141766,31.039534,-0.081013,0.875586,-0.067139,0.471465,1.373416,7.745317,41.633499,-0.012269,0.949578,0.00935,0.313152,-7.128582,1.621104,-11.413251,-0.081013,0.875586,-0.067139,0.471465,13.790078,1.114038,35.038513
966,8.05,-0.001895,0.904181,0.008698,0.427057,-0.990282,90.534027,16.183651,-0.02595,0.907264,0.080055,0.412055,-1.07493,98.330017,16.29368,-0.008678,0.909809,0.084846,0.40617,-2.771063,113.120148,18.152027,0.078514,0.95824,-0.024097,0.273917,-4.344173,131.419739,20.888052,0.084755,0.986012,-0.066628,0.127114,-0.940709,145.789948,19.227167,0.02212,0.870614,0.154502,0.466552,-6.834525,125.70491,17.565466,0.37054,-0.575038,0.053859,-0.727414,-17.041367,129.012833,2.979165,0.030644,-0.042525,-0.567758,-0.821525,-9.107496,116.987762,-16.009743,0.083585,0.016483,-0.568711,-0.818114,-0.914025,138.659531,-18.448151,-0.165058,0.922434,0.168151,0.305937,-1.738619,125.300728,23.198759,0.315104,0.863931,0.163545,-0.357192,11.992624,128.951614,34.424011,-0.046441,0.19562,0.457311,-0.866281,25.012648,118.759071,17.256638,0.065695,0.070795,0.332623,-0.938101,13.675308,136.946732,10.603704,0.038674,0.893546,0.10118,0.43571,-7.030634,90.57209,8.839922,0.096566,0.938363,-0.025512,0.330906,-6.323013,54.309498,0.873947,-0.012576,0.94955,0.009153,0.313229,-15.798262,7.436135,0.107244,-0.053228,0.910693,-0.086667,0.400368,5.050071,90.495964,23.52738,-0.001879,0.901408,-0.122577,0.415254,6.073121,54.130234,30.971834,-0.081246,0.875372,-0.067183,0.471814,1.366252,7.740202,41.615654,-0.012576,0.94955,0.009153,0.313229,-7.133965,1.618692,-11.413541,-0.081246,0.875372,-0.067183,0.471814,13.791086,1.112722,35.032249
967,8.058333,-0.002059,0.904017,0.009784,0.427379,-0.998254,90.513618,16.085386,-0.025785,0.907087,0.081335,0.412205,-1.092487,98.309288,16.209604,-0.009016,0.909689,0.085325,0.406331,-2.800752,113.098358,18.104918,0.077801,0.958215,-0.023707,0.274244,-4.393007,131.394699,20.851604,0.085922,0.98585,-0.066051,0.127886,-1.011336,145.770813,19.197376,0.02173,0.870338,0.154856,0.466968,-6.876291,125.679489,17.524376,0.37072,-0.573984,0.054419,-0.728112,-17.069685,128.983215,2.92773,0.031416,-0.041941,-0.567832,-0.821475,-9.08098,116.950592,-16.033386,0.083855,0.017594,-0.567369,-0.818994,-0.888362,138.62532,-18.470102,-0.165021,0.922216,0.168701,0.306312,-1.782473,125.276802,23.159662,0.31499,0.863877,0.164483,-0.356992,11.940899,128.916779,34.398067,-0.045561,0.19546,0.457517,-0.866255,24.971161,118.744125,17.226681,0.066502,0.069251,0.33343,-0.937873,13.641071,136.928589,10.563484,0.039139,0.89379,0.100197,0.435395,-7.03336,90.557747,8.737381,0.095754,0.937942,-0.025568,0.33233,-6.391451,54.283131,0.820746,-0.013034,0.949457,0.009937,0.313468,-15.795195,7.395098,0.070775,-0.053217,0.909953,-0.087398,0.40189,5.036852,90.469482,23.433392,-0.002545,0.901118,-0.122748,0.415827,6.024695,54.113113,30.928156,-0.08123,0.875287,-0.06691,0.472014,1.361633,7.727349,41.609806,-0.013034,0.949457,0.009937,0.313468,-7.117229,1.603371,-11.452677,-0.08123,0.875287,-0.06691,0.472014,13.7908,1.106609,35.027802
968,8.066667,-0.00198,0.903894,0.010702,0.427617,-1.007938,90.504662,15.991728,-0.025488,0.906789,0.082747,0.412597,-1.107216,98.300049,16.12937,-0.009446,0.909414,0.085604,0.406878,-2.824585,113.073944,18.064646,0.077786,0.958044,-0.02309,0.274897,-4.437216,131.368225,20.813181,0.086498,0.985723,-0.06579,0.128605,-1.058515,145.747345,19.179106,0.021072,0.870167,0.155361,0.467149,-6.910957,125.651443,17.481543,0.370994,-0.572984,0.054761,-0.728735,-17.099266,128.943848,2.878784,0.032415,-0.041138,-0.567813,-0.82149,-9.057636,116.907928,-16.057852,0.084364,0.018955,-0.565807,-0.819991,-0.861666,138.57962,-18.490023,-0.165328,0.921987,0.169364,0.306467,-1.82402,125.252243,23.123291,0.314811,0.863862,0.165112,-0.356896,11.892234,128.892807,34.370197,-0.045053,0.19521,0.457685,-0.866249,24.931107,118.737686,17.19496,0.067362,0.068339,0.333865,-0.937724,13.603409,136.92392,10.531379,0.039773,0.893784,0.099197,0.435578,-7.039182,90.557655,8.64061,0.094871,0.93757,-0.025991,0.333596,-6.470337,54.27195,0.769342,-0.013749,0.949426,0.010527,0.313514,-15.80804,7.369897,0.072955,-0.053257,0.909126,-0.087984,0.403625,5.023305,90.451675,23.342846,-0.003263,0.900579,-0.122957,0.416928,5.981744,54.103268,30.879906,-0.081519,0.875181,-0.066958,0.472155,1.359111,7.722836,41.602169,-0.013749,0.949426,0.010527,0.313514,-7.118875,1.600945,-11.453483,-0.081519,0.875181,-0.066958,0.472155,13.793652,1.105979,35.026421
969,8.075,-0.001857,0.903753,0.0116,0.427892,-1.027527,90.497169,15.899783,-0.025255,0.906555,0.084062,0.412861,-1.131105,98.292252,16.05088,-0.009688,0.909226,0.085993,0.40721,-2.858021,113.05233,18.022997,0.077641,0.95792,-0.022616,0.275409,-4.485686,131.343964,20.780291,0.087175,0.98558,-0.06557,0.12936,-1.112982,145.726135,19.160677,0.022946,0.872923,0.151871,0.463049,-6.952773,125.627281,17.443563,0.374116,-0.569524,0.053067,-0.729975,-17.276203,128.89946,2.931443,0.037119,-0.0415,-0.567464,-0.821513,-9.037449,116.895638,-15.940716,0.084802,0.020268,-0.564359,-0.820912,-0.832587,138.523407,-18.508076,-0.165274,0.921852,0.170043,0.306526,-1.870018,125.228546,23.089111,0.314313,0.863922,0.165623,-0.356953,11.84557,128.858582,34.340225,-0.045286,0.195144,0.45785,-0.866165,24.89747,118.732239,17.157911,0.067809,0.067903,0.333794,-0.937749,13.575368,136.925003,10.502739,0.040162,0.893631,0.098313,0.436056,-7.054304,90.559647,8.545079,0.094256,0.937284,-0.026447,0.334536,-6.535935,54.263294,0.719546,-0.0144,0.949275,0.010899,0.313929,-15.832867,7.352409,0.074509,-0.053425,0.908314,-0.088636,0.405285,4.999249,90.434692,23.254486,-0.003916,0.900102,-0.123063,0.41792,5.935311,54.096169,30.841864,-0.081486,0.875017,-0.066749,0.472493,1.352905,7.71867,41.59404,-0.0144,0.949275,0.010899,0.313929,-7.125051,1.599789,-11.44601,-0.081486,0.875017,-0.066749,0.472493,13.793559,1.107275,35.024364
970,8.083333,-0.001717,0.903647,0.01273,0.428085,-1.041861,90.485779,15.800031,-0.024882,0.906344,0.085521,0.413048,-1.151037,98.280441,15.967953,-0.010009,0.909057,0.086419,0.407488,-2.88583,113.030663,17.98324,0.077353,0.95781,-0.02234,0.275893,-4.531599,131.319321,20.749453,0.087911,0.985421,-0.065379,0.130166,-1.167444,145.704346,19.137434,0.020495,0.869828,0.155615,0.467722,-6.991319,125.602295,17.407885,0.372491,-0.570764,0.05601,-0.729618,-17.161087,128.883789,2.789758,0.035351,-0.039679,-0.567757,-0.821479,-9.005013,116.800667,-16.067709,0.085743,0.02179,-0.56317,-0.821591,-0.802608,138.461349,-18.521011,-0.165403,0.921693,0.170502,0.306682,-1.912107,125.204956,23.056719,0.313548,0.864156,0.166078,-0.356847,11.798472,128.832306,34.314804,-0.045715,0.195326,0.457478,-0.866298,24.87685,118.740868,17.132084,0.0676,0.068083,0.333606,-0.937818,13.542518,136.926361,10.476628,0.040535,0.893534,0.097391,0.436428,-7.06552,90.559906,8.442881,0.093451,0.936825,-0.026946,0.336005,-6.598754,54.252373,0.666106,-0.01446,0.949224,0.011526,0.314056,-15.839163,7.32958,0.07721,-0.053668,0.907437,-0.089266,0.407074,4.981799,90.411659,23.157179,-0.004697,0.89922,-0.123306,0.419733,5.899916,54.083378,30.795647,-0.081546,0.875006,-0.066598,0.472525,1.353225,7.712266,41.590446,-0.01446,0.949224,0.011526,0.314056,-7.125488,1.59471,-11.44773,-0.081546,0.875006,-0.066598,0.472525,13.795781,1.105421,35.019791
971,8.091667,-0.001537,0.90356,0.013538,0.428246,-1.062498,90.478195,15.714582,-0.02459,0.906023,0.086833,0.413495,-1.17456,98.27253,15.89507,-0.010243,0.908751,0.086614,0.408123,-2.917465,113.006737,17.947102,0.077413,0.957617,-0.021721,0.276597,-4.576016,131.293976,20.715107,0.088307,0.985294,-0.065404,0.130842,-1.212643,145.681519,19.124165,0.020212,0.869811,0.155632,0.467759,-7.02817,125.576523,17.368696,0.373349,-0.56965,0.056768,-0.729991,-17.1971,128.849609,2.748099,0.037126,-0.038802,-0.567596,-0.821554,-8.98456,116.73558,-16.064981,0.086967,0.023032,-0.562308,-0.82202,-0.77104,138.388702,-18.531357,-0.165509,0.921576,0.170886,0.306761,-1.956908,125.180344,23.024752,0.312574,0.86453,0.166022,-0.356822,11.750648,128.80574,34.28714,-0.04669,0.195796,0.457073,-0.866353,24.858971,118.747711,17.107643,0.06706,0.068388,0.332931,-0.938074,13.515909,136.928696,10.452394,0.0409,0.893087,0.096671,0.437468,-7.083541,90.562042,8.355394,0.092629,0.936381,-0.027466,0.337427,-6.655516,54.246338,0.614627,-0.014477,0.949262,0.01204,0.313922,-15.838774,7.311618,0.085036,-0.053783,0.906293,-0.090201,0.409396,4.958545,90.394348,23.073772,-0.005471,0.898646,-0.123096,0.421015,5.836035,54.079449,30.780321,-0.081649,0.874864,-0.0664,0.472797,1.348957,7.70413,41.581997,-0.014477,0.949262,0.01204,0.313922,-7.126429,1.590954,-11.44797,-0.081649,0.874864,-0.0664,0.472797,13.798027,1.104392,35.016537
972,8.1,-0.001305,0.903449,0.014299,0.428455,-1.088358,90.470734,15.631461,-0.02409,0.905845,0.087957,0.413677,-1.202274,98.264748,15.824196,-0.010637,0.908595,0.086925,0.408395,-2.945019,112.98671,17.911324,0.077272,0.957503,-0.021085,0.277077,-4.622398,131.271637,20.683237,0.088861,0.985154,-0.065499,0.131476,-1.266311,145.662964,19.11116,0.019968,0.869782,0.155464,0.46788,-7.066966,125.552841,17.333572,0.374553,-0.568471,0.057599,-0.730228,-17.232141,128.81604,2.708158,0.039109,-0.037944,-0.567487,-0.821577,-8.960164,116.660759,-16.052197,0.088344,0.024003,-0.561481,-0.82241,-0.737035,138.310394,-18.538244,-0.165789,0.921443,0.171705,0.306553,-1.999211,125.159798,22.992987,0.311898,0.864829,0.166227,-0.356594,11.709587,128.78595,34.253616,-0.047511,0.195999,0.456631,-0.866496,24.845749,118.753014,17.080719,0.066343,0.068806,0.332049,-0.938407,13.486828,136.929382,10.431461,0.041139,0.89262,0.096054,0.438532,-7.106,90.564819,8.269618,0.091885,0.935888,-0.027986,0.338951,-6.704855,54.241753,0.56207,-0.014744,0.949252,0.012304,0.313931,-15.838006,7.296663,0.088347,-0.054056,0.905752,-0.090129,0.41057,4.929283,90.37664,22.993303,-0.00607,0.898059,-0.123654,0.422094,5.817332,54.062969,30.704441,-0.081558,0.874786,-0.066311,0.47297,1.346166,7.701487,41.57193,-0.014744,0.949252,0.012304,0.313931,-7.121566,1.585699,-11.446367,-0.081558,0.874786,-0.066311,0.47297,13.797438,1.102968,35.00943
973,8.108333,-0.001084,0.90333,0.01502,0.428681,-1.108943,90.462662,15.552391,-0.023704,0.905802,0.088628,0.41365,-1.224622,98.256355,15.756735,-0.010987,0.908579,0.087288,0.408343,-2.964309,112.968384,17.865759,0.077336,0.957401,-0.020445,0.277463,-4.65883,131.250687,20.644585,0.089016,0.98504,-0.065505,0.132218,-1.304687,145.644653,19.092747,0.019771,0.869976,0.1553,0.467582,-7.098106,125.530853,17.292843,0.376075,-0.567247,0.058278,-0.730344,-17.273678,128.783508,2.672312,0.041416,-0.037009,-0.567328,-0.821617,-8.93914,116.585037,-16.032228,0.089771,0.02513,-0.560715,-0.822744,-0.705446,138.224426,-18.542891,-0.166201,0.92117,0.172317,0.306807,-2.02982,125.14045,22.951965,0.311212,0.865144,0.16606,-0.356506,11.668405,128.770325,34.224266,-0.04849,0.19637,0.456123,-0.866626,24.827974,118.757462,17.057571,0.065392,0.069443,0.331153,-0.938743,13.453752,136.927795,10.411108,0.041514,0.891979,0.095446,0.439933,-7.122916,90.56649,8.187679,0.091101,0.935214,-0.028585,0.340966,-6.754555,54.23708,0.508404,-0.014592,0.949256,0.012713,0.313907,-15.836629,7.281518,0.094316,-0.054094,0.905005,-0.091105,0.411995,4.905029,90.358826,22.917103,-0.00675,0.897714,-0.123366,0.4229,5.753201,54.058601,30.695736,-0.081645,0.874654,-0.066125,0.473225,1.342342,7.691145,41.56237,-0.014592,0.949256,0.012713,0.313907,-7.121088,1.580349,-11.445925,-0.081645,0.874654,-0.066125,0.473225,13.799608,1.099162,35.004677
974,8.116667,-0.000939,0.903195,0.015585,0.428946,-1.128202,90.454521,15.482056,-0.023861,0.905722,0.089175,0.413698,-1.245683,98.247948,15.695284,-0.010704,0.908566,0.087754,0.40828,-2.995028,112.944878,17.815233,0.077344,0.957336,-0.019777,0.277732,-4.686873,131.224365,20.614056,0.088984,0.984959,-0.065559,0.132813,-1.336851,145.62146,19.082258,0.01943,0.870114,0.155218,0.467366,-7.127389,125.508453,17.25654,0.377285,-0.565902,0.059349,-0.730677,-17.310757,128.747894,2.638498,0.043674,-0.036117,-0.567186,-0.821638,-8.909605,116.502617,-16.005575,0.091545,0.026181,-0.560264,-0.822823,-0.666153,138.132935,-18.541267,-0.166625,0.921005,0.172654,0.30688,-2.058234,125.111328,22.914417,0.3106,0.865421,0.166222,-0.356293,11.633244,128.750153,34.192024,-0.049196,0.196359,0.455777,-0.86677,24.818188,118.759491,17.031853,0.064883,0.069336,0.330142,-0.939143,13.428384,136.927536,10.397508,0.04161,0.89152,0.09497,0.440955,-7.137855,90.565529,8.113921,0.090609,0.934772,-0.029108,0.342264,-6.782737,54.229973,0.463142,-0.014838,0.94925,0.012979,0.313904,-15.837616,7.268742,0.099368,-0.054377,0.904461,-0.090942,0.413186,4.881452,90.343521,22.850191,-0.006828,0.896929,-0.124316,0.424284,5.743421,54.043365,30.627647,-0.08179,0.874481,-0.066195,0.47351,1.283864,7.698515,41.570606,-0.014838,0.94925,0.012979,0.313904,-7.118513,1.577144,-11.442911,-0.08179,0.874481,-0.066195,0.47351,13.747094,1.108127,35.022636
975,8.125,-0.000944,0.903038,0.016394,0.429246,-1.141492,90.447281,15.408648,-0.023602,0.905511,0.090298,0.413932,-1.264519,98.240311,15.633194,-0.011199,0.908408,0.087804,0.408608,-3.021631,112.935043,17.786533,0.077526,0.957185,-0.019016,0.278255,-4.731935,131.213806,20.578888,0.089165,0.984867,-0.065674,0.133317,-1.381123,145.613373,19.072338,0.019209,0.870083,0.154748,0.46759,-7.164665,125.494789,17.220991,0.37823,-0.564833,0.060738,-0.730902,-17.340765,128.72052,2.594855,0.045531,-0.035023,-0.567048,-0.821679,-8.889903,116.420021,-15.990302,0.093281,0.027219,-0.55973,-0.822958,-0.635785,138.044754,-18.532831,-0.166601,0.920961,0.173254,0.306689,-2.099744,125.103737,22.883081,0.310035,0.865723,0.16631,-0.356009,11.596271,128.736038,34.157288,-0.049815,0.196309,0.455409,-0.866939,24.807581,118.763474,17.00688,0.064366,0.069061,0.329419,-0.939452,13.40124,136.927002,10.384463,0.041741,0.891094,0.094509,0.441901,-7.146256,90.564903,8.036631,0.090171,0.934037,-0.029786,0.34432,-6.806977,54.223675,0.412117,-0.014897,0.949196,0.013304,0.31405,-15.84439,7.258683,0.103474,-0.054348,0.903916,-0.091903,0.414168,4.863273,90.329666,22.780663,-0.007444,0.896658,-0.124072,0.424919,5.684847,54.042328,30.622017,-0.081748,0.8744,-0.065925,0.473704,1.280311,7.692525,41.566254,-0.014897,0.949196,0.013304,0.31405,-7.12,1.576592,-11.439493,-0.081748,0.8744,-0.065925,0.473704,13.747472,1.10839,35.019474
976,8.133333,-0.001072,0.902989,0.017177,0.429319,-1.151755,90.44281,15.342476,-0.023112,0.905386,0.09094,0.414091,-1.281846,98.23542,15.577188,-0.011681,0.908255,0.087986,0.408895,-3.032817,112.917419,17.75206,0.077095,0.957089,-0.018474,0.278741,-4.763016,131.194595,20.542641,0.089371,0.984767,-0.065534,0.133984,-1.426902,145.599014,19.049957,0.018947,0.870279,0.154539,0.467305,-7.187714,125.473106,17.183142,0.379126,-0.563745,0.061972,-0.731173,-17.373827,128.685593,2.561066,0.04751,-0.034028,-0.566869,-0.821732,-8.871675,116.336823,-15.968603,0.095007,0.028573,-0.559147,-0.823111,-0.605809,137.952728,-18.524761,-0.16675,0.920825,0.173381,0.306943,-2.126532,125.087166,22.848925,0.309501,0.865965,0.166526,-0.355784,11.562034,128.720612,34.131802,-0.050307,0.196322,0.455031,-0.867107,24.79673,118.768356,16.987625,0.063824,0.0688,0.328547,-0.939814,13.374988,136.925156,10.372372,0.041835,0.890709,0.094229,0.442729,-7.155323,90.564659,7.969554,0.089757,0.93323,-0.030501,0.346548,-6.824455,54.220093,0.36062,-0.015299,0.949168,0.013372,0.314115,-15.847993,7.252106,0.10803,-0.054452,0.903558,-0.092231,0.414864,4.851814,90.320969,22.715397,-0.00781,0.896316,-0.124315,0.425561,5.664114,54.038948,30.582294,-0.081941,0.874266,-0.065999,0.473909,1.273182,7.695451,41.558647,-0.015299,0.949168,0.013372,0.314115,-7.117299,1.575628,-11.432929,-0.081941,0.874266,-0.065999,0.473909,13.745517,1.113331,35.019707
977,8.141667,-0.001173,0.902942,0.017805,0.429392,-1.161722,90.440491,15.280469,-0.023005,0.90536,0.091346,0.414066,-1.297465,98.23275,15.523319,-0.011659,0.908247,0.088299,0.408846,-3.049072,112.900925,17.708685,0.077094,0.957022,-0.017494,0.279031,-4.783102,131.176071,20.510128,0.089056,0.984722,-0.065666,0.134462,-1.453786,145.585007,19.046267,0.018633,0.870697,0.153922,0.466742,-7.206833,125.456009,17.147507,0.380552,-0.562676,0.062568,-0.731205,-17.412407,128.645325,2.533927,0.049755,-0.03302,-0.566632,-0.821804,-8.856385,116.256729,-15.944287,0.096345,0.02991,-0.558782,-0.823156,-0.575016,137.86377,-18.520622,-0.167031,0.920651,0.173544,0.30722,-2.145033,125.067879,22.812588,0.309369,0.865986,0.16725,-0.35551,11.53399,128.706085,34.105499,-0.050465,0.19603,0.45481,-0.86728,24.781878,118.769119,16.96265,0.063236,0.068625,0.328181,-0.939994,13.346234,136.921127,10.360072,0.041831,0.890307,0.094124,0.443558,-7.164086,90.565735,7.906625,0.089341,0.932667,-0.030741,0.348145,-6.829353,54.219662,0.305062,-0.01498,0.949202,0.013463,0.314023,-15.823564,7.24594,0.072395,-0.05454,0.903187,-0.092578,0.415582,4.840641,90.315239,22.654312,-0.008196,0.896187,-0.124511,0.425768,5.641683,54.038692,30.547556,-0.081754,0.87423,-0.065956,0.474012,1.273356,7.700443,41.555065,-0.01498,0.949202,0.013463,0.314023,-7.09837,1.568944,-11.472468,-0.081754,0.87423,-0.065956,0.474012,13.745445,1.116712,35.017284
978,8.15,-0.001029,0.902834,0.018134,0.429606,-1.182692,90.434921,15.221802,-0.022665,0.905235,0.092183,0.414172,-1.318663,98.227005,15.470223,-0.01215,0.908164,0.088235,0.40903,-3.071608,112.890915,17.68202,0.077089,0.956894,-0.016762,0.279517,-4.821804,131.166031,20.473505,0.089096,0.984631,-0.065723,0.135069,-1.496876,145.578278,19.032356,0.018446,0.870771,0.153417,0.466778,-7.239255,125.442337,17.112549,0.381969,-0.561262,0.063894,-0.731439,-17.443857,128.617447,2.495201,0.051736,-0.032348,-0.566893,-0.821529,-8.820071,116.169693,-15.911609,0.097619,0.031,-0.558505,-0.823154,-0.549648,137.780136,-18.514961,-0.166897,0.92064,0.173851,0.307153,-2.179922,125.061127,22.780302,0.309001,0.86623,0.167171,-0.355272,11.50221,128.691803,34.071877,-0.050939,0.196,0.454611,-0.867363,24.769011,118.763184,16.938816,0.062768,0.068118,0.32802,-0.940119,13.323687,136.914917,10.345313,0.041601,0.890136,0.093824,0.443988,-7.181578,90.565422,7.845218,0.089127,0.932077,-0.031223,0.349734,-6.837995,54.213749,0.270861,-0.01517,0.949155,0.013559,0.314151,-15.828891,7.239232,0.072995,-0.054774,0.903008,-0.092718,0.415909,4.816194,90.30442,22.598385,-0.008504,0.89604,-0.12477,0.425997,5.625626,54.0317,30.508345,-0.081979,0.874151,-0.066151,0.474093,1.270296,7.70013,41.549065,-0.01517,0.949155,0.013559,0.314151,-7.098153,1.566694,-11.469872,-0.081979,0.874151,-0.066151,0.474093,13.745339,1.115694,35.017628
979,8.158333,-0.000971,0.902769,0.018498,0.429726,-1.196815,90.431908,15.16504,-0.022573,0.905088,0.092902,0.414337,-1.33445,98.223785,15.418954,-0.012319,0.908047,0.088319,0.409266,-3.093643,112.879395,17.650124,0.076686,0.956764,-0.016807,0.280071,-4.851536,131.153809,20.44138,0.089007,0.984527,-0.065339,0.136072,-1.535727,145.567947,18.998117,0.018054,0.870914,0.152723,0.466754,-7.265204,125.429443,17.078857,0.38353,-0.560236,0.064533,-0.731352,-17.471151,128.580399,2.457221,0.053478,-0.031504,-0.567002,-0.821374,-8.796418,116.087601,-15.895062,0.098557,0.03175,-0.557203,-0.823895,-0.530569,137.694214,-18.511757,-0.166827,0.920612,0.174023,0.307179,-2.208872,125.049713,22.749388,0.308754,0.866386,0.167152,-0.355115,11.473521,128.675781,34.042122,-0.051457,0.19607,0.454509,-0.86737,24.752913,118.753502,16.91514,0.062215,0.067918,0.327615,-0.940311,13.303781,136.907455,10.32872,0.041458,0.890059,0.093428,0.444238,-7.193735,90.566414,7.786931,0.088883,0.931695,-0.031512,0.350787,-6.851778,54.208351,0.243245,-0.015766,0.949122,0.013478,0.314225,-15.830538,7.231423,0.069251,-0.054808,0.902743,-0.092799,0.416461,4.800106,90.297409,22.54315,-0.008915,0.895766,-0.125039,0.426485,5.604438,54.026085,30.460045,-0.082114,0.874036,-0.066339,0.474255,1.267272,7.701623,41.537659,-0.015766,0.949122,0.013478,0.314225,-7.091593,1.562259,-11.469059,-0.082114,0.874036,-0.066339,0.474255,13.745625,1.115522,35.014233
980,8.166667,-0.000842,0.902682,0.018983,0.429889,-1.209289,90.421722,15.11023,-0.022509,0.904983,0.093494,0.414437,-1.348408,98.213318,15.37181,-0.012419,0.907989,0.088355,0.409384,-3.113653,112.867882,17.619732,0.076469,0.956652,-0.016653,0.28052,-4.875839,131.141968,20.410437,0.088728,0.984458,-0.065027,0.136897,-1.565863,145.557907,18.971752,0.017571,0.871019,0.152491,0.466653,-7.287467,125.417122,17.047258,0.384936,-0.559024,0.065524,-0.731453,-17.497454,128.548447,2.424225,0.055178,-0.031011,-0.56733,-0.821055,-8.764232,116.005478,-15.865996,0.099504,0.032737,-0.555896,-0.824625,-0.513651,137.616394,-18.509283,-0.167007,0.920499,0.174152,0.307345,-2.232644,125.038383,22.719202,0.308838,0.866461,0.167097,-0.354884,11.443875,128.667313,34.018135,-0.051638,0.196297,0.454552,-0.867285,24.728588,118.737648,16.899555,0.061646,0.067617,0.327837,-0.940293,13.285101,136.89386,10.308756,0.040832,0.890042,0.093485,0.444318,-7.203557,90.562462,7.730082,0.089012,0.931289,-0.032147,0.351773,-6.817707,54.201363,0.203177,-0.015732,0.949131,0.013502,0.314197,-15.828824,7.230494,0.071786,-0.055008,0.902284,-0.092843,0.417418,4.784978,90.280983,22.490379,-0.009203,0.895571,-0.125362,0.426793,5.592947,54.011898,30.417139,-0.08199,0.873976,-0.066146,0.474413,1.263479,7.695663,41.532112,-0.015732,0.949131,0.013502,0.314197,-7.090863,1.561664,-11.467433,-0.08199,0.873976,-0.066146,0.474413,13.743864,1.112596,35.00951
981,8.175,-0.001202,0.902582,0.019658,0.430068,-1.197819,90.410652,15.059741,-0.022776,0.904869,0.094063,0.414544,-1.346572,98.201828,15.328375,-0.012615,0.907927,0.088436,0.409498,-3.126801,112.857147,17.58864,0.076346,0.956501,-0.016677,0.281069,-4.897165,131.130524,20.378845,0.088207,0.98439,-0.064578,0.137931,-1.5887,145.54689,18.940964,0.017226,0.871182,0.152125,0.466479,-7.305508,125.404716,17.014965,0.386226,-0.557972,0.06642,-0.731495,-17.521784,128.518112,2.392502,0.056881,-0.030469,-0.567514,-0.820831,-8.738166,115.92878,-15.841638,0.10024,0.034214,-0.554782,-0.825226,-0.495385,137.540894,-18.509481,-0.166939,0.920411,0.173912,0.307781,-2.252181,125.028,22.688374,0.309025,0.866431,0.166751,-0.354957,11.415456,128.654068,33.998959,-0.052017,0.196732,0.45496,-0.86695,24.692217,118.711868,16.881508,0.061298,0.067492,0.32782,-0.940331,13.272959,136.881577,10.28538,0.04097,0.890227,0.092982,0.444041,-7.189135,90.550804,7.677186,0.088837,0.930922,-0.03248,0.352757,-6.831531,54.183586,0.178497,-0.015763,0.949055,0.01402,0.314403,-15.838199,7.211792,0.073139,-0.054858,0.902315,-0.093159,0.417301,4.793497,90.270493,22.442297,-0.009442,0.895617,-0.125574,0.42663,5.58252,54.004562,30.385368,-0.081835,0.87398,-0.066122,0.474436,1.266854,7.693836,41.528637,-0.015763,0.949055,0.01402,0.314403,-7.093207,1.557506,-11.467886,-0.081835,0.87398,-0.066122,0.474436,13.745968,1.108968,35.005424
982,8.183333,-0.000838,0.902529,0.019806,0.430174,-1.220838,90.416016,15.01628,-0.022415,0.904821,0.094291,0.414615,-1.365491,98.207115,15.289417,-0.012955,0.907863,0.088524,0.40961,-3.1372,112.847092,17.557878,0.075875,0.956422,-0.016214,0.28149,-4.920686,131.119568,20.34561,0.0881,0.984315,-0.064265,0.138683,-1.627712,145.540558,18.918678,0.016929,0.871398,0.15171,0.466222,-7.324138,125.391792,16.981579,0.3876,-0.556785,0.067212,-0.7316,-17.549461,128.487534,2.361685,0.058563,-0.029955,-0.56785,-0.8205,-8.707816,115.855621,-15.814882,0.100981,0.035592,-0.553129,-0.826187,-0.482046,137.468857,-18.507698,-0.166809,0.920319,0.173576,0.308316,-2.272334,125.019058,22.656609,0.309129,0.866422,0.167159,-0.354697,11.38494,128.64061,33.981159,-0.051907,0.197008,0.455086,-0.866827,24.667442,118.699097,16.867743,0.061162,0.067501,0.328197,-0.940207,13.258264,136.870911,10.260008,0.040748,0.890407,0.092465,0.443808,-7.210444,90.563667,7.632482,0.088518,0.930562,-0.03255,0.353779,-6.857317,54.187965,0.174819,-0.015892,0.949043,0.014042,0.314433,-15.83808,7.211199,0.076648,-0.055067,0.902321,-0.093216,0.417248,4.768768,90.268364,22.400078,-0.009623,0.895575,-0.125837,0.426636,5.570444,54.004906,30.353216,-0.082242,0.873851,-0.066357,0.474571,1.259449,7.700854,41.525951,-0.015892,0.949043,0.014042,0.314433,-7.090835,1.558735,-11.463566,-0.082242,0.873851,-0.066357,0.474571,13.744278,1.117414,35.012234
983,8.191667,-0.000653,0.902395,0.020013,0.430444,-1.234118,90.414986,14.973852,-0.022149,0.904777,0.094593,0.414657,-1.377639,98.205963,15.251099,-0.01328,0.907841,0.088617,0.409629,-3.145383,112.839493,17.530062,0.075427,0.956373,-0.01571,0.281805,-4.941314,131.111038,20.315924,0.08797,0.984258,-0.063974,0.139301,-1.663829,145.536728,18.900833,0.016401,0.871515,0.151336,0.466143,-7.340596,125.381363,16.952156,0.388853,-0.555773,0.067813,-0.731649,-17.569233,128.453751,2.329654,0.05987,-0.029434,-0.568215,-0.820171,-8.677776,115.786194,-15.797739,0.101404,0.036663,-0.551842,-0.826948,-0.469237,137.406036,-18.505993,-0.166882,0.920261,0.173381,0.30856,-2.289156,125.012505,22.627766,0.309358,0.866413,0.167125,-0.354537,11.361778,128.636765,33.959091,-0.051668,0.197266,0.455286,-0.866678,24.64296,118.684067,16.851154,0.061223,0.06726,0.328779,-0.940017,13.246253,136.859436,10.230185,0.040717,0.890653,0.091853,0.443445,-7.219313,90.567612,7.586578,0.088209,0.930387,-0.032591,0.354313,-6.887583,54.183353,0.169822,-0.016018,0.94901,0.014297,0.314513,-15.842405,7.201615,0.080779,-0.055263,0.902411,-0.093354,0.416996,4.751077,90.262367,22.361126,-0.009789,0.895525,-0.12602,0.426684,5.563721,54.002441,30.329191,-0.08274,0.873787,-0.066656,0.474559,1.258786,7.703093,41.523766,-0.016018,0.94901,0.014297,0.314513,-7.09097,1.557342,-11.460268,-0.08274,0.873787,-0.066656,0.474559,13.747686,1.120534,35.016964
984,8.2,-0.001019,0.902284,0.020433,0.430656,-1.222121,90.404305,14.934017,-0.022445,0.904693,0.095104,0.414708,-1.373688,98.195007,15.214679,-0.013492,0.907822,0.088641,0.409658,-3.156592,112.831451,17.504463,0.074945,0.956331,-0.015156,0.282106,-4.96011,131.102631,20.287828,0.087768,0.984211,-0.06371,0.139877,-1.699549,145.533417,18.885609,0.015892,0.871537,0.151258,0.466145,-7.356748,125.371567,16.924534,0.389883,-0.555045,0.068358,-0.731604,-17.585909,128.426605,2.298763,0.060944,-0.028921,-0.568419,-0.819969,-8.659413,115.726471,-15.788564,0.101623,0.037763,-0.550526,-0.827749,-0.45994,137.349487,-18.506056,-0.166933,0.920205,0.173239,0.30878,-2.305763,125.005447,22.600723,0.309795,0.866296,0.167581,-0.354224,11.339643,128.631271,33.938198,-0.051056,0.197379,0.45548,-0.866587,24.6185,118.66745,16.834936,0.061429,0.067229,0.329518,-0.939747,13.2314,136.843842,10.198144,0.041005,0.891092,0.091217,0.442667,-7.203823,90.554161,7.54386,0.087934,0.92998,-0.032736,0.355435,-6.918701,54.163002,0.159086,-0.016278,0.948925,0.014837,0.314733,-15.854031,7.177535,0.081477,-0.055192,0.902568,-0.09357,0.416617,4.759581,90.25444,22.324173,-0.009869,0.895656,-0.12625,0.426337,5.564067,53.996925,30.30405,-0.082225,0.873836,-0.066463,0.474586,1.260957,7.70328,41.522877,-0.016278,0.948925,0.014837,0.314733,-7.092595,1.550587,-11.46044,-0.082225,0.873836,-0.066463,0.474586,13.745351,1.117153,35.01104
985,8.208333,-0.000928,0.902172,0.020582,0.430884,-1.225915,90.399345,14.897418,-0.022347,0.904588,0.095614,0.414825,-1.377273,98.189964,15.180755,-0.013901,0.907756,0.088524,0.409815,-3.163899,112.82196,17.484886,0.074741,0.956198,-0.014945,0.282625,-4.979914,131.093491,20.257776,0.087299,0.984158,-0.063312,0.140723,-1.725112,145.526199,18.862097,0.015579,0.871563,0.151003,0.46619,-7.371598,125.359154,16.896538,0.391007,-0.554131,0.06894,-0.731642,-17.599606,128.400284,2.267061,0.061985,-0.028516,-0.568911,-0.819564,-8.628595,115.667023,-15.774894,0.101775,0.038935,-0.549481,-0.82837,-0.453858,137.298492,-18.505415,-0.167071,0.92014,0.173153,0.308946,-2.322743,124.999191,22.575016,0.310104,0.866241,0.16744,-0.354155,11.317272,128.62915,33.91766,-0.050562,0.197597,0.455734,-0.866433,24.589302,118.650421,16.817787,0.061819,0.067038,0.330762,-0.939298,13.21631,136.829956,10.164249,0.041237,0.891554,0.090436,0.441875,-7.203893,90.552086,7.504306,0.087338,0.930173,-0.03257,0.355091,-6.966494,54.15181,0.1629,-0.016465,0.949058,0.0154,0.314294,-15.843767,7.155323,0.094285,-0.055214,0.902787,-0.093803,0.416087,4.752062,90.246613,22.290531,-0.009957,0.895766,-0.126395,0.426062,5.555403,53.992523,30.286047,-0.082111,0.873843,-0.066353,0.474609,1.257371,7.702547,41.52195,-0.016465,0.949058,0.0154,0.314294,-7.089056,1.545421,-11.461027,-0.082111,0.873843,-0.066353,0.474609,13.741347,1.117265,35.008457
986,8.216667,-0.000731,0.901976,0.020457,0.431301,-1.229417,90.393845,14.864798,-0.022669,0.904466,0.096189,0.414939,-1.377292,98.18454,15.147634,-0.014011,0.907746,0.088455,0.409849,-3.180053,112.813446,17.462965,0.074144,0.956106,-0.014785,0.283098,-4.998857,131.085327,20.23181,0.086924,0.98407,-0.062918,0.141747,-1.760497,145.521896,18.837748,0.015236,0.871461,0.150786,0.466463,-7.389439,125.34993,16.871571,0.391909,-0.553458,0.069446,-0.731621,-17.608608,128.377991,2.233215,0.062775,-0.02799,-0.569209,-0.819315,-8.605408,115.615883,-15.772284,0.101717,0.039988,-0.54875,-0.828811,-0.445147,137.252441,-18.504206,-0.16709,0.920172,0.173245,0.308788,-2.341052,124.991882,22.550587,0.310513,0.866147,0.167065,-0.354204,11.302276,128.622635,33.888988,-0.050372,0.197834,0.456172,-0.866159,24.560543,118.622482,16.790955,0.062044,0.066942,0.331871,-0.938899,13.208305,136.814575,10.126862,0.041423,0.892114,0.089589,0.440898,-7.200563,90.549103,7.466219,0.087141,0.929809,-0.032329,0.356112,-7.011513,54.138649,0.17404,-0.0166,0.948861,0.015703,0.314865,-15.863189,7.137379,0.081032,-0.055264,0.902862,-0.093834,0.41591,4.741728,90.238579,22.263376,-0.010124,0.89571,-0.126559,0.426128,5.548956,53.985332,30.262354,-0.082093,0.873804,-0.06646,0.474669,1.257619,7.699662,41.518505,-0.0166,0.948861,0.015703,0.314865,-7.092146,1.537249,-11.466629,-0.082093,0.873804,-0.06646,0.474669,13.741878,1.11182,35.008148
987,8.225,-0.000672,0.901853,0.020549,0.431553,-1.231792,90.386444,14.830311,-0.022732,0.904313,0.096701,0.41515,-1.379536,98.177078,15.114789,-0.014354,0.907632,0.08838,0.410106,-3.190986,112.80426,17.442781,0.073606,0.955942,-0.015071,0.283777,-5.020967,131.076263,20.203342,0.08662,0.983949,-0.062365,0.14301,-1.793195,145.514282,18.799768,0.014809,0.871346,0.150705,0.466716,-7.406487,125.338326,16.843861,0.392626,-0.552701,0.069881,-0.731768,-17.61755,128.352875,2.197067,0.063395,-0.027441,-0.56955,-0.819049,-8.577314,115.570358,-15.775369,0.101532,0.040947,-0.548688,-0.828828,-0.433061,137.215485,-18.503675,-0.166973,0.920218,0.173008,0.308848,-2.361454,124.985107,22.526154,0.310698,0.866179,0.167132,-0.353931,11.281925,128.614532,33.86491,-0.049928,0.198175,0.456409,-0.865982,24.54393,118.605247,16.775127,0.062486,0.066673,0.332801,-0.938559,13.207451,136.799759,10.090819,0.041809,0.892593,0.088565,0.440097,-7.1988,90.543571,7.428437,0.086624,0.929715,-0.031997,0.356514,-7.075617,54.121948,0.190811,-0.017052,0.948807,0.016262,0.314976,-15.870481,7.110047,0.082293,-0.055328,0.902973,-0.094029,0.415616,4.735215,90.229324,22.232183,-0.010215,0.895836,-0.126713,0.425814,5.543231,53.979313,30.245745,-0.082005,0.873839,-0.066412,0.474627,1.257393,7.697532,41.520004,-0.017052,0.948807,0.016262,0.314976,-7.089902,1.529535,-11.467611,-0.082005,0.873839,-0.066412,0.474627,13.740185,1.109252,35.007286
988,8.233333,-0.000743,0.901708,0.020597,0.431854,-1.22836,90.380775,14.803732,-0.022553,0.904167,0.097048,0.415396,-1.377527,98.171387,15.088359,-0.014801,0.907498,0.088236,0.410419,-3.188772,112.794281,17.426958,0.073093,0.955792,-0.014509,0.284443,-5.032593,131.066742,20.175245,0.086076,0.983873,-0.062157,0.143947,-1.821575,145.509888,18.786112,0.014459,0.871388,0.150424,0.466741,-7.411867,125.325272,16.817366,0.39315,-0.552261,0.069967,-0.73181,-17.622477,128.324188,2.167045,0.063705,-0.026984,-0.569682,-0.818948,-8.559659,115.532982,-15.787827,0.100869,0.04178,-0.548668,-0.828881,-0.421516,137.180801,-18.507093,-0.166873,0.920242,0.172612,0.309052,-2.370939,124.978683,22.50371,0.311003,0.866096,0.167158,-0.353853,11.269108,128.608047,33.846493,-0.049593,0.198588,0.45673,-0.865737,24.524689,118.587181,16.758509,0.062719,0.066804,0.333774,-0.938189,13.209267,136.78624,10.054485,0.042288,0.893077,0.087561,0.439271,-7.190416,90.537193,7.397854,0.086148,0.929824,-0.031593,0.356382,-7.138684,54.105423,0.21061,-0.017624,0.948771,0.016915,0.31502,-15.877917,7.083199,0.083756,-0.055331,0.903038,-0.094256,0.415423,4.733696,90.224365,22.209608,-0.010303,0.895887,-0.126753,0.425693,5.536552,53.977554,30.23814,-0.08218,0.873826,-0.06655,0.474601,1.258162,7.696939,41.519966,-0.017624,0.948771,0.016915,0.31502,-7.087816,1.526039,-11.470167,-0.08218,0.873826,-0.06655,0.474601,13.741873,1.108138,35.009537
989,8.241667,-0.000898,0.901578,0.020565,0.432126,-1.226164,90.377808,14.783266,-0.022267,0.90404,0.096857,0.415735,-1.377367,98.168434,15.066349,-0.015122,0.907302,0.088357,0.410813,-3.177775,112.779488,17.400623,0.072254,0.955653,-0.014085,0.285147,-5.035424,131.050797,20.147238,0.085566,0.98378,-0.061862,0.145009,-1.849029,145.500153,18.766043,0.01397,0.87157,0.15008,0.466526,-7.408033,125.307869,16.787138,0.393577,-0.551792,0.069711,-0.731958,-17.62639,128.284454,2.137666,0.06404,-0.026123,-0.570062,-0.818686,-8.53721,115.499199,-15.808119,0.100856,0.042848,-0.548598,-0.828874,-0.417321,137.156143,-18.504168,-0.167183,0.920129,0.172365,0.309358,-2.372178,124.964378,22.478159,0.311128,0.866075,0.167562,-0.353604,11.257266,128.604248,33.830322,-0.049079,0.198792,0.456909,-0.865625,24.517532,118.583382,16.745981,0.063411,0.067086,0.334782,-0.937763,13.214055,136.781448,10.025405,0.042791,0.893638,0.086489,0.438293,-7.183744,90.531418,7.373729,0.085696,0.929579,-0.031153,0.357166,-7.208415,54.088963,0.240692,-0.017924,0.948656,0.017594,0.31531,-15.892753,7.056653,0.083042,-0.055342,0.903187,-0.094461,0.415051,4.731416,90.224197,22.192802,-0.010376,0.895824,-0.126773,0.425817,5.531905,53.98037,30.234978,-0.081985,0.873834,-0.066459,0.474633,1.257357,7.700372,41.520836,-0.017924,0.948656,0.017594,0.31531,-7.09012,1.521078,-11.471704,-0.081985,0.873834,-0.066459,0.474633,13.739806,1.11074,35.008831
990,8.25,-0.001158,0.901452,0.020682,0.432382,-1.215003,90.369942,14.759088,-0.022405,0.903893,0.097146,0.415979,-1.370735,98.160484,15.042029,-0.015396,0.907181,0.088222,0.4111,-3.178725,112.766907,17.381327,0.072313,0.955423,-0.013485,0.28593,-5.044408,131.038803,20.118652,0.084527,0.983716,-0.06182,0.146071,-1.858822,145.490311,18.75823,0.013491,0.871446,0.150094,0.466767,-7.412814,125.293587,16.759485,0.394016,-0.551559,0.069458,-0.731922,-17.62351,128.256561,2.101913,0.064389,-0.024963,-0.570358,-0.818488,-8.520393,115.473106,-15.838083,0.100978,0.0441,-0.549143,-0.828433,-0.412855,137.140823,-18.500086,-0.167297,0.920105,0.172219,0.309448,-2.380668,124.954308,22.454041,0.311564,0.865976,0.167825,-0.353339,11.245365,128.598907,33.808781,-0.048668,0.199054,0.457309,-0.865377,24.50164,118.56382,16.729692,0.063621,0.067018,0.335927,-0.937344,13.218257,136.770813,9.992983,0.043456,0.894106,0.085264,0.437512,-7.168361,90.520164,7.346089,0.085221,0.929572,-0.030633,0.357343,-7.283519,54.066349,0.272252,-0.018348,0.948553,0.018412,0.315549,-15.908298,7.023201,0.08307,-0.055258,0.903231,-0.094804,0.414888,4.738356,90.219719,22.172087,-0.010387,0.895972,-0.126773,0.425506,5.523906,53.980019,30.23432,-0.08205,0.873788,-0.066464,0.474706,1.254212,7.700032,41.522045,-0.018348,0.948553,0.018412,0.315549,-7.092586,1.514183,-11.474395,-0.08205,0.873788,-0.066464,0.474706,13.738555,1.111539,35.012508
991,8.258333,-0.001318,0.901307,0.02062,0.432688,-1.208717,90.360428,14.738965,-0.022263,0.903749,0.097325,0.416256,-1.366371,98.151001,15.019896,-0.015909,0.907027,0.088091,0.411448,-3.172967,112.752686,17.364563,0.071992,0.955206,-0.013313,0.286742,-5.055007,131.024841,20.088936,0.083723,0.983626,-0.061426,0.147297,-1.877259,145.478622,18.734221,0.013103,0.871345,0.149482,0.467163,-7.416137,125.275734,16.731323,0.393968,-0.551254,0.069303,-0.732192,-17.613804,128.218201,2.060554,0.064344,-0.023782,-0.570865,-0.818173,-8.493578,115.446243,-15.878952,0.101164,0.045441,-0.549837,-0.827877,-0.409438,137.130814,-18.496153,-0.167367,0.920083,0.172027,0.309583,-2.388589,124.94384,22.430376,0.3118,0.866006,0.168078,-0.352937,11.23357,128.591949,33.788639,-0.048356,0.199788,0.457322,-0.865218,24.496368,118.547699,16.719994,0.063037,0.06707,0.336894,-0.937033,13.227982,136.748627,9.950596,0.044185,0.894602,0.08377,0.436711,-7.157049,90.507515,7.321867,0.084678,0.929742,-0.029781,0.357103,-7.375735,54.039688,0.323116,-0.018809,0.948457,0.019345,0.315756,-15.923789,6.982794,0.079211,-0.055266,0.903309,-0.095103,0.41465,4.739615,90.213341,22.156063,-0.010401,0.896183,-0.126737,0.425071,5.5185,53.977905,30.238125,-0.081915,0.873897,-0.066401,0.474536,1.256946,7.697082,41.525482,-0.018809,0.948457,0.019345,0.315756,-7.095023,1.503871,-11.482597,-0.081915,0.873897,-0.066401,0.474536,13.7373,1.107358,35.009552
992,8.266667,-0.001355,0.901175,0.020414,0.432973,-1.204611,90.350998,14.722342,-0.022577,0.90358,0.097606,0.416541,-1.361491,98.141701,15.000072,-0.016233,0.906893,0.087905,0.41177,-3.180679,112.740875,17.347673,0.071599,0.955009,-0.013143,0.287505,-5.071746,131.013855,20.060192,0.083215,0.983507,-0.061118,0.148505,-1.904019,145.470291,18.710268,0.012706,0.871077,0.149435,0.467689,-7.428141,125.261925,16.704073,0.393684,-0.550719,0.069669,-0.732713,-17.608393,128.193787,2.019085,0.064212,-0.022883,-0.571448,-0.817802,-8.46252,115.42482,-15.909503,0.101406,0.046612,-0.550739,-0.827183,-0.406331,137.127548,-18.490625,-0.167334,0.920124,0.172074,0.309455,-2.404785,124.935211,22.407124,0.312225,0.865943,0.168475,-0.352527,11.220652,128.582733,33.76165,-0.048095,0.200201,0.457704,-0.864936,24.484606,118.525276,16.70167,0.062863,0.066952,0.337847,-0.93671,13.239044,136.734146,9.914107,0.04495,0.89502,0.08218,0.436079,-7.14825,90.495857,7.301437,0.08381,0.930213,-0.028763,0.356163,-7.474605,54.013504,0.383061,-0.019727,0.948601,0.020268,0.315209,-15.911889,6.93692,0.087074,-0.055253,0.903354,-0.095402,0.414484,4.739028,90.206131,22.143246,-0.01038,0.896389,-0.126664,0.424659,5.509227,53.974842,30.244658,-0.081733,0.873901,-0.066309,0.474573,1.254085,7.692221,41.527061,-0.019727,0.948601,0.020268,0.315209,-7.083367,1.491928,-11.49094,-0.081733,0.873901,-0.066309,0.474573,13.733402,1.101879,35.009758
993,8.275,-0.001434,0.901049,0.020071,0.433251,-1.199768,90.340408,14.705586,-0.022627,0.903458,0.097835,0.41675,-1.35553,98.131332,14.977923,-0.016674,0.906788,0.087732,0.41202,-3.179226,112.727356,17.330282,0.070474,0.954852,-0.012979,0.288309,-5.083276,131.000931,20.029745,0.082934,0.983324,-0.060752,0.15002,-1.945769,145.463806,18.678406,0.012272,0.870852,0.149936,0.467958,-7.434023,125.245354,16.675901,0.393643,-0.55028,0.069684,-0.733063,-17.605547,128.17337,1.984106,0.064142,-0.022044,-0.571981,-0.817458,-8.436708,115.412056,-15.938184,0.101425,0.04767,-0.551614,-0.826536,-0.406913,137.12912,-18.48679,-0.167456,0.920077,0.172144,0.309488,-2.414022,124.925461,22.382286,0.312501,0.865928,0.16887,-0.352128,11.209181,128.57579,33.738579,-0.04779,0.200567,0.457864,-0.864783,24.478296,118.510582,16.68721,0.062737,0.067144,0.339038,-0.936274,13.245377,136.721512,9.880523,0.045813,0.895299,0.080573,0.435717,-7.138814,90.481209,7.280931,0.083146,0.930144,-0.027875,0.356571,-7.577663,53.985249,0.440986,-0.020221,0.948509,0.021283,0.315386,-15.926165,6.893259,0.085156,-0.05524,0.903352,-0.09572,0.414416,4.739279,90.199615,22.130241,-0.010424,0.89646,-0.126581,0.424532,5.499268,53.972729,30.252304,-0.081379,0.873931,-0.066139,0.474603,1.252852,7.688174,41.530094,-0.020221,0.948509,0.021283,0.315386,-7.084776,1.480971,-11.498367,-0.081379,0.873931,-0.066139,0.474603,13.729438,1.096293,35.009132
994,8.283333,-0.001711,0.900925,0.019831,0.433518,-1.189624,90.3312,14.693258,-0.022856,0.903349,0.097952,0.416946,-1.347737,98.122253,14.960304,-0.016918,0.906704,0.087611,0.412222,-3.179013,112.713089,17.311832,0.069775,0.954667,-0.012935,0.289092,-5.09002,130.987137,20.003065,0.08233,0.983173,-0.060352,0.151495,-1.96997,145.453674,18.650414,0.011817,0.870611,0.150089,0.468369,-7.437366,125.229515,16.650387,0.393625,-0.550142,0.069148,-0.733227,-17.595345,128.147888,1.947305,0.063929,-0.0208,-0.572389,-0.817222,-8.415709,115.407822,-15.984565,0.101284,0.048746,-0.553016,-0.825553,-0.405926,137.136108,-18.480885,-0.167566,0.920032,0.171859,0.309723,-2.420025,124.913445,22.359327,0.312585,0.865955,0.169062,-0.351895,11.196598,128.568878,33.72187,-0.047666,0.20086,0.458083,-0.864606,24.471069,118.501152,16.676146,0.063225,0.067836,0.340087,-0.935811,13.251204,136.718338,9.856866,0.046826,0.895469,0.078961,0.435556,-7.124249,90.46537,7.264944,0.082517,0.930194,-0.026926,0.356658,-7.684182,53.957272,0.498988,-0.021078,0.948391,0.022108,0.31563,-15.944995,6.850335,0.079627,-0.055194,0.903421,-0.096127,0.414178,4.745002,90.197021,22.121572,-0.010896,0.896655,-0.125939,0.424301,5.491373,53.975559,30.269035,-0.08068,0.874137,-0.065813,0.474388,1.314466,7.676458,41.513012,-0.021078,0.948391,0.022108,0.31563,-7.0858,1.469022,-11.504726,-0.08068,0.874137,-0.065813,0.474388,13.781145,1.080429,34.977306
995,8.291667,-0.001951,0.900795,0.019651,0.433795,-1.177092,90.319702,14.679578,-0.022993,0.903252,0.097925,0.417155,-1.337438,98.110847,14.942427,-0.017299,0.906598,0.08762,0.412436,-3.172855,112.703575,17.29142,0.069407,0.95449,-0.012476,0.289785,-5.097456,130.977081,19.976643,0.081671,0.983064,-0.060273,0.152588,-1.989326,145.447372,18.63674,0.011407,0.870375,0.150481,0.468692,-7.439158,125.216988,16.62426,0.393621,-0.549898,0.068906,-0.733434,-17.586527,128.130768,1.912947,0.063635,-0.019873,-0.572937,-0.816883,-8.392559,115.403152,-16.020416,0.101067,0.04961,-0.554299,-0.824668,-0.410417,137.146011,-18.474855,-0.167811,0.91998,0.171605,0.309883,-2.424707,124.9058,22.336002,0.312728,0.866034,0.16903,-0.351589,11.185324,128.570969,33.703304,-0.047376,0.201261,0.458324,-0.864401,24.465778,118.493149,16.668215,0.063549,0.067634,0.341157,-0.935414,13.264116,136.712021,9.830406,0.047841,0.895403,0.077329,0.435872,-7.107135,90.448395,7.247511,0.081983,0.930127,-0.026056,0.35702,-7.785278,53.928493,0.556485,-0.021757,0.948233,0.023102,0.315987,-15.969288,6.808749,0.074953,-0.055184,0.903271,-0.096553,0.414408,4.752952,90.19101,22.111645,-0.010876,0.896721,-0.125774,0.42421,5.483308,53.975548,30.287209,-0.080352,0.87419,-0.065501,0.474389,1.3126,7.672426,41.51693,-0.021757,0.948233,0.023102,0.315987,-7.09101,1.461487,-11.510554,-0.080352,0.87419,-0.065501,0.474389,13.77702,1.078483,34.974827
996,8.3,-0.002297,0.900664,0.019424,0.434076,-1.162193,90.309715,14.669679,-0.023371,0.90313,0.09784,0.417416,-1.325946,98.100975,14.926948,-0.017557,0.906478,0.087598,0.412693,-3.171225,112.694229,17.26849,0.06897,0.954282,-0.012252,0.290582,-5.104924,130.967545,19.94849,0.080997,0.982924,-0.060031,0.153939,-2.008383,145.440857,18.614582,0.010967,0.870096,0.150663,0.469163,-7.442227,125.205757,16.595953,0.393468,-0.549737,0.068711,-0.733655,-17.573952,128.111221,1.872219,0.063037,-0.018963,-0.573502,-0.816555,-8.370266,115.396713,-16.06546,0.100569,0.050294,-0.555726,-0.823726,-0.4163,137.156433,-18.470804,-0.167856,0.919939,0.17145,0.310067,-2.431138,124.897873,22.310825,0.31265,0.866152,0.169405,-0.351187,11.174224,128.564865,33.683125,-0.047257,0.201583,0.458346,-0.86432,24.47047,118.491554,16.657698,0.063484,0.067385,0.341622,-0.935267,13.275823,136.708801,9.805875,0.0488,0.89546,0.075656,0.435942,-7.087572,90.43071,7.233765,0.081515,0.930311,-0.024998,0.356723,-7.883481,53.898693,0.622333,-0.022275,0.948076,0.024243,0.316334,-15.990448,6.766459,0.065349,-0.055179,0.903031,-0.09701,0.414824,4.763187,90.188721,22.105593,-0.010885,0.896713,-0.125541,0.424296,5.475164,53.97979,30.311665,-0.080394,0.874229,-0.065463,0.474314,1.313627,7.671082,41.521732,-0.022275,0.948076,0.024243,0.316334,-7.094667,1.455789,-11.523562,-0.080394,0.874229,-0.065463,0.474314,13.777505,1.07843,34.977295
997,8.308333,-0.002785,0.900525,0.019226,0.43437,-1.145358,90.303162,14.662933,-0.023807,0.903066,0.097695,0.417565,-1.3147,98.094505,14.914064,-0.017876,0.906435,0.087483,0.412799,-3.169232,112.679764,17.244686,0.068359,0.954197,-0.011356,0.291045,-5.112251,130.9534,19.915699,0.080539,0.982853,-0.059927,0.154669,-2.038752,145.43364,18.603676,0.010734,0.869811,0.150902,0.46962,-7.445897,125.18898,16.565151,0.39343,-0.54938,0.068524,-0.733961,-17.562273,128.093552,1.830684,0.062557,-0.017959,-0.574223,-0.816108,-8.338647,115.392288,-16.10615,0.100284,0.050942,-0.557618,-0.822442,-0.421194,137.1716,-18.462305,-0.168353,0.919789,0.171374,0.310285,-2.436301,124.886086,22.281603,0.312732,0.866344,0.169185,-0.350746,11.158125,128.568207,33.662098,-0.047232,0.202125,0.458511,-0.864108,24.466675,118.481407,16.654268,0.063625,0.067294,0.341991,-0.935129,13.289579,136.700134,9.78371,0.049888,0.895295,0.073988,0.436444,-7.065838,90.414284,7.222959,0.081072,0.930527,-0.024006,0.356329,-7.984748,53.871704,0.686275,-0.023315,0.947899,0.024964,0.316736,-16.019159,6.727925,0.059714,-0.055,0.902698,-0.097382,0.415485,4.775122,90.192032,22.102907,-0.011032,0.896657,-0.125324,0.424475,5.45743,53.987015,30.328714,-0.080405,0.874281,-0.065512,0.474212,1.315058,7.673425,41.525711,-0.023315,0.947899,0.024964,0.316736,-7.100239,1.447297,-11.525146,-0.080405,0.874281,-0.065512,0.474212,13.777166,1.079482,34.979187
998,8.316667,-0.00305,0.900403,0.018804,0.434639,-1.131775,90.289726,14.656353,-0.024205,0.902965,0.097355,0.41784,-1.302049,98.081299,14.899712,-0.018177,0.9063,0.087619,0.413052,-3.164512,112.67366,17.216679,0.068304,0.953943,-0.011316,0.29189,-5.120468,130.94603,19.887033,0.079692,0.98271,-0.059797,0.156061,-2.046288,145.426514,18.579315,0.010201,0.869374,0.151435,0.470267,-7.44848,125.18026,16.534872,0.393616,-0.549021,0.06833,-0.734148,-17.543217,128.080475,1.784723,0.062188,-0.016864,-0.575072,-0.815562,-8.29952,115.38726,-16.147461,0.100084,0.051687,-0.560011,-0.820792,-0.425355,137.188782,-18.45426,-0.16834,0.919727,0.171367,0.310478,-2.442236,124.88028,22.25441,0.31269,0.866474,0.169084,-0.350512,11.147985,128.560501,33.640533,-0.047183,0.202363,0.458778,-0.863913,24.465595,118.469933,16.642042,0.063955,0.066755,0.342953,-0.934792,13.303672,136.695313,9.763482,0.050992,0.894985,0.072485,0.437204,-7.047767,90.392937,7.212698,0.080504,0.930444,-0.023173,0.356729,-8.083508,53.842266,0.739006,-0.024136,0.94777,0.025879,0.316987,-16.03928,6.685954,0.05437,-0.054929,0.902468,-0.097873,0.41588,4.784217,90.186523,22.100008,-0.01107,0.89663,-0.125017,0.42462,5.442808,53.988041,30.356459,-0.080328,0.874303,-0.065316,0.474211,1.314379,7.667175,41.528465,-0.024136,0.94777,0.025879,0.316987,-7.102696,1.438637,-11.532013,-0.080328,0.874303,-0.065316,0.474211,13.776501,1.07654,34.978642
999,8.325,-0.003145,0.900293,0.018275,0.43489,-1.125822,90.278091,14.653537,-0.024424,0.902844,0.097038,0.418163,-1.293913,98.069954,14.888783,-0.018547,0.906142,0.087503,0.413407,-3.158907,112.661789,17.193592,0.067446,0.953753,-0.011021,0.292721,-5.126578,130.934402,19.853621,0.079357,0.982528,-0.059624,0.157437,-2.076244,145.420319,18.550341,0.009681,0.869134,0.151373,0.470743,-7.448776,125.165833,16.502235,0.393553,-0.548536,0.067982,-0.734577,-17.527685,128.051132,1.73834,0.061641,-0.015726,-0.576051,-0.814934,-8.256323,115.379463,-16.194811,0.100009,0.052373,-0.562238,-0.819234,-0.432885,137.205322,-18.446115,-0.168569,0.919618,0.171387,0.310667,-2.447202,124.87117,22.226133,0.312659,0.866595,0.169038,-0.350261,11.135998,128.556946,33.618843,-0.047113,0.202465,0.458878,-0.86384,24.462917,118.463051,16.629612,0.063935,0.066316,0.344572,-0.93423,13.304903,136.69368,9.745317,0.052028,0.894445,0.071117,0.438411,-7.037667,90.375389,7.206508,0.079931,0.929996,-0.022418,0.358072,-8.178246,53.818058,0.788287,-0.024323,0.947617,0.026817,0.317351,-16.056664,6.649655,0.044819,-0.054997,0.902164,-0.098263,0.416438,4.786023,90.180794,22.100565,-0.011065,0.896706,-0.124713,0.42455,5.431831,53.988541,30.3853,-0.080215,0.874377,-0.065142,0.474117,1.316294,7.660392,41.531845,-0.024323,0.947617,0.026817,0.317351,-7.106479,1.430241,-11.543667,-0.080215,0.874377,-0.065142,0.474117,13.77643,1.071733,34.976257
1000,8.333333,-0.003246,0.900322,0.017882,0.434844,-1.121858,90.271408,14.651844,-0.02455,0.902821,0.096744,0.418273,-1.288689,98.063484,14.880896,-0.018866,0.906075,0.0873,0.413583,-3.152698,112.648964,17.174845,0.067829,0.953498,-0.010477,0.293482,-5.128519,130.922455,19.822788,0.078092,0.982456,-0.059689,0.158489,-2.069789,145.408554,18.541353,0.009282,0.868929,0.151407,0.471118,-7.447043,125.15094,16.47393,0.393552,-0.548016,0.067577,-0.735003,-17.513439,128.026245,1.699546,0.061533,-0.014496,-0.576953,-0.814327,-8.212292,115.377167,-16.234129,0.100282,0.053721,-0.565348,-0.816969,-0.434874,137.226425,-18.438189,-0.168452,0.919556,0.171103,0.311071,-2.447865,124.861702,22.200199,0.312554,0.866711,0.169256,-0.349964,11.127661,128.543884,33.603214,-0.047175,0.202795,0.458862,-0.863768,24.467638,118.453857,16.621933,0.063701,0.066366,0.345215,-0.934004,13.314816,136.683884,9.726643,0.052762,0.893844,0.070167,0.439699,-7.034439,90.363708,7.205335,0.079478,0.929546,-0.022043,0.359363,-8.245634,53.80212,0.824425,-0.024214,0.947584,0.027647,0.317386,-16.070166,6.625214,0.052324,-0.05505,0.901813,-0.09873,0.417079,4.790723,90.1791,22.098354,-0.011032,0.89672,-0.124377,0.424619,5.419538,53.994118,30.41608,-0.081333,0.87424,-0.065589,0.474117,1.313994,7.657895,41.532684,-0.024214,0.947584,0.027647,0.317386,-7.117832,1.427752,-11.544368,-0.081333,0.87424,-0.065589,0.474117,13.784717,1.076405,34.990036
1001,8.341667,-0.002862,0.900343,0.017262,0.434829,-1.132406,90.272636,14.650104,-0.024557,0.902816,0.09622,0.418404,-1.289638,98.065094,14.873065,-0.019072,0.906005,0.087231,0.413741,-3.145739,112.638107,17.15032,0.067686,0.953304,-0.009823,0.294166,-5.127903,130.911743,19.792463,0.077171,0.982352,-0.059824,0.159531,-2.076589,145.401169,18.531092,0.008978,0.868807,0.151259,0.471396,-7.443465,125.138626,16.444313,0.393718,-0.547441,0.067241,-0.735373,-17.500565,128.003342,1.661548,0.061166,-0.013607,-0.578065,-0.813581,-8.167225,115.371307,-16.267405,0.10003,0.054763,-0.567445,-0.815476,-0.448205,137.246124,-18.430664,-0.168589,0.919454,0.170835,0.311445,-2.446389,124.852432,22.172569,0.312579,0.866813,0.169272,-0.349681,11.11903,128.539276,33.586094,-0.047188,0.203026,0.458972,-0.863654,24.467695,118.444679,16.614365,0.063537,0.066177,0.346418,-0.933583,13.323405,136.677643,9.711472,0.053324,0.89314,0.069258,0.441204,-7.045277,90.366386,7.203844,0.079053,0.929328,-0.021528,0.360052,-8.31297,53.79982,0.862554,-0.02558,0.947565,0.027723,0.31733,-16.081799,6.614327,0.05362,-0.055271,0.901421,-0.099171,0.417792,4.780465,90.178886,22.096363,-0.011099,0.896702,-0.124025,0.424758,5.403568,54.00219,30.450493,-0.081219,0.874336,-0.065496,0.473974,1.316429,7.65774,41.539581,-0.02558,0.947565,0.027723,0.31733,-7.116015,1.432114,-11.539502,-0.081219,0.874336,-0.065496,0.473974,13.783956,1.076133,34.990967
1002,8.35,-0.002936,0.900412,0.01705,0.434695,-1.128316,90.274338,14.652586,-0.024841,0.902823,0.095491,0.418539,-1.285113,98.066902,14.872086,-0.019236,0.905926,0.08721,0.413912,-3.138752,112.632629,17.124445,0.06727,0.953138,-0.009373,0.294815,-5.126584,130.906174,19.762976,0.076425,0.982237,-0.059789,0.160611,-2.088722,145.399445,18.513374,0.008561,0.868644,0.151215,0.471719,-7.439337,125.131966,16.414778,0.393975,-0.547083,0.066804,-0.735541,-17.485682,127.984528,1.622349,0.060847,-0.012523,-0.579095,-0.81289,-8.130889,115.367271,-16.305845,0.100122,0.055616,-0.569318,-0.814101,-0.465713,137.266907,-18.422035,-0.168806,0.91941,0.170642,0.311563,-2.444508,124.847916,22.145102,0.312698,0.866925,0.16921,-0.349328,11.115597,128.543137,33.562237,-0.04729,0.203192,0.459008,-0.86359,24.472496,118.438049,16.603228,0.063132,0.066064,0.347276,-0.9333,13.332258,136.673157,9.696352,0.053927,0.892497,0.068521,0.442545,-7.043407,90.365013,7.208049,0.079347,0.928604,-0.021109,0.361875,-8.36583,53.795708,0.893768,-0.025971,0.947024,0.027605,0.318918,-16.144588,6.612957,0.022189,-0.055361,0.901075,-0.09956,0.418434,4.786776,90.183662,22.097122,-0.011088,0.896511,-0.123711,0.425255,5.397639,54.013451,30.480173,-0.081322,0.874306,-0.065536,0.474004,1.316237,7.661554,41.540203,-0.025971,0.947024,0.027605,0.318918,-7.136529,1.432012,-11.53869,-0.081322,0.874306,-0.065536,0.474004,13.785252,1.080747,34.993614
1003,8.358333,-0.003076,0.900483,0.016715,0.434559,-1.123675,90.273476,14.659883,-0.025051,0.902832,0.094847,0.418654,-1.280142,98.0662,14.873751,-0.019581,0.905849,0.087069,0.414094,-3.130914,112.628853,17.105194,0.067028,0.952981,-0.00888,0.295392,-5.128716,130.902817,19.733294,0.075768,0.982147,-0.05981,0.161459,-2.100061,145.399231,18.497892,0.008234,0.868391,0.151268,0.472173,-7.437163,125.125755,16.387043,0.394441,-0.546727,0.066397,-0.735593,-17.468178,127.971336,1.582873,0.06083,-0.011354,-0.58005,-0.812227,-8.092241,115.362724,-16.340357,0.100445,0.056583,-0.571641,-0.812364,-0.477217,137.284302,-18.414206,-0.16908,0.919342,0.17016,0.311877,-2.444832,124.847076,22.119804,0.312918,0.867019,0.169077,-0.348959,11.104831,128.55455,33.545364,-0.047188,0.203458,0.459101,-0.863484,24.467436,118.433777,16.600204,0.062938,0.066046,0.348519,-0.932851,13.335789,136.670029,9.682077,0.054657,0.89176,0.067933,0.444029,-7.040997,90.358932,7.217059,0.078577,0.928788,-0.020798,0.36159,-8.420673,53.789555,0.915444,-0.026031,0.947275,0.028282,0.318108,-16.121058,6.593922,0.045423,-0.055414,0.900687,-0.100079,0.419139,4.793647,90.188019,22.102707,-0.011053,0.896525,-0.123281,0.42535,5.385136,54.025948,30.522171,-0.081313,0.874365,-0.065553,0.473895,1.317082,7.663813,41.544128,-0.026031,0.947275,0.028282,0.318108,-7.12998,1.431912,-11.537124,-0.081313,0.874365,-0.065553,0.473895,13.784141,1.082103,34.994717
1004,8.366667,-0.003024,0.900553,0.016294,0.43443,-1.124049,90.274956,14.668611,-0.025397,0.902846,0.094358,0.418713,-1.276902,98.067902,14.876949,-0.019853,0.90582,0.086816,0.414196,-3.131206,112.634148,17.091175,0.066596,0.952842,-0.008724,0.295941,-5.134584,130.909332,19.706427,0.075251,0.982028,-0.059752,0.162445,-2.117654,145.408447,18.473982,0.007785,0.868036,0.151215,0.47285,-7.440599,125.12941,16.363457,0.394833,-0.54636,0.066344,-0.73566,-17.448696,127.963593,1.541601,0.060745,-0.010383,-0.581049,-0.811532,-8.053291,115.353348,-16.370274,0.100828,0.057404,-0.573726,-0.810788,-0.490882,137.298111,-18.407682,-0.168963,0.919371,0.170015,0.311936,-2.449718,124.855927,22.097731,0.313128,0.867097,0.16888,-0.348672,11.100043,128.560928,33.523972,-0.047196,0.203639,0.459261,-0.863356,24.465921,118.424728,16.590618,0.062827,0.065881,0.349158,-0.932631,13.343239,136.666565,9.666573,0.05505,0.891142,0.06773,0.445251,-7.043499,90.35778,7.227451,0.078404,0.928395,-0.020706,0.362639,-8.447224,53.789555,0.924488,-0.026453,0.947219,0.028279,0.318241,-16.128212,6.590965,0.043557,-0.055475,0.900573,-0.10045,0.419286,4.795403,90.192123,22.109772,-0.011118,0.896114,-0.122935,0.426313,5.377829,54.036087,30.555746,-0.08043,0.874409,-0.064917,0.474053,1.317696,7.665944,41.546913,-0.026453,0.947219,0.028279,0.318241,-7.129457,1.433031,-11.534834,-0.08043,0.874409,-0.064917,0.474053,13.780273,1.085664,34.987553
1005,8.375,-0.00296,0.90067,0.015914,0.434203,-1.125204,90.276573,14.680015,-0.025648,0.902921,0.093677,0.418689,-1.274529,98.069725,14.883486,-0.020128,0.905838,0.086461,0.414217,-3.126544,112.63504,17.075895,0.066092,0.952712,-0.008513,0.296479,-5.133782,130.912109,19.675009,0.074685,0.981904,-0.059622,0.163499,-2.1311,145.414505,18.446377,0.007415,0.867724,0.151221,0.473426,-7.438359,125.128807,16.336891,0.395282,-0.545876,0.06638,-0.735775,-17.426933,127.954506,1.500262,0.060738,-0.009485,-0.582148,-0.810755,-8.006574,115.340057,-16.395535,0.101425,0.058066,-0.576056,-0.809012,-0.502172,137.31012,-18.401743,-0.168705,0.919379,0.169664,0.312243,-2.447919,124.86132,22.071831,0.313236,0.867172,0.168571,-0.34854,11.098043,128.55986,33.504658,-0.047311,0.203851,0.459401,-0.863225,24.465088,118.411888,16.579294,0.062713,0.065687,0.349383,-0.932568,13.351605,136.658722,9.650631,0.055073,0.890591,0.067791,0.44634,-7.04842,90.357285,7.24183,0.07825,0.92814,-0.020661,0.363327,-8.443933,53.789867,0.932377,-0.026203,0.947379,0.028296,0.317784,-16.109137,6.58879,0.047194,-0.055526,0.900616,-0.100638,0.419141,4.798012,90.195862,22.118198,-0.010873,0.896765,-0.122786,0.424992,5.379241,54.043049,30.578047,-0.081101,0.874449,-0.065517,0.473782,1.320332,7.668871,41.55262,-0.026203,0.947379,0.028296,0.317784,-7.124052,1.428694,-11.540846,-0.081101,0.874449,-0.065517,0.473782,13.783303,1.084287,34.998341
1006,8.383333,-0.002213,0.900821,0.015095,0.433922,-1.152559,90.289032,14.698449,-0.025362,0.903068,0.092815,0.418582,-1.285788,98.082634,14.895524,-0.02026,0.905903,0.086107,0.414144,-3.117044,112.635742,17.066263,0.066304,0.952535,-0.007849,0.297017,-5.123119,130.914886,19.651682,0.073374,0.981839,-0.059969,0.164355,-2.118585,145.418793,18.445816,0.00688,0.867463,0.15086,0.474028,-7.428439,125.129128,16.318338,0.395512,-0.54576,0.066085,-0.735765,-17.396635,127.935074,1.464257,0.060824,-0.008119,-0.583169,-0.81003,-7.968327,115.327225,-16.432011,0.102997,0.058996,-0.578537,-0.806973,-0.517766,137.32135,-18.391674,-0.169026,0.91935,0.169141,0.312436,-2.437155,124.865814,22.052738,0.313894,0.867055,0.16829,-0.348375,11.100523,128.579605,33.49044,-0.046904,0.204031,0.45969,-0.863051,24.453405,118.40023,16.572758,0.062637,0.065567,0.350076,-0.932322,13.354236,136.652847,9.630323,0.054611,0.890064,0.06823,0.44738,-7.080482,90.375687,7.26408,0.078381,0.928,-0.020561,0.363661,-8.423452,53.808933,0.939359,-0.025334,0.947409,0.027649,0.317821,-16.096386,6.609422,0.037942,-0.055755,0.900797,-0.100729,0.418701,4.775365,90.202377,22.132816,-0.010797,0.896984,-0.122523,0.424607,5.373132,54.052807,30.605368,-0.081076,0.874528,-0.065615,0.473627,1.323177,7.672313,41.556538,-0.025334,0.947409,0.027649,0.317821,-7.121542,1.422996,-11.546283,-0.081076,0.874528,-0.065615,0.473627,13.782898,1.084565,34.999252
1007,8.391667,-0.001818,0.901037,0.014643,0.433491,-1.161429,90.290977,14.715966,-0.025332,0.903185,0.091986,0.418514,-1.285961,98.084808,14.909421,-0.020558,0.905918,0.085715,0.414178,-3.10616,112.643578,17.058855,0.065184,0.952433,-0.008179,0.297584,-5.116325,130.924774,19.626535,0.072983,0.981663,-0.059707,0.165667,-2.13853,145.432816,18.404013,0.006432,0.867295,0.150473,0.474463,-7.420057,125.135338,16.298462,0.395824,-0.545479,0.066013,-0.735812,-17.373512,127.922905,1.431037,0.060766,-0.007303,-0.584085,-0.809382,-7.93013,115.314606,-16.456968,0.103664,0.059528,-0.580738,-0.805266,-0.528484,137.328964,-18.386742,-0.169001,0.919396,0.168612,0.312602,-2.429388,124.878563,22.033695,0.314376,0.867004,0.167861,-0.348275,11.104853,128.596756,33.474041,-0.0466,0.204187,0.459969,-0.862882,24.446613,118.390289,16.563898,0.062842,0.06534,0.350297,-0.932241,13.362095,136.647278,9.611417,0.054213,0.889706,0.068749,0.448061,-7.096499,90.380531,7.287335,0.078627,0.927919,-0.02069,0.363809,-8.390964,53.815842,0.940605,-0.025228,0.947453,0.027346,0.317723,-16.089937,6.620541,0.040797,-0.05579,0.901007,-0.100995,0.418179,4.773642,90.201416,22.144598,-0.01072,0.897035,-0.122254,0.42458,5.370277,54.056122,30.635447,-0.080591,0.874648,-0.065434,0.473514,1.324951,7.669166,41.560944,-0.025228,0.947453,0.027346,0.317723,-7.119494,1.424665,-11.542603,-0.080591,0.874648,-0.065434,0.473514,13.778168,1.077633,34.99511
1008,8.4,-0.001719,0.901205,0.014362,0.433151,-1.16326,90.29705,14.737527,-0.025683,0.903333,0.091319,0.418318,-1.284427,98.091019,14.927763,-0.020504,0.906061,0.085118,0.413989,-3.104721,112.648026,17.054821,0.06468,0.952379,-0.007736,0.297877,-5.103417,130.933075,19.603851,0.072258,0.981586,-0.059864,0.166384,-2.142566,145.445358,18.390564,0.005916,0.867132,0.150223,0.474848,-7.411901,125.141403,16.282997,0.396561,-0.545272,0.065502,-0.735613,-17.352375,127.910522,1.403448,0.060954,-0.00644,-0.584906,-0.808782,-7.895063,115.305504,-16.479509,0.104255,0.059917,-0.582794,-0.803674,-0.538272,137.334946,-18.383802,-0.169109,0.919488,0.167995,0.312605,-2.418821,124.887932,22.016275,0.314956,0.866916,0.167433,-0.348175,11.11401,128.617279,33.454651,-0.045881,0.203962,0.460359,-0.862765,24.441662,118.380226,16.551882,0.063864,0.064904,0.351139,-0.931885,13.368289,136.644287,9.594616,0.053706,0.889599,0.069466,0.448223,-7.103936,90.385902,7.313372,0.079351,0.927481,-0.020991,0.364749,-8.339778,53.82452,0.936019,-0.025485,0.947302,0.026651,0.318213,-16.112028,6.641352,0.029785,-0.055761,0.901127,-0.101154,0.417885,4.777416,90.208199,22.161684,-0.010591,0.89718,-0.121995,0.424351,5.369843,54.065048,30.661964,-0.079405,0.874749,-0.065034,0.473582,1.326818,7.671788,41.561504,-0.025485,0.947302,0.026651,0.318213,-7.129017,1.42895,-11.536435,-0.079405,0.874749,-0.065034,0.473582,13.769555,1.071189,34.984924
1009,8.408333,-0.001729,0.901337,0.013995,0.43289,-1.16135,90.302155,14.761725,-0.025856,0.90348,0.090574,0.418153,-1.280124,98.096283,14.946763,-0.020669,0.906171,0.084672,0.413834,-3.095651,112.658379,17.052437,0.064415,0.952283,-0.007657,0.298243,-5.092628,130.945999,19.584383,0.071371,0.98151,-0.059879,0.167212,-2.138772,145.459824,18.372522,0.005599,0.867075,0.149745,0.475107,-7.402478,125.151215,16.269899,0.397155,-0.545335,0.065051,-0.735287,-17.334179,127.903534,1.381375,0.06108,-0.00561,-0.585416,-0.80841,-7.877316,115.298714,-16.501947,0.10477,0.060194,-0.58463,-0.802252,-0.548414,137.337769,-18.379583,-0.169137,0.919624,0.167298,0.312564,-2.407538,124.903069,22.001795,0.315215,0.866946,0.166905,-0.348119,11.125903,128.642303,33.436222,-0.045364,0.203994,0.460276,-0.862829,24.447662,118.384888,16.541143,0.064144,0.064658,0.351754,-0.931651,13.372004,136.641449,9.571532,0.053269,0.889698,0.070205,0.447964,-7.106327,90.387733,7.340974,0.079721,0.927482,-0.021245,0.364651,-8.290458,53.83054,0.929868,-0.024763,0.947337,0.026535,0.318175,-16.104227,6.654036,0.033917,-0.055715,0.901546,-0.101425,0.416922,4.783628,90.216568,22.182476,-0.010339,0.89746,-0.121705,0.423847,5.373526,54.077126,30.698648,-0.079399,0.874782,-0.06509,0.473514,1.326836,7.676592,41.565807,-0.024763,0.947337,0.026535,0.318175,-7.13022,1.431436,-11.534695,-0.079399,0.874782,-0.06509,0.473514,13.768137,1.07438,34.988125
1010,8.416667,-0.00164,0.901536,0.013765,0.432483,-1.166314,90.310532,14.786789,-0.025886,0.90363,0.089913,0.417969,-1.282207,98.104767,14.969255,-0.02081,0.906275,0.084063,0.413722,-3.090155,112.671791,17.057608,0.064712,0.952177,-0.007332,0.298526,-5.082249,130.963013,19.567287,0.07028,0.981503,-0.060128,0.167623,-2.122086,145.476624,18.368353,0.005218,0.866974,0.149364,0.475416,-7.394249,125.16465,16.260569,0.397803,-0.545197,0.064888,-0.735053,-17.315453,127.900108,1.361939,0.061225,-0.005165,-0.586116,-0.807894,-7.850418,115.287521,-16.511585,0.105268,0.06031,-0.586128,-0.801084,-0.560054,137.338562,-18.378145,-0.168768,0.919904,0.166673,0.312274,-2.39799,124.92247,21.991568,0.315705,0.866856,0.1664,-0.348141,11.14653,128.659943,33.413448,-0.044985,0.204004,0.460405,-0.862778,24.452797,118.37542,16.522642,0.064463,0.064709,0.351466,-0.931734,13.382426,136.632858,9.545404,0.052658,0.889916,0.070967,0.447483,-7.118001,90.395638,7.371411,0.080219,0.927671,-0.021347,0.364053,-8.239794,53.841614,0.931039,-0.02461,0.947334,0.026042,0.318237,-16.101498,6.673133,0.031774,-0.055517,0.901997,-0.10153,0.415947,4.785373,90.225426,22.202168,-0.010239,0.897571,-0.121506,0.423672,5.368014,54.085934,30.718655,-0.080378,0.874659,-0.065498,0.47352,1.322856,7.680586,41.565792,-0.02461,0.947334,0.026042,0.318237,-7.129086,1.435444,-11.531256,-0.080378,0.874659,-0.065498,0.47352,13.773453,1.084245,34.999813
1011,8.425,-0.001575,0.901728,0.01326,0.432098,-1.173007,90.322594,14.821762,-0.025862,0.903808,0.089147,0.417749,-1.284505,98.11705,14.997604,-0.02097,0.906405,0.08344,0.413556,-3.081018,112.681351,17.065376,0.064461,0.952092,-0.00717,0.298855,-5.068502,130.976196,19.552179,0.069379,0.981432,-0.060358,0.168329,-2.115736,145.491623,18.356958,0.00496,0.866997,0.148555,0.475628,-7.382857,125.174042,16.253759,0.398153,-0.54504,0.064805,-0.734987,-17.296835,127.888641,1.346508,0.061128,-0.004895,-0.586783,-0.807419,-7.823105,115.273026,-16.520275,0.105699,0.060131,-0.587314,-0.800171,-0.568902,137.33728,-18.375835,-0.168703,0.920135,0.165802,0.312091,-2.38461,124.93824,21.983292,0.316261,0.866733,0.165964,-0.348151,11.16484,128.685913,33.395977,-0.044122,0.203986,0.460393,-0.862833,24.454031,118.373146,16.508961,0.064776,0.064476,0.352147,-0.931472,13.382566,136.623734,9.513874,0.051947,0.89023,0.07199,0.446777,-7.131028,90.404549,7.411437,0.080367,0.928172,-0.021576,0.362731,-8.176848,53.855865,0.928128,-0.024346,0.947683,0.025688,0.317246,-16.060785,6.690603,0.055299,-0.055316,0.9024,-0.101381,0.415135,4.785013,90.240646,22.232086,-0.010165,0.897697,-0.121361,0.423448,5.366554,54.097237,30.732029,-0.080206,0.874661,-0.065675,0.47352,1.323716,7.688355,41.564938,-0.024346,0.947683,0.025688,0.317246,-7.116258,1.440135,-11.523522,-0.080206,0.874661,-0.065675,0.47352,13.771547,1.085219,35.000549
1012,8.433333,-0.001534,0.901885,0.012966,0.431779,-1.176173,90.329575,14.850216,-0.025838,0.903964,0.088611,0.417527,-1.28505,98.124146,15.022245,-0.021117,0.906542,0.08277,0.413382,-3.073809,112.691284,17.076551,0.064245,0.952053,-0.007075,0.299029,-5.055541,130.990036,19.53907,0.068527,0.981411,-0.060555,0.168728,-2.109119,145.506882,18.345352,0.004658,0.866972,0.148094,0.475822,-7.372665,125.18399,16.249466,0.398426,-0.545012,0.064845,-0.734856,-17.280064,127.882179,1.334873,0.061007,-0.004789,-0.587345,-0.80702,-7.80515,115.259018,-16.525942,0.106076,0.059964,-0.588276,-0.799427,-0.581671,137.333817,-18.375704,-0.168751,0.920369,0.165103,0.311744,-2.372322,124.954689,21.977428,0.316671,0.866731,0.165057,-0.348215,11.184364,128.715378,33.377224,-0.043301,0.204127,0.460304,-0.862889,24.459059,118.37114,16.498058,0.065315,0.064145,0.352587,-0.93129,13.386586,136.611984,9.479913,0.051233,0.890494,0.072911,0.446183,-7.139431,90.409737,7.444087,0.080763,0.928315,-0.021819,0.362262,-8.111691,53.865505,0.924363,-0.023568,0.947851,0.025441,0.316821,-16.039349,6.707353,0.063198,-0.055312,0.902988,-0.100898,0.413973,4.787084,90.249413,22.256344,-0.009854,0.897986,-0.121579,0.422779,5.394375,54.098724,30.723461,-0.079964,0.874648,-0.065685,0.473585,1.324065,7.694319,41.565247,-0.023568,0.947851,0.025441,0.316821,-7.114197,1.442373,-11.523984,-0.079964,0.874648,-0.065685,0.473585,13.770151,1.087368,35.001385
1013,8.441667,-0.002334,0.90201,0.013179,0.431508,-1.144059,90.321281,14.876805,-0.026316,0.90411,0.088363,0.417234,-1.26558,98.115715,15.046482,-0.021303,0.906726,0.082093,0.413104,-3.065641,112.701225,17.091326,0.06293,0.952049,-0.007402,0.299312,-5.042542,131.00383,19.529003,0.06809,0.98126,-0.060539,0.169785,-2.129086,145.525696,18.315691,0.004368,0.866928,0.147692,0.476029,-7.362692,125.193535,16.249037,0.398811,-0.545045,0.064832,-0.734624,-17.263058,127.876785,1.327075,0.060987,-0.004723,-0.587799,-0.806691,-7.789784,115.244171,-16.527929,0.106426,0.05972,-0.589183,-0.79873,-0.591251,137.326889,-18.375877,-0.168714,0.920642,0.164516,0.311269,-2.35898,124.971458,21.974342,0.317116,0.866695,0.164415,-0.348201,11.208873,128.742035,33.357586,-0.042274,0.204308,0.460154,-0.862977,24.470585,118.369164,16.485781,0.065477,0.063158,0.352913,-0.931223,13.396469,136.59494,9.439046,0.051096,0.890916,0.073752,0.445218,-7.111714,90.389389,7.474097,0.081209,0.928283,-0.022232,0.362216,-8.053959,53.853271,0.904672,-0.023778,0.947871,0.025407,0.316748,-16.035206,6.703779,0.065062,-0.054777,0.903515,-0.101053,0.412854,4.823595,90.253166,22.279512,-0.009693,0.898202,-0.121481,0.422352,5.400821,54.10043,30.739944,-0.080037,0.874702,-0.065667,0.473475,1.325769,7.693443,41.568871,-0.023778,0.947871,0.025407,0.316748,-7.109663,1.439866,-11.522303,-0.080037,0.874702,-0.065667,0.473475,13.770988,1.087698,35.002151
1014,8.45,-0.002288,0.902178,0.0128,0.431168,-1.146584,90.330414,14.910529,-0.026391,0.904291,0.087799,0.416957,-1.264837,98.125008,15.075231,-0.021386,0.906897,0.081473,0.412847,-3.059268,112.712646,17.104616,0.062889,0.951966,-0.007669,0.299576,-5.028785,131.01889,19.520851,0.066956,0.981211,-0.060649,0.17048,-2.113417,145.53981,18.300829,0.004041,0.86694,0.147083,0.4762,-7.352701,125.205322,16.249367,0.398936,-0.545203,0.064879,-0.734435,-17.247282,127.868721,1.32001,0.06076,-0.00471,-0.58813,-0.806467,-7.782502,115.228775,-16.534307,0.10669,0.059381,-0.589527,-0.798467,-0.601979,137.318176,-18.376478,-0.168739,0.920947,0.163874,0.31069,-2.345814,124.988647,21.972105,0.317324,0.866779,0.163515,-0.348228,11.234778,128.772614,33.335693,-0.041381,0.204397,0.459975,-0.863095,24.489317,118.37516,16.473392,0.066368,0.06255,0.352842,-0.931228,13.409281,136.588593,9.403249,0.050505,0.891264,0.074643,0.444439,-7.11982,90.396118,7.512302,0.081634,0.928459,-0.022349,0.361664,-7.999074,53.865372,0.904424,-0.023007,0.947932,0.025223,0.316639,-16.022327,6.723004,0.065167,-0.054648,0.903918,-0.100895,0.412026,4.826651,90.264702,22.308758,-0.009534,0.898333,-0.121373,0.422109,5.407889,54.108547,30.754311,-0.079928,0.874702,-0.065767,0.473479,1.326486,7.698769,41.568863,-0.023007,0.947932,0.025223,0.316639,-7.10829,1.446568,-11.525355,-0.079928,0.874702,-0.065767,0.473479,13.770061,1.089007,35.003078
1015,8.458333,-0.002303,0.902281,0.012538,0.43096,-1.147706,90.338226,14.94136,-0.026241,0.904424,0.087366,0.416769,-1.26438,98.132927,15.102303,-0.02166,0.907014,0.080823,0.412704,-3.049222,112.724518,17.122608,0.063095,0.951865,-0.008252,0.299839,-5.017678,131.034225,19.513231,0.065835,0.981195,-0.060565,0.171039,-2.090836,145.551712,18.2798,0.003726,0.866918,0.146912,0.476294,-7.342644,125.216057,16.250723,0.399204,-0.545465,0.064936,-0.73409,-17.234076,127.867104,1.317087,0.060803,-0.004629,-0.588297,-0.806343,-7.783246,115.214279,-16.535503,0.107052,0.059345,-0.589744,-0.798261,-0.61207,137.306061,-18.376209,-0.168765,0.921255,0.163435,0.309994,-2.334132,125.007462,21.972338,0.317479,0.866861,0.162746,-0.348244,11.261795,128.803223,33.313633,-0.040503,0.204462,0.459635,-0.863302,24.51112,118.385506,16.459742,0.06706,0.06222,0.352847,-0.931199,13.418404,136.581848,9.366455,0.049907,0.891684,0.075436,0.443529,-7.124351,90.401474,7.545866,0.082191,0.92866,-0.022593,0.361006,-7.944525,53.875099,0.906251,-0.022689,0.947945,0.024979,0.316641,-16.025862,6.74251,0.074953,-0.054411,0.904224,-0.101124,0.41133,4.82894,90.274986,22.336855,-0.009533,0.898354,-0.121044,0.422157,5.393717,54.12035,30.790033,-0.080027,0.874745,-0.065823,0.473375,1.324954,7.702932,41.576557,-0.022689,0.947945,0.024979,0.316641,-7.115945,1.456275,-11.514275,-0.080027,0.874745,-0.065823,0.473375,13.767695,1.09308,35.009281
1016,8.466667,-0.002219,0.902357,0.012307,0.430808,-1.151455,90.347038,14.972159,-0.026133,0.90462,0.086779,0.416472,-1.265356,98.14183,15.130433,-0.021695,0.907222,0.080231,0.41236,-3.039155,112.734604,17.13677,0.062888,0.95185,-0.008307,0.299929,-4.998865,131.047806,19.507797,0.064782,0.981179,-0.060739,0.171472,-2.077046,145.56604,18.27136,0.003509,0.867025,0.146227,0.476312,-7.328521,125.226746,16.253769,0.399163,-0.545857,0.064998,-0.733815,-17.219385,127.859291,1.316483,0.060602,-0.004617,-0.588407,-0.806278,-7.789351,115.198753,-16.541634,0.107466,0.059162,-0.589485,-0.79841,-0.624698,137.291367,-18.376564,-0.168942,0.921505,0.163151,0.309304,-2.315717,125.02285,21.971794,0.317597,0.866937,0.162031,-0.348279,11.293502,128.833313,33.292198,-0.039635,0.204549,0.45923,-0.863538,24.538059,118.397949,16.445477,0.067787,0.062084,0.352411,-0.93132,13.430593,136.574982,9.328317,0.049355,0.892061,0.076142,0.442712,-7.130589,90.409798,7.578673,0.08265,0.928998,-0.022644,0.360028,-7.896899,53.887295,0.911389,-0.022541,0.947978,0.024536,0.316587,-16.021248,6.76215,0.077271,-0.054468,0.904659,-0.100501,0.410518,4.827679,90.284279,22.365644,-0.009327,0.898364,-0.121261,0.422079,5.423098,54.120766,30.778664,-0.080191,0.874741,-0.065877,0.473347,1.328776,7.708004,41.575546,-0.022541,0.947978,0.024536,0.316587,-7.11558,1.462221,-11.508967,-0.080191,0.874741,-0.065877,0.473347,13.772678,1.099378,35.009235
1017,8.475,-0.002219,0.902425,0.012206,0.430668,-1.149524,90.349068,14.995471,-0.025919,0.904715,0.086492,0.416339,-1.262736,98.143898,15.152341,-0.021823,0.907318,0.079571,0.412269,-3.027436,112.742172,17.154486,0.062813,0.951807,-0.00847,0.300079,-4.981171,131.059082,19.501661,0.063669,0.981202,-0.06083,0.171725,-2.059592,145.576981,18.260637,0.003308,0.867128,0.146025,0.476188,-7.313214,125.234436,16.255791,0.399283,-0.546267,0.065123,-0.733433,-17.208401,127.856537,1.319528,0.060666,-0.004579,-0.588407,-0.806273,-7.800489,115.1819,-16.540257,0.107929,0.059244,-0.589155,-0.798585,-0.635983,137.273865,-18.375465,-0.169168,0.921815,0.163018,0.308326,-2.299359,125.036598,21.97311,0.31773,0.867029,0.160989,-0.348411,11.328974,128.86377,33.264847,-0.03894,0.204518,0.458906,-0.863748,24.56514,118.40522,16.425905,0.068619,0.061947,0.352089,-0.93139,13.443035,136.568802,9.292624,0.049031,0.89237,0.076618,0.442043,-7.130953,90.41095,7.603832,0.08288,0.929248,-0.022654,0.359326,-7.865102,53.891476,0.916361,-0.022357,0.948074,0.024438,0.31632,-16.010735,6.770012,0.081282,-0.054406,0.904944,-0.100369,0.409929,4.831904,90.287186,22.387108,-0.0092,0.898402,-0.121221,0.422013,5.432729,54.121208,30.789112,-0.080082,0.874744,-0.065763,0.473377,1.32993,7.707292,41.577805,-0.022357,0.948074,0.024438,0.31632,-7.113803,1.465521,-11.509582,-0.080082,0.874744,-0.065763,0.473377,13.773611,1.099703,35.010029
1018,8.483333,-0.00186,0.902447,0.011663,0.43064,-1.166468,90.356598,15.02901,-0.025435,0.904821,0.085914,0.416258,-1.270961,98.151657,15.180654,-0.021982,0.907401,0.078925,0.412203,-3.01463,112.747406,17.172728,0.061855,0.951802,-0.009177,0.30027,-4.963709,131.067856,19.496008,0.063037,0.981147,-0.060582,0.17236,-2.062157,145.587402,18.227514,0.003259,0.867338,0.145397,0.475997,-7.297573,125.239479,16.258137,0.399441,-0.54665,0.065212,-0.733054,-17.199347,127.848244,1.3239,0.060833,-0.004462,-0.588414,-0.806255,-7.811947,115.160248,-16.537193,0.10859,0.059389,-0.588606,-0.79889,-0.647536,137.25322,-18.372688,-0.169316,0.922055,0.162611,0.307741,-2.282986,125.047997,21.975033,0.317929,0.867055,0.160219,-0.348521,11.356598,128.889572,33.248283,-0.038123,0.20472,0.458623,-0.863887,24.583084,118.410469,16.414515,0.069267,0.061931,0.351956,-0.931394,13.453224,136.558456,9.254866,0.048569,0.892614,0.077197,0.441499,-7.148392,90.420197,7.637786,0.083068,0.929464,-0.022583,0.35873,-7.836904,53.903992,0.927672,-0.022108,0.948166,0.024069,0.316092,-15.997208,6.785202,0.085091,-0.054531,0.905315,-0.099997,0.409184,4.815456,90.292999,22.420233,-0.009007,0.898605,-0.121163,0.421601,5.443069,54.122509,30.800819,-0.080063,0.874771,-0.065691,0.47334,1.330945,7.706925,41.578789,-0.022108,0.948166,0.024069,0.316092,-7.109632,1.468047,-11.507149,-0.080063,0.874771,-0.065691,0.47334,13.774148,1.100593,35.008835
1019,8.491667,-0.001801,0.902445,0.011303,0.430654,-1.169751,90.358093,15.059267,-0.024828,0.904915,0.085528,0.416171,-1.271001,98.153275,15.206244,-0.02234,0.907472,0.078246,0.412157,-2.993852,112.755135,17.196201,0.061981,0.951699,-0.009544,0.300561,-4.944506,131.078964,19.491383,0.061691,0.98115,-0.060693,0.172787,-2.035425,145.596283,18.214954,0.003087,0.86758,0.144849,0.475724,-7.278003,125.245377,16.262617,0.399523,-0.547207,0.065221,-0.732593,-17.189224,127.837883,1.33182,0.0609,-0.00436,-0.588259,-0.806364,-7.830908,115.13826,-16.53627,0.109039,0.059513,-0.58786,-0.799368,-0.657433,137.23024,-18.369501,-0.169448,0.92227,0.162092,0.307299,-2.26309,125.063171,21.979527,0.317974,0.867172,0.15901,-0.348743,11.384717,128.918823,33.238003,-0.037255,0.2051,0.458367,-0.863971,24.602451,118.417679,16.4111,0.070111,0.061251,0.351815,-0.931428,13.468302,136.551239,9.217168,0.048342,0.892795,0.077596,0.441089,-7.151448,90.419754,7.667844,0.083291,0.929672,-0.022512,0.358143,-7.814862,53.906517,0.939094,-0.022396,0.948206,0.023873,0.315964,-15.992956,6.790984,0.087604,-0.054541,0.905524,-0.099664,0.408803,4.811945,90.296425,22.450689,-0.008855,0.898749,-0.121158,0.421299,5.453987,54.121052,30.809116,-0.08015,0.87479,-0.0657,0.473289,1.332615,7.705101,41.581947,-0.022396,0.948206,0.023873,0.315964,-7.105963,1.471105,-11.503829,-0.08015,0.87479,-0.0657,0.473289,13.775924,1.099754,35.011215
1020,8.5,-0.001872,0.902395,0.011056,0.430763,-1.164126,90.360893,15.087363,-0.024916,0.904821,0.08572,0.41633,-1.264742,98.156158,15.230364,-0.022352,0.907438,0.077377,0.412394,-2.993348,112.762573,17.22481,0.06263,0.95151,-0.010045,0.301006,-4.931774,131.0914,19.490204,0.060098,0.981177,-0.060815,0.173152,-1.999013,145.603409,18.207403,0.003072,0.867743,0.144214,0.47562,-7.267918,125.254463,16.269449,0.399498,-0.547694,0.06558,-0.73221,-17.182735,127.835037,1.338975,0.060975,-0.004392,-0.588073,-0.806494,-7.852089,115.11544,-16.529385,0.109532,0.059606,-0.586883,-0.800012,-0.668283,137.204269,-18.365402,-0.169452,0.922616,0.161676,0.306476,-2.255989,125.077583,21.98914,0.318033,0.867321,0.158009,-0.348772,11.410058,128.944931,33.221447,-0.036589,0.205444,0.458061,-0.86408,24.625011,118.422638,16.405573,0.070748,0.060991,0.351545,-0.931499,13.484788,136.540695,9.183179,0.048346,0.892973,0.077831,0.440687,-7.144019,90.419327,7.694455,0.083359,0.930221,-0.02229,0.356711,-7.802991,53.908825,0.950431,-0.022398,0.948288,0.023774,0.315725,-15.98093,6.79343,0.089505,-0.054572,0.905715,-0.099319,0.408459,4.815767,90.302452,22.48027,-0.00864,0.898698,-0.121194,0.421401,5.473688,54.122246,30.81649,-0.079965,0.874777,-0.065634,0.473352,1.331216,7.706758,41.583218,-0.022398,0.948288,0.023774,0.315725,-7.100002,1.470729,-11.50528,-0.079965,0.874777,-0.065634,0.473352,13.773767,1.100247,35.012222
1021,8.508333,-0.002327,0.902351,0.011017,0.430854,-1.141197,90.359856,15.114773,-0.025072,0.904845,0.085432,0.416328,-1.247965,98.155106,15.254164,-0.022432,0.907487,0.076875,0.412376,-2.97762,112.766205,17.239492,0.062504,0.951442,-0.010458,0.301235,-4.911038,131.097778,19.4869,0.058996,0.981173,-0.060795,0.173562,-1.977553,145.608597,18.192406,0.003011,0.867994,0.143759,0.475301,-7.248875,125.258301,16.271988,0.399518,-0.548238,0.065847,-0.731768,-17.174679,127.827492,1.346843,0.061045,-0.004359,-0.587892,-0.806621,-7.874152,115.089096,-16.523827,0.110032,0.059756,-0.585542,-0.800914,-0.680575,137.174133,-18.360004,-0.169593,0.922843,0.160983,0.306078,-2.236769,125.085701,21.991657,0.318229,0.86737,0.157377,-0.348758,11.436386,128.969193,33.209751,-0.035775,0.205724,0.457745,-0.864215,24.645874,118.427452,16.401751,0.071158,0.060876,0.351595,-0.931457,13.497703,136.529129,9.149885,0.048658,0.893164,0.077903,0.440251,-7.119571,90.410194,7.720575,0.083423,0.930325,-0.02219,0.356433,-7.800085,53.902771,0.962049,-0.022577,0.948278,0.024009,0.315724,-15.980533,6.787973,0.092453,-0.054392,0.905859,-0.099254,0.408178,4.837177,90.309517,22.50897,-0.008422,0.898958,-0.121101,0.420877,5.487632,54.126888,30.835262,-0.079858,0.874843,-0.065563,0.473259,1.336461,7.708889,41.587818,-0.022577,0.948278,0.024009,0.315724,-7.096972,1.473482,-11.504086,-0.079858,0.874843,-0.065563,0.473259,13.776604,1.102036,35.012592
1022,8.516667,-0.002151,0.902293,0.010519,0.43099,-1.150606,90.369324,15.143798,-0.024503,0.904938,0.08491,0.416267,-1.251573,98.164749,15.277356,-0.02263,0.907561,0.076429,0.412285,-2.958443,112.77121,17.25486,0.062313,0.951434,-0.010846,0.301286,-4.891502,131.104996,19.484505,0.057968,0.981214,-0.060748,0.173689,-1.959839,145.615082,18.17766,0.002985,0.868342,0.143164,0.474844,-7.229891,125.262329,16.275772,0.399403,-0.548818,0.066108,-0.731372,-17.171425,127.818123,1.358806,0.060987,-0.00442,-0.587626,-0.806819,-7.902874,115.06382,-16.517132,0.110267,0.059903,-0.584028,-0.801975,-0.694535,137.14473,-18.353369,-0.169695,0.923092,0.160489,0.305528,-2.216782,125.09539,21.994728,0.318377,0.867455,0.156619,-0.348752,11.467291,128.992493,33.194763,-0.035102,0.205911,0.457377,-0.864393,24.672514,118.430695,16.396021,0.071605,0.060918,0.351436,-0.93148,13.51197,136.516968,9.12036,0.048546,0.893236,0.078147,0.440074,-7.126768,90.418633,7.747809,0.083623,0.930555,-0.022001,0.355797,-7.793149,53.913231,0.976939,-0.022161,0.948237,0.023806,0.315893,-15.985423,6.800818,0.089273,-0.05465,0.905922,-0.098833,0.408106,4.825557,90.320007,22.539789,-0.008159,0.899051,-0.121105,0.420684,5.506935,54.133286,30.84577,-0.080004,0.87482,-0.065695,0.473258,1.33525,7.714957,41.588966,-0.022161,0.948237,0.023806,0.315893,-7.102902,1.476817,-11.503695,-0.080004,0.87482,-0.065695,0.473258,13.776422,1.107334,35.016472
1023,8.525,-0.00233,0.902213,0.01017,0.431165,-1.140089,90.375992,15.178762,-0.024036,0.905035,0.083952,0.416277,-1.241248,98.171524,15.306187,-0.023207,0.907582,0.076114,0.412265,-2.923667,112.782082,17.263802,0.062371,0.951388,-0.010583,0.301429,-4.871305,131.116669,19.474052,0.056892,0.981259,-0.060976,0.173715,-1.939877,145.627563,18.175686,0.00298,0.868794,0.142638,0.474176,-7.204927,125.268791,16.271362,0.399352,-0.549349,0.066551,-0.730962,-17.169434,127.811966,1.367566,0.061031,-0.004597,-0.587422,-0.806963,-7.931463,115.034782,-16.507854,0.1103,0.060554,-0.582277,-0.803194,-0.71223,137.110947,-18.351334,-0.169725,0.923174,0.159995,0.305523,-2.191961,125.111832,21.990728,0.318523,0.86755,0.155951,-0.348681,11.491868,129.015961,33.188625,-0.034474,0.206395,0.457,-0.864502,24.695004,118.435036,16.400272,0.071922,0.061331,0.35119,-0.931521,13.528127,136.50354,9.091475,0.048788,0.893383,0.078191,0.439741,-7.113363,90.419418,7.780399,0.08366,0.93077,-0.021723,0.355241,-7.796822,53.916264,0.999113,-0.021968,0.948241,0.023782,0.315897,-15.983525,6.803289,0.090354,-0.054684,0.90592,-0.098306,0.408234,4.833186,90.332573,22.577126,-0.008026,0.898655,-0.121134,0.421523,5.531858,54.138397,30.849155,-0.080196,0.874729,-0.065747,0.473387,1.337507,7.720542,41.585564,-0.021968,0.948241,0.023782,0.315897,-7.103073,1.476774,-11.503048,-0.080196,0.874729,-0.065747,0.473387,13.782722,1.115141,35.018482
1024,8.533333,-0.002325,0.902163,0.009827,0.431277,-1.132907,90.379395,15.204287,-0.023885,0.905045,0.083689,0.416317,-1.231706,98.175034,15.326902,-0.023485,0.907596,0.075552,0.412323,-2.907098,112.788567,17.27948,0.062114,0.951358,-0.010845,0.301566,-4.855671,131.125839,19.466528,0.056148,0.981278,-0.060952,0.173855,-1.928726,145.636826,18.159145,0.002908,0.868999,0.142076,0.473969,-7.188586,125.273895,16.270758,0.399321,-0.549926,0.067028,-0.730501,-17.160198,127.804138,1.369521,0.060867,-0.004634,-0.587267,-0.807088,-7.95548,115.001617,-16.504925,0.110374,0.06073,-0.580261,-0.804628,-0.72704,137.077515,-18.345114,-0.169645,0.923395,0.159553,0.305132,-2.176552,125.124229,21.991135,0.318805,0.867636,0.155182,-0.348554,11.51689,129.03418,33.175224,-0.034071,0.206833,0.456847,-0.864494,24.7157,118.426582,16.400316,0.072346,0.06182,0.350566,-0.931691,13.549575,136.487762,9.065356,0.049001,0.893356,0.078077,0.439793,-7.104338,90.420105,7.804425,0.083577,0.93111,-0.021372,0.35439,-7.805233,53.917183,1.023673,-0.021833,0.948312,0.023862,0.315686,-15.973536,6.801417,0.093972,-0.054993,0.905598,-0.097785,0.409031,4.838525,90.338684,22.604149,-0.007668,0.898784,-0.121284,0.42121,5.56671,54.139442,30.851442,-0.080016,0.874789,-0.065833,0.473295,1.339317,7.724526,41.587627,-0.021833,0.948312,0.023862,0.315686,-7.099409,1.47574,-11.504653,-0.080016,0.874789,-0.065833,0.473295,13.780576,1.114012,35.018211
1025,8.541667,-0.002398,0.902117,0.009535,0.431379,-1.122309,90.380409,15.227901,-0.023642,0.905053,0.083382,0.416375,-1.220182,98.176132,15.345912,-0.023812,0.907588,0.075049,0.412413,-2.885378,112.791321,17.293194,0.061922,0.951343,-0.011147,0.301641,-4.837538,131.130844,19.458153,0.055301,0.981339,-0.060841,0.17382,-1.913088,145.641434,18.140932,0.003077,0.86938,0.14121,0.473527,-7.168704,125.274727,16.268719,0.399424,-0.550442,0.06745,-0.730017,-17.155451,127.793182,1.375625,0.060811,-0.004779,-0.587111,-0.807205,-7.980497,114.965012,-16.495728,0.110286,0.060975,-0.578279,-0.806047,-0.742191,137.042038,-18.339739,-0.169789,0.923513,0.159321,0.304816,-2.158029,125.13266,21.990479,0.319173,0.867705,0.154401,-0.348392,11.540633,129.052521,33.164703,-0.033447,0.207232,0.456836,-0.864429,24.733616,118.414474,16.404503,0.073005,0.061821,0.350257,-0.931756,13.573778,136.469681,9.041435,0.049249,0.893328,0.077964,0.439842,-7.092067,90.417503,7.826671,0.083488,0.931231,-0.021097,0.35411,-7.812708,53.915085,1.045308,-0.021749,0.94837,0.023995,0.31551,-15.964198,6.796783,0.096641,-0.05516,0.905529,-0.097476,0.409235,4.847449,90.343323,22.629133,-0.007349,0.898854,-0.121285,0.421066,5.594475,54.140968,30.861044,-0.080088,0.874788,-0.06597,0.473264,1.341351,7.725605,41.585114,-0.021749,0.94837,0.023995,0.31551,-7.094852,1.473907,-11.506924,-0.080088,0.874788,-0.06597,0.473264,13.782309,1.112951,35.017277
1026,8.55,-0.002421,0.902053,0.009143,0.431521,-1.112233,90.379913,15.253406,-0.023565,0.905008,0.083194,0.416515,-1.207824,98.175743,15.36573,-0.023941,0.907539,0.074735,0.412571,-2.869364,112.795593,17.309202,0.061479,0.951294,-0.011999,0.301855,-4.821439,131.136627,19.461363,0.054439,0.981337,-0.060647,0.17417,-1.90132,145.64563,18.117266,0.003107,0.869699,0.140493,0.473154,-7.151726,125.278534,16.274944,0.399332,-0.550975,0.067966,-0.729617,-17.151257,127.78376,1.388192,0.060551,-0.005288,-0.586894,-0.807379,-8.007644,114.931152,-16.481676,0.109658,0.061219,-0.576899,-0.807103,-0.756209,137.007935,-18.337564,-0.169914,0.923679,0.158733,0.304551,-2.143135,125.139977,21.998617,0.319609,0.867722,0.153924,-0.348161,11.55984,129.073044,33.162914,-0.032754,0.207523,0.456901,-0.864351,24.747202,118.407097,16.416021,0.0741,0.062447,0.349773,-0.931809,13.594748,136.458328,9.027746,0.049467,0.893245,0.077817,0.440013,-7.079659,90.413406,7.850273,0.083422,0.931067,-0.020823,0.354571,-7.818337,53.910889,1.071426,-0.022307,0.948406,0.023895,0.31537,-15.954278,6.790444,0.096548,-0.055293,0.905551,-0.097047,0.409271,4.855193,90.346413,22.656538,-0.007138,0.89873,-0.121399,0.421303,5.624059,54.138947,30.86393,-0.079855,0.874843,-0.065903,0.473213,1.345323,7.725942,41.588001,-0.022307,0.948406,0.023895,0.31537,-7.082576,1.470074,-11.506374,-0.079855,0.874843,-0.065903,0.473213,13.783097,1.111021,35.016418
1027,8.558333,-0.00258,0.902036,0.009035,0.431558,-1.09704,90.381065,15.276358,-0.02368,0.90507,0.082765,0.416459,-1.194137,98.176918,15.386086,-0.023987,0.907612,0.074352,0.412477,-2.853174,112.796997,17.316561,0.061442,0.951313,-0.012249,0.301791,-4.800728,131.14006,19.455374,0.053513,0.981416,-0.060539,0.174054,-1.879666,145.648178,18.103691,0.003096,0.870042,0.139738,0.472749,-7.132977,125.280106,16.273829,0.399617,-0.551405,0.068243,-0.72911,-17.146397,127.770042,1.393853,0.060666,-0.005345,-0.586772,-0.807459,-8.027199,114.893806,-16.471472,0.10971,0.061426,-0.575207,-0.808287,-0.769658,136.966309,-18.332172,-0.16998,0.923704,0.158209,0.304709,-2.123231,125.14473,21.996567,0.319838,0.867825,0.15379,-0.347753,11.575441,129.085068,33.163582,-0.032035,0.20795,0.456774,-0.864343,24.769377,118.402863,16.432238,0.074857,0.062791,0.349305,-0.931901,13.619918,136.442551,9.012655,0.049795,0.89301,0.077644,0.440482,-7.063839,90.410957,7.872706,0.083417,0.931075,-0.02058,0.354568,-7.826303,53.908848,1.094227,-0.022398,0.948422,0.023958,0.31531,-15.953559,6.787354,0.097943,-0.055581,0.905541,-0.096696,0.409336,4.86976,90.351173,22.680008,-0.006694,0.89879,-0.121529,0.421144,5.668075,54.141033,30.872786,-0.079721,0.874891,-0.065977,0.473135,1.347828,7.730457,41.590752,-0.022398,0.948422,0.023958,0.31531,-7.082151,1.469555,-11.506378,-0.079721,0.874891,-0.065977,0.473135,13.782472,1.111473,35.017334
1028,8.566667,-0.002663,0.901983,0.008786,0.431675,-1.081887,90.382538,15.301779,-0.023783,0.90508,0.082381,0.416508,-1.178496,98.178452,15.407435,-0.024196,0.907621,0.074015,0.412505,-2.835602,112.799622,17.326246,0.061429,0.951292,-0.012603,0.301846,-4.785134,131.144165,19.450521,0.052591,0.981475,-0.060431,0.174039,-1.861229,145.650787,18.089073,0.003225,0.870364,0.139231,0.472303,-7.11652,125.281487,16.273352,0.399839,-0.551802,0.068737,-0.728642,-17.145157,127.764603,1.402487,0.060564,-0.005763,-0.586371,-0.807755,-8.050021,114.859322,-16.45414,0.108908,0.061072,-0.574002,-0.809278,-0.770678,136.923981,-18.326736,-0.170016,0.923766,0.157557,0.304837,-2.107287,125.151085,21.996651,0.320165,0.867896,0.153573,-0.347371,11.588096,129.099472,33.164852,-0.031193,0.208243,0.456695,-0.864345,24.784704,118.396248,16.449062,0.075582,0.062792,0.349307,-0.931842,13.636726,136.426712,9.000172,0.05002,0.892803,0.077608,0.440883,-7.046767,90.408981,7.896569,0.083657,0.930998,-0.020457,0.35472,-7.822238,53.908134,1.112813,-0.022161,0.948295,0.024042,0.315702,-15.966418,6.79,0.096044,-0.055712,0.905464,-0.096417,0.409554,4.882991,90.356087,22.706989,-0.006381,0.898882,-0.12153,0.420953,5.696784,54.143028,30.885319,-0.079612,0.874918,-0.065937,0.473109,1.351899,7.732087,41.591709,-0.022161,0.948295,0.024042,0.315702,-7.087793,1.472437,-11.50286,-0.079612,0.874918,-0.065937,0.473109,13.785058,1.112215,35.01638
1029,8.575,-0.002723,0.901977,0.008501,0.431691,-1.06838,90.383041,15.32504,-0.023984,0.905126,0.081995,0.416472,-1.163909,98.179031,15.426287,-0.024288,0.907674,0.073683,0.412441,-2.8217,112.802597,17.332481,0.061508,0.951278,-0.01299,0.301859,-4.769113,131.148819,19.44433,0.051632,0.981532,-0.060325,0.174039,-1.839639,145.653366,18.072834,0.00331,0.870596,0.138902,0.471971,-7.101501,125.284172,16.271517,0.400069,-0.552068,0.069434,-0.728248,-17.14146,127.762695,1.407532,0.060614,-0.006029,-0.586158,-0.807904,-8.064942,114.823387,-16.433929,0.108832,0.06065,-0.57312,-0.809945,-0.77384,136.884033,-18.31741,-0.170007,0.923784,0.156991,0.305081,-2.091537,125.157227,21.994253,0.320471,0.867954,0.153595,-0.346934,11.598569,129.11026,33.167271,-0.030414,0.208529,0.456673,-0.864315,24.80031,118.390678,16.466028,0.076285,0.062783,0.349091,-0.931866,13.656523,136.413177,8.990143,0.050303,0.892458,0.077471,0.441572,-7.032979,90.406128,7.919596,0.083671,0.93089,-0.020286,0.35501,-7.826494,53.905807,1.135073,-0.022324,0.948313,0.024138,0.315628,-15.965837,6.787238,0.100065,-0.055792,0.905598,-0.09616,0.409307,4.89622,90.359955,22.730484,-0.006076,0.898836,-0.121612,0.421032,5.725535,54.143883,30.893867,-0.079952,0.87487,-0.066006,0.473132,1.350107,7.734501,41.594566,-0.022324,0.948313,0.024138,0.315628,-7.086966,1.47384,-11.500558,-0.079952,0.87487,-0.066006,0.473132,13.787176,1.118435,35.022812
1030,8.583333,-0.002818,0.90196,0.008187,0.431733,-1.054122,90.384056,15.348965,-0.024146,0.90517,0.081552,0.416454,-1.148885,98.180115,15.445148,-0.024292,0.907721,0.073449,0.412381,-2.805435,112.804649,17.337421,0.061321,0.951317,-0.013267,0.301761,-4.749283,131.15213,19.441519,0.050902,0.981604,-0.060245,0.173878,-1.822911,145.656372,18.060186,0.003365,0.870953,0.138206,0.471518,-7.083152,125.286522,16.271585,0.400588,-0.552301,0.069729,-0.727757,-17.138603,127.75267,1.416013,0.060953,-0.006192,-0.586041,-0.807962,-8.076297,114.786652,-16.41329,0.109036,0.060375,-0.572498,-0.810378,-0.778883,136.843918,-18.311844,-0.170176,0.923764,0.156451,0.305324,-2.07243,125.161171,21.993696,0.320846,0.867986,0.153402,-0.346592,11.610241,129.124344,33.172245,-0.02961,0.208765,0.456771,-0.864234,24.811817,118.383049,16.48481,0.077163,0.062622,0.349053,-0.931819,13.676813,136.399963,8.98437,0.05056,0.892194,0.077305,0.442105,-7.018031,90.402931,7.942949,0.083707,0.930623,-0.020103,0.35571,-7.829976,53.902637,1.160461,-0.022351,0.94831,0.024187,0.315632,-15.965462,6.78392,0.101808,-0.05599,0.905549,-0.095737,0.409487,4.909787,90.365181,22.75498,-0.00574,0.898933,-0.121771,0.420783,5.763797,54.14473,30.896395,-0.079771,0.874911,-0.06599,0.473088,1.356104,7.738662,41.598244,-0.022351,0.94831,0.024187,0.315632,-7.086048,1.47215,-11.499152,-0.079771,0.874911,-0.06599,0.473088,13.79048,1.119988,35.024006
1031,8.591667,-0.002864,0.901967,0.007715,0.431726,-1.039437,90.38414,15.376583,-0.024444,0.905208,0.081227,0.416417,-1.131668,98.180313,15.46582,-0.024414,0.907771,0.073096,0.412325,-2.79215,112.806046,17.345814,0.060722,0.951393,-0.013843,0.301618,-4.734591,131.155228,19.436308,0.050497,0.981662,-0.059954,0.173766,-1.820348,145.659805,18.032938,0.003409,0.871179,0.137619,0.471272,-7.06918,125.287392,16.271044,0.400906,-0.552435,0.070279,-0.727427,-17.133018,127.743706,1.419525,0.06151,-0.006231,-0.586007,-0.807944,-8.08145,114.748779,-16.394176,0.109802,0.060691,-0.572744,-0.810077,-0.782296,136.803589,-18.309269,-0.170221,0.923792,0.155818,0.305538,-2.057848,125.166023,21.992706,0.321143,0.868102,0.152915,-0.346241,11.619523,129.136658,33.175079,-0.029054,0.209319,0.456742,-0.864134,24.823586,118.370689,16.505531,0.077332,0.062146,0.348861,-0.931909,13.698941,136.378189,8.973804,0.050747,0.891871,0.077276,0.442741,-7.003458,90.398354,7.970648,0.083849,0.930287,-0.019975,0.356563,-7.82388,53.899132,1.183406,-0.022382,0.94829,0.024219,0.315688,-15.966618,6.782207,0.101094,-0.056176,0.905354,-0.095137,0.410034,4.924583,90.369919,22.782516,-0.005397,0.898999,-0.122031,0.420571,5.804614,54.142509,30.89012,-0.079685,0.874999,-0.066179,0.472914,1.359422,7.742143,41.601162,-0.022382,0.94829,0.024219,0.315688,-7.085412,1.471627,-11.499037,-0.079685,0.874999,-0.066179,0.472914,13.789093,1.117168,35.024384
1032,8.6,-0.003392,0.901974,0.007656,0.43171,-1.001755,90.375069,15.400952,-0.025003,0.905188,0.081106,0.416451,-1.101009,98.171204,15.485795,-0.024524,0.907774,0.072742,0.412375,-2.776077,112.805412,17.356682,0.060213,0.951435,-0.014301,0.301565,-4.716959,131.156311,19.433542,0.049952,0.981719,-0.059774,0.173666,-1.813077,145.661255,18.012634,0.003357,0.871408,0.137022,0.471022,-7.051741,125.286392,16.272276,0.401513,-0.55243,0.070415,-0.727083,-17.124136,127.729645,1.424401,0.06182,-0.006303,-0.586019,-0.807911,-8.073223,114.71524,-16.375416,0.110267,0.059677,-0.572816,-0.810038,-0.775007,136.768539,-18.301682,-0.17044,0.923795,0.155329,0.305656,-2.041121,125.168716,21.994638,0.321521,0.86816,0.152607,-0.345882,11.630947,129.151459,33.179199,-0.028524,0.209661,0.456717,-0.864083,24.83531,118.361282,16.525537,0.07763,0.062195,0.348659,-0.931956,13.716416,136.361557,8.970373,0.051206,0.891524,0.077267,0.443389,-6.965968,90.37973,7.995159,0.083908,0.929951,-0.020021,0.357422,-7.812027,53.883862,1.19302,-0.022455,0.948347,0.024526,0.315486,-15.960526,6.768057,0.105226,-0.056002,0.905656,-0.095015,0.409417,4.962458,90.370407,22.806746,-0.004922,0.899367,-0.122126,0.419762,5.84014,54.139824,30.900406,-0.080075,0.874994,-0.066336,0.472836,1.35992,7.741213,41.604465,-0.022455,0.948347,0.024526,0.315486,-7.082508,1.466581,-11.501505,-0.080075,0.874994,-0.066336,0.472836,13.792025,1.118425,35.030079
1033,8.608333,-0.003486,0.902024,0.007549,0.431607,-0.983354,90.373436,15.419798,-0.02514,0.905228,0.080943,0.416387,-1.083207,98.169586,15.502527,-0.024665,0.907815,0.072409,0.412337,-2.759966,112.805618,17.36762,0.06006,0.951474,-0.014628,0.301457,-4.700447,131.158051,19.431219,0.049304,0.981798,-0.059664,0.173444,-1.798338,145.662277,17.999367,0.003293,0.871639,0.136513,0.470743,-7.035523,125.285866,16.274395,0.40177,-0.552397,0.070891,-0.72692,-17.11742,127.717079,1.430994,0.062168,-0.006517,-0.58604,-0.807867,-8.067985,114.680603,-16.353411,0.111005,0.059138,-0.573076,-0.809793,-0.771289,136.732162,-18.297224,-0.170616,0.923765,0.154834,0.305901,-2.024523,125.172279,21.996504,0.321724,0.868276,0.152204,-0.345579,11.639931,129.16481,33.186878,-0.028115,0.210025,0.456635,-0.864051,24.848042,118.355606,16.548538,0.077938,0.062156,0.348419,-0.932023,13.731829,136.350067,8.970497,0.051294,0.891032,0.077117,0.444391,-6.949252,90.375595,8.015363,0.08417,0.929695,-0.019871,0.358034,-7.798488,53.878689,1.219214,-0.022459,0.948312,0.024526,0.315591,-15.964312,6.766534,0.103661,-0.056073,0.905787,-0.094703,0.409191,4.982544,90.371269,22.824232,-0.004592,0.899554,-0.122311,0.419311,5.876657,54.136879,30.899031,-0.079295,0.875134,-0.066139,0.472735,1.365995,7.742283,41.607689,-0.022459,0.948312,0.024526,0.315591,-7.083693,1.465146,-11.50112,-0.079295,0.875134,-0.066139,0.472735,13.788496,1.111566,35.023155
1034,8.616667,-0.003678,0.902081,0.007394,0.431488,-0.96634,90.372025,15.441614,-0.025407,0.905342,0.08056,0.416198,-1.067838,98.168198,15.520875,-0.024864,0.907939,0.07199,0.412124,-2.746433,112.803688,17.372564,0.05967,0.95148,-0.015142,0.30149,-4.686756,131.158005,19.419518,0.048882,0.981773,-0.059353,0.17381,-1.790977,145.661743,17.969955,0.003443,0.871825,0.136139,0.470506,-7.022979,125.282707,16.269314,0.402277,-0.551957,0.071673,-0.726897,-17.11294,127.711143,1.430932,0.062472,-0.00721,-0.586227,-0.807702,-8.045628,114.642731,-16.32091,0.110885,0.058378,-0.573622,-0.809478,-0.759857,136.693924,-18.299534,-0.17081,0.923693,0.154417,0.30622,-2.009462,125.174797,21.989336,0.321737,0.868475,0.151573,-0.345344,11.645534,129.176224,33.188084,-0.028093,0.210405,0.45649,-0.864035,24.860994,118.351349,16.565769,0.078011,0.062296,0.348412,-0.93201,13.745543,136.340912,8.972131,0.051552,0.890395,0.077017,0.445654,-6.93416,90.369591,8.038724,0.084357,0.92934,-0.019798,0.358915,-7.794061,53.873508,1.239515,-0.022651,0.948248,0.024532,0.315771,-15.972752,6.764081,0.103297,-0.056197,0.905766,-0.094307,0.409311,5.001481,90.374458,22.844505,-0.00423,0.899703,-0.122526,0.418932,5.915028,54.135536,30.896786,-0.079425,0.875178,-0.066311,0.472608,1.369093,7.745677,41.611053,-0.022651,0.948248,0.024532,0.315771,-7.085693,1.464754,-11.497499,-0.079425,0.875178,-0.066311,0.472608,13.790195,1.112583,35.02626
1035,8.625,-0.00382,0.902137,0.007253,0.431373,-0.953031,90.372086,15.464266,-0.025313,0.905406,0.080229,0.416127,-1.055565,98.168266,15.540606,-0.025051,0.907978,0.071659,0.412085,-2.727408,112.805222,17.384705,0.060999,0.951376,-0.014511,0.301583,-4.66888,131.160965,19.417782,0.047289,0.981885,-0.059909,0.173425,-1.741273,145.661255,17.998085,0.003354,0.871986,0.135697,0.470335,-7.004886,125.283112,16.272202,0.402811,-0.552151,0.071698,-0.726451,-17.100679,127.700401,1.43597,0.062746,-0.007323,-0.58615,-0.807736,-8.043776,114.614883,-16.308577,0.111141,0.057702,-0.574253,-0.809044,-0.753425,136.664978,-18.298874,-0.171264,0.923625,0.153958,0.306404,-1.991016,125.179901,21.991999,0.321728,0.868712,0.150439,-0.345252,11.654282,129.200119,33.19582,-0.028107,0.210916,0.45624,-0.864042,24.873026,118.352661,16.590866,0.078066,0.062503,0.348279,-0.932041,13.756566,136.334183,8.976989,0.051822,0.889823,0.076859,0.446791,-6.922725,90.366051,8.062892,0.084437,0.928496,-0.019784,0.361073,-7.797036,53.870235,1.264081,-0.022583,0.948205,0.024631,0.315896,-15.979709,6.762061,0.104884,-0.056344,0.906017,-0.093981,0.40881,5.016663,90.37812,22.865639,-0.003836,0.899907,-0.122708,0.418444,5.954574,54.135883,30.900124,-0.079442,0.875237,-0.066385,0.472485,1.373265,7.749984,41.616474,-0.022583,0.948205,0.024631,0.315896,-7.090044,1.464869,-11.494885,-0.079442,0.875237,-0.066385,0.472485,13.792207,1.115031,35.029488
1036,8.633333,-0.003885,0.90218,0.007009,0.431285,-0.940442,90.372047,15.488964,-0.025355,0.905453,0.080063,0.416056,-1.042236,98.168274,15.561449,-0.025304,0.908019,0.071274,0.412045,-2.713292,112.808456,17.401039,0.061122,0.951331,-0.014877,0.301681,-4.657354,131.165756,19.417423,0.046496,0.981903,-0.059922,0.173535,-1.722891,145.663803,17.989019,0.003094,0.872038,0.135392,0.470329,-6.992654,125.284683,16.277336,0.403213,-0.551826,0.072163,-0.726429,-17.088715,127.688507,1.439099,0.06293,-0.007864,-0.586507,-0.807458,-8.017896,114.582588,-16.283272,0.111341,0.057069,-0.574657,-0.808774,-0.747526,136.636536,-18.299877,-0.171366,0.92367,0.153292,0.306544,-1.978486,125.187447,21.996975,0.321722,0.868914,0.149731,-0.345057,11.662432,129.217987,33.202427,-0.028187,0.211384,0.456046,-0.864028,24.887791,118.35463,16.613129,0.078105,0.062862,0.347668,-0.932242,13.772114,136.329849,8.982534,0.051993,0.88919,0.076789,0.448041,-6.911567,90.362892,8.088747,0.084674,0.928597,-0.019485,0.360774,-7.789954,53.867603,1.287624,-0.022083,0.948134,0.024821,0.31613,-15.983519,6.762117,0.096287,-0.056458,0.906362,-0.093651,0.408105,5.030682,90.38121,22.889181,-0.003369,0.900245,-0.122879,0.41767,5.992586,54.135323,30.904371,-0.079505,0.875243,-0.066485,0.47245,1.373464,7.753113,41.620453,-0.022083,0.948134,0.024821,0.31613,-7.092995,1.465521,-11.503101,-0.079505,0.875243,-0.066485,0.47245,13.792075,1.116712,35.034298
1037,8.641667,-0.004009,0.902296,0.006828,0.431045,-0.9257,90.36908,15.5144,-0.025485,0.905508,0.079841,0.415971,-1.028008,98.165337,15.583529,-0.025577,0.908047,0.070909,0.412029,-2.70003,112.809662,17.416166,0.059988,0.95131,-0.015931,0.301922,-4.647695,131.168381,19.41613,0.04658,0.981774,-0.059506,0.174384,-1.734897,145.666962,17.94919,0.002979,0.872125,0.134952,0.470294,-6.981827,125.284042,16.28129,0.403718,-0.551342,0.072672,-0.726466,-17.079098,127.676582,1.442054,0.063223,-0.008473,-0.586941,-0.807113,-7.986344,114.548958,-16.252981,0.111535,0.056456,-0.57519,-0.808412,-0.738757,136.612244,-18.302038,-0.171573,0.923718,0.152836,0.30651,-1.96767,125.192894,22.001038,0.321682,0.869155,0.149106,-0.344757,11.671432,129.235916,33.204205,-0.028292,0.211789,0.455742,-0.864086,24.907867,118.358078,16.633249,0.077923,0.063173,0.347261,-0.932388,13.787395,136.32428,8.988122,0.052237,0.888566,0.076675,0.44927,-6.900738,90.356262,8.117351,0.08472,0.928191,-0.019371,0.361813,-7.789604,53.861557,1.314433,-0.022552,0.948191,0.024722,0.315935,-15.981976,6.756392,0.102234,-0.056526,0.906676,-0.093247,0.40749,5.049339,90.381905,22.911449,-0.002971,0.900517,-0.123141,0.41701,6.033699,54.13097,30.901081,-0.079139,0.875417,-0.066487,0.472188,1.377653,7.754693,41.62685,-0.022552,0.948191,0.024722,0.315935,-7.091425,1.46144,-11.497881,-0.079139,0.875417,-0.066487,0.472188,13.787803,1.111671,35.031433
1038,8.65,-0.004065,0.902299,0.006522,0.431042,-0.910584,90.363991,15.535391,-0.025532,0.905524,0.07981,0.41594,-1.011619,98.160301,15.599839,-0.025795,0.908075,0.070512,0.412023,-2.685152,112.810768,17.431877,0.059761,0.951265,-0.016219,0.302094,-4.634094,131.171158,19.415192,0.046122,0.981735,-0.059554,0.174706,-1.724579,145.669434,17.938917,0.002668,0.872168,0.134674,0.470297,-6.967776,125.283829,16.285641,0.404106,-0.551378,0.072566,-0.726233,-17.065016,127.661858,1.444049,0.06338,-0.008647,-0.587009,-0.80705,-7.973403,114.527809,-16.246813,0.11171,0.055886,-0.575567,-0.808158,-0.730141,136.589859,-18.306789,-0.171851,0.923739,0.15235,0.306534,-1.953707,125.198196,22.005552,0.3218,0.869316,0.148499,-0.344503,11.681396,129.25589,33.208282,-0.028299,0.212163,0.455565,-0.864087,24.922556,118.358948,16.653656,0.077762,0.063388,0.346945,-0.932504,13.801469,136.319656,8.993561,0.052359,0.888149,0.076541,0.450101,-6.885661,90.34771,8.138375,0.084893,0.928108,-0.019107,0.362,-7.780676,53.852417,1.339425,-0.022347,0.948163,0.024991,0.31601,-15.978983,6.7491,0.096118,-0.056637,0.907048,-0.092846,0.406739,5.064493,90.380272,22.932405,-0.002537,0.900809,-0.123365,0.416314,6.075137,54.124744,30.897825,-0.078842,0.875471,-0.066381,0.472153,1.381004,7.753515,41.628834,-0.022347,0.948163,0.024991,0.31601,-7.088012,1.459679,-11.506202,-0.078842,0.875471,-0.066381,0.472153,13.787683,1.108205,35.029202
1039,8.658333,-0.004104,0.902402,0.006346,0.430829,-0.901136,90.362274,15.557522,-0.025366,0.905595,0.079647,0.415824,-1.001523,98.158615,15.619248,-0.026045,0.908122,0.070071,0.411978,-2.668417,112.810638,17.449274,0.05963,0.951177,-0.016614,0.302374,-4.618964,131.172836,19.414087,0.045546,0.981659,-0.059588,0.175271,-1.708795,145.669861,17.926811,0.002295,0.872114,0.134535,0.470438,-6.952286,125.28212,16.290653,0.404428,-0.55118,0.072781,-0.726182,-17.044804,127.646652,1.443696,0.063605,-0.008881,-0.587318,-0.806804,-7.94429,114.500687,-16.233727,0.112152,0.055568,-0.576096,-0.807743,-0.717603,136.568588,-18.309637,-0.172234,0.92375,0.151771,0.306574,-1.937855,125.202766,22.010338,0.321901,0.869463,0.147923,-0.344286,11.691586,129.279572,33.213013,-0.028471,0.212469,0.455331,-0.864129,24.936766,118.365189,16.673103,0.077805,0.064483,0.346244,-0.932686,13.810259,136.322433,9.002779,0.052318,0.887824,0.076472,0.450758,-6.879702,90.343842,8.163331,0.085082,0.928008,-0.018857,0.362223,-7.769376,53.847458,1.369542,-0.022113,0.948187,0.025003,0.315955,-15.975353,6.746298,0.095489,-0.056688,0.907465,-0.092499,0.405879,5.07743,90.380707,22.951712,-0.002164,0.901084,-0.12356,0.415664,6.109669,54.120819,30.894493,-0.078717,0.875486,-0.066468,0.472134,1.383421,7.754028,41.630569,-0.022113,0.948187,0.025003,0.315955,-7.088208,1.454933,-11.508875,-0.078717,0.875486,-0.066468,0.472134,13.787961,1.10468,35.030972
1040,8.666667,-0.004161,0.902504,0.006078,0.430618,-0.891352,90.361748,15.58097,-0.025182,0.905692,0.079442,0.415664,-0.990729,98.158127,15.638578,-0.026346,0.908192,0.069679,0.411872,-2.650131,112.814034,17.466013,0.059149,0.95113,-0.017029,0.302595,-4.604647,131.177689,19.413254,0.045262,0.981563,-0.059582,0.175884,-1.703569,145.674988,17.911015,0.001956,0.872166,0.13405,0.470482,-6.937164,125.283371,16.296015,0.404771,-0.550997,0.072834,-0.726126,-17.02824,127.629158,1.445101,0.06379,-0.009169,-0.587633,-0.806557,-7.918435,114.476105,-16.222265,0.112601,0.055049,-0.576275,-0.807588,-0.709314,136.547928,-18.314859,-0.172599,0.923786,0.151346,0.30647,-1.921639,125.210785,22.014832,0.321428,0.869892,0.147228,-0.343942,11.705573,129.305298,33.213772,-0.028566,0.212872,0.454528,-0.86445,24.976542,118.390121,16.695066,0.077644,0.064951,0.345574,-0.932915,13.825451,136.323257,9.007334,0.052494,0.887383,0.076356,0.451626,-6.873372,90.340111,8.189582,0.085134,0.928025,-0.018573,0.362183,-7.771836,53.843773,1.396681,-0.022328,0.948216,0.025051,0.315848,-15.972681,6.742448,0.096006,-0.056731,0.907938,-0.092084,0.404908,5.090668,90.383377,22.972357,-0.001788,0.901461,-0.123832,0.414767,6.146971,54.118179,30.887678,-0.078694,0.875628,-0.066593,0.471856,1.388216,7.757685,41.63657,-0.022328,0.948216,0.025051,0.315848,-7.085665,1.454433,-11.509987,-0.078694,0.875628,-0.066593,0.471856,13.787352,1.104171,35.031021
1041,8.675,-0.003624,0.902663,0.005528,0.430297,-0.903858,90.372375,15.606504,-0.02478,0.905766,0.079219,0.41557,-0.991966,98.168922,15.660008,-0.026706,0.908203,0.069242,0.411897,-2.636763,112.818909,17.485712,0.059026,0.951007,-0.0175,0.302978,-4.596824,131.184097,19.412729,0.044913,0.981451,-0.059531,0.176614,-1.693842,145.679718,17.897848,0.001638,0.87204,0.134177,0.470681,-6.927286,125.285721,16.301659,0.405104,-0.550869,0.073069,-0.726013,-17.011614,127.624603,1.44508,0.064141,-0.009298,-0.587784,-0.806418,-7.896766,114.457512,-16.209225,0.113151,0.054789,-0.576894,-0.807086,-0.696263,136.529953,-18.316624,-0.172981,0.923862,0.150996,0.306196,-1.912371,125.220825,22.021099,0.321293,0.870211,0.146901,-0.343402,11.716125,129.334,33.21162,-0.028501,0.213174,0.453957,-0.864678,25.008968,118.410408,16.716095,0.077512,0.065449,0.344959,-0.933119,13.839987,136.326309,9.012116,0.052381,0.886882,0.076562,0.452587,-6.891208,90.3554,8.219424,0.08529,0.927721,-0.018473,0.36293,-7.767949,53.860527,1.415864,-0.022015,0.948193,0.024634,0.315972,-15.978,6.76139,0.094201,-0.057041,0.908397,-0.091606,0.403941,5.083492,90.389343,22.993586,-0.001356,0.901812,-0.124069,0.413933,6.183595,54.120243,30.885035,-0.078618,0.875699,-0.066761,0.471714,1.388096,7.765254,41.641335,-0.022015,0.948193,0.024634,0.315972,-7.092618,1.458895,-11.50643,-0.078618,0.875699,-0.066761,0.471714,13.783258,1.106218,35.033894
1042,8.683333,-0.003965,0.90275,0.005406,0.430113,-0.88904,90.380524,15.634746,-0.02483,0.905814,0.078945,0.415514,-0.981118,98.177048,15.68426,-0.026872,0.908224,0.068896,0.411898,-2.623275,112.823639,17.501562,0.058898,0.950894,-0.017843,0.303337,-4.583654,131.190292,19.414423,0.044543,0.981334,-0.059645,0.17732,-1.680109,145.68483,17.890339,0.001299,0.872087,0.133799,0.470702,-6.913951,125.289474,16.307823,0.405344,-0.550672,0.073128,-0.726023,-16.997595,127.611305,1.448099,0.064499,-0.009335,-0.587951,-0.806267,-7.87278,114.439644,-16.197653,0.113834,0.054569,-0.577426,-0.806624,-0.681751,136.513016,-18.316584,-0.173456,0.923833,0.150527,0.306247,-1.899181,125.22905,22.027443,0.321162,0.870472,0.146495,-0.343035,11.722239,129.362839,33.218998,-0.028355,0.213621,0.453566,-0.864777,25.031073,118.431473,16.741518,0.077602,0.065745,0.344476,-0.93327,13.855013,136.333023,9.015903,0.052501,0.886955,0.076404,0.452456,-6.879353,90.356674,8.250083,0.085419,0.927993,-0.01808,0.362223,-7.770301,53.860939,1.453026,-0.022414,0.948221,0.024456,0.315876,-15.979138,6.762528,0.098314,-0.056927,0.908827,-0.091108,0.403104,5.101273,90.404373,23.019407,-0.001031,0.90202,-0.124326,0.413402,6.216102,54.127537,30.873131,-0.078431,0.875725,-0.066972,0.471666,1.388687,7.778564,41.641109,-0.022414,0.948221,0.024456,0.315876,-7.092327,1.458895,-11.500702,-0.078431,0.875725,-0.066972,0.471666,13.779924,1.111559,35.034336
1043,8.691667,-0.004023,0.902879,0.005261,0.429844,-0.881153,90.379868,15.655522,-0.024894,0.905918,0.07879,0.415313,-0.973063,98.176407,15.702627,-0.027024,0.908322,0.068514,0.411737,-2.615389,112.830482,17.516199,0.058866,0.950751,-0.018362,0.303761,-4.574715,131.198776,19.414248,0.044176,0.981162,-0.059645,0.178359,-1.666208,145.690948,17.877197,0.001021,0.872051,0.133494,0.470857,-6.906177,125.29541,16.313393,0.406429,-0.550461,0.072713,-0.725618,-16.984558,127.603996,1.448037,0.065312,-0.009072,-0.588149,-0.80606,-7.84582,114.423706,-16.184053,0.11443,0.054298,-0.578133,-0.806052,-0.666369,136.496506,-18.315659,-0.173904,0.92386,0.1501,0.30612,-1.889509,125.23967,22.031393,0.321003,0.870776,0.145828,-0.342696,11.729084,129.394073,33.21875,-0.028354,0.214022,0.453103,-0.864921,25.053883,118.451355,16.761711,0.077595,0.066112,0.343987,-0.933424,13.866024,136.339325,9.018083,0.052662,0.886974,0.076267,0.452424,-6.875858,90.35379,8.274434,0.085357,0.928119,-0.017673,0.361934,-7.782311,53.857769,1.480957,-0.022067,0.948237,0.024749,0.315827,-15.972139,6.756964,0.09483,-0.056879,0.909326,-0.090749,0.402064,5.113551,90.405937,23.036612,-0.000703,0.902345,-0.124583,0.412616,6.245005,54.123856,30.863705,-0.078344,0.875782,-0.066986,0.471573,1.388587,7.780939,41.644688,-0.022067,0.948237,0.024749,0.315827,-7.089376,1.458083,-11.509458,-0.078344,0.875782,-0.066986,0.471573,13.777246,1.111954,35.035088
1044,8.7,-0.004183,0.903002,0.005201,0.429585,-0.867812,90.375839,15.67601,-0.024629,0.905913,0.078895,0.41532,-0.961556,98.172379,15.721229,-0.027503,0.908267,0.067986,0.411914,-2.59905,112.835052,17.541964,0.058743,0.950587,-0.018769,0.304273,-4.566863,131.205048,19.414551,0.044035,0.981018,-0.0597,0.179167,-1.65658,145.69577,17.867207,0.0007,0.872023,0.133256,0.470976,-6.894444,125.296577,16.320511,0.406484,-0.550349,0.072843,-0.725658,-16.968784,127.591553,1.450306,0.065541,-0.008992,-0.588223,-0.805988,-7.825074,114.407333,-16.176271,0.114954,0.05426,-0.57903,-0.805336,-0.649346,136.481888,-18.311394,-0.174236,0.923934,0.149688,0.305911,-1.8804,125.250565,22.040901,0.320921,0.871056,0.145372,-0.342256,11.73864,129.422241,33.221287,-0.02858,0.21481,0.452625,-0.864968,25.080315,118.468163,16.785498,0.077085,0.06681,0.342212,-0.934069,13.889612,136.339462,9.01573,0.052788,0.887103,0.076251,0.452159,-6.866725,90.346504,8.298354,0.085401,0.928241,-0.017412,0.361625,-7.783961,53.851284,1.50199,-0.022242,0.948261,0.024801,0.315739,-15.969075,6.750312,0.093856,-0.056765,0.909617,-0.09026,0.401533,5.131101,90.405182,23.053663,-0.0005,0.902348,-0.124891,0.412516,6.274256,54.115559,30.843994,-0.079363,0.875669,-0.06746,0.471545,1.38929,7.779983,41.643616,-0.022242,0.948261,0.024801,0.315739,-7.086392,1.454518,-11.511901,-0.079363,0.875669,-0.06746,0.471545,13.786924,1.115788,35.046021
1045,8.708333,-0.004108,0.903091,0.004947,0.429402,-0.864,90.373871,15.695241,-0.024567,0.905978,0.078833,0.415193,-0.954978,98.170456,15.737399,-0.027776,0.908321,0.067597,0.411841,-2.590638,112.84108,17.558428,0.058634,0.950465,-0.019168,0.30465,-4.561573,131.212479,19.413939,0.044006,0.98086,-0.059742,0.180025,-1.649606,145.701736,17.856112,0.000464,0.872031,0.132928,0.471054,-6.888448,125.300667,16.325747,0.406624,-0.550083,0.07311,-0.725755,-16.960123,127.58297,1.451792,0.065932,-0.008974,-0.58827,-0.805922,-7.804264,114.390686,-16.162439,0.115646,0.054021,-0.579638,-0.804815,-0.631237,136.464752,-18.307663,-0.17454,0.923993,0.149294,0.305752,-1.873714,125.260963,22.045578,0.320392,0.871542,0.144429,-0.341912,11.745,129.448395,33.220463,-0.028806,0.215485,0.451863,-0.865192,25.114029,118.491104,16.809072,0.077014,0.067398,0.341253,-0.934384,13.904357,136.34198,9.013838,0.052827,0.887301,0.076235,0.451768,-6.86591,90.343719,8.320025,0.085401,0.928477,-0.017101,0.361032,-7.789277,53.848614,1.523883,-0.02228,0.948288,0.024825,0.315653,-15.964651,6.746623,0.09341,-0.056757,0.910004,-0.089758,0.400768,5.137909,90.40403,23.070457,-0.000254,0.902546,-0.125204,0.411988,6.30218,54.10762,30.825979,-0.079486,0.875698,-0.067561,0.471455,1.390005,7.7795,41.64526,-0.02228,0.948288,0.024825,0.315653,-7.083575,1.451804,-11.514023,-0.079486,0.875698,-0.067561,0.471455,13.787106,1.114582,35.04739
1046,8.716667,-0.004206,0.903194,0.004885,0.429183,-0.852219,90.370552,15.712425,-0.024527,0.905997,0.078768,0.415167,-0.944156,98.16713,15.753081,-0.028033,0.908305,0.067264,0.411913,-2.578974,112.848007,17.574156,0.058819,0.950279,-0.019497,0.305174,-4.553672,131.220535,19.414371,0.043817,0.980692,-0.059845,0.180947,-1.632011,145.70726,17.851244,0.000263,0.87207,0.132638,0.471064,-6.878846,125.305794,16.330521,0.406641,-0.549908,0.073371,-0.725852,-16.950188,127.576851,1.454622,0.066419,-0.00874,-0.588177,-0.805953,-7.787004,114.378166,-16.151003,0.116574,0.054011,-0.580737,-0.803889,-0.608367,136.450943,-18.300619,-0.174969,0.924035,0.148772,0.305635,-1.865228,125.271652,22.051365,0.320206,0.871883,0.143756,-0.3415,11.750641,129.480118,33.221817,-0.028937,0.216217,0.451415,-0.865239,25.138807,118.511559,16.833567,0.076853,0.067889,0.34027,-0.93472,13.925732,136.347275,9.011827,0.052959,0.887531,0.076208,0.451306,-6.857682,90.338181,8.340114,0.085408,0.928676,-0.016963,0.360525,-7.794157,53.843815,1.541809,-0.022513,0.948346,0.02509,0.315443,-15.966209,6.7415,0.103263,-0.056625,0.910376,-0.089306,0.400043,5.153245,90.402924,23.084736,-7.4e-05,0.902641,-0.1255,0.411691,6.328452,54.0994,30.805189,-0.079546,0.875685,-0.067587,0.471467,1.392564,7.778388,41.644043,-0.022513,0.948346,0.02509,0.315443,-7.08691,1.456157,-11.509846,-0.079546,0.875685,-0.067587,0.471467,13.790417,1.113847,35.047207
1047,8.725,-0.004194,0.90334,0.004799,0.428879,-0.845674,90.370926,15.727003,-0.024337,0.906043,0.078599,0.415109,-0.936858,98.167519,15.76656,-0.028439,0.908277,0.067157,0.411964,-2.565738,112.861656,17.58708,0.058689,0.950099,-0.020159,0.305714,-4.552583,131.233871,19.417349,0.043995,0.980477,-0.059801,0.182081,-1.626989,145.717926,17.836908,0.000124,0.872118,0.131807,0.471208,-6.873401,125.316025,16.336174,0.40646,-0.549841,0.073698,-0.725971,-16.939854,127.569176,1.454249,0.066686,-0.008491,-0.588055,-0.806022,-7.775452,114.364799,-16.146467,0.117461,0.053966,-0.581001,-0.803572,-0.590364,136.434265,-18.293566,-0.175299,0.924073,0.148447,0.305489,-1.860783,125.288094,22.057926,0.31964,0.87233,0.14253,-0.341404,11.75414,129.512238,33.22361,-0.029212,0.216731,0.450812,-0.865415,25.162685,118.539772,16.854645,0.076892,0.06823,0.340622,-0.934564,13.932305,136.363541,9.013964,0.05302,0.887889,0.076166,0.4506,-6.856108,90.338013,8.358747,0.085382,0.929128,-0.016591,0.359383,-7.803431,53.843655,1.561878,-0.021567,0.948354,0.0253,0.315466,-15.962177,6.739706,0.1013,-0.056647,0.910763,-0.088938,0.39924,5.16476,90.403831,23.095259,0.000229,0.902771,-0.125791,0.411317,6.359307,54.095615,30.790668,-0.079408,0.875703,-0.06763,0.471449,1.390331,7.781607,41.644321,-0.021567,0.948354,0.0253,0.315466,-7.091887,1.451179,-11.517239,-0.079408,0.875703,-0.06763,0.471449,13.78612,1.11386,35.046856
1048,8.733333,-0.004282,0.903466,0.004718,0.428612,-0.833222,90.37233,15.743134,-0.024478,0.906099,0.078446,0.415008,-0.925088,98.16893,15.780978,-0.028658,0.908303,0.066925,0.411928,-2.556829,112.874069,17.597126,0.058638,0.949917,-0.020786,0.306247,-4.547468,131.246979,19.416348,0.044101,0.980252,-0.059704,0.183294,-1.616041,145.728134,17.820259,-0.00011,0.872184,0.131898,0.47106,-6.867176,125.326767,16.338863,0.406543,-0.549691,0.074082,-0.725999,-16.93865,127.57341,1.459345,0.067122,-0.008477,-0.587905,-0.806096,-7.769057,114.356377,-16.129164,0.118123,0.053797,-0.581042,-0.803457,-0.575963,136.421387,-18.287193,-0.17579,0.924076,0.148058,0.305385,-1.854296,125.30336,22.06041,0.319393,0.872746,0.141723,-0.340905,11.756682,129.548798,33.222828,-0.029416,0.217662,0.450213,-0.865486,25.188976,118.563759,16.881796,0.076651,0.0691,0.339448,-0.934946,13.95337,136.367569,9.008098,0.053182,0.888316,0.076207,0.449732,-6.848001,90.337204,8.378434,0.085413,0.929358,-0.016408,0.358789,-7.811236,53.844597,1.574454,-0.022613,0.948344,0.025207,0.315432,-15.967408,6.740585,0.101708,-0.056572,0.910982,-0.088592,0.398827,5.181557,90.407455,23.107836,0.000432,0.902884,-0.126064,0.410984,6.384957,54.094051,30.777382,-0.078442,0.875781,-0.066984,0.471558,1.391709,7.786608,41.647942,-0.022613,0.948344,0.025207,0.315432,-7.086954,1.459415,-11.512414,-0.078442,0.875781,-0.066984,0.471558,13.781261,1.119149,35.038471
1049,8.741667,-0.004269,0.903564,0.004555,0.428407,-0.828568,90.373711,15.757601,-0.024399,0.906161,0.07836,0.414894,-0.919149,98.170334,15.793265,-0.028968,0.908339,0.066619,0.411877,-2.548348,112.883949,17.609278,0.058535,0.949751,-0.021259,0.306747,-4.544668,131.257706,19.413553,0.044385,0.980028,-0.059632,0.184445,-1.610332,145.736969,17.805492,-1.4e-05,0.872237,0.131616,0.471042,-6.862704,125.334251,16.341076,0.406623,-0.549612,0.074463,-0.725975,-16.934818,127.578995,1.461706,0.067576,-0.008345,-0.587688,-0.806217,-7.763828,114.348282,-16.115788,0.118673,0.053877,-0.581382,-0.803124,-0.558922,136.408203,-18.280565,-0.176229,0.924095,0.147754,0.305222,-1.849451,125.317123,22.062317,0.31894,0.873185,0.141098,-0.340466,11.759551,129.581589,33.219891,-0.029335,0.217985,0.449498,-0.865779,25.219912,118.595634,16.902576,0.0768,0.06954,0.339688,-0.934814,13.960701,136.378754,9.010129,0.053118,0.888716,0.076426,0.448912,-6.846682,90.337463,8.39563,0.085851,0.929562,-0.016309,0.358161,-7.804617,53.846825,1.58032,-0.022789,0.948098,0.024888,0.316182,-15.997021,6.749672,0.089219,-0.056597,0.911266,-0.088234,0.398253,5.189547,90.409958,23.119572,0.000709,0.903052,-0.126302,0.410542,6.410158,54.092068,30.765087,-0.078768,0.8757,-0.067208,0.471624,1.388931,7.790425,41.647442,-0.022789,0.948098,0.024888,0.316182,-7.097407,1.461697,-11.50713,-0.078768,0.8757,-0.067208,0.471624,13.782227,1.123048,35.044907
1050,8.75,-0.004198,0.903677,0.004318,0.428172,-0.826449,90.375351,15.769821,-0.024332,0.906217,0.078247,0.414796,-0.914444,98.172012,15.802637,-0.029255,0.908364,0.066313,0.411852,-2.54111,112.894073,17.617569,0.058433,0.949573,-0.021694,0.307288,-4.542371,131.268723,19.407227,0.044735,0.979787,-0.059546,0.185661,-1.605257,145.746201,17.78845,-0.000176,0.872367,0.131309,0.470887,-6.858836,125.342194,16.339491,0.406741,-0.549466,0.074656,-0.726,-16.936228,127.575874,1.462032,0.068004,-0.008165,-0.587491,-0.806327,-7.758938,114.338135,-16.106886,0.11921,0.053796,-0.581172,-0.803203,-0.543576,136.392624,-18.275898,-0.176626,0.924102,0.147429,0.30513,-1.845528,125.330986,22.060698,0.318601,0.873604,0.140629,-0.339901,11.760418,129.612869,33.215321,-0.029274,0.218489,0.448874,-0.865978,25.249369,118.62326,16.924105,0.076942,0.07012,0.339233,-0.934925,13.974389,136.38678,9.007764,0.053213,0.88912,0.076373,0.448109,-6.848409,90.338364,8.411001,0.085405,0.929966,-0.015979,0.357232,-7.82051,53.847862,1.596951,-0.022508,0.948381,0.025096,0.315338,-15.963832,6.742385,0.099944,-0.056519,0.911693,-0.087976,0.397343,5.195511,90.412346,23.128641,0.000759,0.902869,-0.126453,0.410898,6.426237,54.090416,30.753353,-0.078586,0.875748,-0.067238,0.471559,1.390523,7.792428,41.644554,-0.022508,0.948381,0.025096,0.315338,-7.087116,1.457118,-11.515174,-0.078586,0.875748,-0.067238,0.471559,13.780549,1.121323,35.039658
1051,8.758333,-0.004146,0.903766,0.004076,0.427987,-0.824118,90.375313,15.783943,-0.024412,0.906285,0.078176,0.414657,-0.909752,98.17202,15.813713,-0.029412,0.908439,0.065813,0.411754,-2.537872,112.898216,17.626486,0.05829,0.949388,-0.02197,0.307869,-4.536657,131.274979,19.397173,0.045135,0.979511,-0.059468,0.187041,-1.599171,145.751663,17.771917,-0.000151,0.872527,0.131036,0.470666,-6.854398,125.34549,16.336124,0.406682,-0.549315,0.075003,-0.726111,-16.939331,127.574242,1.463029,0.068348,-0.008083,-0.58724,-0.806481,-7.756604,114.328575,-16.097069,0.119582,0.053825,-0.581271,-0.803073,-0.527438,136.37796,-18.271702,-0.177074,0.924045,0.146918,0.305288,-1.839995,125.339722,22.056379,0.318172,0.874044,0.14013,-0.339378,11.756722,129.641068,33.214779,-0.029215,0.219071,0.448198,-0.866183,25.275654,118.651077,16.948681,0.077026,0.070773,0.339232,-0.934869,13.983844,136.394196,9.004827,0.053285,0.889525,0.076525,0.44727,-6.849101,90.337227,8.427599,0.085313,0.930161,-0.01577,0.356755,-7.827279,53.84903,1.602091,-0.02122,0.948351,0.0254,0.315491,-15.956165,6.741419,0.093854,-0.05655,0.91189,-0.087615,0.396966,5.200864,90.413406,23.140287,0.001039,0.90332,-0.126632,0.409849,6.447585,54.087032,30.741158,-0.079363,0.875721,-0.068026,0.471368,1.393325,7.793412,41.642334,-0.02122,0.948351,0.0254,0.315491,-7.088716,1.452368,-11.526623,-0.079363,0.875721,-0.068026,0.471368,13.785416,1.115525,35.048157
1052,8.766667,-0.004133,0.903871,0.003863,0.427768,-0.821677,90.375107,15.796304,-0.024397,0.906341,0.078021,0.414565,-0.905712,98.171837,15.823187,-0.02965,0.908464,0.065571,0.411722,-2.532194,112.906517,17.633087,0.05732,0.949272,-0.022464,0.308371,-4.535232,131.283936,19.392054,0.046111,0.979203,-0.059329,0.188454,-1.618615,145.762543,17.746328,-0.000198,0.872621,0.130852,0.470543,-6.851684,125.351944,16.334885,0.406673,-0.5492,0.075377,-0.726164,-16.940815,127.575493,1.463859,0.068611,-0.008078,-0.587044,-0.806602,-7.754747,114.319138,-16.086422,0.119874,0.053754,-0.580863,-0.80333,-0.515147,136.36348,-18.267427,-0.177803,0.923963,0.146503,0.305312,-1.837089,125.351021,22.054977,0.318031,0.874409,0.139411,-0.338865,11.749723,129.680679,33.214493,-0.029121,0.219748,0.447754,-0.866244,25.28953,118.675995,16.975712,0.077202,0.071417,0.339078,-0.934861,13.993299,136.402832,9.002531,0.053286,0.889919,0.076752,0.446447,-6.850221,90.33548,8.442887,0.085351,0.930359,-0.015647,0.356234,-7.827143,53.849876,1.603366,-0.02208,0.948325,0.024842,0.315555,-15.955994,6.742507,0.087454,-0.056556,0.912144,-0.087327,0.396445,5.206868,90.414734,23.149719,0.001165,0.903301,-0.12681,0.409835,6.466963,54.084671,30.730745,-0.079081,0.875752,-0.067956,0.471367,1.394966,7.795391,41.642117,-0.02208,0.948325,0.024842,0.315555,-7.079385,1.446233,-11.522738,-0.079081,0.875752,-0.067956,0.471367,13.784136,1.114715,35.045284
1053,8.775,-0.004157,0.903965,0.003711,0.42757,-0.81857,90.377769,15.808776,-0.024432,0.906399,0.077796,0.414477,-0.90192,98.174515,15.833369,-0.029878,0.908491,0.065375,0.411677,-2.527047,112.916039,17.637661,0.057051,0.949121,-0.023031,0.308843,-4.534693,131.2939,19.386662,0.046835,0.978947,-0.059087,0.189679,-1.61896,145.770844,17.724751,-0.000196,0.872741,0.130595,0.470392,-6.849811,125.359642,16.332895,0.406676,-0.549174,0.075703,-0.726148,-16.94409,127.578186,1.464613,0.068868,-0.008113,-0.58673,-0.806808,-7.759015,114.31105,-16.078041,0.119918,0.053758,-0.580578,-0.803529,-0.502457,136.348434,-18.266399,-0.178195,0.923953,0.146091,0.30531,-1.834862,125.363144,22.052675,0.317735,0.874786,0.13891,-0.338375,11.746944,129.710434,33.21143,-0.029067,0.22025,0.447219,-0.866395,25.311523,118.701027,16.996548,0.077348,0.071892,0.338689,-0.934954,14.003244,136.410873,9.000177,0.053404,0.890249,0.076882,0.445752,-6.850337,90.336479,8.458014,0.085223,0.93042,-0.015572,0.356109,-7.836072,53.853291,1.606835,-0.021882,0.948389,0.02489,0.315372,-15.951359,6.743622,0.089703,-0.056604,0.912289,-0.087064,0.396162,5.213198,90.419067,23.15954,0.001343,0.903376,-0.126967,0.409622,6.486732,54.085995,30.723841,-0.079157,0.875773,-0.068103,0.471295,1.395834,7.800579,41.642784,-0.021882,0.948389,0.02489,0.315372,-7.081212,1.446693,-11.525124,-0.079157,0.875773,-0.068103,0.471295,13.783998,1.11745,35.046551
1054,8.783333,-0.004112,0.904052,0.003553,0.427387,-0.817693,90.380455,15.820971,-0.0245,0.906481,0.077491,0.414352,-0.899343,98.177223,15.843654,-0.030157,0.908543,0.065196,0.411571,-2.523066,112.927055,17.639977,0.058109,0.948891,-0.023372,0.309326,-4.537216,131.305176,19.378908,0.046972,0.978763,-0.059036,0.190611,-1.587514,145.775467,17.719252,-0.000227,0.872849,0.130339,0.470262,-6.850701,125.368309,16.328951,0.406699,-0.549132,0.075977,-0.726139,-16.949398,127.580879,1.462784,0.069133,-0.007986,-0.586491,-0.80696,-7.764096,114.304482,-16.072741,0.120285,0.053609,-0.5802,-0.803757,-0.494668,136.336395,-18.262732,-0.178513,0.923895,0.145859,0.305411,-1.83468,125.37693,22.047783,0.317338,0.8752,0.138283,-0.337935,11.740787,129.736511,33.20945,-0.029211,0.220846,0.446689,-0.866512,25.331575,118.724396,17.01837,0.077474,0.072577,0.338372,-0.935005,14.013698,136.418411,8.99971,0.053333,0.890593,0.077065,0.44504,-6.852434,90.338638,8.472655,0.085288,0.930512,-0.015523,0.355853,-7.832846,53.856968,1.612648,-0.021719,0.948385,0.024946,0.315391,-15.952561,6.748205,0.091193,-0.056725,0.91249,-0.08681,0.395737,5.217049,90.422272,23.169289,0.001556,0.90351,-0.127149,0.409269,6.509863,54.086948,30.719507,-0.078063,0.875933,-0.067807,0.471222,1.397666,7.806006,41.647453,-0.021719,0.948385,0.024946,0.315391,-7.083521,1.451313,-11.524489,-0.078063,0.875933,-0.067807,0.471222,13.773495,1.112486,35.038616
1055,8.791667,-0.003879,0.904254,0.003413,0.426965,-0.823325,90.381256,15.833351,-0.024479,0.906568,0.077184,0.414219,-0.900748,98.178062,15.855658,-0.030433,0.908565,0.064976,0.411536,-2.520963,112.93943,17.645441,0.058067,0.948691,-0.023743,0.309919,-4.540979,131.317978,19.372835,0.047791,0.978453,-0.059076,0.191978,-1.587177,145.78653,17.705044,-0.000308,0.872977,0.130114,0.470087,-6.852651,125.378456,16.326702,0.406645,-0.549109,0.076167,-0.726167,-16.957289,127.583817,1.463501,0.069541,-0.007533,-0.586354,-0.807029,-7.772171,114.302612,-16.068481,0.121071,0.054142,-0.579872,-0.80384,-0.495323,136.331345,-18.252083,-0.17888,0.923875,0.145511,0.305425,-1.836446,125.392303,22.045364,0.317118,0.87556,0.137716,-0.33744,11.733964,129.767792,33.206955,-0.029173,0.221374,0.446373,-0.866541,25.347351,118.747032,17.040764,0.077831,0.072813,0.33799,-0.935095,14.027164,136.429764,8.999959,0.053259,0.890579,0.077577,0.444988,-6.864966,90.342262,8.490687,0.085351,0.930351,-0.015731,0.35625,-7.823848,53.865898,1.599509,-0.021819,0.948365,0.024697,0.315464,-15.955528,6.75878,0.090992,-0.056854,0.912495,-0.086566,0.395762,5.218315,90.420242,23.176014,0.001662,0.903356,-0.127253,0.409574,6.526881,54.082851,30.713568,-0.07816,0.875884,-0.067769,0.471302,1.397722,7.804483,41.644459,-0.021819,0.948365,0.024697,0.315464,-7.084407,1.455973,-11.520409,-0.07816,0.875884,-0.067769,0.471302,13.776135,1.113597,35.037785
1056,8.8,-0.003837,0.904329,0.003347,0.426805,-0.822372,90.384216,15.843326,-0.024803,0.906662,0.076993,0.414031,-0.898766,98.181038,15.864994,-0.030481,0.908674,0.064817,0.411317,-2.526113,112.952713,17.647139,0.058015,0.948565,-0.02419,0.31028,-4.544904,131.331924,19.368923,0.048691,0.978184,-0.059011,0.193138,-1.587371,145.798386,17.689808,-0.000397,0.873101,0.129474,0.470034,-6.858141,125.391365,16.326,0.406512,-0.549137,0.076401,-0.726196,-16.9646,127.582756,1.461975,0.069688,-0.007442,-0.586083,-0.807214,-7.782634,114.296295,-16.067678,0.12126,0.054194,-0.579445,-0.804116,-0.491268,136.319092,-18.250933,-0.178987,0.923926,0.145082,0.30541,-1.839247,125.407135,22.042294,0.317085,0.875786,0.137397,-0.337013,11.730101,129.791367,33.201736,-0.029,0.221528,0.446159,-0.866618,25.358217,118.760612,17.054789,0.078395,0.073463,0.338194,-0.934924,14.030252,136.438583,9.00188,0.053286,0.890917,0.077589,0.444306,-6.866607,90.345398,8.502802,0.085305,0.93048,-0.01557,0.355931,-7.832071,53.869385,1.610669,-0.02192,0.948394,0.02468,0.315373,-15.954803,6.76105,0.092091,-0.05692,0.912541,-0.086415,0.395679,5.221863,90.423035,23.183849,0.001777,0.903348,-0.127322,0.409571,6.540048,54.084267,30.713087,-0.078165,0.875903,-0.067786,0.471264,1.398291,7.807618,41.64537,-0.02192,0.948394,0.02468,0.315373,-7.084849,1.458678,-11.520393,-0.078165,0.875903,-0.067786,0.471264,13.776064,1.116305,35.037941
1057,8.808333,-0.003806,0.904397,0.003091,0.426663,-0.821651,90.386787,15.859016,-0.024974,0.906723,0.076674,0.413945,-0.89589,98.18364,15.877289,-0.030707,0.908713,0.064637,0.411243,-2.524479,112.962814,17.649603,0.058046,0.948349,-0.024825,0.310885,-4.548018,131.342392,19.362047,0.049549,0.977853,-0.05888,0.194632,-1.581959,145.805389,17.668184,-0.000451,0.873222,0.129315,0.469852,-6.860037,125.399612,16.322521,0.406315,-0.549166,0.076768,-0.726245,-16.972672,127.585747,1.461922,0.069846,-0.007356,-0.585779,-0.807422,-7.794924,114.290985,-16.063646,0.121549,0.054208,-0.579294,-0.80418,-0.48693,136.308044,-18.24703,-0.179331,0.923896,0.14477,0.305448,-1.840419,125.419724,22.038168,0.316819,0.876135,0.136759,-0.336616,11.723619,129.818527,33.198338,-0.029042,0.22202,0.445701,-0.866726,25.372499,118.780769,17.073721,0.078511,0.073964,0.337994,-0.934947,14.035598,136.444672,9.000562,0.053272,0.891032,0.077827,0.444035,-6.868196,90.346405,8.520401,0.085348,0.930424,-0.015554,0.356069,-7.826888,53.873039,1.613393,-0.021705,0.948339,0.024533,0.315562,-15.952662,6.76536,0.090771,-0.056933,0.912589,-0.086141,0.395625,5.224893,90.427162,23.197634,0.001835,0.903328,-0.127411,0.409587,6.552565,54.084999,30.708786,-0.077972,0.875934,-0.067775,0.471239,1.402193,7.81053,41.646198,-0.021705,0.948339,0.024533,0.315562,-7.080872,1.45698,-11.517566,-0.077972,0.875934,-0.067775,0.471239,13.77739,1.116388,35.036808
1058,8.816667,-0.004328,0.904443,0.003312,0.426559,-0.800438,90.379677,15.867299,-0.0253,0.906786,0.07653,0.413815,-0.883508,98.176445,15.885219,-0.031043,0.908772,0.064445,0.411117,-2.520842,112.973419,17.651922,0.058181,0.948138,-0.025398,0.311456,-4.552573,131.353134,19.35306,0.050309,0.97754,-0.058695,0.19606,-1.575762,145.8125,17.647032,-0.00053,0.873379,0.129148,0.469606,-6.862493,125.407341,16.317846,0.406146,-0.549224,0.077017,-0.726269,-16.9835,127.586975,1.461989,0.070011,-0.007217,-0.585441,-0.807654,-7.810607,114.286819,-16.062021,0.121873,0.054108,-0.579251,-0.804169,-0.484367,136.297089,-18.243607,-0.179617,0.923841,0.144447,0.3056,-1.84162,125.433441,22.032366,0.3165,0.876491,0.135994,-0.336299,11.715356,129.844238,33.196388,-0.029111,0.222492,0.445271,-0.866824,25.384045,118.800095,17.092943,0.078793,0.074414,0.337752,-0.934975,14.038953,136.451157,9.00093,0.053357,0.89122,0.077961,0.443624,-6.848587,90.3321,8.530047,0.08547,0.93024,-0.01571,0.356513,-7.811656,53.86095,1.611934,-0.021636,0.948368,0.024837,0.315456,-15.952712,6.755719,0.095144,-0.056779,0.912737,-0.086292,0.395274,5.24771,90.427254,23.20455,0.00205,0.903581,-0.127312,0.409059,6.563417,54.08572,30.720827,-0.078155,0.875904,-0.0678,0.471261,1.404702,7.808924,41.644493,-0.021636,0.948368,0.024837,0.315456,-7.083318,1.455044,-11.518546,-0.078155,0.875904,-0.0678,0.471261,13.782248,1.117118,35.037136
1059,8.825,-0.004367,0.904473,0.003304,0.426497,-0.795509,90.38221,15.87886,-0.025577,0.906829,0.076266,0.413752,-0.879081,98.17897,15.89641,-0.031255,0.908808,0.064323,0.41104,-2.52113,112.981796,17.653257,0.058204,0.947915,-0.026302,0.312055,-4.558005,131.361603,19.347214,0.051158,0.977201,-0.05842,0.197605,-1.570454,145.816101,17.618914,-0.000558,0.873496,0.128966,0.469438,-6.866598,125.41391,16.314728,0.405671,-0.549354,0.07746,-0.726389,-16.99334,127.588776,1.46208,0.070036,-0.007105,-0.585083,-0.807913,-7.830534,114.282753,-16.062765,0.122275,0.0542,-0.579318,-0.804054,-0.484448,136.287598,-18.239771,-0.179959,0.923801,0.14408,0.305691,-1.844958,125.443794,22.028557,0.316071,0.87693,0.134802,-0.336037,11.705544,129.869354,33.194595,-0.029268,0.22327,0.444806,-0.866857,25.39558,118.815758,17.115789,0.078742,0.0741,0.337429,-0.935121,14.047825,136.451401,8.99591,0.053478,0.89113,0.078126,0.443761,-6.844669,90.333878,8.542448,0.085505,0.930043,-0.015854,0.357012,-7.809169,53.865589,1.609424,-0.022288,0.948364,0.024416,0.315456,-15.957363,6.761357,0.099825,-0.05679,0.91269,-0.086176,0.395406,5.253652,90.430534,23.215273,0.002188,0.903634,-0.12734,0.408932,6.572446,54.087605,30.72427,-0.079129,0.875789,-0.068189,0.471256,1.402181,7.811555,41.64563,-0.022288,0.948364,0.024416,0.315456,-7.082203,1.455236,-11.506975,-0.079129,0.875789,-0.068189,0.471256,13.788992,1.125881,35.049442
1060,8.833333,-0.004381,0.904512,0.003292,0.426413,-0.794018,90.384613,15.887979,-0.025706,0.906846,0.076121,0.413733,-0.877699,98.181381,15.905287,-0.031478,0.908809,0.064143,0.411048,-2.522204,112.99157,17.65745,0.05813,0.947708,-0.026951,0.312641,-4.563873,131.371719,19.341904,0.05212,0.976873,-0.058302,0.199005,-1.570578,145.82309,17.597504,-0.00055,0.873629,0.128734,0.469254,-6.870781,125.421883,16.312332,0.405136,-0.549627,0.077802,-0.726445,-17.003752,127.592194,1.463272,0.070016,-0.006926,-0.584585,-0.808276,-7.857755,114.28286,-16.067827,0.122636,0.054253,-0.579336,-0.803982,-0.484351,136.279648,-18.236074,-0.180287,0.923777,0.143789,0.305708,-1.849456,125.455978,22.026413,0.31585,0.877219,0.134266,-0.335706,11.696388,129.895493,33.192551,-0.029181,0.22358,0.44442,-0.866978,25.40366,118.836067,17.132458,0.079072,0.074486,0.337327,-0.935099,14.046346,136.459091,8.996779,0.053476,0.891133,0.078136,0.443753,-6.844536,90.33596,8.55269,0.085602,0.929942,-0.015818,0.357254,-7.808639,53.867783,1.61906,-0.022154,0.948307,0.024577,0.315626,-15.963849,6.765047,0.100813,-0.056853,0.912731,-0.086124,0.395313,5.256499,90.433273,23.223269,0.002265,0.90361,-0.12734,0.408985,6.581827,54.090206,30.730474,-0.078948,0.87583,-0.068074,0.471228,1.404275,7.81419,41.648491,-0.022154,0.948307,0.024577,0.315626,-7.085534,1.46218,-11.505053,-0.078948,0.87583,-0.068074,0.471228,13.789079,1.128258,35.048798
1061,8.841667,-0.004352,0.904527,0.003255,0.426382,-0.794058,90.387993,15.896392,-0.025814,0.906903,0.075859,0.413649,-0.877082,98.184761,15.913367,-0.031734,0.908855,0.06408,0.410938,-2.521832,113.002357,17.658026,0.058097,0.947531,-0.027518,0.313134,-4.570979,131.382202,19.336702,0.053175,0.976549,-0.058258,0.200326,-1.571848,145.830688,17.578411,-0.000639,0.873693,0.128588,0.469175,-6.875962,125.430367,16.309595,0.404935,-0.54991,0.077962,-0.726326,-17.011604,127.595016,1.46153,0.070075,-0.006689,-0.584227,-0.808532,-7.881617,114.280403,-16.073908,0.122933,0.054295,-0.579274,-0.803978,-0.488383,136.272079,-18.233816,-0.180993,0.923699,0.14367,0.305582,-1.85351,125.468529,22.022659,0.315778,0.877524,0.133351,-0.33534,11.685883,129.933136,33.186619,-0.029146,0.224051,0.444087,-0.867029,25.407045,118.855141,17.151196,0.079347,0.074851,0.336989,-0.935168,14.046327,136.465805,8.995795,0.053475,0.890941,0.078236,0.44412,-6.845075,90.339531,8.561513,0.085692,0.929817,-0.015879,0.357553,-7.802934,53.872498,1.620966,-0.022272,0.948288,0.024427,0.315684,-15.967612,6.7714,0.102461,-0.056891,0.91267,-0.08607,0.395459,5.256959,90.436462,23.231272,0.002358,0.903641,-0.127318,0.408923,6.585324,54.093025,30.736156,-0.079311,0.875792,-0.068167,0.471224,1.401422,7.816505,41.649055,-0.022272,0.948288,0.024427,0.315684,-7.087056,1.465518,-11.500316,-0.079311,0.875792,-0.068167,0.471224,13.789895,1.134053,35.052715
1062,8.85,-0.004361,0.904523,0.003218,0.42639,-0.791628,90.391731,15.905869,-0.025972,0.9069,0.075738,0.413669,-0.874535,98.188499,15.922257,-0.032018,0.908842,0.063916,0.41097,-2.522752,113.012024,17.662271,0.05783,0.947289,-0.028932,0.313786,-4.579062,131.391983,19.330982,0.054383,0.976156,-0.057804,0.202042,-1.572419,145.834122,17.533926,-0.000744,0.873805,0.1284,0.469018,-6.88144,125.437668,16.306763,0.404837,-0.55003,0.078026,-0.726283,-17.022442,127.595055,1.4613,0.070274,-0.00641,-0.583978,-0.808697,-7.899243,114.278625,-16.07629,0.123315,0.054481,-0.579396,-0.803819,-0.49219,136.266434,-18.230347,-0.181336,0.923685,0.143231,0.305629,-1.859659,125.480759,22.020382,0.315354,0.877922,0.132127,-0.335183,11.674197,129.961349,33.184658,-0.029303,0.224594,0.443568,-0.867149,25.413137,118.874565,17.170546,0.079584,0.075166,0.336865,-0.935168,14.042115,136.470535,8.994804,0.053579,0.890663,0.078211,0.44467,-6.842519,90.342804,8.570889,0.085695,0.929718,-0.015889,0.357809,-7.80374,53.876305,1.628011,-0.021541,0.948264,0.024774,0.31578,-15.968657,6.775305,0.108014,-0.056888,0.91279,-0.086037,0.395191,5.259263,90.440659,23.240849,0.002441,0.90356,-0.127309,0.409104,6.590578,54.096771,30.743053,-0.078888,0.87578,-0.06803,0.471337,1.397615,7.820073,41.650887,-0.021541,0.948264,0.024774,0.31578,-7.092619,1.472094,-11.499438,-0.078888,0.87578,-0.06803,0.471337,13.783739,1.134599,35.0532
1063,8.858333,-0.004402,0.904516,0.003247,0.426404,-0.790923,90.395615,15.912953,-0.026077,0.906884,0.07569,0.413707,-0.874608,98.192383,15.929476,-0.032345,0.908813,0.063738,0.411035,-2.526102,113.024292,17.667786,0.058092,0.947046,-0.029625,0.314407,-4.590841,131.404297,19.325354,0.055373,0.975824,-0.057839,0.203363,-1.568585,145.841446,17.514286,-0.000768,0.873887,0.128161,0.468931,-6.890005,125.447212,16.304167,0.404701,-0.550124,0.078272,-0.726261,-17.033939,127.59938,1.459947,0.070376,-0.006327,-0.583793,-0.808822,-7.917481,114.276268,-16.076071,0.12358,0.054585,-0.579307,-0.803836,-0.50066,136.259781,-18.22913,-0.181497,0.923714,0.143087,0.305513,-1.869356,125.49585,22.018736,0.31531,0.878129,0.131765,-0.334822,11.664954,129.984207,33.179352,-0.029112,0.22485,0.443278,-0.867237,25.416723,118.888077,17.182718,0.079783,0.075388,0.336751,-0.935174,14.039141,136.473145,8.991778,0.05357,0.890353,0.078207,0.445293,-6.841578,90.346214,8.577778,0.085792,0.929667,-0.01584,0.357921,-7.797518,53.879608,1.634768,-0.021481,0.94824,0.024652,0.315868,-15.969086,6.780043,0.106161,-0.05686,0.912822,-0.08608,0.395111,5.259732,90.445015,23.248127,0.002416,0.903656,-0.127241,0.408914,6.588508,54.101456,30.752321,-0.078822,0.87586,-0.06794,0.471213,1.40268,7.823092,41.656475,-0.021481,0.94824,0.024652,0.315868,-7.091941,1.47292,-11.498662,-0.078822,0.87586,-0.06794,0.471213,13.786425,1.138247,35.05368
1064,8.866667,-0.004337,0.904491,0.003066,0.42646,-0.792073,90.397644,15.921629,-0.026182,0.906862,0.075654,0.413753,-0.873634,98.194435,15.936025,-0.032511,0.908798,0.063507,0.411092,-2.528174,113.031403,17.672554,0.058438,0.946823,-0.030158,0.314964,-4.595123,131.412094,19.319696,0.056136,0.975537,-0.057873,0.204518,-1.556562,145.844681,17.499557,-0.000757,0.874073,0.127851,0.468669,-6.893188,125.453102,16.301432,0.404557,-0.550267,0.078384,-0.72622,-17.046034,127.599144,1.462421,0.070472,-0.006264,-0.583589,-0.808962,-7.937928,114.273308,-16.075867,0.123903,0.054585,-0.579322,-0.803775,-0.509789,136.25354,-18.228542,-0.18155,0.923687,0.142182,0.305984,-1.873424,125.505424,22.016747,0.315447,0.878182,0.131879,-0.334511,11.649754,130.00296,33.187149,-0.028703,0.225209,0.443099,-0.867249,25.407345,118.900215,17.20013,0.079897,0.075812,0.336555,-0.9352,14.031055,136.473083,8.987473,0.053577,0.89006,0.078238,0.445871,-6.841832,90.3479,8.585719,0.085791,0.929252,-0.015948,0.358993,-7.792645,53.881706,1.639818,-0.021545,0.948296,0.024505,0.315706,-15.966107,6.78246,0.111393,-0.056873,0.912778,-0.086101,0.395208,5.257688,90.447388,23.257538,0.002415,0.903535,-0.127123,0.409217,6.585908,54.104198,30.763626,-0.078833,0.87583,-0.067809,0.471284,1.401071,7.822967,41.656078,-0.021545,0.948296,0.024505,0.315706,-7.092656,1.471832,-11.494648,-0.078833,0.87583,-0.067809,0.471284,13.786736,1.141572,35.053394
1065,8.875,-0.004351,0.904467,0.002989,0.426511,-0.793987,90.398445,15.928082,-0.026244,0.906851,0.075589,0.413787,-0.875231,98.195236,15.941301,-0.032713,0.908783,0.063356,0.411131,-2.531554,113.039871,17.67613,0.058641,0.94663,-0.030642,0.315458,-4.603067,131.420807,19.315008,0.05716,0.975242,-0.057995,0.205605,-1.552829,145.849747,17.485571,-0.000818,0.874189,0.127666,0.468503,-6.899359,125.45993,16.299072,0.404487,-0.550464,0.078473,-0.7261,-17.057831,127.600121,1.46306,0.070733,-0.006083,-0.583444,-0.809045,-7.960742,114.269699,-16.077473,0.124279,0.055256,-0.57949,-0.80355,-0.52538,136.24498,-18.22975,-0.181678,0.923697,0.141917,0.306001,-1.880283,125.515953,22.014956,0.315302,0.878383,0.131454,-0.334287,11.640832,130.020706,33.184952,-0.028454,0.225411,0.442758,-0.867379,25.409954,118.912796,17.211435,0.08014,0.075871,0.336699,-0.935123,14.023857,136.473129,8.983988,0.053594,0.889704,0.078167,0.446593,-6.842915,90.347847,8.591493,0.085843,0.929186,-0.01588,0.359154,-7.791633,53.88097,1.648906,-0.021654,0.948298,0.024437,0.315699,-15.967072,6.782377,0.111162,-0.056779,0.91266,-0.086152,0.395482,5.254942,90.449036,23.264671,0.002273,0.903481,-0.126944,0.409392,6.573103,54.105713,30.771881,-0.079171,0.875768,-0.068084,0.471303,1.405495,7.820064,41.653767,-0.021654,0.948298,0.024437,0.315699,-7.092822,1.470891,-11.493876,-0.079171,0.875768,-0.068084,0.471303,13.794044,1.137628,35.057556
1066,8.883333,-0.004309,0.904392,0.002963,0.426671,-0.798101,90.398743,15.931164,-0.026231,0.906814,0.075547,0.413876,-0.878592,98.195541,15.94428,-0.032905,0.908749,0.063232,0.411212,-2.535091,113.04805,17.678854,0.058699,0.946443,-0.031218,0.315953,-4.611356,131.429108,19.310425,0.058156,0.974948,-0.058067,0.206695,-1.552591,145.854553,17.467794,-0.00078,0.874301,0.127447,0.468353,-6.905593,125.466553,16.296246,0.404491,-0.550554,0.078603,-0.726016,-17.069172,127.603546,1.463276,0.070891,-0.005891,-0.583258,-0.809166,-7.977757,114.267113,-16.075624,0.124711,0.055041,-0.57956,-0.803448,-0.531843,136.240265,-18.224472,-0.182043,0.923666,0.141676,0.30599,-1.887713,125.525902,22.013147,0.315403,0.878531,0.131035,-0.333968,11.628837,130.045364,33.182724,-0.02823,0.225793,0.442513,-0.867411,25.405052,118.922333,17.225864,0.08017,0.076215,0.336617,-0.935122,14.017138,136.471725,8.978556,0.053577,0.889456,0.078072,0.447105,-6.844448,90.348663,8.592443,0.085873,0.929134,-0.015842,0.359283,-7.791198,53.880562,1.65607,-0.021561,0.94829,0.024515,0.315723,-15.967742,6.782338,0.112813,-0.056871,0.912567,-0.086157,0.395683,5.248246,90.448814,23.269886,0.00229,0.903485,-0.126912,0.409394,6.57082,54.106331,30.780378,-0.079004,0.875837,-0.067918,0.471227,1.402937,7.819909,41.658813,-0.021561,0.94829,0.024515,0.315723,-7.093672,1.472141,-11.492953,-0.079004,0.875837,-0.067918,0.471227,13.789111,1.138461,35.057137
1067,8.891667,-0.004343,0.904361,0.003005,0.426735,-0.801029,90.401611,15.935018,-0.026296,0.906756,0.075506,0.414007,-0.882267,98.198402,15.948491,-0.033049,0.908682,0.063063,0.411374,-2.540949,113.057236,17.681616,0.0593,0.946233,-0.031624,0.316427,-4.619761,131.438721,19.304943,0.058923,0.974723,-0.058262,0.207483,-1.539064,145.85907,17.458858,-0.000735,0.874409,0.127276,0.468197,-6.912227,125.474716,16.292309,0.40447,-0.550615,0.078881,-0.725951,-17.081074,127.609489,1.462626,0.07114,-0.005786,-0.583113,-0.80925,-7.994979,114.263023,-16.071398,0.125172,0.055131,-0.580031,-0.80303,-0.541142,136.233124,-18.222559,-0.182107,0.923674,0.141458,0.306027,-1.896526,125.536903,22.011095,0.315224,0.878722,0.130339,-0.333907,11.618369,130.060806,33.180885,-0.028314,0.226171,0.442181,-0.86748,25.401922,118.930962,17.235106,0.080197,0.076692,0.336531,-0.935112,14.007709,136.471268,8.973044,0.053498,0.889139,0.078065,0.447745,-6.846329,90.351303,8.595433,0.08617,0.928965,-0.015895,0.359648,-7.78313,53.882473,1.661462,-0.021661,0.94815,0.02437,0.316147,-15.987083,6.789303,0.10946,-0.05693,0.91213,-0.086202,0.39667,5.24427,90.451912,23.274601,0.002289,0.903598,-0.126781,0.409185,6.561314,54.110504,30.791265,-0.078956,0.875789,-0.067838,0.471336,1.401164,7.820901,41.659851,-0.021661,0.94815,0.02437,0.316147,-7.102083,1.476219,-11.486624,-0.078956,0.875789,-0.067838,0.471336,13.788946,1.140913,35.059719
1068,8.9,-0.004353,0.90431,0.002943,0.426845,-0.80563,90.405617,15.937832,-0.02647,0.906707,0.075455,0.414111,-0.886607,98.202415,15.950367,-0.032977,0.90865,0.06295,0.411467,-2.550068,113.065376,17.680216,0.059292,0.946106,-0.032157,0.316755,-4.624896,131.447571,19.300627,0.059973,0.974486,-0.058333,0.208271,-1.538453,145.86496,17.441204,-0.000602,0.874507,0.127052,0.468076,-6.918176,125.483681,16.288366,0.404309,-0.550776,0.079232,-0.72588,-17.091143,127.618317,1.461491,0.071296,-0.00571,-0.582868,-0.809413,-8.016125,114.261093,-16.070084,0.12571,0.055003,-0.580591,-0.802549,-0.549224,136.2258,-18.221806,-0.182522,0.923613,0.141264,0.306055,-1.903563,125.545486,22.00811,0.315373,0.878838,0.12986,-0.333646,11.60522,130.084854,33.179012,-0.028069,0.226512,0.441945,-0.867519,25.392605,118.937805,17.248587,0.0802,0.077087,0.336673,-0.935028,13.996402,136.466904,8.967955,0.053534,0.888888,0.077887,0.448271,-6.849146,90.354652,8.596784,0.086015,0.928761,-0.015797,0.360216,-7.790229,53.884052,1.672712,-0.021683,0.948243,0.024475,0.315858,-15.976161,6.788021,0.112391,-0.056924,0.912044,-0.086306,0.396845,5.237885,90.456573,23.278881,0.002239,0.903646,-0.12664,0.409123,6.55002,54.116447,30.802595,-0.078802,0.875845,-0.067764,0.471269,1.400418,7.823408,41.661552,-0.021683,0.948243,0.024475,0.315858,-7.09761,1.477942,-11.490004,-0.078802,0.875845,-0.067764,0.471269,13.785681,1.142528,35.05759
1069,8.908333,-0.004397,0.904267,0.002964,0.426935,-0.807028,90.406837,15.939479,-0.026527,0.906631,0.07546,0.414272,-0.888766,98.203621,15.952002,-0.033114,0.908565,0.062787,0.411668,-2.555084,113.074669,17.681936,0.059484,0.945897,-0.032815,0.317275,-4.63243,131.457275,19.294331,0.060808,0.97422,-0.058399,0.209257,-1.532928,145.870071,17.420895,-0.000475,0.874653,0.12688,0.46785,-6.923741,125.492027,16.2833,0.404278,-0.550867,0.079582,-0.72579,-17.104383,127.62674,1.461704,0.07167,-0.005578,-0.582632,-0.80955,-8.036814,114.256821,-16.064045,0.126385,0.055086,-0.581292,-0.80193,-0.557487,136.215454,-18.22006,-0.182302,0.923657,0.141017,0.306168,-1.911782,125.556503,22.005337,0.315284,0.878975,0.129763,-0.333407,11.597411,130.090958,33.177738,-0.027874,0.226753,0.441667,-0.867604,25.395063,118.942535,17.25716,0.080384,0.077453,0.336387,-0.935085,13.993361,136.459793,8.962541,0.053599,0.888644,0.077887,0.448746,-6.849069,90.355286,8.59722,0.086211,0.9286,-0.015883,0.360581,-7.790749,53.885204,1.670541,-0.021857,0.948067,0.024338,0.316383,-15.996268,6.792662,0.107796,-0.056758,0.912219,-0.086527,0.396418,5.235012,90.458382,23.281736,0.002084,0.903578,-0.126435,0.409337,6.532855,54.11969,30.814854,-0.079028,0.875832,-0.067749,0.471256,1.402092,7.821622,41.66127,-0.021857,0.948067,0.024338,0.316383,-7.103519,1.480634,-11.482831,-0.079028,0.875832,-0.067749,0.471256,13.78981,1.14456,35.058048
1070,8.916667,-0.003994,0.904194,0.002661,0.427095,-0.828746,90.414398,15.942599,-0.02631,0.906594,0.075316,0.414395,-0.902791,98.211273,15.95352,-0.033167,0.908523,0.062619,0.411781,-2.561324,113.080719,17.681751,0.059615,0.945735,-0.033184,0.317696,-4.638104,131.463974,19.287399,0.06156,0.973981,-0.058611,0.210088,-1.530138,145.874023,17.406904,-0.000361,0.87481,0.126587,0.467636,-6.928955,125.497833,16.27779,0.404131,-0.550914,0.079936,-0.725798,-17.116854,127.630196,1.460847,0.072005,-0.005405,-0.582394,-0.809693,-8.054412,114.250946,-16.060431,0.127193,0.055061,-0.582125,-0.801199,-0.562537,136.203659,-18.218058,-0.182545,0.923619,0.1409,0.306191,-1.918473,125.56398,22.001102,0.315437,0.87908,0.129345,-0.333149,11.586997,130.107513,33.174313,-0.02769,0.227164,0.441512,-0.867581,25.388247,118.942871,17.268234,0.080387,0.077781,0.33627,-0.935099,13.989073,136.451843,8.95418,0.053433,0.888373,0.077725,0.44933,-6.868246,90.367332,8.598223,0.085911,0.92867,-0.015661,0.36048,-7.799866,53.894043,1.687019,-0.021637,0.948281,0.024316,0.315759,-15.971523,6.795892,0.115833,-0.056961,0.912103,-0.086411,0.396681,5.210754,90.461472,23.286974,0.001888,0.903254,-0.126291,0.410097,6.523584,54.123001,30.8186,-0.079018,0.875773,-0.067781,0.471364,1.406283,7.821384,41.656212,-0.021637,0.948281,0.024316,0.315759,-7.096354,1.480939,-11.486917,-0.079018,0.875773,-0.067781,0.471364,13.795508,1.143781,35.056381
1071,8.925,-0.004399,0.904112,0.002758,0.427264,-0.814862,90.40979,15.944186,-0.026645,0.906461,0.075654,0.414602,-0.89526,98.206604,15.953769,-0.033279,0.908423,0.062304,0.412041,-2.569051,113.087524,17.688143,0.059698,0.945568,-0.033407,0.318153,-4.645267,131.471985,19.280928,0.062403,0.973752,-0.058985,0.210792,-1.531374,145.88031,17.39711,-0.000144,0.874949,0.126294,0.467455,-6.934834,125.504097,16.273748,0.40398,-0.550979,0.080342,-0.725788,-17.128864,127.63755,1.461184,0.072292,-0.005382,-0.582099,-0.80988,-8.072945,114.247025,-16.05484,0.127806,0.054842,-0.583573,-0.800063,-0.564554,136.195007,-18.218569,-0.182356,0.923704,0.140737,0.30612,-1.927722,125.573471,21.999969,0.315482,0.879153,0.128987,-0.333053,11.581807,130.113403,33.169731,-0.027484,0.227313,0.441342,-0.867635,25.38476,118.939499,17.271639,0.080549,0.077959,0.336292,-0.935062,13.981718,136.441254,8.946777,0.053666,0.888285,0.077586,0.4495,-6.851559,90.356567,8.597549,0.085877,0.928609,-0.015663,0.360646,-7.801859,53.883541,1.687553,-0.021572,0.94828,0.024627,0.315744,-15.970352,6.784842,0.116269,-0.056814,0.911724,-0.086402,0.397575,5.221835,90.463013,23.290821,0.001822,0.903231,-0.126268,0.410155,6.517641,54.123188,30.818844,-0.07894,0.875787,-0.067727,0.471359,1.406324,7.82097,41.656731,-0.021572,0.94828,0.024627,0.315744,-7.095326,1.477845,-11.490226,-0.07894,0.875787,-0.067727,0.471359,13.794812,1.143373,35.055508
1072,8.933333,-0.004457,0.904058,0.002719,0.427378,-0.818986,90.411064,15.944561,-0.026638,0.906429,0.075587,0.414685,-0.899937,98.20787,15.953186,-0.033306,0.908394,0.062209,0.412118,-2.573368,113.093544,17.686214,0.059895,0.945396,-0.034009,0.318563,-4.649185,131.478363,19.275219,0.063008,0.973516,-0.059128,0.211662,-1.522933,145.882339,17.378525,6e-05,0.875143,0.125892,0.4672,-6.93845,125.51001,16.268755,0.403569,-0.551085,0.080878,-0.725876,-17.141096,127.641968,1.46191,0.072453,-0.00541,-0.581747,-0.810118,-8.094864,114.24128,-16.051357,0.128579,0.054526,-0.584447,-0.799322,-0.567878,136.181076,-18.219259,-0.182317,0.923701,0.140575,0.30623,-1.932325,125.580261,21.995827,0.315591,0.879221,0.128611,-0.332914,11.575296,130.120087,33.167938,-0.027251,0.227554,0.441267,-0.867617,25.379372,118.933746,17.279562,0.081012,0.078349,0.335929,-0.935121,13.978749,136.429459,8.941125,0.053642,0.888254,0.077526,0.449575,-6.85381,90.356537,8.596397,0.085939,0.928604,-0.015597,0.360646,-7.80395,53.882629,1.691034,-0.021677,0.948227,0.024537,0.315902,-15.975658,6.784755,0.111783,-0.05677,0.911708,-0.086508,0.397596,5.215838,90.465591,23.292727,0.001728,0.903208,-0.126128,0.410249,6.505332,54.126759,30.826591,-0.07929,0.875775,-0.067885,0.471299,1.406485,7.821143,41.655823,-0.021677,0.948227,0.024537,0.315902,-7.095937,1.476331,-11.490466,-0.07929,0.875775,-0.067885,0.471299,13.797264,1.145148,35.057289
1073,8.941667,-0.004483,0.903988,0.002638,0.427526,-0.823305,90.412132,15.944719,-0.026763,0.906382,0.075537,0.41479,-0.904098,98.208939,15.95202,-0.03323,0.908365,0.062128,0.4122,-2.581066,113.099602,17.682487,0.059791,0.945309,-0.034292,0.31881,-4.653238,131.484985,19.269741,0.06382,0.973321,-0.059459,0.212219,-1.526401,145.887802,17.365379,0.000324,0.875276,0.125594,0.46703,-6.943264,125.516891,16.26334,0.403171,-0.55131,0.081457,-0.725861,-17.151657,127.65139,1.460813,0.072654,-0.005399,-0.581259,-0.810451,-8.121763,114.23687,-16.050291,0.12955,0.053971,-0.584839,-0.798916,-0.568817,136.165695,-18.221512,-0.182264,0.923714,0.140441,0.306282,-1.938097,125.58651,21.991261,0.315711,0.879261,0.128314,-0.33281,11.569077,130.125885,33.164108,-0.027005,0.227718,0.441195,-0.867619,25.372829,118.928551,17.283184,0.081196,0.078442,0.33602,-0.935064,13.97285,136.418884,8.933475,0.053583,0.888214,0.07751,0.449663,-6.855734,90.356506,8.594593,0.085931,0.928771,-0.015551,0.36022,-7.801919,53.881943,1.692124,-0.021714,0.948256,0.024586,0.315807,-15.972024,6.783795,0.112759,-0.056759,0.911533,-0.086513,0.397996,5.209123,90.467766,23.294846,0.001635,0.903003,-0.126073,0.410718,6.494423,54.128902,30.829298,-0.079582,0.875648,-0.067985,0.471472,1.400116,7.821927,41.654839,-0.021714,0.948256,0.024586,0.315807,-7.094044,1.477032,-11.49159,-0.079582,0.875648,-0.067985,0.471472,13.796607,1.14874,35.064186
1074,8.95,-0.004343,0.903905,0.002512,0.427704,-0.83376,90.414505,15.944622,-0.026691,0.906328,0.075415,0.414933,-0.91173,98.211342,15.951063,-0.033216,0.908314,0.062028,0.412328,-2.585756,113.105026,17.67915,0.059706,0.945252,-0.034264,0.318999,-4.656153,131.490906,19.262974,0.064603,0.973176,-0.059913,0.212523,-1.531233,145.894257,17.359425,0.00051,0.875428,0.125306,0.466823,-6.946063,125.522629,16.256866,0.403079,-0.551462,0.081719,-0.725768,-17.161461,127.657211,1.459192,0.072814,-0.005457,-0.580964,-0.810647,-8.141584,114.233482,-16.050024,0.129938,0.053575,-0.585791,-0.798182,-0.572489,136.15683,-18.226896,-0.18215,0.923719,0.140227,0.306432,-1.942478,125.592529,21.986162,0.316,0.879215,0.128382,-0.33263,11.562853,130.12973,33.162109,-0.026488,0.227564,0.441395,-0.867574,25.363642,118.920982,17.286684,0.082047,0.078531,0.336337,-0.934868,13.96753,136.414078,8.932793,0.053462,0.888177,0.07745,0.449762,-6.863318,90.360283,8.592133,0.08601,0.928777,-0.015494,0.360188,-7.802798,53.884079,1.697466,-0.021631,0.948207,0.024576,0.315961,-15.977929,6.787056,0.110639,-0.056685,0.911921,-0.086758,0.397065,5.195799,90.468727,23.297113,0.001505,0.903034,-0.12588,0.410708,6.476446,54.132389,30.844513,-0.079251,0.875757,-0.067779,0.471354,1.40104,7.82074,41.65892,-0.021631,0.948207,0.024576,0.315961,-7.097153,1.479289,-11.49111,-0.079251,0.875757,-0.067779,0.471354,13.792771,1.146767,35.06012
1075,8.958333,-0.004339,0.903819,0.002405,0.427887,-0.840175,90.41597,15.945191,-0.026829,0.906307,0.075298,0.414991,-0.917375,98.212822,15.950137,-0.033079,0.908324,0.061972,0.412326,-2.594226,113.1101,17.673578,0.059684,0.945239,-0.034296,0.319036,-4.659167,131.496567,19.257637,0.065319,0.97307,-0.060336,0.21267,-1.534416,145.899826,17.353197,0.000688,0.875502,0.125109,0.466738,-6.950911,125.529007,16.251526,0.403121,-0.551651,0.082008,-0.725569,-17.169178,127.66552,1.45611,0.07311,-0.005544,-0.580591,-0.810888,-8.161469,114.227867,-16.048687,0.130613,0.052833,-0.58605,-0.797931,-0.572775,136.141708,-18.235462,-0.182193,0.923682,0.140121,0.306567,-1.947162,125.597366,21.9807,0.316246,0.879229,0.127773,-0.332594,11.554603,130.136276,33.160271,-0.026341,0.228048,0.441358,-0.86747,25.349081,118.90712,17.293783,0.081729,0.078523,0.336676,-0.934775,13.961617,136.395508,8.919245,0.053418,0.88819,0.077424,0.449746,-6.866747,90.360962,8.590259,0.085987,0.92897,-0.015427,0.359698,-7.804315,53.88409,1.698829,-0.021768,0.948225,0.024582,0.315896,-15.975964,6.786487,0.111186,-0.056722,0.911612,-0.086735,0.397774,5.186398,90.470978,23.300125,0.001405,0.903054,-0.125793,0.410691,6.464347,54.134655,30.848053,-0.079287,0.875747,-0.067739,0.471372,1.401264,7.820868,41.659103,-0.021768,0.948225,0.024582,0.315896,-7.095246,1.480168,-11.491272,-0.079287,0.875747,-0.067739,0.471372,13.793895,1.14845,35.060417
1076,8.966667,-0.004308,0.903753,0.002301,0.428027,-0.846654,90.416458,15.945726,-0.026872,0.90628,0.075145,0.415076,-0.922733,98.213318,15.9494,-0.032987,0.90831,0.061873,0.412379,-2.599324,113.114204,17.668333,0.060136,0.945171,-0.034438,0.319139,-4.659736,131.501358,19.250338,0.065568,0.973014,-0.060647,0.212759,-1.520888,145.901672,17.34672,0.000922,0.875629,0.124818,0.466576,-6.95269,125.534073,16.244587,0.403115,-0.551828,0.082255,-0.72541,-17.176394,127.672371,1.453188,0.073203,-0.005806,-0.580312,-0.811077,-8.179935,114.223572,-16.048826,0.130882,0.052131,-0.586293,-0.797755,-0.576526,136.130341,-18.247021,-0.182041,0.923679,0.139902,0.306766,-1.94952,125.601746,21.974272,0.31644,0.879227,0.12754,-0.332504,11.549829,130.136963,33.158249,-0.026059,0.228184,0.441433,-0.867404,25.341335,118.895447,17.29793,0.082089,0.078644,0.336963,-0.934629,13.959593,136.382843,8.913213,0.05343,0.88823,0.077442,0.449662,-6.870959,90.361137,8.588941,0.085878,0.928917,-0.015446,0.35986,-7.809398,53.884571,1.696023,-0.021591,0.948252,0.024636,0.315826,-15.971811,6.785241,0.112341,-0.056607,0.911849,-0.086917,0.397205,5.17765,90.471771,23.302513,0.001279,0.903039,-0.125602,0.410783,6.447136,54.136837,30.858553,-0.079311,0.875763,-0.067756,0.471336,1.401291,7.818419,41.65781,-0.021591,0.948252,0.024636,0.315826,-7.094561,1.478704,-11.492666,-0.079311,0.875763,-0.067756,0.471336,13.793522,1.145854,35.058521
1077,8.975,-0.004286,0.903695,0.002235,0.428149,-0.852178,90.416893,15.945125,-0.026964,0.906241,0.075102,0.415163,-0.927509,98.21376,15.948008,-0.032918,0.908288,0.06177,0.412448,-2.606548,113.117287,17.664761,0.05968,0.945178,-0.034984,0.319144,-4.663166,131.505096,19.24423,0.066367,0.972912,-0.0607,0.212961,-1.531909,145.904495,17.321274,0.001176,0.875713,0.12453,0.466496,-6.956997,125.537933,16.23888,0.403095,-0.551988,0.082525,-0.725267,-17.183416,127.679062,1.449764,0.073232,-0.006214,-0.580028,-0.811274,-8.197537,114.218887,-16.048948,0.131007,0.051306,-0.586186,-0.797866,-0.579182,136.118454,-18.26243,-0.181864,0.923703,0.139659,0.306908,-1.954626,125.605217,21.969269,0.316621,0.87925,0.127375,-0.332335,11.543901,130.136642,33.155777,-0.025811,0.228426,0.441432,-0.867348,25.335279,118.883575,17.303553,0.082228,0.078842,0.337167,-0.934527,13.958541,136.367447,8.905091,0.053366,0.888303,0.07747,0.449519,-6.874496,90.361427,8.586712,0.085857,0.929009,-0.015384,0.359631,-7.80883,53.884686,1.694182,-0.022344,0.94826,0.024261,0.315776,-15.967688,6.784826,0.107706,-0.056641,0.911575,-0.086909,0.397831,5.170139,90.472366,23.303539,0.001202,0.903046,-0.125524,0.410792,6.436996,54.1376,30.860868,-0.079044,0.875763,-0.067681,0.471391,1.400788,7.817292,41.656532,-0.022344,0.94826,0.024261,0.315776,-7.084635,1.475082,-11.491392,-0.079044,0.875763,-0.067681,0.471391,13.791225,1.142506,35.056129
1078,8.983333,-0.004256,0.903663,0.002125,0.428218,-0.861259,90.418015,15.945323,-0.027014,0.90622,0.074963,0.415231,-0.935432,98.214897,15.946844,-0.03276,0.908276,0.061698,0.412498,-2.614562,113.121796,17.659386,0.060042,0.945163,-0.035156,0.319103,-4.664872,131.5103,19.238768,0.066626,0.972914,-0.060976,0.212793,-1.522229,145.907013,17.314291,0.001329,0.875768,0.12434,0.466441,-6.960536,125.543976,16.233189,0.403148,-0.552067,0.082891,-0.725136,-17.188776,127.686501,1.445527,0.073296,-0.006781,-0.579845,-0.811395,-8.209899,114.211296,-16.045212,0.131095,0.050486,-0.5861,-0.797967,-0.581964,136.10524,-18.281231,-0.18146,0.923769,0.13933,0.307099,-1.958633,125.609467,21.96401,0.316866,0.8792,0.127446,-0.332205,11.540968,130.130524,33.153427,-0.025524,0.228474,0.441565,-0.867277,25.329075,118.868271,17.304873,0.082511,0.078969,0.337356,-0.934423,13.957649,136.354416,8.898993,0.053268,0.888333,0.077516,0.449466,-6.882453,90.362175,8.585991,0.085838,0.929244,-0.015323,0.359029,-7.809247,53.885174,1.693775,-0.022192,0.948277,0.024244,0.315739,-15.965358,6.784823,0.107824,-0.056549,0.911716,-0.087105,0.397479,5.159935,90.473862,23.304655,0.001061,0.903015,-0.125323,0.410923,6.41761,54.140854,30.871952,-0.079252,0.875732,-0.067806,0.471397,1.399879,7.815704,41.655426,-0.022192,0.948277,0.024244,0.315739,-7.084886,1.473157,-11.492376,-0.079252,0.875732,-0.067806,0.471397,13.792194,1.14127,35.058182
1079,8.991667,-0.004184,0.903603,0.002039,0.428346,-0.874297,90.417755,15.944254,-0.026923,0.906212,0.074765,0.415289,-0.946881,98.214653,15.945034,-0.032595,0.90828,0.061598,0.412518,-2.621444,113.125038,17.653515,0.060205,0.945193,-0.034937,0.319007,-4.664702,131.514404,19.232037,0.066845,0.972939,-0.061356,0.212504,-1.519897,145.911591,17.314718,0.001545,0.875819,0.124143,0.466398,-6.962607,125.548828,16.226683,0.403261,-0.552274,0.083104,-0.724892,-17.192291,127.694679,1.44051,0.073468,-0.00715,-0.579578,-0.811567,-8.225999,114.206123,-16.046396,0.131385,0.049781,-0.585895,-0.798115,-0.584073,136.09288,-18.300138,-0.181474,0.923727,0.139226,0.307266,-1.960788,125.61264,21.957594,0.317214,0.879171,0.127206,-0.332042,11.534918,130.134216,33.151493,-0.025294,0.228746,0.441747,-0.867119,25.317673,118.853012,17.311756,0.082656,0.079089,0.337651,-0.934294,13.959015,136.341171,8.892511,0.053047,0.888375,0.077697,0.449376,-6.893421,90.362457,8.583226,0.085949,0.929149,-0.015415,0.359246,-7.800286,53.885807,1.686565,-0.022237,0.948235,0.024094,0.315873,-15.968998,6.787557,0.103059,-0.056601,0.911658,-0.087139,0.397596,5.144826,90.473053,23.305283,0.000981,0.903092,-0.125237,0.410779,6.404015,54.140926,30.876537,-0.079109,0.875778,-0.067763,0.471342,1.398292,7.813683,41.65662,-0.022237,0.948235,0.024094,0.315873,-7.085244,1.472235,-11.492952,-0.079109,0.875778,-0.067763,0.471342,13.788281,1.13785,35.056423
1080,9.0,-0.004075,0.903537,0.001911,0.428487,-0.883943,90.418594,15.944231,-0.027107,0.906187,0.074546,0.415372,-0.954132,98.215508,15.943928,-0.032234,0.908285,0.06157,0.412539,-2.631487,113.129784,17.644344,0.060144,0.94524,-0.034758,0.318899,-4.662176,131.520157,19.227425,0.067122,0.972943,-0.061721,0.21229,-1.521083,145.918671,17.313963,0.001696,0.875875,0.123957,0.466342,-6.96418,125.556885,16.220621,0.403387,-0.55236,0.083417,-0.72472,-17.195721,127.704147,1.435934,0.073759,-0.00756,-0.579341,-0.811706,-8.236475,114.2005,-16.042925,0.131828,0.049099,-0.585718,-0.798213,-0.581792,136.081223,-18.319294,-0.18112,0.923777,0.13888,0.307478,-1.962266,125.615868,21.9515,0.317685,0.879017,0.127056,-0.332057,11.533351,130.128708,33.149033,-0.025157,0.228926,0.44216,-0.866865,25.301367,118.82782,17.310503,0.082857,0.079226,0.337777,-0.934219,13.963026,136.325577,8.884718,0.05298,0.888436,0.077806,0.449245,-6.900789,90.364143,8.581337,0.085916,0.929171,-0.015482,0.359194,-7.80057,53.888218,1.679876,-0.021834,0.948252,0.024151,0.315845,-15.96872,6.789616,0.103949,-0.05666,0.911498,-0.087137,0.397956,5.132904,90.473045,23.307123,0.00093,0.903148,-0.125151,0.410683,6.393145,54.141392,30.880482,-0.079171,0.875772,-0.067778,0.471341,1.396361,7.81208,41.655807,-0.021834,0.948252,0.024151,0.315845,-7.089844,1.471987,-11.494736,-0.079171,0.875772,-0.067778,0.471341,13.786967,1.136854,35.056156
1081,9.008333,-0.00401,0.903497,0.001879,0.428572,-0.894522,90.420464,15.944565,-0.027198,0.906186,0.074414,0.415391,-0.963576,98.217392,15.944247,-0.031939,0.908317,0.061444,0.41251,-2.642319,113.136581,17.640392,0.060536,0.945287,-0.034776,0.318682,-4.661089,131.528229,19.223843,0.067176,0.973028,-0.061992,0.211803,-1.509792,145.92482,17.312605,0.00184,0.875905,0.123752,0.46634,-6.967224,125.56646,16.217234,0.403405,-0.552485,0.083774,-0.724573,-17.198826,127.714798,1.432744,0.074122,-0.007885,-0.579058,-0.811871,-8.249014,114.196487,-16.039621,0.132535,0.04859,-0.585526,-0.798269,-0.579528,136.069077,-18.33713,-0.18077,0.923813,0.138384,0.3078,-1.964663,125.6222,21.947584,0.318098,0.878928,0.127016,-0.331911,11.528378,130.127472,33.151272,-0.024839,0.229197,0.442449,-0.866655,25.288483,118.80909,17.318359,0.083078,0.079346,0.338165,-0.934049,13.967565,136.310394,8.878417,0.052944,0.888463,0.077912,0.449177,-6.909985,90.36689,8.58053,0.08582,0.929351,-0.01546,0.358751,-7.804332,53.891911,1.673396,-0.021856,0.948269,0.024032,0.315803,-15.964007,6.791666,0.102729,-0.056681,0.911496,-0.087187,0.397945,5.120942,90.474045,23.308599,0.00078,0.903114,-0.125022,0.410796,6.381226,54.143219,30.88591,-0.078741,0.875851,-0.067637,0.471285,1.401135,7.810819,41.655643,-0.021856,0.948269,0.024032,0.315803,-7.086281,1.470954,-11.495427,-0.078741,0.875851,-0.067637,0.471285,13.786572,1.131986,35.049946
1082,9.016667,-0.004023,0.90344,0.001812,0.428692,-0.903176,90.421959,15.945017,-0.027294,0.906179,0.074266,0.415427,-0.971962,98.21888,15.943655,-0.031773,0.908333,0.061366,0.412499,-2.651774,113.140617,17.634729,0.060244,0.945368,-0.035694,0.318396,-4.663751,131.53302,19.218161,0.067706,0.973069,-0.061661,0.211542,-1.513225,145.925842,17.277565,0.002144,0.8759,0.123408,0.466438,-6.972208,125.57206,16.211702,0.403489,-0.552611,0.084141,-0.724388,-17.200447,127.724693,1.425509,0.074497,-0.008132,-0.578739,-0.812062,-8.260209,114.189827,-16.038937,0.133283,0.047899,-0.585132,-0.798475,-0.573742,136.054413,-18.354828,-0.180498,0.923864,0.138096,0.307938,-1.969348,125.62603,21.941807,0.318327,0.878933,0.126789,-0.331766,11.524174,130.125031,33.147427,-0.024775,0.229498,0.442555,-0.866523,25.281937,118.792534,17.322588,0.08299,0.079519,0.338563,-0.933898,13.970857,136.295883,8.870679,0.052932,0.888446,0.077964,0.449203,-6.916687,90.367615,8.579395,0.085717,0.929338,-0.015469,0.35881,-7.808308,53.893135,1.669221,-0.021946,0.948309,0.023979,0.315681,-15.959146,6.791237,0.102396,-0.056606,0.911542,-0.087292,0.397828,5.110334,90.476295,23.310638,0.000704,0.903355,-0.124901,0.410304,6.36332,54.146194,30.892635,-0.078663,0.8759,-0.067631,0.471208,1.400412,7.810884,41.65781,-0.021946,0.948309,0.023979,0.315681,-7.083566,1.469865,-11.497098,-0.078663,0.8759,-0.067631,0.471208,13.78371,1.130714,35.049454
1083,9.025,-0.00403,0.903378,0.001798,0.428823,-0.912699,90.420929,15.943085,-0.027209,0.906162,0.074158,0.415489,-0.981489,98.217857,15.941466,-0.031511,0.90834,0.061216,0.412528,-2.658213,113.144302,17.63101,0.060593,0.94546,-0.034953,0.318139,-4.659146,131.537994,19.213373,0.067599,0.973215,-0.062244,0.210735,-1.506648,145.933411,17.295319,0.002271,0.875991,0.12314,0.466338,-6.971122,125.57827,16.20719,0.403297,-0.552608,0.08464,-0.724439,-17.202738,127.729973,1.423199,0.074921,-0.008372,-0.578496,-0.812194,-8.266329,114.182808,-16.033665,0.134526,0.047355,-0.584863,-0.798496,-0.567456,136.039215,-18.369101,-0.180318,0.923883,0.137736,0.308147,-1.968369,125.629532,21.937412,0.318773,0.878838,0.126888,-0.331552,11.522839,130.125626,33.146988,-0.02437,0.229676,0.442763,-0.866381,25.273853,118.776154,17.328444,0.083092,0.079683,0.339148,-0.933662,13.975324,136.279922,8.863698,0.052888,0.888389,0.078089,0.449298,-6.924068,90.366364,8.575717,0.085655,0.92904,-0.015621,0.359589,-7.807811,53.892994,1.658687,-0.02139,0.9483,0.024196,0.315729,-15.957112,6.790531,0.100647,-0.056653,0.911588,-0.087397,0.397693,5.098671,90.475502,23.310453,0.000687,0.903534,-0.124808,0.409938,6.352878,54.147148,30.90066,-0.078543,0.875958,-0.067611,0.471124,1.399476,7.8096,41.660595,-0.02139,0.9483,0.024196,0.315729,-7.085731,1.469894,-11.502396,-0.078543,0.875958,-0.067611,0.471124,13.780115,1.127749,35.04895
1084,9.033333,-0.003962,0.903335,0.001797,0.428914,-0.922056,90.421211,15.939392,-0.027178,0.906145,0.074117,0.415536,-0.989889,98.218147,15.938206,-0.031316,0.908343,0.061098,0.412552,-2.665613,113.147476,17.627239,0.060677,0.945538,-0.035086,0.317878,-4.658205,131.54216,19.208597,0.067684,0.973322,-0.062338,0.210184,-1.503141,145.936462,17.286501,0.002567,0.875993,0.122855,0.466408,-6.972823,125.583328,16.202667,0.403207,-0.552712,0.085173,-0.724347,-17.202011,127.739906,1.41771,0.07524,-0.008654,-0.578213,-0.812363,-8.275425,114.175056,-16.030449,0.135434,0.04675,-0.584177,-0.79888,-0.561747,136.023514,-18.384197,-0.180107,0.923912,0.137467,0.308304,-1.970185,125.632607,21.933006,0.319003,0.8788,0.126701,-0.331505,11.520278,130.124039,33.145344,-0.024316,0.229738,0.442977,-0.866257,25.265766,118.762276,17.330826,0.083597,0.080447,0.339656,-0.933367,13.976091,136.272903,8.863379,0.052858,0.888322,0.07814,0.449427,-6.931951,90.367805,8.570814,0.085628,0.929116,-0.015627,0.3594,-7.811022,53.894783,1.651356,-0.021313,0.948298,0.024123,0.315746,-15.958407,6.791887,0.096442,-0.056619,0.911592,-0.08752,0.39766,5.087839,90.474617,23.30797,0.000563,0.90353,-0.124681,0.409985,6.336298,54.147591,30.905443,-0.078735,0.875939,-0.067689,0.471115,1.39803,7.807004,41.659252,-0.021313,0.948298,0.024123,0.315746,-7.087658,1.468497,-11.50582,-0.078735,0.875939,-0.067689,0.471115,13.780366,1.126313,35.049622
1085,9.041667,-0.003929,0.903331,0.001798,0.428922,-0.93167,90.421005,15.935982,-0.027361,0.906114,0.074121,0.41559,-0.999051,98.217949,15.935029,-0.030941,0.908346,0.060911,0.412601,-2.680454,113.151489,17.622278,0.060855,0.945613,-0.035326,0.317594,-4.657641,131.547897,19.202995,0.067728,0.973447,-0.062348,0.209587,-1.496542,145.940048,17.274656,0.002832,0.876054,0.122541,0.466375,-6.977114,125.590935,16.197113,0.40327,-0.552784,0.085533,-0.724215,-17.207373,127.750488,1.413336,0.075708,-0.008947,-0.577605,-0.812749,-8.287509,114.170715,-16.026648,0.135816,0.046022,-0.583976,-0.799004,-0.541579,136.004669,-18.402042,-0.179843,0.923968,0.137212,0.308405,-1.974746,125.636162,21.927721,0.319284,0.878779,0.126638,-0.331312,11.516917,130.121475,33.14106,-0.024133,0.22989,0.443234,-0.86609,25.259941,118.746094,17.33419,0.083794,0.080417,0.34029,-0.933121,13.983541,136.261841,8.859121,0.052821,0.888284,0.078232,0.44949,-6.941438,90.368172,8.567296,0.085504,0.929069,-0.015745,0.359544,-7.814503,53.895939,1.64291,-0.021766,0.94837,0.023889,0.315514,-15.954807,6.791374,0.101491,-0.056621,0.911639,-0.087689,0.397516,5.078098,90.473846,23.304667,0.000492,0.903701,-0.1245,0.409664,6.322817,54.149033,30.913315,-0.078241,0.875995,-0.067444,0.471128,1.401574,7.804126,41.656281,-0.021766,0.94837,0.023889,0.315514,-7.085491,1.465749,-11.50084,-0.078241,0.875995,-0.067444,0.471128,13.779612,1.121471,35.040585
1086,9.05,-0.003825,0.90329,0.001818,0.429009,-0.941745,90.421761,15.93216,-0.027246,0.90608,0.074069,0.41568,-1.007784,98.218712,15.932183,-0.030754,0.908323,0.060755,0.41269,-2.686014,113.156677,17.619753,0.061003,0.9457,-0.035375,0.3173,-4.654684,131.554214,19.197945,0.06777,0.973593,-0.062447,0.208863,-1.490139,145.945435,17.268299,0.002982,0.876096,0.122295,0.466359,-6.976499,125.597992,16.192389,0.403167,-0.552878,0.085965,-0.72415,-17.207273,127.758064,1.40904,0.076129,-0.00903,-0.57725,-0.812961,-8.295852,114.164566,-16.024561,0.136714,0.045753,-0.583438,-0.79926,-0.531122,135.989746,-18.4132,-0.179692,0.923966,0.137051,0.30857,-1.975065,125.641525,21.923824,0.319752,0.878683,0.126691,-0.331094,11.514876,130.122726,33.140877,-0.023857,0.23009,0.443544,-0.865886,25.250515,118.728706,17.341013,0.083877,0.080485,0.340702,-0.932957,13.991096,136.24913,8.85544,0.052796,0.888181,0.078343,0.449678,-6.95011,90.370895,8.562318,0.08546,0.929015,-0.015867,0.359688,-7.816301,53.899757,1.631309,-0.021688,0.948361,0.023781,0.315558,-15.956632,6.79484,0.10101,-0.056666,0.911655,-0.087733,0.397462,5.06662,90.472626,23.302004,0.000471,0.903786,-0.124502,0.409476,6.313509,54.148769,30.914843,-0.078414,0.87595,-0.067552,0.471169,1.396266,7.803899,41.659798,-0.021688,0.948361,0.023781,0.315558,-7.08744,1.465508,-11.499713,-0.078414,0.87595,-0.067552,0.471169,13.77644,1.121563,35.047775
1087,9.058333,-0.003799,0.903269,0.001866,0.429054,-0.951059,90.422707,15.928655,-0.027181,0.906059,0.074085,0.415727,-1.017065,98.219658,15.929523,-0.030532,0.90832,0.060592,0.412737,-2.694049,113.159897,17.618523,0.060854,0.94581,-0.035571,0.316978,-4.65285,131.55867,19.194546,0.067893,0.97372,-0.062434,0.208237,-1.49182,145.949539,17.256645,0.003262,0.876103,0.122272,0.46635,-6.977684,125.603378,16.189484,0.40317,-0.553013,0.086397,-0.723993,-17.208683,127.771889,1.407525,0.07657,-0.009233,-0.576823,-0.81322,-8.307953,114.161446,-16.018312,0.13737,0.045432,-0.582728,-0.799684,-0.520525,135.976227,-18.425045,-0.179664,0.923975,0.136819,0.30866,-1.97663,125.644829,21.921265,0.319885,0.878788,0.126544,-0.330744,11.511655,130.127335,33.139793,-0.023687,0.230463,0.443578,-0.865774,25.254292,118.721725,17.354389,0.084075,0.080686,0.340932,-0.932838,14.004679,136.238831,8.8526,0.052818,0.88819,0.078368,0.449652,-6.958701,90.372673,8.558216,0.085293,0.928969,-0.01586,0.359848,-7.825716,53.901993,1.624902,-0.021316,0.94837,0.024007,0.315537,-15.950851,6.794331,0.098364,-0.056737,0.911623,-0.087852,0.397501,5.056582,90.472748,23.299091,0.00042,0.903968,-0.124463,0.409085,6.304378,54.151035,30.922037,-0.078244,0.876089,-0.06748,0.470949,1.397646,7.80524,41.66782,-0.021316,0.94837,0.024007,0.315537,-7.085497,1.46768,-11.506524,-0.078244,0.876089,-0.06748,0.470949,13.772592,1.121192,35.047745
1088,9.066667,-0.00341,0.903157,0.001499,0.429294,-0.974156,90.430809,15.929882,-0.026936,0.906006,0.074018,0.415872,-1.032225,98.227821,15.928163,-0.030325,0.908292,0.060347,0.41285,-2.701383,113.163712,17.617577,0.061074,0.945878,-0.035822,0.316704,-4.649663,131.564056,19.188326,0.067838,0.973875,-0.062364,0.207546,-1.481308,145.952499,17.244322,0.003541,0.876168,0.1221,0.466271,-6.977355,125.609352,16.184324,0.40314,-0.553086,0.086865,-0.723898,-17.210949,127.783463,1.40499,0.076926,-0.009455,-0.576463,-0.813439,-8.317944,114.156639,-16.011992,0.137901,0.045165,-0.581713,-0.800346,-0.511762,135.961609,-18.43539,-0.179441,0.923999,0.136594,0.308818,-1.977533,125.649353,21.917189,0.320252,0.878751,0.126605,-0.330465,11.510118,130.126297,33.138691,-0.023721,0.230974,0.443752,-0.865547,25.250372,118.705162,17.36244,0.083697,0.081077,0.340621,-0.932952,14.01929,136.223862,8.844699,0.05262,0.888148,0.078469,0.449741,-6.977925,90.384468,8.556269,0.08522,0.928999,-0.015864,0.359788,-7.827791,53.913414,1.622815,-0.021107,0.948417,0.023756,0.315428,-15.946767,6.804576,0.099664,-0.056866,0.911634,-0.087757,0.397477,5.029614,90.477142,23.303497,0.000273,0.903983,-0.124334,0.409092,6.289192,54.155289,30.923801,-0.078126,0.876085,-0.067538,0.470968,1.400207,7.806411,41.664364,-0.021107,0.948417,0.023756,0.315428,-7.087073,1.468974,-11.505429,-0.078126,0.876085,-0.067538,0.470968,13.773838,1.119261,35.044979
1089,9.075,-0.003356,0.903155,0.001472,0.429299,-0.982818,90.431419,15.926332,-0.026912,0.905973,0.074046,0.415939,-1.039937,98.228439,15.924603,-0.03018,0.908265,0.060225,0.412938,-2.709077,113.165871,17.615162,0.060718,0.945972,-0.036551,0.316408,-4.650759,131.567078,19.183847,0.068218,0.973959,-0.062109,0.207105,-1.486755,145.953125,17.215042,0.003687,0.876258,0.12131,0.466307,-6.980158,125.612961,16.18,0.403063,-0.553093,0.087014,-0.723917,-17.212513,127.778557,1.398548,0.077083,-0.009454,-0.576215,-0.8136,-8.321124,114.148376,-16.01664,0.138105,0.045098,-0.580747,-0.801016,-0.501133,135.949677,-18.443537,-0.179265,0.924047,0.136382,0.308872,-1.981306,125.651642,21.913727,0.320314,0.878884,0.125916,-0.330313,11.507435,130.125076,33.135334,-0.023905,0.231485,0.443847,-0.865357,25.250566,118.687523,17.373474,0.083751,0.081203,0.340771,-0.932881,14.032766,136.210464,8.840685,0.05259,0.888106,0.078526,0.449818,-6.986511,90.385803,8.552646,0.085198,0.928773,-0.015998,0.360368,-7.831915,53.915184,1.61635,-0.021281,0.948407,0.023467,0.31547,-15.952565,6.806392,0.100771,-0.05685,0.911705,-0.087755,0.397318,5.020875,90.477028,23.300016,0.00021,0.903981,-0.124367,0.409087,6.28071,54.155003,30.919453,-0.078172,0.876099,-0.067606,0.470924,1.395939,7.806903,41.665276,-0.021281,0.948407,0.023467,0.31547,-7.090871,1.464482,-11.499898,-0.078172,0.876099,-0.067606,0.470924,13.769073,1.118763,35.045944
1090,9.083333,-0.003269,0.903125,0.00146,0.429363,-0.992196,90.431526,15.921169,-0.026765,0.90593,0.073983,0.416054,-1.048009,98.228546,15.91985,-0.030184,0.908203,0.060253,0.413069,-2.713506,113.174858,17.611286,0.060882,0.946063,-0.036735,0.316083,-4.655977,131.575943,19.180584,0.068398,0.974114,-0.062209,0.206286,-1.486982,145.96019,17.206781,0.003808,0.87627,0.121052,0.466351,-6.984402,125.621964,16.17569,0.403171,-0.553088,0.087319,-0.723825,-17.215216,127.787254,1.393133,0.077522,-0.009416,-0.575876,-0.813799,-8.326065,114.144203,-16.013111,0.138472,0.045119,-0.580005,-0.801488,-0.487929,135.937744,-18.449205,-0.178956,0.924124,0.136159,0.308918,-1.9872,125.66037,21.910852,0.320646,0.878872,0.125996,-0.329992,11.504512,130.126251,33.131893,-0.023575,0.231618,0.444071,-0.865216,25.247604,118.674316,17.380451,0.084085,0.081263,0.341229,-0.932678,14.041582,136.199707,8.837661,0.052586,0.888023,0.078555,0.449976,-6.99486,90.387306,8.546639,0.085106,0.928765,-0.015991,0.360411,-7.837816,53.917004,1.608434,-0.020893,0.948379,0.023619,0.315567,-15.950001,6.806684,0.095019,-0.056866,0.911721,-0.087843,0.397258,5.010468,90.475739,23.2957,0.000209,0.904075,-0.124292,0.408902,6.269256,54.155003,30.921455,-0.079476,0.875905,-0.068108,0.470994,1.389615,7.805145,41.662014,-0.020893,0.948379,0.023619,0.315567,-7.089695,1.465315,-11.506961,-0.079476,0.875905,-0.068108,0.470994,13.776484,1.125873,35.059444
1091,9.091667,-0.003138,0.903106,0.001388,0.429404,-1.003965,90.433594,15.916763,-0.026668,0.905905,0.074072,0.416098,-1.057449,98.230644,15.915303,-0.030087,0.908193,0.060057,0.413126,-2.721561,113.177361,17.610395,0.060489,0.946204,-0.036909,0.315716,-4.657869,131.579544,19.174459,0.068811,0.974225,-0.062268,0.205603,-1.499506,145.964737,17.190495,0.004027,0.876273,0.120903,0.466382,-6.988008,125.625549,16.170927,0.403184,-0.553075,0.087737,-0.723777,-17.217712,127.795387,1.388268,0.077823,-0.009509,-0.575606,-0.81396,-8.33138,114.138016,-16.008184,0.13878,0.045084,-0.578908,-0.80223,-0.478782,135.92543,-18.45496,-0.178755,0.924172,0.135869,0.309018,-1.991437,125.663795,21.906641,0.320936,0.878852,0.125984,-0.329769,11.50063,130.126007,33.128708,-0.023439,0.231752,0.444336,-0.865048,25.241863,118.660736,17.385357,0.084292,0.081325,0.341685,-0.932487,14.04814,136.193512,8.835866,0.05254,0.888044,0.078583,0.449937,-7.005982,90.391045,8.541698,0.085003,0.928735,-0.016021,0.360512,-7.84522,53.9207,1.603217,-0.020894,0.94841,0.023565,0.315479,-15.949241,6.8088,0.095195,-0.056875,0.911759,-0.08788,0.397163,4.998051,90.476151,23.29183,0.000157,0.9042,-0.124257,0.408635,6.257119,54.155968,30.920202,-0.079529,0.875867,-0.068146,0.471049,1.386591,7.805249,41.661201,-0.020894,0.94841,0.023565,0.315479,-7.091232,1.465899,-11.50783,-0.079529,0.875867,-0.068146,0.471049,13.7748,1.126107,35.06102
1092,9.1,-0.002997,0.903205,0.001672,0.429197,-1.021134,90.442284,15.907842,-0.026301,0.905921,0.074009,0.416099,-1.074535,98.239326,15.911329,-0.029947,0.908173,0.059924,0.4132,-2.727065,113.180397,17.608618,0.060675,0.946285,-0.037095,0.315415,-4.65674,131.583481,19.170216,0.068785,0.974375,-0.06233,0.204881,-1.492678,145.966766,17.181498,0.004144,0.87636,0.120667,0.466278,-6.988669,125.630013,16.167061,0.403133,-0.553067,0.087992,-0.72378,-17.221865,127.799141,1.386715,0.078172,-0.00944,-0.575279,-0.814158,-8.337253,114.134468,-16.004875,0.139229,0.04514,-0.57782,-0.802933,-0.467271,135.914261,-18.457243,-0.178641,0.924192,0.135702,0.309099,-1.9929,125.667068,21.903481,0.321199,0.878825,0.125987,-0.329583,11.498841,130.127045,33.126823,-0.02328,0.231895,0.444572,-0.864892,25.237888,118.65007,17.390091,0.084539,0.081474,0.342088,-0.932304,14.056967,136.186813,8.834001,0.052491,0.887969,0.078567,0.450092,-7.026549,90.404449,8.535518,0.085136,0.928803,-0.01607,0.360304,-7.86194,53.933533,1.599586,-0.021293,0.948248,0.023298,0.315959,-15.979666,6.823939,0.09317,-0.056946,0.911671,-0.088011,0.397326,4.984281,90.48011,23.280167,1.6e-05,0.90412,-0.124187,0.408833,6.242872,54.162247,30.919624,-0.07853,0.875885,-0.067498,0.471277,1.384873,7.809865,41.659126,-0.021293,0.948248,0.023298,0.315959,-7.106504,1.47765,-11.496708,-0.07853,0.875885,-0.067498,0.471277,13.768402,1.130924,35.049965
1093,9.108333,-0.002961,0.903219,0.001757,0.429166,-1.026425,90.442223,15.899941,-0.026214,0.905905,0.074068,0.416129,-1.079885,98.239265,15.904875,-0.029869,0.908153,0.05988,0.413255,-2.731202,113.183548,17.605196,0.060978,0.946323,-0.037213,0.315229,-4.657687,131.58699,19.166397,0.068665,0.97448,-0.06257,0.204349,-1.484926,145.96817,17.17642,0.004266,0.876425,0.120485,0.466202,-6.990375,125.633911,16.163048,0.403118,-0.553017,0.088255,-0.723795,-17.226097,127.803505,1.384526,0.078484,-0.009336,-0.574998,-0.814328,-8.341036,114.131073,-16.000723,0.1395,0.045342,-0.576488,-0.803831,-0.455907,135.904968,-18.456554,-0.178465,0.924218,0.135559,0.309185,-1.995228,125.670135,21.900013,0.321271,0.878857,0.126022,-0.329414,11.496851,130.12561,33.124737,-0.022967,0.231866,0.444732,-0.864826,25.238974,118.644669,17.393585,0.084905,0.080953,0.34289,-0.932021,14.063493,136.183594,8.832953,0.052521,0.887977,0.078567,0.450072,-7.032339,90.405708,8.528018,0.085043,0.928674,-0.016129,0.360656,-7.869834,53.935028,1.591102,-0.0212,0.948218,0.023465,0.316043,-15.980896,6.824121,0.090022,-0.056931,0.911665,-0.0881,0.39732,4.97949,90.478737,23.271864,-8.5e-05,0.904092,-0.124184,0.408897,6.234502,54.161907,30.916855,-0.078451,0.875929,-0.067419,0.471221,1.384652,7.809451,41.659721,-0.0212,0.948218,0.023465,0.316043,-7.106181,1.481592,-11.500398,-0.078451,0.875929,-0.067419,0.471221,13.766718,1.130931,35.047401
1094,9.116667,-0.002975,0.90315,0.001535,0.429311,-1.033908,90.442398,15.896186,-0.026078,0.905873,0.074121,0.416198,-1.086079,98.239449,15.897889,-0.029816,0.908133,0.059838,0.413309,-2.734782,113.186584,17.601564,0.061072,0.946388,-0.037374,0.314996,-4.658935,131.590347,19.162073,0.068792,0.974576,-0.062693,0.203813,-1.48299,145.970184,17.167471,0.004416,0.876438,0.120485,0.466176,-6.992099,125.637497,16.158619,0.403199,-0.552948,0.088611,-0.723759,-17.228642,127.811752,1.381351,0.078843,-0.009298,-0.574732,-0.814482,-8.342959,114.126373,-15.993397,0.139817,0.045385,-0.575166,-0.804721,-0.444268,135.892349,-18.456245,-0.178424,0.92422,0.1355,0.309229,-1.997586,125.673172,21.896137,0.321426,0.878904,0.125934,-0.329171,11.494035,130.127716,33.121784,-0.022964,0.232211,0.444821,-0.864688,25.239021,118.636703,17.400501,0.084995,0.081283,0.34264,-0.932076,14.075353,136.175018,8.828724,0.052582,0.88802,0.078506,0.449992,-7.037449,90.403839,8.522342,0.08496,0.928574,-0.016195,0.360928,-7.88167,53.932919,1.587483,-0.021629,0.948191,0.023363,0.316103,-15.987203,6.820851,0.092801,-0.056931,0.911616,-0.088062,0.397441,4.969633,90.480957,23.270031,-0.000196,0.904033,-0.124134,0.409041,6.224755,54.163628,30.912632,-0.078644,0.875861,-0.067604,0.471289,1.384761,7.809999,41.654881,-0.021629,0.948191,0.023363,0.316103,-7.106706,1.479616,-11.493786,-0.078644,0.875861,-0.067604,0.471289,13.769291,1.130429,35.048237
1095,9.125,-0.002894,0.903164,0.001514,0.429282,-1.043976,90.442825,15.888187,-0.025952,0.90588,0.074105,0.416193,-1.094873,98.239883,15.890133,-0.029728,0.908136,0.059839,0.41331,-2.740028,113.188385,17.595095,0.061175,0.946488,-0.037349,0.31468,-4.661238,131.592331,19.156992,0.068938,0.974694,-0.062909,0.20313,-1.483843,145.971878,17.162598,0.004603,0.87647,0.120705,0.466058,-6.995384,125.640083,16.153122,0.403206,-0.552755,0.089146,-0.723837,-17.235876,127.823486,1.379932,0.079505,-0.009172,-0.574341,-0.814694,-8.34455,114.12281,-15.979878,0.140329,0.045866,-0.574756,-0.804897,-0.424775,135.87999,-18.45437,-0.178321,0.924222,0.135419,0.309316,-2.000797,125.674545,21.890589,0.321437,0.878952,0.125883,-0.329053,11.490214,130.126114,33.118149,-0.022937,0.232326,0.444863,-0.864636,25.238598,118.632423,17.401779,0.085073,0.081374,0.34315,-0.931874,14.078731,136.1716,8.82537,0.052559,0.888008,0.07843,0.450032,-7.048,90.405472,8.514727,0.084825,0.928554,-0.016164,0.361014,-7.892966,53.933491,1.585572,-0.021741,0.948207,0.02327,0.316054,-15.985423,6.819144,0.092034,-0.056991,0.911559,-0.088073,0.397561,4.960049,90.480179,23.261648,-0.000296,0.903962,-0.124153,0.409192,6.217897,54.163506,30.906898,-0.078363,0.875871,-0.067487,0.471332,1.383931,7.810336,41.653862,-0.021741,0.948207,0.02327,0.316054,-7.105165,1.476401,-11.494045,-0.078363,0.875871,-0.067487,0.471332,13.766501,1.129228,35.045094
1096,9.133333,-0.002774,0.903218,0.001619,0.429169,-1.054735,90.444756,15.880505,-0.025863,0.905899,0.074011,0.416175,-1.10465,98.241821,15.884742,-0.029627,0.908138,0.059832,0.413312,-2.746072,113.190125,17.58824,0.061339,0.946572,-0.037331,0.314398,-4.663776,131.59433,19.151474,0.069105,0.974799,-0.063092,0.202513,-1.483087,145.973251,17.157816,0.004746,0.876537,0.120577,0.465964,-6.999078,125.642731,16.1472,0.40324,-0.55263,0.089452,-0.723876,-17.242685,127.828094,1.376465,0.08002,-0.00886,-0.574002,-0.814887,-8.347386,114.118217,-15.974034,0.140895,0.046088,-0.574041,-0.805296,-0.409579,135.867493,-18.449137,-0.178242,0.924217,0.135379,0.309396,-2.004432,125.675835,21.884621,0.321506,0.878963,0.125973,-0.328922,11.485808,130.124817,33.114132,-0.022823,0.232192,0.445054,-0.864577,25.236204,118.628716,17.4013,0.085362,0.081096,0.343806,-0.93163,14.080626,136.173706,8.82825,0.052295,0.888053,0.078431,0.449972,-7.060617,90.410316,8.508545,0.084773,0.928745,-0.016118,0.360537,-7.888618,53.936291,1.588105,-0.021705,0.948313,0.0232,0.315742,-15.975624,6.820953,0.09642,-0.05697,0.91163,-0.088136,0.397387,4.951148,90.479195,23.252464,-0.000399,0.903975,-0.124135,0.409169,6.207163,54.163162,30.901081,-0.078427,0.875823,-0.067576,0.471399,1.383171,7.809562,41.650627,-0.021705,0.948313,0.0232,0.315742,-7.103556,1.475795,-11.494811,-0.078427,0.875823,-0.067576,0.471399,13.767152,1.127622,35.045345
1097,9.141667,-0.002561,0.903242,0.001461,0.429122,-1.070128,90.447853,15.873822,-0.025719,0.905916,0.073952,0.416156,-1.115981,98.244949,15.877271,-0.029499,0.908151,0.059827,0.413294,-2.752463,113.191864,17.580811,0.061493,0.946658,-0.037219,0.314122,-4.66573,131.596375,19.145864,0.069267,0.974895,-0.063348,0.201915,-1.482793,145.97525,17.155466,0.004874,0.876645,0.119876,0.465939,-7.002617,125.645615,16.141178,0.402731,-0.552518,0.089927,-0.724185,-17.247036,127.823128,1.369837,0.08009,-0.008587,-0.57369,-0.815102,-8.349905,114.111076,-15.978019,0.141298,0.046347,-0.573481,-0.805609,-0.394442,135.857361,-18.443771,-0.178176,0.924208,0.135339,0.309478,-2.007619,125.677002,21.878305,0.321561,0.878972,0.126047,-0.328813,11.481639,130.123764,33.10989,-0.022909,0.232263,0.445121,-0.864521,25.233736,118.625664,17.399996,0.085213,0.081231,0.344147,-0.931506,14.081879,136.173767,8.826204,0.052457,0.888047,0.078204,0.450006,-7.076811,90.415787,8.502501,0.084204,0.928748,-0.015867,0.360674,-7.922885,53.940384,1.591473,-0.022047,0.948469,0.023109,0.315256,-15.950921,6.815076,0.09602,-0.05708,0.911586,-0.088042,0.397494,4.936554,90.479919,23.245144,-0.000452,0.904082,-0.124178,0.408919,6.201891,54.163597,30.890831,-0.079239,0.875788,-0.068292,0.471225,1.383752,7.811031,41.647457,-0.022047,0.948469,0.023109,0.315256,-7.087205,1.470475,-11.501862,-0.079239,0.875788,-0.068292,0.471225,13.770837,1.124576,35.052567
1098,9.15,-0.002483,0.903307,0.001508,0.428984,-1.077114,90.447357,15.864504,-0.025716,0.905934,0.073879,0.416131,-1.122182,98.244461,15.869135,-0.029343,0.908156,0.059865,0.41329,-2.758081,113.195885,17.571232,0.061637,0.946703,-0.037261,0.313951,-4.666654,131.600555,19.13998,0.069357,0.974951,-0.06353,0.201555,-1.48002,145.978546,17.148994,0.004973,0.876655,0.120318,0.465806,-7.005136,125.650978,16.13419,0.402635,-0.552398,0.090469,-0.724263,-17.254002,127.838539,1.367421,0.080463,-0.008451,-0.573276,-0.815358,-8.355177,114.112282,-15.968326,0.141456,0.046642,-0.572913,-0.805969,-0.378302,135.8479,-18.437204,-0.178132,0.924184,0.135374,0.30956,-2.009953,125.679985,21.871168,0.321642,0.878975,0.126131,-0.328694,11.478038,130.124313,33.105236,-0.023053,0.232373,0.445202,-0.864446,25.231392,118.62339,17.398497,0.084899,0.081281,0.344392,-0.93144,14.084824,136.175278,8.823972,0.052272,0.88808,0.078212,0.449962,-7.086047,90.417007,8.495008,0.084243,0.928794,-0.015856,0.360547,-7.91999,53.940247,1.589645,-0.021119,0.9484,0.023348,0.315508,-15.951315,6.815535,0.092991,-0.057071,0.911551,-0.088165,0.397549,4.931818,90.477715,23.233997,-0.000617,0.903989,-0.12417,0.409127,6.19237,54.162914,30.887693,-0.079278,0.875842,-0.068235,0.471126,1.386268,7.810178,41.648998,-0.021119,0.9484,0.023348,0.315508,-7.090811,1.468809,-11.506368,-0.079278,0.875842,-0.068235,0.471126,13.772443,1.125325,35.050774
1099,9.158333,-0.002328,0.903328,0.001448,0.428942,-1.090605,90.450012,15.85598,-0.025782,0.905945,0.073828,0.416111,-1.133089,98.247124,15.860807,-0.029026,0.908189,0.059745,0.413257,-2.769599,113.193916,17.560162,0.061564,0.946791,-0.037032,0.313727,-4.665608,131.599808,19.12985,0.069639,0.974999,-0.063751,0.201155,-1.483859,145.979492,17.143461,0.005228,0.876768,0.120243,0.465609,-7.008447,125.651917,16.124109,0.402355,-0.552205,0.091003,-0.724499,-17.26384,127.845474,1.362766,0.080716,-0.008254,-0.572895,-0.815603,-8.35949,114.110855,-15.963501,0.141635,0.046935,-0.572415,-0.806274,-0.362438,135.838226,-18.430182,-0.178101,0.924151,0.135352,0.309683,-2.012566,125.677345,21.860495,0.321585,0.879033,0.126279,-0.328539,11.473042,130.120071,33.098045,-0.023319,0.232444,0.445257,-0.864391,25.233006,118.622078,17.394972,0.084693,0.081284,0.344205,-0.931527,14.090472,136.177322,8.823903,0.052199,0.888021,0.07816,0.450094,-7.10025,90.421829,8.48706,0.084177,0.92874,-0.015835,0.360701,-7.930122,53.943909,1.587401,-0.021142,0.948366,0.023259,0.315616,-15.954635,6.818065,0.089853,-0.057195,0.911526,-0.088076,0.397608,4.919039,90.478195,23.224899,-0.000638,0.904008,-0.124252,0.40906,6.190157,54.163288,30.876356,-0.079155,0.875795,-0.068217,0.471236,1.383469,7.812488,41.645744,-0.021142,0.948366,0.023259,0.315616,-7.091529,1.469148,-11.506505,-0.079155,0.875795,-0.068217,0.471236,13.770115,1.126491,35.049568
1100,9.166667,-0.002088,0.903379,0.001204,0.428837,-1.106513,90.448067,15.849766,-0.025655,0.905963,0.073751,0.416093,-1.143981,98.245209,15.852766,-0.028869,0.908195,0.059732,0.413256,-2.776388,113.196144,17.552074,0.061636,0.946823,-0.037143,0.313605,-4.66693,131.602432,19.123755,0.069797,0.975024,-0.06392,0.200927,-1.482668,145.981171,17.134438,0.005282,0.876827,0.120143,0.465523,-7.011599,125.655556,16.117443,0.402147,-0.552068,0.09138,-0.724671,-17.269871,127.848755,1.35805,0.080996,-0.007978,-0.572517,-0.815844,-8.361574,114.108452,-15.961687,0.141925,0.047117,-0.572047,-0.806474,-0.344482,135.827881,-18.423901,-0.178006,0.924134,0.135296,0.309814,-2.015564,125.678894,21.853703,0.321563,0.879071,0.126427,-0.328401,11.468349,130.118301,33.094601,-0.023508,0.232539,0.44533,-0.864323,25.233311,118.622086,17.394596,0.084537,0.081373,0.344273,-0.931508,14.095629,136.180969,8.824357,0.052073,0.888027,0.07816,0.450097,-7.117888,90.42202,8.48225,0.084076,0.92876,-0.015825,0.360673,-7.939489,53.943115,1.586775,-0.021296,0.948382,0.023372,0.315551,-15.954852,6.81563,0.09208,-0.057337,0.91154,-0.088071,0.397555,4.904862,90.474121,23.217281,-0.000742,0.903934,-0.124267,0.409218,6.18611,54.160355,30.872452,-0.077961,0.875922,-0.067664,0.471279,1.385936,7.80994,41.646358,-0.021296,0.948382,0.023372,0.315551,-7.091315,1.471263,-11.506045,-0.077961,0.875922,-0.067664,0.471279,13.762188,1.118318,35.036392
1101,9.175,-0.002023,0.903345,0.001029,0.428908,-1.113308,90.444817,15.843807,-0.025755,0.905987,0.073664,0.416051,-1.148683,98.241966,15.844767,-0.028711,0.908241,0.059817,0.413153,-2.783286,113.198677,17.541153,0.061532,0.946928,-0.036945,0.31333,-4.669613,131.604919,19.118315,0.070229,0.975061,-0.0642,0.200506,-1.490993,145.985352,17.13224,0.005396,0.876905,0.119975,0.465418,-7.016262,125.659348,16.110964,0.401657,-0.551893,0.091973,-0.725002,-17.278032,127.852905,1.354054,0.081051,-0.007838,-0.572135,-0.816107,-8.365706,114.106926,-15.959118,0.141944,0.047418,-0.571748,-0.806665,-0.327909,135.820099,-18.416237,-0.177766,0.924157,0.135271,0.309895,-2.018804,125.680092,21.845995,0.321555,0.879088,0.12651,-0.328331,11.466382,130.111511,33.088516,-0.023828,0.232641,0.445389,-0.864256,25.233761,118.616257,17.389944,0.084242,0.081604,0.344069,-0.93159,14.10084,136.179092,8.823127,0.052112,0.888049,0.078085,0.450062,-7.123518,90.418449,8.475343,0.084022,0.92874,-0.01582,0.360737,-7.95049,53.938984,1.583502,-0.021192,0.948294,0.023486,0.315812,-15.960815,6.810615,0.089662,-0.057397,0.911534,-0.088034,0.397569,4.896902,90.471176,23.212273,-0.000803,0.90386,-0.124302,0.409372,6.183193,54.157425,30.866682,-0.077921,0.875868,-0.067539,0.471405,1.385085,7.807848,41.645164,-0.021192,0.948294,0.023486,0.315812,-7.091734,1.468513,-11.505265,-0.077921,0.875868,-0.067539,0.471405,13.763526,1.118908,35.036583
1102,9.183333,-0.002038,0.903386,0.001113,0.428822,-1.119252,90.445,15.834824,-0.02575,0.906013,0.073693,0.415989,-1.155413,98.242149,15.836877,-0.028613,0.908268,0.059868,0.413094,-2.790329,113.200607,17.534447,0.061738,0.946947,-0.037025,0.313225,-4.674025,131.606842,19.114948,0.070345,0.975072,-0.064488,0.20032,-1.489379,145.985825,17.128098,0.005565,0.877036,0.119583,0.465272,-7.021886,125.662079,16.106949,0.401518,-0.551772,0.092144,-0.725149,-17.288536,127.85379,1.353161,0.081419,-0.00746,-0.57172,-0.816365,-8.371346,114.107216,-15.957027,0.142042,0.04798,-0.571614,-0.806709,-0.311081,135.813004,-18.408104,-0.177675,0.924191,0.135209,0.309874,-2.023593,125.681213,21.841255,0.321645,0.879068,0.126659,-0.328239,11.463237,130.11058,33.082611,-0.023796,0.23252,0.44553,-0.864217,25.230742,118.613609,17.385387,0.084354,0.081646,0.344635,-0.931367,14.100981,136.180618,8.823222,0.052108,0.88807,0.077984,0.450039,-7.130867,90.41906,8.467503,0.083828,0.928817,-0.015785,0.360585,-7.96115,53.938381,1.582462,-0.021043,0.948363,0.023616,0.315606,-15.953403,6.806791,0.093478,-0.05736,0.911424,-0.088014,0.39783,4.892363,90.47094,23.202145,-0.000981,0.903783,-0.124374,0.40952,6.174589,54.156624,30.854542,-0.078084,0.875852,-0.067705,0.471383,1.387326,7.808802,41.645344,-0.021043,0.948363,0.023616,0.315606,-7.090518,1.466781,-11.507149,-0.078084,0.875852,-0.067705,0.471383,13.766509,1.118482,35.039551
1103,9.191667,-0.002519,0.903453,0.001344,0.428678,-1.110501,90.436325,15.826442,-0.025925,0.906052,0.073787,0.415875,-1.154979,98.233429,15.828544,-0.028544,0.908316,0.059848,0.412995,-2.796745,113.200882,17.527771,0.061945,0.947,-0.0368,0.31305,-4.677615,131.607346,19.108883,0.070526,0.975107,-0.064836,0.199974,-1.489913,145.986664,17.129351,0.005655,0.877206,0.118763,0.465159,-7.026955,125.662926,16.101355,0.401199,-0.551713,0.092162,-0.725368,-17.297358,127.843224,1.348484,0.081442,-0.007087,-0.57138,-0.816604,-8.377261,114.104584,-15.9665,0.142053,0.048196,-0.571042,-0.8071,-0.298539,135.805527,-18.402836,-0.17761,0.924199,0.135152,0.309912,-2.02736,125.681328,21.834532,0.321862,0.879002,0.1271,-0.328033,11.459454,130.109055,33.076561,-0.023738,0.232431,0.445705,-0.864153,25.226767,118.60968,17.380934,0.084244,0.08163,0.344681,-0.931362,14.102784,136.180466,8.822468,0.052286,0.888152,0.077948,0.449864,-7.124423,90.404007,8.461027,0.083785,0.928668,-0.0159,0.360975,-7.968959,53.924309,1.572575,-0.02135,0.948285,0.023944,0.315795,-15.960781,6.792376,0.092005,-0.057181,0.91145,-0.088162,0.397764,4.903421,90.468643,23.191856,-0.001085,0.903714,-0.124398,0.409665,6.169682,54.154732,30.848837,-0.078323,0.875832,-0.067761,0.471372,1.38875,7.807475,41.644905,-0.02135,0.948285,0.023944,0.315795,-7.088994,1.464408,-11.50736,-0.078323,0.875832,-0.067761,0.471372,13.770221,1.119532,35.040989
1104,9.2,-0.0024,0.903504,0.001355,0.428571,-1.121493,90.438339,15.820381,-0.025921,0.906073,0.073774,0.415834,-1.164363,98.235451,15.823442,-0.028483,0.908333,0.059792,0.412971,-2.805913,113.20443,17.522591,0.062087,0.947019,-0.0368,0.312963,-4.683849,131.611282,19.1028,0.070732,0.975115,-0.06504,0.199794,-1.492551,145.989929,17.124193,0.005785,0.877223,0.119036,0.465056,-7.034286,125.667061,16.095741,0.401093,-0.551612,0.092621,-0.725445,-17.3081,127.855637,1.346475,0.081743,-0.007003,-0.570987,-0.816849,-8.386705,114.105515,-15.958719,0.142012,0.048594,-0.570361,-0.807564,-0.287349,135.797485,-18.398399,-0.177498,0.924218,0.135207,0.309894,-2.034344,125.685013,21.828615,0.322157,0.878935,0.127184,-0.327892,11.454317,130.108566,33.070065,-0.023766,0.232613,0.44597,-0.863966,25.216991,118.598343,17.378328,0.083756,0.081138,0.344968,-0.931343,14.107481,136.176208,8.815536,0.05226,0.888138,0.077937,0.449896,-7.13717,90.408157,8.456392,0.083709,0.928641,-0.015917,0.361061,-7.980134,53.92812,1.569528,-0.021096,0.948272,0.02397,0.315849,-15.965652,6.795013,0.092308,-0.05723,0.911432,-0.088216,0.397788,4.894185,90.468529,23.18437,-0.001132,0.903829,-0.124374,0.409418,6.161948,54.155743,30.846441,-0.078424,0.875807,-0.067773,0.4714,1.388999,7.807931,41.643631,-0.021096,0.948272,0.02397,0.315849,-7.095222,1.465382,-11.507329,-0.078424,0.875807,-0.067773,0.4714,13.772043,1.121391,35.041245
1105,9.208333,-0.002326,0.903564,0.001385,0.428445,-1.129945,90.440079,15.812917,-0.025827,0.906116,0.073755,0.41575,-1.171975,98.23719,15.816884,-0.028437,0.908366,0.059807,0.412899,-2.810664,113.207481,17.516989,0.062308,0.947027,-0.03682,0.312892,-4.68716,131.614365,19.098589,0.070775,0.975122,-0.065279,0.199666,-1.48986,145.991852,17.121155,0.005879,0.877299,0.118964,0.464929,-7.038476,125.670456,16.09157,0.400986,-0.551778,0.0927,-0.725367,-17.316528,127.860283,1.345435,0.082109,-0.006685,-0.570539,-0.817129,-8.404584,114.107407,-15.962453,0.142137,0.049407,-0.569811,-0.807881,-0.282142,135.788208,-18.39786,-0.177518,0.924229,0.1352,0.309854,-2.037582,125.687752,21.82362,0.322161,0.878967,0.126943,-0.327894,11.45173,130.11232,33.063896,-0.023789,0.232603,0.446028,-0.863938,25.214195,118.597641,17.375229,0.083825,0.08098,0.345461,-0.931167,14.105958,136.178696,8.812991,0.052163,0.888225,0.077899,0.449742,-7.147696,90.411385,8.450614,0.083651,0.928684,-0.015937,0.360964,-7.98682,53.930153,1.569579,-0.02173,0.948271,0.023746,0.315825,-15.968138,6.79619,0.097035,-0.057282,0.911402,-0.088254,0.39784,4.887806,90.468773,23.17522,-0.00122,0.90368,-0.124371,0.409747,6.157445,54.156937,30.841473,-0.078493,0.875765,-0.067771,0.471467,1.388222,7.809072,41.64011,-0.02173,0.948271,0.023746,0.315825,-7.092103,1.46639,-11.498242,-0.078493,0.875765,-0.067771,0.471467,13.773173,1.123878,35.039932
1106,9.216667,-0.002281,0.903633,0.001466,0.428298,-1.137768,90.442322,15.806921,-0.02583,0.906161,0.073706,0.41566,-1.179707,98.239441,15.812349,-0.028346,0.908405,0.059815,0.412817,-2.817658,113.209602,17.511204,0.062346,0.94707,-0.036858,0.31275,-4.691062,131.616638,19.094637,0.070983,0.975134,-0.065454,0.199476,-1.492884,145.993744,17.115875,0.00604,0.877365,0.118886,0.464823,-7.043857,125.67334,16.087597,0.40081,-0.551862,0.092862,-0.72538,-17.325405,127.866539,1.344405,0.082444,-0.006184,-0.570247,-0.817302,-8.419287,114.111015,-15.964375,0.142755,0.050027,-0.569211,-0.808157,-0.281199,135.786758,-18.388519,-0.177488,0.924248,0.135168,0.309828,-2.041858,125.689407,21.818682,0.32229,0.878949,0.127125,-0.327746,11.448412,130.113586,33.057957,-0.023837,0.232664,0.446123,-0.863871,25.211525,118.595779,17.372179,0.08367,0.081106,0.34549,-0.931159,14.108779,136.179184,8.809628,0.052141,0.888245,0.077915,0.449701,-7.1579,90.41507,8.446563,0.083597,0.928661,-0.015972,0.361033,-7.995323,53.933861,1.565234,-0.021711,0.948235,0.023708,0.315937,-15.972951,6.799138,0.097023,-0.057344,0.911397,-0.088186,0.397857,4.882364,90.469582,23.16728,-0.001263,0.903559,-0.124513,0.409971,6.158102,54.157383,30.830786,-0.078707,0.875736,-0.06787,0.471472,1.384341,7.81292,41.641979,-0.021711,0.948235,0.023708,0.315937,-7.094522,1.468148,-11.495867,-0.078707,0.875736,-0.06787,0.471472,13.771349,1.128767,35.044624
1107,9.225,-0.002167,0.903699,0.001495,0.428161,-1.146861,90.443108,15.800461,-0.02592,0.906181,0.073697,0.415612,-1.187387,98.240227,15.807061,-0.028173,0.908425,0.059849,0.412781,-2.828128,113.215042,17.505169,0.062598,0.947093,-0.036641,0.312655,-4.696145,131.622284,19.092474,0.071035,0.975157,-0.065815,0.199224,-1.493293,145.999451,17.121618,0.006144,0.877429,0.118764,0.464732,-7.05094,125.680252,16.084492,0.400718,-0.551882,0.093137,-0.725381,-17.335501,127.874306,1.343527,0.082679,-0.006065,-0.569879,-0.817536,-8.432879,114.111328,-15.961128,0.142796,0.050281,-0.568697,-0.808495,-0.275485,135.778885,-18.385548,-0.17734,0.924294,0.135232,0.309748,-2.048337,125.693771,21.815058,0.322302,0.878971,0.127004,-0.327722,11.445618,130.112976,33.051872,-0.023958,0.232759,0.446162,-0.863822,25.209129,118.592278,17.368553,0.083575,0.081207,0.345707,-0.931079,14.109829,136.177689,8.805266,0.052103,0.888353,0.077832,0.449507,-7.169244,90.41803,8.441936,0.083449,0.928737,-0.015902,0.360876,-8.008463,53.935562,1.567458,-0.021631,0.948242,0.023825,0.315915,-15.970884,6.798258,0.099541,-0.057385,0.911317,-0.088262,0.398018,4.875523,90.468178,23.158987,-0.001329,0.903521,-0.124455,0.410072,6.150387,54.15733,30.829027,-0.079581,0.875566,-0.068104,0.471606,1.383429,7.811496,41.637379,-0.021631,0.948242,0.023825,0.315915,-7.093506,1.469726,-11.495289,-0.079581,0.875566,-0.068104,0.471606,13.78155,1.135997,35.052139
1108,9.233333,-0.002101,0.903781,0.00154,0.427986,-1.154268,90.444412,15.793512,-0.025975,0.906205,0.07376,0.415545,-1.19416,98.241539,15.801188,-0.028129,0.908442,0.059837,0.412748,-2.837348,113.218559,17.500715,0.062536,0.947113,-0.037292,0.312532,-4.703636,131.625946,19.088366,0.071317,0.975155,-0.065711,0.199173,-1.49718,145.999664,17.098404,0.006308,0.877445,0.118671,0.464722,-7.059185,125.684151,16.080505,0.400675,-0.551916,0.093404,-0.725344,-17.344009,127.881836,1.340267,0.082904,-0.005942,-0.569556,-0.81774,-8.445579,114.110252,-15.959692,0.142885,0.050465,-0.5681,-0.808888,-0.271577,135.769669,-18.384035,-0.177231,0.924345,0.135231,0.309659,-2.056131,125.697174,21.810678,0.322421,0.87897,0.126979,-0.327618,11.441231,130.11348,33.044533,-0.023914,0.232853,0.446267,-0.863744,25.20435,118.5868,17.365261,0.083603,0.081255,0.34605,-0.930945,14.111146,136.1745,8.798311,0.052048,0.888458,0.07788,0.449296,-7.179499,90.42083,8.437314,0.083351,0.928718,-0.015961,0.360944,-8.015121,53.938496,1.561693,-0.021796,0.948256,0.023828,0.315861,-15.970847,6.799811,0.101824,-0.057448,0.91131,-0.088197,0.398038,4.870963,90.468002,23.149712,-0.001302,0.903438,-0.124586,0.410216,6.151857,54.15683,30.817226,-0.079508,0.875469,-0.068083,0.471802,1.375728,7.814118,41.634907,-0.021796,0.948256,0.023828,0.315861,-7.092988,1.472931,-11.493393,-0.079508,0.875469,-0.068083,0.471802,13.776313,1.138619,35.05431
1109,9.241667,-0.002042,0.903865,0.001558,0.427811,-1.162462,90.445747,15.789514,-0.025969,0.906252,0.073754,0.415444,-1.201633,98.242874,15.797852,-0.02803,0.908484,0.059817,0.412665,-2.844452,113.220238,17.497501,0.06279,0.947101,-0.037429,0.312501,-4.706979,131.627914,19.086166,0.071229,0.975153,-0.065901,0.199147,-1.492445,145.999603,17.094624,0.006544,0.877546,0.118544,0.464562,-7.064229,125.686684,16.078558,0.400494,-0.552283,0.09348,-0.725155,-17.354355,127.889038,1.342723,0.083095,-0.005705,-0.568922,-0.818163,-8.475904,114.113426,-15.964288,0.143017,0.050581,-0.567572,-0.809227,-0.268669,135.759552,-18.382204,-0.177125,0.924383,0.135205,0.309617,-2.060053,125.698555,21.807751,0.32252,0.878955,0.12686,-0.327605,11.439594,130.112076,33.039948,-0.023928,0.232983,0.446343,-0.863669,25.200058,118.579498,17.3627,0.083506,0.081298,0.346315,-0.930851,14.112309,136.169403,8.791576,0.052068,0.888453,0.077919,0.449298,-7.190548,90.423325,8.435655,0.083202,0.928697,-0.015985,0.361032,-8.026155,53.941597,1.55687,-0.021676,0.948243,0.023853,0.315907,-15.969367,6.800598,0.103518,-0.057415,0.911264,-0.088173,0.398154,4.865625,90.468163,23.143372,-0.001473,0.90345,-0.124601,0.410183,6.144069,54.156406,30.808527,-0.079546,0.875508,-0.0681,0.471721,1.382465,7.8141,41.634308,-0.021676,0.948243,0.023853,0.315907,-7.091603,1.473284,-11.491567,-0.079546,0.875508,-0.0681,0.471721,13.782083,1.138526,35.051975
1110,9.25,-0.001959,0.903946,0.001546,0.427639,-1.170647,90.446098,15.783983,-0.025921,0.906291,0.073789,0.415356,-1.208576,98.243233,15.792704,-0.027925,0.908517,0.059791,0.412605,-2.850528,113.222191,17.494289,0.062821,0.947163,-0.037268,0.312326,-4.708998,131.630219,19.083824,0.071397,0.975188,-0.066217,0.198811,-1.495664,146.002716,17.096218,0.006657,0.877653,0.118451,0.464382,-7.067929,125.689552,16.076374,0.400349,-0.55248,0.093661,-0.725061,-17.364061,127.893211,1.344919,0.083269,-0.005603,-0.568486,-0.818449,-8.497599,114.111801,-15.963641,0.143191,0.050624,-0.567165,-0.809479,-0.267092,135.749527,-18.380697,-0.17708,0.924402,0.135155,0.309609,-2.062899,125.700211,21.804827,0.322738,0.8789,0.126945,-0.327507,11.437531,130.112915,33.036415,-0.023685,0.233035,0.446451,-0.863606,25.194376,118.572823,17.361509,0.08358,0.081341,0.346753,-0.930677,14.11215,136.163055,8.784326,0.052007,0.888559,0.077955,0.44909,-7.201549,90.42498,8.432425,0.083175,0.928626,-0.01606,0.361217,-8.033553,53.943192,1.553489,-0.02119,0.948205,0.024155,0.31603,-15.976758,6.802011,0.106131,-0.057453,0.911238,-0.088177,0.398207,4.860255,90.467216,23.135544,-0.001529,0.90343,-0.124644,0.410215,6.140714,54.155827,30.802113,-0.079401,0.875509,-0.067967,0.471763,1.381947,7.814548,41.633568,-0.02119,0.948205,0.024155,0.31603,-7.100358,1.478452,-11.491733,-0.079401,0.875509,-0.067967,0.471763,13.781209,1.13992,35.049587
1111,9.258333,-0.001949,0.904035,0.001628,0.427452,-1.175222,90.446404,15.779983,-0.026047,0.906348,0.073757,0.415229,-1.213552,98.243538,15.789944,-0.027791,0.908576,0.05981,0.41248,-2.858542,113.224602,17.489515,0.062983,0.947216,-0.037287,0.312129,-4.712582,131.632813,19.082022,0.071419,0.975234,-0.066445,0.198504,-1.495335,146.00444,17.094501,0.006922,0.877837,0.118201,0.464093,-7.073673,125.693062,16.074478,0.400294,-0.552583,0.093899,-0.724983,-17.37937,127.899742,1.350173,0.083557,-0.00564,-0.568054,-0.818719,-8.520446,114.10997,-15.955573,0.14332,0.050671,-0.566774,-0.809728,-0.26743,135.73732,-18.379965,-0.176919,0.924446,0.13509,0.309597,-2.066963,125.701881,21.801466,0.322834,0.87889,0.126768,-0.327505,11.435791,130.11026,33.031952,-0.023591,0.233173,0.446516,-0.863537,25.189709,118.563484,17.359404,0.083703,0.081401,0.346954,-0.930586,14.113008,136.154144,8.775719,0.052024,0.888625,0.078022,0.448946,-7.209162,90.426132,8.430915,0.083119,0.928603,-0.016105,0.361288,-8.041167,53.945255,1.547155,-0.021355,0.948193,0.024029,0.316066,-15.9809,6.803325,0.105209,-0.057427,0.911181,-0.088152,0.398347,4.858718,90.466675,23.129051,-0.001611,0.903316,-0.124708,0.410446,6.136977,54.154743,30.793407,-0.079425,0.875463,-0.067919,0.47185,1.37997,7.815015,41.632278,-0.021355,0.948193,0.024029,0.316066,-7.102228,1.477864,-11.490041,-0.079425,0.875463,-0.067919,0.47185,13.781171,1.142181,35.050129
1112,9.266667,-0.001917,0.904158,0.001756,0.427191,-1.179108,90.446869,15.769501,-0.026079,0.906393,0.073932,0.415097,-1.217831,98.244003,15.781487,-0.027647,0.908619,0.059839,0.41239,-2.865924,113.226768,17.485977,0.063212,0.947222,-0.037574,0.312031,-4.715382,131.635147,19.081863,0.071327,0.975254,-0.066576,0.198394,-1.48965,146.004028,17.08807,0.007074,0.877965,0.11799,0.463903,-7.078493,125.696419,16.073874,0.399823,-0.552744,0.094425,-0.725052,-17.39052,127.903618,1.354074,0.083529,-0.00575,-0.567638,-0.81901,-8.544789,114.104698,-15.951138,0.143499,0.050641,-0.566485,-0.8099,-0.269262,135.724976,-18.37759,-0.176814,0.924492,0.135027,0.309545,-2.070537,125.703171,21.799774,0.323077,0.878827,0.126655,-0.327481,11.434716,130.109329,33.028133,-0.023386,0.233272,0.446687,-0.863428,25.181931,118.551483,17.357866,0.083863,0.081413,0.347359,-0.93042,14.114085,136.144669,8.767467,0.051947,0.888704,0.078029,0.448796,-7.217281,90.428177,8.423906,0.083055,0.928695,-0.016125,0.361066,-8.045092,53.946781,1.542336,-0.021359,0.948197,0.024076,0.316048,-15.98016,6.803879,0.106272,-0.057515,0.911112,-0.088211,0.39848,4.859065,90.465569,23.115095,-0.001581,0.903187,-0.124796,0.410703,6.140341,54.155151,30.786148,-0.079387,0.875417,-0.06788,0.471949,1.374206,7.817528,41.629986,-0.021359,0.948197,0.024076,0.316048,-7.101727,1.479744,-11.489768,-0.079387,0.875417,-0.06788,0.471949,13.776755,1.145306,35.049759
1113,9.275,-0.001891,0.904212,0.00183,0.427077,-1.184316,90.447769,15.764231,-0.02613,0.906449,0.073984,0.414963,-1.22317,98.244896,15.777436,-0.02754,0.90869,0.05981,0.412246,-2.873116,113.227844,17.482986,0.063383,0.947277,-0.037518,0.311835,-4.718281,131.636566,19.07983,0.071353,0.975297,-0.066862,0.198078,-1.489068,146.004959,17.088276,0.007251,0.878163,0.117784,0.463578,-7.0836,125.698387,16.07251,0.39949,-0.552897,0.094787,-0.725071,-17.406446,127.90638,1.360425,0.083604,-0.005878,-0.567209,-0.819298,-8.572095,114.100693,-15.945186,0.143698,0.05054,-0.566097,-0.810143,-0.274429,135.71048,-18.376783,-0.176637,0.924526,0.134895,0.309604,-2.073753,125.703987,21.796755,0.323434,0.878694,0.127095,-0.327314,11.432448,130.105621,33.025734,-0.02291,0.233243,0.446909,-0.863334,25.173855,118.540726,17.355576,0.084162,0.08144,0.347621,-0.930292,14.11532,136.134155,8.75865,0.051963,0.888882,0.078097,0.44843,-7.224355,90.430107,8.420171,0.082941,0.928629,-0.016218,0.361256,-8.053812,53.949631,1.533987,-0.021387,0.948195,0.02405,0.316055,-15.98173,6.805211,0.108496,-0.057424,0.91137,-0.088392,0.397861,4.855724,90.465431,23.10829,-0.001728,0.903147,-0.124722,0.410812,6.130652,54.156609,30.787912,-0.079157,0.87542,-0.067714,0.472006,1.378849,7.817247,41.630619,-0.021387,0.948195,0.02405,0.316055,-7.102902,1.480633,-11.487036,-0.079157,0.87542,-0.067714,0.472006,13.78047,1.145473,35.048199
1114,9.283333,-0.001858,0.904286,0.001869,0.42692,-1.188668,90.448898,15.760109,-0.026096,0.906507,0.073982,0.414838,-1.22732,98.246017,15.774099,-0.027486,0.908745,0.059822,0.412128,-2.876163,113.229729,17.480343,0.063367,0.947372,-0.037401,0.311564,-4.719474,131.638519,19.078653,0.071529,0.975356,-0.067163,0.197618,-1.492724,146.007721,17.088949,0.00752,0.878384,0.117548,0.463214,-7.086061,125.700676,16.071655,0.399478,-0.552989,0.095087,-0.724968,-17.420956,127.911781,1.368491,0.083875,-0.006013,-0.566878,-0.819499,-8.594156,114.094749,-15.931932,0.143946,0.050408,-0.565883,-0.810256,-0.279099,135.696518,-18.374577,-0.17649,0.924561,0.134792,0.309629,-2.074676,125.705589,21.794556,0.323733,0.878586,0.12711,-0.327303,11.432849,130.103561,33.023388,-0.02249,0.233191,0.447051,-0.863285,25.165384,118.527962,17.353348,0.084536,0.081559,0.348095,-0.930071,14.111098,136.12204,8.750443,0.05189,0.889073,0.078177,0.448046,-7.231252,90.432121,8.418139,0.082863,0.928624,-0.01625,0.361286,-8.056175,53.952003,1.529484,-0.021376,0.948233,0.024011,0.315946,-15.978307,6.806448,0.109295,-0.057481,0.911325,-0.088335,0.397969,4.853915,90.465675,23.102079,-0.001706,0.902995,-0.124793,0.411124,6.133488,54.156601,30.779758,-0.07935,0.875327,-0.067841,0.472127,1.373182,7.818934,41.625988,-0.021376,0.948233,0.024011,0.315946,-7.102377,1.480652,-11.487898,-0.07935,0.875327,-0.067841,0.472127,13.778405,1.14762,35.049885
1115,9.291667,-0.001523,0.90437,0.00175,0.426744,-1.206622,90.455238,15.758312,-0.025953,0.906578,0.073882,0.414711,-1.23974,98.252388,15.772852,-0.027364,0.908806,0.059803,0.412003,-2.882465,113.230431,17.477686,0.063362,0.947439,-0.037453,0.311354,-4.721145,131.639557,19.077478,0.071607,0.975395,-0.067381,0.197324,-1.494851,146.00853,17.085325,0.007681,0.878569,0.117425,0.462892,-7.089948,125.702393,16.07086,0.399534,-0.553156,0.095313,-0.724781,-17.435577,127.915253,1.375505,0.084099,-0.006085,-0.56658,-0.819681,-8.6196,114.086624,-15.921177,0.144188,0.050202,-0.565661,-0.810381,-0.288778,135.681778,-18.371422,-0.17637,0.924601,0.134693,0.309619,-2.076901,125.705887,21.792307,0.323983,0.878492,0.12704,-0.327334,11.432387,130.101242,33.020054,-0.02223,0.233128,0.447334,-0.863163,25.156244,118.515709,17.349747,0.085206,0.081692,0.348239,-0.929944,14.111275,136.116653,8.745035,0.05169,0.889188,0.07829,0.447821,-7.252095,90.443245,8.418709,0.082797,0.928538,-0.016246,0.361522,-8.061743,53.96291,1.529428,-0.021477,0.948247,0.023734,0.315917,-15.97755,6.816298,0.109133,-0.05764,0.911285,-0.088258,0.398054,4.838851,90.467232,23.097914,-0.001772,0.902902,-0.124816,0.411322,6.130756,54.158508,30.775175,-0.079107,0.875317,-0.067808,0.472192,1.372873,7.821414,41.624893,-0.021477,0.948247,0.023734,0.315917,-7.102055,1.483796,-11.485314,-0.079107,0.875317,-0.067808,0.472192,13.776525,1.14729,35.048672
1116,9.3,-0.001508,0.904441,0.001781,0.426593,-1.211699,90.455269,15.753963,-0.025908,0.906644,0.073955,0.414556,-1.244819,98.252419,15.769042,-0.027296,0.908879,0.059775,0.411851,-2.887042,113.230896,17.476799,0.063732,0.947478,-0.03763,0.31114,-4.722746,131.640274,19.077,0.071398,0.975471,-0.067599,0.196948,-1.485486,146.006439,17.082375,0.007885,0.878752,0.11731,0.46257,-7.093366,125.703407,16.071268,0.399497,-0.553315,0.095617,-0.724639,-17.449675,127.919518,1.383933,0.084143,-0.006399,-0.566319,-0.819855,-8.644864,114.078964,-15.908885,0.144044,0.049975,-0.565896,-0.810256,-0.300343,135.667755,-18.371296,-0.176217,0.924673,0.13443,0.309607,-2.078351,125.706306,21.790991,0.324265,0.878366,0.126709,-0.327522,11.433153,130.100021,33.016701,-0.021854,0.233139,0.447562,-0.863051,25.14241,118.50061,17.343893,0.085647,0.081517,0.34882,-0.929701,14.10729,136.103638,8.732885,0.0516,0.889371,0.07839,0.44745,-7.259609,90.443771,8.416371,0.08281,0.92861,-0.01627,0.361333,-8.062871,53.963894,1.523888,-0.021235,0.948217,0.023767,0.316022,-15.980957,6.817561,0.106887,-0.057656,0.911313,-0.088301,0.39798,4.836212,90.466766,23.091557,-0.001806,0.902923,-0.124832,0.411271,6.128501,54.158737,30.772041,-0.079172,0.875348,-0.067866,0.472115,1.373518,7.822052,41.624771,-0.021235,0.948217,0.023767,0.316022,-7.105458,1.483695,-11.486928,-0.079172,0.875348,-0.067866,0.472115,13.77638,1.147349,35.047657
1117,9.308333,-0.001481,0.904505,0.001804,0.426456,-1.215545,90.454445,15.750842,-0.025928,0.906704,0.074008,0.414413,-1.248425,98.251587,15.766435,-0.027242,0.908948,0.059741,0.411706,-2.891804,113.231995,17.475874,0.064078,0.947489,-0.037738,0.311023,-4.724907,131.641632,19.076063,0.071157,0.97551,-0.067877,0.196747,-1.477585,146.005463,17.08112,0.008008,0.879,0.117052,0.462162,-7.097174,125.704918,16.071301,0.39953,-0.553475,0.09583,-0.72447,-17.46706,127.918961,1.393242,0.084313,-0.006497,-0.566022,-0.820042,-8.672665,114.067902,-15.896459,0.144204,0.049709,-0.565722,-0.810366,-0.312699,135.649399,-18.365906,-0.175865,0.924778,0.134244,0.309573,-2.080301,125.707451,21.789391,0.324485,0.878241,0.126672,-0.327652,11.436457,130.09227,33.012245,-0.021507,0.233038,0.447707,-0.863012,25.134829,118.485764,17.335178,0.085978,0.08138,0.349043,-0.929599,14.103233,136.090195,8.721549,0.051645,0.889378,0.078477,0.447416,-7.265683,90.443596,8.415088,0.08276,0.928444,-0.016373,0.361765,-8.069234,53.965092,1.515415,-0.021159,0.948161,0.023845,0.316187,-15.985746,6.818283,0.105659,-0.057642,0.911332,-0.088328,0.397932,4.834592,90.465286,23.086596,-0.001858,0.903025,-0.124893,0.411027,6.125587,54.157482,30.7684,-0.079092,0.875412,-0.067795,0.472019,1.375699,7.822248,41.629574,-0.021159,0.948161,0.023845,0.316187,-7.10682,1.485915,-11.486214,-0.079092,0.875412,-0.067795,0.472019,13.776424,1.147638,35.04834
1118,9.316667,-0.001455,0.904569,0.00184,0.426321,-1.220474,90.45504,15.747039,-0.0259,0.906772,0.074067,0.414256,-1.253233,98.25219,15.763319,-0.027163,0.909026,0.059735,0.411541,-2.89636,113.232933,17.475096,0.064017,0.947615,-0.0377,0.310656,-4.726416,131.642761,19.076637,0.071338,0.975595,-0.068162,0.196163,-1.482477,146.007202,17.080488,0.008142,0.879175,0.116898,0.461866,-7.100594,125.706482,16.072544,0.399641,-0.553634,0.096163,-0.724243,-17.480305,127.921005,1.401499,0.084513,-0.006632,-0.565813,-0.820164,-8.697341,114.05352,-15.880859,0.144553,0.049342,-0.565223,-0.810674,-0.327139,135.62793,-18.359779,-0.175934,0.924798,0.134297,0.309453,-2.081586,125.70813,21.788763,0.32483,0.878117,0.126461,-0.327724,11.436996,130.095367,33.00848,-0.021086,0.233037,0.447869,-0.862938,25.122458,118.473495,17.331518,0.08639,0.081391,0.349253,-0.929481,14.097945,136.077454,8.710773,0.051629,0.88948,0.078512,0.447208,-7.272805,90.444931,8.413089,0.082669,0.928479,-0.016387,0.361695,-8.075749,53.966702,1.511849,-0.021356,0.948188,0.023786,0.316099,-15.984884,6.818506,0.10702,-0.057658,0.91136,-0.088356,0.397859,4.831857,90.465157,23.08099,-0.00184,0.902866,-0.124877,0.411382,6.123683,54.157864,30.765009,-0.079336,0.875273,-0.067931,0.472216,1.368575,7.822263,41.622295,-0.021356,0.948188,0.023786,0.316099,-7.106143,1.486359,-11.485102,-0.079336,0.875273,-0.067931,0.472216,13.774673,1.148962,35.049858
1119,9.325,-0.001429,0.904633,0.001878,0.426185,-1.224074,90.454712,15.744426,-0.025908,0.906825,0.074148,0.414125,-1.256708,98.251854,15.761417,-0.027075,0.909089,0.059702,0.411413,-2.900921,113.233093,17.475643,0.064181,0.947658,-0.037974,0.310458,-4.727269,131.643234,19.077669,0.071178,0.975653,-0.068361,0.195864,-1.477146,146.00531,17.074551,0.008368,0.879415,0.116786,0.461433,-7.103373,125.707367,16.074289,0.399536,-0.553784,0.096548,-0.724136,-17.497438,127.925446,1.413943,0.084525,-0.006962,-0.565531,-0.820355,-8.725895,114.045105,-15.863897,0.144456,0.049006,-0.565694,-0.810383,-0.341041,135.612442,-18.354687,-0.175816,0.924861,0.134147,0.309395,-2.082687,125.708153,21.789036,0.325222,0.877942,0.126184,-0.327913,11.438699,130.093811,33.006001,-0.02075,0.233202,0.448044,-0.862811,25.106127,118.455055,17.325825,0.086203,0.080973,0.349509,-0.929438,14.092319,136.059479,8.693583,0.051556,0.889575,0.078592,0.447013,-7.278606,90.445343,8.412291,0.082628,0.928563,-0.016402,0.361488,-8.075566,53.967487,1.50836,-0.021389,0.948233,0.023764,0.315962,-15.981874,6.818679,0.108071,-0.057677,0.911358,-0.088388,0.397854,4.830459,90.464073,23.076561,-0.001882,0.902978,-0.124904,0.411127,6.122638,54.15736,30.763292,-0.079147,0.875383,-0.06781,0.472061,1.373175,7.822406,41.625854,-0.021389,0.948233,0.023764,0.315962,-7.106152,1.486186,-11.486209,-0.079147,0.875383,-0.06781,0.472061,13.77514,1.148431,35.046299
1120,9.333333,-0.001395,0.904682,0.001915,0.42608,-1.228569,90.455208,15.743605,-0.02598,0.906893,0.074212,0.413959,-1.26097,98.252342,15.761346,-0.027002,0.909178,0.059679,0.411224,-2.907768,113.234505,17.476851,0.064263,0.947765,-0.037987,0.310112,-4.730974,131.644897,19.079601,0.071256,0.975736,-0.068684,0.195308,-1.479751,146.006561,17.075283,0.008413,0.879652,0.116407,0.461075,-7.109144,125.709343,16.077244,0.399536,-0.553974,0.096739,-0.723965,-17.51512,127.921089,1.424402,0.0847,-0.006999,-0.565231,-0.820543,-8.755406,114.031311,-15.851848,0.144842,0.04861,-0.565434,-0.81052,-0.355477,135.590225,-18.347313,-0.175588,0.924974,0.134016,0.309243,-2.086039,125.709465,21.789862,0.325408,0.877836,0.125962,-0.328096,11.441621,130.090424,33.001087,-0.020437,0.233118,0.448241,-0.862739,25.097551,118.443153,17.317223,0.086628,0.080534,0.349628,-0.929392,14.090413,136.049698,8.683227,0.051492,0.889692,0.078652,0.446777,-7.284807,90.446716,8.41288,0.082579,0.928667,-0.016386,0.361233,-8.077425,53.969086,1.5073,-0.021453,0.948256,0.023749,0.315889,-15.979239,6.819457,0.109455,-0.057688,0.91137,-0.088386,0.397824,4.827669,90.463692,23.074329,-0.001903,0.90296,-0.124921,0.411161,6.120926,54.157055,30.761227,-0.079185,0.875363,-0.067879,0.472083,1.372211,7.822514,41.625874,-0.021453,0.948256,0.023749,0.315889,-7.104636,1.487138,-11.485754,-0.079185,0.875363,-0.067879,0.472083,13.774645,1.147624,35.048141
1121,9.341667,-0.001357,0.904725,0.001968,0.425988,-1.230857,90.454773,15.741271,-0.026095,0.906948,0.074335,0.413811,-1.263079,98.251907,15.760027,-0.026872,0.909262,0.059628,0.411052,-2.914525,113.235329,17.477945,0.064367,0.947856,-0.03815,0.30979,-4.732265,131.64621,19.081339,0.071269,0.975816,-0.068936,0.194811,-1.47795,146.00647,17.07201,0.00851,0.879855,0.11637,0.460695,-7.113176,125.711266,16.079945,0.399636,-0.554168,0.097036,-0.723722,-17.531788,127.92395,1.436226,0.084838,-0.007295,-0.564939,-0.820727,-8.785028,114.018753,-15.834165,0.144829,0.048198,-0.565519,-0.810488,-0.369874,135.570236,-18.343487,-0.175266,0.925109,0.13379,0.309119,-2.08782,125.710091,21.790583,0.325547,0.87771,0.125906,-0.328318,11.446719,130.084244,32.996166,-0.019936,0.232775,0.448301,-0.862812,25.091393,118.433571,17.305023,0.087064,0.080079,0.35021,-0.929172,14.079126,136.038956,8.673217,0.051477,0.889727,0.078727,0.446696,-7.288584,90.447365,8.411777,0.082595,0.928582,-0.016448,0.361447,-8.078278,53.970493,1.501881,-0.021315,0.94821,0.023773,0.316034,-15.983346,6.821313,0.107218,-0.057721,0.911368,-0.088392,0.397823,4.82687,90.462173,23.070765,-0.001902,0.902984,-0.124952,0.411101,6.122132,54.155899,30.759027,-0.079227,0.875383,-0.067858,0.472042,1.372784,7.822105,41.626583,-0.021315,0.94821,0.023773,0.316034,-7.106655,1.488384,-11.486109,-0.079227,0.875383,-0.067858,0.472042,13.775128,1.148213,35.047672
1122,9.35,-0.001302,0.904767,0.001972,0.425901,-1.235024,90.452011,15.740416,-0.026099,0.907028,0.074405,0.413622,-1.266489,98.249146,15.759595,-0.026822,0.909366,0.059584,0.410833,-2.918969,113.235901,17.48015,0.064565,0.947932,-0.038288,0.3095,-4.733972,131.647079,19.083237,0.071181,0.975889,-0.069211,0.194382,-1.474071,146.0056,17.070559,0.008751,0.880099,0.116183,0.460273,-7.116981,125.712189,16.083391,0.399692,-0.554354,0.097357,-0.723505,-17.549545,127.927742,1.450031,0.085058,-0.00755,-0.564636,-0.820911,-8.815604,114.007423,-15.814688,0.144963,0.047971,-0.565681,-0.810364,-0.384619,135.551315,-18.338421,-0.175075,0.925206,0.133692,0.30898,-2.088832,125.710854,21.791573,0.32572,0.877579,0.125697,-0.328575,11.451255,130.081009,32.992023,-0.019851,0.23274,0.448256,-0.862847,25.082476,118.423378,17.294346,0.086964,0.080469,0.350211,-0.929147,14.067184,136.027527,8.661416,0.051401,0.889764,0.078821,0.446615,-7.294178,90.445587,8.412095,0.082592,0.928632,-0.016475,0.361316,-8.076394,53.969227,1.498599,-0.021362,0.948205,0.023764,0.316047,-15.982339,6.820088,0.107552,-0.057734,0.911397,-0.088426,0.397747,4.82413,90.458435,23.068735,-0.001914,0.902964,-0.124945,0.411146,6.119961,54.152714,30.759529,-0.079277,0.875362,-0.067866,0.47207,1.371356,7.818761,41.626724,-0.021362,0.948205,0.023764,0.316047,-7.104855,1.487358,-11.48527,-0.079277,0.875362,-0.067866,0.47207,13.774697,1.145557,35.048981
1123,9.358333,-0.001643,0.9048,0.002262,0.425827,-1.222124,90.445122,15.734623,-0.026373,0.907092,0.074661,0.413417,-1.260331,98.242233,15.755628,-0.026656,0.909483,0.059591,0.410584,-2.924143,113.236389,17.481123,0.064285,0.948074,-0.038509,0.309095,-4.733219,131.647873,19.087505,0.071396,0.975945,-0.069493,0.19392,-1.480608,146.006577,17.064295,0.008677,0.880293,0.116128,0.459917,-7.11955,125.713989,16.088285,0.399755,-0.554645,0.097458,-0.723234,-17.564011,127.924812,1.462708,0.085176,-0.007691,-0.56437,-0.82108,-8.846387,113.995071,-15.802649,0.145128,0.047647,-0.565741,-0.810312,-0.401737,135.53212,-18.333826,-0.174974,0.925291,0.133531,0.308853,-2.088156,125.710587,21.793606,0.326088,0.877375,0.125771,-0.328728,11.456039,130.080322,32.989239,-0.019451,0.232598,0.448426,-0.862806,25.07106,118.412567,17.285046,0.08715,0.080306,0.350031,-0.929211,14.060083,136.017517,8.650463,0.051542,0.889866,0.078795,0.4464,-7.28245,90.435165,8.40728,0.082566,0.928591,-0.016556,0.361424,-8.076497,53.959579,1.491068,-0.021333,0.948197,0.024061,0.31605,-15.982771,6.810281,0.107178,-0.057576,0.911441,-0.088579,0.397635,4.838202,90.455086,23.061966,-0.001852,0.903091,-0.124958,0.410862,6.119681,54.150021,30.758234,-0.079315,0.875324,-0.067874,0.472134,1.368667,7.816357,41.625584,-0.021333,0.948197,0.024061,0.31605,-7.104622,1.485477,-11.488771,-0.079315,0.875324,-0.067874,0.472134,13.77345,1.143768,35.04995
1124,9.366667,-0.0016,0.904851,0.002253,0.425719,-1.226027,90.444397,15.733758,-0.02625,0.907162,0.074691,0.413266,-1.263563,98.241508,15.75493,-0.026696,0.909552,0.05959,0.410428,-2.924154,113.236328,17.483135,0.064264,0.948172,-0.038632,0.308783,-4.734275,131.647736,19.089169,0.071462,0.976017,-0.069797,0.193421,-1.482344,146.005875,17.060932,0.008741,0.880557,0.115947,0.459455,-7.121102,125.713501,16.091059,0.399693,-0.554894,0.097642,-0.723052,-17.580891,127.921524,1.476015,0.085041,-0.007973,-0.564063,-0.821302,-8.878151,113.983177,-15.789904,0.145088,0.046774,-0.565453,-0.810571,-0.41746,135.513626,-18.327248,-0.174816,0.92539,0.133397,0.308703,-2.087792,125.710823,21.794687,0.326177,0.877262,0.125422,-0.329072,11.46177,130.078094,32.984783,-0.019169,0.232412,0.448416,-0.862867,25.063219,118.404922,17.27286,0.087321,0.079949,0.350311,-0.929121,14.047745,136.00798,8.639004,0.051464,0.889911,0.078899,0.446302,-7.288107,90.435104,8.407864,0.082581,0.928526,-0.016552,0.361588,-8.074247,53.960144,1.487467,-0.021923,0.948201,0.023695,0.316026,-15.981434,6.811068,0.101324,-0.057538,0.911462,-0.088588,0.397591,4.836053,90.45369,23.05965,-0.001888,0.90309,-0.124957,0.410866,6.115051,54.148418,30.755386,-0.078978,0.875366,-0.067763,0.472129,1.367112,7.814729,41.624012,-0.021923,0.948201,0.023695,0.316026,-7.098594,1.481785,-11.488976,-0.078978,0.875366,-0.067763,0.472129,13.768475,1.139447,35.044651
1125,9.375,-0.001597,0.904901,0.0023,0.425613,-1.226403,90.442413,15.732116,-0.026394,0.90725,0.074875,0.413031,-1.264208,98.239525,15.753963,-0.026625,0.909682,0.059534,0.410152,-2.930882,113.235703,17.48609,0.06379,0.948297,-0.039028,0.30845,-4.737279,131.647491,19.091877,0.071791,0.976022,-0.069958,0.193215,-1.496219,146.005707,17.046818,0.00881,0.880766,0.115913,0.459062,-7.126828,125.713394,16.095669,0.399965,-0.555165,0.097675,-0.722689,-17.599661,127.921448,1.489974,0.085319,-0.008151,-0.563801,-0.821451,-8.911577,113.971291,-15.773788,0.145228,0.046508,-0.565325,-0.81065,-0.437602,135.493927,-18.324141,-0.174767,0.925491,0.133387,0.308434,-2.090021,125.710381,21.796209,0.326271,0.877181,0.125176,-0.329291,11.466174,130.078079,32.978111,-0.018912,0.232237,0.448361,-0.862949,25.057844,118.399719,17.261572,0.087425,0.079708,0.350458,-0.929076,14.036634,135.999207,8.628551,0.051441,0.889932,0.078967,0.44625,-7.290199,90.43354,8.407642,0.082592,0.928511,-0.016574,0.361624,-8.073008,53.959198,1.483572,-0.021979,0.948196,0.023622,0.316044,-15.981929,6.810373,0.098643,-0.057579,0.911307,-0.08858,0.397943,4.837394,90.451286,23.056587,-0.001863,0.903174,-0.124996,0.410669,6.116499,54.146267,30.753473,-0.079255,0.875401,-0.067898,0.471998,1.367284,7.813492,41.625446,-0.021979,0.948196,0.023622,0.316044,-7.098279,1.479605,-11.490351,-0.079255,0.875401,-0.067898,0.471998,13.769046,1.138969,35.046078
1126,9.383333,-0.001627,0.90496,0.002326,0.425488,-1.226994,90.440811,15.731496,-0.026523,0.907334,0.075036,0.412809,-1.265385,98.237915,15.753526,-0.02658,0.9098,0.059477,0.409903,-2.937161,113.233017,17.488848,0.063507,0.948419,-0.039203,0.30811,-4.740729,131.645142,19.093927,0.072067,0.976051,-0.070241,0.192866,-1.507243,146.003784,17.039888,0.008964,0.881018,0.115667,0.458638,-7.132558,125.711021,16.099592,0.399609,-0.555349,0.098196,-0.722674,-17.619362,127.918205,1.503798,0.085105,-0.008711,-0.56359,-0.821612,-8.945906,113.95607,-15.75763,0.145223,0.046041,-0.564829,-0.811023,-0.461325,135.472717,-18.323036,-0.174666,0.925615,0.133336,0.30814,-2.092603,125.708008,21.797346,0.326472,0.877039,0.124893,-0.329576,11.471425,130.075089,32.969978,-0.018758,0.232044,0.448463,-0.862951,25.047848,118.387756,17.246927,0.087505,0.079468,0.350568,-0.929048,14.025967,135.990768,8.617725,0.051449,0.889935,0.079033,0.446232,-7.292808,90.431633,8.408695,0.082542,0.928525,-0.016587,0.361598,-8.074023,53.95813,1.480047,-0.021998,0.948218,0.023651,0.315972,-15.979009,6.808561,0.098212,-0.057586,0.91129,-0.08859,0.397977,4.83882,90.449989,23.054296,-0.001859,0.903175,-0.125007,0.410664,6.117797,54.145157,30.752117,-0.079116,0.875387,-0.067863,0.472051,1.367865,7.812646,41.624874,-0.021998,0.948218,0.023651,0.315972,-7.09679,1.478754,-11.492317,-0.079116,0.875387,-0.067863,0.472051,13.769071,1.136938,35.045658
1127,9.391667,-0.00165,0.905013,0.00238,0.425375,-1.226017,90.44001,15.731473,-0.026697,0.907416,0.075425,0.412546,-1.265084,98.237106,15.754114,-0.026441,0.909946,0.059341,0.409608,-2.945787,113.228317,17.498148,0.063693,0.948535,-0.038943,0.307747,-4.742095,131.641327,19.101313,0.071967,0.976133,-0.070839,0.19227,-1.507098,146.000656,17.054483,0.009024,0.881161,0.115602,0.458377,-7.13791,125.707504,16.109571,0.399227,-0.555592,0.098676,-0.722633,-17.633347,127.91449,1.519954,0.084893,-0.009265,-0.563379,-0.821773,-8.977233,113.941513,-15.741417,0.145279,0.045615,-0.564642,-0.811168,-0.481395,135.453766,-18.321846,-0.174653,0.925752,0.13317,0.307808,-2.094167,125.703766,21.803974,0.326517,0.876946,0.124783,-0.329819,11.477435,130.074722,32.965885,-0.01839,0.231762,0.448412,-0.863061,25.044819,118.386665,17.235579,0.087806,0.079048,0.350571,-0.929054,14.015585,135.984879,8.609181,0.051435,0.88995,0.079081,0.446195,-7.293664,90.43087,8.410192,0.082489,0.928626,-0.016547,0.361353,-8.072658,53.957821,1.478862,-0.021536,0.94825,0.023831,0.315896,-15.97192,6.807274,0.097455,-0.057567,0.911284,-0.088612,0.39799,4.84163,90.449158,23.052755,-0.001866,0.903191,-0.125029,0.410622,6.118546,54.144459,30.751541,-0.079332,0.875426,-0.067969,0.471927,1.368853,7.812479,41.626656,-0.021536,0.94825,0.023831,0.315896,-7.09602,1.477992,-11.498152,-0.079332,0.875426,-0.067969,0.471927,13.770005,1.137286,35.046818
1128,9.4,-0.00166,0.905074,0.002392,0.425243,-1.228231,90.439064,15.73215,-0.026744,0.907516,0.075508,0.412307,-1.267521,98.23616,15.754911,-0.026405,0.910072,0.059293,0.409335,-2.950271,113.228462,17.501244,0.063812,0.948601,-0.039079,0.307501,-4.744139,131.641754,19.103895,0.07188,0.976167,-0.071213,0.191992,-1.505607,145.999741,17.053267,0.009164,0.881405,0.115404,0.457956,-7.14223,125.707863,16.114109,0.399375,-0.555822,0.098762,-0.722362,-17.651558,127.914337,1.534419,0.084979,-0.00961,-0.563162,-0.821909,-9.008479,113.931358,-15.725386,0.145249,0.045112,-0.564699,-0.811161,-0.501463,135.437744,-18.320522,-0.174591,0.925852,0.133223,0.307517,-2.095062,125.704208,21.805477,0.326551,0.876856,0.124568,-0.330108,11.483807,130.074509,32.958805,-0.018157,0.231511,0.448433,-0.863123,25.041092,118.384811,17.221014,0.088069,0.078605,0.350629,-0.929045,14.006786,135.983475,8.598503,0.051347,0.889877,0.079206,0.446329,-7.298002,90.42984,8.412629,0.082537,0.928457,-0.016672,0.361769,-8.065976,53.957588,1.47593,-0.02176,0.948278,0.023619,0.315813,-15.973202,6.808204,0.100381,-0.057589,0.9113,-0.088629,0.397944,4.84154,90.448288,23.05167,-0.00187,0.903221,-0.125016,0.41056,6.119796,54.143993,30.752165,-0.078875,0.875474,-0.067758,0.471946,1.371731,7.811713,41.626705,-0.02176,0.948278,0.023619,0.315813,-7.097521,1.475188,-11.493681,-0.078875,0.875474,-0.067758,0.471946,13.76895,1.134339,35.041672
1129,9.408333,-0.001713,0.905129,0.002504,0.425127,-1.226406,90.437233,15.730069,-0.026805,0.907623,0.075621,0.412049,-1.267187,98.234322,15.754065,-0.026375,0.91021,0.059271,0.409034,-2.952708,113.227425,17.50338,0.063757,0.948704,-0.039244,0.307174,-4.744699,131.640869,19.106348,0.071899,0.976212,-0.071513,0.191642,-1.507478,145.998215,17.049162,0.009271,0.881668,0.115202,0.457497,-7.145038,125.706947,16.118439,0.399425,-0.556145,0.098892,-0.722068,-17.669502,127.911652,1.549396,0.084959,-0.010059,-0.562907,-0.822081,-9.044741,113.918114,-15.711011,0.145145,0.044586,-0.564457,-0.811378,-0.524926,135.417114,-18.321829,-0.17464,0.925928,0.133202,0.30727,-2.094089,125.703339,21.806452,0.32667,0.876737,0.124159,-0.330461,11.489664,130.077225,32.952438,-0.017991,0.231345,0.448486,-0.863143,25.032118,118.380058,17.207415,0.088214,0.078212,0.350597,-0.929076,13.996157,135.97995,8.587545,0.051303,0.889927,0.079271,0.446221,-7.298057,90.427994,8.412104,0.082616,0.928481,-0.01666,0.361691,-8.061812,53.956177,1.472651,-0.021665,0.948224,0.023722,0.315973,-15.97566,6.807998,0.093985,-0.05754,0.911388,-0.088718,0.39773,4.845243,90.446472,23.048037,-0.001843,0.903317,-0.125011,0.410351,6.119367,54.142929,30.752745,-0.078571,0.875549,-0.067719,0.471863,1.37169,7.810506,41.626877,-0.021665,0.948224,0.023722,0.315973,-7.096806,1.476967,-11.498567,-0.078571,0.875549,-0.067719,0.471863,13.764247,1.129002,35.037251
1130,9.416667,-0.001678,0.905215,0.002512,0.424942,-1.227912,90.435585,15.731706,-0.0269,0.907722,0.075624,0.411824,-1.268254,98.232674,15.75605,-0.02634,0.910323,0.059264,0.408787,-2.956311,113.228485,17.505005,0.063892,0.948788,-0.039347,0.306874,-4.746593,131.642029,19.108765,0.071858,0.976272,-0.071849,0.191226,-1.505893,145.998154,17.048567,0.009324,0.881964,0.114891,0.457004,-7.148829,125.708176,16.122223,0.39928,-0.55624,0.099287,-0.722021,-17.689594,127.907478,1.564152,0.084826,-0.010677,-0.562827,-0.822142,-9.07362,113.902603,-15.691445,0.145146,0.043965,-0.56441,-0.811444,-0.549755,135.398819,-18.322275,-0.174566,0.926037,0.133251,0.306964,-2.094782,125.704399,21.807484,0.326681,0.876667,0.124139,-0.330641,11.496702,130.077408,32.944378,-0.017717,0.231051,0.44838,-0.863283,25.033131,118.381622,17.193157,0.088372,0.077866,0.35039,-0.929168,13.986725,135.977142,8.577638,0.051265,0.889936,0.079363,0.446193,-7.302548,90.427002,8.416219,0.08262,0.928489,-0.016694,0.361669,-8.060946,53.955971,1.471998,-0.021678,0.948252,0.02362,0.315895,-15.976342,6.807968,0.096403,-0.057495,0.911514,-0.088786,0.397434,4.846725,90.444176,23.047194,-0.001816,0.903451,-0.125004,0.410057,6.118239,54.141151,30.754734,-0.078741,0.875618,-0.067868,0.471686,1.371983,7.808563,41.628761,-0.021678,0.948252,0.02362,0.315895,-7.099557,1.474221,-11.496483,-0.078741,0.875618,-0.067868,0.471686,13.762885,1.12569,35.037415
1131,9.425,-0.001634,0.90528,0.002507,0.424806,-1.230988,90.434341,15.732893,-0.026861,0.90784,0.075671,0.411557,-1.270654,98.231438,15.757458,-0.026326,0.910464,0.059189,0.408484,-2.957741,113.227356,17.508707,0.063904,0.948881,-0.039401,0.306576,-4.745866,131.641251,19.110741,0.071811,0.976317,-0.072192,0.190885,-1.505491,145.99707,17.047802,0.011962,0.885335,0.110601,0.45145,-7.150438,125.707077,16.126734,0.401929,-0.554371,0.09684,-0.722321,-17.871914,127.898872,1.700082,0.088335,-0.012757,-0.561796,-0.822447,-9.134082,113.942398,-15.533449,0.144492,0.04316,-0.56439,-0.811618,-0.567759,135.373779,-18.328724,-0.17465,0.926124,0.133407,0.306586,-2.092613,125.703896,21.808638,0.326666,0.876577,0.123956,-0.330963,11.506234,130.080368,32.935188,-0.017688,0.230671,0.448319,-0.863417,25.03298,118.385605,17.174881,0.088721,0.078101,0.35005,-0.929244,13.976211,135.980881,8.572127,0.05123,0.889969,0.079461,0.446114,-7.307841,90.426468,8.419245,0.082616,0.92838,-0.016714,0.361946,-8.061264,53.956329,1.469842,-0.021602,0.948258,0.023491,0.315892,-15.97662,6.808334,0.093778,-0.057481,0.911549,-0.088825,0.397346,4.845866,90.442215,23.046541,-0.001791,0.903568,-0.124989,0.409805,6.116061,54.13958,30.756145,-0.078281,0.875632,-0.067664,0.471766,1.371275,7.806617,41.629227,-0.021602,0.948258,0.023491,0.315892,-7.101126,1.470296,-11.498122,-0.078281,0.875632,-0.067664,0.471766,13.759179,1.121569,35.034439
1132,9.433333,-0.001698,0.905364,0.002534,0.424625,-1.230114,90.432648,15.734927,-0.027099,0.907955,0.075792,0.411264,-1.270872,98.229729,15.75946,-0.026212,0.910621,0.05914,0.408147,-2.965729,113.227188,17.511873,0.064193,0.94895,-0.039723,0.306261,-4.748681,131.641525,19.114658,0.071594,0.976382,-0.072444,0.190538,-1.498739,145.994064,17.044024,0.009559,0.882522,0.114589,0.455996,-7.156774,125.707771,16.132652,0.399618,-0.556688,0.099536,-0.721454,-17.7307,127.905594,1.598433,0.084913,-0.011903,-0.562341,-0.822448,-9.140871,113.877335,-15.651194,0.144615,0.042647,-0.564555,-0.811508,-0.593507,135.356552,-18.329247,-0.174656,0.926243,0.133401,0.306224,-2.09468,125.703682,21.810747,0.326657,0.876511,0.123808,-0.331203,11.512089,130.082932,32.926498,-0.01753,0.230437,0.448242,-0.863522,25.031519,118.388664,17.159567,0.088805,0.077877,0.350159,-0.929213,13.966994,135.980988,8.561662,0.051212,0.890025,0.07954,0.445988,-7.309878,90.423874,8.423705,0.082576,0.928525,-0.016623,0.361588,-8.060452,53.954529,1.469782,-0.021327,0.948279,0.023667,0.315837,-15.969636,6.805602,0.090086,-0.057434,0.91159,-0.088845,0.397254,4.849649,90.441422,23.04615,-0.001789,0.903755,-0.125029,0.40938,6.116827,54.138649,30.755619,-0.078172,0.875735,-0.067697,0.471586,1.375384,7.806659,41.634296,-0.021327,0.948279,0.023667,0.315837,-7.097935,1.469776,-11.505728,-0.078172,0.875735,-0.067697,0.471586,13.758944,1.118559,35.034466
1133,9.441667,-0.001759,0.905425,0.00262,0.424495,-1.227395,90.431839,15.738254,-0.027185,0.908049,0.075792,0.411051,-1.269572,98.228912,15.763608,-0.026227,0.910731,0.05911,0.407906,-2.966492,113.227203,17.515459,0.064171,0.94905,-0.039802,0.305946,-4.749094,131.641632,19.117481,0.071625,0.97644,-0.072729,0.190121,-1.500272,145.993881,17.043003,0.009692,0.882819,0.114365,0.455475,-7.158598,125.707542,16.137295,0.399988,-0.556942,0.09949,-0.721059,-17.749638,127.903839,1.615307,0.085069,-0.012382,-0.56221,-0.822514,-9.17285,113.864372,-15.631694,0.14455,0.042032,-0.564631,-0.811499,-0.619116,135.338348,-18.331705,-0.174926,0.92629,0.133452,0.305904,-2.093513,125.704109,21.812721,0.326519,0.87657,0.123591,-0.331264,11.516944,130.093689,32.919888,-0.017465,0.230463,0.447931,-0.863678,25.038742,118.401215,17.153658,0.088532,0.077505,0.349558,-0.929497,13.963352,135.982162,8.552476,0.051212,0.890107,0.079592,0.445816,-7.309257,90.422707,8.428774,0.082539,0.928533,-0.016623,0.361576,-8.059456,53.953987,1.471593,-0.0214,0.948309,0.023691,0.315738,-15.965387,6.804475,0.093294,-0.057388,0.911651,-0.088857,0.397118,4.854467,90.440971,23.047733,-0.001768,0.903786,-0.125055,0.409303,6.11933,54.13797,30.75651,-0.078127,0.87575,-0.067676,0.471569,1.376041,7.80659,41.63699,-0.0214,0.948309,0.023691,0.315738,-7.095218,1.469992,-11.504314,-0.078127,0.87575,-0.067676,0.471569,13.758895,1.118215,35.036106
1134,9.45,-0.001368,0.905532,0.00242,0.424269,-1.240419,90.438698,15.743673,-0.026947,0.90816,0.075748,0.410829,-1.275751,98.235809,15.768792,-0.026364,0.910827,0.059009,0.407696,-2.964241,113.226677,17.521896,0.064028,0.949103,-0.040284,0.305747,-4.749571,131.641296,19.118841,0.071614,0.976465,-0.072685,0.190012,-1.501266,145.991394,17.028841,0.012287,0.886203,0.109787,0.449934,-7.159276,125.705788,16.141598,0.402459,-0.554998,0.097,-0.721522,-17.929949,127.889038,1.750347,0.088516,-0.014266,-0.561467,-0.822628,-9.226792,113.904716,-15.478143,0.144479,0.041368,-0.564867,-0.811382,-0.645783,135.320358,-18.334427,-0.174945,0.926386,0.133431,0.305613,-2.091703,125.705124,21.814806,0.326478,0.876544,0.123335,-0.331469,11.524974,130.097565,32.913212,-0.017308,0.230307,0.447806,-0.863788,25.041597,118.404366,17.143078,0.088631,0.077241,0.349504,-0.92953,13.957039,135.982254,8.542929,0.051026,0.890081,0.079728,0.445866,-7.32595,90.434662,8.437243,0.08252,0.928567,-0.016557,0.361497,-8.058928,53.966129,1.477247,-0.021335,0.948358,0.023339,0.315622,-15.961117,6.816116,0.094436,-0.05753,0.911692,-0.088822,0.397012,4.845112,90.442734,23.050102,-0.001709,0.903858,-0.125022,0.409154,6.121472,54.140484,30.760511,-0.078135,0.875758,-0.067713,0.471549,1.376099,7.808301,41.636673,-0.021335,0.948358,0.023339,0.315622,-7.095543,1.471225,-11.501895,-0.078135,0.875758,-0.067713,0.471549,13.758546,1.119142,35.035816
1135,9.458333,-0.001561,0.90565,0.002744,0.424015,-1.238854,90.444824,15.745413,-0.02697,0.908289,0.07569,0.410555,-1.279042,98.241898,15.77385,-0.026392,0.910955,0.058975,0.407415,-2.966209,113.226845,17.524879,0.06407,0.949203,-0.040328,0.305422,-4.751465,131.641556,19.120804,0.071613,0.976525,-0.072971,0.189592,-1.502859,145.991257,17.028481,0.012319,0.886413,0.109635,0.449556,-7.162701,125.705597,16.145716,0.402657,-0.555179,0.097177,-0.721249,-17.945631,127.886009,1.763211,0.088439,-0.01487,-0.561474,-0.822621,-9.253678,113.888153,-15.459951,0.144386,0.040543,-0.565131,-0.811256,-0.673993,135.301102,-18.337355,-0.174966,0.926466,0.133394,0.305375,-2.091655,125.705811,21.815825,0.326499,0.876482,0.123258,-0.33164,11.530018,130.101044,32.906998,-0.017098,0.230037,0.447792,-0.863871,25.040579,118.407715,17.131763,0.088819,0.076895,0.349658,-0.929482,13.949185,135.985458,8.536429,0.051108,0.890188,0.07961,0.445663,-7.328472,90.440079,8.442388,0.08199,0.928821,-0.016372,0.360973,-8.072344,53.970779,1.487556,-0.021196,0.948682,0.023526,0.314641,-15.922159,6.811831,0.111163,-0.057426,0.911681,-0.088779,0.397063,4.850765,90.449577,23.048439,-0.001701,0.903722,-0.125055,0.409444,6.120985,54.145859,30.752954,-0.079391,0.875542,-0.068268,0.47166,1.370182,7.814455,41.630035,-0.021196,0.948682,0.023526,0.314641,-7.081331,1.470402,-11.505638,-0.079391,0.875542,-0.068268,0.47166,13.766236,1.132367,35.047585
1136,9.466667,-0.00153,0.90573,0.002754,0.423845,-1.241879,90.445297,15.749362,-0.027061,0.908347,0.075642,0.410429,-1.281697,98.242371,15.77815,-0.026367,0.910996,0.059271,0.407281,-2.971692,113.237419,17.52813,0.06395,0.949274,-0.041054,0.305129,-4.760352,131.650879,19.134666,0.07174,0.976564,-0.073095,0.189296,-1.509925,145.996857,17.019846,0.009635,0.88357,0.113601,0.454208,-7.171215,125.716042,16.15704,0.40043,-0.557504,0.099794,-0.720338,-17.804014,127.892998,1.662688,0.08493,-0.014137,-0.562059,-0.822603,-9.259944,113.824043,-15.576531,0.144141,0.040016,-0.565762,-0.810886,-0.702044,135.283905,-18.339148,-0.174866,0.926676,0.133321,0.304827,-2.098499,125.714233,21.825647,0.326621,0.876411,0.1227,-0.331913,11.536534,130.110886,32.899815,-0.016979,0.229962,0.447787,-0.863896,25.034641,118.406334,17.122253,0.088888,0.076659,0.349759,-0.929457,13.942024,135.98233,8.527619,0.051087,0.890262,0.079694,0.445504,-7.334241,90.441147,8.448631,0.081932,0.92891,-0.016321,0.360759,-8.075194,53.972672,1.489162,-0.021172,0.948722,0.023479,0.314526,-15.918427,6.812653,0.111987,-0.05741,0.911805,-0.088807,0.396772,4.850484,90.449455,23.050095,-0.001661,0.903924,-0.125062,0.408996,6.121261,54.145981,30.755678,-0.079384,0.875596,-0.06836,0.471547,1.372145,7.814738,41.63419,-0.021172,0.948722,0.023479,0.314526,-7.080811,1.469659,-11.50653,-0.079384,0.875596,-0.06836,0.471547,13.765833,1.130035,35.04995
1137,9.475,-0.001499,0.905798,0.002695,0.423699,-1.243192,90.444824,15.753656,-0.026846,0.908431,0.07569,0.410248,-1.282175,98.241905,15.781816,-0.026606,0.911071,0.059118,0.40712,-2.966197,113.234779,17.53586,0.063435,0.949399,-0.041106,0.304841,-4.760319,131.648438,19.133923,0.072066,0.976594,-0.073262,0.188952,-1.52478,145.996704,17.011673,0.009663,0.883839,0.113447,0.453724,-7.170203,125.711372,16.159979,0.400478,-0.557709,0.099904,-0.720137,-17.818922,127.884781,1.676774,0.084843,-0.014679,-0.562035,-0.822619,-9.2868,113.807831,-15.561831,0.14421,0.039231,-0.566494,-0.810401,-0.728579,135.264572,-18.342775,-0.174919,0.926749,0.133189,0.30463,-2.095685,125.713982,21.826975,0.326888,0.876279,0.123035,-0.331876,11.543027,130.115295,32.894768,-0.016592,0.229874,0.447764,-0.863939,25.034023,118.406738,17.114084,0.088843,0.076722,0.349526,-0.929544,13.939747,135.976883,8.515487,0.050791,0.890347,0.08017,0.445282,-7.337912,90.440712,8.454889,0.082898,0.928616,-0.016599,0.361282,-8.045196,53.975666,1.474005,-0.020979,0.948177,0.022985,0.316216,-15.982409,6.831762,0.083603,-0.057424,0.911876,-0.088823,0.396605,4.851529,90.448936,23.052423,-0.001601,0.90397,-0.125064,0.408894,6.124167,54.145782,30.759188,-0.078371,0.875662,-0.067681,0.471691,1.370956,7.814571,41.636044,-0.020979,0.948177,0.022985,0.316216,-7.107374,1.473932,-11.499514,-0.078371,0.875662,-0.067681,0.471691,13.758591,1.130287,35.039989
1138,9.483333,-0.001537,0.905862,0.002686,0.423563,-1.241206,90.444031,15.758417,-0.027263,0.908529,0.075709,0.409999,-1.280654,98.241112,15.78621,-0.02643,0.911218,0.059056,0.406811,-2.976117,113.234734,17.536184,0.063264,0.949511,-0.041244,0.30451,-4.762821,131.649017,19.135462,0.072205,0.976623,-0.073452,0.188675,-1.532102,145.99733,17.006353,0.009676,0.884024,0.113338,0.45339,-7.176819,125.712753,16.163221,0.40075,-0.557882,0.100054,-0.719831,-17.836485,127.883461,1.687676,0.085,-0.015079,-0.562011,-0.822613,-9.314983,113.792274,-15.544559,0.14448,0.038525,-0.567387,-0.809762,-0.756157,135.245987,-18.34481,-0.1749,0.92685,0.133137,0.304358,-2.098331,125.713646,21.826658,0.326699,0.876364,0.122316,-0.332103,11.54664,130.116821,32.885986,-0.01655,0.22988,0.447557,-0.864045,25.036324,118.404785,17.106768,0.089034,0.076467,0.349722,-0.929473,13.932577,135.970596,8.504851,0.0509,0.890457,0.080019,0.445075,-7.338116,90.439201,8.461482,0.082443,0.928707,-0.016511,0.361157,-8.05922,53.973175,1.487114,-0.021481,0.94851,0.023252,0.315163,-15.953514,6.821799,0.10579,-0.057347,0.911928,-0.088789,0.396503,4.855704,90.448868,23.055353,-0.001651,0.90383,-0.125031,0.409213,6.125059,54.144623,30.757486,-0.079311,0.875606,-0.068407,0.471535,1.37364,7.812631,41.631813,-0.021481,0.94851,0.023252,0.315163,-7.097754,1.475719,-11.497486,-0.079311,0.875606,-0.068407,0.471535,13.766071,1.125671,35.047497
1139,9.491667,-0.001603,0.905892,0.002475,0.423499,-1.238886,90.441582,15.765322,-0.027367,0.908616,0.075744,0.409795,-1.277872,98.23867,15.789694,-0.026495,0.91133,0.05899,0.406567,-2.976374,113.232956,17.539843,0.063096,0.949597,-0.041427,0.304249,-4.763861,131.6474,19.136381,0.072273,0.976654,-0.073588,0.188436,-1.537226,145.995483,16.999495,0.009692,0.884233,0.113163,0.453026,-7.178895,125.710342,16.16659,0.400896,-0.558107,0.100188,-0.719557,-17.850513,127.877296,1.699284,0.085074,-0.015488,-0.562039,-0.822578,-9.342246,113.774658,-15.530117,0.144864,0.037911,-0.568075,-0.80924,-0.785764,135.226135,-18.34795,-0.174993,0.926913,0.133039,0.304155,-2.097438,125.712799,21.827366,0.32684,0.876342,0.12215,-0.332084,11.550813,130.121582,32.880417,-0.016379,0.230096,0.44746,-0.864041,25.036701,118.401268,17.104095,0.089076,0.076771,0.349138,-0.929664,13.934702,135.959732,8.491206,0.050844,0.890555,0.080272,0.44484,-7.336814,90.433899,8.469237,0.082817,0.928659,-0.016636,0.361189,-8.047642,53.970451,1.480325,-0.021603,0.948289,0.023129,0.315826,-15.979105,6.82537,0.096815,-0.057348,0.911965,-0.088777,0.396421,4.859043,90.449265,23.061405,-0.001616,0.903821,-0.12504,0.40923,6.129457,54.144859,30.762661,-0.078302,0.87566,-0.067663,0.47171,1.374454,7.813066,41.636276,-0.021603,0.948289,0.023129,0.315826,-7.106315,1.477322,-11.49254,-0.078302,0.87566,-0.067663,0.47171,13.761683,1.128182,35.040062
1140,9.5,-0.00164,0.905957,0.002538,0.423358,-1.237922,90.441208,15.768594,-0.02739,0.908705,0.075748,0.409594,-1.277845,98.238297,15.793621,-0.02658,0.911427,0.058924,0.406354,-2.976672,113.232925,17.54402,0.063105,0.949666,-0.041696,0.303998,-4.765656,131.647491,19.137449,0.072232,0.976708,-0.073647,0.18815,-1.537428,145.993942,16.99205,0.00963,0.884416,0.113067,0.452693,-7.181323,125.709496,16.170021,0.401181,-0.558447,0.100167,-0.719137,-17.863903,127.871574,1.71008,0.085164,-0.015739,-0.562049,-0.822557,-9.373563,113.757599,-15.518867,0.14519,0.037403,-0.568195,-0.80912,-0.81796,135.207932,-18.348671,-0.175007,0.927002,0.13291,0.303933,-2.097293,125.713791,21.828485,0.326873,0.876343,0.121786,-0.332183,11.555667,130.126068,32.874321,-0.016177,0.230092,0.447386,-0.864084,25.037384,118.399178,17.099337,0.089367,0.076691,0.348995,-0.929696,13.932055,135.95401,8.481819,0.050852,0.890599,0.08034,0.44474,-7.338119,90.433388,8.474407,0.082776,0.928712,-0.016557,0.361066,-8.048031,53.970821,1.480843,-0.02197,0.948305,0.022964,0.315766,-15.973407,6.824851,0.092826,-0.0574,0.911867,-0.088679,0.396662,4.862274,90.449028,23.06278,-0.001582,0.903768,-0.125079,0.409336,6.137136,54.143787,30.759338,-0.079357,0.875602,-0.068433,0.47153,1.376467,7.812911,41.634369,-0.02197,0.948305,0.022964,0.315766,-7.098606,1.475709,-11.494479,-0.079357,0.875602,-0.068433,0.47153,13.769224,1.12604,35.050575
1141,9.508333,-0.001676,0.90605,0.002545,0.42316,-1.236456,90.441582,15.774195,-0.027235,0.908791,0.075743,0.409413,-1.276927,98.238663,15.799091,-0.026823,0.911493,0.058794,0.406206,-2.970817,113.231255,17.551344,0.062975,0.949736,-0.041783,0.303794,-4.765824,131.645905,19.137022,0.07226,0.976752,-0.073775,0.187858,-1.541231,145.992508,16.987137,0.009603,0.884629,0.112949,0.452307,-7.180254,125.705734,16.172955,0.401456,-0.55872,0.10023,-0.718763,-17.875483,127.863541,1.721731,0.085306,-0.016053,-0.562135,-0.822477,-9.400249,113.736641,-15.504071,0.145605,0.037059,-0.568221,-0.809043,-0.849078,135.188156,-18.350082,-0.175106,0.927045,0.132846,0.303771,-2.094599,125.714348,21.829952,0.327002,0.876297,0.121675,-0.332219,11.560675,130.131714,32.870888,-0.015836,0.230118,0.447276,-0.864141,25.037245,118.398605,17.096119,0.089523,0.076813,0.348959,-0.929685,13.927856,135.947006,8.469951,0.050806,0.890722,0.080419,0.444484,-7.339832,90.433182,8.482671,0.082857,0.928702,-0.016566,0.361073,-8.046059,53.971203,1.485654,-0.021242,0.948266,0.023341,0.315905,-15.978815,6.826535,0.095583,-0.057409,0.911901,-0.08875,0.396564,4.86692,90.449974,23.06572,-0.001569,0.903753,-0.125078,0.409369,6.141064,54.145741,30.767124,-0.078561,0.875722,-0.067691,0.471548,1.378894,7.814855,41.641445,-0.021242,0.948266,0.023341,0.315905,-7.107365,1.480932,-11.495919,-0.078561,0.875722,-0.067691,0.471548,13.766307,1.132823,35.042698
1142,9.516667,-0.001728,0.906139,0.002582,0.422969,-1.236502,90.44207,15.77887,-0.027227,0.90887,0.075708,0.409246,-1.277945,98.239151,15.80396,-0.026925,0.911564,0.058694,0.406056,-2.970677,113.230362,17.555485,0.063002,0.949789,-0.042063,0.303583,-4.767384,131.645248,19.136515,0.072214,0.976807,-0.073802,0.187582,-1.540453,145.990067,16.978176,0.009603,0.884887,0.112727,0.451858,-7.182034,125.703957,16.174887,0.401794,-0.558875,0.100287,-0.718444,-17.891966,127.856377,1.733752,0.085669,-0.016283,-0.562236,-0.822366,-9.425576,113.717041,-15.486198,0.146146,0.037073,-0.568396,-0.808822,-0.880002,135.168396,-18.350838,-0.1752,0.92711,0.132632,0.303613,-2.094607,125.714767,21.830286,0.32716,0.876268,0.12144,-0.332224,11.562957,130.138809,32.865719,-0.015479,0.230136,0.447259,-0.864151,25.034428,118.395805,17.093948,0.089918,0.076837,0.348912,-0.929662,13.924938,135.939743,8.459966,0.050768,0.890766,0.080497,0.444385,-7.342956,90.433075,8.489923,0.082915,0.928718,-0.016575,0.361018,-8.044836,53.971733,1.489107,-0.021726,0.948269,0.023145,0.315876,-15.983099,6.828013,0.098264,-0.057419,0.911907,-0.088737,0.396554,4.869951,90.451073,23.067818,-0.001518,0.903828,-0.125082,0.409203,6.145229,54.146748,30.768633,-0.078572,0.875705,-0.067761,0.471568,1.380479,7.815945,41.64217,-0.021726,0.948269,0.023145,0.315876,-7.107704,1.4816,-11.489844,-0.078572,0.875705,-0.067761,0.471568,13.768014,1.132523,35.045059
1143,9.525,-0.001709,0.906213,0.00253,0.42281,-1.238381,90.440964,15.78494,-0.027292,0.908968,0.07567,0.409031,-1.279209,98.238052,15.809424,-0.026985,0.911672,0.058579,0.405825,-2.972824,113.22905,17.559443,0.062844,0.949887,-0.042124,0.303299,-4.769422,131.644302,19.136164,0.072307,0.976852,-0.073928,0.187259,-1.547439,145.989563,16.973412,0.009476,0.88503,0.112641,0.451603,-7.185324,125.702095,16.177412,0.401796,-0.55906,0.100703,-0.718241,-17.903717,127.848053,1.741587,0.085675,-0.016671,-0.562388,-0.822254,-9.451161,113.691864,-15.471305,0.146506,0.037088,-0.568061,-0.808992,-0.913499,135.146088,-18.35166,-0.175219,0.927152,0.132433,0.30356,-2.095089,125.714699,21.830282,0.327285,0.876239,0.121269,-0.33224,11.563398,130.14209,32.863228,-0.015112,0.230241,0.447193,-0.864164,25.03046,118.391754,17.093172,0.090148,0.076877,0.349026,-0.929593,13.920366,135.929871,8.447454,0.050749,0.89086,0.080624,0.444177,-7.347391,90.431854,8.498134,0.082961,0.928732,-0.016536,0.360972,-8.04541,53.971905,1.48973,-0.021606,0.948233,0.023096,0.315996,-15.986488,6.8288,0.094233,-0.057447,0.912044,-0.088664,0.396251,4.870629,90.450073,23.071747,-0.001399,0.903854,-0.125116,0.409135,6.152537,54.145027,30.768036,-0.078568,0.875677,-0.067772,0.471619,1.376987,7.814994,41.640133,-0.021606,0.948233,0.023096,0.315996,-7.109632,1.479947,-11.491634,-0.078568,0.875677,-0.067772,0.471619,13.765266,1.131425,35.044563
1144,9.533333,-0.001889,0.906214,0.002367,0.422808,-1.229945,90.43615,15.793768,-0.027535,0.90901,0.075715,0.408913,-1.272248,98.233238,15.814765,-0.027063,0.911743,0.05847,0.405678,-2.973201,113.226509,17.563538,0.062667,0.94996,-0.042309,0.303083,-4.770565,131.64209,19.135683,0.072387,0.976889,-0.073989,0.187014,-1.552749,145.987122,16.965244,0.009423,0.885254,0.112423,0.451218,-7.186979,125.698875,16.179337,0.402332,-0.55907,0.100899,-0.717906,-17.917994,127.838051,1.751886,0.086116,-0.017071,-0.562645,-0.822024,-9.467862,113.6623,-15.446089,0.146821,0.037342,-0.568001,-0.808964,-0.943474,135.120438,-18.354429,-0.175309,0.927225,0.132375,0.303312,-2.094995,125.713409,21.830627,0.327454,0.876219,0.120866,-0.332274,11.567809,130.146103,32.856094,-0.01486,0.230398,0.447131,-0.864158,25.028538,118.382835,17.090269,0.090369,0.077063,0.348848,-0.929624,13.91937,135.915634,8.433521,0.051057,0.890909,0.080538,0.444058,-7.33898,90.42263,8.50699,0.082481,0.928698,-0.01634,0.361178,-8.061138,53.963982,1.494277,-0.020938,0.948399,0.023436,0.31552,-15.952865,6.812674,0.096246,-0.0573,0.912261,-0.088661,0.395772,4.879091,90.449669,23.080545,-0.001291,0.904179,-0.12511,0.408419,6.1552,54.143326,30.771732,-0.079432,0.875694,-0.068403,0.47135,1.379128,7.813129,41.642899,-0.020938,0.948399,0.023436,0.31552,-7.093774,1.466656,-11.504514,-0.079432,0.875694,-0.068403,0.47135,13.769956,1.127526,35.054176
1145,9.541667,-0.0019,0.906287,0.002402,0.422651,-1.230297,90.434982,15.798193,-0.027411,0.909101,0.075934,0.408678,-1.272978,98.232063,15.819613,-0.027251,0.91186,0.058002,0.405469,-2.971833,113.21627,17.575434,0.062488,0.95004,-0.042271,0.302875,-4.768146,131.633499,19.129366,0.072409,0.976931,-0.074037,0.186764,-1.556408,145.97966,16.957417,0.009446,0.885493,0.112277,0.450784,-7.185949,125.687302,16.180185,0.402734,-0.559174,0.100946,-0.717593,-17.931114,127.823151,1.762782,0.086324,-0.017495,-0.562847,-0.821855,-9.486969,113.634575,-15.427555,0.147181,0.037039,-0.567357,-0.809365,-0.973912,135.093872,-18.358183,-0.175448,0.927235,0.1321,0.30332,-2.091541,125.707542,21.829271,0.327655,0.876157,0.120827,-0.332251,11.56931,130.147964,32.85405,-0.014461,0.230495,0.447064,-0.864174,25.024452,118.376472,17.089582,0.090564,0.077306,0.348827,-0.929592,13.914232,135.903519,8.420569,0.051027,0.890951,0.080553,0.443974,-7.341853,90.421539,8.51353,0.082396,0.928777,-0.016267,0.360997,-8.062196,53.962837,1.500861,-0.020853,0.948458,0.023505,0.315341,-15.944171,6.80995,0.100787,-0.057384,0.912367,-0.088657,0.395517,4.881258,90.448418,23.082857,-0.001203,0.904241,-0.12512,0.408279,6.16532,54.14275,30.775833,-0.078138,0.875857,-0.067956,0.471329,1.382915,7.812762,41.645096,-0.020853,0.948458,0.023505,0.315341,-7.090142,1.464948,-11.504308,-0.078138,0.875857,-0.067956,0.471329,13.760647,1.117288,35.041809
1146,9.55,-0.001754,0.906366,0.002277,0.422484,-1.232759,90.431557,15.803096,-0.027431,0.909155,0.075951,0.408555,-1.272559,98.228661,15.82372,-0.027364,0.911907,0.05789,0.405371,-2.972091,113.214203,17.580137,0.062431,0.950096,-0.042359,0.302698,-4.770414,131.631683,19.128769,0.072445,0.976973,-0.074156,0.186487,-1.56019,145.977615,16.953072,0.009366,0.885777,0.111938,0.450312,-7.188055,125.684273,16.181894,0.402894,-0.559197,0.101152,-0.717456,-17.948681,127.810219,1.774554,0.08638,-0.01799,-0.562953,-0.821766,-9.507768,113.610519,-15.40819,0.147141,0.03694,-0.566885,-0.809707,-1.001255,135.069061,-18.359512,-0.175197,0.927365,0.131745,0.303223,-2.092528,125.706902,21.829966,0.327915,0.876033,0.121113,-0.332218,11.573634,130.144089,32.849472,-0.013958,0.230353,0.447096,-0.864204,25.021711,118.368042,17.082376,0.090915,0.077389,0.348671,-0.92961,13.90996,135.891418,8.40856,0.050876,0.891011,0.080696,0.443846,-7.34701,90.419617,8.52069,0.082549,0.928793,-0.016256,0.360923,-8.053638,53.961479,1.503682,-0.020952,0.948415,0.023448,0.315468,-15.948817,6.810966,0.097963,-0.057475,0.912432,-0.088663,0.395353,4.881492,90.443504,23.085503,-0.001179,0.904179,-0.125104,0.408422,6.17294,54.13868,30.781263,-0.078009,0.875873,-0.067717,0.471355,1.387389,7.808304,41.647518,-0.020952,0.948415,0.023448,0.315468,-7.090804,1.465385,-11.503825,-0.078009,0.875873,-0.067717,0.471355,13.765197,1.116459,35.040688
1147,9.558333,-0.002198,0.906412,0.002559,0.422382,-1.219488,90.425117,15.805253,-0.027548,0.909208,0.076087,0.408403,-1.267407,98.222168,15.826949,-0.027484,0.911973,0.057807,0.405225,-2.972335,113.213692,17.58671,0.062408,0.950164,-0.042512,0.302468,-4.773197,131.631287,19.13101,0.072487,0.977022,-0.074322,0.186147,-1.563216,145.97644,16.949833,0.009071,0.885971,0.111897,0.449946,-7.190752,125.682701,16.186432,0.40325,-0.559409,0.101108,-0.717098,-17.963493,127.797089,1.786445,0.086541,-0.018302,-0.5629,-0.821778,-9.533403,113.587105,-15.393116,0.146998,0.036842,-0.566476,-0.810024,-1.024824,135.042099,-18.360327,-0.17527,0.927442,0.131437,0.303077,-2.093534,125.707649,21.832968,0.327988,0.876055,0.120387,-0.332353,11.574918,130.151871,32.846802,-0.01361,0.230433,0.447069,-0.864202,25.01646,118.36171,17.084673,0.091611,0.077561,0.349306,-0.929289,13.904968,135.881012,8.40049,0.050978,0.891152,0.08065,0.443559,-7.335347,90.407791,8.524207,0.0826,0.928841,-0.016241,0.360788,-8.052524,53.949867,1.507154,-0.021326,0.948399,0.023659,0.315477,-15.951887,6.800115,0.099516,-0.057388,0.912465,-0.08876,0.395267,4.896372,90.442444,23.0863,-0.001082,0.904269,-0.125118,0.408218,6.179778,54.138165,30.785994,-0.078144,0.875883,-0.067707,0.471316,1.387716,7.808101,41.650696,-0.021326,0.948399,0.023659,0.315477,-7.088949,1.463914,-11.502835,-0.078144,0.875883,-0.067707,0.471316,13.766485,1.118461,35.043427
1148,9.566667,-0.00224,0.906505,0.00265,0.422181,-1.217319,90.424026,15.80827,-0.02759,0.909277,0.076166,0.408231,-1.266426,98.221069,15.830991,-0.027611,0.912043,0.057658,0.405081,-2.97316,113.212227,17.592754,0.061994,0.950243,-0.042924,0.302246,-4.775854,131.630188,19.130383,0.072729,0.977038,-0.074235,0.186004,-1.574654,145.974854,16.933098,0.009006,0.886228,0.111531,0.449533,-7.193544,125.680161,16.18885,0.403615,-0.55947,0.101262,-0.716822,-17.979801,127.78492,1.797575,0.086715,-0.018783,-0.562927,-0.82173,-9.554462,113.560059,-15.371993,0.146746,0.036817,-0.565975,-0.810421,-1.048236,135.012482,-18.362183,-0.175405,0.927491,0.131303,0.302908,-2.09465,125.707947,21.83386,0.328447,0.875905,0.120504,-0.332253,11.575792,130.159286,32.842346,-0.012995,0.230354,0.447193,-0.864168,25.006119,118.353561,17.082312,0.091906,0.077548,0.349576,-0.929159,13.898075,135.870407,8.389293,0.051076,0.891078,0.080732,0.443682,-7.336397,90.4067,8.529928,0.082543,0.928764,-0.016292,0.360996,-8.056326,53.950512,1.50417,-0.0212,0.948399,0.023803,0.315474,-15.952128,6.800029,0.101228,-0.057379,0.912442,-0.088768,0.395319,4.901759,90.441353,23.086611,-0.001054,0.904233,-0.125141,0.40829,6.183856,54.137085,30.786592,-0.078307,0.875885,-0.067699,0.471286,1.387632,7.807574,41.651806,-0.0212,0.948399,0.023803,0.315474,-7.090186,1.466616,-11.503161,-0.078307,0.875885,-0.067699,0.471286,13.767806,1.120555,35.044521
1149,9.575,-0.002246,0.906576,0.002609,0.422029,-1.219549,90.424072,15.814832,-0.027563,0.909349,0.076164,0.408073,-1.268481,98.221115,15.836935,-0.027799,0.912109,0.057496,0.404942,-2.973923,113.21032,17.599037,0.062081,0.95031,-0.042932,0.302015,-4.780346,131.628601,19.128653,0.072791,0.977098,-0.074409,0.185592,-1.577589,145.972839,16.930866,0.009108,0.886594,0.110259,0.449122,-7.197503,125.676659,16.190538,0.403865,-0.559466,0.101264,-0.716684,-17.997047,127.762474,1.806474,0.086912,-0.019065,-0.562966,-0.821676,-9.571557,113.531639,-15.358071,0.146589,0.037093,-0.565468,-0.810791,-1.067704,134.983353,-18.364429,-0.175445,0.927551,0.131198,0.302746,-2.097065,125.708199,21.834129,0.328797,0.875768,0.119797,-0.332522,11.576417,130.163177,32.837357,-0.012822,0.230443,0.447483,-0.863997,24.987259,118.335342,17.077328,0.092284,0.077439,0.349866,-0.929021,13.891649,135.860031,8.37849,0.050919,0.891284,0.080769,0.443278,-7.341068,90.406281,8.538548,0.082672,0.928915,-0.016154,0.360585,-8.05257,53.949348,1.515798,-0.021045,0.948352,0.023852,0.315621,-15.95558,6.800464,0.099628,-0.057365,0.912421,-0.088742,0.395376,4.90197,90.441864,23.091116,-0.001059,0.904265,-0.12508,0.408239,6.18344,54.137146,30.789078,-0.078385,0.875855,-0.067736,0.471322,1.390664,7.806164,41.649555,-0.021045,0.948352,0.023852,0.315621,-7.091596,1.466982,-11.503166,-0.078385,0.875855,-0.067736,0.471322,13.77216,1.119621,35.044277
1150,9.583333,-0.002221,0.90664,0.002559,0.421891,-1.220769,90.42305,15.820148,-0.027601,0.909413,0.076151,0.407931,-1.269008,98.2201,15.841722,-0.027828,0.912179,0.057356,0.404803,-2.975001,113.208771,17.603188,0.061913,0.95038,-0.043089,0.301809,-4.780062,131.627579,19.127922,0.072854,0.977134,-0.074462,0.185359,-1.581407,145.971695,16.923363,0.009029,0.886917,0.110303,0.448475,-7.198393,125.674889,16.192286,0.404299,-0.559423,0.101431,-0.716449,-18.019047,127.756393,1.823467,0.087409,-0.019602,-0.562891,-0.821662,-9.592848,113.510239,-15.328026,0.146225,0.037715,-0.5652,-0.811014,-1.08612,134.955933,-18.367588,-0.175439,0.927605,0.130919,0.302705,-2.096257,125.707855,21.834335,0.329145,0.875657,0.119575,-0.332552,11.578215,130.166214,32.834965,-0.012305,0.230595,0.447593,-0.863907,24.977177,118.322266,17.076933,0.092325,0.076821,0.35005,-0.928999,13.890335,135.842316,8.363711,0.050907,0.891302,0.08085,0.443229,-7.344504,90.405296,8.545726,0.082674,0.928919,-0.016123,0.360576,-8.052938,53.949249,1.518089,-0.021073,0.948357,0.02385,0.315605,-15.955089,6.800303,0.099239,-0.0574,0.912526,-0.088687,0.39514,4.902965,90.440811,23.094568,-0.001,0.904202,-0.125131,0.408363,6.190418,54.13567,30.789486,-0.07825,0.875881,-0.067696,0.471303,1.389067,7.805905,41.651367,-0.021073,0.948357,0.02385,0.315605,-7.091198,1.467025,-11.503722,-0.07825,0.875881,-0.067696,0.471303,13.768883,1.118106,35.044205
1151,9.591667,-0.002202,0.906699,0.002559,0.421764,-1.222083,90.422607,15.825398,-0.027627,0.90948,0.076191,0.407772,-1.270049,98.219658,15.847095,-0.027933,0.912255,0.05717,0.40465,-2.976643,113.205444,17.609306,0.061738,0.950439,-0.043341,0.301623,-4.782225,131.624832,19.126484,0.072943,0.977159,-0.074453,0.185194,-1.587002,145.968262,16.912558,0.008958,0.887232,0.110052,0.447916,-7.201165,125.670715,16.194246,0.404869,-0.559332,0.10148,-0.716191,-18.039999,127.743744,1.837923,0.088046,-0.01994,-0.562876,-0.821597,-9.60945,113.483704,-15.299874,0.146099,0.038471,-0.564306,-0.811624,-1.102881,134.924301,-18.368799,-0.175543,0.927643,0.130779,0.302589,-2.097236,125.706444,21.834654,0.329349,0.87556,0.119255,-0.33272,11.578449,130.170624,32.831409,-0.011856,0.2304,0.447704,-0.863908,24.965704,118.315552,17.071781,0.092766,0.076432,0.350817,-0.928698,13.877934,135.837234,8.356101,0.050903,0.891322,0.080875,0.443186,-7.347862,90.405159,8.552702,0.082571,0.929038,-0.016029,0.360296,-8.055498,53.949379,1.523589,-0.021315,0.948432,0.023814,0.315366,-15.945785,6.798518,0.102301,-0.057373,0.912523,-0.088707,0.395148,4.903696,90.440056,23.098095,-0.001025,0.904226,-0.125044,0.408336,6.188658,54.134953,30.793625,-0.078363,0.875856,-0.067684,0.471334,1.393161,7.803109,41.649204,-0.021315,0.948432,0.023814,0.315366,-7.085175,1.466475,-11.503733,-0.078363,0.875856,-0.067684,0.471334,13.774829,1.117463,35.043339
1152,9.6,-0.002064,0.906865,0.002638,0.421409,-1.232226,90.425934,15.831843,-0.027484,0.909589,0.076056,0.407564,-1.278759,98.222992,15.85559,-0.028017,0.912333,0.056977,0.404497,-2.978595,113.203072,17.615513,0.061679,0.9505,-0.043278,0.301451,-4.783861,131.623108,19.125214,0.07295,0.977193,-0.074601,0.184953,-1.59149,145.967239,16.911711,0.008959,0.887513,0.109665,0.447454,-7.203685,125.667694,16.196354,0.405355,-0.559347,0.101593,-0.715889,-18.05751,127.732704,1.850195,0.088617,-0.020156,-0.56285,-0.821548,-9.628853,113.457039,-15.275516,0.146052,0.039367,-0.56317,-0.812379,-1.122695,134.890503,-18.366993,-0.175647,0.927683,0.130652,0.302462,-2.09795,125.705933,21.835114,0.329638,0.875453,0.119261,-0.332713,11.579191,130.175858,32.82774,-0.011358,0.230268,0.447829,-0.863885,24.957592,118.310455,17.068363,0.093221,0.076221,0.350923,-0.92863,13.872382,135.830887,8.348278,0.050674,0.891326,0.081019,0.443178,-7.363705,90.411469,8.563943,0.082666,0.929034,-0.015971,0.360287,-8.051546,53.955696,1.532842,-0.021161,0.94841,0.023699,0.315451,-15.948263,6.806168,0.103197,-0.057462,0.912484,-0.088666,0.395234,4.899254,90.440392,23.099745,-0.001,0.904215,-0.125029,0.408365,6.190763,54.135502,30.795172,-0.078392,0.875809,-0.067615,0.471425,1.393339,7.803303,41.648376,-0.021161,0.94841,0.023699,0.315451,-7.087611,1.46952,-11.500688,-0.078392,0.875809,-0.067615,0.471425,13.777166,1.119991,35.044193
1153,9.608333,-0.002062,0.906933,0.002617,0.421261,-1.234756,90.427429,15.838294,-0.027534,0.909652,0.076025,0.407426,-1.281114,98.224487,15.861752,-0.028081,0.912393,0.056893,0.404367,-2.981353,113.201866,17.620142,0.061722,0.950561,-0.043425,0.301229,-4.78731,131.622131,19.126276,0.073019,0.977242,-0.0747,0.184622,-1.593368,145.965179,16.908096,0.008903,0.887735,0.10937,0.447086,-7.20758,125.665916,16.199392,0.405904,-0.559381,0.101668,-0.715541,-18.073345,127.722992,1.861134,0.089169,-0.020295,-0.562784,-0.82153,-9.647201,113.431168,-15.252346,0.145941,0.040084,-0.562179,-0.81305,-1.137734,134.860718,-18.363354,-0.175678,0.92775,0.130486,0.30231,-2.1003,125.705704,21.836742,0.329734,0.87541,0.11908,-0.332795,11.579783,130.179626,32.82407,-0.011093,0.230215,0.447815,-0.86391,24.952549,118.308495,17.064232,0.093465,0.076101,0.350975,-0.928596,13.865754,135.825897,8.340701,0.050652,0.891313,0.081106,0.443189,-7.368606,90.412819,8.572393,0.082742,0.929041,-0.015953,0.360252,-8.051953,53.957928,1.536297,-0.021218,0.948362,0.023706,0.31559,-15.954741,6.809539,0.102697,-0.057495,0.912392,-0.088633,0.395448,4.899094,90.442039,23.104195,-0.001003,0.904174,-0.125016,0.40846,6.191952,54.136993,30.798679,-0.078568,0.875793,-0.067642,0.471421,1.394206,7.804468,41.650372,-0.021218,0.948362,0.023706,0.31559,-7.090076,1.47365,-11.498473,-0.078568,0.875793,-0.067642,0.471421,13.779862,1.123266,35.047478
1154,9.616667,-0.002112,0.90701,0.002685,0.421095,-1.234956,90.429367,15.84338,-0.027585,0.909707,0.076065,0.407291,-1.282465,98.226418,15.867485,-0.02822,0.912447,0.05674,0.404259,-2.984028,113.200668,17.626247,0.061357,0.950585,-0.044203,0.301114,-4.792241,131.621262,19.125336,0.073255,0.977225,-0.074412,0.184735,-1.602232,145.961258,16.881866,0.00882,0.887883,0.109222,0.44683,-7.212308,125.663544,16.201382,0.406252,-0.55943,0.101956,-0.715264,-18.08643,127.714584,1.8686,0.089518,-0.020471,-0.562649,-0.82158,-9.665733,113.404022,-15.231885,0.145871,0.040408,-0.560768,-0.81402,-1.150369,134.82663,-18.357939,-0.175759,0.927809,0.130431,0.302106,-2.103818,125.706329,21.837612,0.329936,0.875324,0.118995,-0.332852,11.579694,130.184906,32.818764,-0.010827,0.230103,0.44789,-0.863904,24.944304,118.305672,17.058123,0.093709,0.076051,0.351065,-0.928541,13.857985,135.823456,8.333471,0.050645,0.891304,0.081135,0.443204,-7.371465,90.414429,8.579729,0.082762,0.929017,-0.015925,0.360312,-8.05329,53.959835,1.541935,-0.021192,0.948352,0.023728,0.315621,-15.956799,6.811676,0.104631,-0.057485,0.912399,-0.088646,0.39543,4.901553,90.444305,23.107029,-0.000991,0.904127,-0.125005,0.408568,6.193553,54.139339,30.802055,-0.078678,0.875777,-0.0676,0.47144,1.393891,7.806549,41.651772,-0.021192,0.948352,0.023728,0.315621,-7.091611,1.476161,-11.496305,-0.078678,0.875777,-0.0676,0.47144,13.781306,1.128089,35.049408
1155,9.625,-0.002075,0.907118,0.002815,0.420861,-1.234419,90.427994,15.84838,-0.027693,0.90977,0.076001,0.407155,-1.282238,98.225037,15.874581,-0.028377,0.91249,0.056694,0.404156,-2.985731,113.199318,17.630495,0.061673,0.950603,-0.044406,0.300962,-4.798378,131.619781,19.125877,0.073191,0.97728,-0.0745,0.184438,-1.598506,145.957047,16.878956,0.008788,0.888068,0.108926,0.446534,-7.217505,125.660797,16.203732,0.406716,-0.559753,0.101861,-0.714761,-18.101212,127.704895,1.877233,0.089827,-0.020416,-0.562267,-0.821809,-9.696783,113.381386,-15.220429,0.145478,0.040599,-0.559632,-0.814862,-1.161695,134.794205,-18.350971,-0.175819,0.927859,0.130396,0.301932,-2.107884,125.706139,21.838913,0.330118,0.875241,0.119056,-0.332868,11.578671,130.188278,32.814827,-0.010537,0.229987,0.447911,-0.863928,24.937035,118.303802,17.052835,0.093936,0.075965,0.350652,-0.928681,13.849536,135.81929,8.326865,0.050615,0.891334,0.081214,0.443133,-7.374675,90.414734,8.587891,0.082784,0.929161,-0.015871,0.359936,-8.052444,53.960873,1.545932,-0.021294,0.948354,0.023728,0.315607,-15.95664,6.812897,0.106287,-0.057473,0.912374,-0.088686,0.395482,4.905836,90.441254,23.10887,-0.000979,0.904085,-0.124984,0.408668,6.195357,54.136719,30.806318,-0.078841,0.875792,-0.067562,0.471389,1.394237,7.803419,41.653217,-0.021294,0.948354,0.023728,0.315607,-7.090662,1.478367,-11.4945,-0.078841,0.875792,-0.067562,0.471389,13.782859,1.128208,35.049835
1156,9.633333,-0.00214,0.907102,0.002732,0.420896,-1.239472,90.428719,15.852293,-0.027589,0.909819,0.076031,0.407046,-1.287679,98.225769,15.876884,-0.028442,0.91256,0.056502,0.404021,-2.987877,113.195145,17.634523,0.061652,0.950637,-0.044567,0.300835,-4.799665,131.616287,19.122705,0.073241,0.977296,-0.074509,0.184329,-1.599523,145.952667,16.87059,0.008731,0.888324,0.108676,0.446087,-7.219766,125.656128,16.203747,0.407029,-0.559681,0.102058,-0.714611,-18.117962,127.692688,1.887196,0.089985,-0.020763,-0.562141,-0.821869,-9.71161,113.356247,-15.198666,0.144974,0.040597,-0.558455,-0.815759,-1.171015,134.763214,-18.345976,-0.17592,0.927876,0.13032,0.301852,-2.108535,125.703705,21.837452,0.330171,0.875187,0.118753,-0.333064,11.57848,130.190552,32.810863,-0.010516,0.229986,0.44794,-0.863913,24.928957,118.300995,17.046013,0.094046,0.07599,0.350634,-0.928675,13.843119,135.816284,8.32026,0.05058,0.891348,0.08126,0.4431,-7.379161,90.413658,8.59133,0.082808,0.929109,-0.01587,0.360066,-8.053364,53.960083,1.547505,-0.021226,0.948338,0.023765,0.315657,-15.959412,6.81248,0.105849,-0.057514,0.912371,-0.088655,0.395489,4.900217,90.443787,23.113256,-0.000963,0.904017,-0.124953,0.408827,6.19337,54.139183,30.809801,-0.07964,0.875697,-0.067868,0.471387,1.390162,7.805145,41.652588,-0.021226,0.948338,0.023765,0.315657,-7.092863,1.478332,-11.494678,-0.07964,0.875697,-0.067868,0.471387,13.786474,1.135299,35.05822
1157,9.641667,-0.00209,0.907196,0.002835,0.420693,-1.238554,90.426537,15.857762,-0.027771,0.909868,0.076037,0.406926,-1.286723,98.223572,15.884151,-0.028578,0.912602,0.056388,0.403932,-2.991525,113.190399,17.639645,0.061682,0.950653,-0.044731,0.300754,-4.80606,131.611725,19.122112,0.073321,0.977299,-0.074602,0.18424,-1.60403,145.94696,16.865351,0.008688,0.8885,0.108442,0.445794,-7.225696,125.650215,16.205524,0.407401,-0.559652,0.102192,-0.714403,-18.133392,127.680504,1.895317,0.089791,-0.021229,-0.562152,-0.821871,-9.726806,113.331161,-15.179603,0.143948,0.040341,-0.556795,-0.817087,-1.189157,134.7332,-18.339174,-0.176006,0.927915,0.130265,0.301708,-2.113492,125.70047,21.838326,0.330202,0.87514,0.118599,-0.333213,11.575591,130.191727,32.807358,-0.010388,0.229756,0.448048,-0.86392,24.920368,118.300034,17.039295,0.094643,0.076024,0.350619,-0.928617,13.833568,135.819046,8.319445,0.050668,0.891375,0.081182,0.443049,-7.381491,90.413147,8.599542,0.082658,0.929211,-0.015733,0.359844,-8.064534,53.959293,1.558039,-0.021708,0.948415,0.023615,0.315405,-15.953073,6.808916,0.111239,-0.057462,0.912378,-0.088709,0.395468,4.904384,90.439919,23.115982,-0.000965,0.90398,-0.124902,0.408925,6.192568,54.135597,30.814659,-0.079446,0.875686,-0.067658,0.471471,1.390362,7.80035,41.65274,-0.021708,0.948415,0.023615,0.315405,-7.08787,1.47511,-11.490479,-0.079446,0.875686,-0.067658,0.471471,13.786815,1.13261,35.056507
1158,9.65,-0.001742,0.907253,0.002601,0.420575,-1.254823,90.432861,15.864218,-0.027491,0.909927,0.075908,0.406835,-1.296526,98.229942,15.889591,-0.02871,0.912636,0.056309,0.403857,-2.99057,113.186577,17.643885,0.061603,0.950671,-0.044975,0.300678,-4.808273,131.607956,19.121834,0.073419,0.977298,-0.074634,0.184197,-1.606642,145.942062,16.857285,0.008513,0.8887,0.108072,0.445489,-7.227239,125.645241,16.207146,0.407614,-0.559683,0.102321,-0.714239,-18.144886,127.662804,1.902723,0.089814,-0.021444,-0.562045,-0.821936,-9.741187,113.303589,-15.165323,0.143446,0.040502,-0.554941,-0.818427,-1.198985,134.700699,-18.333122,-0.176148,0.92793,0.130197,0.301608,-2.114225,125.697899,21.83919,0.330343,0.875061,0.118629,-0.333271,11.575228,130.195236,32.805271,-0.010122,0.229618,0.44804,-0.863964,24.913715,118.29969,17.034794,0.094752,0.07598,0.35075,-0.92856,13.823568,135.816711,8.314357,0.050418,0.891391,0.081365,0.443012,-7.399688,90.423615,8.607622,0.082742,0.929251,-0.015669,0.359724,-8.06043,53.970093,1.56226,-0.021178,0.948375,0.023543,0.315565,-15.954363,6.820848,0.107933,-0.057639,0.912353,-0.088669,0.39551,4.890042,90.442116,23.120811,-0.000957,0.904043,-0.124843,0.408802,6.191033,54.138767,30.821934,-0.079206,0.875729,-0.067506,0.471454,1.391914,7.802111,41.655338,-0.021178,0.948375,0.023543,0.315565,-7.091241,1.480073,-11.492166,-0.079206,0.875729,-0.067506,0.471454,13.786045,1.134092,35.055023
1159,9.658333,-0.001793,0.907244,0.002504,0.420593,-1.260187,90.435028,15.867477,-0.027358,0.909949,0.076027,0.406773,-1.301975,98.232109,15.891149,-0.028828,0.91267,0.056119,0.403799,-2.993186,113.184013,17.649944,0.061724,0.950641,-0.045141,0.300722,-4.811968,131.605942,19.119816,0.07339,0.977272,-0.074752,0.184296,-1.605402,145.938416,16.851954,0.008414,0.888863,0.107909,0.445205,-7.23085,125.641754,16.208069,0.408137,-0.559657,0.102363,-0.713954,-18.1577,127.652443,1.909703,0.090018,-0.021681,-0.562,-0.821939,-9.753047,113.279709,-15.146492,0.142767,0.040824,-0.553271,-0.81966,-1.209068,134.673615,-18.328465,-0.176268,0.927954,0.13013,0.301493,-2.117227,125.697281,21.839535,0.330325,0.875091,0.118798,-0.333148,11.5732,130.200104,32.802155,-0.009893,0.229554,0.447816,-0.864099,24.916176,118.306839,17.033745,0.094762,0.076097,0.350552,-0.928624,13.816163,135.814835,8.310073,0.050375,0.891323,0.081386,0.443151,-7.404754,90.424126,8.610631,0.082817,0.929191,-0.015687,0.359861,-8.060837,53.970528,1.565203,-0.021593,0.948326,0.023363,0.315699,-15.961713,6.822512,0.108696,-0.05761,0.912532,-0.088746,0.395083,4.884381,90.44593,23.124325,-0.000976,0.904,-0.124733,0.408931,6.184768,54.143356,30.829208,-0.079456,0.875635,-0.067605,0.471572,1.390091,7.804072,41.653355,-0.021593,0.948326,0.023363,0.315699,-7.091389,1.480784,-11.485462,-0.079456,0.875635,-0.067605,0.471572,13.788557,1.138052,35.059158
1160,9.666667,-0.001848,0.907318,0.002684,0.420433,-1.255535,90.433815,15.871817,-0.02754,0.909995,0.07587,0.406687,-1.299278,98.230881,15.897671,-0.028903,0.912699,0.056157,0.403723,-2.993046,113.17971,17.649658,0.061655,0.950646,-0.045343,0.300691,-4.814778,131.601303,19.119843,0.073526,0.977245,-0.074817,0.184363,-1.608539,145.932846,16.845652,0.008283,0.888993,0.107879,0.444956,-7.233086,125.636719,16.208466,0.408451,-0.559647,0.102447,-0.71377,-18.168074,127.641747,1.915525,0.090319,-0.021607,-0.56214,-0.821812,-9.763717,113.258888,-15.132273,0.142743,0.04184,-0.551671,-0.820691,-1.227327,134.653793,-18.319569,-0.176436,0.927953,0.130087,0.301414,-2.118591,125.693115,21.83913,0.330327,0.875103,0.118704,-0.33315,11.571417,130.202423,32.799606,-0.009702,0.22965,0.447604,-0.864186,24.914268,118.307411,17.03241,0.09437,0.075797,0.350786,-0.9286,13.808027,135.806427,8.300415,0.050458,0.891314,0.081383,0.443159,-7.402661,90.423386,8.617135,0.08276,0.929267,-0.015697,0.359677,-8.064229,53.970383,1.569176,-0.021041,0.948351,0.023802,0.315629,-15.960792,6.821516,0.117074,-0.05765,0.912343,-0.088701,0.395525,4.89159,90.444252,23.126497,-0.000927,0.903995,-0.124866,0.408903,6.192263,54.141426,30.830135,-0.079334,0.875756,-0.067434,0.471392,1.38844,7.805309,41.663761,-0.021041,0.948351,0.023802,0.315629,-7.096792,1.486642,-11.485077,-0.079334,0.875756,-0.067434,0.471392,13.78336,1.14075,35.061424
1161,9.675,-0.001948,0.907363,0.002717,0.420336,-1.254953,90.434906,15.876489,-0.027589,0.910034,0.075951,0.406581,-1.30033,98.231956,15.902164,-0.028995,0.912744,0.056035,0.40363,-2.995932,113.177834,17.655682,0.061686,0.950645,-0.045462,0.30067,-4.818809,131.599762,19.120546,0.073635,0.977216,-0.074995,0.184395,-1.61078,145.930405,16.843262,0.008176,0.889127,0.107593,0.444758,-7.237203,125.634071,16.211458,0.408734,-0.55965,0.102507,-0.713597,-18.178606,127.630356,1.922205,0.09046,-0.021768,-0.56212,-0.821806,-9.774997,113.23867,-15.118512,0.142039,0.042737,-0.55009,-0.821827,-1.238505,134.63028,-18.315285,-0.176587,0.927969,0.130041,0.301297,-2.121656,125.692604,21.841145,0.3305,0.87505,0.118876,-0.333055,11.568978,130.208115,32.798286,-0.009418,0.229576,0.447575,-0.864224,24.909357,118.308891,17.032181,0.094488,0.075923,0.350674,-0.92862,13.800647,135.804214,8.297135,0.050459,0.891419,0.081466,0.442933,-7.403628,90.423004,8.623123,0.082851,0.929192,-0.015704,0.35985,-8.064347,53.971004,1.569895,-0.021045,0.948295,0.023752,0.315799,-15.968866,6.823585,0.113828,-0.057455,0.912565,-0.088895,0.394997,4.893721,90.4468,23.129854,-0.000998,0.903963,-0.124655,0.409036,6.179892,54.144859,30.840111,-0.079358,0.875672,-0.067402,0.471549,1.388902,7.803708,41.657906,-0.021045,0.948295,0.023752,0.315799,-7.100866,1.487425,-11.484667,-0.079358,0.875672,-0.067402,0.471549,13.786817,1.140798,35.05954
1162,9.683333,-0.001977,0.907402,0.002748,0.420251,-1.256249,90.434258,15.878764,-0.027605,0.910075,0.075932,0.406492,-1.302227,98.231308,15.904697,-0.029087,0.912783,0.05596,0.403547,-2.997437,113.173401,17.6572,0.061578,0.950651,-0.04562,0.300648,-4.822194,131.595428,19.11832,0.073822,0.97718,-0.075076,0.184482,-1.615919,145.925598,16.835598,0.008083,0.889234,0.107475,0.444574,-7.240386,125.62883,16.210949,0.409057,-0.559653,0.102552,-0.713403,-18.187771,127.619492,1.925503,0.090501,-0.021989,-0.562107,-0.821804,-9.784757,113.218567,-15.107685,0.141116,0.043438,-0.548663,-0.822902,-1.248798,134.606827,-18.313679,-0.176714,0.927946,0.129966,0.301326,-2.123904,125.689194,21.839762,0.330425,0.875083,0.118577,-0.333148,11.564457,130.209518,32.797749,-0.009479,0.229698,0.447498,-0.86423,24.904266,118.308685,17.032375,0.094541,0.075988,0.350408,-0.92871,13.795161,135.80162,8.293845,0.05048,0.891399,0.081488,0.442966,-7.406267,90.422112,8.626542,0.082862,0.929195,-0.015673,0.359839,-8.067334,53.970539,1.571139,-0.021122,0.948285,0.02376,0.315825,-15.971822,6.823212,0.112043,-0.057525,0.912293,-0.088821,0.39563,4.893769,90.446404,23.130985,-0.000995,0.904006,-0.124714,0.408923,6.181505,54.144096,30.839209,-0.079399,0.875719,-0.067425,0.471451,1.389284,7.804367,41.662552,-0.021122,0.948285,0.02376,0.315825,-7.102324,1.488012,-11.485745,-0.079399,0.875719,-0.067425,0.471451,13.785964,1.14123,35.062099
1163,9.691667,-0.001932,0.907419,0.002691,0.420215,-1.261604,90.431236,15.881199,-0.027532,0.910101,0.075971,0.406431,-1.306579,98.228294,15.906615,-0.029218,0.912808,0.055839,0.403496,-3.000061,113.169563,17.661112,0.061681,0.950608,-0.045848,0.30073,-4.827376,131.591812,19.116285,0.073857,0.977132,-0.075179,0.184681,-1.615984,145.920044,16.82856,0.008019,0.889338,0.107191,0.444437,-7.244967,125.623894,16.211121,0.409268,-0.559635,0.102649,-0.713282,-18.196804,127.607437,1.928096,0.090396,-0.022283,-0.562095,-0.821816,-9.793765,113.19854,-15.098344,0.140055,0.043992,-0.547391,-0.823901,-1.258139,134.584595,-18.31263,-0.177,0.927901,0.130026,0.301271,-2.127968,125.686874,21.839437,0.330436,0.875118,0.118383,-0.333115,11.557934,130.21611,32.796814,-0.009322,0.229796,0.447324,-0.864296,24.898439,118.311012,17.035263,0.094541,0.076169,0.350538,-0.928646,13.784719,135.796371,8.2893,0.050439,0.891476,0.081518,0.44281,-7.41221,90.419403,8.629472,0.082828,0.929241,-0.015617,0.359731,-8.070853,53.96788,1.573561,-0.02122,0.948299,0.023785,0.315773,-15.97054,6.819835,0.111596,-0.057528,0.912316,-0.088837,0.395573,4.889001,90.443077,23.132927,-0.001003,0.904068,-0.124668,0.4088,6.176994,54.141003,30.842247,-0.079447,0.875724,-0.06739,0.471439,1.38873,7.800183,41.662663,-0.02122,0.948299,0.023785,0.315773,-7.101186,1.486236,-11.487043,-0.079447,0.875724,-0.06739,0.471439,13.785915,1.138566,35.061623
1164,9.7,-0.001883,0.907444,0.002614,0.420161,-1.26617,90.43026,15.884592,-0.027444,0.910112,0.076031,0.406402,-1.30994,98.227325,15.909243,-0.029376,0.912811,0.055684,0.4035,-3.001241,113.16465,17.666073,0.061526,0.950592,-0.046053,0.30078,-4.831613,131.587189,19.113626,0.074117,0.977077,-0.075258,0.184832,-1.622556,145.914871,16.819088,0.00794,0.88946,0.107065,0.444223,-7.248137,125.617691,16.210836,0.409553,-0.559602,0.102677,-0.71314,-18.2069,127.595863,1.932377,0.090242,-0.022605,-0.56208,-0.821834,-9.802407,113.179741,-15.087229,0.139007,0.044118,-0.54598,-0.825007,-1.26754,134.562378,-18.309475,-0.177135,0.927893,0.129989,0.301233,-2.131325,125.683807,21.839287,0.330436,0.875136,0.118326,-0.333088,11.553682,130.21814,32.795677,-0.009184,0.229798,0.447225,-0.864349,24.895035,118.311676,17.03586,0.09463,0.076263,0.350609,-0.928602,13.77688,135.793594,8.28611,0.050408,0.891563,0.081558,0.442631,-7.417643,90.418655,8.633602,0.082775,0.929264,-0.015569,0.359687,-8.074308,53.967381,1.576225,-0.02107,0.948319,0.023856,0.315718,-15.967742,6.818357,0.112143,-0.057431,0.912684,-0.088963,0.39471,4.885303,90.441864,23.135582,-0.001022,0.904093,-0.124616,0.408762,6.17026,54.140629,30.849329,-0.079303,0.875765,-0.067265,0.471405,1.386116,7.79855,41.666191,-0.02107,0.948319,0.023856,0.315718,-7.101135,1.485263,-11.488826,-0.079303,0.875765,-0.067265,0.471405,13.78168,1.137473,35.061562
1165,9.708333,-0.00198,0.907472,0.002632,0.4201,-1.265064,90.430367,15.887565,-0.027553,0.910126,0.076085,0.406352,-1.31033,98.227432,15.911829,-0.029478,0.912831,0.055539,0.403467,-3.004727,113.160133,17.668375,0.06143,0.950569,-0.046331,0.300829,-4.836337,131.583054,19.109541,0.074379,0.977017,-0.075281,0.185038,-1.627373,145.909409,16.806681,0.007922,0.889556,0.106885,0.444075,-7.252594,125.61235,16.208986,0.4099,-0.559659,0.102711,-0.712891,-18.216148,127.586494,1.933651,0.090383,-0.022711,-0.562331,-0.821644,-9.815019,113.160072,-15.07889,0.138576,0.045221,-0.545088,-0.82561,-1.2951,134.542603,-18.309082,-0.177261,0.927864,0.129923,0.301274,-2.135477,125.680832,21.837132,0.330446,0.875165,0.118299,-0.333011,11.547003,130.219727,32.794788,-0.009147,0.229895,0.447175,-0.864349,24.890486,118.311546,17.03808,0.094649,0.076347,0.350412,-0.928668,13.772474,135.791046,8.283842,0.050454,0.891534,0.081591,0.442678,-7.417502,90.417213,8.637397,0.082815,0.929207,-0.015566,0.359825,-8.075727,53.966682,1.576331,-0.021227,0.948292,0.023794,0.315794,-15.972384,6.818283,0.109495,-0.057363,0.912666,-0.089027,0.394747,4.887373,90.44352,23.137732,-0.001038,0.904125,-0.124557,0.408709,6.165538,54.14254,30.853827,-0.079228,0.875776,-0.067276,0.471396,1.38573,7.799077,41.666653,-0.021227,0.948292,0.023794,0.315794,-7.10241,1.485017,-11.488819,-0.079228,0.875776,-0.067276,0.471396,13.780242,1.136553,35.061516
1166,9.716667,-0.002033,0.907494,0.002668,0.420052,-1.265736,90.43,15.889256,-0.02752,0.910157,0.075982,0.406304,-1.311985,98.227051,15.913699,-0.029696,0.912842,0.055534,0.403427,-3.004188,113.161049,17.668032,0.061448,0.950563,-0.046409,0.300832,-4.84302,131.583511,19.105837,0.074659,0.976977,-0.075428,0.185075,-1.632893,145.909286,16.80101,0.007751,0.889577,0.106909,0.444031,-7.257078,125.611305,16.206545,0.410232,-0.559648,0.102809,-0.712695,-18.222132,127.58017,1.931629,0.090126,-0.023032,-0.562361,-0.821643,-9.821379,113.142715,-15.071742,0.137387,0.045166,-0.544082,-0.826474,-1.304763,134.522705,-18.307226,-0.177389,0.927809,0.129919,0.301372,-2.139663,125.682877,21.834383,0.330344,0.875279,0.118162,-0.332861,11.539052,130.225296,32.79528,-0.009102,0.230074,0.447015,-0.864385,24.890528,118.316544,17.045767,0.094764,0.076456,0.350121,-0.928757,13.7708,135.788559,8.284091,0.050393,0.891566,0.081732,0.442595,-7.418931,90.416229,8.639728,0.083271,0.928872,-0.015681,0.360579,-8.069069,53.966965,1.571392,-0.021361,0.947981,0.023578,0.316734,-16.008705,6.826159,0.092554,-0.057336,0.912637,-0.089098,0.394802,4.887458,90.443764,23.138784,-0.001083,0.9041,-0.124509,0.408779,6.161242,54.143501,30.858952,-0.07926,0.875834,-0.067249,0.471286,1.386369,7.798907,41.669102,-0.021361,0.947981,0.023578,0.316734,-7.115141,1.488544,-11.485682,-0.07926,0.875834,-0.067249,0.471286,13.779571,1.137148,35.060722
1167,9.725,-0.002022,0.907507,0.002636,0.420025,-1.268808,90.427139,15.892845,-0.027612,0.910149,0.075958,0.406322,-1.314692,98.22419,15.916899,-0.029803,0.912828,0.055421,0.403467,-3.00932,113.159523,17.669573,0.061548,0.950506,-0.046517,0.300975,-4.850153,131.582214,19.101864,0.074852,0.976906,-0.075603,0.185302,-1.63575,145.906799,16.795601,0.007715,0.88959,0.106835,0.444023,-7.263313,125.608932,16.204054,0.410476,-0.559553,0.103001,-0.712601,-18.228657,127.575424,1.92903,0.089762,-0.023388,-0.562345,-0.821683,-9.824714,113.127281,-15.063673,0.136166,0.044686,-0.543301,-0.827216,-1.308526,134.505432,-18.30303,-0.1774,0.92779,0.129794,0.301477,-2.146479,125.68264,21.832392,0.330244,0.875365,0.118162,-0.332736,11.529814,130.226166,32.79586,-0.008997,0.230118,0.446872,-0.864448,24.88843,118.319572,17.050766,0.094882,0.076522,0.350204,-0.928708,13.76321,135.787277,8.284024,0.050519,0.891566,0.081663,0.442594,-7.422443,90.413284,8.643691,0.082799,0.929192,-0.01556,0.359866,-8.083287,53.964127,1.575815,-0.021271,0.948245,0.02394,0.315922,-15.978232,6.815448,0.108626,-0.057314,0.912675,-0.089174,0.3947,4.884828,90.440987,23.142,-0.001109,0.904096,-0.124445,0.408807,6.155743,54.141544,30.866522,-0.079514,0.875826,-0.067233,0.471261,1.385343,7.795408,41.672058,-0.021271,0.948245,0.02394,0.315922,-7.104219,1.486681,-11.48867,-0.079514,0.875826,-0.067233,0.471261,13.781111,1.137878,35.064228
1168,9.733333,-0.002061,0.907506,0.002657,0.420025,-1.270158,90.426796,15.894249,-0.027574,0.910135,0.076023,0.406343,-1.316723,98.223854,15.918347,-0.030026,0.912805,0.055276,0.403521,-3.010921,113.15683,17.672966,0.061795,0.950424,-0.046705,0.301156,-4.857242,131.57962,19.096905,0.074933,0.976846,-0.075722,0.185538,-1.633707,145.90181,16.788492,0.007678,0.889575,0.10678,0.444067,-7.268253,125.604378,16.201347,0.410611,-0.559579,0.103211,-0.712473,-18.232178,127.568962,1.924974,0.089325,-0.023823,-0.562397,-0.821684,-9.831662,113.110199,-15.060388,0.134902,0.044604,-0.542511,-0.827946,-1.31942,134.48822,-18.30501,-0.177496,0.927749,0.129735,0.301572,-2.152295,125.682022,21.830425,0.33021,0.875436,0.118222,-0.33256,11.520682,130.228714,32.796707,-0.008914,0.230233,0.446744,-0.864484,24.885935,118.322327,17.0571,0.09486,0.076671,0.35022,-0.928692,13.758239,135.784592,8.283998,0.050471,0.891554,0.081791,0.442599,-7.423779,90.412453,8.645086,0.083096,0.929103,-0.015678,0.360023,-8.077108,53.964485,1.570369,-0.021405,0.948077,0.023799,0.316426,-16.002068,6.820881,0.102017,-0.057234,0.912728,-0.089376,0.394544,4.883464,90.441147,23.14341,-0.001031,0.904484,-0.124316,0.407988,6.144288,54.143703,30.878952,-0.07942,0.875847,-0.067142,0.47125,1.381886,7.794499,41.674824,-0.021405,0.948077,0.023799,0.316426,-7.11483,1.489674,-11.484024,-0.07942,0.875847,-0.067142,0.47125,13.776827,1.13758,35.064827
1169,9.741667,-0.002136,0.90748,0.002516,0.420082,-1.275527,90.426125,15.895867,-0.027477,0.910105,0.076178,0.406387,-1.322233,98.223183,15.917481,-0.030163,0.912781,0.055047,0.403598,-3.015481,113.153496,17.677223,0.061615,0.950369,-0.046798,0.30135,-4.863125,131.57692,19.091188,0.075229,0.976742,-0.075912,0.185887,-1.642992,145.899338,16.779474,0.007693,0.889602,0.106603,0.444056,-7.27325,125.600029,16.198299,0.410907,-0.559483,0.103312,-0.712362,-18.237549,127.56221,1.921883,0.089131,-0.024193,-0.562504,-0.82162,-9.832942,113.094521,-15.053855,0.133875,0.044608,-0.541968,-0.828467,-1.327869,134.471848,-18.307625,-0.177594,0.927697,0.129643,0.301715,-2.158355,125.680901,21.8283,0.330072,0.875581,0.117988,-0.332398,11.510213,130.230896,32.798706,-0.009024,0.230524,0.446567,-0.864497,24.884914,118.323395,17.067976,0.094861,0.076937,0.349822,-0.92882,13.756633,135.779526,8.285975,0.050496,0.891577,0.081713,0.442565,-7.428242,90.409363,8.645938,0.082839,0.929054,-0.015574,0.360212,-8.086073,53.960632,1.57553,-0.021322,0.948219,0.023982,0.315994,-15.984509,6.812632,0.105296,-0.05731,0.912742,-0.089299,0.394517,4.877187,90.442886,23.145798,-0.001082,0.90422,-0.124288,0.408581,6.145652,54.145061,30.87833,-0.079132,0.875878,-0.067061,0.471252,1.381668,7.795209,41.670719,-0.021322,0.948219,0.023982,0.315994,-7.108083,1.48552,-11.490919,-0.079132,0.875878,-0.067061,0.471252,13.773727,1.135696,35.057934
1170,9.75,-0.002052,0.907514,0.002525,0.42001,-1.277327,90.423607,15.89747,-0.027592,0.910049,0.076384,0.406468,-1.3229,98.220673,15.91977,-0.03013,0.912731,0.054798,0.403748,-3.021719,113.14727,17.683247,0.061581,0.950339,-0.046637,0.301478,-4.86478,131.571777,19.089018,0.075414,0.976693,-0.076208,0.185945,-1.646409,145.895355,16.782021,0.007648,0.889621,0.10643,0.44406,-7.2756,125.594353,16.197807,0.411146,-0.559504,0.103234,-0.712219,-18.239779,127.552322,1.920718,0.088968,-0.024359,-0.562577,-0.821583,-9.835522,113.081192,-15.052269,0.133095,0.044707,-0.541525,-0.828877,-1.334837,134.459473,-18.308313,-0.177926,0.927637,0.129389,0.301811,-2.162513,125.67614,21.829437,0.330256,0.875594,0.118024,-0.332168,11.499701,130.239243,32.80233,-0.008906,0.230708,0.446434,-0.864518,24.875925,118.323112,17.079422,0.094701,0.07761,0.349849,-0.92877,13.745844,135.773773,8.287401,0.050521,0.891558,0.08174,0.442596,-7.431191,90.408371,8.648513,0.08281,0.929075,-0.015537,0.360167,-8.089568,53.960167,1.575466,-0.021194,0.948197,0.024,0.316066,-15.984249,6.811601,0.103329,-0.057261,0.912769,-0.0894,0.394438,4.876536,90.438843,23.146429,-0.001092,0.904288,-0.124214,0.408452,6.139328,54.141937,30.884212,-0.079389,0.875834,-0.067127,0.471282,1.38065,7.790324,41.671383,-0.021194,0.948197,0.024,0.316066,-7.107404,1.483815,-11.49225,-0.079389,0.875834,-0.067127,0.471282,13.775834,1.133382,35.061871
1171,9.758333,-0.0021,0.907501,0.002491,0.420036,-1.278351,90.421318,15.898533,-0.02762,0.910044,0.07638,0.406476,-1.32439,98.218384,15.920025,-0.030256,0.912726,0.054677,0.403765,-3.024047,113.145958,17.683146,0.061661,0.950294,-0.04664,0.301602,-4.869591,131.570679,19.082901,0.075631,0.976624,-0.076411,0.186139,-1.648478,145.893829,16.777096,0.007636,0.889645,0.106274,0.444048,-7.27947,125.592018,16.193476,0.411512,-0.559383,0.103294,-0.712094,-18.244049,127.54705,1.916288,0.088837,-0.024644,-0.56278,-0.82145,-9.83391,113.067123,-15.046281,0.132309,0.044691,-0.540933,-0.829391,-1.344635,134.448166,-18.310411,-0.178002,0.927526,0.129231,0.302175,-2.166708,125.676277,21.825365,0.330206,0.875705,0.117848,-0.331988,11.486572,130.241211,32.808601,-0.008946,0.23108,0.446299,-0.864488,24.870052,118.321625,17.094484,0.094604,0.077892,0.349681,-0.92882,13.742523,135.766708,8.289239,0.05051,0.891655,0.081759,0.442398,-7.431794,90.404968,8.64922,0.082759,0.92906,-0.015521,0.36022,-8.090345,53.956909,1.575468,-0.021368,0.948242,0.023984,0.31592,-15.979859,6.807485,0.103193,-0.057305,0.91258,-0.089396,0.394871,4.875092,90.437668,23.147846,-0.00111,0.904427,-0.124196,0.408149,6.137317,54.141087,30.887218,-0.079273,0.875943,-0.06712,0.4711,1.384569,7.789042,41.675156,-0.021368,0.948242,0.023984,0.31592,-7.104721,1.480836,-11.49422,-0.079273,0.875943,-0.06712,0.4711,13.775473,1.129858,35.059879
1172,9.766667,-0.002452,0.907489,0.002688,0.42006,-1.265686,90.41378,15.896595,-0.027922,0.909991,0.076699,0.406515,-1.317994,98.2108,15.918567,-0.030268,0.912706,0.054481,0.403836,-3.030475,113.14106,17.687151,0.061694,0.950282,-0.046562,0.301646,-4.87361,131.566544,19.079964,0.07593,0.976587,-0.076612,0.186128,-1.652071,145.89003,16.776821,0.007601,0.88959,0.106196,0.444177,-7.28388,125.587173,16.19231,0.411811,-0.559316,0.103335,-0.711969,-18.24431,127.540329,1.911686,0.088587,-0.024988,-0.563002,-0.821314,-9.831018,113.052979,-15.04297,0.131453,0.044601,-0.540402,-0.829877,-1.354219,134.437729,-18.314447,-0.178131,0.927468,0.129144,0.302315,-2.172009,125.672745,21.824987,0.330177,0.875808,0.117878,-0.331736,11.476534,130.241959,32.812328,-0.009007,0.231309,0.44616,-0.864498,24.868923,118.321053,17.106817,0.094489,0.078197,0.349216,-0.928981,13.740715,135.761414,8.293831,0.050688,0.891723,0.081682,0.442254,-7.41873,90.392929,8.646956,0.082734,0.929005,-0.015549,0.360366,-8.092758,53.945267,1.572583,-0.021425,0.948226,0.024287,0.31594,-15.980827,6.795531,0.102465,-0.057062,0.91281,-0.089666,0.394312,4.887358,90.434631,23.146233,-0.001125,0.904515,-0.124108,0.407982,6.129896,54.13958,30.89596,-0.079177,0.875979,-0.067031,0.471062,1.383816,7.78546,41.677917,-0.021425,0.948226,0.024287,0.31594,-7.103664,1.477813,-11.497492,-0.079177,0.875979,-0.067031,0.471062,13.773409,1.126718,35.059742
1173,9.775,-0.002499,0.907476,0.00266,0.420089,-1.269288,90.413254,15.897375,-0.027951,0.909949,0.076748,0.406596,-1.322083,98.210274,15.918641,-0.030324,0.912661,0.054383,0.403947,-3.035983,113.139214,17.687937,0.061858,0.950204,-0.046726,0.301833,-4.879725,131.564972,19.076353,0.076057,0.97652,-0.076757,0.186365,-1.651506,145.886597,16.771015,0.007506,0.889548,0.106148,0.444276,-7.289186,125.584961,16.189367,0.412104,-0.559213,0.103337,-0.711879,-18.246504,127.53463,1.905873,0.088358,-0.025256,-0.563249,-0.821161,-9.827742,113.041855,-15.041433,0.130776,0.044403,-0.539819,-0.830374,-1.364516,134.431061,-18.317963,-0.178248,0.927393,0.128983,0.302544,-2.178732,125.671806,21.823315,0.330077,0.875946,0.117794,-0.3315,11.46327,130.245148,32.817059,-0.009083,0.231586,0.446002,-0.864504,24.866257,118.323586,17.121086,0.09444,0.07861,0.349229,-0.928946,13.737912,135.758179,8.299092,0.050726,0.89173,0.081701,0.442233,-7.421856,90.391365,8.647335,0.082714,0.928977,-0.015523,0.360443,-8.097943,53.944229,1.570467,-0.022155,0.948206,0.024016,0.31597,-15.983195,6.794101,0.098026,-0.05707,0.912821,-0.089717,0.394274,4.88328,90.435143,23.147415,-0.001151,0.904535,-0.124045,0.407955,6.125163,54.140835,30.900734,-0.07939,0.875986,-0.067089,0.471004,1.384183,7.785216,41.678467,-0.022155,0.948206,0.024016,0.31597,-7.098225,1.475882,-11.495723,-0.07939,0.875986,-0.067089,0.471004,13.774993,1.128249,35.06078
1174,9.783333,-0.002556,0.907472,0.002669,0.420096,-1.269907,90.411995,15.897528,-0.028027,0.909887,0.076826,0.406717,-1.323565,98.209015,15.918556,-0.030409,0.912588,0.054279,0.40412,-3.040662,113.136604,17.6887,0.06192,0.950136,-0.046842,0.302015,-4.885992,131.562592,19.071991,0.076297,0.976456,-0.076881,0.186554,-1.65436,145.883148,16.76483,0.007457,0.889477,0.106124,0.444424,-7.293987,125.581741,16.185497,0.412362,-0.559235,0.103284,-0.711721,-18.246569,127.529999,1.898184,0.088121,-0.025383,-0.563399,-0.82108,-9.828429,113.032509,-15.045386,0.130144,0.044201,-0.539401,-0.830756,-1.373377,134.424973,-18.321047,-0.178386,0.92732,0.128882,0.302731,-2.185734,125.670219,21.821413,0.329973,0.876115,0.11761,-0.331223,11.450396,130.24794,32.820614,-0.009354,0.231978,0.44581,-0.864496,24.865389,118.323578,17.137032,0.094195,0.079172,0.34881,-0.929081,13.73782,135.752945,8.305517,0.050718,0.891737,0.081687,0.442223,-7.422352,90.389214,8.647386,0.082704,0.928979,-0.015464,0.360442,-8.098452,53.941841,1.57172,-0.021573,0.948206,0.024307,0.315989,-15.980804,6.791377,0.094376,-0.057094,0.912704,-0.089755,0.394532,4.882536,90.434784,23.147669,-0.001123,0.904602,-0.124018,0.407816,6.122746,54.141193,30.904617,-0.079353,0.875965,-0.067072,0.471051,1.381989,7.784918,41.679676,-0.021573,0.948206,0.024307,0.315989,-7.100772,1.47564,-11.504294,-0.079353,0.875965,-0.067072,0.471051,13.77323,1.127922,35.062824
1175,9.791667,-0.002589,0.907455,0.00262,0.420133,-1.272573,90.409683,15.897344,-0.028133,0.909838,0.076915,0.406802,-1.326373,98.206703,15.917468,-0.030466,0.912542,0.054147,0.404235,-3.047587,113.133362,17.68856,0.0615,0.950095,-0.047354,0.302151,-4.893044,131.559753,19.066296,0.076865,0.976341,-0.076777,0.186962,-1.66809,145.879028,16.741852,0.007447,0.889329,0.106158,0.444713,-7.30036,125.57814,16.180819,0.412589,-0.559209,0.103332,-0.711603,-18.243643,127.52771,1.88656,0.087867,-0.025515,-0.563642,-0.820936,-9.82458,113.023666,-15.050946,0.129636,0.044048,-0.538836,-0.83121,-1.382776,134.420807,-18.325724,-0.178532,0.927238,0.12883,0.302918,-2.193581,125.668106,21.818048,0.329897,0.876264,0.117583,-0.330912,11.436566,130.249924,32.822968,-0.009468,0.232268,0.445659,-0.864494,24.863779,118.324219,17.150856,0.094056,0.07955,0.348684,-0.92911,13.736057,135.749298,8.31013,0.05073,0.891689,0.081698,0.442316,-7.424435,90.385948,8.646711,0.082703,0.928912,-0.01547,0.360616,-8.100204,53.938805,1.569884,-0.021695,0.948179,0.024283,0.316064,-15.982429,6.788355,0.091666,-0.057107,0.912792,-0.089813,0.394313,4.87929,90.433418,23.147976,-0.001134,0.904723,-0.123956,0.407566,6.120477,54.140709,30.908901,-0.078444,0.876156,-0.06675,0.470894,1.386101,7.782972,41.680439,-0.021695,0.948179,0.024283,0.316064,-7.099352,1.473159,-11.504919,-0.078444,0.876156,-0.06675,0.470894,13.765868,1.11879,35.049358
1176,9.8,-0.002628,0.907391,0.002399,0.420273,-1.278944,90.409813,15.897833,-0.028099,0.909789,0.077004,0.406897,-1.331854,98.206848,15.914552,-0.03054,0.912504,0.053972,0.404339,-3.053063,113.130142,17.687956,0.061503,0.950053,-0.047313,0.30229,-4.89856,131.557053,19.058453,0.077171,0.976274,-0.076933,0.187124,-1.673317,145.876556,16.735792,0.007452,0.889378,0.105983,0.444656,-7.305279,125.574432,16.174608,0.413013,-0.559011,0.103133,-0.711541,-18.250376,127.521133,1.881352,0.087865,-0.025659,-0.563893,-0.820759,-9.818836,113.016685,-15.049599,0.129192,0.043911,-0.538316,-0.831623,-1.390423,134.418549,-18.330708,-0.178633,0.927137,0.128803,0.303178,-2.199848,125.666405,21.813021,0.3299,0.876404,0.117812,-0.330459,11.423283,130.250031,32.825855,-0.009424,0.232467,0.445534,-0.864506,24.864676,118.323097,17.166864,0.093971,0.079978,0.348921,-0.928992,13.7349,135.745026,8.316423,0.050698,0.891648,0.081743,0.442394,-7.428552,90.383636,8.645301,0.082649,0.928985,-0.015462,0.360441,-8.100092,53.936802,1.566462,-0.021702,0.948216,0.024285,0.315951,-15.977571,6.785467,0.090915,-0.057102,0.912798,-0.089796,0.394304,4.870664,90.435997,23.150364,-0.001237,0.904721,-0.123895,0.407588,6.1121,54.143024,30.91,-0.078362,0.876176,-0.066836,0.470858,1.388731,7.783869,41.680275,-0.021702,0.948216,0.024285,0.315951,-7.097144,1.470324,-11.507716,-0.078362,0.876176,-0.066836,0.470858,13.766562,1.116294,35.049004
1177,9.808333,-0.001812,0.907391,0.001835,0.420279,-1.311573,90.424088,15.903711,-0.027937,0.909733,0.076776,0.407076,-1.349237,98.221214,15.917804,-0.030465,0.912419,0.053862,0.404552,-3.061377,113.127068,17.684395,0.061368,0.950039,-0.047119,0.302389,-4.903023,131.554596,19.051863,0.077658,0.976213,-0.077179,0.187137,-1.682756,145.875961,16.733805,0.007454,0.889258,0.106248,0.444834,-7.309881,125.572205,16.167631,0.413254,-0.558861,0.103338,-0.71149,-18.249262,127.523872,1.870671,0.087687,-0.0259,-0.564179,-0.820574,-9.811704,113.009308,-15.048615,0.128777,0.043733,-0.537767,-0.832052,-1.398396,134.417542,-18.335352,-0.178765,0.927034,0.128681,0.303466,-2.206997,125.663605,21.808361,0.329994,0.876481,0.1183,-0.329986,11.408099,130.250977,32.829578,-0.00951,0.23259,0.4455,-0.864489,24.861452,118.323944,17.180922,0.093953,0.081003,0.348881,-0.928921,13.731724,135.747009,8.326651,0.050374,0.891475,0.08179,0.442769,-7.461164,90.407486,8.651131,0.082531,0.929093,-0.015263,0.360197,-8.106763,53.958786,1.579487,-0.021341,0.948306,0.023786,0.315745,-15.967363,6.804994,0.092352,-0.057418,0.912706,-0.089536,0.394531,4.838018,90.440681,23.156292,-0.00127,0.904731,-0.123867,0.407574,6.106633,54.146927,30.907858,-0.078418,0.876136,-0.067077,0.47089,1.387398,7.787123,41.677155,-0.021341,0.948306,0.023786,0.315745,-7.09738,1.472554,-11.506341,-0.078418,0.876136,-0.067077,0.47089,13.765264,1.114945,35.050571
1178,9.816667,-0.002264,0.907351,0.002075,0.420363,-1.295885,90.41507,15.900557,-0.02836,0.909649,0.076928,0.407207,-1.341528,98.212151,15.915081,-0.030469,0.912354,0.053795,0.404708,-3.068248,113.123703,17.681173,0.061438,0.949934,-0.047422,0.30266,-4.909256,131.551498,19.046009,0.077776,0.976121,-0.077152,0.187581,-1.683368,145.87056,16.721445,0.007424,0.889185,0.106249,0.444979,-7.315485,125.568939,16.161602,0.413633,-0.55876,0.103192,-0.71137,-18.250189,127.520203,1.861012,0.087565,-0.026131,-0.564294,-0.820501,-9.80585,113.003036,-15.052655,0.128019,0.043454,-0.5373,-0.832485,-1.399534,134.411804,-18.34523,-0.179045,0.92689,0.12854,0.303802,-2.214527,125.660645,21.80407,0.329778,0.876729,0.118231,-0.329567,11.389557,130.2565,32.835354,-0.00961,0.233016,0.4453,-0.864476,24.862865,118.331108,17.202614,0.093931,0.081267,0.348864,-0.928906,13.734993,135.745834,8.334554,0.050522,0.891525,0.08173,0.442664,-7.444095,90.392593,8.646825,0.082582,0.928989,-0.015342,0.360451,-8.102295,53.944267,1.574431,-0.021477,0.948271,0.024018,0.315824,-15.969694,6.79152,0.090394,-0.05725,0.912856,-0.089779,0.394153,4.852325,90.437546,23.154289,-0.001225,0.904901,-0.123805,0.407217,6.105541,54.145603,30.916828,-0.078394,0.876204,-0.067002,0.470778,1.389104,7.784313,41.680931,-0.021477,0.948271,0.024018,0.315824,-7.095608,1.466819,-11.508711,-0.078394,0.876204,-0.067002,0.470778,13.765207,1.113125,35.050068
1179,9.825,-0.002294,0.907318,0.002053,0.420434,-1.299053,90.415276,15.90009,-0.028486,0.909594,0.076823,0.40734,-1.344974,98.212357,15.914091,-0.030462,0.912292,0.053773,0.404851,-3.073982,113.12307,17.675383,0.061507,0.949865,-0.047594,0.302833,-4.914622,131.550964,19.039307,0.077993,0.976057,-0.077131,0.187831,-1.684643,145.868546,16.711412,0.007376,0.889132,0.106259,0.445083,-7.320209,125.568459,16.154259,0.413748,-0.558345,0.103469,-0.711588,-18.251596,127.518715,1.850997,0.087401,-0.026431,-0.564714,-0.82022,-9.787867,112.996201,-15.048377,0.127761,0.043282,-0.537055,-0.832692,-1.404166,134.413071,-18.34952,-0.179194,0.926768,0.128534,0.304089,-2.221009,125.660049,21.798315,0.329744,0.876881,0.118271,-0.329181,11.374805,130.25882,32.838566,-0.009792,0.233331,0.445243,-0.864418,24.861305,118.33091,17.219145,0.093777,0.081652,0.348801,-0.928912,13.738113,135.743866,8.343338,0.050585,0.89149,0.081659,0.44274,-7.446125,90.392097,8.645394,0.082481,0.928997,-0.015315,0.360453,-8.110295,53.943382,1.575524,-0.021656,0.948308,0.024045,0.315698,-15.967888,6.78896,0.092577,-0.057275,0.912825,-0.089787,0.394218,4.848018,90.438446,23.154787,-0.001202,0.904933,-0.123771,0.407156,6.102164,54.14682,30.918655,-0.078314,0.876185,-0.067028,0.470823,1.385779,7.784712,41.679283,-0.021656,0.948308,0.024045,0.315698,-7.094828,1.466661,-11.508419,-0.078314,0.876185,-0.067028,0.470823,13.761595,1.11183,35.04958
1180,9.833333,-0.002355,0.907289,0.002051,0.420496,-1.299955,90.416061,15.899319,-0.02862,0.909508,0.076799,0.407527,-1.346718,98.213142,15.91289,-0.030562,0.912182,0.053881,0.405077,-3.080041,113.128517,17.672098,0.061703,0.949756,-0.047936,0.303081,-4.926014,131.555756,19.037682,0.07823,0.975975,-0.077202,0.188129,-1.6867,145.870163,16.703257,0.007279,0.889027,0.106145,0.445322,-7.328637,125.573051,16.150581,0.414092,-0.558221,0.103414,-0.711494,-18.252377,127.519241,1.840921,0.0873,-0.026467,-0.564933,-0.820079,-9.781508,112.992371,-15.051138,0.127293,0.043131,-0.536687,-0.833009,-1.409102,134.414536,-18.351791,-0.179181,0.926716,0.128519,0.304262,-2.232308,125.665131,21.797222,0.329627,0.877077,0.118157,-0.328818,11.359874,130.262512,32.842529,-0.010184,0.233874,0.445131,-0.864325,24.861454,118.332603,17.237659,0.093351,0.082047,0.348396,-0.929072,13.744765,135.744232,8.349225,0.050561,0.89149,0.081621,0.442749,-7.44603,90.39183,8.643782,0.082511,0.928957,-0.015298,0.360551,-8.109779,53.942478,1.577164,-0.021431,0.948285,0.024145,0.315775,-15.969261,6.78848,0.090846,-0.057296,0.912803,-0.089821,0.394258,4.846119,90.440292,23.154854,-0.001192,0.904934,-0.123726,0.407167,6.100329,54.149292,30.921682,-0.078289,0.876162,-0.067026,0.470869,1.384642,7.786131,41.678062,-0.021431,0.948285,0.024145,0.315775,-7.096471,1.46684,-11.510656,-0.078289,0.876162,-0.067026,0.470869,13.760941,1.113074,35.049438
1181,9.841667,-0.00183,0.907296,0.001838,0.420485,-1.32986,90.432808,15.900003,-0.028288,0.909503,0.076654,0.407589,-1.367799,98.229942,15.914006,-0.030572,0.912149,0.053812,0.405158,-3.088006,113.126289,17.670855,0.061684,0.949721,-0.048014,0.303181,-4.933432,131.553787,19.033815,0.078583,0.975906,-0.077306,0.188295,-1.69355,145.867767,16.69754,0.007203,0.888849,0.106197,0.445666,-7.335794,125.570824,16.147028,0.414172,-0.558213,0.103419,-0.711453,-18.248453,127.516678,1.828875,0.086964,-0.026468,-0.565134,-0.819976,-9.777201,112.987854,-15.061315,0.127059,0.042666,-0.535984,-0.833521,-1.415291,134.415588,-18.353897,-0.179247,0.926647,0.128439,0.304465,-2.240475,125.663376,21.794571,0.3294,0.877302,0.117715,-0.328604,11.34638,130.262451,32.845711,-0.010598,0.234339,0.445057,-0.864232,24.861784,118.330345,17.254499,0.093253,0.082309,0.348361,-0.929071,13.750741,135.743729,8.356236,0.050137,0.891312,0.081642,0.443152,-7.47615,90.415932,8.64463,0.0825,0.929107,-0.015135,0.360174,-8.108029,53.963669,1.590109,-0.021218,0.948363,0.023615,0.315595,-15.961554,6.80902,0.092902,-0.057521,0.912769,-0.089686,0.394336,4.81643,90.449692,23.155376,-0.001293,0.904931,-0.12367,0.407189,6.089131,54.158806,30.919733,-0.079411,0.876037,-0.067696,0.47082,1.384145,7.794344,41.675198,-0.021218,0.948363,0.023615,0.315595,-7.097048,1.470621,-11.507231,-0.079411,0.876037,-0.067696,0.47082,13.769343,1.123048,35.061447
1182,9.85,-0.001869,0.907261,0.001833,0.420559,-1.330474,90.433136,15.899539,-0.028367,0.909445,0.076708,0.407702,-1.368934,98.230255,15.913209,-0.030592,0.912096,0.053694,0.405292,-3.091858,113.123405,17.669977,0.061508,0.949676,-0.047998,0.303363,-4.936365,131.551331,19.028366,0.078935,0.975812,-0.077444,0.188582,-1.700746,145.866211,16.691778,0.007144,0.888783,0.106197,0.445799,-7.3383,125.567902,16.142172,0.414249,-0.558182,0.103386,-0.711437,-18.246704,127.512344,1.820587,0.086834,-0.026396,-0.565235,-0.819923,-9.773481,112.983276,-15.068396,0.12704,0.042342,-0.535575,-0.833803,-1.41627,134.414917,-18.355312,-0.179331,0.926511,0.128171,0.304944,-2.24465,125.661339,21.791206,0.329323,0.877426,0.117833,-0.328305,11.330538,130.263092,32.855572,-0.01065,0.234689,0.445057,-0.864137,24.857695,118.33242,17.273449,0.093327,0.082633,0.348463,-0.928997,13.754082,135.744431,8.363721,0.05023,0.891243,0.081558,0.443296,-7.475574,90.415543,8.643161,0.082392,0.929141,-0.015106,0.360112,-8.115252,53.962944,1.591065,-0.020773,0.948382,0.023714,0.315558,-15.958393,6.80652,0.095512,-0.057547,0.912819,-0.089694,0.394213,4.814627,90.450722,23.155918,-0.001254,0.904914,-0.123638,0.407238,6.089926,54.160179,30.921415,-0.079334,0.876023,-0.067768,0.470847,1.382263,7.794929,41.672321,-0.020773,0.948382,0.023714,0.315558,-7.099308,1.466633,-11.508077,-0.079334,0.876023,-0.067768,0.470847,13.766686,1.120838,35.059937
1183,9.858333,-0.001857,0.907202,0.001772,0.420688,-1.333378,90.432503,15.899059,-0.028315,0.909367,0.076811,0.40786,-1.371274,98.22963,15.91195,-0.030816,0.912008,0.053563,0.405491,-3.094294,113.122116,17.671867,0.061436,0.949576,-0.048377,0.303631,-4.944727,131.550049,19.022058,0.079295,0.975707,-0.077345,0.189015,-1.706767,145.862793,16.675585,0.007082,0.888671,0.106173,0.446028,-7.343597,125.564789,16.137127,0.414425,-0.558129,0.103312,-0.711386,-18.244633,127.507713,1.809719,0.086729,-0.026264,-0.56536,-0.819852,-9.767858,112.977768,-15.076738,0.126906,0.042097,-0.535171,-0.834096,-1.416696,134.413513,-18.356384,-0.17934,0.926436,0.128125,0.305183,-2.252609,125.661919,21.7885,0.329222,0.877604,0.118181,-0.327808,11.317173,130.262894,32.859825,-0.010716,0.235034,0.4449,-0.864123,24.863071,118.336311,17.290863,0.093096,0.083106,0.348592,-0.92893,13.760182,135.743301,8.368829,0.05021,0.891185,0.081537,0.44342,-7.476426,90.414642,8.640942,0.082301,0.929232,-0.015099,0.359899,-8.11447,53.961647,1.590773,-0.022148,0.948488,0.023471,0.315167,-15.949715,6.803772,0.099562,-0.057548,0.912857,-0.089733,0.394117,4.80967,90.450356,23.157177,-0.001294,0.905052,-0.123621,0.406937,6.084684,54.160343,30.925205,-0.078403,0.876079,-0.067041,0.471004,1.384703,7.794699,41.677773,-0.022148,0.948488,0.023471,0.315167,-7.085966,1.470099,-11.503329,-0.078403,0.876079,-0.067041,0.471004,13.764445,1.123488,35.053719
1184,9.866667,-0.002357,0.907135,0.002075,0.420828,-1.316709,90.42556,15.894707,-0.028563,0.909288,0.077002,0.407984,-1.363671,98.222641,15.908594,-0.030912,0.911947,0.05347,0.405633,-3.096492,113.117538,17.670832,0.061722,0.949473,-0.048449,0.303882,-4.948968,131.545609,19.01614,0.079317,0.975644,-0.077423,0.1893,-1.701457,145.856491,16.671431,0.007119,0.888692,0.106014,0.446023,-7.34638,125.559486,16.131821,0.414523,-0.557998,0.103226,-0.711445,-18.247585,127.501022,1.804355,0.086688,-0.02623,-0.565458,-0.819789,-9.762989,112.973717,-15.080437,0.126841,0.041897,-0.534873,-0.834306,-1.41662,134.412567,-18.358145,-0.179491,0.926345,0.127993,0.305428,-2.257235,125.658379,21.784822,0.329198,0.877729,0.118186,-0.327493,11.305176,130.26413,32.86319,-0.010922,0.235419,0.444899,-0.864016,24.861649,118.3349,17.305468,0.092938,0.083514,0.348608,-0.928903,13.766435,135.742722,8.373363,0.050406,0.891221,0.081426,0.443343,-7.457472,90.401505,8.634674,0.08236,0.929107,-0.015152,0.360204,-8.112803,53.948627,1.585488,-0.021222,0.948381,0.023936,0.315515,-15.954554,6.79183,0.094337,-0.057375,0.912817,-0.089856,0.394207,4.824053,90.449615,23.154739,-0.001319,0.905039,-0.123596,0.406973,6.082942,54.15976,30.926128,-0.078508,0.87607,-0.067074,0.470997,1.385653,7.793543,41.677402,-0.021222,0.948381,0.023936,0.315515,-7.090963,1.462317,-11.510584,-0.078508,0.87607,-0.067074,0.470997,13.766331,1.123192,35.054237
1185,9.875,-0.002406,0.907079,0.002058,0.420949,-1.317651,90.425087,15.894011,-0.028558,0.909191,0.077029,0.408195,-1.365192,98.22216,15.907328,-0.031039,0.911832,0.053437,0.405887,-3.098711,113.117622,17.670048,0.061337,0.949456,-0.048385,0.304023,-4.955359,131.545547,19.011787,0.079931,0.975559,-0.077506,0.189441,-1.71845,145.858643,16.666016,0.007015,0.888585,0.106001,0.446241,-7.350015,125.558563,16.126913,0.414559,-0.557964,0.103285,-0.711442,-18.244226,127.49736,1.79376,0.086472,-0.026279,-0.565538,-0.819755,-9.758414,112.967751,-15.088436,0.126606,0.041532,-0.534592,-0.83454,-1.416209,134.409164,-18.36269,-0.179579,0.926235,0.127958,0.305724,-2.264125,125.65918,21.78281,0.329127,0.877872,0.118447,-0.327088,11.290596,130.266174,32.870064,-0.010946,0.235785,0.444838,-0.863947,24.861952,118.339493,17.323372,0.0929,0.083927,0.348716,-0.928829,13.772312,135.743637,8.378374,0.050556,0.891159,0.081242,0.443486,-7.45647,90.400055,8.632339,0.082202,0.929061,-0.015192,0.360357,-8.126673,53.946079,1.590244,-0.021837,0.948461,0.024104,0.315219,-15.955573,6.786901,0.106836,-0.057357,0.912836,-0.089896,0.394156,4.821168,90.450111,23.155684,-0.001421,0.904799,-0.123522,0.407528,6.078091,54.160629,30.929161,-0.078602,0.876029,-0.067046,0.471063,1.385952,7.79269,41.675262,-0.021837,0.948461,0.024104,0.315219,-7.091992,1.467757,-11.502847,-0.078602,0.876029,-0.067046,0.471063,13.768911,1.124644,35.054035
1186,9.883333,-0.002439,0.907008,0.002083,0.421102,-1.318799,90.425407,15.893394,-0.028501,0.909082,0.077111,0.408425,-1.366978,98.222473,15.906837,-0.031189,0.911708,0.053329,0.406167,-3.100316,113.117004,17.671968,0.061613,0.949352,-0.048344,0.304297,-4.960843,131.545013,19.007217,0.080026,0.975512,-0.077622,0.189597,-1.715541,145.856995,16.666334,0.006882,0.888447,0.10607,0.446502,-7.352686,125.556801,16.122553,0.414627,-0.557963,0.103313,-0.711399,-18.238503,127.493408,1.782726,0.086239,-0.026311,-0.565618,-0.819724,-9.752902,112.961281,-15.097422,0.126328,0.041146,-0.534297,-0.83479,-1.414898,134.405212,-18.367073,-0.179714,0.926166,0.127906,0.305876,-2.270397,125.659874,21.781645,0.32911,0.877993,0.118367,-0.326807,11.2792,130.270828,32.873516,-0.011128,0.236137,0.444846,-0.863845,24.859821,118.340088,17.338032,0.0928,0.084279,0.348825,-0.928766,13.777861,135.744827,8.384041,0.050475,0.891098,0.081388,0.443592,-7.455173,90.400017,8.629652,0.082571,0.929006,-0.015266,0.360412,-8.114317,53.947193,1.580541,-0.022289,0.948239,0.023689,0.315887,-15.978214,6.79405,0.090514,-0.057426,0.9127,-0.089836,0.394474,4.817574,90.450798,23.157135,-0.001414,0.904804,-0.12352,0.407517,6.078246,54.161118,30.929041,-0.078687,0.876013,-0.067108,0.471069,1.385651,7.793128,41.674698,-0.022289,0.948239,0.023689,0.315887,-7.094798,1.468031,-11.50085,-0.078687,0.876013,-0.067108,0.471069,13.769404,1.125009,35.055031
1187,9.891667,-0.002506,0.906895,0.001952,0.421344,-1.316977,90.423401,15.892477,-0.028511,0.908978,0.07721,0.408638,-1.365252,98.220474,15.903619,-0.031305,0.911608,0.053282,0.406389,-3.100626,113.115608,17.671061,0.0616,0.94928,-0.048322,0.304528,-4.964717,131.543518,19.002531,0.08024,0.975443,-0.077693,0.189831,-1.719031,145.855682,16.663193,0.00684,0.888404,0.105953,0.446617,-7.354172,125.554504,16.11759,0.414645,-0.557814,0.103441,-0.711486,-18.23632,127.488281,1.774593,0.086115,-0.026423,-0.565742,-0.819648,-9.744058,112.953827,-15.100199,0.126247,0.040832,-0.534062,-0.834968,-1.412457,134.401199,-18.371382,-0.179775,0.926084,0.127888,0.306095,-2.274738,125.659248,21.779215,0.329094,0.878082,0.11838,-0.326581,11.269201,130.270905,32.877712,-0.011355,0.236475,0.444898,-0.863722,24.85738,118.338371,17.350206,0.09269,0.084667,0.348785,-0.928757,13.784489,135.74559,8.38875,0.050539,0.891028,0.081316,0.443737,-7.449464,90.395813,8.625464,0.082601,0.928917,-0.015391,0.360629,-8.114066,53.942596,1.578888,-0.02207,0.948224,0.023976,0.315928,-15.984562,6.790292,0.097066,-0.057364,0.912799,-0.089871,0.394247,4.81551,90.450981,23.159491,-0.001455,0.904782,-0.123469,0.407582,6.072924,54.161228,30.931599,-0.078522,0.876017,-0.067042,0.471098,1.385086,7.792044,41.674206,-0.02207,0.948224,0.023976,0.315928,-7.101652,1.470118,-11.497366,-0.078522,0.876017,-0.067042,0.471098,13.767731,1.122971,35.053425
1188,9.9,-0.002475,0.906813,0.001905,0.421522,-1.318507,90.422569,15.891761,-0.028554,0.908867,0.07725,0.408873,-1.36603,98.219643,15.90243,-0.031409,0.911491,0.053201,0.406655,-3.103384,113.113365,17.669832,0.061501,0.949229,-0.048143,0.304735,-4.970131,131.541367,18.996452,0.08056,0.975382,-0.0778,0.189969,-1.727877,145.855103,16.662073,0.006748,0.888298,0.106009,0.446815,-7.357262,125.551514,16.111303,0.41488,-0.557676,0.103457,-0.711456,-18.233019,127.483955,1.76328,0.086095,-0.026442,-0.565871,-0.81956,-9.73358,112.945618,-15.10455,0.126149,0.040434,-0.534017,-0.835031,-1.408379,134.396683,-18.376564,-0.179866,0.926001,0.127938,0.30627,-2.281214,125.657928,21.775934,0.328991,0.878223,0.118438,-0.326285,11.257663,130.270737,32.880123,-0.011568,0.236786,0.444829,-0.86367,24.858288,118.339554,17.36249,0.092508,0.085068,0.34888,-0.928702,13.788776,135.746231,8.393378,0.050495,0.890958,0.081284,0.443888,-7.448137,90.395157,8.622335,0.082365,0.928914,-0.015286,0.360696,-8.10971,53.941231,1.579148,-0.021391,0.948372,0.024043,0.315524,-15.955736,6.784904,0.095573,-0.057365,0.912732,-0.089814,0.394414,4.811122,90.449982,23.161184,-0.001454,0.905002,-0.12343,0.407104,6.068831,54.159481,30.929733,-0.07844,0.875995,-0.066963,0.471165,1.388119,7.789385,41.671486,-0.021391,0.948372,0.024043,0.315524,-7.089777,1.459965,-11.509642,-0.07844,0.875995,-0.066963,0.471165,13.771296,1.121086,35.050922
1189,9.908333,-0.0025,0.906622,0.001633,0.421934,-1.319039,90.418495,15.89399,-0.028753,0.908736,0.077254,0.409151,-1.365126,98.215584,15.900623,-0.03132,0.911394,0.05318,0.406881,-3.108924,113.112328,17.665539,0.061346,0.949167,-0.048186,0.304954,-4.972672,131.540619,18.992332,0.080809,0.9753,-0.07783,0.190267,-1.733416,145.854797,16.656368,0.006683,0.888299,0.105378,0.446964,-7.359591,125.551414,16.105682,0.414951,-0.557565,0.103398,-0.711509,-18.230572,127.472137,1.752469,0.085977,-0.02637,-0.565984,-0.819497,-9.724669,112.935814,-15.113833,0.126191,0.039917,-0.53407,-0.835016,-1.404765,134.391159,-18.380579,-0.179952,0.925895,0.127795,0.306601,-2.286259,125.656487,21.772768,0.328999,0.878352,0.11856,-0.325886,11.244154,130.27153,32.886337,-0.011862,0.237408,0.444791,-0.863515,24.856945,118.337631,17.381466,0.092128,0.085732,0.348345,-0.92888,13.799951,135.741898,8.396326,0.050556,0.890924,0.081272,0.443952,-7.442061,90.388489,8.619011,0.082373,0.928834,-0.015353,0.360896,-8.107525,53.934872,1.57456,-0.021496,0.948346,0.024148,0.315585,-15.956219,6.77886,0.094964,-0.057414,0.912724,-0.089663,0.39446,4.803984,90.448502,23.168968,-0.001446,0.905039,-0.123418,0.407025,6.069111,54.156406,30.928902,-0.079414,0.875956,-0.067634,0.470977,1.389112,7.786015,41.669731,-0.021496,0.948346,0.024148,0.315585,-7.087318,1.457857,-11.509803,-0.079414,0.875956,-0.067634,0.470977,13.777216,1.116705,35.05941
1190,9.916667,-0.00261,0.906551,0.001674,0.422084,-1.318122,90.417908,15.89244,-0.028962,0.908685,0.077341,0.409232,-1.366043,98.214989,15.898919,-0.031266,0.911385,0.052815,0.406953,-3.115657,113.101372,17.662312,0.06128,0.949158,-0.047658,0.305079,-4.972223,131.531219,18.977468,0.081024,0.975258,-0.077865,0.19038,-1.73884,145.849091,16.656044,0.006729,0.888248,0.10586,0.446949,-7.36109,125.541199,16.09413,0.415236,-0.557323,0.10354,-0.711513,-18.232536,127.471115,1.742511,0.086101,-0.026428,-0.566061,-0.819429,-9.715155,112.9272,-15.111451,0.126158,0.039471,-0.534268,-0.834916,-1.399023,134.384338,-18.384018,-0.18025,0.92572,0.127841,0.306936,-2.288607,125.64772,21.761948,0.32885,0.878531,0.118575,-0.325548,11.230458,130.269562,32.886494,-0.012196,0.237808,0.444694,-0.86345,24.858397,118.337402,17.393593,0.091881,0.086242,0.348247,-0.928894,13.806484,135.739807,8.40056,0.050332,0.890924,0.081316,0.44397,-7.438725,90.386337,8.615433,0.082449,0.928974,-0.01538,0.360517,-8.087872,53.931576,1.575418,-0.02138,0.948432,0.024236,0.31533,-15.944782,6.776848,0.098788,-0.057398,0.912692,-0.089647,0.39454,4.80248,90.449486,23.169447,-0.00153,0.904905,-0.12339,0.407331,6.066295,54.157036,30.927929,-0.079284,0.875965,-0.067599,0.470988,1.391026,7.786006,41.668011,-0.02138,0.948432,0.024236,0.31533,-7.083066,1.457079,-11.512028,-0.079284,0.875965,-0.067599,0.470988,13.777974,1.115514,35.056721
1191,9.925,-0.002618,0.906443,0.001679,0.422316,-1.318635,90.416634,15.891534,-0.028793,0.908519,0.077493,0.409585,-1.366705,98.213715,15.898028,-0.031395,0.911189,0.052903,0.40737,-3.114558,113.102531,17.667311,0.061629,0.949023,-0.047633,0.305432,-4.977395,131.531738,18.982603,0.080934,0.975222,-0.078066,0.190521,-1.733162,145.848038,16.666643,0.006533,0.888144,0.105787,0.447176,-7.361948,125.541344,16.096449,0.415211,-0.557259,0.103702,-0.711553,-18.226116,127.464638,1.738426,0.086066,-0.026516,-0.566027,-0.819453,-9.706931,112.916962,-15.111362,0.12609,0.039198,-0.534871,-0.834553,-1.388465,134.375229,-18.386583,-0.180519,0.925691,0.12777,0.306894,-2.294747,125.648689,21.768974,0.329023,0.878571,0.118608,-0.325252,11.221755,130.280334,32.892563,-0.012241,0.238125,0.444781,-0.863317,24.853479,118.339134,17.409954,0.091756,0.086559,0.348211,-0.92889,13.81273,135.741486,8.407678,0.050352,0.890773,0.081338,0.444267,-7.435509,90.384987,8.611391,0.082564,0.928865,-0.015506,0.360766,-8.082856,53.930645,1.569025,-0.021449,0.948365,0.024169,0.31553,-15.95384,6.7781,0.097571,-0.057461,0.912605,-0.08961,0.394741,4.798238,90.448288,23.171679,-0.001552,0.90483,-0.123383,0.407501,6.065763,54.155888,30.929768,-0.079707,0.8759,-0.067734,0.471019,1.390643,7.784698,41.669228,-0.021449,0.948365,0.024169,0.31553,-7.086722,1.457203,-11.508606,-0.079707,0.8759,-0.067734,0.471019,13.782324,1.11779,35.063194
1192,9.933333,-0.002683,0.906367,0.001741,0.422479,-1.318287,90.418266,15.890473,-0.028773,0.908417,0.077531,0.409804,-1.367678,98.215332,15.897404,-0.031484,0.911076,0.052869,0.40762,-3.115492,113.10067,17.667158,0.06158,0.948956,-0.047517,0.305667,-4.981171,131.529816,18.979462,0.081153,0.975157,-0.078135,0.190732,-1.738336,145.847031,16.667315,0.006418,0.888079,0.105798,0.447305,-7.363425,125.538841,16.092609,0.41543,-0.557052,0.103865,-0.711563,-18.223482,127.459099,1.731071,0.085997,-0.026701,-0.566139,-0.819377,-9.69494,112.904106,-15.107685,0.125893,0.038562,-0.53474,-0.834696,-1.382411,134.365036,-18.388624,-0.180607,0.925624,0.127758,0.30705,-2.299407,125.647369,21.767954,0.329077,0.878615,0.119001,-0.324935,11.212458,130.28093,32.896366,-0.012267,0.238265,0.444813,-0.863262,24.852308,118.34111,17.419861,0.091584,0.086772,0.348229,-0.928881,13.816187,135.743317,8.413611,0.050557,0.890664,0.081243,0.444479,-7.432546,90.386009,8.608137,0.082446,0.928745,-0.015528,0.361101,-8.094926,53.932053,1.565178,-0.021557,0.948351,0.02422,0.315561,-15.955779,6.777716,0.096909,-0.057479,0.912597,-0.089595,0.394759,4.795972,90.450523,23.17281,-0.001599,0.904744,-0.123368,0.407695,6.064967,54.158066,30.930412,-0.078153,0.876081,-0.06714,0.471028,1.392256,7.786542,41.669487,-0.021557,0.948351,0.02422,0.315561,-7.08657,1.459254,-11.508789,-0.078153,0.876081,-0.06714,0.471028,13.769057,1.109235,35.046089
1193,9.941667,-0.00272,0.906291,0.0018,0.422642,-1.318294,90.418175,15.887796,-0.028762,0.908319,0.077589,0.41001,-1.368598,98.215233,15.895308,-0.031531,0.910971,0.052893,0.407847,-3.117147,113.099495,17.666302,0.061567,0.948877,-0.047515,0.305915,-4.985112,131.528412,18.97823,0.081333,0.97508,-0.078218,0.191011,-1.741645,145.845673,16.667171,0.006141,0.887973,0.105831,0.447511,-7.365382,125.537323,16.089993,0.415621,-0.556879,0.103999,-0.711568,-18.218884,127.449974,1.722486,0.085909,-0.026821,-0.566257,-0.8193,-9.682481,112.888779,-15.1069,0.125945,0.037691,-0.534511,-0.834875,-1.376364,134.352081,-18.390537,-0.180689,0.925564,0.127697,0.307206,-2.304236,125.646126,21.767893,0.329083,0.878682,0.119175,-0.324683,11.203085,130.282013,32.900845,-0.012231,0.238334,0.444825,-0.863237,24.850527,118.34214,17.431089,0.091779,0.087252,0.348657,-0.928656,13.816643,135.743576,8.421902,0.050569,0.890551,0.081242,0.444704,-7.429929,90.385757,8.603261,0.082493,0.928735,-0.015603,0.361112,-8.091348,53.931892,1.559768,-0.021471,0.94831,0.024264,0.315687,-15.958905,6.778521,0.096428,-0.057489,0.912463,-0.089557,0.395077,4.793342,90.450584,23.172335,-0.001667,0.904621,-0.12337,0.407969,6.061399,54.157722,30.928158,-0.078171,0.87607,-0.067096,0.471051,1.391194,7.786274,41.668652,-0.021471,0.94831,0.024264,0.315687,-7.087438,1.460526,-11.507754,-0.078171,0.87607,-0.067096,0.471051,13.768798,1.110355,35.045357
1194,9.95,-0.002407,0.906176,0.001561,0.422891,-1.329688,90.413612,15.886614,-0.02856,0.908233,0.077563,0.410221,-1.373995,98.210716,15.892805,-0.031667,0.910877,0.052844,0.408054,-3.117391,113.098,17.665508,0.061207,0.948852,-0.047674,0.30604,-4.989531,131.52681,18.973272,0.081831,0.97501,-0.078091,0.191211,-1.754129,145.844742,16.655132,0.006132,0.887986,0.105691,0.447519,-7.367283,125.534737,16.08498,0.41595,-0.556656,0.104092,-0.711537,-18.220533,127.444862,1.716952,0.086011,-0.026976,-0.566265,-0.819279,-9.673205,112.876343,-15.100551,0.12575,0.037076,-0.534543,-0.834911,-1.367736,134.33905,-18.392805,-0.180467,0.925533,0.12756,0.307489,-2.308836,125.645515,21.765245,0.329171,0.878648,0.119265,-0.324653,11.195107,130.273987,32.905388,-0.012484,0.238421,0.445091,-0.863072,24.840742,118.332169,17.435513,0.091741,0.087441,0.348849,-0.92857,13.817972,135.745544,8.428797,0.050485,0.890446,0.081259,0.44492,-7.437348,90.384689,8.598731,0.08251,0.928674,-0.01564,0.361263,-8.090944,53.930389,1.556727,-0.021434,0.948289,0.024315,0.315748,-15.960963,6.777385,0.094769,-0.057668,0.912311,-0.08943,0.39543,4.777972,90.442535,23.174498,-0.001721,0.90455,-0.123362,0.408127,6.058914,54.149498,30.927423,-0.078476,0.876052,-0.066976,0.471051,1.391801,7.77787,41.668472,-0.021434,0.948289,0.024315,0.315748,-7.088264,1.460454,-11.508957,-0.078476,0.876052,-0.066976,0.471051,13.773459,1.109469,35.045181
1195,9.958333,-0.0025,0.906063,0.001655,0.423132,-1.325966,90.413712,15.883699,-0.028615,0.908102,0.077712,0.410479,-1.372219,98.210808,15.890587,-0.031728,0.910751,0.05281,0.408335,-3.119277,113.095734,17.665955,0.060806,0.948803,-0.04759,0.306286,-4.993341,131.524521,18.971071,0.082273,0.974906,-0.078131,0.191534,-1.768712,145.844864,16.652714,0.006041,0.888023,0.105252,0.44755,-7.368931,125.532089,16.081781,0.416171,-0.556399,0.104206,-0.711592,-18.221224,127.432289,1.711713,0.086045,-0.027146,-0.566381,-0.81919,-9.661366,112.858894,-15.095189,0.125809,0.03643,-0.534016,-0.835267,-1.362593,134.322495,-18.395098,-0.180534,0.925452,0.127308,0.307797,-2.314033,125.643631,21.765188,0.329097,0.878759,0.119276,-0.324424,11.18217,130.275177,32.913425,-0.012676,0.238816,0.445038,-0.862987,24.837191,118.333588,17.451672,0.091532,0.087738,0.348615,-0.92865,13.82162,135.744186,8.435021,0.050495,0.890373,0.081174,0.445082,-7.429734,90.383949,8.59256,0.082582,0.928622,-0.0157,0.36138,-8.085528,53.928696,1.555694,-0.021477,0.948264,0.024329,0.315821,-15.963848,6.777019,0.095616,-0.057631,0.9122,-0.089349,0.395711,4.777802,90.443481,23.174837,-0.001775,0.904388,-0.123428,0.408466,6.056304,54.149067,30.921698,-0.078287,0.876018,-0.066949,0.471149,1.387307,7.779008,41.668716,-0.021477,0.948264,0.024329,0.315821,-7.08887,1.460922,-11.50675,-0.078287,0.876018,-0.066949,0.471149,13.768535,1.108614,35.046623
1196,9.966667,-0.002591,0.905982,0.001733,0.423305,-1.321589,90.414551,15.881499,-0.028763,0.907989,0.077837,0.410695,-1.36964,98.211632,15.888879,-0.031697,0.910648,0.052764,0.408572,-3.122668,113.095352,17.665363,0.06114,0.948714,-0.047161,0.30656,-4.995352,131.524399,18.968899,0.082203,0.974868,-0.078366,0.191662,-1.764131,145.84584,16.666668,0.005912,0.887981,0.105051,0.447683,-7.370125,125.532127,16.078588,0.416579,-0.556193,0.104333,-0.711495,-18.218166,127.425423,1.704389,0.086293,-0.027181,-0.566499,-0.819081,-9.648674,112.841438,-15.088417,0.12589,0.036252,-0.533463,-0.835617,-1.356292,134.305923,-18.396471,-0.180601,0.92538,0.127293,0.30798,-2.318133,125.643303,21.764589,0.329145,0.878825,0.119478,-0.324122,11.173118,130.27594,32.918377,-0.012629,0.239101,0.445022,-0.862918,24.835991,118.332733,17.464815,0.091116,0.087422,0.348705,-0.928687,13.826588,135.739822,8.437483,0.050589,0.890256,0.081126,0.445314,-7.422563,90.38385,8.588022,0.082522,0.928614,-0.015779,0.36141,-8.084314,53.928722,1.551093,-0.021534,0.948305,0.024377,0.31569,-15.959989,6.776327,0.099795,-0.057591,0.91204,-0.089351,0.396085,4.779384,90.445244,23.174976,-0.001859,0.904291,-0.123348,0.408704,6.051922,54.150509,30.921326,-0.07842,0.875958,-0.066984,0.471234,1.390439,7.778609,41.663654,-0.021534,0.948305,0.024377,0.31569,-7.08744,1.462034,-11.505261,-0.07842,0.875958,-0.066984,0.471234,13.774417,1.109751,35.045162
1197,9.975,-0.002691,0.905908,0.001793,0.423463,-1.318974,90.417007,15.87984,-0.028719,0.907902,0.077916,0.410875,-1.368826,98.214073,15.887403,-0.031936,0.910548,0.052707,0.408785,-3.121572,113.094185,17.665833,0.061157,0.948624,-0.047132,0.306841,-5.001754,131.522888,18.963409,0.082406,0.974789,-0.078325,0.191993,-1.769152,145.844376,16.663403,0.005933,0.887993,0.104941,0.447684,-7.372859,125.528946,16.073549,0.41705,-0.555894,0.104504,-0.711428,-18.220833,127.421143,1.699159,0.086782,-0.027161,-0.566543,-0.819,-9.637174,112.825165,-15.075994,0.126077,0.036327,-0.533038,-0.835856,-1.346931,134.289078,-18.396309,-0.180656,0.925314,0.127281,0.30815,-2.323745,125.643555,21.762039,0.329101,0.878921,0.11954,-0.323884,11.162995,130.276962,32.920952,-0.012807,0.239244,0.445021,-0.862876,24.834591,118.333672,17.475157,0.091024,0.087614,0.348672,-0.928691,13.8277,135.742859,8.445782,0.050578,0.890251,0.081018,0.445344,-7.417396,90.385094,8.584235,0.082476,0.928652,-0.015813,0.361322,-8.081804,53.928577,1.554731,-0.021808,0.948378,0.02431,0.315458,-15.954744,6.77557,0.108799,-0.057611,0.911956,-0.089352,0.396275,4.779449,90.448914,23.175446,-0.001863,0.904193,-0.123295,0.408938,6.051745,54.154373,30.922703,-0.078523,0.875902,-0.067007,0.471318,1.389903,7.781219,41.659473,-0.021808,0.948378,0.02431,0.315458,-7.085065,1.461959,-11.498759,-0.078523,0.875902,-0.067007,0.471318,13.776326,1.113701,35.044201
1198,9.983333,-0.00272,0.905846,0.001925,0.423595,-1.318767,90.419159,15.877885,-0.028786,0.907778,0.078024,0.411125,-1.369901,98.216209,15.887113,-0.031949,0.910415,0.052698,0.409081,-3.126068,113.093636,17.666929,0.061108,0.948537,-0.047192,0.307111,-5.006976,131.522339,18.963371,0.082651,0.974713,-0.078281,0.19229,-1.774144,145.843643,16.662502,0.005883,0.887978,0.104809,0.447745,-7.376239,125.528427,16.071939,0.417547,-0.55564,0.104652,-0.711314,-18.222269,127.417099,1.695616,0.087233,-0.027201,-0.566584,-0.818922,-9.626614,112.808586,-15.062459,0.126222,0.036299,-0.532458,-0.836205,-1.338558,134.271561,-18.396294,-0.180775,0.925273,0.127281,0.308203,-2.330825,125.642982,21.763714,0.329101,0.878984,0.119645,-0.323673,11.153155,130.279877,32.924519,-0.012961,0.239376,0.445049,-0.862822,24.831272,118.336014,17.48494,0.090955,0.087871,0.348581,-0.928707,13.828892,135.746094,8.45457,0.050495,0.890209,0.081066,0.445429,-7.415061,90.38781,8.580497,0.082712,0.928627,-0.015855,0.361331,-8.071748,53.931255,1.550466,-0.021505,0.94824,0.024373,0.315887,-15.966884,6.782094,0.100038,-0.05765,0.911816,-0.089273,0.396609,4.777526,90.4505,23.175272,-0.001902,0.903999,-0.123367,0.409344,6.051969,54.155243,30.918854,-0.078616,0.875884,-0.067044,0.47133,1.385885,7.783785,41.661125,-0.021505,0.94824,0.024373,0.315887,-7.089859,1.46749,-11.501452,-0.078616,0.875884,-0.067044,0.47133,13.773405,1.116894,35.047272
1199,9.991667,-0.002722,0.905771,0.001986,0.423755,-1.319542,90.419075,15.874418,-0.028736,0.907717,0.078049,0.411258,-1.371109,98.216125,15.884487,-0.032073,0.91035,0.052708,0.409214,-3.126472,113.093437,17.665333,0.060614,0.94848,-0.047799,0.30729,-5.011922,131.521805,18.959957,0.083174,0.974593,-0.07788,0.192836,-1.786735,145.841553,16.638691,0.005836,0.887965,0.10473,0.447789,-7.378947,125.527168,16.068203,0.418014,-0.55539,0.104876,-0.711202,-18.22357,127.4132,1.690477,0.0876,-0.027288,-0.566566,-0.818893,-9.616918,112.790253,-15.049365,0.126134,0.036201,-0.531852,-0.836608,-1.327951,134.251297,-18.396139,-0.180887,0.925174,0.12736,0.308404,-2.335311,125.643227,21.761518,0.32908,0.879044,0.119623,-0.32354,11.142722,130.281433,32.928951,-0.013125,0.239517,0.445026,-0.862793,24.825581,118.336403,17.494478,0.090759,0.088113,0.348742,-0.928643,13.824815,135.747513,8.461883,0.050494,0.890141,0.081015,0.445574,-7.413252,90.388199,8.574875,0.082784,0.928496,-0.015953,0.361644,-8.070418,53.931026,1.548124,-0.021901,0.948199,0.02425,0.315991,-15.97476,6.783304,0.101233,-0.05767,0.911709,-0.089261,0.396854,4.774168,90.449951,23.173962,-0.00192,0.903928,-0.123353,0.409506,6.048256,54.154705,30.917622,-0.07892,0.875772,-0.067073,0.471483,1.382351,7.782936,41.658585,-0.021901,0.948199,0.02425,0.315991,-7.091325,1.469114,-11.495538,-0.07892,0.875772,-0.067073,0.471483,13.77572,1.120602,35.051109
1200,10.0,-0.00274,0.905706,0.002037,0.423892,-1.319214,90.418442,15.871665,-0.028733,0.907597,0.078141,0.411506,-1.371379,98.215492,15.882325,-0.032156,0.910211,0.052755,0.40951,-3.128178,113.091454,17.665113,0.060596,0.948363,-0.047892,0.30764,-5.017555,131.51944,18.959444,0.083346,0.974492,-0.077857,0.19328,-1.790622,145.838593,16.637045,0.005789,0.887974,0.10456,0.447811,-7.381678,125.524559,16.065825,0.418478,-0.555147,0.105015,-0.711098,-18.225595,127.406418,1.687019,0.087916,-0.027402,-0.566529,-0.818881,-9.607466,112.771797,-15.036713,0.125993,0.035939,-0.531179,-0.837068,-1.317237,134.229248,-18.39584,-0.180957,0.925121,0.127253,0.308564,-2.341806,125.641167,21.762463,0.329073,0.879108,0.119848,-0.32329,11.131734,130.28183,32.934299,-0.013161,0.239639,0.445031,-0.862756,24.822538,118.338142,17.50584,0.090721,0.088258,0.348664,-0.928662,13.824516,135.749359,8.469525,0.050455,0.890111,0.081029,0.445636,-7.410717,90.387665,8.570278,0.082842,0.928472,-0.015998,0.361693,-8.064313,53.930367,1.543821,-0.021556,0.948186,0.024445,0.316039,-15.975317,6.783709,0.098498,-0.057642,0.911647,-0.089311,0.396988,4.772288,90.449211,23.173052,-0.002003,0.903901,-0.123277,0.409588,6.041833,54.154385,30.919453,-0.078866,0.875797,-0.066965,0.471462,1.385162,7.780853,41.656815,-0.021556,0.948186,0.024445,0.316039,-7.09384,1.471647,-11.500745,-0.078866,0.875797,-0.066965,0.471462,13.778065,1.120117,35.046852
1201,10.008333,-0.002792,0.90564,0.002132,0.424033,-1.31724,90.418663,15.86819,-0.02876,0.907506,0.078352,0.411663,-1.370765,98.215698,15.879837,-0.032338,0.910121,0.052712,0.409701,-3.131694,113.094734,17.668219,0.06108,0.948231,-0.047847,0.307957,-5.026827,131.522446,18.957926,0.083366,0.974427,-0.077929,0.193571,-1.785652,145.839554,16.64267,0.005691,0.887904,0.104477,0.447973,-7.387978,125.526306,16.064486,0.419097,-0.554745,0.105266,-0.71101,-18.226702,127.404282,1.681252,0.08837,-0.027495,-0.566587,-0.818788,-9.589833,112.753258,-15.018421,0.125924,0.035708,-0.530622,-0.837442,-1.303573,134.207748,-18.392887,-0.180883,0.925064,0.127155,0.30882,-2.350672,125.645508,21.76334,0.328909,0.879215,0.120069,-0.323083,11.118117,130.283188,32.942146,-0.013031,0.239593,0.444932,-0.862821,24.82045,118.346916,17.518183,0.09083,0.088155,0.349279,-0.92843,13.816563,135.755569,8.479533,0.050457,0.890106,0.080972,0.445655,-7.406463,90.387764,8.564899,0.082845,0.928515,-0.016063,0.361578,-8.062017,53.929806,1.542096,-0.021956,0.948199,0.024288,0.315985,-15.975677,6.783393,0.103465,-0.057681,0.911454,-0.089251,0.39744,4.771982,90.449554,23.171482,-0.002082,0.903735,-0.123314,0.409942,6.042093,54.15427,30.915648,-0.079039,0.875753,-0.066974,0.471512,1.386553,7.781637,41.657379,-0.021956,0.948199,0.024288,0.315985,-7.091668,1.470784,-11.493588,-0.079039,0.875753,-0.066974,0.471512,13.782218,1.123542,35.049931
1202,10.016667,-0.003262,0.90554,0.002438,0.424241,-1.299669,90.410698,15.863371,-0.029012,0.907468,0.078271,0.411744,-1.361864,98.207672,15.876217,-0.03244,0.910099,0.05274,0.409738,-3.129821,113.094696,17.660042,0.060993,0.948193,-0.047414,0.308159,-5.028873,131.522064,18.949055,0.083639,0.974329,-0.07801,0.193912,-1.793042,145.842316,16.645849,0.00572,0.88803,0.104307,0.447761,-7.388516,125.525352,16.055563,0.419713,-0.554508,0.105314,-0.710825,-18.23411,127.400719,1.677175,0.088845,-0.027439,-0.566395,-0.818871,-9.585172,112.737488,-15.005526,0.125796,0.035305,-0.529993,-0.837876,-1.289203,134.185211,-18.389484,-0.180935,0.924903,0.127109,0.309289,-2.351768,125.645744,21.754881,0.328879,0.879291,0.120002,-0.322932,11.105834,130.282486,32.947533,-0.01316,0.239818,0.444996,-0.862724,24.813747,118.344368,17.529955,0.090793,0.088116,0.349287,-0.928435,13.817048,135.755478,8.486097,0.050609,0.890157,0.080943,0.445543,-7.38548,90.374191,8.557266,0.082921,0.928399,-0.016239,0.361851,-8.052889,53.917015,1.53147,-0.022083,0.948163,0.024573,0.316061,-15.978888,6.772346,0.103476,-0.057531,0.911421,-0.089361,0.397513,4.786142,90.447205,23.169476,-0.002097,0.9037,-0.12331,0.410021,6.042204,54.152084,30.916695,-0.078781,0.8758,-0.066775,0.471496,1.3872,7.779354,41.658264,-0.022083,0.948163,0.024573,0.316061,-7.090794,1.468848,-11.494617,-0.078781,0.8758,-0.066775,0.471496,13.780588,1.121814,35.045998
1203,10.025,-0.002368,0.905588,0.002115,0.424146,-1.334882,90.428505,15.865178,-0.028366,0.907448,0.077852,0.411914,-1.382303,98.225578,15.879381,-0.032655,0.909978,0.052845,0.409977,-3.124591,113.088989,17.656389,0.060935,0.948085,-0.047317,0.308518,-5.03283,131.515427,18.945148,0.083831,0.974218,-0.07799,0.194395,-1.797986,145.836502,16.645737,0.005784,0.888092,0.104283,0.447643,-7.388121,125.517746,16.0501,0.420161,-0.554162,0.105538,-0.710796,-18.237507,127.394356,1.674734,0.089165,-0.027538,-0.566372,-0.81885,-9.57256,112.71875,-14.988774,0.125683,0.034927,-0.529517,-0.83821,-1.276138,134.162735,-18.384554,-0.181108,0.924791,0.12702,0.309559,-2.354567,125.640213,21.752197,0.328758,0.879403,0.120148,-0.322696,11.094715,130.281769,32.952858,-0.013287,0.239991,0.444923,-0.862712,24.813709,118.347893,17.541861,0.090781,0.088338,0.348976,-0.928532,13.818143,135.756943,8.494136,0.050171,0.889941,0.081063,0.446,-7.422322,90.404793,8.560376,0.082919,0.928448,-0.016132,0.36173,-8.053213,53.945778,1.540728,-0.021842,0.948208,0.023896,0.315995,-15.975508,6.80075,0.104319,-0.057897,0.911331,-0.089159,0.397711,4.752557,90.452225,23.169979,-0.002099,0.903588,-0.123269,0.41028,6.037711,54.157566,30.914598,-0.080011,0.875545,-0.067345,0.471682,1.381388,7.783884,41.651493,-0.021842,0.948208,0.023896,0.315995,-7.09368,1.476228,-11.488937,-0.080011,0.875545,-0.067345,0.471682,13.789213,1.132915,35.059711
1204,10.033333,-0.003313,0.905504,0.002754,0.424316,-1.299855,90.414307,15.857117,-0.028735,0.907333,0.078168,0.412082,-1.364857,98.21125,15.874084,-0.032804,0.90988,0.052876,0.410179,-3.123415,113.089027,17.6567,0.060926,0.947987,-0.047172,0.308842,-5.037435,131.514984,18.943783,0.084038,0.97411,-0.078052,0.194824,-1.802801,145.836975,16.649773,0.005717,0.888138,0.104095,0.447597,-7.389699,125.516525,16.047903,0.420708,-0.553814,0.105569,-0.710739,-18.240597,127.387749,1.672976,0.089676,-0.02727,-0.566473,-0.818732,-9.557586,112.703896,-14.97386,0.126169,0.034653,-0.529246,-0.838319,-1.266637,134.147018,-18.372849,-0.181388,0.924689,0.127057,0.309686,-2.358819,125.64064,21.752325,0.328805,0.879473,0.120099,-0.322477,11.083939,130.289917,32.957615,-0.013267,0.240132,0.444929,-0.862669,24.808186,118.35096,17.555227,0.090842,0.08844,0.349022,-0.928499,13.816339,135.758636,8.502447,0.050589,0.890068,0.080949,0.44572,-7.38445,90.379486,8.549992,0.082989,0.928347,-0.016361,0.361963,-8.04894,53.922226,1.524347,-0.022309,0.948142,0.024417,0.316122,-15.98492,6.779009,0.103808,-0.057606,0.911255,-0.08931,0.397894,4.78474,90.449127,23.164242,-0.002095,0.903389,-0.123403,0.410677,6.044205,54.15398,30.910788,-0.079677,0.875639,-0.067072,0.471603,1.377582,7.783449,41.656807,-0.022309,0.948142,0.024417,0.316122,-7.093367,1.473402,-11.490669,-0.079677,0.875639,-0.067072,0.471603,13.781569,1.133317,35.056965
1205,10.041667,-0.003361,0.905456,0.002824,0.424418,-1.299793,90.414169,15.854174,-0.028699,0.907261,0.078274,0.412222,-1.365941,98.211098,15.871805,-0.032885,0.909801,0.052874,0.410347,-3.125137,113.08886,17.657541,0.060807,0.947917,-0.047017,0.309105,-5.042102,131.514618,18.942959,0.08433,0.974002,-0.078124,0.195208,-1.811058,145.838135,16.653316,0.005622,0.888175,0.103889,0.447572,-7.392472,125.515701,16.046497,0.42063,-0.553503,0.106095,-0.71095,-18.24423,127.380455,1.671378,0.08972,-0.027399,-0.566328,-0.818823,-9.550073,112.686028,-14.960294,0.126073,0.034286,-0.529049,-0.838473,-1.251864,134.125366,-18.364861,-0.181529,0.924594,0.127092,0.309873,-2.363761,125.640785,21.752811,0.328786,0.879527,0.120146,-0.32233,11.07295,130.292892,32.964176,-0.01337,0.240281,0.444936,-0.862623,24.80232,118.353775,17.566481,0.090885,0.088732,0.348832,-0.928538,13.814527,135.761078,8.51094,0.050578,0.890006,0.080964,0.445842,-7.382732,90.379082,8.545669,0.083059,0.928302,-0.016435,0.362058,-8.045018,53.921925,1.519312,-0.022307,0.948104,0.024453,0.316233,-15.989635,6.780067,0.102138,-0.057609,0.911224,-0.08934,0.397958,4.783147,90.449249,23.16268,-0.002054,0.903447,-0.123366,0.410561,6.041364,54.154526,30.911398,-0.07976,0.875557,-0.067058,0.471743,1.374013,7.783103,41.653252,-0.022307,0.948104,0.024453,0.316233,-7.095321,1.475456,-11.490681,-0.07976,0.875557,-0.067058,0.471743,13.781312,1.135072,35.057514
1206,10.05,-0.003382,0.9054,0.002821,0.424538,-1.301017,90.414825,15.853074,-0.028979,0.907207,0.078344,0.412307,-1.367441,98.211746,15.870522,-0.032783,0.909774,0.05292,0.410409,-3.135388,113.08905,17.654537,0.060983,0.947814,-0.047041,0.309381,-5.049706,131.514877,18.942928,0.084452,0.973887,-0.078132,0.195722,-1.812492,145.837357,16.65551,0.005574,0.888157,0.103697,0.447652,-7.400635,125.516823,16.045137,0.421347,-0.553089,0.10619,-0.710833,-18.249809,127.377228,1.667503,0.090161,-0.027369,-0.566301,-0.818795,-9.534781,112.669548,-14.941528,0.125834,0.033772,-0.528771,-0.838705,-1.236347,134.103317,-18.355885,-0.181569,0.924545,0.127096,0.309993,-2.372602,125.640152,21.752087,0.328681,0.879645,0.120046,-0.322152,11.060908,130.292679,32.967113,-0.013531,0.240448,0.444865,-0.862611,24.79903,118.353531,17.57724,0.090824,0.088921,0.348906,-0.928498,13.811143,135.761017,8.517844,0.050604,0.889938,0.080989,0.445972,-7.382023,90.379372,8.542964,0.083113,0.928191,-0.016501,0.362328,-8.04417,53.922714,1.514019,-0.022418,0.948058,0.024406,0.316366,-15.995354,6.781915,0.098502,-0.057633,0.911234,-0.089324,0.397935,4.77999,90.450272,23.163185,-0.002053,0.903426,-0.12335,0.410613,6.040486,54.15554,30.911531,-0.07975,0.875565,-0.067062,0.47173,1.373103,7.783732,41.65173,-0.022418,0.948058,0.024406,0.316366,-7.096748,1.477134,-11.490941,-0.07975,0.875565,-0.067062,0.47173,13.780048,1.135396,35.05563
1207,10.058333,-0.002576,0.905383,0.002338,0.424582,-1.332064,90.427902,15.856077,-0.028274,0.907159,0.078237,0.412483,-1.383911,98.224937,15.87203,-0.033104,0.909656,0.052884,0.41065,-3.129557,113.0867,17.659536,0.060572,0.947725,-0.046951,0.309747,-5.054491,131.511871,18.941303,0.084919,0.973729,-0.078151,0.196299,-1.827902,145.836807,16.654259,0.005517,0.888179,0.103541,0.447645,-7.400544,125.511696,16.043966,0.421508,-0.552791,0.10644,-0.710931,-18.249971,127.367714,1.665956,0.09006,-0.027616,-0.56602,-0.818992,-9.521811,112.652802,-14.92976,0.125171,0.0326,-0.528571,-0.838977,-1.208421,134.082031,-18.350227,-0.181691,0.924463,0.127016,0.310198,-2.375847,125.639435,21.753757,0.328664,0.879691,0.120027,-0.322052,11.051426,130.295486,32.974796,-0.013574,0.240568,0.44478,-0.86262,24.793144,118.355492,17.588799,0.090802,0.089423,0.349098,-0.92838,13.803965,135.7612,8.525003,0.050249,0.889758,0.081101,0.44635,-7.412446,90.402428,8.545403,0.083062,0.928262,-0.016409,0.362163,-8.044462,53.94445,1.520469,-0.022052,0.948122,0.02396,0.316235,-15.988217,6.802541,0.099991,-0.057923,0.911308,-0.089132,0.397766,4.748318,90.453377,23.16675,-0.002097,0.903393,-0.123328,0.410691,6.035528,54.158592,30.910439,-0.079706,0.875524,-0.06708,0.471811,1.37181,7.786307,41.650127,-0.022052,0.948122,0.02396,0.316235,-7.098113,1.48189,-11.488706,-0.079706,0.875524,-0.06708,0.471811,13.779489,1.137132,35.056259
1208,10.066667,-0.002614,0.905313,0.002374,0.42473,-1.330188,90.426292,15.853591,-0.028567,0.907085,0.078386,0.412596,-1.382816,98.223328,15.869786,-0.032976,0.909616,0.052896,0.410747,-3.138702,113.085381,17.657663,0.06038,0.947672,-0.046795,0.30997,-5.05965,131.510834,18.94158,0.085271,0.973602,-0.078242,0.196739,-1.838833,145.837616,16.658072,0.005409,0.888108,0.103448,0.447809,-7.406519,125.511574,16.042965,0.421753,-0.552469,0.106835,-0.710978,-18.250671,127.36322,1.660405,0.090178,-0.0277,-0.565969,-0.819012,-9.509523,112.634705,-14.916409,0.124893,0.032201,-0.528311,-0.839197,-1.194005,134.061111,-18.342854,-0.181773,0.924393,0.12701,0.310363,-2.382902,125.637375,21.753748,0.328519,0.879813,0.119931,-0.321903,11.039614,130.294983,32.979824,-0.013668,0.240749,0.444657,-0.862632,24.790478,118.35685,17.600554,0.090742,0.089519,0.349145,-0.928359,13.80012,135.75943,8.531312,0.050265,0.889713,0.081099,0.446438,-7.408188,90.400452,8.540938,0.083061,0.928255,-0.016473,0.362178,-8.040638,53.942574,1.515558,-0.022191,0.948135,0.023959,0.316187,-15.986501,6.800851,0.100672,-0.057917,0.911358,-0.089153,0.397648,4.747813,90.452126,23.166245,-0.002079,0.90349,-0.123333,0.410477,6.034982,54.157562,30.910959,-0.079657,0.875556,-0.067063,0.471761,1.372115,7.785374,41.651459,-0.022191,0.948135,0.023959,0.316187,-7.096048,1.481479,-11.488344,-0.079657,0.875556,-0.067063,0.471761,13.778512,1.135679,35.055698
1209,10.075,-0.002648,0.905282,0.002412,0.424796,-1.330323,90.424805,15.852508,-0.028533,0.907013,0.078449,0.412745,-1.383679,98.22184,15.86902,-0.03308,0.909526,0.052921,0.410934,-3.139698,113.083443,17.658707,0.060435,0.947564,-0.046727,0.310301,-5.064797,131.508545,18.941488,0.085433,0.973491,-0.078268,0.197205,-1.84174,145.835449,16.661867,0.005397,0.888147,0.103284,0.44777,-7.409266,125.508789,16.041985,0.421874,-0.552041,0.107248,-0.711176,-18.254683,127.357231,1.659973,0.090309,-0.027875,-0.565963,-0.818996,-9.495226,112.61911,-14.898628,0.124718,0.031929,-0.527999,-0.83943,-1.180486,134.042267,-18.334883,-0.181873,0.924286,0.126781,0.310717,-2.38809,125.635674,21.75489,0.328365,0.879922,0.119799,-0.32181,11.025134,130.29689,32.990582,-0.013775,0.241014,0.4446,-0.862585,24.783655,118.360924,17.616474,0.090781,0.089617,0.349158,-0.928341,13.797298,135.760849,8.539991,0.050246,0.88968,0.081113,0.446504,-7.407242,90.398712,8.538957,0.083089,0.928206,-0.016573,0.362293,-8.037457,53.940849,1.51326,-0.021504,0.948109,0.024381,0.316279,-15.989113,6.799901,0.105232,-0.057965,0.911286,-0.089105,0.397817,4.746595,90.450897,23.166059,-0.00212,0.903361,-0.123357,0.410752,6.03699,54.156113,30.909189,-0.079682,0.875591,-0.067055,0.471693,1.373444,7.784507,41.651909,-0.021504,0.948109,0.024381,0.316279,-7.102582,1.485661,-11.489146,-0.079682,0.875591,-0.067055,0.471693,13.77905,1.135165,35.05431
1210,10.083333,-0.002652,0.905246,0.002506,0.424872,-1.331202,90.42453,15.850212,-0.028524,0.906955,0.078534,0.412858,-1.38525,98.22155,15.868017,-0.033133,0.909463,0.052938,0.411068,-3.142259,113.082565,17.659861,0.060311,0.947479,-0.046626,0.310599,-5.069588,131.507462,18.942129,0.085714,0.973358,-0.078335,0.197715,-1.849634,145.835556,16.665518,0.00517,0.888078,0.103199,0.447929,-7.412586,125.507484,16.041903,0.422094,-0.551804,0.10743,-0.711202,-18.252939,127.347816,1.655027,0.090433,-0.027799,-0.56596,-0.818986,-9.482857,112.602402,-14.891444,0.124566,0.031789,-0.527633,-0.839688,-1.167798,134.02533,-18.327995,-0.181973,0.924222,0.126732,0.310867,-2.393136,125.63485,21.756315,0.328202,0.880053,0.119659,-0.321671,11.0154,130.298859,32.996433,-0.013945,0.241245,0.444452,-0.862594,24.783281,118.364738,17.629286,0.090647,0.089792,0.349066,-0.928372,13.79617,135.76088,8.54712,0.050169,0.889663,0.081144,0.446541,-7.406893,90.399124,8.535639,0.083172,0.928248,-0.016627,0.362161,-8.030703,53.941071,1.510366,-0.021556,0.948098,0.024337,0.316311,-15.991722,6.801611,0.105358,-0.057992,0.911275,-0.089134,0.397832,4.74449,90.449944,23.164785,-0.002091,0.903441,-0.123348,0.410578,6.035764,54.155773,30.910677,-0.079432,0.875596,-0.066873,0.471753,1.372115,7.783947,41.65237,-0.021556,0.948098,0.024337,0.316311,-7.103989,1.486659,-11.487772,-0.079432,0.875596,-0.066873,0.471753,13.776686,1.135102,35.052319
1211,10.091667,-0.002652,0.905196,0.002541,0.424979,-1.330449,90.424065,15.848045,-0.028467,0.90689,0.078648,0.412982,-1.384719,98.221085,15.866343,-0.033253,0.909392,0.052928,0.411216,-3.14172,113.08075,17.661659,0.060504,0.947347,-0.046712,0.31095,-5.073146,131.505402,18.941414,0.085761,0.97325,-0.078272,0.198252,-1.845711,145.831955,16.665834,0.004996,0.888047,0.103212,0.447991,-7.413964,125.504662,16.040997,0.422268,-0.551604,0.107581,-0.711231,-18.252377,127.339828,1.652005,0.090641,-0.027682,-0.565918,-0.818996,-9.473338,112.588593,-14.884528,0.124666,0.031712,-0.527105,-0.840008,-1.156143,134.009521,-18.3218,-0.182263,0.924098,0.126774,0.311049,-2.396485,125.633598,21.757103,0.328141,0.880133,0.119593,-0.321538,11.004112,130.305191,33.003529,-0.013987,0.241416,0.444389,-0.862578,24.777962,118.370628,17.642078,0.090568,0.089858,0.349219,-0.928315,13.79239,135.764008,8.554563,0.050235,0.889637,0.081119,0.44659,-7.404414,90.398964,8.53204,0.083174,0.928155,-0.016679,0.362398,-8.03301,53.941093,1.506215,-0.021668,0.948087,0.02433,0.316338,-15.995595,6.80182,0.103798,-0.058028,0.91126,-0.089123,0.397862,4.743517,90.449173,23.164051,-0.002082,0.903391,-0.123351,0.410688,6.037283,54.155182,30.910337,-0.079594,0.87558,-0.066929,0.471746,1.371378,7.783437,41.651394,-0.021668,0.948087,0.02433,0.316338,-7.106011,1.487749,-11.488313,-0.079594,0.87558,-0.066929,0.471746,13.777428,1.135802,35.052917
1212,10.1,-0.002725,0.905185,0.002599,0.425001,-1.328565,90.423119,15.847371,-0.028467,0.906861,0.078704,0.413035,-1.384261,98.220131,15.865996,-0.033388,0.909352,0.052953,0.411291,-3.14203,113.079216,17.662716,0.060225,0.947299,-0.046617,0.311165,-5.078512,131.503433,18.941092,0.08621,0.973117,-0.078287,0.198703,-1.858748,145.831879,16.666544,0.004941,0.888039,0.103087,0.448035,-7.41723,125.501907,16.040579,0.422465,-0.551376,0.107772,-0.711262,-18.254221,127.333466,1.650052,0.090833,-0.027692,-0.565892,-0.818993,-9.465164,112.575005,-14.874713,0.124542,0.031794,-0.526351,-0.840496,-1.147252,133.992935,-18.317043,-0.182394,0.924008,0.12688,0.311197,-2.400828,125.632477,21.757595,0.32819,0.880132,0.119927,-0.321365,10.994702,130.305969,33.009277,-0.013958,0.241417,0.444399,-0.862573,24.772312,118.373451,17.649591,0.090452,0.090049,0.349381,-0.928247,13.787169,135.76683,8.561546,0.050177,0.889576,0.081253,0.446694,-7.402172,90.397209,8.531069,0.083489,0.928191,-0.016799,0.362228,-8.021669,53.940536,1.498292,-0.0216,0.947925,0.02423,0.316836,-16.016409,6.806672,0.097001,-0.057966,0.911327,-0.08915,0.397713,4.745043,90.449028,23.163673,-0.002069,0.903486,-0.123376,0.410471,6.035065,54.154842,30.909693,-0.079368,0.875635,-0.066784,0.471704,1.369667,7.783666,41.65345,-0.0216,0.947925,0.02423,0.316836,-7.1158,1.489404,-11.485184,-0.079368,0.875635,-0.066784,0.471704,13.773134,1.135755,35.050385
1213,10.108333,-0.002707,0.905126,0.002641,0.425127,-1.328682,90.421417,15.845529,-0.028568,0.906815,0.078659,0.413138,-1.384408,98.218422,15.864858,-0.0332,0.909318,0.053135,0.411358,-3.144044,113.072945,17.658323,0.059862,0.947232,-0.046713,0.311426,-5.077036,131.496902,18.94557,0.086515,0.972953,-0.078302,0.199365,-1.865361,145.826416,16.666206,0.004795,0.888026,0.10298,0.448087,-7.416595,125.497284,16.041815,0.422672,-0.551263,0.107763,-0.711228,-18.251955,127.322578,1.649268,0.091068,-0.027551,-0.565814,-0.819025,-9.456861,112.561455,-14.869894,0.124594,0.031804,-0.526015,-0.840698,-1.134237,133.978271,-18.312868,-0.182669,0.923897,0.126826,0.311385,-2.400849,125.624039,21.759493,0.327953,0.880252,0.119447,-0.321458,10.986814,130.305756,33.017117,-0.014306,0.241694,0.444301,-0.862541,24.76899,118.374489,17.660559,0.090304,0.090048,0.349211,-0.928326,13.785759,135.767609,8.568892,0.050225,0.889617,0.081147,0.446625,-7.400259,90.396156,8.527537,0.083277,0.928139,-0.016744,0.362413,-8.026996,53.938568,1.500175,-0.021603,0.948053,0.02432,0.316446,-16.000854,6.801147,0.099779,-0.057979,0.911321,-0.089124,0.397732,4.742894,90.446671,23.163519,-0.002087,0.903461,-0.123381,0.410526,6.034421,54.152264,30.908247,-0.07929,0.875641,-0.066744,0.471711,1.369713,7.78121,41.652843,-0.021603,0.948053,0.02432,0.316446,-7.109384,1.486234,-11.490504,-0.07929,0.875641,-0.066744,0.471711,13.772589,1.133022,35.048943
1214,10.116667,-0.002641,0.905099,0.002595,0.425185,-1.330433,90.421082,15.845765,-0.028511,0.906762,0.078745,0.413243,-1.384916,98.218094,15.864881,-0.033305,0.909254,0.053121,0.411493,-3.144124,113.07132,17.661062,0.059953,0.947137,-0.046549,0.311723,-5.080648,131.495071,18.945919,0.086689,0.972843,-0.078418,0.199779,-1.86674,145.825134,16.673288,0.004683,0.887964,0.102947,0.448219,-7.418285,125.494781,16.042021,0.422679,-0.551148,0.107969,-0.711281,-18.249401,127.316414,1.645818,0.09123,-0.027392,-0.565709,-0.819085,-9.450397,112.55014,-14.866654,0.12466,0.031969,-0.525921,-0.840741,-1.121916,133.964767,-18.307405,-0.182736,0.923841,0.126785,0.311531,-2.404335,125.62294,21.761242,0.327879,0.880299,0.119543,-0.32137,10.979149,130.306305,33.023148,-0.014336,0.241683,0.444211,-0.86259,24.766363,118.37841,17.668497,0.090158,0.090106,0.349466,-0.928238,13.779262,135.769379,8.577205,0.050234,0.889551,0.081131,0.446758,-7.401064,90.396599,8.526989,0.083227,0.928095,-0.016739,0.362536,-8.027864,53.938877,1.500291,-0.021469,0.948072,0.024312,0.316399,-15.997046,6.800652,0.100157,-0.058019,0.911362,-0.089097,0.397638,4.740199,90.445557,23.164541,-0.002058,0.903517,-0.123387,0.410401,6.035993,54.151134,30.908495,-0.079379,0.875646,-0.066873,0.471668,1.370047,7.78023,41.653191,-0.021469,0.948072,0.024312,0.316399,-7.108182,1.484215,-11.491426,-0.079379,0.875646,-0.066873,0.471668,13.772625,1.130284,35.050507
1215,10.125,-0.002596,0.905048,0.002573,0.425294,-1.33238,90.41967,15.846395,-0.028455,0.906707,0.078772,0.413362,-1.386089,98.21669,15.865493,-0.033416,0.90919,0.053128,0.411625,-3.144267,113.069107,17.662788,0.059725,0.94707,-0.046523,0.311974,-5.084822,131.492554,18.945915,0.087142,0.972708,-0.078384,0.200252,-1.876409,145.823822,16.673038,0.004645,0.887971,0.102741,0.448252,-7.420393,125.491623,16.041679,0.422846,-0.550863,0.108085,-0.711385,-18.250452,127.308846,1.644121,0.091615,-0.027181,-0.565636,-0.8191,-9.437645,112.539459,-14.858216,0.124759,0.032223,-0.526672,-0.840246,-1.104321,133.953262,-18.300955,-0.182886,0.923766,0.126827,0.311649,-2.408203,125.621124,21.762415,0.327816,0.880351,0.119756,-0.321213,10.970642,130.308014,33.02837,-0.014331,0.241666,0.444131,-0.862635,24.764616,118.384293,17.676542,0.090018,0.090123,0.349672,-0.928172,13.773998,135.773041,8.58526,0.050168,0.889572,0.081178,0.446716,-7.401258,90.39579,8.52616,0.083289,0.928124,-0.016766,0.362446,-8.022509,53.938145,1.49857,-0.021372,0.948069,0.024275,0.316416,-15.998175,6.800991,0.099419,-0.05806,0.911404,-0.089046,0.397546,4.736497,90.443542,23.16663,-0.002027,0.9036,-0.123401,0.410213,6.037407,54.148792,30.908203,-0.079526,0.875616,-0.066969,0.471686,1.37043,7.778203,41.653824,-0.021372,0.948069,0.024275,0.316416,-7.110075,1.482623,-11.491866,-0.079526,0.875616,-0.066969,0.471686,13.774529,1.128373,35.053871
1216,10.133333,-0.002584,0.905009,0.002591,0.425376,-1.331437,90.41893,15.846115,-0.028461,0.906631,0.078889,0.413506,-1.38509,98.21595,15.865546,-0.033509,0.909106,0.0531,0.411805,-3.145253,113.068512,17.665752,0.059517,0.946985,-0.046476,0.312278,-5.088757,131.491837,18.946131,0.087515,0.972567,-0.078433,0.200758,-1.885273,145.824326,16.674007,0.00466,0.887988,0.102623,0.448245,-7.422355,125.49028,16.041586,0.422827,-0.550658,0.10836,-0.711514,-18.252625,127.306053,1.644005,0.091696,-0.027298,-0.565492,-0.819186,-9.431898,112.531326,-14.849305,0.124594,0.032005,-0.527045,-0.840045,-1.091358,133.941177,-18.298105,-0.182924,0.923721,0.126821,0.311761,-2.41251,125.621071,21.764341,0.327436,0.880522,0.119294,-0.321302,10.963285,130.308456,33.033703,-0.014827,0.241863,0.443936,-0.862672,24.766401,118.391457,17.684887,0.089807,0.09026,0.349566,-0.928219,13.771809,135.779572,8.59495,0.050117,0.889654,0.081216,0.446552,-7.398988,90.395424,8.524784,0.083258,0.92811,-0.016809,0.362488,-8.016861,53.937847,1.496527,-0.021377,0.948122,0.024235,0.316261,-15.991182,6.800323,0.101961,-0.058096,0.911392,-0.089021,0.397574,4.736114,90.442436,23.167446,-0.002029,0.903582,-0.123418,0.410247,6.039908,54.147675,30.908438,-0.079376,0.875687,-0.066962,0.47158,1.37209,7.777485,41.655411,-0.021377,0.948122,0.024235,0.316261,-7.106903,1.480819,-11.491724,-0.079376,0.875687,-0.066962,0.47158,13.772768,1.125137,35.051582
1217,10.141667,-0.002669,0.904978,0.002669,0.425441,-1.32719,90.417389,15.846169,-0.028593,0.906571,0.079044,0.413599,-1.382564,98.214394,15.866129,-0.033572,0.909052,0.053096,0.411921,-3.148613,113.067612,17.668892,0.059449,0.946896,-0.046363,0.312577,-5.094349,131.490799,18.947903,0.08779,0.972426,-0.078587,0.201257,-1.892546,145.824265,16.679602,0.004654,0.887968,0.102522,0.448307,-7.426565,125.488876,16.043018,0.42288,-0.550475,0.108519,-0.711599,-18.254818,127.303017,1.643714,0.091692,-0.027457,-0.565349,-0.81928,-9.426147,112.524727,-14.842151,0.124233,0.031523,-0.527719,-0.839694,-1.078773,133.930222,-18.296333,-0.183034,0.923685,0.12691,0.311767,-2.418242,125.620438,21.767092,0.327204,0.880625,0.11916,-0.321308,10.955966,130.310272,33.037327,-0.01519,0.241938,0.443855,-0.862687,24.766144,118.399368,17.690113,0.089667,0.090345,0.34929,-0.928329,13.76999,135.788437,8.604419,0.050189,0.889619,0.081122,0.44663,-7.39369,90.393044,8.523967,0.083238,0.928185,-0.016753,0.362304,-8.018853,53.934868,1.499461,-0.021432,0.948145,0.024315,0.31618,-15.989764,6.796846,0.102192,-0.05805,0.911397,-0.089059,0.397561,4.739308,90.441727,23.168371,-0.00198,0.903698,-0.123407,0.409997,6.039002,54.147064,30.910515,-0.079463,0.875678,-0.066942,0.471586,1.370347,7.776585,41.655872,-0.021432,0.948145,0.024315,0.31618,-7.106604,1.480053,-11.493599,-0.079463,0.875678,-0.066942,0.471586,13.772217,1.126097,35.052406
1218,10.15,-0.002673,0.904965,0.002636,0.425469,-1.327661,90.416435,15.846984,-0.028529,0.906526,0.079157,0.413681,-1.382872,98.213448,15.866452,-0.03367,0.908997,0.053034,0.412041,-3.14878,113.066673,17.672968,0.059404,0.946828,-0.046118,0.312826,-5.097054,131.489868,18.948116,0.08806,0.972315,-0.078774,0.201604,-1.897655,145.825058,16.687294,0.004587,0.887915,0.102487,0.448423,-7.427752,125.487137,16.043671,0.422862,-0.550223,0.10883,-0.711758,-18.252266,127.298973,1.641273,0.09161,-0.027664,-0.565339,-0.819289,-9.413571,112.514877,-14.834014,0.124018,0.030955,-0.528467,-0.839276,-1.066139,133.919693,-18.293888,-0.183126,0.923623,0.126938,0.311886,-2.421034,125.620316,21.769106,0.327162,0.880645,0.119319,-0.321236,10.949266,130.311935,33.043224,-0.015391,0.242016,0.443837,-0.862671,24.76297,118.404533,17.69648,0.089298,0.09042,0.349295,-0.928355,13.767505,135.795349,8.611662,0.050132,0.889728,0.081185,0.446408,-7.393696,90.391769,8.524404,0.083264,0.928225,-0.016756,0.362195,-8.014721,53.933929,1.497789,-0.021397,0.948163,0.0243,0.316132,-15.988183,6.796342,0.1008,-0.05805,0.911405,-0.089027,0.397549,4.738374,90.441109,23.169565,-0.002003,0.903655,-0.123403,0.410092,6.039125,54.146015,30.909554,-0.079486,0.875665,-0.067011,0.471595,1.371482,7.775453,41.65501,-0.021397,0.948163,0.0243,0.316132,-7.106627,1.478776,-11.495857,-0.079486,0.875665,-0.067011,0.471595,13.773443,1.123736,35.052959
1219,10.158333,-0.002552,0.90493,0.002526,0.425546,-1.329581,90.415771,15.8499,-0.028603,0.906464,0.079232,0.413796,-1.382364,98.212799,15.868614,-0.03372,0.908936,0.053025,0.412173,-3.151666,113.067154,17.676212,0.059347,0.946727,-0.046086,0.313149,-5.101659,131.49025,18.950039,0.088361,0.972162,-0.078921,0.202153,-1.90283,145.825851,16.691051,0.004541,0.887892,0.102384,0.448492,-7.431057,125.487228,16.045139,0.422881,-0.550134,0.108981,-0.711792,-18.253345,127.296196,1.640701,0.0915,-0.027879,-0.565203,-0.819388,-9.41156,112.508102,-14.829341,0.12367,0.03029,-0.529039,-0.838991,-1.057904,133.9086,-18.293898,-0.183224,0.923598,0.127042,0.311858,-2.426051,125.62101,21.77206,0.327134,0.880666,0.119464,-0.321151,10.943582,130.314682,33.04612,-0.01559,0.242024,0.443753,-0.862708,24.760744,118.409836,17.700504,0.088872,0.090604,0.349288,-0.928381,13.762119,135.800308,8.618875,0.050127,0.889705,0.081203,0.446451,-7.394389,90.392288,8.526295,0.083219,0.928243,-0.016747,0.36216,-8.014139,53.934647,1.498593,-0.021375,0.948197,0.024241,0.316036,-15.983449,6.796321,0.102671,-0.058099,0.911399,-0.08896,0.397571,4.735228,90.439247,23.173506,-0.001987,0.90368,-0.123411,0.410034,6.041115,54.143703,30.910486,-0.079363,0.875737,-0.066965,0.471489,1.37242,7.773325,41.65625,-0.021375,0.948197,0.024241,0.316036,-7.104631,1.476886,-11.495234,-0.079363,0.875737,-0.066965,0.471489,13.77145,1.120413,35.049892
1220,10.166667,-0.002464,0.904903,0.002463,0.425604,-1.331582,90.414452,15.850801,-0.028664,0.906422,0.079385,0.413856,-1.382692,98.211494,15.869202,-0.033864,0.908898,0.052953,0.412254,-3.155724,113.065628,17.680159,0.059481,0.946646,-0.045912,0.313393,-5.109618,131.488647,18.949163,0.088675,0.972048,-0.07907,0.202505,-1.90768,145.824677,16.697294,0.004543,0.88784,0.102332,0.448606,-7.437253,125.484467,16.045252,0.422871,-0.549852,0.109236,-0.711977,-18.255835,127.29306,1.637983,0.091397,-0.028121,-0.565203,-0.819391,-9.401894,112.501289,-14.822223,0.123381,0.029684,-0.529752,-0.838606,-1.048751,133.901291,-18.293341,-0.183224,0.923578,0.127116,0.311889,-2.433403,125.620613,21.773127,0.326891,0.880766,0.119328,-0.321178,10.93554,130.313187,33.048458,-0.015984,0.242077,0.443681,-0.862723,24.759478,118.415108,17.703709,0.088685,0.090691,0.349233,-0.928411,13.75867,135.808151,8.627299,0.050143,0.889558,0.081176,0.446748,-7.395457,90.391991,8.52642,0.08317,0.928305,-0.01666,0.362016,-8.014807,53.934132,1.499779,-0.021666,0.948214,0.024019,0.315982,-15.97699,6.794748,0.099077,-0.058135,0.911407,-0.088915,0.397558,4.732293,90.43692,23.17518,-0.002001,0.903681,-0.123437,0.410025,6.042064,54.14109,30.910158,-0.07922,0.87578,-0.066937,0.471438,1.373649,7.771349,41.658775,-0.021666,0.948214,0.024019,0.315982,-7.097003,1.471948,-11.496386,-0.07922,0.87578,-0.066937,0.471438,13.770342,1.116693,35.049797
1221,10.175,-0.002491,0.90487,0.002457,0.425674,-1.329428,90.413681,15.851649,-0.028635,0.906353,0.079481,0.41399,-1.380896,98.210716,15.869787,-0.033899,0.908821,0.05296,0.412422,-3.154732,113.065506,17.683544,0.059603,0.946539,-0.045432,0.313762,-5.11013,131.488403,18.95186,0.088794,0.971912,-0.079495,0.202938,-1.90763,145.826813,16.71604,0.004444,0.887866,0.102278,0.448568,-7.436347,125.484108,16.04707,0.422935,-0.549648,0.109336,-0.712081,-18.256199,127.288506,1.640229,0.091285,-0.028428,-0.565272,-0.819345,-9.392638,112.495232,-14.813455,0.123085,0.029132,-0.530353,-0.838288,-1.043827,133.895798,-18.293646,-0.183396,0.923511,0.127183,0.311959,-2.434639,125.620529,21.77681,0.326833,0.880793,0.119585,-0.321065,10.93044,130.317337,33.054962,-0.01609,0.242097,0.443625,-0.862744,24.759636,118.424545,17.710842,0.088457,0.090761,0.349017,-0.928507,13.757175,135.816849,8.6356,0.050155,0.88966,0.081194,0.446538,-7.392165,90.390701,8.526327,0.083151,0.928312,-0.016667,0.362002,-8.013406,53.933144,1.498262,-0.021604,0.948229,0.023968,0.315944,-15.974169,6.793475,0.098992,-0.058199,0.911259,-0.088843,0.397904,4.733309,90.436653,23.176973,-0.001982,0.903697,-0.123404,0.409998,6.046595,54.140427,30.909491,-0.078757,0.875822,-0.066834,0.471452,1.378218,7.76988,41.654682,-0.021604,0.948229,0.023968,0.315944,-7.095941,1.468642,-11.496886,-0.078757,0.875822,-0.066834,0.471452,13.770329,1.110434,35.041924
1222,10.183333,-0.002488,0.904853,0.002462,0.425709,-1.328035,90.413589,15.852345,-0.028703,0.906319,0.079562,0.414044,-1.379486,98.210625,15.870563,-0.033975,0.908785,0.052995,0.412489,-3.156383,113.065704,17.685667,0.059617,0.946487,-0.045181,0.313954,-5.114959,131.488281,18.95385,0.089171,0.971797,-0.07973,0.203228,-1.913527,145.828171,16.725927,0.004313,0.887738,0.102398,0.448795,-7.439746,125.483635,16.048634,0.422969,-0.549589,0.109451,-0.712088,-18.252254,127.286598,1.636104,0.091047,-0.02861,-0.565354,-0.819308,-9.38681,112.489685,-14.813283,0.12276,0.02862,-0.530654,-0.838163,-1.042836,133.891968,-18.294455,-0.183514,0.923473,0.127334,0.311941,-2.438967,125.620804,21.779163,0.326605,0.880871,0.119557,-0.321095,10.924938,130.319702,33.057835,-0.016403,0.242073,0.44355,-0.862783,24.760319,118.43499,17.713032,0.088316,0.09082,0.348965,-0.928534,13.754141,135.828873,8.644279,0.050189,0.889543,0.081163,0.446775,-7.390199,90.390701,8.52655,0.083081,0.928298,-0.016625,0.362056,-8.012829,53.933025,1.499221,-0.021281,0.948272,0.024114,0.315827,-15.965909,6.79211,0.098115,-0.058199,0.911205,-0.088857,0.398023,4.734129,90.436478,23.178139,-0.001941,0.903738,-0.123406,0.409908,6.046037,54.14043,30.911768,-0.079315,0.875762,-0.06707,0.471435,1.375101,7.769916,41.655994,-0.021281,0.948272,0.024114,0.315827,-7.093566,1.468201,-11.502687,-0.079315,0.875762,-0.06707,0.471435,13.772209,1.11363,35.049431
1223,10.191667,-0.002489,0.904839,0.002431,0.425739,-1.327907,90.414612,15.853241,-0.028694,0.906295,0.079614,0.414087,-1.379167,98.211655,15.871019,-0.034118,0.908751,0.053042,0.412547,-3.156262,113.064041,17.687269,0.059803,0.946358,-0.04514,0.314314,-5.120464,131.486069,18.95471,0.089356,0.971636,-0.079909,0.203847,-1.912856,145.825272,16.731327,0.004332,0.887717,0.102666,0.448776,-7.443056,125.480667,16.049307,0.423128,-0.549415,0.109486,-0.712123,-18.256205,127.288521,1.637866,0.090997,-0.028899,-0.565457,-0.819233,-9.38199,112.489571,-14.804967,0.122538,0.02811,-0.531057,-0.837958,-1.044219,133.89238,-18.296131,-0.183686,0.923419,0.127436,0.311957,-2.443148,125.619446,21.78056,0.326359,0.880938,0.119591,-0.321149,10.918101,130.322479,33.060658,-0.016746,0.24193,0.443472,-0.862857,24.75948,118.447914,17.713415,0.088453,0.091351,0.348813,-0.928526,13.746012,135.845535,8.65535,0.050143,0.88955,0.081164,0.446764,-7.389595,90.391472,8.527052,0.0831,0.928314,-0.016599,0.362011,-8.009259,53.933472,1.501159,-0.021204,0.948287,0.024097,0.315788,-15.963202,6.792781,0.097462,-0.058189,0.911232,-0.088841,0.397967,4.733781,90.437759,23.17943,-0.001974,0.90378,-0.123398,0.409818,6.045943,54.141426,30.911652,-0.078417,0.875886,-0.066774,0.471398,1.379204,7.770744,41.656963,-0.021204,0.948287,0.024097,0.315788,-7.092705,1.467644,-11.504192,-0.078417,0.875886,-0.066774,0.471398,13.766822,1.107231,35.03989
1224,10.2,-0.002477,0.90482,0.00245,0.42578,-1.327543,90.414391,15.853807,-0.028781,0.906279,0.079641,0.414109,-1.378759,98.211426,15.871939,-0.034169,0.908738,0.05313,0.41256,-3.158614,113.063553,17.687794,0.059561,0.946324,-0.044857,0.314503,-5.125915,131.485107,18.957394,0.089925,0.971471,-0.080192,0.204273,-1.926734,145.827179,16.740377,0.004244,0.887657,0.102565,0.448919,-7.447411,125.47966,16.051186,0.423149,-0.549324,0.109423,-0.71219,-18.25593,127.283562,1.635784,0.090796,-0.029039,-0.565596,-0.819155,-9.376282,112.487701,-14.806883,0.122279,0.027766,-0.531384,-0.837799,-1.04605,133.893753,-18.29859,-0.183808,0.923378,0.127513,0.311976,-2.447722,125.618591,21.782623,0.326101,0.881026,0.119784,-0.321097,10.911487,130.324478,33.063938,-0.016919,0.241867,0.443333,-0.862943,24.762463,118.462013,17.715996,0.088349,0.091408,0.348811,-0.928531,13.74192,135.858063,8.662648,0.050159,0.889505,0.081167,0.446852,-7.388557,90.391609,8.527062,0.083122,0.928293,-0.016611,0.36206,-8.008461,53.93375,1.500443,-0.02132,0.948296,0.024021,0.315758,-15.964657,6.793439,0.096709,-0.058198,0.91123,-0.088835,0.397971,4.73347,90.437164,23.180552,-0.001946,0.903819,-0.123393,0.409734,6.046364,54.140812,30.912584,-0.078446,0.875888,-0.066773,0.471389,1.378419,7.769993,41.656799,-0.02132,0.948296,0.024021,0.315758,-7.093851,1.467318,-11.504252,-0.078446,0.875888,-0.066773,0.471389,13.766228,1.106926,35.039646
1225,10.208333,-0.002661,0.904859,0.002714,0.425695,-1.325153,90.419945,15.853733,-0.028718,0.906276,0.079634,0.414124,-1.380719,98.216942,15.874368,-0.034329,0.908702,0.05319,0.412618,-3.15799,113.0625,17.68998,0.059426,0.946185,-0.045042,0.31492,-5.131662,131.483414,18.958986,0.090271,0.971246,-0.080262,0.20516,-1.932918,145.82489,16.737537,0.004155,0.887639,0.102732,0.448915,-7.450713,125.47715,16.052528,0.423439,-0.549044,0.109374,-0.712241,-18.259369,127.280869,1.6372,0.090801,-0.029321,-0.565863,-0.81896,-9.36457,112.484444,-14.796783,0.122036,0.02746,-0.531592,-0.837713,-1.048873,133.895004,-18.300343,-0.184309,0.923268,0.127806,0.311885,-2.45192,125.617836,21.78471,0.325989,0.881122,0.119629,-0.321005,10.902669,130.336868,33.066021,-0.017135,0.242028,0.443201,-0.862961,24.759966,118.474731,17.723516,0.088061,0.09151,0.348736,-0.928577,13.737765,135.868362,8.668002,0.050082,0.889439,0.08122,0.446983,-7.387537,90.396126,8.528121,0.08319,0.928247,-0.01663,0.362161,-7.999581,53.938339,1.500437,-0.021108,0.948296,0.023861,0.315784,-15.962309,6.799185,0.095124,-0.058121,0.911269,-0.088875,0.397885,4.737231,90.443764,23.179344,-0.001962,0.903875,-0.123378,0.409615,6.044497,54.147293,30.911753,-0.078405,0.875912,-0.067,0.47132,1.379979,7.776132,41.655968,-0.021108,0.948296,0.023861,0.315784,-7.093651,1.466626,-11.504526,-0.078405,0.875912,-0.067,0.47132,13.765122,1.106945,35.039978
1226,10.216667,-0.002646,0.904853,0.002703,0.425708,-1.32597,90.419136,15.855304,-0.028701,0.906269,0.079631,0.41414,-1.381245,98.216148,15.875877,-0.034413,0.908686,0.053259,0.412636,-3.157808,113.059784,17.691353,0.059225,0.946143,-0.044652,0.315138,-5.135387,131.480209,18.961374,0.090779,0.971078,-0.080634,0.205584,-1.944799,145.825027,16.749754,0.003962,0.88758,0.102939,0.448987,-7.453042,125.473633,16.054443,0.423374,-0.548602,0.109634,-0.712581,-18.259426,127.274765,1.637091,0.090519,-0.029794,-0.566335,-0.818647,-9.344175,112.478386,-14.785843,0.121839,0.027173,-0.531727,-0.837666,-1.054568,133.897247,-18.301601,-0.184511,0.923208,0.127901,0.311905,-2.454558,125.615021,21.786877,0.325575,0.881264,0.119771,-0.320982,10.896889,130.339233,33.069733,-0.017433,0.242133,0.442865,-0.863098,24.767723,118.494293,17.726181,0.087603,0.091422,0.348128,-0.928857,13.735366,135.879456,8.671568,0.05006,0.88936,0.08124,0.447139,-7.388137,90.395493,8.529513,0.083121,0.92823,-0.016638,0.362219,-7.996822,53.937794,1.501102,-0.021095,0.948361,0.023854,0.31559,-15.953639,6.797552,0.098372,-0.05814,0.911281,-0.088853,0.39786,4.736198,90.44278,23.181093,-0.001931,0.90396,-0.12337,0.409429,6.045591,54.146172,30.912489,-0.078213,0.875914,-0.066891,0.471362,1.380924,7.774812,41.655792,-0.021095,0.948361,0.023854,0.31559,-7.089871,1.464601,-11.504835,-0.078213,0.875914,-0.066891,0.471362,13.765078,1.105303,35.038273
1227,10.225,-0.002669,0.904816,0.002693,0.425787,-1.324311,90.418152,15.856802,-0.028635,0.906241,0.079568,0.414218,-1.379854,98.215164,15.877082,-0.034664,0.908626,0.053485,0.412717,-3.154624,113.064507,17.692146,0.05924,0.946026,-0.044753,0.315472,-5.144203,131.483383,18.965715,0.091178,0.970895,-0.080781,0.206215,-1.950981,145.827454,16.752995,0.003836,0.887509,0.102993,0.449117,-7.457425,125.475952,16.057011,0.423559,-0.548502,0.109584,-0.712555,-18.259607,127.274406,1.636171,0.090433,-0.029968,-0.566562,-0.818493,-9.338612,112.477005,-14.782722,0.121659,0.026943,-0.531977,-0.83754,-1.061393,133.899994,-18.303576,-0.184555,0.923167,0.128043,0.311943,-2.460227,125.619301,21.790516,0.325315,0.881331,0.119925,-0.321006,10.889773,130.342926,33.075336,-0.017586,0.242097,0.442717,-0.863181,24.767986,118.510391,17.728878,0.08741,0.091416,0.348277,-0.928819,13.728327,135.894043,8.677176,0.05003,0.889382,0.081182,0.447109,-7.385205,90.394035,8.529959,0.083064,0.928358,-0.016561,0.361908,-7.994118,53.935398,1.506415,-0.021212,0.948444,0.023853,0.315335,-15.943736,6.794005,0.101515,-0.058123,0.911285,-0.088832,0.397857,4.736584,90.442268,23.183647,-0.001912,0.903938,-0.123347,0.409485,6.0455,54.145241,30.913174,-0.079301,0.875762,-0.067325,0.471402,1.379402,7.773322,41.653431,-0.021212,0.948444,0.023853,0.315335,-7.084892,1.462043,-11.505909,-0.079301,0.875762,-0.067325,0.471402,13.77462,1.110831,35.049568
1228,10.233333,-0.002673,0.90481,0.002688,0.4258,-1.323459,90.417931,15.859122,-0.028643,0.906242,0.079542,0.41422,-1.379029,98.214935,15.879305,-0.034774,0.908619,0.053582,0.412713,-3.15371,113.064407,17.693567,0.05917,0.945951,-0.044621,0.315729,-5.148473,131.48262,18.968729,0.091604,0.970716,-0.08104,0.206763,-1.957357,145.827789,16.760166,0.003748,0.887496,0.10309,0.449121,-7.459994,125.4748,16.059494,0.423705,-0.548384,0.109463,-0.712578,-18.262072,127.272034,1.638427,0.090343,-0.030122,-0.566765,-0.818357,-9.333648,112.477203,-14.778746,0.12126,0.027016,-0.532288,-0.837398,-1.067299,133.904526,-18.303833,-0.184749,0.923111,0.128203,0.311928,-2.462857,125.619057,21.793028,0.32514,0.881356,0.120121,-0.321039,10.884882,130.347046,33.078682,-0.017675,0.241979,0.442627,-0.863259,24.76749,118.524643,17.728397,0.087307,0.09134,0.348247,-0.928848,13.721251,135.907928,8.681776,0.050022,0.889344,0.081199,0.447181,-7.384141,90.3937,8.532106,0.08314,0.928361,-0.016554,0.361885,-7.991339,53.935219,1.507615,-0.021159,0.948417,0.023783,0.315423,-15.947416,6.79501,0.099652,-0.05812,0.911296,-0.088866,0.397825,4.737224,90.442154,23.186138,-0.001932,0.903996,-0.123265,0.409382,6.045211,54.14555,30.917799,-0.079423,0.875771,-0.06734,0.471362,1.385256,7.771716,41.652454,-0.021159,0.948417,0.023783,0.315423,-7.087208,1.460631,-11.505615,-0.079423,0.875771,-0.06734,0.471362,13.781145,1.110632,35.048439
1229,10.241667,-0.00273,0.904773,0.002729,0.425876,-1.320331,90.419716,15.8599,-0.028689,0.906217,0.079631,0.414255,-1.376976,98.216713,15.880264,-0.034891,0.908595,0.053665,0.412744,-3.153842,113.06369,17.696047,0.059156,0.945866,-0.044362,0.316021,-5.153865,131.481277,18.972099,0.09203,0.970534,-0.081379,0.207296,-1.964311,145.828079,16.771841,0.003732,0.887475,0.103173,0.449143,-7.463461,125.472977,16.062325,0.423753,-0.548247,0.109518,-0.712646,-18.264851,127.271103,1.640856,0.089989,-0.030655,-0.566855,-0.818314,-9.329849,112.475586,-14.772108,0.120404,0.026545,-0.532124,-0.837641,-1.07004,133.902786,-18.308371,-0.184829,0.923051,0.12816,0.312074,-2.466846,125.618294,21.796286,0.324772,0.881436,0.120218,-0.321156,10.876513,130.348358,33.08625,-0.017901,0.242023,0.442425,-0.863345,24.766909,118.542336,17.730417,0.087083,0.091286,0.348069,-0.928941,13.713673,135.92189,8.685519,0.050003,0.889332,0.081165,0.447214,-7.379776,90.394829,8.531863,0.083161,0.928433,-0.016529,0.361696,-7.986629,53.935791,1.51026,-0.023082,0.948445,0.023126,0.315252,-15.943974,6.795838,0.100952,-0.058107,0.911299,-0.088803,0.397834,4.739115,90.444603,23.187939,-0.001881,0.904001,-0.123341,0.409348,6.047975,54.147053,30.915001,-0.079568,0.875722,-0.067459,0.471412,1.381006,7.774988,41.654247,-0.023082,0.948445,0.023126,0.315252,-7.069071,1.46158,-11.493135,-0.079568,0.875722,-0.067459,0.471412,13.778827,1.11359,35.054176
1230,10.25,-0.002774,0.904757,0.002785,0.425909,-1.317354,90.42115,15.860576,-0.028433,0.906207,0.079669,0.414287,-1.374987,98.21814,15.881452,-0.035226,0.90855,0.053749,0.412804,-3.145103,113.062881,17.701145,0.058977,0.945774,-0.044149,0.31636,-5.157792,131.479248,18.974758,0.092534,0.970327,-0.081697,0.207914,-1.973734,145.828156,16.780228,0.003692,0.887519,0.10325,0.44904,-7.462821,125.469063,16.065264,0.423956,-0.54825,0.109228,-0.712568,-18.267563,127.2668,1.646253,0.090006,-0.030656,-0.566964,-0.818237,-9.329684,112.476135,-14.769532,0.1203,0.026454,-0.532361,-0.837508,-1.075749,133.904968,-18.30654,-0.185039,0.922965,0.12838,0.312112,-2.467304,125.618408,21.800079,0.324619,0.881408,0.120466,-0.321295,10.872382,130.35228,33.092796,-0.018022,0.241938,0.442323,-0.863419,24.763308,118.557739,17.728611,0.086827,0.091319,0.347886,-0.92903,13.704181,135.936005,8.688543,0.050068,0.889271,0.081102,0.447339,-7.376255,90.395988,8.532088,0.083087,0.928499,-0.016499,0.361543,-7.98851,53.93668,1.512339,-0.023052,0.948511,0.023139,0.315055,-15.938544,6.79546,0.104225,-0.058101,0.911313,-0.088819,0.397799,4.741547,90.44632,23.189062,-0.001865,0.903995,-0.123332,0.409365,6.04986,54.148926,30.916986,-0.079473,0.875764,-0.067453,0.471351,1.381761,7.776627,41.654743,-0.023052,0.948511,0.023139,0.315055,-7.068711,1.461177,-11.493734,-0.079473,0.875764,-0.067453,0.471351,13.777506,1.113655,35.052361
1231,10.258333,-0.00276,0.904767,0.002842,0.425888,-1.317302,90.420685,15.861622,-0.028489,0.906218,0.07972,0.414248,-1.375118,98.217674,15.883395,-0.035313,0.908562,0.053807,0.412763,-3.147335,113.061996,17.703829,0.059037,0.945651,-0.044086,0.316727,-5.163769,131.477921,18.978109,0.092898,0.970098,-0.081995,0.208703,-1.977206,145.826859,16.787575,0.003644,0.887474,0.103387,0.449097,-7.467771,125.467323,16.06863,0.424199,-0.548253,0.109043,-0.712449,-18.270666,127.265915,1.64835,0.090454,-0.030106,-0.567472,-0.817855,-9.331015,112.475777,-14.766929,0.121435,0.027527,-0.532606,-0.837154,-1.103302,133.912979,-18.29604,-0.185271,0.922933,0.128597,0.311981,-2.471837,125.617554,21.803057,0.324238,0.881511,0.120335,-0.321448,10.867696,130.357117,33.093559,-0.018381,0.24193,0.442046,-0.863555,24.765718,118.575859,17.725599,0.086556,0.091299,0.347274,-0.929286,13.696205,135.948776,8.691922,0.05003,0.889265,0.081132,0.44735,-7.376549,90.396217,8.53342,0.083162,0.928429,-0.016489,0.361706,-7.985232,53.936993,1.512938,-0.022053,0.948464,0.023261,0.315261,-15.941278,6.796938,0.099943,-0.058058,0.911369,-0.088842,0.397673,4.741944,90.445152,23.189823,-0.001846,0.904033,-0.123315,0.409286,6.04773,54.147697,30.917824,-0.07947,0.875767,-0.067458,0.471346,1.379528,7.775015,41.653854,-0.022053,0.948464,0.023261,0.315261,-7.076906,1.456602,-11.499399,-0.07947,0.875767,-0.067458,0.471346,13.775134,1.111879,35.05138
1232,10.266667,-0.002796,0.904752,0.002846,0.425921,-1.315419,90.420113,15.863362,-0.028466,0.906194,0.079755,0.414295,-1.373772,98.217094,15.884939,-0.035431,0.908525,0.053903,0.412821,-3.145988,113.062111,17.706608,0.058733,0.945564,-0.043779,0.317085,-5.167963,131.477325,18.982176,0.09355,0.969844,-0.08243,0.209421,-1.991105,145.829529,16.79884,0.003569,0.887471,0.103466,0.449085,-7.469803,125.466309,16.071856,0.424271,-0.548212,0.108995,-0.712445,-18.273109,127.263748,1.651734,0.09056,-0.030008,-0.567595,-0.817762,-9.330819,112.47419,-14.762634,0.121596,0.027802,-0.532785,-0.837008,-1.109043,133.914413,-18.291292,-0.185399,0.922908,0.128824,0.311887,-2.474726,125.617508,21.807007,0.323993,0.881515,0.120491,-0.321623,10.865219,130.359039,33.096195,-0.018483,0.241697,0.441861,-0.863713,24.765427,118.5914,17.719778,0.086298,0.091093,0.347288,-0.929326,13.683173,135.96167,8.695045,0.049884,0.889288,0.081167,0.447316,-7.374132,90.39505,8.534719,0.083194,0.928452,-0.016473,0.361641,-7.972299,53.935158,1.51682,-0.021979,0.948538,0.023257,0.315041,-15.930712,6.795561,0.101873,-0.05803,0.911376,-0.088897,0.397648,4.743292,90.445175,23.192007,-0.001872,0.904105,-0.123227,0.409152,6.045788,54.148209,30.922873,-0.079301,0.87579,-0.067414,0.471337,1.384931,7.773447,41.653107,-0.021979,0.948538,0.023257,0.315041,-7.072485,1.454317,-11.501748,-0.079301,0.87579,-0.067414,0.471337,13.778679,1.10868,35.048786
1233,10.275,-0.003333,0.904717,0.003131,0.425989,-1.293205,90.410225,15.864198,-0.02883,0.906167,0.079896,0.414303,-1.361029,98.20713,15.886227,-0.03544,0.908522,0.054027,0.412811,-3.14621,113.061592,17.708441,0.058904,0.945438,-0.043491,0.317468,-5.170344,131.476288,18.988058,0.093846,0.969622,-0.08289,0.210132,-1.989882,145.829407,16.816004,0.003528,0.887531,0.103469,0.448966,-7.471535,125.465645,16.076481,0.424447,-0.548129,0.108946,-0.712412,-18.278711,127.261375,1.659051,0.090926,-0.030137,-0.567475,-0.8178,-9.331569,112.470749,-14.751713,0.12128,0.02852,-0.533441,-0.836611,-1.103712,133.906693,-18.29451,-0.185522,0.922883,0.128913,0.311851,-2.476348,125.61618,21.811552,0.32377,0.881506,0.120474,-0.321879,10.862759,130.36084,33.100422,-0.018865,0.241651,0.441673,-0.863814,24.761995,118.603935,17.714926,0.085798,0.091287,0.3469,-0.929498,13.671663,135.972443,8.698653,0.05014,0.889343,0.08116,0.447179,-7.350746,90.378242,8.534614,0.083257,0.928389,-0.016565,0.361784,-7.967103,53.920166,1.508816,-0.022086,0.948462,0.023515,0.315243,-15.93403,6.781861,0.0986,-0.0578,0.911421,-0.089052,0.397543,4.764336,90.442207,23.193783,-0.001834,0.904194,-0.123191,0.408967,6.047556,54.145313,30.928207,-0.079343,0.875818,-0.067349,0.471288,1.387015,7.769686,41.654835,-0.022086,0.948462,0.023515,0.315243,-7.068964,1.448823,-11.503572,-0.079343,0.875818,-0.067349,0.471288,13.780731,1.106907,35.04845
1234,10.283333,-0.003391,0.904537,0.002819,0.426373,-1.288963,90.406677,15.867531,-0.028935,0.906122,0.080021,0.41437,-1.355538,98.203598,15.884749,-0.035506,0.908525,0.054173,0.412779,-3.14589,113.062523,17.709551,0.058838,0.945291,-0.043441,0.317925,-5.174421,131.476456,18.993155,0.094297,0.969329,-0.08323,0.211145,-1.994438,145.830109,16.823942,0.003443,0.887569,0.103503,0.448884,-7.474338,125.465858,16.080469,0.424604,-0.548045,0.108942,-0.712384,-18.284197,127.259109,1.664738,0.091377,-0.030005,-0.567577,-0.817683,-9.332624,112.466347,-14.741685,0.12179,0.029283,-0.533482,-0.836485,-1.109643,133.903488,-18.291742,-0.185607,0.92287,0.129072,0.311772,-2.478817,125.616417,21.815248,0.323532,0.881504,0.120624,-0.322069,10.860929,130.362396,33.10281,-0.018947,0.241364,0.441483,-0.863989,24.761673,118.618919,17.70842,0.085578,0.091077,0.346918,-0.929532,13.657194,135.984695,8.702569,0.050213,0.889382,0.081127,0.447099,-7.340272,90.371201,8.532817,0.083312,0.928407,-0.016606,0.361722,-7.963142,53.913273,1.506843,-0.022184,0.948445,0.02369,0.315276,-15.936407,6.775966,0.098929,-0.057823,0.911505,-0.088978,0.397365,4.762346,90.442146,23.202246,-0.001793,0.904141,-0.123153,0.409095,6.050817,54.144459,30.932114,-0.07957,0.875724,-0.06742,0.471413,1.386676,7.767928,41.653286,-0.022184,0.948445,0.02369,0.315276,-7.068957,1.448736,-11.504093,-0.07957,0.875724,-0.06742,0.471413,13.784706,1.10745,35.052685
1235,10.291667,-0.003408,0.904532,0.002863,0.426382,-1.28918,90.408707,15.869862,-0.029032,0.906126,0.080147,0.41433,-1.356287,98.205627,15.887586,-0.0355,0.908553,0.05406,0.412734,-3.149866,113.056244,17.713749,0.058801,0.945126,-0.04327,0.318445,-5.176411,131.470657,18.99374,0.09465,0.969025,-0.083528,0.212263,-1.996993,145.825439,16.831264,0.003567,0.887687,0.103155,0.44873,-7.477221,125.459671,16.082525,0.424806,-0.548012,0.108613,-0.712338,-18.292068,127.250687,1.670262,0.091905,-0.029559,-0.567639,-0.817598,-9.335382,112.464691,-14.739473,0.122197,0.030399,-0.534037,-0.836031,-1.113883,133.904495,-18.286905,-0.185748,0.922837,0.129264,0.311706,-2.481122,125.610909,21.816782,0.323194,0.881595,0.120608,-0.322165,10.858221,130.359512,33.10371,-0.019297,0.241501,0.441237,-0.864069,24.766462,118.629135,17.706116,0.085208,0.090948,0.345831,-0.929983,13.657016,135.987976,8.702271,0.050247,0.88932,0.081139,0.447216,-7.340345,90.373299,8.535029,0.083273,0.928361,-0.016624,0.361851,-7.964116,53.915775,1.507037,-0.022088,0.94847,0.023684,0.315206,-15.934338,6.777906,0.100956,-0.057861,0.911446,-0.088961,0.397497,4.761984,90.444115,23.204693,-0.001832,0.904072,-0.123138,0.409253,6.052432,54.146542,30.934738,-0.07814,0.875924,-0.06686,0.471361,1.390353,7.769668,41.655315,-0.022088,0.94847,0.023684,0.315206,-7.069636,1.449546,-11.503646,-0.07814,0.875924,-0.06686,0.471361,13.773778,1.099724,35.036877
1236,10.3,-0.003442,0.904525,0.002999,0.426396,-1.288059,90.409233,15.870651,-0.02897,0.906147,0.080153,0.414287,-1.356544,98.206139,15.890066,-0.035542,0.908572,0.054182,0.412671,-3.148324,113.055862,17.717113,0.058765,0.945001,-0.042902,0.318871,-5.178069,131.469666,19.000683,0.095038,0.968751,-0.083964,0.213165,-2.001301,145.826797,16.849922,0.003485,0.887797,0.103124,0.448519,-7.478167,125.458786,16.088694,0.424716,-0.548001,0.108583,-0.712405,-18.299892,127.245888,1.681106,0.092258,-0.029456,-0.567634,-0.817565,-9.342304,112.463165,-14.731081,0.122508,0.031422,-0.534688,-0.835532,-1.120087,133.902344,-18.283886,-0.185879,0.922809,0.129263,0.311711,-2.48133,125.609924,21.822313,0.323076,0.881551,0.120589,-0.322409,10.856146,130.362701,33.109695,-0.019484,0.241406,0.44117,-0.864126,24.7605,118.639061,17.703438,0.084946,0.090797,0.345437,-0.930168,13.647068,135.997253,8.70697,0.050245,0.889303,0.081145,0.447249,-7.338987,90.374344,8.535619,0.083335,0.928355,-0.016635,0.361851,-7.962209,53.91687,1.507306,-0.022078,0.94843,0.023673,0.315329,-15.938311,6.780031,0.100036,-0.057837,0.911373,-0.088934,0.397674,4.76287,90.444115,23.205685,-0.001853,0.904063,-0.123186,0.409258,6.050991,54.145969,30.933439,-0.078394,0.87591,-0.066929,0.471336,1.388774,7.770247,41.658939,-0.022078,0.94843,0.023673,0.315329,-7.070768,1.451334,-11.50224,-0.078394,0.87591,-0.066929,0.471336,13.774384,1.102579,35.042286
1237,10.308333,-0.003338,0.904547,0.002947,0.42635,-1.287954,90.403557,15.872667,-0.029026,0.906169,0.080162,0.414233,-1.354626,98.200478,15.892042,-0.035687,0.908586,0.054295,0.412613,-3.148701,113.05658,17.719545,0.05855,0.944825,-0.043343,0.319374,-5.184968,131.469543,19.00481,0.095584,0.968412,-0.083947,0.214466,-2.008176,145.824905,16.842218,0.003391,0.887832,0.10288,0.448507,-7.483212,125.458076,16.092596,0.424809,-0.548016,0.108446,-0.712359,-18.305344,127.238144,1.684438,0.092542,-0.02924,-0.56773,-0.817474,-9.347134,112.457573,-14.729355,0.122641,0.032357,-0.53528,-0.835097,-1.129562,133.897949,-18.281633,-0.185699,0.922874,0.129305,0.31161,-2.485798,125.610542,21.825674,0.322755,0.881587,0.120682,-0.322599,10.856369,130.357773,33.109844,-0.019694,0.241147,0.440924,-0.864318,24.76479,118.649605,17.695494,0.084747,0.090731,0.345123,-0.93031,13.635749,136.004517,8.71076,0.050372,0.889336,0.081139,0.447171,-7.339646,90.370033,8.538259,0.083299,0.928311,-0.016629,0.361973,-7.972027,53.913433,1.506251,-0.022253,0.948391,0.023769,0.315426,-15.944592,6.776002,0.09869,-0.057855,0.91135,-0.088962,0.397718,4.763738,90.43708,23.207077,-0.001806,0.904085,-0.123144,0.409223,6.051881,54.139458,30.937311,-0.078289,0.875933,-0.066678,0.471345,1.387683,7.762715,41.657528,-0.022253,0.948391,0.023769,0.315426,-7.072502,1.451659,-11.502111,-0.078289,0.875933,-0.066678,0.471345,13.773426,1.09928,35.036869
1238,10.316667,-0.003392,0.904536,0.003009,0.426374,-1.2859,90.402649,15.874193,-0.029015,0.906184,0.080248,0.414184,-1.353748,98.199554,15.894085,-0.035754,0.908609,0.05435,0.41255,-3.148549,113.055634,17.724218,0.058794,0.944705,-0.042046,0.319856,-5.187813,131.468201,19.010466,0.095928,0.968131,-0.085026,0.215155,-2.014214,145.830246,16.888008,0.00331,0.887887,0.102932,0.448387,-7.485404,125.456451,16.098316,0.424921,-0.548096,0.108329,-0.712248,-18.311451,127.234352,1.692834,0.09291,-0.0291,-0.5677,-0.817458,-9.356227,112.453758,-14.722562,0.122753,0.033298,-0.535927,-0.834629,-1.136526,133.893204,-18.279209,-0.185842,0.922857,0.129451,0.311512,-2.487267,125.609566,21.83075,0.322645,0.881572,0.120631,-0.322769,10.855181,130.360229,33.113136,-0.019644,0.240925,0.440822,-0.864433,24.761751,118.657097,17.693298,0.084893,0.090822,0.345382,-0.930191,13.623985,136.009384,8.714977,0.050418,0.889287,0.081156,0.447259,-7.337198,90.368706,8.539463,0.0833,0.928284,-0.016655,0.36204,-7.971344,53.912659,1.504734,-0.022244,0.948382,0.023828,0.315451,-15.944801,6.775329,0.098859,-0.057897,0.911385,-0.088957,0.397633,4.765398,90.436592,23.208925,-0.001762,0.904116,-0.123185,0.409142,6.05719,54.139267,30.939924,-0.078383,0.875991,-0.066667,0.471224,1.388581,7.763469,41.662323,-0.022244,0.948382,0.023828,0.315451,-7.072035,1.452533,-11.502133,-0.078383,0.875991,-0.066667,0.471224,13.773453,1.101346,35.038715
1239,10.325,-0.00345,0.904532,0.003083,0.426381,-1.284601,90.402016,15.87717,-0.029082,0.906205,0.080303,0.414124,-1.353762,98.198914,15.897722,-0.035775,0.908647,0.05431,0.41247,-3.150984,113.054871,17.728643,0.058467,0.94458,-0.042367,0.320244,-5.190252,131.467545,19.01339,0.096381,0.967847,-0.084971,0.216247,-2.02125,145.829102,16.880781,0.003323,0.887998,0.102892,0.448177,-7.488264,125.455475,16.102232,0.424993,-0.548067,0.108388,-0.712219,-18.321127,127.232361,1.70175,0.093243,-0.029132,-0.567689,-0.817427,-9.36499,112.448654,-14.710353,0.122805,0.034102,-0.536488,-0.834228,-1.1445,133.88707,-18.277042,-0.185885,0.922872,0.129503,0.311422,-2.489157,125.609222,21.833805,0.322775,0.881511,0.120675,-0.32279,10.854742,130.361267,33.113895,-0.019502,0.240905,0.440838,-0.864434,24.75667,118.654419,17.692705,0.084436,0.090014,0.345362,-0.930319,13.619166,136.005707,8.712381,0.050405,0.889305,0.081224,0.447212,-7.335765,90.367683,8.542331,0.083344,0.928226,-0.0167,0.362175,-7.967144,53.912346,1.50364,-0.022249,0.948369,0.023824,0.315491,-15.945753,6.775847,0.099091,-0.05787,0.91132,-0.088924,0.397793,4.766564,90.436356,23.212008,-0.001767,0.903978,-0.123114,0.409468,6.05621,54.138363,30.940205,-0.078532,0.875836,-0.06674,0.471477,1.386889,7.760891,41.655052,-0.022249,0.948369,0.023824,0.315491,-7.07197,1.453017,-11.501106,-0.078532,0.875836,-0.06674,0.471477,13.777274,1.100212,35.04031
1240,10.333333,-0.003565,0.904543,0.003182,0.426355,-1.279513,90.403511,15.879086,-0.02917,0.906199,0.080389,0.414115,-1.350956,98.200378,15.900263,-0.035878,0.908634,0.054428,0.412473,-3.151588,113.055206,17.732367,0.058532,0.944462,-0.041684,0.320668,-5.196109,131.467133,19.019499,0.096867,0.967586,-0.085529,0.216977,-2.029908,145.832458,16.908234,0.003369,0.888098,0.10274,0.448013,-7.492362,125.454781,16.107512,0.425074,-0.548072,0.108428,-0.712161,-18.330536,127.230072,1.710834,0.093496,-0.029131,-0.567703,-0.817388,-9.37505,112.443092,-14.698669,0.122807,0.034821,-0.536913,-0.833925,-1.154969,133.881409,-18.27215,-0.185906,0.922887,0.129548,0.311347,-2.493401,125.609192,21.839191,0.322647,0.881527,0.120573,-0.322909,10.851927,130.361893,33.117321,-0.019538,0.240827,0.440748,-0.864501,24.754099,118.659248,17.693148,0.084478,0.089956,0.345309,-0.93034,13.611153,136.008987,8.715611,0.050402,0.889331,0.081219,0.447162,-7.331089,90.367981,8.544591,0.083385,0.928248,-0.016763,0.362107,-7.962795,53.912567,1.506353,-0.021643,0.948409,0.024117,0.31539,-15.947309,6.776929,0.106569,-0.057859,0.911327,-0.088948,0.397773,4.772063,90.439041,23.213581,-0.001737,0.903959,-0.123097,0.409514,6.060392,54.141258,30.943029,-0.078295,0.875868,-0.066636,0.47147,1.388568,7.763398,41.655087,-0.021643,0.948409,0.024117,0.31539,-7.081635,1.45639,-11.500877,-0.078295,0.875868,-0.066636,0.47147,13.776621,1.101416,35.037285
1241,10.341667,-0.003664,0.904547,0.003302,0.426346,-1.276965,90.404083,15.881234,-0.029272,0.90621,0.080435,0.414073,-1.350601,98.200928,15.903454,-0.0359,0.908654,0.05448,0.412421,-3.154433,113.054955,17.735548,0.059099,0.944261,-0.041624,0.321163,-5.200412,131.466614,19.024204,0.096835,0.967365,-0.085721,0.217899,-2.017269,145.829575,16.922253,0.003369,0.888161,0.102794,0.447875,-7.496469,125.454269,16.112051,0.425184,-0.548142,0.10845,-0.712038,-18.339134,127.229927,1.718795,0.093617,-0.029185,-0.567687,-0.817384,-9.387531,112.438538,-14.688855,0.122561,0.035313,-0.537347,-0.833661,-1.166767,133.875702,-18.267483,-0.18594,0.922899,0.129582,0.311275,-2.496877,125.608719,21.84318,0.322669,0.881489,0.120527,-0.323011,10.849588,130.36261,33.119461,-0.019484,0.24073,0.440787,-0.864509,24.747965,118.659546,17.692186,0.084544,0.089797,0.345388,-0.93032,13.604439,136.0103,8.71731,0.050385,0.889357,0.081286,0.4471,-7.328681,90.367828,8.546858,0.083469,0.928236,-0.01678,0.362119,-7.957544,53.913105,1.504795,-0.021216,0.94835,0.024353,0.315578,-15.949999,6.778851,0.103454,-0.057837,0.911276,-0.088945,0.397894,4.77475,90.440331,23.215611,-0.001752,0.903908,-0.123096,0.409628,6.060667,54.142334,30.94441,-0.078678,0.87585,-0.066741,0.471426,1.388887,7.76445,41.656399,-0.021216,0.94835,0.024353,0.315578,-7.083659,1.460824,-11.504639,-0.078678,0.87585,-0.066741,0.471426,13.780101,1.105854,35.041107
1242,10.35,-0.003684,0.904569,0.003429,0.426298,-1.2781,90.40464,15.882671,-0.029224,0.906232,0.080433,0.414029,-1.352871,98.201477,15.90655,-0.036054,0.908661,0.054538,0.412385,-3.155174,113.054749,17.739183,0.058871,0.944124,-0.042003,0.321558,-5.207188,131.465759,19.027481,0.097317,0.967093,-0.085578,0.218944,-2.025357,145.827408,16.914759,0.003444,0.888275,0.102788,0.44765,-7.50142,125.452576,16.11562,0.425436,-0.548239,0.108416,-0.711818,-18.351376,127.229736,1.728043,0.093705,-0.029321,-0.567621,-0.817414,-9.404505,112.432098,-14.676549,0.122134,0.035477,-0.537446,-0.833652,-1.181064,133.865814,-18.262226,-0.18592,0.922902,0.129499,0.311313,-2.501543,125.608841,21.846451,0.322572,0.881521,0.120466,-0.323042,10.844347,130.362808,33.123386,-0.019428,0.240724,0.440652,-0.864581,24.744753,118.662575,17.695797,0.08458,0.089875,0.345463,-0.930282,13.595348,136.009445,8.718843,0.050297,0.889313,0.081367,0.447182,-7.330585,90.369057,8.548925,0.083689,0.928294,-0.016854,0.361915,-7.950287,53.914654,1.504398,-0.021575,0.94826,0.024153,0.315839,-15.96504,6.784177,0.103761,-0.057884,0.9112,-0.088966,0.398056,4.774385,90.440224,23.216415,-0.001759,0.903805,-0.123077,0.40986,6.061507,54.142918,30.948242,-0.078612,0.875857,-0.066601,0.471443,1.388309,7.764587,41.657673,-0.021575,0.94826,0.024153,0.315839,-7.089104,1.464155,-11.496078,-0.078612,0.875857,-0.066601,0.471443,13.779715,1.108269,35.040443
1243,10.358333,-0.003782,0.904575,0.003618,0.426282,-1.275179,90.404922,15.884197,-0.029324,0.906252,0.080427,0.41398,-1.352588,98.201729,15.910096,-0.036099,0.908685,0.054591,0.41232,-3.157606,113.056206,17.741568,0.058929,0.94397,-0.042438,0.321944,-5.211844,131.466873,19.031099,0.097586,0.966856,-0.085393,0.219943,-2.022957,145.825562,16.908802,0.003452,0.888299,0.102938,0.447567,-7.50569,125.453552,16.11924,0.425677,-0.548424,0.108496,-0.711519,-18.358299,127.233101,1.733972,0.0941,-0.029025,-0.567547,-0.817431,-9.421936,112.42424,-14.666215,0.122293,0.036333,-0.537839,-0.833339,-1.193295,133.857544,-18.251011,-0.185918,0.92291,0.129564,0.311264,-2.505051,125.610161,21.849394,0.322565,0.881541,0.120383,-0.323025,10.841961,130.363647,33.125187,-0.019386,0.24077,0.440606,-0.864593,24.743084,118.661987,17.699337,0.084671,0.089982,0.345379,-0.930295,13.593038,136.006561,8.719772,0.050303,0.889422,0.081447,0.44695,-7.327902,90.369186,8.550654,0.083744,0.928318,-0.016909,0.361837,-7.94711,53.915798,1.500869,-0.021515,0.948219,0.024244,0.315958,-15.968723,6.786382,0.103877,-0.05787,0.911125,-0.088877,0.39825,4.777544,90.440659,23.217739,-0.001774,0.903702,-0.123211,0.410047,6.064728,54.142033,30.943441,-0.078753,0.875884,-0.066557,0.471375,1.3853,7.76687,41.663872,-0.021515,0.948219,0.024244,0.315958,-7.09028,1.468344,-11.494946,-0.078753,0.875884,-0.066557,0.471375,13.777405,1.113546,35.044952
1244,10.366667,-0.003775,0.904589,0.003659,0.426252,-1.277634,90.404884,15.887408,-0.029306,0.906253,0.080471,0.413969,-1.355205,98.201683,15.913924,-0.036082,0.908687,0.054582,0.412318,-3.160269,113.056145,17.746861,0.058933,0.943844,-0.042491,0.322305,-5.213805,131.466904,19.036385,0.097788,0.966653,-0.085416,0.220736,-2.022956,145.82518,16.914309,0.003535,0.888359,0.102876,0.447463,-7.507894,125.453659,16.124546,0.425602,-0.5486,0.108696,-0.711397,-18.363873,127.234497,1.741974,0.095144,-0.028046,-0.567738,-0.817211,-9.438758,112.417862,-14.657329,0.123997,0.039263,-0.538741,-0.832371,-1.21803,133.854538,-18.232851,-0.185904,0.922925,0.129455,0.311272,-2.507215,125.610092,21.854671,0.322631,0.881528,0.12027,-0.323037,10.839805,130.364395,33.130108,-0.019173,0.240789,0.440615,-0.864588,24.738531,118.658508,17.705299,0.084927,0.089937,0.345438,-0.930253,13.589023,136.001358,8.720691,0.050247,0.889451,0.081541,0.446881,-7.330854,90.369598,8.554273,0.083828,0.928257,-0.016914,0.361976,-7.943813,53.916931,1.500175,-0.02152,0.948185,0.024289,0.316058,-15.972749,6.788862,0.0995,-0.057993,0.911138,-0.088856,0.398208,4.775587,90.44017,23.220543,-0.001645,0.903639,-0.123194,0.410192,6.072059,54.142345,30.948406,-0.079003,0.87579,-0.066616,0.471501,1.380528,7.766718,41.661537,-0.02152,0.948185,0.024289,0.316058,-7.091686,1.47215,-11.49793,-0.079003,0.87579,-0.066616,0.471501,13.77728,1.116333,35.048367
1245,10.375,-0.003805,0.904603,0.003771,0.426221,-1.278227,90.404709,15.889666,-0.029388,0.906274,0.08049,0.413915,-1.356963,98.201492,15.917572,-0.036058,0.908716,0.054612,0.412253,-3.164432,113.05587,17.750107,0.059057,0.943763,-0.042348,0.322537,-5.217536,131.466568,19.041153,0.09797,0.966508,-0.085493,0.22126,-2.023698,145.825104,16.925278,0.003578,0.888469,0.102768,0.447268,-7.512135,125.453545,16.129251,0.425726,-0.548623,0.108743,-0.711298,-18.374405,127.233292,1.751295,0.096568,-0.027133,-0.567682,-0.817114,-9.451003,112.411865,-14.644604,0.125642,0.042028,-0.540719,-0.830705,-1.224387,133.847565,-18.222891,-0.185888,0.92294,0.12945,0.311239,-2.510607,125.609528,21.85865,0.322746,0.881533,0.120287,-0.322902,10.837376,130.363602,33.133053,-0.018901,0.240862,0.440622,-0.86457,24.73675,118.652298,17.712942,0.085173,0.089962,0.345451,-0.930224,13.589436,135.991592,8.720609,0.050228,0.889454,0.081582,0.44687,-7.331947,90.36982,8.556938,0.083819,0.928272,-0.016939,0.361938,-7.942373,53.917503,1.5008,-0.021735,0.948215,0.024147,0.315963,-15.971401,6.789365,0.102951,-0.057914,0.911028,-0.088774,0.398489,4.775494,90.43959,23.222393,-0.001714,0.903602,-0.123216,0.410266,6.066722,54.139996,30.942822,-0.078827,0.875774,-0.066504,0.471576,1.379329,7.764926,41.660168,-0.021735,0.948215,0.024147,0.315963,-7.09074,1.470747,-11.493916,-0.078827,0.875774,-0.066504,0.471576,13.77582,1.114632,35.04641
1246,10.383333,-0.003825,0.904602,0.003829,0.426223,-1.279557,90.403328,15.891622,-0.029361,0.906256,0.080506,0.413953,-1.358962,98.200096,15.920213,-0.036064,0.908693,0.054589,0.412306,-3.166054,113.055244,17.75355,0.059123,0.943642,-0.042412,0.322871,-5.219074,131.466003,19.043606,0.098104,0.966348,-0.085435,0.221919,-2.021549,145.823776,16.92815,0.003679,0.888579,0.102982,0.446999,-7.51341,125.452896,16.131683,0.425901,-0.548608,0.109012,-0.711164,-18.384371,127.238358,1.761001,0.098397,-0.026109,-0.567667,-0.81694,-9.462996,112.404228,-14.624511,0.127847,0.045603,-0.542079,-0.829292,-1.232946,133.837372,-18.211914,-0.185816,0.922952,0.129377,0.311277,-2.512549,125.609055,21.86166,0.322902,0.881508,0.12034,-0.322795,10.835545,130.36145,33.136642,-0.018595,0.240875,0.440676,-0.864545,24.733391,118.644165,17.719683,0.085502,0.090029,0.345526,-0.930159,13.588664,135.981476,8.7212,0.050157,0.889481,0.081672,0.446809,-7.333238,90.368561,8.55886,0.083874,0.928292,-0.016989,0.361871,-7.936458,53.916813,1.499186,-0.021757,0.94821,0.024142,0.315976,-15.972158,6.78972,0.10444,-0.057978,0.911057,-0.08884,0.398398,4.774123,90.438087,23.224384,-0.001674,0.903749,-0.123126,0.409969,6.068426,54.1399,30.950939,-0.078754,0.875846,-0.066448,0.471462,1.384696,7.762689,41.660614,-0.021757,0.94821,0.024142,0.315976,-7.090955,1.471172,-11.492045,-0.078754,0.875846,-0.066448,0.471462,13.77874,1.112185,35.042484
1247,10.391667,-0.003828,0.904581,0.003933,0.426266,-1.281638,90.403152,15.894397,-0.029421,0.906242,0.080533,0.413975,-1.361778,98.199913,15.924435,-0.036008,0.908692,0.054568,0.412316,-3.171031,113.056015,17.757845,0.059024,0.943588,-0.042209,0.323075,-5.221848,131.467026,19.048042,0.0984,0.96621,-0.085517,0.222356,-2.028145,145.826462,16.938152,0.003849,0.88871,0.102707,0.4468,-7.516862,125.454224,16.136026,0.426166,-0.548674,0.109173,-0.710929,-18.394217,127.23999,1.770222,0.09985,-0.025466,-0.567605,-0.816827,-9.477931,112.393364,-14.606741,0.129231,0.048383,-0.543998,-0.827663,-1.24215,133.824753,-18.208044,-0.185759,0.922971,0.129276,0.311298,-2.516076,125.609711,21.866085,0.323015,0.881517,0.120144,-0.322729,10.832325,130.361374,33.141014,-0.018358,0.240959,0.44072,-0.864504,24.728712,118.635796,17.729053,0.085827,0.090112,0.345926,-0.929972,13.587152,135.972168,8.722723,0.050157,0.889449,0.081695,0.446867,-7.334629,90.369186,8.561061,0.083849,0.928348,-0.016984,0.361734,-7.936635,53.917706,1.499896,-0.021746,0.948234,0.024144,0.315906,-15.970242,6.790209,0.10677,-0.057958,0.911001,-0.088677,0.398565,4.771353,90.437111,23.227732,-0.001731,0.903535,-0.12322,0.410414,6.067817,54.136623,30.94306,-0.078953,0.875802,-0.066475,0.471506,1.380018,7.761654,41.660675,-0.021746,0.948234,0.024144,0.315906,-7.090858,1.471572,-11.491069,-0.078953,0.875802,-0.066475,0.471506,13.776943,1.113766,35.045311
1248,10.4,-0.003918,0.904608,0.004088,0.426207,-1.280678,90.40477,15.896676,-0.029464,0.906231,0.080531,0.413995,-1.363124,98.2015,15.928305,-0.035973,0.908672,0.054603,0.41236,-3.173571,113.057556,17.761116,0.059064,0.943522,-0.042323,0.323242,-5.223824,131.468506,19.052906,0.098533,0.966128,-0.085343,0.22272,-2.027328,145.827042,16.941048,0.00391,0.88881,0.102637,0.446617,-7.5188,125.45607,16.140102,0.426367,-0.548818,0.109316,-0.710676,-18.402065,127.242004,1.778796,0.100421,-0.025504,-0.56762,-0.816746,-9.494808,112.383675,-14.592462,0.129673,0.049427,-0.545114,-0.826797,-1.259846,133.812714,-18.210268,-0.185622,0.922978,0.129114,0.311424,-2.518521,125.610825,21.870625,0.323175,0.881461,0.120311,-0.32266,10.828876,130.359207,33.148129,-0.017897,0.240773,0.440795,-0.864528,24.722485,118.629982,17.736439,0.086171,0.090029,0.346925,-0.929577,13.57885,135.966141,8.727176,0.050182,0.889463,0.081754,0.446826,-7.334603,90.370499,8.564113,0.083938,0.928272,-0.017035,0.361906,-7.93657,53.919922,1.49827,-0.021803,0.94817,0.024122,0.316097,-15.979473,6.794012,0.105079,-0.057969,0.910967,-0.088648,0.398649,4.773246,90.439049,23.22924,-0.001717,0.903456,-0.123242,0.41058,6.07061,54.138256,30.943033,-0.078881,0.875808,-0.066368,0.471524,1.378771,7.763782,41.661026,-0.021803,0.94817,0.024122,0.316097,-7.094907,1.475407,-11.488804,-0.078881,0.875808,-0.066368,0.471524,13.775656,1.117325,35.044151
1249,10.408333,-0.004381,0.904668,0.004604,0.42607,-1.266601,90.400276,15.897465,-0.029672,0.906219,0.080591,0.413994,-1.359001,98.196877,15.933305,-0.03593,0.908653,0.054582,0.412407,-3.176739,113.05928,17.765984,0.059292,0.943439,-0.042341,0.323441,-5.225267,131.470444,19.057644,0.098477,0.966066,-0.085257,0.223046,-2.021592,145.827759,16.948399,0.004023,0.888956,0.102432,0.446373,-7.520562,125.458237,16.144596,0.426596,-0.548934,0.109349,-0.710444,-18.411674,127.243629,1.789176,0.100352,-0.026066,-0.567619,-0.816737,-9.510851,112.377037,-14.578075,0.129052,0.049075,-0.54649,-0.826006,-1.277287,133.803024,-18.215315,-0.185546,0.923002,0.129071,0.311416,-2.520828,125.612473,21.875603,0.323351,0.881451,0.120231,-0.32254,10.827771,130.358978,33.152462,-0.017686,0.240864,0.440885,-0.864461,24.719606,118.62056,17.746172,0.086483,0.090162,0.346963,-0.92952,13.581514,135.956665,8.72997,0.050296,0.889529,0.081793,0.446674,-7.32268,90.362206,8.566702,0.084047,0.9282,-0.017124,0.362059,-7.932078,53.912949,1.49468,-0.021898,0.948114,0.024316,0.316243,-15.987432,6.789085,0.104302,-0.057892,0.911017,-0.088805,0.398509,4.789477,90.438354,23.228228,-0.001588,0.903514,-0.123218,0.41046,6.078068,54.138969,30.950108,-0.079099,0.875787,-0.066333,0.47153,1.377471,7.763905,41.661686,-0.021898,0.948114,0.024316,0.316243,-7.097709,1.476785,-11.488514,-0.079099,0.875787,-0.066333,0.47153,13.777122,1.121683,35.045746
1250,10.416667,-0.004393,0.904662,0.004749,0.42608,-1.269019,90.400314,15.898121,-0.029671,0.906225,0.080623,0.413976,-1.36255,98.196892,15.935927,-0.035861,0.90867,0.054589,0.412376,-3.180906,113.061432,17.769796,0.059347,0.943395,-0.042437,0.323548,-5.227163,131.472748,19.062801,0.098497,0.966009,-0.085108,0.223344,-2.020674,145.829193,16.951933,0.004184,0.889014,0.102377,0.446269,-7.523395,125.461006,16.149546,0.426907,-0.549284,0.109368,-0.709984,-18.417822,127.25029,1.797128,0.100372,-0.026454,-0.567513,-0.816796,-9.535501,112.370193,-14.567907,0.128508,0.049011,-0.547347,-0.825527,-1.297624,133.790939,-18.219841,-0.18548,0.923024,0.129038,0.311405,-2.523194,125.614288,21.880173,0.323558,0.881437,0.120201,-0.322384,10.82654,130.359146,33.15638,-0.017442,0.240932,0.440966,-0.864406,24.716831,118.610916,17.75618,0.086755,0.090315,0.347083,-0.929436,13.583117,135.946899,8.732965,0.050313,0.889496,0.08182,0.446733,-7.324933,90.36322,8.567217,0.084098,0.928128,-0.017167,0.36223,-7.934064,53.914417,1.492845,-0.022038,0.948086,0.02429,0.316319,-15.99516,6.791523,0.102984,-0.05794,0.911016,-0.088762,0.398514,4.786895,90.437408,23.229023,-0.001588,0.903454,-0.123267,0.410578,6.080007,54.137878,30.949434,-0.079313,0.875798,-0.06635,0.471471,1.376018,7.763973,41.664539,-0.022038,0.948086,0.02429,0.316319,-7.102161,1.479881,-11.487622,-0.079313,0.875798,-0.06635,0.471471,13.777067,1.124503,35.048454
1251,10.425,-0.004405,0.904681,0.004762,0.426041,-1.271922,90.399368,15.901584,-0.029676,0.906225,0.080699,0.41396,-1.365698,98.195938,15.939495,-0.035817,0.908676,0.05454,0.412373,-3.185138,113.060425,17.775454,0.059346,0.943382,-0.042344,0.323597,-5.22917,131.472061,19.067513,0.098579,0.96598,-0.085053,0.223454,-2.023372,145.829086,16.959431,0.004287,0.889098,0.102225,0.446136,-7.526158,125.460449,16.1546,0.427347,-0.549381,0.109353,-0.709646,-18.424881,127.250114,1.80549,0.100839,-0.026623,-0.567642,-0.816643,-9.547516,112.358795,-14.552024,0.128153,0.05035,-0.548322,-0.824854,-1.316976,133.778763,-18.22307,-0.185364,0.923044,0.128918,0.311466,-2.525871,125.613419,21.88516,0.323795,0.881409,0.12019,-0.322224,10.824056,130.355591,33.162273,-0.017262,0.241094,0.441166,-0.864262,24.711901,118.596718,17.767998,0.087066,0.090423,0.347069,-0.929401,13.589605,135.935928,8.736574,0.05022,0.889474,0.081928,0.446768,-7.328459,90.36216,8.571195,0.084165,0.928217,-0.01716,0.361989,-7.927512,53.913986,1.492755,-0.022043,0.948072,0.024283,0.316362,-15.994591,6.79214,0.102109,-0.057894,0.910933,-0.088655,0.398734,4.784616,90.436569,23.231972,-0.001618,0.903381,-0.123267,0.410737,6.076005,54.135239,30.944195,-0.080044,0.875614,-0.066545,0.471663,1.372784,7.761333,41.659634,-0.022043,0.948072,0.024283,0.316362,-7.100519,1.480363,-11.487611,-0.080044,0.875614,-0.066545,0.471663,13.784389,1.129359,35.055847
1252,10.433333,-0.00439,0.90468,0.004722,0.426043,-1.27429,90.398422,15.905422,-0.029726,0.906217,0.080777,0.41396,-1.367594,98.195,15.942871,-0.03573,0.908682,0.054467,0.412376,-3.189334,113.058876,17.780277,0.059396,0.94336,-0.042434,0.32364,-5.229343,131.471039,19.071215,0.098559,0.965971,-0.084843,0.223581,-2.02118,145.827255,16.961346,0.004375,0.889192,0.101941,0.446012,-7.527655,125.45974,16.15868,0.427714,-0.549525,0.109323,-0.709317,-18.430334,127.247192,1.812294,0.101517,-0.026413,-0.567892,-0.816392,-9.5602,112.346016,-14.54017,0.128238,0.052676,-0.549258,-0.824073,-1.341607,133.771011,-18.222359,-0.1852,0.923066,0.128816,0.31154,-2.527311,125.611969,21.889214,0.324019,0.881369,0.120325,-0.32206,10.823144,130.34964,33.167603,-0.017087,0.241238,0.441293,-0.86416,24.70916,118.58313,17.777494,0.08712,0.090546,0.347169,-0.929347,13.595343,135.922989,8.738394,0.050215,0.889487,0.082012,0.446727,-7.330809,90.361145,8.575016,0.08414,0.928239,-0.01716,0.361938,-7.927056,53.913963,1.491243,-0.022047,0.948074,0.024279,0.316356,-15.992032,6.791717,0.10191,-0.057922,0.910966,-0.088562,0.398676,4.782228,90.435692,23.235828,-0.00163,0.903387,-0.123327,0.410707,6.078758,54.133381,30.942589,-0.07998,0.875684,-0.066505,0.471548,1.374594,7.760894,41.663765,-0.022047,0.948074,0.024279,0.316356,-7.098071,1.479884,-11.487874,-0.07998,0.875684,-0.066505,0.471548,13.78378,1.128454,35.055889
1253,10.441667,-0.004377,0.904702,0.004776,0.425997,-1.276209,90.398003,15.908162,-0.029771,0.906209,0.080823,0.413964,-1.369694,98.194572,15.946465,-0.035616,0.90868,0.054457,0.412391,-3.193247,113.058197,17.784571,0.059379,0.943373,-0.042361,0.323615,-5.229278,131.470688,19.076897,0.098564,0.965987,-0.084789,0.22353,-2.022348,145.827438,16.968758,0.004438,0.889264,0.101795,0.445902,-7.528841,125.460121,16.163857,0.428045,-0.549636,0.109494,-0.709006,-18.435064,127.246857,1.820081,0.101956,-0.026567,-0.568013,-0.816248,-9.572517,112.330612,-14.522751,0.127651,0.054607,-0.549902,-0.823609,-1.359897,133.757095,-18.223089,-0.18507,0.923061,0.128907,0.311592,-2.528571,125.610825,21.894491,0.324227,0.881308,0.120458,-0.321967,10.822434,130.34285,33.174587,-0.01683,0.24127,0.441543,-0.864029,24.704859,118.570038,17.786077,0.087415,0.090342,0.347548,-0.929197,13.601976,135.913742,8.742558,0.050176,0.889505,0.082083,0.446682,-7.333473,90.361382,8.578373,0.084152,0.928176,-0.017187,0.362094,-7.925141,53.914761,1.491288,-0.022085,0.948101,0.02419,0.316277,-15.991823,6.792789,0.102504,-0.058033,0.911067,-0.088581,0.398425,4.781054,90.434624,23.237953,-0.001508,0.903506,-0.123305,0.410451,6.086612,54.133503,30.948826,-0.079866,0.875716,-0.066476,0.471512,1.375775,7.760459,41.664688,-0.022085,0.948101,0.02419,0.316277,-7.099636,1.478826,-11.487657,-0.079866,0.875716,-0.066476,0.471512,13.783201,1.126806,35.054733
