Frame,Time (Seconds),Hip.rotX,Hip.rotY,Hip.rotZ,Hip.rotW,Hip.posX,Hip.posY,Hip.posZ,Ab.rotX,Ab.rotY,Ab.rotZ,Ab.rotW,Ab.posX,Ab.posY,Ab.posZ,Chest.rotX,Chest.rotY,Chest.rotZ,Chest.rotW,Chest.posX,Chest.posY,Chest.posZ,Neck.rotX,Neck.rotY,Neck.rotZ,Neck.rotW,Neck.posX,Neck.posY,Neck.posZ,Head.rotX,Head.rotY,Head.rotZ,Head.rotW,Head.posX,Head.posY,Head.posZ,LShoulder.rotX,LShoulder.rotY,LShoulder.rotZ,LShoulder.rotW,LShoulder.posX,LShoulder.posY,LShoulder.posZ,LUArm.rotX,LUArm.rotY,LUArm.rotZ,LUArm.rotW,LUArm.posX,LUArm.posY,LUArm.posZ,LFArm.rotX,LFArm.rotY,LFArm.rotZ,LFArm.rotW,LFArm.posX,LFArm.posY,LFArm.posZ,LHand.rotX,LHand.rotY,LHand.rotZ,LHand.rotW,LHand.posX,LHand.posY,LHand.posZ,RShoulder.rotX,RShoulder.rotY,RShoulder.rotZ,RShoulder.rotW,RShoulder.posX,RShoulder.posY,RShoulder.posZ,RUArm.rotX,RUArm.rotY,RUArm.rotZ,RUArm.rotW,RUArm.posX,RUArm.posY,RUArm.posZ,RFArm.rotX,RFArm.rotY,RFArm.rotZ,RFArm.rotW,RFArm.posX,RFArm.posY,RFArm.posZ,RHand.rotX,RHand.rotY,RHand.rotZ,RHand.rotW,RHand.posX,RHand.posY,RHand.posZ,LThigh.rotX,LThigh.rotY,LThigh.rotZ,LThigh.rotW,LThigh.posX,LThigh.posY,LThigh.posZ,LShin.rotX,LShin.rotY,LShin.rotZ,LShin.rotW,LShin.posX,LShin.posY,LShin.posZ,LFoot.rotX,LFoot.rotY,LFoot.rotZ,LFoot.rotW,LFoot.posX,LFoot.posY,LFoot.posZ,RThigh.rotX,RThigh.rotY,RThigh.rotZ,RThigh.rotW,RThigh.posX,RThigh.posY,RThigh.posZ,RShin.rotX,RShin.rotY,RShin.rotZ,RShin.rotW,RShin.posX,RShin.posY,RShin.posZ,RFoot.rotX,RFoot.rotY,RFoot.rotZ,RFoot.rotW,RFoot.posX,RFoot.posY,RFoot.posZ,LToe.rotX,LToe.rotY,LToe.rotZ,LToe.rotW,LToe.posX,LToe.posY,LToe.posZ,RToe.rotX,RToe.rotY,RToe.rotZ,RToe.rotW, RToe.posX, RToe.posY, RToe.posZ
0,0.0,-0.027512,0.918111,0.007877,0.39529,1.439077,86.638748,14.857849,-0.122985,0.905891,0.150039,0.376462,0.999076,94.380005,14.801344,-0.019929,0.923332,0.001502,0.383483,-6.044132,113.776123,18.560883,0.079858,0.954237,0.085682,0.275162,-6.850586,135.007172,18.295027,0.00838,0.990105,0.022553,0.138248,-4.28885,149.488037,19.758814,-0.104561,0.760436,0.128502,0.627926,-9.900429,129.338531,16.009504,-0.742839,0.068884,0.503424,-0.435901,-13.117478,129.378525,-0.654688,-0.660695,-0.572834,0.185987,0.448054,-2.355682,117.335342,-15.961014,0.222613,0.274176,-0.637717,-0.684535,5.979414,145.376068,-7.837847,-0.098129,0.922121,0.019056,0.373764,-4.609008,129.606079,21.324461,0.435293,0.896156,0.086165,-0.000428,7.294123,132.435791,33.08688,-0.159545,0.428737,0.514725,-0.725113,21.113285,115.077065,31.400627,0.005277,0.221488,0.663381,-0.714732,18.587763,136.843445,20.125952,0.052235,0.926773,0.136247,0.346121,-5.047562,86.219933,7.990185,0.101958,0.970024,-0.010013,0.220358,-5.138227,51.545429,-2.465554,-0.03425,0.942099,0.046381,0.330342,-14.706567,5.221447,-3.672524,-0.092921,0.895969,-0.105933,0.421168,7.925717,87.057564,21.725515,-0.009772,0.908041,-0.144915,0.392893,10.724476,52.279099,31.43512,-0.018845,0.893641,0.013784,0.448175,6.176136,6.958249,44.251297,-0.03425,0.942099,0.046381,0.330342,-5.33806,0.676403,-15.097925,-0.018845,0.893641,0.013784,0.448175,17.813379,1.40756,35.72308
1,0.008333,-0.027501,0.918108,0.00785,0.395296,1.442991,86.638985,14.85624,-0.122674,0.906021,0.150156,0.376204,1.003314,94.380257,14.799419,-0.020248,0.923442,0.001198,0.383203,-6.030156,113.781334,18.571114,0.080098,0.954228,0.085919,0.275048,-6.844248,135.011871,18.288397,0.008534,0.990114,0.022418,0.138198,-4.277717,149.491043,19.76038,-0.104636,0.7604,0.128484,0.627961,-9.893438,129.340286,16.009298,-0.742832,0.06903,0.503552,-0.435741,-13.10847,129.37822,-0.65529,-0.660708,-0.572736,0.185968,0.448168,-2.353308,117.331337,-15.963371,0.222732,0.273992,-0.637852,-0.684444,5.989045,145.36937,-7.838356,-0.097961,0.922144,0.019133,0.373749,-4.598984,129.614044,21.320919,0.435421,0.896115,0.085946,-0.000591,7.305654,132.437592,33.083298,-0.159341,0.428714,0.514872,-0.725066,21.119884,115.075218,31.394276,0.005636,0.221314,0.663616,-0.714565,18.600771,136.841995,20.117004,0.05232,0.926695,0.136157,0.346353,-5.043561,86.220161,7.988492,0.101942,0.970088,-0.009948,0.220088,-5.139659,51.544525,-2.463429,-0.034333,0.942113,0.046386,0.330294,-14.705479,5.220091,-3.673375,-0.092914,0.895958,-0.105945,0.421191,7.929543,87.057808,21.723989,-0.009741,0.908042,-0.144926,0.392889,10.727221,52.279411,31.43416,-0.018957,0.893615,0.013697,0.448226,6.175844,6.958804,44.250114,-0.034333,0.942113,0.046386,0.330294,-5.337294,0.675995,-15.099422,-0.018957,0.893615,0.013697,0.448226,17.814785,1.407368,35.724689
2,0.016667,-0.027418,0.918081,0.007826,0.395366,1.447754,86.638794,14.853561,-0.122639,0.906033,0.150219,0.376162,1.009407,94.380142,14.796877,-0.020164,0.923477,0.001108,0.383122,-6.023486,113.780762,18.571802,0.080067,0.95424,0.085832,0.275042,-6.832855,135.011459,18.287006,0.008646,0.990101,0.022448,0.13828,-4.26649,149.490936,19.756256,-0.104571,0.760474,0.128466,0.627886,-9.883713,129.340332,16.009027,-0.742819,0.069166,0.503537,-0.43576,-13.102428,129.378967,-0.654851,-0.660782,-0.572659,0.186027,0.448132,-2.347454,117.327499,-15.959445,0.222647,0.27401,-0.637741,-0.684568,5.998887,145.366211,-7.840957,-0.097937,0.922171,0.019071,0.373692,-4.588281,129.613434,21.319706,0.435421,0.896122,0.085873,-0.000556,7.317968,132.437164,33.08041,-0.158978,0.428679,0.514842,-0.725189,21.132196,115.074501,31.394217,0.005498,0.221009,0.663804,-0.714485,18.610374,136.832565,20.107607,0.052365,0.926649,0.136072,0.346503,-5.037851,86.22126,7.984838,0.101956,0.97008,-0.009928,0.220118,-5.137414,51.544296,-2.462661,-0.034369,0.942133,0.046292,0.330244,-14.704103,5.220109,-3.675019,-0.092903,0.895971,-0.10594,0.421168,7.933359,87.056335,21.722284,-0.00971,0.90806,-0.144956,0.392836,10.730729,52.277714,31.431761,-0.018954,0.893609,0.013652,0.448238,6.176327,6.957865,44.249344,-0.034369,0.942133,0.046292,0.330244,-5.336976,0.673768,-15.10104,-0.018954,0.893609,0.013652,0.448238,17.815269,1.405234,35.724701
3,0.025,-0.027329,0.918079,0.007727,0.395379,1.4513,86.638161,14.851742,-0.122593,0.906035,0.150262,0.376155,1.014817,94.379601,14.794188,-0.020077,0.923487,0.001064,0.383102,-6.0171,113.780502,18.571577,0.08017,0.954218,0.085869,0.275078,-6.822315,135.011353,18.286469,0.008679,0.990096,0.022284,0.138339,-4.253356,149.490173,19.757708,-0.104495,0.760577,0.128347,0.627798,-9.874384,129.340775,16.008713,-0.742732,0.069293,0.503486,-0.435947,-13.097373,129.378098,-0.654343,-0.660916,-0.572645,0.185978,0.447973,-2.340876,117.319504,-15.952253,0.222708,0.273954,-0.637879,-0.684441,6.007556,145.359177,-7.839234,-0.098128,0.922301,0.018809,0.373334,-4.578671,129.612946,21.31916,0.435935,0.895899,0.085589,-0.000475,7.335369,132.44664,33.069576,-0.158802,0.428691,0.515063,-0.725063,21.129665,115.067482,31.39016,0.005577,0.220916,0.66387,-0.714452,18.619576,136.826843,20.102995,0.052269,0.926694,0.136077,0.346394,-5.034194,86.22142,7.982865,0.102036,0.970113,-0.009914,0.219934,-5.128456,51.543831,-2.462581,-0.034337,0.942137,0.046226,0.330246,-14.702373,5.221179,-3.676149,-0.09287,0.896076,-0.106021,0.420931,7.936794,87.054893,21.720617,-0.009677,0.90808,-0.144908,0.39281,10.732053,52.277077,31.433559,-0.018968,0.893583,0.013666,0.448289,6.176973,6.955859,44.246048,-0.034337,0.942137,0.046226,0.330246,-5.3357,0.672667,-15.101682,-0.018968,0.893583,0.013666,0.448289,17.817095,1.403804,35.722637
4,0.033333,-0.027316,0.918057,0.007741,0.395431,1.456368,86.637642,14.849253,-0.122522,0.906116,0.150179,0.376017,1.020001,94.379089,14.791946,-0.019879,0.923597,0.001153,0.382847,-6.007802,113.782738,18.568716,0.079954,0.954261,0.085867,0.274991,-6.806811,135.013916,18.290537,0.008812,0.990079,0.022107,0.138481,-4.243899,149.494019,19.759705,-0.104479,0.760693,0.128259,0.627678,-9.86185,129.344955,16.012758,-0.742638,0.069302,0.503709,-0.435848,-13.090057,129.379898,-0.649288,-0.660958,-0.572562,0.185907,0.448046,-2.343651,117.319153,-15.952595,0.222991,0.273831,-0.637942,-0.68434,6.012134,145.355865,-7.83693,-0.09796,0.922294,0.018763,0.373398,-4.563092,129.613907,21.320326,0.436035,0.895834,0.085764,-0.000617,7.350441,132.442841,33.072395,-0.158597,0.428471,0.515211,-0.725133,21.140848,115.061523,31.383532,0.00553,0.220759,0.663962,-0.714415,18.628889,136.822586,20.09832,0.05233,0.926582,0.135966,0.346728,-5.028358,86.22126,7.979634,0.102086,0.970095,-0.009899,0.21999,-5.125781,51.541946,-2.460079,-0.034297,0.942122,0.046274,0.330287,-14.703838,5.22022,-3.676638,-0.092776,0.895753,-0.10582,0.421689,7.941093,87.054024,21.718872,-0.009888,0.907822,-0.144989,0.393369,10.728412,52.271843,31.418503,-0.01902,0.893581,0.013714,0.448288,6.180476,6.953237,44.242756,-0.034297,0.942122,0.046274,0.330287,-5.336448,0.672656,-15.10195,-0.01902,0.893581,0.013714,0.448288,17.821348,1.403087,35.719139
5,0.041667,-0.027329,0.918069,0.007718,0.395402,1.46105,86.636536,14.848557,-0.122344,0.90615,0.150121,0.376015,1.024638,94.377983,14.790869,-0.020054,0.923587,0.001158,0.382862,-5.992853,113.776443,18.566946,0.079971,0.954241,0.085866,0.275056,-6.798791,135.007339,18.286097,0.008913,0.990063,0.022087,0.13859,-4.235389,149.48732,19.755602,-0.10421,0.760739,0.128398,0.627639,-9.8519,129.337082,16.008919,-0.74251,0.069478,0.503615,-0.436145,-13.083681,129.381592,-0.652416,-0.661095,-0.572666,0.185828,0.447743,-2.334124,117.310593,-15.945435,0.22311,0.273965,-0.637881,-0.684305,6.016191,145.350723,-7.835873,-0.097943,0.922318,0.018608,0.373351,-4.553411,129.608429,21.316637,0.436025,0.895833,0.085819,-0.00059,7.361425,132.438904,33.067017,-0.158653,0.428372,0.515234,-0.725162,21.152218,115.057884,31.378233,0.005638,0.220637,0.66387,-0.714538,18.637243,136.821289,20.097399,0.052378,0.926561,0.135962,0.346779,-5.024106,86.219757,7.979365,0.102113,0.970072,-0.009953,0.220078,-5.124254,51.540714,-2.461205,-0.034201,0.942105,0.046384,0.33033,-14.705748,5.219603,-3.674172,-0.092738,0.895845,-0.105884,0.421485,7.946206,87.053314,21.717749,-0.009954,0.907635,-0.144949,0.393813,10.731256,52.271618,31.419743,-0.018976,0.893626,0.013821,0.448199,6.184238,6.952044,44.240929,-0.034201,0.942105,0.046384,0.33033,-5.337997,0.674134,-15.100029,-0.018976,0.893626,0.013821,0.448199,17.823463,1.404028,35.713669
6,0.05,-0.027313,0.918071,0.007819,0.395396,1.466024,86.637184,14.843598,-0.122264,0.90614,0.150166,0.376047,1.029206,94.378624,14.787446,-0.019969,0.923578,0.00117,0.382889,-5.985888,113.776733,18.566179,0.079863,0.954243,0.085701,0.275132,-6.788687,135.007767,18.287178,0.009043,0.990041,0.022036,0.138747,-4.226997,149.488586,19.75144,-0.104127,0.760824,0.128325,0.627565,-9.8425,129.338165,16.009319,-0.742482,0.069574,0.503659,-0.436128,-13.078032,129.382629,-0.651284,-0.661133,-0.572709,0.185751,0.447666,-2.331033,117.308105,-15.943302,0.223311,0.274111,-0.637826,-0.684232,6.018079,145.348251,-7.832579,-0.097901,0.922397,0.018823,0.373156,-4.544275,129.608261,21.317364,0.436074,0.895809,0.085824,-0.000668,7.375794,132.435089,33.063316,-0.15874,0.428262,0.515287,-0.725171,21.16468,115.052887,31.371099,0.005679,0.220491,0.66371,-0.714731,18.647566,136.820801,20.095856,0.052463,0.926525,0.135858,0.346904,-5.019227,86.221428,7.974436,0.10209,0.970089,-0.009955,0.220014,-5.126324,51.541,-2.461471,-0.034225,0.942109,0.046397,0.330314,-14.705841,5.21945,-3.673207,-0.092754,0.895786,-0.105942,0.421593,7.951276,87.052948,21.712759,-0.009896,0.907709,-0.145011,0.393622,10.734395,52.272343,31.419224,-0.018977,0.89361,0.013793,0.44823,6.18279,6.95436,44.24437,-0.034225,0.942109,0.046397,0.330314,-5.338212,0.674592,-15.099403,-0.018977,0.89361,0.013793,0.44823,17.822495,1.405656,35.718208
7,0.058333,-0.027368,0.918087,0.007913,0.395353,1.473411,86.636879,14.840168,-0.122181,0.906198,0.150173,0.375932,1.035235,94.378242,14.78504,-0.01994,0.923641,0.001164,0.382739,-5.976007,113.776123,18.566111,0.079826,0.954243,0.085677,0.27515,-6.777587,135.007202,18.28747,0.009107,0.990016,0.021909,0.138947,-4.216728,149.488251,19.750826,-0.104004,0.760867,0.128307,0.627537,-9.832492,129.337814,16.010578,-0.742322,0.069644,0.503678,-0.436367,-13.070091,129.384796,-0.649622,-0.661237,-0.572821,0.185641,0.447414,-2.324374,117.302704,-15.936579,0.223546,0.274302,-0.637795,-0.684108,6.01944,145.345123,-7.828313,-0.097818,0.922408,0.018826,0.37315,-4.532521,129.607544,21.3169,0.436265,0.895693,0.086056,-0.000867,7.388242,132.431778,33.062775,-0.15873,0.428057,0.515565,-0.725096,21.169701,115.04496,31.357405,0.005684,0.22025,0.663629,-0.71488,18.657919,136.820267,20.092352,0.052492,0.926508,0.135808,0.346962,-5.01243,86.220856,7.971574,0.102155,0.970084,-0.009971,0.220006,-5.122095,51.539673,-2.461778,-0.034229,0.942086,0.046431,0.330374,-14.70784,5.219403,-3.673268,-0.092702,0.895768,-0.105985,0.421632,7.959252,87.052902,21.708761,-0.009876,0.907694,-0.145048,0.393644,10.737256,52.27227,31.416592,-0.018979,0.893621,0.013741,0.448211,6.182192,6.955278,44.244022,-0.034229,0.942086,0.046431,0.330374,-5.338637,0.675552,-15.09858,-0.018979,0.893621,0.013741,0.448211,17.821297,1.405264,35.717892
8,0.066667,-0.027304,0.918107,0.00784,0.395313,1.476485,86.636444,14.839437,-0.122132,0.906205,0.150134,0.375948,1.039676,94.377884,14.783676,-0.019837,0.923638,0.001196,0.38275,-5.968797,113.775543,18.563728,0.079818,0.954249,0.085537,0.275175,-6.766863,135.00679,18.288042,0.009195,0.990009,0.021844,0.138998,-4.205089,149.488083,19.747454,-0.10394,0.760928,0.128263,0.627482,-9.822658,129.338211,16.010294,-0.742198,0.069744,0.503684,-0.436556,-13.063021,129.385452,-0.649364,-0.661282,-0.572972,0.185489,0.447217,-2.318206,117.296127,-15.931219,0.223833,0.274311,-0.637886,-0.683925,6.018501,145.339844,-7.820116,-0.097802,0.922438,0.018845,0.373079,-4.522751,129.606339,21.316763,0.436406,0.895659,0.085699,-0.001127,7.399919,132.429977,33.060844,-0.158787,0.428049,0.515626,-0.725045,21.175894,115.039215,31.351503,0.005738,0.219998,0.663662,-0.714927,18.666733,136.817566,20.089218,0.052535,0.92648,0.135804,0.347033,-5.010017,86.220978,7.971437,0.102126,0.970114,-0.00995,0.219889,-5.121885,51.540039,-2.462713,-0.03427,0.942128,0.046366,0.330258,-14.704699,5.219168,-3.674428,-0.092672,0.895789,-0.10596,0.4216,7.962986,87.051918,21.707438,-0.009828,0.907761,-0.145116,0.393464,10.740217,52.270496,31.412649,-0.018922,0.893595,0.013736,0.448265,6.181026,6.955281,44.244896,-0.03427,0.942128,0.046366,0.330258,-5.338023,0.673868,-15.101234,-0.018922,0.893595,0.013736,0.448265,17.820549,1.404388,35.71991
9,0.075,-0.027237,0.918145,0.007771,0.39523,1.480218,86.633461,14.836815,-0.121953,0.906215,0.150107,0.375991,1.044782,94.374969,14.780521,-0.019845,0.923608,0.001188,0.382823,-5.956492,113.773979,18.562061,0.079837,0.954199,0.085623,0.275317,-6.754714,135.005219,18.285835,0.009205,0.989987,0.02165,0.139187,-4.193096,149.486206,19.748373,-0.103772,0.761095,0.128299,0.6273,-9.810093,129.336578,16.007713,-0.742141,0.069817,0.503627,-0.436705,-13.059386,129.387527,-0.650194,-0.66133,-0.573105,0.185336,0.44704,-2.312479,117.293694,-15.92702,0.223968,0.274442,-0.637879,-0.683835,6.01846,145.338257,-7.812887,-0.097747,0.92245,0.018871,0.373063,-4.511032,129.604843,21.315016,0.43652,0.895587,0.085868,-0.001192,7.412414,132.426483,33.058784,-0.158739,0.42793,0.515789,-0.72501,21.183928,115.032806,31.343142,0.0058,0.219842,0.66345,-0.715171,18.678101,136.814194,20.085917,0.052499,0.926493,0.135815,0.347,-5.0076,86.218605,7.970022,0.10216,0.970105,-0.009956,0.21991,-5.117131,51.537609,-2.463967,-0.034292,0.942139,0.046311,0.330233,-14.703125,5.217403,-3.675981,-0.092619,0.895785,-0.105999,0.421611,7.968036,87.048317,21.703608,-0.009833,0.907753,-0.145106,0.393487,10.740546,52.266796,31.409813,-0.019067,0.893591,0.013704,0.448267,6.181886,6.951308,44.241287,-0.034292,0.942139,0.046311,0.330233,-5.336988,0.670798,-15.102709,-0.019067,0.893591,0.013704,0.448267,17.82279,1.401502,35.71748
10,0.083333,-0.027173,0.918166,0.007757,0.395188,1.484799,86.631844,14.834099,-0.121863,0.906229,0.15008,0.375998,1.050344,94.373413,14.778024,-0.019744,0.923612,0.001226,0.382819,-5.947403,113.774155,18.560127,0.079764,0.954181,0.085581,0.275412,-6.742287,135.005554,18.287037,0.009278,0.98996,0.021484,0.139398,-4.182349,149.487,19.748163,-0.103736,0.7612,0.128258,0.627187,-9.798588,129.337723,16.00812,-0.742081,0.069862,0.503661,-0.436762,-13.052983,129.387894,-0.648795,-0.661322,-0.573184,0.185237,0.446991,-2.307853,117.290855,-15.924327,0.223959,0.274582,-0.637877,-0.683784,6.01979,145.335098,-7.805706,-0.097713,0.922457,0.018888,0.373052,-4.499416,129.604385,21.315393,0.436617,0.895526,0.086007,-0.001268,7.424527,132.424774,33.058964,-0.158665,0.427823,0.51591,-0.725003,21.192261,115.028702,31.337208,0.005835,0.219798,0.663283,-0.715339,18.688124,136.81102,20.083443,0.052487,0.926532,0.135778,0.346912,-5.00371,86.217972,7.967898,0.102187,0.970216,-0.009858,0.219414,-5.114362,51.536144,-2.463292,-0.034222,0.942136,0.046311,0.330249,-14.701426,5.216283,-3.679995,-0.092605,0.895794,-0.106022,0.421588,7.973309,87.045715,21.700298,-0.009788,0.907803,-0.14514,0.393361,10.744439,52.26437,31.407495,-0.019121,0.893607,0.013644,0.448236,6.182376,6.949732,44.240753,-0.034222,0.942136,0.046311,0.330249,-5.335589,0.668964,-15.106688,-0.019121,0.893607,0.013644,0.448236,17.822956,1.399091,35.717045
11,0.091667,-0.027165,0.918202,0.007666,0.395105,1.48807,86.630424,14.834068,-0.121776,0.906262,0.150059,0.375954,1.054288,94.372025,14.776781,-0.019725,0.923631,0.001279,0.382773,-5.940049,113.774834,18.56007,0.079868,0.954165,0.085433,0.275484,-6.735085,135.006256,18.289427,0.009321,0.989936,0.021357,0.139584,-4.171028,149.487274,19.747437,-0.103734,0.761255,0.128125,0.627147,-9.791584,129.338669,16.010185,-0.74208,0.069855,0.503671,-0.436753,-13.047673,129.385681,-0.646411,-0.661253,-0.573263,0.185171,0.447018,-2.302954,117.288841,-15.922401,0.223856,0.274686,-0.637871,-0.683781,6.020681,145.332367,-7.797215,-0.097572,0.922547,0.018922,0.372866,-4.491877,129.604767,21.316954,0.436759,0.895458,0.085997,-0.001428,7.437716,132.420746,33.055843,-0.158784,0.427736,0.516037,-0.724938,21.199945,115.020981,31.327406,0.005779,0.219676,0.663274,-0.715385,18.698446,136.809509,20.081339,0.052484,0.926608,0.135839,0.346685,-5.001698,86.215988,7.96909,0.102175,0.97019,-0.009918,0.21953,-5.11318,51.535351,-2.466056,-0.034265,0.942145,0.04636,0.33021,-14.700296,5.215383,-3.678173,-0.092575,0.895816,-0.106004,0.421552,7.977838,87.044868,21.699047,-0.009808,0.907716,-0.145172,0.393549,10.747993,52.262817,31.404041,-0.019069,0.893617,0.013686,0.448216,6.183825,6.9491,44.239807,-0.034265,0.942145,0.04636,0.33021,-5.334829,0.669843,-15.105875,-0.019069,0.893617,0.013686,0.448216,17.823692,1.398842,35.714882
12,0.1,-0.027287,0.918211,0.00781,0.395072,1.500746,86.62841,14.829665,-0.121728,0.906287,0.150143,0.375876,1.064338,94.369873,14.773686,-0.019785,0.923662,0.001265,0.382694,-5.929623,113.773438,18.561729,0.079712,0.95418,0.085237,0.275539,-6.72681,135.004776,18.289623,0.009521,0.989901,0.021349,0.13982,-4.165532,149.486954,19.741026,-0.103737,0.761318,0.128186,0.627059,-9.783133,129.3367,16.01133,-0.742062,0.070092,0.503611,-0.436814,-13.042979,129.384338,-0.644526,-0.66121,-0.573306,0.185259,0.446991,-2.297066,117.279556,-15.913372,0.223526,0.274798,-0.637854,-0.68386,6.021644,145.325394,-7.791062,-0.097555,0.922568,0.018914,0.372819,-4.482553,129.603729,21.317179,0.436625,0.895505,0.086183,-0.001341,7.448342,132.419342,33.054829,-0.158727,0.427662,0.515983,-0.725033,21.215784,115.023682,31.326719,0.005748,0.219643,0.663238,-0.71543,18.708456,136.810394,20.0797,0.052597,0.926714,0.135861,0.346377,-4.989375,86.212906,7.965089,0.102174,0.970174,-0.010048,0.219596,-5.111297,51.533554,-2.474231,-0.034346,0.942145,0.046447,0.330191,-14.700895,5.213806,-3.675026,-0.092478,0.895856,-0.106115,0.421462,7.990867,87.043915,21.694241,-0.009772,0.90772,-0.145205,0.393529,10.75226,52.262272,31.403172,-0.019055,0.893609,0.013733,0.448232,6.184072,6.94938,44.240433,-0.034346,0.942145,0.046447,0.330191,-5.334874,0.671488,-15.103552,-0.019055,0.893609,0.013733,0.448232,17.824322,1.400149,35.715366
13,0.108333,-0.027244,0.918237,0.007797,0.395016,1.505,86.62899,14.825747,-0.121619,0.906305,0.150134,0.375873,1.069288,94.370491,14.769883,-0.019714,0.923674,0.001443,0.382669,-5.919887,113.773857,18.559147,0.079714,0.954177,0.085055,0.275603,-6.717165,135.00528,18.295197,0.009589,0.989877,0.021208,0.140003,-4.154362,149.487686,19.741682,-0.103765,0.761411,0.128149,0.626948,-9.773608,129.338074,16.014927,-0.742068,0.069766,0.503749,-0.436698,-13.037956,129.383392,-0.640054,-0.661077,-0.573312,0.185091,0.447248,-2.296186,117.289268,-15.920259,0.22323,0.274833,-0.637749,-0.684041,6.025837,145.329102,-7.780575,-0.097524,0.922592,0.018922,0.372767,-4.472703,129.603104,21.320551,0.436657,0.895468,0.086401,-0.001428,7.459722,132.41777,33.056873,-0.158839,0.427649,0.51605,-0.724968,21.225903,115.021881,31.320959,0.005616,0.219838,0.663014,-0.715579,18.721506,136.811157,20.079361,0.052532,0.926832,0.135831,0.346081,-4.986001,86.214134,7.961965,0.102251,0.970076,-0.010131,0.219987,-5.107675,51.533707,-2.47377,-0.03435,0.942103,0.046501,0.330301,-14.70551,5.215609,-3.672424,-0.09247,0.895853,-0.106183,0.421452,7.996002,87.043854,21.689531,-0.009754,0.907722,-0.145242,0.393511,10.754904,52.263153,31.402557,-0.019135,0.893625,0.01373,0.448196,6.18403,6.951246,44.242325,-0.03435,0.942103,0.046501,0.330301,-5.336668,0.674897,-15.099276,-0.019135,0.893625,0.01373,0.448196,17.824409,1.402979,35.716801
14,0.116667,-0.027193,0.91826,0.007711,0.394969,1.508736,86.628357,14.824915,-0.121587,0.90633,0.150114,0.37583,1.074272,94.369919,14.768161,-0.019588,0.9237,0.001393,0.382613,-5.913073,113.77343,18.557478,0.07963,0.954147,0.085158,0.275701,-6.704624,135.005066,18.293659,0.009651,0.989845,0.020997,0.140259,-4.144998,149.487762,19.742771,-0.103756,0.761554,0.128172,0.626771,-9.762883,129.338699,16.013756,-0.742078,0.069778,0.503757,-0.436669,-13.03481,129.383469,-0.639738,-0.661062,-0.573293,0.18502,0.447325,-2.293459,117.289436,-15.920307,0.222894,0.274995,-0.637644,-0.684183,6.031476,145.326874,-7.775449,-0.09752,0.922575,0.018882,0.372811,-4.461255,129.602264,21.318729,0.436677,0.89547,0.086278,-0.001587,7.470062,132.417252,33.056103,-0.158941,0.427663,0.516072,-0.724922,21.235428,115.021111,31.316158,0.005692,0.219849,0.662966,-0.715618,18.732985,136.809677,20.079094,0.052618,0.926863,0.135833,0.345986,-4.983027,86.213715,7.961839,0.102215,0.970143,-0.0101,0.219711,-5.111492,51.533962,-2.476069,-0.034381,0.942126,0.046452,0.330239,-14.705756,5.215102,-3.674063,-0.092389,0.895849,-0.106168,0.421482,8.0005,87.042992,21.68799,-0.009719,0.907836,-0.145295,0.393229,10.754324,52.260983,31.39776,-0.018749,0.893628,0.013947,0.448201,6.182461,6.950477,44.242107,-0.034381,0.942126,0.046452,0.330239,-5.338209,0.673318,-15.10155,-0.018749,0.893628,0.013947,0.448201,17.819975,1.402708,35.712353
15,0.125,-0.027139,0.918285,0.007684,0.394914,1.513425,86.626884,14.822041,-0.121541,0.906368,0.150169,0.375732,1.079889,94.3685,14.765254,-0.01953,0.923751,0.001391,0.382492,-5.906591,113.772903,18.558352,0.079721,0.954138,0.085068,0.275732,-6.695868,135.004639,18.295486,0.009683,0.989823,0.020842,0.140434,-4.132947,149.486938,19.742874,-0.103692,0.761613,0.128145,0.626715,-9.755352,129.338699,16.016186,-0.742099,0.069786,0.503766,-0.436622,-13.030107,129.384094,-0.636749,-0.661029,-0.57327,0.184969,0.447424,-2.289236,117.290588,-15.918077,0.222692,0.274947,-0.637686,-0.684229,6.038438,145.325699,-7.767978,-0.097511,0.922611,0.018921,0.372723,-4.452302,129.601486,21.319775,0.436798,0.895421,0.08617,-0.0017,7.481302,132.415848,33.054966,-0.158949,0.427652,0.516144,-0.724875,21.241943,115.016266,31.31217,0.005655,0.219787,0.663059,-0.715552,18.742687,136.806442,20.077198,0.052588,0.926934,0.135862,0.345787,-4.979208,86.212952,7.959745,0.102229,0.970154,-0.010121,0.219654,-5.107176,51.533554,-2.479343,-0.034245,0.942138,0.046457,0.33022,-14.703218,5.215007,-3.675173,-0.092363,0.89598,-0.106204,0.4212,8.006059,87.04081,21.684338,-0.009701,0.907765,-0.145324,0.393383,10.760164,52.259003,31.394764,-0.018959,0.893639,0.013727,0.448176,6.183483,6.949264,44.240135,-0.034245,0.942138,0.046457,0.33022,-5.337454,0.671975,-15.103624,-0.018959,0.893639,0.013727,0.448176,17.821638,1.398611,35.713135
16,0.133333,-0.027039,0.918329,0.007649,0.39482,1.517283,86.626709,14.81826,-0.121493,0.906396,0.150276,0.375636,1.085383,94.368416,14.761642,-0.019447,0.923793,0.001316,0.382396,-5.900469,113.771881,18.560188,0.079919,0.954111,0.085084,0.275763,-6.685279,135.003769,18.29582,0.00966,0.989812,0.020653,0.140541,-4.116932,149.484879,19.745342,-0.103556,0.761692,0.128113,0.626649,-9.746437,129.338287,16.017591,-0.742055,0.069743,0.503843,-0.436616,-13.024977,129.385956,-0.634591,-0.661018,-0.573215,0.184909,0.447536,-2.287275,117.292633,-15.918295,0.222426,0.27491,-0.637585,-0.684424,6.045599,145.324738,-7.763237,-0.097423,0.922629,0.018758,0.372709,-4.442243,129.600372,21.320074,0.436873,0.895372,0.086305,-0.001752,7.49229,132.414124,33.054466,-0.158842,0.427539,0.516258,-0.724885,21.250032,115.012756,31.306692,0.005582,0.219702,0.663287,-0.715367,18.75178,136.804016,20.073769,0.052531,0.926969,0.135852,0.345707,-4.976863,86.214233,7.95731,0.102279,0.970191,-0.010098,0.219467,-5.102123,51.534199,-2.479704,-0.034206,0.942134,0.046325,0.330252,-14.702453,5.21658,-3.676868,-0.09236,0.895969,-0.10622,0.421219,8.011429,87.039185,21.679211,-0.009584,0.907943,-0.145397,0.392948,10.764625,52.257584,31.390615,-0.019002,0.893602,0.013609,0.448252,6.181309,6.949634,44.23991,-0.034206,0.942134,0.046325,0.330252,-5.336666,0.669493,-15.103684,-0.019002,0.893602,0.013609,0.448252,17.820799,1.396539,35.71632
17,0.141667,-0.026943,0.91836,0.007631,0.394755,1.521773,86.624443,14.816326,-0.121478,0.906422,0.150253,0.375587,1.091335,94.366234,14.760071,-0.019378,0.923821,0.001343,0.382333,-5.894269,113.772537,18.558876,0.0799,0.954115,0.085022,0.275776,-6.676833,135.004532,18.296762,0.009835,0.989799,0.020516,0.140641,-4.108535,149.485855,19.744411,-0.103508,0.76175,0.128035,0.626602,-9.738921,129.339615,16.018393,-0.74209,0.069787,0.503855,-0.436534,-13.019794,129.386459,-0.63334,-0.66102,-0.573138,0.184901,0.447635,-2.282916,117.293205,-15.917678,0.222225,0.274874,-0.637451,-0.684629,6.055473,145.323212,-7.760968,-0.097376,0.922684,0.018777,0.372584,-4.433951,129.600601,21.320154,0.436994,0.895319,0.086238,-0.001841,7.504081,132.412903,33.051346,-0.158871,0.427588,0.516355,-0.72478,21.257111,115.008072,31.30084,0.005609,0.219672,0.663223,-0.715436,18.765905,136.801086,20.069895,0.052494,0.927035,0.135857,0.345535,-4.973448,86.213463,7.9563,0.1023,0.970236,-0.010062,0.21926,-5.098057,51.533241,-2.480092,-0.034178,0.942162,0.046299,0.330181,-14.699781,5.215949,-3.678898,-0.09232,0.896038,-0.106276,0.421068,8.016995,87.035423,21.676353,-0.009625,0.907783,-0.145372,0.393325,10.767468,52.25415,31.389719,-0.018987,0.89358,0.013747,0.448291,6.183312,6.945583,44.236538,-0.034178,0.942162,0.046299,0.330181,-5.336051,0.667801,-15.106988,-0.018987,0.89358,0.013747,0.448291,17.824047,1.395857,35.712444
18,0.15,-0.026942,0.918393,0.007688,0.394677,1.527505,86.624817,14.812178,-0.121424,0.906455,0.150275,0.375517,1.096729,94.3666,14.756772,-0.019327,0.923856,0.001367,0.382251,-5.887194,113.774025,18.558008,0.07991,0.954137,0.084856,0.275747,-6.668183,135.006104,18.297737,0.009983,0.989792,0.020489,0.140683,-4.098269,149.48761,19.740667,-0.103547,0.761749,0.128041,0.626595,-9.731111,129.341599,16.019461,-0.74208,0.069724,0.504013,-0.43638,-13.012007,129.387512,-0.632265,-0.661013,-0.573013,0.18488,0.447814,-2.281801,117.296768,-15.923267,0.222088,0.274875,-0.637274,-0.684838,6.065768,145.322937,-7.762804,-0.097254,0.92272,0.018735,0.372529,-4.425173,129.601746,21.320295,0.43695,0.895332,0.086317,-0.001881,7.515052,132.410889,33.050007,-0.15884,0.427496,0.516381,-0.724823,21.269753,115.00769,31.296535,0.005653,0.219568,0.663268,-0.715426,18.776031,136.800903,20.067616,0.052578,0.926979,0.135834,0.34568,-4.968871,86.214256,7.95322,0.102296,0.970186,-0.010145,0.219481,-5.098027,51.534229,-2.483766,-0.034265,0.942166,0.046276,0.330164,-14.700826,5.217022,-3.677087,-0.092311,0.896053,-0.106342,0.421022,8.02388,87.035385,21.671135,-0.009569,0.907845,-0.145428,0.393163,10.772255,52.255013,31.388306,-0.019041,0.893608,0.013557,0.44824,6.183453,6.947875,44.238514,-0.034265,0.942166,0.046276,0.330164,-5.336701,0.669118,-15.104946,-0.019041,0.893608,0.013557,0.44824,17.82287,1.39397,35.715343
19,0.158333,-0.026918,0.918443,0.00768,0.394561,1.533008,86.624191,14.810493,-0.121391,0.906506,0.1503,0.375394,1.102614,94.365997,14.755177,-0.019293,0.92391,0.001348,0.38212,-5.880513,113.775078,18.559126,0.079859,0.954133,0.084851,0.275778,-6.659907,135.007217,18.298735,0.01012,0.989764,0.020365,0.140888,-4.091362,149.488998,19.741222,-0.103511,0.76176,0.128059,0.626584,-9.723927,129.342911,16.021418,-0.742024,0.069692,0.504141,-0.436332,-13.005548,129.390076,-0.630167,-0.661051,-0.572829,0.184928,0.447973,-2.280901,117.299103,-15.924896,0.221811,0.274741,-0.637124,-0.685121,6.078442,145.322296,-7.766297,-0.097282,0.922772,0.018834,0.37239,-4.416466,129.602737,21.320744,0.43701,0.895314,0.086207,-0.00198,7.527088,132.411774,33.047096,-0.158763,0.42738,0.516486,-0.724833,21.279474,115.006927,31.291603,0.005939,0.21935,0.663482,-0.715291,18.786118,136.802322,20.0651,0.052613,0.926997,0.135838,0.345625,-4.965135,86.213943,7.95319,0.102315,0.970168,-0.010179,0.219548,-5.097161,51.53426,-2.484916,-0.034333,0.94216,0.046274,0.330174,-14.702365,5.217493,-3.676147,-0.092264,0.896068,-0.106409,0.420984,8.031152,87.034447,21.667797,-0.009564,0.907811,-0.145461,0.393229,10.774793,52.254475,31.387764,-0.01908,0.893612,0.013622,0.448227,6.183419,6.948242,44.240242,-0.034333,0.94216,0.046274,0.330174,-5.337308,0.670236,-15.103505,-0.01908,0.893612,0.013622,0.448227,17.823299,1.396487,35.716305
20,0.166667,-0.026896,0.918468,0.007672,0.394506,1.537953,86.624405,14.807907,-0.121338,0.906528,0.150347,0.375339,1.107927,94.366226,14.752638,-0.019261,0.923933,0.001295,0.382068,-5.873645,113.775131,18.559612,0.079942,0.954103,0.084891,0.275846,-6.65094,135.007339,18.297735,0.010137,0.989743,0.020243,0.141056,-4.080379,149.488556,19.742271,-0.103408,0.761853,0.1281,0.626481,-9.71578,129.34317,16.021179,-0.742062,0.069928,0.5042,-0.436162,-13.00253,129.393082,-0.629385,-0.661153,-0.572571,0.185068,0.448095,-2.281968,117.296898,-15.922856,0.221672,0.274579,-0.637062,-0.685288,6.092141,145.318466,-7.773754,-0.097233,0.922815,0.018882,0.372293,-4.407704,129.602844,21.319895,0.437012,0.895315,0.086182,-0.002035,7.538634,132.409927,33.043873,-0.158706,0.427285,0.516529,-0.724871,21.290905,115.005173,31.286699,0.006074,0.219175,0.663527,-0.715302,18.79565,136.801605,20.061436,0.052662,0.92698,0.135802,0.345678,-4.961029,86.21447,7.951382,0.102311,0.970178,-0.010195,0.219508,-5.096684,51.534439,-2.48552,-0.0342,0.942159,0.046373,0.330176,-14.701891,5.217621,-3.674849,-0.092257,0.89606,-0.106437,0.420994,8.036936,87.034348,21.664433,-0.009494,0.907867,-0.145508,0.393083,10.77916,52.254711,31.386015,-0.01894,0.893614,0.013634,0.44823,6.182065,6.949672,44.240635,-0.0342,0.942159,0.046373,0.330176,-5.337864,0.671758,-15.103602,-0.01894,0.893614,0.013634,0.44823,17.820608,1.396391,35.715874
21,0.175,-0.026845,0.918494,0.007616,0.39445,1.541766,86.623726,14.806379,-0.121351,0.906552,0.150366,0.37527,1.112803,94.365608,14.750643,-0.019082,0.923977,0.001309,0.381969,-5.870961,113.778862,18.559557,0.080458,0.95404,0.084946,0.275896,-6.641466,135.011353,18.30122,0.009911,0.989737,0.019969,0.141154,-4.056903,149.489517,19.751553,-0.103466,0.76189,0.127991,0.626448,-9.708627,129.348541,16.024429,-0.742145,0.06993,0.504423,-0.435761,-12.996355,129.394363,-0.62595,-0.661124,-0.572226,0.185237,0.448509,-2.285835,117.302513,-15.929873,0.221428,0.274293,-0.63704,-0.685502,6.108487,145.318466,-7.782272,-0.097223,0.922905,0.01908,0.372062,-4.399317,129.605667,21.322035,0.437146,0.895257,0.086105,-0.002132,7.552923,132.4104,33.040562,-0.158665,0.427246,0.51661,-0.724845,21.299965,115.001801,31.280502,0.006144,0.219168,0.663472,-0.715355,18.807154,136.799576,20.056614,0.052663,0.926975,0.135809,0.345687,-4.9581,86.214226,7.950665,0.102346,0.970193,-0.0102,0.219423,-5.093524,51.534348,-2.486739,-0.0343,0.942166,0.046258,0.330163,-14.702106,5.21822,-3.675411,-0.092217,0.896013,-0.10641,0.421111,8.041633,87.033234,21.662094,-0.009482,0.907877,-0.145559,0.393041,10.780897,52.252651,31.381094,-0.01892,0.893616,0.013666,0.448225,6.181505,6.948972,44.2397,-0.0343,0.942166,0.046258,0.330163,-5.337687,0.670186,-15.10298,-0.01892,0.893616,0.013666,0.448225,17.819906,1.396247,35.714375
22,0.183333,-0.026783,0.918525,0.007494,0.394384,1.545875,86.623207,14.804917,-0.121296,0.906634,0.150413,0.375071,1.118537,94.365158,14.747861,-0.019068,0.924079,0.001301,0.381724,-5.86236,113.77655,18.560589,0.080469,0.954061,0.084902,0.275834,-6.632234,135.009064,18.302351,0.009977,0.98972,0.019859,0.141285,-4.047007,149.487228,19.75131,-0.103301,0.761919,0.128033,0.626431,-9.700808,129.346329,16.027271,-0.742107,0.069857,0.504586,-0.43565,-12.990406,129.397125,-0.622721,-0.661246,-0.571903,0.18537,0.448686,-2.286764,117.307152,-15.932936,0.221428,0.273922,-0.637032,-0.685658,6.127004,145.319962,-7.794646,-0.097184,0.922924,0.019061,0.372026,-4.388678,129.603333,21.322052,0.437172,0.895223,0.086323,-0.002167,7.564716,132.407181,33.039616,-0.158517,0.427059,0.516706,-0.724919,21.310757,114.998375,31.273798,0.006172,0.219089,0.663501,-0.715352,18.815041,136.796265,20.052319,0.052672,0.926984,0.135794,0.345668,-4.955033,86.213852,7.950186,0.102356,0.970211,-0.010163,0.219341,-5.091685,51.533741,-2.48642,-0.034257,0.942168,0.046246,0.330162,-14.700511,5.217734,-3.677887,-0.09214,0.896101,-0.106471,0.420924,8.046783,87.032555,21.659649,-0.009432,0.907968,-0.145557,0.392835,10.781174,52.251877,31.379683,-0.018853,0.893601,0.0136,0.448259,6.180395,6.948066,44.237339,-0.034257,0.942168,0.046246,0.330162,-5.336575,0.668915,-15.105536,-0.018853,0.893601,0.0136,0.448259,17.818436,1.392783,35.713196
23,0.191667,-0.02671,0.91855,0.007428,0.394332,1.551751,86.622124,14.802301,-0.12131,0.906639,0.150523,0.375011,1.125848,94.364159,14.744774,-0.019002,0.924102,0.001228,0.381672,-5.857423,113.77536,18.56205,0.080498,0.954052,0.08488,0.275862,-6.62354,135.00798,18.302063,0.010059,0.989707,0.019759,0.14138,-4.037325,149.486008,19.750713,-0.103195,0.761944,0.128088,0.626406,-9.693377,129.345596,16.027815,-0.742082,0.069882,0.504727,-0.435524,-12.984769,129.400116,-0.621814,-0.661396,-0.571569,0.185521,0.448827,-2.287631,117.309479,-15.936052,0.221489,0.273563,-0.637075,-0.685741,6.145914,145.319809,-7.809718,-0.097155,0.922992,0.019017,0.371867,-4.380611,129.602127,21.321981,0.437274,0.895206,0.085978,-0.002348,7.576978,132.40593,33.035267,-0.158603,0.427065,0.516691,-0.724908,21.318998,114.994049,31.268553,0.006201,0.219066,0.663639,-0.715231,18.822655,136.794189,20.048546,0.052639,0.927009,0.135767,0.345615,-4.950021,86.213524,7.948343,0.1024,0.970378,-0.010036,0.218589,-5.085737,51.53265,-2.485745,-0.034245,0.942181,0.046231,0.33013,-14.696844,5.217251,-3.682359,-0.092117,0.896002,-0.106452,0.421144,8.053524,87.030724,21.65626,-0.009405,0.907973,-0.145609,0.392803,10.784678,52.249443,31.375059,-0.018775,0.893581,0.013624,0.448301,6.180104,6.947002,44.236183,-0.034245,0.942181,0.046231,0.33013,-5.333823,0.66789,-15.110545,-0.018775,0.893581,0.013624,0.448301,17.818256,1.391302,35.71246
24,0.2,-0.026674,0.918567,0.007427,0.394296,1.556853,86.621536,14.799419,-0.121181,0.906668,0.150578,0.374959,1.131463,94.363602,14.742114,-0.019037,0.924123,0.001192,0.381618,-5.847511,113.775238,18.563969,0.080588,0.954028,0.084891,0.275917,-6.614457,135.007813,18.302032,0.010059,0.989689,0.019656,0.14152,-4.025805,149.485275,19.751904,-0.103045,0.761987,0.128104,0.626376,-9.684338,129.345093,16.028673,-0.742089,0.06995,0.50492,-0.435277,-12.978068,129.403549,-0.620486,-0.661522,-0.571184,0.185721,0.449049,-2.290016,117.312454,-15.940708,0.2215,0.273274,-0.637204,-0.685733,6.16573,145.319672,-7.826641,-0.097154,0.923004,0.019087,0.371834,-4.370983,129.602325,21.322218,0.437289,0.895178,0.086193,-0.002365,7.587477,132.405273,33.034824,-0.15852,0.426941,0.516761,-0.724948,21.328896,114.993416,31.263226,0.006236,0.219072,0.663471,-0.715385,18.831074,136.793091,20.045906,0.052682,0.926972,0.135719,0.345728,-4.945494,86.213531,7.945968,0.102422,0.970218,-0.010168,0.219278,-5.084038,51.532043,-2.486017,-0.034342,0.942175,0.046224,0.330136,-14.698985,5.217319,-3.677826,-0.092095,0.896034,-0.106535,0.42106,8.059199,87.029533,21.652872,-0.009365,0.907996,-0.145619,0.392749,10.787225,52.249252,31.376112,-0.018962,0.893604,0.01354,0.448252,6.179644,6.947022,44.236893,-0.034342,0.942175,0.046224,0.330136,-5.33487,0.668753,-15.105433,-0.018962,0.893604,0.01354,0.448252,17.818394,1.391646,35.713776
25,0.208333,-0.026651,0.918574,0.007435,0.39428,1.561901,86.622124,14.798101,-0.121132,0.906689,0.15054,0.374939,1.13679,94.364204,14.741055,-0.019012,0.924141,0.001255,0.381577,-5.839712,113.776802,18.562422,0.080576,0.954026,0.08491,0.275921,-6.606707,135.009415,18.303429,0.010178,0.989682,0.019536,0.141575,-4.018543,149.486923,19.753763,-0.10326,0.761904,0.12818,0.626426,-9.676788,129.346985,16.029585,-0.742124,0.069994,0.505141,-0.434955,-12.966901,129.402008,-0.620295,-0.661524,-0.570865,0.185988,0.449341,-2.289046,117.312309,-15.94873,0.221601,0.272838,-0.637238,-0.685843,6.182802,145.317368,-7.844022,-0.09713,0.923053,0.019152,0.371716,-4.362951,129.6035,21.322676,0.437307,0.89518,0.086077,-0.002506,7.598625,132.405136,33.03241,-0.15861,0.42686,0.51674,-0.724992,21.339325,114.993057,31.257381,0.00621,0.21908,0.663552,-0.715307,18.837027,136.793762,20.044529,0.052686,0.927003,0.135717,0.345644,-4.940702,86.214577,7.94487,0.102443,0.970169,-0.010229,0.219483,-5.080494,51.533066,-2.487032,-0.034212,0.942188,0.046259,0.330108,-14.698416,5.218875,-3.675689,-0.092065,0.896042,-0.106565,0.421042,8.064504,87.029671,21.651333,-0.009426,0.907848,-0.145642,0.39308,10.789901,52.249454,31.37553,-0.018952,0.893627,0.013553,0.448204,6.182052,6.947956,44.238785,-0.034212,0.942188,0.046259,0.330108,-5.336182,0.669944,-15.104686,-0.018952,0.893627,0.013553,0.448204,17.819851,1.392736,35.714272
26,0.216667,-0.026666,0.918575,0.007436,0.394275,1.568545,86.622154,14.796716,-0.121075,0.906691,0.150519,0.374962,1.143211,94.364227,14.739598,-0.018924,0.924141,0.001374,0.381579,-5.831076,113.778008,18.561054,0.080596,0.954012,0.084911,0.275963,-6.596552,135.010742,18.308147,0.010174,0.989673,0.019369,0.141661,-4.007828,149.488113,19.758829,-0.103244,0.761961,0.128101,0.626375,-9.667044,129.349197,16.032688,-0.742039,0.069945,0.505336,-0.434881,-12.959425,129.402527,-0.616749,-0.661661,-0.570527,0.186221,0.449472,-2.290022,117.312599,-15.950881,0.221731,0.272431,-0.637331,-0.685876,6.199975,145.316666,-7.861753,-0.097092,0.923065,0.019179,0.371695,-4.353176,129.603821,21.32584,0.437285,0.895173,0.08626,-0.002565,7.60919,132.403946,33.03513,-0.15855,0.426786,0.516764,-0.725031,21.350721,114.993118,31.254265,0.006242,0.219176,0.663207,-0.715597,18.846699,136.792389,20.04262,0.052764,0.927039,0.135664,0.345557,-4.934109,86.214355,7.943549,0.102443,0.970209,-0.010202,0.219306,-5.081509,51.532387,-2.486759,-0.034283,0.942175,0.046275,0.330136,-14.699096,5.218145,-3.67613,-0.09204,0.896036,-0.106583,0.421056,8.071199,87.029961,21.649881,-0.009395,0.907845,-0.145682,0.393073,10.794224,52.249683,31.374538,-0.019089,0.893647,0.013457,0.448162,6.182284,6.949246,44.240093,-0.034283,0.942175,0.046275,0.330136,-5.335454,0.670396,-15.104445,-0.019089,0.893647,0.013457,0.448162,17.82024,1.393363,35.716225
27,0.225,-0.026638,0.918597,0.007452,0.394226,1.572653,86.622223,14.794657,-0.121005,0.906703,0.150529,0.374951,1.147619,94.364319,14.737958,-0.018852,0.924147,0.00134,0.38157,-5.823855,113.777939,18.560856,0.080571,0.954041,0.084816,0.275898,-6.585952,135.010788,18.307814,0.010287,0.989686,0.019441,0.141552,-3.997182,149.48848,19.755358,-0.103207,0.761984,0.128187,0.626336,-9.657393,129.349716,16.032459,-0.741994,0.07002,0.505564,-0.434681,-12.951714,129.405579,-0.616589,-0.661737,-0.5702,0.18647,0.449672,-2.293048,117.313431,-15.956434,0.221795,0.272087,-0.6373,-0.686021,6.213934,145.316025,-7.880118,-0.097022,0.923083,0.019161,0.371667,-4.343376,129.603531,21.325499,0.437324,0.89516,0.086194,-0.002712,7.620144,132.401794,33.034058,-0.158564,0.426675,0.516784,-0.72508,21.360136,114.990234,31.248468,0.006253,0.219124,0.663218,-0.715603,18.852337,136.791763,20.039799,0.052758,0.927062,0.135684,0.34549,-4.930769,86.215004,7.94218,0.102483,0.970123,-0.010319,0.219665,-5.077983,51.53339,-2.489273,-0.034302,0.942192,0.046239,0.33009,-14.701158,5.220145,-3.672306,-0.092014,0.896061,-0.106643,0.420992,8.076077,87.029442,21.647133,-0.009366,0.907856,-0.145691,0.393044,10.796282,52.249752,31.374672,-0.018843,0.893623,0.013539,0.448218,6.181885,6.949517,44.240032,-0.034302,0.942192,0.046239,0.33009,-5.338517,0.671571,-15.101114,-0.018843,0.893623,0.013539,0.448218,17.818756,1.392506,35.715412
28,0.233333,-0.026567,0.918606,0.007353,0.394212,1.575797,86.622154,14.793205,-0.120925,0.906716,0.150537,0.374942,1.152377,94.364319,14.735535,-0.018753,0.924154,0.001247,0.381557,-5.815524,113.776802,18.559761,0.080603,0.954029,0.084951,0.27589,-6.572212,135.009827,18.304665,0.010258,0.989693,0.019369,0.141521,-3.983641,149.487137,19.756273,-0.103099,0.762118,0.128193,0.62619,-9.645154,129.349319,16.02994,-0.74191,0.069956,0.505692,-0.434685,-12.946431,129.407028,-0.617725,-0.66187,-0.569944,0.186644,0.44973,-2.293132,117.314659,-15.961127,0.221851,0.271825,-0.637251,-0.686152,6.227671,145.31694,-7.89832,-0.097094,0.923048,0.019137,0.371738,-4.330937,129.602295,21.322823,0.437445,0.895091,0.086292,-0.002765,7.630318,132.402939,33.033123,-0.158311,0.426468,0.51701,-0.725096,21.365604,114.988136,31.243071,0.006542,0.218722,0.663362,-0.71559,18.860664,136.790756,20.037045,0.052761,0.927077,0.135668,0.345453,-4.927894,86.215424,7.940956,0.102459,0.970236,-0.010221,0.219178,-5.076112,51.533531,-2.489562,-0.034257,0.942226,0.046206,0.330003,-14.69571,5.219641,-3.67631,-0.092023,0.895949,-0.106568,0.421249,8.079488,87.028885,21.645454,-0.009345,0.907838,-0.145742,0.393069,10.799807,52.24815,31.369246,-0.018824,0.893628,0.013542,0.448209,6.181381,6.949285,44.237984,-0.034257,0.942226,0.046206,0.330003,-5.33568,0.669643,-15.106688,-0.018824,0.893628,0.013542,0.448209,17.817888,1.392105,35.712975
29,0.241667,-0.026545,0.918617,0.007332,0.394189,1.580334,86.621666,14.791335,-0.120921,0.906699,0.150576,0.374969,1.157352,94.363853,14.73351,-0.018633,0.924142,0.001224,0.381592,-5.811502,113.776886,18.55925,0.080689,0.954067,0.084737,0.275798,-6.563125,135.010101,18.305149,0.010395,0.989722,0.019451,0.141296,-3.97042,149.487244,19.751003,-0.103106,0.762064,0.128145,0.626264,-9.637241,129.350433,16.029913,-0.74182,0.069882,0.505946,-0.434555,-12.935303,129.40744,-0.618385,-0.661878,-0.5697,0.186856,0.449937,-2.292974,117.315804,-15.969971,0.221891,0.27151,-0.637318,-0.686202,6.239849,145.316772,-7.91529,-0.097031,0.92311,0.019146,0.3716,-4.323362,129.601883,21.323204,0.437532,0.895067,0.086091,-0.002891,7.641788,132.400757,33.029945,-0.15836,0.426463,0.517022,-0.725079,21.373621,114.983368,31.238451,0.006608,0.218631,0.663155,-0.715809,18.869061,136.787659,20.033936,0.052752,0.927127,0.135627,0.345336,-4.923728,86.215149,7.939426,0.102463,0.970429,-0.010032,0.218331,-5.07375,51.532387,-2.488167,-0.03419,0.942231,0.046212,0.329994,-14.690866,5.21822,-3.683945,-0.091982,0.895988,-0.1066,0.421167,8.084394,87.028183,21.643244,-0.009267,0.907967,-0.145757,0.392765,10.801981,52.247398,31.367615,-0.018981,0.893626,0.013492,0.448208,6.180564,6.948811,44.236233,-0.03419,0.942231,0.046212,0.329994,-5.331692,0.667702,-15.114817,-0.018981,0.893626,0.013492,0.448208,17.818439,1.392419,35.712589
30,0.25,-0.026525,0.918636,0.00725,0.394146,1.585711,86.621109,14.791483,-0.120892,0.906708,0.150566,0.374962,1.16352,94.363335,14.732639,-0.01841,0.924151,0.001067,0.381583,-5.803157,113.774315,18.558081,0.080345,0.954097,0.084925,0.275739,-6.543478,135.007889,18.301456,0.010518,0.98973,0.019459,0.141226,-3.961929,149.486786,19.749725,-0.102971,0.762204,0.128256,0.626092,-9.620651,129.349594,16.026955,-0.741663,0.06993,0.506025,-0.434723,-12.926963,129.411209,-0.619693,-0.661984,-0.569536,0.187078,0.449898,-2.288508,117.313156,-15.968916,0.2219,0.2712,-0.637479,-0.686171,6.250656,145.316772,-7.930164,-0.097118,0.923027,0.019073,0.371788,-4.30654,129.598846,21.320118,0.437672,0.894997,0.086106,-0.003023,7.653312,132.400955,33.031498,-0.158214,0.426264,0.517167,-0.725125,21.379671,114.979874,31.23394,0.006798,0.218484,0.663143,-0.715863,18.874043,136.786224,20.032835,0.052784,0.927142,0.135645,0.345286,-4.919007,86.214325,7.940213,0.102484,0.970404,-0.010062,0.218432,-5.071262,51.532162,-2.489337,-0.034255,0.942235,0.0462,0.329979,-14.69069,5.218437,-3.683808,-0.091936,0.896014,-0.106605,0.42112,8.09043,87.027885,21.642752,-0.009282,0.907866,-0.145768,0.392996,10.805404,52.246552,31.365894,-0.019034,0.893612,0.013392,0.448236,6.181621,6.948283,44.234814,-0.034255,0.942235,0.0462,0.329979,-5.331274,0.668231,-15.114607,-0.019034,0.893612,0.013392,0.448236,17.820107,1.39003,35.713211
31,0.258333,-0.026481,0.918624,0.007206,0.39418,1.59012,86.622528,14.790465,-0.120829,0.90671,0.150573,0.374974,1.168826,94.364807,14.731251,-0.018394,0.924148,0.001007,0.381591,-5.795792,113.776711,18.55794,0.080329,0.954109,0.084912,0.275705,-6.534485,135.010315,18.299206,0.010663,0.989737,0.019554,0.141155,-3.95328,149.489334,19.746859,-0.103028,0.762191,0.128193,0.626112,-9.612048,129.352036,16.025204,-0.741589,0.06986,0.50612,-0.434751,-12.91713,129.410965,-0.621703,-0.661933,-0.569429,0.187333,0.450002,-2.282483,117.312981,-15.973621,0.221819,0.270903,-0.637613,-0.686191,6.258296,145.318695,-7.943905,-0.097053,0.923044,0.019059,0.371763,-4.298016,129.601395,21.318443,0.437671,0.895011,0.08597,-0.003047,7.662886,132.401703,33.029194,-0.158159,0.426249,0.51719,-0.725129,21.389288,114.980484,31.233316,0.006901,0.218145,0.663179,-0.715932,18.88439,136.785034,20.032135,0.05278,0.927136,0.13565,0.3453,-4.914143,86.216202,7.938735,0.102581,0.970221,-0.010249,0.219187,-5.06582,51.534092,-2.491038,-0.034128,0.942199,0.046164,0.330099,-14.697024,5.22261,-3.677779,-0.091928,0.896026,-0.106602,0.421097,8.094384,87.028862,21.642197,-0.009249,0.907851,-0.145793,0.393022,10.809232,52.247383,31.36484,-0.019136,0.893606,0.013385,0.448245,6.181347,6.949738,44.234501,-0.034128,0.942199,0.046164,0.330099,-5.336074,0.670166,-15.106438,-0.019136,0.893606,0.013385,0.448245,17.821009,1.392652,35.713734
32,0.266667,-0.026505,0.918627,0.007186,0.394171,1.595715,86.624123,14.789382,-0.1208,0.906713,0.150551,0.374985,1.174197,94.366379,14.729735,-0.018346,0.924146,0.001009,0.381598,-5.788497,113.777252,18.555706,0.080194,0.954115,0.084907,0.275726,-6.525327,135.010941,18.297813,0.01079,0.989725,0.019598,0.141225,-3.947862,149.490738,19.744331,-0.103079,0.762151,0.128198,0.626152,-9.603351,129.353012,16.023537,-0.74152,0.06988,0.506253,-0.434711,-12.906382,129.411057,-0.623776,-0.661841,-0.569325,0.187636,0.450143,-2.277863,117.310974,-15.978289,0.221725,0.270641,-0.637773,-0.686175,6.263216,145.319199,-7.957664,-0.096999,0.923063,0.019062,0.371728,-4.289379,129.6017,21.316868,0.437692,0.894996,0.086015,-0.003068,7.672757,132.400391,33.026737,-0.158207,0.426137,0.517232,-0.725154,21.398315,114.978699,31.229076,0.006986,0.218028,0.663056,-0.716081,18.890789,136.78624,20.032513,0.05283,0.927155,0.135624,0.345251,-4.908649,86.217209,7.937784,0.102587,0.970198,-0.010289,0.219286,-5.064916,51.534973,-2.491458,-0.034176,0.942205,0.04612,0.330083,-14.697403,5.223701,-3.675655,-0.091915,0.896034,-0.106645,0.421072,8.100079,87.031029,21.64098,-0.009204,0.907902,-0.14581,0.392899,10.812975,52.250038,31.365908,-0.018834,0.893616,0.013363,0.448239,6.1823,6.952801,44.23597,-0.034176,0.942205,0.04612,0.330083,-5.336481,0.670522,-15.104036,-0.018834,0.893616,0.013363,0.448239,17.818623,1.391179,35.713612
33,0.275,-0.026484,0.918625,0.007172,0.394176,1.600007,86.624413,14.787671,-0.120759,0.906712,0.150526,0.37501,1.17888,94.366692,14.727952,-0.018232,0.924143,0.00101,0.381611,-5.781967,113.778221,18.553459,0.08016,0.954122,0.08498,0.27569,-6.514366,135.012085,18.297466,0.010909,0.989736,0.019567,0.141141,-3.938442,149.491974,19.745678,-0.10307,0.762171,0.128113,0.626146,-9.593509,129.354996,16.022598,-0.741411,0.069802,0.506324,-0.434825,-12.896863,129.411362,-0.624657,-0.661806,-0.569272,0.187859,0.450168,-2.271082,117.310265,-15.980248,0.221739,0.270365,-0.638031,-0.68604,6.268563,145.321533,-7.968763,-0.096909,0.92307,0.018971,0.371739,-4.279623,129.602112,21.31609,0.437791,0.894946,0.086027,-0.003057,7.682827,132.399155,33.026035,-0.158329,0.426205,0.517279,-0.725054,21.404535,114.974442,31.228193,0.007153,0.217916,0.661949,-0.717137,18.902411,136.78273,20.035576,0.05282,0.92716,0.135617,0.345244,-4.904307,86.217773,7.936008,0.102633,0.970198,-0.010326,0.219261,-5.060151,51.535328,-2.492568,-0.034174,0.942206,0.046137,0.330079,-14.697629,5.22502,-3.674082,-0.091926,0.896117,-0.106698,0.420879,8.104321,87.031052,21.639334,-0.009114,0.907955,-0.145849,0.392762,10.818393,52.25103,31.367392,-0.018868,0.893611,0.013434,0.448244,6.18049,6.954715,44.238121,-0.034174,0.942206,0.046137,0.330079,-5.336782,0.672299,-15.102709,-0.018868,0.893611,0.013434,0.448244,17.8176,1.395351,35.715366
34,0.283333,-0.026441,0.918626,0.007126,0.394179,1.603126,86.624207,14.786935,-0.12067,0.906728,0.150491,0.375015,1.182891,94.366531,14.726821,-0.018203,0.924145,0.000982,0.381606,-5.773862,113.778625,18.552313,0.080163,0.95411,0.085126,0.275683,-6.504666,135.012527,18.295687,0.010976,0.98974,0.019508,0.141116,-3.929839,149.492218,19.748028,-0.103099,0.762151,0.128075,0.626173,-9.584257,129.355621,16.021019,-0.741353,0.069814,0.506372,-0.434868,-12.88624,129.410614,-0.626513,-0.661718,-0.569283,0.1881,0.450183,-2.262673,117.307388,-15.981972,0.221746,0.270239,-0.638143,-0.685983,6.2707,145.32283,-7.978328,-0.096983,0.923111,0.018998,0.371618,-4.2703,129.602478,21.314451,0.438085,0.894816,0.085887,-0.003131,7.694726,132.401688,33.021244,-0.158377,0.426197,0.517421,-0.724947,21.404974,114.968094,31.222075,0.007024,0.2178,0.661909,-0.71721,18.909492,136.781586,20.0333,0.052774,0.927186,0.135657,0.345164,-4.901193,86.217972,7.935252,0.102637,0.97017,-0.010377,0.21938,-5.053822,51.535946,-2.494781,-0.03408,0.94226,0.046147,0.329932,-14.692537,5.225811,-3.672876,-0.09192,0.896106,-0.106703,0.420903,8.107445,87.030441,21.638617,-0.009083,0.907984,-0.145873,0.392687,10.82068,52.250408,31.366909,-0.019018,0.893629,0.013344,0.448204,6.180206,6.954703,44.238834,-0.03408,0.94226,0.046147,0.329932,-5.336107,0.672334,-15.104816,-0.019018,0.893629,0.013344,0.448204,17.817688,1.395002,35.716801
35,0.291667,-0.026394,0.918616,0.007094,0.394204,1.60745,86.62355,14.785898,-0.120613,0.906731,0.150412,0.375056,1.18808,94.365921,14.725608,-0.018164,0.924134,0.000983,0.381636,-5.764646,113.777115,18.548332,0.080284,0.954096,0.085061,0.275716,-6.49391,135.011078,18.292366,0.010909,0.989734,0.019608,0.141149,-3.915166,149.490143,19.743923,-0.10306,0.762164,0.12799,0.626181,-9.573763,129.354462,16.017319,-0.741163,0.069707,0.506333,-0.435254,-12.875679,129.408661,-0.630227,-0.661744,-0.569381,0.188245,0.44996,-2.249695,117.30162,-15.981002,0.22174,0.270261,-0.638201,-0.685923,6.273563,145.323318,-7.988542,-0.097003,0.923103,0.018966,0.371634,-4.260122,129.600769,21.31109,0.438077,0.894809,0.085996,-0.003046,7.704365,132.40097,33.018188,-0.158327,0.426134,0.517431,-0.724987,21.41494,114.967514,31.220324,0.007061,0.217731,0.661778,-0.717351,18.917433,136.780472,20.03196,0.052786,0.927225,0.135608,0.345078,-4.896535,86.217896,7.933865,0.102655,0.970245,-0.010295,0.219046,-5.052194,51.535011,-2.493237,-0.034214,0.942271,0.046061,0.329898,-14.691249,5.22506,-3.675976,-0.091909,0.896156,-0.106728,0.420793,8.111435,87.029198,21.637932,-0.009018,0.908033,-0.145885,0.392572,10.824378,52.249413,31.36717,-0.019049,0.893607,0.013295,0.448249,6.179575,6.953919,44.238281,-0.034214,0.942271,0.046061,0.329898,-5.334533,0.670529,-15.107265,-0.019049,0.893607,0.013295,0.448249,17.817986,1.393378,35.718075
36,0.3,-0.026424,0.918612,0.007075,0.394212,1.614478,86.62188,14.784068,-0.120563,0.906719,0.150376,0.375116,1.194793,94.364235,14.723307,-0.018132,0.924105,0.000973,0.381706,-5.755945,113.776886,18.545155,0.080272,0.954071,0.085081,0.2758,-6.483773,135.01091,18.289259,0.010942,0.989719,0.019624,0.141252,-3.905532,149.48999,19.741613,-0.103041,0.762201,0.127889,0.62616,-9.563654,129.354507,16.013695,-0.741144,0.069624,0.506365,-0.435262,-12.866585,129.406815,-0.633663,-0.66166,-0.569472,0.188332,0.449932,-2.241542,117.301765,-15.986666,0.221933,0.270303,-0.638333,-0.68572,6.27348,145.326279,-7.995236,-0.096956,0.923082,0.018977,0.371697,-4.2508,129.600418,21.308279,0.43807,0.894799,0.086137,-0.00302,7.712408,132.398926,33.017105,-0.158311,0.426095,0.517471,-0.724986,21.423275,114.965858,31.217527,0.006994,0.217614,0.661667,-0.71749,18.926168,136.779388,20.030552,0.052857,0.92723,0.13557,0.345068,-4.889361,86.215553,7.931932,0.102487,0.970344,-0.01032,0.218684,-5.05087,51.532452,-2.49438,-0.034307,0.94244,0.046218,0.329385,-14.675606,5.219284,-3.6677,-0.091831,0.896084,-0.106765,0.420953,8.118318,87.028206,21.636204,-0.009058,0.907971,-0.145861,0.392723,10.82338,52.247948,31.365955,-0.019071,0.893607,0.01335,0.448246,6.180735,6.951869,44.235802,-0.034307,0.94244,0.046218,0.329385,-5.329805,0.669792,-15.109928,-0.019071,0.893607,0.01335,0.448246,17.819593,1.393026,35.715084
37,0.308333,-0.026403,0.918605,0.007041,0.394232,1.61961,86.622147,14.781755,-0.120562,0.906718,0.150401,0.37511,1.200443,94.364517,14.720636,-0.018055,0.924114,0.00095,0.381688,-5.750213,113.775719,18.543247,0.080184,0.954099,0.084945,0.275771,-6.474674,135.009857,18.287699,0.011055,0.989716,0.01975,0.141247,-3.897785,149.489639,19.73539,-0.103109,0.762063,0.127939,0.626307,-9.555542,129.353973,16.012169,-0.740988,0.06959,0.50646,-0.435423,-12.851766,129.406708,-0.636512,-0.661556,-0.569614,0.188449,0.449856,-2.230787,117.297791,-15.989269,0.222081,0.270283,-0.638528,-0.685499,6.271688,145.326736,-8.000067,-0.096875,0.923084,0.018812,0.371722,-4.242443,129.598969,21.306549,0.437972,0.894831,0.086316,-0.002915,7.720667,132.397003,33.015587,-0.158227,0.426014,0.517467,-0.725055,21.435369,114.966843,31.217077,0.007081,0.217514,0.661611,-0.717571,18.934662,136.779144,20.029619,0.05285,0.927219,0.135552,0.345104,-4.883961,86.21595,7.929359,0.102769,0.970173,-0.010386,0.219305,-5.045068,51.532467,-2.495677,-0.034129,0.942221,0.046106,0.330046,-14.696008,5.224905,-3.674961,-0.091855,0.896105,-0.106806,0.420893,8.123181,87.028336,21.634151,-0.008962,0.908035,-0.145885,0.392568,10.829141,52.249039,31.367069,-0.019012,0.893565,0.013381,0.448332,6.17953,6.953463,44.236156,-0.034129,0.942221,0.046106,0.330046,-5.336485,0.670836,-15.104136,-0.019012,0.893565,0.013381,0.448332,17.819559,1.394691,35.716999
38,0.316667,-0.026416,0.918586,0.007034,0.394275,1.625912,86.622826,14.780029,-0.120518,0.906715,0.150347,0.375152,1.206596,94.365189,14.718718,-0.018004,0.924098,0.000817,0.381731,-5.74068,113.774368,18.539101,0.079933,0.954085,0.085054,0.275859,-6.460943,135.008591,18.279135,0.011211,0.989688,0.019833,0.141419,-3.891949,149.489639,19.72826,-0.10311,0.762127,0.127995,0.626217,-9.542705,129.352875,16.004469,-0.740926,0.069637,0.506328,-0.435673,-12.842743,129.406143,-0.643454,-0.661503,-0.569828,0.188515,0.449636,-2.216105,117.29277,-15.988777,0.222163,0.270361,-0.638645,-0.685333,6.270109,145.327728,-8.003386,-0.096884,0.923025,0.018779,0.371868,-4.230066,129.597885,21.299309,0.437895,0.894883,0.086164,-0.003008,7.729304,132.396332,33.012062,-0.158269,0.425944,0.517363,-0.725161,21.446995,114.968559,31.213099,0.006836,0.217573,0.662434,-0.716796,18.937716,136.782959,20.024723,0.052951,0.92716,0.135517,0.345262,-4.877001,86.21637,7.927026,0.102565,0.970267,-0.010467,0.218983,-5.043989,51.532959,-2.498187,-0.034118,0.942431,0.046288,0.329419,-14.678476,5.221593,-3.662546,-0.091808,0.896106,-0.106859,0.420887,8.128825,87.029282,21.633034,-0.008965,0.90802,-0.145881,0.392605,10.830176,52.250183,31.367966,-0.019035,0.893577,0.01335,0.448308,6.180534,6.954479,44.236599,-0.034118,0.942431,0.046288,0.329419,-5.333559,0.672163,-15.105513,-0.019035,0.893577,0.01335,0.448308,17.82019,1.395196,35.717266
39,0.325,-0.026458,0.918586,0.007043,0.394271,1.633455,86.624992,14.777881,-0.120501,0.906695,0.150331,0.375212,1.213491,94.367317,14.716448,-0.018021,0.924063,0.000825,0.381813,-5.732889,113.776138,18.535931,0.079905,0.954053,0.085073,0.275973,-6.453961,135.010345,18.275932,0.011292,0.989663,0.019866,0.141578,-3.885904,149.49147,19.725798,-0.103136,0.762128,0.127977,0.626216,-9.535088,129.354492,16.00069,-0.74089,0.069577,0.506304,-0.435772,-12.83499,129.406708,-0.647262,-0.661436,-0.569975,0.188511,0.449549,-2.206885,117.293694,-15.991852,0.222263,0.270476,-0.638797,-0.685113,6.269165,145.331161,-8.004543,-0.096846,0.923024,0.018745,0.371882,-4.223405,129.599701,21.296478,0.43783,0.894898,0.086337,-0.002867,7.735847,132.397369,33.009537,-0.158186,0.425883,0.517373,-0.725208,21.456099,114.971367,31.21311,0.006926,0.217534,0.662497,-0.716749,18.944805,136.784546,20.02416,0.05297,0.927212,0.135395,0.345168,-4.869469,86.21788,7.924927,0.102769,0.970188,-0.010362,0.219243,-5.041868,51.532234,-2.492721,-0.034105,0.942254,0.046197,0.329939,-14.692448,5.224642,-3.673572,-0.091721,0.8961,-0.106928,0.420901,8.136379,87.032104,21.630836,-0.008985,0.907965,-0.145876,0.392732,10.829799,52.252899,31.367584,-0.019152,0.893579,0.013302,0.4483,6.180162,6.957096,44.235867,-0.034105,0.942254,0.046197,0.329939,-5.33547,0.672806,-15.105716,-0.019152,0.893579,0.013302,0.4483,17.820654,1.398108,35.717487
40,0.333333,-0.026496,0.918578,0.007055,0.394287,1.641497,86.625359,14.776269,-0.120512,0.906694,0.15033,0.375211,1.220922,94.367661,14.714763,-0.017988,0.924066,0.000796,0.381809,-5.725012,113.773979,18.533573,0.07993,0.954034,0.085017,0.276049,-6.444316,135.008224,18.272964,0.011313,0.98964,0.019879,0.14174,-3.875092,149.489258,19.721739,-0.103181,0.762103,0.127989,0.626236,-9.525937,129.35257,15.997915,-0.740848,0.069414,0.506276,-0.435902,-12.824662,129.404068,-0.650272,-0.661336,-0.570168,0.18849,0.449461,-2.194272,117.294182,-15.995746,0.222346,0.270627,-0.638916,-0.684916,6.268922,145.334335,-8.00419,-0.096878,0.922996,0.018676,0.371947,-4.214183,129.597504,21.293646,0.437883,0.894864,0.086426,-0.002845,7.743217,132.396896,33.008179,-0.158199,0.425884,0.517451,-0.725149,21.461414,114.969398,31.210644,0.00693,0.217477,0.662424,-0.716834,18.954153,136.784286,20.023739,0.053023,0.927183,0.135368,0.345246,-4.861156,86.217682,7.923091,0.102831,0.970088,-0.010475,0.219647,-5.036917,51.531906,-2.494084,-0.03424,0.942257,0.046122,0.329927,-14.694907,5.225724,-3.66993,-0.091648,0.896068,-0.106965,0.420976,8.144149,87.033043,21.629446,-0.008966,0.90798,-0.145891,0.392693,10.83098,52.253448,31.366629,-0.01908,0.893582,0.0133,0.448297,6.179741,6.958026,44.235672,-0.03424,0.942257,0.046122,0.329927,-5.337083,0.673161,-15.101096,-0.01908,0.893582,0.0133,0.448297,17.819414,1.398048,35.716812
41,0.341667,-0.02643,0.918565,0.006987,0.394323,1.645708,86.625473,14.774323,-0.120386,0.906716,0.150309,0.375208,1.226491,94.367836,14.712225,-0.01812,0.924066,0.000761,0.381803,-5.713645,113.773491,18.531961,0.079869,0.953983,0.085058,0.27623,-6.437535,135.007553,18.26783,0.011356,0.989584,0.019866,0.142124,-3.870322,149.4888,19.717958,-0.103067,0.762096,0.128058,0.62625,-9.517958,129.350845,15.993752,-0.740783,0.069413,0.506123,-0.436189,-12.816917,129.406815,-0.654377,-0.661348,-0.570385,0.18845,0.449185,-2.179668,117.293633,-15.992498,0.222358,0.270952,-0.638912,-0.684787,6.26947,145.338638,-8.003161,-0.096886,0.922981,0.018661,0.371982,-4.206204,129.597794,21.289389,0.437892,0.89487,0.086316,-0.002869,7.750268,132.397552,33.004784,-0.158238,0.425899,0.517397,-0.72517,21.468094,114.969635,31.208447,0.006797,0.217549,0.662675,-0.71658,18.958641,136.784668,20.02088,0.053125,0.927089,0.135278,0.34552,-4.856471,86.218437,7.920657,0.102623,0.970328,-0.010386,0.218688,-5.03832,51.531685,-2.493158,-0.034207,0.942445,0.04629,0.329371,-14.676801,5.221295,-3.66333,-0.091593,0.896052,-0.107015,0.421011,8.147888,87.032509,21.627989,-0.009007,0.907902,-0.145844,0.39289,10.829218,52.252968,31.366848,-0.01893,0.893537,0.013436,0.448388,6.180456,6.956336,44.232513,-0.034207,0.942445,0.04629,0.329371,-5.332128,0.672789,-15.106864,-0.01893,0.893537,0.013436,0.448388,17.820972,1.39791,35.713799
42,0.35,-0.026405,0.918573,0.00691,0.394308,1.652211,86.626625,14.775501,-0.120522,0.906697,0.150269,0.375226,1.233816,94.369034,14.71248,-0.017966,0.92406,0.000701,0.381825,-5.711235,113.774872,18.52854,0.079828,0.95396,0.085122,0.276302,-6.428099,135.009171,18.264549,0.011458,0.989566,0.019821,0.14225,-3.86254,149.49054,19.716417,-0.103102,0.762083,0.127927,0.626286,-9.510281,129.3535,15.990278,-0.740745,0.069339,0.506104,-0.436289,-12.807427,129.406006,-0.658219,-0.661264,-0.570586,0.188342,0.449097,-2.168846,117.293533,-15.995969,0.222392,0.271202,-0.639014,-0.684582,6.268811,145.339828,-7.998897,-0.096823,0.922965,0.018601,0.372043,-4.198699,129.598648,21.286171,0.437933,0.894854,0.086272,-0.002891,7.756652,132.39711,33.003025,-0.158303,0.425959,0.5174,-0.725119,21.472866,114.967934,31.206507,0.006798,0.217732,0.662699,-0.716503,18.966072,136.783569,20.019512,0.053145,0.927082,0.135276,0.345535,-4.85022,86.219452,7.922082,0.102866,0.970188,-0.010398,0.219193,-5.033267,51.532806,-2.492075,-0.034177,0.942262,0.046071,0.329928,-14.693459,5.22717,-3.671181,-0.091507,0.896046,-0.107026,0.421039,8.154642,87.033798,21.62892,-0.008981,0.90796,-0.14587,0.392746,10.829748,52.253281,31.366032,-0.019115,0.893534,0.013261,0.448393,6.179865,6.957307,44.233627,-0.034177,0.942262,0.046071,0.329928,-5.336356,0.672553,-15.102117,-0.019115,0.893534,0.013261,0.448393,17.821541,1.396814,35.717846
43,0.358333,-0.026324,0.918566,0.006841,0.394332,1.655737,86.626648,14.773824,-0.120469,0.906702,0.150204,0.375257,1.238916,94.369133,14.710291,-0.017943,0.924051,0.000691,0.381847,-5.702955,113.775337,18.524385,0.080253,0.953884,0.085195,0.276419,-6.418765,135.009674,18.260365,0.011223,0.989552,0.019737,0.142381,-3.841899,149.488449,19.718111,-0.103046,0.762079,0.127956,0.626294,-9.501117,129.354156,15.985945,-0.740755,0.069305,0.506054,-0.436335,-12.798333,129.408768,-0.662538,-0.661171,-0.570773,0.188253,0.449034,-2.15729,117.297302,-15.999394,0.222381,0.271441,-0.639007,-0.684497,6.269447,145.344727,-7.994765,-0.096814,0.922951,0.018542,0.372081,-4.189774,129.599045,21.282091,0.437951,0.894841,0.086319,-0.002842,7.764687,132.397888,32.999767,-0.158263,0.425961,0.517421,-0.725111,21.480247,114.968094,31.204229,0.006725,0.217728,0.662892,-0.716326,18.974569,136.783798,20.016327,0.053172,0.927064,0.135218,0.345604,-4.846419,86.22036,7.920089,0.102873,0.970208,-0.010378,0.219102,-5.031996,51.532776,-2.490899,-0.034105,0.942277,0.046062,0.329893,-14.692429,5.227217,-3.671097,-0.091515,0.896036,-0.107055,0.421052,8.157892,87.032936,21.627558,-0.008946,0.907975,-0.145874,0.392711,10.832476,52.252972,31.366768,-0.019045,0.893541,0.013298,0.44838,6.17989,6.957048,44.233559,-0.034105,0.942277,0.046062,0.329893,-5.336897,0.671604,-15.102927,-0.019045,0.893541,0.013298,0.44838,17.820766,1.396568,35.716675
44,0.366667,-0.026303,0.918548,0.006822,0.394374,1.662277,86.627052,14.770846,-0.120482,0.906684,0.150222,0.375288,1.245881,94.369553,14.70716,-0.017944,0.924037,0.000657,0.38188,-5.697265,113.776443,18.521687,0.080261,0.953845,0.085188,0.276553,-6.412563,135.010773,18.256273,0.011284,0.989517,0.019713,0.142618,-3.835402,149.489456,19.714376,-0.102989,0.762031,0.127904,0.626373,-9.494879,129.355194,15.981984,-0.740808,0.069324,0.506055,-0.436241,-12.789139,129.41069,-0.667074,-0.661022,-0.57093,0.188181,0.449086,-2.14826,117.300537,-16.00507,0.222311,0.271643,-0.638962,-0.684482,6.269244,145.347687,-7.989815,-0.096791,0.922953,0.018474,0.372087,-4.18392,129.600296,21.278503,0.437971,0.894833,0.086302,-0.00281,7.770533,132.399307,32.996143,-0.15831,0.426046,0.517437,-0.725039,21.485291,114.968742,31.202116,0.006761,0.217782,0.662828,-0.716369,18.984045,136.784515,20.014181,0.053183,0.927049,0.135158,0.345664,-4.839263,86.221016,7.916514,0.102941,0.970092,-0.010487,0.21958,-5.026398,51.532352,-2.490828,-0.034233,0.942265,0.046002,0.329923,-14.694765,5.228353,-3.66718,-0.091491,0.89601,-0.107096,0.421102,8.163817,87.033096,21.625177,-0.008915,0.907975,-0.145889,0.392708,10.835014,52.253456,31.366486,-0.018978,0.893511,0.013326,0.448442,6.179234,6.957901,44.233402,-0.034233,0.942265,0.046002,0.329923,-5.337423,0.672388,-15.097387,-0.018978,0.893511,0.013326,0.448442,17.820744,1.397302,35.717461
45,0.375,-0.02629,0.918531,0.006802,0.394415,1.666982,86.62809,14.769119,-0.120409,0.906692,0.150157,0.375318,1.250895,94.370613,14.705208,-0.017985,0.924027,0.00065,0.381903,-5.688441,113.778412,18.518171,0.080135,0.953827,0.085225,0.276639,-6.405206,135.01268,18.251793,0.011446,0.989491,0.019689,0.142791,-3.831849,149.492004,19.710258,-0.103042,0.762003,0.127925,0.626394,-9.487015,129.356781,15.9776,-0.740942,0.069299,0.506003,-0.436078,-12.780023,129.41153,-0.671709,-0.660802,-0.571124,0.1881,0.449195,-2.136674,117.306473,-16.012011,0.222226,0.271789,-0.63903,-0.684389,6.26918,145.352859,-7.98188,-0.096807,0.922973,0.018558,0.372029,-4.176335,129.602493,21.274372,0.43799,0.894829,0.086246,-0.002779,7.779459,132.401047,32.990749,-0.158383,0.42612,0.517422,-0.72499,21.493486,114.969673,31.198967,0.006749,0.217926,0.662958,-0.716205,18.994482,136.786346,20.010878,0.053176,0.927064,0.135087,0.345654,-4.833964,86.222145,7.91422,0.102982,0.970185,-0.010391,0.219154,-5.022586,51.532028,-2.48829,-0.034165,0.942261,0.046071,0.329931,-14.693178,5.228633,-3.67009,-0.091479,0.895999,-0.107156,0.421112,8.167928,87.034042,21.624016,-0.008907,0.907954,-0.145873,0.392762,10.836453,52.255173,31.368807,-0.019166,0.893526,0.013242,0.448407,6.179891,6.959146,44.233799,-0.034165,0.942261,0.046071,0.329931,-5.336132,0.673903,-15.101027,-0.019166,0.893526,0.013242,0.448407,17.822266,1.398838,35.718853
46,0.383333,-0.026299,0.918529,0.006807,0.394419,1.671759,86.629257,14.767125,-0.120494,0.906647,0.15007,0.375435,1.255505,94.371773,14.703224,-0.017773,0.923987,0.000822,0.382009,-5.685298,113.777306,18.510193,0.08001,0.953815,0.08498,0.276791,-6.396525,135.011871,18.253933,0.011459,0.989452,0.019685,0.143062,-3.824663,149.492218,19.705027,-0.103042,0.761947,0.127901,0.626467,-9.479293,129.35788,15.976325,-0.741023,0.069197,0.506065,-0.435885,-12.76918,129.412628,-0.673606,-0.660566,-0.571208,0.18808,0.449445,-2.127964,117.313828,-16.020329,0.221843,0.271943,-0.639008,-0.684472,6.27256,145.357635,-7.975709,-0.096838,0.92297,0.018344,0.372039,-4.169715,129.599655,21.274385,0.437983,0.894825,0.086322,-0.002828,7.785635,132.401855,32.990349,-0.158312,0.426146,0.517473,-0.724954,21.499916,114.971031,31.195169,0.006733,0.217937,0.663023,-0.716142,19.004555,136.787598,20.005344,0.053159,0.927069,0.13508,0.345644,-4.829122,86.223183,7.912168,0.10304,0.970117,-0.010463,0.219422,-5.016943,51.532806,-2.489455,-0.034151,0.942263,0.046016,0.329936,-14.693907,5.230677,-3.668511,-0.091469,0.895979,-0.107178,0.421152,8.17264,87.035332,21.622082,-0.008879,0.907956,-0.14589,0.392751,10.839358,52.25668,31.368118,-0.019047,0.893536,0.013282,0.448391,6.179884,6.961083,44.233585,-0.034151,0.942263,0.046016,0.329936,-5.337015,0.674276,-15.098913,-0.019047,0.893536,0.013282,0.448391,17.820913,1.400229,35.717148
47,0.391667,-0.026299,0.91851,0.006748,0.394464,1.675333,86.629417,14.766726,-0.120452,0.906655,0.150017,0.375451,1.259449,94.371941,14.70197,-0.017771,0.923985,0.000776,0.382015,-5.67944,113.779686,18.507748,0.080097,0.953768,0.084994,0.276923,-6.389812,135.014267,18.249725,0.011448,0.989419,0.019604,0.143301,-3.815598,149.494034,19.702412,-0.103054,0.761919,0.127853,0.626508,-9.472773,129.360214,15.972537,-0.741103,0.069121,0.506041,-0.435787,-12.76083,129.41391,-0.677757,-0.660389,-0.571313,0.187998,0.449605,-2.11809,117.320023,-16.027287,0.22149,0.272061,-0.639076,-0.684476,6.277003,145.361542,-7.968974,-0.09687,0.922976,0.018433,0.372009,-4.163264,129.602203,21.270653,0.438071,0.894793,0.086201,-0.002798,7.792623,132.404327,32.986084,-0.158328,0.426352,0.517553,-0.724772,21.503487,114.970482,31.19412,0.006948,0.217958,0.662838,-0.716304,19.020935,136.786621,20.002125,0.053237,0.927034,0.135077,0.345729,-4.824877,86.222923,7.911161,0.103023,0.970118,-0.010487,0.219426,-5.016999,51.533092,-2.492222,-0.034026,0.942274,0.046071,0.329907,-14.692971,5.230683,-3.668705,-0.091465,0.895943,-0.107161,0.421232,8.175543,87.035904,21.622292,-0.008873,0.907907,-0.145895,0.392862,10.841642,52.256931,31.367344,-0.019105,0.893522,0.013258,0.448416,6.179905,6.961477,44.232471,-0.034026,0.942274,0.046071,0.329907,-5.337871,0.674535,-15.10067,-0.019105,0.893522,0.013258,0.448416,17.821899,1.400775,35.717262
48,0.4,-0.026251,0.918487,0.006707,0.394521,1.678722,86.628136,14.765292,-0.120422,0.906649,0.149946,0.375504,1.263777,94.370712,14.700214,-0.017775,0.923967,0.000762,0.382058,-5.67315,113.779579,18.503462,0.080069,0.953721,0.084873,0.277131,-6.38344,135.01416,18.244781,0.011417,0.989361,0.019619,0.1437,-3.809021,149.494171,19.694576,-0.102979,0.761892,0.127896,0.626544,-9.466201,129.360031,15.96746,-0.741119,0.069023,0.505986,-0.435841,-12.75324,129.41684,-0.683022,-0.660274,-0.57144,0.187876,0.449663,-2.107385,117.325989,-16.032787,0.221108,0.27222,-0.639024,-0.684585,6.281662,145.365967,-7.962801,-0.09684,0.922972,0.018364,0.372031,-4.157193,129.602173,21.266073,0.438053,0.894798,0.086242,-0.00274,7.798341,132.404205,32.98188,-0.158277,0.426394,0.517578,-0.724741,21.509924,114.970764,31.191483,0.007075,0.21802,0.66293,-0.716199,19.030464,136.785995,19.997681,0.05315,0.927102,0.135068,0.345562,-4.820684,86.222191,7.908933,0.103089,0.970119,-0.010496,0.219389,-5.009108,51.531506,-2.491678,-0.034027,0.9423,0.046052,0.329836,-14.691292,5.230403,-3.668353,-0.091452,0.895916,-0.107128,0.421301,8.178129,87.034088,21.621653,-0.008839,0.907935,-0.14592,0.39279,10.843672,52.254425,31.364405,-0.019161,0.89349,0.013264,0.448478,6.17907,6.959608,44.230732,-0.034027,0.9423,0.046052,0.329836,-5.337935,0.673688,-15.101522,-0.019161,0.89349,0.013264,0.448478,17.822842,1.399836,35.717346
49,0.408333,-0.026265,0.918467,0.006685,0.394568,1.683238,86.627243,14.763763,-0.120377,0.906663,0.149867,0.375516,1.268229,94.369812,14.698265,-0.017809,0.923968,0.000774,0.382054,-5.664907,113.777336,18.498695,0.080102,0.953694,0.084835,0.277226,-6.376749,135.011871,18.239927,0.011405,0.989333,0.019573,0.143897,-3.801085,149.491699,19.689274,-0.102858,0.76183,0.127969,0.626626,-9.45912,129.357498,15.962662,-0.7411,0.06897,0.505951,-0.435922,-12.743546,129.419571,-0.688317,-0.660192,-0.571551,0.187785,0.449682,-2.095822,117.329384,-16.037304,0.220817,0.272346,-0.639006,-0.684645,6.287641,145.368652,-7.959054,-0.096989,0.923029,0.01859,0.371839,-4.150077,129.600052,21.261221,0.438137,0.89477,0.08612,-0.002666,7.809326,132.40419,32.97258,-0.158333,0.426473,0.517543,-0.724707,21.517675,114.967682,31.187189,0.006946,0.218147,0.663105,-0.716,19.039598,136.78392,19.991779,0.053171,0.927098,0.135015,0.345592,-4.815457,86.220901,7.906753,0.10313,0.970172,-0.010444,0.219139,-5.006305,51.529346,-2.490913,-0.034063,0.942284,0.046028,0.329882,-14.691408,5.22893,-3.670696,-0.091426,0.895895,-0.107093,0.42136,8.181932,87.033585,21.620773,-0.008851,0.907887,-0.145938,0.392893,10.846283,52.253044,31.360731,-0.019014,0.893487,0.013353,0.448488,6.180631,6.958726,44.228439,-0.034063,0.942284,0.046028,0.329882,-5.33664,0.671946,-15.102601,-0.019014,0.893487,0.013353,0.448488,17.823507,1.399303,35.7136
50,0.416667,-0.026231,0.91845,0.006661,0.394611,1.68684,86.626762,14.762178,-0.120347,0.906728,0.149695,0.375437,1.272461,94.369354,14.696522,-0.017723,0.924036,0.000835,0.381893,-5.656003,113.777542,18.491337,0.080001,0.953692,0.084867,0.277254,-6.36551,135.012192,18.236494,0.011381,0.989299,0.01946,0.144149,-3.79293,149.492569,19.686039,-0.10276,0.761874,0.127974,0.626587,-9.449324,129.358582,15.959332,-0.741126,0.068882,0.505961,-0.435881,-12.736063,129.422958,-0.691177,-0.660155,-0.571585,0.187638,0.449753,-2.088232,117.336342,-16.042902,0.220619,0.272517,-0.638972,-0.684672,6.296211,145.372513,-7.954891,-0.096932,0.922902,0.018414,0.372179,-4.138395,129.599594,21.256067,0.438203,0.894734,0.086142,-0.002822,7.812781,132.403549,32.975857,-0.158528,0.426793,0.517573,-0.724455,21.518486,114.965675,31.183592,0.006673,0.21858,0.662762,-0.716188,19.05551,136.781937,19.987825,0.053119,0.927127,0.135028,0.345517,-4.81124,86.22084,7.904562,0.103208,0.970054,-0.010573,0.219615,-4.999113,51.529133,-2.49264,-0.033987,0.942274,0.046024,0.329918,-14.693372,5.230501,-3.667024,-0.091442,0.895887,-0.107063,0.421381,8.18492,87.032684,21.619793,-0.00881,0.907923,-0.145999,0.392787,10.850997,52.251877,31.358315,-0.019114,0.893512,0.01327,0.448436,6.180981,6.959167,44.230103,-0.033987,0.942274,0.046024,0.329918,-5.338511,0.67266,-15.098506,-0.019114,0.893512,0.01327,0.448436,17.823509,1.398906,35.71534
51,0.425,-0.02624,0.918428,0.006677,0.394661,1.69263,86.625961,14.759463,-0.120364,0.906698,0.149664,0.375517,1.278023,94.368546,14.693964,-0.017667,0.924003,0.000813,0.381976,-5.651661,113.778923,18.487167,0.079955,0.953662,0.084826,0.27738,-6.35859,135.013657,18.232288,0.011433,0.989274,0.019401,0.144326,-3.786927,149.494293,19.680796,-0.102725,0.761834,0.127928,0.62665,-9.44267,129.360428,15.954548,-0.741227,0.068958,0.505921,-0.435742,-12.726967,129.425156,-0.69644,-0.66008,-0.571651,0.18756,0.449813,-2.077814,117.339622,-16.048096,0.220562,0.27263,-0.638946,-0.68467,6.303814,145.374359,-7.952248,-0.096987,0.922959,0.018577,0.372014,-4.132663,129.6008,21.252237,0.438224,0.894715,0.086242,-0.002628,7.822332,132.404709,32.96814,-0.158553,0.426851,0.517517,-0.724456,21.527294,114.965668,31.181574,0.006438,0.21879,0.662902,-0.715996,19.06381,136.78154,19.983629,0.053184,0.927081,0.134997,0.345643,-4.804689,86.220016,7.901128,0.103214,0.970045,-0.010627,0.219649,-4.996301,51.528229,-2.495705,-0.034071,0.942284,0.046013,0.329883,-14.692211,5.229822,-3.665584,-0.091424,0.895877,-0.107072,0.421405,8.189949,87.031906,21.617798,-0.008763,0.907958,-0.146037,0.392695,10.854345,52.251007,31.356462,-0.019063,0.893505,0.013363,0.448449,6.180203,6.95928,44.230225,-0.034071,0.942284,0.046013,0.329883,-5.337376,0.672492,-15.097293,-0.019063,0.893505,0.013363,0.448449,17.822899,1.400751,35.714561
52,0.433333,-0.026223,0.918423,0.006685,0.394674,1.695967,86.625465,14.757374,-0.120352,0.906671,0.149575,0.37562,1.281564,94.368065,14.69209,-0.017608,0.923956,0.000817,0.382092,-5.646956,113.780121,18.481516,0.079907,0.953609,0.084855,0.277568,-6.351587,135.014938,18.227707,0.011441,0.989237,0.019299,0.144591,-3.781473,149.495728,19.677338,-0.102625,0.761892,0.127791,0.626625,-9.435697,129.362167,15.94887,-0.741245,0.0689,0.505806,-0.435854,-12.721801,129.42627,-0.701773,-0.660159,-0.57172,0.187387,0.449681,-2.067103,117.342293,-16.050819,0.220611,0.272763,-0.638931,-0.684616,6.313683,145.376312,-7.951622,-0.09697,0.922958,0.01862,0.37202,-4.12698,129.601669,21.247894,0.438297,0.894676,0.086277,-0.002583,7.827971,132.404495,32.964111,-0.158668,0.426966,0.51753,-0.724353,21.530073,114.963112,31.178375,0.006267,0.218996,0.662871,-0.715964,19.07213,136.77977,19.981693,0.053198,0.927097,0.134951,0.345616,-4.801188,86.219894,7.898857,0.103228,0.970151,-0.010565,0.219178,-4.995221,51.527298,-2.495252,-0.033985,0.942274,0.046053,0.329915,-14.691716,5.22905,-3.66641,-0.091443,0.895882,-0.107109,0.42138,8.193122,87.031044,21.615891,-0.008725,0.908,-0.146054,0.392593,10.85786,52.25098,31.357443,-0.019367,0.893507,0.013188,0.448438,6.181292,6.959653,44.231712,-0.033985,0.942274,0.046053,0.329915,-5.336889,0.671977,-15.098233,-0.019367,0.893507,0.013188,0.448438,17.826077,1.400634,35.719219
53,0.441667,-0.026195,0.918426,0.006698,0.394668,1.700754,86.624504,14.753717,-0.120259,0.906663,0.149501,0.3757,1.286676,94.367126,14.688786,-0.017713,0.923908,0.000817,0.382203,-5.63666,113.778458,18.475876,0.079848,0.953582,0.084817,0.27769,-6.345396,135.013123,18.220272,0.011525,0.989215,0.019309,0.144734,-3.776624,149.494263,19.668821,-0.10239,0.761942,0.127774,0.626605,-9.427844,129.359573,15.941119,-0.741437,0.069005,0.505742,-0.435585,-12.716415,129.429123,-0.709012,-0.660136,-0.571729,0.187267,0.449753,-2.059481,117.348396,-16.059059,0.220737,0.272847,-0.63888,-0.684589,6.323345,145.379517,-7.951996,-0.096976,0.922931,0.018525,0.372091,-4.120458,129.60051,21.241409,0.438369,0.894642,0.086265,-0.002515,7.832667,132.404587,32.959187,-0.15871,0.427078,0.517538,-0.724271,21.531996,114.96077,31.176121,0.006104,0.219071,0.66291,-0.715905,19.079227,136.777603,19.978214,0.053197,0.927056,0.134923,0.345734,-4.796515,86.219505,7.895277,0.103292,0.970062,-0.010656,0.219538,-4.989882,51.526356,-2.496984,-0.033983,0.942262,0.04606,0.329949,-14.693639,5.229548,-3.664741,-0.091422,0.895878,-0.107146,0.421383,8.198025,87.029495,21.612158,-0.008692,0.908012,-0.146083,0.392553,10.860201,52.249729,31.355461,-0.019164,0.893497,0.013236,0.448464,6.180216,6.959164,44.231171,-0.033983,0.942262,0.04606,0.329949,-5.337978,0.672668,-15.095957,-0.019164,0.893497,0.013236,0.448464,17.823627,1.398699,35.717747
54,0.45,-0.026176,0.918438,0.006607,0.394643,1.703599,86.624901,14.752635,-0.120347,0.906654,0.14945,0.375711,1.290334,94.367554,14.686537,-0.017617,0.923905,0.000834,0.382214,-5.63601,113.779816,18.470446,0.079918,0.953548,0.084822,0.277785,-6.341247,135.014633,18.217018,0.011535,0.989193,0.019167,0.144902,-3.770533,149.495331,19.666607,-0.1024,0.761891,0.127655,0.62669,-9.424575,129.361816,15.937214,-0.741547,0.069052,0.505767,-0.435361,-12.709451,129.429138,-0.713655,-0.660116,-0.571682,0.187228,0.449859,-2.053924,117.351089,-16.066782,0.220779,0.272903,-0.638788,-0.684639,6.333091,145.379776,-7.955556,-0.096911,0.922958,0.018523,0.37204,-4.117269,129.601334,21.23765,0.43845,0.894601,0.08628,-0.002483,7.83757,132.403534,32.954128,-0.158632,0.427034,0.51761,-0.724264,21.533752,114.957169,31.171724,0.006009,0.218927,0.663222,-0.715662,19.082687,136.774811,19.973886,0.053224,0.927043,0.134912,0.345771,-4.794056,86.219543,7.894582,0.103282,0.970126,-0.010593,0.219261,-4.989072,51.526375,-2.497613,-0.033946,0.942282,0.046045,0.329898,-14.690942,5.229232,-3.668176,-0.091373,0.895901,-0.107161,0.421341,8.201254,87.030258,21.610689,-0.008704,0.907989,-0.146085,0.392606,10.860256,52.250065,31.353319,-0.019255,0.89349,0.013175,0.448476,6.180493,6.959579,44.229378,-0.033946,0.942282,0.046045,0.329898,-5.336905,0.671552,-15.100402,-0.019255,0.89349,0.013175,0.448476,17.824783,1.398759,35.717388
55,0.458333,-0.02619,0.918436,0.006608,0.394647,1.708256,86.6241,14.748859,-0.120352,0.906652,0.149426,0.375725,1.294796,94.366745,14.682693,-0.017682,0.923891,0.000757,0.382247,-5.631658,113.779961,18.465677,0.079988,0.953501,0.084894,0.277905,-6.338175,135.014679,18.208181,0.01157,0.989168,0.019087,0.145078,-3.766071,149.494812,19.66083,-0.102389,0.761891,0.127785,0.626666,-9.420983,129.361252,15.929212,-0.741588,0.069092,0.505652,-0.43542,-12.706959,129.431488,-0.721431,-0.66026,-0.571666,0.187082,0.449728,-2.046489,117.35289,-16.070702,0.220945,0.272902,-0.638814,-0.684562,6.344916,145.380447,-7.960199,-0.096832,0.922946,0.01844,0.372094,-4.114094,129.602097,21.230005,0.438552,0.894551,0.086284,-0.002394,7.83991,132.402786,32.947701,-0.158552,0.427126,0.517706,-0.724158,21.532103,114.952972,31.168365,0.006088,0.218874,0.663225,-0.715675,19.089911,136.769791,19.968477,0.053214,0.927044,0.13489,0.345778,-4.78933,86.218521,7.890752,0.103317,0.970139,-0.010606,0.21919,-4.984186,51.524853,-2.499788,-0.033879,0.94229,0.046064,0.329878,-14.689607,5.22843,-3.669151,-0.091324,0.895911,-0.107177,0.421328,8.205843,87.029678,21.606966,-0.008701,0.907993,-0.146098,0.392592,10.861349,52.249084,31.349165,-0.019121,0.893469,0.013163,0.448525,6.181107,6.95895,44.226295,-0.033879,0.94229,0.046064,0.329878,-5.336684,0.670574,-15.10222,-0.019121,0.893469,0.013163,0.448525,17.824883,1.396062,35.714947
56,0.466667,-0.026196,0.918419,0.0066,0.394686,1.712188,86.623154,14.745914,-0.120303,0.906652,0.149388,0.375756,1.298693,94.365791,14.679577,-0.017727,0.923877,0.000743,0.382277,-5.626038,113.781441,18.462011,0.080023,0.95347,0.084846,0.278017,-6.334066,135.016083,18.203196,0.01162,0.989142,0.019012,0.145265,-3.760583,149.496048,19.655167,-0.102327,0.761896,0.127605,0.626706,-9.416319,129.362305,15.924363,-0.741683,0.069169,0.505693,-0.435196,-12.701005,129.430466,-0.72654,-0.660228,-0.571555,0.187145,0.449889,-2.042887,117.353233,-16.078524,0.22082,0.27288,-0.638684,-0.684732,6.354789,145.37883,-7.967626,-0.096815,0.922996,0.018491,0.371973,-4.109794,129.603851,21.225489,0.438766,0.894457,0.086172,-0.002346,7.847383,132.403595,32.94017,-0.158474,0.427105,0.517857,-0.72408,21.531248,114.946915,31.164158,0.00632,0.218732,0.663303,-0.715644,19.095707,136.766785,19.965141,0.053269,0.926968,0.134916,0.345963,-4.784813,86.217422,7.887264,0.103342,0.970028,-0.01075,0.219659,-4.980558,51.524689,-2.506341,-0.033908,0.942291,0.046007,0.329881,-14.690605,5.229032,-3.66767,-0.091319,0.895859,-0.107201,0.421433,8.209188,87.028893,21.604565,-0.00868,0.907991,-0.1461,0.392597,10.862461,52.248596,31.348434,-0.019055,0.893456,0.013197,0.448553,6.18022,6.958482,44.224911,-0.033908,0.942291,0.046007,0.329881,-5.337468,0.669883,-15.100045,-0.019055,0.893456,0.013197,0.448553,17.82402,1.395616,35.713585
57,0.475,-0.026149,0.918402,0.006573,0.394728,1.715855,86.623856,14.742867,-0.120296,0.906645,0.149403,0.37577,1.303194,94.366539,14.676413,-0.017774,0.92387,0.000706,0.382293,-5.621948,113.783119,18.459608,0.079935,0.953451,0.084835,0.278109,-6.331257,135.0177,18.19858,0.011793,0.989116,0.018909,0.145441,-3.760149,149.498169,19.649868,-0.102316,0.761927,0.127566,0.626678,-9.413083,129.363495,15.920218,-0.741728,0.069211,0.505637,-0.435179,-12.699054,129.430862,-0.730431,-0.660289,-0.571443,0.187198,0.449919,-2.038655,117.353607,-16.080791,0.220734,0.272706,-0.638669,-0.684843,6.365569,145.378632,-7.974732,-0.096689,0.922988,0.018314,0.372033,-4.106767,129.605911,21.22151,0.438771,0.894442,0.086303,-0.002192,7.849708,132.403885,32.937325,-0.158218,0.427051,0.517939,-0.724109,21.533405,114.946709,31.16486,0.006527,0.218567,0.663416,-0.715587,19.099926,136.763321,19.961807,0.053224,0.926984,0.134864,0.345948,-4.780558,86.21875,7.883624,0.10339,0.970033,-0.010759,0.219616,-4.974831,51.524658,-2.505485,-0.033842,0.942297,0.046,0.329872,-14.689515,5.229968,-3.666601,-0.091294,0.895867,-0.107245,0.421409,8.212267,87.028969,21.60211,-0.00869,0.907967,-0.146092,0.392655,10.862835,52.249039,31.348015,-0.019159,0.893439,0.013188,0.448582,6.180927,6.958714,44.223862,-0.033842,0.942297,0.046,0.329872,-5.337272,0.669947,-15.099356,-0.019159,0.893439,0.013188,0.448582,17.826288,1.396982,35.713936
58,0.483333,-0.02616,0.918377,0.006597,0.394787,1.72083,86.625755,14.739076,-0.12024,0.906646,0.149364,0.3758,1.307866,94.368423,14.672862,-0.017858,0.923861,0.000751,0.382311,-5.61437,113.785149,18.455135,0.079898,0.953432,0.084828,0.278187,-6.327696,135.019608,18.194502,0.011886,0.989095,0.018818,0.145585,-3.757558,149.500244,19.645582,-0.102323,0.761922,0.127541,0.626688,-9.40836,129.364853,15.915905,-0.74176,0.069329,0.505717,-0.435012,-12.693842,129.431595,-0.734845,-0.660296,-0.571277,0.187313,0.450073,-2.037763,117.352547,-16.0868,0.220641,0.272535,-0.638722,-0.684891,6.375392,145.376007,-7.984628,-0.09665,0.922975,0.01826,0.37208,-4.102298,129.60817,21.217411,0.438855,0.894409,0.086229,-0.002127,7.853253,132.405533,32.934319,-0.158052,0.427055,0.51802,-0.724085,21.533689,114.945435,31.165543,0.00678,0.218448,0.663482,-0.71556,19.104515,136.760864,19.959236,0.053275,0.92695,0.134797,0.346056,-4.774697,86.220642,7.878994,0.103401,0.970063,-0.010766,0.219475,-4.972894,51.525623,-2.506962,-0.033884,0.942304,0.045948,0.329854,-14.68889,5.231166,-3.66629,-0.091258,0.895846,-0.107264,0.421457,8.216357,87.030869,21.599157,-0.008689,0.907965,-0.146126,0.392646,10.86348,52.250744,31.345295,-0.01905,0.893431,0.013119,0.448604,6.180365,6.961349,44.22401,-0.033884,0.942304,0.045948,0.329854,-5.336787,0.670117,-15.098751,-0.01905,0.893431,0.013119,0.448604,17.824705,1.396439,35.714764
59,0.491667,-0.026174,0.918359,0.006583,0.394828,1.725503,86.625465,14.736563,-0.12021,0.906659,0.149331,0.375792,1.31244,94.368126,14.670053,-0.017908,0.92387,0.000783,0.382286,-5.608244,113.785812,18.451714,0.079846,0.953426,0.084821,0.278223,-6.324039,135.020187,18.191532,0.011978,0.989082,0.018676,0.145685,-3.755281,149.501114,19.642166,-0.102357,0.761957,0.127523,0.626644,-9.404174,129.365128,15.912994,-0.741673,0.069328,0.505762,-0.43511,-12.691331,129.430313,-0.73743,-0.660389,-0.571112,0.187422,0.4501,-2.037287,117.348518,-16.088634,0.220546,0.27224,-0.638792,-0.684974,6.384808,145.371902,-7.995458,-0.096629,0.922959,0.018191,0.372126,-4.09785,129.608948,21.214216,0.438953,0.894368,0.086155,-0.00215,7.856664,132.406464,32.932152,-0.157984,0.427057,0.518088,-0.72405,21.533274,114.943352,31.163528,0.0069,0.218439,0.663525,-0.715522,19.107649,136.758835,19.956694,0.053237,0.927043,0.134777,0.34582,-4.769399,86.220032,7.875909,0.103473,0.970046,-0.010804,0.219514,-4.968203,51.524342,-2.507785,-0.033795,0.942288,0.04597,0.329907,-14.691499,5.231375,-3.665453,-0.091228,0.895797,-0.107319,0.421554,8.220406,87.030891,21.597218,-0.008666,0.908021,-0.146085,0.392534,10.862846,52.251244,31.34631,-0.018868,0.893402,0.013144,0.44867,6.180827,6.960684,44.221298,-0.033795,0.942288,0.04597,0.329907,-5.338952,0.67006,-15.097445,-0.018868,0.893402,0.013144,0.44867,17.824654,1.394024,35.71249
60,0.5,-0.02611,0.918325,0.006533,0.394912,1.728468,86.625725,14.73408,-0.120169,0.906664,0.149303,0.375804,1.316619,94.368446,14.66721,-0.018003,0.923872,0.000807,0.382278,-5.60239,113.787422,18.448547,0.079902,0.953404,0.084808,0.278288,-6.322323,135.021652,18.18774,0.012026,0.989066,0.01855,0.145806,-3.751876,149.502258,19.638666,-0.102449,0.761982,0.127447,0.626613,-9.401395,129.365921,15.909422,-0.741666,0.069301,0.505773,-0.435112,-12.689193,129.42688,-0.740899,-0.660427,-0.570969,0.187537,0.450179,-2.035467,117.345718,-16.092836,0.220429,0.271987,-0.63886,-0.685049,6.39396,145.368713,-8.005891,-0.096597,0.922938,0.018179,0.372188,-4.095031,129.610947,21.21055,0.43901,0.894346,0.086084,-0.002108,7.858136,132.407471,32.930092,-0.157886,0.427094,0.518094,-0.724045,21.532501,114.942314,31.164322,0.006964,0.218481,0.66354,-0.715495,19.108765,136.75589,19.953962,0.053248,0.92706,0.134744,0.345786,-4.765245,86.221054,7.872253,0.103459,0.97007,-0.010812,0.219417,-4.96601,51.524788,-2.509487,-0.033821,0.942323,0.045923,0.32981,-14.688313,5.231562,-3.665164,-0.091204,0.895758,-0.10733,0.421639,8.22218,87.030396,21.595907,-0.008669,0.90801,-0.146107,0.39255,10.861794,52.250587,31.345209,-0.019238,0.893421,0.013006,0.44862,6.179039,6.960654,44.222134,-0.033821,0.942323,0.045923,0.32981,-5.337963,0.669162,-15.098522,-0.019238,0.893421,0.013006,0.44862,17.825081,1.395323,35.715488
61,0.508333,-0.026135,0.918304,0.006559,0.394958,1.73423,86.626251,14.730591,-0.120161,0.906658,0.149305,0.37582,1.32187,94.36895,14.663927,-0.018053,0.923866,0.000839,0.382288,-5.597068,113.788452,18.445431,0.079901,0.953385,0.084804,0.278354,-6.319469,135.022598,18.185093,0.012085,0.989051,0.01842,0.145923,-3.749029,149.503189,19.636154,-0.102492,0.761979,0.127389,0.626622,-9.397833,129.366562,15.90658,-0.741582,0.069341,0.505828,-0.435186,-12.684946,129.425232,-0.743878,-0.660505,-0.570828,0.187662,0.45019,-2.033932,117.340294,-16.094709,0.220419,0.271709,-0.638939,-0.685088,6.402434,145.363876,-8.01713,-0.096577,0.922939,0.018065,0.372196,-4.091611,129.612076,21.207825,0.439125,0.8943,0.08598,-0.002124,7.861474,132.409424,32.92725,-0.157895,0.427155,0.518102,-0.724002,21.531353,114.940659,31.16243,0.00688,0.218647,0.663606,-0.715383,19.110435,136.75499,19.950573,0.053265,0.927106,0.134699,0.345677,-4.758761,86.221359,7.868095,0.103482,0.970059,-0.010834,0.219455,-4.962985,51.524361,-2.5111,-0.033876,0.942335,0.045863,0.329778,-14.6877,5.231613,-3.665652,-0.091139,0.895763,-0.107402,0.421624,8.227221,87.031136,21.593086,-0.008675,0.908019,-0.146073,0.392541,10.860622,52.251602,31.345034,-0.019196,0.893402,0.012967,0.448661,6.179738,6.960708,44.21928,-0.033876,0.942335,0.045863,0.329778,-5.337718,0.668101,-15.098864,-0.019196,0.893402,0.012967,0.448661,17.825939,1.393829,35.713863
62,0.516667,-0.026116,0.91827,0.006509,0.395038,1.737626,86.627052,14.727399,-0.120162,0.906658,0.149263,0.375836,1.325852,94.369774,14.660104,-0.018108,0.923869,0.000889,0.38228,-5.592673,113.790039,18.439941,0.079976,0.953362,0.084765,0.278425,-6.318071,135.024094,18.180681,0.012068,0.989033,0.0183,0.146061,-3.745178,149.504272,19.631491,-0.102485,0.761951,0.12738,0.626659,-9.395682,129.367752,15.901944,-0.741441,0.069475,0.505855,-0.435373,-12.681291,129.426636,-0.748812,-0.660658,-0.570728,0.187771,0.450047,-2.032331,117.332985,-16.094212,0.220574,0.271492,-0.63896,-0.685105,6.408449,145.359207,-8.03043,-0.096575,0.922923,0.018083,0.372236,-4.089392,129.613739,21.2031,0.439155,0.894301,0.085811,-0.002117,7.8627,132.410706,32.923634,-0.157854,0.42724,0.518059,-0.723991,21.531397,114.940659,31.162294,0.006865,0.218633,0.663606,-0.715388,19.111952,136.752716,19.946365,0.053256,0.927099,0.134669,0.345711,-4.754185,86.222153,7.863787,0.103525,0.970063,-0.010866,0.219416,-4.958262,51.52449,-2.5132,-0.03388,0.942339,0.045846,0.32977,-14.687617,5.232656,-3.665298,-0.091115,0.895706,-0.107408,0.421749,8.229437,87.031952,21.591011,-0.008715,0.90794,-0.146062,0.392726,10.859715,52.252186,31.342979,-0.019199,0.893391,0.012951,0.448683,6.180094,6.961083,44.21693,-0.03388,0.942339,0.045846,0.32977,-5.337842,0.668683,-15.098495,-0.019199,0.893391,0.012951,0.448683,17.826656,1.393836,35.712254
63,0.525,-0.026099,0.918235,0.006465,0.395122,1.741688,86.626778,14.723372,-0.120148,0.906645,0.149237,0.375883,1.330433,94.369522,14.65551,-0.01813,0.923857,0.000955,0.382308,-5.587818,113.791565,18.434525,0.07967,0.953402,0.084645,0.278412,-6.315114,135.025589,18.177471,0.012359,0.989029,0.018241,0.146067,-3.749829,149.507706,19.622395,-0.102525,0.761954,0.12732,0.626661,-9.392081,129.369186,15.897953,-0.741299,0.069455,0.505928,-0.435532,-12.677306,129.425781,-0.752889,-0.660852,-0.570638,0.187766,0.449879,-2.031517,117.328194,-16.097393,0.220945,0.271388,-0.638966,-0.685022,6.415675,145.355469,-8.043914,-0.096579,0.922916,0.018066,0.372254,-4.086126,129.615097,21.199448,0.439182,0.894305,0.085637,-0.002132,7.86549,132.412369,32.920391,-0.157916,0.427338,0.517988,-0.723971,21.533119,114.941231,31.161747,0.006877,0.218786,0.663439,-0.715495,19.114098,136.752594,19.943661,0.053243,0.927101,0.134627,0.345723,-4.748892,86.221863,7.858597,0.103568,0.97005,-0.010891,0.219451,-4.953048,51.523281,-2.515315,-0.033894,0.942339,0.045859,0.329765,-14.686801,5.232346,-3.666419,-0.09109,0.895681,-0.107458,0.421795,8.232268,87.031685,21.588146,-0.008731,0.907903,-0.146045,0.392818,10.858883,52.25238,31.342756,-0.019021,0.893372,0.013023,0.448727,6.179992,6.960815,44.21534,-0.033894,0.942339,0.045859,0.329765,-5.336965,0.668895,-15.099779,-0.019021,0.893372,0.013023,0.448727,17.82589,1.393075,35.710072
64,0.533333,-0.02608,0.91819,0.006422,0.395229,1.746582,86.625839,14.720592,-0.120164,0.906631,0.149176,0.375935,1.335859,94.368607,14.652191,-0.018135,0.923845,0.000996,0.382335,-5.58333,113.794067,18.428833,0.080066,0.953345,0.084775,0.278454,-6.311501,135.028076,18.173275,0.01212,0.989043,0.01801,0.146026,-3.73619,149.507721,19.625198,-0.102615,0.761974,0.127313,0.626623,-9.3881,129.371719,15.893173,-0.741173,0.069503,0.505951,-0.435712,-12.674323,129.425583,-0.757481,-0.661037,-0.57056,0.187815,0.449686,-2.029874,117.322304,-16.098425,0.221217,0.271328,-0.638887,-0.685031,6.421586,145.35199,-8.057856,-0.09656,0.922887,0.018052,0.37233,-4.082458,129.617477,21.194988,0.43907,0.894349,0.085754,-0.001935,7.867359,132.4142,32.9179,-0.157745,0.427362,0.517898,-0.724058,21.539406,114.9459,31.165251,0.006901,0.218844,0.663368,-0.715544,19.116854,136.75238,19.939596,0.053263,0.927085,0.134586,0.345779,-4.742419,86.22097,7.85432,0.103621,0.970234,-0.010767,0.218615,-4.948307,51.521755,-2.517453,-0.033892,0.942334,0.045854,0.329781,-14.685315,5.23161,-3.672592,-0.091068,0.895673,-0.107479,0.421812,8.235582,87.030708,21.586864,-0.008719,0.90792,-0.146071,0.392769,10.859932,52.251434,31.342176,-0.019179,0.893399,0.012965,0.448668,6.179696,6.960574,44.216747,-0.033892,0.942334,0.045854,0.329781,-5.335119,0.668012,-15.105599,-0.019179,0.893399,0.012965,0.448668,17.825832,1.393427,35.711418
65,0.541667,-0.026049,0.918168,0.006466,0.395281,1.748827,86.626801,14.716223,-0.120142,0.906622,0.149121,0.375986,1.338274,94.369583,14.648613,-0.018139,0.92383,0.001036,0.382372,-5.579401,113.795784,18.423187,0.080197,0.95331,0.084876,0.278505,-6.308352,135.029785,18.169127,0.012057,0.989044,0.01782,0.146047,-3.730196,149.508499,19.625153,-0.10266,0.762032,0.127289,0.626551,-9.384556,129.373474,15.888363,-0.741139,0.069585,0.50596,-0.435747,-12.67353,129.425186,-0.76175,-0.661177,-0.57046,0.187864,0.449586,-2.030003,117.318359,-16.100533,0.221478,0.271224,-0.63887,-0.685004,6.427251,145.349091,-8.06973,-0.096559,0.922868,0.01802,0.372379,-4.079348,129.619049,21.19062,0.439088,0.894359,0.085561,-0.001943,7.869239,132.416061,32.914711,-0.157738,0.427482,0.517899,-0.723988,21.540588,114.946877,31.165421,0.007035,0.218662,0.663181,-0.715771,19.123262,136.751251,19.937403,0.053248,0.927056,0.134535,0.345878,-4.73942,86.222809,7.84919,0.103654,0.970226,-0.0108,0.218632,-4.944501,51.522476,-2.518855,-0.033782,0.942324,0.045867,0.32982,-14.685149,5.233037,-3.671829,-0.091102,0.895673,-0.107536,0.421789,8.237074,87.0308,21.583256,-0.008687,0.907942,-0.146048,0.392729,10.862079,52.252865,31.343184,-0.018909,0.893371,0.013022,0.448732,6.180548,6.961316,44.214867,-0.033782,0.942324,0.045867,0.32982,-5.335073,0.668705,-15.104636,-0.018909,0.893371,0.013022,0.448732,17.825399,1.392108,35.709133
66,0.55,-0.026192,0.918127,0.00653,0.395365,1.758383,86.624695,14.713218,-0.120188,0.906602,0.14906,0.376044,1.345419,94.367348,14.645611,-0.018177,0.923809,0.001099,0.38242,-5.574883,113.798233,18.417591,0.079875,0.95333,0.084823,0.278546,-6.306334,135.032181,18.165333,0.012282,0.989028,0.017743,0.146141,-3.736745,149.512817,19.617439,-0.102738,0.762047,0.127195,0.626538,-9.381633,129.375702,15.883759,-0.74109,0.06961,0.505972,-0.435812,-12.670607,129.423279,-0.766367,-0.661264,-0.57043,0.187899,0.449481,-2.027776,117.314079,-16.103745,0.221717,0.271175,-0.638882,-0.684935,6.430767,145.346375,-8.079755,-0.096571,0.922859,0.018115,0.372393,-4.076993,129.621429,21.186577,0.439021,0.894403,0.085438,-0.001939,7.871161,132.417572,32.91132,-0.157795,0.427566,0.517796,-0.724,21.545135,114.950157,31.164867,0.007073,0.218763,0.663034,-0.715876,19.126112,136.752731,19.934435,0.053325,0.927102,0.134539,0.345742,-4.728474,86.218735,7.844985,0.103672,0.970189,-0.010903,0.218784,-4.940123,51.519085,-2.525194,-0.033901,0.942347,0.045918,0.329734,-14.684335,5.230212,-3.670618,-0.091008,0.895722,-0.107608,0.421686,8.245238,87.030647,21.58145,-0.008667,0.907968,-0.146069,0.392661,10.863015,52.25259,31.342867,-0.018995,0.893391,0.012912,0.448694,6.179935,6.961599,44.215946,-0.033901,0.942347,0.045918,0.329734,-5.334994,0.668442,-15.105051,-0.018995,0.893391,0.012912,0.448694,17.824415,1.390675,35.710827
67,0.558333,-0.026233,0.918099,0.00654,0.395428,1.76236,86.623917,14.71067,-0.120151,0.906596,0.148991,0.376098,1.348746,94.366539,14.642918,-0.018276,0.923786,0.001166,0.38247,-5.569867,113.800072,18.412796,0.079771,0.953327,0.084853,0.278576,-6.306305,135.033844,18.16153,0.012432,0.989026,0.017619,0.146158,-3.739855,149.51503,19.61377,-0.102822,0.76202,0.127179,0.626561,-9.380022,129.37677,15.879337,-0.74104,0.069676,0.505987,-0.435869,-12.66746,129.421997,-0.771096,-0.661296,-0.570388,0.188009,0.449442,-2.025718,117.309212,-16.106405,0.221723,0.271126,-0.638902,-0.684934,6.433234,145.343475,-8.089687,-0.096565,0.922864,0.018184,0.372379,-4.076012,129.623489,21.182739,0.438934,0.894445,0.085452,-0.001835,7.872535,132.418594,32.907322,-0.157897,0.427644,0.517657,-0.724031,21.549908,114.953423,31.165058,0.007039,0.219107,0.662897,-0.715898,19.126955,136.755783,19.932056,0.053364,0.927017,0.134537,0.345964,-4.723505,86.217331,7.84154,0.103719,0.970006,-0.011105,0.219564,-4.935327,51.517941,-2.529507,-0.033744,0.942347,0.045974,0.329743,-14.687079,5.230412,-3.665196,-0.090979,0.89575,-0.107621,0.421631,8.248224,87.030502,21.579802,-0.008654,0.907969,-0.146099,0.392649,10.864375,52.252258,31.340996,-0.019028,0.893398,0.012875,0.448679,6.179215,6.962061,44.216114,-0.033744,0.942347,0.045974,0.329743,-5.338939,0.668626,-15.100603,-0.019028,0.893398,0.012875,0.448679,17.82358,1.390624,35.711174
68,0.566667,-0.026138,0.918075,0.00649,0.395492,1.760492,86.627113,14.709352,-0.120071,0.906593,0.148896,0.376167,1.348552,94.36982,14.641447,-0.018315,0.923764,0.001231,0.382523,-5.564362,113.800957,18.40777,0.080098,0.953265,0.08502,0.278641,-6.303333,135.034668,18.158365,0.01225,0.989035,0.017341,0.146144,-3.729086,149.513702,19.618179,-0.102822,0.762062,0.12714,0.626518,-9.376107,129.377426,15.875307,-0.741064,0.06974,0.506003,-0.4358,-12.665359,129.421509,-0.774771,-0.661267,-0.570328,0.188133,0.449509,-2.02473,117.307755,-16.110096,0.221721,0.270966,-0.639005,-0.684901,6.43554,145.342743,-8.097337,-0.096557,0.92282,0.018175,0.37249,-4.072732,129.624298,21.179333,0.438867,0.894465,0.085588,-0.001671,7.873055,132.419067,32.906807,-0.157962,0.427756,0.517504,-0.724059,21.553093,114.955566,31.168673,0.006664,0.219376,0.66264,-0.716057,19.127281,136.753754,19.932402,0.053286,0.926983,0.134524,0.346073,-4.72452,86.22184,7.839341,0.103755,0.970001,-0.011094,0.219566,-4.930241,51.521576,-2.528935,-0.033681,0.942361,0.045792,0.329733,-14.684978,5.234721,-3.666416,-0.091014,0.895745,-0.107586,0.421644,8.245504,87.032387,21.579365,-0.008659,0.907932,-0.146107,0.392731,10.86488,52.25407,31.339428,-0.01907,0.893391,0.012798,0.448693,6.17866,6.964102,44.21497,-0.033681,0.942361,0.045792,0.329733,-5.338184,0.667222,-15.10064,-0.01907,0.893391,0.012798,0.448693,17.823359,1.391243,35.711422
69,0.575,-0.02624,0.918058,0.006604,0.395521,1.767695,86.626114,14.706773,-0.120064,0.906622,0.148755,0.376157,1.353612,94.368713,14.639844,-0.018393,0.923782,0.001414,0.382473,-5.556899,113.801704,18.401114,0.079565,0.95333,0.084876,0.278619,-6.301954,135.035278,18.157667,0.012625,0.989013,0.017279,0.146274,-3.741456,149.517593,19.609083,-0.102911,0.762047,0.127156,0.626518,-9.373376,129.377792,15.87339,-0.741002,0.069652,0.506023,-0.435895,-12.66201,129.419968,-0.776823,-0.661237,-0.570312,0.188221,0.449536,-2.02173,117.306793,-16.112846,0.221594,0.270851,-0.639117,-0.684884,6.437643,145.34285,-8.102829,-0.096628,0.922795,0.018194,0.372533,-4.069465,129.624695,21.176888,0.438798,0.894497,0.085603,-0.001618,7.874775,132.421356,32.905502,-0.15802,0.427846,0.517414,-0.724058,21.557505,114.959763,31.169451,0.006593,0.219599,0.662569,-0.716055,19.130888,136.756546,19.930832,0.053329,0.926954,0.134525,0.346143,-4.71678,86.219925,7.836305,0.103809,0.969984,-0.011174,0.219614,-4.92453,51.520027,-2.53314,-0.033819,0.942361,0.045806,0.329717,-14.685759,5.234399,-3.664897,-0.090957,0.895769,-0.107644,0.421588,8.252171,87.032303,21.57724,-0.008602,0.907988,-0.146117,0.392599,10.866657,52.254135,31.339163,-0.01883,0.893358,0.012898,0.448765,6.177025,6.964365,44.214165,-0.033819,0.942361,0.045806,0.329717,-5.337951,0.668695,-15.099019,-0.01883,0.893358,0.012898,0.448765,17.821087,1.390945,35.710102
70,0.583333,-0.026286,0.918029,0.006628,0.395586,1.771484,86.626678,14.704679,-0.120008,0.906622,0.148657,0.376213,1.356596,94.36924,14.637774,-0.018462,0.923763,0.001483,0.382516,-5.550428,113.80352,18.395815,0.079482,0.953285,0.085116,0.278722,-6.299284,135.036972,18.153912,0.012653,0.988997,0.016957,0.146417,-3.743059,149.519394,19.611841,-0.102931,0.762137,0.127087,0.62642,-9.369479,129.379105,15.868924,-0.741099,0.069716,0.506015,-0.43573,-12.662154,129.418533,-0.780499,-0.661114,-0.57026,0.188385,0.449714,-2.021897,117.306839,-16.117716,0.221366,0.270727,-0.63924,-0.684891,6.437302,145.343063,-8.10811,-0.096655,0.922758,0.018195,0.372619,-4.066097,129.626572,21.172926,0.438584,0.894589,0.085753,-0.001469,7.875785,132.423874,32.903786,-0.157997,0.427892,0.517253,-0.724151,21.566906,114.968475,31.17153,0.006481,0.219772,0.662568,-0.716004,19.134205,136.760132,19.928291,0.053338,0.926931,0.134531,0.346203,-4.711981,86.219879,7.83329,0.103842,0.970174,-0.011061,0.218765,-4.919574,51.52018,-2.536803,-0.033652,0.942361,0.045836,0.329732,-14.68246,5.234972,-3.671057,-0.090937,0.895746,-0.107611,0.421651,8.254949,87.033478,21.576067,-0.008624,0.90793,-0.146158,0.392716,10.868523,52.254528,31.335455,-0.019084,0.89339,0.012766,0.448695,6.177641,6.965909,44.214043,-0.033652,0.942361,0.045836,0.329732,-5.33587,0.6684,-15.105828,-0.019084,0.89339,0.012766,0.448695,17.822363,1.392406,35.710934
71,0.591667,-0.02625,0.918016,0.006634,0.395618,1.773617,86.627129,14.702213,-0.119931,0.90663,0.148593,0.376244,1.359207,94.369713,14.635606,-0.018608,0.923747,0.001528,0.382549,-5.544289,113.806152,18.39245,0.079538,0.953273,0.085121,0.278746,-6.299603,135.039368,18.149942,0.012699,0.989,0.016827,0.146405,-3.741839,149.521454,19.608562,-0.103023,0.762119,0.127102,0.626423,-9.367906,129.380508,15.864882,-0.740999,0.069614,0.505973,-0.435964,-12.659801,129.417984,-0.784689,-0.66108,-0.570321,0.188443,0.449664,-2.017046,117.305466,-16.119514,0.221113,0.270701,-0.639339,-0.684891,6.436631,145.343918,-8.111933,-0.09667,0.922749,0.018194,0.372638,-4.064985,129.62973,21.169256,0.438676,0.894562,0.085559,-0.001508,7.876326,132.42746,32.900585,-0.158157,0.428017,0.517242,-0.72405,21.563847,114.969063,31.170198,0.006416,0.219933,0.662678,-0.715854,19.135683,136.763809,19.927736,0.0533,0.92688,0.13453,0.346343,-4.709392,86.221016,7.830359,0.103904,0.970194,-0.011082,0.218642,-4.91286,51.520985,-2.538739,-0.033671,0.942376,0.045768,0.329694,-14.681959,5.237031,-3.671092,-0.090925,0.895727,-0.107635,0.421688,8.256625,87.033234,21.574066,-0.008628,0.907952,-0.146156,0.392667,10.868241,52.254509,31.334759,-0.018834,0.893369,0.012839,0.448744,6.178441,6.965846,44.2136,-0.033671,0.942376,0.045768,0.329694,-5.336267,0.668751,-15.105906,-0.018834,0.893369,0.012839,0.448744,17.821867,1.390948,35.709644
72,0.6,-0.026227,0.918001,0.006572,0.395656,1.774902,86.62793,14.701059,-0.119845,0.90664,0.148497,0.376283,1.361207,94.370552,14.633705,-0.018764,0.923726,0.001581,0.38259,-5.537417,113.807938,18.387917,0.07953,0.95324,0.085248,0.27882,-6.299686,135.040909,18.144892,0.012734,0.988991,0.016625,0.146489,-3.743198,149.522827,19.607323,-0.103205,0.762091,0.127198,0.626408,-9.365922,129.380981,15.859673,-0.740979,0.069578,0.505911,-0.436078,-12.657187,129.415833,-0.790034,-0.660986,-0.570404,0.188529,0.44966,-2.011374,117.303261,-16.122692,0.220937,0.27062,-0.63944,-0.684886,6.434569,145.344101,-8.115333,-0.096661,0.922713,0.01821,0.372727,-4.063564,129.63205,21.164522,0.438592,0.894619,0.0854,-0.001457,7.875549,132.429138,32.898243,-0.158247,0.42817,0.517122,-0.724025,21.56636,114.972778,31.173351,0.006393,0.219995,0.66266,-0.715852,19.138521,136.766113,19.927116,0.053291,0.926889,0.134586,0.3463,-4.707565,86.221786,7.828697,0.103913,0.970177,-0.011158,0.218713,-4.909479,51.522766,-2.543826,-0.033585,0.9424,0.045693,0.329647,-14.680944,5.239168,-3.670136,-0.090949,0.895714,-0.107635,0.421711,8.25737,87.034073,21.573421,-0.008646,0.907869,-0.146137,0.392866,10.870268,52.255653,31.334867,-0.018984,0.893402,0.012726,0.448677,6.179923,6.966514,44.211815,-0.033585,0.9424,0.045693,0.329647,-5.337428,0.667902,-15.105536,-0.018984,0.893402,0.012726,0.448677,17.823072,1.390669,35.708099
73,0.608333,-0.026254,0.91797,0.006579,0.395725,1.777344,86.626488,14.699941,-0.119772,0.906652,0.148392,0.376321,1.363225,94.369087,14.632487,-0.018866,0.923718,0.001701,0.382604,-5.531446,113.809036,18.383839,0.079434,0.953274,0.085092,0.278781,-6.299672,135.041809,18.143877,0.01287,0.988999,0.016579,0.146424,-3.744576,149.524506,19.600967,-0.103196,0.762246,0.127026,0.626256,-9.36426,129.381378,15.857755,-0.741046,0.069374,0.505831,-0.436088,-12.662068,129.41156,-0.790672,-0.660953,-0.57045,0.188504,0.449659,-2.011423,117.306816,-16.126152,0.220945,0.270668,-0.639489,-0.684818,6.431919,145.347702,-8.11617,-0.096783,0.922705,0.018237,0.372714,-4.062109,129.633163,21.162783,0.438397,0.894696,0.085588,-0.001171,7.876532,132.433701,32.896172,-0.158148,0.428144,0.516973,-0.724169,21.574987,114.982513,31.179703,0.00642,0.220141,0.662742,-0.71573,19.138727,136.769211,19.929075,0.053285,0.926884,0.134621,0.346301,-4.704071,86.21994,7.826603,0.103954,0.969999,-0.011349,0.219472,-4.904665,51.521564,-2.548075,-0.033669,0.942405,0.045711,0.329622,-14.682871,5.239174,-3.665357,-0.090948,0.895683,-0.10761,0.421783,8.258759,87.033035,21.573278,-0.008596,0.907951,-0.146187,0.392659,10.871575,52.254211,31.333309,-0.018904,0.893389,0.012751,0.448705,6.177993,6.966358,44.213612,-0.033669,0.942405,0.045711,0.329622,-5.339062,0.669256,-15.101065,-0.018904,0.893389,0.012751,0.448705,17.820982,1.390103,35.709934
74,0.616667,-0.026259,0.917942,0.006545,0.395791,1.779319,86.626434,14.699137,-0.119742,0.906652,0.148327,0.376356,1.36534,94.369034,14.631133,-0.019003,0.923703,0.001763,0.382634,-5.527107,113.809349,18.380175,0.078709,0.953352,0.084836,0.278797,-6.3017,135.041901,18.140381,0.013359,0.98897,0.016607,0.146578,-3.764796,149.529099,19.584496,-0.103375,0.762039,0.127194,0.626443,-9.364435,129.380554,15.853999,-0.74098,0.069357,0.505931,-0.436087,-12.652996,129.411255,-0.796254,-0.660855,-0.570578,0.188481,0.449652,-2.006715,117.305359,-16.133869,0.221014,0.270873,-0.63953,-0.684677,6.428311,145.34726,-8.118632,-0.096774,0.922689,0.018209,0.372757,-4.06271,129.633896,21.159378,0.438314,0.89475,0.085448,-0.001137,7.874897,132.434433,32.893814,-0.158323,0.428315,0.516875,-0.7241,21.576572,114.985336,31.181747,0.006367,0.220198,0.662763,-0.715694,19.142502,136.77243,19.929829,0.053245,0.926939,0.13463,0.346156,-4.701102,86.219559,7.824884,0.103986,0.970178,-0.011201,0.218669,-4.900436,51.521049,-2.549379,-0.033605,0.942402,0.045758,0.32963,-14.679398,5.238962,-3.672826,-0.090949,0.89567,-0.10759,0.421814,8.259739,87.03331,21.573391,-0.008577,0.907985,-0.146212,0.392571,10.872972,52.254192,31.332272,-0.018862,0.893401,0.0128,0.448682,6.178129,6.96699,44.214401,-0.033605,0.942402,0.045758,0.32963,-5.335912,0.669706,-15.10906,-0.018862,0.893401,0.0128,0.448682,17.820475,1.391441,35.709389
75,0.625,-0.026279,0.917952,0.006565,0.395765,1.782196,86.627403,14.698005,-0.119696,0.906664,0.148219,0.376382,1.367808,94.36998,14.63018,-0.01907,0.923688,0.001808,0.382667,-5.521525,113.812401,18.375835,0.0796,0.95321,0.085375,0.278865,-6.299482,135.04483,18.136679,0.012769,0.989007,0.016071,0.146436,-3.742064,149.526154,19.603445,-0.103423,0.762083,0.127217,0.626377,-9.36115,129.383087,15.849892,-0.740956,0.069302,0.505857,-0.436223,-12.652181,129.412598,-0.799872,-0.660845,-0.570717,0.18844,0.449506,-2.002241,117.306946,-16.135141,0.221082,0.271062,-0.639446,-0.684658,6.424061,145.351288,-8.119308,-0.096779,0.922644,0.018227,0.372867,-4.059849,129.637085,21.155659,0.438159,0.8948,0.085733,-0.000819,7.874943,132.437332,32.893017,-0.158247,0.428334,0.516812,-0.72415,21.582718,114.992271,31.188648,0.0064,0.220252,0.66274,-0.715698,19.146309,136.776428,19.932831,0.053234,0.926935,0.134698,0.346142,-4.698592,86.220329,7.824111,0.104017,0.970154,-0.011299,0.218756,-4.895585,51.523052,-2.554321,-0.033606,0.942425,0.04567,0.329575,-14.679302,5.241794,-3.670297,-0.090939,0.895648,-0.1076,0.421862,8.262983,87.03447,21.571899,-0.00857,0.907953,-0.146228,0.392639,10.874692,52.255367,31.331244,-0.018957,0.89339,0.012719,0.448701,6.177655,6.968603,44.2141,-0.033606,0.942425,0.04567,0.329575,-5.337355,0.670078,-15.106803,-0.018957,0.89339,0.012719,0.448701,17.820967,1.392234,35.710941
76,0.633333,-0.026333,0.917956,0.00661,0.395752,1.78615,86.628784,14.697151,-0.119717,0.906679,0.148147,0.376368,1.370718,94.371307,14.629642,-0.01917,0.92369,0.001846,0.382655,-5.518052,113.813759,18.372276,0.078377,0.953314,0.08523,0.278899,-6.300564,135.046036,18.132988,0.013504,0.988948,0.016142,0.146762,-3.776173,149.534531,19.586018,-0.103398,0.762109,0.127201,0.626354,-9.361078,129.383606,15.846319,-0.740898,0.069232,0.505736,-0.436474,-12.65329,129.413208,-0.803208,-0.660912,-0.570886,0.188338,0.449236,-1.997464,117.306778,-16.133759,0.221292,0.271278,-0.639435,-0.684515,6.419476,145.354324,-8.119336,-0.096797,0.922632,0.018238,0.372891,-4.059695,129.638763,21.151949,0.438258,0.894762,0.085616,-0.000809,7.874388,132.439362,32.88995,-0.15848,0.428479,0.51686,-0.723979,21.578272,114.99102,31.187885,0.006276,0.22021,0.662813,-0.715645,19.150261,136.779724,19.936197,0.053249,0.926923,0.134727,0.346161,-4.69477,86.221107,7.82342,0.104054,0.970179,-0.011321,0.218624,-4.891851,51.524521,-2.557307,-0.033579,0.942414,0.04561,0.329619,-14.679512,5.244026,-3.67071,-0.0909,0.89567,-0.1076,0.421823,8.267071,87.036453,21.570883,-0.008564,0.907902,-0.146253,0.392749,10.876742,52.256851,31.328979,-0.019082,0.893376,0.01262,0.448727,6.176648,6.970784,44.213184,-0.033579,0.942414,0.04561,0.329619,-5.336936,0.670385,-15.105931,-0.019082,0.893376,0.01262,0.448727,17.82126,1.393537,35.712391
77,0.641667,-0.026314,0.917942,0.006591,0.395787,1.788494,86.628166,14.696092,-0.119734,0.906665,0.148062,0.376431,1.373451,94.370712,14.6284,-0.01922,0.923662,0.001895,0.382722,-5.515491,113.815643,18.367437,0.078258,0.953336,0.085123,0.278892,-6.300717,135.047821,18.129217,0.013643,0.988953,0.016172,0.146709,-3.778785,149.53714,19.578228,-0.103435,0.762087,0.127161,0.626382,-9.360169,129.385132,15.841794,-0.740909,0.069098,0.505691,-0.436527,-12.650932,129.413132,-0.808024,-0.660834,-0.571028,0.188266,0.4492,-1.99229,117.31073,-16.139801,0.221285,0.271437,-0.639458,-0.684433,6.416448,145.358917,-8.119035,-0.096818,0.922608,0.018219,0.372946,-4.059581,129.640686,21.148199,0.438032,0.89484,0.085957,-0.000424,7.872964,132.442078,32.887573,-0.158513,0.42857,0.516697,-0.724035,21.585686,114.999756,31.195038,0.006066,0.220426,0.66279,-0.715601,19.153292,136.784714,19.938917,0.053204,0.926962,0.134705,0.346071,-4.691927,86.22068,7.821877,0.104106,0.970205,-0.011304,0.218489,-4.887542,51.523335,-2.556339,-0.033593,0.942413,0.045589,0.329623,-14.679733,5.243835,-3.671046,-0.090898,0.89568,-0.107596,0.421803,8.268915,87.03566,21.570305,-0.008563,0.907889,-0.146278,0.392769,10.878778,52.255966,31.328032,-0.019025,0.893402,0.012639,0.448678,6.177458,6.970578,44.214176,-0.033593,0.942413,0.045589,0.329623,-5.336974,0.669751,-15.105942,-0.019025,0.893402,0.012639,0.448678,17.820639,1.393051,35.711609
78,0.65,-0.026287,0.917947,0.006581,0.395776,1.789774,86.629227,14.694333,-0.119754,0.906671,0.147969,0.376445,1.375174,94.371788,14.626678,-0.019236,0.923658,0.001951,0.38273,-5.513503,113.818672,18.362015,0.078323,0.953284,0.085349,0.278982,-6.300271,135.050812,18.125721,0.013518,0.98894,0.015909,0.146843,-3.778352,149.539413,19.582001,-0.103494,0.76208,0.127212,0.62637,-9.359275,129.388107,15.83773,-0.74084,0.069011,0.505596,-0.436767,-12.650125,129.415649,-0.812081,-0.660809,-0.57117,0.188234,0.449071,-1.986663,117.312775,-16.140139,0.221168,0.271512,-0.639483,-0.684417,6.412966,145.363434,-8.118379,-0.096812,0.922593,0.018217,0.372985,-4.05879,129.64357,21.144247,0.438015,0.89485,0.085943,-0.000291,7.872809,132.444748,32.884644,-0.158693,0.428708,0.516661,-0.723939,21.586233,115.002426,31.19775,0.00592,0.22042,0.662859,-0.71554,19.157808,136.788803,19.942879,0.053195,0.926971,0.134713,0.346045,-4.690842,86.22213,7.820275,0.104111,0.970041,-0.011446,0.219203,-4.885982,51.524853,-2.558202,-0.033582,0.942416,0.045599,0.329613,-14.680752,5.24576,-3.667203,-0.090924,0.895647,-0.107605,0.421865,8.27039,87.036316,21.56839,-0.008517,0.907963,-0.146294,0.392593,10.880959,52.257095,31.327625,-0.019066,0.893408,0.012551,0.448666,6.177565,6.972069,44.21431,-0.033582,0.942416,0.045599,0.329613,-5.338327,0.671839,-15.102442,-0.019066,0.893408,0.012551,0.448666,17.820524,1.392807,35.712563
79,0.658333,-0.026301,0.917942,0.006523,0.395789,1.7923,86.629486,14.693129,-0.119816,0.906668,0.147886,0.376466,1.377853,94.372055,14.624557,-0.019244,0.923652,0.002038,0.382743,-5.512845,113.821754,18.356087,0.078393,0.953269,0.085406,0.278997,-6.301347,135.053879,18.123077,0.013473,0.988944,0.015743,0.146837,-3.777935,149.541992,19.581573,-0.103562,0.762032,0.127185,0.626423,-9.359829,129.391266,15.83413,-0.740936,0.068997,0.505589,-0.436615,-12.647934,129.41684,-0.816223,-0.660624,-0.57125,0.188277,0.449222,-1.98406,117.317711,-16.14695,0.220919,0.271649,-0.639566,-0.684366,6.40902,145.368088,-8.117373,-0.096806,0.922588,0.018231,0.372999,-4.059499,129.646332,21.140818,0.437923,0.894872,0.086183,1e-05,7.871768,132.447128,32.881641,-0.158787,0.428801,0.51661,-0.7239,21.588745,115.006866,31.202421,0.005767,0.220471,0.662818,-0.715564,19.161749,136.792343,19.947496,0.053226,0.926959,0.134689,0.346083,-4.688104,86.221718,7.818911,0.104113,0.970018,-0.011476,0.219303,-4.885502,51.524216,-2.558742,-0.033595,0.94242,0.045599,0.329602,-14.680943,5.24523,-3.665967,-0.090929,0.895648,-0.107598,0.421863,8.272703,87.037254,21.567348,-0.008489,0.907937,-0.146311,0.392646,10.883862,52.257992,31.326256,-0.018879,0.89337,0.012612,0.448749,6.176658,6.973398,44.213043,-0.033595,0.94242,0.045599,0.329602,-5.338646,0.671433,-15.101359,-0.018879,0.89337,0.012612,0.448749,17.819542,1.39326,35.711773
80,0.666667,-0.026323,0.917942,0.006498,0.395787,1.795295,86.629936,14.691998,-0.119824,0.906676,0.147844,0.376461,1.380687,94.37249,14.622932,-0.019346,0.923649,0.002055,0.382746,-5.510002,113.823547,18.352991,0.07843,0.953258,0.085401,0.279026,-6.302804,135.055496,18.118992,0.01342,0.988939,0.015677,0.146877,-3.778321,149.543396,19.57777,-0.103551,0.761985,0.127179,0.626483,-9.360121,129.392166,15.830281,-0.740914,0.068857,0.505617,-0.436642,-12.645754,129.418335,-0.820555,-0.660469,-0.571345,0.188284,0.449327,-1.982313,117.322693,-16.154322,0.220665,0.271658,-0.639652,-0.684364,6.404074,145.372849,-8.117007,-0.096849,0.922551,0.018198,0.373079,-4.059885,129.64856,21.136999,0.437786,0.894923,0.08635,0.000245,7.869086,132.450897,32.879784,-0.15886,0.428885,0.516528,-0.723893,21.591417,115.014221,31.207201,0.005697,0.220584,0.662899,-0.715454,19.163881,136.798004,19.951063,0.053232,0.926945,0.134701,0.346113,-4.685121,86.221603,7.817829,0.104139,0.970004,-0.011502,0.219352,-4.882246,51.524376,-2.560765,-0.033519,0.942415,0.045599,0.329622,-14.680517,5.245957,-3.666659,-0.090894,0.895651,-0.107599,0.421866,8.27571,87.038277,21.566168,-0.008472,0.907959,-0.146338,0.392586,10.884502,52.258575,31.324144,-0.018878,0.893375,0.012544,0.448739,6.175645,6.974715,44.212891,-0.033519,0.942415,0.045599,0.329622,-5.338486,0.671389,-15.101955,-0.018878,0.893375,0.012544,0.448739,17.818007,1.392832,35.712055
81,0.675,-0.026319,0.917937,0.006524,0.395798,1.798438,86.630424,14.691569,-0.119827,0.90668,0.147761,0.376482,1.383735,94.372978,14.622897,-0.019428,0.923636,0.002063,0.382772,-5.506232,113.825989,18.349833,0.079347,0.953105,0.085828,0.279158,-6.302371,135.0578,18.114775,0.012719,0.988954,0.015261,0.146884,-3.755712,149.539795,19.59346,-0.103659,0.76191,0.127259,0.626541,-9.358665,129.393875,15.826166,-0.740949,0.068797,0.505696,-0.436502,-12.641096,129.419479,-0.825302,-0.660245,-0.571432,0.188325,0.449528,-1.980805,117.32737,-16.164047,0.220411,0.271728,-0.639786,-0.684293,6.398585,145.376694,-8.116527,-0.09689,0.922523,0.018276,0.373135,-4.058767,129.651352,21.133167,0.437962,0.89486,0.086106,0.000222,7.868524,132.453888,32.877605,-0.159159,0.429063,0.516657,-0.723629,21.583973,115.01149,31.208181,0.006046,0.22039,0.662294,-0.716072,19.170446,136.801727,19.959465,0.053288,0.926946,0.134658,0.34612,-4.681809,86.222366,7.817226,0.104123,0.970157,-0.011362,0.218688,-4.883696,51.524734,-2.559935,-0.033528,0.942429,0.045589,0.329584,-14.678399,5.2457,-3.671624,-0.090868,0.895636,-0.107595,0.421904,8.278686,87.03849,21.56591,-0.008464,0.907965,-0.146336,0.392572,10.885557,52.258396,31.322979,-0.018948,0.89336,0.012547,0.448767,6.176281,6.974464,44.211334,-0.033528,0.942429,0.045589,0.329584,-5.337217,0.670928,-15.107532,-0.018948,0.89336,0.012547,0.448767,17.819912,1.39359,35.711575
82,0.683333,-0.026319,0.917927,0.00653,0.395822,1.800247,86.630684,14.690414,-0.119795,0.906679,0.147669,0.376531,1.385508,94.37323,14.621821,-0.019504,0.923618,0.002186,0.382812,-5.502104,113.827705,18.345509,0.07838,0.953191,0.085729,0.279167,-6.303197,135.059372,18.114033,0.013257,0.988923,0.015212,0.14705,-3.782792,149.547028,19.582228,-0.103595,0.761936,0.127223,0.626527,-9.357969,129.395126,15.824188,-0.74102,0.068744,0.505719,-0.436363,-12.64143,129.421463,-0.827073,-0.66011,-0.571493,0.188339,0.449643,-1.98185,117.333565,-16.169632,0.220369,0.27179,-0.639879,-0.684194,6.392977,145.382355,-8.115494,-0.096919,0.922498,0.018305,0.373187,-4.058585,129.652939,21.131685,0.437748,0.894941,0.086356,0.000472,7.867188,132.455902,32.877563,-0.159226,0.429212,0.516457,-0.723669,21.590979,115.019485,31.214041,0.005679,0.220624,0.662045,-0.716233,19.173727,136.80455,19.960114,0.053291,0.926923,0.134659,0.346179,-4.679643,86.222679,7.815732,0.104143,0.970168,-0.011386,0.218629,-4.881075,51.525097,-2.561586,-0.033553,0.942428,0.045583,0.329584,-14.678155,5.246505,-3.670921,-0.090867,0.895652,-0.107587,0.421872,8.280138,87.038689,21.565096,-0.008461,0.907919,-0.146343,0.392678,10.887515,52.25845,31.321522,-0.018997,0.893355,0.012554,0.448773,6.176233,6.974691,44.209751,-0.033553,0.942428,0.045583,0.329584,-5.336753,0.671838,-15.106689,-0.018997,0.893355,0.012554,0.448773,17.820524,1.394623,35.710365
83,0.691667,-0.026331,0.917915,0.006596,0.395846,1.8037,86.631927,14.689721,-0.119726,0.906681,0.147525,0.376606,1.388384,94.374451,14.621971,-0.019689,0.92358,0.002334,0.382892,-5.494094,113.829376,18.34054,0.078335,0.953206,0.085592,0.27917,-6.304854,135.060699,18.111788,0.013293,0.988931,0.015223,0.146997,-3.784585,149.548798,19.575743,-0.103674,0.761854,0.127355,0.626587,-9.356644,129.39537,15.820657,-0.741013,0.068667,0.505799,-0.436293,-12.637006,129.423035,-0.831218,-0.659985,-0.571588,0.188312,0.449718,-1.98059,117.337677,-16.177979,0.220367,0.271908,-0.639925,-0.684105,6.388267,145.386017,-8.116098,-0.096683,0.922353,0.018295,0.373607,-4.058287,129.654877,21.129097,0.437417,0.895087,0.086524,0.000278,7.858381,132.44986,32.88612,-0.159448,0.42923,0.516426,-0.723631,21.595087,115.024551,31.21287,0.005722,0.220559,0.662233,-0.716079,19.177101,136.812271,19.964563,0.05332,0.926926,0.134626,0.34618,-4.675813,86.224205,7.814664,0.104151,0.970161,-0.011404,0.218657,-4.879976,51.526199,-2.561178,-0.033533,0.942426,0.045582,0.329591,-14.678073,5.247798,-3.669345,-0.09086,0.895653,-0.107606,0.421866,8.283213,87.039658,21.564779,-0.008433,0.907975,-0.146358,0.392542,10.889652,52.259624,31.322187,-0.018958,0.893356,0.012523,0.448774,6.177338,6.976265,44.211407,-0.033533,0.942426,0.045582,0.329591,-5.336698,0.672898,-15.105046,-0.018958,0.893356,0.012523,0.448774,17.821093,1.394899,35.712143
84,0.7,-0.026328,0.917907,0.006626,0.395866,1.807844,86.63208,14.688659,-0.119787,0.90668,0.147498,0.3766,1.392396,94.374603,14.621359,-0.019748,0.923583,0.002357,0.382883,-5.492338,113.830521,18.338192,0.078287,0.953173,0.085825,0.279226,-6.305756,135.061737,18.109394,0.013244,0.988921,0.014967,0.147093,-3.788716,149.549774,19.579773,-0.103688,0.761882,0.127355,0.62655,-9.356884,129.396027,15.818339,-0.741043,0.06854,0.505753,-0.436316,-12.63872,129.423019,-0.833246,-0.659955,-0.571675,0.188236,0.449682,-1.979429,117.342186,-16.18158,0.220449,0.272002,-0.639982,-0.683989,6.385078,145.390518,-8.115188,-0.096638,0.922284,0.01823,0.373793,-4.058452,129.656219,21.126675,0.437273,0.895143,0.086665,0.000343,7.853814,132.450256,32.888378,-0.159626,0.429392,0.516288,-0.723595,21.596119,115.02932,31.215542,0.005354,0.220823,0.66209,-0.716132,19.178032,136.815125,19.966253,0.053323,0.926914,0.13459,0.346227,-4.671384,86.224655,7.813314,0.104213,0.969989,-0.011544,0.21938,-4.876154,51.525963,-2.560236,-0.033568,0.942407,0.04554,0.329649,-14.681975,5.249092,-3.664141,-0.090843,0.895619,-0.107606,0.421942,8.287073,87.039497,21.564003,-0.008424,0.907966,-0.146387,0.392553,10.891564,52.259235,31.321135,-0.018955,0.893359,0.012559,0.448768,6.177232,6.976643,44.212353,-0.033568,0.942407,0.04554,0.329649,-5.338964,0.673397,-15.098188,-0.018955,0.893359,0.012559,0.448768,17.821009,1.396167,35.712528
85,0.708333,-0.026339,0.917904,0.006603,0.395872,1.810403,86.632904,14.688957,-0.119792,0.906685,0.147403,0.376622,1.394939,94.375427,14.621249,-0.019844,0.923571,0.002436,0.382906,-5.488533,113.832108,18.334255,0.078209,0.953188,0.085777,0.279211,-6.307027,135.063141,18.106947,0.013297,0.988926,0.014933,0.147056,-3.791789,149.551697,19.575287,-0.103771,0.761835,0.127382,0.626588,-9.356685,129.396851,15.815337,-0.741012,0.068441,0.505759,-0.436377,-12.63631,129.422638,-0.836681,-0.659924,-0.571803,0.188173,0.449591,-1.976687,117.343674,-16.186245,0.220608,0.272198,-0.639922,-0.683915,6.380407,145.393295,-8.116605,-0.096711,0.922245,0.018248,0.37387,-4.058577,129.657944,21.123947,0.437227,0.895156,0.086765,0.000503,7.851249,132.453857,32.887669,-0.159704,0.429511,0.516237,-0.723543,21.595339,115.033897,31.219414,0.005208,0.220957,0.662081,-0.716101,19.179794,136.81842,19.968975,0.053318,0.926917,0.134597,0.346217,-4.668716,86.225113,7.813533,0.104224,0.969965,-0.011564,0.219482,-4.873114,51.526527,-2.560379,-0.033434,0.942425,0.045571,0.329605,-14.680231,5.249915,-3.663665,-0.090822,0.895629,-0.107607,0.421924,8.289522,87.040703,21.564379,-0.008466,0.907878,-0.146368,0.392761,10.892857,52.260174,31.320854,-0.019006,0.893363,0.012517,0.448759,6.179883,6.977129,44.210972,-0.033434,0.942425,0.045571,0.329605,-5.339523,0.673702,-15.099382,-0.019006,0.893363,0.012517,0.448759,17.82383,1.396236,35.711662
86,0.716667,-0.026336,0.91787,0.006585,0.395951,1.814011,86.633537,14.688601,-0.119806,0.906673,0.147335,0.376673,1.398711,94.37606,14.620619,-0.019918,0.923553,0.002512,0.382944,-5.484766,113.83432,18.330629,0.078215,0.953145,0.086056,0.27927,-6.307386,135.065216,18.105097,0.013227,0.988926,0.014628,0.147095,-3.794244,149.553299,19.581638,-0.103758,0.76188,0.127395,0.626532,-9.355752,129.398529,15.812746,-0.741035,0.068311,0.505732,-0.43639,-12.637828,129.424515,-0.838794,-0.659923,-0.571859,0.188085,0.449558,-1.976186,117.34996,-16.190437,0.220643,0.272377,-0.639942,-0.683814,6.37902,145.399002,-8.11686,-0.09671,0.922208,0.018258,0.37396,-4.058125,129.660202,21.121811,0.437167,0.89518,0.086821,0.000576,7.849432,132.455795,32.887917,-0.159952,0.429718,0.516145,-0.723431,21.595842,115.037468,31.221741,0.004927,0.221242,0.661955,-0.716131,19.184362,136.822983,19.97172,0.053309,0.92693,0.13457,0.346194,-4.663934,86.225693,7.812071,0.104266,0.970027,-0.011534,0.219187,-4.868661,51.526512,-2.559835,-0.033435,0.94243,0.045524,0.329598,-14.679323,5.250663,-3.66379,-0.090811,0.895606,-0.107618,0.421973,8.291957,87.041382,21.56513,-0.008471,0.907861,-0.14635,0.392809,10.89368,52.260887,31.322166,-0.019064,0.893366,0.012468,0.448751,6.181125,6.977344,44.21069,-0.033435,0.94243,0.045524,0.329598,-5.338903,0.673142,-15.099224,-0.019064,0.893366,0.012468,0.448751,17.825291,1.395981,35.711979
87,0.725,-0.026357,0.91786,0.006548,0.395974,1.816003,86.634338,14.688945,-0.11984,0.90667,0.14725,0.376704,1.400626,94.376854,14.620299,-0.019949,0.923543,0.002601,0.382967,-5.482681,113.835052,18.326227,0.07801,0.953186,0.085971,0.279214,-6.307944,135.065872,18.103662,0.01336,0.988938,0.014618,0.147005,-3.799858,149.555252,19.575939,-0.103802,0.761844,0.127477,0.626553,-9.355494,129.399139,15.810368,-0.741053,0.06824,0.505766,-0.436331,-12.636396,129.425949,-0.841399,-0.659848,-0.571912,0.188085,0.449601,-1.975872,117.354347,-16.196129,0.22066,0.272471,-0.639931,-0.683781,6.375676,145.403381,-8.118749,-0.096801,0.922181,0.018281,0.374002,-4.058149,129.660721,21.119717,0.437031,0.895229,0.086999,0.000709,7.847727,132.45874,32.886944,-0.160016,0.429713,0.516095,-0.723455,21.599436,115.044365,31.223101,0.004728,0.221397,0.662639,-0.715451,19.185032,136.831436,19.973236,0.053305,0.926939,0.134551,0.346177,-4.661577,86.225853,7.812112,0.104278,0.970155,-0.011404,0.218622,-4.86671,51.526272,-2.558429,-0.033406,0.942436,0.045528,0.329584,-14.676413,5.250385,-3.668849,-0.090807,0.895645,-0.107594,0.421897,8.293583,87.042824,21.565777,-0.008402,0.907922,-0.146365,0.392663,10.89662,52.26189,31.320917,-0.018873,0.893322,0.012487,0.448846,6.179651,6.978658,44.208916,-0.033406,0.942436,0.045528,0.329584,-5.336613,0.672702,-15.104723,-0.018873,0.893322,0.012487,0.448846,17.823727,1.39529,35.711403
88,0.733333,-0.026454,0.91785,0.006636,0.395988,1.819846,86.634506,14.688602,-0.11989,0.906645,0.147133,0.376794,1.402557,94.376923,14.620602,-0.020013,0.923496,0.002673,0.383077,-5.48131,113.836327,18.320723,0.077998,0.95311,0.086262,0.279386,-6.310226,135.067032,18.099823,0.013243,0.988913,0.014336,0.147205,-3.804849,149.556,19.580891,-0.103852,0.761859,0.127513,0.626519,-9.356245,129.399963,15.805313,-0.741078,0.068172,0.505627,-0.43646,-12.638219,129.426071,-0.846243,-0.659792,-0.572004,0.188114,0.449554,-1.971041,117.356453,-16.197908,0.220443,0.27251,-0.639976,-0.683794,6.373439,145.407486,-8.120151,-0.096807,0.922146,0.018303,0.374085,-4.0602,129.661987,21.115936,0.436918,0.895284,0.086996,0.000857,7.843531,132.459778,32.885391,-0.160181,0.429933,0.515918,-0.723415,21.599602,115.048241,31.227947,0.004415,0.221665,0.662564,-0.71544,19.185461,136.833405,19.973778,0.05333,0.926929,0.134551,0.346201,-4.657421,86.225006,7.811533,0.104312,0.969971,-0.011569,0.219414,-4.863951,51.525604,-2.559633,-0.033421,0.942428,0.045481,0.329612,-14.67928,5.250749,-3.663663,-0.090802,0.895547,-0.107606,0.422104,8.297112,87.044006,21.56567,-0.00843,0.907825,-0.146328,0.3929,10.897214,52.263199,31.32205,-0.019079,0.893333,0.012416,0.448819,6.180695,6.978989,44.206795,-0.033421,0.942428,0.045481,0.329612,-5.338772,0.671929,-15.098503,-0.019079,0.893333,0.012416,0.448819,17.826044,1.3965,35.710453
89,0.741667,-0.026418,0.917819,0.006613,0.396063,1.821699,86.634155,14.68984,-0.119831,0.906667,0.147019,0.376802,1.405061,94.37661,14.621709,-0.020203,0.9235,0.002796,0.383056,-5.474555,113.836929,18.318329,0.077928,0.953127,0.086145,0.279385,-6.312943,135.067291,18.099194,0.013238,0.988907,0.01433,0.147251,-3.808555,149.556808,19.576363,-0.103828,0.761777,0.127693,0.626586,-9.35654,129.399048,15.804359,-0.741069,0.068114,0.505717,-0.43638,-12.635859,129.430191,-0.847714,-0.65966,-0.572022,0.188169,0.449703,-1.97237,117.362579,-16.203527,0.220319,0.272432,-0.640045,-0.6838,6.369637,145.412918,-8.120818,-0.096939,0.922221,0.018667,0.373849,-4.060371,129.66301,21.114763,0.43686,0.895312,0.086999,0.0011,7.848485,132.460693,32.879051,-0.160349,0.429994,0.515776,-0.723442,21.6068,115.049995,31.231455,0.004327,0.22179,0.662419,-0.715536,19.18787,136.836746,19.976715,0.053357,0.926886,0.134514,0.346324,-4.654486,86.225143,7.811725,0.104323,0.969993,-0.011539,0.21931,-4.862408,51.525242,-2.55771,-0.033481,0.942438,0.045478,0.329579,-14.67821,5.250537,-3.663648,-0.090819,0.89556,-0.107576,0.422079,8.297884,87.043175,21.567955,-0.008371,0.907905,-0.146355,0.392707,10.900317,52.262138,31.322865,-0.019064,0.893346,0.012441,0.448793,6.180497,6.97858,44.208664,-0.033481,0.942438,0.045478,0.329579,-5.337919,0.672207,-15.098863,-0.019064,0.893346,0.012441,0.448793,17.825321,1.396518,35.711323
90,0.75,-0.026525,0.917789,0.006695,0.396126,1.826805,86.635178,14.68952,-0.119903,0.906623,0.146942,0.376916,1.408147,94.377533,14.621864,-0.020271,0.923444,0.002864,0.383187,-5.473805,113.83905,18.313723,0.077852,0.953102,0.086274,0.279451,-6.315943,135.069275,18.096027,0.01327,0.988908,0.014233,0.147248,-3.814733,149.559006,19.576502,-0.103764,0.761804,0.127668,0.626569,-9.35787,129.400665,15.799882,-0.741093,0.068079,0.505645,-0.436428,-12.63836,129.432739,-0.851955,-0.659578,-0.572057,0.188252,0.449744,-1.9714,117.366516,-16.206436,0.220059,0.272394,-0.640097,-0.68385,6.366244,145.418137,-8.123693,-0.096841,0.922116,0.018288,0.374151,-4.063257,129.665161,21.111811,0.436704,0.895383,0.087053,0.001143,7.838577,132.46402,32.882919,-0.160383,0.430123,0.51578,-0.723355,21.602957,115.058014,31.236591,0.004553,0.221792,0.662478,-0.715479,19.189743,136.843369,19.980553,0.053453,0.926839,0.134462,0.346457,-4.648333,86.22493,7.810493,0.104331,0.969959,-0.011589,0.219453,-4.862534,51.524769,-2.557927,-0.033486,0.942428,0.045483,0.329605,-14.679904,5.250326,-3.660864,-0.090803,0.895498,-0.107541,0.422224,8.301943,87.045425,21.568546,-0.008365,0.907868,-0.146387,0.392782,10.902831,52.263618,31.321129,-0.018915,0.893335,0.012458,0.448821,6.180188,6.980926,44.208927,-0.033486,0.942428,0.045483,0.329605,-5.338932,0.67221,-15.095604,-0.018915,0.893335,0.012458,0.448821,17.824074,1.397341,35.7113
91,0.758333,-0.026574,0.917763,0.006756,0.396181,1.831197,86.635178,14.688979,-0.119974,0.906602,0.146883,0.376968,1.411473,94.377472,14.621867,-0.020298,0.923423,0.002913,0.383236,-5.473168,113.841034,18.310364,0.077751,0.95308,0.086434,0.279503,-6.317124,135.071198,18.094086,0.013234,0.988902,0.014106,0.147305,-3.82006,149.561234,19.578491,-0.103923,0.761747,0.127817,0.626581,-9.358321,129.402496,15.797222,-0.741063,0.067984,0.50562,-0.436523,-12.63717,129.433853,-0.854942,-0.659468,-0.572097,0.18835,0.449813,-1.968519,117.369186,-16.209476,0.219807,0.272214,-0.640226,-0.683882,6.364183,145.422058,-8.125903,-0.096919,0.922086,0.018304,0.374204,-4.064283,129.667053,21.10972,0.436642,0.89543,0.086873,0.001219,7.835676,132.468063,32.882221,-0.160453,0.430315,0.515676,-0.7233,21.602459,115.063301,31.242668,0.004597,0.221851,0.662369,-0.715561,19.19208,136.84671,19.981833,0.053491,0.926806,0.134431,0.346552,-4.643067,86.224564,7.809151,0.104347,0.969953,-0.011606,0.219473,-4.859553,51.524075,-2.558146,-0.033439,0.942432,0.045551,0.32959,-14.678749,5.249989,-3.660099,-0.090803,0.895505,-0.107538,0.422209,8.305461,87.045792,21.568808,-0.008313,0.90789,-0.146404,0.392724,10.906619,52.263958,31.321196,-0.019182,0.893328,0.01232,0.448826,6.179705,6.981665,44.208836,-0.033439,0.942432,0.045551,0.32959,-5.338416,0.673277,-15.095925,-0.019182,0.893328,0.01232,0.448826,17.825792,1.398055,35.714237
92,0.766667,-0.026551,0.917752,0.006773,0.396209,1.832687,86.635529,14.688984,-0.119953,0.90661,0.146794,0.37699,1.413186,94.377838,14.622248,-0.020435,0.923413,0.002995,0.383252,-5.468956,113.841393,18.307369,0.077744,0.953076,0.086488,0.279501,-6.319626,135.071289,18.092083,0.013199,0.988908,0.014019,0.147277,-3.823187,149.561295,19.577957,-0.10387,0.761705,0.127786,0.626648,-9.35895,129.401733,15.794844,-0.74106,0.067915,0.505622,-0.436536,-12.635318,129.43428,-0.857802,-0.659372,-0.572133,0.188423,0.449877,-1.966335,117.371582,-16.213655,0.219675,0.272154,-0.640317,-0.683864,6.362185,145.425293,-8.128725,-0.096983,0.922057,0.018317,0.37426,-4.065178,129.66774,21.107534,0.436544,0.895478,0.086874,0.001339,7.832952,132.470428,32.881481,-0.160444,0.430348,0.515584,-0.723347,21.603537,115.068199,31.247065,0.004559,0.221856,0.662473,-0.715464,19.189907,136.849579,19.983149,0.053482,0.926769,0.134394,0.346667,-4.64118,86.225449,7.808751,0.104364,0.969975,-0.011579,0.219371,-4.856671,51.524181,-2.555953,-0.033408,0.942449,0.045525,0.329546,-14.676931,5.250361,-3.659671,-0.090814,0.895481,-0.107542,0.422258,8.306554,87.045609,21.569216,-0.008342,0.907771,-0.146351,0.393019,10.907739,52.263958,31.322271,-0.019133,0.893304,0.012393,0.448876,6.181089,6.980234,44.205017,-0.033408,0.942449,0.045525,0.329546,-5.338009,0.672586,-15.096222,-0.019133,0.893304,0.012393,0.448876,17.827957,1.397873,35.71067
93,0.775,-0.026594,0.917719,0.006741,0.396282,1.836535,86.634102,14.689924,-0.120006,0.906591,0.146777,0.377024,1.416627,94.376381,14.622432,-0.020513,0.923396,0.003006,0.383288,-5.467915,113.841095,18.306082,0.077718,0.953066,0.0865,0.279542,-6.321797,135.070862,18.089911,0.013096,0.988902,0.014026,0.147322,-3.82619,149.560974,19.576063,-0.10397,0.761679,0.127901,0.62664,-9.360077,129.400757,15.792647,-0.74108,0.067835,0.505583,-0.436559,-12.636098,129.433197,-0.860071,-0.659328,-0.572167,0.188477,0.449876,-1.9649,117.373299,-16.216595,0.219624,0.272201,-0.640367,-0.683814,6.360021,145.428299,-8.132447,-0.097037,0.922031,0.018293,0.37431,-4.066764,129.667755,21.105747,0.436424,0.89554,0.086837,0.001461,7.829743,132.472351,32.880882,-0.160554,0.430583,0.515435,-0.72329,21.604971,115.073227,31.252516,0.004497,0.22209,0.662161,-0.715681,19.193748,136.851593,19.983265,0.053537,0.926747,0.134372,0.346726,-4.636192,86.223061,7.808675,0.104378,0.969949,-0.011598,0.219474,-4.855317,51.521786,-2.55592,-0.033464,0.942452,0.045549,0.329529,-14.677148,5.248296,-3.659266,-0.090782,0.895456,-0.107492,0.42233,8.309261,87.045135,21.571173,-0.008307,0.907808,-0.146379,0.392924,10.909169,52.262295,31.320316,-0.019169,0.893284,0.012365,0.448914,6.179862,6.979293,44.204594,-0.033464,0.942452,0.045549,0.329529,-5.338016,0.67175,-15.09614,-0.019169,0.893284,0.012365,0.448914,17.827692,1.396717,35.711704
94,0.783333,-0.026613,0.917689,0.006752,0.39635,1.84,86.635071,14.690751,-0.120025,0.906587,0.146706,0.377057,1.419758,94.377335,14.623269,-0.020651,0.923383,0.003076,0.383313,-5.464135,113.841476,18.303484,0.077672,0.953052,0.08667,0.27955,-6.324604,135.070984,18.087799,0.013082,0.988908,0.013874,0.147298,-3.831664,149.561096,19.57843,-0.104022,0.761627,0.127964,0.626681,-9.360999,129.399979,15.790229,-0.741164,0.067778,0.505621,-0.436382,-12.634886,129.432785,-0.862916,-0.659258,-0.572194,0.18846,0.449951,-1.965039,117.377762,-16.224201,0.219778,0.272286,-0.640384,-0.683715,6.358357,145.431824,-8.13518,-0.097368,0.922102,0.018316,0.374047,-4.068054,129.668503,21.103624,0.436639,0.895468,0.086494,0.001656,7.832956,132.483536,32.871723,-0.160685,0.430744,0.515356,-0.723221,21.5998,115.076492,31.256979,0.004373,0.222233,0.662198,-0.715603,19.191282,136.855621,19.985559,0.053591,0.926724,0.134329,0.346794,-4.631687,86.223808,7.808533,0.104367,0.969986,-0.011544,0.219322,-4.854746,51.522125,-2.55459,-0.033466,0.942472,0.045543,0.329474,-14.674627,5.248302,-3.661052,-0.090756,0.895487,-0.107517,0.422264,8.311687,87.046333,21.572968,-0.008282,0.907829,-0.146356,0.392883,10.909883,52.263527,31.322708,-0.019085,0.893281,0.012395,0.448922,6.179808,6.979862,44.204391,-0.033466,0.942472,0.045543,0.329474,-5.336812,0.671569,-15.098932,-0.019085,0.893281,0.012395,0.448922,17.827082,1.396937,35.71096
95,0.791667,-0.026644,0.917676,0.006777,0.396377,1.843172,86.635452,14.691641,-0.120087,0.906587,0.14664,0.377062,1.422341,94.377686,14.624312,-0.020708,0.923384,0.003151,0.383306,-5.4626,113.84127,18.300869,0.077791,0.953033,0.086768,0.279551,-6.326486,135.070663,18.087194,0.01289,0.988915,0.01378,0.147278,-3.83104,149.559967,19.581562,-0.104014,0.76165,0.128069,0.626633,-9.362004,129.399399,15.789138,-0.74118,0.067756,0.505575,-0.436412,-12.638001,129.434341,-0.863586,-0.659304,-0.572206,0.188445,0.449875,-1.965921,117.380234,-16.224041,0.219891,0.272361,-0.640405,-0.68363,6.357011,145.435074,-8.137279,-0.097208,0.921969,0.018282,0.374418,-4.069022,129.668259,21.102476,0.43627,0.895631,0.086665,0.001554,7.823607,132.478043,32.880299,-0.160854,0.430871,0.515153,-0.723252,21.604811,115.082947,31.259602,0.003971,0.222403,0.662297,-0.715461,19.191389,136.860016,19.985722,0.053596,0.926727,0.134312,0.346791,-4.628078,86.223854,7.809033,0.104415,0.969965,-0.011566,0.219389,-4.851942,51.521862,-2.553062,-0.033396,0.942443,0.045542,0.329564,-14.676544,5.249029,-3.659198,-0.090736,0.895424,-0.107485,0.42241,8.314423,87.04705,21.574247,-0.008279,0.907832,-0.146376,0.39287,10.910752,52.263496,31.3218,-0.019108,0.893292,0.012417,0.448899,6.179906,6.980381,44.20512,-0.033396,0.942443,0.045542,0.329564,-5.337272,0.671629,-15.095621,-0.019108,0.893292,0.012417,0.448899,17.827084,1.39833,35.710983
96,0.8,-0.026735,0.917668,0.006825,0.396389,1.848523,86.635277,14.693295,-0.120105,0.906584,0.146523,0.377109,1.426104,94.377426,14.626081,-0.020859,0.923354,0.003218,0.383369,-5.457952,113.842201,18.297621,0.078409,0.952872,0.087275,0.279768,-6.328849,135.071304,18.084049,0.012273,0.988897,0.013439,0.147487,-3.820258,149.556259,19.598522,-0.104041,0.761709,0.128108,0.626549,-9.362172,129.399048,15.785519,-0.7413,0.067698,0.505539,-0.436258,-12.641549,129.433578,-0.86654,-0.659294,-0.57223,0.188384,0.449885,-1.967537,117.385147,-16.230116,0.220122,0.272463,-0.640412,-0.683507,6.355111,145.439026,-8.139739,-0.097249,0.921954,0.018322,0.374444,-4.070007,129.669617,21.099585,0.436164,0.895689,0.086603,0.00167,7.821683,132.480133,32.878178,-0.161006,0.43101,0.514996,-0.723247,21.60697,115.087677,31.263727,0.00379,0.222551,0.662297,-0.715416,19.191458,136.864059,19.987232,0.053636,0.926725,0.134293,0.346798,-4.622465,86.222466,7.810513,0.10444,0.969918,-0.011598,0.219584,-4.849379,51.520432,-2.551378,-0.033408,0.942465,0.045556,0.329498,-14.676711,5.248165,-3.657105,-0.090656,0.895449,-0.107542,0.422358,8.319511,87.048096,21.576077,-0.008309,0.907771,-0.146337,0.393024,10.909497,52.264385,31.324762,-0.01904,0.89329,0.012469,0.448904,6.18048,6.980234,44.205093,-0.033408,0.942465,0.045556,0.329498,-5.338871,0.671228,-15.094882,-0.01904,0.89329,0.012469,0.448904,17.827297,1.39861,35.710186
97,0.808333,-0.026745,0.917641,0.006811,0.396451,1.852513,86.635277,14.694299,-0.120152,0.906574,0.146469,0.37714,1.430032,94.377426,14.626795,-0.02095,0.923343,0.003306,0.38339,-5.455593,113.843712,18.29561,0.078066,0.952901,0.087283,0.279762,-6.331517,135.072632,18.084003,0.012418,0.988889,0.013454,0.147523,-3.832589,149.559494,19.595949,-0.104173,0.761627,0.128181,0.626611,-9.363391,129.399872,15.784801,-0.741321,0.0676,0.505661,-0.436097,-12.639197,129.43309,-0.867963,-0.6592,-0.572222,0.188409,0.450022,-1.970051,117.38913,-16.238403,0.220167,0.272509,-0.640421,-0.683467,6.35253,145.441727,-8.143444,-0.097256,0.921936,0.018305,0.374486,-4.071526,129.671188,21.099129,0.436035,0.895753,0.086584,0.001805,7.819067,132.482056,32.878746,-0.161125,0.431188,0.514824,-0.723237,21.609343,115.092972,31.270536,0.003636,0.22278,0.66213,-0.7155,19.192574,136.867126,19.989426,0.05368,0.92671,0.134264,0.346843,-4.617528,86.222198,7.810644,0.104482,0.969935,-0.011576,0.21949,-4.84767,51.519936,-2.550431,-0.033453,0.942441,0.045557,0.329561,-14.678484,5.24846,-3.658098,-0.090657,0.895443,-0.10755,0.42237,8.322554,87.048363,21.577953,-0.008249,0.907848,-0.146346,0.392845,10.912232,52.264786,31.327209,-0.019043,0.893303,0.012433,0.448879,6.180303,6.980789,44.207012,-0.033453,0.942441,0.045557,0.329561,-5.338683,0.672025,-15.094471,-0.019043,0.893303,0.012433,0.448879,17.8265,1.398277,35.711842
98,0.816667,-0.026739,0.917622,0.006784,0.396497,1.855539,86.635155,14.695016,-0.120219,0.906556,0.146444,0.377171,1.433325,94.377312,14.627144,-0.021036,0.923326,0.00332,0.383427,-5.454506,113.843071,18.293636,0.077955,0.952922,0.087243,0.279734,-6.333993,135.071823,18.081129,0.01244,0.988898,0.013542,0.147453,-3.83783,149.559402,19.590937,-0.104099,0.761669,0.128166,0.626575,-9.364721,129.398483,15.781901,-0.741364,0.067523,0.505665,-0.43603,-12.642563,129.432983,-0.870454,-0.659166,-0.572228,0.188404,0.450065,-1.973183,117.392822,-16.24371,0.220209,0.27254,-0.640514,-0.683354,6.349091,145.444839,-8.146496,-0.097301,0.921905,0.018272,0.374552,-4.07334,129.670898,21.096649,0.435925,0.895806,0.086591,0.001917,7.815255,132.483429,32.877876,-0.161221,0.431291,0.514713,-0.723234,21.609777,115.097275,31.27442,0.003551,0.222899,0.662138,-0.715456,19.191765,136.870392,19.991198,0.05369,0.926725,0.13426,0.346804,-4.613822,86.222,7.81073,0.104513,0.969924,-0.011584,0.219523,-4.845146,51.51973,-2.550284,-0.033396,0.942432,0.045543,0.329594,-14.678842,5.248866,-3.65817,-0.090623,0.895424,-0.107575,0.422412,8.3249,87.048309,21.579302,-0.008308,0.907751,-0.146311,0.39308,10.911132,52.264679,31.32925,-0.018926,0.8933,0.012511,0.448889,6.182242,6.979802,44.207077,-0.033396,0.942432,0.045543,0.329594,-5.338867,0.671488,-15.094021,-0.018926,0.8933,0.012511,0.448889,17.827782,1.397749,35.710709
99,0.825,-0.026684,0.917618,0.006762,0.39651,1.856586,86.634201,14.695191,-0.120247,0.906552,0.146419,0.377182,1.435288,94.376404,14.627337,-0.021139,0.923315,0.003347,0.383446,-5.453483,113.842896,18.2925,0.078095,0.952904,0.087329,0.27973,-6.337461,135.071457,18.079355,0.01227,0.988911,0.013503,0.147387,-3.83809,149.558121,19.592718,-0.104026,0.761673,0.12819,0.626579,-9.366886,129.3974,15.780157,-0.741321,0.067496,0.505673,-0.436098,-12.645112,129.43428,-0.872114,-0.659131,-0.572226,0.188468,0.450094,-1.975917,117.393478,-16.244991,0.220022,0.272503,-0.640544,-0.6834,6.345073,145.446228,-8.148952,-0.097348,0.921896,0.018255,0.374565,-4.075793,129.671082,21.095125,0.435871,0.895845,0.086459,0.001982,7.812186,132.48526,32.876579,-0.161294,0.43145,0.51461,-0.723196,21.608812,115.100288,31.278482,0.003476,0.222968,0.662114,-0.715457,19.192305,136.872025,19.991165,0.053636,0.926721,0.134267,0.346819,-4.612631,86.22184,7.810723,0.104557,0.970055,-0.011472,0.218927,-4.839997,51.519291,-2.549448,-0.033353,0.942449,0.045516,0.329553,-14.676083,5.249065,-3.662559,-0.090645,0.895397,-0.10755,0.422469,8.325802,87.046562,21.579659,-0.00825,0.907802,-0.146335,0.392955,10.913602,52.262814,31.328779,-0.019092,0.893305,0.012439,0.448872,6.180551,6.978509,44.207108,-0.033353,0.942449,0.045516,0.329553,-5.337583,0.670494,-15.099135,-0.019092,0.893305,0.012439,0.448872,17.827162,1.396806,35.711975
100,0.833333,-0.026741,0.917596,0.006765,0.396557,1.8601,86.633934,14.697668,-0.120314,0.906539,0.14635,0.377218,1.437977,94.376083,14.629483,-0.021176,0.923299,0.003359,0.383482,-5.452096,113.841835,18.290552,0.078102,0.952866,0.087527,0.279797,-6.33773,135.070328,18.077255,0.012019,0.988904,0.013388,0.147461,-3.83979,149.556595,19.596539,-0.104049,0.761667,0.128214,0.626577,-9.366533,129.396011,15.777844,-0.741301,0.067478,0.505681,-0.436126,-12.644668,129.432831,-0.874451,-0.658995,-0.572263,0.188618,0.450183,-1.975723,117.391884,-16.247389,0.219732,0.272436,-0.640532,-0.683532,6.339265,145.446503,-8.151728,-0.09742,0.921868,0.018152,0.374619,-4.075869,129.670135,21.093222,0.435881,0.895844,0.08641,0.002068,7.810246,132.487747,32.875744,-0.161321,0.431539,0.514576,-0.723161,21.606445,115.102043,31.281979,0.003415,0.223004,0.662121,-0.715439,19.191916,136.873505,19.992342,0.053674,0.926729,0.134269,0.346791,-4.608361,86.220619,7.812542,0.104567,0.970113,-0.011406,0.218668,-4.838564,51.518394,-2.548653,-0.033311,0.942434,0.045565,0.329594,-14.674458,5.24821,-3.665368,-0.090601,0.895395,-0.107544,0.422486,8.328562,87.047249,21.582794,-0.008266,0.907717,-0.146288,0.393168,10.913561,52.262836,31.330303,-0.019082,0.893288,0.012468,0.448907,6.180646,6.977257,44.204185,-0.033311,0.942434,0.045565,0.329594,-5.335267,0.670596,-15.101769,-0.019082,0.893288,0.012468,0.448907,17.82794,1.396164,35.709587
101,0.841667,-0.026724,0.917587,0.006702,0.396579,1.860666,86.633461,14.699933,-0.120319,0.906534,0.146317,0.377241,1.439175,94.375648,14.630949,-0.021338,0.923277,0.00334,0.383527,-5.449564,113.8386,18.28993,0.078307,0.952862,0.087478,0.279768,-6.341219,135.066803,18.073212,0.01184,0.988926,0.01353,0.147318,-3.837131,149.552017,19.592644,-0.103991,0.761614,0.128338,0.626625,-9.368168,129.391281,15.774382,-0.741299,0.067554,0.505684,-0.436114,-12.644672,129.432648,-0.878219,-0.658894,-0.57232,0.188708,0.450219,-1.976334,117.389427,-16.249794,0.219594,0.272477,-0.640629,-0.683469,6.332592,145.445755,-8.153778,-0.097534,0.921839,0.0181,0.374664,-4.078132,129.66774,21.09026,0.435866,0.895859,0.086331,0.002177,7.806095,132.489471,32.873692,-0.161427,0.431699,0.514529,-0.723075,21.602879,115.103676,31.285885,0.003478,0.223089,0.661971,-0.715552,19.192781,136.874634,19.994804,0.053641,0.926734,0.134278,0.346781,-4.607476,86.219978,7.814522,0.104594,0.970106,-0.011396,0.218687,-4.835349,51.517677,-2.546468,-0.033348,0.942458,0.045501,0.32953,-14.673513,5.248016,-3.664896,-0.090611,0.895424,-0.107506,0.422431,8.328809,87.046944,21.585344,-0.008233,0.907747,-0.146299,0.393095,10.916252,52.262081,31.330591,-0.019008,0.893285,0.012492,0.448915,6.181079,6.976759,44.204563,-0.033348,0.942458,0.045501,0.32953,-5.335642,0.668963,-15.101795,-0.019008,0.893285,0.012492,0.448915,17.827888,1.395331,35.709526
102,0.85,-0.02678,0.917579,0.006771,0.396592,1.864602,86.633667,14.701295,-0.1204,0.906513,0.146264,0.377286,1.441891,94.375786,14.632938,-0.021417,0.923248,0.003344,0.383593,-5.44965,113.839577,18.288465,0.078087,0.952877,0.087504,0.27977,-6.344456,135.067642,18.070532,0.011904,0.988927,0.013633,0.147297,-3.84673,149.554047,19.588926,-0.104001,0.761653,0.128269,0.62659,-9.370224,129.391541,15.771558,-0.74123,0.067494,0.50566,-0.436269,-12.648116,129.430893,-0.880776,-0.658907,-0.572376,0.188696,0.450135,-1.978318,117.386818,-16.250675,0.219604,0.272449,-0.640647,-0.683459,6.327051,145.444504,-8.155698,-0.097505,0.921857,0.018107,0.374626,-4.080993,129.669067,21.088181,0.435723,0.895923,0.086382,0.002418,7.804373,132.489883,32.870686,-0.161457,0.43173,0.514405,-0.723138,21.60664,115.10762,31.292036,0.003491,0.223103,0.662038,-0.715485,19.191561,136.876694,19.998228,0.053642,0.926702,0.134295,0.346859,-4.603292,86.219727,7.815677,0.104664,0.970139,-0.011384,0.218508,-4.829939,51.517773,-2.546481,-0.033321,0.942449,0.045503,0.32956,-14.674419,5.249482,-3.66562,-0.090605,0.895419,-0.107469,0.422452,8.332495,87.0476,21.586912,-0.008211,0.907743,-0.146335,0.393092,10.920427,52.262081,31.329676,-0.01919,0.893309,0.012455,0.44886,6.182102,6.977722,44.205864,-0.033321,0.942449,0.045503,0.32956,-5.336107,0.670214,-15.102069,-0.01919,0.893309,0.012455,0.44886,17.829571,1.397704,35.710804
103,0.858333,-0.026825,0.917566,0.006789,0.39662,1.867485,86.633705,14.70308,-0.120502,0.906495,0.14622,0.377315,1.444024,94.375786,14.634694,-0.021407,0.923238,0.003384,0.383618,-5.452523,113.844086,18.287596,0.078005,0.952848,0.08768,0.279837,-6.34756,135.072144,18.071371,0.01179,0.988913,0.01354,0.147411,-3.853589,149.558716,19.594351,-0.104204,0.76163,0.128154,0.626608,-9.373145,129.39621,15.771769,-0.741119,0.067366,0.505693,-0.436439,-12.648876,129.428024,-0.881012,-0.658876,-0.57246,0.188703,0.45007,-1.97979,117.384048,-16.251488,0.219604,0.272478,-0.640669,-0.683428,6.319566,145.443466,-8.15637,-0.097419,0.921872,0.018037,0.374614,-4.084191,129.673355,21.08869,0.43566,0.895952,0.086398,0.002508,7.802062,132.492432,32.87072,-0.161508,0.431794,0.514333,-0.72314,21.606749,115.111771,31.295601,0.003381,0.223159,0.66208,-0.715429,19.190672,136.88063,19.999836,0.053763,0.926554,0.134264,0.347248,-4.599941,86.219139,7.817058,0.104659,0.969876,-0.011611,0.219662,-4.831122,51.517509,-2.546106,-0.033331,0.942452,0.04554,0.329544,-14.678535,5.249614,-3.656001,-0.090625,0.895441,-0.107438,0.422409,8.334912,87.048271,21.589102,-0.008152,0.907769,-0.146368,0.393022,10.925611,52.262531,31.330341,-0.018992,0.893312,0.012495,0.448862,6.182028,6.978994,44.207489,-0.033331,0.942452,0.04554,0.329544,-5.340402,0.671479,-15.09306,-0.018992,0.893312,0.012495,0.448862,17.827677,1.397392,35.710968
104,0.866667,-0.026894,0.917558,0.006837,0.396632,1.87103,86.634132,14.704349,-0.120569,0.906488,0.146188,0.377321,1.446296,94.376144,14.636215,-0.021469,0.923231,0.003398,0.38363,-5.452188,113.843773,18.286695,0.077887,0.952883,0.087581,0.279781,-6.349877,135.071732,18.070011,0.011805,0.988923,0.013713,0.147323,-3.858402,149.559158,19.589046,-0.104266,0.761656,0.128177,0.626561,-9.374688,129.395355,15.770443,-0.741154,0.06732,0.505707,-0.436371,-12.651971,129.425766,-0.882035,-0.65885,-0.572482,0.188692,0.450084,-1.983254,117.38446,-16.254858,0.219715,0.272527,-0.640621,-0.683417,6.314813,145.443741,-8.157977,-0.097417,0.921858,0.017873,0.374658,-4.085915,129.673279,21.087503,0.435649,0.895956,0.086404,0.002654,7.799233,132.494293,32.87019,-0.161597,0.431948,0.514292,-0.723057,21.604332,115.113426,31.300835,0.003354,0.223265,0.66191,-0.715553,19.192801,136.88118,20.003582,0.053742,0.926515,0.134264,0.347354,-4.596138,86.218735,7.818134,0.10473,0.969845,-0.011618,0.219767,-4.82473,51.516956,-2.544555,-0.033178,0.942445,0.045577,0.329574,-14.678535,5.250472,-3.656346,-0.090617,0.895477,-0.107413,0.422342,8.338198,87.04953,21.590563,-0.008116,0.907777,-0.146383,0.392998,10.929903,52.263283,31.329727,-0.018978,0.893326,0.012468,0.448835,6.183013,6.980106,44.206928,-0.033178,0.942445,0.045577,0.329574,-5.341114,0.671824,-15.093777,-0.018978,0.893326,0.012468,0.448835,17.827869,1.397612,35.709911
105,0.875,-0.02693,0.917545,0.006879,0.396659,1.872588,86.632919,14.705639,-0.120553,0.906498,0.146195,0.377301,1.447086,94.374893,14.637863,-0.02166,0.923227,0.003299,0.38363,-5.450003,113.84034,18.288612,0.07794,0.952871,0.08762,0.279796,-6.353589,135.067978,18.064919,0.01169,0.988921,0.013831,0.147331,-3.860934,149.555038,19.585518,-0.104158,0.761693,0.128168,0.626536,-9.376803,129.389999,15.767196,-0.741134,0.067297,0.505709,-0.436405,-12.655902,129.422791,-0.88492,-0.658884,-0.572514,0.188636,0.450018,-1.987132,117.381516,-16.257725,0.219838,0.272614,-0.64064,-0.683326,6.310063,145.440918,-8.16037,-0.097482,0.921871,0.01776,0.374614,-4.088153,129.671158,21.084209,0.435638,0.895972,0.086295,0.002798,7.797676,132.495728,32.865353,-0.161755,0.432076,0.514186,-0.723021,21.603159,115.114464,31.303883,0.003207,0.223349,0.661936,-0.715504,19.191607,136.88266,20.005655,0.0538,0.926535,0.134223,0.347307,-4.59415,86.217216,7.819038,0.104716,0.969866,-0.01158,0.219685,-4.828215,51.515091,-2.542388,-0.033356,0.942434,0.045577,0.329587,-14.680074,5.248249,-3.656514,-0.09065,0.895466,-0.107351,0.422374,8.339325,87.048622,21.592239,-0.008075,0.907766,-0.146419,0.393011,10.934734,52.261829,31.32851,-0.018966,0.893341,0.012481,0.448807,6.182696,6.979588,44.207127,-0.033356,0.942434,0.045577,0.329587,-5.340573,0.671422,-15.092975,-0.018966,0.893341,0.012481,0.448807,17.82695,1.397268,35.709167
106,0.883333,-0.026949,0.917542,0.006936,0.396664,1.874588,86.63176,14.707697,-0.120686,0.906496,0.146179,0.377268,1.448462,94.373711,14.640613,-0.021616,0.923246,0.003256,0.383587,-5.454953,113.842865,18.289705,0.077886,0.95288,0.087653,0.279768,-6.356113,135.070587,18.065079,0.011618,0.988922,0.013859,0.147328,-3.865264,149.557907,19.586082,-0.104341,0.761718,0.128011,0.626507,-9.380193,129.392868,15.767908,-0.741093,0.067181,0.505727,-0.436472,-12.659231,129.417374,-0.884227,-0.658882,-0.572523,0.188654,0.450001,-1.990579,117.378174,-16.258739,0.219845,0.272615,-0.640575,-0.683384,6.30553,145.438202,-8.162414,-0.097438,0.92188,0.017705,0.374607,-4.091022,129.67366,21.084419,0.435693,0.895945,0.086294,0.002841,7.795277,132.497589,32.865234,-0.161787,0.432165,0.514217,-0.722938,21.598616,115.114471,31.305269,0.003192,0.223419,0.661898,-0.715517,19.192413,136.883102,20.006687,0.053772,0.926527,0.134251,0.347323,-4.592045,86.216156,7.820997,0.104766,0.969886,-0.011566,0.219569,-4.82332,51.514362,-2.541596,-0.033244,0.942448,0.045593,0.329558,-14.679549,5.248478,-3.656946,-0.090687,0.895431,-0.107295,0.422454,8.341221,87.047371,21.594397,-0.008009,0.907813,-0.146436,0.392896,10.939926,52.26022,31.328482,-0.018891,0.89334,0.012516,0.44881,6.183297,6.978333,44.206619,-0.033244,0.942448,0.045593,0.329558,-5.341825,0.670919,-15.094558,-0.018891,0.89334,0.012516,0.44881,17.827011,1.395938,35.707977
107,0.891667,-0.027002,0.917532,0.006974,0.396682,1.877576,86.630226,14.710114,-0.120727,0.906506,0.146169,0.377237,1.450462,94.372116,14.643245,-0.021782,0.92325,0.0032,0.383569,-5.453483,113.838997,18.291147,0.077978,0.952878,0.0876,0.279765,-6.36027,135.066422,18.061657,0.011455,0.988923,0.014001,0.147325,-3.866405,149.553314,19.581881,-0.104315,0.761658,0.128173,0.626552,-9.382921,129.38736,15.765895,-0.741089,0.067251,0.505823,-0.436357,-12.660241,129.416382,-0.886574,-0.658875,-0.572498,0.188628,0.450055,-1.996308,117.375626,-16.26314,0.219948,0.272665,-0.640711,-0.683203,6.302158,145.43428,-8.164486,-0.097502,0.921879,0.017562,0.3746,-4.09365,129.670792,21.082167,0.435707,0.895943,0.086241,0.002956,7.792416,132.49852,32.862305,-0.161888,0.432295,0.514177,-0.722866,21.595175,115.114464,31.307903,0.003148,0.223519,0.661867,-0.715514,19.192499,136.88327,20.00832,0.053788,0.926539,0.134274,0.34728,-4.588733,86.213997,7.823144,0.104784,0.970075,-0.011386,0.218737,-4.820961,51.51276,-2.541301,-0.033421,0.942447,0.045546,0.329548,-14.676099,5.246842,-3.665035,-0.090683,0.895452,-0.107261,0.422418,8.343884,87.046448,21.597082,-0.007977,0.907769,-0.146434,0.393,10.943758,52.258705,31.328747,-0.018952,0.893344,0.012486,0.448801,6.182927,6.976727,44.205029,-0.033421,0.942447,0.045546,0.329548,-5.336952,0.669768,-15.101686,-0.018952,0.893344,0.012486,0.448801,17.826946,1.394349,35.706787
108,0.9,-0.027033,0.917532,0.006963,0.396682,1.879377,86.630615,14.713782,-0.120847,0.90651,0.14611,0.377212,1.451885,94.372482,14.646563,-0.02182,0.92326,0.003183,0.383543,-5.457075,113.843155,18.291273,0.078078,0.952852,0.087791,0.279766,-6.365058,135.070526,18.060503,0.011346,0.988926,0.013939,0.147316,-3.86997,149.556549,19.586967,-0.104454,0.761672,0.128047,0.626537,-9.387519,129.391144,15.76526,-0.741104,0.067308,0.505826,-0.43632,-12.664485,129.413757,-0.88729,-0.658845,-0.572467,0.188705,0.450106,-2.00103,117.371841,-16.26329,0.219805,0.272639,-0.640607,-0.683357,6.297847,145.430878,-8.166387,-0.097426,0.921885,0.01758,0.374603,-4.097972,129.675201,21.081226,0.435716,0.89594,0.086223,0.003055,7.788514,132.500366,32.861561,-0.161899,0.43238,0.514157,-0.722827,21.590918,115.115631,31.311413,0.003128,0.223588,0.661906,-0.715458,19.190805,136.883514,20.009825,0.053825,0.926567,0.134296,0.347189,-4.586907,86.21376,7.826828,0.104789,0.970082,-0.011375,0.218702,-4.822038,51.513256,-2.54,-0.033436,0.942452,0.045522,0.329536,-14.677424,5.247411,-3.664545,-0.090675,0.895483,-0.107163,0.42238,8.34566,87.047462,21.600737,-0.007873,0.907913,-0.146509,0.392642,10.948507,52.258091,31.325775,-0.019075,0.893346,0.012423,0.448794,6.181068,6.978035,44.206367,-0.033436,0.942452,0.045522,0.329536,-5.338497,0.669839,-15.101176,-0.019075,0.893346,0.012423,0.448794,17.82593,1.395668,35.709274
109,0.908333,-0.027149,0.917543,0.007094,0.396645,1.884171,86.629166,14.71653,-0.120939,0.906513,0.146053,0.377195,1.454228,94.370911,14.65047,-0.021917,0.923257,0.003193,0.383543,-5.458104,113.84375,18.292124,0.078059,0.952865,0.087807,0.279725,-6.370056,135.070938,18.060171,0.011315,0.988938,0.013991,0.147235,-3.875626,149.557053,19.586763,-0.104547,0.761631,0.128007,0.62658,-9.391447,129.390869,15.765238,-0.741058,0.067301,0.505859,-0.436361,-12.665908,129.410583,-0.887805,-0.658837,-0.572475,0.188751,0.450089,-2.003903,117.367493,-16.263884,0.219822,0.272651,-0.640655,-0.683301,6.293396,145.427628,-8.169168,-0.097431,0.921884,0.017571,0.374605,-4.10197,129.676193,21.081203,0.435654,0.895956,0.086367,0.003135,7.784438,132.501602,32.861553,-0.161888,0.432409,0.514145,-0.722821,21.589218,115.118706,31.312052,0.003067,0.223715,0.662016,-0.715316,19.189747,136.885529,20.009399,0.053801,0.92663,0.134361,0.347002,-4.582547,86.211273,7.830046,0.104854,0.970215,-0.011293,0.218084,-4.8165,51.511837,-2.540392,-0.033359,0.942434,0.045593,0.329586,-14.676849,5.24711,-3.667559,-0.090658,0.895488,-0.107179,0.422368,8.350888,87.047058,21.603014,-0.007873,0.907824,-0.14649,0.392855,10.952308,52.257717,31.328562,-0.018924,0.893362,0.012498,0.448765,6.182547,6.977114,44.206387,-0.033359,0.942434,0.045593,0.329586,-5.337294,0.670749,-15.104161,-0.018924,0.893362,0.012498,0.448765,17.825661,1.394665,35.706955
110,0.916667,-0.027192,0.91754,0.007148,0.396648,1.887262,86.629486,14.717645,-0.120956,0.906515,0.146008,0.377202,1.456373,94.371185,14.652093,-0.022161,0.923239,0.00325,0.383573,-5.454005,113.838936,18.290718,0.078047,0.952878,0.087695,0.279718,-6.376439,135.065643,18.056982,0.011319,0.98894,0.01414,0.147204,-3.881406,149.552017,19.580278,-0.10445,0.761586,0.128178,0.626615,-9.394865,129.383896,15.762302,-0.741028,0.067385,0.50584,-0.436419,-12.668523,129.410065,-0.890891,-0.658849,-0.572494,0.188771,0.450038,-2.006184,117.363319,-16.263885,0.21982,0.272634,-0.640668,-0.683297,6.289291,145.424622,-8.171325,-0.097487,0.921885,0.01747,0.374591,-4.105892,129.672272,21.078604,0.435591,0.895997,0.086256,0.003216,7.7805,132.500748,32.858242,-0.162039,0.432597,0.514035,-0.722753,21.587673,115.11924,31.314362,0.002951,0.223805,0.661934,-0.715364,19.190559,136.88562,20.00918,0.053847,0.926634,0.134368,0.346979,-4.579362,86.21125,7.831095,0.104847,0.970071,-0.011427,0.21872,-4.816518,51.512302,-2.540911,-0.033354,0.942444,0.045576,0.329559,-14.678245,5.247721,-3.66208,-0.090654,0.895482,-0.107151,0.42239,8.353888,87.047722,21.604195,-0.007832,0.907882,-0.146529,0.392707,10.955693,52.257896,31.327877,-0.018879,0.893371,0.012492,0.44875,6.183031,6.978345,44.208294,-0.033354,0.942444,0.045576,0.329559,-5.339433,0.670814,-15.099071,-0.018879,0.893371,0.012492,0.44875,17.825356,1.395137,35.708279
111,0.925,-0.027241,0.917557,0.007173,0.396606,1.888956,86.628815,14.720477,-0.121015,0.90652,0.145913,0.377208,1.457215,94.370468,14.654997,-0.022251,0.923226,0.003263,0.383598,-5.454258,113.839676,18.289232,0.078035,0.952867,0.087841,0.279712,-6.380448,135.066208,18.054537,0.011299,0.988948,0.014116,0.147155,-3.886966,149.552414,19.581854,-0.104522,0.761634,0.12807,0.626568,-9.397736,129.38382,15.759929,-0.741095,0.067455,0.505832,-0.436304,-12.672916,129.405441,-0.892973,-0.658794,-0.572478,0.188828,0.450116,-2.01064,117.358932,-16.266191,0.219812,0.272547,-0.640765,-0.683243,6.284672,145.420105,-8.173005,-0.097603,0.921871,0.017604,0.374589,-4.109113,129.67337,21.076519,0.435571,0.895999,0.086331,0.003336,7.776552,132.503723,32.856438,-0.161971,0.432632,0.514022,-0.722756,21.584482,115.12252,31.315977,0.00294,0.223902,0.662076,-0.715202,19.18832,136.886978,20.007847,0.053796,0.926697,0.134443,0.34679,-4.578249,86.209908,7.834513,0.104911,0.970064,-0.011433,0.21872,-4.812116,51.512039,-2.541146,-0.033356,0.942425,0.045563,0.329615,-14.679724,5.248737,-3.663029,-0.090678,0.89549,-0.107122,0.422374,8.356161,87.047729,21.606441,-0.007749,0.907911,-0.146547,0.392634,10.960554,52.257751,31.328926,-0.019029,0.893352,0.012422,0.448782,6.181112,6.978571,44.20816,-0.033356,0.942425,0.045563,0.329615,-5.339579,0.671538,-15.098812,-0.019029,0.893352,0.012422,0.448782,17.825266,1.395556,35.710522
112,0.933333,-0.027277,0.917557,0.007168,0.396603,1.891704,86.628517,14.722732,-0.121205,0.9065,0.145872,0.377211,1.459484,94.370132,14.656957,-0.022221,0.92322,0.003209,0.383615,-5.459596,113.841019,18.28706,0.077971,0.952862,0.087975,0.279704,-6.383701,135.067627,18.050726,0.01134,0.988953,0.01412,0.147121,-3.893101,149.553986,19.581327,-0.104594,0.761666,0.128025,0.626526,-9.401458,129.385376,15.756434,-0.741071,0.067575,0.505758,-0.436413,-12.677896,129.4039,-0.896221,-0.658819,-0.57248,0.188907,0.450042,-2.012985,117.352509,-16.263773,0.219725,0.272457,-0.640729,-0.683341,6.280348,145.41597,-8.176526,-0.097557,0.921849,0.017557,0.374658,-4.113008,129.674805,21.0732,0.435531,0.896021,0.086303,0.003386,7.771214,132.504196,32.854801,-0.161984,0.43272,0.513998,-0.722718,21.580673,115.123962,31.317055,0.003051,0.223982,0.662014,-0.715235,19.187033,136.887207,20.00692,0.053803,0.926657,0.134488,0.346878,-4.575505,86.208939,7.836813,0.104946,0.970194,-0.01133,0.218132,-4.807702,51.512001,-2.542013,-0.033298,0.942434,0.045552,0.329598,-14.677053,5.249176,-3.668115,-0.090658,0.895491,-0.107106,0.42238,8.358913,87.048088,21.60865,-0.007728,0.907921,-0.146526,0.392619,10.962438,52.257622,31.329573,-0.018971,0.893367,0.012485,0.448753,6.182213,6.977818,44.206299,-0.033298,0.942434,0.045552,0.329598,-5.337924,0.671069,-15.104363,-0.018971,0.893367,0.012485,0.448753,17.825531,1.395658,35.706955
113,0.941667,-0.027318,0.91758,0.00713,0.396548,1.892678,86.628296,14.725417,-0.121292,0.9065,0.145821,0.377205,1.460105,94.369888,14.658873,-0.022311,0.92321,0.003256,0.383634,-5.461796,113.841507,18.285891,0.077982,0.952851,0.088063,0.279711,-6.390177,135.067932,18.049891,0.011343,0.988955,0.014076,0.147108,-3.899991,149.554092,19.583092,-0.104658,0.761685,0.12797,0.626503,-9.406693,129.385117,15.755376,-0.741023,0.067587,0.505713,-0.436546,-12.683651,129.40062,-0.897186,-0.658872,-0.572478,0.188929,0.449958,-2.016766,117.34687,-16.261524,0.219723,0.272404,-0.640852,-0.683247,6.27623,145.411713,-8.17873,-0.097587,0.921862,0.017569,0.374618,-4.118519,129.675507,21.072365,0.435549,0.896018,0.086237,0.003404,7.766529,132.505753,32.85294,-0.161928,0.432748,0.514019,-0.722698,21.575291,115.124802,31.317118,0.003154,0.223967,0.662172,-0.715092,19.183893,136.887543,20.005041,0.053775,0.926673,0.134559,0.346812,-4.575329,86.207703,7.840306,0.104955,0.970177,-0.011351,0.218205,-4.804598,51.511925,-2.542459,-0.033258,0.942461,0.045529,0.329527,-14.675122,5.249328,-3.66757,-0.09062,0.895499,-0.107084,0.422378,8.360684,87.048882,21.610529,-0.007733,0.907886,-0.146528,0.392699,10.962522,52.257572,31.328892,-0.019006,0.893357,0.012425,0.448775,6.181577,6.977826,44.205559,-0.033258,0.942461,0.045529,0.329527,-5.338155,0.670146,-15.105157,-0.019006,0.893357,0.012425,0.448775,17.82538,1.394602,35.707577
114,0.95,-0.027364,0.917587,0.007102,0.396528,1.89449,86.627876,14.728041,-0.121373,0.906504,0.145777,0.377184,1.46144,94.369438,14.66083,-0.022453,0.923209,0.003321,0.383627,-5.462955,113.841309,18.285135,0.078028,0.952862,0.088009,0.279679,-6.397997,135.067444,18.049374,0.01142,0.988963,0.014095,0.147047,-3.906093,149.553436,19.581305,-0.104777,0.761653,0.128076,0.6265,-9.412763,129.383698,15.754841,-0.741024,0.067629,0.505715,-0.436533,-12.689002,129.398514,-0.897858,-0.658915,-0.572441,0.18896,0.44993,-2.022494,117.34359,-16.261536,0.219802,0.272411,-0.640873,-0.6832,6.272394,145.408966,-8.182477,-0.097614,0.921887,0.017517,0.374552,-4.124605,129.675705,21.071758,0.435516,0.896043,0.086143,0.003449,7.761938,132.507584,32.850422,-0.161947,0.432831,0.513961,-0.722685,21.571953,115.127304,31.31834,0.003216,0.224058,0.662183,-0.715053,19.181166,136.888763,20.003626,0.053735,0.926682,0.13462,0.346771,-4.57376,86.206284,7.843223,0.105023,0.970149,-0.011371,0.218293,-4.799233,51.511364,-2.542517,-0.033252,0.942456,0.045505,0.329546,-14.676232,5.250159,-3.66814,-0.090602,0.895516,-0.107099,0.422341,8.362741,87.049469,21.612858,-0.007708,0.907895,-0.146513,0.392684,10.963336,52.258144,31.331516,-0.019035,0.893376,0.012407,0.448735,6.181006,6.977945,44.206108,-0.033252,0.942456,0.045505,0.329546,-5.33893,0.670248,-15.105157,-0.019035,0.893376,0.012407,0.448735,17.824257,1.394621,35.707436
115,0.958333,-0.027394,0.917583,0.007017,0.396536,1.896686,86.628342,14.730605,-0.121442,0.906509,0.145756,0.377159,1.463729,94.369896,14.662004,-0.022584,0.923211,0.0033,0.383615,-5.463608,113.843414,18.284971,0.078069,0.952849,0.088133,0.279672,-6.403431,135.069305,18.046265,0.011442,0.988967,0.014058,0.14702,-3.911401,149.554871,19.582012,-0.104933,0.761698,0.128069,0.626422,-9.416969,129.384567,15.752593,-0.741039,0.067686,0.505637,-0.43659,-12.695423,129.394669,-0.899675,-0.658962,-0.572451,0.188975,0.449842,-2.025743,117.338097,-16.259855,0.219915,0.27234,-0.6409,-0.683166,6.268095,145.404892,-8.1847,-0.09763,0.921893,0.017538,0.374531,-4.128759,129.678497,21.069351,0.435478,0.896059,0.086161,0.003568,7.75821,132.51062,32.847523,-0.161883,0.432866,0.51392,-0.722708,21.569654,115.131081,31.319967,0.003272,0.224115,0.662183,-0.715036,19.178242,136.890701,20.001499,0.05377,0.926661,0.13462,0.346824,-4.571407,86.205597,7.845709,0.105011,0.97017,-0.01135,0.218205,-4.798621,51.510956,-2.54091,-0.033241,0.942479,0.045541,0.329477,-14.6742,5.249458,-3.667256,-0.090585,0.895498,-0.107107,0.422381,8.36478,87.051086,21.615501,-0.007709,0.907855,-0.146483,0.392788,10.963598,52.25967,31.334301,-0.018904,0.893363,0.012434,0.448765,6.180937,6.978655,44.205875,-0.033241,0.942479,0.045541,0.329477,-5.338558,0.670405,-15.105976,-0.018904,0.893363,0.012434,0.448765,17.823542,1.394306,35.706985
116,0.966667,-0.027413,0.917578,0.006997,0.396547,1.898556,86.628708,14.732453,-0.121501,0.906531,0.145723,0.3771,1.465455,94.370247,14.663436,-0.022705,0.923237,0.003329,0.383546,-5.463301,113.843468,18.284649,0.078035,0.952866,0.088158,0.279614,-6.408366,135.069107,18.045183,0.011503,0.988973,0.01406,0.14698,-3.917499,149.554855,19.581158,-0.105209,0.7617,0.128059,0.626374,-9.420847,129.38353,15.752198,-0.741149,0.067663,0.505639,-0.436405,-12.699368,129.386078,-0.900058,-0.658869,-0.572442,0.189069,0.449949,-2.029645,117.334023,-16.263742,0.219989,0.272294,-0.640925,-0.683137,6.262639,145.401031,-8.187796,-0.097689,0.921878,0.017506,0.374554,-4.131926,129.678986,21.068163,0.435435,0.896068,0.086291,0.003617,7.754049,132.513336,32.846806,-0.161814,0.432858,0.51393,-0.722722,21.56715,115.135147,31.318888,0.003317,0.224179,0.662163,-0.715033,19.175941,136.893402,19.998999,0.053784,0.926622,0.134581,0.346938,-4.569359,86.205475,7.84742,0.105048,0.970182,-0.011301,0.218138,-4.797226,51.510204,-2.537063,-0.033255,0.942456,0.04555,0.329539,-14.675241,5.249348,-3.668049,-0.09058,0.895509,-0.107153,0.422346,8.366471,87.051933,21.617487,-0.007669,0.907902,-0.146461,0.39269,10.963894,52.261173,31.339001,-0.018803,0.89337,0.012452,0.448756,6.180033,6.97948,44.207726,-0.033255,0.942456,0.04555,0.329539,-5.337951,0.670719,-15.105589,-0.018803,0.89337,0.012452,0.448756,17.821507,1.394238,35.707878
117,0.975,-0.02745,0.917561,0.007025,0.396584,1.901726,86.629578,14.733148,-0.121533,0.90655,0.145702,0.377052,1.46793,94.371078,14.664285,-0.022821,0.923265,0.003435,0.383471,-5.461931,113.845375,18.284767,0.077578,0.952951,0.088038,0.279492,-6.413285,135.07077,18.047649,0.011794,0.988978,0.014126,0.146911,-3.93421,149.559326,19.576107,-0.105306,0.761753,0.128025,0.626301,-9.424467,129.384537,15.754568,-0.741134,0.067643,0.505684,-0.436381,-12.705413,129.383347,-0.897209,-0.658876,-0.572393,0.189138,0.449974,-2.037582,117.331657,-16.262503,0.22002,0.272277,-0.640983,-0.683079,6.256573,145.399124,-8.189908,-0.097826,0.921885,0.017582,0.374499,-4.134762,129.681,21.069696,0.435397,0.896107,0.086077,0.003506,7.751711,132.518692,32.847031,-0.161818,0.432876,0.513828,-0.722782,21.566326,115.141701,31.318989,0.003405,0.224359,0.6622,-0.714942,19.170721,136.898636,19.996189,0.053815,0.926613,0.134546,0.346971,-4.565599,86.205933,7.847588,0.105056,0.970173,-0.011301,0.218176,-4.79609,51.510208,-2.53535,-0.033196,0.942466,0.045572,0.329514,-14.674801,5.249512,-3.666842,-0.090567,0.895514,-0.107197,0.422328,8.369051,87.053223,21.618708,-0.007638,0.907935,-0.146442,0.392619,10.964445,52.262962,31.342566,-0.018791,0.893381,0.012472,0.448734,6.179622,6.980711,44.208969,-0.033196,0.942466,0.045572,0.329514,-5.338655,0.670871,-15.105311,-0.018791,0.893381,0.012472,0.448734,17.820635,1.395833,35.708256
118,0.983333,-0.027492,0.917533,0.007008,0.396646,1.905594,86.631126,14.735004,-0.12158,0.906567,0.145663,0.37701,1.471301,94.372597,14.665619,-0.022972,0.92329,0.003549,0.3834,-5.459283,113.846191,18.284052,0.077557,0.952963,0.088073,0.279445,-6.418419,135.071259,18.049015,0.011793,0.988982,0.014057,0.146896,-3.940233,149.559906,19.578144,-0.105459,0.7618,0.128078,0.626207,-9.427879,129.38414,15.755881,-0.741094,0.067601,0.505617,-0.436534,-12.711692,129.379517,-0.895332,-0.658877,-0.57242,0.189232,0.449898,-2.040607,117.327225,-16.257883,0.220016,0.272143,-0.641048,-0.683073,6.249465,145.397476,-8.190929,-0.097903,0.921863,0.017509,0.374535,-4.137464,129.682053,21.070221,0.435334,0.896147,0.085979,0.003431,7.747582,132.52298,32.848213,-0.161788,0.432822,0.513815,-0.72283,21.564653,115.148018,31.319321,0.003709,0.224371,0.662246,-0.714894,19.166044,136.904785,19.996494,0.05384,0.926597,0.134524,0.347018,-4.560753,86.206642,7.848578,0.105094,0.970155,-0.011299,0.218234,-4.79292,51.510693,-2.533552,-0.033159,0.942463,0.045606,0.32952,-14.674926,5.250737,-3.666626,-0.09053,0.89553,-0.107247,0.422289,8.371942,87.055603,21.621429,-0.007649,0.907905,-0.146382,0.392711,10.963861,52.265652,31.347292,-0.018792,0.893401,0.012443,0.448694,6.180902,6.981736,44.208546,-0.033159,0.942463,0.045606,0.32952,-5.338892,0.672688,-15.105423,-0.018792,0.893401,0.012443,0.448694,17.821032,1.396117,35.707111
119,0.991667,-0.027496,0.917491,0.006961,0.396743,1.907564,86.632034,14.736035,-0.12166,0.90659,0.145653,0.376934,1.473511,94.373512,14.665898,-0.023079,0.92334,0.003648,0.383272,-5.46115,113.850723,18.283997,0.077568,0.952987,0.088109,0.27935,-6.426138,135.075562,18.05122,0.011837,0.988992,0.013954,0.146832,-3.947945,149.564117,19.581121,-0.10568,0.761802,0.12801,0.626181,-9.434685,129.387833,15.758387,-0.741083,0.067494,0.505676,-0.4365,-12.718056,129.375961,-0.89291,-0.658811,-0.572386,0.189339,0.449993,-2.048977,117.326828,-16.259354,0.219971,0.272034,-0.641117,-0.683066,6.241043,145.39743,-8.193538,-0.097897,0.921888,0.017543,0.374475,-4.142876,129.686691,21.071287,0.435286,0.896177,0.085918,0.003408,7.743751,132.527115,32.847809,-0.161688,0.432837,0.513749,-0.722891,21.562693,115.15361,31.319338,0.00371,0.224394,0.662178,-0.71495,19.161385,136.907516,19.991655,0.053873,0.926544,0.134455,0.347182,-4.557324,86.207161,7.848261,0.105118,0.970187,-0.011234,0.218087,-4.791683,51.510109,-2.53016,-0.03326,0.942461,0.045589,0.32952,-14.674753,5.250499,-3.668179,-0.090517,0.89553,-0.107208,0.422302,8.372453,87.056915,21.62381,-0.00761,0.907964,-0.146388,0.392575,10.964589,52.266182,31.346834,-0.018837,0.893384,0.012379,0.448729,6.179982,6.982368,44.207836,-0.03326,0.942461,0.045589,0.32952,-5.33777,0.673005,-15.106428,-0.018837,0.893384,0.012379,0.448729,17.820942,1.395714,35.708218
120,1.0,-0.02754,0.91746,0.006908,0.396814,1.909343,86.632072,14.738585,-0.121644,0.906615,0.145647,0.376881,1.474999,94.373528,14.667392,-0.023331,0.923361,0.00369,0.383206,-5.457116,113.846382,18.285084,0.077553,0.952998,0.088185,0.279291,-6.432697,135.070709,18.049932,0.01182,0.989002,0.013913,0.146769,-3.955554,149.559265,19.581627,-0.105586,0.761862,0.12809,0.626108,-9.438727,129.38121,15.758186,-0.741008,0.067445,0.505637,-0.436681,-12.725863,129.37294,-0.892368,-0.658796,-0.572396,0.189458,0.449951,-2.054729,117.322365,-16.256241,0.219769,0.271962,-0.64114,-0.683138,6.23183,145.395676,-8.196213,-0.098067,0.921866,0.017535,0.374483,-4.146337,129.683334,21.07032,0.435164,0.896253,0.085748,0.003361,7.738936,132.529114,32.846909,-0.161679,0.432862,0.513614,-0.722974,21.562632,115.159225,31.320358,0.003796,0.224424,0.662125,-0.71499,19.155546,136.910385,19.988737,0.053813,0.926599,0.13448,0.347035,-4.554438,86.206062,7.849844,0.105171,0.970221,-0.011201,0.21791,-4.785794,51.509048,-2.528757,-0.03316,0.942467,0.04561,0.32951,-14.673162,5.250415,-3.669163,-0.090493,0.895541,-0.107196,0.422287,8.373125,87.058083,21.627327,-0.007581,0.908002,-0.146369,0.392494,10.964268,52.26685,31.348804,-0.018806,0.893392,0.012329,0.448714,6.178993,6.982481,44.207607,-0.03316,0.942467,0.04561,0.32951,-5.337355,0.672468,-15.108189,-0.018806,0.893392,0.012329,0.448714,17.819118,1.394127,35.707962
121,1.008333,-0.027579,0.917436,0.006931,0.396865,1.911031,86.631622,14.739545,-0.121734,0.906615,0.145606,0.376868,1.475998,94.373039,14.668426,-0.023427,0.92337,0.003754,0.383176,-5.459148,113.846375,18.28335,0.077637,0.952988,0.08814,0.279316,-6.439532,135.07048,18.049183,0.011686,0.988993,0.013902,0.146842,-3.959651,149.558609,19.580378,-0.105721,0.76186,0.128164,0.626072,-9.444432,129.380402,15.757385,-0.740887,0.067361,0.505616,-0.436923,-12.732136,129.370087,-0.893061,-0.658748,-0.572453,0.189569,0.449903,-2.059554,117.317558,-16.254398,0.219565,0.271848,-0.641288,-0.683111,6.220509,145.393906,-8.198333,-0.098139,0.921858,0.017503,0.374486,-4.151758,129.683502,21.069187,0.434958,0.896353,0.08574,0.003459,7.732977,132.531921,32.845684,-0.161488,0.432903,0.513398,-0.723145,21.564615,115.167938,31.323975,0.003668,0.22448,0.662041,-0.71505,19.148436,136.911575,19.980911,0.053864,0.926495,0.134414,0.347332,-4.551932,86.205139,7.850063,0.105191,0.970216,-0.011166,0.217926,-4.785052,51.507229,-2.525475,-0.033294,0.942463,0.045572,0.329511,-14.673516,5.248925,-3.669611,-0.090479,0.895558,-0.107206,0.422252,8.373995,87.058105,21.629026,-0.007585,0.907995,-0.146338,0.392522,10.96431,52.266838,31.350595,-0.018963,0.893388,0.012237,0.44872,6.180176,6.981602,44.206776,-0.033294,0.942463,0.045572,0.329511,-5.336446,0.671284,-15.10773,-0.018963,0.893388,0.012237,0.44872,17.821583,1.392964,35.709072
122,1.016667,-0.027578,0.917406,0.006873,0.396936,1.912028,86.632118,14.742624,-0.121823,0.906608,0.145571,0.376869,1.477362,94.373543,14.670643,-0.02348,0.923376,0.003815,0.383158,-5.460517,113.846298,18.282763,0.077536,0.952997,0.088196,0.279297,-6.443978,135.070282,18.050156,0.011651,0.988996,0.013829,0.146835,-3.967392,149.558914,19.582058,-0.105748,0.761885,0.128206,0.626029,-9.448145,129.379944,15.758074,-0.740837,0.067327,0.505661,-0.436961,-12.737478,129.369522,-0.892048,-0.658626,-0.572467,0.18974,0.449991,-2.066727,117.316566,-16.254326,0.219327,0.271762,-0.641322,-0.683189,6.208395,145.394974,-8.200302,-0.098238,0.921855,0.017526,0.374467,-4.155305,129.683411,21.069685,0.434885,0.896397,0.085645,0.003424,7.729255,132.534637,32.84568,-0.161492,0.432939,0.513308,-0.723187,21.563723,115.172829,31.324694,0.003744,0.224508,0.66175,-0.71531,19.144585,136.913956,19.979195,0.053861,0.926467,0.134402,0.347412,-4.549877,86.205223,7.852177,0.105215,0.970233,-0.011126,0.217839,-4.782183,51.507042,-2.522524,-0.033368,0.94248,0.045507,0.329464,-14.6721,5.249128,-3.669939,-0.090489,0.895536,-0.107178,0.422303,8.373932,87.059006,21.633072,-0.007579,0.907983,-0.146318,0.392557,10.965219,52.267433,31.353313,-0.018642,0.893379,0.012342,0.448748,6.180858,6.981653,44.20747,-0.033368,0.94248,0.045507,0.329464,-5.335585,0.670419,-15.108079,-0.018642,0.893379,0.012342,0.448748,17.819973,1.391477,35.707645
123,1.025,-0.027611,0.91739,0.006907,0.39697,1.913722,86.632904,14.743516,-0.121935,0.906592,0.145568,0.376874,1.47839,94.374298,14.671808,-0.023507,0.923377,0.003882,0.383155,-5.464075,113.847176,18.282139,0.077444,0.953023,0.088198,0.279231,-6.449705,135.071075,18.051731,0.011653,0.989013,0.01379,0.14672,-3.975709,149.560242,19.582712,-0.105749,0.761902,0.128136,0.626023,-9.453316,129.380661,15.759092,-0.740784,0.067224,0.505726,-0.436991,-12.742901,129.368622,-0.890975,-0.658507,-0.572521,0.189834,0.450057,-2.074467,117.317268,-16.256111,0.219247,0.271701,-0.641368,-0.683196,6.194726,145.397018,-8.200681,-0.09835,0.92189,0.01771,0.374342,-4.16045,129.684128,21.070679,0.434937,0.8964,0.085365,0.003276,7.726527,132.536728,32.843903,-0.161717,0.432984,0.513292,-0.723122,21.559044,115.173424,31.32225,0.003923,0.224543,0.661595,-0.715442,19.140669,136.92041,19.98057,0.053881,0.926398,0.134367,0.347605,-4.547641,86.205727,7.852578,0.105238,0.970225,-0.011124,0.217866,-4.780034,51.507019,-2.520347,-0.033164,0.942473,0.045601,0.329494,-14.671993,5.249566,-3.668725,-0.090478,0.895577,-0.107222,0.422208,8.375085,87.060089,21.634453,-0.007567,0.907989,-0.146292,0.392553,10.965313,52.269043,31.356876,-0.018802,0.893379,0.012315,0.448742,6.18093,6.982514,44.208412,-0.033164,0.942473,0.045601,0.329494,-5.33655,0.671414,-15.107968,-0.018802,0.893379,0.012315,0.448742,17.821455,1.393744,35.709583
124,1.033333,-0.027691,0.917371,0.006932,0.397008,1.916008,86.632446,14.745599,-0.122036,0.906572,0.145541,0.376898,1.479389,94.373772,14.673737,-0.023523,0.923366,0.003917,0.383179,-5.467423,113.84832,18.281666,0.077434,0.953021,0.08824,0.279227,-6.454222,135.072189,18.052349,0.011533,0.989021,0.013728,0.146682,-3.980846,149.56134,19.584438,-0.105791,0.76193,0.128211,0.625965,-9.457399,129.381729,15.759249,-0.74075,0.067129,0.505797,-0.436981,-12.749129,129.369873,-0.8904,-0.65843,-0.572552,0.189885,0.450109,-2.083313,117.320587,-16.258984,0.21923,0.271745,-0.641505,-0.683055,6.182559,145.400879,-8.202073,-0.098424,0.921906,0.017815,0.37428,-4.164823,129.685196,21.071125,0.434821,0.896457,0.08535,0.003296,7.723237,132.538864,32.842999,-0.161744,0.432992,0.513197,-0.723177,21.56023,115.179001,31.322897,0.004003,0.224537,0.661323,-0.715695,19.137447,136.924622,19.979637,0.053919,0.926358,0.134399,0.347693,-4.544703,86.204079,7.854123,0.105274,0.970189,-0.011177,0.218002,-4.777862,51.506306,-2.521896,-0.033172,0.942452,0.045622,0.32955,-14.673988,5.249673,-3.667575,-0.090468,0.895533,-0.107202,0.422308,8.376719,87.060814,21.637075,-0.00754,0.908003,-0.146282,0.392523,10.965819,52.269341,31.358259,-0.018803,0.893368,0.012362,0.448761,6.179858,6.982505,44.208122,-0.033172,0.942452,0.045622,0.32955,-5.337077,0.672215,-15.105894,-0.018803,0.893368,0.012362,0.448761,17.821003,1.394973,35.709328
125,1.041667,-0.027714,0.917366,0.006953,0.397019,1.917324,86.632927,14.747307,-0.122228,0.906539,0.145555,0.376911,1.480246,94.374214,14.675591,-0.023414,0.923365,0.003948,0.383187,-5.475521,113.850929,18.281523,0.077248,0.953042,0.088265,0.2792,-6.458554,135.074997,18.055162,0.011518,0.989027,0.013665,0.146648,-3.990604,149.565155,19.58637,-0.10591,0.761927,0.12815,0.625961,-9.462706,129.385406,15.761224,-0.740699,0.066999,0.505953,-0.436907,-12.753751,129.369141,-0.888553,-0.6583,-0.572578,0.189954,0.450236,-2.094161,117.322937,-16.263861,0.219188,0.271807,-0.641528,-0.683022,6.168287,145.403122,-8.203091,-0.098348,0.921867,0.017671,0.374403,-4.170154,129.68718,21.073217,0.434683,0.896511,0.085491,0.003214,7.715292,132.540085,32.847912,-0.161713,0.432978,0.513145,-0.723229,21.55765,115.184975,31.322346,0.003895,0.224586,0.661185,-0.715807,19.131788,136.927902,19.978008,0.053935,0.926328,0.1344,0.347771,-4.543192,86.204315,7.855664,0.105273,0.970212,-0.011139,0.217905,-4.776515,51.506687,-2.520821,-0.033128,0.942468,0.045598,0.329511,-14.671892,5.249962,-3.668989,-0.090442,0.895557,-0.107221,0.422258,8.37784,87.061539,21.638948,-0.007538,0.907985,-0.146245,0.39258,10.965236,52.270012,31.360418,-0.018813,0.893366,0.012318,0.448767,6.179745,6.982141,44.206799,-0.033128,0.942468,0.045598,0.329511,-5.336413,0.671368,-15.108022,-0.018813,0.893366,0.012318,0.448767,17.820887,1.393609,35.708664
126,1.05,-0.027739,0.917366,0.006955,0.397016,1.91752,86.632004,14.748705,-0.12225,0.906529,0.145568,0.376921,1.480069,94.373276,14.676868,-0.023591,0.923343,0.003932,0.383231,-5.476013,113.847504,18.282457,0.077254,0.953027,0.088279,0.279247,-6.465717,135.071228,18.052534,0.011388,0.989023,0.013673,0.146686,-3.997717,149.561325,19.584375,-0.10569,0.762036,0.128155,0.625865,-9.467846,129.380295,15.759224,-0.740584,0.066798,0.505879,-0.437218,-12.76457,129.369034,-0.889435,-0.658341,-0.57269,0.189923,0.450047,-2.100469,117.324234,-16.262714,0.21924,0.271859,-0.641636,-0.682883,6.154921,145.407288,-8.20474,-0.098413,0.921872,0.017625,0.374373,-4.175919,129.684631,21.071697,0.434416,0.896629,0.0856,0.003431,7.709844,132.540176,32.845432,-0.161699,0.433021,0.512926,-0.723362,21.562445,115.192581,31.327438,0.00386,0.224665,0.660988,-0.715965,19.127403,136.930267,19.977077,0.053934,0.926281,0.134402,0.347894,-4.543019,86.202972,7.857107,0.10529,0.970222,-0.011115,0.217853,-4.774847,51.505375,-2.519523,-0.033137,0.942458,0.045631,0.329535,-14.671365,5.248943,-3.669672,-0.09044,0.895521,-0.107186,0.422343,8.378057,87.061028,21.640301,-0.007526,0.90801,-0.146256,0.392517,10.965491,52.26894,31.359726,-0.018816,0.893365,0.012313,0.44877,6.179381,6.981367,44.206917,-0.033137,0.942458,0.045631,0.329535,-5.335132,0.671357,-15.108496,-0.018816,0.893365,0.012313,0.44877,17.820576,1.392752,35.708908
127,1.058333,-0.027759,0.917354,0.006942,0.397043,1.918786,86.631821,14.750944,-0.122384,0.906514,0.145587,0.376907,1.481131,94.373077,14.678781,-0.023547,0.923355,0.003959,0.383205,-5.481943,113.850609,18.283852,0.077316,0.953032,0.088306,0.279204,-6.470356,135.074402,18.055742,0.011199,0.989039,0.013574,0.146604,-4.000841,149.564117,19.588665,-0.105893,0.762002,0.128274,0.625848,-9.472971,129.38385,15.76214,-0.740518,0.066603,0.505995,-0.437226,-12.76896,129.369904,-0.886661,-0.658242,-0.572752,0.189977,0.450089,-2.108915,117.3293,-16.266035,0.219297,0.271972,-0.641732,-0.68273,6.140921,145.413361,-8.205882,-0.098449,0.921887,0.017743,0.374322,-4.180708,129.687424,21.074322,0.434389,0.896645,0.085576,0.003344,7.706105,132.542694,32.847061,-0.161682,0.432953,0.512889,-0.723433,21.559795,115.196228,31.32616,0.003788,0.224605,0.660914,-0.716052,19.119984,136.933655,19.975883,0.053979,0.926242,0.134408,0.34799,-4.541327,86.202354,7.858977,0.10525,0.970235,-0.011076,0.217817,-4.774906,51.505219,-2.519169,-0.033018,0.942484,0.045682,0.329464,-14.666997,5.247903,-3.671687,-0.090426,0.895478,-0.107177,0.42244,8.378898,87.061295,21.642912,-0.007527,0.907994,-0.146226,0.392565,10.964649,52.268879,31.361637,-0.018702,0.893335,0.012401,0.44883,6.179077,6.980464,44.206055,-0.033018,0.942484,0.045682,0.329464,-5.333506,0.670511,-15.112823,-0.018702,0.893335,0.012401,0.44883,17.820662,1.392626,35.708065
128,1.066667,-0.027806,0.917356,0.006915,0.397035,1.918834,86.630943,14.754042,-0.122374,0.906514,0.145542,0.376928,1.480689,94.372162,14.681212,-0.023727,0.923333,0.004041,0.383246,-5.480115,113.846634,18.283958,0.077215,0.953035,0.08833,0.279214,-6.47691,135.070053,18.056089,0.011104,0.989042,0.01355,0.146594,-4.010424,149.560303,19.588936,-0.105753,0.762078,0.128397,0.625753,-9.477062,129.378342,15.762122,-0.740557,0.066496,0.50599,-0.437182,-12.778081,129.369965,-0.885689,-0.65813,-0.572819,0.190056,0.450135,-2.11717,117.333855,-16.267994,0.219318,0.271989,-0.641817,-0.682636,6.126241,145.419373,-8.206293,-0.09865,0.921874,0.017794,0.374299,-4.185407,129.683929,21.074795,0.434276,0.896689,0.085691,0.003398,7.700657,132.5448,32.846935,-0.161661,0.432906,0.51282,-0.723514,21.55871,115.201782,31.326426,0.00372,0.224581,0.660845,-0.716124,19.113535,136.937164,19.975439,0.053975,0.926254,0.134466,0.347935,-4.541344,86.200462,7.862198,0.105238,0.970232,-0.011106,0.217835,-4.773824,51.504421,-2.519638,-0.033154,0.942504,0.045635,0.329401,-14.665476,5.246934,-3.669361,-0.090427,0.895474,-0.10717,0.422451,8.379012,87.061417,21.645885,-0.007545,0.907949,-0.146177,0.392687,10.96496,52.268898,31.364185,-0.018888,0.893359,0.012342,0.448777,6.18111,6.97915,44.204567,-0.033154,0.942504,0.045635,0.329401,-5.332269,0.66959,-15.110749,-0.018888,0.893359,0.012342,0.448777,17.823334,1.39222,35.706863
129,1.075,-0.027839,0.917337,0.007002,0.397075,1.920234,86.631134,14.754375,-0.12238,0.906504,0.145555,0.376944,1.481081,94.372314,14.682558,-0.023862,0.923321,0.004109,0.383265,-5.480134,113.84642,18.285521,0.077188,0.953014,0.08841,0.279268,-6.483338,135.069534,18.058088,0.01091,0.989033,0.013432,0.146676,-4.018243,149.559784,19.593182,-0.1058,0.762129,0.128594,0.625643,-9.481673,129.376984,15.76387,-0.740517,0.066331,0.506005,-0.437257,-12.787022,129.370895,-0.883083,-0.658048,-0.572869,0.190125,0.450163,-2.125835,117.338348,-16.267981,0.219243,0.271958,-0.641909,-0.682586,6.112464,145.425201,-8.205739,-0.098705,0.92189,0.01782,0.374244,-4.190331,129.684036,21.076771,0.434253,0.896735,0.08532,0.003239,7.696761,132.546371,32.847519,-0.161841,0.432985,0.51267,-0.723534,21.555727,115.203987,31.327898,0.003622,0.224591,0.660765,-0.716195,19.106155,136.94046,19.976267,0.053991,0.926272,0.134437,0.347896,-4.53931,86.200752,7.861928,0.105242,0.970203,-0.011115,0.217961,-4.773998,51.504265,-2.518373,-0.03316,0.942497,0.045638,0.329419,-14.666027,5.246875,-3.668636,-0.090442,0.895476,-0.107151,0.422448,8.379777,87.061523,21.64682,-0.007521,0.907957,-0.146213,0.392656,10.967331,52.268921,31.364384,-0.018893,0.893365,0.012275,0.448767,6.180449,6.980148,44.207031,-0.03316,0.942497,0.045638,0.329419,-5.332312,0.669665,-15.109666,-0.018893,0.893365,0.012275,0.448767,17.822214,1.391562,35.709782
130,1.083333,-0.027887,0.917339,0.00701,0.397068,1.920147,86.630402,14.756915,-0.122362,0.906499,0.145486,0.376989,1.480258,94.371529,14.684913,-0.023974,0.923293,0.004221,0.383323,-5.479589,113.847122,18.285347,0.077108,0.953005,0.088564,0.27927,-6.489012,135.069962,18.060413,0.010727,0.989047,0.013254,0.146612,-4.027423,149.56041,19.599237,-0.105906,0.762169,0.128704,0.625555,-9.485388,129.376816,15.765121,-0.740532,0.06614,0.506074,-0.43718,-12.793751,129.369797,-0.881235,-0.657897,-0.572935,0.190207,0.450265,-2.134552,117.343887,-16.272705,0.219268,0.271995,-0.641981,-0.682495,6.097277,145.431549,-8.206652,-0.098752,0.921889,0.01786,0.374231,-4.194793,129.684769,21.078712,0.434112,0.89677,0.085669,0.003258,7.692312,132.548096,32.849209,-0.161865,0.432816,0.512624,-0.723662,21.556736,115.210556,31.324148,0.003571,0.224792,0.660569,-0.716313,19.097872,136.945892,19.977036,0.053967,0.926288,0.134488,0.347837,-4.539452,86.199226,7.864568,0.10527,0.970194,-0.01114,0.217985,-4.771897,51.503551,-2.518497,-0.033217,0.942489,0.045637,0.329436,-14.666963,5.246777,-3.667323,-0.090466,0.895484,-0.107145,0.422426,8.379745,87.061569,21.649261,-0.007504,0.907956,-0.146197,0.392666,10.969275,52.269184,31.36706,-0.018919,0.893356,0.012294,0.448783,6.181394,6.979954,44.207764,-0.033217,0.942489,0.045637,0.329436,-5.332285,0.670125,-15.107793,-0.018919,0.893356,0.012294,0.448783,17.823812,1.392212,35.710854
131,1.091667,-0.027889,0.917342,0.00708,0.397059,1.920876,86.632347,14.756963,-0.122346,0.906527,0.145496,0.376924,1.480528,94.373466,14.685946,-0.024187,0.923317,0.004298,0.383252,-5.477184,113.845154,18.286791,0.076758,0.953039,0.088433,0.279294,-6.496199,135.067551,18.061506,0.010676,0.989016,0.01333,0.146816,-4.04335,149.56015,19.593916,-0.105846,0.762224,0.128838,0.625469,-9.490357,129.372986,15.766801,-0.740586,0.066027,0.506054,-0.437129,-12.802768,129.369766,-0.878748,-0.65777,-0.572993,0.190319,0.45033,-2.142006,117.348984,-16.273125,0.219227,0.272007,-0.642054,-0.682435,6.083229,145.438339,-8.206267,-0.098831,0.921882,0.017849,0.374228,-4.1991,129.683441,21.079586,0.434051,0.896788,0.085795,0.003267,7.687547,132.549362,32.849911,-0.161892,0.432671,0.512663,-0.723715,21.554333,115.213882,31.323015,0.003784,0.224662,0.660462,-0.716452,19.091206,136.951416,19.980925,0.053979,0.926279,0.134431,0.347881,-4.53886,86.20166,7.864719,0.105287,0.970206,-0.01109,0.217926,-4.773079,51.504974,-2.514901,-0.033111,0.942458,0.045643,0.329535,-14.668721,5.24843,-3.668068,-0.090466,0.895455,-0.10717,0.422482,8.380612,87.063034,21.649206,-0.007513,0.907947,-0.146184,0.392691,10.968686,52.271034,31.368792,-0.018851,0.893358,0.012344,0.44878,6.181733,6.981441,44.208557,-0.033111,0.942458,0.045643,0.329535,-5.332722,0.67093,-15.107113,-0.018851,0.893358,0.012344,0.44878,17.823639,1.394081,35.710697
132,1.1,-0.027978,0.917349,0.007099,0.397036,1.922184,86.632454,14.759604,-0.122364,0.90654,0.145418,0.376917,1.480447,94.373489,14.688333,-0.024286,0.923316,0.004396,0.383247,-5.476762,113.845978,18.286024,0.076596,0.953065,0.088488,0.279231,-6.501284,135.06813,18.062979,0.010576,0.989033,0.013281,0.146718,-4.053419,149.561569,19.59543,-0.105817,0.762296,0.128884,0.625377,-9.493993,129.373032,15.767713,-0.740525,0.065863,0.506043,-0.437271,-12.810518,129.370911,-0.87702,-0.65769,-0.573069,0.190381,0.450323,-2.148254,117.352715,-16.272396,0.219075,0.272012,-0.642142,-0.6824,6.070255,145.44397,-8.205249,-0.098883,0.921898,0.01795,0.374171,-4.202751,129.684311,21.080467,0.434071,0.896779,0.085792,0.003203,7.684995,132.550674,32.849575,-0.161897,0.432552,0.512705,-0.723756,21.551027,115.214798,31.320107,0.003852,0.22446,0.660392,-0.716579,19.084904,136.954529,19.981579,0.053987,0.926344,0.134474,0.347692,-4.537801,86.200371,7.867678,0.10528,0.97017,-0.011126,0.218087,-4.773576,51.504578,-2.514899,-0.033162,0.94246,0.045684,0.329518,-14.669132,5.247969,-3.666221,-0.090433,0.895406,-0.107139,0.422601,8.382169,87.064537,21.651529,-0.00752,0.907948,-0.146162,0.392698,10.96783,52.271629,31.36849,-0.019005,0.893361,0.012285,0.44877,6.182207,6.981441,44.20665,-0.033162,0.94246,0.045684,0.329518,-5.332911,0.672113,-15.10575,-0.019005,0.893361,0.012285,0.44877,17.825226,1.394586,35.709976
133,1.108333,-0.027935,0.917361,0.007001,0.397014,1.919776,86.632988,14.761112,-0.122423,0.906524,0.145444,0.376926,1.479256,94.374084,14.688711,-0.024328,0.923301,0.004388,0.383282,-5.481472,113.848259,18.286791,0.076656,0.953047,0.088706,0.279208,-6.507508,135.070328,18.062721,0.010403,0.989055,0.013139,0.146592,-4.059744,149.56308,19.60177,-0.105867,0.762322,0.128959,0.625321,-9.49963,129.374893,15.767481,-0.740531,0.065831,0.506009,-0.437303,-12.818159,129.372726,-0.876848,-0.657629,-0.573145,0.190411,0.450302,-2.154221,117.355492,-16.271805,0.219079,0.272047,-0.642241,-0.682291,6.058274,145.448242,-8.203763,-0.098939,0.921908,0.018065,0.374126,-4.208818,129.686798,21.080624,0.434122,0.89675,0.085833,0.003242,7.67971,132.553513,32.848854,-0.161811,0.432505,0.512831,-0.723713,21.543756,115.216019,31.319937,0.00392,0.223997,0.660389,-0.716726,19.082127,136.955917,19.983391,0.053931,0.926372,0.134503,0.347615,-4.540584,86.200897,7.869539,0.105281,0.970208,-0.011067,0.217922,-4.772732,51.505245,-2.513601,-0.033155,0.942475,0.045634,0.329482,-14.66736,5.248526,-3.668735,-0.090446,0.895464,-0.10712,0.42248,8.380136,87.065086,21.652687,-0.007492,0.907976,-0.146168,0.39263,10.968555,52.272045,31.368458,-0.018861,0.893333,0.012321,0.44883,6.181221,6.981975,44.206387,-0.033155,0.942475,0.045634,0.329482,-5.332212,0.671183,-15.108543,-0.018861,0.893333,0.012321,0.44883,17.824066,1.394174,35.710098
134,1.116667,-0.028008,0.917389,0.007069,0.396943,1.92013,86.632935,14.762026,-0.122469,0.906566,0.145294,0.376868,1.478155,94.373955,14.690177,-0.024351,0.923334,0.004531,0.383198,-5.481136,113.847519,18.282022,0.076283,0.953075,0.088962,0.279132,-6.510417,135.069473,18.063242,0.010348,0.989057,0.013045,0.146589,-4.0752,149.563934,19.606277,-0.105819,0.762376,0.129117,0.625231,-9.50211,129.374161,15.767193,-0.740469,0.065793,0.505995,-0.437431,-12.82484,129.376007,-0.876299,-0.657609,-0.573225,0.190416,0.450229,-2.160003,117.357635,-16.269741,0.219018,0.272178,-0.642334,-0.682171,6.046843,145.452133,-8.202029,-0.099043,0.921897,0.01807,0.374125,-4.210349,129.685577,21.079422,0.434263,0.896728,0.085358,0.003024,7.677512,132.555435,32.847561,-0.162051,0.432601,0.512811,-0.723616,21.536144,115.213623,31.318621,0.004009,0.223839,0.660034,-0.717102,19.077419,136.958023,19.985693,0.05393,0.926408,0.134527,0.347509,-4.541216,86.200073,7.871428,0.10525,0.970228,-0.011054,0.217847,-4.773903,51.504875,-2.513198,-0.033147,0.942493,0.045653,0.329431,-14.665578,5.247524,-3.668037,-0.09042,0.8955,-0.107103,0.422414,8.381477,87.065804,21.652624,-0.007486,0.907984,-0.146178,0.392607,10.969479,52.272179,31.366375,-0.018828,0.893317,0.012291,0.448863,6.181568,6.982404,44.205112,-0.033147,0.942493,0.045653,0.329431,-5.331673,0.670615,-15.109028,-0.018828,0.893317,0.012291,0.448863,17.82456,1.393422,35.709808
135,1.125,-0.02804,0.917417,0.007054,0.396875,1.919476,86.632629,14.76509,-0.122555,0.906592,0.145188,0.376817,1.477129,94.373619,14.692867,-0.024387,0.923355,0.004593,0.383145,-5.483863,113.848351,18.279898,0.07626,0.953057,0.089209,0.27912,-6.515553,135.070221,18.06307,0.010153,0.989058,0.01292,0.146609,-4.083017,149.564392,19.612894,-0.105873,0.762404,0.129212,0.625168,-9.506875,129.374756,15.766877,-0.74049,0.065731,0.505978,-0.437425,-12.831884,129.376846,-0.876166,-0.657538,-0.573303,0.190414,0.450234,-2.165923,117.360916,-16.270746,0.219013,0.27226,-0.642383,-0.682094,6.035524,145.45607,-8.199871,-0.099012,0.921846,0.018005,0.374263,-4.214528,129.686325,21.078516,0.43421,0.89674,0.085503,0.002923,7.670026,132.555771,32.850101,-0.162182,0.432563,0.512792,-0.723624,21.530735,115.216194,31.314486,0.003879,0.224001,0.659818,-0.717251,19.069485,136.961838,19.98628,0.053936,0.926435,0.134567,0.34742,-4.542855,86.199066,7.875453,0.1052,0.97027,-0.011012,0.217689,-4.775868,51.504696,-2.511911,-0.033135,0.942516,0.045663,0.329363,-14.66229,5.246255,-3.66803,-0.090392,0.895522,-0.10711,0.422371,8.381807,87.066185,21.654724,-0.007488,0.907975,-0.146161,0.392636,10.968275,52.272289,31.367947,-0.018994,0.893325,0.012254,0.448843,6.180754,6.982035,44.205158,-0.033135,0.942516,0.045663,0.329363,-5.330104,0.669464,-15.110477,-0.018994,0.893325,0.012254,0.448843,17.824903,1.394269,35.710632
136,1.133333,-0.028081,0.917443,0.007097,0.396811,1.918234,86.633209,14.76668,-0.122596,0.906583,0.145187,0.376827,1.475031,94.374153,14.694858,-0.024505,0.923329,0.004563,0.3832,-5.488229,113.850494,18.281469,0.076198,0.953064,0.089336,0.279072,-6.524057,135.072128,18.061459,0.010103,0.989083,0.01293,0.146445,-4.094313,149.566467,19.614223,-0.105884,0.762399,0.129223,0.62517,-9.513976,129.375763,15.765717,-0.740274,0.065504,0.505937,-0.437872,-12.838822,129.377823,-0.877351,-0.657584,-0.573466,0.1903,0.450006,-2.16973,117.360733,-16.268843,0.2189,0.272407,-0.642346,-0.682106,6.022965,145.458298,-8.197392,-0.098935,0.921884,0.018049,0.374188,-4.222351,129.689102,21.077965,0.434149,0.896778,0.085409,0.002872,7.664642,132.555756,32.847763,-0.162329,0.432542,0.512738,-0.723641,21.527727,115.218094,31.31217,0.00383,0.223844,0.65981,-0.717308,19.062756,136.966125,19.987141,0.053941,0.926439,0.13456,0.347411,-4.545023,86.199242,7.877942,0.105214,0.970231,-0.011016,0.217853,-4.778636,51.504768,-2.509086,-0.033169,0.942478,0.045655,0.329471,-14.66625,5.246618,-3.66681,-0.09039,0.895564,-0.107114,0.422281,8.381491,87.067169,21.655416,-0.007502,0.907962,-0.146142,0.392672,10.968668,52.273304,31.368547,-0.01904,0.893339,0.012253,0.448812,6.182554,6.982553,44.204533,-0.033169,0.942478,0.045655,0.329471,-5.331178,0.670007,-15.106967,-0.01904,0.893339,0.012253,0.448812,17.82658,1.395361,35.709469
137,1.141667,-0.028098,0.917469,0.007115,0.396749,1.917129,86.63443,14.767591,-0.122747,0.906614,0.145021,0.376767,1.473578,94.375351,14.695951,-0.024407,0.923374,0.004756,0.383095,-5.493315,113.854149,18.274677,0.076076,0.953066,0.08962,0.27901,-6.528481,135.075897,18.063969,0.009937,0.989085,0.012754,0.146453,-4.104482,149.57045,19.62359,-0.105809,0.76249,0.129179,0.625081,-9.519136,129.380615,15.766507,-0.740278,0.065452,0.505979,-0.437825,-12.848273,129.38295,-0.875703,-0.657542,-0.573471,0.190263,0.450077,-2.180732,117.367813,-16.269791,0.21878,0.272504,-0.64239,-0.682065,6.012487,145.463913,-8.193796,-0.098885,0.921963,0.018087,0.374004,-4.226237,129.691513,21.077629,0.434034,0.896802,0.085742,0.003056,7.665755,132.556503,32.842777,-0.162301,0.432334,0.512621,-0.723855,21.533243,115.222237,31.308556,0.003543,0.223934,0.659771,-0.717316,19.053379,136.970276,19.984201,0.053968,0.926419,0.134573,0.347456,-4.547031,86.200294,7.879714,0.105186,0.970218,-0.011028,0.217925,-4.781633,51.506279,-2.508861,-0.033172,0.942496,0.045647,0.329418,-14.666804,5.247587,-3.665578,-0.090404,0.895612,-0.107099,0.42218,8.38129,87.068565,21.65547,-0.00749,0.907952,-0.14617,0.392685,10.970938,52.274643,31.367752,-0.01884,0.893338,0.012347,0.44882,6.182554,6.984654,44.205563,-0.033172,0.942496,0.045647,0.329418,-5.332968,0.670761,-15.106659,-0.01884,0.893338,0.012347,0.44882,17.825117,1.397246,35.708637
138,1.15,-0.028148,0.917493,0.007182,0.396689,1.917043,86.635231,14.767475,-0.122795,0.90663,0.145038,0.376707,1.472366,94.376099,14.696507,-0.02454,0.923388,0.004769,0.383053,-5.496536,113.854721,18.275631,0.076163,0.95308,0.089701,0.278911,-6.537136,135.076187,18.063274,0.009747,0.989115,0.012758,0.146267,-4.111365,149.57016,19.625553,-0.105739,0.76247,0.129186,0.625116,-9.526541,129.379959,15.766543,-0.740331,0.065387,0.506046,-0.437667,-12.854692,129.384476,-0.875865,-0.657409,-0.573495,0.19026,0.450242,-2.189799,117.373589,-16.275101,0.218604,0.272605,-0.642361,-0.682107,6.001838,145.467819,-8.191048,-0.098943,0.921932,0.018053,0.374066,-4.233253,129.692657,21.077173,0.434001,0.89682,0.085725,0.002921,7.656773,132.559723,32.8438,-0.162351,0.432355,0.512645,-0.723814,21.525581,115.226952,31.304642,0.003514,0.223809,0.659657,-0.71746,19.047911,136.975174,19.982332,0.053986,0.926408,0.134561,0.347487,-4.547966,86.200706,7.880417,0.105178,0.970212,-0.011017,0.217955,-4.78372,51.506607,-2.507813,-0.03315,0.942469,0.045665,0.329497,-14.667943,5.247745,-3.665672,-0.090381,0.895631,-0.107132,0.422137,8.382052,87.069756,21.654533,-0.007489,0.907962,-0.146171,0.392662,10.96965,52.276062,31.368166,-0.019078,0.893332,0.012197,0.448826,6.181518,6.986084,44.206123,-0.03315,0.942469,0.045665,0.329497,-5.332401,0.671216,-15.105481,-0.019078,0.893332,0.012197,0.448826,17.825945,1.397964,35.712219
139,1.158333,-0.028145,0.917528,0.007123,0.396611,1.913806,86.63533,14.770563,-0.12277,0.906629,0.145086,0.376697,1.469531,94.376213,14.698803,-0.024735,0.92336,0.004658,0.38311,-5.499792,113.856468,18.280552,0.076251,0.953075,0.089808,0.27887,-6.546194,135.077576,18.060619,0.009611,0.989143,0.012824,0.146078,-4.118834,149.570892,19.626476,-0.105656,0.7625,0.129227,0.625085,-9.533731,129.379715,15.765487,-0.740326,0.065303,0.506026,-0.43771,-12.863821,129.387009,-0.87654,-0.657354,-0.57356,0.190211,0.45026,-2.197541,117.378304,-16.276539,0.218436,0.272701,-0.642343,-0.682141,5.99068,145.472092,-8.187421,-0.09891,0.921988,0.018129,0.373935,-4.241232,129.695724,21.076712,0.433958,0.896839,0.08574,0.002927,7.652356,132.561081,32.840168,-0.162328,0.432283,0.51261,-0.723887,21.522814,115.229622,31.301102,0.003476,0.223719,0.659683,-0.717465,19.040268,136.977631,19.978851,0.05395,0.926437,0.134623,0.347391,-4.552388,86.200371,7.88464,0.105175,0.970245,-0.010983,0.217811,-4.78519,51.50721,-2.506794,-0.033124,0.94247,0.045667,0.329495,-14.668608,5.248207,-3.666243,-0.090376,0.895685,-0.107124,0.422024,8.38,87.070282,21.656487,-0.007455,0.908029,-0.146146,0.392517,10.968733,52.276398,31.369146,-0.019106,0.893313,0.012211,0.448864,6.180689,6.985673,44.204514,-0.033124,0.94247,0.045667,0.329495,-5.333368,0.671465,-15.106222,-0.019106,0.893313,0.012211,0.448864,17.826176,1.398285,35.711575
140,1.166667,-0.028141,0.917535,0.007153,0.396593,1.911643,86.63575,14.770976,-0.122831,0.906653,0.145115,0.376608,1.467224,94.376633,14.699677,-0.024757,0.9234,0.004595,0.383011,-5.504512,113.855972,18.2822,0.076269,0.953094,0.08999,0.278742,-6.550791,135.077057,18.059572,0.009422,0.989172,0.012823,0.145897,-4.124416,149.570023,19.630285,-0.105615,0.762493,0.129352,0.625074,-9.53885,129.378891,15.765847,-0.740439,0.065389,0.506069,-0.437457,-12.869703,129.389877,-0.876015,-0.657195,-0.573547,0.190286,0.450478,-2.205852,117.382881,-16.279018,0.218221,0.272699,-0.642368,-0.682186,5.981543,145.475143,-8.183849,-0.099061,0.922051,0.018328,0.37373,-4.245242,129.695587,21.07592,0.433994,0.896821,0.085746,0.00295,7.652525,132.563477,32.834522,-0.162284,0.432167,0.512623,-0.723957,21.521591,115.230835,31.296137,0.003552,0.223627,0.659626,-0.717545,19.034697,136.979782,19.975237,0.05395,0.926446,0.134602,0.347374,-4.554812,86.20108,7.885285,0.105124,0.970242,-0.010962,0.21785,-4.788383,51.507507,-2.504774,-0.033128,0.942492,0.045638,0.329437,-14.666726,5.247456,-3.665531,-0.090372,0.895659,-0.107084,0.422091,8.378098,87.070427,21.656666,-0.007493,0.908002,-0.146152,0.392576,10.967127,52.275867,31.366831,-0.019066,0.893314,0.012204,0.448863,6.181223,6.985366,44.203781,-0.033128,0.942492,0.045638,0.329437,-5.332915,0.669924,-15.106352,-0.019066,0.893314,0.012204,0.448863,17.826246,1.397278,35.71067
141,1.175,-0.028198,0.917562,0.007125,0.396527,1.909575,86.634377,14.77402,-0.122838,0.906699,0.144998,0.376541,1.464517,94.375214,14.702005,-0.024858,0.92343,0.004696,0.382933,-5.505934,113.857224,18.280823,0.076292,0.953124,0.090057,0.278611,-6.557828,135.078049,18.060572,0.009262,0.9892,0.012855,0.145712,-4.131349,149.570816,19.632895,-0.105595,0.76251,0.129362,0.625055,-9.544781,129.379349,15.766766,-0.740517,0.065356,0.506178,-0.437204,-12.876567,129.390915,-0.874914,-0.657061,-0.573514,0.190311,0.450705,-2.217459,117.388329,-16.284637,0.218077,0.272756,-0.64238,-0.682199,5.971666,145.477921,-8.181915,-0.099281,0.922096,0.01823,0.373564,-4.250352,129.696899,21.075972,0.434163,0.896758,0.085553,0.002919,7.650134,132.573181,32.829769,-0.162169,0.432169,0.512683,-0.723938,21.512682,115.235161,31.29324,0.00355,0.223539,0.659827,-0.717389,19.028837,136.98407,19.969841,0.053954,0.926458,0.13468,0.347313,-4.557817,86.198486,7.889286,0.105106,0.970215,-0.010996,0.21798,-4.790353,51.506458,-2.505945,-0.033191,0.942475,0.045676,0.329475,-14.667569,5.246109,-3.66449,-0.090344,0.895705,-0.107071,0.422003,8.376968,87.070259,21.658754,-0.007501,0.908035,-0.146153,0.392499,10.965575,52.27512,31.366951,-0.019073,0.893335,0.012209,0.448821,6.181483,6.984648,44.20467,-0.033191,0.942475,0.045676,0.329475,-5.332118,0.67031,-15.104665,-0.019073,0.893335,0.012209,0.448821,17.825804,1.396757,35.710468
142,1.183333,-0.028227,0.917582,0.007167,0.396478,1.907368,86.635796,14.775011,-0.122885,0.906719,0.144956,0.376495,1.461643,94.376602,14.703441,-0.024857,0.923455,0.004814,0.382871,-5.509408,113.857651,18.280098,0.076164,0.953171,0.090026,0.278495,-6.563213,135.078445,18.064596,0.00916,0.98922,0.012914,0.145581,-4.140065,149.572021,19.634592,-0.105482,0.76265,0.129319,0.624912,-9.549981,129.379959,15.76997,-0.740581,0.065184,0.506253,-0.437035,-12.888655,129.39241,-0.870329,-0.657015,-0.573437,0.190279,0.450884,-2.231912,117.397667,-16.287794,0.217965,0.272782,-0.64233,-0.682271,5.96334,145.483749,-8.179159,-0.099372,0.922129,0.018261,0.373457,-4.254839,129.696823,21.078506,0.434038,0.8968,0.085748,0.002926,7.647755,132.575729,32.829533,-0.162031,0.43201,0.5126,-0.724124,21.515137,115.241837,31.289989,0.003498,0.223676,0.659801,-0.71737,19.020323,136.98793,19.964352,0.053982,0.926453,0.134654,0.347331,-4.560732,86.199707,7.890954,0.105058,0.969924,-0.011201,0.219282,-4.795557,51.507389,-2.503253,-0.033247,0.942495,0.045681,0.32941,-14.671059,5.246508,-3.655262,-0.090367,0.895756,-0.107094,0.421884,8.375469,87.071892,21.659067,-0.007496,0.908018,-0.146132,0.392546,10.966098,52.277409,31.369091,-0.019065,0.893319,0.012235,0.448852,6.181643,6.986365,44.204666,-0.033247,0.942495,0.045681,0.32941,-5.336583,0.671375,-15.0965,-0.019065,0.893319,0.012235,0.448852,17.82662,1.399065,35.710964
143,1.191667,-0.028234,0.917599,0.007206,0.396439,1.90461,86.637756,14.776649,-0.122853,0.906757,0.1449,0.376433,1.458546,94.378548,14.705606,-0.025065,0.923472,0.004832,0.382815,-5.510041,113.860092,18.281096,0.075958,0.953209,0.090105,0.278396,-6.572295,135.080429,18.062944,0.009234,0.989232,0.01305,0.14548,-4.155565,149.575058,19.633217,-0.105356,0.762724,0.129373,0.624831,-9.557068,129.380478,15.769412,-0.740585,0.065158,0.506194,-0.437099,-12.900058,129.396729,-0.870019,-0.657051,-0.573429,0.190247,0.450854,-2.240492,117.402519,-16.285948,0.21786,0.2728,-0.642335,-0.682292,5.956041,145.488358,-8.177712,-0.099131,0.922085,0.018308,0.373628,-4.261433,129.700134,21.07729,0.433714,0.896958,0.085737,0.00272,7.638446,132.570663,32.833118,-0.162051,0.43197,0.512418,-0.724271,21.518368,115.247414,31.286821,0.003491,0.223752,0.659851,-0.717301,19.012672,136.990967,19.95846,0.053992,0.926431,0.134633,0.347398,-4.564066,86.20182,7.893122,0.105048,0.969959,-0.011147,0.219135,-4.799359,51.509178,-2.499998,-0.033265,0.942481,0.045696,0.329448,-14.673093,5.247998,-3.655231,-0.090404,0.895711,-0.107087,0.421974,8.373287,87.073692,21.660175,-0.00749,0.908023,-0.146128,0.392537,10.965527,52.279598,31.371128,-0.019043,0.89332,0.012247,0.448852,6.180873,6.988424,44.206177,-0.033265,0.942481,0.045696,0.329448,-5.337503,0.673474,-15.095804,-0.019043,0.89332,0.012247,0.448852,17.825657,1.401133,35.712208
144,1.2,-0.028321,0.917608,0.007252,0.396409,1.903578,86.637947,14.77758,-0.122874,0.906785,0.144837,0.376384,1.455991,94.378647,14.706675,-0.02507,0.923503,0.004969,0.382738,-5.512552,113.861725,18.28002,0.075777,0.953251,0.090118,0.278298,-6.577256,135.082001,18.067249,0.009173,0.989242,0.013082,0.145411,-4.165728,149.577637,19.636089,-0.105375,0.762796,0.129418,0.624732,-9.561777,129.382263,15.772836,-0.740609,0.065021,0.506269,-0.436993,-12.908854,129.3983,-0.865769,-0.65698,-0.573368,0.190304,0.451011,-2.251882,117.409477,-16.287683,0.217703,0.272784,-0.642319,-0.682364,5.947601,145.493744,-8.177062,-0.099245,0.922192,0.01808,0.373343,-4.265262,129.701218,21.079878,0.433731,0.896949,0.085747,0.002864,7.641063,132.578735,32.827457,-0.161849,0.431862,0.512346,-0.724432,21.520311,115.254471,31.286642,0.003501,0.223796,0.659875,-0.717264,19.006369,136.994553,19.952959,0.053992,0.926426,0.134701,0.347384,-4.565451,86.200844,7.894459,0.105071,0.969794,-0.011323,0.219845,-4.799148,51.509537,-2.503122,-0.033257,0.942465,0.045668,0.329498,-14.67767,5.249176,-3.649966,-0.09039,0.895728,-0.107115,0.421933,8.372606,87.075058,21.6607,-0.00751,0.908032,-0.146114,0.392521,10.963491,52.2812,31.372885,-0.018925,0.893329,0.012272,0.448837,6.181324,6.989676,44.207603,-0.033257,0.942465,0.045668,0.329498,-5.341033,0.67381,-15.089351,-0.018925,0.893329,0.012272,0.448837,17.824736,1.401469,35.712357
145,1.208333,-0.028311,0.917618,0.007238,0.396388,1.898943,86.638702,14.779001,-0.12286,0.906826,0.144809,0.376302,1.451566,94.37941,14.707971,-0.02514,0.923542,0.004973,0.382639,-5.515444,113.86216,18.280987,0.075677,0.953283,0.090148,0.278206,-6.582969,135.082275,18.067371,0.009097,0.989251,0.013172,0.14535,-4.174484,149.578461,19.635925,-0.105397,0.762841,0.129427,0.624671,-9.567232,129.382034,15.773879,-0.740624,0.064936,0.506232,-0.437023,-12.916744,129.397232,-0.864244,-0.65692,-0.573362,0.190391,0.451069,-2.257617,117.411232,-16.286861,0.217528,0.272663,-0.642311,-0.682476,5.940281,145.496277,-8.177201,-0.099271,0.922197,0.017985,0.373329,-4.269631,129.70195,21.079781,0.433689,0.896995,0.085483,0.002654,7.636899,132.581512,32.82666,-0.161832,0.431873,0.512259,-0.724491,21.517832,115.258858,31.282742,0.003659,0.223889,0.659727,-0.717371,19.000181,136.994965,19.947321,0.053982,0.92644,0.134659,0.347363,-4.570411,86.201645,7.896181,0.105037,0.969868,-0.01119,0.219542,-4.804796,51.50943,-2.498378,-0.033223,0.942449,0.04571,0.329541,-14.677921,5.24812,-3.6536,-0.090424,0.895699,-0.107063,0.422,8.368297,87.07576,21.661821,-0.007528,0.907991,-0.146116,0.392613,10.962298,52.281548,31.371901,-0.018908,0.89333,0.012228,0.448837,6.180224,6.990099,44.20694,-0.033223,0.942449,0.04571,0.329541,-5.340478,0.673602,-15.092668,-0.018908,0.89333,0.012228,0.448837,17.82324,1.400542,35.712036
146,1.216667,-0.02834,0.917629,0.007264,0.396361,1.89588,86.638016,14.779617,-0.123087,0.906838,0.144772,0.376211,1.447935,94.3787,14.708783,-0.024981,0.923602,0.00505,0.382504,-5.528238,113.864006,18.27816,0.075668,0.953336,0.090086,0.278046,-6.590816,135.084427,18.070326,0.008994,0.989274,0.013251,0.145193,-4.182063,149.580811,19.636499,-0.105505,0.762814,0.129395,0.624693,-9.577112,129.385483,15.776261,-0.740486,0.064783,0.50626,-0.437246,-12.92492,129.397415,-0.862201,-0.656945,-0.573358,0.190425,0.451024,-2.26617,117.41127,-16.284958,0.217399,0.272586,-0.642362,-0.682499,5.931205,145.497421,-8.178666,-0.099258,0.922271,0.017997,0.37315,-4.277846,129.702789,21.080654,0.43377,0.897001,0.08502,0.002265,7.633296,132.582138,32.822903,-0.161931,0.431974,0.512283,-0.724392,21.511171,115.25766,31.272087,0.003924,0.223924,0.659645,-0.717434,18.998674,136.997894,19.936419,0.053971,0.926433,0.134701,0.347368,-4.57385,86.200638,7.897173,0.105017,0.969854,-0.011223,0.21961,-4.806342,51.50914,-2.499837,-0.033265,0.942457,0.04573,0.32951,-14.678238,5.247503,-3.652307,-0.090435,0.895694,-0.107061,0.422008,8.36561,87.075394,21.66206,-0.00754,0.908004,-0.146086,0.392595,10.960296,52.281303,31.372383,-0.01892,0.893327,0.012211,0.448844,6.18067,6.989026,44.205425,-0.033265,0.942457,0.04573,0.32951,-5.341079,0.673959,-15.091991,-0.01892,0.893327,0.012211,0.448844,17.82386,1.399185,35.710949
147,1.225,-0.028374,0.917632,0.007245,0.396352,1.892968,86.638634,14.781981,-0.123093,0.906861,0.144772,0.376155,1.444664,94.379295,14.710681,-0.025077,0.923622,0.005001,0.382451,-5.53146,113.864456,18.280386,0.075577,0.953324,0.090302,0.27804,-6.597023,135.084702,18.06912,0.008908,0.989269,0.013231,0.145234,-4.192603,149.581223,19.64068,-0.105569,0.762819,0.129574,0.624638,-9.582774,129.384964,15.776338,-0.74049,0.06471,0.506279,-0.437229,-12.932417,129.398773,-0.861748,-0.656871,-0.573328,0.190515,0.451132,-2.27411,117.415047,-16.286688,0.217197,0.272476,-0.642373,-0.682597,5.923303,145.501129,-8.180198,-0.099349,0.922316,0.018073,0.37301,-4.282973,129.703873,21.080095,0.433748,0.897028,0.084842,0.002223,7.63109,132.585358,32.818855,-0.161852,0.43196,0.512185,-0.724486,21.509808,115.261391,31.269888,0.003991,0.224048,0.659705,-0.717339,18.99176,136.999268,19.929623,0.054006,0.926441,0.134662,0.347357,-4.576861,86.200539,7.899679,0.104956,0.969869,-0.011153,0.219576,-4.812829,51.508583,-2.495684,-0.033264,0.942456,0.04574,0.32951,-14.677787,5.245587,-3.652985,-0.09042,0.895724,-0.107043,0.421952,8.362797,87.076729,21.664284,-0.007572,0.907983,-0.146058,0.392653,10.95771,52.282154,31.372812,-0.018936,0.893297,0.01226,0.4489,6.181055,6.989166,44.204411,-0.033264,0.942456,0.04574,0.32951,-5.340599,0.672315,-15.092749,-0.018936,0.893297,0.01226,0.4489,17.825708,1.400818,35.710972
148,1.233333,-0.028383,0.917648,0.007275,0.396312,1.888619,86.639618,14.783677,-0.123075,0.906894,0.144697,0.376109,1.439996,94.380257,14.712761,-0.02512,0.923646,0.005086,0.382389,-5.534055,113.866211,18.280293,0.075507,0.953357,0.090357,0.277928,-6.602705,135.086319,18.071712,0.008837,0.989291,0.013224,0.145087,-4.200693,149.583191,19.643887,-0.105585,0.762842,0.129573,0.624608,-9.58795,129.386429,15.778658,-0.740491,0.064706,0.506335,-0.437163,-12.938774,129.399597,-0.859195,-0.65681,-0.573271,0.19066,0.451231,-2.282973,117.416382,-16.286266,0.217084,0.272406,-0.642361,-0.682673,5.915025,145.503204,-8.18294,-0.09937,0.92236,0.018092,0.372894,-4.287465,129.705475,21.081726,0.433465,0.897144,0.085056,0.002398,7.629385,132.587616,32.817493,-0.161544,0.431862,0.512015,-0.724734,21.518999,115.272034,31.272469,0.004084,0.224003,0.659508,-0.717535,18.98831,137.001251,19.922089,0.053933,0.926453,0.134697,0.347322,-4.581794,86.201569,7.90192,0.104961,0.969919,-0.011096,0.219358,-4.812393,51.509712,-2.493919,-0.033255,0.942451,0.045747,0.329525,-14.676857,5.246699,-3.654335,-0.090458,0.895719,-0.107019,0.421962,8.359032,87.077675,21.665436,-0.007592,0.907993,-0.146049,0.392633,10.957011,52.283234,31.373638,-0.018748,0.893322,0.012274,0.448858,6.182645,6.990039,44.20536,-0.033255,0.942451,0.045747,0.329525,-5.339391,0.673543,-15.09392,-0.018748,0.893322,0.012274,0.448858,17.824614,1.399537,35.709656
149,1.241667,-0.028379,0.917653,0.007285,0.396302,1.883406,86.641464,14.785698,-0.123045,0.906921,0.144668,0.376065,1.434771,94.382111,14.714952,-0.025242,0.923661,0.005058,0.382345,-5.537512,113.868538,18.282196,0.075459,0.953337,0.090447,0.27798,-6.61051,135.088394,18.070608,0.008711,0.989268,0.013282,0.145247,-4.210558,149.585342,19.645123,-0.105603,0.762867,0.129672,0.624553,-9.594801,129.387543,15.778658,-0.740456,0.064664,0.506271,-0.437302,-12.947829,129.402008,-0.858752,-0.656824,-0.573288,0.19072,0.451164,-2.288892,117.418411,-16.283356,0.217023,0.272345,-0.642391,-0.682688,5.906522,145.507263,-8.184436,-0.099556,0.922418,0.018308,0.372691,-4.293898,129.708466,21.0812,0.43361,0.897111,0.084671,0.002208,7.626855,132.593994,32.812176,-0.161528,0.431915,0.512035,-0.724692,21.510918,115.27401,31.266424,0.004283,0.224009,0.659453,-0.717582,18.98349,137.003311,19.914616,0.0539,0.926475,0.134739,0.347253,-4.58716,86.203545,7.904074,0.104953,0.969889,-0.011117,0.21949,-4.815207,51.512253,-2.493709,-0.033354,0.942449,0.045697,0.329528,-14.679191,5.249113,-3.653358,-0.090505,0.895724,-0.106964,0.421956,8.353972,87.079391,21.667322,-0.00757,0.908039,-0.146062,0.392522,10.956736,52.284698,31.373333,-0.018942,0.893326,0.012187,0.448844,6.181628,6.991818,44.205894,-0.033354,0.942449,0.045697,0.329528,-5.340809,0.675563,-15.092042,-0.018942,0.893326,0.012187,0.448844,17.824945,1.401654,35.711811
150,1.25,-0.028438,0.917648,0.007324,0.396308,1.880527,86.641899,14.787128,-0.123028,0.906936,0.144661,0.376038,1.430826,94.382477,14.716576,-0.025265,0.923678,0.005094,0.382303,-5.540236,113.868141,18.283844,0.075329,0.953368,0.090431,0.277915,-6.614707,135.087936,18.073317,0.008617,0.989276,0.013347,0.14519,-4.218273,149.585648,19.646135,-0.105585,0.762872,0.129778,0.624528,-9.598817,129.386993,15.781381,-0.740392,0.06459,0.506343,-0.437337,-12.953024,129.404037,-0.855789,-0.656817,-0.573289,0.190783,0.451146,-2.296933,117.420837,-16.282671,0.217163,0.272326,-0.642452,-0.682594,5.896945,145.511032,-8.186815,-0.09946,0.922428,0.01805,0.372705,-4.297452,129.708023,21.08345,0.433451,0.897185,0.084705,0.002037,7.623579,132.593842,32.814072,-0.161373,0.43176,0.511988,-0.724852,21.513821,115.279434,31.261433,0.00442,0.223966,0.659515,-0.717537,18.977444,137.006393,19.907597,0.053941,0.926412,0.134774,0.347401,-4.589885,86.203262,7.905405,0.104938,0.969808,-0.011203,0.219851,-4.81815,51.512974,-2.495713,-0.033265,0.942416,0.045729,0.329629,-14.682179,5.249721,-3.650803,-0.090528,0.895736,-0.106931,0.421932,8.350938,87.080528,21.668852,-0.007559,0.908065,-0.146077,0.392457,10.956483,52.285637,31.373405,-0.018772,0.893329,0.012228,0.448845,6.180762,6.993165,44.207188,-0.033265,0.942416,0.045729,0.329629,-5.342184,0.676213,-15.088184,-0.018772,0.893329,0.012228,0.448845,17.822525,1.40181,35.711758
151,1.258333,-0.028468,0.917642,0.00733,0.39632,1.876215,86.642693,14.789358,-0.123045,0.906956,0.144667,0.375982,1.426046,94.383247,14.718698,-0.025307,0.923706,0.005096,0.382231,-5.54544,113.868423,18.286324,0.074836,0.953436,0.090355,0.277839,-6.621617,135.088135,18.075302,0.008822,0.989269,0.013481,0.145214,-4.238394,149.588715,19.641777,-0.105661,0.762859,0.129876,0.624512,-9.60563,129.386871,15.784001,-0.740377,0.064509,0.506421,-0.437285,-12.959997,129.404007,-0.853142,-0.656783,-0.573253,0.190858,0.45121,-2.306914,117.423203,-16.28397,0.217252,0.272237,-0.642468,-0.682586,5.887713,145.513565,-8.189455,-0.099436,0.922488,0.018063,0.372561,-4.303475,129.708511,21.085249,0.433381,0.897237,0.084518,0.001822,7.621382,132.593704,32.812141,-0.161329,0.431682,0.511934,-0.724946,21.514345,115.281891,31.254807,0.004535,0.223885,0.65954,-0.717539,18.971785,137.008835,19.899567,0.053942,0.926393,0.134769,0.347453,-4.593984,86.203583,7.907463,0.104929,0.969818,-0.011162,0.219816,-4.821825,51.513203,-2.493367,-0.03335,0.942417,0.045701,0.32962,-14.684221,5.249682,-3.651719,-0.090542,0.895772,-0.106902,0.421862,8.346416,87.08181,21.671253,-0.007553,0.908148,-0.146073,0.392268,10.954542,52.286644,31.374115,-0.01894,0.89336,0.012123,0.448779,6.18115,6.994036,44.208275,-0.03335,0.942417,0.045701,0.32962,-5.343651,0.67626,-15.088672,-0.01894,0.89336,0.012123,0.448779,17.822886,1.40217,35.713142
152,1.266667,-0.028477,0.917648,0.007295,0.396305,1.87145,86.642517,14.791548,-0.123029,0.906977,0.14465,0.375944,1.421365,94.383064,14.720345,-0.025389,0.923718,0.005046,0.382199,-5.549381,113.869392,18.288019,0.075299,0.953372,0.090563,0.277866,-6.627943,135.088943,18.073725,0.008386,0.989277,0.013389,0.145191,-4.233431,149.586609,19.649878,-0.105635,0.762922,0.129916,0.62443,-9.611468,129.386993,15.783519,-0.740355,0.064426,0.506389,-0.437372,-12.969482,129.405075,-0.852878,-0.656781,-0.573293,0.190866,0.451159,-2.314507,117.425705,-16.283508,0.217285,0.272224,-0.642501,-0.682549,5.877165,145.517212,-8.189974,-0.099484,0.922527,0.018103,0.37245,-4.309003,129.710052,21.084364,0.433344,0.897272,0.084346,0.001697,7.618312,132.596451,32.808449,-0.161143,0.431531,0.511904,-0.725098,21.512732,115.285957,31.249588,0.00472,0.223717,0.659754,-0.717393,18.962204,137.011032,19.891314,0.053924,0.926478,0.134833,0.347203,-4.598968,86.20298,7.909892,0.10487,0.96987,-0.011119,0.219617,-4.826784,51.513714,-2.494639,-0.033296,0.942423,0.045737,0.329605,-14.683178,5.248943,-3.653682,-0.090527,0.895783,-0.106873,0.421847,8.341868,87.082054,21.673206,-0.007576,0.908136,-0.146064,0.392296,10.950069,52.286243,31.373751,-0.01876,0.893344,0.012201,0.448815,6.178607,6.993422,44.20789,-0.033296,0.942423,0.045737,0.329605,-5.343424,0.675949,-15.091465,-0.01876,0.893344,0.012201,0.448815,17.819555,1.401216,35.711906
153,1.275,-0.028447,0.917663,0.007254,0.396274,1.865231,86.643311,14.792982,-0.123035,0.90699,0.144664,0.375903,1.415817,94.383904,14.721392,-0.025409,0.923734,0.005057,0.382157,-5.554955,113.86927,18.289675,0.075003,0.953422,0.090512,0.277792,-6.634516,135.088776,18.07556,0.008433,0.989282,0.013485,0.145148,-4.247889,149.588196,19.647638,-0.105685,0.762941,0.129922,0.624397,-9.617986,129.386719,15.785602,-0.740396,0.064354,0.506451,-0.437242,-12.977039,129.403412,-0.850594,-0.656701,-0.57326,0.190963,0.451276,-2.324432,117.42804,-16.285963,0.217278,0.272222,-0.642609,-0.682451,5.867294,145.51944,-8.192163,-0.099647,0.922555,0.018211,0.372332,-4.315053,129.709976,21.085972,0.433549,0.8972,0.084061,0.001387,7.614174,132.600266,32.807159,-0.161112,0.431495,0.51204,-0.725031,21.500729,115.284157,31.240627,0.005007,0.22367,0.659567,-0.717578,18.955532,137.011154,19.885517,0.053865,0.926467,0.134876,0.347227,-4.605686,86.203972,7.911777,0.104844,0.969871,-0.011093,0.219623,-4.828169,51.515091,-2.494153,-0.033279,0.942452,0.045656,0.329532,-14.681658,5.249739,-3.655024,-0.09055,0.895796,-0.106847,0.421822,8.336148,87.082657,21.674187,-0.007611,0.908098,-0.146022,0.3924,10.946928,52.286743,31.373661,-0.018787,0.89332,0.012236,0.448861,6.17855,6.992817,44.20504,-0.033279,0.942452,0.045656,0.329532,-5.344015,0.674297,-15.093554,-0.018787,0.89332,0.012236,0.448861,17.820805,1.401875,35.710007
154,1.283333,-0.028451,0.91767,0.007256,0.396256,1.861197,86.642204,14.794662,-0.123043,0.907018,0.144676,0.375828,1.411721,94.38279,14.723084,-0.025447,0.923768,0.005015,0.382073,-5.559933,113.869904,18.292631,0.075016,0.953436,0.090617,0.277708,-6.640327,135.089355,18.076311,0.008329,0.989298,0.01348,0.14505,-4.254203,149.588531,19.651182,-0.10576,0.762959,0.129968,0.624353,-9.623993,129.386902,15.78753,-0.740432,0.064345,0.506458,-0.437173,-12.984368,129.402359,-0.848399,-0.656585,-0.573266,0.191111,0.451375,-2.332021,117.428589,-16.285189,0.217157,0.272149,-0.642683,-0.682449,5.855873,145.521393,-8.192354,-0.099559,0.92259,0.018076,0.372276,-4.320126,129.710968,21.086914,0.433508,0.897236,0.083881,0.001174,7.611098,132.600372,32.806293,-0.161121,0.431443,0.511946,-0.725126,21.499241,115.285965,31.234879,0.004936,0.223676,0.659473,-0.717663,18.947044,137.012512,19.878738,0.053849,0.926489,0.134926,0.347151,-4.609982,86.202812,7.913708,0.104823,0.969888,-0.011092,0.21956,-4.830941,51.514782,-2.495088,-0.033176,0.942441,0.045704,0.329568,-14.682594,5.249014,-3.655055,-0.090568,0.895785,-0.106865,0.421837,8.332377,87.081596,21.675617,-0.007641,0.908087,-0.145991,0.392437,10.943564,52.286209,31.376862,-0.018704,0.893332,0.012243,0.44884,6.178365,6.991479,44.206608,-0.033176,0.942441,0.045704,0.329568,-5.344996,0.673865,-15.093744,-0.018704,0.893332,0.012243,0.44884,17.819401,1.399615,35.710514
155,1.291667,-0.02849,0.917691,0.007276,0.396204,1.857332,86.642532,14.796625,-0.123043,0.907026,0.144632,0.375827,1.40717,94.38308,14.725128,-0.025445,0.923767,0.00511,0.382074,-5.56313,113.868805,18.292665,0.074929,0.953462,0.090547,0.277665,-6.644984,135.088211,18.080137,0.008188,0.989306,0.013528,0.144992,-4.26071,149.588028,19.65218,-0.105901,0.763023,0.130057,0.624232,-9.62826,129.385971,15.790343,-0.740465,0.064206,0.506486,-0.437105,-12.992735,129.398895,-0.844754,-0.656465,-0.573271,0.191227,0.451493,-2.34089,117.430588,-16.286125,0.217073,0.27209,-0.642767,-0.68242,5.843922,145.524002,-8.192241,-0.099677,0.922624,0.018116,0.372158,-4.324409,129.709457,21.089777,0.433436,0.897252,0.08409,0.001149,7.608984,132.602234,32.806103,-0.160949,0.431245,0.511967,-0.725268,21.499905,115.290497,31.22994,0.004999,0.2236,0.659441,-0.717716,18.940376,137.015717,19.873882,0.05384,0.926505,0.134964,0.347095,-4.614583,86.202599,7.916401,0.104798,0.969878,-0.011085,0.219614,-4.834605,51.515221,-2.494597,-0.033344,0.94243,0.045687,0.329585,-14.683737,5.248934,-3.655198,-0.090577,0.895833,-0.106861,0.421735,8.329247,87.082466,21.676849,-0.007652,0.908092,-0.145995,0.392423,10.942309,52.287136,31.377798,-0.018715,0.893332,0.012284,0.448839,6.178095,6.992513,44.20826,-0.033344,0.94243,0.045687,0.329585,-5.344107,0.675023,-15.092714,-0.018715,0.893332,0.012284,0.448839,17.81942,1.401835,35.711784
156,1.3,-0.028504,0.917695,0.00733,0.396194,1.854463,86.643082,14.797438,-0.123016,0.907044,0.144631,0.375793,1.403765,94.383606,14.726627,-0.02553,0.923782,0.005177,0.382031,-5.564726,113.867805,18.294491,0.074843,0.953506,0.090479,0.277556,-6.651,135.087006,18.08326,0.008144,0.989328,0.013593,0.14484,-4.268589,149.587433,19.652308,-0.105975,0.763042,0.130096,0.624188,-9.633307,129.384262,15.793422,-0.740481,0.064085,0.506539,-0.437034,-12.999132,129.395859,-0.841407,-0.656362,-0.573287,0.191302,0.451591,-2.348965,117.432083,-16.287451,0.217048,0.272092,-0.642884,-0.682317,5.832993,145.525711,-8.191512,-0.099829,0.922649,0.018235,0.372049,-4.329029,129.708557,21.092381,0.433423,0.897254,0.084136,0.001046,7.606098,132.604721,32.806103,-0.160851,0.431115,0.512011,-0.725336,21.49754,115.293861,31.224981,0.00515,0.223471,0.659282,-0.7179,18.934788,137.018524,19.870388,0.053834,0.926482,0.135037,0.347127,-4.617589,86.2033,7.917329,0.104817,0.969789,-0.0112,0.219996,-4.834951,51.517319,-2.498367,-0.033304,0.942394,0.045683,0.329694,-14.68779,5.251667,-3.652683,-0.090579,0.895819,-0.106849,0.421767,8.326514,87.082863,21.677546,-0.007696,0.908089,-0.14601,0.392423,10.939726,52.287376,31.377882,-0.018711,0.893368,0.012307,0.448768,6.178764,6.993243,44.211285,-0.033304,0.942394,0.045683,0.329694,-5.345953,0.67731,-15.088223,-0.018711,0.893368,0.012307,0.448768,17.818811,1.403085,35.712715
157,1.308333,-0.028522,0.917734,0.007317,0.396103,1.849572,86.643913,14.800805,-0.123076,0.906972,0.144766,0.375894,1.398692,94.384422,14.729736,-0.025625,0.923697,0.005166,0.382231,-5.575984,113.870636,18.301651,0.075119,0.953492,0.090266,0.277602,-6.665759,135.08963,18.088192,0.008024,0.989354,0.013631,0.144667,-4.273864,149.588898,19.653532,-0.106071,0.762951,0.130001,0.624303,-9.646101,129.3862,15.797525,-0.740463,0.064003,0.506531,-0.437086,-13.006356,129.394119,-0.83843,-0.656287,-0.57337,0.191352,0.451574,-2.355372,117.432068,-16.285252,0.217078,0.2721,-0.642954,-0.682238,5.819614,145.527557,-8.188707,-0.099672,0.922794,0.018195,0.371735,-4.344189,129.711823,21.098768,0.433402,0.897283,0.083937,0.000823,7.599938,132.604279,32.80423,-0.160937,0.431091,0.511992,-0.725344,21.492229,115.294556,31.218105,0.005182,0.223351,0.65927,-0.717949,18.927498,137.020615,19.866114,0.053819,0.926514,0.135071,0.347032,-4.623828,86.203682,7.921995,0.104761,0.969845,-0.011117,0.219779,-4.840403,51.518238,-2.495531,-0.03345,0.942406,0.045661,0.329646,-14.686617,5.251283,-3.654112,-0.090579,0.895872,-0.106824,0.42166,8.322973,87.084137,21.679615,-0.007703,0.908116,-0.146006,0.392362,10.93807,52.288258,31.378056,-0.018621,0.893381,0.012353,0.448745,6.178683,6.994027,44.211708,-0.03345,0.942406,0.045661,0.329646,-5.344531,0.677765,-15.089783,-0.018621,0.893381,0.012353,0.448745,17.817575,1.403855,35.711567
158,1.316667,-0.028511,0.917738,0.007309,0.396094,1.846046,86.643372,14.801997,-0.123092,0.906997,0.144742,0.375839,1.395375,94.383888,14.730887,-0.02567,0.923727,0.005239,0.382154,-5.579165,113.869797,18.302004,0.075067,0.953536,0.090236,0.277475,-6.67192,135.088654,18.090776,0.007968,0.989377,0.013686,0.144509,-4.281268,149.588318,19.654421,-0.106143,0.762962,0.130068,0.624264,-9.65186,129.38504,15.800066,-0.740451,0.063968,0.506532,-0.437111,-13.013279,129.392288,-0.835656,-0.656229,-0.573445,0.191389,0.451547,-2.362136,117.430855,-16.282839,0.21713,0.272174,-0.643024,-0.682127,5.806733,145.52803,-8.186005,-0.099846,0.922811,0.018347,0.371636,-4.349094,129.710892,21.100443,0.433408,0.897277,0.083967,0.000727,7.596341,132.606979,32.803673,-0.160703,0.430817,0.512069,-0.725504,21.48839,115.29747,31.213135,0.005408,0.223127,0.659554,-0.717755,18.915895,137.023148,19.862276,0.053812,0.926534,0.135074,0.346979,-4.627494,86.20327,7.923309,0.104721,0.969847,-0.011072,0.21979,-4.844126,51.517826,-2.4942,-0.033282,0.942392,0.045735,0.329695,-14.685853,5.250001,-3.656177,-0.090586,0.89592,-0.106792,0.421565,8.319585,87.083466,21.680685,-0.00769,0.90813,-0.146011,0.392328,10.937153,52.287174,31.376986,-0.018656,0.893387,0.012363,0.448731,6.176971,6.993061,44.210762,-0.033282,0.942392,0.045735,0.329695,-5.344089,0.676877,-15.092272,-0.018656,0.893387,0.012363,0.448731,17.816023,1.403607,35.710365
159,1.325,-0.028439,0.917766,0.007273,0.396035,1.838669,86.643715,14.803854,-0.123126,0.907028,0.144735,0.375755,1.389232,94.384308,14.73271,-0.025639,0.923767,0.005209,0.382059,-5.585995,113.869545,18.303539,0.075062,0.95357,0.09026,0.277348,-6.677058,135.088486,18.091766,0.007879,0.989401,0.01371,0.144348,-4.28673,149.588181,19.655613,-0.106244,0.762969,0.130161,0.624218,-9.657929,129.385025,15.801869,-0.740392,0.063937,0.506542,-0.437204,-13.02055,129.391418,-0.833608,-0.656208,-0.573542,0.191374,0.45146,-2.369693,117.428879,-16.280121,0.21723,0.272278,-0.643033,-0.682044,5.792785,145.527771,-8.18279,-0.099754,0.922868,0.018243,0.371525,-4.354059,129.710632,21.101151,0.433366,0.897301,0.083933,0.000605,7.594802,132.605453,32.801197,-0.160655,0.430673,0.512081,-0.725592,21.488472,115.297615,31.206623,0.005576,0.222948,0.659483,-0.717875,18.910446,137.024185,19.857679,0.053712,0.92651,0.135155,0.347027,-4.635842,86.204575,7.926021,0.104726,0.969838,-0.011081,0.219829,-4.84317,51.519955,-2.494419,-0.033271,0.942415,0.045624,0.329646,-14.685418,5.252227,-3.65608,-0.090624,0.895971,-0.106752,0.421459,8.313179,87.082848,21.681686,-0.0077,0.908154,-0.145999,0.392276,10.935629,52.286457,31.376282,-0.018682,0.893382,0.012301,0.448742,6.177472,6.992042,44.209717,-0.033271,0.942415,0.045624,0.329646,-5.345232,0.675863,-15.092164,-0.018682,0.893382,0.012301,0.448742,17.816683,1.401324,35.710369
160,1.333333,-0.028462,0.917799,0.007228,0.395957,1.834533,86.643478,14.806917,-0.123182,0.907062,0.144714,0.375664,1.385047,94.384064,14.735023,-0.025621,0.923806,0.00517,0.381967,-5.591362,113.868271,18.304707,0.074883,0.953624,0.090285,0.277205,-6.681093,135.08728,18.09178,0.007897,0.989423,0.013789,0.144184,-4.296,149.587967,19.654396,-0.106299,0.763015,0.130242,0.624136,-9.662787,129.383865,15.802841,-0.740298,0.063887,0.506422,-0.437509,-13.028494,129.389984,-0.832009,-0.656243,-0.573692,0.191334,0.451237,-2.37192,117.424835,-16.272549,0.217243,0.272361,-0.643046,-0.681995,5.781069,145.527206,-8.177727,-0.100013,0.922875,0.018426,0.371429,-4.357845,129.709473,21.101051,0.433476,0.897258,0.083819,0.000542,7.591678,132.610153,32.798965,-0.160459,0.430537,0.512153,-0.725666,21.481115,115.298988,31.203661,0.005752,0.222735,0.659526,-0.717901,18.901066,137.023468,19.854345,0.053735,0.926489,0.135135,0.347087,-4.641114,86.203575,7.930203,0.104676,0.969866,-0.010992,0.219733,-4.849823,51.518726,-2.489452,-0.033277,0.942409,0.045693,0.329652,-14.685877,5.249837,-3.657223,-0.090622,0.895999,-0.106689,0.421414,8.31018,87.083389,21.68363,-0.007652,0.908251,-0.146026,0.392044,10.934955,52.285988,31.373989,-0.018866,0.893355,0.012194,0.44879,6.174945,6.99223,44.209072,-0.033277,0.942409,0.045693,0.329652,-5.34529,0.675454,-15.093771,-0.018866,0.893355,0.012194,0.44879,17.816465,1.401229,35.713081
161,1.341667,-0.028436,0.917833,0.007191,0.395881,1.828807,86.6436,14.809168,-0.123176,0.907096,0.144707,0.375586,1.379918,94.384209,14.736941,-0.025632,0.923839,0.005168,0.381887,-5.59594,113.868797,18.307138,0.074901,0.953668,0.090215,0.27707,-6.686106,135.087769,18.094063,0.007804,0.989451,0.013861,0.143994,-4.299938,149.588531,19.654364,-0.106409,0.763063,0.13024,0.624059,-9.668089,129.384262,15.805729,-0.74027,0.06379,0.50641,-0.437584,-13.036254,129.387009,-0.828627,-0.656219,-0.573756,0.191321,0.451196,-2.378596,117.423668,-16.269833,0.217121,0.272596,-0.643001,-0.681983,5.77025,145.526917,-8.173845,-0.100062,0.922906,0.018477,0.371336,-4.36224,129.710052,21.10302,0.433486,0.897261,0.083737,0.000421,7.589287,132.611801,32.798622,-0.16038,0.43042,0.512168,-0.725741,21.47835,115.300629,31.200012,0.005907,0.222605,0.659425,-0.718032,18.894178,137.024719,19.851509,0.053684,0.926477,0.135187,0.347107,-4.648005,86.20385,7.93354,0.104635,0.96984,-0.01101,0.219866,-4.851738,51.51963,-2.488323,-0.033384,0.942441,0.045659,0.329555,-14.684219,5.249959,-3.654923,-0.09065,0.896039,-0.106668,0.42133,8.305618,87.083351,21.684795,-0.007658,0.908275,-0.146027,0.391988,10.933805,52.285992,31.374365,-0.018873,0.893376,0.01217,0.448748,6.175072,6.992266,44.210026,-0.033384,0.942441,0.045659,0.329555,-5.344978,0.67566,-15.092603,-0.018873,0.893376,0.01217,0.448748,17.815763,1.400733,35.713245
162,1.35,-0.028376,0.917874,0.007142,0.395793,1.82094,86.645233,14.812547,-0.123148,0.90714,0.144668,0.375502,1.373196,94.38591,14.740041,-0.025656,0.923874,0.00516,0.381802,-5.599863,113.868835,18.309462,0.074876,0.953706,0.090246,0.276938,-6.690857,135.087753,18.09577,0.007734,0.989478,0.013866,0.143812,-4.305649,149.588638,19.656279,-0.106529,0.76312,0.130252,0.623966,-9.673052,129.384048,15.808207,-0.74027,0.063728,0.506361,-0.437651,-13.044277,129.383331,-0.825532,-0.656167,-0.573846,0.191308,0.451162,-2.384046,117.421486,-16.266123,0.217058,0.272677,-0.642989,-0.681981,5.758821,145.525787,-8.167787,-0.100119,0.922942,0.018524,0.37123,-4.366235,129.710251,21.104506,0.433473,0.89728,0.083608,0.000283,7.587595,132.613342,32.797424,-0.1603,0.43029,0.512136,-0.725859,21.477177,115.302872,31.195827,0.006065,0.222465,0.659203,-0.718278,18.885958,137.024887,19.84782,0.053629,0.926497,0.135188,0.347063,-4.657264,86.206123,7.938189,0.104568,0.969957,-0.010833,0.21939,-4.857801,51.521503,-2.482387,-0.03329,0.942452,0.045707,0.329525,-14.681172,5.250153,-3.65906,-0.090746,0.896093,-0.106596,0.421213,8.299144,87.084343,21.686905,-0.007572,0.908389,-0.146061,0.391712,10.936951,52.287136,31.374422,-0.018746,0.893376,0.012154,0.448755,6.173484,6.994242,44.211266,-0.03329,0.942452,0.045707,0.329525,-5.343451,0.676215,-15.098131,-0.018746,0.893376,0.012154,0.448755,17.812916,1.40062,35.714127
163,1.358333,-0.02841,0.917903,0.007164,0.395721,1.817759,86.644981,14.814051,-0.123172,0.907156,0.144725,0.375436,1.369389,94.38562,14.741685,-0.025654,0.923896,0.005126,0.381748,-5.605368,113.868187,18.31344,0.07479,0.953762,0.090164,0.276795,-6.695748,135.087128,18.098499,0.007704,0.98951,0.01392,0.143588,-4.312281,149.588699,19.655493,-0.106622,0.763188,0.130359,0.623845,-9.678376,129.383377,15.811649,-0.740211,0.06366,0.506296,-0.437835,-13.054067,129.381699,-0.821181,-0.656124,-0.573936,0.191319,0.451106,-2.390518,117.419395,-16.259123,0.216955,0.272574,-0.643134,-0.681919,5.745807,145.525436,-8.160194,-0.100159,0.922993,0.018494,0.371094,-4.370941,129.709747,21.107315,0.433493,0.897278,0.083516,0.000181,7.586032,132.614761,32.796539,-0.160202,0.430153,0.512157,-0.725947,21.474802,115.303848,31.192593,0.006167,0.222243,0.659214,-0.718336,18.878838,137.025757,19.845278,0.053621,0.926522,0.135205,0.346988,-4.661477,86.205421,7.940695,0.104547,0.969936,-0.01083,0.219494,-4.861856,51.521049,-2.480733,-0.033346,0.942416,0.045723,0.32962,-14.683077,5.249256,-3.658287,-0.090741,0.89611,-0.106614,0.421172,8.296995,87.084541,21.687407,-0.007656,0.908291,-0.14602,0.391952,10.934396,52.287548,31.375786,-0.018795,0.89339,0.012145,0.448724,6.176291,6.993625,44.210995,-0.033346,0.942416,0.045723,0.32962,-5.342489,0.676381,-15.095438,-0.018795,0.89339,0.012145,0.448724,17.81559,1.4004,35.713421
164,1.366667,-0.028423,0.917944,0.007202,0.395625,1.814416,86.644043,14.816191,-0.123272,0.907192,0.14477,0.375298,1.365613,94.384666,14.744321,-0.025508,0.923966,0.005088,0.381588,-5.615401,113.87236,18.318363,0.07483,0.953812,0.090154,0.276616,-6.699483,135.091644,18.104483,0.007601,0.989543,0.01384,0.143374,-4.314803,149.593048,19.660885,-0.106753,0.763257,0.13022,0.623768,-9.684618,129.38884,15.818485,-0.740181,0.063513,0.506361,-0.437833,-13.062632,129.380264,-0.813867,-0.656055,-0.573909,0.19137,0.451218,-2.401173,117.421654,-16.256113,0.21664,0.27268,-0.643074,-0.682032,5.735865,145.526917,-8.155252,-0.100106,0.923029,0.018549,0.371016,-4.375247,129.71347,21.112318,0.433558,0.897252,0.08346,-9.5e-05,7.584047,132.616287,32.799706,-0.160104,0.43,0.512249,-0.725994,21.47031,115.304329,31.185585,0.006292,0.222109,0.65911,-0.718472,18.872646,137.026413,19.841513,0.053636,0.926518,0.135249,0.346981,-4.666241,86.204491,7.944178,0.10448,0.969945,-0.010811,0.219487,-4.866547,51.521111,-2.480539,-0.033317,0.942434,0.045763,0.329566,-14.681382,5.247972,-3.658356,-0.090725,0.89618,-0.106575,0.421036,8.295073,87.083595,21.688202,-0.007639,0.908369,-0.146049,0.391762,10.934156,52.285778,31.373192,-0.018775,0.893404,0.012169,0.448697,6.176147,6.992629,44.211155,-0.033317,0.942434,0.045763,0.329566,-5.342273,0.67591,-15.097037,-0.018775,0.893404,0.012169,0.448697,17.814842,1.399743,35.712536
165,1.375,-0.028439,0.917975,0.007237,0.395552,1.810075,86.642853,14.818133,-0.123338,0.907233,0.144832,0.375153,1.360827,94.383453,14.746708,-0.025499,0.924031,0.004997,0.381434,-5.623118,113.86998,18.323145,0.074652,0.953881,0.090068,0.276452,-6.705403,135.08931,18.106035,0.007643,0.989562,0.01391,0.143232,-4.325024,149.591919,19.658005,-0.106755,0.763292,0.130301,0.623707,-9.691792,129.386398,15.821984,-0.740188,0.063472,0.506408,-0.437771,-13.072367,129.379089,-0.809853,-0.655951,-0.573932,0.191387,0.451333,-2.412806,117.422272,-16.254801,0.216516,0.272627,-0.64314,-0.682031,5.722256,145.526611,-8.14878,-0.100161,0.923056,0.018533,0.370935,-4.380651,129.711441,21.114016,0.43356,0.897268,0.083286,-0.00023,7.580315,132.616333,32.799187,-0.160018,0.429906,0.512231,-0.726082,21.46653,115.304504,31.18301,0.006388,0.221983,0.659231,-0.718399,18.863974,137.025482,19.838215,0.053611,0.926529,0.135239,0.34696,-4.671658,86.203262,7.947134,0.104441,0.969967,-0.010719,0.219412,-4.870836,51.519501,-2.476315,-0.033281,0.942428,0.045783,0.329584,-14.680311,5.245402,-3.661012,-0.09071,0.896238,-0.106549,0.420924,8.291808,87.082443,21.689133,-0.007666,0.908357,-0.146041,0.391791,10.931875,52.284039,31.371712,-0.018786,0.893403,0.012173,0.448699,6.176066,6.990722,44.209904,-0.033281,0.942428,0.045783,0.329584,-5.341088,0.673521,-15.099676,-0.018786,0.893403,0.012173,0.448699,17.814938,1.398084,35.711357
166,1.383333,-0.028439,0.91803,0.007215,0.395425,1.805628,86.643036,14.819074,-0.123379,0.907259,0.144933,0.375038,1.3565,94.383636,14.747395,-0.025488,0.924071,0.004975,0.381338,-5.630428,113.869514,18.327972,0.075102,0.953886,0.090047,0.276321,-6.711934,135.088882,18.110285,0.007297,0.989606,0.013759,0.142959,-4.318784,149.589127,19.664751,-0.106824,0.763274,0.130317,0.623714,-9.699019,129.386002,15.827068,-0.740098,0.063391,0.506452,-0.437884,-13.078793,129.377304,-0.804929,-0.655915,-0.573948,0.191409,0.451356,-2.420773,117.420006,-16.250559,0.216347,0.272586,-0.643208,-0.682037,5.712602,145.524612,-8.143751,-0.100138,0.923107,0.018539,0.370814,-4.386765,129.711029,21.117985,0.433717,0.897218,0.082998,-0.000587,7.577416,132.615387,32.799999,-0.160104,0.429852,0.512311,-0.726038,21.45756,115.299568,31.174538,0.006437,0.221934,0.659215,-0.718428,18.856638,137.024811,19.83482,0.053642,0.926554,0.135191,0.346905,-4.678009,86.203232,7.949886,0.103996,0.970241,-0.01046,0.21842,-4.881064,51.518761,-2.471138,-0.033429,0.942721,0.04604,0.328695,-14.645964,5.235356,-3.660336,-0.090734,0.896236,-0.106553,0.420922,8.289266,87.08284,21.688261,-0.007693,0.908326,-0.146,0.391877,10.930799,52.284813,31.371807,-0.018701,0.89339,0.012196,0.448728,6.177603,6.990415,44.207146,-0.033429,0.942721,0.04604,0.328695,-5.325823,0.671694,-15.117828,-0.018701,0.89339,0.012196,0.448728,17.816242,1.397267,35.708614
167,1.391667,-0.028449,0.918062,0.007174,0.39535,1.800248,86.641701,14.822512,-0.123434,0.907296,0.144928,0.374932,1.35122,94.382301,14.750231,-0.025451,0.92412,0.00495,0.381222,-5.637097,113.867233,18.330475,0.074923,0.95396,0.089975,0.276136,-6.716779,135.086685,18.112574,0.007302,0.989638,0.013789,0.142736,-4.328064,149.588089,19.662931,-0.106821,0.763299,0.130378,0.62367,-9.704945,129.384018,15.830241,-0.740185,0.063448,0.506543,-0.437624,-13.086589,129.376434,-0.801386,-0.6558,-0.573878,0.191487,0.451578,-2.432968,117.421112,-16.251598,0.216124,0.272651,-0.643187,-0.682102,5.703493,145.523666,-8.140726,-0.100197,0.923113,0.018537,0.370782,-4.391329,129.70871,21.119814,0.433701,0.897227,0.082991,-0.000687,7.573247,132.61499,32.800953,-0.160056,0.429806,0.512301,-0.726084,21.454004,115.300026,31.171713,0.00641,0.221912,0.659128,-0.718515,18.850672,137.023834,19.831781,0.053526,0.926529,0.135311,0.346944,-4.684494,86.201385,7.954394,0.104359,0.970163,-0.010484,0.218594,-4.876297,51.518364,-2.471659,-0.033365,0.94245,0.045807,0.329509,-14.674449,5.242163,-3.667922,-0.090766,0.896254,-0.106461,0.420898,8.28499,87.082008,21.690628,-0.007674,0.908361,-0.146052,0.391778,10.931736,52.28299,31.369186,-0.018791,0.893398,0.012163,0.448708,6.176444,6.989977,44.208641,-0.033365,0.94245,0.045807,0.329509,-5.336118,0.671776,-15.107918,-0.018791,0.893398,0.012163,0.448708,17.815498,1.397156,35.710461
168,1.4,-0.028492,0.918103,0.00716,0.39525,1.796845,86.64299,14.825395,-0.123556,0.907323,0.144996,0.3748,1.347292,94.383553,14.752698,-0.02545,0.924174,0.004964,0.381091,-5.64584,113.8657,18.334297,0.075221,0.953999,0.089799,0.275978,-6.725752,135.085159,18.117081,0.007113,0.989674,0.013757,0.142497,-4.327258,149.585281,19.66424,-0.106854,0.763272,0.130353,0.623704,-9.714516,129.382492,15.835489,-0.740232,0.063394,0.506635,-0.437446,-13.094507,129.373764,-0.796463,-0.655731,-0.573846,0.191489,0.451718,-2.444749,117.422318,-16.252323,0.216143,0.272674,-0.643211,-0.682063,5.693877,145.522888,-8.136773,-0.100165,0.923193,0.018598,0.370589,-4.399411,129.707123,21.123566,0.433524,0.897299,0.083133,-0.000632,7.57024,132.612015,32.799835,-0.160036,0.429683,0.512204,-0.726229,21.457809,115.30249,31.170713,0.006423,0.221878,0.659093,-0.718558,18.844444,137.024765,19.831007,0.053492,0.926546,0.135376,0.346878,-4.689342,86.20179,7.958705,0.10433,0.969973,-0.010642,0.219439,-4.877954,51.519783,-2.470782,-0.033227,0.942461,0.045853,0.329486,-14.675735,5.243331,-3.660505,-0.090785,0.896281,-0.106459,0.420838,8.283032,87.084183,21.692085,-0.007654,0.908399,-0.146045,0.391693,10.931676,52.285362,31.370853,-0.018724,0.893383,0.01212,0.448743,6.176116,6.992131,44.20945,-0.033227,0.942461,0.045853,0.329486,-5.339191,0.672796,-15.101893,-0.018724,0.893383,0.01212,0.448743,17.814917,1.397328,35.712242
169,1.408333,-0.02848,0.918146,0.007246,0.395151,1.7929,86.640869,14.825731,-0.123655,0.907327,0.145038,0.374742,1.342987,94.381432,14.754377,-0.025421,0.924188,0.004876,0.381059,-5.655082,113.864372,18.336803,0.075453,0.953943,0.090015,0.276036,-6.732416,135.083939,18.116655,0.006779,0.989668,0.013578,0.142571,-4.329151,149.582413,19.671997,-0.106808,0.763367,0.130341,0.623597,-9.722026,129.381317,15.836069,-0.740114,0.063122,0.506556,-0.437777,-13.106859,129.372711,-0.794899,-0.655839,-0.573947,0.191266,0.451528,-2.452011,117.424606,-16.249838,0.216312,0.272566,-0.643302,-0.681968,5.684805,145.524582,-8.130479,-0.100123,0.923217,0.018585,0.37054,-4.406535,129.706055,21.123749,0.433424,0.897343,0.083183,-0.000631,7.564639,132.609909,32.798721,-0.160049,0.429656,0.512138,-0.726289,21.456064,115.303543,31.16901,0.006371,0.221866,0.659029,-0.718621,18.838318,137.024109,19.829296,0.053451,0.926567,0.135413,0.346815,-4.694792,86.200493,7.960411,0.104313,0.969989,-0.010626,0.21938,-4.880451,51.518894,-2.470484,-0.033294,0.942455,0.045849,0.329497,-14.676356,5.242062,-3.660739,-0.090839,0.896267,-0.10648,0.42085,8.280592,87.081245,21.691051,-0.007693,0.908316,-0.146017,0.391896,10.931939,52.283466,31.37281,-0.018715,0.893412,0.012242,0.448682,6.177876,6.989521,44.209435,-0.033294,0.942455,0.045849,0.329497,-5.338909,0.672116,-15.101624,-0.018715,0.893412,0.012242,0.448682,17.816015,1.397712,35.709343
170,1.416667,-0.02851,0.918192,0.007286,0.395042,1.790305,86.639183,14.829307,-0.123807,0.907346,0.145094,0.374623,1.339705,94.379715,14.758388,-0.025319,0.924238,0.004797,0.380946,-5.664667,113.861061,18.341393,0.075324,0.954056,0.089818,0.275747,-6.736768,135.080872,18.11993,0.006938,0.989729,0.013691,0.142127,-4.335528,149.58049,19.667631,-0.106765,0.763399,0.130357,0.623563,-9.72836,129.37883,15.840499,-0.740137,0.063151,0.506662,-0.437611,-13.114968,129.371399,-0.790115,-0.655841,-0.57388,0.191247,0.451618,-2.465048,117.423973,-16.24898,0.216427,0.272584,-0.643304,-0.681922,5.67684,145.521896,-8.127578,-0.100145,0.923239,0.018585,0.370481,-4.411487,129.702621,21.126852,0.433444,0.897342,0.083086,-0.000847,7.561018,132.607285,32.800262,-0.160019,0.429509,0.512168,-0.726361,21.45166,115.300919,31.163734,0.006373,0.221759,0.659273,-0.71843,18.829105,137.023575,19.826717,0.053471,0.926581,0.13545,0.346758,-4.698988,86.19854,7.965513,0.104263,0.97007,-0.01054,0.21905,-4.885666,51.517822,-2.468295,-0.033409,0.942465,0.045864,0.329455,-14.675731,5.239844,-3.662066,-0.090841,0.896312,-0.106463,0.420759,8.279598,87.079826,21.6931,-0.007624,0.908431,-0.146041,0.391622,10.932591,52.281807,31.373549,-0.018709,0.893389,0.012244,0.448727,6.175625,6.988439,44.211136,-0.033409,0.942465,0.045864,0.329455,-5.338082,0.671466,-15.103417,-0.018709,0.893389,0.012244,0.448727,17.814569,1.396637,35.712132
171,1.425,-0.02847,0.918219,0.007258,0.394983,1.785744,86.637985,14.831262,-0.123931,0.907361,0.145195,0.374507,1.335888,94.378555,14.760219,-0.025277,0.924286,0.004684,0.380835,-5.674321,113.857887,18.345905,0.075451,0.954027,0.089919,0.275781,-6.742974,135.077835,18.120796,0.006692,0.989713,0.013555,0.142265,-4.338986,149.576569,19.672472,-0.1067,0.763453,0.130296,0.62352,-9.73604,129.37587,15.843117,-0.740191,0.063174,0.506628,-0.437556,-13.124908,129.368454,-0.78703,-0.655863,-0.573868,0.191245,0.451602,-2.473588,117.422035,-16.245693,0.216545,0.272572,-0.643294,-0.681899,5.669216,145.519989,-8.125355,-0.100216,0.923286,0.018663,0.370339,-4.417874,129.699753,21.128159,0.43353,0.897306,0.083026,-0.00087,7.557712,132.605881,32.798031,-0.159973,0.429505,0.51221,-0.726344,21.445051,115.29689,31.161434,0.006397,0.22169,0.659192,-0.718525,18.824463,137.019562,19.824129,0.053429,0.926577,0.135476,0.346765,-4.704468,86.197807,7.968311,0.104233,0.970089,-0.010495,0.218982,-4.887537,51.517265,-2.466153,-0.033339,0.942468,0.045886,0.329449,-14.674033,5.23861,-3.662754,-0.090844,0.896373,-0.10646,0.42063,8.275956,87.078163,21.694212,-0.007628,0.908441,-0.14603,0.391601,10.930602,52.280148,31.37421,-0.01883,0.893386,0.012217,0.448729,6.174701,6.98646,44.211079,-0.033339,0.942468,0.045886,0.329449,-5.337183,0.670112,-15.104701,-0.01883,0.893386,0.012217,0.448729,17.814812,1.395547,35.7131
172,1.433333,-0.028501,0.918249,0.0073,0.394909,1.783406,86.637962,14.833063,-0.124048,0.907366,0.145319,0.374409,1.332838,94.378494,14.76246,-0.025211,0.924324,0.004618,0.380746,-5.683693,113.856339,18.351793,0.075491,0.954091,0.089703,0.275617,-6.748708,135.076447,18.125288,0.006663,0.989749,0.013584,0.142014,-4.341857,149.575394,19.670565,-0.10676,0.763501,0.130401,0.62343,-9.743198,129.374832,15.848613,-0.740157,0.063113,0.506697,-0.437542,-13.135469,129.367523,-0.780839,-0.655913,-0.573796,0.191226,0.451629,-2.486908,117.422165,-16.242228,0.216639,0.272482,-0.643295,-0.681903,5.661311,145.518799,-8.122748,-0.100187,0.923347,0.018594,0.370199,-4.423965,129.698212,21.13261,0.43359,0.897275,0.083039,-0.00097,7.555321,132.60463,32.798611,-0.159849,0.429391,0.512304,-0.726372,21.44031,115.294174,31.157516,0.006549,0.22155,0.659143,-0.718612,18.819674,137.017075,19.821486,0.053388,0.926651,0.135545,0.346549,-4.707879,86.197517,7.971143,0.104221,0.969998,-0.010569,0.219386,-4.888935,51.518024,-2.466824,-0.033347,0.942461,0.045849,0.329475,-14.675349,5.239272,-3.660469,-0.090815,0.896399,-0.106493,0.420572,8.274691,87.078407,21.694983,-0.0077,0.908375,-0.145977,0.391773,10.927107,52.28051,31.376059,-0.018857,0.893394,0.012204,0.448712,6.176895,6.985459,44.210217,-0.033347,0.942461,0.045849,0.329475,-5.337898,0.669859,-15.101561,-0.018857,0.893394,0.012204,0.448712,17.816906,1.394575,35.712074
173,1.441667,-0.028481,0.918272,0.007273,0.394859,1.779824,86.638405,14.835921,-0.124011,0.90741,0.14541,0.374279,1.329703,94.37896,14.765096,-0.025411,0.924367,0.004539,0.38063,-5.683959,113.849701,18.358288,0.075697,0.954101,0.089647,0.275543,-6.755557,135.069412,18.125551,0.006495,0.989762,0.013594,0.141931,-4.342486,149.567352,19.670601,-0.10653,0.763745,0.13045,0.62316,-9.748845,129.36618,15.851343,-0.740149,0.062964,0.506535,-0.437764,-13.154199,129.36377,-0.77544,-0.656036,-0.573752,0.191208,0.451514,-2.497516,117.421471,-16.233597,0.216539,0.272345,-0.643266,-0.682017,5.654176,145.518829,-8.120045,-0.100328,0.923364,0.018583,0.37012,-4.428433,129.69281,21.133957,0.433663,0.897248,0.082953,-0.001044,7.551899,132.603882,32.797726,-0.159787,0.429326,0.51238,-0.726371,21.434099,115.291336,31.155087,0.006838,0.221402,0.658894,-0.718883,18.814657,137.014252,19.820875,0.05339,0.92669,0.135509,0.346456,-4.712231,86.198105,7.97472,0.104173,0.970056,-0.010444,0.219156,-4.895365,51.517929,-2.460957,-0.033516,0.942448,0.045871,0.329491,-14.675149,5.237988,-3.662752,-0.090825,0.896497,-0.10643,0.420378,8.27188,87.078705,21.697123,-0.007663,0.908455,-0.146013,0.391576,10.929002,52.279972,31.373898,-0.01884,0.893399,0.012244,0.448703,6.17708,6.985864,44.210739,-0.033516,0.942448,0.045871,0.329491,-5.335573,0.670905,-15.103045,-0.01884,0.893399,0.012244,0.448703,17.816919,1.395774,35.711842
174,1.45,-0.028547,0.918296,0.00732,0.394795,1.77863,86.63945,14.837986,-0.124048,0.90743,0.145473,0.374193,1.327282,94.379936,14.767454,-0.025447,0.924401,0.004564,0.380546,-5.688394,113.849594,18.363026,0.075327,0.954185,0.089468,0.275412,-6.761856,135.069214,18.130774,0.00675,0.989773,0.01366,0.141832,-4.357723,149.569534,19.667362,-0.106714,0.763785,0.13045,0.623079,-9.755065,129.365753,15.857029,-0.740163,0.06287,0.506576,-0.437707,-13.162525,129.358093,-0.769319,-0.655971,-0.573696,0.191307,0.451637,-2.507155,117.419365,-16.231131,0.216439,0.272188,-0.643337,-0.682045,5.646172,145.516373,-8.118019,-0.100367,0.923408,0.018578,0.369999,-4.433727,129.692764,21.138685,0.433694,0.897234,0.082945,-0.001171,7.549365,132.605331,32.799244,-0.159576,0.429175,0.512466,-0.726446,21.430336,115.29229,31.151575,0.007063,0.221228,0.658907,-0.718923,18.808779,137.01474,19.816441,0.053422,0.926764,0.1355,0.346258,-4.714301,86.198334,7.977667,0.104111,0.970063,-0.010407,0.219158,-4.902004,51.518227,-2.458145,-0.033481,0.942442,0.045993,0.329494,-14.675408,5.236989,-3.661994,-0.090818,0.896505,-0.106433,0.42036,8.271562,87.080566,21.698305,-0.00764,0.908515,-0.146019,0.391434,10.9283,52.281784,31.374962,-0.018879,0.893393,0.012197,0.448714,6.176209,6.98781,44.212212,-0.033481,0.942442,0.045993,0.329494,-5.33578,0.672944,-15.103454,-0.018879,0.893393,0.012197,0.448714,17.816439,1.397019,35.714314
175,1.458333,-0.028574,0.918317,0.007346,0.394746,1.775671,86.639595,14.840319,-0.124024,0.907474,0.145543,0.374069,1.32378,94.380051,14.770007,-0.025495,0.92446,0.004623,0.380398,-5.691031,113.847649,18.369272,0.075274,0.954258,0.089197,0.275262,-6.767355,135.067154,18.138777,0.006738,0.989791,0.013683,0.141705,-4.362511,149.568268,19.666723,-0.106823,0.763872,0.130504,0.622943,-9.760545,129.363434,15.865612,-0.740236,0.062779,0.506635,-0.437527,-13.172963,129.353165,-0.759724,-0.655853,-0.573544,0.191527,0.451908,-2.519758,117.420113,-16.22743,0.216114,0.271982,-0.643486,-0.68209,5.639051,145.516159,-8.11645,-0.100407,0.923451,0.018579,0.369882,-4.437553,129.690796,21.145584,0.433635,0.897249,0.083086,-0.001283,7.548229,132.604843,32.803024,-0.159322,0.428928,0.512539,-0.726595,21.431484,115.294281,31.148369,0.007267,0.221044,0.659063,-0.718834,18.80324,137.015442,19.813282,0.053408,0.926774,0.135491,0.346238,-4.717967,86.198181,7.980684,0.104081,0.970043,-0.010386,0.219263,-4.905172,51.517784,-2.454189,-0.033453,0.942437,0.046076,0.329499,-14.675261,5.235908,-3.660401,-0.090823,0.896535,-0.106418,0.420298,8.26931,87.081009,21.699953,-0.00764,0.908526,-0.146009,0.391413,10.927554,52.28207,31.375643,-0.018888,0.893384,0.012241,0.44873,6.176052,6.987831,44.212162,-0.033453,0.942437,0.046076,0.329499,-5.335574,0.673881,-15.102622,-0.018888,0.893384,0.012241,0.44873,17.816898,1.398299,35.714272
176,1.466667,-0.028604,0.918324,0.007343,0.394727,1.773065,86.63887,14.843173,-0.123947,0.907515,0.145696,0.373934,1.320759,94.379303,14.772643,-0.025637,0.924511,0.004545,0.380264,-5.691963,113.843216,18.37944,0.07533,0.954304,0.089061,0.275131,-6.772647,135.062439,18.143719,0.006651,0.989814,0.013656,0.141553,-4.36516,149.563522,19.667799,-0.106762,0.763967,0.130557,0.622826,-9.765324,129.357529,15.872886,-0.740171,0.06269,0.50668,-0.437599,-13.183146,129.349106,-0.751336,-0.6558,-0.573464,0.191687,0.452019,-2.531458,117.416672,-16.220547,0.21586,0.271714,-0.643607,-0.682163,5.629174,145.513336,-8.113641,-0.100552,0.92347,0.018583,0.369794,-4.44091,129.687332,21.151268,0.433784,0.897199,0.082846,-0.001644,7.546082,132.605988,32.806297,-0.15918,0.428746,0.512666,-0.726645,21.423531,115.291771,31.141338,0.00745,0.220861,0.659256,-0.718712,18.793949,137.014481,19.809017,0.053418,0.926786,0.135485,0.346204,-4.720821,86.196899,7.983813,0.104043,0.970114,-0.010296,0.218971,-4.909289,51.516457,-2.450888,-0.033441,0.942421,0.046174,0.329533,-14.674401,5.233645,-3.661656,-0.090775,0.89656,-0.106408,0.420258,8.266952,87.080833,21.702534,-0.007707,0.908517,-0.145999,0.391436,10.922861,52.281105,31.376028,-0.01875,0.893429,0.012373,0.448642,6.177167,6.986669,44.214031,-0.033441,0.942421,0.046174,0.329533,-5.333771,0.674251,-15.104151,-0.01875,0.893429,0.012373,0.448642,17.815542,1.398679,35.71175
177,1.475,-0.028595,0.918345,0.007347,0.394678,1.769626,86.637634,14.844425,-0.123952,0.907548,0.145783,0.373818,1.317421,94.378075,14.774034,-0.025638,0.924566,0.004548,0.380132,-5.696164,113.840393,18.384787,0.075354,0.954356,0.088978,0.274972,-6.776951,135.059601,18.1493,0.006586,0.989844,0.013571,0.141352,-4.368114,149.56076,19.670633,-0.106839,0.764089,0.130597,0.622654,-9.770269,129.354691,15.879343,-0.740102,0.062565,0.506683,-0.43773,-13.194771,129.343903,-0.74351,-0.655793,-0.573392,0.191833,0.452059,-2.542526,117.412781,-16.213362,0.215682,0.271471,-0.643735,-0.682195,5.619759,145.510818,-8.112788,-0.100613,0.923491,0.018588,0.369725,-4.444344,129.684525,21.156202,0.433861,0.897178,0.082659,-0.001913,7.543971,132.605148,32.809387,-0.159051,0.428629,0.512713,-0.726709,21.418409,115.289223,31.136978,0.007593,0.220812,0.659291,-0.718693,18.786215,137.011902,19.80444,0.053418,0.926749,0.135484,0.346304,-4.725011,86.195839,7.98576,0.104007,0.970135,-0.010243,0.218899,-4.912362,51.515377,-2.448884,-0.033508,0.942424,0.046123,0.329525,-14.673197,5.231756,-3.663049,-0.090778,0.896585,-0.106386,0.42021,8.264261,87.07943,21.703091,-0.007714,0.908481,-0.145979,0.391526,10.921572,52.2794,31.375128,-0.018906,0.893398,0.012258,0.448701,6.176021,6.984437,44.211323,-0.033508,0.942424,0.046123,0.329525,-5.332229,0.671608,-15.104975,-0.018906,0.893398,0.012258,0.448701,17.816586,1.395556,35.712616
178,1.483333,-0.02858,0.918356,0.007335,0.394655,1.765282,86.637619,14.847671,-0.12408,0.907563,0.14589,0.373698,1.313353,94.378067,14.777215,-0.025544,0.924627,0.004493,0.379991,-5.706345,113.838234,18.39085,0.075275,0.954395,0.088978,0.274859,-6.782603,135.057678,18.154884,0.006577,0.989859,0.013415,0.141266,-4.376,149.559311,19.675203,-0.106976,0.764112,0.130602,0.622601,-9.77785,129.353317,15.88606,-0.740066,0.06251,0.506778,-0.437687,-13.203608,129.33876,-0.736524,-0.655714,-0.573339,0.191978,0.45218,-2.55537,117.408623,-16.209883,0.215636,0.271281,-0.643888,-0.68214,5.607193,145.507172,-8.111385,-0.100679,0.92352,0.018587,0.369633,-4.450244,129.682205,21.16128,0.433921,0.89716,0.082538,-0.002114,7.539925,132.605072,32.811989,-0.158981,0.428616,0.512718,-0.726728,21.411987,115.287819,31.133699,0.007555,0.220904,0.659249,-0.718704,18.779583,137.008759,19.799942,0.05338,0.926762,0.135463,0.346284,-4.729712,86.195976,7.989338,0.10399,0.970313,-0.010029,0.218124,-4.915246,51.514816,-2.443022,-0.033573,0.942412,0.04612,0.329552,-14.671191,5.230474,-3.66869,-0.090798,0.896611,-0.106352,0.420159,8.260276,87.079254,21.706003,-0.007697,0.9085,-0.145959,0.391491,10.920458,52.278973,31.37631,-0.018985,0.893372,0.012227,0.44875,6.174656,6.983423,44.210331,-0.033573,0.942412,0.04612,0.329552,-5.328936,0.670898,-15.109789,-0.018985,0.893372,0.012227,0.44875,17.816824,1.394824,35.713646
179,1.491667,-0.028607,0.918363,0.007352,0.394635,1.762439,86.637375,14.850434,-0.124108,0.907574,0.145979,0.373626,1.310023,94.377808,14.780071,-0.025476,0.924665,0.004517,0.379901,-5.711174,113.835052,18.396809,0.075108,0.954455,0.088894,0.274721,-6.78518,135.054626,18.162996,0.006563,0.989884,0.013311,0.141102,-4.382592,149.557358,19.679134,-0.107021,0.764209,0.130635,0.622468,-9.78149,129.3508,15.89424,-0.739953,0.062427,0.506811,-0.437853,-13.212543,129.334839,-0.72725,-0.655722,-0.573328,0.192121,0.452121,-2.565321,117.403397,-16.200312,0.215651,0.271166,-0.643898,-0.682172,5.594688,145.50502,-8.109974,-0.1008,0.923542,0.018644,0.369543,-4.452812,129.678635,21.16844,0.433922,0.897155,0.082583,-0.002279,7.538785,132.604691,32.816879,-0.158849,0.428431,0.512747,-0.726845,21.410772,115.288116,31.131113,0.007644,0.220936,0.659272,-0.718671,18.772028,137.008728,19.798431,0.053361,0.926753,0.135515,0.34629,-4.732825,86.195396,7.992379,0.103988,0.97009,-0.010204,0.219106,-4.915732,51.515114,-2.442946,-0.033472,0.942413,0.046153,0.329556,-14.673824,5.231052,-3.662338,-0.09081,0.8966,-0.106321,0.420188,8.257702,87.079361,21.70849,-0.007697,0.908522,-0.145955,0.39144,10.919328,52.278755,31.377272,-0.018913,0.893365,0.012266,0.448766,6.174392,6.983122,44.2113,-0.033472,0.942413,0.046153,0.329556,-5.332389,0.671376,-15.104064,-0.018913,0.893365,0.012266,0.448766,17.816296,1.394575,35.714218
180,1.5,-0.028635,0.918363,0.007466,0.394631,1.758347,86.637054,14.851734,-0.123988,0.907621,0.146137,0.373491,1.304842,94.377426,14.782824,-0.025712,0.924709,0.004302,0.379782,-5.714325,113.8358,18.408783,0.075313,0.954465,0.088956,0.274612,-6.79414,135.054947,18.162861,0.006506,0.989912,0.013221,0.140915,-4.386315,149.556488,19.681986,-0.107082,0.764278,0.130619,0.622375,-9.789449,129.348999,15.898149,-0.739863,0.062497,0.506738,-0.438079,-13.223988,129.33046,-0.722618,-0.655771,-0.573385,0.192233,0.451928,-2.57384,117.393303,-16.189251,0.215796,0.271076,-0.643976,-0.682089,5.579515,145.499817,-8.10913,-0.100773,0.923578,0.018846,0.369449,-4.459594,129.681335,21.170877,0.433835,0.897191,0.082643,-0.002313,7.534534,132.604233,32.817501,-0.158777,0.428401,0.512688,-0.72692,21.409893,115.290558,31.129545,0.007511,0.22091,0.659269,-0.718684,18.766932,137.008972,19.794281,0.053413,0.92668,0.135522,0.346475,-4.736944,86.195442,7.993682,0.103949,0.970119,-0.010183,0.218996,-4.921035,51.515686,-2.443361,-0.0335,0.942409,0.046186,0.329559,-14.675286,5.23082,-3.662744,-0.090886,0.896593,-0.106307,0.420189,8.253637,87.078667,21.709785,-0.00766,0.908558,-0.145961,0.391356,10.920573,52.278839,31.379896,-0.019047,0.89339,0.012259,0.448712,6.17339,6.983304,44.213455,-0.0335,0.942409,0.046186,0.329559,-5.333408,0.672367,-15.104593,-0.019047,0.89339,0.012259,0.448712,17.815613,1.396321,35.71579
181,1.508333,-0.028675,0.918394,0.007582,0.394554,1.75594,86.637436,14.853677,-0.124044,0.907617,0.14621,0.373453,1.301146,94.377747,14.786209,-0.025673,0.92472,0.004336,0.379756,-5.720777,113.833931,18.414137,0.075334,0.95452,0.088698,0.274497,-6.799606,135.053162,18.170219,0.006419,0.989941,0.013261,0.140716,-4.389123,149.555069,19.681776,-0.107199,0.764301,0.130731,0.622303,-9.795319,129.347549,15.905164,-0.739821,0.062554,0.506758,-0.438119,-13.23204,129.327927,-0.71515,-0.65579,-0.573423,0.192332,0.451812,-2.583139,117.387703,-16.180267,0.216112,0.271082,-0.643982,-0.681981,5.565281,145.497681,-8.107298,-0.100762,0.923628,0.018865,0.369327,-4.465133,129.679153,21.177605,0.433752,0.897236,0.082581,-0.002511,7.532131,132.6017,32.821091,-0.158832,0.428315,0.512628,-0.727001,21.410639,115.291176,31.126734,0.007461,0.220917,0.659289,-0.718664,18.760944,137.010727,19.793337,0.053386,0.926679,0.135572,0.346463,-4.740458,86.195961,7.996664,0.103979,0.970027,-0.010271,0.219386,-4.921653,51.516979,-2.443004,-0.033597,0.942374,0.046169,0.329651,-14.679951,5.232873,-3.658938,-0.090909,0.896569,-0.10635,0.420225,8.252337,87.078911,21.710691,-0.00766,0.908598,-0.145945,0.391269,10.919012,52.280045,31.384336,-0.018993,0.893402,0.012354,0.448686,6.173718,6.984058,44.216991,-0.033597,0.942374,0.046169,0.329651,-5.334952,0.674972,-15.098463,-0.018993,0.893402,0.012354,0.448686,17.815351,1.398791,35.717384
182,1.516667,-0.028735,0.918421,0.007685,0.394484,1.754225,86.6371,14.856686,-0.124091,0.907616,0.146295,0.373406,1.297946,94.377342,14.79035,-0.025623,0.924735,0.004307,0.379723,-5.726718,113.831726,18.420956,0.075321,0.954564,0.088596,0.27438,-6.803146,135.051056,18.176731,0.006347,0.989973,0.013179,0.140501,-4.392189,149.553238,19.684855,-0.107184,0.764396,0.130789,0.622178,-9.799669,129.345764,15.91199,-0.739777,0.062581,0.506784,-0.438159,-13.24179,129.326859,-0.707209,-0.655793,-0.573418,0.192452,0.451763,-2.59418,117.384445,-16.171535,0.216264,0.271021,-0.644117,-0.681829,5.55177,145.497055,-8.105246,-0.100754,0.923657,0.018867,0.369258,-4.469072,129.676849,21.184048,0.43351,0.897325,0.08289,-0.002494,7.529994,132.599258,32.825714,-0.158648,0.428152,0.512553,-0.72719,21.41785,115.296661,31.126961,0.007469,0.220852,0.65915,-0.718811,18.757645,137.011902,19.790819,0.053372,0.926709,0.135611,0.346369,-4.743141,86.195335,8.000608,0.103971,0.97004,-0.010248,0.219334,-4.923385,51.51701,-2.441288,-0.033635,0.942363,0.046185,0.329679,-14.680557,5.232704,-3.658606,-0.090929,0.896621,-0.106317,0.420117,8.251591,87.078873,21.712763,-0.007631,0.908588,-0.14597,0.391284,10.921731,52.279758,31.384552,-0.018962,0.893398,0.012423,0.448693,6.17275,6.984434,44.218178,-0.033635,0.942363,0.046185,0.329679,-5.334487,0.675647,-15.097591,-0.018962,0.893398,0.012423,0.448693,17.814531,1.400531,35.717876
183,1.525,-0.028711,0.918436,0.007691,0.394453,1.74953,86.63588,14.858788,-0.124129,0.907619,0.146387,0.37335,1.293548,94.376129,14.792706,-0.025542,0.924764,0.004286,0.37966,-5.733386,113.828133,18.426371,0.075317,0.954593,0.088453,0.27433,-6.806312,135.047668,18.182711,0.006165,0.989979,0.013163,0.140466,-4.394327,149.55011,19.686565,-0.107196,0.764508,0.130836,0.622027,-9.804098,129.342896,15.918268,-0.739724,0.062551,0.506764,-0.438276,-13.252505,129.323608,-0.699633,-0.655804,-0.573478,0.192514,0.451645,-2.603851,117.380081,-16.162386,0.21646,0.270997,-0.644152,-0.681744,5.536539,145.495773,-8.101143,-0.100827,0.923664,0.01893,0.369216,-4.47272,129.673004,21.189602,0.433643,0.897269,0.082788,-0.002793,7.5269,132.596985,32.830311,-0.158681,0.428088,0.512677,-0.727134,21.409542,115.291229,31.121096,0.007486,0.220777,0.659074,-0.718904,18.752785,137.010208,19.789917,0.053384,0.926696,0.135621,0.346399,-4.74834,86.194557,8.003155,0.103907,0.970094,-0.01017,0.219128,-4.928826,51.516521,-2.439676,-0.033595,0.942388,0.046228,0.329604,-14.678857,5.230808,-3.660743,-0.090954,0.896627,-0.106294,0.420107,8.247399,87.077194,21.714422,-0.007664,0.908579,-0.145932,0.391317,10.920006,52.278065,31.385475,-0.019015,0.893426,0.012478,0.448634,6.174771,6.98174,44.216957,-0.033595,0.942388,0.046228,0.329604,-5.334861,0.674503,-15.101727,-0.019015,0.893426,0.012478,0.448634,17.816248,1.399925,35.714855
184,1.533333,-0.02876,0.918475,0.007711,0.394356,1.746665,86.633392,14.861098,-0.124148,0.907626,0.146502,0.373283,1.289859,94.373604,14.795036,-0.025556,0.924776,0.004201,0.37963,-5.739274,113.824127,18.433184,0.075552,0.954604,0.088441,0.274229,-6.81138,135.043655,18.18598,0.005961,0.990016,0.013091,0.140222,-4.392713,149.544876,19.690979,-0.107159,0.764612,0.130834,0.621907,-9.809529,129.338623,15.922692,-0.739619,0.062538,0.506661,-0.438574,-13.263279,129.319336,-0.694098,-0.655821,-0.573563,0.192642,0.451458,-2.609905,117.371834,-16.150518,0.216418,0.270945,-0.644115,-0.681812,5.521537,145.492828,-8.098763,-0.100868,0.923723,0.019005,0.369054,-4.477815,129.669418,21.193642,0.433756,0.897233,0.08258,-0.002955,7.525583,132.59404,32.830284,-0.158774,0.42811,0.512715,-0.727073,21.403814,115.285042,31.118208,0.007551,0.220712,0.65883,-0.719147,18.749786,137.007278,19.789511,0.053372,0.926703,0.135691,0.346353,-4.752594,86.19133,8.006831,0.103894,0.970053,-0.010185,0.219316,-4.930969,51.51458,-2.440315,-0.033565,0.942368,0.04627,0.32966,-14.679925,5.228642,-3.661613,-0.090915,0.896706,-0.106264,0.419953,8.245923,87.075462,21.715364,-0.007697,0.908548,-0.14596,0.391377,10.918581,52.275372,31.382912,-0.018936,0.893439,0.012471,0.448612,6.174369,6.979862,44.21764,-0.033565,0.942368,0.04627,0.32966,-5.334778,0.673219,-15.102005,-0.018936,0.893439,0.012471,0.448612,17.814585,1.396833,35.714619
185,1.541667,-0.028757,0.9185,0.007693,0.3943,1.743297,86.632225,14.864285,-0.124219,0.907609,0.146642,0.373244,1.286643,94.372437,14.798029,-0.025463,0.924788,0.004185,0.379607,-5.746819,113.819847,18.440399,0.075173,0.954699,0.088294,0.274051,-6.815031,135.039581,18.19408,0.006185,0.990053,0.013089,0.139952,-4.40584,149.543182,19.691299,-0.107235,0.764589,0.13098,0.621891,-9.814346,129.33519,15.930724,-0.739561,0.062529,0.506707,-0.43862,-13.268214,129.317017,-0.686038,-0.655697,-0.573614,0.192821,0.451496,-2.616876,117.368019,-16.142708,0.216328,0.270873,-0.644204,-0.681785,5.506824,145.492081,-8.09386,-0.100919,0.923734,0.019096,0.369007,-4.482302,129.664795,21.20141,0.433712,0.897246,0.082662,-0.003159,7.521908,132.589935,32.837078,-0.158668,0.427966,0.512772,-0.727141,21.401796,115.283218,31.115419,0.007544,0.220532,0.658859,-0.719175,18.744659,137.00499,19.788683,0.053353,0.926698,0.135772,0.346339,-4.756803,86.190071,8.010825,0.103873,0.970014,-0.010227,0.219496,-4.932032,51.514755,-2.441143,-0.033561,0.942375,0.046232,0.329643,-14.679665,5.228477,-3.660023,-0.090917,0.896736,-0.106211,0.419901,8.243396,87.074387,21.717745,-0.007676,0.908614,-0.145955,0.391226,10.918415,52.273487,31.381754,-0.019193,0.893455,0.012373,0.448572,6.174623,6.97782,44.216095,-0.033561,0.942375,0.046232,0.329643,-5.335052,0.671951,-15.100412,-0.019193,0.893455,0.012373,0.448572,17.816261,1.395654,35.714455
186,1.55,-0.028769,0.918528,0.007747,0.394233,1.739886,86.63308,14.866821,-0.124243,0.907604,0.146783,0.373193,1.282724,94.373268,14.801285,-0.025457,0.924801,0.00417,0.379576,-5.753246,113.817856,18.44873,0.075199,0.954732,0.088081,0.273996,-6.820967,135.037613,18.202002,0.006055,0.990065,0.013088,0.139869,-4.409341,149.541428,19.693188,-0.107261,0.764705,0.130981,0.621744,-9.820571,129.333252,15.938976,-0.739517,0.062478,0.506664,-0.438751,-13.280445,129.313354,-0.676541,-0.655624,-0.573624,0.19301,0.451509,-2.626853,117.364059,-16.131437,0.216105,0.270717,-0.644315,-0.681813,5.491765,145.491287,-8.088544,-0.100917,0.923797,0.019126,0.368848,-4.488164,129.662842,21.209299,0.433717,0.897243,0.08266,-0.003307,7.52006,132.58786,32.840858,-0.15866,0.42784,0.51279,-0.727205,21.399712,115.281532,31.113308,0.007547,0.220473,0.658818,-0.719231,18.738111,137.004669,19.789513,0.053346,0.92673,0.135776,0.346253,-4.761196,86.191086,8.014279,0.103861,0.970088,-0.01014,0.21918,-4.936841,51.515804,-2.437792,-0.033621,0.942357,0.046241,0.32969,-14.682039,5.229136,-3.661199,-0.090922,0.896787,-0.106174,0.419801,8.240969,87.075081,21.719364,-0.007668,0.908628,-0.145971,0.391189,10.918532,52.273678,31.380865,-0.019085,0.893446,0.012448,0.448593,6.174075,6.978428,44.216419,-0.033621,0.942357,0.046241,0.32969,-5.3357,0.673478,-15.100527,-0.019085,0.893446,0.012448,0.448593,17.815359,1.396751,35.713966
187,1.558333,-0.028803,0.918551,0.007847,0.394174,1.737134,86.63353,14.86831,-0.124199,0.907623,0.146921,0.373108,1.278873,94.373665,14.804024,-0.025527,0.92483,0.004162,0.3795,-5.756876,113.816307,18.457848,0.075343,0.954772,0.087918,0.273869,-6.827236,135.035904,18.209757,0.005911,0.990096,0.01308,0.139657,-4.410275,149.539246,19.696976,-0.107384,0.764761,0.131014,0.621646,-9.826504,129.331024,15.947625,-0.739512,0.062377,0.506689,-0.438745,-13.289605,129.307983,-0.667211,-0.655478,-0.573653,0.193177,0.451612,-2.636591,117.361664,-16.124804,0.215934,0.270649,-0.644478,-0.68174,5.476101,145.490768,-8.082463,-0.100823,0.92378,0.019066,0.368921,-4.493292,129.661636,21.217068,0.433598,0.89728,0.082873,-0.003522,7.513742,132.584351,32.850437,-0.158536,0.427643,0.512851,-0.727304,21.397913,115.282883,31.11062,0.007522,0.220276,0.658904,-0.719213,18.731203,137.005753,19.789629,0.05335,0.92671,0.13581,0.346291,-4.764786,86.191673,8.016556,0.103868,0.97,-0.010214,0.219563,-4.939381,51.517094,-2.437859,-0.033564,0.942323,0.046294,0.329786,-14.686169,5.23068,-3.65845,-0.090938,0.896775,-0.106164,0.419827,8.239055,87.075394,21.720064,-0.007685,0.908604,-0.145984,0.39124,10.917672,52.274048,31.381491,-0.019001,0.893441,0.012592,0.448602,6.173438,6.97917,44.218452,-0.033564,0.942323,0.046294,0.329786,-5.337962,0.675983,-15.096632,-0.019001,0.893441,0.012592,0.448602,17.814705,1.400078,35.714279
188,1.566667,-0.028833,0.918567,0.007887,0.394132,1.734463,86.634781,14.8709,-0.124146,0.907624,0.146984,0.373099,1.275523,94.374878,14.807025,-0.02554,0.924832,0.004279,0.379494,-5.758224,113.81472,18.463629,0.07515,0.954845,0.08776,0.273717,-6.830974,135.034256,18.219904,0.00593,0.990133,0.013059,0.139396,-4.41816,149.53894,19.700588,-0.107494,0.764849,0.131137,0.621493,-9.82964,129.329498,15.956659,-0.739461,0.062332,0.506736,-0.438784,-13.298408,129.305176,-0.656989,-0.655362,-0.573655,0.193344,0.451706,-2.647245,117.358711,-16.115738,0.215709,0.270526,-0.64457,-0.681773,5.461363,145.489532,-8.075328,-0.100949,0.923839,0.019283,0.368727,-4.496372,129.659622,21.226072,0.433662,0.897239,0.082987,-0.003634,7.514646,132.583908,32.854931,-0.158475,0.427401,0.512951,-0.72739,21.396341,115.281143,31.108221,0.007595,0.220184,0.658984,-0.719167,18.724422,137.007248,19.792988,0.053377,0.926744,0.135829,0.346191,-4.768049,86.19268,8.019726,0.103823,0.969993,-0.010208,0.219615,-4.945062,51.518673,-2.436545,-0.033577,0.94232,0.04631,0.32979,-14.687599,5.231369,-3.657262,-0.090988,0.896755,-0.106109,0.419871,8.236975,87.076881,21.722075,-0.007653,0.908629,-0.146002,0.391176,10.920059,52.275349,31.381577,-0.01924,0.89344,0.012447,0.448598,6.173301,6.980929,44.219238,-0.033577,0.94232,0.04631,0.32979,-5.339122,0.67725,-15.095451,-0.01924,0.89344,0.012447,0.448598,17.816275,1.401267,35.717785
189,1.575,-0.02884,0.918601,0.007959,0.394053,1.732283,86.63427,14.872252,-0.124096,0.907675,0.147134,0.372931,1.27281,94.374344,14.809391,-0.025624,0.924903,0.004271,0.379315,-5.75938,113.809479,18.473091,0.075354,0.954886,0.087555,0.273583,-6.835389,135.028824,18.227928,0.00564,0.990152,0.013043,0.139271,-4.41522,149.532776,19.703922,-0.107536,0.764953,0.131211,0.621342,-9.834072,129.32341,15.966331,-0.739323,0.062266,0.506688,-0.439081,-13.308888,129.298538,-0.646055,-0.655379,-0.573708,0.193489,0.451553,-2.655194,117.348862,-16.100571,0.215577,0.270574,-0.644642,-0.681728,5.446293,145.484558,-8.070024,-0.101074,0.923846,0.019298,0.368674,-4.498833,129.654816,21.233669,0.433818,0.897131,0.083335,-0.003693,7.512658,132.582886,32.86108,-0.158369,0.427168,0.513187,-0.727383,21.388287,115.276245,31.104729,0.007625,0.220126,0.658988,-0.719181,18.718536,137.006348,19.797327,0.053401,0.926739,0.135824,0.346201,-4.771407,86.192551,8.02217,0.103771,0.969978,-0.010181,0.219707,-4.95007,51.518654,-2.434418,-0.033618,0.942319,0.046328,0.329785,-14.68722,5.230278,-3.657466,-0.090996,0.896817,-0.106086,0.419744,8.235974,87.075981,21.722334,-0.007648,0.908626,-0.146037,0.39117,10.921672,52.274204,31.38023,-0.019153,0.893441,0.012534,0.448597,6.173262,6.980732,44.220627,-0.033618,0.942319,0.046328,0.329785,-5.338398,0.67707,-15.095735,-0.019153,0.893441,0.012534,0.448597,17.815725,1.402156,35.717762
190,1.583333,-0.028844,0.918632,0.007987,0.393978,1.727981,86.631538,14.874104,-0.124055,0.907709,0.147198,0.372838,1.268263,94.371597,14.811662,-0.025621,0.924944,0.004295,0.379214,-5.762694,113.805664,18.47897,0.075372,0.954916,0.087569,0.273469,-6.83896,135.025009,18.234909,0.005495,0.990175,0.012913,0.139126,-4.418411,149.528885,19.711037,-0.107565,0.765048,0.131266,0.621209,-9.838086,129.319672,15.973737,-0.739222,0.061906,0.506696,-0.439292,-13.318321,129.29425,-0.637519,-0.655318,-0.573801,0.193427,0.45155,-2.663026,117.351761,-16.096493,0.215467,0.270521,-0.644737,-0.681694,5.433486,145.487259,-8.060295,-0.1011,0.923855,0.019343,0.368642,-4.501692,129.650909,21.239918,0.433915,0.897088,0.083277,-0.003906,7.510418,132.579285,32.866627,-0.158379,0.427047,0.513282,-0.727385,21.382254,115.270378,31.102556,0.007596,0.219995,0.659108,-0.719111,18.712143,137.003433,19.800333,0.053387,0.926762,0.135861,0.346127,-4.776814,86.189934,8.025061,0.103722,0.970065,-0.010084,0.219348,-4.954391,51.516647,-2.433584,-0.033754,0.942323,0.046315,0.329762,-14.685546,5.227125,-3.660895,-0.09101,0.896785,-0.10606,0.419816,8.232776,87.073143,21.723146,-0.007669,0.908622,-0.145983,0.391198,10.919417,52.271152,31.380009,-0.019099,0.893413,0.012602,0.448653,6.174412,6.976238,44.216572,-0.033754,0.942323,0.046315,0.329762,-5.335969,0.674925,-15.098955,-0.019099,0.893413,0.012602,0.448653,17.817709,1.398716,35.714153
191,1.591667,-0.028843,0.918684,0.007965,0.393858,1.725217,86.630585,14.87662,-0.123932,0.907761,0.14734,0.372694,1.265649,94.370651,14.813926,-0.025796,0.924988,0.004256,0.379096,-5.760453,113.799301,18.488688,0.075339,0.954952,0.087473,0.273384,-6.843004,135.01828,18.240417,0.005342,0.990183,0.012926,0.139072,-4.422628,149.522507,19.713257,-0.107439,0.765167,0.13145,0.621046,-9.841018,129.311569,15.981194,-0.739146,0.061915,0.506615,-0.439512,-13.329063,129.292145,-0.62843,-0.655305,-0.573877,0.193529,0.451428,-2.67017,117.346207,-16.082249,0.215336,0.270526,-0.644697,-0.681771,5.418552,145.485687,-8.052162,-0.101182,0.923853,0.019373,0.368623,-4.503413,129.645493,21.245979,0.433995,0.897044,0.083327,-0.004031,7.508613,132.576065,32.872215,-0.158384,0.42696,0.513359,-0.727381,21.377287,115.265259,31.101904,0.007424,0.219879,0.659144,-0.719116,18.707388,137.000336,19.803625,0.053342,0.926798,0.135939,0.346006,-4.781372,86.188789,8.029296,0.103709,0.969974,-0.01017,0.219754,-4.955285,51.516689,-2.433347,-0.033571,0.942335,0.046328,0.329745,-14.686534,5.227077,-3.656583,-0.090996,0.896817,-0.106036,0.419757,8.231805,87.07238,21.723946,-0.007651,0.908663,-0.146013,0.391091,10.918916,52.269829,31.378662,-0.01907,0.893432,0.012581,0.448616,6.172821,6.97571,44.217621,-0.033571,0.942335,0.046328,0.329745,-5.339147,0.673385,-15.095833,-0.01907,0.893432,0.012581,0.448616,17.815022,1.397258,35.714314
192,1.6,-0.02883,0.918726,0.007995,0.39376,1.722187,86.630936,14.879272,-0.123965,0.907791,0.147428,0.372577,1.262614,94.37101,14.817141,-0.025721,0.925044,0.004319,0.378964,-5.765445,113.797966,18.495504,0.075349,0.955022,0.087377,0.273168,-6.846114,135.01709,18.25108,0.005233,0.990228,0.012842,0.138769,-4.42471,149.5215,19.720493,-0.107373,0.765244,0.131553,0.62094,-9.845312,129.31102,15.991781,-0.739087,0.06185,0.506696,-0.439527,-13.338275,129.294724,-0.616805,-0.655288,-0.573887,0.193528,0.451441,-2.682666,117.349159,-16.073179,0.215349,0.270606,-0.644737,-0.681697,5.405446,145.488556,-8.04213,-0.101245,0.92388,0.019451,0.368532,-4.506143,129.64357,21.255064,0.434163,0.896949,0.083475,-0.00412,7.507724,132.575302,32.879097,-0.158367,0.426859,0.513532,-0.727321,21.369879,115.260017,31.101755,0.007333,0.219755,0.659043,-0.719247,18.70462,136.99794,19.809612,0.053366,0.926803,0.13596,0.345982,-4.785869,86.18956,8.033317,0.103646,0.970062,-0.010046,0.219398,-4.961195,51.518051,-2.43125,-0.03359,0.942352,0.046305,0.329697,-14.684625,5.226973,-3.660943,-0.090985,0.896828,-0.106062,0.41973,8.230242,87.072304,21.725225,-0.007662,0.908708,-0.145966,0.391004,10.916083,52.270012,31.381216,-0.018979,0.893417,0.012668,0.448647,6.173841,6.974611,44.217064,-0.03359,0.942352,0.046305,0.329697,-5.338261,0.672805,-15.100837,-0.018979,0.893417,0.012668,0.448647,17.816105,1.397208,35.713158
193,1.608333,-0.028875,0.91879,0.008107,0.393606,1.720417,86.632362,14.880115,-0.123955,0.907819,0.147483,0.372491,1.259502,94.372368,14.819376,-0.025714,0.925073,0.004394,0.378892,-5.768085,113.797234,18.500305,0.07525,0.955071,0.087379,0.273025,-6.849712,135.016342,18.259026,0.005163,0.990258,0.012752,0.138564,-4.431123,149.521347,19.727207,-0.107423,0.765258,0.131676,0.620889,-9.849022,129.310471,15.999404,-0.739064,0.06212,0.506707,-0.439515,-13.343809,129.295197,-0.608808,-0.655187,-0.573937,0.193716,0.451443,-2.690196,117.340874,-16.059792,0.215215,0.270625,-0.644772,-0.681699,5.389991,145.483917,-8.033589,-0.101221,0.923895,0.019475,0.368501,-4.509029,129.642517,21.261885,0.434323,0.896873,0.08345,-0.004371,7.505793,132.573257,32.885189,-0.1586,0.426786,0.513686,-0.727205,21.361687,115.253983,31.097742,0.007265,0.219692,0.658998,-0.719308,18.701077,136.999146,19.817562,0.053336,0.926852,0.136022,0.34583,-4.789886,86.190971,8.036295,0.103645,0.970003,-0.010114,0.21966,-4.963283,51.520466,-2.431628,-0.033642,0.942355,0.046272,0.329687,-14.687657,5.229491,-3.65771,-0.091004,0.896869,-0.106116,0.419623,8.230721,87.073753,21.723934,-0.007598,0.908785,-0.145979,0.390822,10.917261,52.272545,31.383652,-0.018956,0.893417,0.012698,0.448648,6.171622,6.977421,44.219242,-0.033642,0.942355,0.046272,0.329687,-5.341095,0.674908,-15.097284,-0.018956,0.893417,0.012698,0.448648,17.813808,1.400491,35.714912
194,1.616667,-0.028898,0.918836,0.0082,0.393495,1.718707,86.633568,14.880763,-0.124088,0.907827,0.147654,0.372357,1.256894,94.373528,14.82127,-0.025613,0.925132,0.004429,0.378754,-5.778273,113.796616,18.507708,0.075008,0.955169,0.087147,0.272821,-6.85651,135.015945,18.269566,0.005313,0.990285,0.012825,0.138361,-4.442897,149.522705,19.728573,-0.107462,0.765228,0.131684,0.620916,-9.857433,129.310852,16.010098,-0.739036,0.061782,0.506807,-0.439495,-13.350749,129.294968,-0.598422,-0.655033,-0.573987,0.193675,0.451621,-2.699783,117.350327,-16.058716,0.214979,0.270671,-0.644859,-0.681673,5.377903,145.490967,-8.021492,-0.101193,0.923951,0.019529,0.368366,-4.515797,129.641327,21.271008,0.434173,0.896909,0.083846,-0.004184,7.502585,132.570786,32.890949,-0.158556,0.426668,0.513681,-0.727287,21.36433,115.256165,31.103865,0.007194,0.219611,0.658977,-0.719352,18.698593,137.000549,19.825489,0.05336,0.92686,0.135997,0.345816,-4.793226,86.192436,8.03848,0.103629,0.970003,-0.010077,0.219667,-4.969075,51.521622,-2.428383,-0.033683,0.942302,0.046337,0.329825,-14.691228,5.23026,-3.657587,-0.091022,0.896881,-0.106177,0.419579,8.23064,87.074699,21.723047,-0.007598,0.908768,-0.145971,0.390866,10.916903,52.274673,31.38707,-0.019066,0.893447,0.012689,0.448584,6.171,6.97932,44.221733,-0.033683,0.942302,0.046337,0.329825,-5.340792,0.677986,-15.094909,-0.019066,0.893447,0.012689,0.448584,17.81307,1.403576,35.716473
195,1.625,-0.028934,0.91889,0.008232,0.393366,1.717278,86.634796,14.882744,-0.124128,0.90784,0.147751,0.372273,1.254748,94.374718,14.823538,-0.025478,0.925171,0.004542,0.378666,-5.782489,113.79464,18.513288,0.074813,0.955211,0.087268,0.272689,-6.857262,135.014206,18.281866,0.005191,0.990308,0.012659,0.138213,-4.450092,149.521881,19.742306,-0.107445,0.765327,0.131674,0.620799,-9.859578,129.310303,16.021242,-0.739027,0.061656,0.506903,-0.439416,-13.357973,129.293777,-0.586206,-0.65485,-0.573975,0.193814,0.451841,-2.710628,117.35321,-16.052134,0.214593,0.270653,-0.644933,-0.681732,5.364577,145.493393,-8.010929,-0.101045,0.92396,0.019399,0.36839,-4.516842,129.63829,21.281195,0.434166,0.896877,0.084224,-0.004295,7.501963,132.564758,32.901459,-0.158547,0.426465,0.513853,-0.727287,21.363934,115.251518,31.102652,0.007194,0.219453,0.658897,-0.719475,18.698402,137.000305,19.832674,0.053363,0.926883,0.13603,0.345741,-4.796543,86.193214,8.042284,0.103626,0.96999,-0.010077,0.219728,-4.972578,51.52306,-2.42676,-0.033699,0.942293,0.046335,0.329851,-14.694378,5.23164,-3.656533,-0.090997,0.896869,-0.106208,0.419602,8.231098,87.076378,21.723202,-0.007609,0.90878,-0.145955,0.390844,10.91457,52.276497,31.388538,-0.019128,0.893458,0.012644,0.448561,6.17049,6.980708,44.222347,-0.033699,0.942293,0.046335,0.329851,-5.343159,0.67948,-15.093261,-0.019128,0.893458,0.012644,0.448561,17.812532,1.404615,35.717278
196,1.633333,-0.028908,0.918939,0.008223,0.393254,1.712693,86.633583,14.884252,-0.124151,0.907859,0.14786,0.372178,1.250589,94.373528,14.825135,-0.025404,0.925211,0.004564,0.378576,-5.788554,113.791451,18.519224,0.074946,0.955224,0.087294,0.2726,-6.860818,135.011169,18.289984,0.004923,0.990327,0.012565,0.138094,-4.450142,149.518127,19.751886,-0.107424,0.765369,0.131705,0.620745,-9.864274,129.307861,16.029432,-0.739069,0.061836,0.506948,-0.439269,-13.365126,129.292114,-0.5775,-0.654635,-0.573951,0.194098,0.452061,-2.720804,117.347969,-16.042753,0.214103,0.270617,-0.64502,-0.681818,5.349448,145.490112,-8.003319,-0.101033,0.924003,0.01958,0.368277,-4.520447,129.634705,21.288345,0.434351,0.8968,0.084069,-0.004568,7.501261,132.558777,32.906212,-0.158783,0.426412,0.513993,-0.727167,21.355974,115.240623,31.098833,0.007149,0.219337,0.658913,-0.719496,18.695101,136.997742,19.839405,0.05331,0.926902,0.136068,0.345682,-4.802821,86.192345,8.045382,0.103595,0.970017,-0.010038,0.219623,-4.974983,51.522541,-2.424896,-0.033707,0.942303,0.046304,0.329826,-14.693303,5.230439,-3.656543,-0.090985,0.896959,-0.106199,0.419414,8.228207,87.074814,21.723122,-0.007629,0.908769,-0.145958,0.390867,10.913226,52.274632,31.386938,-0.01906,0.893464,0.012617,0.448553,6.170455,6.978956,44.22163,-0.033707,0.942303,0.046304,0.329826,-5.342695,0.677491,-15.093462,-0.01906,0.893464,0.012617,0.448553,17.811512,1.401259,35.716255
197,1.641667,-0.02884,0.918987,0.008165,0.393146,1.706779,86.631165,14.887789,-0.124151,0.907881,0.148003,0.372067,1.24598,94.371185,14.828324,-0.025391,0.925249,0.00449,0.378484,-5.794399,113.786125,18.528326,0.074928,0.955265,0.087177,0.272498,-6.864973,135.005905,18.296484,0.004793,0.990342,0.012625,0.137983,-4.453878,149.513168,19.754566,-0.10733,0.765427,0.131784,0.620672,-9.869332,129.302521,16.03727,-0.739046,0.061713,0.506997,-0.439268,-13.373908,129.290344,-0.568877,-0.654471,-0.573971,0.194185,0.452235,-2.731114,117.34935,-16.037611,0.213682,0.270583,-0.645119,-0.68187,5.335646,145.491028,-7.993075,-0.101114,0.924002,0.019626,0.368253,-4.524458,129.629639,21.295101,0.434441,0.896751,0.084117,-0.004693,7.497281,132.555679,32.912434,-0.158802,0.426337,0.514118,-0.727119,21.348459,115.235344,31.098837,0.007088,0.219218,0.659092,-0.719368,18.690807,136.995285,19.844696,0.053206,0.926984,0.136176,0.345436,-4.810412,86.190636,8.050474,0.103567,0.970031,-0.009999,0.219575,-4.975648,51.52216,-2.424298,-0.033672,0.942338,0.046295,0.329731,-14.690697,5.229434,-3.658482,-0.090997,0.896952,-0.106149,0.41944,8.223969,87.071686,21.725103,-0.007646,0.908774,-0.145942,0.390862,10.911061,52.270889,31.386137,-0.019055,0.893478,0.012751,0.448522,6.170357,6.974816,44.220192,-0.033672,0.942338,0.046295,0.329731,-5.34273,0.675825,-15.097292,-0.019055,0.893478,0.012751,0.448522,17.811432,1.400508,35.712631
198,1.65,-0.028867,0.919026,0.00819,0.393052,1.705834,86.629745,14.889036,-0.124168,0.907904,0.148186,0.371933,1.244501,94.369736,14.829811,-0.02547,0.925292,0.004427,0.378372,-5.797235,113.778183,18.536619,0.074657,0.955367,0.087058,0.272251,-6.869919,134.997818,18.30114,0.00486,0.990386,0.012815,0.13765,-4.465527,149.506836,19.752863,-0.107186,0.765453,0.131909,0.620639,-9.874259,129.293747,16.04368,-0.739019,0.061562,0.506998,-0.439335,-13.381285,129.287689,-0.561953,-0.654303,-0.574065,0.194259,0.452327,-2.737714,117.35022,-16.032866,0.213362,0.270592,-0.645203,-0.681887,5.320721,145.492905,-7.98353,-0.101192,0.924017,0.019589,0.368198,-4.528177,129.62233,21.300192,0.434512,0.896726,0.084017,-0.004805,7.494412,132.551361,32.91589,-0.158916,0.426243,0.514181,-0.727104,21.342798,115.229103,31.099451,0.007024,0.219051,0.65944,-0.719101,18.684273,136.993713,19.851734,0.053276,0.926958,0.136226,0.345475,-4.812722,86.188911,8.053042,0.103521,0.970006,-0.010017,0.219709,-4.980929,51.521957,-2.42674,-0.033628,0.942316,0.046278,0.329799,-14.692037,5.228371,-3.659642,-0.090969,0.89703,-0.106124,0.419284,8.224389,87.070587,21.725031,-0.007638,0.908774,-0.145968,0.390851,10.912096,52.269028,31.383165,-0.019028,0.893436,0.012754,0.448605,6.169947,6.973645,44.219143,-0.033628,0.942316,0.046278,0.329799,-5.342919,0.673863,-15.097155,-0.019028,0.893436,0.012754,0.448605,17.812326,1.399073,35.713535
199,1.658333,-0.028848,0.91907,0.0082,0.392951,1.700937,86.630714,14.891958,-0.124218,0.907917,0.148329,0.371827,1.239806,94.37072,14.833043,-0.025305,0.925345,0.00445,0.378256,-5.806345,113.779381,18.54562,0.07458,0.955422,0.087011,0.272096,-6.872954,134.999359,18.313852,0.004752,0.990412,0.012755,0.137473,-4.470368,149.508926,19.763079,-0.107342,0.765441,0.131901,0.620629,-9.879527,129.296524,16.056246,-0.738977,0.061318,0.507193,-0.439213,-13.385834,129.28627,-0.54954,-0.654112,-0.574075,0.194315,0.452567,-2.74971,117.355896,-16.031042,0.213173,0.270619,-0.645257,-0.681884,5.306691,145.496674,-7.973027,-0.101087,0.924048,0.019598,0.368148,-4.531991,129.622696,21.31143,0.434504,0.896712,0.084204,-0.004897,7.492569,132.548447,32.925919,-0.159026,0.426265,0.514219,-0.72704,21.341259,115.227188,31.102264,0.006819,0.219138,0.659212,-0.719285,18.685726,136.992859,19.858809,0.05324,0.926953,0.136283,0.345471,-4.819139,86.190239,8.057388,0.103505,0.969994,-0.010014,0.219768,-4.983493,51.524128,-2.425237,-0.033637,0.942324,0.04627,0.329777,-14.69301,5.230224,-3.658702,-0.091,0.897038,-0.10606,0.419277,8.221012,87.07119,21.726528,-0.00766,0.908748,-0.145998,0.390901,10.912807,52.269066,31.381475,-0.018935,0.893453,0.012786,0.448576,6.170712,6.974557,44.220535,-0.033637,0.942324,0.04627,0.329777,-5.344363,0.675591,-15.096551,-0.018935,0.893453,0.012786,0.448576,17.811733,1.399573,35.713337
200,1.666667,-0.02885,0.919104,0.008279,0.392871,1.698349,86.633102,14.893661,-0.124164,0.907935,0.148444,0.371755,1.236696,94.373093,14.835897,-0.025435,0.925362,0.004484,0.378205,-5.806062,113.773239,18.552708,0.074501,0.955458,0.087114,0.271958,-6.878324,134.99292,18.320244,0.00468,0.990444,0.012742,0.137245,-4.478795,149.502808,19.771328,-0.107261,0.765454,0.132186,0.620566,-9.883626,129.2892,16.063177,-0.739003,0.061256,0.507228,-0.439138,-13.393174,129.286728,-0.541922,-0.654,-0.574147,0.194332,0.452631,-2.758316,117.359306,-16.026569,0.21312,0.270781,-0.645316,-0.681781,5.292682,145.500244,-7.963693,-0.101131,0.924067,0.019615,0.368086,-4.535615,129.617004,21.317778,0.434398,0.896749,0.084357,-0.004843,7.490186,132.544022,32.930653,-0.159133,0.426218,0.514183,-0.72707,21.34296,115.226074,31.106562,0.006652,0.219095,0.659362,-0.719162,18.683388,136.994843,19.865656,0.053218,0.927001,0.136319,0.345333,-4.822917,86.193146,8.060195,0.103497,0.969963,-0.010019,0.219907,-4.986435,51.527584,-2.424244,-0.033672,0.942323,0.046238,0.329781,-14.695162,5.233532,-3.658429,-0.091053,0.897069,-0.106025,0.419207,8.219614,87.073067,21.727127,-0.007633,0.908767,-0.146028,0.390846,10.91664,52.271103,31.381203,-0.019086,0.893493,0.01272,0.448492,6.171876,6.977376,44.222023,-0.033672,0.942323,0.046238,0.329781,-5.346148,0.678357,-15.095758,-0.019086,0.893493,0.01272,0.448492,17.812536,1.40265,35.714169
201,1.675,-0.028912,0.919139,0.0084,0.392781,1.696299,86.634323,14.894727,-0.124202,0.907964,0.148548,0.37163,1.233017,94.374222,14.838348,-0.025417,0.925419,0.004579,0.378064,-5.811874,113.77182,18.559193,0.074452,0.955522,0.086942,0.271799,-6.885027,134.991501,18.330929,0.004593,0.990463,0.01283,0.137104,-4.485528,149.501984,19.776157,-0.107275,0.765411,0.132214,0.620611,-9.890806,129.288071,16.073755,-0.739014,0.061095,0.507331,-0.439024,-13.398377,129.286179,-0.531764,-0.653874,-0.574196,0.194351,0.452742,-2.76728,117.364594,-16.023489,0.213159,0.270871,-0.645319,-0.68173,5.279852,145.504929,-7.954612,-0.101088,0.924122,0.019655,0.367959,-4.541183,129.615128,21.326756,0.434321,0.896766,0.084568,-0.004834,7.488085,132.540604,32.936432,-0.159212,0.426152,0.514202,-0.727078,21.343853,115.22541,31.108919,0.006558,0.21908,0.659423,-0.719112,18.682508,136.996048,19.872404,0.053217,0.926979,0.136346,0.345381,-4.826237,86.194145,8.06249,0.103518,0.969941,-0.010049,0.219994,-4.988475,51.529102,-2.423694,-0.033733,0.94228,0.046229,0.3299,-14.699594,5.235523,-3.65646,-0.091106,0.897079,-0.106003,0.419181,8.218835,87.074509,21.726965,-0.007572,0.908822,-0.146072,0.390703,10.920255,52.272903,31.381094,-0.019088,0.893488,0.012701,0.448502,6.170608,6.980312,44.224129,-0.033733,0.94228,0.046229,0.3299,-5.347152,0.680798,-15.091165,-0.019088,0.893488,0.012701,0.448502,17.811398,1.40513,35.716747
202,1.683333,-0.028913,0.919174,0.008493,0.392696,1.693499,86.635201,14.897126,-0.124224,0.907984,0.148645,0.371534,1.229636,94.375076,14.842118,-0.025401,0.925458,0.004577,0.377969,-5.816799,113.770317,18.566748,0.074452,0.955558,0.086848,0.271704,-6.889305,134.990036,18.338768,0.004431,0.990475,0.012911,0.137017,-4.489062,149.500687,19.781012,-0.107259,0.765415,0.132218,0.620608,-9.895736,129.286713,16.082195,-0.739017,0.060934,0.507369,-0.438997,-13.403551,129.285278,-0.523271,-0.653785,-0.574268,0.194351,0.452779,-2.773291,117.368843,-16.019537,0.2132,0.270943,-0.645216,-0.681786,5.26881,145.509369,-7.946349,-0.101122,0.924137,0.019714,0.367907,-4.545019,129.613571,21.334095,0.434343,0.896755,0.084571,-0.004921,7.485311,132.539444,32.942574,-0.159239,0.426065,0.514259,-0.727083,21.340197,115.22393,31.111448,0.006571,0.218999,0.659642,-0.718936,18.678095,136.996582,19.879107,0.053214,0.926965,0.136382,0.345403,-4.830294,86.195671,8.066046,0.103494,0.969952,-0.010024,0.219961,-4.991127,51.531315,-2.422416,-0.033684,0.942299,0.046167,0.329859,-14.699541,5.237204,-3.656636,-0.091139,0.897093,-0.105978,0.419149,8.217292,87.07473,21.728207,-0.007551,0.908851,-0.146073,0.390636,10.921913,52.27317,31.381598,-0.019039,0.893484,0.012705,0.448512,6.171395,6.98058,44.224312,-0.033684,0.942299,0.046167,0.329859,-5.348741,0.680232,-15.091784,-0.019039,0.893484,0.012705,0.448512,17.81188,1.404856,35.716866
203,1.691667,-0.028824,0.919202,0.00849,0.392639,1.687238,86.634682,14.897232,-0.124168,0.908008,0.148792,0.371436,1.22465,94.374634,14.842751,-0.025361,0.925502,0.004523,0.377866,-5.821077,113.767647,18.57435,0.074609,0.955557,0.087037,0.271606,-6.891143,134.987473,18.344984,0.00413,0.990497,0.012831,0.136874,-4.488017,149.49704,19.793468,-0.107025,0.765523,0.132342,0.620489,-9.898745,129.284332,16.089514,-0.738883,0.060748,0.507344,-0.439277,-13.413273,129.29068,-0.514536,-0.653892,-0.574349,0.194215,0.452581,-2.780866,117.374886,-16.009825,0.213383,0.270984,-0.645209,-0.681719,5.258863,145.516266,-7.937202,-0.101144,0.924187,0.019885,0.367768,-4.546825,129.610962,21.340204,0.434402,0.896729,0.084538,-0.004996,7.48684,132.53566,32.94553,-0.159286,0.425989,0.514321,-0.727073,21.339436,115.218582,31.111845,0.006569,0.218851,0.659733,-0.718897,18.677126,136.994766,19.88352,0.053125,0.926979,0.136396,0.345375,-4.837505,86.19664,8.066961,0.103466,0.969957,-0.009983,0.21995,-4.992324,51.531887,-2.420284,-0.033623,0.942313,0.046157,0.329827,-14.697445,5.237168,-3.657558,-0.091205,0.897094,-0.105931,0.419145,8.211981,87.072723,21.727503,-0.007545,0.908837,-0.146086,0.390664,10.922386,52.271332,31.37986,-0.018826,0.893478,0.012804,0.44853,6.17044,6.979084,44.223259,-0.033623,0.942313,0.046157,0.329827,-5.348037,0.679284,-15.093488,-0.018826,0.893478,0.012804,0.44853,17.809538,1.403108,35.714081
204,1.7,-0.028866,0.919232,0.008541,0.392563,1.685128,86.632034,14.899484,-0.124178,0.908031,0.148886,0.37134,1.221639,94.371933,14.845512,-0.025338,0.925543,0.004537,0.377767,-5.826299,113.766037,18.581617,0.074385,0.955642,0.086814,0.271438,-6.895722,134.985916,18.3533,0.004202,0.990518,0.013013,0.136702,-4.497143,149.497086,19.793108,-0.10715,0.765418,0.132434,0.620577,-9.903993,129.282959,16.098255,-0.738889,0.060624,0.507461,-0.439147,-13.413872,129.288742,-0.506771,-0.653722,-0.57438,0.194289,0.452755,-2.78613,117.377647,-16.008865,0.213284,0.271004,-0.645248,-0.681705,5.249651,145.518417,-7.930244,-0.101178,0.924218,0.019975,0.367674,-4.550937,129.609222,21.347807,0.434517,0.896683,0.084434,-0.005117,7.484823,132.534042,32.950912,-0.15931,0.426018,0.51441,-0.726988,21.332876,115.213684,31.113989,0.006575,0.218792,0.659769,-0.718882,18.676313,136.991745,19.887669,0.053079,0.927033,0.136424,0.345227,-4.840687,86.193626,8.070267,0.10344,0.969989,-0.009919,0.219827,-4.993403,51.529068,-2.417654,-0.03363,0.94232,0.046204,0.329798,-14.694935,5.233702,-3.659065,-0.091202,0.897103,-0.105909,0.419132,8.210943,87.070435,21.728701,-0.007536,0.908866,-0.146077,0.390598,10.921929,52.268665,31.379532,-0.019088,0.893475,0.012754,0.448525,6.170485,6.976161,44.222187,-0.03363,0.94232,0.046204,0.329798,-5.346015,0.67718,-15.095928,-0.019088,0.893475,0.012754,0.448525,17.811964,1.402352,35.714855
205,1.708333,-0.028842,0.919257,0.008651,0.392504,1.681215,86.631454,14.899686,-0.124144,0.908035,0.149006,0.371292,1.2174,94.371346,14.847454,-0.025287,0.925563,0.004527,0.377721,-5.83074,113.764015,18.588881,0.074323,0.955672,0.08675,0.27137,-6.898017,134.983994,18.361027,0.004043,0.990527,0.013094,0.13663,-4.500658,149.495621,19.798296,-0.107135,0.765429,0.132577,0.620536,-9.907095,129.281372,16.106186,-0.738879,0.060235,0.507564,-0.4391,-13.418852,129.290359,-0.49845,-0.653583,-0.574398,0.194233,0.452957,-2.793644,117.391136,-16.011406,0.213114,0.270942,-0.645262,-0.681769,5.242244,145.528595,-7.921393,-0.101155,0.924241,0.02002,0.367622,-4.553482,129.60701,21.355209,0.434481,0.896693,0.084504,-0.005184,7.483752,132.53067,32.957092,-0.159295,0.425923,0.514447,-0.727021,21.333197,115.211823,31.116278,0.006605,0.218687,0.659867,-0.718824,18.674498,136.990936,19.892582,0.053063,0.927026,0.13646,0.345233,-4.845506,86.19426,8.071252,0.103392,0.97003,-0.009897,0.219668,-4.996157,51.530289,-2.418651,-0.033625,0.942342,0.04616,0.329744,-14.693053,5.233946,-3.659486,-0.091224,0.897111,-0.105905,0.41911,8.207936,87.068649,21.728119,-0.00754,0.908897,-0.14609,0.390522,10.920774,52.267097,31.379246,-0.018975,0.893489,0.012768,0.448503,6.170288,6.974962,44.223576,-0.033625,0.942342,0.04616,0.329744,-5.345594,0.67611,-15.097028,-0.018975,0.893489,0.012768,0.448503,17.810253,1.400022,35.714905
206,1.716667,-0.028873,0.919296,0.008688,0.392411,1.678711,86.632484,14.901442,-0.124129,0.908048,0.149077,0.371236,1.214222,94.372337,14.849588,-0.025159,0.925593,0.004631,0.377654,-5.83557,113.768074,18.595085,0.074173,0.955715,0.08691,0.271208,-6.8995,134.988297,18.373451,0.003985,0.990561,0.012984,0.136394,-4.50766,149.500565,19.813545,-0.106976,0.765677,0.132506,0.620271,-9.909834,129.286804,16.117447,-0.738912,0.060083,0.507542,-0.439091,-13.433874,129.296341,-0.484583,-0.653536,-0.5743,0.194338,0.453104,-2.80684,117.402672,-16.00054,0.212727,0.270842,-0.645328,-0.681867,5.233402,145.539246,-7.911708,-0.101113,0.924267,0.02015,0.36756,-4.555362,129.610092,21.365742,0.434509,0.896662,0.084683,-0.005298,7.483688,132.530914,32.966442,-0.159271,0.425803,0.51456,-0.727017,21.331985,115.212021,31.117502,0.006614,0.218647,0.659863,-0.71884,18.674023,136.993103,19.898724,0.053079,0.927046,0.136481,0.345168,-4.849361,86.194977,8.074323,0.103338,0.969995,-0.009911,0.219845,-5.001287,51.53154,-2.417313,-0.033639,0.942339,0.04619,0.329745,-14.693421,5.234179,-3.657494,-0.091229,0.897084,-0.105929,0.419161,8.206783,87.069992,21.728559,-0.007552,0.908898,-0.146045,0.390537,10.918626,52.268887,31.381571,-0.019051,0.893477,0.012772,0.448524,6.170664,6.975511,44.222462,-0.033639,0.942339,0.04619,0.329745,-5.345726,0.677333,-15.095232,-0.019051,0.893477,0.012772,0.448524,17.811819,1.401678,35.714703
207,1.725,-0.028923,0.919334,0.008826,0.392316,1.678283,86.635796,14.901534,-0.12408,0.908039,0.149183,0.371234,1.212237,94.375565,14.851403,-0.025161,0.925583,0.004721,0.377678,-5.83708,113.769958,18.60153,0.074151,0.955706,0.087215,0.271147,-6.902515,134.990143,18.383411,0.003833,0.990587,0.012817,0.136226,-4.513756,149.50209,19.831797,-0.107068,0.765662,0.132603,0.620254,-9.912333,129.288818,16.126303,-0.73892,0.059912,0.507624,-0.439006,-13.436434,129.297974,-0.475718,-0.653332,-0.574273,0.194495,0.453365,-2.812199,117.410217,-15.99812,0.212358,0.270637,-0.645427,-0.681971,5.22621,145.546005,-7.904761,-0.101091,0.924301,0.020272,0.367475,-4.558137,129.611588,21.37491,0.434439,0.896677,0.084884,-0.00529,7.483212,132.53038,32.973747,-0.159282,0.425711,0.514565,-0.727064,21.334209,115.213989,31.121513,0.006555,0.218656,0.659872,-0.71883,18.672804,136.995163,19.905781,0.053137,0.92706,0.136434,0.34514,-4.851152,86.19841,8.075706,0.103163,0.970014,-0.009812,0.219849,-5.008472,51.534496,-2.414271,-0.033797,0.942427,0.046225,0.329473,-14.682627,5.233521,-3.659869,-0.091237,0.897092,-0.105997,0.419127,8.207719,87.073174,21.727362,-0.007541,0.908921,-0.146044,0.390483,10.918309,52.273212,31.384861,-0.019018,0.893485,0.012732,0.448509,6.170145,6.979799,44.225533,-0.033797,0.942427,0.046225,0.329473,-5.339761,0.679111,-15.102527,-0.019018,0.893485,0.012732,0.448509,17.810484,1.404494,35.717617
208,1.733333,-0.028932,0.919359,0.008877,0.392255,1.675165,86.636055,14.903758,-0.124102,0.908042,0.149258,0.371188,1.208663,94.375809,14.85433,-0.025178,0.925608,0.004988,0.377614,-5.845078,113.776459,18.608671,0.074196,0.955746,0.086853,0.271111,-6.915472,134.99649,18.40085,0.003784,0.990582,0.012873,0.136266,-4.522568,149.508743,19.839169,-0.107228,0.7655,0.132433,0.620463,-9.924308,129.295532,16.141472,-0.738933,0.059643,0.507859,-0.438748,-13.43845,129.298477,-0.462662,-0.653096,-0.574192,0.194618,0.453755,-2.823427,117.420784,-15.999063,0.212126,0.270464,-0.645578,-0.681969,5.217667,145.553131,-7.89642,-0.100845,0.924439,0.020377,0.367188,-4.569393,129.617065,21.389425,0.434319,0.896718,0.085053,-0.005413,7.4808,132.527512,32.981171,-0.159432,0.425606,0.514523,-0.727122,21.336388,115.215622,31.121197,0.006509,0.218886,0.659833,-0.718796,18.668375,136.999802,19.911114,0.053127,0.927088,0.136445,0.345062,-4.855167,86.19886,8.078775,0.103149,0.970062,-0.009741,0.219647,-5.012417,51.535088,-2.411685,-0.033759,0.942404,0.046241,0.32954,-14.68412,5.233711,-3.661515,-0.091271,0.897053,-0.105996,0.419203,8.205498,87.07325,21.728743,-0.007539,0.908965,-0.146073,0.390371,10.917479,52.273716,31.387386,-0.018951,0.893521,0.012776,0.448439,6.169657,6.981087,44.230972,-0.033759,0.942404,0.046241,0.32954,-5.339984,0.679397,-15.103182,-0.018951,0.893521,0.012776,0.448439,17.808195,1.405999,35.720436
209,1.741667,-0.028993,0.919392,0.008961,0.392171,1.673481,86.634514,14.90466,-0.124078,0.908059,0.149387,0.371102,1.205609,94.374184,14.856091,-0.025141,0.925644,0.005049,0.377526,-5.849395,113.775085,18.616587,0.074116,0.955792,0.086923,0.270947,-6.919343,134.995178,18.411865,0.00371,0.990613,0.012857,0.136037,-4.529268,149.507828,19.850975,-0.10723,0.765461,0.132575,0.62048,-9.928747,129.294601,16.152296,-0.739034,0.059556,0.508046,-0.438373,-13.442164,129.300705,-0.451986,-0.652897,-0.57407,0.19476,0.454133,-2.835108,117.430428,-15.999493,0.211873,0.270422,-0.645638,-0.682006,5.211211,145.559387,-7.890279,-0.100853,0.924463,0.020468,0.367121,-4.572808,129.615265,21.399252,0.434277,0.896734,0.085093,-0.005597,7.478974,132.524979,32.989529,-0.159396,0.425477,0.514557,-0.727182,21.336105,115.215195,31.121582,0.006493,0.218755,0.659899,-0.718775,18.664398,137.000153,19.914289,0.053122,0.927097,0.136512,0.345014,-4.858024,86.196854,8.080832,0.103132,0.97005,-0.009759,0.219709,-5.013831,51.534355,-2.41385,-0.033692,0.942408,0.046292,0.329528,-14.684291,5.232677,-3.662325,-0.091252,0.897102,-0.106059,0.419087,8.204986,87.072166,21.728487,-0.007545,0.908941,-0.14604,0.390438,10.915017,52.273346,31.390221,-0.018981,0.893531,0.012781,0.448419,6.167963,6.979826,44.230946,-0.033692,0.942408,0.046292,0.329528,-5.340983,0.6791,-15.104953,-0.018981,0.893531,0.012781,0.448419,17.806446,1.40527,35.720001
210,1.75,-0.028928,0.919421,0.008912,0.392108,1.668379,86.632324,14.90629,-0.123979,0.908082,0.149509,0.371031,1.201718,94.37207,14.857454,-0.025125,0.925675,0.005101,0.377449,-5.850336,113.770508,18.624262,0.073974,0.955842,0.086905,0.270817,-6.920527,134.990616,18.421896,0.003603,0.990634,0.012894,0.135885,-4.534306,149.504089,19.858919,-0.107095,0.765487,0.13273,0.620438,-9.930256,129.290237,16.162249,-0.738983,0.059315,0.50819,-0.438324,-13.446392,129.302811,-0.441453,-0.652829,-0.574018,0.194776,0.45429,-2.844609,117.438873,-15.997386,0.211727,0.270448,-0.645658,-0.682023,5.204927,145.565704,-7.883999,-0.100972,0.924465,0.020474,0.367082,-4.573436,129.610413,21.408335,0.434383,0.896685,0.085046,-0.005899,7.478502,132.523804,32.99752,-0.159304,0.425235,0.514697,-0.727244,21.33135,115.21183,31.118038,0.006534,0.218574,0.660247,-0.71851,18.656601,136.999466,19.916939,0.053065,0.927176,0.136643,0.344757,-4.864132,86.195404,8.08338,0.103076,0.970009,-0.009818,0.219911,-5.015673,51.535069,-2.418532,-0.033685,0.942416,0.046246,0.329513,-14.681996,5.232406,-3.662378,-0.091242,0.897088,-0.106028,0.419125,8.20089,87.069244,21.7292,-0.007607,0.90891,-0.146009,0.390521,10.910875,52.269821,31.388796,-0.018895,0.893528,0.01286,0.448425,6.169185,6.975541,44.228802,-0.033685,0.942416,0.046246,0.329513,-5.339227,0.67745,-15.104896,-0.018895,0.893528,0.01286,0.448425,17.807272,1.401866,35.716736
211,1.758333,-0.028803,0.919412,0.008816,0.39214,1.65976,86.630424,14.908978,-0.123936,0.908064,0.149637,0.371037,1.195476,94.370308,14.859522,-0.025052,0.925678,0.005075,0.377449,-5.85695,113.767715,18.631779,0.074039,0.955858,0.086838,0.270763,-6.923817,134.987991,18.429577,0.003418,0.990649,0.013011,0.135773,-4.535246,149.501236,19.865025,-0.106977,0.765443,0.132804,0.620496,-9.934441,129.288101,16.169888,-0.738908,0.059068,0.508337,-0.438315,-13.448996,129.30574,-0.434139,-0.65283,-0.574049,0.194621,0.454316,-2.852526,117.447472,-15.998011,0.211924,0.270564,-0.645637,-0.681936,5.198498,145.571594,-7.876718,-0.10101,0.924489,0.020628,0.367005,-4.577567,129.607422,21.415974,0.43438,0.8967,0.08489,-0.006126,7.476051,132.520218,33.003555,-0.159373,0.425202,0.514699,-0.727247,21.328917,115.208908,31.11805,0.006491,0.218443,0.660284,-0.718516,18.652737,136.998962,19.919302,0.052962,0.927192,0.136738,0.344692,-4.872414,86.194992,8.08565,0.103061,0.970019,-0.009805,0.219876,-5.015347,51.535736,-2.419923,-0.033566,0.942425,0.046225,0.329501,-14.680063,5.232751,-3.664335,-0.091313,0.8971,-0.105912,0.419114,8.191934,87.065865,21.732307,-0.007619,0.908877,-0.145996,0.390601,10.910173,52.265591,31.386518,-0.019093,0.893503,0.012853,0.448467,6.168797,6.970972,44.225456,-0.033566,0.942425,0.046225,0.329501,-5.338821,0.67601,-15.107388,-0.019093,0.893503,0.012853,0.448467,17.809706,1.399737,35.715652
212,1.766667,-0.02877,0.919421,0.008857,0.39212,1.6552,86.628433,14.909941,-0.123927,0.908076,0.149759,0.370961,1.191133,94.36834,14.861274,-0.024987,0.925717,0.005063,0.377356,-5.86329,113.766693,18.63925,0.073936,0.955885,0.086906,0.270673,-6.927444,134.987106,18.437716,0.003359,0.990657,0.013051,0.135709,-4.542327,149.500854,19.873997,-0.106978,0.765393,0.13297,0.620522,-9.939263,129.287659,16.178513,-0.738966,0.05901,0.508447,-0.438096,-13.452729,129.309052,-0.425746,-0.652794,-0.574017,0.194584,0.454425,-2.860966,117.455338,-15.996297,0.212073,0.270697,-0.645595,-0.681876,5.193182,145.577209,-7.8702,-0.10106,0.924513,0.020706,0.366926,-4.581288,129.606171,21.423523,0.434375,0.896701,0.084894,-0.006271,7.473948,132.519684,33.009247,-0.159426,0.425108,0.51474,-0.727262,21.326912,115.209091,31.117916,0.00657,0.218355,0.660169,-0.718648,18.648928,137.000824,19.924137,0.05291,0.927226,0.136809,0.344581,-4.877295,86.193863,8.086866,0.103031,0.96997,-0.009856,0.220106,-5.016194,51.535629,-2.422142,-0.033717,0.942437,0.046184,0.329457,-14.678994,5.232164,-3.663562,-0.091355,0.89711,-0.105876,0.419091,8.187696,87.063011,21.733015,-0.007639,0.908838,-0.146007,0.390687,10.910019,52.262749,31.386095,-0.019202,0.893502,0.012938,0.448462,6.168763,6.968453,44.226212,-0.033717,0.942437,0.046184,0.329457,-5.337408,0.675786,-15.106479,-0.019202,0.893502,0.012938,0.448462,17.811104,1.400848,35.715996
213,1.775,-0.028832,0.919438,0.008927,0.392074,1.65383,86.629158,14.911476,-0.123864,0.908068,0.149869,0.370957,1.188448,94.36898,14.863459,-0.024956,0.925713,0.00509,0.377367,-5.864495,113.764664,18.646196,0.073756,0.955897,0.0872,0.270587,-6.927885,134.985138,18.446232,0.003304,0.990682,0.012962,0.135535,-4.550186,149.499435,19.88916,-0.10703,0.765396,0.133074,0.620488,-9.939858,129.285965,16.186533,-0.739002,0.058815,0.508533,-0.437962,-13.454369,129.30806,-0.417504,-0.652719,-0.574044,0.194522,0.454525,-2.865469,117.462013,-15.995844,0.212124,0.270869,-0.64554,-0.681845,5.188287,145.581787,-7.862182,-0.101109,0.924504,0.020742,0.366931,-4.581987,129.603882,21.431686,0.434284,0.896731,0.085026,-0.006429,7.472786,132.518463,33.017624,-0.15939,0.42489,0.514762,-0.727381,21.329184,115.211571,31.117764,0.006583,0.218208,0.660247,-0.718621,18.643251,137.004257,19.928722,0.052829,0.927262,0.136924,0.344449,-4.879289,86.194008,8.089033,0.10317,0.969963,-0.009999,0.220065,-5.011307,51.53743,-2.425525,-0.033567,0.94238,0.046111,0.329647,-14.689692,5.236933,-3.656239,-0.091354,0.897138,-0.105862,0.419035,8.186949,87.064308,21.733919,-0.007624,0.908873,-0.146037,0.390595,10.910251,52.263821,31.385946,-0.019189,0.893536,0.012901,0.448396,6.167864,6.970334,44.228519,-0.033567,0.94238,0.046111,0.329647,-5.345238,0.677115,-15.095444,-0.019189,0.893536,0.012901,0.448396,17.808643,1.401575,35.716915
214,1.783333,-0.028898,0.919443,0.009067,0.392055,1.652383,86.629784,14.911374,-0.123848,0.90807,0.149971,0.370917,1.185214,94.369514,14.864964,-0.02494,0.925735,0.005181,0.377315,-5.868091,113.763023,18.65185,0.073805,0.955908,0.087179,0.270541,-6.932303,134.983475,18.455782,0.003141,0.990686,0.013037,0.135506,-4.553063,149.497574,19.89834,-0.107023,0.765354,0.133182,0.620517,-9.944333,129.284592,16.195431,-0.738975,0.058615,0.508562,-0.438001,-13.457688,129.309418,-0.408852,-0.652694,-0.574105,0.194442,0.454518,-2.869024,117.468597,-15.99133,0.212119,0.271018,-0.645352,-0.681964,5.182373,145.587631,-7.852771,-0.101155,0.924529,0.020874,0.366849,-4.585847,129.601791,21.440004,0.434213,0.896754,0.085137,-0.006581,7.470668,132.516312,33.024151,-0.15941,0.424733,0.514797,-0.727443,21.329725,115.212418,31.116333,0.006552,0.218029,0.660285,-0.71864,18.638906,137.008041,19.931946,0.052899,0.927286,0.13683,0.344412,-4.880942,86.194527,8.089132,0.102992,0.970022,-0.009845,0.219895,-5.020467,51.536625,-2.420954,-0.03364,0.942438,0.046249,0.329455,-14.679752,5.232379,-3.660421,-0.091367,0.897201,-0.105872,0.418895,8.185707,87.065041,21.733618,-0.007595,0.908969,-0.146079,0.390357,10.911039,52.26487,31.38619,-0.019135,0.893541,0.012856,0.448389,6.168042,6.972509,44.232494,-0.03364,0.942438,0.046249,0.329455,-5.338821,0.677024,-15.104288,-0.019135,0.893541,0.012856,0.448389,17.807917,1.401901,35.72086
215,1.791667,-0.028914,0.919469,0.009088,0.391992,1.649099,86.629059,14.913186,-0.123796,0.908064,0.150089,0.370902,1.181563,94.368767,14.867003,-0.024921,0.925734,0.005238,0.377317,-5.871089,113.760399,18.659027,0.073821,0.955918,0.087195,0.270495,-6.935475,134.980865,18.465487,0.002984,0.990697,0.013146,0.13542,-4.555926,149.494858,19.908459,-0.1069,0.765335,0.133279,0.620541,-9.947449,129.282242,16.204445,-0.738982,0.058514,0.508664,-0.437884,-13.460672,129.312469,-0.399852,-0.652625,-0.574077,0.194413,0.454663,-2.876128,117.475601,-15.98812,0.212013,0.271057,-0.645351,-0.681983,5.177872,145.592072,-7.843293,-0.10116,0.924549,0.020912,0.366794,-4.588985,129.598846,21.449072,0.434121,0.896788,0.085232,-0.006736,7.468851,132.513168,33.031891,-0.159455,0.424578,0.514812,-0.727514,21.331366,115.212891,31.116394,0.006612,0.21792,0.660219,-0.718733,18.634754,137.010651,19.937302,0.052862,0.927313,0.136889,0.344322,-4.885151,86.193642,8.091843,0.102988,0.970017,-0.009832,0.219918,-5.021751,51.536633,-2.421217,-0.033737,0.942426,0.04623,0.329482,-14.680343,5.232272,-3.662051,-0.091378,0.897235,-0.105871,0.41882,8.183348,87.064476,21.734529,-0.007568,0.909023,-0.146089,0.390228,10.910243,52.26445,31.387203,-0.01906,0.893529,0.012888,0.448415,6.16639,6.972322,44.234009,-0.033737,0.942426,0.04623,0.329482,-5.337842,0.677394,-15.104823,-0.01906,0.893529,0.012888,0.448415,17.806128,1.401534,35.722305
216,1.8,-0.02889,0.9195,0.009126,0.391922,1.645262,86.628189,14.91399,-0.123783,0.908067,0.150223,0.370845,1.177842,94.367912,14.86854,-0.024984,0.925745,0.005196,0.377287,-5.875593,113.756653,18.665943,0.073795,0.955911,0.087272,0.270503,-6.941786,134.977005,18.46978,0.002923,0.990688,0.013265,0.135475,-4.563574,149.491013,19.914787,-0.106913,0.765332,0.133368,0.620524,-9.953418,129.277832,16.209644,-0.739104,0.058438,0.508551,-0.437819,-13.467291,129.309555,-0.394514,-0.65255,-0.574126,0.194401,0.454716,-2.877211,117.478539,-15.983458,0.211859,0.2711,-0.645297,-0.682065,5.173708,145.594543,-7.834032,-0.101161,0.924566,0.021012,0.366746,-4.594659,129.595566,21.453903,0.434115,0.896801,0.08511,-0.006916,7.464374,132.508759,33.035763,-0.15961,0.424567,0.514804,-0.727492,21.327003,115.209106,31.115433,0.006518,0.217802,0.660174,-0.718811,18.629456,137.009903,19.940689,0.052841,0.927335,0.136911,0.344258,-4.890048,86.193459,8.093617,0.102934,0.970052,-0.009792,0.219791,-5.025377,51.536728,-2.420355,-0.033598,0.942447,0.046241,0.329434,-14.678388,5.231246,-3.662429,-0.091376,0.897253,-0.105847,0.41879,8.180573,87.062927,21.734362,-0.007603,0.908967,-0.146053,0.390372,10.908406,52.262505,31.385326,-0.01903,0.893493,0.012913,0.448488,6.166832,6.969425,44.229633,-0.033598,0.942447,0.046241,0.329434,-5.338396,0.675248,-15.1068,-0.01903,0.893493,0.012913,0.448488,17.807772,1.398915,35.719387
217,1.808333,-0.028842,0.919533,0.009092,0.391847,1.640355,86.626717,14.916945,-0.123802,0.908064,0.150271,0.370825,1.173809,94.366486,14.871333,-0.024908,0.92575,0.005213,0.377278,-5.880886,113.754318,18.67033,0.073771,0.955917,0.087238,0.270501,-6.944355,134.974823,18.476072,0.002802,0.99068,0.013465,0.135512,-4.566544,149.489014,19.919899,-0.106811,0.76534,0.133507,0.620501,-9.95677,129.276245,16.2155,-0.739081,0.05835,0.508472,-0.437963,-13.472337,129.3134,-0.38829,-0.652523,-0.574151,0.194365,0.454739,-2.878214,117.483627,-15.975443,0.21146,0.271086,-0.645317,-0.682176,5.171819,145.598984,-7.822875,-0.101176,0.924522,0.02103,0.366852,-4.597852,129.592819,21.459667,0.434103,0.896798,0.085185,-0.007124,7.458443,132.506012,33.044376,-0.1596,0.424501,0.514867,-0.727488,21.321424,115.207718,31.114355,0.006405,0.217688,0.660146,-0.718873,18.624413,137.009186,19.942661,0.052808,0.927273,0.137007,0.344391,-4.896122,86.19252,8.097656,0.102909,0.970066,-0.009787,0.21974,-5.025306,51.53743,-2.421831,-0.033585,0.94245,0.046162,0.329439,-14.676041,5.231455,-3.663318,-0.091372,0.897275,-0.105826,0.418747,8.176832,87.060913,21.736233,-0.007632,0.908982,-0.146033,0.390343,10.905485,52.260101,31.385582,-0.019164,0.893503,0.012906,0.448463,6.167584,6.966498,44.229412,-0.033585,0.94245,0.046162,0.329439,-5.336261,0.673134,-15.106942,-0.019164,0.893503,0.012906,0.448463,17.809395,1.39756,35.719334
218,1.816667,-0.028823,0.91955,0.009088,0.391808,1.636534,86.625412,14.917498,-0.123824,0.908041,0.150391,0.370825,1.17029,94.365204,14.871958,-0.024806,0.925746,0.005197,0.377296,-5.88774,113.75325,18.675426,0.073696,0.955925,0.087331,0.270464,-6.946954,134.973984,18.482138,0.002762,0.990688,0.013602,0.135443,-4.571982,149.488434,19.9279,-0.106768,0.765345,0.133571,0.620489,-9.960431,129.276108,16.221191,-0.739126,0.058336,0.508444,-0.437921,-13.476807,129.315659,-0.382423,-0.652427,-0.574193,0.194335,0.454836,-2.88135,117.48774,-15.970071,0.211138,0.271176,-0.645286,-0.682268,5.166411,145.601746,-7.81062,-0.101313,0.924558,0.021198,0.366714,-4.601633,129.591354,21.465559,0.434223,0.896739,0.085191,-0.007177,7.457153,132.506989,33.047062,-0.15965,0.424461,0.514939,-0.727449,21.315462,115.205254,31.114393,0.006372,0.217637,0.659932,-0.719085,18.620495,137.00885,19.946852,0.052749,0.927273,0.137039,0.344388,-4.900535,86.191505,8.098758,0.102901,0.970094,-0.009759,0.219624,-5.024998,51.536606,-2.421416,-0.033694,0.942453,0.04616,0.329417,-14.674597,5.230427,-3.664217,-0.091405,0.897253,-0.105812,0.418791,8.173603,87.059326,21.736237,-0.007679,0.908926,-0.14601,0.390481,10.904336,52.258743,31.385809,-0.019136,0.893519,0.012924,0.448432,6.169369,6.964576,44.228733,-0.033694,0.942453,0.04616,0.329417,-5.334258,0.673124,-15.10779,-0.019136,0.893519,0.012924,0.448432,17.81039,1.395722,35.717522
219,1.825,-0.02885,0.91958,0.009143,0.391737,1.633839,86.62542,14.91781,-0.123755,0.908009,0.150474,0.370893,1.16688,94.365173,14.872928,-0.025029,0.925682,0.005265,0.377438,-5.888317,113.748085,18.679138,0.073824,0.955893,0.087308,0.270548,-6.957345,134.968323,18.484793,0.002701,0.990683,0.01382,0.135459,-4.578578,149.482101,19.93119,-0.106614,0.765328,0.133709,0.620507,-9.967466,129.268951,16.223106,-0.739231,0.058315,0.508278,-0.437938,-13.484228,129.315567,-0.380401,-0.652388,-0.574264,0.19425,0.454838,-2.88119,117.490898,-15.965353,0.210914,0.271211,-0.645289,-0.682321,5.163671,145.604019,-7.800025,-0.101051,0.924384,0.021113,0.367229,-4.610445,129.586884,21.469126,0.43375,0.89693,0.085561,-0.007528,7.437313,132.494385,33.064133,-0.159779,0.42444,0.514896,-0.727464,21.313652,115.20929,31.112051,0.006332,0.217593,0.659877,-0.719149,18.615969,137.011185,19.949507,0.052674,0.927331,0.137052,0.344237,-4.904259,86.191422,8.100067,0.102992,0.970132,-0.00979,0.219408,-5.025055,51.536201,-2.419081,-0.033695,0.942383,0.046168,0.329617,-14.683783,5.231843,-3.658768,-0.091433,0.897234,-0.105818,0.418824,8.171937,87.059418,21.735554,-0.007666,0.908937,-0.14601,0.390455,10.903945,52.259315,31.386456,-0.019196,0.893491,0.012975,0.448484,6.1682,6.965151,44.229065,-0.033695,0.942383,0.046168,0.329617,-5.338637,0.674885,-15.098545,-0.019196,0.893491,0.012975,0.448484,17.811071,1.398436,35.718994
220,1.833333,-0.028837,0.919611,0.009179,0.391663,1.630127,86.627213,14.920656,-0.123714,0.908007,0.150521,0.370894,1.163121,94.366966,14.876408,-0.02505,0.92567,0.005273,0.377466,-5.890553,113.747833,18.684629,0.073744,0.955849,0.08771,0.270594,-6.960526,134.968018,18.490223,0.002615,0.990675,0.013777,0.135523,-4.58721,149.481598,19.947588,-0.106601,0.765353,0.133769,0.620465,-9.970252,129.268524,16.228352,-0.73924,0.05825,0.508173,-0.438053,-13.488833,129.316467,-0.374767,-0.652414,-0.57433,0.194145,0.454763,-2.880696,117.493332,-15.957417,0.210802,0.271305,-0.645254,-0.682351,5.162051,145.606186,-7.789032,-0.10106,0.924378,0.021269,0.367233,-4.613567,129.5867,21.474699,0.433687,0.896951,0.085649,-0.007628,7.434024,132.492538,33.070297,-0.159741,0.42432,0.514921,-0.727525,21.312733,115.209961,31.11274,0.006375,0.217435,0.659803,-0.719264,18.611259,137.012787,19.952307,0.052659,0.927323,0.137114,0.344236,-4.909071,86.193672,8.103938,0.102943,0.970098,-0.009814,0.21958,-5.027337,51.539577,-2.418925,-0.033603,0.942405,0.046135,0.329567,-14.681965,5.234322,-3.657074,-0.091464,0.897232,-0.105784,0.418831,8.169325,87.060753,21.737375,-0.007717,0.908858,-0.146017,0.390637,10.90431,52.260525,31.386999,-0.019243,0.893519,0.012903,0.448427,6.170178,6.966603,44.231075,-0.033603,0.942405,0.046135,0.329567,-5.33901,0.675482,-15.097891,-0.019243,0.893519,0.012903,0.448427,17.81212,1.398637,35.720547
221,1.841667,-0.028969,0.919629,0.009373,0.391606,1.62928,86.624626,14.920291,-0.123656,0.908013,0.150556,0.370883,1.159218,94.364204,14.878029,-0.025079,0.925671,0.005391,0.37746,-5.892971,113.74588,18.688728,0.073734,0.955852,0.087723,0.270582,-6.965991,134.965942,18.498499,0.00255,0.990672,0.013885,0.135531,-4.593073,149.479553,19.956139,-0.106658,0.765283,0.133836,0.620527,-9.97494,129.266479,16.235559,-0.739329,0.05825,0.508158,-0.437922,-13.490504,129.31488,-0.368205,-0.652394,-0.57437,0.194035,0.454787,-2.881679,117.494797,-15.952715,0.210916,0.271429,-0.645264,-0.682258,5.160855,145.605804,-7.777744,-0.101094,0.924401,0.02137,0.36716,-4.618208,129.584366,21.48188,0.433635,0.896967,0.085735,-0.007714,7.430972,132.490158,33.075851,-0.159699,0.424205,0.514942,-0.727586,21.311626,115.209702,31.113361,0.006522,0.217371,0.659577,-0.71949,18.606468,137.012573,19.95509,0.052704,0.927278,0.1371,0.344357,-4.910623,86.190208,8.1043,0.102926,0.970092,-0.009795,0.219617,-5.030866,51.536179,-2.418779,-0.033715,0.942386,0.046214,0.329599,-14.683509,5.230555,-3.658755,-0.09148,0.897227,-0.105813,0.418831,8.169183,87.059044,21.736282,-0.007692,0.908917,-0.146024,0.390496,10.904289,52.259476,31.388256,-0.019116,0.893533,0.012979,0.448404,6.16973,6.96573,44.232792,-0.033715,0.942386,0.046214,0.329599,-5.338473,0.67507,-15.09922,-0.019116,0.893533,0.012979,0.448404,17.810276,1.398028,35.720169
222,1.85,-0.028933,0.919644,0.009349,0.391574,1.624444,86.623154,14.923104,-0.123645,0.908034,0.150622,0.37081,1.155036,94.36277,14.880747,-0.025073,0.925706,0.005415,0.377372,-5.897099,113.742889,18.694483,0.073757,0.955865,0.08775,0.27052,-6.970271,134.962952,18.505415,0.002504,0.990674,0.013996,0.135508,-4.596918,149.476425,19.963764,-0.106647,0.765244,0.133872,0.620569,-9.979618,129.263565,16.242794,-0.739422,0.058205,0.508151,-0.437779,-13.493496,129.313309,-0.361322,-0.652434,-0.574389,0.193838,0.45479,-2.884114,117.497864,-15.948955,0.211091,0.271621,-0.645125,-0.682258,5.161735,145.605606,-7.766055,-0.101111,0.924403,0.021424,0.367148,-4.621891,129.581268,21.488106,0.433624,0.896992,0.085508,-0.007993,7.427469,132.486893,33.081921,-0.159681,0.424173,0.514938,-0.727611,21.308355,115.207382,31.112707,0.006613,0.217239,0.659534,-0.719569,18.601614,137.010803,19.954283,0.052654,0.927306,0.137174,0.344261,-4.915967,86.189178,8.107575,0.102913,0.970102,-0.009771,0.21958,-5.032058,51.536224,-2.419091,-0.033642,0.942379,0.046186,0.329631,-14.683029,5.230296,-3.660537,-0.091523,0.897172,-0.105722,0.418962,8.164856,87.057129,21.738634,-0.007713,0.908868,-0.146013,0.390615,10.90419,52.256752,31.386471,-0.019329,0.89351,0.012924,0.448441,6.170105,6.962723,44.230179,-0.033642,0.942379,0.046186,0.329631,-5.338039,0.673301,-15.100431,-0.019329,0.89351,0.012924,0.448441,17.813292,1.39642,35.720264
223,1.858333,-0.028908,0.919665,0.009379,0.391527,1.620269,86.621773,14.924234,-0.123589,0.908055,0.15075,0.370724,1.151029,94.361404,14.882477,-0.025141,0.925735,0.005362,0.377297,-5.900815,113.741241,18.702688,0.073737,0.955872,0.0879,0.270455,-6.975824,134.961182,18.510509,0.002546,0.99068,0.014113,0.135456,-4.604225,149.474548,19.972752,-0.106573,0.765219,0.133942,0.620598,-9.985044,129.2612,16.249243,-0.739532,0.058304,0.508104,-0.437634,-13.49824,129.314575,-0.355005,-0.65257,-0.574424,0.193551,0.454673,-2.887265,117.499771,-15.942039,0.211472,0.271943,-0.645043,-0.68209,5.1629,145.604355,-7.752505,-0.10116,0.924401,0.021476,0.367136,-4.626516,129.580154,21.493664,0.433744,0.896953,0.08529,-0.00822,7.422806,132.486694,33.087296,-0.159613,0.424196,0.515018,-0.727556,21.298891,115.203941,31.11281,0.006722,0.217167,0.659488,-0.719631,18.597248,137.007111,19.953846,0.052597,0.927314,0.13721,0.344232,-4.920868,86.188431,8.109361,0.10288,0.970084,-0.009776,0.219674,-5.032543,51.535751,-2.418275,-0.033582,0.942394,0.046221,0.329591,-14.680526,5.22919,-3.65959,-0.09154,0.897224,-0.105667,0.41886,8.161407,87.055115,21.739107,-0.00772,0.908888,-0.146043,0.390557,10.904646,52.254105,31.383562,-0.019193,0.893524,0.013009,0.448417,6.170909,6.960911,44.230347,-0.033582,0.942394,0.046221,0.329591,-5.336978,0.672551,-15.100807,-0.019193,0.893524,0.013009,0.448417,17.81263,1.394975,35.718178
224,1.866667,-0.028897,0.919698,0.009374,0.39145,1.616423,86.620567,14.926168,-0.123589,0.908072,0.150841,0.370646,1.147373,94.360207,14.884439,-0.025144,0.925763,0.005336,0.37723,-5.905493,113.738976,18.708651,0.073728,0.955895,0.087853,0.270391,-6.980224,134.958939,18.51548,0.002534,0.990683,0.0143,0.135415,-4.608508,149.472443,19.976095,-0.106533,0.765173,0.134037,0.620641,-9.989851,129.258865,16.254955,-0.739605,0.058405,0.508007,-0.437609,-13.50152,129.315628,-0.349599,-0.652733,-0.574484,0.193264,0.454484,-2.886678,117.499748,-15.933186,0.211816,0.272216,-0.644879,-0.682029,5.166019,145.602295,-7.73914,-0.101187,0.924407,0.021564,0.367106,-4.630563,129.578018,21.498583,0.433892,0.896902,0.085046,-0.008479,7.419309,132.484329,33.091698,-0.159625,0.424238,0.515103,-0.727469,21.289501,115.19754,31.111059,0.006825,0.217176,0.659385,-0.719721,18.593876,137.00264,19.953133,0.052553,0.927297,0.137299,0.344249,-4.925869,86.187347,8.112398,0.102855,0.970114,-0.009768,0.219555,-5.032125,51.536102,-2.420007,-0.033595,0.94242,0.046118,0.329527,-14.677776,5.229035,-3.660327,-0.091554,0.897251,-0.105627,0.418809,8.158714,87.053795,21.739939,-0.00771,0.908913,-0.146027,0.390506,10.904603,52.252354,31.382111,-0.019247,0.893517,0.013025,0.448427,6.171293,6.95869,44.227425,-0.033595,0.94242,0.046118,0.329527,-5.335893,0.669637,-15.101798,-0.019247,0.893517,0.013025,0.448427,17.813856,1.393897,35.715668
225,1.875,-0.028925,0.919714,0.009456,0.391408,1.614489,86.620644,14.926423,-0.123624,0.908038,0.151063,0.370628,1.144537,94.360229,14.885723,-0.025119,0.925758,0.005291,0.377245,-5.91409,113.739273,18.718361,0.073813,0.95589,0.087865,0.27038,-6.987104,134.959305,18.523806,0.0025,0.990689,0.014376,0.135362,-4.613114,149.472351,19.98538,-0.106454,0.765113,0.134002,0.620735,-9.997113,129.259323,16.263538,-0.739725,0.058484,0.508026,-0.437373,-13.505384,129.318054,-0.341733,-0.652879,-0.574466,0.192928,0.454441,-2.89182,117.504227,-15.927747,0.21222,0.272521,-0.644762,-0.681892,5.170006,145.601364,-7.724158,-0.101122,0.924456,0.021634,0.366999,-4.637981,129.5784,21.507336,0.433957,0.896872,0.085019,-0.008569,7.41501,132.482071,33.097866,-0.159448,0.424231,0.515208,-0.727438,21.282608,115.193596,31.113926,0.00694,0.217025,0.659431,-0.719724,18.591869,136.998581,19.952888,0.052543,0.927334,0.13727,0.344164,-4.92839,86.187523,8.113209,0.102819,0.970143,-0.009699,0.219445,-5.035688,51.535641,-2.417085,-0.033735,0.942402,0.046155,0.329561,-14.676854,5.227762,-3.661871,-0.091571,0.89725,-0.105589,0.418819,8.157368,87.053757,21.739637,-0.007743,0.90886,-0.146056,0.390616,10.905483,52.251961,31.379885,-0.019313,0.893504,0.012958,0.448453,6.172392,6.95917,44.228329,-0.033735,0.942402,0.046155,0.329561,-5.332676,0.670813,-15.102448,-0.019313,0.893504,0.012958,0.448453,17.815817,1.39354,35.7183
226,1.883333,-0.02896,0.919735,0.009556,0.391354,1.611859,86.62146,14.926852,-0.123786,0.907997,0.151022,0.37069,1.140805,94.360992,14.887386,-0.024774,0.925756,0.005616,0.377267,-5.921592,113.733612,18.714348,0.073529,0.955927,0.087893,0.27032,-6.986265,134.954224,18.538103,0.002457,0.990694,0.014369,0.135323,-4.620496,149.468765,19.998083,-0.106356,0.765178,0.134057,0.620661,-9.998466,129.257385,16.272852,-0.7399,0.05856,0.508017,-0.43708,-13.5106,129.31926,-0.331591,-0.652985,-0.574427,0.192626,0.454467,-2.896994,117.509308,-15.920511,0.212504,0.272759,-0.64464,-0.681824,5.174664,145.60054,-7.706339,-0.101597,0.924588,0.021717,0.36653,-4.639317,129.569824,21.517029,0.434186,0.896761,0.085038,-0.008368,7.422083,132.488144,33.095135,-0.159311,0.424208,0.515157,-0.727517,21.281008,115.191925,31.118006,0.006681,0.217365,0.659239,-0.7198,18.586731,136.994385,19.952099,0.052503,0.927352,0.137304,0.344108,-4.931782,86.188461,8.114364,0.102829,0.970121,-0.009732,0.219539,-5.036196,51.536934,-2.417151,-0.033764,0.942394,0.046176,0.329577,-14.67882,5.229303,-3.66008,-0.091604,0.897309,-0.105618,0.418676,8.1555,87.054466,21.739342,-0.007754,0.908811,-0.146068,0.390726,10.906343,52.253555,31.382,-0.019179,0.893519,0.01309,0.448425,6.172185,6.961104,44.231255,-0.033764,0.942394,0.046176,0.329577,-5.333911,0.673248,-15.100416,-0.019179,0.893519,0.01309,0.448425,17.81432,1.397073,35.71841
227,1.891667,-0.029005,0.919764,0.009629,0.39128,1.610042,86.62117,14.927819,-0.123784,0.907997,0.151108,0.370654,1.137888,94.360641,14.889167,-0.024736,0.925769,0.005688,0.377237,-5.925314,113.731468,18.71949,0.073462,0.955949,0.0879,0.270258,-6.989656,134.952118,18.546721,0.002458,0.990701,0.014474,0.135261,-4.625829,149.467026,20.006149,-0.106337,0.765187,0.134093,0.620646,-10.002104,129.255707,16.280758,-0.740146,0.05873,0.50794,-0.436729,-13.515014,129.31871,-0.323519,-0.653024,-0.574415,0.192391,0.454525,-2.89882,117.51194,-15.913092,0.212744,0.272884,-0.644483,-0.681847,5.17918,145.598267,-7.688393,-0.101621,0.924575,0.021799,0.366551,-4.642594,129.5672,21.524624,0.434198,0.89674,0.085184,-0.008491,7.418129,132.485199,33.103516,-0.15924,0.424199,0.515147,-0.727545,21.27648,115.189407,31.118599,0.006489,0.217739,0.659175,-0.719748,18.581327,136.990433,19.950699,0.052533,0.927337,0.137346,0.344126,-4.934658,86.187889,8.116363,0.102794,0.970135,-0.00973,0.219493,-5.039813,51.537418,-2.418619,-0.033659,0.942394,0.046248,0.329578,-14.679304,5.229113,-3.660496,-0.091603,0.897328,-0.105627,0.418634,8.154741,87.054459,21.739277,-0.007743,0.908861,-0.146054,0.390614,10.905693,52.253677,31.382401,-0.019256,0.893512,0.013039,0.448437,6.172712,6.960833,44.230728,-0.033659,0.942394,0.046248,0.329578,-5.335233,0.673993,-15.101892,-0.019256,0.893512,0.013039,0.448437,17.81562,1.396523,35.71912
228,1.9,-0.028981,0.919802,0.009644,0.391191,1.605829,86.620346,14.928865,-0.12374,0.908017,0.151296,0.370545,1.133925,94.359833,14.89062,-0.024924,0.925784,0.005449,0.377191,-5.931843,113.733986,18.730497,0.07366,0.955901,0.088213,0.27027,-6.999742,134.954361,18.54538,0.002495,0.9907,0.014553,0.135261,-4.632818,149.467712,20.015297,-0.106384,0.76517,0.134028,0.620672,-10.011429,129.256088,16.283012,-0.7403,0.058981,0.507694,-0.43672,-13.522887,129.316711,-0.32158,-0.653169,-0.574486,0.192074,0.45436,-2.896888,117.506233,-15.901663,0.212766,0.273052,-0.644239,-0.682004,5.183481,145.589783,-7.669888,-0.101518,0.924597,0.022033,0.366509,-4.651529,129.571564,21.526241,0.434325,0.896695,0.085016,-0.00854,7.410946,132.483551,33.10482,-0.159311,0.424393,0.515176,-0.727395,21.264366,115.183708,31.120781,0.006417,0.21791,0.659152,-0.719718,18.578846,136.984619,19.951281,0.052492,0.927358,0.137384,0.344059,-4.940204,86.187561,8.118659,0.102778,0.970142,-0.009711,0.219469,-5.042392,51.53756,-2.417875,-0.033686,0.942387,0.046212,0.329601,-14.680013,5.228892,-3.660976,-0.091612,0.897322,-0.105603,0.418651,8.15186,87.053139,21.739071,-0.007766,0.908858,-0.146102,0.390604,10.903938,52.252102,31.380919,-0.019314,0.893526,0.013004,0.448408,6.171262,6.960607,44.234077,-0.033686,0.942387,0.046212,0.329601,-5.335238,0.673046,-15.101504,-0.019314,0.893526,0.013004,0.448408,17.814049,1.396149,35.722404
229,1.908333,-0.028941,0.919851,0.009621,0.39108,1.599695,86.618248,14.931377,-0.123788,0.908009,0.151411,0.370502,1.128504,94.357773,14.893097,-0.024831,0.925794,0.005416,0.377174,-5.940564,113.730011,18.736814,0.073637,0.955917,0.088216,0.270218,-7.004292,134.950592,18.551905,0.002506,0.990707,0.014725,0.135193,-4.638046,149.464081,20.021551,-0.106403,0.765195,0.134105,0.620621,-10.017184,129.252945,16.289606,-0.740503,0.059105,0.507582,-0.436488,-13.530642,129.314377,-0.314556,-0.653259,-0.574469,0.191748,0.454389,-2.900261,117.506668,-15.893747,0.212793,0.273224,-0.643987,-0.682165,5.188867,145.584061,-7.649517,-0.101507,0.924615,0.022015,0.366469,-4.65703,129.567322,21.532637,0.434507,0.896607,0.084989,-0.008716,7.406513,132.479279,33.110107,-0.159267,0.424406,0.515314,-0.7273,21.252756,115.174522,31.118887,0.006386,0.21802,0.659159,-0.719678,18.57478,136.976608,19.951149,0.052465,0.927395,0.137439,0.343942,-4.948028,86.185936,8.122769,0.10273,0.970335,-0.009531,0.218646,-5.04835,51.536812,-2.416656,-0.033763,0.94237,0.04618,0.329646,-14.678963,5.226883,-3.667108,-0.091642,0.8973,-0.105539,0.418708,8.147417,87.050552,21.739986,-0.007768,0.908866,-0.146082,0.390591,10.902807,52.248943,31.378811,-0.019349,0.893531,0.013078,0.448394,6.171245,6.95692,44.230503,-0.033763,0.94237,0.04618,0.329646,-5.332406,0.670961,-15.106149,-0.019349,0.893531,0.013078,0.448394,17.814489,1.394813,35.717922
230,1.916667,-0.028837,0.919876,0.0095,0.391033,1.59207,86.617722,14.933729,-0.123834,0.907982,0.151577,0.370485,1.123097,94.357376,14.894384,-0.024737,0.925793,0.005381,0.377181,-5.949387,113.725136,18.74324,0.07365,0.955915,0.088264,0.270208,-7.008852,134.945938,18.558422,0.002488,0.990708,0.014844,0.135172,-4.642627,149.45929,20.029478,-0.106405,0.765212,0.134113,0.620599,-10.022855,129.248901,16.296049,-0.740684,0.059265,0.507478,-0.43628,-13.537234,129.310272,-0.307919,-0.653383,-0.574429,0.191392,0.454413,-2.902991,117.503563,-15.885232,0.212736,0.273455,-0.643801,-0.682266,5.197219,145.574112,-7.628619,-0.101433,0.924652,0.021863,0.366406,-4.662712,129.56218,21.53916,0.434733,0.896514,0.084797,-0.008963,7.402916,132.473831,33.114532,-0.159262,0.424466,0.515456,-0.727165,21.240223,115.162727,31.116348,0.006432,0.218132,0.659165,-0.719638,18.571888,136.967773,19.949789,0.052347,0.927423,0.137507,0.343857,-4.956467,86.18631,8.125845,0.102709,0.970376,-0.009462,0.218475,-5.048099,51.537643,-2.41517,-0.033641,0.942388,0.046126,0.329615,-14.675638,5.22719,-3.669831,-0.091655,0.897362,-0.10545,0.418594,8.140606,87.049126,21.741613,-0.007813,0.908847,-0.146116,0.390623,10.900805,52.246307,31.374741,-0.019274,0.893545,0.013188,0.448367,6.171436,6.955263,44.230728,-0.033641,0.942388,0.046126,0.329615,-5.331174,0.668505,-15.109483,-0.019274,0.893545,0.013188,0.448367,17.81391,1.394996,35.715889
231,1.925,-0.028768,0.919921,0.009484,0.390932,1.585646,86.617264,14.93538,-0.124085,0.907943,0.151575,0.370496,1.117749,94.356987,14.896276,-0.024341,0.925812,0.005631,0.377158,-5.962807,113.718521,18.74012,0.073509,0.955959,0.088062,0.270155,-7.010733,134.940033,18.571524,0.002437,0.990702,0.01504,0.135191,-4.64687,149.454468,20.035591,-0.106444,0.765217,0.134232,0.620559,-10.028002,129.246353,16.30504,-0.740801,0.059507,0.507408,-0.43613,-13.54376,129.309021,-0.298627,-0.653557,-0.57437,0.191062,0.454375,-2.907617,117.498779,-15.871952,0.212751,0.273661,-0.643534,-0.68243,5.204342,145.563538,-7.607203,-0.101506,0.924663,0.021808,0.366361,-4.667308,129.552719,21.547993,0.435186,0.896301,0.084664,-0.009477,7.398926,132.467468,33.121948,-0.159279,0.42438,0.515868,-0.72692,21.218271,115.144287,31.104214,0.006551,0.218126,0.659281,-0.719532,18.566996,136.959259,19.948656,0.052263,0.927444,0.137562,0.343793,-4.964447,86.186897,8.12893,0.102694,0.970265,-0.009534,0.218973,-5.049756,51.538692,-2.413662,-0.033703,0.942391,0.046058,0.329609,-14.676702,5.228066,-3.666292,-0.091692,0.897346,-0.105394,0.418635,8.135739,87.047638,21.741831,-0.007853,0.908797,-0.146136,0.39073,10.899611,52.244465,31.372599,-0.01933,0.893515,0.013101,0.448427,6.171371,6.954044,44.231159,-0.033703,0.942391,0.046058,0.329609,-5.331954,0.668113,-15.105203,-0.01933,0.893515,0.013101,0.448427,17.815138,1.392288,35.719067
232,1.933333,-0.028814,0.919948,0.009574,0.390862,1.583255,86.617569,14.935467,-0.124083,0.90795,0.151659,0.370444,1.114155,94.357224,14.897402,-0.02429,0.925834,0.005701,0.377105,-5.967143,113.717209,18.744682,0.073439,0.955991,0.088043,0.270068,-7.014168,134.938782,18.579712,0.002478,0.990711,0.0152,0.135111,-4.652128,149.453659,20.042376,-0.106489,0.765306,0.134184,0.620452,-10.031958,129.245621,16.312651,-0.74101,0.059671,0.50733,-0.435845,-13.55191,129.305313,-0.290148,-0.653711,-0.574315,0.190633,0.454403,-2.913083,117.497078,-15.86318,0.212836,0.273891,-0.64316,-0.682664,5.212696,145.553513,-7.583731,-0.101599,0.924675,0.021941,0.366295,-4.670619,129.550903,21.555012,0.435201,0.896265,0.084987,-0.0093,7.396615,132.466995,33.127602,-0.158855,0.424248,0.515969,-0.727018,21.215536,115.143379,31.110638,0.006784,0.218112,0.659227,-0.719584,18.564119,136.952881,19.948635,0.052239,0.927454,0.137608,0.34375,-4.967831,86.187035,8.129976,0.102668,0.970284,-0.009544,0.218899,-5.050876,51.539566,-2.41503,-0.033639,0.942409,0.046101,0.329559,-14.67585,5.228469,-3.665491,-0.091716,0.897367,-0.105385,0.418587,8.134341,87.048096,21.740957,-0.007863,0.908759,-0.14612,0.390825,10.900558,52.245106,31.371719,-0.019089,0.893504,0.013241,0.448454,6.172457,6.954262,44.22887,-0.033639,0.942409,0.046101,0.329559,-5.332824,0.669036,-15.106024,-0.019089,0.893504,0.013241,0.448454,17.814922,1.392922,35.714714
233,1.941667,-0.028893,0.91997,0.009683,0.390804,1.581752,86.619873,14.936924,-0.124125,0.907965,0.151734,0.370364,1.110862,94.359428,14.899961,-0.024304,0.92587,0.005775,0.377017,-5.972367,113.716888,18.749771,0.073426,0.95601,0.088043,0.270005,-7.021145,134.9384,18.587612,0.002494,0.990708,0.015382,0.135109,-4.659494,149.453369,20.049969,-0.106478,0.765378,0.13411,0.620382,-10.038911,129.24527,16.320433,-0.741239,0.059903,0.507273,-0.435488,-13.561891,129.303116,-0.281727,-0.653864,-0.574229,0.190203,0.454474,-2.921754,117.49575,-15.854523,0.212912,0.274112,-0.642838,-0.682855,5.220019,145.542999,-7.559683,-0.101439,0.924632,0.021771,0.366458,-4.676585,129.550339,21.561796,0.435479,0.896176,0.084415,-0.009997,7.3877,132.463257,33.138256,-0.158978,0.424303,0.516209,-0.726788,21.195227,115.132645,31.103546,0.006983,0.217954,0.659453,-0.719423,18.558332,136.947784,19.94944,0.052254,0.927446,0.137633,0.343761,-4.97011,86.188744,8.132221,0.102663,0.970195,-0.009627,0.219292,-5.053425,51.541889,-2.414806,-0.033737,0.942402,0.046062,0.329574,-14.679066,5.230823,-3.661435,-0.091738,0.897365,-0.105342,0.418596,8.133614,87.050995,21.741627,-0.007868,0.908742,-0.146172,0.390844,10.902526,52.247654,31.370348,-0.018894,0.893529,0.013254,0.448412,6.172636,6.958267,44.23196,-0.033737,0.942402,0.046062,0.329574,-5.334797,0.671331,-15.100924,-0.018894,0.893529,0.013254,0.448412,17.812351,1.394681,35.715515
234,1.95,-0.02893,0.919987,0.009722,0.390758,1.578806,86.620407,14.938119,-0.124033,0.90797,0.151887,0.37032,1.107142,94.359917,14.901511,-0.024364,0.925877,0.005769,0.376994,-5.974299,113.71534,18.758598,0.07331,0.956034,0.088055,0.269947,-7.025348,134.936722,18.595264,0.002539,0.990714,0.015545,0.135046,-4.667051,149.452316,20.056864,-0.106482,0.765448,0.134137,0.620289,-10.042614,129.243149,16.328558,-0.741415,0.060364,0.507176,-0.435238,-13.569483,129.300751,-0.272778,-0.654063,-0.574167,0.189886,0.454398,-2.927422,117.485222,-15.838059,0.213028,0.274387,-0.642441,-0.683081,5.225962,145.527344,-7.537276,-0.101417,0.924656,0.021778,0.366403,-4.68007,129.549088,21.569649,0.435578,0.896125,0.084431,-0.010138,7.385736,132.461349,33.144684,-0.158663,0.424088,0.51636,-0.726876,21.189299,115.128311,31.103697,0.00717,0.217777,0.659854,-0.719106,18.551031,136.943039,19.948513,0.052213,0.927462,0.137678,0.343704,-4.97369,86.188904,8.13405,0.102674,0.970171,-0.009643,0.219395,-5.053722,51.542641,-2.414962,-0.033663,0.942382,0.046112,0.329631,-14.680561,5.231812,-3.661327,-0.091777,0.89737,-0.105316,0.418585,8.131302,87.051918,21.742189,-0.007832,0.908789,-0.146207,0.390723,10.903659,52.248692,31.370348,-0.019059,0.893534,0.013181,0.448398,6.17113,6.960201,44.23415,-0.033663,0.942382,0.046112,0.329631,-5.335537,0.672973,-15.100463,-0.019059,0.893534,0.013181,0.448398,17.811947,1.396919,35.719013
235,1.958333,-0.028928,0.920014,0.009745,0.390694,1.575767,86.621117,14.938754,-0.12403,0.907989,0.152032,0.370214,1.10399,94.360619,14.902515,-0.0244,0.925917,0.005732,0.376895,-5.978518,113.712814,18.765575,0.073347,0.956061,0.088042,0.269846,-7.030404,134.934143,18.600334,0.002534,0.990724,0.015749,0.134951,-4.670987,149.4496,20.061499,-0.106473,0.765481,0.134129,0.620252,-10.047931,129.240234,16.334829,-0.741582,0.060624,0.507115,-0.434989,-13.576439,129.297592,-0.266162,-0.654203,-0.574142,0.189497,0.45439,-2.933041,117.479836,-15.828851,0.213139,0.274634,-0.642187,-0.683186,5.231033,145.51503,-7.515203,-0.101353,0.924663,0.021783,0.366404,-4.684299,129.546875,21.574766,0.435695,0.896073,0.084364,-0.010307,7.38193,132.457108,33.149879,-0.158485,0.424031,0.516501,-0.726847,21.18082,115.121033,31.10305,0.007368,0.217664,0.659909,-0.719089,18.547525,136.93483,19.947666,0.05222,0.927445,0.137704,0.343738,-4.977671,86.189781,8.135579,0.102647,0.970171,-0.009637,0.219408,-5.057171,51.544075,-2.415268,-0.033708,0.942391,0.046049,0.329609,-14.681417,5.232718,-3.661803,-0.091806,0.89734,-0.105308,0.418643,8.129204,87.052452,21.741928,-0.007831,0.908818,-0.14617,0.390671,10.903031,52.249493,31.370598,-0.019396,0.893536,0.013069,0.448382,6.1725,6.959981,44.231537,-0.033708,0.942391,0.046049,0.329609,-5.336645,0.672584,-15.10063,-0.019396,0.893536,0.013069,0.448382,17.815954,1.398271,35.718975
236,1.966667,-0.028922,0.920037,0.009781,0.39064,1.571979,86.619743,14.940431,-0.124057,0.907996,0.152165,0.370133,1.100073,94.359238,14.904783,-0.024359,0.92595,0.005692,0.376817,-5.985396,113.710449,18.773157,0.07341,0.956075,0.088093,0.269763,-7.03507,134.931885,18.607067,0.002455,0.990735,0.015853,0.134857,-4.674293,149.44696,20.06987,-0.106413,0.765555,0.134139,0.620168,-10.053576,129.238174,16.342346,-0.741781,0.060976,0.507043,-0.434684,-13.586033,129.296692,-0.257795,-0.654344,-0.574048,0.189172,0.45444,-2.941293,117.47506,-15.816604,0.213053,0.27488,-0.641846,-0.683435,5.236788,145.503067,-7.492492,-0.101365,0.924692,0.021786,0.366327,-4.689035,129.544525,21.581366,0.435902,0.895979,0.084276,-0.010447,7.379025,132.455215,33.154442,-0.158269,0.423939,0.516692,-0.726812,21.169739,115.11319,31.103022,0.007606,0.217554,0.660069,-0.718972,18.542299,136.927719,19.947647,0.052242,0.927423,0.137751,0.343775,-4.982262,86.188774,8.138011,0.102607,0.970149,-0.009638,0.219521,-5.061597,51.544178,-2.416488,-0.03366,0.942392,0.046058,0.329609,-14.682144,5.232054,-3.663223,-0.091798,0.897388,-0.105293,0.418547,8.126221,87.050705,21.742849,-0.007876,0.908773,-0.14613,0.390789,10.901011,52.247395,31.369989,-0.01907,0.893516,0.01324,0.448431,6.174151,6.956854,44.228661,-0.03366,0.942392,0.046058,0.329609,-5.337813,0.671682,-15.102309,-0.01907,0.893516,0.01324,0.448431,17.815979,1.395242,35.713818
237,1.975,-0.028922,0.920062,0.00977,0.390581,1.568774,86.618759,14.942587,-0.123984,0.908022,0.152256,0.370059,1.096931,94.358261,14.90681,-0.024391,0.925976,0.005673,0.37675,-5.985512,113.705513,18.779621,0.073377,0.956106,0.088137,0.269648,-7.03615,134.926895,18.612341,0.002344,0.990754,0.016001,0.134704,-4.676677,149.442108,20.07575,-0.106286,0.765703,0.134168,0.620001,-10.054729,129.23291,16.348412,-0.74188,0.061279,0.506969,-0.434559,-13.595165,129.294052,-0.250025,-0.65453,-0.573977,0.188858,0.454394,-2.948725,117.4664,-15.803107,0.213038,0.275017,-0.641557,-0.683656,5.241539,145.488846,-7.472246,-0.101447,0.924681,0.021789,0.366331,-4.689451,129.539825,21.586645,0.436087,0.895892,0.084221,-0.010562,7.377937,132.453018,33.159798,-0.157973,0.423822,0.516836,-0.726842,21.161364,115.105698,31.104174,0.007615,0.217365,0.660323,-0.718796,18.536421,136.918701,19.946125,0.0522,0.927466,0.137778,0.343655,-4.986352,86.187675,8.141023,0.102577,0.970271,-0.009508,0.219004,-5.063557,51.543308,-2.414227,-0.033626,0.942383,0.046094,0.329634,-14.679311,5.230361,-3.667092,-0.091818,0.897373,-0.105268,0.418581,8.123899,87.049835,21.74415,-0.007865,0.908787,-0.146119,0.39076,10.90043,52.246429,31.370426,-0.019066,0.893503,0.013274,0.448456,6.173441,6.955546,44.22784,-0.033626,0.942383,0.046094,0.329634,-5.334638,0.670648,-15.106165,-0.019066,0.893503,0.013274,0.448456,17.815876,1.39478,35.713272
238,1.983333,-0.028952,0.920081,0.009832,0.390533,1.566178,86.61866,14.943628,-0.123993,0.90803,0.152401,0.369974,1.093527,94.358116,14.908576,-0.024359,0.926014,0.005702,0.376659,-5.990566,113.702179,18.787025,0.073369,0.956131,0.088091,0.269573,-7.040421,134.923615,18.621506,0.002268,0.990757,0.016125,0.13467,-4.68081,149.43898,20.083286,-0.106285,0.765751,0.134118,0.619952,-10.059669,129.229904,16.357761,-0.742033,0.061519,0.50703,-0.434192,-13.602132,129.289597,-0.240242,-0.654608,-0.573841,0.188589,0.454564,-2.959786,117.460693,-15.795161,0.212951,0.2752,-0.641377,-0.683778,5.246103,145.474976,-7.452312,-0.101425,0.9247,0.021726,0.366294,-4.693336,129.53624,21.594946,0.436183,0.895842,0.084254,-0.010655,7.375106,132.449631,33.166946,-0.157846,0.423777,0.516956,-0.726811,21.154739,115.099846,31.106647,0.00785,0.217429,0.660216,-0.718873,18.534086,136.912613,19.948942,0.052192,0.927494,0.137815,0.343565,-4.989615,86.187492,8.142718,0.102553,0.97024,-0.009541,0.219147,-5.066353,51.543808,-2.414772,-0.033714,0.942392,0.046054,0.329606,-14.680428,5.230456,-3.665525,-0.091825,0.897388,-0.105256,0.418551,8.121972,87.049828,21.744537,-0.00786,0.908802,-0.14616,0.390711,10.899644,52.24633,31.370157,-0.018998,0.893517,0.013263,0.448432,6.171406,6.956583,44.231106,-0.033714,0.942392,0.046054,0.329606,-5.335664,0.670528,-15.104432,-0.018998,0.893517,0.013263,0.448432,17.812618,1.394624,35.715652
239,1.991667,-0.028996,0.920128,0.009897,0.390417,1.562347,86.619164,14.946077,-0.124095,0.908037,0.152516,0.369875,1.08868,94.358559,14.911738,-0.024219,0.926058,0.005719,0.376561,-6.001254,113.702133,18.793926,0.073447,0.956169,0.088035,0.269438,-7.045888,134.923843,18.631439,0.002165,0.990778,0.016246,0.134503,-4.683657,149.438934,20.091761,-0.106394,0.765774,0.134,0.619932,-10.067039,129.231186,16.367596,-0.742039,0.061442,0.507146,-0.434058,-13.609594,129.2854,-0.230406,-0.654722,-0.573745,0.188206,0.45468,-2.972027,117.459831,-15.791133,0.212912,0.275288,-0.641196,-0.683924,5.249304,145.465042,-7.432959,-0.101328,0.924731,0.021707,0.366244,-4.699493,129.535492,21.603657,0.436202,0.895871,0.083809,-0.010939,7.370866,132.446228,33.174332,-0.157941,0.423877,0.516911,-0.726764,21.149475,115.095963,31.111273,0.00794,0.217404,0.660343,-0.718762,18.53059,136.909515,19.952631,0.052133,0.927514,0.137895,0.343488,-4.99511,86.187668,8.146791,0.102588,0.970154,-0.009621,0.219509,-5.066743,51.545113,-2.414458,-0.033711,0.942368,0.046057,0.329673,-14.685207,5.232587,-3.662195,-0.091866,0.897384,-0.105252,0.418552,8.119803,87.050659,21.745365,-0.007845,0.908823,-0.146168,0.390657,10.900197,52.247627,31.371885,-0.018879,0.893525,0.013346,0.448417,6.171137,6.958094,44.233288,-0.033711,0.942368,0.046057,0.329673,-5.338862,0.672743,-15.099843,-0.018879,0.893525,0.013346,0.448417,17.811234,1.396685,35.71595
240,2.0,-0.029051,0.92015,0.010017,0.390359,1.56096,86.620079,14.947631,-0.124107,0.908033,0.152644,0.369828,1.08578,94.35939,14.914701,-0.024231,0.92607,0.005732,0.376529,-6.00617,113.700951,18.801739,0.073398,0.956239,0.087881,0.269251,-7.051491,134.922638,18.639593,0.002287,0.990816,0.016503,0.134188,-4.689456,149.438293,20.094503,-0.106413,0.765824,0.133955,0.619875,-10.072615,129.229904,16.375883,-0.742198,0.061938,0.507024,-0.433858,-13.617402,129.282227,-0.221653,-0.654863,-0.573696,0.188068,0.454597,-2.977059,117.446686,-15.772904,0.213006,0.275439,-0.640976,-0.684041,5.250864,145.450043,-7.415058,-0.101308,0.924771,0.021801,0.366143,-4.704722,129.534317,21.611586,0.436186,0.89584,0.084241,-0.010809,7.368296,132.443451,33.179886,-0.157746,0.423688,0.517032,-0.72683,21.147655,115.094162,31.113676,0.008014,0.217406,0.660469,-0.718646,18.527117,136.907837,19.956505,0.052169,0.927488,0.137893,0.343556,-4.997302,86.188492,8.149125,0.102575,0.970169,-0.009594,0.219451,-5.070577,51.546181,-2.412923,-0.033768,0.942353,0.046094,0.329706,-14.687345,5.233347,-3.662319,-0.091863,0.897408,-0.105267,0.418496,8.119223,87.051674,21.746136,-0.00787,0.908802,-0.146155,0.390712,10.899572,52.248837,31.373394,-0.019118,0.893568,0.013334,0.448323,6.17239,6.958959,44.23428,-0.033768,0.942353,0.046094,0.329706,-5.339545,0.675102,-15.099424,-0.019118,0.893568,0.013334,0.448323,17.813107,1.400348,35.715954
241,2.008333,-0.029067,0.920171,0.01008,0.390305,1.557997,86.620888,14.949743,-0.1241,0.908036,0.152714,0.369795,1.082205,94.360168,14.917645,-0.024228,0.92608,0.005762,0.376504,-6.009839,113.699463,18.807346,0.073386,0.956255,0.087932,0.269181,-7.05553,134.921127,18.646448,0.002222,0.990828,0.016609,0.134084,-4.694251,149.436813,20.102489,-0.106395,0.765928,0.133977,0.619746,-10.076681,129.228485,16.382587,-0.742241,0.062158,0.506909,-0.433887,-13.627047,129.280777,-0.213754,-0.655078,-0.573687,0.187782,0.454415,-2.982731,117.439438,-15.757858,0.213186,0.275557,-0.640764,-0.684135,5.252337,145.440002,-7.397663,-0.101289,0.924789,0.021825,0.366101,-4.708505,129.5327,21.618008,0.436219,0.895813,0.084345,-0.010839,7.365683,132.441025,33.185287,-0.157735,0.423669,0.517066,-0.726819,21.143717,115.091072,31.115755,0.007914,0.217452,0.660371,-0.718723,18.524197,136.904816,19.959766,0.05217,0.927504,0.137906,0.343507,-5.001032,86.189468,8.151969,0.102552,0.970115,-0.009618,0.219697,-5.074621,51.547409,-2.410895,-0.033809,0.942344,0.046101,0.329725,-14.689552,5.234191,-3.660032,-0.091901,0.897374,-0.105226,0.41857,8.117026,87.052315,21.747517,-0.007846,0.908844,-0.146199,0.390598,10.900281,52.249367,31.373528,-0.019237,0.893586,0.01327,0.448283,6.170987,6.960666,44.237797,-0.033809,0.942344,0.046101,0.329725,-5.34087,0.676587,-15.096666,-0.019237,0.893586,0.01327,0.448283,17.811874,1.401962,35.719769
242,2.016667,-0.029077,0.920196,0.010114,0.390246,1.554088,86.620949,14.951463,-0.124065,0.908037,0.152865,0.369741,1.077942,94.360207,14.919827,-0.024388,0.926083,0.005748,0.376487,-6.014117,113.696121,18.815786,0.073544,0.956279,0.087787,0.269101,-7.065856,134.91748,18.651821,0.002189,0.990846,0.016837,0.133925,-4.69899,149.432556,20.104673,-0.106244,0.765971,0.133997,0.619715,-10.085456,129.223633,16.388884,-0.742241,0.06236,0.506782,-0.434006,-13.638232,129.279984,-0.206928,-0.655354,-0.573675,0.187467,0.454163,-2.9893,117.431725,-15.742603,0.213403,0.27569,-0.640553,-0.684212,5.253817,145.429855,-7.382173,-0.10123,0.924862,0.021815,0.365934,-4.717205,129.530136,21.624094,0.436186,0.895825,0.084402,-0.010754,7.361542,132.437119,33.186947,-0.157794,0.423703,0.517043,-0.726803,21.140936,115.087959,31.119823,0.007928,0.217473,0.660216,-0.718859,18.521631,136.902176,19.964165,0.052148,0.92749,0.137947,0.34353,-5.005802,86.189583,8.154514,0.102555,0.970149,-0.00958,0.219551,-5.076654,51.548195,-2.410568,-0.033751,0.942323,0.046105,0.329791,-14.691242,5.234962,-3.661858,-0.09189,0.897416,-0.105206,0.418489,8.113978,87.052322,21.748411,-0.007887,0.908803,-0.146194,0.390696,10.898003,52.24892,31.372547,-0.019052,0.893593,0.013386,0.448274,6.171049,6.960154,44.237415,-0.033751,0.942323,0.046105,0.329791,-5.341545,0.676914,-15.097484,-0.019052,0.893593,0.013386,0.448274,17.8104,1.40199,35.716934
243,2.025,-0.029061,0.920229,0.010177,0.390168,1.549349,86.620102,14.952058,-0.12404,0.908047,0.152991,0.369673,1.073045,94.35936,14.921455,-0.024371,0.926106,0.005737,0.376432,-6.019573,113.693832,18.822975,0.073492,0.956315,0.087803,0.268983,-7.070488,134.915222,18.658901,0.002172,0.990866,0.016961,0.13376,-4.705217,149.430603,20.111389,-0.10623,0.766014,0.134028,0.619657,-10.090587,129.221481,16.396391,-0.742308,0.062633,0.506748,-0.433891,-13.64589,129.278442,-0.19888,-0.655548,-0.573622,0.187215,0.454054,-2.996974,117.42424,-15.730026,0.213744,0.275731,-0.640394,-0.684237,5.25555,145.418808,-7.366976,-0.101279,0.924896,0.021872,0.36583,-4.721694,129.527832,21.630951,0.436281,0.89579,0.084264,-0.010857,7.359309,132.435852,33.191196,-0.157797,0.423706,0.517105,-0.726757,21.134926,115.083908,31.122303,0.008015,0.217416,0.660232,-0.71886,18.518856,136.899414,19.967953,0.05211,0.927514,0.137964,0.343465,-5.011717,86.189438,8.1562,0.10251,0.970147,-0.009548,0.219579,-5.08029,51.5481,-2.409057,-0.033693,0.942339,0.046156,0.329746,-14.690039,5.233922,-3.662614,-0.091914,0.897412,-0.105172,0.418501,8.110415,87.050774,21.747913,-0.007922,0.908752,-0.14618,0.390818,10.896897,52.247166,31.370617,-0.019195,0.893602,0.013445,0.448249,6.171719,6.958053,44.234932,-0.033693,0.942339,0.046156,0.329746,-5.34188,0.67667,-15.099817,-0.019195,0.893602,0.013445,0.448249,17.812361,1.403286,35.713997
244,2.033333,-0.029067,0.920246,0.010212,0.390127,1.545232,86.618599,14.955066,-0.124032,0.908053,0.153061,0.369633,1.068628,94.357834,14.924951,-0.024314,0.926126,0.005755,0.376386,-6.02458,113.691544,18.829512,0.073335,0.956345,0.087804,0.268918,-7.073557,134.91304,18.667109,0.002214,0.99087,0.017085,0.133719,-4.712719,149.429276,20.118189,-0.106153,0.766242,0.133945,0.619405,-10.094408,129.219742,16.404482,-0.742414,0.062728,0.506649,-0.433813,-13.660851,129.274994,-0.188407,-0.655806,-0.573515,0.186901,0.453945,-3.007966,117.421005,-15.717018,0.214025,0.275786,-0.640298,-0.684218,5.259127,145.410461,-7.351157,-0.101258,0.924917,0.021898,0.365781,-4.72496,129.525208,21.638527,0.436286,0.895785,0.084292,-0.010917,7.357404,132.432327,33.197575,-0.157739,0.423607,0.517146,-0.726799,21.132795,115.080551,31.125725,0.008073,0.217298,0.660259,-0.71887,18.514618,136.896927,19.972712,0.05211,0.927487,0.13803,0.343512,-5.016433,86.188072,8.159776,0.102497,0.97013,-0.00955,0.219659,-5.082797,51.54805,-2.409812,-0.033781,0.94233,0.046156,0.329762,-14.691341,5.233636,-3.663687,-0.091951,0.897441,-0.105132,0.418441,8.106897,87.049133,21.750357,-0.007875,0.908837,-0.146201,0.390614,10.897706,52.245415,31.37137,-0.019296,0.89362,0.013446,0.448208,6.170585,6.956819,44.236797,-0.033781,0.94233,0.046156,0.329762,-5.341915,0.677288,-15.100219,-0.019296,0.89362,0.013446,0.448208,17.811499,1.40338,35.71537
245,2.041667,-0.029113,0.920271,0.010255,0.390063,1.542937,86.619659,14.958178,-0.124053,0.908066,0.153197,0.369536,1.06542,94.358841,14.928433,-0.024294,0.926166,0.005778,0.376289,-6.029057,113.687622,18.837837,0.073348,0.956378,0.087746,0.268817,-7.077623,134.909149,18.67675,0.002126,0.990879,0.017213,0.133633,-4.715992,149.425446,20.125925,-0.106127,0.766369,0.133924,0.619258,-10.099072,129.216034,16.414473,-0.742544,0.062792,0.506669,-0.433557,-13.671881,129.27037,-0.177044,-0.655944,-0.57338,0.186679,0.45401,-3.020293,117.419312,-15.708756,0.214276,0.275776,-0.640163,-0.684269,5.261285,145.40274,-7.337092,-0.101234,0.924944,0.02181,0.365724,-4.728509,129.521118,21.64739,0.436233,0.895805,0.084341,-0.011,7.355422,132.428741,33.20467,-0.157736,0.423518,0.517156,-0.726844,21.132769,115.07901,31.128761,0.008115,0.217203,0.660226,-0.718929,18.511435,136.895844,19.97818,0.052115,0.927503,0.138106,0.343437,-5.019624,86.188629,8.163789,0.102478,0.970142,-0.009563,0.219617,-5.08523,51.550163,-2.410913,-0.033747,0.942327,0.046107,0.329781,-14.692375,5.235392,-3.662734,-0.091956,0.897418,-0.105094,0.418497,8.105497,87.05069,21.752565,-0.007877,0.908824,-0.146186,0.39065,10.897225,52.246464,31.371487,-0.01921,0.893607,0.013441,0.448238,6.170328,6.957465,44.235561,-0.033747,0.942327,0.046107,0.329781,-5.342955,0.677343,-15.098587,-0.01921,0.893607,0.013441,0.448238,17.810894,1.402799,35.714462
246,2.05,-0.029185,0.920294,0.010327,0.39,1.541034,86.619606,14.961057,-0.123997,0.90812,0.153281,0.369387,1.062059,94.358696,14.931931,-0.024312,0.926238,0.005832,0.37611,-6.030576,113.686058,18.846352,0.073295,0.956427,0.087709,0.268667,-7.080735,134.907532,18.68734,0.002071,0.990889,0.017352,0.133546,-4.720309,149.424225,20.134562,-0.106176,0.766475,0.133908,0.619121,-10.102651,129.214371,16.425785,-0.74256,0.062803,0.506704,-0.433488,-13.680876,129.266098,-0.164577,-0.656108,-0.573254,0.186465,0.454018,-3.030892,117.415497,-15.697758,0.214405,0.275742,-0.640129,-0.684275,5.264298,145.39386,-7.322621,-0.101259,0.924956,0.021865,0.365684,-4.730081,129.519424,21.656649,0.436219,0.89579,0.084569,-0.011007,7.354669,132.427231,33.213036,-0.157614,0.423289,0.517229,-0.726951,21.132578,115.078499,31.132481,0.00816,0.217096,0.660365,-0.718833,18.505299,136.897232,19.984835,0.052086,0.927533,0.138166,0.343337,-5.02237,86.18782,8.167526,0.102483,0.970153,-0.009555,0.219567,-5.085713,51.550339,-2.410386,-0.033807,0.942322,0.046101,0.329791,-14.693204,5.23566,-3.662606,-0.091965,0.89746,-0.105104,0.418404,8.104439,87.051384,21.754587,-0.007839,0.908893,-0.146211,0.390479,10.897379,52.247429,31.374132,-0.019024,0.893623,0.013472,0.448213,6.16876,6.959066,44.239819,-0.033807,0.942322,0.046101,0.329791,-5.342975,0.678065,-15.097981,-0.019024,0.893623,0.013472,0.448213,17.807072,1.402719,35.716736
247,2.058333,-0.029213,0.920311,0.01044,0.389955,1.537874,86.62056,14.963469,-0.123908,0.908155,0.153357,0.3693,1.057809,94.359596,14.935802,-0.024387,0.926275,0.005846,0.376014,-6.031365,113.684486,18.854652,0.073174,0.956436,0.087868,0.268616,-7.084737,134.905792,18.695086,0.002032,0.990885,0.017419,0.133566,-4.728993,149.422913,20.145697,-0.106287,0.766597,0.133913,0.61895,-10.106266,129.212097,16.434361,-0.742673,0.062874,0.506596,-0.433409,-13.69088,129.259827,-0.154637,-0.656192,-0.573176,0.18637,0.454035,-3.036446,117.410431,-15.685679,0.214448,0.27554,-0.640049,-0.684417,5.266301,145.386154,-7.309291,-0.101278,0.924986,0.021965,0.365597,-4.732662,129.518158,21.664104,0.436152,0.895816,0.084643,-0.01097,7.354127,132.425446,33.218479,-0.157645,0.423185,0.517186,-0.727036,21.134657,115.078758,31.138206,0.008122,0.217013,0.660349,-0.718873,18.500792,136.89801,19.99296,0.052095,0.927531,0.138253,0.343306,-5.026164,86.189102,8.17053,0.102451,0.970092,-0.009641,0.219847,-5.088202,51.553417,-2.413296,-0.033679,0.942319,0.046105,0.329811,-14.694188,5.238265,-3.659732,-0.091993,0.897507,-0.105097,0.418298,8.101912,87.052025,21.756407,-0.00783,0.908879,-0.146201,0.390517,10.898028,52.248329,31.375992,-0.018584,0.893554,0.013544,0.448366,6.168442,6.95968,44.240326,-0.033679,0.942319,0.046105,0.329811,-5.344739,0.679475,-15.095273,-0.018584,0.893554,0.013544,0.448366,17.805477,1.399456,35.718025
248,2.066667,-0.02925,0.920345,0.010518,0.38987,1.534812,86.620964,14.96494,-0.123874,0.908151,0.153489,0.369267,1.053749,94.359932,14.93822,-0.024394,0.926276,0.005858,0.376009,-6.035774,113.683022,18.862671,0.073186,0.956468,0.087778,0.26853,-7.089587,134.904312,18.703485,0.002006,0.990902,0.017601,0.133412,-4.732806,149.421539,20.15135,-0.10634,0.766691,0.133895,0.618829,-10.111017,129.210587,16.44269,-0.742754,0.062925,0.506579,-0.433283,-13.700315,129.255676,-0.145295,-0.656216,-0.573055,0.186307,0.454179,-3.045388,117.407547,-15.676957,0.214185,0.275423,-0.639955,-0.684635,5.267203,145.379211,-7.296683,-0.101241,0.925025,0.021948,0.365511,-4.737375,129.516663,21.672388,0.436102,0.89583,0.084755,-0.010985,7.351799,132.423218,33.224445,-0.157704,0.423088,0.517186,-0.727079,21.134268,115.078392,31.141584,0.008068,0.216919,0.660305,-0.718943,18.496407,136.899155,20.000496,0.052072,0.927566,0.138311,0.34319,-5.03044,86.189407,8.173184,0.102439,0.970079,-0.009651,0.219909,-5.090775,51.554733,-2.413946,-0.03378,0.942308,0.046044,0.329842,-14.695789,5.239367,-3.659835,-0.091987,0.89753,-0.105102,0.418249,8.100065,87.052521,21.756695,-0.007845,0.908905,-0.146206,0.390454,10.896182,52.248825,31.376284,-0.0192,0.893621,0.013427,0.44821,6.168586,6.960339,44.241913,-0.03378,0.942308,0.046044,0.329842,-5.344767,0.679919,-15.093822,-0.0192,0.893621,0.013427,0.44821,17.80846,1.405174,35.720192
249,2.075,-0.029294,0.920382,0.010581,0.389778,1.533327,86.621078,14.96731,-0.123811,0.908194,0.153651,0.369115,1.051252,94.359985,14.941257,-0.024512,0.926331,0.005823,0.375868,-6.036494,113.678574,18.873276,0.0733,0.956507,0.087676,0.268394,-7.094447,134.899628,18.710966,0.001908,0.990917,0.017833,0.133277,-4.733685,149.416443,20.156328,-0.106162,0.766801,0.133975,0.618706,-10.115458,129.204971,16.451998,-0.742797,0.063043,0.506581,-0.433191,-13.711225,129.255386,-0.134572,-0.656247,-0.572891,0.18631,0.454338,-3.057068,117.405296,-15.665258,0.213848,0.275213,-0.639986,-0.684796,5.266839,145.373398,-7.284409,-0.101327,0.925045,0.021938,0.365436,-4.740306,129.512924,21.680037,0.436167,0.895795,0.084779,-0.011063,7.350124,132.422424,33.230042,-0.157826,0.423015,0.517246,-0.727053,21.129957,115.075958,31.143343,0.007937,0.216793,0.660307,-0.71898,18.492054,136.900116,20.009016,0.052037,0.927655,0.138359,0.342936,-5.033232,86.189171,8.17684,0.102418,0.970089,-0.009611,0.219875,-5.092942,51.555191,-2.412574,-0.033806,0.942311,0.046038,0.329829,-14.695294,5.239349,-3.661298,-0.091952,0.897557,-0.105114,0.418196,8.099885,87.052986,21.757782,-0.00785,0.908927,-0.146188,0.390409,10.893923,52.249001,31.376923,-0.019227,0.89364,0.013467,0.448171,6.168079,6.960022,44.241478,-0.033806,0.942311,0.046038,0.329829,-5.34431,0.680009,-15.095359,-0.019227,0.89364,0.013467,0.448171,17.807673,1.406212,35.718491
250,2.083333,-0.029242,0.920417,0.010567,0.389699,1.527981,86.621803,14.969563,-0.123814,0.908206,0.153725,0.369053,1.046721,94.360764,14.943674,-0.024465,0.926359,0.005903,0.375801,-6.04248,113.679764,18.879156,0.07334,0.956538,0.0876,0.268294,-7.099871,134.900879,18.720823,0.001894,0.990927,0.018032,0.13317,-4.737376,149.417633,20.163973,-0.106241,0.766856,0.133872,0.618646,-10.121377,129.206711,16.461281,-0.742832,0.0631,0.506595,-0.433106,-13.719084,129.252472,-0.124885,-0.656217,-0.572774,0.186345,0.454515,-3.065871,117.402008,-15.655947,0.213491,0.274999,-0.639917,-0.685057,5.265385,145.367371,-7.273267,-0.10127,0.925094,0.021942,0.365329,-4.745435,129.51358,21.688574,0.43622,0.895771,0.084748,-0.011174,7.34807,132.421478,33.235771,-0.158023,0.422954,0.517295,-0.727011,21.125776,115.073799,31.145102,0.00789,0.216702,0.660265,-0.719047,18.487816,136.902435,20.019142,0.052019,0.927657,0.138378,0.342926,-5.039801,86.190666,8.180225,0.102344,0.970135,-0.009535,0.219712,-5.097943,51.556934,-2.410003,-0.033764,0.942361,0.046012,0.329694,-14.692169,5.239513,-3.662602,-0.091961,0.897576,-0.105104,0.418155,8.095763,87.05294,21.758902,-0.007881,0.908901,-0.146143,0.390486,10.891166,52.248932,31.377533,-0.019123,0.893614,0.013535,0.448225,6.168512,6.95875,44.239025,-0.033764,0.942361,0.046012,0.329694,-5.344909,0.678962,-15.099224,-0.019123,0.893614,0.013535,0.448225,17.808376,1.405344,35.716141
251,2.091667,-0.02923,0.920472,0.010601,0.38957,1.523113,86.620987,14.970833,-0.123804,0.908222,0.153834,0.368971,1.041817,94.359947,14.94556,-0.024479,0.926382,0.00593,0.375741,-6.048506,113.678406,18.88603,0.073227,0.956625,0.087371,0.26809,-7.106885,134.899475,18.728594,0.00207,0.990958,0.018447,0.132884,-4.74582,149.417267,20.163654,-0.106124,0.766912,0.13385,0.618601,-10.128424,129.205246,16.46924,-0.742814,0.06322,0.506549,-0.433173,-13.72887,129.253189,-0.116321,-0.656272,-0.57268,0.186361,0.454549,-3.07425,117.398193,-15.642956,0.213153,0.274855,-0.639856,-0.685277,5.263183,145.362518,-7.262944,-0.10118,0.925116,0.021944,0.365296,-4.751818,129.512161,21.695843,0.436144,0.895796,0.084871,-0.011189,7.3431,132.417328,33.242245,-0.158112,0.422895,0.517274,-0.727041,21.123714,115.072289,31.148821,0.007627,0.216455,0.660191,-0.719192,18.482334,136.90155,20.026892,0.051966,0.927695,0.138428,0.342811,-5.046578,86.190239,8.183321,0.102336,0.970109,-0.009542,0.219829,-5.101146,51.557117,-2.408894,-0.033717,0.942333,0.046001,0.32978,-14.694643,5.239561,-3.661803,-0.092002,0.897569,-0.105123,0.418156,8.092805,87.051735,21.758345,-0.007864,0.908937,-0.146117,0.390412,10.890198,52.248562,31.379436,-0.019166,0.893595,0.013503,0.448261,6.168149,6.957632,44.238495,-0.033717,0.942333,0.046001,0.32978,-5.345816,0.678261,-15.096845,-0.019166,0.893595,0.013503,0.448261,17.808989,1.403978,35.717113
252,2.1,-0.029271,0.920511,0.010607,0.389475,1.520908,86.621376,14.974844,-0.123775,0.908228,0.153949,0.36892,1.038988,94.360298,14.949467,-0.02451,0.926389,0.005905,0.375723,-6.050676,113.674835,18.894512,0.073215,0.956657,0.087317,0.267998,-7.109862,134.895844,18.735619,0.002065,0.990973,0.018696,0.132737,-4.748726,149.413818,20.168747,-0.10606,0.766965,0.133928,0.61853,-10.131269,129.20134,16.476778,-0.742805,0.063313,0.506602,-0.433113,-13.73516,129.25206,-0.108026,-0.656276,-0.572619,0.186354,0.454623,-3.083459,117.394348,-15.634583,0.213043,0.274807,-0.639874,-0.685314,5.258369,145.35704,-7.253439,-0.101148,0.925136,0.021942,0.365254,-4.754483,129.508835,21.703163,0.43596,0.895852,0.085246,-0.011006,7.341712,132.413116,33.248447,-0.158105,0.422644,0.517248,-0.727207,21.129662,115.073822,31.155712,0.007622,0.216217,0.660225,-0.719232,18.476425,136.904877,20.038622,0.051922,0.92776,0.138493,0.342615,-5.050136,86.189926,8.188685,0.102318,0.970125,-0.009511,0.219768,-5.102385,51.557774,-2.406727,-0.033721,0.942347,0.046045,0.329735,-14.693767,5.239826,-3.661492,-0.091995,0.897573,-0.105131,0.418147,8.091951,87.052826,21.761003,-0.007851,0.908982,-0.146109,0.390311,10.888801,52.249676,31.382339,-0.019243,0.893614,0.013499,0.44822,6.167371,6.958506,44.240772,-0.033721,0.942347,0.046045,0.329735,-5.345868,0.679772,-15.097791,-0.019243,0.893614,0.013499,0.44822,17.808216,1.405762,35.718803
253,2.108333,-0.02929,0.920554,0.01066,0.389369,1.517969,86.622253,14.977232,-0.123754,0.90825,0.154021,0.368842,1.035455,94.361137,14.952554,-0.024573,0.92641,0.005923,0.375666,-6.053619,113.673439,18.900888,0.073146,0.956702,0.087298,0.267862,-7.115568,134.894318,18.741766,0.002172,0.990991,0.018995,0.132559,-4.756229,149.412735,20.173353,-0.106398,0.767198,0.133643,0.618245,-10.136515,129.199387,16.483393,-0.742958,0.062914,0.506369,-0.433181,-13.74993,129.233185,-0.099383,-0.656268,-0.572694,0.186272,0.454574,-3.08546,117.39119,-15.62918,0.213074,0.274829,-0.63992,-0.685253,5.253006,145.35376,-7.244288,-0.101168,0.925178,0.021989,0.365139,-4.75913,129.50766,21.709112,0.435877,0.895877,0.085413,-0.010953,7.339759,132.412216,33.251503,-0.158109,0.422304,0.517277,-0.727383,21.130966,115.075615,31.157986,0.007738,0.215898,0.660576,-0.719004,18.464882,136.910812,20.049112,0.051899,0.927755,0.138516,0.342622,-5.054618,86.190819,8.192565,0.102313,0.970139,-0.009472,0.219712,-5.10465,51.558949,-2.403793,-0.033938,0.942326,0.045964,0.329782,-14.694788,5.240819,-3.66153,-0.092011,0.897594,-0.105132,0.418098,8.090555,87.05368,21.761898,-0.007862,0.908974,-0.146139,0.390317,10.88887,52.250755,31.383606,-0.019178,0.893655,0.013509,0.44814,6.167157,6.960422,44.244896,-0.033938,0.942326,0.045964,0.329782,-5.343819,0.680736,-15.095303,-0.019178,0.893655,0.013509,0.44814,17.805857,1.407041,35.720413
254,2.116667,-0.029292,0.920591,0.010687,0.389281,1.514495,86.621918,14.980518,-0.123836,0.908284,0.154082,0.368705,1.031797,94.360794,14.956264,-0.024492,0.926477,0.005942,0.375506,-6.062824,113.677429,18.907829,0.073314,0.956742,0.087195,0.267706,-7.121933,134.898468,18.750929,0.00214,0.991005,0.019239,0.132414,-4.757107,149.416214,20.180307,-0.106648,0.767189,0.133568,0.618228,-10.144443,129.204147,16.493109,-0.742917,0.062818,0.506385,-0.433246,-13.75675,129.229813,-0.089924,-0.656321,-0.572723,0.186172,0.4545,-3.092469,117.38932,-15.620992,0.213168,0.274985,-0.639878,-0.6852,5.246215,145.351334,-7.234486,-0.100982,0.925228,0.021964,0.365066,-4.765196,129.51123,21.716986,0.435803,0.895906,0.08549,-0.010952,7.336785,132.410477,33.257473,-0.158197,0.422145,0.51726,-0.727468,21.130875,115.076317,31.162756,0.00771,0.215673,0.6606,-0.71905,18.457314,136.913605,20.059944,0.051886,0.927785,0.138554,0.342529,-5.059389,86.19062,8.1971,0.102264,0.970155,-0.009445,0.219663,-5.108644,51.559425,-2.401449,-0.033852,0.942341,0.046011,0.329744,-14.693816,5.240297,-3.660105,-0.092011,0.897612,-0.105146,0.418057,8.088379,87.053207,21.763939,-0.007895,0.90895,-0.1461,0.390388,10.886698,52.250511,31.386465,-0.019292,0.893673,0.013476,0.448101,6.168297,6.959158,44.245361,-0.033852,0.942341,0.046011,0.329744,-5.344494,0.680638,-15.095398,-0.019292,0.893673,0.013476,0.448101,17.80727,1.406403,35.720837
255,2.125,-0.02924,0.92063,0.010637,0.389195,1.5084,86.622581,14.984846,-0.123834,0.908285,0.154165,0.368668,1.026746,94.361519,14.960231,-0.024422,0.926488,0.005924,0.375486,-6.068569,113.676407,18.915041,0.073342,0.956793,0.087139,0.267536,-7.124641,134.897583,18.7586,0.002176,0.99104,0.01954,0.132111,-4.758615,149.415329,20.186028,-0.106708,0.767231,0.133607,0.618158,-10.148071,129.203751,16.500809,-0.742796,0.062738,0.50648,-0.433354,-13.762898,129.22818,-0.081673,-0.656416,-0.572748,0.186036,0.454388,-3.102486,117.386398,-15.614406,0.213389,0.275131,-0.6398,-0.685145,5.237571,145.347687,-7.226829,-0.101014,0.925266,0.021983,0.364961,-4.768543,129.509979,21.724443,0.435865,0.895871,0.085536,-0.010959,7.335822,132.410187,33.262177,-0.158226,0.422008,0.517322,-0.727497,21.12748,115.074265,31.166067,0.007637,0.215355,0.66051,-0.719229,18.451479,136.913391,20.069138,0.05183,0.927789,0.138607,0.342505,-5.066806,86.19178,8.20268,0.102254,0.970174,-0.009391,0.219585,-5.11121,51.561226,-2.397983,-0.033736,0.942334,0.045962,0.329781,-14.694502,5.241814,-3.660629,-0.092049,0.897658,-0.105079,0.417966,8.083606,87.053375,21.767014,-0.007857,0.909001,-0.14611,0.390266,10.887465,52.250153,31.386042,-0.019182,0.89364,0.01355,0.44817,6.167091,6.959012,44.244976,-0.033736,0.942334,0.045962,0.329781,-5.345579,0.679619,-15.095232,-0.019182,0.89364,0.01355,0.44817,17.806591,1.406756,35.72086
256,2.133333,-0.029234,0.920669,0.010647,0.389103,1.504744,86.620689,14.988383,-0.123844,0.908317,0.154223,0.368562,1.023107,94.359627,14.963997,-0.024445,0.926528,0.005917,0.375383,-6.072422,113.672195,18.921291,0.073439,0.95684,0.087136,0.26734,-7.129293,134.893341,18.764328,0.002217,0.991073,0.019815,0.131824,-4.760546,149.410645,20.191721,-0.106664,0.767278,0.133603,0.618108,-10.153015,129.199295,16.507404,-0.742782,0.062644,0.50644,-0.433439,-13.770251,129.224426,-0.074553,-0.656472,-0.572863,0.185903,0.454215,-3.107493,117.384659,-15.607222,0.213682,0.27537,-0.639684,-0.685066,5.227532,145.346878,-7.217777,-0.101087,0.925297,0.021967,0.364861,-4.772347,129.505905,21.729847,0.435874,0.895873,0.085473,-0.010982,7.333995,132.408813,33.264835,-0.158323,0.421806,0.51733,-0.727587,21.125296,115.072563,31.169001,0.007664,0.215081,0.660742,-0.719097,18.441231,136.915649,20.079527,0.051806,0.927875,0.138687,0.342242,-5.071831,86.190025,8.207534,0.102106,0.970175,-0.009303,0.219653,-5.11566,51.560902,-2.397805,-0.033755,0.942404,0.046009,0.329573,-14.683633,5.238482,-3.666117,-0.092048,0.897694,-0.105047,0.417897,8.081319,87.051353,21.769234,-0.007872,0.908946,-0.146084,0.390403,10.886828,52.247627,31.385962,-0.019305,0.893642,0.013516,0.448161,6.166825,6.955812,44.242657,-0.033755,0.942404,0.046009,0.329573,-5.33936,0.677694,-15.105086,-0.019305,0.893642,0.013516,0.448161,17.80727,1.404301,35.719341
257,2.141667,-0.029278,0.920701,0.010672,0.389023,1.502451,86.618958,14.992684,-0.123882,0.908338,0.154263,0.368481,1.020032,94.357857,14.968431,-0.024344,0.926565,0.005869,0.3753,-6.07772,113.671097,18.927559,0.073439,0.956885,0.087165,0.267171,-7.129867,134.892487,18.770411,0.002209,0.991098,0.020114,0.131592,-4.761387,149.409805,20.198051,-0.106752,0.767323,0.133641,0.618029,-10.155273,129.199081,16.514135,-0.742696,0.06245,0.506523,-0.433517,-13.775192,129.222183,-0.067241,-0.656481,-0.572935,0.185792,0.454158,-3.115074,117.385735,-15.604252,0.213822,0.275568,-0.639658,-0.684968,5.217491,145.347397,-7.21048,-0.101117,0.925297,0.021975,0.364854,-4.77359,129.504562,21.735596,0.435999,0.89581,0.085497,-0.010966,7.332711,132.40831,33.27042,-0.15848,0.421814,0.51741,-0.727491,21.119196,115.068268,31.174282,0.007783,0.214894,0.659847,-0.719974,18.439732,136.913376,20.091984,0.051799,0.9279,0.138755,0.342149,-5.075244,86.187675,8.212959,0.102069,0.970186,-0.009261,0.219627,-5.117925,51.559841,-2.396597,-0.033767,0.942417,0.046021,0.329533,-14.681668,5.236623,-3.667784,-0.092061,0.897712,-0.104995,0.417868,8.080147,87.05024,21.772408,-0.007854,0.908955,-0.146112,0.390372,10.888399,52.245892,31.386074,-0.019264,0.893666,0.013581,0.448113,6.166246,6.954822,44.244598,-0.033767,0.942417,0.046021,0.329533,-5.338194,0.676271,-15.107579,-0.019264,0.893666,0.013581,0.448113,17.805655,1.404401,35.719151
258,2.15,-0.029274,0.920732,0.010701,0.388948,1.498903,86.618423,14.996765,-0.123905,0.908376,0.15431,0.368361,1.016362,94.357315,14.972979,-0.024344,0.926618,0.00586,0.375168,-6.082021,113.668633,18.934185,0.073445,0.95693,0.087116,0.267025,-7.134057,134.890015,18.776815,0.00226,0.991108,0.020414,0.131462,-4.765047,149.40744,20.202602,-0.106726,0.767324,0.133645,0.618031,-10.160142,129.196579,16.521538,-0.742725,0.062335,0.506581,-0.433417,-13.780146,129.220459,-0.059816,-0.656358,-0.572963,0.185841,0.45428,-3.122041,117.38887,-15.601892,0.213727,0.275629,-0.639661,-0.684969,5.207409,145.350067,-7.203621,-0.101137,0.925322,0.022014,0.364782,-4.77698,129.502151,21.741465,0.435933,0.895852,0.085391,-0.011007,7.330978,132.406174,33.274475,-0.158637,0.421743,0.517326,-0.727559,21.119978,115.068054,31.17901,0.007712,0.214727,0.659799,-0.720068,18.433144,136.915405,20.100794,0.051755,0.927951,0.138832,0.341986,-5.079904,86.187378,8.218107,0.102065,0.970205,-0.009241,0.219545,-5.119548,51.560764,-2.395448,-0.033812,0.942417,0.045987,0.329533,-14.682569,5.237424,-3.667579,-0.092054,0.897725,-0.10495,0.417854,8.077708,87.049469,21.775425,-0.007894,0.908901,-0.146082,0.390507,10.887101,52.244347,31.385971,-0.019326,0.893642,0.013587,0.448159,6.167575,6.952486,44.24268,-0.033812,0.942417,0.045987,0.329533,-5.338735,0.676582,-15.106882,-0.019326,0.893642,0.013587,0.448159,17.808533,1.403065,35.718704
259,2.158333,-0.029319,0.920763,0.01077,0.388869,1.497001,86.618462,15.000158,-0.123935,0.90838,0.154364,0.368318,1.013401,94.357285,14.97713,-0.024427,0.926626,0.005953,0.375144,-6.087932,113.670921,18.940861,0.073697,0.95697,0.08686,0.266893,-7.144715,134.89209,18.785854,0.002334,0.991133,0.02076,0.131223,-4.766631,149.408585,20.205828,-0.106806,0.767228,0.133577,0.618151,-10.169653,129.198212,16.530123,-0.742747,0.062162,0.506708,-0.433254,-13.784073,129.219482,-0.052452,-0.656127,-0.572968,0.185954,0.454561,-3.130732,117.394745,-15.603012,0.213411,0.275593,-0.639817,-0.684937,5.195882,145.354431,-7.196759,-0.100987,0.925418,0.02199,0.36458,-4.786273,129.504425,21.74979,0.435847,0.895894,0.085382,-0.010967,7.327709,132.404541,33.277454,-0.158808,0.421742,0.517249,-0.727576,21.120071,115.06884,31.184059,0.007619,0.214603,0.659656,-0.720237,18.429214,136.918045,20.109001,0.051736,0.927954,0.138909,0.341949,-5.082917,86.187111,8.222598,0.102107,0.970204,-0.009318,0.219525,-5.119779,51.561916,-2.395587,-0.033742,0.942373,0.045991,0.329667,-14.688309,5.239534,-3.661274,-0.092063,0.897795,-0.104919,0.417709,8.076919,87.049805,21.777719,-0.007863,0.90898,-0.14614,0.390304,10.889366,52.244331,31.38608,-0.019357,0.89366,0.013533,0.448123,6.167905,6.954032,44.247593,-0.033742,0.942373,0.045991,0.329667,-5.341966,0.678158,-15.098315,-0.019357,0.89366,0.013533,0.448123,17.808247,1.403625,35.723415
260,2.166667,-0.029309,0.920784,0.010824,0.38882,1.494389,86.618652,15.002431,-0.123976,0.908395,0.154425,0.36824,1.010612,94.357475,14.980266,-0.024391,0.926661,0.005915,0.37506,-6.092837,113.669884,18.946205,0.073684,0.956989,0.087031,0.266773,-7.147597,134.891159,18.790363,0.002398,0.991147,0.020977,0.131082,-4.771244,149.407501,20.214674,-0.106781,0.767228,0.133641,0.618141,-10.173492,129.197464,16.535454,-0.742746,0.062047,0.506743,-0.433232,-13.788494,129.220688,-0.046998,-0.655944,-0.572997,0.18609,0.454733,-3.136098,117.399582,-15.600975,0.21306,0.275541,-0.640041,-0.684857,5.185388,145.359772,-7.191312,-0.101047,0.925416,0.021969,0.364572,-4.789142,129.503403,21.754135,0.435832,0.895892,0.085495,-0.010881,7.324628,132.40564,33.281498,-0.158749,0.421568,0.517286,-0.727664,21.117655,115.070305,31.189409,0.007747,0.214386,0.659691,-0.720268,18.42148,136.920197,20.117655,0.05171,0.927986,0.138923,0.34186,-5.086256,86.187866,8.225538,0.102091,0.970216,-0.009283,0.21948,-5.122037,51.562767,-2.392967,-0.033848,0.942371,0.045952,0.329667,-14.688447,5.240017,-3.661092,-0.092075,0.897819,-0.104927,0.417652,8.075033,87.049446,21.779324,-0.007888,0.908939,-0.146102,0.390413,10.888614,52.244251,31.388388,-0.019298,0.893678,0.013592,0.448087,6.169196,6.952939,44.24707,-0.033848,0.942371,0.045952,0.329667,-5.341146,0.678614,-15.097341,-0.019298,0.893678,0.013592,0.448087,17.80851,1.403239,35.721024
261,2.175,-0.029367,0.920805,0.010845,0.388765,1.4915,86.617058,15.006791,-0.12398,0.908414,0.154439,0.368187,1.006765,94.355812,14.984602,-0.024364,0.926683,0.005929,0.375006,-6.09689,113.668205,18.951422,0.07374,0.957043,0.086886,0.266611,-7.150829,134.889511,18.796633,0.002431,0.991171,0.021352,0.130839,-4.771785,149.405838,20.216679,-0.106767,0.76718,0.13369,0.618193,-10.177217,129.196045,16.54183,-0.74271,0.0619,0.506803,-0.433244,-13.790167,129.221054,-0.041068,-0.655751,-0.573059,0.186235,0.454875,-3.139667,117.403496,-15.599031,0.212841,0.275431,-0.640282,-0.684744,5.174265,145.365005,-7.1863,-0.101083,0.925439,0.021984,0.364502,-4.792236,129.501556,21.75989,0.435839,0.895893,0.085437,-0.010958,7.323036,132.404892,33.2854,-0.158827,0.421502,0.517289,-0.727683,21.115702,115.069511,31.191338,0.00778,0.21429,0.659617,-0.720364,18.416927,136.921417,20.123449,0.051652,0.928056,0.138966,0.34166,-5.089903,86.185387,8.230688,0.102052,0.970282,-0.009181,0.219212,-5.123005,51.560719,-2.389238,-0.033808,0.942383,0.046,0.329629,-14.684066,5.237016,-3.663279,-0.092075,0.897797,-0.104843,0.417722,8.072903,87.048729,21.782892,-0.007896,0.908942,-0.1461,0.390407,10.888374,52.24226,31.386789,-0.019232,0.89367,0.013655,0.448105,6.16981,6.950894,44.245609,-0.033808,0.942383,0.046,0.329629,-5.337959,0.676531,-15.100872,-0.019232,0.89367,0.013655,0.448105,17.809101,1.401959,35.719032
262,2.183333,-0.029298,0.92083,0.010804,0.388712,1.486422,86.616989,15.009703,-0.123998,0.908423,0.154497,0.368134,1.002913,94.355827,14.987375,-0.024299,0.926708,0.005903,0.37495,-6.102742,113.669273,18.956919,0.073831,0.957065,0.086956,0.266484,-7.153719,134.890732,18.802195,0.002486,0.991192,0.02156,0.13064,-4.772681,149.406525,20.224499,-0.106821,0.767153,0.133735,0.618207,-10.181178,129.197693,16.547773,-0.742775,0.061802,0.506928,-0.433001,-13.793126,129.222397,-0.035341,-0.655541,-0.573045,0.186373,0.455139,-3.147712,117.41095,-15.601433,0.212735,0.275355,-0.640516,-0.68459,5.164108,145.371368,-7.183004,-0.101088,0.925432,0.022004,0.364516,-4.795526,129.502457,21.765182,0.435874,0.895883,0.085353,-0.011074,7.319356,132.405624,33.291138,-0.15878,0.421482,0.517339,-0.727669,21.110571,115.069473,31.193945,0.007878,0.214156,0.659553,-0.720461,18.413534,136.921692,20.12628,0.051598,0.928086,0.138972,0.341585,-5.09583,86.186195,8.23437,0.102004,0.970302,-0.009101,0.21915,-5.12599,51.561237,-2.384612,-0.033724,0.942402,0.045999,0.329585,-14.681201,5.236495,-3.664389,-0.092108,0.897774,-0.10478,0.417778,8.068674,87.047791,21.785036,-0.007909,0.908931,-0.146076,0.390441,10.887587,52.240799,31.386021,-0.019284,0.893648,0.01365,0.448147,6.17045,6.948817,44.243156,-0.033724,0.942402,0.045999,0.329585,-5.33698,0.675102,-15.10316,-0.019284,0.893648,0.01365,0.448147,17.811043,1.400463,35.717987
263,2.191667,-0.029374,0.920843,0.010843,0.388675,1.484909,86.615311,15.012328,-0.12401,0.908436,0.154578,0.368065,1.000078,94.354065,14.990118,-0.024272,0.926735,0.005814,0.374887,-6.107206,113.667152,18.963154,0.073869,0.957095,0.087058,0.266334,-7.155724,134.888702,18.805454,0.002559,0.991219,0.02179,0.130401,-4.774457,149.40419,20.230419,-0.10667,0.767163,0.133836,0.618199,-10.18415,129.195694,16.552275,-0.742753,0.061722,0.50692,-0.43306,-13.79751,129.226364,-0.030518,-0.655479,-0.573121,0.18642,0.455113,-3.151298,117.416466,-15.597232,0.212738,0.275432,-0.640669,-0.684414,5.154176,145.378754,-7.178798,-0.101248,0.925416,0.02207,0.364509,-4.797763,129.500595,21.768917,0.435856,0.895894,0.085307,-0.011208,7.316185,132.407959,33.294792,-0.158819,0.421343,0.517331,-0.727747,21.107956,115.072777,31.193209,0.007833,0.214294,0.660193,-0.719834,18.404503,136.928345,20.128883,0.051589,0.928097,0.138978,0.341554,-5.097794,86.183464,8.237504,0.102002,0.970311,-0.009042,0.219115,-5.127562,51.558556,-2.381654,-0.033817,0.942389,0.046,0.329611,-14.681405,5.233669,-3.666452,-0.092105,0.897799,-0.104796,0.417722,8.067612,87.047157,21.787151,-0.00791,0.90894,-0.146022,0.390438,10.886433,52.240372,31.388897,-0.019388,0.893664,0.013628,0.448111,6.171481,6.946883,44.241543,-0.033817,0.942389,0.046,0.329611,-5.335622,0.673273,-15.104342,-0.019388,0.893664,0.013628,0.448111,17.812351,1.399309,35.71624
264,2.2,-0.029408,0.920865,0.010897,0.388618,1.48272,86.6147,15.015218,-0.124044,0.908432,0.154626,0.368042,0.997079,94.353401,14.993605,-0.024244,0.926739,0.005815,0.374878,-6.112506,113.666748,18.968281,0.073944,0.957119,0.087125,0.266206,-7.159935,134.888367,18.811047,0.00267,0.991247,0.021986,0.130152,-4.777109,149.403397,20.238062,-0.106609,0.767098,0.133901,0.618277,-10.188701,129.195541,16.55781,-0.742666,0.061566,0.507003,-0.433133,-13.799256,129.229767,-0.025591,-0.655467,-0.573205,0.186357,0.45505,-3.155939,117.421997,-15.59591,0.21298,0.275536,-0.640774,-0.684199,5.145101,145.384766,-7.174675,-0.101242,0.92542,0.022106,0.364498,-4.802191,129.500061,21.774349,0.435806,0.895924,0.085242,-0.011297,7.312077,132.406799,33.300053,-0.158699,0.421343,0.517263,-0.727821,21.105694,115.073334,31.196388,0.007607,0.214171,0.66027,-0.719803,18.398876,136.925095,20.127321,0.051572,0.92812,0.138999,0.341486,-5.100789,86.182632,8.241188,0.101966,0.970331,-0.008997,0.219042,-5.129659,51.558018,-2.378926,-0.033823,0.942409,0.046015,0.329553,-14.679408,5.232361,-3.666439,-0.092093,0.897787,-0.104802,0.417749,8.066229,87.046776,21.789248,-0.007928,0.90894,-0.145989,0.390453,10.883826,52.239944,31.391186,-0.019392,0.893652,0.013649,0.448134,6.171414,6.945565,44.241638,-0.033823,0.942409,0.046015,0.329553,-5.334932,0.672413,-15.105579,-0.019392,0.893652,0.013649,0.448134,17.812876,1.398605,35.716736
265,2.208333,-0.029433,0.920874,0.010947,0.388592,1.480133,86.615814,15.019139,-0.124069,0.908433,0.154643,0.368023,0.993828,94.354477,14.9981,-0.02414,0.926758,0.00593,0.374836,-6.116859,113.667282,18.973137,0.073874,0.957182,0.087036,0.266026,-7.162037,134.889053,18.822174,0.002782,0.991277,0.022212,0.129881,-4.780506,149.404663,20.245487,-0.10662,0.767034,0.133956,0.618342,-10.191633,129.19722,16.567581,-0.742568,0.061325,0.507105,-0.433217,-13.799363,129.232849,-0.01643,-0.655467,-0.573268,0.186333,0.45498,-3.159313,117.429443,-15.592289,0.213253,0.275665,-0.640777,-0.684059,5.137885,145.393295,-7.170852,-0.101312,0.92543,0.022125,0.364453,-4.804576,129.499634,21.783678,0.435825,0.895905,0.085328,-0.011414,7.310334,132.408401,33.308193,-0.158597,0.42126,0.517291,-0.727872,21.1031,115.07505,31.198114,0.007539,0.21426,0.660265,-0.719782,18.394341,136.925644,20.128939,0.051566,0.928116,0.138991,0.3415,-5.103724,86.183662,8.245455,0.101956,0.970327,-0.008963,0.219065,-5.132266,51.55883,-2.373964,-0.033843,0.942404,0.045997,0.329567,-14.680375,5.232921,-3.664589,-0.092102,0.897763,-0.104818,0.417794,8.06399,87.047966,21.792824,-0.007928,0.908943,-0.145934,0.390464,10.881177,52.241482,31.396139,-0.019385,0.893639,0.01365,0.44816,6.170705,6.945583,44.241932,-0.033843,0.942404,0.045997,0.329567,-5.3354,0.672666,-15.103197,-0.019385,0.893639,0.01365,0.44816,17.812601,1.398571,35.717667
266,2.216667,-0.029531,0.920891,0.010977,0.388544,1.479185,86.616913,15.022673,-0.124098,0.908431,0.154707,0.367993,0.991313,94.355476,15.001493,-0.024182,0.926761,0.005958,0.374825,-6.121097,113.666771,18.978588,0.073981,0.957232,0.086898,0.265862,-7.168387,134.888443,18.828049,0.002992,0.991309,0.022541,0.129576,-4.782788,149.403748,20.247671,-0.106603,0.766917,0.134059,0.618468,-10.197471,129.19635,16.573423,-0.742589,0.061208,0.507126,-0.433172,-13.800052,129.235565,-0.0117,-0.655431,-0.573348,0.186311,0.45494,-3.160314,117.4366,-15.591128,0.213487,0.275862,-0.640793,-0.683892,5.131748,145.401352,-7.167565,-0.101369,0.925451,0.022225,0.364378,-4.810319,129.499191,21.789396,0.435798,0.895921,0.085284,-0.011487,7.306042,132.40863,33.312218,-0.15866,0.421339,0.517256,-0.727837,21.099794,115.076302,31.200155,0.007496,0.2144,0.660186,-0.719813,18.392483,136.926849,20.130131,0.051567,0.928111,0.139025,0.341502,-5.105274,86.183266,8.249666,0.101929,0.970327,-0.008948,0.21908,-5.132981,51.559139,-2.372016,-0.033795,0.942422,0.046016,0.329517,-14.678324,5.232689,-3.663567,-0.09208,0.897713,-0.104815,0.417908,8.063643,87.05056,21.795677,-0.007999,0.908842,-0.14588,0.39072,10.878296,52.243752,31.398552,-0.019307,0.893627,0.013605,0.448189,6.172323,6.946477,44.24115,-0.033795,0.942422,0.046016,0.329517,-5.334978,0.672473,-15.103525,-0.019307,0.893627,0.013605,0.448189,17.813747,1.397274,35.717659
267,2.225,-0.029536,0.92089,0.010985,0.388548,1.476995,86.616859,15.02591,-0.12415,0.908417,0.154703,0.368011,0.988994,94.355415,15.004809,-0.02412,0.926758,0.006021,0.374835,-6.125933,113.667824,18.981079,0.073934,0.957261,0.086922,0.265764,-7.171788,134.889587,18.834005,0.003178,0.991327,0.022725,0.129401,-4.787741,149.405151,20.253626,-0.106604,0.766824,0.134146,0.618564,-10.201218,129.198059,16.578392,-0.742621,0.061073,0.507172,-0.433082,-13.799763,129.239853,-0.007604,-0.655367,-0.573424,0.186262,0.454957,-3.161371,117.446388,-15.592114,0.213654,0.276058,-0.64079,-0.683764,5.126562,145.410736,-7.163202,-0.101495,0.925436,0.022382,0.364372,-4.814135,129.499695,21.794506,0.435812,0.89592,0.085214,-0.011542,7.301512,132.411118,33.317577,-0.158613,0.421432,0.517235,-0.727809,21.094652,115.078415,31.204636,0.007456,0.214546,0.660168,-0.719787,18.390295,136.926086,20.131052,0.051546,0.928125,0.138998,0.341477,-5.107406,86.183174,8.252851,0.101916,0.970397,-0.008832,0.218782,-5.134682,51.55835,-2.366581,-0.033847,0.942429,0.046026,0.329489,-14.676812,5.231449,-3.665637,-0.092079,0.897696,-0.104831,0.41794,8.061398,87.050552,21.798969,-0.008016,0.908828,-0.145835,0.390767,10.875133,52.243973,31.402946,-0.019323,0.893628,0.013624,0.448186,6.171609,6.945476,44.242123,-0.033847,0.942429,0.046026,0.329489,-5.333585,0.672012,-15.105999,-0.019323,0.893628,0.013624,0.448186,17.813229,1.396967,35.718452
268,2.233333,-0.029548,0.920898,0.010979,0.388527,1.473372,86.617622,15.029043,-0.124141,0.908413,0.154762,0.367999,0.985234,94.356171,15.0078,-0.024126,0.926758,0.006019,0.374834,-6.130971,113.670013,18.98691,0.074105,0.957265,0.086975,0.265683,-7.17703,134.891769,18.839663,0.003277,0.991348,0.022844,0.129213,-4.788593,149.406357,20.261797,-0.106718,0.766712,0.134201,0.618671,-10.206406,129.200195,16.584099,-0.74272,0.060869,0.507196,-0.432914,-13.799599,129.241089,-0.003053,-0.655244,-0.573495,0.186227,0.455059,-3.161193,117.457451,-15.594985,0.213743,0.276206,-0.640771,-0.683693,5.122572,145.420532,-7.157804,-0.101482,0.925463,0.022396,0.364305,-4.819324,129.501923,21.800205,0.435936,0.895876,0.08503,-0.011639,7.298074,132.412918,33.321537,-0.158621,0.421524,0.517265,-0.727732,21.086308,115.076408,31.207848,0.007482,0.21473,0.660232,-0.719673,18.387112,136.925797,20.132145,0.051519,0.928124,0.138999,0.341482,-5.11132,86.183678,8.256288,0.101896,0.970405,-0.008784,0.218757,-5.136673,51.558666,-2.362535,-0.033841,0.942427,0.046019,0.329497,-14.675977,5.231285,-3.665265,-0.092092,0.897706,-0.104832,0.417915,8.058064,87.051567,21.8018,-0.008023,0.90885,-0.145776,0.390739,10.872884,52.245174,31.406122,-0.019578,0.893633,0.013456,0.448169,6.172503,6.945076,44.240795,-0.033841,0.942427,0.046019,0.329497,-5.332641,0.671609,-15.105441,-0.019578,0.893633,0.013456,0.448169,17.81562,1.395601,35.719807
269,2.241667,-0.029471,0.920894,0.010922,0.388544,1.468235,86.617752,15.032527,-0.124207,0.908404,0.154825,0.367973,0.981543,94.356384,15.010923,-0.024006,0.926781,0.006024,0.374786,-6.137736,113.668297,18.991385,0.074143,0.957313,0.086941,0.26551,-7.179158,134.890289,18.846289,0.003442,0.991381,0.02303,0.128927,-4.789408,149.404785,20.267147,-0.106639,0.766638,0.134343,0.618746,-10.210025,129.1996,16.590504,-0.742734,0.060674,0.507326,-0.432764,-13.800658,129.24614,0.002812,-0.655097,-0.573467,0.186276,0.455285,-3.167073,117.469788,-15.597902,0.213472,0.276304,-0.640748,-0.68376,5.117533,145.430573,-7.153897,-0.101507,0.92545,0.022421,0.364329,-4.822315,129.499649,21.806061,0.435933,0.895875,0.085043,-0.011761,7.29432,132.411057,33.328094,-0.158563,0.421553,0.517292,-0.727709,21.082544,115.075157,31.209305,0.007499,0.214829,0.660188,-0.719684,18.386026,136.922867,20.132309,0.051485,0.928101,0.138997,0.341552,-5.116296,86.184731,8.259553,0.101858,0.970461,-0.008676,0.218529,-5.138668,51.559441,-2.358364,-0.033819,0.942449,0.045973,0.329442,-14.672595,5.231154,-3.668039,-0.092118,0.897685,-0.104797,0.417964,8.052767,87.050766,21.8055,-0.008039,0.908867,-0.145737,0.390713,10.869841,52.244186,31.408516,-0.019311,0.89362,0.013664,0.4482,6.172685,6.943029,44.240631,-0.033819,0.942449,0.045973,0.329442,-5.330912,0.669934,-15.108949,-0.019311,0.89362,0.013664,0.4482,17.814642,1.395408,35.716843
270,2.25,-0.029493,0.920889,0.010936,0.388555,1.465221,86.616982,15.035256,-0.124177,0.908399,0.154879,0.367972,0.97814,94.355591,15.013719,-0.024062,0.926777,0.006023,0.374793,-6.141038,113.667717,18.996807,0.074276,0.957305,0.087058,0.265463,-7.184639,134.889603,18.850794,0.003513,0.991394,0.023119,0.128803,-4.792067,149.403229,20.275822,-0.106511,0.766568,0.13444,0.618834,-10.214885,129.198502,16.595201,-0.742743,0.060509,0.507291,-0.432813,-13.802751,129.251068,0.006925,-0.654939,-0.5735,0.186363,0.455435,-3.166673,117.479706,-15.595876,0.212973,0.276265,-0.6409,-0.683789,5.113647,145.440414,-7.14739,-0.101497,0.925458,0.022418,0.364311,-4.827289,129.499329,21.810833,0.435915,0.895866,0.085228,-0.011739,7.289837,132.410507,33.332409,-0.158421,0.421502,0.517352,-0.727727,21.078781,115.075493,31.210983,0.007575,0.214872,0.660227,-0.719634,18.383329,136.921417,20.132849,0.051472,0.928103,0.139017,0.34154,-5.119127,86.183701,8.262118,0.101852,0.970447,-0.008654,0.218594,-5.140265,51.558708,-2.35677,-0.03388,0.942447,0.045957,0.329444,-14.673181,5.230284,-3.668928,-0.09214,0.897648,-0.104775,0.418044,8.04957,87.050262,21.808395,-0.008068,0.908822,-0.145689,0.390834,10.867906,52.243633,31.410858,-0.019301,0.893614,0.013615,0.448215,6.173281,6.941185,44.239353,-0.03388,0.942447,0.045957,0.329444,-5.330875,0.669237,-15.109404,-0.019301,0.893614,0.013615,0.448215,17.815176,1.392172,35.716377
271,2.258333,-0.029512,0.92088,0.010952,0.388573,1.462742,86.616646,15.038803,-0.124209,0.908374,0.154905,0.368013,0.975292,94.35524,15.017377,-0.024029,0.926757,0.006003,0.374845,-6.145841,113.667152,19.000685,0.074255,0.957293,0.087164,0.265477,-7.187814,134.889114,18.854334,0.003642,0.991393,0.023241,0.12879,-4.796645,149.402679,20.282278,-0.106367,0.766586,0.1345,0.618823,-10.218239,129.198212,16.598461,-0.742944,0.060312,0.507324,-0.432458,-13.807594,129.255661,0.010523,-0.65464,-0.573438,0.186477,0.455896,-3.171946,117.497681,-15.602648,0.212351,0.27617,-0.640965,-0.68396,5.110069,145.453888,-7.140978,-0.101476,0.925454,0.022466,0.364326,-4.831204,129.498703,21.814693,0.435915,0.895872,0.085151,-0.011859,7.2857,132.408569,33.33683,-0.1584,0.421503,0.517388,-0.727705,21.074512,115.073845,31.212101,0.007695,0.214847,0.660277,-0.719594,18.380899,136.920288,20.133974,0.051473,0.928073,0.139062,0.341605,-5.121308,86.183167,8.265389,0.10185,0.970434,-0.008664,0.218655,-5.140615,51.559078,-2.356462,-0.033785,0.942443,0.045992,0.329462,-14.673477,5.230632,-3.668274,-0.092153,0.897674,-0.104764,0.417987,8.046792,87.050125,21.812218,-0.008093,0.908764,-0.14566,0.39098,10.866897,52.243507,31.414179,-0.019444,0.893637,0.013645,0.448162,6.173431,6.940305,44.240437,-0.033785,0.942443,0.045992,0.329462,-5.331602,0.669602,-15.109107,-0.019444,0.893637,0.013645,0.448162,17.815941,1.393933,35.716587
272,2.266667,-0.029538,0.920864,0.010965,0.388609,1.460818,86.618256,15.042889,-0.124248,0.908347,0.154902,0.368067,0.972919,94.356819,15.021472,-0.024,0.926735,0.006054,0.374899,-6.149475,113.667282,19.00338,0.074129,0.957343,0.087123,0.265347,-7.191111,134.889282,18.859453,0.003927,0.991421,0.023492,0.128519,-4.803201,149.403641,20.28484,-0.106344,0.766508,0.13464,0.618893,-10.221364,129.1987,16.602554,-0.742997,0.060141,0.507326,-0.432388,-13.807954,129.260269,0.014035,-0.654361,-0.573452,0.186648,0.45621,-3.171474,117.509315,-15.603858,0.211685,0.275971,-0.641119,-0.684102,5.105754,145.46463,-7.134543,-0.10143,0.925451,0.022466,0.364346,-4.834921,129.498474,21.819435,0.435936,0.895868,0.085067,-0.012022,7.281817,132.406876,33.342113,-0.158461,0.421485,0.517408,-0.727688,21.06966,115.071999,31.212442,0.007734,0.214914,0.660305,-0.719549,18.376265,136.920029,20.136959,0.051458,0.928103,0.139095,0.341511,-5.122673,86.184433,8.268954,0.101881,0.970408,-0.008687,0.218754,-5.141174,51.560902,-2.354714,-0.03382,0.942421,0.045921,0.32953,-14.677179,5.233085,-3.66608,-0.092104,0.897667,-0.104748,0.418018,8.044308,87.052078,21.816822,-0.008174,0.908702,-0.145592,0.391149,10.861392,52.24456,31.416428,-0.019445,0.893635,0.013691,0.448164,6.17505,6.939626,44.239159,-0.03382,0.942421,0.045921,0.32953,-5.333512,0.67048,-15.10482,-0.019445,0.893635,0.013691,0.448164,17.81782,1.394445,35.714893
273,2.275,-0.02959,0.920856,0.011017,0.388623,1.457412,86.617836,15.046656,-0.124192,0.908341,0.154908,0.368099,0.96845,94.356331,15.025655,-0.023966,0.926723,0.006065,0.374931,-6.151936,113.666962,19.008402,0.074235,0.957321,0.087185,0.265378,-7.192384,134.889023,18.865391,0.003897,0.991416,0.023583,0.128541,-4.801982,149.402695,20.293442,-0.106207,0.766438,0.134759,0.618978,-10.222804,129.198715,16.608027,-0.743012,0.060003,0.507467,-0.432216,-13.806838,129.266998,0.018977,-0.6541,-0.573399,0.18679,0.456592,-3.175984,117.521736,-15.607031,0.211125,0.275768,-0.641282,-0.684204,5.10169,145.474121,-7.12851,-0.101457,0.925432,0.022482,0.364387,-4.836689,129.49794,21.825281,0.435989,0.895828,0.085197,-0.012118,7.278856,132.406891,33.349083,-0.158356,0.421383,0.517547,-0.727671,21.064535,115.071091,31.212891,0.007811,0.214801,0.660398,-0.719496,18.374037,136.920288,20.139992,0.05139,0.928114,0.139171,0.341461,-5.125822,86.183487,8.272503,0.101886,0.970433,-0.00867,0.218643,-5.13842,51.560986,-2.354524,-0.033815,0.942422,0.045944,0.329525,-14.674645,5.233231,-3.666437,-0.092157,0.897634,-0.104682,0.418093,8.040646,87.052193,21.820808,-0.008147,0.908728,-0.145611,0.391082,10.862382,52.244377,31.417953,-0.019448,0.893635,0.0137,0.448164,6.173979,6.939921,44.241623,-0.033815,0.942422,0.045944,0.329525,-5.331092,0.671228,-15.105513,-0.019448,0.893635,0.0137,0.448164,17.81683,1.395025,35.717278
274,2.283333,-0.029639,0.920846,0.01105,0.388642,1.453365,86.617706,15.049726,-0.124195,0.90832,0.15488,0.368162,0.963506,94.35614,15.028888,-0.023885,0.9267,0.006094,0.374994,-6.156756,113.666786,19.010012,0.074388,0.957286,0.087262,0.265435,-7.194505,134.888992,18.869377,0.003817,0.991409,0.023675,0.128579,-4.800375,149.401718,20.300991,-0.106117,0.766346,0.134838,0.619089,-10.225344,129.199341,16.610937,-0.743087,0.059687,0.507699,-0.431857,-13.805333,129.272461,0.02104,-0.653855,-0.573356,0.186724,0.457024,-3.183288,117.541084,-15.621374,0.210859,0.275799,-0.641419,-0.684145,5.098933,145.486298,-7.123636,-0.101417,0.925391,0.02249,0.3645,-4.839884,129.497269,21.828938,0.435978,0.895827,0.085251,-0.012209,7.273136,132.404648,33.355785,-0.158387,0.421359,0.517563,-0.727667,21.059135,115.069672,31.214947,0.007728,0.214856,0.660439,-0.719443,18.368561,136.919128,20.144258,0.051384,0.928095,0.139202,0.3415,-5.129539,86.182755,8.275293,0.101847,0.970458,-0.008625,0.218552,-5.140503,51.560829,-2.353606,-0.033772,0.942451,0.045977,0.32944,-14.672359,5.232248,-3.667993,-0.092173,0.897684,-0.104665,0.417986,8.036268,87.052658,21.824158,-0.008131,0.908753,-0.145584,0.391035,10.860695,52.244801,31.420359,-0.019353,0.893624,0.013744,0.448188,6.172606,6.939557,44.241379,-0.033772,0.942451,0.045977,0.32944,-5.33117,0.670674,-15.109163,-0.019353,0.893624,0.013744,0.448188,17.815151,1.394532,35.716705
275,2.291667,-0.02971,0.920819,0.011149,0.388697,1.451376,86.616554,15.052056,-0.124192,0.908284,0.154853,0.368262,0.959918,94.354897,15.032177,-0.023849,0.926658,0.006124,0.375098,-6.161007,113.667915,19.011976,0.074323,0.957258,0.087371,0.265516,-7.197783,134.890167,18.87298,0.003923,0.991396,0.023762,0.12866,-4.80631,149.403046,20.307484,-0.106042,0.76628,0.134899,0.619171,-10.228374,129.200867,16.613367,-0.743142,0.059777,0.507739,-0.431704,-13.805458,129.277832,0.02286,-0.65379,-0.573377,0.186747,0.457081,-3.185708,117.546036,-15.620792,0.210883,0.275938,-0.641392,-0.684108,5.094499,145.491104,-7.120658,-0.101397,0.925387,0.022558,0.364511,-4.844057,129.498093,21.83259,0.43607,0.895785,0.085214,-0.012239,7.268816,132.403992,33.35997,-0.158408,0.421395,0.517608,-0.72761,21.051205,115.066254,31.218355,0.007587,0.214799,0.660466,-0.719436,18.36442,136.916428,20.14852,0.051391,0.928091,0.13922,0.341502,-5.130637,86.181137,8.276788,0.101845,0.970451,-0.008633,0.218584,-5.141632,51.559616,-2.353461,-0.033796,0.942451,0.04601,0.329434,-14.673455,5.231011,-3.667332,-0.092203,0.897691,-0.104645,0.417969,8.033389,87.051979,21.827326,-0.0081,0.908808,-0.145577,0.39091,10.860605,52.244232,31.423096,-0.019414,0.893655,0.013686,0.448127,6.171789,6.938756,44.243015,-0.033796,0.942451,0.04601,0.329434,-5.332098,0.670586,-15.108829,-0.019414,0.893655,0.013686,0.448127,17.813515,1.393021,35.717682
276,2.3,-0.029746,0.920807,0.011203,0.388722,1.448111,86.615448,15.054935,-0.124229,0.90827,0.154844,0.368287,0.955807,94.353737,15.03559,-0.023771,0.926653,0.006089,0.375117,-6.166193,113.665726,19.014111,0.074311,0.957246,0.087431,0.265544,-7.199346,134.888153,18.874975,0.003964,0.991385,0.023936,0.128715,-4.808694,149.401001,20.311192,-0.105932,0.766222,0.134996,0.619241,-10.230814,129.199356,16.615265,-0.743181,0.059483,0.507841,-0.431557,-13.805753,129.281738,0.024325,-0.653756,-0.573431,0.186539,0.457146,-3.189077,117.560921,-15.629643,0.211161,0.276143,-0.641352,-0.683976,5.092071,145.501923,-7.117088,-0.101399,0.925366,0.022521,0.364566,-4.84666,129.495682,21.834703,0.436193,0.895719,0.085293,-0.012226,7.26485,132.401993,33.363407,-0.158466,0.421345,0.517703,-0.727558,21.042494,115.060661,31.220331,0.00745,0.214749,0.660579,-0.719349,18.358318,136.915009,20.154974,0.051388,0.92807,0.139274,0.341537,-5.133493,86.179794,8.279287,0.101863,0.970428,-0.008657,0.218674,-5.142528,51.559341,-2.35443,-0.033831,0.942428,0.046003,0.329498,-14.676356,5.231121,-3.667402,-0.092174,0.897719,-0.104637,0.417919,8.029715,87.051102,21.830582,-0.008148,0.908815,-0.145546,0.390902,10.855789,52.24284,31.424829,-0.019417,0.893676,0.013766,0.448081,6.172357,6.936589,44.243984,-0.033831,0.942428,0.046003,0.329498,-5.333137,0.670892,-15.107452,-0.019417,0.893676,0.013766,0.448081,17.813623,1.392934,35.716679
277,2.308333,-0.02977,0.920789,0.011281,0.38876,1.443151,86.615166,15.057489,-0.124348,0.908228,0.154826,0.36836,0.950035,94.353409,15.039089,-0.02356,0.926632,0.006052,0.375181,-6.177529,113.667252,19.015017,0.074385,0.957206,0.087465,0.265658,-7.201768,134.890137,18.877716,0.003944,0.991359,0.02406,0.128888,-4.809284,149.402481,20.315859,-0.105899,0.766125,0.134973,0.619371,-10.23532,129.202805,16.617077,-0.743171,0.059378,0.507862,-0.431564,-13.805029,129.286499,0.025019,-0.653803,-0.573531,0.186368,0.457024,-3.188727,117.568626,-15.631397,0.211506,0.27641,-0.641263,-0.683845,5.089393,145.509079,-7.114071,-0.101322,0.925377,0.022537,0.364559,-4.851736,129.496399,21.837255,0.436251,0.895686,0.08535,-0.012172,7.260473,132.400101,33.365875,-0.158597,0.421386,0.517734,-0.727484,21.035923,115.056923,31.223667,0.007353,0.214791,0.660474,-0.719434,18.355001,136.913803,20.161762,0.051321,0.928096,0.139331,0.341453,-5.137858,86.179688,8.281255,0.101888,0.970444,-0.008655,0.218593,-5.141891,51.559902,-2.354609,-0.033796,0.942401,0.04598,0.329582,-14.678076,5.232164,-3.667457,-0.09221,0.897732,-0.104587,0.417895,8.02416,87.050652,21.833723,-0.008165,0.908798,-0.145529,0.390949,10.854379,52.2421,31.425711,-0.019389,0.893673,0.013866,0.448086,6.172418,6.935394,44.24379,-0.033796,0.942401,0.04598,0.329582,-5.333248,0.670987,-15.105814,-0.019389,0.893673,0.013866,0.448086,17.813969,1.393954,35.715431
278,2.316667,-0.029832,0.92077,0.011312,0.388799,1.440053,86.616112,15.060574,-0.124376,0.90819,0.154829,0.368441,0.945869,94.354279,15.042233,-0.023498,0.926596,0.006036,0.375276,-6.183358,113.668335,19.017267,0.07416,0.957224,0.087292,0.265712,-7.204868,134.891357,18.880201,0.004186,0.991338,0.024411,0.128982,-4.817339,149.405151,20.311892,-0.105804,0.766009,0.135018,0.61952,-10.238684,129.204453,16.618822,-0.743161,0.059327,0.507941,-0.431495,-13.802796,129.292694,0.025581,-0.653785,-0.573581,0.186285,0.45702,-3.189802,117.576576,-15.634405,0.211745,0.276486,-0.641117,-0.683878,5.086659,145.516098,-7.112368,-0.101271,0.925376,0.022559,0.364574,-4.856126,129.497253,21.840109,0.436332,0.89564,0.085423,-0.012102,7.25606,132.399078,33.369232,-0.158662,0.421338,0.517782,-0.727463,21.028435,115.053322,31.228107,0.007218,0.21473,0.660576,-0.719359,18.348013,136.912338,20.17042,0.051333,0.928049,0.139369,0.341564,-5.14032,86.179802,8.283771,0.101882,0.970412,-0.008677,0.218734,-5.142939,51.560879,-2.354904,-0.033781,0.942417,0.045951,0.329541,-14.678885,5.233073,-3.666956,-0.092226,0.89767,-0.104528,0.41804,8.020427,87.052414,21.837378,-0.00821,0.908759,-0.145508,0.391045,10.851983,52.243198,31.426548,-0.019296,0.893668,0.013929,0.448097,6.173373,6.935975,44.244045,-0.033781,0.942417,0.045951,0.329541,-5.335273,0.670896,-15.105912,-0.019296,0.893668,0.013929,0.448097,17.814478,1.394925,35.714821
279,2.325,-0.02991,0.920781,0.011405,0.388766,1.439227,86.618095,15.06216,-0.124397,0.90817,0.154858,0.368472,0.943368,94.356163,15.044684,-0.02348,0.926574,0.006035,0.375331,-6.186974,113.669052,19.020096,0.074121,0.957197,0.087247,0.265835,-7.207783,134.892105,18.883236,0.004245,0.991303,0.024598,0.129209,-4.820987,149.406128,20.31378,-0.105699,0.765936,0.135003,0.619632,-10.241517,129.205338,16.621412,-0.743177,0.05924,0.507975,-0.43144,-13.801685,129.296753,0.027338,-0.653752,-0.573631,0.186237,0.457024,-3.189762,117.584053,-15.635931,0.21184,0.276645,-0.641053,-0.683844,5.084293,145.523102,-7.110035,-0.101219,0.925363,0.02253,0.364625,-4.859563,129.497879,21.843336,0.436402,0.895588,0.085626,-0.011949,7.251729,132.398361,33.373741,-0.158632,0.421301,0.517869,-0.727429,21.021534,115.050339,31.234524,0.007173,0.214618,0.660464,-0.719496,18.344086,136.91008,20.179125,0.051304,0.928068,0.139408,0.3415,-5.141551,86.181091,8.285793,0.101914,0.970383,-0.008695,0.218848,-5.141947,51.562725,-2.354718,-0.03387,0.942395,0.045955,0.329595,-14.681,5.235559,-3.666921,-0.092218,0.897659,-0.104548,0.418059,8.020005,87.055099,21.838528,-0.008255,0.908688,-0.145461,0.391227,10.850201,52.246071,31.428791,-0.01928,0.893673,0.013939,0.448088,6.174626,6.937638,44.243095,-0.03387,0.942395,0.045955,0.329595,-5.335192,0.67443,-15.104506,-0.01928,0.893673,0.013939,0.448088,17.815441,1.396622,35.713451
280,2.333333,-0.029943,0.920759,0.01147,0.388813,1.43371,86.618317,15.065633,-0.124324,0.908122,0.154865,0.368612,0.936991,94.356331,15.04886,-0.023451,0.926504,0.005962,0.375506,-6.192037,113.671745,19.025002,0.074514,0.957093,0.087347,0.266066,-7.210501,134.894897,18.885527,0.004001,0.991274,0.024662,0.129426,-4.813384,149.40657,20.322704,-0.105489,0.766012,0.134923,0.619591,-10.24399,129.208221,16.623152,-0.74323,0.05919,0.507888,-0.431457,-13.807376,129.302979,0.02979,-0.653777,-0.573628,0.186203,0.457007,-3.191259,117.593094,-15.63274,0.211731,0.276733,-0.641053,-0.683841,5.083807,145.531738,-7.10647,-0.101087,0.925348,0.022611,0.364695,-4.863986,129.500717,21.847084,0.436418,0.895571,0.085732,-0.011894,7.246478,132.39595,33.379673,-0.158708,0.421297,0.517929,-0.727372,21.015717,115.047455,31.240522,0.007191,0.214524,0.660361,-0.719619,18.341169,136.909622,20.188786,0.051289,0.928075,0.139451,0.341466,-5.146334,86.181244,8.288563,0.101874,0.970421,-0.008669,0.218701,-5.145038,51.563644,-2.354436,-0.033797,0.942425,0.04598,0.329512,-14.680043,5.235654,-3.66677,-0.092285,0.897627,-0.104485,0.41813,8.013755,87.055389,21.842703,-0.008255,0.908664,-0.145448,0.391288,10.849502,52.246307,31.431124,-0.019284,0.893666,0.013991,0.4481,6.173574,6.93751,44.243996,-0.033797,0.942425,0.04598,0.329512,-5.336886,0.674461,-15.106484,-0.019284,0.893666,0.013991,0.4481,17.81489,1.397894,35.714138
281,2.341667,-0.030034,0.920755,0.01152,0.388813,1.431132,86.620163,15.068072,-0.124333,0.908102,0.154863,0.368659,0.932819,94.358078,15.051476,-0.023374,0.926485,0.005987,0.375557,-6.196027,113.671494,19.026649,0.074576,0.957033,0.08744,0.266233,-7.21188,134.894775,18.88933,0.003924,0.991235,0.024716,0.129719,-4.813713,149.405914,20.330217,-0.105476,0.765759,0.135085,0.619871,-10.245819,129.208725,16.626019,-0.743225,0.059267,0.508106,-0.431199,-13.797548,129.309402,0.030193,-0.653553,-0.573623,0.186307,0.457291,-3.191689,117.598618,-15.638612,0.211579,0.276652,-0.641203,-0.683782,5.081377,145.535355,-7.104181,-0.101075,0.925295,0.022558,0.364836,-4.866346,129.5,21.850565,0.436487,0.895534,0.085774,-0.011897,7.240705,132.395218,33.386742,-0.158707,0.421304,0.518001,-0.727317,21.007294,115.044762,31.246429,0.007058,0.214398,0.660461,-0.719566,18.336683,136.907974,20.196215,0.051276,0.928059,0.13949,0.341496,-5.14881,86.181892,8.290979,0.101902,0.970393,-0.008681,0.21881,-5.1453,51.564968,-2.354216,-0.033741,0.942391,0.045969,0.329616,-14.683023,5.237546,-3.667063,-0.092302,0.897527,-0.104453,0.418349,8.011074,87.058434,21.845165,-0.008266,0.908701,-0.145423,0.39121,10.846536,52.2491,31.432747,-0.019523,0.893671,0.013756,0.448087,6.173485,6.93965,44.244381,-0.033741,0.942391,0.045969,0.329616,-5.337968,0.675528,-15.104902,-0.019523,0.893671,0.013756,0.448087,17.815899,1.397139,35.717899
282,2.35,-0.03011,0.92072,0.011645,0.388886,1.428711,86.620018,15.068714,-0.124344,0.908092,0.154799,0.368706,0.928565,94.357803,15.053396,-0.023371,0.926477,0.006084,0.375576,-6.199542,113.670876,19.025425,0.074674,0.956977,0.087435,0.266409,-7.216809,134.894119,18.891951,0.003892,0.991185,0.024832,0.130075,-4.815807,149.404663,20.33404,-0.105327,0.765671,0.135106,0.62,-10.250287,129.208267,16.627485,-0.743211,0.059233,0.508019,-0.43133,-13.797625,129.314178,0.030747,-0.653496,-0.573644,0.18639,0.457311,-3.187635,117.603287,-15.635188,0.211231,0.276559,-0.641286,-0.683848,5.082042,145.541412,-7.102083,-0.100943,0.925235,0.022523,0.365027,-4.871022,129.498962,21.852285,0.436573,0.89548,0.085903,-0.011872,7.232209,132.390106,33.393497,-0.158871,0.421394,0.518108,-0.727153,20.99548,115.037239,31.251373,0.006923,0.214432,0.660415,-0.719599,18.333807,136.906265,20.205307,0.051284,0.928068,0.139512,0.341463,-5.150067,86.181366,8.29051,0.101885,0.970356,-0.008728,0.218979,-5.146926,51.564968,-2.356376,-0.033841,0.942403,0.045941,0.329577,-14.683817,5.237299,-3.666249,-0.092308,0.897573,-0.104469,0.418244,8.00749,87.058662,21.846918,-0.00828,0.908702,-0.145389,0.391222,10.843992,52.249653,31.435373,-0.019158,0.893681,0.014035,0.448073,6.173237,6.939283,44.244583,-0.033841,0.942403,0.045941,0.329577,-5.338775,0.675485,-15.104182,-0.019158,0.893681,0.014035,0.448073,17.812962,1.399108,35.712898
283,2.358333,-0.03014,0.920732,0.011651,0.388855,1.423337,86.619514,15.071172,-0.124281,0.908126,0.154678,0.368695,0.922721,94.357277,15.055786,-0.023281,0.926494,0.006131,0.375539,-6.200091,113.669434,19.02379,0.07457,0.956959,0.087445,0.2665,-7.214566,134.892838,18.893641,0.003908,0.991146,0.024972,0.13035,-4.816576,149.4039,20.335541,-0.105184,0.765649,0.135157,0.620041,-10.248986,129.207733,16.628569,-0.743115,0.059121,0.508035,-0.431491,-13.795611,129.318695,0.031716,-0.653467,-0.573679,0.186386,0.45731,-3.185786,117.607773,-15.634304,0.211055,0.27651,-0.641417,-0.683801,5.081522,145.546188,-7.099817,-0.100965,0.925126,0.022588,0.36529,-4.86924,129.496902,21.852953,0.436647,0.895422,0.086135,-0.011803,7.2273,132.387375,33.401344,-0.158996,0.421479,0.518168,-0.727033,20.987745,115.032532,31.257206,0.006667,0.214622,0.660223,-0.719721,18.332798,136.903351,20.214537,0.051205,0.928195,0.139607,0.341091,-5.155868,86.180374,8.293416,0.101865,0.970358,-0.008742,0.218982,-5.149305,51.565308,-2.357807,-0.03369,0.942402,0.045925,0.329598,-14.684637,5.237264,-3.666042,-0.092335,0.897575,-0.104455,0.418237,8.002542,87.058655,21.848927,-0.008289,0.908731,-0.145372,0.39116,10.841249,52.249779,31.437239,-0.019342,0.893697,0.013915,0.448039,6.172805,6.93894,44.245644,-0.03369,0.942402,0.045925,0.329598,-5.340634,0.673477,-15.104037,-0.019342,0.893697,0.013915,0.448039,17.813196,1.398116,35.715302
284,2.366667,-0.030241,0.920726,0.011752,0.388858,1.419932,86.621231,15.072804,-0.124314,0.908082,0.154706,0.368781,0.917274,94.358864,15.058237,-0.02327,0.926448,0.006192,0.375651,-6.20699,113.668755,19.025755,0.074676,0.956904,0.087304,0.266713,-7.221992,134.892136,18.898048,0.003964,0.991098,0.025117,0.130686,-4.819873,149.402756,20.337481,-0.105063,0.765451,0.135059,0.620327,-10.255723,129.207245,16.631535,-0.743151,0.059085,0.508088,-0.431373,-13.791168,129.32132,0.032322,-0.653327,-0.573695,0.186436,0.457471,-3.183536,117.613159,-15.637243,0.210882,0.276471,-0.641505,-0.683787,5.081569,145.550507,-7.097129,-0.100822,0.925112,0.022512,0.365371,-4.87723,129.495911,21.857235,0.436605,0.895421,0.086384,-0.011644,7.218284,132.382706,33.407616,-0.159168,0.421562,0.518181,-0.726938,20.980537,115.029083,31.265133,0.006455,0.214749,0.660302,-0.719613,18.329739,136.901871,20.226124,0.051222,0.928138,0.139602,0.341243,-5.159106,86.181084,8.294955,0.101869,0.970359,-0.008727,0.218973,-5.152086,51.566021,-2.356313,-0.033846,0.942378,0.045901,0.329653,-14.687546,5.238044,-3.665879,-0.092369,0.897492,-0.10442,0.418417,7.99897,87.061378,21.850655,-0.008311,0.908719,-0.145352,0.391195,10.839009,52.252434,31.438286,-0.019397,0.893689,0.013871,0.448053,6.172719,6.941089,44.245674,-0.033846,0.942378,0.045901,0.329653,-5.340751,0.675199,-15.101963,-0.019397,0.893689,0.013871,0.448053,17.813757,1.399877,35.716469
285,2.375,-0.030248,0.920688,0.011852,0.388945,1.415883,86.621887,15.071837,-0.124359,0.908029,0.154667,0.368913,0.912513,94.359467,15.058616,-0.023135,0.9264,0.006171,0.37578,-6.213656,113.67009,19.023067,0.074676,0.956836,0.08744,0.266913,-7.222977,134.893753,18.896563,0.004013,0.991055,0.025257,0.130979,-4.821898,149.404099,20.340578,-0.105028,0.765377,0.135115,0.620413,-10.257597,129.209824,16.628817,-0.743101,0.059087,0.508004,-0.431557,-13.789701,129.326614,0.028908,-0.653369,-0.573813,0.186351,0.457298,-3.178257,117.615982,-15.636234,0.210973,0.276556,-0.641467,-0.683759,5.080548,145.555161,-7.095984,-0.100736,0.92505,0.022529,0.36555,-4.880464,129.496689,21.856018,0.436454,0.895457,0.086815,-0.011281,7.211215,132.380234,33.411228,-0.159219,0.421612,0.518096,-0.726959,20.979712,115.030739,31.275425,0.006066,0.214927,0.660546,-0.719339,18.326622,136.902527,20.23477,0.051191,0.928197,0.13961,0.341085,-5.161865,86.182388,8.292694,0.101826,0.97035,-0.008766,0.219033,-5.154332,51.567268,-2.358371,-0.033859,0.942392,0.045949,0.329604,-14.686563,5.238521,-3.66406,-0.092438,0.897486,-0.104439,0.41841,7.993631,87.061386,21.850983,-0.008321,0.908715,-0.145325,0.391214,10.83761,52.253651,31.441849,-0.019404,0.893709,0.013888,0.448013,6.172889,6.941593,44.247288,-0.033859,0.942392,0.045949,0.329604,-5.340662,0.67713,-15.101457,-0.019404,0.893709,0.013888,0.448013,17.813305,1.400886,35.716904
286,2.383333,-0.030274,0.920691,0.011896,0.388933,1.410326,86.622795,15.073606,-0.124405,0.907988,0.154594,0.369028,0.906319,94.360344,15.060849,-0.023105,0.926343,0.006248,0.37592,-6.221097,113.671638,19.02099,0.074765,0.956764,0.087397,0.267161,-7.230445,134.895325,18.897861,0.004109,0.991001,0.025401,0.131359,-4.826488,149.405151,20.342201,-0.104972,0.765244,0.135038,0.620603,-10.264368,129.211777,16.628225,-0.743138,0.05911,0.507922,-0.431587,-13.78887,129.329758,0.026716,-0.653451,-0.573859,0.186232,0.457171,-3.173865,117.619179,-15.636028,0.211135,0.276725,-0.641433,-0.683673,5.084385,145.558304,-7.095116,-0.100603,0.925033,0.022452,0.365635,-4.888802,129.497757,21.85708,0.436467,0.895449,0.086867,-0.011075,7.201661,132.377975,33.414383,-0.159423,0.421829,0.518084,-0.726797,20.969856,115.027359,31.285719,0.005948,0.21509,0.66052,-0.719315,18.325226,136.900009,20.246017,0.051152,0.928197,0.139645,0.341077,-5.167563,86.183151,8.294612,0.101839,0.970326,-0.008766,0.219131,-5.156651,51.568459,-2.357815,-0.033961,0.942336,0.045902,0.329761,-14.689946,5.239961,-3.664746,-0.092509,0.897436,-0.104445,0.4185,7.988214,87.062439,21.8526,-0.008264,0.908836,-0.145305,0.390943,10.835604,52.255749,31.446243,-0.019266,0.893677,0.013976,0.44808,6.17057,6.943047,44.249283,-0.033961,0.942336,0.045902,0.329761,-5.339416,0.678388,-15.098281,-0.019266,0.893677,0.013976,0.44808,17.811262,1.402804,35.718979
287,2.391667,-0.030289,0.920676,0.011848,0.388969,1.405069,86.622551,15.075297,-0.124474,0.907944,0.154573,0.369121,0.901136,94.3601,15.061747,-0.022971,0.926301,0.006131,0.376035,-6.229374,113.672112,19.019476,0.074546,0.956708,0.087578,0.267363,-7.231587,134.896118,18.893738,0.004361,0.990951,0.025555,0.131699,-4.83517,149.406784,20.342251,-0.104964,0.76516,0.135113,0.620691,-10.266853,129.213333,16.623981,-0.743155,0.059217,0.507781,-0.431709,-13.787693,129.333801,0.021704,-0.653543,-0.573968,0.186111,0.456952,-3.16686,117.619576,-15.634388,0.21127,0.276936,-0.641278,-0.683692,5.08652,145.560379,-7.094294,-0.100465,0.924917,0.022344,0.365974,-4.892481,129.498108,21.854137,0.436496,0.895411,0.087122,-0.011003,7.190519,132.374664,33.420162,-0.159654,0.421884,0.518202,-0.72663,20.957672,115.023491,31.289318,0.005987,0.215395,0.660685,-0.719072,18.321194,136.902481,20.257336,0.051132,0.928214,0.139689,0.341015,-5.172278,86.182312,8.295811,0.101798,0.970327,-0.008787,0.219148,-5.159648,51.568367,-2.359053,-0.033898,0.942359,0.045946,0.329695,-14.689607,5.239108,-3.663358,-0.092503,0.897442,-0.104415,0.418496,7.982415,87.062798,21.854786,-0.008363,0.908761,-0.145272,0.391125,10.83041,52.255569,31.44632,-0.019529,0.893683,0.013887,0.448059,6.172547,6.942111,44.249302,-0.033898,0.942359,0.045946,0.329695,-5.341167,0.67808,-15.098828,-0.019529,0.893683,0.013887,0.448059,17.815117,1.403022,35.720795
288,2.4,-0.030295,0.920665,0.011862,0.388997,1.399498,86.622734,15.075973,-0.12464,0.907725,0.15475,0.369531,0.8954,94.360275,15.062581,-0.02286,0.926069,0.005984,0.376614,-6.249245,113.677872,19.022924,0.074714,0.956566,0.087613,0.267811,-7.244658,134.902161,18.892536,0.004628,0.990912,0.025622,0.131966,-4.843708,149.411697,20.344894,-0.104799,0.764791,0.135107,0.621174,-10.278855,129.219971,16.619888,-0.743064,0.059556,0.507788,-0.43181,-13.780496,129.348129,0.013609,-0.65366,-0.574057,0.18595,0.456738,-3.161774,117.620514,-15.633881,0.21153,0.277062,-0.641207,-0.683627,5.089013,145.562088,-7.093686,-0.100142,0.925012,0.022275,0.365824,-4.910953,129.503891,21.856728,0.436484,0.895415,0.087183,-0.010646,7.177948,132.371597,33.418774,-0.159714,0.42222,0.518167,-0.726447,20.945871,115.019455,31.301022,0.005705,0.215313,0.660665,-0.719117,18.321751,136.894852,20.262844,0.05111,0.928231,0.139727,0.340956,-5.177442,86.18251,8.296092,0.101752,0.970335,-0.008788,0.219131,-5.163022,51.569164,-2.360713,-0.033856,0.94238,0.045939,0.32964,-14.688906,5.239034,-3.663786,-0.092517,0.897394,-0.104366,0.418609,7.976439,87.062958,21.855854,-0.008433,0.908675,-0.145251,0.391332,10.825634,52.255165,31.444996,-0.019311,0.893673,0.013999,0.448084,6.171655,6.94122,44.247677,-0.033856,0.94238,0.045939,0.32964,-5.342211,0.677335,-15.10041,-0.019311,0.893673,0.013999,0.448084,17.813004,1.402162,35.717495
289,2.408333,-0.030302,0.920636,0.011966,0.389061,1.393744,86.623024,15.075514,-0.124684,0.907691,0.154758,0.369595,0.888915,94.360519,15.06353,-0.022792,0.926045,0.005926,0.376677,-6.257467,113.67675,19.022766,0.074789,0.956516,0.087565,0.267984,-7.249269,134.901215,18.89114,0.004743,0.990866,0.02582,0.132267,-4.845809,149.410339,20.343309,-0.104773,0.764677,0.135074,0.621327,-10.284117,129.219406,16.61837,-0.74316,0.059601,0.507747,-0.431688,-13.779503,129.348633,0.01078,-0.653657,-0.574063,0.185901,0.456754,-3.159184,117.622818,-15.636974,0.211548,0.277203,-0.6411,-0.683664,5.09228,145.563354,-7.094076,-0.100131,0.924936,0.022178,0.366028,-4.916884,129.502686,21.85593,0.436595,0.895355,0.087248,-0.010595,7.167048,132.37085,33.423069,-0.159927,0.422319,0.518287,-0.726257,20.930729,115.015289,31.305653,0.005812,0.2156,0.660854,-0.718856,18.316744,136.896713,20.2736,0.051092,0.92822,0.139696,0.341001,-5.182237,86.183479,8.294657,0.101732,0.970337,-0.008753,0.219134,-5.166891,51.569366,-2.359677,-0.033892,0.942374,0.045914,0.329659,-14.690187,5.238783,-3.665597,-0.092556,0.897466,-0.104385,0.41844,7.969724,87.062576,21.856371,-0.008417,0.908745,-0.145236,0.391176,10.822693,52.255611,31.44738,-0.019368,0.893685,0.01398,0.44806,6.170091,6.941247,44.249065,-0.033892,0.942374,0.045914,0.329659,-5.342741,0.676774,-15.101485,-0.019368,0.893685,0.01398,0.44806,17.811462,1.402425,35.718758
290,2.416667,-0.030335,0.92061,0.011914,0.38912,1.388849,86.623154,15.077177,-0.124638,0.90766,0.154778,0.36968,0.883865,94.360641,15.064221,-0.022778,0.926002,0.005833,0.376785,-6.261452,113.677063,19.024246,0.074694,0.956435,0.08771,0.268254,-7.25121,134.901596,18.889065,0.004842,0.990802,0.025927,0.132727,-4.851521,149.410919,20.345592,-0.104777,0.764623,0.135109,0.621385,-10.28606,129.219727,16.61647,-0.743279,0.059675,0.507724,-0.431499,-13.778973,129.350037,0.008374,-0.653589,-0.574055,0.185919,0.456854,-3.158005,117.626152,-15.640384,0.211498,0.277217,-0.64103,-0.683739,5.093626,145.565613,-7.094137,-0.100155,0.924887,0.022339,0.366134,-4.920037,129.503326,21.855251,0.436425,0.895408,0.087619,-0.010069,7.16109,132.369965,33.42569,-0.159718,0.422321,0.518222,-0.726348,20.931854,115.018272,31.322687,0.005984,0.215658,0.660983,-0.718719,18.31476,136.894409,20.283293,0.051069,0.928213,0.139723,0.341012,-5.18623,86.182678,8.295507,0.101753,0.970312,-0.008782,0.219234,-5.168543,51.568951,-2.360041,-0.033796,0.942336,0.04596,0.329771,-14.694235,5.238828,-3.664749,-0.09257,0.897453,-0.104354,0.418473,7.963929,87.063637,21.858845,-0.008438,0.90878,-0.145221,0.391098,10.818384,52.256393,31.4484,-0.019459,0.893671,0.013977,0.448083,6.169201,6.941655,44.250019,-0.033796,0.942336,0.04596,0.329771,-5.344971,0.677174,-15.099292,-0.019459,0.893671,0.013977,0.448083,17.811956,1.403983,35.720852
291,2.425,-0.030319,0.920594,0.011977,0.389159,1.383659,86.624657,15.07827,-0.124635,0.907625,0.15476,0.369773,0.878533,94.362137,15.066282,-0.022774,0.925959,0.005834,0.376892,-6.266387,113.677658,19.024738,0.074762,0.956367,0.08765,0.268496,-7.255967,134.902206,18.889566,0.004902,0.990744,0.026087,0.133126,-4.853855,149.411148,20.345766,-0.104752,0.764536,0.13512,0.621493,-10.290331,129.220383,16.616205,-0.743345,0.059662,0.507689,-0.431429,-13.778859,129.352402,0.007194,-0.653539,-0.574028,0.185944,0.45695,-3.156233,117.631027,-15.642327,0.211348,0.277137,-0.64116,-0.683697,5.09676,145.569443,-7.093959,-0.100086,0.924825,0.022239,0.366316,-4.925518,129.503876,21.856232,0.436609,0.895317,0.087637,-0.010047,7.151567,132.369263,33.43121,-0.159863,0.422509,0.518347,-0.726117,20.915226,115.011955,31.328037,0.005731,0.215756,0.661112,-0.718573,18.312138,136.893005,20.290522,0.051079,0.928141,0.139688,0.341222,-5.190863,86.184944,8.296008,0.10175,0.97031,-0.008753,0.219245,-5.172316,51.570583,-2.357499,-0.033953,0.942297,0.045878,0.329877,-14.697072,5.240342,-3.664891,-0.092606,0.897467,-0.104372,0.418431,7.958181,87.064377,21.860533,-0.008458,0.908767,-0.14517,0.391149,10.814836,52.257874,31.452126,-0.019389,0.893665,0.014031,0.448096,6.168548,6.941757,44.249912,-0.033953,0.942297,0.045878,0.329877,-5.343925,0.678055,-15.09601,-0.019389,0.893665,0.014031,0.448096,17.811069,1.404547,35.720119
292,2.433333,-0.030282,0.920537,0.011929,0.389298,1.376476,86.624916,15.079973,-0.124582,0.907593,0.154749,0.369874,0.87216,94.362434,15.067445,-0.022813,0.92592,0.00583,0.376985,-6.271092,113.678658,19.025589,0.074793,0.956302,0.087587,0.26874,-7.262133,134.903122,18.889509,0.005048,0.990683,0.026224,0.133547,-4.858608,149.411911,20.344994,-0.104819,0.764349,0.135113,0.621714,-10.295638,129.221008,16.615721,-0.743421,0.059706,0.507714,-0.431261,-13.774365,129.352814,0.00466,-0.653391,-0.574016,0.186046,0.457135,-3.153114,117.633095,-15.647033,0.211159,0.277007,-0.641235,-0.683738,5.098388,145.570786,-7.094886,-0.100047,0.924773,0.02225,0.366456,-4.931906,129.505066,21.856825,0.436373,0.895401,0.088007,-0.00957,7.141951,132.36879,33.43557,-0.159751,0.422613,0.518204,-0.726183,20.91518,115.017532,31.345102,0.005628,0.215922,0.661233,-0.718413,18.309364,136.891846,20.299425,0.051022,0.92814,0.139699,0.341229,-5.196046,86.185547,8.295755,0.101694,0.970331,-0.008738,0.219179,-5.17334,51.570976,-2.357052,-0.033884,0.94233,0.045983,0.329776,-14.692768,5.23963,-3.664019,-0.09269,0.89742,-0.104324,0.418524,7.948997,87.064285,21.864193,-0.008494,0.90881,-0.145129,0.391062,10.811543,52.258183,31.455458,-0.019285,0.893674,0.014177,0.448078,6.171123,6.941006,44.251614,-0.033884,0.94233,0.045983,0.329776,-5.342437,0.679518,-15.098304,-0.019285,0.893674,0.014177,0.448078,17.812927,1.406175,35.719311
293,2.441667,-0.030257,0.920485,0.011916,0.389423,1.370858,86.625748,15.081305,-0.124612,0.907547,0.154764,0.369972,0.866979,94.363304,15.068674,-0.022757,0.925884,0.005772,0.377078,-6.277777,113.678299,19.025978,0.074781,0.95624,0.087543,0.268978,-7.265664,134.902908,18.888411,0.005128,0.990622,0.026386,0.133961,-4.862113,149.411743,20.343384,-0.104771,0.764239,0.135018,0.621878,-10.299549,129.2211,16.614359,-0.743508,0.059803,0.507715,-0.431097,-13.771713,129.353302,0.001922,-0.653306,-0.573964,0.186164,0.457274,-3.151021,117.633835,-15.650344,0.210997,0.276941,-0.641321,-0.683733,5.101507,145.571335,-7.098544,-0.100112,0.924693,0.022274,0.366639,-4.936827,129.504684,21.856524,0.436456,0.895395,0.087649,-0.009579,7.132039,132.369751,33.440147,-0.159981,0.422946,0.518138,-0.725986,20.902018,115.015152,31.355953,0.005508,0.216122,0.661247,-0.718341,18.306606,136.890091,20.307499,0.051045,0.928051,0.13966,0.341483,-5.199844,86.186775,8.295295,0.101658,0.970317,-0.008724,0.21926,-5.176705,51.571583,-2.355493,-0.033964,0.942315,0.045959,0.329813,-14.69253,5.239532,-3.663769,-0.092729,0.8974,-0.104294,0.418566,7.941561,87.06472,21.867313,-0.00854,0.90875,-0.145094,0.391214,10.807134,52.258694,31.457958,-0.019427,0.893678,0.014127,0.448065,6.169863,6.940624,44.252075,-0.033964,0.942315,0.045959,0.329813,-5.340572,0.679592,-15.096796,-0.019427,0.893678,0.014127,0.448065,17.812634,1.406367,35.720711
294,2.45,-0.030184,0.920466,0.011845,0.389475,1.361129,86.626076,15.083066,-0.124583,0.907523,0.154727,0.370055,0.858727,94.363724,15.069842,-0.022732,0.925847,0.00573,0.37717,-6.284297,113.678291,19.025322,0.074751,0.956164,0.087548,0.269256,-7.270523,134.902969,18.886402,0.005231,0.990552,0.026475,0.134454,-4.86782,149.41185,20.342266,-0.104665,0.764136,0.134894,0.622049,-10.304393,129.221268,16.612057,-0.743462,0.059806,0.507666,-0.431234,-13.770056,129.354767,-0.001726,-0.653378,-0.574001,0.186105,0.457149,-3.147171,117.633179,-15.650903,0.211113,0.276937,-0.641402,-0.683623,5.104046,145.571594,-7.100885,-0.10009,0.924587,0.022169,0.366918,-4.942693,129.504715,21.855272,0.436527,0.895348,0.087788,-0.009449,7.119359,132.369843,33.445972,-0.159993,0.423098,0.518206,-0.725846,20.886717,115.012909,31.364042,0.00533,0.216303,0.661487,-0.718066,18.30114,136.888474,20.313698,0.050954,0.928036,0.139699,0.341522,-5.208895,86.187889,8.296349,0.101659,0.97032,-0.008692,0.219246,-5.178224,51.572811,-2.354812,-0.033889,0.942326,0.045947,0.329791,-14.693454,5.240717,-3.665894,-0.092798,0.897384,-0.104274,0.418591,7.931153,87.06427,21.869781,-0.008552,0.908783,-0.145044,0.391155,10.801476,52.258873,31.461298,-0.019545,0.893686,0.014106,0.448046,6.167886,6.939444,44.251945,-0.033889,0.942326,0.045947,0.329791,-5.342816,0.679675,-15.099557,-0.019545,0.893686,0.014106,0.448046,17.811417,1.406194,35.720974
295,2.458333,-0.030182,0.920428,0.011748,0.389568,1.35372,86.626274,15.085462,-0.12458,0.907473,0.154735,0.370174,0.851935,94.36396,15.070811,-0.02262,0.925797,0.005634,0.377301,-6.290215,113.674667,19.024931,0.074798,0.956089,0.087493,0.269526,-7.27049,134.899597,18.883904,0.005169,0.990491,0.026621,0.134877,-4.865986,149.408218,20.33952,-0.104525,0.764069,0.134957,0.622141,-10.305296,129.218552,16.609188,-0.743445,0.059882,0.507592,-0.431339,-13.768071,129.357651,-0.005147,-0.653495,-0.574041,0.186033,0.456962,-3.142235,117.632637,-15.649754,0.211435,0.276921,-0.641414,-0.683519,5.107859,145.572571,-7.103602,-0.100044,0.924408,0.021832,0.367402,-4.945005,129.500961,21.853899,0.436582,0.895313,0.087866,-0.0095,7.105305,132.367859,33.45636,-0.160121,0.423291,0.518278,-0.725654,20.870472,115.009628,31.370657,0.005186,0.216568,0.661476,-0.717998,18.296673,136.886017,20.32181,0.050971,0.927942,0.139701,0.341774,-5.214931,86.187447,8.297462,0.101599,0.970329,-0.008662,0.219235,-5.182487,51.572525,-2.354204,-0.033941,0.942346,0.045932,0.32973,-14.691712,5.239239,-3.666687,-0.092816,0.897394,-0.104206,0.418582,7.922372,87.065102,21.873463,-0.008633,0.90872,-0.144994,0.391319,10.796113,52.258919,31.46109,-0.019403,0.893677,0.014176,0.448067,6.169053,6.938267,44.249767,-0.033941,0.942346,0.045932,0.32973,-5.342042,0.678257,-15.101162,-0.019403,0.893677,0.014176,0.448067,17.81185,1.404953,35.717838
296,2.466667,-0.030235,0.920391,0.011783,0.389652,1.348897,86.626312,15.085747,-0.12463,0.907417,0.154756,0.370287,0.846143,94.363937,15.071238,-0.022556,0.925745,0.005557,0.377434,-6.298346,113.672951,19.024267,0.074765,0.956013,0.087521,0.269796,-7.274837,134.898041,18.881086,0.005265,0.99043,0.026698,0.135305,-4.87145,149.406693,20.338184,-0.10453,0.763935,0.134959,0.622304,-10.30999,129.217331,16.605997,-0.743371,0.059993,0.507407,-0.43167,-13.765862,129.357574,-0.009769,-0.653696,-0.574177,0.185937,0.456542,-3.132257,117.625168,-15.643554,0.211831,0.277078,-0.641355,-0.683388,5.110525,145.570114,-7.106738,-0.100022,0.924356,0.02178,0.367542,-4.951159,129.499268,21.852228,0.436593,0.895298,0.087995,-0.009224,7.09581,132.365875,33.458241,-0.160207,0.423461,0.518241,-0.725563,20.860785,115.00647,31.380999,0.005019,0.216767,0.661445,-0.717967,18.292089,136.883209,20.329428,0.050961,0.927981,0.139693,0.341672,-5.218468,86.186859,8.296537,0.101514,0.970298,-0.008611,0.219414,-5.186716,51.571728,-2.354422,-0.034014,0.942362,0.045945,0.329677,-14.686879,5.236709,-3.671531,-0.09286,0.897355,-0.104185,0.41866,7.916261,87.065758,21.874956,-0.008602,0.908792,-0.144951,0.391169,10.79258,52.259846,31.462807,-0.01943,0.893643,0.014118,0.448135,6.166603,6.937942,44.247433,-0.034014,0.942362,0.045945,0.329677,-5.337729,0.676811,-15.106869,-0.01943,0.893643,0.014118,0.448135,17.810703,1.403517,35.717995
297,2.475,-0.030245,0.920349,0.011841,0.389746,1.342834,86.626259,15.088755,-0.124687,0.907377,0.154699,0.370389,0.839582,94.363853,15.074952,-0.022512,0.925709,0.005582,0.377526,-6.307395,113.675011,19.024561,0.074857,0.955941,0.087379,0.270072,-7.282561,134.900177,18.882963,0.00532,0.990363,0.026758,0.135784,-4.875406,149.408432,20.337685,-0.104598,0.763744,0.134873,0.622547,-10.317615,129.219849,16.6068,-0.743404,0.060053,0.507387,-0.431627,-13.762753,129.358307,-0.011213,-0.653811,-0.574224,0.185815,0.456366,-3.128552,117.625175,-15.644057,0.212419,0.277174,-0.641315,-0.683204,5.11368,145.570709,-7.108526,-0.099871,0.924347,0.02181,0.367605,-4.959797,129.501007,21.854111,0.43648,0.895337,0.088183,-0.009022,7.086626,132.362396,33.461983,-0.160285,0.42356,0.518163,-0.725543,20.856138,115.00602,31.389566,0.00486,0.216925,0.661443,-0.717923,18.287554,136.882095,20.336084,0.051051,0.927878,0.139611,0.341972,-5.223124,86.187103,8.298166,0.101197,0.970576,-0.00843,0.218336,-5.196031,51.570976,-2.349585,-0.033976,0.94258,0.046192,0.329021,-14.665116,5.229583,-3.666191,-0.092866,0.897258,-0.104094,0.418889,7.908793,87.065422,21.879343,-0.008761,0.908626,-0.144933,0.391558,10.785933,52.258228,31.462282,-0.019447,0.893644,0.014152,0.448132,6.168806,6.936091,44.249298,-0.033976,0.94258,0.046192,0.329021,-5.331372,0.675837,-15.116557,-0.019447,0.893644,0.014152,0.448132,17.813189,1.402762,35.719524
298,2.483333,-0.03029,0.920341,0.011878,0.389761,1.33766,86.626541,15.091122,-0.124697,0.907344,0.154645,0.37049,0.833545,94.364075,15.077559,-0.022481,0.925657,0.005539,0.377654,-6.31212,113.672165,19.023434,0.074761,0.955865,0.087352,0.270375,-7.285342,134.897415,18.880518,0.005383,0.990289,0.026839,0.136302,-4.880627,149.406128,20.334801,-0.104496,0.763666,0.13489,0.622655,-10.320271,129.217224,16.603792,-0.743438,0.060169,0.507298,-0.431658,-13.761532,129.359467,-0.014989,-0.653976,-0.574278,0.185661,0.456126,-3.123954,117.623428,-15.643342,0.212855,0.277399,-0.641185,-0.683099,5.117978,145.569824,-7.110447,-0.099923,0.924287,0.021818,0.367741,-4.963891,129.498169,21.852575,0.436454,0.895342,0.088274,-0.00881,7.078774,132.360809,33.464031,-0.160422,0.423729,0.518108,-0.725454,20.849457,115.004555,31.398376,0.004753,0.217064,0.661178,-0.718125,18.28516,136.880157,20.343994,0.050995,0.927804,0.139715,0.342139,-5.228026,86.186874,8.300306,0.101508,0.970358,-0.008606,0.219153,-5.192618,51.572418,-2.352855,-0.033995,0.942334,0.045975,0.329754,-14.692505,5.237284,-3.667752,-0.092927,0.897264,-0.104073,0.418868,7.903347,87.066208,21.881935,-0.008705,0.908767,-0.144969,0.391218,10.785281,52.259506,31.465223,-0.019308,0.893677,0.01427,0.448069,6.166811,6.938264,44.25491,-0.033995,0.942334,0.045975,0.329754,-5.341613,0.678059,-15.101933,-0.019308,0.893677,0.01427,0.448069,17.809114,1.406124,35.721542
299,2.491667,-0.030294,0.920305,0.011944,0.389844,1.332253,86.626411,15.091759,-0.124724,0.90729,0.154613,0.370627,0.827695,94.363922,15.079071,-0.022439,0.925595,0.005484,0.37781,-6.319426,113.673042,19.022429,0.074823,0.955769,0.087373,0.270691,-7.2901,134.898407,18.877863,0.005413,0.990223,0.026857,0.136779,-4.883758,149.406616,20.334335,-0.104537,0.763537,0.134813,0.622823,-10.324931,129.21843,16.60047,-0.743494,0.060306,0.507183,-0.431677,-13.758798,129.359192,-0.019851,-0.654077,-0.574343,0.185571,0.455936,-3.116762,117.620232,-15.642982,0.213195,0.277505,-0.641148,-0.682985,5.122689,145.568069,-7.112444,-0.099872,0.924232,0.021765,0.367895,-4.970285,129.499084,21.851038,0.436451,0.895341,0.088324,-0.008556,7.06887,132.360489,33.466434,-0.160581,0.424007,0.518084,-0.725273,20.839872,115.003395,31.409958,0.004973,0.217132,0.660152,-0.719047,18.28628,136.876556,20.354555,0.050959,0.927826,0.139664,0.342105,-5.232205,86.18721,8.299727,0.101437,0.970336,-0.008519,0.219284,-5.196074,51.571465,-2.349245,-0.034084,0.942351,0.046046,0.329685,-14.687528,5.234823,-3.671971,-0.09298,0.89728,-0.104064,0.418824,7.896712,87.065613,21.883791,-0.008725,0.908754,-0.144912,0.391268,10.782829,52.259491,31.467945,-0.019441,0.893659,0.014234,0.448099,6.167487,6.936714,44.253334,-0.034084,0.942351,0.046046,0.329685,-5.337225,0.678444,-15.107767,-0.019441,0.893659,0.014234,0.448099,17.811571,1.405413,35.721855
300,2.5,-0.03027,0.920277,0.01188,0.389915,1.32563,86.626091,15.094052,-0.124759,0.907238,0.154617,0.370741,0.821797,94.36364,15.080558,-0.022408,0.925537,0.005361,0.377956,-6.327531,113.673294,19.022802,0.074757,0.955671,0.087451,0.271029,-7.294982,134.898773,18.873766,0.005516,0.990147,0.026855,0.137322,-4.891067,149.407104,20.333147,-0.104557,0.763461,0.134754,0.622925,-10.329938,129.218811,16.596518,-0.743594,0.060389,0.507018,-0.431688,-13.759343,129.358536,-0.024736,-0.654126,-0.57442,0.185473,0.455807,-3.110304,117.619476,-15.643032,0.213311,0.27761,-0.64106,-0.682988,5.125955,145.567978,-7.111516,-0.099888,0.924207,0.02184,0.36795,-4.976923,129.49968,21.848742,0.436522,0.895313,0.088269,-0.00843,7.060757,132.360504,33.465813,-0.160604,0.424047,0.518098,-0.725235,20.829109,115.000626,31.415123,0.004951,0.21712,0.660358,-0.718861,18.277784,136.875137,20.359234,0.050903,0.927794,0.139719,0.342179,-5.237812,86.186859,8.301036,0.101449,0.970336,-0.008526,0.21928,-5.195695,51.571827,-2.350221,-0.034102,0.94232,0.045989,0.329781,-14.688446,5.235439,-3.672503,-0.09298,0.897245,-0.103944,0.41893,7.889072,87.065315,21.887068,-0.008835,0.908701,-0.144944,0.391378,10.777727,52.257393,31.463898,-0.019373,0.89372,0.014338,0.447977,6.169054,6.935692,44.255508,-0.034102,0.94232,0.045989,0.329781,-5.335814,0.677713,-15.105865,-0.019373,0.89372,0.014338,0.447977,17.810616,1.406134,35.719444
301,2.508333,-0.030274,0.920249,0.011869,0.38998,1.318965,86.625732,15.095188,-0.124747,0.907213,0.154648,0.370791,0.815136,94.363281,15.081475,-0.022447,0.925507,0.005201,0.378029,-6.334195,113.672066,19.024523,0.074759,0.955575,0.087497,0.271351,-7.300597,134.897537,18.868483,0.005593,0.990066,0.026886,0.137896,-4.896945,149.405655,20.330307,-0.104533,0.763334,0.134746,0.623087,-10.335447,129.216995,16.59256,-0.743715,0.060502,0.506874,-0.431632,-13.758183,129.358368,-0.030051,-0.654127,-0.574469,0.185423,0.455765,-3.103268,117.619278,-15.644301,0.213335,0.27762,-0.64099,-0.683042,5.130725,145.567871,-7.110932,-0.099818,0.924162,0.021739,0.368088,-4.983294,129.499298,21.845583,0.436482,0.895357,0.088024,-0.008445,7.051414,132.358917,33.466022,-0.160734,0.424131,0.518001,-0.725226,20.821316,114.999771,31.419668,0.00474,0.217203,0.661169,-0.718092,18.268309,136.876038,20.362484,0.05087,0.927831,0.13974,0.342075,-5.24351,86.186378,8.30125,0.101157,0.970572,-0.008413,0.218373,-5.199862,51.571526,-2.350587,-0.03411,0.942565,0.046158,0.329056,-14.664954,5.229351,-3.668313,-0.093003,0.897294,-0.103898,0.418831,7.88144,87.065086,21.889126,-0.008796,0.908813,-0.144923,0.391125,10.774123,52.256775,31.463348,-0.019498,0.893665,0.014203,0.448086,6.16648,6.934431,44.253044,-0.03411,0.942565,0.046158,0.329056,-5.329125,0.676036,-15.117145,-0.019498,0.893665,0.014203,0.448086,17.810757,1.403072,35.721863
302,2.516667,-0.03026,0.920216,0.011834,0.39006,1.310415,86.624214,15.097904,-0.124704,0.907198,0.154603,0.370863,0.807009,94.361801,15.083735,-0.022452,0.92548,0.005192,0.378095,-6.340357,113.671585,19.025253,0.074804,0.955502,0.087394,0.271628,-7.306796,134.897049,18.868702,0.005636,0.989996,0.026859,0.138398,-4.901024,149.404984,20.328934,-0.104444,0.763201,0.134563,0.623305,-10.341309,129.216461,16.592449,-0.743786,0.060577,0.506854,-0.431523,-13.755463,129.357727,-0.031933,-0.654061,-0.57444,0.185449,0.455886,-3.100025,117.618835,-15.645976,0.213098,0.277554,-0.640918,-0.683211,5.135466,145.566055,-7.109509,-0.099817,0.924125,0.021717,0.368181,-4.989901,129.498871,21.846226,0.436579,0.895318,0.087942,-0.008464,7.042494,132.358582,33.469055,-0.160715,0.424156,0.518059,-0.725175,20.808611,114.996361,31.423143,0.004729,0.217174,0.661345,-0.717939,18.259541,136.873657,20.365875,0.050774,0.927809,0.139808,0.342122,-5.250899,86.184898,8.302837,0.101347,0.970408,-0.008434,0.219012,-5.198533,51.57069,-2.351071,-0.033855,0.942381,0.046038,0.329625,-14.680489,5.232197,-3.67704,-0.093037,0.897353,-0.103839,0.418712,7.871729,87.063538,21.892971,-0.008889,0.908655,-0.144863,0.391513,10.769672,52.254807,31.464052,-0.019545,0.893699,0.014285,0.448014,6.166757,6.930968,44.250153,-0.033855,0.942381,0.046038,0.329625,-5.333916,0.673243,-15.114864,-0.019545,0.893699,0.014285,0.448014,17.810526,1.402301,35.716526
303,2.525,-0.03026,0.920199,0.011829,0.390099,1.305416,86.623665,15.099525,-0.124713,0.90716,0.154623,0.370945,0.802029,94.361244,15.085274,-0.022447,0.925435,0.0051,0.378207,-6.346632,113.671532,19.026901,0.074523,0.955431,0.087222,0.272013,-7.311383,134.897034,18.866697,0.00578,0.989891,0.026931,0.139132,-4.912103,149.406616,20.321205,-0.104488,0.763119,0.134601,0.623389,-10.345778,129.216324,16.590614,-0.74392,0.060624,0.506738,-0.431422,-13.756066,129.357941,-0.034553,-0.654038,-0.574433,0.185383,0.455955,-3.095645,117.621628,-15.647134,0.212981,0.277466,-0.640999,-0.683207,5.141812,145.566696,-7.105568,-0.099803,0.924102,0.021688,0.368245,-4.995639,129.499161,21.845657,0.436613,0.895293,0.088036,-0.008321,7.035266,132.358627,33.470074,-0.160708,0.42418,0.518072,-0.725153,20.800171,114.995026,31.427919,0.004656,0.217171,0.661315,-0.717968,18.252865,136.871445,20.370567,0.050703,0.927785,0.139888,0.342164,-5.255316,86.184326,8.303903,0.101457,0.97039,-0.008531,0.219035,-5.195658,51.571228,-2.353552,-0.033888,0.942322,0.045931,0.329806,-14.689522,5.23499,-3.673122,-0.093079,0.897359,-0.103773,0.418706,7.866148,87.063004,21.895147,-0.008924,0.908593,-0.144852,0.39166,10.768891,52.25383,31.463163,-0.019545,0.893664,0.014231,0.448085,6.167366,6.929743,44.24889,-0.033888,0.942322,0.045931,0.329806,-5.338564,0.67349,-15.106346,-0.019545,0.893664,0.014231,0.448085,17.81225,1.399735,35.717659
304,2.533333,-0.030291,0.920166,0.011839,0.390175,1.301257,86.62339,15.101414,-0.124798,0.907074,0.154608,0.371131,0.797368,94.360939,15.087065,-0.022351,0.925349,0.005129,0.378422,-6.356234,113.673691,19.025955,0.07456,0.955337,0.087076,0.272378,-7.317637,134.899368,18.868219,0.005802,0.989816,0.026894,0.139666,-4.916089,149.408844,20.320139,-0.104491,0.763006,0.134462,0.623558,-10.351857,129.219421,16.589958,-0.743991,0.060731,0.506628,-0.431413,-13.75498,129.359192,-0.036699,-0.65404,-0.574474,0.185322,0.455925,-3.090198,117.62146,-15.645226,0.212901,0.277486,-0.640956,-0.683264,5.145754,145.566223,-7.101214,-0.099664,0.924094,0.021643,0.368306,-5.0041,129.500717,21.847509,0.436562,0.895305,0.088183,-0.008193,7.026208,132.356339,33.473495,-0.16072,0.424152,0.518059,-0.725175,20.793184,114.994087,31.43379,0.004683,0.21725,0.661361,-0.717902,18.244154,136.869736,20.377651,0.050709,0.927754,0.139882,0.34225,-5.258317,86.183609,8.304698,0.101418,0.97039,-0.00853,0.219057,-5.198252,51.570446,-2.35255,-0.033903,0.94233,0.045965,0.329775,-14.688505,5.233455,-3.67162,-0.09313,0.897336,-0.103727,0.418754,7.860831,87.063171,21.89813,-0.008941,0.908617,-0.144821,0.391614,10.767785,52.253998,31.464886,-0.019558,0.893674,0.01426,0.448063,6.169553,6.92909,44.248886,-0.033903,0.94233,0.045965,0.329775,-5.338055,0.673049,-15.105695,-0.019558,0.893674,0.01426,0.448063,17.814285,1.399976,35.716862
305,2.541667,-0.030367,0.920131,0.011927,0.390249,1.29809,86.622749,15.102524,-0.124781,0.907046,0.15462,0.371201,0.792599,94.360199,15.088929,-0.022412,0.925314,0.005111,0.378503,-6.361972,113.676033,19.028608,0.074593,0.955252,0.086971,0.272702,-7.32549,134.901611,18.869101,0.005832,0.989736,0.026836,0.140242,-4.922112,149.410934,20.319431,-0.104588,0.762866,0.134316,0.623744,-10.35873,129.221191,16.590729,-0.744072,0.060762,0.506557,-0.431352,-13.753284,129.356705,-0.037706,-0.654018,-0.57449,0.185274,0.455957,-3.085478,117.620468,-15.645279,0.212766,0.277558,-0.640929,-0.683303,5.150478,145.564087,-7.097529,-0.099621,0.924089,0.021651,0.36833,-5.011939,129.503418,21.849207,0.436467,0.89533,0.088424,-0.007894,7.018064,132.357544,33.475864,-0.160652,0.424189,0.517983,-0.725223,20.78894,114.997482,31.443748,0.004553,0.217332,0.661357,-0.717881,18.237822,136.868866,20.383797,0.05076,0.927724,0.139856,0.342333,-5.260309,86.182343,8.30472,0.101329,0.970368,-0.008526,0.219192,-5.20333,51.569019,-2.35204,-0.03419,0.942344,0.046047,0.329693,-14.685261,5.230322,-3.670995,-0.093182,0.89736,-0.103719,0.418695,7.856489,87.063156,21.900326,-0.008949,0.90859,-0.144803,0.391683,10.767633,52.25457,31.46793,-0.019538,0.893694,0.014288,0.448023,6.169765,6.929195,44.250385,-0.03419,0.942344,0.046047,0.329693,-5.333702,0.675061,-15.106209,-0.019538,0.893694,0.014288,0.448023,17.813648,1.400517,35.716934
306,2.55,-0.030383,0.920106,0.011937,0.390306,1.294495,86.6222,15.105046,-0.124808,0.907007,0.154618,0.371289,0.788711,94.359627,15.09147,-0.022368,0.925273,0.005034,0.378608,-6.366037,113.672081,19.029284,0.074497,0.955176,0.086897,0.273016,-7.326563,134.897766,18.86735,0.005805,0.989658,0.026835,0.140796,-4.925245,149.407608,20.315931,-0.104555,0.762794,0.134482,0.623802,-10.360074,129.217529,16.588873,-0.744163,0.060904,0.506434,-0.431319,-13.752413,129.357941,-0.03998,-0.654084,-0.574522,0.185136,0.455876,-3.079811,117.61985,-15.6429,0.212857,0.277613,-0.640943,-0.683238,5.156974,145.562363,-7.09232,-0.099708,0.924017,0.021623,0.368488,-5.014444,129.499573,21.848545,0.436478,0.895313,0.088541,-0.007842,7.011019,132.356415,33.479237,-0.160559,0.423976,0.51799,-0.725363,20.7815,114.996078,31.446892,0.00443,0.217266,0.661781,-0.717511,18.221716,136.868423,20.388878,0.050725,0.927732,0.1399,0.342298,-5.263046,86.181618,8.306425,0.101294,0.970393,-0.008517,0.219098,-5.203022,51.568924,-2.352345,-0.033988,0.942374,0.046171,0.329614,-14.681692,5.229536,-3.670459,-0.093215,0.89741,-0.103702,0.418583,7.852036,87.06279,21.903667,-0.008929,0.908656,-0.144798,0.391532,10.767086,52.254391,31.470779,-0.01956,0.893694,0.014319,0.448022,6.169755,6.928852,44.25285,-0.033988,0.942374,0.046171,0.329614,-5.333715,0.675619,-15.109138,-0.01956,0.893694,0.014319,0.448022,17.813995,1.401259,35.719177
307,2.558333,-0.030371,0.920095,0.011904,0.390335,1.291554,86.622238,15.108785,-0.124902,0.906963,0.154609,0.371367,0.786137,94.359688,15.094802,-0.022393,0.925224,0.004898,0.378728,-6.372613,113.671944,19.030247,0.074501,0.955062,0.086914,0.27341,-7.331878,134.897644,18.862423,0.005736,0.989564,0.02679,0.141464,-4.930546,149.407303,20.312923,-0.104461,0.762684,0.13439,0.623972,-10.36511,129.21698,16.58465,-0.744219,0.061097,0.50623,-0.431435,-13.750914,129.359024,-0.04552,-0.654201,-0.574676,0.184927,0.4556,-3.070179,117.615677,-15.638919,0.213124,0.277794,-0.640873,-0.683148,5.160593,145.559479,-7.086751,-0.09963,0.923945,0.021573,0.368693,-5.020859,129.500122,21.845667,0.43652,0.895321,0.088249,-0.007903,6.99999,132.354752,33.481674,-0.160826,0.424174,0.517934,-0.725228,20.768791,114.992714,31.452387,0.004424,0.217379,0.661671,-0.717579,18.214478,136.866638,20.396582,0.050719,0.92772,0.139928,0.342322,-5.265566,86.181633,8.309757,0.101284,0.970391,-0.008494,0.219116,-5.204158,51.569462,-2.350696,-0.033953,0.942385,0.046168,0.329585,-14.681446,5.229849,-3.6709,-0.093245,0.8973,-0.10358,0.418844,7.848673,87.062843,21.907812,-0.008867,0.908441,-0.144763,0.392047,10.76663,52.253006,31.468821,-0.019592,0.893489,0.014432,0.448426,6.158032,6.926396,44.243042,-0.033953,0.942385,0.046168,0.329585,-5.334496,0.67549,-15.110244,-0.019592,0.893489,0.014432,0.448426,17.810825,1.402269,35.718811
308,2.566667,-0.030307,0.920089,0.011815,0.390357,1.285923,86.622437,15.111327,-0.124891,0.90694,0.154625,0.371419,0.781964,94.359985,15.096448,-0.022394,0.925197,0.004896,0.378795,-6.377836,113.674797,19.032808,0.074611,0.954933,0.086885,0.273839,-7.337116,134.900497,18.864801,0.00556,0.989459,0.026575,0.142249,-4.932387,149.409439,20.316832,-0.104489,0.762559,0.134289,0.624142,-10.370009,129.219818,16.586601,-0.744289,0.061237,0.506224,-0.431302,-13.748425,129.360229,-0.045086,-0.654265,-0.574687,0.184761,0.455561,-3.068166,117.615189,-15.637532,0.213324,0.277966,-0.640784,-0.683098,5.165571,145.556656,-7.080604,-0.099552,0.923926,0.021553,0.368763,-5.026518,129.50296,21.848391,0.436786,0.895192,0.088231,-0.00803,6.993111,132.355286,33.486225,-0.16092,0.424199,0.518125,-0.725056,20.751486,114.985657,31.451246,0.0042,0.21732,0.661774,-0.717502,18.207842,136.86525,20.401503,0.050635,0.92773,0.139982,0.342284,-5.270958,86.182304,8.312037,0.101357,0.970389,-0.008471,0.21909,-5.202993,51.570614,-2.349947,-0.034036,0.942318,0.045992,0.329793,-14.686498,5.232364,-3.67348,-0.093249,0.897297,-0.103516,0.418864,7.842804,87.062569,21.910616,-0.008973,0.908639,-0.144781,0.391577,10.762823,52.251839,31.467728,-0.019554,0.893676,0.014346,0.448058,6.169275,6.925905,44.249756,-0.034036,0.942318,0.045992,0.329793,-5.334232,0.674052,-15.106905,-0.019554,0.893676,0.014346,0.448058,17.814272,1.398958,35.716694
309,2.575,-0.030309,0.920078,0.01181,0.390381,1.282932,86.62056,15.113846,-0.124933,0.906915,0.154591,0.371482,0.77897,94.358101,15.098868,-0.022326,0.925166,0.004788,0.378876,-6.38168,113.671646,19.032516,0.074847,0.954772,0.087212,0.274231,-7.336529,134.897522,18.861279,0.005186,0.989377,0.026275,0.142883,-4.927764,149.404526,20.325848,-0.104461,0.762551,0.134318,0.624149,-10.370196,129.217148,16.583363,-0.744406,0.061356,0.506037,-0.431303,-13.748482,129.358948,-0.048338,-0.654346,-0.574807,0.184539,0.455383,-3.060447,117.613205,-15.634923,0.213505,0.278209,-0.640696,-0.683025,5.169879,145.554138,-7.072948,-0.099638,0.923845,0.02145,0.368948,-5.027577,129.499954,21.846054,0.436935,0.895125,0.08817,-0.008041,6.98684,132.355835,33.488396,-0.160897,0.424139,0.518216,-0.725031,20.739418,114.98159,31.453594,0.004115,0.217126,0.661975,-0.717376,18.197811,136.863693,20.406214,0.050635,0.927753,0.139998,0.342216,-5.273582,86.180359,8.314206,0.101301,0.970407,-0.008444,0.219037,-5.206051,51.568993,-2.34882,-0.034003,0.94235,0.046019,0.3297,-14.683959,5.229622,-3.673188,-0.09322,0.897415,-0.103548,0.418609,7.839446,87.060753,21.913485,-0.00901,0.908571,-0.144729,0.391753,10.7593,52.250111,31.47094,-0.019586,0.893693,0.014455,0.448018,6.168377,6.922814,44.249107,-0.034003,0.94235,0.046019,0.3297,-5.334156,0.671683,-15.108774,-0.019586,0.893693,0.014455,0.448018,17.813465,1.399064,35.714096
310,2.583333,-0.030379,0.920083,0.011879,0.390364,1.28138,86.619606,15.115801,-0.125089,0.906862,0.154557,0.371573,0.775998,94.357063,15.101387,-0.022213,0.925117,0.004719,0.379003,-6.391104,113.671509,19.03093,0.074967,0.954648,0.087243,0.27462,-7.340379,134.897629,18.858679,0.005011,0.98929,0.026134,0.143518,-4.92845,149.403793,20.326454,-0.104475,0.762474,0.134225,0.624261,-10.374902,129.217957,16.580132,-0.744455,0.0615,0.505797,-0.431479,-13.748363,129.3582,-0.052561,-0.654443,-0.575006,0.184351,0.455068,-3.050315,117.6082,-15.629065,0.213755,0.278442,-0.640653,-0.682893,5.170331,145.551697,-7.066177,-0.099641,0.923809,0.021485,0.369037,-5.033652,129.499542,21.844278,0.436931,0.895112,0.08834,-0.007868,6.978527,132.354904,33.489056,-0.160898,0.424138,0.518276,-0.724988,20.73138,114.980461,31.457859,0.004157,0.216978,0.661916,-0.717476,18.192791,136.863693,20.411804,0.050646,0.927687,0.140006,0.34239,-5.275313,86.17868,8.316382,0.101342,0.970369,-0.008462,0.219186,-5.206316,51.567562,-2.347435,-0.033894,0.942321,0.046094,0.329784,-14.688153,5.229017,-3.672452,-0.093193,0.897426,-0.103557,0.418591,7.838073,87.060532,21.915218,-0.009041,0.908543,-0.144725,0.391819,10.756114,52.249672,31.47242,-0.01956,0.893688,0.014527,0.448027,6.167111,6.922314,44.251049,-0.033894,0.942321,0.046094,0.329784,-5.337229,0.672115,-15.107534,-0.01956,0.893688,0.014527,0.448027,17.812445,1.400085,35.715389
311,2.591667,-0.030408,0.920078,0.011862,0.390374,1.279826,86.619179,15.1198,-0.125094,0.906851,0.154522,0.371611,0.774136,94.356613,15.104972,-0.022333,0.925092,0.00481,0.379056,-6.393207,113.67247,19.033039,0.07516,0.954532,0.087172,0.274994,-7.348668,134.898315,18.862396,0.004856,0.989197,0.025952,0.144198,-4.930695,149.403381,20.330996,-0.104465,0.762329,0.134094,0.624468,-10.381269,129.217957,16.583044,-0.74452,0.061497,0.505817,-0.431343,-13.746032,129.357162,-0.051419,-0.654407,-0.575069,0.18418,0.455111,-3.048875,117.609764,-15.630491,0.213851,0.278591,-0.640667,-0.682789,5.171216,145.550247,-7.057193,-0.099493,0.923806,0.02143,0.369086,-5.040704,129.500671,21.847824,0.436923,0.895092,0.088595,-0.007782,6.971239,132.352051,33.493824,-0.160865,0.424035,0.518366,-0.724992,20.724482,114.978096,31.461132,0.00424,0.216887,0.66185,-0.717563,18.186075,136.863708,20.418272,0.050675,0.927727,0.140016,0.342273,-5.276686,86.177643,8.320247,0.101304,0.97039,-0.008423,0.219112,-5.210681,51.566933,-2.344922,-0.034097,0.942295,0.04611,0.329835,-14.688354,5.227604,-3.672046,-0.09319,0.897414,-0.103537,0.418621,7.836338,87.060722,21.919353,-0.009029,0.9086,-0.144712,0.391692,10.754485,52.249516,31.475285,-0.019501,0.893686,0.014566,0.448033,6.166758,6.921774,44.252995,-0.034097,0.942295,0.04611,0.329835,-5.334164,0.673222,-15.105462,-0.019501,0.893686,0.014566,0.448033,17.811779,1.399761,35.716774
312,2.6,-0.030347,0.92009,0.011802,0.390352,1.273826,86.620804,15.122655,-0.12506,0.90683,0.154519,0.371676,0.769377,94.358322,15.107348,-0.022397,0.925041,0.004631,0.379178,-6.395319,113.670303,19.034498,0.074773,0.954473,0.087225,0.275284,-7.350366,134.896103,18.855635,0.005064,0.989118,0.026025,0.144719,-4.943642,149.403091,20.323717,-0.104454,0.762467,0.13401,0.62432,-10.382442,129.214935,16.577581,-0.744634,0.061428,0.505536,-0.431487,-13.753554,129.351471,-0.05562,-0.654467,-0.575214,0.183978,0.454921,-3.043356,117.608215,-15.628862,0.213869,0.278737,-0.640636,-0.682753,5.17108,145.54892,-7.050861,-0.099495,0.923692,0.021339,0.369375,-5.043312,129.499542,21.843716,0.436863,0.895105,0.088759,-0.007665,6.961375,132.351532,33.497047,-0.160814,0.423976,0.518409,-0.725007,20.717005,114.979256,31.466061,0.004341,0.216729,0.661934,-0.717532,18.178434,136.864594,20.424412,0.050662,0.92767,0.139994,0.342438,-5.283077,86.179878,8.32344,0.101281,0.970567,-0.008212,0.218342,-5.214887,51.568638,-2.340019,-0.034097,0.942295,0.046091,0.329838,-14.687183,5.228534,-3.678507,-0.093207,0.897473,-0.103519,0.418496,7.83073,87.061737,21.921869,-0.009008,0.908702,-0.144723,0.391452,10.751857,52.250488,31.47673,-0.01941,0.893697,0.014611,0.448013,6.165279,6.923026,44.255863,-0.034097,0.942295,0.046091,0.329838,-5.33296,0.673621,-15.111682,-0.01941,0.893697,0.014611,0.448013,17.809191,1.400956,35.718163
313,2.608333,-0.030402,0.920085,0.011843,0.390358,1.2721,86.62001,15.123582,-0.125174,0.906776,0.154512,0.371772,0.766617,94.357452,15.10853,-0.022344,0.924989,0.00461,0.379308,-6.403605,113.67086,19.033285,0.074715,0.954392,0.087199,0.27559,-7.356224,134.896774,18.854313,0.005127,0.989045,0.025973,0.145224,-4.950885,149.404007,20.322275,-0.104599,0.762237,0.134032,0.624571,-10.388295,129.215958,16.575367,-0.744656,0.061548,0.505477,-0.4315,-13.747713,129.351181,-0.060208,-0.654388,-0.575359,0.183887,0.45489,-3.035531,117.604706,-15.62966,0.213749,0.278885,-0.640615,-0.68275,5.170845,145.545486,-7.044228,-0.099542,0.923671,0.021482,0.369406,-5.050614,129.499939,21.843,0.43691,0.895092,0.088667,-0.007609,6.952968,132.351501,33.497574,-0.160945,0.42409,0.518362,-0.724945,20.706812,114.977356,31.470436,0.004165,0.216797,0.661872,-0.71757,18.170645,136.862717,20.429157,0.050662,0.927664,0.14002,0.342444,-5.284649,86.178436,8.324259,0.101262,0.970408,-0.00834,0.219053,-5.215709,51.567711,-2.340855,-0.034113,0.942308,0.046129,0.329795,-14.687867,5.22742,-3.674139,-0.093176,0.897544,-0.103549,0.418342,7.828848,87.061584,21.922905,-0.008989,0.908781,-0.14473,0.391267,10.748718,52.250374,31.478287,-0.019645,0.893733,0.014402,0.447938,6.162796,6.92305,44.258141,-0.034113,0.942308,0.046129,0.329795,-5.334426,0.673718,-15.108438,-0.019645,0.893733,0.014402,0.447938,17.806711,1.398699,35.721924
314,2.616667,-0.030371,0.920088,0.011798,0.390353,1.267682,86.619789,15.127325,-0.125235,0.906773,0.154493,0.371768,0.76291,94.357285,15.111807,-0.022337,0.924986,0.004524,0.379316,-6.408833,113.669136,19.034649,0.074999,0.954299,0.08718,0.27584,-7.359803,134.895081,18.852415,0.004904,0.988983,0.025873,0.145668,-4.946323,149.400711,20.322954,-0.104608,0.762133,0.134028,0.624698,-10.392271,129.214172,16.574274,-0.744712,0.061598,0.505411,-0.431473,-13.746272,129.350006,-0.062393,-0.65433,-0.575462,0.183785,0.454884,-3.031412,117.603592,-15.630038,0.21367,0.279016,-0.640639,-0.682698,5.170024,145.543564,-7.037278,-0.099796,0.923616,0.021681,0.369464,-5.054671,129.498535,21.841974,0.437005,0.89505,0.088642,-0.007445,6.945735,132.355347,33.498531,-0.160966,0.424246,0.51827,-0.724915,20.696005,114.9776,31.47805,0.003783,0.216974,0.661641,-0.717732,18.161739,136.859756,20.432058,0.050678,0.927651,0.14001,0.342479,-5.289175,86.178406,8.328094,0.101245,0.970583,-0.008136,0.218294,-5.221158,51.567604,-2.33677,-0.034174,0.942282,0.046119,0.329863,-14.688659,5.226684,-3.681022,-0.093173,0.89763,-0.103527,0.418165,7.824539,87.061172,21.926556,-0.009098,0.908577,-0.144639,0.391772,10.746734,52.249588,31.479856,-0.019646,0.893731,0.014526,0.447937,6.166467,6.919971,44.253586,-0.034174,0.942282,0.046119,0.329863,-5.333024,0.673354,-15.113672,-0.019646,0.893731,0.014526,0.447937,17.810949,1.398807,35.71608
315,2.625,-0.030391,0.920078,0.011854,0.390376,1.265031,86.619057,15.12966,-0.125429,0.906749,0.154572,0.371727,0.759634,94.356506,15.114817,-0.022226,0.925007,0.00437,0.379275,-6.421408,113.668182,19.038277,0.074901,0.954239,0.087106,0.276098,-7.365513,134.894409,18.851839,0.004924,0.988897,0.025839,0.146257,-4.954152,149.400574,20.320438,-0.10459,0.761973,0.133893,0.624925,-10.400015,129.214005,16.575104,-0.744746,0.061655,0.505385,-0.431436,-13.744499,129.34906,-0.063479,-0.654301,-0.575534,0.183692,0.454871,-3.028775,117.601982,-15.630033,0.213661,0.279141,-0.640599,-0.682688,5.169696,145.541138,-7.031776,-0.099792,0.923628,0.021674,0.369436,-5.061876,129.497696,21.842291,0.436989,0.895074,0.088484,-0.007367,6.939255,132.354507,33.498089,-0.161141,0.424354,0.518211,-0.724855,20.690193,114.97657,31.483856,0.003839,0.216992,0.661656,-0.717713,18.157396,136.859772,20.439165,0.050652,0.927639,0.140053,0.342498,-5.291471,86.177757,8.330084,0.101209,0.97044,-0.008262,0.218938,-5.22039,51.567638,-2.336978,-0.033966,0.94234,0.046193,0.329707,-14.686355,5.226228,-3.675205,-0.093211,0.897537,-0.103411,0.418384,7.821533,87.060356,21.929237,-0.009168,0.908417,-0.144618,0.392149,10.747448,52.247543,31.476938,-0.019756,0.8937,0.014524,0.447994,6.168686,6.917474,44.249622,-0.033966,0.94234,0.046193,0.329707,-5.336302,0.672748,-15.11236,-0.019756,0.8937,0.014524,0.447994,17.815378,1.397735,35.714214
316,2.633333,-0.03039,0.920064,0.011844,0.390407,1.263624,86.618301,15.132872,-0.125414,0.906736,0.154552,0.371774,0.758301,94.355759,15.117863,-0.022422,0.924971,0.00438,0.37935,-6.422114,113.667976,19.040483,0.075014,0.95415,0.086998,0.276408,-7.37409,134.893829,18.851187,0.004883,0.988818,0.025814,0.146797,-4.958636,149.399414,20.318714,-0.104587,0.761863,0.133829,0.625073,-10.406097,129.212006,16.574669,-0.744793,0.061655,0.505275,-0.431486,-13.744304,129.346832,-0.065179,-0.65432,-0.575658,0.183541,0.454748,-3.023624,117.600647,-15.628992,0.21375,0.279339,-0.640495,-0.682676,5.16954,145.539841,-7.025805,-0.099752,0.923665,0.021675,0.369355,-5.068944,129.498367,21.842709,0.436997,0.89508,0.088398,-0.007219,6.934514,132.354111,33.496384,-0.161334,0.424566,0.518044,-0.724807,20.68524,114.975143,31.489691,0.003409,0.217225,0.661483,-0.717804,18.152826,136.857132,20.441959,0.050574,0.927649,0.14008,0.342474,-5.292413,86.176949,8.332848,0.101307,0.970417,-0.008258,0.218997,-5.215729,51.566799,-2.334063,-0.034024,0.942265,0.0461,0.32993,-14.690404,5.227253,-3.675239,-0.093227,0.897531,-0.103321,0.418416,7.819662,87.059662,21.932894,-0.009165,0.908401,-0.144638,0.392177,10.749047,52.245705,31.475384,-0.019714,0.893701,0.014517,0.447995,6.168909,6.91618,44.2495,-0.034024,0.942265,0.0461,0.32993,-5.334699,0.671913,-15.107034,-0.019714,0.893701,0.014517,0.447995,17.815155,1.395705,35.713951
317,2.641667,-0.030468,0.920022,0.011878,0.390501,1.262881,86.617973,15.13553,-0.125503,0.906697,0.154506,0.371857,0.756239,94.355339,15.120485,-0.022281,0.924948,0.004385,0.379415,-6.428828,113.671585,19.040173,0.074915,0.954086,0.086977,0.276665,-7.375309,134.897705,18.853273,0.004876,0.988749,0.025698,0.147277,-4.962418,149.403793,20.320311,-0.104738,0.761817,0.133683,0.625135,-10.40847,129.216934,16.575666,-0.744848,0.061635,0.505241,-0.431433,-13.742979,129.345215,-0.064971,-0.654321,-0.575729,0.183419,0.454706,-3.020647,117.601357,-15.6294,0.213893,0.279473,-0.640351,-0.682712,5.170249,145.539597,-7.020868,-0.099731,0.923628,0.021674,0.369452,-5.07196,129.501282,21.844469,0.436972,0.895075,0.088573,-0.007104,6.929191,132.356216,33.500713,-0.161276,0.424551,0.518041,-0.724831,20.680977,114.977936,31.4953,0.003293,0.217283,0.661565,-0.717711,18.147732,136.858978,20.446119,0.050649,0.927625,0.140085,0.342524,-5.291681,86.175552,8.334157,0.101252,0.970404,-0.008286,0.219079,-5.21928,51.566059,-2.334905,-0.034018,0.942295,0.046201,0.329832,-14.689434,5.225506,-3.673167,-0.093305,0.897496,-0.103206,0.418501,7.817444,87.060387,21.936903,-0.009115,0.90843,-0.144684,0.392094,10.754551,52.245773,31.474606,-0.01968,0.893737,0.01447,0.447926,6.169547,6.917423,44.251133,-0.034018,0.942295,0.046201,0.329832,-5.335867,0.672846,-15.107772,-0.01968,0.893737,0.01447,0.447926,17.813913,1.395273,35.714108
318,2.65,-0.030493,0.919994,0.01184,0.390566,1.261734,86.618248,15.139879,-0.125519,0.906672,0.154468,0.371928,0.754975,94.355614,15.124112,-0.022323,0.924914,0.004368,0.379496,-6.430162,113.671425,19.041401,0.074688,0.954043,0.086836,0.276916,-7.378037,134.897476,18.853096,0.004967,0.988677,0.025725,0.147757,-4.970341,149.404892,20.315239,-0.104749,0.761785,0.133713,0.625166,-10.410413,129.216354,16.575283,-0.744922,0.061655,0.505142,-0.431418,-13.743523,129.34523,-0.065634,-0.654351,-0.575807,0.183287,0.454618,-3.016854,117.602768,-15.628131,0.214109,0.279548,-0.640525,-0.68245,5.17155,145.540482,-7.015621,-0.09975,0.923608,0.021686,0.369497,-5.074854,129.501373,21.845013,0.436963,0.895079,0.08859,-0.006979,6.925037,132.356628,33.502476,-0.161333,0.424619,0.517995,-0.724811,20.677254,114.978149,31.501743,0.003303,0.217351,0.661321,-0.717915,18.144472,136.859344,20.451342,0.050613,0.927636,0.140122,0.342484,-5.291838,86.175163,8.337595,0.101294,0.970357,-0.008303,0.219268,-5.216547,51.566147,-2.33304,-0.034034,0.942282,0.046214,0.329864,-14.690593,5.226421,-3.672518,-0.093352,0.897522,-0.103139,0.418452,7.815306,87.06134,21.942163,-0.009096,0.908379,-0.144691,0.392211,10.758058,52.246368,31.47682,-0.019767,0.893709,0.01449,0.447976,6.169517,6.918165,44.252602,-0.034034,0.942282,0.046214,0.329864,-5.336067,0.674304,-15.106557,-0.019767,0.893709,0.01449,0.447976,17.815832,1.397693,35.717155
319,2.658333,-0.030539,0.919965,0.011889,0.390629,1.262518,86.618408,15.142584,-0.125563,0.906665,0.154475,0.371927,0.754804,94.355705,15.127208,-0.022486,0.924902,0.004254,0.379515,-6.430577,113.667023,19.043217,0.074514,0.954,0.086763,0.277133,-7.382978,134.892792,18.847763,0.005069,0.988606,0.025809,0.148212,-4.979545,149.401199,20.30723,-0.104642,0.761662,0.133761,0.625323,-10.414025,129.210281,16.571697,-0.745016,0.061737,0.505062,-0.431337,-13.741225,129.344101,-0.070363,-0.654311,-0.575895,0.183202,0.454597,-3.011415,117.602028,-15.630992,0.214148,0.279667,-0.640466,-0.682444,5.172696,145.539276,-7.012945,-0.099893,0.923555,0.021533,0.3696,-5.078795,129.498199,21.841602,0.436888,0.895131,0.088451,-0.006815,6.917546,132.359589,33.501217,-0.161337,0.424776,0.517881,-0.7248,20.672762,114.982391,31.509983,0.003372,0.217373,0.661272,-0.717953,18.140776,136.860321,20.453566,0.050641,0.927604,0.140101,0.342574,-5.290072,86.174919,8.339378,0.101323,0.970375,-0.008284,0.219172,-5.216174,51.565689,-2.330561,-0.034078,0.942264,0.046218,0.32991,-14.692615,5.226493,-3.671395,-0.093388,0.89754,-0.103132,0.418407,7.815107,87.061905,21.945789,-0.008982,0.908552,-0.144696,0.391811,10.76084,52.247299,31.480848,-0.019461,0.893725,0.014669,0.447954,6.168007,6.919041,44.254902,-0.034078,0.942264,0.046218,0.32991,-5.336547,0.67496,-15.10441,-0.019461,0.893725,0.014669,0.447954,17.811596,1.399133,35.715366
320,2.666667,-0.030594,0.919956,0.011931,0.390644,1.262313,86.619064,15.144674,-0.125595,0.906645,0.154463,0.371971,0.753568,94.3563,15.129545,-0.022524,0.924877,0.004248,0.379575,-6.432663,113.666512,19.044065,0.074892,0.953886,0.086692,0.277448,-7.386474,134.892212,18.847704,0.004697,0.988534,0.02569,0.148725,-4.97184,149.39856,20.309244,-0.104625,0.761608,0.133755,0.625394,-10.41684,129.209412,16.571453,-0.745036,0.061765,0.504941,-0.431441,-13.741175,129.344055,-0.071168,-0.65434,-0.575959,0.183159,0.454492,-3.006103,117.600952,-15.627376,0.214112,0.279738,-0.640507,-0.682389,5.174506,145.539398,-7.009885,-0.099898,0.923528,0.021532,0.369666,-5.082318,129.497879,21.842041,0.436831,0.895164,0.088392,-0.00682,6.91234,132.359329,33.503365,-0.161292,0.424718,0.517875,-0.724848,20.669756,114.983734,31.513298,0.003573,0.217263,0.661398,-0.71787,18.134884,136.862473,20.456129,0.050654,0.927584,0.140077,0.342638,-5.289986,86.174927,8.341233,0.101315,0.970398,-0.008231,0.219077,-5.216835,51.565315,-2.327457,-0.034135,0.942284,0.046176,0.329855,-14.691583,5.225885,-3.672091,-0.093383,0.897544,-0.103092,0.41841,7.814612,87.063202,21.948116,-0.008985,0.908515,-0.144668,0.391907,10.761222,52.24794,31.480497,-0.019601,0.893687,0.01453,0.448027,6.168282,6.918922,44.251804,-0.034135,0.942284,0.046176,0.329855,-5.33636,0.673725,-15.105541,-0.019601,0.893687,0.01453,0.448027,17.814045,1.397292,35.716351
321,2.675,-0.030638,0.919937,0.011893,0.390686,1.262429,86.61853,15.148714,-0.12566,0.906628,0.154455,0.371993,0.753287,94.355736,15.132758,-0.022551,0.924864,0.004208,0.379606,-6.435683,113.666245,19.045893,0.074877,0.953825,0.08658,0.277697,-7.389911,134.891922,18.847496,0.004618,0.988462,0.025663,0.149208,-4.974738,149.398392,20.306631,-0.104703,0.761517,0.133761,0.62549,-10.42,129.208832,16.57156,-0.745077,0.061785,0.504909,-0.431405,-13.739711,129.342346,-0.071996,-0.654294,-0.575986,0.183162,0.454522,-3.003287,117.59993,-15.627791,0.214014,0.279795,-0.640572,-0.682334,5.175315,145.538284,-7.008077,-0.099953,0.923482,0.021465,0.369769,-5.085854,129.49791,21.842497,0.436848,0.895166,0.088283,-0.006821,6.905849,132.361679,33.50629,-0.161229,0.424815,0.517886,-0.724798,20.662601,114.985336,31.518215,0.003654,0.217219,0.661398,-0.717882,18.132362,136.862488,20.457195,0.050708,0.927576,0.140061,0.342658,-5.289197,86.17337,8.344691,0.101293,0.970596,-0.008024,0.218218,-5.219861,51.563828,-2.324248,-0.034132,0.942265,0.046213,0.329903,-14.689529,5.223656,-3.678992,-0.093371,0.897492,-0.103024,0.418541,7.814055,87.06369,21.952736,-0.008963,0.908534,-0.144673,0.391861,10.760622,52.24725,31.480852,-0.019793,0.893692,0.014446,0.448011,6.166257,6.918347,44.252064,-0.034132,0.942265,0.046213,0.329903,-5.333102,0.672532,-15.11187,-0.019793,0.893692,0.014446,0.448011,17.813284,1.3971,35.71809
322,2.683333,-0.030571,0.91992,0.011834,0.390734,1.258042,86.619476,15.15044,-0.125629,0.90662,0.154425,0.372035,0.750212,94.356766,15.134016,-0.022586,0.924846,0.004193,0.379648,-6.436353,113.665283,19.045702,0.074657,0.95379,0.08651,0.277897,-7.39169,134.890884,18.846113,0.004697,0.988399,0.025672,0.149619,-4.982082,149.398605,20.302235,-0.104668,0.761504,0.133769,0.625509,-10.421271,129.207535,16.570196,-0.745084,0.061769,0.504818,-0.431503,-13.740407,129.342224,-0.073475,-0.654342,-0.576017,0.183089,0.454444,-2.999775,117.599869,-15.626428,0.214038,0.279755,-0.640659,-0.682262,5.178312,145.538223,-7.006194,-0.100061,0.923438,0.021505,0.369849,-5.08762,129.497162,21.841608,0.436844,0.895173,0.088246,-0.00675,6.901352,132.363586,33.507572,-0.161238,0.424918,0.517865,-0.72475,20.658329,114.987015,31.523094,0.003823,0.217341,0.661141,-0.718082,18.131374,136.862991,20.459534,0.050643,0.927567,0.140079,0.342683,-5.292967,86.175064,8.345769,0.101318,0.970561,-0.00802,0.218363,-5.218527,51.565395,-2.322739,-0.034096,0.942261,0.046157,0.329927,-14.690192,5.225697,-3.679799,-0.093407,0.897546,-0.103031,0.418414,7.809051,87.063889,21.955112,-0.00894,0.908597,-0.144619,0.391736,10.759092,52.248047,31.484333,-0.019358,0.893695,0.014597,0.44802,6.166503,6.91762,44.250767,-0.034096,0.942261,0.046157,0.329927,-5.33369,0.672657,-15.111857,-0.019358,0.893695,0.014597,0.44802,17.809946,1.394507,35.713093
323,2.691667,-0.030655,0.91989,0.011907,0.390796,1.261461,86.619415,15.152216,-0.125683,0.906586,0.154425,0.3721,0.751992,94.356598,15.136295,-0.02265,0.924812,0.004209,0.379726,-6.437361,113.665939,19.046873,0.074612,0.95373,0.086413,0.278146,-7.395459,134.891418,18.846781,0.004681,0.988334,0.02562,0.150061,-4.986309,149.399429,20.300669,-0.104674,0.761442,0.133779,0.625582,-10.423903,129.207626,16.57044,-0.745108,0.061858,0.504775,-0.431497,-13.739891,129.342941,-0.073849,-0.654371,-0.575998,0.183099,0.454423,-2.997851,117.598488,-15.624242,0.214028,0.279731,-0.64069,-0.682246,5.181352,145.537109,-7.005991,-0.100078,0.923415,0.021566,0.369898,-5.091189,129.498047,21.842752,0.436774,0.895204,0.08828,-0.006676,6.89643,132.364136,33.510178,-0.161317,0.425043,0.517798,-0.724708,20.65616,114.989449,31.528229,0.003746,0.217468,0.660998,-0.718175,18.131041,136.864059,20.462906,0.050692,0.927537,0.140081,0.342757,-5.288527,86.17411,8.346623,0.101313,0.970364,-0.008198,0.21923,-5.216446,51.564842,-2.323189,-0.034052,0.942281,0.046236,0.329864,-14.690128,5.225322,-3.672282,-0.093381,0.897513,-0.103038,0.418489,7.81145,87.064713,21.957809,-0.00896,0.908542,-0.144605,0.391868,10.75876,52.248619,31.48694,-0.019373,0.893707,0.014591,0.447994,6.166604,6.917846,44.252289,-0.034052,0.942281,0.046236,0.329864,-5.335369,0.673994,-15.106448,-0.019373,0.893707,0.014591,0.447994,17.809692,1.394792,35.714108
324,2.7,-0.030642,0.919854,0.011859,0.390882,1.260856,86.62101,15.154537,-0.125764,0.906543,0.154432,0.372174,0.751853,94.358223,15.137961,-0.022674,0.924778,0.004219,0.379807,-6.440846,113.666367,19.046814,0.074264,0.953697,0.086301,0.278387,-7.400022,134.8918,18.846651,0.004891,0.988258,0.025643,0.150547,-4.999671,149.401779,20.295467,-0.104693,0.761411,0.133718,0.62563,-10.427774,129.207855,16.569757,-0.745302,0.062022,0.504645,-0.431291,-13.741612,129.341721,-0.074972,-0.654381,-0.575992,0.183107,0.454412,-2.994638,117.598434,-15.622838,0.214297,0.279675,-0.640794,-0.682086,5.184819,145.537308,-7.005532,-0.100067,0.9234,0.021569,0.369938,-5.095989,129.498535,21.843,0.436629,0.89526,0.088439,-0.006485,6.890704,132.364136,33.511501,-0.161447,0.425218,0.517649,-0.724682,20.65617,114.993416,31.534641,0.0034,0.217762,0.661053,-0.718037,18.130739,136.867142,20.465237,0.050729,0.927524,0.140006,0.342819,-5.287875,86.175606,8.34774,0.101307,0.970556,-0.007999,0.218391,-5.219443,51.565094,-2.318054,-0.034009,0.942261,0.046244,0.329923,-14.689604,5.225146,-3.677103,-0.093406,0.897435,-0.103027,0.418654,7.809587,87.066414,21.961334,-0.008991,0.908556,-0.144567,0.391848,10.757104,52.250488,31.491032,-0.019729,0.893751,0.014506,0.447895,6.169318,6.918714,44.254433,-0.034009,0.942261,0.046244,0.329923,-5.333839,0.67362,-15.110369,-0.019729,0.893751,0.014506,0.447895,17.813766,1.398129,35.716503
325,2.708333,-0.030721,0.919847,0.011932,0.39089,1.262349,86.621788,15.156295,-0.125792,0.906506,0.154406,0.372265,0.751792,94.358894,15.140282,-0.022677,0.92473,0.004261,0.379923,-6.441723,113.666428,19.046869,0.07405,0.953652,0.086316,0.278593,-7.401684,134.89183,18.848202,0.004989,0.988209,0.025531,0.150882,-5.007438,149.402878,20.296452,-0.10478,0.761347,0.133735,0.625689,-10.428641,129.207962,16.570086,-0.745321,0.062083,0.504603,-0.431299,-13.739332,129.340424,-0.075276,-0.654422,-0.57604,0.183103,0.454295,-2.990799,117.595673,-15.620945,0.21454,0.279756,-0.640706,-0.68206,5.18542,145.536453,-7.006744,-0.100187,0.923325,0.021665,0.370087,-5.098189,129.498413,21.844683,0.436537,0.895289,0.088614,-0.00641,6.883918,132.366211,33.517342,-0.161592,0.425438,0.517566,-0.72458,20.653034,114.99839,31.540409,0.003118,0.218151,0.660858,-0.7181,18.132751,136.869812,20.469097,0.050723,0.927563,0.140025,0.342707,-5.286172,86.175575,8.349353,0.101342,0.970541,-0.008004,0.218439,-5.218165,51.565407,-2.317575,-0.034076,0.942229,0.046229,0.330009,-14.691509,5.226135,-3.677368,-0.093391,0.897404,-0.103081,0.41871,7.81087,87.068001,21.963236,-0.008993,0.908529,-0.144526,0.391927,10.75517,52.252674,31.496101,-0.019693,0.893733,0.014585,0.447929,6.167949,6.919792,44.255753,-0.034076,0.942229,0.046229,0.330009,-5.333062,0.674924,-15.108557,-0.019693,0.893733,0.014585,0.447929,17.813055,1.40077,35.71772
326,2.716667,-0.030784,0.919812,0.011925,0.390968,1.264668,86.62294,15.158659,-0.125872,0.906474,0.154402,0.372318,0.753247,94.359993,15.142122,-0.022778,0.924702,0.004293,0.379986,-6.443153,113.666061,19.046637,0.074011,0.953588,0.086091,0.27889,-7.407579,134.891266,18.847513,0.00495,0.988122,0.025564,0.151452,-5.012532,149.40274,20.290108,-0.104801,0.761291,0.133747,0.625752,-10.433021,129.206711,16.569065,-0.745404,0.062157,0.504509,-0.431255,-13.740902,129.339355,-0.076856,-0.65452,-0.576028,0.183041,0.454194,-2.988546,117.594765,-15.620002,0.214844,0.279705,-0.640592,-0.682092,5.189876,145.535614,-7.008223,-0.100206,0.923315,0.021616,0.37011,-5.103357,129.498367,21.844397,0.436407,0.895345,0.088699,-0.006221,6.878066,132.367355,33.517479,-0.161761,0.425656,0.517385,-0.724543,20.652309,115.002869,31.546915,0.002766,0.218491,0.660794,-0.718056,18.132036,136.871521,20.471794,0.050817,0.92754,0.139966,0.342777,-5.282625,86.175613,8.350607,0.10132,0.970514,-0.008005,0.21857,-5.22161,51.564949,-2.314747,-0.03412,0.942262,0.046293,0.329901,-14.69284,5.225265,-3.675315,-0.093337,0.897367,-0.103078,0.418802,7.811961,87.070267,21.966711,-0.009021,0.908511,-0.144504,0.391976,10.751905,52.254177,31.49814,-0.019577,0.893712,0.014605,0.447976,6.167172,6.920728,44.256687,-0.03412,0.942262,0.046293,0.329901,-5.336372,0.67624,-15.108995,-0.019577,0.893712,0.014605,0.447976,17.812073,1.40071,35.719017
327,2.725,-0.030782,0.919782,0.011864,0.391042,1.264008,86.622826,15.161005,-0.125882,0.906427,0.154421,0.372422,0.752997,94.359901,15.143557,-0.022849,0.924645,0.004276,0.38012,-6.444861,113.666512,19.047964,0.072984,0.953626,0.085909,0.279087,-7.411741,134.891586,18.846903,0.005602,0.988047,0.025616,0.151906,-5.043958,149.408798,20.276836,-0.104803,0.76128,0.133693,0.625776,-10.435843,129.206497,16.568014,-0.745443,0.062164,0.504405,-0.431306,-13.742677,129.338104,-0.078127,-0.65461,-0.576028,0.182998,0.454081,-2.985713,117.593956,-15.618431,0.215003,0.279682,-0.640502,-0.682135,5.193631,145.535553,-7.009909,-0.100192,0.923318,0.021591,0.370108,-5.107756,129.499191,21.844881,0.436379,0.895352,0.088771,-0.006118,6.873812,132.368073,33.517845,-0.161868,0.425797,0.517332,-0.724474,20.649221,115.004204,31.5501,0.002623,0.218738,0.66073,-0.718041,18.132156,136.872437,20.47374,0.050858,0.927493,0.139942,0.342909,-5.282204,86.17511,8.351935,0.101308,0.97054,-0.007967,0.218461,-5.22304,51.56424,-2.312769,-0.034043,0.942249,0.046318,0.329943,-14.692584,5.224276,-3.675497,-0.093315,0.897418,-0.103133,0.418684,7.810219,87.070534,21.970074,-0.009029,0.908531,-0.144439,0.391954,10.748326,52.254963,31.503963,-0.019748,0.893766,0.014616,0.447861,6.167039,6.919751,44.257469,-0.034043,0.942249,0.046318,0.329943,-5.3358,0.67517,-15.108891,-0.019748,0.893766,0.014616,0.447861,17.811556,1.402227,35.717655
328,2.733333,-0.03078,0.919765,0.011799,0.391082,1.262771,86.622849,15.163368,-0.125903,0.906411,0.154427,0.372452,0.752176,94.359947,15.144986,-0.022942,0.924622,0.004234,0.38017,-6.446609,113.666153,19.049017,0.072911,0.953562,0.08589,0.279333,-7.416467,134.891052,18.844753,0.005626,0.987978,0.025564,0.152365,-5.050541,149.408585,20.274439,-0.104824,0.761171,0.133743,0.625894,-10.439508,129.205215,16.566355,-0.745429,0.062225,0.504234,-0.431523,-13.741185,129.338272,-0.080796,-0.65472,-0.576111,0.182947,0.453837,-2.976876,117.590584,-15.613328,0.215141,0.27972,-0.640443,-0.682132,5.197811,145.535233,-7.010256,-0.100227,0.923319,0.021574,0.370096,-5.112056,129.499435,21.843775,0.436351,0.895372,0.088716,-0.005997,6.869555,132.369644,33.516361,-0.161903,0.425914,0.517282,-0.724434,20.646112,115.005997,31.554598,0.002615,0.218781,0.660775,-0.717986,18.131388,136.873001,20.475466,0.050824,0.927505,0.139939,0.342883,-5.282847,86.174706,8.35376,0.101343,0.970549,-0.007909,0.218407,-5.221785,51.563549,-2.309991,-0.034197,0.942233,0.046233,0.329986,-14.693385,5.224168,-3.678236,-0.093332,0.89736,-0.103091,0.418815,7.80839,87.070992,21.972975,-0.009041,0.908536,-0.144422,0.391947,10.747482,52.255024,31.505131,-0.019644,0.893721,0.014587,0.447955,6.167976,6.919363,44.25769,-0.034197,0.942233,0.046233,0.329986,-5.334273,0.674286,-15.109412,-0.019644,0.893721,0.014587,0.447955,17.813078,1.399758,35.72002
329,2.741667,-0.030815,0.919743,0.011806,0.391131,1.26373,86.623886,15.164942,-0.126007,0.906333,0.154436,0.372602,0.752595,94.360947,15.14643,-0.022855,0.924553,0.004314,0.380344,-6.450001,113.663574,19.04743,0.072553,0.953535,0.085669,0.279584,-7.417682,134.888626,18.847527,0.005724,0.987913,0.025554,0.152782,-5.059945,149.40831,20.26894,-0.104826,0.761163,0.133719,0.625909,-10.440442,129.203583,16.566744,-0.745524,0.062225,0.504212,-0.431384,-13.741471,129.336197,-0.080536,-0.654709,-0.57606,0.182956,0.453914,-2.976203,117.591774,-15.614872,0.215152,0.279683,-0.640445,-0.682142,5.201824,145.535095,-7.010721,-0.100328,0.923321,0.021529,0.370065,-5.114916,129.496109,21.846203,0.436322,0.895387,0.088708,-0.005979,6.866788,132.370071,33.517769,-0.161848,0.425875,0.517279,-0.724471,20.64447,115.00721,31.557014,0.00275,0.218789,0.660897,-0.717871,18.12792,136.8741,20.476767,0.050874,0.927464,0.139921,0.342993,-5.28112,86.175217,8.35463,0.101347,0.970524,-0.007928,0.218513,-5.222547,51.564045,-2.309095,-0.03409,0.942245,0.046308,0.329952,-14.694683,5.224755,-3.67673,-0.093306,0.897364,-0.103086,0.418815,7.80858,87.072548,21.975252,-0.009045,0.908521,-0.144379,0.391999,10.746188,52.256161,31.506296,-0.019644,0.89375,0.01463,0.447895,6.167875,6.919348,44.255173,-0.03409,0.942245,0.046308,0.329952,-5.337258,0.675861,-15.109676,-0.019644,0.89375,0.01463,0.447895,17.812048,1.40083,35.715542
330,2.75,-0.030828,0.919705,0.011743,0.391223,1.264277,86.622185,15.167893,-0.125922,0.906389,0.154395,0.372511,0.753339,94.359261,15.148345,-0.023058,0.924598,0.004213,0.380223,-6.446194,113.666245,19.050526,0.073306,0.953373,0.086108,0.279806,-7.420243,134.89093,18.843483,0.005182,0.987863,0.025239,0.153176,-5.044967,149.405853,20.284184,-0.104891,0.761123,0.13372,0.625946,-10.441884,129.204208,16.565437,-0.745573,0.062247,0.50411,-0.431415,-13.74089,129.335434,-0.082256,-0.6547,-0.576076,0.182971,0.453901,-2.971147,117.591415,-15.613794,0.215026,0.279644,-0.640438,-0.682204,5.205457,145.535324,-7.010207,-0.10029,0.923293,0.021538,0.370147,-5.115118,129.500153,21.843454,0.436309,0.895395,0.088697,-0.005931,6.864801,132.37265,33.517212,-0.161753,0.425844,0.517304,-0.724493,20.643013,115.009979,31.558592,0.002872,0.218649,0.661029,-0.717791,18.126465,136.875946,20.476822,0.050856,0.927468,0.139956,0.342971,-5.279201,86.172859,8.356306,0.101388,0.970513,-0.007953,0.218543,-5.218791,51.562275,-2.309299,-0.034183,0.942212,0.046292,0.330039,-14.695163,5.223814,-3.675767,-0.093325,0.897461,-0.103102,0.418597,7.807754,87.07151,21.979481,-0.009001,0.908524,-0.144361,0.391999,10.748381,52.255619,31.511419,-0.019668,0.893748,0.014705,0.447897,6.166997,6.918225,44.257118,-0.034183,0.942212,0.046292,0.330039,-5.334774,0.675464,-15.106506,-0.019668,0.893748,0.014705,0.447897,17.811808,1.401942,35.716908
331,2.758333,-0.0309,0.919698,0.011805,0.391231,1.26634,86.623367,15.169838,-0.125906,0.906376,0.154361,0.372563,0.754005,94.360352,15.150735,-0.023162,0.924564,0.004232,0.380298,-6.444143,113.666626,19.051249,0.073129,0.953324,0.08608,0.280029,-7.422588,134.891098,18.843216,0.00522,0.987801,0.025194,0.153584,-5.052008,149.406937,20.282484,-0.104858,0.761109,0.133771,0.625958,-10.44267,129.203659,16.564898,-0.745552,0.062257,0.504016,-0.431561,-13.741377,129.336945,-0.082843,-0.654761,-0.576093,0.18295,0.4538,-2.967434,117.591179,-15.61016,0.214966,0.279638,-0.640514,-0.682154,5.208466,145.536179,-7.009438,-0.10029,0.923268,0.02152,0.37021,-5.11683,129.500916,21.843777,0.436235,0.895427,0.088744,-0.005853,6.8615,132.373489,33.519154,-0.161642,0.425845,0.517301,-0.724519,20.642639,115.012833,31.563044,0.002983,0.218496,0.661037,-0.717831,18.126034,136.876678,20.478041,0.05086,0.927459,0.139935,0.343004,-5.276934,86.173264,8.358103,0.10136,0.970634,-0.007848,0.218025,-5.216969,51.562286,-2.306229,-0.033954,0.942263,0.046453,0.329895,-14.689406,5.22314,-3.67667,-0.093348,0.897449,-0.103101,0.41862,7.809614,87.073471,21.981573,-0.008939,0.908608,-0.144373,0.391802,10.751462,52.257858,31.514179,-0.019848,0.893781,0.014654,0.447824,6.167024,6.92071,44.259663,-0.033954,0.942263,0.046453,0.329895,-5.33431,0.676866,-15.11257,-0.019848,0.893781,0.014654,0.447824,17.812046,1.405459,35.719067
332,2.766667,-0.030899,0.919692,0.011847,0.391243,1.266289,86.624123,15.172167,-0.12591,0.906375,0.154296,0.372591,0.753717,94.361092,15.153657,-0.023218,0.924553,0.004298,0.380322,-6.443573,113.66774,19.051392,0.072982,0.953276,0.086025,0.280248,-7.425267,134.892075,18.84499,0.005207,0.987731,0.025131,0.154044,-5.058313,149.408691,20.282291,-0.105012,0.761027,0.133758,0.626034,-10.444361,129.204346,16.566067,-0.745617,0.062221,0.504019,-0.431449,-13.738739,129.334015,-0.082561,-0.654671,-0.576092,0.182977,0.453921,-2.964747,117.591728,-15.612468,0.214853,0.279593,-0.640561,-0.682164,5.210646,145.535629,-7.007679,-0.100278,0.923252,0.021407,0.370259,-5.118833,129.502014,21.84524,0.436209,0.895441,0.08873,-0.005906,6.858346,132.375549,33.521561,-0.161605,0.425757,0.517331,-0.724558,20.640478,115.015884,31.563707,0.003094,0.21838,0.661236,-0.717682,18.121763,136.879593,20.480705,0.050856,0.927416,0.139949,0.343115,-5.276806,86.174347,8.360238,0.1014,0.970591,-0.00786,0.218196,-5.214961,51.563602,-2.304864,-0.033937,0.942257,0.046399,0.32992,-14.691027,5.225241,-3.676685,-0.093375,0.897451,-0.103067,0.418617,7.809384,87.073898,21.984097,-0.008921,0.908626,-0.144396,0.391751,10.7541,52.258171,31.515356,-0.019637,0.893788,0.01474,0.447817,6.168007,6.921607,44.262337,-0.033937,0.942257,0.046399,0.32992,-5.335651,0.677297,-15.111695,-0.019637,0.893788,0.01474,0.447817,17.811144,1.405794,35.719532
333,2.775,-0.030998,0.919688,0.011928,0.391242,1.268898,86.623215,15.17373,-0.12591,0.906378,0.154226,0.372612,0.754424,94.360062,15.155771,-0.023349,0.924533,0.004308,0.380362,-6.441488,113.666466,19.050514,0.072999,0.953224,0.085992,0.28043,-7.428472,134.890533,18.842371,0.00512,0.987681,0.0251,0.154369,-5.060766,149.407043,20.279514,-0.105029,0.760974,0.133768,0.626094,-10.445937,129.201874,16.563622,-0.745645,0.06227,0.503954,-0.431469,-13.73766,129.331787,-0.085528,-0.654639,-0.576098,0.183006,0.453946,-2.961046,117.588577,-15.612914,0.214601,0.279594,-0.640491,-0.682308,5.213216,145.5327,-7.00781,-0.100349,0.92324,0.021505,0.370265,-5.120959,129.501266,21.843248,0.436146,0.895464,0.08881,-0.005792,6.855584,132.375763,33.519985,-0.161646,0.425707,0.517352,-0.724563,20.640213,115.017723,31.565376,0.003309,0.218304,0.661323,-0.717625,18.120476,136.88295,20.485172,0.050847,0.927389,0.140027,0.343157,-5.274097,86.172318,8.36178,0.101484,0.970412,-0.008068,0.218943,-5.209192,51.563107,-2.308257,-0.034087,0.942242,0.046333,0.329956,-14.696053,5.226663,-3.670071,-0.093359,0.897474,-0.103055,0.418573,7.811892,87.074112,21.98568,-0.008888,0.908637,-0.144406,0.391722,10.756421,52.25798,31.515526,-0.019576,0.893772,0.014704,0.447853,6.167531,6.921637,44.262268,-0.034087,0.942242,0.046333,0.329956,-5.338491,0.678435,-15.103176,-0.019576,0.893772,0.014704,0.447853,17.810543,1.404105,35.720413
334,2.783333,-0.030981,0.9197,0.011917,0.391217,1.267044,86.623322,15.176251,-0.125945,0.906361,0.154191,0.372656,0.752875,94.360191,15.15826,-0.023334,0.924506,0.004288,0.380428,-6.443834,113.66613,19.050657,0.072878,0.953169,0.085961,0.280659,-7.429889,134.890228,18.841887,0.005058,0.987617,0.025037,0.154789,-5.065267,149.407333,20.277988,-0.10515,0.760886,0.133791,0.626176,-10.447269,129.201645,16.562838,-0.745702,0.062279,0.503996,-0.431321,-13.734642,129.32962,-0.087188,-0.654598,-0.576076,0.182959,0.454053,-2.959926,117.588493,-15.617476,0.214567,0.279612,-0.640473,-0.682329,5.216979,145.530182,-7.006895,-0.100328,0.923253,0.021449,0.37024,-5.123034,129.500946,21.84322,0.436182,0.895455,0.088721,-0.005791,6.854294,132.375565,33.519119,-0.161712,0.425733,0.517331,-0.724547,20.637508,115.016212,31.566139,0.003219,0.218278,0.661357,-0.717601,18.117752,136.882568,20.486498,0.050835,0.927371,0.140056,0.343196,-5.276336,86.17263,8.364658,0.101506,0.970353,-0.008087,0.219193,-5.209416,51.563908,-2.306963,-0.034011,0.942224,0.046269,0.330025,-14.698317,5.227902,-3.669867,-0.09337,0.897481,-0.102989,0.418572,7.810423,87.07402,21.987844,-0.00884,0.908718,-0.144436,0.391526,10.757664,52.257038,31.513771,-0.019425,0.893757,0.014809,0.447886,6.166236,6.921422,44.262184,-0.034011,0.942224,0.046269,0.330025,-5.340017,0.67717,-15.101377,-0.019425,0.893757,0.014809,0.447886,17.808826,1.404604,35.719288
335,2.791667,-0.030985,0.919707,0.011916,0.3912,1.266624,86.623116,15.177551,-0.126004,0.906361,0.154199,0.372634,0.752401,94.359978,15.159534,-0.023328,0.924512,0.004234,0.380414,-6.446301,113.664543,19.051317,0.073107,0.953104,0.085943,0.280825,-7.431261,134.888687,18.840546,0.004775,0.987573,0.024948,0.155094,-5.060068,149.404541,20.278559,-0.105129,0.760856,0.133757,0.626222,-10.448999,129.200027,16.56212,-0.745688,0.062247,0.504005,-0.43134,-13.73454,129.32811,-0.088261,-0.654615,-0.576092,0.182903,0.454031,-2.960075,117.587486,-15.619093,0.214553,0.279705,-0.640317,-0.682441,5.216966,145.528595,-7.006788,-0.100331,0.923251,0.021356,0.370251,-5.124603,129.499573,21.842327,0.436228,0.89544,0.088652,-0.005781,6.852416,132.375397,33.518242,-0.161896,0.425844,0.517299,-0.724464,20.633858,115.014473,31.566828,0.00306,0.218368,0.661192,-0.717726,18.117052,136.882431,20.489363,0.050832,0.927373,0.140075,0.343181,-5.277008,86.172333,8.366204,0.101433,0.970394,-0.008043,0.21905,-5.209607,51.563992,-2.306639,-0.033994,0.942288,0.046323,0.329837,-14.691191,5.226529,-3.670735,-0.093344,0.897528,-0.102954,0.418486,7.810255,87.073891,21.988899,-0.008851,0.908687,-0.144449,0.391592,10.757895,52.256046,31.511539,-0.019561,0.893787,0.014724,0.447822,6.166022,6.920809,44.261131,-0.033994,0.942288,0.046323,0.329837,-5.337419,0.67702,-15.106432,-0.019561,0.893787,0.014724,0.447822,17.808393,1.403588,35.718197
336,2.8,-0.031003,0.919706,0.011903,0.391201,1.26699,86.62233,15.179997,-0.126138,0.906309,0.154178,0.372722,0.752584,94.359177,15.161681,-0.023218,0.92447,0.004248,0.380524,-6.451674,113.663948,19.05003,0.073025,0.953057,0.085806,0.281045,-7.432537,134.888306,18.841459,0.004691,0.987517,0.024927,0.155457,-5.062479,149.404724,20.275692,-0.105163,0.760816,0.133685,0.626281,-10.450828,129.200485,16.561678,-0.745704,0.062203,0.504024,-0.431296,-13.733628,129.326599,-0.089261,-0.65462,-0.576102,0.182839,0.454037,-2.959782,117.587997,-15.622059,0.214653,0.27975,-0.640315,-0.682394,5.217978,145.527954,-7.006767,-0.100382,0.923259,0.021343,0.370218,-5.127608,129.498398,21.843163,0.436248,0.895432,0.088635,-0.005735,6.849896,132.376053,33.518131,-0.162035,0.425956,0.51726,-0.724395,20.630573,115.014282,31.568796,0.002861,0.218411,0.661009,-0.717883,18.11656,136.882629,20.492125,0.050853,0.927368,0.140071,0.343195,-5.276598,86.171135,8.368636,0.101395,0.97059,-0.007855,0.218204,-5.210495,51.562847,-2.30441,-0.034039,0.942315,0.046354,0.329751,-14.685935,5.224371,-3.676691,-0.093355,0.897552,-0.102938,0.418437,7.810578,87.073524,21.99136,-0.008809,0.908707,-0.144438,0.391551,10.759948,52.255585,31.513128,-0.019719,0.893763,0.014596,0.447869,6.165435,6.919974,44.260468,-0.034039,0.942315,0.046354,0.329751,-5.333693,0.67613,-15.114146,-0.019719,0.893763,0.014596,0.447869,17.80971,1.401561,35.720898
337,2.808333,-0.03101,0.919709,0.01192,0.391193,1.267292,86.622597,15.18173,-0.126146,0.906311,0.154096,0.372749,0.752688,94.359436,15.163624,-0.023243,0.924457,0.004291,0.380552,-6.451102,113.666061,19.048817,0.072901,0.953015,0.085817,0.281219,-7.433601,134.890335,18.841511,0.004659,0.987464,0.024842,0.155808,-5.06708,149.407333,20.275661,-0.105097,0.760826,0.133652,0.626287,-10.451313,129.202454,16.561197,-0.745721,0.06228,0.504042,-0.431235,-13.734322,129.329544,-0.089693,-0.654641,-0.576088,0.182808,0.454037,-2.96172,117.589355,-15.622155,0.21473,0.279779,-0.640307,-0.682365,5.217677,145.528656,-7.006276,-0.10027,0.923254,0.021219,0.370268,-5.128432,129.500443,21.843018,0.436408,0.895356,0.088605,-0.005852,6.848586,132.376083,33.518982,-0.162156,0.425951,0.51737,-0.724293,20.623007,115.00988,31.564955,0.002781,0.218489,0.661108,-0.717768,18.114004,136.88504,20.493063,0.050812,0.927424,0.140131,0.343026,-5.276415,86.17141,8.370486,0.101429,0.97033,-0.008023,0.219335,-5.208025,51.564049,-2.305526,-0.034073,0.942296,0.046315,0.329806,-14.688476,5.22649,-3.674168,-0.09338,0.897563,-0.102902,0.418416,7.810999,87.073776,21.992975,-0.008794,0.908702,-0.144456,0.391555,10.763313,52.255642,31.513113,-0.019585,0.893784,0.014781,0.447825,6.166772,6.920499,44.261368,-0.034073,0.942296,0.046315,0.329806,-5.334675,0.677555,-15.110069,-0.019585,0.893784,0.014781,0.447825,17.809719,1.405053,35.718067
338,2.816667,-0.031024,0.919722,0.011969,0.39116,1.267899,86.624397,15.183025,-0.126127,0.90632,0.154016,0.372767,0.752803,94.361206,15.165539,-0.023316,0.924444,0.004338,0.38058,-6.448982,113.66848,19.047806,0.072834,0.95297,0.085805,0.28139,-7.435116,134.892609,18.841116,0.004594,0.987413,0.024789,0.156144,-5.070356,149.409912,20.275005,-0.105226,0.76077,0.133594,0.626346,-10.451714,129.204254,16.560438,-0.745675,0.06228,0.504017,-0.431343,-13.7313,129.32724,-0.091155,-0.654648,-0.576163,0.182801,0.453935,-2.957555,117.585266,-15.621469,0.214831,0.279799,-0.640278,-0.682352,5.216822,145.526459,-7.006897,-0.100234,0.923239,0.021221,0.370313,-5.129202,129.502991,21.842588,0.43619,0.895446,0.088782,-0.00565,6.846907,132.377411,33.519787,-0.162058,0.425912,0.517246,-0.724426,20.62991,115.017387,31.571218,0.002839,0.218396,0.660941,-0.71795,18.113274,136.886459,20.495817,0.050814,0.927443,0.140116,0.342981,-5.27627,86.173309,8.372216,0.101435,0.97032,-0.007998,0.219376,-5.208928,51.565647,-2.302851,-0.034005,0.942288,0.046274,0.329843,-14.689342,5.228162,-3.674244,-0.093408,0.897594,-0.10291,0.418341,7.812068,87.075485,21.993835,-0.008696,0.908494,-0.144412,0.392058,10.766742,52.257847,31.515062,-0.019698,0.893615,0.014706,0.44816,6.156363,6.921345,44.253464,-0.034005,0.942288,0.046274,0.329843,-5.335429,0.677417,-15.109337,-0.019698,0.893615,0.014706,0.44816,17.806496,1.405571,35.720181
339,2.825,-0.031094,0.919725,0.012031,0.391146,1.270322,86.625061,15.184018,-0.126074,0.906373,0.153969,0.372675,0.75385,94.361786,15.167004,-0.023575,0.924474,0.004302,0.380491,-6.444615,113.669601,19.049021,0.071641,0.953056,0.085485,0.281504,-7.440367,134.893219,18.836842,0.005267,0.987312,0.025049,0.156713,-5.106361,149.417297,20.252432,-0.10525,0.760698,0.133589,0.626431,-10.454817,129.202896,16.558239,-0.745732,0.062344,0.503971,-0.431289,-13.730629,129.32579,-0.094104,-0.654604,-0.576207,0.182816,0.453936,-2.955174,117.583618,-15.623088,0.214859,0.27982,-0.640354,-0.682264,5.21577,145.525467,-7.007394,-0.100233,0.92322,0.021314,0.370358,-5.131468,129.505463,21.839331,0.436143,0.895468,0.088809,-0.005501,6.843547,132.378571,33.517979,-0.161995,0.425927,0.517219,-0.724451,20.628447,115.01944,31.574974,0.002917,0.218298,0.660918,-0.718001,18.111118,136.886078,20.497169,0.0509,0.927497,0.140047,0.342848,-5.273981,86.17321,8.373385,0.101362,0.970578,-0.00775,0.218277,-5.215656,51.5648,-2.299298,-0.034128,0.942265,0.046345,0.329885,-14.685896,5.225548,-3.681209,-0.093423,0.897518,-0.102878,0.418509,7.814626,87.076912,21.99465,-0.008741,0.908724,-0.144505,0.391487,10.76943,52.25901,31.514853,-0.019617,0.893817,0.014636,0.447763,6.16744,6.925139,44.265671,-0.034128,0.942265,0.046345,0.329885,-5.329607,0.678019,-15.115638,-0.019617,0.893817,0.014636,0.447763,17.80884,1.406363,35.722412
340,2.833333,-0.03108,0.919738,0.012044,0.391115,1.270564,86.623482,15.185431,-0.126071,0.906385,0.153823,0.372708,0.75421,94.360207,15.168712,-0.023621,0.924459,0.004393,0.380523,-6.442554,113.671043,19.045347,0.071725,0.953004,0.085478,0.28166,-7.441563,134.894531,18.835962,0.005073,0.987273,0.02495,0.156987,-5.105122,149.418121,20.25259,-0.10528,0.760725,0.133543,0.626403,-10.454984,129.204056,16.556391,-0.745758,0.062379,0.503938,-0.431278,-13.731782,129.324966,-0.095767,-0.654619,-0.576243,0.182786,0.45388,-2.955055,117.582443,-15.623586,0.215022,0.27984,-0.640394,-0.682167,5.214025,145.524796,-7.007835,-0.100144,0.923212,0.021362,0.370397,-5.132034,129.506714,21.837879,0.4361,0.895491,0.088788,-0.005495,6.842584,132.376389,33.517773,-0.161928,0.42585,0.517196,-0.724526,20.629141,115.018478,31.575605,0.002996,0.218208,0.661019,-0.717935,18.107342,136.885147,20.496622,0.050828,0.927545,0.140138,0.342694,-5.274218,86.171967,8.375239,0.101464,0.970338,-0.008063,0.219283,-5.210557,51.564873,-2.301668,-0.034009,0.942275,0.04631,0.329874,-14.695009,5.228028,-3.666812,-0.093421,0.897544,-0.102882,0.418453,7.815345,87.075005,21.995623,-0.008718,0.908765,-0.144484,0.3914,10.770496,52.257122,31.515793,-0.019592,0.8938,0.014685,0.447797,6.168552,6.922621,44.2644,-0.034009,0.942275,0.04631,0.329874,-5.340256,0.678321,-15.101624,-0.019592,0.8938,0.014685,0.447797,17.810583,1.4048,35.72139
341,2.841667,-0.031075,0.919743,0.01197,0.391107,1.269262,86.623047,15.186581,-0.126083,0.906387,0.153798,0.372708,0.753434,94.359802,15.168834,-0.023663,0.924452,0.004341,0.380538,-6.442715,113.668915,19.04394,0.071729,0.952943,0.085595,0.281831,-7.442531,134.892349,18.831795,0.004935,0.987226,0.024837,0.157301,-5.106913,149.415695,20.25234,-0.105245,0.760702,0.133542,0.626437,-10.455648,129.201462,16.552845,-0.745714,0.062432,0.503834,-0.431468,-13.731255,129.323517,-0.099537,-0.654644,-0.576329,0.182788,0.453735,-2.950141,117.577087,-15.621365,0.214972,0.27988,-0.640438,-0.682124,5.212893,145.522171,-7.008641,-0.100211,0.923166,0.021363,0.370495,-5.132905,129.50502,21.834486,0.436121,0.895493,0.088661,-0.005476,6.838788,132.376556,33.516914,-0.161857,0.425899,0.517199,-0.724512,20.624525,115.017654,31.577858,0.003075,0.218098,0.661085,-0.717907,18.104937,136.88295,20.495617,0.050895,0.927586,0.140041,0.342612,-5.275639,86.171059,8.376538,0.101048,0.97083,-0.007617,0.217304,-5.219862,51.562492,-2.295642,-0.034092,0.942554,0.046554,0.329032,-14.660141,5.217022,-3.673809,-0.093419,0.897476,-0.10283,0.418611,7.814163,87.075035,21.996624,-0.008748,0.908705,-0.144469,0.391544,10.769159,52.256363,31.513929,-0.01965,0.893801,0.014693,0.447791,6.168331,6.921509,44.261646,-0.034092,0.942554,0.046554,0.329032,-5.324034,0.674522,-15.126711,-0.01965,0.893801,0.014693,0.447791,17.810884,1.404651,35.718735
342,2.85,-0.031027,0.919747,0.011896,0.391102,1.268703,86.621765,15.188448,-0.12622,0.906333,0.153684,0.372842,0.753995,94.358597,15.169946,-0.023521,0.924395,0.004449,0.380686,-6.446565,113.668846,19.037748,0.071658,0.952856,0.085636,0.282128,-7.44253,134.892517,18.832012,0.004735,0.987157,0.024644,0.157772,-5.109193,149.416061,20.254198,-0.105269,0.760695,0.133466,0.626457,-10.455957,129.202896,16.550329,-0.745658,0.062422,0.503796,-0.43161,-13.730529,129.322815,-0.10227,-0.65467,-0.576418,0.182745,0.453601,-2.947666,117.574394,-15.621374,0.215099,0.279935,-0.640494,-0.682009,5.210108,145.521255,-7.009496,-0.100175,0.923157,0.021291,0.37053,-5.134795,129.503815,21.833714,0.436129,0.895499,0.088553,-0.005513,6.836264,132.375076,33.516861,-0.161987,0.426045,0.517076,-0.724485,20.621672,115.015839,31.578419,0.002822,0.218422,0.660902,-0.717978,18.101866,136.880798,20.493425,0.05093,0.927608,0.140053,0.342541,-5.276321,86.170052,8.378505,0.100962,0.97087,-0.007561,0.217166,-5.223377,51.561974,-2.295285,-0.03393,0.942601,0.046595,0.32891,-14.654955,5.214787,-3.675479,-0.093428,0.897478,-0.102804,0.418612,7.813726,87.073471,21.99839,-0.008719,0.908713,-0.144443,0.391537,10.770091,52.254532,31.51432,-0.01955,0.893749,0.014729,0.4479,6.167825,6.918913,44.258804,-0.03393,0.942601,0.046595,0.32891,-5.323263,0.671726,-15.131757,-0.01955,0.893749,0.014729,0.4479,17.811588,1.401707,35.717762
343,2.858333,-0.031042,0.919752,0.011911,0.391089,1.270164,86.621925,15.188437,-0.126265,0.906329,0.153595,0.372871,0.755152,94.358734,15.170063,-0.023525,0.924382,0.004505,0.380715,-6.44586,113.669525,19.033585,0.071681,0.952768,0.085719,0.282395,-7.442872,134.893173,18.829927,0.004475,0.987081,0.024485,0.15828,-5.109537,149.416367,20.255602,-0.105263,0.760701,0.133489,0.626446,-10.455875,129.203629,16.547487,-0.745659,0.062492,0.503722,-0.431686,-13.730961,129.324127,-0.105007,-0.65469,-0.576458,0.182743,0.453522,-2.945151,117.57312,-15.620099,0.215091,0.279934,-0.640491,-0.682014,5.209856,145.521362,-7.010032,-0.100161,0.923142,0.021255,0.370573,-5.13505,129.504272,21.831224,0.436173,0.895481,0.088532,-0.005429,6.835029,132.375443,33.515396,-0.162004,0.426102,0.517136,-0.724405,20.618774,115.014496,31.58054,0.002986,0.21835,0.660866,-0.718032,18.104418,136.880157,20.496189,0.050897,0.927581,0.140072,0.342611,-5.275034,86.170067,8.378673,0.101279,0.970636,-0.007641,0.218059,-5.21857,51.56213,-2.295552,-0.033953,0.942318,0.046415,0.329742,-14.679335,5.221131,-3.683645,-0.093421,0.897445,-0.102786,0.418688,7.815362,87.073792,21.998203,-0.008655,0.908534,-0.144418,0.391963,10.771025,52.254478,31.512991,-0.019798,0.893596,0.014676,0.448195,6.158223,6.918067,44.250847,-0.033953,0.942318,0.046415,0.329742,-5.327992,0.67371,-15.122154,-0.019798,0.893596,0.014676,0.448195,17.809916,1.402874,35.719322
344,2.866667,-0.031035,0.91977,0.011878,0.391048,1.270598,86.623093,15.189398,-0.126392,0.906316,0.153498,0.372901,0.7559,94.359932,15.170611,-0.02343,0.92437,0.004528,0.38075,-6.449219,113.672493,19.028564,0.071462,0.952732,0.085814,0.282542,-7.442854,134.896332,18.827341,0.004543,0.987032,0.024427,0.158587,-5.116412,149.420486,20.254438,-0.105356,0.76065,0.133323,0.626527,-10.456596,129.207535,16.544012,-0.745592,0.062455,0.503684,-0.431851,-13.727558,129.322647,-0.109337,-0.654671,-0.576575,0.18273,0.453407,-2.939839,117.570099,-15.621948,0.215065,0.280074,-0.640507,-0.68195,5.207267,145.520645,-7.011933,-0.100034,0.923144,0.021133,0.37061,-5.136103,129.506714,21.828171,0.436139,0.895489,0.088629,-0.005267,6.833906,132.375443,33.513023,-0.162062,0.426177,0.517094,-0.724378,20.61907,115.015091,31.582876,0.002948,0.218505,0.660818,-0.718029,18.105747,136.880173,20.497662,0.050807,0.927608,0.140127,0.34253,-5.275219,86.171097,8.380234,0.101386,0.970651,-0.007719,0.21794,-5.21228,51.563622,-2.295458,-0.034001,0.942303,0.046256,0.329802,-14.684478,5.224767,-3.677413,-0.09344,0.897401,-0.102795,0.418776,7.816415,87.075096,21.99856,-0.008624,0.90857,-0.144404,0.391885,10.772088,52.256184,31.514803,-0.019632,0.893567,0.014661,0.44826,6.15822,6.919354,44.250782,-0.034001,0.942303,0.046256,0.329802,-5.331638,0.673445,-15.113152,-0.019632,0.893567,0.014661,0.44826,17.809364,1.401593,35.720169
345,2.875,-0.031026,0.919775,0.011876,0.391037,1.271537,86.623108,15.189637,-0.126444,0.906324,0.1534,0.372905,0.756971,94.359947,15.17089,-0.023456,0.92437,0.004591,0.380747,-6.449635,113.675896,19.024879,0.071522,0.952645,0.085997,0.282765,-7.445314,134.899643,18.825695,0.004361,0.986969,0.0242,0.159022,-5.118676,149.423141,20.259247,-0.105519,0.760587,0.133278,0.626586,-10.458528,129.21077,16.541847,-0.745585,0.062396,0.50369,-0.431864,-13.725805,129.321213,-0.112252,-0.6546,-0.576639,0.182733,0.453426,-2.938044,117.570236,-15.626004,0.215017,0.280094,-0.640448,-0.682013,5.204488,145.521133,-7.012859,-0.100032,0.923149,0.021196,0.370595,-5.138018,129.509979,21.825987,0.436161,0.895482,0.088595,-0.005161,6.832379,132.377869,33.510643,-0.162107,0.426296,0.517067,-0.724317,20.616724,115.016327,31.585279,0.002911,0.218632,0.660842,-0.717969,18.107025,136.881073,20.497953,0.050902,0.927577,0.14006,0.342626,-5.274458,86.171249,8.380636,0.101018,0.970795,-0.00761,0.217475,-5.218492,51.563107,-2.292951,-0.03416,0.942566,0.046503,0.328999,-14.655657,5.217046,-3.672811,-0.093437,0.897505,-0.10288,0.418534,7.817532,87.074974,21.998638,-0.008598,0.908608,-0.144395,0.391801,10.772914,52.257286,31.519436,-0.019668,0.893584,0.014642,0.448226,6.158385,6.920171,44.254158,-0.03416,0.942566,0.046503,0.328999,-5.319785,0.673812,-15.125614,-0.019668,0.893584,0.014642,0.448226,17.809149,1.402388,35.723042
346,2.883333,-0.030929,0.919793,0.011825,0.391004,1.268518,86.625603,15.190639,-0.12637,0.906364,0.153296,0.372874,0.755646,94.362549,15.171769,-0.023581,0.924383,0.004653,0.380708,-6.445263,113.677216,19.022697,0.071489,0.95263,0.085875,0.282861,-7.446845,134.900696,18.823967,0.004348,0.986926,0.024241,0.159283,-5.120122,149.4245,20.254108,-0.105525,0.760618,0.133221,0.62656,-10.45867,129.211029,16.54027,-0.745609,0.06231,0.503666,-0.431864,-13.727027,129.319901,-0.113627,-0.65453,-0.576682,0.182782,0.453452,-2.937686,117.572174,-15.628756,0.21496,0.280103,-0.640428,-0.682046,5.20077,145.524017,-7.014726,-0.100086,0.923148,0.021169,0.370584,-5.137806,129.511612,21.823975,0.436223,0.895452,0.0886,-0.005047,6.832501,132.381516,33.508221,-0.162079,0.426387,0.517066,-0.72427,20.614506,115.017662,31.587055,0.002888,0.218775,0.660791,-0.717973,18.108644,136.880753,20.49703,0.050773,0.927565,0.140118,0.342655,-5.278078,86.175034,8.38213,0.10136,0.970638,-0.007702,0.21801,-5.21165,51.567123,-2.292124,-0.034053,0.942351,0.046191,0.32967,-14.681092,5.227762,-3.675816,-0.093428,0.897489,-0.102849,0.418576,7.815115,87.076172,21.999147,-0.008739,0.908705,-0.144417,0.391565,10.770425,52.257885,31.517809,-0.019403,0.89375,0.014786,0.447903,6.17044,6.921592,44.26075,-0.034053,0.942351,0.046191,0.32967,-5.331071,0.675106,-15.113328,-0.019403,0.89375,0.014786,0.447903,17.813015,1.403916,35.718388
347,2.891667,-0.030963,0.91979,0.011784,0.391009,1.269752,86.62484,15.1916,-0.126175,0.906445,0.153288,0.372747,0.756638,94.361771,15.171931,-0.023897,0.924427,0.00452,0.380584,-6.436335,113.678535,19.0268,0.071434,0.952586,0.086091,0.28296,-7.448217,134.901428,18.817858,0.004319,0.986879,0.02416,0.159588,-5.124797,149.425186,20.254036,-0.105535,0.76066,0.133248,0.626501,-10.457874,129.209183,16.537733,-0.745598,0.062205,0.503654,-0.431912,-13.728682,129.317932,-0.115687,-0.654462,-0.57671,0.182842,0.453491,-2.938233,117.572845,-15.632052,0.214782,0.28011,-0.640437,-0.682091,5.196939,145.525497,-7.017563,-0.100106,0.92312,0.021154,0.370649,-5.135814,129.514938,21.819935,0.436284,0.895436,0.088453,-0.005048,6.832726,132.385544,33.505821,-0.162001,0.426442,0.516988,-0.724311,20.612333,115.019501,31.587219,0.00279,0.219063,0.660942,-0.717746,18.104706,136.880402,20.491386,0.050862,0.927556,0.140089,0.342679,-5.27672,86.17337,8.383031,0.101252,0.970655,-0.007603,0.217987,-5.216738,51.565517,-2.291448,-0.034043,0.942387,0.04629,0.329554,-14.674333,5.223936,-3.681822,-0.093364,0.897542,-0.102853,0.418476,7.816224,87.076309,22.000168,-0.00876,0.908665,-0.144414,0.391658,10.768375,52.257229,31.51689,-0.01956,0.893771,0.01474,0.447855,6.169032,6.920886,44.259876,-0.034043,0.942387,0.04629,0.329554,-5.326931,0.673855,-15.122494,-0.01956,0.893771,0.01474,0.447855,17.812088,1.404048,35.717628
348,2.9,-0.030868,0.919798,0.011667,0.391002,1.267425,86.625168,15.192029,-0.12613,0.906487,0.153218,0.372689,0.756376,94.362236,15.171276,-0.02397,0.924457,0.004533,0.380504,-6.433308,113.679489,19.024593,0.071324,0.952552,0.086109,0.283095,-7.448296,134.902237,18.815071,0.004244,0.986817,0.024143,0.159972,-5.128111,149.426514,20.251333,-0.105604,0.760663,0.133292,0.626477,-10.457518,129.209473,16.535658,-0.745598,0.062152,0.503684,-0.431882,-13.72886,129.317245,-0.117669,-0.654372,-0.576719,0.182899,0.453586,-2.939485,117.574013,-15.636187,0.214615,0.280093,-0.640536,-0.682058,5.193765,145.526505,-7.019329,-0.100132,0.923093,0.021106,0.370712,-5.134602,129.51619,21.816944,0.436301,0.895443,0.088309,-0.005025,6.832178,132.388092,33.504326,-0.16189,0.426513,0.516944,-0.724326,20.611139,115.021133,31.589386,0.002875,0.219146,0.660965,-0.717699,18.104321,136.878052,20.488045,0.050751,0.927578,0.140155,0.342608,-5.279267,86.174484,8.383616,0.101346,0.970683,-0.00765,0.21782,-5.210998,51.567154,-2.2925,-0.033921,0.942387,0.046121,0.329588,-14.678308,5.227437,-3.678801,-0.09335,0.89754,-0.102842,0.418487,7.814117,87.075851,22.000441,-0.008716,0.908456,-0.144339,0.392171,10.765592,52.256424,31.51609,-0.019638,0.89356,0.014689,0.448274,6.158041,6.917963,44.248573,-0.033921,0.942387,0.046121,0.329588,-5.331732,0.671444,-15.117802,-0.019638,0.89356,0.014689,0.448274,17.809633,1.400996,35.718048
349,2.908333,-0.030824,0.919783,0.011595,0.391044,1.267089,86.625259,15.19247,-0.126142,0.906471,0.153165,0.372746,0.757098,94.362396,15.170934,-0.023936,0.92444,0.004634,0.380547,-6.431817,113.678452,19.021259,0.071163,0.952534,0.085976,0.283235,-7.447096,134.90123,18.81621,0.004197,0.986771,0.024114,0.160262,-5.130286,149.426483,20.247887,-0.1056,0.760678,0.133409,0.626435,-10.456038,129.208908,16.535315,-0.745567,0.062114,0.503791,-0.431818,-13.729189,129.319031,-0.117633,-0.654294,-0.576645,0.183008,0.453749,-2.944382,117.576561,-15.639882,0.214377,0.280001,-0.640562,-0.682146,5.191637,145.528168,-7.022856,-0.100289,0.923104,0.021024,0.370647,-5.133583,129.514557,21.817127,0.436422,0.89541,0.088042,-0.005119,6.833768,132.392471,33.502438,-0.161807,0.426575,0.516976,-0.724285,20.608,115.02166,31.588459,0.003038,0.219162,0.661005,-0.717657,18.10537,136.87793,20.483631,0.050823,0.9275,0.140104,0.342829,-5.279036,86.17482,8.383499,0.101303,0.970672,-0.007634,0.217888,-5.21435,51.566994,-2.291047,-0.033958,0.942372,0.046039,0.329639,-14.677389,5.226433,-3.678615,-0.093343,0.897529,-0.102806,0.418521,7.813214,87.075699,22.00144,-0.008708,0.908504,-0.144349,0.392057,10.764957,52.255619,31.51465,-0.019699,0.893576,0.01458,0.448242,6.158016,6.917408,44.248241,-0.033958,0.942372,0.046039,0.329639,-5.329457,0.668562,-15.115754,-0.019699,0.893576,0.01458,0.448242,17.809114,1.398433,35.718349
350,2.916667,-0.030836,0.919754,0.011605,0.39111,1.268553,86.626808,15.192507,-0.125953,0.906538,0.153065,0.372688,0.758337,94.36393,15.171,-0.024227,0.924467,0.004636,0.380463,-6.421631,113.682709,19.021128,0.071245,0.952478,0.086193,0.283337,-7.448362,134.904892,18.811562,0.004104,0.986733,0.023973,0.160519,-5.131044,149.429352,20.250422,-0.105679,0.760722,0.13343,0.626363,-10.454636,129.210449,16.532446,-0.745567,0.062078,0.503816,-0.431793,-13.730283,129.318512,-0.12003,-0.654164,-0.576603,0.183196,0.453914,-2.946408,117.577271,-15.643872,0.214027,0.279815,-0.640628,-0.68227,5.188351,145.529694,-7.028261,-0.100238,0.923084,0.02107,0.370709,-5.131432,129.520126,21.813269,0.436434,0.895426,0.08782,-0.005143,6.8347,132.395752,33.500397,-0.161761,0.426638,0.516936,-0.724287,20.608479,115.0242,31.589729,0.003278,0.219219,0.660941,-0.717698,18.106483,136.878784,20.481056,0.050807,0.927504,0.140049,0.342842,-5.27658,86.17627,8.382586,0.101356,0.970677,-0.007608,0.217844,-5.212045,51.567207,-2.287941,-0.033853,0.94233,0.046018,0.329774,-14.679438,5.227632,-3.67858,-0.093321,0.897522,-0.102795,0.418543,7.813684,87.077347,22.002428,-0.008825,0.908623,-0.144363,0.391773,10.764119,52.256817,31.514359,-0.019574,0.89372,0.014583,0.447962,6.170686,6.919196,44.254917,-0.033853,0.94233,0.046018,0.329774,-5.329365,0.668177,-15.113345,-0.019574,0.89372,0.014583,0.447962,17.815176,1.398556,35.717083
351,2.925,-0.030814,0.919745,0.011569,0.391134,1.268316,86.627731,15.192333,-0.125929,0.906543,0.152914,0.372745,0.75864,94.364891,15.17044,-0.024238,0.924451,0.004761,0.380499,-6.41885,113.686943,19.015154,0.071031,0.95246,0.086176,0.283457,-7.448042,134.909042,18.810282,0.004151,0.986691,0.023934,0.16078,-5.13657,149.434616,20.247332,-0.105777,0.760773,0.133365,0.626299,-10.453485,129.214767,16.529665,-0.745537,0.062067,0.503817,-0.431846,-13.731141,129.318436,-0.122438,-0.654099,-0.576572,0.183354,0.453984,-2.947262,117.576447,-15.645702,0.213659,0.27982,-0.640656,-0.682357,5.18617,145.530457,-7.034008,-0.100272,0.923089,0.021111,0.370684,-5.130704,129.52388,21.810949,0.436121,0.895562,0.087998,-0.004841,6.835826,132.400101,33.497517,-0.161485,0.426591,0.516713,-0.724535,20.621855,115.037216,31.596638,0.003273,0.219244,0.661202,-0.717449,18.106726,136.882202,20.476536,0.050792,0.927452,0.140016,0.342999,-5.276495,86.17733,8.382097,0.101393,0.970646,-0.007636,0.217964,-5.209987,51.567482,-2.285881,-0.033909,0.942335,0.046008,0.329755,-14.681074,5.228642,-3.675851,-0.093326,0.897467,-0.102791,0.418662,7.813128,87.078133,22.002569,-0.008878,0.908508,-0.144338,0.392048,10.762792,52.257614,31.514791,-0.019549,0.89371,0.014584,0.447982,6.170978,6.919411,44.253857,-0.033909,0.942335,0.046008,0.329755,-5.330922,0.669471,-15.11066,-0.019549,0.89371,0.014584,0.447982,17.815613,1.398481,35.716404
352,2.933333,-0.030821,0.919714,0.011577,0.391205,1.268918,86.629753,15.192476,-0.125851,0.906557,0.152814,0.37278,0.759088,94.366898,15.170609,-0.024333,0.924444,0.004838,0.38051,-6.413333,113.688828,19.012199,0.070925,0.952439,0.086144,0.283565,-7.447509,134.910706,18.808781,0.004122,0.986654,0.023892,0.161014,-5.138708,149.436844,20.244442,-0.105742,0.760791,0.133379,0.626279,-10.451561,129.215866,16.527704,-0.745495,0.062004,0.50391,-0.431819,-13.730296,129.320587,-0.124182,-0.654001,-0.576532,0.183519,0.454109,-2.950221,117.579628,-15.650867,0.213483,0.279747,-0.640773,-0.682332,5.182351,145.534592,-7.041437,-0.100358,0.923087,0.021097,0.370666,-5.128972,129.525879,21.809124,0.436102,0.895586,0.087854,-0.004834,6.837417,132.404984,33.495129,-0.161539,0.426682,0.516633,-0.724526,20.624205,115.042351,31.597393,0.003308,0.21936,0.661074,-0.717532,18.108759,136.886642,20.474642,0.050835,0.927448,0.139981,0.343019,-5.274823,86.179314,8.381215,0.101333,0.970673,-0.007596,0.217872,-5.211871,51.56908,-2.285539,-0.033934,0.942378,0.04605,0.329623,-14.676842,5.229041,-3.677109,-0.093318,0.897506,-0.102826,0.418571,7.812659,87.0802,22.003736,-0.008837,0.908624,-0.144337,0.39178,10.761674,52.260101,31.517687,-0.019502,0.893749,0.014612,0.447906,6.170105,6.921786,44.256435,-0.033934,0.942378,0.04605,0.329623,-5.329489,0.671216,-15.114739,-0.019502,0.893749,0.014612,0.447906,17.812939,1.400931,35.716484
353,2.941667,-0.030801,0.91971,0.011601,0.391216,1.268385,86.630333,15.190638,-0.125761,0.906564,0.152711,0.372833,0.758694,94.367485,15.169234,-0.024363,0.924427,0.004965,0.380548,-6.409121,113.69178,19.008076,0.070568,0.952443,0.086068,0.283662,-7.446519,134.913544,18.809145,0.004198,0.986616,0.02387,0.161253,-5.147088,149.44162,20.240086,-0.105714,0.760837,0.133372,0.62623,-10.449524,129.21875,16.526604,-0.745435,0.062254,0.503922,-0.431872,-13.730582,129.323654,-0.124826,-0.653985,-0.576485,0.183839,0.454062,-2.952426,117.573151,-15.645626,0.213499,0.27954,-0.640789,-0.682396,5.176244,145.533997,-7.051632,-0.100395,0.923078,0.021174,0.370673,-5.127397,129.528427,21.808512,0.436024,0.895616,0.08793,-0.004822,6.838564,132.407669,33.494919,-0.161485,0.42669,0.516585,-0.724567,20.628395,115.047516,31.596497,0.003296,0.219408,0.660914,-0.717664,18.11096,136.889404,20.471218,0.050802,0.927465,0.139977,0.34298,-5.275228,86.180428,8.379215,0.101371,0.970652,-0.007632,0.217946,-5.210582,51.569862,-2.286459,-0.033819,0.942362,0.046057,0.329681,-14.679672,5.230603,-3.676188,-0.093338,0.897479,-0.10286,0.418615,7.811998,87.080238,22.00206,-0.008844,0.908592,-0.144316,0.391861,10.760745,52.26091,31.518921,-0.019478,0.893703,0.014689,0.447996,6.169429,6.922028,44.255741,-0.033819,0.942362,0.046057,0.329681,-5.332053,0.671854,-15.113237,-0.019478,0.893703,0.014689,0.447996,17.814091,1.402877,35.717175
354,2.95,-0.030759,0.919698,0.011478,0.391251,1.267296,86.630943,15.191174,-0.125748,0.906599,0.152634,0.372786,0.758949,94.368179,15.168248,-0.024409,0.924459,0.005003,0.380467,-6.406979,113.693466,19.004845,0.070571,0.95242,0.086145,0.283718,-7.446803,134.915115,18.806721,0.004112,0.986587,0.023761,0.161446,-5.147925,149.443054,20.240044,-0.105771,0.76079,0.133397,0.626272,-10.449568,129.220047,16.524544,-0.74534,0.061928,0.504084,-0.431894,-13.72841,129.324371,-0.127323,-0.653916,-0.576467,0.183858,0.454177,-2.955742,117.581345,-15.657581,0.213501,0.279505,-0.640906,-0.6823,5.173788,145.540863,-7.060077,-0.100422,0.923071,0.021166,0.370685,-5.126546,129.530167,21.805521,0.436011,0.895632,0.087825,-0.004847,6.83894,132.410324,33.492184,-0.161569,0.426768,0.516526,-0.724545,20.62923,115.050438,31.594837,0.003255,0.219488,0.660816,-0.71773,18.112007,136.892761,20.468582,0.050727,0.927449,0.139967,0.343036,-5.275846,86.180862,8.379314,0.101451,0.970658,-0.007586,0.217886,-5.205846,51.569546,-2.283858,-0.033937,0.942331,0.045987,0.329767,-14.681315,5.231756,-3.67886,-0.093304,0.897496,-0.102852,0.418589,7.810437,87.081017,22.003035,-0.008865,0.908617,-0.144306,0.391807,10.757571,52.261116,31.518305,-0.019449,0.893722,0.014617,0.447962,6.169245,6.921995,44.255375,-0.033937,0.942331,0.045987,0.329767,-5.330666,0.672279,-15.113137,-0.019449,0.893722,0.014617,0.447962,17.812603,1.400583,35.716503
355,2.958333,-0.030728,0.91969,0.011427,0.391275,1.266806,86.629814,15.190869,-0.125687,0.906595,0.152534,0.372855,0.759207,94.367096,15.167396,-0.024424,0.924431,0.005065,0.380534,-6.404253,113.696877,19.001263,0.070558,0.952383,0.086136,0.283847,-7.445666,134.918457,18.805279,0.004009,0.986557,0.023683,0.161644,-5.147043,149.446442,20.238689,-0.105856,0.760805,0.133375,0.626243,-10.447672,129.223419,16.522058,-0.745133,0.061734,0.504133,-0.432222,-13.727115,129.324875,-0.129704,-0.653955,-0.576502,0.183957,0.454035,-2.955545,117.580544,-15.65974,0.213766,0.279207,-0.641321,-0.68195,5.169305,145.543991,-7.070568,-0.100447,0.923085,0.02122,0.370641,-5.125426,129.533371,21.803827,0.43616,0.895578,0.087634,-0.004995,6.840991,132.413712,33.489494,-0.161652,0.426788,0.51658,-0.724476,20.625431,115.049469,31.589376,0.003286,0.219498,0.660672,-0.717859,18.111633,136.895157,20.465759,0.050775,0.927406,0.139974,0.343144,-5.276007,86.179909,8.378684,0.101397,0.97068,-0.007585,0.217813,-5.207784,51.569099,-2.286126,-0.0339,0.942345,0.046026,0.329726,-14.678481,5.230284,-3.679395,-0.093279,0.897484,-0.102852,0.418621,7.809619,87.079712,22.003056,-0.008886,0.908582,-0.144273,0.3919,10.754784,52.259468,31.517673,-0.019633,0.893677,0.014557,0.448045,6.168185,6.919488,44.252281,-0.0339,0.942345,0.046026,0.329726,-5.329074,0.671505,-15.114966,-0.019633,0.893677,0.014557,0.448045,17.814754,1.398995,35.717194
356,2.966667,-0.030711,0.919689,0.011365,0.391281,1.265338,86.628853,15.190474,-0.125619,0.906618,0.152474,0.372847,0.758364,94.36618,15.166217,-0.024489,0.924435,0.005054,0.38052,-6.401175,113.696243,18.998831,0.070425,0.952355,0.08628,0.28393,-7.444941,134.917694,18.80139,0.003943,0.986528,0.023588,0.161836,-5.151234,149.446136,20.238089,-0.105854,0.760808,0.133393,0.626236,-10.446379,129.222168,16.51865,-0.745145,0.06173,0.504127,-0.432209,-13.726133,129.324036,-0.133052,-0.653893,-0.576521,0.184153,0.454022,-2.954302,117.580208,-15.663295,0.213924,0.279088,-0.641346,-0.681925,5.164844,145.547485,-7.081205,-0.100507,0.92309,0.021213,0.370612,-5.124022,129.533081,21.800253,0.43604,0.895657,0.087426,-0.005015,6.84271,132.415421,33.485104,-0.161818,0.426875,0.516411,-0.724509,20.631826,115.054489,31.588676,0.003245,0.219521,0.660533,-0.71798,18.113224,136.897797,20.464846,0.050807,0.927415,0.139969,0.343116,-5.277415,86.178795,8.378239,0.101297,0.970718,-0.007545,0.217689,-5.211734,51.568108,-2.287009,-0.03388,0.942389,0.046078,0.329593,-14.672693,5.227318,-3.680725,-0.093278,0.897483,-0.102846,0.418623,7.808092,87.078911,22.002708,-0.008925,0.908537,-0.144261,0.392007,10.753401,52.258564,31.516901,-0.01936,0.893673,0.014594,0.448064,6.169093,6.918308,44.251381,-0.03388,0.942389,0.046078,0.329593,-5.32652,0.669727,-15.119412,-0.01936,0.893673,0.014594,0.448064,17.813379,1.395173,35.71489
357,2.975,-0.030841,0.919687,0.011484,0.391271,1.269646,86.627007,15.189043,-0.125423,0.90662,0.152312,0.372975,0.760096,94.364166,15.165703,-0.024623,0.924368,0.005188,0.380671,-6.39017,113.698074,18.994499,0.070317,0.952313,0.086327,0.284083,-7.441338,134.919189,18.799953,0.003804,0.986503,0.023494,0.162006,-5.151034,149.448044,20.237658,-0.105716,0.760982,0.13343,0.626041,-10.440033,129.222946,16.515373,-0.744964,0.06163,0.504188,-0.432464,-13.729101,129.327667,-0.134473,-0.654042,-0.576489,0.184163,0.453844,-2.959425,117.580772,-15.663883,0.21394,0.279289,-0.641116,-0.682054,5.161736,145.550262,-7.09094,-0.100562,0.923071,0.021282,0.370641,-5.119495,129.534943,21.798746,0.435832,0.895746,0.087549,-0.004956,6.846136,132.418045,33.484539,-0.161801,0.426779,0.516265,-0.724673,20.643343,115.063461,31.588861,0.003211,0.219498,0.660374,-0.718134,18.113495,136.902954,20.464247,0.050803,0.927435,0.139985,0.343056,-5.273096,86.175568,8.376886,0.101413,0.970649,-0.00765,0.217938,-5.207471,51.565178,-2.289317,-0.033955,0.942318,0.046053,0.329792,-14.680761,5.226755,-3.678162,-0.093232,0.897503,-0.102932,0.418571,7.812387,87.078445,22.001198,-0.008915,0.908609,-0.144241,0.391849,10.752601,52.258766,31.519407,-0.019568,0.8937,0.014586,0.448,6.170405,6.917963,44.252686,-0.033955,0.942318,0.046053,0.329792,-5.329151,0.669306,-15.112463,-0.019568,0.8937,0.014586,0.448,17.815584,1.397331,35.715782
358,2.983333,-0.030852,0.91969,0.011538,0.391262,1.270372,86.627739,15.187844,-0.125309,0.90664,0.152198,0.37301,0.760343,94.364868,15.165207,-0.024774,0.924349,0.005311,0.380706,-6.383876,113.700714,18.991249,0.070194,0.952305,0.086266,0.284158,-7.442942,134.921448,18.79908,0.003831,0.986479,0.023487,0.162154,-5.155562,149.451035,20.234289,-0.105755,0.760925,0.133504,0.626088,-10.439342,129.224365,16.513618,-0.744904,0.061582,0.504248,-0.432504,-13.726107,129.330063,-0.136676,-0.654002,-0.576505,0.184294,0.453827,-2.958878,117.582855,-15.667547,0.214077,0.279214,-0.641146,-0.682014,5.158228,145.555023,-7.099516,-0.100485,0.9231,0.021286,0.37059,-5.119317,129.53772,21.797424,0.435641,0.895844,0.087498,-0.004976,6.84813,132.418518,33.481926,-0.161914,0.426759,0.516105,-0.724773,20.652725,115.069702,31.587162,0.003163,0.219449,0.66026,-0.718254,18.113802,136.908798,20.46246,0.050849,0.927424,0.139972,0.343084,-5.272492,86.176506,8.375793,0.101334,0.97067,-0.007662,0.217884,-5.209939,51.566177,-2.290656,-0.033886,0.942351,0.046171,0.329689,-14.676372,5.226257,-3.676309,-0.093262,0.897434,-0.102922,0.418714,7.813235,87.078979,21.999895,-0.008931,0.908495,-0.144264,0.392103,10.754195,52.259541,31.518782,-0.019718,0.893708,0.014516,0.447981,6.168951,6.91939,44.253288,-0.033886,0.942351,0.046171,0.329689,-5.327606,0.671349,-15.11395,-0.019718,0.893708,0.014516,0.447981,17.81496,1.398922,35.717415
359,2.991667,-0.030865,0.919694,0.011572,0.391251,1.272055,86.629532,15.187518,-0.125249,0.90665,0.152099,0.373047,0.761625,94.366631,15.165298,-0.024816,0.924333,0.005386,0.380741,-6.378852,113.703857,18.988279,0.07016,0.952293,0.086239,0.284215,-7.440799,134.924484,18.798315,0.003739,0.986465,0.023455,0.162245,-5.154146,149.454254,20.232679,-0.105808,0.760962,0.133556,0.626023,-10.436254,129.227219,16.512018,-0.744835,0.061479,0.504381,-0.432482,-13.725415,129.33223,-0.137807,-0.653937,-0.576458,0.184448,0.453918,-2.963617,117.586563,-15.673611,0.214094,0.279102,-0.64117,-0.682031,5.153329,145.559845,-7.109043,-0.100564,0.923094,0.02138,0.370577,-5.11666,129.540726,21.796251,0.435638,0.895843,0.087524,-0.00503,6.850567,132.422806,33.480663,-0.161885,0.42663,0.516145,-0.724827,20.655272,115.074371,31.583246,0.003199,0.219225,0.660297,-0.718289,18.112888,136.915405,20.461208,0.050836,0.927456,0.139995,0.342992,-5.270965,86.178314,8.375616,0.101352,0.970687,-0.007675,0.217799,-5.208005,51.568359,-2.292015,-0.033883,0.942367,0.046125,0.329651,-14.676467,5.228811,-3.676026,-0.093216,0.89746,-0.102926,0.418668,7.815074,87.08075,21.999422,-0.008931,0.90855,-0.144281,0.39197,10.753386,52.260757,31.517061,-0.019745,0.893708,0.014442,0.447982,6.169338,6.921059,44.253616,-0.033883,0.942367,0.046125,0.329651,-5.32877,0.672588,-15.114014,-0.019745,0.893708,0.014442,0.447982,17.815296,1.399051,35.71867
360,3.0,-0.03084,0.919688,0.011542,0.391267,1.270009,86.630997,15.186264,-0.125141,0.906673,0.152059,0.373044,0.760121,94.368134,15.163748,-0.024883,0.924336,0.005377,0.380731,-6.375395,113.706001,18.986856,0.070038,0.952285,0.086286,0.284259,-7.439826,134.926498,18.795473,0.00371,0.986447,0.023419,0.162358,-5.156957,149.456818,20.230349,-0.10572,0.761025,0.13356,0.62596,-10.434659,129.228729,16.509621,-0.744751,0.061405,0.504393,-0.432623,-13.727119,129.335571,-0.139546,-0.653927,-0.576421,0.184603,0.453916,-2.965454,117.589188,-15.674899,0.213963,0.278946,-0.641233,-0.682077,5.150609,145.564911,-7.117456,-0.100673,0.923083,0.021524,0.370567,-5.115001,129.543228,21.793732,0.435745,0.895805,0.08737,-0.005183,6.851737,132.42688,33.47826,-0.161977,0.426586,0.516199,-0.724794,20.652229,115.075478,31.577333,0.003216,0.219086,0.660193,-0.718426,18.11068,136.919937,20.459955,0.050834,0.927473,0.13998,0.342952,-5.272804,86.179993,8.374146,0.101366,0.970622,-0.007705,0.21808,-5.210555,51.569736,-2.292495,-0.033722,0.942336,0.046122,0.329757,-14.680452,5.230486,-3.676732,-0.093189,0.897484,-0.10295,0.418617,7.812822,87.082001,21.998383,-0.008959,0.908563,-0.144268,0.391944,10.749214,52.261997,31.51659,-0.019531,0.893696,0.014572,0.448011,6.168437,6.921995,44.253235,-0.033722,0.942336,0.046122,0.329757,-5.331825,0.672601,-15.113301,-0.019531,0.893696,0.014572,0.448011,17.81337,1.400517,35.716541
361,3.008333,-0.03083,0.919711,0.011543,0.391213,1.270654,86.630638,15.184548,-0.125097,0.906698,0.151989,0.373028,0.76091,94.367783,15.16214,-0.024934,0.924341,0.005443,0.380713,-6.372117,113.707771,18.983686,0.070094,0.952268,0.086264,0.284306,-7.439596,134.928116,18.794102,0.003566,0.986431,0.023363,0.162467,-5.154983,149.45816,20.228954,-0.105776,0.76101,0.133673,0.625945,-10.433701,129.230118,16.507895,-0.744727,0.061359,0.504526,-0.432517,-13.726414,129.337906,-0.141209,-0.653809,-0.576335,0.1848,0.454115,-2.970438,117.592964,-15.681584,0.213793,0.278746,-0.641278,-0.68217,5.147197,145.568802,-7.12604,-0.100667,0.92308,0.021502,0.370577,-5.113882,129.544922,21.791822,0.435575,0.895877,0.087478,-0.005092,6.852638,132.42865,33.476551,-0.161834,0.426433,0.51612,-0.724972,20.659748,115.082275,31.577826,0.003223,0.218767,0.660211,-0.718506,18.107899,136.92308,20.458487,0.050843,0.927469,0.139988,0.342956,-5.272968,86.179802,8.3732,0.101325,0.970672,-0.007666,0.217876,-5.211105,51.569771,-2.294195,-0.033866,0.942359,0.046079,0.329682,-14.67676,5.229679,-3.679177,-0.093159,0.897524,-0.103005,0.418523,7.814276,87.081474,21.995895,-0.008989,0.908511,-0.144214,0.392083,10.748021,52.261883,31.51643,-0.019434,0.893693,0.014593,0.44802,6.169837,6.920469,44.24897,-0.033866,0.942359,0.046079,0.329682,-5.328604,0.672024,-15.11622,-0.019434,0.893693,0.014593,0.44802,17.814054,1.398279,35.711769
362,3.016667,-0.030826,0.919708,0.01152,0.391223,1.270244,86.630295,15.183255,-0.12503,0.906711,0.151919,0.373047,0.760693,94.367455,15.160549,-0.024981,0.924335,0.005505,0.380724,-6.368942,113.70919,18.980511,0.070001,0.952265,0.086275,0.284338,-7.439263,134.929413,18.792591,0.003559,0.98642,0.023332,0.162539,-5.157324,149.4599,20.227114,-0.105764,0.761069,0.133643,0.625881,-10.432554,129.231186,16.505865,-0.744779,0.061339,0.504612,-0.432329,-13.728065,129.33815,-0.142699,-0.653681,-0.576235,0.185002,0.454345,-2.975845,117.59626,-15.687998,0.213562,0.278646,-0.641434,-0.682137,5.144277,145.571777,-7.133783,-0.100684,0.923104,0.021555,0.370509,-5.112893,129.546295,21.789936,0.435537,0.895905,0.087378,-0.005152,6.85523,132.430008,33.473034,-0.161936,0.426313,0.516083,-0.725047,20.663776,115.084816,31.573969,0.003248,0.218524,0.660188,-0.718602,18.104893,136.928131,20.459261,0.050855,0.927449,0.139975,0.343016,-5.273236,86.179367,8.371773,0.101324,0.970661,-0.00768,0.217928,-5.21181,51.569153,-2.295023,-0.03387,0.942344,0.046093,0.329722,-14.677608,5.229056,-3.6792,-0.093185,0.897463,-0.102962,0.41866,7.813724,87.081223,21.994738,-0.009005,0.908457,-0.144244,0.392197,10.748995,52.261341,31.513763,-0.019698,0.89371,0.014502,0.447977,6.169535,6.920767,44.248856,-0.03387,0.942344,0.046093,0.329722,-5.328418,0.671827,-15.115573,-0.019698,0.89371,0.014502,0.447977,17.815224,1.399706,35.712929
363,3.025,-0.030821,0.919712,0.011537,0.391213,1.271008,86.629715,15.182813,-0.124974,0.906736,0.151812,0.373049,0.761417,94.366875,15.160378,-0.025036,0.924338,0.005583,0.380711,-6.364027,113.709114,18.976969,0.069931,0.95227,0.08629,0.284334,-7.437805,134.929184,18.791216,0.003509,0.986417,0.023309,0.16256,-5.157959,149.460022,20.22558,-0.10577,0.761097,0.133721,0.62583,-10.430238,129.230698,16.504007,-0.74475,0.061526,0.504672,-0.432282,-13.727877,129.338837,-0.144124,-0.653587,-0.576171,0.185303,0.454438,-2.979383,117.590736,-15.687297,0.213371,0.278492,-0.641527,-0.682172,5.138485,145.569794,-7.142468,-0.100787,0.923095,0.021656,0.370498,-5.110468,129.546143,21.787947,0.435491,0.895926,0.087402,-0.005106,6.857224,132.431793,33.471001,-0.162125,0.42634,0.515997,-0.725049,20.667604,115.087891,31.573471,0.003114,0.218633,0.659987,-0.718754,18.105511,136.932388,20.461863,0.050873,0.927442,0.139989,0.343027,-5.27262,86.178986,8.371462,0.101333,0.970656,-0.007709,0.217943,-5.211885,51.569187,-2.296693,-0.033945,0.942337,0.046059,0.329739,-14.67911,5.229312,-3.678517,-0.093158,0.897513,-0.102995,0.418549,7.814636,87.080452,21.994164,-0.008971,0.908535,-0.144253,0.392014,10.748363,52.260696,31.514109,-0.01954,0.893679,0.014471,0.448047,6.168139,6.920317,44.249588,-0.033945,0.942337,0.046059,0.329739,-5.328848,0.671916,-15.113945,-0.01954,0.893679,0.014471,0.448047,17.813366,1.396385,35.714893
364,3.033333,-0.030828,0.919719,0.011556,0.391195,1.273066,86.632004,15.181139,-0.124901,0.906743,0.15168,0.373109,0.763258,94.369141,15.158939,-0.025051,0.924316,0.005743,0.380762,-6.356997,113.71167,18.970972,0.069809,0.95228,0.086277,0.284335,-7.433917,134.931625,18.791224,0.003449,0.98642,0.023304,0.162546,-5.157398,149.46312,20.224226,-0.105671,0.761223,0.133751,0.625686,-10.425262,129.233368,16.502062,-0.744687,0.06124,0.504766,-0.432323,-13.729705,129.343567,-0.144702,-0.653565,-0.576135,0.185276,0.454526,-2.983871,117.602394,-15.694939,0.213292,0.278461,-0.641537,-0.682199,5.137086,145.579529,-7.146768,-0.100743,0.923083,0.021562,0.370544,-5.106091,129.548065,21.786646,0.435451,0.895931,0.087545,-0.005111,6.860736,132.433456,33.47065,-0.16222,0.42624,0.515981,-0.725099,20.67263,115.091064,31.570333,0.002921,0.218561,0.659928,-0.718831,18.105476,136.937531,20.463514,0.050884,0.927499,0.13993,0.342893,-5.270815,86.181274,8.370033,0.101097,0.970853,-0.007638,0.217177,-5.213874,51.570366,-2.294553,-0.033929,0.942555,0.046235,0.329093,-14.659284,5.225873,-3.670596,-0.093136,0.897512,-0.10301,0.418554,7.816947,87.082726,21.992245,-0.008991,0.908505,-0.14427,0.392077,10.748721,52.262897,31.512516,-0.019209,0.893672,0.014646,0.448069,6.16871,6.923011,44.249844,-0.033929,0.942555,0.046235,0.329093,-5.324167,0.672868,-15.120128,-0.019209,0.893672,0.014646,0.448069,17.811792,1.399221,35.712132
365,3.041667,-0.03083,0.919732,0.011632,0.391163,1.274977,86.63308,15.179017,-0.124881,0.906768,0.151572,0.373099,0.764689,94.370201,15.157904,-0.025127,0.924322,0.005853,0.38074,-6.353101,113.714088,18.966339,0.069526,0.952306,0.086284,0.284314,-7.434796,134.933823,18.789711,0.003591,0.986412,0.023329,0.162588,-5.166243,149.466782,20.220541,-0.105692,0.761221,0.133797,0.625676,-10.424975,129.235214,16.499872,-0.744673,0.061229,0.504813,-0.432293,-13.729731,129.34581,-0.146835,-0.653507,-0.576148,0.185344,0.454566,-2.985945,117.60479,-15.698607,0.213352,0.278378,-0.641624,-0.682133,5.132623,145.582672,-7.150654,-0.100804,0.923111,0.021779,0.370447,-5.105612,129.550354,21.784241,0.435388,0.895956,0.087609,-0.005012,6.863246,132.435089,33.466331,-0.162461,0.4262,0.515856,-0.725157,20.677639,115.09436,31.56896,0.002687,0.218692,0.659854,-0.71886,18.102367,136.943542,20.466932,0.050913,0.927468,0.139906,0.342983,-5.269387,86.182877,8.368338,0.101132,0.97064,-0.007847,0.218105,-5.213952,51.57169,-2.295371,-0.033995,0.942531,0.046218,0.329156,-14.665503,5.228165,-3.661983,-0.093142,0.897443,-0.103004,0.418701,7.819341,87.083282,21.989697,-0.008999,0.908503,-0.144326,0.39206,10.750149,52.263462,31.510269,-0.019508,0.893712,0.014494,0.447982,6.169043,6.925121,44.252689,-0.033995,0.942531,0.046218,0.329156,-5.32827,0.675393,-15.109894,-0.019508,0.893712,0.014494,0.447982,17.81282,1.401329,35.715919
366,3.05,-0.030831,0.919748,0.011665,0.391123,1.276077,86.634132,15.178627,-0.124876,0.90678,0.151474,0.37311,0.765572,94.371239,15.158001,-0.025132,0.924316,0.005872,0.380754,-6.351017,113.717499,18.962999,0.069467,0.952317,0.086354,0.284272,-7.43322,134.93721,18.786983,0.00358,0.986427,0.023337,0.162495,-5.166922,149.470383,20.219152,-0.105702,0.761297,0.133749,0.625593,-10.423195,129.238602,16.496885,-0.744569,0.061158,0.504749,-0.432557,-13.731402,129.34729,-0.149147,-0.653573,-0.576156,0.185373,0.454449,-2.984362,117.604218,-15.697126,0.213221,0.27832,-0.641688,-0.682138,5.132956,145.584244,-7.154995,-0.100654,0.923118,0.021696,0.370476,-5.103993,129.553726,21.781418,0.435351,0.895964,0.08771,-0.004953,6.865175,132.434799,33.464088,-0.162601,0.426176,0.515842,-0.725149,20.681034,115.095184,31.567266,0.002612,0.218635,0.659722,-0.718999,18.104021,136.947052,20.469397,0.050923,0.927482,0.139887,0.34295,-5.268875,86.184135,8.368498,0.10139,0.970619,-0.007742,0.218081,-5.214985,51.572643,-2.294187,-0.033781,0.942282,0.046067,0.329912,-14.687857,5.233911,-3.675512,-0.093121,0.897464,-0.103014,0.418659,7.821028,87.084129,21.988756,-0.008991,0.908509,-0.144322,0.392049,10.75057,52.264168,31.509214,-0.01973,0.893712,0.01436,0.447976,6.169036,6.925714,44.25108,-0.033781,0.942282,0.046067,0.329912,-5.33507,0.675151,-15.108329,-0.01973,0.893712,0.01436,0.447976,17.814362,1.401407,35.716759
367,3.058333,-0.030825,0.919759,0.011617,0.391098,1.277795,86.634171,15.177092,-0.124898,0.906776,0.151343,0.373167,0.767658,94.371292,15.155828,-0.025149,0.924288,0.005937,0.380821,-6.348202,113.719437,18.955256,0.069442,0.952302,0.086512,0.284281,-7.432081,134.939102,18.781456,0.003588,0.986435,0.023326,0.162445,-5.167787,149.472168,20.217932,-0.105872,0.761254,0.133768,0.625611,-10.421273,129.240494,16.490294,-0.744503,0.061137,0.50478,-0.432636,-13.727477,129.345428,-0.15616,-0.653463,-0.576253,0.185448,0.454453,-2.981734,117.600838,-15.703877,0.213118,0.278319,-0.641667,-0.68219,5.127117,145.582993,-7.160687,-0.100674,0.923118,0.021724,0.370468,-5.10285,129.55545,21.775621,0.435371,0.895961,0.087645,-0.004896,6.866362,132.436783,33.458183,-0.162692,0.426166,0.515822,-0.725149,20.681467,115.096199,31.564785,0.00251,0.21847,0.659783,-0.718993,18.102968,136.949326,20.469383,0.050946,0.927494,0.139857,0.342927,-5.267523,86.183899,8.367333,0.101346,0.97065,-0.007704,0.217965,-5.216166,51.571976,-2.293982,-0.034033,0.942323,0.046021,0.329775,-14.68438,5.23234,-3.676806,-0.093084,0.897554,-0.103048,0.418465,7.823112,87.084442,21.986851,-0.008964,0.908548,-0.144323,0.391958,10.751287,52.264488,31.507769,-0.019421,0.893684,0.014494,0.448043,6.168683,6.925994,44.24913,-0.034033,0.942323,0.046021,0.329775,-5.332492,0.674799,-15.110846,-0.019421,0.893684,0.014494,0.448043,17.812731,1.401096,35.713448
368,3.066667,-0.030722,0.91978,0.0115,0.39106,1.275533,86.633705,15.177878,-0.124884,0.906819,0.151209,0.373122,0.76758,94.370972,15.155599,-0.025167,0.924314,0.005956,0.380756,-6.345719,113.72126,18.950726,0.06941,0.952305,0.086668,0.284229,-7.43063,134.940872,18.777451,0.003583,0.986441,0.023325,0.162412,-5.168564,149.473877,20.217915,-0.105645,0.761426,0.13372,0.625451,-10.419877,129.242172,16.486614,-0.74447,0.061456,0.504659,-0.43279,-13.734488,129.350601,-0.158145,-0.653593,-0.576243,0.185548,0.454239,-2.985027,117.594421,-15.694534,0.213138,0.278359,-0.64167,-0.682164,5.122321,145.581039,-7.16454,-0.100677,0.923106,0.021763,0.370495,-5.100718,129.557281,21.771191,0.435397,0.895942,0.087721,-0.004792,6.867812,132.438187,33.454559,-0.162688,0.426138,0.51584,-0.725154,20.681971,115.096558,31.563763,0.002456,0.218366,0.659749,-0.719056,18.10321,136.949875,20.469456,0.050918,0.927529,0.139911,0.342815,-5.270473,86.184349,8.368722,0.101364,0.970619,-0.007706,0.218094,-5.217176,51.573318,-2.295469,-0.033871,0.942288,0.04596,0.3299,-14.686918,5.234036,-3.679765,-0.093081,0.897628,-0.103024,0.418314,7.82154,87.083061,21.987036,-0.008988,0.908502,-0.144321,0.392064,10.751896,52.262699,31.505808,-0.019529,0.893693,0.014361,0.448023,6.169958,6.924206,44.247417,-0.033871,0.942288,0.04596,0.3299,-5.33381,0.673228,-15.111503,-0.019529,0.893693,0.014361,0.448023,17.814112,1.397305,35.713177
369,3.075,-0.030709,0.919814,0.011501,0.390982,1.27736,86.633835,15.175872,-0.124867,0.906844,0.151142,0.373093,0.769575,94.371109,15.153723,-0.025205,0.92432,0.005961,0.380739,-6.342234,113.723145,18.947025,0.069503,0.952304,0.086753,0.284184,-7.428719,134.942673,18.773371,0.003481,0.986456,0.023365,0.162319,-5.164766,149.475098,20.216846,-0.105677,0.761454,0.133713,0.625412,-10.417625,129.243713,16.482752,-0.744382,0.061053,0.504714,-0.432934,-13.733673,129.350876,-0.161728,-0.653564,-0.57632,0.185376,0.454252,-2.984471,117.603981,-15.705326,0.21315,0.278391,-0.641785,-0.682039,5.121345,145.588089,-7.165603,-0.100712,0.923118,0.021764,0.370454,-5.098303,129.559311,21.767134,0.43546,0.895916,0.087683,-0.004692,6.871013,132.44136,33.449413,-0.16259,0.426026,0.515875,-0.725217,20.682774,115.097336,31.563087,0.002583,0.218136,0.659817,-0.719063,18.101048,136.951157,20.468912,0.050952,0.927501,0.139878,0.342901,-5.269819,86.184662,8.367829,0.101298,0.970638,-0.00769,0.218039,-5.218667,51.573204,-2.294992,-0.033749,0.942333,0.046057,0.32977,-14.682113,5.23262,-3.678805,-0.093086,0.897574,-0.10302,0.41843,7.824539,87.083,21.983913,-0.008968,0.908525,-0.144364,0.391996,10.754092,52.262642,31.50293,-0.019337,0.893698,0.014438,0.448019,6.169774,6.925291,44.247746,-0.033749,0.942333,0.046057,0.32977,-5.33307,0.673207,-15.114425,-0.019337,0.893698,0.014438,0.448019,17.812233,1.397837,35.711548
370,3.083333,-0.030754,0.919832,0.011552,0.390936,1.281724,86.634026,15.174047,-0.12484,0.906869,0.151063,0.373073,0.772998,94.371246,15.152391,-0.025307,0.924323,0.006013,0.380723,-6.336666,113.724808,18.943449,0.06955,0.952312,0.086766,0.284141,-7.427987,134.944077,18.770182,0.003425,0.986466,0.023438,0.162247,-5.16281,149.476257,20.21426,-0.105717,0.761444,0.133704,0.62542,-10.415673,129.244476,16.47957,-0.744461,0.061403,0.504755,-0.432701,-13.731077,129.350494,-0.16505,-0.653455,-0.576301,0.185607,0.454339,-2.98565,117.59626,-15.705709,0.213164,0.278382,-0.641836,-0.681991,5.116241,145.583145,-7.171358,-0.100738,0.923121,0.021795,0.370439,-5.096245,129.561203,21.763779,0.43547,0.895917,0.087613,-0.004658,6.873278,132.44371,33.445736,-0.162554,0.425933,0.515948,-0.725227,20.684633,115.099075,31.562078,0.002873,0.217784,0.659897,-0.719095,18.10273,136.953995,20.47084,0.050994,0.927508,0.139817,0.342898,-5.266088,86.184456,8.366638,0.101269,0.97071,-0.007644,0.217736,-5.219352,51.57206,-2.293179,-0.034033,0.942353,0.046046,0.329686,-14.679678,5.230856,-3.677681,-0.093049,0.897645,-0.103099,0.418265,7.829536,87.083603,21.981453,-0.008954,0.908517,-0.144376,0.392012,10.755997,52.263927,31.503942,-0.019519,0.893694,0.014379,0.448021,6.169831,6.926861,44.2491,-0.034033,0.942353,0.046046,0.329686,-5.329849,0.673968,-15.113667,-0.019519,0.893694,0.014379,0.448021,17.813921,1.400284,35.714558
371,3.091667,-0.030787,0.919857,0.011587,0.390872,1.285354,86.63517,15.173395,-0.124863,0.906894,0.15097,0.373041,0.775948,94.372345,15.152062,-0.025274,0.924339,0.006028,0.380686,-6.33381,113.728836,18.93993,0.069592,0.952316,0.086874,0.284086,-7.424119,134.948166,18.767855,0.003292,0.986479,0.023467,0.162165,-5.158689,149.47998,20.215164,-0.105809,0.761545,0.133644,0.625294,-10.412269,129.24884,16.477188,-0.74438,0.06093,0.504897,-0.432741,-13.732375,129.350281,-0.166522,-0.653434,-0.576338,0.185383,0.454413,-2.990724,117.608284,-15.719049,0.213221,0.278512,-0.641752,-0.681999,5.113627,145.590576,-7.171994,-0.100664,0.923123,0.021792,0.370455,-5.092393,129.565018,21.760981,0.435445,0.895917,0.087748,-0.004621,6.877233,132.445236,33.443401,-0.162563,0.425821,0.515881,-0.725338,20.689592,115.101517,31.558714,0.002658,0.2179,0.659878,-0.719078,18.099493,136.957016,20.468405,0.051031,0.927512,0.139788,0.342895,-5.263367,86.185249,8.366883,0.10134,0.970651,-0.007663,0.217962,-5.219833,51.572548,-2.291965,-0.033851,0.94229,0.046072,0.329882,-14.686728,5.232745,-3.678419,-0.093047,0.897602,-0.103109,0.418357,7.834074,87.085098,21.979908,-0.008896,0.908595,-0.144438,0.391807,10.759107,52.265549,31.503296,-0.019475,0.893712,0.014364,0.447988,6.168504,6.930086,44.252567,-0.033851,0.94229,0.046072,0.329882,-5.333961,0.674817,-15.111589,-0.019475,0.893712,0.014364,0.447988,17.811438,1.402511,35.717094
372,3.1,-0.030789,0.919869,0.011616,0.390843,1.287863,86.63533,15.172447,-0.124856,0.906919,0.150905,0.373009,0.778242,94.37249,15.151533,-0.025333,0.924354,0.00606,0.380647,-6.330381,113.730553,18.937492,0.069415,0.952341,0.086878,0.284043,-7.423514,134.949738,18.765734,0.003395,0.986478,0.023535,0.162159,-5.163071,149.482483,20.211563,-0.105796,0.761539,0.133643,0.625304,-10.4111,129.250031,16.475262,-0.744473,0.061314,0.504999,-0.432408,-13.730858,129.351883,-0.16851,-0.653359,-0.576288,0.185525,0.454527,-2.995904,117.602448,-15.720023,0.213291,0.278629,-0.641718,-0.681961,5.108771,145.585312,-7.175169,-0.100634,0.923128,0.021791,0.370448,-5.090824,129.566879,21.758606,0.435391,0.895949,0.087687,-0.004625,6.879163,132.446182,33.440868,-0.162577,0.425808,0.515826,-0.725383,20.693592,115.103973,31.557411,0.002732,0.217881,0.659786,-0.719169,18.100025,136.959183,20.466391,0.050957,0.927545,0.139843,0.342793,-5.261271,86.185562,8.366327,0.101377,0.97045,-0.00788,0.218831,-5.212535,51.573433,-2.294321,-0.03387,0.942355,0.046054,0.329695,-14.68603,5.234662,-3.670037,-0.093037,0.897632,-0.10313,0.418288,7.836997,87.085091,21.978565,-0.00886,0.908599,-0.144447,0.391796,10.761495,52.26572,31.502754,-0.019474,0.893726,0.014341,0.447961,6.167597,6.930461,44.251545,-0.03387,0.942355,0.046054,0.329695,-5.337571,0.676348,-15.106567,-0.019474,0.893726,0.014341,0.447961,17.809904,1.402287,35.715614
373,3.108333,-0.030787,0.919888,0.011603,0.390798,1.290319,86.635658,15.171825,-0.124859,0.90695,0.150849,0.372956,0.780815,94.372826,15.150764,-0.025381,0.924377,0.006092,0.380586,-6.327139,113.732239,18.935162,0.069422,0.952367,0.086849,0.283964,-7.422702,134.951324,18.763964,0.003416,0.986491,0.023613,0.162069,-5.161838,149.484085,20.208759,-0.105842,0.761548,0.133643,0.625285,-10.409941,129.251312,16.47377,-0.744358,0.060932,0.505077,-0.432568,-13.7302,129.351837,-0.169908,-0.653357,-0.576354,0.185367,0.45451,-2.996664,117.61026,-15.728344,0.213339,0.278685,-0.641696,-0.681943,5.106986,145.59111,-7.175954,-0.100711,0.92314,0.021815,0.370397,-5.08901,129.568665,21.756424,0.435514,0.895896,0.087622,-0.004569,6.881735,132.450165,33.437366,-0.162517,0.425802,0.51585,-0.725383,20.691433,115.103867,31.556925,0.002707,0.21785,0.659716,-0.719242,18.098894,136.958237,20.464966,0.05104,0.927571,0.139779,0.342738,-5.259485,86.185822,8.366356,0.101326,0.97064,-0.007697,0.21802,-5.218619,51.573009,-2.292133,-0.033837,0.942325,0.04609,0.32978,-14.684809,5.232972,-3.675681,-0.092999,0.897626,-0.10313,0.41831,7.840122,87.085503,21.977297,-0.00888,0.908592,-0.144469,0.391804,10.761917,52.265633,31.500483,-0.019594,0.893748,0.014307,0.447913,6.168785,6.931004,44.251804,-0.033837,0.942325,0.04609,0.32978,-5.334579,0.675359,-15.111043,-0.019594,0.893748,0.014307,0.447913,17.811241,1.403524,35.71563
374,3.116667,-0.030729,0.919906,0.011586,0.390761,1.291263,86.635521,15.170823,-0.124842,0.906996,0.150816,0.372864,0.782683,94.372749,15.1499,-0.025568,0.924411,0.006082,0.380492,-6.322642,113.729622,18.93347,0.069699,0.952364,0.086833,0.283909,-7.425388,134.948303,18.75898,0.003307,0.9865,0.023683,0.162005,-5.156635,149.479675,20.205399,-0.10579,0.761516,0.133704,0.62532,-10.411159,129.246902,16.470314,-0.744424,0.061196,0.504973,-0.432539,-13.730299,129.350311,-0.173576,-0.653335,-0.576402,0.1855,0.454427,-2.993513,117.602478,-15.725046,0.213344,0.278755,-0.641654,-0.681953,5.103739,145.587204,-7.179247,-0.100778,0.923211,0.021801,0.370203,-5.089293,129.566925,21.751871,0.435552,0.895905,0.087347,-0.004501,6.885892,132.451065,33.42762,-0.162557,0.425845,0.515765,-0.725409,20.694164,115.102783,31.555054,0.002724,0.217787,0.659865,-0.719124,18.09894,136.957642,20.460516,0.05104,0.92757,0.139767,0.342746,-5.259158,86.186546,8.365885,0.101333,0.97064,-0.007686,0.218016,-5.218518,51.573479,-2.291757,-0.034085,0.942318,0.045988,0.329789,-14.685152,5.233574,-3.676441,-0.092975,0.897659,-0.103139,0.418243,7.841682,87.084488,21.975761,-0.00887,0.908594,-0.144474,0.391797,10.762384,52.264416,31.498545,-0.019595,0.893695,0.014319,0.448019,6.168384,6.929886,44.249912,-0.034085,0.942318,0.045988,0.329789,-5.332492,0.67566,-15.109701,-0.019595,0.893695,0.014319,0.448019,17.812937,1.402764,35.716351
375,3.125,-0.030685,0.919908,0.011497,0.390764,1.293154,86.635155,15.171814,-0.12487,0.907017,0.150781,0.372816,0.785731,94.372459,15.149875,-0.025483,0.924442,0.006033,0.380421,-6.321254,113.733086,18.932785,0.06955,0.952394,0.086885,0.28383,-7.419883,134.951965,18.75783,0.003327,0.98651,0.023709,0.161943,-5.155749,149.48407,20.204218,-0.105812,0.76161,0.133713,0.6252,-10.407116,129.251099,16.469793,-0.744436,0.061203,0.505029,-0.432453,-13.731189,129.353256,-0.17312,-0.653338,-0.57634,0.185489,0.454505,-2.996957,117.606018,-15.72681,0.213245,0.278843,-0.641711,-0.681895,5.104881,145.589005,-7.179647,-0.100701,0.923189,0.021637,0.370289,-5.084381,129.570221,21.750525,0.435632,0.895861,0.087388,-0.004544,6.889153,132.453888,33.428085,-0.162524,0.425824,0.515803,-0.725402,20.6943,115.103409,31.552702,0.002667,0.217894,0.659774,-0.719176,18.100113,136.958496,20.458546,0.051033,0.927604,0.139836,0.342625,-5.257275,86.186272,8.366881,0.101128,0.970624,-0.007842,0.218175,-5.215766,51.574562,-2.295168,-0.033949,0.942535,0.046144,0.329159,-14.66678,5.230969,-3.662838,-0.092984,0.897663,-0.103109,0.41824,7.843582,87.084038,21.976748,-0.00882,0.908641,-0.144506,0.391678,10.765825,52.263641,31.49789,-0.019464,0.893696,0.014373,0.44802,6.167907,6.929916,44.250687,-0.033949,0.942535,0.046144,0.329159,-5.330122,0.675668,-15.110207,-0.019464,0.893696,0.014373,0.44802,17.811382,1.402442,35.715889
376,3.133333,-0.030765,0.919906,0.011584,0.390759,1.297356,86.635162,15.169273,-0.124859,0.907047,0.15071,0.372776,0.78828,94.372353,15.148094,-0.025656,0.924459,0.006141,0.380369,-6.31645,113.732269,18.928522,0.069804,0.9524,0.086765,0.283785,-7.423615,134.950714,18.755064,0.00326,0.986518,0.023802,0.161881,-5.15136,149.481705,20.199963,-0.105815,0.761535,0.133676,0.625298,-10.40882,129.248779,16.466997,-0.744464,0.061194,0.505027,-0.432408,-13.728706,129.350815,-0.176752,-0.653288,-0.576355,0.185484,0.454561,-2.994359,117.604851,-15.731305,0.213172,0.278818,-0.641687,-0.68195,5.106543,145.587143,-7.181001,-0.100698,0.923225,0.021571,0.370203,-5.085612,129.569717,21.747143,0.435537,0.895902,0.087455,-0.004372,6.890109,132.45433,33.42223,-0.162458,0.425845,0.515743,-0.725446,20.698992,115.106186,31.552776,0.002741,0.21786,0.659746,-0.719212,18.102743,136.958359,20.455126,0.050991,0.927601,0.139799,0.342656,-5.253048,86.185547,8.364364,0.101418,0.970651,-0.007722,0.217924,-5.209337,51.572777,-2.294248,-0.034024,0.942324,0.046004,0.329776,-14.684564,5.234551,-3.676444,-0.092931,0.897725,-0.103195,0.418097,7.847761,87.084778,21.974182,-0.008849,0.908602,-0.144475,0.391778,10.765459,52.264954,31.498787,-0.019632,0.893713,0.01434,0.44798,6.169796,6.930429,44.249546,-0.034024,0.942324,0.046004,0.329776,-5.332776,0.676459,-15.110345,-0.019632,0.893713,0.01434,0.44798,17.814081,1.404311,35.714977
377,3.141667,-0.030701,0.919909,0.011547,0.390758,1.299608,86.635582,15.16913,-0.1249,0.907061,0.150622,0.372764,0.791653,94.372849,15.147814,-0.025599,0.924475,0.006176,0.380332,-6.313983,113.735489,18.924805,0.069555,0.952415,0.086838,0.283772,-7.419488,134.954041,18.753674,0.003371,0.986507,0.023801,0.161943,-5.154819,149.486206,20.19858,-0.105906,0.761592,0.133665,0.625216,-10.405332,129.252594,16.465256,-0.744479,0.060923,0.505115,-0.432317,-13.728035,129.351456,-0.177945,-0.653208,-0.576322,0.185389,0.454757,-2.996183,117.614746,-15.741211,0.213019,0.278734,-0.641681,-0.682038,5.109222,145.592499,-7.180299,-0.100689,0.923219,0.021637,0.370217,-5.081663,129.57254,21.744993,0.435514,0.895915,0.087434,-0.004403,6.893764,132.456009,33.420658,-0.162424,0.425819,0.51571,-0.725493,20.703547,115.108658,31.550467,0.002824,0.218004,0.659745,-0.719169,18.104456,136.960358,20.45142,0.050981,0.927602,0.13984,0.342638,-5.250884,86.186798,8.364253,0.101437,0.970451,-0.007948,0.218795,-5.205646,51.57478,-2.296767,-0.03384,0.942342,0.04598,0.329745,-14.685993,5.237251,-3.667106,-0.093003,0.89767,-0.103158,0.418207,7.8501,87.084373,21.974009,-0.008803,0.908568,-0.144526,0.391841,10.772378,52.264965,31.498762,-0.019556,0.893718,0.014381,0.447971,6.16999,6.931755,44.251789,-0.03384,0.942342,0.04598,0.329745,-5.336845,0.676587,-15.102139,-0.019556,0.893718,0.014381,0.447971,17.81352,1.405681,35.716164
378,3.15,-0.030831,0.919911,0.011564,0.390743,1.304815,86.636116,15.169019,-0.124841,0.907075,0.150526,0.372789,0.794906,94.373253,15.147163,-0.025803,0.924453,0.006342,0.380369,-6.306619,113.736153,18.921076,0.069975,0.952391,0.086762,0.283774,-7.422836,134.954178,18.753136,0.003196,0.986525,0.023774,0.161842,-5.145769,149.484283,20.199316,-0.106171,0.761444,0.133754,0.625333,-10.405617,129.251572,16.463596,-0.744422,0.060858,0.505127,-0.43241,-13.721477,129.346527,-0.180998,-0.653143,-0.576368,0.185442,0.454769,-2.989807,117.60981,-15.744381,0.212744,0.278865,-0.641616,-0.682132,5.111147,145.588745,-7.183144,-0.100732,0.923274,0.021656,0.370068,-5.082528,129.573395,21.743811,0.435475,0.895941,0.087362,-0.004363,6.896357,132.458252,33.415585,-0.162344,0.425744,0.515652,-0.725596,20.707645,115.111755,31.548557,0.002964,0.218012,0.659856,-0.719063,18.102411,136.961868,20.447483,0.051038,0.927612,0.139807,0.342616,-5.245758,86.185181,8.364357,0.10146,0.970659,-0.007758,0.21787,-5.205422,51.572906,-2.295883,-0.033926,0.94232,0.046007,0.329797,-14.685303,5.235544,-3.675141,-0.092987,0.897588,-0.10313,0.418393,7.855388,87.087044,21.97368,-0.00876,0.908619,-0.144562,0.391711,10.77558,52.267002,31.496748,-0.019506,0.893709,0.014256,0.447997,6.16998,6.934717,44.251907,-0.033926,0.94232,0.046007,0.329797,-5.333996,0.676535,-15.10907,-0.019506,0.893709,0.014256,0.447997,17.812897,1.404795,35.71793
379,3.158333,-0.030853,0.919896,0.011599,0.390774,1.310322,86.634995,15.166916,-0.124842,0.90707,0.150482,0.372818,0.799893,94.372101,15.145416,-0.025802,0.924447,0.006431,0.380382,-6.301317,113.736,18.917532,0.069506,0.95242,0.086785,0.283784,-7.418908,134.953979,18.753096,0.00342,0.986507,0.02379,0.161945,-5.155178,149.486465,20.196125,-0.106236,0.761492,0.133769,0.62526,-10.401264,129.251556,16.46254,-0.744475,0.061169,0.505148,-0.43225,-13.719747,129.34465,-0.181544,-0.653122,-0.576325,0.185595,0.454791,-2.990707,117.60067,-15.741261,0.212802,0.278866,-0.641595,-0.682132,5.109786,145.58165,-7.186265,-0.100763,0.923256,0.021603,0.370106,-5.078319,129.572861,21.742929,0.435455,0.895971,0.087142,-0.004543,6.899395,132.459244,33.415531,-0.162402,0.425828,0.515586,-0.725581,20.711386,115.113625,31.545639,0.003043,0.218091,0.659532,-0.719336,18.106432,136.962112,20.443207,0.051046,0.9276,0.139812,0.342644,-5.23976,86.183968,8.361789,0.101537,0.970411,-0.007995,0.218925,-5.199532,51.571869,-2.299017,-0.0339,0.942328,0.04602,0.329773,-14.689716,5.236325,-3.668438,-0.092973,0.897605,-0.103203,0.418343,7.860404,87.086021,21.972042,-0.008705,0.908683,-0.144575,0.391558,10.777939,52.266876,31.499201,-0.019485,0.893726,0.014195,0.447965,6.169323,6.934839,44.254143,-0.0339,0.942328,0.04602,0.329773,-5.339192,0.677403,-15.103044,-0.019485,0.893726,0.014195,0.447965,17.811125,1.403063,35.719852
380,3.166667,-0.030873,0.919911,0.01153,0.39074,1.314737,86.634079,15.167374,-0.124871,0.907146,0.150419,0.37265,0.804432,94.371193,15.144782,-0.025891,0.924529,0.006429,0.380176,-6.295951,113.734772,18.91526,0.069388,0.952455,0.086843,0.283679,-7.417057,134.95256,18.749557,0.003502,0.986502,0.023822,0.161971,-5.157133,149.485611,20.192921,-0.10612,0.761539,0.13378,0.62522,-10.3995,129.249466,16.460791,-0.744475,0.061179,0.505164,-0.432231,-13.720531,129.345444,-0.182766,-0.653135,-0.576272,0.185566,0.454851,-2.992239,117.601273,-15.742856,0.212627,0.278853,-0.641542,-0.682242,5.112584,145.580505,-7.186214,-0.100804,0.923246,0.021596,0.37012,-5.074275,129.572052,21.738804,0.435453,0.895983,0.087033,-0.004599,6.902814,132.459808,33.411705,-0.162242,0.425733,0.515581,-0.725675,20.714882,115.114258,31.541697,0.003246,0.218016,0.659624,-0.719274,18.105778,136.960526,20.436731,0.051086,0.92758,0.139845,0.34268,-5.235831,86.182167,8.362775,0.101495,0.970418,-0.008023,0.218915,-5.197019,51.571037,-2.301158,-0.033889,0.942378,0.046032,0.329631,-14.684004,5.234736,-3.667004,-0.092956,0.897657,-0.103217,0.41823,7.865306,87.085999,21.971972,-0.008621,0.908749,-0.144594,0.391399,10.782502,52.266842,31.499178,-0.01949,0.893736,0.014237,0.447943,6.168217,6.935197,44.253437,-0.033889,0.942378,0.046032,0.329631,-5.336963,0.675964,-15.104514,-0.01949,0.893736,0.014237,0.447943,17.809847,1.404563,35.718178
381,3.175,-0.030826,0.919891,0.011482,0.390791,1.316937,86.634163,15.166587,-0.124826,0.90714,0.15038,0.372694,0.807599,94.371338,15.143574,-0.025926,0.924515,0.006497,0.380207,-6.290627,113.735733,18.912977,0.069705,0.952421,0.086864,0.283709,-7.414182,134.9534,18.749331,0.003292,0.98651,0.023726,0.161938,-5.145555,149.484772,20.195971,-0.106124,0.761569,0.133791,0.62518,-10.395812,129.250198,16.459795,-0.74445,0.06121,0.505196,-0.432233,-13.718515,129.346008,-0.183427,-0.653156,-0.576315,0.185517,0.454788,-2.991839,117.600227,-15.743415,0.213076,0.278656,-0.641848,-0.681895,5.111145,145.579773,-7.186089,-0.100816,0.923253,0.021595,0.3701,-5.070975,129.572876,21.738192,0.435459,0.895973,0.087103,-0.004649,6.906521,132.461029,33.410572,-0.161996,0.42557,0.515634,-0.725789,20.718327,115.115646,31.537214,0.003325,0.217853,0.659755,-0.719203,18.105108,136.959854,20.430117,0.051122,0.927567,0.139776,0.342736,-5.232926,86.182747,8.361277,0.101487,0.970644,-0.007794,0.217921,-5.197624,51.570477,-2.298968,-0.033934,0.942362,0.046016,0.329674,-14.680606,5.233681,-3.675964,-0.092935,0.897677,-0.103201,0.418197,7.866799,87.085587,21.971897,-0.008652,0.908701,-0.144593,0.391511,10.783507,52.265911,31.497366,-0.01945,0.893729,0.014213,0.44796,6.170323,6.934291,44.252129,-0.033934,0.942362,0.046016,0.329674,-5.33214,0.674929,-15.112316,-0.01945,0.893729,0.014213,0.44796,17.811739,1.402518,35.717316
382,3.183333,-0.030848,0.919872,0.011418,0.390837,1.321381,86.633179,15.167147,-0.124834,0.907148,0.150303,0.372703,0.812115,94.370354,15.143063,-0.025948,0.924518,0.006524,0.380199,-6.285401,113.735893,18.909477,0.069666,0.952425,0.086901,0.283693,-7.410268,134.953491,18.746544,0.003291,0.986512,0.023736,0.161925,-5.143032,149.485031,20.193859,-0.106086,0.761609,0.133772,0.625142,-10.391593,129.250183,16.456882,-0.744436,0.061263,0.505178,-0.43227,-13.716173,129.346252,-0.185964,-0.653204,-0.576296,0.185451,0.454769,-2.988973,117.598259,-15.74392,0.213026,0.2786,-0.641767,-0.68201,5.116787,145.576736,-7.185711,-0.100923,0.923256,0.021673,0.370058,-5.06667,129.573013,21.735182,0.435492,0.89597,0.086966,-0.004693,6.911161,132.463577,33.406628,-0.161929,0.42557,0.515606,-0.725824,20.721659,115.117058,31.534042,0.003404,0.217879,0.659688,-0.719256,18.106997,136.959747,20.424314,0.051118,0.927603,0.139818,0.342623,-5.227783,86.180916,8.361218,0.101483,0.970643,-0.007829,0.217925,-5.192454,51.569481,-2.301725,-0.033771,0.942396,0.046108,0.32958,-14.675789,5.232662,-3.675516,-0.092945,0.897688,-0.103224,0.418165,7.870544,87.085434,21.973076,-0.008606,0.908702,-0.144578,0.391515,10.787489,52.266228,31.500212,-0.019482,0.893735,0.01428,0.447946,6.170807,6.934118,44.251976,-0.033771,0.942396,0.046108,0.32958,-5.330935,0.674793,-15.115173,-0.019482,0.893735,0.01428,0.447946,17.812607,1.404477,35.716297
383,3.191667,-0.030838,0.919881,0.011465,0.390817,1.326562,86.63427,15.165308,-0.124823,0.90714,0.150217,0.372762,0.817158,94.371429,15.141961,-0.02598,0.924489,0.006618,0.380265,-6.278591,113.737259,18.904718,0.069535,0.952419,0.08692,0.283738,-7.406227,134.954742,18.744881,0.003347,0.986502,0.023765,0.161981,-5.142819,149.486893,20.191824,-0.106178,0.761659,0.133807,0.625058,-10.386477,129.251389,16.453924,-0.744458,0.061347,0.505194,-0.432202,-13.713943,129.345291,-0.188358,-0.653274,-0.576281,0.185325,0.45474,-2.987916,117.595673,-15.745902,0.212945,0.278907,-0.641322,-0.682328,5.121781,145.572174,-7.184969,-0.100908,0.923264,0.021706,0.37004,-5.062343,129.574112,21.733027,0.435447,0.895991,0.086966,-0.004759,6.916036,132.463821,33.404118,-0.161907,0.425467,0.515581,-0.725907,20.72826,115.118958,31.529055,0.003511,0.217877,0.659588,-0.719348,18.107931,136.962051,20.420233,0.051092,0.927574,0.139827,0.342701,-5.222912,86.182526,8.359642,0.101616,0.970388,-0.008077,0.21899,-5.184747,51.571053,-2.303203,-0.03374,0.942375,0.045969,0.329664,-14.683766,5.237165,-3.667352,-0.092918,0.897669,-0.103289,0.418196,7.876036,87.086014,21.970974,-0.008597,0.908653,-0.144566,0.391634,10.788916,52.267426,31.501596,-0.019504,0.8937,0.014229,0.448015,6.170294,6.934971,44.251423,-0.03374,0.942375,0.045969,0.329664,-5.337561,0.675157,-15.104258,-0.019504,0.8937,0.014229,0.448015,17.813406,1.404341,35.71817
384,3.2,-0.030846,0.919862,0.01144,0.39086,1.332051,86.632957,15.165674,-0.124817,0.907128,0.150148,0.37282,0.822683,94.370125,15.141888,-0.026056,0.924461,0.00668,0.380326,-6.271949,113.736557,18.901691,0.069526,0.952396,0.087056,0.283776,-7.403543,134.953827,18.742989,0.003329,0.986503,0.023673,0.161986,-5.141521,149.485809,20.193859,-0.1061,0.761732,0.133702,0.625004,-10.382422,129.250061,16.451298,-0.74452,0.061403,0.505109,-0.432186,-13.712745,129.343216,-0.190416,-0.653317,-0.576329,0.185253,0.454646,-2.983198,117.593575,-15.745505,0.213124,0.278987,-0.641269,-0.682289,5.124704,145.57045,-7.184149,-0.10097,0.923263,0.021771,0.370022,-5.059041,129.573471,21.731113,0.435429,0.896002,0.086941,-0.004809,6.919374,132.464325,33.401878,-0.1619,0.425403,0.515558,-0.725962,20.732269,115.12014,31.525398,0.003524,0.21783,0.659517,-0.719427,18.108074,136.96315,20.417358,0.051112,0.927595,0.139824,0.342644,-5.216767,86.180893,8.359403,0.101662,0.970363,-0.008122,0.219076,-5.18062,51.569527,-2.303773,-0.033823,0.942368,0.045936,0.32968,-14.68461,5.23659,-3.665627,-0.092899,0.897632,-0.103295,0.418277,7.880868,87.085014,21.971947,-0.008571,0.908669,-0.144595,0.391586,10.791518,52.266258,31.502619,-0.019576,0.893747,0.014271,0.447918,6.170241,6.934545,44.254131,-0.033823,0.942368,0.045936,0.32968,-5.337306,0.674501,-15.1016,-0.019576,0.893747,0.014271,0.447918,17.812433,1.405905,35.718338
385,3.208333,-0.030835,0.919862,0.011407,0.390862,1.336938,86.632301,15.163922,-0.12485,0.907132,0.150138,0.372804,0.827939,94.369492,15.139736,-0.026053,0.924471,0.006675,0.380303,-6.268837,113.738823,18.899342,0.069429,0.952399,0.087141,0.283764,-7.400225,134.956116,18.740534,0.003405,0.986501,0.023662,0.162,-5.141644,149.48848,20.192982,-0.10632,0.761748,0.133728,0.624942,-10.379276,129.25235,16.44903,-0.744589,0.061406,0.505148,-0.43202,-13.710647,129.340042,-0.192508,-0.6533,-0.576296,0.185177,0.454742,-2.982899,117.593071,-15.750861,0.213152,0.279005,-0.641205,-0.682333,5.129047,145.567032,-7.18378,-0.100981,0.92328,0.02174,0.369978,-5.055631,129.575745,21.728586,0.435455,0.895993,0.086903,-0.004796,6.923805,132.467422,33.398109,-0.161829,0.425337,0.515535,-0.726032,20.735703,115.122314,31.522751,0.003522,0.217786,0.659482,-0.719473,18.107668,136.963837,20.413828,0.051138,0.927616,0.139784,0.342598,-5.211868,86.180206,8.357637,0.101677,0.970435,-0.008076,0.218753,-5.179002,51.568214,-2.303538,-0.033808,0.94238,0.046001,0.329639,-14.683827,5.235493,-3.666773,-0.092882,0.897593,-0.10333,0.418358,7.885743,87.084396,21.970207,-0.008536,0.908703,-0.144619,0.391499,10.793341,52.265938,31.502897,-0.019312,0.893737,0.014374,0.447945,6.169318,6.934845,44.255611,-0.033808,0.94238,0.046001,0.329639,-5.337471,0.675035,-15.104175,-0.019312,0.893737,0.014374,0.447945,17.809795,1.405379,35.718018
386,3.216667,-0.03072,0.919854,0.01133,0.390891,1.339347,86.632698,15.162224,-0.124863,0.907123,0.15016,0.372812,0.832441,94.370026,15.13763,-0.026133,0.924462,0.006654,0.38032,-6.264196,113.736328,18.897268,0.069371,0.952401,0.087064,0.283796,-7.398414,134.953461,18.736324,0.003432,0.986487,0.023787,0.162065,-5.140808,149.486237,20.186211,-0.106101,0.761838,0.133727,0.62487,-10.37661,129.249069,16.445261,-0.744575,0.061449,0.505042,-0.432163,-13.712623,129.341751,-0.195317,-0.653414,-0.576332,0.185049,0.454586,-2.980337,117.592239,-15.748625,0.213142,0.279145,-0.641111,-0.682367,5.131975,145.566315,-7.182258,-0.101,0.923282,0.021724,0.369971,-5.053221,129.573685,21.725,0.435437,0.896001,0.086912,-0.004769,6.926271,132.466171,33.39426,-0.161867,0.425339,0.5155,-0.726048,20.738869,115.121521,31.51988,0.003474,0.217765,0.659326,-0.719622,18.1091,136.963165,20.411169,0.051192,0.927617,0.139673,0.342634,-5.209158,86.182045,8.355556,0.101622,0.970649,-0.007849,0.217835,-5.182354,51.568199,-2.299615,-0.033826,0.942401,0.045967,0.329582,-14.678868,5.234087,-3.673544,-0.092872,0.897632,-0.103377,0.418264,7.887854,87.083351,21.968891,-0.008468,0.908794,-0.14463,0.391286,10.794311,52.265453,31.503986,-0.019692,0.893732,0.014114,0.447946,6.167025,6.934556,44.256222,-0.033826,0.942401,0.045967,0.329582,-5.33379,0.672847,-15.111673,-0.019692,0.893732,0.014114,0.447946,17.810213,1.403406,35.723419
387,3.225,-0.030683,0.919836,0.011261,0.39094,1.34339,86.632225,15.161628,-0.124889,0.907113,0.150124,0.372842,0.837425,94.369606,15.136244,-0.026091,0.924457,0.006686,0.380333,-6.260103,113.736961,18.894047,0.069308,0.952407,0.087117,0.283775,-7.393155,134.954163,18.735014,0.003468,0.986493,0.023801,0.162025,-5.137755,149.487183,20.185835,-0.106081,0.761897,0.133708,0.624805,-10.371607,129.250153,16.443357,-0.744639,0.061491,0.505061,-0.432025,-13.710509,129.342407,-0.196648,-0.653419,-0.576292,0.184996,0.454651,-2.979288,117.594078,-15.751575,0.213117,0.279235,-0.641042,-0.682403,5.137043,145.565994,-7.181987,-0.100985,0.923245,0.021612,0.370073,-5.04833,129.574005,21.723257,0.435458,0.895988,0.086944,-0.004833,6.928708,132.467239,33.394855,-0.161761,0.42526,0.515532,-0.726095,20.74048,115.122269,31.517242,0.003486,0.21768,0.659262,-0.719706,18.109159,136.962387,20.408457,0.051187,0.92762,0.139623,0.342646,-5.204432,86.181709,8.354291,0.101643,0.970686,-0.007783,0.217662,-5.178425,51.566814,-2.297464,-0.033803,0.942413,0.045954,0.32955,-14.675694,5.233005,-3.676234,-0.092794,0.897667,-0.103404,0.418199,7.891212,87.082733,21.968964,-0.008489,0.908742,-0.144597,0.391417,10.792472,52.264194,31.503307,-0.019449,0.893724,0.014235,0.44797,6.166418,6.932423,44.252872,-0.033803,0.942413,0.045954,0.32955,-5.331633,0.67115,-15.114957,-0.019449,0.893724,0.014235,0.44797,17.808134,1.401204,35.718094
388,3.233333,-0.030654,0.919842,0.011192,0.390929,1.347286,86.632202,15.16127,-0.124981,0.907124,0.150148,0.372776,0.842153,94.369644,15.135081,-0.026075,0.924487,0.00663,0.380263,-6.259016,113.736046,18.892811,0.069405,0.952394,0.087221,0.283762,-7.390546,134.953308,18.731909,0.003405,0.98649,0.023793,0.162049,-5.133291,149.485672,20.186428,-0.106096,0.761848,0.133764,0.624851,-10.369756,129.249283,16.441246,-0.744655,0.061507,0.505098,-0.431952,-13.706591,129.342728,-0.19916,-0.653383,-0.576309,0.184936,0.454706,-2.977114,117.594765,-15.755561,0.213272,0.279086,-0.641308,-0.682166,5.139384,145.565063,-7.180782,-0.101015,0.923256,0.021557,0.370041,-5.045666,129.573257,21.720318,0.435466,0.896007,0.086705,-0.004857,6.931958,132.468185,33.390888,-0.161821,0.425304,0.515452,-0.726113,20.743382,115.122559,31.51689,0.003544,0.217641,0.659111,-0.719856,18.109783,136.962128,20.406887,0.0512,0.927599,0.139624,0.342701,-5.200742,86.181679,8.354135,0.101668,0.970655,-0.007822,0.217788,-5.174936,51.566921,-2.298053,-0.03373,0.942417,0.045923,0.329551,-14.675143,5.233654,-3.674991,-0.092758,0.897669,-0.103399,0.418205,7.895313,87.082726,21.968405,-0.008517,0.908706,-0.144611,0.391495,10.794367,52.263622,31.501356,-0.019478,0.893725,0.014233,0.447967,6.169129,6.93228,44.25275,-0.03373,0.942417,0.045923,0.329551,-5.33187,0.670192,-15.113708,-0.019478,0.893725,0.014233,0.447967,17.811069,1.401386,35.718079
389,3.241667,-0.030658,0.919827,0.011225,0.390963,1.353678,86.632027,15.159023,-0.124972,0.907131,0.150117,0.372775,0.848293,94.369446,15.133259,-0.026174,0.924488,0.00665,0.380253,-6.25222,113.736763,18.890116,0.069405,0.952392,0.087245,0.283762,-7.387973,134.953796,18.728407,0.003417,0.986486,0.023863,0.162063,-5.130912,149.48613,20.183578,-0.106091,0.76183,0.133722,0.624883,-10.366091,129.2491,16.438021,-0.744692,0.061598,0.505084,-0.431891,-13.701648,129.34201,-0.202653,-0.653361,-0.576297,0.18491,0.454763,-2.972064,117.592552,-15.75786,0.213109,0.279101,-0.641275,-0.682241,5.145835,145.561523,-7.180136,-0.101042,0.923259,0.021601,0.370024,-5.041969,129.574341,21.716984,0.43548,0.896,0.086706,-0.004813,6.935909,132.469574,33.387226,-0.161854,0.425269,0.515446,-0.726131,20.746828,115.123352,31.514931,0.003585,0.217579,0.658963,-0.72001,18.111481,136.963455,20.406645,0.051232,0.927562,0.139604,0.342806,-5.193838,86.181694,8.351378,0.101721,0.970435,-0.008028,0.218735,-5.169512,51.566757,-2.300234,-0.033663,0.942411,0.045956,0.329571,-14.677387,5.234805,-3.668604,-0.092751,0.897645,-0.103434,0.418249,7.901194,87.082359,21.966665,-0.008473,0.908734,-0.144632,0.391424,10.798303,52.263687,31.501793,-0.019418,0.8937,0.014225,0.44802,6.169486,6.932837,44.253616,-0.033663,0.942411,0.045956,0.329571,-5.334216,0.671605,-15.107515,-0.019418,0.8937,0.014225,0.44802,17.811779,1.400962,35.720051
390,3.25,-0.03062,0.919835,0.011203,0.390948,1.356844,86.633751,15.157548,-0.124973,0.907128,0.150048,0.372808,0.852146,94.371216,15.131709,-0.026179,0.924474,0.006728,0.380287,-6.247501,113.739243,18.885683,0.069377,0.952388,0.087294,0.283767,-7.384705,134.956223,18.726915,0.003435,0.986487,0.023884,0.162052,-5.128853,149.488632,20.183285,-0.106126,0.761857,0.133694,0.624849,-10.362272,129.251648,16.435513,-0.744746,0.061651,0.505095,-0.431777,-13.698971,129.342804,-0.204937,-0.653366,-0.576257,0.184813,0.454845,-2.970176,117.593788,-15.761025,0.212814,0.279335,-0.640948,-0.682545,5.152674,145.559616,-7.177765,-0.101016,0.923262,0.021617,0.370021,-5.038534,129.576492,21.714886,0.435405,0.896029,0.086788,-0.004777,6.939578,132.470734,33.385128,-0.161821,0.425151,0.515418,-0.726226,20.753426,115.126846,31.51296,0.003644,0.217478,0.658947,-0.720055,18.111713,136.96701,20.405752,0.051273,0.927515,0.139568,0.342941,-5.190937,86.183914,8.350128,0.101749,0.970418,-0.008044,0.218796,-5.168703,51.568569,-2.300148,-0.033798,0.942401,0.0459,0.329592,-14.679379,5.237189,-3.668203,-0.092779,0.897591,-0.103426,0.418361,7.904624,87.08358,21.964968,-0.008415,0.908779,-0.144676,0.391305,10.80257,52.265175,31.500811,-0.019322,0.893704,0.014232,0.448015,6.168823,6.935427,44.254803,-0.033798,0.942401,0.0459,0.329592,-5.334517,0.673808,-15.105655,-0.019322,0.893704,0.014232,0.448015,17.810078,1.402468,35.720531
391,3.258333,-0.030625,0.919845,0.011181,0.390926,1.360818,86.633209,15.157613,-0.124967,0.907138,0.149953,0.372825,0.856168,94.370674,15.131442,-0.026202,0.924464,0.006734,0.380309,-6.242329,113.741051,18.882097,0.069357,0.952375,0.087396,0.283784,-7.380512,134.957977,18.723179,0.003424,0.986484,0.023924,0.162068,-5.126053,149.490311,20.18232,-0.106133,0.761892,0.13364,0.624817,-10.357705,129.25325,16.43166,-0.744706,0.06166,0.505052,-0.431896,-13.695732,129.342804,-0.208534,-0.653409,-0.576282,0.184731,0.454786,-2.96503,117.591751,-15.761767,0.212657,0.279387,-0.640809,-0.682704,5.157937,145.557114,-7.177069,-0.10106,0.923274,0.021644,0.369979,-5.034235,129.578369,21.711287,0.43542,0.896007,0.086943,-0.004653,6.944655,132.473709,33.380466,-0.161703,0.425002,0.515456,-0.726313,20.757986,115.129196,31.510157,0.003699,0.217291,0.658865,-0.720186,18.112015,136.969009,20.403879,0.051231,0.92754,0.139582,0.342874,-5.187292,86.183105,8.350526,0.101809,0.970429,-0.008036,0.218718,-5.162643,51.567711,-2.299596,-0.033749,0.94242,0.045862,0.329548,-14.678748,5.237481,-3.668855,-0.092797,0.897578,-0.10343,0.418384,7.908927,87.083305,21.964701,-0.008402,0.908728,-0.144676,0.391424,10.807631,52.265186,31.501347,-0.019314,0.893718,0.014317,0.447986,6.171028,6.935432,44.254261,-0.033749,0.94242,0.045862,0.329548,-5.335512,0.672534,-15.107014,-0.019314,0.893718,0.014317,0.447986,17.812035,1.404542,35.718311
392,3.266667,-0.030632,0.919865,0.011125,0.39088,1.364458,86.633034,15.157618,-0.124997,0.907146,0.149936,0.3728,0.86005,94.370514,15.130629,-0.026203,0.924469,0.006725,0.380295,-6.238965,113.740051,18.880219,0.069424,0.952377,0.087393,0.283762,-7.377076,134.956985,18.720951,0.003388,0.986489,0.023979,0.162028,-5.120709,149.488968,20.180471,-0.106097,0.761906,0.133571,0.624821,-10.354352,129.252213,16.429617,-0.744658,0.061596,0.505059,-0.43198,-13.692476,129.341248,-0.210561,-0.653417,-0.576295,0.184673,0.454782,-2.961735,117.590439,-15.763956,0.21256,0.279367,-0.640772,-0.682776,5.161651,145.554962,-7.176872,-0.101096,0.923272,0.021599,0.369975,-5.030735,129.577423,21.709091,0.435286,0.896067,0.087001,-0.004548,6.94799,132.474457,33.378017,-0.161529,0.424852,0.515386,-0.726489,20.766558,115.133736,31.511297,0.003816,0.217049,0.658925,-0.720203,18.110798,136.970123,20.402006,0.051278,0.927518,0.139576,0.342928,-5.184317,86.182373,8.351208,0.10181,0.970412,-0.008041,0.218792,-5.162327,51.567223,-2.299718,-0.03363,0.942411,0.045935,0.329576,-14.67846,5.237007,-3.66931,-0.09275,0.897675,-0.103461,0.418178,7.913233,87.083694,21.964029,-0.008338,0.908768,-0.144686,0.391327,10.810171,52.265419,31.500658,-0.019493,0.89373,0.014144,0.447959,6.169116,6.935853,44.252609,-0.03363,0.942411,0.045935,0.329576,-5.335541,0.6729,-15.108064,-0.019493,0.89373,0.014144,0.447959,17.810635,1.402851,35.718723
393,3.275,-0.030639,0.919868,0.011083,0.390873,1.368422,86.632401,15.156731,-0.125002,0.907166,0.149894,0.372769,0.864177,94.369896,15.129107,-0.026217,0.924486,0.006715,0.380255,-6.234587,113.740799,18.877487,0.069452,0.952373,0.087469,0.283744,-7.373076,134.957703,18.717669,0.003335,0.986489,0.023993,0.162027,-5.116585,149.489456,20.179531,-0.106144,0.761899,0.133568,0.624822,-10.35045,129.252823,16.426764,-0.744674,0.061621,0.505092,-0.43191,-13.688159,129.340591,-0.213498,-0.653387,-0.576304,0.184643,0.454825,-2.959043,117.589844,-15.768051,0.212713,0.279241,-0.640981,-0.682584,5.164323,145.55336,-7.177712,-0.101089,0.923263,0.021525,0.370003,-5.026387,129.578278,21.705772,0.435412,0.89603,0.086746,-0.004704,6.951681,132.475998,33.375198,-0.161605,0.424855,0.515414,-0.726451,20.765265,115.1315,31.506699,0.003863,0.216968,0.658804,-0.720338,18.111032,136.969894,20.400047,0.05133,0.927507,0.139526,0.34297,-5.180441,86.18132,8.350435,0.10178,0.970536,-0.007934,0.218259,-5.162734,51.565533,-2.298456,-0.033573,0.94243,0.045929,0.329529,-14.674744,5.234584,-3.672043,-0.092687,0.897718,-0.103489,0.418093,7.917285,87.083481,21.963028,-0.008341,0.908726,-0.14466,0.391434,10.810165,52.264778,31.499308,-0.019542,0.893701,0.014118,0.448015,6.168784,6.934503,44.248615,-0.033573,0.94243,0.045929,0.329529,-5.333553,0.669688,-15.111887,-0.019542,0.893701,0.014118,0.448015,17.811762,1.401513,35.716721
394,3.283333,-0.030599,0.919885,0.011073,0.390836,1.371859,86.631744,15.155007,-0.124901,0.907207,0.149868,0.372714,0.868236,94.369278,15.127513,-0.026358,0.924503,0.006691,0.380204,-6.225411,113.739586,18.87664,0.069432,0.952382,0.087474,0.283718,-7.369052,134.956192,18.71364,0.003328,0.986486,0.024083,0.162031,-5.113148,149.488037,20.175392,-0.106002,0.761908,0.133603,0.624828,-10.345287,129.250229,16.423937,-0.74476,0.061662,0.505212,-0.431614,-13.683796,129.342392,-0.216147,-0.653362,-0.576205,0.184549,0.455025,-2.960298,117.594383,-15.776649,0.212706,0.27928,-0.640983,-0.682569,5.172112,145.552734,-7.178058,-0.101155,0.92325,0.02151,0.370019,-5.020747,129.577789,21.702333,0.435311,0.89607,0.086845,-0.004587,6.956483,132.477692,33.372082,-0.161453,0.424682,0.515357,-0.726625,20.774036,115.136017,31.506702,0.003964,0.216806,0.658849,-0.720345,18.10976,136.971909,20.398451,0.051283,0.927604,0.139567,0.342699,-5.177603,86.181274,8.349247,0.101796,0.970439,-0.008036,0.218678,-5.158817,51.565968,-2.301219,-0.033684,0.942449,0.045837,0.329477,-14.673794,5.235484,-3.669825,-0.092651,0.897783,-0.103533,0.41795,7.921321,87.082222,21.960768,-0.008317,0.908788,-0.144675,0.391285,10.812069,52.263702,31.498373,-0.019491,0.893713,0.014117,0.447993,6.170217,6.933766,44.248753,-0.033684,0.942449,0.045837,0.329477,-5.332973,0.669141,-15.109399,-0.019491,0.893713,0.014117,0.447993,17.812244,1.400069,35.716011
395,3.291667,-0.030642,0.919884,0.011071,0.390835,1.378707,86.63002,15.153832,-0.124916,0.907206,0.14981,0.372732,0.874487,94.367516,15.126049,-0.026376,0.924494,0.006711,0.380224,-6.220176,113.741753,18.873283,0.069585,0.952363,0.087562,0.283717,-7.364865,134.958298,18.710749,0.003201,0.986496,0.024067,0.161977,-5.105406,149.489227,20.176216,-0.105986,0.761914,0.133548,0.624835,-10.340714,129.252258,16.420776,-0.744824,0.061728,0.505268,-0.431429,-13.679029,129.343674,-0.219348,-0.653346,-0.576166,0.184491,0.455121,-2.95845,117.59639,-15.782395,0.212725,0.279338,-0.640891,-0.682625,5.17801,145.552094,-7.179047,-0.101139,0.923253,0.021512,0.370017,-5.016424,129.579956,21.699415,0.4353,0.896073,0.086869,-0.004564,6.960946,132.47934,33.369144,-0.161453,0.4246,0.515341,-0.726685,20.778952,115.13797,31.504272,0.003919,0.216717,0.658898,-0.720327,18.11035,136.974579,20.397398,0.051362,0.927639,0.139564,0.342593,-5.170721,86.178787,8.348092,0.101802,0.97043,-0.008089,0.218716,-5.158547,51.564014,-2.304094,-0.03353,0.94245,0.045958,0.329472,-14.675096,5.233729,-3.668328,-0.092571,0.897769,-0.103555,0.417992,7.928136,87.081261,21.959574,-0.008331,0.90875,-0.144699,0.391364,10.812602,52.26199,31.49634,-0.019555,0.8937,0.014123,0.448015,6.169928,6.93275,44.248871,-0.03353,0.94245,0.045958,0.329472,-5.335602,0.669176,-15.1097,-0.019555,0.8937,0.014123,0.448015,17.813063,1.40006,35.716988
396,3.3,-0.03063,0.9199,0.011106,0.390798,1.381994,86.63031,15.152341,-0.124921,0.90724,0.14971,0.372689,0.877724,94.367805,15.125142,-0.026455,0.924509,0.00664,0.380183,-6.215283,113.742783,18.86886,0.069776,0.952335,0.087735,0.283711,-7.361927,134.959198,18.702332,0.003103,0.986496,0.024139,0.161966,-5.098568,149.488861,20.174242,-0.105982,0.761911,0.133496,0.62485,-10.337443,129.252441,16.413706,-0.744771,0.061786,0.505095,-0.431715,-13.675144,129.342926,-0.226548,-0.653469,-0.576279,0.184375,0.454848,-2.9471,117.590759,-15.780774,0.212598,0.279627,-0.640517,-0.682897,5.184079,145.548981,-7.180615,-0.101127,0.923248,0.021521,0.370033,-5.012746,129.581635,21.691839,0.435232,0.896108,0.086858,-0.004403,6.964318,132.480484,33.362015,-0.161581,0.4246,0.51524,-0.726729,20.785009,115.140511,31.504042,0.003951,0.216722,0.658746,-0.720465,18.111206,136.977356,20.398643,0.051295,0.927686,0.139568,0.342475,-5.16799,86.179512,8.347106,0.101891,0.970452,-0.008071,0.218579,-5.152586,51.564304,-2.30366,-0.033609,0.942426,0.045944,0.329534,-14.677027,5.235705,-3.670105,-0.092569,0.897722,-0.103571,0.418089,7.931978,87.081108,21.957577,-0.008314,0.908745,-0.144732,0.391365,10.814795,52.262051,31.495615,-0.019501,0.893706,0.014153,0.448006,6.169456,6.93368,44.250267,-0.033609,0.942426,0.045944,0.329534,-5.335293,0.671611,-15.109825,-0.019501,0.893706,0.014153,0.448006,17.811989,1.401036,35.717541
397,3.308333,-0.030599,0.919927,0.011054,0.390738,1.384279,86.630951,15.151927,-0.124889,0.907258,0.149622,0.372691,0.880776,94.368492,15.124207,-0.02653,0.9245,0.006691,0.3802,-6.20986,113.745186,18.865234,0.069766,0.952328,0.087855,0.283701,-7.360265,134.961395,18.699472,0.003135,0.986502,0.024153,0.161931,-5.098177,149.490936,20.174683,-0.105848,0.761889,0.133431,0.624914,-10.334687,129.254196,16.410522,-0.744833,0.061851,0.50514,-0.431545,-13.670638,129.347153,-0.230068,-0.653469,-0.57626,0.184289,0.454908,-2.944963,117.595604,-15.786383,0.212736,0.279663,-0.640542,-0.682816,5.189462,145.551346,-7.181259,-0.101122,0.923274,0.021607,0.369963,-5.010236,129.584152,21.68886,0.435217,0.896108,0.086944,-0.004282,6.968613,132.481903,33.357475,-0.16166,0.424564,0.515204,-0.726758,20.789955,115.14212,31.502733,0.00386,0.216707,0.658678,-0.720532,18.112812,136.980148,20.399527,0.051319,0.927689,0.139582,0.342456,-5.166635,86.18029,8.347576,0.101883,0.970451,-0.008096,0.218584,-5.152675,51.565559,-2.304748,-0.033657,0.942419,0.045957,0.329547,-14.676897,5.23684,-3.668706,-0.09255,0.897732,-0.103574,0.418072,7.935193,87.081619,21.956276,-0.008306,0.908735,-0.144748,0.391382,10.816893,52.262352,31.493893,-0.019672,0.893695,0.013976,0.448025,6.169984,6.93441,44.249493,-0.033657,0.942419,0.045957,0.329547,-5.334359,0.673611,-15.108119,-0.019672,0.893695,0.013976,0.448025,17.813808,1.399497,35.719994
398,3.316667,-0.030581,0.919934,0.011012,0.390723,1.38668,86.630157,15.15201,-0.124895,0.907275,0.149529,0.372685,0.883675,94.367729,15.123815,-0.026503,0.924502,0.006562,0.380198,-6.205776,113.745514,18.861338,0.069801,0.952296,0.088061,0.283735,-7.353038,134.961853,18.690933,0.003027,0.986492,0.024211,0.161982,-5.091694,149.49086,20.172367,-0.105807,0.76193,0.133433,0.62487,-10.328302,129.254593,16.403229,-0.744819,0.061885,0.505032,-0.431693,-13.666403,129.348297,-0.236921,-0.653528,-0.576347,0.184193,0.454751,-2.936041,117.594437,-15.788256,0.212781,0.279748,-0.640474,-0.682832,5.194436,145.551315,-7.183076,-0.101162,0.923226,0.021706,0.370067,-5.003809,129.584915,21.681499,0.435198,0.896123,0.086874,-0.004279,6.972146,132.482452,33.35313,-0.161785,0.424601,0.515147,-0.726748,20.794188,115.143059,31.499928,0.00371,0.216718,0.658766,-0.720449,18.115713,136.98143,20.398483,0.051294,0.927749,0.139652,0.342268,-5.164475,86.179489,8.347896,0.101915,0.970447,-0.008137,0.218585,-5.149271,51.565979,-2.308387,-0.033717,0.942396,0.045903,0.329615,-14.677236,5.237934,-3.66925,-0.092543,0.897679,-0.103531,0.418197,7.937835,87.080833,21.956125,-0.008312,0.908698,-0.144795,0.391451,10.819088,52.260826,31.491179,-0.01962,0.893695,0.014077,0.448026,6.169948,6.934202,44.250637,-0.033717,0.942396,0.045903,0.329615,-5.332609,0.673819,-15.106602,-0.01962,0.893695,0.014077,0.448026,17.813726,1.401198,35.719841
399,3.325,-0.030503,0.919947,0.010954,0.390702,1.387901,86.629395,15.15082,-0.124923,0.907279,0.149443,0.372699,0.886364,94.367058,15.122287,-0.02647,0.924497,0.00655,0.380213,-6.20327,113.746536,18.856245,0.069787,0.952285,0.088129,0.283753,-7.349054,134.962967,18.6859,0.003038,0.986486,0.024281,0.162011,-5.088655,149.491928,20.16922,-0.105633,0.761958,0.133383,0.624876,-10.324643,129.25592,16.398075,-0.744851,0.061984,0.50493,-0.431741,-13.663755,129.353012,-0.241852,-0.653605,-0.576362,0.184128,0.454647,-2.929357,117.596626,-15.788502,0.212855,0.279757,-0.640492,-0.682788,5.201491,145.553879,-7.184843,-0.100996,0.923185,0.02156,0.370223,-5.000292,129.585846,21.676514,0.435166,0.896128,0.086987,-0.004239,6.972891,132.479736,33.351894,-0.161886,0.424661,0.515132,-0.726702,20.7962,115.141403,31.498199,0.00353,0.216744,0.658629,-0.720567,18.119431,136.980865,20.397919,0.051296,0.927732,0.139662,0.342312,-5.163655,86.179642,8.34703,0.101942,0.970442,-0.008149,0.218597,-5.147817,51.566349,-2.309942,-0.033628,0.942398,0.045845,0.329628,-14.678447,5.23884,-3.670362,-0.092489,0.897643,-0.103514,0.418292,7.939456,87.07914,21.954609,-0.008384,0.908609,-0.144784,0.391658,10.816736,52.258156,31.487295,-0.019497,0.893705,0.014256,0.448005,6.171264,6.931341,44.247417,-0.033628,0.942398,0.045845,0.329628,-5.334567,0.672222,-15.107324,-0.019497,0.893705,0.014256,0.448005,17.814238,1.401304,35.713596
400,3.333333,-0.030484,0.919963,0.010915,0.390666,1.389623,86.629036,15.150031,-0.124945,0.907285,0.149372,0.372707,0.888598,94.36673,15.121065,-0.026407,0.924495,0.006552,0.380222,-6.201062,113.747513,18.852076,0.069918,0.952277,0.08814,0.283746,-7.344408,134.964081,18.682804,0.002956,0.986491,0.024334,0.161972,-5.080451,149.492355,20.167467,-0.105604,0.761868,0.133237,0.625022,-10.320611,129.257507,16.394632,-0.744922,0.062053,0.504908,-0.431635,-13.653731,129.353226,-0.246505,-0.653546,-0.576421,0.184114,0.454662,-2.91874,117.59716,-15.792992,0.212923,0.279848,-0.640535,-0.682689,5.208285,145.554474,-7.185952,-0.101035,0.923249,0.021677,0.370045,-4.996317,129.586533,21.673185,0.435264,0.89609,0.086895,-0.004176,6.981067,132.480545,33.344227,-0.161986,0.424636,0.515132,-0.726694,20.800598,115.138771,31.494478,0.003498,0.216685,0.658585,-0.720626,18.122786,136.98024,20.397593,0.051315,0.927721,0.139641,0.342347,-5.162479,86.179314,8.346765,0.101917,0.970423,-0.008146,0.218694,-5.147991,51.565735,-2.309304,-0.033466,0.942424,0.045898,0.32956,-14.67616,5.237749,-3.670451,-0.092473,0.897673,-0.103512,0.418231,7.941726,87.078758,21.953299,-0.008326,0.908696,-0.144813,0.391448,10.818694,52.257519,31.485153,-0.019522,0.893675,0.014134,0.448068,6.170168,6.931395,44.24662,-0.033466,0.942424,0.045898,0.32956,-5.335372,0.670922,-15.109855,-0.019522,0.893675,0.014134,0.448068,17.814018,1.39857,35.715801
401,3.341667,-0.030505,0.919977,0.010896,0.390631,1.3935,86.628571,15.149981,-0.124998,0.90728,0.149277,0.372741,0.892272,94.366249,15.120639,-0.02634,0.924479,0.006538,0.380265,-6.199226,113.750771,18.847584,0.069979,0.952254,0.088259,0.283771,-7.339688,134.967499,18.678812,0.002936,0.98649,0.02438,0.161968,-5.075001,149.495239,20.167442,-0.105697,0.761744,0.133232,0.625159,-10.316452,129.261368,16.390205,-0.744876,0.061879,0.50497,-0.431666,-13.64311,129.355652,-0.252235,-0.653487,-0.576468,0.18401,0.45473,-2.90996,117.603615,-15.803025,0.213032,0.279658,-0.64092,-0.682372,5.21613,145.558594,-7.187503,-0.100922,0.923205,0.021557,0.370194,-4.992599,129.589539,21.669254,0.43531,0.896083,0.086726,-0.004307,6.981824,132.481247,33.343906,-0.162092,0.424759,0.515163,-0.726576,20.79954,115.13826,31.492037,0.003483,0.216629,0.658525,-0.720697,18.128492,136.980576,20.396423,0.051283,0.927762,0.139656,0.342233,-5.159104,86.178307,8.347233,0.101954,0.970435,-0.008146,0.21862,-5.143458,51.5648,-2.309062,-0.033652,0.942446,0.045819,0.329489,-14.675112,5.237529,-3.670307,-0.092426,0.897699,-0.103535,0.418179,7.946104,87.078827,21.952728,-0.008318,0.908683,-0.144809,0.39148,10.819851,52.257305,31.484505,-0.019495,0.893642,0.014124,0.448134,6.170302,6.931057,44.245171,-0.033652,0.942446,0.045819,0.329489,-5.334368,0.670363,-15.109613,-0.019495,0.893642,0.014124,0.448134,17.815079,1.397644,35.716007
402,3.35,-0.030582,0.919997,0.010965,0.390576,1.399894,86.629753,15.147466,-0.125006,0.907282,0.149202,0.372763,0.897159,94.36734,15.118679,-0.026211,0.924473,0.006532,0.380289,-6.19457,113.755226,18.843039,0.06977,0.952272,0.088191,0.283784,-7.329869,134.972244,18.676046,0.002985,0.986476,0.024545,0.162031,-5.070479,149.50119,20.161098,-0.105761,0.761791,0.133134,0.625111,-10.307914,129.267044,16.386808,-0.744841,0.061833,0.504956,-0.43175,-13.636133,129.357178,-0.255343,-0.653533,-0.576481,0.183951,0.454671,-2.902066,117.605164,-15.805523,0.212859,0.279888,-0.640576,-0.682653,5.224392,145.559998,-7.18988,-0.100944,0.92322,0.021663,0.370144,-4.984225,129.593475,21.666134,0.435526,0.895987,0.086638,-0.004347,6.991309,132.484619,33.339787,-0.16209,0.424674,0.515293,-0.726535,20.800621,115.135017,31.4872,0.003552,0.216516,0.658555,-0.720703,18.13236,136.982193,20.395508,0.05134,0.92777,0.139626,0.342215,-5.15343,86.178658,8.345466,0.101972,0.970425,-0.00817,0.218657,-5.14254,51.56498,-2.310261,-0.033714,0.942435,0.045819,0.329514,-14.676221,5.23808,-3.670023,-0.092399,0.897663,-0.103568,0.418256,7.953218,87.080849,21.949465,-0.008286,0.908695,-0.144847,0.391438,10.823391,52.259464,31.482809,-0.019257,0.893674,0.014086,0.448083,6.170264,6.934223,44.24575,-0.033714,0.942435,0.045819,0.329514,-5.33426,0.67157,-15.108597,-0.019257,0.893674,0.014086,0.448083,17.811447,1.396677,35.714355
403,3.358333,-0.030561,0.919985,0.01094,0.390607,1.403425,86.631874,15.14546,-0.124972,0.907293,0.149131,0.372774,0.901136,94.369492,15.11641,-0.026231,0.924475,0.006559,0.380283,-6.188577,113.759293,18.838724,0.06976,0.952269,0.088171,0.283803,-7.325101,134.976257,18.672476,0.002994,0.986463,0.024651,0.162091,-5.065824,149.505264,20.15694,-0.105778,0.761804,0.133131,0.625093,-10.302848,129.270966,16.38308,-0.744911,0.061884,0.504925,-0.431658,-13.631712,129.360474,-0.258952,-0.653524,-0.576484,0.183928,0.454691,-2.896554,117.6092,-15.80895,0.212898,0.279915,-0.640577,-0.68263,5.230289,145.56337,-7.191533,-0.100906,0.923231,0.021668,0.370127,-4.979108,129.597504,21.662348,0.435584,0.895953,0.086691,-0.004295,6.997118,132.487457,33.335598,-0.162018,0.424611,0.515359,-0.72654,20.804199,115.135979,31.483835,0.003656,0.216403,0.658502,-0.720785,18.136711,136.983765,20.392899,0.051374,0.927762,0.139568,0.342256,-5.149464,86.180954,8.343026,0.101994,0.970384,-0.008214,0.218827,-5.141836,51.566326,-2.309649,-0.033659,0.942416,0.045797,0.329577,-14.6782,5.239922,-3.667477,-0.092395,0.897663,-0.103611,0.418245,7.956313,87.082794,21.947893,-0.008289,0.908669,-0.144842,0.391501,10.82504,52.262009,31.48385,-0.019178,0.893659,0.014143,0.448113,6.171459,6.936627,44.246109,-0.033659,0.942416,0.045797,0.329577,-5.335339,0.672272,-15.104866,-0.019178,0.893659,0.014143,0.448113,17.812654,1.399511,35.714447
404,3.366667,-0.030549,0.919957,0.010831,0.390677,1.407144,86.633705,15.145278,-0.124865,0.907305,0.14907,0.372807,0.905697,94.371368,15.114717,-0.026476,0.924452,0.006608,0.380322,-6.178765,113.761818,18.836058,0.069946,0.95223,0.088152,0.283892,-7.325708,134.978195,18.667749,0.003014,0.986442,0.024739,0.16221,-5.061048,149.506241,20.153479,-0.105722,0.76172,0.133071,0.625219,-10.300441,129.27124,16.378611,-0.744961,0.06187,0.504905,-0.431597,-13.624382,129.361786,-0.264394,-0.65351,-0.576515,0.183868,0.454696,-2.88825,117.612602,-15.815292,0.213011,0.279916,-0.640571,-0.6826,5.237735,145.565933,-7.194327,-0.100825,0.923271,0.021625,0.370052,-4.97734,129.600876,21.658329,0.43555,0.895986,0.086535,-0.004228,7.001316,132.489044,33.329521,-0.161993,0.424643,0.515306,-0.726565,20.809772,115.138054,31.483578,0.003791,0.216304,0.658596,-0.720728,18.140833,136.984863,20.389669,0.051429,0.927743,0.139549,0.342308,-5.144731,86.182236,8.341908,0.101983,0.970407,-0.008209,0.218731,-5.140663,51.567642,-2.310868,-0.033652,0.942411,0.045802,0.329593,-14.676115,5.241034,-3.668022,-0.092348,0.897727,-0.103642,0.418111,7.959019,87.085175,21.948647,-0.008282,0.908687,-0.144832,0.391462,10.825184,52.264221,31.484774,-0.019199,0.893673,0.013998,0.44809,6.171946,6.938559,44.246189,-0.033652,0.942411,0.045802,0.329593,-5.332933,0.673449,-15.10517,-0.019199,0.893673,0.013998,0.44809,17.812235,1.398003,35.715527
405,3.375,-0.030511,0.919939,0.010878,0.390721,1.410949,86.633484,15.14232,-0.124826,0.907307,0.149003,0.372841,0.90975,94.37117,15.11264,-0.026374,0.924452,0.006595,0.380328,-6.173265,113.765167,18.83234,0.069831,0.952249,0.088144,0.28386,-7.315972,134.981781,18.665167,0.003062,0.986446,0.024821,0.162167,-5.054466,149.510452,20.14963,-0.105854,0.76175,0.133054,0.625163,-10.291821,129.275543,16.375689,-0.744943,0.061768,0.504911,-0.431636,-13.61716,129.361954,-0.267059,-0.653503,-0.576515,0.183852,0.454712,-2.880734,117.615219,-15.819609,0.212987,0.279868,-0.640607,-0.682594,5.24561,145.568054,-7.197353,-0.10093,0.923317,0.021839,0.369895,-4.968708,129.603836,21.655481,0.435704,0.895922,0.086421,-0.004233,7.013154,132.492889,33.323162,-0.161835,0.424467,0.515392,-0.726642,20.815628,115.136978,31.478653,0.003918,0.216127,0.658949,-0.720458,18.143467,136.986252,20.385,0.051404,0.927773,0.1395,0.342249,-5.140319,86.183037,8.338297,0.10203,0.970384,-0.008239,0.218806,-5.136505,51.567268,-2.310642,-0.033594,0.942433,0.04582,0.329535,-14.67668,5.241597,-3.666747,-0.09232,0.897705,-0.103676,0.418155,7.962217,87.083939,21.946344,-0.008277,0.908667,-0.144823,0.391512,10.825033,52.26313,31.484015,-0.01951,0.893649,0.013965,0.448125,6.171044,6.937203,44.244205,-0.033594,0.942433,0.04582,0.329535,-5.335421,0.673898,-15.105422,-0.01951,0.893649,0.013965,0.448125,17.815062,1.399903,35.716522
406,3.383333,-0.030452,0.91991,0.010739,0.390799,1.412098,86.633072,15.141827,-0.124762,0.907326,0.14896,0.372834,0.912588,94.370857,15.110474,-0.026389,0.924466,0.006556,0.380293,-6.167155,113.765511,18.82954,0.069824,0.952246,0.088243,0.283842,-7.309825,134.982117,18.66065,0.00308,0.986447,0.024841,0.162162,-5.049359,149.510681,20.14781,-0.105843,0.761766,0.133026,0.625151,-10.285852,129.275696,16.371874,-0.744889,0.061719,0.50482,-0.431843,-13.611798,129.361679,-0.270753,-0.653562,-0.576582,0.183843,0.454545,-2.870996,117.613815,-15.819414,0.213248,0.2797,-0.640934,-0.682274,5.250811,145.56926,-7.201445,-0.101022,0.923293,0.021877,0.369927,-4.962357,129.604416,21.651247,0.435798,0.895903,0.086138,-0.004299,7.018064,132.495773,33.319832,-0.161782,0.424596,0.515356,-0.726604,20.81687,115.136681,31.477823,0.003925,0.216194,0.658878,-0.720503,18.148285,136.983566,20.378727,0.051436,0.927727,0.139478,0.342379,-5.138081,86.182648,8.336757,0.102051,0.97037,-0.008241,0.218859,-5.135483,51.566689,-2.311571,-0.033586,0.942399,0.045798,0.329635,-14.677546,5.241436,-3.668446,-0.092284,0.897696,-0.103652,0.418189,7.962277,87.083488,21.946898,-0.008256,0.908442,-0.144817,0.392037,10.823146,52.261829,31.482065,-0.019279,0.89351,0.014101,0.448408,6.160182,6.935719,44.238327,-0.033586,0.942399,0.045798,0.329635,-5.334033,0.673083,-15.105012,-0.019279,0.89351,0.014101,0.448408,17.807842,1.398961,35.715271
407,3.391667,-0.030408,0.919889,0.010702,0.390851,1.415522,86.633263,15.140188,-0.124692,0.907334,0.148888,0.372865,0.916864,94.371101,15.108551,-0.02644,0.924459,0.006601,0.380306,-6.159177,113.766899,18.825796,0.069825,0.952229,0.088296,0.283881,-7.30458,134.983368,18.657795,0.0031,0.986436,0.024827,0.162231,-5.044518,149.511826,20.146597,-0.105854,0.761718,0.133061,0.625201,-10.279809,129.276642,16.368689,-0.744826,0.061742,0.504822,-0.431945,-13.603562,129.363495,-0.274374,-0.653617,-0.576601,0.183827,0.45445,-2.862981,117.612709,-15.820989,0.213341,0.279705,-0.640867,-0.682305,5.257922,145.569305,-7.20577,-0.101032,0.923302,0.021907,0.3699,-4.956499,129.605835,21.648226,0.43581,0.895884,0.086272,-0.00422,7.02454,132.497177,33.316185,-0.1616,0.424499,0.515398,-0.726671,20.822899,115.137672,31.474703,0.003962,0.216166,0.65905,-0.720354,18.152332,136.98349,20.373293,0.051477,0.927666,0.139372,0.342579,-5.13394,86.183357,8.33439,0.102008,0.970446,-0.008152,0.218549,-5.134488,51.565544,-2.30793,-0.033677,0.942469,0.045783,0.329427,-14.671289,5.239326,-3.669075,-0.092238,0.897624,-0.103664,0.418352,7.964985,87.08316,21.945986,-0.008354,0.908585,-0.144783,0.391716,10.820811,52.261066,31.481058,-0.01937,0.893646,0.01408,0.448133,6.172043,6.934178,44.239731,-0.033677,0.942469,0.045783,0.329427,-5.331878,0.671381,-15.109158,-0.01937,0.893646,0.01408,0.448133,17.81531,1.397993,35.710297
408,3.4,-0.030403,0.919868,0.010643,0.390903,1.418095,86.633141,15.139656,-0.124655,0.907367,0.148756,0.37285,0.919877,94.371002,15.107179,-0.026495,0.924482,0.00675,0.380244,-6.152936,113.769356,18.820364,0.069914,0.952224,0.088292,0.283878,-7.302912,134.985611,18.657431,0.003082,0.986426,0.024797,0.162292,-5.040307,149.513596,20.14683,-0.105869,0.761674,0.13302,0.62526,-10.277239,129.278778,16.367424,-0.744792,0.061772,0.504824,-0.431997,-13.59835,129.364807,-0.276172,-0.653655,-0.576565,0.183872,0.454422,-2.858032,117.611923,-15.82138,0.213282,0.27972,-0.640836,-0.682346,5.264351,145.569366,-7.210366,-0.101024,0.923299,0.021919,0.369908,-4.953259,129.607895,21.646288,0.435823,0.895901,0.086024,-0.004292,7.027638,132.498795,33.314499,-0.161654,0.424707,0.515325,-0.726589,20.825451,115.138664,31.47488,0.004036,0.216407,0.658839,-0.720475,18.159988,136.981827,20.368883,0.051544,0.927605,0.139317,0.342759,-5.13061,86.182922,8.33315,0.101858,0.970599,-0.008128,0.217935,-5.134977,51.56451,-2.307192,-0.033575,0.942603,0.045981,0.329025,-14.658507,5.235356,-3.66136,-0.092252,0.897665,-0.103734,0.418241,7.9668,87.083359,21.946161,-0.008259,0.908696,-0.144775,0.391463,10.822505,52.262508,31.485821,-0.019559,0.893619,0.013942,0.448182,6.169388,6.935245,44.24157,-0.033575,0.942603,0.045981,0.329025,-5.329194,0.671678,-15.111383,-0.019559,0.893619,0.013942,0.448182,17.81489,1.398023,35.715858
409,3.408333,-0.030424,0.919846,0.010664,0.390952,1.421829,86.633774,15.137592,-0.124588,0.907373,0.148693,0.372884,0.923177,94.371605,15.105249,-0.02643,0.924477,0.006692,0.380261,-6.144993,113.767746,18.816233,0.069781,0.952225,0.088414,0.28387,-7.291461,134.984177,18.652035,0.003074,0.986428,0.024847,0.162275,-5.033613,149.512665,20.143778,-0.105825,0.761675,0.133149,0.625239,-10.266643,129.277725,16.36224,-0.744837,0.061921,0.50486,-0.431855,-13.588993,129.367523,-0.281094,-0.65367,-0.576511,0.183829,0.454486,-2.851115,117.612038,-15.826037,0.213151,0.279856,-0.640604,-0.68255,5.276002,145.567398,-7.212716,-0.101098,0.92323,0.021926,0.370061,-4.942811,129.606247,21.641293,0.435799,0.895915,0.086003,-0.004324,7.033761,132.499023,33.313488,-0.161696,0.424777,0.515271,-0.726577,20.832529,115.139725,31.473103,0.004014,0.21664,0.658716,-0.720517,18.167187,136.98233,20.365316,0.05154,0.927633,0.139305,0.342687,-5.126128,86.183342,8.330378,0.102067,0.970404,-0.00821,0.218704,-5.131366,51.564651,-2.309059,-0.033546,0.942426,0.045877,0.329551,-14.674512,5.239663,-3.667564,-0.092228,0.89768,-0.103801,0.418197,7.969786,87.084198,21.944805,-0.008228,0.908755,-0.144784,0.391323,10.822376,52.264034,31.487888,-0.019627,0.89363,0.013896,0.448161,6.16828,6.936958,44.243958,-0.033546,0.942426,0.045877,0.329551,-5.333183,0.673079,-15.10663,-0.019627,0.89363,0.013896,0.448161,17.813847,1.399437,35.718525
410,3.416667,-0.030416,0.919832,0.010711,0.390984,1.425772,86.635201,15.134289,-0.124677,0.907384,0.148523,0.372894,0.926957,94.373032,15.102662,-0.02628,0.924502,0.00684,0.380209,-6.143384,113.773941,18.806496,0.06987,0.952213,0.088488,0.283863,-7.286362,134.990631,18.650606,0.003048,0.986421,0.024809,0.162324,-5.026625,149.518555,20.145147,-0.105889,0.761657,0.133036,0.625275,-10.262771,129.285538,16.358984,-0.744766,0.061883,0.504832,-0.432018,-13.58314,129.371506,-0.284761,-0.653755,-0.576549,0.183761,0.454342,-2.843787,117.614403,-15.827439,0.213312,0.279841,-0.64053,-0.682575,5.282141,145.570801,-7.216362,-0.101012,0.923215,0.021937,0.370122,-4.93823,129.61116,21.637501,0.435678,0.895966,0.086096,-0.004241,7.037383,132.501022,33.311398,-0.161617,0.424853,0.515191,-0.726607,20.840868,115.145279,31.472963,0.004021,0.216821,0.658667,-0.720507,18.174862,136.983047,20.360046,0.051594,0.927535,0.139202,0.342987,-5.121714,86.185295,8.32659,0.102115,0.970403,-0.008206,0.218687,-5.12975,51.564934,-2.307428,-0.033577,0.9424,0.045865,0.329623,-14.677176,5.24086,-3.66713,-0.092242,0.897651,-0.103873,0.418239,7.973258,87.085114,21.941986,-0.008236,0.908709,-0.144788,0.39143,10.824043,52.266205,31.490192,-0.019502,0.893643,0.013982,0.448137,6.168915,6.939259,44.246334,-0.033577,0.9424,0.045865,0.329623,-5.333848,0.674285,-15.104561,-0.019502,0.893643,0.013982,0.448137,17.813152,1.402309,35.718723
411,3.425,-0.030386,0.919823,0.01067,0.39101,1.428448,86.635628,15.133466,-0.124653,0.907358,0.148464,0.372991,0.930305,94.373497,15.101412,-0.026267,0.924459,0.00691,0.380314,-6.139402,113.77742,18.803082,0.070016,0.952188,0.08846,0.283921,-7.28302,134.994095,18.650032,0.003017,0.986424,0.024767,0.162312,-5.018961,149.521286,20.145168,-0.10582,0.761613,0.132962,0.625354,-10.258737,129.289246,16.356915,-0.744822,0.061955,0.504872,-0.431864,-13.57621,129.375977,-0.287399,-0.653785,-0.576473,0.183739,0.454405,-2.839081,117.619003,-15.831714,0.2134,0.279855,-0.640599,-0.682477,5.29266,145.573502,-7.21996,-0.100903,0.92325,0.02194,0.370063,-4.935383,129.614273,21.636665,0.435599,0.896003,0.086113,-0.004156,7.042447,132.500809,33.309101,-0.161741,0.425103,0.515076,-0.726515,20.849022,115.147171,31.474014,0.003955,0.217212,0.658287,-0.720737,18.187819,136.981827,20.356964,0.051614,0.927525,0.1392,0.343013,-5.118685,86.185944,8.325414,0.10212,0.970392,-0.008245,0.218732,-5.127837,51.565697,-2.30897,-0.033568,0.942395,0.045852,0.329641,-14.676404,5.241773,-3.665631,-0.092219,0.897664,-0.103899,0.41821,7.975581,87.08532,21.941519,-0.008243,0.908705,-0.144779,0.391441,10.824396,52.266514,31.490685,-0.019307,0.893646,0.014039,0.448137,6.170096,6.939328,44.246284,-0.033568,0.942395,0.045852,0.329641,-5.332767,0.674744,-15.102631,-0.019307,0.893646,0.014039,0.448137,17.812603,1.401267,35.717033
412,3.433333,-0.030339,0.9198,0.010658,0.391068,1.429356,86.636147,15.130109,-0.124609,0.907355,0.148445,0.37302,0.931963,94.374062,15.09815,-0.026217,0.924455,0.006857,0.380328,-6.135751,113.77813,18.799505,0.070082,0.95216,0.088604,0.283952,-7.276524,134.994949,18.645145,0.003047,0.986423,0.024661,0.162333,-5.011833,149.521545,20.145004,-0.105759,0.761543,0.133118,0.625417,-10.252934,129.290359,16.352278,-0.744817,0.06208,0.504884,-0.431841,-13.568179,129.382507,-0.292455,-0.653828,-0.576443,0.183728,0.454386,-2.832256,117.621681,-15.834695,0.213433,0.279861,-0.640603,-0.68246,5.301818,145.575958,-7.22446,-0.100867,0.923235,0.021867,0.370114,-4.929698,129.61499,21.632174,0.43564,0.895993,0.086004,-0.004103,7.047101,132.501251,33.305748,-0.161737,0.425257,0.515072,-0.726428,20.852087,115.14592,31.474745,0.004099,0.21738,0.658184,-0.72078,18.197159,136.979248,20.353884,0.051617,0.927486,0.139154,0.343135,-5.116982,86.187225,8.321241,0.102107,0.97038,-0.008252,0.218789,-5.126084,51.566078,-2.31022,-0.033563,0.942419,0.04586,0.329572,-14.673535,5.241907,-3.66657,-0.092238,0.8976,-0.103886,0.418346,7.975694,87.08506,21.938976,-0.008258,0.908678,-0.144788,0.3915,10.824696,52.2663,31.488255,-0.019602,0.893648,0.013929,0.448124,6.170553,6.939373,44.24485,-0.033563,0.942419,0.04586,0.329572,-5.331589,0.675023,-15.105009,-0.019602,0.893648,0.013929,0.448124,17.815313,1.402363,35.717995
413,3.441667,-0.030299,0.919786,0.010571,0.391107,1.43139,86.63472,15.130347,-0.124594,0.907352,0.148373,0.37306,0.935095,94.372704,15.097364,-0.026164,0.924445,0.00684,0.380356,-6.132388,113.781189,18.796612,0.070145,0.952133,0.08868,0.284004,-7.270793,134.998138,18.642426,0.003022,0.986415,0.024605,0.162393,-5.004945,149.524261,20.145119,-0.10574,0.761517,0.133037,0.62547,-10.247703,129.2939,16.349321,-0.744772,0.062068,0.504889,-0.431913,-13.560841,129.385132,-0.29583,-0.653846,-0.576432,0.183737,0.45437,-2.825071,117.623138,-15.837276,0.213357,0.27983,-0.640572,-0.682526,5.309562,145.577698,-7.228512,-0.10082,0.923234,0.021929,0.370125,-4.924742,129.617889,21.62953,0.435692,0.895981,0.08587,-0.004118,7.052093,132.501877,33.303612,-0.161713,0.425464,0.515034,-0.72634,20.855066,115.144753,31.474411,0.003994,0.217612,0.658146,-0.720745,18.20694,136.975311,20.347279,0.051655,0.927458,0.139134,0.343212,-5.114408,86.185867,8.320957,0.102102,0.970402,-0.008218,0.218695,-5.125625,51.564598,-2.31008,-0.033638,0.942446,0.045825,0.32949,-14.672051,5.240285,-3.668505,-0.092203,0.897637,-0.103865,0.418281,7.977189,87.083572,21.939737,-0.00825,0.908651,-0.14479,0.391562,10.825257,52.264034,31.486469,-0.019438,0.893642,0.014092,0.448138,6.169452,6.937152,44.242603,-0.033638,0.942446,0.045825,0.32949,-5.331401,0.673138,-15.107897,-0.019438,0.893642,0.014092,0.448138,17.813566,1.402184,35.713543
414,3.45,-0.030267,0.919778,0.010577,0.391126,1.432605,86.635101,15.128097,-0.12448,0.90734,0.148328,0.373146,0.936725,94.373116,15.095383,-0.02615,0.924404,0.006803,0.380456,-6.125543,113.781631,18.793831,0.070396,0.952096,0.088758,0.284042,-7.262806,134.998627,18.638262,0.002862,0.986429,0.024588,0.162311,-4.990584,149.5233,20.145338,-0.105568,0.76158,0.133054,0.625419,-10.239511,129.294418,16.344812,-0.744783,0.06215,0.504866,-0.431909,-13.556054,129.389984,-0.299639,-0.65391,-0.57641,0.183707,0.454319,-2.819702,117.62574,-15.838989,0.213447,0.279837,-0.640549,-0.682516,5.317189,145.580261,-7.232177,-0.100724,0.923216,0.021817,0.370205,-4.917688,129.618408,21.626167,0.435746,0.89597,0.085702,-0.004183,7.057805,132.500702,33.302055,-0.161755,0.425608,0.51501,-0.726263,20.858646,115.141823,31.473312,0.003953,0.21779,0.658132,-0.720704,18.21529,136.971893,20.343321,0.051603,0.92751,0.139152,0.343074,-5.112944,86.186852,8.318429,0.102164,0.970347,-0.008288,0.218908,-5.121848,51.565544,-2.31251,-0.033626,0.942423,0.045731,0.329571,-14.675093,5.242548,-3.66789,-0.092208,0.897626,-0.103874,0.418301,7.978154,87.083351,21.937763,-0.008244,0.90869,-0.144802,0.391467,10.826071,52.264023,31.485283,-0.019435,0.89368,0.014026,0.448064,6.170635,6.937483,44.242752,-0.033626,0.942423,0.045731,0.329571,-5.33287,0.672729,-15.104925,-0.019435,0.89368,0.014026,0.448064,17.81299,1.400727,35.712444
415,3.458333,-0.030304,0.91977,0.010551,0.391144,1.435202,86.63607,15.127954,-0.124375,0.907375,0.148228,0.373137,0.938947,94.374062,15.09463,-0.026138,0.924421,0.006835,0.380417,-6.117614,113.784195,18.791059,0.070408,0.95209,0.088799,0.284047,-7.25493,135.001205,18.637007,0.002823,0.986422,0.024551,0.162361,-4.982717,149.525757,20.145374,-0.105696,0.761489,0.133152,0.625486,-10.231826,129.297134,16.343433,-0.744774,0.062133,0.504949,-0.431831,-13.544605,129.39212,-0.301775,-0.653848,-0.576402,0.18373,0.454408,-2.81189,117.628647,-15.844228,0.213431,0.279812,-0.640574,-0.682508,5.325057,145.582321,-7.234718,-0.100682,0.923182,0.021815,0.370299,-4.909542,129.620773,21.62435,0.435513,0.896066,0.085898,-0.004057,7.06388,132.501602,33.302727,-0.161506,0.425519,0.514901,-0.726448,20.873821,115.149734,31.47608,0.004098,0.21789,0.658293,-0.720526,18.22139,136.972794,20.339193,0.051589,0.927532,0.139157,0.343013,-5.110045,86.186989,8.318047,0.102184,0.970347,-0.008295,0.218898,-5.118558,51.565681,-2.312893,-0.033668,0.942444,0.045716,0.329509,-14.6738,5.243087,-3.667992,-0.092217,0.897637,-0.103848,0.418282,7.980448,87.085159,21.937862,-0.008184,0.908708,-0.144873,0.391401,10.829976,52.26556,31.483925,-0.019509,0.89364,0.013874,0.448145,6.167663,6.940868,44.245457,-0.033668,0.942444,0.045716,0.329509,-5.332701,0.67323,-15.105936,-0.019509,0.89364,0.013874,0.448145,17.811613,1.401239,35.719189
416,3.466667,-0.030301,0.919768,0.010577,0.391149,1.437839,86.636696,15.125876,-0.124287,0.907367,0.148201,0.373194,0.941473,94.37468,15.092937,-0.026097,0.924398,0.006879,0.380473,-6.111246,113.784958,18.789165,0.070332,0.952114,0.088707,0.284015,-7.24763,135.002029,18.637432,0.002876,0.986437,0.024602,0.162259,-4.976766,149.527115,20.142447,-0.105587,0.761504,0.133119,0.625494,-10.224499,129.29837,16.342848,-0.744814,0.062141,0.505032,-0.431663,-13.537732,129.395447,-0.302255,-0.653778,-0.576333,0.183795,0.45457,-2.808794,117.633781,-15.848679,0.213315,0.279774,-0.640535,-0.682597,5.331483,145.585892,-7.237253,-0.100644,0.923172,0.021754,0.370339,-4.902827,129.621155,21.624432,0.435544,0.896046,0.085944,-0.004073,7.069863,132.501465,33.303688,-0.161331,0.425512,0.514976,-0.726438,20.878592,115.148804,31.475386,0.004073,0.217815,0.658599,-0.720269,18.229692,136.970398,20.335188,0.051624,0.927531,0.139115,0.343029,-5.107346,86.187859,8.315894,0.10219,0.970311,-0.008348,0.219052,-5.119124,51.565964,-2.313114,-0.033562,0.942435,0.045828,0.329529,-14.675786,5.243569,-3.664917,-0.092215,0.897636,-0.103858,0.418282,7.983022,87.085541,21.93586,-0.008206,0.90866,-0.144889,0.391506,10.8321,52.266048,31.482458,-0.019434,0.893637,0.013886,0.448154,6.16964,6.941831,44.245605,-0.033562,0.942435,0.045828,0.329529,-5.334956,0.675778,-15.103907,-0.019434,0.893637,0.013886,0.448154,17.813038,1.401518,35.719032
417,3.475,-0.030294,0.919759,0.010602,0.39117,1.439775,86.636803,15.123786,-0.124149,0.907386,0.148137,0.37322,0.94337,94.374786,15.091237,-0.026121,0.924391,0.006884,0.380489,-6.103165,113.786911,18.787071,0.070365,0.952124,0.088704,0.283971,-7.240573,135.003937,18.635132,0.002899,0.986455,0.024619,0.162146,-4.968784,149.528885,20.140181,-0.105634,0.761514,0.133076,0.625483,-10.217084,129.30011,16.340487,-0.744879,0.062145,0.504998,-0.43159,-13.530435,129.394974,-0.304604,-0.653744,-0.576356,0.18381,0.454584,-2.800015,117.635277,-15.85149,0.213425,0.279737,-0.640616,-0.682501,5.338319,145.587662,-7.239159,-0.100579,0.923159,0.021759,0.37039,-4.895617,129.623199,21.622253,0.435712,0.895967,0.085907,-0.004176,7.076228,132.501312,33.30291,-0.161261,0.425475,0.515136,-0.726362,20.878408,115.143898,31.470579,0.004186,0.21777,0.658736,-0.720157,18.235962,136.968277,20.332354,0.051587,0.927536,0.139104,0.343025,-5.105104,86.188293,8.313493,0.102266,0.970309,-0.008382,0.219026,-5.114729,51.565922,-2.313956,-0.033606,0.942399,0.045789,0.329634,-14.679046,5.245054,-3.663952,-0.092249,0.897608,-0.103868,0.418332,7.984655,87.08532,21.93408,-0.008131,0.908731,-0.144918,0.391332,10.835083,52.266457,31.482542,-0.019396,0.893639,0.014002,0.448148,6.167503,6.942901,44.246204,-0.033606,0.942399,0.045789,0.329634,-5.335385,0.676657,-15.100382,-0.019396,0.893639,0.014002,0.448148,17.810959,1.405046,35.718109
418,3.483333,-0.030271,0.919768,0.010587,0.39115,1.443245,86.636528,15.12231,-0.124075,0.907394,0.148104,0.373239,0.947249,94.374535,15.089689,-0.026103,0.924383,0.006898,0.380509,-6.09622,113.788185,18.785427,0.070362,0.952112,0.088737,0.284004,-7.233156,135.005234,18.634329,0.002901,0.98645,0.024555,0.162189,-4.961708,149.530121,20.140406,-0.105613,0.761515,0.133039,0.625493,-10.209696,129.301575,16.339319,-0.744791,0.062081,0.505021,-0.431724,-13.52275,129.39624,-0.305831,-0.653773,-0.576363,0.183794,0.45454,-2.793007,117.635452,-15.852359,0.213348,0.279754,-0.640587,-0.682545,5.345184,145.588196,-7.241063,-0.100496,0.923141,0.021719,0.370458,-4.888443,129.624329,21.621325,0.43583,0.895936,0.085636,-0.004283,7.082241,132.500244,33.303715,-0.161174,0.425513,0.51526,-0.726271,20.879818,115.139091,31.471937,0.004492,0.217512,0.658945,-0.720042,18.245214,136.964539,20.332809,0.051617,0.927536,0.139073,0.343032,-5.101952,86.188286,8.312302,0.102245,0.970326,-0.008375,0.218959,-5.114258,51.565491,-2.313781,-0.033622,0.942435,0.045826,0.329522,-14.676577,5.244198,-3.663362,-0.092186,0.897613,-0.103913,0.418323,7.988442,87.084778,21.932318,-0.008216,0.908656,-0.144905,0.391508,10.833487,52.265739,31.48176,-0.019571,0.893686,0.013911,0.448049,6.171267,6.941968,44.246578,-0.033622,0.942435,0.045826,0.329522,-5.335309,0.676934,-15.102201,-0.019571,0.893686,0.013911,0.448049,17.814205,1.40406,35.717815
419,3.491667,-0.030254,0.919786,0.010534,0.391111,1.444978,86.636246,15.122705,-0.12399,0.90741,0.147967,0.373282,0.949548,94.37429,15.089462,-0.026083,0.924366,0.006956,0.380552,-6.088525,113.789413,18.781008,0.070659,0.95208,0.088752,0.28403,-7.225625,135.00647,18.632444,0.002678,0.98646,0.024484,0.162145,-4.945976,149.529785,20.141455,-0.105575,0.761508,0.133015,0.625513,-10.201916,129.30307,16.336464,-0.744855,0.062213,0.505042,-0.431571,-13.514401,129.398331,-0.308803,-0.653727,-0.576359,0.183828,0.454596,-2.7863,117.63604,-15.855334,0.213362,0.279814,-0.640525,-0.682575,5.35138,145.588654,-7.243035,-0.100454,0.923128,0.021622,0.370509,-4.881129,129.625214,21.618979,0.436011,0.895847,0.085641,-0.004286,7.088582,132.500961,33.302414,-0.161047,0.425507,0.515432,-0.72618,20.879137,115.134323,31.469763,0.004591,0.217452,0.659168,-0.719855,18.253057,136.960754,20.330963,0.05162,0.927534,0.139121,0.343018,-5.100811,86.187897,8.313271,0.102275,0.970328,-0.008382,0.218939,-5.112308,51.566101,-2.316062,-0.033659,0.942426,0.045721,0.32956,-14.677495,5.24539,-3.665405,-0.092122,0.897727,-0.103949,0.418085,7.990767,87.084595,21.93214,-0.008177,0.908738,-0.144913,0.391318,10.833093,52.26524,31.481255,-0.019494,0.893681,0.013938,0.448062,6.169841,6.941626,44.246292,-0.033659,0.942426,0.045721,0.32956,-5.335248,0.675612,-15.102443,-0.019494,0.893681,0.013938,0.448062,17.812351,1.403395,35.717148
420,3.5,-0.030226,0.919792,0.010511,0.3911,1.447089,86.636719,15.120975,-0.123955,0.907416,0.14795,0.373286,0.952196,94.374794,15.087588,-0.02604,0.924365,0.006911,0.380557,-6.084268,113.79039,18.779039,0.070871,0.952047,0.088893,0.284046,-7.218949,135.007568,18.629391,0.002637,0.986467,0.024369,0.162117,-4.93456,149.529526,20.144167,-0.10556,0.761482,0.13294,0.625564,-10.195861,129.304382,16.33366,-0.744809,0.062165,0.505051,-0.431647,-13.50632,129.398758,-0.312015,-0.653733,-0.576391,0.183775,0.45457,-2.778368,117.636314,-15.858536,0.213337,0.279835,-0.640561,-0.68254,5.35829,145.588593,-7.244253,-0.100257,0.92312,0.021517,0.370588,-4.875103,129.626205,21.616226,0.436075,0.895809,0.085709,-0.004267,7.093944,132.497009,33.301556,-0.161019,0.425456,0.515537,-0.726142,20.882015,115.128479,31.468109,0.004683,0.217415,0.659407,-0.719647,18.259064,136.957199,20.331797,0.051606,0.927584,0.139126,0.342884,-5.098902,86.18869,8.311714,0.102259,0.970372,-0.008362,0.218748,-5.110838,51.566895,-2.317605,-0.033557,0.942446,0.045745,0.329511,-14.674467,5.245852,-3.666583,-0.09209,0.897697,-0.103974,0.418149,7.993081,87.084755,21.930237,-0.008213,0.908702,-0.144894,0.391407,10.831894,52.265339,31.480175,-0.019465,0.89366,0.013925,0.448106,6.171165,6.941256,44.244461,-0.033557,0.942446,0.045745,0.329511,-5.334324,0.675692,-15.105188,-0.019465,0.89366,0.013925,0.448106,17.814167,1.402331,35.716442
421,3.508333,-0.030195,0.919795,0.010521,0.391094,1.449016,86.636276,15.118352,-0.123916,0.907428,0.147858,0.373305,0.954507,94.374374,15.085295,-0.025952,0.92437,0.006991,0.380548,-6.079117,113.79129,18.773777,0.070959,0.952044,0.088921,0.284025,-7.211643,135.008621,18.628702,0.002619,0.986475,0.024325,0.162077,-4.925025,149.530075,20.144936,-0.105503,0.761505,0.132841,0.625566,-10.189193,129.306213,16.331829,-0.744727,0.062144,0.504976,-0.431879,-13.499939,129.399902,-0.313789,-0.653797,-0.576461,0.183746,0.4544,-2.768496,117.634598,-15.855716,0.213334,0.279897,-0.640526,-0.682549,5.363887,145.589203,-7.244979,-0.10016,0.923095,0.021451,0.37068,-4.868268,129.626373,21.614325,0.436167,0.895751,0.085851,-0.004223,7.099132,132.494827,33.30191,-0.161048,0.425509,0.515624,-0.726042,20.88365,115.123627,31.467115,0.004596,0.217538,0.65936,-0.719653,18.267483,136.953201,20.332825,0.051626,0.927586,0.139109,0.342882,-5.097095,86.18885,8.309166,0.102269,0.970323,-0.008431,0.218959,-5.110855,51.566856,-2.319507,-0.03341,0.942448,0.04578,0.329514,-14.676535,5.246127,-3.66448,-0.092096,0.897683,-0.104009,0.41817,7.995128,87.083694,21.927538,-0.00816,0.908785,-0.144911,0.391208,10.833046,52.264915,31.480021,-0.019577,0.893662,0.013901,0.448097,6.169938,6.941229,44.24482,-0.03341,0.942448,0.04578,0.329514,-5.337689,0.67543,-15.10393,-0.019577,0.893662,0.013901,0.448097,17.81381,1.403158,35.717438
422,3.516667,-0.030228,0.919814,0.010549,0.391045,1.454068,86.638107,15.116468,-0.12393,0.907423,0.147801,0.373335,0.958905,94.376167,15.083633,-0.025919,0.924352,0.006963,0.380595,-6.074161,113.792633,18.769342,0.071315,0.952001,0.088808,0.284113,-7.204901,135.010056,18.623634,0.00237,0.986459,0.024428,0.162159,-4.907343,149.529785,20.139858,-0.105533,0.761484,0.132852,0.625584,-10.182693,129.307861,16.326597,-0.744728,0.062172,0.504942,-0.431912,-13.492478,129.401154,-0.319213,-0.653808,-0.576507,0.183679,0.454354,-2.759677,117.634819,-15.859435,0.21333,0.279948,-0.640423,-0.682625,5.371032,145.589249,-7.24648,-0.099981,0.923088,0.02136,0.37075,-4.862279,129.627686,21.609625,0.436138,0.895727,0.08626,-0.003979,7.104559,132.491608,33.298897,-0.161059,0.425468,0.515675,-0.726028,20.890284,115.121147,31.466002,0.004397,0.217571,0.65946,-0.719553,18.275,136.952072,20.334179,0.051712,0.927627,0.139035,0.342789,-5.092724,86.190285,8.307966,0.101955,0.970505,-0.008286,0.218304,-5.115164,51.56744,-2.31794,-0.03348,0.942685,0.045988,0.328799,-14.650252,5.240411,-3.663248,-0.092061,0.897723,-0.104099,0.41807,8.000861,87.08593,21.924969,-0.008167,0.908743,-0.144912,0.391306,10.834754,52.268021,31.48185,-0.019388,0.893699,0.013928,0.448031,6.170878,6.944379,44.246517,-0.03348,0.942685,0.045988,0.328799,-5.327278,0.675866,-15.118086,-0.019388,0.893699,0.013928,0.448031,17.811668,1.404484,35.716114
423,3.525,-0.030203,0.919841,0.010487,0.390987,1.455861,86.6381,15.116231,-0.123878,0.907432,0.14768,0.37338,0.961435,94.376198,15.082699,-0.025747,0.924337,0.006948,0.380644,-6.067095,113.791977,18.763906,0.071143,0.951996,0.088997,0.284115,-7.190867,135.009796,18.620358,0.002453,0.986465,0.024364,0.162133,-4.899709,149.530121,20.140553,-0.105431,0.761618,0.132872,0.625434,-10.170299,129.308807,16.322412,-0.744679,0.062201,0.504866,-0.432082,-13.48717,129.404037,-0.321978,-0.653857,-0.576575,0.183637,0.454213,-2.751113,117.634514,-15.857537,0.213331,0.279988,-0.640336,-0.68269,5.375778,145.590637,-7.246516,-0.100014,0.923028,0.021373,0.370892,-4.850307,129.626328,21.606007,0.436284,0.895639,0.086441,-0.003923,7.112753,132.490814,33.299007,-0.161069,0.425414,0.515806,-0.725964,20.892818,115.116074,31.464302,0.004289,0.217595,0.659509,-0.719501,18.281946,136.949677,20.337072,0.051676,0.927592,0.139115,0.342856,-5.091821,86.190239,8.308586,0.102329,0.97029,-0.008499,0.219077,-5.109074,51.568733,-2.321701,-0.033536,0.942399,0.045693,0.329654,-14.681413,5.249265,-3.662788,-0.092076,0.897765,-0.10415,0.417963,8.003543,87.08596,21.923876,-0.008103,0.908818,-0.144914,0.391131,10.837963,52.269012,31.484091,-0.019468,0.893709,0.013859,0.448009,6.170952,6.945312,44.247437,-0.033536,0.942399,0.045693,0.329654,-5.338207,0.6775,-15.098247,-0.019468,0.893709,0.013859,0.448009,17.811823,1.404693,35.717613
424,3.533333,-0.030151,0.919849,0.010429,0.390973,1.459228,86.637695,15.115086,-0.123897,0.907425,0.147593,0.373425,0.965891,94.375862,15.081048,-0.025777,0.924317,0.007052,0.380688,-6.063279,113.795349,18.758902,0.071334,0.95199,0.088778,0.284156,-7.189869,135.013031,18.6189,0.002534,0.986457,0.024465,0.162169,-4.891544,149.5327,20.134584,-0.105478,0.761516,0.132715,0.625584,-10.168329,129.312057,16.3197,-0.744677,0.062187,0.504875,-0.432076,-13.478526,129.403748,-0.326039,-0.653848,-0.576602,0.183581,0.454215,-2.742805,117.634651,-15.862163,0.213348,0.280002,-0.640261,-0.68275,5.383461,145.589996,-7.24804,-0.099713,0.923075,0.021281,0.370859,-4.848865,129.629364,21.60384,0.436284,0.895638,0.086448,-0.003881,7.117064,132.485764,33.295891,-0.161196,0.425433,0.51582,-0.725915,20.897146,115.11087,31.462702,0.004292,0.217644,0.659721,-0.719292,18.287714,136.947189,20.338873,0.051672,0.927626,0.139126,0.34276,-5.088725,86.190292,8.307669,0.102356,0.970296,-0.008502,0.219038,-5.106484,51.568977,-2.323212,-0.033402,0.942419,0.045665,0.329614,-14.681355,5.250031,-3.664213,-0.092093,0.897688,-0.104133,0.41813,8.00718,87.085091,21.922503,-0.008097,0.90879,-0.144947,0.391186,10.841439,52.268124,31.482697,-0.019429,0.89371,0.013889,0.44801,6.171906,6.945336,44.248344,-0.033402,0.942419,0.045665,0.329614,-5.340506,0.676125,-15.100744,-0.019429,0.89371,0.013889,0.44801,17.812529,1.404979,35.718002
425,3.541667,-0.030102,0.919853,0.010395,0.390969,1.460586,86.637344,15.112704,-0.123848,0.90743,0.147567,0.373438,0.968152,94.375572,15.078482,-0.025571,0.924322,0.006905,0.380693,-6.058306,113.794472,18.755825,0.071192,0.951956,0.089096,0.284208,-7.174459,135.01268,18.61338,0.002556,0.986443,0.024342,0.162266,-4.882759,149.532562,20.137079,-0.105366,0.761647,0.132755,0.625435,-10.155699,129.312912,16.314802,-0.744744,0.062558,0.504759,-0.432044,-13.47301,129.407196,-0.329505,-0.653883,-0.576611,0.183663,0.45412,-2.734104,117.628609,-15.856223,0.213356,0.280011,-0.640268,-0.682737,5.3897,145.586761,-7.248844,-0.099693,0.92301,0.021272,0.371027,-4.836133,129.628204,21.598959,0.436487,0.895543,0.086407,-0.003923,7.125707,132.483749,33.295406,-0.161218,0.425467,0.515954,-0.725795,20.897892,115.102768,31.460571,0.004333,0.217637,0.65954,-0.71946,18.296736,136.941452,20.339714,0.051642,0.927622,0.139083,0.342793,-5.087483,86.190544,8.305363,0.102376,0.970327,-0.008472,0.218889,-5.103986,51.568138,-2.321973,-0.033424,0.942425,0.045628,0.329599,-14.680285,5.249533,-3.664726,-0.092049,0.897751,-0.104197,0.417987,8.008656,87.084152,21.920046,-0.008097,0.908818,-0.144947,0.391121,10.839643,52.267551,31.482553,-0.01929,0.893702,0.013937,0.44803,6.171047,6.944743,44.248466,-0.033424,0.942425,0.045628,0.329599,-5.339676,0.674819,-15.101128,-0.01929,0.893702,0.013937,0.44803,17.810835,1.403774,35.717392
426,3.55,-0.030045,0.919834,0.010285,0.391021,1.463209,86.636024,15.111825,-0.123953,0.907408,0.147597,0.373444,0.972258,94.374344,15.076344,-0.025614,0.924318,0.006908,0.3807,-6.058966,113.792786,18.753195,0.071365,0.951976,0.088858,0.284172,-7.176847,135.01091,18.610147,0.002823,0.986452,0.024514,0.162182,-4.878318,149.530273,20.128397,-0.105145,0.761496,0.132576,0.625694,-10.157583,129.310822,16.311678,-0.744754,0.062622,0.504728,-0.432053,-13.465479,129.408722,-0.334485,-0.653892,-0.576635,0.183601,0.454101,-2.725565,117.628357,-15.859154,0.213313,0.280017,-0.640149,-0.68286,5.39793,145.585831,-7.249345,-0.099545,0.923097,0.021205,0.370855,-4.838131,129.626709,21.595913,0.436596,0.895514,0.086155,-0.003914,7.129035,132.478851,33.287731,-0.161371,0.425561,0.516019,-0.72566,20.89698,115.094009,31.457764,0.004453,0.217447,0.659738,-0.719335,18.302818,136.937622,20.339685,0.05166,0.927619,0.139062,0.342807,-5.084151,86.189423,8.303787,0.102359,0.97036,-0.008448,0.218753,-5.102232,51.56673,-2.322622,-0.033464,0.942464,0.045658,0.329479,-14.676668,5.247754,-3.66578,-0.092053,0.897747,-0.104211,0.417991,8.010569,87.082634,21.919863,-0.008056,0.908859,-0.144926,0.391034,10.841342,52.266312,31.483469,-0.019516,0.893704,0.01382,0.44802,6.171252,6.942863,44.246574,-0.033464,0.942464,0.045658,0.329479,-5.338445,0.674215,-15.104599,-0.019516,0.893704,0.01382,0.44802,17.812637,1.401861,35.717697
427,3.558333,-0.030032,0.919822,0.010254,0.391051,1.467157,86.635223,15.11026,-0.123952,0.907415,0.1476,0.373429,0.976577,94.373558,15.074405,-0.025548,0.924333,0.006833,0.380671,-6.055164,113.793549,18.751781,0.071231,0.951996,0.088858,0.284138,-7.169219,135.011871,18.606882,0.003096,0.986454,0.024536,0.162165,-4.874436,149.531952,20.123928,-0.105108,0.761477,0.132574,0.625723,-10.151132,129.312103,16.309116,-0.74473,0.062631,0.504748,-0.432071,-13.458048,129.411133,-0.337234,-0.65393,-0.576613,0.183536,0.454102,-2.719054,117.629768,-15.861789,0.213233,0.280089,-0.640173,-0.682833,5.40749,145.585876,-7.25042,-0.099496,0.923091,0.021203,0.370882,-4.831289,129.627518,21.592989,0.436732,0.895486,0.085759,-0.004072,7.135521,132.478134,33.285545,-0.161437,0.425639,0.51605,-0.725577,20.898149,115.088974,31.45645,0.00458,0.217327,0.659826,-0.719289,18.308723,136.935028,20.338564,0.051684,0.927639,0.13905,0.342754,-5.079783,86.188629,8.301819,0.102371,0.970348,-0.008485,0.218801,-5.100377,51.565891,-2.324423,-0.033422,0.942442,0.045689,0.329544,-14.676627,5.247214,-3.664938,-0.092016,0.897704,-0.104229,0.418088,8.014096,87.081818,21.918701,-0.008055,0.908857,-0.144938,0.391034,10.840919,52.265285,31.48267,-0.019594,0.8937,0.013803,0.448025,6.17027,6.942162,44.246735,-0.033422,0.942442,0.045689,0.329544,-5.337195,0.67414,-15.102959,-0.019594,0.8937,0.013803,0.448025,17.812475,1.401763,35.718582
428,3.566667,-0.029962,0.919815,0.010234,0.391073,1.467709,86.635994,15.107985,-0.123744,0.907451,0.147522,0.37344,0.978245,94.374397,15.072259,-0.025437,0.924346,0.006796,0.380646,-6.044147,113.796249,18.749866,0.071378,0.951973,0.088947,0.284149,-7.15326,135.014816,18.605358,0.002847,0.986452,0.024525,0.162183,-4.855103,149.533981,20.126162,-0.105106,0.761623,0.132596,0.625541,-10.136625,129.315796,16.307665,-0.744808,0.06267,0.5049,-0.431751,-13.451266,129.413986,-0.337146,-0.653897,-0.576524,0.183464,0.454291,-2.71936,117.635361,-15.868662,0.21331,0.280166,-0.640044,-0.682898,5.414989,145.586929,-7.2499,-0.099521,0.923009,0.021268,0.371076,-4.816426,129.629868,21.591251,0.436868,0.895383,0.086139,-0.00403,7.145335,132.480042,33.289074,-0.161153,0.425443,0.516299,-0.725578,20.902685,115.087364,31.453789,0.004765,0.217212,0.659758,-0.719386,18.317921,136.93309,20.338491,0.051695,0.927607,0.139006,0.342856,-5.078974,86.190475,8.29923,0.102404,0.970331,-0.008497,0.218858,-5.10029,51.56691,-2.324343,-0.033511,0.942429,0.045634,0.329579,-14.679688,5.248886,-3.665014,-0.091994,0.897704,-0.104228,0.418093,8.014393,87.081512,21.91674,-0.008129,0.908685,-0.144933,0.391434,10.839744,52.264668,31.479984,-0.019571,0.893668,0.013829,0.448089,6.169988,6.941536,44.244335,-0.033511,0.942429,0.045634,0.329579,-5.338698,0.675192,-15.101506,-0.019571,0.893668,0.013829,0.448089,17.813297,1.401529,35.717449
429,3.575,-0.029986,0.919804,0.010208,0.391097,1.471887,86.635826,15.107121,-0.12364,0.907459,0.147502,0.373463,0.982243,94.374222,15.070865,-0.025474,0.924335,0.006795,0.38067,-6.035489,113.795807,18.748953,0.071419,0.951985,0.088741,0.284165,-7.146044,135.014297,18.603769,0.002953,0.986445,0.024653,0.162203,-4.845022,149.533569,20.119118,-0.104938,0.761614,0.132633,0.625573,-10.128901,129.315002,16.306089,-0.744795,0.06267,0.504982,-0.431679,-13.443411,129.418533,-0.33872,-0.653911,-0.576508,0.183374,0.454327,-2.715148,117.639992,-15.872838,0.213509,0.280124,-0.640292,-0.68262,5.42229,145.589371,-7.249826,-0.099491,0.922998,0.021168,0.371117,-4.808995,129.629593,21.589941,0.436914,0.895385,0.085875,-0.00419,7.151942,132.479996,33.288555,-0.161232,0.425504,0.516293,-0.725529,20.907433,115.085999,31.451836,0.004786,0.217158,0.659812,-0.719352,18.32481,136.932739,20.337145,0.05176,0.927604,0.138993,0.342859,-5.074419,86.189713,8.298039,0.102396,0.970293,-0.008539,0.219029,-5.100313,51.566376,-2.326264,-0.033343,0.942425,0.045708,0.329598,-14.679645,5.24827,-3.664594,-0.091971,0.897717,-0.104247,0.418066,8.018192,87.081947,21.916203,-0.008059,0.908785,-0.144993,0.39118,10.841784,52.265072,31.479883,-0.019501,0.893644,0.013863,0.448137,6.167406,6.94347,44.247963,-0.033343,0.942425,0.045708,0.329598,-5.339662,0.674949,-15.10206,-0.019501,0.893644,0.013863,0.448137,17.811069,1.403422,35.721581
430,3.583333,-0.030006,0.919782,0.010253,0.391146,1.477237,86.636665,15.104002,-0.12369,0.907424,0.147538,0.373518,0.987043,94.375023,15.06823,-0.025542,0.924306,0.00684,0.380736,-6.033558,113.796326,18.74655,0.071392,0.952014,0.088695,0.284087,-7.147487,135.014648,18.601952,0.003508,0.986476,0.024733,0.161992,-4.846841,149.53418,20.115509,-0.104905,0.761442,0.1325,0.625815,-10.129103,129.314957,16.303644,-0.744808,0.062718,0.504986,-0.431645,-13.433557,129.418213,-0.343162,-0.653884,-0.576472,0.183387,0.454407,-2.705757,117.638733,-15.876863,0.213265,0.2801,-0.640211,-0.682783,5.433926,145.58696,-7.252273,-0.09932,0.923074,0.021065,0.37098,-4.810005,129.630219,21.58827,0.436706,0.895478,0.085972,-0.003994,7.155515,132.476913,33.283096,-0.161248,0.425468,0.516169,-0.725635,20.919149,115.088654,31.453085,0.004831,0.217135,0.660047,-0.719143,18.328714,136.933762,20.336893,0.051819,0.927568,0.138882,0.342993,-5.068323,86.190544,8.294205,0.102399,0.970342,-0.008501,0.21881,-5.099441,51.565434,-2.324276,-0.033537,0.942458,0.045666,0.329489,-14.67855,5.247325,-3.664069,-0.091967,0.897727,-0.10431,0.418028,8.022797,87.082779,21.913799,-0.008014,0.908849,-0.145007,0.391027,10.844546,52.2668,31.481289,-0.019536,0.893716,0.013756,0.447997,6.167924,6.945512,44.24966,-0.033537,0.942458,0.045666,0.329489,-5.339347,0.674743,-15.102464,-0.019536,0.893716,0.013756,0.447997,17.808767,1.403133,35.720951
431,3.591667,-0.029936,0.919772,0.010182,0.391177,1.478788,86.636414,15.103102,-0.123682,0.907419,0.147519,0.37354,0.990018,94.374863,15.066738,-0.025508,0.924297,0.006752,0.38076,-6.030546,113.797691,18.744539,0.07166,0.952009,0.08864,0.284053,-7.141724,135.016129,18.59701,0.003584,0.986496,0.024834,0.161852,-4.833126,149.534332,20.111074,-0.104851,0.76142,0.132426,0.625867,-10.123953,129.316528,16.299311,-0.744889,0.062709,0.504981,-0.431511,-13.426574,129.419891,-0.347866,-0.653844,-0.576464,0.183316,0.454502,-2.698508,117.64357,-15.883788,0.213211,0.280098,-0.640144,-0.682863,5.443311,145.589203,-7.252787,-0.099032,0.923115,0.020867,0.370966,-4.8051,129.631805,21.584185,0.436771,0.895455,0.085881,-0.003956,7.16273,132.472122,33.278202,-0.161456,0.42559,0.516159,-0.725524,20.92387,115.081573,31.451231,0.004799,0.217265,0.659928,-0.719214,18.337748,136.931152,20.337057,0.051831,0.92755,0.138859,0.343051,-5.066394,86.19101,8.292892,0.102405,0.970375,-0.00847,0.218665,-5.098248,51.565521,-2.324362,-0.033501,0.942449,0.04572,0.32951,-14.677482,5.247479,-3.665629,-0.091971,0.897693,-0.104312,0.4181,8.023971,87.081818,21.913311,-0.008037,0.908822,-0.144992,0.391096,10.845178,52.265919,31.481262,-0.0195,0.893689,0.013783,0.448052,6.170095,6.944263,44.248917,-0.033501,0.942449,0.04572,0.32951,-5.337989,0.676037,-15.104251,-0.0195,0.893689,0.013783,0.448052,17.811745,1.40214,35.72113
432,3.6,-0.029864,0.919757,0.010095,0.391221,1.480267,86.635048,15.101677,-0.123538,0.907433,0.1475,0.37356,0.993056,94.373589,15.064476,-0.025333,0.924307,0.006662,0.38075,-6.021857,113.79805,18.743786,0.071517,0.952007,0.088679,0.284086,-7.124704,135.016922,18.595575,0.003582,0.98648,0.02483,0.161952,-4.820427,149.535812,20.109697,-0.104827,0.761504,0.132495,0.625753,-10.109225,129.318405,16.298134,-0.744873,0.062649,0.505135,-0.431367,-13.416852,129.423065,-0.348037,-0.653766,-0.576364,0.183347,0.454729,-2.69537,117.649055,-15.89027,0.212968,0.28002,-0.640122,-0.682991,5.452727,145.59137,-7.254447,-0.099087,0.923041,0.020918,0.371132,-4.790127,129.631775,21.582874,0.43693,0.895362,0.086041,-0.004044,7.173146,132.472809,33.281376,-0.161467,0.425579,0.516263,-0.725454,20.928074,115.078102,31.447168,0.004584,0.217493,0.659773,-0.719288,18.346844,136.929398,20.336174,0.051819,0.92756,0.138852,0.343028,-5.064338,86.190262,8.290874,0.102444,0.970357,-0.008486,0.218725,-5.09584,51.564537,-2.325597,-0.033425,0.942424,0.045673,0.329597,-14.678886,5.247286,-3.666791,-0.091977,0.897701,-0.104321,0.418079,8.024872,87.079826,21.912479,-0.007974,0.908925,-0.144972,0.390865,10.84637,52.264153,31.48114,-0.019413,0.893673,0.013826,0.448086,6.169853,6.941843,44.245918,-0.033425,0.942424,0.045673,0.329597,-5.338205,0.673812,-15.103631,-0.019413,0.893673,0.013826,0.448086,17.811466,1.39969,35.718109
433,3.608333,-0.029789,0.919742,0.009993,0.391264,1.480461,86.635269,15.101192,-0.123501,0.907416,0.147473,0.373624,0.994938,94.373909,15.06297,-0.025541,0.924261,0.006571,0.38085,-6.017079,113.795174,18.740646,0.071867,0.951961,0.088429,0.284229,-7.126602,135.013657,18.585386,0.003764,0.986446,0.025144,0.162105,-4.810415,149.531036,20.095753,-0.104651,0.76139,0.132531,0.625915,-10.108797,129.313446,16.289095,-0.744947,0.062751,0.505003,-0.43138,-13.410804,129.424545,-0.358148,-0.653759,-0.576403,0.183306,0.454706,-2.683971,117.649208,-15.895666,0.212832,0.279969,-0.640022,-0.683148,5.462281,145.591461,-7.2579,-0.099043,0.923113,0.020944,0.370965,-4.791,129.630203,21.57494,0.436863,0.895431,0.085665,-0.003938,7.176772,132.469879,33.269161,-0.1619,0.425943,0.515999,-0.725332,20.934336,115.076027,31.446739,0.004291,0.21777,0.659635,-0.719333,18.354956,136.926849,20.334187,0.051793,0.927567,0.138868,0.343004,-5.063589,86.191055,8.28982,0.102466,0.970319,-0.008513,0.218883,-5.0932,51.565456,-2.327073,-0.033443,0.942435,0.045585,0.329574,-14.678515,5.248663,-3.667851,-0.091959,0.897702,-0.104275,0.418093,8.024512,87.079483,21.912563,-0.008026,0.908781,-0.144999,0.391189,10.846161,52.262878,31.477785,-0.0194,0.893684,0.013857,0.448063,6.168562,6.94139,44.245098,-0.033443,0.942435,0.045585,0.329574,-5.338436,0.672915,-15.104267,-0.0194,0.893684,0.013857,0.448063,17.809744,1.399847,35.716301
434,3.616667,-0.02971,0.91973,0.009991,0.391298,1.483909,86.635796,15.098458,-0.123521,0.907387,0.147524,0.373668,0.999529,94.374512,15.060681,-0.025394,0.924249,0.006566,0.380888,-6.013753,113.793861,18.73937,0.071665,0.951952,0.088449,0.284302,-7.117437,135.01265,18.586248,0.004015,0.986422,0.025074,0.162252,-4.807075,149.531036,20.095812,-0.104542,0.761349,0.132434,0.626002,-10.101017,129.313522,16.289124,-0.744838,0.06262,0.50505,-0.431532,-13.400081,129.425903,-0.358693,-0.653767,-0.576367,0.183333,0.454728,-2.67464,117.650894,-15.897412,0.2126,0.279896,-0.639949,-0.683319,5.473489,145.593018,-7.261032,-0.099084,0.923135,0.02096,0.370898,-4.78355,129.62825,21.57542,0.436873,0.89542,0.085733,-0.003941,7.18563,132.469147,33.26791,-0.161958,0.425938,0.515998,-0.725322,20.942823,115.075157,31.444008,0.004189,0.217875,0.65964,-0.719297,18.363138,136.927551,20.332985,0.051788,0.927591,0.138805,0.342967,-5.059725,86.192963,8.286598,0.102451,0.970343,-0.008489,0.218786,-5.091034,51.566059,-2.326029,-0.033461,0.942476,0.045544,0.329463,-14.674631,5.248934,-3.667733,-0.091983,0.897593,-0.104261,0.418325,8.027545,87.078629,21.910318,-0.008014,0.908774,-0.145028,0.391194,10.848689,52.262115,31.476051,-0.01956,0.893656,0.013784,0.448115,6.168916,6.94142,44.245373,-0.033461,0.942476,0.045544,0.329463,-5.337129,0.672191,-15.105852,-0.01956,0.893656,0.013784,0.448115,17.812374,1.400113,35.719536
435,3.625,-0.029688,0.919729,0.010007,0.391303,1.488423,86.634377,15.096131,-0.123385,0.907395,0.14748,0.373711,1.004251,94.373108,15.0587,-0.025222,0.924241,0.006473,0.380921,-6.003953,113.795624,18.737911,0.07177,0.951919,0.088459,0.284385,-7.099379,135.014847,18.583864,0.003851,0.986404,0.025089,0.162367,-4.786145,149.532623,20.094845,-0.104447,0.761439,0.132421,0.625913,-10.085017,129.316772,16.286764,-0.744829,0.062681,0.505111,-0.431467,-13.388578,129.430603,-0.360158,-0.653741,-0.576308,0.1834,0.454814,-2.666181,117.65387,-15.899688,0.212469,0.279864,-0.639955,-0.683367,5.484632,145.595505,-7.264293,-0.099196,0.923056,0.021047,0.371059,-4.767788,129.629654,21.573414,0.43694,0.895362,0.085992,-0.003913,7.196591,132.47258,33.270325,-0.161716,0.425802,0.516134,-0.72536,20.95118,115.076958,31.442282,0.004209,0.21779,0.659692,-0.719275,18.372763,136.928146,20.3307,0.0518,0.927614,0.138796,0.342906,-5.055171,86.192024,8.284195,0.102487,0.970367,-0.008512,0.218657,-5.088264,51.565025,-2.328144,-0.033353,0.942457,0.045639,0.329515,-14.675856,5.248654,-3.66719,-0.091916,0.897676,-0.104374,0.418133,8.032016,87.076721,21.908068,-0.00793,0.908654,-0.145005,0.391483,10.847441,52.261032,31.478477,-0.019574,0.893511,0.013866,0.4484,6.157229,6.939563,44.241226,-0.033353,0.942457,0.045639,0.329515,-5.337931,0.673461,-15.105595,-0.019574,0.893511,0.013866,0.4484,17.806665,1.400662,35.721981
436,3.633333,-0.029659,0.919722,0.009976,0.391321,1.490554,86.634109,15.094559,-0.123343,0.907381,0.147468,0.373765,1.006981,94.372879,15.05686,-0.025088,0.924228,0.00653,0.38096,-5.999382,113.795181,18.735746,0.071754,0.951943,0.088178,0.284397,-7.090432,135.014648,18.58606,0.004026,0.986397,0.025193,0.162387,-4.775316,149.532974,20.088997,-0.104485,0.761342,0.132348,0.626039,-10.077063,129.317673,16.287533,-0.744797,0.062527,0.50529,-0.431336,-13.374974,129.429901,-0.360511,-0.653668,-0.576247,0.183419,0.454989,-2.659773,117.657875,-15.908557,0.21244,0.279829,-0.63985,-0.683489,5.494908,145.597,-7.268666,-0.099176,0.923064,0.021026,0.371046,-4.760183,129.628357,21.574661,0.436943,0.895366,0.085933,-0.004034,7.204665,132.470947,33.271172,-0.161766,0.425793,0.516157,-0.725337,20.959091,115.0756,31.439411,0.004262,0.217813,0.659742,-0.719221,18.381409,136.928635,20.329744,0.051794,0.927608,0.138774,0.342933,-5.052806,86.192055,8.282383,0.102499,0.970323,-0.008553,0.218849,-5.085722,51.564579,-2.328395,-0.033378,0.94247,0.045623,0.329477,-14.67495,5.248496,-3.665859,-0.091957,0.897586,-0.104351,0.418324,8.033913,87.076172,21.906734,-0.007965,0.908835,-0.145061,0.391042,10.850621,52.260674,31.477482,-0.019523,0.893666,0.013848,0.448095,6.16757,6.940788,44.248489,-0.033378,0.94247,0.045623,0.329477,-5.337732,0.673095,-15.10475,-0.019523,0.893666,0.013848,0.448095,17.810575,1.400638,35.721279
437,3.641667,-0.029669,0.919711,0.009886,0.39135,1.494702,86.634102,15.094317,-0.123421,0.907348,0.147494,0.373808,1.011534,94.372887,15.055257,-0.024899,0.924214,0.006487,0.381006,-5.997812,113.792717,18.733244,0.071555,0.951946,0.088145,0.284447,-7.080781,135.012619,18.584871,0.004352,0.986379,0.025218,0.162487,-4.770966,149.532028,20.085428,-0.104437,0.761211,0.132456,0.626184,-10.069359,129.316925,16.285679,-0.744792,0.06259,0.505479,-0.431113,-13.361467,129.433823,-0.36349,-0.653619,-0.576151,0.183431,0.455177,-2.655135,117.66111,-15.917134,0.212434,0.279811,-0.639905,-0.683447,5.505999,145.597122,-7.273226,-0.099188,0.923041,0.02099,0.371102,-4.752865,129.625244,21.573336,0.436977,0.895353,0.085887,-0.004134,7.210477,132.468552,33.271214,-0.161734,0.425802,0.51624,-0.72528,20.963522,115.072456,31.436237,0.00431,0.217613,0.659784,-0.719244,18.390501,136.925934,20.327568,0.05181,0.927602,0.138765,0.342949,-5.048219,86.191208,8.281774,0.102512,0.970348,-0.008551,0.21873,-5.082255,51.563656,-2.328759,-0.033352,0.94248,0.04565,0.329446,-14.672775,5.247822,-3.665502,-0.091935,0.897617,-0.104366,0.418257,8.037624,87.076988,21.906862,-0.007969,0.908806,-0.145051,0.391112,10.853139,52.261429,31.477715,-0.019415,0.89367,0.013855,0.44809,6.169778,6.941289,44.247704,-0.033352,0.94248,0.04565,0.329446,-5.336485,0.672921,-15.105351,-0.019415,0.89367,0.013855,0.44809,17.81163,1.399907,35.719715
438,3.65,-0.029613,0.919711,0.009798,0.391355,1.496819,86.633865,15.092529,-0.12339,0.90733,0.147524,0.37385,1.014997,94.372734,15.052549,-0.024831,0.924193,0.00643,0.381063,-5.993452,113.791534,18.731642,0.07161,0.951927,0.088068,0.28452,-7.072789,135.011597,18.582083,0.004475,0.986362,0.025275,0.162576,-4.760764,149.530823,20.081158,-0.104467,0.76111,0.132469,0.626299,-10.062056,129.316315,16.282806,-0.744844,0.062612,0.50557,-0.430913,-13.349065,129.433578,-0.367366,-0.653552,-0.576081,0.183489,0.455338,-2.646928,117.66275,-15.925333,0.212436,0.279723,-0.639922,-0.683467,5.517762,145.597046,-7.279248,-0.099167,0.923047,0.02098,0.371093,-4.746155,129.623978,21.571102,0.436954,0.895366,0.085872,-0.004194,7.217557,132.466782,33.26873,-0.161708,0.425745,0.516276,-0.725294,20.97151,115.071594,31.431782,0.004328,0.217536,0.660227,-0.71886,18.397753,136.927155,20.323767,0.05181,0.927563,0.138798,0.343043,-5.046093,86.191315,8.279952,0.102559,0.970335,-0.008599,0.218762,-5.078201,51.564426,-2.33274,-0.033345,0.942464,0.04553,0.329511,-14.673974,5.249587,-3.666343,-0.091931,0.897572,-0.104369,0.418355,8.039731,87.076416,21.905106,-0.007938,0.908841,-0.145053,0.391031,10.853848,52.260864,31.47637,-0.01951,0.89365,0.013793,0.448129,6.168916,6.940732,44.245804,-0.033345,0.942464,0.04553,0.329511,-5.336522,0.671286,-15.103889,-0.01951,0.89365,0.013793,0.448129,17.812191,1.399005,35.719975
439,3.658333,-0.029536,0.919705,0.009758,0.391377,1.498912,86.632835,15.089374,-0.123374,0.907301,0.147584,0.373903,1.018419,94.37178,15.049277,-0.024751,0.924167,0.00633,0.381132,-5.991149,113.791618,18.730766,0.071609,0.951887,0.088112,0.28464,-7.065719,135.011917,18.578472,0.004685,0.986333,0.025279,0.162745,-4.754086,149.531021,20.079193,-0.104456,0.761042,0.132448,0.626387,-10.055906,129.317017,16.27943,-0.744799,0.062606,0.505563,-0.430999,-13.339226,129.434753,-0.371464,-0.653602,-0.576073,0.183502,0.45527,-2.63676,117.662445,-15.928067,0.212506,0.279674,-0.639872,-0.683511,5.528195,145.597794,-7.285661,-0.099109,0.923049,0.020966,0.371104,-4.740746,129.62413,21.568497,0.43695,0.895359,0.085962,-0.004121,7.223079,132.465286,33.266403,-0.161683,0.425786,0.516296,-0.725261,20.977188,115.070107,31.430584,0.004304,0.217548,0.660203,-0.718878,18.406319,136.924423,20.321747,0.051845,0.927526,0.138758,0.343154,-5.043757,86.191322,8.2765,0.102537,0.970336,-0.00861,0.218768,-5.077983,51.563919,-2.334485,-0.03327,0.942491,0.04559,0.329432,-14.671956,5.248675,-3.666682,-0.091867,0.897531,-0.104373,0.418456,8.041581,87.074348,21.902246,-0.008025,0.908732,-0.145071,0.391276,10.850384,52.257992,31.472164,-0.01936,0.893679,0.013902,0.448073,6.168746,6.938493,44.245064,-0.03327,0.942491,0.04559,0.329432,-5.336979,0.671254,-15.106593,-0.01936,0.893679,0.013902,0.448073,17.809912,1.397581,35.715836
440,3.666667,-0.029454,0.919701,0.009738,0.391391,1.501888,86.631653,15.08483,-0.123358,0.907279,0.147643,0.373938,1.022691,94.370689,15.044939,-0.02461,0.924156,0.00625,0.38117,-5.987878,113.791611,18.728893,0.071616,0.951858,0.088068,0.284747,-7.055621,135.012238,18.575724,0.004774,0.986302,0.025304,0.162929,-4.743418,149.531342,20.075621,-0.104393,0.761018,0.132457,0.626425,-10.047456,129.318207,16.276655,-0.74475,0.062633,0.505547,-0.4311,-13.329619,129.438004,-0.374454,-0.65367,-0.576062,0.183546,0.455169,-2.626565,117.662964,-15.928591,0.212595,0.279677,-0.639833,-0.683519,5.538146,145.600342,-7.292571,-0.099107,0.923031,0.020977,0.371149,-4.732615,129.623825,21.566133,0.437049,0.895312,0.085951,-0.004202,7.230089,132.464676,33.265259,-0.16174,0.425834,0.51635,-0.725181,20.980331,115.066803,31.426079,0.004123,0.217606,0.660244,-0.718824,18.414282,136.922516,20.319138,0.051846,0.927526,0.138742,0.343159,-5.040664,86.191429,8.271757,0.102546,0.970348,-0.008634,0.218712,-5.075253,51.56369,-2.338147,-0.033315,0.942511,0.045532,0.329377,-14.670545,5.248642,-3.667803,-0.091833,0.897524,-0.104396,0.418472,8.044439,87.071884,21.897903,-0.008031,0.908716,-0.14509,0.391306,10.850215,52.255417,31.468328,-0.019572,0.893644,0.013881,0.448134,6.168046,6.936428,44.242851,-0.033315,0.942511,0.045532,0.329377,-5.336572,0.670044,-15.108067,-0.019572,0.893644,0.013881,0.448134,17.812469,1.397793,35.716587
441,3.675,-0.029397,0.919689,0.009689,0.391426,1.505008,86.632744,15.082791,-0.123373,0.907245,0.147742,0.373977,1.026917,94.371834,15.042541,-0.024522,0.924135,0.006087,0.381231,-5.986086,113.792122,18.729771,0.071663,0.951831,0.088064,0.284829,-7.047706,135.013016,18.571531,0.004973,0.986284,0.025372,0.163019,-4.734148,149.53186,20.071983,-0.104266,0.760969,0.132479,0.626501,-10.040864,129.319336,16.273378,-0.744702,0.062692,0.505529,-0.431195,-13.320693,129.44339,-0.378162,-0.653704,-0.57604,0.183595,0.455128,-2.617186,117.664757,-15.929262,0.212539,0.27956,-0.63982,-0.683596,5.547981,145.603348,-7.297566,-0.099059,0.923033,0.020999,0.371156,-4.726658,129.624634,21.563509,0.437111,0.895286,0.085898,-0.004247,7.236209,132.463715,33.262901,-0.161885,0.425906,0.516374,-0.72509,20.984026,115.064026,31.422716,0.003964,0.21766,0.660372,-0.718692,18.422075,136.922455,20.318682,0.051846,0.927519,0.138705,0.343193,-5.037091,86.193153,8.26924,0.102603,0.97032,-0.008648,0.218809,-5.072246,51.564671,-2.338219,-0.033286,0.942486,0.045519,0.329455,-14.672883,5.250743,-3.668643,-0.091807,0.897494,-0.104431,0.418533,8.047106,87.072327,21.896343,-0.008078,0.908639,-0.145049,0.391497,10.849478,52.256054,31.468477,-0.019585,0.893613,0.013876,0.448196,6.170136,6.936026,44.240353,-0.033286,0.942486,0.045519,0.329455,-5.337379,0.671528,-15.107412,-0.019585,0.893613,0.013876,0.448196,17.815845,1.397439,35.715809
442,3.683333,-0.029362,0.919661,0.009664,0.391495,1.509371,86.632645,15.080187,-0.123362,0.907213,0.147799,0.374034,1.031938,94.37178,15.039743,-0.024477,0.924111,0.006029,0.381291,-5.981953,113.792099,18.728954,0.071809,0.951796,0.087915,0.284953,-7.040872,135.013123,18.569099,0.005059,0.986252,0.025453,0.163198,-4.721961,149.531372,20.066961,-0.104219,0.760924,0.13243,0.626575,-10.034447,129.319641,16.270948,-0.744683,0.062676,0.505474,-0.431294,-13.311466,129.444382,-0.381137,-0.653692,-0.576065,0.183685,0.455078,-2.605379,117.665146,-15.930014,0.212522,0.279468,-0.63983,-0.683629,5.556035,145.606232,-7.302838,-0.098948,0.923061,0.021037,0.371114,-4.720897,129.624634,21.561756,0.437052,0.895299,0.086061,-0.004189,7.243757,132.459885,33.26025,-0.161994,0.42592,0.516344,-0.725078,20.993872,115.06208,31.419409,0.003738,0.217755,0.660441,-0.718601,18.430946,136.922043,20.317406,0.051837,0.927529,0.138653,0.343189,-5.031737,86.193504,8.265658,0.102636,0.97031,-0.008677,0.218836,-5.067671,51.563911,-2.338184,-0.033253,0.942494,0.045545,0.32943,-14.671925,5.250695,-3.666993,-0.09184,0.8974,-0.104408,0.418733,8.05048,87.071785,21.894714,-0.008035,0.908665,-0.145101,0.391419,10.853491,52.255596,31.466961,-0.019433,0.893619,0.01396,0.448188,6.169679,6.936913,44.241966,-0.033253,0.942494,0.045545,0.32943,-5.337266,0.67184,-15.106593,-0.019433,0.893619,0.01396,0.448188,17.814074,1.398503,35.715519
443,3.691667,-0.029326,0.919646,0.009675,0.391533,1.513633,86.632721,15.077433,-0.123313,0.907193,0.147822,0.374089,1.036651,94.371887,15.037348,-0.02442,0.92409,0.006,0.381347,-5.975805,113.791916,18.72768,0.071786,0.951758,0.087936,0.285082,-7.032022,135.013077,18.567549,0.005241,0.986218,0.025409,0.163407,-4.713927,149.531372,20.066282,-0.104174,0.760875,0.132425,0.626642,-10.026042,129.319962,16.269079,-0.744711,0.062755,0.505541,-0.431156,-13.300514,129.446228,-0.383498,-0.653585,-0.575989,0.18385,0.45526,-2.597883,117.666115,-15.934092,0.212335,0.279259,-0.639874,-0.683732,5.565126,145.607071,-7.307993,-0.098924,0.923021,0.020937,0.371224,-4.713088,129.624313,21.560522,0.437157,0.895236,0.086196,-0.004168,7.248956,132.459869,33.261616,-0.162068,0.425965,0.516481,-0.724938,20.995024,115.05909,31.418631,0.003716,0.21776,0.66041,-0.718628,18.441071,136.921097,20.321552,0.051856,0.92751,0.138609,0.343256,-5.026967,86.194313,8.262369,0.102652,0.970332,-0.008693,0.218729,-5.064553,51.56398,-2.339045,-0.033285,0.942509,0.04551,0.329391,-14.670732,5.251098,-3.665591,-0.09186,0.897407,-0.104437,0.418706,8.054234,87.071136,21.892496,-0.007984,0.90866,-0.145115,0.391428,10.857952,52.255653,31.467121,-0.019659,0.89362,0.013838,0.448179,6.169068,6.937298,44.241421,-0.033285,0.942509,0.04551,0.329391,-5.336789,0.671592,-15.105515,-0.019659,0.89362,0.013838,0.448179,17.815044,1.398718,35.717243
444,3.7,-0.029261,0.919628,0.00965,0.391579,1.516528,86.631363,15.074308,-0.12323,0.9072,0.147969,0.374042,1.040618,94.370598,15.034245,-0.024568,0.924094,0.005681,0.381333,-5.972574,113.794792,18.732765,0.07215,0.951683,0.088074,0.285195,-7.029407,135.015793,18.557722,0.005315,0.986193,0.025418,0.163549,-4.702269,149.531891,20.063713,-0.104139,0.760827,0.132218,0.62675,-10.023286,129.320984,16.263288,-0.744731,0.062811,0.505393,-0.431286,-13.293423,129.444382,-0.390162,-0.653578,-0.57603,0.183946,0.455181,-2.584457,117.662262,-15.93487,0.212224,0.27912,-0.639863,-0.683833,5.573579,145.606323,-7.314115,-0.098712,0.923063,0.02112,0.371166,-4.710285,129.629211,21.554461,0.437191,0.895218,0.086215,-0.004071,7.254636,132.456009,33.254734,-0.162217,0.426021,0.5165,-0.724858,20.99942,115.053856,31.415104,0.003628,0.217759,0.660536,-0.718512,18.448704,136.918976,20.321152,0.05187,0.927487,0.138567,0.343331,-5.023453,86.193916,8.258586,0.10266,0.970255,-0.008791,0.219065,-5.06214,51.562847,-2.340411,-0.03333,0.942505,0.045516,0.329395,-14.670629,5.250284,-3.661455,-0.091857,0.897436,-0.104456,0.418641,8.056508,87.06881,21.89003,-0.007972,0.908692,-0.145158,0.391337,10.860148,52.253574,31.465551,-0.01945,0.893645,0.013966,0.448135,6.169931,6.936378,44.24345,-0.03333,0.942505,0.045516,0.329395,-5.336126,0.671379,-15.101166,-0.01945,0.893645,0.013966,0.448135,17.813528,1.39832,35.715683
445,3.708333,-0.029201,0.919606,0.009635,0.391636,1.521297,86.629784,15.070669,-0.123407,0.907132,0.147976,0.374147,1.046339,94.36908,15.03072,-0.024175,0.924076,0.005808,0.3814,-5.972783,113.787964,18.725113,0.071955,0.951698,0.087818,0.285274,-7.016247,135.00972,18.561363,0.005394,0.986162,0.025476,0.163725,-4.692417,149.527222,20.0588,-0.104065,0.760789,0.132384,0.626774,-10.013414,129.318024,16.263483,-0.744746,0.062866,0.505523,-0.4311,-13.283044,129.447128,-0.390019,-0.653531,-0.575905,0.184045,0.455365,-2.580231,117.664841,-15.938833,0.212139,0.279029,-0.640004,-0.683765,5.58428,145.607117,-7.318448,-0.098841,0.923038,0.021012,0.3712,-4.700895,129.620071,21.555492,0.437222,0.895188,0.08636,-0.004078,7.262304,132.452164,33.256237,-0.162192,0.42601,0.516569,-0.724822,21.00585,115.049377,31.413408,0.00355,0.217754,0.6605,-0.718547,18.458273,136.914413,20.321051,0.051862,0.927501,0.138544,0.343305,-5.01791,86.193291,8.254148,0.102703,0.970323,-0.008757,0.218745,-5.056983,51.561707,-2.343194,-0.033193,0.942513,0.045523,0.329388,-14.66904,5.249911,-3.665094,-0.091832,0.897402,-0.104445,0.418722,8.060504,87.066284,21.88719,-0.007981,0.908622,-0.145193,0.391486,10.862,52.250565,31.461573,-0.019576,0.893612,0.013922,0.448198,6.16915,6.934342,44.241966,-0.033193,0.942513,0.045523,0.329388,-5.336067,0.669811,-15.10557,-0.019576,0.893612,0.013922,0.448198,17.815018,1.396821,35.716957
446,3.716667,-0.029176,0.919595,0.009602,0.391665,1.526205,86.629051,15.068847,-0.12356,0.907106,0.147952,0.374169,1.051802,94.368378,15.028564,-0.023965,0.924081,0.005799,0.381401,-5.973025,113.786697,18.719492,0.072142,0.951684,0.087676,0.285318,-7.008138,135.008896,18.5588,0.005422,0.986146,0.025574,0.163809,-4.677881,149.525604,20.053902,-0.104013,0.760735,0.132246,0.626877,-10.007556,129.318695,16.260113,-0.744684,0.062871,0.50553,-0.431198,-13.273194,129.446854,-0.394183,-0.653541,-0.575923,0.184071,0.455319,-2.570736,117.662239,-15.941477,0.212102,0.279009,-0.639909,-0.683873,5.591954,145.605759,-7.32338,-0.098808,0.923044,0.021023,0.371193,-4.694894,129.617905,21.552145,0.437378,0.895115,0.086326,-0.004124,7.268715,132.448853,33.252754,-0.162346,0.426085,0.516702,-0.724648,21.006174,115.041443,31.408146,0.003632,0.2178,0.660412,-0.718614,18.468504,136.911133,20.321512,0.051899,0.927488,0.138511,0.343347,-5.012602,86.192757,8.251926,0.102714,0.970346,-0.008751,0.218637,-5.05451,51.560791,-2.344147,-0.033175,0.942525,0.045549,0.329349,-14.667609,5.249202,-3.665782,-0.091792,0.897462,-0.10446,0.418598,8.065012,87.065346,21.885767,-0.007916,0.908729,-0.145219,0.39123,10.864774,52.249302,31.45949,-0.01927,0.893593,0.014044,0.448245,6.168938,6.933698,44.24099,-0.033175,0.942525,0.045549,0.329349,-5.335656,0.669644,-15.107308,-0.01927,0.893593,0.014044,0.448245,17.813133,1.395312,35.714256
447,3.725,-0.029131,0.919591,0.00954,0.391679,1.528037,86.628181,15.067651,-0.123534,0.907125,0.147979,0.37412,1.054659,94.367561,15.026749,-0.023811,0.924116,0.005665,0.381327,-5.969019,113.784698,18.719261,0.072049,0.951691,0.087573,0.285348,-6.995911,135.007263,18.555859,0.005509,0.986115,0.025674,0.163976,-4.667397,149.524612,20.047369,-0.103987,0.760651,0.132285,0.626976,-9.997907,129.317932,16.258421,-0.74464,0.06289,0.50565,-0.431131,-13.25953,129.448349,-0.396647,-0.653508,-0.575912,0.184098,0.455369,-2.562579,117.662407,-15.94673,0.212151,0.279075,-0.639926,-0.683816,5.600272,145.605637,-7.327881,-0.098803,0.923003,0.020978,0.371301,-4.684284,129.615784,21.549566,0.437532,0.895019,0.086547,-0.0041,7.276641,132.446915,33.252872,-0.162263,0.426068,0.516902,-0.724534,21.008137,115.035225,31.404343,0.00353,0.217647,0.660409,-0.718664,18.480038,136.90625,20.320662,0.051917,0.927499,0.13853,0.343307,-5.010606,86.192223,8.250551,0.102738,0.970209,-0.008888,0.219225,-5.053662,51.56076,-2.347159,-0.033141,0.942515,0.045567,0.329379,-14.670977,5.249876,-3.66251,-0.091822,0.897403,-0.104428,0.418725,8.066679,87.06414,21.88475,-0.007893,0.908694,-0.145212,0.391313,10.868032,52.248013,31.457687,-0.01924,0.893582,0.014078,0.448267,6.169303,6.932169,44.237251,-0.033141,0.942515,0.045567,0.329379,-5.338592,0.670495,-15.103756,-0.01924,0.893582,0.014078,0.448267,17.813772,1.394264,35.710579
448,3.733333,-0.029141,0.919587,0.009572,0.391688,1.535143,86.62735,15.06496,-0.123577,0.907101,0.147984,0.374163,1.061422,94.366714,15.024453,-0.02372,0.924096,0.005577,0.381383,-5.96521,113.786461,18.716711,0.072171,0.951646,0.087626,0.285453,-6.987108,135.009247,18.551292,0.005552,0.986093,0.02568,0.164107,-4.655626,149.525848,20.045675,-0.104059,0.760625,0.132249,0.627002,-9.990158,129.320435,16.253998,-0.744623,0.062877,0.505605,-0.431215,-13.250142,129.44841,-0.401413,-0.653511,-0.575925,0.184116,0.455341,-2.551081,117.661957,-15.949656,0.212027,0.279075,-0.639913,-0.683867,5.610487,145.605972,-7.33213,-0.098686,0.922997,0.020954,0.371347,-4.677108,129.617493,21.545761,0.43759,0.894979,0.086674,-0.004004,7.283445,132.445221,33.250271,-0.162156,0.426002,0.517004,-0.724524,21.012697,115.031639,31.40287,0.003557,0.217469,0.660575,-0.718565,18.487139,136.902573,20.320229,0.051924,0.927489,0.138543,0.343327,-5.003361,86.19146,8.247721,0.102832,0.970203,-0.008944,0.219208,-5.046357,51.560318,-2.351058,-0.033269,0.942483,0.045521,0.329465,-14.67334,5.251339,-3.663102,-0.091788,0.897395,-0.104455,0.418745,8.073647,87.063248,21.882196,-0.007855,0.908722,-0.14527,0.391228,10.871787,52.247078,31.455931,-0.019487,0.89358,0.01399,0.448263,6.168873,6.932786,44.239487,-0.033269,0.942483,0.045521,0.329465,-5.337758,0.672015,-15.101767,-0.019487,0.89358,0.01399,0.448263,17.815401,1.395864,35.714977
449,3.741667,-0.029122,0.919589,0.009636,0.391683,1.539452,86.627289,15.061924,-0.123606,0.907072,0.148067,0.37419,1.065619,94.366646,15.022455,-0.023579,0.924084,0.005483,0.381421,-5.963357,113.784706,18.717041,0.072208,0.951637,0.087444,0.28553,-6.978195,135.007828,18.550161,0.005638,0.98607,0.025752,0.164228,-4.644136,149.524475,20.039959,-0.104027,0.760589,0.132135,0.627075,-9.982942,129.319839,16.252985,-0.744667,0.062833,0.505621,-0.431126,-13.24002,129.446686,-0.402999,-0.653475,-0.57596,0.184114,0.45535,-2.541425,117.663239,-15.953835,0.212166,0.279206,-0.63999,-0.683697,5.617731,145.607422,-7.334539,-0.098627,0.923015,0.02093,0.371319,-4.670236,129.615494,21.545172,0.437656,0.894921,0.086939,-0.003948,7.291403,132.441742,33.248932,-0.162177,0.425977,0.517146,-0.724432,21.01812,115.026497,31.398348,0.003557,0.217432,0.660414,-0.718724,18.498829,136.899612,20.320568,0.051973,0.927523,0.138491,0.343249,-4.999146,86.1922,8.244726,0.102767,0.970167,-0.008992,0.219395,-5.047605,51.56039,-2.351824,-0.033305,0.942523,0.0456,0.329334,-14.669498,5.250245,-3.65995,-0.091792,0.897343,-0.104452,0.418856,8.07805,87.06237,21.879122,-0.007852,0.9087,-0.145315,0.391263,10.875294,52.246208,31.453138,-0.019617,0.893597,0.014038,0.448222,6.169927,6.933144,44.240131,-0.033305,0.942523,0.0456,0.329334,-5.336474,0.673421,-15.1017,-0.019617,0.893597,0.014038,0.448222,17.817226,1.399159,35.714775
450,3.75,-0.029105,0.919594,0.009683,0.391672,1.545923,86.625946,15.058011,-0.123713,0.907045,0.148135,0.374192,1.072043,94.365311,15.019323,-0.023372,0.924091,0.005437,0.381418,-5.964336,113.788048,18.715881,0.072271,0.951631,0.08725,0.285591,-6.970266,135.011597,18.550552,0.005741,0.986045,0.025797,0.164367,-4.632803,149.528183,20.035604,-0.1041,0.760538,0.132004,0.627152,-9.977426,129.325058,16.252998,-0.744627,0.06281,0.505719,-0.431084,-13.230732,129.447754,-0.403754,-0.653453,-0.575926,0.184132,0.455415,-2.536397,117.664268,-15.957493,0.212133,0.27923,-0.64,-0.683689,5.624689,145.60762,-7.337338,-0.098502,0.923057,0.020933,0.371247,-4.664537,129.618103,21.545147,0.437777,0.894882,0.086727,-0.00401,7.299766,132.440598,33.247086,-0.162251,0.426086,0.517169,-0.724335,21.021744,115.021477,31.397745,0.003572,0.21747,0.660356,-0.718766,18.508198,136.89534,20.320189,0.052029,0.927488,0.138475,0.343342,-4.992861,86.191498,8.24095,0.102621,0.970391,-0.008954,0.218472,-5.044464,51.559784,-2.355882,-0.033271,0.942678,0.045746,0.328874,-14.653511,5.246729,-3.655329,-0.091772,0.897356,-0.104502,0.418819,8.084707,87.060394,21.875072,-0.007797,0.908763,-0.145366,0.391097,10.879528,52.244728,31.451616,-0.019652,0.893628,0.014044,0.448158,6.169925,6.932986,44.241745,-0.033271,0.942678,0.045746,0.328874,-5.33144,0.673372,-15.107388,-0.019652,0.893628,0.014044,0.448158,17.816404,1.399588,35.71489
451,3.758333,-0.029065,0.919598,0.009711,0.391663,1.550603,86.625679,15.055039,-0.12366,0.907048,0.148201,0.374178,1.077123,94.365067,15.016996,-0.023403,0.92409,0.005326,0.381422,-5.956975,113.784096,18.716352,0.072706,0.95157,0.087303,0.285669,-6.962329,135.007645,18.546173,0.005588,0.986037,0.025742,0.164429,-4.613144,149.52179,20.036539,-0.103914,0.760515,0.13198,0.627216,-9.969612,129.320648,16.249874,-0.744648,0.062932,0.505651,-0.431111,-13.221518,129.448013,-0.407113,-0.653417,-0.57594,0.184221,0.455414,-2.524832,117.661133,-15.956659,0.211996,0.27914,-0.640062,-0.683709,5.633317,145.606186,-7.339288,-0.09837,0.923044,0.020852,0.371319,-4.656786,129.614761,21.542025,0.437939,0.894802,0.086728,-0.004202,7.306568,132.434036,33.245705,-0.162342,0.426064,0.517336,-0.724209,21.022144,115.010765,31.388041,0.00345,0.217351,0.66042,-0.718743,18.51619,136.888962,20.317646,0.051933,0.927537,0.138443,0.343236,-4.988352,86.192131,8.238087,0.10291,0.970163,-0.009051,0.219344,-5.035529,51.559044,-2.354301,-0.033378,0.942493,0.045477,0.329429,-14.671633,5.251771,-3.659513,-0.09175,0.897336,-0.104506,0.418865,8.089558,87.059227,21.871992,-0.007805,0.908663,-0.145373,0.391327,10.882345,52.24332,31.448259,-0.019316,0.893552,0.01414,0.44832,6.169882,6.931797,44.238098,-0.033378,0.942493,0.045477,0.329429,-5.335933,0.672308,-15.098019,-0.019316,0.893552,0.01414,0.44832,17.816439,1.396502,35.712578
452,3.766667,-0.029048,0.919602,0.009654,0.391657,1.554387,86.62381,15.054152,-0.123655,0.90704,0.148231,0.374186,1.081494,94.363235,15.015404,-0.023312,0.924087,0.005266,0.381433,-5.952642,113.781265,18.715792,0.073013,0.951582,0.087005,0.285641,-6.953458,135.00502,18.544701,0.005522,0.986051,0.025876,0.164326,-4.593184,149.51799,20.029051,-0.103757,0.76049,0.131983,0.627272,-9.961899,129.318573,16.248564,-0.744509,0.062887,0.505758,-0.431231,-13.212501,129.450363,-0.408643,-0.653467,-0.575939,0.184166,0.455365,-2.520382,117.660583,-15.959131,0.212028,0.279184,-0.64002,-0.683722,5.639048,145.605331,-7.341882,-0.098332,0.923036,0.020836,0.37135,-4.649141,129.611755,21.540836,0.438036,0.894753,0.08674,-0.004267,7.313696,132.430008,33.245296,-0.16228,0.426036,0.517424,-0.724176,21.025473,115.004089,31.384485,0.003376,0.217261,0.660515,-0.718684,18.522926,136.882309,20.315275,0.052023,0.927507,0.138421,0.343312,-4.984672,86.190132,8.237306,0.102666,0.97049,-0.008903,0.218014,-5.037539,51.557297,-2.355874,-0.033358,0.942712,0.045669,0.328779,-14.650213,5.245021,-3.656398,-0.09169,0.897365,-0.104483,0.418823,8.093446,87.057487,21.870998,-0.007795,0.908678,-0.145403,0.391281,10.883578,52.240444,31.443871,-0.019662,0.893598,0.014019,0.448219,6.169808,6.929726,44.236061,-0.033358,0.942712,0.045669,0.328779,-5.329748,0.670364,-15.109244,-0.019662,0.893598,0.014019,0.448219,17.817432,1.395865,35.711075
453,3.775,-0.029009,0.919622,0.009644,0.391612,1.55882,86.621788,15.050046,-0.12368,0.907036,0.148318,0.374154,1.086535,94.361252,15.011411,-0.023178,0.924103,0.00521,0.381404,-5.950532,113.780197,18.715279,0.073131,0.95159,0.08688,0.285621,-6.945199,135.004242,18.544184,0.00556,0.986055,0.025874,0.1643,-4.580586,149.516769,20.025883,-0.103714,0.760479,0.13194,0.627301,-9.955441,129.318665,16.248264,-0.744627,0.063019,0.505747,-0.431022,-13.205111,129.450851,-0.409125,-0.653421,-0.575881,0.184242,0.455474,-2.513228,117.661301,-15.959952,0.212,0.279165,-0.640097,-0.683666,5.648525,145.605423,-7.342962,-0.098246,0.923029,0.020847,0.371389,-4.642252,129.610321,21.540186,0.438119,0.89471,0.086756,-0.004304,7.320164,132.425674,33.245773,-0.162213,0.426046,0.517473,-0.72415,21.028687,114.997421,31.382851,0.003197,0.217229,0.660614,-0.718603,18.529104,136.875107,20.312675,0.052,0.927456,0.138428,0.343451,-4.98095,86.188683,8.233848,0.102941,0.970197,-0.009081,0.219177,-5.030536,51.555824,-2.359241,-0.033318,0.942518,0.045485,0.329364,-14.670364,5.249226,-3.660627,-0.091662,0.897372,-0.104503,0.41881,8.098591,87.054893,21.866243,-0.007771,0.908657,-0.145463,0.391308,10.886378,52.237785,31.439569,-0.019705,0.89356,0.013927,0.448295,6.167959,6.928668,44.235737,-0.033318,0.942518,0.045485,0.329364,-5.336799,0.66935,-15.10071,-0.019705,0.89356,0.013927,0.448295,17.817026,1.393022,35.713879
454,3.783333,-0.029004,0.919633,0.00962,0.391589,1.564222,86.620598,15.048176,-0.123713,0.907,0.148297,0.374239,1.092152,94.360069,15.009244,-0.022848,0.924077,0.00518,0.381489,-5.94862,113.785721,18.712404,0.072831,0.9516,0.086875,0.285669,-6.929828,135.010422,18.545424,0.00573,0.986044,0.025833,0.164368,-4.573553,149.524551,20.024708,-0.103822,0.760542,0.131783,0.62724,-9.943263,129.327209,16.247828,-0.744546,0.063006,0.505792,-0.43111,-13.194773,129.452744,-0.40925,-0.653453,-0.575884,0.184232,0.455428,-2.504845,117.660995,-15.959762,0.212034,0.279145,-0.640002,-0.683753,5.656977,145.60556,-7.344246,-0.098074,0.923014,0.0209,0.371471,-4.63082,129.614441,21.540739,0.438289,0.894598,0.087058,-0.004324,7.330684,132.42363,33.248734,-0.1621,0.425909,0.51766,-0.724122,21.032578,114.990952,31.378508,0.003143,0.21736,0.660622,-0.718557,18.536848,136.870529,20.312721,0.052025,0.927498,0.138423,0.343336,-4.975894,86.187401,8.232317,0.102785,0.970406,-0.009041,0.218326,-5.0286,51.554607,-2.360988,-0.033288,0.94267,0.045678,0.328906,-14.654496,5.244887,-3.654364,-0.091661,0.897384,-0.104542,0.418774,8.104338,87.053802,21.864037,-0.007679,0.908788,-0.145472,0.391004,10.891241,52.237259,31.439695,-0.019821,0.893579,0.013968,0.448251,6.168789,6.928271,44.234814,-0.033288,0.94267,0.045678,0.328906,-5.331678,0.669851,-15.105141,-0.019821,0.893579,0.013968,0.448251,17.818407,1.395192,35.712044
455,3.791667,-0.028976,0.919635,0.009629,0.391585,1.569058,86.620995,15.044932,-0.12365,0.907018,0.148403,0.374173,1.097346,94.360489,15.006298,-0.022995,0.924085,0.004866,0.381464,-5.943747,113.7892,18.715643,0.074445,0.951389,0.087445,0.285781,-6.925652,135.013748,18.53397,0.004959,0.986077,0.025498,0.164248,-4.529019,149.518204,20.042982,-0.103825,0.760513,0.131663,0.627299,-9.938986,129.328842,16.240427,-0.744642,0.062822,0.505685,-0.431097,-13.187954,129.452133,-0.417168,-0.653463,-0.575992,0.183986,0.455377,-2.492176,117.668556,-15.969851,0.212218,0.27925,-0.640055,-0.683602,5.667558,145.610367,-7.343434,-0.097803,0.922999,0.02091,0.371577,-4.626359,129.619919,21.532948,0.43831,0.894585,0.087094,-0.004162,7.33427,132.420364,33.243938,-0.162217,0.426053,0.517666,-0.724007,21.035389,114.986465,31.379349,0.00312,0.217489,0.660684,-0.718461,18.546087,136.866302,20.314222,0.052079,0.927483,0.138357,0.343395,-4.971144,86.188354,8.229117,0.102769,0.970335,-0.009118,0.218645,-5.028444,51.554646,-2.36119,-0.03327,0.942681,0.045745,0.328866,-14.654112,5.244753,-3.650317,-0.091678,0.897428,-0.104604,0.41866,8.109261,87.053635,21.860746,-0.007609,0.908846,-0.145548,0.39084,10.896589,52.238262,31.440544,-0.019708,0.893583,0.014087,0.448244,6.167655,6.931248,44.240265,-0.03327,0.942681,0.045745,0.328866,-5.332254,0.671371,-15.102541,-0.019708,0.893583,0.014087,0.448244,17.81654,1.399736,35.715466
456,3.8,-0.028917,0.919637,0.009664,0.391584,1.573858,86.622169,15.040112,-0.123818,0.906942,0.148356,0.37432,1.102767,94.361702,15.002333,-0.022593,0.924042,0.005051,0.381589,-5.943391,113.786232,18.705467,0.074309,0.951414,0.087169,0.285818,-6.912497,135.011475,18.537436,0.005018,0.98607,0.025578,0.164274,-4.51733,149.51709,20.037643,-0.103669,0.760594,0.131631,0.627234,-9.928671,129.32988,16.239418,-0.744632,0.063132,0.505641,-0.43112,-13.181528,129.455948,-0.417395,-0.653605,-0.575979,0.184008,0.45518,-2.485531,117.662453,-15.962402,0.21245,0.279426,-0.63994,-0.683566,5.674588,145.607132,-7.345716,-0.097752,0.922988,0.020779,0.371626,-4.617198,129.614304,21.533457,0.43839,0.894517,0.087377,-0.004221,7.342537,132.414719,33.245365,-0.162212,0.425945,0.517864,-0.72393,21.040512,114.979233,31.372595,0.003059,0.217453,0.660971,-0.718208,18.556669,136.864349,20.313803,0.052045,0.927477,0.138325,0.343431,-4.966434,86.190804,8.224302,0.103019,0.970238,-0.009131,0.218955,-5.021862,51.556183,-2.363043,-0.033294,0.942497,0.045596,0.32941,-14.670104,5.251184,-3.659257,-0.091698,0.897392,-0.104674,0.418715,8.11415,87.053528,21.855921,-0.007584,0.908798,-0.145517,0.390964,10.899987,52.239479,31.440935,-0.019836,0.893523,0.014011,0.448361,6.168326,6.931585,44.236557,-0.033294,0.942497,0.045596,0.32941,-5.335383,0.674162,-15.099544,-0.019836,0.893523,0.014011,0.448361,17.820393,1.399838,35.716267
457,3.808333,-0.02889,0.919658,0.009603,0.391539,1.578543,86.622086,15.037848,-0.123849,0.906914,0.148347,0.374381,1.108206,94.361671,14.999388,-0.022415,0.924015,0.005058,0.381664,-5.939266,113.786125,18.70122,0.074402,0.951401,0.087166,0.285836,-6.901479,135.011719,18.536297,0.005101,0.98608,0.025531,0.164219,-4.503701,149.51683,20.037256,-0.103717,0.760581,0.131676,0.627233,-9.919127,129.331451,16.236929,-0.744622,0.063156,0.505648,-0.431126,-13.171692,129.457245,-0.419948,-0.653646,-0.575986,0.183929,0.455146,-2.476133,117.66272,-15.964474,0.212511,0.279468,-0.639855,-0.68361,5.685308,145.606537,-7.346161,-0.097619,0.92304,0.020656,0.371538,-4.6084,129.613342,21.531851,0.438237,0.894555,0.087779,-0.003783,7.354429,132.411407,33.241169,-0.162021,0.425881,0.517742,-0.724098,21.05854,114.979645,31.378593,0.002873,0.217566,0.661068,-0.718085,18.565939,136.858948,20.313353,0.0521,0.927499,0.138289,0.343377,-4.962448,86.190727,8.222709,0.102813,0.970419,-0.009081,0.218252,-5.023095,51.555813,-2.363645,-0.033318,0.942685,0.04576,0.328847,-14.652485,5.246705,-3.653234,-0.091668,0.897384,-0.104693,0.418734,8.119534,87.053452,21.852987,-0.00758,0.908814,-0.145565,0.39091,10.902641,52.239304,31.438446,-0.019798,0.893591,0.014011,0.448226,6.169617,6.932726,44.23822,-0.033318,0.942685,0.04576,0.328847,-5.330564,0.674214,-15.105763,-0.019798,0.893591,0.014011,0.448226,17.818743,1.400451,35.714252
458,3.816667,-0.028724,0.919647,0.009478,0.39158,1.577248,86.620346,15.035115,-0.12386,0.906913,0.148368,0.374372,1.110033,94.360107,14.995866,-0.02231,0.924031,0.005003,0.381633,-5.938378,113.784874,18.698484,0.073674,0.951509,0.086713,0.285804,-6.895562,135.010681,18.533112,0.005772,0.986044,0.025844,0.164364,-4.514325,149.520462,20.015177,-0.103692,0.7605,0.131688,0.627332,-9.914714,129.331085,16.234085,-0.744645,0.062954,0.505671,-0.431089,-13.163219,129.458542,-0.423567,-0.65364,-0.576004,0.183764,0.455197,-2.467535,117.671051,-15.973341,0.212498,0.27956,-0.63972,-0.683702,5.696317,145.611389,-7.346079,-0.097438,0.923071,0.020469,0.37152,-4.603562,129.611847,21.528643,0.438605,0.894402,0.087494,-0.003986,7.360938,132.406708,33.237011,-0.162312,0.426103,0.517956,-0.723749,21.050606,114.964035,31.370527,0.002811,0.217615,0.66095,-0.718179,18.57798,136.852234,20.312712,0.052071,0.927491,0.138275,0.343407,-4.963302,86.190956,8.21943,0.1028,0.970416,-0.009111,0.218271,-5.022064,51.55555,-2.365296,-0.033236,0.942703,0.045796,0.328799,-14.65088,5.246246,-3.652018,-0.091731,0.897404,-0.104689,0.418678,8.117798,87.049728,21.8508,-0.007532,0.908845,-0.14561,0.390823,10.905668,52.236366,31.437698,-0.019672,0.893577,0.014092,0.448258,6.168051,6.930962,44.239902,-0.033236,0.942703,0.045796,0.328799,-5.33083,0.673887,-15.106119,-0.019672,0.893577,0.014092,0.448258,17.81686,1.39911,35.715233
459,3.825,-0.028676,0.91965,0.009329,0.39158,1.581117,86.619774,15.033409,-0.123891,0.906899,0.14846,0.37436,1.115493,94.359627,14.992319,-0.022191,0.924037,0.004915,0.381628,-5.93588,113.784218,18.698158,0.073727,0.951511,0.086621,0.285812,-6.886997,135.010284,18.531265,0.005875,0.986041,0.025854,0.164379,-4.503517,149.519928,20.011177,-0.103672,0.760506,0.131645,0.627338,-9.907799,129.33139,16.232685,-0.744723,0.063171,0.50565,-0.430948,-13.156197,129.458435,-0.424989,-0.653613,-0.57593,0.183875,0.455285,-2.460786,117.667091,-15.972034,0.212307,0.279515,-0.639626,-0.683868,5.705803,145.60759,-7.347847,-0.097361,0.923097,0.020445,0.371477,-4.596508,129.611023,21.527159,0.438484,0.894436,0.087764,-0.003641,7.369582,132.403885,33.234375,-0.162058,0.426101,0.517894,-0.723851,21.064112,114.964066,31.376797,0.002847,0.217639,0.660959,-0.718163,18.588493,136.845367,20.310894,0.052072,0.92753,0.138257,0.34331,-4.959483,86.190109,8.217792,0.102818,0.970345,-0.009167,0.218573,-5.019834,51.554344,-2.365778,-0.033275,0.94271,0.04581,0.328773,-14.651028,5.245483,-3.650757,-0.091705,0.897429,-0.104742,0.418618,8.121717,87.049431,21.849028,-0.007505,0.908883,-0.145609,0.390733,10.906907,52.236523,31.438368,-0.019658,0.893618,0.014077,0.448177,6.168242,6.931057,44.23999,-0.033275,0.94271,0.04581,0.328773,-5.33117,0.673912,-15.105325,-0.019658,0.893618,0.014077,0.448177,17.815287,1.398597,35.713306
460,3.833333,-0.028611,0.919651,0.009272,0.391584,1.585397,86.619385,15.030456,-0.123886,0.906907,0.148519,0.374319,1.121048,94.359306,14.988949,-0.022172,0.924057,0.004865,0.38158,-5.930964,113.783623,18.697453,0.073748,0.951529,0.086466,0.285793,-6.880533,135.00975,18.528961,0.006025,0.986036,0.025913,0.164396,-4.49517,149.519501,20.004593,-0.103684,0.760466,0.131648,0.627384,-9.901989,129.330887,16.23114,-0.744671,0.063079,0.505671,-0.431026,-13.148357,129.458023,-0.42693,-0.653583,-0.575915,0.183881,0.455346,-2.453383,117.667702,-15.975055,0.212019,0.279479,-0.639544,-0.684049,5.714136,145.607391,-7.349092,-0.097367,0.923133,0.020482,0.371383,-4.590136,129.610535,21.525053,0.438797,0.894299,0.087597,-0.003654,7.378279,132.40332,33.229916,-0.162048,0.426217,0.518128,-0.723618,21.060585,114.953743,31.373898,0.002915,0.217462,0.661166,-0.718026,18.601616,136.839966,20.309448,0.052086,0.927556,0.138236,0.343247,-4.955226,86.19043,8.214811,0.102829,0.970391,-0.00915,0.218364,-5.017801,51.554352,-2.367703,-0.033166,0.942713,0.045815,0.328776,-14.649974,5.245688,-3.652383,-0.091657,0.89742,-0.104784,0.418637,8.12602,87.048332,21.8461,-0.007508,0.908876,-0.145628,0.390744,10.90663,52.235413,31.436726,-0.019727,0.893576,0.014035,0.448259,6.167399,6.93048,44.240017,-0.033166,0.942713,0.045815,0.328776,-5.331118,0.673154,-15.10739,-0.019727,0.893576,0.014035,0.448259,17.816517,1.397875,35.716248
461,3.841667,-0.028657,0.919649,0.009322,0.391584,1.592603,86.620018,15.026867,-0.123769,0.906943,0.148689,0.374201,1.127283,94.359886,14.985795,-0.022371,0.92409,0.004573,0.381491,-5.923661,113.78672,18.704096,0.073902,0.951504,0.086559,0.285807,-6.876297,135.012589,18.520992,0.006163,0.986026,0.025918,0.164448,-4.487392,149.521347,20.000565,-0.103838,0.760426,0.131624,0.627411,-9.897341,129.331696,16.227657,-0.744898,0.063015,0.505723,-0.430582,-13.141468,129.45462,-0.430883,-0.653375,-0.575786,0.18394,0.455782,-2.448475,117.674782,-15.988317,0.211567,0.27938,-0.6395,-0.68427,5.726675,145.608597,-7.350675,-0.097201,0.92313,0.020409,0.371438,-4.584604,129.615799,21.520443,0.438657,0.894368,0.087604,-0.003409,7.383519,132.404236,33.226639,-0.161984,0.426359,0.517994,-0.723645,21.071371,114.957932,31.380754,0.002969,0.21756,0.661145,-0.718015,18.611797,136.837097,20.309349,0.05213,0.927576,0.138191,0.343204,-4.947968,86.190628,8.211202,0.10285,0.97038,-0.009191,0.218405,-5.0151,51.553989,-2.369461,-0.03336,0.942732,0.045753,0.32871,-14.64991,5.245793,-3.651249,-0.09163,0.897419,-0.104851,0.418628,8.133175,87.0494,21.842533,-0.007453,0.908919,-0.145632,0.390643,10.91004,52.237141,31.436644,-0.019926,0.893564,0.013891,0.448278,6.167332,6.932238,44.238747,-0.03336,0.942732,0.045753,0.32871,-5.330854,0.673445,-15.106165,-0.019926,0.893564,0.013891,0.448278,17.818172,1.398564,35.718029
462,3.85,-0.028703,0.919633,0.009369,0.391616,1.601936,86.619888,15.024343,-0.123736,0.906946,0.148712,0.374196,1.135687,94.359711,14.983635,-0.022426,0.924094,0.004608,0.381478,-5.914233,113.786354,18.703342,0.074006,0.951534,0.086338,0.285748,-6.869613,135.0121,18.520754,0.006289,0.986042,0.025968,0.164339,-4.475954,149.52066,19.994719,-0.103715,0.760438,0.131494,0.627445,-9.889987,129.330872,16.227371,-0.744869,0.06296,0.505688,-0.43068,-13.133547,129.4543,-0.431275,-0.653305,-0.575749,0.184079,0.455873,-2.438684,117.674843,-15.987701,0.211122,0.279214,-0.639432,-0.684539,5.735964,145.609619,-7.352633,-0.097243,0.923186,0.020433,0.371287,-4.577138,129.61554,21.520014,0.438733,0.894341,0.087505,-0.003323,7.394505,132.405273,33.222298,-0.161983,0.42633,0.518018,-0.723644,21.079418,114.956139,31.38147,0.003103,0.217567,0.661421,-0.717758,18.619781,136.836823,20.310843,0.052229,0.927599,0.138138,0.343146,-4.93811,86.190063,8.208202,0.102897,0.970312,-0.00927,0.218678,-5.013882,51.553108,-2.371369,-0.033256,0.942693,0.045817,0.328824,-14.654216,5.24596,-3.649554,-0.091594,0.897426,-0.104949,0.418596,8.141983,87.049713,21.840483,-0.007393,0.908941,-0.145636,0.390592,10.91383,52.238476,31.439734,-0.019784,0.893576,0.01404,0.448256,6.166555,6.933588,44.240196,-0.033256,0.942693,0.045817,0.328824,-5.333302,0.674406,-15.103271,-0.019784,0.893576,0.01404,0.448256,17.816235,1.40187,35.716621
463,3.858333,-0.028711,0.919632,0.009389,0.391618,1.608436,86.621132,15.021335,-0.12382,0.906894,0.148701,0.374298,1.141958,94.360939,14.980869,-0.021997,0.924071,0.004641,0.38156,-5.908856,113.779915,18.696646,0.073466,0.951573,0.086222,0.285794,-6.847929,135.00647,18.522203,0.006369,0.986019,0.025992,0.164467,-4.468389,149.518112,19.988619,-0.10374,0.760555,0.131725,0.62725,-9.872285,129.328461,16.226105,-0.744937,0.062807,0.505853,-0.430392,-13.123965,129.45488,-0.430942,-0.65315,-0.575615,0.184145,0.456238,-2.435658,117.68364,-15.998096,0.210796,0.279097,-0.639444,-0.684676,5.746914,145.613586,-7.354898,-0.097589,0.923118,0.020323,0.371372,-4.560085,129.606964,21.51973,0.438846,0.894272,0.087634,-0.003336,7.407148,132.408661,33.223679,-0.161974,0.426257,0.518042,-0.723673,21.08762,114.956406,31.37941,0.002934,0.217937,0.661505,-0.71757,18.626026,136.838242,20.310564,0.052301,0.927574,0.138085,0.343227,-4.931572,86.19133,8.205152,0.102891,0.970326,-0.009291,0.218619,-5.012586,51.553856,-2.372689,-0.033281,0.942697,0.04585,0.328805,-14.652905,5.246636,-3.648214,-0.091539,0.897351,-0.104967,0.418764,8.148443,87.050934,21.837517,-0.00743,0.908899,-0.145671,0.390676,10.914399,52.239239,31.436831,-0.019809,0.893609,0.013989,0.448191,6.167796,6.935373,44.241146,-0.033281,0.942697,0.04585,0.328805,-5.332101,0.676263,-15.1025,-0.019809,0.893609,0.013989,0.448191,17.816248,1.402664,35.716534
464,3.866667,-0.028663,0.919609,0.009362,0.391676,1.612295,86.619965,15.018164,-0.1237,0.906899,0.148751,0.374307,1.146659,94.359818,14.97758,-0.022097,0.924061,0.004526,0.381579,-5.898637,113.77449,18.696217,0.07354,0.951549,0.086234,0.285851,-6.83975,135.0009,18.515625,0.006381,0.986008,0.025996,0.164535,-4.458248,149.5121,19.983194,-0.103572,0.760554,0.131861,0.62725,-9.863446,129.32193,16.221016,-0.744836,0.062682,0.50587,-0.430565,-13.116288,129.455597,-0.435738,-0.653161,-0.575602,0.184126,0.456246,-2.428072,117.68454,-16.003084,0.210628,0.27892,-0.639467,-0.684778,5.755787,145.613937,-7.359312,-0.097666,0.923081,0.020259,0.371445,-4.551528,129.602478,21.514811,0.438872,0.894263,0.087599,-0.003306,7.413331,132.407196,33.220448,-0.16217,0.426435,0.518004,-0.72355,21.092798,114.953957,31.377962,0.00276,0.21817,0.661429,-0.71757,18.636717,136.837814,20.309553,0.052251,0.927576,0.138064,0.343235,-4.926903,86.190811,8.201168,0.103194,0.970112,-0.009376,0.21942,-5.005003,51.552536,-2.374031,-0.033259,0.942475,0.045682,0.329465,-14.673521,5.251378,-3.656085,-0.091521,0.897429,-0.105052,0.41858,8.151493,87.04911,21.835159,-0.00742,0.908894,-0.145666,0.39069,10.915633,52.238453,31.43878,-0.019734,0.89361,0.014072,0.44819,6.168159,6.934416,44.242199,-0.033259,0.942475,0.045682,0.329465,-5.337608,0.676427,-15.09622,-0.019734,0.89361,0.014072,0.44819,17.816206,1.402836,35.716312
465,3.875,-0.028609,0.919602,0.009307,0.391699,1.617705,86.619621,15.01545,-0.123694,0.906895,0.148765,0.374313,1.153176,94.359543,14.974401,-0.022019,0.924066,0.004507,0.381572,-5.891855,113.7733,18.693432,0.073403,0.951548,0.086251,0.285883,-6.829599,134.999863,18.51338,0.006439,0.985995,0.025909,0.164625,-4.452072,149.511765,19.980408,-0.103503,0.760596,0.131867,0.62721,-9.854237,129.321426,16.218678,-0.74479,0.062623,0.505905,-0.430613,-13.109286,129.45668,-0.437635,-0.65316,-0.575523,0.184199,0.456318,-2.422296,117.685959,-16.006084,0.210409,0.278811,-0.639536,-0.684826,5.765467,145.614975,-7.364852,-0.097714,0.923062,0.02026,0.371482,-4.542188,129.600998,21.512398,0.438917,0.894239,0.087619,-0.003276,7.421447,132.40712,33.218964,-0.162212,0.426442,0.518011,-0.723532,21.099169,114.952446,31.377081,0.002673,0.218283,0.661553,-0.717421,18.643663,136.83728,20.309803,0.052326,0.927523,0.13801,0.34339,-4.921218,86.191017,8.198154,0.103222,0.970082,-0.009418,0.21954,-5.003984,51.552231,-2.375374,-0.033284,0.942464,0.045688,0.329494,-14.675723,5.251679,-3.655351,-0.09147,0.897361,-0.105088,0.418729,8.156629,87.048225,21.832747,-0.007439,0.908869,-0.14565,0.390753,10.914778,52.237446,31.437611,-0.019618,0.893581,0.014088,0.448252,6.168632,6.93301,44.240086,-0.033284,0.942464,0.045688,0.329494,-5.338865,0.677148,-15.094889,-0.019618,0.893581,0.014088,0.448252,17.816755,1.400333,35.715012
466,3.883333,-0.028594,0.91961,0.009283,0.391681,1.623247,86.619339,15.012956,-0.123576,0.906906,0.148876,0.374282,1.159072,94.359276,14.971664,-0.022153,0.924057,0.004252,0.381589,-5.884276,113.776169,18.697634,0.073555,0.951497,0.086393,0.285971,-6.823157,135.002579,18.50536,0.006498,0.985982,0.025821,0.164711,-4.442551,149.513412,19.977972,-0.1036,0.76042,0.131965,0.627387,-9.847371,129.322662,16.21376,-0.744848,0.062869,0.505978,-0.43039,-13.094202,129.458908,-0.444146,-0.653014,-0.575496,0.184394,0.456482,-2.411895,117.683495,-16.012264,0.210285,0.278735,-0.639586,-0.684848,5.773418,145.613617,-7.372194,-0.097591,0.923048,0.020319,0.371546,-4.535606,129.60556,21.507587,0.438987,0.894206,0.087608,-0.003188,7.427218,132.407013,33.216091,-0.162302,0.426666,0.518068,-0.723339,21.102222,114.949844,31.37767,0.00249,0.2182,0.661525,-0.717473,18.659239,136.833649,20.310112,0.052345,0.92752,0.137979,0.343407,-4.915952,86.190804,8.195921,0.103244,0.970072,-0.009427,0.219574,-5.00054,51.551552,-2.376054,-0.033359,0.942474,0.0456,0.329469,-14.674423,5.25145,-3.656006,-0.091406,0.897399,-0.105153,0.418644,8.162446,87.047867,21.82999,-0.007391,0.908918,-0.145676,0.39063,10.915369,52.237244,31.436926,-0.01979,0.893568,0.014007,0.448272,6.165864,6.933448,44.240448,-0.033359,0.942474,0.0456,0.329469,-5.337645,0.675221,-15.094927,-0.01979,0.893568,0.014007,0.448272,17.815763,1.400965,35.71767
467,3.891667,-0.028637,0.919605,0.00931,0.391688,1.630557,86.618164,15.009695,-0.123761,0.906817,0.148854,0.374444,1.165605,94.358055,14.968514,-0.021664,0.924012,0.004494,0.381722,-5.885949,113.775948,18.689842,0.073412,0.951567,0.085953,0.285906,-6.809518,135.003174,18.514885,0.006536,0.986013,0.025818,0.164525,-4.429237,149.515472,19.973629,-0.103638,0.760403,0.131743,0.627447,-9.837207,129.327332,16.217787,-0.744647,0.062556,0.506269,-0.430441,-13.081185,129.458176,-0.44072,-0.652979,-0.575401,0.184435,0.456636,-2.410247,117.686996,-16.019825,0.210246,0.278641,-0.639713,-0.684779,5.780767,145.61496,-7.378226,-0.097635,0.923048,0.020286,0.371534,-4.526644,129.602036,21.513252,0.438982,0.894187,0.087826,-0.003294,7.436189,132.405304,33.221317,-0.162332,0.426609,0.518115,-0.723332,21.111351,114.949158,31.374454,0.002268,0.218284,0.661472,-0.717497,18.66835,136.834732,20.310217,0.052401,0.927504,0.137912,0.343468,-4.908493,86.189079,8.192553,0.103284,0.970137,-0.009395,0.219268,-4.99787,51.548897,-2.376348,-0.033321,0.942451,0.045703,0.329525,-14.675193,5.249536,-3.657033,-0.091347,0.8974,-0.105234,0.418635,8.169608,87.047256,21.826838,-0.007384,0.908883,-0.145675,0.390713,10.916304,52.237083,31.437197,-0.019739,0.89357,0.014018,0.44827,6.1651,6.933269,44.240017,-0.033321,0.942451,0.045703,0.329525,-5.337179,0.675812,-15.095949,-0.019739,0.89357,0.014018,0.44827,17.81448,1.400393,35.716785
468,3.9,-0.028668,0.919602,0.009326,0.391693,1.636965,86.618111,15.007167,-0.123617,0.906815,0.148876,0.374487,1.171474,94.357971,14.966032,-0.021902,0.923964,0.004294,0.381829,-5.871167,113.765968,18.688099,0.073526,0.951457,0.086197,0.286172,-6.800828,134.992828,18.501316,0.006362,0.985956,0.025732,0.164887,-4.419379,149.504044,19.968853,-0.103292,0.760462,0.131907,0.627399,-9.826311,129.314865,16.206577,-0.744717,0.062716,0.506021,-0.430588,-13.0748,129.457733,-0.450952,-0.652976,-0.57549,0.184558,0.456478,-2.39355,117.682503,-16.019926,0.210235,0.278472,-0.639769,-0.6848,5.788505,145.615524,-7.386252,-0.097783,0.923016,0.020275,0.371576,-4.517128,129.593994,21.503195,0.43884,0.894255,0.087852,-0.003084,7.443662,132.401871,33.212238,-0.162563,0.426637,0.517997,-0.723349,21.124443,114.949242,31.373766,0.002195,0.218259,0.661684,-0.717309,18.67635,136.837784,20.312286,0.052408,0.927534,0.137858,0.34341,-4.901985,86.188614,8.189951,0.103346,0.970105,-0.009418,0.219381,-4.99388,51.547413,-2.375574,-0.033291,0.942451,0.045722,0.329525,-14.677155,5.249307,-3.656567,-0.091288,0.89742,-0.105331,0.418579,8.175915,87.047615,21.824383,-0.007376,0.908932,-0.145659,0.390604,10.916428,52.238125,31.439001,-0.019759,0.893577,0.01398,0.448257,6.166659,6.933841,44.240685,-0.033291,0.942451,0.045722,0.329525,-5.339382,0.675819,-15.095775,-0.019759,0.893577,0.01398,0.448257,17.815825,1.400243,35.717621
469,3.908333,-0.028658,0.919602,0.009288,0.391696,1.642652,86.618332,15.005006,-0.123672,0.906787,0.148888,0.374532,1.177534,94.358208,14.963378,-0.021726,0.923951,0.004314,0.381869,-5.868904,113.769234,18.685379,0.073581,0.951454,0.086091,0.286197,-6.791964,134.996414,18.502184,0.006347,0.985957,0.025649,0.164893,-4.408081,149.507477,19.967264,-0.10341,0.760393,0.131797,0.627486,-9.819022,129.319794,16.206221,-0.744666,0.062631,0.506115,-0.430577,-13.06297,129.45787,-0.452234,-0.652941,-0.575464,0.184641,0.456526,-2.385516,117.684006,-16.024849,0.210281,0.27845,-0.639881,-0.68469,5.796442,145.617661,-7.39307,-0.097703,0.923014,0.020381,0.371596,-4.510185,129.596359,21.503317,0.438772,0.89429,0.087831,-0.003149,7.450626,132.400375,33.213264,-0.162823,0.426698,0.517992,-0.723258,21.134052,114.950012,31.372881,0.002358,0.218312,0.661423,-0.717533,18.68829,136.842163,20.317638,0.052438,0.927584,0.137844,0.343276,-4.896263,86.188713,8.187767,0.103346,0.97004,-0.009497,0.219661,-4.992007,51.547462,-2.377545,-0.033291,0.942476,0.045728,0.329455,-14.676489,5.249485,-3.65407,-0.09124,0.897427,-0.105393,0.41856,8.181567,87.047943,21.822245,-0.007376,0.908916,-0.145688,0.390631,10.917238,52.238773,31.439379,-0.019717,0.893602,0.013962,0.448209,6.165971,6.935308,44.243389,-0.033291,0.942476,0.045728,0.329455,-5.340389,0.67612,-15.09469,-0.019717,0.893602,0.013962,0.448209,17.813694,1.400676,35.719036
470,3.916667,-0.028589,0.919593,0.009271,0.391722,1.646226,86.618324,15.00259,-0.123488,0.906803,0.148987,0.374517,1.182195,94.358269,14.961136,-0.02185,0.923945,0.004094,0.38188,-5.859625,113.772324,18.690414,0.073636,0.951471,0.086047,0.286141,-6.783994,134.999344,18.49659,0.006446,0.985982,0.025723,0.164729,-4.398212,149.510208,19.960688,-0.103403,0.760375,0.131683,0.627533,-9.810619,129.321381,16.20335,-0.744599,0.062522,0.506125,-0.430697,-13.052598,129.45752,-0.455508,-0.652938,-0.57552,0.184689,0.456442,-2.374983,117.684578,-16.028711,0.210408,0.278476,-0.639916,-0.684607,5.801989,145.620682,-7.400182,-0.097473,0.923006,0.020383,0.371677,-4.501987,129.600937,21.500498,0.438712,0.894317,0.087852,-0.003178,7.458315,132.397644,33.212715,-0.162964,0.426687,0.51797,-0.723249,21.144073,114.949265,31.370977,0.002272,0.218223,0.661407,-0.717575,18.696611,136.843903,20.319445,0.052487,0.927548,0.137776,0.343393,-4.892374,86.189804,8.184978,0.103356,0.970089,-0.009459,0.219446,-4.991863,51.547558,-2.377063,-0.033331,0.94246,0.045714,0.329498,-14.676787,5.249715,-3.655146,-0.091249,0.89743,-0.105414,0.418547,8.184825,87.046844,21.820202,-0.007312,0.908994,-0.145748,0.390429,10.920532,52.238117,31.438932,-0.019822,0.893586,0.013888,0.448239,6.16439,6.936204,44.246639,-0.033331,0.94246,0.045714,0.329498,-5.339282,0.676392,-15.09464,-0.019822,0.893586,0.013888,0.448239,17.813419,1.401074,35.724392
471,3.925,-0.028583,0.919594,0.00922,0.39172,1.651661,86.616318,15.001241,-0.123468,0.906861,0.148934,0.374403,1.188034,94.356285,14.959091,-0.021766,0.924017,0.00409,0.38171,-5.850971,113.768982,18.687208,0.073536,0.951495,0.085994,0.286102,-6.771999,134.99617,18.494726,0.0064,0.985962,0.025707,0.164853,-4.388573,149.50766,19.95636,-0.103328,0.760361,0.131699,0.627558,-9.800384,129.318802,16.202339,-0.74454,0.062354,0.506201,-0.430735,-13.041827,129.457382,-0.4566,-0.652901,-0.575509,0.184757,0.456481,-2.366678,117.687843,-16.034063,0.210423,0.278433,-0.639953,-0.684586,5.80957,145.624573,-7.406805,-0.097545,0.922947,0.020323,0.371807,-4.489751,129.597229,21.497538,0.438704,0.894299,0.088074,-0.003151,7.466794,132.396667,33.212936,-0.162974,0.426544,0.518102,-0.723236,21.152857,114.94886,31.367985,0.00238,0.218005,0.661556,-0.717504,18.706095,136.847366,20.322918,0.052484,0.927574,0.137794,0.343315,-4.886973,86.187531,8.18368,0.103416,0.970081,-0.009498,0.219449,-4.986669,51.545643,-2.379517,-0.033234,0.942436,0.045775,0.329567,-14.677853,5.24905,-3.655312,-0.091184,0.897464,-0.105455,0.418478,8.190293,87.045113,21.818802,-0.007293,0.909024,-0.145739,0.390362,10.921307,52.236141,31.437986,-0.019625,0.893581,0.014028,0.448254,6.164837,6.933939,44.244553,-0.033234,0.942436,0.045775,0.329567,-5.339505,0.676474,-15.094412,-0.019625,0.893581,0.014028,0.448254,17.81279,1.399829,35.720177
472,3.933333,-0.028555,0.919587,0.009141,0.39174,1.657108,86.615135,14.998915,-0.123506,0.906829,0.149012,0.374436,1.194359,94.355148,14.955795,-0.021563,0.924009,0.004044,0.38174,-5.849296,113.771774,18.686909,0.073864,0.951464,0.085943,0.286137,-6.761597,134.999344,18.495882,0.006159,0.985972,0.025557,0.164826,-4.368556,149.509109,19.958881,-0.103462,0.7603,0.131636,0.627624,-9.792171,129.323395,16.202904,-0.744489,0.062291,0.506231,-0.430797,-13.029859,129.457672,-0.456801,-0.652861,-0.575502,0.184919,0.456481,-2.355708,117.688408,-16.035151,0.210373,0.278422,-0.640003,-0.684558,5.81738,145.627945,-7.414071,-0.097473,0.922946,0.020362,0.371827,-4.48175,129.599258,21.498447,0.438727,0.894275,0.088208,-0.003177,7.474762,132.395935,33.214539,-0.163017,0.426487,0.518164,-0.723215,21.159922,114.947823,31.365841,0.002293,0.217936,0.661515,-0.717564,18.713966,136.848373,20.324909,0.05255,0.927536,0.137767,0.343417,-4.881265,86.186241,8.181109,0.103424,0.970041,-0.009529,0.21962,-4.98488,51.544304,-2.381881,-0.033302,0.942458,0.045761,0.3295,-14.677176,5.247915,-3.656607,-0.09115,0.897402,-0.105453,0.418618,8.195481,87.044022,21.816719,-0.007308,0.908978,-0.145735,0.390471,10.922836,52.234577,31.435215,-0.019809,0.893601,0.01392,0.44821,6.166216,6.932315,44.241501,-0.033302,0.942458,0.045761,0.3295,-5.339796,0.675612,-15.096605,-0.019809,0.893601,0.01392,0.44821,17.814703,1.397833,35.718094
473,3.941667,-0.028496,0.919585,0.009068,0.391751,1.660152,86.615486,14.997572,-0.123339,0.906869,0.149007,0.374397,1.198679,94.355568,14.953772,-0.021737,0.924022,0.004003,0.381701,-5.835186,113.764885,18.686045,0.073705,0.951483,0.085803,0.286156,-6.753682,134.992142,18.490623,0.00625,0.985951,0.025642,0.164936,-4.363896,149.502975,19.948425,-0.103308,0.760273,0.131776,0.627653,-9.782783,129.314835,16.199076,-0.744414,0.062141,0.506265,-0.43091,-13.020327,129.456268,-0.460598,-0.652833,-0.575538,0.184943,0.456466,-2.346869,117.688988,-16.040922,0.210396,0.278373,-0.640133,-0.68445,5.823153,145.629486,-7.419979,-0.097587,0.922893,0.020219,0.371936,-4.472027,129.593353,21.494146,0.438731,0.894274,0.088205,-0.003116,7.480986,132.395172,33.212585,-0.163037,0.426456,0.518222,-0.723188,21.166027,114.946701,31.366365,0.002254,0.217561,0.661764,-0.717448,18.721785,136.848114,20.328444,0.052519,0.927564,0.137769,0.343345,-4.878118,86.18708,8.179636,0.10344,0.970055,-0.009544,0.219549,-4.980461,51.544952,-2.382733,-0.033234,0.942502,0.045698,0.329388,-14.674618,5.248899,-3.655729,-0.09113,0.897493,-0.105478,0.418421,8.198421,87.043884,21.815508,-0.007237,0.909047,-0.145756,0.390303,10.925874,52.234573,31.434452,-0.019723,0.893573,0.013913,0.448268,6.164819,6.932774,44.240746,-0.033234,0.942502,0.045698,0.329388,-5.340761,0.674078,-15.097597,-0.019723,0.893573,0.013913,0.448268,17.813494,1.397008,35.718426
474,3.95,-0.02856,0.919588,0.009088,0.39174,1.667386,86.616501,14.995059,-0.123381,0.906796,0.149019,0.374555,1.204893,94.356529,14.951156,-0.021524,0.923952,0.004157,0.38188,-5.829856,113.761093,18.681145,0.073866,0.951476,0.08551,0.286227,-6.742463,134.988693,18.495077,0.006038,0.985961,0.025587,0.164892,-4.345715,149.499039,19.946157,-0.103217,0.760306,0.131776,0.627627,-9.772257,129.313248,16.199797,-0.744408,0.062073,0.506343,-0.430837,-13.011521,129.456802,-0.459522,-0.652757,-0.575482,0.185089,0.456586,-2.341228,117.691925,-16.043827,0.210295,0.278298,-0.640118,-0.684526,5.829413,145.63295,-7.425197,-0.097691,0.922889,0.020066,0.371926,-4.463418,129.587906,21.496992,0.438709,0.89427,0.088349,-0.003136,7.489147,132.394897,33.214645,-0.163154,0.426409,0.518174,-0.723223,21.175035,114.947464,31.364923,0.002085,0.217791,0.661544,-0.717581,18.726292,136.851059,20.330059,0.052562,0.927567,0.137711,0.343354,-4.870983,86.187141,8.177279,0.103475,0.970106,-0.00949,0.219312,-4.977546,51.544189,-2.38236,-0.033257,0.94249,0.045703,0.329422,-14.674038,5.248723,-3.658671,-0.091049,0.89743,-0.105533,0.418559,8.205753,87.045868,21.812841,-0.007303,0.908978,-0.145733,0.390471,10.924808,52.236305,31.4333,-0.019776,0.893587,0.013786,0.448243,6.167886,6.933978,44.239258,-0.033257,0.94249,0.045703,0.329422,-5.339137,0.674292,-15.099844,-0.019776,0.893587,0.013786,0.448243,17.816025,1.395631,35.717888
475,3.958333,-0.028574,0.919582,0.009127,0.391752,1.673414,86.616318,14.992627,-0.12314,0.906852,0.149065,0.37448,1.210483,94.356323,14.949184,-0.021812,0.923968,0.003958,0.381826,-5.815805,113.763191,18.685539,0.07409,0.95143,0.085634,0.286284,-6.736486,134.990341,18.487043,0.005954,0.985947,0.025567,0.164985,-4.334513,149.499268,19.943674,-0.10328,0.760265,0.131771,0.627667,-9.764359,129.312378,16.195421,-0.744434,0.062028,0.506303,-0.430846,-13.001473,129.454559,-0.464326,-0.652675,-0.575535,0.185171,0.456604,-2.329113,117.691681,-16.048721,0.210308,0.278209,-0.640321,-0.684368,5.836016,145.634384,-7.4303,-0.097755,0.922947,0.02041,0.371747,-4.455087,129.592194,21.491911,0.438767,0.894259,0.08818,-0.002966,7.501577,132.397141,33.205868,-0.163338,0.426377,0.518076,-0.72327,21.185234,114.946915,31.365982,0.002004,0.217793,0.661704,-0.717433,18.729916,136.854065,20.334064,0.052595,0.927586,0.137678,0.343312,-4.86475,86.187004,8.17465,0.10351,0.970062,-0.009579,0.219486,-4.974872,51.54364,-2.383588,-0.03324,0.942491,0.045714,0.329417,-14.676221,5.249035,-3.654206,-0.091042,0.897461,-0.105617,0.418472,8.211577,87.045631,21.810604,-0.007208,0.909076,-0.145762,0.390232,10.928455,52.237274,31.436008,-0.019625,0.893612,0.013864,0.448197,6.165617,6.935611,44.242119,-0.03324,0.942491,0.045714,0.329417,-5.341567,0.674748,-15.095636,-0.019625,0.893612,0.013864,0.448197,17.811707,1.397255,35.717957
476,3.966667,-0.02859,0.919574,0.009082,0.391771,1.67832,86.616066,14.991556,-0.12304,0.906863,0.149063,0.374487,1.215423,94.356064,14.947372,-0.021809,0.923969,0.003955,0.381826,-5.806725,113.762901,18.685022,0.073841,0.951443,0.085592,0.286317,-6.72725,134.990051,18.486439,0.006032,0.985928,0.025535,0.165096,-4.331896,149.500381,19.939953,-0.103527,0.760103,0.131863,0.627805,-9.755167,129.312103,16.194841,-0.744442,0.061955,0.506389,-0.43074,-12.984715,129.451035,-0.466406,-0.652477,-0.575574,0.185339,0.456768,-2.31586,117.691269,-16.055553,0.210181,0.278154,-0.640464,-0.684295,5.842773,145.635101,-7.434682,-0.097786,0.922933,0.020336,0.371777,-4.445888,129.591904,21.491327,0.438819,0.894227,0.088239,-0.002982,7.509799,132.398712,33.205837,-0.163434,0.426327,0.51817,-0.723211,21.191423,114.947105,31.363937,0.002099,0.217691,0.661643,-0.71752,18.738726,136.858047,20.338074,0.052625,0.927612,0.137673,0.343239,-4.859557,86.186142,8.173341,0.10354,0.970094,-0.00957,0.219331,-4.97263,51.5429,-2.385294,-0.033334,0.942489,0.04568,0.32942,-14.676663,5.248851,-3.655839,-0.091038,0.897426,-0.105616,0.41855,8.216197,87.045982,21.809772,-0.007184,0.909061,-0.145792,0.390259,10.932024,52.237545,31.435167,-0.019554,0.89359,0.013895,0.448242,6.165701,6.936669,44.242744,-0.033334,0.942489,0.04568,0.32942,-5.341094,0.674564,-15.096526,-0.019554,0.89359,0.013895,0.448242,17.812065,1.398198,35.719028
477,3.975,-0.028542,0.919608,0.009044,0.391696,1.683787,86.614441,14.991309,-0.12306,0.90687,0.149055,0.374468,1.221807,94.354492,14.946917,-0.02178,0.923969,0.003891,0.381827,-5.800641,113.760544,18.683949,0.073934,0.951427,0.085587,0.286348,-6.718968,134.987778,18.483301,0.005973,0.985925,0.025475,0.165129,-4.320964,149.497589,19.937538,-0.103458,0.760066,0.131839,0.627866,-9.74746,129.309921,16.192238,-0.744442,0.061914,0.5064,-0.430733,-12.974893,129.450531,-0.469406,-0.652416,-0.575544,0.185425,0.456858,-2.3063,117.692062,-16.059721,0.209966,0.278087,-0.64054,-0.684317,5.852482,145.636002,-7.439261,-0.097839,0.922958,0.020373,0.371701,-4.43818,129.589676,21.488726,0.438846,0.894224,0.088142,-0.002925,7.519082,132.397812,33.201317,-0.163506,0.426254,0.518146,-0.723256,21.199667,114.944962,31.363503,0.002091,0.217553,0.661821,-0.717398,18.742466,136.858719,20.340153,0.052656,0.927583,0.137687,0.343307,-4.855256,86.185051,8.174174,0.103549,0.970109,-0.009573,0.21926,-4.969234,51.542328,-2.386162,-0.033298,0.942512,0.045652,0.329361,-14.674314,5.248475,-3.65587,-0.090977,0.897473,-0.105638,0.418456,8.222829,87.043831,21.808443,-0.007141,0.909093,-0.145819,0.390175,10.93507,52.234936,31.433195,-0.019592,0.893596,0.013863,0.448229,6.165178,6.93475,44.241894,-0.033298,0.942512,0.045652,0.329361,-5.340594,0.673025,-15.097603,-0.019592,0.893596,0.013863,0.448229,17.811527,1.395929,35.718376
478,3.983333,-0.028535,0.919593,0.008987,0.391731,1.687733,86.613075,14.988603,-0.122981,0.906809,0.149026,0.374653,1.226197,94.353149,14.943411,-0.02163,0.92389,0.004031,0.382025,-5.791839,113.75544,18.678333,0.073709,0.951426,0.085429,0.286456,-6.706524,134.982895,18.485424,0.005934,0.985913,0.025455,0.165204,-4.313446,149.494141,19.933731,-0.103365,0.760097,0.131863,0.627837,-9.735009,129.306442,16.190922,-0.744362,0.061875,0.506398,-0.430881,-12.964291,129.449707,-0.470336,-0.652424,-0.575596,0.185486,0.456757,-2.295376,117.689499,-16.059103,0.210064,0.278072,-0.640598,-0.684239,5.85842,145.636292,-7.443251,-0.098,0.922924,0.020207,0.371751,-4.427899,129.583267,21.489735,0.438888,0.894204,0.088139,-0.002897,7.527023,132.398376,33.20303,-0.163583,0.426348,0.518131,-0.723193,21.205992,114.94416,31.36619,0.001998,0.217633,0.661512,-0.717658,18.752075,136.857605,20.342905,0.052636,0.927626,0.137714,0.343183,-4.850785,86.18338,8.170989,0.103634,0.970074,-0.009629,0.219372,-4.964149,51.541042,-2.390589,-0.033226,0.942495,0.045644,0.329416,-14.677891,5.248946,-3.658047,-0.090936,0.897449,-0.105686,0.418506,8.226252,87.04277,21.806217,-0.007149,0.909079,-0.145794,0.390215,10.933799,52.234066,31.432989,-0.01983,0.893581,0.013683,0.448255,6.16499,6.933188,44.239651,-0.033226,0.942495,0.045644,0.329416,-5.34358,0.672572,-15.098919,-0.01983,0.893581,0.013683,0.448255,17.813431,1.392902,35.719959
479,3.991667,-0.028479,0.919607,0.008944,0.391704,1.69304,86.612473,14.987219,-0.122961,0.906813,0.149047,0.374641,1.232573,94.352608,14.941776,-0.021607,0.923891,0.003952,0.382025,-5.784787,113.754257,18.677784,0.073685,0.95142,0.085385,0.286496,-6.6973,134.981781,18.482178,0.005897,0.9859,0.025469,0.165283,-4.304526,149.49321,19.929207,-0.103288,0.760001,0.131895,0.62796,-9.726359,129.305344,16.188387,-0.744341,0.061913,0.506563,-0.430717,-12.950939,129.452164,-0.473754,-0.652315,-0.57554,0.185553,0.456957,-2.289683,117.691246,-16.06724,0.209837,0.278106,-0.640559,-0.684331,5.866533,145.636124,-7.447419,-0.098013,0.922896,0.020172,0.371819,-4.419236,129.582306,21.487181,0.438855,0.894212,0.088219,-0.002841,7.533883,132.398132,33.202148,-0.163604,0.426331,0.518099,-0.723221,21.214155,114.944839,31.366146,0.001829,0.217592,0.661552,-0.717635,18.758003,136.85704,20.343796,0.052684,0.92765,0.137699,0.343117,-4.845948,86.183441,8.170014,0.103598,0.970068,-0.009632,0.219416,-4.963709,51.541172,-2.391756,-0.033329,0.942499,0.045595,0.329402,-14.674175,5.248377,-3.658671,-0.090915,0.897525,-0.105744,0.418331,8.232029,87.041512,21.804422,-0.007055,0.909158,-0.145804,0.39003,10.938311,52.23341,31.433743,-0.019622,0.893567,0.013883,0.448287,6.163672,6.9327,44.2388,-0.033329,0.942499,0.045595,0.329402,-5.339304,0.671679,-15.098959,-0.019622,0.893567,0.013883,0.448287,17.811525,1.394837,35.716728
480,4.0,-0.028436,0.919612,0.008867,0.391696,1.697876,86.612488,14.986105,-0.122901,0.906861,0.149076,0.374532,1.238478,94.352684,14.939831,-0.021742,0.92393,0.003702,0.381926,-5.777953,113.758293,18.679464,0.073887,0.951371,0.085608,0.286539,-6.691689,134.985657,18.471939,0.005892,0.985881,0.025434,0.165398,-4.295159,149.495621,19.927076,-0.103264,0.759988,0.131786,0.628003,-9.720891,129.307739,16.181995,-0.744346,0.061946,0.506398,-0.430897,-12.943838,129.45311,-0.480475,-0.652385,-0.575639,0.185501,0.456752,-2.275307,117.690216,-16.067478,0.209964,0.278155,-0.640647,-0.684191,5.875082,145.637726,-7.450753,-0.097896,0.922856,0.020251,0.371945,-4.41272,129.588013,21.479565,0.438975,0.894175,0.087997,-0.002822,7.538012,132.398956,33.198135,-0.163899,0.426492,0.518054,-0.723092,21.213589,114.941513,31.366726,0.001605,0.217661,0.661453,-0.717706,18.761944,136.85611,20.348585,0.052696,0.927664,0.137708,0.343073,-4.841267,86.183617,8.169036,0.103621,0.970106,-0.009628,0.219234,-4.960063,51.541615,-2.393599,-0.033184,0.942504,0.045596,0.329403,-14.672831,5.249271,-3.659495,-0.090876,0.897605,-0.105798,0.418155,8.237018,87.041351,21.803173,-0.007017,0.909178,-0.1458,0.389986,10.941007,52.233566,31.434254,-0.019746,0.893543,0.013812,0.44833,6.163797,6.932688,44.23777,-0.033184,0.942504,0.045596,0.329403,-5.33939,0.671125,-15.100375,-0.019746,0.893543,0.013812,0.44833,17.813412,1.394647,35.718216
481,4.008333,-0.02841,0.919621,0.008807,0.39168,1.701722,86.611816,14.984663,-0.122928,0.906862,0.149108,0.374509,1.243063,94.352051,14.937697,-0.021706,0.923936,0.003608,0.381915,-5.774879,113.757202,18.678284,0.073867,0.951373,0.085597,0.286543,-6.685706,134.984665,18.467676,0.005935,0.985877,0.025469,0.165417,-4.28962,149.494751,19.922352,-0.103296,0.759906,0.131831,0.628087,-9.71574,129.306824,16.178629,-0.744336,0.061952,0.506432,-0.430874,-12.934852,129.452972,-0.484577,-0.652378,-0.575623,0.185507,0.456781,-2.267896,117.689751,-16.072424,0.209892,0.278228,-0.640644,-0.684186,5.88353,145.636871,-7.455328,-0.097942,0.922874,0.020261,0.371888,-4.407412,129.587143,21.47604,0.438975,0.89417,0.088057,-0.002614,7.544464,132.399506,33.193115,-0.164012,0.426568,0.518004,-0.723057,21.220104,114.94136,31.368816,0.001573,0.217771,0.661283,-0.717828,18.769096,136.856461,20.351059,0.052685,0.927665,0.137697,0.343075,-4.8377,86.182953,8.16786,0.103661,0.970123,-0.009642,0.219143,-4.956013,51.540642,-2.393775,-0.033239,0.94252,0.045582,0.329354,-14.672825,5.249107,-3.658314,-0.090866,0.897568,-0.105796,0.418237,8.241144,87.040688,21.801466,-0.006998,0.909154,-0.145847,0.390023,10.943689,52.23275,31.432421,-0.019612,0.893551,0.013906,0.448319,6.162605,6.93315,44.239021,-0.033239,0.94252,0.045582,0.329354,-5.340034,0.671112,-15.099785,-0.019612,0.893551,0.013906,0.448319,17.811064,1.395736,35.717476
482,4.016667,-0.028419,0.91964,0.008813,0.391634,1.706568,86.612244,14.982367,-0.122931,0.906848,0.149113,0.374539,1.247739,94.352463,14.935453,-0.021659,0.923914,0.003562,0.381971,-5.770473,113.757454,18.675932,0.074067,0.951331,0.085539,0.286646,-6.678675,134.985001,18.464207,0.005803,0.985857,0.025485,0.165535,-4.2765,149.494064,19.919268,-0.10329,0.759882,0.131684,0.628148,-9.709126,129.307434,16.17506,-0.744394,0.06201,0.506431,-0.430767,-12.925705,129.450974,-0.488655,-0.652339,-0.575595,0.185544,0.456856,-2.259008,117.688141,-16.076965,0.209754,0.278283,-0.640566,-0.684278,5.89352,145.634705,-7.459084,-0.097823,0.92286,0.020147,0.37196,-4.401408,129.587372,21.473104,0.438876,0.894205,0.088201,-0.002501,7.549428,132.397339,33.191807,-0.164142,0.426629,0.51796,-0.723023,21.22897,114.942039,31.369579,0.001504,0.217799,0.661101,-0.717988,18.778257,136.857635,20.353477,0.052699,0.927699,0.137691,0.342986,-4.833526,86.183243,8.166218,0.103664,0.970065,-0.00971,0.219392,-4.953927,51.540936,-2.395376,-0.033277,0.942527,0.045567,0.329331,-14.6721,5.249587,-3.656244,-0.09084,0.897711,-0.105871,0.417918,8.246662,87.041245,21.798515,-0.006933,0.909236,-0.14589,0.389819,10.948619,52.234112,31.432545,-0.019532,0.893571,0.013846,0.448283,6.163256,6.935608,44.241409,-0.033277,0.942527,0.045567,0.329331,-5.339515,0.671536,-15.097859,-0.019532,0.893571,0.013846,0.448283,17.809938,1.3956,35.719124
483,4.025,-0.028367,0.91963,0.008755,0.391662,1.710157,86.611519,14.980713,-0.122925,0.906826,0.149112,0.374596,1.252421,94.351807,14.933278,-0.02164,0.923885,0.00351,0.382041,-5.765499,113.756088,18.673231,0.074025,0.951296,0.085513,0.286781,-6.672123,134.983688,18.459709,0.005805,0.98582,0.025548,0.16575,-4.270908,149.49295,19.914154,-0.103256,0.759853,0.1315,0.628228,-9.702635,129.306152,16.17054,-0.744404,0.06198,0.506414,-0.430773,-12.916032,129.447098,-0.493808,-0.652348,-0.575626,0.185507,0.45682,-2.248422,117.685387,-16.082338,0.209844,0.278327,-0.640545,-0.684253,5.902795,145.632004,-7.463446,-0.097883,0.922846,0.020182,0.371977,-4.39571,129.586105,21.469376,0.438902,0.894185,0.088271,-0.002397,7.55429,132.397461,33.188595,-0.164204,0.426637,0.517969,-0.722997,21.232801,114.941071,31.369024,0.001482,0.21786,0.6611,-0.71797,18.782904,136.858047,20.354679,0.052648,0.927712,0.137673,0.342966,-4.829571,86.183014,8.164184,0.103736,0.970092,-0.009692,0.219242,-4.947291,51.539959,-2.395,-0.033154,0.942527,0.045618,0.329335,-14.67177,5.24998,-3.657569,-0.0908,0.897647,-0.105872,0.418062,8.249885,87.040031,21.797241,-0.006953,0.909195,-0.14589,0.389914,10.947685,52.232391,31.430609,-0.019628,0.893546,0.013862,0.448328,6.162694,6.933916,44.239746,-0.033154,0.942527,0.045618,0.329335,-5.340167,0.672106,-15.100056,-0.019628,0.893546,0.013862,0.448328,17.811289,1.395608,35.718975
484,4.033333,-0.028323,0.919619,0.008694,0.391693,1.713682,86.610779,14.979039,-0.122927,0.906813,0.149123,0.374623,1.256947,94.351128,14.930989,-0.021588,0.923876,0.003458,0.382068,-5.761173,113.754868,18.671036,0.074084,0.951296,0.085354,0.286814,-6.664905,134.98259,18.456295,0.005779,0.985811,0.02563,0.16579,-4.260694,149.49176,19.906849,-0.10326,0.759802,0.131508,0.628286,-9.696052,129.305344,16.167257,-0.74441,0.062035,0.506429,-0.430739,-12.906938,129.446793,-0.497575,-0.652334,-0.57561,0.185525,0.456853,-2.240307,117.683754,-16.085777,0.209859,0.278217,-0.640557,-0.684281,5.91161,145.630127,-7.466727,-0.097806,0.922833,0.020081,0.372034,-4.389403,129.584854,21.466394,0.438958,0.894151,0.088344,-0.002308,7.55967,132.394989,33.186855,-0.164423,0.426877,0.517964,-0.72281,21.236055,114.936737,31.369209,0.00136,0.218177,0.660629,-0.718308,18.796085,136.85434,20.356251,0.052645,0.927707,0.137684,0.342975,-4.825638,86.182602,8.162097,0.103773,0.970057,-0.009749,0.219376,-4.942792,51.53973,-2.397692,-0.033202,0.94253,0.045545,0.329335,-14.671648,5.250588,-3.657083,-0.090737,0.897551,-0.105839,0.41829,8.253002,87.038963,21.795982,-0.00702,0.909161,-0.145907,0.389986,10.945319,52.229988,31.426039,-0.019735,0.893566,0.013813,0.448285,6.16448,6.932059,44.238628,-0.033202,0.94253,0.045545,0.329335,-5.339781,0.671183,-15.098742,-0.019735,0.893566,0.013813,0.448285,17.81312,1.39387,35.717838
485,4.041667,-0.028267,0.919619,0.008667,0.391696,1.716695,86.610268,14.97591,-0.122931,0.906801,0.149174,0.374629,1.260923,94.350662,14.927814,-0.021496,0.923873,0.003339,0.38208,-5.757703,113.752579,18.669424,0.073967,0.951282,0.085476,0.286855,-6.655884,134.980499,18.451483,0.005826,0.985799,0.025603,0.165864,-4.255975,149.490112,19.90468,-0.103159,0.759832,0.131501,0.628268,-9.688444,129.303711,16.163202,-0.744401,0.062099,0.506422,-0.430752,-12.900818,129.447418,-0.501324,-0.652401,-0.575567,0.185514,0.456815,-2.234196,117.682121,-16.087828,0.209848,0.278268,-0.64051,-0.684308,5.920985,145.628433,-7.471644,-0.097881,0.922789,0.020037,0.372127,-4.381882,129.582626,21.462458,0.439046,0.894113,0.088293,-0.002356,7.564346,132.395462,33.185177,-0.164456,0.426926,0.518002,-0.722746,21.237263,114.934608,31.366283,0.001209,0.218198,0.660743,-0.718197,18.801239,136.8535,20.353851,0.052654,0.927698,0.137605,0.34303,-4.822631,86.182861,8.158924,0.103759,0.970145,-0.009643,0.218998,-4.941751,51.53849,-2.395927,-0.033139,0.94255,0.045559,0.329281,-14.667649,5.248886,-3.661035,-0.090749,0.897662,-0.105903,0.418033,8.256021,87.037674,21.792896,-0.006927,0.909211,-0.14591,0.38987,10.949922,52.229836,31.426626,-0.01958,0.893517,0.013846,0.448389,6.162527,6.931874,44.236675,-0.033139,0.94255,0.045559,0.329281,-5.337667,0.66921,-15.104124,-0.01958,0.893517,0.013846,0.448389,17.811707,1.392531,35.717373
486,4.05,-0.028217,0.919601,0.008573,0.391745,1.720962,86.608978,14.974004,-0.122932,0.906783,0.149183,0.374668,1.266479,94.349442,14.924836,-0.021478,0.923856,0.003287,0.382124,-5.752762,113.752029,18.666611,0.074022,0.951242,0.085461,0.286976,-6.649376,134.979996,18.446899,0.005794,0.985766,0.025632,0.166057,-4.247766,149.489288,19.900551,-0.103146,0.759756,0.131536,0.628355,-9.68213,129.303238,16.158779,-0.744298,0.062169,0.506395,-0.430952,-12.890895,129.448715,-0.506429,-0.652468,-0.575605,0.185506,0.456675,-2.223455,117.677399,-16.087837,0.209924,0.278173,-0.64055,-0.684286,5.929268,145.625748,-7.475915,-0.097866,0.922764,0.019973,0.372197,-4.376057,129.582199,21.458521,0.439153,0.89406,0.088293,-0.002297,7.568502,132.395248,33.182888,-0.164354,0.426996,0.518132,-0.722635,21.237268,114.930954,31.365929,0.001279,0.217902,0.660632,-0.718389,18.810917,136.848969,20.352352,0.052684,0.927669,0.137614,0.343098,-4.81769,86.181755,8.156361,0.103772,0.970111,-0.009712,0.219137,-4.937783,51.537792,-2.399826,-0.033227,0.94256,0.045521,0.329249,-14.666076,5.248559,-3.660209,-0.090693,0.897591,-0.105892,0.418201,8.259615,87.036201,21.791647,-0.006982,0.909111,-0.145902,0.390105,10.948446,52.227455,31.423531,-0.019861,0.893507,0.013751,0.4484,6.162819,6.929359,44.233746,-0.033227,0.94256,0.045521,0.329249,-5.336081,0.668688,-15.103209,-0.019861,0.893507,0.013751,0.4484,17.814661,1.391295,35.717251
487,4.058333,-0.028218,0.919574,0.008618,0.391808,1.726552,86.608887,14.970846,-0.122919,0.906749,0.149196,0.374751,1.271788,94.349342,14.92229,-0.021476,0.923816,0.003236,0.382221,-5.747085,113.750771,18.663862,0.074127,0.951208,0.085382,0.287087,-6.642743,134.978745,18.44207,0.00572,0.985745,0.025723,0.16617,-4.237522,149.487549,19.894733,-0.103102,0.759758,0.131514,0.628364,-9.675257,129.30191,16.153816,-0.744359,0.062303,0.506371,-0.430856,-12.883931,129.448074,-0.511402,-0.652502,-0.575567,0.185492,0.45668,-2.216142,117.674759,-16.091051,0.209939,0.278226,-0.640541,-0.684268,5.939545,145.622437,-7.479875,-0.097873,0.922753,0.020018,0.372219,-4.370291,129.581131,21.454651,0.439121,0.894066,0.088396,-0.002155,7.573668,132.393768,33.179726,-0.164255,0.426945,0.518121,-0.722696,21.243675,114.930054,31.366508,0.001276,0.217902,0.660862,-0.718177,18.814663,136.846268,20.35104,0.052681,0.927674,0.137545,0.343114,-4.811169,86.182007,8.152288,0.10383,0.970143,-0.009707,0.218971,-4.932654,51.536644,-2.399269,-0.033282,0.942561,0.045533,0.329237,-14.66634,5.248544,-3.659689,-0.090688,0.897604,-0.10594,0.418162,8.264272,87.035767,21.789404,-0.006929,0.909142,-0.145918,0.390027,10.951678,52.227688,31.424078,-0.019463,0.893491,0.013908,0.448444,6.161986,6.929943,44.234024,-0.033282,0.942561,0.045533,0.329237,-5.33605,0.669569,-15.102804,-0.019463,0.893491,0.013908,0.448444,17.811312,1.390665,35.714878
488,4.066667,-0.028249,0.919549,0.008601,0.391865,1.732127,86.609665,14.969148,-0.122947,0.906733,0.149175,0.374789,1.27702,94.350098,14.920124,-0.021394,0.923809,0.003257,0.382241,-5.74243,113.750694,18.660017,0.074157,0.951172,0.085336,0.287213,-6.635217,134.978821,18.440378,0.005668,0.985706,0.025687,0.166411,-4.228772,149.487457,19.892445,-0.103154,0.759726,0.131463,0.628405,-9.668403,129.302628,16.151413,-0.744402,0.062397,0.506435,-0.430692,-12.874949,129.446655,-0.514227,-0.652461,-0.575462,0.185573,0.456838,-2.210609,117.672562,-16.095638,0.209796,0.27812,-0.640584,-0.684315,5.95055,145.618683,-7.484551,-0.097848,0.922717,0.019945,0.37232,-4.363617,129.580597,21.452496,0.439221,0.89402,0.088368,-0.002135,7.577962,132.393188,33.179996,-0.164315,0.427083,0.518185,-0.722555,21.24408,114.926338,31.367722,0.001534,0.217931,0.660033,-0.71893,18.824366,136.841766,20.353357,0.052731,0.927626,0.137513,0.343247,-4.804717,86.182137,8.149793,0.103863,0.970173,-0.00971,0.218822,-4.928832,51.536518,-2.400913,-0.033152,0.94256,0.045559,0.329252,-14.665744,5.249065,-3.660216,-0.090681,0.897614,-0.105954,0.418138,8.26897,87.037201,21.788502,-0.006912,0.909156,-0.14594,0.389986,10.955774,52.229263,31.423849,-0.019902,0.893528,0.013682,0.448357,6.164424,6.932101,44.235229,-0.033152,0.94256,0.045559,0.329252,-5.336329,0.669485,-15.103802,-0.019902,0.893528,0.013682,0.448357,17.815533,1.39277,35.718559
489,4.075,-0.028212,0.919528,0.008575,0.391916,1.735967,86.609741,14.967257,-0.122915,0.906713,0.149135,0.374864,1.281549,94.350204,14.918062,-0.021405,0.923779,0.003342,0.382312,-5.736621,113.752136,18.656498,0.074257,0.951165,0.085162,0.287261,-6.631218,134.980225,18.439917,0.005714,0.985701,0.025692,0.166436,-4.220488,149.488556,19.888046,-0.103205,0.759677,0.131391,0.628471,-9.663568,129.304108,16.149643,-0.74442,0.062509,0.506412,-0.430672,-12.866953,129.445755,-0.516631,-0.652506,-0.57542,0.185607,0.456812,-2.202194,117.668793,-16.0956,0.209798,0.278132,-0.640556,-0.684335,5.961111,145.615524,-7.488511,-0.09773,0.92273,0.019916,0.37232,-4.359602,129.581726,21.451565,0.43919,0.894018,0.088541,-0.002118,7.582757,132.391037,33.179062,-0.16428,0.42696,0.518171,-0.722645,21.250101,114.925407,31.364218,0.001461,0.218151,0.66026,-0.718655,18.824362,136.842087,20.35066,0.052744,0.927604,0.137474,0.343323,-4.800163,86.182678,8.147187,0.103917,0.970143,-0.009749,0.218928,-4.925283,51.536381,-2.401279,-0.033138,0.942532,0.045564,0.329332,-14.667824,5.250075,-3.659176,-0.090698,0.897619,-0.105984,0.418117,8.272098,87.036804,21.787327,-0.006824,0.909266,-0.145965,0.389721,10.959263,52.229546,31.425035,-0.019788,0.893496,0.013754,0.448424,6.163094,6.932974,44.236683,-0.033138,0.942532,0.045564,0.329332,-5.336624,0.670549,-15.101332,-0.019788,0.893496,0.013754,0.448424,17.814657,1.394026,35.720383
490,4.083333,-0.028163,0.919496,0.00853,0.391996,1.738775,86.609016,14.964528,-0.122905,0.906697,0.149135,0.374905,1.285339,94.349548,14.91496,-0.021381,0.923766,0.003237,0.382347,-5.732167,113.750328,18.653002,0.074155,0.951119,0.085279,0.287406,-6.624085,134.978485,18.432673,0.005758,0.985656,0.02568,0.166702,-4.217177,149.487152,19.883797,-0.103205,0.759736,0.131351,0.628408,-9.656961,129.302353,16.143137,-0.744527,0.062636,0.506326,-0.430569,-12.863013,129.442673,-0.522634,-0.65254,-0.575404,0.185592,0.45679,-2.195081,117.665169,-16.09903,0.209892,0.278136,-0.64051,-0.684349,5.969682,145.611786,-7.492903,-0.097809,0.922695,0.019938,0.372384,-4.353388,129.580231,21.445436,0.439305,0.893961,0.088546,-0.002035,7.586829,132.391571,33.174629,-0.164099,0.427003,0.518239,-0.722612,21.249699,114.922157,31.362556,0.001184,0.217931,0.660602,-0.718408,18.829268,136.83699,20.344139,0.052718,0.927614,0.137471,0.343301,-4.796227,86.182518,8.143343,0.103954,0.970181,-0.009757,0.218738,-4.919933,51.535954,-2.404252,-0.033157,0.942557,0.045492,0.329268,-14.666191,5.25038,-3.660298,-0.090706,0.897561,-0.105947,0.418248,8.273777,87.035522,21.785713,-0.006821,0.90925,-0.145995,0.389747,10.961165,52.227783,31.421652,-0.019785,0.893485,0.013777,0.448445,6.163235,6.932044,44.235603,-0.033157,0.942557,0.045492,0.329268,-5.336504,0.669008,-15.102945,-0.019785,0.893485,0.013777,0.448445,17.815281,1.393665,35.719597
491,4.091667,-0.028159,0.919479,0.008474,0.392037,1.742118,86.609039,14.962027,-0.122965,0.90668,0.149203,0.374899,1.289077,94.349586,14.911657,-0.021321,0.92377,0.003139,0.382342,-5.731722,113.749084,18.651316,0.074178,0.95109,0.085279,0.287493,-6.619693,134.977386,18.428118,0.005832,0.985625,0.025689,0.166879,-4.21214,149.485901,19.879753,-0.10321,0.759681,0.131338,0.628477,-9.653646,129.301514,16.139381,-0.744441,0.06269,0.506255,-0.430793,-12.856725,129.44191,-0.526957,-0.652667,-0.575385,0.185556,0.456648,-2.185905,117.659164,-16.097399,0.209677,0.278185,-0.6401,-0.684777,5.981033,145.606812,-7.496785,-0.097856,0.922689,0.019912,0.372388,-4.349972,129.579117,21.441593,0.439327,0.89394,0.088651,-0.001954,7.58982,132.392227,33.170792,-0.164,0.427,0.518267,-0.722616,21.251818,114.922012,31.3598,0.000952,0.218085,0.661364,-0.71766,18.832651,136.836166,20.338886,0.052729,0.927612,0.137433,0.343319,-4.792268,86.182205,8.14027,0.104002,0.970157,-0.009771,0.218825,-4.917494,51.534973,-2.405123,-0.033036,0.942536,0.045527,0.329336,-14.668248,5.250364,-3.661744,-0.090725,0.897498,-0.105942,0.418381,8.276504,87.035873,21.783783,-0.00679,0.909223,-0.146013,0.389804,10.963885,52.228321,31.420349,-0.019892,0.893478,0.01369,0.448458,6.161874,6.933033,44.234386,-0.033036,0.942536,0.045527,0.329336,-5.338044,0.668784,-15.103887,-0.019892,0.893478,0.01369,0.448458,17.814842,1.393827,35.720177
492,4.1,-0.028035,0.919445,0.008377,0.39213,1.742717,86.609184,14.958605,-0.123012,0.90663,0.1492,0.375007,1.29204,94.349861,14.907567,-0.021241,0.923726,0.003132,0.382451,-5.731401,113.750229,18.645786,0.07421,0.951084,0.084992,0.28759,-6.616094,134.978668,18.423513,0.005935,0.985602,0.025844,0.166989,-4.205196,149.487381,19.867641,-0.10338,0.759577,0.131272,0.628588,-9.650375,129.303391,16.133764,-0.744399,0.062772,0.506206,-0.430912,-12.84753,129.438828,-0.533757,-0.652715,-0.575414,0.185554,0.456543,-2.174952,117.651764,-16.09972,0.209686,0.278168,-0.640032,-0.684845,5.989989,145.601028,-7.502418,-0.097732,0.922703,0.019891,0.372387,-4.347898,129.579895,21.437231,0.43937,0.893914,0.088701,-0.001875,7.592754,132.38945,33.166405,-0.164,0.427055,0.518305,-0.722556,21.25308,114.917732,31.35738,0.000886,0.218113,0.661491,-0.717535,18.838129,136.832428,20.335955,0.052663,0.927576,0.137386,0.343444,-4.790432,86.183823,8.135572,0.104021,0.970265,-0.009699,0.218339,-4.910989,51.535149,-2.405117,-0.033046,0.942579,0.04551,0.329214,-14.662687,5.250797,-3.66384,-0.090757,0.897509,-0.105888,0.418365,8.275865,87.034546,21.781639,-0.006781,0.90921,-0.146051,0.389821,10.967128,52.226593,31.415659,-0.019636,0.893479,0.013785,0.448463,6.162724,6.932333,44.23241,-0.033046,0.942579,0.04551,0.329214,-5.335343,0.668795,-15.108148,-0.019636,0.893479,0.013785,0.448463,17.813604,1.39219,35.715958
493,4.108333,-0.028028,0.919439,0.008304,0.392146,1.746876,86.608841,14.957476,-0.123067,0.906618,0.149199,0.375019,1.296731,94.349541,14.905429,-0.021192,0.923721,0.003058,0.382468,-5.72859,113.74881,18.642479,0.074226,0.951045,0.085043,0.287702,-6.610163,134.977371,18.418072,0.005941,0.985569,0.025809,0.167189,-4.199245,149.485855,19.864191,-0.103256,0.759626,0.131162,0.628572,-9.645184,129.302292,16.128763,-0.744384,0.062818,0.506125,-0.431026,-12.843877,129.438354,-0.53845,-0.652818,-0.575409,0.185516,0.456418,-2.167883,117.648781,-16.100166,0.209682,0.278233,-0.639916,-0.684929,5.998285,145.598953,-7.507017,-0.097659,0.922675,0.019789,0.37248,-4.342877,129.578537,21.432411,0.439408,0.893902,0.08864,-0.001881,7.59591,132.386932,33.163761,-0.164047,0.427162,0.518313,-0.722477,21.254766,114.913986,31.355572,0.000844,0.218184,0.661501,-0.717503,18.844717,136.829239,20.333021,0.052691,0.927579,0.137419,0.343419,-4.786041,86.183052,8.13425,0.103855,0.970426,-0.009708,0.217702,-4.907905,51.535255,-2.409309,-0.033123,0.942756,0.045554,0.328693,-14.645529,5.247653,-3.657417,-0.090732,0.897486,-0.105888,0.41842,8.279792,87.034622,21.780703,-0.006772,0.909175,-0.146047,0.389904,10.968881,52.22633,31.414104,-0.0198,0.893471,0.013729,0.448474,6.162707,6.931946,44.229736,-0.033123,0.942756,0.045554,0.328693,-5.329763,0.667388,-15.111838,-0.0198,0.893471,0.013729,0.448474,17.815214,1.392534,35.715034
494,4.116667,-0.027987,0.9194,0.008232,0.392241,1.749636,86.608536,14.955198,-0.12305,0.906584,0.149195,0.375107,1.300529,94.349289,14.902329,-0.021185,0.923686,0.003095,0.382551,-5.724331,113.748428,18.638769,0.074166,0.951014,0.084935,0.28785,-6.606211,134.97699,18.415852,0.006035,0.985529,0.025787,0.167428,-4.196054,149.485916,19.858944,-0.103348,0.759555,0.131189,0.628638,-9.640735,129.302032,16.125566,-0.744397,0.062907,0.506173,-0.430935,-12.836006,129.436874,-0.542323,-0.652824,-0.575355,0.18553,0.456471,-2.162699,117.645439,-16.10449,0.209688,0.278217,-0.639939,-0.684912,6.006905,145.594696,-7.511604,-0.09768,0.922673,0.019787,0.372481,-4.33937,129.577972,21.430176,0.439517,0.893836,0.08876,-0.001801,7.599251,132.387039,33.161537,-0.16408,0.427216,0.518405,-0.722371,21.253859,114.910721,31.35375,0.000826,0.218326,0.661461,-0.717497,18.850819,136.827042,20.333416,0.052608,0.927573,0.137463,0.34343,-4.781914,86.182976,8.130647,0.104144,0.970169,-0.009893,0.218696,-4.896976,51.535427,-2.413806,-0.033055,0.942563,0.045397,0.329275,-14.663374,5.253863,-3.660887,-0.090757,0.897539,-0.105904,0.418297,8.281186,87.034096,21.779751,-0.006694,0.909301,-0.146082,0.389598,10.972696,52.226364,31.414545,-0.019626,0.893441,0.013718,0.448542,6.162813,6.932849,44.231861,-0.033055,0.942563,0.045397,0.329275,-5.334776,0.668839,-15.102961,-0.019626,0.893441,0.013718,0.448542,17.81477,1.390877,35.718063
495,4.125,-0.028025,0.919394,0.00824,0.392252,1.754203,86.607849,14.952337,-0.123051,0.906562,0.149205,0.375155,1.304503,94.348572,14.899349,-0.021204,0.923656,0.003045,0.382623,-5.720923,113.748016,18.63586,0.074177,0.950976,0.084914,0.287981,-6.602721,134.976547,18.410625,0.006094,0.985496,0.025804,0.167617,-4.192055,149.485397,19.853666,-0.103324,0.759517,0.131123,0.628701,-9.636895,129.301376,16.120443,-0.744374,0.062954,0.506153,-0.43099,-12.829624,129.435837,-0.547935,-0.652864,-0.575351,0.185516,0.456425,-2.155676,117.642067,-16.107883,0.209708,0.278173,-0.639947,-0.684916,6.014509,145.59166,-7.516621,-0.097654,0.922654,0.019774,0.372535,-4.336369,129.577835,21.425861,0.439528,0.89382,0.088869,-0.001736,7.601049,132.386154,33.15863,-0.16398,0.427164,0.518443,-0.722398,21.25522,114.909447,31.351244,0.000714,0.218271,0.661789,-0.717212,18.851864,136.825531,20.329784,0.052648,0.927579,0.137431,0.343421,-4.777136,86.181686,8.127623,0.103947,0.970383,-0.009853,0.21784,-4.895812,51.533794,-2.415685,-0.033141,0.942756,0.04561,0.328683,-14.644584,5.248266,-3.653777,-0.090745,0.897529,-0.105936,0.418312,8.285542,87.034012,21.777054,-0.006673,0.909288,-0.146096,0.389623,10.975157,52.226627,31.413633,-0.019856,0.89345,0.013733,0.448514,6.162559,6.933475,44.231243,-0.033141,0.942756,0.04561,0.328683,-5.328731,0.669725,-15.108821,-0.019856,0.89345,0.013733,0.448514,17.816425,1.39493,35.717834
496,4.133333,-0.028048,0.919373,0.008319,0.392298,1.760241,86.60791,14.948365,-0.12309,0.906534,0.149239,0.375197,1.309738,94.348595,14.89634,-0.021238,0.923631,0.002975,0.382683,-5.716683,113.744095,18.632511,0.074111,0.950941,0.084946,0.288102,-6.598665,134.972565,18.403912,0.006156,0.985462,0.025827,0.167809,-4.19011,149.481689,19.847771,-0.103348,0.75942,0.1312,0.628797,-9.632476,129.297028,16.114191,-0.744477,0.063112,0.506241,-0.430687,-12.820916,129.433258,-0.554989,-0.652762,-0.575305,0.185563,0.45661,-2.151801,117.639099,-16.117952,0.209717,0.278137,-0.639932,-0.684942,6.020567,145.586685,-7.52223,-0.097707,0.922636,0.019748,0.372568,-4.332661,129.574356,21.420275,0.439625,0.893762,0.088977,-0.001536,7.603577,132.384567,33.153782,-0.16401,0.427302,0.518555,-0.722229,21.253996,114.904381,31.351858,0.001102,0.21824,0.660938,-0.718005,18.862402,136.82016,20.331619,0.052658,0.927571,0.137434,0.34344,-4.770389,86.181953,8.12296,0.104195,0.970251,-0.009933,0.218306,-4.889458,51.53421,-2.420817,-0.033113,0.942574,0.045479,0.329227,-14.661741,5.253708,-3.661394,-0.090702,0.897547,-0.105995,0.418267,8.290872,87.033859,21.773771,-0.006688,0.909243,-0.146105,0.389725,10.976325,52.226807,31.412687,-0.019925,0.893433,0.013683,0.448546,6.163218,6.933925,44.231045,-0.033113,0.942574,0.045479,0.329227,-5.333517,0.67152,-15.104906,-0.019925,0.893433,0.013683,0.448546,17.818165,1.394998,35.719364
497,4.141667,-0.028068,0.919341,0.008279,0.392371,1.764581,86.606834,14.946021,-0.123142,0.906495,0.14926,0.375265,1.314041,94.347511,14.893274,-0.021194,0.923602,0.002948,0.382755,-5.714243,113.740349,18.628481,0.074141,0.950905,0.084915,0.288221,-6.594042,134.968918,18.399437,0.006112,0.985434,0.025822,0.167972,-4.184348,149.477875,19.84309,-0.10326,0.759428,0.131204,0.628802,-9.628068,129.29364,16.109324,-0.74445,0.063125,0.506196,-0.430784,-12.816925,129.43222,-0.559756,-0.652848,-0.575314,0.185502,0.4565,-2.145891,117.636368,-16.120121,0.209805,0.278164,-0.639861,-0.684971,6.027231,145.584366,-7.526518,-0.097676,0.922597,0.019563,0.372682,-4.329058,129.570526,21.416233,0.439571,0.893787,0.08899,-0.001608,7.604491,132.381927,33.152191,-0.163896,0.427216,0.518556,-0.722305,21.25701,114.903679,31.347382,0.000781,0.218168,0.661993,-0.717054,18.861673,136.820068,20.324825,0.052615,0.927565,0.137454,0.343455,-4.764949,86.180267,8.119604,0.104287,0.970202,-0.010019,0.218478,-4.880461,51.532578,-2.424385,-0.033002,0.942553,0.045481,0.329297,-14.662683,5.254063,-3.660731,-0.090659,0.897548,-0.105984,0.418278,8.294112,87.033401,21.772438,-0.006702,0.909217,-0.146125,0.389778,10.977057,52.225613,31.409412,-0.019858,0.893423,0.013716,0.448568,6.163715,6.933311,44.229721,-0.033002,0.942553,0.045481,0.329297,-5.333879,0.67083,-15.103351,-0.019858,0.893423,0.013716,0.448568,17.818548,1.394379,35.717892
498,4.15,-0.028045,0.919328,0.008267,0.392405,1.767617,86.605087,14.941851,-0.123202,0.906462,0.14925,0.375329,1.317474,94.345779,14.889045,-0.02102,0.923583,0.002934,0.382811,-5.714737,113.742424,18.62323,0.073996,0.950899,0.084823,0.288308,-6.587465,134.971313,18.396442,0.006212,0.985406,0.025847,0.16813,-4.18104,149.481155,19.836597,-0.103401,0.759416,0.131152,0.628804,-9.623104,129.297287,16.105339,-0.744372,0.063118,0.506165,-0.430957,-12.810895,129.431183,-0.563994,-0.652926,-0.575329,0.18549,0.456374,-2.138378,117.632507,-16.121214,0.209857,0.278143,-0.63983,-0.684993,6.033953,145.582108,-7.532019,-0.097648,0.922569,0.019605,0.372757,-4.324627,129.571823,21.412907,0.439649,0.893736,0.089122,-0.001553,7.607234,132.381653,33.150967,-0.163776,0.427174,0.51866,-0.722282,21.256706,114.901093,31.345453,0.00083,0.218167,0.662099,-0.716957,18.864962,136.817474,20.322763,0.052636,0.927542,0.137475,0.343506,-4.761439,86.178825,8.114956,0.104305,0.970227,-0.010068,0.218355,-4.8772,51.531727,-2.430961,-0.032973,0.94256,0.045472,0.329282,-14.662227,5.253661,-3.661901,-0.090654,0.897559,-0.106007,0.418249,8.296675,87.031342,21.768745,-0.006674,0.909247,-0.146163,0.389694,10.978865,52.223839,31.406958,-0.019889,0.893438,0.013735,0.448535,6.162855,6.932539,44.229805,-0.032973,0.94256,0.045472,0.329282,-5.334102,0.66987,-15.104857,-0.019889,0.893438,0.013735,0.448535,17.817471,1.394467,35.717113
499,4.158333,-0.02802,0.919314,0.008265,0.392439,1.773332,86.604095,14.937726,-0.123227,0.906429,0.149336,0.375367,1.323559,94.34481,14.885023,-0.021101,0.923552,0.002856,0.382882,-5.710488,113.738617,18.621374,0.073954,0.950886,0.084718,0.288393,-6.585118,134.967377,18.390129,0.006357,0.985386,0.025908,0.168237,-4.178967,149.477554,19.827272,-0.103235,0.759385,0.131192,0.628861,-9.619878,129.292633,16.099703,-0.74444,0.063186,0.506153,-0.430844,-12.806413,129.432037,-0.569819,-0.652949,-0.57531,0.185427,0.456391,-2.13373,117.633713,-16.127182,0.209945,0.278162,-0.639718,-0.685062,6.041378,145.581787,-7.535691,-0.097689,0.922539,0.019566,0.372821,-4.322264,129.56871,21.408051,0.439681,0.893725,0.089076,-0.001502,7.607703,132.380188,33.147636,-0.163813,0.427276,0.518659,-0.722214,21.255938,114.898369,31.344921,0.0008,0.218204,0.662081,-0.716963,18.868406,136.814651,20.320944,0.052588,0.927552,0.137492,0.343479,-4.755248,86.178268,8.110349,0.104402,0.970148,-0.010195,0.218652,-4.867729,51.531136,-2.435507,-0.032913,0.942572,0.045392,0.329262,-14.663776,5.255222,-3.659819,-0.090586,0.897587,-0.106073,0.418187,8.301911,87.029922,21.765102,-0.006672,0.909262,-0.146195,0.389647,10.97836,52.222538,31.405357,-0.019602,0.893438,0.013815,0.448546,6.161684,6.932125,44.231106,-0.032913,0.942572,0.045392,0.329262,-5.336921,0.668591,-15.102671,-0.019602,0.893438,0.013815,0.448546,17.813942,1.392323,35.716309
500,4.166667,-0.028024,0.919297,0.008287,0.392478,1.778396,86.604225,14.93375,-0.12326,0.906396,0.149365,0.375425,1.328438,94.34494,14.881322,-0.021108,0.923519,0.00278,0.382961,-5.707548,113.738205,18.617773,0.074077,0.950838,0.084698,0.288523,-6.581178,134.966965,18.383343,0.006331,0.985359,0.025921,0.168392,-4.171417,149.476456,19.821417,-0.103214,0.759337,0.131168,0.628927,-9.615791,129.292023,16.093197,-0.744396,0.063149,0.506134,-0.430948,-12.799639,129.431885,-0.576828,-0.652999,-0.575357,0.185349,0.456292,-2.125908,117.632912,-16.132977,0.210013,0.278247,-0.639616,-0.685101,6.04765,145.581329,-7.541125,-0.097691,0.922523,0.019611,0.372859,-4.319096,129.568619,21.402431,0.439753,0.893688,0.08909,-0.001301,7.609893,132.379501,33.143147,-0.163898,0.427439,0.518665,-0.722094,21.255333,114.894745,31.347851,0.001104,0.21834,0.661175,-0.717757,18.875196,136.809174,20.323874,0.052594,0.927579,0.137419,0.343434,-4.749595,86.17852,8.105808,0.104231,0.970331,-0.010135,0.217926,-4.864845,51.529987,-2.435415,-0.033071,0.942751,0.045559,0.328711,-14.645054,5.250585,-3.654357,-0.090558,0.897509,-0.106125,0.418347,8.306387,87.029938,21.761692,-0.006698,0.909222,-0.146168,0.389749,10.977701,52.222992,31.404936,-0.019871,0.893421,0.013741,0.448571,6.162812,6.93188,44.228863,-0.033071,0.942751,0.045559,0.328711,-5.329368,0.669932,-15.108688,-0.019871,0.893421,0.013741,0.448571,17.817955,1.39375,35.716934
501,4.175,-0.027965,0.919277,0.008251,0.39253,1.781673,86.605904,14.930832,-0.123441,0.906364,0.149379,0.375435,1.332783,94.34668,14.878228,-0.020856,0.923534,0.002737,0.38294,-5.713711,113.747475,18.613987,0.074005,0.950808,0.08478,0.288617,-6.576774,134.976715,18.381996,0.006413,0.985325,0.025755,0.168614,-4.169696,149.48645,19.822145,-0.103508,0.759263,0.130935,0.629016,-9.614329,129.303528,16.091358,-0.74439,0.063075,0.506243,-0.43084,-12.792316,129.431519,-0.579886,-0.652964,-0.575307,0.185325,0.456415,-2.123107,117.635361,-16.141272,0.209942,0.278271,-0.639512,-0.685211,6.054524,145.581284,-7.545153,-0.097496,0.922524,0.019652,0.372905,-4.317234,129.576904,21.400362,0.439704,0.893695,0.089263,-0.001261,7.61188,132.381149,33.142544,-0.163773,0.42735,0.51865,-0.722186,21.259249,114.898064,31.34568,0.000676,0.218391,0.66206,-0.716925,18.874432,136.812576,20.31875,0.052593,0.92758,0.137446,0.343422,-4.745615,86.180977,8.102166,0.104451,0.970136,-0.010272,0.21868,-4.860251,51.532967,-2.440773,-0.032959,0.942578,0.045363,0.329246,-14.662264,5.258164,-3.659332,-0.09054,0.897568,-0.106177,0.418211,8.308961,87.03083,21.759499,-0.006694,0.909204,-0.146176,0.389789,10.978991,52.224468,31.405184,-0.019931,0.893408,0.013737,0.448594,6.162857,6.93357,44.229408,-0.032959,0.942578,0.045363,0.329246,-5.335408,0.6712,-15.10205,-0.019931,0.893408,0.013737,0.448594,17.819027,1.396133,35.718433
502,4.183333,-0.027997,0.919228,0.008321,0.39264,1.789556,86.607147,14.924973,-0.123449,0.906316,0.149451,0.375522,1.339786,94.34787,14.873125,-0.021013,0.923485,0.002738,0.383049,-5.707256,113.744499,18.610123,0.07399,0.950788,0.084623,0.288731,-6.576481,134.97345,18.375502,0.006539,0.985299,0.025853,0.168747,-4.168482,149.483429,19.811491,-0.103369,0.759158,0.130989,0.629155,-9.611826,129.299118,16.084784,-0.744251,0.062679,0.50623,-0.431154,-12.784871,129.432816,-0.587358,-0.652973,-0.575414,0.185162,0.456334,-2.112839,117.643356,-16.151876,0.209844,0.278263,-0.639455,-0.685298,6.060947,145.588394,-7.549271,-0.097526,0.922507,0.019557,0.372944,-4.316084,129.574646,21.395025,0.439689,0.893685,0.089442,-0.001064,7.611827,132.380951,33.137936,-0.163797,0.427381,0.518664,-0.722152,21.259792,114.897873,31.345457,0.000656,0.218464,0.662093,-0.716873,18.876942,136.812973,20.318747,0.052665,0.927502,0.137427,0.343628,-4.736055,86.182228,8.094704,0.104479,0.970038,-0.010456,0.219092,-4.853653,51.534389,-2.448792,-0.032936,0.942589,0.045379,0.329214,-14.661535,5.260515,-3.655223,-0.090575,0.897482,-0.106242,0.418372,8.315166,87.032059,21.755241,-0.006628,0.909242,-0.146195,0.389695,10.983653,52.227146,31.406597,-0.019986,0.893425,0.013682,0.448559,6.162436,6.93669,44.230488,-0.032936,0.942589,0.045379,0.329214,-5.335651,0.673735,-15.098804,-0.019986,0.893425,0.013682,0.448559,17.818254,1.398575,35.719475
503,4.191667,-0.027992,0.919207,0.008333,0.39269,1.794155,86.607048,14.920683,-0.123426,0.906281,0.14941,0.37563,1.344385,94.347771,14.869011,-0.021052,0.92343,0.002741,0.383178,-5.701807,113.745651,18.604145,0.074194,0.950716,0.084679,0.288903,-6.572565,134.974533,18.368902,0.006414,0.985273,0.025755,0.168914,-4.159327,149.483261,19.808777,-0.103393,0.75914,0.131016,0.629167,-9.60684,129.299942,16.077436,-0.744257,0.06266,0.506205,-0.431175,-12.779185,129.433731,-0.594833,-0.652936,-0.575412,0.185175,0.456383,-2.105901,117.644882,-16.158962,0.20959,0.278273,-0.639411,-0.685412,6.067701,145.589493,-7.554786,-0.097477,0.922473,0.019556,0.373041,-4.312605,129.575958,21.389154,0.439692,0.89367,0.089578,-0.000917,7.613174,132.380554,33.134636,-0.163809,0.427402,0.518682,-0.722124,21.261034,114.897072,31.345341,0.000651,0.218475,0.662006,-0.716949,18.880043,136.812317,20.319107,0.052632,0.927554,0.137356,0.343522,-4.73072,86.18232,8.089699,0.104533,0.970078,-0.01042,0.21889,-4.849075,51.532806,-2.448265,-0.032901,0.942594,0.045441,0.329196,-14.661342,5.259919,-3.657076,-0.090551,0.897454,-0.1063,0.418422,8.319029,87.031769,21.751667,-0.006628,0.909207,-0.146193,0.389776,10.98368,52.227436,31.406181,-0.019933,0.893397,0.013702,0.448617,6.161476,6.936908,44.229446,-0.032901,0.942594,0.045441,0.329196,-5.336064,0.674492,-15.101692,-0.019933,0.893397,0.013702,0.448617,17.817942,1.398606,35.719444
504,4.2,-0.027993,0.919193,0.0083,0.392724,1.797475,86.607071,14.918074,-0.12343,0.906252,0.149414,0.375697,1.347886,94.347801,14.865899,-0.021064,0.923393,0.002676,0.383268,-5.698877,113.74575,18.600613,0.073894,0.950693,0.084751,0.289034,-6.569034,134.974625,18.362545,0.006686,0.985237,0.025688,0.169126,-4.164768,149.484848,19.802433,-0.10336,0.759109,0.130858,0.629243,-9.603004,129.29982,16.071188,-0.744217,0.06255,0.506209,-0.431256,-12.772337,129.431519,-0.60167,-0.652886,-0.575409,0.185204,0.456448,-2.098654,117.644516,-16.166918,0.209338,0.278163,-0.639362,-0.68558,6.074515,145.58876,-7.561141,-0.097491,0.922438,0.019518,0.373125,-4.309813,129.576355,21.383921,0.439769,0.893633,0.089569,-0.000843,7.613748,132.381714,33.13147,-0.163863,0.427468,0.518688,-0.722068,21.25861,114.895607,31.34495,0.000504,0.218554,0.662075,-0.716862,18.88068,136.8116,20.318804,0.052673,0.927513,0.137364,0.343621,-4.72689,86.182083,8.086621,0.1046,0.970077,-0.010487,0.218859,-4.846648,51.533051,-2.452902,-0.032931,0.942561,0.045367,0.329297,-14.666372,5.261621,-3.656634,-0.090531,0.897401,-0.106286,0.418545,8.321839,87.032059,21.749527,-0.006648,0.909239,-0.146225,0.389691,10.984259,52.227234,31.402897,-0.019765,0.893403,0.013696,0.448612,6.163758,6.937626,44.230045,-0.032931,0.942561,0.045367,0.329297,-5.338584,0.674516,-15.098529,-0.019765,0.893403,0.013696,0.448612,17.81838,1.396951,35.719063
505,4.208333,-0.027962,0.919159,0.00823,0.392807,1.800263,86.606636,14.914845,-0.123505,0.906218,0.149461,0.375734,1.351551,94.347412,14.861814,-0.020985,0.923381,0.002593,0.383302,-5.698627,113.743301,18.596605,0.07389,0.95066,0.084765,0.289137,-6.56431,134.972336,18.356539,0.006675,0.985211,0.025617,0.169291,-4.160253,149.482513,19.797173,-0.10334,0.75907,0.130882,0.629288,-9.599301,129.297958,16.065472,-0.744295,0.062762,0.506215,-0.431082,-12.766841,129.431015,-0.60772,-0.652819,-0.575351,0.185377,0.456546,-2.094622,117.640556,-16.171352,0.2092,0.278173,-0.639372,-0.685609,6.078715,145.58609,-7.56986,-0.097542,0.922401,0.019456,0.373207,-4.306447,129.573868,21.378574,0.439817,0.893616,0.089507,-0.000767,7.614711,132.381424,33.12804,-0.163928,0.427577,0.518653,-0.722014,21.257683,114.893425,31.345564,0.000375,0.218613,0.661978,-0.716933,18.882568,136.809113,20.318005,0.052633,0.92748,0.137367,0.343717,-4.722906,86.181694,8.082245,0.104651,0.970007,-0.010586,0.219139,-4.838832,51.53241,-2.456503,-0.032861,0.942574,0.04531,0.329273,-14.664938,5.262196,-3.654999,-0.090523,0.897472,-0.106313,0.418387,8.323433,87.03157,21.747444,-0.006574,0.909314,-0.146239,0.38951,10.986187,52.227066,31.401852,-0.019836,0.893416,0.013618,0.448586,6.161399,6.937748,44.228397,-0.032861,0.942574,0.04531,0.329273,-5.33856,0.67278,-15.097123,-0.019836,0.893416,0.013618,0.448586,17.81588,1.395991,35.717918
506,4.216667,-0.027965,0.919155,0.008184,0.392818,1.803372,86.606392,14.912849,-0.123307,0.906214,0.149427,0.375824,1.354904,94.347176,14.85915,-0.021291,0.923311,0.002532,0.383454,-5.68459,113.736847,18.593594,0.073913,0.950607,0.08475,0.28931,-6.561241,134.965332,18.346012,0.006691,0.98518,0.025663,0.169464,-4.1564,149.475357,19.78702,-0.103055,0.759106,0.131013,0.629264,-9.592501,129.288605,16.055845,-0.744293,0.062693,0.506135,-0.431191,-12.763086,129.431564,-0.616688,-0.652791,-0.575385,0.185401,0.456534,-2.086847,117.642509,-16.178631,0.209025,0.27809,-0.639355,-0.685712,6.083544,145.588928,-7.577275,-0.097685,0.922321,0.019303,0.373374,-4.301595,129.569092,21.370647,0.439915,0.893572,0.089461,-0.000565,7.614373,132.382675,33.123936,-0.163935,0.427691,0.518695,-0.721916,21.253542,114.890839,31.350004,0.000735,0.218517,0.661194,-0.717686,18.885517,136.804749,20.321918,0.052583,0.927485,0.137378,0.343706,-4.719636,86.181076,8.08012,0.104721,0.970064,-0.010572,0.218857,-4.832061,51.531631,-2.458139,-0.032852,0.94258,0.045274,0.329263,-14.664583,5.262777,-3.656574,-0.090509,0.897444,-0.106307,0.418451,8.32638,87.031708,21.745581,-0.006552,0.909317,-0.146271,0.389492,10.987776,52.226925,31.399378,-0.019933,0.893412,0.013552,0.448592,6.16015,6.938472,44.22794,-0.032852,0.94258,0.045274,0.329263,-5.338624,0.672267,-15.098596,-0.019933,0.893412,0.013552,0.448592,17.81543,1.396301,35.718822
507,4.225,-0.027947,0.91911,0.00825,0.392922,1.807012,86.606949,14.908439,-0.123321,0.906183,0.149403,0.375902,1.358399,94.34774,14.855735,-0.021289,0.923284,0.002535,0.38352,-5.681689,113.737823,18.588518,0.074088,0.950559,0.084701,0.289438,-6.558316,134.966309,18.341021,0.006572,0.985155,0.02558,0.169623,-4.148159,149.475403,19.782574,-0.103085,0.759032,0.130962,0.629359,-9.589249,129.289597,16.050369,-0.744282,0.062599,0.506157,-0.431197,-12.755558,129.431412,-0.622982,-0.652746,-0.575392,0.185433,0.456575,-2.079806,117.644943,-16.187222,0.209026,0.278018,-0.639453,-0.685648,6.089356,145.591431,-7.584972,-0.097609,0.922299,0.01925,0.373452,-4.299094,129.570038,21.365921,0.439812,0.893615,0.089541,-0.000602,7.615414,132.38179,33.121124,-0.164029,0.427572,0.51866,-0.72199,21.258587,114.893356,31.344568,0.000455,0.218536,0.662069,-0.716873,18.88349,136.811676,20.319921,0.052641,0.927458,0.137277,0.34381,-4.714463,86.182472,8.074196,0.104725,0.970125,-0.010525,0.218586,-4.832191,51.531456,-2.458859,-0.032878,0.942567,0.045359,0.329286,-14.664385,5.262578,-3.658891,-0.090517,0.897397,-0.106351,0.418539,8.328487,87.031433,21.742682,-0.006584,0.909258,-0.146258,0.389636,10.988053,52.227436,31.399817,-0.019801,0.893396,0.013611,0.448628,6.161657,6.938657,44.227646,-0.032878,0.942567,0.045359,0.329286,-5.337392,0.674694,-15.101125,-0.019801,0.893396,0.013611,0.448628,17.816542,1.396293,35.718124
508,4.233333,-0.027967,0.919097,0.008228,0.392952,1.811736,86.608185,14.905771,-0.12338,0.906132,0.149377,0.376016,1.36298,94.348953,14.852619,-0.021189,0.923226,0.002443,0.383665,-5.67916,113.738213,18.58247,0.07376,0.950547,0.084674,0.289568,-6.550297,134.966904,18.332855,0.006713,0.985124,0.025618,0.169792,-4.149062,149.477768,19.77137,-0.103125,0.759042,0.13101,0.62933,-9.581956,129.290771,16.041744,-0.744308,0.062569,0.506203,-0.431103,-12.749222,129.432404,-0.631432,-0.652717,-0.575381,0.185431,0.456632,-2.075376,117.648064,-16.198605,0.209113,0.278018,-0.639527,-0.685553,6.094607,145.593704,-7.594305,-0.097693,0.922235,0.019302,0.373586,-4.293404,129.570313,21.358938,0.439854,0.893588,0.0896,-0.000461,7.617153,132.383743,33.117752,-0.164002,0.42756,0.518691,-0.72198,21.258686,114.893578,31.345467,0.000423,0.218368,0.662033,-0.716958,18.88468,136.81218,20.320957,0.052586,0.927481,0.137313,0.343741,-4.709283,86.183205,8.071121,0.104796,0.970119,-0.010592,0.218575,-4.823209,51.532494,-2.462959,-0.032859,0.942572,0.0453,0.329282,-14.663267,5.265162,-3.658218,-0.090556,0.897283,-0.106303,0.418786,8.332756,87.033157,21.740421,-0.006534,0.909278,-0.14634,0.389559,10.993682,52.228939,31.396358,-0.019938,0.893413,0.013485,0.448591,6.16101,6.942373,44.229656,-0.032859,0.942572,0.0453,0.329282,-5.33673,0.675444,-15.100092,-0.019938,0.893413,0.013485,0.448591,17.816008,1.398566,35.721218
509,4.241667,-0.027992,0.919066,0.00818,0.393024,1.816174,86.607857,14.904078,-0.123453,0.906078,0.149277,0.376162,1.367356,94.348618,14.850058,-0.021045,0.92317,0.0025,0.383808,-5.678746,113.744209,18.574999,0.073457,0.950522,0.084702,0.289718,-6.545138,134.97316,18.329807,0.006881,0.98509,0.025495,0.170002,-4.152585,149.485565,19.767166,-0.10322,0.759057,0.130865,0.629327,-9.577344,129.298187,16.036514,-0.744355,0.062537,0.506209,-0.431019,-12.744071,129.434204,-0.636813,-0.652726,-0.575357,0.185444,0.456644,-2.070313,117.65258,-16.206104,0.209278,0.278028,-0.639603,-0.685428,6.101065,145.598083,-7.602664,-0.097566,0.922191,0.019332,0.373727,-4.290358,129.575394,21.355389,0.439821,0.893594,0.089709,-0.000404,7.617459,132.384232,33.118076,-0.164051,0.427579,0.518674,-0.72197,21.260313,114.895073,31.346077,0.000327,0.218462,0.662049,-0.716914,18.886278,136.813934,20.322222,0.05266,0.927475,0.137248,0.343773,-4.703742,86.182114,8.068421,0.104756,0.970095,-0.010556,0.218703,-4.823901,51.530682,-2.463222,-0.032976,0.94259,0.045361,0.329211,-14.65945,5.262485,-3.662229,-0.090492,0.897344,-0.106359,0.418656,8.336089,87.033592,21.739737,-0.006549,0.90929,-0.14632,0.389537,10.992559,52.229393,31.396965,-0.019865,0.893441,0.013644,0.448534,6.162222,6.942284,44.229237,-0.032976,0.94259,0.045361,0.329211,-5.333271,0.675627,-15.105542,-0.019865,0.893441,0.013644,0.448534,17.816139,1.40157,35.717304
510,4.25,-0.027978,0.919052,0.008208,0.393057,1.818353,86.608322,14.899776,-0.123495,0.906047,0.149249,0.376235,1.369558,94.349091,14.846214,-0.02101,0.923135,0.002478,0.383893,-5.677963,113.744522,18.568789,0.073478,0.950472,0.084653,0.289894,-6.542586,134.973541,18.323235,0.006863,0.985045,0.025439,0.170269,-4.149021,149.48584,19.760004,-0.1033,0.758979,0.130804,0.629421,-9.574834,129.298798,16.029442,-0.744454,0.06248,0.506215,-0.43085,-12.736999,129.432129,-0.64477,-0.652705,-0.575394,0.185408,0.456641,-2.063186,117.655815,-16.218021,0.209585,0.278196,-0.639596,-0.685272,6.106417,145.601013,-7.611977,-0.097597,0.922167,0.019384,0.373775,-4.288796,129.575623,21.349277,0.439867,0.893568,0.089746,-0.000259,7.617599,132.384674,33.11335,-0.16417,0.427667,0.518661,-0.7219,21.258663,114.893616,31.346235,0.000167,0.218539,0.662072,-0.716869,18.88763,136.813858,20.32346,0.052647,0.927366,0.137297,0.34405,-4.701087,86.183037,8.06364,0.104868,0.970099,-0.010724,0.218624,-4.815968,51.532478,-2.470938,-0.032857,0.942568,0.045304,0.329291,-14.665264,5.266851,-3.656102,-0.090444,0.89745,-0.10645,0.418416,8.337792,87.033607,21.735914,-0.006542,0.909322,-0.14631,0.389466,10.990928,52.230179,31.396872,-0.01981,0.89341,0.013593,0.448599,6.161364,6.942785,44.228428,-0.032857,0.942568,0.045304,0.329291,-5.338501,0.677231,-15.09783,-0.01981,0.89341,0.013593,0.448599,17.815704,1.400061,35.718384
511,4.258333,-0.027953,0.919022,0.008142,0.39313,1.820587,86.607124,14.897442,-0.123508,0.906021,0.149208,0.376309,1.372558,94.347931,14.843063,-0.021125,0.923093,0.002413,0.38399,-5.673322,113.7388,18.562391,0.073257,0.950449,0.08461,0.290036,-6.541397,134.967621,18.312346,0.007037,0.985005,0.025475,0.170492,-4.153599,149.481125,19.746567,-0.103078,0.758938,0.130936,0.629479,-9.572214,129.291916,16.019053,-0.744458,0.062218,0.506108,-0.431007,-12.733455,129.434204,-0.655264,-0.652796,-0.575465,0.185208,0.456503,-2.053359,117.665077,-16.229645,0.209751,0.278267,-0.639541,-0.685244,6.115766,145.609177,-7.619578,-0.097612,0.922108,0.019289,0.373921,-4.287366,129.570694,21.339968,0.439801,0.893602,0.089725,-0.000105,7.615218,132.381119,33.107567,-0.164424,0.427844,0.518563,-0.721808,21.258835,114.891373,31.347233,2e-05,0.218651,0.661995,-0.716906,18.890213,136.812729,20.325724,0.05265,0.927375,0.137285,0.34403,-4.6978,86.181816,8.060302,0.104887,0.970092,-0.010752,0.218645,-4.813391,51.53104,-2.473558,-0.032799,0.942577,0.045309,0.329271,-14.664886,5.265835,-3.656728,-0.090474,0.897376,-0.106424,0.418575,8.338974,87.032433,21.734581,-0.006535,0.909251,-0.146312,0.389633,10.993167,52.229,31.395218,-0.019813,0.893374,0.013543,0.448673,6.160618,6.941647,44.2258,-0.032799,0.942577,0.045309,0.329271,-5.339179,0.675759,-15.099133,-0.019813,0.893374,0.013543,0.448673,17.816162,1.397703,35.718201
512,4.266667,-0.027991,0.919003,0.008076,0.393172,1.824245,86.606216,14.895809,-0.123552,0.905991,0.149167,0.376383,1.376078,94.347008,14.84024,-0.021137,0.923052,0.002369,0.384087,-5.670885,113.737152,18.556593,0.0735,0.950367,0.084697,0.29022,-6.538676,134.965958,18.304512,0.006857,0.984974,0.025309,0.170698,-4.144811,149.477951,19.743856,-0.103032,0.758901,0.130876,0.629544,-9.569066,129.290085,16.011066,-0.744522,0.062434,0.506006,-0.430983,-12.727846,129.432693,-0.663713,-0.652787,-0.575504,0.185331,0.456418,-2.04437,117.658722,-16.232119,0.20991,0.278197,-0.639642,-0.685129,6.119367,145.606445,-7.628681,-0.09756,0.922067,0.01929,0.374035,-4.285351,129.569275,21.333088,0.439735,0.89362,0.089871,7.8e-05,7.614692,132.377853,33.103699,-0.164642,0.427958,0.518487,-0.721745,21.260925,114.889679,31.348064,-0.000187,0.218844,0.661927,-0.71691,18.893213,136.812637,20.328596,0.052648,0.927407,0.137226,0.343967,-4.693467,86.179771,8.058093,0.104919,0.970126,-0.010687,0.218479,-4.811161,51.527809,-2.47182,-0.032896,0.942571,0.045346,0.329275,-14.664509,5.263123,-3.659917,-0.090412,0.897425,-0.106454,0.418476,8.341957,87.032661,21.733524,-0.006552,0.909264,-0.146327,0.389595,10.992285,52.228882,31.393969,-0.019923,0.893408,0.01342,0.448603,6.16115,6.941965,44.22662,-0.032896,0.942571,0.045346,0.329275,-5.337628,0.675059,-15.102177,-0.019923,0.893408,0.01342,0.448603,17.815914,1.396293,35.719078
513,4.275,-0.027962,0.918978,0.008015,0.393234,1.825295,86.605446,14.893784,-0.123664,0.90595,0.149129,0.376459,1.377918,94.346275,14.837492,-0.020933,0.923031,0.002344,0.384148,-5.674509,113.740067,18.550821,0.073211,0.950359,0.084615,0.290342,-6.533886,134.969238,18.301056,0.007017,0.984933,0.025227,0.17094,-4.147388,149.482864,19.73613,-0.103195,0.758793,0.130751,0.629673,-9.566223,129.29483,16.006575,-0.744533,0.062158,0.506081,-0.430917,-12.718357,129.431503,-0.669505,-0.652728,-0.575519,0.185278,0.456504,-2.03673,117.66671,-16.246103,0.210019,0.278238,-0.639723,-0.685004,6.127117,145.612503,-7.636485,-0.097491,0.922016,0.019294,0.37418,-4.283079,129.57132,21.329302,0.43979,0.893577,0.090034,0.00016,7.613733,132.377411,33.103767,-0.164718,0.428024,0.518531,-0.721657,21.257813,114.887573,31.347969,-0.000367,0.218901,0.661729,-0.717075,18.89525,136.811203,20.330698,0.052583,0.927355,0.137298,0.344089,-4.69153,86.179077,8.055223,0.105006,0.970367,-0.010559,0.217373,-4.801645,51.528053,-2.477871,-0.03266,0.942554,0.045331,0.329349,-14.66157,5.264825,-3.668263,-0.090441,0.897395,-0.106472,0.418529,8.342121,87.031815,21.732346,-0.006511,0.909324,-0.146344,0.389448,10.993142,52.228676,31.394917,-0.019703,0.893371,0.013501,0.448685,6.159928,6.942195,44.22831,-0.03266,0.942554,0.045331,0.329349,-5.335317,0.674008,-15.109923,-0.019703,0.893371,0.013501,0.448685,17.814371,1.39573,35.720848
514,4.283333,-0.027946,0.918967,0.008001,0.393262,1.826419,86.605072,14.890724,-0.123645,0.905926,0.149087,0.376541,1.379366,94.345924,14.834314,-0.021053,0.922978,0.00227,0.384269,-5.670286,113.735603,18.544827,0.073368,0.950278,0.08464,0.290559,-6.533109,134.964569,18.290081,0.00692,0.984887,0.025206,0.171215,-4.142416,149.477234,19.727949,-0.103058,0.758746,0.130874,0.629727,-9.56389,129.289154,15.996056,-0.744585,0.062228,0.505903,-0.431026,-12.71467,129.432404,-0.680223,-0.652731,-0.57557,0.185319,0.456419,-2.025402,117.666115,-16.250443,0.209888,0.278173,-0.639745,-0.68505,6.133939,145.614212,-7.64406,-0.097532,0.921991,0.019208,0.374235,-4.282223,129.567703,21.320139,0.439727,0.893598,0.090124,0.000449,7.612907,132.376068,33.09576,-0.164896,0.428149,0.518451,-0.7216,21.259407,114.887131,31.349939,-0.00043,0.218972,0.6616,-0.717172,18.897993,136.811447,20.333212,0.052577,0.927296,0.137312,0.344243,-4.690001,86.178894,8.051767,0.105063,0.970329,-0.010667,0.21751,-4.797629,51.528095,-2.482106,-0.03274,0.94254,0.045269,0.32939,-14.664785,5.266225,-3.665194,-0.09047,0.89731,-0.106463,0.418707,8.342839,87.03125,21.729681,-0.006524,0.909291,-0.146372,0.389517,10.994143,52.228363,31.393063,-0.019851,0.893402,0.013456,0.448619,6.160039,6.942659,44.228874,-0.03274,0.94254,0.045269,0.32939,-5.336918,0.674507,-15.105173,-0.019851,0.893402,0.013456,0.448619,17.814524,1.396966,35.72097
515,4.291667,-0.027966,0.918929,0.007983,0.393349,1.827466,86.604355,14.886615,-0.123707,0.90584,0.149082,0.376731,1.380227,94.345192,14.829787,-0.020894,0.922895,0.002312,0.384477,-5.671994,113.733086,18.537354,0.073206,0.950232,0.084514,0.290787,-6.529217,134.962341,18.286667,0.006946,0.98484,0.025103,0.171499,-4.141931,149.475983,19.720432,-0.103018,0.75877,0.130705,0.629739,-9.560445,129.288177,15.990108,-0.744599,0.062016,0.505827,-0.43112,-12.710995,129.428818,-0.68624,-0.6527,-0.575576,0.185368,0.456437,-2.017148,117.668808,-16.258068,0.209721,0.278133,-0.639894,-0.684978,6.140697,145.617584,-7.65248,-0.097647,0.921958,0.019137,0.374289,-4.281072,129.564255,21.316597,0.439743,0.893582,0.090204,0.000526,7.611928,132.376968,33.093334,-0.16488,0.4281,0.518506,-0.721593,21.257833,114.887413,31.34897,-0.000457,0.218849,0.661898,-0.716935,18.897108,136.813492,20.333841,0.052585,0.927263,0.137227,0.344366,-4.68765,86.177719,8.04644,0.105001,0.970371,-0.010622,0.217354,-4.796613,51.525295,-2.482047,-0.032999,0.942589,0.04539,0.329206,-14.657396,5.262098,-3.666383,-0.090496,0.89725,-0.10649,0.418824,8.342581,87.030998,21.726789,-0.006581,0.909187,-0.146356,0.389763,10.993464,52.228867,31.39303,-0.019746,0.893394,0.013502,0.448638,6.161336,6.942818,44.22834,-0.032999,0.942589,0.04539,0.329206,-5.331046,0.676274,-15.109966,-0.019746,0.893394,0.013502,0.448638,17.815321,1.396937,35.719872
516,4.3,-0.027937,0.918892,0.007903,0.393438,1.832272,86.603859,14.88631,-0.12383,0.90583,0.149084,0.376713,1.385945,94.344734,14.828473,-0.020845,0.922911,0.002157,0.384444,-5.673486,113.738655,18.535625,0.073107,0.950209,0.084536,0.290882,-6.526268,134.968018,18.279667,0.007052,0.984801,0.025027,0.171728,-4.141923,149.482117,19.713589,-0.103352,0.758561,0.130646,0.629949,-9.55884,129.293915,15.984732,-0.744677,0.062035,0.505927,-0.430866,-12.698071,129.426346,-0.69382,-0.6525,-0.575561,0.185514,0.456682,-2.00883,117.669312,-16.271057,0.209576,0.278061,-0.639993,-0.684959,6.146733,145.617325,-7.660822,-0.097525,0.921917,0.019182,0.374421,-4.279056,129.570221,21.310802,0.439756,0.89356,0.090356,0.000631,7.611411,132.378311,33.091202,-0.164838,0.428032,0.518565,-0.721601,21.256771,114.888214,31.34796,-0.000408,0.218807,0.661997,-0.716856,18.896145,136.815216,20.334488,0.052622,0.927299,0.13724,0.344258,-4.681537,86.177162,8.044894,0.105098,0.97002,-0.010955,0.218849,-4.793824,51.525288,-2.485369,-0.032975,0.942519,0.045346,0.329414,-14.668428,5.264699,-3.656428,-0.090451,0.897295,-0.106519,0.418728,8.346082,87.030548,21.727724,-0.006514,0.909303,-0.146377,0.389486,10.994169,52.228283,31.394243,-0.019797,0.893413,0.013502,0.448597,6.159424,6.942707,44.230259,-0.032975,0.942519,0.045346,0.329414,-5.337454,0.677505,-15.095693,-0.019797,0.893413,0.013502,0.448597,17.813158,1.397464,35.721027
517,4.308333,-0.027919,0.918867,0.007828,0.3935,1.834421,86.603088,14.884331,-0.123754,0.905813,0.149078,0.37678,1.388805,94.344002,14.825509,-0.021106,0.922859,0.002082,0.384554,-5.665846,113.732819,18.532049,0.073266,0.950141,0.084482,0.291079,-6.527604,134.961731,18.268806,0.006946,0.984759,0.025045,0.171972,-4.138341,149.47496,19.70322,-0.103225,0.758519,0.13072,0.630004,-9.557192,129.285568,15.975012,-0.744737,0.062024,0.505763,-0.430958,-12.694942,129.423233,-0.703774,-0.652467,-0.575613,0.185577,0.456637,-1.998225,117.667511,-16.276859,0.209422,0.278004,-0.640121,-0.684909,6.152263,145.617706,-7.6689,-0.097529,0.921855,0.018984,0.374581,-4.278843,129.565887,21.302294,0.439693,0.8936,0.090267,0.000693,7.607515,132.376312,33.086281,-0.164972,0.42813,0.518504,-0.721555,21.255341,114.887703,31.347519,-0.000441,0.218779,0.662118,-0.716753,18.895708,136.815399,20.334209,0.052616,0.927284,0.137225,0.344303,-4.678488,86.17617,8.042075,0.105089,0.970317,-0.01072,0.217544,-4.790273,51.523949,-2.487051,-0.032831,0.942573,0.045378,0.32927,-14.660779,5.262688,-3.666183,-0.09045,0.897316,-0.106536,0.41868,8.347331,87.030006,21.726585,-0.0065,0.909269,-0.146371,0.389569,10.995293,52.227982,31.393995,-0.01981,0.893403,0.013471,0.448617,6.158396,6.942219,44.228561,-0.032831,0.942573,0.045378,0.32927,-5.334579,0.674861,-15.109089,-0.01981,0.893403,0.013471,0.448617,17.812511,1.396385,35.720238
518,4.316667,-0.027982,0.918801,0.007831,0.393651,1.841105,86.599098,14.88213,-0.123864,0.90578,0.149091,0.376819,1.394592,94.339958,14.822888,-0.021099,0.92285,0.002004,0.384576,-5.666431,113.732819,18.528778,0.073231,0.95007,0.084483,0.291318,-6.526651,134.961761,18.262562,0.006904,0.984682,0.024916,0.172431,-4.138326,149.475098,19.697571,-0.103324,0.758351,0.130642,0.630207,-9.556532,129.285507,15.969398,-0.744747,0.061981,0.50583,-0.430867,-12.684896,129.420441,-0.711174,-0.652388,-0.575635,0.185615,0.456707,-1.990982,117.66684,-16.2878,0.209485,0.278036,-0.640235,-0.684771,6.157176,145.616974,-7.677411,-0.09758,0.921802,0.01895,0.3747,-4.27843,129.566177,21.296907,0.439726,0.893587,0.090245,0.000778,7.604571,132.378387,33.083858,-0.164948,0.42819,0.518519,-0.721515,21.251133,114.88842,31.348763,-0.0004,0.218782,0.662161,-0.716713,18.894831,136.815063,20.333937,0.05274,0.927276,0.137173,0.344328,-4.669495,86.171173,8.037737,0.105081,0.970316,-0.010739,0.217552,-4.790618,51.518856,-2.490986,-0.032985,0.942558,0.045449,0.329289,-14.66078,5.257475,-3.668227,-0.090375,0.897326,-0.106563,0.418667,8.351705,87.027023,21.726522,-0.006522,0.909257,-0.146359,0.389601,10.994161,52.224445,31.393427,-0.01973,0.893423,0.013596,0.448578,6.159192,6.938383,44.227646,-0.032985,0.942558,0.045449,0.329289,-5.33243,0.673192,-15.1108,-0.01973,0.893423,0.013596,0.448578,17.812326,1.394676,35.716595
519,4.325,-0.027973,0.918769,0.007771,0.393726,1.844612,86.598274,14.879886,-0.123947,0.905727,0.149094,0.376916,1.3986,94.339165,14.819804,-0.02107,0.922801,0.001944,0.384695,-5.666922,113.733757,18.524151,0.073309,0.949971,0.084558,0.2916,-6.52496,134.962769,18.255955,0.006728,0.984615,0.024738,0.172847,-4.135077,149.475464,19.69475,-0.103414,0.758274,0.130591,0.630296,-9.55481,129.286606,15.962476,-0.744792,0.062301,0.505751,-0.430836,-12.678768,129.418793,-0.718944,-0.652397,-0.575638,0.185785,0.456622,-1.983044,117.656693,-16.287909,0.209521,0.278073,-0.640316,-0.684669,6.16109,145.610992,-7.68726,-0.097649,0.921779,0.018967,0.374738,-4.278064,129.567215,21.291328,0.43975,0.893588,0.090111,0.00087,7.603513,132.381271,33.079273,-0.164994,0.428279,0.518465,-0.721491,21.249119,114.889954,31.350374,-0.000496,0.218775,0.662325,-0.716563,18.893761,136.816071,20.33345,0.052736,0.927339,0.137172,0.34416,-4.664882,86.170082,8.034459,0.105111,0.970281,-0.010809,0.217693,-4.787636,51.517712,-2.494049,-0.033033,0.942568,0.045414,0.329261,-14.661774,5.257073,-3.666978,-0.090312,0.897353,-0.106602,0.418613,8.354107,87.026474,21.725311,-0.006556,0.909216,-0.146362,0.389693,10.991918,52.223652,31.392643,-0.019854,0.893431,0.013514,0.448558,6.158467,6.937718,44.227867,-0.033033,0.942568,0.045414,0.329261,-5.333707,0.672287,-15.109576,-0.019854,0.893431,0.013514,0.448558,17.812117,1.39353,35.717834
520,4.333333,-0.02789,0.91873,0.007676,0.393826,1.844826,86.598564,14.879706,-0.124174,0.905624,0.14896,0.377143,1.400583,94.339539,14.818731,-0.020701,0.92273,0.002256,0.384884,-5.670285,113.727798,18.511524,0.073191,0.949964,0.084138,0.291776,-6.51894,134.957397,18.261415,0.006589,0.984574,0.024676,0.173094,-4.128734,149.471252,19.687981,-0.103438,0.758216,0.130533,0.630373,-9.550377,129.284576,15.961832,-0.744845,0.061889,0.50594,-0.430581,-12.670872,129.415466,-0.720251,-0.652312,-0.575595,0.185671,0.456843,-1.981394,117.668983,-16.305296,0.209726,0.278169,-0.640373,-0.684513,6.168243,145.617996,-7.692646,-0.097882,0.921746,0.018744,0.37477,-4.275585,129.558228,21.292982,0.439707,0.893578,0.090414,0.000974,7.603621,132.382278,33.080925,-0.164985,0.428248,0.518478,-0.721501,21.250885,114.89241,31.350391,-0.000529,0.218992,0.662124,-0.716683,18.895037,136.817551,20.334875,0.052672,0.927375,0.137199,0.344061,-4.663263,86.171143,8.032893,0.105204,0.970247,-0.010856,0.217798,-4.782201,51.518833,-2.495871,-0.032792,0.942533,0.045382,0.329389,-14.66563,5.260139,-3.66746,-0.090344,0.897351,-0.106575,0.418619,8.352915,87.025986,21.726519,-0.006521,0.909233,-0.146368,0.389652,10.993552,52.223171,31.39311,-0.019782,0.893403,0.013552,0.448615,6.157397,6.937346,44.22773,-0.032792,0.942533,0.045382,0.329389,-5.336972,0.672074,-15.108268,-0.019782,0.893403,0.013552,0.448615,17.811563,1.393201,35.718376
521,4.341667,-0.027882,0.918688,0.007662,0.393925,1.848429,86.599121,14.877084,-0.124107,0.905624,0.149073,0.377121,1.404391,94.340111,14.815907,-0.02098,0.922717,0.001944,0.384901,-5.666679,113.730621,18.514725,0.073321,0.949899,0.084289,0.291911,-6.521138,134.959778,18.24778,0.006561,0.984544,0.024637,0.173271,-4.128583,149.472672,19.680189,-0.103462,0.758127,0.13047,0.63049,-9.55089,129.284317,15.952516,-0.744819,0.061954,0.505813,-0.430767,-12.666196,129.414078,-0.730538,-0.65234,-0.575668,0.18572,0.456691,-1.971369,117.66375,-16.309002,0.209738,0.27811,-0.640427,-0.684484,6.172103,145.616257,-7.701883,-0.097801,0.921703,0.018791,0.374894,-4.276473,129.563644,21.283739,0.439681,0.893612,0.090207,0.00111,7.600136,132.384323,33.0751,-0.165217,0.42851,0.518337,-0.721394,21.248428,114.894318,31.354151,-0.000619,0.219158,0.661958,-0.716785,18.896395,136.819321,20.33606,0.052771,0.92733,0.137117,0.344198,-4.65819,86.171768,8.028873,0.105156,0.970244,-0.010866,0.217834,-4.784284,51.518578,-2.496891,-0.032883,0.942546,0.045409,0.329338,-14.663498,5.258947,-3.666972,-0.090307,0.897343,-0.10661,0.418633,8.355047,87.026474,21.725294,-0.006519,0.90929,-0.146379,0.389515,10.992035,52.223717,31.393068,-0.019782,0.893417,0.013536,0.448589,6.157211,6.938216,44.229305,-0.032883,0.942546,0.045409,0.329338,-5.335088,0.672521,-15.108635,-0.019782,0.893417,0.013536,0.448589,17.810801,1.393649,35.719444
522,4.35,-0.027881,0.918654,0.007616,0.394005,1.850761,86.597969,14.875677,-0.124172,0.905564,0.148909,0.377308,1.407026,94.338966,14.813827,-0.020834,0.922646,0.002106,0.38508,-5.662491,113.724556,18.502861,0.07305,0.949877,0.084141,0.292093,-6.513842,134.953949,18.244511,0.0065,0.984499,0.024615,0.173534,-4.127563,149.46846,19.671118,-0.103547,0.758087,0.130663,0.630484,-9.543532,129.279861,15.945718,-0.74476,0.06194,0.505737,-0.43096,-12.658506,129.411667,-0.737384,-0.652348,-0.575769,0.185772,0.456532,-1.960181,117.659065,-16.311731,0.209823,0.278139,-0.640516,-0.684362,6.175081,145.615479,-7.709525,-0.098079,0.921603,0.018691,0.375072,-4.271089,129.556198,21.279053,0.43966,0.893616,0.09027,0.001196,7.599126,132.386444,33.074562,-0.165336,0.428642,0.518289,-0.721323,21.24823,114.896843,31.355888,-0.0007,0.219428,0.661808,-0.716841,18.89922,136.82225,20.337137,0.05278,0.927306,0.137085,0.344275,-4.654669,86.170334,8.026354,0.105189,0.970239,-0.010874,0.21784,-4.781296,51.516567,-2.497522,-0.032833,0.942538,0.045416,0.329365,-14.663677,5.257612,-3.667607,-0.090309,0.897336,-0.106633,0.418642,8.356192,87.025604,21.725,-0.006493,0.909283,-0.146372,0.389535,10.992495,52.223236,31.394377,-0.019862,0.893389,0.01355,0.448641,6.155442,6.937489,44.228928,-0.032833,0.942538,0.045416,0.329365,-5.335112,0.670891,-15.109026,-0.019862,0.893389,0.01355,0.448641,17.810915,1.394353,35.720711
523,4.358333,-0.027857,0.918596,0.007579,0.394142,1.851951,86.598244,14.872268,-0.124021,0.905606,0.149024,0.377211,1.408786,94.339279,14.809961,-0.021122,0.922679,0.001734,0.384986,-5.659853,113.734421,18.508333,0.073317,0.949795,0.084473,0.292197,-6.516426,134.963364,18.230755,0.006473,0.984472,0.024435,0.173714,-4.125538,149.475937,19.669352,-0.103841,0.757947,0.130476,0.630642,-9.545154,129.286453,15.937698,-0.74475,0.061951,0.505622,-0.43111,-12.651279,129.407913,-0.747138,-0.652322,-0.575874,0.185815,0.45642,-1.94784,117.653801,-16.316841,0.209858,0.278063,-0.640599,-0.684305,6.179092,145.613373,-7.717052,-0.097802,0.921515,0.01871,0.375361,-4.271802,129.568939,21.269814,0.439585,0.893648,0.090313,0.001339,7.592909,132.389786,33.07312,-0.165354,0.428803,0.518229,-0.721266,21.244921,114.901947,31.359571,-0.000748,0.219586,0.66187,-0.716735,18.899755,136.824875,20.336557,0.05279,0.927254,0.136982,0.344454,-4.651464,86.170784,8.021018,0.105162,0.970239,-0.010867,0.21785,-4.779381,51.515068,-2.49642,-0.032852,0.942578,0.045477,0.329241,-14.659225,5.255571,-3.666715,-0.090293,0.897309,-0.106654,0.418699,8.355367,87.025711,21.723518,-0.006565,0.909231,-0.146343,0.389666,10.989399,52.22345,31.393909,-0.019887,0.893397,0.0135,0.448625,6.157774,6.936991,44.228012,-0.032852,0.942578,0.045477,0.329241,-5.333275,0.670688,-15.111006,-0.019887,0.893397,0.0135,0.448625,17.81295,1.392887,35.720013
524,4.366667,-0.027837,0.918575,0.007496,0.394194,1.855237,86.598167,14.872529,-0.124196,0.905516,0.149026,0.377369,1.412871,94.339233,14.809136,-0.021074,0.922595,0.001745,0.385191,-5.660886,113.726822,18.502329,0.073385,0.949746,0.084326,0.292379,-6.515692,134.955841,18.225794,0.006299,0.984447,0.024426,0.173864,-4.121599,149.46817,19.661476,-0.103856,0.757791,0.130495,0.630823,-9.543843,129.279312,15.931018,-0.74462,0.061854,0.505535,-0.43145,-12.642092,129.40213,-0.75527,-0.652311,-0.576004,0.185907,0.456232,-1.934187,117.645622,-16.320089,0.209833,0.278025,-0.640718,-0.684217,6.181538,145.610428,-7.726757,-0.097986,0.921466,0.018492,0.375442,-4.272831,129.561035,21.265484,0.439508,0.893688,0.09029,0.001473,7.588582,132.390198,33.07011,-0.165504,0.429009,0.518115,-0.721191,21.243597,114.904114,31.362652,-0.000819,0.219807,0.661654,-0.716867,18.9013,136.826401,20.336542,0.052815,0.927211,0.136978,0.344567,-4.647418,86.170456,8.020573,0.105233,0.970207,-0.010885,0.217957,-4.775814,51.514851,-2.497207,-0.03292,0.942549,0.045366,0.329333,-14.6623,5.256799,-3.668319,-0.090243,0.897357,-0.106696,0.418596,8.357891,87.025879,21.724483,-0.006569,0.909204,-0.14631,0.389742,10.98848,52.223621,31.395796,-0.019877,0.893377,0.013545,0.448665,6.157309,6.936255,44.226837,-0.03292,0.942549,0.045366,0.329333,-5.333743,0.669573,-15.109545,-0.019877,0.893377,0.013545,0.448665,17.813364,1.39321,35.719357
525,4.375,-0.027792,0.918541,0.007414,0.394279,1.856482,86.596832,14.871344,-0.124285,0.905448,0.148901,0.377552,1.415263,94.337952,14.807017,-0.020864,0.922531,0.001943,0.385353,-5.659103,113.721848,18.491821,0.073261,0.949733,0.08411,0.292517,-6.508864,134.951218,18.226349,0.006101,0.98442,0.024362,0.174029,-4.116365,149.464462,19.655388,-0.103921,0.757708,0.13053,0.630905,-9.537559,129.276627,15.927507,-0.744638,0.062185,0.505491,-0.431424,-12.631864,129.39917,-0.759512,-0.652266,-0.576041,0.186171,0.456142,-1.923809,117.633095,-16.316986,0.209968,0.277999,-0.640798,-0.68411,6.183342,145.604095,-7.73576,-0.098247,0.921375,0.018388,0.375603,-4.268295,129.554276,21.263916,0.439478,0.893705,0.090262,0.001503,7.587274,132.392502,33.072231,-0.165428,0.429114,0.518052,-0.721191,21.243431,114.90712,31.366638,-0.000929,0.219891,0.661577,-0.716912,18.902412,136.826096,20.334538,0.052826,0.927166,0.136932,0.344705,-4.644956,86.169319,8.018224,0.105247,0.970242,-0.010858,0.217799,-4.773677,51.512875,-2.496802,-0.032881,0.942564,0.045451,0.329282,-14.661113,5.25505,-3.669101,-0.090221,0.897387,-0.106717,0.418531,8.357922,87.024338,21.724464,-0.006572,0.909197,-0.146298,0.389761,10.987144,52.222107,31.396267,-0.019783,0.893365,0.01356,0.448691,6.156443,6.934419,44.226353,-0.032881,0.942564,0.045451,0.329282,-5.333966,0.66974,-15.112241,-0.019783,0.893365,0.01356,0.448691,17.812103,1.390522,35.718884
526,4.383333,-0.027825,0.918481,0.007324,0.394416,1.856727,86.596634,14.870708,-0.124265,0.905403,0.14887,0.37768,1.415596,94.337753,14.804834,-0.020879,0.922476,0.001923,0.385485,-5.65764,113.721062,18.487625,0.073136,0.949701,0.084065,0.292663,-6.507648,134.950409,18.220984,0.006068,0.984391,0.024324,0.174203,-4.118233,149.46434,19.648209,-0.104107,0.757563,0.130553,0.631043,-9.535597,129.275665,15.921521,-0.744635,0.062204,0.505444,-0.43148,-12.622659,129.39505,-0.766866,-0.652272,-0.576135,0.186207,0.456,-1.912617,117.627991,-16.322239,0.210245,0.278098,-0.640846,-0.68394,6.187149,145.60231,-7.744848,-0.098308,0.921313,0.018331,0.375743,-4.267867,129.553635,21.259426,0.439378,0.893755,0.090255,0.001595,7.583732,132.394211,33.071167,-0.165495,0.429243,0.517974,-0.721155,21.243793,114.911476,31.369787,-0.00082,0.220056,0.661425,-0.717002,18.904228,136.828812,20.335114,0.052893,0.927117,0.136907,0.344837,-4.642632,86.167931,8.015689,0.105203,0.970241,-0.010888,0.217822,-4.775007,51.511497,-2.499331,-0.032896,0.942591,0.045503,0.329196,-14.658973,5.252847,-3.668261,-0.090257,0.897325,-0.106668,0.418668,8.356086,87.02533,21.725727,-0.006545,0.909231,-0.146317,0.389676,10.987733,52.222824,31.395838,-0.019507,0.893387,0.013633,0.448656,6.155198,6.935641,44.227005,-0.032896,0.942591,0.045503,0.329196,-5.333595,0.6691,-15.113468,-0.019507,0.893387,0.013633,0.448656,17.80769,1.38995,35.71637
527,4.391667,-0.027804,0.918451,0.007213,0.394489,1.859412,86.596619,14.869007,-0.124235,0.905369,0.148901,0.377758,1.419257,94.337776,14.80165,-0.020957,0.922427,0.001797,0.385598,-5.652085,113.716766,18.484661,0.072934,0.949677,0.084167,0.292762,-6.503038,134.945999,18.211681,0.006057,0.984374,0.024319,0.174295,-4.120146,149.460846,19.640455,-0.104132,0.757552,0.130651,0.631032,-9.530137,129.270447,15.913096,-0.74466,0.062296,0.505235,-0.431668,-12.617491,129.391266,-0.77522,-0.652328,-0.576233,0.186237,0.455784,-1.898565,117.620872,-16.321936,0.21031,0.278133,-0.640934,-0.683824,6.193668,145.599442,-7.751226,-0.098469,0.921206,0.018245,0.375965,-4.263765,129.550201,21.252245,0.439296,0.893803,0.090174,0.001703,7.58108,132.396423,33.069386,-0.165571,0.429432,0.517832,-0.721127,21.244326,114.915573,31.37421,-0.000974,0.220232,0.661365,-0.717003,18.905493,136.830658,20.334009,0.052962,0.92706,0.136813,0.345018,-4.638873,86.16748,8.013,0.105202,0.970231,-0.010878,0.217865,-4.776227,51.509727,-2.497589,-0.032905,0.942573,0.045518,0.329244,-14.659873,5.251044,-3.667796,-0.090232,0.89733,-0.10671,0.418652,8.357697,87.025764,21.725014,-0.006567,0.909202,-0.14629,0.389752,10.98655,52.223576,31.397053,-0.019903,0.893383,0.013474,0.448653,6.15578,6.935662,44.226326,-0.032905,0.942573,0.045518,0.329244,-5.333189,0.667836,-15.112153,-0.019903,0.893383,0.013474,0.448653,17.811543,1.391134,35.719414
528,4.4,-0.027802,0.918418,0.007164,0.394569,1.859568,86.596313,14.868617,-0.124238,0.905336,0.148868,0.37785,1.41975,94.337486,14.800528,-0.021006,0.922381,0.001762,0.385705,-5.651486,113.716576,18.481503,0.073027,0.94964,0.084015,0.292903,-6.503745,134.945724,18.206268,0.005916,0.984347,0.024333,0.174455,-4.11691,149.46022,19.63205,-0.104205,0.757454,0.130586,0.631152,-9.529943,129.26976,15.907524,-0.744618,0.062276,0.505035,-0.431977,-12.611665,129.388199,-0.781856,-0.652418,-0.576365,0.186246,0.455485,-1.883626,117.615448,-16.320511,0.210498,0.278179,-0.641042,-0.683646,6.199142,145.599243,-7.757987,-0.098498,0.921184,0.018178,0.376017,-4.264833,129.550354,21.247879,0.439222,0.89385,0.090068,0.001839,7.578502,132.398209,33.066154,-0.165816,0.429678,0.517682,-0.721032,21.244631,114.918854,31.378742,-0.000964,0.220533,0.660997,-0.71725,18.90859,136.833008,20.33707,0.052951,0.927023,0.136794,0.345125,-4.637543,86.166862,8.011511,0.105233,0.970272,-0.010836,0.217672,-4.773369,51.508652,-2.497587,-0.032989,0.942562,0.045469,0.329274,-14.659211,5.250511,-3.670295,-0.090262,0.897242,-0.106713,0.418835,8.356678,87.025764,21.725723,-0.006583,0.909188,-0.146254,0.3898,10.985441,52.224014,31.399363,-0.019704,0.893379,0.013498,0.448669,6.156742,6.935134,44.225998,-0.032989,0.942562,0.045469,0.329274,-5.331107,0.666812,-15.113301,-0.019704,0.893379,0.013498,0.448669,17.810873,1.388586,35.718159
529,4.408333,-0.027805,0.918376,0.007158,0.394667,1.862365,86.595985,14.868426,-0.124106,0.905295,0.148809,0.378015,1.422551,94.337151,14.800191,-0.021159,0.922292,0.001682,0.385911,-5.641291,113.71212,18.47871,0.072764,0.949601,0.083995,0.293102,-6.498173,134.94101,18.197634,0.005852,0.984306,0.0244,0.174677,-4.118493,149.456863,19.621355,-0.104244,0.75747,0.130744,0.631093,-9.522057,129.263763,15.898974,-0.74465,0.062371,0.504793,-0.432193,-12.606035,129.384262,-0.789978,-0.652489,-0.57651,0.186255,0.455195,-1.867633,117.608093,-16.318886,0.210669,0.278292,-0.641068,-0.683523,6.204782,145.597107,-7.763631,-0.09866,0.921096,0.018097,0.376193,-4.259435,129.546936,21.241646,0.439169,0.893882,0.090006,0.001929,7.578325,132.400497,33.064125,-0.165997,0.429919,0.517492,-0.720983,21.246504,114.922272,31.381729,-0.001326,0.220894,0.660717,-0.717396,18.910944,136.834595,20.335352,0.052965,0.92699,0.136755,0.345227,-4.633278,86.166473,8.009933,0.105283,0.970273,-0.01084,0.217641,-4.76994,51.50758,-2.496917,-0.032835,0.942555,0.045567,0.329296,-14.660408,5.250424,-3.670049,-0.090246,0.897281,-0.106724,0.418751,8.358008,87.02549,21.726917,-0.006557,0.909223,-0.146268,0.389712,10.986267,52.223705,31.400585,-0.019812,0.893406,0.013573,0.448607,6.156093,6.935176,44.227905,-0.032835,0.942555,0.045567,0.329296,-5.333051,0.667887,-15.114138,-0.019812,0.893406,0.013573,0.448607,17.810522,1.391961,35.7183
530,4.416667,-0.02781,0.918345,0.0071,0.394738,1.86459,86.595383,14.868842,-0.124096,0.905273,0.148774,0.378083,1.425066,94.336555,14.799709,-0.021235,0.922257,0.001662,0.385991,-5.638732,113.713669,18.476906,0.072831,0.949585,0.083876,0.293169,-6.498244,134.942429,18.193724,0.005714,0.984302,0.02438,0.174709,-4.115652,149.458069,19.61488,-0.104378,0.757344,0.130697,0.631232,-9.521008,129.264587,15.895057,-0.744804,0.062508,0.504609,-0.432122,-12.598062,129.381714,-0.795193,-0.652424,-0.576588,0.186385,0.455137,-1.852134,117.605721,-16.319019,0.21077,0.278257,-0.641115,-0.683462,6.211897,145.598465,-7.768067,-0.098719,0.921055,0.0181,0.376279,-4.259361,129.548904,21.238625,0.439205,0.893875,0.089901,0.001956,7.57581,132.404083,33.063305,-0.166062,0.430068,0.517491,-0.72088,21.24259,114.924477,31.38389,-0.001366,0.220954,0.660816,-0.717287,18.913279,136.837097,20.335888,0.053049,0.926883,0.136732,0.345511,-4.629983,86.165375,8.009371,0.105251,0.970256,-0.010854,0.217735,-4.769619,51.506676,-2.498105,-0.032952,0.942586,0.045577,0.329193,-14.657344,5.248904,-3.670174,-0.090228,0.897289,-0.106694,0.418746,8.359164,87.025383,21.728313,-0.006568,0.909152,-0.146264,0.389881,10.987232,52.222897,31.399483,-0.019585,0.893382,0.013606,0.448664,6.155702,6.934261,44.225922,-0.032952,0.942586,0.045577,0.329193,-5.331261,0.667801,-15.115866,-0.019585,0.893382,0.013606,0.448664,17.809025,1.388938,35.716183
531,4.425,-0.02782,0.918314,0.007068,0.394811,1.866594,86.595421,14.8684,-0.12409,0.905242,0.148769,0.378162,1.427133,94.336601,14.798721,-0.021384,0.922212,0.001686,0.38609,-5.635533,113.710693,18.474588,0.072974,0.949546,0.083632,0.293331,-6.501227,134.939163,18.189795,0.005488,0.984265,0.024402,0.174918,-4.112533,149.454315,19.605844,-0.104304,0.757253,0.130665,0.631361,-9.521822,129.2603,15.890852,-0.744924,0.062572,0.504431,-0.432113,-12.593897,129.379517,-0.800303,-0.652397,-0.576646,0.186462,0.455071,-1.840341,117.604683,-16.319735,0.210788,0.278271,-0.641233,-0.683341,6.217895,145.600159,-7.772264,-0.098814,0.921051,0.017942,0.376269,-4.261418,129.546524,21.235544,0.439221,0.893884,0.089728,0.002051,7.573354,132.406693,33.059418,-0.166182,0.430194,0.517427,-0.720823,21.239475,114.925896,31.387108,-0.001296,0.22107,0.660853,-0.717217,18.912182,136.838959,20.338112,0.05302,0.926895,0.136708,0.345494,-4.626883,86.165039,8.007912,0.105304,0.970245,-0.010836,0.217758,-4.765404,51.505638,-2.497231,-0.03292,0.942574,0.045511,0.329242,-14.657625,5.248907,-3.672307,-0.090176,0.89726,-0.106682,0.418822,8.36007,87.025803,21.728888,-0.006609,0.909105,-0.14624,0.389998,10.9844,52.222454,31.397999,-0.019977,0.893367,0.01353,0.448679,6.15566,6.933212,44.223354,-0.03292,0.942574,0.045511,0.329242,-5.330882,0.665657,-15.116604,-0.019977,0.893367,0.01353,0.448679,17.812939,1.391098,35.716942
532,4.433333,-0.027755,0.918263,0.006958,0.394935,1.866821,86.595116,14.870305,-0.124089,0.905209,0.148733,0.378256,1.428967,94.33638,14.799398,-0.021402,0.922171,0.001598,0.386187,-5.63339,113.710571,18.473125,0.072852,0.949526,0.083661,0.293419,-6.498353,134.939026,18.184523,0.005392,0.984253,0.024355,0.174995,-4.113294,149.454758,19.600689,-0.10439,0.757167,0.130649,0.631453,-9.518634,129.259857,15.885906,-0.744932,0.062568,0.504314,-0.432237,-12.586145,129.377243,-0.806089,-0.652366,-0.576751,0.186482,0.454974,-1.827349,117.601982,-16.321541,0.210835,0.278212,-0.641421,-0.683173,6.223088,145.59996,-7.774975,-0.098889,0.920994,0.017896,0.376392,-4.259367,129.546829,21.23167,0.439234,0.893868,0.08983,0.002209,7.571754,132.409653,33.058548,-0.166194,0.430276,0.517431,-0.720768,21.237343,114.928032,31.390493,-0.001277,0.221148,0.660631,-0.717398,18.913893,136.8396,20.340675,0.053014,0.926872,0.136713,0.345554,-4.624865,86.165085,8.008107,0.10533,0.970253,-0.010841,0.217711,-4.762149,51.505745,-2.497281,-0.032859,0.942561,0.045473,0.329288,-14.656833,5.249536,-3.671983,-0.090214,0.897281,-0.106622,0.418784,8.358507,87.025154,21.732504,-0.006573,0.909153,-0.146251,0.389882,10.987552,52.221371,31.398764,-0.019765,0.893363,0.013588,0.448695,6.156999,6.932369,44.224281,-0.032859,0.942561,0.045473,0.329288,-5.329682,0.66464,-15.115282,-0.019765,0.893363,0.013588,0.448695,17.812681,1.388964,35.716526
533,4.441667,-0.027809,0.918247,0.006977,0.394969,1.870339,86.594185,14.870654,-0.124074,0.9052,0.14868,0.378303,1.431595,94.335388,14.799679,-0.021509,0.922143,0.001599,0.386248,-5.629166,113.709213,18.471123,0.072488,0.94956,0.083543,0.293432,-6.498278,134.937469,18.18074,0.005523,0.984248,0.024369,0.17502,-4.12235,149.455322,19.590551,-0.104379,0.757084,0.130601,0.631563,-9.51713,129.257538,15.882158,-0.744949,0.062565,0.504207,-0.432332,-12.579995,129.374939,-0.810704,-0.652347,-0.576812,0.186525,0.454907,-1.816359,117.599663,-16.322803,0.210762,0.278227,-0.641492,-0.683123,6.228804,145.599823,-7.778361,-0.098887,0.92095,0.017816,0.376503,-4.258637,129.545944,21.228615,0.439176,0.893887,0.089915,0.002302,7.569681,132.409546,33.058121,-0.166346,0.430435,0.517374,-0.72068,21.237534,114.929474,31.392321,-0.001408,0.221351,0.660447,-0.717504,18.917824,136.841522,20.341995,0.053043,0.926874,0.136703,0.345548,-4.620793,86.163368,8.007973,0.10535,0.970248,-0.010849,0.217722,-4.760381,51.504059,-2.497476,-0.032847,0.942565,0.045594,0.329263,-14.657052,5.24827,-3.671985,-0.090183,0.897276,-0.106637,0.418799,8.36147,87.025002,21.733335,-0.006565,0.909159,-0.146238,0.389873,10.987867,52.221035,31.399664,-0.019643,0.893342,0.013642,0.44874,6.157227,6.931686,44.223915,-0.032847,0.942565,0.045594,0.329263,-5.330304,0.666608,-15.116917,-0.019643,0.893342,0.013642,0.44874,17.812769,1.388058,35.716099
534,4.45,-0.027831,0.918221,0.006968,0.395028,1.873043,86.594055,14.872262,-0.124082,0.905181,0.148607,0.378374,1.434057,94.335243,14.800993,-0.021554,0.922108,0.001554,0.386329,-5.625775,113.708755,18.46888,0.072789,0.949506,0.083628,0.293507,-6.49591,134.936935,18.175928,0.005147,0.984255,0.024251,0.175005,-4.112311,149.453018,19.590944,-0.104428,0.757023,0.130579,0.631633,-9.514065,129.256577,15.877456,-0.745012,0.062689,0.504079,-0.432356,-12.573567,129.372772,-0.816029,-0.652311,-0.576863,0.186595,0.454864,-1.80485,117.595161,-16.322832,0.210693,0.278188,-0.641647,-0.683015,6.235147,145.597565,-7.780858,-0.098962,0.920893,0.017876,0.376621,-4.25654,129.545883,21.224813,0.439106,0.893912,0.090006,0.002415,7.568255,132.410782,33.057526,-0.166354,0.430391,0.517311,-0.720749,21.238798,114.93251,31.39472,-0.001459,0.221366,0.660444,-0.717501,18.914049,136.843887,20.34421,0.053087,0.926846,0.13671,0.345615,-4.617172,86.162827,8.008742,0.105348,0.970225,-0.010895,0.217824,-4.758761,51.503979,-2.4982,-0.032891,0.942585,0.045562,0.329205,-14.656019,5.248234,-3.669495,-0.090214,0.89728,-0.10662,0.418786,8.363258,87.025291,21.735781,-0.006527,0.909185,-0.146281,0.389799,10.992338,52.221478,31.401909,-0.0198,0.89341,0.013672,0.448597,6.157812,6.933266,44.22871,-0.032891,0.942585,0.045562,0.329205,-5.330301,0.666101,-15.115076,-0.0198,0.89341,0.013672,0.448597,17.812405,1.392444,35.717773
535,4.458333,-0.027855,0.918197,0.006978,0.395081,1.877297,86.593636,14.871746,-0.124148,0.905134,0.148606,0.378465,1.437914,94.334801,14.800447,-0.021567,0.922056,0.001462,0.386452,-5.624923,113.708176,18.466585,0.072536,0.949469,0.083783,0.293646,-6.494,134.93634,18.169693,0.005104,0.98423,0.024119,0.17517,-4.11878,149.453537,19.587452,-0.104499,0.756895,0.13057,0.631777,-9.511797,129.255722,15.871397,-0.745046,0.062771,0.503995,-0.432383,-12.564641,129.371017,-0.823312,-0.652284,-0.577013,0.186571,0.454723,-1.792631,117.591583,-16.326441,0.211121,0.278134,-0.641965,-0.682605,6.237403,145.596695,-7.783989,-0.098983,0.920851,0.017781,0.376723,-4.255702,129.545715,21.220121,0.439152,0.893889,0.090006,0.002507,7.566336,132.412262,33.055183,-0.166526,0.430553,0.517362,-0.720576,21.235064,114.932266,31.395855,-0.001425,0.221319,0.660207,-0.717735,18.919769,136.846069,20.348011,0.053131,0.926822,0.136701,0.345676,-4.612102,86.162079,8.007477,0.105388,0.97003,-0.011088,0.218662,-4.75617,51.503395,-2.499984,-0.032837,0.942561,0.04559,0.329274,-14.660009,5.248854,-3.662919,-0.09019,0.897306,-0.106648,0.418728,8.366695,87.025192,21.736017,-0.006499,0.909173,-0.14627,0.389831,10.993994,52.221489,31.403048,-0.01957,0.893371,0.013735,0.448683,6.157061,6.932926,44.227699,-0.032837,0.942561,0.04559,0.329274,-5.333111,0.66696,-15.107629,-0.01957,0.893371,0.013735,0.448683,17.811213,1.390712,35.717064
536,4.466667,-0.027818,0.918224,0.006935,0.395023,1.878753,86.593277,14.874429,-0.124221,0.905117,0.148531,0.378511,1.440145,94.33448,14.802771,-0.021558,0.922022,0.001422,0.386534,-5.624079,113.706955,18.464323,0.0724,0.949492,0.083752,0.293615,-6.492135,134.93515,18.165943,0.005122,0.984255,0.024091,0.17503,-4.120459,149.453125,19.581558,-0.10459,0.756778,0.130595,0.631897,-9.509776,129.254532,15.867461,-0.745109,0.062869,0.503959,-0.432303,-12.556837,129.368958,-0.828308,-0.652292,-0.5771,0.186511,0.454625,-1.783779,117.588577,-16.32999,0.211436,0.278308,-0.641941,-0.68246,6.241503,145.594666,-7.786289,-0.099056,0.920827,0.017758,0.376764,-4.254632,129.544617,21.217113,0.439184,0.893863,0.090105,0.002653,7.565869,132.413635,33.053108,-0.166548,0.430599,0.517392,-0.720522,21.233335,114.932289,31.397543,-0.00151,0.221238,0.660156,-0.717806,18.921602,136.846542,20.350079,0.05315,0.926848,0.136722,0.345593,-4.611547,86.16201,8.010995,0.105376,0.970189,-0.010923,0.217968,-4.757308,51.503899,-2.498293,-0.032841,0.942584,0.045581,0.32921,-14.657527,5.24877,-3.669009,-0.090176,0.897289,-0.106647,0.418769,8.369054,87.024536,21.737862,-0.006489,0.909169,-0.146251,0.389847,10.995046,52.22065,31.404543,-0.019934,0.893399,0.013601,0.448616,6.157728,6.931561,44.227184,-0.032841,0.942584,0.045581,0.32921,-5.332132,0.666648,-15.114854,-0.019934,0.893399,0.013601,0.448616,17.813709,1.390677,35.718197
537,4.475,-0.027778,0.918208,0.006866,0.395065,1.880561,86.593796,14.874138,-0.124277,0.905078,0.148539,0.378584,1.442949,94.335052,14.80172,-0.021601,0.921975,0.001305,0.386645,-5.62255,113.703491,18.461422,0.07236,0.949456,0.083723,0.293747,-6.490322,134.93161,18.157608,0.004912,0.984229,0.024146,0.175176,-4.11949,149.449783,19.572554,-0.104644,0.756693,0.130594,0.63199,-9.50745,129.250458,15.859776,-0.745038,0.062846,0.503673,-0.432761,-12.550116,129.364166,-0.836796,-0.652431,-0.577335,0.186374,0.454185,-1.76408,117.580009,-16.326567,0.211616,0.278503,-0.641947,-0.682319,6.247895,145.591476,-7.787976,-0.099073,0.920782,0.01767,0.376871,-4.253628,129.541809,21.210659,0.439148,0.893875,0.090156,0.002817,7.56401,132.412292,33.049156,-0.166659,0.43068,0.517346,-0.720481,21.23283,114.931465,31.399229,-0.001593,0.22124,0.660078,-0.717876,18.922123,136.846268,20.352095,0.053182,0.926796,0.136682,0.345745,-4.609162,86.16272,8.010146,0.105392,0.970169,-0.010926,0.218048,-4.756291,51.504063,-2.49734,-0.032839,0.942564,0.045534,0.329274,-14.657963,5.249271,-3.668968,-0.090145,0.897269,-0.106646,0.418819,8.370285,87.024864,21.738131,-0.006504,0.909135,-0.146228,0.389934,10.993717,52.220547,31.403976,-0.01981,0.893347,0.013733,0.44872,6.157263,6.93084,44.224781,-0.032839,0.942564,0.045534,0.329274,-5.331203,0.665848,-15.113178,-0.01981,0.893347,0.013733,0.44872,17.814575,1.391771,35.716431
538,4.483333,-0.027791,0.91817,0.006839,0.395152,1.881348,86.592125,14.874018,-0.124303,0.905057,0.148519,0.378633,1.443727,94.333374,14.801092,-0.021553,0.921958,0.001223,0.386687,-5.622651,113.701866,18.459261,0.072259,0.949467,0.083659,0.293756,-6.487183,134.930099,18.153,0.004794,0.984231,0.02419,0.175161,-4.118616,149.448898,19.565306,-0.10467,0.756555,0.130542,0.632161,-9.50496,129.24913,15.855522,-0.744999,0.062838,0.503594,-0.432921,-12.540115,129.362335,-0.842427,-0.652492,-0.577487,0.186244,0.453957,-1.750508,117.576469,-16.328426,0.211872,0.27872,-0.641861,-0.682232,6.253744,145.589935,-7.789168,-0.099112,0.920751,0.017589,0.376941,-4.251585,129.540283,21.20686,0.439197,0.893842,0.090242,0.002924,7.564014,132.412872,33.046894,-0.166626,0.430619,0.517387,-0.720496,21.230906,114.930305,31.399357,-0.001711,0.221098,0.660267,-0.717747,18.919559,136.846954,20.352962,0.053167,0.926783,0.13664,0.345799,-4.607053,86.16066,8.008799,0.105415,0.970179,-0.010909,0.217996,-4.753692,51.501053,-2.495568,-0.032998,0.942559,0.045573,0.329266,-14.657134,5.246675,-3.66865,-0.090199,0.897228,-0.106609,0.418904,8.36975,87.02359,21.739235,-0.006465,0.909181,-0.146251,0.389819,10.996971,52.219402,31.404547,-0.019622,0.893367,0.013834,0.448686,6.157979,6.930292,44.226517,-0.032998,0.942559,0.045573,0.329266,-5.328856,0.665944,-15.112708,-0.019622,0.893367,0.013834,0.448686,17.813187,1.391316,35.715218
539,4.491667,-0.027814,0.918191,0.006852,0.395101,1.887156,86.592613,14.876643,-0.12439,0.905043,0.148436,0.378669,1.449116,94.333847,14.803789,-0.021639,0.921922,0.00117,0.386768,-5.619771,113.703331,18.457335,0.072303,0.94944,0.083663,0.293831,-6.48677,134.931412,18.147518,0.004659,0.984224,0.024182,0.175207,-4.116982,149.449951,19.560579,-0.104752,0.756506,0.130496,0.632215,-9.503457,129.24971,15.850409,-0.745037,0.062866,0.503405,-0.433072,-12.535679,129.360229,-0.848085,-0.652543,-0.577592,0.186167,0.453781,-1.737744,117.573593,-16.327679,0.21186,0.278856,-0.641857,-0.682183,6.260885,145.588913,-7.789212,-0.0991,0.920735,0.017626,0.376981,-4.251081,129.542358,21.202639,0.439261,0.893823,0.090126,0.002927,7.563564,132.414001,33.043839,-0.166833,0.430744,0.517366,-0.720388,21.227953,114.929291,31.398436,-0.001933,0.221082,0.660231,-0.717784,18.920843,136.848022,20.354908,0.053237,0.926785,0.136648,0.345779,-4.60198,86.16082,8.012143,0.105427,0.970181,-0.010911,0.217979,-4.753338,51.501907,-2.494425,-0.032976,0.942546,0.04556,0.329309,-14.657931,5.247775,-3.667431,-0.090122,0.897262,-0.106657,0.418836,8.376291,87.024406,21.741142,-0.006461,0.909172,-0.146218,0.389853,10.99777,52.219963,31.407049,-0.020007,0.893381,0.013682,0.448645,6.159141,6.929934,44.225876,-0.032976,0.942546,0.04556,0.329309,-5.328902,0.666491,-15.110644,-0.020007,0.893381,0.013682,0.448645,17.816813,1.392117,35.717213
540,4.5,-0.027888,0.918186,0.006889,0.395106,1.892051,86.593262,14.877666,-0.124497,0.905037,0.148406,0.37866,1.452744,94.334419,14.804885,-0.021629,0.921926,0.001164,0.386759,-5.619352,113.702408,18.455479,0.072173,0.949478,0.083444,0.293801,-6.485866,134.930496,18.145609,0.004592,0.984224,0.024277,0.175191,-4.117841,149.450027,19.551294,-0.10482,0.756384,0.130499,0.632349,-9.502729,129.248871,15.848577,-0.745146,0.062921,0.503332,-0.432962,-12.528725,129.358719,-0.851052,-0.65251,-0.577683,0.186121,0.453732,-1.72783,117.573845,-16.32992,0.212074,0.278994,-0.641817,-0.682099,6.265448,145.589783,-7.788454,-0.099153,0.920707,0.017615,0.377038,-4.250244,129.541397,21.200706,0.439256,0.893815,0.090215,0.00306,7.562597,132.414734,33.043297,-0.166898,0.43081,0.517367,-0.720333,21.22711,114.929787,31.401455,-0.001874,0.221189,0.660076,-0.717893,18.922907,136.848785,20.358593,0.053314,0.926771,0.136593,0.345827,-4.596933,86.160469,8.013084,0.105419,0.970195,-0.010881,0.217924,-4.754318,51.50106,-2.491775,-0.032902,0.942546,0.045653,0.329302,-14.657675,5.246714,-3.666782,-0.090105,0.897271,-0.106691,0.418811,8.381035,87.026047,21.742249,-0.006438,0.909125,-0.146232,0.389957,11.000618,52.221905,31.409763,-0.019705,0.89336,0.013735,0.448699,6.158073,6.932232,44.228371,-0.032902,0.942546,0.045653,0.329302,-5.3293,0.667251,-15.111261,-0.019705,0.89336,0.013735,0.448699,17.813911,1.391798,35.718895
541,4.508333,-0.027846,0.918175,0.006852,0.395136,1.893976,86.593796,14.877375,-0.124473,0.905009,0.148371,0.378749,1.455496,94.334999,14.804305,-0.021677,0.921878,0.00114,0.386872,-5.615194,113.702728,18.453121,0.072032,0.949476,0.083398,0.293857,-6.48314,134.930725,18.141403,0.004539,0.984223,0.024274,0.175202,-4.118647,149.451065,19.544809,-0.104875,0.756363,0.130429,0.63238,-9.499031,129.248718,15.844062,-0.745134,0.06285,0.503208,-0.433136,-12.523338,129.355865,-0.855893,-0.652516,-0.5778,0.186047,0.453604,-1.71649,117.571869,-16.331274,0.212077,0.279026,-0.641849,-0.682054,6.270225,145.589188,-7.788238,-0.099147,0.920687,0.017577,0.37709,-4.24789,129.542023,21.19747,0.439147,0.893844,0.090456,0.003345,7.563651,132.415543,33.041321,-0.166945,0.430916,0.517215,-0.720368,21.232389,114.933228,31.406561,-0.002242,0.22139,0.659828,-0.718059,18.924877,136.849976,20.358881,0.053323,0.926778,0.136554,0.345821,-4.594615,86.161461,8.012391,0.105427,0.970178,-0.010889,0.217993,-4.753626,51.501347,-2.490116,-0.032918,0.942564,0.045711,0.329242,-14.657768,5.247176,-3.665263,-0.090131,0.897231,-0.106676,0.418896,8.382566,87.026123,21.742359,-0.006456,0.909078,-0.146231,0.390066,11.003382,52.222095,31.409952,-0.019784,0.893393,0.013827,0.448628,6.160844,6.932407,44.228508,-0.032918,0.942564,0.045711,0.329242,-5.330519,0.669471,-15.111362,-0.019784,0.893393,0.013827,0.448628,17.816586,1.39537,35.716686
542,4.516667,-0.027921,0.918159,0.006864,0.395168,1.89852,86.594055,14.87805,-0.124559,0.905006,0.148348,0.378738,1.458896,94.33519,14.80467,-0.021712,0.921883,0.001116,0.386859,-5.615254,113.704094,18.451641,0.072075,0.94948,0.083271,0.293871,-6.484184,134.932037,18.138409,0.004438,0.984216,0.024304,0.175237,-4.117391,149.452301,19.538622,-0.104971,0.756241,0.130326,0.632532,-9.499875,129.24971,15.841558,-0.745142,0.062572,0.503107,-0.433279,-12.516967,129.353317,-0.859724,-0.652458,-0.577892,0.185941,0.453613,-1.704063,117.577232,-16.336901,0.211894,0.278963,-0.641904,-0.682086,6.278553,145.593353,-7.786144,-0.099115,0.920672,0.017551,0.377136,-4.248606,129.543655,21.194805,0.439244,0.893804,0.090378,0.003346,7.561985,132.416428,33.039787,-0.166998,0.431006,0.517306,-0.720236,21.226921,114.931038,31.406185,-0.002207,0.221289,0.659923,-0.718002,18.927732,136.85083,20.359537,0.053416,0.926764,0.136505,0.345864,-4.589506,86.160522,8.012605,0.10541,0.970061,-0.010972,0.218519,-4.755489,51.50016,-2.488969,-0.032878,0.942564,0.045758,0.329238,-14.65913,5.24582,-3.66158,-0.090132,0.897326,-0.106686,0.41869,8.386545,87.027588,21.743494,-0.006329,0.909233,-0.146266,0.389693,11.00936,52.223732,31.411139,-0.019919,0.893408,0.013631,0.448598,6.159862,6.934869,44.229984,-0.032878,0.942564,0.045758,0.329238,-5.332239,0.668998,-15.108329,-0.019919,0.893408,0.013631,0.448598,17.815491,1.394562,35.720131
543,4.525,-0.02788,0.91816,0.006801,0.395169,1.899576,86.593773,14.8796,-0.124574,0.904974,0.148264,0.378842,1.460924,94.334953,14.805592,-0.021746,0.92182,0.001046,0.387006,-5.612225,113.702789,18.44804,0.071964,0.949471,0.083263,0.293926,-6.481299,134.930664,18.131374,0.00437,0.984223,0.02432,0.175199,-4.117514,149.451523,19.53064,-0.105161,0.756128,0.130336,0.632633,-9.496186,129.247971,15.8344,-0.745268,0.062613,0.503041,-0.433134,-12.507587,129.347748,-0.867927,-0.652307,-0.577981,0.185947,0.453715,-1.691952,117.574478,-16.345337,0.211808,0.278904,-0.641867,-0.68217,6.284323,145.590134,-7.787118,-0.099159,0.920616,0.017409,0.377267,-4.246642,129.542786,21.189289,0.439202,0.893813,0.090476,0.003609,7.560287,132.418472,33.037201,-0.16688,0.431101,0.517267,-0.720234,21.226765,114.933479,31.412298,-0.002119,0.221343,0.659793,-0.718106,18.929764,136.84935,20.359381,0.053383,0.926758,0.136493,0.345889,-4.588479,86.160492,8.01417,0.105429,0.970223,-0.010807,0.217798,-4.752322,51.499653,-2.485866,-0.03287,0.942557,0.045739,0.329264,-14.655163,5.245343,-3.666573,-0.090122,0.897385,-0.106682,0.418566,8.38763,87.027046,21.745029,-0.006319,0.909241,-0.146261,0.389677,11.011224,52.222996,31.411791,-0.019889,0.893406,0.013696,0.448601,6.161255,6.933978,44.229908,-0.03287,0.942557,0.045739,0.329264,-5.327789,0.667943,-15.112694,-0.019889,0.893406,0.013696,0.448601,17.816929,1.394945,35.719299
544,4.533333,-0.027902,0.918152,0.006787,0.395187,1.903799,86.593353,14.880239,-0.124614,0.904969,0.148231,0.378853,1.46492,94.334518,14.805871,-0.02176,0.921812,0.000979,0.387024,-5.60923,113.702179,18.44632,0.072078,0.9494,0.083414,0.294087,-6.477738,134.930054,18.126781,0.00398,0.984183,0.024146,0.175455,-4.112052,149.450027,19.531832,-0.10502,0.756193,0.13025,0.632597,-9.492675,129.247116,15.830438,-0.745268,0.062605,0.502919,-0.433278,-12.506623,129.348297,-0.871421,-0.652406,-0.578013,0.18585,0.453572,-1.68547,117.574417,-16.344515,0.211811,0.278978,-0.641823,-0.682181,6.290762,145.59053,-7.78772,-0.099253,0.920579,0.017398,0.377333,-4.243351,129.542496,21.185511,0.439273,0.893769,0.090567,0.003785,7.561262,132.421112,33.035027,-0.166716,0.431124,0.517316,-0.720224,21.224903,114.933441,31.415051,-0.002067,0.221342,0.659758,-0.718139,18.931244,136.848618,20.357155,0.053477,0.926707,0.136448,0.346028,-4.583971,86.159576,8.014572,0.105445,0.97019,-0.010824,0.217936,-4.753695,51.498569,-2.484807,-0.032998,0.942541,0.045751,0.329292,-14.658237,5.244631,-3.665738,-0.090099,0.89737,-0.106684,0.418601,8.391567,87.02713,21.745909,-0.006302,0.909212,-0.146263,0.389745,11.01324,52.222813,31.412224,-0.01958,0.893393,0.013778,0.448638,6.16083,6.93382,44.229515,-0.032998,0.942541,0.045751,0.329292,-5.328868,0.668868,-15.110889,-0.01958,0.893393,0.013778,0.448638,17.814428,1.392817,35.717346
545,4.541667,-0.027926,0.918144,0.006776,0.395205,1.906641,86.593651,14.881351,-0.124635,0.904963,0.148186,0.378879,1.46749,94.334801,14.806686,-0.021793,0.921794,0.000892,0.387067,-5.606646,113.702187,18.444788,0.07189,0.949427,0.08339,0.294052,-6.474997,134.930008,18.121265,0.004037,0.9842,0.024177,0.175357,-4.114345,149.451035,19.523926,-0.105248,0.756057,0.130303,0.632709,-9.489742,129.246674,15.825668,-0.745298,0.062616,0.502887,-0.433261,-12.497226,129.344116,-0.877385,-0.652363,-0.578062,0.185825,0.453582,-1.674696,117.570793,-16.349934,0.211773,0.279001,-0.641847,-0.682161,6.298691,145.586731,-7.78995,-0.099258,0.92054,0.017291,0.377432,-4.240941,129.542999,21.181206,0.439445,0.89371,0.09031,0.003682,7.561105,132.422958,33.032955,-0.166813,0.431252,0.517369,-0.720086,21.21805,114.930046,31.41321,-0.002004,0.221469,0.659771,-0.718088,18.932482,136.847626,20.356131,0.053454,0.926744,0.136472,0.345925,-4.580837,86.159393,8.015436,0.105483,0.970008,-0.010995,0.218716,-4.749541,51.498688,-2.484959,-0.032905,0.942551,0.045768,0.329272,-14.660107,5.245855,-3.658943,-0.090093,0.897389,-0.106694,0.41856,8.394119,87.027908,21.747267,-0.006265,0.909201,-0.146244,0.389778,11.015515,52.223648,31.413889,-0.019667,0.893386,0.013825,0.448646,6.160096,6.9341,44.228081,-0.032905,0.942551,0.045768,0.329272,-5.332109,0.669625,-15.105028,-0.019667,0.893386,0.013825,0.448646,17.814962,1.395474,35.716091
546,4.55,-0.027939,0.918114,0.006759,0.395274,1.910811,86.595016,14.882686,-0.124656,0.904939,0.148114,0.378957,1.471582,94.336159,14.807653,-0.021886,0.921754,0.0009,0.387156,-5.602395,113.703827,18.442066,0.071936,0.949392,0.083375,0.294157,-6.474521,134.931458,18.117249,0.00389,0.984183,0.024126,0.175461,-4.112442,149.452225,19.520245,-0.105185,0.756049,0.13015,0.632762,-9.487794,129.247467,15.821369,-0.745413,0.062982,0.502736,-0.433186,-12.49348,129.343491,-0.882016,-0.652426,-0.578071,0.185906,0.453446,-1.666243,117.562317,-16.345289,0.211884,0.279123,-0.641791,-0.682129,6.304651,145.581528,-7.793733,-0.099284,0.920542,0.017347,0.377418,-4.240085,129.545013,21.177908,0.439354,0.893754,0.090314,0.003839,7.562129,132.42511,33.029461,-0.166768,0.431325,0.517262,-0.72013,21.222582,114.934311,31.416264,-0.002012,0.221573,0.65978,-0.718048,18.934706,136.84816,20.35392,0.053522,0.926726,0.136419,0.345983,-4.575623,86.160423,8.015803,0.105488,0.970155,-0.010851,0.218069,-4.749552,51.499176,-2.482753,-0.032804,0.942545,0.045828,0.329292,-14.658378,5.246148,-3.663496,-0.090112,0.897301,-0.106651,0.418756,8.397243,87.02961,21.749569,-0.006253,0.909181,-0.146268,0.389817,11.019066,52.224945,31.414583,-0.019894,0.893403,0.013771,0.448605,6.161258,6.936038,44.23011,-0.032804,0.942545,0.045828,0.329292,-5.330752,0.67056,-15.110141,-0.019894,0.893403,0.013771,0.448605,17.817423,1.398976,35.71888
547,4.558333,-0.027981,0.918106,0.006814,0.395288,1.91518,86.595192,14.883394,-0.124582,0.904968,0.148069,0.378931,1.475025,94.336281,14.808891,-0.022166,0.921745,0.000705,0.387163,-5.597138,113.7099,18.443949,0.071991,0.949364,0.083547,0.294186,-6.476974,134.937042,18.106873,0.003913,0.984184,0.024106,0.175457,-4.11484,149.45726,19.515305,-0.105347,0.755964,0.13012,0.632842,-9.488111,129.250626,15.814179,-0.745499,0.062835,0.502637,-0.433173,-12.489192,129.342514,-0.89006,-0.652438,-0.578151,0.185709,0.453407,-1.656701,117.568138,-16.354849,0.211991,0.27924,-0.641841,-0.682001,6.313042,145.585114,-7.794815,-0.099083,0.920523,0.017382,0.377515,-4.240672,129.553177,21.170702,0.43933,0.893771,0.09026,0.004042,7.560433,132.426422,33.025024,-0.166818,0.431462,0.517237,-0.720054,21.221786,114.935478,31.421066,-0.00174,0.221679,0.659742,-0.71805,18.938307,136.850311,20.355789,0.053582,0.926722,0.136385,0.345998,-4.570992,86.160294,8.016282,0.105502,0.970192,-0.010837,0.2179,-4.749697,51.498856,-2.481524,-0.032905,0.942534,0.045906,0.329301,-14.659654,5.246061,-3.662034,-0.090109,0.897322,-0.106702,0.418699,8.401351,87.030083,21.750507,-0.006177,0.909268,-0.146287,0.389608,11.022038,52.226162,31.418526,-0.019825,0.893398,0.013773,0.448618,6.159904,6.937713,44.234032,-0.032905,0.942534,0.045906,0.329301,-5.330606,0.673674,-15.1088,-0.019825,0.893398,0.013773,0.448618,17.815613,1.399804,35.722729
548,4.566667,-0.028029,0.918083,0.006827,0.395337,1.920094,86.595222,14.884853,-0.124746,0.904912,0.147962,0.379051,1.47918,94.336273,14.810212,-0.021976,0.921703,0.000837,0.387271,-5.596544,113.705589,18.436905,0.071757,0.949364,0.083315,0.294309,-6.471104,134.93306,18.108017,0.003767,0.984147,0.024114,0.175667,-4.113482,149.454803,19.508379,-0.105383,0.75593,0.1301,0.632881,-9.483115,129.248291,15.8124,-0.745559,0.062842,0.502623,-0.433086,-12.482246,129.339127,-0.892186,-0.652443,-0.57811,0.185737,0.453441,-1.649173,117.566589,-16.35795,0.212001,0.279245,-0.641752,-0.68208,6.322845,145.583237,-7.799017,-0.09928,0.920491,0.017296,0.377545,-4.23681,129.547455,21.170221,0.439309,0.893779,0.09028,0.004118,7.562184,132.427795,33.024906,-0.166755,0.431517,0.517194,-0.720067,21.224318,114.937225,31.423676,-0.00167,0.221898,0.659697,-0.718024,18.940994,136.849777,20.354319,0.05363,0.926734,0.136364,0.345967,-4.565299,86.159607,8.017058,0.105561,0.970156,-0.010863,0.21803,-4.74806,51.498108,-2.480492,-0.033013,0.942484,0.045868,0.32944,-14.663799,5.246565,-3.661249,-0.090075,0.897309,-0.106718,0.41873,8.405486,87.030838,21.752647,-0.006185,0.909216,-0.146287,0.389728,11.023167,52.226723,31.420786,-0.01985,0.893418,0.013838,0.448574,6.160037,6.938264,44.235878,-0.033013,0.942484,0.045868,0.32944,-5.330442,0.674286,-15.104535,-0.01985,0.893418,0.013838,0.448574,17.815485,1.402364,35.722923
549,4.575,-0.028017,0.918076,0.006769,0.395356,1.923632,86.594406,14.886514,-0.124782,0.9049,0.147938,0.379078,1.483248,94.33548,14.811109,-0.022064,0.92168,0.000754,0.387323,-5.593665,113.705025,18.436186,0.071748,0.949366,0.083222,0.29433,-6.470285,134.932343,18.102535,0.003682,0.984151,0.024139,0.175645,-4.112121,149.454254,19.500259,-0.105384,0.755847,0.129978,0.633005,-9.481469,129.246765,15.807815,-0.745562,0.062822,0.502589,-0.433123,-12.47528,129.335785,-0.897744,-0.652422,-0.578126,0.185755,0.453444,-1.640558,117.563713,-16.362726,0.211948,0.279182,-0.641843,-0.682037,6.329953,145.580795,-7.803762,-0.099227,0.920476,0.017122,0.377603,-4.235815,129.547623,21.166183,0.439176,0.893821,0.090486,0.004457,7.562052,132.428482,33.021881,-0.166717,0.431673,0.517017,-0.720109,21.229246,114.940956,31.430622,-0.001728,0.222432,0.659484,-0.718054,18.943558,136.848679,20.352436,0.053641,0.926697,0.1364,0.34605,-4.56149,86.158577,8.018468,0.105622,0.969954,-0.011062,0.218885,-4.743158,51.497887,-2.481796,-0.03297,0.942521,0.045898,0.329334,-14.667437,5.247962,-3.654297,-0.090058,0.897339,-0.106723,0.418667,8.408753,87.030243,21.754559,-0.006146,0.909205,-0.146268,0.389761,11.025855,52.225983,31.42234,-0.019663,0.893436,0.013899,0.448545,6.159614,6.936953,44.234276,-0.03297,0.942521,0.045898,0.329334,-5.336963,0.676024,-15.100084,-0.019663,0.893436,0.013899,0.448545,17.812883,1.400126,35.718925
550,4.583333,-0.02809,0.918044,0.006753,0.395425,1.929652,86.591835,14.887452,-0.124859,0.904864,0.14794,0.379137,1.488322,94.332848,14.811333,-0.022052,0.921648,0.000652,0.3874,-5.592812,113.704575,18.435284,0.071757,0.949344,0.083205,0.294404,-6.467246,134.931915,18.097794,0.003586,0.984143,0.024101,0.175694,-4.108669,149.453766,19.495378,-0.105375,0.755815,0.129908,0.633059,-9.478604,129.246262,15.803544,-0.745569,0.062787,0.502572,-0.433135,-12.470161,129.334366,-0.902414,-0.652443,-0.578116,0.185733,0.453435,-1.634505,117.563507,-16.367651,0.211993,0.279133,-0.641862,-0.682024,6.337163,145.580215,-7.808598,-0.099101,0.920476,0.017531,0.377619,-4.233843,129.547516,21.16276,0.4389,0.893961,0.090441,0.004466,7.564461,132.419159,33.020248,-0.166784,0.431699,0.51678,-0.720248,21.242428,114.939835,31.431385,-0.001792,0.222659,0.659687,-0.717797,18.945574,136.846237,20.348129,0.053793,0.92666,0.136324,0.346155,-4.554352,86.154625,8.018446,0.105582,0.970036,-0.010972,0.218544,-4.746903,51.493622,-2.480557,-0.032957,0.942497,0.046061,0.329382,-14.666149,5.242717,-3.656959,-0.090041,0.897317,-0.106709,0.418721,8.413654,87.029045,21.756458,-0.0061,0.909224,-0.146303,0.389706,11.029533,52.22435,31.422993,-0.019797,0.893471,0.013855,0.44847,6.158789,6.93624,44.236435,-0.032957,0.942497,0.046061,0.329382,-5.33424,0.675201,-15.103329,-0.019797,0.893471,0.013855,0.44847,17.811798,1.400026,35.720341
551,4.591667,-0.028094,0.918023,0.006691,0.395475,1.934254,86.590775,14.887409,-0.12481,0.904887,0.148021,0.379067,1.493255,94.331795,14.810371,-0.022301,0.921655,0.000319,0.387368,-5.588398,113.706848,18.439371,0.071882,0.949292,0.083373,0.294494,-6.467095,134.933746,18.084782,0.003531,0.984119,0.0241,0.175832,-4.106463,149.454681,19.48848,-0.105401,0.755765,0.129825,0.633131,-9.477431,129.245621,15.795274,-0.745607,0.062899,0.502394,-0.433261,-12.465694,129.331787,-0.911289,-0.652462,-0.578183,0.185795,0.453297,-1.622687,117.557732,-16.36894,0.212008,0.279049,-0.641925,-0.681995,6.342906,145.577896,-7.815548,-0.099207,0.920432,0.01712,0.377717,-4.232462,129.552261,21.153984,0.439272,0.893805,0.090172,0.004683,7.562617,132.432281,33.012653,-0.166467,0.432012,0.516956,-0.720008,21.225988,114.94043,31.436134,-0.001845,0.222428,0.659841,-0.717727,18.951607,136.840851,20.341249,0.05385,0.926665,0.136354,0.346121,-4.549007,86.153061,8.01773,0.105615,0.969987,-0.011065,0.218742,-4.745014,51.493095,-2.484637,-0.033047,0.94247,0.046023,0.329455,-14.668926,5.243048,-3.655247,-0.090037,0.897251,-0.106725,0.41886,8.417514,87.028488,21.757088,-0.006107,0.909205,-0.146297,0.389751,11.031101,52.223976,31.424908,-0.019897,0.893465,0.013848,0.448478,6.16055,6.935698,44.23785,-0.033047,0.94247,0.046023,0.329455,-5.334468,0.675422,-15.099499,-0.019897,0.893465,0.013848,0.448478,17.814697,1.400628,35.722561
552,4.6,-0.02814,0.918011,0.006682,0.395499,1.938881,86.589798,14.888438,-0.125008,0.904821,0.147915,0.379201,1.497289,94.33078,14.810973,-0.022055,0.921609,0.000515,0.387492,-5.589397,113.701653,18.431055,0.07178,0.949329,0.082935,0.294522,-6.461653,134.929001,18.088028,0.003376,0.984118,0.024171,0.175829,-4.10008,149.451035,19.478588,-0.105317,0.755764,0.129777,0.633157,-9.473107,129.243057,15.794596,-0.745707,0.06289,0.502413,-0.433067,-12.460895,129.33046,-0.912048,-0.652444,-0.578126,0.185849,0.453373,-1.618701,117.560371,-16.373304,0.212121,0.279102,-0.641898,-0.681963,6.349627,145.580032,-7.820753,-0.099318,0.920417,0.016868,0.377736,-4.229413,129.545135,21.15481,0.439193,0.893835,0.090253,0.004814,7.564436,132.431808,33.013088,-0.166427,0.432112,0.51693,-0.719975,21.230814,114.94194,31.440521,-0.001536,0.222713,0.659643,-0.717821,18.959518,136.839325,20.342155,0.053893,0.926624,0.136309,0.346241,-4.543973,86.15123,8.01843,0.105669,0.970024,-0.011012,0.218554,-4.742657,51.4907,-2.482029,-0.033093,0.942442,0.046072,0.329522,-14.670608,5.241614,-3.656653,-0.090039,0.897284,-0.106719,0.41879,8.421735,87.028374,21.758448,-0.00606,0.909174,-0.146304,0.389821,11.036385,52.223797,31.425751,-0.019889,0.893491,0.013834,0.448428,6.160564,6.935677,44.237244,-0.033093,0.942442,0.046072,0.329522,-5.333964,0.675847,-15.099871,-0.019889,0.893491,0.013834,0.448428,17.81361,1.400109,35.720779
553,4.608333,-0.028251,0.917988,0.006782,0.395543,1.94723,86.590103,14.88913,-0.124983,0.90484,0.147937,0.379154,1.503441,94.330963,14.81239,-0.022327,0.921608,0.000258,0.387479,-5.583732,113.705231,18.434731,0.071727,0.94931,0.083017,0.294573,-6.462416,134.932083,18.077192,0.003467,0.984103,0.024176,0.175911,-4.103026,149.454269,19.469816,-0.105525,0.755688,0.129739,0.63322,-9.472173,129.243652,15.787681,-0.745791,0.062913,0.502247,-0.433112,-12.455737,129.325409,-0.919747,-0.652457,-0.578203,0.185866,0.45325,-1.606275,117.556511,-16.376795,0.212315,0.279059,-0.642012,-0.681813,6.356301,145.57872,-7.827247,-0.099069,0.920427,0.017376,0.377753,-4.228515,129.55098,21.147635,0.439036,0.893934,0.090036,0.004685,7.566557,132.423386,33.00816,-0.166732,0.432162,0.516717,-0.720028,21.23912,114.938377,31.435389,-0.00159,0.223058,0.659754,-0.717612,18.958694,136.840195,20.338266,0.053996,0.926618,0.136297,0.346246,-4.534838,86.150368,8.018456,0.105701,0.970172,-0.010924,0.217887,-4.74063,51.490402,-2.483746,-0.03304,0.942441,0.046136,0.329522,-14.670497,5.241781,-3.660305,-0.089993,0.897277,-0.106801,0.418794,8.429298,87.029831,21.759806,-0.006034,0.909175,-0.146287,0.389826,11.038447,52.225937,31.431034,-0.019857,0.893497,0.013842,0.448415,6.16096,6.937316,44.240093,-0.03304,0.942441,0.046136,0.329522,-5.334199,0.677257,-15.104292,-0.019857,0.893497,0.013842,0.448415,17.813488,1.401547,35.723042
554,4.616667,-0.028294,0.917967,0.00678,0.39559,1.952928,86.589676,14.889508,-0.12492,0.904864,0.147943,0.379115,1.508548,94.330505,14.812449,-0.022511,0.921616,0.000125,0.387448,-5.576765,113.706818,18.436644,0.071755,0.949315,0.082925,0.294578,-6.460473,134.933319,18.070913,0.003423,0.9841,0.024193,0.175926,-4.099499,149.455475,19.461201,-0.105596,0.755621,0.129697,0.633297,-9.469017,129.243286,15.783784,-0.745716,0.062797,0.502214,-0.433296,-12.448735,129.322937,-0.924334,-0.652573,-0.578262,0.185744,0.453058,-1.597124,117.554649,-16.380344,0.212635,0.279097,-0.642033,-0.681678,6.364065,145.577744,-7.832395,-0.09898,0.920405,0.017327,0.377833,-4.225131,129.553955,21.143318,0.439026,0.893936,0.090065,0.004773,7.568494,132.424088,33.005817,-0.16667,0.432223,0.516705,-0.720014,21.241432,114.939095,31.43601,-0.001501,0.22319,0.659709,-0.717613,18.96295,136.839508,20.335215,0.054037,0.926579,0.136354,0.346323,-4.528399,86.1492,8.018188,0.105771,0.969937,-0.011191,0.218884,-4.734582,51.490677,-2.48877,-0.033118,0.94244,0.0461,0.329523,-14.675051,5.244011,-3.652529,-0.090018,0.897316,-0.10686,0.41869,8.434257,87.030151,21.76083,-0.00591,0.909263,-0.146282,0.389624,11.044252,52.227486,31.436264,-0.019732,0.893459,0.013892,0.448496,6.159095,6.938586,44.241436,-0.033118,0.94244,0.0461,0.329523,-5.338057,0.679272,-15.095861,-0.019732,0.893459,0.013892,0.448496,17.812092,1.402472,35.725262
555,4.625,-0.028324,0.917932,0.00678,0.395668,1.958259,86.588448,14.889071,-0.125025,0.904781,0.14792,0.379289,1.51346,94.329247,14.811783,-0.02238,0.921537,0.000156,0.387644,-5.576012,113.70459,18.431973,0.071676,0.949287,0.082697,0.294752,-6.455019,134.93132,18.069397,0.003244,0.984071,0.024154,0.176099,-4.094237,149.454147,19.453188,-0.105638,0.755575,0.129609,0.633363,-9.463821,129.24234,15.780059,-0.74581,0.06287,0.502123,-0.433229,-12.44043,129.319458,-0.92863,-0.652621,-0.57827,0.185794,0.452956,-1.585168,117.55172,-16.382494,0.212852,0.27926,-0.641981,-0.681592,6.374266,145.577087,-7.840412,-0.099171,0.920385,0.016679,0.377861,-4.222119,129.55098,21.141846,0.43916,0.893849,0.090252,0.005082,7.569517,132.435303,33.002892,-0.166085,0.432081,0.516855,-0.720127,21.237064,114.945374,31.441143,-0.001238,0.22306,0.660125,-0.717272,18.960442,136.837738,20.330616,0.05409,0.926535,0.136335,0.346439,-4.521863,86.147476,8.01664,0.105844,0.969911,-0.011222,0.218961,-4.730816,51.489006,-2.490427,-0.033096,0.942385,0.046149,0.329674,-14.678463,5.243871,-3.653594,-0.090144,0.897569,-0.107016,0.418081,8.43838,87.029419,21.761501,-0.005604,0.909534,-0.146276,0.388999,11.058235,52.230816,31.448874,-0.019804,0.893472,0.013798,0.44847,6.155813,6.941408,44.245644,-0.033096,0.942385,0.046149,0.329674,-5.337954,0.680354,-15.094545,-0.019804,0.893472,0.013798,0.44847,17.808619,1.403817,35.730164
556,4.633333,-0.02833,0.917911,0.006714,0.395717,1.963381,86.586487,14.888915,-0.124968,0.904822,0.147915,0.379211,1.518903,94.327293,14.810637,-0.022562,0.921567,-1e-05,0.387562,-5.568555,113.704613,18.432478,0.071745,0.949306,0.08261,0.294697,-6.451989,134.931,18.060513,0.003247,0.98408,0.024206,0.176039,-4.088566,149.453598,19.442238,-0.105641,0.755513,0.129613,0.633436,-9.460004,129.240356,15.774231,-0.745693,0.062869,0.502099,-0.433458,-12.433458,129.318024,-0.93502,-0.652709,-0.578308,0.185726,0.452809,-1.577115,117.545959,-16.384838,0.212947,0.279164,-0.642086,-0.681503,6.381226,145.572372,-7.845175,-0.098967,0.920371,0.017098,0.377929,-4.217471,129.55249,21.135006,0.439169,0.893878,0.089939,0.004868,7.573791,132.424988,32.999302,-0.166226,0.432139,0.516862,-0.720055,21.2411,114.935097,31.435141,-0.001132,0.22286,0.660216,-0.717249,18.967039,136.831909,20.326441,0.054057,0.926538,0.136333,0.346437,-4.516006,86.144936,8.015827,0.10591,0.969997,-0.011174,0.21855,-4.722782,51.48616,-2.490254,-0.033064,0.9424,0.046203,0.329629,-14.675949,5.242247,-3.655038,-0.090124,0.897408,-0.10704,0.418426,8.442768,87.028038,21.762005,-0.005676,0.909405,-0.146228,0.389317,11.056875,52.229546,31.451338,-0.019786,0.893493,0.013853,0.448428,6.157884,6.938892,44.24501,-0.033064,0.9424,0.046203,0.329629,-5.33669,0.679865,-15.097467,-0.019786,0.893493,0.013853,0.448428,17.809967,1.40245,35.727791
557,4.641667,-0.028291,0.917893,0.006582,0.395763,1.966949,86.583969,14.889563,-0.124983,0.9048,0.147915,0.37926,1.52384,94.324837,14.809624,-0.022549,0.921539,-0.000118,0.38763,-5.564144,113.701332,18.430681,0.071625,0.949311,0.082511,0.294737,-6.445251,134.92775,18.054617,0.003196,0.984079,0.024163,0.176052,-4.084307,149.451096,19.432663,-0.105557,0.755527,0.129528,0.633451,-9.453528,129.237015,15.768946,-0.745703,0.062936,0.502014,-0.433529,-12.426946,129.315033,-0.940306,-0.65275,-0.578336,0.185758,0.452703,-1.567172,117.54081,-16.386063,0.213007,0.27921,-0.642135,-0.681419,6.388477,145.569427,-7.851075,-0.099074,0.92034,0.017016,0.377981,-4.211771,129.549576,21.130451,0.439447,0.893769,0.089674,0.004711,7.577439,132.426315,32.99575,-0.166202,0.432294,0.516956,-0.7199,21.233923,114.928162,31.429377,-0.001303,0.222896,0.660117,-0.717329,18.971281,136.82486,20.318779,0.054141,0.926497,0.136306,0.346544,-4.511796,86.142128,8.01589,0.105879,0.970053,-0.011113,0.218317,-4.723664,51.48349,-2.490546,-0.033195,0.942411,0.046225,0.329581,-14.673037,5.238828,-3.657882,-0.089985,0.897236,-0.106882,0.418864,8.445694,87.025818,21.763235,-0.005892,0.909126,-0.146283,0.389944,11.051033,52.223057,31.439585,-0.019577,0.893502,0.014014,0.448413,6.15982,6.934142,44.242393,-0.033195,0.942411,0.046225,0.329581,-5.333564,0.678381,-15.100904,-0.019577,0.893502,0.014014,0.448413,17.81024,1.399094,35.722
558,4.65,-0.028243,0.91788,0.006416,0.395799,1.970746,86.581284,14.891211,-0.125149,0.904777,0.147847,0.379286,1.529343,94.322227,14.809176,-0.022441,0.921531,-0.000192,0.387656,-5.564752,113.700165,18.425217,0.071586,0.949315,0.082504,0.294737,-6.440407,134.926788,18.048006,0.003143,0.984089,0.024049,0.176011,-4.080466,149.450348,19.425522,-0.105766,0.755421,0.129489,0.63355,-9.450005,129.236694,15.76245,-0.745643,0.06289,0.501961,-0.4337,-12.417648,129.309326,-0.947852,-0.652753,-0.578396,0.185765,0.452618,-1.555261,117.533997,-16.390921,0.212921,0.279229,-0.642206,-0.681372,6.39601,145.564362,-7.857589,-0.099235,0.920315,0.016506,0.378022,-4.208485,129.548203,21.12425,0.439681,0.89366,0.089601,0.004935,7.578586,132.436432,32.988884,-0.165934,0.432412,0.517057,-0.719818,21.22584,114.930252,31.431919,-0.001265,0.222854,0.660198,-0.717268,18.973566,136.821823,20.313812,0.054144,0.926476,0.136367,0.346576,-4.507501,86.139038,8.017095,0.105972,0.970093,-0.011131,0.218094,-4.717647,51.481617,-2.49343,-0.03317,0.942402,0.046208,0.329611,-14.676044,5.238843,-3.658772,-0.089965,0.897254,-0.106873,0.418831,8.448993,87.023529,21.765326,-0.005895,0.909067,-0.146314,0.390069,11.053694,52.220379,31.440443,-0.019768,0.893534,0.014021,0.448341,6.159841,6.932333,44.245308,-0.03317,0.942402,0.046208,0.329611,-5.336165,0.677668,-15.101175,-0.019768,0.893534,0.014021,0.448341,17.810888,1.399958,35.724033
559,4.658333,-0.028279,0.917853,0.006348,0.395862,1.977188,86.580765,14.891518,-0.125193,0.904766,0.147797,0.379316,1.535692,94.321693,14.808265,-0.022465,0.921516,-0.000272,0.387691,-5.559191,113.699196,18.421343,0.071647,0.949289,0.082566,0.294788,-6.434438,134.925781,18.040565,0.002986,0.984091,0.023844,0.176032,-4.073344,149.448914,19.420544,-0.10573,0.75543,0.129418,0.633559,-9.443958,129.235367,15.755709,-0.745556,0.062826,0.501826,-0.434016,-12.411467,129.307388,-0.954621,-0.652815,-0.578455,0.185756,0.452456,-1.542705,117.529953,-16.391602,0.212767,0.279159,-0.642251,-0.681406,6.404632,145.562775,-7.862659,-0.099245,0.920304,0.016449,0.378048,-4.202855,129.547653,21.11787,0.439718,0.893634,0.089665,0.00509,7.583482,132.436844,32.982998,-0.165825,0.432515,0.517071,-0.719771,21.229193,114.929047,31.430773,-0.001267,0.222891,0.660049,-0.717394,18.982132,136.817902,20.307646,0.054167,0.926468,0.136381,0.346587,-4.500084,86.137405,8.016557,0.106028,0.970297,-0.010989,0.217164,-4.711318,51.480438,-2.495408,-0.033098,0.942383,0.046278,0.329662,-14.673037,5.238497,-3.665324,-0.090105,0.897328,-0.107014,0.418606,8.454461,87.024132,21.766478,-0.005623,0.909287,-0.146253,0.389584,11.066207,52.224983,31.454082,-0.019501,0.893536,0.014096,0.448347,6.158021,6.934938,44.24641,-0.033098,0.942383,0.046278,0.329662,-5.332469,0.678567,-15.107658,-0.019501,0.893536,0.014096,0.448347,17.806786,1.400975,35.723045
560,4.666667,-0.028305,0.917821,0.006239,0.395935,1.982652,86.579445,14.893082,-0.125394,0.904733,0.147509,0.379442,1.541466,94.320374,14.808083,-0.022103,0.921506,7.1e-05,0.387735,-5.553902,113.690712,18.404589,0.071349,0.949334,0.082132,0.294837,-6.420623,134.917969,18.043186,0.002754,0.984061,0.023804,0.176207,-4.064087,149.443222,19.408556,-0.105662,0.755433,0.129532,0.633545,-9.432254,129.23085,15.752901,-0.745539,0.062876,0.501964,-0.433878,-12.400882,129.307022,-0.95721,-0.652776,-0.578406,0.185794,0.45256,-1.538559,117.528389,-16.397806,0.212786,0.279191,-0.642234,-0.681403,6.411415,145.560074,-7.867649,-0.099505,0.920245,0.016226,0.378133,-4.191417,129.536148,21.115728,0.439658,0.893622,0.09007,0.005309,7.590989,132.436096,32.98214,-0.16554,0.432455,0.517116,-0.719841,21.238974,114.929977,31.430964,-0.001174,0.22301,0.659845,-0.717544,18.991772,136.814072,20.302349,0.054238,0.926427,0.136451,0.346658,-4.493501,86.134842,8.017144,0.106065,0.970291,-0.011065,0.217172,-4.706883,51.479828,-2.50121,-0.033156,0.942396,0.046296,0.329618,-14.673522,5.238795,-3.665025,-0.090107,0.89733,-0.107007,0.418604,8.458805,87.024048,21.76902,-0.00558,0.909312,-0.146287,0.389513,11.070894,52.224827,31.456257,-0.019559,0.893582,0.014096,0.448252,6.158737,6.935686,44.250244,-0.033156,0.942396,0.046296,0.329618,-5.333363,0.679946,-15.108125,-0.019559,0.893582,0.014096,0.448252,17.806286,1.402433,35.724754
561,4.675,-0.028309,0.917755,0.006106,0.396089,1.988535,86.578163,14.894938,-0.125344,0.904743,0.147455,0.379456,1.548116,94.319107,14.807958,-0.022168,0.921506,-0.000116,0.387731,-5.547838,113.699341,18.404814,0.071344,0.949364,0.082238,0.294711,-6.414042,134.926483,18.035015,0.002867,0.984121,0.023619,0.175897,-4.058576,149.451675,19.402895,-0.105954,0.755403,0.129366,0.633565,-9.425808,129.238541,15.746978,-0.745491,0.062865,0.501993,-0.433928,-12.391473,129.303818,-0.963704,-0.652792,-0.578402,0.185759,0.452557,-1.530386,117.52404,-16.404293,0.212761,0.279169,-0.642297,-0.68136,6.420648,145.55513,-7.873155,-0.099246,0.920266,0.016333,0.378145,-4.184972,129.545822,21.10969,0.43989,0.893514,0.090011,0.005262,7.598856,132.436371,32.976974,-0.165349,0.432405,0.517358,-0.719741,21.237764,114.923325,31.424118,-0.000834,0.222854,0.660018,-0.717434,19.000587,136.810593,20.295679,0.054258,0.926396,0.136527,0.34671,-4.485301,86.132553,8.016887,0.106179,0.970302,-0.011116,0.217064,-4.697436,51.479195,-2.50697,-0.03313,0.942376,0.046284,0.329679,-14.675565,5.240557,-3.667369,-0.090123,0.897415,-0.106972,0.418426,8.462372,87.023773,21.772989,-0.005496,0.909314,-0.146353,0.389486,11.078526,52.224205,31.457897,-0.019576,0.893565,0.014018,0.448288,6.157101,6.936818,44.254536,-0.03313,0.942376,0.046284,0.329679,-5.33423,0.681129,-15.10928,-0.019576,0.893565,0.014018,0.448288,17.805145,1.40182,35.730858
562,4.683333,-0.028192,0.917685,0.005852,0.396263,1.991173,86.576584,14.895484,-0.125332,0.904736,0.147413,0.379492,1.553999,94.31768,14.805524,-0.022174,0.921504,-0.000224,0.387734,-5.54027,113.696548,18.40037,0.071384,0.949366,0.082244,0.294694,-6.404919,134.923691,18.026217,0.002693,0.98414,0.023449,0.175814,-4.048377,149.448654,19.394526,-0.105995,0.755441,0.129383,0.633509,-9.41707,129.235489,15.739301,-0.745494,0.062951,0.502046,-0.43385,-12.384833,129.299728,-0.971012,-0.652815,-0.57835,0.185727,0.452603,-1.526593,117.517815,-16.411968,0.212752,0.279164,-0.64225,-0.68141,6.428802,145.547302,-7.879649,-0.099034,0.920269,0.016625,0.378182,-4.176282,129.543488,21.10202,0.439784,0.893568,0.089999,0.005209,7.608031,132.423645,32.971348,-0.165402,0.432556,0.517219,-0.719738,21.251137,114.914001,31.417048,-0.000952,0.22323,0.659738,-0.717575,19.013237,136.799316,20.283201,0.05424,0.926356,0.136591,0.346795,-4.480175,86.131165,8.015079,0.106239,0.970323,-0.011162,0.216939,-4.688558,51.478935,-2.512552,-0.0332,0.942366,0.046207,0.329712,-14.673242,5.241603,-3.668665,-0.090186,0.897417,-0.106921,0.418423,8.46252,87.022003,21.77589,-0.005475,0.909239,-0.14637,0.389655,11.084363,52.222477,31.459404,-0.01964,0.893606,0.014136,0.448199,6.15807,6.935537,44.255722,-0.0332,0.942366,0.046207,0.329712,-5.330647,0.680744,-15.108974,-0.01964,0.893606,0.014136,0.448199,17.805634,1.404384,35.728897
563,4.691667,-0.028131,0.917593,0.005565,0.396487,1.995715,86.572617,14.89669,-0.125501,0.904684,0.147275,0.379613,1.5612,94.31382,14.802914,-0.021915,0.921488,-0.000169,0.387789,-5.535922,113.687599,18.387974,0.071082,0.949416,0.082122,0.294639,-6.391327,134.915222,18.020184,0.002677,0.984164,0.023322,0.175701,-4.04219,149.441971,19.382313,-0.105841,0.755582,0.129455,0.633353,-9.40569,129.229019,15.731202,-0.745463,0.06312,0.502048,-0.433875,-12.381287,129.297546,-0.977704,-0.652925,-0.578295,0.185693,0.452528,-1.524093,117.509499,-16.414719,0.212822,0.279144,-0.642115,-0.681523,6.435914,145.538879,-7.88637,-0.099203,0.920254,0.01634,0.378185,-4.165364,129.533112,21.094597,0.439878,0.893514,0.090071,0.005342,7.617736,132.42215,32.962978,-0.165191,0.43264,0.517253,-0.719711,21.257099,114.909279,31.412163,-0.000863,0.223649,0.659905,-0.717291,19.024586,136.790375,20.271313,0.054282,0.926278,0.136657,0.346969,-4.472352,86.126175,8.013267,0.106316,0.97031,-0.011257,0.216955,-4.67985,51.475586,-2.519767,-0.033162,0.942361,0.046255,0.329723,-14.6734,5.239993,-3.668898,-0.090223,0.89736,-0.106829,0.418561,8.463783,87.019058,21.780115,-0.005449,0.909154,-0.146408,0.389839,11.08936,52.218586,31.459219,-0.019625,0.893614,0.014174,0.448183,6.156895,6.932676,44.256805,-0.033162,0.942361,0.046255,0.329723,-5.330774,0.680119,-15.109581,-0.019625,0.893614,0.014174,0.448183,17.804182,1.402292,35.729099
564,4.7,-0.028131,0.917509,0.005375,0.396682,2.001791,86.567886,14.8975,-0.125402,0.904818,0.147207,0.379352,1.568454,94.309113,14.800928,-0.022228,0.921624,-0.000537,0.387447,-5.524203,113.68824,18.38784,0.071496,0.94943,0.082369,0.294426,-6.385928,134.915253,18.000832,0.002475,0.98421,0.023164,0.175465,-4.027401,149.439575,19.372665,-0.105793,0.755854,0.129298,0.633068,-9.400317,129.226059,15.719337,-0.745475,0.063154,0.50183,-0.434103,-12.388507,129.290222,-0.987338,-0.653158,-0.578269,0.185523,0.452295,-1.521727,117.50016,-16.416059,0.212879,0.279094,-0.641999,-0.681635,6.443901,145.529419,-7.89257,-0.099154,0.920302,0.015872,0.378103,-4.156217,129.536667,21.078669,0.440317,0.89331,0.089922,0.005765,7.629322,132.430389,32.943481,-0.164917,0.433124,0.517309,-0.719443,21.25127,114.90239,31.410589,-0.001009,0.224325,0.659793,-0.717182,19.042576,136.773758,20.253309,0.054251,0.92622,0.136821,0.347065,-4.463341,86.120071,8.011407,0.106466,0.970334,-0.011385,0.216765,-4.66347,51.472481,-2.531618,-0.033067,0.942374,0.046222,0.329699,-14.673469,5.240184,-3.670115,-0.090296,0.897344,-0.106762,0.418596,8.466924,87.015694,21.783594,-0.005417,0.909015,-0.14644,0.390152,11.098911,52.215153,31.460697,-0.019472,0.893605,0.014209,0.448207,6.158058,6.930092,44.258057,-0.033067,0.942374,0.046222,0.329699,-5.332469,0.678411,-15.111362,-0.019472,0.893605,0.014209,0.448207,17.804398,1.398601,35.729771
565,4.708333,-0.028134,0.917423,0.005184,0.396883,2.009448,86.564224,14.897511,-0.125503,0.904874,0.147094,0.379229,1.577265,94.305489,14.798101,-0.022185,0.92172,-0.000629,0.38722,-5.516186,113.68277,18.379711,0.071578,0.949529,0.08224,0.294121,-6.374789,134.909866,17.990007,0.002334,0.984286,0.023107,0.175047,-4.012922,149.434021,19.357807,-0.105817,0.755879,0.129394,0.633014,-9.391178,129.22081,15.710822,-0.745419,0.063318,0.502095,-0.433868,-12.381517,129.286102,-0.995463,-0.653195,-0.578131,0.185438,0.452453,-1.527526,117.490852,-16.42923,0.213023,0.279041,-0.641933,-0.681674,6.449721,145.515396,-7.901044,-0.098891,0.920362,0.016037,0.378018,-4.144413,129.531372,21.067543,0.440237,0.893338,0.09003,0.005698,7.645061,132.414993,32.930901,-0.164866,0.433186,0.517247,-0.719461,21.270164,114.889839,31.393579,-0.001085,0.224931,0.660118,-0.716693,19.060999,136.758881,20.231871,0.054327,0.926076,0.136945,0.347388,-4.452663,86.11499,8.008677,0.106602,0.970373,-0.0115,0.216518,-4.650993,51.470459,-2.544444,-0.032972,0.94232,0.046203,0.329864,-14.676007,5.241165,-3.672703,-0.090327,0.897175,-0.106743,0.418956,8.47156,87.013458,21.786345,-0.005402,0.908965,-0.14644,0.390267,11.102266,52.213032,31.464207,-0.019421,0.89363,0.014302,0.448156,6.158504,6.927958,44.260406,-0.032972,0.94232,0.046203,0.329864,-5.332045,0.67799,-15.110972,-0.019421,0.89363,0.014302,0.448156,17.803778,1.398155,35.72958
566,4.716667,-0.028154,0.917319,0.005087,0.397124,2.01845,86.561241,14.894727,-0.12564,0.90484,0.14697,0.379315,1.58661,94.302498,14.793704,-0.02197,0.921716,-0.000735,0.387243,-5.507573,113.672211,18.366329,0.071518,0.949591,0.082259,0.293933,-6.356014,134.899704,17.975988,0.002075,0.984366,0.023006,0.174615,-3.996019,149.424225,19.343132,-0.105732,0.756204,0.129622,0.632594,-9.375008,129.212021,15.69681,-0.745527,0.063541,0.502185,-0.433546,-12.383994,129.281372,-1.006112,-0.653278,-0.578007,0.185278,0.452557,-1.535285,117.483902,-16.441887,0.213147,0.279161,-0.641684,-0.68182,6.45428,145.503189,-7.908021,-0.09928,0.92047,0.015471,0.377676,-4.128364,129.520233,21.053789,0.441013,0.892992,0.089657,0.005849,7.667264,132.423828,32.906162,-0.164622,0.433674,0.517436,-0.719088,21.261866,114.874115,31.378937,-0.001508,0.225871,0.660468,-0.716073,19.083019,136.740295,20.202559,0.054406,0.925866,0.137073,0.347883,-4.440023,86.111015,8.002544,0.106684,0.970429,-0.011683,0.216218,-4.634696,51.469643,-2.561013,-0.032809,0.942361,0.046241,0.329758,-14.671204,5.242404,-3.671039,-0.090411,0.896975,-0.106741,0.419366,8.476922,87.011459,21.786911,-0.005431,0.90872,-0.146426,0.390843,11.1086,52.212097,31.468317,-0.019475,0.893609,0.014328,0.448195,6.159745,6.926665,44.261284,-0.032809,0.942361,0.046241,0.329758,-5.331296,0.678563,-15.112354,-0.019475,0.893609,0.014328,0.448195,17.806444,1.398251,35.731499
567,4.725,-0.028111,0.917246,0.004965,0.397297,2.024126,86.559715,14.89069,-0.125798,0.904877,0.14684,0.379224,1.593668,94.301033,14.788118,-0.021762,0.921801,-0.000893,0.387052,-5.505072,113.67347,18.354563,0.071412,0.949709,0.082272,0.293573,-6.342861,134.901352,17.961622,0.001996,0.984466,0.022892,0.174064,-3.986005,149.426544,19.326963,-0.105805,0.756545,0.129534,0.632192,-9.365686,129.21489,15.684475,-0.74567,0.064104,0.502257,-0.433134,-12.391403,129.277481,-1.015455,-0.65337,-0.577792,0.185277,0.4527,-1.549077,117.468727,-16.447102,0.213177,0.279107,-0.641561,-0.681949,6.455644,145.484268,-7.915121,-0.099126,0.920795,0.01595,0.376903,-4.116687,129.521164,21.039257,0.441216,0.89291,0.089453,0.006123,7.699785,132.415314,32.873165,-0.164552,0.434096,0.517289,-0.718955,21.286266,114.858078,31.360022,-0.001598,0.227002,0.660555,-0.715636,19.117723,136.720413,20.167074,0.054318,0.925679,0.137274,0.348316,-4.431798,86.109383,7.996128,0.106869,0.970416,-0.011912,0.216171,-4.610481,51.471306,-2.578529,-0.032579,0.942354,0.046192,0.329808,-14.668467,5.248308,-3.670813,-0.09054,0.896608,-0.10671,0.420131,8.48005,87.010056,21.785254,-0.005429,0.908605,-0.146427,0.39111,11.112774,52.211899,31.470728,-0.019286,0.893643,0.014509,0.44813,6.15994,6.926489,44.262218,-0.032579,0.942354,0.046192,0.329808,-5.329777,0.680805,-15.111664,-0.019286,0.893643,0.014509,0.44813,17.804327,1.400224,35.727886
568,4.733333,-0.028204,0.917223,0.004922,0.397344,2.034136,86.556038,14.884374,-0.126015,0.904881,0.146785,0.379162,1.602632,94.297287,14.78059,-0.021562,0.921851,-0.000917,0.386943,-5.501762,113.664391,18.341177,0.071691,0.949847,0.08175,0.293202,-6.331371,134.892624,17.950682,0.001719,0.984585,0.022968,0.173381,-3.962314,149.41713,19.302303,-0.10554,0.756838,0.129703,0.631851,-9.356954,129.207581,15.673651,-0.745608,0.064398,0.50247,-0.432951,-12.399208,129.278061,-1.023237,-0.65356,-0.577547,0.185107,0.452807,-1.568107,117.459717,-16.455414,0.21314,0.279089,-0.641258,-0.682253,6.457623,145.468765,-7.921824,-0.098977,0.920974,0.015331,0.376529,-4.106562,129.511246,21.027214,0.441719,0.892689,0.089203,0.005873,7.720463,132.409485,32.849567,-0.164422,0.434761,0.51752,-0.718416,21.287325,114.837708,31.329336,-0.001705,0.228245,0.660695,-0.715111,19.159075,136.697052,20.123001,0.054175,0.925542,0.137602,0.348572,-4.420975,86.103783,7.989178,0.107118,0.970685,-0.011975,0.21483,-4.578628,51.471127,-2.603533,-0.032585,0.942348,0.046066,0.329843,-14.661984,5.253321,-3.681279,-0.090585,0.896344,-0.106804,0.42066,8.489248,87.008301,21.77957,-0.005426,0.908498,-0.146428,0.391357,11.116232,52.212189,31.47398,-0.019431,0.893615,0.014418,0.448182,6.159673,6.926808,44.264137,-0.032585,0.942348,0.046066,0.329843,-5.32274,0.682405,-15.12031,-0.019431,0.893615,0.014418,0.448182,17.806107,1.40013,35.732864
569,4.741667,-0.028302,0.917229,0.004828,0.397324,2.041405,86.549568,14.878577,-0.126156,0.905002,0.14659,0.378903,1.609082,94.290741,14.772858,-0.021457,0.922002,-0.000989,0.386588,-5.497697,113.661751,18.326473,0.071951,0.949996,0.081477,0.292733,-6.322184,134.890167,17.935211,0.001513,0.9847,0.022915,0.172737,-3.943619,149.413788,19.279604,-0.105488,0.757263,0.129596,0.631372,-9.350968,129.205765,15.66088,-0.745424,0.064519,0.502581,-0.433119,-12.41412,129.271652,-1.032205,-0.653819,-0.577382,0.184872,0.45274,-1.588699,117.443909,-16.461166,0.213096,0.278882,-0.640835,-0.682749,6.453871,145.448273,-7.928041,-0.098642,0.921205,0.014931,0.37607,-4.096387,129.508438,21.010389,0.442233,0.892445,0.089105,0.005655,7.744623,132.402283,32.819813,-0.164139,0.435442,0.517811,-0.717858,21.291378,114.815773,31.290749,-0.001623,0.229955,0.661196,-0.7141,19.207207,136.670715,20.067373,0.053961,0.925456,0.138147,0.348618,-4.413912,86.094894,7.983732,0.107387,0.970859,-0.012247,0.213893,-4.54272,51.471436,-2.639412,-0.032403,0.942336,0.045895,0.329918,-14.65696,5.259702,-3.687862,-0.090676,0.896039,-0.106876,0.421272,8.496722,87.004242,21.773422,-0.005459,0.908151,-0.146416,0.392166,11.120632,52.210445,31.476942,-0.019265,0.893519,0.014591,0.448374,6.155965,6.924767,44.26292,-0.032403,0.942336,0.045895,0.329918,-5.318186,0.682227,-15.124657,-0.019265,0.893519,0.014591,0.448374,17.805162,1.400395,35.733925
570,4.75,-0.028267,0.917328,0.004673,0.397099,2.042226,86.542229,14.869883,-0.126151,0.90519,0.146453,0.378508,1.611332,94.283455,14.762287,-0.021389,0.922196,-0.001152,0.386128,-5.492218,113.657784,18.31432,0.072171,0.950189,0.081266,0.29211,-6.311533,134.886307,17.918201,0.001323,0.984853,0.022835,0.171875,-3.925148,149.409241,19.256258,-0.105461,0.757799,0.129619,0.630728,-9.344056,129.202087,15.648392,-0.74532,0.064682,0.502727,-0.433105,-12.435002,129.264404,-1.039582,-0.654014,-0.577186,0.184636,0.452803,-1.617041,117.429077,-16.467958,0.213008,0.278655,-0.640435,-0.683244,6.444553,145.426727,-7.930801,-0.098351,0.9215,0.014518,0.375437,-4.0841,129.504822,20.992611,0.442891,0.892128,0.089016,0.005567,7.774992,132.396179,32.784485,-0.163694,0.436456,0.518189,-0.717071,21.295864,114.790138,31.250984,-0.001023,0.232483,0.661406,-0.713087,19.274893,136.633255,20.002207,0.053499,0.925468,0.13888,0.348367,-4.416502,86.086937,7.978276,0.107676,0.97078,-0.012763,0.214076,-4.49836,51.474583,-2.681448,-0.031997,0.942393,0.045628,0.329833,-14.649038,5.269957,-3.690366,-0.090775,0.895722,-0.107001,0.421892,8.500955,86.997528,21.76149,-0.005623,0.907686,-0.146375,0.393255,11.120638,52.206959,31.47772,-0.019287,0.89346,0.014634,0.448489,6.156219,6.920323,44.260395,-0.031997,0.942393,0.045628,0.329833,-5.317035,0.6809,-15.128043,-0.019287,0.89346,0.014634,0.448489,17.808039,1.397404,35.734047
571,4.758333,-0.028298,0.917563,0.004463,0.396557,2.043455,86.536041,14.864551,-0.126126,0.905477,0.146212,0.377924,1.613337,94.27726,14.754035,-0.021533,0.922438,-0.001354,0.385541,-5.482786,113.653198,18.301834,0.072603,0.950399,0.081066,0.291376,-6.304705,134.881454,17.895969,0.001176,0.985029,0.022789,0.170869,-3.904731,149.402557,19.229349,-0.105466,0.758359,0.12983,0.630011,-9.339525,129.195755,15.632874,-0.745326,0.065102,0.502998,-0.432717,-12.461123,129.257339,-1.049395,-0.654104,-0.577,0.184363,0.453022,-1.657716,117.411514,-16.479921,0.213081,0.278534,-0.639993,-0.683684,6.423031,145.399887,-7.930379,-0.098012,0.921929,0.014195,0.374484,-4.072863,129.501724,20.970301,0.443419,0.891914,0.088553,0.005153,7.812763,132.388443,32.736565,-0.163291,0.437586,0.518335,-0.716368,21.312984,114.767395,31.193607,-0.000622,0.235513,0.662139,-0.711411,19.348221,136.597626,19.911171,0.052951,0.92551,0.139847,0.347951,-4.423373,86.078453,7.980698,0.10802,0.971075,-0.01304,0.212544,-4.448477,51.481403,-2.728882,-0.031568,0.942409,0.045188,0.329889,-14.637462,5.284471,-3.70326,-0.09096,0.895035,-0.107012,0.423305,8.510283,86.993622,21.748404,-0.005782,0.907073,-0.146425,0.394645,11.126149,52.205666,31.475002,-0.018902,0.893367,0.014792,0.448687,6.153903,6.920582,44.260139,-0.031568,0.942409,0.045188,0.329889,-5.309594,0.678899,-15.13767,-0.018902,0.893367,0.014792,0.448687,17.806276,1.396703,35.735172
572,4.766667,-0.028201,0.917966,0.004097,0.395634,2.039025,86.529388,14.861674,-0.126013,0.905891,0.145797,0.377128,1.612421,94.270752,14.746968,-0.021697,0.922762,-0.001412,0.384756,-5.468092,113.647202,18.286516,0.072645,0.950688,0.080837,0.290483,-6.29583,134.875137,17.876366,0.001135,0.985212,0.022669,0.169832,-3.892936,149.396622,19.200411,-0.105386,0.75915,0.130082,0.629019,-9.333112,129.188126,15.619944,-0.74537,0.065443,0.503354,-0.432176,-12.497674,129.249908,-1.054233,-0.654137,-0.576801,0.183971,0.453387,-1.712173,117.397926,-16.492554,0.213207,0.278347,-0.639747,-0.683952,6.391273,145.372818,-7.92046,-0.097757,0.922553,0.013966,0.373021,-4.057474,129.496796,20.948345,0.444008,0.891677,0.088022,0.004598,7.866979,132.381241,32.675831,-0.162229,0.438625,0.518478,-0.715871,21.344208,114.743805,31.118975,-0.000297,0.238558,0.66313,-0.709471,19.431778,136.550095,19.785473,0.052263,0.925489,0.141172,0.347577,-4.441748,86.070457,7.991033,0.108408,0.971336,-0.013456,0.211121,-4.391111,51.495129,-2.788388,-0.031161,0.942458,0.0445,0.329882,-14.625003,5.307186,-3.717428,-0.091241,0.894117,-0.107037,0.425174,8.519797,86.988327,21.732315,-0.006085,0.906061,-0.146389,0.396972,11.13254,52.20446,31.474377,-0.018836,0.893193,0.014872,0.449033,6.15486,6.918707,44.255032,-0.031161,0.942458,0.0445,0.329882,-5.303226,0.678369,-15.147427,-0.018836,0.893193,0.014872,0.449033,17.813517,1.396138,35.737797
573,4.775,-0.028,0.918628,0.003648,0.394112,2.029926,86.524834,14.859578,-0.125842,0.906417,0.145251,0.37613,1.608743,94.266418,14.740417,-0.021803,0.923132,-0.001406,0.383861,-5.448464,113.63784,18.267958,0.072182,0.951107,0.080256,0.289385,-6.280828,134.865601,17.857128,0.001333,0.985416,0.022786,0.168625,-3.8862,149.390625,19.156927,-0.105396,0.760055,0.13044,0.627849,-9.321445,129.17778,15.607203,-0.745279,0.065679,0.503967,-0.431582,-12.535855,129.238525,-1.057437,-0.653967,-0.576714,0.183497,0.453936,-1.779209,117.380478,-16.511221,0.213037,0.27836,-0.639265,-0.68445,6.34097,145.338989,-7.901638,-0.097433,0.923141,0.013726,0.371657,-4.035558,129.487961,20.925348,0.44403,0.891639,0.08832,0.003968,7.925516,132.367889,32.616592,-0.16065,0.439932,0.51834,-0.715524,21.402096,114.732727,31.028784,-0.000365,0.242951,0.663726,-0.70742,19.539591,136.497665,19.617235,0.051417,0.925629,0.142826,0.346653,-4.473778,86.065582,8.010662,0.108708,0.971711,-0.013836,0.20921,-4.334846,51.517921,-2.856339,-0.030432,0.942542,0.043653,0.329823,-14.605318,5.33714,-3.736261,-0.091526,0.893073,-0.107151,0.427274,8.53363,86.984085,21.708494,-0.006392,0.905083,-0.146394,0.399191,11.13808,52.205753,31.472525,-0.018407,0.89297,0.015099,0.449487,6.155226,6.920502,44.252914,-0.030432,0.942542,0.043653,0.329823,-5.294564,0.67746,-15.162695,-0.018407,0.89297,0.015099,0.449487,17.819162,1.398229,35.742729
574,4.783333,-0.02771,0.919628,0.00291,0.391801,2.015064,86.516724,14.858916,-0.125863,0.907107,0.145116,0.374508,1.602191,94.258636,14.732049,-0.021844,0.923695,-0.001898,0.3825,-5.441943,113.616272,18.264095,0.070962,0.951634,0.079795,0.288081,-6.268528,134.843872,17.834522,0.001989,0.985589,0.022946,0.167584,-3.904457,149.376373,19.106503,-0.105065,0.761024,0.130712,0.626673,-9.317583,129.154831,15.599176,-0.745295,0.065657,0.504895,-0.430472,-12.584419,129.221268,-1.055245,-0.653703,-0.5767,0.182649,0.454674,-1.869305,117.37101,-16.543829,0.213365,0.27909,-0.638598,-0.684673,6.270697,145.304581,-7.872188,-0.097262,0.923642,0.012992,0.370482,-4.016059,129.468567,20.901524,0.443803,0.891771,0.088185,0.002506,7.975743,132.354523,32.559753,-0.158498,0.441438,0.518244,-0.715146,21.461731,114.731552,30.917484,9.6e-05,0.247509,0.665115,-0.704529,19.660423,136.440353,19.409704,0.05049,0.925666,0.144979,0.345797,-4.5233,86.056343,8.043158,0.108993,0.971914,-0.014495,0.208071,-4.277295,51.54673,-2.942176,-0.029669,0.942565,0.042629,0.329961,-14.587476,5.373568,-3.75514,-0.091809,0.891856,-0.107329,0.429702,8.553429,86.977097,21.674675,-0.006708,0.90404,-0.146577,0.401475,11.143712,52.205296,31.465668,-0.017939,0.892826,0.015413,0.449779,6.148601,6.925523,44.260689,-0.029669,0.942565,0.042629,0.329961,-5.283913,0.677878,-15.17269,-0.017939,0.892826,0.015413,0.449779,17.814791,1.40525,35.752296
575,4.791667,-0.027341,0.920897,0.001877,0.388842,1.987593,86.503426,14.862889,-0.125435,0.908048,0.144288,0.372687,1.58581,94.245735,14.724822,-0.02222,0.924305,-0.002128,0.381002,-5.414851,113.595093,18.243279,0.069538,0.952211,0.07946,0.286609,-6.253177,134.821945,17.799921,0.002728,0.985782,0.023169,0.166402,-3.926606,149.362793,19.045483,-0.105026,0.762181,0.131332,0.625141,-9.306643,129.1297,15.578827,-0.745324,0.065482,0.505837,-0.42934,-12.638864,129.199371,-1.062621,-0.653416,-0.577068,0.181128,0.455228,-1.965109,117.362297,-16.589781,0.214337,0.280327,-0.638115,-0.684314,6.182708,145.264496,-7.824997,-0.097292,0.924278,0.012674,0.368896,-3.988209,129.450134,20.86381,0.443391,0.892066,0.087304,0.000802,8.043193,132.343811,32.47924,-0.156421,0.443815,0.517269,-0.714838,21.545675,114.738083,30.788338,-0.000781,0.253699,0.665745,-0.701726,19.799133,136.367538,19.148474,0.049301,0.925785,0.147566,0.344551,-4.594845,86.041054,8.08982,0.109167,0.972218,-0.015138,0.206506,-4.218033,51.577663,-3.036024,-0.028859,0.942651,0.041527,0.329927,-14.557804,5.409903,-3.776642,-0.092164,0.890786,-0.107502,0.431798,8.57003,86.965805,21.635958,-0.00684,0.903395,-0.146746,0.402859,11.154419,52.201427,31.454853,-0.017933,0.89259,0.015282,0.450254,6.144564,6.926492,44.261234,-0.028859,0.942651,0.041527,0.329927,-5.266315,0.675493,-15.188031,-0.017933,0.89259,0.015282,0.450254,17.819067,1.402896,35.766407
576,4.8,-0.02667,0.92258,0.000697,0.384883,1.945211,86.490479,14.857891,-0.124779,0.909238,0.143273,0.370391,1.559483,94.233398,14.708677,-0.0227,0.925055,-0.002209,0.379149,-5.381673,113.570404,18.212254,0.06798,0.952862,0.079268,0.284867,-6.238438,134.796326,17.759666,0.003509,0.986,0.023298,0.165072,-3.954468,149.345978,18.980957,-0.105102,0.763975,0.131714,0.622855,-9.296285,129.100357,15.554169,-0.745415,0.065303,0.506563,-0.428352,-12.724813,129.159531,-1.067743,-0.653348,-0.577747,0.179119,0.455259,-2.082737,117.336548,-16.627342,0.216115,0.282162,-0.636699,-0.684319,6.061394,145.208145,-7.762315,-0.097805,0.92522,0.012834,0.366384,-3.957026,129.428116,20.817663,0.44265,0.892516,0.086464,-0.000601,8.133679,132.340118,32.366745,-0.153932,0.446391,0.515586,-0.71499,21.6654,114.760376,30.639601,-0.001696,0.261894,0.665911,-0.69855,19.946899,136.290588,18.834478,0.047853,0.925877,0.150374,0.343293,-4.695834,86.030228,8.142136,0.109219,0.972471,-0.015773,0.205236,-4.165882,51.617249,-3.132506,-0.028028,0.942799,0.040178,0.329742,-14.523602,5.452427,-3.802264,-0.092575,0.889818,-0.107921,0.433598,8.586256,86.950737,21.573648,-0.006934,0.902895,-0.146961,0.4039,11.16351,52.198399,31.436943,-0.017324,0.892353,0.015478,0.45074,6.138687,6.929564,44.259029,-0.028028,0.942799,0.040178,0.329742,-5.248759,0.672265,-15.208117,-0.017324,0.892353,0.015478,0.45074,17.817072,1.40309,35.771416
577,4.808333,-0.026007,0.924598,-0.000681,0.380055,1.893788,86.477814,14.848707,-0.124254,0.910751,0.142169,0.367262,1.524903,94.221275,14.685655,-0.022982,0.926154,-0.002292,0.376437,-5.355867,113.541077,18.174175,0.066686,0.953672,0.07919,0.282473,-6.223722,134.766434,17.716322,0.004135,0.986293,0.023401,0.163281,-3.97628,149.323517,18.916645,-0.104921,0.765807,0.132529,0.620457,-9.292144,129.068192,15.531503,-0.745539,0.065563,0.507589,-0.42688,-12.823145,129.131989,-1.068927,-0.653397,-0.578555,0.17654,0.455171,-2.228903,117.313683,-16.664694,0.218961,0.284633,-0.634922,-0.684042,5.914174,145.146805,-7.678645,-0.09839,0.926257,0.012813,0.363598,-3.922327,129.400604,20.763523,0.441528,0.893299,0.084029,-0.003085,8.233507,132.335922,32.238106,-0.151874,0.449749,0.512903,-0.715256,21.80896,114.794579,30.464327,-0.003041,0.271746,0.665492,-0.695173,20.103817,136.203094,18.470535,0.046075,0.92642,0.153461,0.340694,-4.817765,86.018166,8.203373,0.109184,0.972656,-0.016428,0.204327,-4.122549,51.661037,-3.231476,-0.027142,0.942873,0.03874,0.329776,-14.490214,5.497479,-3.830524,-0.092966,0.889186,-0.108518,0.434659,8.605341,86.937469,21.494043,-0.006883,0.902788,-0.147358,0.403996,11.176414,52.199753,31.41028,-0.016625,0.892115,0.01543,0.451239,6.130728,6.94192,44.262947,-0.027142,0.942873,0.03874,0.329776,-5.227691,0.668665,-15.225889,-0.016625,0.892115,0.01543,0.451239,17.811144,1.40513,35.784859
578,4.816667,-0.025359,0.927017,-0.002075,0.374155,1.827878,86.45639,14.837233,-0.123388,0.912461,0.140537,0.363924,1.47535,94.200302,14.660255,-0.023021,0.927256,-0.002447,0.373711,-5.326643,113.519073,18.122107,0.065461,0.954405,0.079957,0.280057,-6.194928,134.744324,17.660082,0.004348,0.986606,0.023277,0.161392,-3.989138,149.307465,18.864077,-0.10479,0.768747,0.132968,0.616739,-9.276731,129.045456,15.495814,-0.745347,0.065559,0.507833,-0.426924,-12.964812,129.094666,-1.070477,-0.654089,-0.579968,0.17316,0.453675,-2.38158,117.271408,-16.669966,0.222073,0.288187,-0.632661,-0.683646,5.733914,145.075775,-7.570698,-0.098658,0.927454,0.012394,0.360475,-3.876242,129.379578,20.69606,0.440066,0.894306,0.080735,-0.006368,8.354555,132.333801,32.085812,-0.149663,0.453233,0.509864,-0.715695,21.986021,114.842224,30.251232,-0.003526,0.282063,0.664854,-0.691663,20.283579,136.121063,18.05291,0.044245,0.927084,0.157001,0.337504,-4.968467,85.997108,8.278613,0.108883,0.972946,-0.017079,0.20305,-4.101481,51.707626,-3.345967,-0.026192,0.942948,0.037348,0.329801,-14.454985,5.539927,-3.865629,-0.093563,0.888605,-0.109117,0.435569,8.624223,86.915665,21.395851,-0.006574,0.902942,-0.147988,0.403425,11.203733,52.195454,31.371044,-0.016496,0.891709,0.014957,0.452061,6.115575,6.954855,44.267548,-0.026192,0.942948,0.037348,0.329801,-5.205639,0.663165,-15.251279,-0.016496,0.891709,0.014957,0.452061,17.807899,1.404428,35.814823
579,4.825,-0.024955,0.929523,-0.003448,0.367903,1.753702,86.429337,14.809325,-0.122202,0.914441,0.139077,0.359892,1.413642,94.173447,14.617247,-0.023384,0.928654,-0.00259,0.370201,-5.298151,113.492607,18.068441,0.06356,0.955318,0.08034,0.277261,-6.180254,134.717117,17.598364,0.005119,0.986867,0.023453,0.159739,-4.032124,149.290009,18.788769,-0.105003,0.771494,0.133542,0.613138,-9.275525,129.015274,15.461347,-0.745312,0.065854,0.508361,-0.426314,-13.112424,129.04483,-1.071157,-0.654396,-0.581589,0.169713,0.452458,-2.554756,117.215691,-16.683502,0.224905,0.29293,-0.630038,-0.683127,5.518146,144.987808,-7.448862,-0.099165,0.929156,0.012153,0.355931,-3.836103,129.355591,20.620449,0.437858,0.895699,0.076895,-0.009541,8.501783,132.336334,31.887133,-0.147562,0.456995,0.505817,-0.71661,22.217257,114.915237,30.008442,-0.003043,0.294091,0.662667,-0.688748,20.482044,136.043701,17.581676,0.0422,0.928461,0.160478,0.332306,-5.130762,85.966644,8.343508,0.108347,0.972831,-0.018077,0.203799,-4.10604,51.744293,-3.464621,-0.025262,0.942953,0.03645,0.329958,-14.429431,5.568889,-3.889996,-0.094071,0.888911,-0.110184,0.434566,8.638167,86.892021,21.275143,-0.006375,0.90297,-0.148519,0.40317,11.226829,52.195663,31.330645,-0.016013,0.891403,0.014544,0.452695,6.104995,6.969702,44.265129,-0.025262,0.942953,0.03645,0.329958,-5.188571,0.658143,-15.267926,-0.016013,0.891403,0.014544,0.452695,17.802286,1.402453,35.83036
580,4.833333,-0.024864,0.932387,-0.004487,0.360577,1.683564,86.393761,14.766449,-0.12096,0.916762,0.137727,0.354889,1.349132,94.137817,14.562527,-0.023956,0.930381,-0.002952,0.365798,-5.270346,113.461304,18.015192,0.061176,0.956444,0.080215,0.273932,-6.171615,134.68457,17.526079,0.006055,0.987115,0.024079,0.158075,-4.091003,149.269913,18.683254,-0.104619,0.77515,0.133582,0.608567,-9.282958,128.977829,15.425745,-0.745336,0.065779,0.508407,-0.426226,-13.312125,128.984573,-1.060981,-0.654845,-0.583532,0.165791,0.450756,-2.75612,117.158951,-16.677113,0.228404,0.297173,-0.627239,-0.682709,5.259195,144.899323,-7.298037,-0.100011,0.931118,0.011862,0.350538,-3.795303,129.328568,20.532808,0.434979,0.897501,0.071373,-0.01385,8.666184,132.348358,31.652096,-0.146155,0.461473,0.500848,-0.717518,22.489006,115.018501,29.71727,-0.001928,0.306843,0.658869,-0.68683,20.711143,135.982269,17.049162,0.039954,0.930236,0.164018,0.325825,-5.301921,85.924713,8.410371,0.107796,0.972859,-0.01896,0.203875,-4.123113,51.772224,-3.58418,-0.025054,0.942932,0.035697,0.330118,-14.413306,5.58866,-3.918427,-0.094306,0.88984,-0.111719,0.432216,8.669048,86.862808,21.122528,-0.006233,0.903088,-0.14924,0.402641,11.249887,52.194321,31.275692,-0.015469,0.891144,0.014198,0.453235,6.096033,6.988499,44.267715,-0.025054,0.942932,0.035697,0.330118,-5.173007,0.655105,-15.286941,-0.015469,0.891144,0.014198,0.453235,17.796179,1.405317,35.847446
581,4.841667,-0.024795,0.935414,-0.005988,0.352632,1.59959,86.355484,14.719123,-0.119346,0.919547,0.136395,0.348692,1.272653,94.09935,14.496662,-0.024707,0.932607,-0.003543,0.360031,-5.236137,113.428688,17.964302,0.058937,0.957605,0.080797,0.27017,-6.16112,134.650238,17.445873,0.006561,0.987294,0.024377,0.156885,-4.150003,149.246338,18.59026,-0.104618,0.778902,0.134348,0.603587,-9.293361,128.936951,15.394966,-0.745292,0.066266,0.508735,-0.425837,-13.527456,128.923508,-1.040322,-0.655081,-0.58533,0.162243,0.449371,-2.989176,117.084457,-16.658249,0.230473,0.302622,-0.624578,-0.682059,4.969193,144.793945,-7.140407,-0.101534,0.933421,0.01223,0.3439,-3.743423,129.301956,20.433266,0.431428,0.899608,0.065103,-0.018391,8.864143,132.376175,31.371494,-0.144599,0.465795,0.495048,-0.719065,22.817387,115.157005,29.385237,1.7e-05,0.319904,0.653708,-0.685804,20.954069,135.933578,16.459824,0.03743,0.932652,0.167282,0.317453,-5.493119,85.876915,8.483644,0.10685,0.972871,-0.020253,0.204194,-4.175201,51.788574,-3.67777,-0.02495,0.94316,0.035719,0.329472,-14.403936,5.590582,-3.877872,-0.094568,0.891082,-0.113252,0.429191,8.692298,86.834053,20.954601,-0.006098,0.903285,-0.150091,0.401886,11.275384,52.194141,31.204262,-0.014381,0.890872,0.013866,0.453815,6.088387,7.012266,44.266216,-0.02495,0.94316,0.035719,0.329472,-5.180041,0.656357,-15.259411,-0.014381,0.890872,0.013866,0.453815,17.786551,1.406306,35.858337
582,4.85,-0.0246,0.938568,-0.007503,0.344135,1.511301,86.316475,14.657897,-0.11775,0.922503,0.135321,0.341777,1.193283,94.060173,14.417408,-0.02533,0.935089,-0.004097,0.353483,-5.209844,113.401749,17.914646,0.058082,0.958819,0.081841,0.265697,-6.15484,134.621796,17.371347,0.006367,0.987638,0.024185,0.154744,-4.178197,149.221878,18.525141,-0.104828,0.783005,0.134878,0.598099,-9.311974,128.90303,15.374613,-0.744868,0.066649,0.50931,-0.425832,-13.768411,128.855179,-1.00172,-0.65523,-0.586983,0.159158,0.448099,-3.258419,116.993904,-16.621851,0.231471,0.308455,-0.622684,-0.680839,4.642489,144.678009,-6.983031,-0.10299,0.936079,0.012738,0.336137,-3.692387,129.280273,20.334192,0.426902,0.902086,0.05836,-0.024293,9.084262,132.407349,31.059166,-0.143484,0.470096,0.488524,-0.720949,23.199154,115.332092,28.975138,0.002453,0.333751,0.646882,-0.685674,21.219809,135.914291,15.790489,0.034606,0.935644,0.170508,0.307081,-5.693565,85.830994,8.552903,0.105936,0.973502,-0.020477,0.201623,-4.246276,51.806866,-3.772499,-0.025188,0.943103,0.035386,0.329652,-14.396564,5.591342,-3.907293,-0.094617,0.89241,-0.114727,0.426016,8.716166,86.801964,20.76289,-0.006154,0.903081,-0.151065,0.401977,11.291997,52.18708,31.098577,-0.0138,0.890309,0.013333,0.454953,6.071321,7.033038,44.243111,-0.025188,0.943103,0.035386,0.329652,-5.166909,0.650376,-15.281235,-0.0138,0.890309,0.013333,0.454953,17.782173,1.405979,35.86705
583,4.858333,-0.024433,0.9418,-0.008727,0.335172,1.419301,86.269157,14.576014,-0.115878,0.925708,0.134808,0.333861,1.107818,94.012672,14.32155,-0.026173,0.937915,-0.005071,0.34584,-5.188352,113.379433,17.881714,0.056188,0.960334,0.082106,0.260498,-6.15701,134.59726,17.294924,0.006864,0.987971,0.024549,0.152524,-4.23855,149.206833,18.426323,-0.105087,0.78737,0.135476,0.592159,-9.342139,128.870865,15.365646,-0.743911,0.06698,0.509979,-0.426651,-14.03673,128.785355,-0.943851,-0.654802,-0.588691,0.156955,0.447261,-3.55907,116.884682,-16.555731,0.230491,0.312699,-0.621162,-0.680625,4.262225,144.553482,-6.808661,-0.104374,0.939062,0.013676,0.327235,-3.642977,129.26564,20.232182,0.421362,0.904901,0.051062,-0.031632,9.324371,132.440689,30.711365,-0.14414,0.474941,0.481004,-0.722697,23.630138,115.543816,28.47999,0.004585,0.349007,0.636798,-0.687504,21.519255,135.936447,15.055229,0.031442,0.939234,0.172864,0.294906,-5.900862,85.778656,8.610167,0.104973,0.974317,-0.020026,0.19821,-4.347374,51.797981,-3.821711,-0.026223,0.942981,0.035791,0.329877,-14.401949,5.561501,-3.944294,-0.09466,0.894349,-0.116696,0.42138,8.739464,86.759659,20.541861,-0.006292,0.903174,-0.152104,0.401375,11.309789,52.17836,30.990738,-0.012928,0.890037,0.012876,0.455523,6.070066,7.054296,44.230301,-0.026223,0.942981,0.035791,0.329877,-5.155052,0.642103,-15.313575,-0.012928,0.890037,0.012876,0.455523,17.780254,1.404124,35.868885
584,4.866667,-0.024332,0.945073,-0.009645,0.325811,1.331224,86.221169,14.481385,-0.113817,0.929149,0.13504,0.324795,1.023349,93.9645,14.217093,-0.027447,0.941105,-0.00656,0.336935,-5.164287,113.353264,17.877415,0.053944,0.961968,0.082222,0.254846,-6.168061,134.567444,17.222073,0.007498,0.988233,0.024852,0.150738,-4.317093,149.188019,18.323643,-0.104977,0.792065,0.135954,0.585773,-9.382434,128.829773,15.376641,-0.742824,0.067315,0.510949,-0.427331,-14.333158,128.710632,-0.856732,-0.653879,-0.590137,0.15551,0.44721,-3.901591,116.768227,-16.467615,0.227935,0.316377,-0.620934,-0.679994,3.836943,144.397934,-6.625325,-0.10611,0.942257,0.01505,0.317278,-3.593042,129.250656,20.133242,0.414461,0.908122,0.043474,-0.040588,9.579729,132.482361,30.335224,-0.144947,0.47939,0.472773,-0.725025,24.1134,115.810646,27.893024,0.005729,0.363203,0.626636,-0.689477,21.827988,135.997726,14.22897,0.028402,0.942884,0.175068,0.281983,-6.106049,85.72686,8.662508,0.103884,0.975072,-0.019682,0.195077,-4.470057,51.788555,-3.874119,-0.027567,0.94279,0.036332,0.330254,-14.419389,5.529263,-3.97575,-0.094629,0.896497,-0.11848,0.416294,8.768497,86.715485,20.300262,-0.006568,0.903116,-0.153533,0.400956,11.340742,52.164162,30.847359,-0.012373,0.889876,0.012055,0.455876,6.076352,7.081753,44.21838,-0.027567,0.94279,0.036332,0.330254,-5.148117,0.638361,-15.337472,-0.012373,0.889876,0.012055,0.455876,17.783195,1.403325,35.871441
585,4.875,-0.024236,0.948332,-0.010583,0.316176,1.239176,86.179855,14.379356,-0.111608,0.93274,0.135516,0.31492,0.93464,93.922966,14.10488,-0.029391,0.944492,-0.007968,0.32712,-5.13505,113.324829,17.878466,0.053118,0.963564,0.082158,0.248945,-6.203961,134.533447,17.150064,0.007261,0.988487,0.024842,0.149074,-4.37933,149.159164,18.227026,-0.104507,0.797106,0.136439,0.578865,-9.441827,128.780045,15.397032,-0.741429,0.067717,0.511868,-0.42859,-14.668963,128.633286,-0.749232,-0.653022,-0.591474,0.154567,0.447023,-4.281621,116.635666,-16.347254,0.224949,0.31945,-0.621266,-0.679248,3.373777,144.242264,-6.436466,-0.108225,0.945763,0.01728,0.305813,-3.556266,129.235809,20.030813,0.405828,0.911853,0.036248,-0.050132,9.843614,132.530762,29.911751,-0.146022,0.483312,0.463828,-0.727977,24.653908,116.142891,27.222696,0.007761,0.37726,0.615425,-0.692002,22.146126,136.108536,13.327301,0.025043,0.946797,0.176786,0.267758,-6.315169,85.681908,8.713616,0.102921,0.976094,-0.018746,0.190514,-4.603898,51.774387,-3.896035,-0.029158,0.942466,0.036921,0.330976,-14.448924,5.492839,-4.020004,-0.094589,0.898636,-0.120007,0.411224,8.793522,86.677811,20.045097,-0.006911,0.903097,-0.155243,0.400335,11.375837,52.152306,30.673977,-0.012012,0.889731,0.010754,0.4562,6.085065,7.120302,44.203503,-0.029158,0.942466,0.036921,0.330976,-5.142473,0.6345,-15.366928,-0.012012,0.889731,0.010754,0.4562,17.787582,1.403945,35.876404
586,4.883333,-0.023552,0.951546,-0.01144,0.306389,1.134686,86.13842,14.267606,-0.108946,0.936512,0.135915,0.304309,0.8415,93.881744,13.986892,-0.031629,0.948089,-0.008984,0.316302,-5.085489,113.294914,17.8778,0.051214,0.965502,0.081404,0.241985,-6.239045,134.496994,17.090681,0.007984,0.988839,0.025248,0.146618,-4.467505,149.133133,18.113237,-0.104035,0.802624,0.136949,0.571154,-9.497409,128.726501,15.434426,-0.739647,0.06776,0.5131,-0.430185,-15.028912,128.547211,-0.609793,-0.652502,-0.592747,0.153644,0.446414,-4.698017,116.493629,-16.20216,0.223087,0.322758,-0.621174,-0.678382,2.880604,144.09166,-6.240787,-0.110368,0.949336,0.020291,0.293543,-3.509417,129.219238,19.93117,0.39599,0.915708,0.027585,-0.062528,10.124185,132.573578,29.46636,-0.148534,0.487387,0.454079,-0.730892,25.223404,116.512909,26.432064,0.008528,0.39102,0.60302,-0.695268,22.47481,136.261154,12.325415,0.02091,0.950874,0.178019,0.252408,-6.535509,85.648308,8.759004,0.102247,0.977505,-0.01788,0.183602,-4.720984,51.758705,-3.88435,-0.030311,0.942313,0.037516,0.33124,-14.490059,5.461064,-4.006926,-0.094757,0.900821,-0.121354,0.405974,8.80488,86.62854,19.776207,-0.007271,0.903157,-0.1571,0.399468,11.419185,52.128895,30.480957,-0.011083,0.889583,0.009942,0.45653,6.101731,7.152256,44.183113,-0.030311,0.942313,0.037516,0.33124,-5.163835,0.630935,-15.349666,-0.011083,0.889583,0.009942,0.45653,17.796513,1.402986,35.867805
587,4.891667,-0.022772,0.954866,-0.01231,0.295907,1.029794,86.107704,14.151804,-0.106607,0.94026,0.136034,0.293328,0.749076,93.851265,13.865026,-0.033863,0.951656,-0.009416,0.305149,-5.03752,113.263405,17.855215,0.050221,0.967286,0.080382,0.235316,-6.284907,134.458939,17.035297,0.007671,0.989088,0.025296,0.144938,-4.539165,149.101852,18.003603,-0.103559,0.808772,0.137853,0.562281,-9.560515,128.672256,15.472153,-0.737755,0.068545,0.513647,-0.43265,-15.436728,128.460327,-0.448632,-0.652896,-0.594251,0.15251,0.444222,-5.135581,116.319862,-15.993197,0.223034,0.326674,-0.62061,-0.67704,2.352746,143.92894,-6.033113,-0.113072,0.952839,0.022953,0.280688,-3.470701,129.199081,19.826012,0.384096,0.919992,0.017808,-0.075946,10.39296,132.637466,28.992397,-0.150989,0.490982,0.443353,-0.734559,25.822384,116.97168,25.578552,0.010707,0.404216,0.590854,-0.698131,22.778635,136.480301,11.246387,0.016735,0.954698,0.179392,0.236832,-6.760478,85.627594,8.813468,0.101447,0.979171,-0.016274,0.175121,-4.840368,51.762169,-3.878973,-0.032039,0.942151,0.037368,0.331556,-14.510468,5.443913,-4.052157,-0.094734,0.90306,-0.122539,0.400616,8.820065,86.587822,19.490141,-0.007932,0.902855,-0.159267,0.399279,11.460919,52.108799,30.254629,-0.010323,0.889495,0.008479,0.45675,6.120662,7.198015,44.162334,-0.032039,0.942151,0.037368,0.331556,-5.159559,0.62735,-15.380324,-0.010323,0.889495,0.008479,0.45675,17.803976,1.401508,35.863728
588,4.9,-0.022154,0.958164,-0.012828,0.285073,0.931819,86.078522,14.017947,-0.104753,0.943983,0.136581,0.281547,0.659338,93.822311,13.729393,-0.035483,0.955401,-0.009686,0.293012,-5.01209,113.246307,17.835611,0.047972,0.96935,0.079019,0.227629,-6.332123,134.436844,17.000513,0.008511,0.989431,0.025193,0.142546,-4.647325,149.091644,17.894352,-0.103251,0.815378,0.138079,0.55266,-9.632102,128.638748,15.533945,-0.735494,0.068935,0.51458,-0.43532,-15.874592,128.371353,-0.245982,-0.654241,-0.595765,0.15042,0.440915,-5.618562,116.145897,-15.75373,0.226256,0.331647,-0.618935,-0.675084,1.794931,143.762054,-5.807232,-0.11565,0.956793,0.026482,0.265464,-3.435003,129.190155,19.730536,0.371076,0.924366,0.015794,-0.087188,10.690863,132.70752,28.456043,-0.15122,0.492304,0.433664,-0.739395,26.476271,117.503716,24.608507,0.012183,0.41721,0.577018,-0.702024,23.089481,136.736481,10.081252,0.012662,0.958076,0.180445,0.222195,-6.978022,85.60791,8.857554,0.100982,0.980442,-0.014759,0.168277,-4.952583,51.761269,-3.868547,-0.033904,0.941792,0.037113,0.332416,-14.557135,5.42967,-4.107319,-0.094533,0.905399,-0.123618,0.395011,8.841661,86.549141,19.178339,-0.008971,0.902121,-0.161658,0.399955,11.504292,52.086605,29.990166,-0.009918,0.889557,0.00634,0.456673,6.151451,7.250089,44.130699,-0.033904,0.941792,0.037113,0.332416,-5.167542,0.625557,-15.408746,-0.009918,0.889557,0.00634,0.456673,17.817873,1.39384,35.850296
589,4.908333,-0.02125,0.961474,-0.014203,0.273706,0.821624,86.065033,13.905686,-0.102366,0.947773,0.136717,0.269361,0.565062,93.808853,13.603717,-0.037886,0.959047,-0.009724,0.280533,-4.954405,113.224541,17.810032,0.046243,0.971317,0.0775,0.219996,-6.382567,134.407562,16.962063,0.008789,0.989731,0.02501,0.140463,-4.743892,149.071915,17.781513,-0.103975,0.822222,0.139644,0.541886,-9.695793,128.592743,15.59489,-0.733324,0.069435,0.515342,-0.437992,-16.333475,128.25943,-0.02165,-0.656306,-0.597455,0.147525,0.436516,-6.115458,115.948273,-15.48662,0.232491,0.337058,-0.616011,-0.672956,1.228329,143.589981,-5.557724,-0.118463,0.960556,0.030449,0.249741,-3.393914,129.179047,19.62751,0.356365,0.928838,0.008414,-0.100965,10.98456,132.783417,27.892757,-0.152689,0.4942,0.422305,-0.744386,27.130836,118.09037,23.585779,0.014681,0.429116,0.564216,-0.705198,23.36655,137.042267,8.835433,0.009313,0.960751,0.181778,0.209352,-7.209078,85.605118,8.934469,0.099946,0.981711,-0.013211,0.161495,-5.100669,51.788116,-3.856791,-0.035472,0.941589,0.036244,0.332925,-14.587874,5.432704,-4.156918,-0.094519,0.908177,-0.124221,0.388394,8.852326,86.524948,18.876904,-0.009695,0.90159,-0.164361,0.400034,11.575328,52.073032,29.707527,-0.008938,0.889444,0.004156,0.456937,6.180283,7.321185,44.098049,-0.035472,0.941589,0.036244,0.332925,-5.17265,0.621021,-15.433767,-0.008938,0.889444,0.004156,0.456937,17.829672,1.396658,35.84227
590,4.916667,-0.020257,0.964703,-0.014665,0.26215,0.705418,86.051331,13.763696,-0.100017,0.951519,0.136832,0.256682,0.461982,93.795586,13.461945,-0.039693,0.962753,-0.009131,0.267296,-4.90463,113.207092,17.76729,0.0438,0.973408,0.075434,0.211823,-6.42487,134.384628,16.942846,0.00917,0.990038,0.024734,0.138311,-4.851073,149.061096,17.667288,-0.103345,0.829964,0.140891,0.529745,-9.755466,128.557922,15.671894,-0.730448,0.070138,0.516374,-0.441456,-16.839203,128.179916,0.253588,-0.659741,-0.598865,0.14375,0.430626,-6.67293,115.755066,-15.15446,0.241295,0.3435,-0.612721,-0.669595,0.63073,143.408997,-5.287928,-0.121657,0.964287,0.034144,0.232776,-3.346848,129.168121,19.528934,0.34018,0.933319,0.001099,-0.114856,11.283457,132.880356,27.289074,-0.153997,0.496329,0.409562,-0.749801,27.798023,118.756279,22.501802,0.015402,0.440674,0.549841,-0.709397,23.628988,137.366074,7.504263,0.007407,0.962357,0.183611,0.200251,-7.443179,85.609047,8.986512,0.098177,0.982562,-0.012772,0.157387,-5.296236,51.838257,-3.9199,-0.0374,0.941517,0.03471,0.333081,-14.615404,5.448613,-4.194575,-0.094789,0.910539,-0.124782,0.382575,8.854014,86.493614,18.54088,-0.011062,0.900307,-0.167113,0.401745,11.647818,52.055538,29.397434,-0.00804,0.889651,0.001702,0.456567,6.236856,7.392695,44.056,-0.0374,0.941517,0.03471,0.333081,-5.180961,0.614661,-15.445813,-0.00804,0.889651,0.001702,0.456567,17.856668,1.394186,35.81197
591,4.925,-0.019428,0.967829,-0.014807,0.250419,0.588929,86.045677,13.615316,-0.097773,0.955155,0.137151,0.243536,0.354839,93.790375,13.317637,-0.041357,0.966413,-0.008589,0.253501,-4.863134,113.199997,17.728918,0.041577,0.975582,0.072556,0.203091,-6.469103,134.372192,16.930632,0.009605,0.99041,0.024849,0.135569,-4.951193,149.059875,17.537815,-0.103286,0.838012,0.141894,0.516656,-9.817381,128.534561,15.760276,-0.727448,0.07076,0.517607,-0.444854,-17.366453,128.085007,0.566337,-0.663734,-0.599696,0.139841,0.424578,-7.260802,115.54689,-14.789761,0.25031,0.350428,-0.60956,-0.665569,0.046764,143.214859,-5.00271,-0.124457,0.967937,0.038543,0.214761,-3.302956,129.167145,19.432005,0.32317,0.937435,-0.005123,-0.129423,11.577625,132.975266,26.650923,-0.155758,0.497863,0.397287,-0.755006,28.435993,119.463417,21.325205,0.016838,0.451969,0.535197,-0.713446,23.868025,137.750504,6.113625,0.006433,0.96359,0.185482,0.192482,-7.674004,85.619957,9.037169,0.095909,0.983355,-0.012525,0.15381,-5.536973,51.898205,-3.998465,-0.038995,0.941398,0.03346,0.333361,-14.644533,5.466315,-4.228938,-0.095085,0.913449,-0.12531,0.375323,8.851862,86.471397,18.193462,-0.012472,0.899012,-0.170115,0.40334,11.736427,52.046947,29.069504,-0.006823,0.889921,-0.00134,0.456062,6.304262,7.483062,44.018517,-0.038995,0.941398,0.03346,0.333361,-5.190529,0.614693,-15.456128,-0.006823,0.889921,-0.00134,0.456062,17.885099,1.391668,35.787762
592,4.933333,-0.018561,0.970836,-0.015271,0.238537,0.463791,86.051941,13.473971,-0.094952,0.958722,0.137302,0.230182,0.240829,93.796936,13.175398,-0.04306,0.969929,-0.007701,0.239424,-4.802461,113.212654,17.689831,0.038582,0.97767,0.070294,0.194244,-6.498958,134.379379,16.934277,0.009951,0.990769,0.024225,0.133008,-5.064905,149.079361,17.438721,-0.102694,0.846761,0.142496,0.502141,-9.861101,128.530701,15.863013,-0.724196,0.071328,0.519616,-0.447718,-17.916283,128.007813,0.933604,-0.667851,-0.599879,0.135937,0.419096,-7.906931,115.355621,-14.391975,0.259385,0.356891,-0.606634,-0.66132,-0.556017,143.003021,-4.687459,-0.127956,0.971503,0.044941,0.194396,-3.244685,129.185242,19.34355,0.305686,0.941213,-0.010341,-0.143414,11.888762,133.108246,25.949266,-0.156734,0.499313,0.384289,-0.760554,29.066557,120.237923,20.082727,0.01669,0.463082,0.519826,-0.717675,24.08411,138.159973,4.627656,0.006174,0.964636,0.187118,0.185545,-7.909647,85.642258,9.099672,0.093116,0.983977,-0.012208,0.151558,-5.826204,51.964413,-4.057609,-0.040581,0.941303,0.032282,0.333557,-14.67211,5.481818,-4.256392,-0.095794,0.916524,-0.125366,0.367547,8.837229,86.461624,17.84827,-0.013415,0.89856,-0.173731,0.402774,11.859142,52.048004,28.721285,-0.0052,0.890496,-0.005159,0.454932,6.377856,7.604104,44.005817,-0.040581,0.941303,0.032282,0.333557,-5.200365,0.614458,-15.461802,-0.0052,0.890496,-0.005159,0.454932,17.899054,1.395137,35.779209
593,4.941667,-0.017974,0.973693,-0.015073,0.226652,0.346666,86.066078,13.311924,-0.092418,0.962154,0.138176,0.21593,0.128247,93.811501,13.021144,-0.044438,0.973494,-0.007294,0.224235,-4.755118,113.235512,17.667389,0.035378,0.979863,0.067605,0.184517,-6.523979,134.397369,16.942184,0.010405,0.991194,0.023786,0.129848,-5.180557,149.109436,17.330235,-0.102449,0.855487,0.142858,0.48707,-9.904214,128.539688,15.982781,-0.720487,0.071356,0.522358,-0.450499,-18.467123,127.926613,1.342182,-0.671351,-0.599742,0.132634,0.414736,-8.585118,115.166031,-13.976169,0.267186,0.361637,-0.60474,-0.657358,-1.178464,142.787033,-4.337981,-0.130962,0.974603,0.049661,0.174736,-3.183906,129.213531,19.254309,0.286424,0.944846,-0.014603,-0.158157,12.169456,133.25145,25.255632,-0.157664,0.501274,0.370789,-0.765756,29.656965,121.104858,18.791464,0.016613,0.473935,0.503139,-0.722469,24.288675,138.62085,3.088489,0.005594,0.965948,0.188232,0.177429,-8.131736,85.670494,9.143355,0.090507,0.984827,-0.011525,0.147619,-6.104003,52.022446,-4.098575,-0.042243,0.941193,0.031265,0.333757,-14.700134,5.492973,-4.28884,-0.096411,0.919745,-0.125354,0.359251,8.825068,86.461662,17.480492,-0.014698,0.898529,-0.177846,0.401,11.986079,52.056396,28.340372,-0.002835,0.891575,-0.009621,0.452762,6.486905,7.752824,44.020748,-0.042243,0.941193,0.031265,0.333757,-5.2093,0.615229,-15.473558,-0.002835,0.891575,-0.009621,0.452762,17.916594,1.400697,35.77581
594,4.95,-0.017572,0.976357,-0.014894,0.214936,0.222357,86.084846,13.15034,-0.089024,0.965496,0.139247,0.201251,0.005941,93.830574,12.866253,-0.046333,0.976899,-0.007104,0.208499,-4.678588,113.258194,17.655537,0.032704,0.981924,0.065401,0.174582,-6.539127,134.412842,16.9501,0.010112,0.99164,0.022893,0.126586,-5.275971,149.134277,17.240202,-0.102608,0.864082,0.143307,0.471483,-9.929316,128.542557,16.110468,-0.715986,0.070784,0.526075,-0.45343,-18.998264,127.826515,1.782601,-0.673486,-0.599007,0.13171,0.412626,-9.286081,114.955307,-13.551791,0.269429,0.365058,-0.603592,-0.655604,-1.814996,142.570999,-3.992235,-0.13409,0.977376,0.055166,0.15399,-3.109386,129.244156,19.162649,0.266086,0.948166,-0.018189,-0.172768,12.447321,133.404358,24.522491,-0.158266,0.503076,0.357105,-0.770936,30.219719,122.036568,17.447659,0.016855,0.483891,0.486744,-0.72708,24.470543,139.127335,1.493222,0.005088,0.96724,0.189467,0.168886,-8.354157,85.699837,9.186518,0.087809,0.985539,-0.011036,0.144501,-6.392907,52.08519,-4.149918,-0.043978,0.941019,0.030011,0.334137,-14.733413,5.509147,-4.321444,-0.09729,0.923162,-0.125414,0.35011,8.79887,86.469856,17.114162,-0.016022,0.899147,-0.182884,0.397279,12.12398,52.078011,27.967533,0.00079,0.893479,-0.014875,0.448857,6.611553,7.950267,44.131596,-0.043978,0.941019,0.030011,0.334137,-5.219069,0.615565,-15.479237,0.00079,0.893479,-0.014875,0.448857,17.897356,1.419497,35.828228
595,4.958333,-0.017239,0.978851,-0.014284,0.203348,0.09832,86.110329,12.975725,-0.084682,0.968736,0.141005,0.185735,-0.118317,93.856514,12.704536,-0.049593,0.980148,-0.0072,0.191828,-4.565818,113.29229,17.671612,0.030215,0.984051,0.062087,0.163942,-6.572775,134.433609,16.967438,0.010308,0.992134,0.022465,0.122719,-5.382258,149.163071,17.128649,-0.101736,0.872676,0.143264,0.45559,-9.955168,128.541336,16.26075,-0.710682,0.069773,0.530798,-0.456417,-19.5303,127.743217,2.270527,-0.674667,-0.597175,0.133024,0.41293,-10.033928,114.754845,-13.100201,0.266282,0.366138,-0.603718,-0.656172,-2.457013,142.354233,-3.644912,-0.136933,0.97975,0.059638,0.133353,-3.039761,129.291641,19.077436,0.244624,0.950892,-0.022475,-0.188305,12.692083,133.575592,23.789484,-0.159162,0.506034,0.342466,-0.775444,30.702633,123.035286,16.065466,0.01654,0.4944,0.468752,-0.731824,24.620955,139.655212,-0.160435,0.004312,0.968642,0.190153,0.159864,-8.570078,85.736275,9.215977,0.085339,0.986229,-0.010301,0.141289,-6.670751,52.13995,-4.175487,-0.045293,0.940769,0.028953,0.33476,-14.773318,5.52195,-4.355167,-0.098601,0.926208,-0.124601,0.341895,8.766718,86.484383,16.735476,-0.017529,0.899867,-0.188059,0.393149,12.295985,52.09642,27.536587,0.003734,0.895555,-0.021031,0.444439,6.791948,8.155116,44.20359,-0.045293,0.940769,0.028953,0.33476,-5.233552,0.613875,-15.484858,0.003734,0.895555,-0.021031,0.444439,17.92477,1.432935,35.84663
596,4.966667,-0.017306,0.981207,-0.013141,0.191732,-0.017183,86.142227,12.789429,-0.080449,0.971792,0.142769,0.169604,-0.241441,93.888855,12.538007,-0.052121,0.983295,-0.007061,0.174254,-4.451352,113.342079,17.681316,0.027691,0.98605,0.059667,0.1529,-6.577004,134.472549,17.00029,0.009678,0.992631,0.021033,0.118942,-5.467503,149.209091,17.059738,-0.101312,0.881203,0.143162,0.439001,-9.955994,128.563721,16.428476,-0.704804,0.068449,0.537021,-0.458448,-20.037781,127.666649,2.805002,-0.674271,-0.59428,0.137078,0.416412,-10.829019,114.563095,-12.642759,0.258166,0.364687,-0.604576,-0.659426,-3.116881,142.136307,-3.30444,-0.139767,0.981683,0.064883,0.112046,-2.947889,129.351425,18.994692,0.223423,0.952515,-0.028248,-0.20494,12.934801,133.761993,23.036135,-0.160848,0.509718,0.328405,-0.778759,31.095821,124.03344,14.629566,0.016883,0.504398,0.450547,-0.736413,24.754732,140.216034,-1.859374,0.003628,0.970048,0.190832,0.150253,-8.77233,85.773438,9.235829,0.082837,0.986843,-0.009705,0.138512,-6.950384,52.195473,-4.212299,-0.046523,0.940456,0.027984,0.335552,-14.813662,5.536514,-4.391824,-0.100088,0.929415,-0.123664,0.332982,8.737966,86.511009,16.343027,-0.018946,0.901132,-0.193646,0.387432,12.49329,52.127586,27.082169,0.008267,0.897767,-0.027925,0.439507,7.009052,8.392983,44.290562,-0.046523,0.940456,0.027984,0.335552,-5.245146,0.615749,-15.49118,0.008267,0.897767,-0.027925,0.439507,17.953751,1.44273,35.87191
597,4.975,-0.017047,0.983342,-0.01234,0.180541,-0.149403,86.184837,12.596473,-0.075392,0.974611,0.145069,0.152988,-0.374809,93.931923,12.360567,-0.055753,0.986142,-0.007096,0.156093,-4.308141,113.389191,17.699047,0.025728,0.988025,0.056299,0.141333,-6.597526,134.502991,17.031864,0.009239,0.99318,0.020152,0.114463,-5.55196,149.244186,16.965368,-0.100599,0.889324,0.143166,0.422477,-9.955964,128.570419,16.602762,-0.697914,0.0663,0.543501,-0.461657,-20.52585,127.586685,3.36055,-0.673534,-0.59134,0.141807,0.420191,-11.615758,114.361046,-12.158184,0.248194,0.362006,-0.606142,-0.663282,-3.777641,141.923538,-2.950111,-0.142421,0.983158,0.069893,0.090725,-2.86369,129.412262,18.9072,0.200309,0.954052,-0.030965,-0.220687,13.140336,133.949921,22.272787,-0.16066,0.513241,0.313891,-0.782461,31.438959,125.140991,13.178769,0.018009,0.513898,0.432566,-0.740589,24.845684,140.808334,-3.591835,0.002606,0.971357,0.190965,0.141389,-8.983507,85.825684,9.242916,0.080352,0.987567,-0.008946,0.134818,-7.211158,52.250916,-4.219822,-0.047766,0.940403,0.026872,0.335618,-14.834804,5.552244,-4.408898,-0.102115,0.932601,-0.122211,0.323872,8.684702,86.543991,15.95003,-0.020377,0.902335,-0.200356,0.381095,12.71579,52.164387,26.601097,0.013302,0.900269,-0.035759,0.433659,7.230014,8.685314,44.444817,-0.047766,0.940403,0.026872,0.335618,-5.254732,0.614397,-15.49069,0.013302,0.900269,-0.035759,0.433659,17.953869,1.479905,35.956753
598,4.983333,-0.016874,0.985318,-0.011832,0.169484,-0.282166,86.248558,12.404795,-0.07045,0.977041,0.147946,0.136159,-0.508906,93.995926,12.179648,-0.059012,0.988693,-0.007293,0.137659,-4.168667,113.457275,17.730591,0.022878,0.989917,0.052819,0.129423,-6.605436,134.555054,17.078968,0.009173,0.993734,0.018918,0.109776,-5.652771,149.301361,16.88118,-0.100204,0.897113,0.143016,0.405826,-9.942542,128.601761,16.794708,-0.690855,0.064198,0.551163,-0.463484,-20.983284,127.5205,3.95028,-0.671937,-0.587534,0.147821,0.425975,-12.434287,114.178101,-11.671279,0.237006,0.35751,-0.608529,-0.667613,-4.434481,141.721146,-2.588583,-0.144447,0.984318,0.073451,0.069702,-2.774607,129.492538,18.831053,0.176593,0.954701,-0.033064,-0.237209,13.324176,134.144974,21.520033,-0.159397,0.517667,0.299306,-0.785512,31.68391,126.292931,11.701488,0.018766,0.522752,0.415559,-0.744102,24.904785,141.409668,-5.38118,0.001969,0.972496,0.191006,0.133287,-9.18958,85.896194,9.250341,0.07776,0.988125,-0.008204,0.132267,-7.484235,52.322342,-4.223336,-0.04833,0.940327,0.025534,0.335853,-14.85832,5.583683,-4.429481,-0.104302,0.936102,-0.120324,0.313618,8.625248,86.600922,15.559249,-0.021752,0.904032,-0.206764,0.3735,12.964108,52.220871,26.087185,0.019627,0.902704,-0.044633,0.427491,7.51678,8.994153,44.545219,-0.04833,0.940327,0.025534,0.335853,-5.270253,0.615589,-15.490827,0.019627,0.902704,-0.044633,0.427491,17.986776,1.495981,35.99403
599,4.991667,-0.016859,0.987203,-0.011276,0.158172,-0.419073,86.309471,12.210754,-0.065072,0.979193,0.150661,0.119369,-0.649516,94.057045,11.996768,-0.062677,0.990835,-0.007381,0.119425,-4.012143,113.526978,17.748735,0.021242,0.991592,0.049683,0.117587,-6.613817,134.605743,17.119867,0.008461,0.994325,0.017334,0.104621,-5.722605,149.353912,16.807674,-0.099452,0.904936,0.142742,0.388361,-9.918759,128.629486,16.977188,-0.682126,0.060987,0.558295,-0.468287,-21.435413,127.456299,4.56603,-0.671263,-0.583468,0.154197,0.430342,-13.220633,113.969864,-11.111072,0.224351,0.351748,-0.61099,-0.672779,-5.051955,141.522873,-2.232742,-0.146724,0.984883,0.078031,0.048876,-2.687156,129.574829,18.746296,0.152458,0.954675,-0.03352,-0.253432,13.472946,134.350479,20.768885,-0.156714,0.522705,0.284852,-0.788086,31.83189,127.495049,10.228926,0.020734,0.53118,0.398154,-0.74759,24.928427,142.01886,-7.181439,0.000824,0.973743,0.190732,0.124276,-9.396591,85.960983,9.261264,0.075499,0.988924,-0.006929,0.127595,-7.737789,52.379333,-4.198788,-0.048844,0.940082,0.024412,0.336547,-14.887118,5.606058,-4.461935,-0.106577,0.939674,-0.118569,0.302647,8.558445,86.657967,15.160245,-0.023062,0.906069,-0.214011,0.36429,13.213223,52.282299,25.566881,0.026835,0.90557,-0.054174,0.419867,7.812765,9.349707,44.71236,-0.048844,0.940082,0.024412,0.336547,-5.280322,0.613634,-15.496039,0.026835,0.90557,-0.054174,0.419867,17.979286,1.536895,36.077076
600,5.0,-0.017433,0.988919,-0.010452,0.147061,-0.545512,86.379402,12.009398,-0.060676,0.980866,0.153809,0.102777,-0.78903,94.126953,11.809344,-0.065234,0.992683,-0.007432,0.101343,-3.892618,113.602211,17.768551,0.017688,0.993205,0.046093,0.105392,-6.612504,134.667053,17.17408,0.009018,0.994903,0.01572,0.099196,-5.840914,149.418564,16.729528,-0.099286,0.912376,0.142556,0.370661,-9.892873,128.675568,17.168627,-0.673887,0.057966,0.565848,-0.47152,-21.866665,127.39431,5.208978,-0.670516,-0.578891,0.160865,0.435219,-14.013783,113.781975,-10.544592,0.21345,0.346126,-0.612899,-0.677489,-5.656057,141.328949,-1.881629,-0.148722,0.985067,0.08217,0.027789,-2.606263,129.658813,18.671305,0.128307,0.953802,-0.03345,-0.269592,13.588675,134.554138,20.015297,-0.153194,0.528883,0.270649,-0.789661,31.873241,128.706512,8.762814,0.02279,0.538897,0.381915,-0.750474,24.924261,142.636398,-9.01595,0.000347,0.974769,0.190386,0.116525,-9.586798,86.024292,9.262431,0.073024,0.989509,-0.005952,0.124515,-8.004395,52.43306,-4.182883,-0.049695,0.939946,0.023437,0.336871,-14.912624,5.623812,-4.485978,-0.109306,0.943382,-0.11654,0.290692,8.495773,86.734512,14.756365,-0.023451,0.909162,-0.220954,0.352213,13.511101,52.366966,25.021332,0.034268,0.90798,-0.065264,0.412479,8.164087,9.72189,44.813461,-0.049695,0.939946,0.023437,0.336871,-5.291901,0.614323,-15.500198,0.034268,0.90798,-0.065264,0.412479,18.01173,1.560239,36.131432
601,5.008333,-0.018035,0.99053,-0.009745,0.135758,-0.679215,86.447083,11.805538,-0.056429,0.982174,0.157215,0.086213,-0.935729,94.194519,11.617868,-0.067755,0.994181,-0.00752,0.083411,-3.783996,113.688728,17.793064,0.015747,0.994527,0.043021,0.093903,-6.619911,134.739273,17.235172,0.008434,0.995397,0.013168,0.094549,-5.923446,149.490845,16.68186,-0.099245,0.919166,0.142496,0.353523,-9.870889,128.7332,17.365095,-0.664604,0.05493,0.573042,-0.476347,-22.26623,127.34671,5.855112,-0.67099,-0.574541,0.166832,0.437997,-14.762699,113.574089,-9.929384,0.2056,0.340051,-0.614736,-0.681317,-6.221892,141.142654,-1.530638,-0.150588,0.984807,0.086213,0.006776,-2.539586,129.753647,18.602102,0.103929,0.952098,-0.033295,-0.285657,13.661056,134.767685,19.269279,-0.148173,0.536676,0.255551,-0.790391,31.800592,129.940781,7.31953,0.023005,0.545667,0.367732,-0.752657,24.88332,143.216797,-10.899798,6.5e-05,0.975695,0.190179,0.108866,-9.780555,86.084221,9.26571,0.070376,0.990057,-0.005087,0.121692,-8.285457,52.48727,-4.175325,-0.050319,0.93982,0.022427,0.3372,-14.937803,5.641177,-4.509199,-0.111893,0.94739,-0.114432,0.277196,8.422125,86.809944,14.345366,-0.024209,0.912234,-0.228245,0.339333,13.802952,52.448582,24.444632,0.042479,0.910588,-0.077113,0.403831,8.563313,10.116879,44.926201,-0.050319,0.93982,0.022427,0.3372,-5.305454,0.611321,-15.503958,0.042479,0.910588,-0.077113,0.403831,18.043705,1.587146,36.189373
602,5.016667,-0.018948,0.992039,-0.009162,0.124159,-0.788252,86.524788,11.61482,-0.053629,0.983102,0.160336,0.070199,-1.062114,94.271873,11.43738,-0.069139,0.995386,-0.007163,0.066149,-3.709014,113.775078,17.802818,0.013218,0.995741,0.039747,0.082129,-6.613463,134.81778,17.305471,0.008364,0.99595,0.010513,0.088906,-6.012022,149.568802,16.637745,-0.099149,0.925526,0.142442,0.336572,-9.843458,128.804321,17.558578,-0.655615,0.052353,0.580447,-0.480113,-22.636509,127.316788,6.505453,-0.672131,-0.569998,0.17192,0.440211,-15.500823,113.387062,-9.311715,0.201408,0.334238,-0.615885,-0.684401,-6.753067,140.96196,-1.175641,-0.152137,0.984175,0.089784,-0.013903,-2.47625,129.84436,18.539415,0.078877,0.949499,-0.033373,-0.301855,13.703465,134.969147,18.53861,-0.142081,0.545534,0.239737,-0.7904,31.623316,131.187836,5.900612,0.02168,0.55182,0.357079,-0.753338,24.793449,143.771072,-12.815754,-0.00022,0.976624,0.190022,0.10049,-9.945967,86.147781,9.288688,0.067998,0.990629,-0.004037,0.118383,-8.547284,52.546501,-4.151889,-0.050673,0.9396,0.021188,0.337838,-14.9672,5.668369,-4.535197,-0.114205,0.951354,-0.112025,0.263314,8.369463,86.901794,13.940952,-0.02488,0.915392,-0.235622,0.325454,14.102695,52.538826,23.83881,0.050917,0.913139,-0.089721,0.394379,9.001023,10.534037,45.016449,-0.050673,0.9396,0.021188,0.337838,-5.319399,0.609421,-15.503028,0.050917,0.913139,-0.089721,0.394379,18.080927,1.624661,36.233246
603,5.025,-0.020032,0.9934,-0.008164,0.112645,-0.901014,86.607452,11.414751,-0.050514,0.983756,0.163504,0.054219,-1.195355,94.354156,11.253993,-0.070764,0.996267,-0.006881,0.048957,-3.62136,113.854958,17.804129,0.010949,0.996787,0.036623,0.070385,-6.603012,134.888168,17.365566,0.008079,0.996476,0.007682,0.08314,-6.091765,149.63736,16.590853,-0.098668,0.931745,0.142394,0.319123,-9.804707,128.865997,17.74148,-0.647384,0.049827,0.588042,-0.482305,-22.989359,127.28788,7.171672,-0.673928,-0.564912,0.176165,0.442337,-16.237123,113.230446,-8.700759,0.20072,0.328619,-0.617486,-0.685881,-7.233086,140.79007,-0.819188,-0.153928,0.983075,0.09329,-0.03416,-2.41121,129.929214,18.466242,0.054669,0.945945,-0.03337,-0.317939,13.716852,135.173859,17.813782,-0.135177,0.555267,0.22489,-0.789196,31.336897,132.400223,4.510429,0.0212,0.556353,0.347914,-0.754306,24.683929,144.30748,-14.71816,-0.000129,0.977503,0.189669,0.092266,-10.109494,86.213722,9.301561,0.065327,0.991221,-0.002983,0.114911,-8.832805,52.602745,-4.126905,-0.050849,0.939505,0.020243,0.338135,-14.993145,5.690208,-4.557477,-0.116495,0.955435,-0.109949,0.24796,8.307467,87.00119,13.527942,-0.025296,0.918993,-0.242883,0.309547,14.394799,52.643089,23.229324,0.057349,0.916215,-0.10393,0.3827,9.47974,10.969103,45.093502,-0.050849,0.939505,0.020243,0.338135,-5.338961,0.60787,-15.508859,0.057349,0.916215,-0.10393,0.3827,18.122677,1.672007,36.271381
604,5.033333,-0.020965,0.99462,-0.007522,0.101163,-1.013558,86.690231,11.221525,-0.047864,0.984171,0.166312,0.038159,-1.325138,94.436493,11.072617,-0.072271,0.996867,-0.006089,0.031574,-3.543615,113.945045,17.78998,0.008239,0.997697,0.033519,0.058385,-6.597055,134.969528,17.435064,0.008408,0.996967,0.004584,0.077239,-6.192093,149.716141,16.555389,-0.099411,0.937364,0.142684,0.301841,-9.767005,128.939026,17.928102,-0.639334,0.046731,0.595275,-0.484475,-23.310936,127.237907,7.842731,-0.675498,-0.560109,0.180656,0.444234,-16.926311,113.073708,-8.086816,0.200588,0.323318,-0.618464,-0.687555,-7.697167,140.621704,-0.470734,-0.155334,0.98162,0.096656,-0.054326,-2.355729,130.023254,18.393915,0.030777,0.941404,-0.035154,-0.334029,13.697004,135.377213,17.09339,-0.128881,0.56614,0.210178,-0.786575,30.941063,133.565216,3.147148,0.019335,0.560096,0.341414,-0.754557,24.544928,144.828934,-16.622499,-0.000364,0.978328,0.189371,0.083737,-10.267745,86.281479,9.321589,0.062989,0.991709,-0.001941,0.111986,-9.093369,52.662323,-4.095745,-0.050956,0.939265,0.019145,0.338847,-15.025483,5.720913,-4.581113,-0.118835,0.959243,-0.107438,0.232783,8.240628,87.098991,13.121462,-0.026146,0.922022,-0.250998,0.293585,14.685925,52.741241,22.590101,0.061825,0.920248,-0.12016,0.367264,9.993742,11.450681,45.217415,-0.050956,0.939265,0.019145,0.338847,-5.356403,0.610861,-15.506437,0.061825,0.920248,-0.12016,0.367264,18.128813,1.747748,36.349495
605,5.041667,-0.022199,0.995691,-0.007331,0.089733,-1.117379,86.775497,11.044078,-0.045261,0.984393,0.168707,0.02143,-1.449947,94.520973,10.899989,-0.073529,0.997191,-0.005381,0.013221,-3.450089,114.015068,17.755404,0.005272,0.998441,0.0311,0.046057,-6.562984,135.032104,17.486078,0.008264,0.997386,0.001393,0.071775,-6.276125,149.776337,16.523914,-0.097528,0.942773,0.143033,0.284971,-9.698771,128.995132,18.10288,-0.630983,0.044818,0.603368,-0.485591,-23.591305,127.257668,8.509911,-0.677443,-0.554317,0.185363,0.446592,-17.63061,112.960075,-7.464664,0.200513,0.31814,-0.619268,-0.689267,-8.124142,140.469757,-0.14264,-0.15746,0.979585,0.100917,-0.073729,-2.277913,130.096725,18.294827,0.007658,0.935768,-0.039942,-0.350264,13.667909,135.584946,16.382648,-0.125024,0.578236,0.195388,-0.782199,30.457098,134.643448,1.809564,0.016439,0.563291,0.332875,-0.75606,24.405859,145.330948,-18.503031,-0.000623,0.979101,0.189439,0.073979,-10.411819,86.345039,9.357421,0.060766,0.99229,-0.00095,0.108016,-9.352514,52.727776,-4.074213,-0.051351,0.938987,0.017554,0.339644,-15.068468,5.760059,-4.606174,-0.120765,0.963048,-0.104684,0.216786,8.177061,87.205948,12.730734,-0.027052,0.925688,-0.258499,0.274859,14.957452,52.839375,21.929459,0.064449,0.924718,-0.137029,0.349237,10.603416,11.915031,45.27816,-0.051351,0.938987,0.017554,0.339644,-5.38082,0.612207,-15.497237,0.064449,0.924718,-0.137029,0.349237,18.193335,1.817352,36.367706
606,5.05,-0.023129,0.996636,-0.00745,0.078272,-1.22307,86.853897,10.876688,-0.042763,0.984411,0.170557,0.004044,-1.571495,94.598701,10.733476,-0.075166,0.997143,-0.004477,-0.00601,-3.348146,114.076614,17.697975,0.002971,0.999025,0.029183,0.032986,-6.534437,135.083694,17.527452,0.008109,0.997815,-0.002018,0.065547,-6.350678,149.825241,16.501083,-0.096918,0.947582,0.143691,0.268417,-9.625371,129.037827,18.270618,-0.623173,0.042252,0.610128,-0.487457,-23.832893,127.229691,9.164392,-0.678314,-0.549446,0.191336,0.448765,-18.227282,112.822113,-6.839891,0.19919,0.312781,-0.620256,-0.691212,-8.535282,140.341537,0.168879,-0.159981,0.97728,0.103976,-0.092296,-2.206084,130.162384,18.175619,-0.014679,0.929251,-0.045345,-0.366363,13.607929,135.795135,15.678535,-0.122621,0.591302,0.18096,-0.77626,29.876719,135.662888,0.498046,0.011226,0.566348,0.324955,-0.757316,24.260838,145.832062,-20.359087,-0.000757,0.97984,0.189249,0.064018,-10.55313,86.406937,9.404637,0.058105,0.99289,0.000285,0.103892,-9.621868,52.784454,-4.023434,-0.051575,0.939013,0.01654,0.33959,-15.07873,5.786726,-4.621479,-0.122426,0.966699,-0.101891,0.200309,8.106992,87.300858,12.348739,-0.029258,0.928836,-0.26565,0.256589,15.201089,52.921772,21.259598,0.066332,0.929516,-0.154809,0.328077,11.322294,12.363887,45.32066,-0.051575,0.939013,0.01654,0.33959,-5.392539,0.613797,-15.501955,0.066332,0.929516,-0.154809,0.328077,18.299637,1.866716,36.371223
607,5.058333,-0.024602,0.997424,-0.007479,0.06696,-1.301419,86.928596,10.712983,-0.039852,0.984215,0.171882,-0.013789,-1.674194,94.672295,10.571753,-0.077701,0.996637,-0.003744,-0.025738,-3.204254,114.138283,17.617912,0.001338,0.999387,0.028871,0.019779,-6.499229,135.129135,17.544338,0.007323,0.998191,-0.006098,0.059368,-6.401866,149.870544,16.504326,-0.095146,0.952305,0.14421,0.251528,-9.528314,129.069336,18.41729,-0.615411,0.03951,0.617047,-0.488838,-24.04545,127.224991,9.820923,-0.678491,-0.543982,0.198402,0.452074,-18.807735,112.719093,-6.219128,0.195406,0.307069,-0.62155,-0.693686,-8.930256,140.229752,0.455444,-0.162658,0.974613,0.107651,-0.10992,-2.124243,130.230194,18.027908,-0.036419,0.921547,-0.054111,-0.382749,13.53949,136.012939,14.985889,-0.123763,0.605137,0.166144,-0.768692,29.212566,136.584839,-0.799094,0.00486,0.57049,0.313432,-0.75913,24.107012,146.324677,-22.172674,-0.000464,0.980473,0.189294,0.0533,-10.661219,86.455048,9.453379,0.055606,0.993381,0.001303,0.1005,-9.897435,52.833771,-3.988287,-0.051857,0.93879,0.015658,0.340205,-15.112451,5.809295,-4.639605,-0.123357,0.970264,-0.099324,0.183046,8.058383,87.402138,11.972589,-0.030743,0.932791,-0.272583,0.233781,15.410964,53.002209,20.588606,0.065425,0.934555,-0.172313,0.304359,12.09422,12.805906,45.330837,-0.051857,0.93879,0.015658,0.340205,-5.411311,0.616411,-15.497231,0.065425,0.934555,-0.172313,0.304359,18.447119,1.943913,36.351753
608,5.066667,-0.025584,0.998118,-0.006859,0.055317,-1.385945,86.998253,10.538229,-0.036778,0.98382,0.172562,-0.031106,-1.776066,94.741325,10.410107,-0.081153,0.995701,-0.002461,-0.044591,-3.055476,114.207779,17.506071,-1.8e-05,0.999578,0.028251,0.00681,-6.493989,135.175674,17.555723,0.007248,0.998536,-0.009947,0.052675,-6.474411,149.915955,16.495501,-0.094808,0.956273,0.145836,0.235129,-9.446459,129.095657,18.543131,-0.60762,0.03549,0.622953,-0.491395,-24.236673,127.182159,10.441611,-0.677719,-0.539106,0.206287,0.45553,-19.31147,112.599274,-5.627616,0.18908,0.300459,-0.623742,-0.696361,-9.311333,140.135788,0.713534,-0.164878,0.97151,0.11219,-0.128048,-2.070519,130.306824,17.873728,-0.057756,0.913423,-0.062326,-0.398043,13.422105,136.231598,14.278986,-0.126339,0.619664,0.150683,-0.759835,28.474308,137.475357,-2.061845,-0.003953,0.575365,0.299797,-0.760961,23.955389,146.811539,-23.942568,-0.001201,0.981097,0.188964,0.041725,-10.77174,86.508141,9.497352,0.05371,0.994008,0.002687,0.095163,-10.115281,52.877914,-3.927563,-0.05233,0.938598,0.014567,0.34071,-15.143421,5.834344,-4.663983,-0.124378,0.973451,-0.096788,0.166,7.999849,87.488365,11.579106,-0.032227,0.936569,-0.279424,0.209098,15.60601,53.070724,19.899212,0.060978,0.939866,-0.190898,0.276572,12.933167,13.240608,45.30275,-0.05233,0.938598,0.014567,0.34071,-5.428423,0.617833,-15.497872,0.060978,0.939866,-0.190898,0.276572,18.623446,2.019689,36.32066
609,5.075,-0.026885,0.998655,-0.00702,0.043771,-1.44996,87.054459,10.385105,-0.034148,0.983157,0.173456,-0.046361,-1.861563,94.79644,10.258129,-0.084813,0.994553,-0.00154,-0.060571,-2.923869,114.299683,17.419426,-0.001209,0.999596,0.028023,-0.004643,-6.512414,135.241928,17.572641,0.007179,0.998809,-0.014395,0.046067,-6.561721,149.981659,16.505783,-0.094437,0.960082,0.146349,0.218875,-9.387096,129.141052,18.65624,-0.599554,0.031177,0.627294,-0.496049,-24.43018,127.150742,11.054208,-0.677165,-0.534779,0.214717,0.457555,-19.733746,112.470795,-4.995134,0.181524,0.29305,-0.626468,-0.699077,-9.674603,140.051239,0.95338,-0.166476,0.968195,0.115881,-0.146474,-2.045495,130.405685,17.750103,-0.078437,0.905172,-0.069625,-0.411903,13.25745,136.452957,13.591155,-0.129395,0.634171,0.134759,-0.750283,27.684731,138.336334,-3.244671,-0.013116,0.581408,0.283887,-0.762366,23.791531,147.287354,-25.645044,-0.001331,0.98146,0.189164,0.030859,-10.856102,86.540878,9.561984,0.051741,0.994541,0.003841,0.090537,-10.338655,52.916176,-3.88284,-0.052792,0.938387,0.013639,0.341257,-15.175536,5.85368,-4.687629,-0.124503,0.976866,-0.094805,0.145754,7.956182,87.568031,11.208226,-0.033929,0.940073,-0.285659,0.18306,15.764841,53.125118,19.230825,0.0544,0.945045,-0.208923,0.245525,13.834609,13.639071,45.231747,-0.052792,0.938387,0.013639,0.341257,-5.445406,0.617957,-15.498649,0.0544,0.945045,-0.208923,0.245525,18.831951,2.085649,36.258942
610,5.083333,-0.028211,0.999074,-0.005876,0.031958,-1.495648,87.103104,10.210103,-0.031991,0.982236,0.174623,-0.06079,-1.929819,94.844177,10.105083,-0.087615,0.993292,-0.000858,-0.07546,-2.797477,114.378357,17.337999,-0.003331,0.999466,0.028397,-0.015804,-6.498535,135.30014,17.582733,0.006984,0.999016,-0.019228,0.039347,-6.643067,150.040192,16.529039,-0.095775,0.963173,0.148082,0.20297,-9.304907,129.184128,18.756344,-0.591998,0.026067,0.63192,-0.499535,-24.567097,127.073112,11.639068,-0.67529,-0.5305,0.223759,0.46096,-20.116884,112.338112,-4.429962,0.173579,0.285271,-0.630032,-0.701106,-10.020853,139.982712,1.168547,-0.167807,0.964574,0.119505,-0.16479,-2.000957,130.48938,17.630217,-0.098063,0.896327,-0.072565,-0.426282,13.093373,136.652069,12.915473,-0.131411,0.648135,0.119421,-0.740534,26.830116,139.187134,-4.405428,-0.023138,0.589386,0.267368,-0.761973,23.59407,147.743408,-27.287739,-0.001394,0.981713,0.189308,0.019986,-10.917325,86.566528,9.609405,0.049969,0.995188,0.005011,0.084139,-10.544118,52.945782,-3.850091,-0.053325,0.938073,0.013021,0.342062,-15.210229,5.867204,-4.719933,-0.12409,0.980018,-0.093981,0.123832,7.92603,87.639687,10.810801,-0.035889,0.943054,-0.291842,0.155527,15.89174,53.17807,18.595192,0.045085,0.95005,-0.226031,0.210435,14.799224,14.042917,45.169014,-0.053325,0.938073,0.013021,0.342062,-5.45751,0.621779,-15.505859,0.045085,0.95005,-0.226031,0.210435,19.070345,2.188595,36.213638
611,5.091667,-0.028831,0.999361,-0.005903,0.020288,-1.562989,87.120644,10.072059,-0.028957,0.981171,0.175503,-0.075259,-2.00795,94.86116,9.971504,-0.090162,0.991802,0.000132,-0.090554,-2.643231,114.430191,17.257326,-0.006152,0.999208,0.028451,-0.027131,-6.442839,135.332764,17.609835,0.006381,0.99915,-0.024282,0.032704,-6.703607,150.071686,16.562717,-0.095704,0.966108,0.149538,0.187389,-9.180721,129.20285,18.869514,-0.584422,0.020943,0.637572,-0.501512,-24.64982,127.015541,12.238598,-0.672905,-0.525157,0.233345,0.465788,-20.508173,112.240891,-3.87644,0.165068,0.277066,-0.633363,-0.703447,-10.341792,139.912872,1.369343,-0.169906,0.960428,0.123262,-0.183077,-1.92118,130.545181,17.521683,-0.116364,0.886791,-0.074887,-0.440969,12.933154,136.85022,12.264151,-0.133129,0.66171,0.104997,-0.730337,25.928391,139.972931,-5.526596,-0.031233,0.598805,0.250065,-0.760214,23.387764,148.163086,-28.853241,-0.001634,0.981695,0.1902,0.009866,-10.995527,86.573479,9.691827,0.048207,0.995688,0.005842,0.079046,-10.7434,52.977287,-3.831628,-0.053913,0.937908,0.012209,0.342452,-15.242031,5.883202,-4.74275,-0.123317,0.982994,-0.093065,0.099275,7.869548,87.667809,10.45229,-0.037667,0.945694,-0.297551,0.125329,15.980679,53.17992,17.965408,0.034561,0.95443,-0.24119,0.172328,15.822582,14.375549,45.04155,-0.053913,0.937908,0.012209,0.342452,-5.476211,0.622921,-15.509569,0.034561,0.95443,-0.24119,0.172328,19.335529,2.259656,36.106758
612,5.1,-0.029564,0.999511,-0.005687,0.008446,-1.613445,87.144318,9.929056,-0.026062,0.979989,0.176296,-0.08867,-2.070958,94.884216,9.837033,-0.092106,0.990274,0.001253,-0.104269,-2.485406,114.467453,17.159334,-0.010807,0.998799,0.028744,-0.038178,-6.35592,135.354904,17.620209,0.00623,0.999219,-0.029207,0.025871,-6.785556,150.091141,16.591309,-0.096931,0.968332,0.152435,0.172342,-9.033772,129.214203,18.954216,-0.575977,0.014784,0.642274,-0.505486,-24.678589,126.919937,12.787978,-0.670478,-0.521241,0.242843,0.468822,-20.794992,112.092484,-3.342812,0.158182,0.268796,-0.636946,-0.705002,-10.650599,139.849335,1.542607,-0.172617,0.955877,0.126449,-0.201281,-1.819653,130.585159,17.406166,-0.13343,0.876706,-0.079251,-0.455305,12.765659,137.049835,11.616271,-0.135268,0.674266,0.091646,-0.720186,24.999359,140.649948,-6.618696,-0.036734,0.60932,0.233896,-0.756752,23.145281,148.535294,-30.354166,-0.001865,0.981512,0.191387,-0.001003,-11.051609,86.584564,9.772578,0.04652,0.996102,0.006366,0.074679,-10.932944,53.021233,-3.834061,-0.054349,0.937725,0.01116,0.342921,-15.27316,5.91262,-4.762937,-0.121617,0.985535,-0.093068,0.072584,7.824718,87.704079,10.085533,-0.039495,0.947567,-0.302981,0.093596,16.017128,53.186077,17.368645,0.02363,0.957316,-0.255427,0.133212,16.875065,14.703655,44.887535,-0.054349,0.937725,0.01116,0.342921,-5.494629,0.629613,-15.507072,0.02363,0.957316,-0.255427,0.133212,19.625164,2.34013,36.024891
613,5.108333,-0.030064,0.999529,-0.005113,-0.003542,-1.654177,87.157974,9.781935,-0.023325,0.97861,0.177066,-0.102105,-2.120475,94.897507,9.704329,-0.094153,0.98854,0.002711,-0.117966,-2.31928,114.499023,17.05994,-0.014704,0.998261,0.029087,-0.049129,-6.260955,135.370026,17.645813,0.005323,0.99921,-0.034518,0.018977,-6.836473,150.102859,16.639263,-0.098785,0.970341,0.154876,0.157139,-8.875604,129.217377,19.048388,-0.567695,0.006676,0.646821,-0.509216,-24.678127,126.789772,13.353348,-0.667994,-0.517275,0.252088,0.471871,-21.047602,111.962975,-2.836884,0.151997,0.260803,-0.640447,-0.706192,-10.931122,139.78775,1.697511,-0.175361,0.950994,0.129495,-0.219292,-1.712895,130.619141,17.30192,-0.149811,0.866205,-0.085045,-0.469056,12.582885,137.243774,10.993879,-0.136662,0.686162,0.079663,-0.710042,24.044415,141.243576,-7.654799,-0.038368,0.619861,0.219853,-0.752307,22.888079,148.856766,-31.776419,-0.001868,0.981226,0.19255,-0.0108,-11.092889,86.590004,9.851798,0.044963,0.996522,0.00695,0.069809,-11.110744,53.059036,-3.834893,-0.055043,0.937556,0.010082,0.343305,-15.305063,5.937677,-4.787367,-0.119094,0.987452,-0.093393,0.04508,7.784534,87.725952,9.712071,-0.041919,0.948428,-0.308132,0.06149,15.997728,53.168343,16.780817,0.013806,0.958813,-0.268105,0.092769,17.967072,15.002507,44.680855,-0.055043,0.937556,0.010082,0.343305,-5.5131,0.633958,-15.509039,0.013806,0.958813,-0.268105,0.092769,19.916893,2.41331,35.924339
614,5.116667,-0.030726,0.999396,-0.004499,-0.015608,-1.699723,87.164673,9.64663,-0.020128,0.977095,0.177357,-0.115865,-2.177027,94.903679,9.584335,-0.096786,0.986511,0.003762,-0.131964,-2.140118,114.512161,16.940598,-0.018005,0.997576,0.029916,-0.060186,-6.176563,135.361511,17.641094,0.004346,0.99914,-0.039424,0.012076,-6.879427,150.091415,16.673571,-0.097509,0.972546,0.157093,0.14131,-8.717067,129.194778,19.116253,-0.559509,0.000143,0.651296,-0.512604,-24.688446,126.729324,13.931372,-0.667075,-0.512712,0.260603,0.473522,-21.314503,111.867973,-2.282675,0.148523,0.253568,-0.644689,-0.705706,-11.186162,139.726013,1.843787,-0.178204,0.945722,0.132471,-0.237287,-1.614416,130.63533,17.167751,-0.164268,0.856699,-0.086336,-0.481278,12.368345,137.422928,10.351791,-0.134792,0.697154,0.068975,-0.700749,23.110909,141.836624,-8.628587,-0.038467,0.629949,0.20776,-0.747342,22.639683,149.113205,-33.133892,-0.002034,0.980741,0.194233,-0.020394,-11.133303,86.585251,9.944253,0.043475,0.99691,0.007262,0.065018,-11.275749,53.101479,-3.856766,-0.055754,0.937421,0.008792,0.343594,-15.332585,5.968094,-4.809354,-0.11632,0.988595,-0.093858,0.018466,7.733856,87.744102,9.349008,-0.045382,0.948395,-0.312168,0.032225,15.937704,53.145504,16.225485,0.003989,0.958748,-0.279542,0.051407,19.058832,15.245193,44.381248,-0.055754,0.937421,0.008792,0.343594,-5.529718,0.638087,-15.508,0.003989,0.958748,-0.279542,0.051407,20.201679,2.450809,35.781021
615,5.125,-0.031105,0.999125,-0.004665,-0.027565,-1.745525,87.168678,9.527944,-0.0162,0.975399,0.177228,-0.130097,-2.229472,94.907295,9.468953,-0.100673,0.984072,0.005075,-0.146428,-1.925444,114.535103,16.80221,-0.021333,0.996761,0.030457,-0.071309,-6.103916,135.351349,17.6409,0.003457,0.998999,-0.044266,0.005448,-6.934883,150.076752,16.70694,-0.098956,0.974053,0.160304,0.125424,-8.551208,129.163651,19.184248,-0.553053,-0.007362,0.655707,-0.513933,-24.656776,126.57431,14.498901,-0.665104,-0.508469,0.269002,0.476166,-21.541786,111.758354,-1.808226,0.146922,0.247202,-0.648942,-0.7044,-11.420617,139.666885,1.974712,-0.181225,0.940101,0.135695,-0.254863,-1.520514,130.661758,17.029142,-0.175145,0.848113,-0.084292,-0.492873,12.131791,137.618668,9.731034,-0.130243,0.70716,0.061144,-0.692259,22.207378,142.380447,-9.528937,-0.036089,0.639164,0.198163,-0.742225,22.404522,149.323624,-34.402271,-0.002089,0.980133,0.196159,-0.029262,-11.1689,86.583366,10.051542,0.041923,0.997284,0.007563,0.060076,-11.436387,53.154068,-3.879082,-0.055704,0.937399,0.007384,0.343693,-15.350014,6.008568,-4.831195,-0.113066,0.98905,-0.094548,-0.007541,7.677852,87.753998,9.004344,-0.048751,0.947643,-0.31558,0.002574,15.829575,53.110756,15.71601,-0.00483,0.957262,-0.28898,0.010786,20.124689,15.443123,44.028961,-0.055704,0.937399,0.007384,0.343693,-5.549006,0.640436,-15.512472,-0.00483,0.957262,-0.28898,0.010786,20.475719,2.477571,35.618408
616,5.133333,-0.031926,0.998718,-0.004044,-0.039081,-1.771694,87.163589,9.394231,-0.012784,0.973283,0.177851,-0.14466,-2.26862,94.901482,9.350943,-0.104654,0.981318,0.005647,-0.161343,-1.711313,114.542976,16.690107,-0.0229,0.995837,0.030831,-0.082672,-6.036896,135.324203,17.643177,0.001793,0.9988,-0.048916,-0.001709,-6.944746,150.046799,16.736933,-0.098852,0.975287,0.163537,0.110901,-8.384453,129.117508,19.263254,-0.546039,-0.014203,0.660411,-0.515264,-24.607216,126.460625,15.043139,-0.664009,-0.503973,0.276645,0.478092,-21.774309,111.661888,-1.330935,0.146243,0.241425,-0.652706,-0.703066,-11.632232,139.6026,2.095192,-0.184105,0.934413,0.137725,-0.272049,-1.434926,130.672638,16.895725,-0.184583,0.839908,-0.083918,-0.50343,11.874296,137.783783,9.127684,-0.126815,0.716454,0.055227,-0.683784,21.330723,142.803162,-10.379246,-0.030687,0.647779,0.188784,-0.737428,22.183853,149.510483,-35.561954,-0.002282,0.979441,0.197956,-0.038785,-11.179576,86.56356,10.134835,0.040627,0.997581,0.00761,0.055897,-11.573788,53.185619,-3.91539,-0.05642,0.937318,0.00631,0.343821,-15.36893,6.030056,-4.848766,-0.109776,0.988799,-0.095909,-0.032054,7.636187,87.763618,8.653625,-0.052691,0.946354,-0.317981,-0.022918,15.721241,53.086044,15.267933,-0.01257,0.954453,-0.296791,-0.027885,21.129799,15.600231,43.63134,-0.05642,0.937318,0.00631,0.343821,-5.560094,0.641335,-15.512477,-0.01257,0.954453,-0.296791,-0.027885,20.729837,2.492696,35.44606
617,5.141667,-0.032678,0.998177,-0.003943,-0.050593,-1.798444,87.161743,9.277457,-0.00956,0.971056,0.178241,-0.15871,-2.307387,94.898895,9.242063,-0.107938,0.978486,0.006187,-0.175717,-1.509917,114.54351,16.568779,-0.026192,0.994765,0.031045,-0.093766,-5.951962,135.2948,17.632057,0.000746,0.998565,-0.052903,-0.008264,-6.98629,150.010818,16.755037,-0.100409,0.976197,0.166877,0.095442,-8.207487,129.073364,19.324677,-0.539895,-0.021857,0.665353,-0.515112,-24.527994,126.286873,15.593353,-0.661919,-0.499113,0.284777,0.481302,-21.998955,111.559319,-0.894241,0.145177,0.235495,-0.656191,-0.702053,-11.836119,139.538162,2.201889,-0.187555,0.928455,0.139,-0.288918,-1.341157,130.674896,16.754059,-0.191457,0.832447,-0.081747,-0.513511,11.603311,137.948929,8.533619,-0.122935,0.724856,0.051073,-0.675916,20.488422,143.17363,-11.186811,-0.023936,0.656709,0.1794,-0.732104,21.961092,149.669571,-36.600395,-0.002724,0.978615,0.199995,-0.048029,-11.18588,86.54863,10.234973,0.039477,0.997871,0.007653,0.051344,-11.688551,53.229618,-3.951012,-0.056465,0.937296,0.005098,0.343893,-15.379293,6.065398,-4.865543,-0.106317,0.988071,-0.097006,-0.054796,7.588992,87.774864,8.319942,-0.056551,0.944463,-0.320084,-0.048359,15.58307,53.058479,14.840611,-0.019447,0.9501,-0.304433,-0.065214,22.102371,15.739557,43.190529,-0.056465,0.937296,0.005098,0.343893,-5.571426,0.644885,-15.514014,-0.019447,0.9501,-0.304433,-0.065214,20.983828,2.495849,35.296276
618,5.15,-0.03342,0.997529,-0.004362,-0.061647,-1.822338,87.165085,9.177613,-0.006984,0.968604,0.178796,-0.172595,-2.343498,94.901421,9.142083,-0.110699,0.97548,0.006655,-0.190106,-1.332373,114.541016,16.460514,-0.028626,0.993592,0.030816,-0.104913,-5.867525,135.266418,17.630718,-0.000648,0.998277,-0.056672,-0.015167,-7.004128,149.975876,16.770311,-0.100564,0.976993,0.169971,0.080508,-8.034649,129.0336,19.39546,-0.53271,-0.030076,0.669991,-0.516167,-24.443289,126.163086,16.145376,-0.66084,-0.494249,0.292301,0.48329,-22.208887,111.485634,-0.429241,0.143823,0.22977,-0.65927,-0.701344,-12.024583,139.469742,2.304241,-0.190903,0.922327,0.139975,-0.305411,-1.256382,130.673355,16.623137,-0.196568,0.825315,-0.077244,-0.523688,11.312344,138.101135,7.968565,-0.118262,0.732533,0.048446,-0.668627,19.63945,143.520706,-11.941875,-0.016445,0.667463,0.171065,-0.724541,21.697926,149.81012,-37.521236,-0.003488,0.977689,0.20202,-0.057449,-11.185385,86.539688,10.343361,0.038642,0.998154,0.007875,0.046181,-11.778998,53.279984,-3.977652,-0.056461,0.937201,0.003454,0.344171,-15.394727,6.109914,-4.890389,-0.103123,0.986858,-0.097921,-0.076733,7.540709,87.790474,8.011866,-0.06058,0.942301,-0.321611,-0.070461,15.456314,53.038551,14.438251,-0.025161,0.944677,-0.311344,-0.100083,23.003025,15.856978,42.713676,-0.056461,0.937201,0.003454,0.344171,-5.584803,0.645903,-15.514708,-0.025161,0.944677,-0.311344,-0.100083,21.21839,2.494886,35.148243
619,5.158333,-0.034295,0.996775,-0.00494,-0.072379,-1.837392,87.159637,9.086949,-0.004663,0.965992,0.179156,-0.186389,-2.373068,94.894966,9.049085,-0.1131,0.972272,0.007233,-0.204554,-1.15999,114.543213,16.353189,-0.031668,0.992294,0.029797,-0.116022,-5.770161,135.245422,17.635204,-0.00201,0.997961,-0.059952,-0.021831,-7.029007,149.944809,16.772717,-0.102661,0.977322,0.173221,0.065549,-7.8507,129.00322,19.469576,-0.526621,-0.038108,0.675087,-0.515243,-24.31904,125.982956,16.691416,-0.657957,-0.488824,0.300952,0.487413,-22.41407,111.396263,-0.004022,0.141196,0.222842,-0.662379,-0.701184,-12.216022,139.410645,2.403537,-0.19394,0.916076,0.140339,-0.321709,-1.166086,130.675919,16.496775,-0.200405,0.8185,-0.071994,-0.533584,11.016052,138.239029,7.417057,-0.114777,0.739495,0.045966,-0.66171,18.809731,143.829407,-12.661398,-0.010137,0.679742,0.161138,-0.71546,21.406126,149.942215,-38.32653,-0.003843,0.97667,0.204229,-0.066269,-11.172114,86.51989,10.454581,0.037602,0.998427,0.00796,0.040822,-11.880562,53.32539,-4.011756,-0.056778,0.937189,0.002018,0.344164,-15.402678,6.147951,-4.909094,-0.100149,0.985405,-0.098324,-0.096328,7.49733,87.799377,7.719317,-0.063706,0.939752,-0.323098,-0.091738,15.331617,53.009396,14.038565,-0.029912,0.93864,-0.317509,-0.13133,23.802198,15.955314,42.219513,-0.056778,0.937189,0.002018,0.344164,-5.593228,0.649191,-15.51591,-0.029912,0.93864,-0.317509,-0.13133,21.432354,2.493246,34.999905
620,5.166667,-0.034665,0.995954,-0.005657,-0.08272,-1.860226,87.147797,9.005877,-0.002124,0.962979,0.179807,-0.200837,-2.402885,94.882622,8.96297,-0.116109,0.968569,0.006975,-0.219875,-0.970842,114.542175,16.259722,-0.035641,0.990802,0.027614,-0.127588,-5.68475,135.21524,17.631716,-0.002445,0.997654,-0.062271,-0.028352,-7.098519,149.898788,16.740276,-0.102547,0.9778,0.175507,0.050882,-7.662959,128.963821,19.546188,-0.520466,-0.044713,0.680132,-0.51433,-24.190056,125.863373,17.246489,-0.654938,-0.482376,0.310563,0.491854,-22.61371,111.331177,0.469458,0.136047,0.214862,-0.665195,-0.702026,-12.401546,139.343018,2.493189,-0.196691,0.909813,0.140815,-0.337229,-1.086296,130.674774,16.361906,-0.202503,0.811737,-0.065306,-0.543886,10.712222,138.360977,6.88754,-0.11233,0.746034,0.043523,-0.654921,17.974346,144.095673,-13.348889,-0.006234,0.692896,0.14916,-0.705414,21.079237,150.059875,-39.037304,-0.0042,0.975712,0.206283,-0.073592,-11.164133,86.503716,10.56767,0.036796,0.998656,0.008205,0.035563,-11.966887,53.370495,-4.033593,-0.056971,0.93713,0.000493,0.344298,-15.416797,6.187755,-4.932854,-0.098194,0.983802,-0.098464,-0.113121,7.443683,87.791878,7.444085,-0.066141,0.937026,-0.324421,-0.111168,15.247792,52.975811,13.656063,-0.031932,0.932177,-0.323312,-0.159676,24.525896,16.032761,41.728287,-0.056971,0.93713,0.000493,0.344298,-5.60617,0.650779,-15.518681,-0.031932,0.932177,-0.323312,-0.159676,21.596813,2.489504,34.87505
621,5.175,-0.035366,0.995048,-0.006337,-0.092678,-1.866537,87.139824,8.928518,0.000765,0.95983,0.179925,-0.215297,-2.421381,94.873756,8.881557,-0.119912,0.964499,0.007084,-0.235185,-0.76088,114.546791,16.139975,-0.037174,0.989237,0.02622,-0.13907,-5.604964,135.181641,17.628788,-0.004149,0.997266,-0.064701,-0.03546,-7.100108,149.8564,16.725224,-0.104739,0.97751,0.179273,0.03696,-7.468846,128.917084,19.613729,-0.513678,-0.052707,0.684811,-0.51419,-24.022028,125.666702,17.750015,-0.650436,-0.476561,0.320766,0.496922,-22.764526,111.200966,0.888839,0.128634,0.205588,-0.66731,-0.70419,-12.5965,139.275055,2.574181,-0.199057,0.903469,0.141417,-0.352308,-1.010223,130.677979,16.221848,-0.20348,0.805233,-0.05862,-0.553859,10.403584,138.473663,6.373057,-0.111892,0.752081,0.04006,-0.648266,17.160828,144.320572,-14.00564,-0.006636,0.706504,0.135048,-0.694673,20.733557,150.172226,-39.675308,-0.00422,0.974744,0.208299,-0.080422,-11.136484,86.485397,10.676808,0.035899,0.99887,0.008405,0.029988,-12.051925,53.412724,-4.054502,-0.057287,0.937151,-0.000932,0.344188,-15.421494,6.224126,-4.95084,-0.096455,0.982353,-0.098318,-0.126542,7.403411,87.794243,7.180227,-0.068212,0.934379,-0.325593,-0.127559,15.167871,52.951588,13.291998,-0.032524,0.925807,-0.329493,-0.18237,25.129873,16.106949,41.258984,-0.057287,0.937151,-0.000932,0.344188,-5.613655,0.652611,-15.521111,-0.032524,0.925807,-0.329493,-0.18237,21.75305,2.486244,34.775185
622,5.183333,-0.035573,0.994065,-0.007398,-0.102544,-1.875247,87.12973,8.867205,0.003724,0.956542,0.179819,-0.229519,-2.435401,94.863213,8.809725,-0.123721,0.960218,0.007453,-0.25024,-0.548837,114.541756,16.011602,-0.039866,0.987555,0.023354,-0.150337,-5.518094,135.136932,17.631393,-0.005122,0.996898,-0.066164,-0.042324,-7.134345,149.795792,16.679485,-0.105467,0.977466,0.181456,0.022617,-7.266503,128.859299,19.67906,-0.506394,-0.060979,0.689458,-0.514289,-23.8435,125.499298,18.279051,-0.646114,-0.469946,0.331178,0.502004,-22.912102,111.093483,1.345562,0.119946,0.194842,-0.669851,-0.706363,-12.774097,139.202927,2.657857,-0.20115,0.897017,0.141977,-0.367073,-0.931498,130.67038,16.086409,-0.202437,0.798754,-0.049952,-0.564372,10.09334,138.564041,5.87908,-0.112261,0.75761,0.036249,-0.641959,16.346207,144.505493,-14.632842,-0.01073,0.719817,0.11854,-0.683883,20.344873,150.258316,-40.247395,-0.003935,0.973774,0.210365,-0.086571,-11.108493,86.475311,10.799985,0.034906,0.999065,0.008784,0.023963,-12.150095,53.465153,-4.062575,-0.05718,0.937158,-0.002551,0.34418,-15.430398,6.270519,-4.972255,-0.095347,0.981152,-0.098036,-0.136523,7.358,87.784149,6.934425,-0.069915,0.931966,-0.326733,-0.140704,15.103619,52.922081,12.958795,-0.03283,0.919983,-0.334846,-0.201075,25.620455,16.170073,40.844418,-0.05718,0.937158,-0.002551,0.34418,-5.628155,0.654839,-15.524338,-0.03283,0.919983,-0.334846,-0.201075,21.883562,2.48905,34.693687
623,5.191667,-0.036117,0.993003,-0.008216,-0.112129,-1.880737,87.115669,8.804356,0.006482,0.953281,0.179051,-0.243215,-2.451207,94.848343,8.74064,-0.127044,0.95586,0.008449,-0.264801,-0.359654,114.529083,15.853709,-0.043004,0.985729,0.020712,-0.161431,-5.425129,135.088196,17.62653,-0.005965,0.996481,-0.067604,-0.049201,-7.174997,149.729233,16.637501,-0.105875,0.977324,0.183196,0.008196,-7.065523,128.798309,19.72538,-0.49828,-0.069711,0.693793,-0.515276,-23.654682,125.33696,18.795126,-0.642024,-0.463527,0.341454,0.506317,-23.040895,110.973068,1.811586,0.110528,0.184638,-0.672179,-0.708426,-12.957197,139.119614,2.737143,-0.202993,0.890763,0.142447,-0.380847,-0.855586,130.654556,15.942451,-0.200929,0.792753,-0.04159,-0.573969,9.794285,138.633698,5.408704,-0.114105,0.762158,0.031343,-0.636485,15.588056,144.660156,-15.212952,-0.01792,0.732045,0.100395,-0.67358,19.93457,150.336243,-40.777458,-0.003582,0.972796,0.212236,-0.092793,-11.074331,86.454819,10.915723,0.03401,0.999209,0.009217,0.018443,-12.248436,53.501724,-4.06316,-0.05769,0.937029,-0.003834,0.344432,-15.448282,6.301978,-4.994033,-0.094829,0.980401,-0.097612,-0.142456,7.312858,87.77652,6.692988,-0.071575,0.930203,-0.327743,-0.148947,15.054232,52.901299,12.646283,-0.032095,0.914913,-0.340484,-0.214416,25.974586,16.234047,40.48835,-0.05769,0.937029,-0.003834,0.344432,-5.638112,0.658403,-15.523844,-0.032095,0.914913,-0.340484,-0.214416,21.977976,2.493113,34.641972
624,5.2,-0.0369,0.991877,-0.009135,-0.121384,-1.868684,87.093735,8.74739,0.008645,0.949801,0.178843,-0.256552,-2.453468,94.825279,8.67633,-0.130239,0.951394,0.008622,-0.278948,-0.178029,114.509476,15.728492,-0.045216,0.983872,0.017791,-0.172151,-5.341455,135.033524,17.620951,-0.007165,0.996037,-0.068669,-0.056069,-7.199443,149.657944,16.584332,-0.106733,0.976901,0.18505,-0.005328,-6.872786,128.735107,19.77585,-0.490275,-0.07813,0.698232,-0.515751,-23.457067,125.162384,19.282106,-0.637642,-0.456838,0.351586,0.510978,-23.173655,110.840843,2.254149,0.100896,0.173866,-0.674703,-0.710188,-13.137902,139.026505,2.807719,-0.20439,0.884609,0.142646,-0.394136,-0.790647,130.630966,15.809399,-0.19832,0.78754,-0.03257,-0.582571,9.490313,138.67659,4.964297,-0.116769,0.765584,0.026072,-0.632112,14.887692,144.782959,-15.741235,-0.026801,0.742513,0.080376,-0.664452,19.497999,150.406296,-41.282833,-0.003041,0.971749,0.214135,-0.099203,-11.020325,86.422523,11.030751,0.033136,0.999324,0.009632,0.012657,-12.344934,53.527824,-4.063483,-0.058295,0.93693,-0.004669,0.344588,-15.467066,6.323266,-5.014121,-0.094815,0.980031,-0.096997,-0.145403,7.282957,87.764946,6.464028,-0.072689,0.92896,-0.328822,-0.15371,15.035198,52.880878,12.35099,-0.031226,0.910805,-0.345745,-0.223427,26.20849,16.295916,40.200951,-0.058295,0.93693,-0.004669,0.344588,-5.648903,0.664646,-15.5284,-0.031226,0.910805,-0.345745,-0.223427,22.0411,2.499749,34.609447
625,5.208333,-0.037251,0.99071,-0.010086,-0.130398,-1.861262,87.072144,8.69525,0.010495,0.946479,0.178101,-0.268976,-2.453981,94.803009,8.615627,-0.133218,0.947034,0.009081,-0.292055,-0.021984,114.488945,15.585014,-0.047628,0.981942,0.015201,-0.182459,-5.270681,134.979294,17.603878,-0.00779,0.995553,-0.069542,-0.063071,-7.240716,149.586487,16.531769,-0.107848,0.976449,0.185777,-0.020098,-6.699548,128.672592,19.804457,-0.482494,-0.08709,0.701902,-0.51667,-23.26296,124.971306,19.790493,-0.633662,-0.450412,0.361564,0.514658,-23.274153,110.70211,2.716307,0.092016,0.163127,-0.676731,-0.71201,-13.313551,138.925095,2.877914,-0.205043,0.878855,0.142889,-0.406392,-0.74152,130.606003,15.671259,-0.195813,0.783444,-0.024865,-0.589283,9.197346,138.693863,4.542396,-0.120736,0.766993,0.020403,-0.629864,14.288638,144.868988,-16.220184,-0.036387,0.751284,0.060314,-0.656209,19.00593,150.477463,-41.782677,-0.002651,0.970703,0.215857,-0.105523,-10.969487,86.399063,11.145541,0.032332,0.999406,0.010184,0.006185,-12.43294,53.557819,-4.051919,-0.058888,0.936851,-0.005741,0.344687,-15.484877,6.349313,-5.034001,-0.095314,0.979585,-0.096769,-0.148204,7.246964,87.745232,6.244959,-0.073426,0.928387,-0.32983,-0.154656,15.048734,52.864826,12.088022,-0.030343,0.907856,-0.350348,-0.228326,26.327053,16.35285,39.991371,-0.058888,0.936851,-0.005741,0.344687,-5.66077,0.669151,-15.531093,-0.030343,0.907856,-0.350348,-0.228326,22.070255,2.507149,34.592999
626,5.216667,-0.037812,0.98952,-0.010756,-0.138941,-1.849725,87.052277,8.634181,0.012202,0.943209,0.177302,-0.280662,-2.453135,94.782265,8.550599,-0.135978,0.942755,0.009648,-0.304353,0.121901,114.468674,15.435081,-0.05007,0.979993,0.012631,-0.192216,-5.201039,134.926987,17.580338,-0.008569,0.995036,-0.070379,-0.069829,-7.283135,149.516098,16.474455,-0.108149,0.97579,0.187155,-0.033328,-6.532914,128.612793,19.819897,-0.474504,-0.094338,0.705069,-0.518483,-23.070129,124.818932,20.236755,-0.630245,-0.444872,0.370911,0.517015,-23.338114,110.542152,3.170995,0.084813,0.152914,-0.678617,-0.713374,-13.486329,138.816101,2.945949,-0.205834,0.87348,0.142369,-0.417607,-0.696121,130.580948,15.532978,-0.196356,0.781412,-0.024505,-0.59181,8.918044,138.701874,4.145934,-0.129294,0.765891,0.011898,-0.629724,13.867094,144.884857,-16.648684,-0.046884,0.757821,0.038815,-0.649617,18.489542,150.56163,-42.270756,-0.002354,0.969598,0.217358,-0.112386,-10.913642,86.372932,11.241996,0.031639,0.999442,0.010674,0.000856,-12.517709,53.578697,-4.042523,-0.059939,0.936692,-0.006593,0.344923,-15.509356,6.366974,-5.054671,-0.095992,0.979407,-0.096581,-0.149061,7.214191,87.731613,6.026367,-0.073153,0.927972,-0.331102,-0.154554,15.066833,52.857964,11.841551,-0.030618,0.905836,-0.35458,-0.229777,26.333731,16.421806,39.848431,-0.059939,0.936692,-0.006593,0.344923,-5.670565,0.676542,-15.532435,-0.030618,0.905836,-0.35458,-0.229777,22.079655,2.521279,34.590633
627,5.225,-0.03831,0.988301,-0.011015,-0.147214,-1.833805,87.024597,8.571963,0.013011,0.940105,0.176381,-0.291414,-2.446107,94.753906,8.490604,-0.137651,0.938756,0.010097,-0.315732,0.226051,114.43763,15.294835,-0.052747,0.977989,0.01044,-0.201611,-5.129846,134.876114,17.544571,-0.009054,0.99448,-0.071136,-0.076596,-7.328206,149.446625,16.418552,-0.108493,0.974995,0.188286,-0.046508,-6.381101,128.559113,19.822376,-0.467063,-0.1009,0.70878,-0.518943,-22.880068,124.67128,20.668152,-0.627111,-0.438755,0.379601,0.519739,-23.438583,110.399483,3.605275,0.07882,0.142885,-0.680638,-0.714215,-13.650171,138.701263,3.005455,-0.206591,0.868747,0.141609,-0.427255,-0.657085,130.546463,15.394564,-0.198634,0.780181,-0.027424,-0.592546,8.669797,138.692261,3.788455,-0.14005,0.764035,0.001872,-0.629788,13.539992,144.865768,-17.027578,-0.058285,0.761212,0.015956,-0.645682,18.018484,150.650208,-42.742382,-0.001938,0.968498,0.218661,-0.119145,-10.852227,86.339226,11.331502,0.030874,0.999451,0.011194,-0.004384,-12.603302,53.585999,-4.024667,-0.060918,0.936611,-0.006944,0.344964,-15.528078,6.370816,-5.070598,-0.096782,0.97934,-0.09673,-0.148894,7.184618,87.709976,5.812425,-0.072654,0.927948,-0.332316,-0.152318,15.0933,52.849461,11.630373,-0.03184,0.904658,-0.357867,-0.229154,26.263649,16.482635,39.765747,-0.060918,0.936611,-0.006944,0.344964,-5.67847,0.682227,-15.539193,-0.03184,0.904658,-0.357867,-0.229154,22.068205,2.531922,34.594475
628,5.233333,-0.038692,0.98712,-0.011471,-0.154809,-1.813591,86.998611,8.509611,0.0136,0.937131,0.175616,-0.301264,-2.433431,94.72731,8.426901,-0.139367,0.934947,0.010201,-0.326108,0.322476,114.413986,15.163478,-0.055272,0.975987,0.008587,-0.210526,-5.073428,134.832184,17.500187,-0.009295,0.993882,-0.071812,-0.083401,-7.380715,149.385025,16.363674,-0.109396,0.974038,0.189098,-0.059366,-6.246552,128.51326,19.814005,-0.459586,-0.107576,0.712616,-0.519025,-22.692638,124.515305,21.074606,-0.624573,-0.433018,0.387281,0.521937,-23.555765,110.25531,4.014549,0.074836,0.134,-0.681535,-0.715509,-13.816181,138.578476,3.06306,-0.20694,0.864754,0.13984,-0.435685,-0.629633,130.518921,15.259109,-0.202527,0.77909,-0.032723,-0.592394,8.445409,138.661331,3.452703,-0.150911,0.762522,-0.00779,-0.629067,13.254109,144.820709,-17.381815,-0.068754,0.761005,-0.004196,-0.645079,17.628584,150.733704,-43.189953,-0.001646,0.967351,0.21996,-0.125883,-10.788082,86.309883,11.408048,0.030236,0.999442,0.011517,-0.008349,-12.678361,53.597866,-4.019289,-0.062236,0.936526,-0.007584,0.344947,-15.547277,6.379697,-5.08468,-0.097343,0.979263,-0.097331,-0.148645,7.1609,87.68734,5.611176,-0.072983,0.928632,-0.333118,-0.146111,15.113516,52.843155,11.466922,-0.034004,0.904188,-0.360216,-0.227009,26.1334,16.531363,39.732414,-0.062236,0.936526,-0.007584,0.344947,-5.685166,0.689125,-15.540418,-0.034004,0.904188,-0.360216,-0.227009,22.041227,2.535664,34.60009
629,5.241667,-0.038979,0.986008,-0.011794,-0.161648,-1.798465,86.972771,8.451058,0.013911,0.934444,0.174732,-0.309984,-2.424055,94.701012,8.368433,-0.140359,0.931508,0.010475,-0.335385,0.393315,114.38633,15.036771,-0.058233,0.974006,0.006945,-0.2188,-5.013548,134.792511,17.451881,-0.009603,0.99326,-0.072528,-0.089902,-7.439278,149.325943,16.31373,-0.109597,0.973141,0.189478,-0.071303,-6.123068,128.473526,19.796701,-0.452553,-0.112943,0.716494,-0.518726,-22.514709,124.394714,21.447098,-0.622534,-0.427383,0.394253,0.523794,-23.677097,110.129105,4.409508,0.072165,0.125578,-0.683669,-0.715275,-13.970945,138.458633,3.11613,-0.207612,0.8612,0.137696,-0.443026,-0.602412,130.488647,15.12967,-0.207359,0.777732,-0.038864,-0.592136,8.244216,138.628342,3.149309,-0.158817,0.761667,-0.014827,-0.628029,12.978352,144.781219,-17.704189,-0.074245,0.758662,-0.017334,-0.647008,17.308622,150.797623,-43.607071,-0.001597,0.96624,0.221093,-0.132272,-10.731605,86.281967,11.47407,0.029653,0.999397,0.011831,-0.013693,-12.738131,53.606129,-4.015121,-0.063563,0.936546,-0.007886,0.344644,-15.557968,6.385341,-5.095675,-0.097806,0.97959,-0.097546,-0.14602,7.134673,87.663582,5.428047,-0.073301,0.929225,-0.334124,-0.13975,15.106249,52.828979,11.314985,-0.036874,0.904042,-0.362084,-0.224149,25.970884,16.58507,39.727325,-0.063563,0.936546,-0.007886,0.344644,-5.688837,0.70129,-15.548336,-0.036874,0.904042,-0.362084,-0.224149,22.008617,2.546532,34.610085
630,5.25,-0.039449,0.984965,-0.012134,-0.167753,-1.776472,86.956261,8.394183,0.01409,0.931939,0.17407,-0.31779,-2.41061,94.6838,8.311464,-0.14112,0.928355,0.010581,-0.343701,0.459292,114.369072,14.925438,-0.060492,0.972127,0.005892,-0.226438,-4.953571,134.766037,17.404049,-0.01074,0.992586,-0.073461,-0.096236,-7.472257,149.284454,16.276342,-0.108988,0.972246,0.190012,-0.082185,-6.006303,128.448135,19.777779,-0.445132,-0.117009,0.720479,-0.518725,-22.345766,124.321281,21.787094,-0.620883,-0.421679,0.401103,0.525174,-23.804659,110.006943,4.813309,0.069349,0.118226,-0.684016,-0.716474,-14.133257,138.334518,3.159578,-0.207952,0.857798,0.135569,-0.450066,-0.573628,130.469086,15.01109,-0.212937,0.776503,-0.046258,-0.591237,8.054776,138.595093,2.863457,-0.162204,0.760804,-0.017899,-0.62813,12.731913,144.73642,-18.006298,-0.072876,0.756786,-0.018468,-0.649325,17.011681,150.801392,-44.004398,-0.001514,0.965161,0.222065,-0.138378,-10.670878,86.259911,11.528085,0.029433,0.999342,0.012235,-0.017291,-12.790812,53.615234,-4.011619,-0.064653,0.93622,-0.008479,0.345313,-15.594385,6.394142,-5.120513,-0.097769,0.979954,-0.098234,-0.143117,7.117935,87.652611,5.260281,-0.073723,0.929858,-0.334767,-0.133642,15.076041,52.827229,11.219554,-0.039703,0.904242,-0.36335,-0.220787,25.797302,16.629896,39.745502,-0.064653,0.93622,-0.008479,0.345313,-5.699649,0.708126,-15.547863,-0.039703,0.904242,-0.36335,-0.220787,21.97048,2.556586,34.620697
631,5.258333,-0.039703,0.984112,-0.012549,-0.172599,-1.756703,86.941597,8.332363,0.014276,0.929663,0.173534,-0.324668,-2.396212,94.668663,8.247123,-0.141995,0.925428,0.010569,-0.351153,0.521708,114.356209,14.815217,-0.063111,0.970252,0.004271,-0.23369,-4.904818,134.742661,17.349798,-0.011294,0.9919,-0.07379,-0.10277,-7.529177,149.242126,16.219011,-0.10822,0.971468,0.189826,-0.092217,-5.903252,128.425568,19.748997,-0.438029,-0.120639,0.72425,-0.51869,-22.188988,124.262787,22.092575,-0.619516,-0.416402,0.40715,0.526345,-23.928682,109.896317,5.189441,0.067384,0.110917,-0.684871,-0.717014,-14.28496,138.212769,3.206957,-0.208291,0.854624,0.134141,-0.456333,-0.552019,130.453568,14.894006,-0.217771,0.775456,-0.052887,-0.590294,7.878803,138.57373,2.604554,-0.16087,0.759506,-0.016342,-0.630083,12.5129,144.699783,-18.279287,-0.064575,0.756296,-0.008905,-0.650974,16.694876,150.766891,-44.372513,-0.001503,0.964218,0.222818,-0.143644,-10.619532,86.243629,11.554136,0.029215,0.999293,0.012339,-0.020189,-12.832902,53.623222,-4.023453,-0.06564,0.936026,-0.008855,0.345643,-15.619239,6.401157,-5.134483,-0.097337,0.980526,-0.098874,-0.138993,7.106125,87.639557,5.11059,-0.07461,0.930397,-0.335268,-0.128028,15.014678,52.8172,11.152922,-0.042211,0.904441,-0.364232,-0.218035,25.645941,16.664093,39.768475,-0.06564,0.936026,-0.008855,0.345643,-5.707141,0.717146,-15.546425,-0.042211,0.904441,-0.364232,-0.218035,21.933451,2.56411,34.632908
632,5.266667,-0.039876,0.983408,-0.012999,-0.176493,-1.73902,86.928558,8.274406,0.014099,0.927794,0.172946,-0.330286,-2.382736,94.655235,8.185304,-0.141997,0.923021,0.010527,-0.357432,0.558929,114.345146,14.713899,-0.064759,0.968589,0.003694,-0.24006,-4.85098,134.731613,17.283672,-0.012952,0.991184,-0.07449,-0.108797,-7.544066,149.219879,16.171072,-0.108005,0.970592,0.189847,-0.101216,-5.811977,128.418045,19.707321,-0.430158,-0.125751,0.725634,-0.522118,-22.040209,124.207497,22.34594,-0.618378,-0.413606,0.413053,0.525286,-23.925274,109.75399,5.532825,0.064622,0.10395,-0.685879,-0.717348,-14.43238,138.09964,3.244626,-0.20856,0.851781,0.132782,-0.461888,-0.527527,130.441742,14.777941,-0.220631,0.774263,-0.056963,-0.590419,7.726339,138.553574,2.363498,-0.157339,0.75826,-0.012149,-0.632566,12.298073,144.659195,-18.540064,-0.053728,0.756277,0.003334,-0.652034,16.379337,150.724258,-44.707237,-0.001188,0.963566,0.223233,-0.147328,-10.575888,86.230316,11.566673,0.028949,0.999241,0.012506,-0.022879,-12.875215,53.623264,-4.026423,-0.066615,0.935872,-0.008983,0.345869,-15.639809,6.400132,-5.14632,-0.096686,0.981029,-0.099414,-0.135469,7.097846,87.626801,4.982139,-0.07571,0.930829,-0.335743,-0.122889,14.94379,52.803062,11.0977,-0.044659,0.904449,-0.364967,-0.216277,25.517559,16.695791,39.792339,-0.066615,0.935872,-0.008983,0.345869,-5.712197,0.724366,-15.54798,-0.044659,0.904449,-0.364967,-0.216277,21.89765,2.573146,34.652946
633,5.275,-0.040066,0.982863,-0.013466,-0.179426,-1.719109,86.922333,8.214736,0.013981,0.926222,0.17254,-0.334884,-2.36727,94.648582,8.120975,-0.141661,0.921011,0.010444,-0.362715,0.595995,114.341095,14.620209,-0.066416,0.966999,0.003817,-0.245943,-4.787532,134.731689,17.212553,-0.015034,0.99042,-0.07533,-0.114747,-7.543196,149.210983,16.13722,-0.107515,0.969842,0.189446,-0.109355,-5.72056,128.422516,19.658466,-0.423585,-0.128057,0.729168,-0.522006,-21.894205,124.179901,22.56707,-0.616424,-0.408909,0.41863,0.526844,-24.034143,109.654549,5.846629,0.062106,0.097149,-0.686213,-0.718204,-14.585969,137.99791,3.290521,-0.208855,0.849346,0.130928,-0.466743,-0.491787,130.437653,14.66661,-0.221901,0.7731,-0.058907,-0.591275,7.604848,138.533264,2.138562,-0.154831,0.756796,-0.008627,-0.63499,12.10655,144.617859,-18.786322,-0.046029,0.756929,0.01177,-0.651767,16.068117,150.694412,-45.003105,-0.000847,0.963123,0.223695,-0.14951,-10.53594,86.223282,11.560115,0.028721,0.999185,0.012327,-0.025547,-12.899353,53.631138,-4.054563,-0.067328,0.93586,-0.009258,0.345755,-15.644921,6.406334,-5.150712,-0.095779,0.981379,-0.100166,-0.132996,7.097724,87.621391,4.869356,-0.076561,0.931117,-0.336055,-0.119271,14.871109,52.795887,11.066956,-0.046256,0.904637,-0.365466,-0.214307,25.410492,16.720736,39.81459,-0.067328,0.93586,-0.009258,0.345755,-5.712709,0.73128,-15.548368,-0.046256,0.904637,-0.365466,-0.214307,21.867504,2.582404,34.664738
634,5.283333,-0.039988,0.982491,-0.014309,-0.181404,-1.704479,86.924973,8.165662,0.013933,0.924992,0.172193,-0.338446,-2.353997,94.650963,8.060143,-0.141458,0.919383,0.010125,-0.36691,0.626633,114.342331,14.533624,-0.068285,0.965498,0.003256,-0.251275,-4.742293,134.735641,17.134836,-0.016327,0.989651,-0.075651,-0.120837,-7.569407,149.202499,16.0776,-0.107327,0.969154,0.188488,-0.11702,-5.651088,128.43074,19.600796,-0.417544,-0.130394,0.732325,-0.521877,-21.7672,124.151321,22.763689,-0.614012,-0.404065,0.424194,0.528943,-24.139326,109.565857,6.127119,0.058052,0.089311,-0.686446,-0.719337,-14.733431,137.909409,3.323651,-0.208791,0.847193,0.129667,-0.471017,-0.467388,130.438507,14.559214,-0.221715,0.771943,-0.058763,-0.592869,7.494109,138.515854,1.933153,-0.154801,0.755498,-0.00787,-0.636551,11.915472,144.582245,-19.014128,-0.045576,0.758301,0.013137,-0.650177,15.773315,150.678085,-45.269478,-0.000285,0.962966,0.223657,-0.150579,-10.507932,86.231056,11.547145,0.028574,0.999116,0.012559,-0.028171,-12.927479,53.637634,-4.056256,-0.067907,0.935666,-0.009603,0.346158,-15.662681,6.41259,-5.167528,-0.094811,0.981527,-0.101028,-0.131942,7.098974,87.618896,4.78418,-0.077026,0.931244,-0.33621,-0.117536,14.805123,52.792572,11.060676,-0.048109,0.904768,-0.365506,-0.213276,25.332939,16.734018,39.833363,-0.067907,0.935666,-0.009603,0.346158,-5.715871,0.735916,-15.550327,-0.048109,0.904768,-0.365506,-0.213276,21.851061,2.585952,34.668587
635,5.291667,-0.039996,0.982287,-0.014861,-0.182462,-1.693715,86.929146,8.111588,0.01387,0.924091,0.171796,-0.341101,-2.345028,94.654861,7.998378,-0.140974,0.918123,0.009932,-0.370241,0.645184,114.346039,14.447355,-0.069557,0.964182,0.003484,-0.255934,-4.698882,134.745331,17.05291,-0.018229,0.988867,-0.076252,-0.126472,-7.572989,149.205368,16.029819,-0.107004,0.968496,0.187702,-0.12383,-5.59239,128.444733,19.535437,-0.411329,-0.133182,0.734596,-0.522914,-21.655178,124.138069,22.924534,-0.612142,-0.400329,0.428979,0.53009,-24.208315,109.480904,6.378015,0.054128,0.082159,-0.687031,-0.719937,-14.865868,137.826828,3.355074,-0.208326,0.84523,0.129186,-0.474866,-0.443495,130.442596,14.454402,-0.220081,0.770714,-0.056566,-0.595285,7.401037,138.501862,1.743858,-0.157258,0.754481,-0.00975,-0.637129,11.726776,144.551971,-19.228086,-0.051172,0.759756,0.006484,-0.648159,15.504683,150.67778,-45.50227,3e-06,0.962964,0.223772,-0.150421,-10.489878,86.237419,11.512438,0.028708,0.99908,0.012284,-0.029412,-12.928179,53.647709,-4.095802,-0.068461,0.935519,-0.010063,0.346434,-15.676604,6.422734,-5.17728,-0.093727,0.981511,-0.102023,-0.132072,7.102449,87.620865,4.71074,-0.077264,0.931219,-0.336328,-0.117242,14.741872,52.794384,11.067365,-0.049066,0.904868,-0.365556,-0.212544,25.282404,16.746796,39.849136,-0.068461,0.935519,-0.010063,0.346434,-5.718614,0.74092,-15.546547,-0.049066,0.904868,-0.365556,-0.212544,21.83625,2.593216,34.67551
636,5.3,-0.039925,0.982178,-0.015615,-0.182996,-1.688597,86.938477,8.062612,0.013747,0.923485,0.171461,-0.34291,-2.341026,94.663933,7.938074,-0.140269,0.917252,0.009697,-0.372665,0.65125,114.353439,14.368304,-0.0714,0.963014,0.003844,-0.259792,-4.662823,134.761353,16.967701,-0.019702,0.988172,-0.076877,-0.131215,-7.596466,149.212189,15.984085,-0.106994,0.967806,0.187143,-0.129926,-5.548979,128.46553,19.464918,-0.40608,-0.135188,0.736816,-0.523378,-21.55934,124.125336,23.053474,-0.60973,-0.396483,0.433703,0.531913,-24.281803,109.406433,6.588958,0.04927,0.075263,-0.687487,-0.720603,-14.996439,137.762375,3.375064,-0.207951,0.843651,0.128358,-0.478051,-0.424139,130.450897,14.354745,-0.217691,0.769241,-0.052479,-0.598436,7.322647,138.4888,1.570924,-0.159939,0.753801,-0.012159,-0.637226,11.527557,144.543533,-19.424252,-0.058774,0.760809,-0.00278,-0.646303,15.252408,150.689835,-45.700794,0.000407,0.96321,0.223733,-0.148896,-10.481175,86.250916,11.473565,0.02887,0.999033,0.012092,-0.030877,-12.922549,53.659939,-4.13156,-0.068755,0.935371,-0.010496,0.346762,-15.687299,6.4354,-5.190405,-0.092548,0.981303,-0.103086,-0.133615,7.103982,87.626038,4.651658,-0.076825,0.930912,-0.336555,-0.119296,14.679938,52.799438,11.0832,-0.049611,0.904918,-0.365742,-0.211883,25.247484,16.759909,39.865162,-0.068755,0.935371,-0.010496,0.346762,-5.719758,0.74628,-15.546484,-0.049611,0.904918,-0.365742,-0.211883,21.827517,2.601014,34.688698
637,5.308333,-0.039967,0.982187,-0.016065,-0.182904,-1.689556,86.939857,8.009122,0.013912,0.922975,0.171541,-0.344234,-2.343892,94.665039,7.877792,-0.139676,0.916567,0.009235,-0.374581,0.666579,114.362564,14.307362,-0.073083,0.961956,0.003593,-0.263222,-4.626849,134.777908,16.890471,-0.02104,0.987492,-0.077256,-0.135822,-7.618694,149.218124,15.926608,-0.106861,0.967353,0.186378,-0.134429,-5.506464,128.487076,19.402544,-0.401063,-0.137254,0.738241,-0.5247,-21.477375,124.127754,23.140558,-0.607575,-0.393807,0.437844,0.532974,-24.318398,109.338928,6.758946,0.044916,0.069432,-0.68743,-0.721528,-15.121433,137.710052,3.389346,-0.20759,0.842111,0.128105,-0.480983,-0.400614,130.46051,14.268802,-0.214561,0.767481,-0.047273,-0.602247,7.255801,138.48587,1.422822,-0.161456,0.753262,-0.013218,-0.637459,11.317284,144.547333,-19.598625,-0.064195,0.761644,-0.011116,-0.644712,14.999148,150.713898,-45.874744,0.000717,0.963529,0.223646,-0.14695,-10.482705,86.253029,11.418741,0.029071,0.999013,0.011652,-0.031499,-12.913248,53.659294,-4.182292,-0.069244,0.935288,-0.010545,0.346886,-15.696433,6.434879,-5.197233,-0.091326,0.980963,-0.104164,-0.136094,7.103594,87.626686,4.599502,-0.076958,0.930718,-0.336675,-0.12038,14.619517,52.799988,11.100539,-0.049978,0.904935,-0.365788,-0.211645,25.233221,16.770012,39.877468,-0.069244,0.935288,-0.010545,0.346886,-5.720859,0.750371,-15.548104,-0.049978,0.904935,-0.365788,-0.211645,21.826279,2.608758,34.698875
638,5.316667,-0.039819,0.982275,-0.01662,-0.18241,-1.699088,86.945763,7.966004,0.014257,0.922652,0.171348,-0.34518,-2.352663,94.670845,7.825466,-0.139291,0.916005,0.008989,-0.376102,0.674596,114.368347,14.238962,-0.073733,0.961138,0.003746,-0.266012,-4.603848,134.788437,16.81513,-0.022625,0.986869,-0.07777,-0.139749,-7.620145,149.22496,15.872116,-0.106996,0.966964,0.18556,-0.138205,-5.477656,128.500824,19.337227,-0.397027,-0.139121,0.739667,-0.525269,-21.412643,124.118439,23.199539,-0.605385,-0.39135,0.441307,0.534418,-24.370426,109.285912,6.878201,0.041092,0.064126,-0.688101,-0.721607,-15.236846,137.676102,3.394302,-0.207419,0.840776,0.127954,-0.483426,-0.387329,130.466599,14.185163,-0.211852,0.76576,-0.042521,-0.605741,7.191539,138.485794,1.289436,-0.161963,0.752662,-0.013249,-0.638038,11.116611,144.559235,-19.754461,-0.067285,0.762553,-0.016688,-0.643201,14.748861,150.739151,-46.031231,0.000943,0.963954,0.223447,-0.144438,-10.495878,86.26339,11.367126,0.029324,0.998985,0.011343,-0.032247,-12.899473,53.663231,-4.224667,-0.069454,0.935148,-0.01074,0.347215,-15.70635,6.439537,-5.207523,-0.090478,0.980613,-0.105152,-0.138405,7.097703,87.628136,4.564882,-0.076034,0.930202,-0.336964,-0.124092,14.578441,52.805256,11.126719,-0.050089,0.905029,-0.365674,-0.211415,25.228748,16.780346,39.896477,-0.069454,0.935148,-0.01074,0.347215,-5.721541,0.753036,-15.548396,-0.050089,0.905029,-0.365674,-0.211415,21.828091,2.619815,34.711781
639,5.325,-0.039729,0.982406,-0.017372,-0.181656,-1.703518,86.949417,7.932153,0.014417,0.922513,0.171117,-0.345659,-2.357736,94.674217,7.779414,-0.138951,0.915659,0.0086,-0.377077,0.674941,114.369942,14.178816,-0.073964,0.960523,0.003888,-0.26816,-4.594104,134.794342,16.740046,-0.024113,0.986324,-0.07825,-0.143039,-7.621447,149.229507,15.811767,-0.107112,0.966652,0.185055,-0.140948,-5.464354,128.510025,19.271587,-0.393935,-0.140716,0.740444,-0.526077,-21.372507,124.110115,23.223518,-0.603459,-0.389805,0.44408,0.535427,-24.401329,109.241653,6.947985,0.037679,0.060376,-0.687882,-0.722325,-15.341741,137.649567,3.38829,-0.207476,0.840023,0.127478,-0.484835,-0.383635,130.468338,14.107219,-0.20873,0.763797,-0.036865,-0.609661,7.148132,138.482162,1.1806,-0.161348,0.7523,-0.012226,-0.638641,10.919566,144.576981,-19.885197,-0.069151,0.76309,-0.020727,-0.642248,14.520134,150.762619,-46.160263,0.001182,0.964324,0.223455,-0.141935,-10.505628,86.27095,11.320262,0.029533,0.998966,0.010932,-0.0328,-12.885504,53.671074,-4.275767,-0.069584,0.935083,-0.011123,0.347352,-15.711395,6.447682,-5.217526,-0.089857,0.98033,-0.105972,-0.140173,7.098592,87.627884,4.544044,-0.075138,0.92976,-0.33716,-0.127374,14.555165,52.809441,11.156672,-0.050231,0.905153,-0.365377,-0.211364,25.230492,16.78426,39.916809,-0.069584,0.935083,-0.011123,0.347352,-5.723015,0.7529,-15.550384,-0.050231,0.905153,-0.365377,-0.211364,21.832121,2.626793,34.722252
640,5.333333,-0.039612,0.98257,-0.01811,-0.180718,-1.716062,86.95314,7.901823,0.014776,0.922492,0.170781,-0.345866,-2.370415,94.677673,7.736888,-0.138735,0.915425,0.008313,-0.377731,0.671675,114.370819,14.115578,-0.074861,0.960017,0.003716,-0.269719,-4.59195,134.797974,16.665941,-0.024871,0.985946,-0.078521,-0.145351,-7.649745,149.22728,15.74641,-0.107281,0.966504,0.184455,-0.142606,-5.459557,128.515945,19.20406,-0.391572,-0.142236,0.740905,-0.526783,-21.350517,124.103508,23.210812,-0.601859,-0.388959,0.446108,0.536157,-24.428879,109.212662,6.965061,0.03533,0.057557,-0.688137,-0.722431,-15.437062,137.640701,3.364105,-0.207696,0.839672,0.12703,-0.485466,-0.385346,130.469269,14.031403,-0.207841,0.762171,-0.034426,-0.612138,7.122524,138.482239,1.090354,-0.162067,0.751518,-0.012565,-0.639372,10.775773,144.594208,-19.991297,-0.071352,0.763521,-0.024046,-0.641379,14.313128,150.79071,-46.275269,0.001304,0.964724,0.223131,-0.139707,-10.524778,86.278938,11.273573,0.029889,0.998925,0.010392,-0.033888,-12.873893,53.668606,-4.305232,-0.069984,0.935043,-0.011005,0.347386,-15.732747,6.446129,-5.191737,-0.089597,0.979981,-0.106818,-0.142126,7.092655,87.627342,4.530072,-0.074688,0.929588,-0.337099,-0.129047,14.552198,52.81855,11.190018,-0.05,0.905268,-0.365136,-0.211341,25.239319,16.783047,39.932842,-0.069984,0.935043,-0.011005,0.347386,-5.738927,0.759161,-15.52364,-0.05,0.905268,-0.365136,-0.211341,21.834846,2.629553,34.731461
641,5.341667,-0.039546,0.982739,-0.018807,-0.179738,-1.727888,86.9543,7.878374,0.015228,0.922584,0.170431,-0.345774,-2.382999,94.678513,7.701973,-0.138954,0.915323,0.007918,-0.377905,0.670054,114.370964,14.059649,-0.074288,0.959741,0.003526,-0.270861,-4.607784,134.795807,16.599188,-0.025757,0.98555,-0.078741,-0.147741,-7.654028,149.227219,15.674567,-0.107218,0.966479,0.184233,-0.143111,-5.470079,128.514679,19.141338,-0.389677,-0.14382,0.740741,-0.527987,-21.3566,124.10231,23.165749,-0.601126,-0.389287,0.447134,0.535887,-24.444315,109.191071,6.940481,0.034561,0.05643,-0.688487,-0.722224,-15.521446,137.644165,3.325803,-0.207906,0.839521,0.126576,-0.485756,-0.398761,130.468582,13.966068,-0.208939,0.761205,-0.03507,-0.612929,7.096597,138.48024,1.01696,-0.164191,0.750412,-0.014327,-0.640092,10.686382,144.601685,-20.072834,-0.073987,0.763448,-0.027246,-0.641039,14.136204,150.814072,-46.367878,0.00129,0.964999,0.223146,-0.137769,-10.543386,86.283249,11.232981,0.030058,0.998902,0.009978,-0.034516,-12.860317,53.673397,-4.351665,-0.069986,0.935034,-0.011309,0.347398,-15.734267,6.451073,-5.196688,-0.089438,0.979458,-0.107931,-0.144959,7.087612,87.625351,4.523767,-0.074382,0.929562,-0.336814,-0.130148,14.566135,52.831818,11.241884,-0.04966,0.905499,-0.364492,-0.211543,25.25774,16.773855,39.954853,-0.069986,0.935034,-0.011309,0.347398,-5.740885,0.75618,-15.524647,-0.04966,0.905499,-0.364492,-0.211543,21.837881,2.630062,34.737206
642,5.35,-0.039496,0.982922,-0.019608,-0.178663,-1.740653,86.958321,7.862717,0.015519,0.922932,0.169818,-0.345134,-2.397013,94.682121,7.673267,-0.138974,0.915513,0.007629,-0.377443,0.652215,114.370682,14.002037,-0.074079,0.959681,0.003718,-0.271129,-4.632313,134.795471,16.527981,-0.026547,0.985347,-0.078972,-0.148827,-7.67195,149.228592,15.608218,-0.107437,0.966453,0.184227,-0.143129,-5.496107,128.515167,19.071651,-0.388366,-0.145852,0.740111,-0.529277,-21.380861,124.095627,23.095188,-0.60087,-0.390476,0.447311,0.535161,-24.453259,109.183441,6.867891,0.034677,0.056565,-0.689107,-0.721616,-15.595208,137.660751,3.274867,-0.208176,0.839788,0.126105,-0.4853,-0.419632,130.468063,13.901051,-0.211543,0.760729,-0.038139,-0.612443,7.086936,138.479568,0.958346,-0.16683,0.748864,-0.016456,-0.641171,10.654461,144.601852,-20.134985,-0.076159,0.762863,-0.028519,-0.641425,13.980906,150.83194,-46.437508,0.001838,0.965315,0.222696,-0.136274,-10.563515,86.290382,11.19854,0.029712,0.998865,0.010051,-0.035846,-12.890218,53.666126,-4.354455,-0.070204,0.935003,-0.011118,0.347444,-15.732877,6.441989,-5.203726,-0.089721,0.979343,-0.108515,-0.145128,7.082211,87.626251,4.526895,-0.074248,0.92964,-0.33653,-0.1304,14.587459,52.845539,11.281468,-0.049341,0.905625,-0.364132,-0.211701,25.272392,16.767565,39.971783,-0.070204,0.935003,-0.011118,0.347444,-5.7356,0.75472,-15.532121,-0.049341,0.905625,-0.364132,-0.211701,21.840204,2.629814,34.745853
643,5.358333,-0.039515,0.983139,-0.020034,-0.17741,-1.758036,86.958786,7.84697,0.015832,0.923485,0.169025,-0.344029,-2.415622,94.682304,7.650238,-0.138927,0.915935,0.007461,-0.376438,0.62625,114.378098,13.947386,-0.073687,0.959796,0.003825,-0.270825,-4.661951,134.803543,16.460247,-0.027227,0.985218,-0.079301,-0.149381,-7.689047,149.239212,15.539133,-0.108039,0.966529,0.184294,-0.142075,-5.531927,128.523499,19.002445,-0.388466,-0.146161,0.740181,-0.52902,-21.422476,124.09021,22.987762,-0.600353,-0.391088,0.447079,0.535487,-24.503494,109.190811,6.750354,0.035092,0.057395,-0.689181,-0.72146,-15.661194,137.681198,3.206674,-0.208311,0.840403,0.125601,-0.484308,-0.443888,130.475555,13.842911,-0.214412,0.760579,-0.042004,-0.611378,7.093429,138.482727,0.915405,-0.169084,0.747175,-0.018219,-0.642501,10.664613,144.597351,-20.179527,-0.077756,0.761624,-0.027848,-0.642734,13.855807,150.838989,-46.487488,0.001114,0.965377,0.223159,-0.135075,-10.589304,86.29129,11.160562,0.030132,0.99888,0.009198,-0.035311,-12.850565,53.681839,-4.433094,-0.069298,0.935077,-0.011455,0.347416,-15.729609,6.458527,-5.201904,-0.090205,0.979187,-0.109238,-0.145335,7.073232,87.626289,4.533379,-0.074126,0.929793,-0.336166,-0.130319,14.621067,52.863293,11.331576,-0.048704,0.905925,-0.363414,-0.211799,25.289238,16.760445,39.996815,-0.069298,0.935077,-0.011455,0.347416,-5.743764,0.751862,-15.530656,-0.048704,0.905925,-0.363414,-0.211799,21.836815,2.634548,34.752201
644,5.366667,-0.039474,0.983394,-0.020464,-0.175954,-1.781196,86.962463,7.83596,0.01617,0.924192,0.16843,-0.342403,-2.439028,94.68576,7.631592,-0.138835,0.91662,0.007044,-0.374811,0.595577,114.384338,13.905339,-0.073656,0.960031,0.0036,-0.270003,-4.70022,134.811157,16.391096,-0.027292,0.985199,-0.079317,-0.149487,-7.726,149.24646,15.45997,-0.108546,0.966706,0.184438,-0.14029,-5.579813,128.53215,18.932592,-0.388942,-0.146619,0.739649,-0.529289,-21.483755,124.092079,22.856464,-0.60031,-0.392485,0.44626,0.535197,-24.535686,109.207405,6.600073,0.035863,0.059114,-0.689528,-0.720951,-15.716002,137.710373,3.125534,-0.20836,0.841201,0.125301,-0.482978,-0.47304,130.481842,13.7907,-0.21781,0.760792,-0.04692,-0.609552,7.107257,138.485474,0.886147,-0.171484,0.745432,-0.02034,-0.643826,10.712264,144.58725,-20.206755,-0.079584,0.760121,-0.026344,-0.644352,13.764998,150.832092,-46.519184,0.000742,0.965509,0.223003,-0.134392,-10.622254,86.296425,11.123636,0.030153,0.998882,0.008856,-0.035309,-12.844999,53.681858,-4.464859,-0.069357,0.935126,-0.011388,0.347273,-15.724892,6.458077,-5.201279,-0.090911,0.979172,-0.109735,-0.14462,7.059863,87.628502,4.548284,-0.073967,0.930017,-0.335778,-0.129809,14.657232,52.882648,11.378903,-0.048709,0.906232,-0.362847,-0.211456,25.292048,16.752888,40.022629,-0.069357,0.935126,-0.011388,0.347273,-5.741426,0.753554,-15.533513,-0.048709,0.906232,-0.362847,-0.211456,21.843109,2.633788,34.757458
645,5.375,-0.039676,0.983654,-0.020787,-0.174409,-1.794593,86.966621,7.82557,0.016298,0.925068,0.167714,-0.340376,-2.456047,94.689468,7.615796,-0.138756,0.917507,0.006588,-0.372672,0.558469,114.390305,13.865143,-0.073394,0.96046,0.003735,-0.268543,-4.747362,134.818298,16.319483,-0.027422,0.985301,-0.079257,-0.148821,-7.760958,149.255875,15.384023,-0.109046,0.966998,0.184667,-0.137559,-5.639421,128.540176,18.858786,-0.390245,-0.146164,0.73903,-0.52932,-21.565422,124.098625,22.690439,-0.600408,-0.394042,0.445002,0.534989,-24.570677,109.228111,6.412399,0.036884,0.061254,-0.690172,-0.720104,-15.756737,137.745087,3.025539,-0.208444,0.842193,0.125497,-0.481157,-0.508318,130.487854,13.740401,-0.219235,0.760836,-0.049414,-0.608788,7.130375,138.496353,0.873365,-0.172238,0.744105,-0.020616,-0.645149,10.749107,144.580811,-20.222191,-0.080498,0.75871,-0.023418,-0.646011,13.693643,150.830002,-46.533966,0.000317,0.965511,0.222908,-0.13454,-10.645586,86.297096,11.085696,0.030158,0.998939,0.008336,-0.0338,-12.840065,53.679447,-4.500361,-0.069004,0.935238,-0.011172,0.347051,-15.717684,6.454849,-5.191929,-0.091713,0.979311,-0.110103,-0.142885,7.0564,87.636147,4.565443,-0.073858,0.930364,-0.3353,-0.128617,14.701579,52.906765,11.426364,-0.048884,0.906566,-0.36221,-0.211073,25.28554,16.745127,40.048695,-0.069004,0.935238,-0.011172,0.347051,-5.742569,0.751444,-15.532848,-0.048884,0.906566,-0.36221,-0.211073,21.844145,2.632976,34.760002
646,5.383333,-0.039763,0.983962,-0.021184,-0.172595,-1.812042,86.972336,7.819005,0.0163,0.92605,0.167224,-0.337936,-2.475496,94.694809,7.60218,-0.138814,0.91857,0.005949,-0.370035,0.515014,114.397499,13.839537,-0.072868,0.961062,0.003557,-0.266529,-4.81012,134.825165,16.254601,-0.0273,0.985493,-0.079047,-0.147684,-7.805033,149.265472,15.301668,-0.109559,0.967432,0.184726,-0.13397,-5.715339,128.547852,18.791262,-0.392048,-0.14566,0.737953,-0.52963,-21.670614,124.110054,22.503637,-0.600817,-0.396217,0.443312,0.534327,-24.598547,109.25766,6.194995,0.038523,0.064019,-0.691004,-0.718979,-15.798196,137.789032,2.912584,-0.208305,0.843477,0.125225,-0.479034,-0.555076,130.49472,13.701972,-0.220115,0.761037,-0.051114,-0.608078,7.154763,138.494888,0.872234,-0.172249,0.743037,-0.019821,-0.6464,10.794705,144.566681,-20.223318,-0.080315,0.756979,-0.019396,-0.648194,13.649255,150.828796,-46.523685,-0.000387,0.965479,0.222714,-0.135087,-10.674813,86.301537,11.046709,0.030171,0.999001,0.007802,-0.032026,-12.826973,53.677612,-4.532104,-0.068348,0.935452,-0.010962,0.346608,-15.702961,6.452274,-5.178274,-0.092674,0.979541,-0.11031,-0.140512,7.050729,87.643127,4.591299,-0.073707,0.930731,-0.334782,-0.127388,14.748815,52.92989,11.474748,-0.048776,0.906935,-0.361571,-0.21061,25.276794,16.733343,40.073578,-0.068348,0.935452,-0.010962,0.346608,-5.744506,0.745876,-15.533585,-0.048776,0.906935,-0.361571,-0.21061,21.838415,2.629325,34.761292
647,5.391667,-0.04002,0.984318,-0.021511,-0.170453,-1.823736,86.980362,7.815856,0.016261,0.927212,0.166644,-0.335028,-2.491486,94.702301,7.59329,-0.138841,0.919833,0.005362,-0.366882,0.468532,114.404366,13.816039,-0.072046,0.961833,0.003136,-0.263963,-4.875048,134.831985,16.190315,-0.027209,0.985755,-0.078676,-0.146142,-7.843269,149.275894,15.208584,-0.1098,0.967921,0.184937,-0.129891,-5.797131,128.555099,18.72192,-0.394417,-0.144214,0.737436,-0.528986,-21.787136,124.132217,22.300234,-0.601233,-0.397638,0.441413,0.534376,-24.662457,109.303116,5.961062,0.039958,0.06665,-0.691003,-0.718663,-15.829733,137.83374,2.783193,-0.208236,0.844968,0.124806,-0.476539,-0.602107,130.501465,13.667923,-0.219799,0.761188,-0.05091,-0.608021,7.189636,138.492798,0.882244,-0.171112,0.742244,-0.017877,-0.647669,10.838868,144.560989,-20.212738,-0.07921,0.75564,-0.014869,-0.65001,13.623977,150.833679,-46.503628,-0.001104,0.965483,0.22241,-0.135557,-10.700017,86.304718,11.005196,0.030273,0.999059,0.007322,-0.030181,-12.806646,53.671097,-4.559521,-0.067407,0.935611,-0.010573,0.346375,-15.689689,6.445658,-5.165302,-0.093682,0.979894,-0.110288,-0.13736,7.052545,87.656006,4.626516,-0.073387,0.931105,-0.334291,-0.126126,14.799107,52.956009,11.522384,-0.049023,0.90737,-0.360934,-0.209767,25.255602,16.723883,40.102386,-0.067407,0.935611,-0.010573,0.346375,-5.745886,0.73817,-15.534086,-0.049023,0.90737,-0.360934,-0.209767,21.835577,2.626121,34.761719
648,5.4,-0.040193,0.984784,-0.021553,-0.167691,-1.841553,86.983849,7.805269,0.015804,0.928459,0.166276,-0.331762,-2.511425,94.705544,7.580637,-0.138368,0.921233,0.004679,-0.363542,0.403999,114.413849,13.806507,-0.071121,0.962668,0.003247,-0.261156,-4.940635,134.847336,16.12734,-0.027233,0.986056,-0.078605,-0.144128,-7.874563,149.29718,15.130234,-0.110511,0.968541,0.184585,-0.125074,-5.886308,128.572922,18.656418,-0.396972,-0.142979,0.736605,-0.528568,-21.91268,124.156097,22.075949,-0.601991,-0.399479,0.43906,0.534088,-24.717691,109.354866,5.699338,0.041735,0.069686,-0.691042,-0.718236,-15.850059,137.882385,2.639117,-0.208138,0.846655,0.124204,-0.473738,-0.652708,130.511658,13.639431,-0.218693,0.761417,-0.04958,-0.608244,7.230789,138.490555,0.902317,-0.169406,0.741554,-0.015039,-0.648979,10.889551,144.559036,-20.190928,-0.077082,0.754599,-0.010247,-0.651563,13.612308,150.851578,-46.466934,-0.002141,0.965521,0.222143,-0.135709,-10.735228,86.303635,10.944782,0.030371,0.999121,0.006986,-0.028027,-12.769121,53.661655,-4.612085,-0.066562,0.935703,-0.010396,0.346298,-15.659271,6.436321,-5.192077,-0.094772,0.97998,-0.110677,-0.135677,7.052121,87.664063,4.665756,-0.073045,0.931599,-0.333627,-0.124424,14.867059,52.98518,11.590595,-0.048965,0.908008,-0.359925,-0.208755,25.235199,16.706371,40.143543,-0.066562,0.935703,-0.010396,0.346298,-5.726096,0.723634,-15.56817,-0.048965,0.908008,-0.359925,-0.208755,21.828138,2.620822,34.762524
649,5.408333,-0.040307,0.98532,-0.021682,-0.164469,-1.856407,86.993591,7.795873,0.015373,0.929847,0.165885,-0.328072,-2.527616,94.715057,7.567376,-0.138383,0.922746,0.004036,-0.359686,0.34075,114.427437,13.795474,-0.070246,0.963608,0.002817,-0.257908,-5.023962,134.860977,16.068951,-0.026622,0.986429,-0.078159,-0.141915,-7.927674,149.314697,15.040019,-0.11101,0.969191,0.184452,-0.119675,-5.990555,128.586853,18.590773,-0.400065,-0.141157,0.735218,-0.528656,-22.058046,124.185562,21.832825,-0.602872,-0.401657,0.436659,0.533428,-24.749222,109.401283,5.421817,0.043397,0.072599,-0.691023,-0.717867,-15.860542,137.933304,2.479382,-0.207963,0.848455,0.123732,-0.470708,-0.715155,130.525192,13.617596,-0.217205,0.761956,-0.048121,-0.608219,7.267938,138.491425,0.934702,-0.167704,0.741026,-0.012005,-0.650086,10.956933,144.554214,-20.154921,-0.074753,0.753354,-0.005933,-0.653326,13.630979,150.875427,-46.410244,-0.00266,0.965812,0.221501,-0.134677,-10.770153,86.309929,10.877189,0.030494,0.999172,0.006431,-0.026153,-12.744866,53.647499,-4.644345,-0.065653,0.935839,-0.009687,0.346123,-15.644158,6.422168,-5.176974,-0.095732,0.980171,-0.110891,-0.133433,7.05734,87.677261,4.714558,-0.07294,0.932191,-0.332898,-0.121976,14.925814,53.015053,11.662247,-0.049583,0.908671,-0.358869,-0.207538,25.203091,16.688801,40.187729,-0.065653,0.935839,-0.009687,0.346123,-5.72317,0.717366,-15.569067,-0.049583,0.908671,-0.358869,-0.207538,21.827503,2.613166,34.761108
650,5.416667,-0.040282,0.98588,-0.022025,-0.161039,-1.872633,87.010277,7.79393,0.014634,0.931379,0.165397,-0.32398,-2.543499,94.731544,7.55779,-0.138237,0.924425,0.003365,-0.355413,0.261208,114.444542,13.787916,-0.068965,0.964716,0.002673,-0.254087,-5.11855,134.880005,16.007986,-0.026094,0.986895,-0.077672,-0.139012,-7.976768,149.340714,14.950254,-0.111634,0.969813,0.184297,-0.114173,-6.110283,128.606583,18.521814,-0.403461,-0.139122,0.73382,-0.528557,-22.216732,124.217461,21.581928,-0.603776,-0.403512,0.434226,0.532992,-24.791103,109.454109,5.133401,0.044455,0.075193,-0.69048,-0.718058,-15.865189,137.984924,2.304456,-0.207789,0.850698,0.122946,-0.466927,-0.78842,130.542572,13.597465,-0.214634,0.762542,-0.045003,-0.608636,7.317484,138.491272,0.981648,-0.165349,0.740677,-0.008477,-0.651142,11.033287,144.55603,-20.102697,-0.072499,0.751982,-0.002165,-0.655181,13.673774,150.89975,-46.339985,-0.003307,0.966195,0.220826,-0.133013,-10.807533,86.326309,10.813279,0.030767,0.999215,0.005947,-0.024258,-12.703659,53.642525,-4.673059,-0.064663,0.935992,-0.009346,0.345906,-15.626648,6.418204,-5.164786,-0.096801,0.980434,-0.111125,-0.130503,7.062268,87.694244,4.774581,-0.07282,0.932743,-0.33213,-0.119903,14.987117,53.050697,11.751204,-0.049407,0.909347,-0.357659,-0.206707,25.183535,16.67445,40.241966,-0.064663,0.935992,-0.009346,0.345906,-5.720621,0.710612,-15.569605,-0.049407,0.909347,-0.357659,-0.206707,21.813625,2.61448,34.771389
651,5.425,-0.04035,0.986495,-0.022155,-0.157189,-1.878223,87.030151,7.783003,0.013626,0.932894,0.165227,-0.319724,-2.549522,94.751251,7.542427,-0.138021,0.92613,0.002591,-0.351038,0.183861,114.458176,13.789368,-0.067701,0.965827,0.002337,-0.250179,-5.209554,134.896393,15.950316,-0.025529,0.987365,-0.077083,-0.136078,-8.0237,149.363205,14.858535,-0.112035,0.970451,0.184352,-0.108104,-6.227374,128.624283,18.457001,-0.406677,-0.137124,0.732494,-0.528454,-22.376558,124.257294,21.316982,-0.605047,-0.405368,0.431545,0.532319,-24.839846,109.512222,4.835071,0.046018,0.078055,-0.689805,-0.718303,-15.864402,138.039047,2.113323,-0.207857,0.853074,0.122014,-0.462787,-0.858221,130.556503,13.582763,-0.210684,0.763214,-0.040397,-0.609496,7.377348,138.49202,1.042862,-0.162376,0.740331,-0.003847,-0.652326,11.121302,144.552261,-20.0378,-0.069439,0.75075,0.001466,-0.656925,13.729964,150.934357,-46.258469,-0.003647,0.966694,0.220051,-0.130637,-10.836182,86.343224,10.732541,0.031042,0.999264,0.005332,-0.021897,-12.663059,53.634869,-4.710179,-0.063705,0.936118,-0.008825,0.345755,-15.609577,6.411508,-5.150108,-0.097476,0.980725,-0.111345,-0.127594,7.079736,87.717087,4.833465,-0.072608,0.933304,-0.331335,-0.11785,15.033242,53.08659,11.842192,-0.049904,0.91013,-0.356531,-0.205082,25.141439,16.657471,40.296803,-0.063705,0.936118,-0.008825,0.345755,-5.716196,0.706414,-15.56831,-0.049904,0.91013,-0.356531,-0.205082,21.808392,2.608763,34.77496
652,5.433333,-0.040252,0.987169,-0.022435,-0.152883,-1.89705,87.04808,7.778558,0.012728,0.934598,0.164882,-0.314927,-2.566461,94.769112,7.53054,-0.137524,0.928035,0.002056,-0.34617,0.094397,114.475021,13.78817,-0.066887,0.966994,0.001993,-0.245855,-5.299001,134.919159,15.892354,-0.02467,0.987891,-0.076563,-0.132671,-8.080366,149.389847,14.768338,-0.112529,0.971105,0.184099,-0.101979,-6.349957,128.648209,18.388222,-0.410294,-0.134659,0.731116,-0.5282,-22.539055,124.301651,21.04656,-0.606345,-0.40714,0.428947,0.53159,-24.882734,109.574333,4.531382,0.047948,0.080746,-0.689577,-0.718098,-15.859164,138.096375,1.909352,-0.207723,0.855402,0.121471,-0.458676,-0.927811,130.574478,13.570621,-0.207869,0.764715,-0.038036,-0.608732,7.438255,138.49704,1.109158,-0.160383,0.73932,2.7e-05,-0.653974,11.276019,144.540894,-19.959337,-0.066044,0.749403,0.005298,-0.658791,13.801399,150.96759,-46.161663,-0.004062,0.967351,0.219187,-0.127176,-10.880411,86.361465,10.649881,0.031392,0.999303,0.004759,-0.019609,-12.614868,53.625835,-4.745635,-0.062785,0.936293,-0.008399,0.345461,-15.592389,6.403989,-5.137397,-0.098245,0.980999,-0.111588,-0.124644,7.08631,87.734703,4.907235,-0.072684,0.933942,-0.330411,-0.115319,15.074762,53.119041,11.949344,-0.04997,0.911055,-0.355017,-0.203582,25.10458,16.633118,40.358875,-0.062785,0.936293,-0.008399,0.345461,-5.714723,0.699092,-15.570614,-0.04997,0.911055,-0.355017,-0.203582,21.79438,2.602777,34.776913
653,5.441667,-0.040073,0.987895,-0.022636,-0.14814,-1.91468,87.06813,7.770348,0.011876,0.936366,0.164612,-0.309808,-2.580608,94.78923,7.515627,-0.137547,0.929981,0.001285,-0.340904,0.008452,114.4935,13.786594,-0.065725,0.968236,0.001883,-0.241239,-5.408873,134.937469,15.830035,-0.023517,0.98844,-0.075867,-0.12914,-8.144942,149.41452,14.677194,-0.112972,0.971716,0.183805,-0.09603,-6.487919,128.666443,18.313671,-0.414074,-0.132427,0.729416,-0.528165,-22.713604,124.341049,20.776262,-0.607963,-0.409016,0.426163,0.530539,-24.920265,109.636353,4.222089,0.049976,0.083379,-0.688856,-0.71835,-15.84651,138.148163,1.694323,-0.207655,0.858157,0.120713,-0.453735,-1.01156,130.592941,13.557884,-0.204593,0.766611,-0.035695,-0.607598,7.508487,138.5009,1.191834,-0.158417,0.738029,0.004325,-0.655896,11.467802,144.515747,-19.862461,-0.062283,0.747566,0.009284,-0.661196,13.890038,151.003464,-46.051258,-0.004238,0.968109,0.218316,-0.122823,-10.925317,86.382851,10.555223,0.031701,0.999351,0.004022,-0.016622,-12.57039,53.61972,-4.791525,-0.061882,0.936492,-0.008077,0.345092,-15.574753,6.399101,-5.122021,-0.099099,0.981298,-0.111882,-0.121306,7.095957,87.753403,4.985472,-0.072452,0.934562,-0.329432,-0.113219,15.122864,53.154709,12.067199,-0.050367,0.912052,-0.353253,-0.202082,25.060331,16.604492,40.426498,-0.061882,0.936492,-0.008077,0.345092,-5.714556,0.691782,-15.570426,-0.050367,0.912052,-0.353253,-0.202082,21.778797,2.594723,34.77636
654,5.45,-0.040108,0.988668,-0.022712,-0.14287,-1.933679,87.092827,7.758325,0.010463,0.938177,0.16461,-0.304332,-2.598948,94.813835,7.49896,-0.136477,0.932095,0.000677,-0.335519,-0.102648,114.513031,13.800864,-0.064068,0.969497,0.001834,-0.236576,-5.498915,134.969498,15.773588,-0.023056,0.98892,-0.075488,-0.125726,-8.174953,149.455338,14.590524,-0.11402,0.972253,0.183547,-0.089638,-6.620373,128.701813,18.246857,-0.417805,-0.130025,0.728098,-0.527641,-22.878271,124.380447,20.494709,-0.609512,-0.410562,0.423398,0.529781,-24.97142,109.701027,3.903405,0.052527,0.085614,-0.688116,-0.718615,-15.832189,138.20163,1.467672,-0.207351,0.860922,0.119959,-0.448807,-1.084947,130.614548,13.554311,-0.201757,0.768986,-0.034376,-0.605617,7.590338,138.50145,1.283111,-0.15683,0.736349,0.008345,-0.658123,11.707873,144.479568,-19.751286,-0.058623,0.745035,0.013679,-0.664304,13.998325,151.03241,-45.931408,-0.004386,0.968941,0.217144,-0.118251,-10.973265,86.404266,10.446907,0.032021,0.999381,0.003418,-0.014193,-12.525318,53.604271,-4.830634,-0.061189,0.936641,-0.007539,0.344822,-15.558356,6.385162,-5.110921,-0.099916,0.981742,-0.111984,-0.116874,7.105907,87.781395,5.069742,-0.072377,0.935223,-0.328386,-0.110826,15.159064,53.196133,12.187152,-0.050172,0.913103,-0.351678,-0.200122,25.008852,16.579786,40.491676,-0.061189,0.936641,-0.007539,0.344822,-5.710513,0.683705,-15.574169,-0.050172,0.913103,-0.351678,-0.200122,21.753952,2.590302,34.776245
655,5.458333,-0.040071,0.989487,-0.022892,-0.137061,-1.960111,87.113861,7.753012,0.009756,0.940088,0.16459,-0.298411,-2.623654,94.834778,7.486907,-0.136189,0.93426,3.3e-05,-0.329562,-0.195471,114.531601,13.81144,-0.063719,0.970743,0.000887,-0.231511,-5.602032,134.991425,15.720077,-0.021207,0.989511,-0.074475,-0.121946,-8.259485,149.476715,14.489256,-0.115242,0.972738,0.183357,-0.082949,-6.759304,128.723984,18.177397,-0.42378,-0.124439,0.729591,-0.522133,-23.046883,124.402603,20.198994,-0.610117,-0.409165,0.420414,0.532535,-25.173622,109.796211,3.547615,0.055153,0.087975,-0.687383,-0.718834,-15.809774,138.249283,1.227875,-0.207444,0.863837,0.118733,-0.443459,-1.163224,130.633865,13.556168,-0.19895,0.772152,-0.033899,-0.602537,7.672745,138.503769,1.389138,-0.15582,0.734142,0.012596,-0.660755,12.005941,144.431351,-19.616224,-0.054166,0.74182,0.017903,-0.668168,14.125344,151.078384,-45.785915,-0.005251,0.969666,0.216384,-0.113568,-11.030508,86.42334,10.335223,0.032757,0.999399,0.002388,-0.011099,-12.441719,53.600098,-4.906,-0.059983,0.936734,-0.007355,0.344786,-15.542328,6.384939,-5.097406,-0.100802,0.982077,-0.11216,-0.113065,7.110285,87.804375,5.1708,-0.071698,0.935747,-0.327445,-0.109623,15.199444,53.234852,12.323785,-0.050751,0.914357,-0.349601,-0.197876,24.945557,16.550821,40.576515,-0.059983,0.936734,-0.007355,0.344786,-5.708134,0.674653,-15.568675,-0.050751,0.914357,-0.349601,-0.197876,21.737095,2.585454,34.776474
656,5.466667,-0.040042,0.990321,-0.023099,-0.130875,-1.981424,87.145653,7.749392,0.008596,0.942062,0.164502,-0.292207,-2.643267,94.86647,7.475918,-0.135638,0.936489,-0.000532,-0.323404,-0.304176,114.559196,13.82521,-0.062343,0.972089,0.000817,-0.226175,-5.709495,135.025375,15.668149,-0.020311,0.990055,-0.073967,-0.117927,-8.312369,149.51796,14.407041,-0.116271,0.97328,0.182761,-0.076191,-6.906842,128.758789,18.108395,-0.427837,-0.121412,0.728151,-0.521547,-23.222845,124.444901,19.904205,-0.612224,-0.410702,0.417369,0.531327,-25.223013,109.855774,3.22203,0.058496,0.090654,-0.686636,-0.718951,-15.778862,138.297623,0.979825,-0.207142,0.867077,0.117348,-0.437606,-1.248163,130.66272,13.561543,-0.196548,0.775587,-0.034353,-0.598876,7.767113,138.502396,1.507053,-0.154975,0.731692,0.016816,-0.663571,12.33833,144.370926,-19.464418,-0.050182,0.737598,0.023472,-0.672964,14.270316,151.118561,-45.6278,-0.005647,0.970437,0.215288,-0.108959,-11.083213,86.452866,10.218043,0.033191,0.999417,0.001568,-0.007846,-12.385361,53.595673,-4.9596,-0.058814,0.936885,-0.007059,0.344584,-15.525675,6.382918,-5.083241,-0.101494,0.982478,-0.112344,-0.108692,7.120366,87.838432,5.28074,-0.071277,0.93641,-0.326307,-0.107609,15.227582,53.282036,12.476536,-0.051486,0.915694,-0.347392,-0.195378,24.866894,16.521894,40.666927,-0.058814,0.936885,-0.007059,0.344584,-5.708212,0.666927,-15.567093,-0.051486,0.915694,-0.347392,-0.195378,21.712938,2.582178,34.775997
657,5.475,-0.040256,0.991129,-0.023014,-0.124549,-1.996038,87.175995,7.739467,0.007242,0.944092,0.1644,-0.285675,-2.659231,94.896606,7.46348,-0.135172,0.938803,-0.00095,-0.316821,-0.419842,114.580772,13.837602,-0.060785,0.973451,0.000749,-0.220678,-5.8254,135.052307,15.619603,-0.019234,0.990564,-0.073459,-0.114093,-8.367794,149.552856,14.327194,-0.116687,0.973836,0.182215,-0.06947,-7.064278,128.785477,18.038454,-0.431608,-0.118705,0.726014,-0.522041,-23.410219,124.498604,19.613129,-0.615052,-0.412718,0.414234,0.528947,-25.243214,109.911514,2.909984,0.062236,0.093638,-0.68616,-0.71871,-15.738884,138.347977,0.717323,-0.20691,0.870461,0.115961,-0.431322,-1.340452,130.685638,13.572279,-0.194756,0.779817,-0.036582,-0.593815,7.863414,138.496918,1.642514,-0.155039,0.728656,0.020674,-0.66678,12.734467,144.289108,-19.282637,-0.046238,0.732582,0.029352,-0.678472,14.434994,151.159897,-45.445366,-0.006233,0.971138,0.214239,-0.104662,-11.128066,86.475639,10.091566,0.033825,0.999421,0.000612,-0.003589,-12.313747,53.586315,-5.025909,-0.057829,0.936907,-0.006578,0.344699,-15.513139,6.377384,-5.07235,-0.102237,0.982937,-0.112531,-0.10353,7.13599,87.87635,5.387367,-0.070678,0.937097,-0.325221,-0.105287,15.258921,53.333969,12.632597,-0.052283,0.917151,-0.345079,-0.192411,24.767244,16.49884,40.769535,-0.057829,0.936907,-0.006578,0.344699,-5.702673,0.663236,-15.563763,-0.052283,0.917151,-0.345079,-0.192411,21.67861,2.586255,34.780666
658,5.483333,-0.040304,0.991964,-0.023002,-0.117705,-2.025272,87.20887,7.731344,0.006288,0.946172,0.164415,-0.278724,-2.68726,94.929436,7.451062,-0.134687,0.941195,-0.001394,-0.309852,-0.532904,114.607536,13.8511,-0.059036,0.974858,0.000825,-0.214864,-5.938354,135.084579,15.568823,-0.018288,0.991073,-0.073002,-0.110049,-8.41268,149.594315,14.247661,-0.117875,0.974271,0.181556,-0.062763,-7.220587,128.817566,17.964436,-0.43613,-0.115822,0.72435,-0.521242,-23.587177,124.532578,19.313606,-0.617474,-0.41431,0.41091,0.527472,-25.282642,109.977806,2.567791,0.066491,0.096216,-0.686022,-0.718119,-15.69003,138.398712,0.451519,-0.206513,0.874016,0.114439,-0.424679,-1.429249,130.713745,13.584438,-0.192169,0.784096,-0.037962,-0.588917,7.973196,138.490128,1.78747,-0.154317,0.725564,0.025484,-0.670144,13.146628,144.200897,-19.087421,-0.042066,0.726501,0.036588,-0.6849,14.615813,151.197525,-45.237778,-0.006551,0.971951,0.212833,-0.09985,-11.188581,86.503975,9.957027,0.034102,0.999418,-0.000208,0.000126,-12.266695,53.571449,-5.0742,-0.056291,0.937064,-0.00579,0.34454,-15.492085,6.364271,-5.054947,-0.103092,0.983371,-0.112838,-0.098084,7.138036,87.913773,5.50566,-0.070283,0.937988,-0.323818,-0.101889,15.282837,53.389122,12.81058,-0.052945,0.918884,-0.342494,-0.188539,24.643862,16.462513,40.876896,-0.056291,0.937064,-0.00579,0.34454,-5.700099,0.653472,-15.565422,-0.052945,0.918884,-0.342494,-0.188539,21.635473,2.581549,34.774883
659,5.491667,-0.040331,0.992761,-0.02303,-0.110762,-2.050603,87.23774,7.723557,0.004938,0.948275,0.164347,-0.271551,-2.711081,94.958244,7.438269,-0.133714,0.94365,-0.001642,-0.302726,-0.659515,114.635406,13.866316,-0.059725,0.976055,0.000149,-0.209166,-6.042738,135.12352,15.520666,-0.015835,0.991642,-0.07223,-0.105728,-8.522907,149.629135,14.165393,-0.119088,0.974627,0.181321,-0.05517,-7.375272,128.857498,17.891283,-0.440104,-0.112706,0.72265,-0.520944,-23.762499,124.578201,18.983507,-0.620094,-0.416106,0.407407,0.525698,-25.31682,110.031937,2.216615,0.070715,0.098979,-0.685263,-0.718065,-15.63668,138.444763,0.177766,-0.206058,0.877521,0.113266,-0.417932,-1.51449,130.743881,13.600333,-0.18959,0.789004,-0.040628,-0.582991,8.087317,138.488449,1.943853,-0.153911,0.721918,0.03049,-0.673956,13.61364,144.091476,-18.869701,-0.037598,0.719595,0.044953,-0.691917,14.811919,151.230423,-44.997433,-0.00714,0.972685,0.211405,-0.09561,-11.243866,86.528763,9.820698,0.034462,0.999396,-0.001097,0.004402,-12.20488,53.552921,-5.123264,-0.055322,0.937297,-0.005084,0.344077,-15.464643,6.348184,-5.033906,-0.103768,0.983799,-0.113132,-0.092595,7.142662,87.946716,5.626415,-0.069632,0.938798,-0.32259,-0.098719,15.295919,53.437008,12.992254,-0.053914,0.920908,-0.339302,-0.184107,24.495953,16.426701,41.001514,-0.055322,0.937297,-0.005084,0.344077,-5.691972,0.644494,-15.566195,-0.053914,0.920908,-0.339302,-0.184107,21.583441,2.585572,34.763992
660,5.5,-0.040456,0.993545,-0.022536,-0.103559,-2.071315,87.262794,7.707719,0.003334,0.950323,0.164464,-0.264246,-2.730853,94.983498,7.425462,-0.13304,0.946057,-0.002395,-0.295417,-0.791698,114.652206,13.88883,-0.058227,0.977396,0.000747,-0.203241,-6.170458,135.147827,15.462746,-0.014277,0.992143,-0.071706,-0.101518,-8.585795,149.663284,14.096088,-0.119953,0.975034,0.180558,-0.048157,-7.548457,128.883423,17.811579,-0.444823,-0.109675,0.720204,-0.52097,-23.953257,124.618256,18.670219,-0.622886,-0.418311,0.403859,0.52338,-25.32053,110.091492,1.870163,0.07556,0.101527,-0.684277,-0.718156,-15.576969,138.491165,-0.092915,-0.205788,0.881523,0.111189,-0.41013,-1.619358,130.761917,13.611995,-0.18704,0.794373,-0.04376,-0.576257,8.205521,138.467453,2.116656,-0.153227,0.717878,0.036188,-0.678132,14.121957,143.95752,-18.619617,-0.032519,0.711454,0.055281,-0.699799,15.025398,151.252258,-44.715088,-0.007573,0.973387,0.210072,-0.091267,-11.29358,86.546753,9.670835,0.034802,0.99935,-0.002191,0.009124,-12.148351,53.530693,-5.190543,-0.054351,0.937477,-0.004302,0.34375,-15.441603,6.328529,-5.013339,-0.104558,0.984255,-0.113517,-0.086157,7.15095,87.978836,5.744604,-0.069296,0.939857,-0.321155,-0.093411,15.313607,53.487362,13.18505,-0.054408,0.923133,-0.336137,-0.178541,24.316031,16.385225,41.136963,-0.054351,0.937477,-0.004302,0.34375,-5.684929,0.634246,-15.565523,-0.054408,0.923133,-0.336137,-0.178541,21.514446,2.585953,34.757504
661,5.508333,-0.040531,0.994307,-0.02243,-0.095961,-2.099509,87.294426,7.701959,0.001904,0.952495,0.164494,-0.256302,-2.757865,95.015099,7.416409,-0.131815,0.94866,-0.002877,-0.287509,-0.930121,114.672424,13.908431,-0.056705,0.978719,0.001508,-0.197208,-6.279316,135.181717,15.402961,-0.012991,0.992569,-0.07138,-0.097691,-8.627831,149.707535,14.029922,-0.12066,0.975373,0.18006,-0.040836,-7.712997,128.919968,17.725399,-0.44948,-0.105894,0.718064,-0.52071,-24.134144,124.675598,18.339918,-0.625694,-0.420264,0.400319,0.521181,-25.328148,110.1539,1.522279,0.080327,0.104633,-0.683259,-0.718162,-15.511841,138.533264,-0.369844,-0.205411,0.885587,0.108787,-0.402128,-1.709841,130.784424,13.625961,-0.184959,0.799921,-0.04837,-0.568839,8.340911,138.444061,2.296405,-0.152422,0.713469,0.042307,-0.682598,14.669863,143.80394,-18.35195,-0.026389,0.702508,0.067849,-0.707942,15.256789,151.261551,-44.393055,-0.008136,0.974098,0.208583,-0.086953,-11.350329,86.57296,9.523652,0.035106,0.999292,-0.003138,0.013134,-12.090029,53.512383,-5.244642,-0.053421,0.93771,-0.003594,0.343267,-15.413785,6.312701,-4.991497,-0.105415,0.984648,-0.113793,-0.08005,7.151312,88.015884,5.880266,-0.068406,0.940823,-0.319779,-0.088962,15.329467,53.541992,13.384933,-0.055535,0.925359,-0.332891,-0.172655,24.112099,16.344795,41.280365,-0.053421,0.93771,-0.003594,0.343267,-5.676434,0.626109,-15.565658,-0.055535,0.925359,-0.332891,-0.172655,21.442478,2.5879,34.754482
662,5.516667,-0.040285,0.995014,-0.022582,-0.088394,-2.1332,87.326202,7.699646,0.000484,0.954651,0.164308,-0.248281,-2.785773,95.047081,7.406413,-0.130698,0.951202,-0.002901,-0.279507,-1.072015,114.694885,13.917041,-0.0557,0.979996,0.001841,-0.191056,-6.389574,135.216644,15.352206,-0.011152,0.993014,-0.070893,-0.093669,-8.687958,149.749039,13.963923,-0.120725,0.975932,0.178584,-0.033014,-7.878766,128.955566,17.641302,-0.453944,-0.101951,0.716219,-0.520164,-24.318977,124.75618,18.003147,-0.628546,-0.421752,0.396665,0.519338,-25.358776,110.236,1.173963,0.084544,0.107338,-0.682335,-0.718157,-15.44331,138.58316,-0.648648,-0.204889,0.88964,0.10668,-0.393931,-1.803104,130.809357,13.645141,-0.182805,0.805861,-0.053915,-0.560592,8.476433,138.423004,2.491227,-0.150719,0.708605,0.049353,-0.687551,15.255138,143.633957,-18.052223,-0.018403,0.692356,0.083357,-0.716489,15.501955,151.250717,-44.018959,-0.008722,0.97482,0.207055,-0.082328,-11.410781,86.605881,9.38023,0.035529,0.999227,-0.003888,0.016343,-12.029674,53.500027,-5.291878,-0.052372,0.937834,-0.003109,0.343096,-15.395316,6.303668,-4.979167,-0.106543,0.985056,-0.114154,-0.072675,7.144381,88.046516,6.01906,-0.067414,0.941916,-0.318315,-0.083215,15.347219,53.595894,13.603222,-0.056957,0.927917,-0.329057,-0.16567,23.863054,16.297537,41.446255,-0.052372,0.937834,-0.003109,0.343096,-5.672098,0.618098,-15.566872,-0.056957,0.927917,-0.329057,-0.16567,21.353584,2.592498,34.749939
663,5.525,-0.04043,0.995676,-0.022372,-0.080582,-2.156137,87.361832,7.703213,-0.000912,0.956621,0.16474,-0.240284,-2.808364,95.08268,7.408297,-0.130113,0.953618,-0.003769,-0.271422,-1.200453,114.723114,13.963175,-0.054196,0.981307,0.002105,-0.184647,-6.516756,135.251099,15.311193,-0.009384,0.993467,-0.070372,-0.089345,-8.750138,149.791702,13.902853,-0.122788,0.976038,0.17798,-0.024439,-8.052134,128.991531,17.573713,-0.458737,-0.09901,0.714096,-0.519446,-24.492025,124.775864,17.641579,-0.630856,-0.423769,0.392754,0.517866,-25.370356,110.289337,0.774235,0.088276,0.110534,-0.68109,-0.718405,-15.366554,138.629288,-0.930373,-0.204071,0.893762,0.104317,-0.385567,-1.907328,130.838486,13.681465,-0.180608,0.812064,-0.060314,-0.551629,8.604855,138.394806,2.706834,-0.1477,0.703307,0.05752,-0.69299,15.862757,143.441254,-17.713606,-0.008557,0.681214,0.103089,-0.724739,15.752123,151.210129,-43.59771,-0.009222,0.975476,0.205649,-0.077917,-11.458461,86.634621,9.237706,0.035952,0.999135,-0.004792,0.020329,-11.967479,53.487362,-5.344883,-0.051815,0.93799,-0.00261,0.342757,-15.376062,6.294611,-4.960907,-0.107536,0.985401,-0.114418,-0.065803,7.146187,88.089043,6.168719,-0.066228,0.943084,-0.316789,-0.076499,15.367052,53.658207,13.822895,-0.058512,0.930616,-0.325196,-0.157409,23.571161,16.253099,41.616283,-0.051815,0.93799,-0.00261,0.342757,-5.665337,0.615651,-15.563616,-0.058512,0.930616,-0.325196,-0.157409,21.254002,2.602358,34.742107
664,5.533333,-0.040317,0.996308,-0.022063,-0.072511,-2.186237,87.385345,7.706702,-0.002241,0.95874,0.164577,-0.231789,-2.833973,95.106544,7.411147,-0.128805,0.956158,-0.004136,-0.262972,-1.338996,114.74559,13.985336,-0.052703,0.982587,0.00257,-0.178155,-6.618944,135.287857,15.256699,-0.008022,0.99389,-0.069666,-0.085239,-8.786169,149.837143,13.834834,-0.123845,0.976258,0.176996,-0.015963,-8.211963,129.030991,17.486629,-0.463067,-0.095367,0.711879,-0.519329,-24.654629,124.831116,17.271542,-0.633311,-0.425756,0.389147,0.515959,-25.360739,110.343575,0.396979,0.091727,0.113767,-0.679885,-0.71861,-15.284039,138.678009,-1.215879,-0.203182,0.898011,0.102119,-0.37665,-1.994298,130.863159,13.704665,-0.178906,0.817776,-0.067527,-0.54284,8.760882,138.362137,2.927927,-0.143439,0.697865,0.06657,-0.698555,16.474119,143.241867,-17.365726,0.004167,0.668733,0.125391,-0.732841,16.013353,151.142471,-43.123608,-0.009798,0.976171,0.204057,-0.073184,-11.512104,86.65593,9.089792,0.036539,0.999053,-0.005505,0.022954,-11.901036,53.462219,-5.390473,-0.051387,0.938041,-0.00176,0.342689,-15.367561,6.274194,-4.949414,-0.108828,0.985746,-0.114679,-0.05753,7.139631,88.114754,6.323612,-0.064942,0.944277,-0.31527,-0.068759,15.387908,53.708481,14.058333,-0.059495,0.933706,-0.320506,-0.148084,23.242607,16.19659,41.808716,-0.051387,0.938041,-0.00176,0.342689,-5.660737,0.612991,-15.565189,-0.059495,0.933706,-0.320506,-0.148084,21.127489,2.61711,34.731274
665,5.541667,-0.040342,0.99686,-0.021913,-0.064522,-2.214661,87.407318,7.712629,-0.003735,0.960826,0.164509,-0.223017,-2.86025,95.128593,7.414231,-0.127717,0.958708,-0.004645,-0.254061,-1.486182,114.76133,14.010654,-0.051205,0.983862,0.003683,-0.171405,-6.739675,135.315262,15.200318,-0.006256,0.994297,-0.069193,-0.080909,-8.836546,149.875381,13.783781,-0.124626,0.976415,0.176143,-0.007458,-8.388667,129.060577,17.395395,-0.467835,-0.091783,0.709143,-0.519444,-24.831509,124.88549,16.897436,-0.635898,-0.427963,0.385285,0.513846,-25.334772,110.403152,0.01114,0.095073,0.116706,-0.678564,-0.718952,-15.188116,138.728668,-1.500781,-0.20242,0.902207,0.10051,-0.367351,-2.097661,130.880646,13.730687,-0.176509,0.82348,-0.074522,-0.534014,8.902849,138.332901,3.171381,-0.137445,0.69228,0.076933,-0.704229,17.076939,143.030518,-16.984385,0.019264,0.65493,0.150489,-0.740303,16.280546,151.051422,-42.603992,-0.009692,0.976861,0.20265,-0.06769,-11.561193,86.6735,8.945756,0.036784,0.998959,-0.006296,0.02622,-11.869046,53.43821,-5.440772,-0.051129,0.938075,-0.000928,0.342637,-15.362069,6.252763,-4.936834,-0.110419,0.986057,-0.114905,-0.047914,7.13187,88.141144,6.479502,-0.063616,0.945603,-0.313526,-0.059078,15.417162,53.763901,14.303223,-0.060399,0.936835,-0.316272,-0.136618,22.862839,16.132065,42.003914,-0.051129,0.938075,-0.000928,0.342637,-5.656959,0.610765,-15.564389,-0.060399,0.936835,-0.316272,-0.136618,21.000675,2.620702,34.727818
666,5.55,-0.040358,0.99735,-0.02213,-0.056349,-2.233476,87.433601,7.737452,-0.005265,0.962926,0.164271,-0.213919,-2.877027,95.154701,7.430433,-0.126541,0.961264,-0.005085,-0.244811,-1.629363,114.779213,14.040205,-0.050131,0.98509,0.0043,-0.164516,-6.851462,135.345657,15.148969,-0.004327,0.994702,-0.068387,-0.076638,-8.892157,149.913147,13.726129,-0.12535,0.976584,0.174838,0.001425,-8.558392,129.093277,17.305983,-0.472631,-0.088093,0.707022,-0.518633,-24.99691,124.94651,16.514843,-0.638311,-0.429475,0.381314,0.512552,-25.336924,110.480713,-0.389691,0.098047,0.119253,-0.677085,-0.719528,-15.08224,138.78154,-1.791973,-0.201399,0.906527,0.097976,-0.357838,-2.193638,130.900314,13.764227,-0.174094,0.828899,-0.082003,-0.525255,9.055018,138.287628,3.422967,-0.130641,0.686307,0.088289,-0.710015,17.679722,142.792877,-16.588419,0.036609,0.639593,0.1774,-0.747067,16.546442,150.94252,-42.039555,-0.009865,0.977456,0.201205,-0.063238,-11.598667,86.695953,8.817199,0.037198,0.998882,-0.006759,0.028372,-11.821834,53.418629,-5.47342,-0.05097,0.938043,-0.000424,0.34275,-15.356259,6.236658,-4.93442,-0.111555,0.986315,-0.115137,-0.038508,7.131714,88.171249,6.657705,-0.061957,0.946836,-0.311752,-0.049724,15.422591,53.816128,14.572167,-0.057777,0.940534,-0.311782,-0.121858,22.441181,16.059631,42.214687,-0.05097,0.938043,-0.000424,0.34275,-5.648941,0.606463,-15.566224,-0.057777,0.940534,-0.311782,-0.121858,20.835936,2.630763,34.727703
667,5.558333,-0.040433,0.997782,-0.02209,-0.048054,-2.247385,87.453758,7.763979,-0.006835,0.964949,0.164009,-0.204761,-2.889487,95.174789,7.452297,-0.125259,0.963744,-0.005625,-0.235533,-1.770375,114.791298,14.073064,-0.048755,0.986261,0.005172,-0.157752,-6.956714,135.371216,15.096445,-0.002624,0.995053,-0.067672,-0.072687,-8.931779,149.947815,13.674461,-0.126872,0.976442,0.174204,0.010873,-8.721785,129.12207,17.215702,-0.477897,-0.08439,0.704645,-0.517657,-25.143326,124.981308,16.105114,-0.640521,-0.43172,0.376984,0.51111,-25.305557,110.54287,-0.825433,0.102048,0.122677,-0.675694,-0.719704,-14.96336,138.837891,-2.080296,-0.200233,0.910971,0.095627,-0.347699,-2.285296,130.914063,13.798125,-0.170615,0.834115,-0.087985,-0.517109,9.222085,138.234253,3.696574,-0.123123,0.680021,0.100356,-0.71578,18.278044,142.542831,-16.167059,0.055515,0.623347,0.202666,-0.753182,16.814671,150.821213,-41.413872,-0.009468,0.978039,0.19991,-0.058191,-11.628838,86.710861,8.687651,0.037334,0.99877,-0.007429,0.031772,-11.800754,53.395355,-5.514439,-0.05071,0.938079,0.000288,0.342689,-15.351784,6.215236,-4.92453,-0.112749,0.986528,-0.1152,-0.027929,7.134069,88.196655,6.840306,-0.060363,0.948019,-0.310029,-0.038713,15.423857,53.861992,14.844152,-0.053738,0.944164,-0.308206,-0.10332,21.975204,15.98568,42.437378,-0.05071,0.938079,0.000288,0.342689,-5.646737,0.601055,-15.566866,-0.053738,0.944164,-0.308206,-0.10332,20.692869,2.629921,34.759785
668,5.566667,-0.040562,0.99814,-0.022108,-0.039775,-2.257996,87.47567,7.791476,-0.008263,0.966923,0.163963,-0.195215,-2.899493,95.196526,7.474282,-0.123953,0.966256,-0.006459,-0.225705,-1.904026,114.802513,14.111974,-0.047455,0.987424,0.006492,-0.150663,-7.055758,135.395844,15.035672,-0.001067,0.995396,-0.066989,-0.068541,-8.964559,149.982666,13.627964,-0.128325,0.976179,0.173701,0.020863,-8.880084,129.150864,17.116732,-0.482824,-0.080627,0.701618,-0.517795,-25.278278,125.021805,15.668802,-0.642968,-0.43484,0.372462,0.508703,-25.223488,110.586403,-1.26503,0.10667,0.126367,-0.674265,-0.719736,-14.830274,138.899048,-2.368152,-0.199068,0.915268,0.093357,-0.337551,-2.370673,130.926651,13.831366,-0.165831,0.839389,-0.092325,-0.509315,9.388533,138.180908,3.975235,-0.114887,0.673207,0.113479,-0.721607,18.872133,142.28299,-15.731936,0.075263,0.605685,0.227367,-0.758806,17.079689,150.698807,-40.719597,-0.009038,0.978665,0.198381,-0.052707,-11.653004,86.726616,8.559273,0.037634,0.998688,-0.007795,0.033849,-11.769702,53.366436,-5.538114,-0.050987,0.938042,0.000973,0.342749,-15.351433,6.188968,-4.921981,-0.113788,0.986635,-0.115407,-0.016871,7.137012,88.224724,7.023679,-0.058473,0.949148,-0.308168,-0.027033,15.409966,53.910564,15.132211,-0.048414,0.947843,-0.304398,-0.081191,21.450495,15.904075,42.66293,-0.050987,0.938042,0.000973,0.342749,-5.640069,0.596164,-15.569812,-0.048414,0.947843,-0.304398,-0.081191,20.553362,2.629171,34.792839
669,5.575,-0.040546,0.998436,-0.022349,-0.031334,-2.263027,87.498741,7.836804,-0.009856,0.968861,0.163512,-0.185677,-2.901688,95.21946,7.510467,-0.122915,0.968615,-0.006848,-0.215941,-2.039468,114.822563,14.149591,-0.046105,0.988565,0.007042,-0.143402,-7.161789,135.426575,14.995649,0.000752,0.995742,-0.066178,-0.064175,-9.005687,150.020996,13.580282,-0.127668,0.976413,0.171351,0.030947,-9.041673,129.183289,17.031904,-0.487692,-0.076105,0.69822,-0.518511,-25.427835,125.13195,15.263644,-0.64623,-0.43752,0.368147,0.505401,-25.129801,110.671951,-1.646639,0.111366,0.129916,-0.672244,-0.720283,-14.68793,138.960434,-2.659349,-0.197638,0.919551,0.090855,-0.327276,-2.463692,130.948059,13.879885,-0.158976,0.844741,-0.094073,-0.502284,9.546644,138.126282,4.274081,-0.105817,0.666031,0.127697,-0.727254,19.445873,141.999954,-15.274268,0.094349,0.587182,0.251493,-0.763588,17.34277,150.567917,-39.973507,-0.00865,0.979167,0.197153,-0.047838,-11.669409,86.746376,8.445613,0.03793,0.99859,-0.008259,0.036209,-11.739079,53.350494,-5.567311,-0.050797,0.938006,0.001522,0.342872,-15.351826,6.175861,-4.916801,-0.114588,0.986693,-0.115251,-0.00485,7.143356,88.251106,7.227996,-0.056635,0.950166,-0.30625,-0.013716,15.373415,53.947594,15.42472,-0.043084,0.951199,-0.300086,-0.057554,20.863482,15.809563,42.888718,-0.050797,0.938006,0.001522,0.342872,-5.638214,0.59578,-15.569249,-0.043084,0.951199,-0.300086,-0.057554,20.393326,2.625163,34.831631
670,5.583333,-0.04083,0.998669,-0.021708,-0.022835,-2.255083,87.514862,7.865435,-0.011838,0.970657,0.163463,-0.17597,-2.895123,95.235657,7.543688,-0.121485,0.970957,-0.007773,-0.205968,-2.179764,114.82972,14.200822,-0.043935,0.989709,0.008527,-0.135918,-7.260485,135.447998,14.943443,0.001743,0.996058,-0.065618,-0.059656,-9.01139,150.055481,13.544832,-0.1287,0.97613,0.170008,0.041276,-9.199408,129.209946,16.939939,-0.493546,-0.071914,0.694758,-0.51822,-25.551281,125.183853,14.829622,-0.64877,-0.440521,0.363486,0.502908,-25.011015,110.740509,-2.08889,0.116022,0.133946,-0.67116,-0.719821,-14.517509,139.029739,-2.950734,-0.196591,0.923701,0.088515,-0.316691,-2.553027,130.95636,13.924116,-0.149917,0.850118,-0.092455,-0.496263,9.702702,138.071793,4.585253,-0.09644,0.658608,0.142443,-0.732561,19.994015,141.701736,-14.806774,0.111309,0.568278,0.273214,-0.76813,17.605707,150.42749,-39.173229,-0.007992,0.979657,0.195856,-0.043004,-11.669737,86.753082,8.313481,0.038212,0.99847,-0.00889,0.038973,-11.7127,53.319504,-5.609348,-0.05113,0.93793,0.00245,0.343027,-15.356083,6.147918,-4.910305,-0.115137,0.986599,-0.115335,0.008007,7.159571,88.276649,7.417388,-0.05501,0.951039,-0.304131,0.001739,15.320677,53.983654,15.726295,-0.036682,0.954287,-0.294931,-0.031713,20.221598,15.706065,43.107468,-0.05113,0.93793,0.00245,0.343027,-5.63276,0.596426,-15.568831,-0.036682,0.954287,-0.294931,-0.031713,20.215279,2.62828,34.865036
671,5.591667,-0.040944,0.998825,-0.021766,-0.014061,-2.251285,87.534012,7.919575,-0.013694,0.972448,0.163188,-0.16591,-2.890248,95.254616,7.591347,-0.119945,0.97327,-0.00864,-0.195664,-2.320733,114.841858,14.25443,-0.042792,0.990775,0.009507,-0.128229,-7.353539,135.475327,14.894399,0.003288,0.996391,-0.064743,-0.054804,-9.042698,150.090744,13.502696,-0.129038,0.975656,0.169462,0.052216,-9.353242,129.242813,16.847773,-0.499011,-0.067097,0.691476,-0.518022,-25.667429,125.269745,14.376243,-0.651659,-0.443526,0.358503,0.500101,-24.894886,110.81871,-2.526684,0.121176,0.138426,-0.669491,-0.719678,-14.340697,139.101257,-3.240012,-0.195036,0.927968,0.085833,-0.305729,-2.639168,130.969604,13.973948,-0.138203,0.855469,-0.08697,-0.491437,9.868837,138.003754,4.912105,-0.087006,0.650667,0.158212,-0.737585,20.522512,141.36322,-14.332408,0.126,0.549545,0.292459,-0.772394,17.867746,150.279327,-38.316017,-0.007505,0.9801,0.194658,-0.038164,-11.671883,86.766365,8.202044,0.038575,0.998343,-0.009385,0.041664,-11.677216,53.298332,-5.637846,-0.051117,0.937895,0.003139,0.343118,-15.358702,6.130239,-4.903299,-0.1158,0.986369,-0.115042,0.020784,7.169314,88.301659,7.637106,-0.053541,0.951689,-0.301795,0.018466,15.269592,54.014866,16.030746,-0.030749,0.95654,-0.289923,-0.00552,19.564238,15.588215,43.304726,-0.051117,0.937895,0.003139,0.343118,-5.631546,0.597124,-15.567883,-0.030749,0.95654,-0.289923,-0.00552,20.048588,2.614744,34.913021
672,5.6,-0.040779,0.998927,-0.021297,-0.005426,-2.25039,87.547585,7.970744,-0.015428,0.97418,0.162787,-0.155679,-2.883903,95.268715,7.644266,-0.118447,0.97551,-0.009326,-0.185104,-2.457013,114.859047,14.308167,-0.041723,0.991779,0.0107,-0.120491,-7.440636,135.507172,14.853278,0.004829,0.996664,-0.064281,-0.050054,-9.069536,150.130783,13.475863,-0.129582,0.975195,0.168009,0.063056,-9.500772,129.27951,16.758703,-0.504888,-0.062157,0.688304,-0.517168,-25.76778,125.349701,13.932456,-0.654298,-0.446112,0.353756,0.49773,-24.772028,110.904503,-2.963792,0.126271,0.142465,-0.668244,-0.719173,-14.146677,139.181473,-3.53282,-0.193097,0.932014,0.083649,-0.295069,-2.720986,130.987854,14.031887,-0.124918,0.86128,-0.081441,-0.485757,10.029959,137.934525,5.245315,-0.079499,0.641998,0.173663,-0.742536,21.086195,140.962051,-13.826447,0.139213,0.530323,0.30718,-0.777829,18.149063,150.127213,-37.398941,-0.007202,0.980524,0.193355,-0.033699,-11.674426,86.779373,8.089676,0.038984,0.998236,-0.009747,0.043714,-11.634898,53.274406,-5.660487,-0.051276,0.937838,0.003711,0.343246,-15.357964,6.109977,-4.901002,-0.116709,0.985899,-0.114811,0.034645,7.173647,88.315788,7.851813,-0.050975,0.952165,-0.299333,0.0344,15.219954,54.040462,16.343599,-0.026566,0.958091,-0.284376,0.022057,18.838707,15.448391,43.481747,-0.051276,0.937838,0.003711,0.343246,-5.624612,0.594049,-15.568834,-0.026566,0.958091,-0.284376,0.022057,19.888287,2.592252,34.962105
673,5.608333,-0.040698,0.998941,-0.021171,0.003567,-2.239156,87.565163,8.026156,-0.017186,0.975751,0.162672,-0.145438,-2.868452,95.286476,7.695928,-0.117087,0.977603,-0.010276,-0.174578,-2.583431,114.8657,14.366287,-0.040112,0.992741,0.011865,-0.112763,-7.523947,135.526642,14.808017,0.006336,0.996917,-0.063618,-0.045478,-9.077237,150.159668,13.443306,-0.129175,0.974661,0.166618,0.074757,-9.64087,129.304092,16.667318,-0.510647,-0.057131,0.685005,-0.516473,-25.856703,125.453293,13.463503,-0.657099,-0.448975,0.348565,0.495121,-24.632647,111.006905,-3.416713,0.131675,0.146749,-0.666455,-0.719002,-13.94208,139.261536,-3.824161,-0.191154,0.93593,0.08214,-0.284161,-2.799453,130.995178,14.087655,-0.110908,0.866512,-0.075384,-0.480804,10.191287,137.860245,5.593081,-0.07233,0.632809,0.189199,-0.747345,21.607586,140.524155,-13.320133,0.149523,0.511374,0.323349,-0.782039,18.398094,149.946075,-36.439323,-0.006625,0.980948,0.19203,-0.02868,-11.663631,86.794868,7.975071,0.039359,0.998104,-0.01019,0.046204,-11.591818,53.252338,-5.683074,-0.051247,0.937867,0.004344,0.343161,-15.35403,6.091523,-4.892655,-0.117336,0.985243,-0.11465,0.048824,7.185318,88.335449,8.077242,-0.048634,0.952402,-0.296482,0.051605,15.153508,54.068069,16.67412,-0.020049,0.959082,-0.277831,0.050701,18.088995,15.293163,43.633553,-0.051247,0.937867,0.004344,0.343161,-5.621204,0.592074,-15.569464,-0.020049,0.959082,-0.277831,0.050701,19.689661,2.570362,35.000221
674,5.616667,-0.0405,0.998873,-0.021259,0.012662,-2.227954,87.5811,8.09748,-0.019211,0.977278,0.162379,-0.13488,-2.851146,95.302605,7.76022,-0.115216,0.979682,-0.011341,-0.163768,-2.721823,114.874779,14.430079,-0.039635,0.993594,0.013275,-0.104992,-7.597516,135.553223,14.759758,0.008337,0.997144,-0.063139,-0.040601,-9.107646,150.193008,13.419543,-0.130301,0.973801,0.165437,0.085815,-9.777184,129.338577,16.57247,-0.516829,-0.053057,0.68154,-0.515341,-25.922829,125.513435,13.004173,-0.659243,-0.451756,0.343629,0.493188,-24.468075,111.103073,-3.888519,0.136014,0.150785,-0.664879,-0.718818,-13.719389,139.346741,-4.114155,-0.189438,0.939707,0.08039,-0.273132,-2.874345,131.004868,14.14477,-0.095876,0.872524,-0.072776,-0.473512,10.347205,137.792725,5.949522,-0.068273,0.622192,0.203953,-0.752741,22.211555,139.982025,-12.747598,0.15896,0.492911,0.336839,-0.786327,18.654175,149.763809,-35.427475,-0.006298,0.981329,0.190734,-0.023982,-11.649942,86.810928,7.874559,0.039934,0.997982,-0.010459,0.048251,-11.533616,53.232159,-5.693951,-0.051134,0.937838,0.004847,0.343251,-15.352859,6.076178,-4.888539,-0.11814,0.984333,-0.114286,0.063804,7.194035,88.351265,8.320401,-0.045969,0.952392,-0.293375,0.069053,15.089086,54.091572,17.014822,-0.015469,0.959223,-0.270874,0.079236,17.315071,15.119394,43.756844,-0.051134,0.937838,0.004847,0.343251,-5.617832,0.589038,-15.569679,-0.015469,0.959223,-0.270874,0.079236,19.508619,2.541783,35.041443
675,5.625,-0.040312,0.998728,-0.021013,0.021807,-2.207706,87.593346,8.164558,-0.021159,0.978719,0.161983,-0.124191,-2.824965,95.315254,7.82547,-0.113416,0.981653,-0.012121,-0.152795,-2.849423,114.884277,14.488753,-0.038098,0.994454,0.014751,-0.096911,-7.659449,135.579437,14.719555,0.009403,0.99734,-0.062834,-0.035718,-9.094803,150.228882,13.402927,-0.130891,0.972737,0.16471,0.097577,-9.900677,129.371658,16.479992,-0.522651,-0.048359,0.678359,-0.514127,-25.967875,125.595383,12.52634,-0.66139,-0.454419,0.338632,0.491319,-24.299414,111.199066,-4.358587,0.140533,0.154576,-0.663517,-0.718402,-13.484779,139.435608,-4.401006,-0.187638,0.943367,0.078896,-0.261965,-2.939524,131.014923,14.208094,-0.081185,0.878278,-0.073264,-0.465477,10.507878,137.72493,6.322063,-0.066139,0.611188,0.217939,-0.758009,22.823774,139.380463,-12.136438,0.167316,0.47424,0.35014,-0.790256,18.913294,149.564789,-34.369701,-0.005852,0.981696,0.189378,-0.019366,-11.624023,86.823257,7.768692,0.040548,0.997819,-0.010793,0.050961,-11.473517,53.206764,-5.705722,-0.051114,0.937797,0.00559,0.343356,-15.35445,6.056142,-4.882145,-0.118587,0.983246,-0.114006,0.078533,7.20861,88.363434,8.560425,-0.043435,0.952015,-0.290104,0.087296,15.005869,54.106773,17.354467,-0.01051,0.958609,-0.263043,0.108475,16.522451,14.932519,43.849743,-0.051114,0.937797,0.00559,0.343356,-5.615211,0.588814,-15.569603,-0.01051,0.958609,-0.263043,0.108475,19.323847,2.517178,35.07605
676,5.633333,-0.040213,0.998491,-0.020922,0.031015,-2.186815,87.604919,8.246679,-0.022944,0.980043,0.161574,-0.113502,-2.799425,95.327011,7.903366,-0.111731,0.983484,-0.01272,-0.141821,-2.970863,114.895508,14.557055,-0.036853,0.995238,0.015928,-0.088821,-7.717228,135.60614,14.698805,0.010658,0.997499,-0.062743,-0.030764,-9.087479,150.263336,13.399032,-0.130636,0.971838,0.162732,0.109465,-10.017385,129.404358,16.403419,-0.528803,-0.043179,0.67524,-0.5124,-26.003304,125.6996,12.070799,-0.663623,-0.456633,0.333959,0.48945,-24.125866,111.317894,-4.804631,0.145185,0.158828,-0.66243,-0.717552,-13.242358,139.530151,-4.691079,-0.185527,0.946983,0.077082,-0.250722,-3.00201,131.026581,14.288619,-0.065963,0.883973,-0.072032,-0.457221,10.667795,137.64621,6.714764,-0.063735,0.600058,0.231768,-0.762989,23.422365,138.775482,-11.483696,0.174836,0.455265,0.362072,-0.794399,19.182455,149.352722,-33.273811,-0.005287,0.982031,0.18809,-0.014475,-11.594086,86.833282,7.676926,0.041226,0.997656,-0.010993,0.053497,-11.415228,53.181107,-5.707791,-0.051364,0.937654,0.006234,0.343696,-15.363118,6.036133,-4.878666,-0.119021,0.981912,-0.113607,0.093682,7.220455,88.376549,8.816432,-0.041113,0.951294,-0.286199,0.106953,14.914688,54.120773,17.704206,-0.006107,0.957118,-0.254988,0.137363,15.719131,14.715004,43.885506,-0.051364,0.937654,0.006234,0.343696,-5.611672,0.589233,-15.565428,-0.006107,0.957118,-0.254988,0.137363,19.134211,2.468753,35.091599
677,5.641667,-0.040103,0.998164,-0.02107,0.040205,-2.156047,87.617836,8.342862,-0.025033,0.98126,0.161135,-0.102658,-2.763682,95.339966,7.99171,-0.109913,0.985225,-0.013515,-0.130643,-3.095168,114.900635,14.631021,-0.035519,0.995957,0.017284,-0.080678,-7.772058,135.627518,14.675377,0.011934,0.997621,-0.062767,-0.025898,-9.074409,150.292923,13.39853,-0.131727,0.970379,0.161889,0.121674,-10.131703,129.432999,16.324224,-0.535137,-0.038654,0.671512,-0.511083,-26.012123,125.762749,11.592632,-0.665152,-0.459429,0.329472,0.487798,-23.894739,111.409828,-5.2789,0.148811,0.162606,-0.660835,-0.717434,-12.981936,139.621567,-4.978743,-0.183608,0.950527,0.075369,-0.238968,-3.064568,131.03183,14.370044,-0.049158,0.889665,-0.067839,-0.448863,10.824655,137.56723,7.129563,-0.060025,0.588375,0.24592,-0.767942,24.002352,138.158432,-10.790734,0.181388,0.436919,0.374177,-0.797616,19.439629,149.11644,-32.157135,-0.004564,0.982298,0.187028,-0.009476,-11.551105,86.84478,7.599869,0.041814,0.997463,-0.01131,0.056491,-11.354734,53.163231,-5.710517,-0.051306,0.937686,0.006791,0.343608,-15.362212,6.023553,-4.866442,-0.119051,0.980334,-0.113047,0.109507,7.239012,88.3909,9.085855,-0.038807,0.950312,-0.282046,0.125902,14.796027,54.126465,18.057554,-0.002062,0.954984,-0.246255,0.165407,14.92557,14.479935,43.885006,-0.051306,0.937686,0.006791,0.343608,-5.61191,0.590792,-15.561443,-0.002062,0.954984,-0.246255,0.165407,18.944532,2.41738,35.092457
678,5.65,-0.03957,0.997762,-0.021168,0.049577,-2.136862,87.626389,8.437556,-0.02669,0.982361,0.160723,-0.091776,-2.732864,95.349106,8.079598,-0.108399,0.986804,-0.014198,-0.119443,-3.20651,114.902771,14.701542,-0.034954,0.996588,0.018156,-0.07253,-7.824324,135.642883,14.656374,0.013779,0.997729,-0.062548,-0.020854,-9.082662,150.313126,13.391026,-0.132284,0.968904,0.160707,0.133792,-10.238329,129.453934,16.246367,-0.540808,-0.0343,0.667474,-0.510714,-26.008678,125.833176,11.124568,-0.667011,-0.462343,0.325133,0.485411,-23.636547,111.488022,-5.719654,0.152484,0.165942,-0.659796,-0.716855,-12.705144,139.718109,-5.261824,-0.181843,0.953873,0.074252,-0.227039,-3.124191,131.034012,14.454176,-0.032041,0.895222,-0.063,-0.439979,10.975636,137.493973,7.561409,-0.055444,0.575941,0.260206,-0.772989,24.56662,137.536926,-10.057383,0.188719,0.418352,0.387105,-0.799698,19.676332,148.868027,-31.000965,-0.004056,0.982615,0.185564,-0.00407,-11.516811,86.859856,7.517893,0.042692,0.997283,-0.011247,0.058969,-11.282853,53.138508,-5.690714,-0.051525,0.937491,0.007377,0.344095,-15.374801,6.005716,-4.867518,-0.11926,0.97832,-0.112373,0.126646,7.243087,88.392914,9.357219,-0.036367,0.948932,-0.278132,0.144387,14.663355,54.121063,18.414345,0.000981,0.952253,-0.236958,0.19252,14.128825,14.249659,43.888012,-0.051525,0.937491,0.007377,0.344095,-5.609415,0.591744,-15.558286,0.000981,0.952253,-0.236958,0.19252,18.750608,2.387024,35.119694
679,5.658333,-0.039275,0.99725,-0.021203,0.05917,-2.104326,87.631966,8.540091,-0.028657,0.983303,0.160566,-0.080696,-2.692272,95.355026,8.17614,-0.10638,0.988318,-0.01521,-0.108075,-3.320632,114.897919,14.789484,-0.033778,0.997166,0.019542,-0.064324,-7.858425,135.655197,14.63923,0.015105,0.997793,-0.062662,-0.01598,-9.054047,150.332916,13.400041,-0.132553,0.967256,0.159765,0.146018,-10.331646,129.475357,16.17267,-0.547699,-0.029002,0.664285,-0.507849,-25.983444,125.915169,10.659703,-0.668358,-0.464508,0.320725,0.484424,-23.407377,111.608574,-6.187361,0.156846,0.170117,-0.658038,-0.716551,-12.426456,139.811707,-5.541877,-0.17984,0.957215,0.072628,-0.214759,-3.172182,131.028717,14.54521,-0.014865,0.900539,-0.056506,-0.430831,11.136387,137.401443,8.010711,-0.05,0.563176,0.274626,-0.777761,25.117746,136.913757,-9.293108,0.196698,0.399513,0.399616,-0.801253,19.921524,148.60849,-29.818666,-0.0032,0.982879,0.184216,0.001517,-11.464984,86.867508,7.439893,0.04341,0.99717,-0.011177,0.060359,-11.216909,53.109592,-5.674728,-0.051571,0.937406,0.008144,0.344301,-15.377254,5.982506,-4.867992,-0.118705,0.976353,-0.111459,0.142201,7.256331,88.396423,9.640289,-0.033815,0.947401,-0.273771,0.162287,14.503204,54.100193,18.745405,0.002492,0.948683,-0.227877,0.219241,13.330366,13.984039,43.810139,-0.051571,0.937406,0.008144,0.344301,-5.604599,0.589871,-15.562894,0.002492,0.948683,-0.227877,0.219241,18.571339,2.327816,35.113533
680,5.666667,-0.038839,0.996656,-0.021099,0.068724,-2.068534,87.63205,8.646635,-0.030367,0.984198,0.160032,-0.069437,-2.646352,95.355705,8.279137,-0.104662,0.989695,-0.015611,-0.096469,-3.42098,114.890518,14.864591,-0.032785,0.997688,0.020274,-0.055975,-7.88686,135.662689,14.637086,0.016601,0.997841,-0.062553,-0.011147,-9.026155,150.345566,13.406013,-0.131913,0.965707,0.15798,0.158278,-10.415225,129.488953,16.103739,-0.552845,-0.025001,0.66017,-0.507852,-25.94614,126.013626,10.208053,-0.670721,-0.467511,0.316175,0.481248,-23.117899,111.708138,-6.59945,0.161404,0.174126,-0.657421,-0.715141,-12.125402,139.920013,-5.81649,-0.177673,0.960417,0.07083,-0.202523,-3.214689,131.021057,14.646204,0.001939,0.90573,-0.048408,-0.421078,11.293485,137.30014,8.471068,-0.043646,0.550208,0.288524,-0.782381,25.654272,136.31485,-8.497581,0.204944,0.380356,0.411312,-0.802589,20.166498,148.334366,-28.609287,-0.002512,0.983098,0.182931,0.007011,-11.406724,86.872551,7.36676,0.044317,0.997045,-0.011115,0.061748,-11.134982,53.080166,-5.658322,-0.051779,0.937272,0.008848,0.344617,-15.381454,5.960474,-4.868579,-0.118079,0.974212,-0.110677,0.157221,7.269657,88.391548,9.92651,-0.031836,0.945266,-0.269608,0.181026,14.341557,54.071999,19.0812,0.003205,0.944809,-0.218461,0.244131,12.570649,13.729516,43.744324,-0.051779,0.937272,0.008848,0.344617,-5.597471,0.589417,-15.56398,0.003205,0.944809,-0.218461,0.244131,18.401262,2.292396,35.132557
681,5.675,-0.038525,0.995959,-0.02084,0.078401,-2.023464,87.637398,8.756124,-0.032729,0.984901,0.159683,-0.058305,-2.593154,95.361603,8.387411,-0.102578,0.990948,-0.016129,-0.08509,-3.538409,114.882622,14.95094,-0.031119,0.99817,0.021019,-0.047405,-7.916441,135.67244,14.642629,0.017593,0.997864,-0.062641,-0.005853,-8.979231,150.36174,13.41984,-0.132217,0.963944,0.156063,0.170223,-10.501965,129.507339,16.044498,-0.558829,-0.021491,0.656141,-0.506684,-25.896952,126.082924,9.774397,-0.672787,-0.470139,0.311503,0.478846,-22.825428,111.821983,-7.028268,0.165954,0.178125,-0.656661,-0.713811,-11.803549,140.020325,-6.0862,-0.175711,0.963389,0.069544,-0.190188,-3.263938,131.012421,14.754086,0.018595,0.910681,-0.041694,-0.410581,11.432196,137.207336,8.949507,-0.037796,0.537294,0.301767,-0.786654,26.16629,135.691864,-7.656156,0.212668,0.361967,0.423781,-0.802597,20.398285,148.051941,-27.382576,-0.001501,0.9833,0.181558,0.012508,-11.335191,86.880859,7.294575,0.045106,0.996893,-0.011034,0.063622,-11.063782,53.051926,-5.635296,-0.051933,0.937178,0.00951,0.344834,-15.385503,5.938735,-4.865899,-0.117076,0.971854,-0.109832,0.172422,7.288262,88.393944,10.217671,-0.030019,0.942955,-0.265368,0.198784,14.158079,54.043804,19.411432,0.003699,0.940541,-0.209105,0.267665,11.844813,13.476027,43.656555,-0.051933,0.937178,0.00951,0.344834,-5.59316,0.587421,-15.563547,0.003699,0.940541,-0.209105,0.267665,18.233759,2.259972,35.150806
682,5.683333,-0.038072,0.995154,-0.020855,0.088232,-1.982289,87.638245,8.879181,-0.034793,0.98547,0.159469,-0.046988,-2.541306,95.362976,8.505242,-0.100561,0.992078,-0.016326,-0.073504,-3.645848,114.875839,15.050824,-0.030355,0.998568,0.020738,-0.038853,-7.93643,135.682816,14.676624,0.019275,0.997855,-0.062558,-0.000575,-8.95049,150.373917,13.434365,-0.132575,0.961711,0.154752,0.183271,-10.577291,129.525406,16.007353,-0.565157,-0.016656,0.652477,-0.504574,-25.812508,126.160301,9.328231,-0.674386,-0.472511,0.307234,0.477016,-22.519394,111.927689,-7.456474,0.170791,0.182121,-0.65517,-0.713032,-11.46867,140.121613,-6.353288,-0.173874,0.96617,0.067324,-0.178187,-3.305533,131.004761,14.888217,0.034993,0.914986,-0.036063,-0.400345,11.562454,137.114258,9.441813,-0.033425,0.524962,0.314598,-0.790143,26.62681,135.046799,-6.804079,0.219531,0.344265,0.434459,-0.802828,20.631798,147.764771,-26.125097,-0.000522,0.983444,0.180264,0.018497,-11.263689,86.886917,7.233624,0.045997,0.996762,-0.010863,0.065046,-10.984978,53.023945,-5.606678,-0.052295,0.937078,0.010216,0.345029,-15.390691,5.918092,-4.865101,-0.116198,0.969346,-0.108676,0.187231,7.299111,88.389572,10.524738,-0.028277,0.940092,-0.261028,0.217467,13.983861,54.00631,19.731077,0.003075,0.935737,-0.19973,0.290681,11.127602,13.212687,43.535362,-0.052295,0.937078,0.010216,0.345029,-5.588149,0.590003,-15.565003,0.003075,0.935737,-0.19973,0.290681,18.077269,2.229555,35.16642
683,5.691667,-0.037398,0.994247,-0.020844,0.098186,-1.947168,87.634995,9.010954,-0.036504,0.986006,0.158778,-0.035342,-2.492052,95.360519,8.632627,-0.098849,0.993054,-0.016995,-0.061508,-3.743253,114.858391,15.133079,-0.028436,0.99891,0.021973,-0.029792,-7.959202,135.678909,14.67425,0.020261,0.99782,-0.062602,0.004986,-8.887599,150.377731,13.456456,-0.13244,0.959569,0.153775,0.195039,-10.650435,129.528641,15.935294,-0.571536,-0.012275,0.648654,-0.502438,-25.735737,126.23291,8.891281,-0.676399,-0.474909,0.30238,0.474881,-22.215628,112.041092,-7.88189,0.17599,0.186636,-0.653646,-0.711998,-11.118577,140.223282,-6.608798,-0.172337,0.968876,0.06577,-0.165087,-3.349247,130.986313,14.993308,0.050734,0.918629,-0.03202,-0.390539,11.689448,137.022568,9.948765,-0.030305,0.51325,0.326876,-0.792974,27.038893,134.391937,-5.945014,0.225901,0.32692,0.443865,-0.803166,20.86466,147.46846,-24.844185,0.000437,0.983553,0.178873,0.025037,-11.194436,86.893089,7.17948,0.046991,0.996633,-0.010562,0.066362,-10.901189,52.993931,-5.564646,-0.052582,0.936931,0.010919,0.345363,-15.39956,5.896216,-4.863563,-0.115308,0.966487,-0.107281,0.202728,7.300101,88.3769,10.842427,-0.026462,0.937147,-0.256623,0.234948,13.797042,53.95689,20.045933,0.00259,0.930494,-0.189881,0.313241,10.438025,12.938124,43.393291,-0.052582,0.936931,0.010919,0.345363,-5.58447,0.590611,-15.563128,0.00259,0.930494,-0.189881,0.313241,17.931704,2.199821,35.177467
684,5.7,-0.037607,0.993241,-0.020123,0.107954,-1.883595,87.63398,9.133657,-0.038623,0.986311,0.158488,-0.024108,-2.429172,95.359718,8.760739,-0.097103,0.993868,-0.0175,-0.049916,-3.84038,114.851692,15.235561,-0.027075,0.999169,0.022189,-0.020858,-7.978695,135.686005,14.702408,0.02169,0.997738,-0.062697,0.010843,-8.839233,150.388672,13.481179,-0.132686,0.957015,0.153043,0.207593,-10.717979,129.543015,15.893464,-0.577169,-0.008276,0.64438,-0.501579,-25.629503,126.31115,8.460571,-0.678631,-0.477845,0.297623,0.471746,-21.8598,112.139908,-8.275714,0.181878,0.190586,-0.652875,-0.710177,-10.75224,140.331772,-6.853188,-0.170372,0.971404,0.063815,-0.152565,-3.392268,130.978409,15.123354,0.066145,0.921846,-0.031253,-0.380589,11.804303,136.926575,10.461833,-0.029535,0.502415,0.33842,-0.795097,27.415075,133.683609,-5.059929,0.230326,0.310248,0.453404,-0.803194,21.098686,147.161728,-23.549646,0.001653,0.983619,0.177697,0.030246,-11.092488,86.886475,7.120143,0.047894,0.996432,-0.010572,0.068692,-10.82093,52.957123,-5.543873,-0.053159,0.936817,0.011853,0.345555,-15.405944,5.867532,-4.85833,-0.113697,0.963622,-0.106265,0.217285,7.325299,88.381485,11.147171,-0.025078,0.934132,-0.251465,0.252058,13.588725,53.919052,20.353764,0.00127,0.924797,-0.181084,0.3346,9.807384,12.645498,43.181755,-0.053159,0.936817,0.011853,0.345555,-5.577918,0.593679,-15.561724,0.00127,0.924797,-0.181084,0.3346,17.81975,2.139448,35.157345
685,5.708333,-0.037229,0.992134,-0.019782,0.117866,-1.833065,87.629265,9.267175,-0.040612,0.986499,0.158153,-0.012549,-2.369705,95.355652,8.894762,-0.095119,0.994578,-0.01795,-0.038006,-3.937128,114.839447,15.337865,-0.026527,0.999334,0.022016,-0.011981,-7.986404,135.689301,14.732821,0.023608,0.997633,-0.062429,0.016561,-8.803264,150.393341,13.498253,-0.132294,0.954632,0.151576,0.219549,-10.775496,129.554871,15.850158,-0.583292,-0.004209,0.640271,-0.499806,-25.51721,126.397644,8.055269,-0.680776,-0.480279,0.293002,0.469069,-21.510319,112.26535,-8.658834,0.187942,0.194551,-0.651294,-0.708973,-10.381469,140.432907,-7.092958,-0.168691,0.973708,0.062146,-0.139906,-3.428344,130.964554,15.257181,0.08195,0.924807,-0.029202,-0.370355,11.91325,136.835159,10.98893,-0.028246,0.491544,0.349678,-0.797065,27.761871,132.981018,-4.147288,0.233461,0.294351,0.464035,-0.8022,21.313902,146.842148,-22.239969,0.002776,0.98367,0.176395,0.035637,-11.000161,86.886635,7.069536,0.048763,0.996324,-0.010271,0.069682,-10.742633,52.924252,-5.505909,-0.053322,0.936742,0.01271,0.345702,-15.408028,5.842012,-4.859041,-0.112264,0.960552,-0.105213,0.231661,7.334031,88.371895,11.464813,-0.023977,0.930466,-0.246705,0.269805,13.379436,53.869881,20.668921,-0.000226,0.918908,-0.171943,0.355028,9.191635,12.366814,43.004524,-0.053322,0.936742,0.01271,0.345702,-5.57268,0.593208,-15.568024,-0.000226,0.918908,-0.171943,0.355028,17.699617,2.103926,35.178055
686,5.716667,-0.036741,0.990951,-0.01972,0.127585,-1.785707,87.623451,9.416773,-0.042621,0.986538,0.157879,-0.001223,-2.311315,95.350441,9.041024,-0.09325,0.99512,-0.018702,-0.0263,-4.033742,114.826218,15.452835,-0.02444,0.999443,0.02255,-0.002831,-7.998071,135.68985,14.766184,0.024664,0.997467,-0.062804,0.022502,-8.725025,150.399292,13.539612,-0.132402,0.951745,0.150786,0.232195,-10.833139,129.564163,15.813594,-0.589151,6.9e-05,0.636072,-0.498311,-25.379961,126.47525,7.634655,-0.682569,-0.483006,0.288462,0.46647,-21.133785,112.367592,-9.041145,0.193536,0.19821,-0.649608,-0.708001,-9.999175,140.538315,-7.316919,-0.166982,0.975912,0.060135,-0.126872,-3.469404,130.94957,15.394603,0.097508,0.927384,-0.027913,-0.360099,12.009699,136.740021,11.532658,-0.028093,0.481737,0.360387,-0.798286,28.067451,132.268356,-3.208148,0.235052,0.279117,0.47382,-0.80146,21.537107,146.517227,-20.920753,0.00372,0.983661,0.175291,0.040873,-10.908372,86.887299,7.039416,0.0498,0.996215,-0.009837,0.070562,-10.654454,52.897232,-5.461083,-0.053727,0.936571,0.013219,0.346082,-15.415126,5.823845,-4.866278,-0.110618,0.957227,-0.103643,0.246454,7.336958,88.359604,11.794129,-0.023626,0.92619,-0.242183,0.288032,13.156512,53.807266,20.954912,-0.001068,0.91297,-0.162982,0.374062,8.625958,12.093383,42.82608,-0.053727,0.936571,0.013219,0.346082,-5.565487,0.593727,-15.571266,-0.001068,0.91297,-0.162982,0.374062,17.581354,2.063724,35.198952
687,5.725,-0.03621,0.989654,-0.0199,0.137398,-1.749086,87.617783,9.571966,-0.044155,0.98647,0.157558,0.010134,-2.262413,95.345261,9.189398,-0.091391,0.995519,-0.019394,-0.014594,-4.120058,114.81382,15.565252,-0.023125,0.999446,0.02305,0.006382,-7.998423,135.690933,14.80145,0.026039,0.997247,-0.063156,0.028852,-8.658129,150.404236,13.583377,-0.132587,0.948939,0.149723,0.243966,-10.877495,129.573944,15.777244,-0.594673,0.003268,0.631751,-0.497236,-25.232405,126.543091,7.245125,-0.684254,-0.48566,0.284114,0.463906,-20.742916,112.476776,-9.401844,0.198177,0.201741,-0.647983,-0.707209,-9.613276,140.63974,-7.527025,-0.165245,0.977971,0.058053,-0.113563,-3.501419,130.935257,15.532578,0.113192,0.92955,-0.027292,-0.349828,12.105883,136.644531,12.088349,-0.02882,0.472466,0.370609,-0.799121,28.341072,131.537079,-2.245908,0.236089,0.264917,0.481932,-0.801139,21.750578,146.179611,-19.58782,0.004574,0.983601,0.174318,0.04606,-10.823309,86.888351,7.013996,0.050738,0.996048,-0.009571,0.072271,-10.567651,52.874149,-5.42066,-0.053758,0.936495,0.013761,0.346262,-15.415725,5.8092,-4.865465,-0.109235,0.953736,-0.102149,0.260807,7.325136,88.347206,12.129937,-0.023292,0.921678,-0.237402,0.305953,12.941609,53.75058,21.250238,-0.001999,0.906774,-0.154089,0.392446,8.099516,11.818263,42.631447,-0.053758,0.936495,0.013761,0.346262,-5.560251,0.594255,-15.572489,-0.001999,0.906774,-0.154089,0.392446,17.482243,2.022304,35.217278
688,5.733333,-0.035756,0.988322,-0.019668,0.146811,-1.69538,87.610077,9.728148,-0.045993,0.98626,0.157231,0.021329,-2.19862,95.338211,9.345288,-0.089674,0.995766,-0.020024,-0.002937,-4.202244,114.799118,15.682933,-0.022162,0.999372,0.02292,0.015464,-7.999386,135.68837,14.846783,0.027951,0.996991,-0.063209,0.035093,-8.602484,150.403381,13.619881,-0.131671,0.946176,0.148051,0.25592,-10.918735,129.5793,15.749621,-0.600012,0.007136,0.627719,-0.495888,-25.079029,126.636551,6.868583,-0.68579,-0.487684,0.280199,0.461893,-20.365305,112.593094,-9.735634,0.201817,0.20434,-0.647067,-0.706271,-9.220846,140.741653,-7.726904,-0.163392,0.979887,0.055768,-0.10007,-3.534926,130.91864,15.678782,0.128512,0.931413,-0.028024,-0.339364,12.19089,136.542694,12.659632,-0.030159,0.463679,0.380392,-0.799622,28.582233,130.792511,-1.247115,0.236056,0.251743,0.492684,-0.798853,21.948177,145.835464,-18.2358,0.005669,0.983503,0.173381,0.051263,-10.719625,86.887154,6.997369,0.05172,0.995868,-0.009291,0.074067,-10.479673,52.850174,-5.375114,-0.05414,0.936401,0.014255,0.346437,-15.419054,5.794242,-4.861995,-0.10767,0.95012,-0.101028,0.274722,7.328865,88.333008,12.458926,-0.023022,0.917214,-0.232644,0.322592,12.728368,53.695286,21.554276,-0.003165,0.900814,-0.145151,0.409214,7.62444,11.550122,42.450611,-0.05414,0.936401,0.014255,0.346437,-5.554309,0.597082,-15.569126,-0.003165,0.900814,-0.145151,0.409214,17.399567,1.990314,35.237896
689,5.741667,-0.035248,0.986908,-0.019474,0.156178,-1.654688,87.598595,9.888967,-0.047667,0.985984,0.156548,0.032503,-2.146994,95.3274,9.505548,-0.087611,0.995911,-0.02031,0.008597,-4.288178,114.780357,15.786961,-0.020419,0.999211,0.02347,0.024706,-7.988639,135.684662,14.895402,0.029049,0.99667,-0.063883,0.041515,-8.512168,150.403778,13.681239,-0.131855,0.94301,0.147003,0.267838,-10.95037,129.585083,15.721184,-0.60571,0.010997,0.623563,-0.49413,-24.897121,126.700958,6.489913,-0.686509,-0.489858,0.276778,0.460585,-19.955101,112.692085,-10.077104,0.204241,0.207071,-0.645737,-0.705996,-8.820699,140.843018,-7.915414,-0.161681,0.981612,0.053296,-0.086357,-3.562052,130.897293,15.822978,0.144104,0.933094,-0.026158,-0.32846,12.26942,136.440689,13.238081,-0.030842,0.455364,0.389979,-0.799755,28.795677,130.07428,-0.233741,0.235919,0.239118,0.500425,-0.79796,22.149382,145.485367,-16.885059,0.00661,0.983354,0.172527,0.056618,-10.625941,86.883186,6.986973,0.052734,0.995668,-0.009021,0.076052,-10.389206,52.825653,-5.328879,-0.054156,0.936314,0.014808,0.346646,-15.423004,5.779281,-4.858396,-0.106567,0.946319,-0.099801,0.288383,7.316565,88.314011,12.79096,-0.022831,0.912325,-0.227828,0.339465,12.536505,53.641319,21.857838,-0.005269,0.894768,-0.137024,0.424955,7.188697,11.285466,42.261375,-0.054156,0.936314,0.014808,0.346646,-5.551879,0.597487,-15.567094,-0.005269,0.894768,-0.137024,0.424955,17.337925,1.955631,35.267548
690,5.75,-0.034682,0.985446,-0.019261,0.165297,-1.613671,87.583122,10.047499,-0.049248,0.98553,0.15629,0.043338,-2.094314,95.312675,9.664243,-0.085887,0.995886,-0.020964,0.019878,-4.366792,114.752869,15.90515,-0.019116,0.998962,0.023761,0.03385,-7.983912,135.668747,14.945358,0.030695,0.99629,-0.064387,0.048154,-8.441098,150.390579,13.737459,-0.131451,0.939931,0.145893,0.279224,-10.981718,129.577499,15.699352,-0.61085,0.013998,0.619176,-0.493242,-24.720642,126.766327,6.139764,-0.687532,-0.491982,0.273367,0.458828,-19.539324,112.794289,-10.385199,0.206496,0.20902,-0.644703,-0.705711,-8.414975,140.946503,-8.090815,-0.159764,0.983173,0.05094,-0.072461,-3.593735,130.867538,15.969454,0.15863,0.93449,-0.025839,-0.317645,12.333567,136.3246,13.827493,-0.032341,0.447779,0.399002,-0.799528,28.975101,129.362244,0.799711,0.235481,0.227352,0.509665,-0.795677,22.333574,145.149689,-15.537931,0.00769,0.983156,0.171657,0.062286,-10.530228,86.876549,6.979517,0.053712,0.995457,-0.008716,0.078128,-10.303426,52.798428,-5.279432,-0.054375,0.936217,0.01546,0.346847,-15.427748,5.761385,-4.855515,-0.105745,0.94227,-0.098796,0.301966,7.302885,88.289703,13.11548,-0.022323,0.907555,-0.223046,0.355099,12.359242,53.589924,22.171413,-0.00673,0.888849,-0.128931,0.439635,6.781133,11.027866,42.078136,-0.054375,0.936217,0.01546,0.346847,-5.548077,0.599851,-15.566113,-0.00673,0.888849,-0.128931,0.439635,17.267878,1.919286,35.293736
691,5.758333,-0.034089,0.983944,-0.018982,0.174161,-1.572789,87.564804,10.213695,-0.050723,0.985049,0.155283,0.054698,-2.041679,95.295151,9.831982,-0.083735,0.995765,-0.020783,0.031759,-4.442421,114.732979,15.999802,-0.017564,0.998608,0.024431,0.043327,-7.957692,135.664688,15.007318,0.031894,0.995843,-0.065426,0.054761,-8.340849,150.390167,13.818322,-0.132419,0.936607,0.145054,0.290158,-10.99525,129.583023,15.674597,-0.616214,0.016836,0.615077,-0.491606,-24.514187,126.801788,5.797893,-0.687894,-0.494183,0.270273,0.457752,-19.111639,112.883316,-10.701396,0.208594,0.211271,-0.644236,-0.704849,-8.015882,141.037125,-8.254526,-0.157799,0.984504,0.049232,-0.058546,-3.610995,130.844406,16.123135,0.173061,0.935765,-0.025612,-0.306167,12.399358,136.215561,14.430346,-0.033829,0.441108,0.407196,-0.799043,29.146496,128.6595,1.877363,0.234821,0.216589,0.517317,-0.793934,22.52408,144.800049,-14.187774,0.008901,0.982845,0.170869,0.068845,-10.433208,86.867943,6.985064,0.054734,0.995324,-0.008254,0.079153,-10.214825,52.771729,-5.223628,-0.054741,0.936101,0.015951,0.347078,-15.432115,5.744436,-4.856185,-0.105036,0.938462,-0.097898,0.314121,7.287631,88.261665,13.442326,-0.021837,0.903226,-0.218616,0.368663,12.200124,53.538269,22.486929,-0.008229,0.883834,-0.121393,0.4517,6.439544,10.789016,41.935287,-0.054741,0.936101,0.015951,0.347078,-5.54209,0.600549,-15.565713,-0.008229,0.883834,-0.121393,0.4517,17.208576,1.886361,35.321903
692,5.766667,-0.03341,0.982403,-0.018732,0.182804,-1.529212,87.541534,10.385129,-0.052626,0.984365,0.154935,0.065204,-1.985112,95.272736,10.00504,-0.081652,0.995521,-0.021168,0.042695,-4.52686,114.702438,16.126019,-0.015967,0.998207,0.02426,0.052339,-7.942787,135.648102,15.08234,0.033458,0.995356,-0.066177,0.061384,-8.25106,150.375015,13.88909,-0.132904,0.933216,0.143393,0.301469,-11.016521,129.576935,15.675341,-0.621632,0.019488,0.610535,-0.490348,-24.303953,126.834297,5.478838,-0.688389,-0.496239,0.267396,0.456473,-18.65793,112.97197,-10.98617,0.21025,0.212972,-0.64303,-0.704947,-7.591846,141.125809,-8.408565,-0.155579,0.985711,0.046638,-0.044645,-3.639315,130.810532,16.287344,0.1871,0.93674,-0.025067,-0.29476,12.443357,136.0867,15.039868,-0.03683,0.436019,0.414895,-0.797743,29.270554,127.958038,2.960598,0.232054,0.207405,0.522924,-0.793527,22.722738,144.453613,-12.846793,0.010211,0.982483,0.170176,0.07525,-10.332157,86.856041,7.0006,0.055683,0.995211,-0.007729,0.079966,-10.131271,52.74453,-5.165592,-0.054752,0.935994,0.016555,0.347337,-15.434016,5.726364,-4.859048,-0.104775,0.934753,-0.09742,0.32522,7.273734,88.227028,13.769658,-0.020859,0.899065,-0.213965,0.381399,12.07289,53.492893,22.833857,-0.010311,0.878758,-0.114243,0.463279,6.12488,10.549265,41.791389,-0.054752,0.935994,0.016555,0.347337,-5.536428,0.599214,-15.56962,-0.010311,0.878758,-0.114243,0.463279,17.168007,1.852162,35.358967
693,5.775,-0.032872,0.980817,-0.018516,0.191244,-1.484221,87.51606,10.561072,-0.05457,0.983593,0.154283,0.075915,-1.929304,95.24794,10.181948,-0.079585,0.995139,-0.021298,0.053948,-4.613128,114.671089,16.240528,-0.013994,0.997702,0.024387,0.061652,-7.92992,135.630676,15.157403,0.03489,0.994804,-0.067103,0.068148,-8.151897,150.359665,13.970776,-0.132361,0.929669,0.142216,0.313003,-11.03788,129.569626,15.670154,-0.625995,0.02266,0.605665,-0.490701,-24.089632,126.903748,5.153905,-0.689414,-0.498786,0.26439,0.453893,-18.185966,113.046051,-11.224407,0.212133,0.214834,-0.641985,-0.70477,-7.176705,141.212677,-8.545237,-0.153242,0.986715,0.044478,-0.030541,-3.671996,130.775589,16.450499,0.200648,0.93769,-0.02448,-0.282627,12.471169,135.954208,15.658936,-0.04021,0.431961,0.421864,-0.796131,29.376337,127.273178,4.083396,0.229192,0.199887,0.527342,-0.793364,22.925394,144.096512,-11.488035,0.01179,0.981976,0.169437,0.082924,-10.228131,86.83934,7.025138,0.056661,0.995126,-0.00707,0.080398,-10.048997,52.712154,-5.097339,-0.055129,0.935883,0.017122,0.34755,-15.438736,5.703464,-4.862672,-0.104411,0.930929,-0.096855,0.336286,7.259691,88.192787,14.097005,-0.020269,0.895182,-0.209579,0.392831,11.940917,53.44519,23.171267,-0.011561,0.874461,-0.107254,0.472949,5.866839,10.323485,41.679256,-0.055129,0.935883,0.017122,0.34755,-5.530926,0.596106,-15.573253,-0.011561,0.874461,-0.107254,0.472949,17.135092,1.814584,35.387093
694,5.783333,-0.031827,0.979178,-0.018332,0.199656,-1.447739,87.498894,10.738858,-0.056394,0.982701,0.153725,0.086524,-1.87428,95.231926,10.361944,-0.077668,0.994627,-0.021215,0.06507,-4.694078,114.648315,16.36043,-0.011698,0.997117,0.024227,0.070947,-7.918265,135.620865,15.248947,0.036242,0.994198,-0.068225,0.074844,-8.044067,150.351028,14.062815,-0.132493,0.925955,0.140802,0.324387,-11.056417,129.568985,15.679338,-0.630516,0.025363,0.601219,-0.490247,-23.860668,126.955009,4.850446,-0.690336,-0.501023,0.261309,0.451807,-17.723991,113.126137,-11.466468,0.214277,0.217056,-0.641289,-0.704075,-6.752188,141.296463,-8.674686,-0.150618,0.987543,0.042321,-0.016789,-3.705876,130.749176,16.626011,0.2139,0.938267,-0.024142,-0.270775,12.486444,135.822159,16.279593,-0.044183,0.428707,0.42887,-0.793932,29.439016,126.599625,5.202892,0.226349,0.1934,0.531598,-0.792948,23.126558,143.751312,-10.134963,0.013657,0.981298,0.168537,0.091996,-10.130746,86.840286,7.052615,0.057519,0.995048,-0.006272,0.080815,-9.978428,52.694511,-5.017797,-0.055268,0.935758,0.017449,0.347848,-15.442756,5.694088,-4.867074,-0.104566,0.92679,-0.096134,0.347685,7.235267,88.157501,14.425102,-0.019206,0.891968,-0.205473,0.402249,11.833819,53.402172,23.512024,-0.013924,0.870549,-0.101143,0.481374,5.63334,10.115212,41.58728,-0.055268,0.935758,0.017449,0.347848,-5.525879,0.597529,-15.574405,-0.013924,0.870549,-0.101143,0.481374,17.111715,1.789258,35.431664
695,5.791667,-0.031158,0.977494,-0.017905,0.207879,-1.411838,87.472664,10.917341,-0.058034,0.981685,0.153136,0.097347,-1.826444,95.206596,10.54547,-0.075289,0.993997,-0.021229,0.076496,-4.772398,114.600037,16.475327,-0.01124,0.996451,0.023356,0.080081,-7.883653,135.588028,15.333862,0.03842,0.993554,-0.068575,0.081677,-7.965979,150.316635,14.124815,-0.131716,0.922365,0.140022,0.335094,-11.055803,129.548462,15.679669,-0.634977,0.028251,0.596623,-0.489946,-23.627363,127.017281,4.562312,-0.691369,-0.503114,0.25819,0.449693,-17.252556,113.210022,-11.681451,0.216421,0.218331,-0.640207,-0.704009,-6.309842,141.380814,-8.782343,-0.149051,0.987995,0.040533,-0.002811,-3.724078,130.696075,16.79694,0.226457,0.938919,-0.023032,-0.258104,12.493488,135.698563,16.907724,-0.047172,0.425804,0.435292,-0.791825,29.498238,125.971474,6.354956,0.224029,0.187391,0.536758,-0.791572,23.323671,143.401398,-8.775308,0.015628,0.980544,0.167613,0.100972,-10.032263,86.826263,7.084948,0.058267,0.994884,-0.005557,0.08234,-9.916351,52.662189,-4.933962,-0.055322,0.935644,0.018307,0.348103,-15.445542,5.669156,-4.86484,-0.104721,0.923484,-0.095774,0.356425,7.208587,88.119064,14.749736,-0.018362,0.888796,-0.201563,0.411188,11.740847,53.361084,23.859781,-0.015435,0.867369,-0.094933,0.488283,5.441945,9.920531,41.527962,-0.055322,0.935644,0.018307,0.348103,-5.520131,0.5967,-15.575714,-0.015435,0.867369,-0.094933,0.488283,17.092773,1.765723,35.46796
696,5.8,-0.030894,0.975765,-0.017564,0.215917,-1.360358,87.448212,11.100652,-0.059976,0.980606,0.15242,0.107628,-1.769031,95.182587,10.731428,-0.073249,0.993257,-0.0212,0.087328,-4.849585,114.561447,16.588398,-0.008557,0.995694,0.023332,0.089306,-7.862724,135.562378,15.421702,0.039545,0.992865,-0.069579,0.0884,-7.837978,150.291901,14.221321,-0.13126,0.918691,0.138475,0.345835,-11.062497,129.533264,15.686403,-0.639925,0.031445,0.591578,-0.489432,-23.389839,127.065613,4.284929,-0.692266,-0.505588,0.255238,0.447215,-16.756752,113.284721,-11.877596,0.219671,0.219969,-0.639598,-0.703046,-5.873577,141.467941,-8.877003,-0.147056,0.988329,0.038065,0.011446,-3.752863,130.653061,16.964985,0.239981,0.938913,-0.021626,-0.245732,12.480569,135.57164,17.538967,-0.050347,0.423506,0.442595,-0.788807,29.481968,125.307587,7.50206,0.221212,0.181758,0.542583,-0.789705,23.507303,143.04834,-7.42965,0.01748,0.979734,0.166805,0.109506,-9.916665,86.806396,7.126437,0.059311,0.994761,-0.004775,0.08313,-9.83408,52.627174,-4.849614,-0.055976,0.93546,0.019148,0.348446,-15.45507,5.644989,-4.866676,-0.104989,0.91936,-0.095142,0.367019,7.195951,88.090042,15.074865,-0.017518,0.886395,-0.197969,0.418098,11.658123,53.327393,24.201679,-0.017054,0.865106,-0.089373,0.493268,5.294629,9.748089,41.501148,-0.055976,0.93546,0.019148,0.348446,-5.512968,0.603033,-15.576461,-0.017054,0.865106,-0.089373,0.493268,17.082796,1.748715,35.49987
697,5.808333,-0.030332,0.974045,-0.017374,0.22364,-1.312555,87.416199,11.287533,-0.062075,0.979406,0.151656,0.117948,-1.710477,95.151199,10.919891,-0.070786,0.992418,-0.021074,0.098246,-4.933434,114.531448,16.70396,-0.006157,0.994848,0.023341,0.098464,-7.830779,135.547668,15.519671,0.040655,0.992112,-0.070912,0.095037,-7.707732,150.277573,14.330122,-0.130963,0.914905,0.13703,0.356399,-11.061244,129.53183,15.700359,-0.643958,0.034176,0.587181,-0.489254,-23.139446,127.122475,4.023098,-0.693489,-0.507608,0.252091,0.444812,-16.283649,113.358101,-12.060382,0.222063,0.221954,-0.638972,-0.702239,-5.427788,141.541672,-8.965423,-0.144854,0.988474,0.035642,0.025809,-3.776692,130.61731,17.141388,0.252557,0.938869,-0.020397,-0.233077,12.460399,135.446304,18.182594,-0.053053,0.422181,0.448694,-0.78589,29.455822,124.682198,8.673248,0.21799,0.176945,0.547837,-0.788064,23.676132,142.678421,-6.106348,0.018787,0.979022,0.16602,0.116623,-9.805316,86.783958,7.177784,0.060531,0.994709,-0.003772,0.082922,-9.735104,52.589237,-4.754013,-0.056391,0.935229,0.019945,0.348954,-15.462732,5.620083,-4.873905,-0.105167,0.916109,-0.094837,0.375087,7.180206,88.048431,15.397281,-0.016766,0.884565,-0.194586,0.423556,11.582154,53.284298,24.547651,-0.018652,0.863642,-0.083985,0.49671,5.18608,9.576878,41.508591,-0.056391,0.935229,0.019945,0.348954,-5.502792,0.605022,-15.579745,-0.018652,0.863642,-0.083985,0.49671,17.085075,1.726621,35.529156
698,5.816667,-0.029734,0.97228,-0.017497,0.231259,-1.276726,87.384712,11.485293,-0.06384,0.978114,0.150988,0.128141,-1.662302,95.120209,11.114841,-0.068236,0.991469,-0.021095,0.109035,-5.013849,114.50769,16.831276,-0.004579,0.993935,0.022996,0.10744,-7.79111,135.53894,15.626292,0.042314,0.991283,-0.072164,0.101787,-7.593429,150.26799,14.436333,-0.131346,0.910737,0.135775,0.367249,-11.051512,129.537384,15.724817,-0.647804,0.037075,0.582952,-0.489023,-22.859779,127.169487,3.766376,-0.694491,-0.509882,0.249123,0.442313,-15.792948,113.413773,-12.232952,0.225488,0.223522,-0.638288,-0.701271,-4.987248,141.60614,-9.04412,-0.142548,0.988421,0.033912,0.039411,-3.795206,130.587326,17.32579,0.265518,0.938713,-0.016403,-0.2192,12.434268,135.324554,18.812151,-0.054533,0.420758,0.455009,-0.782915,29.410154,124.072281,9.84868,0.214697,0.172545,0.552664,-0.786572,23.838055,142.296463,-4.791667,0.020923,0.978027,0.165886,0.124527,-9.704619,86.761452,7.242784,0.060984,0.994456,-0.002849,0.085619,-9.690578,52.569668,-4.697628,-0.056595,0.935018,0.020081,0.349477,-15.452862,5.605146,-4.923585,-0.105441,0.912922,-0.094135,0.382876,7.151167,88.007973,15.727803,-0.016136,0.883287,-0.191572,0.427602,11.512892,53.238411,24.876802,-0.020051,0.862932,-0.079011,0.498702,5.10951,9.418875,41.543137,-0.056595,0.935018,0.020081,0.349477,-5.478545,0.596777,-15.619164,-0.020051,0.862932,-0.079011,0.498702,17.090887,1.703623,35.552502
699,5.825,-0.02929,0.970469,-0.017438,0.238803,-1.234822,87.355667,11.68365,-0.06525,0.976762,0.150273,0.138189,-1.611057,95.091599,11.312736,-0.066339,0.990361,-0.021127,0.119742,-5.073553,114.480034,16.957813,-0.002244,0.99292,0.022794,0.116556,-7.757999,135.522079,15.731091,0.043555,0.99041,-0.073598,0.108512,-7.463647,150.250168,14.549022,-0.13105,0.906749,0.134132,0.377679,-11.038635,129.530762,15.748529,-0.651517,0.039733,0.578871,-0.488729,-22.585808,127.216782,3.527456,-0.695491,-0.511963,0.246298,0.439912,-15.317056,113.474236,-12.392528,0.228305,0.225778,-0.636908,-0.700892,-4.555525,141.673706,-9.118247,-0.139782,0.988235,0.03139,0.053554,-3.815263,130.554825,17.507404,0.277076,0.938393,-0.01548,-0.205932,12.396083,135.186691,19.452772,-0.057008,0.420613,0.460057,-0.779861,29.343897,123.473671,11.04358,0.211455,0.16923,0.558239,-0.78423,23.976196,141.910095,-3.493302,0.022705,0.977128,0.165615,0.131444,-9.59614,86.739334,7.310412,0.06172,0.99422,-0.002409,0.087819,-9.626343,52.54668,-4.627461,-0.056643,0.93497,0.020671,0.349564,-15.453419,5.590484,-4.913703,-0.105566,0.910524,-0.09371,0.388612,7.126496,87.972,16.056889,-0.015397,0.882909,-0.188846,0.429617,11.45101,53.198563,25.208817,-0.020236,0.862881,-0.074073,0.499539,5.059637,9.278676,41.613544,-0.056643,0.93497,0.020671,0.349564,-5.475177,0.598731,-15.613387,-0.020236,0.862881,-0.074073,0.499539,17.089821,1.678298,35.574078
700,5.833333,-0.028675,0.968701,-0.017494,0.245947,-1.194955,87.3256,11.892286,-0.066601,0.975373,0.149421,0.147938,-1.558993,95.06205,11.520111,-0.064611,0.989153,-0.021256,0.130195,-5.125719,114.448524,17.086819,-0.00028,0.991834,0.023021,0.125442,-7.724033,135.499954,15.835823,0.045331,0.98946,-0.075146,0.115186,-7.346251,150.227768,14.674417,-0.130179,0.902671,0.132722,0.388102,-11.021282,129.518051,15.77497,-0.654984,0.042989,0.574524,-0.488948,-22.305254,127.277779,3.297004,-0.696686,-0.514039,0.243511,0.437144,-14.825403,113.523125,-12.514371,0.230876,0.227627,-0.636195,-0.700099,-4.11029,141.732162,-9.170991,-0.137792,0.987693,0.029413,0.067911,-3.833727,130.518829,17.687296,0.288664,0.937828,-0.013437,-0.192281,12.337185,135.070648,20.101646,-0.058785,0.421268,0.465194,-0.77632,29.235182,122.907829,12.249144,0.208124,0.166353,0.563144,-0.782228,24.114717,141.525848,-2.209939,0.024328,0.976187,0.165681,0.137901,-9.491454,86.718903,7.395978,0.062514,0.994019,-0.001972,0.089521,-9.556707,52.533348,-4.562081,-0.056015,0.934939,0.020969,0.349731,-15.453991,5.586293,-4.906171,-0.10562,0.908675,-0.093398,0.392978,7.101545,87.932289,16.388596,-0.014645,0.883409,-0.186364,0.4297,11.394731,53.155445,25.54236,-0.021295,0.863376,-0.069705,0.499269,5.040699,9.145287,41.718075,-0.056015,0.934939,0.020969,0.349731,-5.477642,0.595723,-15.608178,-0.021295,0.863376,-0.069705,0.499269,17.109299,1.658546,35.613659
701,5.841667,-0.028336,0.966875,-0.017315,0.253079,-1.153966,87.296936,12.098085,-0.068091,0.973854,0.148761,0.157616,-1.510885,95.033791,11.727242,-0.06251,0.987864,-0.021479,0.140552,-5.188549,114.42363,17.223326,0.002211,0.990674,0.02271,0.134332,-7.684444,135.486008,15.948269,0.04655,0.988497,-0.076685,0.121762,-7.206114,150.211578,14.795491,-0.129702,0.898532,0.131067,0.398295,-11.001165,129.516174,15.809843,-0.658361,0.046121,0.570701,-0.488604,-22.017262,127.332291,3.08496,-0.697785,-0.515779,0.240836,0.434817,-14.354989,113.571342,-12.633303,0.23355,0.229516,-0.63542,-0.699298,-3.670041,141.783386,-9.219564,-0.135126,0.987056,0.026521,0.082202,-3.85169,130.488327,17.873676,0.29917,0.937386,-0.010441,-0.178034,12.271091,134.941666,20.749451,-0.060243,0.422069,0.469788,-0.772999,29.129023,122.378502,13.461435,0.205085,0.164157,0.568223,-0.779817,24.241934,141.149994,-0.93292,0.026151,0.975097,0.165546,0.145245,-9.383517,86.695923,7.479648,0.063285,0.993774,-0.001515,0.091685,-9.488894,52.513802,-4.48792,-0.056157,0.934933,0.021387,0.349699,-15.453736,5.575797,-4.894587,-0.105695,0.90719,-0.093212,0.396416,7.075585,87.897957,16.716524,-0.013862,0.884581,-0.184069,0.428303,11.344457,53.119747,25.876465,-0.021355,0.863996,-0.065176,0.498806,5.044178,9.027028,41.847061,-0.056157,0.934933,0.021387,0.349699,-5.475651,0.598093,-15.60096,-0.021355,0.863996,-0.065176,0.498806,17.136538,1.643156,35.664875
702,5.85,-0.027969,0.965076,-0.017256,0.2599,-1.109298,87.268761,12.311591,-0.069345,0.972262,0.148066,0.167257,-1.458339,95.005974,11.940607,-0.060557,0.986442,-0.021698,0.15098,-5.238696,114.413544,17.368347,0.003931,0.989445,0.022235,0.143136,-7.638043,135.485733,16.070236,0.048275,0.987444,-0.078359,0.128387,-7.081296,150.20874,14.919789,-0.129561,0.894197,0.129722,0.408409,-10.970656,129.5271,15.853506,-0.66223,0.0494,0.567807,-0.486421,-21.711046,127.392914,2.886793,-0.698435,-0.516879,0.238208,0.433914,-13.916069,113.645485,-12.777967,0.235917,0.231726,-0.63407,-0.699,-3.223691,141.842102,-9.261569,-0.132124,0.986263,0.024294,0.096118,-3.863205,130.472855,18.06916,0.310044,0.936352,-0.008007,-0.164481,12.202578,134.816772,21.39592,-0.062956,0.424029,0.474596,-0.768762,28.972281,121.838356,14.65235,0.200744,0.163293,0.572865,-0.77773,24.377922,140.781403,0.326748,0.028203,0.973828,0.165461,0.153251,-9.273069,86.67347,7.577124,0.063993,0.993527,-0.000985,0.093854,-9.425725,52.497375,-4.407154,-0.056354,0.934937,0.021726,0.349636,-15.451175,5.567756,-4.882924,-0.105756,0.906329,-0.0932,0.398368,7.054474,87.864059,17.046059,-0.012862,0.886295,-0.181952,0.425686,11.307878,53.086628,26.216131,-0.021666,0.865021,-0.060926,0.497552,5.056842,8.918047,41.995327,-0.056354,0.934937,0.021726,0.349636,-5.471648,0.601361,-15.593204,-0.021666,0.865021,-0.060926,0.497552,17.161463,1.633756,35.7197
703,5.858333,-0.027681,0.963236,-0.016904,0.266693,-1.066184,87.240028,12.523228,-0.071067,0.970578,0.147097,0.17689,-1.40977,94.977661,12.156239,-0.058041,0.984951,-0.021847,0.161322,-5.306092,114.390839,17.496361,0.00631,0.988115,0.022338,0.151951,-7.58571,135.475418,16.184038,0.049545,0.986358,-0.08031,0.134882,-6.93398,150.19635,15.05718,-0.128249,0.890353,0.127872,0.4177,-10.939009,129.53186,15.887323,-0.665935,0.053172,0.564052,-0.485333,-21.430334,127.468933,2.70693,-0.69953,-0.517983,0.235999,0.432037,-13.463413,113.710152,-12.861058,0.238289,0.233279,-0.633346,-0.698335,-2.776757,141.902908,-9.296627,-0.129416,0.985181,0.021973,0.110398,-3.875552,130.442795,18.253174,0.320538,0.935245,-0.004747,-0.150163,12.11417,134.688232,22.041487,-0.065949,0.426475,0.479174,-0.764305,28.789869,121.315193,15.859163,0.196771,0.164225,0.577083,-0.775427,24.500774,140.423798,1.595962,0.030382,0.972347,0.165353,0.162099,-9.162611,86.650505,7.67379,0.064739,0.993225,-0.000545,0.096505,-9.360982,52.481102,-4.328863,-0.056351,0.93491,0.0222,0.349678,-15.450963,5.560508,-4.868838,-0.105671,0.905732,-0.093203,0.399744,7.030243,87.829552,17.372665,-0.012076,0.888093,-0.179849,0.422847,11.264102,53.05085,26.546972,-0.021341,0.866054,-0.056314,0.496311,5.082228,8.808414,42.145439,-0.056351,0.93491,0.0222,0.349678,-5.469358,0.606951,-15.583128,-0.021341,0.866054,-0.056314,0.496311,17.19346,1.623489,35.768833
704,5.866667,-0.027259,0.961378,-0.016922,0.273355,-1.029239,87.209473,12.745054,-0.072353,0.968909,0.146054,0.186142,-1.363905,94.947456,12.377215,-0.056262,0.983366,-0.022106,0.171281,-5.3551,114.369354,17.630032,0.008964,0.986739,0.022204,0.160542,-7.54533,135.462112,16.296738,0.05109,0.985251,-0.082123,0.141158,-6.790603,150.179596,15.189324,-0.127075,0.886214,0.126965,0.427032,-10.909498,129.528885,15.925212,-0.669285,0.056847,0.560281,-0.484676,-21.143435,127.546631,2.531792,-0.700475,-0.51916,0.233978,0.430189,-13.005811,113.768318,-12.930266,0.240296,0.234001,-0.632573,-0.698106,-2.33561,141.961578,-9.320794,-0.126413,0.983977,0.019251,0.124254,-3.892707,130.416122,18.434584,0.330493,0.933973,-0.003038,-0.135864,12.012733,134.557098,22.66728,-0.070204,0.430732,0.482688,-0.759312,28.582031,120.801804,17.064766,0.190699,0.166043,0.580659,-0.773885,24.626469,140.060303,2.833586,0.032667,0.970661,0.16533,0.171509,-9.058061,86.626381,7.783725,0.065401,0.993002,2.8e-05,0.098335,-9.300915,52.466858,-4.246212,-0.056199,0.93493,0.02251,0.349629,-15.446507,5.554387,-4.857416,-0.105684,0.905623,-0.092786,0.400086,6.999583,87.792557,17.706383,-0.011245,0.890446,-0.177531,0.418882,11.2433,53.008438,26.85557,-0.020919,0.867251,-0.051783,0.494729,5.153453,8.685771,42.261295,-0.056199,0.93493,0.02251,0.349629,-5.466828,0.607421,-15.576549,-0.020919,0.867251,-0.051783,0.494729,17.263746,1.597303,35.775879
705,5.875,-0.026978,0.959537,-0.016934,0.279775,-0.98894,87.178955,12.975547,-0.074,0.967136,0.144577,0.195626,-1.316915,94.917175,12.606512,-0.053992,0.981652,-0.022103,0.181538,-5.415054,114.355942,17.751144,0.011688,0.985212,0.022303,0.16948,-7.496876,135.45932,16.412554,0.052247,0.984028,-0.084365,0.147791,-6.637584,150.173218,15.334053,-0.12618,0.882246,0.124634,0.436105,-10.875069,129.539749,15.959677,-0.67254,0.060044,0.556296,-0.484376,-20.850872,127.606026,2.365911,-0.701165,-0.520627,0.232138,0.428283,-12.531856,113.817169,-12.989865,0.242269,0.234236,-0.632258,-0.697631,-1.902244,142.019745,-9.333795,-0.123279,0.982563,0.016675,0.138179,-3.908835,130.395477,18.616516,0.340192,0.932458,-0.000988,-0.12162,11.899125,134.428864,23.29484,-0.074525,0.435735,0.486243,-0.753757,28.342152,120.306381,18.262859,0.185259,0.168695,0.583058,-0.772829,24.759834,139.69696,4.061535,0.03498,0.968857,0.165653,0.180699,-8.950896,86.599792,7.907158,0.066014,0.992745,0.000398,0.100496,-9.237522,52.459343,-4.175846,-0.055787,0.935016,0.022727,0.349451,-15.435579,5.554515,-4.841003,-0.105426,0.905971,-0.09303,0.399309,6.973017,87.758125,18.043936,-0.01032,0.892515,-0.175271,0.41544,11.200651,52.973347,27.198067,-0.020734,0.868424,-0.047356,0.493121,5.18155,8.573333,42.407627,-0.055787,0.935016,0.022727,0.349451,-5.463629,0.60856,-15.567788,-0.020734,0.868424,-0.047356,0.493121,17.291983,1.583165,35.816635
706,5.883333,-0.026999,0.957683,-0.016489,0.286083,-0.939341,87.144432,13.198545,-0.075683,0.965248,0.143598,0.204812,-1.267162,94.882874,12.833877,-0.051847,0.979861,-0.022349,0.191531,-5.475916,114.338493,17.890543,0.015447,0.983643,0.022299,0.178077,-7.45293,135.451065,16.537931,0.053327,0.982874,-0.086761,0.153582,-6.460077,150.15892,15.492162,-0.12491,0.87831,0.122356,0.44497,-10.842779,129.544525,16.008379,-0.675245,0.062873,0.552565,-0.484524,-20.564259,127.668617,2.223598,-0.701906,-0.521758,0.230604,0.426518,-12.076595,113.864326,-13.025643,0.243237,0.234133,-0.632006,-0.697558,-1.475453,142.073929,-9.34114,-0.119739,0.981067,0.013878,0.151581,-3.929098,130.371277,18.807835,0.349209,0.930829,0.001208,-0.107746,11.776249,134.287323,23.912058,-0.079262,0.441014,0.489354,-0.748169,28.084242,119.827103,19.429907,0.178991,0.171829,0.585683,-0.77163,24.871803,139.33519,5.26741,0.037449,0.966996,0.165803,0.189805,-8.833771,86.566231,8.025503,0.066682,0.992432,0.000743,0.103113,-9.177336,52.442318,-4.102648,-0.056299,0.934963,0.022827,0.349504,-15.432714,5.545917,-4.823143,-0.104941,0.906238,-0.093514,0.398718,6.95509,87.722641,18.371588,-0.00964,0.894237,-0.172962,0.412711,11.1429,52.937008,27.540743,-0.02068,0.869563,-0.042733,0.491536,5.203339,8.459637,42.554302,-0.056299,0.934963,0.022827,0.349504,-5.454091,0.608477,-15.547648,-0.02068,0.869563,-0.042733,0.491536,17.316385,1.57514,35.857738
707,5.891667,-0.026901,0.95584,-0.016186,0.292207,-0.892656,87.111992,13.431795,-0.077603,0.96323,0.142382,0.214227,-1.218063,94.850662,13.069959,-0.048998,0.97794,-0.022585,0.201798,-5.543912,114.319992,18.023363,0.017698,0.982027,0.022326,0.186578,-7.386497,135.444321,16.66456,0.05485,0.981624,-0.08918,0.159536,-6.304616,150.147827,15.646394,-0.123865,0.874116,0.120477,0.453942,-10.793961,129.555756,16.054129,-0.677738,0.066212,0.549218,-0.484404,-20.250521,127.736938,2.078719,-0.702161,-0.522914,0.229553,0.425248,-11.617931,113.900055,-13.059232,0.243811,0.233517,-0.632107,-0.697472,-1.060775,142.122101,-9.343852,-0.117073,0.979283,0.011463,0.164823,-3.936573,130.343353,18.99954,0.357738,0.929182,0.004743,-0.092852,11.647984,134.170792,24.52393,-0.082464,0.446176,0.492325,-0.742794,27.820608,119.397293,20.608829,0.173498,0.174869,0.588726,-0.769884,24.971186,138.985138,6.455307,0.039938,0.965088,0.166203,0.198459,-8.720207,86.536255,8.157825,0.067289,0.992151,0.001064,0.105395,-9.122872,52.435917,-4.034664,-0.055876,0.935012,0.023118,0.349423,-15.43017,5.547273,-4.805736,-0.104399,0.906763,-0.094015,0.397547,6.934895,87.687729,18.705765,-0.008859,0.896025,-0.170567,0.409839,11.084576,52.900684,27.886911,-0.02068,0.870477,-0.038327,0.490279,5.220347,8.34409,42.693764,-0.055876,0.935012,0.023118,0.349423,-5.456992,0.612854,-15.536698,-0.02068,0.870477,-0.038327,0.490279,17.339981,1.562167,35.905067
708,5.9,-0.027248,0.954042,-0.015774,0.298014,-0.831592,87.079147,13.667766,-0.079457,0.961245,0.141084,0.223136,-1.161824,94.817734,13.308459,-0.046415,0.976009,-0.022611,0.211522,-5.598517,114.306572,18.157631,0.020238,0.980352,0.022304,0.194942,-7.320399,135.44133,16.802578,0.056109,0.980298,-0.091894,0.165603,-6.141684,150.139374,15.813608,-0.122792,0.869754,0.118536,0.463033,-10.740986,129.569092,16.11322,-0.679797,0.069144,0.546746,-0.483905,-19.923582,127.806976,1.949131,-0.70215,-0.52372,0.228624,0.424776,-11.188107,113.940727,-13.102679,0.243939,0.232298,-0.632501,-0.697477,-0.656282,142.166183,-9.341719,-0.113893,0.977382,0.008787,0.177977,-3.940224,130.320816,19.196087,0.366126,0.92724,0.009057,-0.078072,11.516197,134.04628,25.134655,-0.084874,0.45073,0.495639,-0.73755,27.531034,118.969437,21.765392,0.168442,0.177688,0.593199,-0.766922,25.038189,138.634415,7.624619,0.042695,0.962941,0.166765,0.207632,-8.593966,86.498619,8.298844,0.067926,0.991854,0.00125,0.107746,-9.063833,52.428352,-3.975017,-0.05604,0.935099,0.023206,0.349157,-15.426885,5.547896,-4.784929,-0.103506,0.907294,-0.094556,0.396438,6.930783,87.659683,19.036686,-0.008147,0.897492,-0.168115,0.407651,11.017825,52.866577,28.222958,-0.021475,0.871337,-0.03442,0.489005,5.224297,8.230233,42.81588,-0.05604,0.935099,0.023206,0.349157,-5.457908,0.617351,-15.521577,-0.021475,0.871337,-0.03442,0.489005,17.355711,1.551147,35.946743
709,5.908333,-0.027375,0.952158,-0.01541,0.303986,-0.782646,87.043701,13.911565,-0.08118,0.959128,0.139664,0.232331,-1.114219,94.782349,13.554976,-0.043631,0.973903,-0.022876,0.221552,-5.657433,114.30056,18.295237,0.021603,0.97865,0.021906,0.20322,-7.247819,135.44545,16.937658,0.058182,0.978894,-0.094352,0.171697,-6.004534,150.139038,15.961591,-0.122083,0.86557,0.116444,0.471513,-10.682085,129.591095,16.168854,-0.681411,0.071603,0.544546,-0.483758,-19.601563,127.867874,1.832889,-0.702182,-0.524399,0.227724,0.424367,-10.774657,113.973045,-13.139008,0.243578,0.230955,-0.633235,-0.697383,-0.261118,142.199646,-9.335657,-0.110702,0.975302,0.006409,0.191027,-3.942758,130.304962,19.392418,0.373812,0.925228,0.011542,-0.063908,11.374547,133.928238,25.740532,-0.087127,0.455736,0.498301,-0.7324,27.225777,118.569054,22.917063,0.164888,0.180802,0.597541,-0.763589,25.081137,138.290375,8.765676,0.045086,0.960768,0.167877,0.216123,-8.476895,86.462166,8.445571,0.068707,0.991652,0.001841,0.109093,-8.986486,52.434052,-3.943112,-0.055985,0.934974,0.022574,0.349542,-15.41526,5.563864,-4.825178,-0.102824,0.907652,-0.095106,0.395664,6.911604,87.625244,19.37756,-0.007197,0.898682,-0.164636,0.406465,10.946027,52.829498,28.577072,-0.022404,0.871365,-0.029615,0.489228,5.225264,8.082241,42.855618,-0.055985,0.934974,0.022574,0.349542,-5.43959,0.616109,-15.547678,-0.022404,0.871365,-0.029615,0.489228,17.399193,1.531637,35.938148
710,5.916667,-0.027634,0.950362,-0.015486,0.309528,-0.73252,87.004578,14.166045,-0.082733,0.956992,0.138131,0.241333,-1.065463,94.742973,13.805156,-0.041057,0.971695,-0.023113,0.231495,-5.704737,114.29113,18.432613,0.024157,0.976866,0.021908,0.211352,-7.172718,135.444824,17.074303,0.059737,0.977577,-0.097149,0.177021,-5.833756,150.132156,16.130869,-0.121381,0.861413,0.11454,0.479702,-10.61657,129.607025,16.226587,-0.683269,0.074071,0.54264,-0.482907,-19.277437,127.922928,1.728326,-0.70204,-0.525032,0.226888,0.424268,-10.374276,114.008736,-13.180292,0.243694,0.23005,-0.633511,-0.697391,0.122016,142.234879,-9.326128,-0.107582,0.973052,0.003985,0.203911,-3.941586,130.286118,19.588562,0.381762,0.922767,0.014394,-0.05052,11.22611,133.811874,26.338112,-0.089078,0.460253,0.501734,-0.726977,26.878214,118.166718,24.018908,0.161543,0.18324,0.603284,-0.759194,25.100941,137.958511,9.877624,0.046942,0.958915,0.168811,0.223116,-8.362193,86.417236,8.610882,0.069695,0.991551,0.00237,0.10938,-8.894534,52.424271,-3.87295,-0.055601,0.934984,0.022775,0.349564,-15.409845,5.567238,-4.816781,-0.101816,0.907521,-0.095286,0.396182,6.897152,87.591919,19.721209,-0.006623,0.899485,-0.162019,0.405749,10.855616,52.78373,28.906649,-0.023512,0.871729,-0.025347,0.488767,5.198208,7.954821,42.952435,-0.055601,0.934984,0.022775,0.349564,-5.437109,0.62063,-15.542536,-0.023512,0.871729,-0.025347,0.488767,17.401663,1.522277,35.976456
711,5.925,-0.027839,0.948553,-0.015387,0.315016,-0.678824,86.966988,14.414061,-0.08411,0.954809,0.136375,0.250333,-1.013173,94.705246,14.051707,-0.038682,0.969372,-0.02309,0.241431,-5.73663,114.281593,18.556749,0.027056,0.974968,0.022345,0.21956,-7.093235,135.443375,17.208698,0.061042,0.976219,-0.100229,0.182276,-5.651814,150.124069,16.314463,-0.120716,0.857427,0.112761,0.487373,-10.541929,129.62085,16.279554,-0.684327,0.076105,0.540683,-0.483287,-18.956455,127.972939,1.632832,-0.702379,-0.525762,0.225874,0.423343,-9.972551,114.026192,-13.196725,0.243584,0.229583,-0.633129,-0.69793,0.505025,142.255447,-9.314733,-0.103926,0.970677,0.001038,0.216757,-3.934631,130.267334,19.77886,0.389161,0.920249,0.018172,-0.036949,11.07587,133.683914,26.924362,-0.090187,0.464442,0.50543,-0.721596,26.526918,117.776016,25.096395,0.159584,0.184952,0.608238,-0.75523,25.119194,137.623734,10.961737,0.048281,0.957238,0.169083,0.229728,-8.243462,86.3759,8.771046,0.070971,0.99153,0.002933,0.108729,-8.777513,52.398827,-3.755905,-0.055637,0.935241,0.023237,0.348839,-15.406784,5.559063,-4.761354,-0.100593,0.907815,-0.095762,0.395707,6.885812,87.558075,20.057076,-0.006367,0.899789,-0.159229,0.406183,10.755659,52.738529,29.237223,-0.024524,0.872148,-0.020987,0.488175,5.177182,7.82449,43.040512,-0.055637,0.935241,0.023237,0.348839,-5.449111,0.624397,-15.506586,-0.024524,0.872148,-0.020987,0.488175,17.406818,1.511247,36.001686
712,5.933333,-0.028093,0.946751,-0.015281,0.320375,-0.627695,86.926598,14.660686,-0.085846,0.952584,0.135305,0.258662,-0.964238,94.664696,14.29676,-0.035825,0.967147,-0.023542,0.250577,-5.78824,114.259293,18.703941,0.029806,0.973139,0.022056,0.227213,-7.009974,135.42923,17.354881,0.062454,0.97487,-0.103049,0.187374,-5.467813,150.101349,16.488489,-0.119329,0.853355,0.11077,0.495253,-10.470371,129.625595,16.353754,-0.685837,0.07855,0.539872,-0.481659,-18.633345,128.031219,1.559493,-0.702468,-0.525791,0.224931,0.423661,-9.627294,114.061272,-13.234758,0.244532,0.228919,-0.633336,-0.697629,0.874251,142.274719,-9.302856,-0.101333,0.968124,-0.000906,0.229056,-3.927416,130.234177,19.978506,0.395852,0.917739,0.022596,-0.023344,10.915046,133.571213,27.502596,-0.091047,0.468741,0.508807,-0.716315,26.168846,117.427078,26.151112,0.157358,0.187206,0.612903,-0.75136,25.123764,137.308746,12.016723,0.049362,0.955792,0.169567,0.235101,-8.127667,86.331009,8.932473,0.072269,0.991587,0.004082,0.107312,-8.657505,52.37344,-3.647443,-0.055523,0.935257,0.023382,0.348804,-15.397655,5.552027,-4.764449,-0.099456,0.907566,-0.09593,0.396522,6.872278,87.522186,20.388899,-0.006381,0.89989,-0.15659,0.406984,10.655069,52.688496,29.551661,-0.025336,0.872742,-0.016691,0.487237,5.167472,7.695594,43.132771,-0.055523,0.935257,0.023382,0.348804,-5.441585,0.61998,-15.512371,-0.025336,0.872742,-0.016691,0.487237,17.414368,1.49743,36.022038
713,5.941667,-0.028282,0.944875,-0.01548,0.325839,-0.596113,86.895325,14.910332,-0.08705,0.950342,0.134015,0.267043,-0.932311,94.633156,14.540593,-0.033144,0.964817,-0.023869,0.259729,-5.830033,114.240707,18.843138,0.032564,0.971213,0.021934,0.234956,-6.925522,135.417847,17.49868,0.063879,0.973435,-0.106092,0.192582,-5.283679,150.081161,16.666845,-0.118669,0.849183,0.109115,0.502891,-10.39372,129.631989,16.424364,-0.687154,0.080671,0.539164,-0.480223,-18.30324,128.074005,1.489221,-0.702537,-0.526014,0.223907,0.423812,-9.2782,114.084267,-13.274725,0.245567,0.22876,-0.632358,-0.698204,1.237025,142.285141,-9.289512,-0.09862,0.965504,-0.003244,0.240968,-3.918091,130.205002,20.173677,0.402178,0.915136,0.025877,-0.010494,10.75273,133.463623,28.060038,-0.093155,0.473949,0.511384,-0.710761,25.801233,117.096352,27.169487,0.153252,0.189921,0.616846,-0.748295,25.123791,137.015701,13.035449,0.049706,0.954465,0.170077,0.24,-8.029108,86.29454,9.096007,0.073923,0.991684,0.00546,0.105205,-8.508904,52.352005,-3.526413,-0.055554,0.935224,0.023289,0.348894,-15.392035,5.554721,-4.774791,-0.098656,0.906537,-0.095103,0.399266,6.836883,87.496101,20.724655,-0.006482,0.899601,-0.153591,0.408761,10.564596,52.639496,29.822626,-0.02644,0.872712,-0.012541,0.487357,5.175058,7.558677,43.149071,-0.055554,0.935224,0.023289,0.348894,-5.433817,0.620605,-15.519771,-0.02644,0.872712,-0.012541,0.487357,17.458586,1.477846,36.000324
714,5.95,-0.028957,0.943047,-0.015442,0.331037,-0.541162,86.86454,15.152207,-0.088204,0.948006,0.132681,0.275501,-0.885374,94.601799,14.777716,-0.030717,0.962322,-0.023976,0.269105,-5.853433,114.223061,18.973087,0.035313,0.969245,0.021643,0.242586,-6.835394,135.40657,17.641319,0.065489,0.972061,-0.108937,0.197337,-5.093744,150.060089,16.840504,-0.116974,0.845755,0.107526,0.509366,-10.305729,129.636765,16.49032,-0.6882,0.083184,0.538191,-0.479388,-18.006344,128.137787,1.440404,-0.703431,-0.525925,0.222844,0.422998,-8.952961,114.108109,-13.268193,0.247196,0.22923,-0.631477,-0.698273,1.596769,142.29538,-9.27802,-0.096035,0.962698,-0.005209,0.252907,-3.902192,130.177261,20.36615,0.408014,0.912542,0.028122,0.001239,10.585568,133.360168,28.61359,-0.095967,0.479393,0.513497,-0.705191,25.42849,116.788696,28.153265,0.149709,0.193454,0.62025,-0.745287,25.110229,136.745758,14.031264,0.050117,0.953438,0.170607,0.243595,-7.908854,86.251419,9.256623,0.075611,0.991758,0.006793,0.103218,-8.359687,52.324913,-3.409893,-0.055539,0.935085,0.0234,0.349262,-15.389737,5.553064,-4.786014,-0.097648,0.905572,-0.09471,0.401788,6.82653,87.477669,21.047792,-0.006716,0.899164,-0.151086,0.410649,10.475318,52.601337,30.102051,-0.02729,0.873189,-0.008877,0.486536,5.175384,7.448578,43.219227,-0.055539,0.935085,0.0234,0.349262,-5.422984,0.622294,-15.524615,-0.02729,0.873189,-0.008877,0.486536,17.47394,1.469051,36.011108
715,5.958333,-0.029662,0.941087,-0.015525,0.336505,-0.505695,86.84346,15.389906,-0.089117,0.945639,0.131363,0.283847,-0.857569,94.580032,15.008537,-0.02787,0.95983,-0.023911,0.278168,-5.885131,114.217377,19.10001,0.037926,0.967296,0.02123,0.2499,-6.739249,135.408096,17.79525,0.067197,0.970646,-0.112186,0.201854,-4.902017,150.051422,17.021776,-0.116237,0.841979,0.106006,0.516065,-10.21505,129.657669,16.566481,-0.688872,0.085216,0.537781,-0.478525,-17.688316,128.192551,1.399079,-0.704158,-0.525985,0.221692,0.422319,-8.630557,114.127518,-13.272996,0.249189,0.229891,-0.630256,-0.69845,1.946443,142.301834,-9.263573,-0.093265,0.95979,-0.007428,0.264667,-3.883456,130.158981,20.563866,0.413326,0.909936,0.031832,0.012852,10.415494,133.264191,29.162935,-0.098769,0.484853,0.515712,-0.699431,25.056961,116.508255,29.097839,0.145745,0.197324,0.622406,-0.743258,25.107658,136.497269,14.998937,0.050242,0.952572,0.170736,0.246842,-7.803582,86.216743,9.409539,0.077242,0.991861,0.008467,0.100867,-8.217514,52.294357,-3.26926,-0.055346,0.934944,0.023663,0.349652,-15.386978,5.548516,-4.801279,-0.097098,0.904647,-0.094124,0.404137,6.792192,87.470177,21.370272,-0.006855,0.898778,-0.148521,0.412424,10.399384,52.57806,30.380259,-0.02798,0.873669,-0.005612,0.485683,5.185715,7.352755,43.280285,-0.055346,0.934944,0.023663,0.349652,-5.412638,0.623218,-15.535343,-0.02798,0.873669,-0.005612,0.485683,17.494505,1.462743,36.016151
716,5.966667,-0.030243,0.93906,-0.015787,0.342057,-0.482531,86.831818,15.620446,-0.089877,0.943253,0.13026,0.291939,-0.839207,94.567726,15.230118,-0.024909,0.957349,-0.023898,0.286863,-5.918471,114.212082,19.22674,0.039592,0.965397,0.020633,0.256933,-6.64052,135.40947,17.950819,0.069459,0.969113,-0.115389,0.206596,-4.7342,150.044769,17.193024,-0.114995,0.838707,0.104262,0.521992,-10.122662,129.679428,16.646992,-0.690111,0.087681,0.537362,-0.476762,-17.396832,128.252991,1.379444,-0.704979,-0.52558,0.220689,0.421981,-8.337963,114.158653,-13.263792,0.251679,0.230356,-0.629099,-0.698447,2.291871,142.311554,-9.243685,-0.090646,0.956787,-0.009524,0.276135,-3.862462,130.140244,20.760021,0.418397,0.907264,0.035432,0.023675,10.242314,133.173416,29.69878,-0.101797,0.490023,0.518002,-0.693678,24.678473,116.242744,29.994921,0.141753,0.20085,0.625006,-0.7409,25.091713,136.26799,15.940531,0.050085,0.951812,0.170732,0.249793,-7.708505,86.192596,9.554688,0.078817,0.992033,0.010315,0.097736,-8.072383,52.268948,-3.122258,-0.055115,0.934847,0.023684,0.349948,-15.376337,5.549651,-4.81964,-0.09715,0.903102,-0.092625,0.407908,6.743444,87.471046,21.686203,-0.006843,0.898592,-0.146519,0.413543,10.361806,52.559387,30.615652,-0.028181,0.874243,-0.003027,0.484661,5.209655,7.27818,43.343136,-0.055115,0.934847,0.023684,0.349948,-5.397543,0.622717,-15.548815,-0.028181,0.874243,-0.003027,0.484661,17.5168,1.454032,36.023323
717,5.975,-0.031036,0.937004,-0.015865,0.347576,-0.459065,86.828346,15.836152,-0.090391,0.940883,0.12936,0.299723,-0.824539,94.563461,15.43833,-0.022014,0.954897,-0.02378,0.295162,-5.946787,114.217567,19.352617,0.041757,0.963531,0.0201,0.263553,-6.541808,135.420975,18.11153,0.071765,0.967637,-0.118929,0.210677,-4.553997,150.046509,17.374907,-0.113747,0.8355,0.102446,0.527737,-10.028939,129.711121,16.734465,-0.690827,0.089782,0.537173,-0.475545,-17.108128,128.320404,1.37226,-0.705856,-0.525011,0.219871,0.421649,-8.056808,114.191757,-13.24256,0.253667,0.230264,-0.628118,-0.698641,2.631185,142.322922,-9.224277,-0.088395,0.953938,-0.011328,0.286461,-3.839201,130.131989,20.956966,0.424056,0.904169,0.038591,0.034159,10.082065,133.104401,30.198687,-0.105372,0.495639,0.52022,-0.687466,24.2791,115.982353,30.844921,0.136828,0.204508,0.626391,-0.739655,25.076488,136.053116,16.843073,0.050336,0.951031,0.170817,0.252642,-7.612134,86.17408,9.686173,0.08012,0.992079,0.011099,0.096103,-7.953705,52.254368,-3.001942,-0.054692,0.934989,0.02377,0.349627,-15.374812,5.556252,-4.772642,-0.097282,0.901553,-0.091022,0.411648,6.694003,87.482613,21.986132,-0.006688,0.897969,-0.144587,0.415574,10.332764,52.551483,30.830761,-0.028186,0.87434,-0.000779,0.484493,5.214861,7.216835,43.380589,-0.054692,0.934989,0.02377,0.349627,-5.407441,0.626464,-15.511116,-0.028186,0.87434,-0.000779,0.484493,17.53087,1.448247,36.03175
718,5.983333,-0.031414,0.934843,-0.016322,0.353293,-0.459006,86.835213,16.05389,-0.090584,0.938604,0.128472,0.307103,-0.825004,94.569733,15.645144,-0.018983,0.952585,-0.023356,0.302781,-5.977583,114.243912,19.485062,0.043533,0.96178,0.018912,0.269678,-6.445511,135.453445,18.295311,0.074355,0.966091,-0.122605,0.214725,-4.383498,150.068665,17.557863,-0.11252,0.832192,0.100656,0.533539,-9.938889,129.765289,16.846167,-0.691216,0.092193,0.537457,-0.474194,-16.818493,128.40976,1.390421,-0.706713,-0.523949,0.219608,0.42167,-7.800319,114.231667,-13.196982,0.255089,0.229894,-0.627275,-0.699002,2.962296,142.33815,-9.205365,-0.08588,0.951004,-0.013453,0.296706,-3.815664,130.142853,21.168558,0.428947,0.901219,0.043101,0.044175,9.917684,133.050613,30.707247,-0.107864,0.500009,0.522578,-0.682106,23.894102,115.761963,31.656193,0.1318,0.208637,0.630037,-0.736311,25.025517,135.867813,17.70796,0.050545,0.949977,0.170849,0.256515,-7.535852,86.170753,9.817423,0.08141,0.992111,0.012585,0.094496,-7.839448,52.253365,-2.877836,-0.053911,0.934799,0.023208,0.350293,-15.370372,5.578318,-4.787429,-0.097893,0.899525,-0.088872,0.416382,6.61784,87.499664,22.290356,-0.006387,0.897709,-0.142717,0.416786,10.315711,52.549164,31.033331,-0.027917,0.874442,0.001183,0.484326,5.2292,7.163307,43.409622,-0.053911,0.934799,0.023208,0.350293,-5.397168,0.62539,-15.509833,-0.027917,0.874442,0.001183,0.484326,17.549709,1.439391,36.03344
719,5.991667,-0.031863,0.932598,-0.016564,0.359125,-0.452621,86.852165,16.25832,-0.090578,0.936343,0.127855,0.314183,-0.821197,94.586113,15.841309,-0.01664,0.950263,-0.023653,0.310105,-5.993818,114.263657,19.618181,0.045275,0.959938,0.018568,0.275907,-6.354069,135.476151,18.443752,0.077149,0.964414,-0.126356,0.219063,-4.225282,150.082993,17.730457,-0.111755,0.829261,0.098846,0.538579,-9.848488,129.80423,16.934706,-0.691913,0.09383,0.537082,-0.473282,-16.550497,128.465576,1.399657,-0.707162,-0.523443,0.219274,0.421721,-7.527913,114.263939,-13.162104,0.256409,0.228308,-0.626675,-0.699578,3.275828,142.355057,-9.173477,-0.083649,0.947816,-0.01552,0.307257,-3.791372,130.151657,21.35174,0.434094,0.898068,0.046904,0.05326,9.738529,133.004715,31.192898,-0.110883,0.504706,0.525055,-0.676235,23.477867,115.544067,32.415436,0.127126,0.212465,0.632383,-0.734023,24.968472,135.692459,18.538391,0.050975,0.949029,0.170751,0.259981,-7.450358,86.177681,9.934274,0.082484,0.992153,0.013991,0.092912,-7.738964,52.261017,-2.763309,-0.053199,0.934684,0.022385,0.350762,-15.360515,5.606153,-4.802158,-0.098746,0.897987,-0.0866,0.419964,6.545115,87.526642,22.582367,-0.005704,0.897745,-0.141425,0.417158,10.333658,52.559425,31.219042,-0.02773,0.874726,0.002123,0.48382,5.235099,7.13805,43.459362,-0.053199,0.934684,0.022385,0.350762,-5.385972,0.62358,-15.50958,-0.02773,0.874726,0.002123,0.48382,17.5499,1.434399,36.057983
720,6.0,-0.032072,0.930326,-0.016784,0.364943,-0.45752,86.878029,16.458164,-0.09047,0.934098,0.127415,0.321,-0.82525,94.611656,16.034506,-0.014415,0.947988,-0.023865,0.317082,-6.013003,114.28511,19.756598,0.046971,0.958118,0.018036,0.281919,-6.272131,135.500107,18.600927,0.080019,0.962704,-0.130055,0.223346,-4.077083,150.098038,17.906305,-0.110414,0.826129,0.097543,0.543879,-9.766211,129.843719,17.033989,-0.692064,0.096005,0.537221,-0.472466,-16.283571,128.548248,1.416942,-0.707702,-0.522317,0.219448,0.422119,-7.286035,114.295578,-13.110405,0.256203,0.226939,-0.626261,-0.700468,3.584544,142.36528,-9.152643,-0.081685,0.944901,-0.017215,0.316535,-3.773746,130.162399,21.540462,0.438605,0.895126,0.049733,0.06247,9.570721,132.9673,31.645124,-0.113963,0.509528,0.526695,-0.67081,23.087427,115.356705,33.162941,0.122555,0.21602,0.634709,-0.731751,24.902876,135.52861,19.345818,0.051509,0.947816,0.170759,0.26426,-7.375337,86.197891,10.047393,0.083483,0.992149,0.01519,0.091866,-7.64311,52.285397,-2.661757,-0.052395,0.934641,0.02114,0.351076,-15.349439,5.649546,-4.813771,-0.099834,0.896453,-0.084393,0.423419,6.460297,87.558159,22.868937,-0.004751,0.898187,-0.140008,0.416695,10.354543,52.579247,31.410742,-0.027405,0.874927,0.003097,0.483468,5.237367,7.119197,43.498741,-0.052395,0.934641,0.02114,0.351076,-5.37922,0.624677,-15.505438,-0.027405,0.874927,0.003097,0.483468,17.547823,1.434842,36.075325
721,6.008333,-0.031711,0.927945,-0.016586,0.370995,-0.470233,86.909142,16.644707,-0.090129,0.931902,0.127202,0.327499,-0.831141,94.643234,16.223585,-0.01285,0.945784,-0.024399,0.323623,-6.031187,114.330124,19.907801,0.049436,0.956314,0.017292,0.287613,-6.212081,135.545837,18.750423,0.083179,0.961045,-0.133835,0.227072,-3.928435,150.131058,18.074795,-0.109344,0.822942,0.095835,0.549205,-9.700619,129.89978,17.134636,-0.692164,0.097916,0.537415,-0.471706,-16.028362,128.631943,1.437543,-0.708162,-0.521278,0.219474,0.42262,-7.056574,114.334091,-13.061306,0.256002,0.225249,-0.626129,-0.701205,3.879151,142.380997,-9.121585,-0.078838,0.942177,-0.01927,0.325141,-3.770412,130.200699,21.723927,0.441734,0.89248,0.055513,0.072586,9.402123,132.934708,32.070709,-0.115746,0.513147,0.528434,-0.666364,22.735456,115.210411,33.862389,0.117568,0.219743,0.637148,-0.729338,24.821846,135.384766,20.097183,0.051912,0.946552,0.170277,0.26898,-7.304258,86.236267,10.14393,0.084563,0.992158,0.016685,0.090516,-7.545935,52.314888,-2.542003,-0.051581,0.934578,0.019743,0.351444,-15.342821,5.700716,-4.83294,-0.101069,0.894645,-0.081967,0.427407,6.363792,87.582008,23.145485,-0.004032,0.897901,-0.138592,0.417792,10.375702,52.591835,31.586098,-0.027021,0.874974,0.004199,0.483397,5.238757,7.093847,43.522011,-0.051581,0.934578,0.019743,0.351444,-5.376248,0.629485,-15.506096,-0.027021,0.874974,0.004199,0.483397,17.549694,1.431382,36.082684
722,6.016667,-0.031312,0.925633,-0.016278,0.376773,-0.476593,86.945656,16.819262,-0.090189,0.929683,0.127036,0.333792,-0.830946,94.68029,16.402636,-0.010477,0.943645,-0.02455,0.32988,-6.055609,114.367508,20.044291,0.051306,0.954595,0.016316,0.293002,-6.131604,135.585266,18.912933,0.086016,0.959352,-0.137761,0.230797,-3.774954,150.15921,18.244696,-0.108396,0.819894,0.094418,0.554175,-9.622045,129.956085,17.243227,-0.692037,0.099749,0.538048,-0.470786,-15.770645,128.715485,1.472934,-0.708463,-0.51997,0.219787,0.423563,-6.845262,114.370468,-13.007972,0.255472,0.223016,-0.626231,-0.702021,4.164853,142.391266,-9.089541,-0.07665,0.939426,-0.021066,0.333407,-3.752379,130.226044,21.911596,0.445331,0.889652,0.059959,0.081277,9.246922,132.908661,32.48838,-0.117665,0.516259,0.530457,-0.662002,22.378754,115.06002,34.518036,0.113213,0.222614,0.640679,-0.726056,24.727795,135.258057,20.819675,0.052449,0.945028,0.169744,0.274514,-7.229375,86.281525,10.233241,0.085743,0.992194,0.018265,0.088686,-7.444403,52.351074,-2.428894,-0.050681,0.93436,0.017933,0.352252,-15.342042,5.761152,-4.863501,-0.101991,0.892968,-0.079909,0.43107,6.276189,87.609779,23.405281,-0.003451,0.897708,-0.13704,0.418722,10.378011,52.609039,31.758398,-0.026235,0.874943,0.005413,0.483485,5.240911,7.070148,43.537247,-0.050681,0.93436,0.017933,0.352252,-5.371236,0.63204,-15.505001,-0.026235,0.874943,0.005413,0.483485,17.551552,1.426717,36.082977
723,6.025,-0.030648,0.923416,-0.015781,0.382249,-0.479761,86.987534,16.989672,-0.090077,0.9276,0.127083,0.339551,-0.825104,94.723061,16.582014,-0.009046,0.941595,-0.025349,0.335669,-6.069301,114.413193,20.195091,0.053632,0.952847,0.01546,0.298276,-6.069663,135.630447,19.051748,0.088941,0.957661,-0.141469,0.234439,-3.62869,150.191193,18.398708,-0.107261,0.816977,0.092894,0.55894,-9.555531,130.010468,17.341961,-0.691879,0.101478,0.53832,-0.470337,-15.532416,128.798401,1.503582,-0.709062,-0.518872,0.219827,0.423886,-6.635581,114.405891,-12.947723,0.255301,0.2213,-0.626227,-0.702629,4.442657,142.403702,-9.057047,-0.074075,0.93673,-0.022548,0.341381,-3.743276,130.266022,22.082415,0.448414,0.88706,0.063856,0.08928,9.08655,132.882629,32.880352,-0.120218,0.51969,0.531935,-0.657659,22.034979,114.926765,35.130558,0.108752,0.225873,0.643303,-0.723406,24.636143,135.150894,21.502232,0.053111,0.943431,0.169064,0.280242,-7.154721,86.338226,10.323332,0.086907,0.992267,0.01956,0.086433,-7.352314,52.396156,-2.307902,-0.049976,0.934281,0.015994,0.352654,-15.353161,5.82988,-4.855455,-0.102956,0.891296,-0.078314,0.434578,6.195198,87.636848,23.656012,-0.00243,0.898163,-0.135359,0.418301,10.376808,52.632141,31.952766,-0.026535,0.874874,0.006112,0.483585,5.225116,7.049352,43.554096,-0.049976,0.934281,0.015994,0.352654,-5.385848,0.641172,-15.471307,-0.026535,0.874874,0.006112,0.483585,17.544088,1.427737,36.097111
724,6.033333,-0.029184,0.92117,-0.015337,0.387761,-0.507702,87.027847,17.14889,-0.089959,0.92551,0.126973,0.345278,-0.832382,94.764946,16.754307,-0.007128,0.939587,-0.025705,0.341269,-6.089206,114.443542,20.330025,0.05534,0.951255,0.014342,0.303059,-6.001049,135.661346,19.200277,0.092157,0.955993,-0.145297,0.237643,-3.491886,150.210571,18.548788,-0.105493,0.814229,0.091754,0.563458,-9.485942,130.054733,17.445213,-0.691911,0.10338,0.539095,-0.468987,-15.303477,128.893997,1.543781,-0.70965,-0.517434,0.219723,0.424714,-6.461148,114.458939,-12.898549,0.255688,0.21953,-0.625963,-0.703279,4.710465,142.421631,-9.022242,-0.072665,0.934155,-0.023489,0.348601,-3.730119,130.286926,22.255215,0.451422,0.884486,0.067468,0.096699,8.93763,132.868988,33.251019,-0.122369,0.522923,0.533414,-0.653488,21.704212,114.809486,35.701904,0.104367,0.228624,0.645705,-0.721043,24.548618,135.050934,22.13826,0.05371,0.941564,0.168891,0.286441,-7.104046,86.40696,10.402075,0.087914,0.99225,0.020843,0.085307,-7.26298,52.465282,-2.230805,-0.04918,0.934153,0.013062,0.353228,-15.349974,5.920574,-4.897706,-0.103967,0.889875,-0.076872,0.437497,6.088642,87.648735,23.895704,-0.001687,0.898574,-0.133493,0.41802,10.354008,52.642979,32.145267,-0.02775,0.874845,0.006913,0.483557,5.216623,7.012415,43.563721,-0.04918,0.934153,0.013062,0.353228,-5.386139,0.644916,-15.473893,-0.02775,0.874845,0.006913,0.483557,17.5515,1.428271,36.10487
725,6.041667,-0.027947,0.919133,-0.014298,0.392695,-0.51785,87.07737,17.283619,-0.090214,0.923463,0.127407,0.350494,-0.829133,94.816048,16.909628,-0.005559,0.93765,-0.0266,0.346516,-6.124485,114.498398,20.469908,0.056827,0.94963,0.013145,0.307897,-5.954297,135.715042,19.32811,0.095673,0.954152,-0.148947,0.241361,-3.382272,150.25322,18.674948,-0.10465,0.811298,0.090395,0.568043,-9.437473,130.118683,17.537327,-0.692271,0.105536,0.539885,-0.467063,-15.084889,128.979721,1.573117,-0.710081,-0.516212,0.219379,0.425657,-6.300505,114.506363,-12.86623,0.2567,0.21811,-0.625389,-0.703863,4.95693,142.433594,-8.982804,-0.070294,0.931681,-0.024699,0.355556,-3.735521,130.335266,22.411785,0.454124,0.88215,0.07007,0.103308,8.777499,132.8564,33.597256,-0.125129,0.526588,0.534547,-0.649082,21.376366,114.705933,36.236885,0.100735,0.231091,0.64704,-0.719575,24.469852,134.967834,22.744471,0.054346,0.939605,0.168833,0.292721,-7.042697,86.48539,10.465065,0.089153,0.992059,0.021828,0.085986,-7.161703,52.547264,-2.177764,-0.048919,0.933888,0.009404,0.354079,-15.354037,6.02729,-4.952539,-0.104434,0.888043,-0.075936,0.441257,6.006998,87.669357,24.102173,-0.001397,0.898825,-0.131676,0.418059,10.297563,52.660286,32.324581,-0.027852,0.874864,0.007806,0.483504,5.206871,6.984061,43.5802,-0.048919,0.933888,0.009404,0.354079,-5.384064,0.651867,-15.472552,-0.027852,0.874864,0.007806,0.483504,17.546364,1.423686,36.111237
726,6.05,-0.026305,0.91722,-0.013297,0.397289,-0.540948,87.127922,17.413469,-0.090465,0.921487,0.12741,0.355591,-0.833191,94.868401,17.062263,-0.003924,0.935743,-0.027003,0.351624,-6.159481,114.555588,20.590759,0.058584,0.948045,0.011758,0.312474,-5.912023,135.771973,19.458351,0.099144,0.952378,-0.152579,0.244674,-3.268536,150.297089,18.800362,-0.104327,0.808378,0.089198,0.572438,-9.39236,130.186844,17.627426,-0.69236,0.106995,0.540604,-0.465765,-14.871931,129.057343,1.60417,-0.710672,-0.515144,0.218906,0.426207,-6.135952,114.554855,-12.835317,0.257477,0.21735,-0.62439,-0.704699,5.200927,142.449615,-8.949703,-0.068319,0.929389,-0.025284,0.361842,-3.743702,130.384476,22.564337,0.456187,0.880124,0.072806,0.109426,8.625531,132.850296,33.92075,-0.12755,0.529665,0.535323,-0.645457,21.082878,114.627563,36.728714,0.096577,0.233801,0.649419,-0.717123,24.377361,134.905273,23.297884,0.055043,0.937373,0.168961,0.29959,-6.998843,86.571716,10.52849,0.090431,0.991908,0.022243,0.086292,-7.069622,52.642258,-2.137929,-0.049024,0.933725,0.005736,0.354571,-15.376576,6.145725,-4.964326,-0.104833,0.886324,-0.075034,0.444758,5.916947,87.684128,24.298447,-0.001354,0.898848,-0.129828,0.418587,10.229948,52.671253,32.492813,-0.028384,0.874858,0.008745,0.483468,5.202239,6.949285,43.589886,-0.049024,0.933725,0.005736,0.354571,-5.404948,0.674292,-15.433145,-0.028384,0.874858,0.008745,0.483468,17.55118,1.420039,36.113441
727,6.058333,-0.024889,0.915285,-0.012151,0.401855,-0.560892,87.176987,17.531969,-0.091047,0.919462,0.127303,0.360686,-0.838441,94.919044,17.204397,-0.001743,0.93384,-0.027018,0.356666,-6.207739,114.614609,20.69239,0.059921,0.946544,0.010071,0.316802,-5.867419,135.831482,19.593767,0.102549,0.950591,-0.156331,0.247833,-3.161813,150.344376,18.918455,-0.10322,0.80627,0.087132,0.575918,-9.348782,130.262283,17.716888,-0.692639,0.10811,0.540521,-0.465189,-14.700493,129.140717,1.649913,-0.711765,-0.514265,0.218252,0.42578,-5.971192,114.618126,-12.773395,0.259015,0.216913,-0.623635,-0.704939,5.438025,142.486496,-8.910121,-0.066406,0.927154,-0.025866,0.367841,-3.753532,130.431335,22.7153,0.458228,0.878112,0.075958,0.114786,8.475866,132.844193,34.233387,-0.130366,0.532659,0.536306,-0.641603,20.796673,114.54908,37.170105,0.092272,0.236376,0.650493,-0.715871,24.300158,134.855286,23.821255,0.056121,0.934865,0.168986,0.307119,-6.95116,86.653824,10.581606,0.091515,0.991682,0.02294,0.087553,-6.992178,52.733646,-2.1098,-0.05028,0.933423,0.001941,0.355233,-15.390536,6.258765,-5.020881,-0.105155,0.885056,-0.074304,0.447321,5.829376,87.70015,24.48233,-0.001282,0.899016,-0.128045,0.418776,10.163092,52.684273,32.652939,-0.028659,0.874808,0.00969,0.483523,5.197682,6.91877,43.597569,-0.05028,0.933423,0.001941,0.355233,-5.401533,0.701529,-15.427765,-0.028659,0.874808,0.00969,0.483523,17.555037,1.417172,36.114628
728,6.066667,-0.023496,0.913373,-0.011234,0.40629,-0.590064,87.221008,17.642706,-0.090967,0.917547,0.127125,0.365612,-0.852096,94.964447,17.335533,-0.000688,0.931938,-0.027037,0.361609,-6.236622,114.670578,20.790714,0.0607,0.945137,0.008055,0.320883,-5.848395,135.887512,19.709362,0.106729,0.948784,-0.15966,0.250854,-3.093474,150.389603,19.001984,-0.102618,0.803437,0.086141,0.58012,-9.319085,130.325455,17.791967,-0.692868,0.109638,0.54094,-0.464001,-14.510144,129.223129,1.671039,-0.712419,-0.513493,0.217596,0.425953,-5.815822,114.672218,-12.744853,0.259973,0.217029,-0.622484,-0.705568,5.658902,142.512955,-8.876432,-0.064805,0.925075,-0.026516,0.373273,-3.777083,130.481812,22.84976,0.460184,0.876163,0.078655,0.11993,8.322803,132.852692,34.512447,-0.133255,0.535751,0.537283,-0.637606,20.509937,114.489281,37.577957,0.089333,0.239013,0.651216,-0.71471,24.228094,134.822205,24.315678,0.057183,0.93208,0.169202,0.315164,-6.913815,86.728813,10.629526,0.092899,0.991133,0.023188,0.092129,-6.911834,52.822651,-2.09933,-0.052762,0.932906,-0.002115,0.356227,-15.423149,6.373,-5.084207,-0.105343,0.883912,-0.073297,0.449701,5.733686,87.713203,24.655888,-0.001558,0.89889,-0.126672,0.419462,10.090677,52.689423,32.780106,-0.028893,0.874926,0.010643,0.483276,5.194907,6.890899,43.61747,-0.052762,0.932906,-0.002115,0.356227,-5.396684,0.738055,-15.412987,-0.028893,0.874926,0.010643,0.483276,17.55509,1.416399,36.119331
729,6.075,-0.021998,0.911655,-0.010672,0.410229,-0.626752,87.269173,17.742697,-0.091228,0.915689,0.126988,0.370223,-0.86986,95.013847,17.451874,0.001044,0.930115,-0.027204,0.366257,-6.280012,114.721359,20.871029,0.0619,0.943605,0.006801,0.325164,-5.815342,135.937897,19.811991,0.109815,0.946894,-0.163439,0.254205,-3.005852,150.42923,19.099014,-0.102161,0.800638,0.085453,0.584158,-9.283705,130.388199,17.854918,-0.692924,0.111237,0.541217,-0.463213,-14.318365,129.306213,1.683088,-0.71306,-0.513092,0.216842,0.425748,-5.653086,114.718994,-12.713597,0.261349,0.217053,-0.621477,-0.705939,5.866516,142.540161,-8.837749,-0.063039,0.922736,-0.027957,0.379214,-3.792498,130.523178,22.968424,0.461538,0.87458,0.081531,0.124281,8.163296,132.857513,34.786053,-0.135914,0.538596,0.538107,-0.633942,20.24762,114.442703,37.948631,0.085642,0.241268,0.652109,-0.713589,24.159712,134.794815,24.769009,0.058232,0.929191,0.169525,0.323225,-6.890966,86.807106,10.674252,0.094241,0.990583,0.023286,0.096544,-6.841262,52.917652,-2.098925,-0.05563,0.932322,-0.005936,0.357275,-15.46295,6.492204,-5.142899,-0.105423,0.88291,-0.072178,0.451826,5.637462,87.731232,24.811142,-0.002051,0.898528,-0.125498,0.420587,10.017317,52.696884,32.877289,-0.02909,0.874988,0.011315,0.483137,5.19662,6.870508,43.630222,-0.05563,0.932322,-0.005936,0.357275,-5.392781,0.791086,-15.39255,-0.02909,0.874988,0.011315,0.483137,17.559692,1.41562,36.122559
730,6.083333,-0.020843,0.90997,-0.009847,0.414034,-0.664984,87.309158,17.821985,-0.091141,0.913798,0.126996,0.374885,-0.895886,95.054871,17.549204,0.002438,0.928212,-0.027263,0.371044,-6.322519,114.771225,20.943859,0.063505,0.94212,0.005158,0.329167,-5.79647,135.987411,19.906918,0.112998,0.945243,-0.166732,0.256801,-2.918208,150.4646,19.180855,-0.10147,0.798309,0.084635,0.587575,-9.25752,130.447556,17.90947,-0.693791,0.112778,0.541408,-0.461315,-14.161036,129.385956,1.696049,-0.713467,-0.512197,0.216214,0.426463,-5.520335,114.788666,-12.705183,0.261777,0.217317,-0.620551,-0.706514,6.071559,142.576874,-8.808437,-0.062027,0.920765,-0.028881,0.38407,-3.819355,130.565414,23.079765,0.463173,0.872759,0.084539,0.128904,8.014921,132.880539,35.02282,-0.138735,0.541767,0.538752,-0.63007,19.979862,114.405594,38.286934,0.081985,0.24451,0.651383,-0.713578,24.093966,134.769547,25.191895,0.059293,0.926553,0.16984,0.330362,-6.870822,86.873367,10.700581,0.095649,0.989974,0.022772,0.101408,-6.786027,53.000664,-2.116766,-0.059096,0.931511,-0.009299,0.358759,-15.528408,6.598279,-5.168138,-0.10537,0.881924,-0.07124,0.453908,5.540855,87.744949,24.94339,-0.002547,0.898512,-0.12441,0.420943,9.929761,52.700043,32.958614,-0.029249,0.874965,0.011966,0.483154,5.190412,6.848133,43.638653,-0.059096,0.931511,-0.009299,0.358759,-5.396847,0.851542,-15.331444,-0.029249,0.874965,0.011966,0.483154,17.558578,1.411882,36.12587
731,6.091667,-0.019766,0.908393,-0.00941,0.417545,-0.707121,87.344185,17.89555,-0.091131,0.912179,0.126679,0.378915,-0.924642,95.090706,17.635002,0.003815,0.926592,-0.027195,0.375064,-6.362494,114.815834,20.994991,0.064532,0.940805,0.00399,0.332725,-5.778803,136.031799,19.984938,0.116209,0.943479,-0.170477,0.259385,-2.853037,150.4991,19.251965,-0.099473,0.796824,0.083625,0.590071,-9.234941,130.501984,17.951511,-0.69434,0.11368,0.540952,-0.460803,-14.052301,129.486481,1.709342,-0.71431,-0.511459,0.215329,0.426386,-5.398711,114.880249,-12.675074,0.261887,0.2169,-0.619701,-0.707347,6.262247,142.638733,-8.772511,-0.060896,0.918758,-0.029768,0.388959,-3.841923,130.60202,23.169254,0.464355,0.871274,0.0872,0.132863,7.868783,132.894165,35.237885,-0.141199,0.543921,0.539626,-0.62691,19.738796,114.373352,38.587582,0.079124,0.246607,0.653466,-0.711271,24.014099,134.761307,25.58136,0.060286,0.9242,0.170555,0.336349,-6.858578,86.930298,10.725819,0.096871,0.989235,0.022296,0.10739,-6.73912,53.083836,-2.160381,-0.06097,0.930352,-0.012541,0.361347,-15.581183,6.701687,-5.232148,-0.105156,0.880962,-0.0701,0.455997,5.444335,87.758064,25.065279,-0.003459,0.897868,-0.123508,0.422572,9.839112,52.698231,33.011707,-0.029503,0.875042,0.012551,0.482985,5.193963,6.825686,43.644398,-0.06097,0.930352,-0.012541,0.361347,-5.38113,0.896879,-15.293429,-0.029503,0.875042,0.012551,0.482985,17.564602,1.407689,36.122505
732,6.1,-0.018705,0.906924,-0.009138,0.42078,-0.757021,87.376419,17.95553,-0.091124,0.910631,0.126781,0.382588,-0.960467,95.12365,17.70495,0.004941,0.925066,-0.027441,0.378783,-6.415981,114.858093,21.048645,0.066065,0.939526,0.002572,0.336035,-5.780039,136.073074,20.049446,0.119379,0.941863,-0.173761,0.26163,-2.791078,150.526978,19.306984,-0.099086,0.794337,0.082731,0.593604,-9.231086,130.55101,17.986517,-0.694978,0.11437,0.540893,-0.45974,-13.909091,129.546326,1.702993,-0.714277,-0.511266,0.214695,0.426991,-5.259647,114.942337,-12.686192,0.261719,0.216822,-0.619243,-0.707834,6.429794,142.682938,-8.741909,-0.059973,0.917088,-0.030327,0.39298,-3.880294,130.638412,23.247776,0.464961,0.869858,0.09105,0.137362,7.727492,132.909866,35.4193,-0.143874,0.546141,0.540043,-0.624007,19.51837,114.353882,38.852764,0.074925,0.250057,0.654575,-0.709499,23.935261,134.767731,25.928093,0.061056,0.922249,0.171204,0.341201,-6.857952,86.98288,10.741621,0.098039,0.988435,0.021698,0.113638,-6.70539,53.159256,-2.204071,-0.062082,0.928774,-0.015623,0.365075,-15.642617,6.796157,-5.287981,-0.105035,0.879878,-0.069021,0.458278,5.34391,87.769958,25.169437,-0.004393,0.89716,-0.122662,0.424309,9.746939,52.697395,33.054916,-0.029552,0.875007,0.013193,0.483027,5.19446,6.805858,43.645626,-0.062082,0.928774,-0.015623,0.365075,-5.35756,0.931433,-15.227233,-0.029552,0.875007,0.013193,0.483027,17.56945,1.404725,36.118771
733,6.108333,-0.017975,0.90553,-0.00897,0.423806,-0.807819,87.401436,18.002028,-0.090859,0.909279,0.126883,0.385821,-1.001279,95.149139,17.757919,0.005905,0.923731,-0.027715,0.381993,-6.461227,114.887794,21.090931,0.067454,0.938275,0.00142,0.339245,-5.779536,136.1017,20.098812,0.122002,0.940214,-0.177016,0.264155,-2.734069,150.543625,19.352777,-0.098722,0.792121,0.082137,0.5967,-9.226143,130.586166,18.011097,-0.696015,0.114902,0.540767,-0.458184,-13.781508,129.595398,1.691987,-0.713874,-0.511004,0.214225,0.428214,-5.131429,115.009674,-12.715332,0.260664,0.216799,-0.618535,-0.708849,6.586569,142.730087,-8.714266,-0.059152,0.915281,-0.031185,0.397227,-3.912162,130.663223,23.309696,0.465908,0.868563,0.09332,0.140782,7.585028,132.921448,35.588188,-0.146771,0.548735,0.540082,-0.621015,19.294313,114.327553,39.095039,0.071361,0.253479,0.654743,-0.708497,23.852251,134.75737,26.250088,0.061592,0.920644,0.172209,0.344914,-6.860921,87.021713,10.747202,0.099448,0.987369,0.020913,0.121555,-6.665845,53.227829,-2.275358,-0.063735,0.926429,-0.019129,0.370542,-15.717626,6.887907,-5.373467,-0.104858,0.878235,-0.068031,0.461605,5.245283,87.781158,25.256855,-0.00558,0.896325,-0.12184,0.426292,9.641035,52.696091,33.090546,-0.029609,0.87504,0.013811,0.482948,5.199098,6.786642,43.650513,-0.063735,0.926429,-0.019129,0.370542,-5.306106,0.963144,-15.144016,-0.029609,0.87504,0.013811,0.482948,17.576305,1.401832,36.115612
734,6.116667,-0.017462,0.904211,-0.00884,0.426639,-0.866669,87.423302,18.035534,-0.090417,0.907918,0.126926,0.3891,-1.053036,95.171318,17.796045,0.006671,0.922328,-0.02792,0.385341,-6.510025,114.915886,21.11879,0.06869,0.937066,0.000169,0.342328,-5.791368,136.128891,20.133698,0.124787,0.938658,-0.179957,0.266392,-2.69285,150.559097,19.379688,-0.098635,0.789768,0.081517,0.599911,-9.230377,130.618378,18.020361,-0.696764,0.115289,0.540662,-0.457069,-13.655901,129.63414,1.665174,-0.713376,-0.511098,0.213684,0.4292,-5.004779,115.061531,-12.754774,0.259793,0.216629,-0.618527,-0.709228,6.721391,142.769318,-8.690767,-0.058715,0.913884,-0.031632,0.400461,-3.955103,130.687531,23.357605,0.466693,0.867293,0.095507,0.144495,7.456264,132.938873,35.717148,-0.14938,0.550961,0.540064,-0.618432,19.08585,114.311554,39.310658,0.067056,0.255983,0.656474,-0.706413,23.764263,134.763855,26.533747,0.061591,0.919574,0.173158,0.347284,-6.874557,87.053368,10.742722,0.100902,0.986381,0.020255,0.128299,-6.621253,53.283226,-2.340282,-0.064696,0.923833,-0.021627,0.376669,-15.79405,6.968289,-5.456091,-0.104792,0.876813,-0.06728,0.464425,5.141219,87.793228,25.328346,-0.006764,0.895509,-0.120999,0.428226,9.533343,52.699806,33.126564,-0.029833,0.875085,0.014238,0.482838,5.20308,6.77242,43.6549,-0.064696,0.923833,-0.021627,0.376669,-5.248257,1.003587,-15.056854,-0.029833,0.875085,0.014238,0.482838,17.582695,1.401504,36.114044
735,6.125,-0.017013,0.902988,-0.008897,0.429236,-0.929052,87.440453,18.056019,-0.090136,0.906796,0.127069,0.391727,-1.108074,95.18869,17.818184,0.007471,0.921225,-0.028344,0.387924,-6.568068,114.939774,21.136135,0.070192,0.935928,-0.001161,0.345123,-5.808326,136.151291,20.149683,0.127161,0.937132,-0.182725,0.268747,-2.649372,150.567947,19.387274,-0.098382,0.787531,0.081094,0.602942,-9.244555,130.645981,18.018347,-0.69771,0.115792,0.540343,-0.455875,-13.548004,129.675735,1.629777,-0.712884,-0.511143,0.21316,0.430224,-4.886689,115.117851,-12.798932,0.258567,0.216651,-0.618592,-0.709612,6.850311,142.811905,-8.672924,-0.057805,0.912327,-0.032323,0.40407,-3.999434,130.707703,23.385317,0.466875,0.86641,0.097761,0.147662,7.316967,132.941147,35.835098,-0.152494,0.553357,0.539719,-0.615828,18.897781,114.296844,39.497448,0.063654,0.259486,0.657116,-0.70485,23.688383,134.774048,26.797195,0.06135,0.918752,0.174071,0.349042,-6.895187,87.07769,10.728649,0.102359,0.985298,0.019517,0.135387,-6.577047,53.328358,-2.406541,-0.066111,0.921353,-0.024397,0.382285,-15.871281,7.038689,-5.537863,-0.104574,0.87506,-0.06649,0.467882,5.037083,87.803207,25.383389,-0.008296,0.894373,-0.120216,0.430786,9.411987,52.698814,33.141827,-0.029656,0.875118,0.014959,0.482768,5.213286,6.755724,43.654892,-0.066111,0.921353,-0.024397,0.382285,-5.199586,1.032598,-14.972269,-0.029656,0.875118,0.014959,0.482768,17.593443,1.40037,36.103863
736,6.133333,-0.016696,0.90174,-0.008909,0.431865,-0.997669,87.451164,18.061449,-0.08979,0.905664,0.127176,0.394382,-1.171487,95.19957,17.82505,0.008255,0.9201,-0.028799,0.390535,-6.632136,114.959862,21.138079,0.071837,0.934781,-0.001975,0.34788,-5.831416,136.169739,20.149021,0.12929,0.935665,-0.185776,0.270744,-2.613337,150.5737,19.394011,-0.098094,0.785627,0.080516,0.605546,-9.264566,130.669449,17.999868,-0.698721,0.116066,0.539722,-0.454992,-13.463148,129.708542,1.583567,-0.712536,-0.511497,0.21239,0.43076,-4.774798,115.170738,-12.849143,0.257844,0.217139,-0.618449,-0.70985,6.960058,142.856125,-8.659406,-0.057375,0.911116,-0.032062,0.406875,-4.050138,130.724258,23.39674,0.467175,0.865463,0.099499,0.151068,7.190732,132.941498,35.917645,-0.155002,0.555771,0.539216,-0.613465,18.713818,114.278831,39.667519,0.059886,0.262171,0.657736,-0.703608,23.60968,134.766464,27.02037,0.060673,0.918307,0.174807,0.349962,-6.921195,87.093666,10.699332,0.103991,0.984091,0.01873,0.142829,-6.525751,53.356956,-2.46612,-0.066719,0.919043,-0.026554,0.38756,-15.957199,7.096317,-5.616047,-0.104472,0.873007,-0.065806,0.471821,4.925858,87.808662,25.423565,-0.009889,0.893343,-0.119403,0.433109,9.283175,52.696156,33.155159,-0.02965,0.875161,0.015535,0.482673,5.225203,6.737372,43.654896,-0.066719,0.919043,-0.026554,0.38756,-5.175397,1.054505,-14.901275,-0.02965,0.875161,0.015535,0.482673,17.606445,1.39638,36.095474
737,6.141667,-0.016319,0.900681,-0.009002,0.43408,-1.070488,87.457047,18.058382,-0.089619,0.904585,0.127327,0.396841,-1.237821,95.20562,17.822786,0.008949,0.918997,-0.029439,0.393062,-6.706301,114.975754,21.131124,0.073189,0.933678,-0.003286,0.350539,-5.865088,136.183548,20.130907,0.131517,0.934218,-0.188311,0.27291,-2.59113,150.574432,19.366642,-0.09803,0.783599,0.080026,0.608243,-9.295358,130.687302,17.966812,-0.699815,0.116445,0.539022,-0.454043,-13.383245,129.732101,1.522265,-0.712082,-0.511882,0.211681,0.431401,-4.665219,115.213791,-12.912157,0.256876,0.217573,-0.618517,-0.710009,7.063951,142.891434,-8.655953,-0.057036,0.909909,-0.032775,0.40956,-4.110826,130.737549,23.392454,0.467698,0.86442,0.101394,0.154129,7.056963,132.954788,35.978584,-0.157072,0.557762,0.539176,-0.611162,18.516699,114.26712,39.797428,0.056353,0.264423,0.659074,-0.701802,23.518723,134.761627,27.209627,0.059703,0.918149,0.175585,0.350155,-6.957973,87.105171,10.667142,0.105359,0.982797,0.017782,0.150644,-6.475156,53.379761,-2.524349,-0.067195,0.917274,-0.028329,0.391525,-16.020699,7.142928,-5.680192,-0.10436,0.871145,-0.065291,0.475345,4.816998,87.808922,25.449621,-0.011501,0.892226,-0.118595,0.435587,9.154045,52.689846,33.162708,-0.029989,0.875123,0.015921,0.482707,5.23645,6.716123,43.650368,-0.067195,0.917274,-0.028329,0.391525,-5.15737,1.07103,-14.850053,-0.029989,0.875123,0.015921,0.482707,17.623499,1.389781,36.090122
738,6.15,-0.016118,0.89962,-0.009045,0.436282,-1.144197,87.45816,18.038761,-0.089442,0.903607,0.127473,0.399055,-1.307869,95.206818,17.803522,0.009839,0.918033,-0.030075,0.39524,-6.782788,114.986061,21.108433,0.074029,0.932795,-0.004368,0.352694,-5.893808,136.191528,20.100397,0.133811,0.932889,-0.190793,0.27461,-2.581246,150.573013,19.325703,-0.097785,0.781627,0.07971,0.610855,-9.32478,130.701019,17.922932,-0.700727,0.116996,0.53868,-0.4529,-13.306207,129.759399,1.451503,-0.711636,-0.512268,0.210882,0.432071,-4.577486,115.253517,-12.988956,0.256314,0.21821,-0.618267,-0.710235,7.148159,142.921616,-8.661524,-0.056427,0.908666,-0.033359,0.412345,-4.166264,130.743866,23.373377,0.468192,0.863583,0.102681,0.156453,6.92617,132.951172,36.027706,-0.159205,0.55972,0.539147,-0.608842,18.333225,114.242516,39.901112,0.053962,0.266423,0.659931,-0.700427,23.442284,134.752914,27.371906,0.058695,0.917961,0.176192,0.350512,-6.995558,87.109299,10.618747,0.106706,0.981417,0.016703,0.158605,-6.424965,53.390705,-2.58665,-0.068581,0.915733,-0.030151,0.39474,-16.084709,7.177392,-5.739538,-0.104071,0.869333,-0.064753,0.478787,4.707164,87.807014,25.458776,-0.013432,0.890858,-0.117921,0.438504,9.014734,52.678501,33.145367,-0.029992,0.875187,0.016571,0.482571,5.253671,6.694266,43.64423,-0.068581,0.915733,-0.030151,0.39474,-5.145913,1.084683,-14.805295,-0.029992,0.875187,0.016571,0.482571,17.641521,1.384272,36.073803
739,6.158333,-0.016051,0.898626,-0.009064,0.438328,-1.218286,87.458267,18.007612,-0.089506,0.902754,0.127578,0.400934,-1.380356,95.206955,17.772196,0.010472,0.917208,-0.030817,0.397077,-6.870275,114.999184,21.070889,0.07558,0.931793,-0.005284,0.354994,-5.942079,136.202194,20.046413,0.135679,0.931528,-0.193282,0.276565,-2.573026,150.570679,19.274136,-0.097563,0.7799,0.078979,0.613189,-9.373302,130.715286,17.860262,-0.701458,0.117332,0.537546,-0.453028,-13.259239,129.776398,1.365891,-0.711708,-0.51313,0.209831,0.43144,-4.479709,115.275993,-13.049245,0.256455,0.219168,-0.617962,-0.710155,7.21916,142.947968,-8.674398,-0.055814,0.907581,-0.033528,0.414798,-4.23683,130.754791,23.331511,0.468574,0.862741,0.104098,0.158996,6.789062,132.946304,36.046593,-0.161466,0.562101,0.539004,-0.606173,18.144495,114.218864,39.980476,0.052778,0.268908,0.658315,-0.701088,23.375853,134.729874,27.515936,0.05783,0.917633,0.176528,0.351345,-7.035855,87.110344,10.561032,0.10774,0.980153,0.015596,0.165676,-6.38719,53.393055,-2.644071,-0.069268,0.914747,-0.031079,0.39683,-16.136261,7.197351,-5.779925,-0.103886,0.867856,-0.06445,0.481538,4.599284,87.806183,25.454193,-0.015213,0.88963,-0.117284,0.441102,8.881785,52.672066,33.129162,-0.030012,0.8752,0.016978,0.482531,5.266726,6.678471,43.638302,-0.069268,0.914747,-0.031079,0.39683,-5.150284,1.095057,-14.781955,-0.030012,0.8752,0.016978,0.482531,17.656046,1.378991,36.062916
740,6.166667,-0.016038,0.897578,-0.009038,0.440471,-1.300786,87.455414,17.961596,-0.089393,0.901904,0.127284,0.40296,-1.46229,95.204117,17.72624,0.011293,0.91636,-0.031119,0.398985,-6.949755,114.997147,21.003241,0.076535,0.930932,-0.006156,0.35703,-5.982372,136.198608,19.98288,0.137414,0.930281,-0.19567,0.278222,-2.574001,150.557617,19.206959,-0.09719,0.778404,0.078833,0.615164,-9.413363,130.717346,17.782227,-0.702425,0.117989,0.536748,-0.452304,-13.219394,129.795502,1.268275,-0.711742,-0.513748,0.2086,0.431245,-4.408592,115.302895,-13.135621,0.25695,0.220244,-0.617303,-0.710216,7.283011,142.967911,-8.697842,-0.055842,0.906561,-0.033505,0.41702,-4.299958,130.748398,23.275093,0.46893,0.86203,0.10518,0.161081,6.663097,132.94104,36.044193,-0.162573,0.56332,0.539239,-0.604535,17.973974,114.197372,40.028774,0.049878,0.269471,0.6615,-0.69808,23.287016,134.719391,27.600103,0.056646,0.917485,0.176715,0.351829,-7.082736,87.107887,10.487309,0.108814,0.9789,0.014498,0.172349,-6.343819,53.385544,-2.700162,-0.070255,0.913792,-0.032264,0.398757,-16.187668,7.208723,-5.818041,-0.104027,0.866951,-0.064413,0.48314,4.481165,87.802948,25.435883,-0.016638,0.889019,-0.116761,0.44242,8.759463,52.670586,33.121265,-0.030088,0.875236,0.017245,0.482451,5.270652,6.669712,43.64122,-0.070255,0.913792,-0.032264,0.398757,-5.155529,1.094131,-14.755034,-0.030088,0.875236,0.017245,0.482451,17.66062,1.378044,36.061432
741,6.175,-0.016227,0.896599,-0.008998,0.442454,-1.379934,87.449951,17.905777,-0.089241,0.90095,0.126554,0.405351,-1.543823,95.198563,17.669325,0.011713,0.915298,-0.030849,0.401425,-7.021482,114.997169,20.907024,0.077419,0.930007,-0.007533,0.359218,-6.039629,136.198929,19.906912,0.139336,0.929057,-0.197793,0.279852,-2.588306,150.546738,19.113836,-0.097013,0.77696,0.078922,0.617004,-9.461129,130.720703,17.68404,-0.703561,0.119094,0.535729,-0.451456,-13.191392,129.815079,1.151903,-0.711903,-0.514372,0.207339,0.430842,-4.343602,115.322639,-13.229482,0.257762,0.221564,-0.616795,-0.709952,7.340851,142.981598,-8.735434,-0.055458,0.906005,-0.032221,0.418379,-4.377173,130.745667,23.20421,0.468941,0.861479,0.105967,0.163463,6.548789,132.908768,36.010101,-0.164282,0.564896,0.539068,-0.602751,17.82481,114.159302,40.065575,0.049205,0.270216,0.661511,-0.697829,23.217829,134.695236,27.679745,0.055668,0.917171,0.176722,0.352799,-7.128662,87.099503,10.406037,0.109541,0.977826,0.013513,0.177974,-6.310863,53.369392,-2.756868,-0.070098,0.913075,-0.032475,0.400408,-16.219721,7.204962,-5.852239,-0.104125,0.866199,-0.064746,0.484423,4.368793,87.800392,25.405514,-0.01826,0.888166,-0.11675,0.444068,8.629958,52.672638,33.121387,-0.029871,0.875697,0.017426,0.481621,5.258438,6.676859,43.701687,-0.070098,0.913075,-0.032475,0.400408,-5.156741,1.086951,-14.748682,-0.029871,0.875697,0.017426,0.481621,17.632767,1.386153,36.095726
742,6.183333,-0.016369,0.895735,-0.008884,0.444198,-1.46499,87.442673,17.832943,-0.089342,0.900093,0.126143,0.407354,-1.631171,95.191246,17.596781,0.012315,0.914385,-0.031026,0.403468,-7.114968,115.000359,20.806599,0.078439,0.929093,-0.008724,0.361328,-6.104484,136.201035,19.812164,0.140935,0.927817,-0.200033,0.281566,-2.608579,150.537445,19.00828,-0.09672,0.775543,0.078686,0.61886,-9.522166,130.726837,17.573578,-0.704096,0.119839,0.534624,-0.451735,-13.176484,129.833618,1.023822,-0.712471,-0.515236,0.205782,0.429617,-4.284002,115.330566,-13.319232,0.258898,0.222882,-0.616151,-0.709685,7.385495,142.988571,-8.780725,-0.055038,0.90521,-0.032272,0.420147,-4.463113,130.745712,23.116598,0.469405,0.860712,0.106938,0.165522,6.414105,132.897064,35.965885,-0.165364,0.56665,0.539491,-0.600426,17.640606,114.12896,40.072197,0.048823,0.271037,0.661414,-0.697629,23.152237,134.654938,27.734396,0.054801,0.916737,0.176398,0.354222,-7.184385,87.090752,10.310882,0.109639,0.976998,0.012506,0.182478,-6.297366,53.345406,-2.808421,-0.068889,0.912797,-0.031805,0.401303,-16.218397,7.180542,-5.858026,-0.104294,0.865352,-0.06479,0.485892,4.254405,87.794586,25.355001,-0.01983,0.88729,-0.116459,0.445826,8.511313,52.669788,33.086662,-0.029814,0.875662,0.017615,0.481681,5.262929,6.673255,43.702168,-0.068889,0.912797,-0.031805,0.401303,-5.148663,1.06556,-14.748141,-0.029814,0.875662,0.017615,0.481681,17.638643,1.386526,36.095695
743,6.191667,-0.01637,0.894812,-0.008904,0.446054,-1.555149,87.428162,17.746153,-0.089661,0.899226,0.125643,0.409349,-1.720714,95.176727,17.509369,0.013284,0.913511,-0.031008,0.405413,-7.217611,114.997612,20.684477,0.07921,0.928258,-0.009793,0.363273,-6.167686,136.197281,19.709599,0.142439,0.92658,-0.202457,0.283147,-2.635496,150.524185,18.894939,-0.096336,0.774457,0.078011,0.620363,-9.584728,130.730362,17.452339,-0.705263,0.120627,0.533563,-0.450958,-13.178338,129.840576,0.889105,-0.712813,-0.515918,0.204183,0.428993,-4.243861,115.346352,-13.436769,0.260365,0.224133,-0.615471,-0.709344,7.422715,142.995163,-8.835105,-0.054823,0.904261,-0.032385,0.422207,-4.549667,130.736893,23.017193,0.469845,0.859919,0.108771,0.167194,6.269467,132.883743,35.916172,-0.16618,0.567888,0.540484,-0.598134,17.452827,114.093765,40.040199,0.048603,0.271949,0.66167,-0.697047,23.085911,134.619827,27.760271,0.053959,0.916173,0.175776,0.356116,-7.243294,87.076035,10.200443,0.109625,0.976211,0.011549,0.186711,-6.290011,53.308178,-2.856163,-0.065193,0.912318,-0.030237,0.403126,-16.21344,7.140833,-5.860086,-0.104662,0.865001,-0.064993,0.486411,4.132996,87.780289,25.291862,-0.021282,0.886571,-0.116228,0.447247,8.400732,52.662968,33.051487,-0.029008,0.875665,0.018016,0.481711,5.26699,6.667003,43.703823,-0.065193,0.912318,-0.030237,0.403126,-5.143006,1.020887,-14.745918,-0.029008,0.875665,0.018016,0.481711,17.637262,1.378854,36.089493
744,6.2,-0.016626,0.894014,-0.008764,0.447645,-1.639495,87.41124,17.648279,-0.090014,0.898452,0.125241,0.411091,-1.809167,95.159714,17.41136,0.013893,0.912714,-0.03113,0.407175,-7.321926,114.994133,20.556757,0.07986,0.927546,-0.011069,0.364908,-6.244412,136.19278,19.589701,0.1443,0.925444,-0.204534,0.284423,-2.677739,150.51004,18.755892,-0.096208,0.773048,0.077611,0.622188,-9.658758,130.730087,17.318171,-0.706135,0.121772,0.532684,-0.450325,-13.176237,129.844681,0.73837,-0.713143,-0.516628,0.202667,0.42831,-4.212391,115.342422,-13.561008,0.261788,0.225261,-0.614792,-0.709053,7.447182,142.98436,-8.90073,-0.05404,0.903569,-0.033076,0.423732,-4.645435,130.730011,22.902622,0.469757,0.859463,0.109964,0.168996,6.132796,132.863174,35.838066,-0.166548,0.569237,0.540644,-0.596603,17.29287,114.068413,40.003139,0.046777,0.272926,0.663022,-0.695503,23.009357,134.578278,27.738401,0.053119,0.915641,0.174726,0.35812,-7.300584,87.055931,10.082398,0.109328,0.975593,0.010665,0.190137,-6.291245,53.254921,-2.883886,-0.058849,0.911917,-0.027331,0.405212,-16.193068,7.079577,-5.835741,-0.105111,0.864806,-0.06532,0.486617,4.021595,87.766541,25.214159,-0.022448,0.886304,-0.116169,0.447734,8.303488,52.659119,33.010708,-0.028906,0.875605,0.018026,0.481825,5.264088,6.666684,43.705551,-0.058849,0.911917,-0.027331,0.405212,-5.14129,0.954346,-14.741132,-0.028906,0.875605,0.018026,0.481825,17.635384,1.377364,36.0937
745,6.208333,-0.016911,0.893163,-0.008655,0.449332,-1.723619,87.390427,17.535809,-0.090268,0.897749,0.124649,0.412748,-1.897538,95.138779,17.298088,0.01411,0.911957,-0.031462,0.408835,-7.417871,114.985535,20.408388,0.080537,0.926783,-0.011848,0.36667,-6.324416,136.183029,19.434244,0.146106,0.924254,-0.20665,0.285838,-2.727342,150.492416,18.595865,-0.096121,0.772241,0.077635,0.6232,-9.73365,130.721146,17.153111,-0.707182,0.122897,0.531135,-0.450207,-13.20892,129.843826,0.563979,-0.713717,-0.517461,0.200949,0.427156,-4.183968,115.334343,-13.68957,0.263016,0.226372,-0.614334,-0.708641,7.465384,142.971664,-8.976502,-0.053507,0.902919,-0.033804,0.425125,-4.740741,130.721069,22.755819,0.470995,0.858431,0.11023,0.170616,5.9993,132.84877,35.723888,-0.16757,0.571013,0.541158,-0.594149,17.083044,114.018333,39.931416,0.045694,0.273667,0.66385,-0.694494,22.926912,134.523041,27.713737,0.052397,0.915069,0.173306,0.360373,-7.355919,87.031227,9.948653,0.108704,0.975156,0.009841,0.192763,-6.305037,53.188885,-2.906041,-0.052181,0.911662,-0.0236,0.40693,-16.157055,6.999054,-5.797167,-0.105569,0.864565,-0.065658,0.4869,3.908681,87.749619,25.122965,-0.023748,0.885903,-0.116198,0.448453,8.204183,52.652401,32.957859,-0.028872,0.875605,0.018042,0.481826,5.263794,6.666282,43.707401,-0.052181,0.911662,-0.0236,0.40693,-5.131299,0.884958,-14.742377,-0.028872,0.875605,0.018042,0.481826,17.634859,1.376884,36.095222
746,6.216667,-0.017325,0.892335,-0.008564,0.450961,-1.810109,87.370537,17.412285,-0.090729,0.897008,0.124248,0.414375,-1.989959,95.118698,17.172619,0.014729,0.911216,-0.031646,0.410448,-7.52821,114.973053,20.251076,0.081474,0.926019,-0.012971,0.368352,-6.405865,136.169312,19.282558,0.147169,0.923215,-0.208721,0.287144,-2.768012,150.467712,18.432842,-0.096115,0.771219,0.077695,0.624457,-9.813446,130.711685,16.988785,-0.708383,0.124266,0.530205,-0.449037,-13.235493,129.842422,0.388178,-0.714007,-0.517924,0.199417,0.426827,-4.181722,115.32943,-13.843483,0.264093,0.227635,-0.61396,-0.70816,7.475727,142.952225,-9.065825,-0.053134,0.902215,-0.034281,0.426625,-4.840651,130.705185,22.609346,0.471082,0.85778,0.111702,0.172677,5.857346,132.828842,35.612774,-0.167664,0.572229,0.541755,-0.592405,16.905943,113.987289,39.862762,0.045205,0.274359,0.664419,-0.693708,22.847261,134.466476,27.671513,0.051965,0.914108,0.171522,0.363711,-7.414404,87.005135,9.804721,0.107602,0.974871,0.008792,0.194862,-6.336365,53.114986,-2.921116,-0.047241,0.912057,-0.019352,0.406874,-16.101175,6.900752,-5.716458,-0.106139,0.864236,-0.066165,0.487292,3.794187,87.735947,25.019852,-0.025028,0.885518,-0.116167,0.449151,8.10304,52.652317,32.908081,-0.028868,0.87557,0.017952,0.481894,5.262679,6.671423,43.706722,-0.047241,0.912057,-0.019352,0.406874,-5.115181,0.830935,-14.740393,-0.028868,0.87557,0.017952,0.481894,17.634445,1.379734,36.09729
747,6.225,-0.017459,0.891661,-0.008549,0.452286,-1.906151,87.35228,17.277634,-0.091705,0.89619,0.123791,0.416064,-2.08761,95.100365,17.036959,0.015748,0.910394,-0.031706,0.412224,-7.66201,114.959061,20.071878,0.081026,0.925531,-0.01419,0.369628,-6.497331,136.153824,19.121098,0.149491,0.922033,-0.210844,0.288188,-2.855659,150.449387,18.240355,-0.096191,0.770468,0.077679,0.625374,-9.905677,130.703827,16.810387,-0.70937,0.12567,0.528799,-0.448747,-13.288355,129.837143,0.201575,-0.714648,-0.518465,0.197877,0.425814,-4.183906,115.309319,-13.982553,0.265075,0.228756,-0.613314,-0.707992,7.47667,142.923645,-9.163739,-0.05215,0.901829,-0.034644,0.427533,-4.955276,130.684814,22.450657,0.472231,0.856955,0.111937,0.173483,5.719925,132.783951,35.476788,-0.169008,0.573679,0.542159,-0.590248,16.70788,113.910065,39.740547,0.044353,0.275668,0.665001,-0.692686,22.755775,134.40506,27.60005,0.051129,0.913246,0.169965,0.366714,-7.48773,86.984726,9.653487,0.106434,0.974923,0.007523,0.195298,-6.355186,53.049816,-2.947732,-0.042233,0.91295,-0.014865,0.405607,-16.035852,6.80995,-5.608861,-0.107046,0.86398,-0.066829,0.487457,3.675427,87.719818,24.901781,-0.026087,0.885396,-0.116217,0.449318,8.014849,52.656586,32.863605,-0.028557,0.87554,0.017917,0.481967,5.259007,6.681904,43.710522,-0.042233,0.91295,-0.014865,0.405607,-5.113501,0.789123,-14.742213,-0.028557,0.87554,0.017917,0.481967,17.628838,1.384914,36.101624
748,6.233333,-0.01792,0.891002,-0.008245,0.453572,-1.99974,87.322357,17.125628,-0.092363,0.895526,0.123819,0.417339,-2.189354,95.070274,16.885647,0.016258,0.909745,-0.032467,0.413576,-7.796583,114.936867,19.90386,0.082526,0.92476,-0.015591,0.371169,-6.597421,136.12886,18.934389,0.150234,0.921172,-0.212588,0.289272,-2.897243,150.408569,18.040457,-0.095926,0.769788,0.077375,0.626289,-10.006942,130.681534,16.619158,-0.710326,0.126834,0.527585,-0.448335,-13.352458,129.819901,0.002556,-0.715345,-0.518997,0.196035,0.424846,-4.204021,115.283836,-14.144773,0.266275,0.230063,-0.612401,-0.707908,7.467112,142.884079,-9.271068,-0.051874,0.901414,-0.035547,0.428366,-5.073537,130.661072,22.274294,0.472927,0.856005,0.113106,0.175505,5.578428,132.765167,35.31863,-0.169544,0.57531,0.542479,-0.588208,16.505711,113.865532,39.623981,0.043392,0.277535,0.664665,-0.692324,22.660427,134.336288,27.515474,0.050309,0.912598,0.168036,0.369321,-7.558979,86.949661,9.485426,0.105084,0.975028,0.006243,0.195548,-6.389384,52.961498,-2.968041,-0.039065,0.91392,-0.009687,0.403893,-15.970108,6.692961,-5.488707,-0.107877,0.863198,-0.067419,0.488577,3.5595,87.695053,24.765829,-0.027404,0.88494,-0.11634,0.450107,7.9185,52.650486,32.798836,-0.028521,0.875497,0.017915,0.482049,5.257903,6.68518,43.709087,-0.039065,0.91392,-0.009687,0.403893,-5.097162,0.762908,-14.739638,-0.028521,0.875497,0.017915,0.482049,17.628782,1.387651,36.102264
749,6.241667,-0.017926,0.890432,-0.008555,0.454683,-2.109283,87.295021,16.970556,-0.093039,0.894918,0.123445,0.418601,-2.296486,95.042854,16.726019,0.016698,0.909103,-0.032935,0.414932,-7.930065,114.920258,19.712275,0.082589,0.924259,-0.016383,0.372366,-6.704207,136.110336,18.734316,0.152096,0.920062,-0.214973,0.290068,-2.991115,150.385803,17.826187,-0.095499,0.769493,0.07671,0.626798,-10.112851,130.665497,16.411934,-0.711676,0.128212,0.526033,-0.447626,-13.439476,129.803177,-0.208426,-0.716122,-0.519337,0.194207,0.42396,-4.233873,115.263428,-14.314826,0.267452,0.231213,-0.611815,-0.707596,7.459115,142.845322,-9.390042,-0.051076,0.900954,-0.036377,0.429359,-5.196526,130.642761,22.081917,0.473848,0.855121,0.113874,0.176828,5.429323,132.734909,35.14946,-0.169789,0.576454,0.5432,-0.58635,16.297033,113.806107,39.477421,0.04159,0.277928,0.666571,-0.690441,22.556568,134.269867,27.397854,0.049718,0.911707,0.166137,0.372447,-7.649436,86.919586,9.316636,0.103247,0.975226,0.005333,0.195566,-6.450768,52.881176,-2.996,-0.035392,0.914865,-0.004686,0.402178,-15.880698,6.575418,-5.39902,-0.108917,0.862711,-0.067627,0.489176,3.43087,87.670448,24.624475,-0.028425,0.885036,-0.116174,0.449897,7.840812,52.644264,32.709679,-0.028569,0.875045,0.017892,0.482866,5.275334,6.680712,43.650055,-0.035392,0.914865,-0.004686,0.402178,-5.063408,0.726831,-14.766328,-0.028569,0.875045,0.017892,0.482866,17.660719,1.383726,36.06649
750,6.25,-0.018459,0.889937,-0.008505,0.45563,-2.210163,87.26059,16.802328,-0.093672,0.894415,0.122963,0.419676,-2.404827,95.008141,16.554523,0.016907,0.908538,-0.033429,0.416118,-8.063344,114.907181,19.508142,0.083602,0.923681,-0.017294,0.373529,-6.819431,136.095566,18.516428,0.153702,0.919129,-0.217064,0.29062,-3.066867,150.360245,17.601248,-0.09594,0.768974,0.0762,0.627429,-10.225952,130.651352,16.189476,-0.712564,0.129703,0.52428,-0.447841,-13.522855,129.77002,-0.435805,-0.717025,-0.520139,0.192413,0.422265,-4.252437,115.20784,-14.476468,0.269073,0.232462,-0.610769,-0.707476,7.432065,142.78714,-9.51709,-0.05001,0.900536,-0.037843,0.430236,-5.324534,130.629593,21.872353,0.475116,0.854032,0.114485,0.178289,5.2794,132.710938,34.959404,-0.170194,0.577968,0.5437,-0.584275,16.070484,113.744667,39.315014,0.040451,0.279719,0.66722,-0.689158,22.442728,134.191833,27.265585,0.04912,0.911013,0.164117,0.375112,-7.73363,86.876633,9.136781,0.101552,0.975657,0.004113,0.194329,-6.515797,52.785622,-3.027563,-0.033751,0.915832,0.000362,0.40014,-15.816543,6.44593,-5.274855,-0.109731,0.861953,-0.068285,0.490237,3.313303,87.644554,24.467873,-0.029808,0.884712,-0.116397,0.450386,7.73954,52.637733,32.627708,-0.02863,0.874985,0.017592,0.482982,5.274155,6.686706,43.643463,-0.033751,0.915832,0.000362,0.40014,-5.039322,0.706029,-14.754902,-0.02863,0.874985,0.017592,0.482982,17.660698,1.383088,36.066429
751,6.258333,-0.018872,0.889473,-0.008395,0.456521,-2.314082,87.221123,16.622757,-0.094664,0.893839,0.122547,0.420801,-2.514973,94.96846,16.373346,0.017631,0.907942,-0.033834,0.417357,-8.210939,114.878677,19.28878,0.084105,0.923208,-0.018508,0.374528,-6.930611,136.06485,18.296041,0.155038,0.918265,-0.219049,0.291155,-3.149365,150.320541,17.359192,-0.095684,0.768657,0.075957,0.627887,-10.33929,130.625549,15.960773,-0.713845,0.131539,0.522916,-0.446858,-13.618358,129.74791,-0.668226,-0.71776,-0.520445,0.190629,0.421448,-4.30576,115.170036,-14.664632,0.270291,0.233899,-0.609473,-0.707655,7.400867,142.730698,-9.654084,-0.050102,0.90017,-0.037819,0.430991,-5.453741,130.597229,21.657269,0.476033,0.852982,0.115674,0.180093,5.127789,132.681396,34.76199,-0.169986,0.579048,0.544694,-0.582337,15.851274,113.683792,39.147873,0.040062,0.280173,0.667722,-0.68851,22.337433,134.108734,27.126547,0.048512,0.910702,0.161871,0.376918,-7.821899,86.831169,8.946261,0.099659,0.976605,0.003297,0.190525,-6.602703,52.682831,-3.056068,-0.032826,0.916748,0.005734,0.398074,-15.75382,6.30652,-5.157647,-0.110668,0.861065,-0.068767,0.491518,3.193735,87.611076,24.299252,-0.03121,0.884295,-0.116836,0.450996,7.647823,52.623993,32.528282,-0.029252,0.874975,0.017299,0.482974,5.273101,6.690755,43.637733,-0.032826,0.916748,0.005734,0.398074,-5.008686,0.693559,-14.749457,-0.029252,0.874975,0.017299,0.482974,17.664185,1.388712,36.067036
752,6.266667,-0.019226,0.889122,-0.008572,0.457185,-2.427012,87.179962,16.436666,-0.095345,0.89347,0.121942,0.421606,-2.631334,94.927048,16.182156,0.017644,0.907491,-0.03432,0.418296,-8.349049,114.853035,19.06002,0.084725,0.922699,-0.019248,0.375602,-7.058543,136.037781,18.050098,0.15644,0.917264,-0.221347,0.291821,-3.250297,150.285812,17.10614,-0.095451,0.768399,0.075447,0.628299,-10.46448,130.597595,15.712887,-0.714849,0.133135,0.521354,-0.446605,-13.727498,129.717041,-0.919122,-0.718788,-0.520889,0.188507,0.4201,-4.36107,115.119461,-14.85894,0.271781,0.235031,-0.608942,-0.707167,7.366366,142.662262,-9.798972,-0.04971,0.899766,-0.038472,0.431822,-5.590715,130.572739,21.419487,0.477328,0.852043,0.115403,0.181281,4.967815,132.654877,34.543072,-0.169885,0.58046,0.545273,-0.580416,15.617264,113.62413,38.965549,0.039634,0.280736,0.669102,-0.686964,22.215311,134.024353,26.959955,0.047854,0.910374,0.159854,0.378649,-7.923097,86.782555,8.752146,0.098028,0.976992,0.002117,0.189399,-6.694376,52.582623,-3.101394,-0.032702,0.917416,0.010542,0.396443,-15.719828,6.17519,-5.054121,-0.111853,0.860257,-0.069344,0.492583,3.069071,87.57737,24.121185,-0.032538,0.883825,-0.117277,0.451709,7.564637,52.615166,32.432938,-0.029081,0.874952,0.017078,0.483034,5.272815,6.69972,43.632957,-0.032702,0.917416,0.010542,0.396443,-4.991847,0.685412,-14.736009,-0.029081,0.874952,0.017078,0.483034,17.662184,1.389663,36.065063
753,6.275,-0.020231,0.888938,-0.008389,0.457503,-2.526772,87.130753,16.242878,-0.096376,0.89322,0.121096,0.422144,-2.746148,94.877266,15.983699,0.01801,0.907164,-0.034607,0.418966,-8.495354,114.824867,18.811352,0.085455,0.922275,-0.020088,0.376433,-7.184883,136.008209,17.797882,0.157818,0.916329,-0.223512,0.292366,-3.34624,150.247437,16.844055,-0.095641,0.768122,0.075267,0.628631,-10.592039,130.570374,15.45696,-0.715986,0.134826,0.519801,-0.446087,-13.839648,129.682785,-1.177692,-0.719595,-0.5213,0.186559,0.419076,-4.421439,115.067436,-15.063904,0.27277,0.236144,-0.607638,-0.707537,7.324309,142.592453,-9.949951,-0.049109,0.899519,-0.039146,0.432344,-5.726883,130.542786,21.170891,0.478428,0.850937,0.11622,0.183045,4.818349,132.616699,34.306465,-0.169897,0.581505,0.546264,-0.578432,15.392426,113.552094,38.763817,0.039792,0.28102,0.669772,-0.686185,22.103104,133.935898,26.794067,0.047582,0.910204,0.158082,0.379835,-8.016597,86.718056,8.554688,0.096192,0.977346,0.001296,0.18852,-6.804395,52.47543,-3.176661,-0.033315,0.917845,0.01515,0.395248,-15.678176,6.033993,-5.012626,-0.112901,0.859307,-0.069982,0.493911,2.963054,87.543449,23.931068,-0.033874,0.883405,-0.117929,0.452261,7.486613,52.604736,32.326042,-0.029044,0.874967,0.016805,0.483018,5.271162,6.712186,43.634777,-0.033315,0.917845,0.01515,0.395248,-4.951708,0.672036,-14.767549,-0.029044,0.874967,0.016805,0.483018,17.658579,1.394702,36.068901
754,6.283333,-0.020971,0.888827,-0.008428,0.457686,-2.640141,87.082199,16.044012,-0.097202,0.892952,0.120329,0.422741,-2.869385,94.828224,15.778987,0.01788,0.906755,-0.035062,0.419817,-8.643514,114.796471,18.562225,0.086251,0.921751,-0.020831,0.377495,-7.329012,135.978668,17.530167,0.159485,0.91529,-0.225668,0.293057,-3.458687,150.208969,16.571186,-0.095829,0.76772,0.074746,0.629155,-10.732356,130.538864,15.18831,-0.716984,0.136695,0.518116,-0.445875,-13.956361,129.637878,-1.450208,-0.720548,-0.521859,0.184638,0.41759,-4.482921,114.995232,-15.269944,0.274049,0.237775,-0.606347,-0.707604,7.270732,142.509338,-10.115622,-0.048213,0.89892,-0.0406,0.433554,-5.877847,130.516434,20.911306,0.479153,0.849944,0.117922,0.18467,4.634778,132.585052,34.073822,-0.169519,0.582298,0.547601,-0.576477,15.151365,113.491783,38.544476,0.039875,0.281787,0.671024,-0.684641,21.977478,133.851273,26.612276,0.046883,0.91052,0.155906,0.380064,-8.126229,86.656723,8.353856,0.094911,0.977476,0.000474,0.188501,-6.926277,52.359814,-3.21912,-0.035323,0.917941,0.019496,0.394661,-15.697354,5.895072,-4.956084,-0.114111,0.858373,-0.070749,0.495145,2.845948,87.507668,23.734167,-0.035505,0.882424,-0.119042,0.453758,7.403395,52.596676,32.225552,-0.02854,0.875416,0.01659,0.482242,5.25655,6.739792,43.691097,-0.035323,0.917941,0.019496,0.394661,-4.946646,0.671821,-14.759454,-0.02854,0.875416,0.01659,0.482242,17.62455,1.409193,36.102722
755,6.291667,-0.021797,0.888828,-0.008708,0.457639,-2.752563,87.026176,15.845119,-0.098527,0.892721,0.11907,0.423279,-2.991202,94.771591,15.570396,0.01811,0.906378,-0.035101,0.420618,-8.799434,114.758972,18.281982,0.087218,0.921257,-0.021687,0.378429,-7.474476,135.940704,17.253672,0.16102,0.914304,-0.227876,0.293587,-3.56702,150.160385,16.287786,-0.095249,0.767759,0.073941,0.629291,-10.87585,130.502426,14.905386,-0.718423,0.138448,0.516358,-0.445056,-14.097826,129.599594,-1.733427,-0.721495,-0.522185,0.182397,0.416531,-4.564883,114.945862,-15.500392,0.275359,0.23907,-0.605471,-0.707409,7.218032,142.435715,-10.28383,-0.047841,0.898867,-0.041319,0.433638,-6.031568,130.477661,20.637035,0.480169,0.848776,0.118669,0.186908,4.479809,132.545517,33.800667,-0.169458,0.583616,0.548338,-0.574458,14.916002,113.420807,38.324963,0.039778,0.282435,0.671673,-0.683742,21.856356,133.753265,26.419455,0.046163,0.911146,0.153654,0.379569,-8.2388,86.584419,8.155987,0.093634,0.977073,-0.000412,0.191207,-7.060975,52.23217,-3.253973,-0.038175,0.918001,0.023904,0.394013,-15.726322,5.744642,-4.910167,-0.115421,0.857732,-0.071194,0.495889,2.733674,87.467941,23.53425,-0.036883,0.881595,-0.119808,0.455055,7.347353,52.583302,32.103241,-0.028556,0.875419,0.016058,0.482253,5.265063,6.75318,43.687099,-0.038175,0.918001,0.023904,0.394013,-4.944764,0.672355,-14.758827,-0.028556,0.875419,0.016058,0.482253,17.630825,1.409402,36.104347
756,6.3,-0.022903,0.889117,-0.008831,0.457022,-2.864561,86.968506,15.640041,-0.100045,0.892614,0.117757,0.423515,-3.117759,94.71312,15.355958,0.018432,0.906067,-0.035478,0.421241,-8.963641,114.712486,17.991373,0.0883,0.920754,-0.022469,0.379355,-7.618852,135.892593,16.955276,0.162407,0.913375,-0.22977,0.294238,-3.672057,150.101166,15.985783,-0.095417,0.767444,0.073926,0.62965,-11.021652,130.456192,14.604703,-0.719324,0.14025,0.51451,-0.445177,-14.22717,129.550583,-2.037136,-0.722397,-0.522916,0.180293,0.414965,-4.631834,114.867439,-15.729218,0.276503,0.240059,-0.60415,-0.707757,7.15105,142.347549,-10.46158,-0.047237,0.89837,-0.041742,0.434693,-6.185429,130.42984,20.343143,0.480477,0.847982,0.11995,0.18889,4.296789,132.486206,33.531803,-0.169479,0.584693,0.549125,-0.572602,14.686647,113.345573,38.095253,0.039579,0.2829,0.672792,-0.68246,21.729982,133.656052,26.221922,0.045255,0.912078,0.151572,0.378275,-8.360531,86.507072,7.959019,0.092434,0.976193,-0.00143,0.196217,-7.19725,52.102768,-3.294527,-0.04173,0.91801,0.027827,0.393374,-15.763016,5.594283,-4.878847,-0.116575,0.856679,-0.071487,0.497394,2.63141,87.429939,23.321062,-0.038604,0.880163,-0.120667,0.457453,7.289638,52.567734,31.956974,-0.028259,0.875513,0.01561,0.482115,5.281332,6.76944,43.678932,-0.04173,0.91801,0.027827,0.393374,-4.946163,0.66913,-14.763414,-0.028259,0.875513,0.01561,0.482115,17.639591,1.410009,36.094997
757,6.308333,-0.023612,0.889482,-0.009126,0.456268,-2.991787,86.907867,15.433275,-0.101491,0.892555,0.116287,0.4237,-3.252916,94.651878,15.140329,0.018504,0.905752,-0.036051,0.421865,-9.134145,114.676025,17.696697,0.089975,0.920096,-0.023083,0.380519,-7.775597,135.854263,16.640806,0.163781,0.912393,-0.231726,0.294989,-3.77494,150.04837,15.68034,-0.09536,0.767417,0.0731,0.629789,-11.178314,130.41745,14.291098,-0.720699,0.142638,0.512125,-0.444945,-14.378259,129.496078,-2.350949,-0.723451,-0.523492,0.178275,0.41327,-4.704001,114.780319,-15.95216,0.277859,0.24117,-0.603225,-0.707637,7.086242,142.250015,-10.646791,-0.046174,0.898287,-0.041743,0.434977,-6.35003,130.394165,20.03623,0.4806,0.847135,0.121185,0.191571,4.127166,132.418396,33.233849,-0.170057,0.58603,0.549496,-0.570704,14.466379,113.266411,37.864197,0.039843,0.283984,0.673481,-0.681314,21.607559,133.566467,26.025074,0.043786,0.912939,0.14958,0.377162,-8.50016,86.431923,7.762031,0.091982,0.975272,-0.001476,0.200951,-7.309186,51.974701,-3.32548,-0.044661,0.917248,0.031179,0.394574,-15.826687,5.458337,-4.938488,-0.11821,0.856626,-0.071824,0.497051,2.516586,87.383804,23.104521,-0.039591,0.880111,-0.121895,0.457142,7.2654,52.552891,31.817032,-0.027942,0.875673,0.015061,0.48186,5.289523,6.790095,43.68227,-0.044661,0.917248,0.031179,0.394574,-4.944312,0.659587,-14.813307,-0.027942,0.875673,0.015061,0.48186,17.637562,1.412144,36.094795
758,6.316667,-0.024585,0.890028,-0.009363,0.455145,-3.116841,86.852798,15.236311,-0.103635,0.892526,0.114306,0.423783,-3.390085,94.596016,14.933543,0.019455,0.905475,-0.036292,0.422397,-9.3192,114.629234,17.377897,0.091121,0.919583,-0.024353,0.381407,-7.919155,135.805206,16.330645,0.165251,0.911423,-0.233261,0.295955,-3.872349,149.985123,15.354209,-0.095265,0.767265,0.072591,0.630047,-11.329224,130.37561,13.974881,-0.721776,0.144901,0.510059,-0.44484,-14.518777,129.446991,-2.668758,-0.724541,-0.524065,0.176206,0.411519,-4.779478,114.694977,-16.184021,0.279278,0.242511,-0.602036,-0.707633,7.018869,142.153854,-10.840778,-0.045785,0.897548,-0.042809,0.436438,-6.508218,130.341293,19.726074,0.48072,0.846314,0.123204,0.193605,3.92699,132.370377,32.956169,-0.169726,0.587113,0.550442,-0.568775,14.226216,113.203094,37.612278,0.038168,0.284484,0.674799,-0.679896,21.477566,133.467621,25.802889,0.042582,0.913492,0.148089,0.37655,-8.643677,86.358376,7.579525,0.091617,0.974089,-0.002487,0.206765,-7.422104,51.861477,-3.380555,-0.047785,0.916546,0.034322,0.395578,-15.916254,5.339151,-4.943979,-0.119474,0.85626,-0.071914,0.497367,2.409995,87.347214,22.893095,-0.04104,0.879121,-0.123028,0.458614,7.229225,52.539001,31.65749,-0.027391,0.875795,0.014443,0.481689,5.304085,6.813523,43.673973,-0.047785,0.916546,0.034322,0.395578,-4.972173,0.66392,-14.809855,-0.027391,0.875795,0.014443,0.481689,17.640665,1.411986,36.084618
759,6.325,-0.02545,0.890821,-0.009437,0.453543,-3.237636,86.809769,15.049145,-0.105739,0.892676,0.112189,0.423513,-3.52285,94.552299,14.739779,0.019763,0.905296,-0.03696,0.422709,-9.494202,114.592484,17.069664,0.092591,0.918949,-0.025526,0.382503,-8.069981,135.765869,16.002771,0.166556,0.910399,-0.234636,0.297285,-3.968979,149.929626,15.017988,-0.095026,0.767223,0.071926,0.630212,-11.484374,130.337753,13.649869,-0.722903,0.147398,0.507664,-0.44493,-14.668427,129.401657,-2.994403,-0.725934,-0.524732,0.173869,0.409202,-4.853147,114.607445,-16.408175,0.281597,0.243858,-0.601255,-0.706915,6.952385,142.057175,-11.033954,-0.045171,0.897406,-0.042152,0.436858,-6.667511,130.303711,19.40453,0.480616,0.845378,0.124924,0.196819,3.757148,132.304749,32.647209,-0.170638,0.588918,0.550535,-0.566543,14.004949,113.128685,37.379967,0.038542,0.286518,0.673672,-0.680138,21.365776,133.377594,25.609711,0.041613,0.91344,0.14744,0.377038,-8.791182,86.300064,7.412717,0.091093,0.973071,-0.003125,0.211721,-7.51781,51.783352,-3.478882,-0.050372,0.91559,0.036213,0.397298,-15.968786,5.252299,-5.016291,-0.120815,0.856656,-0.072122,0.49633,2.315909,87.319473,22.685572,-0.042087,0.878804,-0.124328,0.458775,7.219682,52.536762,31.504177,-0.026775,0.875949,0.013579,0.481469,5.322096,6.849951,43.671181,-0.050372,0.91559,0.036213,0.397298,-4.957472,0.661494,-14.846936,-0.026775,0.875949,0.013579,0.481469,17.644497,1.417737,36.080685
760,6.333333,-0.025739,0.891883,-0.00971,0.451429,-3.372027,86.79203,14.879685,-0.108391,0.89271,0.109582,0.423453,-3.660052,94.534256,14.565187,0.020978,0.904951,-0.037218,0.423365,-9.685791,114.579391,16.750788,0.093169,0.918442,-0.027021,0.383477,-8.209421,135.749847,15.696923,0.168288,0.909192,-0.236401,0.298603,-4.074646,149.901855,14.684536,-0.09444,0.767765,0.06982,0.629876,-11.63308,130.331085,13.335938,-0.724434,0.150267,0.50527,-0.444204,-14.835271,129.362671,-3.303008,-0.727401,-0.524888,0.17187,0.407235,-4.950091,114.529648,-16.622261,0.284259,0.24506,-0.600053,-0.706455,6.887452,141.962845,-11.234064,-0.044481,0.896868,-0.042501,0.437999,-6.825282,130.282654,19.098072,0.48072,0.844165,0.128336,0.199556,3.56758,132.268661,32.367981,-0.170344,0.589932,0.551769,-0.56437,13.762649,113.069107,37.119362,0.036776,0.287686,0.673033,-0.680376,21.246181,133.285782,25.390697,0.04045,0.912983,0.147413,0.378279,-8.961473,86.274979,7.26999,0.090523,0.972293,-0.004326,0.215485,-7.597334,51.75079,-3.586854,-0.051624,0.915186,0.037066,0.39799,-16.014824,5.210793,-5.034791,-0.1221,0.857215,-0.072091,0.495052,2.21742,87.30909,22.48938,-0.0433,0.877894,-0.125506,0.460082,7.213661,52.548664,31.343885,-0.026025,0.876108,0.012316,0.481254,5.346505,6.899518,43.656097,-0.051624,0.915186,0.037066,0.39799,-4.974329,0.659156,-14.850914,-0.026025,0.876108,0.012316,0.481254,17.651432,1.424687,36.067871
761,6.341667,-0.025811,0.893129,-0.009687,0.448956,-3.496658,86.794296,14.723319,-0.111052,0.892859,0.10699,0.423112,-3.786715,94.536469,14.409435,0.02162,0.904684,-0.037808,0.423852,-9.865806,114.581955,16.452629,0.094803,0.917783,-0.028404,0.384551,-8.35361,135.749374,15.388528,0.16975,0.908085,-0.238281,0.299647,-4.158126,149.882645,14.364208,-0.094431,0.767765,0.068607,0.630011,-11.783459,130.334885,13.026716,-0.725201,0.153212,0.503277,-0.44421,-14.979933,129.34108,-3.611831,-0.729159,-0.525177,0.169645,0.404643,-5.04505,114.447113,-16.825699,0.28773,0.245976,-0.598603,-0.705961,6.82022,141.867416,-11.432817,-0.043606,0.89624,-0.042165,0.439403,-6.982264,130.28183,18.794315,0.480719,0.843269,0.131111,0.201536,3.371398,132.237305,32.099361,-0.170268,0.590495,0.553428,-0.562177,13.531184,113.020775,36.857723,0.03726,0.288228,0.674447,-0.678718,21.137009,133.225601,25.189299,0.03953,0.912547,0.148077,0.379169,-9.128159,86.27607,7.144773,0.089741,0.971536,-0.005901,0.219158,-7.674188,51.760746,-3.728598,-0.052523,0.914894,0.036573,0.398589,-16.047441,5.208927,-5.047275,-0.123225,0.858,-0.07201,0.493423,2.134842,87.312531,22.301865,-0.044171,0.877742,-0.126814,0.45993,7.219343,52.571251,31.181204,-0.024967,0.876213,0.010379,0.481165,5.368751,6.960547,43.637554,-0.052523,0.914894,0.036573,0.398589,-4.98712,0.655941,-14.840427,-0.024967,0.876213,0.010379,0.481165,17.651806,1.421887,36.060219
762,6.35,-0.025509,0.894595,-0.009658,0.446046,-3.619628,86.818405,14.581314,-0.113899,0.892976,0.10452,0.422726,-3.906714,94.560829,14.270872,0.022274,0.90434,-0.038677,0.424473,-10.046261,114.596687,16.172436,0.096181,0.917059,-0.029727,0.385834,-8.492599,135.760071,15.087835,0.170942,0.906937,-0.240076,0.301012,-4.243266,149.876373,14.051737,-0.093503,0.768281,0.066568,0.629738,-11.929289,130.349533,12.726925,-0.725857,0.156463,0.501259,-0.444286,-15.143325,129.334061,-3.906932,-0.731243,-0.524933,0.167727,0.401992,-5.163043,114.368797,-17.005527,0.290973,0.246744,-0.597397,-0.705386,6.757095,141.770584,-11.639458,-0.042562,0.8957,-0.042392,0.440584,-7.136436,130.29361,18.501431,0.481173,0.84206,0.133947,0.203632,3.185031,132.221619,31.835466,-0.170151,0.591531,0.554834,-0.559731,13.287594,112.976013,36.598141,0.037143,0.289813,0.673717,-0.678774,21.029789,133.157608,24.981129,0.038321,0.912277,0.149483,0.379391,-9.300679,86.305359,7.039486,0.089079,0.970881,-0.007751,0.222251,-7.725028,51.813526,-3.891323,-0.05217,0.914819,0.035274,0.398924,-16.072519,5.252895,-5.052782,-0.124111,0.858969,-0.071969,0.491516,2.061424,87.331459,22.123142,-0.045079,0.877054,-0.128495,0.460689,7.221145,52.60564,31.019575,-0.023905,0.876348,0.008325,0.481013,5.360667,7.0432,43.649864,-0.05217,0.914819,0.035274,0.398924,-5.012302,0.661039,-14.827888,-0.023905,0.876348,0.008325,0.481013,17.619917,1.437795,36.083065
763,6.358333,-0.025187,0.896224,-0.009918,0.442776,-3.75099,86.856079,14.451447,-0.116159,0.893338,0.101855,0.421995,-4.032955,94.598671,14.140652,0.022884,0.904195,-0.039346,0.424687,-10.204795,114.623238,15.905869,0.096965,0.916598,-0.030347,0.386686,-8.615362,135.783218,14.807004,0.172395,0.905682,-0.242732,0.301829,-4.336552,149.890442,13.768588,-0.093195,0.768623,0.065096,0.62952,-12.059805,130.376724,12.448141,-0.726331,0.159891,0.499632,-0.444123,-15.285131,129.336243,-4.181978,-0.733205,-0.524443,0.166313,0.399636,-5.280656,114.292671,-17.171946,0.29445,0.246816,-0.596092,-0.705022,6.699327,141.67691,-11.849922,-0.041347,0.894527,-0.043836,0.442935,-7.270088,130.316956,18.225206,0.48176,0.840736,0.137513,0.205331,2.984329,132.231445,31.612804,-0.169013,0.592116,0.55684,-0.557461,13.030807,112.949524,36.347111,0.036436,0.29122,0.672928,-0.678993,20.911058,133.082397,24.773506,0.036962,0.912049,0.151448,0.379295,-9.487314,86.346115,6.951367,0.08824,0.970504,-0.009652,0.224148,-7.768325,51.889717,-4.069228,-0.051543,0.915008,0.033088,0.39876,-16.077326,5.31815,-5.054555,-0.125267,0.860486,-0.072025,0.488553,1.985334,87.366043,21.951527,-0.045421,0.877435,-0.129764,0.459572,7.244183,52.661694,30.873623,-0.02231,0.87627,0.00638,0.481262,5.37213,7.133222,43.624115,-0.051543,0.915008,0.033088,0.39876,-5.03312,0.659747,-14.81626,-0.02231,0.87627,0.00638,0.481262,17.609428,1.456598,36.074905
764,6.366667,-0.025524,0.897792,-0.010096,0.439563,-3.87086,86.888466,14.322847,-0.118811,0.893574,0.100218,0.421147,-4.157412,94.630737,14.008294,0.024492,0.904054,-0.040545,0.424786,-10.400055,114.651428,15.670896,0.097687,0.916198,-0.031623,0.387349,-8.727208,135.804108,14.555309,0.173463,0.90456,-0.245051,0.302707,-4.413888,149.899216,13.495281,-0.092823,0.768602,0.063271,0.629787,-12.191962,130.409225,12.199584,-0.726481,0.163013,0.49888,-0.443588,-15.408228,129.340103,-4.430475,-0.73481,-0.523602,0.16539,0.398174,-5.415186,114.22126,-17.341625,0.297261,0.246246,-0.594911,-0.705038,6.636969,141.581955,-12.061503,-0.040354,0.894074,-0.045312,0.44379,-7.404657,130.335403,17.978487,0.482753,0.839344,0.140012,0.206997,2.826754,132.242661,31.384712,-0.168119,0.592066,0.558852,-0.555768,12.800045,112.920258,36.108784,0.03708,0.292017,0.674415,-0.677137,20.786308,133.032379,24.579567,0.035418,0.912657,0.153397,0.377189,-9.660464,86.371162,6.864323,0.087338,0.970453,-0.011369,0.22464,-7.810843,51.949699,-4.243938,-0.050895,0.915193,0.0315,0.398547,-16.073513,5.366552,-5.056534,-0.126081,0.861624,-0.07221,0.486306,1.918745,87.405777,21.781372,-0.04635,0.876752,-0.130626,0.460538,7.243945,52.718174,30.729229,-0.021714,0.876287,0.003801,0.481284,5.396657,7.21899,43.587425,-0.050895,0.915193,0.0315,0.398547,-5.044877,0.657393,-14.811492,-0.021714,0.876287,0.003801,0.481284,17.614769,1.469488,36.062328
765,6.375,-0.026065,0.899333,-0.010646,0.436358,-3.990785,86.914536,14.202841,-0.120038,0.893969,0.098024,0.420477,-4.282261,94.656197,13.877979,0.025126,0.903884,-0.041353,0.425033,-10.533361,114.68911,15.441838,0.098415,0.915781,-0.03245,0.38808,-8.821302,135.837631,14.307249,0.174286,0.903534,-0.247511,0.303296,-4.478028,149.922867,13.238132,-0.092481,0.769016,0.061829,0.629475,-12.294461,130.446854,11.954536,-0.726557,0.16637,0.49818,-0.443004,-15.526199,129.353867,-4.670969,-0.736433,-0.522548,0.164772,0.396813,-5.551323,114.152718,-17.499247,0.2998,0.245597,-0.59389,-0.705051,6.580163,141.489319,-12.276433,-0.039801,0.89354,-0.04648,0.444795,-7.510781,130.369781,17.736397,0.484235,0.837412,0.142824,0.209425,2.691847,132.278702,31.164301,-0.167022,0.592605,0.56068,-0.553679,12.556354,112.90126,35.891235,0.037046,0.293943,0.673864,-0.676854,20.673321,132.975937,24.394291,0.033547,0.914252,0.155819,0.372476,-9.832965,86.383362,6.786409,0.086377,0.970081,-0.013579,0.22649,-7.850553,52.006794,-4.437353,-0.050277,0.915445,0.030087,0.398156,-16.071239,5.413064,-5.042177,-0.126942,0.862663,-0.072346,0.484216,1.851395,87.445709,21.619272,-0.047223,0.876319,-0.131472,0.461031,7.246026,52.775307,30.592167,-0.020437,0.876333,0.001446,0.48127,5.426217,7.30485,43.555473,-0.050277,0.915445,0.030087,0.398156,-5.061212,0.658063,-14.79591,-0.020437,0.876333,0.001446,0.48127,17.618418,1.478552,36.047447
766,6.383333,-0.0274,0.900685,-0.011176,0.433464,-4.094098,86.931404,14.090035,-0.121191,0.894453,0.096182,0.419542,-4.401693,94.671783,13.749741,0.025685,0.903915,-0.04214,0.424857,-10.667084,114.723541,15.231789,0.099248,0.915475,-0.033113,0.388534,-8.919607,135.868073,14.076795,0.175355,0.902453,-0.250292,0.303615,-4.546104,149.943542,13.002486,-0.092484,0.769175,0.060262,0.629432,-12.402687,130.480972,11.730311,-0.726403,0.169353,0.497558,-0.442825,-15.63624,129.353851,-4.892568,-0.737944,-0.521477,0.164519,0.395516,-5.678366,114.073624,-17.639851,0.301998,0.244406,-0.592873,-0.705383,6.526055,141.391159,-12.487664,-0.039115,0.893245,-0.048001,0.445287,-7.617179,130.401215,17.510626,0.485812,0.835835,0.144129,0.211171,2.572425,132.312698,30.948055,-0.166288,0.593066,0.561866,-0.552203,12.336198,112.887215,35.686977,0.036394,0.29548,0.67516,-0.674927,20.544046,132.932983,24.211582,0.031409,0.917358,0.157436,0.364255,-9.982528,86.373055,6.712275,0.085337,0.969894,-0.015068,0.227588,-7.915768,52.023125,-4.57766,-0.050052,0.915466,0.030066,0.398137,-16.072994,5.416533,-5.032553,-0.127777,0.863573,-0.072645,0.482325,1.794332,87.489761,21.467796,-0.048133,0.87652,-0.132407,0.460288,7.249063,52.837902,30.475918,-0.019045,0.876936,-0.000999,0.480228,5.474125,7.398996,43.555546,-0.050052,0.915466,0.030066,0.398137,-5.065624,0.658152,-14.787642,-0.019045,0.876936,-0.000999,0.480228,17.62072,1.49164,36.036934
767,6.391667,-0.028676,0.9018,-0.011981,0.431034,-4.205143,86.94046,13.980733,-0.121554,0.895102,0.094615,0.418408,-4.526091,94.679436,13.621502,0.026018,0.904149,-0.043156,0.424235,-10.780809,114.754631,15.047492,0.099682,0.915174,-0.033686,0.389082,-9.003084,135.894745,13.858403,0.175935,0.901256,-0.252899,0.304676,-4.61057,149.963776,12.7773,-0.092338,0.769567,0.058821,0.629111,-12.497425,130.509384,11.524699,-0.72597,0.171983,0.497109,-0.443025,-15.745618,129.353409,-5.093342,-0.739426,-0.520322,0.1645,0.394276,-5.80782,113.995888,-17.763184,0.303992,0.242649,-0.592634,-0.705334,6.470067,141.295654,-12.6919,-0.038751,0.893069,-0.049012,0.445561,-7.704255,130.431091,17.298681,0.487827,0.834318,0.144048,0.212576,2.478005,132.347076,30.741039,-0.166206,0.594428,0.56236,-0.550256,12.127956,112.871315,35.506687,0.036129,0.297302,0.67464,-0.674661,20.442438,132.885712,24.052788,0.029367,0.920303,0.158711,0.356358,-10.131945,86.353737,6.635973,0.084457,0.969751,-0.016411,0.228429,-7.992869,52.024017,-4.701862,-0.050104,0.915215,0.030453,0.398678,-16.098419,5.407291,-5.021531,-0.12865,0.864042,-0.072542,0.481268,1.721659,87.527184,21.325493,-0.049021,0.876679,-0.133289,0.459637,7.244475,52.890457,30.3503,-0.018082,0.877381,-0.003091,0.479444,5.513701,7.481879,43.540718,-0.050104,0.915215,0.030453,0.398678,-5.077914,0.660439,-14.767403,-0.018082,0.877381,-0.003091,0.479444,17.625294,1.508595,36.017723
768,6.4,-0.030067,0.902669,-0.012865,0.42909,-4.302577,86.947212,13.885813,-0.122083,0.89579,0.093226,0.41709,-4.637874,94.684586,13.505651,0.026259,0.904549,-0.04422,0.423256,-10.891846,114.782738,14.880599,0.101419,0.914877,-0.034306,0.389278,-9.087085,135.918365,13.653117,0.1764,0.900406,-0.255392,0.30484,-4.641809,149.971176,12.576826,-0.092221,0.769889,0.057297,0.628875,-12.593963,130.534119,11.335727,-0.725385,0.174457,0.496366,-0.44385,-15.852955,129.347183,-5.278014,-0.741177,-0.519212,0.16454,0.392432,-5.920435,113.910713,-17.855719,0.306522,0.240662,-0.592309,-0.705193,6.426675,141.19838,-12.888451,-0.037902,0.893027,-0.050542,0.445547,-7.788523,130.458527,17.099537,0.48953,0.833043,0.143449,0.214063,2.39638,132.371826,30.54027,-0.165963,0.595259,0.562613,-0.549172,11.944015,112.856804,35.351124,0.035759,0.298444,0.676102,-0.67271,20.322454,132.85144,23.899729,0.027797,0.922919,0.159314,0.349382,-10.259461,86.329529,6.567978,0.083081,0.96984,-0.017005,0.228516,-8.085953,52.007198,-4.785653,-0.050427,0.915313,0.031543,0.398326,-16.078911,5.37054,-5.021633,-0.129333,0.864427,-0.072879,0.480341,1.654306,87.564903,21.203646,-0.049709,0.877439,-0.134658,0.457709,7.216656,52.944489,30.266684,-0.016969,0.878149,-0.004962,0.478061,5.511558,7.577065,43.601273,-0.050427,0.915313,0.031543,0.398326,-5.059352,0.656447,-14.78446,-0.016969,0.878149,-0.004962,0.478061,17.577148,1.540997,36.054512
769,6.408333,-0.03135,0.903415,-0.013371,0.42741,-4.388646,86.951569,13.79149,-0.122402,0.896475,0.092255,0.41574,-4.739238,94.6875,13.396367,0.026298,0.905025,-0.045188,0.422134,-10.990683,114.803574,14.73954,0.102019,0.914686,-0.035405,0.389472,-9.168659,135.93544,13.473381,0.176959,0.899297,-0.257712,0.305835,-4.69521,149.977676,12.376093,-0.09232,0.770132,0.056312,0.628651,-12.686446,130.550842,11.173408,-0.724837,0.176913,0.495745,-0.444466,-15.954391,129.339111,-5.436786,-0.742697,-0.517987,0.165035,0.390965,-6.032873,113.826347,-17.929008,0.308675,0.238453,-0.59235,-0.704969,6.381484,141.103775,-13.074571,-0.037793,0.893211,-0.051586,0.445066,-7.866801,130.479919,16.925404,0.491707,0.831837,0.14176,0.214883,2.332918,132.405121,30.353197,-0.166278,0.596769,0.562555,-0.547495,11.769828,112.846664,35.205982,0.035676,0.299559,0.676536,-0.671782,20.234652,132.818146,23.769394,0.026561,0.924608,0.159435,0.344928,-10.371257,86.307854,6.496922,0.082088,0.969733,-0.017485,0.22929,-8.166703,51.983444,-4.844446,-0.050948,0.915241,0.032595,0.398342,-16.079369,5.332825,-5.021049,-0.130196,0.864979,-0.073289,0.47905,1.593965,87.595276,21.086058,-0.050433,0.877752,-0.135495,0.456782,7.208105,52.995419,30.195528,-0.018788,0.879385,-0.006305,0.4757,5.540303,7.656259,43.630566,-0.050948,0.915241,0.032595,0.398342,-5.051242,0.653379,-14.790869,-0.018788,0.879385,-0.006305,0.4757,17.576925,1.610909,36.045078
770,6.416667,-0.032284,0.903913,-0.014113,0.426263,-4.474582,86.966797,13.707137,-0.12275,0.897116,0.091767,0.41436,-4.833842,94.701492,13.295886,0.026231,0.905558,-0.046441,0.420855,-11.091495,114.829483,14.6249,0.103729,0.914359,-0.036501,0.389687,-9.25146,135.956604,13.306859,0.177256,0.898367,-0.259999,0.306459,-4.720824,149.979874,12.201652,-0.09232,0.77059,0.054839,0.62822,-12.781265,130.570572,11.02878,-0.723647,0.178958,0.494812,-0.446622,-16.067574,129.325165,-5.575298,-0.744675,-0.516958,0.16554,0.388343,-6.137285,113.726913,-17.953583,0.310927,0.236544,-0.592049,-0.704876,6.331656,141.005646,-13.248555,-0.037498,0.89355,-0.052379,0.444319,-7.945393,130.507401,16.767231,0.493348,0.830939,0.13977,0.215898,2.277631,132.434708,30.176989,-0.165918,0.598139,0.562344,-0.546325,11.623162,112.847946,35.092091,0.03636,0.299959,0.676802,-0.671298,20.157454,132.784149,23.640245,0.025615,0.925551,0.159442,0.342459,-10.474576,86.301125,6.428836,0.081241,0.969459,-0.017994,0.230706,-8.236805,51.973297,-4.895653,-0.051152,0.915184,0.033199,0.398397,-16.083061,5.311289,-5.018502,-0.130849,0.865584,-0.073409,0.477759,1.525412,87.632462,20.985437,-0.050885,0.879316,-0.136727,0.453342,7.188897,53.046234,30.116087,-0.020898,0.881023,-0.007389,0.472554,5.557404,7.743162,43.676723,-0.051152,0.915184,0.033199,0.398397,-5.049972,0.650595,-14.791681,-0.020898,0.881023,-0.007389,0.472554,17.555725,1.698265,36.030441
771,6.425,-0.032946,0.904323,-0.01441,0.425331,-4.546838,86.978508,13.631519,-0.122985,0.897726,0.091414,0.413045,-4.913836,94.71241,13.212116,0.026238,0.906121,-0.047433,0.41953,-11.176346,114.85376,14.533674,0.104481,0.914281,-0.037932,0.389533,-9.320336,135.976929,13.174966,0.177816,0.897445,-0.262119,0.307032,-4.754932,149.986496,12.039536,-0.092577,0.771108,0.053634,0.62765,-12.86185,130.590408,10.916222,-0.722594,0.180903,0.494092,-0.448335,-16.170841,129.309921,-5.680682,-0.746388,-0.515696,0.16653,0.386304,-6.240048,113.634109,-17.960182,0.312892,0.234212,-0.592067,-0.70477,6.288061,140.912155,-13.410852,-0.036843,0.89381,-0.053395,0.443729,-8.009267,130.532257,16.640602,0.495106,0.83026,0.137555,0.215912,2.233189,132.454285,30.036276,-0.165835,0.59934,0.562141,-0.545241,11.50111,112.838699,34.983234,0.03678,0.300129,0.676809,-0.671193,20.097095,132.752304,23.524035,0.025144,0.925587,0.159218,0.342501,-10.561032,86.299118,6.36622,0.080534,0.969144,-0.018444,0.232237,-8.296805,51.96439,-4.932062,-0.05123,0.915152,0.033724,0.398415,-16.088326,5.293119,-5.010398,-0.131459,0.866606,-0.073711,0.475688,1.467357,87.65789,20.89682,-0.051393,0.880566,-0.137888,0.450499,7.179435,53.086483,30.053291,-0.024469,0.883341,-0.008296,0.468019,5.583581,7.818481,43.734749,-0.05123,0.915152,0.033724,0.398415,-5.052527,0.647455,-14.787671,-0.024469,0.883341,-0.008296,0.468019,17.535257,1.797248,35.997295
772,6.433333,-0.033515,0.904658,-0.014482,0.424572,-4.60914,86.992653,13.564455,-0.123267,0.898372,0.091259,0.411589,-4.983979,94.725929,13.140605,0.026145,0.906783,-0.048512,0.41798,-11.255114,114.87471,14.462053,0.10574,0.914107,-0.039648,0.38943,-9.385919,135.993683,13.057062,0.17804,0.896587,-0.263977,0.307813,-4.769299,149.983871,11.890102,-0.092806,0.77143,0.052317,0.627332,-12.939713,130.605942,10.820662,-0.721233,0.182771,0.493408,-0.450519,-16.260834,129.289825,-5.771028,-0.748039,-0.514658,0.167623,0.384015,-6.330203,113.530731,-17.943594,0.314795,0.231853,-0.592134,-0.704646,6.240639,140.815674,-13.556515,-0.036361,0.894004,-0.054271,0.443271,-8.067569,130.554443,16.528465,0.495858,0.829928,0.13619,0.216326,2.189875,132.474442,29.912954,-0.165096,0.599991,0.562323,-0.544561,11.416682,112.848984,34.89753,0.038531,0.299535,0.67701,-0.671157,20.062883,132.736496,23.419554,0.025022,0.925081,0.158851,0.344043,-10.634819,86.302956,6.309652,0.079908,0.968583,-0.018964,0.234738,-8.352883,51.959335,-4.95801,-0.05139,0.915113,0.034158,0.398447,-16.098598,5.28039,-4.994823,-0.132174,0.868156,-0.074118,0.472591,1.416539,87.68235,20.81926,-0.051531,0.882182,-0.139122,0.446928,7.19095,53.128952,30.004587,-0.027776,0.885934,-0.008606,0.462898,5.608834,7.894644,43.798634,-0.05139,0.915113,0.034158,0.398447,-5.059276,0.648385,-14.774597,-0.027776,0.885934,-0.008606,0.462898,17.502842,1.907071,35.947033
773,6.441667,-0.034064,0.904918,-0.014282,0.42398,-4.65448,87.011375,13.510534,-0.123644,0.899029,0.09121,0.41005,-5.038606,94.744171,13.086136,0.0261,0.907496,-0.049788,0.416282,-11.324676,114.902176,14.41058,0.106888,0.913987,-0.040715,0.389289,-9.437349,136.015915,12.952224,0.178358,0.895694,-0.266063,0.308435,-4.779625,149.99115,11.769402,-0.092877,0.772114,0.050778,0.626606,-13.005471,130.627258,10.740985,-0.719438,0.18417,0.492726,-0.453555,-16.357046,129.273087,-5.841522,-0.749798,-0.513631,0.168785,0.381441,-6.419335,113.430893,-17.899912,0.316013,0.229537,-0.592198,-0.704805,6.191881,140.724792,-13.687786,-0.036185,0.894489,-0.054259,0.442307,-8.11203,130.58284,16.430601,0.496805,0.829383,0.13467,0.217191,2.174837,132.496124,29.793459,-0.164068,0.600191,0.562549,-0.544419,11.343104,112.857185,34.832581,0.040315,0.298382,0.677827,-0.670742,20.015785,132.723404,23.323895,0.024968,0.924537,0.158328,0.345746,-10.688962,86.313889,6.263792,0.079461,0.968204,-0.019238,0.236424,-8.395939,51.95805,-4.964299,-0.051273,0.91512,0.034458,0.398422,-16.107004,5.273351,-4.97942,-0.13252,0.869624,-0.074351,0.46975,1.380002,87.708862,20.757277,-0.051786,0.883727,-0.140322,0.443457,7.197562,53.164577,29.949682,-0.029799,0.888441,-0.007419,0.457963,5.639707,7.964498,43.858227,-0.051273,0.91512,0.034458,0.398422,-5.068447,0.647882,-14.763157,-0.029799,0.888441,-0.007419,0.457963,17.471876,2.029814,35.874146
774,6.45,-0.034323,0.905081,-0.014168,0.423615,-4.700566,87.032982,13.464371,-0.123809,0.899651,0.091505,0.408566,-5.089247,94.765549,13.040027,0.025961,0.908227,-0.050891,0.41456,-11.384365,114.919975,14.383039,0.10779,0.913941,-0.0423,0.388977,-9.4858,136.029297,12.876192,0.17865,0.894885,-0.267799,0.30911,-4.788265,149.988312,11.659842,-0.093114,0.772518,0.049602,0.626168,-13.0666,130.639191,10.689097,-0.717988,0.18554,0.492712,-0.455306,-16.43531,129.251785,-5.887185,-0.75108,-0.512437,0.169991,0.379987,-6.519519,113.3396,-17.871235,0.316859,0.227567,-0.59221,-0.705054,6.141296,140.631943,-13.800168,-0.035794,0.894534,-0.055066,0.442149,-8.151574,130.601959,16.360128,0.496862,0.829328,0.134262,0.217526,2.140988,132.515228,29.718601,-0.162891,0.600143,0.56322,-0.544131,11.300252,112.877342,34.77821,0.042898,0.296802,0.677315,-0.671798,20.004648,132.712723,23.255522,0.025038,0.923934,0.157609,0.347676,-10.740558,86.331963,6.222564,0.078936,0.968082,-0.019172,0.237105,-8.447085,51.959946,-4.955793,-0.051529,0.915116,0.034644,0.398382,-16.108912,5.267146,-4.970579,-0.133128,0.870941,-0.074356,0.46713,1.339426,87.733994,20.706177,-0.05184,0.885554,-0.141515,0.439409,7.221942,53.201473,29.901426,-0.029676,0.891216,-0.004707,0.452582,5.681667,8.033741,43.916599,-0.051529,0.915116,0.034644,0.398382,-5.068185,0.649828,-14.755711,-0.029676,0.891216,-0.004707,0.452582,17.4268,2.160425,35.76049
775,6.458333,-0.034553,0.905325,-0.013882,0.423084,-4.72633,87.05146,13.430822,-0.124347,0.900135,0.091732,0.407284,-5.120354,94.783905,13.009214,0.025954,0.908793,-0.051963,0.413185,-11.440384,114.940201,14.360809,0.108993,0.913783,-0.043809,0.388846,-9.525653,136.044861,12.809724,0.178819,0.89418,-0.269402,0.309659,-4.780862,149.985519,11.566555,-0.09326,0.772904,0.048234,0.625776,-13.118341,130.654327,10.643296,-0.716306,0.18666,0.492629,-0.457582,-16.502785,129.232162,-5.926834,-0.752298,-0.511535,0.171129,0.378278,-6.601886,113.249931,-17.82972,0.317737,0.225245,-0.592074,-0.705519,6.091433,140.547455,-13.897072,-0.03534,0.894516,-0.055725,0.442138,-8.186231,130.622559,16.299507,0.496893,0.829455,0.133442,0.217474,2.107751,132.531921,29.657444,-0.161605,0.600101,0.563667,-0.544098,11.266647,112.898338,34.734344,0.044981,0.295431,0.677552,-0.672027,19.992876,132.705505,23.18236,0.02525,0.923631,0.156841,0.348812,-10.774529,86.348785,6.196028,0.078443,0.968082,-0.018891,0.237291,-8.501122,51.960022,-4.93484,-0.051645,0.915075,0.034853,0.398441,-16.111776,5.258855,-4.965659,-0.133385,0.872255,-0.074428,0.464586,1.321869,87.754128,20.665615,-0.051777,0.887287,-0.143212,0.435352,7.244562,53.227352,29.856619,-0.030756,0.893903,-0.002766,0.447195,5.691899,8.104733,44.014996,-0.051645,0.915075,0.034853,0.398441,-5.068056,0.648646,-14.750769,-0.030756,0.893903,-0.002766,0.447195,17.357201,2.290047,35.703777
776,6.466667,-0.034815,0.905686,-0.013712,0.422294,-4.737482,87.073425,13.415593,-0.124678,0.90059,0.091798,0.406161,-5.136668,94.805664,12.995003,0.02575,0.909235,-0.05297,0.412095,-11.468889,114.959244,14.351201,0.109948,0.913612,-0.045119,0.388829,-9.54629,136.05986,12.755453,0.178838,0.893536,-0.270941,0.310163,-4.762573,149.985077,11.488637,-0.093246,0.773498,0.047033,0.625135,-13.147182,130.667221,10.607954,-0.714778,0.187768,0.492724,-0.459412,-16.558943,129.21701,-5.954143,-0.753327,-0.510657,0.172259,0.376902,-6.680696,113.170181,-17.788733,0.318266,0.22364,-0.591801,-0.70602,6.043571,140.471054,-13.981286,-0.035127,0.89431,-0.056308,0.442499,-8.201413,130.643433,16.252268,0.496852,0.829482,0.133189,0.217621,2.08225,132.555527,29.617764,-0.160189,0.599941,0.564353,-0.543981,11.240143,112.924454,34.706169,0.047185,0.294182,0.677484,-0.672492,19.995243,132.704407,23.127707,0.025547,0.92369,0.156251,0.348897,-10.797959,86.367592,6.191389,0.077905,0.968308,-0.01838,0.236584,-8.558483,51.96656,-4.908399,-0.051635,0.915106,0.034931,0.398366,-16.108841,5.25564,-4.968329,-0.133039,0.87356,-0.07419,0.462265,1.322995,87.779251,20.639797,-0.051927,0.888769,-0.144286,0.431944,7.256907,53.243248,29.788816,-0.032689,0.896115,-0.000799,0.442616,5.726453,8.151322,44.047047,-0.051635,0.915106,0.034931,0.398366,-5.066582,0.647311,-14.755973,-0.032689,0.896115,-0.000799,0.442616,17.334732,2.408187,35.607235
777,6.475,-0.034934,0.906066,-0.013663,0.421472,-4.749367,87.093285,13.409755,-0.12519,0.900953,0.09179,0.405198,-5.15092,94.825417,12.989441,0.026022,0.909594,-0.053749,0.411185,-11.506561,114.992264,14.344293,0.110737,0.913425,-0.045973,0.388945,-9.561525,136.088745,12.721367,0.179017,0.892718,-0.272919,0.310681,-4.747758,150.002457,11.441947,-0.093548,0.774016,0.045544,0.624559,-13.173162,130.698105,10.586922,-0.713319,0.189107,0.493017,-0.460812,-16.607445,129.205841,-5.966787,-0.754191,-0.509864,0.173291,0.375773,-6.764518,113.091949,-17.739523,0.318942,0.222071,-0.591481,-0.706477,5.987253,140.39502,-14.041487,-0.034599,0.894191,-0.056804,0.442718,-8.216349,130.674576,16.221542,0.496505,0.829762,0.132768,0.217601,2.061982,132.578354,29.592329,-0.159003,0.599931,0.564663,-0.544019,11.2356,112.958099,34.694092,0.048937,0.293287,0.677575,-0.672666,20.005943,132.709534,23.086027,0.025623,0.924037,0.155657,0.348238,-10.822821,86.385765,6.196618,0.077463,0.968611,-0.017671,0.23554,-8.611476,51.971603,-4.868039,-0.051959,0.915052,0.034818,0.398456,-16.105932,5.251762,-4.974891,-0.13286,0.874998,-0.074171,0.459593,1.324086,87.800797,20.62289,-0.051755,0.89048,-0.145055,0.428166,7.275509,53.261124,29.746664,-0.035486,0.897705,0.00014,0.439166,5.759402,8.188573,44.067554,-0.051959,0.915052,0.034818,0.398456,-5.05898,0.644572,-14.757779,-0.035486,0.897705,0.00014,0.439166,17.335506,2.503284,35.544792
778,6.483333,-0.035272,0.906595,-0.013551,0.420307,-4.751606,87.113083,13.416775,-0.12559,0.901248,0.091696,0.40444,-5.159187,94.844894,12.996348,0.026282,0.909792,-0.05442,0.410642,-11.529965,115.017258,14.346507,0.111237,0.913239,-0.046775,0.389145,-9.564191,136.110077,12.701124,0.179268,0.891981,-0.274573,0.311196,-4.728235,150.014801,11.407712,-0.093734,0.774594,0.044364,0.623899,-13.184072,130.721298,10.576023,-0.712248,0.190579,0.493401,-0.461452,-16.645124,129.196304,-5.969121,-0.754798,-0.509065,0.174294,0.375171,-6.843926,113.022865,-17.694914,0.319666,0.22049,-0.591372,-0.706737,5.936074,140.324677,-14.086047,-0.034513,0.894084,-0.057171,0.442893,-8.22077,130.697815,16.204926,0.49614,0.829966,0.132576,0.217774,2.052503,132.604721,29.579153,-0.158178,0.60004,0.564793,-0.544004,11.238877,112.994263,34.695663,0.049732,0.293053,0.678346,-0.671933,20.022467,132.72435,23.063824,0.02551,0.924572,0.155334,0.346969,-10.843149,86.400604,6.2194,0.077254,0.968952,-0.016973,0.234258,-8.647648,51.978745,-4.824455,-0.051759,0.915034,0.034881,0.398518,-16.107821,5.253559,-4.980705,-0.132459,0.876426,-0.074243,0.456967,1.339936,87.825562,20.614149,-0.051298,0.892458,-0.145753,0.423844,7.291368,53.278969,29.711679,-0.03798,0.898555,0.000411,0.437214,5.777666,8.221165,44.079136,-0.051759,0.915034,0.034881,0.398518,-5.0613,0.64561,-14.763719,-0.03798,0.898555,0.000411,0.437214,17.343674,2.574,35.517414
779,6.491667,-0.03545,0.90714,-0.013501,0.419115,-4.745096,87.13044,13.435162,-0.125827,0.901592,0.091391,0.403668,-5.156055,94.862076,13.014815,0.026452,0.910045,-0.054715,0.410031,-11.531518,115.040657,14.355151,0.111331,0.913149,-0.047603,0.389228,-9.55516,136.131744,12.700068,0.179656,0.891227,-0.275997,0.311873,-4.707609,150.030518,11.386489,-0.093842,0.775194,0.04333,0.62321,-13.181095,130.744415,10.581552,-0.711048,0.191774,0.493873,-0.462301,-16.670612,129.191757,-5.955043,-0.755427,-0.508408,0.175174,0.374386,-6.910474,112.962318,-17.637651,0.32027,0.219664,-0.591574,-0.706552,5.891441,140.265106,-14.114994,-0.034697,0.893938,-0.057555,0.443123,-8.210398,130.719833,16.203924,0.495887,0.830037,0.132458,0.218152,2.055523,132.638382,29.582134,-0.157669,0.600618,0.564621,-0.543692,11.245726,113.034615,34.717373,0.050097,0.293667,0.678012,-0.671975,20.05279,132.738586,23.065243,0.025532,0.92516,0.155095,0.345503,-10.855319,86.415245,6.253906,0.076989,0.969166,-0.016358,0.233502,-8.684876,51.988071,-4.778346,-0.051823,0.915079,0.034747,0.39842,-16.107512,5.257082,-4.97929,-0.131937,0.877691,-0.074261,0.454682,1.365126,87.845634,20.616415,-0.051043,0.893789,-0.146214,0.4209,7.307194,53.289234,29.682764,-0.040792,0.898964,-5.1e-05,0.436119,5.800621,8.241693,44.083138,-0.051823,0.915079,0.034747,0.39842,-5.062853,0.646225,-14.763041,-0.040792,0.898964,-5.1e-05,0.436119,17.373064,2.619097,35.513931
780,6.5,-0.035495,0.907763,-0.013629,0.417757,-4.735022,87.14267,13.464457,-0.125867,0.901975,0.091016,0.402882,-5.14641,94.874207,13.042639,0.026418,0.910308,-0.054826,0.409434,-11.515823,115.054657,14.373549,0.111567,0.913045,-0.048521,0.38929,-9.539923,136.145279,12.712275,0.18012,0.890552,-0.27711,0.312546,-4.676218,150.036407,11.377672,-0.093861,0.775726,0.042581,0.622597,-13.169071,130.757904,10.599434,-0.709429,0.192549,0.494274,-0.464036,-16.684422,129.18631,-5.929898,-0.756062,-0.508193,0.175874,0.373066,-6.955146,112.899826,-17.558735,0.321124,0.218437,-0.591931,-0.706246,5.845136,140.214188,-14.120656,-0.034973,0.893699,-0.058791,0.443422,-8.191009,130.733887,16.215286,0.495598,0.830113,0.132401,0.218554,2.065268,132.679718,29.596954,-0.157613,0.601685,0.564079,-0.543092,11.260421,113.083138,34.750736,0.050029,0.29522,0.676695,-0.672626,20.097292,132.755798,23.086199,0.025403,0.925826,0.155033,0.343752,-10.866692,86.425621,6.301691,0.076893,0.96945,-0.01566,0.2324,-8.710045,51.996582,-4.727428,-0.051898,0.915078,0.034666,0.398419,-16.1089,5.262089,-4.981806,-0.131337,0.878827,-0.074317,0.452649,1.396648,87.859718,20.627222,-0.050902,0.894665,-0.146361,0.419002,7.320429,53.292465,29.664124,-0.043903,0.899009,-0.000937,0.435723,5.826646,8.247629,44.074295,-0.051898,0.915078,0.034666,0.398419,-5.063788,0.650008,-14.764467,-0.043903,0.899009,-0.000937,0.435723,17.420311,2.643671,35.521587
781,6.508333,-0.035377,0.908397,-0.013683,0.416384,-4.722468,87.149437,13.504344,-0.125909,0.902256,0.090613,0.402331,-5.132479,94.881073,13.083151,0.026604,0.910429,-0.05498,0.409131,-11.496358,115.065361,14.402061,0.111371,0.912905,-0.049337,0.389574,-9.511165,136.154861,12.737441,0.180525,0.889797,-0.278117,0.313566,-4.642987,150.042313,11.381042,-0.094078,0.776387,0.041931,0.621783,-13.144302,130.769043,10.627451,-0.708551,0.193416,0.494729,-0.464531,-16.692633,129.174744,-5.89265,-0.756267,-0.50784,0.176656,0.372762,-6.9983,112.848137,-17.494362,0.321496,0.217353,-0.592487,-0.705945,5.807026,140.167053,-14.111718,-0.035544,0.89379,-0.058946,0.443172,-8.162672,130.743134,16.240128,0.495703,0.830187,0.131174,0.218771,2.099752,132.708221,29.614258,-0.158103,0.602856,0.562946,-0.542826,11.286034,113.116768,34.803223,0.048873,0.296747,0.676936,-0.671797,20.129543,132.775574,23.120022,0.025596,0.926275,0.154904,0.342585,-10.875943,86.433922,6.360152,0.076695,0.969633,-0.01489,0.231751,-8.749397,52.002708,-4.668029,-0.052105,0.915065,0.034573,0.398428,-16.11352,5.263099,-4.983706,-0.130753,0.880061,-0.074358,0.450409,1.431007,87.864944,20.648537,-0.050638,0.895327,-0.146293,0.41764,7.340055,53.287052,29.654312,-0.047775,0.898755,-0.002686,0.435833,5.848598,8.237809,44.050934,-0.052105,0.915065,0.034573,0.398428,-5.066495,0.651136,-14.764254,-0.047775,0.898755,-0.002686,0.435833,17.477667,2.641726,35.541248
782,6.516667,-0.035023,0.909155,-0.01396,0.414747,-4.70032,87.152718,13.561373,-0.125843,0.90261,0.090178,0.401655,-5.104327,94.884628,13.139291,0.026081,0.910603,-0.054924,0.408785,-11.455472,115.066315,14.447206,0.111693,0.912598,-0.050347,0.390069,-9.492081,136.157242,12.774888,0.180782,0.88902,-0.279004,0.314829,-4.603249,150.035522,11.399056,-0.094018,0.776798,0.041436,0.621312,-13.121745,130.767303,10.669452,-0.707619,0.194486,0.495032,-0.465182,-16.690338,129.16214,-5.845234,-0.756443,-0.507713,0.177476,0.372188,-7.027839,112.789276,-17.408234,0.322134,0.216365,-0.593223,-0.705338,5.767685,140.120148,-14.085746,-0.0359,0.894039,-0.058984,0.442635,-8.13545,130.747833,16.278011,0.495439,0.830401,0.129911,0.219312,2.142256,132.723526,29.63884,-0.158739,0.604003,0.561803,-0.54255,11.329619,113.146278,34.879295,0.049039,0.298012,0.677108,-0.67105,20.179094,132.797424,23.180834,0.025961,0.926486,0.154926,0.341977,-10.879996,86.441032,6.439448,0.076549,0.969863,-0.013985,0.230889,-8.784631,52.011669,-4.600476,-0.05221,0.915049,0.034374,0.39847,-16.11611,5.267477,-4.98946,-0.130023,0.880837,-0.074329,0.449106,1.479356,87.864403,20.683298,-0.05044,0.895626,-0.145862,0.417173,7.35711,53.272404,29.655313,-0.051293,0.898161,-0.004762,0.436638,5.87379,8.209356,44.009525,-0.05221,0.915049,0.034374,0.39847,-5.06779,0.651535,-14.766669,-0.051293,0.898161,-0.004762,0.436638,17.54664,2.609569,35.56245
783,6.525,-0.034428,0.909819,-0.014234,0.413331,-4.686067,87.151184,13.622917,-0.125449,0.902999,0.089932,0.400958,-5.080595,94.883621,13.201408,0.025752,0.910817,-0.055107,0.408306,-11.409624,115.064095,14.511333,0.112354,0.912332,-0.050846,0.390437,-9.456703,136.154892,12.825198,0.180779,0.888457,-0.279928,0.315601,-4.544258,150.024551,11.44645,-0.093921,0.777399,0.040972,0.620606,-13.086459,130.762314,10.726713,-0.707076,0.195243,0.495227,-0.465483,-16.685432,129.147034,-5.780398,-0.756458,-0.507602,0.17828,0.371925,-7.04462,112.744377,-17.319275,0.322518,0.215722,-0.594136,-0.704591,5.740414,140.085922,-14.044484,-0.03613,0.894195,-0.059392,0.442247,-8.094028,130.747986,16.32983,0.495079,0.830654,0.128855,0.219788,2.194787,132.736176,29.680252,-0.159616,0.605115,0.560395,-0.542509,11.38874,113.174263,34.966095,0.048693,0.300242,0.677361,-0.669825,20.2292,132.826965,23.249123,0.026358,0.926469,0.154672,0.342107,-10.888711,86.447533,6.520184,0.076395,0.970152,-0.012815,0.229793,-8.824784,52.013981,-4.512591,-0.052597,0.914992,0.034281,0.398557,-16.117292,5.264589,-4.997401,-0.129422,0.881325,-0.074022,0.448371,1.516578,87.854843,20.725649,-0.050272,0.895685,-0.14462,0.417501,7.37455,53.248268,29.654285,-0.054702,0.897007,-0.007244,0.438558,5.921785,8.149454,43.898861,-0.052597,0.914992,0.034281,0.398557,-5.06369,0.651112,-14.769811,-0.054702,0.897007,-0.007244,0.438558,17.656889,2.536667,35.547203
784,6.533333,-0.033936,0.910426,-0.014292,0.41203,-4.661299,87.140121,13.694726,-0.12482,0.90347,0.089793,0.400123,-5.049109,94.873055,13.276097,0.025222,0.911134,-0.055359,0.407594,-11.348234,115.052322,14.597023,0.112277,0.912208,-0.05153,0.39066,-9.41277,136.143082,12.890394,0.18104,0.887792,-0.280509,0.316804,-4.494308,150.008865,11.494323,-0.093891,0.77799,0.040533,0.619897,-13.042171,130.746246,10.802247,-0.706506,0.195475,0.495526,-0.465932,-16.671164,129.119675,-5.697175,-0.756366,-0.507677,0.179005,0.37166,-7.047603,112.698555,-17.224188,0.322879,0.215349,-0.594946,-0.703856,5.717002,140.054245,-13.988182,-0.036667,0.894373,-0.059516,0.441827,-8.040627,130.740005,16.397242,0.494555,0.8308,0.128305,0.220737,2.259438,132.745728,29.736355,-0.160044,0.606233,0.559003,-0.542571,11.457877,113.199936,35.073837,0.04747,0.302268,0.676932,-0.669436,20.287106,132.836151,23.327711,0.026884,0.926391,0.154468,0.342369,-10.884882,86.44445,6.609547,0.076325,0.970735,-0.01144,0.227414,-8.85818,52.008366,-4.42223,-0.052759,0.91493,0.034545,0.398655,-16.115948,5.254796,-5.013862,-0.128888,0.881624,-0.073726,0.447987,1.562283,87.8358,20.779905,-0.049775,0.895626,-0.14371,0.418001,7.40059,53.216064,29.670319,-0.058522,0.895945,-0.011279,0.440149,5.934615,8.087725,43.819706,-0.052759,0.91493,0.034545,0.398655,-5.057952,0.650513,-14.785631,-0.058522,0.895945,-0.011279,0.440149,17.723793,2.429,35.575909
785,6.541667,-0.033207,0.911038,-0.014436,0.41073,-4.624717,87.123878,13.783492,-0.124328,0.903875,0.089771,0.399366,-5.001919,94.857498,13.368016,0.024566,0.911382,-0.05575,0.407028,-11.281567,115.043732,14.70206,0.111475,0.91215,-0.052474,0.390899,-9.365827,136.134033,12.967782,0.181707,0.886993,-0.280838,0.318366,-4.457335,150.000046,11.53924,-0.093984,0.778498,0.040091,0.619274,-12.993525,130.73172,10.890871,-0.705668,0.195445,0.495766,-0.466958,-16.648146,129.090912,-5.601487,-0.756361,-0.507873,0.179727,0.371055,-7.034656,112.650391,-17.109241,0.322926,0.215365,-0.595573,-0.703299,5.702213,140.024567,-13.920556,-0.037307,0.894732,-0.059113,0.441099,-7.984563,130.736282,16.479231,0.494229,0.830873,0.127589,0.221606,2.335727,132.754395,29.800838,-0.160374,0.607048,0.557932,-0.542664,11.531396,113.221153,35.188789,0.046636,0.303409,0.677179,-0.668728,20.350882,132.848495,23.418289,0.027598,0.926408,0.154501,0.342251,-10.869452,86.439598,6.715836,0.076252,0.970887,-0.010427,0.226837,-8.891227,52.007057,-4.335789,-0.053102,0.914892,0.034619,0.398692,-16.12105,5.250338,-5.014649,-0.128217,0.88162,-0.073157,0.44828,1.620019,87.808159,20.851149,-0.049346,0.895113,-0.14258,0.419534,7.432367,53.169868,29.686159,-0.06002,0.894706,-0.016219,0.442308,5.95163,8.006904,43.723095,-0.053102,0.914892,0.034619,0.398692,-5.058763,0.652381,-14.784548,-0.06002,0.894706,-0.016219,0.442308,17.77746,2.249427,35.601063
786,6.55,-0.032752,0.911598,-0.014235,0.409529,-4.571594,87.103668,13.879628,-0.123868,0.904212,0.08967,0.398768,-4.944199,94.837845,13.470389,0.024233,0.911602,-0.055682,0.406563,-11.20096,115.019814,14.812097,0.111148,0.91209,-0.0533,0.39102,-9.300162,136.11113,13.07369,0.181836,0.886498,-0.28111,0.319427,-4.39091,149.974304,11.620489,-0.094418,0.77906,0.039966,0.618509,-12.926703,130.70636,11.001165,-0.705009,0.195055,0.49612,-0.46774,-16.610682,129.048615,-5.482964,-0.756101,-0.508295,0.1805,0.37063,-7.006032,112.601448,-16.988596,0.32336,0.215418,-0.596278,-0.702485,5.687874,139.999771,-13.836164,-0.037984,0.894854,-0.059273,0.440773,-7.911824,130.714584,16.584209,0.493562,0.831167,0.12705,0.222298,2.416484,132.755142,29.896175,-0.160733,0.607597,0.557201,-0.542695,11.627823,113.241508,35.328251,0.047566,0.304054,0.677255,-0.668292,20.442236,132.87027,23.543314,0.028358,0.92664,0.154511,0.341556,-10.835523,86.42878,6.828072,0.076246,0.971095,-0.009337,0.225995,-8.916292,51.999546,-4.244232,-0.053345,0.914882,0.03499,0.39865,-16.122957,5.240712,-5.016831,-0.127429,0.881524,-0.072719,0.448763,1.692334,87.778564,20.931185,-0.048741,0.895192,-0.141305,0.419868,7.465155,53.12104,29.716539,-0.055955,0.893404,-0.019274,0.44534,5.979747,7.918185,43.623985,-0.053345,0.914882,0.03499,0.39865,-5.058136,0.655711,-14.789945,-0.055955,0.893404,-0.019274,0.44534,17.806128,2.033242,35.594639
787,6.558333,-0.03215,0.912049,-0.014122,0.408574,-4.520435,87.080208,13.990717,-0.123168,0.904615,0.089479,0.398113,-4.885679,94.815041,13.587269,0.023682,0.911888,-0.05572,0.405949,-11.108883,114.995453,14.93775,0.111891,0.911823,-0.0535,0.391405,-9.229919,136.087723,13.187077,0.181204,0.886151,-0.281653,0.320271,-4.298096,149.943512,11.73995,-0.095164,0.779506,0.040239,0.617815,-12.854424,130.67868,11.122142,-0.704333,0.194638,0.496444,-0.468587,-16.562757,129.004532,-5.354871,-0.755732,-0.508907,0.181216,0.370193,-6.965191,112.55088,-16.857124,0.323827,0.21534,-0.59722,-0.701493,5.675156,139.977219,-13.73326,-0.038457,0.895002,-0.059163,0.440446,-7.831657,130.694031,16.698078,0.493063,0.831561,0.126066,0.222491,2.505219,132.746857,30.001507,-0.160989,0.608317,0.556027,-0.543017,11.734616,113.251671,35.469051,0.047258,0.30508,0.676717,-0.668392,20.526608,132.86853,23.654718,0.028885,0.927058,0.154742,0.34027,-10.799877,86.41655,6.951903,0.076419,0.971183,-0.008362,0.225596,-8.925552,51.994682,-4.150964,-0.053701,0.914885,0.035067,0.398589,-16.127533,5.236706,-5.013947,-0.126648,0.881504,-0.071917,0.449153,1.759007,87.743874,21.02953,-0.047983,0.895049,-0.140057,0.420678,7.505819,53.063583,29.741776,-0.049215,0.890862,-0.017464,0.451262,5.994392,7.82057,43.515179,-0.053701,0.914885,0.035067,0.398589,-5.060392,0.658162,-14.787457,-0.049215,0.890862,-0.017464,0.451262,17.865189,1.896345,35.580822
788,6.566667,-0.031429,0.912545,-0.014091,0.407524,-4.462243,87.050941,14.120337,-0.12257,0.904858,0.089423,0.397759,-4.817965,94.786499,13.722295,0.023374,0.911987,-0.055715,0.405745,-11.015712,114.968613,15.083115,0.110659,0.911842,-0.054622,0.391554,-9.149174,136.061508,13.326875,0.181522,0.885527,-0.281812,0.321673,-4.236775,149.919662,11.836949,-0.095537,0.78022,0.039587,0.616897,-12.771715,130.650024,11.264899,-0.703845,0.193767,0.496716,-0.469393,-16.516085,128.948807,-5.201179,-0.755159,-0.509443,0.182242,0.370123,-6.915475,112.503159,-16.712347,0.323575,0.215331,-0.598121,-0.700845,5.669118,139.958603,-13.619309,-0.038696,0.895046,-0.059272,0.44032,-7.746243,130.669373,16.838383,0.492227,0.831944,0.126247,0.222806,2.593762,132.730896,30.138031,-0.160691,0.608071,0.556032,-0.543375,11.853566,113.254677,35.621723,0.048849,0.304769,0.676767,-0.668368,20.631374,132.871048,23.794884,0.029214,0.927832,0.155353,0.337845,-10.758766,86.399933,7.095619,0.076885,0.97112,-0.007576,0.225735,-8.920447,51.993179,-4.059977,-0.053705,0.914718,0.035113,0.398966,-16.148142,5.240783,-5.006193,-0.125788,0.881289,-0.070938,0.449972,1.83428,87.701958,21.145056,-0.047289,0.894812,-0.139278,0.421517,7.551839,52.995811,29.773193,-0.046599,0.88973,-0.01593,0.453824,6.000452,7.725963,43.453663,-0.053705,0.914718,0.035113,0.398966,-5.072831,0.663941,-14.771241,-0.046599,0.88973,-0.01593,0.453824,17.896797,1.807195,35.553581
789,6.575,-0.030694,0.912915,-0.014015,0.406753,-4.399921,87.017525,14.255362,-0.121826,0.90525,0.089322,0.397118,-4.746065,94.753822,13.863337,0.022876,0.912305,-0.05565,0.405067,-10.910043,114.933952,15.23687,0.110554,0.911793,-0.055177,0.391621,-9.065226,136.028152,13.473137,0.18124,0.885162,-0.282096,0.322587,-4.149378,149.883438,11.967909,-0.096133,0.780679,0.03973,0.616215,-12.686072,130.612946,11.417948,-0.702982,0.192906,0.496995,-0.470744,-16.455114,128.896515,-5.040918,-0.754619,-0.51002,0.183388,0.369863,-6.85204,112.449539,-16.548119,0.322697,0.215407,-0.5992,-0.700304,5.671376,139.937607,-13.496682,-0.039155,0.895085,-0.059412,0.440181,-7.652013,130.638046,16.983648,0.491765,0.832231,0.125652,0.223093,2.690919,132.715393,30.278555,-0.160294,0.608649,0.555207,-0.543688,11.965283,113.254318,35.791351,0.048245,0.305179,0.675698,-0.669306,20.730423,132.844955,23.925505,0.029249,0.928873,0.155903,0.334715,-10.70918,86.379784,7.240862,0.077382,0.97131,-0.006454,0.224782,-8.897272,51.985573,-3.957662,-0.053562,0.914717,0.035266,0.398973,-16.147497,5.238944,-5.010476,-0.124971,0.881073,-0.070006,0.450768,1.909338,87.655266,21.269861,-0.046134,0.89491,-0.138324,0.421751,7.59911,52.924763,29.817963,-0.043254,0.888103,-0.013313,0.45741,5.985384,7.619625,43.373825,-0.053562,0.914717,0.035266,0.398973,-5.072968,0.664411,-14.777485,-0.043254,0.888103,-0.013313,0.45741,17.922997,1.724222,35.518658
790,6.583333,-0.030206,0.913336,-0.013677,0.405855,-4.3168,86.975548,14.404315,-0.121305,0.905569,0.089262,0.396563,-4.658555,94.712456,14.020479,0.022477,0.912536,-0.055672,0.404565,-10.7988,114.890839,15.404007,0.110158,0.911792,-0.055784,0.391648,-8.970024,135.985687,13.631543,0.181103,0.88486,-0.28212,0.32347,-4.057806,149.840027,12.105975,-0.096626,0.781351,0.039779,0.615282,-12.589634,130.567444,11.582215,-0.702628,0.191964,0.497035,-0.471614,-16.394438,128.835495,-4.866801,-0.753782,-0.510624,0.184728,0.37007,-6.777007,112.400909,-16.379734,0.321615,0.215184,-0.600355,-0.699881,5.679064,139.923096,-13.360326,-0.040014,0.895393,-0.059208,0.439504,-7.549195,130.597641,17.14212,0.491479,0.832462,0.124851,0.22331,2.811655,132.697067,30.4196,-0.16017,0.608741,0.55506,-0.543772,12.094223,113.248276,35.961853,0.050389,0.304424,0.675274,-0.669919,20.858496,132.838028,24.084259,0.029637,0.929694,0.156856,0.331944,-10.640428,86.348816,7.401767,0.077913,0.971289,-0.005668,0.22471,-8.8648,51.977848,-3.873635,-0.053565,0.914752,0.035273,0.398893,-16.146872,5.238119,-5.009477,-0.123793,0.880891,-0.068888,0.451621,2.006827,87.60228,21.406862,-0.0456,0.893438,-0.137693,0.425124,7.652044,52.83931,29.851891,-0.040933,0.886915,-0.01067,0.459993,5.967973,7.513046,43.328354,-0.053565,0.914752,0.035273,0.398893,-5.073983,0.663723,-14.778419,-0.040933,0.886915,-0.01067,0.459993,17.939774,1.654297,35.497822
791,6.591667,-0.029821,0.91367,-0.013048,0.40515,-4.233383,86.932777,14.552855,-0.120371,0.905941,0.089393,0.395968,-4.57394,94.670303,14.180615,0.021954,0.912828,-0.055816,0.403916,-10.677672,114.84864,15.588671,0.110006,0.911746,-0.056061,0.391759,-8.867988,135.943787,13.800324,0.180639,0.884573,-0.282326,0.324333,-3.956409,149.79747,12.26649,-0.097348,0.781792,0.040061,0.61459,-12.486409,130.521454,11.75976,-0.701407,0.190864,0.497065,-0.473841,-16.315374,128.773865,-4.681994,-0.753207,-0.511668,0.185947,0.369186,-6.680527,112.334152,-16.173018,0.321028,0.214982,-0.601664,-0.699088,5.683239,139.903717,-13.206947,-0.040413,0.895522,-0.058881,0.439249,-7.437743,130.559052,17.312147,0.490892,0.832831,0.124442,0.223457,2.929621,132.665421,30.583441,-0.159995,0.609156,0.554168,-0.544269,12.234952,113.233589,36.146992,0.050432,0.305502,0.673906,-0.670802,20.976185,132.812759,24.230705,0.029779,0.93046,0.157715,0.32937,-10.56825,86.317513,7.559457,0.078653,0.971479,-0.004685,0.223654,-8.81259,51.966713,-3.780387,-0.053531,0.914757,0.035319,0.398883,-16.142759,5.236986,-5.01436,-0.122809,0.880603,-0.06761,0.452643,2.101483,87.548042,21.546253,-0.044874,0.892724,-0.136964,0.426932,7.718194,52.754868,29.885254,-0.040287,0.886083,-0.007983,0.461703,5.975582,7.403451,43.269356,-0.053531,0.914757,0.035319,0.398883,-5.070276,0.663393,-14.784137,-0.040287,0.886083,-0.007983,0.461703,17.98382,1.604752,35.449924
792,6.6,-0.02951,0.913973,-0.01265,0.404503,-4.138341,86.888451,14.722167,-0.119709,0.906349,0.089262,0.395264,-4.477264,94.626411,14.357756,0.021645,0.913218,-0.055526,0.40309,-10.549604,114.801529,15.776194,0.109388,0.911892,-0.056623,0.39151,-8.758434,135.898621,13.992095,0.180416,0.884318,-0.282302,0.325173,-3.857586,149.753448,12.434597,-0.097831,0.782164,0.040407,0.614016,-12.3767,130.474396,11.956255,-0.700844,0.189863,0.497541,-0.474577,-16.226383,128.719193,-4.479846,-0.75221,-0.512147,0.187417,0.369812,-6.595623,112.289154,-15.988138,0.319555,0.214411,-0.603004,-0.698784,5.705047,139.889664,-13.047758,-0.041097,0.895626,-0.058725,0.438995,-7.317835,130.513657,17.499342,0.490691,0.833202,0.123419,0.223081,3.055202,132.638123,30.763317,-0.159731,0.609051,0.554026,-0.544609,12.376768,113.217865,36.340076,0.052286,0.304703,0.673815,-0.671115,21.104698,132.79541,24.407145,0.030014,0.931321,0.158844,0.326358,-10.48346,86.281593,7.737335,0.079239,0.971925,-0.003535,0.221519,-8.753247,51.957703,-3.687579,-0.053434,0.91495,0.035427,0.398443,-16.11557,5.235833,-5.023508,-0.121807,0.880566,-0.066897,0.453091,2.206777,87.495308,21.706999,-0.043938,0.892061,-0.136601,0.428528,7.780387,52.677418,29.971445,-0.038706,0.885456,-0.00467,0.463085,5.949939,7.308719,43.285072,-0.053434,0.91495,0.035427,0.398443,-5.052998,0.663441,-14.805063,-0.038706,0.885456,-0.00467,0.463085,17.981886,1.572132,35.45628
793,6.608333,-0.029349,0.914158,-0.011962,0.404117,-4.041658,86.839043,14.888167,-0.118859,0.906729,0.089518,0.39459,-4.382768,94.577423,14.534662,0.021283,0.913588,-0.055722,0.402242,-10.424869,114.754715,15.981608,0.109158,0.91197,-0.056704,0.391383,-8.646072,135.851532,14.182072,0.180102,0.884155,-0.282244,0.32584,-3.750722,149.707657,12.618884,-0.098441,0.782686,0.040912,0.61322,-12.265883,130.424622,12.156198,-0.699937,0.188874,0.497368,-0.476488,-16.14468,128.660889,-4.272143,-0.751588,-0.512928,0.188831,0.369274,-6.489584,112.230698,-15.759781,0.318438,0.214067,-0.604495,-0.69811,5.730148,139.873093,-12.87606,-0.04149,0.895816,-0.058469,0.438605,-7.196529,130.469193,17.689651,0.490237,0.833534,0.122752,0.223206,3.187029,132.601257,30.944168,-0.159481,0.609434,0.553045,-0.545249,12.525897,113.196526,36.54591,0.051685,0.305381,0.672687,-0.671985,21.22316,132.759888,24.569633,0.03044,0.931634,0.159855,0.324929,-10.392861,86.240219,7.908174,0.08008,0.97213,-0.002622,0.220327,-8.684669,51.941536,-3.595477,-0.053528,0.914982,0.035637,0.398338,-16.106422,5.231812,-5.023962,-0.120855,0.879835,-0.066052,0.454887,2.309545,87.437866,21.86816,-0.043515,0.891381,-0.136389,0.430052,7.835212,52.595116,30.059666,-0.035937,0.88524,-0.000991,0.463744,5.955254,7.217455,43.335766,-0.053528,0.914982,0.035637,0.398338,-5.044587,0.666106,-14.809474,-0.035937,0.88524,-0.000991,0.463744,17.987499,1.534801,35.468197
794,6.616667,-0.029198,0.914348,-0.011487,0.403712,-3.938283,86.795853,15.074033,-0.11818,0.907038,0.089592,0.394068,-4.280383,94.534538,14.728347,0.021025,0.913879,-0.055722,0.401596,-10.294215,114.707855,16.192467,0.108925,0.912026,-0.056942,0.391282,-8.526733,135.805161,14.387244,0.179695,0.884046,-0.282129,0.326458,-3.635199,149.661545,12.814424,-0.099039,0.782932,0.041186,0.612791,-12.147223,130.376434,12.367396,-0.698756,0.188014,0.497452,-0.478469,-16.039871,128.601089,-4.056426,-0.750832,-0.513814,0.190359,0.368796,-6.374059,112.161926,-15.522215,0.317278,0.213554,-0.605962,-0.697524,5.755313,139.849899,-12.694518,-0.041789,0.895926,-0.058709,0.438319,-7.069905,130.42392,17.893524,0.490076,0.833869,0.12158,0.22295,3.32135,132.568237,31.140038,-0.159463,0.609574,0.55249,-0.545661,12.672338,113.175201,36.762047,0.053075,0.305429,0.672319,-0.672222,21.348577,132.737152,24.763842,0.030934,0.931769,0.161105,0.323875,-10.295852,86.203247,8.099299,0.08108,0.972202,-0.001755,0.219649,-8.604186,51.935814,-3.499535,-0.053257,0.915028,0.035518,0.398279,-16.100327,5.240983,-5.023396,-0.119981,0.879739,-0.065532,0.455378,2.419286,87.388458,22.048765,-0.04311,0.89076,-0.136063,0.43148,7.903229,52.525509,30.182161,-0.033478,0.885375,0.002023,0.463666,5.981416,7.136109,43.412079,-0.053257,0.915028,0.035518,0.398279,-5.042675,0.668605,-14.810528,-0.033478,0.885375,0.002023,0.463666,18.00103,1.494667,35.495686
795,6.625,-0.02914,0.914485,-0.010817,0.403425,-3.83044,86.751007,15.246892,-0.117299,0.907335,0.090056,0.39354,-4.176023,94.489983,14.911173,0.020921,0.914218,-0.055465,0.400864,-10.16171,114.663147,16.411028,0.108861,0.912054,-0.057565,0.391144,-8.404052,135.761841,14.612561,0.178953,0.884011,-0.281813,0.327233,-3.50789,149.614532,13.021723,-0.099642,0.783175,0.041389,0.612369,-12.026009,130.332855,12.59608,-0.697847,0.187192,0.497614,-0.479948,-15.93211,128.544281,-3.823103,-0.75008,-0.514537,0.191879,0.36853,-6.259748,112.102058,-15.278962,0.316617,0.212935,-0.607248,-0.696895,5.789209,139.830429,-12.503923,-0.041582,0.896121,-0.058589,0.437957,-6.939816,130.379501,18.11404,0.489698,0.83436,0.120776,0.222379,3.462782,132.51532,31.353014,-0.159519,0.60947,0.551844,-0.546414,12.841591,113.136673,36.978268,0.054023,0.305782,0.671463,-0.672841,21.477285,132.704147,24.955793,0.031564,0.931723,0.162038,0.32348,-10.192441,86.164497,8.275692,0.082097,0.972363,-0.000771,0.218564,-8.525931,51.921772,-3.399488,-0.053161,0.915034,0.035512,0.398278,-16.096403,5.242419,-5.026608,-0.119157,0.879119,-0.06514,0.456845,2.531562,87.337517,22.218092,-0.042896,0.890618,-0.135872,0.431855,7.963648,52.45657,30.309057,-0.030467,0.885889,0.005576,0.462862,6.026175,7.060525,43.513866,-0.053161,0.915034,0.035512,0.398278,-5.039696,0.668699,-14.814175,-0.030467,0.885889,0.005576,0.462862,18.017054,1.466066,35.520931
796,6.633333,-0.029048,0.914507,-0.010478,0.403391,-3.722427,86.708153,15.436402,-0.116377,0.907561,0.090759,0.393131,-4.06884,94.447319,15.106085,0.020439,0.914448,-0.055858,0.400308,-10.033469,114.634415,16.651817,0.109086,0.912069,-0.057529,0.391051,-8.288959,135.732101,14.828834,0.178788,0.884029,-0.281688,0.327381,-3.387628,149.583298,13.240938,-0.100061,0.783433,0.04128,0.611977,-11.91068,130.299133,12.822691,-0.696812,0.186366,0.497564,-0.48182,-15.830246,128.495728,-3.591667,-0.749606,-0.515298,0.193094,0.367796,-6.141936,112.047348,-15.025194,0.31613,0.212496,-0.608407,-0.696238,5.831014,139.814117,-12.305781,-0.041855,0.896487,-0.057719,0.437296,-6.817505,130.354218,18.334133,0.490083,0.834442,0.119182,0.222085,3.603941,132.484619,31.559151,-0.159032,0.610087,0.55078,-0.54694,12.971774,113.107231,37.206985,0.052836,0.306786,0.67111,-0.672831,21.587355,132.651733,25.130045,0.032236,0.931437,0.163277,0.323616,-10.085064,86.125824,8.465428,0.08333,0.972277,-8.2e-05,0.218479,-8.432654,51.915394,-3.306027,-0.052859,0.915008,0.035164,0.39841,-16.101608,5.255282,-5.021352,-0.118712,0.878565,-0.064708,0.458087,2.640209,87.290482,22.407377,-0.042275,0.890934,-0.135514,0.431376,8.047683,52.3978,30.464178,-0.028132,0.886471,0.008847,0.461844,6.079973,6.98756,43.615597,-0.052859,0.915008,0.035164,0.39841,-5.046019,0.668566,-14.804101,-0.028132,0.886471,0.008847,0.461844,18.043926,1.442888,35.547974
797,6.641667,-0.028748,0.914508,-0.010314,0.403414,-3.619651,86.670357,15.624798,-0.115768,0.907788,0.09158,0.392597,-3.962831,94.409851,15.298666,0.02102,0.914797,-0.055866,0.39948,-9.916338,114.5952,16.889338,0.108049,0.912493,-0.057769,0.390314,-8.15077,135.691818,15.074378,0.178919,0.884016,-0.281504,0.327503,-3.276121,149.549728,13.463029,-0.100073,0.783872,0.04117,0.611421,-11.782191,130.264053,13.071664,-0.695893,0.185419,0.497865,-0.483201,-15.724754,128.455811,-3.336653,-0.749194,-0.515758,0.194248,0.367382,-6.034125,112.007309,-14.768046,0.315948,0.212079,-0.609467,-0.695521,5.882934,139.803024,-12.099018,-0.041941,0.896528,-0.058127,0.43715,-6.679428,130.31041,18.574312,0.490221,0.834811,0.11811,0.220961,3.746128,132.449249,31.794735,-0.158857,0.610082,0.550346,-0.547434,13.130108,113.075165,37.427116,0.053546,0.307415,0.670628,-0.672968,21.72237,132.617126,25.326767,0.033012,0.931075,0.164314,0.324055,-9.982257,86.09446,8.653258,0.084149,0.972229,0.000804,0.218377,-8.351748,51.912296,-3.203089,-0.052201,0.915264,0.03504,0.397918,-16.077406,5.265233,-5.016126,-0.118242,0.877981,-0.064377,0.459373,2.742955,87.246254,22.596336,-0.041693,0.891,-0.134885,0.431494,8.120494,52.342415,30.624754,-0.027038,0.886913,0.011746,0.460995,6.128075,6.911445,43.700626,-0.052201,0.915264,0.03504,0.397918,-5.038901,0.666457,-14.812502,-0.027038,0.886913,0.011746,0.460995,18.079081,1.42482,35.574333
798,6.65,-0.028875,0.91445,-0.010192,0.403538,-3.506949,86.64257,15.81227,-0.114695,0.908027,0.092559,0.392129,-3.852652,94.381981,15.48704,0.020861,0.91514,-0.055695,0.398725,-9.779519,114.566383,17.135868,0.108299,0.912579,-0.058299,0.389965,-8.024524,135.664108,15.323387,0.178445,0.884139,-0.281193,0.327699,-3.138781,149.516541,13.698678,-0.100683,0.783894,0.041657,0.61126,-11.657331,130.23555,13.325326,-0.694551,0.184617,0.498084,-0.48521,-15.602437,128.420853,-3.081666,-0.748837,-0.516384,0.195459,0.366588,-5.908301,111.959015,-14.490867,0.315416,0.211721,-0.610353,-0.695095,5.940819,139.789612,-11.883657,-0.042113,0.896814,-0.058065,0.436554,-6.545432,130.282318,18.819485,0.490888,0.834853,0.116823,0.220006,3.897291,132.424713,32.025776,-0.158804,0.610525,0.549699,-0.547605,13.270887,113.042572,37.647709,0.053944,0.308788,0.669044,-0.673884,21.855433,132.575195,25.522917,0.033992,0.930481,0.165077,0.325269,-9.867527,86.065414,8.838986,0.085133,0.972253,0.001807,0.217882,-8.269223,51.906212,-3.087689,-0.051841,0.915409,0.03488,0.397645,-16.064899,5.275145,-5.009316,-0.117996,0.877453,-0.064062,0.460487,2.85363,87.219719,22.785553,-0.040638,0.891814,-0.134464,0.430042,8.216362,52.30875,30.79286,-0.025415,0.887622,0.01402,0.459658,6.173807,6.858829,43.794945,-0.051841,0.915409,0.03488,0.397645,-5.036095,0.667289,-14.812345,-0.025415,0.887622,0.01402,0.459658,18.094501,1.407197,35.600861
799,6.658333,-0.029488,0.914259,-0.010051,0.403931,-3.383597,86.622742,16.003746,-0.11373,0.908248,0.093725,0.39162,-3.738722,94.361649,15.676519,0.020655,0.915494,-0.055901,0.397894,-9.646461,114.544502,17.389206,0.108446,0.912733,-0.058338,0.389557,-7.89765,135.641602,15.563633,0.178245,0.884338,-0.280616,0.327764,-3.008966,149.492752,13.936809,-0.100863,0.784301,0.041646,0.610708,-11.533381,130.211624,13.57478,-0.693874,0.184311,0.497887,-0.486494,-15.500124,128.389755,-2.826197,-0.748529,-0.516819,0.196657,0.365964,-5.792247,111.918686,-14.210361,0.315221,0.211405,-0.611368,-0.694387,6.001092,139.77858,-11.66384,-0.042226,0.897027,-0.05764,0.436161,-6.411418,130.261658,19.05953,0.491215,0.835114,0.115477,0.218993,4.042625,132.400726,32.257397,-0.158389,0.610749,0.54908,-0.548097,13.421697,113.019089,37.871941,0.053912,0.309642,0.6687,-0.673836,21.98691,132.539032,25.709433,0.035159,0.930015,0.165848,0.326083,-9.737488,86.036095,9.025161,0.086062,0.972357,0.002791,0.217042,-8.188729,51.901226,-2.977484,-0.051347,0.915525,0.034775,0.397451,-16.050711,5.28565,-5.001987,-0.118087,0.877467,-0.063966,0.460452,2.970294,87.209389,22.98233,-0.038757,0.892962,-0.133726,0.428059,8.342272,52.299095,30.986351,-0.025853,0.887991,0.015186,0.458882,6.200327,6.816307,43.856846,-0.051347,0.915525,0.034775,0.397451,-5.031082,0.66859,-14.810997,-0.025853,0.887991,0.015186,0.458882,18.116587,1.400027,35.632931
800,6.666667,-0.030023,0.913982,-0.010034,0.404519,-3.270406,86.6138,16.190907,-0.112516,0.908389,0.095042,0.391326,-3.633003,94.352211,15.860335,0.020478,0.915787,-0.055794,0.397243,-9.515105,114.534988,17.645395,0.108755,0.912844,-0.058908,0.389124,-7.776309,135.632904,15.819746,0.177975,0.884615,-0.279899,0.327777,-2.874882,149.477875,14.178607,-0.100944,0.78463,0.041501,0.610281,-11.413004,130.201889,13.835507,-0.693157,0.183914,0.497972,-0.487578,-15.396894,128.373108,-2.560547,-0.748297,-0.517136,0.197591,0.365486,-5.686272,111.894333,-13.931211,0.315523,0.210556,-0.612041,-0.693914,6.064766,139.776398,-11.432316,-0.042238,0.897257,-0.057205,0.435746,-6.283158,130.253082,19.312876,0.491785,0.835272,0.114612,0.217559,4.183155,132.38559,32.502079,-0.158126,0.61084,0.548983,-0.548168,13.565164,112.995041,38.080853,0.054591,0.310693,0.668084,-0.673909,22.132837,132.512161,25.902781,0.036238,0.92923,0.166227,0.328005,-9.614711,86.018074,9.204372,0.087056,0.972657,0.004127,0.215272,-8.104469,51.897907,-2.844897,-0.051132,0.915635,0.034379,0.397262,-16.033659,5.299491,-4.998284,-0.118425,0.876728,-0.063306,0.461861,3.073898,87.209526,23.177439,-0.036744,0.894266,-0.132418,0.425914,8.47658,52.298927,31.159466,-0.024344,0.888009,0.016948,0.458868,6.248938,6.768828,43.846825,-0.051132,0.915635,0.034379,0.397262,-5.021299,0.66896,-14.809114,-0.024344,0.888009,0.016948,0.458868,18.157995,1.377064,35.596401
801,6.675,-0.031062,0.913659,-0.010156,0.405166,-3.140668,86.614441,16.382185,-0.111542,0.908499,0.096556,0.39098,-3.516973,94.351837,16.043114,0.019975,0.916061,-0.055957,0.396614,-9.386274,114.532974,17.904514,0.109974,0.912771,-0.059233,0.388903,-7.665558,135.630981,16.062843,0.177465,0.885093,-0.278866,0.327642,-2.729696,149.464203,14.425821,-0.101472,0.78463,0.041681,0.610182,-11.301106,130.19603,14.087298,-0.692269,0.183911,0.497767,-0.489048,-15.28547,128.356781,-2.30747,-0.74816,-0.517388,0.19866,0.36483,-5.565705,111.857239,-13.640136,0.314836,0.209991,-0.613296,-0.693289,6.143821,139.762253,-11.203226,-0.041877,0.897482,-0.057101,0.435329,-6.163465,130.254501,19.557281,0.492487,0.835491,0.1129,0.216018,4.316202,132.374008,32.737976,-0.157837,0.611365,0.548371,-0.548279,13.69718,112.976883,38.295536,0.054883,0.312068,0.667375,-0.673953,22.263062,132.475204,26.087898,0.037502,0.92868,0.166591,0.329232,-9.473862,85.999893,9.387205,0.087793,0.97315,0.005625,0.212697,-8.023719,51.89526,-2.713304,-0.050573,0.915966,0.034296,0.396575,-15.995715,5.310428,-4.998456,-0.118486,0.876732,-0.062891,0.461895,3.192526,87.228989,23.377163,-0.034228,0.896125,-0.13172,0.42242,8.612826,52.315639,31.335199,-0.024195,0.888057,0.017635,0.458758,6.249989,6.75118,43.87389,-0.050573,0.915966,0.034296,0.396575,-5.003579,0.669993,-14.82727,-0.024195,0.888057,0.017635,0.458758,18.158731,1.374906,35.612907
802,6.683333,-0.031932,0.913238,-0.01017,0.406046,-3.013688,86.620972,16.571157,-0.11057,0.908624,0.09773,0.390672,-3.40189,94.357506,16.226055,0.019801,0.916396,-0.055755,0.395875,-9.251989,114.536026,18.150238,0.110011,0.913034,-0.059132,0.388291,-7.542919,135.6353,16.312086,0.177524,0.885486,-0.277823,0.327435,-2.609134,149.469116,14.673906,-0.1012,0.784979,0.041544,0.609787,-11.179463,130.199432,14.340851,-0.691363,0.184294,0.497496,-0.49046,-15.182084,128.362839,-2.049769,-0.748125,-0.517534,0.19976,0.364092,-5.45661,111.833572,-13.334124,0.314443,0.209042,-0.613951,-0.693175,6.217138,139.759552,-10.966675,-0.041357,0.897334,-0.057375,0.435649,-6.032921,130.258362,19.802456,0.492909,0.835725,0.112281,0.214471,4.438741,132.366486,32.991341,-0.156916,0.610939,0.548588,-0.548801,13.830892,112.96225,38.505066,0.055869,0.31302,0.667743,-0.673065,22.382187,132.447952,26.271051,0.038663,0.928176,0.166544,0.330543,-9.332344,85.991364,9.564378,0.089223,0.972859,0.006819,0.213397,-7.944262,51.891983,-2.558198,-0.050169,0.915694,0.033795,0.397298,-16.020969,5.332503,-4.987814,-0.118763,0.876803,-0.06241,0.461755,3.304967,87.250572,23.577936,-0.031526,0.897558,-0.131001,0.419803,8.760232,52.337624,31.513783,-0.024135,0.887929,0.018036,0.458993,6.23362,6.738478,43.89344,-0.050169,0.915694,0.033795,0.397298,-5.018868,0.67436,-14.797086,-0.024135,0.887929,0.018036,0.458993,18.147997,1.371786,35.634357
803,6.691667,-0.032854,0.912902,-0.010106,0.406729,-2.878516,86.638359,16.749107,-0.109952,0.908562,0.098928,0.390691,-3.279898,94.373993,16.398806,0.019704,0.916514,-0.055379,0.39566,-9.121004,114.531616,18.377115,0.110312,0.913185,-0.058974,0.387874,-7.422416,135.632813,16.551491,0.177614,0.886066,-0.276318,0.327092,-2.483824,149.465485,14.918068,-0.100943,0.785505,0.041524,0.609153,-11.057437,130.196564,14.578569,-0.690413,0.183982,0.49685,-0.492566,-15.088028,128.363708,-1.805609,-0.748174,-0.518201,0.200254,0.362771,-5.328836,111.819351,-13.03863,0.314484,0.208051,-0.614481,-0.692985,6.290949,139.772003,-10.721037,-0.041933,0.897563,-0.057577,0.435094,-5.908291,130.254379,20.037729,0.494289,0.835361,0.110854,0.213451,4.578149,132.382278,33.211678,-0.156133,0.611516,0.548258,-0.548711,13.929057,112.953354,38.708492,0.054923,0.314667,0.667642,-0.672475,22.497692,132.409744,26.437357,0.03996,0.927733,0.166217,0.331794,-9.185545,85.993401,9.73326,0.090081,0.973548,0.008805,0.209792,-7.876101,51.89352,-2.396684,-0.04965,0.915765,0.033211,0.397248,-16.000534,5.351529,-4.996285,-0.118474,0.876954,-0.062265,0.461562,3.428514,87.283325,23.764956,-0.029338,0.898624,-0.130101,0.417957,8.872429,52.364098,31.680965,-0.024388,0.88781,0.018084,0.459208,6.221459,6.730109,43.905247,-0.04965,0.915765,0.033211,0.397248,-5.006283,0.671268,-14.803821,-0.024388,0.88781,0.018084,0.459208,18.142593,1.368178,35.652821
804,6.7,-0.033002,0.912543,-0.010359,0.407517,-2.765316,86.656693,16.933104,-0.109292,0.908495,0.100053,0.390744,-3.166882,94.39209,16.577948,0.019363,0.916593,-0.055373,0.395495,-8.997959,114.535454,18.608604,0.110689,0.913292,-0.058418,0.3876,-7.313076,135.637253,16.777178,0.17782,0.886667,-0.274633,0.326768,-2.371479,149.47084,15.160818,-0.101407,0.785433,0.042269,0.609119,-10.945553,130.198273,14.807041,-0.689767,0.184111,0.496551,-0.493723,-14.97438,128.368637,-1.577933,-0.747999,-0.518494,0.200814,0.362402,-5.204072,111.80661,-12.775178,0.312977,0.208047,-0.615134,-0.693088,6.383651,139.774918,-10.486012,-0.041773,0.89764,-0.057298,0.434987,-5.79424,130.26059,20.264107,0.494789,0.835631,0.109292,0.21204,4.695818,132.37941,33.436638,-0.15554,0.611742,0.548021,-0.548865,14.05147,112.947678,38.915489,0.056278,0.315577,0.667804,-0.671775,22.620054,132.383759,26.617134,0.04105,0.927226,0.165893,0.333237,-9.060036,86.007301,9.906617,0.090842,0.974198,0.010879,0.206318,-7.812797,51.906033,-2.225953,-0.048537,0.91594,0.032711,0.397023,-15.975348,5.380929,-5.002543,-0.118378,0.877149,-0.061782,0.461281,3.529404,87.306076,23.959593,-0.02722,0.899401,-0.129249,0.41669,8.986303,52.380859,31.840151,-0.025288,0.887718,0.018271,0.45933,6.206434,6.714624,43.914448,-0.048537,0.91594,0.032711,0.397023,-4.998183,0.673222,-14.816088,-0.025288,0.887718,0.018271,0.45933,18.1397,1.369786,35.66848
805,6.708333,-0.032956,0.912215,-0.010172,0.408257,-2.642396,86.676811,17.098627,-0.109071,0.908157,0.101221,0.391291,-3.044211,94.412323,16.74608,0.019171,0.91641,-0.054925,0.395991,-8.886919,114.548073,18.82115,0.111328,0.913196,-0.058497,0.38763,-7.216058,135.652283,17.004763,0.177834,0.88741,-0.272299,0.326698,-2.256919,149.48024,15.393922,-0.101291,0.785525,0.042121,0.609029,-10.842351,130.211823,15.027388,-0.689186,0.184115,0.495868,-0.495216,-14.875685,128.38179,-1.356438,-0.747919,-0.51908,0.201091,0.361574,-5.07528,111.80645,-12.507603,0.312073,0.207816,-0.615586,-0.693165,6.468779,139.794815,-10.243252,-0.041138,0.897847,-0.057408,0.434606,-5.696825,130.274582,20.489906,0.495164,0.83578,0.108207,0.211128,4.806276,132.375214,33.654964,-0.154689,0.612032,0.547346,-0.549455,14.162562,112.940849,39.123379,0.055912,0.317755,0.667864,-0.670719,22.710028,132.346115,26.774765,0.042168,0.92681,0.165207,0.334591,-8.92575,86.029724,10.061756,0.091603,0.974869,0.012985,0.202661,-7.752702,51.918747,-2.050915,-0.047914,0.916001,0.031878,0.397027,-15.954611,5.411539,-5.00566,-0.118071,0.877791,-0.061757,0.460139,3.640956,87.323906,24.135498,-0.025475,0.899647,-0.128274,0.416572,9.089727,52.393204,31.997353,-0.025526,0.887678,0.018842,0.459371,6.201756,6.69451,43.922562,-0.047914,0.916001,0.031878,0.397027,-4.985996,0.673837,-14.814331,-0.025526,0.887678,0.018842,0.459371,18.140816,1.367578,35.673382
806,6.716667,-0.032693,0.912014,-0.009811,0.408737,-2.519156,86.696381,17.253887,-0.108911,0.907909,0.101959,0.391719,-2.919357,94.432266,16.907904,0.019043,0.916278,-0.054393,0.396376,-8.768076,114.560577,19.010588,0.111227,0.913412,-0.057582,0.387287,-7.110352,135.667465,17.213375,0.178512,0.888212,-0.269931,0.326115,-2.164657,149.502609,15.623005,-0.101831,0.785336,0.042586,0.60915,-10.731261,130.226166,15.228454,-0.688709,0.184206,0.495648,-0.496065,-14.755877,128.392151,-1.157066,-0.747611,-0.519755,0.201091,0.36124,-4.947262,111.804054,-12.282001,0.311026,0.208138,-0.615923,-0.693239,6.554186,139.80928,-10.009624,-0.041441,0.89805,-0.056849,0.434231,-5.590236,130.287872,20.695219,0.496572,0.835626,0.10629,0.2094,4.923075,132.389053,33.852036,-0.154873,0.612722,0.546885,-0.549093,14.249581,112.931946,39.290314,0.055905,0.319622,0.66789,-0.669805,22.816853,132.332901,26.930935,0.043399,0.926287,0.164355,0.336298,-8.795428,86.056656,10.210031,0.092536,0.975095,0.014727,0.201022,-7.703683,51.932953,-1.874368,-0.04716,0.915931,0.031213,0.397333,-15.962556,5.446586,-4.993687,-0.117508,0.878606,-0.06198,0.458695,3.757116,87.336105,24.297745,-0.023812,0.90033,-0.127389,0.415466,9.176142,52.3978,32.146358,-0.025845,0.887704,0.019545,0.459272,6.196392,6.66995,43.936447,-0.04716,0.915931,0.031213,0.397333,-4.996884,0.682051,-14.792642,-0.025845,0.887704,0.019545,0.459272,18.140064,1.365355,35.679558
807,6.725,-0.031903,0.911815,-0.009838,0.409242,-2.413222,86.71833,17.405989,-0.108956,0.907549,0.102471,0.392406,-2.8019,94.455002,17.064407,0.019191,0.916021,-0.05364,0.397064,-8.660724,114.573738,19.180695,0.111728,0.91339,-0.057156,0.387258,-7.008554,135.683853,17.416464,0.17839,0.88926,-0.266752,0.325941,-2.054467,149.517899,15.842833,-0.102332,0.785097,0.042995,0.609346,-10.624334,130.244003,15.418224,-0.688672,0.184131,0.495458,-0.496335,-14.637375,128.406235,-0.969714,-0.747162,-0.520539,0.200642,0.36129,-4.819181,111.818985,-12.087446,0.310004,0.208728,-0.61594,-0.693504,6.643678,139.83638,-9.770411,-0.041379,0.897953,-0.057053,0.434412,-5.491588,130.299835,20.892828,0.496674,0.835823,0.10595,0.208541,5.01656,132.402344,34.053551,-0.154129,0.612635,0.54654,-0.549743,14.354507,112.94429,39.468777,0.055422,0.321738,0.668687,-0.668034,22.895998,132.325836,27.07246,0.044182,0.92593,0.163162,0.337758,-8.682632,86.092049,10.354819,0.093187,0.975891,0.016661,0.196658,-7.6541,51.94503,-1.669116,-0.046102,0.916329,0.0309,0.396562,-15.950164,5.475849,-4.942068,-0.116865,0.879372,-0.062037,0.457382,3.856188,87.34462,24.457157,-0.022375,0.901105,-0.126452,0.414149,9.244736,52.395905,32.280354,-0.025463,0.887669,0.020573,0.459317,6.196789,6.63926,43.940586,-0.046102,0.916329,0.0309,0.396562,-5.012183,0.689155,-14.761147,-0.025463,0.887669,0.020573,0.459317,18.142229,1.355835,35.672691
808,6.733333,-0.031075,0.911704,-0.009631,0.409558,-2.309163,86.736038,17.539423,-0.108685,0.907144,0.103312,0.393197,-2.687343,94.473579,17.205883,0.018657,0.91564,-0.053216,0.398024,-8.550374,114.584419,19.353083,0.112164,0.9134,-0.056466,0.387209,-6.924276,135.697311,17.597952,0.178852,0.890462,-0.263077,0.325393,-1.966358,149.532562,16.047134,-0.102426,0.784896,0.042943,0.609592,-10.528372,130.25296,15.590927,-0.688732,0.183798,0.494908,-0.496924,-14.530575,128.412659,-0.799373,-0.746775,-0.521538,0.199996,0.361009,-4.682651,111.83429,-11.904071,0.308945,0.209687,-0.61558,-0.694007,6.732736,139.867142,-9.540071,-0.041461,0.898032,-0.056861,0.434264,-5.406781,130.314468,21.075905,0.497149,0.835976,0.104693,0.20743,5.105476,132.416489,34.233421,-0.154101,0.613277,0.545764,-0.549806,14.44299,112.954224,39.634274,0.054752,0.324015,0.669061,-0.666613,22.983677,132.3255,27.208933,0.04536,0.925591,0.161832,0.339166,-8.574676,86.125633,10.483399,0.093402,0.97697,0.019267,0.190877,-7.640089,51.954937,-1.480765,-0.044881,0.916395,0.030821,0.396555,-15.927511,5.4984,-4.949222,-0.115882,0.879966,-0.06143,0.456571,3.95635,87.346436,24.595448,-0.021193,0.902295,-0.125717,0.411837,9.311025,52.375732,32.343273,-0.026808,0.88761,0.021387,0.459318,6.220978,6.596679,43.904041,-0.044881,0.916395,0.030821,0.396555,-5.001913,0.694534,-14.773698,-0.026808,0.88761,0.021387,0.459318,18.183517,1.352543,35.63586
809,6.741667,-0.030268,0.911611,-0.009665,0.409823,-2.214015,86.753204,17.665886,-0.108602,0.906804,0.103839,0.393864,-2.58049,94.491501,17.336884,0.018434,0.915339,-0.052637,0.398804,-8.449386,114.594719,19.500648,0.112174,0.91359,-0.055329,0.386921,-6.840251,135.710571,17.765566,0.179443,0.891716,-0.259206,0.324739,-1.895038,149.553482,16.242725,-0.102871,0.784452,0.043281,0.610065,-10.435871,130.264465,15.74807,-0.68893,0.183444,0.494494,-0.497192,-14.415378,128.421555,-0.647463,-0.746287,-0.522604,0.199151,0.360942,-4.543437,111.855698,-11.749492,0.307673,0.211227,-0.615028,-0.694594,6.824821,139.902115,-9.320018,-0.042171,0.898116,-0.056125,0.434119,-5.32348,130.326294,21.241621,0.49763,0.836131,0.103536,0.206229,5.191043,132.43895,34.395622,-0.154467,0.614122,0.544701,-0.549814,14.529377,112.971565,39.776619,0.053683,0.327052,0.668666,-0.665613,23.064619,132.333008,27.329159,0.046856,0.925047,0.160679,0.340992,-8.476347,86.156456,10.605872,0.093382,0.977693,0.021427,0.186916,-7.647255,51.96883,-1.317644,-0.043969,0.916491,0.030383,0.396469,-15.908295,5.520272,-4.951985,-0.114985,0.880945,-0.06115,0.454945,4.048316,87.349945,24.725903,-0.02001,0.903248,-0.125465,0.409878,9.370438,52.361752,32.416996,-0.027098,0.887629,0.021881,0.45924,6.214215,6.572098,43.917747,-0.043969,0.916491,0.030383,0.396469,-4.994897,0.693425,-14.778755,-0.027098,0.887629,0.021881,0.45924,18.180439,1.344572,35.644382
810,6.75,-0.029515,0.911587,-0.009591,0.409934,-2.116912,86.773476,17.779325,-0.108564,0.906434,0.104496,0.394554,-2.473189,94.512497,17.456112,0.018155,0.914998,-0.052031,0.399678,-8.351135,114.604507,19.640177,0.112415,0.913744,-0.054569,0.386598,-6.761451,135.72348,17.925386,0.17964,0.89323,-0.254681,0.324049,-1.819043,149.569641,16.423075,-0.10309,0.783808,0.043751,0.610821,-10.347451,130.275208,15.896728,-0.689758,0.183495,0.494156,-0.49636,-14.294094,128.439575,-0.507565,-0.74548,-0.523422,0.198506,0.361779,-4.408151,111.891129,-11.623109,0.306018,0.212566,-0.614619,-0.695278,6.923726,139.944901,-9.11016,-0.04256,0.897752,-0.056735,0.434754,-5.245382,130.337982,21.399857,0.498194,0.836276,0.10277,0.204655,5.249303,132.472183,34.566219,-0.154347,0.614545,0.544098,-0.549972,14.591403,112.994812,39.904327,0.051768,0.329753,0.669584,-0.663506,23.118322,132.340103,27.435293,0.048546,0.924374,0.159494,0.343128,-8.378383,86.190292,10.717414,0.093141,0.97825,0.023345,0.183869,-7.664744,51.986862,-1.1682,-0.043538,0.916707,0.029954,0.39605,-15.881133,5.542159,-4.950038,-0.114024,0.882255,-0.060807,0.452688,4.144557,87.356667,24.841236,-0.018918,0.90407,-0.125446,0.408121,9.437425,52.349506,32.4659,-0.027447,0.887726,0.022179,0.459017,6.210936,6.555364,43.92923,-0.043538,0.916707,0.029954,0.39605,-4.982286,0.698179,-14.784525,-0.027447,0.887726,0.022179,0.459017,18.177826,1.340175,35.64904
811,6.758333,-0.028968,0.911433,-0.00947,0.410317,-2.026,86.793823,17.880463,-0.108256,0.906078,0.105186,0.395271,-2.375182,94.533371,17.562279,0.017705,0.914698,-0.051267,0.400482,-8.251314,114.611557,19.771767,0.112676,0.91403,-0.053914,0.385935,-6.690593,135.734573,18.080273,0.179846,0.895045,-0.249542,0.322922,-1.750366,149.583191,16.593596,-0.103469,0.782967,0.04419,0.611804,-10.264933,130.282867,16.04023,-0.69071,0.183105,0.494119,-0.495215,-14.168151,128.450684,-0.374833,-0.744536,-0.524341,0.197636,0.362869,-4.274219,111.932442,-11.52813,0.304478,0.214389,-0.614411,-0.695579,7.02019,139.991684,-8.909552,-0.042958,0.897618,-0.056612,0.435007,-5.172282,130.347961,21.552048,0.498204,0.836644,0.102449,0.203282,5.313779,132.492752,34.72356,-0.155008,0.615267,0.542924,-0.550139,14.680381,113.016045,40.020985,0.050108,0.333412,0.668283,-0.663117,23.188669,132.360474,27.535522,0.050032,0.923743,0.158283,0.34517,-8.282126,86.221016,10.812966,0.092985,0.978709,0.025132,0.181249,-7.672412,52.000309,-1.028602,-0.042911,0.916849,0.029627,0.395813,-15.853596,5.561069,-4.951209,-0.112978,0.883285,-0.06006,0.451039,4.230127,87.366631,24.947958,-0.018307,0.904186,-0.125586,0.407848,9.496238,52.335728,32.48159,-0.027564,0.887801,0.022408,0.458854,6.215526,6.542769,43.934261,-0.042911,0.916849,0.029627,0.395813,-4.967037,0.700481,-14.791115,-0.027564,0.887801,0.022408,0.458854,18.181583,1.335012,35.648193
812,6.766667,-0.028351,0.911339,-0.009401,0.410571,-1.948925,86.812912,17.972504,-0.107861,0.905727,0.105757,0.396031,-2.289755,94.553032,17.659119,0.017359,0.914342,-0.050721,0.401378,-8.159523,114.62085,19.890942,0.112786,0.914235,-0.052859,0.385564,-6.619862,135.74675,18.216217,0.179739,0.896809,-0.244125,0.322228,-1.689077,149.601563,16.75602,-0.103626,0.782366,0.044538,0.612521,-10.184033,130.292282,16.165798,-0.691733,0.182239,0.493636,-0.494589,-14.056352,128.466354,-0.257277,-0.743673,-0.525406,0.196629,0.363642,-4.127089,111.990868,-11.442371,0.302833,0.216024,-0.614045,-0.696114,7.123502,140.057831,-8.719845,-0.044115,0.897474,-0.056584,0.435192,-5.101985,130.359619,21.687366,0.498679,0.836662,0.102395,0.202066,5.375183,132.539398,34.86021,-0.15536,0.6156,0.542314,-0.550268,14.742641,113.050629,40.111561,0.047819,0.336558,0.66865,-0.661323,23.237988,132.39386,27.618795,0.051326,0.922921,0.157156,0.347685,-8.20179,86.251274,10.901228,0.093006,0.979175,0.026198,0.17855,-7.675112,52.014317,-0.897279,-0.042083,0.917124,0.029596,0.395268,-15.850703,5.580619,-4.89643,-0.112127,0.884201,-0.059013,0.449593,4.30394,87.374557,25.043779,-0.017726,0.904136,-0.12596,0.407869,9.563383,52.320736,32.47477,-0.027719,0.887834,0.022606,0.458772,6.218175,6.534687,43.936371,-0.042083,0.917124,0.029596,0.395268,-4.984051,0.708599,-14.752668,-0.027719,0.887834,0.022606,0.458772,18.185125,1.334107,35.647087
813,6.775,-0.027731,0.911294,-0.009307,0.410716,-1.88051,86.835327,18.051092,-0.107249,0.905426,0.106607,0.396657,-2.213135,94.576012,17.742943,0.016806,0.91403,-0.050375,0.402156,-8.072785,114.633545,20.012245,0.112599,0.914629,-0.05184,0.384823,-6.559093,135.761734,18.34276,0.179772,0.898743,-0.238502,0.321029,-1.646173,149.624939,16.902157,-0.103463,0.781394,0.044882,0.613763,-10.112507,130.302719,16.285833,-0.692932,0.181556,0.493628,-0.493168,-13.934278,128.493546,-0.150932,-0.742715,-0.526278,0.195479,0.364956,-3.993596,112.060776,-11.388595,0.30144,0.217678,-0.614115,-0.696142,7.228675,140.126709,-8.541548,-0.04431,0.897377,-0.056175,0.435426,-5.039558,130.376221,21.815683,0.498504,0.837092,0.102321,0.20075,5.430101,132.556198,34.994461,-0.156078,0.615716,0.541336,-0.550898,14.828884,113.071045,40.203091,0.045795,0.339495,0.668596,-0.660019,23.281187,132.431717,27.696884,0.052485,0.922166,0.15612,0.349974,-8.131779,86.28511,10.977507,0.092965,0.979381,0.027533,0.177235,-7.679934,52.033371,-0.78114,-0.04131,0.917242,0.029206,0.395105,-15.834464,5.605751,-4.89226,-0.111262,0.88498,-0.057989,0.448406,4.370759,87.385544,25.124678,-0.017376,0.903884,-0.126369,0.408318,9.619467,52.309059,32.455635,-0.027872,0.887897,0.022726,0.458634,6.222741,6.531629,43.93652,-0.04131,0.917242,0.029206,0.395105,-4.980245,0.713748,-14.752301,-0.027872,0.887897,0.022726,0.458634,18.18918,1.336167,35.643291
814,6.783333,-0.027352,0.911247,-0.008909,0.410854,-1.806985,86.854897,18.1166,-0.106882,0.905072,0.107553,0.397308,-2.136755,94.596016,17.816425,0.016219,0.913662,-0.050286,0.403027,-7.999724,114.648903,20.123379,0.113733,0.914766,-0.050196,0.384381,-6.508737,135.77829,18.448713,0.178994,0.900954,-0.232784,0.319461,-1.584997,149.643082,17.061356,-0.103676,0.780195,0.045671,0.615192,-10.051717,130.314178,16.387335,-0.694675,0.181383,0.493352,-0.491051,-13.812378,128.522247,-0.065406,-0.741623,-0.527034,0.194493,0.36661,-3.856815,112.133286,-11.353733,0.299949,0.219438,-0.614121,-0.696228,7.340483,140.196014,-8.379644,-0.044874,0.897426,-0.055473,0.435356,-4.989003,130.395935,21.926443,0.49854,0.837406,0.102069,0.199475,5.481026,132.582657,35.103809,-0.157041,0.61592,0.540192,-0.55152,14.900941,113.097237,40.273144,0.043707,0.343004,0.668605,-0.658335,23.304417,132.473282,27.759981,0.053836,0.921512,0.15522,0.351887,-8.05649,86.314293,11.040715,0.092401,0.979498,0.028415,0.176743,-7.693675,52.052658,-0.692167,-0.040747,0.917857,0.029063,0.393744,-15.783447,5.6198,-4.871527,-0.110252,0.885594,-0.057036,0.447566,4.44252,87.395493,25.192484,-0.017201,0.903482,-0.126803,0.409078,9.665792,52.294876,32.4254,-0.027955,0.887933,0.022738,0.458559,6.227537,6.527263,43.933022,-0.040747,0.917857,0.029063,0.393744,-4.964361,0.716029,-14.764279,-0.027955,0.887933,0.022738,0.458559,18.193453,1.33321,35.638149
815,6.791667,-0.026753,0.911183,-0.008742,0.411039,-1.754697,86.871704,18.173805,-0.106393,0.904901,0.108245,0.397641,-2.077001,94.61338,17.879742,0.015566,0.913526,-0.049872,0.403412,-7.934183,114.666214,20.219154,0.1135,0.915408,-0.049705,0.382983,-6.474916,135.798233,18.5499,0.179544,0.903131,-0.226087,0.317809,-1.566513,149.668533,17.163277,-0.103695,0.778743,0.045873,0.617011,-10.007792,130.32901,16.48472,-0.696046,0.180874,0.492994,-0.489654,-13.692217,128.548737,0.013474,-0.740667,-0.527914,0.19347,0.367817,-3.71272,112.202927,-11.316259,0.298626,0.220822,-0.614348,-0.696158,7.45231,140.266022,-8.226561,-0.045033,0.897521,-0.055164,0.435184,-4.949425,130.417557,22.027695,0.498308,0.837803,0.102109,0.198367,5.525207,132.60437,35.201393,-0.157766,0.615714,0.539087,-0.552623,14.975053,113.123512,40.333099,0.041418,0.346365,0.669093,-0.656224,23.307428,132.518921,27.80294,0.054975,0.920687,0.154542,0.354162,-8.001954,86.342735,11.095056,0.09223,0.979528,0.029111,0.176554,-7.703644,52.07486,-0.621416,-0.040213,0.918125,0.028529,0.393212,-15.766743,5.642822,-4.860952,-0.109475,0.886098,-0.055973,0.446892,4.492559,87.400681,25.252554,-0.017023,0.903245,-0.12727,0.409465,9.707193,52.278984,32.388756,-0.028078,0.887934,0.022719,0.458551,6.230621,6.52203,43.927208,-0.040213,0.918125,0.028529,0.393212,-4.966136,0.71789,-14.763381,-0.028078,0.887934,0.022719,0.458551,18.197512,1.329163,35.632999
816,6.8,-0.025967,0.911131,-0.008583,0.411209,-1.712532,86.887596,18.21855,-0.106219,0.904652,0.108995,0.398048,-2.024697,94.629959,17.931681,0.015323,0.913323,-0.049663,0.403905,-7.890353,114.683571,20.30027,0.113764,0.915868,-0.048346,0.381977,-6.443197,135.816818,18.635725,0.179105,0.905328,-0.219891,0.316151,-1.545155,149.693924,17.281099,-0.104054,0.777071,0.046504,0.619008,-9.970324,130.345566,16.566029,-0.697497,0.180467,0.492485,-0.48825,-13.568447,128.578094,0.074342,-0.739778,-0.528898,0.192469,0.368716,-3.560086,112.275108,-11.291547,0.297881,0.222553,-0.614277,-0.695989,7.565244,140.342072,-8.09558,-0.045409,0.897671,-0.054646,0.434901,-4.917818,130.4366,22.114304,0.498262,0.838199,0.101752,0.196985,5.56401,132.626938,35.281685,-0.158932,0.616043,0.537598,-0.553371,15.040192,113.148407,40.373482,0.03913,0.349924,0.667546,-0.656052,23.312553,132.557983,27.832952,0.05563,0.920518,0.154147,0.35467,-7.957917,86.373405,11.137063,0.092071,0.979552,0.029563,0.17643,-7.707061,52.101944,-0.570014,-0.039831,0.91851,0.027824,0.392402,-15.748379,5.669632,-4.847708,-0.108991,0.88623,-0.055054,0.446863,4.532854,87.401787,25.300037,-0.01673,0.903208,-0.127669,0.409433,9.747258,52.265038,32.361916,-0.028168,0.887915,0.022657,0.458586,6.230546,6.516761,43.922604,-0.039831,0.91851,0.027824,0.392402,-4.971291,0.720613,-14.763741,-0.028168,0.887915,0.022657,0.458586,18.198689,1.323533,35.630432
817,6.808333,-0.025321,0.911061,-0.008115,0.411414,-1.673698,86.900146,18.245026,-0.105301,0.904487,0.109471,0.398537,-1.979678,94.643135,17.968815,0.014508,0.913117,-0.049285,0.404447,-7.814853,114.683243,20.365894,0.114512,0.916344,-0.046507,0.380838,-6.404787,135.819107,18.702791,0.17833,0.907851,-0.213408,0.313786,-1.509794,149.702026,17.397507,-0.103664,0.775943,0.047408,0.620418,-9.919587,130.34137,16.629299,-0.698996,0.179846,0.491759,-0.487066,-13.461121,128.609421,0.121598,-0.739118,-0.529871,0.191135,0.369336,-3.41098,112.355423,-11.277534,0.297593,0.223941,-0.614805,-0.695201,7.682842,140.422195,-7.972261,-0.04613,0.897668,-0.054037,0.434907,-4.873288,130.441727,22.18306,0.498115,0.838581,0.101654,0.195781,5.606116,132.64502,35.350208,-0.159792,0.615942,0.536362,-0.554435,15.109873,113.169823,40.403263,0.0371,0.353019,0.666423,-0.655653,23.310843,132.598969,27.846378,0.056147,0.920667,0.153779,0.35436,-7.916522,86.400711,11.160224,0.091928,0.979402,0.029693,0.177309,-7.713657,52.125229,-0.535995,-0.039703,0.918928,0.027259,0.391474,-15.735806,5.691153,-4.830586,-0.108661,0.885876,-0.054371,0.447727,4.569126,87.399582,25.329828,-0.016549,0.903201,-0.127979,0.409359,9.778289,52.252209,32.342598,-0.028256,0.887983,0.022669,0.458448,6.234977,6.510869,43.922581,-0.039703,0.918928,0.027259,0.391474,-4.981781,0.724749,-14.762956,-0.028256,0.887983,0.022669,0.458448,18.201479,1.319093,35.62714
818,6.816667,-0.024794,0.911015,-0.007555,0.411557,-1.637192,86.912415,18.258804,-0.104586,0.904364,0.110005,0.398857,-1.93926,94.655952,17.993818,0.013743,0.912971,-0.049142,0.404821,-7.75715,114.697441,20.421183,0.114806,0.916892,-0.044546,0.379664,-6.378575,135.834824,18.751022,0.177743,0.910207,-0.206896,0.311648,-1.49974,149.727798,17.492962,-0.103878,0.774528,0.048331,0.622077,-9.883377,130.350876,16.677055,-0.700514,0.179521,0.490909,-0.485861,-13.35343,128.640411,0.151941,-0.738482,-0.530878,0.189869,0.369815,-3.260934,112.429115,-11.270569,0.297452,0.225407,-0.615004,-0.694611,7.797286,140.497726,-7.863161,-0.046293,0.897552,-0.054239,0.435104,-4.841304,130.461151,22.234467,0.497465,0.839349,0.101568,0.194181,5.631795,132.672592,35.40527,-0.160239,0.615555,0.53484,-0.556203,15.192122,113.212646,40.410088,0.03207,0.35592,0.667957,-0.652783,23.289709,132.657333,27.81012,0.056429,0.921233,0.153421,0.352998,-7.878294,86.426422,11.171549,0.091715,0.979369,0.029798,0.177587,-7.720876,52.145271,-0.508752,-0.039696,0.919406,0.026829,0.390381,-15.720441,5.708089,-4.811822,-0.108509,0.885195,-0.053949,0.44916,4.60391,87.398399,25.346058,-0.016261,0.9033,-0.128178,0.40909,9.806106,52.245331,32.335384,-0.028476,0.887975,0.022664,0.458449,6.233856,6.507909,43.921978,-0.039696,0.919406,0.026829,0.390381,-4.991405,0.729244,-14.764966,-0.028476,0.887975,0.022664,0.458449,18.202543,1.319032,35.627861
819,6.825,-0.024274,0.910951,-0.007094,0.411738,-1.606133,86.922745,18.260868,-0.104191,0.904127,0.11054,0.399349,-1.903747,94.666779,18.005653,0.013364,0.912739,-0.048817,0.405395,-7.715931,114.703583,20.456337,0.114827,0.917579,-0.042853,0.378189,-6.356552,135.842758,18.793079,0.177341,0.912729,-0.199841,0.309096,-1.498938,149.746292,17.570158,-0.104223,0.773048,0.049157,0.623794,-9.853344,130.355804,16.713524,-0.702115,0.179004,0.48989,-0.484768,-13.248374,128.661819,0.171138,-0.737808,-0.531952,0.188727,0.3702,-3.103138,112.499771,-11.274398,0.297204,0.22716,-0.614974,-0.694172,7.912073,140.573532,-7.771505,-0.046856,0.897848,-0.053578,0.434515,-4.818095,130.469757,22.277046,0.497137,0.839955,0.100885,0.19275,5.670607,132.687988,35.43428,-0.161199,0.614961,0.533458,-0.557908,15.270111,113.239197,40.407433,0.029794,0.358166,0.668365,-0.651243,23.260515,132.717926,27.784664,0.056566,0.921968,0.153139,0.351175,-7.844905,86.44931,11.170712,0.091544,0.979239,0.029661,0.178411,-7.727076,52.163029,-0.494985,-0.039725,0.919888,0.026569,0.389259,-15.70967,5.722112,-4.78925,-0.108476,0.884353,-0.053753,0.450848,4.632638,87.396172,25.351025,-0.016079,0.903302,-0.128277,0.409063,9.825866,52.241062,32.336731,-0.028399,0.887961,0.02287,0.458471,6.234542,6.505495,43.924721,-0.039725,0.919888,0.026569,0.389259,-5.005361,0.735753,-14.765233,-0.028399,0.887961,0.02287,0.458471,18.203793,1.320846,35.628777
820,6.833333,-0.023873,0.910873,-0.006742,0.411941,-1.58527,86.92923,18.251905,-0.10367,0.903947,0.110807,0.399817,-1.879427,94.673645,18.004164,0.012964,0.912555,-0.048221,0.405895,-7.675416,114.704643,20.469894,0.115232,0.918201,-0.040856,0.376775,-6.340893,135.84671,18.823486,0.176359,0.915286,-0.193,0.306432,-1.497334,149.759293,17.648581,-0.104102,0.771841,0.050039,0.625237,-9.828622,130.356903,16.736296,-0.703402,0.178542,0.488726,-0.484247,-13.163331,128.691483,0.17875,-0.737571,-0.532989,0.187344,0.369884,-2.960053,112.570084,-11.272527,0.297684,0.228773,-0.615149,-0.693281,8.019629,140.647934,-7.691871,-0.047325,0.898039,-0.052817,0.434162,-4.799297,130.473099,22.305122,0.496697,0.840748,0.100009,0.190875,5.698303,132.694092,35.454792,-0.162087,0.614405,0.531841,-0.559803,15.349227,113.260063,40.385933,0.027152,0.360583,0.668233,-0.650159,23.220488,132.763794,27.733267,0.056294,0.92307,0.153087,0.348335,-7.821232,86.465462,11.158642,0.091452,0.979035,0.02924,0.179643,-7.72254,52.175808,-0.497308,-0.039503,0.920452,0.026599,0.387944,-15.698483,5.730939,-4.761098,-0.108575,0.883385,-0.054105,0.452675,4.650692,87.393005,25.345167,-0.015985,0.902959,-0.128627,0.409713,9.823972,52.242195,32.36721,-0.028373,0.888116,0.022904,0.45817,6.202703,6.514841,43.978283,-0.039503,0.920452,0.026599,0.387944,-5.024683,0.741679,-14.768267,-0.028373,0.888116,0.022904,0.45817,18.16626,1.330591,35.673885
821,6.841667,-0.023536,0.910791,-0.006467,0.412145,-1.568691,86.932243,18.228998,-0.103216,0.903752,0.111109,0.400291,-1.859795,94.676956,17.987221,0.012654,0.912363,-0.047641,0.406403,-7.642913,114.701828,20.468189,0.115251,0.918915,-0.038814,0.375241,-6.329518,135.846603,18.839607,0.175491,0.917796,-0.186137,0.303655,-1.510763,149.771454,17.708895,-0.103999,0.770643,0.05093,0.626657,-9.80907,130.354645,16.744431,-0.704523,0.1779,0.487349,-0.484241,-13.084131,128.717529,0.172159,-0.73754,-0.534088,0.18589,0.369093,-2.810866,112.637161,-11.274234,0.298479,0.230304,-0.61509,-0.692485,8.130602,140.721649,-7.629062,-0.047745,0.898181,-0.052141,0.433905,-4.785828,130.47197,22.318724,0.496172,0.841614,0.099107,0.188884,5.717994,132.695541,35.46299,-0.162544,0.613506,0.530527,-0.5619,15.42582,113.278496,40.349144,0.02484,0.362127,0.668674,-0.648939,23.175224,132.809616,27.658003,0.056021,0.923867,0.152856,0.346362,-7.801791,86.476425,11.132703,0.091342,0.978844,0.028802,0.180811,-7.715776,52.179409,-0.501704,-0.039368,0.920958,0.026695,0.386748,-15.684187,5.730245,-4.732695,-0.108739,0.882199,-0.054118,0.454943,4.664408,87.388062,25.325294,-0.016029,0.902674,-0.12864,0.410334,9.829548,52.239929,32.366726,-0.028405,0.888118,0.022962,0.458162,6.203506,6.513038,43.978138,-0.039368,0.920958,0.026695,0.386748,-5.037277,0.740977,-14.768466,-0.028405,0.888118,0.022962,0.458162,18.16749,1.330703,35.673164
822,6.85,-0.023258,0.910689,-0.006418,0.412388,-1.561818,86.929764,18.198776,-0.102872,0.903594,0.111269,0.400693,-1.849234,94.67469,17.959393,0.012491,0.912224,-0.047006,0.406795,-7.622606,114.699127,20.449495,0.115748,0.919669,-0.036687,0.373451,-6.325778,135.846634,18.843197,0.174537,0.920477,-0.179054,0.300329,-1.520693,149.780182,17.762688,-0.104421,0.769282,0.052083,0.628164,-9.798937,130.353836,16.739632,-0.705969,0.177449,0.485905,-0.483752,-13.00686,128.737686,0.152175,-0.737343,-0.535217,0.184485,0.368556,-2.663901,112.701729,-11.293746,0.299401,0.23186,-0.615265,-0.691412,8.235856,140.792877,-7.575651,-0.04787,0.898234,-0.051399,0.433869,-4.78042,130.469818,22.318205,0.495255,0.842671,0.098616,0.186822,5.724047,132.68631,35.463154,-0.163397,0.612734,0.528949,-0.563978,15.506801,113.293472,40.295734,0.023702,0.364489,0.6666,-0.649792,23.124325,132.845871,27.578514,0.055493,0.924557,0.152755,0.344645,-7.791366,86.479141,11.099032,0.091251,0.978614,0.028824,0.182091,-7.694337,52.17564,-0.51613,-0.038806,0.921291,0.026886,0.385998,-15.648468,5.725017,-4.757972,-0.109068,0.881259,-0.054335,0.456656,4.667729,87.380386,25.298521,-0.015968,0.902598,-0.128553,0.410531,9.832565,52.239155,32.374542,-0.028287,0.888079,0.022982,0.458244,6.202165,6.509948,43.975464,-0.038806,0.921291,0.026886,0.385998,-5.022841,0.733594,-14.815204,-0.028287,0.888079,0.022982,0.458244,18.166607,1.326554,35.671806
823,6.858333,-0.023051,0.910578,-0.006434,0.412645,-1.56113,86.924301,18.156279,-0.102778,0.903432,0.111512,0.401015,-1.845458,94.66938,17.917912,0.012564,0.912123,-0.046407,0.407086,-7.62134,114.696442,20.417192,0.116282,0.920433,-0.034777,0.371582,-6.331501,135.846252,18.835724,0.173384,0.92314,-0.171826,0.297029,-1.536898,149.786789,17.799618,-0.104556,0.767909,0.052805,0.629758,-9.801245,130.354523,16.723719,-0.707747,0.177178,0.484438,-0.482724,-12.940143,128.757965,0.121172,-0.737098,-0.536041,0.183251,0.368463,-2.529547,112.770287,-11.330966,0.299957,0.233395,-0.615208,-0.690704,8.344121,140.861725,-7.539466,-0.048069,0.898533,-0.050119,0.433377,-4.786311,130.466064,22.305605,0.494536,0.843893,0.097179,0.183944,5.73201,132.669449,35.441677,-0.164501,0.611617,0.527324,-0.566386,15.593904,113.301086,40.211124,0.020977,0.365797,0.667524,-0.648201,23.06144,132.89859,27.465809,0.054807,0.925075,0.152635,0.343418,-7.78685,86.477135,11.052959,0.091287,0.978293,0.027975,0.183923,-7.662443,52.165508,-0.537898,-0.038236,0.921892,0.027549,0.38457,-15.62691,5.710959,-4.716743,-0.109153,0.88028,-0.054504,0.4585,4.66459,87.371468,25.259596,-0.016373,0.902072,-0.128509,0.411683,9.814257,52.23291,32.359905,-0.028281,0.888052,0.023009,0.458295,6.205293,6.503889,43.968235,-0.038236,0.921892,0.027549,0.38457,-5.035834,0.729441,-14.815243,-0.028281,0.888052,0.023009,0.458295,18.170738,1.321119,35.665634
824,6.866667,-0.023114,0.91046,-0.0064,0.412902,-1.555024,86.91655,18.100763,-0.10254,0.90326,0.111773,0.40139,-1.840392,94.661583,17.862402,0.012441,0.911996,-0.045678,0.407457,-7.611913,114.685677,20.372847,0.116825,0.921129,-0.032591,0.36988,-6.338818,135.838455,18.817955,0.171971,0.925704,-0.164847,0.293807,-1.556676,149.787109,17.834898,-0.104342,0.766624,0.053912,0.631263,-9.802228,130.346359,16.696585,-0.709284,0.176765,0.4832,-0.481858,-12.878195,128.786346,0.07879,-0.736853,-0.536876,0.181899,0.368408,-2.407816,112.844757,-11.383096,0.300345,0.234823,-0.614788,-0.690425,8.44144,140.934692,-7.511453,-0.048527,0.898847,-0.048827,0.432822,-4.791782,130.455414,22.282549,0.493671,0.844985,0.096536,0.181577,5.741329,132.653351,35.407673,-0.165674,0.610893,0.525567,-0.568455,15.67977,113.308907,40.114941,0.018201,0.367791,0.665946,-0.648779,23.0124,132.938416,27.344933,0.05402,0.925435,0.152502,0.342629,-7.77667,86.46859,10.993925,0.091432,0.977963,0.026946,0.185748,-7.613002,52.147812,-0.569332,-0.037537,0.922466,0.028612,0.383182,-15.601272,5.690408,-4.670409,-0.109171,0.879663,-0.054927,0.459628,4.666622,87.36451,25.207603,-0.016735,0.901787,-0.128554,0.412279,9.793976,52.229584,32.341969,-0.028413,0.888035,0.022957,0.458323,6.206515,6.502792,43.965755,-0.037537,0.922466,0.028612,0.383182,-5.043961,0.72815,-14.813646,-0.028413,0.888035,0.022957,0.458323,18.173531,1.320507,35.665119
825,6.875,-0.023346,0.910353,-0.006244,0.413126,-1.552487,86.903343,18.035507,-0.102488,0.903096,0.111575,0.401827,-1.842073,94.648239,17.797779,0.012356,0.91187,-0.04448,0.407875,-7.606418,114.663437,20.297518,0.116703,0.921985,-0.030431,0.367964,-6.35663,135.820908,18.78804,0.171,0.928171,-0.15773,0.290482,-1.604498,149.782822,17.84882,-0.104083,0.765388,0.055058,0.632706,-9.811754,130.329208,16.652103,-0.710688,0.176162,0.481658,-0.481555,-12.827675,128.807571,0.019749,-0.736663,-0.537824,0.180546,0.368071,-2.281594,112.913582,-11.438855,0.300425,0.236019,-0.614435,-0.690297,8.535619,141.005753,-7.494355,-0.049122,0.899015,-0.048057,0.432493,-4.806379,130.432404,22.242727,0.491993,0.846435,0.0967,0.179273,5.734454,132.636902,35.360558,-0.166401,0.609283,0.524156,-0.571266,15.783483,113.33239,39.996361,0.014819,0.368781,0.666365,-0.647872,22.945848,133.000427,27.196444,0.053218,0.925624,0.152441,0.342271,-7.770446,86.452614,10.925614,0.091595,0.977486,0.025581,0.188354,-7.559224,52.124245,-0.614314,-0.036581,0.923105,0.030119,0.381617,-15.576098,5.66287,-4.613288,-0.109302,0.87952,-0.055528,0.459798,4.665471,87.354073,25.145399,-0.016984,0.901823,-0.128716,0.412139,9.779383,52.226044,32.323212,-0.028363,0.888102,0.023142,0.458186,6.208592,6.503973,43.970665,-0.036581,0.923105,0.030119,0.381617,-5.057634,0.728777,-14.810485,-0.028363,0.888102,0.023142,0.458186,18.173412,1.325698,35.664352
826,6.883333,-0.023398,0.910187,-0.006237,0.413488,-1.566409,86.894272,17.956888,-0.102189,0.902883,0.111679,0.402352,-1.856675,94.639137,17.718811,0.012186,0.911681,-0.043655,0.408392,-7.611164,114.649513,20.223518,0.117035,0.922684,-0.028471,0.366259,-6.381388,135.810242,18.743696,0.169722,0.9306,-0.150483,0.287285,-1.644601,149.780334,17.849407,-0.104022,0.76419,0.056077,0.634072,-9.828526,130.317886,16.596609,-0.712654,0.175605,0.480577,-0.47993,-12.786107,128.826553,-0.048964,-0.736155,-0.538517,0.179097,0.368781,-2.185024,112.992729,-11.540063,0.300273,0.237484,-0.614305,-0.689976,8.61853,141.074631,-7.486525,-0.04985,0.899292,-0.046659,0.431987,-4.829428,130.418732,22.19289,0.491179,0.847579,0.096073,0.176417,5.723794,132.624588,35.300526,-0.167776,0.608252,0.522663,-0.573327,15.853664,113.342964,39.854942,0.012393,0.370356,0.66508,-0.648345,22.877802,133.054642,27.045446,0.052039,0.925721,0.152281,0.342262,-7.778653,86.442741,10.842052,0.091712,0.977125,0.024199,0.190343,-7.492778,52.101852,-0.658967,-0.035559,0.92386,0.031616,0.379761,-15.537464,5.636001,-4.548615,-0.10962,0.879449,-0.055967,0.459805,4.645835,87.34581,25.071726,-0.017258,0.901693,-0.128995,0.412325,9.764819,52.226364,32.287807,-0.028488,0.888027,0.022969,0.458333,6.204075,6.512001,43.968548,-0.035559,0.92386,0.031616,0.379761,-5.065082,0.729075,-14.806177,-0.028488,0.888027,0.022969,0.458333,18.172083,1.331052,35.668499
827,6.891667,-0.023715,0.910009,-0.005984,0.413866,-1.573646,86.877274,17.865028,-0.102159,0.902612,0.111833,0.402926,-1.869911,94.621948,17.628374,0.012126,0.911447,-0.042894,0.408997,-7.626932,114.629654,20.135466,0.116784,0.923493,-0.02601,0.364481,-6.411725,135.793243,18.684814,0.168934,0.932884,-0.143613,0.283838,-1.7107,149.778625,17.842279,-0.103757,0.762971,0.057198,0.635483,-9.85177,130.30101,16.526073,-0.714089,0.175003,0.479317,-0.479276,-12.750429,128.847687,-0.133216,-0.735862,-0.539367,0.177663,0.368816,-2.086143,113.062645,-11.632921,0.299899,0.239073,-0.61397,-0.689887,8.69282,141.141251,-7.491983,-0.050353,0.899483,-0.045601,0.431643,-4.86007,130.398438,22.129007,0.489951,0.848825,0.0962,0.17375,5.701512,132.603943,35.229961,-0.169124,0.607094,0.521278,-0.575416,15.926557,113.351868,39.695854,0.009658,0.371923,0.663603,-0.649007,22.808605,133.102921,26.88349,0.051012,0.925561,0.152048,0.342953,-7.779691,86.42231,10.745006,0.091903,0.976665,0.02263,0.192786,-7.422541,52.068615,-0.715708,-0.034273,0.924506,0.033654,0.378128,-15.503942,5.599132,-4.483982,-0.109806,0.880148,-0.056718,0.458329,4.632398,87.332245,24.98505,-0.017554,0.90178,-0.12935,0.41201,9.749842,52.221882,32.246296,-0.028414,0.88805,0.022876,0.458297,6.204456,6.517163,43.969364,-0.034273,0.924506,0.033654,0.378128,-5.073754,0.731333,-14.802986,-0.028414,0.88805,0.022876,0.458297,18.170641,1.332812,35.668819
828,6.9,-0.023827,0.909855,-0.005868,0.4142,-1.590762,86.855576,17.765062,-0.102312,0.902326,0.111767,0.403544,-1.889271,94.600197,17.529215,0.012215,0.911195,-0.041987,0.409648,-7.652884,114.607979,20.027336,0.11679,0.924148,-0.023466,0.362988,-6.448986,135.77475,18.614157,0.167714,0.935019,-0.137091,0.280745,-1.77695,149.77327,17.830412,-0.103547,0.761731,0.058335,0.6369,-9.882486,130.284012,16.441246,-0.715805,0.174202,0.478275,-0.478048,-12.72144,128.867828,-0.231522,-0.735304,-0.540108,0.176191,0.369553,-2.000266,113.143311,-11.761222,0.298944,0.240578,-0.613462,-0.690231,8.761804,141.211578,-7.507782,-0.050771,0.89978,-0.044485,0.431092,-4.898824,130.375122,22.051443,0.488996,0.849949,0.09644,0.170788,5.677485,132.576721,35.141178,-0.170432,0.605674,0.520126,-0.577565,15.989578,113.347137,39.502605,0.005885,0.373125,0.662998,-0.648982,22.729303,133.150513,26.688406,0.049778,0.925222,0.152233,0.343965,-7.791486,86.399612,10.640467,0.092585,0.976047,0.021223,0.19573,-7.334607,52.041008,-0.801941,-0.032924,0.924392,0.034921,0.378414,-15.493313,5.577585,-4.477224,-0.109943,0.880666,-0.057091,0.457253,4.609961,87.311539,24.889656,-0.018052,0.901608,-0.12997,0.41217,9.732306,52.206432,32.172829,-0.028317,0.888037,0.022917,0.458327,6.202998,6.518611,43.966404,-0.032924,0.924392,0.034921,0.378414,-5.066118,0.728657,-14.808135,-0.028317,0.888037,0.022917,0.458327,18.168972,1.333984,35.665718
829,6.908333,-0.024069,0.909722,-0.005444,0.414484,-1.604104,86.828224,17.645893,-0.102292,0.902041,0.112009,0.40412,-1.908674,94.572739,17.414371,0.01209,0.910942,-0.041231,0.41029,-7.67941,114.586411,19.919188,0.116753,0.924914,-0.021238,0.361182,-6.492488,135.755997,18.533876,0.166899,0.937209,-0.130336,0.277122,-1.847972,149.766251,17.798122,-0.103623,0.760247,0.059425,0.638558,-9.918067,130.264877,16.349421,-0.717515,0.173536,0.477697,-0.476301,-12.684711,128.87886,-0.338034,-0.734495,-0.540802,0.174816,0.370796,-1.928654,113.211777,-11.913341,0.297847,0.242106,-0.613112,-0.690482,8.81712,141.266846,-7.533537,-0.050955,0.900416,-0.042233,0.429966,-4.942254,130.353485,21.966618,0.488046,0.851151,0.095831,0.167835,5.666332,132.527237,35.034866,-0.172253,0.604343,0.518418,-0.579949,16.064198,113.324692,39.310909,0.003122,0.374381,0.66102,-0.650294,22.639547,133.188095,26.492596,0.048463,0.924688,0.152022,0.345676,-7.800158,86.371445,10.517286,0.093022,0.975523,0.019428,0.198304,-7.239705,51.998817,-0.878342,-0.031846,0.924725,0.03681,0.377511,-15.462762,5.536178,-4.417578,-0.109981,0.881284,-0.05776,0.455968,4.591949,87.285004,24.774498,-0.018651,0.901434,-0.130558,0.412339,9.704902,52.186073,32.093941,-0.028416,0.887977,0.022773,0.458443,6.201372,6.514826,43.959175,-0.031846,0.924725,0.03681,0.377511,-5.060054,0.725552,-14.790997,-0.028416,0.887977,0.022773,0.458443,18.16984,1.327921,35.663506
830,6.916667,-0.024276,0.909582,-0.005443,0.414779,-1.627209,86.803902,17.526407,-0.102643,0.901671,0.11205,0.404843,-1.934623,94.548256,17.293478,0.012237,0.910596,-0.040485,0.411128,-7.723349,114.566147,19.790009,0.117084,0.925483,-0.018705,0.359754,-6.542505,135.738159,18.437153,0.165656,0.939277,-0.123933,0.273782,-1.917773,149.758118,17.764072,-0.10329,0.759131,0.060262,0.639859,-9.961815,130.248795,16.238541,-0.719565,0.172942,0.476809,-0.474311,-12.674299,128.896088,-0.460526,-0.733706,-0.541449,0.173296,0.372124,-1.871347,113.293251,-12.078877,0.296634,0.243655,-0.612672,-0.69085,8.864005,141.331009,-7.564733,-0.051106,0.900725,-0.041466,0.429375,-4.996397,130.331375,21.865019,0.486849,0.852306,0.096188,0.16523,5.628883,132.49823,34.920837,-0.173389,0.60304,0.517197,-0.582053,16.117315,113.324501,39.104038,0.000126,0.375525,0.659346,-0.65134,22.551743,133.224106,26.282299,0.047097,0.924117,0.151913,0.347436,-7.818444,86.343613,10.393844,0.093491,0.974897,0.017611,0.201307,-7.147892,51.959141,-0.960014,-0.031119,0.924996,0.0385,0.376739,-15.437778,5.498404,-4.365832,-0.110159,0.881857,-0.058353,0.45474,4.564025,87.264191,24.658972,-0.019254,0.901205,-0.131163,0.412621,9.678502,52.173088,32.014801,-0.028136,0.88793,0.022794,0.458551,6.198889,6.518999,43.952888,-0.031119,0.924996,0.0385,0.376739,-5.053843,0.724936,-14.77516,-0.028136,0.88793,0.022794,0.458551,18.1667,1.328851,35.65831
831,6.925,-0.024661,0.909331,-0.004986,0.415312,-1.647582,86.77668,17.392679,-0.102972,0.901412,0.111988,0.405353,-1.963234,94.520821,17.163532,0.012102,0.910426,-0.039518,0.411601,-7.766868,114.544174,19.649639,0.117629,0.92609,-0.016409,0.358121,-6.607421,135.719604,18.332367,0.164469,0.941285,-0.117476,0.270429,-1.994728,149.74617,17.71666,-0.103045,0.757894,0.061405,0.641255,-10.0186,130.230164,16.121376,-0.72164,0.172201,0.476094,-0.472142,-12.672135,128.915817,-0.590228,-0.732888,-0.542067,0.171673,0.373586,-1.82747,113.381874,-12.261914,0.295682,0.245078,-0.612192,-0.69118,8.901253,141.398804,-7.604909,-0.051207,0.901276,-0.03926,0.428414,-5.058969,130.308945,21.753014,0.485023,0.853794,0.096543,0.162691,5.593951,132.446426,34.791149,-0.174725,0.601069,0.51575,-0.58497,16.198423,113.31813,38.888969,-0.002305,0.376338,0.658268,-0.651956,22.443199,133.273376,26.058689,0.045821,0.923519,0.151692,0.349289,-7.830097,86.313416,10.252745,0.093706,0.974521,0.015986,0.203157,-7.057381,51.915497,-1.053783,-0.030743,0.925412,0.040302,0.375558,-15.391952,5.453417,-4.329664,-0.110402,0.882246,-0.058892,0.453855,4.534933,87.239944,24.532614,-0.019903,0.901051,-0.131897,0.412691,9.654035,52.157299,31.925476,-0.028481,0.887914,0.022454,0.458579,6.199964,6.523892,43.949734,-0.030743,0.925412,0.040302,0.375558,-5.032084,0.724127,-14.783049,-0.028481,0.887914,0.022454,0.458579,18.170149,1.32972,35.661091
832,6.933333,-0.025072,0.909117,-0.004564,0.415761,-1.671102,86.747299,17.247456,-0.103407,0.901111,0.112022,0.405902,-1.99516,94.49118,17.021456,0.012255,0.910229,-0.038455,0.412134,-7.814688,114.502045,19.496614,0.117343,0.926817,-0.014647,0.356409,-6.667133,135.680847,18.223772,0.163446,0.943154,-0.110733,0.267366,-2.083162,149.718262,17.641867,-0.102105,0.756801,0.062753,0.642565,-10.072237,130.193756,15.997624,-0.723444,0.171408,0.475574,-0.470189,-12.675229,128.939529,-0.72654,-0.732149,-0.542569,0.170146,0.375004,-1.796439,113.469528,-12.451269,0.294275,0.246927,-0.611787,-0.691481,8.930943,141.464417,-7.660581,-0.05169,0.901471,-0.038706,0.427995,-5.119256,130.264206,21.63522,0.483661,0.855098,0.096896,0.159661,5.54416,132.408203,34.663689,-0.176034,0.599371,0.514627,-0.587303,16.250818,113.314125,38.653889,-0.004987,0.37717,0.656998,-0.652742,22.338245,133.317993,25.828403,0.044351,0.922833,0.151562,0.351343,-7.846174,86.280342,10.101325,0.094589,0.973664,0.01397,0.206972,-6.953678,51.869953,-1.158354,-0.030979,0.925348,0.041496,0.375565,-15.39566,5.417874,-4.298303,-0.110774,0.882791,-0.059599,0.452611,4.50397,87.214264,24.393585,-0.020409,0.90106,-0.132709,0.412388,9.633393,52.143646,31.836182,-0.028394,0.887825,0.022374,0.45876,6.19457,6.532481,43.948883,-0.030979,0.925348,0.041496,0.375565,-5.029431,0.723753,-14.761225,-0.028394,0.887825,0.022374,0.45876,18.166908,1.335161,35.665333
833,6.941667,-0.025143,0.908836,-0.004465,0.416372,-1.712547,86.723465,17.104307,-0.103569,0.900803,0.11164,0.406649,-2.038088,94.467308,16.879021,0.011978,0.909928,-0.037574,0.412887,-7.857858,114.474998,19.331623,0.117119,0.927416,-0.012363,0.355006,-6.735401,135.656921,18.08886,0.162589,0.944876,-0.104294,0.264382,-2.182903,149.706589,17.55764,-0.102003,0.755996,0.064062,0.643398,-10.129862,130.168457,15.849893,-0.72547,0.170478,0.474689,-0.468297,-12.697175,128.949997,-0.88243,-0.731237,-0.543405,0.168495,0.376315,-1.76678,113.553093,-12.655279,0.292887,0.248829,-0.611315,-0.691806,8.939443,141.530869,-7.719511,-0.052431,0.901801,-0.037091,0.427352,-5.1861,130.237717,21.49559,0.482696,0.85609,0.097235,0.157033,5.493364,132.380707,34.511082,-0.177059,0.597591,0.513824,-0.589508,16.278563,113.310982,38.405125,-0.007319,0.377535,0.655948,-0.653565,22.221041,133.362305,25.584892,0.042854,0.921919,0.151747,0.353839,-7.877931,86.256142,9.949841,0.095382,0.973213,0.01217,0.208831,-6.850336,51.840378,-1.281838,-0.030669,0.925341,0.042529,0.375492,-15.394458,5.398107,-4.287724,-0.111332,0.882655,-0.059891,0.452701,4.452837,87.190788,24.258774,-0.021134,0.900858,-0.133629,0.412495,9.606819,52.131672,31.738489,-0.028133,0.88792,0.022215,0.458599,6.192135,6.546569,43.955677,-0.030669,0.925341,0.042529,0.375492,-5.02956,0.728546,-14.762948,-0.028133,0.88792,0.022215,0.458599,18.158188,1.341489,35.667915
834,6.95,-0.025452,0.908493,-0.004069,0.417105,-1.744649,86.694633,16.948233,-0.104408,0.900486,0.111632,0.407138,-2.076923,94.438286,16.726265,0.012412,0.909771,-0.036936,0.413278,-7.932447,114.449982,19.161976,0.116866,0.928059,-0.010372,0.353472,-6.803881,135.633484,17.951941,0.161668,0.946472,-0.098096,0.261593,-2.280894,149.694183,17.462471,-0.101847,0.755113,0.06511,0.644354,-10.197644,130.14917,15.701735,-0.727462,0.169541,0.474116,-0.466122,-12.724238,128.962784,-1.039085,-0.730337,-0.54402,0.166888,0.377887,-1.755482,113.638924,-12.8714,0.291418,0.250856,-0.610987,-0.691984,8.942866,141.593475,-7.789167,-0.052666,0.902188,-0.035546,0.426638,-5.258894,130.208801,21.351925,0.481335,0.857415,0.097199,0.153976,5.440415,132.33638,34.353634,-0.178255,0.595837,0.512573,-0.592007,16.326284,113.303604,38.146938,-0.010787,0.377515,0.655158,-0.654319,22.103559,133.403137,25.322496,0.041776,0.920828,0.151819,0.356765,-7.898184,86.22522,9.78371,0.095929,0.972931,0.010446,0.209985,-6.761363,51.804424,-1.421982,-0.031216,0.925385,0.043176,0.375264,-15.38621,5.368361,-4.290024,-0.111952,0.882638,-0.060473,0.452504,4.408886,87.164047,24.112753,-0.021721,0.900693,-0.134357,0.412589,9.584169,52.120018,31.648296,-0.028878,0.887893,0.021736,0.458628,6.1896,6.555751,43.948544,-0.031216,0.925385,0.043176,0.375264,-5.018942,0.722574,-14.773466,-0.028878,0.887893,0.021736,0.458628,18.161396,1.348567,35.67041
835,6.958333,-0.025763,0.908212,-0.003649,0.417701,-1.777483,86.668846,16.786554,-0.105045,0.900207,0.111624,0.407593,-2.116701,94.4123,16.568272,0.012388,0.909592,-0.036468,0.413714,-8.000138,114.428963,18.990776,0.116643,0.928675,-0.008185,0.351982,-6.880154,135.613953,17.79892,0.161001,0.948001,-0.091956,0.258683,-2.387568,149.685974,17.357256,-0.101392,0.754486,0.066183,0.64505,-10.269261,130.129913,15.541063,-0.729386,0.168514,0.473521,-0.464088,-12.768557,128.982346,-1.206568,-0.729564,-0.54463,0.165092,0.379288,-1.759253,113.732506,-13.096722,0.290345,0.252599,-0.610416,-0.692305,8.93499,141.661377,-7.866764,-0.052696,0.902505,-0.034441,0.426055,-5.335902,130.187241,21.195992,0.480899,0.858539,0.095679,0.149974,5.380193,132.299622,34.186359,-0.1799,0.59481,0.511336,-0.593609,16.338877,113.28688,37.868858,-0.013286,0.377596,0.653806,-0.655579,21.996613,133.438782,25.052149,0.040525,0.920055,0.152243,0.358718,-7.921307,86.19751,9.613824,0.09664,0.972748,0.008652,0.210588,-6.666269,51.778591,-1.585025,-0.031279,0.92529,0.043655,0.375439,-15.390144,5.352259,-4.307396,-0.112478,0.882362,-0.060935,0.45285,4.366342,87.140182,23.959286,-0.022449,0.900298,-0.135144,0.413153,9.556357,52.108784,31.543222,-0.028841,0.887691,0.021223,0.459044,6.185051,6.56763,43.935116,-0.031279,0.92529,0.043655,0.375439,-5.016816,0.720296,-14.790972,-0.028841,0.887691,0.021223,0.459044,18.161892,1.346984,35.67276
836,6.966667,-0.025782,0.907888,-0.003431,0.418405,-1.821987,86.644989,16.627256,-0.105721,0.899953,0.111112,0.408121,-2.162729,94.388451,16.411663,0.012366,0.909425,-0.035644,0.414153,-8.060081,114.389526,18.797953,0.116332,0.929175,-0.00634,0.350799,-6.954852,135.577057,17.638042,0.159834,0.949342,-0.086057,0.256508,-2.490942,149.659393,17.236032,-0.100595,0.754049,0.067778,0.645521,-10.337687,130.093796,15.368958,-0.731352,0.16753,0.473023,-0.461853,-12.821844,129.00415,-1.384796,-0.728763,-0.545221,0.163167,0.380808,-1.77685,113.828949,-13.337178,0.289241,0.254513,-0.610048,-0.69239,8.91663,141.728226,-7.950089,-0.05353,0.902657,-0.033577,0.425697,-5.409775,130.146561,21.028677,0.479954,0.8596,0.095555,0.146971,5.313668,132.271881,34.010868,-0.1808,0.593004,0.51054,-0.595824,16.352446,113.286163,37.592243,-0.015059,0.377711,0.652764,-0.656511,21.863884,133.476685,24.78167,0.039296,0.919329,0.153031,0.360378,-7.95466,86.175156,9.444891,0.097293,0.972353,0.006475,0.212183,-6.576766,51.766563,-1.771232,-0.031754,0.925208,0.043339,0.375637,-15.399467,5.349093,-4.32072,-0.113086,0.881742,-0.061218,0.453866,4.310685,87.114822,23.809622,-0.023315,0.899812,-0.135859,0.41393,9.520652,52.095856,31.437155,-0.028036,0.887551,0.021075,0.459372,6.184155,6.576797,43.919319,-0.031754,0.925208,0.043339,0.375637,-5.018093,0.714017,-14.794946,-0.028036,0.887551,0.021075,0.459372,18.158436,1.341471,35.662548
837,6.975,-0.025382,0.907532,-0.003267,0.419203,-1.881146,86.627541,16.456324,-0.10605,0.899756,0.110826,0.408547,-2.217131,94.371338,16.24534,0.012085,0.909334,-0.034881,0.414425,-8.122067,114.368591,18.611996,0.115591,0.929896,-0.004889,0.349155,-7.040782,135.558716,17.476919,0.159481,0.950661,-0.079915,0.253816,-2.613962,149.653366,17.096725,-0.100316,0.753498,0.068995,0.646078,-10.415955,130.074112,15.199645,-0.733005,0.166222,0.472868,-0.459858,-12.877558,129.021439,-1.559791,-0.728009,-0.545788,0.161272,0.382242,-1.806621,113.921722,-13.583553,0.288368,0.256453,-0.609534,-0.692491,8.886631,141.791321,-8.044568,-0.053907,0.902812,-0.032707,0.425387,-5.49133,130.126144,20.862228,0.47911,0.860542,0.096081,0.14384,5.239672,132.250381,33.838345,-0.181483,0.591047,0.510248,-0.597808,16.354988,113.286827,37.298351,-0.016224,0.377907,0.651289,-0.657834,21.737497,133.519012,24.503241,0.038049,0.918443,0.153967,0.362366,-8.001561,86.166,9.26298,0.097822,0.972264,0.004354,0.212404,-6.491584,51.771236,-1.978524,-0.032151,0.925156,0.042451,0.375833,-15.404669,5.361361,-4.345422,-0.114051,0.880911,-0.061608,0.455184,4.23927,87.089073,23.64967,-0.024195,0.899319,-0.13653,0.414729,9.485275,52.089455,31.341059,-0.027689,0.887508,0.020746,0.459492,6.185911,6.591642,43.910271,-0.032151,0.925156,0.042451,0.375833,-5.0179,0.70671,-14.805605,-0.027689,0.887508,0.020746,0.459492,18.157476,1.343172,35.657917
838,6.983333,-0.02532,0.907174,-0.002794,0.419983,-1.927949,86.61879,16.283381,-0.106861,0.899468,0.110431,0.409076,-2.265961,94.362679,16.07917,0.011876,0.909168,-0.034051,0.414864,-8.194822,114.352753,18.412876,0.115104,0.930463,-0.00347,0.347819,-7.135647,135.545517,17.306644,0.158939,0.951849,-0.07416,0.251442,-2.738178,149.650009,16.952009,-0.100209,0.752933,0.070105,0.646634,-10.502674,130.060226,15.018991,-0.734948,0.165079,0.472624,-0.457414,-12.94063,129.037888,-1.745783,-0.726978,-0.546433,0.159587,0.383987,-1.842573,114.017578,-13.843801,0.287167,0.258639,-0.608733,-0.692882,8.840723,141.859268,-8.147485,-0.054346,0.903187,-0.031713,0.424611,-5.583441,130.110199,20.686275,0.477874,0.861499,0.097253,0.141412,5.16834,132.233398,33.645348,-0.181684,0.588709,0.510063,-0.600208,16.367111,113.299835,36.998768,-0.018221,0.377384,0.650916,-0.658451,21.604683,133.570358,24.207092,0.037308,0.917506,0.155084,0.364336,-8.036044,86.162201,9.079254,0.098121,0.971898,0.00178,0.213973,-6.422773,51.788395,-2.211906,-0.032645,0.925156,0.041235,0.375925,-15.411387,5.382562,-4.362451,-0.114788,0.879762,-0.062031,0.457159,4.180146,87.075386,23.487509,-0.025271,0.898606,-0.137119,0.416014,9.440853,52.091766,31.241421,-0.028166,0.887457,0.019892,0.459599,6.191588,6.614223,43.896748,-0.032645,0.925156,0.041235,0.375925,-5.021625,0.700475,-14.807406,-0.028166,0.887457,0.019892,0.459599,18.165968,1.350414,35.658257
839,6.991667,-0.025211,0.906857,-0.002254,0.420677,-1.982619,86.608299,16.105536,-0.107376,0.899247,0.110019,0.409538,-2.322469,94.352325,15.909369,0.011611,0.909032,-0.033376,0.415225,-8.264305,114.339706,18.215353,0.114857,0.930918,-0.002135,0.346693,-7.226831,135.534668,17.130926,0.15778,0.952986,-0.068666,0.249417,-2.85101,149.646561,16.803381,-0.100111,0.752542,0.071231,0.646981,-10.586267,130.048065,14.835257,-0.736825,0.163642,0.472726,-0.454797,-13.009648,129.055115,-1.933399,-0.725827,-0.547022,0.157871,0.38603,-1.894869,114.121117,-14.122563,0.285907,0.26076,-0.607966,-0.693281,8.782444,141.930145,-8.257857,-0.055048,0.903204,-0.031922,0.424469,-5.671432,130.097656,20.506361,0.477144,0.862168,0.098807,0.1387,5.081847,132.245255,33.460171,-0.181803,0.586645,0.510393,-0.601909,16.34548,113.327637,36.683887,-0.019385,0.377464,0.649544,-0.659726,21.478285,133.62648,23.915617,0.036428,0.916693,0.156585,0.365826,-8.079785,86.15799,8.891762,0.098434,0.970906,-0.00157,0.218289,-6.349418,51.813358,-2.470619,-0.032538,0.925238,0.040034,0.375864,-15.426069,5.413285,-4.359817,-0.115555,0.878029,-0.062318,0.460248,4.114547,87.058617,23.319309,-0.026465,0.897862,-0.13773,0.417341,9.386195,52.090393,31.134993,-0.027539,0.887341,0.019484,0.459877,6.195249,6.634602,43.882954,-0.032538,0.925238,0.040034,0.375864,-5.042552,0.697304,-14.795735,-0.027539,0.887341,0.019484,0.459877,18.1667,1.351881,35.652309
840,7.0,-0.025018,0.906534,-0.001762,0.421387,-2.042216,86.597313,15.919624,-0.107691,0.899291,0.109388,0.409526,-2.38241,94.341507,15.731363,0.011123,0.909195,-0.032689,0.414936,-8.322193,114.320992,18.007139,0.114162,0.931538,-0.000596,0.345259,-7.316041,135.518356,16.940269,0.156823,0.954023,-0.063117,0.247513,-2.976346,149.641983,16.639086,-0.099691,0.752402,0.072318,0.647088,-10.66911,130.028885,14.642148,-0.738625,0.162303,0.472595,-0.452488,-13.090606,129.071289,-2.128829,-0.72474,-0.547647,0.15628,0.387829,-1.950879,114.219406,-14.395296,0.284657,0.262637,-0.607194,-0.693764,8.715219,141.999603,-8.375721,-0.055708,0.903554,-0.029752,0.423794,-5.750511,130.080688,20.309965,0.47614,0.863115,0.099172,0.135967,5.019722,132.217239,33.251511,-0.182458,0.584309,0.509955,-0.60435,16.359325,113.327858,36.372799,-0.021038,0.376901,0.64915,-0.660385,21.336287,133.673889,23.615349,0.035491,0.916248,0.158035,0.366409,-8.12826,86.15435,8.696012,0.098519,0.970047,-0.004751,0.221992,-6.289416,51.837898,-2.734262,-0.032437,0.925278,0.038819,0.375901,-15.433235,5.441305,-4.367821,-0.116723,0.877021,-0.062977,0.461782,4.043827,87.040268,23.143238,-0.027059,0.897934,-0.138392,0.416929,9.352253,52.097672,31.04813,-0.026352,0.887203,0.018983,0.460236,6.191213,6.662193,43.875725,-0.032437,0.925278,0.038819,0.375901,-5.053828,0.691159,-14.792323,-0.026352,0.887203,0.018983,0.460236,18.155157,1.350541,35.652794
841,7.008333,-0.024772,0.906246,-0.001078,0.422022,-2.09922,86.587051,15.728195,-0.108265,0.899143,0.109191,0.409754,-2.440317,94.331467,15.550923,0.01053,0.909169,-0.032115,0.415053,-8.396596,114.300514,17.806902,0.113527,0.932133,0.000344,0.343859,-7.423325,135.5,16.751829,0.156157,0.955041,-0.05766,0.24533,-3.11224,149.632614,16.461569,-0.099573,0.751925,0.073973,0.647473,-10.767342,130.006561,14.450009,-0.740467,0.160932,0.472655,-0.449897,-13.172724,129.090897,-2.325629,-0.723535,-0.548266,0.15479,0.389797,-2.015801,114.324188,-14.678997,0.28347,0.264797,-0.606357,-0.69416,8.63724,142.074936,-8.502385,-0.056409,0.903804,-0.03036,0.423126,-5.850004,130.062943,20.118879,0.475857,0.863698,0.09934,0.133108,4.936769,132.229523,33.041637,-0.182892,0.582627,0.50981,-0.605962,16.322634,113.350311,36.054218,-0.0228,0.376797,0.648495,-0.661028,21.195349,133.726547,23.312067,0.034558,0.916126,0.15942,0.366201,-8.175363,86.153877,8.49566,0.09844,0.969205,-0.007895,0.225588,-6.23988,51.864536,-2.999834,-0.032457,0.925281,0.037585,0.376016,-15.437338,5.470237,-4.377211,-0.117188,0.875304,-0.063398,0.464854,3.976922,87.020218,22.960732,-0.028766,0.896289,-0.138858,0.420186,9.27214,52.089355,30.926132,-0.026127,0.886895,0.018553,0.460859,6.190516,6.675106,43.847858,-0.032457,0.925281,0.037585,0.376016,-5.059175,0.686881,-14.787756,-0.026127,0.886895,0.018553,0.460859,18.161715,1.349653,35.644436
842,7.016667,-0.02471,0.905913,-0.00047,0.422741,-2.157258,86.570724,15.5278,-0.108622,0.89913,0.109091,0.409714,-2.501321,94.315208,15.359202,0.009812,0.909299,-0.031784,0.414811,-8.471933,114.291367,17.60648,0.113651,0.932568,0.001518,0.342635,-7.532488,135.492371,16.551281,0.154805,0.956028,-0.05259,0.243475,-3.231601,149.628601,16.28713,-0.099395,0.751627,0.075218,0.647704,-10.869246,129.993759,14.251308,-0.742008,0.15959,0.472669,-0.447816,-13.265697,129.111588,-2.527401,-0.722491,-0.548801,0.153387,0.391532,-2.090249,114.421638,-14.955303,0.282143,0.266523,-0.605813,-0.694515,8.553458,142.144012,-8.636853,-0.05663,0.904165,-0.029096,0.422411,-5.948677,130.057709,19.917292,0.474654,0.86466,0.099936,0.130688,4.857744,132.212921,32.825531,-0.183306,0.580487,0.509305,-0.608311,16.322895,113.366867,35.743443,-0.024372,0.376488,0.647837,-0.661793,21.047787,133.7771,23.005213,0.033568,0.916245,0.160917,0.365342,-8.221973,86.143616,8.285321,0.098253,0.96792,-0.011644,0.230959,-6.191455,51.884102,-3.282501,-0.032235,0.925402,0.036701,0.375827,-15.445748,5.493248,-4.363409,-0.118013,0.874077,-0.064,0.466868,3.907459,86.997833,22.770279,-0.02996,0.895557,-0.13949,0.421454,9.214846,52.086567,30.81311,-0.026466,0.886793,0.017741,0.461066,6.190531,6.695625,43.829926,-0.032235,0.925402,0.036701,0.375827,-5.07689,0.683297,-14.770971,-0.026466,0.886793,0.017741,0.461066,18.165165,1.354146,35.641956
843,7.025,-0.02463,0.905612,7e-06,0.423392,-2.225729,86.552948,15.329689,-0.109069,0.899071,0.108813,0.4098,-2.571675,94.297493,15.168066,0.009302,0.90936,-0.031303,0.414727,-8.55228,114.264725,17.395687,0.113497,0.933042,0.002177,0.341389,-7.641122,135.467438,16.349941,0.153442,0.956976,-0.047343,0.241683,-3.352894,149.607666,16.094933,-0.098903,0.751399,0.076636,0.647877,-10.971124,129.965454,14.048214,-0.743418,0.1579,0.472549,-0.446201,-13.363296,129.128235,-2.733414,-0.721483,-0.54959,0.151922,0.392851,-2.158876,114.520554,-15.232009,0.281282,0.26829,-0.605274,-0.694654,8.459332,142.221298,-8.777223,-0.057561,0.904561,-0.029359,0.421418,-6.049361,130.033356,19.71312,0.474457,0.865157,0.099951,0.128079,4.781894,132.220703,32.595116,-0.184198,0.578989,0.508997,-0.609725,16.285398,113.383232,35.415993,-0.026018,0.376597,0.646873,-0.662611,20.909792,133.831604,22.701702,0.032415,0.916941,0.16234,0.363063,-8.280098,86.131165,8.078243,0.097854,0.967342,-0.014809,0.233355,-6.163819,51.899483,-3.556376,-0.032255,0.925477,0.03593,0.375715,-15.448739,5.509144,-4.361681,-0.118969,0.873011,-0.064564,0.468541,3.82864,86.974731,22.581135,-0.031092,0.894875,-0.140122,0.42261,9.160467,52.085125,30.701399,-0.025964,0.886634,0.017201,0.461421,6.189528,6.717438,43.811237,-0.032255,0.925477,0.03593,0.375715,-5.084679,0.67845,-14.764416,-0.025964,0.886634,0.017201,0.461421,18.163147,1.355429,35.635204
844,7.033333,-0.024521,0.905255,0.000617,0.424159,-2.292959,86.537148,15.120427,-0.109345,0.899076,0.108563,0.40978,-2.641255,94.281769,14.967792,0.008598,0.909512,-0.030729,0.414452,-8.629546,114.254272,17.181963,0.112756,0.933569,0.003556,0.34018,-7.756001,135.45903,16.145689,0.152605,0.957741,-0.042851,0.240017,-3.503007,149.610306,15.913955,-0.099356,0.750851,0.077906,0.648291,-11.077933,129.952347,13.843542,-0.744912,0.15617,0.472736,-0.444115,-13.448816,129.13443,-2.942055,-0.720197,-0.550424,0.15053,0.394575,-2.228077,114.613792,-15.527144,0.280318,0.270264,-0.604817,-0.694677,8.360003,142.290619,-8.922089,-0.057503,0.905144,-0.028347,0.420244,-6.152562,130.026123,19.505234,0.47327,0.866116,0.100206,0.125768,4.712472,132.197189,32.361515,-0.185588,0.577277,0.507928,-0.611815,16.292152,113.394081,35.098698,-0.028426,0.3767,0.645421,-0.663868,20.767179,133.890991,22.398544,0.031156,0.918032,0.163336,0.359955,-8.335133,86.122292,7.858419,0.097389,0.967025,-0.017668,0.234663,-6.148263,51.908295,-3.81512,-0.032694,0.925616,0.03517,0.375407,-15.453033,5.518159,-4.360971,-0.11983,0.871809,-0.065304,0.470452,3.749215,86.952003,22.382435,-0.032549,0.893865,-0.140703,0.424439,9.090932,52.084267,30.58967,-0.025478,0.886536,0.016664,0.461658,6.192732,6.740806,43.799221,-0.032694,0.925616,0.03517,0.375407,-5.093927,0.671748,-14.761329,-0.025478,0.886536,0.016664,0.461658,18.163309,1.358531,35.632053
845,7.041667,-0.02437,0.905028,0.001245,0.424652,-2.362118,86.526123,14.917794,-0.109935,0.899067,0.108105,0.409764,-2.712346,94.270836,14.77478,0.008344,0.90964,-0.030021,0.414227,-8.715312,114.243439,16.961721,0.112414,0.934055,0.004272,0.338948,-7.864294,135.450211,15.948093,0.151075,0.958588,-0.038357,0.238358,-3.629441,149.607071,15.725395,-0.099278,0.750795,0.078981,0.648238,-11.181713,129.942581,13.641676,-0.746382,0.154323,0.472837,-0.442181,-13.555437,129.15036,-3.14475,-0.719174,-0.551101,0.14907,0.396049,-2.313431,114.719543,-15.813881,0.279771,0.272256,-0.604432,-0.694454,8.255932,142.370102,-9.070189,-0.058519,0.90554,-0.027494,0.419306,-6.253473,130.01532,19.300884,0.472104,0.866981,0.100918,0.123603,4.634295,132.205353,32.134689,-0.186438,0.575674,0.507162,-0.613699,16.287062,113.434753,34.783421,-0.030635,0.376919,0.643872,-0.665148,20.631836,133.95816,22.09659,0.029899,0.918992,0.164233,0.357193,-8.39653,86.119011,7.648898,0.096896,0.966713,-0.020332,0.235932,-6.13764,51.920742,-4.056979,-0.032884,0.925693,0.034577,0.375254,-15.45607,5.531123,-4.360366,-0.120815,0.871025,-0.06609,0.471542,3.672294,86.933228,22.186691,-0.03383,0.893268,-0.141361,0.425376,9.037313,52.090134,30.482876,-0.025205,0.886663,0.015765,0.461459,6.206581,6.772265,43.794514,-0.032884,0.925693,0.034577,0.375254,-5.100384,0.670755,-14.757614,-0.025205,0.886663,0.015765,0.461459,18.166515,1.363174,35.629475
846,7.05,-0.024208,0.904811,0.001722,0.425121,-2.435457,86.517868,14.706941,-0.110186,0.899049,0.108051,0.40975,-2.786488,94.262688,14.571515,0.00757,0.909711,-0.029754,0.414105,-8.794754,114.223183,16.750952,0.112167,0.934492,0.005296,0.337809,-7.978478,135.431152,15.733898,0.149728,0.959421,-0.034001,0.23651,-3.761994,149.593781,15.530237,-0.09894,0.75075,0.080103,0.648204,-11.287695,129.917816,13.429367,-0.747977,0.152294,0.472711,-0.44032,-13.665195,129.158966,-3.358068,-0.718179,-0.551984,0.147337,0.397271,-2.390232,114.82637,-16.109142,0.279711,0.27441,-0.604191,-0.69384,8.151179,142.451401,-9.21874,-0.0595,0.905983,-0.027106,0.418233,-6.357763,129.99939,19.086979,0.471469,0.867731,0.10069,0.120918,4.556569,132.213959,31.89398,-0.18815,0.574522,0.506225,-0.615029,16.265228,113.465416,34.450775,-0.032764,0.37754,0.642254,-0.666258,20.499601,134.036942,21.791651,0.029011,0.919781,0.164547,0.355084,-8.462477,86.117485,7.431541,0.096078,0.966442,-0.022626,0.237162,-6.163105,51.922894,-4.277198,-0.033079,0.925692,0.034532,0.375243,-15.458129,5.527675,-4.364236,-0.121786,0.870305,-0.066902,0.472506,3.591563,86.918259,21.98234,-0.035204,0.891821,-0.141858,0.428126,8.979116,52.100052,30.367929,-0.023911,0.886327,0.015163,0.462193,6.202781,6.804472,43.766586,-0.033079,0.925692,0.034532,0.375243,-5.100889,0.668298,-14.760397,-0.023911,0.886327,0.015163,0.462193,18.160299,1.362675,35.619755
847,7.058333,-0.02429,0.904586,0.002298,0.425591,-2.501776,86.503662,14.50156,-0.110636,0.899009,0.107879,0.409761,-2.857695,94.248383,14.373482,0.006713,0.909764,-0.02939,0.414029,-8.88204,114.213623,16.539303,0.111979,0.93488,0.005831,0.336789,-8.105396,135.423035,15.521153,0.148463,0.960139,-0.029827,0.23495,-3.900798,149.589294,15.324409,-0.099248,0.750212,0.08084,0.648689,-11.40489,129.903458,13.217613,-0.749453,0.150672,0.472692,-0.438384,-13.758982,129.156113,-3.573634,-0.716977,-0.553029,0.146019,0.398475,-2.461324,114.908707,-16.399872,0.279724,0.276575,-0.603761,-0.69335,8.033473,142.517792,-9.375713,-0.059934,0.906481,-0.025739,0.417179,-6.47383,129.994431,18.874098,0.469979,0.86887,0.100927,0.118313,4.468634,132.203049,31.6581,-0.190003,0.573231,0.505096,-0.616591,16.267447,113.498642,34.122051,-0.034942,0.377832,0.640687,-0.667489,20.373028,134.114365,21.493763,0.028335,0.920269,0.164857,0.35373,-8.521147,86.106606,7.219649,0.095281,0.966051,-0.024965,0.238838,-6.185964,51.916611,-4.495415,-0.033469,0.925695,0.034595,0.375195,-15.460979,5.517483,-4.366646,-0.122336,0.870001,-0.06772,0.472806,3.517596,86.900719,21.78347,-0.036705,0.890845,-0.142528,0.429806,8.907695,52.100216,30.240643,-0.0236,0.886216,0.014287,0.46245,6.204861,6.832904,43.749393,-0.033469,0.925695,0.034595,0.375195,-5.100711,0.664225,-14.76265,-0.0236,0.886216,0.014287,0.46245,18.159744,1.364612,35.616451
848,7.066667,-0.024339,0.904453,0.003008,0.425869,-2.567323,86.49437,14.293339,-0.111349,0.899064,0.107292,0.409602,-2.928575,94.238998,14.174788,0.006397,0.909964,-0.028373,0.413666,-8.966455,114.193657,16.30621,0.111697,0.935353,0.006193,0.335558,-8.22031,135.405731,15.321504,0.146922,0.960853,-0.025796,0.233472,-4.028858,149.575882,15.124847,-0.099084,0.750209,0.082112,0.648557,-11.513999,129.885254,13.011834,-0.751088,0.148911,0.472607,-0.436275,-13.874984,129.169739,-3.779835,-0.715945,-0.553764,0.144562,0.399838,-2.550263,115.016266,-16.685959,0.279654,0.278567,-0.60333,-0.692955,7.920835,142.59938,-9.525679,-0.060972,0.906892,-0.024835,0.416189,-6.578366,129.974045,18.664364,0.468737,0.869849,0.10124,0.115751,4.387854,132.201828,31.424665,-0.19149,0.571573,0.504356,-0.618272,16.265257,113.534927,33.793636,-0.036083,0.377751,0.638905,-0.669181,20.240807,134.194366,21.199345,0.027711,0.920532,0.164853,0.353095,-8.582186,86.102272,7.007435,0.094516,0.965364,-0.027288,0.241651,-6.213598,51.909645,-4.693229,-0.033686,0.925657,0.034668,0.375263,-15.472291,5.508259,-4.361713,-0.122932,0.869731,-0.068666,0.473012,3.447541,86.886467,21.579243,-0.037934,0.890149,-0.143831,0.430706,8.839336,52.105892,30.116901,-0.023641,0.886233,0.01284,0.462458,6.172306,6.88256,43.779209,-0.033686,0.925657,0.034668,0.375263,-5.108097,0.659518,-14.755911,-0.023641,0.886233,0.01284,0.462458,18.120798,1.378003,35.661362
849,7.075,-0.024214,0.90431,0.003491,0.426175,-2.637714,86.484886,14.083703,-0.112011,0.899003,0.107088,0.409609,-3.000364,94.229553,13.972624,0.005973,0.910001,-0.028062,0.413612,-9.057803,114.174393,16.084116,0.111166,0.935679,0.007396,0.334801,-8.333582,135.387451,15.10392,0.145448,0.961462,-0.022393,0.232238,-4.169067,149.565857,14.930762,-0.099097,0.750143,0.083379,0.64847,-11.621946,129.86409,12.793538,-0.752219,0.147179,0.472353,-0.435186,-13.986714,129.176117,-3.998747,-0.715088,-0.554812,0.143037,0.400467,-2.628525,115.100906,-16.960932,0.27966,0.280547,-0.602969,-0.692468,7.798678,142.669128,-9.680261,-0.061546,0.907183,-0.02405,0.415514,-6.685565,129.956711,18.445353,0.467199,0.870964,0.101625,0.113217,4.297315,132.191101,31.190161,-0.193322,0.57026,0.503446,-0.619654,16.264578,113.57,33.465557,-0.038039,0.377483,0.637437,-0.670622,20.12195,134.276459,20.908113,0.026994,0.920603,0.164614,0.353078,-8.647754,86.0989,6.793496,0.093799,0.965362,-0.028953,0.241743,-6.237822,51.897728,-4.873708,-0.034062,0.925682,0.034759,0.37516,-15.469318,5.492431,-4.37448,-0.123733,0.870199,-0.069791,0.471777,3.372326,86.870872,21.373909,-0.038887,0.889817,-0.14446,0.431097,8.786426,52.115894,30.001215,-0.023227,0.885968,0.011726,0.463016,6.167508,6.91666,43.752296,-0.034062,0.925682,0.034759,0.37516,-5.103364,0.650378,-14.770039,-0.023227,0.885968,0.011726,0.463016,18.116577,1.378343,35.658287
850,7.083333,-0.024104,0.904241,0.00407,0.426323,-2.706949,86.476364,13.883731,-0.11285,0.89892,0.106682,0.409667,-3.071862,94.221046,13.781444,0.005482,0.910003,-0.027438,0.413658,-9.154465,114.163826,15.862828,0.11117,0.936046,0.007922,0.333761,-8.460144,135.378586,14.898102,0.144174,0.962167,-0.019013,0.230407,-4.302255,149.559036,14.733521,-0.099293,0.749599,0.084268,0.648955,-11.740567,129.852264,12.583503,-0.753608,0.145685,0.472531,-0.433088,-14.08266,129.182098,-4.212685,-0.71385,-0.555803,0.141647,0.401793,-2.712476,115.188614,-17.252592,0.279751,0.282581,-0.602608,-0.691918,7.671862,142.735703,-9.832044,-0.062398,0.907589,-0.023448,0.414535,-6.804659,129.947754,18.235687,0.465609,0.872003,0.102598,0.110879,4.202224,132.199997,30.956633,-0.194977,0.569047,0.502766,-0.620803,16.258846,113.624825,33.133568,-0.039471,0.377531,0.63515,-0.672678,20.013931,134.368591,20.618324,0.026577,0.920468,0.164476,0.353526,-8.714708,86.09697,6.591292,0.092972,0.964601,-0.031157,0.244808,-6.274902,51.890892,-5.055293,-0.034428,0.925666,0.034819,0.375159,-15.483654,5.483526,-4.365015,-0.124405,0.870531,-0.070702,0.470851,3.30081,86.855751,21.17617,-0.040097,0.889274,-0.145184,0.431863,8.733955,52.122128,29.877192,-0.022932,0.885899,0.010533,0.463192,6.174856,6.951782,43.734043,-0.034428,0.925666,0.034819,0.375159,-5.113857,0.647298,-14.75946,-0.022932,0.885899,0.010533,0.463192,18.118317,1.379215,35.655273
851,7.091667,-0.024185,0.904239,0.004497,0.426317,-2.768939,86.47715,13.687736,-0.113638,0.898868,0.106146,0.409701,-3.13782,94.221718,13.590902,0.004952,0.909995,-0.026809,0.413722,-9.237747,114.151802,15.637133,0.111052,0.936312,0.008965,0.333026,-8.574894,135.368256,14.687461,0.142532,0.962801,-0.01601,0.229004,-4.431206,149.553101,14.54623,-0.099167,0.749524,0.085441,0.648907,-11.846854,129.838699,12.368622,-0.754935,0.144557,0.472252,-0.431456,-14.191903,129.197693,-4.428289,-0.712824,-0.556732,0.140447,0.402749,-2.795431,115.27314,-17.518946,0.279357,0.284635,-0.602286,-0.691516,7.546762,142.804657,-9.98267,-0.063344,0.907834,-0.021491,0.413961,-6.91167,129.937531,18.021379,0.463322,0.87345,0.103341,0.108343,4.107318,132.191498,30.731529,-0.196686,0.567342,0.501735,-0.622655,16.28322,113.683212,32.81216,-0.041091,0.376948,0.633845,-0.674138,19.892597,134.472626,20.32937,0.026205,0.920304,0.163913,0.354241,-8.776717,86.099808,6.39521,0.092249,0.964161,-0.032795,0.246595,-6.317748,51.878918,-5.203739,-0.034925,0.925538,0.03511,0.375402,-15.500164,5.468789,-4.364196,-0.124967,0.870953,-0.071731,0.469764,3.23884,86.854485,20.980263,-0.041198,0.88855,-0.145848,0.433025,8.681719,52.141617,29.757708,-0.021794,0.885574,0.009219,0.463894,6.169249,6.998035,43.709976,-0.034925,0.925538,0.03511,0.375402,-5.119102,0.646292,-14.753771,-0.021794,0.885574,0.009219,0.463894,18.107372,1.376905,35.657013
852,7.1,-0.0243,0.904302,0.004788,0.426175,-2.826874,86.486946,13.499367,-0.114587,0.898735,0.10565,0.409858,-3.199297,94.231392,13.405904,0.004341,0.909885,-0.026096,0.414017,-9.324065,114.148903,15.415043,0.110945,0.936458,0.009752,0.332631,-8.697058,135.367188,14.482377,0.140934,0.963295,-0.013243,0.228093,-4.564306,149.555405,14.359517,-0.099285,0.749305,0.08643,0.64901,-11.958129,129.833847,12.157244,-0.75607,0.143586,0.472069,-0.42999,-14.297822,129.212646,-4.641153,-0.71191,-0.557735,0.139125,0.403437,-2.881202,115.347794,-17.777525,0.279498,0.286592,-0.601983,-0.690914,7.415564,142.86525,-10.12849,-0.063759,0.908031,-0.020606,0.413509,-7.026518,129.936737,17.813044,0.460833,0.874786,0.10519,0.106386,4.003374,132.191116,30.513651,-0.197766,0.565454,0.501177,-0.624478,16.300331,113.752434,32.498062,-0.042604,0.376043,0.632721,-0.675605,19.776907,134.5784,20.045258,0.026035,0.92003,0.163439,0.355182,-8.836841,86.109947,6.208629,0.091435,0.963767,-0.03441,0.248213,-6.367041,51.877182,-5.352913,-0.035238,0.925472,0.035222,0.375525,-15.514662,5.463165,-4.362302,-0.125474,0.871411,-0.072652,0.468638,3.183091,86.863945,20.790106,-0.042258,0.887848,-0.146548,0.434125,8.636718,52.169907,29.635054,-0.021303,0.885366,0.007731,0.464342,6.166655,7.054052,43.684254,-0.035238,0.925472,0.035222,0.375525,-5.127397,0.647352,-14.748773,-0.021303,0.885366,0.007731,0.464342,18.100462,1.38872,35.655903
853,7.108333,-0.024337,0.904377,0.004924,0.426012,-2.890438,86.496239,13.316708,-0.115409,0.898598,0.105155,0.410055,-3.264299,94.240631,13.224977,0.004042,0.909762,-0.025374,0.414335,-9.408452,114.143982,15.198763,0.110931,0.936675,0.010278,0.332006,-8.805399,135.363953,14.288953,0.139012,0.963933,-0.010636,0.226705,-4.678959,149.554108,14.176902,-0.099404,0.749109,0.087514,0.649073,-12.058496,129.829315,11.955775,-0.75702,0.142156,0.472109,-0.428748,-14.394602,129.229813,-4.84391,-0.710952,-0.558689,0.137783,0.404265,-2.961493,115.432373,-18.036804,0.279216,0.288594,-0.601764,-0.690386,7.293145,142.932632,-10.270278,-0.064881,0.908253,-0.019137,0.412918,-7.130808,129.9319,17.615,0.458606,0.876039,0.106656,0.104212,3.910765,132.200394,30.302942,-0.199077,0.563652,0.500718,-0.626056,16.319218,113.826202,32.189034,-0.043282,0.375146,0.631134,-0.677541,19.672758,134.691193,19.778179,0.025692,0.919529,0.162607,0.356883,-8.902994,86.119652,6.028083,0.090773,0.96353,-0.035557,0.24921,-6.410765,51.865948,-5.46645,-0.035759,0.925382,0.035543,0.375669,-15.526265,5.448106,-4.36504,-0.125795,0.871336,-0.073522,0.468555,3.122118,86.872826,20.605331,-0.0437,0.886703,-0.146863,0.43621,8.566245,52.19384,29.514915,-0.020912,0.885069,0.006378,0.464947,6.170709,7.098454,43.642521,-0.035759,0.925382,0.035543,0.375669,-5.129595,0.647067,-14.74894,-0.020912,0.885069,0.006378,0.464947,18.104664,1.393878,35.642227
854,7.116667,-0.02447,0.904506,0.004778,0.425732,-2.941897,86.510498,13.147185,-0.116608,0.898596,0.104311,0.409935,-3.316689,94.254807,13.052654,0.003871,0.909841,-0.02421,0.414231,-9.485893,114.137711,14.973161,0.110592,0.937063,0.010887,0.331005,-8.910055,135.360199,14.105219,0.137576,0.964525,-0.008028,0.225166,-4.800096,149.555176,14.000996,-0.099332,0.748987,0.088577,0.649081,-12.156712,129.82605,11.761911,-0.758102,0.141438,0.472044,-0.427144,-14.492973,129.252243,-5.038652,-0.710109,-0.559503,0.136595,0.405024,-3.048037,115.507141,-18.275852,0.279273,0.290599,-0.601419,-0.689821,7.171087,142.991043,-10.405311,-0.066037,0.908332,-0.01834,0.412596,-7.227705,129.923706,17.420078,0.456957,0.877109,0.107474,0.101585,3.817747,132.216629,30.10025,-0.200445,0.56203,0.50036,-0.627363,16.317446,113.893738,31.879944,-0.044367,0.374182,0.630069,-0.678994,19.563875,134.801315,19.51309,0.025379,0.919042,0.161811,0.358519,-8.958846,86.130379,5.86237,0.090273,0.96322,-0.036596,0.250435,-6.446312,51.856812,-5.568335,-0.035968,0.925191,0.035761,0.376097,-15.542412,5.437517,-4.371887,-0.126126,0.871625,-0.074584,0.46776,3.075052,86.890617,20.432001,-0.044666,0.885992,-0.14701,0.437505,8.511003,52.229084,29.414198,-0.020546,0.884682,0.004736,0.465719,6.169393,7.145876,43.589611,-0.035968,0.925191,0.035761,0.376097,-5.133484,0.645049,-14.747469,-0.020546,0.884682,0.004736,0.465719,18.105221,1.39521,35.625191
855,7.125,-0.024517,0.904615,0.0044,0.4255,-2.997033,86.522476,12.980443,-0.117395,0.898567,0.103873,0.409886,-3.370012,94.266808,12.880389,0.003724,0.90987,-0.023306,0.414221,-9.561552,114.147911,14.771274,0.109762,0.937374,0.011657,0.330373,-9.007322,135.372269,13.935661,0.1361,0.964973,-0.006068,0.224204,-4.927986,149.576157,13.841089,-0.099362,0.749162,0.089147,0.648796,-12.248449,129.838394,11.584052,-0.759054,0.140466,0.471958,-0.425866,-14.597075,129.274918,-5.215135,-0.709351,-0.560217,0.135571,0.405707,-3.136332,115.585136,-18.495924,0.279347,0.292123,-0.600881,-0.689617,7.051176,143.054504,-10.534179,-0.066641,0.908375,-0.017882,0.412425,-7.319309,129.932449,17.242161,0.454758,0.878182,0.109704,0.099779,3.728227,132.237595,29.918304,-0.200762,0.559735,0.500341,-0.629325,16.333336,113.977539,31.597658,-0.045057,0.373039,0.629326,-0.680265,19.451315,134.909683,19.260555,0.024856,0.918546,0.160834,0.36026,-9.017665,86.138443,5.698875,0.089794,0.963128,-0.037373,0.250848,-6.474475,51.840149,-5.650614,-0.036304,0.925131,0.036116,0.376177,-15.54597,5.418125,-4.375854,-0.126508,0.871472,-0.075508,0.467793,3.023598,86.906517,20.262012,-0.045707,0.885167,-0.147112,0.43903,8.450776,52.262009,29.31493,-0.02037,0.884311,0.003064,0.466445,6.167399,7.190537,43.537106,-0.036304,0.925131,0.036116,0.376177,-5.130793,0.639205,-14.75141,-0.02037,0.884311,0.003064,0.466445,18.105972,1.395723,35.608875
856,7.133333,-0.02475,0.904855,0.004136,0.424979,-3.045158,86.541824,12.830462,-0.118028,0.898659,0.103317,0.409642,-3.419722,94.286011,12.725377,0.002832,0.909926,-0.022773,0.414136,-9.621286,114.154037,14.584999,0.109416,0.937598,0.012281,0.32983,-9.110979,135.379684,13.75423,0.134569,0.965401,-0.003845,0.223335,-5.047693,149.588242,13.670507,-0.099228,0.749292,0.089962,0.648554,-12.341264,129.839706,11.402099,-0.760038,0.139679,0.471674,-0.424684,-14.701448,129.296417,-5.39614,-0.708756,-0.560926,0.13446,0.406138,-3.218953,115.657333,-18.710249,0.279559,0.293882,-0.6005,-0.689115,6.938481,143.113098,-10.663633,-0.06795,0.908545,-0.017347,0.411859,-7.41097,129.942581,17.05905,0.453296,0.879088,0.110275,0.097811,3.646417,132.280624,29.720575,-0.202009,0.558436,0.499877,-0.630448,16.327923,114.066589,31.322592,-0.045528,0.372294,0.627756,-0.682091,19.351274,135.028152,19.023737,0.024433,0.918014,0.160038,0.361997,-9.073954,86.15152,5.555984,0.089314,0.963051,-0.038063,0.251212,-6.502287,51.833214,-5.726396,-0.036332,0.925094,0.036288,0.376251,-15.547074,5.407977,-4.380689,-0.126728,0.871451,-0.076551,0.467604,2.983638,86.932137,20.104939,-0.046645,0.884338,-0.146958,0.440651,8.390184,52.303146,29.229313,-0.019904,0.883954,0.001856,0.467146,6.165571,7.235599,43.473209,-0.036332,0.925094,0.036288,0.376251,-5.129457,0.634072,-14.756109,-0.019904,0.883954,0.001856,0.467146,18.105667,1.404382,35.57402
857,7.141667,-0.0251,0.904979,0.003893,0.424697,-3.083447,86.564453,12.684143,-0.118716,0.898731,0.103027,0.40936,-3.461347,94.308403,12.57346,0.002388,0.910057,-0.02212,0.413886,-9.684473,114.177032,14.412602,0.109123,0.937968,0.01308,0.328842,-9.203076,135.404022,13.599147,0.133299,0.965963,-0.002018,0.221683,-5.156735,149.617493,13.529126,-0.099844,0.749245,0.090631,0.64842,-12.427304,129.861679,11.244294,-0.76079,0.138787,0.471723,-0.423572,-14.789211,129.317215,-5.553661,-0.707963,-0.561613,0.133629,0.406843,-3.29776,115.726021,-18.908966,0.279339,0.295328,-0.600017,-0.689007,6.826363,143.169586,-10.779188,-0.068383,0.908664,-0.016741,0.411549,-7.493868,129.966476,16.89847,0.451723,0.880073,0.11111,0.095245,3.570167,132.309525,29.553255,-0.203213,0.556507,0.499641,-0.631952,16.337065,114.146255,31.049994,-0.046369,0.371226,0.627282,-0.683051,19.243921,135.154312,18.795023,0.023908,0.917694,0.159073,0.363265,-9.116451,86.166122,5.413589,0.089018,0.96294,-0.038705,0.251644,-6.520016,51.823677,-5.789376,-0.036603,0.925017,0.0365,0.376393,-15.553694,5.398104,-4.38215,-0.126924,0.871022,-0.077425,0.468206,2.949557,86.962776,19.954697,-0.047551,0.883709,-0.14705,0.441784,8.331543,52.347141,29.144012,-0.019857,0.883711,0.000148,0.467612,6.160311,7.290215,43.429691,-0.036603,0.925017,0.0365,0.376393,-5.129562,0.633148,-14.755138,-0.019857,0.883711,0.000148,0.467612,18.099451,1.415748,35.561157
858,7.15,-0.025348,0.905095,0.003413,0.42444,-3.130784,86.594109,12.555144,-0.118938,0.898889,0.102728,0.409023,-3.509033,94.337921,12.436199,0.001445,0.910205,-0.021683,0.413588,-9.732087,114.198624,14.261881,0.10871,0.938199,0.013892,0.328286,-9.295125,135.42659,13.448587,0.13166,0.96638,-0.000504,0.220849,-5.268362,149.645691,13.393966,-0.099786,0.749634,0.091362,0.647877,-12.50955,129.87764,11.095873,-0.761616,0.137712,0.471548,-0.422634,-14.895751,129.347733,-5.699118,-0.707363,-0.562107,0.132755,0.407492,-3.383699,115.810883,-19.091835,0.279115,0.296379,-0.599782,-0.688851,6.720936,143.238815,-10.885331,-0.069901,0.908946,-0.01618,0.410694,-7.572362,129.992493,16.746578,0.450171,0.880861,0.112168,0.094063,3.508429,132.374725,29.379372,-0.204105,0.555175,0.499077,-0.633281,16.347565,114.257874,30.819584,-0.047623,0.370248,0.625652,-0.684987,19.15325,135.284164,18.590403,0.023383,0.917364,0.15832,0.36446,-9.167686,86.187622,5.288278,0.088659,0.962755,-0.03937,0.252374,-6.541897,51.826061,-5.849046,-0.036588,0.924976,0.036516,0.376494,-15.559875,5.399364,-4.379482,-0.127283,0.87042,-0.078611,0.469029,2.906118,87.000603,19.82201,-0.048343,0.882788,-0.147293,0.443455,8.260326,52.404976,29.102453,-0.020828,0.883668,-0.001687,0.467647,6.117711,7.362023,43.436451,-0.036588,0.924976,0.036516,0.376494,-5.133606,0.634736,-14.750478,-0.020828,0.883668,-0.001687,0.467647,18.05825,1.454989,35.59446
859,7.158333,-0.025674,0.905121,0.003071,0.424368,-3.175239,86.627655,12.429376,-0.119431,0.89895,0.103698,0.408499,-3.555822,94.371239,12.303517,0.000884,0.910385,-0.022364,0.413156,-9.810151,114.212761,14.159548,0.108177,0.93856,0.014244,0.327415,-9.383308,135.439499,13.309871,0.130314,0.966857,0.001407,0.219552,-5.375608,149.663971,13.255058,-0.099697,0.749456,0.091978,0.64801,-12.597553,129.885178,10.969655,-0.762217,0.137162,0.471777,-0.421472,-14.978512,129.372086,-5.826602,-0.706608,-0.56258,0.132446,0.408249,-3.469334,115.870285,-19.257111,0.278763,0.297782,-0.599144,-0.688943,6.607948,143.291168,-10.993656,-0.070794,0.909388,-0.015498,0.409587,-7.654986,130.01178,16.615404,0.448482,0.881968,0.112074,0.091846,3.452355,132.412537,29.221344,-0.206144,0.553676,0.497929,-0.634834,16.377417,114.351257,30.58947,-0.048395,0.370348,0.624553,-0.685882,19.046364,135.425262,18.399929,0.022738,0.917267,0.157442,0.365124,-9.212981,86.212822,5.163681,0.088361,0.962515,-0.039982,0.253296,-6.559783,51.829018,-5.898238,-0.036645,0.924954,0.036507,0.376543,-15.566715,5.401921,-4.374462,-0.127732,0.870148,-0.079541,0.469255,2.862503,87.042496,19.69507,-0.048715,0.882472,-0.147187,0.44408,8.209632,52.46582,29.049952,-0.023026,0.883412,-0.003502,0.468017,6.092355,7.423326,43.389149,-0.036645,0.924954,0.036507,0.376543,-5.138833,0.63773,-14.744035,-0.023026,0.883412,-0.003502,0.468017,18.053421,1.501517,35.589703
860,7.166667,-0.025921,0.905231,0.002695,0.424121,-3.208065,86.658226,12.324477,-0.120229,0.899157,0.103758,0.407794,-3.589676,94.401649,12.19182,0.000223,0.910718,-0.022213,0.412431,-9.875934,114.244011,14.041783,0.108293,0.938835,0.014575,0.326573,-9.477999,135.471069,13.186007,0.128619,0.967308,0.002773,0.218553,-5.471586,149.695923,13.136808,-0.099949,0.74933,0.092203,0.648084,-12.688839,129.911957,10.852434,-0.76269,0.13632,0.47181,-0.420851,-15.064825,129.398056,-5.944502,-0.70584,-0.562964,0.132227,0.409119,-3.546796,115.934372,-19.405636,0.277503,0.298442,-0.599076,-0.689226,6.507776,143.347015,-11.087381,-0.07165,0.909821,-0.015084,0.40849,-7.737268,130.046432,16.490108,0.446887,0.88296,0.111949,0.090222,3.396382,132.468338,29.068768,-0.207531,0.552651,0.496868,-0.636106,16.398134,114.458527,30.387587,-0.049824,0.369461,0.623544,-0.687175,18.960098,135.560043,18.21715,0.022265,0.917402,0.156741,0.365117,-9.249525,86.236076,5.062295,0.088008,0.962341,-0.040479,0.253998,-6.58374,51.834785,-5.942096,-0.036628,0.924923,0.036391,0.376631,-15.571652,5.405581,-4.371101,-0.127969,0.870141,-0.080405,0.469056,2.833396,87.080376,19.586658,-0.048911,0.882203,-0.147368,0.444532,8.167167,52.518093,29.002127,-0.026638,0.883185,-0.004759,0.468244,6.051102,7.482436,43.362957,-0.036628,0.924923,0.036391,0.376631,-5.142354,0.638109,-14.737741,-0.026638,0.883185,-0.004759,0.468244,18.048044,1.579632,35.604317
861,7.175,-0.025883,0.90522,0.002263,0.424148,-3.24448,86.685417,12.229191,-0.120497,0.899334,0.104067,0.407245,-3.622708,94.428902,12.090716,-0.000662,0.910983,-0.022347,0.411838,-9.923628,114.268517,13.951511,0.107958,0.93917,0.01537,0.325682,-9.558167,135.4953,13.074811,0.127138,0.967807,0.003916,0.217186,-5.569562,149.725204,13.039519,-0.100178,0.749317,0.092765,0.647984,-12.763911,129.92923,10.750876,-0.763009,0.13508,0.471962,-0.420504,-15.142722,129.421616,-6.045845,-0.704966,-0.563272,0.132117,0.410235,-3.616101,116.002548,-19.544128,0.275806,0.298301,-0.59908,-0.689964,6.419118,143.404755,-11.168337,-0.072583,0.910219,-0.014766,0.40745,-7.805021,130.076416,16.381792,0.445466,0.883928,0.111544,0.088256,3.352875,132.523209,28.934118,-0.209031,0.551559,0.49577,-0.637417,16.426682,114.56144,30.194595,-0.051065,0.368776,0.622098,-0.68876,18.87578,135.686462,18.050121,0.02187,0.917451,0.155895,0.365381,-9.285532,86.260475,4.966835,0.08764,0.962403,-0.040651,0.253864,-6.613034,51.838757,-5.971828,-0.036674,0.924922,0.036293,0.37664,-15.571603,5.404768,-4.375007,-0.128289,0.870146,-0.081144,0.468832,2.796573,87.110367,19.491547,-0.048842,0.88182,-0.147485,0.44526,8.126736,52.562679,28.962444,-0.028985,0.882128,-0.004271,0.470098,5.98806,7.529676,43.328243,-0.036674,0.924922,0.036293,0.37664,-5.141964,0.635187,-14.740327,-0.028985,0.882128,-0.004271,0.470098,18.045076,1.673461,35.627644
862,7.183333,-0.025806,0.905087,0.001837,0.424439,-3.279389,86.708748,12.144091,-0.12077,0.899505,0.104404,0.406701,-3.653698,94.452324,12.000008,-0.001367,0.911283,-0.022582,0.411159,-9.970629,114.291069,13.872747,0.107594,0.939491,0.015833,0.324853,-9.629017,135.517349,12.974366,0.125406,0.968265,0.005138,0.216126,-5.655841,149.751587,12.943877,-0.100409,0.749371,0.093086,0.64784,-12.832374,129.945557,10.660838,-0.763294,0.133932,0.472164,-0.420125,-15.215951,129.438492,-6.135224,-0.704061,-0.563643,0.132205,0.41125,-3.684072,116.060875,-19.670105,0.274261,0.298495,-0.598878,-0.690671,6.324408,143.458328,-11.246829,-0.074062,0.910692,-0.013913,0.406155,-7.865113,130.103622,16.284075,0.443715,0.884973,0.111047,0.08722,3.321177,132.584854,28.804325,-0.210395,0.550884,0.494179,-0.638786,16.472345,114.678383,30.046602,-0.052024,0.368439,0.619822,-0.690918,18.808439,135.821823,17.900055,0.021759,0.917426,0.154986,0.365835,-9.315846,86.281761,4.878035,0.087177,0.962393,-0.040788,0.254038,-6.654876,51.839233,-5.997774,-0.03677,0.92489,0.036339,0.376703,-15.575131,5.398631,-4.378749,-0.128805,0.870448,-0.081864,0.468004,2.75707,87.135735,19.410145,-0.048006,0.882025,-0.147516,0.444935,8.103059,52.606167,28.938017,-0.031517,0.880235,-0.003371,0.473477,5.898754,7.566362,43.272545,-0.03677,0.92489,0.036339,0.376703,-5.142984,0.631445,-14.742649,-0.031517,0.880235,-0.003371,0.473477,18.046211,1.771441,35.668308
863,7.191667,-0.025777,0.904979,0.001714,0.424671,-3.297199,86.729446,12.075071,-0.121126,0.899702,0.104658,0.406094,-3.670259,94.473053,11.929366,-0.002356,0.911617,-0.022613,0.410412,-10.004379,114.309525,13.809866,0.107095,0.939934,0.015713,0.323741,-9.701257,135.535583,12.89275,0.123918,0.96875,0.006651,0.214763,-5.742258,149.773727,12.848192,-0.100626,0.749394,0.093403,0.647734,-12.898782,129.956253,10.589375,-0.763676,0.133005,0.472325,-0.419545,-15.285562,129.450211,-6.206267,-0.703056,-0.563935,0.132698,0.412408,-3.749453,116.111015,-19.775434,0.272654,0.298557,-0.599238,-0.690969,6.231087,143.508194,-11.318201,-0.075307,0.911349,-0.013884,0.404449,-7.922368,130.127792,16.204123,0.442422,0.885924,0.109924,0.085548,3.30457,132.647995,28.68013,-0.211843,0.549641,0.492852,-0.640401,16.519598,114.786278,29.888662,-0.052932,0.367685,0.619322,-0.691698,18.725008,135.958145,17.756063,0.0217,0.917526,0.154183,0.365926,-9.329971,86.302032,4.805978,0.087142,0.962198,-0.040981,0.254758,-6.685465,51.841331,-6.016122,-0.036906,0.924534,0.03616,0.377581,-15.608401,5.401659,-4.38537,-0.12898,0.870765,-0.082406,0.46727,2.735574,87.15686,19.344162,-0.047568,0.881216,-0.147457,0.4466,8.081551,52.636986,28.907129,-0.034552,0.878537,-0.001727,0.476419,5.816301,7.591563,43.21447,-0.036906,0.924534,0.03616,0.377581,-5.156056,0.631734,-14.727637,-0.034552,0.878537,-0.001727,0.476419,18.054573,1.883774,35.690372
864,7.2,-0.025703,0.9048,0.001724,0.425057,-3.310864,86.744514,12.017443,-0.121475,0.899737,0.104923,0.405844,-3.682877,94.488174,11.872207,-0.002987,0.911773,-0.022663,0.410059,-10.036124,114.326355,13.758906,0.106607,0.940244,0.01604,0.322985,-9.756952,135.552185,12.828732,0.121954,0.969264,0.007606,0.213533,-5.815371,149.795151,12.784523,-0.101434,0.749295,0.093949,0.647643,-12.950218,129.967957,10.531291,-0.763808,0.131233,0.472878,-0.41924,-15.335445,129.453415,-6.264314,-0.701753,-0.56435,0.133184,0.413901,-3.80175,116.169777,-19.889904,0.270339,0.298633,-0.59933,-0.691765,6.142493,143.56424,-11.381312,-0.075896,0.911881,-0.013344,0.403155,-7.969498,130.148331,16.141941,0.44025,0.887333,0.108769,0.083599,3.289874,132.680115,28.586336,-0.213574,0.548538,0.491166,-0.642066,16.604891,114.890251,29.756523,-0.053615,0.366324,0.617801,-0.693725,18.669977,136.087982,17.63588,0.021795,0.9176,0.153479,0.366032,-9.3375,86.31855,4.743176,0.086812,0.962103,-0.041185,0.255195,-6.716929,51.842453,-6.03564,-0.036909,0.924495,0.036256,0.377668,-15.615656,5.398929,-4.382378,-0.129142,0.870852,-0.082481,0.46705,2.715773,87.170471,19.29171,-0.047023,0.880317,-0.147611,0.448378,8.07156,52.654541,28.863419,-0.038065,0.877262,-6.4e-05,0.4785,5.725569,7.60853,43.155891,-0.036909,0.924495,0.036256,0.377668,-5.161057,0.63171,-14.723616,-0.038065,0.877262,-6.4e-05,0.4785,18.043842,1.995026,35.691647
865,7.208333,-0.025669,0.90473,0.001819,0.425207,-3.311836,86.756157,11.980891,-0.121909,0.899817,0.104998,0.405515,-3.683972,94.499847,11.837147,-0.003699,0.911964,-0.022395,0.409643,-10.055097,114.336967,13.721726,0.105764,0.940725,0.015458,0.321888,-9.808575,135.563095,12.789422,0.120214,0.969805,0.008799,0.212011,-5.886326,149.811295,12.715249,-0.102199,0.7492,0.094441,0.647561,-12.995654,129.973907,10.495503,-0.763787,0.129603,0.473721,-0.418832,-15.37919,129.45079,-6.300071,-0.700371,-0.564616,0.134034,0.415601,-3.862071,116.215538,-19.986643,0.267752,0.298729,-0.59976,-0.692357,6.050196,143.609161,-11.438058,-0.077544,0.912377,-0.012999,0.401729,-8.009893,130.162231,16.101408,0.437742,0.888552,0.109569,0.082775,3.279849,132.740982,28.508585,-0.21445,0.547123,0.489748,-0.644061,16.698959,115.027451,29.647287,-0.054012,0.365985,0.615279,-0.696111,18.619318,136.231216,17.527231,0.022137,0.917801,0.153025,0.365698,-9.336096,86.331581,4.704577,0.08636,0.962161,-0.041403,0.255095,-6.754316,51.846493,-6.054833,-0.037229,0.924587,0.036396,0.377396,-15.617243,5.397263,-4.369784,-0.129241,0.871159,-0.082612,0.466426,2.712424,87.180733,19.257206,-0.046146,0.879918,-0.14752,0.449281,8.076654,52.668213,28.836483,-0.041457,0.876048,0.002324,0.480432,5.647051,7.61193,43.082542,-0.037229,0.924587,0.036396,0.377396,-5.165041,0.637355,-14.71681,-0.041457,0.876048,0.002324,0.480432,18.044132,2.109461,35.666252
866,7.216667,-0.025529,0.90459,0.001937,0.425513,-3.309972,86.762985,11.954019,-0.122268,0.899866,0.105185,0.40525,-3.680882,94.506767,11.81273,-0.004406,0.912124,-0.022335,0.409281,-10.068896,114.341965,13.700138,0.1051,0.941116,0.01523,0.320971,-9.851202,135.567963,12.757776,0.118216,0.970353,0.009642,0.210589,-5.946423,149.820847,12.666135,-0.103074,0.749159,0.094856,0.647409,-13.032781,129.973495,10.469081,-0.763801,0.127638,0.474365,-0.418682,-15.416897,129.436905,-6.325993,-0.698867,-0.565091,0.134957,0.417185,-3.904456,116.259552,-20.072231,0.265168,0.298758,-0.600341,-0.692835,5.960119,143.658035,-11.484252,-0.079091,0.912968,-0.012305,0.400103,-8.042654,130.171021,16.070787,0.435569,0.889792,0.109128,0.081495,3.283127,132.789139,28.436813,-0.214987,0.545371,0.488541,-0.646281,16.796074,115.145363,29.548532,-0.054096,0.36403,0.61491,-0.697454,18.565086,136.363312,17.422749,0.022348,0.918015,0.152651,0.365305,-9.32945,86.341827,4.673547,0.086152,0.962069,-0.041572,0.255485,-6.776272,51.84914,-6.068305,-0.037323,0.924555,0.036364,0.37747,-15.625053,5.397832,-4.366297,-0.129296,0.871215,-0.08271,0.46629,2.709505,87.184135,19.234489,-0.045287,0.879506,-0.147076,0.450318,8.075256,52.673828,28.820879,-0.04425,0.875464,0.004832,0.481229,5.576863,7.597742,42.992191,-0.037323,0.924555,0.036364,0.37747,-5.170394,0.638199,-14.710969,-0.04425,0.875464,0.004832,0.481229,18.02706,2.19977,35.588085
867,7.225,-0.025195,0.904499,0.001882,0.425727,-3.307415,86.763763,11.942726,-0.122457,0.899934,0.105461,0.404971,-3.673246,94.50782,11.802793,-0.005191,0.912267,-0.022443,0.408947,-10.071772,114.337471,13.699015,0.104363,0.94154,0.01504,0.319975,-9.882973,135.562943,12.738755,0.116191,0.97095,0.010417,0.208921,-5.998155,149.821167,12.62966,-0.103995,0.749123,0.09549,0.647211,-13.058859,129.962341,10.457155,-0.763799,0.125669,0.475247,-0.418281,-15.445224,129.415756,-6.337275,-0.697295,-0.565419,0.136063,0.419007,-3.947873,116.297379,-20.152388,0.262676,0.29858,-0.600975,-0.693311,5.87597,143.698914,-11.527481,-0.080614,0.913349,-0.01186,0.398942,-8.064745,130.171173,16.054897,0.4331,0.891252,0.108239,0.07987,3.284269,132.831009,28.390682,-0.215678,0.544121,0.487047,-0.648229,16.904327,115.267921,29.472351,-0.053509,0.362315,0.613022,-0.700049,18.534798,136.485382,17.337801,0.022541,0.918263,0.152489,0.364735,-9.323755,86.347946,4.659356,0.085927,0.962026,-0.04167,0.255707,-6.794423,51.852314,-6.078696,-0.037184,0.924593,0.036385,0.377387,-15.625628,5.398118,-4.364381,-0.128988,0.871243,-0.082548,0.466351,2.708924,87.179581,19.226097,-0.044696,0.879406,-0.146742,0.450681,8.060583,52.661575,28.792614,-0.04836,0.875953,0.007072,0.479914,5.521729,7.571178,42.91111,-0.037184,0.924593,0.036385,0.377387,-5.174116,0.637371,-14.71172,-0.04836,0.875953,0.007072,0.479914,17.999939,2.288218,35.471287
868,7.233333,-0.024868,0.904406,0.001749,0.425944,-3.299545,86.759102,11.947454,-0.122449,0.900046,0.105841,0.404625,-3.659878,94.503418,11.807716,-0.005954,0.912452,-0.022586,0.408518,-10.062382,114.326004,13.720287,0.103442,0.942039,0.014727,0.318818,-9.90115,135.550842,12.741137,0.114088,0.971595,0.011009,0.207042,-6.040505,149.81543,12.608644,-0.104568,0.749358,0.096122,0.646752,-13.072207,129.94426,10.467547,-0.763764,0.123558,0.47618,-0.417912,-15.474674,129.394638,-6.324491,-0.695758,-0.565603,0.137351,0.420891,-3.993442,116.338638,-20.211897,0.260301,0.298043,-0.601736,-0.693778,5.796418,143.743607,-11.559352,-0.082146,0.913768,-0.011059,0.397691,-8.072953,130.164276,16.060268,0.430907,0.892577,0.107508,0.077888,3.301441,132.861465,28.364527,-0.21652,0.54269,0.485783,-0.650093,17.019722,115.371994,29.396769,-0.052904,0.360811,0.61084,-0.702774,18.514139,136.606476,17.261616,0.022655,0.918483,0.152494,0.364171,-9.312704,86.347839,4.661197,0.085864,0.961979,-0.041714,0.255897,-6.797394,51.852684,-6.081658,-0.037293,0.924625,0.036226,0.377314,-15.624279,5.397811,-4.363513,-0.128412,0.871026,-0.082272,0.466964,2.713615,87.170364,19.233713,-0.04405,0.879952,-0.146286,0.449827,8.032551,52.638309,28.76774,-0.052223,0.876459,0.008279,0.478565,5.473494,7.529849,42.824753,-0.037293,0.924625,0.036226,0.377314,-5.173797,0.633975,-14.710474,-0.052223,0.876459,0.008279,0.478565,17.971386,2.332607,35.357651
869,7.241667,-0.024741,0.904344,0.001831,0.426082,-3.276213,86.754768,11.962098,-0.122503,0.90012,0.106364,0.404307,-3.635295,94.499176,11.824289,-0.006815,0.912592,-0.02278,0.40818,-10.047595,114.316582,13.757582,0.102276,0.942499,0.014336,0.317852,-9.916743,135.540588,12.755938,0.112079,0.972154,0.011446,0.205485,-6.085965,149.812943,12.596679,-0.105462,0.749392,0.096649,0.646489,-13.081715,129.927185,10.490696,-0.763455,0.121295,0.477225,-0.417947,-15.489353,129.365402,-6.300199,-0.694215,-0.565912,0.138597,0.422611,-4.02779,116.367813,-20.258471,0.258079,0.297252,-0.602974,-0.693872,5.719962,143.779175,-11.578568,-0.083692,0.914071,-0.011233,0.396666,-8.078485,130.160095,16.07934,0.428684,0.893908,0.106686,0.076003,3.314839,132.908051,28.354818,-0.216748,0.541037,0.484426,-0.652404,17.131084,115.493309,29.343002,-0.052669,0.359323,0.60979,-0.704464,18.473043,136.72554,17.191633,0.022891,0.918773,0.152521,0.363414,-9.287269,86.346367,4.673947,0.085484,0.962161,-0.041614,0.255356,-6.795785,51.852585,-6.078845,-0.037129,0.925054,0.036464,0.376255,-15.585031,5.39076,-4.355491,-0.127465,0.870992,-0.082078,0.467321,2.734842,87.16317,19.25025,-0.043214,0.881148,-0.145924,0.44768,7.998142,52.611256,28.743135,-0.054931,0.876826,0.008388,0.477585,5.419439,7.485867,42.742123,-0.037129,0.925054,0.036464,0.376255,-5.158878,0.630803,-14.728745,-0.054931,0.876826,0.008388,0.477585,17.92712,2.330262,35.262562
870,7.25,-0.024679,0.904196,0.002024,0.4264,-3.251324,86.743431,11.98685,-0.122255,0.900281,0.106904,0.40388,-3.610769,94.487877,11.85204,-0.007774,0.912824,-0.023065,0.407627,-10.021266,114.301285,13.812632,0.101777,0.942953,0.014413,0.316661,-9.923281,135.524139,12.783263,0.109677,0.972872,0.011556,0.203367,-6.108844,149.800781,12.615265,-0.106219,0.74957,0.097282,0.646064,-13.082686,129.903091,10.529241,-0.763254,0.119248,0.478255,-0.417725,-15.50351,129.333939,-6.259505,-0.692762,-0.566118,0.140033,0.424242,-4.063828,116.392517,-20.287748,0.256181,0.296894,-0.603988,-0.693847,5.645455,143.813324,-11.594614,-0.084578,0.914483,-0.011082,0.39553,-8.072893,130.150711,16.111368,0.425934,0.895526,0.105434,0.074148,3.345913,132.924881,28.357235,-0.217693,0.539615,0.482475,-0.654709,17.279156,115.601822,29.313749,-0.051858,0.358112,0.607299,-0.707286,18.453499,136.838699,17.146996,0.023045,0.918905,0.152659,0.363012,-9.257314,86.33773,4.694374,0.086168,0.961748,-0.041756,0.256655,-6.777131,51.847504,-6.072446,-0.037368,0.924507,0.036228,0.377594,-15.633848,5.397913,-4.364879,-0.12631,0.871018,-0.081584,0.467672,2.754666,87.149132,19.279327,-0.042486,0.882669,-0.145803,0.444783,7.960002,52.570122,28.705269,-0.058186,0.8772,0.006665,0.476539,5.371778,7.435489,42.672657,-0.037368,0.924507,0.036228,0.377594,-5.176433,0.635193,-14.705339,-0.058186,0.8772,0.006665,0.476539,17.885702,2.28366,35.200943
871,7.258333,-0.024651,0.904116,0.002244,0.42657,-3.220896,86.735489,12.022997,-0.12185,0.900512,0.107183,0.403413,-3.58137,94.479942,11.891389,-0.008886,0.913088,-0.02301,0.407015,-9.978837,114.290169,13.872252,0.100903,0.94347,0.014195,0.315408,-9.925619,135.512344,12.825698,0.107534,0.973522,0.011751,0.201381,-6.135247,149.79512,12.637035,-0.107134,0.749858,0.097796,0.645501,-13.076654,129.883041,10.58057,-0.762956,0.117141,0.479232,-0.417748,-15.51555,129.29895,-6.205053,-0.691302,-0.566353,0.141579,0.425795,-4.095335,116.412033,-20.299181,0.254165,0.296346,-0.605147,-0.693813,5.571412,143.845657,-11.599054,-0.085837,0.914816,-0.011004,0.394491,-8.05966,130.145386,16.155552,0.423469,0.896997,0.104156,0.07226,3.37972,132.958191,28.373373,-0.218349,0.538307,0.480679,-0.656885,17.418436,115.718605,29.295027,-0.051626,0.356652,0.60516,-0.70987,18.438957,136.953522,17.108532,0.02318,0.918946,0.152918,0.362791,-9.224171,86.332092,4.728155,0.086405,0.961806,-0.041801,0.256352,-6.748652,51.848053,-6.059573,-0.037273,0.924645,0.036268,0.377263,-15.627339,5.402693,-4.351026,-0.124822,0.871491,-0.08121,0.467257,2.782379,87.138885,19.317839,-0.042167,0.884056,-0.145775,0.44206,7.913239,52.528404,28.668806,-0.061986,0.877653,0.003573,0.475257,5.342675,7.390454,42.628712,-0.037273,0.924645,0.036268,0.377263,-5.178044,0.639735,-14.699589,-0.061986,0.877653,0.003573,0.475257,17.85869,2.216082,35.176098
872,7.266667,-0.024634,0.904091,0.002543,0.426622,-3.182507,86.727051,12.071862,-0.12148,0.900824,0.107789,0.402666,-3.544709,94.471489,11.944541,-0.010032,0.913456,-0.023405,0.406139,-9.935305,114.275673,13.959226,0.100052,0.944022,0.013993,0.314033,-9.920783,135.49614,12.87753,0.105334,0.974178,0.011988,0.199342,-6.154272,149.784943,12.668324,-0.107841,0.750141,0.098299,0.644978,-13.066443,129.857712,10.647835,-0.762636,0.115151,0.480195,-0.41778,-15.52311,129.26384,-6.134848,-0.690034,-0.566464,0.14317,0.427171,-4.123432,116.427551,-20.291647,0.252498,0.295985,-0.606548,-0.693353,5.508199,143.87529,-11.59712,-0.08731,0.915219,-0.010778,0.393236,-8.039088,130.137924,16.212605,0.42075,0.898412,0.103677,0.07125,3.425197,132.994171,28.396952,-0.218682,0.536894,0.478753,-0.659332,17.572525,115.842857,29.304379,-0.050952,0.356001,0.602387,-0.712599,18.427992,137.065536,17.086945,0.023329,0.918866,0.153294,0.362825,-9.184954,86.32637,4.776191,0.086815,0.961638,-0.041831,0.256839,-6.70899,51.851185,-6.039654,-0.037034,0.924672,0.036187,0.377227,-15.626258,5.412784,-4.34295,-0.123033,0.872431,-0.080792,0.466047,2.819941,87.127724,19.367535,-0.042275,0.885239,-0.145935,0.439623,7.867444,52.480221,28.626305,-0.062953,0.877839,0.001937,0.474797,5.337632,7.347548,42.610687,-0.037034,0.924672,0.036187,0.377227,-5.180392,0.644861,-14.692686,-0.062953,0.877839,0.001937,0.474797,17.848513,2.146043,35.168346
873,7.275,-0.024409,0.90398,0.002731,0.426868,-3.145962,86.710106,12.128388,-0.120836,0.901085,0.108373,0.40212,-3.50622,94.454704,12.005089,-0.011388,0.91372,-0.02394,0.405478,-9.880638,114.258385,14.056377,0.098983,0.944565,0.013858,0.312742,-9.910313,135.476547,12.930548,0.103432,0.974807,0.012226,0.197241,-6.174114,149.772995,12.701173,-0.109382,0.750154,0.09902,0.644593,-13.047928,129.827194,10.717228,-0.762298,0.113107,0.481162,-0.417842,-15.510075,129.208542,-6.063759,-0.68856,-0.566883,0.144753,0.428456,-4.130983,116.424026,-20.283834,0.251506,0.295119,-0.607963,-0.692843,5.444086,143.890991,-11.587573,-0.08864,0.915549,-0.010641,0.392174,-8.012955,130.129059,16.273972,0.418455,0.899802,0.102066,0.069527,3.471699,133.025421,28.42964,-0.218898,0.535317,0.476819,-0.661939,17.715508,115.952888,29.313049,-0.051083,0.354689,0.601721,-0.713806,18.397688,137.16716,17.059973,0.023499,0.918688,0.153649,0.363114,-9.144648,86.314857,4.829327,0.08727,0.961698,-0.041642,0.256491,-6.667108,51.848137,-6.013119,-0.036929,0.924711,0.036164,0.377146,-15.620319,5.415738,-4.34163,-0.121339,0.874037,-0.080025,0.463607,2.852723,87.105354,19.427448,-0.042618,0.886265,-0.145821,0.437556,7.847308,52.418934,28.568453,-0.063743,0.877322,0.000656,0.475649,5.383625,7.28586,42.563362,-0.036929,0.924711,0.036164,0.377146,-5.177356,0.645915,-14.693419,-0.063743,0.877322,0.000656,0.475649,17.911682,2.065811,35.163013
874,7.283333,-0.024006,0.903812,0.002675,0.427248,-3.117564,86.689163,12.196251,-0.120168,0.901381,0.108886,0.401517,-3.471768,94.434067,12.074687,-0.012446,0.914065,-0.024319,0.404646,-9.824101,114.22644,14.15952,0.098072,0.945161,0.01348,0.311242,-9.889358,135.442764,13.00087,0.101204,0.9755,0.012464,0.194944,-6.177472,149.745102,12.74502,-0.109782,0.750529,0.09956,0.644005,-13.022115,129.785019,10.802094,-0.761568,0.111137,0.481819,-0.418942,-15.506993,129.164627,-5.975477,-0.687653,-0.567241,0.146298,0.428916,-4.136427,116.414726,-20.233402,0.250466,0.294532,-0.609112,-0.69246,5.386726,143.909637,-11.568538,-0.0904,0.915893,-0.010602,0.390968,-7.977405,130.10347,16.349073,0.416259,0.901118,0.100406,0.068065,3.528614,133.054596,28.471315,-0.219334,0.534137,0.474705,-0.664263,17.862953,116.057274,29.340908,-0.050966,0.353909,0.599518,-0.716051,18.384659,137.255478,17.052958,0.02361,0.91844,0.154067,0.363557,-9.110472,86.300438,4.892097,0.087722,0.961686,-0.041383,0.256423,-6.624006,51.843418,-5.97908,-0.03682,0.924771,0.03606,0.377019,-15.611723,5.41648,-4.341552,-0.119967,0.87549,-0.079372,0.461329,2.875344,87.077888,19.500404,-0.043259,0.886163,-0.145867,0.437682,7.830774,52.359955,28.542557,-0.060548,0.876975,0.000582,0.476705,5.416748,7.233372,42.567017,-0.03682,0.924771,0.03606,0.377019,-5.172986,0.642494,-14.695679,-0.060548,0.876975,0.000582,0.476705,17.931435,1.965284,35.178101
875,7.291667,-0.023652,0.903725,0.002886,0.42745,-3.079104,86.666481,12.262199,-0.119148,0.901532,0.109737,0.401251,-3.429713,94.411636,12.145855,-0.013796,0.914157,-0.024863,0.404363,-9.755864,114.2015,14.281332,0.09704,0.945647,0.013113,0.310101,-9.86458,135.415176,13.078385,0.099149,0.976149,0.01252,0.192733,-6.179798,149.724045,12.797157,-0.110646,0.75087,0.10022,0.643356,-12.987351,129.746567,10.893466,-0.760831,0.109486,0.48255,-0.419875,-15.49411,129.115097,-5.880438,-0.686664,-0.567624,0.147938,0.429429,-4.138692,116.391083,-20.173521,0.249558,0.293788,-0.61029,-0.692067,5.328757,143.915268,-11.540545,-0.092183,0.916383,-0.010001,0.389416,-7.939731,130.086761,16.436504,0.41447,0.902274,0.098414,0.066562,3.596338,133.086349,28.518221,-0.219836,0.533137,0.472569,-0.666421,18.005817,116.152069,29.37569,-0.05118,0.353513,0.597445,-0.717961,18.376091,137.337555,17.049953,0.023876,0.918114,0.154344,0.364245,-9.069068,86.285561,4.955218,0.087995,0.961982,-0.040817,0.255308,-6.584708,51.835632,-5.938907,-0.036667,0.924998,0.03625,0.376457,-15.581632,5.408809,-4.349124,-0.119004,0.87646,-0.078555,0.459876,2.910861,87.047401,19.569183,-0.043919,0.885639,-0.146019,0.438626,7.849109,52.303444,28.520292,-0.0557,0.876658,0.000359,0.477878,5.468909,7.186481,42.581436,-0.036667,0.924998,0.03625,0.376457,-5.156245,0.637844,-14.718092,-0.0557,0.876658,0.000359,0.477878,17.955139,1.842228,35.199078
876,7.3,-0.023454,0.903609,0.003201,0.427704,-3.032881,86.644829,12.331276,-0.118558,0.901698,0.110386,0.400874,-3.382782,94.390091,12.220566,-0.014399,0.914413,-0.024563,0.403779,-9.694788,114.17395,14.392358,0.09583,0.946282,0.012142,0.308577,-9.832821,135.387527,13.190792,0.097043,0.976816,0.012505,0.19041,-6.175552,149.702484,12.863928,-0.111706,0.751041,0.100506,0.642929,-12.951043,129.714966,11.009643,-0.760242,0.107714,0.483551,-0.420249,-15.468451,129.060608,-5.761783,-0.685399,-0.567907,0.149862,0.430407,-4.138934,116.372665,-20.107374,0.248676,0.292988,-0.611568,-0.691594,5.274209,143.924088,-11.501988,-0.093206,0.916693,-0.01113,0.388411,-7.896601,130.061447,16.54607,0.412473,0.903513,0.096719,0.064623,3.659567,133.108383,28.596691,-0.220083,0.531896,0.470584,-0.668731,18.153875,116.244957,29.419729,-0.050835,0.353176,0.594709,-0.720419,18.367558,137.408096,17.060873,0.024313,0.9176,0.154639,0.365385,-9.018911,86.269913,5.020764,0.08848,0.962193,-0.040415,0.254408,-6.542166,51.828117,-5.900772,-0.036618,0.925085,0.03631,0.376244,-15.571919,5.406323,-4.350924,-0.118619,0.876784,-0.077715,0.459499,2.953148,87.019745,19.641787,-0.044238,0.885195,-0.146094,0.439465,7.899895,52.259659,28.525352,-0.051083,0.876068,0.000593,0.479474,5.529909,7.147431,42.603416,-0.036618,0.925085,0.03631,0.376244,-5.151559,0.636299,-14.725372,-0.051083,0.876068,0.000593,0.479474,17.998749,1.742642,35.235756
877,7.308333,-0.023336,0.903634,0.003806,0.427653,-2.977459,86.623314,12.411958,-0.117877,0.901996,0.111097,0.400207,-3.329715,94.368599,12.310534,-0.015332,0.914734,-0.02493,0.402995,-9.622474,114.140343,14.523785,0.094908,0.946818,0.01182,0.307227,-9.791539,135.351974,13.29213,0.094676,0.977456,0.012396,0.188317,-6.159337,149.672729,12.941276,-0.112371,0.751625,0.101035,0.642047,-12.905781,129.672058,11.124491,-0.759295,0.105958,0.483968,-0.421924,-15.4566,129.007034,-5.641469,-0.684614,-0.568282,0.151702,0.430519,-4.128344,116.339111,-20.005747,0.247377,0.292165,-0.612909,-0.691222,5.225285,143.928116,-11.456032,-0.094889,0.916935,-0.010869,0.387437,-7.842255,130.033356,16.651663,0.410095,0.904871,0.095119,0.06311,3.728826,133.129639,28.675362,-0.22021,0.530761,0.468216,-0.671248,18.318779,116.34803,29.480785,-0.052021,0.352562,0.593553,-0.721588,18.364407,137.486053,17.068825,0.024798,0.91722,0.155076,0.366119,-8.964422,86.255302,5.101859,0.089053,0.962388,-0.039981,0.253534,-6.49942,51.825035,-5.858583,-0.036311,0.925075,0.036365,0.376291,-15.569174,5.409554,-4.353968,-0.118606,0.876833,-0.077116,0.459511,3.009504,86.991325,19.722057,-0.044371,0.884336,-0.145991,0.441211,7.975648,52.224297,28.567535,-0.045598,0.875706,0.001891,0.480684,5.593338,7.110354,42.638012,-0.036311,0.925075,0.036365,0.376291,-5.150622,0.637525,-14.729309,-0.045598,0.875706,0.001891,0.480684,18.034128,1.658281,35.257782
878,7.316667,-0.023443,0.903636,0.004276,0.427638,-2.91391,86.608299,12.49818,-0.117208,0.902207,0.11191,0.399701,-3.270787,94.353447,12.402638,-0.01647,0.914961,-0.02501,0.40243,-9.545793,114.109055,14.659384,0.09415,0.94731,0.011394,0.305957,-9.758487,135.31897,13.405284,0.092653,0.978065,0.012188,0.186161,-6.145881,149.644058,13.029437,-0.113294,0.752069,0.10158,0.641279,-12.864206,129.630569,11.247672,-0.758224,0.103787,0.48429,-0.424015,-15.441422,128.949509,-5.513611,-0.683855,-0.568846,0.153363,0.430392,-4.106783,116.308762,-19.896776,0.246137,0.291423,-0.614054,-0.690961,5.177113,143.937256,-11.398692,-0.095827,0.91736,-0.010592,0.386207,-7.794398,130.007813,16.768021,0.406962,0.906484,0.093874,0.062098,3.802902,133.130615,28.759569,-0.220417,0.52942,0.465495,-0.674125,18.512407,116.453674,29.564529,-0.051719,0.352604,0.591434,-0.723327,18.36381,137.55751,17.098083,0.02548,0.916832,0.155505,0.366864,-8.901031,86.242256,5.188109,0.089575,0.96244,-0.039646,0.253207,-6.46086,51.824116,-5.815923,-0.036572,0.925078,0.03625,0.376271,-15.569353,5.414942,-4.351371,-0.119002,0.876455,-0.07669,0.460199,3.073211,86.97435,19.808252,-0.044094,0.883594,-0.145734,0.442808,8.071632,52.2094,28.643682,-0.039877,0.875588,0.003703,0.481396,5.651741,7.086051,42.677505,-0.036572,0.925078,0.03625,0.376271,-5.149019,0.642788,-14.724869,-0.039877,0.875588,0.003703,0.481396,18.055967,1.595873,35.26405
879,7.325,-0.02346,0.903657,0.00472,0.427588,-2.854055,86.594337,12.584409,-0.116472,0.902353,0.112838,0.399325,-3.214124,94.339409,12.494988,-0.017179,0.915128,-0.025079,0.402015,-9.472839,114.084015,14.800355,0.093757,0.947793,0.011074,0.30459,-9.712458,135.292786,13.531578,0.090356,0.97878,0.011718,0.183542,-6.110573,149.620041,13.136536,-0.114187,0.752509,0.101613,0.640599,-12.813264,129.599091,11.380841,-0.757417,0.102694,0.484906,-0.425017,-15.413184,128.891922,-5.375847,-0.682858,-0.569138,0.155558,0.430801,-4.095068,116.258499,-19.77844,0.244843,0.290785,-0.615362,-0.690525,5.127473,143.925858,-11.340313,-0.096899,0.91768,-0.010426,0.385182,-7.738802,129.986374,16.896212,0.405113,0.907666,0.091714,0.060115,3.878321,133.141022,28.860197,-0.220861,0.528448,0.463399,-0.676184,18.665434,116.531418,29.634989,-0.051645,0.352404,0.589141,-0.725298,18.370932,137.615601,17.133711,0.02613,0.916587,0.155974,0.367229,-8.841954,86.231567,5.274815,0.09,0.962473,-0.039339,0.252981,-6.427888,51.826443,-5.775581,-0.036449,0.925125,0.036121,0.376178,-15.567142,5.42219,-4.347104,-0.119753,0.875888,-0.076636,0.461092,3.133845,86.957108,19.894005,-0.043615,0.882582,-0.145219,0.445038,8.17186,52.204536,28.755629,-0.035634,0.875788,0.005028,0.481352,5.698613,7.063028,42.7216,-0.036449,0.925125,0.036121,0.376178,-5.150494,0.645063,-14.722008,-0.035634,0.875788,0.005028,0.481352,18.065859,1.544038,35.267872
880,7.333333,-0.023918,0.903731,0.005033,0.427402,-2.781356,86.584816,12.674022,-0.11575,0.90259,0.113801,0.398727,-3.149921,94.329506,12.586033,-0.018156,0.915398,-0.024873,0.40137,-9.392086,114.060196,14.94219,0.093389,0.948303,0.010366,0.303138,-9.674094,135.267929,13.664925,0.088391,0.979419,0.011312,0.181101,-6.079162,149.596085,13.239722,-0.115057,0.752927,0.101617,0.639951,-12.767136,129.567429,11.521075,-0.756304,0.101276,0.485094,-0.427119,-15.388444,128.834229,-5.231165,-0.682153,-0.569615,0.157608,0.430541,-4.065591,116.204689,-19.633451,0.243655,0.289668,-0.616956,-0.689992,5.084959,143.91864,-11.270091,-0.097949,0.918006,-0.010191,0.384145,-7.685407,129.966721,17.028894,0.403459,0.908713,0.089811,0.058278,3.95185,133.151764,28.965229,-0.22143,0.527957,0.461362,-0.677772,18.808195,116.602661,29.70944,-0.051628,0.352907,0.585775,-0.727777,18.395864,137.669235,17.171364,0.026821,0.916515,0.156404,0.367176,-8.771864,86.216713,5.36683,0.090472,0.962551,-0.038911,0.252578,-6.392681,51.823975,-5.729596,-0.036355,0.92516,0.036057,0.376107,-15.563896,5.424616,-4.347693,-0.12038,0.87505,-0.076748,0.462499,3.209152,86.952927,19.981213,-0.042779,0.882135,-0.144576,0.446213,8.268104,52.212502,28.878494,-0.031605,0.875761,0.006577,0.481664,5.734287,7.046515,42.754196,-0.036355,0.92516,0.036057,0.376107,-5.149966,0.644613,-14.724006,-0.031605,0.875761,0.006577,0.481664,18.073895,1.508139,35.269096
881,7.341667,-0.024232,0.903787,0.004983,0.427267,-2.712081,86.576355,12.77592,-0.115206,0.902808,0.114735,0.398123,-3.084733,94.320816,12.685204,-0.018758,0.915666,-0.025024,0.400721,-9.316504,114.036469,15.088079,0.092486,0.94885,0.00999,0.301712,-9.62029,135.24292,13.794912,0.086651,0.980007,0.010898,0.17877,-6.049889,149.576431,13.344249,-0.116191,0.753572,0.102156,0.638899,-12.711019,129.537888,11.659859,-0.755259,0.100465,0.484927,-0.429343,-15.369066,128.781219,-5.085544,-0.68163,-0.570066,0.159792,0.429967,-4.031735,116.138802,-19.465113,0.242585,0.288341,-0.618489,-0.689553,5.045524,143.904846,-11.195182,-0.099484,0.91851,-0.009095,0.38257,-7.621822,129.946182,17.160118,0.401667,0.909803,0.087589,0.057015,4.046142,133.16597,29.057091,-0.2215,0.527114,0.459042,-0.679977,18.973154,116.680504,29.799881,-0.051776,0.352842,0.583804,-0.729379,18.412413,137.715225,17.207409,0.027644,0.91638,0.156841,0.367265,-8.70449,86.202438,5.470584,0.090845,0.962599,-0.038402,0.252341,-6.367071,51.822845,-5.675355,-0.036122,0.925228,0.036014,0.375966,-15.559668,5.426168,-4.34652,-0.121174,0.873991,-0.076664,0.464304,3.280329,86.950272,20.081257,-0.041426,0.882429,-0.143953,0.445961,8.373064,52.222813,29.009796,-0.029908,0.875693,0.007266,0.481886,5.757234,7.029024,42.779331,-0.036122,0.925228,0.036014,0.375966,-5.151306,0.64225,-14.726613,-0.029908,0.875693,0.007266,0.481886,18.086964,1.483578,35.283203
882,7.35,-0.024572,0.903919,0.005023,0.426967,-2.642557,86.576118,12.878403,-0.114545,0.903015,0.115652,0.397577,-3.020265,94.320313,12.786119,-0.019567,0.915875,-0.025059,0.400204,-9.236834,114.021042,15.236481,0.09221,0.949312,0.009802,0.300347,-9.572212,135.226105,13.928392,0.084945,0.980619,0.010388,0.176245,-6.010633,149.561356,13.463375,-0.117136,0.754156,0.102312,0.638013,-12.657301,129.515152,11.801021,-0.754057,0.099619,0.48472,-0.431879,-15.346273,128.7323,-4.938242,-0.681273,-0.570617,0.161764,0.429064,-3.992476,116.072891,-19.289856,0.241891,0.287097,-0.619981,-0.688975,5.008123,143.891983,-11.114972,-0.100316,0.918796,-0.008904,0.38167,-7.562346,129.934647,17.295101,0.400271,0.910679,0.085858,0.055453,4.123337,133.178589,29.168093,-0.221539,0.526464,0.457332,-0.681619,19.108006,116.744408,29.886097,-0.051451,0.353051,0.581111,-0.731449,18.43671,137.754807,17.254053,0.028463,0.916383,0.157245,0.367024,-8.639495,86.196617,5.577073,0.091149,0.962615,-0.037852,0.252253,-6.348486,51.829552,-5.617015,-0.036091,0.925282,0.035714,0.375867,-15.555429,5.434141,-4.344692,-0.121855,0.873353,-0.076738,0.465313,3.354381,86.955612,20.179733,-0.039738,0.883523,-0.143509,0.444086,8.476567,52.240967,29.141203,-0.027942,0.875695,0.00789,0.481991,5.768064,7.022157,42.81031,-0.036091,0.925282,0.035714,0.375867,-5.150524,0.641682,-14.724308,-0.027942,0.875695,0.00789,0.481991,18.082899,1.464167,35.299
883,7.358333,-0.025421,0.904015,0.004898,0.426717,-2.561214,86.580261,12.988344,-0.114346,0.903058,0.116602,0.39726,-2.950012,94.323822,12.888787,-0.019933,0.915958,-0.025036,0.399996,-9.172758,114.015007,15.379556,0.091793,0.949784,0.009518,0.298989,-9.523092,135.219513,14.066204,0.083672,0.981213,0.009989,0.17355,-5.973415,149.557114,13.582977,-0.117824,0.754884,0.10209,0.63706,-12.605307,129.505905,11.94173,-0.752783,0.099385,0.484094,-0.434849,-15.330068,128.694443,-4.790383,-0.681322,-0.57117,0.163678,0.427521,-3.947174,115.996597,-19.084887,0.241582,0.285825,-0.621639,-0.688119,4.977219,143.874817,-11.028753,-0.100948,0.91902,-0.008713,0.380966,-7.508078,129.930252,17.433329,0.398863,0.911517,0.084375,0.054096,4.19149,133.192017,29.287758,-0.221267,0.525907,0.455732,-0.683206,19.23283,116.808769,29.984497,-0.050926,0.353358,0.57845,-0.733444,18.461231,137.787216,17.307196,0.029234,0.916657,0.157543,0.366149,-8.561388,86.185165,5.690498,0.091575,0.962651,-0.037216,0.252056,-6.324188,51.828129,-5.545167,-0.036009,0.925316,0.03572,0.37579,-15.554425,5.435568,-4.339197,-0.122333,0.872942,-0.07682,0.465946,3.438959,86.975349,20.28619,-0.037743,0.884963,-0.142543,0.441699,8.5814,52.270065,29.272297,-0.027624,0.875318,0.00813,0.482689,5.784029,7.010472,42.787674,-0.036009,0.925316,0.03572,0.37579,-5.152029,0.642278,-14.720945,-0.027624,0.875318,0.00813,0.482689,18.108856,1.45436,35.291378
884,7.366667,-0.026066,0.904158,0.004898,0.426375,-2.47977,86.585762,13.096087,-0.114186,0.903194,0.117428,0.396752,-2.877649,94.328804,12.992414,-0.02035,0.916158,-0.024819,0.39953,-9.10791,114.018837,15.520636,0.09216,0.950152,0.009317,0.29771,-9.478791,135.223083,14.208844,0.082044,0.981785,0.009444,0.171109,-5.920033,149.558136,13.716986,-0.118527,0.755282,0.101946,0.63648,-12.558052,129.506821,12.087265,-0.751463,0.099561,0.483855,-0.43735,-15.302214,128.670609,-4.640456,-0.681379,-0.57157,0.165499,0.426192,-3.910588,115.923485,-18.884047,0.241526,0.284617,-0.622957,-0.687447,4.94962,143.854156,-10.939531,-0.101214,0.919214,-0.008642,0.380429,-7.455482,129.935486,17.573566,0.39746,0.912329,0.083129,0.052635,4.25615,133.205109,29.4139,-0.221214,0.525319,0.454244,-0.684666,19.35416,116.872826,30.080561,-0.050406,0.354105,0.576106,-0.734963,18.485855,137.824799,17.368879,0.029796,0.917042,0.157724,0.36506,-8.484834,86.179535,5.802876,0.0921,0.96282,-0.036404,0.251336,-6.293404,51.829018,-5.46172,-0.036085,0.925346,0.035738,0.375706,-15.55109,5.439922,-4.335349,-0.122423,0.872491,-0.076955,0.466743,3.525294,86.991982,20.389297,-0.036395,0.885968,-0.142124,0.439929,8.660467,52.289803,29.391533,-0.026414,0.875529,0.008664,0.482365,5.795013,7.009453,42.822872,-0.036085,0.925346,0.035738,0.375706,-5.149728,0.647938,-14.718739,-0.026414,0.875529,0.008664,0.482365,18.104734,1.449153,35.304893
885,7.375,-0.026899,0.904356,0.005045,0.425901,-2.391132,86.598259,13.206567,-0.114248,0.903274,0.118232,0.396314,-2.801704,94.340599,13.09966,-0.020729,0.916289,-0.024637,0.399222,-9.047377,114.027069,15.660188,0.09191,0.950593,0.009163,0.29638,-9.436559,135.231049,14.349203,0.081178,0.982296,0.009077,0.168588,-5.886222,149.567734,13.844405,-0.118883,0.755778,0.101585,0.635883,-12.512609,129.512314,12.229621,-0.749943,0.10008,0.483219,-0.440532,-15.279686,128.655136,-4.493266,-0.681791,-0.572131,0.167186,0.424117,-3.865308,115.841377,-18.658634,0.241968,0.283292,-0.624242,-0.686672,4.921869,143.832153,-10.845659,-0.101634,0.919495,-0.008287,0.379645,-7.406571,129.945023,17.712379,0.396545,0.912935,0.081695,0.051263,4.322402,133.223923,29.532967,-0.221607,0.525213,0.452753,-0.685606,19.459093,116.926453,30.174011,-0.050216,0.355495,0.572968,-0.736756,18.519064,137.858276,17.434134,0.030614,0.917328,0.157627,0.364316,-8.403,86.178833,5.919713,0.092501,0.962697,-0.035639,0.251769,-6.27761,51.829697,-5.361717,-0.03607,0.92538,0.035873,0.375612,-15.554005,5.44239,-4.318778,-0.122327,0.872441,-0.077064,0.466845,3.620737,87.017685,20.493422,-0.034771,0.886665,-0.14171,0.438787,8.745152,52.315022,29.499916,-0.024791,0.8752,0.00913,0.48304,5.778317,7.012624,42.834518,-0.03607,0.92538,0.035873,0.375612,-5.154465,0.653832,-14.705568,-0.024791,0.8752,0.00913,0.48304,18.08563,1.441158,35.320866
886,7.383333,-0.027541,0.90458,0.004938,0.425384,-2.307801,86.609879,13.32159,-0.114387,0.903429,0.119048,0.395677,-2.726725,94.3517,13.209176,-0.020924,0.916532,-0.02455,0.398659,-8.988864,114.029434,15.801966,0.091627,0.951049,0.009147,0.295004,-9.387941,135.233246,14.491298,0.080274,0.982777,0.0086,0.166226,-5.848202,149.57222,13.976939,-0.119035,0.756209,0.101527,0.635351,-12.464379,129.51329,12.375566,-0.748659,0.100669,0.482899,-0.442927,-15.2532,128.647369,-4.343256,-0.682144,-0.572494,0.168694,0.42246,-3.830339,115.774498,-18.448059,0.242761,0.282125,-0.625333,-0.68588,4.900895,143.814423,-10.749393,-0.102288,0.919657,-0.007841,0.379087,-7.351733,129.948029,17.852001,0.395261,0.913509,0.081746,0.050867,4.387087,133.24202,29.658615,-0.220414,0.524451,0.451558,-0.68736,19.57082,116.98793,30.288637,-0.050519,0.356159,0.571686,-0.73741,18.538725,137.875793,17.492132,0.031215,0.917665,0.157674,0.363395,-8.327326,86.178452,6.041761,0.093026,0.963236,-0.034398,0.249679,-6.251906,51.833076,-5.260427,-0.035901,0.925421,0.035816,0.375532,-15.544518,5.446762,-4.322921,-0.12189,0.872778,-0.077298,0.46629,3.711724,87.041313,20.601419,-0.033504,0.887609,-0.14127,0.437115,8.806631,52.333523,29.6049,-0.024118,0.875265,0.009425,0.48295,5.777122,7.011146,42.857296,-0.035901,0.925421,0.035816,0.375532,-5.148599,0.654658,-14.711708,-0.024118,0.875265,0.009425,0.48295,18.077587,1.4374,35.334129
887,7.391667,-0.028179,0.904776,0.004877,0.424927,-2.226358,86.616791,13.432476,-0.114458,0.90359,0.119873,0.395038,-2.653887,94.358063,13.31522,-0.02124,0.916764,-0.024666,0.398101,-8.93605,114.046303,15.944308,0.092521,0.95136,0.009278,0.293714,-9.346255,135.249298,14.624005,0.079107,0.9833,0.00809,0.1637,-5.785756,149.583313,14.114769,-0.119604,0.756664,0.101722,0.634671,-12.4227,129.526947,12.51476,-0.747228,0.101229,0.482481,-0.445663,-15.236217,128.646454,-4.199167,-0.682802,-0.572835,0.169772,0.420499,-3.800409,115.710899,-18.235962,0.243829,0.280826,-0.626491,-0.684977,4.884968,143.795227,-10.64814,-0.101893,0.919819,-0.007912,0.378799,-7.303574,129.966599,17.984747,0.394692,0.913984,0.08006,0.049423,4.445381,133.249664,29.784325,-0.220183,0.524177,0.450277,-0.688483,19.655567,117.019341,30.38835,-0.051214,0.356988,0.570882,-0.737584,18.55275,137.879303,17.553608,0.031695,0.918033,0.157424,0.362531,-8.252566,86.173805,6.15887,0.093557,0.963627,-0.03304,0.248151,-6.226279,51.824917,-5.141532,-0.035991,0.925484,0.036014,0.37535,-15.533863,5.439308,-4.325612,-0.121316,0.873259,-0.077098,0.465572,3.79985,87.059769,20.706081,-0.032387,0.88806,-0.14036,0.436577,8.873502,52.339638,29.67392,-0.025156,0.87486,0.009393,0.483632,5.796332,6.986037,42.807991,-0.035991,0.925484,0.036014,0.37535,-5.140465,0.6535,-14.719823,-0.025156,0.87486,0.009393,0.483632,18.118855,1.426739,35.310261
888,7.4,-0.028671,0.905051,0.004818,0.424309,-2.149297,86.628281,13.54665,-0.114778,0.903689,0.12039,0.394562,-2.583407,94.369125,13.42562,-0.021297,0.916924,-0.024428,0.397745,-8.884293,114.049385,16.071684,0.09301,0.951723,0.009411,0.292375,-9.301238,135.252792,14.75988,0.078391,0.983793,0.007737,0.161078,-5.731246,149.584488,14.252046,-0.119716,0.757036,0.10158,0.634229,-12.37782,129.530426,12.650871,-0.74604,0.101703,0.482001,-0.448058,-15.20946,128.64093,-4.059516,-0.68337,-0.573313,0.170695,0.418546,-3.757332,115.653107,-18.034609,0.24518,0.280104,-0.627389,-0.683968,4.875679,143.78038,-10.546713,-0.102189,0.919999,-0.007659,0.378285,-7.254472,129.969345,18.116961,0.394367,0.914241,0.079205,0.048627,4.505634,133.258896,29.903614,-0.21985,0.524037,0.449247,-0.689368,19.730713,117.041954,30.491978,-0.05175,0.358256,0.569141,-0.738277,18.575293,137.876785,17.620644,0.032129,0.918221,0.157139,0.362141,-8.184896,86.176208,6.281397,0.094112,0.964001,-0.03157,0.246675,-6.199903,51.822819,-5.012665,-0.035758,0.925525,0.036023,0.375269,-15.522506,5.438077,-4.329603,-0.120729,0.873607,-0.077066,0.465077,3.886302,87.080353,20.811903,-0.031238,0.888615,-0.139985,0.435651,8.929692,52.349556,29.755486,-0.024912,0.874776,0.00952,0.483794,5.785342,6.979102,42.815231,-0.035758,0.925525,0.036023,0.375269,-5.133201,0.649775,-14.726755,-0.024912,0.874776,0.00952,0.483794,18.108824,1.419576,35.319256
889,7.408333,-0.029382,0.905426,0.00483,0.423459,-2.058318,86.640549,13.660726,-0.115457,0.903725,0.121291,0.394004,-2.502595,94.380753,13.535597,-0.021406,0.917046,-0.024438,0.397456,-8.847967,114.066399,16.210182,0.093276,0.95202,0.009637,0.291315,-9.269436,135.269577,14.896266,0.078157,0.984159,0.007212,0.158967,-5.696257,149.600616,14.391867,-0.11958,0.757359,0.101006,0.63396,-12.346349,129.546448,12.78984,-0.745024,0.102197,0.481904,-0.449737,-15.19067,128.645889,-3.9178,-0.683939,-0.573431,0.171378,0.417174,-3.738848,115.612198,-17.850393,0.246529,0.279166,-0.628191,-0.68313,4.871757,143.767258,-10.441554,-0.1019,0.920281,-0.007492,0.377681,-7.219633,129.986877,18.252649,0.393985,0.914576,0.077828,0.04763,4.557984,133.266037,30.024698,-0.219727,0.524142,0.448078,-0.690088,19.800707,117.065178,30.598709,-0.052188,0.359482,0.567447,-0.738954,18.599321,137.872482,17.691135,0.032722,0.918375,0.156918,0.361792,-8.106767,86.176109,6.406946,0.094649,0.964159,-0.030331,0.246008,-6.171327,51.82048,-4.888906,-0.035422,0.925585,0.036116,0.375145,-15.513463,5.438071,-4.324945,-0.119856,0.873945,-0.077184,0.464647,3.990131,87.104988,20.914507,-0.030258,0.889064,-0.139596,0.434929,8.979647,52.36031,29.834335,-0.024689,0.874805,0.009827,0.483745,5.779753,6.973845,42.824768,-0.035422,0.925585,0.036116,0.375145,-5.129948,0.648359,-14.727232,-0.024689,0.874805,0.009827,0.483745,18.101717,1.418764,35.322998
890,7.416667,-0.030292,0.905759,0.005054,0.422679,-1.964486,86.641975,13.774283,-0.116231,0.903793,0.121637,0.393514,-2.423111,94.381302,13.646709,-0.021168,0.917203,-0.024145,0.397124,-8.81108,114.086472,16.32844,0.094023,0.952224,0.010441,0.29038,-9.228685,135.290695,15.030111,0.077563,0.984525,0.006476,0.157014,-5.643508,149.619553,14.550035,-0.120216,0.757529,0.100599,0.633702,-12.308449,129.569763,12.921825,-0.744064,0.10284,0.481732,-0.451361,-15.158703,128.642502,-3.783338,-0.68429,-0.573752,0.172146,0.415838,-3.705402,115.560516,-17.669369,0.247585,0.278417,-0.628749,-0.682539,4.866824,143.746658,-10.334558,-0.101723,0.920532,-0.006908,0.377127,-7.177618,130.005096,18.381176,0.393657,0.914801,0.077209,0.047028,4.615413,133.271988,30.141195,-0.219462,0.524095,0.44718,-0.69079,19.872181,117.083931,30.703146,-0.052752,0.36061,0.565901,-0.73955,18.629185,137.86557,17.765743,0.033034,0.918822,0.156737,0.360705,-8.024391,86.163475,6.530991,0.095417,0.964361,-0.029121,0.245063,-6.1278,51.805222,-4.763468,-0.03536,0.925571,0.03655,0.375143,-15.511105,5.429825,-4.318686,-0.119033,0.874773,-0.077517,0.463243,4.09542,87.120476,21.017574,-0.029157,0.889644,-0.139222,0.433937,9.036642,52.365292,29.923365,-0.024961,0.874824,0.010004,0.483695,5.774256,6.962764,42.841919,-0.03536,0.925571,0.03655,0.375143,-5.126869,0.651186,-14.725336,-0.024961,0.874824,0.010004,0.483695,18.098984,1.415985,35.338558
891,7.425,-0.03112,0.906128,0.005311,0.421823,-1.877683,86.648407,13.881044,-0.116608,0.903826,0.122067,0.393193,-2.349729,94.386909,13.752095,-0.021182,0.917254,-0.023729,0.397031,-8.762791,114.100204,16.447813,0.094637,0.952531,0.01074,0.289159,-9.188107,135.305237,15.165494,0.077495,0.984945,0.006234,0.154397,-5.591027,149.631363,14.69303,-0.120078,0.758103,0.100322,0.633086,-12.266353,129.584839,13.053618,-0.743651,0.103277,0.481666,-0.452013,-15.144241,128.650726,-3.646426,-0.684628,-0.573732,0.172595,0.415122,-3.692102,115.543541,-17.509626,0.248571,0.27798,-0.629205,-0.681938,4.872067,143.744492,-10.222471,-0.101464,0.920474,-0.007009,0.377337,-7.134426,130.017853,18.512123,0.393406,0.915022,0.076517,0.045946,4.655013,133.277817,30.277676,-0.219072,0.524223,0.446453,-0.691287,19.925043,117.101227,30.809031,-0.053493,0.36189,0.564792,-0.739719,18.656761,137.860336,17.838194,0.033408,0.919056,0.156483,0.360185,-7.95029,86.157478,6.649229,0.096142,0.96464,-0.027847,0.243824,-6.091685,51.795258,-4.639488,-0.035353,0.925552,0.03689,0.375156,-15.510847,5.426126,-4.315764,-0.118136,0.875783,-0.077904,0.461497,4.194924,87.139343,21.11286,-0.028353,0.890013,-0.138913,0.433332,9.084864,52.3731,30.003786,-0.02424,0.87504,0.010742,0.483323,5.776392,6.95807,42.86657,-0.035353,0.925552,0.03689,0.375156,-5.125315,0.65663,-14.725315,-0.02424,0.87504,0.010742,0.483323,18.091225,1.419298,35.34108
892,7.433333,-0.031908,0.906641,0.005512,0.420659,-1.786231,86.651176,13.992383,-0.117566,0.903909,0.122488,0.392586,-2.270818,94.38887,13.861725,-0.020859,0.917414,-0.023519,0.396689,-8.733234,114.115776,16.56477,0.095269,0.952775,0.011757,0.288107,-9.149967,135.321808,15.296202,0.077283,0.9853,0.005624,0.152246,-5.54594,149.64711,14.852427,-0.120416,0.758172,0.10015,0.632965,-12.232367,129.604126,13.183008,-0.743077,0.103869,0.481757,-0.452723,-15.112683,128.656921,-3.515881,-0.684819,-0.57383,0.173082,0.414469,-3.669924,115.515747,-17.354618,0.249352,0.277497,-0.629726,-0.68137,4.877213,143.732803,-10.109969,-0.101793,0.920833,-0.006649,0.376379,-7.096161,130.031387,18.637941,0.393941,0.914897,0.075472,0.045579,4.715517,133.29805,30.379299,-0.218509,0.52419,0.446068,-0.691738,19.968287,117.105232,30.911964,-0.053326,0.362817,0.563975,-0.7399,18.681501,137.846512,17.914087,0.033744,0.919329,0.156451,0.359471,-7.876454,86.147919,6.776248,0.096854,0.964677,-0.026809,0.243512,-6.049853,51.786606,-4.520461,-0.035334,0.925543,0.037097,0.37516,-15.509608,5.425114,-4.304972,-0.117013,0.877052,-0.078309,0.459299,4.303993,87.154434,21.208517,-0.027607,0.890369,-0.138603,0.432747,9.132357,52.37365,30.07617,-0.024465,0.875158,0.011042,0.483092,5.782312,6.946546,42.885422,-0.035334,0.925543,0.037097,0.37516,-5.123519,0.661014,-14.71644,-0.024465,0.875158,0.011042,0.483092,18.096947,1.418381,35.35181
893,7.441667,-0.032743,0.907156,0.005651,0.419481,-1.699662,86.651497,14.099044,-0.118138,0.90411,0.122697,0.391885,-2.197056,94.388329,13.965538,-0.0209,0.917634,-0.023173,0.396199,-8.685957,114.119553,16.673256,0.095923,0.953061,0.012637,0.286905,-9.110807,135.326202,15.4177,0.07728,0.985648,0.005316,0.149993,-5.49838,149.650116,14.998219,-0.120348,0.758475,0.100105,0.632622,-12.193695,129.60878,13.304485,-0.742799,0.103896,0.482074,-0.452836,-15.089282,128.659988,-3.391668,-0.684762,-0.573803,0.173265,0.414525,-3.660346,115.510368,-17.233809,0.249492,0.277154,-0.629839,-0.681354,4.884824,143.729492,-9.994924,-0.101288,0.920739,-0.006349,0.376749,-7.051677,130.034454,18.754063,0.39375,0.915092,0.07482,0.044392,4.754017,133.28125,30.506941,-0.217535,0.523686,0.445942,-0.692508,20.01825,117.098091,31.003719,-0.052708,0.363043,0.564187,-0.739672,18.700106,137.820435,17.981186,0.033965,0.919717,0.156391,0.358481,-7.807578,86.134583,6.898847,0.097557,0.96494,-0.025559,0.242323,-6.00943,51.772999,-4.401589,-0.035166,0.925559,0.03743,0.375104,-15.504108,5.418244,-4.304821,-0.115988,0.878563,-0.078841,0.456573,4.408254,87.168411,21.29924,-0.026713,0.89093,-0.138241,0.431763,9.18203,52.376377,30.152315,-0.024143,0.875302,0.011622,0.482834,5.785745,6.935191,42.8993,-0.035166,0.925559,0.03743,0.375104,-5.119878,0.661221,-14.721375,-0.024143,0.875302,0.011622,0.482834,18.095646,1.416868,35.350754
894,7.45,-0.033134,0.907703,0.005333,0.418269,-1.628801,86.64904,14.209348,-0.118789,0.904323,0.123012,0.391098,-2.129806,94.385529,14.06949,-0.020907,0.917886,-0.02293,0.395629,-8.647551,114.113152,16.784296,0.097256,0.953334,0.013531,0.285503,-9.077565,135.320267,15.538387,0.077142,0.986071,0.005169,0.147266,-5.438438,149.63826,15.148276,-0.120047,0.758713,0.100051,0.632403,-12.162134,129.603241,13.426584,-0.742622,0.103931,0.482172,-0.453012,-15.069609,128.659302,-3.267783,-0.68461,-0.573785,0.173669,0.414631,-3.645229,115.503586,-17.107897,0.249188,0.276687,-0.629919,-0.681581,4.892683,143.727997,-9.880986,-0.10198,0.920901,-0.00625,0.376168,-7.013354,130.02742,18.869892,0.394441,0.914881,0.073927,0.044087,4.802428,133.295013,30.606865,-0.216011,0.523457,0.446158,-0.69302,20.043608,117.090164,31.104156,-0.051582,0.362954,0.564286,-0.739719,18.723116,137.788986,18.045525,0.034401,0.919829,0.156476,0.358115,-7.755433,86.122429,7.025772,0.098013,0.965268,-0.024276,0.24096,-5.988576,51.764915,-4.291985,-0.034958,0.925584,0.037601,0.375044,-15.495417,5.412555,-4.309466,-0.115022,0.880075,-0.079194,0.453835,4.497832,87.175659,21.392923,-0.025947,0.891357,-0.137857,0.43105,9.226841,52.371502,30.222378,-0.024549,0.875431,0.011767,0.482575,5.792081,6.916442,42.909462,-0.034958,0.925584,0.037601,0.375044,-5.114025,0.657753,-14.729866,-0.024549,0.875431,0.011767,0.482575,18.102312,1.407415,35.35466
895,7.458333,-0.033668,0.90829,0.005465,0.416948,-1.550759,86.646492,14.306683,-0.119512,0.904519,0.123358,0.390315,-2.06033,94.382408,14.165971,-0.020855,0.918112,-0.022866,0.39511,-8.611691,114.110123,16.8885,0.098321,0.953483,0.015146,0.284559,-9.041428,135.317459,15.646188,0.076873,0.986383,0.004698,0.145316,-5.387791,149.633011,15.305598,-0.119558,0.759216,0.099971,0.631904,-12.128841,129.600983,13.537044,-0.742405,0.103696,0.48203,-0.453573,-15.061687,128.6642,-3.153287,-0.684679,-0.573814,0.173667,0.414479,-3.629029,115.50808,-16.986181,0.248681,0.276474,-0.630139,-0.681648,4.906942,143.734406,-9.764515,-0.101957,0.920906,-0.005917,0.376166,-6.973867,130.023972,18.974577,0.394689,0.914829,0.073639,0.043436,4.84211,133.286621,30.712723,-0.214475,0.522758,0.446621,-0.693725,20.077143,117.075325,31.187645,-0.050069,0.362633,0.564945,-0.739478,18.74123,137.756638,18.107161,0.034766,0.920028,0.156391,0.357605,-7.697576,86.111252,7.141009,0.098479,0.965848,-0.02281,0.238579,-5.963464,51.753662,-4.181561,-0.034983,0.925632,0.03774,0.37491,-15.479671,5.403426,-4.320105,-0.114138,0.881758,-0.079666,0.450698,4.596058,87.181732,21.472355,-0.024855,0.892189,-0.137703,0.42944,9.28518,52.368343,30.286642,-0.024409,0.875457,0.012113,0.482527,5.787452,6.904042,42.92329,-0.034983,0.925632,0.03774,0.37491,-5.100579,0.652612,-14.744613,-0.024409,0.875457,0.012113,0.482527,18.097187,1.401675,35.362831
896,7.466667,-0.034129,0.908843,0.005273,0.415706,-1.48188,86.641312,14.409775,-0.120326,0.904801,0.123614,0.389328,-1.996889,94.37677,14.264072,-0.020609,0.918481,-0.022748,0.394273,-8.583838,114.1063,16.991182,0.09992,0.953748,0.016164,0.283054,-9.007113,135.314285,15.757974,0.076609,0.986796,0.004746,0.142626,-5.320453,149.622162,15.451794,-0.119603,0.759028,0.100112,0.632099,-12.100718,129.599899,13.652218,-0.742833,0.103575,0.482698,-0.452188,-15.024856,128.666397,-3.039825,-0.68394,-0.573654,0.173905,0.415816,-3.61975,115.52861,-16.912815,0.247872,0.276601,-0.630193,-0.681841,4.922302,143.742706,-9.650629,-0.101823,0.92096,-0.005849,0.376071,-6.935666,130.018646,19.080511,0.395178,0.914741,0.072616,0.04255,4.883671,133.276398,30.816639,-0.2131,0.522334,0.447158,-0.694122,20.104895,117.051552,31.27174,-0.048173,0.36172,0.565324,-0.739762,18.770737,137.721191,18.170393,0.035176,0.920283,0.156511,0.356855,-7.647666,86.096161,7.261166,0.098904,0.966028,-0.021736,0.237774,-5.946917,51.743378,-4.081,-0.034905,0.925621,0.038011,0.374917,-15.477764,5.39656,-4.319435,-0.113363,0.883257,-0.079859,0.447915,4.683907,87.186462,21.558384,-0.023817,0.892906,-0.137601,0.42804,9.345609,52.362537,30.345535,-0.024477,0.875554,0.012515,0.482338,5.784313,6.8908,42.937584,-0.034905,0.925621,0.038011,0.374917,-5.098434,0.652208,-14.746648,-0.024477,0.875554,0.012515,0.482338,18.093491,1.399434,35.368217
897,7.475,-0.034643,0.909446,0.005333,0.414342,-1.408952,86.63887,14.507487,-0.121188,0.905096,0.1241,0.388219,-1.931803,94.373772,14.360097,-0.020682,0.918835,-0.023161,0.393418,-8.563881,114.115547,17.102377,0.10296,0.953704,0.018341,0.281979,-8.984217,135.322601,15.852219,0.075631,0.987231,0.004263,0.140133,-5.23307,149.615204,15.626843,-0.120089,0.758833,0.100238,0.632222,-12.083083,129.607239,13.756922,-0.742901,0.103148,0.482801,-0.452064,-14.997995,128.665131,-2.936251,-0.683416,-0.573741,0.174098,0.416476,-3.593405,115.541695,-16.823265,0.246465,0.276455,-0.630107,-0.68249,4.938499,143.753021,-9.538396,-0.101358,0.921129,-0.005393,0.375792,-6.907975,130.029221,19.175377,0.395728,0.914612,0.071554,0.041994,4.921693,133.267166,30.906576,-0.211704,0.52201,0.447704,-0.694441,20.125626,117.025963,31.35573,-0.046256,0.360593,0.565884,-0.740006,18.798832,137.682312,18.232162,0.035803,0.920349,0.156723,0.35653,-7.595477,86.084816,7.377504,0.099286,0.966181,-0.020846,0.237071,-5.934925,51.740063,-3.994905,-0.035024,0.925619,0.038092,0.374903,-15.480748,5.396831,-4.316332,-0.112488,0.884587,-0.080059,0.44547,4.777574,87.192917,21.63747,-0.022891,0.893589,-0.137635,0.426652,9.401857,52.356995,30.396807,-0.024685,0.875718,0.012833,0.482021,5.780478,6.882042,42.960098,-0.035024,0.925619,0.038092,0.374903,-5.100293,0.656041,-14.744046,-0.024685,0.875718,0.012833,0.482021,18.087854,1.401476,35.37999
898,7.483333,-0.035159,0.910003,0.005348,0.413074,-1.347308,86.637474,14.602789,-0.121777,0.905385,0.124275,0.387303,-1.877738,94.371811,14.45303,-0.020646,0.919165,-0.022916,0.392662,-8.533987,114.112282,17.199459,0.103781,0.954049,0.019036,0.28046,-8.95805,135.31987,15.959843,0.075937,0.987554,0.00479,0.137647,-5.192585,149.608994,15.75312,-0.11972,0.758904,0.100492,0.632165,-12.05994,129.60524,13.867033,-0.7434,0.102767,0.483357,-0.450734,-14.980271,128.677612,-2.826005,-0.68273,-0.573462,0.174156,0.41796,-3.596087,115.581955,-16.755907,0.244985,0.276633,-0.629856,-0.683182,4.954057,143.774918,-9.421563,-0.101003,0.921202,-0.005314,0.375708,-6.875887,130.025131,19.277094,0.396062,0.914533,0.071093,0.041351,4.958363,133.251175,31.00695,-0.210302,0.521443,0.448239,-0.694948,20.152931,117.000702,31.436842,-0.04464,0.359856,0.566327,-0.740125,18.820656,137.643921,18.294838,0.036364,0.920488,0.157051,0.35597,-7.552993,86.074158,7.490204,0.099569,0.966173,-0.020165,0.237042,-5.928071,51.739799,-3.918664,-0.035093,0.925606,0.038162,0.374922,-15.484375,5.399257,-4.308444,-0.111928,0.885619,-0.080111,0.443547,4.858377,87.200783,21.715374,-0.021902,0.894132,-0.13761,0.425571,9.464589,52.356339,30.450312,-0.024909,0.875832,0.013136,0.481793,5.775771,6.876549,42.976398,-0.035093,0.925606,0.038162,0.374922,-5.102599,0.661164,-14.736069,-0.024909,0.875832,0.013136,0.481793,18.082968,1.406691,35.388268
899,7.491667,-0.035596,0.910515,0.005427,0.411905,-1.284476,86.631248,14.688712,-0.122386,0.905692,0.124707,0.386255,-1.821762,94.365097,14.537971,-0.02064,0.919553,-0.022974,0.39175,-8.506829,114.102295,17.29896,0.106024,0.954227,0.02034,0.278919,-8.930908,135.309784,16.057596,0.075349,0.987998,0.005069,0.134748,-5.116654,149.586563,15.898028,-0.118838,0.759,0.100701,0.632183,-12.037591,129.595261,13.971626,-0.743542,0.102256,0.483696,-0.450252,-14.964289,128.694504,-2.72177,-0.682397,-0.573317,0.174029,0.418756,-3.590025,115.61866,-16.67837,0.243886,0.276863,-0.630092,-0.683265,4.972884,143.79921,-9.311255,-0.100576,0.921144,-0.00521,0.375968,-6.842793,130.015213,19.371368,0.396099,0.914578,0.070736,0.040604,4.987755,133.226425,31.10903,-0.208977,0.52083,0.448603,-0.695572,20.183762,116.976639,31.514757,-0.043531,0.359242,0.567385,-0.739679,18.836338,137.603043,18.35412,0.036938,0.920806,0.157144,0.355047,-7.507817,86.060585,7.592157,0.099787,0.966382,-0.019248,0.236172,-5.930182,51.731384,-3.838888,-0.035169,0.92558,0.038478,0.374947,-15.486214,5.391517,-4.308815,-0.111463,0.886567,-0.080192,0.441752,4.938865,87.20192,21.785269,-0.020874,0.894711,-0.137603,0.424407,9.530727,52.350903,30.501513,-0.02482,0.875952,0.013708,0.481565,5.771492,6.866771,42.990837,-0.035169,0.92558,0.038478,0.374947,-5.102141,0.662889,-14.738453,-0.02482,0.875952,0.013708,0.481565,18.076696,1.409925,35.390114
900,7.5,-0.035739,0.911068,0.005323,0.410671,-1.232139,86.627518,14.776337,-0.123241,0.906021,0.124875,0.385155,-1.770983,94.361229,14.623936,-0.020267,0.919989,-0.023032,0.390742,-8.490812,114.098297,17.386322,0.108873,0.954282,0.022357,0.277475,-8.90072,135.306335,16.149319,0.074272,0.988462,0.005089,0.131913,-5.02626,149.56752,16.062166,-0.118497,0.758968,0.100591,0.632303,-12.016479,129.594604,14.069187,-0.743702,0.101337,0.484282,-0.449566,-14.940789,128.700806,-2.625006,-0.681814,-0.573217,0.173768,0.41995,-3.583428,115.657684,-16.625933,0.242448,0.276989,-0.629723,-0.684066,4.991995,143.819733,-9.202828,-0.100072,0.921202,-0.004985,0.375962,-6.809612,130.009537,19.457684,0.396985,0.914294,0.069913,0.039768,5.024514,133.202332,31.196764,-0.208241,0.520461,0.449245,-0.695654,20.192245,116.925606,31.579712,-0.042327,0.358788,0.56767,-0.73975,18.854095,137.555466,18.418459,0.037408,0.921,0.157388,0.354384,-7.474498,86.05307,7.696808,0.099971,0.96634,-0.018566,0.236322,-5.930013,51.731968,-3.763011,-0.035075,0.925627,0.038364,0.374849,-15.487451,5.393136,-4.300963,-0.110968,0.887042,-0.07995,0.440966,5.010221,87.201965,21.855867,-0.020132,0.894976,-0.137577,0.423893,9.586463,52.340172,30.537176,-0.025031,0.876043,0.013963,0.481381,5.772685,6.852463,42.996902,-0.035075,0.925627,0.038364,0.374849,-5.106826,0.66029,-14.732125,-0.025031,0.876043,0.013963,0.481381,18.078083,1.404959,35.389793
901,7.508333,-0.036089,0.911522,0.005129,0.409634,-1.182796,86.619606,14.85983,-0.123836,0.906295,0.125253,0.384195,-1.72553,94.352959,14.703075,-0.020089,0.920341,-0.023265,0.389906,-8.472716,114.086273,17.477598,0.110404,0.954519,0.023419,0.275964,-8.872921,135.294159,16.234829,0.074168,0.988811,0.005923,0.129291,-4.9671,149.546951,16.182131,-0.11771,0.758902,0.101047,0.632457,-11.99562,129.583557,14.162047,-0.743948,0.101405,0.484645,-0.448751,-14.919613,128.720612,-2.533817,-0.681357,-0.573065,0.17379,0.420887,-3.578539,115.684448,-16.554396,0.241155,0.277183,-0.629283,-0.684848,5.006978,143.834778,-9.098613,-0.099505,0.921039,-0.00563,0.376502,-6.778856,129.997192,19.541056,0.397678,0.914092,0.069244,0.038638,5.045318,133.180038,31.292856,-0.207364,0.520199,0.449798,-0.695755,20.19245,116.883339,31.639168,-0.041953,0.358243,0.568161,-0.739659,18.865616,137.504547,18.473587,0.037901,0.921268,0.157698,0.353496,-7.440759,86.037216,7.794746,0.100086,0.966488,-0.017811,0.235726,-5.93205,51.725853,-3.698982,-0.035098,0.92568,0.038429,0.374711,-15.483564,5.386603,-4.30268,-0.110798,0.887333,-0.079696,0.440469,5.075168,87.202003,21.924913,-0.019125,0.895437,-0.137495,0.422991,9.653767,52.334534,30.582132,-0.025177,0.875976,0.013985,0.481494,5.770578,6.840962,42.998947,-0.035098,0.92568,0.038429,0.374711,-5.105597,0.655707,-14.737362,-0.025177,0.875976,0.013985,0.481494,18.079517,1.396145,35.395645
902,7.516667,-0.036529,0.911929,0.005342,0.408684,-1.131752,86.610336,14.93436,-0.124659,0.90651,0.125514,0.383336,-1.6822,94.343155,14.778386,-0.019437,0.920703,-0.023204,0.389089,-8.464972,114.074875,17.556566,0.112288,0.954715,0.024828,0.274399,-8.841782,135.283966,16.327314,0.073823,0.989201,0.006416,0.126456,-4.897534,149.526276,16.321295,-0.116995,0.758782,0.101278,0.632697,-11.975002,129.578384,14.256576,-0.74403,0.100934,0.485216,-0.448104,-14.894402,128.740128,-2.441357,-0.680956,-0.572968,0.173491,0.421791,-3.57371,115.721764,-16.494904,0.240282,0.277379,-0.6294,-0.684968,5.024871,143.856003,-8.993534,-0.099562,0.921444,-0.004624,0.375508,-6.7483,129.982498,19.626656,0.398745,0.913679,0.068745,0.038315,5.100861,133.155472,31.355938,-0.206849,0.519631,0.450331,-0.695988,20.211304,116.824577,31.693977,-0.041733,0.357593,0.568427,-0.739781,18.878525,137.457245,18.531443,0.038341,0.921674,0.157946,0.352278,-7.403808,86.021629,7.882304,0.100219,0.966496,-0.01723,0.235679,-5.933229,51.718365,-3.640512,-0.035286,0.925694,0.038609,0.37464,-15.483949,5.379715,-4.299794,-0.110993,0.887724,-0.07982,0.439608,5.140306,87.199043,21.986416,-0.01766,0.896482,-0.137395,0.42087,9.735562,52.336143,30.653208,-0.02419,0.876022,0.014643,0.481442,5.761524,6.834856,43.012871,-0.035286,0.925694,0.038609,0.37464,-5.10513,0.655806,-14.736803,-0.02419,0.876022,0.014643,0.481442,18.063002,1.392524,35.395718
903,7.525,-0.037128,0.91242,0.005662,0.407529,-1.071483,86.60453,15.004929,-0.125576,0.906747,0.125931,0.382337,-1.63262,94.336609,14.850389,-0.018954,0.921075,-0.023374,0.38822,-8.458354,114.06958,17.638372,0.113444,0.954986,0.025777,0.272888,-8.81464,135.279114,16.410748,0.073974,0.989486,0.007409,0.124055,-4.848277,149.515259,16.432798,-0.116572,0.758665,0.101622,0.63286,-11.957845,129.577011,14.345596,-0.744219,0.100111,0.485728,-0.44742,-14.873606,128.758057,-2.353921,-0.680532,-0.572917,0.172977,0.422754,-3.567688,115.770676,-16.447964,0.239366,0.277672,-0.629133,-0.685415,5.045226,143.88504,-8.888728,-0.099457,0.921575,-0.004665,0.375214,-6.720723,129.97525,19.705956,0.39969,0.913255,0.068978,0.038142,5.136644,133.145859,31.427578,-0.205778,0.518973,0.45108,-0.696311,20.214087,116.784195,31.750834,-0.041614,0.357093,0.569178,-0.739452,18.881048,137.414352,18.587259,0.038735,0.922146,0.158126,0.350916,-7.360538,86.007484,7.968733,0.100459,0.96674,-0.016481,0.234626,-5.928579,51.710556,-3.577769,-0.035497,0.925654,0.038817,0.374698,-15.485228,5.374074,-4.300541,-0.110614,0.88777,-0.079632,0.439645,5.217572,87.201569,22.041124,-0.016916,0.896717,-0.137418,0.420392,9.794621,52.33041,30.684292,-0.025106,0.876115,0.014635,0.481225,5.763175,6.827292,43.018597,-0.035497,0.925654,0.038817,0.374698,-5.102384,0.658267,-14.737206,-0.025106,0.876115,0.014635,0.481225,18.069965,1.39772,35.400928
904,7.533333,-0.037606,0.912813,0.005958,0.4066,-1.024935,86.600151,15.073802,-0.126197,0.906939,0.126079,0.381629,-1.594853,94.331619,14.921021,-0.018413,0.921359,-0.023272,0.387577,-8.447469,114.066483,17.710867,0.115,0.955108,0.027272,0.271661,-8.785091,135.277084,16.496387,0.073789,0.989779,0.007798,0.121787,-4.789257,149.504822,16.566481,-0.115895,0.758523,0.101787,0.633128,-11.936622,129.579224,14.432186,-0.744521,0.099714,0.486597,-0.446059,-14.846195,128.782761,-2.269502,-0.679991,-0.572742,0.172543,0.424038,-3.574374,115.819359,-16.412849,0.23874,0.278151,-0.628819,-0.685728,5.059859,143.909943,-8.789835,-0.098889,0.921638,-0.004508,0.375212,-6.691712,129.969238,19.78553,0.400323,0.912975,0.069323,0.037572,5.169531,133.120285,31.508505,-0.205003,0.518179,0.45183,-0.696644,20.226341,116.739037,31.800035,-0.041325,0.356452,0.569611,-0.739444,18.88616,137.373779,18.645956,0.03904,0.922514,0.15847,0.349758,-7.327619,85.996765,8.050353,0.100677,0.966929,-0.015908,0.233793,-5.921589,51.709442,-3.527829,-0.035687,0.925654,0.038855,0.374675,-15.485999,5.375347,-4.29961,-0.110714,0.88796,-0.0795,0.439259,5.277748,87.203529,22.09725,-0.015759,0.897438,-0.137513,0.418865,9.869199,52.332462,30.73313,-0.025176,0.876223,0.01475,0.481022,5.756737,6.828242,43.036591,-0.035687,0.925654,0.038855,0.374675,-5.101682,0.662746,-14.736256,-0.025176,0.876223,0.01475,0.481022,18.061266,1.402454,35.412579
905,7.541667,-0.038062,0.913154,0.006226,0.405786,-0.982281,86.593506,15.136764,-0.126661,0.90708,0.126147,0.381116,-1.560456,94.324402,14.985416,-0.018081,0.921548,-0.023109,0.387154,-8.434052,114.065536,17.775574,0.116525,0.955226,0.028238,0.270494,-8.761949,135.276978,16.57309,0.073791,0.990041,0.008761,0.119575,-4.73325,149.495255,16.676298,-0.115063,0.758416,0.101925,0.633385,-11.918283,129.581863,14.508642,-0.744862,0.099535,0.487156,-0.444918,-14.823331,128.811066,-2.195041,-0.679577,-0.572657,0.172073,0.425005,-3.574133,115.86573,-16.372923,0.238216,0.278692,-0.628629,-0.685864,5.07585,143.936401,-8.694651,-0.098275,0.921772,-0.004164,0.375049,-6.668265,129.966248,19.857388,0.400774,0.912764,0.069673,0.037252,5.201237,133.094116,31.578213,-0.20424,0.517329,0.452439,-0.697105,20.243063,116.698746,31.848743,-0.041041,0.355822,0.570499,-0.739078,18.886648,137.337631,18.700571,0.039427,0.922812,0.158773,0.348792,-7.296828,85.983978,8.124508,0.100824,0.967018,-0.015465,0.233393,-5.920944,51.705814,-3.484364,-0.035572,0.925656,0.039091,0.374658,-15.489284,5.373219,-4.296052,-0.110967,0.888281,-0.0794,0.438565,5.332266,87.203041,22.149019,-0.014459,0.898294,-0.137631,0.417033,9.94974,52.334873,30.782764,-0.025316,0.876275,0.014761,0.480919,5.747212,6.830022,43.053413,-0.035572,0.925656,0.039091,0.374658,-5.105744,0.665683,-14.735762,-0.025316,0.876275,0.014761,0.480919,18.051395,1.40647,35.42725
906,7.55,-0.038465,0.913536,0.006375,0.404884,-0.945443,86.587349,15.196716,-0.127162,0.907226,0.126128,0.380607,-1.530404,94.317719,15.045507,-0.017623,0.921732,-0.022935,0.386747,-8.423344,114.060524,17.831331,0.117343,0.955436,0.029121,0.269304,-8.736696,135.27301,16.643337,0.074212,0.990249,0.009749,0.117496,-4.693973,149.487091,16.771597,-0.114082,0.758415,0.102278,0.633507,-11.899027,129.581589,14.577847,-0.745,0.099738,0.487363,-0.444415,-14.806457,128.844055,-2.126919,-0.679497,-0.572699,0.171536,0.425294,-3.568035,115.898178,-16.31284,0.237815,0.279471,-0.628399,-0.685897,5.090209,143.95697,-8.600479,-0.097364,0.921696,-0.00433,0.37547,-6.64404,129.958527,19.922239,0.401582,0.91245,0.069646,0.036268,5.220774,133.05983,31.654865,-0.203861,0.516816,0.453344,-0.697009,20.236938,116.64032,31.882921,-0.040703,0.354909,0.570708,-0.739375,18.894651,137.293961,18.754942,0.039629,0.923135,0.159183,0.347725,-7.27322,85.971603,8.196943,0.100985,0.967171,-0.014999,0.232718,-5.91373,51.704025,-3.445078,-0.035684,0.925685,0.03901,0.374582,-15.486944,5.373147,-4.296242,-0.111052,0.888558,-0.079214,0.438016,5.382335,87.203094,22.196489,-0.013532,0.898707,-0.137677,0.416157,10.016529,52.334167,30.818176,-0.025263,0.876332,0.014834,0.480816,5.74527,6.828046,43.060356,-0.035684,0.925685,0.03901,0.374582,-5.104228,0.664657,-14.736334,-0.025263,0.876332,0.014834,0.480816,18.047497,1.405517,35.430313
907,7.558333,-0.038731,0.913938,0.006303,0.403953,-0.91297,86.579941,15.25109,-0.127693,0.907329,0.126298,0.380127,-1.501405,94.310013,15.097795,-0.017076,0.921884,-0.022845,0.386415,-8.417574,114.051567,17.88562,0.119027,0.955512,0.030255,0.268167,-8.711429,135.26503,16.71023,0.074141,0.990516,0.010619,0.115187,-4.632549,149.468369,16.877602,-0.113372,0.758336,0.102863,0.633634,-11.880676,129.577866,14.643661,-0.745367,0.099685,0.487707,-0.443432,-14.788115,128.871933,-2.062476,-0.679198,-0.572698,0.170971,0.426001,-3.564159,115.940704,-16.273195,0.237486,0.280031,-0.62799,-0.686157,5.105922,143.981766,-8.509872,-0.097064,0.921746,-0.004041,0.375428,-6.621549,129.94664,19.984549,0.402413,0.912088,0.069914,0.035647,5.24632,133.035034,31.717491,-0.20325,0.51612,0.454261,-0.697106,20.234764,116.589775,31.912359,-0.040328,0.354156,0.571138,-0.739425,18.898211,137.251465,18.80319,0.03975,0.923441,0.159615,0.346698,-7.2546,85.958649,8.264353,0.101132,0.967317,-0.014557,0.232076,-5.905091,51.701748,-3.410217,-0.035679,0.925725,0.0389,0.374496,-15.482553,5.372444,-4.29872,-0.111092,0.888966,-0.079063,0.437203,5.428661,87.201241,22.237825,-0.012688,0.899093,-0.137725,0.415336,10.07818,52.331207,30.846807,-0.025266,0.876339,0.014835,0.480804,5.744441,6.824237,43.06382,-0.035679,0.925725,0.0389,0.374496,-5.102165,0.660867,-14.73974,-0.025266,0.876339,0.014835,0.480804,18.046497,1.401768,35.433453
908,7.566667,-0.038984,0.914295,0.006367,0.403119,-0.883529,86.570686,15.299042,-0.128209,0.907416,0.126302,0.379745,-1.47608,94.300446,15.145607,-0.016413,0.922029,-0.022516,0.386117,-8.413489,114.044884,17.929045,0.119738,0.955705,0.03085,0.267092,-8.68713,135.259918,16.777523,0.07453,0.990685,0.011703,0.113361,-4.594708,149.459152,16.9615,-0.112711,0.758309,0.103253,0.633721,-11.86332,129.578201,14.70664,-0.745791,0.099584,0.488001,-0.442417,-14.772098,128.898071,-2.00033,-0.67889,-0.572738,0.170409,0.426661,-3.560011,115.984573,-16.236506,0.237225,0.280802,-0.627562,-0.686324,5.1189,144.008911,-8.42281,-0.096526,0.92182,-0.003221,0.375392,-6.60041,129.935806,20.044559,0.402906,0.911869,0.070294,0.03495,5.271906,132.997162,31.780088,-0.202616,0.515249,0.4551,-0.697388,20.244875,116.537415,31.937963,-0.039783,0.353066,0.571429,-0.739751,18.901793,137.207993,18.846479,0.039735,0.923806,0.159984,0.345556,-7.237522,85.945145,8.323927,0.101323,0.967657,-0.013964,0.230605,-5.891993,51.696712,-3.375897,-0.035695,0.925733,0.038924,0.374473,-15.475288,5.369482,-4.308317,-0.111092,0.889387,-0.078884,0.43638,5.470465,87.196228,22.274157,-0.011947,0.899549,-0.137808,0.41434,10.133765,52.324165,30.867443,-0.024982,0.87633,0.014818,0.480834,5.74722,6.817642,43.067287,-0.035695,0.925733,0.038924,0.374473,-5.09518,0.658724,-14.749983,-0.024982,0.87633,0.014818,0.480834,18.0469,1.390718,35.436256
909,7.575,-0.039319,0.914669,0.006609,0.402233,-0.850907,86.562561,15.342561,-0.128449,0.907578,0.126205,0.379309,-1.449864,94.291862,15.191044,-0.01626,0.922177,-0.022215,0.385787,-8.394805,114.038559,17.97068,0.120567,0.955849,0.031851,0.266086,-8.667819,135.254379,16.833521,0.074968,0.990845,0.012684,0.111556,-4.561498,149.449203,17.046803,-0.112138,0.758412,0.103836,0.633605,-11.845907,129.574265,14.761156,-0.746306,0.099224,0.488154,-0.441462,-14.764073,128.920639,-1.945239,-0.678504,-0.572822,0.16976,0.427421,-3.555415,116.034569,-16.208952,0.236796,0.281238,-0.627325,-0.68651,5.131062,144.039963,-8.335919,-0.095961,0.921906,-0.003092,0.375328,-6.579093,129.927963,20.095486,0.403937,0.91147,0.070027,0.033968,5.298571,132.970245,31.830566,-0.202233,0.514531,0.456101,-0.697375,20.237532,116.479301,31.949593,-0.03933,0.351906,0.572093,-0.739814,18.902491,137.173325,18.880383,0.039705,0.924286,0.160306,0.344123,-7.217903,85.932686,8.379703,0.101517,0.967501,-0.013768,0.231184,-5.880328,51.691544,-3.342371,-0.03553,0.925726,0.039088,0.374487,-15.47629,5.367506,-4.302785,-0.111011,0.889842,-0.078913,0.435466,5.516088,87.192444,22.305416,-0.011117,0.900213,-0.137925,0.412879,10.182087,52.319401,30.893261,-0.025163,0.876417,0.015122,0.480657,5.740087,6.814125,43.077671,-0.03553,0.925726,0.039088,0.374487,-5.096969,0.659327,-14.746396,-0.025163,0.876417,0.015122,0.480657,18.039993,1.397381,35.439777
910,7.583333,-0.039597,0.915029,0.006886,0.401381,-0.813754,86.559631,15.379951,-0.128879,0.907646,0.126198,0.379002,-1.418509,94.288536,15.231182,-0.01596,0.922274,-0.021701,0.385598,-8.381169,114.038002,18.006756,0.121589,0.955905,0.032707,0.265314,-8.651099,135.255188,16.894714,0.07506,0.99099,0.013549,0.110094,-4.524086,149.443573,17.135933,-0.111599,0.758528,0.104127,0.633512,-11.831026,129.578049,14.817013,-0.746718,0.098558,0.488545,-0.44048,-14.757255,128.943787,-1.888718,-0.678093,-0.572808,0.169043,0.428374,-3.559724,116.09169,-16.191769,0.236001,0.281917,-0.626836,-0.686952,5.142459,144.07341,-8.252186,-0.095553,0.921995,-0.002649,0.375218,-6.561877,129.924591,20.149508,0.404683,0.911113,0.070627,0.033429,5.321231,132.948761,31.88376,-0.201564,0.513647,0.45719,-0.697508,20.234972,116.434776,31.967226,-0.03862,0.350792,0.572308,-0.740214,18.904097,137.143372,18.920712,0.039542,0.925071,0.160606,0.341887,-7.193281,85.926659,8.428854,0.101698,0.967587,-0.013473,0.230765,-5.865597,51.691555,-3.311968,-0.03557,0.925791,0.039135,0.374317,-15.47198,5.370238,-4.299159,-0.110995,0.890554,-0.079106,0.433978,5.565774,87.192604,22.331047,-0.010159,0.901011,-0.138089,0.411106,10.238947,52.321518,30.922937,-0.024968,0.876522,0.015135,0.480475,5.732852,6.818575,43.092525,-0.03557,0.925791,0.039135,0.374317,-5.095897,0.663697,-14.746729,-0.024968,0.876522,0.015135,0.480475,18.027699,1.399274,35.448299
911,7.591667,-0.040107,0.915423,0.007389,0.400422,-0.773587,86.558243,15.405218,-0.129234,0.907752,0.126333,0.378583,-1.38884,94.286407,15.261063,-0.015771,0.922406,-0.021202,0.385316,-8.367984,114.037262,18.0399,0.122376,0.956011,0.033433,0.264479,-8.639,135.255615,16.950573,0.075392,0.991107,0.014517,0.108684,-4.496869,149.439194,17.213875,-0.111275,0.758608,0.104503,0.633412,-11.820128,129.580627,14.86884,-0.747054,0.098264,0.488743,-0.439755,-14.753133,128.962143,-1.836287,-0.677755,-0.5728,0.168651,0.429074,-3.56165,116.130211,-16.162153,0.235023,0.282669,-0.626533,-0.687254,5.149148,144.096802,-8.178837,-0.09504,0.922048,-0.0024,0.375218,-6.547634,129.921585,20.198385,0.405261,0.910811,0.071387,0.033026,5.338788,132.926697,31.934172,-0.200928,0.512783,0.458306,-0.697594,20.232868,116.394852,31.98534,-0.037064,0.349847,0.571797,-0.741135,18.90885,137.115402,18.9652,0.039601,0.925436,0.160816,0.340789,-7.166892,85.919846,8.467292,0.101894,0.967708,-0.013223,0.230181,-5.851797,51.689964,-3.290143,-0.035622,0.925804,0.039157,0.374279,-15.471136,5.371797,-4.29872,-0.110685,0.891038,-0.0792,0.433045,5.619717,87.19664,22.343143,-0.009639,0.901343,-0.138332,0.410308,10.27917,52.321659,30.926668,-0.025269,0.876598,0.015062,0.480324,5.730021,6.824109,43.100399,-0.035622,0.925804,0.039157,0.374279,-5.095327,0.666437,-14.747087,-0.025269,0.876598,0.015062,0.480324,18.024883,1.407194,35.454517
912,7.6,-0.040131,0.915728,0.007577,0.399718,-0.745062,86.554924,15.429525,-0.129373,0.907901,0.126502,0.378122,-1.361938,94.283005,15.288359,-0.015837,0.922579,-0.020878,0.384918,-8.349449,114.036156,18.075565,0.122782,0.956212,0.033957,0.263498,-8.628835,135.255005,16.997984,0.076049,0.991199,0.015793,0.107203,-4.480741,149.4366,17.273941,-0.111014,0.75871,0.104929,0.633265,-11.809814,129.580032,14.915977,-0.74745,0.097605,0.48893,-0.43902,-14.751087,128.976532,-1.78825,-0.677282,-0.572866,0.16819,0.429914,-3.562015,116.177116,-16.145056,0.233954,0.283261,-0.626134,-0.687739,5.153628,144.126511,-8.107008,-0.094917,0.922171,-0.002186,0.374949,-6.532746,129.919952,20.24106,0.406243,0.910371,0.071612,0.032606,5.361313,132.918854,31.970701,-0.200128,0.511954,0.459349,-0.697746,20.221144,116.356155,31.997023,-0.036391,0.348706,0.572306,-0.741313,18.902372,137.088531,18.993067,0.039598,0.925785,0.160926,0.339789,-7.148987,85.917191,8.501335,0.102038,0.967308,-0.013317,0.231788,-5.843639,51.68985,-3.264584,-0.035548,0.925834,0.039097,0.374219,-15.476399,5.374706,-4.283788,-0.110411,0.891421,-0.079187,0.432329,5.658863,87.192657,22.357714,-0.009225,0.901625,-0.138505,0.409639,10.308237,52.313137,30.928267,-0.025522,0.876618,0.015158,0.480271,5.726096,6.819382,43.103813,-0.035548,0.925834,0.039097,0.374219,-5.102853,0.666827,-14.733273,-0.025522,0.876618,0.015158,0.480271,18.023024,1.408455,35.457001
913,7.608333,-0.040172,0.915943,0.007653,0.399219,-0.71983,86.550354,15.446919,-0.129512,0.90799,0.126835,0.377748,-1.337833,94.278374,15.306915,-0.015531,0.922758,-0.020372,0.384528,-8.336127,114.031044,18.107853,0.122984,0.956392,0.03434,0.262699,-8.612263,135.25119,17.055216,0.076455,0.991266,0.016666,0.106153,-4.462524,149.432129,17.339306,-0.110658,0.75904,0.105395,0.632855,-11.796151,129.579254,14.969346,-0.747847,0.096827,0.489407,-0.437984,-14.757747,128.992233,-1.731874,-0.676805,-0.57262,0.167819,0.431136,-3.582706,116.230247,-16.132858,0.23275,0.28357,-0.625772,-0.688349,5.157623,144.155716,-8.038642,-0.094352,0.921828,-0.002688,0.375931,-6.514433,129.911942,20.290274,0.406508,0.910098,0.073946,0.031705,5.358244,132.898544,32.044682,-0.198429,0.510375,0.461119,-0.698221,20.211081,116.329643,31.991068,-0.035553,0.347114,0.573209,-0.741404,18.893681,137.06459,19.014904,0.039685,0.925975,0.160898,0.339276,-7.131229,85.912254,8.525683,0.102139,0.967461,-0.012969,0.231125,-5.838906,51.684761,-3.241237,-0.035442,0.925831,0.039249,0.374219,-15.473912,5.370694,-4.287844,-0.110016,0.89176,-0.079135,0.431739,5.69157,87.188461,22.368155,-0.009001,0.901714,-0.138646,0.409401,10.323148,52.302032,30.920193,-0.024863,0.876551,0.015538,0.480415,5.719663,6.81158,43.10001,-0.035442,0.925831,0.039249,0.374219,-5.100927,0.665739,-14.739195,-0.024863,0.876551,0.015538,0.480415,18.014439,1.400938,35.449539
914,7.616667,-0.040186,0.916181,0.007625,0.398672,-0.693067,86.546791,15.457201,-0.129572,0.908063,0.127298,0.377396,-1.311175,94.274803,15.317085,-0.01568,0.922877,-0.019973,0.384257,-8.319291,114.026367,18.137825,0.123529,0.956455,0.034998,0.262124,-8.608105,135.246994,17.09844,0.076768,0.991322,0.017547,0.105264,-4.448961,149.424774,17.402191,-0.110263,0.759221,0.105951,0.632613,-11.790048,129.574554,15.011014,-0.748282,0.096318,0.4896,-0.437137,-14.764972,129.008102,-1.688553,-0.676342,-0.572528,0.167457,0.432124,-3.59394,116.275894,-16.118986,0.231495,0.283799,-0.625189,-0.689208,5.160178,144.182053,-7.973243,-0.094739,0.922323,-0.001428,0.374623,-6.505274,129.906952,20.328924,0.407963,0.909529,0.073147,0.031186,5.398237,132.891129,32.052731,-0.198303,0.50967,0.462004,-0.698187,20.19978,116.276428,31.98702,-0.034708,0.3461,0.573403,-0.741768,18.886471,137.042145,19.034552,0.039894,0.92603,0.160799,0.339147,-7.11269,85.907982,8.543654,0.102178,0.967473,-0.012741,0.23107,-5.838486,51.67939,-3.222036,-0.03539,0.92583,0.039346,0.374217,-15.472181,5.365533,-4.289874,-0.109562,0.891996,-0.079182,0.431357,5.726557,87.1856,22.370747,-0.008895,0.901623,-0.138711,0.409581,10.331388,52.292488,30.909977,-0.025348,0.876424,0.015395,0.480625,5.713826,6.803557,43.090168,-0.03539,0.92583,0.039346,0.374217,-5.099452,0.662605,-14.742398,-0.025348,0.876424,0.015395,0.480625,18.016365,1.396307,35.449783
915,7.625,-0.040084,0.916282,0.007784,0.398447,-0.671396,86.546524,15.460481,-0.129484,0.908141,0.127788,0.377072,-1.289064,94.27462,15.323402,-0.015774,0.923031,-0.01966,0.3839,-8.299747,114.020279,18.166344,0.124084,0.956527,0.035619,0.261517,-8.597751,135.241302,17.137819,0.076769,0.991404,0.018293,0.10436,-4.428672,149.415771,17.460062,-0.109849,0.759546,0.106627,0.632182,-11.779108,129.568649,15.05007,-0.748759,0.095727,0.489663,-0.436379,-14.775668,129.024597,-1.646371,-0.675951,-0.572508,0.167073,0.432911,-3.602335,116.32534,-16.104027,0.230811,0.283946,-0.625136,-0.689424,5.160957,144.214981,-7.911693,-0.094992,0.922334,-0.001035,0.374533,-6.490257,129.900482,20.363964,0.408645,0.909224,0.073374,0.030618,5.413918,132.887619,32.086342,-0.197588,0.50894,0.462806,-0.698391,20.192257,116.252426,31.990856,-0.034228,0.34507,0.573408,-0.742266,18.878986,137.023758,19.050827,0.040015,0.926071,0.160574,0.339128,-7.09458,85.910576,8.549978,0.102249,0.967696,-0.012386,0.230124,-5.834336,51.677467,-3.204056,-0.035451,0.92584,0.039268,0.374196,-15.467782,5.364132,-4.29649,-0.109207,0.892005,-0.079142,0.431437,5.751788,87.182465,22.370983,-0.00893,0.901549,-0.138839,0.409699,10.334558,52.283276,30.897179,-0.02558,0.87645,0.01537,0.480568,5.713406,6.797788,43.08884,-0.035451,0.92584,0.039268,0.374196,-5.095161,0.659795,-14.748486,-0.02558,0.87645,0.01537,0.480568,18.017122,1.393184,35.448475
916,7.633333,-0.04002,0.916377,0.008032,0.398229,-0.649912,86.548874,15.457994,-0.129462,0.908162,0.128326,0.376849,-1.268234,94.276993,15.324982,-0.015775,0.923142,-0.019204,0.383654,-8.286144,114.018799,18.190517,0.12406,0.956738,0.035679,0.260745,-8.591888,135.240585,17.179939,0.077236,0.99146,0.019339,0.103283,-4.424935,149.415726,17.49959,-0.109706,0.759727,0.107263,0.631881,-11.772481,129.568604,15.089196,-0.749121,0.094775,0.490002,-0.435584,-14.78299,129.040115,-1.605232,-0.675534,-0.572442,0.166561,0.433846,-3.616372,116.381798,-16.103909,0.23006,0.284304,-0.624904,-0.689738,5.161906,144.250229,-7.855601,-0.094369,0.921988,-0.001568,0.375539,-6.480807,129.897766,20.40044,0.40846,0.909276,0.074234,0.029433,5.401742,132.871094,32.148235,-0.196851,0.508101,0.463543,-0.698721,20.189974,116.245163,31.989866,-0.033888,0.344132,0.573792,-0.74242,18.868649,137.018082,19.063627,0.04027,0.926053,0.160286,0.339283,-7.076462,85.915802,8.55036,0.102252,0.967496,-0.012413,0.230959,-5.838594,51.677467,-3.190812,-0.035435,0.92586,0.039309,0.374143,-15.471981,5.364263,-4.289156,-0.108746,0.891708,-0.078988,0.432194,5.776639,87.181946,22.365627,-0.009291,0.901029,-0.139003,0.410778,10.327744,52.273716,30.87175,-0.025641,0.876463,0.015582,0.480534,5.716401,6.793141,43.085457,-0.035435,0.92586,0.039309,0.374143,-5.10058,0.660814,-14.742759,-0.025641,0.876463,0.015582,0.480534,18.021173,1.394727,35.442425
917,7.641667,-0.040027,0.91644,0.008371,0.398078,-0.625039,86.553391,15.448936,-0.129392,0.908149,0.128985,0.376678,-1.245574,94.28141,15.320799,-0.015804,0.923226,-0.018782,0.383472,-8.270773,114.018082,18.213816,0.123621,0.956913,0.035952,0.260275,-8.584753,135.240509,17.2194,0.077615,0.991469,0.02013,0.102763,-4.432547,149.419922,17.540966,-0.109545,0.760029,0.107912,0.631435,-11.764126,129.568939,15.125695,-0.749514,0.094189,0.490308,-0.43469,-14.794959,129.055786,-1.565532,-0.675158,-0.572315,0.166166,0.434749,-3.636803,116.428909,-16.098103,0.229206,0.284758,-0.624348,-0.690338,5.158252,144.27774,-7.801738,-0.094692,0.922514,-0.000797,0.374168,-6.470365,129.896027,20.434986,0.408865,0.90909,0.074238,0.029546,5.445016,132.871323,32.148979,-0.196579,0.50715,0.463727,-0.699367,20.218187,116.231987,31.9935,-0.033778,0.34337,0.573964,-0.742645,18.857355,137.017609,19.074572,0.040622,0.926031,0.159883,0.33949,-7.053855,85.922668,8.543195,0.10224,0.967395,-0.012401,0.231387,-5.84699,51.677048,-3.179956,-0.035606,0.925801,0.039456,0.374257,-15.478465,5.363572,-4.283463,-0.108565,0.891826,-0.07931,0.431938,5.803777,87.184105,22.354675,-0.00917,0.901145,-0.139072,0.410503,10.335536,52.276718,30.874601,-0.025547,0.876486,0.015709,0.480492,5.714888,6.797755,43.090778,-0.035606,0.925801,0.039456,0.374257,-5.102363,0.666136,-14.735105,-0.025547,0.876486,0.015709,0.480492,18.018618,1.401198,35.444756
918,7.65,-0.039926,0.91648,0.008623,0.397989,-0.605223,86.559158,15.434066,-0.129376,0.90813,0.129682,0.376489,-1.2259,94.287239,15.310207,-0.015849,0.923321,-0.018397,0.383259,-8.26184,114.020447,18.231762,0.123584,0.956999,0.036548,0.259892,-8.584085,135.243408,17.251766,0.077794,0.991491,0.020744,0.102289,-4.437751,149.424225,17.587877,-0.109416,0.760343,0.108534,0.630973,-11.762379,129.572098,15.155771,-0.749768,0.093591,0.490329,-0.434357,-14.813955,129.072723,-1.532094,-0.674967,-0.572284,0.165826,0.435215,-3.65168,116.471611,-16.083849,0.228328,0.285368,-0.624331,-0.690393,5.152342,144.308319,-7.756267,-0.094725,0.922695,-0.000512,0.373713,-6.466196,129.897552,20.462746,0.408896,0.909132,0.073847,0.028814,5.460505,132.870834,32.165726,-0.196695,0.506601,0.463745,-0.699719,20.23448,116.232452,31.9877,-0.033713,0.342839,0.573867,-0.742968,18.847393,137.02182,19.083227,0.0409,0.925965,0.159478,0.339829,-7.035534,85.932045,8.529388,0.102182,0.967429,-0.012315,0.231276,-5.853191,51.678699,-3.173678,-0.035866,0.92585,0.039424,0.374113,-15.477696,5.363905,-4.282682,-0.108326,0.89179,-0.07942,0.432051,5.825089,87.186272,22.338741,-0.00943,0.900595,-0.139146,0.411676,10.337001,52.27639,30.858997,-0.024674,0.876408,0.015958,0.480673,5.719739,6.79985,43.085472,-0.035866,0.92585,0.039424,0.374113,-5.102363,0.668504,-14.736001,-0.024674,0.876408,0.015958,0.480673,18.019197,1.397238,35.436859
919,7.658333,-0.039909,0.916514,0.008925,0.397908,-0.58431,86.56102,15.415303,-0.129384,0.908068,0.130463,0.376368,-1.206625,94.289032,15.295884,-0.01584,0.923376,-0.018044,0.383145,-8.257235,114.021706,18.248854,0.123625,0.957058,0.036921,0.259602,-8.584981,135.245239,17.282887,0.07771,0.991526,0.021305,0.101901,-4.440634,149.426407,17.628345,-0.109033,0.760563,0.10865,0.630755,-11.76243,129.574509,15.184006,-0.750046,0.093261,0.49041,-0.433857,-14.826218,129.085876,-1.501943,-0.674543,-0.572294,0.16582,0.435861,-3.664754,116.503952,-16.070927,0.227445,0.285417,-0.624062,-0.690907,5.138739,144.332642,-7.716068,-0.094691,0.922854,-0.000183,0.373328,-6.46492,129.897797,20.489792,0.408895,0.909171,0.073663,0.028053,5.471765,132.866333,32.183804,-0.196823,0.505976,0.463841,-0.700072,20.247688,116.229988,31.978411,-0.033612,0.342373,0.573779,-0.743256,18.83392,137.028152,19.090256,0.041197,0.925964,0.159123,0.339961,-7.015871,85.936424,8.511559,0.102138,0.967401,-0.012335,0.231411,-5.86067,51.676655,-3.175431,-0.035827,0.925799,0.039547,0.374232,-15.48152,5.361062,-4.282978,-0.108064,0.891761,-0.079704,0.432124,5.84725,87.185616,22.319048,-0.009506,0.900579,-0.139213,0.411687,10.332716,52.274902,30.849823,-0.025103,0.876447,0.015814,0.480584,5.719149,6.800258,43.084751,-0.035827,0.925799,0.039547,0.374232,-5.103533,0.668617,-14.734994,-0.025103,0.876447,0.015814,0.480584,18.020607,1.400067,35.437637
920,7.666667,-0.039686,0.916552,0.009016,0.397838,-0.576325,86.563454,15.394968,-0.129206,0.908051,0.131168,0.376224,-1.196041,94.291725,15.278278,-0.015843,0.923458,-0.017611,0.382967,-8.250766,114.020226,18.262123,0.123615,0.957111,0.037257,0.259365,-8.585894,135.244415,17.313171,0.077427,0.991561,0.021717,0.101688,-4.444574,149.42627,17.666786,-0.109151,0.760606,0.109462,0.630541,-11.762326,129.574295,15.211071,-0.750163,0.092369,0.490765,-0.433443,-14.834378,129.099075,-1.473743,-0.674075,-0.572339,0.165544,0.436631,-3.681064,116.54863,-16.076073,0.226641,0.285499,-0.623872,-0.691309,5.124861,144.363327,-7.677265,-0.09486,0.923066,0.000157,0.372762,-6.462772,129.895126,20.514963,0.409076,0.90914,0.07336,0.027202,5.48716,132.865326,32.195004,-0.197086,0.50546,0.463955,-0.700295,20.258579,116.225365,31.960043,-0.033816,0.341922,0.57355,-0.74363,18.824303,137.035202,19.090414,0.041565,0.925671,0.158697,0.340912,-7.009264,85.943382,8.492105,0.102033,0.967415,-0.012274,0.231404,-5.877403,51.676006,-3.174824,-0.036012,0.925781,0.039448,0.374269,-15.487346,5.358225,-4.285516,-0.107908,0.891774,-0.079987,0.432083,5.856614,87.183533,22.297831,-0.009329,0.901181,-0.139325,0.410335,10.32348,52.273647,30.841776,-0.025407,0.876408,0.015599,0.480645,5.708867,6.801626,43.086033,-0.036012,0.925781,0.039448,0.374269,-5.107031,0.665238,-14.734965,-0.025407,0.876408,0.015599,0.480645,18.013336,1.400365,35.444534
921,7.675,-0.039451,0.916593,0.009293,0.397762,-0.566748,86.565125,15.367758,-0.129071,0.90801,0.13195,0.376095,-1.184853,94.293602,15.256502,-0.015837,0.923528,-0.017223,0.382817,-8.247304,114.018806,18.27363,0.1236,0.957151,0.037639,0.259168,-8.588673,135.243576,17.340054,0.076988,0.991609,0.022028,0.10149,-4.450807,149.426178,17.703333,-0.108774,0.760739,0.109784,0.63039,-11.764239,129.574097,15.234958,-0.750223,0.091849,0.490997,-0.433188,-14.845547,129.114456,-1.448585,-0.673668,-0.572418,0.165435,0.437196,-3.698075,116.58223,-16.071016,0.225883,0.285483,-0.623721,-0.691699,5.104532,144.388824,-7.641952,-0.094913,0.923263,0.000555,0.372259,-6.462968,129.892578,20.537273,0.409027,0.90922,0.072991,0.026226,5.499357,132.860046,32.205315,-0.197558,0.50504,0.463849,-0.700535,20.274899,116.224251,31.937849,-0.03444,0.341574,0.573352,-0.743914,18.814833,137.046219,19.084743,0.041759,0.925821,0.15844,0.340601,-7.001188,85.951157,8.465748,0.101816,0.96752,-0.012287,0.231057,-5.892683,51.679058,-3.18955,-0.035984,0.925831,0.039388,0.374152,-15.483674,5.357122,-4.290812,-0.1078,0.891737,-0.080282,0.432133,5.867692,87.179092,22.26977,-0.009424,0.901087,-0.13938,0.41052,10.31778,52.27095,30.829531,-0.025461,0.876377,0.01537,0.480707,5.706545,6.800553,43.081112,-0.035984,0.925831,0.039388,0.374152,-5.106413,0.662109,-14.742391,-0.025461,0.876377,0.01537,0.480707,18.011499,1.394307,35.443916
922,7.683333,-0.039244,0.916599,0.009501,0.397764,-0.559661,86.568123,15.340805,-0.128878,0.907956,0.132627,0.376053,-1.176107,94.296799,15.233773,-0.015828,0.923568,-0.016781,0.382741,-8.241899,114.017937,18.280174,0.123516,0.957163,0.038192,0.259084,-8.590187,135.243362,17.364096,0.07629,0.991663,0.022279,0.101427,-4.458818,149.427475,17.74197,-0.108721,0.760794,0.110252,0.630252,-11.764341,129.5746,15.254929,-0.750348,0.091601,0.491212,-0.432779,-14.851973,129.12558,-1.42774,-0.673132,-0.572515,0.165601,0.437831,-3.711875,116.605949,-16.066565,0.224813,0.285797,-0.623776,-0.691868,5.080717,144.408646,-7.614223,-0.09521,0.923418,0.001111,0.371798,-6.462191,129.890411,20.556528,0.408801,0.909331,0.073122,0.025534,5.509864,132.860672,32.213882,-0.197921,0.504587,0.463796,-0.700794,20.295212,116.234085,31.916862,-0.034864,0.341252,0.572825,-0.744448,18.810358,137.063721,19.081234,0.042074,0.925577,0.158045,0.341408,-6.994383,85.959297,8.438599,0.101729,0.967434,-0.012381,0.231449,-5.906778,51.680058,-3.197656,-0.036107,0.925747,0.039338,0.374354,-15.491551,5.356681,-4.292288,-0.107761,0.891772,-0.080608,0.43201,5.875062,87.176949,22.243011,-0.009451,0.901097,-0.139412,0.410487,10.313413,52.271988,30.821836,-0.026123,0.876363,0.015148,0.480703,5.703768,6.802478,43.077309,-0.036107,0.925747,0.039338,0.374354,-5.108735,0.661826,-14.73842,-0.026123,0.876363,0.015148,0.480703,18.014133,1.400088,35.446102
923,7.691667,-0.038984,0.916613,0.009752,0.39775,-0.553625,86.571419,15.309668,-0.128652,0.907902,0.133336,0.376011,-1.167935,94.300331,15.20783,-0.015889,0.923601,-0.016344,0.382678,-8.236549,114.018059,18.285295,0.123405,0.957231,0.038328,0.258866,-8.594402,135.244019,17.385397,0.07565,0.991729,0.022732,0.10116,-4.467356,149.429352,17.765131,-0.108641,0.760848,0.110689,0.630123,-11.766377,129.575439,15.272429,-0.750464,0.090971,0.49145,-0.432441,-14.860077,129.137177,-1.409398,-0.672536,-0.572671,0.165648,0.438524,-3.725266,116.640915,-16.072189,0.223844,0.285917,-0.623889,-0.692031,5.05549,144.437485,-7.587531,-0.095216,0.923633,0.001509,0.371259,-6.463522,129.889587,20.573421,0.408071,0.909652,0.073388,0.025019,5.522081,132.855743,32.217888,-0.198346,0.503987,0.463411,-0.70136,20.335138,116.254272,31.897942,-0.035334,0.340976,0.572382,-0.744893,18.803076,137.088913,19.07443,0.042168,0.925715,0.157817,0.341128,-6.988932,85.968987,8.407448,0.101584,0.96715,-0.012776,0.232676,-5.916867,51.685097,-3.216543,-0.036245,0.925779,0.039249,0.37427,-15.495767,5.359864,-4.283972,-0.10779,0.891706,-0.080906,0.432084,5.881681,87.173859,22.211889,-0.009491,0.901094,-0.13954,0.410448,10.311596,52.272839,30.811104,-0.02612,0.876285,0.014973,0.480851,5.700894,6.806776,43.07896,-0.036245,0.925779,0.039249,0.37427,-5.113733,0.664127,-14.73049,-0.02612,0.876285,0.014973,0.480851,18.012943,1.400008,35.453568
924,7.7,-0.038802,0.916637,0.010125,0.397704,-0.545813,86.575989,15.277302,-0.128447,0.907844,0.133974,0.375994,-1.159836,94.305008,15.181923,-0.015938,0.923621,-0.015873,0.382645,-8.230674,114.0187,18.287117,0.122941,0.957325,0.038565,0.258703,-8.598122,135.245224,17.404921,0.075055,0.991781,0.023101,0.101017,-4.485829,149.434784,17.787045,-0.108475,0.760852,0.110823,0.630123,-11.76775,129.577011,15.287527,-0.750587,0.09029,0.491711,-0.432073,-14.862672,129.145889,-1.394254,-0.67182,-0.572903,0.165773,0.439272,-3.733812,116.674896,-16.083055,0.222822,0.286102,-0.624212,-0.691994,5.028352,144.466858,-7.564097,-0.095311,0.923836,0.001992,0.370727,-6.464549,129.889099,20.588293,0.407437,0.909992,0.073011,0.024049,5.533823,132.852859,32.220211,-0.199247,0.503576,0.462992,-0.701677,20.371988,116.274429,31.870274,-0.035701,0.34064,0.571863,-0.745427,18.800426,137.121704,19.068459,0.042317,0.925775,0.157552,0.341069,-6.982084,85.9795,8.375469,0.101444,0.967044,-0.013037,0.233165,-5.927432,51.690453,-3.234898,-0.036434,0.925792,0.039153,0.37423,-15.49877,5.36316,-4.280231,-0.107772,0.891751,-0.08121,0.431938,5.890458,87.172485,22.179136,-0.009529,0.901138,-0.139694,0.410299,10.310941,52.274757,30.796534,-0.025398,0.876314,0.015242,0.480829,5.699427,6.81285,43.079464,-0.036434,0.925792,0.039153,0.37423,-5.116068,0.66697,-14.725874,-0.025398,0.876314,0.015242,0.480829,18.005238,1.402537,35.446529
925,7.708333,-0.038495,0.916649,0.010338,0.397701,-0.545677,86.578156,15.244128,-0.128098,0.907819,0.134549,0.375968,-1.156648,94.307472,15.153667,-0.016002,0.923655,-0.015449,0.382579,-8.222857,114.018272,18.286484,0.122718,0.957355,0.038901,0.258649,-8.599787,135.24527,17.419945,0.074101,0.991844,0.023355,0.101039,-4.496164,149.437134,17.809639,-0.108502,0.760926,0.111266,0.629951,-11.767271,129.577225,15.298906,-0.750639,0.08958,0.491927,-0.431884,-14.869364,129.153931,-1.381752,-0.671182,-0.573162,0.165874,0.43987,-3.744262,116.706429,-16.093317,0.221751,0.286432,-0.624224,-0.692191,4.997818,144.495499,-7.544319,-0.095436,0.924049,0.002631,0.370161,-6.463333,129.887756,20.59903,0.406858,0.910281,0.072943,0.023141,5.548477,132.848114,32.217945,-0.199973,0.503025,0.462743,-0.70203,20.409561,116.290962,31.834635,-0.035964,0.340157,0.571237,-0.746115,18.79941,137.151794,19.056179,0.042413,0.925776,0.157285,0.341176,-6.98244,85.988579,8.342154,0.101272,0.967044,-0.013184,0.233228,-5.939586,51.694042,-3.25306,-0.036359,0.925799,0.039133,0.374223,-15.498538,5.363819,-4.28177,-0.107765,0.891739,-0.081326,0.431942,5.891086,87.167732,22.146103,-0.009875,0.900592,-0.139812,0.411447,10.307375,52.271271,30.770756,-0.024595,0.876276,0.015434,0.480935,5.705085,6.813118,43.071033,-0.036359,0.925799,0.039133,0.374223,-5.116792,0.666219,-14.727736,-0.024595,0.876276,0.015434,0.480935,18.005714,1.396269,35.434372
926,7.716667,-0.038179,0.916722,0.010552,0.397558,-0.546177,86.580002,15.209339,-0.127709,0.907865,0.135183,0.375763,-1.154001,94.309631,15.123961,-0.016272,0.923744,-0.015192,0.382363,-8.214676,114.018021,18.288847,0.122559,0.957405,0.039282,0.25848,-8.606599,135.244995,17.428091,0.073188,0.991919,0.023605,0.100914,-4.510367,149.438736,17.826525,-0.108557,0.761068,0.111889,0.62966,-11.771213,129.575317,15.307087,-0.750677,0.088843,0.491931,-0.431967,-14.885348,129.162308,-1.371579,-0.670682,-0.573396,0.166025,0.440271,-3.75457,116.737411,-16.097942,0.220697,0.28662,-0.624502,-0.692199,4.968191,144.526657,-7.529862,-0.095182,0.924356,0.002973,0.369455,-6.464934,129.888107,20.604731,0.406182,0.910644,0.072481,0.022148,5.566231,132.837265,32.206448,-0.200918,0.502452,0.462312,-0.702454,20.453772,116.304604,31.793839,-0.036215,0.339459,0.570586,-0.746919,18.795759,137.17894,19.041193,0.042489,0.925767,0.157114,0.34127,-6.985548,85.997421,8.30921,0.101105,0.966807,-0.013556,0.234262,-5.95097,51.699459,-3.276604,-0.036314,0.925795,0.039005,0.37425,-15.501892,5.366978,-4.277737,-0.10769,0.891798,-0.081529,0.431801,5.893195,87.162582,22.10947,-0.009802,0.901083,-0.140089,0.410279,10.299582,52.267338,30.744112,-0.025697,0.876231,0.014815,0.480978,5.696259,6.81639,43.070591,-0.036314,0.925795,0.039005,0.37425,-5.120391,0.66538,-14.72214,-0.025697,0.876231,0.014815,0.480978,18.00552,1.399657,35.447784
927,7.725,-0.03783,0.916771,0.010702,0.397475,-0.551172,86.579155,15.174487,-0.127312,0.907904,0.135741,0.375601,-1.154982,94.309143,15.093453,-0.016334,0.923835,-0.014898,0.382151,-8.208445,114.015022,18.287119,0.121832,0.957529,0.039556,0.258325,-8.607776,135.242279,17.436977,0.07241,0.991966,0.023831,0.100961,-4.533833,149.442398,17.836937,-0.108548,0.761117,0.112356,0.62952,-11.771524,129.572601,15.314685,-0.750656,0.088115,0.492147,-0.431905,-14.891723,129.169113,-1.363082,-0.670107,-0.573633,0.166206,0.440769,-3.764682,116.765808,-16.110456,0.219869,0.286794,-0.624849,-0.692078,4.93789,144.55455,-7.52024,-0.095389,0.924546,0.003525,0.368923,-6.46284,129.884537,20.60997,0.40566,0.91087,0.072818,0.021293,5.58034,132.833939,32.199154,-0.201295,0.501707,0.462249,-0.70292,20.488382,116.320778,31.747711,-0.036594,0.338822,0.570164,-0.747512,18.79088,137.204437,19.017801,0.042432,0.925802,0.156972,0.341247,-6.992305,86.0037,8.2754,0.100962,0.966926,-0.013654,0.233827,-5.957789,51.70216,-3.299816,-0.036205,0.925836,0.038861,0.374175,-15.498415,5.367208,-4.284532,-0.10756,0.891901,-0.081569,0.431613,5.889961,87.154617,22.073574,-0.010086,0.900898,-0.140314,0.410602,10.288617,52.257813,30.70587,-0.026212,0.876248,0.01466,0.480924,5.696343,6.813362,43.06039,-0.036205,0.925836,0.038861,0.374175,-5.120115,0.660411,-14.729781,-0.026212,0.876248,0.01466,0.480924,18.009027,1.400029,35.440693
928,7.733333,-0.037435,0.916862,0.010871,0.397297,-0.556508,86.580254,15.138017,-0.126889,0.90796,0.136257,0.375423,-1.155758,94.310638,15.061935,-0.016469,0.92392,-0.014629,0.381951,-8.198615,114.010109,18.282637,0.121153,0.957598,0.040028,0.258312,-8.60779,135.237518,17.440952,0.071383,0.99201,0.023981,0.101223,-4.556082,149.443756,17.849195,-0.108534,0.761218,0.112826,0.629315,-11.769958,129.567261,15.317863,-0.750663,0.087308,0.492202,-0.431995,-14.899018,129.173004,-1.358463,-0.669519,-0.573989,0.166421,0.441117,-3.768062,116.793594,-16.122952,0.21918,0.286913,-0.625226,-0.691906,4.905377,144.585617,-7.513873,-0.095702,0.924722,0.004092,0.368394,-6.459048,129.879501,20.610897,0.405087,0.911124,0.073061,0.020492,5.595342,132.832275,32.187561,-0.2015,0.500793,0.462276,-0.703495,20.525551,116.340149,31.701368,-0.03659,0.337695,0.570182,-0.748008,18.784323,137.234619,18.993242,0.042447,0.925718,0.156866,0.341523,-7.000871,86.012817,8.241283,0.100767,0.966779,-0.014028,0.234495,-5.966557,51.708954,-3.327062,-0.036078,0.925898,0.038709,0.37405,-15.49708,5.371252,-4.279787,-0.107439,0.892,-0.081687,0.431416,5.887855,87.14769,22.03475,-0.010351,0.900793,-0.140539,0.410747,10.276945,52.250397,30.669939,-0.025738,0.876218,0.014739,0.481002,5.696452,6.812427,43.05265,-0.036078,0.925898,0.038709,0.37405,-5.123272,0.658807,-14.726946,-0.025738,0.876218,0.014739,0.481002,18.00617,1.394385,35.431503
929,7.741667,-0.03701,0.916927,0.011096,0.397181,-0.566723,86.583694,15.100273,-0.126461,0.907965,0.136659,0.37541,-1.161339,94.314499,15.030087,-0.016429,0.923952,-0.014143,0.381893,-8.191553,114.006737,18.271976,0.120437,0.957625,0.040519,0.258472,-8.6071,135.234802,17.450026,0.07007,0.992059,0.02384,0.101694,-4.578564,149.447357,17.86768,-0.108762,0.761038,0.113532,0.629367,-11.76791,129.565567,15.322145,-0.750624,0.086785,0.492567,-0.431752,-14.893066,129.181381,-1.35515,-0.668854,-0.574306,0.166699,0.441609,-3.774048,116.817924,-16.141983,0.218781,0.287126,-0.625602,-0.691604,4.87164,144.612045,-7.511829,-0.096039,0.924955,0.004647,0.367712,-6.456314,129.874481,20.614689,0.40441,0.911383,0.073756,0.019841,5.612909,132.831772,32.174736,-0.201647,0.499811,0.462343,-0.704107,20.568674,116.36393,31.652063,-0.036668,0.336688,0.570057,-0.748553,18.782347,137.267975,18.967161,0.042432,0.925633,0.156666,0.341846,-7.013428,86.025253,8.204994,0.100579,0.966626,-0.014356,0.235187,-5.979123,51.71677,-3.349645,-0.035986,0.925913,0.038621,0.37403,-15.499269,5.376375,-4.274946,-0.107411,0.892019,-0.081678,0.431385,5.879982,87.142143,21.995554,-0.01065,0.900625,-0.140859,0.410999,10.267856,52.244316,30.629169,-0.025759,0.876195,0.014678,0.481045,5.69687,6.815466,43.04879,-0.035986,0.925913,0.038621,0.37403,-5.127104,0.660465,-14.722176,-0.025759,0.876195,0.014678,0.481045,18.00724,1.396204,35.429562
930,7.75,-0.036819,0.917001,0.011462,0.397016,-0.569951,86.588135,15.060785,-0.125982,0.908031,0.137105,0.375248,-1.16412,94.319031,14.997086,-0.016596,0.924036,-0.013794,0.381696,-8.180279,114.005241,18.263979,0.119348,0.95777,0.040841,0.258388,-8.608222,135.23349,17.453142,0.069112,0.9921,0.023992,0.101912,-4.61227,149.455231,17.871416,-0.108883,0.761078,0.113985,0.629215,-11.766765,129.563568,15.32375,-0.750694,0.086165,0.492654,-0.431655,-14.89749,129.185165,-1.352629,-0.668274,-0.574663,0.166978,0.441917,-3.777546,116.842583,-16.156187,0.218449,0.287367,-0.62593,-0.691312,4.837587,144.641571,-7.511171,-0.096343,0.925156,0.005191,0.36712,-6.452992,129.872757,20.61409,0.403596,0.91175,0.073901,0.019008,5.629005,132.833557,32.159885,-0.201926,0.498842,0.462197,-0.704809,20.615486,116.39476,31.603783,-0.036811,0.335487,0.570461,-0.748777,18.775213,137.305283,18.940977,0.042527,0.925573,0.156396,0.34212,-7.019402,86.035652,8.167596,0.10037,0.966316,-0.014822,0.236516,-5.994858,51.721626,-3.371441,-0.036112,0.925931,0.038608,0.373976,-15.505118,5.37853,-4.262541,-0.107341,0.891924,-0.081676,0.431599,5.8795,87.140617,21.953974,-0.010969,0.900404,-0.141215,0.411352,10.260937,52.241676,30.586401,-0.025865,0.876124,0.014383,0.481176,5.69832,6.822994,43.046227,-0.036112,0.925931,0.038608,0.373976,-5.132953,0.663687,-14.710249,-0.025865,0.876124,0.014383,0.481176,18.010559,1.397869,35.434196
931,7.758333,-0.036573,0.917066,0.011831,0.396878,-0.577708,86.591064,15.019751,-0.125494,0.908114,0.137479,0.375073,-1.170663,94.322105,14.962917,-0.016657,0.924145,-0.013401,0.381443,-8.171584,114.003983,18.252455,0.118518,0.957883,0.040891,0.258343,-8.608512,135.23259,17.45616,0.067748,0.992152,0.024188,0.10227,-4.635952,149.461029,17.869436,-0.109049,0.76114,0.114441,0.629029,-11.765981,129.562836,15.324733,-0.750662,0.085539,0.492705,-0.431778,-14.903442,129.188934,-1.350483,-0.667801,-0.575007,0.167302,0.442062,-3.780917,116.863739,-16.166597,0.218228,0.287549,-0.626402,-0.690878,4.803677,144.670334,-7.515617,-0.096669,0.925372,0.005652,0.366484,-6.449342,129.870605,20.612276,0.402968,0.912037,0.073989,0.018197,5.646363,132.836731,32.142338,-0.202364,0.498097,0.462077,-0.705289,20.656725,116.420853,31.554062,-0.036938,0.334458,0.570124,-0.749488,18.774717,137.34024,18.914724,0.042437,0.925622,0.156203,0.342088,-7.029572,86.045555,8.128263,0.10021,0.96645,-0.014973,0.236026,-6.004305,51.726597,-3.396029,-0.03607,0.925929,0.038633,0.373981,-15.50392,5.380898,-4.26496,-0.107302,0.891922,-0.081659,0.431617,5.874155,87.136574,21.911236,-0.011323,0.900138,-0.141584,0.411799,10.253431,52.236824,30.541479,-0.025587,0.876166,0.014483,0.481112,5.700361,6.828758,43.043411,-0.03607,0.925929,0.038633,0.373981,-5.131967,0.666245,-14.712965,-0.025587,0.876166,0.014483,0.481112,18.009222,1.402155,35.426975
932,7.766667,-0.036261,0.917107,0.012222,0.396801,-0.589539,86.590309,14.9755,-0.124864,0.90822,0.137885,0.374877,-1.180461,94.321556,14.926188,-0.016736,0.924266,-0.013178,0.381154,-8.160426,113.997925,18.24173,0.118096,0.957965,0.041298,0.258168,-8.604331,135.226685,17.453058,0.066051,0.992272,0.024246,0.102203,-4.646656,149.459045,17.873856,-0.109019,0.761279,0.11507,0.628751,-11.761429,129.556686,15.321678,-0.750623,0.084973,0.492676,-0.431991,-14.910975,129.195389,-1.351547,-0.667441,-0.575377,0.167538,0.442035,-3.782868,116.885139,-16.175898,0.218273,0.287754,-0.626896,-0.69033,4.771037,144.700211,-7.521799,-0.097076,0.925614,0.006149,0.365755,-6.44152,129.864258,20.605947,0.40248,0.912231,0.074402,0.017595,5.669647,132.837921,32.117832,-0.202673,0.497133,0.462069,-0.705885,20.698462,116.440033,31.499466,-0.037247,0.333495,0.570129,-0.749898,18.768894,137.372284,18.884857,0.042412,0.92562,0.155893,0.342237,-7.042988,86.053101,8.084841,0.099994,0.96624,-0.015337,0.236952,-6.022056,51.726978,-3.418485,-0.036235,0.925943,0.038629,0.373931,-15.509382,5.378228,-4.258371,-0.107372,0.891914,-0.081615,0.431625,5.86391,87.12751,21.866161,-0.011608,0.899933,-0.141951,0.412111,10.249003,52.228333,30.49575,-0.026127,0.876187,0.014229,0.481053,5.701481,6.830746,43.037701,-0.036235,0.925943,0.038629,0.373931,-5.136945,0.665331,-14.706698,-0.026127,0.876187,0.014229,0.481053,18.01343,1.405426,35.425331
933,7.775,-0.035706,0.917153,0.01235,0.39674,-0.608932,86.587273,14.935539,-0.124337,0.908329,0.138179,0.37468,-1.192772,94.319092,14.891514,-0.016709,0.924392,-0.013072,0.380854,-8.155634,113.994873,18.227894,0.117454,0.957987,0.042123,0.258247,-8.600454,135.22377,17.443932,0.06431,0.992351,0.023988,0.10261,-4.666498,149.462128,17.883734,-0.109155,0.761407,0.115508,0.628492,-11.758838,129.554169,15.313437,-0.750614,0.084422,0.492626,-0.43217,-14.918447,129.197235,-1.357977,-0.667047,-0.575754,0.167776,0.442049,-3.784003,116.902412,-16.19038,0.218369,0.287725,-0.627319,-0.689928,4.738737,144.725494,-7.531308,-0.097322,0.925811,0.006483,0.365185,-6.435481,129.860733,20.594288,0.402298,0.912388,0.073718,0.016429,5.68818,132.838791,32.091877,-0.203541,0.496706,0.461935,-0.706024,20.725262,116.449821,31.439161,-0.037659,0.332637,0.569682,-0.750597,18.768805,137.39769,18.854118,0.042201,0.925651,0.155728,0.342254,-7.064054,86.060608,8.045634,0.099806,0.966478,-0.015335,0.236059,-6.032938,51.729477,-3.441826,-0.036189,0.925936,0.038575,0.373958,-15.504,5.377171,-4.268853,-0.107389,0.891801,-0.081371,0.431899,5.846189,87.113937,21.825445,-0.012086,0.899527,-0.142294,0.412866,10.237514,52.212143,30.441267,-0.025719,0.876118,0.014381,0.481196,5.706732,6.824848,43.026466,-0.036189,0.925936,0.038575,0.373958,-5.131566,0.662303,-14.716291,-0.025719,0.876118,0.014381,0.481196,18.017855,1.397605,35.414135
934,7.783333,-0.035312,0.91722,0.012456,0.396618,-0.622484,86.585281,14.896253,-0.123699,0.908518,0.138546,0.374298,-1.201388,94.317497,14.856238,-0.017015,0.924581,-0.013054,0.380383,-8.143277,113.992737,18.219425,0.117144,0.958033,0.042565,0.258143,-8.600784,135.221237,17.431488,0.062515,0.992446,0.023992,0.102799,-4.678786,149.462585,17.881004,-0.108999,0.761516,0.115628,0.628366,-11.758169,129.549423,15.305406,-0.750473,0.08392,0.492505,-0.432651,-14.924316,129.198181,-1.364884,-0.666754,-0.576145,0.168043,0.441879,-3.780843,116.91246,-16.198032,0.218325,0.287728,-0.627785,-0.689517,4.709078,144.746613,-7.542251,-0.097458,0.92601,0.006811,0.364638,-6.429588,129.860062,20.580748,0.401989,0.912567,0.073408,0.015393,5.706729,132.839111,32.064716,-0.204207,0.496099,0.461837,-0.706322,20.756355,116.463112,31.376595,-0.03806,0.331801,0.569418,-0.751147,18.765917,137.424713,18.819294,0.042017,0.925823,0.155609,0.341864,-7.079965,86.06617,8.007988,0.099609,0.966445,-0.015573,0.236263,-6.044399,51.731239,-3.467715,-0.036173,0.925953,0.038517,0.373924,-15.502769,5.375916,-4.270507,-0.107473,0.891795,-0.081224,0.431919,5.834997,87.104401,21.784517,-0.01228,0.899452,-0.142673,0.412891,10.236194,52.202179,30.393568,-0.026058,0.876031,0.013936,0.481349,5.706708,6.825542,43.017601,-0.036173,0.925953,0.038517,0.373924,-5.131443,0.659252,-14.718228,-0.026058,0.876031,0.013936,0.481349,18.021652,1.391994,35.415962
935,7.791667,-0.034862,0.91725,0.012605,0.396583,-0.638838,86.587372,14.852927,-0.123183,0.908574,0.138903,0.3742,-1.212264,94.320007,14.817823,-0.017125,0.924652,-0.012755,0.380215,-8.135767,113.985313,18.201777,0.11632,0.958107,0.043047,0.258162,-8.602604,135.213974,17.423874,0.060867,0.992523,0.023906,0.103064,-4.706934,149.462311,17.881058,-0.109011,0.76155,0.116037,0.628247,-11.758376,129.541809,15.296348,-0.75029,0.083479,0.492332,-0.43325,-14.929509,129.19838,-1.373158,-0.66654,-0.576553,0.168298,0.441573,-3.77517,116.918251,-16.202787,0.218423,0.287713,-0.628308,-0.689015,4.680962,144.765167,-7.554933,-0.097576,0.926393,0.007136,0.363627,-6.42794,129.852264,20.569824,0.401528,0.912816,0.07299,0.014638,5.732605,132.832489,32.027828,-0.204992,0.495411,0.461578,-0.706748,20.799723,116.473511,31.318197,-0.038125,0.330864,0.568985,-0.751885,18.763693,137.45166,18.787338,0.041833,0.925899,0.155378,0.341786,-7.097435,86.077156,7.965043,0.099421,0.966389,-0.01582,0.236554,-6.056367,51.735901,-3.491235,-0.036203,0.925991,0.038386,0.373842,-15.502927,5.377755,-4.270098,-0.107608,0.891743,-0.081159,0.432004,5.819758,87.097588,21.740812,-0.012636,0.899097,-0.142926,0.413567,10.230768,52.196693,30.350262,-0.025831,0.876019,0.014073,0.481379,5.712127,6.82773,43.005733,-0.036203,0.925991,0.038386,0.373842,-5.133544,0.657837,-14.718284,-0.025831,0.876019,0.014073,0.481379,18.026009,1.3944,35.40221
936,7.8,-0.034566,0.917282,0.012969,0.396523,-0.650547,86.590004,14.80827,-0.122598,0.90874,0.139173,0.373888,-1.222001,94.322815,14.780203,-0.017313,0.924841,-0.012422,0.379756,-8.124402,113.985504,18.185444,0.115407,0.958221,0.043414,0.258088,-8.604389,135.214233,17.417843,0.059231,0.992582,0.023783,0.103477,-4.736803,149.470108,17.878269,-0.10916,0.761597,0.116354,0.628105,-11.759003,129.541214,15.290875,-0.750241,0.082994,0.492404,-0.433346,-14.935082,129.199966,-1.377736,-0.666235,-0.576789,0.168549,0.44163,-3.780276,116.932762,-16.217688,0.218535,0.287774,-0.628722,-0.688576,4.654205,144.785812,-7.568529,-0.097678,0.926689,0.00771,0.362832,-6.423429,129.852356,20.559116,0.401058,0.913015,0.073247,0.013826,5.756035,132.829895,31.997711,-0.205587,0.494619,0.461578,-0.707129,20.840969,116.488937,31.252125,-0.038463,0.329856,0.568536,-0.75265,18.766441,137.482666,18.75268,0.041738,0.926017,0.155105,0.341602,-7.11044,86.087624,7.921024,0.099232,0.966349,-0.016093,0.23678,-6.072144,51.739639,-3.515309,-0.036284,0.925966,0.038422,0.373892,-15.507499,5.378771,-4.267156,-0.107754,0.891609,-0.081097,0.432257,5.809347,87.092384,21.695515,-0.012836,0.898988,-0.143358,0.413648,10.229212,52.193058,30.306738,-0.025836,0.875985,0.013891,0.481446,5.709404,6.836292,43.005424,-0.036284,0.925966,0.038422,0.373892,-5.13609,0.660778,-14.714199,-0.025836,0.875985,0.013891,0.481446,18.023605,1.398494,35.405621
937,7.808333,-0.034128,0.917289,0.013155,0.396539,-0.664915,86.592682,14.765424,-0.122033,0.908891,0.139489,0.373587,-1.231294,94.32589,14.742692,-0.017523,0.925017,-0.012298,0.379323,-8.114211,113.985466,18.170513,0.115076,0.95827,0.044038,0.257947,-8.604788,135.21402,17.404629,0.0572,0.992698,0.023666,0.103532,-4.751121,149.47319,17.879606,-0.109361,0.761696,0.116668,0.627891,-11.758774,129.539673,15.280306,-0.75004,0.082528,0.49227,-0.433935,-14.942466,129.1987,-1.386856,-0.666091,-0.577135,0.168741,0.441322,-3.778346,116.937469,-16.224743,0.218599,0.287862,-0.629055,-0.688215,4.627961,144.801453,-7.583385,-0.097778,0.926946,0.008057,0.36214,-6.418369,129.852966,20.54352,0.400671,0.91315,0.073811,0.013076,5.777468,132.830399,31.964678,-0.205875,0.493602,0.461785,-0.707621,20.877106,116.50486,31.179916,-0.038718,0.32873,0.568563,-0.753109,18.762848,137.511795,18.713512,0.041719,0.926092,0.154853,0.341518,-7.125139,86.099289,7.877837,0.098974,0.966049,-0.016562,0.238074,-6.092995,51.745533,-3.54169,-0.036406,0.925938,0.038402,0.37395,-15.514475,5.381269,-4.257411,-0.107967,0.891385,-0.080949,0.432693,5.795309,87.086067,21.653009,-0.01306,0.898846,-0.14378,0.413803,10.229285,52.188332,30.263424,-0.02607,0.875918,0.013566,0.481564,5.709754,6.84357,43.005009,-0.036406,0.925938,0.038402,0.37395,-5.140627,0.664183,-14.702445,-0.02607,0.875918,0.013566,0.481564,18.026728,1.401002,35.413105
938,7.816667,-0.033479,0.917215,0.013067,0.396768,-0.689072,86.5923,14.728932,-0.121518,0.908958,0.139652,0.373532,-1.245681,94.326225,14.708807,-0.017452,0.925123,-0.011929,0.379078,-8.108724,113.981499,18.150341,0.114341,0.958351,0.044297,0.25793,-8.602669,135.210541,17.400221,0.055247,0.992784,0.023444,0.103816,-4.771311,149.475662,17.877018,-0.109372,0.761817,0.116968,0.627687,-11.757023,129.537277,15.273476,-0.749958,0.082168,0.492364,-0.434038,-14.949327,129.201172,-1.392139,-0.665902,-0.577283,0.168977,0.441323,-3.786701,116.948166,-16.237936,0.21868,0.288021,-0.629143,-0.688042,4.604362,144.817856,-7.600194,-0.097955,0.927203,0.008451,0.361425,-6.413794,129.847488,20.534006,0.400309,0.913336,0.073661,0.012039,5.798438,132.826721,31.937166,-0.206247,0.49277,0.46182,-0.70807,20.912149,116.516098,31.114235,-0.038776,0.327599,0.568452,-0.753683,18.75922,137.534836,18.674742,0.041597,0.926117,0.154732,0.34152,-7.146694,86.109612,7.83815,0.098753,0.966005,-0.016867,0.238325,-6.109386,51.752411,-3.570537,-0.036438,0.925962,0.038275,0.373901,-15.517506,5.384975,-4.255857,-0.108297,0.891206,-0.080652,0.433035,5.76855,87.074982,21.619715,-0.013305,0.898609,-0.144139,0.414186,10.229722,52.178944,30.222952,-0.026103,0.875974,0.013691,0.481456,5.711502,6.844589,43.001972,-0.036438,0.925962,0.038275,0.373901,-5.144824,0.664764,-14.700633,-0.026103,0.875974,0.013691,0.481456,18.027546,1.40557,35.406025
939,7.825,-0.03318,0.917233,0.0132,0.396746,-0.700232,86.592636,14.688643,-0.12102,0.909069,0.139897,0.373331,-1.253404,94.326813,14.672253,-0.01755,0.925253,-0.011645,0.378765,-8.097822,113.976349,18.131308,0.113417,0.958441,0.04462,0.257946,-8.600442,135.205536,17.390942,0.053376,0.992848,0.023198,0.10424,-4.797085,149.478073,17.870146,-0.109343,0.76195,0.117265,0.627476,-11.754085,129.532013,15.263859,-0.749693,0.081729,0.492425,-0.43451,-14.955629,129.201645,-1.400103,-0.665849,-0.577535,0.169022,0.441056,-3.792466,116.952744,-16.248896,0.21906,0.288042,-0.629352,-0.687721,4.580039,144.829239,-7.615067,-0.098122,0.927433,0.00888,0.360779,-6.407343,129.841934,20.520838,0.400114,0.913368,0.074442,0.011261,5.819598,132.822144,31.90797,-0.206214,0.491555,0.462517,-0.708469,20.941055,116.521027,31.040148,-0.038048,0.326094,0.568615,-0.754249,18.761095,137.55986,18.639477,0.041577,0.926189,0.154559,0.341403,-7.158551,86.116112,7.798081,0.098519,0.965962,-0.017144,0.238575,-6.125722,51.754929,-3.599015,-0.03656,0.925988,0.038187,0.373834,-15.518707,5.384016,-4.256134,-0.108352,0.891088,-0.080603,0.433273,5.758087,87.069153,21.579203,-0.013611,0.898384,-0.144399,0.414571,10.222034,52.173401,30.182188,-0.026831,0.875909,0.013106,0.481551,5.714064,6.846929,42.992756,-0.03656,0.925988,0.038187,0.373834,-5.146579,0.662794,-14.701007,-0.026831,0.875909,0.013106,0.481551,18.036106,1.403653,35.409592
940,7.833333,-0.032722,0.917236,0.013209,0.396778,-0.713728,86.593071,14.647706,-0.120419,0.909352,0.139955,0.372815,-1.260452,94.327713,14.634252,-0.017757,0.925568,-0.011389,0.377993,-8.075188,113.965622,18.106276,0.112388,0.958618,0.045207,0.257635,-8.59069,135.194733,17.37307,0.051413,0.992933,0.023012,0.104461,-4.820555,149.47583,17.85977,-0.109045,0.762244,0.117708,0.627087,-11.744791,129.520126,15.249604,-0.749593,0.081543,0.492396,-0.43475,-14.965097,129.204254,-1.411012,-0.665805,-0.5777,0.169132,0.440865,-3.799342,116.957237,-16.259394,0.219368,0.288062,-0.629531,-0.687451,4.559319,144.839844,-7.631881,-0.098331,0.927529,0.009177,0.360468,-6.389394,129.831421,20.497677,0.400071,0.913473,0.073582,0.009767,5.843766,132.814972,31.877243,-0.206576,0.490664,0.462666,-0.708883,20.968128,116.51902,30.964199,-0.038001,0.324718,0.569155,-0.754438,18.751575,137.576111,18.591932,0.041591,0.926126,0.154438,0.341628,-7.172137,86.124573,7.756685,0.098274,0.966093,-0.017321,0.238132,-6.140525,51.760757,-3.632589,-0.036501,0.92599,0.038034,0.373851,-15.515612,5.385858,-4.263649,-0.108415,0.890952,-0.080605,0.433536,5.74468,87.061569,21.538727,-0.013791,0.898464,-0.144637,0.41431,10.210005,52.166821,30.145082,-0.02605,0.875849,0.013341,0.481696,5.711684,6.847301,42.983616,-0.036501,0.92599,0.038034,0.373851,-5.144183,0.659788,-14.707014,-0.02605,0.875849,0.013341,0.481696,18.029621,1.398844,35.397518
941,7.841667,-0.032285,0.917241,0.013188,0.396804,-0.728089,86.5952,14.608118,-0.120204,0.909417,0.140226,0.372625,-1.268485,94.330292,14.597042,-0.017737,0.9257,-0.011032,0.377681,-8.077115,113.963356,18.083481,0.111879,0.95869,0.045588,0.257523,-8.597795,135.192841,17.364798,0.04963,0.993028,0.022524,0.104526,-4.844721,149.478195,17.858007,-0.108943,0.762273,0.117726,0.627066,-11.75211,129.518951,15.239718,-0.749506,0.081322,0.492443,-0.434887,-14.974058,129.205933,-1.420642,-0.665781,-0.577818,0.169158,0.440736,-3.808759,116.962662,-16.272467,0.219695,0.28818,-0.629627,-0.687209,4.541095,144.848557,-7.6471,-0.098279,0.927897,0.009624,0.359523,-6.393165,129.827927,20.48431,0.399653,0.913518,0.075323,0.009489,5.863446,132.805908,31.840086,-0.206177,0.489271,0.463224,-0.709598,21.002966,116.526375,30.886162,-0.038105,0.323572,0.569485,-0.754676,18.745317,137.590775,18.544487,0.041529,0.926137,0.1543,0.341669,-7.186651,86.134117,7.716736,0.09806,0.966032,-0.017633,0.238445,-6.153922,51.766838,-3.661971,-0.036501,0.926015,0.037867,0.373804,-15.516424,5.388993,-4.262724,-0.108477,0.890931,-0.080656,0.433554,5.730473,87.056282,21.4995,-0.014081,0.89834,-0.144805,0.414511,10.197944,52.163105,30.111086,-0.026047,0.87573,0.013,0.481923,5.71479,6.848958,42.973869,-0.036501,0.926015,0.037867,0.373804,-5.146551,0.658363,-14.705578,-0.026047,0.87573,0.013,0.481923,18.034927,1.391989,35.397461
942,7.85,-0.031987,0.917302,0.013319,0.396682,-0.73244,86.601067,14.565206,-0.119711,0.909527,0.140425,0.372439,-1.2694,94.336403,14.557892,-0.018022,0.925799,-0.010746,0.377434,-8.057743,113.960556,18.059261,0.111645,0.958672,0.046067,0.257607,-8.594413,135.189865,17.347404,0.047144,0.993126,0.02215,0.104819,-4.851255,149.477402,17.852879,-0.108823,0.762544,0.11794,0.626717,-11.745721,129.514328,15.222305,-0.749424,0.081237,0.492333,-0.435169,-14.983407,129.206543,-1.435094,-0.665763,-0.57797,0.169245,0.44053,-3.812666,116.962372,-16.282072,0.219761,0.288223,-0.629697,-0.687106,4.524722,144.854019,-7.663199,-0.098285,0.928057,0.010087,0.359094,-6.384133,129.825623,20.464052,0.399603,0.913594,0.0748,0.008214,5.88289,132.798828,31.809822,-0.206575,0.488598,0.463426,-0.709813,21.02515,116.524384,30.813576,-0.037909,0.322496,0.569327,-0.755266,18.744043,137.607208,18.499041,0.04158,0.926131,0.153985,0.341819,-7.193184,86.146072,7.675469,0.097831,0.965943,-0.017876,0.23888,-6.169959,51.772057,-3.68376,-0.036553,0.92602,0.037834,0.37379,-15.516904,5.390784,-4.2613,-0.108362,0.890806,-0.080853,0.433803,5.728304,87.056061,21.454943,-0.014438,0.898145,-0.144978,0.41486,10.179708,52.163376,30.076811,-0.02626,0.875734,0.012988,0.481904,5.715004,6.854945,42.96611,-0.036553,0.92602,0.037834,0.37379,-5.14692,0.659856,-14.703899,-0.02626,0.875734,0.012988,0.481904,18.036869,1.400729,35.390537
943,7.858333,-0.031668,0.917332,0.013407,0.396634,-0.741748,86.605003,14.526188,-0.119327,0.909515,0.140799,0.372449,-1.274717,94.340614,14.522123,-0.017998,0.925794,-0.01067,0.377448,-8.054077,113.963791,18.043652,0.110666,0.958748,0.046726,0.25763,-8.591013,135.193222,17.33518,0.045194,0.99323,0.021648,0.104804,-4.879866,149.488693,17.852236,-0.108855,0.762737,0.118133,0.62644,-11.742189,129.517975,15.209089,-0.749237,0.081116,0.492444,-0.435388,-14.99139,129.211639,-1.446094,-0.665762,-0.577955,0.169328,0.440518,-3.824617,116.965233,-16.294222,0.219497,0.288301,-0.629816,-0.687049,4.51206,144.858368,-7.67947,-0.098266,0.928271,0.010456,0.358535,-6.380745,129.828506,20.451031,0.399259,0.913773,0.07455,0.007232,5.900012,132.797501,31.783035,-0.20667,0.487921,0.463459,-0.71023,21.055183,116.537216,30.752506,-0.037812,0.321445,0.56935,-0.755701,18.743305,137.624893,18.454721,0.041584,0.926108,0.153792,0.341968,-7.203595,86.156174,7.637081,0.097657,0.965787,-0.018266,0.23955,-6.18369,51.777885,-3.709485,-0.036503,0.926018,0.037802,0.373803,-15.523328,5.394742,-4.253883,-0.108322,0.890753,-0.080963,0.433901,5.720098,87.053833,21.415297,-0.014765,0.897952,-0.145253,0.41517,10.164474,52.1618,30.043491,-0.026811,0.875669,0.012588,0.482003,5.712242,6.861833,42.96682,-0.036503,0.926018,0.037802,0.373803,-5.153663,0.662374,-14.69615,-0.026811,0.875669,0.012588,0.482003,18.039339,1.405481,35.401299
944,7.866667,-0.031289,0.917328,0.013561,0.396668,-0.751809,86.609734,14.483584,-0.11909,0.90951,0.141044,0.372445,-1.280342,94.34565,14.484021,-0.018058,0.925826,-0.010235,0.37738,-8.051547,113.960037,18.017141,0.109282,0.958978,0.04664,0.25738,-8.597872,135.189758,17.324862,0.044015,0.993302,0.021645,0.104622,-4.924866,149.49556,17.828062,-0.108641,0.762743,0.118258,0.626446,-11.746924,129.51474,15.19499,-0.74907,0.081144,0.492415,-0.435703,-14.997471,129.216629,-1.460083,-0.665727,-0.578018,0.169445,0.440444,-3.829645,116.963539,-16.301914,0.219124,0.288222,-0.630013,-0.68702,4.500266,144.860321,-7.692435,-0.09816,0.928483,0.010633,0.358009,-6.384742,129.823654,20.436275,0.39886,0.913979,0.074268,0.006104,5.909529,132.788086,31.754818,-0.20696,0.487277,0.463561,-0.710521,21.079563,116.54422,30.684799,-0.037532,0.320247,0.569169,-0.75636,18.74176,137.639832,18.411654,0.041524,0.926078,0.153493,0.342192,-7.2136,86.16864,7.593924,0.097532,0.965461,-0.018735,0.240878,-6.194484,51.783348,-3.731472,-0.036581,0.926012,0.03774,0.373818,-15.532619,5.399522,-4.242968,-0.108322,0.890707,-0.081261,0.43394,5.709982,87.050827,21.373245,-0.015074,0.897836,-0.145381,0.415365,10.144405,52.1623,30.020693,-0.02664,0.875704,0.01272,0.481945,5.710594,6.866732,42.965744,-0.036581,0.926012,0.03774,0.373818,-5.162039,0.666375,-14.683977,-0.02664,0.875704,0.01272,0.481945,18.035645,1.411234,35.396271
945,7.875,-0.030922,0.917342,0.01351,0.396667,-0.76215,86.613579,14.44221,-0.118596,0.909569,0.141389,0.372328,-1.28515,94.349876,14.444184,-0.018115,0.925903,-0.010028,0.377194,-8.040381,113.959076,17.998106,0.108893,0.958916,0.047294,0.257653,-8.592416,135.188889,17.313139,0.041387,0.99337,0.020875,0.105202,-4.934712,149.498016,17.833326,-0.108531,0.762949,0.118394,0.62619,-11.740891,129.513779,15.182664,-0.748908,0.081065,0.492512,-0.435886,-15.003159,129.219589,-1.47019,-0.665653,-0.578019,0.16955,0.440514,-3.839021,116.963829,-16.312578,0.218808,0.288037,-0.630175,-0.68705,4.488594,144.861603,-7.704091,-0.098334,0.928758,0.011318,0.357226,-6.376637,129.822296,20.42185,0.399236,0.913903,0.073283,0.004588,5.935494,132.78511,31.721395,-0.207365,0.48657,0.463871,-0.710685,21.092897,116.532501,30.605951,-0.037538,0.319194,0.569496,-0.756558,18.73473,137.651611,18.362108,0.041463,0.926071,0.153121,0.342386,-7.224401,86.178467,7.552598,0.09737,0.965411,-0.018904,0.241131,-6.20822,51.784546,-3.746843,-0.036507,0.926011,0.03777,0.373823,-15.535423,5.398339,-4.241622,-0.108237,0.890811,-0.081579,0.433689,5.7001,87.048691,21.331821,-0.015342,0.897865,-0.145501,0.415251,10.121354,52.162594,29.995787,-0.026008,0.875623,0.012748,0.482127,5.707201,6.871099,42.961784,-0.036507,0.926011,0.03777,0.373823,-5.165361,0.665156,-14.683125,-0.026008,0.875623,0.012748,0.482127,18.029211,1.407347,35.393314
946,7.883333,-0.030489,0.917331,0.013441,0.396729,-0.772795,86.617554,14.399958,-0.118237,0.909638,0.141718,0.372148,-1.289226,94.354286,14.403587,-0.018197,0.926014,-0.010053,0.376915,-8.034309,113.960777,17.976583,0.108006,0.959009,0.048382,0.257481,-8.589395,135.190445,17.289518,0.039596,0.993477,0.020231,0.10501,-4.964556,149.50705,17.833242,-0.108375,0.763155,0.118449,0.625955,-11.738446,129.514694,15.161588,-0.748869,0.081246,0.492456,-0.435982,-15.011829,129.22403,-1.489146,-0.665615,-0.578019,0.169628,0.440542,-3.846546,116.961327,-16.324947,0.218541,0.287723,-0.630242,-0.687205,4.479532,144.860138,-7.718281,-0.098362,0.928997,0.011784,0.356582,-6.371078,129.824478,20.397511,0.399291,0.91393,0.0727,0.003755,5.956459,132.783569,31.681221,-0.20742,0.486074,0.463938,-0.710965,21.112207,116.531059,30.542091,-0.037701,0.318196,0.569761,-0.756771,18.73315,137.657333,18.309557,0.041406,0.926009,0.152701,0.342746,-7.234612,86.189453,7.5095,0.097189,0.965524,-0.018924,0.240748,-6.220861,51.785873,-3.760711,-0.036623,0.926019,0.037719,0.373799,-15.532359,5.396411,-4.245855,-0.108102,0.890798,-0.081888,0.43369,5.689023,87.045654,21.290415,-0.01578,0.897644,-0.145514,0.415706,10.091771,52.161091,29.969978,-0.026884,0.875532,0.012147,0.48226,5.707723,6.871238,42.951923,-0.036623,0.926019,0.037719,0.373799,-5.161863,0.66317,-14.686905,-0.026884,0.875532,0.012147,0.48226,18.037788,1.404998,35.39838
947,7.891667,-0.030134,0.917322,0.01334,0.396779,-0.780511,86.621582,14.363718,-0.117928,0.909738,0.141923,0.371924,-1.291275,94.358696,14.368065,-0.01801,0.926184,-0.009668,0.376518,-8.024091,113.957634,17.953955,0.107618,0.959062,0.048973,0.257333,-8.578267,135.187897,17.285242,0.037051,0.99359,0.019483,0.105012,-4.968717,149.507858,17.842207,-0.10814,0.763314,0.118555,0.625782,-11.729579,129.514175,15.155289,-0.748681,0.08116,0.492823,-0.435906,-15.012052,129.230576,-1.493771,-0.665493,-0.577863,0.169735,0.44089,-3.86226,116.965958,-16.339636,0.218119,0.287458,-0.630264,-0.68743,4.472563,144.860596,-7.727961,-0.098172,0.929081,0.011758,0.356416,-6.35762,129.819183,20.386778,0.399257,0.913888,0.073458,0.00256,5.975185,132.772934,31.666115,-0.207215,0.484956,0.464566,-0.711378,21.132473,116.526344,30.465015,-0.037573,0.317473,0.569963,-0.756929,18.729103,137.665207,18.264843,0.041348,0.926015,0.15232,0.342906,-7.241976,86.198898,7.4726,0.097025,0.965542,-0.018978,0.240739,-6.232059,51.78656,-3.771155,-0.036676,0.926044,0.037699,0.373732,-15.529907,5.394274,-4.247462,-0.107969,0.89083,-0.082242,0.433591,5.680953,87.044266,21.254837,-0.016091,0.897601,-0.145499,0.415794,10.064815,52.161835,29.952526,-0.026776,0.875465,0.012066,0.482388,5.706496,6.872505,42.94495,-0.036676,0.926044,0.037699,0.373732,-5.160423,0.661056,-14.689522,-0.026776,0.875465,0.012066,0.482388,18.037298,1.402753,35.395161
948,7.9,-0.029734,0.917292,0.01331,0.396879,-0.790285,86.624512,14.325794,-0.117516,0.909766,0.142205,0.37188,-1.295175,94.362007,14.332123,-0.017827,0.926246,-0.009575,0.376377,-8.015591,113.95903,17.935143,0.10683,0.959074,0.049992,0.257422,-8.564132,135.189651,17.273104,0.03463,0.993677,0.018509,0.105184,-4.983914,149.516037,17.853622,-0.107952,0.76362,0.118701,0.625413,-11.717661,129.517441,15.142383,-0.748525,0.081288,0.492989,-0.435963,-15.017186,129.239197,-1.503401,-0.665519,-0.577733,0.16978,0.441003,-3.875589,116.966423,-16.348671,0.217788,0.287248,-0.63013,-0.687745,4.467352,144.859146,-7.738608,-0.098178,0.929248,0.012089,0.355968,-6.344006,129.819366,20.372311,0.399284,0.913887,0.073354,0.001542,5.999605,132.770035,31.640636,-0.207187,0.484219,0.4648,-0.711735,21.156111,116.525688,30.399883,-0.037602,0.316816,0.570101,-0.757099,18.728199,137.674194,18.217798,0.0413,0.925958,0.151883,0.343261,-7.2507,86.208588,7.43328,0.096869,0.965683,-0.01894,0.24024,-6.244333,51.786327,-3.7804,-0.036741,0.926032,0.037731,0.373753,-15.527478,5.391044,-4.251821,-0.10789,0.89074,-0.082575,0.433731,5.670129,87.040428,21.218309,-0.016458,0.897508,-0.145463,0.415992,10.036899,52.16074,29.935545,-0.02684,0.875402,0.012008,0.482501,5.708317,6.871545,42.938362,-0.036741,0.926032,0.037731,0.373753,-5.156806,0.659449,-14.693436,-0.02684,0.875402,0.012008,0.482501,18.041424,1.401322,35.392685
949,7.908333,-0.029504,0.917265,0.013369,0.396957,-0.793856,86.634033,14.288959,-0.117192,0.909784,0.142542,0.371809,-1.295848,94.371719,14.297501,-0.017771,0.926313,-0.009309,0.37622,-8.007071,113.962791,17.918003,0.106522,0.959179,0.050325,0.257092,-8.557789,135.19371,17.267431,0.032377,0.993829,0.017952,0.10456,-4.988964,149.522705,17.853577,-0.107778,0.763793,0.118715,0.625229,-11.711547,129.522354,15.134806,-0.748359,0.081247,0.493207,-0.43601,-15.020151,129.247528,-1.509233,-0.665564,-0.577573,0.169797,0.441137,-3.887828,116.971481,-16.358755,0.217403,0.287266,-0.629919,-0.688052,4.465979,144.86116,-7.749435,-0.097985,0.929377,0.012379,0.355675,-6.336083,129.821991,20.363007,0.39913,0.913958,0.073315,0.000491,6.015897,132.763626,31.624523,-0.207217,0.483562,0.46502,-0.712029,21.177979,116.52771,30.342203,-0.037374,0.316113,0.569899,-0.757556,18.72904,137.683517,18.179672,0.041292,0.925916,0.151367,0.343601,-7.253364,86.22258,7.395325,0.096748,0.965451,-0.019169,0.241199,-6.255491,51.788937,-3.784128,-0.03672,0.926039,0.0378,0.373731,-15.532382,5.392253,-4.241136,-0.107741,0.890701,-0.082966,0.433774,5.665652,87.045494,21.182594,-0.016813,0.897324,-0.145504,0.416361,10.009978,52.168167,29.92046,-0.026461,0.875377,0.011949,0.482569,5.704575,6.88121,42.938774,-0.03672,0.926039,0.0378,0.373731,-5.162189,0.662275,-14.683962,-0.026461,0.875377,0.011949,0.482569,18.034761,1.404119,35.393303
950,7.916667,-0.029218,0.917186,0.013429,0.39716,-0.798175,86.643044,14.254433,-0.11688,0.909789,0.142794,0.371797,-1.296473,94.380959,14.265487,-0.01768,0.926369,-0.009087,0.376091,-7.998177,113.967834,17.899796,0.105741,0.959258,0.051389,0.256907,-8.548945,135.199066,17.259518,0.030217,0.993957,0.016913,0.104163,-5.009887,149.53447,17.869293,-0.107648,0.763981,0.118717,0.625021,-11.703349,129.528748,15.125084,-0.748181,0.081386,0.49345,-0.436014,-15.021732,129.255829,-1.517043,-0.665612,-0.577441,0.169769,0.44125,-3.901072,116.970993,-16.368031,0.217203,0.287148,-0.629831,-0.688246,4.46262,144.857407,-7.757679,-0.098019,0.929527,0.012741,0.355259,-6.326389,129.825851,20.351892,0.399085,0.913951,0.073649,-0.00021,6.035409,132.764893,31.603315,-0.206959,0.482778,0.465375,-0.712404,21.199089,116.533218,30.286715,-0.037181,0.315324,0.570028,-0.757797,18.72917,137.695969,18.140379,0.041324,0.925914,0.150791,0.343859,-7.254958,86.237099,7.357917,0.096626,0.965362,-0.019241,0.241599,-6.270727,51.791035,-3.784424,-0.036641,0.926005,0.037996,0.373804,-15.538084,5.392396,-4.235868,-0.107641,0.890519,-0.083293,0.434111,5.658607,87.048981,21.150949,-0.017209,0.897131,-0.145512,0.416757,9.982709,52.17403,29.908314,-0.026367,0.875378,0.011905,0.482572,5.704782,6.888575,42.940895,-0.036641,0.926005,0.037996,0.373804,-5.166422,0.666889,-14.679263,-0.026367,0.875378,0.011905,0.482572,18.033875,1.40904,35.395397
951,7.925,-0.028871,0.917107,0.013388,0.397368,-0.805922,86.649063,14.222951,-0.116535,0.909813,0.142965,0.371781,-1.299039,94.387314,14.235451,-0.017532,0.926439,-0.008823,0.375933,-7.989384,113.972961,17.881447,0.105465,0.959266,0.052548,0.25676,-8.538661,135.20462,17.253988,0.027672,0.994094,0.015688,0.103753,-5.015968,149.54274,17.894005,-0.107442,0.764154,0.118721,0.624844,-11.694273,129.535812,15.117293,-0.748095,0.081555,0.493821,-0.43571,-15.021658,129.266983,-1.523103,-0.665649,-0.577186,0.169736,0.44154,-3.918529,116.976318,-16.382393,0.216959,0.287245,-0.629518,-0.688568,4.463745,144.855835,-7.767787,-0.097966,0.929647,0.013103,0.354948,-6.315452,129.829391,20.342386,0.399085,0.913984,0.073239,-0.001283,6.054182,132.762909,31.586632,-0.206962,0.482252,0.465558,-0.71264,21.217823,116.534187,30.233652,-0.036988,0.314655,0.570085,-0.758042,18.731161,137.705444,18.100903,0.04134,0.925881,0.150347,0.344139,-7.259957,86.248924,7.323526,0.09648,0.965291,-0.019343,0.24193,-6.284675,51.793289,-3.789973,-0.03693,0.926005,0.037992,0.373774,-15.540986,5.392355,-4.2319,-0.107575,0.890445,-0.083677,0.434205,5.648114,87.049194,21.122375,-0.017502,0.897003,-0.145438,0.417046,9.954783,52.177856,29.902702,-0.026259,0.87529,0.011954,0.482738,5.700459,6.891346,42.939342,-0.03693,0.926005,0.037992,0.373774,-5.167165,0.670035,-14.674592,-0.026259,0.87529,0.011954,0.482738,18.031567,1.411577,35.39732
952,7.933333,-0.028486,0.916977,0.013432,0.397694,-0.813575,86.652824,14.191691,-0.116265,0.909808,0.143183,0.371794,-1.301492,94.391396,14.207019,-0.017169,0.926508,-0.008804,0.37578,-7.98478,113.976456,17.865372,0.104903,0.959348,0.053375,0.256511,-8.520169,135.208664,17.244579,0.025235,0.994223,0.014894,0.103253,-5.019442,149.551331,17.902836,-0.107081,0.764401,0.118725,0.624603,-11.680248,129.542618,15.107195,-0.747912,0.081772,0.494154,-0.435607,-15.020498,129.281326,-1.530737,-0.665816,-0.576963,0.16957,0.441642,-3.933583,116.979935,-16.39324,0.216957,0.287239,-0.629336,-0.688738,4.467663,144.852905,-7.776012,-0.098013,0.929771,0.013598,0.35459,-6.29951,129.831009,20.330601,0.399235,0.913926,0.073119,-0.002243,6.078424,132.760651,31.566715,-0.206793,0.48152,0.465905,-0.712957,21.236572,116.529953,30.176359,-0.036647,0.314048,0.570156,-0.758256,18.731272,137.708466,18.061758,0.04129,0.925828,0.149838,0.344508,-7.263121,86.259857,7.287659,0.096384,0.965261,-0.019352,0.242089,-6.293005,51.792847,-3.790969,-0.036783,0.926,0.038034,0.373798,-15.540775,5.390191,-4.23137,-0.10752,0.890262,-0.083965,0.434537,5.635971,87.045792,21.095724,-0.018008,0.896471,-0.145278,0.418223,9.926532,52.177094,29.894403,-0.026564,0.87534,0.012072,0.482628,5.704421,6.887856,42.932041,-0.036783,0.926,0.038034,0.373798,-5.167743,0.667341,-14.674603,-0.026564,0.87534,0.012072,0.482628,18.037268,1.415351,35.387589
953,7.941667,-0.028089,0.916901,0.013293,0.397902,-0.819719,86.658119,14.162114,-0.115961,0.909816,0.143509,0.371744,-1.301144,94.397095,14.177802,-0.017098,0.926568,-0.008807,0.375636,-7.975382,113.974571,17.852411,0.10439,0.959378,0.054614,0.256349,-8.508059,135.206879,17.232706,0.022723,0.994345,0.013829,0.102817,-5.030919,149.553833,17.921673,-0.106527,0.764565,0.118858,0.624472,-11.669578,129.541351,15.09606,-0.747759,0.082097,0.494427,-0.435498,-15.019406,129.296158,-1.540197,-0.66601,-0.576779,0.16935,0.441675,-3.946879,116.981575,-16.402519,0.217088,0.287204,-0.629111,-0.688917,4.471843,144.848328,-7.782194,-0.097947,0.929845,0.013683,0.354412,-6.287177,129.828781,20.317804,0.399405,0.91387,0.072847,-0.00324,6.095488,132.75563,31.549438,-0.206752,0.481059,0.466211,-0.71308,21.247349,116.522217,30.122829,-0.03672,0.313492,0.570613,-0.758139,18.734114,137.709473,18.023098,0.04124,0.925735,0.149381,0.344963,-7.266565,86.27108,7.255224,0.096308,0.965265,-0.019311,0.242105,-6.299318,51.793873,-3.791887,-0.036729,0.926001,0.037956,0.373808,-15.539281,5.389685,-4.234467,-0.107425,0.890121,-0.084336,0.434778,5.627126,87.045166,21.069006,-0.018305,0.896377,-0.145139,0.418459,9.897338,52.179516,29.889643,-0.026888,0.875223,0.011672,0.482832,5.702546,6.887489,42.92643,-0.036729,0.926001,0.037956,0.373808,-5.166792,0.664109,-14.677008,-0.026888,0.875223,0.011672,0.482832,18.040157,1.409702,35.3936
954,7.95,-0.027854,0.916807,0.013286,0.398136,-0.819328,86.661156,14.133573,-0.116203,0.90992,0.143502,0.371416,-1.297384,94.400337,14.150493,-0.017216,0.926783,-0.0085,0.375107,-7.980533,113.97921,17.823973,0.104399,0.959488,0.055546,0.255729,-8.523083,135.211578,17.214779,0.020811,0.994491,0.013154,0.101894,-5.053111,149.559097,17.927513,-0.106213,0.764274,0.118572,0.624935,-11.68462,129.54567,15.079138,-0.747718,0.0825,0.494341,-0.435589,-15.017048,129.305496,-1.560687,-0.66621,-0.576812,0.169067,0.441438,-3.943665,116.977333,-16.411104,0.217265,0.287244,-0.628872,-0.689063,4.478549,144.842438,-7.788791,-0.097555,0.93003,0.013764,0.354031,-6.296323,129.833008,20.294806,0.399277,0.91394,0.072659,-0.003528,6.098114,132.747314,31.516712,-0.207012,0.481009,0.466251,-0.713012,21.254448,116.518768,30.082121,-0.036258,0.313149,0.570009,-0.758757,18.74114,137.707596,17.994329,0.041309,0.925581,0.148904,0.345572,-7.262897,86.278236,7.223395,0.09623,0.965464,-0.01916,0.241354,-6.305154,51.79113,-3.793593,-0.036787,0.926018,0.038015,0.373755,-15.534931,5.384961,-4.240976,-0.107145,0.889821,-0.084685,0.435394,5.624242,87.044075,21.043751,-0.018844,0.896024,-0.144955,0.419255,9.859359,52.178349,29.880964,-0.026868,0.875204,0.011662,0.482866,5.705957,6.883171,42.920067,-0.036787,0.926018,0.038015,0.373755,-5.162864,0.661607,-14.684942,-0.026868,0.875204,0.011662,0.482866,18.043915,1.404869,35.38818
955,7.958333,-0.027647,0.916697,0.013376,0.398401,-0.818704,86.665451,14.106865,-0.115987,0.909886,0.143711,0.371486,-1.29437,94.404778,14.126205,-0.017023,0.926801,-0.008399,0.375072,-7.972892,113.983574,17.81056,0.104371,0.959579,0.056375,0.25522,-8.509492,135.216278,17.208435,0.018179,0.994681,0.012398,0.100629,-5.046829,149.564514,17.94224,-0.105868,0.764378,0.118485,0.624884,-11.6728,129.552002,15.071172,-0.747672,0.082702,0.494567,-0.435373,-15.009896,129.318314,-1.567809,-0.666375,-0.576681,0.168785,0.44147,-3.947969,116.983971,-16.421625,0.217533,0.287401,-0.628567,-0.689191,4.489264,144.842239,-7.791969,-0.097497,0.930108,0.014,0.353833,-6.284008,129.83609,20.286505,0.399436,0.913874,0.072564,-0.004337,6.115574,132.746048,31.503851,-0.206937,0.480508,0.466593,-0.713148,21.265945,116.514778,30.037537,-0.03621,0.312525,0.570322,-0.758782,18.744642,137.712051,17.965683,0.041385,0.925443,0.148486,0.346114,-7.2585,86.286934,7.192929,0.09618,0.965395,-0.019263,0.241641,-6.310091,51.791294,-3.7981,-0.036718,0.926001,0.038064,0.373799,-15.537564,5.384591,-4.237655,-0.107078,0.889658,-0.085098,0.435663,5.621092,87.043968,21.020802,-0.019048,0.895984,-0.144829,0.419373,9.835893,52.182274,29.883593,-0.027031,0.87517,0.011632,0.48292,5.703175,6.884375,42.919792,-0.036718,0.926001,0.038064,0.373799,-5.165046,0.661806,-14.681432,-0.027031,0.87517,0.011632,0.48292,18.043533,1.40769,35.390663
956,7.966667,-0.027482,0.916603,0.013641,0.398621,-0.817318,86.668968,14.080533,-0.115736,0.909878,0.143753,0.371566,-1.292288,94.408325,14.104552,-0.016902,0.926817,-0.008217,0.375043,-7.963512,113.992607,17.79467,0.104645,0.959561,0.05741,0.254944,-8.498266,135.225632,17.201641,0.015301,0.994828,0.01148,0.099757,-5.035803,149.572342,17.965643,-0.10571,0.764367,0.118345,0.62495,-11.662228,129.562515,15.062183,-0.747752,0.082987,0.494873,-0.434834,-14.997634,129.330276,-1.577154,-0.666374,-0.576536,0.168554,0.441748,-3.951261,116.992096,-16.439352,0.217637,0.287634,-0.628354,-0.689254,4.500797,144.841156,-7.794475,-0.097284,0.9302,0.014345,0.353637,-6.273045,129.843903,20.27726,0.399608,0.913804,0.072452,-0.005109,6.132655,132.743393,31.490553,-0.20708,0.480097,0.466915,-0.713173,21.276594,116.50885,29.994291,-0.036113,0.312105,0.570425,-0.758882,18.750467,137.718719,17.941889,0.041438,0.925313,0.14811,0.346616,-7.253976,86.29541,7.163408,0.096165,0.965141,-0.019546,0.242637,-6.312776,51.792015,-3.803856,-0.036976,0.925992,0.038112,0.37379,-15.544883,5.386078,-4.226688,-0.107056,0.889372,-0.085472,0.436177,5.619339,87.042526,20.997658,-0.019272,0.895866,-0.144766,0.419637,9.815565,52.18512,29.886103,-0.02675,0.875196,0.012035,0.482879,5.700527,6.886289,42.924667,-0.036976,0.925992,0.038112,0.37379,-5.169866,0.667552,-14.669904,-0.02675,0.875196,0.012035,0.482879,18.039379,1.415677,35.388664
957,7.975,-0.027419,0.916506,0.013719,0.398844,-0.817232,86.674164,14.060694,-0.115475,0.90983,0.143809,0.371744,-1.291795,94.413544,14.08609,-0.016714,0.926777,-0.008084,0.375154,-7.954554,113.999031,17.781139,0.104682,0.959595,0.058443,0.254567,-8.483945,135.232407,17.196297,0.012553,0.994994,0.010615,0.098576,-5.028319,149.579254,17.988249,-0.105489,0.764388,0.118175,0.624994,-11.648796,129.570923,15.053877,-0.747769,0.083204,0.495052,-0.43456,-14.983946,129.340927,-1.585545,-0.666426,-0.5765,0.168273,0.441824,-3.947067,116.998039,-16.450897,0.217712,0.287971,-0.628054,-0.689364,4.513305,144.840698,-7.793514,-0.097023,0.930303,0.014561,0.353427,-6.260771,129.848938,20.27033,0.399837,0.913692,0.072547,-0.005836,6.151693,132.738037,31.478823,-0.207107,0.479519,0.467393,-0.71324,21.28714,116.49855,29.950619,-0.035878,0.311487,0.570633,-0.758991,18.755569,137.722855,17.92148,0.041517,0.925178,0.14784,0.347081,-7.250585,86.302391,7.140396,0.09612,0.965246,-0.019554,0.242239,-6.316075,51.793671,-3.810697,-0.036926,0.925988,0.038153,0.3738,-15.54444,5.386937,-4.227951,-0.107012,0.889238,-0.085744,0.436409,5.616121,87.045937,20.980993,-0.019488,0.895725,-0.14469,0.419955,9.798405,52.191223,29.886543,-0.026086,0.875096,0.012045,0.483096,5.700047,6.891105,42.925896,-0.036926,0.925988,0.038153,0.3738,-5.169573,0.668962,-14.67157,-0.026086,0.875096,0.012045,0.483096,18.036058,1.411349,35.39188
958,7.983333,-0.027295,0.916453,0.013817,0.398972,-0.816518,86.675781,14.040804,-0.115377,0.909719,0.143914,0.372005,-1.289922,94.415222,14.068292,-0.016317,0.926693,-0.00785,0.375384,-7.951343,113.999702,17.766815,0.103973,0.95977,0.058931,0.254082,-8.468684,135.233795,17.197397,0.01031,0.995149,0.010107,0.097319,-5.036818,149.585968,17.995907,-0.105136,0.764315,0.118102,0.625156,-11.635627,129.575653,15.049258,-0.747713,0.083341,0.495314,-0.434332,-14.966403,129.354172,-1.591152,-0.666468,-0.576455,0.168013,0.441919,-3.942106,117.006897,-16.462181,0.217885,0.288174,-0.627861,-0.6894,4.526746,144.84317,-7.792583,-0.096934,0.930408,0.014718,0.353169,-6.249992,129.846817,20.268539,0.399996,0.913601,0.07276,-0.006485,6.169233,132.731705,31.470621,-0.206567,0.478678,0.467957,-0.713592,21.298653,116.489532,29.911747,-0.035411,0.310451,0.571528,-0.758763,18.753685,137.718155,17.898392,0.041533,0.925129,0.147641,0.347295,-7.248075,86.306961,7.11868,0.096106,0.965034,-0.019799,0.243066,-6.317204,51.794064,-3.81956,-0.03675,0.925964,0.038215,0.373872,-15.549594,5.388007,-4.222127,-0.106979,0.889122,-0.086082,0.436586,5.615038,87.044601,20.962927,-0.019541,0.895869,-0.14464,0.419662,9.7825,52.193569,29.889832,-0.02531,0.875054,0.012236,0.483209,5.69492,6.892279,42.928482,-0.03675,0.925964,0.038215,0.373872,-5.174655,0.669743,-14.665537,-0.02531,0.875054,0.012236,0.483209,18.026068,1.406258,35.391071
959,7.991667,-0.027172,0.916312,0.013731,0.399307,-0.822971,86.674515,14.021514,-0.115085,0.90971,0.143924,0.372114,-1.294117,94.414093,14.04837,-0.015757,0.926729,-0.007779,0.375319,-7.945878,114.003464,17.751671,0.102453,0.959978,0.059983,0.25367,-8.442359,135.238373,17.193993,0.008581,0.995237,0.00949,0.096648,-5.060997,149.601578,18.009579,-0.104969,0.764369,0.11798,0.625141,-11.615183,129.584534,15.043195,-0.747796,0.083422,0.495574,-0.433875,-14.94779,129.364548,-1.596867,-0.666334,-0.576383,0.167836,0.442282,-3.935567,117.019318,-16.47854,0.217679,0.288355,-0.627725,-0.689513,4.541921,144.846954,-7.78969,-0.096866,0.930459,0.014946,0.353043,-6.228546,129.847534,20.261856,0.400498,0.913393,0.072533,-0.007272,6.194154,132.727753,31.461281,-0.206208,0.478046,0.46863,-0.713678,21.305222,116.471352,29.872911,-0.034786,0.309358,0.571964,-0.75891,18.761175,137.713242,17.876768,0.041464,0.925144,0.147476,0.347333,-7.249592,86.307327,7.094725,0.09607,0.965194,-0.019782,0.242444,-6.317903,51.790501,-3.831025,-0.036773,0.925976,0.038227,0.373839,-15.546903,5.383721,-4.228272,-0.107003,0.889095,-0.086331,0.436586,5.60365,87.041695,20.948303,-0.01967,0.89588,-0.144533,0.419669,9.76457,52.194149,29.89184,-0.026132,0.875061,0.011946,0.48316,5.692036,6.890404,42.926678,-0.036773,0.925976,0.038227,0.373839,-5.172453,0.666032,-14.672425,-0.026132,0.875061,0.011946,0.48316,18.029114,1.408852,35.395725
960,8.0,-0.027008,0.916227,0.013639,0.399517,-0.826951,86.673248,14.007417,-0.114886,0.90966,0.14404,0.372253,-1.295204,94.41301,14.033884,-0.015454,0.926701,-0.007849,0.3754,-7.94196,114.003464,17.743862,0.103452,0.959933,0.06073,0.253256,-8.42536,135.238724,17.188213,0.005609,0.995399,0.008717,0.095256,-5.021858,149.595169,18.030462,-0.104608,0.764263,0.117857,0.625355,-11.601254,129.587036,15.036282,-0.747791,0.083542,0.495642,-0.433783,-14.927369,129.375046,-1.605184,-0.666287,-0.576442,0.167625,0.442355,-3.91904,117.026535,-16.487024,0.217463,0.288564,-0.627623,-0.689587,4.558576,144.849991,-7.784976,-0.096601,0.930516,0.014948,0.352965,-6.215393,129.846222,20.255938,0.400802,0.913251,0.072584,-0.007869,6.210913,132.718307,31.453457,-0.205769,0.477519,0.469281,-0.71373,21.310749,116.454041,29.83897,-0.034123,0.308121,0.57213,-0.759318,18.772007,137.70401,17.856701,0.041383,0.925125,0.147406,0.347423,-7.250575,86.308319,7.077725,0.096055,0.96521,-0.01986,0.242379,-6.314144,51.789505,-3.841351,-0.036618,0.926013,0.038196,0.373765,-15.543535,5.382734,-4.230589,-0.107019,0.888992,-0.086499,0.436759,5.596673,87.038177,20.937107,-0.01979,0.895784,-0.144423,0.419906,9.751483,52.192986,29.892653,-0.026943,0.875092,0.011602,0.483067,5.690112,6.886694,42.922096,-0.036618,0.926013,0.038196,0.373765,-5.172341,0.662381,-14.676777,-0.026943,0.875092,0.011602,0.483067,18.031984,1.408089,35.396854
961,8.008333,-0.027023,0.916153,0.013651,0.399684,-0.825823,86.671036,13.995394,-0.114589,0.909624,0.144128,0.3724,-1.294373,94.410774,14.021852,-0.015303,0.926653,-0.007935,0.375523,-7.93223,114.004044,17.739122,0.103476,0.959893,0.061846,0.253129,-8.408204,135.239441,17.182449,0.003144,0.995483,0.007792,0.094565,-5.012254,149.595779,18.056089,-0.104401,0.763997,0.117939,0.625699,-11.585458,129.58876,15.029907,-0.747812,0.083738,0.49576,-0.433574,-14.898407,129.3862,-1.614296,-0.666072,-0.576535,0.167547,0.442588,-3.896742,117.033409,-16.497507,0.217022,0.288697,-0.627591,-0.689699,4.575963,144.853378,-7.779474,-0.096324,0.930583,0.015,0.352862,-6.200908,129.846313,20.250992,0.401084,0.913077,0.073155,-0.00839,6.229681,132.70929,31.446081,-0.205155,0.476747,0.470086,-0.713893,21.319059,116.438545,29.799355,-0.033467,0.306998,0.57261,-0.759441,18.781307,137.697906,17.834473,0.041345,0.925108,0.147412,0.34747,-7.246894,86.306015,7.063346,0.09606,0.965169,-0.020024,0.242527,-6.307229,51.787102,-3.855157,-0.036624,0.926028,0.038195,0.373728,-15.540788,5.381051,-4.230902,-0.106981,0.888942,-0.086678,0.436835,5.595249,87.036064,20.927441,-0.019927,0.89566,-0.144337,0.420193,9.741071,52.19252,29.893585,-0.026928,0.875063,0.011578,0.483121,5.690588,6.884399,42.920067,-0.036624,0.926028,0.038195,0.373728,-5.170368,0.6607,-14.677853,-0.026928,0.875063,0.011578,0.483121,18.033106,1.404992,35.396469
962,8.016667,-0.027107,0.916069,0.013794,0.399865,-0.823608,86.67012,13.98566,-0.114317,0.909555,0.144068,0.372673,-1.294241,94.409729,14.013521,-0.015189,0.926543,-0.007976,0.375797,-7.922063,114.006256,17.730968,0.103369,0.959837,0.063042,0.253087,-8.392738,135.241776,17.174376,0.000764,0.995554,0.006939,0.09393,-5.008517,149.598831,18.081152,-0.104134,0.763828,0.117952,0.625947,-11.570033,129.591873,15.019846,-0.747773,0.083921,0.495571,-0.433822,-14.874341,129.398102,-1.626186,-0.66602,-0.576749,0.167385,0.442448,-3.865691,117.037567,-16.497797,0.216499,0.288947,-0.627566,-0.689782,4.595291,144.858597,-7.77178,-0.096232,0.93074,0.015421,0.352455,-6.188528,129.848068,20.244139,0.401479,0.912942,0.072587,-0.009144,6.252404,132.703812,31.429588,-0.205083,0.476231,0.470622,-0.713904,21.327103,116.421677,29.761175,-0.032638,0.305838,0.572963,-0.759679,18.789774,137.694672,17.816977,0.041297,0.925018,0.147477,0.347687,-7.241859,86.304802,7.051013,0.096144,0.964889,-0.020427,0.243573,-6.294738,51.786983,-3.870296,-0.036579,0.926036,0.038204,0.37371,-15.544703,5.384004,-4.221203,-0.106996,0.888859,-0.086741,0.436987,5.594643,87.035439,20.920307,-0.020023,0.895597,-0.144393,0.420304,9.737788,52.192913,29.891634,-0.026692,0.875086,0.011714,0.483089,5.691536,6.886691,42.926033,-0.036579,0.926036,0.038204,0.37371,-5.175098,0.663376,-14.668844,-0.026692,0.875086,0.011714,0.483089,18.031832,1.407295,35.398777
963,8.025,-0.027223,0.915982,0.014021,0.400049,-0.819942,86.669716,13.977337,-0.1142,0.90935,0.144152,0.373177,-1.293628,94.409134,14.00761,-0.014911,0.92631,-0.008007,0.376383,-7.923039,114.013695,17.727957,0.101942,0.959944,0.06404,0.253011,-8.381925,135.249557,17.174288,-0.000354,0.995626,0.006267,0.093222,-5.044931,149.616531,18.098835,-0.104181,0.763484,0.117643,0.626417,-11.559441,129.601654,15.014803,-0.747828,0.083984,0.49546,-0.433843,-14.843435,129.403183,-1.635197,-0.66583,-0.577012,0.167262,0.442437,-3.830345,117.04203,-16.503014,0.216223,0.289213,-0.627683,-0.68965,4.61474,144.863647,-7.763477,-0.095645,0.930922,0.015484,0.352133,-6.184417,129.854202,20.245945,0.401585,0.912885,0.072615,-0.009901,6.26805,132.691406,31.423283,-0.204797,0.475533,0.471216,-0.714061,21.338287,116.408409,29.723257,-0.031922,0.304604,0.573529,-0.759777,18.795654,137.693054,17.798704,0.041235,0.924952,0.147455,0.347881,-7.235304,86.304207,7.040024,0.096252,0.964896,-0.020553,0.243493,-6.282316,51.785553,-3.878126,-0.036701,0.92604,0.03822,0.373687,-15.544899,5.385015,-4.219301,-0.10705,0.888713,-0.086759,0.437268,5.595419,87.035233,20.91465,-0.02006,0.895521,-0.144426,0.420454,9.738596,52.193779,29.890102,-0.025933,0.875118,0.012161,0.483061,5.691969,6.888583,42.927952,-0.036701,0.92604,0.03822,0.373687,-5.174548,0.6662,-14.667027,-0.025933,0.875118,0.012161,0.483061,18.026434,1.409516,35.3909
964,8.033333,-0.027198,0.915944,0.014177,0.400133,-0.818393,86.66774,13.971794,-0.114082,0.909281,0.144104,0.373401,-1.29269,94.407104,14.004403,-0.014747,0.926214,-0.008056,0.376623,-7.917951,114.013687,17.723354,0.10147,0.959979,0.064985,0.252828,-8.369484,135.24971,17.170244,-0.00185,0.995695,0.005709,0.092492,-5.052727,149.619888,18.117519,-0.104037,0.763158,0.11756,0.626854,-11.54775,129.602951,15.008889,-0.747888,0.084029,0.495372,-0.433831,-14.814191,129.409332,-1.644617,-0.665744,-0.577288,0.16693,0.442332,-3.797561,117.048439,-16.510021,0.216282,0.289624,-0.627792,-0.68936,4.634897,144.86821,-7.75241,-0.095208,0.931023,0.015358,0.351988,-6.175374,129.853516,20.242844,0.401729,0.912786,0.072984,-0.010456,6.28337,132.678833,31.416189,-0.204334,0.474836,0.471904,-0.714203,21.347967,116.393723,29.686626,-0.031224,0.303451,0.574134,-0.759811,18.804647,137.68808,17.779354,0.041147,0.924791,0.147565,0.348272,-7.2325,86.303894,7.033237,0.096381,0.964807,-0.020762,0.243776,-6.266232,51.787067,-3.889519,-0.03654,0.926027,0.038127,0.373745,-15.545191,5.389709,-4.217371,-0.107165,0.888537,-0.086649,0.437618,5.595715,87.031586,20.910351,-0.02008,0.895372,-0.14452,0.420737,9.746237,52.190556,29.884031,-0.025701,0.875061,0.01209,0.483178,5.693468,6.887999,42.929142,-0.03654,0.926027,0.038127,0.373745,-5.175438,0.66656,-14.663726,-0.025701,0.875061,0.01209,0.483178,18.027275,1.403887,35.394688
965,8.041667,-0.027294,0.915889,0.014297,0.400246,-0.815837,86.66304,13.967702,-0.114032,0.90922,0.144093,0.373568,-1.292254,94.402275,14.001351,-0.014494,0.92615,-0.008188,0.376789,-7.916802,114.011383,17.719839,0.102411,0.959843,0.06579,0.252755,-8.356131,135.247635,17.165495,-0.004148,0.995759,0.005052,0.091773,-5.018954,149.611115,18.142181,-0.104007,0.762677,0.117597,0.627438,-11.536804,129.60257,15.00327,-0.747871,0.083847,0.495268,-0.434014,-14.778604,129.414566,-1.655118,-0.665693,-0.577637,0.16649,0.442119,-3.756025,117.057739,-16.519499,0.216428,0.290032,-0.627724,-0.689205,4.660905,144.875839,-7.741717,-0.094997,0.931094,0.015412,0.351854,-6.166187,129.850357,20.239166,0.401914,0.912618,0.074031,-0.01062,6.297122,132.66864,31.409199,-0.203483,0.473989,0.472714,-0.714473,21.354944,116.380035,29.653728,-0.030551,0.302407,0.574615,-0.759892,18.810108,137.677841,17.759838,0.041125,0.924714,0.14766,0.348438,-7.228128,86.298492,7.027502,0.096442,0.964897,-0.020808,0.243394,-6.255976,51.783562,-3.90074,-0.036513,0.926032,0.038179,0.37373,-15.54157,5.387479,-4.222132,-0.107199,0.888524,-0.086512,0.437663,5.596454,87.027596,20.907902,-0.020105,0.89524,-0.144603,0.420989,9.753078,52.185352,29.874065,-0.025746,0.875117,0.012213,0.483071,5.695397,6.885153,42.92585,-0.036513,0.926032,0.038179,0.37373,-5.172257,0.665418,-14.669415,-0.025746,0.875117,0.012213,0.483071,18.028421,1.404715,35.387444
966,8.05,-0.027396,0.915834,0.014369,0.400364,-0.814217,86.65593,13.9646,-0.113995,0.909159,0.144043,0.373746,-1.292526,94.395042,13.998578,-0.014188,0.926083,-0.008334,0.37696,-7.916739,114.00827,17.715122,0.102481,0.959789,0.066727,0.252686,-8.341614,135.244797,17.159864,-0.005787,0.995801,0.004498,0.091252,-5.009373,149.607574,18.163467,-0.103879,0.7623,0.11765,0.627906,-11.525257,129.601791,14.996639,-0.748079,0.084017,0.494997,-0.433932,-14.747995,129.421432,-1.665531,-0.665707,-0.577971,0.166078,0.441816,-3.714754,117.065201,-16.522499,0.217014,0.290493,-0.627823,-0.688736,4.687037,144.883209,-7.72985,-0.094916,0.93117,0.01545,0.351673,-6.156449,129.846146,20.234549,0.402467,0.912379,0.073888,-0.011202,6.311713,132.661774,31.399839,-0.20306,0.473522,0.473442,-0.71442,21.34918,116.35685,29.621597,-0.029953,0.301317,0.575231,-0.759882,18.81628,137.665726,17.741997,0.041061,0.924608,0.147879,0.348634,-7.224626,86.290215,7.022719,0.096526,0.964871,-0.020993,0.243448,-6.240201,51.779591,-3.918004,-0.036268,0.926064,0.038172,0.373674,-15.537645,5.385792,-4.22495,-0.107296,0.88839,-0.086339,0.437946,5.59619,87.021637,20.906479,-0.019897,0.895551,-0.144749,0.420286,9.76178,52.178741,29.865953,-0.026587,0.875096,0.011748,0.483075,5.690859,6.881785,42.92485,-0.036268,0.926064,0.038172,0.373674,-5.172011,0.66071,-14.674522,-0.026587,0.875096,0.011748,0.483075,18.030029,1.401737,35.396225
967,8.058333,-0.027459,0.91578,0.014439,0.400481,-0.811023,86.65078,13.962746,-0.11407,0.90906,0.144048,0.373962,-1.290665,94.389809,13.997263,-0.013826,0.925992,-0.008531,0.377192,-7.920041,114.006332,17.711971,0.10245,0.959663,0.067834,0.252882,-8.327375,135.243149,17.154646,-0.007378,0.995797,0.003799,0.091213,-5.003975,149.605682,18.190428,-0.103801,0.761911,0.117662,0.62839,-11.514499,129.602524,14.990291,-0.748315,0.084236,0.494655,-0.433873,-14.717161,129.427719,-1.675801,-0.665743,-0.578341,0.165646,0.44144,-3.670499,117.07122,-16.52256,0.217595,0.291066,-0.627786,-0.688345,4.714037,144.890076,-7.716122,-0.094721,0.931209,0.015462,0.351623,-6.148167,129.843002,20.230913,0.402898,0.912204,0.0736,-0.011861,6.322448,132.652466,31.395002,-0.20285,0.473293,0.473878,-0.714343,21.343781,116.335205,29.593792,-0.029781,0.300765,0.57546,-0.759934,18.820494,137.650131,17.723618,0.040924,0.924583,0.147974,0.348678,-7.219586,86.284569,7.019197,0.096658,0.9649,-0.021039,0.243275,-6.223103,51.775169,-3.924285,-0.036283,0.926088,0.038098,0.373621,-15.53355,5.383963,-4.228447,-0.10738,0.888363,-0.08619,0.43801,5.597541,87.016998,20.906296,-0.019857,0.895453,-0.144807,0.420476,9.772605,52.173542,29.859158,-0.026208,0.875063,0.011834,0.483153,5.693224,6.878013,42.920361,-0.036283,0.926088,0.038098,0.373621,-5.169179,0.657015,-14.678417,-0.026208,0.875063,0.011834,0.483153,18.030388,1.394724,35.390812
968,8.066667,-0.027654,0.915749,0.014607,0.400533,-0.804525,86.645142,13.962921,-0.114066,0.909013,0.143921,0.374127,-1.287977,94.383926,13.998596,-0.013774,0.925912,-0.008608,0.377389,-7.916444,114.003395,17.707701,0.10236,0.959524,0.069094,0.253105,-8.320357,135.240204,17.14809,-0.00863,0.995782,0.003182,0.091294,-5.008535,149.602753,18.220116,-0.103757,0.761484,0.117724,0.628902,-11.5074,129.599869,14.982931,-0.74852,0.084338,0.49422,-0.433994,-14.688518,129.431091,-1.687352,-0.665799,-0.578772,0.165167,0.440971,-3.623476,117.076172,-16.521736,0.218073,0.291672,-0.627714,-0.688002,4.7404,144.896835,-7.701441,-0.094532,0.931238,0.015484,0.351597,-6.143275,129.840042,20.225828,0.403134,0.912111,0.073373,-0.012354,6.329174,132.643402,31.38941,-0.20269,0.473085,0.474184,-0.714323,21.341509,116.319702,29.571564,-0.029675,0.300258,0.575997,-0.759731,18.822844,137.638626,17.708742,0.040984,0.924511,0.148176,0.348774,-7.212109,86.276855,7.018573,0.096696,0.964842,-0.021257,0.243472,-6.213233,51.772163,-3.939512,-0.036373,0.926094,0.038147,0.373593,-15.532067,5.382532,-4.22657,-0.107429,0.888338,-0.086078,0.438069,5.603059,87.01342,20.90727,-0.019737,0.895545,-0.144917,0.420249,9.784313,52.169342,29.854839,-0.026725,0.875102,0.011715,0.483058,5.693682,6.876368,42.921402,-0.036373,0.926094,0.038147,0.373593,-5.167289,0.657924,-14.677202,-0.026725,0.875102,0.011715,0.483058,18.033772,1.397464,35.393448
969,8.075,-0.027809,0.91571,0.014912,0.400598,-0.796251,86.643341,13.961694,-0.114067,0.908933,0.143767,0.374379,-1.283796,94.381859,14.000696,-0.013612,0.925802,-0.008584,0.377666,-7.912035,114.006187,17.702753,0.102311,0.959444,0.069928,0.2532,-8.309824,135.24321,17.14657,-0.009645,0.995791,0.002801,0.091099,-5.00543,149.605682,18.242443,-0.103757,0.761223,0.117588,0.629244,-11.497108,129.604095,14.978531,-0.748911,0.084643,0.493841,-0.433692,-14.66362,129.434708,-1.694527,-0.665775,-0.579049,0.16485,0.440762,-3.584211,117.082092,-16.520109,0.218392,0.292335,-0.627599,-0.687724,4.766562,144.902527,-7.686667,-0.094279,0.931263,0.015519,0.351596,-6.136055,129.841919,20.224676,0.403351,0.912001,0.073495,-0.012708,6.338019,132.636948,31.388531,-0.20259,0.472862,0.474463,-0.714313,21.342194,116.307663,29.553478,-0.029717,0.300197,0.576311,-0.759516,18.826031,137.632736,17.69849,0.040988,0.924472,0.148254,0.348845,-7.202679,86.274734,7.016297,0.096793,0.96472,-0.021479,0.243895,-6.201238,51.771725,-3.946871,-0.03624,0.926098,0.038203,0.373591,-15.533829,5.384767,-4.21998,-0.107472,0.888313,-0.086073,0.438112,5.610178,87.011955,20.907089,-0.019681,0.895484,-0.144983,0.420359,9.793839,52.168476,29.855846,-0.026177,0.875101,0.011972,0.483083,5.694175,6.877121,42.925186,-0.03624,0.926098,0.038203,0.373591,-5.170232,0.660141,-14.671773,-0.026177,0.875101,0.011972,0.483083,18.030512,1.396832,35.392094
970,8.083333,-0.027956,0.915694,0.01508,0.400618,-0.788034,86.642426,13.962719,-0.1141,0.908871,0.143676,0.374557,-1.278714,94.380737,14.003177,-0.013416,0.925722,-0.008586,0.377868,-7.909246,114.010849,17.700958,0.102205,0.959347,0.07082,0.253363,-8.299155,135.248108,17.147768,-0.010547,0.995781,0.00234,0.091125,-5.00419,149.610764,18.269012,-0.103966,0.760921,0.117566,0.629578,-11.487519,129.610458,14.977492,-0.749255,0.084593,0.493467,-0.433534,-14.638287,129.437576,-1.698516,-0.665699,-0.579371,0.164467,0.440596,-3.54205,117.096039,-16.520742,0.218478,0.293051,-0.627435,-0.687542,4.79373,144.914917,-7.66829,-0.094161,0.93126,0.015696,0.351629,-6.128677,129.845566,20.226019,0.403593,0.911872,0.073712,-0.012998,6.345378,132.634705,31.391371,-0.202408,0.472683,0.474727,-0.714308,21.340506,116.29895,29.53994,-0.029757,0.300346,0.576448,-0.759352,18.828457,137.626358,17.690199,0.040987,0.924527,0.148362,0.348652,-7.194004,86.272545,7.016964,0.096874,0.964486,-0.021743,0.244764,-6.192006,51.771854,-3.953463,-0.036206,0.926092,0.038219,0.373606,-15.537685,5.387449,-4.212854,-0.107495,0.888248,-0.086055,0.43824,5.617936,87.012306,20.908474,-0.019583,0.895545,-0.145046,0.420212,9.802408,52.168953,29.857376,-0.025844,0.875163,0.012304,0.482981,5.694124,6.878942,42.92868,-0.036206,0.926092,0.038219,0.373606,-5.174038,0.662906,-14.664639,-0.025844,0.875163,0.012304,0.482981,18.027025,1.402148,35.387428
971,8.091667,-0.028043,0.915668,0.015151,0.400669,-0.779284,86.64061,13.96536,-0.114138,0.908806,0.143615,0.374725,-1.271643,94.378807,14.006262,-0.013387,0.925638,-0.008614,0.378074,-7.904042,114.011169,17.700254,0.102094,0.959234,0.07163,0.253607,-8.292248,135.248428,17.146343,-0.011177,0.995755,0.002063,0.091343,-5.006196,149.611298,18.290953,-0.103941,0.760546,0.117629,0.630024,-11.480026,129.610962,14.974791,-0.749638,0.08461,0.493233,-0.433135,-14.611897,129.443176,-1.704825,-0.665573,-0.579646,0.164026,0.440588,-3.505533,117.112907,-16.528841,0.218733,0.293646,-0.627346,-0.687289,4.81967,144.926605,-7.650197,-0.094209,0.93125,0.015989,0.351628,-6.123515,129.845825,20.225704,0.403883,0.911735,0.073778,-0.013212,6.350266,132.632935,31.391865,-0.202283,0.472652,0.474916,-0.714239,21.334721,116.288628,29.529667,-0.030034,0.300579,0.576805,-0.758977,18.830009,137.617615,17.681751,0.040848,0.924603,0.14849,0.348414,-7.184394,86.269791,7.018864,0.097049,0.964736,-0.021648,0.243715,-6.172671,51.771027,-3.956712,-0.036128,0.926106,0.038196,0.373581,-15.532318,5.389458,-4.218626,-0.107442,0.888273,-0.086062,0.438202,5.625827,87.011429,20.911854,-0.019581,0.895471,-0.145057,0.420365,9.807088,52.167343,29.859388,-0.026581,0.875154,0.011942,0.482966,5.695953,6.877637,42.930824,-0.036128,0.926106,0.038196,0.373581,-5.170071,0.663358,-14.671095,-0.026581,0.875154,0.011942,0.482966,18.034166,1.402322,35.397182
972,8.1,-0.028036,0.915658,0.015168,0.400692,-0.771673,86.637672,13.96656,-0.114214,0.908757,0.143631,0.374815,-1.264035,94.37587,14.007727,-0.013348,0.925588,-0.008675,0.378197,-7.900214,114.008202,17.700583,0.101994,0.959153,0.072247,0.253777,-8.285795,135.245468,17.144825,-0.011666,0.995733,0.001932,0.091521,-5.00699,149.608582,18.307032,-0.10373,0.760235,0.117764,0.630409,-11.473652,129.608185,14.97288,-0.74998,0.084658,0.492961,-0.432842,-14.590558,129.45137,-1.709649,-0.665488,-0.579841,0.163626,0.440609,-3.472601,117.129883,-16.53228,0.218736,0.294006,-0.627275,-0.687198,4.846795,144.937988,-7.630692,-0.094126,0.931201,0.015916,0.351784,-6.118515,129.84285,20.225208,0.404189,0.911614,0.073524,-0.013616,6.35206,132.627991,31.395445,-0.20227,0.472745,0.475044,-0.714096,21.32506,116.274643,29.520506,-0.03022,0.300905,0.576992,-0.758698,18.830593,137.605759,17.67342,0.040822,0.924658,0.148594,0.348225,-7.176443,86.267105,7.019736,0.097112,0.96473,-0.021696,0.243709,-6.162532,51.770424,-3.9622,-0.03607,0.926126,0.038085,0.373549,-15.528906,5.390194,-4.22113,-0.107408,0.888188,-0.086058,0.438384,5.633095,87.008232,20.913385,-0.019556,0.895458,-0.14503,0.420403,9.810513,52.163578,29.860487,-0.02655,0.875138,0.011985,0.482996,5.69779,6.873026,42.928513,-0.03607,0.926126,0.038085,0.373549,-5.168279,0.660409,-14.673537,-0.02655,0.875138,0.011985,0.482996,18.036423,1.398348,35.395103
973,8.108333,-0.028055,0.915669,0.015069,0.40067,-0.763009,86.633804,13.971414,-0.114338,0.908692,0.14364,0.374931,-1.25502,94.372025,14.011075,-0.013264,0.925518,-0.008735,0.37837,-7.896316,114.00267,17.701258,0.10211,0.959018,0.072882,0.25406,-8.277568,135.23999,17.144421,-0.012234,0.995698,0.001737,0.091831,-5.000063,149.601746,18.326803,-0.103504,0.759979,0.117901,0.630729,-11.465699,129.603226,14.971526,-0.750371,0.084659,0.492682,-0.432482,-14.570477,129.457367,-1.713359,-0.66535,-0.580026,0.16325,0.440714,-3.4403,117.147652,-16.536585,0.218671,0.294286,-0.627183,-0.687183,4.873537,144.949326,-7.609776,-0.094205,0.931128,0.015861,0.351959,-6.112497,129.837097,20.225857,0.404627,0.911433,0.073281,-0.014015,6.353394,132.625061,31.400612,-0.202243,0.472964,0.475132,-0.7139,21.310135,116.258347,29.51256,-0.030849,0.301364,0.576962,-0.758513,18.830004,137.588943,17.662884,0.040774,0.924715,0.14869,0.348039,-7.168089,86.262154,7.024937,0.097194,0.964641,-0.021749,0.244026,-6.150709,51.767246,-3.962225,-0.036192,0.926169,0.037978,0.373441,-15.525601,5.388746,-4.221287,-0.107316,0.888204,-0.086086,0.438367,5.642071,87.005447,20.917889,-0.019517,0.895409,-0.144964,0.420533,9.812876,52.159702,29.86384,-0.02683,0.875122,0.011855,0.483013,5.697564,6.867209,42.924309,-0.036192,0.926169,0.037978,0.373441,-5.166523,0.65737,-14.674505,-0.02683,0.875122,0.011855,0.483013,18.038633,1.393304,35.394333
974,8.116667,-0.028126,0.915664,0.015028,0.400676,-0.752253,86.632156,13.975221,-0.114435,0.908639,0.143601,0.375044,-1.245023,94.370338,14.013846,-0.013271,0.92546,-0.008607,0.378516,-7.890077,114.001175,17.700275,0.10202,0.958915,0.073355,0.254349,-8.273556,135.238571,17.148321,-0.012463,0.995654,0.001646,0.092281,-5.001924,149.60051,18.344788,-0.103478,0.75972,0.117973,0.631031,-11.460375,129.601974,14.97311,-0.750963,0.084711,0.492444,-0.431714,-14.552408,129.460419,-1.714179,-0.665098,-0.58017,0.16293,0.441022,-3.412209,117.168137,-16.54435,0.218708,0.29468,-0.627119,-0.68706,4.897786,144.961273,-7.58743,-0.09404,0.931038,0.015796,0.352245,-6.108831,129.835205,20.229158,0.404729,0.911376,0.073359,-0.014332,6.351288,132.618271,31.411568,-0.20214,0.472943,0.475249,-0.713864,21.303921,116.249504,29.50893,-0.031028,0.30171,0.577336,-0.758084,18.828382,137.580261,17.659843,0.040747,0.924753,0.148704,0.347936,-7.157158,86.258965,7.028665,0.097295,0.964654,-0.021721,0.243936,-6.138842,51.764202,-3.958884,-0.035895,0.926229,0.03805,0.373314,-15.522308,5.387455,-4.22197,-0.107231,0.888232,-0.086212,0.438307,5.652652,87.005348,20.921778,-0.01946,0.895451,-0.144875,0.420477,9.814581,52.159859,29.872871,-0.026589,0.875122,0.012082,0.48302,5.698796,6.864709,42.923992,-0.035895,0.926229,0.03805,0.373314,-5.168768,0.654582,-14.679996,-0.026589,0.875122,0.012082,0.48302,18.038712,1.39304,35.390499
975,8.125,-0.028191,0.915666,0.015136,0.400665,-0.741213,86.6325,13.978571,-0.114493,0.908575,0.143569,0.375194,-1.235567,94.370575,14.018342,-0.013438,0.925369,-0.008523,0.378734,-7.881973,113.998428,17.700983,0.101973,0.958775,0.073868,0.254745,-8.273247,135.235687,17.149527,-0.012556,0.995599,0.001615,0.092855,-5.006566,149.597412,18.36198,-0.103371,0.759423,0.118219,0.63136,-11.456913,129.597946,14.972644,-0.751417,0.08482,0.492069,-0.431331,-14.535604,129.466812,-1.717204,-0.664975,-0.580383,0.162563,0.441064,-3.37975,117.184784,-16.544107,0.218673,0.295009,-0.626925,-0.687108,4.922517,144.972763,-7.563987,-0.094063,0.93096,0.015852,0.35244,-6.107914,129.833038,20.231203,0.404775,0.911352,0.073402,-0.014412,6.347395,132.615814,31.41905,-0.20217,0.473065,0.475254,-0.713772,21.298288,116.245926,29.512262,-0.031177,0.302099,0.577406,-0.75787,18.828699,137.575623,17.662291,0.040789,0.924757,0.14869,0.347926,-7.146224,86.25901,7.032125,0.097377,0.96463,-0.021751,0.243994,-6.131209,51.764191,-3.955544,-0.036071,0.926209,0.038008,0.373352,-15.522768,5.389076,-4.218431,-0.107149,0.888302,-0.086408,0.438146,5.663799,87.005981,20.925016,-0.019371,0.895545,-0.144825,0.420297,9.815764,52.161671,29.885302,-0.026141,0.875141,0.012275,0.483005,5.697048,6.864831,42.929619,-0.036071,0.926209,0.038008,0.373352,-5.166773,0.657105,-14.67444,-0.026141,0.875141,0.012275,0.483005,18.033197,1.391568,35.391109
976,8.133333,-0.028316,0.915631,0.015205,0.400732,-0.727816,86.634895,13.982815,-0.114518,0.908571,0.143439,0.375247,-1.22438,94.372833,14.022758,-0.013628,0.925349,-0.00834,0.378781,-7.865953,113.990112,17.697561,0.101505,0.958711,0.074257,0.255059,-8.267629,135.227295,17.150234,-0.012452,0.995532,0.001787,0.093583,-5.016779,149.591843,18.371758,-0.103077,0.759271,0.118614,0.631517,-11.448317,129.588409,14.97195,-0.751829,0.084811,0.491713,-0.431019,-14.522332,129.474472,-1.718883,-0.664914,-0.580559,0.16211,0.441091,-3.350858,117.204834,-16.544273,0.218601,0.295424,-0.626861,-0.687011,4.947917,144.98587,-7.539579,-0.094317,0.930799,0.01594,0.352795,-6.099923,129.825119,20.23105,0.404768,0.911334,0.073668,-0.014381,6.345254,132.614166,31.428606,-0.202233,0.473132,0.475277,-0.713695,21.296444,116.244957,29.518324,-0.031276,0.302527,0.577327,-0.757755,18.830961,137.576324,17.669201,0.040864,0.924744,0.148643,0.347971,-7.131678,86.259804,7.035398,0.097511,0.964326,-0.021967,0.245121,-6.122321,51.764427,-3.951039,-0.035956,0.926187,0.03807,0.373411,-15.530602,5.392673,-4.208346,-0.107085,0.888264,-0.086531,0.438215,5.676046,87.009987,20.930231,-0.01936,0.89544,-0.144758,0.420544,9.819296,52.166222,29.896688,-0.025876,0.875238,0.012622,0.482836,5.698752,6.867501,42.933887,-0.035956,0.926187,0.03807,0.373411,-5.174237,0.661104,-14.664167,-0.025876,0.875238,0.012622,0.482836,18.031067,1.399074,35.385601
977,8.141667,-0.028389,0.915627,0.015214,0.400738,-0.713878,86.636314,13.987185,-0.114759,0.908416,0.143466,0.375536,-1.211541,94.374176,14.026785,-0.013782,0.925178,-0.008178,0.379195,-7.864735,113.991692,17.69701,0.101626,0.95852,0.074545,0.255646,-8.274828,135.228806,17.153408,-0.012342,0.995461,0.00186,0.094353,-5.022502,149.59201,18.386532,-0.103033,0.758936,0.118757,0.631899,-11.451213,129.589005,14.971211,-0.752235,0.084945,0.491275,-0.430786,-14.509138,129.481979,-1.722622,-0.664835,-0.580773,0.161775,0.441052,-3.319512,117.219833,-16.54052,0.218342,0.29587,-0.626606,-0.687134,4.970775,144.99736,-7.517175,-0.094212,0.930735,0.016086,0.352985,-6.107598,129.826935,20.235113,0.404647,0.911387,0.073682,-0.014339,6.333695,132.610611,31.43832,-0.202377,0.473378,0.475173,-0.71356,21.289303,116.245224,29.529842,-0.031433,0.302856,0.577392,-0.757568,18.830547,137.574295,17.678303,0.040953,0.924721,0.148597,0.348041,-7.117574,86.26001,7.03968,0.097605,0.964314,-0.021959,0.245132,-6.114532,51.764179,-3.945912,-0.03588,0.92618,0.038111,0.373431,-15.531111,5.394125,-4.206229,-0.107001,0.888229,-0.086703,0.438273,5.689817,87.012611,20.934689,-0.019229,0.895613,-0.144717,0.420195,9.821547,52.169693,29.909739,-0.02608,0.875185,0.012449,0.482925,5.696616,6.869373,42.939995,-0.03588,0.92618,0.038111,0.373431,-5.174927,0.662803,-14.662342,-0.02608,0.875185,0.012449,0.482925,18.031651,1.399582,35.397152
978,8.15,-0.028405,0.915594,0.015118,0.400815,-0.702198,86.636551,13.994065,-0.115014,0.90832,0.143422,0.375708,-1.199489,94.374451,14.032158,-0.013566,0.925105,-0.008111,0.379383,-7.863596,113.993904,17.695955,0.101398,0.958413,0.07495,0.256019,-8.266155,135.231323,17.158382,-0.012151,0.995401,0.001956,0.094999,-5.023065,149.595627,18.403017,-0.103048,0.758787,0.118853,0.632058,-11.443596,129.593246,14.973251,-0.752411,0.084878,0.490954,-0.430858,-14.494612,129.489059,-1.721865,-0.664838,-0.58101,0.161351,0.44089,-3.290441,117.233063,-16.533875,0.218218,0.29622,-0.626477,-0.68714,4.991462,145.007355,-7.492807,-0.094175,0.930564,0.016061,0.353446,-6.102036,129.827805,20.239391,0.404811,0.9113,0.073841,-0.014418,6.328441,132.609802,31.455009,-0.202414,0.47356,0.475252,-0.713376,21.27804,116.2397,29.540014,-0.031657,0.303284,0.577042,-0.757654,18.831591,137.568466,17.688822,0.04102,0.924664,0.148607,0.34818,-7.104709,86.259285,7.045519,0.097716,0.964339,-0.021921,0.244992,-6.104233,51.764065,-3.942219,-0.035677,0.926184,0.038083,0.373443,-15.530027,5.395907,-4.207204,-0.106905,0.888261,-0.086792,0.438213,5.700313,87.013809,20.94261,-0.019161,0.895619,-0.144605,0.420225,9.823701,52.17054,29.920101,-0.02659,0.875192,0.012344,0.482887,5.697156,6.866893,42.938278,-0.035677,0.926184,0.038083,0.373443,-5.175666,0.661527,-14.663738,-0.02659,0.875192,0.012344,0.482887,18.036102,1.401756,35.39846
979,8.158333,-0.028266,0.91556,0.014908,0.40091,-0.69462,86.635658,14.000553,-0.115185,0.90823,0.143455,0.375861,-1.188649,94.373772,14.036489,-0.013547,0.92503,-0.008056,0.379566,-7.860304,113.991127,17.697573,0.101699,0.958228,0.075408,0.256457,-8.262917,135.228592,17.162382,-0.012248,0.995338,0.001937,0.09565,-5.014659,149.590256,18.42415,-0.10291,0.758595,0.119006,0.632282,-11.439429,129.590759,14.97533,-0.752776,0.08499,0.490673,-0.430516,-14.481791,129.49498,-1.721415,-0.664705,-0.581229,0.160983,0.440936,-3.266206,117.246696,-16.531155,0.218279,0.296442,-0.626389,-0.687105,5.007469,145.015732,-7.46648,-0.094183,0.930458,0.016095,0.35372,-6.099941,129.824753,20.243593,0.40495,0.911245,0.073752,-0.014443,6.323918,132.606094,31.466705,-0.202482,0.473603,0.47528,-0.713309,21.268475,116.231384,29.551828,-0.031839,0.30336,0.577208,-0.757489,18.82535,137.561554,17.702568,0.041044,0.924585,0.148557,0.348408,-7.095834,86.259254,7.050766,0.097787,0.964364,-0.021812,0.244877,-6.095575,51.763092,-3.934034,-0.035661,0.926207,0.037992,0.373396,-15.525246,5.395797,-4.209524,-0.106834,0.888344,-0.086841,0.438052,5.706594,87.012062,20.95034,-0.019135,0.895589,-0.144475,0.420334,9.825461,52.168297,29.928022,-0.026136,0.875142,0.012525,0.482998,5.700308,6.861013,42.933964,-0.035661,0.926207,0.037992,0.373396,-5.172368,0.658719,-14.666307,-0.026136,0.875142,0.012525,0.482998,18.037527,1.393962,35.3927
980,8.166667,-0.028328,0.915539,0.014841,0.400956,-0.682095,86.633423,14.006981,-0.115249,0.908172,0.143455,0.375981,-1.176577,94.371513,14.041551,-0.013841,0.924952,-0.007948,0.37975,-7.849877,113.98468,17.699995,0.102251,0.957991,0.075986,0.256952,-8.265654,135.221893,17.164238,-0.012308,0.995269,0.001922,0.096359,-5.006099,149.578979,18.448643,-0.102611,0.75839,0.119278,0.632525,-11.437757,129.582001,14.97605,-0.753122,0.085082,0.490272,-0.43035,-14.471743,129.50145,-1.722296,-0.664643,-0.581483,0.160586,0.440839,-3.239354,117.260071,-16.525009,0.218223,0.296848,-0.626359,-0.686975,5.024134,145.025604,-7.440341,-0.094225,0.930343,0.016045,0.354015,-6.100483,129.819458,20.246401,0.404963,0.911248,0.073658,-0.014383,6.316018,132.602234,31.477297,-0.202724,0.473749,0.475263,-0.713155,21.260178,116.226662,29.566523,-0.031936,0.303358,0.577248,-0.757456,18.823078,137.559814,17.721134,0.041054,0.924544,0.148546,0.34852,-7.08254,86.25547,7.056574,0.09792,0.964665,-0.02154,0.243659,-6.081842,51.759136,-3.927646,-0.035669,0.926242,0.037969,0.373313,-15.517723,5.393189,-4.219103,-0.10681,0.888518,-0.086982,0.437677,5.71835,87.011375,20.95739,-0.01885,0.895857,-0.144411,0.419797,9.834898,52.169014,29.941568,-0.026723,0.875138,0.01229,0.482979,5.695879,6.858954,42.933449,-0.035669,0.926242,0.037969,0.373313,-5.1667,0.655535,-14.677456,-0.026723,0.875138,0.01229,0.482979,18.037458,1.394423,35.397507
981,8.175,-0.028417,0.915472,0.0148,0.401105,-0.667357,86.632576,14.01335,-0.115451,0.908083,0.143467,0.376131,-1.162856,94.370613,14.046711,-0.013882,0.924887,-0.007773,0.379909,-7.845695,113.985062,17.701799,0.102009,0.957912,0.076294,0.257251,-8.265844,135.222336,17.172176,-0.011791,0.995222,0.002062,0.096903,-5.015263,149.580719,18.464876,-0.10256,0.758176,0.119263,0.632792,-11.435999,129.582413,14.981251,-0.753261,0.084922,0.489985,-0.430466,-14.458874,129.5047,-1.719126,-0.664645,-0.581772,0.160132,0.440621,-3.212746,117.271126,-16.517862,0.218228,0.297302,-0.626106,-0.687007,5.03914,145.034119,-7.41488,-0.09421,0.93023,0.016172,0.354309,-6.100556,129.819458,20.253473,0.404877,0.911271,0.073876,-0.014221,6.308961,132.599686,31.492716,-0.202945,0.473784,0.475193,-0.713115,21.256432,116.226807,29.584875,-0.032158,0.303467,0.577007,-0.757586,18.817814,137.560898,17.744289,0.041156,0.924562,0.148509,0.348476,-7.065455,86.252853,7.060876,0.098006,0.964631,-0.021556,0.243754,-6.073088,51.75634,-3.923523,-0.035747,0.926271,0.037985,0.373232,-15.517042,5.392054,-4.21649,-0.10674,0.888501,-0.086965,0.437733,5.730742,87.012306,20.965824,-0.018762,0.895871,-0.144379,0.419783,9.842857,52.168648,29.947018,-0.026154,0.875108,0.012491,0.483058,5.697937,6.857413,42.932899,-0.035747,0.926271,0.037985,0.373232,-5.166995,0.655682,-14.676391,-0.026154,0.875108,0.012491,0.483058,18.036207,1.389794,35.393768
982,8.183333,-0.028558,0.915448,0.014888,0.401146,-0.650732,86.635345,14.019836,-0.115647,0.907975,0.143479,0.376326,-1.148773,94.373215,14.053544,-0.013891,0.924786,-0.007579,0.380157,-7.839726,113.98497,17.704283,0.101233,0.957888,0.076217,0.257669,-8.263202,135.222351,17.182037,-0.011038,0.995146,0.002455,0.097758,-5.033595,149.585999,18.468674,-0.102638,0.757926,0.119482,0.633039,-11.431234,129.582672,14.98741,-0.753542,0.08492,0.489833,-0.430146,-14.442986,129.509506,-1.714993,-0.664496,-0.582015,0.159764,0.440657,-3.190228,117.284836,-16.516029,0.218248,0.297897,-0.626023,-0.686819,5.051652,145.042847,-7.388958,-0.094225,0.930054,0.016178,0.354768,-6.098633,129.818741,20.26255,0.404702,0.911354,0.073799,-0.014285,6.299749,132.598541,31.514177,-0.203332,0.473917,0.47503,-0.713025,21.253448,116.23143,29.605644,-0.032678,0.303422,0.577141,-0.75748,18.813347,137.568817,17.769476,0.041314,0.924444,0.148398,0.34882,-7.048053,86.253876,7.066745,0.098146,0.9643,-0.021742,0.244989,-6.065036,51.755898,-3.913911,-0.035793,0.926226,0.038012,0.373336,-15.525574,5.39498,-4.205267,-0.106652,0.888642,-0.087109,0.437439,5.746588,87.016815,20.972929,-0.01857,0.896062,-0.144375,0.419385,9.851424,52.173603,29.959179,-0.026253,0.875121,0.012539,0.483029,5.696121,6.861579,42.938972,-0.035793,0.926226,0.038012,0.373336,-5.172666,0.659914,-14.662926,-0.026253,0.875121,0.012539,0.483029,18.03511,1.396575,35.399124
983,8.191667,-0.028707,0.915382,0.015011,0.40128,-0.631539,86.63839,14.024305,-0.115736,0.907886,0.14356,0.376483,-1.13247,94.376068,14.058754,-0.014122,0.924703,-0.00744,0.380355,-7.828547,113.985756,17.709816,0.101443,0.957714,0.07643,0.258169,-8.263241,135.222961,17.189188,-0.010816,0.995067,0.002652,0.098583,-5.029191,149.584732,18.485607,-0.102583,0.757721,0.119599,0.63327,-11.427312,129.581757,14.992751,-0.753787,0.084877,0.48961,-0.42998,-14.429487,129.514175,-1.711397,-0.664372,-0.582305,0.159359,0.440608,-3.16666,117.29792,-16.511723,0.218196,0.298473,-0.625893,-0.686704,5.062571,145.051926,-7.361054,-0.094263,0.929958,0.016417,0.354996,-6.097058,129.820236,20.270155,0.404536,0.911407,0.074128,-0.013923,6.295572,132.597977,31.528627,-0.203836,0.474004,0.474924,-0.712894,21.255705,116.235664,29.629349,-0.032868,0.303531,0.576663,-0.757792,18.814564,137.579941,17.803305,0.041462,0.924382,0.148241,0.349032,-7.026658,86.255341,7.069277,0.09829,0.964232,-0.021756,0.245199,-6.054999,51.754879,-3.904593,-0.035779,0.92622,0.038148,0.373337,-15.528724,5.396679,-4.200139,-0.106622,0.888677,-0.087217,0.437354,5.76358,87.021439,20.979332,-0.018326,0.896267,-0.144393,0.418951,9.863863,52.179134,29.971176,-0.02669,0.875156,0.012454,0.482944,5.693496,6.866726,42.94482,-0.035779,0.92622,0.038148,0.373337,-5.175518,0.665155,-14.659105,-0.02669,0.875156,0.012454,0.482944,18.034948,1.405811,35.406048
984,8.2,-0.028845,0.915349,0.015076,0.401344,-0.612108,86.640587,14.031593,-0.115976,0.907792,0.143665,0.376594,-1.115397,94.378113,14.066073,-0.014217,0.924636,-0.007342,0.380516,-7.823273,113.986435,17.716658,0.101525,0.957597,0.07651,0.258549,-8.263182,135.223572,17.198261,-0.01032,0.995005,0.002964,0.099247,-5.027308,149.584534,18.499201,-0.10266,0.757442,0.119851,0.633545,-11.425062,129.581833,15.000099,-0.753977,0.084874,0.489453,-0.429827,-14.414909,129.519775,-1.70629,-0.664246,-0.58258,0.158984,0.44057,-3.145207,117.309235,-16.506121,0.2183,0.298807,-0.62583,-0.686584,5.071851,145.059525,-7.333113,-0.094281,0.929872,0.016557,0.355213,-6.096691,129.821075,20.279371,0.404367,0.911453,0.074563,-0.013461,6.290624,132.59726,31.544083,-0.204115,0.473969,0.47485,-0.712887,21.257387,116.239677,29.656267,-0.033132,0.303446,0.576591,-0.757869,18.811068,137.587997,17.836926,0.041614,0.924369,0.148137,0.349093,-7.00611,86.255684,7.075638,0.098392,0.964211,-0.021702,0.245247,-6.046605,51.753914,-3.895167,-0.035839,0.926216,0.038149,0.373342,-15.528263,5.397388,-4.198508,-0.106464,0.888687,-0.087293,0.437356,5.781895,87.02549,20.987549,-0.018207,0.896351,-0.144383,0.418781,9.869673,52.181709,29.97933,-0.026784,0.875183,0.012384,0.482892,5.69202,6.868625,42.948254,-0.035839,0.926216,0.038149,0.373342,-5.174337,0.666581,-14.657086,-0.026784,0.875183,0.012384,0.482892,18.033176,1.407263,35.409317
985,8.208333,-0.028882,0.915303,0.014957,0.401451,-0.598797,86.639908,14.040513,-0.116159,0.907708,0.143738,0.376713,-1.101879,94.377449,14.073007,-0.014249,0.924575,-0.007278,0.380663,-7.818435,113.983643,17.722521,0.102099,0.957415,0.076556,0.258981,-8.260573,135.220795,17.206057,-0.010178,0.994937,0.003209,0.09993,-5.00888,149.577499,18.514399,-0.102588,0.757231,0.119948,0.63379,-11.421124,129.578918,15.006346,-0.754196,0.084804,0.48931,-0.429619,-14.400923,129.522537,-1.70186,-0.664036,-0.58286,0.158676,0.440627,-3.124464,117.320786,-16.503794,0.218175,0.299249,-0.625714,-0.686536,5.07872,145.06723,-7.306837,-0.094497,0.929737,0.016815,0.355495,-6.094448,129.818222,20.287327,0.40445,0.911385,0.075022,-0.012992,6.284656,132.597534,31.560289,-0.204455,0.473998,0.475016,-0.71266,21.248978,116.236496,29.682995,-0.03324,0.303198,0.576344,-0.758151,18.811646,137.593979,17.877228,0.041687,0.924391,0.148094,0.349044,-6.991144,86.25351,7.083116,0.098475,0.964216,-0.021616,0.245201,-6.038223,51.751251,-3.886751,-0.035629,0.926222,0.038198,0.373343,-15.525436,5.395919,-4.199359,-0.106361,0.888745,-0.087334,0.437256,5.793549,87.026306,20.997911,-0.018198,0.896157,-0.144229,0.419249,9.874484,52.181458,29.988718,-0.026223,0.875134,0.012599,0.483005,5.695454,6.864128,42.942379,-0.035629,0.926222,0.038198,0.373343,-5.173416,0.664041,-14.659344,-0.026223,0.875134,0.012599,0.483005,18.03404,1.400199,35.401081
986,8.216667,-0.02895,0.915252,0.014878,0.401565,-0.583657,86.638252,14.04931,-0.116253,0.90764,0.143917,0.376781,-1.087219,94.375778,14.080193,-0.014529,0.924515,-0.007415,0.380797,-7.812264,113.984741,17.73539,0.102228,0.957244,0.076883,0.259465,-8.263103,135.221451,17.208942,-0.009623,0.994858,0.003411,0.10076,-5.010145,149.576752,18.529629,-0.102708,0.756972,0.120015,0.634067,-11.420652,129.57724,15.010919,-0.754452,0.084733,0.489028,-0.429505,-14.387673,129.52124,-1.699555,-0.663841,-0.583205,0.158375,0.440573,-3.098402,117.328773,-16.499363,0.218192,0.299575,-0.625694,-0.686407,5.086116,145.073624,-7.281023,-0.094391,0.929648,0.017064,0.355743,-6.095634,129.821228,20.293354,0.404617,0.911363,0.074373,-0.013071,6.27817,132.59375,31.573799,-0.205393,0.474311,0.47483,-0.712306,21.236408,116.226265,29.704416,-0.03392,0.303137,0.576264,-0.758207,18.804649,137.596725,17.914413,0.041759,0.924446,0.148021,0.348922,-6.974185,86.25013,7.090343,0.098563,0.964327,-0.021454,0.244743,-6.02936,51.746738,-3.876631,-0.035675,0.926234,0.038244,0.373303,-15.520941,5.392387,-4.201634,-0.106265,0.888829,-0.087413,0.437093,5.806872,87.026375,21.008278,-0.018025,0.896327,-0.144132,0.418926,9.880795,52.181042,30.000341,-0.02622,0.87511,0.012629,0.483048,5.695623,6.860474,42.940678,-0.035675,0.926234,0.038244,0.373303,-5.169225,0.662269,-14.662713,-0.02622,0.87511,0.012629,0.483048,18.035072,1.397276,35.400276
987,8.225,-0.028923,0.915204,0.014775,0.40168,-0.57192,86.639877,14.057529,-0.116397,0.907548,0.144021,0.376918,-1.074455,94.37748,14.087059,-0.014547,0.924452,-0.007253,0.380952,-7.806315,113.981628,17.742317,0.102156,0.957153,0.076919,0.259819,-8.260385,135.21843,17.221857,-0.009034,0.994796,0.003641,0.101416,-5.009587,149.57402,18.54459,-0.102907,0.756651,0.120229,0.634377,-11.416306,129.574341,15.021163,-0.754751,0.084677,0.488917,-0.429117,-14.36861,129.520233,-1.69193,-0.663441,-0.583521,0.158249,0.440803,-3.074092,117.339088,-16.497068,0.218026,0.299856,-0.625731,-0.686303,5.09051,145.081329,-7.253268,-0.094555,0.929528,0.017181,0.356008,-6.093064,129.817657,20.305422,0.40452,0.911353,0.075112,-0.012556,6.273275,132.593399,31.593264,-0.205837,0.474179,0.474868,-0.71224,21.235598,116.228745,29.731825,-0.034295,0.30314,0.576099,-0.758314,18.799601,137.607224,17.959108,0.041806,0.924369,0.147942,0.349153,-6.960732,86.251511,7.096996,0.098683,0.964617,-0.021159,0.243574,-6.018379,51.746708,-3.865772,-0.035666,0.926242,0.038157,0.373293,-15.514533,5.393428,-4.208946,-0.10619,0.888793,-0.087481,0.437171,5.816893,87.028252,21.018061,-0.017956,0.896297,-0.144003,0.419037,9.883089,52.18264,30.012556,-0.02634,0.875081,0.012601,0.483094,5.695628,6.858328,42.939018,-0.035666,0.926242,0.038157,0.373293,-5.163407,0.660813,-14.669482,-0.02634,0.875081,0.012601,0.483094,18.036921,1.396168,35.400879
988,8.233333,-0.029091,0.915159,0.014915,0.401765,-0.555222,86.639,14.062617,-0.116488,0.90749,0.144147,0.376979,-1.061024,94.376381,14.093046,-0.014679,0.924416,-0.00716,0.381035,-7.79852,113.978233,17.751059,0.10214,0.957067,0.076927,0.260141,-8.259221,135.21492,17.232119,-0.008476,0.994734,0.003966,0.102067,-5.008849,149.57048,18.556345,-0.102883,0.756507,0.120408,0.634519,-11.412971,129.569992,15.030447,-0.754998,0.084576,0.488633,-0.429026,-14.359312,129.521439,-1.683713,-0.663249,-0.583811,0.158045,0.440781,-3.051665,117.350174,-16.486946,0.217913,0.300184,-0.625877,-0.686062,5.096275,145.091629,-7.226076,-0.094636,0.929363,0.017268,0.356413,-6.090729,129.814606,20.315655,0.404152,0.911436,0.076201,-0.011797,6.265302,132.59108,31.614599,-0.206225,0.474122,0.474815,-0.712201,21.241684,116.237877,29.765543,-0.034746,0.303101,0.575745,-0.758578,18.800661,137.621002,18.004822,0.041902,0.924374,0.147851,0.349167,-6.942571,86.248825,7.100843,0.098801,0.964305,-0.021342,0.244741,-6.008816,51.742672,-3.858398,-0.035473,0.926221,0.038365,0.373343,-15.519341,5.392322,-4.199095,-0.106096,0.88879,-0.087617,0.437171,5.832126,87.029175,21.024393,-0.017857,0.896339,-0.143965,0.418965,9.887943,52.18383,30.024639,-0.026271,0.875092,0.012725,0.483075,5.694659,6.858143,42.944389,-0.035473,0.926221,0.038365,0.373343,-5.168329,0.663207,-14.661327,-0.026271,0.875092,0.012725,0.483075,18.035551,1.398101,35.40406
989,8.241667,-0.029242,0.91512,0.015009,0.401839,-0.539951,86.641823,14.069758,-0.116611,0.907395,0.14423,0.37714,-1.048478,94.379028,14.100538,-0.014757,0.924336,-0.006922,0.381231,-7.792011,113.977386,17.758162,0.103331,0.956824,0.076903,0.260571,-8.259534,135.214127,17.247204,-0.008816,0.99468,0.003921,0.102558,-4.975631,149.561127,18.581442,-0.102962,0.756258,0.120516,0.634782,-11.410501,129.569,15.042051,-0.755089,0.084368,0.488364,-0.429213,-14.344954,129.52269,-1.674211,-0.663041,-0.584199,0.157857,0.440646,-3.024064,117.359138,-16.473665,0.217627,0.300595,-0.625858,-0.685991,5.099916,145.102554,-7.197604,-0.094762,0.929275,0.017511,0.356598,-6.090531,129.813339,20.329561,0.403917,0.911479,0.07702,-0.011175,6.260224,132.590485,31.634109,-0.206604,0.473946,0.474813,-0.71221,21.245689,116.244339,29.796337,-0.035661,0.302619,0.576479,-0.75817,18.796083,137.637344,18.048874,0.041966,0.924329,0.147858,0.349274,-6.926003,86.249802,7.106896,0.098967,0.964361,-0.021329,0.244455,-5.995076,51.744183,-3.85427,-0.035415,0.926231,0.038359,0.373323,-15.520406,5.396882,-4.197244,-0.106047,0.888721,-0.087691,0.437309,5.846101,87.033852,21.032619,-0.017699,0.896484,-0.143971,0.418659,9.895017,52.188694,30.036667,-0.026113,0.875105,0.012881,0.483057,5.69255,6.862638,42.952141,-0.035415,0.926231,0.038359,0.373323,-5.17043,0.666925,-14.660126,-0.026113,0.875105,0.012881,0.483057,18.032335,1.404253,35.408791
990,8.25,-0.029276,0.915096,0.014987,0.401892,-0.528614,86.644127,14.077788,-0.116699,0.907306,0.144285,0.377306,-1.037489,94.381302,14.108008,-0.014784,0.924256,-0.006678,0.381429,-7.78548,113.977066,17.764769,0.103116,0.956756,0.07681,0.260931,-8.257916,135.213913,17.26285,-0.008083,0.994615,0.004252,0.103238,-4.979188,149.562332,18.594416,-0.103184,0.756041,0.120738,0.634963,-11.40659,129.568985,15.053916,-0.755214,0.083904,0.488191,-0.42928,-14.331728,129.523254,-1.663977,-0.662801,-0.584578,0.157538,0.440619,-2.999848,117.376663,-16.468946,0.217531,0.301042,-0.626034,-0.685664,5.103321,145.118011,-7.168587,-0.094694,0.929191,0.017666,0.356826,-6.08891,129.812317,20.343773,0.403413,0.911622,0.078076,-0.010401,6.25676,132.585007,31.654963,-0.206968,0.473672,0.474623,-0.712414,21.261076,116.254593,29.831282,-0.036357,0.302496,0.576783,-0.757955,18.789907,137.650803,18.095505,0.041942,0.92433,0.147854,0.349276,-6.913826,86.251366,7.1142,0.099125,0.964195,-0.021425,0.245038,-5.981342,51.745518,-3.846104,-0.035571,0.926232,0.038269,0.373315,-15.52297,5.401576,-4.189744,-0.106009,0.888638,-0.087756,0.437474,5.856598,87.03688,21.041376,-0.01761,0.896546,-0.143962,0.418534,9.899335,52.191971,30.049175,-0.02626,0.875239,0.013048,0.482801,5.691463,6.865373,42.960983,-0.035571,0.926232,0.038269,0.373315,-5.171926,0.67096,-14.651266,-0.02626,0.875239,0.013048,0.482801,18.029131,1.413137,35.40974
991,8.258333,-0.029298,0.915073,0.014976,0.401943,-0.517884,86.642494,14.084315,-0.116804,0.907215,0.14443,0.377437,-1.027002,94.379662,14.114218,-0.014779,0.924182,-0.006648,0.381609,-7.781443,113.972023,17.773516,0.102822,0.956667,0.077122,0.26128,-8.254065,135.208893,17.272728,-0.007356,0.994555,0.00439,0.103856,-4.985827,149.558945,18.612513,-0.10321,0.755822,0.120844,0.635199,-11.401778,129.564041,15.062223,-0.755564,0.083944,0.488021,-0.42885,-14.316551,129.521667,-1.657485,-0.662388,-0.584894,0.157496,0.440835,-2.977582,117.385017,-16.465172,0.217388,0.301352,-0.626313,-0.685319,5.103995,145.125366,-7.143032,-0.094941,0.929041,0.017882,0.35714,-6.086158,129.807129,20.354158,0.403378,0.91159,0.078696,-0.009879,6.25029,132.584351,31.674294,-0.207613,0.473652,0.474667,-0.712209,21.256344,116.254387,29.8608,-0.036851,0.30251,0.576748,-0.757952,18.786366,137.661987,18.146095,0.042078,0.924226,0.147854,0.349535,-6.902291,86.249313,7.120017,0.099194,0.964138,-0.021446,0.245232,-5.975824,51.744282,-3.8434,-0.035503,0.926234,0.038297,0.373315,-15.524058,5.40171,-4.188646,-0.105966,0.888636,-0.087821,0.437476,5.866523,87.035683,21.048615,-0.017491,0.89657,-0.143853,0.418525,9.904361,52.190929,30.059183,-0.026501,0.87524,0.013054,0.482786,5.690866,6.860981,42.957382,-0.035503,0.926234,0.038297,0.373315,-5.173606,0.671057,-14.650729,-0.026501,0.87524,0.013054,0.482786,18.030701,1.412351,35.407085
992,8.266667,-0.029268,0.91505,0.014905,0.402002,-0.509356,86.641335,14.089486,-0.116913,0.907125,0.144586,0.377559,-1.017605,94.378563,14.11853,-0.014738,0.924116,-0.006617,0.381771,-7.779186,113.968643,17.781036,0.102978,0.956513,0.077381,0.261709,-8.250614,135.205597,17.282059,-0.00697,0.994483,0.004479,0.104568,-4.979867,149.554092,18.632257,-0.103182,0.755714,0.120915,0.635318,-11.397825,129.561096,15.06993,-0.755691,0.083868,0.487717,-0.428986,-14.307651,129.521851,-1.650648,-0.662278,-0.585284,0.157247,0.440572,-2.954902,117.390129,-16.451828,0.217502,0.301785,-0.626283,-0.685119,5.103696,145.133087,-7.117551,-0.095054,0.928909,0.018005,0.357447,-6.084042,129.803436,20.363743,0.403468,0.911538,0.078881,-0.009466,6.244253,132.582108,31.6924,-0.208438,0.473954,0.474644,-0.711782,21.247425,116.248047,29.892021,-0.037472,0.302475,0.576313,-0.758267,18.790461,137.667053,18.195696,0.042091,0.924211,0.147839,0.349581,-6.8929,86.248154,7.124393,0.099251,0.964297,-0.021275,0.244598,-5.967155,51.742889,-3.838309,-0.035448,0.926252,0.038245,0.37328,-15.516848,5.400705,-4.194209,-0.105942,0.888604,-0.087845,0.437541,5.874187,87.034515,21.054577,-0.017419,0.896535,-0.143771,0.41863,9.909105,52.189709,30.066269,-0.026288,0.875133,0.01298,0.482994,5.691241,6.857279,42.954342,-0.035448,0.926252,0.038245,0.37328,-5.167869,0.668005,-14.656827,-0.026288,0.875133,0.01298,0.482994,18.032181,1.403853,35.409309
993,8.275,-0.029254,0.915017,0.014851,0.402078,-0.49991,86.640205,14.095677,-0.117016,0.907033,0.144688,0.37771,-1.007629,94.377464,14.124001,-0.014714,0.92404,-0.006552,0.381957,-7.775078,113.964867,17.787394,0.103604,0.956301,0.077785,0.262116,-8.246529,135.201874,17.291264,-0.006872,0.994427,0.004497,0.105104,-4.961292,149.545364,18.659384,-0.10325,0.75555,0.121063,0.635475,-11.392795,129.557663,15.077065,-0.755721,0.083738,0.487437,-0.429277,-14.295395,129.521072,-1.64478,-0.662165,-0.585711,0.157007,0.44026,-2.92954,117.392639,-16.43858,0.217547,0.302209,-0.626331,-0.684874,5.103321,145.139343,-7.093258,-0.095114,0.928775,0.01811,0.357774,-6.081135,129.799301,20.373043,0.403662,0.911484,0.078519,-0.009389,6.238839,132.577972,31.710756,-0.209381,0.474276,0.474607,-0.711316,21.235092,116.236565,29.91935,-0.038167,0.30221,0.576279,-0.758364,18.791052,137.671204,18.242832,0.042013,0.924289,0.147943,0.349341,-6.882311,86.246887,7.129542,0.099373,0.96437,-0.021243,0.244262,-5.951529,51.743362,-3.838224,-0.035215,0.926285,0.03817,0.373228,-15.51164,5.403346,-4.196611,-0.10591,0.888584,-0.087875,0.437583,5.882491,87.033516,21.061811,-0.017317,0.896579,-0.143682,0.418572,9.913973,52.188606,30.074638,-0.026414,0.875123,0.012952,0.483007,5.691836,6.853426,42.95163,-0.035215,0.926285,0.03817,0.373228,-5.166358,0.665928,-14.660758,-0.026414,0.875123,0.012952,0.483007,18.034109,1.401096,35.407974
994,8.283333,-0.029429,0.914976,0.014945,0.402155,-0.488381,86.638367,14.101429,-0.117035,0.906935,0.144807,0.377893,-0.99916,94.375427,14.129951,-0.014743,0.923947,-0.006395,0.382183,-7.770431,113.962791,17.796394,0.103035,0.956362,0.077243,0.262276,-8.245437,135.199844,17.305851,-0.00584,0.994394,0.005129,0.10545,-4.971924,149.547806,18.655035,-0.103257,0.75543,0.121155,0.635598,-11.389622,129.555695,15.088585,-0.755779,0.083605,0.48722,-0.429447,-14.286828,129.521805,-1.634192,-0.662037,-0.586066,0.156809,0.44005,-2.91058,117.398109,-16.423883,0.21754,0.302677,-0.626458,-0.684553,5.100779,145.147247,-7.067312,-0.095224,0.928693,0.018281,0.357949,-6.08057,129.796829,20.387196,0.403722,0.911417,0.079056,-0.008867,6.234416,132.576508,31.73007,-0.209855,0.474236,0.474713,-0.711132,21.228951,116.232285,29.950003,-0.03876,0.301948,0.576581,-0.758208,18.787792,137.678665,18.290403,0.042076,0.924318,0.147949,0.349253,-6.869411,86.242798,7.134172,0.099476,0.964284,-0.021309,0.244554,-5.943707,51.73978,-3.835632,-0.035263,0.926276,0.038234,0.37324,-15.514495,5.401963,-4.193269,-0.105874,0.888552,-0.087888,0.437655,5.892649,87.033936,21.068686,-0.01725,0.896497,-0.143644,0.418761,9.92069,52.188648,30.081547,-0.026405,0.8751,0.013,0.483047,5.691611,6.852231,42.951866,-0.035263,0.926276,0.038234,0.37324,-5.16828,0.666815,-14.657513,-0.026405,0.8751,0.013,0.483047,18.034725,1.401012,35.408794
995,8.291667,-0.029609,0.914948,0.015148,0.402199,-0.47421,86.639526,14.105389,-0.117054,0.906843,0.1449,0.378071,-0.988819,94.376335,14.135647,-0.014809,0.923852,-0.006225,0.382412,-7.762984,113.96257,17.803938,0.102923,0.956252,0.077306,0.262704,-8.243246,135.199631,17.318886,-0.005285,0.994319,0.005308,0.106176,-4.973211,149.548126,18.670887,-0.103396,0.75529,0.121172,0.635739,-11.384888,129.555267,15.098564,-0.755807,0.08341,0.486985,-0.429702,-14.275047,129.519287,-1.625429,-0.661899,-0.586479,0.156577,0.43979,-2.887161,117.400978,-16.410582,0.217535,0.303192,-0.626637,-0.684163,5.099213,145.153137,-7.041635,-0.095153,0.928577,0.018376,0.358265,-6.078486,129.796341,20.399834,0.403584,0.911433,0.079623,-0.008401,6.229285,132.572052,31.751505,-0.210366,0.474162,0.474828,-0.710954,21.22912,116.231705,29.980656,-0.039179,0.301368,0.576891,-0.758181,18.78986,137.68924,18.340763,0.042085,0.924318,0.147987,0.349236,-6.85437,86.242409,7.137422,0.099632,0.964358,-0.02132,0.244198,-5.9285,51.740276,-3.835146,-0.035205,0.926283,0.038222,0.373228,-15.513804,5.405447,-4.191912,-0.105839,0.888529,-0.087963,0.437694,5.90595,87.036652,21.073355,-0.017088,0.896632,-0.143691,0.418463,9.928913,52.191776,30.090109,-0.026313,0.875104,0.013084,0.483041,5.68853,6.856096,42.959328,-0.035205,0.926283,0.038222,0.373228,-5.168463,0.669318,-14.656573,-0.026313,0.875104,0.013084,0.483041,18.031055,1.405672,35.414719
996,8.3,-0.029986,0.914957,0.015479,0.402137,-0.454667,86.641724,14.104324,-0.117142,0.906739,0.145147,0.3782,-0.976665,94.378021,14.136956,-0.014791,0.923766,-0.006069,0.382623,-7.758842,113.9617,17.812233,0.103771,0.956063,0.077302,0.263059,-8.240811,135.198868,17.333485,-0.005274,0.994275,0.005419,0.10658,-4.947016,149.541183,18.693258,-0.103575,0.755094,0.121355,0.635908,-11.380939,129.554886,15.110014,-0.75581,0.083338,0.486753,-0.429974,-14.262555,129.519638,-1.615459,-0.661937,-0.586832,0.156252,0.439378,-2.864042,117.402313,-16.393223,0.217849,0.303792,-0.626716,-0.683724,5.103359,145.157394,-7.016835,-0.095148,0.928498,0.018653,0.358456,-6.076951,129.79483,20.41375,0.403397,0.911453,0.080382,-0.007962,6.226201,132.566635,31.771385,-0.210932,0.474146,0.474863,-0.710774,21.233082,116.232231,30.005348,-0.040374,0.30095,0.577669,-0.757693,18.794329,137.702927,18.382,0.042128,0.924354,0.148021,0.349119,-6.835347,86.240585,7.137063,0.099777,0.96413,-0.021594,0.245015,-5.912815,51.739441,-3.83891,-0.035365,0.92629,0.038196,0.3732,-15.517103,5.408442,-4.182222,-0.10577,0.888498,-0.088145,0.437738,5.926012,87.042862,21.071587,-0.016975,0.896656,-0.143675,0.418423,9.938212,52.199245,30.097982,-0.026213,0.87511,0.012963,0.483039,5.689513,6.862751,42.961586,-0.035365,0.92629,0.038196,0.3732,-5.170891,0.673408,-14.646519,-0.026213,0.87511,0.012963,0.483039,18.030399,1.407846,35.417534
997,8.308333,-0.030168,0.91493,0.015592,0.402183,-0.442547,86.639694,14.109254,-0.117265,0.906602,0.145222,0.37846,-0.967832,94.375763,14.142327,-0.014559,0.923654,-0.005705,0.382909,-7.755507,113.953423,17.815653,0.10364,0.956017,0.076983,0.263372,-8.234129,135.191055,17.354816,-0.00482,0.994222,0.005692,0.107082,-4.941481,149.53447,18.705933,-0.103454,0.754937,0.121291,0.636126,-11.373719,129.549454,15.124604,-0.755877,0.083254,0.486747,-0.429879,-14.246763,129.517395,-1.602349,-0.661687,-0.587139,0.156127,0.439389,-2.847371,117.404793,-16.383324,0.21793,0.30413,-0.626868,-0.683409,5.100506,145.16008,-6.990966,-0.095211,0.928398,0.018657,0.358698,-6.072916,129.784073,20.431761,0.403394,0.911457,0.080354,-0.00787,6.223957,132.557327,31.795841,-0.211552,0.474187,0.474948,-0.710504,21.231016,116.222633,30.03406,-0.04091,0.300326,0.578404,-0.75735,18.797949,137.707047,18.429749,0.042128,0.924395,0.148082,0.348985,-6.822332,86.236282,7.141304,0.099874,0.964349,-0.021497,0.244119,-5.899879,51.73645,-3.838778,-0.03527,0.926324,0.03824,0.373118,-15.511116,5.406907,-4.184239,-0.105701,0.888526,-0.08809,0.437708,5.937238,87.043091,21.077204,-0.016951,0.896499,-0.143696,0.418752,9.947207,52.19772,30.097828,-0.02668,0.87516,0.012869,0.482926,5.690888,6.861722,42.960678,-0.03527,0.926324,0.03824,0.373118,-5.167522,0.671946,-14.65116,-0.02668,0.87516,0.012869,0.482926,18.033998,1.411086,35.417179
998,8.316667,-0.030287,0.914898,0.015713,0.402241,-0.431617,86.637749,14.112341,-0.117328,0.906508,0.145351,0.378617,-0.959351,94.37365,14.146349,-0.01446,0.923581,-0.005554,0.383091,-7.751977,113.949158,17.822287,0.103915,0.955871,0.077128,0.263749,-8.229091,135.186981,17.368889,-0.004602,0.994162,0.00568,0.107652,-4.929801,149.528122,18.727848,-0.103311,0.754896,0.121217,0.636212,-11.368163,129.546371,15.135427,-0.756045,0.083291,0.486587,-0.429757,-14.238485,129.516861,-1.591994,-0.661511,-0.587373,0.156,0.439387,-2.832471,117.408096,-16.370987,0.217908,0.304346,-0.626965,-0.683231,5.101176,145.163071,-6.965694,-0.095073,0.9283,0.018623,0.358991,-6.069416,129.778748,20.444733,0.403632,0.911348,0.080406,-0.007788,6.221203,132.547577,31.81665,-0.212426,0.474371,0.475112,-0.710011,21.219767,116.204918,30.056471,-0.041158,0.300427,0.57815,-0.757491,18.802925,137.705383,18.479555,0.042111,0.924419,0.148186,0.34888,-6.810378,86.233231,7.14352,0.100006,0.964331,-0.021557,0.244131,-5.885369,51.735519,-3.843015,-0.035076,0.926333,0.038195,0.373119,-15.509812,5.408704,-4.186196,-0.105606,0.888583,-0.088056,0.437623,5.947145,87.042267,21.081161,-0.016852,0.896593,-0.143747,0.418538,9.953051,52.195,30.096292,-0.0267,0.87517,0.012837,0.482907,5.689372,6.860086,42.960506,-0.035076,0.926333,0.038195,0.373119,-5.16827,0.670296,-14.653582,-0.0267,0.87517,0.012837,0.482907,18.032196,1.408909,35.416935
999,8.325,-0.030356,0.914888,0.015726,0.402257,-0.421863,86.632034,14.117437,-0.117308,0.906469,0.145589,0.378624,-0.950658,94.367867,14.151187,-0.014531,0.923558,-0.005675,0.383142,-7.748423,113.947121,17.837461,0.104422,0.955711,0.077364,0.264058,-8.226339,135.184799,17.378128,-0.004448,0.994111,0.00568,0.108122,-4.914639,149.521942,18.748968,-0.103214,0.75479,0.121334,0.63633,-11.364931,129.543442,15.145868,-0.756046,0.083362,0.486282,-0.430086,-14.230834,129.519806,-1.582327,-0.661537,-0.587682,0.155808,0.439002,-2.812118,117.407379,-16.348516,0.218081,0.304543,-0.627025,-0.683033,5.103093,145.166962,-6.941252,-0.094914,0.928201,0.018899,0.359274,-6.066798,129.777512,20.455719,0.403776,0.911242,0.080926,-0.007317,6.217957,132.53746,31.83614,-0.21282,0.474471,0.475275,-0.709717,21.211647,116.189316,30.085215,-0.04177,0.300328,0.578492,-0.757236,18.806747,137.701675,18.521027,0.042056,0.924401,0.148355,0.348862,-6.800297,86.226433,7.148375,0.100099,0.964328,-0.021628,0.244097,-5.867468,51.732018,-3.847835,-0.035115,0.926406,0.038127,0.372942,-15.502039,5.407274,-4.186348,-0.105547,0.888635,-0.087968,0.43755,5.956571,87.037643,21.0865,-0.016768,0.896575,-0.143773,0.418572,9.962292,52.188347,30.093876,-0.026437,0.87514,0.01292,0.482974,5.689953,6.853861,42.956726,-0.035115,0.926406,0.038127,0.372942,-5.164259,0.667373,-14.656779,-0.026437,0.87514,0.01292,0.482974,18.031734,1.401034,35.412628
1000,8.333333,-0.030368,0.914851,0.015734,0.402341,-0.415811,86.627884,14.121258,-0.11733,0.906373,0.145736,0.378792,-0.944819,94.363693,14.154999,-0.014422,0.923481,-0.005581,0.383333,-7.746442,113.941277,17.845175,0.104456,0.95562,0.0775,0.264334,-8.221497,135.179138,17.391205,-0.004002,0.994069,0.005749,0.108522,-4.909853,149.515778,18.767391,-0.103108,0.75472,0.121403,0.636418,-11.359882,129.538757,15.156182,-0.756084,0.08339,0.486015,-0.430316,-14.222726,129.519928,-1.572539,-0.661521,-0.587944,0.155636,0.438737,-2.792686,117.406532,-16.329165,0.218157,0.3047,-0.627163,-0.682812,5.107121,145.168945,-6.917295,-0.094878,0.928109,0.019048,0.359513,-6.063898,129.770767,20.468264,0.40397,0.911124,0.081308,-0.007015,6.215248,132.527328,31.855551,-0.213326,0.474539,0.475589,-0.70931,21.202156,116.17247,30.109346,-0.041672,0.30008,0.578177,-0.757579,18.815228,137.697311,18.56814,0.041906,0.924341,0.148539,0.34896,-6.79296,86.222191,7.151028,0.100308,0.964314,-0.021725,0.244058,-5.84419,51.730824,-3.853373,-0.034904,0.92643,0.038068,0.372908,-15.499842,5.410436,-4.187551,-0.105564,0.888686,-0.087834,0.437469,5.961337,87.033577,21.091488,-0.016662,0.896625,-0.143841,0.418445,9.973326,52.182842,30.090492,-0.026932,0.875154,0.01282,0.482924,5.691115,6.849861,42.955391,-0.034904,0.92643,0.038068,0.372908,-5.165091,0.666519,-14.659148,-0.026932,0.875154,0.01282,0.482924,18.036472,1.401617,35.413845
1001,8.341667,-0.030485,0.914876,0.015775,0.402273,-0.403732,86.626694,14.123654,-0.117563,0.906229,0.145901,0.379001,-0.934655,94.362381,14.157297,-0.014001,0.923388,-0.005188,0.383577,-7.747704,113.933716,17.847775,0.104267,0.955581,0.077275,0.264615,-8.212535,135.172272,17.415964,-0.0037,0.994018,0.005835,0.108999,-4.904356,149.510345,18.785578,-0.103079,0.75459,0.121498,0.636559,-11.352423,129.535736,15.173382,-0.756186,0.083466,0.485989,-0.430153,-14.209398,129.520737,-1.556344,-0.661368,-0.588076,0.155625,0.438793,-2.778767,117.408463,-16.313421,0.218156,0.304876,-0.627309,-0.6826,5.111791,145.17099,-6.894157,-0.094745,0.927868,0.018705,0.360186,-6.059064,129.759644,20.488424,0.403943,0.911062,0.082138,-0.007039,6.204503,132.514984,31.89278,-0.213608,0.474515,0.475978,-0.70898,21.192392,116.16272,30.13081,-0.042103,0.299815,0.578393,-0.757496,18.82287,137.696701,18.610373,0.041828,0.924294,0.148741,0.34901,-6.781773,86.219261,7.154343,0.10048,0.964175,-0.021961,0.244516,-5.821995,51.731766,-3.861227,-0.034722,0.926459,0.038017,0.372859,-15.498384,5.415616,-4.182523,-0.105521,0.888759,-0.087754,0.437346,5.974309,87.034134,21.092966,-0.016569,0.89657,-0.143965,0.418523,9.987411,52.181709,30.084934,-0.026419,0.875146,0.012993,0.482962,5.691274,6.85184,42.956135,-0.034722,0.926459,0.038017,0.372859,-5.166701,0.66821,-14.655563,-0.026419,0.875146,0.012993,0.482962,18.033037,1.400614,35.410862
1002,8.35,-0.030675,0.914849,0.016052,0.402308,-0.391438,86.624733,14.124359,-0.117626,0.906122,0.146075,0.37917,-0.926782,94.360092,14.160715,-0.013851,0.923309,-0.005015,0.383774,-7.746429,113.931236,17.855833,0.104094,0.955499,0.077431,0.264935,-8.208092,135.170044,17.433165,-0.003263,0.993962,0.005833,0.109526,-4.905852,149.509048,18.807331,-0.103039,0.754463,0.121529,0.636709,-11.347824,129.534943,15.186778,-0.75619,0.083509,0.48569,-0.430474,-14.198574,129.522705,-1.544014,-0.661418,-0.58835,0.155442,0.438416,-2.755359,117.407738,-16.289125,0.218383,0.305043,-0.627487,-0.682288,5.119133,145.174576,-6.869155,-0.094576,0.927784,0.018827,0.360441,-6.056679,129.755753,20.504152,0.403886,0.91101,0.083028,-0.006593,6.201731,132.50386,31.915798,-0.213829,0.474416,0.476259,-0.708791,21.191927,116.153458,30.156136,-0.042429,0.299496,0.578797,-0.757295,18.831055,137.69577,18.652296,0.041819,0.924207,0.148905,0.349171,-6.768723,86.216133,7.154423,0.100651,0.964138,-0.022166,0.244572,-5.802191,51.732136,-3.871498,-0.034744,0.926464,0.037967,0.372849,-15.498715,5.420101,-4.178596,-0.105527,0.888748,-0.087674,0.437384,5.985848,87.033325,21.094296,-0.016435,0.896617,-0.144093,0.418383,10.001569,52.179993,30.081547,-0.026359,0.875149,0.013083,0.482957,5.690921,6.853178,42.958649,-0.034744,0.926464,0.037967,0.372849,-5.16718,0.671586,-14.651288,-0.026359,0.875149,0.013083,0.482957,18.032446,1.403345,35.411972
1003,8.358333,-0.030858,0.914821,0.01627,0.402349,-0.381439,86.621307,14.125332,-0.117647,0.906028,0.14625,0.379319,-0.920743,94.356384,14.163613,-0.013709,0.923238,-0.00492,0.383954,-7.745483,113.92807,17.8643,0.104092,0.955403,0.077652,0.265216,-8.203087,135.167084,17.447588,-0.002821,0.993917,0.005837,0.109944,-4.902563,149.505768,18.829262,-0.102953,0.754373,0.121429,0.636849,-11.342989,129.533203,15.198365,-0.756303,0.083951,0.485379,-0.430541,-14.188293,129.521881,-1.533356,-0.661478,-0.588513,0.155419,0.438114,-2.734918,117.396141,-16.261719,0.218526,0.305214,-0.627546,-0.682112,5.128333,145.168228,-6.847812,-0.094373,0.927707,0.018977,0.360684,-6.053852,129.751511,20.517841,0.403919,0.910951,0.083515,-0.00651,6.199911,132.490982,31.936554,-0.214163,0.474171,0.47657,-0.708645,21.188969,116.140129,30.171389,-0.043045,0.299183,0.580708,-0.75592,18.830629,137.700607,18.687561,0.04177,0.924127,0.149082,0.349312,-6.757887,86.211227,7.154718,0.100812,0.964132,-0.022308,0.244518,-5.78184,51.730736,-3.881334,-0.034656,0.926457,0.037945,0.372876,-15.496175,5.422372,-4.178758,-0.105536,0.888754,-0.087562,0.437391,5.99501,87.031387,21.095947,-0.016377,0.896559,-0.144199,0.418474,10.014831,52.176773,30.076378,-0.025709,0.875155,0.013294,0.482977,5.693748,6.852672,42.959518,-0.034656,0.926457,0.037945,0.372876,-5.164984,0.672263,-14.651062,-0.025709,0.875155,0.013294,0.482977,18.030184,1.39882,35.407433
1004,8.366667,-0.030959,0.914799,0.016413,0.402387,-0.3728,86.615768,14.125739,-0.117657,0.905944,0.146488,0.379427,-0.914427,94.350677,14.16539,-0.013625,0.923185,-0.004779,0.384084,-7.744447,113.921822,17.874426,0.104051,0.955401,0.077425,0.265305,-8.200968,135.160995,17.464533,-0.002261,0.993902,0.006075,0.110078,-4.899799,149.500137,18.839842,-0.102798,0.754238,0.121472,0.637026,-11.340504,129.527985,15.212599,-0.756253,0.083618,0.485192,-0.430904,-14.179237,129.522781,-1.520239,-0.661593,-0.588712,0.155015,0.437817,-2.715302,117.404175,-16.246252,0.21877,0.305347,-0.62753,-0.681989,5.141362,145.174789,-6.822509,-0.09418,0.927627,0.018933,0.360942,-6.052829,129.744324,20.533611,0.404295,0.910751,0.083874,-0.006508,6.195845,132.477844,31.959204,-0.21447,0.474197,0.477117,-0.708166,21.171364,116.115425,30.186337,-0.043043,0.298733,0.580835,-0.756,18.840033,137.689728,18.726503,0.041792,0.923901,0.149485,0.349735,-6.748559,86.205048,7.154532,0.100931,0.96389,-0.022793,0.245377,-5.758522,51.733418,-3.907924,-0.034278,0.926504,0.037768,0.372812,-15.494437,5.429381,-4.172537,-0.105509,0.888876,-0.087551,0.437152,6.002959,87.026482,21.096947,-0.016172,0.896785,-0.144324,0.417954,10.023828,52.171303,30.074715,-0.026314,0.875166,0.013106,0.482928,5.687869,6.850001,42.962723,-0.034278,0.926504,0.037768,0.372812,-5.168988,0.67012,-14.646345,-0.026314,0.875166,0.013106,0.482928,18.028555,1.40007,35.414749
1005,8.375,-0.03098,0.91481,0.016472,0.402359,-0.367504,86.608826,14.125368,-0.117643,0.905873,0.146832,0.379465,-0.909784,94.343689,14.165741,-0.013545,0.92315,-0.004818,0.384172,-7.744497,113.910255,17.887405,0.104168,0.955306,0.077589,0.265556,-8.197203,135.149506,17.477247,-0.002025,0.993858,0.006052,0.110479,-4.893978,149.487549,18.859203,-0.102607,0.754094,0.121674,0.637189,-11.337296,129.517029,15.224754,-0.75659,0.084158,0.484975,-0.430451,-14.170321,129.522247,-1.509055,-0.661551,-0.588743,0.155038,0.437831,-2.701059,117.398155,-16.22641,0.218874,0.305564,-0.627382,-0.681995,5.15293,145.16925,-6.801877,-0.094149,0.927559,0.019045,0.361121,-6.050607,129.732483,20.546783,0.404811,0.910528,0.083803,-0.006584,6.193882,132.463303,31.977514,-0.214656,0.474119,0.477627,-0.707818,21.150789,116.084251,30.200958,-0.043031,0.298173,0.581705,-0.755553,18.839273,137.675659,18.759508,0.041606,0.923963,0.149659,0.349519,-6.743675,86.198189,7.154531,0.10106,0.963979,-0.022809,0.244974,-5.739317,51.729191,-3.914846,-0.034095,0.926591,0.037694,0.372621,-15.487329,5.427691,-4.176904,-0.105473,0.889066,-0.08754,0.436776,6.008667,87.01947,21.096207,-0.016061,0.896882,-0.144399,0.417724,10.031407,52.163601,30.070473,-0.026373,0.875184,0.013131,0.482893,5.686364,6.84399,42.961353,-0.034095,0.926591,0.037694,0.372621,-5.168195,0.664229,-14.655033,-0.026373,0.875184,0.013131,0.482893,18.027166,1.395519,35.41251
1006,8.383333,-0.031011,0.914788,0.016529,0.402402,-0.362258,86.60244,14.124033,-0.117323,0.905826,0.147144,0.379556,-0.90534,94.337242,14.165004,-0.01302,0.923142,-0.004757,0.384209,-7.734131,113.905945,17.903505,0.104388,0.955243,0.07776,0.265644,-8.167245,135.145813,17.50432,-0.002521,0.99385,0.005703,0.110562,-4.859201,149.482056,18.893187,-0.102733,0.754286,0.121808,0.636915,-11.312347,129.517395,15.248667,-0.756602,0.084,0.485255,-0.430145,-14.156323,129.520493,-1.483279,-0.661499,-0.588638,0.154955,0.438079,-2.697968,117.402908,-16.214481,0.21896,0.305705,-0.627228,-0.682046,5.165051,145.16806,-6.780001,-0.094352,0.92731,0.019413,0.361686,-6.025877,129.725235,20.571215,0.40522,0.910223,0.085135,-0.006561,6.203455,132.456772,32.017979,-0.214035,0.473546,0.478433,-0.707845,21.145638,116.066978,30.216908,-0.043145,0.297843,0.582242,-0.755263,18.845619,137.663849,18.790112,0.041409,0.923948,0.149987,0.349442,-6.737732,86.191727,7.152566,0.101229,0.964143,-0.022906,0.244248,-5.712674,51.728676,-3.933422,-0.03396,0.926625,0.037559,0.372561,-15.478352,5.430832,-4.183237,-0.105439,0.889159,-0.087504,0.436603,6.013217,87.013153,21.095499,-0.016027,0.896884,-0.144433,0.41771,10.036705,52.156303,30.065649,-0.026973,0.875213,0.012964,0.482811,5.687595,6.837544,42.958145,-0.03396,0.926625,0.037559,0.372561,-5.162322,0.662135,-14.662035,-0.026973,0.875213,0.012964,0.482811,18.032137,1.393441,35.412273
1007,8.391667,-0.031117,0.914797,0.016762,0.402365,-0.353523,86.597343,14.119959,-0.117385,0.905753,0.147464,0.379587,-0.89956,94.331917,14.163592,-0.012884,0.923122,-0.004637,0.384264,-7.736856,113.899467,17.913353,0.104334,0.955209,0.077794,0.265779,-8.166574,135.139526,17.521067,-0.002009,0.99382,0.005736,0.110838,-4.860269,149.476059,18.911093,-0.10268,0.754187,0.121779,0.637047,-11.312307,129.512344,15.263212,-0.756842,0.084004,0.485042,-0.429962,-14.150972,129.517075,-1.469642,-0.661458,-0.588669,0.154879,0.438126,-2.683453,117.406502,-16.199472,0.218773,0.305895,-0.626991,-0.682239,5.178806,145.169861,-6.759087,-0.094177,0.927279,0.019542,0.361803,-6.026413,129.717606,20.586433,0.405551,0.910041,0.085503,-0.006573,6.201149,132.441879,32.036827,-0.214316,0.473505,0.478865,-0.707495,21.131378,116.042114,30.227417,-0.043314,0.297724,0.582643,-0.754992,18.84964,137.652664,18.820906,0.041228,0.923944,0.150318,0.349331,-6.729434,86.186546,7.148893,0.101426,0.964187,-0.023138,0.243969,-5.685061,51.729618,-3.954294,-0.033806,0.926665,0.03736,0.372496,-15.473962,5.436582,-4.184763,-0.105385,0.889134,-0.087521,0.436663,6.022388,87.008133,21.091024,-0.01601,0.896838,-0.144503,0.417786,10.041277,52.150684,30.060863,-0.026667,0.875178,0.013075,0.482889,5.686884,6.833765,42.958057,-0.033806,0.926665,0.03736,0.372496,-5.161528,0.660702,-14.663834,-0.026667,0.875178,0.013075,0.482889,18.030272,1.388114,35.411407
1008,8.4,-0.031276,0.914793,0.017035,0.402351,-0.344195,86.594139,14.115271,-0.117412,0.905687,0.147773,0.379617,-0.894181,94.32843,14.161793,-0.012873,0.923102,-0.004434,0.384315,-7.737976,113.893715,17.922695,0.104424,0.955134,0.077882,0.265989,-8.170535,135.133865,17.538528,-0.001617,0.993776,0.005705,0.111242,-4.862377,149.469589,18.932648,-0.10263,0.753999,0.121894,0.637255,-11.315267,129.507126,15.278181,-0.756902,0.084026,0.484797,-0.430129,-14.145263,129.51712,-1.456136,-0.661506,-0.588739,0.154792,0.437991,-2.667334,117.406654,-16.177948,0.218534,0.305941,-0.626822,-0.68245,5.191558,145.170929,-6.737432,-0.093969,0.927266,0.019685,0.361885,-6.029959,129.71106,20.602032,0.405744,0.909813,0.087042,-0.006057,6.196934,132.42691,32.055138,-0.214216,0.473162,0.479544,-0.707295,21.120481,116.021896,30.238174,-0.043017,0.297728,0.582472,-0.755138,18.855131,137.641846,18.854868,0.041158,0.923984,0.150538,0.349138,-6.720134,86.182678,7.144274,0.101543,0.96407,-0.023445,0.244355,-5.66773,51.730122,-3.971717,-0.033717,0.926682,0.037301,0.372469,-15.474084,5.440664,-4.18082,-0.105366,0.889122,-0.087579,0.436681,6.031744,87.0056,21.086267,-0.015972,0.896846,-0.14461,0.417732,10.047403,52.148605,30.059338,-0.026545,0.875222,0.013265,0.482811,5.686313,6.834495,42.964142,-0.033717,0.926682,0.037301,0.372469,-5.163338,0.662164,-14.660354,-0.026545,0.875222,0.013265,0.482811,18.028065,1.391815,35.412682
1009,8.408333,-0.031451,0.91479,0.017334,0.40233,-0.333254,86.591843,14.109347,-0.11741,0.905607,0.14806,0.379697,-0.887583,94.32579,14.159027,-0.012789,0.92306,-0.004228,0.384421,-7.736804,113.889778,17.930464,0.105047,0.954974,0.078187,0.266227,-8.169407,135.130096,17.555704,-0.001664,0.993747,0.005473,0.111508,-4.84621,149.460922,18.96426,-0.102668,0.753947,0.12201,0.637288,-11.313598,129.504364,15.292133,-0.75716,0.084138,0.48459,-0.429887,-14.141912,129.516205,-1.44247,-0.661468,-0.588693,0.154773,0.438116,-2.655864,117.41021,-16.161629,0.218201,0.306007,-0.626633,-0.6827,5.206685,145.171997,-6.716786,-0.093738,0.927186,0.019895,0.362138,-6.029485,129.705933,20.617264,0.405809,0.909729,0.087615,-0.005951,6.192658,132.411499,32.077869,-0.214437,0.473196,0.479839,-0.707005,21.113916,116.005096,30.254627,-0.043133,0.297662,0.582384,-0.755226,18.864229,137.632233,18.886103,0.041071,0.92399,0.150746,0.349043,-6.709307,86.179611,7.138496,0.101691,0.964075,-0.023652,0.244253,-5.646868,51.731079,-3.989009,-0.033575,0.926688,0.037234,0.372472,-15.471347,5.445394,-4.18174,-0.105326,0.889097,-0.087677,0.436721,6.042798,87.004066,21.080198,-0.015801,0.897161,-0.144748,0.417014,10.052315,52.147697,30.058447,-0.026988,0.875264,0.013135,0.482713,5.681509,6.836876,42.971497,-0.033575,0.926688,0.037234,0.372472,-5.16216,0.663462,-14.661243,-0.026988,0.875264,0.013135,0.482713,18.025341,1.397219,35.421257
1010,8.416667,-0.031513,0.914769,0.017533,0.402364,-0.326694,86.587669,14.101929,-0.117428,0.905522,0.148399,0.379762,-0.883149,94.321457,14.154024,-0.012575,0.923043,-0.003954,0.38447,-7.738801,113.881958,17.937431,0.105052,0.954945,0.078118,0.266348,-8.16746,135.122604,17.576878,-0.001346,0.993717,0.005472,0.111778,-4.843568,149.4534,18.984062,-0.102752,0.75375,0.122188,0.637474,-11.312466,129.498962,15.309228,-0.757347,0.084169,0.484604,-0.429535,-14.132142,129.513977,-1.426829,-0.661342,-0.588613,0.154799,0.438404,-2.646934,117.413544,-16.151215,0.217866,0.306053,-0.626476,-0.68293,5.220817,145.171021,-6.698032,-0.093459,0.927161,0.01986,0.362276,-6.028835,129.695984,20.635006,0.405876,0.90965,0.088125,-0.005956,6.191679,132.393066,32.099354,-0.214486,0.473036,0.480117,-0.70691,21.110527,115.98555,30.266453,-0.043301,0.297558,0.582752,-0.754973,18.86644,137.619797,18.909595,0.040941,0.924026,0.15089,0.348902,-6.702147,86.175903,7.130501,0.1018,0.963951,-0.023926,0.24467,-5.629063,51.72974,-4.003292,-0.033667,0.92671,0.037147,0.372419,-15.46956,5.447393,-4.177805,-0.105374,0.889004,-0.087709,0.436893,6.048759,86.999428,21.073357,-0.015757,0.897174,-0.144825,0.41696,10.058583,52.144207,30.055916,-0.026333,0.875238,0.013433,0.482788,5.68182,6.835336,42.973804,-0.033667,0.92671,0.037147,0.372419,-5.160929,0.664092,-14.657232,-0.026333,0.875238,0.013433,0.482788,18.0219,1.393817,35.41877
1011,8.425,-0.031486,0.914747,0.017578,0.402415,-0.323102,86.581459,14.095757,-0.117492,0.905456,0.148755,0.37976,-0.87946,94.315247,14.148625,-0.012376,0.923057,-0.003811,0.384445,-7.744452,113.87513,17.945045,0.105527,0.95487,0.078214,0.266403,-8.16764,135.116028,17.593374,-0.001219,0.993709,0.005383,0.11186,-4.831257,149.443283,19.007107,-0.102474,0.753763,0.122271,0.637487,-11.314229,129.494141,15.323563,-0.757485,0.08435,0.48442,-0.429463,-14.135263,129.518082,-1.41225,-0.661452,-0.58851,0.154686,0.438417,-2.643488,117.416092,-16.130234,0.217771,0.305809,-0.62644,-0.683103,5.233741,145.170441,-6.675817,-0.093368,0.92714,0.020022,0.362344,-6.030242,129.687592,20.649117,0.406167,0.909512,0.088213,-0.005939,6.189174,132.3797,32.115795,-0.214535,0.473005,0.480402,-0.706721,21.097506,115.962852,30.280876,-0.04332,0.297415,0.583201,-0.754682,18.86545,137.603683,18.933538,0.040728,0.924042,0.151173,0.348762,-6.697814,86.170532,7.123607,0.101929,0.964028,-0.024086,0.244294,-5.604888,51.729286,-4.023496,-0.033191,0.926766,0.037126,0.372323,-15.460718,5.45015,-4.182578,-0.105364,0.889023,-0.087706,0.436858,6.05161,86.992386,21.067909,-0.015775,0.897119,-0.144871,0.417063,10.061261,52.136959,30.049765,-0.026845,0.875323,0.01337,0.482607,5.68267,6.82942,42.971703,-0.033191,0.926766,0.037126,0.372323,-5.159018,0.660855,-14.666075,-0.026845,0.875323,0.01337,0.482607,18.024418,1.393567,35.415321
1012,8.433333,-0.031463,0.914724,0.017687,0.402463,-0.319554,86.575516,14.087151,-0.117504,0.905382,0.149206,0.379756,-0.876263,94.309265,14.141677,-0.01221,0.923067,-0.003676,0.384429,-7.749984,113.867447,17.955471,0.105617,0.954855,0.078166,0.266434,-8.1689,135.108566,17.611801,-0.000844,0.993696,0.005431,0.111976,-4.829649,149.435211,19.024992,-0.102337,0.753671,0.122326,0.637607,-11.316717,129.488174,15.340003,-0.757534,0.084332,0.484361,-0.429448,-14.133517,129.517609,-1.396522,-0.661538,-0.588423,0.15452,0.438462,-2.639051,117.417503,-16.11396,0.217678,0.305651,-0.62638,-0.683258,5.247489,145.167465,-6.654418,-0.093178,0.927101,0.020073,0.362488,-6.032471,129.678543,20.665415,0.406574,0.909332,0.088183,-0.006142,6.184605,132.363815,32.136196,-0.214636,0.473027,0.480776,-0.706422,21.078114,115.934547,30.292065,-0.043342,0.29727,0.583498,-0.754508,18.864614,137.584457,18.956865,0.040548,0.924057,0.151365,0.348659,-6.693557,86.165848,7.114273,0.102017,0.964036,-0.024272,0.24421,-5.584922,51.72776,-4.041019,-0.033004,0.926842,0.037031,0.372162,-15.452999,5.451179,-4.184365,-0.105384,0.889053,-0.087764,0.43678,6.054449,86.985184,21.060028,-0.01574,0.897164,-0.144873,0.416966,10.064228,52.130795,30.045843,-0.026353,0.875299,0.013633,0.482671,5.684017,6.823203,42.967056,-0.033004,0.926842,0.037031,0.372162,-5.157067,0.657091,-14.671347,-0.026353,0.875299,0.013633,0.482671,18.023273,1.38694,35.406891
1013,8.441667,-0.031536,0.914681,0.017886,0.402548,-0.311629,86.569901,14.077321,-0.117572,0.905312,0.149623,0.379736,-0.870618,94.303474,14.134167,-0.012053,0.92309,-0.003553,0.38438,-7.754277,113.859032,17.963097,0.105829,0.954791,0.0783,0.266541,-8.16904,135.100357,17.626854,-0.000645,0.993666,0.005414,0.112245,-4.824907,149.425278,19.045921,-0.102074,0.753598,0.122382,0.637726,-11.318213,129.481369,15.353446,-0.757615,0.084404,0.48423,-0.429439,-14.131716,129.519485,-1.383618,-0.661647,-0.588386,0.154327,0.438415,-2.632138,117.419342,-16.097034,0.217673,0.305588,-0.626292,-0.683369,5.260695,145.166138,-6.633435,-0.093157,0.927058,0.020233,0.362595,-6.03335,129.668854,20.678347,0.406835,0.909211,0.088212,-0.006205,6.181228,132.351273,32.152458,-0.214729,0.473066,0.48101,-0.706207,21.065241,115.913857,30.304235,-0.043461,0.297082,0.583598,-0.754498,18.864729,137.568878,18.977636,0.040462,0.924044,0.151502,0.348645,-6.684257,86.160545,7.103168,0.10215,0.964152,-0.024399,0.243684,-5.566491,51.72496,-4.05893,-0.033039,0.926858,0.036884,0.372131,-15.449495,5.451515,-4.188426,-0.105372,0.889053,-0.087844,0.436766,6.060999,86.979256,21.051474,-0.015716,0.897129,-0.144885,0.417039,10.06759,52.125717,30.042019,-0.026949,0.875237,0.013393,0.482757,5.683767,6.818384,42.96291,-0.033039,0.926858,0.036884,0.372131,-5.15437,0.653814,-14.674547,-0.026949,0.875237,0.013393,0.482757,18.029257,1.384678,35.411091
1014,8.45,-0.031535,0.91464,0.018156,0.402629,-0.306208,86.56752,14.065878,-0.117553,0.905236,0.149973,0.379786,-0.866863,94.300941,14.126499,-0.011637,0.923102,-0.003186,0.384366,-7.756434,113.855255,17.968964,0.106026,0.954738,0.078395,0.266622,-8.160907,135.097092,17.653885,-0.000764,0.993645,0.00516,0.112443,-4.811993,149.420456,19.077509,-0.10205,0.753599,0.122537,0.637699,-11.312899,129.481903,15.375016,-0.757686,0.084315,0.484487,-0.42904,-14.127736,129.523895,-1.361813,-0.661663,-0.588173,0.154142,0.438743,-2.63859,117.430161,-16.088638,0.217658,0.305635,-0.6262,-0.683437,5.272953,145.167084,-6.611721,-0.093096,0.926994,0.020334,0.36277,-6.027728,129.66153,20.699883,0.406804,0.90915,0.088994,-0.00614,6.18293,132.340469,32.178974,-0.214475,0.472632,0.481322,-0.706363,21.06813,115.905418,30.319393,-0.043317,0.296904,0.583863,-0.754371,18.862524,137.561325,19.003136,0.040385,0.924039,0.151575,0.348634,-6.677601,86.160294,7.090475,0.102224,0.964103,-0.024622,0.243821,-5.552965,51.725853,-4.074482,-0.032892,0.926872,0.036877,0.37211,-15.447762,5.454889,-4.186735,-0.105422,0.889095,-0.087905,0.436657,6.065186,86.974754,21.041281,-0.015669,0.897143,-0.145026,0.41696,10.074082,52.122761,30.036772,-0.027163,0.875254,0.013209,0.482719,5.681842,6.819165,42.967892,-0.032892,0.926872,0.036877,0.37211,-5.154596,0.655309,-14.673922,-0.027163,0.875254,0.013209,0.482719,18.027895,1.383894,35.418118
1015,8.458333,-0.031644,0.91459,0.018516,0.402716,-0.296526,86.565109,14.053459,-0.11748,0.905158,0.15032,0.379857,-0.860977,94.29821,14.118448,-0.011674,0.923076,-0.002895,0.384429,-7.754655,113.852524,17.975201,0.106131,0.954676,0.078579,0.266751,-8.1653,135.094406,17.670914,-0.000407,0.993619,0.005135,0.112669,-4.814881,149.416748,19.101133,-0.101951,0.753499,0.122716,0.637799,-11.315357,129.479462,15.388772,-0.757845,0.084421,0.484501,-0.428721,-14.12656,129.528625,-1.348646,-0.661677,-0.588105,0.153941,0.438884,-2.638826,117.437317,-16.078564,0.217656,0.305763,-0.626042,-0.683525,5.281333,145.167969,-6.590485,-0.09292,0.92699,0.020456,0.362819,-6.030922,129.657898,20.714409,0.406997,0.909035,0.089284,-0.006135,6.17965,132.329742,32.195248,-0.214669,0.472607,0.481549,-0.706166,21.057829,115.889,30.329853,-0.043631,0.296786,0.583919,-0.754356,18.861679,137.553802,19.025242,0.040404,0.923978,0.151668,0.348754,-6.666461,86.158791,7.076671,0.102327,0.96401,-0.024946,0.244116,-5.539224,51.726509,-4.094674,-0.032908,0.926884,0.03679,0.372088,-15.450621,5.459046,-4.182825,-0.10543,0.889094,-0.087996,0.436639,6.073409,86.971428,21.030247,-0.015644,0.897137,-0.145159,0.416928,10.080022,52.120708,30.031693,-0.026609,0.875282,0.013581,0.48269,5.680894,6.820676,42.972946,-0.032908,0.926884,0.03679,0.372088,-5.158075,0.657294,-14.669621,-0.026609,0.875282,0.013581,0.48269,18.022766,1.386801,35.415344
1016,8.466667,-0.031711,0.914561,0.018783,0.402764,-0.287902,86.564293,14.0421,-0.117575,0.90501,0.150651,0.380049,-0.854977,94.29718,14.110431,-0.011378,0.922998,-0.002554,0.384628,-7.758443,113.847412,17.976616,0.105849,0.954683,0.078608,0.266829,-8.162967,135.089661,17.690462,8.2e-05,0.993608,0.005249,0.112764,-4.820617,149.413986,19.11973,-0.101832,0.753488,0.122851,0.637804,-11.313646,129.47757,15.402156,-0.757948,0.084481,0.484558,-0.428463,-14.125421,129.532761,-1.335147,-0.661653,-0.588025,0.153805,0.439073,-2.640589,117.443512,-16.069021,0.217377,0.305921,-0.62572,-0.683838,5.287764,145.168289,-6.570637,-0.09287,0.926988,0.020628,0.362827,-6.031406,129.649933,20.730169,0.406878,0.909039,0.089792,-0.005974,6.179288,132.3181,32.211731,-0.214697,0.47246,0.48158,-0.706235,21.061869,115.881584,30.344164,-0.043906,0.296703,0.583829,-0.754443,18.860571,137.545685,19.045322,0.040388,0.924,0.151733,0.348669,-6.657026,86.15889,7.064517,0.102396,0.964,-0.025139,0.244104,-5.528034,51.727951,-4.110781,-0.032911,0.926875,0.036762,0.372114,-15.450108,5.462751,-4.182814,-0.1054,0.889102,-0.088083,0.436611,6.081222,86.969704,21.019684,-0.015658,0.897107,-0.145257,0.416958,10.083456,52.119637,30.025589,-0.027078,0.875314,0.013467,0.482608,5.681129,6.822336,42.975338,-0.032911,0.926875,0.036762,0.372114,-5.157026,0.660269,-14.668754,-0.027078,0.875314,0.013467,0.482608,18.025698,1.392268,35.419395
1017,8.475,-0.031692,0.914535,0.018959,0.402817,-0.282234,86.562096,14.030033,-0.117591,0.904934,0.151045,0.380069,-0.850141,94.294899,14.100939,-0.011301,0.922991,-0.002444,0.384648,-7.761224,113.842522,17.981869,0.105848,0.954655,0.078751,0.266885,-8.164556,135.084869,17.701284,0.000463,0.993591,0.005381,0.112903,-4.823315,149.409027,19.134844,-0.101791,0.753413,0.123093,0.637853,-11.315454,129.473557,15.411377,-0.758109,0.084561,0.48451,-0.428218,-14.125406,129.535477,-1.326208,-0.66159,-0.588012,0.153683,0.439229,-2.639105,117.449142,-16.061327,0.217141,0.305998,-0.625478,-0.6841,5.292457,145.169312,-6.552216,-0.092798,0.92698,0.020861,0.362851,-6.033418,129.644226,20.739647,0.406848,0.909009,0.090248,-0.005719,6.177134,132.307205,32.222565,-0.214647,0.47233,0.481656,-0.706285,21.060934,115.871552,30.357174,-0.044087,0.296529,0.583802,-0.754521,18.857367,137.535889,19.061863,0.04036,0.924013,0.151823,0.348599,-6.650586,86.158386,7.051648,0.102439,0.964053,-0.025285,0.243863,-5.518303,51.729248,-4.128885,-0.032827,0.926904,0.036616,0.372063,-15.447601,5.465579,-4.186184,-0.105376,0.88912,-0.088129,0.436571,6.086118,86.965813,21.008419,-0.01566,0.897107,-0.145341,0.41693,10.085736,52.115959,30.016333,-0.027082,0.875306,0.013459,0.482622,5.680682,6.820974,42.97324,-0.032827,0.926904,0.036616,0.372063,-5.156978,0.658154,-14.672268,-0.027082,0.875306,0.013459,0.482622,18.025486,1.390759,35.417789
1018,8.483333,-0.031622,0.914522,0.019083,0.402847,-0.279867,86.557076,14.018616,-0.117411,0.904899,0.151335,0.380091,-0.847552,94.289879,14.091702,-0.010932,0.92301,-0.002318,0.384613,-7.757277,113.838127,17.98674,0.105889,0.954601,0.079102,0.26696,-8.148193,135.080856,17.717127,0.000235,0.99357,0.005253,0.113096,-4.808548,149.404312,19.161285,-0.101761,0.753611,0.123301,0.637583,-11.30256,129.472549,15.424582,-0.758124,0.084444,0.484715,-0.427983,-14.124398,129.537933,-1.310989,-0.661505,-0.587876,0.153638,0.439554,-2.646048,117.45665,-16.056433,0.216717,0.306076,-0.625334,-0.684331,5.296079,145.170166,-6.536746,-0.092865,0.926857,0.021266,0.363126,-6.02,129.63739,20.752518,0.40711,0.908869,0.090455,-0.006098,6.183349,132.29689,32.243896,-0.21445,0.471938,0.481943,-0.706412,21.057484,115.854774,30.358393,-0.044628,0.296203,0.584602,-0.753998,18.849121,137.524826,19.071289,0.040266,0.924059,0.151948,0.348433,-6.647838,86.155548,7.039757,0.102481,0.964091,-0.025428,0.243679,-5.508048,51.728619,-4.146796,-0.032854,0.926945,0.036431,0.371977,-15.444371,5.46644,-4.190092,-0.105341,0.889191,-0.08817,0.436427,6.088104,86.958603,20.997475,-0.01571,0.897059,-0.145389,0.417014,10.085588,52.10873,30.006248,-0.026711,0.87528,0.013626,0.482687,5.681665,6.815213,42.968674,-0.032854,0.926945,0.036431,0.371977,-5.155984,0.654244,-14.676184,-0.026711,0.87528,0.013626,0.482687,18.024721,1.383915,35.411144
1019,8.491667,-0.031488,0.914488,0.019224,0.402928,-0.280635,86.554321,14.005319,-0.117271,0.904844,0.151702,0.38012,-0.847315,94.28717,14.081192,-0.01102,0.923003,-0.002026,0.38463,-7.756697,113.829895,17.991552,0.105827,0.954588,0.079226,0.266995,-8.155808,135.072601,17.731962,0.000741,0.993556,0.005289,0.113217,-4.818846,149.396362,19.17935,-0.101508,0.753511,0.123329,0.637736,-11.30794,129.464172,15.436673,-0.75814,0.084283,0.48486,-0.427822,-14.124907,129.537613,-1.299687,-0.661371,-0.587855,0.153534,0.439821,-2.651583,117.462448,-16.054052,0.216426,0.306023,-0.625226,-0.684545,5.294009,145.170013,-6.519944,-0.092953,0.926889,0.021589,0.363001,-6.025605,129.628525,20.764845,0.407247,0.908802,0.0905,-0.006174,6.180262,132.287033,32.253777,-0.214518,0.471874,0.482093,-0.706331,21.049368,115.840889,30.363863,-0.044748,0.295911,0.584607,-0.754102,18.845181,137.514832,19.084177,0.040199,0.924067,0.151993,0.348401,-6.647532,86.156235,7.025284,0.102471,0.964077,-0.025573,0.243725,-5.502509,51.729893,-4.162563,-0.032643,0.926973,0.036336,0.371935,-15.441248,5.46822,-4.192835,-0.105408,0.889206,-0.088206,0.436374,6.086262,86.952415,20.985353,-0.015647,0.897169,-0.145455,0.416757,10.087402,52.104042,29.998297,-0.026757,0.875232,0.013591,0.482771,5.679228,6.812164,42.964981,-0.032643,0.926973,0.036336,0.371935,-5.15621,0.651042,-14.679922,-0.026757,0.875232,0.013591,0.482771,18.024027,1.380695,35.410427
1020,8.5,-0.031485,0.914483,0.019461,0.402928,-0.276525,86.551048,13.991841,-0.117075,0.90481,0.151943,0.380164,-0.844639,94.283752,14.071104,-0.010858,0.922995,-0.001864,0.384655,-7.751008,113.82679,17.993666,0.105851,0.95454,0.079421,0.267099,-8.146441,135.069656,17.743044,0.000698,0.993529,0.005405,0.113449,-4.810305,149.39299,19.196596,-0.101422,0.753693,0.123493,0.637503,-11.299428,129.462753,15.44523,-0.758302,0.084319,0.48491,-0.427469,-14.127059,129.540329,-1.289307,-0.661203,-0.587804,0.153535,0.440141,-2.656204,117.469963,-16.049507,0.216064,0.306068,-0.625279,-0.684592,5.292996,145.172531,-6.503867,-0.092839,0.926803,0.021929,0.363231,-6.017324,129.623932,20.773724,0.407333,0.908876,0.089308,-0.006932,6.183589,132.274216,32.26981,-0.215064,0.47197,0.481973,-0.706182,21.049143,115.825928,30.37047,-0.044621,0.295549,0.584688,-0.754188,18.84325,137.510864,19.099981,0.040172,0.924095,0.152054,0.348302,-6.64343,86.154823,7.011711,0.102482,0.964032,-0.025774,0.243877,-5.496216,51.729668,-4.179538,-0.032555,0.926985,0.036352,0.371912,-15.440567,5.469194,-4.19332,-0.105407,0.889222,-0.088258,0.43633,6.09038,86.947266,20.971972,-0.01571,0.897047,-0.14555,0.416984,10.090216,52.099537,29.988003,-0.026521,0.875292,0.01395,0.482666,5.680352,6.810462,42.963909,-0.032555,0.926985,0.036352,0.371912,-5.156884,0.651442,-14.681467,-0.026521,0.875292,0.01395,0.482666,18.022772,1.384589,35.401459
1021,8.508333,-0.031502,0.914483,0.01983,0.402908,-0.270826,86.550507,13.976388,-0.116928,0.904767,0.152207,0.380206,-0.841483,94.282974,14.060781,-0.010919,0.922973,-0.001639,0.384706,-7.746168,113.822975,17.995068,0.105712,0.954496,0.079628,0.267249,-8.147662,135.065811,17.752283,0.001006,0.993489,0.005581,0.113787,-4.816969,149.389847,19.211344,-0.101273,0.753729,0.123714,0.637442,-11.298795,129.458862,15.452049,-0.758322,0.084318,0.484864,-0.427488,-14.130114,129.544662,-1.281825,-0.661148,-0.587889,0.153424,0.440148,-2.657245,117.474747,-16.040834,0.215853,0.306224,-0.625304,-0.684565,5.28791,145.175903,-6.4877,-0.092764,0.926772,0.022233,0.363309,-6.017311,129.619583,20.781174,0.407027,0.908976,0.089702,-0.006776,6.182148,132.263596,32.280251,-0.215069,0.471776,0.481899,-0.706361,21.058889,115.825378,30.381289,-0.044685,0.295296,0.584582,-0.754366,18.840626,137.509216,19.113153,0.04014,0.924086,0.152103,0.348309,-6.638013,86.156784,6.996371,0.10255,0.96391,-0.026086,0.244297,-5.487314,51.732529,-4.197285,-0.032607,0.926973,0.036231,0.371947,-15.444935,5.47491,-4.188616,-0.105445,0.889123,-0.08837,0.436501,6.096361,86.944221,20.956404,-0.015703,0.897073,-0.145668,0.416886,10.093238,52.098499,29.981482,-0.026706,0.875214,0.013757,0.482803,5.679447,6.812647,42.967289,-0.032607,0.926973,0.036231,0.371947,-5.160316,0.654498,-14.674629,-0.026706,0.875214,0.013757,0.482803,18.025116,1.384649,35.411663
1022,8.516667,-0.031557,0.914494,0.020227,0.40286,-0.26313,86.55217,13.960835,-0.116931,0.904717,0.152443,0.380232,-0.837034,94.284332,14.050539,-0.010851,0.922967,-0.001286,0.384725,-7.744799,113.819183,17.992903,0.105292,0.954502,0.079763,0.267352,-8.149369,135.062134,17.765053,0.00154,0.993446,0.005745,0.114147,-4.831403,149.389008,19.225225,-0.10126,0.75362,0.124024,0.637512,-11.299616,129.456345,15.460774,-0.758407,0.084378,0.484976,-0.427197,-14.127998,129.549881,-1.273564,-0.660999,-0.587912,0.153349,0.440369,-2.660404,117.481743,-16.038136,0.21566,0.306415,-0.625313,-0.684532,5.284537,145.178482,-6.472096,-0.092724,0.926776,0.022499,0.363295,-6.018323,129.61409,20.790178,0.406799,0.909034,0.090149,-0.006724,6.18176,132.253586,32.289639,-0.215157,0.471515,0.481897,-0.70651,21.066803,115.823494,30.385567,-0.044869,0.295103,0.584623,-0.754398,18.8363,137.510483,19.12488,0.040133,0.924163,0.15211,0.348102,-6.630989,86.1605,6.981312,0.102561,0.963885,-0.026305,0.244365,-5.482184,51.736366,-4.212936,-0.032623,0.926978,0.03615,0.371943,-15.445772,5.480042,-4.185222,-0.105396,0.889077,-0.088482,0.436584,6.104728,86.943832,20.940359,-0.015776,0.897003,-0.145814,0.416982,10.094047,52.098804,29.971468,-0.027156,0.875285,0.013674,0.482652,5.679276,6.817222,42.971832,-0.032623,0.926978,0.03615,0.371943,-5.161358,0.657601,-14.670506,-0.027156,0.875285,0.013674,0.482652,18.026394,1.393495,35.415493
1023,8.525,-0.031479,0.914486,0.020505,0.402869,-0.260395,86.549332,13.945356,-0.116893,0.904671,0.15267,0.380261,-0.834924,94.281403,14.039482,-0.010801,0.922962,-0.00108,0.384738,-7.745307,113.815117,17.990984,0.10527,0.95443,0.080035,0.267539,-8.151312,135.058136,17.772036,0.001764,0.993394,0.005928,0.114585,-4.83606,149.384781,19.240583,-0.100977,0.753725,0.12417,0.637404,-11.301127,129.453094,15.465334,-0.758402,0.084283,0.484899,-0.427312,-14.13611,129.556213,-1.267831,-0.661069,-0.587971,0.153098,0.440271,-2.664491,117.49028,-16.031078,0.215633,0.30658,-0.625317,-0.684463,5.280904,145.184296,-6.457514,-0.092641,0.926764,0.022656,0.363337,-6.019964,129.608963,20.794926,0.406653,0.909072,0.090422,-0.006729,6.179594,132.243851,32.295998,-0.215232,0.471291,0.481931,-0.706613,21.069897,115.819046,30.387381,-0.045048,0.29477,0.584824,-0.754362,18.830597,137.509644,19.133947,0.040132,0.924106,0.1521,0.348257,-6.628204,86.161133,6.965593,0.102575,0.963869,-0.026508,0.244402,-5.477695,51.736771,-4.227766,-0.032636,0.926983,0.036154,0.371927,-15.447172,5.481723,-4.182246,-0.105438,0.889048,-0.088547,0.436618,6.107415,86.937523,20.925119,-0.015806,0.896961,-0.145938,0.41703,10.096923,52.09396,29.961815,-0.027372,0.875291,0.013692,0.482627,5.679078,6.815863,42.973282,-0.032636,0.926983,0.036154,0.371927,-5.162972,0.659511,-14.667845,-0.027372,0.875291,0.013692,0.482627,18.028004,1.395673,35.417362
1024,8.533333,-0.031395,0.914511,0.020763,0.402807,-0.259714,86.545822,13.929847,-0.116924,0.904612,0.152965,0.380272,-0.834665,94.277809,14.028189,-0.010625,0.922954,-0.001018,0.384762,-7.751653,113.810013,17.990538,0.10505,0.954399,0.08026,0.267666,-8.15174,135.053207,17.776865,0.002104,0.993354,0.006182,0.114916,-4.844356,149.381119,19.25069,-0.100777,0.753782,0.124296,0.637344,-11.303,129.4496,15.468611,-0.758543,0.084314,0.484793,-0.427177,-14.141935,129.560104,-1.263833,-0.661028,-0.588089,0.152904,0.440244,-2.665984,117.497543,-16.026472,0.215723,0.306803,-0.625209,-0.684433,5.274664,145.189346,-6.442572,-0.092626,0.926757,0.022921,0.363341,-6.022057,129.602676,20.798498,0.406653,0.909067,0.090464,-0.006777,6.177509,132.23378,32.300423,-0.215555,0.471357,0.481908,-0.706486,21.067774,115.809265,30.389082,-0.04536,0.294784,0.584586,-0.754523,18.830317,137.505524,19.143019,0.040153,0.924092,0.152083,0.3483,-6.628569,86.161003,6.950852,0.102499,0.963759,-0.026716,0.244844,-5.479399,51.736389,-4.241872,-0.032589,0.926994,0.036166,0.371904,-15.446828,5.480927,-4.180218,-0.105471,0.889002,-0.088609,0.436691,6.10914,86.930649,20.908842,-0.015849,0.896894,-0.146025,0.417141,10.09798,52.088398,29.950863,-0.027501,0.875253,0.01368,0.482689,5.678711,6.812847,42.970692,-0.032589,0.926994,0.036166,0.371904,-5.163562,0.658532,-14.66665,-0.027501,0.875253,0.01368,0.482689,18.029942,1.394264,35.417389
1025,8.541667,-0.031299,0.914527,0.021,0.402766,-0.26091,86.542542,13.913459,-0.116899,0.904598,0.153165,0.380235,-0.835978,94.27446,14.015789,-0.010517,0.922982,-0.000866,0.384699,-7.755033,113.804718,17.986313,0.105087,0.95433,0.080587,0.267799,-8.153379,135.048019,17.780418,0.002258,0.993307,0.006354,0.115304,-4.847507,149.375244,19.264393,-0.100644,0.753753,0.124493,0.637361,-11.30543,129.445526,15.470573,-0.758503,0.084233,0.484743,-0.42732,-14.144547,129.563873,-1.261781,-0.661032,-0.588287,0.15263,0.440068,-2.665818,117.502068,-16.022873,0.215944,0.306983,-0.625177,-0.684312,5.265746,145.193024,-6.428997,-0.092649,0.926739,0.023146,0.363366,-6.023726,129.596222,20.79977,0.406705,0.909053,0.090365,-0.006958,6.175072,132.225204,32.30299,-0.215845,0.471318,0.481924,-0.706413,21.063351,115.799545,30.385918,-0.045621,0.294679,0.584619,-0.754522,18.82469,137.502319,19.149155,0.040048,0.92411,0.152087,0.348262,-6.630498,86.161156,6.934949,0.102487,0.963761,-0.026835,0.244827,-5.474636,51.736023,-4.255476,-0.032524,0.927001,0.036109,0.371897,-15.44367,5.480912,-4.182548,-0.105526,0.888961,-0.088659,0.436752,6.108678,86.923927,20.891968,-0.015853,0.89691,-0.14609,0.417085,10.098793,52.083145,29.939091,-0.027152,0.875268,0.013958,0.482674,5.678119,6.809404,42.964733,-0.032524,0.927001,0.036109,0.371897,-5.161397,0.65622,-14.668889,-0.027152,0.875268,0.013958,0.482674,18.026978,1.392798,35.406147
1026,8.55,-0.031228,0.914563,0.021127,0.402683,-0.261945,86.541077,13.899924,-0.116842,0.904579,0.153349,0.380222,-0.836792,94.272987,14.004557,-0.010449,0.922989,-0.000658,0.384683,-7.756511,113.801529,17.983004,0.104972,0.954288,0.080728,0.267951,-8.155592,135.044891,17.786381,0.002482,0.993254,0.006647,0.115738,-4.853987,149.372711,19.274183,-0.100412,0.753835,0.124593,0.637281,-11.307542,129.443314,15.474216,-0.75865,0.084166,0.484667,-0.427157,-14.151719,129.569138,-1.257235,-0.66099,-0.588369,0.152485,0.440071,-2.669231,117.513969,-16.020828,0.215954,0.307348,-0.624898,-0.6844,5.259175,145.202881,-6.418399,-0.092607,0.926731,0.023311,0.363389,-6.025635,129.591858,20.803276,0.406614,0.909062,0.090681,-0.006985,6.172868,132.217438,32.307594,-0.216109,0.471278,0.481898,-0.706377,21.064419,115.795494,30.384075,-0.046048,0.294773,0.584384,-0.754642,18.822742,137.50119,19.15605,0.040021,0.924108,0.152052,0.348286,-6.632882,86.161842,6.922525,0.102432,0.963786,-0.026909,0.244746,-5.475861,51.735775,-4.264929,-0.032577,0.927021,0.036102,0.371843,-15.441653,5.479985,-4.183127,-0.105624,0.888991,-0.088643,0.436671,6.108993,86.920319,20.877323,-0.015953,0.896584,-0.14616,0.417756,10.106628,52.080833,29.926126,-0.027445,0.875191,0.013653,0.482806,5.681882,6.809336,42.958199,-0.032577,0.927021,0.036102,0.371843,-5.16008,0.655661,-14.670333,-0.027445,0.875191,0.013653,0.482806,18.034435,1.389321,35.408085
1027,8.558333,-0.031154,0.914586,0.02137,0.402622,-0.261456,86.542984,13.884828,-0.116817,0.904551,0.153498,0.380236,-0.836753,94.274803,13.993406,-0.010304,0.922995,-0.000436,0.384674,-7.759272,113.805618,17.978474,0.104946,0.954285,0.08073,0.267973,-8.156295,135.049133,17.792915,0.002704,0.993231,0.007073,0.115909,-4.85544,149.377121,19.280666,-0.100597,0.75385,0.124694,0.637214,-11.308845,129.449051,15.477914,-0.758685,0.084033,0.484641,-0.427152,-14.154657,129.571991,-1.253277,-0.660884,-0.588499,0.152395,0.440089,-2.670056,117.52179,-16.019279,0.215857,0.307568,-0.624941,-0.684293,5.250742,145.209854,-6.408176,-0.092449,0.926748,0.023591,0.363367,-6.026793,129.594315,20.806921,0.406505,0.909082,0.090964,-0.007069,6.173228,132.211548,32.311527,-0.216363,0.4711,0.48192,-0.706403,21.068678,115.794113,30.379911,-0.046296,0.294726,0.584379,-0.754648,18.819757,137.505478,19.163523,0.039935,0.924094,0.151979,0.348364,-6.63341,86.16684,6.90819,0.10249,0.963758,-0.027039,0.244817,-5.471576,51.738678,-4.272307,-0.032542,0.927002,0.036035,0.371901,-15.445602,5.484688,-4.180737,-0.105549,0.888817,-0.088528,0.437067,6.110497,86.919121,20.861465,-0.01619,0.896338,-0.146339,0.418212,10.103105,52.077007,29.902369,-0.027417,0.875176,0.013687,0.482834,5.684739,6.811193,42.95631,-0.032542,0.927002,0.036035,0.371901,-5.163303,0.658183,-14.666224,-0.027417,0.875176,0.013687,0.482834,18.037655,1.391646,35.406456
1028,8.566667,-0.031144,0.914617,0.021682,0.402537,-0.260035,86.546394,13.868919,-0.116744,0.904548,0.153698,0.380186,-0.837123,94.278023,13.982031,-0.010373,0.923012,-0.000276,0.38463,-7.759324,113.805916,17.97592,0.104983,0.954217,0.080772,0.268187,-8.161671,135.049362,17.795532,0.002847,0.99316,0.007509,0.116487,-4.860085,149.376938,19.285698,-0.100605,0.753865,0.124893,0.637156,-11.313048,129.449051,15.479487,-0.758836,0.083888,0.484586,-0.426975,-14.161309,129.575806,-1.251252,-0.660693,-0.588637,0.152313,0.440218,-2.673219,117.534843,-16.022066,0.215836,0.307622,-0.62499,-0.684231,5.239182,145.220673,-6.397621,-0.09236,0.926793,0.023792,0.363261,-6.030511,129.59436,20.808012,0.406269,0.909151,0.091324,-0.006989,6.172679,132.206558,32.310398,-0.216497,0.470838,0.481891,-0.706556,21.076698,115.797173,30.376451,-0.046573,0.294461,0.584777,-0.754427,18.814262,137.512009,19.168201,0.039899,0.924086,0.151925,0.348414,-6.633295,86.172745,6.893343,0.102487,0.963728,-0.027182,0.244922,-5.469819,51.743187,-4.282664,-0.032619,0.926996,0.035963,0.371915,-15.446875,5.489865,-4.179103,-0.105589,0.888856,-0.088606,0.436962,6.113225,86.920044,20.844496,-0.016193,0.896391,-0.146465,0.418053,10.106923,52.079559,29.891169,-0.027511,0.875193,0.013636,0.482798,5.686074,6.817225,42.956322,-0.032619,0.926996,0.035963,0.371915,-5.163733,0.662278,-14.66326,-0.027511,0.875193,0.013636,0.482798,18.039055,1.397715,35.406559
1029,8.575,-0.031028,0.914652,0.021937,0.402452,-0.259861,86.547318,13.852617,-0.116679,0.904529,0.1539,0.380169,-0.836879,94.278877,13.970126,-0.010372,0.923019,-1.8e-05,0.384614,-7.759983,113.805794,17.972937,0.104912,0.954174,0.080892,0.268332,-8.166533,135.049255,17.802698,0.003134,0.993107,0.007799,0.116906,-4.867859,149.377136,19.296366,-0.100469,0.753984,0.124953,0.637025,-11.316899,129.449432,15.48411,-0.75891,0.083697,0.484521,-0.426955,-14.171743,129.579987,-1.245482,-0.66058,-0.588701,0.152299,0.440308,-2.679423,117.546822,-16.019375,0.215468,0.307889,-0.625073,-0.68415,5.228692,145.231598,-6.388378,-0.092297,0.926842,0.023955,0.36314,-6.034172,129.593231,20.812485,0.406196,0.909123,0.091935,-0.006982,6.172404,132.201691,32.31213,-0.216616,0.470541,0.482113,-0.706566,21.079081,115.795944,30.367725,-0.046628,0.29425,0.584846,-0.754452,18.813633,137.516861,19.175461,0.039817,0.924037,0.151888,0.348569,-6.634547,86.177567,6.878135,0.102532,0.963552,-0.027444,0.245564,-5.464654,51.746716,-4.293223,-0.032588,0.926976,0.035949,0.371969,-15.451799,5.495617,-4.173429,-0.105616,0.888821,-0.0886,0.437026,6.114826,86.917068,20.827099,-0.016257,0.896303,-0.146663,0.41817,10.109743,52.076904,29.874506,-0.027611,0.875172,0.013648,0.48283,5.684711,6.82025,42.957939,-0.032588,0.926976,0.035949,0.371969,-5.16779,0.667347,-14.656425,-0.027611,0.875172,0.013648,0.48283,18.039299,1.40251,35.409523
1030,8.583333,-0.030921,0.914693,0.022041,0.402361,-0.261144,86.547783,13.839176,-0.116585,0.904552,0.154067,0.380074,-0.837284,94.279373,13.958886,-0.010389,0.923065,0.000144,0.384504,-7.758412,113.803314,17.969843,0.104647,0.954157,0.081148,0.268417,-8.168306,135.046753,17.80575,0.003472,0.993056,0.008088,0.117313,-4.878999,149.376205,19.305061,-0.100603,0.753918,0.125175,0.637039,-11.318365,129.447098,15.486331,-0.758931,0.083506,0.484585,-0.426881,-14.171714,129.579315,-1.243505,-0.660282,-0.588863,0.152342,0.440522,-2.680746,117.552933,-16.023966,0.215167,0.307854,-0.625151,-0.684189,5.214969,145.236725,-6.379989,-0.092379,0.926867,0.024154,0.363042,-6.034367,129.590195,20.813469,0.406217,0.909092,0.092137,-0.007063,6.174109,132.198914,32.311043,-0.216695,0.470334,0.482216,-0.706609,21.079996,115.793297,30.359627,-0.046881,0.294006,0.585094,-0.754339,18.809828,137.518677,19.176376,0.039835,0.924055,0.151772,0.348571,-6.637344,86.180611,6.865941,0.102437,0.963657,-0.0274,0.245198,-5.471588,51.747311,-4.298311,-0.032504,0.926969,0.035967,0.371993,-15.449182,5.494153,-4.176499,-0.105785,0.889087,-0.088776,0.436408,6.115057,86.914948,20.812412,-0.015999,0.896574,-0.146762,0.417564,10.121334,52.079655,29.873514,-0.027615,0.875128,0.013476,0.482916,5.679328,6.824979,42.958035,-0.032504,0.926969,0.035967,0.371993,-5.16543,0.665413,-14.659529,-0.027615,0.875128,0.013476,0.482916,18.034582,1.403016,35.413742
1031,8.591667,-0.030774,0.914726,0.022115,0.402294,-0.263856,86.547508,13.824754,-0.116543,0.90457,0.154306,0.379949,-0.838378,94.27919,13.946478,-0.010415,0.923126,0.00028,0.384357,-7.760484,113.799057,17.96767,0.104628,0.954132,0.081164,0.268509,-8.173634,135.04248,17.808535,0.003642,0.992999,0.008518,0.117755,-4.884974,149.371994,19.308558,-0.100498,0.753926,0.125264,0.637028,-11.323589,129.442871,15.488853,-0.759,0.08329,0.484586,-0.4268,-14.178128,129.57962,-1.240744,-0.660058,-0.588931,0.152446,0.440732,-2.685609,117.562012,-16.027124,0.214819,0.307848,-0.625325,-0.684143,5.203369,145.245224,-6.375903,-0.092416,0.926919,0.024286,0.362891,-6.03791,129.585571,20.814333,0.40634,0.909044,0.092054,-0.007338,6.174055,132.194107,32.308235,-0.216915,0.470249,0.482344,-0.706511,21.075317,115.785492,30.346703,-0.047156,0.293764,0.585379,-0.754196,18.80714,137.518814,19.174408,0.039802,0.924006,0.151715,0.34873,-6.641252,86.183388,6.852451,0.102381,0.963658,-0.02747,0.245206,-5.472906,51.748634,-4.307042,-0.032406,0.926978,0.035918,0.371984,-15.447039,5.494752,-4.17762,-0.105737,0.889074,-0.088761,0.43645,6.11354,86.911621,20.797056,-0.015955,0.896855,-0.146947,0.416896,10.116823,52.075394,29.855888,-0.027599,0.875063,0.013379,0.483036,5.673488,6.825727,42.957275,-0.032406,0.926978,0.035918,0.371984,-5.164627,0.663573,-14.660843,-0.027599,0.875063,0.013379,0.483036,18.030188,1.401171,35.417221
1032,8.6,-0.030641,0.914757,0.022236,0.402228,-0.264918,86.546089,13.810316,-0.116488,0.904579,0.154535,0.379851,-0.838302,94.277809,13.934628,-0.010468,0.923167,0.000352,0.384256,-7.761689,113.796082,17.966164,0.10434,0.954099,0.08134,0.268687,-8.178123,135.039444,17.809027,0.003892,0.992924,0.008922,0.118352,-4.898839,149.370743,19.312637,-0.100333,0.754052,0.125434,0.636871,-11.327734,129.439575,15.489535,-0.75891,0.0831,0.484465,-0.427134,-14.190163,129.583115,-1.238656,-0.660033,-0.589067,0.152427,0.440594,-2.691016,117.567337,-16.021385,0.214721,0.30772,-0.625405,-0.684158,5.18852,145.253311,-6.370444,-0.092473,0.926945,0.024388,0.362805,-6.040902,129.582596,20.813862,0.40641,0.909,0.092166,-0.007461,6.172832,132.191833,32.305729,-0.217057,0.470175,0.482472,-0.706429,21.071461,115.781693,30.336941,-0.047304,0.293624,0.585412,-0.754215,18.805969,137.519257,19.174168,0.039857,0.923953,0.151607,0.34891,-6.643475,86.185143,6.838912,0.102274,0.963643,-0.027539,0.245303,-5.479352,51.748341,-4.314718,-0.032469,0.927009,0.035883,0.371904,-15.445374,5.492732,-4.177505,-0.105703,0.889076,-0.088831,0.43644,6.113639,86.907036,20.781719,-0.016013,0.896843,-0.146994,0.416905,10.112612,52.071178,29.843912,-0.027704,0.875003,0.013373,0.483139,5.67227,6.822991,42.951424,-0.032469,0.927009,0.035883,0.371904,-5.164236,0.661289,-14.661853,-0.027704,0.875003,0.013373,0.483139,18.031742,1.399846,35.414902
1033,8.608333,-0.030448,0.914818,0.022311,0.402098,-0.267518,86.547318,13.794476,-0.116314,0.904653,0.154788,0.379625,-0.838606,94.279167,13.921128,-0.010717,0.923258,0.000341,0.384032,-7.758628,113.796783,17.966887,0.104381,0.954043,0.081593,0.268792,-8.184663,135.039932,17.805355,0.004072,0.992861,0.00932,0.118845,-4.906208,149.37056,19.316929,-0.100318,0.754108,0.125611,0.636772,-11.332879,129.438141,15.488595,-0.758897,0.082896,0.484361,-0.427315,-14.199691,129.585281,-1.23881,-0.65993,-0.589199,0.15244,0.440567,-2.694547,117.574516,-16.020939,0.214517,0.307696,-0.625468,-0.684175,5.17536,145.262207,-6.367051,-0.092354,0.926975,0.024587,0.362745,-6.043548,129.584686,20.810341,0.40649,0.908962,0.092168,-0.007688,6.172401,132.187866,32.30122,-0.217294,0.470049,0.482637,-0.706328,21.06797,115.7761,30.322903,-0.047335,0.293409,0.585609,-0.754144,18.804132,137.524292,19.172577,0.0398,0.923986,0.151499,0.348875,-6.648267,86.190186,6.824884,0.102224,0.963682,-0.027572,0.245167,-5.483604,51.750679,-4.320302,-0.032538,0.927001,0.035817,0.371924,-15.445861,5.494276,-4.177552,-0.105709,0.889027,-0.088915,0.436521,6.11323,86.904442,20.764069,-0.016084,0.896848,-0.14708,0.41686,10.108999,52.069759,29.832163,-0.027177,0.874969,0.013517,0.483226,5.671838,6.824189,42.949772,-0.032538,0.927001,0.035817,0.371924,-5.163794,0.661814,-14.660517,-0.027177,0.874969,0.013517,0.483226,18.028294,1.397129,35.411125
1034,8.616667,-0.030337,0.914888,0.022492,0.401937,-0.268355,86.549202,13.779497,-0.116272,0.90466,0.154988,0.379538,-0.838976,94.281036,13.90951,-0.010712,0.923292,0.000562,0.38395,-7.760141,113.796616,17.964081,0.10396,0.95407,0.081505,0.268887,-8.189615,135.039764,17.81134,0.004401,0.992798,0.009801,0.11932,-4.922174,149.373474,19.31764,-0.100311,0.754157,0.125726,0.636694,-11.337356,129.438416,15.492855,-0.758871,0.082642,0.484483,-0.427271,-14.207625,129.587738,-1.233943,-0.659792,-0.589207,0.152503,0.44074,-2.70587,117.584267,-16.02463,0.214223,0.307837,-0.625405,-0.684261,5.162245,145.27066,-6.365565,-0.092347,0.92703,0.024705,0.362598,-6.047077,129.583618,20.813698,0.406159,0.909071,0.092548,-0.007765,6.172539,132.18541,32.300999,-0.217355,0.469788,0.482643,-0.706478,21.080065,115.785553,30.314011,-0.04733,0.29313,0.585699,-0.754183,18.804924,137.532074,19.172836,0.039806,0.923976,0.151439,0.348926,-6.651677,86.195259,6.812095,0.102161,0.963623,-0.027717,0.245411,-5.48835,51.754467,-4.329279,-0.032513,0.926999,0.035826,0.371932,-15.448335,5.497617,-4.174296,-0.105685,0.888997,-0.089042,0.436563,6.114966,86.903137,20.746899,-0.016181,0.896783,-0.147191,0.416957,10.104686,52.069736,29.822571,-0.027469,0.875026,0.013657,0.483103,5.669984,6.827542,42.952644,-0.032513,0.926999,0.035826,0.371932,-5.166315,0.665118,-14.657298,-0.027469,0.875026,0.013657,0.483103,18.027916,1.408132,35.410908
1035,8.625,-0.030289,0.914937,0.022641,0.40182,-0.268372,86.552452,13.765767,-0.116208,0.904708,0.155137,0.379384,-0.839219,94.284233,13.898266,-0.010765,0.923365,0.000747,0.383771,-7.758501,113.795563,17.960039,0.10363,0.954103,0.081451,0.268914,-8.193086,135.038651,17.81378,0.0046,0.992741,0.010341,0.11974,-4.934422,149.374771,19.316145,-0.10028,0.754197,0.125912,0.636614,-11.340403,129.437241,15.494865,-0.758816,0.082435,0.48453,-0.427356,-14.21432,129.590881,-1.231264,-0.659706,-0.589249,0.1526,0.44078,-2.713066,117.591896,-16.025974,0.213961,0.308051,-0.625385,-0.684265,5.15027,145.279831,-6.367454,-0.092389,0.927078,0.024893,0.362451,-6.048072,129.582138,20.813673,0.406066,0.909052,0.093137,-0.007795,6.1749,132.183212,32.297562,-0.217321,0.469399,0.482851,-0.706606,21.085756,115.787781,30.299091,-0.047447,0.292787,0.585998,-0.754076,18.802364,137.54071,19.169342,0.039842,0.923976,0.151386,0.348946,-6.653526,86.200401,6.799951,0.102104,0.963494,-0.027926,0.245913,-5.493669,51.758659,-4.338853,-0.032566,0.926968,0.035791,0.372007,-15.453423,5.501816,-4.168707,-0.105678,0.889017,-0.089209,0.436488,6.116782,86.90451,20.731583,-0.016224,0.896814,-0.147246,0.416869,10.101418,52.073158,29.817347,-0.027577,0.874962,0.013426,0.483219,5.669459,6.832626,42.954071,-0.032566,0.926968,0.035791,0.372007,-5.169292,0.669036,-14.649506,-0.027577,0.874962,0.013426,0.483219,18.029324,1.409041,35.418507
1036,8.633333,-0.030221,0.914993,0.022726,0.401693,-0.270724,86.554207,13.75277,-0.116153,0.904747,0.155248,0.379261,-0.841115,94.285988,13.886988,-0.010843,0.923421,0.00096,0.383635,-7.759041,113.795235,17.954462,0.103503,0.954089,0.081601,0.268965,-8.20018,135.038239,17.815369,0.004773,0.992694,0.010672,0.120094,-4.946218,149.375061,19.321241,-0.100216,0.754284,0.126013,0.636501,-11.346472,129.43663,15.495537,-0.758895,0.082277,0.484587,-0.427181,-14.225706,129.593323,-1.229647,-0.659549,-0.589251,0.152714,0.440973,-2.725779,117.602066,-16.031654,0.213903,0.30801,-0.625517,-0.684182,5.135328,145.289307,-6.369304,-0.092345,0.927124,0.025028,0.362334,-6.052602,129.581375,20.812817,0.405947,0.90909,0.093263,-0.008027,6.173502,132.179672,32.293999,-0.217504,0.469257,0.482944,-0.70658,21.088495,115.789368,30.284342,-0.047522,0.292513,0.586183,-0.754034,18.803017,137.547684,19.165464,0.03984,0.924025,0.151324,0.348844,-6.657888,86.203903,6.788711,0.102026,0.963494,-0.027987,0.245942,-5.500702,51.760792,-4.346119,-0.032518,0.926939,0.035831,0.37208,-15.454791,5.502754,-4.16887,-0.105637,0.889055,-0.08933,0.436397,6.116439,86.90451,20.716831,-0.016322,0.896797,-0.14729,0.416886,10.095464,52.074081,29.808596,-0.027638,0.874967,0.013377,0.483209,5.669796,6.835073,42.952671,-0.032518,0.926939,0.035831,0.37208,-5.169394,0.670549,-14.648687,-0.027638,0.874967,0.013377,0.483209,18.029839,1.411116,35.417671
1037,8.641667,-0.030114,0.915045,0.022698,0.401584,-0.273362,86.554024,13.739392,-0.116116,0.904771,0.155433,0.379139,-0.842053,94.285927,13.873945,-0.010788,0.923478,0.001087,0.383499,-7.760996,113.793457,17.949902,0.103396,0.95409,0.081683,0.268978,-8.202059,135.036499,17.816736,0.004887,0.992656,0.011048,0.120364,-4.951722,149.373978,19.324171,-0.100164,0.754334,0.126216,0.636409,-11.349069,129.435547,15.496309,-0.758732,0.082057,0.484711,-0.427372,-14.232627,129.597382,-1.228079,-0.659488,-0.589308,0.152759,0.440972,-2.736412,117.607651,-16.034218,0.213902,0.307903,-0.625582,-0.68417,5.119789,145.296204,-6.37163,-0.092475,0.927163,0.02525,0.362186,-6.05362,129.578812,20.812056,0.40603,0.909042,0.093343,-0.008292,6.175314,132.178696,32.28986,-0.217569,0.469074,0.483121,-0.70656,21.08709,115.787003,30.267719,-0.047589,0.292276,0.586301,-0.75403,18.801554,137.550583,19.159035,0.039769,0.924096,0.151328,0.348663,-6.662304,86.205269,6.776886,0.10198,0.963649,-0.027965,0.245354,-5.502516,51.761841,-4.356688,-0.032627,0.92695,0.035666,0.372058,-15.451823,5.502796,-4.174314,-0.105573,0.889016,-0.089444,0.436469,6.115579,86.902771,20.701899,-0.016462,0.896694,-0.147301,0.417099,10.08614,52.072834,29.79925,-0.027625,0.874916,0.013313,0.483302,5.668813,6.834584,42.94875,-0.032627,0.92695,0.035666,0.372058,-5.166349,0.667327,-14.652546,-0.027625,0.874916,0.013313,0.483302,18.030022,1.408889,35.41692
1038,8.65,-0.029941,0.915108,0.022597,0.40146,-0.278521,86.554291,13.72859,-0.116099,0.904866,0.155437,0.378917,-0.84411,94.286423,13.862864,-0.010716,0.923604,0.001341,0.383195,-7.759479,113.788399,17.939806,0.103278,0.954093,0.081811,0.268973,-8.201932,135.031479,17.81794,0.004798,0.992601,0.011372,0.120793,-4.955864,149.369629,19.3281,-0.099905,0.754505,0.126446,0.636202,-11.350138,129.431534,15.496701,-0.758648,0.081856,0.484809,-0.42745,-14.244413,129.6035,-1.225732,-0.659446,-0.589246,0.152878,0.441077,-2.750985,117.617332,-16.036901,0.2137,0.307794,-0.625607,-0.68426,5.107426,145.306046,-6.376594,-0.092618,0.927146,0.025419,0.362182,-6.051173,129.572372,20.809006,0.406081,0.909021,0.093292,-0.008696,6.176967,132.174652,32.287113,-0.217764,0.468996,0.483238,-0.706473,21.086607,115.782944,30.249325,-0.047733,0.29214,0.58623,-0.754129,18.802973,137.552368,19.151169,0.039799,0.924121,0.151279,0.348613,-6.669546,86.207672,6.767889,0.101847,0.963605,-0.028008,0.245576,-5.513589,51.763344,-4.363318,-0.0325,0.926959,0.035702,0.372043,-15.451956,5.501956,-4.176159,-0.10547,0.889038,-0.089518,0.436433,6.112504,86.900902,20.689291,-0.016641,0.896587,-0.147294,0.417323,10.074492,52.070366,29.78809,-0.0277,0.874887,0.01328,0.483352,5.669309,6.832466,42.942863,-0.0325,0.926959,0.035702,0.372043,-5.167978,0.666018,-14.655646,-0.0277,0.874887,0.01328,0.483352,18.031954,1.407036,35.413197
1039,8.658333,-0.029796,0.915154,0.022601,0.401367,-0.28431,86.554024,13.717607,-0.116008,0.904922,0.155513,0.37878,-0.847859,94.286293,13.852901,-0.010745,0.923676,0.001528,0.38302,-7.759892,113.786957,17.934959,0.103192,0.954112,0.081829,0.268934,-8.206536,135.029984,17.820055,0.004878,0.99257,0.011782,0.121005,-4.963019,149.368744,19.329887,-0.099745,0.754599,0.126557,0.636093,-11.354541,129.430176,15.498236,-0.75864,0.081665,0.485002,-0.42728,-14.254599,129.607849,-1.223142,-0.659279,-0.589188,0.153019,0.441355,-2.768111,117.628136,-16.044928,0.213587,0.307635,-0.625755,-0.684231,5.091785,145.314926,-6.380325,-0.092671,0.927208,0.025575,0.362,-6.053562,129.570358,20.80855,0.406238,0.908973,0.093028,-0.009238,6.178729,132.172714,32.282223,-0.218012,0.468884,0.483389,-0.706366,21.082283,115.777695,30.226664,-0.047913,0.291907,0.586397,-0.754078,18.800537,137.555832,19.141605,0.039675,0.924187,0.151302,0.348442,-6.676911,86.209885,6.758228,0.101796,0.963822,-0.027943,0.244751,-5.514164,51.765339,-4.371588,-0.032547,0.927,0.035595,0.371947,-15.446234,5.502624,-4.18066,-0.105488,0.889028,-0.089604,0.436432,6.108291,86.898163,20.676985,-0.016733,0.896551,-0.147298,0.417396,10.068679,52.069019,29.781786,-0.027968,0.874884,0.013089,0.483348,5.670092,6.831521,42.940163,-0.032547,0.927,0.035595,0.371947,-5.164274,0.664257,-14.661008,-0.027968,0.874884,0.013089,0.483348,18.034391,1.405145,35.413887
1040,8.666667,-0.029749,0.915193,0.022661,0.401276,-0.286837,86.555191,13.707963,-0.115963,0.904952,0.155553,0.378706,-0.850081,94.28746,13.844456,-0.010709,0.923718,0.001716,0.38292,-7.76025,113.786804,17.929047,0.102998,0.954118,0.081873,0.268976,-8.208526,135.029846,17.822132,0.004913,0.992527,0.012151,0.121319,-4.970755,149.369904,19.331926,-0.099682,0.754735,0.126713,0.635911,-11.356619,129.430649,15.498924,-0.758417,0.081078,0.485226,-0.427535,-14.264959,129.612061,-1.220977,-0.659173,-0.589225,0.152941,0.441491,-2.783867,117.643227,-16.055721,0.21351,0.307348,-0.625937,-0.684217,5.074873,145.326859,-6.381158,-0.092669,0.927259,0.025809,0.361852,-6.054481,129.56926,20.808125,0.406165,0.908998,0.093065,-0.009621,6.18146,132.168976,32.278503,-0.218243,0.46869,0.483463,-0.706373,21.087328,115.778038,30.207062,-0.048096,0.291725,0.586579,-0.753995,18.800114,137.562531,19.134617,0.039569,0.924215,0.15136,0.348355,-6.680868,86.212257,6.749837,0.1018,0.96371,-0.02815,0.245169,-5.510566,51.768364,-4.381209,-0.032393,0.926996,0.035569,0.371974,-15.447898,5.506837,-4.175885,-0.105496,0.889019,-0.089699,0.436428,6.107195,86.898132,20.666088,-0.0168,0.896485,-0.147343,0.417519,10.06501,52.070339,29.777187,-0.028034,0.874835,0.012982,0.483435,5.668525,6.834316,42.941345,-0.032393,0.926996,0.035569,0.371974,-5.166956,0.666039,-14.65611,-0.028034,0.874835,0.012982,0.483435,18.034449,1.406273,35.418938
1041,8.675,-0.029717,0.915226,0.022753,0.401198,-0.289314,86.557274,13.697693,-0.115871,0.904985,0.155576,0.378645,-0.852664,94.289505,13.835742,-0.010714,0.923757,0.002019,0.382823,-7.758439,113.786606,17.922602,0.102871,0.954082,0.082152,0.269066,-8.211873,135.029572,17.827541,0.004811,0.99248,0.012287,0.121692,-4.979802,149.370163,19.344673,-0.099611,0.754868,0.126874,0.635732,-11.359115,129.430908,15.501915,-0.758409,0.081117,0.485414,-0.427328,-14.275649,129.616409,-1.21651,-0.659017,-0.589132,0.153232,0.441748,-2.802982,117.647186,-16.057449,0.213306,0.30728,-0.626137,-0.684129,5.057022,145.331696,-6.386384,-0.09266,0.927316,0.025957,0.361699,-6.055864,129.567871,20.810043,0.406086,0.909026,0.093087,-0.01005,6.183884,132.165802,32.27676,-0.218585,0.468621,0.483434,-0.706333,21.092215,115.779327,30.187897,-0.048447,0.29189,0.586373,-0.754069,18.800407,137.569809,19.12615,0.039527,0.924227,0.15137,0.348323,-6.684562,86.215546,6.74063,0.101768,0.963675,-0.028285,0.245302,-5.511569,51.771652,-4.390132,-0.032592,0.927002,0.035498,0.371947,-15.449134,5.510235,-4.173086,-0.105526,0.888992,-0.089781,0.43646,6.105935,86.89901,20.654757,-0.016885,0.896415,-0.147405,0.417644,10.062673,52.072739,29.772156,-0.027718,0.874857,0.013154,0.483408,5.669084,6.838712,42.944115,-0.032592,0.927002,0.035498,0.371947,-5.167051,0.669746,-14.652332,-0.027718,0.874857,0.013154,0.483408,18.032255,1.410426,35.41737
1042,8.683333,-0.029726,0.915247,0.022892,0.401143,-0.291145,86.557793,13.688596,-0.115768,0.905016,0.155602,0.378591,-0.855473,94.289917,13.828596,-0.010774,0.923787,0.002203,0.38275,-7.757109,113.7864,17.918285,0.102587,0.954098,0.082284,0.269078,-8.215879,135.029297,17.829529,0.004924,0.992449,0.012604,0.121912,-4.992767,149.371719,19.348307,-0.099612,0.755005,0.127012,0.635541,-11.362092,129.430527,15.502768,-0.758376,0.080885,0.485596,-0.427224,-14.286865,129.617676,-1.214202,-0.658858,-0.589087,0.153365,0.441998,-2.820356,117.655205,-16.065342,0.213104,0.307207,-0.626288,-0.684086,5.040373,145.338135,-6.390355,-0.092608,0.927395,0.026135,0.361497,-6.058021,129.567245,20.810083,0.406049,0.909037,0.093095,-0.010435,6.187019,132.161789,32.271915,-0.218881,0.468485,0.483493,-0.706292,21.096325,115.778206,30.1675,-0.048651,0.291838,0.586413,-0.754045,18.800983,137.575165,19.119057,0.039436,0.92426,0.151367,0.348248,-6.687232,86.216934,6.732259,0.101791,0.963671,-0.028373,0.2453,-5.509142,51.772438,-4.396104,-0.032569,0.926966,0.035521,0.372037,-15.450777,5.511922,-4.171533,-0.105554,0.888946,-0.089868,0.436528,6.104942,86.898651,20.644934,-0.016937,0.896397,-0.147435,0.417671,10.059934,52.073933,29.768988,-0.027824,0.874838,0.012952,0.483443,5.669217,6.840897,42.945335,-0.032569,0.926966,0.035521,0.372037,-5.166826,0.671866,-14.649147,-0.027824,0.874838,0.012952,0.483443,18.033045,1.409066,35.422222
1043,8.691667,-0.029658,0.915261,0.022896,0.401115,-0.295775,86.556267,13.680652,-0.115649,0.905062,0.155592,0.378523,-0.859153,94.288452,13.821143,-0.010823,0.92383,0.002393,0.382642,-7.755394,113.784859,17.912752,0.102588,0.954084,0.082387,0.269094,-8.219221,135.027664,17.830692,0.004835,0.992419,0.012903,0.122127,-4.996885,149.369949,19.352457,-0.099424,0.755176,0.127116,0.635347,-11.364658,129.428879,15.50294,-0.758374,0.080749,0.485808,-0.427012,-14.299088,129.621689,-1.212272,-0.658725,-0.588991,0.153479,0.442285,-2.840806,117.664352,-16.073904,0.212942,0.30717,-0.626455,-0.684001,5.024669,145.344406,-6.394528,-0.09264,0.927461,0.02628,0.361309,-6.059362,129.565216,20.809042,0.406091,0.909017,0.093073,-0.010742,6.190086,132.159363,32.266258,-0.219065,0.468437,0.483562,-0.706218,21.097593,115.775703,30.149639,-0.048863,0.291751,0.586276,-0.754171,18.803404,137.576935,19.109722,0.039427,0.924248,0.151346,0.348289,-6.692361,86.216583,6.724718,0.101712,0.96376,-0.028344,0.244987,-5.513708,51.77158,-4.402007,-0.0326,0.927004,0.035513,0.371939,-15.447495,5.509395,-4.175042,-0.105587,0.888979,-0.089851,0.436457,6.100812,86.89595,20.636585,-0.0172,0.895881,-0.147403,0.418775,10.059216,52.071526,29.760303,-0.027291,0.874842,0.013233,0.483457,5.675807,6.83847,42.939014,-0.0326,0.927004,0.035513,0.371939,-5.165442,0.669406,-14.654547,-0.027291,0.874842,0.013233,0.483457,18.035969,1.406051,35.410309
1044,8.7,-0.029559,0.915268,0.022876,0.401109,-0.300638,86.55394,13.673046,-0.115559,0.905098,0.155639,0.378445,-0.8625,94.286224,13.81388,-0.010946,0.92387,0.002479,0.382542,-7.75481,113.780304,17.908749,0.102849,0.954057,0.082381,0.269091,-8.224843,135.02298,17.82814,0.004643,0.992399,0.013317,0.122251,-4.995198,149.363434,19.351713,-0.099192,0.755316,0.127217,0.635196,-11.369155,129.423431,15.500712,-0.758346,0.080633,0.485948,-0.426924,-14.311649,129.62323,-1.213004,-0.658595,-0.588952,0.153609,0.442484,-2.858563,117.669151,-16.081263,0.212745,0.307083,-0.626536,-0.684027,5.007218,145.348404,-6.399857,-0.092636,0.92754,0.026356,0.3611,-6.062746,129.560974,20.805676,0.406161,0.909015,0.092736,-0.011203,6.191842,132.154495,32.257538,-0.219367,0.468449,0.483534,-0.706137,21.096367,115.769791,30.128088,-0.049221,0.291744,0.586298,-0.754133,18.80125,137.575577,19.096306,0.039352,0.924249,0.151387,0.348276,-6.697426,86.215813,6.71722,0.101707,0.963722,-0.028408,0.245129,-5.512907,51.771294,-4.410391,-0.032411,0.927001,0.035428,0.371974,-15.447754,5.509353,-4.178893,-0.105587,0.888986,-0.08986,0.436441,6.096151,86.892059,20.628872,-0.017269,0.895839,-0.147404,0.418863,10.054423,52.067757,29.753096,-0.02781,0.874848,0.013053,0.483422,5.675556,6.834942,42.934124,-0.032411,0.927001,0.035428,0.371974,-5.167103,0.664935,-14.657733,-0.02781,0.874848,0.013053,0.483422,18.039375,1.405448,35.409309
1045,8.708333,-0.029381,0.915275,0.022853,0.401105,-0.310108,86.5513,13.666148,-0.115413,0.905159,0.155584,0.378365,-0.869299,94.283768,13.807768,-0.011033,0.923919,0.002536,0.38242,-7.754686,113.779274,17.903534,0.10291,0.954017,0.082702,0.269114,-8.229094,135.021851,17.823816,0.004519,0.992373,0.013545,0.122442,-5.000268,149.36145,19.357054,-0.099091,0.755487,0.127334,0.634985,-11.372868,129.421738,15.497014,-0.758196,0.080171,0.486111,-0.427091,-14.325116,129.625183,-1.21493,-0.658509,-0.588999,0.153499,0.442588,-2.875803,117.680504,-16.093634,0.212582,0.30709,-0.626611,-0.684006,4.988678,145.356537,-6.402032,-0.09254,0.927576,0.026404,0.361028,-6.065097,129.560165,20.800587,0.406227,0.908987,0.092687,-0.011475,6.191859,132.150253,32.250683,-0.219508,0.468439,0.48362,-0.70604,21.093712,115.764473,30.110819,-0.049371,0.291648,0.586183,-0.75425,18.802383,137.573273,19.086349,0.03924,0.924233,0.151427,0.348314,-6.707142,86.216072,6.710412,0.101625,0.963759,-0.02842,0.245016,-5.513654,51.771778,-4.416924,-0.032413,0.927073,0.035349,0.371801,-15.441275,5.508313,-4.181274,-0.105638,0.888919,-0.089791,0.43658,6.086926,86.88652,20.621885,-0.017362,0.895783,-0.147424,0.418972,10.04924,52.062099,29.74391,-0.02798,0.874839,0.012982,0.483431,5.675814,6.830153,42.929714,-0.032413,0.927073,0.035349,0.371801,-5.164717,0.661692,-14.663108,-0.02798,0.874839,0.012982,0.483431,18.041124,1.401331,35.406876
1046,8.716667,-0.029333,0.915224,0.022871,0.401224,-0.316986,86.550453,13.65782,-0.115239,0.905207,0.155582,0.378304,-0.87563,94.282951,13.799922,-0.011034,0.923982,0.002699,0.382267,-7.754086,113.779953,17.898949,0.102695,0.954054,0.082739,0.269053,-8.231193,135.022491,17.825672,0.004544,0.992349,0.013918,0.122595,-5.008637,149.363602,19.358072,-0.099027,0.755676,0.127407,0.634756,-11.375043,129.422668,15.498267,-0.758059,0.079908,0.48633,-0.427136,-14.337592,129.627686,-1.211838,-0.658439,-0.588955,0.153549,0.442733,-2.895848,117.687248,-16.099777,0.21248,0.307015,-0.626682,-0.684006,4.97084,145.361725,-6.405494,-0.092635,0.927699,0.026569,0.360676,-6.065511,129.560211,20.8001,0.406386,0.908909,0.092737,-0.011589,6.199467,132.151978,32.24123,-0.219494,0.468277,0.483746,-0.706066,21.095467,115.761673,30.095253,-0.049435,0.291536,0.586205,-0.754272,18.802517,137.574265,19.076344,0.039179,0.924233,0.151415,0.348327,-6.71227,86.21627,6.700421,0.101587,0.963733,-0.028513,0.245123,-5.514812,51.771366,-4.424624,-0.032304,0.927065,0.035387,0.371827,-15.441169,5.507669,-4.18068,-0.105724,0.888907,-0.089771,0.436586,6.078297,86.884628,20.615219,-0.017417,0.895766,-0.147441,0.418999,10.046678,52.061272,29.73864,-0.027988,0.87484,0.012984,0.483429,5.676856,6.829986,42.927902,-0.032304,0.927065,0.035387,0.371827,-5.164997,0.66086,-14.662807,-0.027988,0.87484,0.012984,0.483429,18.042219,1.401309,35.405045
1047,8.725,-0.029399,0.91527,0.023079,0.401104,-0.313307,86.552284,13.653832,-0.115266,0.90527,0.155496,0.37818,-0.874151,94.284576,13.798547,-0.011051,0.924049,0.002916,0.382104,-7.751208,113.780907,17.894558,0.102458,0.954083,0.082833,0.26901,-8.232503,135.023376,17.829643,0.004521,0.99232,0.014207,0.122793,-5.0173,149.366074,19.362694,-0.099111,0.755794,0.127495,0.634585,-11.376084,129.423828,15.5012,-0.758004,0.079683,0.486565,-0.427007,-14.345458,129.627472,-1.207711,-0.658206,-0.588954,0.153737,0.443016,-2.912305,117.693138,-16.107143,0.212221,0.306998,-0.626713,-0.684066,4.950935,145.366928,-6.408094,-0.092656,0.927781,0.026668,0.360452,-6.064691,129.560379,20.801193,0.406422,0.908866,0.092985,-0.011744,6.205644,132.152069,32.236595,-0.219368,0.468017,0.483918,-0.70616,21.100183,115.761864,30.079729,-0.049409,0.291347,0.586312,-0.754264,18.803505,137.576202,19.066902,0.039219,0.924268,0.151444,0.348218,-6.710344,86.218468,6.698028,0.101573,0.963676,-0.028612,0.245341,-5.516161,51.774437,-4.430044,-0.032343,0.927044,0.035362,0.371877,-15.443605,5.511016,-4.178997,-0.105655,0.888846,-0.089853,0.436711,6.083731,86.886101,20.609638,-0.017458,0.895731,-0.147476,0.419061,10.043759,52.062752,29.736721,-0.027208,0.874865,0.013422,0.483415,5.675041,6.832576,42.930145,-0.032343,0.927044,0.035362,0.371877,-5.16601,0.663979,-14.659624,-0.027208,0.874865,0.013422,0.483415,18.034594,1.403709,35.397881
1048,8.733333,-0.029401,0.915288,0.023195,0.401055,-0.314853,86.552841,13.648978,-0.115164,0.905332,0.15544,0.378088,-0.876436,94.285049,13.795352,-0.011134,0.924101,0.003066,0.381975,-7.747942,113.781776,17.891434,0.102267,0.954108,0.082984,0.26895,-8.234962,135.024139,17.831123,0.004512,0.992304,0.014487,0.122894,-5.026265,149.368011,19.366745,-0.099222,0.75602,0.127518,0.634293,-11.377694,129.42424,15.502384,-0.757886,0.079384,0.486606,-0.427225,-14.358878,129.623505,-1.204479,-0.65811,-0.589027,0.153865,0.443018,-2.925363,117.694176,-16.107637,0.212016,0.307028,-0.626746,-0.684085,4.930303,145.370911,-6.410819,-0.092699,0.927914,0.026922,0.360081,-6.064846,129.561096,20.800915,0.406517,0.908821,0.092996,-0.011848,6.214311,132.151764,32.227074,-0.219284,0.467763,0.484011,-0.70629,21.105328,115.75898,30.065474,-0.04939,0.291127,0.586534,-0.754178,18.801348,137.576202,19.056833,0.039174,0.924257,0.151471,0.34824,-6.712627,86.219841,6.69381,0.101578,0.963671,-0.02869,0.245352,-5.514473,51.776134,-4.434855,-0.032307,0.927034,0.035398,0.371901,-15.444205,5.513236,-4.176947,-0.105696,0.888844,-0.08996,0.436683,6.082921,86.885841,20.604145,-0.017294,0.896145,-0.147577,0.418145,10.042344,52.064503,29.739166,-0.02763,0.874884,0.013278,0.483361,5.669186,6.836611,42.938953,-0.032307,0.927034,0.035398,0.371901,-5.166302,0.666782,-14.657542,-0.02763,0.874884,0.013278,0.483361,18.03129,1.410158,35.40913
1049,8.741667,-0.029457,0.915275,0.023258,0.401077,-0.318934,86.551956,13.643045,-0.115014,0.905415,0.155371,0.377963,-0.88171,94.284065,13.789943,-0.011221,0.924179,0.003142,0.381783,-7.745719,113.782463,17.886745,0.102437,0.954093,0.083164,0.268881,-8.237404,135.024719,17.828079,0.004265,0.99229,0.014824,0.122974,-5.025387,149.367188,19.369802,-0.099235,0.756185,0.127605,0.634077,-11.379878,129.424301,15.500267,-0.757837,0.079333,0.486675,-0.427243,-14.370285,129.623596,-1.204944,-0.657973,-0.589074,0.154005,0.44311,-2.939445,117.69445,-16.110292,0.211798,0.307037,-0.626869,-0.684035,4.910239,145.372803,-6.413255,-0.092664,0.927974,0.027014,0.359928,-6.064862,129.561951,20.796595,0.406703,0.908734,0.093004,-0.012046,6.218237,132.150726,32.218941,-0.21913,0.467551,0.484258,-0.706309,21.102283,115.752792,30.048439,-0.049206,0.290867,0.586872,-0.754026,18.800131,137.574463,19.045063,0.039151,0.924258,0.151459,0.348244,-6.716311,86.218468,6.687541,0.101546,0.963636,-0.02874,0.245496,-5.516901,51.774372,-4.439791,-0.032404,0.927037,0.035384,0.371887,-15.444857,5.511114,-4.178087,-0.105742,0.888871,-0.089961,0.436617,6.078443,86.885437,20.598551,-0.017494,0.895746,-0.147514,0.419013,10.041456,52.064831,29.734797,-0.027752,0.874849,0.01306,0.483423,5.675023,6.83583,42.933018,-0.032404,0.927037,0.035384,0.371887,-5.166357,0.665376,-14.658422,-0.027752,0.874849,0.01306,0.483423,18.03833,1.405676,35.407848
1050,8.75,-0.029361,0.915318,0.023167,0.400991,-0.325018,86.54921,13.641456,-0.115086,0.905472,0.155333,0.377818,-0.885853,94.281471,13.787717,-0.011376,0.924241,0.00322,0.381627,-7.751411,113.779846,17.883024,0.102446,0.954047,0.083383,0.268974,-8.250438,135.021942,17.824987,0.004238,0.992237,0.01508,0.12337,-5.039884,149.364014,19.373426,-0.099215,0.756162,0.127664,0.634096,-11.391766,129.420471,15.498111,-0.757767,0.079544,0.486679,-0.427324,-14.381507,129.621704,-1.207198,-0.657862,-0.589145,0.154245,0.443097,-2.952293,117.683853,-16.106831,0.211589,0.30694,-0.626897,-0.684119,4.887804,145.367401,-6.416883,-0.092564,0.928102,0.026927,0.35963,-6.075014,129.559845,20.792656,0.406731,0.90876,0.092602,-0.012224,6.215991,132.147202,32.206814,-0.218986,0.46748,0.484288,-0.70638,21.098831,115.748192,30.036259,-0.048966,0.290491,0.587412,-0.753767,18.79496,137.568085,19.030848,0.039081,0.924237,0.151517,0.348283,-6.72381,86.216644,6.687207,0.101524,0.963677,-0.028707,0.245348,-5.517721,51.773418,-4.442082,-0.0323,0.927032,0.035367,0.37191,-15.442972,5.509576,-4.181359,-0.105727,0.888888,-0.089997,0.436579,6.073773,86.881783,20.595705,-0.017363,0.896167,-0.147579,0.418096,10.035035,52.06139,29.733557,-0.027928,0.874848,0.012922,0.483419,5.668405,6.833759,42.936417,-0.0323,0.927032,0.035367,0.37191,-5.165038,0.662221,-14.661505,-0.027928,0.874848,0.012922,0.483419,18.032698,1.402662,35.413544
1051,8.758333,-0.029377,0.915398,0.023124,0.400811,-0.32383,86.5448,13.641212,-0.115343,0.905546,0.155338,0.377561,-0.884593,94.277077,13.786877,-0.011616,0.924337,0.003166,0.381388,-7.759565,113.77536,17.880556,0.102265,0.954118,0.083191,0.26885,-8.267159,135.017227,17.816635,0.00459,0.99221,0.015772,0.123488,-5.060136,149.360886,19.357697,-0.099043,0.756115,0.127601,0.634191,-11.407428,129.413834,15.49299,-0.757528,0.079157,0.48665,-0.427853,-14.39423,129.618683,-1.212801,-0.657846,-0.589285,0.15418,0.442956,-2.961037,117.68383,-16.111782,0.211218,0.30695,-0.626886,-0.684239,4.870229,145.369354,-6.420331,-0.092496,0.92826,0.02683,0.359247,-6.08802,129.55687,20.784767,0.406934,0.908733,0.091945,-0.01247,6.212759,132.144119,32.188423,-0.219088,0.467559,0.484357,-0.706249,21.08799,115.738045,30.018988,-0.048737,0.290208,0.587876,-0.753529,18.790834,137.561462,19.016459,0.039095,0.924274,0.15159,0.348152,-6.725334,86.21151,6.689496,0.10145,0.963756,-0.028657,0.245074,-5.519893,51.769966,-4.445065,-0.032373,0.927061,0.035393,0.371829,-15.437179,5.50442,-4.184288,-0.105624,0.88902,-0.089984,0.436337,6.077674,86.87809,20.592932,-0.017523,0.89583,-0.147545,0.418823,10.035316,52.055965,29.725746,-0.027185,0.874817,0.01314,0.483511,5.672853,6.827939,42.928631,-0.032373,0.927061,0.035393,0.371829,-5.160261,0.658534,-14.666107,-0.027185,0.874817,0.01314,0.483511,18.032429,1.391687,35.401722
1052,8.766667,-0.029197,0.91546,0.02294,0.400692,-0.332769,86.54509,13.641273,-0.11546,0.905613,0.155264,0.377397,-0.889819,94.277664,13.785527,-0.011509,0.924424,0.00323,0.381179,-7.768493,113.779068,17.876444,0.102746,0.954036,0.083388,0.268896,-8.272938,135.021027,17.816898,0.004057,0.992176,0.015927,0.123759,-5.054077,149.361008,19.367411,-0.099133,0.7562,0.127501,0.634095,-11.415103,129.418549,15.493589,-0.757473,0.079058,0.486806,-0.427791,-14.405402,129.618256,-1.211636,-0.657688,-0.589296,0.154298,0.443136,-2.978261,117.685303,-16.116779,0.211021,0.306889,-0.626911,-0.684303,4.850056,145.370453,-6.421867,-0.092411,0.928392,0.026906,0.35892,-6.093263,129.559753,20.78297,0.407214,0.908547,0.092524,-0.012554,6.216016,132.144135,32.178104,-0.21871,0.467109,0.484828,-0.706341,21.081009,115.730759,29.993721,-0.048565,0.290007,0.58837,-0.753232,18.785875,137.557266,19.001743,0.038994,0.924252,0.151662,0.34819,-6.736283,86.21344,6.691327,0.101404,0.963767,-0.028637,0.245051,-5.521811,51.772903,-4.445386,-0.032271,0.927117,0.035296,0.371709,-15.434557,5.506378,-4.185121,-0.105663,0.889035,-0.08995,0.436304,6.070745,86.876747,20.591221,-0.017558,0.895812,-0.147515,0.418869,10.032304,52.054764,29.722902,-0.027626,0.874827,0.012995,0.483473,5.673377,6.826001,42.924446,-0.032271,0.927117,0.035296,0.371709,-5.161642,0.656667,-14.669098,-0.027626,0.874827,0.012995,0.483473,18.035969,1.392429,35.400558
1053,8.775,-0.029335,0.915517,0.022999,0.400549,-0.331744,86.542961,13.640329,-0.11546,0.905706,0.155199,0.377198,-0.891101,94.275368,13.78465,-0.011824,0.9245,0.003182,0.380986,-7.768872,113.780334,17.875261,0.102114,0.954126,0.083336,0.268833,-8.284935,135.021988,17.808857,0.004564,0.99213,0.01661,0.124021,-5.083252,149.366516,19.352808,-0.099215,0.756187,0.127624,0.634074,-11.424996,129.417023,15.488702,-0.757366,0.079297,0.486775,-0.427971,-14.415686,129.617203,-1.216449,-0.65762,-0.589377,0.154507,0.443056,-2.988889,117.673279,-16.113062,0.210699,0.306906,-0.626963,-0.684347,4.829695,145.36409,-6.426467,-0.092215,0.928501,0.026887,0.358691,-6.101062,129.562897,20.775848,0.407184,0.908604,0.092066,-0.012822,6.215035,132.141861,32.164837,-0.218752,0.46707,0.484821,-0.706359,21.080803,115.729523,29.978043,-0.048345,0.289672,0.588785,-0.753051,18.783625,137.555893,18.988371,0.039038,0.92425,0.151711,0.348169,-6.737264,86.209274,6.692329,0.101374,0.963717,-0.028697,0.245255,-5.524719,51.770081,-4.44873,-0.032346,0.927074,0.03544,0.371795,-15.436191,5.503303,-4.184363,-0.105619,0.889071,-0.090054,0.436219,6.073777,86.876656,20.588329,-0.017383,0.896251,-0.147608,0.417903,10.030087,52.055367,29.724888,-0.027501,0.874812,0.013044,0.483505,5.666877,6.828627,42.931923,-0.032346,0.927074,0.03544,0.371795,-5.160143,0.65837,-14.667481,-0.027501,0.874812,0.013044,0.483505,18.029005,1.394499,35.407681
1054,8.783333,-0.029401,0.915574,0.023127,0.400407,-0.332092,86.54467,13.637569,-0.115365,0.905813,0.155091,0.377015,-0.893157,94.276924,13.783376,-0.011932,0.92459,0.003349,0.380763,-7.763953,113.781532,17.872377,0.101833,0.954182,0.083381,0.268729,-8.286985,135.023041,17.810904,0.004468,0.992109,0.016928,0.124154,-5.093496,149.369537,19.353529,-0.099224,0.756333,0.127629,0.633897,-11.426337,129.417557,15.49103,-0.757218,0.0792,0.486942,-0.42806,-14.424557,129.616364,-1.212792,-0.657509,-0.589401,0.154646,0.44314,-3.00431,117.671135,-16.113379,0.210463,0.306951,-0.627041,-0.684329,4.80993,145.363464,-6.427641,-0.092219,0.928561,0.026864,0.358536,-6.099895,129.564011,20.775639,0.407258,0.908612,0.091603,-0.013197,6.219951,132.143723,32.160408,-0.218582,0.466926,0.484854,-0.706483,21.082623,115.729523,29.966528,-0.048185,0.289368,0.589271,-0.752797,18.78027,137.556442,18.974358,0.038993,0.924284,0.151753,0.348066,-6.7397,86.210701,6.691505,0.101416,0.963688,-0.028761,0.245341,-5.524304,51.772179,-4.4513,-0.032364,0.927065,0.035381,0.371822,-15.441045,5.506554,-4.183022,-0.105578,0.889081,-0.090139,0.436191,6.075516,86.878632,20.583633,-0.017422,0.896271,-0.147621,0.417856,10.026728,52.057827,29.724258,-0.027769,0.874859,0.012927,0.483409,5.666984,6.831577,42.934109,-0.032364,0.927065,0.035381,0.371822,-5.164394,0.660254,-14.66492,-0.027769,0.874859,0.012927,0.483409,18.029554,1.398306,35.409962
1055,8.791667,-0.029424,0.915647,0.023149,0.400236,-0.334526,86.545708,13.638236,-0.115324,0.905886,0.154965,0.376905,-0.896031,94.277924,13.784319,-0.011967,0.924635,0.00344,0.380652,-7.76263,113.783852,17.870005,0.101554,0.954216,0.083606,0.268642,-8.288511,135.025284,17.811598,0.004472,0.992103,0.017145,0.124171,-5.104551,149.373489,19.358124,-0.099299,0.756503,0.127681,0.633672,-11.427677,129.419724,15.491713,-0.757113,0.078885,0.487118,-0.428104,-14.435085,129.61618,-1.210481,-0.657379,-0.589432,0.15463,0.443297,-3.020257,117.677597,-16.120546,0.210307,0.306926,-0.627161,-0.684278,4.792057,145.367554,-6.426493,-0.092193,0.92864,0.026988,0.35833,-6.099974,129.566147,20.775047,0.407303,0.908498,0.092542,-0.013084,6.225039,132.143967,32.154648,-0.218031,0.466365,0.485258,-0.706747,21.086206,115.73008,29.948172,-0.047959,0.289114,0.589624,-0.752633,18.777599,137.55603,18.962013,0.038968,0.9243,0.151811,0.348,-6.74469,86.211395,6.69455,0.10137,0.96368,-0.028797,0.245388,-5.526944,51.773991,-4.451468,-0.032364,0.927096,0.03546,0.371737,-15.440377,5.507684,-4.179325,-0.105586,0.889105,-0.090157,0.436137,6.075637,86.88002,20.581923,-0.017439,0.896269,-0.147669,0.417842,10.027334,52.059566,29.723698,-0.027538,0.874898,0.012979,0.483349,5.667325,6.834713,42.93824,-0.032364,0.927096,0.03546,0.371737,-5.165389,0.663472,-14.663807,-0.027538,0.874898,0.012979,0.483349,18.026825,1.399409,35.41053
1056,8.8,-0.029434,0.915711,0.023112,0.40009,-0.337678,86.544456,13.639227,-0.115274,0.90596,0.154892,0.376771,-0.899068,94.276688,13.784806,-0.012002,0.924691,0.003457,0.380513,-7.762219,113.784386,17.869699,0.101469,0.954235,0.08375,0.268563,-8.289765,135.025787,17.811457,0.004264,0.992096,0.017395,0.124198,-5.109314,149.374435,19.361092,-0.099381,0.756602,0.127662,0.633545,-11.42919,129.419968,15.492508,-0.756968,0.078871,0.487301,-0.428155,-14.441498,129.613052,-1.20884,-0.657272,-0.589441,0.15479,0.443388,-3.034504,117.670883,-16.122026,0.21009,0.306945,-0.627217,-0.684285,4.774149,145.362518,-6.429838,-0.092149,0.928687,0.026886,0.358226,-6.099919,129.566818,20.774248,0.407336,0.90835,0.093879,-0.012824,6.227901,132.144714,32.15078,-0.217276,0.46577,0.485763,-0.707025,21.088165,115.73188,29.930561,-0.047638,0.288913,0.589716,-0.752658,18.777115,137.551712,18.94944,0.038974,0.924319,0.151847,0.347933,-6.750036,86.209587,6.697595,0.101349,0.963668,-0.028751,0.245451,-5.532538,51.773006,-4.450999,-0.032435,0.927061,0.035411,0.371823,-15.44297,5.506027,-4.183154,-0.105577,0.889144,-0.090158,0.43606,6.07468,86.879318,20.580858,-0.017439,0.896302,-0.147677,0.417768,10.02659,52.058746,29.722059,-0.027574,0.874901,0.012929,0.483343,5.667327,6.834131,42.937679,-0.032435,0.927061,0.035411,0.371823,-5.165506,0.661327,-14.664986,-0.027574,0.874901,0.012929,0.483343,18.026825,1.398085,35.410503
1057,8.808333,-0.029409,0.91577,0.022994,0.399964,-0.341889,86.541046,13.641183,-0.115421,0.905989,0.154742,0.376719,-0.902169,94.273392,13.78532,-0.011741,0.924732,0.003669,0.380419,-7.767139,113.778221,17.861921,0.101334,0.954283,0.083515,0.268517,-8.287844,135.019821,17.816313,0.003849,0.992074,0.017785,0.124331,-5.109311,149.369736,19.358047,-0.099275,0.756745,0.12767,0.633389,-11.42957,129.416382,15.494725,-0.756849,0.078878,0.487553,-0.428077,-14.449334,129.611191,-1.205263,-0.657161,-0.589413,0.15493,0.443541,-3.053322,117.666092,-16.124504,0.210086,0.30686,-0.627361,-0.684192,4.754734,145.357849,-6.432134,-0.092325,0.928743,0.026691,0.358051,-6.09913,129.558395,20.775419,0.40779,0.908168,0.093612,-0.013229,6.231846,132.144547,32.146667,-0.21724,0.465835,0.485893,-0.706904,21.075161,115.718185,29.913101,-0.047599,0.289381,0.588817,-0.753185,18.773342,137.538818,18.933319,0.03897,0.924328,0.15191,0.347882,-6.75619,86.205635,6.70137,0.101266,0.963728,-0.02868,0.245258,-5.53741,51.770432,-4.451349,-0.032346,0.927097,0.035449,0.371737,-15.43875,5.501497,-4.186102,-0.105558,0.88927,-0.09016,0.435807,6.072412,86.876457,20.580997,-0.017368,0.896472,-0.147673,0.417407,10.025666,52.055622,29.72061,-0.027643,0.874901,0.012809,0.483342,5.665862,6.830645,42.934807,-0.032346,0.927097,0.035449,0.371737,-5.163964,0.65679,-14.670563,-0.027643,0.874901,0.012809,0.483342,18.02545,1.392585,35.409222
1058,8.816667,-0.029369,0.915837,0.022881,0.399821,-0.346359,86.538788,13.644269,-0.115287,0.906113,0.15472,0.37647,-0.905346,94.271248,13.787146,-0.01197,0.924826,0.003388,0.380187,-7.765312,113.781883,17.867931,0.10139,0.95427,0.083927,0.268411,-8.290491,135.023331,17.807693,0.003689,0.992074,0.01799,0.124305,-5.113648,149.372375,19.361097,-0.099346,0.756893,0.12754,0.633228,-11.432187,129.417603,15.491586,-0.75673,0.079055,0.487572,-0.428234,-14.458388,129.606583,-1.207303,-0.65711,-0.589466,0.155113,0.443483,-3.06444,117.652176,-16.120663,0.210015,0.306664,-0.627539,-0.684138,4.736391,145.348572,-6.435776,-0.092187,0.928797,0.026853,0.357935,-6.099174,129.564438,20.769548,0.408139,0.908072,0.092942,-0.013762,6.235493,132.144562,32.138165,-0.217226,0.465786,0.486304,-0.706658,21.065491,115.707634,29.893839,-0.046785,0.288747,0.589245,-0.753144,18.780853,137.537521,18.92458,0.038901,0.924377,0.151957,0.347739,-6.76287,86.203125,6.706513,0.101203,0.963758,-0.028626,0.24517,-5.540019,51.768566,-4.447719,-0.032306,0.927153,0.035483,0.371598,-15.434405,5.498123,-4.18497,-0.105467,0.889336,-0.090148,0.435697,6.070153,86.874458,20.582026,-0.017449,0.896405,-0.14763,0.417562,10.019143,52.052071,29.717579,-0.02719,0.874863,0.012972,0.483433,5.665678,6.826162,42.930691,-0.032306,0.927153,0.035483,0.371598,-5.163023,0.653821,-14.672947,-0.02719,0.874863,0.012972,0.483433,18.023123,1.385722,35.403316
1059,8.825,-0.029391,0.915905,0.022839,0.399665,-0.349217,86.538025,13.64677,-0.115177,0.906218,0.154617,0.376293,-0.908244,94.2705,13.789005,-0.012168,0.924893,0.00334,0.380017,-7.762127,113.784645,17.869341,0.101467,0.95426,0.084075,0.268373,-8.294312,135.025909,17.804115,0.003428,0.992058,0.018225,0.124403,-5.116468,149.374222,19.362125,-0.099343,0.756981,0.127503,0.63313,-11.435004,129.418594,15.490514,-0.756634,0.079165,0.487762,-0.428167,-14.465423,129.606155,-1.207621,-0.657017,-0.589428,0.155263,0.443617,-3.08051,117.646202,-16.12344,0.209849,0.306619,-0.627576,-0.684175,4.7202,145.343109,-6.439843,-0.092075,0.928863,0.026827,0.357792,-6.100126,129.568451,20.766506,0.408211,0.90807,0.092609,-0.013987,6.238703,132.145706,32.131248,-0.217175,0.465852,0.486096,-0.706773,21.065807,115.706619,29.883593,-0.047297,0.289002,0.589246,-0.753014,18.774393,137.53093,18.906292,0.0389,0.924405,0.152013,0.347642,-6.768057,86.201546,6.71121,0.101153,0.963776,-0.028593,0.245127,-5.544897,51.768227,-4.446824,-0.032385,0.927135,0.035521,0.371633,-15.434008,5.496648,-4.185418,-0.105484,0.889476,-0.090216,0.435392,6.069622,86.874512,20.582329,-0.017359,0.896552,-0.14764,0.417247,10.020615,52.053272,29.721403,-0.027575,0.874897,0.012815,0.483353,5.663762,6.827343,42.933315,-0.032385,0.927135,0.035521,0.371633,-5.160937,0.654268,-14.672626,-0.027575,0.874897,0.012815,0.483353,18.022879,1.38845,35.407574
1060,8.833333,-0.029477,0.915974,0.022901,0.399497,-0.349274,86.539238,13.65028,-0.115179,0.906294,0.154444,0.37618,-0.909865,94.271591,13.792963,-0.01227,0.924936,0.003426,0.379908,-7.760418,113.78714,17.867565,0.101386,0.954272,0.084136,0.268342,-8.298027,135.028259,17.804115,0.003215,0.992041,0.018478,0.124507,-5.122926,149.37709,19.36311,-0.099382,0.757062,0.127445,0.633038,-11.437835,129.420334,15.490813,-0.756465,0.079148,0.487964,-0.428236,-14.471931,129.604965,-1.206686,-0.656995,-0.589396,0.155342,0.443665,-3.095691,117.640808,-16.125732,0.209752,0.30665,-0.627614,-0.684157,4.705801,145.338211,-6.444254,-0.091968,0.928957,0.026848,0.357575,-6.101756,129.571152,20.765564,0.408149,0.9081,0.092585,-0.014055,6.243022,132.145264,32.124557,-0.216875,0.465622,0.486134,-0.70699,21.072298,115.708435,29.874828,-0.047101,0.288663,0.589648,-0.752841,18.772156,137.529938,18.893778,0.038897,0.924434,0.152064,0.347543,-6.770559,86.201637,6.717039,0.101133,0.963725,-0.028626,0.245329,-5.547073,51.769424,-4.444369,-0.032336,0.927145,0.035587,0.371605,-15.435142,5.497634,-4.181609,-0.105463,0.889525,-0.090252,0.435289,6.072011,86.876839,20.583523,-0.017335,0.896584,-0.147662,0.417173,10.021568,52.055752,29.723787,-0.027589,0.874917,0.012808,0.483317,5.662859,6.830377,42.936977,-0.032336,0.927145,0.035587,0.371605,-5.162956,0.656491,-14.670255,-0.027589,0.874917,0.012808,0.483317,18.021454,1.391473,35.410385
1061,8.841667,-0.029514,0.916027,0.023003,0.399367,-0.350347,86.54187,13.651543,-0.115134,0.906361,0.154334,0.376078,-0.912073,94.274109,13.795521,-0.012342,0.924979,0.00348,0.379801,-7.758543,113.790688,17.867388,0.101111,0.954314,0.084158,0.26829,-8.299864,135.031738,17.804995,0.003082,0.992025,0.018753,0.124598,-5.132597,149.382477,19.36231,-0.099428,0.757161,0.127424,0.632917,-11.439231,129.423355,15.492175,-0.75644,0.079195,0.488178,-0.428028,-14.47822,129.605484,-1.204462,-0.656896,-0.589302,0.155494,0.443884,-3.111593,117.640282,-16.130003,0.209687,0.306588,-0.627747,-0.684082,4.693833,145.336517,-6.44836,-0.091886,0.929033,0.026781,0.357403,-6.101957,129.57486,20.765696,0.408128,0.908113,0.092527,-0.014186,6.247502,132.147598,32.119907,-0.216676,0.465471,0.48619,-0.707113,21.077394,115.711891,29.866028,-0.046751,0.288515,0.58963,-0.752934,18.773046,137.531662,18.883488,0.038902,0.924426,0.152045,0.347572,-6.773558,86.204308,6.720082,0.101139,0.963725,-0.028605,0.245331,-5.550525,51.771675,-4.440107,-0.032304,0.927119,0.035658,0.371665,-15.4387,5.499897,-4.17943,-0.10548,0.889536,-0.090348,0.435243,6.072863,86.879425,20.583002,-0.0173,0.896567,-0.147587,0.417236,10.020847,52.059853,29.729691,-0.027343,0.874911,0.013135,0.483333,5.661203,6.832257,42.934963,-0.032304,0.927119,0.035658,0.371665,-5.16528,0.660345,-14.667603,-0.027343,0.874911,0.013135,0.483333,18.019268,1.398063,35.404095
1062,8.85,-0.029554,0.916102,0.023014,0.399191,-0.352526,86.543152,13.655856,-0.115134,0.906444,0.154178,0.375943,-0.914873,94.275352,13.799858,-0.01238,0.925032,0.003424,0.379673,-7.757854,113.792488,17.866634,0.101142,0.954274,0.084349,0.26836,-8.299774,135.033508,17.801498,0.002634,0.991989,0.018889,0.124875,-5.133145,149.383728,19.36478,-0.099424,0.757351,0.12735,0.632706,-11.439624,129.424728,15.490305,-0.756277,0.079246,0.488256,-0.428219,-14.487715,129.603821,-1.204708,-0.656991,-0.589257,0.15556,0.44378,-3.12482,117.631844,-16.127666,0.20974,0.306531,-0.62784,-0.684006,4.682554,145.330505,-6.454506,-0.091833,0.929082,0.026737,0.357292,-6.100903,129.577103,20.762339,0.408031,0.908145,0.092647,-0.014148,6.251575,132.148926,32.113476,-0.216288,0.465235,0.486234,-0.707356,21.085011,115.716469,29.859322,-0.046494,0.288224,0.589966,-0.752799,18.772062,137.531723,18.870857,0.038841,0.924525,0.15212,0.347283,-6.77834,86.204865,6.726843,0.101123,0.96369,-0.028608,0.245476,-5.552847,51.773548,-4.437145,-0.03236,0.927128,0.035648,0.371638,-15.439662,5.50147,-4.177277,-0.105463,0.889547,-0.090379,0.435219,6.073288,86.881447,20.584869,-0.017336,0.896596,-0.147604,0.417166,10.019465,52.062023,29.732918,-0.0271,0.874942,0.012994,0.483294,5.66323,6.835013,42.941345,-0.03236,0.927128,0.035648,0.371638,-5.166304,0.662264,-14.665672,-0.0271,0.874942,0.012994,0.483294,18.0175,1.393759,35.409348
1063,8.858333,-0.029601,0.916157,0.022895,0.399069,-0.354702,86.540398,13.661796,-0.115514,0.906466,0.154069,0.375816,-0.916959,94.272636,13.803889,-0.012682,0.925051,0.003331,0.379616,-7.773008,113.790169,17.861799,0.100488,0.95432,0.0844,0.268426,-8.325273,135.030884,17.788145,0.003394,0.991932,0.019422,0.12523,-5.177262,149.385559,19.348162,-0.099351,0.757167,0.127109,0.632986,-11.462663,129.419647,15.479586,-0.756168,0.079498,0.487892,-0.428778,-14.499238,129.597275,-1.217546,-0.657134,-0.589442,0.155613,0.443304,-3.122334,117.612007,-16.11915,0.209733,0.306402,-0.627912,-0.684001,4.670816,145.320099,-6.461515,-0.091628,0.9293,0.026583,0.356791,-6.123402,129.576752,20.750935,0.407996,0.908262,0.091648,-0.014176,6.242502,132.145111,32.088234,-0.216528,0.465608,0.486017,-0.707186,21.077198,115.711449,29.851181,-0.046091,0.287942,0.590174,-0.752768,18.770685,137.52713,18.855772,0.038802,0.924588,0.152209,0.34708,-6.782311,86.20031,6.734534,0.101107,0.963693,-0.028566,0.245472,-5.554352,51.770741,-4.434551,-0.032362,0.927124,0.035657,0.371648,-15.438743,5.498129,-4.178141,-0.105436,0.889641,-0.090364,0.435037,6.072907,86.880493,20.589056,-0.017265,0.896625,-0.147543,0.417129,10.019723,52.060467,29.734539,-0.027175,0.87485,0.013018,0.483457,5.660481,6.831524,42.935329,-0.032362,0.927124,0.035657,0.371648,-5.165117,0.659215,-14.666411,-0.027175,0.87485,0.013018,0.483457,18.018417,1.392047,35.408062
1064,8.866667,-0.029622,0.916247,0.022765,0.398867,-0.358601,86.537827,13.669435,-0.115533,0.906561,0.153932,0.375639,-0.920322,94.270134,13.809675,-0.012772,0.925116,0.003253,0.379456,-7.774119,113.789001,17.863483,0.100683,0.954323,0.084316,0.268366,-8.328694,135.029648,17.78541,0.002981,0.991922,0.019737,0.12527,-5.174588,149.383118,19.344284,-0.09928,0.757269,0.126932,0.63291,-11.466268,129.417557,15.479138,-0.756007,0.079581,0.487917,-0.42902,-14.506577,129.592545,-1.21734,-0.657237,-0.589395,0.155732,0.443171,-3.131339,117.599335,-16.113811,0.209816,0.306161,-0.62799,-0.684011,4.66289,145.311188,-6.467891,-0.091641,0.929392,0.026607,0.356545,-6.125225,129.576385,20.748631,0.408288,0.908184,0.091069,-0.014506,6.246566,132.145386,32.079361,-0.216308,0.465526,0.486214,-0.707172,21.070246,115.702316,29.838324,-0.045553,0.287546,0.590411,-0.752766,18.769253,137.519867,18.842283,0.038746,0.924638,0.152349,0.346892,-6.789229,86.196259,6.745048,0.101071,0.963696,-0.028521,0.24548,-5.556249,51.769459,-4.432037,-0.032256,0.927164,0.035664,0.371556,-15.436426,5.495933,-4.178895,-0.105392,0.889722,-0.090291,0.434896,6.072028,86.879395,20.593821,-0.017218,0.896788,-0.147583,0.416767,10.019825,52.057735,29.732677,-0.027238,0.87491,0.01295,0.483345,5.660357,6.829751,42.936695,-0.032256,0.927164,0.035664,0.371556,-5.165889,0.655949,-14.669697,-0.027238,0.87491,0.01295,0.483345,18.016657,1.3894,35.407368
1065,8.875,-0.02968,0.916301,0.022689,0.398744,-0.360945,86.536659,13.676298,-0.115502,0.906623,0.153758,0.37557,-0.922997,94.268967,13.815183,-0.012809,0.925138,0.003178,0.379402,-7.772802,113.790657,17.863623,0.100589,0.9543,0.084555,0.268411,-8.327628,135.031281,17.782022,0.002581,0.9919,0.019871,0.125427,-5.178014,149.38504,19.347162,-0.099294,0.757441,0.126795,0.63273,-11.465401,129.418777,15.477058,-0.755852,0.079664,0.487966,-0.429221,-14.513354,129.589096,-1.21807,-0.657358,-0.58933,0.155806,0.443052,-3.140843,117.588333,-16.110546,0.209904,0.305998,-0.628047,-0.684004,4.656651,145.302795,-6.474743,-0.091562,0.92944,0.02648,0.356449,-6.123757,129.578537,20.745911,0.408483,0.908129,0.09069,-0.014771,6.250828,132.146805,32.07375,-0.216053,0.465369,0.486358,-0.707255,21.067057,115.697655,29.828157,-0.045153,0.287237,0.590695,-0.752686,18.765699,137.514984,18.83099,0.038738,0.924636,0.152425,0.346864,-6.793372,86.193436,6.753669,0.101045,0.963663,-0.028487,0.245624,-5.558243,51.768269,-4.428182,-0.032272,0.927169,0.035671,0.371542,-15.435301,5.494046,-4.179064,-0.105356,0.889811,-0.09027,0.434727,6.071482,86.879883,20.598927,-0.017193,0.896819,-0.147538,0.416716,10.01942,52.057396,29.734585,-0.027076,0.874893,0.012969,0.483386,5.660362,6.828075,42.934147,-0.032272,0.927169,0.035671,0.371542,-5.164904,0.654426,-14.670165,-0.027076,0.874893,0.012969,0.483386,18.015844,1.385909,35.404804
1066,8.883333,-0.029823,0.91635,0.022714,0.39862,-0.360694,86.536819,13.684111,-0.11552,0.906687,0.153615,0.375468,-0.924912,94.268974,13.82253,-0.012802,0.925178,0.00311,0.379304,-7.773468,113.794281,17.866533,0.100542,0.954311,0.08451,0.268404,-8.326923,135.034927,17.782467,0.002197,0.99188,0.020146,0.125549,-5.178264,149.389084,19.345942,-0.099305,0.757576,0.126596,0.632607,-11.465549,129.422348,15.478848,-0.755753,0.079828,0.488142,-0.429164,-14.518712,129.587128,-1.215386,-0.657449,-0.589155,0.155931,0.443107,-3.155006,117.579056,-16.108696,0.20999,0.305847,-0.62809,-0.684007,4.652653,145.293671,-6.481552,-0.091493,0.929499,0.026381,0.356322,-6.122784,129.582413,20.746553,0.408591,0.908086,0.090615,-0.014892,6.255302,132.150024,32.070717,-0.215811,0.465224,0.486479,-0.70734,21.067451,115.697739,29.821154,-0.044871,0.287078,0.590791,-0.752688,18.765392,137.513138,18.823126,0.03877,0.924581,0.152479,0.346982,-6.794827,86.191216,6.763183,0.101057,0.963692,-0.02843,0.245513,-5.55902,51.767422,-4.422817,-0.032259,0.927151,0.035773,0.37158,-15.435849,5.493134,-4.177994,-0.105343,0.889832,-0.090267,0.434689,6.073439,86.882423,20.605036,-0.017137,0.896823,-0.147475,0.416733,10.021027,52.059685,29.739866,-0.027117,0.874849,0.013003,0.483462,5.659418,6.828439,42.932003,-0.032259,0.927151,0.035773,0.37158,-5.164404,0.656154,-14.669289,-0.027117,0.874849,0.013003,0.483462,18.01679,1.387743,35.404694
1067,8.891667,-0.029993,0.916412,0.022809,0.398458,-0.360101,86.539078,13.691168,-0.115547,0.906716,0.153394,0.375479,-0.927294,94.271019,13.829989,-0.012694,0.925172,0.003271,0.379322,-7.772606,113.795944,17.864656,0.100114,0.954345,0.084442,0.268462,-8.324401,135.036682,17.78863,0.001926,0.991848,0.020338,0.125777,-5.187136,149.393875,19.347168,-0.099399,0.757711,0.126516,0.632446,-11.463388,129.425217,15.482779,-0.755706,0.079948,0.488389,-0.428945,-14.52283,129.584717,-1.210353,-0.657495,-0.588943,0.156072,0.443269,-3.17071,117.57283,-16.109415,0.210209,0.305605,-0.628053,-0.684081,4.649426,145.28598,-6.4882,-0.091511,0.929549,0.026227,0.356196,-6.120785,129.582855,20.750719,0.408586,0.908061,0.090891,-0.014874,6.260227,132.153168,32.071068,-0.215546,0.465,0.486586,-0.707494,21.072571,115.70163,29.817286,-0.04479,0.28692,0.590893,-0.752672,18.76556,137.514374,18.819153,0.038768,0.924549,0.152566,0.347029,-6.796474,86.191147,6.772443,0.101109,0.963599,-0.028482,0.245852,-5.557725,51.769257,-4.419106,-0.032301,0.92712,0.035815,0.371648,-15.4405,5.49624,-4.174252,-0.105335,0.889828,-0.090288,0.434695,6.076271,86.887009,20.609892,-0.017131,0.896855,-0.1475,0.416655,10.022606,52.064426,29.745842,-0.027478,0.874921,0.012927,0.483313,5.660663,6.833848,42.940159,-0.032301,0.92712,0.035815,0.371648,-5.16696,0.660928,-14.664263,-0.027478,0.874921,0.012927,0.483313,18.018679,1.396351,35.411602
1068,8.9,-0.030128,0.916459,0.02285,0.398338,-0.359805,86.540138,13.699785,-0.11554,0.906785,0.153198,0.375395,-0.929145,94.271919,13.838419,-0.012762,0.925204,0.003265,0.379242,-7.770617,113.798775,17.866409,0.099786,0.954384,0.084445,0.268445,-8.324998,135.039429,17.789122,0.00173,0.991825,0.020626,0.125912,-5.196916,149.39888,19.345169,-0.099408,0.757815,0.126357,0.632352,-11.4637,129.427444,15.484168,-0.755636,0.080107,0.488519,-0.42889,-14.527093,129.58252,-1.208283,-0.657596,-0.588789,0.156156,0.443294,-3.181755,117.56427,-16.107378,0.210316,0.305485,-0.628019,-0.684133,4.647767,145.277405,-6.493755,-0.091434,0.929625,0.026174,0.356024,-6.120214,129.586075,20.751183,0.408511,0.90806,0.091274,-0.01463,6.26545,132.154984,32.066761,-0.21523,0.464735,0.4866,-0.707755,21.080818,115.705742,29.816168,-0.044812,0.286764,0.591121,-0.752552,18.76232,137.515808,18.813599,0.03875,0.924549,0.152649,0.346996,-6.797846,86.190094,6.782717,0.101136,0.963554,-0.028507,0.246012,-5.55621,51.769947,-4.413859,-0.032342,0.927112,0.035861,0.37166,-15.441981,5.497566,-4.169001,-0.10532,0.889851,-0.090312,0.434646,6.078236,86.890182,20.616854,-0.017084,0.896864,-0.147439,0.41666,10.023335,52.067692,29.753685,-0.027663,0.874894,0.012828,0.483353,5.65971,6.835267,42.941105,-0.032342,0.927112,0.035861,0.37166,-5.167638,0.66395,-14.659005,-0.027663,0.874894,0.012828,0.483353,18.019783,1.397969,35.415775
1069,8.908333,-0.030178,0.916525,0.02278,0.398186,-0.363838,86.539368,13.709086,-0.115475,0.906859,0.153042,0.3753,-0.933435,94.271149,13.846519,-0.012799,0.925235,0.003165,0.379166,-7.769212,113.79924,17.870207,0.099673,0.954375,0.084474,0.26851,-8.323463,135.039871,17.788435,0.001314,0.991792,0.020811,0.126149,-5.198761,149.40004,19.344728,-0.099329,0.75791,0.126243,0.632273,-11.462577,129.427414,15.485194,-0.755514,0.08032,0.488715,-0.428842,-14.529914,129.581451,-1.206546,-0.657724,-0.588595,0.156243,0.443333,-3.1946,117.553772,-16.105663,0.21046,0.305254,-0.627962,-0.684244,4.647157,145.266418,-6.500562,-0.091373,0.929653,0.02602,0.355977,-6.118237,129.587143,20.751316,0.408873,0.907918,0.091023,-0.014938,6.268935,132.156128,32.065235,-0.215264,0.464681,0.486842,-0.707614,21.070751,115.695953,29.805395,-0.044731,0.28664,0.591178,-0.752559,18.761129,137.513351,18.810186,0.038705,0.924519,0.152756,0.347033,-6.804114,86.187828,6.794174,0.101139,0.963573,-0.028441,0.245945,-5.556239,51.769806,-4.408252,-0.032272,0.927111,0.035909,0.371664,-15.440768,5.497134,-4.168822,-0.105339,0.889854,-0.090271,0.434643,6.076438,86.8909,20.623999,-0.017039,0.896937,-0.14745,0.416499,10.024113,52.06815,29.758762,-0.026981,0.874941,0.013108,0.4833,5.658636,6.835872,42.946083,-0.032272,0.927111,0.035909,0.371664,-5.166863,0.664037,-14.659503,-0.026981,0.874941,0.013108,0.4833,18.012392,1.395777,35.412407
1070,8.916667,-0.030255,0.91657,0.022673,0.398084,-0.366304,86.535759,13.718321,-0.115485,0.906925,0.1529,0.375196,-0.936324,94.267548,13.853818,-0.012764,0.925278,0.003018,0.379064,-7.770321,113.798714,17.873133,0.099687,0.954357,0.08459,0.268534,-8.320836,135.039429,17.786186,0.000809,0.991772,0.020942,0.126293,-5.196653,149.399323,19.345978,-0.09935,0.75806,0.126091,0.63212,-11.461443,129.426941,15.48503,-0.755374,0.080539,0.488836,-0.428909,-14.535192,129.575989,-1.20557,-0.657902,-0.588407,0.156316,0.443292,-3.206747,117.537689,-16.101326,0.210539,0.305024,-0.627894,-0.684385,4.647101,145.250748,-6.507352,-0.091285,0.929755,0.025876,0.355742,-6.115928,129.587036,20.749943,0.409278,0.907771,0.090635,-0.015112,6.277464,132.155487,32.057159,-0.215203,0.464573,0.487174,-0.707476,21.064314,115.682076,29.795807,-0.044285,0.28605,0.591381,-0.75265,18.765366,137.506927,18.808661,0.038692,0.924496,0.152892,0.347036,-6.808024,86.182007,6.804868,0.101131,0.963352,-0.028556,0.246801,-5.555757,51.766895,-4.406024,-0.032253,0.927124,0.035927,0.371633,-15.442474,5.494696,-4.16469,-0.105312,0.889914,-0.090209,0.43454,6.075416,86.889511,20.631773,-0.017034,0.896914,-0.147399,0.416568,10.024456,52.065552,29.761303,-0.027495,0.874957,0.013027,0.483243,5.659579,6.83184,42.943897,-0.032253,0.927124,0.035927,0.371633,-5.169404,0.661873,-14.656308,-0.027495,0.874957,0.013027,0.483243,18.017067,1.397067,35.412502
1071,8.925,-0.030324,0.916632,0.022549,0.397943,-0.369358,86.533379,13.729546,-0.115477,0.906992,0.152727,0.375106,-0.939568,94.26519,13.862942,-0.01274,0.92531,0.002901,0.378986,-7.769804,113.79731,17.876366,0.099777,0.954318,0.084768,0.268581,-8.317495,135.038071,17.785254,0.000207,0.991754,0.020956,0.12643,-5.19219,149.397095,19.35099,-0.099231,0.758199,0.125914,0.632008,-11.459232,129.425568,15.48574,-0.755103,0.080453,0.488969,-0.429251,-14.538611,129.572922,-1.203842,-0.658164,-0.588228,0.15624,0.443168,-3.215334,117.528488,-16.098572,0.210613,0.30474,-0.627899,-0.684484,4.652728,145.240524,-6.513304,-0.09122,0.929779,0.025742,0.355708,-6.112827,129.585999,20.749741,0.409485,0.907681,0.09059,-0.015206,6.281803,132.154114,32.055683,-0.215015,0.464422,0.487338,-0.707519,21.060976,115.674332,29.790565,-0.044183,0.285812,0.591474,-0.752674,18.763058,137.499542,18.805176,0.038561,0.924563,0.153041,0.346805,-6.813119,86.177406,6.818109,0.101151,0.96336,-0.028483,0.246771,-5.55108,51.764881,-4.399604,-0.032133,0.927171,0.035934,0.371524,-15.43783,5.492654,-4.165102,-0.105287,0.889937,-0.090171,0.434507,6.074403,86.889359,20.640982,-0.017025,0.896807,-0.147254,0.41685,10.023379,52.064514,29.767179,-0.027014,0.874925,0.01334,0.483321,5.659363,6.826723,42.936039,-0.032133,0.927171,0.035934,0.371524,-5.168375,0.658592,-14.659691,-0.027014,0.874925,0.01334,0.483321,18.014959,1.392937,35.400822
1072,8.933333,-0.030389,0.916676,0.022466,0.39784,-0.372667,86.53418,13.740185,-0.115497,0.907041,0.152571,0.375045,-0.943273,94.265984,13.872067,-0.012718,0.92533,0.002797,0.378938,-7.771015,113.79805,17.879442,0.098599,0.954446,0.084645,0.2686,-8.316159,135.038864,17.784632,0.00065,0.991701,0.021413,0.126766,-5.22274,149.406128,19.337978,-0.099162,0.758363,0.125714,0.631861,-11.458806,129.426315,15.486431,-0.754939,0.080735,0.489038,-0.429407,-14.544931,129.570007,-1.201934,-0.658466,-0.587997,0.156267,0.443016,-3.226667,117.511978,-16.089472,0.21086,0.304405,-0.627883,-0.684572,4.657382,145.224854,-6.519783,-0.091144,0.92983,0.025669,0.355599,-6.111844,129.587036,20.749855,0.409727,0.907573,0.090565,-0.015285,6.285878,132.1539,32.052689,-0.214826,0.464228,0.487574,-0.70754,21.056112,115.666603,29.783953,-0.043969,0.285491,0.591694,-0.752635,18.760614,137.494629,18.802568,0.038514,0.924569,0.153161,0.346742,-6.817895,86.176384,6.830212,0.101156,0.963296,-0.028486,0.247018,-5.550446,51.766266,-4.394267,-0.032125,0.927175,0.035922,0.371517,-15.437799,5.494156,-4.162108,-0.105304,0.889907,-0.090102,0.434578,6.072561,86.891975,20.650158,-0.016997,0.896802,-0.147174,0.41689,10.024126,52.066498,29.77281,-0.027796,0.874896,0.012983,0.483338,5.660272,6.826392,42.933758,-0.032125,0.927175,0.035922,0.371517,-5.16862,0.65969,-14.656776,-0.027796,0.874896,0.012983,0.483338,18.022163,1.394892,35.407227
1073,8.941667,-0.030507,0.91671,0.022515,0.39775,-0.373253,86.535561,13.748968,-0.115481,0.907088,0.152396,0.375008,-0.945829,94.26722,13.880876,-0.012722,0.925343,0.002742,0.378908,-7.769454,113.79969,17.881882,0.098348,0.954475,0.08464,0.268591,-8.313861,135.040527,17.784864,0.000378,0.991688,0.021632,0.126836,-5.227394,149.409515,19.336117,-0.0991,0.758508,0.125381,0.631763,-11.456849,129.427841,15.487453,-0.754767,0.081072,0.489071,-0.429608,-14.54761,129.565079,-1.200113,-0.658761,-0.587831,0.156299,0.442785,-3.23322,117.491302,-16.07785,0.211137,0.304143,-0.627751,-0.684725,4.662049,145.206772,-6.524886,-0.09104,0.929875,0.02559,0.355513,-6.109549,129.588943,20.750525,0.409947,0.907455,0.090753,-0.015278,6.29089,132.153687,32.050861,-0.214602,0.463939,0.487888,-0.707581,21.053127,115.65976,29.778173,-0.043658,0.285061,0.5919,-0.752655,18.759516,137.491745,18.803709,0.038518,0.924536,0.153174,0.346826,-6.819702,86.176033,6.840222,0.101171,0.963294,-0.028425,0.247024,-5.551135,51.766212,-4.385045,-0.032006,0.927159,0.036077,0.371552,-15.438432,5.494064,-4.158875,-0.10536,0.889962,-0.09011,0.434451,6.073197,86.895088,20.657713,-0.016901,0.896949,-0.147219,0.416561,10.029338,52.070564,29.782021,-0.027715,0.874956,0.013012,0.483233,5.660385,6.831417,42.944603,-0.032006,0.927159,0.036077,0.371552,-5.169144,0.662464,-14.654758,-0.027715,0.874956,0.013012,0.483233,18.01981,1.399411,35.414391
1074,8.95,-0.030636,0.916741,0.022561,0.397667,-0.374272,86.536369,13.760244,-0.11548,0.907135,0.152143,0.374996,-0.94895,94.267868,13.892056,-0.012717,0.925348,0.002746,0.378897,-7.767693,113.800598,17.88315,0.098168,0.954511,0.08453,0.268564,-8.311965,135.041428,17.786369,4.8e-05,0.991681,0.021871,0.126851,-5.229666,149.411804,19.333019,-0.098941,0.75868,0.125092,0.631638,-11.455048,129.428787,15.48898,-0.754669,0.081547,0.489118,-0.429637,-14.552207,129.56282,-1.19742,-0.659101,-0.587576,0.156324,0.442609,-3.243282,117.471947,-16.065411,0.211458,0.303943,-0.627678,-0.684781,4.669747,145.188324,-6.529828,-0.090828,0.929886,0.025486,0.355547,-6.107615,129.589798,20.751919,0.410062,0.907374,0.091041,-0.015281,6.293334,132.149094,32.052933,-0.214338,0.46366,0.488154,-0.707662,21.051365,115.652214,29.774445,-0.04346,0.284657,0.592084,-0.752674,18.757803,137.485596,18.804708,0.038468,0.924601,0.153272,0.346613,-6.821823,86.174889,6.85263,0.101198,0.963226,-0.028442,0.247278,-5.549971,51.766968,-4.378077,-0.032114,0.927148,0.03612,0.371564,-15.440212,5.495444,-4.153636,-0.105406,0.889943,-0.090047,0.434492,6.07328,86.897842,20.66786,-0.016843,0.896916,-0.147196,0.416643,10.033967,52.073204,29.78973,-0.027181,0.87494,0.013208,0.483288,5.659841,6.83321,42.947666,-0.032114,0.927148,0.03612,0.371564,-5.169444,0.666248,-14.649179,-0.027181,0.87494,0.013208,0.483288,18.015875,1.398501,35.413837
1075,8.958333,-0.030698,0.916751,0.022524,0.39764,-0.374353,86.537636,13.770845,-0.115606,0.907144,0.151957,0.375011,-0.949683,94.269112,13.90177,-0.012468,0.925351,0.002629,0.378897,-7.771723,113.806702,17.884493,0.098057,0.954509,0.084568,0.268599,-8.304342,135.047836,17.787115,-0.000397,0.991666,0.021987,0.126943,-5.225428,149.418884,19.334145,-0.09905,0.758823,0.124792,0.631509,-11.450503,129.436844,15.489885,-0.754512,0.082105,0.489185,-0.429732,-14.552474,129.560608,-1.195704,-0.659464,-0.587379,0.156306,0.442337,-3.25051,117.448219,-16.051483,0.212062,0.303592,-0.627662,-0.684764,4.676963,145.166565,-6.533607,-0.090541,0.929902,0.025392,0.355583,-6.10298,129.595062,20.752815,0.410389,0.907205,0.091253,-0.015294,6.298856,132.146454,32.054646,-0.213988,0.463338,0.488533,-0.707716,21.044931,115.639664,29.770555,-0.043087,0.284338,0.59234,-0.752615,18.755033,137.475586,18.806664,0.038454,0.924644,0.153256,0.346507,-6.822243,86.174789,6.863619,0.101215,0.963252,-0.028315,0.247181,-5.551195,51.76643,-4.365844,-0.032074,0.927148,0.036229,0.371558,-15.439996,5.494547,-4.152396,-0.105431,0.889925,-0.089979,0.434535,6.073537,86.900482,20.678074,-0.016782,0.89694,-0.147157,0.416607,10.037563,52.07534,29.796577,-0.027664,0.874976,0.013133,0.483196,5.660289,6.834087,42.94915,-0.032074,0.927148,0.036229,0.371558,-5.169402,0.667853,-14.649257,-0.027664,0.874976,0.013133,0.483196,18.019169,1.404364,35.416389
1076,8.966667,-0.030744,0.916771,0.022422,0.397596,-0.377898,86.535995,13.78293,-0.115665,0.907168,0.151749,0.375021,-0.953247,94.267494,13.912142,-0.012344,0.925347,0.002484,0.378912,-7.77446,113.807251,17.886105,0.098064,0.954493,0.084579,0.26865,-8.299883,135.048538,17.785011,-0.000878,0.99165,0.022172,0.127033,-5.220878,149.419525,19.332603,-0.098983,0.758965,0.124497,0.631407,-11.447869,129.438232,15.488654,-0.75419,0.082804,0.488993,-0.43038,-14.554651,129.556473,-1.196079,-0.659938,-0.587305,0.156382,0.4417,-3.249462,117.411385,-16.022669,0.212283,0.30328,-0.627363,-0.685108,4.681838,145.139694,-6.537055,-0.090462,0.930025,0.02542,0.355281,-6.100465,129.595551,20.751732,0.410993,0.906956,0.091016,-0.01518,6.309134,132.144775,32.045525,-0.213681,0.463144,0.488888,-0.707691,21.03326,115.617477,29.768082,-0.042882,0.283746,0.59271,-0.752559,18.751354,137.457901,18.806938,0.038448,0.924636,0.153321,0.346501,-6.826398,86.171547,6.876356,0.101215,0.963281,-0.028199,0.247082,-5.553383,51.764606,-4.357211,-0.032242,0.927125,0.036215,0.371603,-15.439476,5.492097,-4.153254,-0.105471,0.889981,-0.089898,0.434428,6.070601,86.900444,20.689505,-0.016695,0.897015,-0.147109,0.416467,10.040939,52.074848,29.803577,-0.027794,0.874968,0.013141,0.483203,5.660239,6.831968,42.949398,-0.032242,0.927125,0.036215,0.371603,-5.166247,0.666943,-14.648245,-0.027794,0.874968,0.013141,0.483203,18.020565,1.404309,35.417526
1077,8.975,-0.030723,0.916789,0.022273,0.397565,-0.381757,86.535141,13.794761,-0.115737,0.907184,0.151571,0.375031,-0.955892,94.266769,13.92201,-0.012161,0.925348,0.002327,0.378918,-7.776917,113.807404,17.887953,0.098083,0.954493,0.084557,0.268649,-8.292602,135.04892,17.783625,-0.00141,0.991646,0.022373,0.127023,-5.212895,149.4198,19.330736,-0.098808,0.759172,0.124094,0.631265,-11.443129,129.439697,15.488078,-0.753968,0.083446,0.488945,-0.4307,-14.557198,129.552536,-1.195332,-0.660411,-0.587105,0.156379,0.441261,-3.254682,117.380692,-16.002001,0.212731,0.30295,-0.627128,-0.68533,4.690912,145.113571,-6.54181,-0.090274,0.930015,0.025269,0.355365,-6.095725,129.595367,20.751205,0.411688,0.906636,0.091052,-0.015274,6.313018,132.140381,32.04689,-0.213229,0.462953,0.489324,-0.707651,21.011587,115.591324,29.762426,-0.04306,0.283507,0.593029,-0.752387,18.741964,137.433441,18.802658,0.038399,0.924678,0.153389,0.346364,-6.830736,86.169914,6.888677,0.101201,0.963342,-0.028066,0.246865,-5.554317,51.764225,-4.348334,-0.032135,0.927178,0.036196,0.371482,-15.436025,5.490744,-4.153927,-0.105486,0.890063,-0.089771,0.434282,6.067223,86.900368,20.700846,-0.016603,0.897054,-0.147088,0.416395,10.044087,52.07336,29.806625,-0.027342,0.874911,0.013275,0.483329,5.657545,6.82961,42.947495,-0.032135,0.927178,0.036196,0.371482,-5.166646,0.663798,-14.65186,-0.027342,0.874911,0.013275,0.483329,18.01622,1.398924,35.415096
1078,8.983333,-0.030757,0.916806,0.022138,0.397532,-0.384257,86.534416,13.80628,-0.115803,0.907192,0.151414,0.375054,-0.958036,94.266098,13.931423,-0.012008,0.925336,0.00215,0.378953,-7.779542,113.808693,17.890396,0.098073,0.954473,0.084576,0.268719,-8.286348,135.050385,17.781557,-0.001886,0.991629,0.02253,0.127123,-5.207054,149.42128,19.329439,-0.098745,0.759329,0.123753,0.631153,-11.439039,129.442017,15.486944,-0.753733,0.084089,0.488855,-0.431086,-14.558315,129.548172,-1.195541,-0.660862,-0.586941,0.156419,0.440788,-3.256699,117.348907,-15.98033,0.213027,0.302751,-0.626966,-0.685474,4.69979,145.087921,-6.547227,-0.090008,0.930023,0.025065,0.355427,-6.09198,129.596558,20.750458,0.412577,0.906261,0.090709,-0.015559,6.316886,132.13559,32.047348,-0.212914,0.462882,0.489926,-0.707376,20.982441,115.558456,29.754311,-0.043038,0.282919,0.593404,-0.752314,18.738361,137.408112,18.801388,0.038376,0.92465,0.153408,0.346434,-6.833706,86.167564,6.900719,0.101228,0.963407,-0.027883,0.246621,-5.554466,51.762154,-4.336832,-0.031968,0.927144,0.036288,0.37157,-15.434291,5.488205,-4.157269,-0.105476,0.890129,-0.089648,0.434177,6.065191,86.901268,20.711842,-0.016603,0.897026,-0.147039,0.416471,10.046429,52.072502,29.80901,-0.027486,0.874937,0.013199,0.483275,5.660725,6.827375,42.945435,-0.031968,0.927144,0.036288,0.37157,-5.164302,0.661912,-14.654911,-0.027486,0.874937,0.013199,0.483275,18.019524,1.396795,35.413158
1079,8.991667,-0.03079,0.916825,0.022071,0.397489,-0.386903,86.534798,13.818702,-0.115841,0.907203,0.151223,0.375094,-0.960724,94.266495,13.942711,-0.011864,0.925315,0.001963,0.379009,-7.781185,113.81179,17.893757,0.098016,0.954441,0.084723,0.268807,-8.279319,135.053665,17.779869,-0.002348,0.991611,0.02266,0.127237,-5.202774,149.424698,19.331867,-0.098679,0.7595,0.123248,0.631056,-11.434013,129.446045,15.486185,-0.753417,0.084633,0.488752,-0.43165,-14.557894,129.542114,-1.195501,-0.661251,-0.586866,0.156464,0.440289,-3.255877,117.315521,-15.957382,0.213236,0.302428,-0.627004,-0.685518,4.70511,145.061829,-6.549626,-0.089698,0.930007,0.024863,0.35556,-6.087539,129.59964,20.75032,0.41319,0.905965,0.090871,-0.015593,6.320014,132.131165,32.050343,-0.212226,0.462534,0.490727,-0.707255,20.962997,115.534988,29.750708,-0.042768,0.281542,0.594759,-0.751775,18.741556,137.391434,18.80381,0.038327,0.924618,0.153435,0.346512,-6.836953,86.166847,6.91376,0.101282,0.963436,-0.027751,0.246503,-5.552794,51.761765,-4.324251,-0.032109,0.927152,0.036281,0.371541,-15.434454,5.48816,-4.156767,-0.105573,0.890195,-0.089578,0.434032,6.063146,86.902748,20.723644,-0.016427,0.897164,-0.147005,0.416194,10.054318,52.074562,29.818693,-0.027381,0.874905,0.013282,0.483337,5.659051,6.827962,42.94685,-0.032109,0.927152,0.036281,0.371541,-5.16373,0.663272,-14.654339,-0.027381,0.874905,0.013282,0.483337,18.018282,1.397995,35.414841
1080,9.0,-0.03086,0.916845,0.022,0.39744,-0.388674,86.537262,13.831663,-0.115829,0.907222,0.15104,0.375124,-0.963051,94.268944,13.954258,-0.011783,0.925298,0.001849,0.379054,-7.779551,113.81414,17.897964,0.097914,0.954436,0.084716,0.268864,-8.272651,135.056122,17.780882,-0.002754,0.991595,0.022812,0.127323,-5.198902,149.427826,19.332134,-0.098707,0.759635,0.12285,0.630967,-11.428444,129.448883,15.487717,-0.753176,0.085136,0.488681,-0.432051,-14.555949,129.534866,-1.19334,-0.661545,-0.586756,0.156607,0.439943,-3.254653,117.28495,-15.936425,0.213305,0.302111,-0.627005,-0.685635,4.711425,145.037842,-6.552462,-0.089387,0.930001,0.024508,0.35568,-6.082455,129.602005,20.752357,0.413756,0.905654,0.09143,-0.015392,6.324086,132.127884,32.054752,-0.211411,0.462029,0.491457,-0.707322,20.946514,115.514198,29.750814,-0.042441,0.2806,0.595719,-0.751387,18.73744,137.373352,18.8081,0.038295,0.924611,0.153514,0.3465,-6.839383,86.167526,6.927433,0.101341,0.96342,-0.027709,0.246543,-5.551216,51.764023,-4.31494,-0.032003,0.927118,0.036339,0.371629,-15.437281,5.49134,-4.153076,-0.105615,0.890204,-0.089509,0.434017,6.062034,86.907005,20.735893,-0.016337,0.897231,-0.146975,0.416063,10.05821,52.078568,29.827742,-0.027795,0.874931,0.013225,0.483268,5.658406,6.830838,42.950459,-0.032003,0.927118,0.036339,0.371629,-5.165471,0.666847,-14.649762,-0.027795,0.874931,0.013225,0.483268,18.020279,1.405365,35.419556
1081,9.008333,-0.030948,0.916871,0.021979,0.397375,-0.387539,86.537277,13.842466,-0.115792,0.907236,0.150923,0.375151,-0.963033,94.26889,13.964267,-0.011885,0.925263,0.001658,0.379138,-7.775329,113.812599,17.903364,0.097919,0.95439,0.084762,0.269011,-8.269373,135.05452,17.777052,-0.003166,0.991565,0.022999,0.127517,-5.195843,149.426056,19.330273,-0.098547,0.759689,0.122494,0.630996,-11.424483,129.446152,15.48571,-0.752893,0.085863,0.488535,-0.432566,-14.551832,129.52858,-1.1954,-0.661863,-0.586666,0.156847,0.439499,-3.249691,117.247032,-15.911494,0.213137,0.301896,-0.626995,-0.68579,4.718266,145.009796,-6.558383,-0.088929,0.930006,0.023949,0.355818,-6.079484,129.601776,20.751282,0.414442,0.905345,0.09139,-0.015363,6.32649,132.119843,32.056042,-0.210999,0.46185,0.492052,-0.707149,20.923681,115.48407,29.751448,-0.042134,0.279927,0.596363,-0.751144,18.734964,137.350632,18.814093,0.038267,0.924629,0.153553,0.346437,-6.839123,86.16581,6.939145,0.101393,0.963434,-0.027621,0.246477,-5.548786,51.763035,-4.305194,-0.031991,0.927098,0.036484,0.371665,-15.437454,5.490881,-4.151863,-0.105635,0.890189,-0.089465,0.434052,6.064044,86.908745,20.745787,-0.016238,0.897328,-0.146976,0.415856,10.062601,52.08004,29.835579,-0.027428,0.874937,0.01335,0.483276,5.65734,6.832054,42.955582,-0.031991,0.927098,0.036484,0.371665,-5.164475,0.670236,-14.649175,-0.027428,0.874937,0.01335,0.483276,18.016319,1.40445,35.421459
1082,9.016667,-0.031002,0.916918,0.021857,0.397268,-0.388624,86.53598,13.855439,-0.115728,0.907411,0.150613,0.374871,-0.964121,94.267616,13.975239,-0.011827,0.925414,0.001554,0.37877,-7.768072,113.815666,17.905914,0.098084,0.954377,0.085053,0.268906,-8.258182,135.057648,17.776669,-0.003781,0.991548,0.022953,0.127636,-5.18233,149.427719,19.338963,-0.0987,0.759744,0.122196,0.630964,-11.416171,129.449539,15.488707,-0.752678,0.086184,0.488707,-0.432681,-14.543861,129.521301,-1.192379,-0.661975,-0.586515,0.157005,0.439475,-3.251671,117.223991,-15.902935,0.21309,0.301618,-0.627035,-0.68589,4.723977,144.988708,-6.56215,-0.08885,0.929912,0.023838,0.356092,-6.066971,129.604965,20.750015,0.415711,0.904767,0.091316,-0.015558,6.332864,132.121353,32.061878,-0.21023,0.461477,0.493071,-0.706911,20.882887,115.445862,29.746038,-0.041857,0.279082,0.597515,-0.750558,18.726131,137.325729,18.816441,0.038291,0.924638,0.153683,0.346352,-6.841745,86.162582,6.953665,0.101377,0.963481,-0.027524,0.246313,-5.550736,51.762817,-4.29984,-0.031937,0.92711,0.036535,0.371635,-15.435733,5.489853,-4.153324,-0.105617,0.890221,-0.089393,0.434006,6.064497,86.90937,20.757214,-0.0162,0.8973,-0.146895,0.415948,10.064665,52.079453,29.841635,-0.027466,0.874923,0.013463,0.483295,5.658053,6.82908,42.95298,-0.031937,0.92711,0.036535,0.371635,-5.163812,0.669946,-14.652006,-0.027466,0.874923,0.013463,0.483295,18.018299,1.404872,35.418495
1083,9.025,-0.030982,0.916967,0.021644,0.397169,-0.391507,86.533623,13.86758,-0.11571,0.907445,0.150504,0.374837,-0.965386,94.265427,13.984532,-0.011821,0.925411,0.001307,0.378778,-7.766912,113.815201,17.911749,0.098284,0.954293,0.085267,0.269063,-8.25281,135.05722,17.772881,-0.004348,0.991516,0.022965,0.127869,-5.173065,149.425552,19.343426,-0.098746,0.759821,0.121822,0.630937,-11.41186,129.448685,15.487383,-0.752434,0.086649,0.488597,-0.433138,-14.540386,129.510895,-1.193586,-0.662228,-0.586478,0.157141,0.439095,-3.246979,117.191147,-15.884425,0.21327,0.301174,-0.62715,-0.685925,4.728737,144.963379,-6.566089,-0.088313,0.9298,0.023142,0.356564,-6.062747,129.605453,20.748741,0.416585,0.904359,0.091334,-0.015785,6.328894,132.112595,32.071625,-0.209669,0.461248,0.493925,-0.706631,20.846249,115.410439,29.743061,-0.041282,0.278568,0.598355,-0.750111,18.720364,137.299484,18.822245,0.038255,0.924686,0.153814,0.346169,-6.846139,86.158913,6.967288,0.101378,0.96346,-0.027469,0.246401,-5.551647,51.761871,-4.294125,-0.03197,0.927123,0.036456,0.371608,-15.435466,5.488634,-4.153559,-0.105622,0.890285,-0.089391,0.433873,6.063125,86.908333,20.767874,-0.016109,0.897391,-0.146818,0.415782,10.065026,52.078461,29.851727,-0.027523,0.874924,0.013487,0.48329,5.656121,6.825683,42.953979,-0.03197,0.927123,0.036456,0.371608,-5.164063,0.666945,-14.651929,-0.027523,0.874924,0.013487,0.48329,18.016964,1.402907,35.419441
1084,9.033333,-0.030937,0.916995,0.021418,0.397119,-0.394067,86.529213,13.880569,-0.115734,0.907495,0.150354,0.374771,-0.965922,94.261208,13.994625,-0.011741,0.92544,0.001089,0.378711,-7.766351,113.814102,17.916649,0.098518,0.954244,0.085341,0.269129,-8.245629,135.056229,17.770523,-0.004898,0.991493,0.023032,0.128011,-5.159938,149.422821,19.345242,-0.098771,0.759858,0.121503,0.63095,-11.406754,129.447906,15.487406,-0.752071,0.087264,0.488442,-0.433817,-14.534561,129.502563,-1.193727,-0.662532,-0.586467,0.157434,0.438546,-3.239202,117.151794,-15.85701,0.213312,0.300826,-0.627208,-0.686011,4.731719,144.936951,-6.57317,-0.087955,0.929749,0.022673,0.356813,-6.05685,129.604797,20.747957,0.417693,0.903889,0.090861,-0.016188,6.330893,132.105988,32.076424,-0.209385,0.461151,0.494766,-0.706191,20.806519,115.36927,29.736238,-0.040727,0.278104,0.598998,-0.749801,18.716682,137.272888,18.828783,0.038291,0.924696,0.153866,0.346116,-6.849507,86.153549,6.981084,0.101334,0.963503,-0.027296,0.246268,-5.556708,51.757858,-4.284652,-0.031889,0.927128,0.036602,0.371587,-15.432554,5.482891,-4.157448,-0.105581,0.890351,-0.089271,0.433773,6.061373,86.904877,20.780054,-0.016044,0.89745,-0.146791,0.415667,10.065561,52.072834,29.854548,-0.027909,0.87498,0.013569,0.483164,5.653982,6.819093,42.95256,-0.031889,0.927128,0.036602,0.371587,-5.161957,0.664237,-14.658,-0.027909,0.87498,0.013569,0.483164,18.016893,1.403857,35.415997
1085,9.041667,-0.030902,0.917041,0.021228,0.397027,-0.395807,86.52816,13.893554,-0.115755,0.907513,0.150236,0.374767,-0.965982,94.260315,14.005171,-0.011738,0.925422,0.000881,0.378754,-7.765541,113.814857,17.922546,0.098632,0.954185,0.085411,0.269274,-8.24135,135.056992,17.768259,-0.005256,0.991462,0.023133,0.128221,-5.153028,149.422638,19.346445,-0.098861,0.75987,0.121135,0.630992,-11.403164,129.448303,15.486974,-0.751748,0.087462,0.488468,-0.434309,-14.528582,129.49292,-1.194639,-0.662777,-0.586448,0.157483,0.438183,-3.23587,117.125618,-15.846019,0.213477,0.300701,-0.627252,-0.685974,4.735491,144.916595,-6.579928,-0.087778,0.929723,0.022413,0.356942,-6.05375,129.606339,20.747992,0.418666,0.903456,0.090667,-0.016307,6.331951,132.104904,32.079277,-0.208841,0.460876,0.495586,-0.705956,20.771191,115.337456,29.734289,-0.040028,0.277592,0.600078,-0.749164,18.70878,137.248932,18.836744,0.038263,0.924714,0.15397,0.346026,-6.852668,86.151596,6.995444,0.101341,0.963507,-0.027211,0.24626,-5.556426,51.758076,-4.276489,-0.031944,0.927132,0.036562,0.371577,-15.430903,5.48279,-4.157092,-0.105545,0.890373,-0.089194,0.433751,6.061054,86.904716,20.791664,-0.016044,0.89744,-0.146717,0.415715,10.065608,52.071117,29.860052,-0.028166,0.874955,0.013411,0.483198,5.656178,6.815329,42.951721,-0.031944,0.927132,0.036562,0.371577,-5.160103,0.663688,-14.657244,-0.028166,0.874955,0.013411,0.483198,18.021442,1.399825,35.419201
1086,9.05,-0.031038,0.91708,0.021244,0.396926,-0.390819,86.530769,13.902709,-0.1158,0.907526,0.150112,0.374771,-0.963008,94.262787,14.013788,-0.011746,0.925403,0.000756,0.378803,-7.761891,113.816902,17.92547,0.09856,0.954147,0.08549,0.269408,-8.235978,135.059052,17.766111,-0.005496,0.991428,0.023258,0.128451,-5.150283,149.425003,19.346577,-0.098994,0.759859,0.120822,0.631044,-11.397995,129.450073,15.485811,-0.751546,0.087709,0.488411,-0.434673,-14.520285,129.484772,-1.196408,-0.66295,-0.586501,0.157586,0.437813,-3.226996,117.103218,-15.835297,0.213769,0.30068,-0.627334,-0.685818,4.738604,144.901703,-6.586792,-0.087559,0.929677,0.022079,0.357136,-6.049137,129.608917,20.747366,0.419406,0.903072,0.091128,-0.015972,6.333141,132.104355,32.083084,-0.208042,0.460577,0.496398,-0.705816,20.745274,115.313293,29.74029,-0.039372,0.276895,0.600779,-0.748895,18.70887,137.228821,18.844902,0.038312,0.924747,0.153966,0.345933,-6.849041,86.151924,7.006001,0.101356,0.963499,-0.027137,0.246291,-5.557352,51.758587,-4.267048,-0.031993,0.927132,0.036614,0.371566,-15.431518,5.483219,-4.155022,-0.105454,0.890425,-0.089208,0.433665,6.067403,86.909615,20.799416,-0.01602,0.897446,-0.146694,0.415711,10.066646,52.074814,29.865534,-0.027795,0.874956,0.0135,0.483215,5.656193,6.818318,42.954437,-0.031993,0.927132,0.036614,0.371566,-5.160323,0.666061,-14.655677,-0.027795,0.874956,0.0135,0.483215,18.018511,1.399728,35.419308
1087,9.058333,-0.031119,0.917119,0.02118,0.396832,-0.388142,86.533585,13.914338,-0.115885,0.907512,0.149945,0.374845,-0.961077,94.265572,14.024069,-0.011706,0.925349,0.000633,0.378936,-7.760759,113.820412,17.927492,0.098513,0.954075,0.085563,0.269658,-8.231272,135.062592,17.763878,-0.005745,0.991373,0.023429,0.128834,-5.147452,149.428665,19.347105,-0.099127,0.759869,0.120598,0.631055,-11.393559,129.453705,15.483747,-0.751399,0.087982,0.488316,-0.434979,-14.514492,129.480179,-1.198745,-0.663112,-0.586548,0.157696,0.437466,-3.219224,117.085251,-15.82478,0.214085,0.300586,-0.627381,-0.685718,4.740968,144.890961,-6.593325,-0.087307,0.929639,0.02175,0.357317,-6.046201,129.612701,20.746826,0.420035,0.902781,0.091153,-0.015786,6.333187,132.103912,32.086624,-0.207514,0.46044,0.497024,-0.705621,20.722099,115.292297,29.748491,-0.038575,0.276402,0.601404,-0.748617,18.709948,137.212341,18.855272,0.038382,0.924773,0.15398,0.345849,-6.847682,86.152802,7.018969,0.101359,0.963454,-0.0271,0.246473,-5.561338,51.760162,-4.256821,-0.032073,0.927105,0.036655,0.371623,-15.434924,5.484658,-4.150147,-0.105451,0.890482,-0.089275,0.433533,6.071397,86.914375,20.809708,-0.015902,0.897527,-0.146614,0.415568,10.069614,52.080391,29.879417,-0.028012,0.874962,0.013492,0.483193,5.65443,6.821299,42.957737,-0.032073,0.927105,0.036655,0.371623,-5.161517,0.669555,-14.649584,-0.028012,0.874962,0.013492,0.483193,18.018478,1.405594,35.423367
1088,9.066667,-0.031127,0.917132,0.02105,0.396808,-0.387073,86.534828,13.924553,-0.115931,0.907403,0.149953,0.375093,-0.95932,94.266884,14.032393,-0.011605,0.925193,0.000233,0.37932,-7.764332,113.828102,17.93487,0.098383,0.953947,0.085884,0.270054,-8.224372,135.070404,17.756948,-0.005878,0.991323,0.023497,0.129198,-5.146729,149.436707,19.349945,-0.099383,0.759918,0.120392,0.630993,-11.387477,129.461563,15.477843,-0.751294,0.088298,0.488221,-0.435202,-14.509304,129.476608,-1.204492,-0.663243,-0.586583,0.157833,0.437171,-3.212389,117.068497,-15.818061,0.214356,0.300531,-0.627534,-0.685517,4.742696,144.881058,-6.602971,-0.086993,0.92962,0.021532,0.357457,-6.04445,129.621384,20.745291,0.420572,0.902532,0.091182,-0.01553,6.333414,132.105194,32.088375,-0.20693,0.460327,0.497558,-0.705489,20.702591,115.275635,29.757959,-0.037895,0.275869,0.602089,-0.748297,18.711346,137.19725,18.862551,0.038403,0.924759,0.154009,0.345871,-6.846958,86.152901,7.029575,0.101395,0.963341,-0.027101,0.246899,-5.561028,51.761032,-4.248593,-0.032012,0.92709,0.036681,0.371663,-15.437922,5.486223,-4.146999,-0.105406,0.890522,-0.089206,0.433478,6.072813,86.916756,20.81953,-0.015867,0.897584,-0.146601,0.415451,10.070963,52.081196,29.883184,-0.02747,0.874942,0.013711,0.483253,5.654986,6.821644,42.959606,-0.032012,0.92709,0.036681,0.371663,-5.164147,0.671148,-14.646086,-0.02747,0.874942,0.013711,0.483253,18.015768,1.403705,35.42149
1089,9.075,-0.031068,0.917133,0.020847,0.396822,-0.388645,86.535637,13.935265,-0.115899,0.907399,0.149797,0.375173,-0.9588,94.267883,14.040577,-0.011623,0.925148,0.000106,0.379428,-7.760519,113.831055,17.93712,0.098242,0.953896,0.085811,0.270309,-8.219179,135.073334,17.753874,-0.005974,0.991258,0.023731,0.129648,-5.144897,149.440598,19.344793,-0.099486,0.759872,0.120176,0.631075,-11.382096,129.464142,15.475397,-0.75119,0.088531,0.488135,-0.43543,-14.499744,129.472382,-1.207723,-0.663276,-0.586675,0.158071,0.43691,-3.20094,117.053619,-15.810773,0.214633,0.300401,-0.62763,-0.685399,4.743005,144.874939,-6.612473,-0.086889,0.929571,0.02126,0.357625,-6.040312,129.624924,20.744072,0.421264,0.902221,0.091098,-0.01531,6.334081,132.108459,32.090996,-0.206343,0.460246,0.498166,-0.705285,20.677614,115.255974,29.768387,-0.036711,0.275499,0.601985,-0.748577,18.712559,137.178162,18.872931,0.038442,0.924783,0.153949,0.345829,-6.848387,86.153229,7.04018,0.101378,0.963354,-0.026934,0.246873,-5.567066,51.760227,-4.235068,-0.031956,0.927089,0.036691,0.37167,-15.438599,5.484244,-4.148061,-0.105355,0.890627,-0.089148,0.433285,6.071097,86.918053,20.830349,-0.015843,0.897599,-0.14653,0.415445,10.069808,52.080959,29.887894,-0.027626,0.87496,0.01364,0.483214,5.654676,6.819367,42.957569,-0.031956,0.927089,0.036691,0.37167,-5.165199,0.668818,-14.647346,-0.027626,0.87496,0.01364,0.483214,18.015991,1.401868,35.420013
1090,9.083333,-0.031017,0.917132,0.020627,0.39684,-0.38823,86.535194,13.945421,-0.115919,0.907393,0.149661,0.375236,-0.956316,94.267639,14.047909,-0.011556,0.925117,-3.1e-05,0.379507,-7.757736,113.834419,17.93898,0.098247,0.953825,0.085964,0.270509,-8.211546,135.076767,17.751402,-0.006121,0.991214,0.023824,0.129964,-5.138316,149.44368,19.347557,-0.099475,0.759901,0.119957,0.631083,-11.37534,129.467834,15.473497,-0.751198,0.088621,0.488261,-0.435258,-14.492701,129.471619,-1.209679,-0.663216,-0.586632,0.158237,0.436998,-3.200056,117.05114,-15.816043,0.2149,0.300265,-0.627801,-0.685219,4.743759,144.87384,-6.621819,-0.086837,0.929507,0.020992,0.357821,-6.034434,129.628464,20.743071,0.421907,0.901942,0.090901,-0.01525,6.335495,132.113312,32.094582,-0.205828,0.460248,0.498661,-0.705084,20.655016,115.239891,29.775673,-0.036208,0.275233,0.602678,-0.748141,18.714108,137.164551,18.876146,0.03847,0.924834,0.153813,0.345752,-6.847762,86.152023,7.050181,0.101359,0.963486,-0.026627,0.246397,-5.572756,51.756149,-4.217021,-0.031943,0.927094,0.036766,0.371652,-15.43545,5.478245,-4.152651,-0.105069,0.890486,-0.088904,0.433694,6.071302,86.918373,20.840662,-0.016138,0.897313,-0.146479,0.416068,10.055552,52.073776,29.875677,-0.028181,0.874957,0.01352,0.48319,5.658362,6.811678,42.949642,-0.031943,0.927094,0.036766,0.371652,-5.162349,0.664698,-14.653095,-0.028181,0.874957,0.01352,0.48319,18.024181,1.399126,35.415916
1091,9.091667,-0.030966,0.917145,0.020267,0.396831,-0.388803,86.537292,13.960949,-0.115937,0.90739,0.149514,0.375297,-0.953961,94.270004,14.058633,-0.011635,0.925069,-0.000205,0.379621,-7.753743,113.837387,17.943264,0.098192,0.953749,0.08605,0.270769,-8.207834,135.079651,17.747492,-0.006134,0.991156,0.023975,0.130379,-5.136838,149.446701,19.34675,-0.09944,0.759886,0.119727,0.63115,-11.370971,129.469803,15.470928,-0.751089,0.088582,0.488288,-0.435423,-14.485723,129.469894,-1.212741,-0.663176,-0.586669,0.15844,0.436936,-3.193972,117.047012,-15.81776,0.21499,0.300103,-0.628041,-0.685042,4.743298,144.874557,-6.632542,-0.086776,0.92944,0.0208,0.358021,-6.031388,129.632523,20.741779,0.422289,0.901793,0.090616,-0.01518,6.33404,132.117432,32.098179,-0.205589,0.460438,0.498939,-0.704833,20.639273,115.23098,29.785961,-0.035709,0.27512,0.60293,-0.748003,18.720592,137.15509,18.882772,0.03846,0.924858,0.153792,0.345697,-6.848537,86.152275,7.065998,0.101378,0.963594,-0.026358,0.245996,-5.574014,51.755871,-4.199646,-0.031976,0.927101,0.036722,0.371636,-15.432206,5.476973,-4.156133,-0.104998,0.890528,-0.088826,0.433642,6.070931,86.922302,20.8559,-0.016099,0.897314,-0.146354,0.416113,10.053715,52.075638,29.883554,-0.027902,0.874972,0.013729,0.483174,5.657568,6.809941,42.945438,-0.031976,0.927101,0.036722,0.371636,-5.159271,0.662594,-14.656363,-0.027902,0.874972,0.013729,0.483174,18.021364,1.398612,35.407513
1092,9.1,-0.030827,0.917129,0.020107,0.396888,-0.389963,86.541428,13.97143,-0.115899,0.907385,0.149348,0.375387,-0.952164,94.274368,14.067678,-0.011702,0.925027,-0.000266,0.379721,-7.747516,113.841629,17.94558,0.098187,0.953672,0.086081,0.271034,-8.203218,135.083847,17.746288,-0.00621,0.991092,0.024113,0.130828,-5.132609,149.450745,19.347511,-0.099497,0.759827,0.11968,0.631221,-11.365418,129.473358,15.469934,-0.751042,0.088526,0.488401,-0.43539,-14.476705,129.471451,-1.214381,-0.663027,-0.586669,0.158726,0.43706,-3.189411,117.049156,-15.823345,0.21494,0.299982,-0.628289,-0.684883,4.742359,144.880188,-6.643862,-0.086794,0.929386,0.020698,0.358162,-6.027003,129.637344,20.741928,0.42244,0.901699,0.090913,-0.014766,6.334893,132.12381,32.10183,-0.205225,0.460471,0.499075,-0.704822,20.635027,115.231613,29.800123,-0.035659,0.275234,0.603478,-0.747522,18.724346,137.153763,18.887747,0.038537,0.924778,0.153606,0.345986,-6.849006,86.157669,7.075761,0.101346,0.963776,-0.026015,0.245332,-5.580891,51.757549,-4.179264,-0.031957,0.927122,0.036759,0.371581,-15.428305,5.476346,-4.159457,-0.104967,0.890547,-0.088751,0.433625,6.06908,86.925186,20.8671,-0.01607,0.897363,-0.146311,0.416023,10.052448,52.07708,29.888937,-0.02823,0.874921,0.013494,0.483255,5.656855,6.810108,42.946564,-0.031957,0.927122,0.036759,0.371581,-5.15666,0.662745,-14.661307,-0.02823,0.874921,0.013494,0.483255,18.024147,1.397647,35.415188
1093,9.108333,-0.03089,0.91711,0.020116,0.396927,-0.386091,86.544403,13.98038,-0.115856,0.907384,0.149161,0.375477,-0.949244,94.277283,14.076337,-0.011827,0.924979,-0.000314,0.379834,-7.740113,113.846001,17.94709,0.097986,0.953588,0.086291,0.271334,-8.199923,135.088089,17.743851,-0.006136,0.991021,0.024186,0.131355,-5.13659,149.455902,19.350756,-0.099653,0.759714,0.119762,0.631316,-11.360466,129.476578,15.467734,-0.751056,0.088339,0.488588,-0.435193,-14.466636,129.47319,-1.217529,-0.66278,-0.586679,0.158964,0.437334,-3.186011,117.057739,-15.837442,0.214896,0.299874,-0.62854,-0.684714,4.740487,144.889313,-6.655102,-0.08682,0.929328,0.020579,0.358312,-6.023377,129.642563,20.741009,0.422465,0.901699,0.090839,-0.01451,6.334728,132.130997,32.104603,-0.205196,0.460657,0.499024,-0.704745,20.634222,115.236687,29.814434,-0.035561,0.275421,0.603646,-0.747322,18.729429,137.156876,18.895893,0.03856,0.924807,0.153477,0.345963,-6.844465,86.159645,7.084142,0.101416,0.963811,-0.025855,0.245184,-5.581479,51.756805,-4.163118,-0.03194,0.92709,0.036866,0.371651,-15.431549,5.476168,-4.158043,-0.104935,0.890543,-0.088752,0.433642,6.072282,86.929169,20.876617,-0.016,0.897452,-0.146267,0.415848,10.053387,52.080578,29.897606,-0.028279,0.874959,0.013452,0.483184,5.656116,6.812155,42.949654,-0.03194,0.92709,0.036866,0.371651,-5.15816,0.665315,-14.659441,-0.028279,0.874959,0.013452,0.483184,18.022463,1.399301,35.417007
1094,9.116667,-0.030941,0.917078,0.020077,0.396997,-0.382798,86.548126,13.98957,-0.115765,0.907375,0.148951,0.375609,-0.946449,94.280983,14.08462,-0.012007,0.924916,-0.000227,0.379982,-7.730512,113.850952,17.94762,0.097921,0.953508,0.08626,0.27165,-8.198786,135.09285,17.744808,-0.006073,0.990948,0.024308,0.13189,-5.13703,149.461014,19.351641,-0.099732,0.75961,0.119737,0.631434,-11.356349,129.480148,15.467532,-0.750943,0.088089,0.488717,-0.435294,-14.456931,129.475021,-1.218775,-0.662599,-0.586726,0.159272,0.437433,-3.179933,117.06369,-15.844997,0.214766,0.299831,-0.628817,-0.684519,4.737257,144.899841,-6.668516,-0.087055,0.929276,0.020705,0.358384,-6.02101,129.648132,20.742514,0.422492,0.901703,0.090707,-0.014293,6.333967,132.142242,32.108265,-0.205251,0.460983,0.498873,-0.704622,20.632742,115.245834,29.829193,-0.035701,0.27584,0.603561,-0.74723,18.735388,137.16156,18.902325,0.038688,0.924759,0.153343,0.346136,-6.840061,86.162231,7.092353,0.101409,0.963825,-0.025693,0.24515,-5.586924,51.757122,-4.14906,-0.031972,0.927076,0.036922,0.371679,-15.432608,5.475548,-4.158236,-0.105,0.890653,-0.08883,0.433383,6.074465,86.934021,20.886786,-0.015769,0.897677,-0.146224,0.415386,10.059862,52.087425,29.913605,-0.027836,0.874955,0.013551,0.483214,5.651409,6.817135,42.955372,-0.031972,0.927076,0.036922,0.371679,-5.158101,0.666593,-14.659413,-0.027836,0.874955,0.013551,0.483214,18.014359,1.400415,35.419933
1095,9.125,-0.030919,0.91704,0.019988,0.397092,-0.38169,86.549522,13.997933,-0.115735,0.907352,0.148742,0.375758,-0.944486,94.282455,14.091786,-0.012078,0.924851,-0.000201,0.380139,-7.724166,113.853302,17.946005,0.097821,0.953424,0.086252,0.271984,-8.195604,135.095139,17.742985,-0.006008,0.990868,0.024485,0.13246,-5.136589,149.463837,19.350233,-0.099769,0.759537,0.119785,0.631507,-11.35154,129.481934,15.464645,-0.750884,0.087785,0.488795,-0.43537,-14.448753,129.477402,-1.222289,-0.662364,-0.586798,0.159599,0.437573,-3.172781,117.073288,-15.855419,0.214579,0.299701,-0.629006,-0.684461,4.732951,144.913986,-6.682864,-0.087221,0.9292,0.020742,0.358539,-6.018021,129.650742,20.741442,0.422263,0.901826,0.090607,-0.013919,6.332186,132.149307,32.111404,-0.205314,0.461318,0.498534,-0.704624,20.640026,115.258171,29.850065,-0.035802,0.276224,0.603375,-0.747233,18.741209,137.167389,18.909498,0.038763,0.924743,0.153215,0.346228,-6.837552,86.163399,7.099418,0.101405,0.963864,-0.025519,0.245014,-5.591568,51.755871,-4.1354,-0.032043,0.927075,0.036999,0.371667,-15.432885,5.473372,-4.158977,-0.104962,0.890663,-0.088782,0.433382,6.074172,86.935646,20.89645,-0.01575,0.897731,-0.146184,0.415285,10.058691,52.087856,29.91901,-0.028226,0.874997,0.013472,0.483117,5.651647,6.816411,42.957245,-0.032043,0.927075,0.036999,0.371667,-5.157677,0.66729,-14.660785,-0.028226,0.874997,0.013472,0.483117,18.016417,1.403262,35.422222
1096,9.133333,-0.030866,0.917023,0.019829,0.397144,-0.381507,86.549583,14.008162,-0.115698,0.907348,0.148535,0.375861,-0.942582,94.282661,14.100054,-0.012173,0.924801,-0.000226,0.380257,-7.71761,113.854729,17.946072,0.097816,0.953329,0.086321,0.272296,-8.19236,135.096451,17.740479,-0.005969,0.990796,0.024542,0.132984,-5.13405,149.464935,19.350948,-0.099738,0.759437,0.119845,0.631621,-11.346817,129.482513,15.461975,-0.750842,0.087462,0.488937,-0.435346,-14.439331,129.480881,-1.225828,-0.662096,-0.586858,0.159903,0.437788,-3.167039,117.08548,-15.869166,0.214399,0.299635,-0.629245,-0.684327,4.72853,144.929199,-6.697034,-0.08738,0.929114,0.02064,0.358729,-6.014687,129.652756,20.740124,0.422269,0.901857,0.090307,-0.013727,6.329952,132.157196,32.114838,-0.205751,0.46199,0.498258,-0.704252,20.637827,115.26432,29.866802,-0.035748,0.276908,0.601767,-0.748278,18.756258,137.168304,18.920994,0.038819,0.924703,0.153172,0.346345,-6.836647,86.163208,7.108988,0.101396,0.963924,-0.025342,0.2448,-5.594094,51.755035,-4.124232,-0.031994,0.927099,0.036973,0.371614,-15.430591,5.471521,-4.161529,-0.104915,0.890725,-0.088722,0.433278,6.073632,86.935951,20.907337,-0.015871,0.897379,-0.14602,0.416099,10.058142,52.086681,29.924202,-0.028321,0.874999,0.013458,0.483108,5.656134,6.811049,42.949604,-0.031994,0.927099,0.036973,0.371614,-5.15714,0.664162,-14.664465,-0.028321,0.874999,0.013458,0.483108,18.021626,1.39889,35.415058
1097,9.141667,-0.030797,0.916975,0.019545,0.397273,-0.384111,86.551323,14.020196,-0.115664,0.907333,0.148287,0.376004,-0.942478,94.284645,14.108396,-0.012224,0.924743,-0.000229,0.380397,-7.711893,113.856552,17.943987,0.097758,0.953221,0.086463,0.272648,-8.188562,135.098236,17.737364,-0.005876,0.990715,0.0246,0.13358,-5.133011,149.466736,19.352898,-0.099753,0.759306,0.119867,0.631772,-11.341808,129.483887,15.458143,-0.750779,0.087158,0.489001,-0.435444,-14.427759,129.483383,-1.230876,-0.661791,-0.586964,0.160339,0.437947,-3.155889,117.094994,-15.880478,0.214214,0.299386,-0.629645,-0.684125,4.723613,144.945236,-6.714376,-0.087597,0.929048,0.020685,0.358845,-6.011287,129.654861,20.737896,0.422097,0.901966,0.090044,-0.013542,6.329249,132.165314,32.115734,-0.206073,0.46242,0.49788,-0.704143,20.643789,115.27636,29.880678,-0.036086,0.277476,0.601515,-0.748255,18.763201,137.176636,18.926308,0.038831,0.924699,0.153126,0.346375,-6.837401,86.164078,7.119337,0.101368,0.963881,-0.025208,0.244995,-5.596496,51.754963,-4.111175,-0.031888,0.927117,0.036981,0.371578,-15.427333,5.470261,-4.161954,-0.104885,0.890753,-0.088636,0.433245,6.069179,86.93856,20.921055,-0.015678,0.897793,-0.14599,0.415222,10.054832,52.087723,29.931343,-0.028152,0.874965,0.013421,0.48318,5.650267,6.810692,42.951004,-0.031888,0.927117,0.036981,0.371578,-5.155729,0.661896,-14.666242,-0.028152,0.874965,0.013421,0.48318,18.015137,1.395224,35.417809
1098,9.15,-0.030821,0.916951,0.019436,0.397332,-0.381585,86.552071,14.029004,-0.115606,0.907316,0.148085,0.376144,-0.939624,94.285431,14.115468,-0.012327,0.924672,-0.000256,0.380566,-7.704264,113.860062,17.943403,0.09772,0.953114,0.086585,0.272998,-8.184531,135.101624,17.733994,-0.005778,0.990639,0.024675,0.134132,-5.131019,149.470047,19.354181,-0.099778,0.759163,0.119939,0.631927,-11.335971,129.48645,15.454306,-0.750674,0.086739,0.489128,-0.435567,-14.415133,129.487976,-1.235971,-0.66146,-0.587106,0.160697,0.438125,-3.145505,117.108879,-15.895161,0.213973,0.299252,-0.629949,-0.68398,4.716881,144.96434,-6.730133,-0.087724,0.928957,0.020712,0.359048,-6.007415,129.659012,20.735994,0.421694,0.902148,0.09016,-0.01324,6.327424,132.172745,32.119289,-0.206463,0.462799,0.497439,-0.704092,20.657482,115.295433,29.895704,-0.036316,0.27834,0.601001,-0.748336,18.772545,137.191467,18.934702,0.038907,0.92466,0.153068,0.346498,-6.833963,86.163635,7.127359,0.101387,0.963843,-0.025115,0.245144,-5.598117,51.753662,-4.101091,-0.031988,0.927103,0.036946,0.371606,-15.428598,5.468902,-4.1624,-0.104821,0.890783,-0.08864,0.433199,6.070793,86.940506,20.930649,-0.015695,0.897744,-0.145839,0.41538,10.052717,52.088749,29.939014,-0.02811,0.874934,0.013464,0.483239,5.653296,6.807599,42.946087,-0.031988,0.927103,0.036946,0.371606,-5.155491,0.660715,-14.665301,-0.02811,0.874934,0.013464,0.483239,18.018972,1.392649,35.413845
1099,9.158333,-0.030841,0.916927,0.019396,0.397388,-0.378429,86.554497,14.03704,-0.115471,0.907287,0.147844,0.376351,-0.936507,94.287865,14.12278,-0.012526,0.924567,-0.000166,0.380814,-7.691553,113.861671,17.941433,0.097533,0.953004,0.086635,0.273433,-8.181014,135.103027,17.732183,-0.005604,0.990544,0.024795,0.134823,-5.133131,149.472443,19.354179,-0.099706,0.759073,0.120229,0.631991,-11.328767,129.486526,15.450692,-0.750511,0.086365,0.48921,-0.435831,-14.405653,129.496689,-1.239996,-0.661224,-0.587217,0.161066,0.438198,-3.136727,117.123367,-15.904598,0.213672,0.299202,-0.630427,-0.683655,4.710558,144.985382,-6.746563,-0.087891,0.928876,0.02081,0.359209,-6.003129,129.661301,20.735247,0.421057,0.902409,0.090578,-0.012814,6.326766,132.178741,32.12307,-0.206472,0.462816,0.497002,-0.704386,20.681181,115.320625,29.911148,-0.036893,0.278666,0.601918,-0.747448,18.775599,137.209946,18.938204,0.03891,0.924673,0.15298,0.346501,-6.829935,86.165451,7.134615,0.101446,0.963839,-0.024994,0.245148,-5.596477,51.753544,-4.088162,-0.032026,0.927099,0.036946,0.371613,-15.429417,5.469316,-4.161913,-0.104781,0.890655,-0.088553,0.433489,6.073076,86.943542,20.939463,-0.015911,0.897239,-0.145769,0.416486,10.052373,52.090065,29.942352,-0.028095,0.874977,0.013516,0.48316,5.658075,6.807625,42.946663,-0.032026,0.927099,0.036946,0.371613,-5.155767,0.661564,-14.664477,-0.028095,0.874977,0.013516,0.48316,18.022509,1.393708,35.411644
1100,9.166667,-0.030937,0.916899,0.019406,0.397444,-0.37285,86.556458,14.044889,-0.115401,0.907262,0.147593,0.37653,-0.932365,94.289734,14.130148,-0.012709,0.924479,2e-06,0.38102,-7.681489,113.866516,17.939182,0.097539,0.952902,0.086535,0.273816,-8.18081,135.107681,17.733461,-0.005483,0.990457,0.024912,0.135439,-5.131992,149.477036,19.354263,-0.099823,0.758905,0.120395,0.632143,-11.324922,129.490112,15.449587,-0.750454,0.086006,0.489351,-0.43584,-14.394506,129.502014,-1.242448,-0.660853,-0.587311,0.161544,0.438454,-3.128982,117.13797,-15.91748,0.213308,0.299173,-0.630823,-0.683416,4.702203,145.005798,-6.76337,-0.088005,0.928808,0.020861,0.359355,-6.001702,129.666443,20.736526,0.420502,0.902746,0.089792,-0.012866,6.32397,132.186554,32.128338,-0.207063,0.463345,0.496271,-0.704381,20.699129,115.3442,29.931084,-0.037541,0.278963,0.602174,-0.747099,18.781614,137.230347,18.945189,0.03901,0.924707,0.152926,0.346423,-6.823406,86.165855,7.141664,0.101458,0.963823,-0.024951,0.245211,-5.598978,51.753307,-4.080131,-0.032059,0.927086,0.037091,0.371629,-15.432042,5.469117,-4.15869,-0.104729,0.890673,-0.088626,0.433451,6.077705,86.94706,20.948114,-0.015674,0.897647,-0.145741,0.415625,10.051716,52.093719,29.953867,-0.028094,0.87494,0.013556,0.483226,5.650855,6.809819,42.950874,-0.032059,0.927086,0.037091,0.371629,-5.157237,0.66568,-14.662105,-0.028094,0.87494,0.013556,0.483226,18.016603,1.396937,35.417263
1101,9.175,-0.031028,0.916886,0.019385,0.397468,-0.368616,86.5578,14.055146,-0.115307,0.907247,0.147293,0.376712,-0.929293,94.290993,14.139531,-0.012896,0.924386,0.000117,0.38124,-7.670195,113.869774,17.937092,0.097451,0.952785,0.086609,0.274233,-8.178669,135.110733,17.732771,-0.005294,0.990366,0.024966,0.136104,-5.13291,149.480362,19.356747,-0.099946,0.758765,0.120566,0.632258,-11.319248,129.491974,15.44697,-0.750282,0.085472,0.489446,-0.436135,-14.383048,129.505325,-1.246125,-0.660565,-0.587472,0.161915,0.438535,-3.117599,117.151512,-15.929831,0.212979,0.299209,-0.631199,-0.683156,4.694794,145.026215,-6.780573,-0.088148,0.928745,0.021006,0.359474,-5.998619,129.670212,20.736452,0.419723,0.903076,0.090183,-0.01238,6.323286,132.192795,32.131786,-0.207308,0.4635,0.495663,-0.704634,20.728128,115.37384,29.949688,-0.038299,0.279379,0.602678,-0.746499,18.788265,137.250122,18.95352,0.039136,0.924726,0.15289,0.346373,-6.818701,86.165482,7.151578,0.101443,0.963737,-0.024913,0.245562,-5.604233,51.752865,-4.071092,-0.032071,0.927084,0.037119,0.37163,-15.435019,5.468202,-4.156309,-0.104669,0.890695,-0.088622,0.433421,6.08147,86.950119,20.958714,-0.015646,0.89775,-0.145748,0.4154,10.0521,52.095818,29.962259,-0.028036,0.875036,0.01361,0.483054,5.651804,6.812,42.95977,-0.032071,0.927084,0.037119,0.37163,-5.159975,0.665682,-14.659907,-0.028036,0.875036,0.01361,0.483054,18.014277,1.399526,35.420494
1102,9.183333,-0.031046,0.916864,0.019252,0.397524,-0.365636,86.559021,14.064135,-0.11532,0.907217,0.147084,0.376863,-0.925752,94.292282,14.146486,-0.012931,0.924315,0.000164,0.381411,-7.663876,113.871407,17.934504,0.096874,0.952732,0.086657,0.274605,-8.17446,135.112335,17.731363,-0.004825,0.990265,0.025126,0.136821,-5.145176,149.485641,19.35375,-0.100002,0.75866,0.120672,0.632355,-11.313616,129.493378,15.444042,-0.750146,0.084695,0.489635,-0.436309,-14.372862,129.508331,-1.249881,-0.660176,-0.58763,0.162191,0.438808,-3.109757,117.173508,-15.951331,0.212647,0.299091,-0.631625,-0.682918,4.685998,145.050674,-6.795377,-0.088281,0.928656,0.020994,0.359673,-5.99496,129.671829,20.735498,0.419396,0.903228,0.090209,-0.012221,6.321296,132.198334,32.136066,-0.207722,0.463735,0.495386,-0.704553,20.738501,115.389061,29.961126,-0.03861,0.279627,0.602672,-0.746394,18.795835,137.265518,18.966017,0.039177,0.924755,0.152866,0.346302,-6.814853,86.165436,7.159832,0.101463,0.963756,-0.024811,0.245488,-5.604584,51.752514,-4.062357,-0.032074,0.92709,0.037079,0.37162,-15.434843,5.467761,-4.156672,-0.104606,0.890737,-0.088592,0.433355,6.083582,86.952606,20.968437,-0.015604,0.897759,-0.145671,0.41541,10.051784,52.096973,29.967857,-0.027999,0.875,0.013621,0.48312,5.650878,6.810915,42.957325,-0.032074,0.92709,0.037079,0.37162,-5.160137,0.664179,-14.660107,-0.027999,0.875,0.013621,0.48312,18.014189,1.398249,35.419567
1103,9.191667,-0.031027,0.916838,0.019101,0.397594,-0.362081,86.559151,14.07335,-0.11531,0.907203,0.146949,0.376951,-0.921004,94.292519,14.153626,-0.01307,0.924268,0.00014,0.38152,-7.65679,113.872505,17.935982,0.096876,0.95262,0.086696,0.274979,-8.172418,135.113281,17.729578,-0.004654,0.990172,0.025196,0.137487,-5.143429,149.486328,19.354654,-0.100029,0.758489,0.120758,0.632539,-11.309683,129.49324,15.442343,-0.749856,0.084354,0.489731,-0.436766,-14.360849,129.510651,-1.253055,-0.65993,-0.587817,0.162667,0.438751,-3.09933,117.176498,-15.956285,0.21236,0.299028,-0.631916,-0.682764,4.673672,145.064514,-6.814019,-0.08839,0.928585,0.02097,0.359829,-5.992327,129.673737,20.735035,0.419008,0.903436,0.08995,-0.012047,6.319469,132.203644,32.139664,-0.208268,0.464153,0.494875,-0.704476,20.751337,115.405235,29.977974,-0.039226,0.280038,0.602637,-0.746237,18.802795,137.279327,18.977972,0.03932,0.924739,0.152763,0.346373,-6.810276,86.164795,7.168137,0.101393,0.963543,-0.024823,0.246348,-5.611351,51.750385,-4.050726,-0.032112,0.927106,0.037179,0.371566,-15.435497,5.464339,-4.151058,-0.104532,0.89079,-0.088539,0.433276,6.086115,86.953506,20.978561,-0.015748,0.897392,-0.145519,0.416251,10.052137,52.096069,29.971945,-0.027621,0.874996,0.013723,0.483146,5.657303,6.806245,42.950344,-0.032112,0.927106,0.037179,0.371566,-5.161299,0.663877,-14.656416,-0.027621,0.874996,0.013723,0.483146,18.017811,1.390704,35.410057
1104,9.2,-0.031089,0.916801,0.019011,0.397677,-0.357068,86.559746,14.082035,-0.115357,0.907157,0.146769,0.377117,-0.916318,94.293114,14.160599,-0.013109,0.92419,0.000173,0.381709,-7.651812,113.874695,17.934212,0.096817,0.952515,0.08661,0.275392,-8.169476,135.115417,17.72835,-0.004447,0.990072,0.025346,0.138185,-5.141451,149.4888,19.352266,-0.100057,0.758407,0.120789,0.632627,-11.305244,129.495163,15.439632,-0.749801,0.083842,0.489909,-0.436759,-14.352432,129.513153,-1.256491,-0.659534,-0.587952,0.16301,0.439039,-3.09487,117.19297,-15.974447,0.212178,0.29889,-0.632354,-0.682476,4.661699,145.084244,-6.828168,-0.088511,0.928518,0.020953,0.359974,-5.990072,129.67601,20.734505,0.418706,0.903561,0.090143,-0.011676,6.317441,132.209625,32.142933,-0.208747,0.464445,0.49456,-0.704362,20.760956,115.41964,29.993694,-0.03966,0.28043,0.602302,-0.746337,18.810688,137.291962,18.995596,0.039353,0.924755,0.152762,0.346328,-6.803934,86.163696,7.175679,0.101443,0.963681,-0.024664,0.245805,-5.607799,51.749454,-4.043984,-0.032119,0.927129,0.037086,0.371516,-15.432904,5.463642,-4.154449,-0.104462,0.890864,-0.088566,0.433133,6.089797,86.955803,20.988392,-0.015508,0.89786,-0.145495,0.415256,10.051974,52.097656,29.980719,-0.028103,0.875023,0.013501,0.483076,5.652047,6.806463,42.95261,-0.032119,0.927129,0.037086,0.371516,-5.160047,0.6607,-14.659988,-0.028103,0.875023,0.013501,0.483076,18.015024,1.392234,35.415432
1105,9.208333,-0.03109,0.916777,0.01893,0.397737,-0.354321,86.56105,14.090538,-0.115218,0.907156,0.146542,0.377252,-0.913093,94.294464,14.167902,-0.013359,0.924119,0.000234,0.381872,-7.639422,113.877083,17.93379,0.096725,0.952414,0.086609,0.275774,-8.167846,135.117523,17.726191,-0.004169,0.989978,0.025483,0.138842,-5.142402,149.491364,19.350941,-0.100059,0.758324,0.120851,0.632715,-11.299941,129.495483,15.436777,-0.749749,0.083363,0.490128,-0.436694,-14.343354,129.515427,-1.260041,-0.659121,-0.588085,0.163383,0.439342,-3.091758,117.208565,-15.993711,0.212019,0.298824,-0.632706,-0.682228,4.64793,145.103363,-6.843889,-0.088648,0.928447,0.021023,0.36012,-5.986728,129.679443,20.733515,0.418433,0.903685,0.09022,-0.011337,6.316392,132.216232,32.145985,-0.209322,0.464702,0.49425,-0.704239,20.770449,115.433624,30.00997,-0.040102,0.280751,0.602219,-0.746259,18.816822,137.308472,19.01631,0.039403,0.924745,0.152704,0.346374,-6.8003,86.164406,7.183384,0.101471,0.963645,-0.024584,0.245941,-5.608427,51.749168,-4.03369,-0.031987,0.927122,0.037197,0.371536,-15.434134,5.463511,-4.153446,-0.104385,0.890982,-0.088552,0.432912,6.091659,86.957703,20.997692,-0.015437,0.897882,-0.145432,0.415233,10.051618,52.098213,29.9858,-0.028002,0.87495,0.013599,0.483211,5.648487,6.805098,42.949879,-0.031987,0.927122,0.037197,0.371536,-5.161795,0.662106,-14.660199,-0.028002,0.87495,0.013599,0.483211,18.013283,1.391967,35.414886
1106,9.216667,-0.031143,0.916758,0.018924,0.397777,-0.349969,86.563522,14.098281,-0.11516,0.907137,0.146332,0.377396,-0.909461,94.296883,14.175214,-0.013502,0.924049,0.00037,0.382036,-7.630383,113.880829,17.932838,0.096601,0.952333,0.086499,0.276131,-8.166586,135.121109,17.728172,-0.003906,0.989887,0.025633,0.139472,-5.143723,149.495773,19.350328,-0.100243,0.758186,0.121002,0.632823,-11.295792,129.498245,15.436824,-0.749567,0.082838,0.490367,-0.436837,-14.333324,129.517609,-1.261066,-0.658767,-0.588209,0.163802,0.439551,-3.088305,117.221161,-16.008455,0.211775,0.2988,-0.633113,-0.681937,4.634181,145.121536,-6.861129,-0.088638,0.928342,0.02092,0.360399,-5.984523,129.68338,20.73547,0.418165,0.903778,0.090548,-0.011135,6.311837,132.220581,32.155132,-0.209849,0.46487,0.494077,-0.704093,20.776056,115.446327,30.022209,-0.040723,0.280996,0.602334,-0.746041,18.821701,137.324951,19.037291,0.039478,0.924736,0.152663,0.346408,-6.795272,86.165939,7.190548,0.101515,0.963616,-0.024536,0.246042,-5.60903,51.750217,-4.02563,-0.032104,0.927089,0.037214,0.371605,-15.437582,5.465174,-4.151826,-0.104358,0.891002,-0.088544,0.43288,6.095334,86.961105,21.006012,-0.015379,0.89794,-0.145409,0.415118,10.054152,52.101101,29.992619,-0.028153,0.874972,0.013564,0.483164,5.64866,6.807172,42.953064,-0.032104,0.927089,0.037214,0.371605,-5.162478,0.665599,-14.656713,-0.028153,0.874972,0.013564,0.483164,18.013971,1.395291,35.418015
1107,9.225,-0.031228,0.916759,0.018925,0.397769,-0.342139,86.566582,14.105229,-0.115192,0.907083,0.146159,0.377582,-0.902844,94.299866,14.181653,-0.013629,0.923943,0.000451,0.382286,-7.623018,113.885223,17.930868,0.096642,0.95221,0.086377,0.276577,-8.165474,135.125351,17.727173,-0.003716,0.989782,0.025864,0.140173,-5.140521,149.499725,19.348087,-0.100396,0.758106,0.121071,0.632881,-11.291754,129.501694,15.433799,-0.749478,0.082447,0.490603,-0.4368,-14.325727,129.519104,-1.264733,-0.658356,-0.588293,0.164281,0.439875,-3.088104,117.232277,-16.025751,0.211434,0.298744,-0.633568,-0.681645,4.618833,145.13736,-6.879689,-0.088494,0.928285,0.020811,0.360586,-5.98341,129.68811,20.735327,0.417872,0.903888,0.090847,-0.010745,6.309227,132.221802,32.159763,-0.210423,0.464945,0.493893,-0.704002,20.784742,115.455879,30.038055,-0.040984,0.281169,0.60245,-0.745867,18.82477,137.340729,19.064184,0.039571,0.924768,0.152623,0.346329,-6.787462,86.167526,7.197604,0.101541,0.963562,-0.024513,0.246247,-5.609413,51.751472,-4.018413,-0.032081,0.927074,0.037218,0.371645,-15.439744,5.466819,-4.149419,-0.104261,0.891036,-0.088557,0.432831,6.103184,86.965645,21.012856,-0.01537,0.897987,-0.145461,0.414999,10.055891,52.104332,29.997099,-0.028131,0.875046,0.013479,0.483033,5.649316,6.811789,42.962029,-0.032081,0.927074,0.037218,0.371645,-5.163948,0.667114,-14.653562,-0.028131,0.875046,0.013479,0.483033,18.011726,1.397399,35.424034
1108,9.233333,-0.031229,0.916738,0.018821,0.397821,-0.338349,86.566734,14.114219,-0.115148,0.907088,0.145962,0.377661,-0.898433,94.300072,14.18913,-0.013731,0.923909,0.000522,0.382364,-7.613317,113.88546,17.930613,0.096479,0.952113,0.086369,0.276971,-8.160927,135.125473,17.727978,-0.003528,0.989667,0.025994,0.140967,-5.140455,149.500778,19.349026,-0.100401,0.758015,0.121138,0.632977,-11.28545,129.501175,15.433775,-0.749231,0.08166,0.490962,-0.436968,-14.315297,129.520599,-1.265509,-0.657936,-0.588342,0.164702,0.440281,-3.087635,117.250267,-16.047815,0.210878,0.29853,-0.633931,-0.681573,4.607427,145.157562,-6.898549,-0.088577,0.928195,0.020829,0.360797,-5.978039,129.688599,20.736204,0.417706,0.903922,0.091328,-0.010258,6.308952,132.224258,32.166283,-0.210899,0.46497,0.493593,-0.704053,20.7911,115.462646,30.055895,-0.041775,0.281808,0.602408,-0.745616,18.817755,137.349274,19.088585,0.039627,0.924792,0.152636,0.346253,-6.782899,86.166908,7.205914,0.101549,0.963573,-0.024457,0.246203,-5.609198,51.751446,-4.012369,-0.03202,0.927079,0.037282,0.37163,-15.438992,5.466697,-4.148205,-0.104259,0.89109,-0.088528,0.432727,6.106202,86.96656,21.022522,-0.015253,0.898082,-0.145414,0.414814,10.060738,52.104862,30.004442,-0.028113,0.875059,0.01364,0.483006,5.648743,6.810692,42.961838,-0.03202,0.927079,0.037282,0.37163,-5.163939,0.668041,-14.653561,-0.028113,0.875059,0.01364,0.483006,18.011314,1.400072,35.421391
1109,9.241667,-0.031238,0.916735,0.018708,0.397834,-0.334732,86.566521,14.121716,-0.115228,0.907046,0.145818,0.377793,-0.894248,94.299911,14.194949,-0.013712,0.92384,0.000498,0.382533,-7.610801,113.887146,17.928932,0.096472,0.951988,0.086422,0.277386,-8.157212,135.127167,17.725574,-0.003362,0.989564,0.026111,0.141669,-5.13739,149.502243,19.349806,-0.100478,0.757913,0.1211,0.633093,-11.281195,129.502991,15.43037,-0.748971,0.081301,0.491235,-0.437174,-14.305528,129.520447,-1.269911,-0.657596,-0.588401,0.165253,0.440504,-3.087178,117.25322,-16.061857,0.210614,0.298172,-0.634539,-0.681246,4.592644,145.167679,-6.921645,-0.088592,0.928132,0.020827,0.360956,-5.975709,129.690247,20.73473,0.417796,0.903874,0.091439,-0.009853,6.30728,132.22612,32.169056,-0.211214,0.465167,0.493662,-0.70378,20.786432,115.460182,30.072542,-0.04219,0.281313,0.602532,-0.74568,18.825388,137.352127,19.112799,0.0397,0.924786,0.152599,0.346277,-6.779067,86.165688,7.213272,0.101564,0.963599,-0.024341,0.24611,-5.610883,51.749844,-4.004406,-0.032117,0.927097,0.03721,0.371584,-15.439385,5.464849,-4.150265,-0.104193,0.891149,-0.088505,0.432626,6.109603,86.967346,21.030161,-0.015199,0.898141,-0.145363,0.414705,10.061687,52.104343,30.008089,-0.027997,0.875051,0.013685,0.483026,5.648725,6.80863,42.959751,-0.032117,0.927097,0.03721,0.371584,-5.164614,0.665306,-14.655487,-0.027997,0.875051,0.013685,0.483026,18.010706,1.397472,35.418732
1110,9.25,-0.031186,0.916743,0.018572,0.397826,-0.332945,86.565529,14.130506,-0.115282,0.907041,0.145673,0.377845,-0.890895,94.299057,14.202136,-0.013734,0.92381,0.000459,0.382606,-7.607333,113.88707,17.929356,0.096478,0.95189,0.086382,0.277734,-8.153978,135.127075,17.724083,-0.0032,0.989463,0.026298,0.142341,-5.1337,149.502014,19.348675,-0.100525,0.75777,0.121122,0.633253,-11.277525,129.502655,15.428864,-0.748661,0.080931,0.491618,-0.437344,-14.294641,129.520493,-1.272727,-0.657249,-0.588439,0.165768,0.440777,-3.090378,117.255569,-16.077255,0.210388,0.29777,-0.63499,-0.681071,4.576375,145.17569,-6.94331,-0.08857,0.928033,0.020748,0.36122,-5.972888,129.690445,20.734055,0.41791,0.903802,0.091677,-0.009401,6.303769,132.226105,32.175228,-0.211724,0.465462,0.493711,-0.703397,20.77906,115.455177,30.092039,-0.042243,0.281399,0.601702,-0.746314,18.834085,137.351791,19.144953,0.039669,0.924818,0.152625,0.346184,-6.77747,86.164566,7.222246,0.101595,0.96361,-0.024247,0.246062,-5.607715,51.749123,-3.996517,-0.032058,0.927113,0.037189,0.371552,-15.436893,5.464303,-4.151175,-0.104169,0.891168,-0.088439,0.432605,6.11158,86.966499,21.038767,-0.015155,0.898113,-0.145303,0.414789,10.064485,52.102291,30.011692,-0.028242,0.875042,0.013566,0.483032,5.648871,6.804809,42.956257,-0.032058,0.927113,0.037189,0.371552,-5.163507,0.663493,-14.657172,-0.028242,0.875042,0.013566,0.483032,18.012787,1.394185,35.418022
1111,9.258333,-0.031182,0.916747,0.018489,0.39782,-0.329228,86.565948,14.137709,-0.115276,0.907028,0.145504,0.377942,-0.886604,94.299522,14.208192,-0.013817,0.923756,0.00048,0.382732,-7.600082,113.887993,17.928209,0.096371,0.95177,0.086463,0.278156,-8.15029,135.127899,17.722301,-0.002953,0.989349,0.0264,0.143119,-5.133681,149.50325,19.350103,-0.100598,0.757735,0.121119,0.633283,-11.272245,129.502899,15.426354,-0.748435,0.080837,0.491909,-0.43742,-14.287567,129.519028,-1.275554,-0.656955,-0.588401,0.166434,0.441015,-3.095371,117.250694,-16.086372,0.210037,0.297468,-0.635207,-0.681109,4.560695,145.179031,-6.968603,-0.088521,0.927934,0.020656,0.361491,-5.969101,129.691711,20.732996,0.41812,0.903684,0.091911,-0.00911,6.301214,132.22644,32.181168,-0.21218,0.465572,0.493885,-0.703065,20.768948,115.448174,30.104519,-0.042656,0.281172,0.601817,-0.746283,18.837334,137.35582,19.173391,0.039748,0.924792,0.152567,0.346272,-6.773834,86.164436,7.229561,0.101578,0.963638,-0.024129,0.245969,-5.609761,51.748146,-3.987191,-0.032037,0.927133,0.037247,0.371499,-15.434614,5.462441,-4.151241,-0.104138,0.891214,-0.088419,0.432522,6.115378,86.967461,21.045858,-0.015086,0.898156,-0.145284,0.414706,10.067822,52.102535,30.016172,-0.028199,0.875044,0.013591,0.483031,5.648344,6.80432,42.956844,-0.032037,0.927133,0.037247,0.371499,-5.16244,0.662939,-14.659018,-0.028199,0.875044,0.013591,0.483031,18.011934,1.393703,35.418083
1112,9.266667,-0.031241,0.91675,0.018479,0.397808,-0.322322,86.567513,14.145433,-0.115312,0.907021,0.145305,0.378024,-0.880472,94.301033,14.215425,-0.013918,0.923708,0.000481,0.382845,-7.591776,113.889076,17.926376,0.096203,0.951652,0.08652,0.278601,-8.145921,135.12886,17.718815,-0.002735,0.98922,0.026583,0.143976,-5.134471,149.505035,19.348782,-0.100645,0.757666,0.121058,0.63337,-11.266258,129.503113,15.422505,-0.748183,0.080532,0.492345,-0.437415,-14.277538,129.517334,-1.280138,-0.656597,-0.58833,0.167014,0.441424,-3.102256,117.251671,-16.105942,0.209555,0.297201,-0.6354,-0.681194,4.547092,145.184036,-6.994924,-0.088404,0.927846,0.020596,0.361749,-5.964448,129.693298,20.730433,0.418126,0.90364,0.092367,-0.00863,6.300217,132.224655,32.18541,-0.212677,0.46548,0.494027,-0.702876,20.768108,115.445183,30.119606,-0.042651,0.281006,0.602038,-0.746168,18.838911,137.36644,19.208019,0.039752,0.924839,0.152558,0.346148,-6.767045,86.164894,7.237454,0.101668,0.963613,-0.024106,0.246033,-5.60498,51.748455,-3.979025,-0.03199,0.927114,0.037243,0.371551,-15.437445,5.464384,-4.147891,-0.104114,0.891208,-0.088429,0.432539,6.1224,86.970123,21.053413,-0.014992,0.898197,-0.145267,0.414627,10.072771,52.10495,30.023687,-0.028147,0.87505,0.013678,0.483021,5.647154,6.805992,42.959686,-0.03199,0.927114,0.037243,0.371551,-5.164589,0.664276,-14.654724,-0.028147,0.87505,0.013678,0.483021,18.010494,1.396832,35.41946
1113,9.275,-0.031321,0.916748,0.018526,0.397804,-0.314664,86.56881,14.150982,-0.11533,0.907001,0.145149,0.378128,-0.874238,94.302223,14.221141,-0.013998,0.923651,0.000534,0.38298,-7.583956,113.891006,17.925016,0.096142,0.951549,0.086459,0.278991,-8.142085,135.130692,17.71814,-0.002541,0.989111,0.026784,0.144694,-5.131872,149.507202,19.347534,-0.100704,0.757666,0.120992,0.633374,-11.260683,129.50444,15.420696,-0.747866,0.079892,0.492801,-0.437562,-14.271389,129.515762,-1.282054,-0.656369,-0.588194,0.167454,0.441778,-3.111519,117.260429,-16.128004,0.208997,0.297193,-0.635558,-0.681221,4.538654,145.194626,-7.023238,-0.088303,0.927752,0.020518,0.36202,-5.960453,129.695435,20.730175,0.418119,0.903554,0.093296,-0.007878,6.298182,132.224091,32.192207,-0.212814,0.465363,0.494256,-0.702751,20.766893,115.443733,30.139404,-0.04286,0.280696,0.602269,-0.746087,18.843414,137.372147,19.240267,0.039856,0.924855,0.152505,0.346117,-6.759348,86.165154,7.243028,0.101685,0.9636,-0.024063,0.246082,-5.605971,51.748119,-3.97255,-0.032104,0.927089,0.037331,0.371593,-15.438993,5.464181,-4.146321,-0.104085,0.89125,-0.0885,0.432443,6.130021,86.972466,21.058935,-0.014848,0.898293,-0.145222,0.41444,10.077247,52.107777,30.032476,-0.028252,0.875004,0.013646,0.483098,5.643803,6.807169,42.960011,-0.032104,0.927089,0.037331,0.371593,-5.163778,0.667785,-14.652544,-0.028252,0.875004,0.013646,0.483098,18.009357,1.398747,35.42289
1114,9.283333,-0.031378,0.916759,0.018492,0.397777,-0.307375,86.570183,14.158394,-0.115402,0.906969,0.145032,0.378227,-0.867544,94.303558,14.227737,-0.013991,0.923594,0.000561,0.383115,-7.57868,113.893333,17.925388,0.096058,0.951461,0.086365,0.279348,-8.136962,135.133026,17.719618,-0.002352,0.98901,0.026988,0.145345,-5.128347,149.510071,19.347176,-0.10081,0.757606,0.120928,0.63344,-11.254832,129.506866,15.420925,-0.747426,0.079422,0.493484,-0.43763,-14.261948,129.514557,-1.282477,-0.656125,-0.58797,0.167955,0.442246,-3.128712,117.261658,-16.150414,0.208598,0.296817,-0.635763,-0.681316,4.527256,145.196472,-7.052402,-0.088149,0.927646,0.020403,0.362336,-5.956157,129.697601,20.731968,0.418244,0.903451,0.09377,-0.007485,6.295634,132.222275,32.202194,-0.213018,0.465317,0.494688,-0.702415,20.759943,115.437317,30.155865,-0.042551,0.280003,0.602592,-0.746103,18.855385,137.376862,19.275396,0.039954,0.924868,0.152462,0.34609,-6.752408,86.165276,7.250834,0.101706,0.963579,-0.024011,0.24616,-5.607015,51.747871,-3.964436,-0.032199,0.927062,0.037389,0.371646,-15.440676,5.464086,-4.144189,-0.10402,0.891344,-0.088555,0.432255,6.137658,86.975082,21.065954,-0.014766,0.898429,-0.145234,0.414144,10.080888,52.110111,30.040154,-0.027886,0.875113,0.013976,0.482913,5.644288,6.809604,42.966969,-0.032199,0.927062,0.037389,0.371646,-5.163141,0.670356,-14.649364,-0.027886,0.875113,0.013976,0.482913,18.004637,1.404107,35.419209
1115,9.291667,-0.03143,0.91678,0.018405,0.397729,-0.300155,86.570511,14.166352,-0.115561,0.906939,0.144969,0.378273,-0.860532,94.303894,14.234163,-0.013943,0.923557,0.000449,0.383207,-7.576639,113.892159,17.926329,0.095991,0.951349,0.086352,0.279756,-8.131156,135.131912,17.716888,-0.00221,0.988889,0.027213,0.14613,-5.124319,149.509247,19.345255,-0.100739,0.757596,0.120746,0.633499,-11.249549,129.505936,15.41851,-0.747048,0.079035,0.494063,-0.437692,-14.254625,129.51181,-1.285256,-0.655876,-0.587723,0.168548,0.442719,-3.14412,117.260468,-16.171465,0.208064,0.296343,-0.635901,-0.681557,4.517345,145.197281,-7.084283,-0.088074,0.927543,0.020269,0.362624,-5.951911,129.696625,20.730585,0.418571,0.903281,0.09397,-0.007132,6.293218,132.220093,32.208179,-0.213386,0.465394,0.494946,-0.702071,20.745577,115.423737,30.171013,-0.042744,0.27983,0.602909,-0.745901,18.857004,137.373718,19.307049,0.040037,0.924872,0.152439,0.34608,-6.745838,86.164009,7.259496,0.101727,0.963607,-0.023912,0.24605,-5.606657,51.746559,-3.956265,-0.032133,0.927087,0.037408,0.371587,-15.439961,5.462736,-4.144399,-0.103918,0.891396,-0.088556,0.432172,6.145527,86.97702,21.073208,-0.014722,0.898457,-0.145206,0.414093,10.083037,52.110527,30.044041,-0.028028,0.875072,0.013817,0.482984,5.644526,6.809134,42.967068,-0.032133,0.927087,0.037408,0.371587,-5.164332,0.668755,-14.65132,-0.028028,0.875072,0.013817,0.482984,18.006729,1.40173,35.423721
1116,9.3,-0.031382,0.916786,0.018282,0.397724,-0.295917,86.569038,14.173113,-0.11561,0.906923,0.144869,0.378337,-0.854851,94.302536,14.23948,-0.013956,0.92352,0.000414,0.383296,-7.572281,113.893784,17.927074,0.096054,0.951234,0.086419,0.280107,-8.126735,135.13353,17.716022,-0.002078,0.988792,0.027313,0.146766,-5.118727,149.510178,19.348257,-0.100799,0.757494,0.120516,0.633655,-11.244689,129.50737,15.417441,-0.746755,0.078735,0.494821,-0.437391,-14.242636,129.507751,-1.287608,-0.655507,-0.587391,0.169222,0.443448,-3.163371,117.259277,-16.19945,0.207697,0.295674,-0.636111,-0.681763,4.507991,145.195343,-7.11825,-0.087946,0.927443,0.020182,0.362915,-5.948079,129.698441,20.730528,0.41899,0.903063,0.094235,-0.006683,6.290658,132.218445,32.215706,-0.213432,0.465455,0.49532,-0.701753,20.727697,115.407539,30.189968,-0.042906,0.279402,0.603489,-0.745583,18.859823,137.367279,19.334763,0.040034,0.924905,0.152407,0.346006,-6.741733,86.162437,7.266388,0.101766,0.963645,-0.023791,0.245898,-5.604074,51.74427,-3.947323,-0.032075,0.92711,0.037434,0.371532,-15.438132,5.460653,-4.145809,-0.103868,0.891406,-0.088512,0.432171,6.149899,86.975632,21.079838,-0.014688,0.898396,-0.145147,0.414248,10.085657,52.10783,30.046316,-0.028147,0.875029,0.013818,0.483054,5.644301,6.804738,42.962433,-0.032075,0.92711,0.037434,0.371532,-5.164235,0.666687,-14.654429,-0.028147,0.875029,0.013818,0.483054,18.008896,1.399098,35.421741
1117,9.308333,-0.031345,0.916823,0.018129,0.39765,-0.288856,86.567993,14.18244,-0.115782,0.906888,0.144784,0.378399,-0.846325,94.301613,14.246904,-0.013931,0.923468,0.000294,0.383422,-7.569443,113.892952,17.928127,0.096163,0.951108,0.086542,0.280459,-8.120912,135.132736,17.712667,-0.002016,0.988702,0.027441,0.147348,-5.1109,149.508301,19.350725,-0.10061,0.757492,0.120356,0.633718,-11.23901,129.506546,15.414355,-0.746407,0.078598,0.49545,-0.437297,-14.235573,129.508606,-1.290946,-0.65531,-0.587103,0.169808,0.443897,-3.183059,117.255714,-16.219002,0.207677,0.294973,-0.636569,-0.681646,4.496829,145.193665,-7.150856,-0.088169,0.927294,0.020326,0.363234,-5.943832,129.697937,20.728861,0.419596,0.902765,0.094413,-0.006306,6.285709,132.222534,32.222824,-0.213713,0.465749,0.495758,-0.701163,20.700329,115.391281,30.206459,-0.043062,0.279315,0.603584,-0.74553,18.867342,137.360229,19.366583,0.040112,0.924868,0.152396,0.3461,-6.735839,86.160835,7.276834,0.101792,0.96369,-0.023663,0.245724,-5.60252,51.742889,-3.937992,-0.031949,0.927112,0.037465,0.371537,-15.436027,5.459195,-4.147066,-0.103764,0.891453,-0.088499,0.432102,6.158127,86.975151,21.088045,-0.014627,0.898433,-0.145102,0.414187,10.088351,52.105618,30.050213,-0.028426,0.875046,0.013744,0.483009,5.644501,6.801114,42.960503,-0.031949,0.927112,0.037465,0.371537,-5.163166,0.66466,-14.656446,-0.028426,0.875046,0.013744,0.483009,18.010727,1.397609,35.420944
1118,9.316667,-0.031388,0.916832,0.018074,0.397627,-0.281822,86.568382,14.189312,-0.115848,0.906907,0.144669,0.378378,-0.839546,94.301987,14.252743,-0.013996,0.923475,0.000298,0.383404,-7.563403,113.894394,17.928799,0.09627,0.951016,0.086519,0.28074,-8.117533,135.134094,17.712456,-0.001928,0.988604,0.027635,0.147967,-5.104387,149.50885,19.351887,-0.100469,0.757488,0.120213,0.633772,-11.235014,129.507416,15.4145,-0.746093,0.078381,0.496123,-0.437109,-14.230204,129.510269,-1.291044,-0.655147,-0.586669,0.170455,0.444462,-3.205883,117.256752,-16.239418,0.207373,0.294443,-0.636888,-0.68167,4.491505,145.194962,-7.186895,-0.088036,0.927188,0.020214,0.363544,-5.939662,129.699707,20.728798,0.419891,0.902586,0.094844,-0.00581,6.283037,132.220978,32.230766,-0.213806,0.465737,0.496073,-0.700919,20.686897,115.379242,30.225098,-0.043159,0.279108,0.604134,-0.745157,18.868734,137.355087,19.396788,0.040169,0.924884,0.152365,0.346066,-6.729089,86.160057,7.284041,0.101829,0.963694,-0.02359,0.245701,-5.60081,51.741756,-3.93019,-0.03201,0.927117,0.0375,0.371515,-15.435958,5.458447,-4.146559,-0.10371,0.89138,-0.088429,0.432281,6.165445,86.9767,21.094584,-0.014615,0.898421,-0.145137,0.414199,10.092737,52.10545,30.051374,-0.028358,0.875073,0.013766,0.482963,5.646259,6.801886,42.964054,-0.03201,0.927117,0.0375,0.371515,-5.16287,0.665539,-14.656457,-0.028358,0.875073,0.013766,0.482963,18.011137,1.397932,35.422611
1119,9.325,-0.031499,0.91683,0.018122,0.39762,-0.272604,86.569427,14.194934,-0.115993,0.906831,0.144589,0.378546,-0.832204,94.302902,14.258367,-0.013963,0.923373,0.000149,0.38365,-7.561955,113.897575,17.928307,0.096511,0.950845,0.086721,0.281176,-8.112268,135.137314,17.706501,-0.001877,0.988509,0.027813,0.14857,-5.094103,149.509949,19.355408,-0.100438,0.757556,0.120132,0.633711,-11.229499,129.510635,15.408243,-0.745734,0.078247,0.496552,-0.437258,-14.22752,129.512054,-1.296797,-0.655148,-0.586332,0.171031,0.444684,-3.221204,117.252586,-16.253555,0.207219,0.293886,-0.637124,-0.681737,4.488226,145.195282,-7.225165,-0.087854,0.92708,0.020074,0.363869,-5.936962,129.703278,20.725334,0.420237,0.902391,0.095207,-0.005216,6.278798,132.219986,32.235676,-0.214105,0.465881,0.496247,-0.700608,20.670029,115.365601,30.245642,-0.043442,0.279334,0.604334,-0.744893,18.866842,137.350159,19.427696,0.040245,0.924891,0.152304,0.346065,-6.719857,86.159538,7.289741,0.101895,0.963673,-0.023568,0.245757,-5.598225,51.74033,-3.922373,-0.032118,0.927094,0.037586,0.371553,-15.438789,5.458197,-4.142851,-0.103675,0.891367,-0.088543,0.432292,6.174649,86.979317,21.100128,-0.014496,0.898479,-0.145064,0.414105,10.095929,52.109001,30.0632,-0.028333,0.875044,0.013844,0.483015,5.643652,6.803098,42.965687,-0.032118,0.927094,0.037586,0.371553,-5.163497,0.668858,-14.652221,-0.028333,0.875044,0.013844,0.483015,18.009552,1.400773,35.424751
1120,9.333333,-0.031507,0.916825,0.018128,0.397631,-0.264355,86.571381,14.20064,-0.11614,0.906746,0.144428,0.378766,-0.824111,94.304848,14.264105,-0.013964,0.923261,0.00029,0.38392,-7.556909,113.89743,17.923502,0.096823,0.950687,0.086678,0.281614,-8.109524,135.137161,17.707033,-0.001901,0.98841,0.027996,0.149195,-5.082394,149.507538,19.359068,-0.100392,0.757562,0.120027,0.633731,-11.224772,129.510742,15.405462,-0.745488,0.078163,0.497129,-0.437037,-14.222227,129.511124,-1.299678,-0.655078,-0.585852,0.171723,0.445154,-3.240857,117.248962,-16.272554,0.207129,0.293269,-0.637275,-0.681888,4.488351,145.193619,-7.267209,-0.087742,0.926996,0.019816,0.364124,-5.935352,129.702576,20.725683,0.420535,0.902181,0.095919,-0.004479,6.274761,132.218536,32.242172,-0.214044,0.465858,0.496647,-0.700359,20.655159,115.353142,30.267197,-0.043454,0.279074,0.60489,-0.744538,18.870268,137.345383,19.457672,0.040325,0.924898,0.152188,0.346086,-6.711428,86.161407,7.295285,0.101911,0.963539,-0.023584,0.246276,-5.597882,51.74012,-3.911253,-0.032191,0.92709,0.037625,0.371555,-15.440146,5.458364,-4.135959,-0.103658,0.891338,-0.08856,0.432353,6.182718,86.981354,21.105995,-0.014378,0.898524,-0.145032,0.414021,10.101739,52.110992,30.069876,-0.02788,0.874981,0.014038,0.48315,5.641828,6.803888,42.965515,-0.032191,0.92709,0.037625,0.371555,-5.163969,0.670921,-14.64533,-0.02788,0.874981,0.014038,0.48315,18.006525,1.399999,35.423721
1121,9.341667,-0.031554,0.916834,0.018094,0.397608,-0.258046,86.571465,14.207167,-0.116162,0.906779,0.144289,0.378732,-0.81826,94.304901,14.269869,-0.014057,0.923271,0.00022,0.383893,-7.548668,113.896156,17.923441,0.096838,0.950591,0.086769,0.281906,-8.103772,135.135788,17.702734,-0.001692,0.988304,0.028224,0.149851,-5.077,149.505783,19.358692,-0.100255,0.7576,0.119966,0.633719,-11.218493,129.50853,15.402469,-0.745205,0.078121,0.497559,-0.437037,-14.217408,129.510956,-1.302409,-0.655174,-0.585433,0.172323,0.44533,-3.254798,117.24279,-16.284105,0.207211,0.292872,-0.637251,-0.682056,4.491647,145.192307,-7.308673,-0.087735,0.926877,0.019774,0.364433,-5.928798,129.702057,20.722353,0.420956,0.901953,0.096237,-0.003888,6.273717,132.217743,32.246952,-0.213956,0.465886,0.497037,-0.700091,20.638567,115.337227,30.288008,-0.043429,0.278605,0.60545,-0.744261,18.87394,137.335403,19.485193,0.040338,0.924934,0.152158,0.346002,-6.705411,86.1604,7.302151,0.101975,0.963562,-0.023503,0.246166,-5.594489,51.738525,-3.902829,-0.03216,0.927104,0.037653,0.371519,-15.440687,5.457645,-4.135261,-0.10361,0.891342,-0.088514,0.432366,6.18932,86.982529,21.112183,-0.014353,0.898518,-0.145066,0.414022,10.106661,52.110874,30.071753,-0.028462,0.875062,0.013845,0.482974,5.64331,6.804627,42.969193,-0.03216,0.927104,0.037653,0.371519,-5.165534,0.670592,-14.645806,-0.028462,0.875062,0.013845,0.482974,18.00979,1.404156,35.427887
1122,9.35,-0.031527,0.916839,0.017995,0.397603,-0.249695,86.571083,14.213078,-0.116247,0.90677,0.144259,0.378739,-0.808917,94.304596,14.274544,-0.014145,0.923251,7.6e-05,0.383936,-7.542687,113.897064,17.925819,0.096953,0.950484,0.086734,0.282236,-8.098886,135.136597,17.698032,-0.001571,0.988197,0.028542,0.150497,-5.068659,149.505707,19.35532,-0.10008,0.757702,0.119749,0.633665,-11.213085,129.508408,15.399324,-0.74497,0.077973,0.497914,-0.43706,-14.215511,129.510117,-1.304919,-0.655318,-0.585046,0.1728,0.445443,-3.267597,117.240273,-16.295994,0.207632,0.292282,-0.637341,-0.682097,4.496367,145.193573,-7.347527,-0.08714,0.926791,0.019184,0.364825,-5.923922,129.703979,20.719662,0.421498,0.901721,0.096038,-0.003931,6.272416,132.207733,32.253391,-0.214221,0.465896,0.497542,-0.699644,20.61693,115.309967,30.294174,-0.043337,0.277969,0.606323,-0.743792,18.877096,137.324905,19.511055,0.040333,0.924928,0.152135,0.34603,-6.697165,86.159737,7.308177,0.102064,0.963774,-0.023256,0.245319,-5.586165,51.737309,-3.89512,-0.032035,0.927102,0.037671,0.371532,-15.434991,5.457073,-4.143514,-0.103569,0.891477,-0.088571,0.432085,6.197774,86.982422,21.117979,-0.014233,0.898558,-0.145012,0.413959,10.113441,52.110886,30.07872,-0.028483,0.875044,0.01386,0.483006,5.642931,6.802824,42.9673,-0.032035,0.927102,0.037671,0.371532,-5.160728,0.669095,-14.654507,-0.028483,0.875044,0.01386,0.483006,18.010239,1.403055,35.426857
1123,9.358333,-0.031496,0.916847,0.017759,0.397598,-0.244692,86.570267,14.221139,-0.116386,0.906752,0.144175,0.378771,-0.802014,94.30394,14.279437,-0.014061,0.923231,-2.7e-05,0.383988,-7.540269,113.897263,17.925278,0.096922,0.950432,0.086611,0.28246,-8.091499,135.136887,17.694771,-0.001254,0.988116,0.028923,0.150962,-5.061144,149.506302,19.349266,-0.099901,0.757796,0.119584,0.633613,-11.206741,129.509155,15.396406,-0.744717,0.077936,0.498183,-0.437191,-14.212632,129.511398,-1.307218,-0.655519,-0.584708,0.173257,0.445415,-3.276388,117.235504,-16.301857,0.208203,0.291632,-0.637546,-0.68201,4.502013,145.194519,-7.383849,-0.087129,0.926691,0.01901,0.365091,-5.918149,129.704147,20.717331,0.422081,0.901387,0.096639,-0.003264,6.271659,132.209259,32.257671,-0.213748,0.465823,0.498194,-0.699374,20.594515,115.291618,30.311483,-0.043164,0.277273,0.60701,-0.743502,18.88332,137.309647,19.532898,0.04034,0.924916,0.152186,0.346038,-6.692268,86.157677,7.316412,0.10211,0.963756,-0.023206,0.245376,-5.580369,51.736408,-3.890367,-0.032041,0.927136,0.037602,0.371455,-15.432124,5.456826,-4.14498,-0.103535,0.891498,-0.088472,0.432069,6.202885,86.982849,21.125866,-0.014219,0.898436,-0.144969,0.414239,10.11978,52.109535,30.079138,-0.028655,0.875009,0.013797,0.483061,5.645715,6.800261,42.962246,-0.032041,0.927136,0.037602,0.371455,-5.159757,0.667014,-14.656992,-0.028655,0.875009,0.013797,0.483061,18.015375,1.40141,35.424992
1124,9.366667,-0.031486,0.916814,0.017638,0.397681,-0.238523,86.57061,14.228217,-0.116561,0.906633,0.144097,0.379034,-0.794961,94.304367,14.284807,-0.01392,0.923102,3e-06,0.384302,-7.540502,113.89949,17.923332,0.096812,0.950351,0.086485,0.282809,-8.086582,135.139282,17.69611,-0.000887,0.988038,0.029188,0.151423,-5.058286,149.509476,19.347628,-0.100027,0.757722,0.119478,0.633701,-11.201589,129.51268,15.394664,-0.744524,0.078088,0.49845,-0.437188,-14.202838,129.509995,-1.309794,-0.655617,-0.584384,0.173893,0.445447,-3.27948,117.224594,-16.306042,0.208745,0.290971,-0.637861,-0.681832,4.508538,145.191742,-7.421958,-0.086994,0.926639,0.01875,0.365269,-5.916559,129.705521,20.719208,0.422665,0.901089,0.096875,-0.00288,6.269653,132.209351,32.263626,-0.213363,0.465813,0.498841,-0.699036,20.570646,115.272263,30.325926,-0.04303,0.276206,0.607699,-0.743344,18.890879,137.293411,19.553684,0.040364,0.924911,0.152124,0.346076,-6.684876,86.157333,7.322387,0.102175,0.963807,-0.02307,0.245163,-5.575697,51.734852,-3.880931,-0.031894,0.927114,0.037635,0.37152,-15.430278,5.455935,-4.147275,-0.103484,0.891585,-0.088473,0.431903,6.207829,86.983887,21.134048,-0.014087,0.898627,-0.144915,0.413848,10.123109,52.109802,30.085077,-0.027985,0.875063,0.014062,0.482995,5.645612,6.798708,42.960579,-0.031894,0.927114,0.037635,0.37152,-5.157807,0.665396,-14.658861,-0.027985,0.875063,0.014062,0.482995,18.008787,1.396847,35.414848
1125,9.375,-0.03154,0.916812,0.017601,0.397682,-0.22988,86.570656,14.233942,-0.116496,0.90669,0.144035,0.378942,-0.786866,94.304375,14.289677,-0.014129,0.923138,-0.000114,0.384209,-7.529023,113.901917,17.927841,0.096528,0.950406,0.086194,0.28281,-8.081439,135.141449,17.692657,-0.000192,0.987987,0.029785,0.151641,-5.05863,149.513992,19.333675,-0.099967,0.757729,0.119403,0.633716,-11.19523,129.513046,15.393962,-0.744326,0.077834,0.498774,-0.437201,-14.196232,129.510345,-1.310535,-0.65573,-0.584017,0.174313,0.445598,-3.2855,117.227486,-16.318037,0.209134,0.290375,-0.638154,-0.681693,4.519633,145.196991,-7.456422,-0.0869,0.92653,0.018633,0.365574,-5.909213,129.709488,20.717392,0.423285,0.900766,0.097177,-0.002613,6.269977,132.211273,32.269646,-0.21312,0.465547,0.499806,-0.698599,20.547668,115.254272,30.334333,-0.041668,0.275139,0.608353,-0.743283,18.902868,137.292068,19.584101,0.040435,0.924901,0.152114,0.346098,-6.676141,86.156158,7.328106,0.102218,0.963797,-0.023069,0.245183,-5.571706,51.733887,-3.876291,-0.031998,0.92712,0.03768,0.37149,-15.430061,5.455789,-4.14398,-0.10347,0.891604,-0.088448,0.431872,6.216382,86.985153,21.13978,-0.013955,0.898777,-0.144987,0.413501,10.131868,52.110542,30.088648,-0.028526,0.875048,0.01379,0.482997,5.645271,6.801051,42.966606,-0.031998,0.92712,0.03768,0.37149,-5.157094,0.66761,-14.656141,-0.028526,0.875048,0.01379,0.482997,18.01252,1.400154,35.426872
1126,9.383333,-0.031653,0.916803,0.017624,0.397693,-0.219249,86.572769,14.241102,-0.116562,0.906657,0.143942,0.379035,-0.777975,94.306374,14.29646,-0.014214,0.923081,-0.000127,0.384343,-7.521804,113.905014,17.929516,0.09642,0.950318,0.086168,0.283152,-8.077311,135.144455,17.692366,0.00016,0.987887,0.029973,0.152254,-5.057316,149.517624,19.333218,-0.099902,0.757672,0.119164,0.633839,-11.189598,129.515381,15.393242,-0.7441,0.077643,0.49897,-0.437396,-14.185726,129.509872,-1.312138,-0.655809,-0.58374,0.174809,0.44565,-3.282348,117.22596,-16.324142,0.209375,0.289642,-0.638369,-0.681729,4.531947,145.201202,-7.488764,-0.087757,0.926396,0.019412,0.365667,-5.905155,129.713058,20.718193,0.424058,0.900349,0.097687,-0.002047,6.266655,132.231689,32.274578,-0.2125,0.465445,0.500576,-0.698303,20.515341,115.249184,30.349005,-0.041448,0.2745,0.609316,-0.742742,18.90395,137.288879,19.602833,0.040544,0.924896,0.152089,0.346109,-6.665214,86.156502,7.335088,0.102262,0.963743,-0.023065,0.245377,-5.568549,51.734306,-3.870331,-0.031927,0.927112,0.037699,0.371515,-15.430806,5.457053,-4.141346,-0.103412,0.891677,-0.088405,0.431743,6.226715,86.989037,21.147118,-0.013845,0.898734,-0.145009,0.413592,10.141163,52.113007,30.090916,-0.028541,0.874987,0.013777,0.483108,5.643016,6.803825,42.96595,-0.031927,0.927112,0.037699,0.371515,-5.157911,0.66862,-14.653474,-0.028541,0.874987,0.013777,0.483108,18.012247,1.402872,35.429497
1127,9.391667,-0.031752,0.916783,0.017636,0.397731,-0.209203,86.573776,14.246234,-0.116658,0.90663,0.143887,0.379091,-0.769403,94.307266,14.301125,-0.014257,0.92305,-0.000127,0.384416,-7.51684,113.90741,17.930428,0.096328,0.950246,0.086175,0.283419,-8.07403,135.14679,17.692549,0.00052,0.987803,0.030112,0.152771,-5.056674,149.520447,19.333981,-0.100004,0.757551,0.119085,0.633983,-11.185494,129.51741,15.393103,-0.743957,0.077468,0.499184,-0.437426,-14.174766,129.50856,-1.313497,-0.655832,-0.583448,0.17532,0.445798,-3.27973,117.226097,-16.332726,0.209616,0.288936,-0.638508,-0.681825,4.544407,145.205933,-7.520578,-0.087669,0.92635,0.019296,0.365811,-5.901916,129.715668,20.718884,0.424528,0.900105,0.097897,-0.001765,6.266827,132.232742,32.278831,-0.212206,0.465215,0.501127,-0.698151,20.497795,115.234795,30.35857,-0.040954,0.273927,0.610239,-0.742223,18.902937,137.281113,19.622007,0.040626,0.924927,0.152038,0.346039,-6.654481,86.155907,7.339681,0.102294,0.963536,-0.023181,0.246165,-5.565405,51.73307,-3.864489,-0.032042,0.927123,0.037743,0.371471,-15.432982,5.456951,-4.133765,-0.103356,0.891671,-0.088363,0.431778,6.236075,86.991638,21.152788,-0.013771,0.898726,-0.145044,0.413598,10.147923,52.114235,30.092329,-0.028103,0.87498,0.013875,0.483144,5.642028,6.805843,42.967392,-0.032042,0.927123,0.037743,0.371471,-5.159776,0.670978,-14.6467,-0.028103,0.87498,0.013875,0.483144,18.008024,1.401065,35.428383
1128,9.4,-0.031716,0.916757,0.017477,0.3978,-0.203842,86.573647,14.252794,-0.116715,0.906591,0.143886,0.379168,-0.762563,94.307266,14.305605,-0.014305,0.923007,-0.000179,0.384517,-7.512953,113.908432,17.933632,0.095376,0.950308,0.08588,0.283625,-8.071134,135.147766,17.692862,0.001457,0.987708,0.030493,0.153301,-5.077781,149.528152,19.319153,-0.099995,0.757402,0.119074,0.634164,-11.181813,129.517929,15.393459,-0.74372,0.077392,0.499366,-0.437636,-14.163329,129.510315,-1.314533,-0.655941,-0.583153,0.175794,0.445836,-3.275833,117.223,-16.335274,0.209679,0.288328,-0.638743,-0.681843,4.559082,145.208206,-7.549825,-0.087571,0.926298,0.01903,0.365981,-5.899421,129.717133,20.720387,0.425096,0.899851,0.097766,-0.001726,6.265705,132.234161,32.284157,-0.212042,0.465172,0.501649,-0.697855,20.475214,115.218094,30.365467,-0.040522,0.273379,0.610789,-0.741996,18.904018,137.271576,19.638176,0.040628,0.924874,0.152033,0.346184,-6.648129,86.155251,7.345344,0.10239,0.963716,-0.023005,0.245434,-5.557592,51.732319,-3.858417,-0.031826,0.927126,0.03774,0.371484,-15.429958,5.457282,-4.138507,-0.103319,0.891702,-0.088273,0.431742,6.240444,86.99205,21.160244,-0.013694,0.898697,-0.144993,0.413682,10.153238,52.112949,30.092758,-0.028082,0.874917,0.013908,0.483259,5.641605,6.802967,42.960236,-0.031826,0.927126,0.03774,0.371484,-5.158633,0.668788,-14.652138,-0.028082,0.874917,0.013908,0.483259,18.009531,1.398782,35.423962
1129,9.408333,-0.031694,0.916757,0.017315,0.39781,-0.195999,86.572098,14.259238,-0.116826,0.906569,0.143849,0.3792,-0.753411,94.305824,14.309888,-0.014349,0.922981,-0.00024,0.384577,-7.508744,113.909912,17.935133,0.095368,0.950227,0.085935,0.283881,-8.067649,135.1492,17.691206,0.001778,0.987631,0.030574,0.153777,-5.075002,149.529434,19.320068,-0.100027,0.757334,0.119205,0.634216,-11.177824,129.518906,15.39221,-0.743544,0.077339,0.499501,-0.43779,-14.156911,129.513733,-1.316215,-0.656091,-0.582796,0.176207,0.44592,-3.275026,117.22274,-16.337999,0.209266,0.288102,-0.638606,-0.682193,4.576342,145.211075,-7.577276,-0.087538,0.926239,0.018802,0.366148,-5.896145,129.719086,20.719807,0.425775,0.899553,0.097555,-0.001615,6.265015,132.237625,32.287415,-0.211692,0.465285,0.502193,-0.697495,20.448839,115.199516,30.37425,-0.040291,0.272609,0.611214,-0.741942,18.909641,137.256409,19.648123,0.040638,0.924871,0.152055,0.346182,-6.640159,86.15287,7.351719,0.102444,0.96371,-0.022964,0.245439,-5.549716,51.730476,-3.853703,-0.031744,0.927159,0.037693,0.371414,-15.425971,5.456293,-4.138867,-0.10322,0.891789,-0.088278,0.431584,6.24816,86.991325,21.166758,-0.013603,0.898833,-0.144989,0.41339,10.156038,52.110817,30.095922,-0.028314,0.874954,0.013812,0.48318,5.641017,6.800476,42.960972,-0.031744,0.927159,0.037693,0.371414,-5.157169,0.665581,-14.653954,-0.028314,0.874954,0.013812,0.48318,18.00942,1.397181,35.424839
1130,9.416667,-0.031722,0.916742,0.017216,0.397845,-0.188539,86.570656,14.264001,-0.116906,0.906544,0.14383,0.379242,-0.745735,94.304405,14.313039,-0.0144,0.922952,-0.000323,0.384645,-7.505245,113.911652,17.936577,0.095446,0.950112,0.086072,0.284199,-8.064754,135.150864,17.688517,0.002108,0.987542,0.030574,0.154344,-5.071099,149.530228,19.323208,-0.099987,0.757214,0.119112,0.634383,-11.174413,129.52005,15.390129,-0.743392,0.077276,0.499598,-0.437949,-14.146561,129.514999,-1.319529,-0.65616,-0.582538,0.176643,0.445983,-3.268574,117.221153,-16.341812,0.209379,0.287374,-0.639057,-0.682043,4.59171,145.214157,-7.603989,-0.087454,0.926188,0.018618,0.366306,-5.89354,129.72139,20.718479,0.426168,0.899376,0.097473,-0.001335,6.264178,132.239288,32.289841,-0.21136,0.465284,0.502536,-0.697349,20.433117,115.187576,30.387714,-0.039972,0.272038,0.61182,-0.74167,18.910685,137.247269,19.659262,0.040684,0.924845,0.151988,0.346274,-6.632132,86.150215,7.35603,0.102495,0.963709,-0.022869,0.245434,-5.545402,51.726627,-3.846062,-0.031627,0.927164,0.037738,0.371407,-15.424117,5.453029,-4.141028,-0.103163,0.891809,-0.088247,0.431563,6.255053,86.991096,21.171972,-0.013513,0.898908,-0.144973,0.413237,10.160526,52.109325,30.097284,-0.028503,0.874938,0.013736,0.483201,5.640673,6.798324,42.958294,-0.031627,0.927164,0.037738,0.371407,-5.156507,0.6622,-14.657225,-0.028503,0.874938,0.013736,0.483201,18.010933,1.395844,35.424633
1131,9.425,-0.031747,0.916726,0.017159,0.397884,-0.180068,86.571053,14.268822,-0.117001,0.906508,0.143769,0.379322,-0.737275,94.30481,14.316872,-0.014442,0.922907,-0.000334,0.384751,-7.500343,113.913605,17.936295,0.09531,0.950041,0.086097,0.284476,-8.061289,135.152771,17.687084,0.002509,0.98746,0.030662,0.154842,-5.071655,149.532898,19.322533,-0.100061,0.757099,0.119119,0.634507,-11.170023,129.521622,15.38825,-0.743305,0.077131,0.499685,-0.438022,-14.13633,129.515701,-1.322447,-0.656165,-0.582339,0.176973,0.446106,-3.261221,117.223633,-16.348265,0.209412,0.286719,-0.639107,-0.682262,4.606081,145.219086,-7.62466,-0.087491,0.926156,0.018408,0.366391,-5.890391,129.723602,20.717808,0.42674,0.899091,0.097607,-0.001086,6.264999,132.245148,32.290821,-0.210893,0.465096,0.503111,-0.697201,20.41227,115.174889,30.393684,-0.039641,0.271325,0.612697,-0.741225,18.909519,137.240082,19.668468,0.040754,0.924807,0.15195,0.346385,-6.62304,86.149765,7.360323,0.102531,0.963721,-0.022828,0.245374,-5.540602,51.725735,-3.840843,-0.031721,0.927191,0.037739,0.37133,-15.42164,5.45266,-4.139772,-0.103104,0.891799,-0.088192,0.431608,6.262904,86.992332,21.177319,-0.013487,0.898877,-0.145008,0.413292,10.165861,52.108978,30.097528,-0.028415,0.875028,0.013901,0.483038,5.641628,6.798866,42.960133,-0.031721,0.927191,0.037739,0.37133,-5.154799,0.662892,-14.6572,-0.028415,0.875028,0.013901,0.483038,18.009005,1.399151,35.419758
1132,9.433333,-0.031782,0.916711,0.017133,0.397916,-0.170651,86.572891,14.273453,-0.117061,0.906471,0.143737,0.379402,-0.7282,94.306633,14.320903,-0.01452,0.92286,-0.000359,0.384863,-7.493927,113.916763,17.937811,0.095195,0.949945,0.086194,0.284805,-8.0575,135.155838,17.686256,0.002919,0.987368,0.030642,0.155423,-5.071912,149.536438,19.324886,-0.100087,0.756974,0.11911,0.634654,-11.164962,129.524048,15.387249,-0.743179,0.077025,0.499775,-0.438151,-14.124775,129.518295,-1.324603,-0.656265,-0.582147,0.177207,0.446115,-3.252945,117.225555,-16.352251,0.209429,0.286433,-0.639138,-0.682348,4.622925,145.223343,-7.643881,-0.087417,0.926085,0.01811,0.366601,-5.886653,129.727249,20.718073,0.427024,0.898944,0.097719,-0.000926,6.263974,132.249832,32.295864,-0.210637,0.465102,0.503436,-0.69704,20.400452,115.170303,30.401775,-0.039507,0.27095,0.613189,-0.740962,18.913988,137.237854,19.676609,0.040834,0.924787,0.151909,0.346448,-6.613101,86.150826,7.364511,0.102604,0.963674,-0.022837,0.245528,-5.536332,51.726364,-3.835893,-0.031719,0.927183,0.037744,0.371351,-15.424114,5.454752,-4.137246,-0.103085,0.891763,-0.088124,0.431702,6.271799,86.994957,21.182394,-0.013407,0.898807,-0.145039,0.413436,10.174821,52.110458,30.098089,-0.028695,0.874951,0.013679,0.483167,5.640521,6.800997,42.959427,-0.031719,0.927183,0.037744,0.371351,-5.156813,0.665114,-14.654291,-0.028695,0.874951,0.013679,0.483167,18.011814,1.399824,35.426521
1133,9.441667,-0.031852,0.916685,0.017148,0.39797,-0.16158,86.573738,14.277395,-0.117094,0.906445,0.143652,0.379487,-0.720223,94.307396,14.324594,-0.014612,0.922815,-0.000333,0.384965,-7.487301,113.921417,17.937735,0.095094,0.949887,0.086205,0.285029,-8.054868,135.16037,17.685642,0.003418,0.987305,0.030674,0.155806,-5.072198,149.541519,19.324717,-0.100198,0.75684,0.119069,0.634804,-11.160742,129.527954,15.386052,-0.743145,0.076888,0.499925,-0.438063,-14.113315,129.519516,-1.327072,-0.656309,-0.581937,0.17736,0.446264,-3.247211,117.230461,-16.361862,0.209498,0.286198,-0.63926,-0.682311,4.640183,145.227188,-7.660508,-0.087409,0.926037,0.017931,0.366733,-5.883662,129.732269,20.718046,0.427355,0.898827,0.097353,-0.0008,6.263702,132.256592,32.298874,-0.210444,0.465229,0.503598,-0.696896,20.387596,115.165482,30.415359,-0.039381,0.270579,0.613718,-0.740666,18.914721,137.235153,19.684469,0.04089,0.924808,0.151802,0.346431,-6.603127,86.150597,7.367683,0.10267,0.963718,-0.022729,0.245337,-5.53302,51.724113,-3.82712,-0.031776,0.927176,0.037909,0.371347,-15.424291,5.4533,-4.137907,-0.103067,0.891769,-0.088114,0.431695,6.279968,86.99688,21.187109,-0.013333,0.898852,-0.145069,0.41333,10.182201,52.111977,30.101585,-0.028553,0.87497,0.013767,0.483139,5.641887,6.803137,42.963005,-0.031776,0.927176,0.037909,0.371347,-5.155978,0.6688,-14.656297,-0.028553,0.87497,0.013767,0.483139,18.011717,1.402108,35.427601
1134,9.45,-0.031887,0.916647,0.017068,0.398058,-0.152483,86.574715,14.281717,-0.11715,0.906415,0.143629,0.37955,-0.711118,94.30838,14.3275,-0.014695,0.922782,-0.000365,0.385041,-7.480682,113.923553,17.938631,0.094971,0.949792,0.086333,0.285347,-8.050953,135.162399,17.683859,0.003839,0.987211,0.030635,0.156399,-5.072784,149.544037,19.326881,-0.10014,0.756776,0.118978,0.634907,-11.155718,129.529297,15.384439,-0.743172,0.076802,0.500009,-0.437936,-14.104276,129.521027,-1.329398,-0.656407,-0.58174,0.177441,0.446343,-3.241315,117.235909,-16.36969,0.209662,0.286097,-0.639209,-0.682351,4.658206,145.231354,-7.675169,-0.087376,0.925968,0.017777,0.366922,-5.87955,129.73494,20.717285,0.427599,0.898712,0.097343,-0.000651,6.263303,132.259827,32.302727,-0.210186,0.465267,0.503911,-0.696722,20.377958,115.160522,30.424288,-0.03907,0.27007,0.614156,-0.740505,18.922335,137.231003,19.692953,0.040992,0.924768,0.151789,0.346532,-6.592673,86.150429,7.370806,0.10272,0.963688,-0.022748,0.24543,-5.528476,51.724266,-3.82557,-0.031756,0.927165,0.037849,0.371382,-15.424681,5.454516,-4.136769,-0.103057,0.891773,-0.088058,0.431701,6.287706,86.999008,21.192629,-0.013176,0.898915,-0.145068,0.413198,10.191065,52.113235,30.10323,-0.028214,0.874893,0.013778,0.483298,5.639389,6.803963,42.959126,-0.031756,0.927165,0.037849,0.371382,-5.155984,0.668158,-14.653939,-0.028214,0.874893,0.013778,0.483298,18.008657,1.398426,35.426025
1135,9.458333,-0.031941,0.916625,0.01702,0.398107,-0.141932,86.575111,14.284804,-0.117204,0.90637,0.143661,0.379628,-0.701056,94.308762,14.329544,-0.014817,0.922728,-0.000451,0.385166,-7.473422,113.922859,17.940369,0.094818,0.949674,0.086516,0.285735,-8.047048,135.16156,17.680174,0.00426,0.987104,0.030589,0.157073,-5.074708,149.543762,19.328758,-0.100036,0.75671,0.119095,0.63498,-11.15027,129.527374,15.381296,-0.743237,0.076738,0.500049,-0.437792,-14.096361,129.524826,-1.33298,-0.656515,-0.581571,0.177434,0.446408,-3.23474,117.244041,-16.377769,0.209885,0.28594,-0.639086,-0.682463,4.676905,145.237045,-7.686435,-0.08747,0.925894,0.017613,0.367095,-5.875604,129.735199,20.715544,0.427878,0.898585,0.097287,-0.000483,6.262384,132.264786,32.305061,-0.209822,0.465212,0.50418,-0.696674,20.366402,115.155983,30.433222,-0.038781,0.269721,0.614917,-0.740016,18.921494,137.227249,19.697823,0.040986,0.924824,0.151707,0.34642,-6.581317,86.149544,7.373223,0.10281,0.96375,-0.02264,0.245161,-5.520234,51.72155,-3.817789,-0.031594,0.927196,0.03787,0.371316,-15.422167,5.453086,-4.138187,-0.102981,0.891777,-0.088021,0.431719,6.297455,87.000687,21.196386,-0.0131,0.89895,-0.145069,0.413126,10.19693,52.113312,30.102385,-0.028265,0.874892,0.013655,0.4833,5.639749,6.803903,42.955837,-0.031594,0.927196,0.03787,0.371316,-5.156478,0.665439,-14.657712,-0.028265,0.874892,0.013655,0.4833,18.008961,1.396012,35.424328
1136,9.466667,-0.031968,0.91659,0.01689,0.398192,-0.131723,86.573448,14.290145,-0.117399,0.906318,0.143624,0.379707,-0.690432,94.307121,14.332819,-0.014838,0.922686,-0.0005,0.385267,-7.471322,113.924026,17.93919,0.094779,0.949582,0.086591,0.286029,-8.044944,135.162689,17.676649,0.00468,0.987021,0.030588,0.157582,-5.07435,149.544907,19.328264,-0.100015,0.756601,0.119113,0.63511,-11.147647,129.528275,15.377678,-0.743374,0.076649,0.500103,-0.437513,-14.088294,129.527527,-1.337557,-0.656614,-0.581466,0.177291,0.446457,-3.22848,117.254379,-16.389879,0.210229,0.286153,-0.638829,-0.682509,4.693682,145.243286,-7.69501,-0.0875,0.925847,0.017429,0.367215,-5.874155,129.736649,20.713066,0.428094,0.898513,0.097003,-0.000352,6.260667,132.269257,32.305241,-0.209734,0.465364,0.504286,-0.696523,20.356468,115.152618,30.443127,-0.038469,0.269633,0.615222,-0.739811,18.92375,137.223282,19.704878,0.041082,0.924807,0.151685,0.346461,-6.569807,86.146477,7.377435,0.10286,0.963754,-0.022599,0.245128,-5.515194,51.718582,-3.814497,-0.031576,0.92718,0.037891,0.371355,-15.420693,5.450913,-4.139501,-0.102957,0.891924,-0.088027,0.431419,6.30636,87.000412,21.202854,-0.012888,0.899083,-0.145038,0.412852,10.20715,52.112759,30.107191,-0.028621,0.874846,0.013493,0.483367,5.637057,6.801972,42.951214,-0.031576,0.92718,0.037891,0.371355,-5.154239,0.663668,-14.65846,-0.028621,0.874846,0.013493,0.483367,18.010153,1.395183,35.425297
1137,9.475,-0.031911,0.916544,0.016776,0.398306,-0.124807,86.57415,14.295689,-0.117512,0.906286,0.143534,0.379782,-0.682001,94.307945,14.337033,-0.014877,0.922656,-0.000527,0.385337,-7.466156,113.925041,17.937651,0.094648,0.949489,0.086752,0.286333,-8.040866,135.163651,17.673384,0.005072,0.98693,0.030534,0.158151,-5.075293,149.546356,19.329744,-0.100034,0.756516,0.119267,0.635179,-11.142917,129.528885,15.37437,-0.743508,0.07655,0.500133,-0.437268,-14.080465,129.531555,-1.341406,-0.656705,-0.581323,0.177168,0.446557,-3.221338,117.26606,-16.400459,0.210081,0.286568,-0.638262,-0.68291,4.713535,145.250275,-7.702001,-0.08753,0.925777,0.017352,0.367389,-5.870256,129.737961,20.71055,0.428172,0.898478,0.096988,-0.000174,6.260043,132.272156,32.307106,-0.209642,0.465387,0.504386,-0.696463,20.352879,115.152313,30.452055,-0.038076,0.269604,0.615405,-0.73969,18.92622,137.223083,19.713154,0.041111,0.92475,0.151725,0.346593,-6.561237,86.147392,7.381429,0.102925,0.963707,-0.022633,0.245283,-5.505964,51.720535,-3.813632,-0.031599,0.927221,0.037693,0.37127,-15.41809,5.45429,-4.138619,-0.102932,0.891921,-0.087945,0.431449,6.311624,87.000908,21.209948,-0.012825,0.899148,-0.145059,0.412706,10.213129,52.111839,30.108416,-0.028643,0.874905,0.013466,0.483259,5.638972,6.801477,42.952454,-0.031599,0.927221,0.037693,0.37127,-5.153965,0.661854,-14.657486,-0.028643,0.874905,0.013466,0.483259,18.010286,1.394248,35.423931
1138,9.483333,-0.031982,0.916533,0.016722,0.398328,-0.114724,86.576485,14.299602,-0.117612,0.906237,0.143443,0.379904,-0.672594,94.310242,14.339725,-0.014926,0.92259,-0.000425,0.385492,-7.459956,113.928436,17.934519,0.094456,0.949406,0.086787,0.286661,-8.0382,135.166992,17.673315,0.005525,0.986838,0.030498,0.158715,-5.078279,149.550766,19.330463,-0.100066,0.756454,0.119272,0.635247,-11.138524,129.532043,15.372404,-0.743723,0.076402,0.500219,-0.436829,-14.072934,129.5345,-1.343922,-0.656611,-0.581203,0.177103,0.446878,-3.216626,117.281273,-16.414993,0.210008,0.28663,-0.638073,-0.683083,4.728142,145.259048,-7.704855,-0.087464,0.925684,0.017217,0.367644,-5.867676,129.741211,20.710373,0.428099,0.898505,0.097053,-0.00011,6.256659,132.274582,32.313347,-0.209666,0.465438,0.504252,-0.696518,20.352268,115.156853,30.459908,-0.038234,0.269992,0.615377,-0.739563,18.921318,137.225571,19.717175,0.041144,0.924698,0.151646,0.346762,-6.550728,86.148102,7.385045,0.103031,0.963698,-0.022582,0.245278,-5.49756,51.719707,-3.805494,-0.031472,0.927228,0.037753,0.371258,-15.418023,5.455297,-4.137579,-0.102894,0.891809,-0.087894,0.431699,6.32128,87.004868,21.214157,-0.012767,0.899146,-0.145099,0.412699,10.219534,52.114582,30.109268,-0.028142,0.874894,0.013527,0.483307,5.638973,6.805182,42.954414,-0.031472,0.927228,0.037753,0.371258,-5.155224,0.663067,-14.657834,-0.028142,0.874894,0.013527,0.483307,18.006451,1.39231,35.423637
1139,9.491667,-0.032055,0.916498,0.01675,0.3984,-0.104936,86.578232,14.303486,-0.117658,0.906194,0.143344,0.38003,-0.664014,94.311897,14.343508,-0.015088,0.922524,-0.000351,0.385645,-7.452147,113.931015,17.932961,0.094386,0.949311,0.086756,0.287007,-8.037895,135.169357,17.671944,0.005917,0.98674,0.03053,0.1593,-5.079702,149.553497,19.329103,-0.100091,0.756326,0.119365,0.635378,-11.135443,129.533356,15.369905,-0.743941,0.076323,0.500315,-0.436361,-14.064011,129.538116,-1.347451,-0.656449,-0.581077,0.177082,0.447288,-3.211431,117.295326,-16.429684,0.209696,0.286633,-0.637943,-0.6833,4.742713,145.266144,-7.705884,-0.087487,0.925632,0.017168,0.367772,-5.866439,129.744308,20.709625,0.428109,0.898516,0.096914,-0.000211,6.254563,132.278763,32.315845,-0.209708,0.465447,0.504352,-0.696428,20.349804,115.160881,30.460972,-0.037942,0.269749,0.615488,-0.739574,18.924095,137.232468,19.721752,0.0412,0.924669,0.151625,0.346842,-6.539766,86.148834,7.387899,0.103136,0.963657,-0.022621,0.245392,-5.48998,51.72031,-3.802557,-0.031453,0.927221,0.03773,0.371278,-15.420824,5.458128,-4.134715,-0.10291,0.89186,-0.087909,0.431587,6.329895,87.007629,21.219072,-0.012543,0.8993,-0.145134,0.412358,10.229821,52.117775,30.115139,-0.028108,0.874865,0.013576,0.483359,5.63368,6.808782,42.956165,-0.031453,0.927221,0.03773,0.371278,-5.157845,0.66507,-14.654417,-0.028108,0.874865,0.013576,0.483359,18.001965,1.396679,35.426159
1140,9.5,-0.032124,0.916462,0.016769,0.398477,-0.094893,86.579041,14.307234,-0.117756,0.906146,0.143231,0.380155,-0.655087,94.31263,14.347054,-0.015166,0.92246,-0.000333,0.385795,-7.446166,113.933472,17.929926,0.094274,0.949218,0.08686,0.287321,-8.035202,135.171722,17.668222,0.006322,0.986657,0.030488,0.159808,-5.081053,149.556305,19.328709,-0.100135,0.756277,0.119522,0.635399,-11.131104,129.535172,15.365307,-0.744057,0.076222,0.500264,-0.43624,-14.058449,129.54245,-1.352258,-0.656366,-0.581034,0.177044,0.447482,-3.202902,117.306305,-16.437752,0.209274,0.28662,-0.637885,-0.683488,4.755105,145.273544,-7.70588,-0.08755,0.925567,0.017153,0.367921,-5.863873,129.747086,20.706738,0.427933,0.898588,0.09702,-8e-05,6.253032,132.283447,32.316811,-0.209678,0.465286,0.504379,-0.696524,20.354961,115.170654,30.465889,-0.037369,0.269629,0.615641,-0.73952,18.923176,137.244598,19.728834,0.041249,0.924612,0.151624,0.346988,-6.528489,86.148628,7.390565,0.10323,0.96364,-0.022651,0.245414,-5.480183,51.720364,-3.800832,-0.031331,0.927229,0.037761,0.371266,-15.420135,5.460134,-4.132633,-0.102861,0.891836,-0.087902,0.431649,6.338704,87.009445,21.223904,-0.012463,0.899396,-0.145159,0.412142,10.235063,52.118759,30.118269,-0.028138,0.87491,0.013527,0.483279,5.634176,6.810275,42.959389,-0.031331,0.927229,0.037761,0.371266,-5.158559,0.666547,-14.653461,-0.028138,0.87491,0.013527,0.483279,18.001123,1.397318,35.427811
1141,9.508333,-0.032139,0.916428,0.016684,0.398558,-0.086691,86.579277,14.311901,-0.117831,0.906106,0.143154,0.380257,-0.646563,94.312897,14.350372,-0.015229,0.922409,-0.000337,0.385915,-7.439853,113.934502,17.928482,0.094072,0.949127,0.087051,0.287631,-8.031276,135.172684,17.66552,0.006765,0.986573,0.030346,0.160336,-5.084353,149.558167,19.331036,-0.100084,0.756221,0.119623,0.635455,-11.125928,129.535645,15.362094,-0.744148,0.076087,0.500273,-0.436098,-14.051215,129.546829,-1.355833,-0.656253,-0.581013,0.17696,0.447707,-3.195135,117.317856,-16.446756,0.209016,0.286457,-0.637923,-0.6836,4.766096,145.280426,-7.702927,-0.087677,0.925514,0.017178,0.368023,-5.860109,129.748444,20.70488,0.427849,0.898639,0.09692,-1e-06,6.253497,132.288284,32.317646,-0.20947,0.465196,0.504386,-0.696642,20.358635,115.177536,30.472187,-0.036999,0.26924,0.615745,-0.739594,18.923035,137.249603,19.730124,0.041235,0.924545,0.151626,0.347167,-6.519042,86.148026,7.394123,0.103353,0.96361,-0.022632,0.245484,-5.467637,51.719727,-3.79689,-0.031372,0.927245,0.037687,0.37123,-15.418272,5.46183,-4.134046,-0.102784,0.891927,-0.087902,0.43148,6.345659,87.010529,21.229679,-0.01239,0.899375,-0.14514,0.412195,10.238806,52.11869,30.120955,-0.028221,0.874865,0.013515,0.483356,5.631768,6.809515,42.957436,-0.031372,0.927245,0.037687,0.37123,-5.157314,0.666684,-14.654771,-0.028221,0.874865,0.013515,0.483356,18.000809,1.397511,35.428608
1142,9.516667,-0.032137,0.916389,0.016588,0.398651,-0.079069,86.578018,14.315444,-0.117939,0.906068,0.143143,0.380317,-0.638324,94.311691,14.352505,-0.015267,0.922379,-0.000388,0.385983,-7.436905,113.935646,17.928526,0.093933,0.949066,0.08706,0.287872,-8.028959,135.173767,17.662916,0.007175,0.986499,0.030299,0.16078,-5.086008,149.560043,19.32855,-0.100006,0.756123,0.119671,0.635576,-11.123087,129.536362,15.359706,-0.744242,0.075872,0.500289,-0.435957,-14.043694,129.551392,-1.359029,-0.656125,-0.58097,0.176873,0.447983,-3.18688,117.332008,-16.457186,0.208515,0.28642,-0.637834,-0.683851,4.779258,145.288986,-7.699961,-0.087803,0.925475,0.017116,0.368095,-5.858078,129.749969,20.703257,0.42786,0.898652,0.096747,9.5e-05,6.252971,132.294388,32.317677,-0.209095,0.465173,0.504466,-0.696712,20.357677,115.182533,30.479303,-0.036691,0.268475,0.615678,-0.739943,18.925112,137.248779,19.728666,0.041272,0.924479,0.151608,0.347348,-6.510018,86.146126,7.396409,0.103431,0.963647,-0.022581,0.245309,-5.459331,51.717663,-3.794167,-0.031143,0.927237,0.037687,0.371269,-15.415856,5.46107,-4.136003,-0.102744,0.891926,-0.087859,0.431501,6.351881,87.009911,21.23448,-0.012322,0.899467,-0.145156,0.41199,10.243665,52.116943,30.121904,-0.028183,0.874925,0.013425,0.483252,5.633105,6.808048,42.958122,-0.031143,0.927237,0.037687,0.371269,-5.156305,0.663353,-14.656918,-0.028183,0.874925,0.013425,0.483252,17.999531,1.393163,35.427074
1143,9.525,-0.032218,0.916377,0.01656,0.398674,-0.068525,86.576691,14.317748,-0.118088,0.906031,0.14314,0.380361,-0.628761,94.310295,14.353893,-0.0153,0.922348,-0.000419,0.386056,-7.43367,113.934616,17.92733,0.093898,0.948978,0.087199,0.288131,-8.02652,135.172684,17.659899,0.007507,0.986428,0.030172,0.161227,-5.085765,149.558853,19.330267,-0.099917,0.756013,0.119788,0.635698,-11.120057,129.534973,15.356652,-0.744332,0.075998,0.500199,-0.435885,-14.036007,129.555695,-1.362889,-0.656075,-0.580983,0.176885,0.448036,-3.176054,117.335197,-16.457886,0.208353,0.286338,-0.637831,-0.683938,4.788931,145.291809,-7.698377,-0.087997,0.925426,0.017102,0.368172,-5.855909,129.749222,20.701025,0.427759,0.898733,0.096447,8.9e-05,6.252055,132.299683,32.317333,-0.20884,0.464949,0.50471,-0.696762,20.36064,115.190384,30.484867,-0.035577,0.267286,0.616091,-0.740084,18.929893,137.257935,19.736988,0.041286,0.924452,0.151583,0.34743,-6.499025,86.143196,7.398395,0.103526,0.963637,-0.022578,0.24531,-5.448943,51.714264,-3.790782,-0.031181,0.927258,0.037697,0.371213,-15.413965,5.45952,-4.135112,-0.102505,0.891779,-0.087737,0.431887,6.361975,87.010193,21.237103,-0.012466,0.899265,-0.145133,0.412435,10.238585,52.112114,30.111084,-0.028028,0.87483,0.013579,0.483427,5.634858,6.802931,42.948719,-0.031181,0.927258,0.037697,0.371213,-5.155259,0.662474,-14.657158,-0.028028,0.87483,0.013579,0.483427,18.003527,1.389789,35.420101
1144,9.533333,-0.032331,0.916343,0.016553,0.398744,-0.057805,86.576233,14.321319,-0.118206,0.905998,0.143086,0.380423,-0.6196,94.309731,14.356621,-0.015349,0.922318,-0.000384,0.386126,-7.429095,113.935562,17.925957,0.093778,0.94894,0.087102,0.288325,-8.024391,135.173569,17.659027,0.007925,0.986365,0.030177,0.16159,-5.086156,149.560608,19.326464,-0.099995,0.755849,0.119943,0.635851,-11.116919,129.535568,15.355155,-0.744368,0.075513,0.50028,-0.435814,-14.02573,129.558807,-1.365626,-0.656012,-0.581019,0.176555,0.448212,-3.166124,117.354263,-16.473768,0.208191,0.286511,-0.637664,-0.684071,4.803391,145.302994,-7.693267,-0.088041,0.925395,0.01701,0.368245,-5.853607,129.750275,20.700331,0.427479,0.898867,0.096431,0.000192,6.252281,132.303162,32.318272,-0.208739,0.464754,0.504655,-0.696961,20.3715,115.202042,30.491444,-0.035143,0.26671,0.61616,-0.740256,18.929108,137.268951,19.742287,0.041349,0.924425,0.151558,0.347504,-6.487113,86.140778,7.400979,0.103602,0.963625,-0.022578,0.245325,-5.440945,51.711662,-3.787988,-0.030623,0.927256,0.037824,0.371252,-15.412784,5.4584,-4.134314,-0.102444,0.89178,-0.087758,0.431893,6.371502,87.011696,21.241657,-0.012357,0.899253,-0.145114,0.412472,10.243501,52.112984,30.11515,-0.028492,0.874785,0.013436,0.483486,5.630712,6.803015,42.946754,-0.030623,0.927256,0.037824,0.371252,-5.158372,0.658531,-14.659259,-0.028492,0.874785,0.013436,0.483486,18.004286,1.392997,35.423954
1145,9.541667,-0.032425,0.916311,0.016636,0.398807,-0.047807,86.577148,14.32156,-0.118235,0.906002,0.14299,0.38044,-0.611452,94.310501,14.357421,-0.015523,0.922314,-0.000286,0.386131,-7.421278,113.939034,17.922886,0.093847,0.948862,0.087128,0.288553,-8.025028,135.176819,17.656971,0.008262,0.986289,0.030081,0.162055,-5.085125,149.563263,19.326656,-0.100072,0.755679,0.120078,0.636016,-11.115292,129.537689,15.3528,-0.744569,0.075403,0.500337,-0.435424,-14.01644,129.563126,-1.369315,-0.655899,-0.581011,0.176378,0.448456,-3.158607,117.369141,-16.487259,0.208144,0.286747,-0.637571,-0.684073,4.81527,145.311371,-7.690062,-0.088171,0.925383,0.017207,0.368235,-5.85211,129.754242,20.698032,0.427059,0.899079,0.096325,0.000396,6.253256,132.308716,32.316177,-0.20893,0.464619,0.504356,-0.69721,20.38847,115.219521,30.501328,-0.03481,0.266525,0.61616,-0.740338,18.925064,137.285355,19.752783,0.04139,0.924429,0.151517,0.347505,-6.476058,86.140724,7.400295,0.103706,0.963581,-0.02263,0.245448,-5.433708,51.710964,-3.787065,-0.030668,0.927241,0.037847,0.371283,-15.416132,5.459973,-4.13239,-0.102548,0.891963,-0.087977,0.431447,6.380443,87.013573,21.242825,-0.012061,0.89958,-0.145109,0.411769,10.256453,52.119183,30.131563,-0.028616,0.874863,0.013347,0.48334,5.628676,6.808385,42.954861,-0.030668,0.927241,0.037847,0.371283,-5.160492,0.661269,-14.656676,-0.028616,0.874863,0.013347,0.48334,18.000549,1.397829,35.429638
1146,9.55,-0.032585,0.916265,0.01671,0.398895,-0.035463,86.579254,14.323052,-0.118367,0.905946,0.142979,0.380537,-0.601848,94.312408,14.358915,-0.01557,0.922264,-0.000248,0.386246,-7.416963,113.940224,17.921108,0.093497,0.948817,0.087153,0.288805,-8.023123,135.177948,17.655819,0.008801,0.986211,0.030011,0.162513,-5.093196,149.566544,19.324389,-0.10006,0.755597,0.120084,0.636114,-11.112154,129.538544,15.350673,-0.744687,0.075184,0.500259,-0.43535,-14.009174,129.565094,-1.372156,-0.655874,-0.581069,0.176184,0.448494,-3.146406,117.381119,-16.494631,0.208009,0.287046,-0.637397,-0.68415,4.827593,145.319885,-7.686558,-0.088197,0.92536,0.017156,0.368287,-5.850331,129.755524,20.697226,0.426662,0.899221,0.096756,0.000751,6.253569,132.311325,32.316601,-0.209103,0.464532,0.504181,-0.697344,20.403835,115.233788,30.509483,-0.034718,0.266414,0.615565,-0.740877,18.927809,137.298782,19.763952,0.041455,0.92442,0.151443,0.347553,-6.462191,86.140656,7.400515,0.103811,0.963563,-0.022641,0.245472,-5.425458,51.709663,-3.783566,-0.030843,0.927228,0.037793,0.371306,-15.41757,5.460784,-4.130548,-0.102491,0.891967,-0.088045,0.431439,6.391266,87.017845,21.24559,-0.011958,0.899593,-0.145112,0.411744,10.261528,52.123482,30.136936,-0.027981,0.87479,0.013512,0.483504,5.625249,6.812531,42.956631,-0.030843,0.927228,0.037793,0.371306,-5.15985,0.662584,-14.653033,-0.027981,0.87479,0.013512,0.483504,17.994448,1.397077,35.430546
1147,9.558333,-0.032689,0.916235,0.016703,0.398956,-0.025662,86.578003,14.324612,-0.118492,0.905919,0.142931,0.380579,-0.593483,94.311058,14.359702,-0.015605,0.922246,-0.000197,0.386289,-7.413667,113.94088,17.918179,0.093403,0.94878,0.087164,0.288955,-8.022036,135.178558,17.654272,0.009246,0.986163,0.029917,0.162797,-5.094847,149.567703,19.323011,-0.100007,0.755547,0.120148,0.63617,-11.110264,129.538986,15.348461,-0.744811,0.074895,0.500209,-0.435246,-14.00522,129.568665,-1.374726,-0.655861,-0.581073,0.175952,0.4486,-3.138285,117.397156,-16.504251,0.207708,0.287392,-0.637068,-0.684403,4.840382,145.330399,-7.682943,-0.08835,0.925349,0.017259,0.368273,-5.848952,129.756134,20.695513,0.426273,0.899419,0.096621,0.000888,6.254399,132.315475,32.31469,-0.209362,0.464485,0.503814,-0.697562,20.419418,115.249146,30.517281,-0.035272,0.266034,0.61605,-0.740583,18.92304,137.313568,19.770458,0.041494,0.924445,0.15145,0.347479,-6.451334,86.137596,7.401204,0.103889,0.963546,-0.022698,0.245504,-5.417917,51.707005,-3.784393,-0.030879,0.927239,0.037877,0.371268,-15.418367,5.459908,-4.128339,-0.10246,0.891986,-0.088124,0.431389,6.40001,87.01841,21.248018,-0.011882,0.899624,-0.145086,0.411685,10.266298,52.124607,30.143265,-0.028587,0.874839,0.013286,0.483387,5.625395,6.81279,42.958206,-0.030879,0.927239,0.037877,0.371268,-5.160872,0.664382,-14.652267,-0.028587,0.874839,0.013286,0.483387,17.997473,1.400315,35.4347
1148,9.566667,-0.032724,0.916201,0.016654,0.399033,-0.015891,86.576714,14.326964,-0.118692,0.905884,0.142931,0.380601,-0.583899,94.309761,14.361087,-0.015579,0.922239,-0.000235,0.386307,-7.412988,113.941208,17.916716,0.093622,0.948667,0.087348,0.289199,-8.019699,135.178925,17.651766,0.009426,0.9861,0.029646,0.163212,-5.087998,149.566208,19.328499,-0.099962,0.755399,0.120339,0.636317,-11.108268,129.539474,15.346098,-0.744972,0.075121,0.500229,-0.434908,-13.997173,129.575531,-1.378116,-0.655769,-0.581021,0.175994,0.448784,-3.132662,117.403091,-16.508629,0.207682,0.287347,-0.637093,-0.684407,4.848732,145.334152,-7.682864,-0.088456,0.925332,0.017326,0.368288,-5.847162,129.75647,20.693356,0.426139,0.899499,0.096472,0.000933,6.255151,132.318237,32.313068,-0.20966,0.464485,0.503683,-0.697567,20.425262,115.255585,30.520847,-0.035463,0.26555,0.615827,-0.740933,18.922279,137.323975,19.779184,0.041533,0.92442,0.151469,0.347534,-6.440365,86.135376,7.402508,0.10397,0.963516,-0.022723,0.245581,-5.408442,51.705421,-3.78522,-0.030577,0.927203,0.038071,0.371363,-15.416686,5.460006,-4.129606,-0.102388,0.892026,-0.088157,0.431317,6.408584,87.018051,21.251421,-0.01184,0.899687,-0.145074,0.411555,10.269964,52.123581,30.146235,-0.028458,0.874863,0.013389,0.483348,5.627759,6.811333,42.959171,-0.030577,0.927203,0.038071,0.371363,-5.159437,0.666399,-14.654645,-0.028458,0.874863,0.013389,0.483348,17.9984,1.399561,35.432804
1149,9.575,-0.032732,0.916172,0.016466,0.399107,-0.008273,86.575523,14.329332,-0.118841,0.905845,0.142913,0.380655,-0.575242,94.308655,14.360685,-0.015568,0.922212,-0.000244,0.38637,-7.4109,113.941833,17.913263,0.093817,0.948582,0.087333,0.289419,-8.017005,135.179565,17.648073,0.00965,0.986044,0.029515,0.163562,-5.079816,149.565491,19.326887,-0.099832,0.755383,0.120497,0.636326,-11.105411,129.540176,15.342026,-0.745178,0.075044,0.500175,-0.43463,-13.994801,129.583084,-1.382087,-0.655673,-0.580951,0.175949,0.449033,-3.127366,117.419754,-16.51782,0.207379,0.287336,-0.637042,-0.68455,4.859914,145.346069,-7.682375,-0.088545,0.925318,0.017298,0.368304,-5.845029,129.757095,20.689999,0.426114,0.899519,0.096391,0.001049,6.256353,132.321945,32.310001,-0.209916,0.464477,0.50364,-0.697526,20.427391,115.259399,30.524084,-0.035611,0.265046,0.615589,-0.741304,18.921848,137.332153,19.789055,0.041572,0.924405,0.151457,0.347573,-6.431612,86.13266,7.403921,0.104007,0.96351,-0.022703,0.245591,-5.402112,51.702679,-3.783929,-0.030715,0.927269,0.037917,0.371204,-15.41326,5.457917,-4.131064,-0.102317,0.892085,-0.088186,0.431206,6.415066,87.018379,21.254744,-0.011775,0.899718,-0.145027,0.411505,10.272099,52.123249,30.148815,-0.02789,0.874807,0.013494,0.48348,5.626926,6.809563,42.955605,-0.030715,0.927269,0.037917,0.371204,-5.158705,0.661594,-14.657486,-0.02789,0.874807,0.013494,0.48348,17.994713,1.392345,35.428471
1150,9.583333,-0.032688,0.916147,0.016326,0.399173,-0.003308,86.57547,14.331168,-0.118946,0.905813,0.142869,0.380715,-0.568788,94.308723,14.360772,-0.01557,0.92219,-0.000132,0.386423,-7.408373,113.942574,17.909708,0.093372,0.948593,0.087193,0.28957,-8.016388,135.180298,17.648863,0.010291,0.985981,0.029455,0.163917,-5.09037,149.56929,19.320717,-0.099888,0.755292,0.120627,0.6364,-11.10402,129.541122,15.341297,-0.745414,0.074679,0.50027,-0.434179,-13.989839,129.586014,-1.383422,-0.655403,-0.580841,0.175966,0.449562,-3.124192,117.442238,-16.536123,0.206906,0.287263,-0.63711,-0.684661,4.870498,145.360779,-7.682847,-0.088564,0.925289,0.017308,0.36837,-5.844258,129.757385,20.689903,0.425842,0.899635,0.096507,0.001072,6.255354,132.322601,32.311665,-0.21026,0.464312,0.503515,-0.697623,20.436697,115.268639,30.525642,-0.035683,0.264765,0.615435,-0.741529,18.917391,137.345718,19.801224,0.041604,0.924377,0.151477,0.347637,-6.425702,86.132362,7.404897,0.104047,0.963458,-0.022769,0.245773,-5.397036,51.703018,-3.784995,-0.030618,0.927281,0.037854,0.371185,-15.413271,5.459335,-4.129,-0.102315,0.892093,-0.088205,0.431186,6.419086,87.018585,21.257439,-0.011685,0.899704,-0.144984,0.411552,10.275604,52.123653,30.152538,-0.028595,0.874759,0.013182,0.483535,5.623809,6.808585,42.952023,-0.030618,0.927281,0.037854,0.371185,-5.160286,0.660218,-14.655678,-0.028595,0.874759,0.013182,0.483535,17.998001,1.393692,35.433746
1151,9.591667,-0.032782,0.916136,0.016366,0.399189,0.006558,86.577675,14.331707,-0.118978,0.90579,0.142745,0.380804,-0.560499,94.310806,14.361279,-0.015674,0.922145,8e-06,0.386527,-7.399443,113.944916,17.904224,0.093791,0.948427,0.087589,0.289859,-8.013775,135.182495,17.647072,0.010361,0.985927,0.029087,0.164299,-5.079535,149.567993,19.334742,-0.099959,0.755354,0.120695,0.636303,-11.099201,129.542816,15.337806,-0.745586,0.074495,0.5002,-0.433995,-13.988745,129.586716,-1.38628,-0.655231,-0.580745,0.176109,0.449882,-3.118774,117.453896,-16.544664,0.206251,0.28718,-0.637107,-0.684896,4.879671,145.369858,-7.686599,-0.088627,0.925247,0.017421,0.368455,-5.840692,129.759689,20.687618,0.425504,0.89975,0.096921,0.001344,6.256426,132.325287,32.311901,-0.210332,0.463983,0.503487,-0.69784,20.450541,115.281464,30.530375,-0.035728,0.263984,0.615514,-0.74174,18.914778,137.362411,19.813221,0.041625,0.924422,0.151398,0.34755,-6.415488,86.13324,7.405198,0.104143,0.963434,-0.022756,0.245829,-5.391313,51.702297,-3.780166,-0.030612,0.927244,0.037895,0.371274,-15.415843,5.460441,-4.128173,-0.10224,0.892144,-0.08829,0.431082,6.428604,87.022102,21.258217,-0.011635,0.899755,-0.144981,0.411444,10.278656,52.127159,30.156055,-0.028624,0.874772,0.013166,0.48351,5.624283,6.811893,42.953896,-0.030612,0.927244,0.037895,0.371274,-5.160797,0.662401,-14.653338,-0.028624,0.874772,0.013166,0.48351,17.998266,1.397022,35.435261
1152,9.6,-0.032891,0.916095,0.016425,0.399272,0.01728,86.581047,14.332536,-0.118998,0.90579,0.142591,0.380857,-0.551695,94.314041,14.362221,-0.015859,0.92213,0.00026,0.386555,-7.389404,113.95031,17.898766,0.09377,0.948372,0.087545,0.290059,-8.015164,135.187653,17.648445,0.010735,0.985859,0.028918,0.164713,-5.081179,149.573257,19.335539,-0.099999,0.755306,0.120555,0.63638,-11.097429,129.547043,15.337187,-0.745668,0.074196,0.500257,-0.43384,-13.983351,129.587418,-1.387535,-0.65495,-0.580653,0.17636,0.450311,-3.113915,117.466614,-16.555927,0.205437,0.287025,-0.637131,-0.685184,4.885617,145.380478,-7.692183,-0.088508,0.925218,0.017437,0.368556,-5.839323,129.76503,20.687355,0.425181,0.899866,0.097261,0.001646,6.255985,132.326523,32.314426,-0.210363,0.463743,0.503524,-0.697964,20.462278,115.292122,30.539978,-0.035207,0.263065,0.614789,-0.742692,18.917406,137.375275,19.829548,0.041759,0.924379,0.151282,0.347696,-6.403378,86.135223,7.404826,0.104177,0.963417,-0.022759,0.245881,-5.389364,51.702522,-3.77607,-0.03072,0.92723,0.03793,0.371297,-15.417019,5.461353,-4.125142,-0.102183,0.89215,-0.088349,0.431069,6.437938,87.026871,21.260246,-0.011602,0.899837,-0.145018,0.411254,10.282605,52.131824,30.160023,-0.02859,0.87486,0.013101,0.483353,5.626665,6.817508,42.960674,-0.03072,0.92723,0.03793,0.371297,-5.160269,0.665486,-14.64964,-0.02859,0.87486,0.013101,0.483353,17.997288,1.400405,35.43811
1153,9.608333,-0.032943,0.916076,0.01647,0.39931,0.025835,86.58213,14.331942,-0.11902,0.905771,0.142552,0.380909,-0.544152,94.315048,14.361925,-0.015963,0.922104,0.000354,0.386613,-7.38232,113.951721,17.896282,0.09374,0.94833,0.087467,0.290227,-8.013659,135.188919,17.647903,0.01111,0.985808,0.028823,0.165013,-5.079843,149.574768,19.333235,-0.100182,0.755239,0.120883,0.636369,-11.094143,129.547714,15.335724,-0.745765,0.073973,0.500483,-0.43345,-13.979323,129.590637,-1.389119,-0.654673,-0.580417,0.176635,0.45091,-3.118507,117.481209,-16.572752,0.204604,0.286957,-0.637336,-0.685271,4.891803,145.389847,-7.702293,-0.088642,0.925184,0.017503,0.368606,-5.836767,129.766586,20.686573,0.424903,0.899958,0.097616,0.001952,6.256484,132.331329,32.31506,-0.210261,0.463359,0.503651,-0.698158,20.473263,115.304985,30.54735,-0.034729,0.262039,0.615008,-0.742897,18.917156,137.39122,19.844372,0.041781,0.924383,0.151244,0.347699,-6.394177,86.13578,7.403669,0.104234,0.963353,-0.022824,0.2461,-5.382627,51.702393,-3.775322,-0.030736,0.927253,0.037959,0.371235,-15.416832,5.462628,-4.122072,-0.102122,0.892182,-0.088438,0.431,6.445847,87.028481,21.260214,-0.01155,0.899883,-0.145033,0.411147,10.284415,52.133667,30.163523,-0.027783,0.874841,0.013475,0.483426,5.624984,6.819659,42.963989,-0.030736,0.927253,0.037959,0.371235,-5.161219,0.667692,-14.648098,-0.027783,0.874841,0.013475,0.483426,17.990683,1.400368,35.434906
1154,9.616667,-0.032857,0.916057,0.016318,0.399368,0.0303,86.583466,14.332334,-0.119033,0.905755,0.14258,0.380932,-0.537533,94.316551,14.360662,-0.016021,0.922095,0.000416,0.386631,-7.376185,113.95118,17.89539,0.093583,0.948321,0.087401,0.290327,-8.010806,135.188293,17.648464,0.011502,0.985772,0.028668,0.165224,-5.080823,149.575241,19.331047,-0.100049,0.755193,0.120803,0.636459,-11.090328,129.546783,15.335776,-0.745812,0.073836,0.50072,-0.433118,-13.972502,129.591919,-1.389575,-0.654327,-0.580217,0.1771,0.451487,-3.12135,117.489708,-16.585859,0.203872,0.286617,-0.637476,-0.685501,4.893019,145.397125,-7.715334,-0.08877,0.925153,0.01754,0.368651,-5.833188,129.766098,20.686836,0.42463,0.900031,0.098123,0.002341,6.258166,132.334274,32.31654,-0.209962,0.462862,0.503794,-0.698475,20.485193,115.315735,30.556023,-0.03436,0.260934,0.615362,-0.743009,18.913517,137.402649,19.857002,0.041781,0.9244,0.151167,0.347688,-6.388949,86.137489,7.403331,0.104262,0.963388,-0.022748,0.245958,-5.379467,51.702415,-3.770673,-0.030718,0.927267,0.037925,0.371205,-15.414509,5.462879,-4.123598,-0.102075,0.892216,-0.088477,0.430932,6.44955,87.029442,21.261333,-0.011497,0.899882,-0.144982,0.411171,10.284591,52.134441,30.165455,-0.028481,0.874794,0.013164,0.483478,5.622303,6.8189,42.959438,-0.030718,0.927267,0.037925,0.371205,-5.159863,0.66681,-14.650048,-0.028481,0.874794,0.013164,0.483478,17.994293,1.401879,35.439075
1155,9.625,-0.032772,0.916032,0.016261,0.399433,0.035291,86.582703,14.330785,-0.119038,0.905743,0.142546,0.380973,-0.530983,94.315895,14.358791,-0.016106,0.922079,0.000469,0.386665,-7.370149,113.95285,17.892221,0.093553,0.948236,0.087537,0.290574,-8.008953,135.18985,17.645935,0.011752,0.985702,0.028377,0.165674,-5.080984,149.57666,19.333145,-0.100131,0.755175,0.120748,0.636478,-11.087188,129.547806,15.332836,-0.745715,0.0734,0.500952,-0.433092,-13.967988,129.589813,-1.392764,-0.654064,-0.580024,0.177464,0.451972,-3.12429,117.49852,-16.60306,0.203064,0.286182,-0.637583,-0.685823,4.895838,145.404221,-7.732342,-0.088813,0.925097,0.01757,0.36878,-5.830488,129.767975,20.684294,0.424666,0.900038,0.097904,0.002333,6.257376,132.336884,32.317459,-0.209841,0.462485,0.504018,-0.698599,20.48304,115.316841,30.560612,-0.033917,0.259658,0.61609,-0.742873,18.905212,137.409607,19.870237,0.041825,0.924363,0.151073,0.347822,-6.383078,86.13781,7.400897,0.104284,0.96337,-0.022734,0.246019,-5.37733,51.700943,-3.767917,-0.030633,0.927267,0.037909,0.371215,-15.413992,5.461779,-4.123254,-0.102034,0.892195,-0.088529,0.430976,6.45366,87.027596,21.260674,-0.011485,0.899882,-0.144932,0.411188,10.283956,52.132668,30.167067,-0.028003,0.874772,0.013393,0.48354,5.622328,6.815722,42.956322,-0.030633,0.927267,0.037909,0.371215,-5.160035,0.664319,-14.649741,-0.028003,0.874772,0.013393,0.48354,17.991766,1.397609,35.432545
1156,9.633333,-0.032671,0.916017,0.016054,0.399485,0.03957,86.582458,14.332252,-0.119079,0.905722,0.142595,0.380992,-0.523992,94.315865,14.357908,-0.016146,0.92207,0.000493,0.386687,-7.365586,113.951935,17.892357,0.093304,0.948229,0.087519,0.290684,-8.006367,135.188873,17.646341,0.012181,0.985664,0.028185,0.165906,-5.085169,149.577316,19.331448,-0.100123,0.755039,0.120977,0.636597,-11.083965,129.54657,15.333017,-0.745596,0.073123,0.501312,-0.432927,-13.95967,129.59465,-1.393442,-0.653726,-0.579773,0.178015,0.452566,-3.130244,117.509666,-16.618917,0.202263,0.285656,-0.637732,-0.68614,4.895692,145.415039,-7.752399,-0.089068,0.925065,0.017728,0.368793,-5.827536,129.767166,20.684725,0.42463,0.900039,0.098044,0.002585,6.258467,132.341995,32.318523,-0.209812,0.462239,0.504213,-0.698629,20.485428,115.322243,30.569298,-0.033534,0.25863,0.616172,-0.743181,18.906113,137.4189,19.888187,0.041878,0.924322,0.151002,0.347957,-6.378139,86.137764,7.401739,0.104297,0.963408,-0.022625,0.245876,-5.376119,51.69965,-3.763562,-0.030501,0.927264,0.037952,0.371229,-15.411526,5.460277,-4.127594,-0.101965,0.892205,-0.088533,0.430969,6.457281,87.027153,21.262764,-0.011531,0.899875,-0.144913,0.411209,10.283118,52.131237,30.167252,-0.028573,0.874854,0.013206,0.483363,5.625862,6.813866,42.956604,-0.030501,0.927264,0.037952,0.371229,-5.158422,0.662506,-14.654774,-0.028573,0.874854,0.013206,0.483363,17.997009,1.399164,35.43317
1157,9.641667,-0.032726,0.916,0.016099,0.399516,0.047545,86.582245,14.329442,-0.119091,0.905712,0.142648,0.380992,-0.517077,94.315567,14.355376,-0.016208,0.92207,0.000559,0.386684,-7.360839,113.953575,17.892084,0.091996,0.948393,0.087031,0.290712,-8.00511,135.19043,17.647648,0.013305,0.985588,0.028357,0.166239,-5.116082,149.588211,19.308271,-0.100165,0.754975,0.121012,0.63666,-11.081802,129.547791,15.333933,-0.745414,0.072606,0.501607,-0.432986,-13.954523,129.596024,-1.393039,-0.653456,-0.579545,0.178554,0.453035,-3.134919,117.52179,-16.634008,0.201622,0.28502,-0.63804,-0.686307,4.895376,145.428528,-7.775699,-0.088959,0.925055,0.017584,0.36885,-5.825362,129.76886,20.68561,0.424354,0.900161,0.098112,0.002705,6.259871,132.34201,32.32058,-0.209918,0.461905,0.504214,-0.698817,20.497236,115.330482,30.576086,-0.033651,0.257482,0.616927,-0.742948,18.902586,137.433975,19.903246,0.041945,0.924345,0.150906,0.347929,-6.369627,86.136963,7.39847,0.104322,0.963425,-0.022618,0.245801,-5.374903,51.69717,-3.762298,-0.030569,0.927269,0.038002,0.371207,-15.412415,5.45826,-4.126846,-0.101908,0.892188,-0.088636,0.430999,6.464717,87.027527,21.260414,-0.011543,0.899893,-0.144909,0.411169,10.283349,52.132095,30.169863,-0.028539,0.874877,0.013112,0.483326,5.62782,6.814644,42.95956,-0.030569,0.927269,0.038002,0.371207,-5.158971,0.6626,-14.65466,-0.028539,0.874877,0.013112,0.483326,17.997526,1.39705,35.435844
1158,9.65,-0.032794,0.915972,0.016163,0.399574,0.055689,86.583076,14.328352,-0.119124,0.905683,0.142656,0.381049,-0.510294,94.316307,14.35474,-0.016256,0.922044,0.000618,0.386744,-7.355968,113.954803,17.890894,0.091977,0.948308,0.087168,0.290955,-8.003071,135.191589,17.647943,0.013446,0.985528,0.028,0.166645,-5.11577,149.589188,19.313278,-0.100163,0.754949,0.120977,0.636697,-11.0787,129.548706,15.333409,-0.745264,0.072125,0.501954,-0.432923,-13.949802,129.596481,-1.393841,-0.653113,-0.57927,0.179212,0.453621,-3.142599,117.533424,-16.652445,0.200704,0.284574,-0.638284,-0.686535,4.892733,145.44165,-7.803439,-0.089108,0.925025,0.017619,0.368888,-5.822988,129.770081,20.685789,0.424015,0.900286,0.098424,0.003193,6.260396,132.347351,32.321766,-0.210156,0.461938,0.504112,-0.698799,20.510447,115.344894,30.592438,-0.03364,0.256829,0.616518,-0.743514,18.912136,137.450638,19.9235,0.042092,0.924324,0.15079,0.348016,-6.360524,86.137138,7.396534,0.104305,0.963382,-0.022651,0.245973,-5.377568,51.695717,-3.76024,-0.030665,0.927261,0.038073,0.371211,-15.414238,5.456612,-4.123172,-0.101863,0.89217,-0.088737,0.431025,6.471903,87.029015,21.26017,-0.011476,0.899945,-0.144924,0.411053,10.284151,52.134209,30.174807,-0.028552,0.874863,0.01314,0.48335,5.624016,6.817037,42.963799,-0.030665,0.927261,0.038073,0.371211,-5.159495,0.663998,-14.651103,-0.028552,0.874863,0.01314,0.48335,17.994402,1.400359,35.44054
1159,9.658333,-0.032785,0.91598,0.016157,0.399557,0.060724,86.586967,14.328519,-0.119045,0.905689,0.142773,0.381013,-0.505102,94.320206,14.354881,-0.016461,0.922037,0.000483,0.386752,-7.34965,113.958611,17.897114,0.091942,0.948279,0.087163,0.291059,-8.002585,135.195114,17.645506,0.013782,0.9855,0.027821,0.166812,-5.11621,149.592896,19.310843,-0.100302,0.754809,0.121035,0.636831,-11.076605,129.550446,15.333195,-0.745065,0.071722,0.502271,-0.432963,-13.941,129.596954,-1.395203,-0.652731,-0.578992,0.180095,0.454177,-3.145397,117.540848,-16.667513,0.199859,0.283725,-0.638546,-0.686889,4.890233,145.455002,-7.837461,-0.08898,0.924984,0.017679,0.369019,-5.821087,129.775436,20.685612,0.4237,0.900396,0.098758,0.003527,6.259774,132.347763,32.325298,-0.210252,0.461666,0.504291,-0.69882,20.521587,115.354309,30.604427,-0.033393,0.25543,0.617116,-0.743511,18.919701,137.467499,19.947964,0.042165,0.924285,0.150732,0.348137,-6.35576,86.141113,7.396949,0.104318,0.963364,-0.022649,0.246039,-5.377672,51.698864,-3.757709,-0.030634,0.927249,0.038074,0.371243,-15.415451,5.460006,-4.1218,-0.101835,0.892182,-0.088818,0.43099,6.477209,87.032822,21.260088,-0.011406,0.899923,-0.144862,0.411125,10.28542,52.138649,30.178934,-0.027928,0.874765,0.013394,0.483557,5.620728,6.819615,42.95966,-0.030634,0.927249,0.038074,0.371243,-5.160306,0.667064,-14.649185,-0.027928,0.874765,0.013394,0.483557,17.989725,1.400453,35.435913
1160,9.666667,-0.032764,0.915958,0.016149,0.399609,0.065825,86.587059,14.327706,-0.119161,0.905625,0.142696,0.38116,-0.499649,94.32032,14.354059,-0.016191,0.921991,0.000698,0.386872,-7.347291,113.956703,17.890013,0.091677,0.948256,0.087142,0.291225,-7.993124,135.193573,17.651169,0.013923,0.985462,0.027493,0.167079,-5.11394,149.593033,19.314398,-0.100272,0.754816,0.121188,0.636798,-11.068442,129.551331,15.334659,-0.744747,0.071213,0.502753,-0.433036,-13.934441,129.60173,-1.39346,-0.652477,-0.578628,0.180844,0.454707,-3.157117,117.552612,-16.684185,0.199209,0.282986,-0.638849,-0.687101,4.887692,145.469925,-7.872499,-0.089212,0.924906,0.017663,0.369159,-5.814177,129.771332,20.688517,0.423364,0.900475,0.099458,0.004127,6.261787,132.3508,32.331703,-0.210424,0.461473,0.504079,-0.699049,20.536087,115.366592,30.623203,-0.033927,0.255333,0.617049,-0.743575,18.914948,137.47995,19.97028,0.042213,0.924254,0.150669,0.348242,-6.349895,86.141548,7.395404,0.104338,0.963405,-0.022605,0.245871,-5.375431,51.698215,-3.756211,-0.030699,0.92725,0.038072,0.371235,-15.414016,5.459553,-4.123038,-0.101808,0.892159,-0.088865,0.431033,6.481543,87.03257,21.260008,-0.011398,0.89992,-0.144832,0.411142,10.286136,52.138603,30.181227,-0.028348,0.874789,0.013294,0.483491,5.621682,6.818727,42.959068,-0.030699,0.92725,0.038072,0.371235,-5.158412,0.667288,-14.650289,-0.028348,0.874789,0.013294,0.483491,17.993233,1.40307,35.436993
1161,9.675,-0.032737,0.915946,0.016085,0.399639,0.070536,86.585655,14.326121,-0.119241,0.905579,0.142809,0.381201,-0.494164,94.318977,14.351709,-0.016096,0.921969,0.000653,0.386928,-7.347393,113.955185,17.890572,0.091596,0.94821,0.087201,0.291383,-7.988783,135.192184,17.651474,0.014063,0.985428,0.027182,0.167319,-5.11238,149.591995,19.316355,-0.100075,0.754716,0.121317,0.636924,-11.064988,129.550568,15.334635,-0.74437,0.070851,0.503214,-0.433208,-13.926908,129.60968,-1.394148,-0.652277,-0.578272,0.181653,0.455125,-3.16794,117.561043,-16.69816,0.198545,0.282356,-0.639224,-0.687203,4.884088,145.484131,-7.911469,-0.089137,0.924867,0.017519,0.36928,-5.811336,129.769516,20.689135,0.423126,0.900586,0.099446,0.004387,6.262041,132.348251,32.335163,-0.210893,0.461496,0.504016,-0.698938,20.5452,115.370323,30.638346,-0.033883,0.254628,0.617071,-0.743802,18.921902,137.490768,19.997614,0.04227,0.924248,0.150605,0.348277,-6.344757,86.140144,7.393427,0.104344,0.963407,-0.022591,0.245862,-5.375293,51.695763,-3.7554,-0.030715,0.927257,0.038028,0.371221,-15.414098,5.45716,-4.12353,-0.101733,0.892203,-0.088924,0.430948,6.485829,87.031174,21.258814,-0.01143,0.899948,-0.144826,0.411082,10.284619,52.136864,30.181137,-0.028478,0.874853,0.01324,0.483369,5.623951,6.816903,42.960049,-0.030715,0.927257,0.038028,0.371221,-5.1588,0.663855,-14.650601,-0.028478,0.874853,0.01324,0.483369,17.994411,1.401686,35.435867
1162,9.683333,-0.032657,0.915937,0.015971,0.399673,0.073423,86.583984,14.325431,-0.119198,0.905591,0.142862,0.381167,-0.489443,94.317444,14.349878,-0.016087,0.921988,0.000579,0.386883,-7.341976,113.954094,17.891821,0.091439,0.948183,0.08743,0.291453,-7.981779,135.191101,17.650028,0.014294,0.98541,0.026771,0.167472,-5.11171,149.591568,19.32033,-0.09993,0.75478,0.121383,0.636858,-11.058638,129.549423,15.334217,-0.744046,0.070404,0.50351,-0.433493,-13.924402,129.61319,-1.393895,-0.652129,-0.577936,0.182538,0.45541,-3.17591,117.568268,-16.708193,0.198038,0.281621,-0.639577,-0.687322,4.880177,145.500473,-7.954184,-0.089253,0.924775,0.017493,0.369485,-5.804448,129.768677,20.688181,0.42287,0.900657,0.099866,0.004978,6.263098,132.350952,32.33947,-0.210927,0.461412,0.504205,-0.698847,20.555649,115.37925,30.65959,-0.033469,0.253264,0.616941,-0.744393,18.938063,137.501587,20.027719,0.04229,0.924238,0.150544,0.348328,-6.341457,86.139008,7.392318,0.104355,0.963446,-0.022532,0.24571,-5.374306,51.69342,-3.752993,-0.030566,0.92729,0.038028,0.371151,-15.412789,5.454784,-4.125168,-0.101663,0.892301,-0.08898,0.430752,6.488304,87.028961,21.258545,-0.011387,0.89992,-0.144762,0.411168,10.282791,52.134354,30.181541,-0.028365,0.874712,0.013108,0.483635,5.619772,6.812534,42.953018,-0.030566,0.92729,0.038028,0.371151,-5.160541,0.65979,-14.654448,-0.028365,0.874712,0.013108,0.483635,17.99304,1.392531,35.436893
1163,9.691667,-0.032629,0.915938,0.015968,0.399673,0.076065,86.582253,14.323984,-0.119188,0.905562,0.142912,0.381218,-0.486379,94.315742,14.34856,-0.016071,0.921956,0.000512,0.386962,-7.340781,113.955475,17.892815,0.091721,0.948055,0.087718,0.291692,-7.978858,135.19252,17.648615,0.014176,0.985376,0.026266,0.167757,-5.103446,149.590576,19.330374,-0.099807,0.75475,0.121381,0.636913,-11.055761,129.550827,15.332882,-0.743724,0.069979,0.503892,-0.433671,-13.919951,129.618042,-1.395485,-0.651987,-0.577604,0.183382,0.455694,-3.185911,117.576851,-16.722845,0.197898,0.280866,-0.640067,-0.687215,4.874681,145.517456,-7.999879,-0.089247,0.92473,0.017467,0.369601,-5.802485,129.770233,20.687731,0.422647,0.900726,0.100164,0.005484,6.262179,132.352478,32.34201,-0.211388,0.461351,0.504064,-0.698849,20.562883,115.386093,30.677853,-0.034278,0.252682,0.617861,-0.743791,18.935432,137.515335,20.057085,0.042289,0.92421,0.150532,0.348408,-6.338855,86.137741,7.390882,0.10437,0.963431,-0.022522,0.245765,-5.370982,51.691883,-3.753513,-0.03059,0.927281,0.038021,0.371171,-15.410562,5.4535,-4.127541,-0.101626,0.892296,-0.088991,0.430768,6.490985,87.026772,21.257088,-0.011399,0.8999,-0.144748,0.411216,10.282578,52.131748,30.179703,-0.028329,0.874705,0.013187,0.483648,5.62044,6.809595,42.950302,-0.03059,0.927281,0.038021,0.371171,-5.157641,0.65861,-14.656207,-0.028329,0.874705,0.013187,0.483648,17.993956,1.391057,35.433537
1164,9.7,-0.032569,0.915936,0.015947,0.399683,0.07994,86.585075,14.323147,-0.119132,0.905544,0.142883,0.381291,-0.48152,94.318634,14.347795,-0.016101,0.92192,0.000574,0.387046,-7.333031,113.957527,17.891043,0.091348,0.948033,0.087815,0.291852,-7.973279,135.194519,17.648703,0.014473,0.985334,0.025958,0.16803,-5.109077,149.594772,19.330755,-0.099777,0.754668,0.121514,0.636989,-11.049173,129.552719,15.331885,-0.743296,0.069523,0.504421,-0.433863,-13.910268,129.624161,-1.396996,-0.65182,-0.57725,0.184267,0.456025,-3.197125,117.584839,-16.740446,0.197707,0.280116,-0.640325,-0.687336,4.868569,145.533752,-8.048874,-0.089283,0.924644,0.017476,0.369807,-5.796893,129.772186,20.687712,0.422328,0.900821,0.100616,0.00609,6.262376,132.355042,32.347439,-0.21173,0.461338,0.503906,-0.698868,20.57476,115.39682,30.700514,-0.034729,0.252257,0.618101,-0.743715,18.938831,137.529617,20.086216,0.042332,0.924206,0.150452,0.348447,-6.334909,86.141449,7.389916,0.104369,0.963438,-0.022497,0.245742,-5.371488,51.694107,-3.750275,-0.030669,0.927287,0.038002,0.371152,-15.410486,5.45561,-4.126333,-0.101565,0.892365,-0.089036,0.430629,6.494788,87.028702,21.256376,-0.011431,0.899916,-0.144802,0.411161,10.282429,52.133369,30.179447,-0.02872,0.874793,0.013028,0.48347,5.621693,6.81276,42.956066,-0.030669,0.927287,0.038002,0.371152,-5.157269,0.661072,-14.654877,-0.02872,0.874793,0.013028,0.48347,17.995258,1.395768,35.438267
1165,9.708333,-0.032583,0.915954,0.015956,0.399639,0.082684,86.588058,14.323789,-0.118924,0.905591,0.142899,0.381239,-0.479033,94.321602,14.348504,-0.016432,0.921916,0.000407,0.38704,-7.324372,113.966942,17.897072,0.091487,0.947978,0.088017,0.291924,-7.974836,135.203491,17.642735,0.014706,0.985327,0.025717,0.168088,-5.108511,149.602478,19.331949,-0.099729,0.75462,0.121431,0.637069,-11.048022,129.558899,15.329114,-0.743019,0.069165,0.504858,-0.433886,-13.906007,129.630264,-1.400299,-0.651612,-0.57688,0.185254,0.45639,-3.210307,117.594681,-16.758848,0.197644,0.279315,-0.640759,-0.687275,4.859136,145.553146,-8.101457,-0.08888,0.924605,0.017334,0.370007,-5.795833,129.78392,20.684799,0.421951,0.900929,0.101173,0.006917,6.260872,132.355682,32.349632,-0.212279,0.46151,0.503726,-0.698717,20.586945,115.406654,30.727137,-0.034789,0.252012,0.617448,-0.744337,18.950016,137.542587,20.122688,0.042387,0.924199,0.150429,0.348469,-6.332805,86.144234,7.391166,0.104355,0.963388,-0.022536,0.245938,-5.373353,51.696724,-3.748851,-0.030721,0.927293,0.037985,0.371135,-15.41186,5.458105,-4.123024,-0.101552,0.892396,-0.089079,0.43056,6.498174,87.031891,21.256411,-0.011371,0.899918,-0.144793,0.41116,10.284288,52.136909,30.181515,-0.028644,0.87475,0.013212,0.483547,5.618833,6.815907,42.955006,-0.030721,0.927293,0.037985,0.371135,-5.158551,0.663678,-14.651528,-0.028644,0.87475,0.013212,0.483547,17.993881,1.402502,35.437057
1166,9.716667,-0.032495,0.915949,0.015951,0.39966,0.084426,86.591522,14.321634,-0.118714,0.905575,0.142871,0.381352,-0.476011,94.325157,14.346808,-0.016577,0.921857,0.000493,0.387176,-7.312763,113.970924,17.896677,0.091309,0.947933,0.088096,0.292105,-7.970302,135.207275,17.643251,0.014891,0.985294,0.025403,0.168312,-5.109622,149.607224,19.333939,-0.099604,0.754529,0.121526,0.637178,-11.040906,129.561752,15.328433,-0.742515,0.068752,0.505418,-0.434163,-13.895005,129.63913,-1.401615,-0.651432,-0.576518,0.186287,0.456684,-3.221945,117.601692,-16.774454,0.197536,0.278414,-0.641214,-0.687248,4.849552,145.571472,-8.155609,-0.088739,0.92444,0.017066,0.370466,-5.790371,129.788269,20.685677,0.421398,0.901098,0.101923,0.007595,6.255641,132.358215,32.361946,-0.212641,0.461515,0.503483,-0.698779,20.602009,115.424881,30.755075,-0.035207,0.252036,0.617773,-0.744039,18.953327,137.561462,20.155832,0.042477,0.9242,0.150298,0.348512,-6.330857,86.149193,7.388727,0.104302,0.963403,-0.022501,0.245908,-5.380277,51.699375,-3.744921,-0.030715,0.927277,0.03801,0.371172,-15.413239,5.459568,-4.120717,-0.101533,0.892417,-0.08908,0.43052,6.499709,87.033859,21.254541,-0.011387,0.89992,-0.144831,0.411144,10.284965,52.138615,30.178976,-0.028151,0.874759,0.013236,0.483558,5.61954,6.818703,42.956345,-0.030715,0.927277,0.03801,0.371172,-5.159081,0.665769,-14.648673,-0.028151,0.874759,0.013236,0.483558,17.989992,1.398784,35.435532
1167,9.725,-0.0325,0.915965,0.015928,0.399622,0.087812,86.590126,14.320636,-0.118614,0.905565,0.142855,0.381413,-0.472547,94.323769,14.345479,-0.016551,0.921821,0.000488,0.387262,-7.306247,113.972771,17.89632,0.091262,0.947839,0.088531,0.292291,-7.962662,135.209137,17.643049,0.014887,0.985275,0.024766,0.168516,-5.107048,149.608597,19.346378,-0.099466,0.754552,0.121532,0.637172,-11.033121,129.563828,15.327586,-0.742056,0.068247,0.506005,-0.434343,-13.888415,129.644791,-1.402236,-0.65123,-0.576064,0.187381,0.457098,-3.238724,117.610039,-16.793365,0.197293,0.277492,-0.641673,-0.687263,4.839727,145.589798,-8.213583,-0.088812,0.92431,0.017018,0.370774,-5.783572,129.789993,20.685808,0.421239,0.901135,0.102217,0.008066,6.25423,132.362289,32.370026,-0.213082,0.461699,0.503419,-0.698569,20.606241,115.432404,30.777294,-0.035511,0.251858,0.617823,-0.744044,18.962755,137.573486,20.186773,0.042483,0.924241,0.15029,0.348406,-6.328038,86.147514,7.388271,0.104296,0.9634,-0.022495,0.245918,-5.379334,51.697586,-3.745171,-0.030858,0.92729,0.03797,0.371132,-15.411654,5.457645,-4.121467,-0.101488,0.892451,-0.089082,0.430459,6.503662,87.03273,21.253,-0.011358,0.90001,-0.144886,0.410926,10.286601,52.136848,30.17592,-0.028125,0.874767,0.013247,0.483546,5.619678,6.818378,42.957855,-0.030858,0.92729,0.03797,0.371132,-5.157112,0.664343,-14.649274,-0.028125,0.874767,0.013247,0.483546,17.98971,1.398355,35.436432
1168,9.733333,-0.032301,0.915987,0.015722,0.399596,0.082462,86.590958,14.322002,-0.118479,0.90556,0.142795,0.381488,-0.47381,94.324898,14.345169,-0.016507,0.921784,0.000501,0.387351,-7.30192,113.976265,17.895535,0.091545,0.947742,0.088705,0.292466,-7.956773,135.212708,17.643463,0.01467,0.985265,0.024243,0.168671,-5.094837,149.609955,19.354795,-0.099346,0.754525,0.121457,0.637237,-11.02719,129.567749,15.327057,-0.741558,0.067756,0.50663,-0.434543,-13.880483,129.650528,-1.403102,-0.65103,-0.575628,0.188504,0.457469,-3.25596,117.616928,-16.812517,0.19725,0.276504,-0.642193,-0.687187,4.827344,145.607895,-8.273978,-0.088966,0.924206,0.017128,0.370991,-5.778654,129.793213,20.686302,0.421127,0.901143,0.102551,0.008731,6.252774,132.368484,32.376434,-0.213137,0.461823,0.503437,-0.698458,20.60849,115.439781,30.804592,-0.035699,0.251248,0.618046,-0.744056,18.971643,137.579193,20.214888,0.042395,0.924286,0.150281,0.348302,-6.334023,86.150208,7.390104,0.104269,0.963462,-0.022374,0.245699,-5.380924,51.699543,-3.740692,-0.030557,0.927333,0.037923,0.371054,-15.408069,5.458543,-4.125164,-0.101497,0.892465,-0.088965,0.430452,6.498946,87.031708,21.253901,-0.011382,0.899976,-0.144884,0.411002,10.286272,52.134441,30.169559,-0.028321,0.874758,0.013062,0.483556,5.620392,6.81597,42.951859,-0.030557,0.927333,0.037923,0.371054,-5.158423,0.660541,-14.655602,-0.028321,0.874758,0.013062,0.483556,17.991638,1.394126,35.433739
1169,9.741667,-0.032325,0.916007,0.015719,0.399549,0.086325,86.588058,14.320824,-0.11827,0.905621,0.142648,0.381464,-0.470269,94.321976,14.343831,-0.016562,0.921802,0.000569,0.387307,-7.287087,113.974068,17.891893,0.091379,0.94772,0.088954,0.292512,-7.945237,135.210434,17.641579,0.014669,0.985256,0.02382,0.168786,-5.090064,149.608337,19.358732,-0.099136,0.754488,0.121605,0.637285,-11.01501,129.565186,15.32502,-0.74093,0.067252,0.507333,-0.434872,-13.867654,129.656845,-1.405208,-0.650843,-0.575188,0.189645,0.457817,-3.271811,117.620743,-16.832407,0.197152,0.275461,-0.642771,-0.687094,4.816051,145.623474,-8.336882,-0.089172,0.923994,0.017161,0.371468,-5.765987,129.791031,20.683775,0.420982,0.90118,0.102794,0.009083,6.252174,132.371429,32.386417,-0.213467,0.461836,0.503488,-0.698312,20.613071,115.446175,30.824831,-0.035467,0.250997,0.618201,-0.744023,18.979343,137.591995,20.246401,0.042444,0.924294,0.150283,0.348274,-6.330843,86.146851,7.389585,0.104247,0.963485,-0.022366,0.245621,-5.381317,51.696522,-3.742579,-0.030517,0.927301,0.038027,0.371128,-15.406301,5.455041,-4.126416,-0.10129,0.892374,-0.088852,0.430715,6.503494,87.029274,21.252062,-0.011578,0.899733,-0.144901,0.411521,10.278615,52.127518,30.155293,-0.028427,0.874703,0.013117,0.483647,5.621449,6.809923,42.943893,-0.030517,0.927301,0.038027,0.371128,-5.155054,0.659461,-14.656406,-0.028427,0.874703,0.013117,0.483647,17.995584,1.391045,35.428387
1170,9.75,-0.032229,0.916031,0.015701,0.399502,0.084732,86.590355,14.32071,-0.11809,0.905655,0.142574,0.381467,-0.470381,94.324379,14.344078,-0.016594,0.921801,0.000594,0.387308,-7.278339,113.976311,17.891863,0.091632,0.947636,0.08928,0.292607,-7.938149,135.212631,17.642019,0.014437,0.98526,0.023257,0.16886,-5.078761,149.608292,19.370859,-0.098968,0.754444,0.121494,0.637384,-11.00748,129.5672,15.325332,-0.740401,0.066715,0.508177,-0.434871,-13.856967,129.661301,-1.405419,-0.650477,-0.57457,0.190961,0.458567,-3.296051,117.628159,-16.858854,0.196632,0.274188,-0.64329,-0.687266,4.804589,145.638962,-8.402166,-0.089267,0.923842,0.017148,0.371825,-5.758478,129.79332,20.684097,0.420671,0.90142,0.101957,0.009106,6.250097,132.376221,32.39603,-0.214166,0.462154,0.503102,-0.698165,20.622589,115.459145,30.852568,-0.035538,0.250637,0.618984,-0.74349,18.983723,137.614182,20.276539,0.042422,0.924347,0.150254,0.348149,-6.33326,86.150642,7.39014,0.104231,0.96348,-0.022331,0.245651,-5.384495,51.699543,-3.739683,-0.030703,0.927345,0.037812,0.371025,-15.407203,5.457604,-4.126662,-0.101328,0.89239,-0.088837,0.430674,6.502724,87.030067,21.25128,-0.011546,0.899781,-0.144898,0.411419,10.281195,52.128685,30.154535,-0.028298,0.874693,0.013123,0.483672,5.622846,6.810948,42.942196,-0.030703,0.927345,0.037812,0.371025,-5.157108,0.658234,-14.656043,-0.028298,0.874693,0.013123,0.483672,17.996172,1.390392,35.426567
1171,9.758333,-0.032196,0.916052,0.015703,0.399456,0.086281,86.59285,14.321023,-0.117982,0.905637,0.142507,0.381568,-0.468378,94.326904,14.344656,-0.016578,0.921747,0.000668,0.387436,-7.27096,113.978767,17.890671,0.091588,0.947589,0.089397,0.292737,-7.931334,135.215088,17.643869,0.014403,0.985254,0.022847,0.168953,-5.074199,149.610794,19.376171,-0.09866,0.754383,0.12139,0.637524,-10.999858,129.569931,15.32548,-0.739758,0.066272,0.509006,-0.435062,-13.84536,129.670441,-1.405911,-0.650142,-0.573989,0.192346,0.45919,-3.319353,117.633438,-16.88014,0.195947,0.273054,-0.643694,-0.687534,4.789531,145.655487,-8.468735,-0.089335,0.923694,0.017192,0.372174,-5.752338,129.79541,20.685724,0.420255,0.90159,0.102125,0.009557,6.247014,132.379227,32.406895,-0.214603,0.46231,0.502975,-0.69802,20.634697,115.473534,30.880335,-0.035279,0.250249,0.618959,-0.743654,18.99651,137.633621,20.311081,0.042465,0.924417,0.150171,0.347992,-6.332443,86.153702,7.391098,0.104178,0.963472,-0.022284,0.245705,-5.390629,51.701061,-3.734543,-0.030646,0.927347,0.037914,0.371014,-15.407494,5.45789,-4.125075,-0.10147,0.892515,-0.088956,0.430357,6.505004,87.032005,21.250948,-0.011307,0.899977,-0.144911,0.410991,10.291859,52.134235,30.164824,-0.028212,0.874683,0.013147,0.483695,5.618667,6.816342,42.946533,-0.030646,0.927347,0.037914,0.371014,-5.157874,0.66064,-14.655882,-0.028212,0.874683,0.013147,0.483695,17.991636,1.395149,35.430782
1172,9.766667,-0.032325,0.91607,0.015803,0.399402,0.092206,86.593994,14.322035,-0.117932,0.905609,0.142417,0.381684,-0.464898,94.327873,14.346327,-0.016594,0.921678,0.000682,0.387601,-7.265286,113.983063,17.889252,0.091687,0.947501,0.089663,0.292909,-7.926478,135.21936,17.642637,0.01433,0.985249,0.022385,0.16905,-5.068933,149.613892,19.383976,-0.0985,0.754278,0.12133,0.637685,-10.993932,129.574112,15.323041,-0.739108,0.065801,0.509892,-0.435201,-13.833542,129.678452,-1.409328,-0.6498,-0.5734,0.193657,0.459858,-3.34496,117.638542,-16.906694,0.195369,0.271868,-0.644295,-0.687607,4.774266,145.669861,-8.536201,-0.089416,0.923553,0.017272,0.372499,-5.748338,129.799698,20.685163,0.419638,0.901857,0.102236,0.010279,6.242301,132.384399,32.415054,-0.214704,0.462473,0.502679,-0.698094,20.652447,115.495178,30.918322,-0.035096,0.249499,0.619316,-0.743617,19.007072,137.649963,20.341602,0.042562,0.924478,0.150176,0.347816,-6.327185,86.153343,7.392821,0.104168,0.963436,-0.022338,0.245847,-5.39381,51.701401,-3.735705,-0.030723,0.927333,0.037941,0.371039,-15.410936,5.458251,-4.122536,-0.101429,0.892509,-0.088981,0.430374,6.511597,87.034645,21.251249,-0.011228,0.900073,-0.144965,0.410766,10.294885,52.1366,30.16555,-0.028326,0.874711,0.013048,0.48364,5.616076,6.820023,42.949867,-0.030723,0.927333,0.037941,0.371039,-5.159912,0.662606,-14.652713,-0.028326,0.874711,0.013048,0.48364,17.988758,1.397946,35.434273
1173,9.775,-0.032234,0.916108,0.015779,0.399323,0.092448,86.595863,14.32285,-0.118022,0.905521,0.142361,0.381885,-0.463214,94.329849,14.347403,-0.016298,0.921582,0.000826,0.387842,-7.2661,113.982513,17.884796,0.091589,0.947453,0.08967,0.293094,-7.917992,135.219223,17.648529,0.01421,0.98524,0.021958,0.169168,-5.063249,149.614304,19.389988,-0.098316,0.754161,0.121197,0.637877,-10.986691,129.576462,15.324515,-0.738337,0.065159,0.510894,-0.435431,-13.819218,129.683838,-1.409037,-0.6495,-0.572763,0.194957,0.460525,-3.372402,117.642639,-16.933599,0.194766,0.270798,-0.645026,-0.687514,4.760507,145.682602,-8.605448,-0.089556,0.923427,0.01719,0.372782,-5.743758,129.797089,20.689445,0.419247,0.902004,0.1025,0.010722,6.238888,132.386688,32.42643,-0.214976,0.462481,0.502536,-0.698108,20.663189,115.508255,30.944368,-0.03507,0.249165,0.619623,-0.743475,19.011051,137.665344,20.371956,0.042576,0.924492,0.150169,0.347781,-6.328244,86.156555,7.394755,0.104153,0.963434,-0.022339,0.245861,-5.396387,51.704552,-3.733715,-0.030581,0.927337,0.037915,0.371044,-15.412227,5.461115,-4.120321,-0.101399,0.892565,-0.088994,0.430264,6.51314,87.035172,21.250946,-0.011244,0.900032,-0.144975,0.410852,10.295172,52.136848,30.164696,-0.028329,0.874684,0.013024,0.48369,5.616094,6.820574,42.949963,-0.030581,0.927337,0.037915,0.371044,-5.162571,0.663172,-14.650785,-0.028329,0.874684,0.013024,0.48369,17.989548,1.39798,35.436012
1174,9.783333,-0.032165,0.916133,0.015726,0.399272,0.093285,86.595024,14.323549,-0.118071,0.905493,0.14226,0.381975,-0.461067,94.329094,14.347808,-0.015954,0.921547,0.000745,0.387939,-7.264459,113.982155,17.879864,0.091323,0.947403,0.090069,0.293216,-7.90154,135.219345,17.646025,0.014139,0.985231,0.0215,0.169288,-5.057644,149.615402,19.397038,-0.098164,0.754145,0.121167,0.637924,-10.973679,129.578995,15.320694,-0.737516,0.064598,0.511912,-0.435711,-13.805162,129.689835,-1.413013,-0.649265,-0.572146,0.196157,0.461115,-3.401457,117.643311,-16.962362,0.194291,0.26973,-0.645703,-0.687433,4.745853,145.691299,-8.675462,-0.089699,0.923207,0.017252,0.37329,-5.731706,129.795334,20.686737,0.418957,0.901982,0.10377,0.011638,6.237186,132.38765,32.437141,-0.214831,0.462176,0.502689,-0.698244,20.671417,115.516457,30.969515,-0.035167,0.248797,0.619964,-0.743309,19.01293,137.676239,20.402245,0.042565,0.924544,0.150133,0.34766,-6.328264,86.156479,7.396201,0.104134,0.963456,-0.022269,0.245789,-5.398099,51.703621,-3.729767,-0.030586,0.927347,0.037859,0.371024,-15.410644,5.459523,-4.121556,-0.101351,0.892582,-0.088972,0.430243,6.514832,87.033569,21.250898,-0.011221,0.900094,-0.144993,0.41071,10.294739,52.134262,30.161678,-0.028433,0.874711,0.0129,0.483637,5.615031,6.818432,42.948284,-0.030586,0.927347,0.037859,0.371024,-5.161589,0.660101,-14.651926,-0.028433,0.874711,0.0129,0.483637,17.987991,1.394178,35.434731
1175,9.791667,-0.032052,0.916158,0.015586,0.399229,0.091243,86.594162,14.326127,-0.118031,0.905458,0.142235,0.382078,-0.460635,94.328423,14.349132,-0.015823,0.92149,0.000663,0.38808,-7.26264,113.982414,17.880224,0.091343,0.947319,0.090315,0.293405,-7.893189,135.219788,17.645239,0.013991,0.985214,0.021055,0.169451,-5.05091,149.615204,19.404125,-0.097907,0.754082,0.12099,0.638072,-10.966327,129.580276,15.319213,-0.73666,0.063702,0.512918,-0.436107,-13.793118,129.694672,-1.415263,-0.64904,-0.571564,0.197254,0.461685,-3.430161,117.651436,-16.994345,0.193774,0.268699,-0.646082,-0.687627,4.731373,145.706223,-8.744547,-0.089779,0.923064,0.017274,0.373623,-5.725942,129.795258,20.686861,0.418784,0.902052,0.103806,0.012087,6.234044,132.38916,32.445984,-0.215037,0.462233,0.502598,-0.698209,20.674238,115.5215,30.996519,-0.035254,0.248329,0.620527,-0.742991,19.013708,137.684113,20.431501,0.042543,0.924598,0.150156,0.347508,-6.331086,86.156502,7.399446,0.104094,0.963522,-0.022166,0.245557,-5.40068,51.704025,-3.727672,-0.030621,0.927355,0.037785,0.371009,-15.407367,5.458704,-4.125461,-0.101176,0.892486,-0.088798,0.430519,6.513572,87.031822,21.252808,-0.011464,0.899842,-0.144985,0.411257,10.285075,52.127708,30.148321,-0.028433,0.874677,0.012979,0.483698,5.618637,6.812185,42.940891,-0.030621,0.927355,0.037785,0.371009,-5.158525,0.657649,-14.655295,-0.028433,0.874677,0.012979,0.483698,17.993038,1.389976,35.428219
1176,9.8,-0.031988,0.916182,0.015482,0.399184,0.092157,86.594994,14.328194,-0.117498,0.905578,0.141569,0.382205,-0.458173,94.329361,14.350142,-0.016396,0.921426,0.000999,0.388205,-7.231598,113.999985,17.865055,0.091921,0.947125,0.091102,0.293608,-7.890101,135.236542,17.63368,0.013784,0.985212,0.020429,0.169559,-5.038633,149.626724,19.420414,-0.097974,0.754213,0.120707,0.63796,-10.955169,129.593399,15.305823,-0.735971,0.063636,0.513535,-0.436553,-13.786353,129.699051,-1.427963,-0.648896,-0.571099,0.198558,0.461904,-3.451232,117.637779,-17.011574,0.193472,0.267618,-0.646642,-0.687607,4.711233,145.708435,-8.816862,-0.089586,0.922866,0.017637,0.374141,-5.71652,129.814331,20.674923,0.418679,0.902074,0.103944,0.012892,6.231484,132.396683,32.448753,-0.21552,0.462681,0.502385,-0.697916,20.674688,115.529022,31.029562,-0.035099,0.248377,0.619173,-0.744111,19.024212,137.690765,20.466497,0.042538,0.924645,0.150128,0.347396,-6.330931,86.157623,7.402201,0.104084,0.963555,-0.022084,0.245442,-5.402265,51.704491,-3.723042,-0.030623,0.927363,0.037735,0.370994,-15.406132,5.458611,-4.126863,-0.101112,0.89254,-0.088781,0.430427,6.515244,87.032364,21.254187,-0.01148,0.899821,-0.144949,0.411316,10.284151,52.127098,30.146275,-0.028562,0.874621,0.01283,0.483795,5.619627,6.810617,42.936111,-0.030623,0.927363,0.037735,0.370994,-5.157774,0.656214,-14.656552,-0.028562,0.874621,0.01283,0.483795,17.996233,1.386569,35.42841
1177,9.808333,-0.031955,0.916171,0.015482,0.399212,0.094182,86.596817,14.32921,-0.117414,0.905536,0.141569,0.38233,-0.455684,94.331215,14.351349,-0.016368,0.921359,0.000907,0.388366,-7.226593,114.00312,17.866833,0.091817,0.947046,0.091349,0.293818,-7.882452,135.239731,17.632221,0.013759,0.985185,0.02002,0.169765,-5.036048,149.630051,19.425894,-0.097822,0.754194,0.12054,0.638038,-10.947383,129.596634,15.304086,-0.73515,0.062969,0.514545,-0.436846,-13.776225,129.702942,-1.430099,-0.64874,-0.570496,0.199643,0.462399,-3.483527,117.639496,-17.040098,0.193397,0.266488,-0.647256,-0.68749,4.694416,145.717484,-8.886029,-0.089596,0.922712,0.017575,0.374522,-5.710593,129.817688,20.674995,0.418268,0.902203,0.1044,0.01349,6.227656,132.400452,32.458626,-0.215895,0.462878,0.502079,-0.69789,20.685455,115.543839,31.056919,-0.03585,0.248315,0.619236,-0.744044,19.028746,137.705688,20.493401,0.042618,0.924652,0.150101,0.347379,-6.328527,86.160027,7.402825,0.104043,0.963502,-0.022117,0.245664,-5.406098,51.70681,-3.722662,-0.0306,0.92738,0.037731,0.370954,-15.40699,5.460274,-4.124799,-0.101091,0.89258,-0.088751,0.430355,6.51689,87.033607,21.255594,-0.011453,0.899832,-0.145003,0.411272,10.286124,52.127636,30.144777,-0.028667,0.874643,0.012814,0.483749,5.617776,6.812591,42.938309,-0.0306,0.92738,0.037731,0.370954,-5.159776,0.657502,-14.655432,-0.028667,0.874643,0.012814,0.483749,17.994562,1.389628,35.430122
1178,9.816667,-0.031981,0.916174,0.015555,0.3992,0.098527,86.599869,14.329688,-0.117538,0.905442,0.141467,0.382553,-0.45215,94.334206,14.352703,-0.015986,0.92127,0.001137,0.388593,-7.2261,114.003433,17.860132,0.091659,0.947012,0.091198,0.294025,-7.870715,135.24054,17.640669,0.013573,0.985155,0.019698,0.169993,-5.027453,149.632065,19.429611,-0.097639,0.754181,0.120307,0.638126,-10.937489,129.600739,15.30696,-0.734457,0.062464,0.515637,-0.436795,-13.763724,129.707092,-1.427658,-0.64853,-0.569798,0.200823,0.463043,-3.518291,117.641998,-17.067436,0.193338,0.265518,-0.647632,-0.687527,4.679324,145.726196,-8.954649,-0.089762,0.922589,0.01746,0.37479,-5.703156,129.815155,20.680532,0.417871,0.902474,0.103657,0.013421,6.227268,132.404037,32.470737,-0.216607,0.463195,0.501462,-0.697902,20.69994,115.559113,31.082081,-0.037177,0.24809,0.620735,-0.742804,19.026585,137.727982,20.514397,0.042677,0.924636,0.150041,0.347441,-6.324327,86.163177,7.403436,0.104081,0.96346,-0.022148,0.245807,-5.406581,51.709026,-3.719528,-0.030484,0.927354,0.03783,0.371018,-15.41153,5.463371,-4.121248,-0.101196,0.89273,-0.088895,0.429989,6.521381,87.036552,21.255939,-0.011203,0.900088,-0.145013,0.410715,10.296386,52.133984,30.156004,-0.028435,0.874669,0.01292,0.483714,5.614304,6.818667,42.943554,-0.030484,0.927354,0.03783,0.371018,-5.163711,0.662006,-14.65193,-0.028435,0.874669,0.01292,0.483714,17.988703,1.394996,35.431942
1179,9.825,-0.031977,0.916166,0.015549,0.399219,0.101029,86.602158,14.331497,-0.117367,0.905444,0.141514,0.382584,-0.449556,94.336502,14.354445,-0.016201,0.921229,0.000858,0.388681,-7.219625,114.011742,17.867188,0.091871,0.946874,0.091627,0.294268,-7.868057,135.248596,17.63316,0.013473,0.98512,0.019303,0.170249,-5.022682,149.637848,19.43696,-0.097723,0.754005,0.120169,0.638346,-10.933326,129.606644,15.302655,-0.733914,0.062222,0.516635,-0.436563,-13.749449,129.709351,-1.433691,-0.648245,-0.569138,0.202021,0.463733,-3.548526,117.639626,-17.098972,0.193308,0.264431,-0.647871,-0.687729,4.665464,145.730133,-9.024578,-0.089643,0.922467,0.017598,0.375113,-5.700134,129.825653,20.677153,0.417102,0.902732,0.104372,0.014404,6.222806,132.408493,32.476257,-0.216845,0.463292,0.500981,-0.698109,20.722816,115.584648,31.117538,-0.03765,0.247936,0.620798,-0.742779,19.030317,137.746353,20.543623,0.042781,0.924604,0.14998,0.347539,-6.321547,86.165504,7.404985,0.104044,0.963426,-0.022152,0.245955,-5.411157,51.710659,-3.716452,-0.030531,0.927346,0.037836,0.371033,-15.412773,5.464277,-4.118479,-0.101164,0.892722,-0.088861,0.43002,6.523605,87.038811,21.258009,-0.011202,0.900099,-0.145068,0.410672,10.297354,52.135338,30.155083,-0.02909,0.874691,0.012638,0.483642,5.613692,6.821522,42.947399,-0.030531,0.927346,0.037836,0.371033,-5.164145,0.663614,-14.648692,-0.02909,0.874691,0.012638,0.483642,17.991968,1.400168,35.44051
1180,9.833333,-0.031858,0.916157,0.01551,0.399251,0.101825,86.603859,14.332226,-0.117341,0.905405,0.141477,0.382696,-0.446833,94.338348,14.355344,-0.016024,0.921182,0.000768,0.388802,-7.216211,114.015488,17.866516,0.09184,0.946768,0.091991,0.294504,-7.856205,135.252563,17.631834,0.013294,0.985081,0.01886,0.17054,-5.014903,149.641251,19.4466,-0.097617,0.754097,0.120023,0.638282,-10.923088,129.611786,15.300657,-0.733328,0.061888,0.517398,-0.436692,-13.742728,129.71347,-1.435102,-0.648213,-0.568504,0.203091,0.464086,-3.575081,117.638481,-17.117945,0.193549,0.26326,-0.648319,-0.687689,4.656304,145.737457,-9.090896,-0.089662,0.922275,0.017502,0.375585,-5.691217,129.828857,20.676517,0.41689,0.90275,0.10499,0.0149,6.219584,132.412643,32.487671,-0.21723,0.463423,0.50085,-0.697997,20.726833,115.594269,31.138409,-0.038183,0.248206,0.620517,-0.742896,19.033941,137.758041,20.571037,0.042806,0.924569,0.149877,0.347673,-6.320413,86.168991,7.405286,0.104039,0.96344,-0.022067,0.245912,-5.41273,51.712067,-3.709924,-0.030578,0.927375,0.037764,0.370965,-15.411991,5.465242,-4.119095,-0.101147,0.892766,-0.08885,0.429935,6.524062,87.038734,21.259165,-0.011191,0.900119,-0.145064,0.41063,10.297893,52.134853,30.154606,-0.028468,0.874657,0.012888,0.483733,5.614011,6.820911,42.946362,-0.030578,0.927375,0.037764,0.370965,-5.164652,0.663124,-14.649905,-0.028468,0.874657,0.012888,0.483733,17.988911,1.396913,35.435814
1181,9.841667,-0.031714,0.916135,0.015347,0.399319,0.100605,86.603806,14.334336,-0.117313,0.905384,0.141455,0.382763,-0.445002,94.338516,14.355989,-0.015948,0.921156,0.000695,0.388865,-7.21315,114.015938,17.866274,0.09183,0.946705,0.092128,0.294668,-7.848907,135.253143,17.62993,0.01325,0.985048,0.018562,0.170765,-5.009132,149.641556,19.449154,-0.097368,0.754122,0.11985,0.638322,-10.916586,129.612778,15.298748,-0.732756,0.06167,0.518123,-0.436822,-13.736099,129.717178,-1.437019,-0.648209,-0.567886,0.204153,0.464384,-3.60067,117.633759,-17.13422,0.193708,0.262283,-0.648634,-0.68772,4.647138,145.741821,-9.156069,-0.089662,0.92208,0.017258,0.376074,-5.685414,129.829224,20.675316,0.416529,0.902881,0.105238,0.015297,6.212886,132.415237,32.498566,-0.21746,0.463606,0.500599,-0.697984,20.732969,115.606918,31.162432,-0.038624,0.248119,0.620541,-0.742883,19.036242,137.765961,20.593489,0.042812,0.924518,0.149799,0.347842,-6.320771,86.170235,7.406517,0.104036,0.96344,-0.021986,0.24592,-5.413491,51.711666,-3.703635,-0.030344,0.927365,0.037787,0.371007,-15.410627,5.464444,-4.120256,-0.100979,0.892654,-0.088668,0.430245,6.52198,87.037376,21.262156,-0.011445,0.899833,-0.145054,0.411253,10.287796,52.128696,30.142153,-0.028697,0.874648,0.012764,0.483741,5.617096,6.815025,42.939705,-0.030344,0.927365,0.037787,0.371007,-5.16459,0.660339,-14.651426,-0.028697,0.874648,0.012764,0.483741,17.99378,1.391224,35.431957
1182,9.85,-0.031659,0.916121,0.0153,0.399357,0.101484,86.603462,14.335835,-0.117359,0.905342,0.141391,0.382873,-0.443046,94.338242,14.35713,-0.015822,0.921106,0.000618,0.38899,-7.213603,114.019608,17.864054,0.091807,0.946614,0.092284,0.294918,-7.843162,135.256989,17.626701,0.013234,0.984993,0.018286,0.17111,-5.005436,149.645142,19.451145,-0.097322,0.754168,0.119654,0.638312,-10.91184,129.617416,15.294911,-0.732289,0.061492,0.518677,-0.436975,-13.732113,129.718552,-1.440752,-0.648361,-0.567232,0.205149,0.464531,-3.621221,117.627945,-17.148249,0.194022,0.261433,-0.649141,-0.687477,4.646866,145.745438,-9.224522,-0.089647,0.921975,0.017243,0.376334,-5.682059,129.83255,20.672886,0.416392,0.903006,0.104684,0.015423,6.209697,132.417816,32.502895,-0.218022,0.463924,0.500292,-0.697817,20.734703,115.612473,31.182798,-0.038827,0.247969,0.620674,-0.742811,19.037134,137.776642,20.615589,0.042851,0.924495,0.149701,0.347941,-6.319386,86.170509,7.407505,0.104012,0.963518,-0.021842,0.245637,-5.416045,51.710045,-3.697111,-0.030469,0.927393,0.037761,0.370929,-15.407789,5.46174,-4.123355,-0.100972,0.892641,-0.088649,0.430276,6.522355,87.036423,21.264166,-0.011403,0.89991,-0.145014,0.4111,10.288034,52.127396,30.142891,-0.028416,0.874644,0.012981,0.483759,5.617498,6.812522,42.936241,-0.030469,0.927393,0.037761,0.370929,-5.162334,0.658296,-14.655402,-0.028416,0.874644,0.012981,0.483759,17.992779,1.390136,35.425144
1183,9.858333,-0.031666,0.916093,0.01529,0.399421,0.106253,86.603584,14.338316,-0.117405,0.905285,0.141294,0.383029,-0.438331,94.338356,14.35939,-0.015525,0.921051,0.00065,0.389132,-7.213511,114.031349,17.862713,0.091606,0.946546,0.092397,0.295165,-7.83193,135.269119,17.631424,0.013231,0.984937,0.017926,0.171474,-5.000834,149.658264,19.458376,-0.097511,0.754259,0.119354,0.638232,-10.902837,129.631836,15.297039,-0.731756,0.061233,0.519269,-0.4372,-13.725339,129.720993,-1.438312,-0.648431,-0.566598,0.206184,0.464749,-3.640407,117.623543,-17.157223,0.194141,0.260438,-0.649652,-0.687338,4.645534,145.750427,-9.285531,-0.089538,0.921869,0.017245,0.376621,-5.674582,129.842682,20.676666,0.41624,0.903044,0.104925,0.015689,6.210519,132.423996,32.514221,-0.218185,0.463847,0.500205,-0.69788,20.740778,115.622643,31.201118,-0.039113,0.247772,0.620891,-0.74268,19.035353,137.78891,20.637924,0.042944,0.924451,0.149611,0.348084,-6.31364,86.170456,7.409093,0.104013,0.963495,-0.021805,0.24573,-5.417083,51.708614,-3.691781,-0.030679,0.927386,0.037747,0.370931,-15.408021,5.460185,-4.122364,-0.100918,0.892667,-0.088671,0.430231,6.526147,87.036713,21.26754,-0.011387,0.899923,-0.144981,0.411084,10.288125,52.127182,30.145826,-0.028992,0.874622,0.012809,0.483768,5.61771,6.811392,42.935974,-0.030679,0.927386,0.037747,0.370931,-5.16048,0.658707,-14.653269,-0.028992,0.874622,0.012809,0.483768,17.998011,1.392992,35.43029
1184,9.866667,-0.03165,0.916062,0.01529,0.399494,0.111747,86.607117,14.338552,-0.117307,0.905244,0.141241,0.383175,-0.432599,94.341911,14.359689,-0.015713,0.920968,0.000646,0.38932,-7.201718,114.030304,17.860491,0.091619,0.946457,0.09239,0.295447,-7.827386,135.267822,17.625799,0.01321,0.984875,0.017847,0.17184,-4.995962,149.656754,19.453804,-0.097631,0.754498,0.119089,0.63798,-10.895385,129.629135,15.290989,-0.731428,0.060778,0.51935,-0.437716,-13.727993,129.707687,-1.442708,-0.648462,-0.566189,0.207215,0.464745,-3.644349,117.612442,-17.164145,0.194085,0.259288,-0.650047,-0.687415,4.643784,145.753342,-9.345107,-0.089629,0.921745,0.017175,0.376907,-5.669412,129.84256,20.672733,0.415964,0.903145,0.105079,0.016176,6.207819,132.427124,32.517475,-0.218565,0.463939,0.500025,-0.697829,20.747644,115.632645,31.222435,-0.03881,0.247777,0.620559,-0.742972,19.037666,137.799866,20.665291,0.043034,0.924437,0.149474,0.348168,-6.307069,86.174324,7.408313,0.104042,0.9635,-0.021766,0.245701,-5.41906,51.710083,-3.685795,-0.030554,0.927362,0.037815,0.370994,-15.411716,5.462059,-4.120287,-0.100866,0.892663,-0.088712,0.430243,6.530564,87.039909,21.268793,-0.011384,0.899891,-0.145002,0.411146,10.287819,52.130161,30.148214,-0.028973,0.874677,0.012849,0.483669,5.615473,6.814927,42.939629,-0.030554,0.927362,0.037815,0.370994,-5.163785,0.66108,-14.651039,-0.028973,0.874677,0.012849,0.483669,17.994093,1.397204,35.430679
1185,9.875,-0.031596,0.916045,0.015283,0.399536,0.113599,86.611435,14.340637,-0.117294,0.905199,0.141166,0.383314,-0.429949,94.346283,14.361975,-0.015686,0.920904,0.000705,0.389472,-7.198547,114.037529,17.859495,0.091576,0.946357,0.092412,0.295773,-7.824084,135.275085,17.627453,0.013251,0.984791,0.017591,0.172343,-4.994136,149.664124,19.457045,-0.097735,0.75447,0.118862,0.63804,-10.891331,129.636719,15.290878,-0.730971,0.060627,0.519766,-0.438007,-13.72066,129.708023,-1.443401,-0.648441,-0.565618,0.208316,0.464979,-3.655426,117.604111,-17.169949,0.193785,0.258173,-0.650304,-0.687676,4.64419,145.755798,-9.402064,-0.08959,0.92169,0.017164,0.37705,-5.667125,129.849411,20.674366,0.415547,0.903221,0.105949,0.016919,6.206676,132.432632,32.522835,-0.218611,0.463802,0.49997,-0.697944,20.760801,115.649345,31.243578,-0.038544,0.247503,0.619804,-0.743707,19.042076,137.815048,20.690001,0.043128,0.924377,0.149343,0.348373,-6.304644,86.179527,7.409813,0.104039,0.963432,-0.021733,0.245972,-5.423818,51.713036,-3.677895,-0.030529,0.927341,0.037899,0.37104,-15.415337,5.464828,-4.118147,-0.101043,0.892682,-0.088815,0.430141,6.531844,87.043343,21.271461,-0.011117,0.900156,-0.144999,0.410574,10.2981,52.137489,30.162382,-0.02846,0.874683,0.012951,0.483686,5.61125,6.821594,42.94614,-0.030529,0.927341,0.037899,0.37104,-5.166348,0.665867,-14.648787,-0.02846,0.874683,0.012951,0.483686,17.985561,1.399046,35.433578
1186,9.883333,-0.031602,0.916018,0.015304,0.399598,0.116966,86.613586,14.341699,-0.117242,0.905168,0.141106,0.383424,-0.426799,94.348419,14.363268,-0.015706,0.920854,0.000742,0.38959,-7.193141,114.041428,17.858715,0.091485,0.946289,0.09238,0.296031,-7.820025,135.278946,17.627718,0.013313,0.984722,0.017392,0.172753,-4.992426,149.668518,19.45669,-0.09771,0.754443,0.118723,0.638101,-10.886303,129.640518,15.290043,-0.730503,0.060542,0.520123,-0.438375,-13.713153,129.709808,-1.444666,-0.648409,-0.565056,0.209433,0.465204,-3.663965,117.594444,-17.172668,0.193333,0.25693,-0.650585,-0.688003,4.645912,145.757324,-9.456519,-0.089584,0.921618,0.017061,0.377233,-5.663483,129.853241,20.674871,0.415287,0.903292,0.106321,0.017228,6.205662,132.437256,32.527832,-0.218611,0.463632,0.500103,-0.697963,20.76895,115.661392,31.255394,-0.038282,0.246666,0.620131,-0.743726,19.048939,137.830368,20.708605,0.043159,0.924366,0.149222,0.348449,-6.300328,86.18177,7.409989,0.104065,0.963414,-0.021691,0.246035,-5.42378,51.71286,-3.6705,-0.030672,0.927321,0.03788,0.37108,-15.41667,5.464995,-4.115857,-0.101031,0.892702,-0.088872,0.43009,6.53426,87.045395,21.273407,-0.011108,0.900164,-0.14496,0.41057,10.298482,52.140118,30.167437,-0.028858,0.874686,0.012905,0.483658,5.612427,6.823149,42.947681,-0.030672,0.927321,0.03788,0.37108,-5.16543,0.66713,-14.644805,-0.028858,0.874686,0.012905,0.483658,17.989986,1.405185,35.437168
1187,9.891667,-0.031432,0.916015,0.015084,0.399626,0.115671,86.616638,14.346899,-0.11729,0.905148,0.141097,0.38346,-0.424322,94.351746,14.366377,-0.015669,0.920833,0.000624,0.389641,-7.192368,114.044037,17.860336,0.091453,0.946207,0.092409,0.296292,-7.815855,135.281616,17.62532,0.013352,0.984645,0.017191,0.173209,-4.989459,149.671204,19.455914,-0.097686,0.754374,0.118564,0.638216,-10.882759,129.643234,15.288342,-0.729978,0.060348,0.520391,-0.438957,-13.704772,129.710388,-1.447196,-0.648508,-0.564611,0.210331,0.465202,-3.666973,117.584,-17.173979,0.193232,0.255712,-0.651026,-0.688068,4.650552,145.758072,-9.507055,-0.089747,0.921546,0.017141,0.377365,-5.660523,129.85614,20.673731,0.415134,0.903347,0.106432,0.017327,6.204252,132.443954,32.530243,-0.218638,0.46347,0.500076,-0.698081,20.773037,115.672661,31.260485,-0.038678,0.246283,0.621338,-0.742825,19.044123,137.845261,20.715689,0.043126,0.924394,0.149152,0.34841,-6.301407,86.186119,7.414908,0.104071,0.963501,-0.02151,0.245707,-5.424899,51.715477,-3.660212,-0.03053,0.927361,0.037793,0.371,-15.414294,5.46698,-4.118835,-0.100988,0.892734,-0.088804,0.430049,6.532751,87.047165,21.278891,-0.01112,0.90014,-0.144926,0.410634,10.296802,52.140381,30.167051,-0.028861,0.874672,0.012799,0.483686,5.612182,6.822494,42.944569,-0.03053,0.927361,0.037793,0.371,-5.166545,0.665129,-14.64937,-0.028861,0.874672,0.012799,0.483686,17.989725,1.401915,35.435905
1188,9.9,-0.031403,0.916013,0.014956,0.399637,0.117145,86.616554,14.351705,-0.117301,0.90513,0.141029,0.383524,-0.421633,94.351753,14.369538,-0.015561,0.920805,0.000582,0.389713,-7.190303,114.047638,17.860842,0.091416,0.946149,0.092389,0.296495,-7.808836,135.285355,17.625908,0.013402,0.984592,0.016938,0.173531,-4.983355,149.67514,19.456459,-0.097771,0.754226,0.118477,0.638394,-10.876684,129.647705,15.288405,-0.729447,0.060266,0.520833,-0.439326,-13.690439,129.71199,-1.448537,-0.648499,-0.564108,0.21127,0.465399,-3.672669,117.57251,-17.177992,0.192941,0.254563,-0.651292,-0.688324,4.655287,145.755554,-9.555409,-0.089833,0.921489,0.017166,0.377482,-5.655233,129.85936,20.674606,0.415158,0.903347,0.106319,0.017466,6.206021,132.44931,32.53418,-0.218833,0.463623,0.500011,-0.697965,20.773706,115.676483,31.272003,-0.038525,0.246014,0.620105,-0.743951,19.048664,137.848846,20.729294,0.043139,0.924371,0.149149,0.34847,-6.299802,86.185577,7.419618,0.104085,0.963524,-0.021431,0.24562,-5.423528,51.714962,-3.655603,-0.030506,0.927356,0.037774,0.371017,-15.412381,5.466416,-4.120843,-0.100957,0.892742,-0.088764,0.430047,6.534091,87.047539,21.283792,-0.011084,0.900168,-0.144878,0.410592,10.297478,52.139778,30.168438,-0.028273,0.874618,0.012941,0.483815,5.612313,6.820503,42.940842,-0.030506,0.927356,0.037774,0.371017,-5.164544,0.663771,-14.65093,-0.028273,0.874618,0.012941,0.483815,17.986938,1.395085,35.430862
1189,9.908333,-0.031337,0.915998,0.014882,0.399681,0.119331,86.617371,14.355204,-0.117339,0.905105,0.14102,0.383576,-0.418058,94.352661,14.372367,-0.015554,0.920777,0.000495,0.389779,-7.189259,114.051292,17.862839,0.091312,0.946063,0.092391,0.296803,-7.806077,135.289032,17.624561,0.013469,0.984496,0.016732,0.174086,-4.983605,149.679367,19.45553,-0.097718,0.754092,0.118312,0.638591,-10.874025,129.651276,15.287471,-0.728888,0.060154,0.521155,-0.439888,-13.679573,129.714554,-1.450846,-0.648595,-0.563647,0.212104,0.465445,-3.676136,117.560875,-17.178455,0.192559,0.25354,-0.651563,-0.688553,4.661972,145.753174,-9.601377,-0.089805,0.92143,0.017101,0.377636,-5.653352,129.863327,20.674408,0.414908,0.90343,0.106566,0.017575,6.204122,132.452927,32.537823,-0.218946,0.463468,0.499897,-0.698114,20.780859,115.687897,31.276707,-0.038858,0.24577,0.620383,-0.743782,19.04302,137.862946,20.736526,0.043171,0.924359,0.149078,0.348528,-6.297033,86.186996,7.422544,0.104085,0.963522,-0.021365,0.245632,-5.424068,51.715054,-3.648777,-0.030468,0.927367,0.03774,0.370997,-15.411398,5.466244,-4.120101,-0.100781,0.892654,-0.088622,0.4303,6.535695,87.047752,21.287865,-0.011287,0.899933,-0.144881,0.411099,10.289788,52.135586,30.15913,-0.028514,0.874594,0.012823,0.483847,5.614574,6.816834,42.937035,-0.030468,0.927367,0.03774,0.370997,-5.16452,0.662236,-14.650494,-0.028514,0.874594,0.012823,0.483847,17.991575,1.391956,35.430588
1190,9.916667,-0.031393,0.915991,0.014868,0.399691,0.124156,86.620178,14.359272,-0.117404,0.905074,0.140962,0.38365,-0.413937,94.355415,14.375893,-0.015533,0.920736,0.000459,0.389877,-7.187737,114.056335,17.862925,0.091224,0.94598,0.092446,0.297076,-7.803109,135.294098,17.623518,0.013565,0.98442,0.016507,0.174533,-4.983641,149.684769,19.456402,-0.097749,0.753966,0.118108,0.638774,-10.87093,129.656433,15.286037,-0.728509,0.060102,0.521461,-0.44016,-13.66837,129.715652,-1.453656,-0.648638,-0.563183,0.212899,0.465582,-3.678834,117.552399,-17.182692,0.19237,0.252622,-0.651955,-0.688571,4.670456,145.752167,-9.645926,-0.089789,0.921398,0.017011,0.377724,-5.651392,129.868408,20.67408,0.414587,0.903549,0.106779,0.017767,6.203933,132.458527,32.539539,-0.219082,0.463328,0.49977,-0.698255,20.792252,115.703156,31.283852,-0.038701,0.24566,0.620494,-0.743734,19.041573,137.880905,20.746279,0.043268,0.924351,0.149041,0.348554,-6.291986,86.188736,7.426467,0.104092,0.96348,-0.021363,0.245795,-5.426132,51.716591,-3.644791,-0.030514,0.927376,0.037704,0.370973,-15.414021,5.467918,-4.118179,-0.100774,0.892606,-0.088575,0.430411,6.540297,87.051613,21.292076,-0.011209,0.90004,-0.144935,0.410849,10.29439,52.138756,30.160622,-0.028432,0.874671,0.012753,0.483714,5.614018,6.821301,42.941223,-0.030514,0.927376,0.037704,0.370973,-5.167319,0.663443,-14.648539,-0.028432,0.874671,0.012753,0.483714,17.98757,1.393398,35.431271
1191,9.925,-0.031575,0.915972,0.015006,0.399716,0.134603,86.62101,14.36184,-0.117458,0.904956,0.141004,0.383897,-0.406932,94.35601,14.379268,-0.015645,0.920576,0.000254,0.390249,-7.188749,114.068649,17.86734,0.091333,0.945799,0.092707,0.297537,-7.805011,135.306274,17.617805,0.013693,0.984341,0.016235,0.174993,-4.984964,149.695541,19.460846,-0.097871,0.753881,0.117693,0.638931,-10.870636,129.667389,15.280379,-0.728123,0.059796,0.521648,-0.440618,-13.660441,129.715408,-1.460624,-0.648779,-0.562811,0.213449,0.465585,-3.677991,117.548775,-17.191553,0.192285,0.251682,-0.652127,-0.688777,4.682572,145.754257,-9.688668,-0.089512,0.9214,0.017114,0.377778,-5.655505,129.88208,20.672577,0.413698,0.903846,0.10763,0.018248,6.200118,132.462173,32.539921,-0.219018,0.463138,0.499443,-0.698635,20.820412,115.734085,31.292366,-0.039358,0.245365,0.621635,-0.742843,19.044655,137.910156,20.745781,0.043398,0.924339,0.148983,0.348594,-6.280956,86.187469,7.428628,0.104141,0.963462,-0.021404,0.245839,-5.424795,51.714897,-3.64206,-0.030628,0.92732,0.037835,0.37109,-15.417994,5.467358,-4.113339,-0.100857,0.892785,-0.088795,0.429974,6.550161,87.05455,21.295053,-0.010885,0.900364,-0.14491,0.410156,10.306824,52.145733,30.178356,-0.028254,0.874702,0.012863,0.483666,5.609559,6.82694,42.948006,-0.030628,0.92732,0.037835,0.37109,-5.167122,0.667782,-14.64187,-0.028254,0.874702,0.012863,0.483666,17.981049,1.399203,35.43454
1192,9.933333,-0.031694,0.915972,0.015058,0.399706,0.141792,86.622879,14.366489,-0.117544,0.904925,0.140897,0.383981,-0.401762,94.357742,14.383928,-0.015663,0.920524,0.00021,0.390371,-7.18694,114.075111,17.86668,0.091287,0.945676,0.092933,0.29787,-7.803144,135.312714,17.615047,0.013803,0.984252,0.015917,0.175514,-4.986452,149.701691,19.465412,-0.097889,0.753775,0.11751,0.639087,-10.868145,129.673615,15.27732,-0.727886,0.060188,0.52189,-0.44067,-13.651049,129.718185,-1.464836,-0.64891,-0.562295,0.214255,0.465656,-3.681933,117.533539,-17.190266,0.192393,0.250758,-0.652175,-0.689038,4.692922,145.746872,-9.733016,-0.089461,0.921354,0.017151,0.377901,-5.654448,129.888779,20.670887,0.413245,0.904018,0.107889,0.018455,6.198327,132.466614,32.541565,-0.21886,0.462901,0.499329,-0.698923,20.834965,115.752396,31.299854,-0.039186,0.244805,0.621999,-0.742733,19.042816,137.925812,20.749569,0.043478,0.924369,0.148952,0.348517,-6.273773,86.187668,7.433391,0.104152,0.96345,-0.021381,0.245884,-5.424669,51.71492,-3.637287,-0.030764,0.927348,0.037869,0.371006,-15.418339,5.467507,-4.111384,-0.100805,0.892801,-0.088806,0.429952,6.557357,87.058098,21.299589,-0.010809,0.900436,-0.144934,0.409991,10.310592,52.148659,30.181917,-0.02809,0.874679,0.012916,0.483716,5.608328,6.830361,42.951508,-0.030764,0.927348,0.037869,0.371006,-5.167888,0.670352,-14.641428,-0.02809,0.874679,0.012916,0.483716,17.979305,1.401627,35.437916
1193,9.941667,-0.031682,0.915976,0.015033,0.399698,0.14358,86.624237,14.36983,-0.117607,0.904898,0.140808,0.38406,-0.399637,94.359116,14.387003,-0.015486,0.92049,0.00016,0.39046,-7.188015,114.082382,17.865713,0.091038,0.945602,0.093125,0.298123,-7.796452,135.320221,17.615009,0.013932,0.984177,0.015622,0.175946,-4.988446,149.710342,19.469694,-0.097929,0.75375,0.117216,0.639165,-10.86305,129.682343,15.276413,-0.727519,0.060161,0.522185,-0.440931,-13.642311,129.719894,-1.466368,-0.649154,-0.561778,0.214871,0.465656,-3.686747,117.525269,-17.192646,0.19259,0.249873,-0.652272,-0.689213,4.70738,145.743973,-9.777465,-0.089465,0.921316,0.017252,0.377989,-5.650317,129.89537,20.670996,0.413062,0.904097,0.107928,0.018464,6.20018,132.471848,32.544239,-0.218499,0.46255,0.499567,-0.699098,20.843542,115.763474,31.303135,-0.038295,0.243834,0.622603,-0.742593,19.04707,137.937744,20.754484,0.043475,0.924383,0.148877,0.348515,-6.272116,86.189056,7.43685,0.104175,0.963465,-0.021274,0.245825,-5.424794,51.714672,-3.628881,-0.03073,0.927335,0.037879,0.37104,-15.418064,5.467275,-4.112682,-0.100771,0.892897,-0.088846,0.429752,6.559275,87.059418,21.302811,-0.010789,0.900463,-0.144884,0.40995,10.311042,52.149986,30.185795,-0.028084,0.874703,0.01293,0.483673,5.609573,6.830284,42.950657,-0.03073,0.927335,0.037879,0.37104,-5.16716,0.670027,-14.642241,-0.028084,0.874703,0.01293,0.483673,17.979828,1.401777,35.435711
1194,9.95,-0.031647,0.915978,0.014899,0.399701,0.146156,86.623093,14.37482,-0.117642,0.904869,0.140753,0.384137,-0.395741,94.358078,14.390297,-0.015575,0.920432,-7e-06,0.390593,-7.184505,114.08062,17.865585,0.091033,0.945494,0.093255,0.298426,-7.793617,135.318344,17.606779,0.013955,0.9841,0.015492,0.176387,-4.986992,149.708099,19.466314,-0.09775,0.753655,0.117183,0.63931,-10.859327,129.679489,15.269381,-0.727266,0.060294,0.522365,-0.441116,-13.6335,129.721802,-1.47423,-0.649348,-0.561359,0.215411,0.465641,-3.687032,117.515694,-17.197353,0.192708,0.24914,-0.652382,-0.68934,4.721539,145.739563,-9.818319,-0.089549,0.92124,0.017211,0.378154,-5.648192,129.894699,20.665421,0.412854,0.904196,0.107886,0.018506,6.197543,132.473999,32.542797,-0.218612,0.462684,0.499401,-0.699093,20.848475,115.772011,31.305233,-0.038377,0.243816,0.622289,-0.742858,19.049904,137.944626,20.753002,0.043448,0.924423,0.148895,0.348404,-6.269536,86.1875,7.441864,0.104223,0.963499,-0.021214,0.245679,-5.421227,51.713326,-3.624455,-0.030649,0.927341,0.037891,0.371031,-15.417549,5.466637,-4.113294,-0.100707,0.892929,-0.088791,0.429711,6.561848,87.058693,21.307775,-0.010767,0.900428,-0.144864,0.410033,10.311694,52.147629,30.185118,-0.028703,0.874679,0.012722,0.483684,5.607956,6.827322,42.947021,-0.030649,0.927341,0.037891,0.371031,-5.167588,0.66879,-14.643494,-0.028703,0.874679,0.012722,0.483684,17.983526,1.402524,35.438164
1195,9.958333,-0.031579,0.915984,0.014781,0.399697,0.14712,86.622414,14.378449,-0.117703,0.904846,0.140687,0.384195,-0.393075,94.357513,14.39268,-0.015521,0.920399,-8.1e-05,0.390673,-7.184171,114.082649,17.864449,0.090945,0.945401,0.09343,0.298691,-7.789911,135.320435,17.6036,0.014006,0.984024,0.015253,0.176826,-4.987341,149.710312,19.468412,-0.097641,0.753584,0.117015,0.639441,-10.856096,129.681854,15.266182,-0.727108,0.060402,0.522678,-0.440991,-13.62529,129.72406,-1.478256,-0.649486,-0.56084,0.21593,0.465835,-3.693958,117.511642,-17.206059,0.192853,0.248447,-0.652342,-0.689588,4.736438,145.736938,-9.857428,-0.089539,0.921175,0.017153,0.37832,-5.645869,129.896744,20.663111,0.412675,0.904295,0.107757,0.018367,6.195685,132.476181,32.544632,-0.218606,0.462635,0.499511,-0.699048,20.853405,115.780304,31.304777,-0.037753,0.243289,0.622347,-0.743013,19.058067,137.954849,20.756308,0.043489,0.924385,0.14892,0.348488,-6.268708,86.187103,7.445601,0.104205,0.963479,-0.021196,0.245765,-5.421517,51.713745,-3.623338,-0.030255,0.927315,0.038029,0.371113,-15.415727,5.466625,-4.114264,-0.100711,0.892862,-0.088701,0.429869,6.562948,87.057716,21.311298,-0.010708,0.900492,-0.144872,0.409891,10.314316,52.145554,30.183708,-0.02821,0.874644,0.012867,0.483774,5.607286,6.825352,42.944775,-0.030255,0.927315,0.038029,0.371113,-5.167408,0.668155,-14.645783,-0.02821,0.874644,0.012867,0.483774,17.980219,1.397148,35.434029
1196,9.966667,-0.031604,0.915997,0.014681,0.399668,0.151279,86.62249,14.382783,-0.117818,0.904804,0.140625,0.384282,-0.388662,94.357613,14.395453,-0.015345,0.920352,-0.000132,0.390789,-7.185952,114.089607,17.86359,0.090751,0.945316,0.093555,0.29898,-7.783921,135.327621,17.603573,0.014099,0.983941,0.015005,0.177301,-4.987931,149.718384,19.471409,-0.097706,0.753516,0.116786,0.639553,-10.851561,129.690262,15.265116,-0.72694,0.060526,0.522978,-0.440897,-13.615458,129.726501,-1.480213,-0.649603,-0.560328,0.216466,0.466037,-3.698726,117.506851,-17.211607,0.192857,0.247793,-0.652356,-0.689809,4.752444,145.733795,-9.893234,-0.08952,0.921115,0.017222,0.378466,-5.642621,129.903015,20.663374,0.412241,0.904437,0.108192,0.018606,6.195283,132.480713,32.548908,-0.218311,0.462475,0.499421,-0.699311,20.868542,115.79821,31.312922,-0.03751,0.243101,0.622378,-0.743062,19.061724,137.964859,20.75708,0.043478,0.924464,0.148908,0.348285,-6.264958,86.185966,7.450387,0.104241,0.963488,-0.021137,0.245719,-5.419784,51.712269,-3.617641,-0.030464,0.92735,0.037919,0.371019,-15.415875,5.465618,-4.114308,-0.100649,0.892906,-0.088685,0.429795,6.567516,87.059006,21.315178,-0.010696,0.900453,-0.144866,0.40998,10.316213,52.145733,30.184334,-0.028348,0.874657,0.01274,0.483745,5.607162,6.825313,42.943893,-0.030464,0.92735,0.037919,0.371019,-5.167945,0.66646,-14.645892,-0.028348,0.874657,0.01274,0.483745,17.980343,1.395875,35.434444
1197,9.975,-0.031632,0.915999,0.014675,0.399662,0.156272,86.6241,14.386873,-0.11787,0.904778,0.140491,0.384376,-0.384032,94.359192,14.399284,-0.015336,0.920303,-0.000113,0.390906,-7.182071,114.093697,17.86109,0.090664,0.945236,0.093579,0.299251,-7.779966,135.331726,17.601929,0.014089,0.983863,0.014878,0.177744,-4.986692,149.72287,19.470802,-0.097398,0.753266,0.116913,0.639871,-10.847015,129.694489,15.262429,-0.726607,0.060889,0.52343,-0.440858,-13.599139,129.743439,-1.484802,-0.64979,-0.559822,0.216917,0.466175,-3.705452,117.504974,-17.21608,0.192984,0.247211,-0.652482,-0.689863,4.768236,145.73291,-9.927578,-0.089488,0.921098,0.017173,0.378516,-5.639443,129.906982,20.662016,0.411895,0.904577,0.108309,0.018757,6.19736,132.484238,32.548737,-0.218364,0.462417,0.499236,-0.699465,20.883049,115.812256,31.318457,-0.037364,0.243096,0.622434,-0.743024,19.064421,137.978012,20.759922,0.043545,0.924459,0.148884,0.348301,-6.260018,86.187035,7.454562,0.104264,0.963353,-0.021209,0.246232,-5.419709,51.713253,-3.61358,-0.030651,0.927352,0.037841,0.371008,-15.419303,5.467346,-4.109587,-0.100668,0.892947,-0.088677,0.429706,6.572561,87.061157,21.319183,-0.010569,0.900607,-0.144919,0.409626,10.323586,52.148064,30.188047,-0.02838,0.874674,0.012633,0.483714,5.606593,6.828862,42.948978,-0.030651,0.927352,0.037841,0.371008,-5.170022,0.668146,-14.639833,-0.02838,0.874674,0.012633,0.483714,17.979033,1.397196,35.439926
1198,9.983333,-0.031733,0.91599,0.014714,0.399674,0.161391,86.626564,14.391269,-0.117853,0.904765,0.140327,0.384474,-0.380575,94.361542,14.403597,-0.015409,0.920251,-7.7e-05,0.391025,-7.175633,114.097717,17.858727,0.090551,0.945151,0.093603,0.299548,-7.776939,135.335663,17.599649,0.014096,0.983773,0.014785,0.178249,-4.987123,149.727371,19.469431,-0.097338,0.753224,0.116765,0.639957,-10.842462,129.697922,15.259297,-0.726637,0.061064,0.523638,-0.440537,-13.591264,129.745682,-1.488482,-0.649857,-0.55939,0.217359,0.466395,-3.708201,117.504868,-17.224602,0.193218,0.24671,-0.65257,-0.689894,4.783203,145.733459,-9.959217,-0.089609,0.921118,0.017256,0.378435,-5.636316,129.911209,20.660227,0.411585,0.904699,0.108409,0.019078,6.201839,132.491302,32.544983,-0.218517,0.462611,0.498988,-0.699465,20.89835,115.827927,31.327385,-0.037317,0.243209,0.621898,-0.743438,19.076424,137.990433,20.763414,0.043567,0.924421,0.148879,0.3484,-6.254603,86.188065,7.458778,0.104325,0.963232,-0.021292,0.246671,-5.414723,51.714302,-3.609439,-0.03067,0.927342,0.037859,0.371029,-15.421452,5.469921,-4.103889,-0.100643,0.893062,-0.088697,0.42947,6.577386,87.065063,21.323759,-0.010465,0.900642,-0.14491,0.409555,10.328561,52.151863,30.192152,-0.027393,0.874617,0.013053,0.483864,5.604094,6.832218,42.948727,-0.03067,0.927342,0.037859,0.371029,-5.171442,0.671444,-14.633757,-0.027393,0.874617,0.013053,0.483864,17.971369,1.396976,35.43375
1199,9.991667,-0.031751,0.915997,0.014662,0.399658,0.167368,86.62767,14.39654,-0.117899,0.904745,0.140216,0.384547,-0.374536,94.362656,14.408022,-0.01557,0.920195,-0.000158,0.391152,-7.168634,114.096024,17.857042,0.090557,0.945039,0.093782,0.299842,-7.774872,135.333755,17.592037,0.014055,0.983696,0.014684,0.178687,-4.986592,149.72493,19.468111,-0.097163,0.753171,0.116772,0.640045,-10.838411,129.694672,15.252355,-0.726467,0.061202,0.523619,-0.440821,-13.58453,129.747589,-1.49585,-0.65014,-0.559149,0.217666,0.466145,-3.701329,117.496536,-17.223915,0.193616,0.246197,-0.652612,-0.689925,4.79826,145.730621,-9.989663,-0.089643,0.921059,0.017064,0.378582,-5.633829,129.910629,20.654684,0.411305,0.904819,0.108447,0.01925,6.200356,132.493973,32.542698,-0.218566,0.462664,0.49879,-0.699556,20.906826,115.838829,31.332785,-0.037323,0.243273,0.622044,-0.743294,19.077583,137.999023,20.763721,0.043625,0.924406,0.148873,0.348435,-6.248853,86.188454,7.464302,0.10434,0.963438,-0.0211,0.245878,-5.412592,51.714931,-3.604966,-0.030609,0.927364,0.037858,0.370979,-15.416706,5.470091,-4.10899,-0.100619,0.89298,-0.088599,0.429666,6.58359,87.066895,21.328777,-0.010417,0.90066,-0.144955,0.4095,10.33442,52.152084,30.190981,-0.027302,0.874636,0.013033,0.483836,5.604877,6.833574,42.949711,-0.030609,0.927364,0.037858,0.370979,-5.168429,0.670886,-14.640215,-0.027302,0.874636,0.013033,0.483836,17.970675,1.396494,35.433636
1200,10.0,-0.031782,0.915992,0.014553,0.39967,0.171083,86.626816,14.399871,-0.118004,0.904718,0.140017,0.38465,-0.370589,94.361816,14.409606,-0.015403,0.920159,-9e-06,0.391242,-7.16476,114.093033,17.848034,0.09034,0.945015,0.093544,0.300057,-7.766898,135.330978,17.591578,0.013981,0.983616,0.01476,0.179128,-4.98259,149.723923,19.459972,-0.097013,0.753166,0.11674,0.64008,-10.831069,129.693436,15.249016,-0.726254,0.061193,0.523646,-0.441141,-13.576669,129.749649,-1.499267,-0.650338,-0.558787,0.21798,0.466156,-3.694673,117.491486,-17.222555,0.193598,0.24505,-0.652893,-0.690073,4.821198,145.727036,-10.013187,-0.089805,0.92101,0.017034,0.378663,-5.627469,129.906219,20.652416,0.41118,0.904873,0.108439,0.019406,6.203651,132.494812,32.542336,-0.218578,0.462684,0.498692,-0.69961,20.914442,115.842964,31.339478,-0.036712,0.243571,0.62147,-0.743707,19.081507,137.99855,20.769176,0.043648,0.924415,0.148861,0.348413,-6.244911,86.186234,7.46751,0.104364,0.963307,-0.021165,0.246372,-5.41074,51.712597,-3.601537,-0.030673,0.927361,0.03791,0.370977,-15.418214,5.468479,-4.105401,-0.100578,0.893081,-0.088562,0.429473,6.587078,87.067398,21.332233,-0.010375,0.900661,-0.144944,0.409503,10.338364,52.151508,30.189997,-0.028567,0.874649,0.012693,0.483749,5.605625,6.832614,42.946198,-0.030673,0.927361,0.03791,0.370977,-5.169177,0.671408,-14.636856,-0.028567,0.874649,0.012693,0.483749,17.980812,1.405177,35.43861
1201,10.008333,-0.03177,0.916007,0.014469,0.39964,0.174984,86.624451,14.404657,-0.118099,0.904707,0.139905,0.384688,-0.365995,94.359505,14.413304,-0.015304,0.920135,-0.000133,0.391302,-7.163289,114.09446,17.846199,0.090187,0.94493,0.093799,0.300292,-7.75952,135.332535,17.586517,0.013947,0.983544,0.01462,0.179537,-4.981804,149.725876,19.461718,-0.097022,0.753121,0.116691,0.64014,-10.824935,129.69548,15.24438,-0.726017,0.061266,0.523798,-0.44134,-13.567848,129.750793,-1.504344,-0.650665,-0.558672,0.218129,0.465769,-3.693352,117.483292,-17.225052,0.194431,0.245264,-0.652786,-0.689864,4.826374,145.724442,-10.042267,-0.089854,0.920937,0.016857,0.378837,-5.622001,129.907639,20.648447,0.410933,0.904985,0.108419,0.019542,6.204338,132.499725,32.542358,-0.218117,0.462569,0.498494,-0.699971,20.923922,115.855133,31.346643,-0.037145,0.243171,0.622436,-0.743009,19.07608,138.000671,20.758781,0.043661,0.92437,0.148888,0.348519,-6.241479,86.183441,7.472757,0.104395,0.963338,-0.021096,0.246246,-5.406249,51.710476,-3.598309,-0.030544,0.927371,0.03793,0.370959,-15.41506,5.466712,-4.107853,-0.100526,0.893171,-0.088522,0.429306,6.591447,87.06546,21.336559,-0.010304,0.900687,-0.144937,0.409452,10.34231,52.148308,30.189514,-0.028812,0.874661,0.012578,0.483715,5.604485,6.829074,42.942619,-0.030544,0.927371,0.03793,0.370959,-5.167638,0.668722,-14.640461,-0.028812,0.874661,0.012578,0.483715,17.980951,1.402249,35.436695
1202,10.016667,-0.031742,0.916001,0.014331,0.399661,0.177748,86.624741,14.408851,-0.118227,0.904688,0.139757,0.384748,-0.361987,94.359886,14.415693,-0.015212,0.920113,-9.8e-05,0.391358,-7.163788,114.100456,17.84133,0.090241,0.944836,0.093869,0.300549,-7.756961,135.338654,17.584484,0.013809,0.983465,0.014455,0.179992,-4.978472,149.731384,19.463161,-0.09708,0.753042,0.116406,0.640275,-10.822902,129.702362,15.241207,-0.725907,0.061333,0.523889,-0.441404,-13.559559,129.750763,-1.508564,-0.650802,-0.558444,0.218419,0.465714,-3.689661,117.478119,-17.228153,0.1946,0.245065,-0.652968,-0.689714,4.837858,145.722412,-10.066932,-0.089786,0.920947,0.016765,0.378832,-5.620581,129.913025,20.645926,0.410902,0.905005,0.108339,0.019691,6.206296,132.504196,32.539505,-0.218133,0.46274,0.498362,-0.699947,20.926777,115.85984,31.351444,-0.037182,0.243388,0.622191,-0.743141,19.080235,138.002197,20.75733,0.043724,0.924299,0.148852,0.348716,-6.23843,86.183174,7.476719,0.104405,0.963293,-0.021059,0.246422,-5.405932,51.709812,-3.593326,-0.03042,0.927391,0.037912,0.370923,-15.414636,5.466085,-4.108248,-0.10054,0.893275,-0.088464,0.429099,6.593925,87.066307,21.340981,-0.010186,0.900772,-0.144944,0.409265,10.349628,52.148617,30.189743,-0.029014,0.874625,0.012298,0.483775,5.604113,6.829345,42.939854,-0.03042,0.927391,0.037912,0.370923,-5.169319,0.666183,-14.642037,-0.029014,0.874625,0.012298,0.483775,17.98225,1.398443,35.439636
1203,10.025,-0.031786,0.915986,0.014377,0.399691,0.183001,86.624245,14.410294,-0.118284,0.904658,0.139689,0.384824,-0.357632,94.359329,14.417507,-0.015078,0.920078,-0.000234,0.391446,-7.16261,114.105247,17.839966,0.09004,0.944771,0.093955,0.300788,-7.748279,135.343613,17.580004,0.013749,0.983388,0.014462,0.180415,-4.976185,149.737366,19.460367,-0.097152,0.753088,0.11624,0.640241,-10.815744,129.708069,15.236935,-0.725822,0.061409,0.523913,-0.441506,-13.553426,129.750763,-1.512676,-0.650963,-0.558243,0.218613,0.46564,-3.685044,117.473068,-17.229263,0.194785,0.24465,-0.652723,-0.690042,4.850962,145.71933,-10.08602,-0.089788,0.920912,0.016707,0.378919,-5.614395,129.917664,20.642626,0.410865,0.905033,0.108225,0.019813,6.210244,132.509491,32.538284,-0.218068,0.462819,0.498246,-0.699997,20.931833,115.865623,31.35742,-0.037139,0.243489,0.622139,-0.743154,19.083195,138.00473,20.756533,0.043772,0.924219,0.148803,0.348941,-6.232668,86.182297,7.477719,0.104469,0.963307,-0.021023,0.246342,-5.40194,51.708191,-3.590144,-0.030537,0.927386,0.037882,0.370928,-15.415626,5.465588,-4.109023,-0.10053,0.893316,-0.088497,0.429008,6.598669,87.0662,21.342867,-0.010106,0.900847,-0.14495,0.409099,10.353563,52.148773,30.193048,-0.02832,0.87463,0.012671,0.483797,5.603377,6.829512,42.941441,-0.030537,0.927386,0.037882,0.370928,-5.169128,0.666201,-14.641893,-0.02832,0.87463,0.012671,0.483797,17.976833,1.397975,35.433971
1204,10.033333,-0.031939,0.91599,0.014469,0.399667,0.192836,86.626419,14.412987,-0.118323,0.904645,0.139568,0.384887,-0.350531,94.361313,14.420565,-0.015272,0.920029,-0.000214,0.391552,-7.154595,114.106201,17.836981,0.090138,0.944669,0.093911,0.301092,-7.748126,135.344315,17.574484,0.013564,0.983297,0.014504,0.180922,-4.973067,149.737381,19.455662,-0.0971,0.753028,0.116156,0.640335,-10.812942,129.707367,15.231334,-0.725825,0.061581,0.523764,-0.441652,-13.546887,129.750107,-1.518893,-0.651003,-0.55801,0.218922,0.465718,-3.672507,117.466354,-17.22698,0.194378,0.243882,-0.652994,-0.690172,4.871087,145.714554,-10.10047,-0.089767,0.920907,0.016529,0.378945,-5.612932,129.91951,20.638216,0.410793,0.905072,0.10812,0.020097,6.211144,132.512955,32.534081,-0.218399,0.463172,0.498059,-0.699794,20.934864,115.869995,31.366932,-0.036656,0.244111,0.621036,-0.743896,19.093317,138.007141,20.765512,0.043825,0.924264,0.148736,0.348844,-6.223023,86.182503,7.480714,0.10453,0.96333,-0.020983,0.24623,-5.398722,51.707291,-3.584181,-0.03052,0.927381,0.03792,0.370937,-15.417044,5.465737,-4.106995,-0.100463,0.893336,-0.088552,0.428972,6.608696,87.070343,21.345261,-0.01001,0.900947,-0.144969,0.408874,10.357924,52.152645,30.196779,-0.028232,0.874618,0.012629,0.483825,5.601975,6.83372,42.944229,-0.03052,0.927381,0.03792,0.370937,-5.170386,0.667205,-14.640101,-0.028232,0.874618,0.012629,0.483825,17.974833,1.399886,35.437428
1205,10.041667,-0.032026,0.915988,0.014464,0.399665,0.200022,86.62809,14.416963,-0.118332,0.904653,0.139463,0.384904,-0.344563,94.3629,14.423929,-0.015347,0.920015,-0.00025,0.391583,-7.147734,114.109894,17.836319,0.090141,0.944603,0.093947,0.301286,-7.743584,135.347916,17.571157,0.013407,0.983232,0.014495,0.181284,-4.968832,149.740799,19.454166,-0.097121,0.752954,0.116117,0.640426,-10.807618,129.710342,15.228495,-0.725756,0.061717,0.523805,-0.441698,-13.537465,129.752319,-1.522399,-0.651059,-0.557862,0.219143,0.465713,-3.665765,117.462456,-17.227392,0.19441,0.243574,-0.653,-0.690266,4.882014,145.71286,-10.114706,-0.08978,0.920886,0.016476,0.378995,-5.608003,129.923721,20.635706,0.410673,0.905118,0.108161,0.020232,6.214706,132.518143,32.532711,-0.218303,0.46318,0.49786,-0.69996,20.94257,115.878487,31.370909,-0.037209,0.244139,0.621459,-0.743506,19.091463,138.012726,20.760021,0.043825,0.924262,0.148742,0.348849,-6.215759,86.182617,7.484716,0.104612,0.963129,-0.021112,0.246968,-5.391244,51.707535,-3.580571,-0.030536,0.927357,0.037943,0.370995,-15.419579,5.468127,-4.101322,-0.100414,0.89337,-0.088575,0.428908,6.615803,87.073563,21.349209,-0.009964,0.900926,-0.144962,0.408924,10.361797,52.15546,30.200497,-0.028833,0.874613,0.012339,0.483807,5.601566,6.83625,42.945351,-0.030536,0.927357,0.037943,0.370995,-5.171397,0.670428,-14.633322,-0.028833,0.874613,0.012339,0.483807,17.978651,1.403798,35.444523
1206,10.05,-0.032038,0.915984,0.014474,0.399672,0.205273,86.627747,14.419153,-0.11839,0.90466,0.139389,0.384897,-0.33954,94.362534,14.426182,-0.015339,0.920016,-0.000387,0.391581,-7.14494,114.113358,17.835489,0.090219,0.94448,0.094207,0.301569,-7.738234,135.351379,17.565117,0.013096,0.98314,0.014362,0.181821,-4.963746,149.743134,19.457249,-0.097055,0.752925,0.115924,0.640505,-10.802951,129.713593,15.223839,-0.725628,0.061838,0.523819,-0.441876,-13.529803,129.753464,-1.527557,-0.651178,-0.557763,0.219271,0.465605,-3.659382,117.455688,-17.22716,0.194408,0.243425,-0.653045,-0.690277,4.891659,145.708435,-10.127583,-0.08974,0.920886,0.016417,0.379007,-5.603304,129.927689,20.630997,0.41065,0.905155,0.107914,0.020398,6.219353,132.521622,32.528175,-0.218102,0.463137,0.497696,-0.700167,20.9478,115.881683,31.377718,-0.037118,0.244097,0.621773,-0.743262,19.086746,138.010025,20.757015,0.043846,0.924319,0.148695,0.348715,-6.210392,86.182144,7.486804,0.104614,0.963299,-0.020949,0.246316,-5.390096,51.706188,-3.576054,-0.030573,0.927385,0.037951,0.370921,-15.415165,5.466166,-4.10488,-0.100404,0.893335,-0.088567,0.428984,6.620937,87.073341,21.351503,-0.0099,0.900938,-0.144947,0.408906,10.365788,52.154987,30.202263,-0.02821,0.874607,0.012652,0.483846,5.600887,6.835255,42.943489,-0.030573,0.927385,0.037951,0.370921,-5.168227,0.669072,-14.638373,-0.02821,0.874607,0.012652,0.483846,17.973989,1.401697,35.436886
1207,10.058333,-0.031969,0.915978,0.014313,0.399697,0.207504,86.626373,14.423073,-0.118363,0.904669,0.139329,0.384905,-0.33533,94.361305,14.428228,-0.01539,0.920006,-0.000528,0.391602,-7.13909,114.113907,17.835817,0.090286,0.944415,0.0943,0.301723,-7.731987,135.351852,17.559046,0.012889,0.983094,0.014375,0.182083,-4.956524,149.742905,19.454987,-0.09692,0.752905,0.115898,0.640553,-10.796685,129.713409,15.219302,-0.725483,0.061928,0.523809,-0.442113,-13.522328,129.756424,-1.532279,-0.651275,-0.557686,0.219397,0.465502,-3.651953,117.450775,-17.225742,0.194363,0.243189,-0.653408,-0.69003,4.900935,145.705933,-10.138078,-0.089725,0.920854,0.016257,0.379096,-5.597311,129.929047,20.626657,0.410762,0.905136,0.107631,0.020442,6.223151,132.524399,32.5257,-0.218189,0.463388,0.497609,-0.700036,20.947378,115.880287,31.381628,-0.037009,0.244328,0.621165,-0.743699,19.093403,138.008072,20.756018,0.043836,0.924311,0.148722,0.348726,-6.20786,86.180771,7.490447,0.104637,0.963167,-0.021015,0.246817,-5.386086,51.705338,-3.573935,-0.030423,0.927418,0.037915,0.370855,-15.41449,5.466029,-4.10253,-0.10036,0.893417,-0.088572,0.428822,6.622867,87.071976,21.355698,-0.009866,0.900997,-0.144912,0.408787,10.366348,52.153049,30.204782,-0.028409,0.874636,0.012504,0.483785,5.601593,6.832302,42.942444,-0.030423,0.927418,0.037915,0.370855,-5.170657,0.666227,-14.637806,-0.028409,0.874636,0.012504,0.483785,17.974905,1.397851,35.436836
1208,10.066667,-0.031941,0.915957,0.014193,0.399752,0.209591,86.624207,14.427088,-0.118516,0.904651,0.139236,0.384933,-0.332102,94.359215,14.430679,-0.015198,0.920004,-0.000634,0.391613,-7.141601,114.115166,17.832644,0.090278,0.944348,0.094392,0.301904,-7.725255,135.353363,17.554932,0.012705,0.983032,0.014317,0.182434,-4.950904,149.744202,19.454121,-0.096871,0.752832,0.115711,0.64068,-10.792345,129.716156,15.215354,-0.725517,0.062128,0.523877,-0.441948,-13.512768,129.757095,-1.537082,-0.651322,-0.557596,0.219426,0.46553,-3.646652,117.447411,-17.230064,0.194607,0.243121,-0.653487,-0.68991,4.911577,145.701782,-10.14578,-0.08969,0.920825,0.016094,0.379182,-5.593016,129.929764,20.622835,0.411019,0.905181,0.10634,0.020076,6.225459,132.525986,32.523666,-0.218225,0.463601,0.497416,-0.700021,20.940966,115.873634,31.387255,-0.036764,0.244128,0.621519,-0.743481,19.08709,138.000412,20.752022,0.043813,0.924352,0.148724,0.348619,-6.204979,86.1782,7.493754,0.10466,0.963348,-0.020823,0.246118,-5.382874,51.702667,-3.57029,-0.030367,0.927414,0.037913,0.370868,-15.409246,5.463049,-4.109613,-0.100318,0.893472,-0.088523,0.428729,6.624161,87.070206,21.360422,-0.00983,0.900989,-0.14488,0.408818,10.36741,52.150036,30.204689,-0.02852,0.874607,0.012474,0.483833,5.600367,6.828329,42.938114,-0.030367,0.927414,0.037913,0.370868,-5.165697,0.662561,-14.644851,-0.02852,0.874607,0.012474,0.483833,17.975449,1.394756,35.434784
1209,10.075,-0.03196,0.915959,0.014098,0.399748,0.215024,86.623238,14.42945,-0.118519,0.904642,0.139182,0.384973,-0.326354,94.358269,14.431583,-0.015244,0.919974,-0.000711,0.391682,-7.136199,114.117561,17.831629,0.090237,0.94434,0.094234,0.301992,-7.720314,135.355698,17.550083,0.012672,0.983006,0.014496,0.182564,-4.945711,149.747086,19.444839,-0.096796,0.752814,0.115591,0.640734,-10.786913,129.718018,15.211031,-0.725425,0.062248,0.5239,-0.442055,-13.505504,129.75853,-1.541703,-0.651436,-0.557563,0.219398,0.465423,-3.641143,117.442261,-17.230621,0.194686,0.243111,-0.653404,-0.689969,4.920061,145.696991,-10.151273,-0.089598,0.920819,0.015976,0.379222,-5.588415,129.932678,20.619268,0.411232,0.90514,0.105891,0.019929,6.229571,132.527527,32.520878,-0.218177,0.463585,0.497443,-0.700027,20.937548,115.868446,31.385696,-0.036542,0.244029,0.621668,-0.7434,19.08412,137.997284,20.748938,0.043891,0.924273,0.148678,0.348837,-6.19958,86.176193,7.496215,0.104677,0.963319,-0.0208,0.246225,-5.381284,51.700138,-3.566508,-0.030406,0.927422,0.037953,0.370841,-15.408678,5.460781,-4.109421,-0.100278,0.893462,-0.088514,0.428761,6.629628,87.07029,21.362686,-0.009789,0.900986,-0.144862,0.408832,10.3703,52.149414,30.205288,-0.028667,0.874566,0.012328,0.483901,5.600317,6.827155,42.935635,-0.030406,0.927422,0.037953,0.370841,-5.165197,0.661811,-14.645418,-0.028667,0.874566,0.012328,0.483901,17.977314,1.392081,35.436558
1210,10.083333,-0.032018,0.915951,0.014084,0.399762,0.221858,86.623581,14.431897,-0.118728,0.904608,0.139102,0.385019,-0.320251,94.358559,14.433454,-0.015106,0.919952,-0.000788,0.391739,-7.138243,114.120605,17.827272,0.090204,0.944283,0.094242,0.302177,-7.715669,135.358902,17.54501,0.012571,0.982945,0.014531,0.182893,-4.942144,149.750397,19.440456,-0.096896,0.752726,0.115442,0.640849,-10.783745,129.722122,15.205747,-0.725391,0.062304,0.523924,-0.442074,-13.496675,129.757568,-1.547919,-0.651497,-0.557582,0.219322,0.465351,-3.633753,117.43866,-17.235672,0.194823,0.243209,-0.653316,-0.68998,4.928207,145.6931,-10.156064,-0.089447,0.920829,0.015859,0.379238,-5.585849,129.935318,20.614624,0.410974,0.905065,0.107367,0.020743,6.232639,132.526993,32.516438,-0.21751,0.463134,0.497645,-0.70039,20.948572,115.874466,31.388247,-0.036413,0.243945,0.621522,-0.743556,19.084814,137.994354,20.746857,0.043923,0.924272,0.148677,0.348838,-6.192467,86.175423,7.498472,0.104721,0.963294,-0.020825,0.246302,-5.376356,51.699562,-3.565016,-0.030463,0.927438,0.037969,0.370795,-15.408251,5.461168,-4.107472,-0.100252,0.893513,-0.088564,0.42865,6.636184,87.071732,21.36532,-0.009671,0.9011,-0.144876,0.408579,10.374708,52.151127,30.209879,-0.028845,0.87457,0.012312,0.483883,5.597703,6.829026,42.938171,-0.030463,0.927438,0.037969,0.370795,-5.165181,0.66327,-14.644363,-0.028845,0.87457,0.012312,0.483883,17.976089,1.396103,35.439827
1211,10.091667,-0.032161,0.915955,0.014093,0.399743,0.231731,86.624542,14.432946,-0.118707,0.904596,0.139018,0.385082,-0.312472,94.359375,14.433761,-0.015256,0.9199,-0.000867,0.391854,-7.128675,114.122772,17.824331,0.090283,0.944205,0.094346,0.302364,-7.710625,135.360886,17.536386,0.012432,0.982902,0.014593,0.183131,-4.935904,149.751572,19.436205,-0.096842,0.752792,0.115347,0.640797,-10.776884,129.722809,15.197813,-0.725347,0.062167,0.52382,-0.442289,-13.492425,129.757172,-1.555429,-0.651658,-0.557682,0.219038,0.46514,-3.623862,117.439865,-17.240896,0.19495,0.243343,-0.652906,-0.690284,4.938879,145.692856,-10.156524,-0.089368,0.920797,0.015822,0.379336,-5.580414,129.938553,20.607958,0.410965,0.905045,0.107529,0.020966,6.236052,132.528061,32.512245,-0.217304,0.463033,0.497672,-0.700501,20.951925,115.875076,31.390059,-0.036258,0.243828,0.621538,-0.743589,19.084808,137.993408,20.744514,0.043973,0.924267,0.148625,0.348865,-6.182713,86.173965,7.499789,0.104793,0.963275,-0.020822,0.246347,-5.370934,51.697304,-3.561521,-0.03033,0.927354,0.038216,0.37099,-15.409225,5.460331,-4.106422,-0.100171,0.893535,-0.08861,0.428613,6.646174,87.075111,21.366102,-0.009618,0.901143,-0.144905,0.408474,10.378451,52.153934,30.211002,-0.028675,0.874588,0.012302,0.483861,5.597279,6.832525,42.940163,-0.03033,0.927354,0.038216,0.37099,-5.162323,0.667713,-14.641982,-0.028675,0.874588,0.012302,0.483861,17.973541,1.396875,35.440292
1212,10.1,-0.032117,0.915935,0.013993,0.399794,0.23542,86.625961,14.436213,-0.118768,0.904594,0.138889,0.385115,-0.307539,94.360886,14.43585,-0.015175,0.919897,-0.000872,0.391865,-7.124761,114.126953,17.820646,0.090074,0.944204,0.094174,0.302483,-7.703465,135.365158,17.533865,0.012419,0.982843,0.014737,0.183433,-4.933054,149.757507,19.427505,-0.096911,0.752779,0.115158,0.640836,-10.770531,129.727692,15.194909,-0.725308,0.062162,0.523919,-0.442237,-13.483916,129.756393,-1.558691,-0.651676,-0.557663,0.218942,0.465183,-3.619959,117.438614,-17.246679,0.194948,0.243431,-0.652762,-0.69039,4.946639,145.689316,-10.157805,-0.089314,0.9208,0.015798,0.379343,-5.574152,129.942352,20.605183,0.411066,0.904993,0.107575,0.020993,6.242449,132.530472,32.509632,-0.216966,0.462743,0.49779,-0.700714,20.954578,115.874207,31.387182,-0.036009,0.243524,0.621796,-0.743484,19.080032,137.990417,20.740053,0.043957,0.924251,0.148623,0.348912,-6.178292,86.175423,7.502378,0.104828,0.963125,-0.020902,0.246908,-5.364956,51.698612,-3.558354,-0.030449,0.927444,0.037992,0.370779,-15.407885,5.462641,-4.102611,-0.100152,0.893562,-0.088571,0.42857,6.649131,87.0765,21.370047,-0.009548,0.901201,-0.144931,0.408339,10.381842,52.15453,30.211676,-0.029243,0.874619,0.012167,0.483776,5.59558,6.833717,42.941059,-0.030449,0.927444,0.037992,0.370779,-5.165247,0.665195,-14.64012,-0.029243,0.874619,0.012167,0.483776,17.975349,1.402834,35.44352
1213,10.108333,-0.0321,0.915904,0.013897,0.39987,0.240491,86.625481,14.437231,-0.118776,0.904578,0.138817,0.385177,-0.301632,94.360458,14.435564,-0.015194,0.919873,-0.000862,0.39192,-7.118464,114.127861,17.81712,0.090119,0.944161,0.0941,0.302629,-7.698064,135.366058,17.530363,0.012279,0.982799,0.014767,0.183679,-4.925798,149.758179,19.422928,-0.096981,0.752689,0.115166,0.640929,-10.764601,129.728455,15.191014,-0.725375,0.062482,0.524074,-0.441898,-13.473469,129.756195,-1.563315,-0.651672,-0.557718,0.218938,0.465125,-3.618544,117.432762,-17.252531,0.195366,0.244214,-0.652826,-0.689935,4.944429,145.684631,-10.163894,-0.089224,0.920801,0.01561,0.379369,-5.568883,129.943314,20.601912,0.411284,0.904936,0.107236,0.020892,6.247587,132.531052,32.506569,-0.216827,0.462707,0.497859,-0.700732,20.951906,115.867821,31.385151,-0.03567,0.243413,0.62168,-0.743634,19.079098,137.983459,20.736101,0.044008,0.924208,0.148555,0.349047,-6.172102,86.174545,7.502391,0.104856,0.96316,-0.02084,0.246767,-5.362302,51.696594,-3.555025,-0.030232,0.927419,0.038152,0.370844,-15.406357,5.460921,-4.104178,-0.100088,0.893647,-0.088606,0.428399,6.653085,87.076416,21.37207,-0.009506,0.901242,-0.144897,0.408261,10.382324,52.153969,30.213297,-0.028778,0.874558,0.012324,0.48391,5.594949,6.832129,42.938599,-0.030232,0.927419,0.038152,0.370844,-5.163912,0.665407,-14.642752,-0.028778,0.874558,0.012324,0.48391,17.973171,1.398548,35.440468
1214,10.116667,-0.0321,0.915876,0.013774,0.39994,0.24572,86.623131,14.439085,-0.118765,0.90458,0.138711,0.385213,-0.295636,94.358162,14.435631,-0.015246,0.919857,-0.000949,0.391956,-7.111248,114.128922,17.813513,0.090046,0.944128,0.094038,0.302774,-7.691398,135.367035,17.522469,0.012211,0.982745,0.01489,0.183958,-4.920664,149.759689,19.413233,-0.096998,0.752769,0.115131,0.64084,-10.757594,129.728882,15.183999,-0.725459,0.062621,0.523993,-0.441836,-13.470257,129.754807,-1.569724,-0.651708,-0.557724,0.21886,0.465104,-3.612315,117.429688,-17.255728,0.195341,0.244283,-0.652773,-0.689968,4.952309,145.680527,-10.164995,-0.089242,0.920784,0.015566,0.379407,-5.562318,129.944962,20.595274,0.411724,0.9048,0.106735,0.020684,6.253062,132.533768,32.500793,-0.216761,0.462729,0.498028,-0.700618,20.941656,115.856758,31.377951,-0.035446,0.243281,0.621682,-0.743687,19.077991,137.975891,20.730097,0.044063,0.924181,0.148499,0.349135,-6.165816,86.171303,7.503323,0.104868,0.963279,-0.020703,0.24631,-5.36006,51.692505,-3.551756,-0.030097,0.927428,0.038222,0.370824,-15.402308,5.456537,-4.108879,-0.100013,0.893708,-0.088613,0.42829,6.657256,87.074959,21.374849,-0.009469,0.901297,-0.144855,0.408155,10.382563,52.15152,30.213797,-0.0289,0.874562,0.012261,0.483897,5.595137,6.828469,42.934765,-0.030097,0.927428,0.038222,0.370824,-5.161427,0.661397,-14.649148,-0.0289,0.874562,0.012261,0.483897,17.974043,1.395068,35.437622
1215,10.125,-0.031954,0.915838,0.013634,0.400042,0.246638,86.622772,14.44065,-0.118727,0.904587,0.138631,0.385237,-0.291781,94.358002,14.436047,-0.015323,0.919857,-0.000972,0.391954,-7.104697,114.129898,17.811356,0.090036,0.944092,0.094005,0.302899,-7.687502,135.36792,17.518141,0.01214,0.982698,0.014865,0.184218,-4.91681,149.760651,19.408382,-0.097055,0.752723,0.115142,0.640882,-10.753002,129.729156,15.180259,-0.725453,0.062667,0.523985,-0.441848,-13.463415,129.754166,-1.573828,-0.651721,-0.557728,0.218791,0.465113,-3.605371,117.427429,-17.258499,0.195265,0.244267,-0.652775,-0.689993,4.960804,145.677063,-10.164781,-0.089014,0.920776,0.015845,0.379469,-5.557734,129.946426,20.591492,0.411794,0.904816,0.106363,0.020494,6.257421,132.524429,32.499569,-0.216777,0.462679,0.498034,-0.700641,20.94379,115.845551,31.375572,-0.034681,0.243379,0.621117,-0.744162,19.078272,137.964172,20.729879,0.044063,0.924122,0.148422,0.349325,-6.163523,86.172455,7.503519,0.104921,0.96334,-0.020595,0.246055,-5.357498,51.691998,-3.546348,-0.030271,0.927441,0.038037,0.370796,-15.402176,5.456665,-4.111886,-0.100027,0.893741,-0.088596,0.42822,6.656799,87.073082,21.377781,-0.009418,0.901318,-0.144802,0.40813,10.384189,52.149624,30.215788,-0.029317,0.874544,0.012146,0.483906,5.59479,6.825033,42.930538,-0.030271,0.927441,0.038037,0.370796,-5.160786,0.658443,-14.650255,-0.029317,0.874544,0.012146,0.483906,17.97744,1.394773,35.437309
1216,10.133333,-0.031947,0.915816,0.013531,0.400097,0.252023,86.622581,14.441893,-0.118642,0.904584,0.138506,0.385315,-0.285661,94.357872,14.435838,-0.015389,0.919823,-0.000914,0.39203,-7.093691,114.131943,17.807293,0.089946,0.944073,0.093903,0.303016,-7.679984,135.369873,17.515179,0.012057,0.982663,0.014894,0.184408,-4.910912,149.763321,19.402262,-0.097062,0.752863,0.115089,0.640727,-10.744159,129.730728,15.176471,-0.725542,0.062739,0.523903,-0.44179,-13.461308,129.753357,-1.576528,-0.651765,-0.557709,0.218732,0.465101,-3.599822,117.427025,-17.25935,0.195287,0.244257,-0.652766,-0.689999,4.96921,145.675583,-10.164845,-0.089021,0.920773,0.015819,0.379476,-5.549821,129.948563,20.588579,0.412036,0.904736,0.106164,0.020202,6.26514,132.527115,32.496731,-0.216589,0.462477,0.498179,-0.700729,20.943167,115.841522,31.363396,-0.035034,0.242912,0.621749,-0.743771,19.075188,137.965332,20.717499,0.044159,0.924051,0.148355,0.34953,-6.157322,86.171638,7.504047,0.104934,0.963324,-0.020597,0.246112,-5.357004,51.690353,-3.543667,-0.030173,0.927423,0.038204,0.370833,-15.402842,5.455279,-4.109982,-0.099982,0.893777,-0.088629,0.428149,6.661368,87.073532,21.379738,-0.009378,0.901385,-0.14481,0.40798,10.385556,52.149845,30.218184,-0.029264,0.874521,0.012213,0.48395,5.594563,6.825411,42.932903,-0.030173,0.927423,0.038204,0.370833,-5.161049,0.660517,-14.649536,-0.029264,0.874521,0.012213,0.48395,17.97777,1.396096,35.439907
1217,10.141667,-0.032018,0.915789,0.013558,0.400153,0.259613,86.624107,14.443151,-0.118604,0.904583,0.138389,0.385372,-0.279232,94.359314,14.43701,-0.015487,0.919798,-0.00088,0.392085,-7.08375,114.133751,17.804102,0.089943,0.944048,0.093862,0.303108,-7.674448,135.371552,17.511665,0.011923,0.982639,0.014898,0.184544,-4.905123,149.76506,19.397953,-0.097148,0.75291,0.115114,0.640655,-10.737167,129.731735,15.172662,-0.725549,0.062751,0.523842,-0.44185,-13.456887,129.752274,-1.579924,-0.651742,-0.557624,0.218678,0.46526,-3.59262,117.425331,-17.260525,0.194912,0.2437,-0.652994,-0.690086,4.983637,145.670319,-10.16056,-0.089084,0.920812,0.015859,0.379366,-5.543516,129.950729,20.585382,0.412162,0.904692,0.106038,0.020251,6.273895,132.530899,32.490753,-0.216376,0.462413,0.498191,-0.700829,20.947203,115.840912,31.361071,-0.035013,0.242703,0.621708,-0.743874,19.076881,137.962372,20.709824,0.044313,0.923996,0.148286,0.349685,-6.148798,86.17218,7.504508,0.104903,0.963274,-0.020617,0.24632,-5.358663,51.690399,-3.542376,-0.030349,0.927476,0.038141,0.370692,-15.402123,5.454805,-4.108302,-0.099918,0.893815,-0.088657,0.428079,6.668025,87.076035,21.381796,-0.009366,0.901427,-0.144879,0.407863,10.387916,52.151783,30.219793,-0.028822,0.874604,0.012348,0.483823,5.594849,6.82922,42.940384,-0.030349,0.927476,0.038141,0.370692,-5.161947,0.660259,-14.649527,-0.028822,0.874604,0.012348,0.483823,17.972143,1.396839,35.439846
1218,10.15,-0.032054,0.915764,0.013587,0.400206,0.26574,86.625931,14.443748,-0.118538,0.904571,0.138225,0.385479,-0.273803,94.361092,14.437766,-0.015572,0.91975,-0.000804,0.392194,-7.072837,114.135597,17.798603,0.089823,0.944027,0.093854,0.30321,-7.6681,135.373291,17.507637,0.011889,0.982616,0.014906,0.184669,-4.902053,149.767548,19.393072,-0.097172,0.753012,0.115068,0.640539,-10.729037,129.732986,15.167483,-0.725718,0.062927,0.523688,-0.441728,-13.453648,129.751129,-1.584309,-0.651745,-0.557657,0.218646,0.465232,-3.583198,117.423904,-17.260788,0.194992,0.243709,-0.652978,-0.690075,4.991686,145.668991,-10.159589,-0.089088,0.920809,0.015854,0.379371,-5.53671,129.952698,20.581444,0.41224,0.904653,0.10607,0.020278,6.280527,132.533066,32.48695,-0.216143,0.462235,0.498271,-0.700962,20.950954,115.840515,31.357372,-0.034792,0.242546,0.621767,-0.743886,19.076452,137.960648,20.704451,0.044348,0.923979,0.14823,0.349747,-6.141815,86.17363,7.504338,0.104986,0.963219,-0.020654,0.246497,-5.354748,51.690865,-3.539716,-0.030388,0.927446,0.038128,0.370764,-15.406423,5.457058,-4.106088,-0.099872,0.893827,-0.088688,0.428059,6.673295,87.078239,21.383158,-0.009312,0.901408,-0.144883,0.407904,10.389466,52.153717,30.22171,-0.028792,0.87456,0.012323,0.483905,5.591063,6.831157,42.9403,-0.030388,0.927446,0.038128,0.370764,-5.16428,0.662627,-14.645452,-0.028792,0.87456,0.012323,0.483905,17.969336,1.39776,35.442116
1219,10.158333,-0.032036,0.915744,0.013492,0.400257,0.271392,86.62722,14.445172,-0.118531,0.904571,0.138115,0.38552,-0.267305,94.362434,14.43793,-0.015568,0.91974,-0.000744,0.392217,-7.063866,114.136414,17.794147,0.089758,0.944014,0.09387,0.303265,-7.659939,135.374115,17.505577,0.011783,0.9826,0.014832,0.184768,-4.895879,149.768738,19.391127,-0.097217,0.753056,0.115099,0.640474,-10.72054,129.733963,15.164632,-0.725723,0.063025,0.523602,-0.441809,-13.447645,129.751205,-1.58675,-0.651806,-0.557709,0.218595,0.465109,-3.573752,117.420624,-17.258402,0.195059,0.24378,-0.652956,-0.690052,4.999007,145.666748,-10.158707,-0.089084,0.920781,0.015776,0.379444,-5.52849,129.953247,20.578871,0.412378,0.904581,0.106163,0.020191,6.28689,132.534363,32.48605,-0.215953,0.462085,0.498398,-0.701029,20.952404,115.837906,31.35058,-0.034716,0.242542,0.62174,-0.743914,19.0774,137.95752,20.698341,0.044409,0.923974,0.148175,0.349778,-6.135421,86.174545,7.505107,0.104994,0.963239,-0.020616,0.246417,-5.35344,51.69101,-3.5369,-0.030135,0.927429,0.038307,0.370808,-15.404948,5.457201,-4.106072,-0.099819,0.893869,-0.088691,0.427982,6.678205,87.079903,21.385237,-0.009289,0.901404,-0.144878,0.407916,10.391615,52.154644,30.222012,-0.02948,0.87456,0.011973,0.483873,5.591291,6.831896,42.939213,-0.030135,0.927429,0.038307,0.370808,-5.163757,0.664806,-14.647282,-0.02948,0.87456,0.011973,0.483873,17.974138,1.399614,35.447781
1220,10.166667,-0.03193,0.915728,0.013359,0.400306,0.274062,86.625603,14.445749,-0.118506,0.90457,0.138004,0.385571,-0.26231,94.360985,14.437249,-0.015583,0.919722,-0.000752,0.39226,-7.056553,114.137016,17.789444,0.089736,0.943986,0.093929,0.303341,-7.653084,135.374695,17.500288,0.011692,0.982581,0.014794,0.184877,-4.890174,149.769302,19.387606,-0.097301,0.753104,0.115072,0.64041,-10.713342,129.734421,15.159197,-0.725678,0.063094,0.523479,-0.442019,-13.44268,129.748505,-1.591834,-0.651945,-0.557888,0.218514,0.464736,-3.563397,117.413345,-17.256495,0.195316,0.244399,-0.652706,-0.689997,4.999347,145.664047,-10.162983,-0.089112,0.920775,0.01571,0.379454,-5.521794,129.953964,20.573914,0.412714,0.904454,0.105941,0.020195,6.293168,132.536774,32.481148,-0.215895,0.46214,0.498541,-0.700909,20.946342,115.829323,31.348181,-0.034068,0.242857,0.621145,-0.744338,19.081039,137.948059,20.697901,0.044418,0.92397,0.148135,0.349803,-6.13214,86.173775,7.505057,0.104996,0.963297,-0.020546,0.246197,-5.351508,51.689423,-3.534506,-0.030317,0.927493,0.038142,0.370651,-15.401721,5.455387,-4.107796,-0.09979,0.893882,-0.088698,0.42796,6.680263,87.077438,21.386442,-0.00926,0.901397,-0.144841,0.407945,10.391852,52.151859,30.222696,-0.029053,0.874517,0.012162,0.483972,5.590123,6.828052,42.935581,-0.030317,0.927493,0.038142,0.370651,-5.162784,0.660488,-14.650064,-0.029053,0.874517,0.012162,0.483972,17.971348,1.394409,35.442444
1221,10.175,-0.031867,0.915711,0.013287,0.400351,0.277693,86.624901,14.44563,-0.118583,0.90456,0.137922,0.385599,-0.257341,94.360367,14.43647,-0.0155,0.919719,-0.000753,0.392269,-7.053742,114.137878,17.784306,0.089745,0.943966,0.093988,0.30338,-7.646999,135.375671,17.496508,0.011592,0.982574,0.014675,0.184931,-4.884379,149.770096,19.385736,-0.097342,0.753118,0.115046,0.640393,-10.708076,129.736008,15.154992,-0.725591,0.062917,0.523393,-0.442289,-13.437904,129.748398,-1.595955,-0.65202,-0.557997,0.218356,0.464575,-3.553627,117.414597,-17.258533,0.195312,0.244436,-0.652669,-0.69002,5.005954,145.665558,-10.162167,-0.089057,0.920787,0.015743,0.379437,-5.516606,129.954407,20.569826,0.41289,0.90441,0.105662,0.019976,6.299142,132.535126,32.47673,-0.215919,0.462154,0.49858,-0.700864,20.946213,115.822624,31.339237,-0.034055,0.242895,0.621128,-0.74434,19.08341,137.943192,20.690092,0.044417,0.923983,0.148073,0.349797,-6.127894,86.17363,7.504337,0.105026,0.963318,-0.020488,0.246107,-5.348855,51.687943,-3.531161,-0.030372,0.927513,0.038079,0.370605,-15.400489,5.454278,-4.109474,-0.099746,0.893919,-0.088706,0.427892,6.68328,87.076172,21.386921,-0.009252,0.901485,-0.144806,0.407763,10.392481,52.150059,30.222078,-0.028819,0.874564,0.012282,0.483897,5.593934,6.825277,42.932693,-0.030372,0.927513,0.038079,0.370605,-5.162241,0.658265,-14.6519,-0.028819,0.874564,0.012282,0.483897,17.972141,1.391239,35.434868
1222,10.183333,-0.031881,0.915684,0.013209,0.400414,0.283127,86.625023,14.44554,-0.118622,0.904546,0.137897,0.385629,-0.251618,94.360504,14.435148,-0.015519,0.919705,-0.000805,0.392302,-7.0492,114.137817,17.781151,0.089732,0.943947,0.094043,0.303429,-7.642326,135.37558,17.490948,0.011545,0.982564,0.014644,0.184985,-4.880577,149.769943,19.381783,-0.097354,0.753077,0.115019,0.640444,-10.703264,129.735672,15.14984,-0.725587,0.062949,0.523299,-0.442401,-13.430795,129.747467,-1.601484,-0.652003,-0.558095,0.218336,0.46449,-3.542335,117.411896,-17.260033,0.195259,0.244477,-0.652704,-0.689987,5.011094,145.664474,-10.162734,-0.088984,0.920775,0.015659,0.379488,-5.512182,129.954651,20.565023,0.413041,0.904343,0.105648,0.019994,6.302693,132.534103,32.473068,-0.215864,0.462265,0.498759,-0.700681,20.944197,115.816727,31.335756,-0.033473,0.242748,0.620046,-0.745316,19.095531,137.935226,20.689276,0.044462,0.923965,0.148016,0.349861,-6.12149,86.172951,7.503404,0.105058,0.963319,-0.020467,0.246092,-5.346215,51.68634,-3.529462,-0.030273,0.927498,0.038115,0.370646,-15.400286,5.453238,-4.110275,-0.099718,0.893897,-0.08869,0.427946,6.687744,87.077095,21.387676,-0.009214,0.901506,-0.144841,0.407705,10.3951,52.150368,30.221176,-0.02873,0.874596,0.012326,0.483844,5.592741,6.82649,42.933578,-0.030273,0.927498,0.038115,0.370646,-5.161994,0.657101,-14.652601,-0.02873,0.874596,0.012326,0.483844,17.969366,1.392234,35.433296
1223,10.191667,-0.031858,0.915682,0.013206,0.400422,0.287646,86.626442,14.445814,-0.118603,0.904534,0.137822,0.385689,-0.246749,94.361946,14.435511,-0.0155,0.91968,-0.00074,0.392362,-7.042355,114.139381,17.7784,0.089827,0.943938,0.093922,0.303464,-7.635824,135.377167,17.491039,0.011366,0.982568,0.014579,0.184982,-4.870389,149.771149,19.379456,-0.097411,0.75309,0.115012,0.640421,-10.696358,129.737534,15.148761,-0.725552,0.063171,0.52316,-0.442591,-13.4245,129.74762,-1.602465,-0.652032,-0.558168,0.218466,0.464301,-3.530807,117.403267,-17.250788,0.195237,0.244486,-0.652758,-0.689939,5.014228,145.660873,-10.163368,-0.088961,0.920798,0.015686,0.379434,-5.505982,129.955856,20.564646,0.412994,0.904348,0.105797,0.019952,6.310402,132.534363,32.471394,-0.215891,0.462194,0.498683,-0.700774,20.953716,115.818848,31.329887,-0.033667,0.243054,0.619927,-0.745306,19.098,137.937607,20.683197,0.044478,0.92399,0.147954,0.34982,-6.116877,86.174744,7.503568,0.105086,0.963338,-0.020438,0.246008,-5.344701,51.686913,-3.525699,-0.030325,0.927499,0.038142,0.370636,-15.400678,5.454251,-4.108941,-0.099706,0.893882,-0.088683,0.427983,6.692169,87.078133,21.38806,-0.00919,0.901506,-0.144904,0.407683,10.39865,52.151169,30.220964,-0.028958,0.874592,0.012206,0.48384,5.592179,6.82897,42.937798,-0.030325,0.927499,0.038142,0.370636,-5.161986,0.659436,-14.651482,-0.028958,0.874592,0.012206,0.48384,17.970419,1.394989,35.43998
1224,10.2,-0.031954,0.915677,0.013276,0.400423,0.299388,86.628304,14.445825,-0.118695,0.904532,0.137774,0.385682,-0.236799,94.363693,14.435923,-0.015373,0.919692,-0.000755,0.39234,-7.034322,114.13858,17.775141,0.089695,0.943957,0.09397,0.30343,-7.622585,135.376541,17.489328,0.011207,0.982576,0.014539,0.184954,-4.861223,149.771286,19.3778,-0.097512,0.753106,0.115063,0.640378,-10.684625,129.737823,15.146801,-0.725441,0.063141,0.523145,-0.442796,-13.413969,129.746216,-1.604229,-0.652011,-0.558279,0.218472,0.464194,-3.519423,117.398666,-17.249493,0.195198,0.244539,-0.652858,-0.689837,5.017937,145.658707,-10.162558,-0.088994,0.92074,0.015723,0.379565,-5.49392,129.954483,20.562441,0.412836,0.904401,0.10599,0.019793,6.318891,132.533279,32.472675,-0.215769,0.461945,0.498624,-0.701017,20.968298,115.82373,31.322002,-0.03411,0.243092,0.620785,-0.744559,19.09831,137.942383,20.674156,0.044585,0.923981,0.14789,0.349856,-6.10501,86.175484,7.503535,0.105151,0.963263,-0.020524,0.246266,-5.341233,51.686974,-3.524189,-0.030051,0.927446,0.038375,0.370768,-15.404919,5.455947,-4.103856,-0.099654,0.893883,-0.08875,0.427979,6.703786,87.081116,21.388115,-0.009093,0.901563,-0.144946,0.407544,10.40486,52.154255,30.223719,-0.028824,0.8746,0.012227,0.483833,5.590412,6.833055,42.941093,-0.030051,0.927446,0.038375,0.370768,-5.165255,0.664449,-14.646961,-0.028824,0.8746,0.012227,0.483833,17.967299,1.397676,35.442059
1225,10.208333,-0.031867,0.915671,0.013252,0.400445,0.30198,86.630013,14.445189,-0.118663,0.904578,0.137704,0.38561,-0.23283,94.365494,14.435469,-0.01541,0.91974,-0.000731,0.392224,-7.026824,114.138756,17.772665,0.089634,0.94398,0.093978,0.303374,-7.616945,135.376663,17.487257,0.01116,0.982575,0.014467,0.184966,-4.857311,149.77182,19.375212,-0.097459,0.753085,0.115042,0.640414,-10.679097,129.737717,15.14543,-0.725313,0.062847,0.523281,-0.442886,-13.40723,129.747223,-1.605798,-0.652039,-0.55831,0.218261,0.464216,-3.517371,117.404732,-17.258018,0.195286,0.244488,-0.652632,-0.690044,5.023468,145.661331,-10.161493,-0.088936,0.920743,0.015681,0.379574,-5.487051,129.954758,20.559767,0.412923,0.904371,0.105938,0.019607,6.325884,132.532288,32.470154,-0.215872,0.461939,0.49867,-0.700957,20.972414,115.820694,31.312513,-0.034207,0.243172,0.620697,-0.744602,19.104324,137.942551,20.668797,0.044602,0.92398,0.147823,0.349887,-6.102183,86.17852,7.502595,0.105167,0.963215,-0.020518,0.246448,-5.340929,51.68866,-3.521107,-0.030134,0.927431,0.038296,0.370806,-15.405801,5.457926,-4.103626,-0.099689,0.893879,-0.088723,0.427985,6.706143,87.081505,21.387783,-0.009036,0.901584,-0.144991,0.407483,10.410222,52.154793,30.22274,-0.028866,0.874614,0.012215,0.483806,5.590056,6.834727,42.941994,-0.030134,0.927431,0.038296,0.370806,-5.164705,0.665212,-14.644792,-0.028866,0.874614,0.012215,0.483806,17.966852,1.39964,35.442596
1226,10.216667,-0.03185,0.91568,0.013159,0.400427,0.307099,86.630569,14.446086,-0.118699,0.904583,0.137684,0.385595,-0.22689,94.366112,14.43517,-0.01542,0.919742,-0.000781,0.39222,-7.021914,114.139366,17.771152,0.089623,0.943974,0.094027,0.30338,-7.611592,135.377258,17.483624,0.011127,0.982577,0.014394,0.184966,-4.85272,149.7724,19.372894,-0.097528,0.753045,0.115039,0.640451,-10.673879,129.738159,15.14238,-0.725308,0.06277,0.523279,-0.442907,-13.399953,129.746063,-1.609184,-0.652006,-0.558394,0.218218,0.464183,-3.50956,117.405663,-17.262707,0.195357,0.244673,-0.653009,-0.689601,5.026735,145.662766,-10.162757,-0.088855,0.920754,0.015628,0.37957,-5.481793,129.955612,20.556664,0.41265,0.904494,0.105979,0.019459,6.331737,132.531326,32.466854,-0.215672,0.461787,0.498481,-0.701253,20.98855,115.829132,31.303904,-0.035276,0.24283,0.622295,-0.743329,19.103926,137.949753,20.649776,0.044635,0.923981,0.147814,0.349882,-6.097359,86.178673,7.50379,0.105173,0.963241,-0.020501,0.246343,-5.338573,51.688839,-3.520142,-0.030153,0.927462,0.038272,0.370731,-15.403658,5.458155,-4.103248,-0.099646,0.89389,-0.088701,0.427976,6.711556,87.082466,21.388382,-0.008974,0.901607,-0.145007,0.407428,10.413662,52.154846,30.220539,-0.029361,0.8746,0.012036,0.483805,5.588353,6.835109,42.939003,-0.030153,0.927462,0.038272,0.370731,-5.164148,0.664966,-14.645738,-0.029361,0.8746,0.012036,0.483805,17.969168,1.402658,35.444324
1227,10.225,-0.03171,0.915672,0.013038,0.400462,0.308497,86.630608,14.445053,-0.118735,0.904568,0.137607,0.385647,-0.22276,94.366333,14.433267,-0.015318,0.919724,-0.000823,0.392266,-7.018496,114.141098,17.765539,0.089449,0.943982,0.094168,0.303364,-7.603465,135.37912,17.478037,0.01118,0.982592,0.014293,0.184889,-4.850642,149.775101,19.369696,-0.097588,0.753077,0.114997,0.640413,-10.666763,129.740692,15.13647,-0.725326,0.062815,0.523226,-0.442935,-13.394102,129.745926,-1.61489,-0.652023,-0.55852,0.21813,0.464048,-3.501499,117.404404,-17.266138,0.19565,0.244799,-0.653031,-0.689453,5.028577,145.662827,-10.163956,-0.08888,0.92077,0.015703,0.379521,-5.475163,129.956985,20.551264,0.41289,0.904423,0.105685,0.019266,6.339493,132.532578,32.460361,-0.215767,0.461865,0.498549,-0.701124,20.987801,115.823174,31.293869,-0.03528,0.242905,0.62223,-0.743358,19.109987,137.947174,20.642445,0.044635,0.92399,0.147768,0.349878,-6.095605,86.180222,7.502333,0.105169,0.963269,-0.020456,0.246239,-5.338034,51.689411,-3.518636,-0.030284,0.92751,0.038071,0.370618,-15.401743,5.458471,-4.104655,-0.099659,0.893954,-0.088697,0.42784,6.712598,87.080994,21.387774,-0.008897,0.90169,-0.145013,0.407243,10.41703,52.153515,30.219545,-0.029029,0.874525,0.011974,0.483964,5.587567,6.83381,42.936546,-0.030284,0.92751,0.038071,0.370618,-5.1641,0.661245,-14.647118,-0.029029,0.874525,0.011974,0.483964,17.967493,1.395122,35.444927
1228,10.233333,-0.031711,0.915686,0.012996,0.40043,0.313606,86.628685,14.445832,-0.118758,0.904585,0.137537,0.385625,-0.2174,94.364426,14.43346,-0.015345,0.919732,-0.000839,0.392247,-7.012906,114.139984,17.762896,0.089453,0.943992,0.094193,0.303325,-7.598674,135.377975,17.474302,0.01114,0.982607,0.014244,0.184817,-4.845949,149.773895,19.366524,-0.097491,0.753127,0.114804,0.640402,-10.66186,129.739304,15.133154,-0.72529,0.062741,0.523166,-0.443074,-13.390305,129.74263,-1.618029,-0.652077,-0.558623,0.218059,0.463882,-3.494498,117.401543,-17.267593,0.19583,0.244945,-0.652929,-0.689446,5.030481,145.661652,-10.166033,-0.088792,0.920791,0.015665,0.379492,-5.470047,129.956085,20.547729,0.412952,0.904443,0.105324,0.019003,6.345872,132.529495,32.456059,-0.21588,0.462002,0.498451,-0.701068,20.992384,115.81881,31.285307,-0.035626,0.242874,0.622136,-0.743431,19.116116,137.940796,20.632818,0.044689,0.924011,0.147762,0.349818,-6.090982,86.177948,7.503579,0.105169,0.963277,-0.020439,0.246212,-5.337935,51.687355,-3.518364,-0.030187,0.927506,0.038158,0.370628,-15.401283,5.456347,-4.105567,-0.099607,0.894001,-0.088696,0.427755,6.718193,87.079422,21.388086,-0.008839,0.901776,-0.145042,0.407044,10.42015,52.151169,30.217802,-0.029597,0.87458,0.011809,0.483834,5.587389,6.832165,42.936047,-0.030187,0.927506,0.038158,0.370628,-5.164096,0.660411,-14.649063,-0.029597,0.87458,0.011809,0.483834,17.969915,1.397431,35.445847
1229,10.241667,-0.03169,0.915687,0.013001,0.40043,0.319331,86.630424,14.444375,-0.118771,0.904597,0.13748,0.385612,-0.211421,94.36618,14.432207,-0.015356,0.919743,-0.000803,0.39222,-7.005804,114.140305,17.759066,0.089389,0.944008,0.094215,0.303285,-7.59259,135.378296,17.47172,0.011106,0.982617,0.014188,0.184769,-4.841827,149.774582,19.363869,-0.097429,0.7532,0.114704,0.640344,-10.655645,129.739609,15.13043,-0.725291,0.062737,0.523123,-0.443125,-13.387005,129.741852,-1.620272,-0.652092,-0.558701,0.218025,0.463783,-3.489174,117.400551,-17.268387,0.195969,0.245048,-0.652869,-0.689427,5.031408,145.661987,-10.166815,-0.088714,0.92078,0.015566,0.379542,-5.463527,129.956314,20.54471,0.412923,0.904468,0.105248,0.01885,6.351566,132.528534,32.454102,-0.216079,0.461928,0.498333,-0.70114,20.999393,115.819321,31.278769,-0.035677,0.24336,0.622279,-0.74315,19.113817,137.944336,20.63003,0.044678,0.924038,0.147709,0.349771,-6.085276,86.180077,7.502118,0.105229,0.963302,-0.020433,0.246086,-5.333397,51.68829,-3.516166,-0.030004,0.927464,0.038281,0.370737,-15.402138,5.458468,-4.104049,-0.099555,0.894021,-0.088707,0.427723,6.723937,87.080765,21.386633,-0.008822,0.901736,-0.145076,0.407122,10.422536,52.151894,30.215353,-0.028983,0.874565,0.012074,0.483891,5.585898,6.83378,42.935299,-0.030004,0.927464,0.038281,0.370737,-5.163956,0.663855,-14.647176,-0.028983,0.874565,0.012074,0.483891,17.964596,1.396865,35.440369
1230,10.25,-0.031722,0.915709,0.013083,0.400374,0.326888,86.632629,14.442968,-0.118749,0.904621,0.137366,0.385603,-0.204819,94.368324,14.431794,-0.015457,0.919745,-0.00069,0.392212,-6.996127,114.142761,17.754612,0.089476,0.944023,0.094183,0.303224,-7.588772,135.38063,17.469992,0.011024,0.982642,0.014143,0.184643,-4.835295,149.776459,19.361734,-0.097556,0.753191,0.114664,0.640342,-10.650319,129.741394,15.128038,-0.725236,0.062703,0.523065,-0.443287,-13.380933,129.739548,-1.62279,-0.652165,-0.558815,0.217935,0.463584,-3.480209,117.396866,-17.267986,0.19626,0.245097,-0.652724,-0.689464,5.034981,145.660172,-10.167377,-0.088623,0.920814,0.015614,0.379479,-5.458157,129.958847,20.54225,0.412767,0.904522,0.105374,0.018981,6.359105,132.52774,32.450211,-0.216093,0.461958,0.498227,-0.701191,21.012432,115.823074,31.278593,-0.035735,0.243411,0.622118,-0.743265,19.123064,137.945877,20.627094,0.044706,0.924052,0.14767,0.349746,-6.078528,86.182335,7.501454,0.105289,0.963136,-0.020565,0.2467,-5.329811,51.689899,-3.515018,-0.030033,0.927444,0.038257,0.370786,-15.406597,5.461776,-4.098691,-0.099514,0.894011,-0.088777,0.427738,6.732305,87.082932,21.384483,-0.008773,0.901795,-0.14513,0.406973,10.425915,52.154373,30.216534,-0.028867,0.874574,0.012099,0.48388,5.585112,6.837666,42.939903,-0.030033,0.927444,0.038257,0.370786,-5.16708,0.666881,-14.640392,-0.028867,0.874574,0.012099,0.48388,17.962601,1.399693,35.443741
1231,10.258333,-0.031773,0.91573,0.013093,0.400321,0.335797,86.633018,14.44206,-0.118785,0.90464,0.137299,0.385572,-0.196705,94.36866,14.430742,-0.015489,0.919755,-0.00066,0.392187,-6.988061,114.143158,17.750601,0.089409,0.94403,0.094243,0.303202,-7.582457,135.380966,17.466652,0.010977,0.982645,0.0141,0.184632,-4.831336,149.777115,19.359421,-0.097588,0.753241,0.114693,0.640273,-10.643675,129.741562,15.124705,-0.725345,0.062789,0.523074,-0.443087,-13.37707,129.739105,-1.62566,-0.652101,-0.558832,0.217935,0.463654,-3.477234,117.39782,-17.272512,0.19635,0.245195,-0.652722,-0.689406,5.036826,145.660522,-10.168189,-0.08856,0.920821,0.01561,0.379476,-5.451225,129.959274,20.538626,0.412674,0.904553,0.105457,0.01907,6.366497,132.526245,32.446533,-0.216109,0.461902,0.498189,-0.70125,21.023094,115.82428,31.277451,-0.035675,0.243392,0.622194,-0.743211,19.129337,137.946701,20.626652,0.044759,0.924067,0.147674,0.349698,-6.070351,86.181885,7.501279,0.105319,0.963064,-0.020671,0.246959,-5.325652,51.689865,-3.516764,-0.030399,0.927478,0.038163,0.370682,-15.407451,5.462757,-4.094234,-0.099452,0.894032,-0.088829,0.427699,6.741945,87.08416,21.382839,-0.008728,0.901846,-0.145191,0.406838,10.430327,52.155388,30.216213,-0.029143,0.874603,0.012115,0.483811,5.585254,6.840295,42.94371,-0.030399,0.927478,0.038163,0.370682,-5.166942,0.669358,-14.635648,-0.029143,0.874603,0.012115,0.483811,17.964386,1.406672,35.447113
1232,10.266667,-0.031727,0.915748,0.013069,0.400286,0.341079,86.632942,14.441022,-0.118782,0.904666,0.137253,0.385528,-0.19061,94.368637,14.429672,-0.015499,0.919775,-0.000718,0.39214,-6.980137,114.141174,17.747766,0.089191,0.944068,0.094244,0.303148,-7.573973,135.378983,17.461416,0.011003,0.98265,0.014132,0.184601,-4.828877,149.77655,19.352119,-0.097718,0.753233,0.114822,0.64024,-10.635582,129.73938,15.120427,-0.725347,0.062744,0.523075,-0.443088,-13.369572,129.736298,-1.629849,-0.652029,-0.558954,0.217905,0.463623,-3.469557,117.3964,-17.277691,0.196513,0.245251,-0.652775,-0.689289,5.036987,145.660263,-10.168896,-0.088527,0.920794,0.015538,0.379553,-5.442583,129.957581,20.533804,0.412695,0.904515,0.105688,0.019131,6.373349,132.524323,32.443546,-0.216244,0.462014,0.498253,-0.701089,21.029072,115.821732,31.272558,-0.035632,0.243685,0.621756,-0.743483,19.143625,137.94632,20.625713,0.044816,0.924029,0.147624,0.349813,-6.065663,86.182419,7.500745,0.105339,0.96307,-0.02064,0.24693,-5.324723,51.68969,-3.515349,-0.030143,0.927439,0.038316,0.370783,-15.40761,5.462861,-4.095808,-0.099425,0.894057,-0.088887,0.42764,6.74782,87.083473,21.3813,-0.008681,0.901883,-0.145204,0.406752,10.433202,52.155052,30.217331,-0.02911,0.874658,0.012123,0.483713,5.584817,6.840223,42.944508,-0.030143,0.927439,0.038316,0.370783,-5.166882,0.670797,-14.637622,-0.02911,0.874658,0.012123,0.483713,17.961975,1.406268,35.444885
1233,10.275,-0.031631,0.915774,0.012933,0.400238,0.344951,86.632187,14.44114,-0.118853,0.904691,0.13724,0.385452,-0.184543,94.368027,14.428481,-0.015454,0.91981,-0.000781,0.392059,-6.976025,114.139389,17.745363,0.089265,0.944075,0.09425,0.303103,-7.567076,135.377243,17.457352,0.010878,0.982659,0.01409,0.184568,-4.81998,149.774353,19.348669,-0.097752,0.753236,0.114836,0.640229,-10.629843,129.737869,15.117364,-0.725306,0.062958,0.522979,-0.443238,-13.364056,129.734177,-1.632869,-0.652016,-0.559014,0.218051,0.4635,-3.460763,117.385925,-17.272022,0.196456,0.245183,-0.65282,-0.689287,5.037828,145.654175,-10.171291,-0.088435,0.920719,0.015111,0.379773,-5.435878,129.955811,20.529819,0.412918,0.90441,0.105725,0.019074,6.374942,132.524841,32.44413,-0.215966,0.461965,0.498497,-0.701033,21.022554,115.815437,31.268995,-0.035628,0.243413,0.6221,-0.743285,19.14706,137.937637,20.622116,0.044798,0.924054,0.147625,0.349749,-6.062625,86.182251,7.5016,0.105377,0.963064,-0.02064,0.246935,-5.321175,51.689434,-3.51418,-0.030166,0.92745,0.038239,0.370762,-15.407503,5.463371,-4.095555,-0.099365,0.894085,-0.088875,0.427598,6.752528,87.082123,21.38068,-0.008667,0.901862,-0.14522,0.406794,10.434907,52.152699,30.213945,-0.02864,0.874614,0.012288,0.483817,5.584085,6.838304,42.941708,-0.030166,0.92745,0.038239,0.370762,-5.167275,0.669448,-14.637005,-0.02864,0.874614,0.012288,0.483817,17.959169,1.401797,35.440521
1234,10.283333,-0.031545,0.915804,0.01281,0.400181,0.348178,86.630898,14.440409,-0.118739,0.904719,0.137174,0.385445,-0.179323,94.366875,14.426568,-0.015546,0.919805,-0.000773,0.392067,-6.963683,114.134956,17.742086,0.0892,0.944086,0.09419,0.303106,-7.558462,135.372681,17.452868,0.010752,0.982658,0.01411,0.184578,-4.812634,149.770325,19.341955,-0.097652,0.753348,0.114943,0.640093,-10.620195,129.732635,15.113139,-0.725251,0.062692,0.523007,-0.443334,-13.361023,129.732925,-1.636022,-0.651927,-0.559066,0.218008,0.463583,-3.457503,117.39061,-17.279745,0.196252,0.245084,-0.652876,-0.689327,5.038679,145.657791,-10.171844,-0.08844,0.920723,0.015094,0.379763,-5.426366,129.951813,20.525682,0.413181,0.904315,0.105531,0.018937,6.38468,132.52124,32.439701,-0.215815,0.461892,0.498842,-0.700882,21.022869,115.803787,31.261301,-0.035338,0.242621,0.62249,-0.743231,19.160847,137.931442,20.619669,0.044804,0.924083,0.14763,0.349669,-6.060381,86.181496,7.501734,0.105388,0.96322,-0.020518,0.246332,-5.320216,51.688828,-3.514579,-0.030231,0.927485,0.038113,0.370682,-15.405014,5.462489,-4.101027,-0.099317,0.894151,-0.088896,0.427467,6.756737,87.080299,21.379084,-0.008649,0.901835,-0.145192,0.406864,10.436648,52.150448,30.211704,-0.029011,0.874531,0.012027,0.483951,5.584414,6.835246,42.936096,-0.030231,0.927485,0.038113,0.370682,-5.166332,0.665834,-14.642747,-0.029011,0.874531,0.012027,0.483951,17.964211,1.397621,35.443485
1235,10.291667,-0.031525,0.915828,0.012784,0.400128,0.353836,86.629158,14.43917,-0.118715,0.904772,0.137167,0.385331,-0.173223,94.365166,14.425119,-0.01557,0.919861,-0.000814,0.391935,-6.955257,114.130989,17.741207,0.089084,0.944131,0.094118,0.303021,-7.550323,135.368683,17.450052,0.010686,0.982661,0.014132,0.184564,-4.807031,149.767242,19.335785,-0.097661,0.753415,0.114988,0.640005,-10.612671,129.728378,15.111761,-0.725248,0.06255,0.522989,-0.44338,-13.357256,129.728836,-1.636781,-0.651778,-0.559127,0.218124,0.463664,-3.452124,117.390419,-17.282537,0.195992,0.245104,-0.653231,-0.689057,5.036852,145.659302,-10.172771,-0.088576,0.920878,0.015623,0.379334,-5.417297,129.94812,20.522795,0.413347,0.904271,0.105252,0.019011,6.404,132.515686,32.427032,-0.215909,0.461754,0.498816,-0.700963,21.035961,115.79229,31.255957,-0.035286,0.242348,0.622665,-0.743176,19.16609,137.925339,20.617483,0.04481,0.924087,0.147624,0.34966,-6.055543,86.179886,7.501247,0.105414,0.9631,-0.020634,0.246779,-5.316008,51.687126,-3.514858,-0.030244,0.927505,0.038148,0.370627,-15.405613,5.461767,-4.096006,-0.099284,0.894213,-0.088937,0.427336,6.763215,87.078438,21.377092,-0.008567,0.901948,-0.145226,0.406603,10.441058,52.148636,30.210777,-0.028898,0.874535,0.012091,0.48395,5.584221,6.834242,42.936264,-0.030244,0.927505,0.038148,0.370627,-5.167929,0.666194,-14.639184,-0.028898,0.874535,0.012091,0.48395,17.963177,1.396572,35.442303
1236,10.3,-0.031504,0.91584,0.012801,0.4001,0.360125,86.630127,14.437129,-0.118715,0.904797,0.137185,0.385265,-0.166748,94.366142,14.42346,-0.015588,0.919892,-0.000831,0.391861,-6.947968,114.12928,17.740288,0.089087,0.944144,0.093998,0.303018,-7.543471,135.366959,17.448221,0.010501,0.982649,0.014123,0.184638,-4.799024,149.765747,19.330572,-0.097629,0.753456,0.11496,0.639966,-10.60609,129.726486,15.110689,-0.725146,0.062481,0.523039,-0.443497,-13.352549,129.726868,-1.637542,-0.651706,-0.559133,0.21821,0.463717,-3.449362,117.387238,-17.283583,0.195714,0.244987,-0.653043,-0.689356,5.036936,145.657043,-10.174309,-0.088351,0.920918,0.015449,0.379296,-5.409853,129.946579,20.520878,0.41348,0.904228,0.10513,0.018793,6.413763,132.509476,32.423817,-0.21612,0.461755,0.498929,-0.700817,21.041172,115.782585,31.245556,-0.035255,0.24226,0.62252,-0.743328,19.17672,137.922516,20.615938,0.044851,0.924115,0.147553,0.349612,-6.049699,86.18132,7.49959,0.105453,0.963077,-0.020645,0.246854,-5.315315,51.687313,-3.512944,-0.030294,0.927472,0.038147,0.370707,-15.40859,5.462763,-4.094803,-0.099283,0.894256,-0.088965,0.42724,6.769948,87.078926,21.374666,-0.008473,0.901995,-0.145295,0.406475,10.447783,52.149487,30.209774,-0.029067,0.874543,0.01199,0.483927,5.582081,6.836832,42.93808,-0.030294,0.927472,0.038147,0.370707,-5.168614,0.667766,-14.636013,-0.029067,0.874543,0.01199,0.483927,17.961826,1.399049,35.445515
1237,10.308333,-0.031491,0.915838,0.012811,0.400106,0.369372,86.631271,14.436761,-0.118672,0.904796,0.137248,0.385258,-0.15737,94.367302,14.423314,-0.015663,0.919887,-0.000909,0.39187,-6.936787,114.126846,17.742758,0.088926,0.9442,0.093702,0.302982,-7.533934,135.36441,17.446402,0.010418,0.982655,0.014297,0.184596,-4.79127,149.764832,19.318903,-0.097689,0.753503,0.115021,0.639891,-10.596064,129.723221,15.109937,-0.725151,0.062367,0.523114,-0.443416,-13.345417,129.722946,-1.637827,-0.65154,-0.55917,0.218292,0.463867,-3.445073,117.38739,-17.288885,0.195548,0.244996,-0.653137,-0.689311,5.036539,145.657333,-10.17453,-0.088332,0.920971,0.015521,0.379168,-5.399962,129.944824,20.520197,0.413524,0.904216,0.105069,0.018745,6.427075,132.506424,32.420025,-0.216145,0.461599,0.498926,-0.700914,21.05298,115.77829,31.240723,-0.035256,0.242132,0.62262,-0.743285,19.181189,137.920731,20.614222,0.04493,0.924139,0.147504,0.349559,-6.040383,86.182777,7.499135,0.105498,0.963035,-0.020702,0.246994,-5.313178,51.688248,-3.512225,-0.030462,0.927468,0.038112,0.370706,-15.411803,5.464834,-4.091469,-0.099256,0.894316,-0.089002,0.427114,6.779126,87.079773,21.374386,-0.008365,0.902093,-0.145358,0.406238,10.455278,52.150406,30.210495,-0.029466,0.87457,0.011876,0.483857,5.581196,6.839314,42.941139,-0.030462,0.927468,0.038112,0.370706,-5.17029,0.670771,-14.631616,-0.029466,0.87457,0.011876,0.483857,17.963161,1.404398,35.450153
1238,10.316667,-0.031469,0.915863,0.012745,0.400052,0.377128,86.631798,14.436659,-0.118707,0.904812,0.137253,0.385208,-0.148903,94.367874,14.422443,-0.015678,0.919903,-0.000944,0.391832,-6.928881,114.125038,17.741528,0.088854,0.944244,0.093529,0.302921,-7.526056,135.362595,17.443548,0.010344,0.982665,0.014429,0.184537,-4.783837,149.76384,19.31031,-0.097693,0.753536,0.115046,0.639847,-10.588371,129.721207,15.107775,-0.725092,0.062336,0.523215,-0.443397,-13.339602,129.7211,-1.639675,-0.651477,-0.559199,0.218303,0.463915,-3.443807,117.385139,-17.293272,0.195525,0.245085,-0.65322,-0.689207,5.035513,145.655045,-10.176096,-0.088266,0.92097,0.015478,0.379188,-5.391834,129.943237,20.517597,0.413552,0.904189,0.105195,0.018722,6.435082,132.503326,32.417862,-0.216058,0.461499,0.499046,-0.700921,21.059969,115.774536,31.235155,-0.035125,0.241978,0.622633,-0.743331,19.189592,137.917709,20.611322,0.044991,0.924175,0.147503,0.349455,-6.033463,86.183151,7.499818,0.105491,0.963003,-0.02074,0.247117,-5.311596,51.68898,-3.513032,-0.03036,0.927499,0.038154,0.370631,-15.410334,5.465564,-4.0899,-0.099193,0.894353,-0.089023,0.427046,6.787718,87.080452,21.373501,-0.008315,0.902119,-0.145403,0.406164,10.459818,52.150452,30.208801,-0.028472,0.874574,0.012362,0.483898,5.580823,6.84053,42.94175,-0.03036,0.927499,0.038154,0.370631,-5.171376,0.671461,-14.632504,-0.028472,0.874574,0.012362,0.483898,17.956003,1.403486,35.441105
1239,10.325,-0.031363,0.91589,0.012633,0.400002,0.380996,86.629898,14.435518,-0.11879,0.904786,0.137301,0.385228,-0.142838,94.366119,14.420406,-0.015602,0.91988,-0.001065,0.391888,-6.927083,114.122925,17.739891,0.088931,0.944228,0.093386,0.302992,-7.519242,135.360565,17.438429,0.010128,0.982654,0.01447,0.184604,-4.773628,149.761551,19.302145,-0.097781,0.753542,0.115036,0.639828,-10.582587,129.719543,15.103176,-0.725066,0.062328,0.523206,-0.443453,-13.334055,129.716843,-1.644236,-0.651489,-0.559298,0.218252,0.463804,-3.437799,117.380096,-17.296928,0.195727,0.245239,-0.653244,-0.689073,5.036207,145.651382,-10.178893,-0.088206,0.921029,0.015482,0.379059,-5.386677,129.941208,20.513617,0.413784,0.904131,0.104825,0.018505,6.443916,132.499634,32.410587,-0.216145,0.461512,0.499118,-0.700835,21.060629,115.763924,31.22485,-0.035162,0.241777,0.62271,-0.74333,19.194244,137.91069,20.604929,0.044978,0.924203,0.147508,0.349381,-6.03048,86.18222,7.499431,0.105527,0.962988,-0.020759,0.247159,-5.308485,51.68808,-3.51351,-0.03031,0.927462,0.038204,0.370725,-15.41094,5.465469,-4.089952,-0.099167,0.894361,-0.088972,0.427045,6.792471,87.077576,21.371605,-0.008296,0.902081,-0.145444,0.406235,10.464571,52.146553,30.202856,-0.029524,0.874547,0.011892,0.483896,5.581301,6.837723,42.938065,-0.03031,0.927462,0.038204,0.370725,-5.170215,0.672203,-14.631224,-0.029524,0.874547,0.011892,0.483896,17.964575,1.404053,35.448338
1240,10.333333,-0.031272,0.915914,0.012497,0.399958,0.386959,86.627869,14.436126,-0.118869,0.904813,0.137328,0.38513,-0.134734,94.364235,14.419673,-0.015573,0.919924,-0.001161,0.391786,-6.921405,114.118217,17.739273,0.088916,0.944251,0.093305,0.302948,-7.510854,135.355881,17.434607,0.009952,0.982653,0.014482,0.184618,-4.764914,149.757141,19.295736,-0.097882,0.753537,0.115185,0.639793,-10.575449,129.71489,15.100911,-0.725,0.062307,0.523188,-0.443584,-13.327778,129.712753,-1.646359,-0.651516,-0.55942,0.218206,0.463641,-3.430596,117.374146,-17.297009,0.195999,0.245321,-0.653235,-0.688975,5.036335,145.64769,-10.179596,-0.088091,0.920937,0.015085,0.379325,-5.378323,129.936737,20.510178,0.413924,0.904047,0.10502,0.01836,6.446099,132.496262,32.413044,-0.215778,0.461484,0.499391,-0.700772,21.057894,115.756989,31.217131,-0.035325,0.24129,0.622657,-0.743525,19.20406,137.898666,20.595554,0.045009,0.924223,0.147526,0.349316,-6.025287,86.18071,7.500716,0.105526,0.963011,-0.020733,0.24707,-5.305642,51.687157,-3.51419,-0.030317,0.927496,0.038127,0.370645,-15.407387,5.464411,-4.092034,-0.099088,0.894451,-0.088974,0.426875,6.799205,87.07502,21.371534,-0.00825,0.902102,-0.145484,0.406176,10.467843,52.142883,30.199808,-0.029341,0.874583,0.012098,0.483837,5.580015,6.835067,42.936852,-0.030317,0.927496,0.038127,0.370645,-5.168633,0.669104,-14.634294,-0.029341,0.874583,0.012098,0.483837,17.961468,1.403899,35.442299
1241,10.341667,-0.031225,0.915948,0.012401,0.399888,0.39246,86.626137,14.435037,-0.118917,0.904818,0.137368,0.385088,-0.127971,94.362587,14.417548,-0.015428,0.919942,-0.001218,0.39175,-6.915647,114.111961,17.737514,0.088892,0.944268,0.093094,0.302967,-7.4985,135.349808,17.433069,0.009619,0.982638,0.014537,0.184711,-4.751371,149.751633,19.288136,-0.097933,0.753647,0.115289,0.639636,-10.565035,129.709793,15.099566,-0.72498,0.062237,0.523148,-0.443675,-13.323843,129.707642,-1.646642,-0.651555,-0.559535,0.218147,0.463474,-3.424397,117.370049,-17.296665,0.196312,0.245483,-0.653228,-0.688834,5.036308,145.64566,-10.179912,-0.088486,0.921165,0.015914,0.378646,-5.367418,129.929977,20.508429,0.414317,0.903901,0.104693,0.018525,6.472126,132.492203,32.395676,-0.215982,0.461407,0.499405,-0.700749,21.069166,115.739311,31.210501,-0.034748,0.241532,0.621878,-0.744126,19.212357,137.887314,20.596048,0.044943,0.924359,0.147533,0.348963,-6.020909,86.179039,7.500662,0.105568,0.963015,-0.020727,0.247038,-5.300934,51.685188,-3.51333,-0.030201,0.927516,0.038134,0.370604,-15.406346,5.463264,-4.09236,-0.099021,0.894477,-0.089019,0.426826,6.805829,87.073235,21.369411,-0.008237,0.902117,-0.145469,0.406148,10.469243,52.14072,30.198347,-0.029644,0.874519,0.011879,0.483938,5.581236,6.832471,42.933804,-0.030201,0.927516,0.038134,0.370604,-5.169649,0.666822,-14.636099,-0.029644,0.874519,0.011879,0.483938,17.96637,1.400257,35.446091
1242,10.35,-0.031164,0.915959,0.012399,0.399868,0.399415,86.625313,14.433479,-0.118922,0.904823,0.137334,0.385088,-0.120148,94.361824,14.416346,-0.015403,0.919948,-0.001111,0.391737,-6.905821,114.10675,17.73415,0.088946,0.944314,0.092719,0.302925,-7.489474,135.34465,17.43429,0.009332,0.982647,0.014665,0.184671,-4.737485,149.746857,19.279102,-0.098016,0.753699,0.115363,0.639548,-10.555874,129.705017,15.09967,-0.724915,0.062096,0.523104,-0.443852,-13.317913,129.701813,-1.646008,-0.651602,-0.55966,0.218093,0.463283,-3.41562,117.365692,-17.295399,0.196579,0.245636,-0.653289,-0.688646,5.038009,145.643784,-10.18009,-0.088524,0.921139,0.016006,0.378695,-5.358093,129.924225,20.508415,0.414255,0.903848,0.105394,0.01855,6.479941,132.486374,32.39719,-0.21594,0.461347,0.499595,-0.700667,21.079245,115.736259,31.200323,-0.034891,0.241614,0.621222,-0.74464,19.229156,137.884933,20.591846,0.044934,0.924383,0.147485,0.348922,-6.014331,86.17923,7.499386,0.105631,0.963016,-0.020736,0.247007,-5.295447,51.684296,-3.511263,-0.030256,0.927517,0.038115,0.370601,-15.40677,5.46366,-4.090652,-0.099024,0.894467,-0.089037,0.426845,6.813161,87.071404,21.367573,-0.008159,0.902125,-0.145509,0.406118,10.476043,52.139153,30.197807,-0.029442,0.874552,0.012157,0.483886,5.58029,6.831882,42.933784,-0.030256,0.927517,0.038115,0.370601,-5.169648,0.667307,-14.634026,-0.029442,0.874552,0.012157,0.483886,17.963871,1.403672,35.440605
1243,10.358333,-0.031313,0.915973,0.012563,0.399819,0.4134,86.62413,14.431283,-0.118927,0.90485,0.137305,0.385032,-0.109297,94.360435,14.415582,-0.015444,0.919977,-0.000991,0.391666,-6.892999,114.101151,17.731901,0.088904,0.94438,0.092299,0.302859,-7.480272,135.339005,17.4361,0.009126,0.982646,0.014833,0.184671,-4.725678,149.742294,19.268465,-0.098168,0.753768,0.115503,0.639418,-10.546093,129.699295,15.100911,-0.725015,0.062026,0.523016,-0.443803,-13.312769,129.694504,-1.644002,-0.65151,-0.559732,0.21818,0.463284,-3.40599,117.363266,-17.294386,0.196588,0.245718,-0.653306,-0.688598,5.040459,145.643539,-10.179229,-0.088567,0.921117,0.016204,0.37873,-5.347493,129.918365,20.508877,0.414136,0.903883,0.105631,0.018139,6.489395,132.479218,32.399071,-0.216005,0.461104,0.499642,-0.700773,21.09375,115.73497,31.181896,-0.035505,0.241443,0.62168,-0.744284,19.234924,137.887146,20.581305,0.045033,0.924413,0.147414,0.348858,-6.0009,86.176689,7.49779,0.105702,0.962966,-0.020791,0.247167,-5.291191,51.680901,-3.510775,-0.03029,0.927467,0.038272,0.370706,-15.410115,5.461905,-4.088525,-0.098938,0.894473,-0.089175,0.426821,6.827701,87.071579,21.364775,-0.008076,0.902177,-0.145551,0.405988,10.480927,52.139885,30.201197,-0.028922,0.874547,0.012355,0.48392,5.578322,6.833637,42.938168,-0.03029,0.927467,0.038272,0.370706,-5.169802,0.670242,-14.630929,-0.028922,0.874547,0.012355,0.48392,17.958317,1.402927,35.440868
1244,10.366667,-0.031286,0.915999,0.012468,0.399765,0.420248,86.623291,14.432105,-0.118909,0.904874,0.137248,0.385002,-0.101472,94.359657,14.415262,-0.015422,0.919993,-0.000932,0.39163,-6.88109,114.094177,17.728794,0.088822,0.944443,0.092013,0.302772,-7.468529,135.332062,17.435675,0.008961,0.982663,0.014989,0.184578,-4.713623,149.73645,19.258961,-0.098267,0.753955,0.115537,0.639176,-10.534496,129.692612,15.100031,-0.725193,0.061883,0.522918,-0.443646,-13.311028,129.684448,-1.643245,-0.651367,-0.559781,0.218246,0.463396,-3.398893,117.362892,-17.297869,0.196513,0.245761,-0.653446,-0.688471,5.042487,145.643539,-10.178265,-0.088643,0.921079,0.016449,0.378796,-5.33547,129.911057,20.50761,0.414122,0.903866,0.10587,0.017899,6.499267,132.470978,32.400139,-0.216338,0.461037,0.499674,-0.700692,21.104517,115.728546,31.168953,-0.035652,0.241904,0.621358,-0.744396,19.244177,137.8871,20.580866,0.045071,0.924416,0.147422,0.348842,-5.994905,86.175575,7.499421,0.105721,0.962901,-0.020863,0.247405,-5.287759,51.680195,-3.510578,-0.030568,0.927489,0.038252,0.37063,-15.409933,5.461874,-4.084771,-0.098913,0.894457,-0.089202,0.426857,6.835402,87.071007,21.36479,-0.008026,0.902211,-0.14558,0.405903,10.485818,52.139305,30.202335,-0.028966,0.874501,0.012269,0.484002,5.578995,6.833807,42.940323,-0.030568,0.927489,0.038252,0.37063,-5.168617,0.672781,-14.627367,-0.028966,0.874501,0.012269,0.484002,17.960403,1.401615,35.446442
