Frame,Time (Seconds),Hip.rotX,Hip.rotY,Hip.rotZ,Hip.rotW,Hip.posX,Hip.posY,Hip.posZ,Ab.rotX,Ab.rotY,Ab.rotZ,Ab.rotW,Ab.posX,Ab.posY,Ab.posZ,Chest.rotX,Chest.rotY,Chest.rotZ,Chest.rotW,Chest.posX,Chest.posY,Chest.posZ,Neck.rotX,Neck.rotY,Neck.rotZ,Neck.rotW,Neck.posX,Neck.posY,Neck.posZ,Head.rotX,Head.rotY,Head.rotZ,Head.rotW,Head.posX,Head.posY,Head.posZ,LShoulder.rotX,LShoulder.rotY,LShoulder.rotZ,LShoulder.rotW,LShoulder.posX,LShoulder.posY,LShoulder.posZ,LUArm.rotX,LUArm.rotY,LUArm.rotZ,LUArm.rotW,LUArm.posX,LUArm.posY,LUArm.posZ,LFArm.rotX,LFArm.rotY,LFArm.rotZ,LFArm.rotW,LFArm.posX,LFArm.posY,LFArm.posZ,LHand.rotX,LHand.rotY,LHand.rotZ,LHand.rotW,LHand.posX,LHand.posY,LHand.posZ,RShoulder.rotX,RShoulder.rotY,RShoulder.rotZ,RShoulder.rotW,RShoulder.posX,RShoulder.posY,RShoulder.posZ,RUArm.rotX,RUArm.rotY,RUArm.rotZ,RUArm.rotW,RUArm.posX,RUArm.posY,RUArm.posZ,RFArm.rotX,RFArm.rotY,RFArm.rotZ,RFArm.rotW,RFArm.posX,RFArm.posY,RFArm.posZ,RHand.rotX,RHand.rotY,RHand.rotZ,RHand.rotW,RHand.posX,RHand.posY,RHand.posZ,LThigh.rotX,LThigh.rotY,LThigh.rotZ,LThigh.rotW,LThigh.posX,LThigh.posY,LThigh.posZ,LShin.rotX,LShin.rotY,LShin.rotZ,LShin.rotW,LShin.posX,LShin.posY,LShin.posZ,LFoot.rotX,LFoot.rotY,LFoot.rotZ,LFoot.rotW,LFoot.posX,LFoot.posY,LFoot.posZ,RThigh.rotX,RThigh.rotY,RThigh.rotZ,RThigh.rotW,RThigh.posX,RThigh.posY,RThigh.posZ,RShin.rotX,RShin.rotY,RShin.rotZ,RShin.rotW,RShin.posX,RShin.posY,RShin.posZ,RFoot.rotX,RFoot.rotY,RFoot.rotZ,RFoot.rotW,RFoot.posX,RFoot.posY,RFoot.posZ,LToe.rotX,LToe.rotY,LToe.rotZ,LToe.rotW,LToe.posX,LToe.posY,LToe.posZ,RToe.rotX,RToe.rotY,RToe.rotZ,RToe.rotW, RToe.posX, RToe.posY, RToe.posZ
0,0.0,-0.03548,0.967865,0.020382,0.248118,-0.248373,85.854317,18.093119,-0.046406,0.984028,0.099139,0.140384,-0.854419,93.520058,18.26115,-0.043685,0.989416,0.089604,0.105442,-3.388677,114.27739,22.133493,0.050398,0.997161,0.012333,0.054571,-5.596019,134.815079,25.655869,0.102777,0.976364,-0.189778,-0.01163,-3.947785,149.311417,24.229212,-0.033131,0.928557,0.12833,0.346722,-8.936973,128.85202,24.495819,0.295473,-0.616547,0.000605,-0.72977,-22.181211,129.33226,13.087127,0.085566,0.141855,-0.464194,-0.870103,-16.228329,120.263329,-9.248631,0.204777,0.259353,-0.530356,-0.78072,-2.079165,142.527008,-4.769044,-0.035523,0.990168,0.108974,0.080186,-1.686001,129.354935,26.107502,0.31936,0.86357,0.148311,-0.360916,15.53209,130.279495,29.019768,-0.035531,0.125242,0.466362,-0.874962,28.828901,119.241592,11.189238,-0.023374,-0.187806,0.66081,-0.726301,15.732408,139.48848,6.623924,0.057987,0.937095,0.218012,0.266386,-8.449734,85.30497,13.574502,0.085309,0.989899,-0.035718,0.107453,-8.178894,52.751816,-2.353475,-0.05652,0.965558,0.048474,0.249307,-16.577425,6.000903,0.13796,-0.072207,0.94807,-0.107144,0.290636,7.952987,86.403664,22.611734,0.016466,0.907729,-0.19331,0.372006,10.6579,51.371704,31.495804,-0.034494,0.90479,0.020382,0.423969,2.395064,7.387754,47.605667,-0.05652,0.965558,0.048474,0.249307,-9.067931,1.685165,-12.515649,-0.034494,0.90479,0.020382,0.423969,13.655668,2.240881,38.559105
1,0.008333,-0.035478,0.967887,0.020444,0.248027,-0.250605,85.858086,18.096394,-0.046369,0.984039,0.099136,0.140317,-0.856841,93.523788,18.265417,-0.043703,0.989422,0.089594,0.105387,-3.388876,114.277878,22.137379,0.050632,0.997151,0.012397,0.05453,-5.596717,134.815567,25.659382,0.102613,0.976364,-0.189858,-0.01177,-3.941955,149.311386,24.234873,-0.033013,0.928592,0.12838,0.34662,-8.937541,128.852341,24.499865,0.29543,-0.616551,0.000841,-0.729784,-22.184534,129.336517,13.094536,0.085595,0.141693,-0.464194,-0.870127,-16.231886,120.2603,-9.238322,0.204751,0.259312,-0.53031,-0.780773,-2.080133,142.524216,-4.766775,-0.035649,0.990143,0.109225,0.080105,-1.686419,129.355606,26.110765,0.319516,0.863536,0.148428,-0.360812,15.531815,130.284103,29.020933,-0.035365,0.12518,0.466385,-0.874965,28.827444,119.241425,11.192481,-0.023362,-0.187833,0.660869,-0.726241,15.731706,139.487503,6.626213,0.05794,0.937156,0.217988,0.2662,-8.45281,85.309013,13.579276,0.085293,0.989936,-0.035604,0.107167,-8.182462,52.754696,-2.346316,-0.056554,0.965552,0.04845,0.249327,-16.577656,6.002754,0.137055,-0.072172,0.948132,-0.107151,0.290439,7.951599,86.40715,22.61351,0.016429,0.90776,-0.1933,0.371938,10.655793,51.374935,31.496788,-0.034427,0.904812,0.020367,0.423928,2.397707,7.390526,47.607838,-0.056554,0.965552,0.04845,0.249327,-9.067314,1.686643,-12.515924,-0.034427,0.904812,0.020367,0.423928,13.656741,2.242357,38.560059
2,0.016667,-0.035456,0.967902,0.020467,0.247972,-0.2533,85.857689,18.098976,-0.046321,0.984048,0.099131,0.140275,-0.859283,93.523399,18.268465,-0.043661,0.989429,0.089591,0.105349,-3.389324,114.279472,22.140947,0.050503,0.997159,0.012302,0.054523,-5.595274,134.817352,25.663078,0.102642,0.976362,-0.189856,-0.011684,-3.944125,149.313278,24.235594,-0.032968,0.928613,0.128413,0.346556,-8.936659,128.854385,24.503851,0.295499,-0.616606,0.000866,-0.72971,-22.185318,129.340088,13.100524,0.085707,0.141644,-0.464147,-0.870148,-16.236025,120.260025,-9.231663,0.204847,0.259281,-0.530255,-0.780795,-2.08164,142.522339,-4.764915,-0.035463,0.99018,0.108964,0.080077,-1.685364,129.357071,26.114151,0.319497,0.863504,0.148425,-0.360906,15.533489,130.280014,29.022423,-0.035462,0.125125,0.466395,-0.874964,28.826338,119.239296,11.190679,-0.023386,-0.187717,0.66095,-0.726196,15.729849,139.487137,6.628804,0.05798,0.937144,0.217972,0.266246,-8.45605,85.309105,13.582788,0.085229,0.989934,-0.035588,0.107236,-8.18795,52.754616,-2.342506,-0.05656,0.965562,0.048456,0.249287,-16.577133,6.00152,0.139453,-0.072204,0.948097,-0.107119,0.290559,7.949449,86.406273,22.615164,0.016399,0.907701,-0.193292,0.372085,10.655406,51.373886,31.497225,-0.034528,0.904788,0.020409,0.423969,2.397556,7.389083,47.607315,-0.05656,0.965562,0.048456,0.249287,-9.067771,1.685587,-12.514165,-0.034528,0.904788,0.020409,0.423969,13.658589,2.24333,38.560646
3,0.025,-0.035479,0.96792,0.020529,0.247893,-0.254879,85.860504,18.101917,-0.046321,0.984058,0.099107,0.140223,-0.861431,93.526146,18.272295,-0.043559,0.989437,0.089611,0.105294,-3.391058,114.281891,22.143816,0.05054,0.997161,0.012279,0.054447,-5.592698,134.819977,25.667385,0.102629,0.976351,-0.189912,-0.011781,-3.940711,149.315735,24.239141,-0.033004,0.928622,0.12838,0.34654,-8.935351,128.857712,24.508266,0.295416,-0.616711,0.000917,-0.729655,-22.184315,129.341766,13.10522,0.085643,0.141544,-0.4641,-0.870196,-16.241491,120.26088,-9.228356,0.204788,0.259248,-0.530169,-0.78088,-2.083543,142.520813,-4.764215,-0.035492,0.990152,0.109239,0.080038,-1.683751,129.358963,26.117634,0.319661,0.863428,0.148547,-0.360891,15.535252,130.282242,29.024918,-0.035335,0.125056,0.46645,-0.87495,28.823444,119.23777,11.192036,-0.023425,-0.187743,0.660881,-0.72625,15.729113,139.485977,6.630577,0.057937,0.937182,0.217989,0.266109,-8.458337,85.311745,13.587035,0.085202,0.98994,-0.035544,0.107216,-8.189325,52.757435,-2.338608,-0.056472,0.965561,0.048506,0.249301,-16.575474,6.0036,0.139659,-0.072207,0.948073,-0.107067,0.290656,7.948578,86.409256,22.616798,0.01637,0.907721,-0.193317,0.372025,10.654971,51.376106,31.495699,-0.034393,0.904818,0.020411,0.423916,2.399833,7.392129,47.609455,-0.056472,0.965561,0.048506,0.249301,-9.066586,1.688354,-12.514478,-0.034393,0.904818,0.020411,0.423916,13.658473,2.244666,38.56078
4,0.033333,-0.035447,0.967936,0.020555,0.247832,-0.258285,85.86277,18.104738,-0.04622,0.98407,0.099108,0.140172,-0.864444,93.528435,18.275661,-0.043641,0.989439,0.08959,0.105262,-3.389465,114.282784,22.147631,0.050519,0.997167,0.012249,0.054365,-5.594263,134.82074,25.670042,0.102759,0.976351,-0.189834,-0.011893,-3.943097,149.316483,24.240732,-0.032922,0.928628,0.12842,0.346517,-8.936006,128.857849,24.511446,0.295434,-0.616742,0.000998,-0.729621,-22.18569,129.34494,13.109377,0.085696,0.141523,-0.464067,-0.870212,-16.244761,120.260132,-9.223099,0.204953,0.259057,-0.530346,-0.78078,-2.084219,142.520264,-4.760789,-0.035301,0.990185,0.109037,0.079994,-1.684413,129.360367,26.120449,0.319661,0.863389,0.148739,-0.360905,15.535301,130.277832,29.025331,-0.035204,0.124843,0.466435,-0.874994,28.822958,119.237503,11.18948,-0.023236,-0.187901,0.661079,-0.726036,15.725099,139.485245,6.633782,0.057945,0.937145,0.218018,0.266214,-8.46235,85.314682,13.590884,0.085207,0.989933,-0.035548,0.107281,-8.191498,52.761364,-2.336757,-0.056562,0.965555,0.04839,0.249326,-16.578371,6.00765,0.141241,-0.072188,0.948131,-0.107061,0.290472,7.945779,86.410858,22.618591,0.016333,0.907705,-0.193326,0.372061,10.652754,51.377403,31.496155,-0.034535,0.904842,0.02037,0.423855,2.399889,7.393643,47.611668,-0.056562,0.965555,0.04839,0.249326,-9.068042,1.689909,-12.511184,-0.034535,0.904842,0.02037,0.423855,13.65858,2.246904,38.562645
5,0.041667,-0.035445,0.967959,0.02057,0.247743,-0.262202,85.862755,18.10681,-0.046186,0.984082,0.099101,0.140101,-0.868369,93.528412,18.278013,-0.043557,0.989449,0.089601,0.105191,-3.391698,114.283348,22.150183,0.05053,0.997171,0.012231,0.054295,-5.592848,134.821533,25.67355,0.102735,0.976347,-0.189866,-0.011955,-3.941571,149.317215,24.243628,-0.03287,0.928647,0.128429,0.346468,-8.935672,128.859177,24.515308,0.295378,-0.616785,0.001127,-0.729607,-22.18668,129.347855,13.114826,0.085636,0.141392,-0.464131,-0.870205,-16.248386,120.25943,-9.216896,0.204998,0.258882,-0.530292,-0.780863,-2.088897,142.521515,-4.759474,-0.035361,0.990172,0.109169,0.079945,-1.683746,129.36055,26.123175,0.31974,0.863354,0.148622,-0.360967,15.536102,130.279892,29.026722,-0.035141,0.124847,0.466447,-0.874989,28.819054,119.235077,11.190128,-0.023316,-0.187969,0.661053,-0.72604,15.722209,139.482208,6.633018,0.057954,0.937122,0.218064,0.266255,-8.4671,85.314728,13.594455,0.085192,0.989926,-0.035536,0.107361,-8.195219,52.762924,-2.33628,-0.056559,0.965548,0.048356,0.249359,-16.580772,6.008882,0.140109,-0.072194,0.948179,-0.107106,0.290297,7.942698,86.410782,22.619164,0.016326,0.907683,-0.193286,0.372136,10.650689,51.378094,31.499422,-0.034506,0.904805,0.020505,0.423931,2.398515,7.39283,47.611176,-0.056559,0.965548,0.048356,0.249359,-9.069679,1.690199,-12.51155,-0.034506,0.904805,0.020505,0.423931,13.65895,2.249271,38.562508
6,0.05,-0.035449,0.967976,0.02059,0.247674,-0.264008,85.862366,18.108963,-0.046193,0.984089,0.099098,0.14005,-0.870301,93.528008,18.280504,-0.043496,0.989459,0.089577,0.105141,-3.393743,114.283218,22.152687,0.050264,0.997191,0.012033,0.05421,-5.592056,134.821793,25.675503,0.102944,0.976348,-0.189752,-0.011926,-3.948492,149.317719,24.239248,-0.032819,0.928677,0.128385,0.34641,-8.935719,128.859787,24.517859,0.29535,-0.616852,0.001159,-0.729562,-22.188246,129.349274,13.119186,0.085513,0.14127,-0.464154,-0.870225,-16.254074,120.259605,-9.213114,0.204844,0.258688,-0.53017,-0.78105,-2.093859,142.521774,-4.758219,-0.035205,0.990216,0.10887,0.079874,-1.683556,129.360382,26.124907,0.3199,0.863259,0.148938,-0.360924,15.537071,130.275482,29.025137,-0.03502,0.124651,0.466515,-0.874986,28.816473,119.230698,11.185896,-0.023275,-0.188006,0.661058,-0.726026,15.720052,139.480011,6.63447,0.057958,0.937114,0.218086,0.266265,-8.46954,85.314331,13.597769,0.085176,0.98992,-0.035514,0.107432,-8.197337,52.76329,-2.334504,-0.056441,0.965519,0.04843,0.249482,-16.581291,6.008828,0.139331,-0.072197,0.948156,-0.107054,0.290391,7.941525,86.410408,22.620159,0.016321,0.907636,-0.19328,0.372255,10.649999,51.376949,31.497229,-0.034463,0.904743,0.020596,0.424061,2.396278,7.391474,47.607605,-0.056441,0.965519,0.04843,0.249482,-9.068107,1.691408,-12.511513,-0.034463,0.904743,0.020596,0.424061,13.659234,2.249804,38.561005
7,0.058333,-0.035415,0.967993,0.020608,0.24761,-0.269086,85.863327,18.111206,-0.046121,0.9841,0.099089,0.140008,-0.874932,93.528999,18.283175,-0.043445,0.989465,0.089578,0.105107,-3.395033,114.283562,22.155346,0.050323,0.997192,0.012019,0.054145,-5.591123,134.822327,25.67848,0.10294,0.976348,-0.189744,-0.012036,-3.946035,149.318024,24.241789,-0.032788,0.92872,0.12834,0.346314,-8.935441,128.860657,24.521055,0.295612,-0.617079,0.000687,-0.729264,-22.190376,129.350098,13.125181,0.085725,0.141369,-0.463908,-0.870319,-16.270077,120.266151,-9.213135,0.204992,0.258591,-0.530324,-0.780939,-2.098264,142.522736,-4.756766,-0.035084,0.990232,0.108808,0.079813,-1.683105,129.360535,26.127539,0.319862,0.863241,0.148424,-0.361211,15.53816,130.271866,29.025185,-0.035253,0.124686,0.466651,-0.874899,28.808481,119.221878,11.182401,-0.023218,-0.188026,0.661059,-0.726022,15.717794,139.477997,6.63523,0.057908,0.93713,0.218098,0.266208,-8.475254,85.315941,13.601087,0.085144,0.989935,-0.035472,0.107332,-8.200384,52.764858,-2.331048,-0.056581,0.965543,0.048326,0.249378,-16.580717,6.0096,0.140009,-0.072228,0.948125,-0.107019,0.290498,7.937083,86.410713,22.621326,0.016258,0.907617,-0.193287,0.372301,10.647401,51.377029,31.496944,-0.034571,0.904771,0.020578,0.423995,2.3981,7.391587,47.609692,-0.056581,0.965543,0.048326,0.249378,-9.068931,1.690281,-12.511018,-0.034571,0.904771,0.020578,0.423995,13.660743,2.250786,38.56221
8,0.066667,-0.035395,0.968012,0.020606,0.247541,-0.273538,85.864212,18.114172,-0.046067,0.984116,0.099051,0.139938,-0.879066,93.529907,18.286232,-0.043374,0.989474,0.0896,0.10503,-3.396379,114.284828,22.157326,0.050507,0.997184,0.011981,0.054123,-5.589338,134.823685,25.681847,0.102813,0.976353,-0.189788,-0.01207,-3.938954,149.318695,24.244276,-0.032798,0.928729,0.12834,0.346288,-8.934588,128.862473,24.524693,0.295671,-0.617185,0.00058,-0.729151,-22.190128,129.351471,13.129499,0.085686,0.141324,-0.463872,-0.870349,-16.276302,120.268013,-9.21073,0.2049,0.258481,-0.530397,-0.78095,-2.101849,142.523422,-4.755075,-0.035067,0.990231,0.108888,0.07973,-1.68192,129.361389,26.129976,0.319933,0.863208,0.148549,-0.361176,15.539853,130.272217,29.024761,-0.03503,0.124521,0.466622,-0.874947,28.809155,119.221703,11.181545,-0.023056,-0.188196,0.661148,-0.725902,15.715225,139.475906,6.63604,0.05785,0.937129,0.218123,0.266203,-8.48038,85.317139,13.60524,0.085121,0.989937,-0.035446,0.10734,-8.201165,52.766357,-2.327444,-0.056643,0.965554,0.048315,0.249324,-16.579077,6.01055,0.14137,-0.072275,0.948137,-0.106998,0.290455,7.933304,86.411278,22.623104,0.016311,0.907621,-0.193246,0.372309,10.647745,51.377773,31.498163,-0.034638,0.904711,0.020594,0.424115,2.395151,7.390994,47.605568,-0.056643,0.965554,0.048315,0.249324,-9.068069,1.691349,-12.510159,-0.034638,0.904711,0.020594,0.424115,13.660921,2.251544,38.561211
9,0.075,-0.035405,0.968019,0.020646,0.247508,-0.276141,85.864258,18.115267,-0.046015,0.984126,0.099035,0.139899,-0.881961,93.529915,18.287914,-0.043346,0.989481,0.089587,0.10499,-3.396874,114.285446,22.158785,0.050861,0.997164,0.012126,0.054123,-5.588484,134.824509,25.682995,0.102658,0.976349,-0.189885,-0.012184,-3.928044,149.318848,24.250198,-0.032703,0.92878,0.128314,0.346171,-8.934137,128.863449,24.52626,0.295691,-0.617222,0.000601,-0.729111,-22.192728,129.35463,13.134715,0.085711,0.141238,-0.463855,-0.87037,-16.281178,120.269272,-9.205346,0.204863,0.258469,-0.530422,-0.780946,-2.104902,142.523712,-4.754161,-0.034976,0.990233,0.108931,0.079689,-1.681309,129.362015,26.13093,0.319951,0.863197,0.148436,-0.361233,15.540915,130.26973,29.024025,-0.035083,0.124533,0.466685,-0.874909,28.80761,119.21701,11.180242,-0.022992,-0.188158,0.661058,-0.725996,15.716898,139.473099,6.635836,0.057817,0.937155,0.218142,0.266105,-8.483274,85.317184,13.606863,0.085074,0.989955,-0.035423,0.107222,-8.20312,52.766727,-2.326466,-0.056529,0.96556,0.048404,0.249309,-16.576132,6.009999,0.141664,-0.072313,0.948094,-0.106948,0.290604,7.93099,86.411331,22.623672,0.016265,0.907653,-0.193285,0.372214,10.647722,51.377441,31.496519,-0.034631,0.904756,0.020586,0.42402,2.39939,7.391939,47.609604,-0.056529,0.96556,0.048404,0.249309,-9.066566,1.692338,-12.51125,-0.034631,0.904756,0.020586,0.42402,13.663164,2.252131,38.562962
10,0.083333,-0.035409,0.968034,0.020653,0.247446,-0.278531,85.864258,18.118698,-0.04599,0.984133,0.099015,0.139866,-0.884439,93.529907,18.29147,-0.0433,0.989487,0.089574,0.104964,-3.398121,114.286064,22.161818,0.050905,0.997163,0.012037,0.054123,-5.587697,134.825378,25.685757,0.102695,0.976347,-0.189873,-0.012156,-3.925848,149.319321,24.250444,-0.032648,0.928788,0.128299,0.346159,-8.933948,128.864594,24.529346,0.295655,-0.617279,0.000657,-0.729078,-22.192949,129.35733,13.13835,0.08563,0.14115,-0.463869,-0.870385,-16.284927,120.270241,-9.201926,0.204758,0.258422,-0.530459,-0.780964,-2.107838,142.524994,-4.752733,-0.034912,0.990242,0.10893,0.079601,-1.680979,129.362564,26.13356,0.32007,0.863135,0.148647,-0.361188,15.541884,130.268402,29.023382,-0.034985,0.12451,0.466733,-0.874891,28.806423,119.215027,11.178419,-0.023067,-0.188145,0.661016,-0.726035,15.718592,139.470596,6.633332,0.057756,0.937217,0.218179,0.26587,-8.486231,85.317093,13.611342,0.085035,0.989976,-0.035359,0.107079,-8.205165,52.767277,-2.323276,-0.056611,0.965556,0.048402,0.249307,-16.573547,6.009492,0.140476,-0.072313,0.948097,-0.106921,0.290603,7.929169,86.411423,22.626053,0.016238,0.907651,-0.193268,0.372227,10.646427,51.377106,31.497074,-0.034745,0.904762,0.020616,0.423996,2.400796,7.390925,47.609684,-0.056611,0.965556,0.048402,0.249307,-9.063211,1.69246,-12.512188,-0.034745,0.904762,0.020616,0.423996,13.66535,2.253338,38.562756
11,0.091667,-0.035374,0.968053,0.020652,0.247378,-0.282193,85.864738,18.120258,-0.045951,0.984145,0.099008,0.139804,-0.887562,93.530426,18.293184,-0.043243,0.989496,0.089577,0.104901,-3.399286,114.2864,22.16357,0.050889,0.997169,0.011981,0.054042,-5.586281,134.825897,25.68807,0.102779,0.976342,-0.189848,-0.012226,-3.925097,149.319733,24.250961,-0.032467,0.92881,0.128302,0.346117,-8.933298,128.865463,24.532042,0.295613,-0.617325,0.000842,-0.729056,-22.193735,129.363907,13.142964,0.085584,0.141049,-0.463905,-0.870387,-16.288515,120.270706,-9.195571,0.204766,0.25829,-0.530405,-0.781042,-2.111991,142.525894,-4.750182,-0.034866,0.990251,0.108924,0.079514,-1.68006,129.362671,26.135269,0.320161,0.863098,0.148614,-0.361211,15.543398,130.267288,29.021936,-0.034918,0.124461,0.466772,-0.874879,28.804224,119.210175,11.176513,-0.023066,-0.188162,0.661197,-0.725866,15.717515,139.466827,6.632076,0.057727,0.937225,0.218236,0.265801,-8.490568,85.318169,13.614063,0.085011,0.989954,-0.035397,0.107295,-8.207586,52.769936,-2.323748,-0.056347,0.965551,0.048355,0.249395,-16.574659,6.01202,0.141986,-0.072313,0.948087,-0.106891,0.290648,7.926184,86.411316,22.626451,0.016176,0.907577,-0.193256,0.372416,10.643709,51.376545,31.495586,-0.034752,0.904728,0.020636,0.424067,2.400468,7.38973,47.607677,-0.056347,0.965551,0.048355,0.249395,-9.064748,1.69158,-12.509768,-0.034752,0.904728,0.020636,0.424067,13.666582,2.252802,38.562321
12,0.1,-0.035323,0.96808,0.020573,0.247286,-0.288759,85.865791,18.12553,-0.045846,0.984157,0.099006,0.139751,-0.893044,93.531578,18.297541,-0.04323,0.989504,0.089529,0.104871,-3.400118,114.287544,22.168528,0.050951,0.99717,0.011931,0.05398,-5.586276,134.827454,25.691143,0.102884,0.976327,-0.189866,-0.012327,-3.923414,149.320938,24.252554,-0.032533,0.928841,0.128206,0.346063,-8.933546,128.867004,24.535896,0.295557,-0.61738,0.000752,-0.729032,-22.195141,129.361877,13.148004,0.08549,0.140979,-0.463884,-0.870418,-16.293283,120.272865,-9.193129,0.204714,0.258108,-0.530341,-0.78116,-2.114323,142.527359,-4.748214,-0.034747,0.990268,0.108884,0.079417,-1.680194,129.364151,26.138645,0.32022,0.863054,0.148521,-0.361301,15.5441,130.265152,29.02149,-0.034874,0.124456,0.466824,-0.874854,28.799841,119.2052,11.174047,-0.023082,-0.188207,0.661303,-0.725757,15.715168,139.463623,6.629015,0.057664,0.937215,0.218309,0.26579,-8.498059,85.31974,13.620952,0.08502,0.989992,-0.035314,0.106964,-8.209495,52.773266,-2.320358,-0.056402,0.965555,0.048287,0.249381,-16.57579,6.014949,0.140338,-0.072313,0.948118,-0.106856,0.29056,7.920542,86.411842,22.630108,0.016113,0.907539,-0.193228,0.372526,10.639668,51.376534,31.496609,-0.034899,0.904743,0.020593,0.424026,2.400904,7.388496,47.607651,-0.056402,0.965555,0.048287,0.249381,-9.065758,1.693026,-12.510842,-0.034899,0.904743,0.020593,0.424026,13.667497,2.252307,38.562469
13,0.108333,-0.03533,0.968087,0.020603,0.247255,-0.291257,85.865211,18.127018,-0.045857,0.984166,0.099043,0.139661,-0.895755,93.530975,18.299465,-0.042991,0.989539,0.089394,0.104749,-3.403543,114.290009,22.172779,0.050883,0.997177,0.01206,0.053877,-5.578815,134.831787,25.691217,0.102918,0.976298,-0.189992,-0.01237,-3.918463,149.325912,24.256084,-0.032507,0.928899,0.128192,0.345916,-8.92928,128.872696,24.5383,0.295549,-0.617476,0.000803,-0.728953,-22.194496,129.367523,13.154626,0.085474,0.140863,-0.463856,-0.870454,-16.298557,120.275482,-9.18684,0.204703,0.25798,-0.530348,-0.7812,-2.11648,142.528809,-4.746523,-0.034627,0.990266,0.108917,0.079445,-1.675241,129.366714,26.138899,0.320397,0.862933,0.148698,-0.36136,15.549189,130.263351,29.02228,-0.034634,0.124254,0.466907,-0.874848,28.79714,119.201347,11.170331,-0.022891,-0.188229,0.661507,-0.725572,15.714095,139.460968,6.628729,0.05767,0.937217,0.21836,0.26574,-8.500839,85.319153,13.622956,0.084989,0.989994,-0.035333,0.106958,-8.212493,52.774353,-2.32178,-0.056357,0.965555,0.048287,0.249392,-16.57604,6.015649,0.140995,-0.07233,0.948114,-0.106845,0.290572,7.918326,86.41127,22.631081,0.016111,0.90755,-0.193206,0.372512,10.638721,51.375961,31.497183,-0.034658,0.904714,0.020744,0.424101,2.401209,7.387114,47.606655,-0.056357,0.965555,0.048287,0.249392,-9.066174,1.693375,-12.510162,-0.034658,0.904714,0.020744,0.424101,13.66749,2.251815,38.560574
14,0.116667,-0.035278,0.96811,0.020554,0.247178,-0.296365,85.866463,18.129583,-0.045834,0.984178,0.098996,0.139614,-0.899899,93.53231,18.301544,-0.042959,0.98954,0.089464,0.104701,-3.405999,114.289413,22.17272,0.05104,0.997174,0.012008,0.053797,-5.580057,134.83078,25.694296,0.102985,0.976292,-0.189977,-0.012517,-3.915338,149.324265,24.25774,-0.032467,0.928901,0.12819,0.345914,-8.930886,128.871994,24.540884,0.295502,-0.617518,0.000806,-0.728937,-22.196228,129.368057,13.157418,0.085432,0.14083,-0.463816,-0.870485,-16.302851,120.276749,-9.185017,0.204633,0.257982,-0.530325,-0.781234,-2.118087,142.528793,-4.744725,-0.03458,0.990282,0.108849,0.079358,-1.676661,129.365479,26.140795,0.32061,0.862828,0.148966,-0.361312,15.548364,130.261047,29.020939,-0.034461,0.124145,0.467051,-0.874793,28.791285,119.19603,11.167116,-0.022821,-0.18823,0.661669,-0.725426,15.713717,139.459091,6.62685,0.057623,0.937215,0.218357,0.265757,-8.506726,85.32106,13.626864,0.084956,0.990001,-0.03526,0.10694,-8.214981,52.775776,-2.316819,-0.056437,0.965566,0.048219,0.249344,-16.574713,6.016058,0.139633,-0.072373,0.948113,-0.106789,0.290584,7.913997,86.411865,22.632303,0.016112,0.907476,-0.193213,0.372688,10.638432,51.376141,31.49552,-0.034887,0.904671,0.020655,0.424177,2.397458,7.387528,47.603859,-0.056437,0.965566,0.048219,0.249344,-9.065366,1.692466,-12.511381,-0.034887,0.904671,0.020655,0.424177,13.667196,2.252898,38.56171
15,0.125,-0.035268,0.968128,0.020551,0.247106,-0.299788,85.866318,18.131638,-0.045777,0.984186,0.099015,0.139568,-0.903142,93.532181,18.30364,-0.042903,0.989548,0.089437,0.104668,-3.406856,114.289879,22.176186,0.051114,0.997176,0.012002,0.053705,-5.57836,134.83165,25.696968,0.103092,0.97628,-0.189969,-0.012675,-3.911798,149.32489,24.260166,-0.032424,0.928923,0.128302,0.345816,-8.929941,128.873184,24.54409,0.295485,-0.617579,0.000865,-0.728893,-22.19775,129.371567,13.163593,0.085409,0.140731,-0.463781,-0.870521,-16.308092,120.27774,-9.178803,0.204561,0.257904,-0.530272,-0.781314,-2.120344,142.528107,-4.742165,-0.034455,0.99029,0.108859,0.079299,-1.675539,129.365952,26.143425,0.320715,0.862755,0.14903,-0.361367,15.550115,130.25737,29.021109,-0.034396,0.124104,0.467162,-0.874743,28.787685,119.190559,11.164433,-0.022841,-0.188352,0.661688,-0.725376,15.715143,139.455963,6.625081,0.057551,0.937232,0.218417,0.265664,-8.510826,85.321053,13.630136,0.084924,0.989986,-0.035264,0.107111,-8.214619,52.777065,-2.316104,-0.056389,0.96558,0.048205,0.249302,-16.571798,6.01686,0.139634,-0.072348,0.948152,-0.106789,0.290464,7.911252,86.411575,22.633141,0.016029,0.907482,-0.193202,0.372683,10.635061,51.375591,31.495544,-0.034846,0.90472,0.020664,0.424077,2.401732,7.386321,47.606003,-0.056389,0.96558,0.048205,0.249302,-9.064021,1.692405,-12.512018,-0.034846,0.90472,0.020664,0.424077,13.669098,2.251337,38.561096
16,0.133333,-0.035233,0.968143,0.020472,0.247062,-0.305163,85.865112,18.135462,-0.045763,0.984197,0.099013,0.139493,-0.907689,93.531067,18.306448,-0.042695,0.989573,0.089376,0.104568,-3.41088,114.291977,22.179764,0.051176,0.997172,0.011982,0.053709,-5.573183,134.834961,25.699213,0.103015,0.97626,-0.190122,-0.012579,-3.904777,149.327942,24.261961,-0.032359,0.929046,0.128084,0.345575,-8.927463,128.877747,24.547661,0.295297,-0.617472,0.001258,-0.729058,-22.20126,129.374344,13.174076,0.085325,0.140439,-0.463926,-0.8705,-16.30512,120.273636,-9.163794,0.204475,0.257854,-0.53024,-0.781375,-2.121182,142.526642,-4.739845,-0.034318,0.990303,0.108811,0.079264,-1.672485,129.367691,26.145245,0.32088,0.862646,0.149097,-0.361453,15.553689,130.254654,29.021164,-0.034265,0.124009,0.467275,-0.874701,28.782917,119.184372,11.160464,-0.022834,-0.188421,0.661832,-0.725227,15.714957,139.451813,6.622864,0.057521,0.937234,0.218468,0.265622,-8.516659,85.320099,13.634767,0.084833,0.989994,-0.03523,0.107121,-8.2181,52.77747,-2.314201,-0.056402,0.96561,0.048178,0.249187,-16.566423,6.015557,0.139209,-0.072352,0.948113,-0.106675,0.290632,7.906332,86.410133,22.636156,0.015964,0.907484,-0.193202,0.37268,10.631318,51.372421,31.491364,-0.034882,0.904716,0.020667,0.424082,2.40364,7.382968,47.604195,-0.056402,0.96561,0.048178,0.249187,-9.061502,1.690315,-12.513863,-0.034882,0.904716,0.020667,0.424082,13.671467,2.248503,38.559574
17,0.141667,-0.035223,0.96816,0.020442,0.246999,-0.308701,85.863701,18.137541,-0.045754,0.984209,0.098993,0.139425,-0.910955,93.529686,18.308157,-0.042607,0.989584,0.089388,0.104488,-3.413686,114.293182,22.181345,0.051389,0.997166,0.012052,0.053608,-5.572078,134.836395,25.701851,0.103086,0.976234,-0.190202,-0.012764,-3.89793,149.328918,24.266764,-0.03217,0.929139,0.12795,0.34539,-8.927515,128.879745,24.550694,0.295302,-0.617517,0.001346,-0.729018,-22.206205,129.379959,13.18298,0.085423,0.140306,-0.463826,-0.870564,-16.31284,120.275238,-9.153989,0.204457,0.257845,-0.530177,-0.781426,-2.122392,142.524673,-4.737867,-0.034211,0.990313,0.108801,0.079192,-1.672176,129.368484,26.147011,0.321079,0.862534,0.149152,-0.361522,15.554658,130.252045,29.020035,-0.034134,0.123867,0.467452,-0.874631,28.775089,119.176552,11.156053,-0.022703,-0.188523,0.661989,-0.725061,15.713901,139.448471,6.622357,0.057464,0.937272,0.218501,0.265474,-8.520794,85.318687,13.637933,0.084792,0.990021,-0.035189,0.106912,-8.220187,52.776642,-2.312185,-0.056244,0.96563,0.048195,0.249143,-16.563797,6.013796,0.13953,-0.072356,0.948122,-0.106672,0.290604,7.903391,86.408714,22.63715,0.015962,0.9075,-0.193181,0.372653,10.629036,51.371002,31.492142,-0.034878,0.904712,0.020678,0.42409,2.402717,7.380777,47.603561,-0.056244,0.96563,0.048195,0.249143,-9.061573,1.687667,-12.514841,-0.034878,0.904712,0.020678,0.42409,13.670714,2.246545,38.559017
18,0.15,-0.035199,0.968177,0.020464,0.24693,-0.313425,85.86322,18.138805,-0.045714,0.984219,0.099,0.139361,-0.915397,93.529213,18.309887,-0.042529,0.989597,0.089355,0.104423,-3.416216,114.292679,22.18376,0.051499,0.997163,0.012003,0.053566,-5.571041,134.836411,25.703394,0.103157,0.97622,-0.190233,-0.012802,-3.893786,149.328461,24.266962,-0.032322,0.928926,0.128201,0.345855,-8.927531,128.880219,24.553055,0.294974,-0.617736,0.001618,-0.728965,-22.194635,129.380859,13.171843,0.085012,0.140413,-0.463817,-0.870593,-16.31473,120.273148,-9.167469,0.204379,0.257739,-0.529994,-0.781605,-2.123739,142.522858,-4.73536,-0.034118,0.990326,0.10877,0.079123,-1.671893,129.36795,26.148315,0.321204,0.86245,0.149182,-0.361598,15.555541,130.248657,29.01861,-0.034094,0.123784,0.46756,-0.874588,28.76927,119.170235,11.151473,-0.022744,-0.188624,0.662057,-0.724972,15.711916,139.445419,6.620916,0.057425,0.937274,0.218491,0.265483,-8.526184,85.318703,13.640353,0.08476,0.990045,-0.035131,0.106737,-8.223014,52.776028,-2.30843,-0.056272,0.965636,0.048184,0.249114,-16.562586,6.01227,0.139668,-0.072349,0.948114,-0.106621,0.290651,7.899333,86.407738,22.637257,0.015902,0.907473,-0.193175,0.372724,10.625136,51.369167,31.488794,-0.034858,0.904686,0.020687,0.424147,2.402961,7.378542,47.601242,-0.056272,0.965636,0.048184,0.249114,-9.060835,1.68604,-12.514949,-0.034858,0.904686,0.020687,0.424147,13.671938,2.244355,38.557892
19,0.158333,-0.035176,0.968191,0.02045,0.246882,-0.317981,85.863998,18.139786,-0.045643,0.984228,0.099018,0.139311,-0.919545,93.530022,18.310774,-0.042459,0.989606,0.089353,0.104374,-3.417231,114.292999,22.185839,0.05181,0.99715,0.012121,0.053495,-5.568968,134.83699,25.705814,0.103102,0.976201,-0.190346,-0.013015,-3.883117,149.32843,24.273161,-0.032004,0.929214,0.127803,0.34526,-8.926369,128.881241,24.555822,0.295122,-0.617661,0.001451,-0.728969,-22.208569,129.384399,13.192342,0.085277,0.140144,-0.463676,-0.870685,-16.324057,120.279274,-9.146804,0.204255,0.257674,-0.529866,-0.781746,-2.124384,142.521805,-4.733243,-0.033978,0.990337,0.10873,0.079093,-1.670487,129.368011,26.15027,0.321322,0.862339,0.149337,-0.361693,15.55745,130.244141,29.018959,-0.033995,0.12365,0.467642,-0.874566,28.763973,119.165894,11.146399,-0.022794,-0.188786,0.662119,-0.724872,15.709181,139.442657,6.619676,0.057424,0.937256,0.218545,0.265502,-8.531218,85.319809,13.642166,0.084716,0.990043,-0.035137,0.106785,-8.226569,52.778816,-2.310024,-0.056256,0.965631,0.048111,0.249155,-16.562246,6.014398,0.13868,-0.07237,0.948167,-0.106633,0.290467,7.895257,86.40818,22.637405,0.015899,0.907497,-0.193144,0.372682,10.623957,51.370018,31.489689,-0.035035,0.904687,0.020602,0.424135,2.403893,7.378232,47.600044,-0.056256,0.965631,0.048111,0.249155,-9.05969,1.686013,-12.514721,-0.035035,0.904687,0.020602,0.424135,13.674042,2.244066,38.558147
20,0.166667,-0.035179,0.968212,0.02049,0.246797,-0.321998,85.863174,18.142124,-0.045632,0.984243,0.09899,0.139229,-0.923738,93.529167,18.313753,-0.04238,0.989619,0.089343,0.104284,-3.420668,114.293961,22.188204,0.051908,0.99715,0.012066,0.053413,-5.568786,134.838303,25.708342,0.103225,0.976184,-0.190364,-0.013095,-3.880277,149.329269,24.274094,-0.032128,0.928994,0.128112,0.345723,-8.927261,128.883011,24.559078,0.294871,-0.617875,0.001691,-0.728889,-22.197992,129.388214,13.182284,0.084968,0.140275,-0.463628,-0.870719,-16.326626,120.278999,-9.158659,0.204259,0.257563,-0.529788,-0.781834,-2.124901,142.520996,-4.730288,-0.033893,0.990345,0.108772,0.07898,-1.671,129.368774,26.152113,0.321459,0.862252,0.149433,-0.36174,15.557768,130.242233,29.016649,-0.033884,0.123436,0.46772,-0.874559,28.758257,119.161621,11.141096,-0.022724,-0.188965,0.66231,-0.724652,15.704158,139.440964,6.621104,0.057383,0.937266,0.218575,0.265452,-8.536022,85.319077,13.645926,0.084679,0.990052,-0.035109,0.10674,-8.228842,52.778698,-2.307475,-0.056304,0.965647,0.048133,0.249075,-16.560635,6.013489,0.139323,-0.072366,0.948205,-0.10661,0.290352,7.892025,86.407265,22.638325,0.015862,0.907482,-0.193161,0.372712,10.622014,51.368713,31.488625,-0.03496,0.904687,0.020643,0.424138,2.404042,7.377443,47.601452,-0.056304,0.965647,0.048133,0.249075,-9.059629,1.68603,-12.51532,-0.03496,0.904687,0.020643,0.424138,13.673676,2.243409,38.55883
21,0.175,-0.035178,0.968226,0.020449,0.246746,-0.32552,85.862007,18.1444,-0.045592,0.984251,0.098996,0.139179,-0.927086,93.528038,18.315439,-0.042296,0.989629,0.089337,0.104232,-3.422232,114.293335,22.190607,0.051957,0.997156,0.012097,0.053236,-5.566627,134.838028,25.710985,0.10347,0.976161,-0.190328,-0.013372,-3.877337,149.328964,24.277369,-0.032028,0.92901,0.128154,0.345675,-8.926195,128.883286,24.562124,0.294961,-0.618185,0.001353,-0.72859,-22.198318,129.391983,13.187124,0.085008,0.140304,-0.463261,-0.870906,-16.34593,120.287704,-9.160803,0.204062,0.257553,-0.529749,-0.781915,-2.12592,142.518402,-4.728853,-0.033777,0.99035,0.108766,0.078966,-1.669668,129.367874,26.154291,0.321528,0.862167,0.149475,-0.361864,15.559445,130.237411,29.017908,-0.033834,0.123291,0.467808,-0.874534,28.753258,119.156853,11.137398,-0.022645,-0.189065,0.662495,-0.72446,15.701452,139.438828,6.622751,0.057377,0.937275,0.218611,0.26539,-8.540015,85.317703,13.649093,0.084624,0.990058,-0.035095,0.106734,-8.232755,52.7784,-2.306491,-0.056253,0.965652,0.048188,0.249056,-16.559235,6.01221,0.139612,-0.07241,0.948234,-0.106555,0.290267,7.888974,86.406319,22.639706,0.015915,0.907391,-0.193206,0.372906,10.62398,51.367371,31.486919,-0.03495,0.904635,0.020668,0.424249,2.396353,7.377925,47.599796,-0.056253,0.965652,0.048188,0.249056,-9.059165,1.685841,-12.515956,-0.03495,0.904635,0.020668,0.424249,13.668192,2.244483,38.559593
22,0.183333,-0.035146,0.968243,0.02043,0.246683,-0.329638,85.860359,18.146038,-0.045615,0.984262,0.09898,0.139104,-0.93065,93.526436,18.316963,-0.042184,0.989644,0.089334,0.104139,-3.426623,114.293686,22.191851,0.052065,0.997154,0.012108,0.053159,-5.566071,134.838791,25.712793,0.103584,0.97614,-0.19037,-0.013445,-3.873914,149.329422,24.279509,-0.031939,0.929006,0.12853,0.345553,-8.927101,128.88475,24.56459,0.294777,-0.618077,0.00194,-0.728755,-22.202358,129.400345,13.193551,0.084918,0.140013,-0.46342,-0.870877,-16.343433,120.282074,-9.146957,0.203939,0.257529,-0.52967,-0.782008,-2.128084,142.515747,-4.727677,-0.033604,0.990376,0.108635,0.078894,-1.670145,129.367844,26.155266,0.321613,0.862094,0.149495,-0.361953,15.559779,130.23204,29.015627,-0.033883,0.123202,0.467912,-0.874489,28.747654,119.150009,11.131646,-0.022727,-0.189219,0.662396,-0.724508,15.699744,139.435318,6.622481,0.057282,0.937322,0.218631,0.265231,-8.544757,85.316505,13.651815,0.08459,0.990069,-0.035044,0.106678,-8.233344,52.777065,-2.303412,-0.056287,0.965668,0.048209,0.248986,-16.556049,6.00999,0.138721,-0.072381,0.948187,-0.106504,0.290448,7.885481,86.404213,22.640261,0.015813,0.907331,-0.193217,0.373051,10.617879,51.36417,31.483948,-0.034967,0.904637,0.020717,0.42424,2.396102,7.374814,47.600048,-0.056287,0.965668,0.048209,0.248986,-9.05744,1.684406,-12.51798,-0.034967,0.904637,0.020717,0.42424,13.668111,2.242848,38.559216
23,0.191667,-0.035163,0.968256,0.020415,0.246631,-0.33342,85.858467,18.147085,-0.045544,0.98427,0.098997,0.139063,-0.934608,93.524536,18.317751,-0.042141,0.989651,0.089309,0.104108,-3.427523,114.291679,22.193859,0.051799,0.997173,0.012003,0.053088,-5.564968,134.837128,25.714033,0.103873,0.976124,-0.190298,-0.013411,-3.880605,149.328308,24.277164,-0.031596,0.929313,0.12814,0.344904,-8.926587,128.883316,24.56633,0.294956,-0.617988,0.001762,-0.728758,-22.218298,129.402084,13.214673,0.085215,0.139714,-0.463291,-0.870965,-16.353861,120.286034,-9.125299,0.203863,0.257395,-0.529659,-0.78208,-2.129623,142.513672,-4.726673,-0.033516,0.9904,0.108479,0.078847,-1.669479,129.36586,26.156479,0.321823,0.861949,0.149411,-0.362146,15.560911,130.227661,29.014763,-0.033824,0.12304,0.46814,-0.874392,28.735138,119.138908,11.124889,-0.022651,-0.189397,0.662526,-0.724345,15.695608,139.431366,6.62221,0.057232,0.937349,0.218688,0.265096,-8.548999,85.314217,13.653752,0.08457,0.990075,-0.035036,0.106635,-8.235359,52.776176,-2.304283,-0.056328,0.965666,0.048138,0.248996,-16.556034,6.008735,0.137724,-0.072401,0.948208,-0.106451,0.290394,7.882158,86.402718,22.640419,0.015788,0.907366,-0.193274,0.372938,10.617603,51.362068,31.480751,-0.034873,0.90469,0.020723,0.424134,2.398018,7.374734,47.603504,-0.056328,0.965666,0.048138,0.248996,-9.056819,1.681511,-12.518056,-0.034873,0.90469,0.020723,0.424134,13.667019,2.241642,38.559566
24,0.2,-0.035158,0.968285,0.020304,0.24653,-0.336277,85.857178,18.15267,-0.045587,0.984284,0.098929,0.138996,-0.936962,93.523315,18.321764,-0.042074,0.98966,0.08932,0.104039,-3.430916,114.290169,22.194799,0.05226,0.99715,0.012038,0.053065,-5.565375,134.83577,25.715893,0.103769,0.976123,-0.190349,-0.013559,-3.86781,149.325577,24.280706,-0.03155,0.929346,0.127875,0.344918,-8.927878,128.882401,24.568527,0.294904,-0.618087,0.001692,-0.728695,-22.219351,129.399506,13.216521,0.085144,0.139693,-0.463236,-0.871005,-16.361015,120.28614,-9.126147,0.203854,0.257293,-0.529663,-0.782113,-2.133256,142.512268,-4.726031,-0.033432,0.990412,0.10845,0.078769,-1.670473,129.364029,26.157591,0.321917,0.861881,0.149362,-0.362245,15.560542,130.223297,29.01285,-0.033725,0.122894,0.468219,-0.874374,28.728241,119.131454,11.120089,-0.022563,-0.189643,0.662612,-0.724205,15.690109,139.426804,6.621541,0.057225,0.93735,0.218802,0.265003,-8.5528,85.312439,13.661125,0.08454,0.990098,-0.034992,0.106462,-8.237988,52.777939,-2.304113,-0.056355,0.965682,0.048062,0.248943,-16.555006,6.009727,0.135509,-0.072416,0.94829,-0.106423,0.290132,7.880247,86.401917,22.644217,0.015903,0.907472,-0.193282,0.372672,10.619751,51.360989,31.482204,-0.035227,0.90471,0.020407,0.424078,2.394649,7.374272,47.603821,-0.056355,0.965682,0.048062,0.248943,-9.05696,1.680502,-12.520279,-0.035227,0.90471,0.020407,0.424078,13.664829,2.237472,38.563461
25,0.208333,-0.035096,0.968289,0.020347,0.246519,-0.34513,85.854515,18.148565,-0.045473,0.984291,0.099004,0.13893,-0.945047,93.520699,18.318541,-0.041973,0.989675,0.089296,0.103959,-3.434721,114.289833,22.196012,0.052347,0.997149,0.012057,0.052992,-5.564633,134.835968,25.716738,0.103888,0.976113,-0.190328,-0.013627,-3.864806,149.325562,24.282104,-0.031369,0.929433,0.127963,0.344668,-8.928476,128.883194,24.570185,0.295063,-0.61813,0.00161,-0.728595,-22.226372,129.406021,13.225961,0.085284,0.139557,-0.463109,-0.87108,-16.370634,120.290138,-9.116358,0.203724,0.257175,-0.529714,-0.782151,-2.135342,142.511429,-4.72516,-0.033371,0.990416,0.108475,0.078716,-1.670696,129.363495,26.157942,0.322115,0.861776,0.14973,-0.362167,15.560752,130.220795,29.011187,-0.033511,0.122694,0.468289,-0.874373,28.724894,119.128227,11.116261,-0.022524,-0.189766,0.662652,-0.724136,15.688197,139.423935,6.621724,0.057168,0.93737,0.218687,0.265039,-8.561838,85.311104,13.657199,0.084502,0.990155,-0.034887,0.105998,-8.244842,52.772476,-2.299568,-0.056517,0.96565,0.048208,0.249,-16.55607,6.002939,0.134458,-0.072478,0.948225,-0.1064,0.290336,7.871579,86.397934,22.639933,0.015809,0.907421,-0.193282,0.3728,10.61394,51.357304,31.478188,-0.035321,0.904707,0.020437,0.424075,2.394672,7.37032,47.602039,-0.056517,0.96565,0.048208,0.249,-9.054789,1.679281,-12.521317,-0.035321,0.904707,0.020437,0.424075,13.665854,2.235502,38.561798
26,0.216667,-0.03508,0.968297,0.020387,0.246485,-0.350659,85.854233,18.148893,-0.045428,0.984297,0.099021,0.138894,-0.950493,93.520401,18.319548,-0.041874,0.989684,0.089297,0.103916,-3.438236,114.28968,22.198137,0.052367,0.997151,0.011984,0.052949,-5.563892,134.836166,25.719475,0.104018,0.976107,-0.190285,-0.01364,-3.863528,149.325485,24.282656,-0.031279,0.929466,0.127944,0.344595,-8.928982,128.884033,24.573158,0.294994,-0.618214,0.001652,-0.728552,-22.22884,129.40921,13.231343,0.085239,0.139442,-0.463074,-0.871122,-16.378256,120.292686,-9.112066,0.20372,0.257047,-0.529639,-0.782245,-2.139796,142.512039,-4.72471,-0.033342,0.990406,0.108629,0.078643,-1.670945,129.362946,26.160168,0.322273,0.86168,0.149959,-0.362159,15.560972,130.219101,29.010931,-0.033386,0.122589,0.468341,-0.874365,28.720327,119.125328,11.113226,-0.022594,-0.189753,0.662754,-0.724044,15.685229,139.421402,6.620559,0.057201,0.937341,0.218693,0.265128,-8.567693,85.311264,13.658068,0.084429,0.990155,-0.034889,0.10605,-8.251287,52.773117,-2.299696,-0.056535,0.96568,0.048264,0.248872,-16.555899,6.002438,0.134847,-0.0725,0.948285,-0.106413,0.290131,7.866376,86.397202,22.639719,0.015811,0.907388,-0.19327,0.372885,10.61184,51.356995,31.478697,-0.034959,0.90466,0.020791,0.424189,2.391369,7.36956,47.600727,-0.056535,0.96568,0.048264,0.248872,-9.057682,1.680343,-12.523277,-0.034959,0.90466,0.020791,0.424189,13.662592,2.239396,38.557892
27,0.225,-0.035086,0.968317,0.020415,0.246405,-0.356404,85.853851,18.148561,-0.045317,0.984311,0.099058,0.138799,-0.956415,93.519997,18.319666,-0.041868,0.989693,0.089297,0.103828,-3.43935,114.289093,22.200611,0.052467,0.997151,0.011882,0.052882,-5.564444,134.835602,25.722143,0.104126,0.976112,-0.1902,-0.013692,-3.861272,149.324295,24.282383,-0.031149,0.92953,0.127874,0.34446,-8.929719,128.883453,24.576473,0.29495,-0.618276,0.001635,-0.728517,-22.23312,129.411346,13.238931,0.085207,0.139316,-0.463017,-0.871175,-16.386322,120.295883,-9.105912,0.203638,0.256945,-0.529636,-0.782302,-2.14349,142.512466,-4.72311,-0.033249,0.990407,0.108693,0.078578,-1.671402,129.362396,26.162195,0.322326,0.861629,0.149964,-0.362232,15.561093,130.215393,29.010439,-0.033352,0.122522,0.468421,-0.874333,28.71616,119.120811,11.110072,-0.022525,-0.189846,0.662761,-0.724016,15.683712,139.41954,6.619812,0.05712,0.937375,0.218774,0.264959,-8.574181,85.310867,13.659085,0.084415,0.990165,-0.034904,0.105972,-8.253547,52.774609,-2.302444,-0.056325,0.965682,0.048287,0.248907,-16.556787,6.003797,0.134335,-0.072513,0.948335,-0.106462,0.289945,7.861372,86.396828,22.638037,0.015824,0.907482,-0.19327,0.372657,10.608393,51.357513,31.480068,-0.035381,0.904747,0.020481,0.423984,2.390826,7.370117,47.60368,-0.056325,0.965682,0.048287,0.248907,-9.05973,1.680653,-12.524126,-0.035381,0.904747,0.020481,0.423984,13.660955,2.237138,38.561073
28,0.233333,-0.035088,0.968335,0.020478,0.246325,-0.35938,85.853683,18.148937,-0.045329,0.984319,0.09908,0.138724,-0.959638,93.519791,18.321024,-0.041791,0.989704,0.089307,0.103747,-3.443033,114.28994,22.203253,0.052551,0.997149,0.011896,0.052837,-5.564662,134.836639,25.725716,0.104221,0.976097,-0.190222,-0.013708,-3.859217,149.325104,24.286398,-0.031087,0.929547,0.127869,0.344421,-8.930963,128.884995,24.580488,0.294997,-0.618372,0.001548,-0.728417,-22.23543,129.414627,13.244287,0.085217,0.13925,-0.462954,-0.871218,-16.394518,120.299484,-9.10222,0.203557,0.256934,-0.52977,-0.782236,-2.147734,142.513748,-4.722243,-0.033161,0.99041,0.108753,0.078496,-1.672298,129.362885,26.16493,0.322392,0.861584,0.14988,-0.362316,15.560852,130.212997,29.010057,-0.033366,0.122499,0.468512,-0.874287,28.71077,119.115425,11.107767,-0.022523,-0.189875,0.662851,-0.723926,15.682287,139.416977,6.619233,0.057061,0.937428,0.218822,0.264746,-8.577886,85.310921,13.660778,0.084446,0.990183,-0.034877,0.105784,-8.25595,52.775703,-2.302858,-0.056452,0.965649,0.048241,0.249014,-16.561371,6.005207,0.132559,-0.072538,0.948355,-0.10647,0.28987,7.859127,86.396446,22.637098,0.01578,0.907473,-0.1933,0.372664,10.608368,51.357521,31.479982,-0.035383,0.904774,0.020429,0.423927,2.393375,7.371095,47.607552,-0.056452,0.965649,0.048241,0.249014,-9.060342,1.681956,-12.523506,-0.035383,0.904774,0.020429,0.423927,13.662195,2.236744,38.564102
29,0.241667,-0.035103,0.968342,0.020544,0.246293,-0.36405,85.852524,18.148466,-0.045269,0.984331,0.09909,0.138652,-0.964779,93.51857,18.321487,-0.041736,0.989715,0.089312,0.10366,-3.445472,114.289032,22.204729,0.052633,0.997148,0.011882,0.052773,-5.564559,134.835892,25.72784,0.104318,0.976096,-0.190172,-0.013754,-3.856926,149.324066,24.28812,-0.031033,0.929559,0.127883,0.344389,-8.93162,128.884567,24.583153,0.294964,-0.618458,0.001525,-0.728357,-22.236979,129.41597,13.24808,0.085179,0.139195,-0.462891,-0.871264,-16.401386,120.301392,-9.100044,0.203504,0.256878,-0.529779,-0.782262,-2.150924,142.512924,-4.721147,-0.03308,0.990413,0.108789,0.078439,-1.672621,129.361755,26.166271,0.322488,0.861517,0.150043,-0.362322,15.561029,130.209167,29.009161,-0.033238,0.122347,0.468572,-0.874281,28.707689,119.111549,11.104509,-0.022331,-0.189862,0.662953,-0.723842,15.680857,139.413452,6.619939,0.057004,0.937477,0.21886,0.264552,-8.582832,85.309769,13.660815,0.084419,0.990195,-0.034866,0.105694,-8.259532,52.775257,-2.304231,-0.056465,0.965633,0.048217,0.249079,-16.562065,6.004256,0.131227,-0.072565,0.948369,-0.106478,0.289815,7.854733,86.395287,22.636118,0.015752,0.907518,-0.193292,0.372561,10.6062,51.35677,31.479935,-0.034826,0.904764,0.020732,0.423981,2.395723,7.369989,47.608837,-0.056465,0.965633,0.048217,0.249079,-9.059269,1.680512,-12.523623,-0.034826,0.904764,0.020732,0.423981,13.661239,2.236427,38.560822
30,0.25,-0.035035,0.968362,0.020506,0.246224,-0.371281,85.850639,18.147787,-0.045232,0.984336,0.099121,0.138603,-0.970848,93.516777,18.320549,-0.041624,0.989724,0.08932,0.103611,-3.450063,114.287949,22.205582,0.052705,0.997146,0.011873,0.052739,-5.564375,134.835129,25.729614,0.104402,0.976085,-0.190179,-0.013772,-3.854773,149.323059,24.289675,-0.030977,0.929577,0.12785,0.344357,-8.932834,128.884567,24.585135,0.294966,-0.618538,0.0015,-0.728288,-22.239077,129.417236,13.251146,0.085073,0.139103,-0.462861,-0.871305,-16.408381,120.302322,-9.098132,0.203268,0.256777,-0.529707,-0.782406,-2.154924,142.512512,-4.720363,-0.033031,0.990417,0.108809,0.078387,-1.673542,129.360168,26.167402,0.322493,0.861502,0.149808,-0.362452,15.56051,130.206039,29.008368,-0.033296,0.122414,0.468613,-0.874247,28.702343,119.105209,11.102152,-0.022444,-0.189922,0.663033,-0.72375,15.677515,139.409607,6.61605,0.057028,0.937447,0.218886,0.26463,-8.590793,85.308899,13.66134,0.084298,0.990189,-0.034903,0.105839,-8.267296,52.775444,-2.305856,-0.056533,0.965665,0.048237,0.248935,-16.559196,6.002736,0.133091,-0.07269,0.948377,-0.106582,0.289721,7.848231,86.39238,22.634235,0.015877,0.907667,-0.193252,0.372214,10.606885,51.356792,31.487423,-0.034897,0.904806,0.020785,0.423883,2.393231,7.368917,47.611732,-0.056533,0.965665,0.048237,0.248935,-9.059409,1.679954,-12.523878,-0.034897,0.904806,0.020785,0.423883,13.657711,2.237572,38.561161
31,0.258333,-0.035042,0.968393,0.02048,0.246105,-0.376107,85.849396,18.148233,-0.045192,0.984352,0.099139,0.138493,-0.975655,93.515549,18.32066,-0.041597,0.989735,0.089334,0.103507,-3.452792,114.285866,22.206757,0.052824,0.997144,0.011868,0.052658,-5.565678,134.833038,25.731703,0.104483,0.976084,-0.190134,-0.013852,-3.852896,149.320572,24.291664,-0.030894,0.929599,0.127833,0.344311,-8.934575,128.882599,24.587812,0.29488,-0.618619,0.001521,-0.728254,-22.242109,129.417557,13.255464,0.084964,0.138988,-0.462844,-0.871343,-16.416401,120.30336,-9.09539,0.203131,0.256738,-0.529731,-0.782438,-2.160131,142.512726,-4.719849,-0.03297,0.99043,0.108738,0.078337,-1.674933,129.357941,26.168533,0.322624,0.861422,0.149901,-0.362486,15.559525,130.202072,29.007483,-0.033164,0.122323,0.468718,-0.874209,28.695875,119.098831,11.098762,-0.022354,-0.19,0.66312,-0.723652,15.674604,139.406113,6.613918,0.056969,0.937494,0.218929,0.264444,-8.596704,85.30735,13.663821,0.084241,0.990213,-0.034861,0.105672,-8.271499,52.774769,-2.305119,-0.05647,0.965681,0.048264,0.248883,-16.557249,6.000867,0.131867,-0.072663,0.948381,-0.106437,0.289767,7.84449,86.391434,22.632645,0.015828,0.907595,-0.193341,0.372345,10.603964,51.35331,31.475521,-0.034903,0.904745,0.020745,0.424013,2.389127,7.368538,47.607674,-0.05647,0.965681,0.048264,0.248883,-9.059409,1.67826,-12.526306,-0.034903,0.904745,0.020745,0.424013,13.656105,2.236329,38.560711
32,0.266667,-0.035027,0.968399,0.020577,0.246075,-0.380564,85.85009,18.145618,-0.045163,0.984355,0.099189,0.138446,-0.980252,93.516197,18.319555,-0.041537,0.989741,0.089356,0.103452,-3.4563,114.286545,22.208092,0.052926,0.997139,0.011826,0.052652,-5.56657,134.833771,25.734339,0.104535,0.976083,-0.190113,-0.013823,-3.850782,149.320847,24.2932,-0.030825,0.929599,0.127799,0.34433,-8.936241,128.883743,24.590567,0.294776,-0.618712,0.001571,-0.728217,-22.243458,129.420609,13.257927,0.084873,0.138966,-0.46282,-0.871368,-16.423437,120.306419,-9.094424,0.203124,0.25673,-0.529667,-0.782485,-2.165429,142.514893,-4.717335,-0.032888,0.990437,0.108705,0.078335,-1.67635,129.358231,26.170412,0.322651,0.861386,0.149748,-0.362611,15.55832,130.199615,29.008934,-0.033231,0.122356,0.468836,-0.874138,28.689312,119.093964,11.097762,-0.022296,-0.189957,0.66314,-0.723647,15.673989,139.404984,6.613664,0.057007,0.937475,0.218957,0.264478,-8.60147,85.308746,13.661679,0.084207,0.990157,-0.034934,0.1062,-8.277692,52.777351,-2.30972,-0.056544,0.965651,0.048158,0.249,-16.562296,6.003395,0.130133,-0.072658,0.948417,-0.106453,0.289643,7.840341,86.391434,22.629557,0.015837,0.907618,-0.193367,0.372274,10.600286,51.353516,31.473074,-0.034871,0.904727,0.020725,0.424056,2.384991,7.369727,47.607677,-0.056544,0.965651,0.048158,0.249,-9.060801,1.678521,-12.525107,-0.034871,0.904727,0.020725,0.424056,13.652431,2.236626,38.56179
33,0.275,-0.035005,0.968413,0.020692,0.246015,-0.384726,85.8517,18.143412,-0.04514,0.984362,0.099212,0.138385,-0.984509,93.517754,18.319181,-0.04151,0.989745,0.089398,0.103386,-3.459352,114.286819,22.208773,0.053039,0.997138,0.011843,0.052558,-5.568481,134.833817,25.737022,0.104641,0.976079,-0.190066,-0.013963,-3.84977,149.320572,24.29637,-0.030754,0.929613,0.127886,0.344267,-8.938498,128.883987,24.593222,0.294823,-0.618754,0.00147,-0.728163,-22.247387,129.423935,13.262696,0.084896,0.138953,-0.462766,-0.871397,-16.429941,120.31134,-9.090972,0.203113,0.256652,-0.529702,-0.78249,-2.169347,142.517639,-4.714694,-0.032846,0.990434,0.108763,0.078309,-1.678375,129.358124,26.172102,0.322703,0.86133,0.149682,-0.362725,15.55652,130.198044,29.009645,-0.033243,0.122305,0.468941,-0.874088,28.681746,119.090714,11.095294,-0.022248,-0.190009,0.66327,-0.723515,15.670965,139.404602,6.614258,0.056982,0.937465,0.218954,0.264521,-8.606208,85.311249,13.660426,0.084197,0.990159,-0.034946,0.106181,-8.280076,52.779568,-2.310337,-0.056445,0.965655,0.048215,0.248998,-16.563793,6.005526,0.130867,-0.072658,0.948496,-0.106562,0.289345,7.836755,86.392151,22.626396,0.015863,0.90776,-0.193289,0.371968,10.597153,51.355923,31.476492,-0.034855,0.90474,0.020738,0.424028,2.387757,7.369354,47.606503,-0.056445,0.965655,0.048215,0.248998,-9.063283,1.681443,-12.525222,-0.034855,0.90474,0.020738,0.424028,13.65453,2.236356,38.559734
34,0.283333,-0.035032,0.968433,0.020756,0.245925,-0.388598,85.851738,18.143385,-0.045146,0.984369,0.099233,0.138321,-0.989004,93.517731,18.32007,-0.041392,0.989754,0.089438,0.10332,-3.464106,114.287933,22.210888,0.053123,0.997137,0.011846,0.052496,-5.568261,134.835037,25.741461,0.104693,0.976078,-0.190038,-0.014022,-3.847304,149.321564,24.3009,-0.030766,0.929612,0.127922,0.344253,-8.939737,128.886063,24.597614,0.294657,-0.61886,0.001463,-0.72814,-22.248926,129.425964,13.267446,0.084776,0.138923,-0.462712,-0.871442,-16.438019,120.3172,-9.089478,0.203102,0.256664,-0.529667,-0.782513,-2.174227,142.521149,-4.710997,-0.032788,0.990433,0.108855,0.078213,-1.679264,129.358475,26.175392,0.322782,0.861269,0.149814,-0.362745,15.556293,130.196457,29.009495,-0.033171,0.122233,0.469002,-0.874069,28.678263,119.089272,11.092676,-0.022186,-0.19002,0.663189,-0.723589,15.669698,139.404297,6.613406,0.056876,0.93753,0.218986,0.264289,-8.610873,85.311058,13.661885,0.0842,0.990188,-0.034908,0.105922,-8.280895,52.779507,-2.309059,-0.05657,0.965644,0.048241,0.249005,-16.563875,6.00526,0.130695,-0.072699,0.948521,-0.106528,0.289266,7.833676,86.392426,22.624886,0.015855,0.907707,-0.193352,0.372064,10.598307,51.356091,31.473255,-0.035289,0.904777,0.020428,0.42393,2.385697,7.371804,47.60788,-0.05657,0.965644,0.048241,0.249005,-9.061902,1.682965,-12.525132,-0.035289,0.904777,0.020428,0.42393,13.653615,2.236217,38.564007
35,0.291667,-0.034964,0.968443,0.020797,0.245891,-0.394912,85.852646,18.14156,-0.045078,0.984375,0.099298,0.138253,-0.994457,93.518677,18.319134,-0.041392,0.989758,0.089472,0.103246,-3.466764,114.28788,22.213095,0.05314,0.99714,0.011801,0.052432,-5.570816,134.834732,25.745216,0.10484,0.976073,-0.189982,-0.014054,-3.849526,149.32106,24.303251,-0.030668,0.929618,0.127949,0.344237,-8.942342,128.885742,24.601519,0.294768,-0.61913,0.001001,-0.727866,-22.252138,129.429062,13.272211,0.084878,0.139035,-0.462355,-0.871603,-16.457752,120.329689,-9.092832,0.203094,0.256622,-0.529621,-0.782559,-2.177277,142.523346,-4.708595,-0.032708,0.990438,0.108874,0.078165,-1.681639,129.358215,26.178238,0.322808,0.86123,0.149922,-0.362767,15.554373,130.193588,29.010391,-0.033166,0.122195,0.469039,-0.874054,28.674704,119.087997,11.091372,-0.022176,-0.189989,0.66317,-0.723615,15.667513,139.403976,6.613843,0.056819,0.937533,0.218973,0.2643,-8.617598,85.313362,13.660635,0.084189,0.990147,-0.034933,0.106304,-8.283835,52.780937,-2.308446,-0.05666,0.965653,0.048162,0.248967,-16.567057,6.006703,0.130615,-0.072755,0.948502,-0.106513,0.28932,7.827774,86.39193,22.622482,0.015813,0.907729,-0.193368,0.372003,10.596058,51.355946,31.471094,-0.034781,0.904781,0.020735,0.423947,2.387558,7.37215,47.609146,-0.05666,0.965653,0.048162,0.248967,-9.065253,1.682881,-12.5248,-0.034781,0.904781,0.020735,0.423947,13.651961,2.238091,38.56002
36,0.3,-0.03502,0.968443,0.02088,0.245879,-0.396465,85.850273,18.139109,-0.045047,0.984373,0.099356,0.138235,-0.997148,93.516197,18.317717,-0.04136,0.989759,0.089496,0.103229,-3.468477,114.285851,22.21446,0.053133,0.997142,0.011803,0.052403,-5.571223,134.832626,25.747761,0.104889,0.976081,-0.18991,-0.014077,-3.850227,149.319,24.305807,-0.030633,0.929627,0.128049,0.344178,-8.94313,128.883896,24.603888,0.294679,-0.619186,0.000982,-0.727854,-22.254435,129.429291,13.276458,0.084748,0.138991,-0.462302,-0.871651,-16.463528,120.332466,-9.090519,0.202883,0.256626,-0.529594,-0.782631,-2.17974,142.523682,-4.704539,-0.032699,0.990438,0.108894,0.078133,-1.682338,129.355865,26.18033,0.322831,0.861196,0.149946,-0.362819,15.553864,130.190979,29.011375,-0.033125,0.122107,0.469057,-0.874059,28.67161,119.085754,11.090237,-0.022118,-0.190048,0.66328,-0.7235,15.663915,139.402695,6.615427,0.056836,0.93754,0.218962,0.26428,-8.619184,85.310356,13.658327,0.084123,0.990187,-0.03493,0.105982,-8.287111,52.777706,-2.31033,-0.056589,0.965648,0.048279,0.248981,-16.563334,6.002388,0.13181,-0.072775,0.948507,-0.106548,0.289284,7.826252,86.39019,22.619892,0.015788,0.907776,-0.193391,0.371878,10.59546,51.354969,31.471222,-0.035062,0.904856,0.02045,0.423778,2.390593,7.371921,47.613152,-0.056589,0.965648,0.048279,0.248981,-9.061764,1.681295,-12.524674,-0.035062,0.904856,0.02045,0.423778,13.653315,2.23392,38.564175
37,0.308333,-0.034982,0.968455,0.020853,0.245836,-0.401109,85.849777,18.139292,-0.045042,0.984375,0.099376,0.138209,-1.001122,93.515762,18.317657,-0.041306,0.98976,0.089552,0.103202,-3.472216,114.284874,22.215273,0.053214,0.997139,0.011833,0.052367,-5.572865,134.831421,25.751167,0.104933,0.976076,-0.189907,-0.014136,-3.849687,149.317627,24.310127,-0.030591,0.929626,0.12804,0.344188,-8.945388,128.883133,24.606817,0.294636,-0.619266,0.000903,-0.727804,-22.256521,129.429825,13.279259,0.084646,0.138994,-0.462268,-0.871679,-16.470505,120.336021,-9.090207,0.202804,0.256537,-0.529424,-0.782796,-2.184884,142.525894,-4.701157,-0.032652,0.990438,0.10895,0.078085,-1.684446,129.354263,26.182816,0.322896,0.861139,0.149944,-0.362898,15.552124,130.187775,29.012066,-0.033118,0.122017,0.469159,-0.874017,28.664917,119.081261,11.088112,-0.022022,-0.190096,0.663329,-0.723445,15.660851,139.401367,6.617397,0.056825,0.937548,0.218985,0.264234,-8.624269,85.310394,13.659261,0.084099,0.990203,-0.034909,0.105866,-8.291787,52.7784,-2.310719,-0.056719,0.965641,0.048195,0.248992,-16.565207,6.002548,0.130688,-0.072793,0.948518,-0.10655,0.289243,7.822051,86.389168,22.619324,0.015905,0.907909,-0.193362,0.371563,10.592862,51.354172,31.471045,-0.034753,0.904767,0.02072,0.423981,2.384498,7.370433,47.609306,-0.056719,0.965641,0.048195,0.248992,-9.062126,1.680191,-12.524467,-0.034753,0.904767,0.02072,0.423981,13.649231,2.235631,38.561024
38,0.316667,-0.034883,0.968467,0.02088,0.245804,-0.409731,85.849052,18.13685,-0.044961,0.98438,0.099417,0.138173,-1.008369,93.515121,18.316025,-0.041251,0.989762,0.089595,0.103163,-3.476253,114.284859,22.216032,0.053223,0.997138,0.011834,0.052382,-5.57465,134.831284,25.754023,0.104948,0.976083,-0.18987,-0.014055,-3.851176,149.317459,24.313053,-0.03058,0.929641,0.128054,0.344143,-8.947838,128.883408,24.609428,0.294581,-0.619297,0.000879,-0.7278,-22.260092,129.43042,13.283196,0.084525,0.138967,-0.462259,-0.8717,-16.475952,120.33873,-9.087615,0.202641,0.256486,-0.529392,-0.782877,-2.189547,142.527512,-4.696654,-0.032617,0.990438,0.108987,0.078044,-1.686704,129.353714,26.184809,0.322927,0.861111,0.149918,-0.362947,15.550173,130.186081,29.012568,-0.033192,0.122004,0.469175,-0.874007,28.660225,119.078598,11.087195,-0.022165,-0.190093,0.663319,-0.723451,15.656572,139.399857,6.618746,0.056761,0.937554,0.21896,0.264249,-8.633322,85.311577,13.657373,0.08407,0.990205,-0.034891,0.105877,-8.296713,52.778244,-2.309808,-0.05652,0.965634,0.048277,0.249049,-16.567303,6.001809,0.130106,-0.07288,0.948538,-0.106572,0.289147,7.813859,86.386528,22.616327,0.015884,0.907921,-0.193374,0.37153,10.591088,51.352787,31.471003,-0.035234,0.904821,0.0204,0.423842,2.384665,7.369417,47.611267,-0.05652,0.965634,0.048277,0.249049,-9.064655,1.680167,-12.525553,-0.035234,0.904821,0.0204,0.423842,13.650177,2.232354,38.565231
39,0.325,-0.034862,0.968476,0.020903,0.245768,-0.414481,85.849152,18.135935,-0.045086,0.984381,0.099448,0.138102,-1.012882,93.515221,18.315556,-0.041001,0.98978,0.089649,0.103043,-3.486421,114.288643,22.217127,0.053272,0.997141,0.011911,0.052251,-5.574263,134.83551,25.758699,0.104998,0.976075,-0.189873,-0.014175,-3.849898,149.321793,24.319782,-0.030544,0.929586,0.128164,0.344255,-8.950539,128.889389,24.614222,0.29442,-0.619392,0.001101,-0.727783,-22.260172,129.439453,13.285053,0.084391,0.138934,-0.462263,-0.871716,-16.481955,120.343269,-9.085467,0.202679,0.256416,-0.52935,-0.782918,-2.194959,142.531891,-4.692558,-0.032503,0.990435,0.109097,0.077971,-1.688733,129.356079,26.187567,0.323027,0.861042,0.14978,-0.36308,15.548801,130.184464,29.012474,-0.033241,0.121885,0.469336,-0.873935,28.650862,119.072319,11.084154,-0.022109,-0.190271,0.663428,-0.723306,15.652015,139.400787,6.622271,0.056688,0.937572,0.219009,0.264159,-8.638431,85.312141,13.657062,0.084105,0.99019,-0.034915,0.105977,-8.297424,52.779781,-2.311996,-0.05651,0.9656,0.04828,0.249183,-16.57173,6.004062,0.128956,-0.072928,0.948556,-0.106558,0.289082,7.809468,86.386154,22.614809,0.015929,0.907975,-0.193385,0.371389,10.590847,51.352703,31.46933,-0.035196,0.904802,0.020444,0.423882,2.382677,7.369879,47.610195,-0.05651,0.9656,0.04828,0.249183,-9.065723,1.682591,-12.524767,-0.035196,0.904802,0.020444,0.423882,13.648791,2.233499,38.564518
40,0.333333,-0.034888,0.968487,0.021002,0.245714,-0.417052,85.850052,18.133406,-0.044901,0.984393,0.099456,0.138066,-1.016198,93.516037,18.314434,-0.041192,0.989763,0.089745,0.103043,-3.481339,114.285278,22.216639,0.053464,0.997129,0.011999,0.052268,-5.577488,134.83078,25.761303,0.104887,0.976105,-0.189778,-0.014239,-3.847643,149.316681,24.325285,-0.030388,0.929613,0.128315,0.344138,-8.951356,128.883469,24.615814,0.294341,-0.619427,0.001004,-0.727786,-22.264132,129.439865,13.290652,0.084339,0.138954,-0.462246,-0.871727,-16.488018,120.349159,-9.082632,0.202745,0.256384,-0.529284,-0.782956,-2.200586,142.536804,-4.687405,-0.032515,0.990429,0.109165,0.077947,-1.689785,129.352829,26.189444,0.322937,0.861047,0.149923,-0.363087,15.547853,130.181534,29.013628,-0.03335,0.12181,0.469281,-0.873971,28.652531,119.075752,11.083278,-0.022159,-0.190287,0.663298,-0.72342,15.650463,139.402985,6.626887,0.056702,0.937579,0.219003,0.264135,-8.641466,85.313004,13.655395,0.084036,0.990191,-0.034958,0.106005,-8.301933,52.780567,-2.313541,-0.05661,0.965628,0.048321,0.249046,-16.570339,6.004045,0.131931,-0.07289,0.948572,-0.106638,0.289009,7.807362,86.387093,22.611418,0.015808,0.908063,-0.193337,0.371204,10.58509,51.354473,31.47039,-0.034916,0.904857,0.020724,0.423775,2.392317,7.369521,47.61327,-0.05661,0.965628,0.048321,0.249046,-9.066845,1.684412,-12.523905,-0.034916,0.904857,0.020724,0.423775,13.654602,2.236759,38.56078
41,0.341667,-0.034903,0.968487,0.021094,0.245701,-0.420734,85.851303,18.131384,-0.044877,0.984393,0.099499,0.138048,-1.020452,93.517212,18.313721,-0.041126,0.989764,0.089798,0.103018,-3.484648,114.285278,22.217718,0.053484,0.997127,0.012047,0.052263,-5.578232,134.830597,25.764915,0.104846,0.976118,-0.189733,-0.014226,-3.84788,149.316574,24.330292,-0.030381,0.929614,0.12837,0.344116,-8.952851,128.88382,24.61895,0.294228,-0.619477,0.000971,-0.727789,-22.266191,129.440994,13.294485,0.08421,0.138956,-0.46223,-0.871747,-16.493174,120.354225,-9.081202,0.202661,0.256397,-0.529261,-0.782989,-2.20506,142.540634,-4.682431,-0.032428,0.990426,0.109187,0.077987,-1.691123,129.352158,26.192165,0.322981,0.860967,0.149909,-0.363244,15.546499,130.177628,29.017406,-0.033428,0.121692,0.469427,-0.873906,28.644102,119.072197,11.081661,-0.022109,-0.190422,0.663324,-0.723362,15.646872,139.405197,6.632559,0.056694,0.937602,0.21899,0.264068,-8.645247,85.314384,13.65353,0.083985,0.990179,-0.034983,0.10615,-8.306591,52.781464,-2.314427,-0.0567,0.965614,0.04835,0.249073,-16.570831,6.004292,0.132689,-0.072975,0.948607,-0.106648,0.288869,7.803778,86.388214,22.609238,0.015801,0.907989,-0.193365,0.37137,10.58841,51.356655,31.470221,-0.035268,0.904897,0.02039,0.423676,2.392359,7.372707,47.614182,-0.0567,0.965614,0.04835,0.249073,-9.065693,1.686259,-12.522726,-0.035268,0.904897,0.02039,0.423676,13.654879,2.235679,38.564396
42,0.35,-0.034844,0.968484,0.021199,0.245713,-0.425354,85.850594,18.127655,-0.044991,0.984381,0.099608,0.138015,-1.024599,93.516502,18.311781,-0.040923,0.989776,0.08984,0.102942,-3.494382,114.285919,22.220179,0.053478,0.997131,0.012061,0.05219,-5.579444,134.831619,25.770193,0.104861,0.976122,-0.1897,-0.014257,-3.849526,149.317688,24.335827,-0.030413,0.929563,0.128391,0.344243,-8.956553,128.886261,24.624186,0.294102,-0.619567,0.001034,-0.727763,-22.266747,129.443298,13.296017,0.084055,0.138936,-0.462239,-0.871761,-16.499264,120.356796,-9.081199,0.202552,0.256451,-0.529142,-0.78308,-2.210853,142.54335,-4.679317,-0.032336,0.990429,0.109247,0.07791,-1.694341,129.351669,26.196045,0.322929,0.860959,0.150244,-0.363171,15.543906,130.174103,29.018351,-0.033379,0.121534,0.469352,-0.87397,28.645813,119.076492,11.080919,-0.022057,-0.190502,0.663321,-0.723345,15.643783,139.406342,6.637136,0.056624,0.93761,0.218984,0.264058,-8.649832,85.315247,13.649553,0.084026,0.990177,-0.034999,0.106136,-8.306759,52.781559,-2.316751,-0.056674,0.96558,0.048375,0.249207,-16.574963,6.005153,0.131628,-0.072995,0.948571,-0.106664,0.288976,7.799123,86.385948,22.605759,0.015772,0.908038,-0.19337,0.371251,10.583801,51.354851,31.468534,-0.034934,0.904856,0.020737,0.423775,2.392185,7.370999,47.615017,-0.056674,0.96558,0.048375,0.249207,-9.066614,1.687773,-12.522103,-0.034934,0.904856,0.020737,0.423775,13.654691,2.238794,38.562481
43,0.358333,-0.034841,0.968484,0.021242,0.245709,-0.427544,85.85022,18.125647,-0.044988,0.984384,0.099615,0.137991,-1.026904,93.516098,18.310421,-0.040915,0.989766,0.090002,0.102901,-3.496203,114.283058,22.218761,0.05346,0.997138,0.012061,0.052083,-5.581461,134.827576,25.775543,0.104896,0.97614,-0.189577,-0.014399,-3.852406,149.313721,24.340967,-0.030364,0.929545,0.128431,0.344281,-8.958525,128.882477,24.627949,0.293968,-0.619604,0.001013,-0.727787,-22.267906,129.441757,13.298938,0.083903,0.138948,-0.462269,-0.871758,-16.50267,120.359627,-9.080635,0.202557,0.256394,-0.529223,-0.783043,-2.215269,142.547379,-4.674425,-0.032372,0.990426,0.109275,0.077898,-1.696177,129.34758,26.199278,0.322918,0.860935,0.150154,-0.363276,15.542054,130.171219,29.021336,-0.03342,0.121453,0.469406,-0.873951,28.640539,119.073654,11.081367,-0.021981,-0.190629,0.663375,-0.723264,15.639472,139.406403,6.641993,0.056759,0.93755,0.219007,0.264224,-8.652064,85.315117,13.647593,0.083957,0.990124,-0.035095,0.106649,-8.314811,52.783287,-2.322614,-0.056651,0.965563,0.048338,0.249282,-16.578779,6.006411,0.131196,-0.073033,0.948599,-0.106689,0.288866,7.796976,86.385323,22.603699,0.015834,0.90812,-0.193382,0.371042,10.58474,51.355003,31.468624,-0.034877,0.90486,0.020786,0.423769,2.391116,7.371754,47.615719,-0.056651,0.965563,0.048338,0.249282,-9.06876,1.687886,-12.521152,-0.034877,0.90486,0.020786,0.423769,13.65313,2.240109,38.562248
44,0.366667,-0.034817,0.968489,0.0213,0.245689,-0.431623,85.848824,18.123016,-0.044968,0.984379,0.099692,0.137975,-1.030834,93.514687,18.308756,-0.04093,0.989767,0.08999,0.102894,-3.499813,114.282417,22.220675,0.053508,0.997133,0.012098,0.052115,-5.585607,134.826965,25.776901,0.104878,0.976156,-0.189509,-0.014348,-3.855107,149.313049,24.343521,-0.030299,0.929539,0.128476,0.344286,-8.962515,128.88176,24.629509,0.293969,-0.619605,0.000982,-0.727785,-22.271919,129.443726,13.30066,0.083859,0.139002,-0.462263,-0.871756,-16.506771,120.362648,-9.079359,0.20246,0.256472,-0.529209,-0.783052,-2.220037,142.549759,-4.669595,-0.032312,0.990425,0.109301,0.077893,-1.700166,129.347092,26.20075,0.323001,0.860881,0.150048,-0.363373,15.538224,130.16861,29.022417,-0.033541,0.12148,0.469555,-0.873863,28.630507,119.067154,11.080334,-0.022157,-0.190751,0.663372,-0.72323,15.636459,139.405258,6.643315,0.056649,0.937598,0.218995,0.264087,-8.656359,85.314415,13.645278,0.083977,0.990143,-0.035076,0.106461,-8.314254,52.781273,-2.322161,-0.056777,0.965567,0.048347,0.249238,-16.579449,6.004593,0.131259,-0.073065,0.94859,-0.106658,0.288898,7.793112,86.383224,22.600754,0.015808,0.908139,-0.193436,0.370966,10.583437,51.352764,31.464285,-0.034889,0.90489,0.02079,0.423703,2.391477,7.371461,47.617512,-0.056777,0.965567,0.048347,0.249238,-9.069311,1.687299,-12.521437,-0.034889,0.90489,0.02079,0.423703,13.652301,2.240015,38.562458
45,0.375,-0.034834,0.968503,0.021308,0.24563,-0.434113,85.847771,18.120543,-0.044985,0.984382,0.099736,0.137918,-1.033601,93.513611,18.306374,-0.040815,0.989768,0.090124,0.102821,-3.503431,114.281609,22.220284,0.053394,0.997144,0.012094,0.052018,-5.584742,134.825546,25.782696,0.104916,0.976171,-0.189406,-0.014392,-3.857856,149.312012,24.348848,-0.030341,0.929549,0.128458,0.344262,-8.962968,128.881287,24.634216,0.293835,-0.619651,0.000928,-0.7278,-22.27285,129.441574,13.305852,0.083718,0.138994,-0.462321,-0.871741,-16.510534,120.365906,-9.077093,0.202509,0.256423,-0.529177,-0.783077,-2.226475,142.55423,-4.664572,-0.032217,0.990408,0.10953,0.077828,-1.700256,129.344803,26.204306,0.322968,0.860833,0.149986,-0.363542,15.538701,130.162628,29.023588,-0.033729,0.121418,0.469641,-0.873818,28.625961,119.063499,11.07641,-0.022261,-0.190869,0.66335,-0.723215,15.634521,139.406235,6.64656,0.056582,0.93762,0.218976,0.264038,-8.659371,85.313057,13.643805,0.083973,0.990157,-0.035079,0.106334,-8.313952,52.77877,-2.321217,-0.056782,0.965599,0.048395,0.249105,-16.578493,6.002048,0.133572,-0.073058,0.948575,-0.106688,0.288939,7.791147,86.382484,22.597281,0.015775,0.90811,-0.193419,0.371048,10.579935,51.352417,31.46286,-0.03501,0.904858,0.020779,0.423763,2.38995,7.370353,47.615021,-0.056782,0.965599,0.048395,0.249105,-9.071673,1.685995,-12.521517,-0.03501,0.904858,0.020779,0.423763,13.653137,2.240208,38.562172
46,0.383333,-0.034782,0.9685,0.021353,0.245648,-0.439312,85.84893,18.119678,-0.044919,0.984383,0.099753,0.137917,-1.038202,93.514801,18.306364,-0.040929,0.989753,0.090224,0.102823,-3.505066,114.280304,22.220886,0.053505,0.997139,0.012104,0.052015,-5.591548,134.82309,25.786892,0.104924,0.976192,-0.189294,-0.014441,-3.861468,149.309235,24.353489,-0.030166,0.929535,0.128466,0.344314,-8.968276,128.878204,24.637289,0.293934,-0.619628,0.000818,-0.72778,-22.277304,129.444504,13.308208,0.083733,0.13904,-0.462315,-0.871735,-16.51355,120.370087,-9.074882,0.202394,0.256447,-0.52916,-0.78311,-2.230054,142.558029,-4.66065,-0.032199,0.990408,0.109587,0.077757,-1.705709,129.343246,26.207615,0.322911,0.860864,0.1502,-0.36343,15.533681,130.160568,29.024422,-0.033815,0.121448,0.469599,-0.873833,28.626812,119.066391,11.078453,-0.022404,-0.19085,0.663286,-0.723274,15.634027,139.407913,6.649218,0.056524,0.937599,0.218969,0.264134,-8.664471,85.315376,13.642612,0.084024,0.990156,-0.035066,0.106312,-8.313636,52.780384,-2.320868,-0.056672,0.96555,0.048431,0.249311,-16.582764,6.00439,0.132357,-0.073106,0.94861,-0.106655,0.288826,7.785846,86.382492,22.596745,0.01573,0.908059,-0.193467,0.37115,10.5797,51.352417,31.460703,-0.0348,0.904866,0.020842,0.423759,2.390105,7.371986,47.617519,-0.056672,0.96555,0.048431,0.249311,-9.071692,1.688695,-12.520332,-0.0348,0.904866,0.020842,0.423759,13.651374,2.240785,38.562874
47,0.391667,-0.034809,0.968506,0.021447,0.245609,-0.440642,85.847618,18.116558,-0.044912,0.984376,0.099821,0.137924,-1.040275,93.513397,18.304569,-0.040919,0.98974,0.090349,0.102843,-3.507996,114.284584,22.223145,0.053545,0.997137,0.012108,0.052011,-5.594662,134.826462,25.794306,0.10491,0.976195,-0.189284,-0.014475,-3.863462,149.312469,24.361067,-0.030221,0.929483,0.128554,0.344415,-8.971333,128.881851,24.643093,0.293799,-0.619653,0.00092,-0.727813,-22.277805,129.447937,13.31101,0.08362,0.139042,-0.462375,-0.871713,-16.515593,120.373619,-9.072511,0.202446,0.256465,-0.529179,-0.783078,-2.23474,142.563492,-4.655717,-0.032066,0.990407,0.109682,0.077688,-1.708816,129.346527,26.213753,0.322895,0.860841,0.150393,-0.363418,15.531243,130.159225,29.027763,-0.033909,0.121455,0.469632,-0.873811,28.625315,119.069504,11.079732,-0.022521,-0.190793,0.663289,-0.723283,15.634526,139.411865,6.652685,0.056537,0.937605,0.218997,0.264084,-8.666121,85.313995,13.640096,0.084011,0.990133,-0.035139,0.106508,-8.316435,52.780014,-2.325469,-0.056914,0.965528,0.048412,0.249344,-16.585476,6.004283,0.133081,-0.073154,0.94859,-0.106641,0.288882,7.784837,86.381241,22.593019,0.015712,0.907952,-0.193498,0.371395,10.581715,51.351463,31.457207,-0.034838,0.904821,0.020956,0.423848,2.388275,7.372126,47.615028,-0.056914,0.965528,0.048412,0.249344,-9.071173,1.690101,-12.518204,-0.034838,0.904821,0.020956,0.423848,13.652125,2.244432,38.561615
48,0.4,-0.03476,0.9685,0.021459,0.245638,-0.445451,85.849846,18.116215,-0.04489,0.98437,0.099829,0.13797,-1.044407,93.515671,18.304571,-0.040926,0.989724,0.090476,0.102888,-3.510933,114.282784,22.222713,0.053645,0.997132,0.012172,0.051973,-5.598547,134.823685,25.798967,0.10485,0.976221,-0.189169,-0.014632,-3.864645,149.30957,24.367662,-0.030114,0.929444,0.128641,0.344498,-8.974934,128.879242,24.645948,0.293807,-0.619655,0.000851,-0.727808,-22.279617,129.450287,13.312006,0.083606,0.139143,-0.462401,-0.871685,-16.517506,120.378197,-9.072445,0.202508,0.256526,-0.529129,-0.783076,-2.239393,142.569,-4.650931,-0.032076,0.99041,0.109696,0.077633,-1.712562,129.343765,26.217333,0.322914,0.860812,0.150542,-0.36341,15.527773,130.156998,29.029522,-0.034009,0.121419,0.469714,-0.873767,28.621536,119.069565,11.079846,-0.022589,-0.190812,0.663328,-0.72324,15.633847,139.415451,6.656915,0.056508,0.937594,0.218991,0.264135,-8.670731,85.317184,13.639262,0.084023,0.990119,-0.035147,0.10663,-8.318344,52.782761,-2.325356,-0.05682,0.965509,0.048428,0.249435,-16.588917,6.00729,0.132851,-0.073208,0.948589,-0.10661,0.288884,7.779827,86.382507,22.593168,0.015766,0.908089,-0.193529,0.371041,10.581103,51.352821,31.456322,-0.034765,0.904813,0.020921,0.423873,2.3882,7.374799,47.618015,-0.05682,0.965509,0.048428,0.249435,-9.073182,1.692911,-12.517519,-0.034765,0.904813,0.020921,0.423873,13.651689,2.245298,38.565166
49,0.408333,-0.034848,0.968506,0.021586,0.245593,-0.445313,85.848305,18.1122,-0.044919,0.984365,0.099892,0.13795,-1.046049,93.513954,18.302147,-0.040905,0.989719,0.090558,0.102873,-3.514369,114.283081,22.223295,0.053739,0.997128,0.012305,0.051937,-5.601424,134.823425,25.803072,0.104727,0.97625,-0.189082,-0.01473,-3.865118,149.309402,24.375725,-0.030146,0.929418,0.128677,0.344551,-8.977977,128.879257,24.649187,0.293722,-0.619683,0.000762,-0.727818,-22.281313,129.449966,13.313657,0.08348,0.139182,-0.462367,-0.871709,-16.520971,120.383278,-9.073435,0.202362,0.256572,-0.529138,-0.783092,-2.241397,142.572861,-4.646572,-0.032027,0.990406,0.109758,0.07761,-1.715537,129.343353,26.220366,0.32289,0.860805,0.150666,-0.363396,15.525031,130.154816,29.031607,-0.034109,0.121397,0.469739,-0.873753,28.620064,119.070641,11.080863,-0.022712,-0.190866,0.663414,-0.723144,15.633319,139.41774,6.661341,0.056561,0.937577,0.218987,0.264187,-8.670891,85.314606,13.635929,0.083972,0.990108,-0.035205,0.10675,-8.321318,52.780491,-2.329364,-0.056944,0.965503,0.048478,0.249421,-16.588017,6.00459,0.133813,-0.073207,0.948553,-0.106615,0.289,7.780265,86.382004,22.588469,0.0157,0.908037,-0.19355,0.371161,10.580269,51.352398,31.452333,-0.034766,0.904822,0.020999,0.42385,2.390177,7.37493,47.616959,-0.056944,0.965503,0.048478,0.249421,-9.071359,1.692634,-12.516828,-0.034766,0.904822,0.020999,0.42385,13.653517,2.247435,38.562798
50,0.416667,-0.034769,0.968513,0.021498,0.245584,-0.450572,85.848709,18.112368,-0.04496,0.984356,0.099952,0.137958,-1.049798,93.514503,18.301306,-0.040828,0.989717,0.090608,0.102877,-3.52018,114.2827,22.224607,0.053693,0.997131,0.012363,0.051907,-5.604249,134.822922,25.806746,0.10473,0.976264,-0.189003,-0.014763,-3.869446,149.30925,24.380949,-0.030132,0.929406,0.128654,0.344593,-8.981668,128.879379,24.652225,0.293744,-0.619679,0.000631,-0.727814,-22.284021,129.45047,13.315553,0.083521,0.139281,-0.462357,-0.871694,-16.523378,120.387924,-9.073144,0.202457,0.256662,-0.529118,-0.783051,-2.244952,142.577148,-4.642787,-0.031967,0.990412,0.109748,0.077577,-1.719141,129.342255,26.223373,0.322882,0.860797,0.150657,-0.363426,15.521744,130.151794,29.033258,-0.034236,0.121381,0.469815,-0.87371,28.615952,119.068169,11.081557,-0.022761,-0.190925,0.663455,-0.723089,15.632133,139.418777,6.665942,0.056471,0.937589,0.218997,0.264156,-8.676343,85.31604,13.636324,0.083979,0.990129,-0.035163,0.106563,-8.320976,52.781521,-2.328025,-0.057047,0.965482,0.048423,0.24949,-16.587452,6.005457,0.132704,-0.073245,0.94855,-0.106562,0.289021,7.775198,86.381386,22.588411,0.015663,0.907976,-0.193561,0.371308,10.57871,51.351357,31.449492,-0.034819,0.904801,0.020948,0.423892,2.388877,7.374182,47.615059,-0.057047,0.965482,0.048423,0.24949,-9.068051,1.692874,-12.516096,-0.034819,0.904801,0.020948,0.423892,13.653398,2.24608,38.562702
51,0.425,-0.034763,0.968525,0.021524,0.245535,-0.45273,85.849014,18.111715,-0.044999,0.984354,0.09998,0.137933,-1.051952,93.514793,18.301102,-0.040748,0.989727,0.090558,0.102853,-3.523587,114.278854,22.224688,0.053568,0.997139,0.012575,0.051837,-5.604054,134.819717,25.805202,0.104805,0.976282,-0.188866,-0.014825,-3.873379,149.307114,24.385263,-0.030108,0.929403,0.128759,0.344565,-8.982522,128.876633,24.651388,0.293687,-0.619652,0.000561,-0.727859,-22.28562,129.449646,13.315688,0.083407,0.139332,-0.462353,-0.871699,-16.523348,120.391762,-9.074475,0.2023,0.256684,-0.528996,-0.783168,-2.245396,142.580536,-4.638847,-0.03202,0.9904,0.109768,0.077678,-1.719827,129.338455,26.222065,0.322869,0.860788,0.150763,-0.363414,15.52039,130.149368,29.035641,-0.034366,0.121366,0.469776,-0.873728,28.615438,119.068237,11.083017,-0.023018,-0.190867,0.663546,-0.723013,15.629725,139.418274,6.670929,0.056448,0.937577,0.218983,0.264216,-8.678958,85.316544,13.636489,0.083958,0.990129,-0.035163,0.106575,-8.321258,52.781368,-2.32646,-0.056894,0.965496,0.048433,0.249469,-16.585764,6.004956,0.134305,-0.073233,0.948585,-0.106528,0.28892,7.773499,86.381493,22.586941,0.015621,0.907927,-0.193571,0.371423,10.577891,51.350803,31.445152,-0.034856,0.904761,0.02089,0.423977,2.38921,7.373899,47.612026,-0.056894,0.965496,0.048433,0.249469,-9.068396,1.691362,-12.515359,-0.034856,0.904761,0.02089,0.423977,13.655561,2.244814,38.562508
52,0.433333,-0.034748,0.968527,0.021542,0.245527,-0.455306,85.847519,18.110733,-0.044979,0.984351,0.100025,0.137933,-1.054371,93.513306,18.300442,-0.040747,0.989724,0.090588,0.102858,-3.525451,114.277229,22.226025,0.053533,0.997145,0.012789,0.0517,-5.606022,134.817886,25.807756,0.104911,0.976288,-0.188754,-0.015087,-3.877091,149.306061,24.393726,-0.030128,0.929402,0.128844,0.344534,-8.984459,128.874847,24.653553,0.293547,-0.61967,0.000458,-0.7279,-22.288244,129.44809,13.31867,0.08325,0.139341,-0.462314,-0.871734,-16.527073,120.397964,-9.074919,0.202159,0.256667,-0.528949,-0.783241,-2.247307,142.584549,-4.634523,-0.032005,0.990398,0.109791,0.077675,-1.721779,129.336594,26.224323,0.322934,0.860729,0.150632,-0.36355,15.51849,130.146927,29.03775,-0.034582,0.121362,0.469954,-0.873624,28.606558,119.062614,11.082003,-0.023169,-0.190922,0.663567,-0.722974,15.628473,139.419983,6.675796,0.056419,0.93758,0.219021,0.26418,-8.681625,85.315399,13.635633,0.083947,0.990117,-0.035208,0.106685,-8.321803,52.781212,-2.329288,-0.056973,0.965513,0.04835,0.2494,-16.585966,6.00492,0.134966,-0.073265,0.94855,-0.106479,0.289044,7.771014,86.379639,22.585833,0.015616,0.907977,-0.193608,0.371283,10.577489,51.348541,31.441767,-0.034902,0.904788,0.020931,0.423914,2.390423,7.372978,47.61311,-0.056973,0.965513,0.04835,0.2494,-9.069687,1.689554,-12.514742,-0.034902,0.904788,0.020931,0.423914,13.656134,2.245503,38.561882
53,0.441667,-0.034797,0.968534,0.021617,0.245486,-0.456116,85.846992,18.110044,-0.045035,0.984344,0.100075,0.137927,-1.056185,93.512672,18.300716,-0.040725,0.989716,0.090686,0.102855,-3.530214,114.278809,22.228601,0.053633,0.997137,0.012743,0.051764,-5.610287,134.818787,25.814482,0.104775,0.976315,-0.188699,-0.01499,-3.878178,149.306488,24.399361,-0.030101,0.929361,0.128842,0.344648,-8.988869,128.876053,24.659147,0.293463,-0.619655,0.000442,-0.727947,-22.289961,129.450714,13.321177,0.083195,0.139328,-0.46229,-0.871754,-16.527821,120.403984,-9.073527,0.202085,0.256711,-0.528908,-0.783274,-2.245562,142.591217,-4.631781,-0.031864,0.990421,0.109664,0.077616,-1.726153,129.337341,26.229885,0.32288,0.860733,0.150799,-0.363521,15.514748,130.143387,29.040653,-0.034657,0.121266,0.469976,-0.873622,28.605577,119.064156,11.083786,-0.023184,-0.191127,0.663604,-0.722885,15.627432,139.422638,6.683485,0.056442,0.937591,0.219051,0.264109,-8.682743,85.314301,13.635579,0.083898,0.990112,-0.035248,0.106753,-8.325139,52.781261,-2.331716,-0.056985,0.965498,0.048395,0.249449,-16.58535,6.004462,0.136202,-0.073263,0.948579,-0.106504,0.288943,7.770512,86.379677,22.584511,0.015608,0.907922,-0.193605,0.371417,10.577262,51.348938,31.441753,-0.035365,0.904794,0.020614,0.423878,2.388661,7.373247,47.611973,-0.056985,0.965498,0.048395,0.249449,-9.067637,1.690541,-12.513145,-0.035365,0.904794,0.020614,0.423878,13.657054,2.243446,38.565403
54,0.45,-0.034858,0.968541,0.02172,0.24544,-0.456818,85.846527,18.108635,-0.045059,0.984344,0.100091,0.137908,-1.058182,93.51207,18.300638,-0.040734,0.989712,0.090744,0.102843,-3.533247,114.278259,22.229139,0.053731,0.99713,0.012829,0.051771,-5.613894,134.817764,25.817352,0.104705,0.976342,-0.188594,-0.015003,-3.879046,149.305389,24.404911,-0.030028,0.929343,0.128973,0.344654,-8.992312,128.875061,24.661444,0.293452,-0.619641,0.000356,-0.727964,-22.293411,129.453705,13.323687,0.083235,0.139415,-0.462242,-0.871761,-16.530409,120.410645,-9.07228,0.202137,0.256819,-0.528811,-0.78329,-2.247335,142.596085,-4.627306,-0.031855,0.990411,0.109764,0.077611,-1.729573,129.336395,26.232052,0.322818,0.860749,0.15091,-0.36349,15.511368,130.141891,29.042709,-0.034811,0.121271,0.46996,-0.873624,28.605307,119.066795,11.08555,-0.023369,-0.191181,0.6635,-0.72296,15.626235,139.425934,6.688463,0.056361,0.937626,0.219079,0.263979,-8.683796,85.313171,13.634893,0.083965,0.990111,-0.035256,0.106714,-8.322312,52.780342,-2.332753,-0.057055,0.965479,0.048389,0.249506,-16.588745,6.004667,0.135604,-0.073295,0.948543,-0.106478,0.289062,7.770159,86.379883,22.582376,0.015624,0.907913,-0.193627,0.371427,10.578559,51.349079,31.438875,-0.035408,0.904769,0.020602,0.423928,2.387593,7.374221,47.610157,-0.057055,0.965479,0.048389,0.249506,-9.068872,1.691232,-12.512626,-0.035408,0.904769,0.020602,0.423928,13.65735,2.244671,38.565147
55,0.458333,-0.034879,0.968547,0.021768,0.245412,-0.458796,85.847206,18.108044,-0.045055,0.984339,0.100126,0.137918,-1.060649,93.512695,18.300692,-0.040717,0.989706,0.090799,0.102864,-3.535686,114.277794,22.230453,0.053729,0.997129,0.012864,0.051794,-5.615905,134.81694,25.820976,0.104649,0.976368,-0.188496,-0.014976,-3.881104,149.304672,24.409594,-0.030069,0.929308,0.129089,0.344702,-8.994445,128.874451,24.664263,0.293253,-0.619653,0.000416,-0.728033,-22.294315,129.453415,13.325083,0.083116,0.139453,-0.462236,-0.87177,-16.532108,120.414093,-9.07259,0.202178,0.256893,-0.528791,-0.783269,-2.248591,142.599823,-4.622585,-0.031874,0.990404,0.109836,0.077586,-1.731745,129.335419,26.235172,0.322816,0.860747,0.151282,-0.363344,15.5093,130.141434,29.045069,-0.034733,0.121119,0.469871,-0.873696,28.608608,119.072105,11.088279,-0.023367,-0.191225,0.663535,-0.722916,15.623909,139.427917,6.695425,0.056357,0.937635,0.219074,0.263952,-8.685998,85.313675,13.634732,0.083933,0.990123,-0.035266,0.10662,-8.324833,52.780647,-2.332519,-0.057204,0.965492,0.048365,0.249425,-16.588146,6.004533,0.137845,-0.073276,0.94854,-0.106455,0.289084,7.768405,86.380737,22.581354,0.015565,0.907916,-0.193641,0.371416,10.575763,51.349388,31.435978,-0.035376,0.904769,0.020612,0.42393,2.389622,7.374904,47.610699,-0.057204,0.965492,0.048365,0.249425,-9.068911,1.691565,-12.510922,-0.035376,0.904769,0.020612,0.42393,13.659152,2.245212,38.565487
56,0.466667,-0.034874,0.968556,0.021752,0.245376,-0.46137,85.84639,18.108095,-0.045068,0.984336,0.100178,0.137899,-1.063073,93.511894,18.30055,-0.040709,0.989705,0.090819,0.102852,-3.538986,114.277138,22.23258,0.053721,0.997128,0.012894,0.051802,-5.618939,134.816162,25.824011,0.104642,0.976389,-0.188392,-0.014937,-3.884376,149.304016,24.413486,-0.030048,0.929301,0.129038,0.34474,-8.997559,128.873749,24.667141,0.293156,-0.619645,0.000392,-0.728079,-22.296555,129.452972,13.32694,0.083043,0.139478,-0.462229,-0.871776,-16.533825,120.417633,-9.072211,0.20212,0.257003,-0.528783,-0.783253,-2.250575,142.602493,-4.619206,-0.031825,0.990393,0.109943,0.077596,-1.734812,129.334579,26.237873,0.322771,0.860748,0.151064,-0.363472,15.506289,130.13858,29.048035,-0.035054,0.121215,0.469935,-0.873636,28.602415,119.068192,11.089565,-0.023647,-0.191167,0.663414,-0.723034,15.62149,139.427979,6.700361,0.056314,0.937655,0.21906,0.263903,-8.688918,85.312859,13.635421,0.083937,0.990141,-0.035199,0.106471,-8.325983,52.779068,-2.330217,-0.057038,0.965466,0.048471,0.249543,-16.588646,6.002569,0.135095,-0.073314,0.948541,-0.106401,0.289093,7.766179,86.379913,22.58077,0.015586,0.907876,-0.193667,0.371499,10.577208,51.348137,31.432545,-0.03559,0.904741,0.020526,0.423976,2.386845,7.374659,47.607868,-0.057038,0.965466,0.048471,0.249543,-9.067906,1.691354,-12.513377,-0.03559,0.904741,0.020526,0.423976,13.659084,2.245494,38.565731
57,0.475,-0.034853,0.968558,0.021739,0.245373,-0.463521,85.846367,18.108547,-0.045072,0.98433,0.100216,0.137913,-1.064861,93.511902,18.300892,-0.04074,0.989702,0.090811,0.102877,-3.54099,114.27491,22.234085,0.053709,0.997127,0.012988,0.051813,-5.622277,134.813873,25.824987,0.104657,0.976411,-0.188268,-0.01494,-3.888159,149.302048,24.417225,-0.030022,0.929324,0.129095,0.344658,-9.000503,128.871277,24.668043,0.29316,-0.619621,0.000298,-0.728099,-22.301517,129.451614,13.33028,0.08305,0.139494,-0.462215,-0.871781,-16.537294,120.419907,-9.069943,0.202118,0.256992,-0.528767,-0.783268,-2.253388,142.60463,-4.616222,-0.031853,0.990376,0.11004,0.077661,-1.737874,129.332535,26.239182,0.322774,0.860745,0.151101,-0.36346,15.502803,130.136948,29.051777,-0.035087,0.121228,0.469957,-0.873621,28.599236,119.067024,11.093266,-0.023677,-0.191177,0.663318,-0.723118,15.619911,139.426941,6.704531,0.056353,0.937592,0.219134,0.264057,-8.691124,85.313156,13.635938,0.083889,0.99011,-0.035268,0.106774,-8.326656,52.782028,-2.335098,-0.05695,0.965479,0.04839,0.249531,-16.586235,6.005221,0.134659,-0.073235,0.948518,-0.106301,0.289223,7.764081,86.37957,22.581156,0.015425,0.907817,-0.193672,0.371647,10.570649,51.345409,31.424919,-0.035537,0.90473,0.020632,0.423999,2.391413,7.371619,47.605034,-0.05695,0.965479,0.04839,0.249531,-9.066769,1.69097,-12.513532,-0.035537,0.90473,0.020632,0.423999,13.663989,2.244567,38.562126
58,0.483333,-0.034812,0.968555,0.021659,0.245398,-0.466255,85.845772,18.107853,-0.045099,0.98432,0.100301,0.137911,-1.066694,93.511406,18.299147,-0.040669,0.989703,0.090856,0.102859,-3.544388,114.2733,22.235641,0.053623,0.997133,0.013032,0.051782,-5.62286,134.81218,25.82876,0.104678,0.976423,-0.188195,-0.014938,-3.891379,149.300766,24.422083,-0.030046,0.929329,0.129066,0.344654,-9.001907,128.870102,24.671383,0.293089,-0.619644,0.000242,-0.728107,-22.302984,129.449295,13.333623,0.082973,0.139499,-0.462214,-0.871787,-16.54019,120.421478,-9.068544,0.202076,0.257019,-0.528768,-0.783269,-2.256629,142.605286,-4.61268,-0.031877,0.99037,0.110093,0.077661,-1.739136,129.330276,26.242188,0.322818,0.86073,0.151109,-0.363453,15.501493,130.135376,29.054905,-0.035066,0.121234,0.469977,-0.87361,28.596783,119.063889,11.096498,-0.023738,-0.191236,0.663261,-0.723153,15.618309,139.424484,6.707071,0.05629,0.937615,0.219094,0.264023,-8.693675,85.31295,13.634857,0.08385,0.990126,-0.03522,0.106678,-8.326396,52.780014,-2.332449,-0.057135,0.965494,0.048357,0.249438,-16.581593,6.002254,0.134011,-0.073301,0.948523,-0.106272,0.289203,7.761165,86.378586,22.580847,0.015409,0.907817,-0.193665,0.371652,10.573045,51.344673,31.42392,-0.035219,0.904705,0.020862,0.424067,2.395283,7.370594,47.604,-0.057135,0.965494,0.048357,0.249438,-9.062723,1.68849,-12.514708,-0.035219,0.904705,0.020862,0.424067,13.666937,2.245487,38.558834
59,0.491667,-0.034803,0.968556,0.021625,0.2454,-0.467805,85.847023,18.108658,-0.0451,0.984314,0.10036,0.137913,-1.067985,93.512688,18.299479,-0.04071,0.989701,0.09084,0.10287,-3.546133,114.274765,22.23855,0.05361,0.997131,0.013092,0.051813,-5.626274,134.813614,25.830803,0.104692,0.976436,-0.188124,-0.014888,-3.895154,149.302429,24.4259,-0.030229,0.929357,0.12905,0.344568,-9.004834,128.871246,24.67355,0.293037,-0.619606,0.000122,-0.728161,-22.307594,129.443878,13.337433,0.082932,0.139513,-0.462226,-0.871783,-16.542461,120.422554,-9.066746,0.202044,0.257063,-0.528681,-0.783322,-2.259424,142.606979,-4.609227,-0.031857,0.990366,0.110093,0.077712,-1.742147,129.332047,26.244566,0.32285,0.860736,0.151056,-0.363434,15.498248,130.136261,29.058975,-0.034941,0.121193,0.469976,-0.873621,28.593189,119.062248,11.101887,-0.023553,-0.191238,0.663435,-0.722999,15.614321,139.422058,6.711303,0.056197,0.93764,0.219078,0.263966,-8.695226,85.314209,13.635665,0.083868,0.990144,-0.035176,0.106511,-8.322882,52.780006,-2.32895,-0.057082,0.965514,0.048327,0.249378,-16.578905,6.002241,0.134518,-0.073302,0.948538,-0.106212,0.289175,7.759616,86.379845,22.581652,0.015401,0.907724,-0.193686,0.371869,10.573174,51.34502,31.42057,-0.03567,0.904683,0.020407,0.4241,2.391502,7.371709,47.600746,-0.057082,0.965514,0.048327,0.249378,-9.062139,1.687105,-12.514978,-0.03567,0.904683,0.020407,0.4241,13.666532,2.24058,38.563202
60,0.5,-0.034793,0.968549,0.021758,0.245416,-0.469371,85.847961,18.106659,-0.045075,0.984296,0.100474,0.137967,-1.069892,93.513557,18.299482,-0.040782,0.989694,0.09079,0.102955,-3.548048,114.276375,22.243572,0.053673,0.99712,0.013246,0.051914,-5.63128,134.815369,25.833248,0.104658,0.976437,-0.188144,-0.014824,-3.898215,149.304398,24.433105,-0.030151,0.92933,0.129124,0.344621,-9.008924,128.872482,24.676003,0.293025,-0.619641,0.000198,-0.728136,-22.31056,129.448807,13.338759,0.082875,0.139509,-0.462208,-0.871798,-16.547567,120.424583,-9.064798,0.201941,0.257059,-0.528789,-0.783277,-2.263573,142.608078,-4.605865,-0.031762,0.99037,0.1101,0.0777,-1.746584,129.33429,26.248318,0.322838,0.860771,0.151045,-0.363365,15.494084,130.135254,29.061962,-0.03484,0.121232,0.469942,-0.873638,28.591913,119.060478,11.107437,-0.023505,-0.191338,0.663467,-0.722945,15.611662,139.419098,6.712623,0.056226,0.937635,0.218999,0.264044,-8.696654,85.315964,13.633318,0.083857,0.990145,-0.035131,0.106522,-8.326566,52.779495,-2.326712,-0.057079,0.965493,0.04831,0.249461,-16.581198,6.001264,0.132547,-0.07334,0.948507,-0.106197,0.28927,7.757913,86.379967,22.58,0.015399,0.907745,-0.193688,0.371817,10.573454,51.345318,31.418995,-0.035751,0.904679,0.020341,0.424104,2.39283,7.372066,47.599865,-0.057079,0.965493,0.04831,0.249461,-9.062343,1.68572,-12.515566,-0.035751,0.904679,0.020341,0.424104,13.6685,2.240263,38.563507
61,0.508333,-0.034816,0.968546,0.02176,0.245426,-0.470241,85.84787,18.106863,-0.0451,0.984288,0.100521,0.13798,-1.071124,93.513435,18.299629,-0.04078,0.989689,0.090834,0.102968,-3.550584,114.27536,22.245413,0.05373,0.997115,0.013345,0.051924,-5.633939,134.814026,25.836893,0.104604,0.976452,-0.188092,-0.014843,-3.899305,149.303162,24.439739,-0.02995,0.929314,0.129232,0.344642,-9.011544,128.871231,24.679037,0.293134,-0.619655,0.000266,-0.72808,-22.313095,129.455521,13.342097,0.082967,0.13952,-0.462235,-0.871774,-16.550955,120.425285,-9.059258,0.201994,0.257115,-0.528803,-0.783236,-2.268772,142.60965,-4.602477,-0.031831,0.990351,0.110222,0.077734,-1.74924,129.332916,26.251558,0.322802,0.860814,0.150796,-0.363401,15.491096,130.135788,29.0667,-0.034818,0.121289,0.469956,-0.873624,28.588808,119.05764,11.114177,-0.023304,-0.191325,0.663441,-0.722978,15.610065,139.416199,6.716564,0.056185,0.937648,0.218954,0.264044,-8.697401,85.315468,13.633344,0.083878,0.990156,-0.035096,0.106415,-8.325407,52.777225,-2.323037,-0.057024,0.965497,0.048416,0.249439,-16.581409,5.999094,0.133675,-0.073319,0.948469,-0.106177,0.28941,7.756919,86.38028,22.580381,0.015324,0.907723,-0.193678,0.371877,10.570197,51.345097,31.41799,-0.03534,0.904686,0.020673,0.424108,2.395351,7.371244,47.600155,-0.057024,0.965497,0.048416,0.249439,-9.063552,1.686063,-12.51589,-0.03534,0.904686,0.020673,0.424108,13.668301,2.24281,38.558491
62,0.516667,-0.034816,0.968538,0.021783,0.245452,-0.471789,85.848511,18.107533,-0.045102,0.984277,0.100577,0.138018,-1.072765,93.514061,18.300617,-0.040828,0.98968,0.090856,0.103016,-3.552652,114.274445,22.248409,0.053628,0.997118,0.013363,0.051977,-5.638276,134.81279,25.840456,0.104639,0.976466,-0.188011,-0.01475,-3.906461,149.302307,24.443769,-0.03016,0.929339,0.129298,0.34453,-9.015213,128.86972,24.682014,0.292944,-0.619444,0.000474,-0.728336,-22.319027,129.447449,13.347393,0.082785,0.139385,-0.462514,-0.871665,-16.543917,120.418594,-9.051186,0.201878,0.257196,-0.52879,-0.783248,-2.274615,142.609604,-4.598589,-0.031806,0.990345,0.110248,0.077782,-1.753117,129.332001,26.255318,0.322756,0.860835,0.150947,-0.363326,15.487011,130.133743,29.072067,-0.034765,0.121349,0.46989,-0.873653,28.588867,119.059387,11.12023,-0.023336,-0.191235,0.663496,-0.722951,15.608308,139.414688,6.718704,0.056182,0.937655,0.218923,0.264045,-8.698708,85.316216,13.633555,0.083851,0.990159,-0.035083,0.106413,-8.327146,52.776981,-2.320801,-0.056995,0.965516,0.048484,0.24936,-16.580435,5.998313,0.134913,-0.073293,0.948461,-0.106183,0.289438,7.755131,86.380806,22.581512,0.015234,0.907627,-0.193666,0.372123,10.56619,51.345444,31.419096,-0.035214,0.904684,0.020704,0.42412,2.395174,7.370898,47.601311,-0.056995,0.965516,0.048484,0.24936,-9.064822,1.686874,-12.51653,-0.035214,0.904684,0.020704,0.42412,13.667226,2.24167,38.558979
63,0.525,-0.034837,0.968529,0.021749,0.245488,-0.472965,85.848541,18.107542,-0.045149,0.984264,0.100652,0.138037,-1.074134,93.514091,18.300018,-0.040826,0.989674,0.090905,0.103029,-3.556417,114.273026,22.250486,0.053543,0.997124,0.013348,0.051942,-5.642189,134.810989,25.844563,0.104722,0.97647,-0.187938,-0.014783,-3.912906,149.300751,24.447247,-0.030111,0.929366,0.12926,0.344477,-9.01908,128.868042,24.685446,0.293076,-0.619426,0.000335,-0.728298,-22.324289,129.446609,13.352505,0.082782,0.139346,-0.462544,-0.871655,-16.548054,120.418976,-9.046276,0.201715,0.257111,-0.528855,-0.783273,-2.280043,142.610397,-4.595778,-0.03181,0.99035,0.11019,0.077797,-1.75702,129.3302,26.258957,0.322807,0.860822,0.151129,-0.363238,15.483019,130.132156,29.076189,-0.034748,0.121449,0.46987,-0.87365,28.586418,119.058456,11.12507,-0.023527,-0.191021,0.66356,-0.722943,15.606825,139.411911,6.719111,0.056238,0.937631,0.218896,0.264139,-8.699527,85.315727,13.632968,0.083774,0.990158,-0.035083,0.106482,-8.330692,52.776081,-2.320621,-0.057064,0.965527,0.048494,0.249297,-16.577005,5.996201,0.13536,-0.073306,0.948485,-0.106177,0.289358,7.753596,86.381355,22.582117,0.015271,0.90767,-0.19363,0.372034,10.566471,51.346039,31.419325,-0.03519,0.904658,0.020699,0.424178,2.395046,7.370269,47.597992,-0.057064,0.965527,0.048494,0.249297,-9.062317,1.685549,-12.516899,-0.03519,0.904658,0.020699,0.424178,13.667997,2.240653,38.556999
64,0.533333,-0.034782,0.968519,0.021699,0.245542,-0.475423,85.847519,18.110292,-0.045173,0.984271,0.100591,0.13803,-1.075592,93.513161,18.302198,-0.040822,0.989666,0.091047,0.102985,-3.558033,114.2686,22.249252,0.053483,0.997126,0.013286,0.05198,-5.644078,134.805496,25.849257,0.104591,0.976497,-0.187883,-0.014639,-3.916332,149.295273,24.450134,-0.030071,0.929377,0.12928,0.344443,-9.020902,128.862778,24.688818,0.293044,-0.619446,0.000293,-0.728294,-22.327009,129.442734,13.357011,0.082738,0.13935,-0.462584,-0.871638,-16.552034,120.41732,-9.04298,0.201765,0.257104,-0.528979,-0.783179,-2.28585,142.610138,-4.591457,-0.031966,0.990352,0.110089,0.077851,-1.758702,129.324707,26.261742,0.322791,0.860848,0.151159,-0.363178,15.480693,130.132156,29.081314,-0.034666,0.121526,0.469784,-0.873689,28.586775,119.0588,11.131944,-0.023595,-0.190937,0.663631,-0.722897,15.604173,139.408936,6.720407,0.056191,0.93763,0.218907,0.264145,-8.701552,85.315514,13.634833,0.083782,0.990169,-0.035053,0.106386,-8.329175,52.775852,-2.318635,-0.057199,0.965536,0.048448,0.24924,-16.575686,5.995905,0.135267,-0.073342,0.948461,-0.106089,0.28946,7.750706,86.379532,22.585751,0.015274,0.907631,-0.193651,0.37212,10.566975,51.343243,31.418007,-0.035589,0.904679,0.020502,0.424109,2.393021,7.368258,47.597542,-0.057199,0.965536,0.048448,0.24924,-9.061188,1.684999,-12.517015,-0.035589,0.904679,0.020502,0.424109,13.667807,2.238563,38.558887
65,0.541667,-0.034781,0.968513,0.021652,0.24557,-0.47599,85.846344,18.111273,-0.045275,0.984256,0.100649,0.138057,-1.075967,93.512016,18.302479,-0.040756,0.989665,0.091066,0.102999,-3.56324,114.267662,22.251465,0.05338,0.997132,0.013293,0.051979,-5.646681,134.804642,25.852537,0.104597,0.976507,-0.187828,-0.014605,-3.921939,149.294769,24.453453,-0.030109,0.92937,0.12932,0.344442,-9.024258,128.862411,24.691732,0.293044,-0.619448,0.000313,-0.728292,-22.330299,129.441635,13.359803,0.082711,0.139313,-0.462637,-0.871618,-16.555452,120.415459,-9.039924,0.201738,0.257118,-0.528956,-0.783197,-2.291271,142.610031,-4.58983,-0.031962,0.990354,0.110062,0.077877,-1.762018,129.323318,26.264786,0.322821,0.860846,0.151241,-0.363122,15.477244,130.130585,29.085245,-0.03456,0.121564,0.469776,-0.873692,28.584396,119.05706,11.136765,-0.023604,-0.190956,0.663703,-0.722826,15.602008,139.406189,6.721222,0.056091,0.937655,0.21889,0.264091,-8.701871,85.314163,13.635376,0.083856,0.990171,-0.034993,0.106322,-8.324044,52.773125,-2.315162,-0.057097,0.965511,0.048515,0.24935,-16.576736,5.99395,0.132823,-0.073357,0.948466,-0.106023,0.289466,7.749891,86.378517,22.587172,0.015275,0.907518,-0.193676,0.37238,10.56851,51.341373,31.415251,-0.035222,0.904607,0.020755,0.424281,2.388942,7.367316,47.59446,-0.057097,0.965511,0.048515,0.24935,-9.060354,1.684231,-12.518747,-0.035222,0.904607,0.020755,0.424281,13.664475,2.239624,38.555603
66,0.55,-0.034754,0.968511,0.021642,0.245582,-0.47729,85.847008,18.112732,-0.045279,0.984247,0.100713,0.138077,-1.076839,93.512711,18.303869,-0.040798,0.989658,0.091095,0.103027,-3.564556,114.266251,22.255131,0.053345,0.997133,0.013318,0.051988,-5.64996,134.802872,25.85714,0.104549,0.976519,-0.187794,-0.014614,-3.926224,149.293182,24.45875,-0.030187,0.929393,0.129288,0.344385,-9.026961,128.860413,24.695812,0.293002,-0.619462,0.000217,-0.728297,-22.334217,129.436417,13.365137,0.082645,0.139301,-0.462689,-0.871599,-16.560209,120.414795,-9.036645,0.201736,0.257147,-0.529069,-0.783112,-2.298819,142.610123,-4.585936,-0.031993,0.990354,0.110063,0.077862,-1.764859,129.321869,26.269346,0.322927,0.860815,0.150974,-0.363212,15.474423,130.130295,29.089378,-0.034679,0.121627,0.469974,-0.873573,28.574926,119.048569,11.141093,-0.023592,-0.190937,0.663748,-0.72279,15.601603,139.405518,6.726372,0.056158,0.937575,0.218929,0.264329,-8.703096,85.315262,13.636637,0.083823,0.990145,-0.035038,0.106577,-8.324955,52.776009,-2.317533,-0.057139,0.965531,0.048386,0.249289,-16.575592,5.996603,0.13295,-0.073365,0.948446,-0.105996,0.289539,7.748516,86.378754,22.588825,0.015243,0.907498,-0.193693,0.372423,10.567615,51.341278,31.415453,-0.03525,0.904624,0.020772,0.424242,2.389514,7.367742,47.596836,-0.057139,0.965531,0.048386,0.249289,-9.060494,1.683485,-12.51823,-0.03525,0.904624,0.020772,0.424242,13.664616,2.240815,38.556992
67,0.558333,-0.034764,0.968511,0.021678,0.245578,-0.47776,85.845482,18.112022,-0.045283,0.98423,0.100842,0.138101,-1.077594,93.511162,18.303661,-0.040839,0.989654,0.091062,0.103076,-3.566994,114.269348,22.261307,0.053304,0.997133,0.0134,0.052007,-5.654136,134.806091,25.861668,0.104577,0.976513,-0.18781,-0.014621,-3.93165,149.296768,24.465641,-0.030244,0.929395,0.129248,0.34439,-9.030622,128.863327,24.700394,0.293023,-0.619479,0.000238,-0.728274,-22.337631,129.437012,13.369316,0.082635,0.139275,-0.46271,-0.871592,-16.564655,120.413757,-9.03207,0.201667,0.257218,-0.529141,-0.783058,-2.304089,142.609543,-4.582556,-0.031884,0.990351,0.110141,0.077832,-1.768719,129.325348,26.274672,0.322895,0.860846,0.150951,-0.363177,15.470966,130.129898,29.093338,-0.034749,0.12169,0.469967,-0.873565,28.573746,119.048347,11.146611,-0.023662,-0.190911,0.663736,-0.722805,15.600601,139.405731,6.730734,0.056057,0.937606,0.218903,0.26426,-8.703592,85.313713,13.635981,0.083887,0.990165,-0.034996,0.106357,-8.32032,52.77282,-2.314724,-0.057158,0.965517,0.048464,0.249321,-16.575994,5.994162,0.132955,-0.073372,0.948429,-0.106042,0.289577,7.748074,86.377251,22.588062,0.015263,0.907451,-0.193656,0.372556,10.566314,51.340557,31.418064,-0.035311,0.904589,0.020794,0.424312,2.385412,7.365713,47.594486,-0.057158,0.965517,0.048464,0.249321,-9.059783,1.683475,-12.518388,-0.035311,0.904589,0.020794,0.424312,13.662592,2.240188,38.556446
68,0.566667,-0.034769,0.968505,0.021699,0.2456,-0.479174,85.845329,18.113756,-0.045281,0.984234,0.100797,0.138103,-1.079162,93.510986,18.305676,-0.040803,0.989648,0.091166,0.103058,-3.567374,114.262512,22.260126,0.053278,0.997134,0.013452,0.052001,-5.653413,134.798569,25.864944,0.104419,0.976544,-0.187739,-0.014612,-3.931769,149.28952,24.470394,-0.030177,0.929432,0.129333,0.344266,-9.030223,128.856201,24.702572,0.293072,-0.619485,0.000117,-0.728249,-22.34037,129.432495,13.375319,0.082598,0.139256,-0.462757,-0.871574,-16.567783,120.412018,-9.027282,0.201572,0.257225,-0.529166,-0.783063,-2.309188,142.609268,-4.578049,-0.032191,0.990341,0.110056,0.077948,-1.768224,129.317581,26.276594,0.323024,0.860789,0.151136,-0.363119,15.470137,130.132538,29.100353,-0.034623,0.12164,0.470019,-0.873548,28.570848,119.049301,11.153169,-0.023681,-0.190931,0.663777,-0.722762,15.600483,139.406143,6.737023,0.056189,0.937519,0.218878,0.264562,-8.704794,85.313591,13.637323,0.083828,0.990156,-0.035014,0.106482,-8.325841,52.772976,-2.314061,-0.057203,0.965536,0.04852,0.249229,-16.576477,5.993488,0.134872,-0.073394,0.948447,-0.106041,0.289512,7.746445,86.377068,22.590189,0.015307,0.907554,-0.193653,0.372305,10.566822,51.340591,31.420383,-0.035681,0.904646,0.020539,0.424171,2.386738,7.365763,47.597244,-0.057203,0.965536,0.04852,0.249229,-9.062149,1.684637,-12.518217,-0.035681,0.904646,0.020539,0.424171,13.663816,2.238261,38.5602
69,0.575,-0.034797,0.96849,0.021792,0.245644,-0.479966,85.84465,18.116226,-0.045283,0.984222,0.100906,0.138107,-1.080731,93.510208,18.309399,-0.040892,0.989645,0.091148,0.103065,-3.570444,114.267326,22.269543,0.053265,0.997135,0.013417,0.052005,-5.660099,134.803223,25.873211,0.104475,0.97653,-0.187777,-0.014614,-3.938758,149.294098,24.477625,-0.03049,0.929408,0.129434,0.344264,-9.035857,128.860229,24.711044,0.292997,-0.619479,5.5e-05,-0.728285,-22.345388,129.427567,13.382621,0.082516,0.139198,-0.462786,-0.871576,-16.572412,120.411728,-9.021743,0.201496,0.257241,-0.529288,-0.782994,-2.314478,142.60936,-4.573329,-0.031927,0.99034,0.110208,0.077857,-1.77399,129.322906,26.285276,0.322917,0.860835,0.150988,-0.363166,15.465455,130.128662,29.105019,-0.034786,0.121693,0.470047,-0.873519,28.567896,119.046913,11.158173,-0.023683,-0.19099,0.663827,-0.7227,15.599042,139.406006,6.743632,0.056079,0.937574,0.218904,0.264368,-8.705144,85.312851,13.638994,0.083903,0.990183,-0.034972,0.106179,-8.321469,52.772186,-2.31216,-0.057316,0.965524,0.048471,0.249256,-16.577959,5.993631,0.134587,-0.073424,0.948447,-0.10599,0.289522,7.745211,86.37645,22.59346,0.015373,0.907626,-0.193699,0.372102,10.568646,51.339508,31.420813,-0.035105,0.904626,0.020892,0.424245,2.384823,7.366574,47.600918,-0.057316,0.965524,0.048471,0.249256,-9.061862,1.684364,-12.517302,-0.035105,0.904626,0.020892,0.424245,13.658995,2.240919,38.559212
70,0.583333,-0.034841,0.968485,0.021792,0.24566,-0.479513,85.842476,18.118979,-0.045216,0.984219,0.100964,0.138114,-1.080936,93.507996,18.31197,-0.041062,0.989634,0.091158,0.103096,-3.568025,114.263412,22.274664,0.053288,0.997134,0.013417,0.052007,-5.664858,134.798645,25.87793,0.104456,0.976546,-0.1877,-0.014668,-3.942851,149.289444,24.482378,-0.030443,0.929406,0.129418,0.344281,-9.038528,128.854507,24.715509,0.293049,-0.619474,-5.6e-05,-0.728268,-22.347736,129.423279,13.38678,0.082481,0.139232,-0.46282,-0.871556,-16.574461,120.409927,-9.018503,0.201411,0.257264,-0.529326,-0.782983,-2.318506,142.60881,-4.567922,-0.032006,0.990346,0.110162,0.077811,-1.776961,129.319641,26.290411,0.322924,0.860837,0.150992,-0.363154,15.462557,130.128448,29.108837,-0.034765,0.121616,0.470057,-0.873526,28.565216,119.046364,11.162358,-0.023615,-0.191098,0.663911,-0.722597,15.595703,139.406006,6.750502,0.05615,0.937581,0.218835,0.264389,-8.704483,85.309891,13.641459,0.083848,0.990194,-0.034891,0.106147,-8.326658,52.767597,-2.306522,-0.057184,0.965511,0.048674,0.249296,-16.577152,5.987617,0.133421,-0.073405,0.948483,-0.105979,0.289414,7.745456,86.375061,22.596498,0.015335,0.907587,-0.193665,0.372214,10.568829,51.337742,31.422388,-0.035154,0.904651,0.020936,0.424185,2.387463,7.363457,47.60009,-0.057184,0.965511,0.048674,0.249296,-9.061124,1.683058,-12.520111,-0.035154,0.904651,0.020936,0.424185,13.661104,2.23952,38.55674
71,0.591667,-0.034788,0.968492,0.021748,0.245642,-0.482526,85.841736,18.120653,-0.045186,0.984214,0.101046,0.138096,-1.082995,93.507339,18.31321,-0.041136,0.989629,0.091188,0.103091,-3.569281,114.262367,22.279552,0.053267,0.997137,0.013416,0.051973,-5.669321,134.797104,25.883739,0.104461,0.976547,-0.187686,-0.014728,-3.948035,149.287979,24.48805,-0.030458,0.929424,0.129314,0.344268,-9.042064,128.852493,24.721043,0.292902,-0.619454,4e-05,-0.728344,-22.351557,129.419418,13.392544,0.082375,0.139208,-0.462876,-0.87154,-16.577063,120.407402,-9.012975,0.201466,0.257209,-0.529327,-0.782986,-2.323258,142.608047,-4.561157,-0.031993,0.990349,0.110172,0.077767,-1.780571,129.318695,26.295984,0.322916,0.860849,0.151103,-0.363087,15.459226,130.127167,29.112833,-0.034778,0.121592,0.470024,-0.873546,28.564569,119.046768,11.167269,-0.023693,-0.191183,0.663798,-0.722676,15.593365,139.405365,6.756634,0.056099,0.937517,0.218982,0.264502,-8.707736,85.309898,13.643477,0.083861,0.990163,-0.034994,0.106395,-8.321609,52.771866,-2.312982,-0.057002,0.965535,0.048566,0.249269,-16.574942,5.992788,0.134483,-0.07345,0.948461,-0.10593,0.289492,7.742683,86.373581,22.59783,0.015358,0.907587,-0.193705,0.372194,10.569462,51.336002,31.421602,-0.034698,0.904612,0.021282,0.424289,2.385067,7.363257,47.601944,-0.057002,0.965535,0.048566,0.249269,-9.061528,1.683604,-12.519034,-0.034698,0.904612,0.021282,0.424289,13.657589,2.242554,38.555363
72,0.6,-0.034818,0.968492,0.021781,0.245636,-0.483409,85.840508,18.123505,-0.045188,0.984218,0.101039,0.138072,-1.08444,93.50605,18.316439,-0.041119,0.989636,0.091154,0.103061,-3.570376,114.258911,22.282146,0.053189,0.997142,0.013615,0.051893,-5.669465,134.793976,25.885075,0.104389,0.976556,-0.187671,-0.01485,-3.95096,149.285706,24.49493,-0.030396,0.92948,0.129363,0.344106,-9.04249,128.849396,24.722984,0.292965,-0.619444,-4.5e-05,-0.728328,-22.35602,129.418152,13.39933,0.082413,0.139223,-0.462852,-0.871547,-16.580898,120.407417,-9.006536,0.201423,0.257231,-0.529373,-0.782959,-2.326742,142.606445,-4.554991,-0.03205,0.990342,0.110177,0.077827,-1.780886,129.31543,26.297457,0.322869,0.860864,0.150942,-0.363161,15.458451,130.125641,29.1166,-0.034918,0.121607,0.470034,-0.873533,28.562641,119.044624,11.170587,-0.023737,-0.191194,0.663658,-0.7228,15.592164,139.404022,6.76263,0.056108,0.937539,0.218951,0.26445,-8.708635,85.308281,13.64641,0.083838,0.990189,-0.034912,0.106203,-8.32463,52.769325,-2.308236,-0.057118,0.965532,0.048619,0.249243,-16.57453,5.989331,0.133321,-0.073454,0.948504,-0.105881,0.289368,7.741817,86.372734,22.600599,0.015377,0.907567,-0.193712,0.372239,10.571083,51.334435,31.420712,-0.035091,0.904644,0.020985,0.424203,2.384013,7.361987,47.600513,-0.057118,0.965532,0.048619,0.249243,-9.060566,1.682591,-12.5207,-0.035091,0.904644,0.020985,0.424203,13.657585,2.238543,38.556797
73,0.608333,-0.034846,0.968491,0.021831,0.245633,-0.484744,85.83902,18.124741,-0.045174,0.984216,0.101067,0.138075,-1.086385,93.504509,18.31831,-0.041144,0.989629,0.091202,0.103069,-3.571976,114.257622,22.285309,0.053127,0.997147,0.013639,0.051861,-5.672317,134.792236,25.890053,0.104369,0.976558,-0.18767,-0.014905,-3.955732,149.284241,24.500443,-0.030376,0.92952,0.129304,0.34402,-9.044978,128.84758,24.727367,0.293001,-0.619405,-0.000105,-0.728346,-22.360617,129.415848,13.406157,0.082464,0.139233,-0.462841,-0.871546,-16.58312,120.406746,-8.999759,0.201411,0.257294,-0.529423,-0.782908,-2.328484,142.605804,-4.548955,-0.032102,0.99033,0.11028,0.077805,-1.783427,129.313904,26.302008,0.322825,0.860879,0.150903,-0.363179,15.455919,130.125702,29.120663,-0.03493,0.121609,0.470029,-0.873535,28.560852,119.045769,11.174514,-0.023715,-0.191319,0.66356,-0.722857,15.590119,139.405197,6.766712,0.056031,0.937522,0.219045,0.264448,-8.709963,85.306503,13.64766,0.083898,0.990192,-0.034948,0.106108,-8.318871,52.769897,-2.311611,-0.057321,0.965549,0.048502,0.249154,-16.574533,5.991104,0.133522,-0.073493,0.948511,-0.105845,0.289349,7.740474,86.371544,22.601822,0.015404,0.907567,-0.19373,0.372229,10.573344,51.333099,31.420214,-0.035528,0.904674,0.02068,0.424116,2.383484,7.361418,47.600689,-0.057321,0.965549,0.048502,0.249154,-9.060981,1.682638,-12.520159,-0.035528,0.904674,0.02068,0.424116,13.658482,2.235562,38.560116
74,0.616667,-0.034841,0.968499,0.021911,0.245592,-0.487142,85.838486,18.125832,-0.045163,0.984214,0.101097,0.138065,-1.088998,93.503922,18.320644,-0.041156,0.989625,0.09124,0.10307,-3.574253,114.256897,22.289007,0.053394,0.997131,0.013896,0.051833,-5.675231,134.791168,25.895292,0.104166,0.976553,-0.187791,-0.015103,-3.951369,149.283066,24.513494,-0.030385,0.929481,0.12939,0.344093,-9.047707,128.846497,24.732151,0.292923,-0.619426,-2.8e-05,-0.728359,-22.361582,129.415894,13.408928,0.082403,0.139297,-0.462848,-0.871538,-16.5854,120.40609,-8.997046,0.201501,0.257252,-0.529374,-0.782931,-2.331911,142.605408,-4.54181,-0.032176,0.990336,0.110179,0.077848,-1.786175,129.312927,26.306843,0.3228,0.860881,0.150938,-0.363183,15.452766,130.127411,29.127186,-0.034923,0.121598,0.470006,-0.87355,28.558372,119.049202,11.180456,-0.02367,-0.191268,0.663541,-0.72289,15.586704,139.407532,6.772937,0.056066,0.937485,0.219092,0.264533,-8.712745,85.306412,13.649407,0.083913,0.990146,-0.034997,0.106511,-8.321605,52.771591,-2.313486,-0.057305,0.965522,0.048474,0.249267,-16.580082,5.993354,0.132738,-0.073531,0.948531,-0.105846,0.289272,7.738461,86.37056,22.602257,0.015485,0.907681,-0.193762,0.371929,10.574643,51.332539,31.421263,-0.035536,0.904715,0.02069,0.424028,2.382039,7.36227,47.604191,-0.057305,0.965522,0.048474,0.249267,-9.063796,1.684106,-12.51905,-0.035536,0.904715,0.02069,0.424028,13.655403,2.23672,38.561405
75,0.625,-0.034899,0.968506,0.021978,0.24555,-0.487208,85.838379,18.128517,-0.045204,0.984214,0.101121,0.138038,-1.090174,93.5037,18.324141,-0.041191,0.989617,0.091345,0.103044,-3.577594,114.259697,22.293943,0.053446,0.997129,0.013857,0.051817,-5.680378,134.79306,25.904408,0.104161,0.97654,-0.187859,-0.015129,-3.954995,149.284668,24.521517,-0.030371,0.929465,0.129335,0.344158,-9.052338,128.848297,24.740263,0.292816,-0.619444,0.000123,-0.728387,-22.364666,129.417786,13.415228,0.0824,0.139267,-0.46282,-0.871558,-16.589561,120.405579,-8.990049,0.201535,0.257362,-0.529335,-0.782913,-2.334051,142.604202,-4.5358,-0.032069,0.99033,0.11037,0.077699,-1.79077,129.315094,26.314672,0.322697,0.860918,0.15101,-0.363157,15.449224,130.125885,29.129637,-0.035018,0.121595,0.469957,-0.873573,28.559065,119.052574,11.182992,-0.02368,-0.191276,0.663419,-0.722999,15.585237,139.409775,6.777607,0.056034,0.937549,0.21907,0.26433,-8.71312,85.305534,13.652754,0.083896,0.990166,-0.034922,0.106364,-8.323744,52.769764,-2.308236,-0.057326,0.965525,0.048571,0.249232,-16.579573,5.990758,0.132283,-0.073552,0.948533,-0.105789,0.289283,7.738705,86.371216,22.60428,0.01552,0.907723,-0.193789,0.371811,10.577415,51.332546,31.419865,-0.035103,0.904692,0.020992,0.424099,2.382886,7.36337,47.604774,-0.057326,0.965525,0.048571,0.249232,-9.063878,1.684381,-12.520835,-0.035103,0.904692,0.020992,0.424099,13.654524,2.240172,38.558506
76,0.633333,-0.034852,0.968512,0.021945,0.245538,-0.492655,85.839233,18.13139,-0.045155,0.984215,0.101178,0.138,-1.094784,93.504639,18.326694,-0.041222,0.989617,0.091375,0.103007,-3.580181,114.2593,22.299068,0.053435,0.997135,0.013898,0.051701,-5.684223,134.792313,25.910728,0.104255,0.976527,-0.187863,-0.015311,-3.959598,149.284103,24.52879,-0.030416,0.929414,0.129424,0.344258,-9.055824,128.847366,24.746519,0.292755,-0.619477,0.000216,-0.728384,-22.365637,129.416946,13.41854,0.082358,0.139282,-0.462805,-0.871567,-16.592583,120.402763,-8.986465,0.201532,0.257395,-0.529333,-0.782904,-2.335995,142.601471,-4.530199,-0.032036,0.990327,0.110387,0.077726,-1.794182,129.314621,26.320435,0.322643,0.860905,0.151102,-0.363198,15.445733,130.124146,29.136217,-0.034964,0.121508,0.469936,-0.873598,28.55584,119.055321,11.186999,-0.0235,-0.191259,0.663516,-0.722921,15.579791,139.412079,6.783863,0.055998,0.937497,0.219137,0.264465,-8.718733,85.307098,13.65585,0.083893,0.990169,-0.034919,0.106342,-8.323277,52.77317,-2.308759,-0.056986,0.965525,0.048596,0.249303,-16.578722,5.994093,0.131711,-0.073618,0.94858,-0.105709,0.28914,7.733422,86.371376,22.606928,0.015566,0.907751,-0.19381,0.371731,10.579691,51.332188,31.418043,-0.035073,0.904677,0.020959,0.424134,2.381896,7.363925,47.603775,-0.056986,0.965525,0.048596,0.249303,-9.064555,1.68566,-12.521606,-0.035073,0.904677,0.020959,0.424134,13.653803,2.23952,38.558533
77,0.641667,-0.034937,0.968513,0.022035,0.245511,-0.491552,85.837898,18.133003,-0.045182,0.984219,0.101177,0.137963,-1.095278,93.503151,18.329348,-0.041268,0.989616,0.091405,0.102968,-3.581523,114.256371,22.301361,0.053479,0.997131,0.013961,0.051728,-5.68745,134.789001,25.914139,0.104142,0.976531,-0.187909,-0.015257,-3.961544,149.280823,24.534161,-0.030303,0.929478,0.12938,0.344113,-9.058516,128.84375,24.749887,0.292771,-0.619439,0.000205,-0.72841,-22.372066,129.415756,13.42642,0.082429,0.139291,-0.462742,-0.871593,-16.596634,120.402039,-8.978158,0.201554,0.25738,-0.529323,-0.782911,-2.337146,142.598801,-4.522809,-0.032211,0.990333,0.110246,0.077775,-1.796808,129.311691,26.323313,0.322612,0.860922,0.150964,-0.363243,15.442448,130.127472,29.141346,-0.034875,0.121471,0.4699,-0.873626,28.551912,119.057533,11.19234,-0.023335,-0.19129,0.663745,-0.722708,15.573544,139.413193,6.788454,0.055945,0.937537,0.21918,0.264298,-8.717771,85.304626,13.657856,0.083974,0.990168,-0.034904,0.106288,-8.320669,52.771629,-2.308614,-0.057022,0.96549,0.048587,0.249434,-16.58346,5.993757,0.130086,-0.073623,0.948582,-0.105666,0.28915,7.734666,86.371178,22.608149,0.015607,0.907826,-0.193862,0.371519,10.582141,51.331383,31.416447,-0.035107,0.904724,0.020842,0.424038,2.382749,7.365161,47.606922,-0.057022,0.96549,0.048587,0.249434,-9.06557,1.685548,-12.521103,-0.035107,0.904724,0.020842,0.424038,13.652629,2.23808,38.560669
78,0.65,-0.034924,0.968532,0.02206,0.245436,-0.494835,85.837021,18.136511,-0.045109,0.98423,0.101142,0.137941,-1.098449,93.502274,18.33333,-0.041283,0.989617,0.091386,0.102969,-3.581145,114.254295,22.304071,0.053375,0.997137,0.014003,0.05171,-5.687642,134.787018,25.915998,0.104146,0.976536,-0.187878,-0.01526,-3.964862,149.279312,24.537043,-0.030287,0.929503,0.129557,0.343979,-9.058542,128.841629,24.751965,0.292904,-0.61949,5e-05,-0.728313,-22.375355,129.415649,13.432431,0.082563,0.139347,-0.462617,-0.871637,-16.603058,120.402695,-8.973275,0.201598,0.257358,-0.529293,-0.782927,-2.338094,142.596176,-4.51769,-0.032278,0.990322,0.110272,0.077846,-1.796858,129.30983,26.325422,0.322588,0.860921,0.150971,-0.363264,15.441866,130.127563,29.146156,-0.034872,0.121562,0.469885,-0.873622,28.551357,119.05899,11.196327,-0.023379,-0.191227,0.663517,-0.722932,15.573817,139.413269,6.788606,0.055951,0.937515,0.21922,0.264343,-8.721764,85.304054,13.66263,0.083943,0.990161,-0.034885,0.106388,-8.323491,52.772366,-2.306458,-0.057274,0.965484,0.048495,0.249416,-16.583395,5.993867,0.129874,-0.073693,0.948571,-0.105579,0.289199,7.732092,86.369995,22.61039,0.015595,0.907773,-0.193894,0.371631,10.585733,51.32962,31.414383,-0.035352,0.904761,0.020729,0.423943,2.384277,7.364553,47.606945,-0.057274,0.965484,0.048495,0.249416,-9.063564,1.685122,-12.519981,-0.035352,0.904761,0.020729,0.423943,13.654274,2.237605,38.56076
79,0.658333,-0.034958,0.968541,0.022131,0.245392,-0.495624,85.837379,18.137663,-0.04516,0.984228,0.101221,0.137877,-1.1,93.502541,18.335438,-0.041298,0.989616,0.091466,0.102897,-3.585288,114.256325,22.309788,0.053362,0.99714,0.013895,0.051684,-5.692459,134.788376,25.925081,0.104177,0.976522,-0.187936,-0.015223,-3.969988,149.280411,24.542921,-0.03031,0.929439,0.129588,0.344138,-9.063181,128.842957,24.760658,0.293039,-0.619511,1.6e-05,-0.728241,-22.376116,129.417419,13.436585,0.082598,0.139353,-0.46257,-0.871658,-16.605108,120.401237,-8.968157,0.201474,0.257247,-0.52913,-0.783106,-2.338536,142.592316,-4.513029,-0.032119,0.990327,0.110404,0.077659,-1.801293,129.311356,26.333118,0.322442,0.86098,0.150781,-0.363331,15.438804,130.123962,29.146931,-0.035002,0.121619,0.46987,-0.873617,28.550535,119.057716,11.197307,-0.023287,-0.191242,0.663469,-0.722975,15.572445,139.41301,6.789933,0.055907,0.937552,0.219232,0.264212,-8.722917,85.304092,13.664489,0.08391,0.990172,-0.034872,0.106311,-8.323665,52.772446,-2.304664,-0.05718,0.965503,0.048527,0.249357,-16.58017,5.993328,0.13152,-0.073697,0.94858,-0.105529,0.289185,7.731668,86.370659,22.610838,0.015618,0.907791,-0.19393,0.371569,10.586832,51.329552,31.411434,-0.035201,0.90475,0.020752,0.423979,2.383271,7.365859,47.606655,-0.05718,0.965503,0.048527,0.249357,-9.062759,1.684625,-12.519787,-0.035201,0.90475,0.020752,0.423979,13.652558,2.237598,38.560329
80,0.666667,-0.03496,0.968555,0.022184,0.245332,-0.49726,85.837326,18.140089,-0.045159,0.984238,0.101229,0.137804,-1.101856,93.502441,18.338676,-0.041307,0.989622,0.091489,0.102819,-3.586979,114.257027,22.313713,0.053296,0.997149,0.01401,0.051553,-5.694355,134.788864,25.930059,0.104263,0.976507,-0.187954,-0.015378,-3.974378,149.281479,24.550903,-0.030328,0.929507,0.129523,0.343978,-9.065036,128.843384,24.765957,0.293095,-0.619513,-6.2e-05,-0.728216,-22.381798,129.415665,13.446272,0.08268,0.139365,-0.462519,-0.871675,-16.610947,120.400528,-8.95892,0.201481,0.257304,-0.529085,-0.783115,-2.343291,142.588303,-4.505229,-0.032259,0.990324,0.11038,0.077674,-1.802919,129.311996,26.337294,0.322462,0.860974,0.150772,-0.363331,15.436785,130.129456,29.152113,-0.034726,0.121426,0.469808,-0.873688,28.547876,119.062332,11.202569,-0.022897,-0.191329,0.663799,-0.722662,15.56433,139.415131,6.796467,0.05594,0.937564,0.219221,0.264172,-8.7251,85.304207,13.667902,0.083869,0.990178,-0.034832,0.1063,-8.329007,52.772476,-2.301167,-0.057352,0.965498,0.048528,0.249337,-16.58127,5.992442,0.131732,-0.07373,0.948584,-0.105483,0.289182,7.730579,86.370438,22.612276,0.015692,0.907872,-0.193963,0.37135,10.588987,51.328995,31.410444,-0.035629,0.904776,0.020432,0.423904,2.381799,7.366726,47.607719,-0.057352,0.965498,0.048528,0.249337,-9.062667,1.685182,-12.519354,-0.035629,0.904776,0.020432,0.423904,13.652617,2.235571,38.564941
81,0.675,-0.034983,0.968564,0.022365,0.245274,-0.49843,85.837265,18.139639,-0.04513,0.984246,0.101241,0.137745,-1.104037,93.502243,18.340879,-0.041344,0.98962,0.091563,0.10276,-3.587823,114.257172,22.316795,0.053253,0.997155,0.013969,0.051482,-5.696815,134.78833,25.936144,0.104278,0.976507,-0.18794,-0.015439,-3.978256,149.28096,24.555592,-0.030278,0.929522,0.12952,0.343944,-9.067043,128.842651,24.771631,0.292957,-0.619508,8.2e-05,-0.728276,-22.384718,129.416336,13.453094,0.082658,0.139249,-0.462527,-0.871692,-16.613525,120.40033,-8.951672,0.201577,0.257221,-0.529026,-0.783158,-2.34344,142.589966,-4.50245,-0.03221,0.990305,0.110649,0.077555,-1.80479,129.311768,26.342192,0.322279,0.861041,0.150311,-0.363527,15.43567,130.127243,29.152969,-0.035003,0.121519,0.46984,-0.873646,28.545555,119.060013,11.202592,-0.022773,-0.19128,0.663685,-0.722783,15.563375,139.416962,6.798753,0.055991,0.937588,0.219102,0.264174,-8.726772,85.304543,13.668331,0.083882,0.990219,-0.034714,0.105947,-8.336477,52.769428,-2.293988,-0.05738,0.96545,0.04872,0.249479,-16.587915,5.988822,0.130589,-0.073723,0.948629,-0.105549,0.289009,7.729913,86.369995,22.610947,0.015682,0.907996,-0.193905,0.371078,10.588069,51.329494,31.412952,-0.035854,0.904849,0.020355,0.423732,2.388613,7.365087,47.60833,-0.05738,0.96545,0.04872,0.249479,-9.065177,1.687421,-12.520035,-0.035854,0.904849,0.020355,0.423732,13.657957,2.234701,38.563282
82,0.683333,-0.035039,0.968574,0.022435,0.24522,-0.499859,85.83506,18.141317,-0.045127,0.984256,0.101249,0.137667,-1.106554,93.499924,18.343407,-0.041353,0.989625,0.091601,0.102674,-3.590323,114.258049,22.320526,0.053234,0.997158,0.014028,0.051425,-5.699514,134.788879,25.941589,0.104247,0.976501,-0.187989,-0.015467,-3.981781,149.281769,24.562613,-0.030345,0.929526,0.129587,0.3439,-9.069702,128.843155,24.777264,0.293057,-0.61953,-4.4e-05,-0.728217,-22.388287,129.415298,13.459727,0.08273,0.139248,-0.462491,-0.871704,-16.618481,120.400452,-8.945851,0.201568,0.25721,-0.529019,-0.783168,-2.346902,142.588837,-4.498323,-0.0322,0.990309,0.110646,0.077522,-1.807202,129.312454,26.346609,0.322142,0.861115,0.150553,-0.363373,15.433455,130.127701,29.156214,-0.034859,0.121443,0.469614,-0.873784,28.553301,119.068375,11.208264,-0.02267,-0.191304,0.663738,-0.722732,15.559283,139.418655,6.802967,0.055917,0.937596,0.219214,0.26407,-8.728619,85.301598,13.670871,0.083937,0.990183,-0.034796,0.106219,-8.332854,52.769436,-2.297334,-0.057122,0.965461,0.048724,0.249496,-16.590885,5.990237,0.132123,-0.073752,0.948652,-0.105535,0.288934,7.728899,86.368523,22.611765,0.015736,0.908073,-0.19394,0.370867,10.590023,51.328098,31.413141,-0.035692,0.904852,0.020428,0.423736,2.388418,7.365137,47.611343,-0.057122,0.965461,0.048724,0.249496,-9.070258,1.686814,-12.519063,-0.035692,0.904852,0.020428,0.423736,13.656509,2.234564,38.564846
83,0.691667,-0.035036,0.968592,0.022505,0.245145,-0.502766,85.83477,18.142405,-0.045155,0.984262,0.101292,0.137584,-1.109668,93.499588,18.34561,-0.041326,0.989634,0.091609,0.102584,-3.594687,114.258705,22.324825,0.053243,0.997158,0.014047,0.05141,-5.702496,134.789566,25.946537,0.104157,0.976501,-0.18804,-0.015417,-3.984572,149.282486,24.568113,-0.030366,0.929534,0.129539,0.343896,-9.073106,128.843964,24.782759,0.293183,-0.619783,-0.000461,-0.727952,-22.391758,129.41478,13.46523,0.082816,0.139351,-0.462181,-0.871844,-16.637493,120.407463,-8.947378,0.201529,0.257181,-0.528946,-0.783237,-2.350935,142.587784,-4.494354,-0.032286,0.990318,0.110547,0.077511,-1.810297,129.312988,26.350767,0.322093,0.861129,0.150363,-0.363462,15.430223,130.131561,29.160234,-0.034878,0.121535,0.469594,-0.873781,28.548409,119.07132,11.211618,-0.022721,-0.191343,0.663657,-0.722794,15.55562,139.419281,6.803188,0.055921,0.937565,0.219272,0.26413,-8.732221,85.301643,13.673194,0.083952,0.990177,-0.034799,0.106259,-8.334501,52.771358,-2.298775,-0.057198,0.965417,0.048697,0.249653,-16.594141,5.992442,0.130523,-0.073795,0.948641,-0.105456,0.288987,7.726689,86.367897,22.611616,0.015716,0.908062,-0.194016,0.370857,10.591972,51.326733,31.408676,-0.035265,0.904838,0.020795,0.423783,2.389652,7.366496,47.613914,-0.057198,0.965417,0.048697,0.249653,-9.068738,1.689074,-12.517847,-0.035265,0.904838,0.020795,0.423783,13.655838,2.240033,38.56271
84,0.7,-0.035176,0.968591,0.022644,0.245114,-0.498993,85.830353,18.142128,-0.045179,0.984265,0.101368,0.137498,-1.108486,93.494926,18.346893,-0.041335,0.989644,0.091614,0.102487,-3.59498,114.256599,22.329981,0.0532,0.997165,0.014052,0.051329,-5.702803,134.787399,25.952053,0.1041,0.976503,-0.18806,-0.01547,-3.986399,149.280472,24.573553,-0.03039,0.929533,0.129565,0.343887,-9.073433,128.84166,24.788946,0.293086,-0.619887,-0.000391,-0.727902,-22.392256,129.412003,13.471585,0.082701,0.139315,-0.462203,-0.871849,-16.644388,120.40361,-8.942234,0.201523,0.257167,-0.528827,-0.783323,-2.359407,142.582489,-4.488439,-0.032339,0.990321,0.110541,0.077456,-1.810334,129.310959,26.355541,0.322138,0.86108,0.150402,-0.363522,15.430376,130.131577,29.163301,-0.03477,0.121435,0.46959,-0.873802,28.544966,119.071327,11.212065,-0.022659,-0.191404,0.663709,-0.722732,15.550046,139.419891,6.805068,0.055942,0.937602,0.219314,0.263959,-8.728558,85.295319,13.673342,0.083967,0.99016,-0.034857,0.106384,-8.334346,52.766563,-2.301827,-0.057423,0.965418,0.04881,0.249578,-16.596184,5.988255,0.131669,-0.073706,0.948696,-0.105472,0.288824,7.730572,86.365387,22.610914,0.01568,0.907988,-0.194021,0.371036,10.590906,51.323517,31.406767,-0.035517,0.904846,0.020628,0.423753,2.388316,7.363388,47.612171,-0.057423,0.965418,0.04881,0.249578,-9.070358,1.689867,-12.518149,-0.035517,0.904846,0.020628,0.423753,13.655782,2.235795,38.56319
85,0.708333,-0.035127,0.96861,0.022631,0.245048,-0.503763,85.829269,18.145409,-0.045169,0.984277,0.101366,0.13742,-1.11247,93.493904,18.350193,-0.041319,0.989652,0.091632,0.1024,-3.598142,114.254936,22.333319,0.053273,0.997161,0.014131,0.051302,-5.705081,134.785645,25.956381,0.104005,0.976499,-0.188129,-0.015479,-3.986754,149.278732,24.580231,-0.030332,0.929527,0.129706,0.343855,-9.075986,128.839996,24.79369,0.293235,-0.619951,-0.000431,-0.727787,-22.395689,129.413757,13.477546,0.082809,0.139301,-0.462187,-0.871849,-16.65177,120.401299,-8.935647,0.201542,0.257198,-0.528896,-0.783262,-2.365732,142.5802,-4.485068,-0.032394,0.990319,0.110584,0.077391,-1.812606,129.309158,26.359016,0.322075,0.861106,0.150259,-0.363573,15.428326,130.131821,29.16478,-0.034866,0.121498,0.469537,-0.873818,28.543053,119.071648,11.213604,-0.022743,-0.191337,0.663567,-0.722878,15.54646,139.419037,6.805892,0.055896,0.937576,0.219366,0.264018,-8.733996,85.295013,13.677767,0.083986,0.990183,-0.034819,0.106164,-8.334591,52.767532,-2.29988,-0.057582,0.965401,0.048756,0.249617,-16.597301,5.989277,0.131704,-0.073786,0.948718,-0.105376,0.288767,7.72647,86.363533,22.613052,0.015764,0.908118,-0.194083,0.370682,10.594851,51.321053,31.403851,-0.03515,0.904849,0.020814,0.423769,2.389124,7.363441,47.614468,-0.057582,0.965401,0.048756,0.249617,-9.068954,1.690758,-12.516562,-0.03515,0.904849,0.020814,0.423769,13.653962,2.236003,38.562138
86,0.716667,-0.035151,0.968622,0.022741,0.244989,-0.5062,85.827347,18.145687,-0.045105,0.984284,0.101378,0.13738,-1.115668,93.491882,18.35206,-0.041346,0.989652,0.091643,0.102375,-3.598689,114.253853,22.336315,0.053233,0.997165,0.014159,0.051262,-5.706674,134.784393,25.959772,0.104007,0.976495,-0.188149,-0.015523,-3.989655,149.277679,24.58429,-0.030344,0.929568,0.129705,0.343744,-9.077282,128.838562,24.79715,0.293256,-0.620002,-0.000519,-0.727736,-22.399637,129.411392,13.484076,0.082824,0.13921,-0.462169,-0.871872,-16.658857,120.400749,-8.930654,0.201567,0.257066,-0.528903,-0.783294,-2.369672,142.580551,-4.484203,-0.032325,0.990311,0.110754,0.077282,-1.813856,129.308136,26.362144,0.32192,0.861138,0.150205,-0.363659,15.427822,130.128372,29.16404,-0.03495,0.121393,0.469385,-0.873911,28.544443,119.07402,11.210658,-0.022736,-0.191334,0.663652,-0.722801,15.538825,139.418549,6.808318,0.055854,0.937589,0.219404,0.263948,-8.736942,85.293129,13.678977,0.084018,0.990174,-0.034812,0.106226,-8.335133,52.766514,-2.300373,-0.057373,0.965381,0.048777,0.249738,-16.600904,5.988714,0.129698,-0.073847,0.948738,-0.105333,0.288699,7.724543,86.361572,22.612398,0.015774,0.908072,-0.194127,0.370771,10.598703,51.319092,31.401318,-0.035063,0.904863,0.020897,0.423742,2.389037,7.363134,47.614449,-0.057373,0.965381,0.048777,0.249738,-9.071491,1.689175,-12.517592,-0.035063,0.904863,0.020897,0.423742,13.652804,2.236712,38.560207
87,0.725,-0.035183,0.968633,0.022793,0.244936,-0.506244,85.825645,18.146852,-0.045091,0.984288,0.101407,0.137335,-1.116373,93.490105,18.353909,-0.041361,0.989653,0.091672,0.102336,-3.598942,114.253113,22.339783,0.053159,0.99717,0.014118,0.051251,-5.707524,134.783371,25.964468,0.103982,0.976493,-0.188174,-0.01548,-3.992652,149.27681,24.587673,-0.030348,0.929581,0.129699,0.343711,-9.077968,128.837448,24.801796,0.293466,-0.620152,-0.000838,-0.727522,-22.401108,129.409912,13.489628,0.082905,0.13932,-0.4621,-0.871883,-16.669611,120.402084,-8.928615,0.201601,0.257068,-0.528865,-0.78331,-2.38006,142.577835,-4.479077,-0.032337,0.990313,0.110789,0.077203,-1.814442,129.307251,26.366261,0.321847,0.861157,0.149992,-0.363766,15.427637,130.128128,29.165516,-0.035068,0.121425,0.469363,-0.873914,28.542727,119.073532,11.21117,-0.022747,-0.191312,0.663479,-0.722965,15.536016,139.41864,6.809971,0.05586,0.937596,0.219464,0.263872,-8.737427,85.291046,13.681001,0.084021,0.990164,-0.034857,0.106309,-8.336123,52.766399,-2.302362,-0.057513,0.965369,0.048773,0.249751,-16.602835,5.988955,0.131228,-0.073872,0.948796,-0.105317,0.28851,7.724939,86.360245,22.612705,0.015834,0.908062,-0.19418,0.370766,10.602902,51.317776,31.400448,-0.035481,0.904882,0.020641,0.423679,2.386234,7.363957,47.615833,-0.057513,0.965369,0.048773,0.249751,-9.071702,1.690496,-12.5154,-0.035481,0.904882,0.020641,0.423679,13.651914,2.236171,38.564743
88,0.733333,-0.035325,0.968635,0.022969,0.244889,-0.503249,85.823151,18.1446,-0.045112,0.984293,0.10144,0.13727,-1.116135,93.487335,18.353781,-0.041414,0.989654,0.091706,0.102271,-3.599825,114.252922,22.341633,0.053264,0.997164,0.014137,0.051257,-5.710519,134.782745,25.967609,0.103855,0.97649,-0.188263,-0.015462,-3.992601,149.275894,24.591532,-0.030311,0.929584,0.129763,0.343681,-9.080365,128.836472,24.805052,0.293529,-0.620223,-0.000865,-0.727437,-22.404308,129.410736,13.493921,0.082962,0.139295,-0.462082,-0.871891,-16.677164,120.400963,-8.924649,0.201706,0.256981,-0.528917,-0.783276,-2.385716,142.577393,-4.477351,-0.032542,0.990294,0.110905,0.077199,-1.816706,129.307083,26.368649,0.321904,0.861149,0.149966,-0.363745,15.424928,130.13472,29.168638,-0.034876,0.121389,0.469319,-0.87395,28.53891,119.077171,11.215287,-0.022654,-0.191413,0.663395,-0.723018,15.530801,139.418381,6.81126,0.055909,0.937621,0.219502,0.263743,-8.734679,85.286781,13.679415,0.084033,0.990177,-0.034904,0.106159,-8.338167,52.763737,-2.307327,-0.057437,0.965348,0.048889,0.249829,-16.606129,5.986807,0.131854,-0.073869,0.948795,-0.105258,0.288535,7.728182,86.359528,22.609785,0.015872,0.908091,-0.194235,0.370664,10.606921,51.316132,31.393528,-0.035245,0.904825,0.020894,0.423807,2.38689,7.364479,47.613087,-0.057437,0.965348,0.048889,0.249829,-9.073626,1.691088,-12.514893,-0.035245,0.904825,0.020894,0.423807,13.653749,2.240341,38.561394
89,0.741667,-0.03536,0.968641,0.023092,0.24485,-0.504156,85.820526,18.143263,-0.045127,0.984298,0.101467,0.137209,-1.11802,93.484581,18.354158,-0.041373,0.98966,0.091747,0.102195,-3.602616,114.252762,22.343767,0.053186,0.997172,0.014161,0.051167,-5.711504,134.782394,25.971788,0.103897,0.97647,-0.188337,-0.015532,-3.996165,149.275894,24.596125,-0.030336,0.929619,0.129757,0.343586,-9.08189,128.836411,24.809282,0.293497,-0.620277,-0.000892,-0.727403,-22.408049,129.409378,13.500706,0.08293,0.139195,-0.462087,-0.871908,-16.684258,120.400742,-8.919172,0.201707,0.256891,-0.528931,-0.783297,-2.391458,142.577332,-4.475591,-0.032377,0.990316,0.110853,0.07705,-1.817953,129.306473,26.371744,0.321803,0.861159,0.150031,-0.363785,15.424853,130.129135,29.165953,-0.034909,0.121245,0.469276,-0.873992,28.540648,119.077209,11.210478,-0.022523,-0.191599,0.663226,-0.723128,15.528424,139.41803,6.812922,0.056021,0.937582,0.219495,0.263863,-8.7359,85.28405,13.678673,0.084015,0.990151,-0.034942,0.106407,-8.345032,52.761696,-2.30961,-0.057559,0.965306,0.048947,0.249949,-16.612286,5.984724,0.131201,-0.073898,0.948806,-0.105235,0.288499,7.727588,86.357002,22.607855,0.015833,0.908073,-0.194311,0.37067,10.609165,51.313557,31.390493,-0.035183,0.904889,0.02092,0.423675,2.389699,7.364598,47.617622,-0.057559,0.965306,0.048947,0.249949,-9.075404,1.691837,-12.513895,-0.035183,0.904889,0.02092,0.423675,13.653398,2.24024,38.56213
90,0.75,-0.035385,0.968646,0.023109,0.244823,-0.505839,85.818619,18.143108,-0.045112,0.984302,0.1015,0.137158,-1.120123,93.482635,18.354187,-0.041385,0.989661,0.091793,0.10214,-3.604123,114.251205,22.345463,0.053213,0.997171,0.014158,0.051158,-5.713498,134.780457,25.97543,0.103842,0.976465,-0.188392,-0.015509,-3.997415,149.273849,24.599686,-0.03028,0.929691,0.12972,0.34341,-9.083755,128.834427,24.812805,0.293523,-0.620282,-0.000892,-0.727389,-22.414278,129.407852,13.50939,0.082981,0.139064,-0.462149,-0.871891,-16.690775,120.398346,-8.910213,0.201773,0.256841,-0.528892,-0.783322,-2.399594,142.576416,-4.474557,-0.03261,0.990295,0.110983,0.077036,-1.819663,129.304672,26.374495,0.321841,0.861158,0.149735,-0.363875,15.422697,130.135086,29.169189,-0.034867,0.121259,0.469293,-0.873982,28.53401,119.076874,11.214306,-0.022439,-0.191646,0.66315,-0.723188,15.52369,139.416489,6.815598,0.055915,0.93757,0.219625,0.26382,-8.7378,85.281761,13.678959,0.084096,0.990145,-0.035026,0.106366,-8.337898,52.76265,-2.315712,-0.057881,0.965303,0.048812,0.249915,-16.613426,5.987525,0.132515,-0.073892,0.948828,-0.105165,0.288456,7.726122,86.355476,22.607258,0.015778,0.908049,-0.194393,0.370688,10.609162,51.310902,31.384928,-0.035124,0.904919,0.020946,0.423614,2.391276,7.364798,47.620586,-0.057881,0.965303,0.048812,0.249915,-9.074372,1.693458,-12.510887,-0.035124,0.904919,0.020946,0.423614,13.653287,2.240331,38.563053
91,0.758333,-0.035344,0.968657,0.023038,0.244792,-0.508691,85.818718,18.145041,-0.045134,0.984307,0.101518,0.137101,-1.1221,93.482834,18.35523,-0.041411,0.989665,0.091812,0.102073,-3.606764,114.250076,22.347099,0.052884,0.997196,0.013961,0.051081,-5.717031,134.779083,25.977892,0.104088,0.976452,-0.188334,-0.015434,-4.01044,149.272995,24.595793,-0.030228,0.929771,0.129636,0.343231,-9.087046,128.832855,24.81555,0.293651,-0.620275,-0.00104,-0.727342,-22.421965,129.406082,13.517311,0.083096,0.139017,-0.462129,-0.871898,-16.698095,120.398056,-8.902791,0.201814,0.256753,-0.528899,-0.783336,-2.405763,142.575256,-4.472175,-0.032509,0.990294,0.111112,0.076907,-1.82278,129.303558,26.376301,0.321722,0.861195,0.149582,-0.363954,15.420503,130.13063,29.166286,-0.034993,0.121228,0.469217,-0.874022,28.532761,119.074753,11.210653,-0.022508,-0.191773,0.663072,-0.723224,15.517524,139.414291,6.815429,0.055926,0.937572,0.219602,0.263831,-8.740984,85.282249,13.681459,0.084059,0.990193,-0.03494,0.105981,-8.342093,52.76252,-2.311961,-0.057641,0.965303,0.048872,0.249957,-16.612375,5.986232,0.131777,-0.073933,0.948868,-0.105082,0.288343,7.723601,86.355194,22.608624,0.015886,0.908081,-0.194407,0.370598,10.612289,51.309788,31.381107,-0.035566,0.904872,0.020637,0.423694,2.386191,7.364521,47.614872,-0.057641,0.965303,0.048872,0.249957,-9.074564,1.691917,-12.512281,-0.035566,0.904872,0.020637,0.423694,13.652998,2.237748,38.56461
92,0.766667,-0.035409,0.96867,0.023204,0.244716,-0.507733,85.815575,18.140825,-0.045154,0.984311,0.101579,0.13702,-1.122719,93.4795,18.353296,-0.041416,0.989668,0.091867,0.101991,-3.608461,114.248001,22.34812,0.052967,0.997194,0.014038,0.051006,-5.718849,134.776566,25.981314,0.104041,0.976438,-0.188423,-0.015541,-4.010204,149.270447,24.601448,-0.030362,0.929617,0.129965,0.34351,-9.088846,128.830338,24.818932,0.2935,-0.62042,-0.000916,-0.72728,-22.416794,129.404587,13.512522,0.082889,0.139066,-0.462137,-0.871906,-16.701811,120.394623,-8.909074,0.201802,0.256716,-0.528928,-0.783332,-2.40942,142.572891,-4.470698,-0.032515,0.990301,0.111099,0.076842,-1.824338,129.301132,26.378531,0.321832,0.861121,0.150193,-0.363782,15.419284,130.128693,29.166275,-0.034707,0.120991,0.469133,-0.874111,28.534264,119.079041,11.208798,-0.022434,-0.191807,0.663026,-0.723259,15.513989,139.412384,6.817065,0.055905,0.937548,0.219714,0.263825,-8.740645,85.278641,13.67844,0.084125,0.990149,-0.035066,0.106294,-8.3382,52.762299,-2.321783,-0.057764,0.965295,0.048826,0.249971,-16.616714,5.987921,0.130535,-0.073883,0.948884,-0.105137,0.288282,7.725179,86.352501,22.60321,0.015832,0.908096,-0.194428,0.370552,10.609824,51.307411,31.378281,-0.035693,0.90489,0.020578,0.423646,2.388478,7.362756,47.616123,-0.057764,0.965295,0.048826,0.249971,-9.077357,1.693334,-12.512511,-0.035693,0.90489,0.020578,0.423646,13.655374,2.236028,38.565945
93,0.775,-0.035436,0.968669,0.023262,0.244712,-0.508043,85.812721,18.138184,-0.04516,0.984314,0.101605,0.136982,-1.123643,93.47657,18.351412,-0.041427,0.989669,0.091907,0.101941,-3.609664,114.24527,22.347443,0.052921,0.9972,0.014051,0.050943,-5.720504,134.773499,25.982347,0.104053,0.976434,-0.188429,-0.015597,-4.013434,149.267578,24.602663,-0.030358,0.92964,0.130012,0.343431,-9.090381,128.827209,24.819874,0.293501,-0.620483,-0.000994,-0.727225,-22.420223,129.401764,13.515722,0.082818,0.138987,-0.462119,-0.871935,-16.709169,120.393684,-8.907622,0.201672,0.256603,-0.528876,-0.783436,-2.41497,142.570526,-4.470924,-0.032532,0.990299,0.111128,0.076813,-1.825737,129.298172,26.378769,0.321708,0.861166,0.150308,-0.363738,15.417994,130.126358,29.165623,-0.03469,0.121002,0.468988,-0.874188,28.538507,119.083046,11.208298,-0.022492,-0.191866,0.662873,-0.723381,15.512241,139.411011,6.815173,0.055873,0.937583,0.219798,0.263639,-8.740946,85.275558,13.675817,0.084104,0.990143,-0.03517,0.106335,-8.33781,52.761627,-2.329278,-0.057672,0.965297,0.048848,0.249979,-16.615448,5.987597,0.132656,-0.073963,0.948849,-0.10509,0.288394,7.724861,86.349876,22.600552,0.015879,0.908025,-0.194475,0.370698,10.614965,51.304924,31.374401,-0.035703,0.904846,0.020581,0.42374,2.385336,7.362169,47.613167,-0.057672,0.965297,0.048848,0.249979,-9.076795,1.692876,-12.510757,-0.035703,0.904846,0.020581,0.42374,13.654211,2.23571,38.565315
94,0.783333,-0.035434,0.968681,0.023312,0.244661,-0.509653,85.812935,18.135612,-0.045161,0.984316,0.101651,0.136926,-1.125393,93.476761,18.34963,-0.041416,0.989668,0.091987,0.10188,-3.611483,114.24482,22.347656,0.053069,0.997194,0.01414,0.050869,-5.721982,134.772461,25.986008,0.103945,0.976416,-0.188573,-0.015755,-4.010962,149.266342,24.608994,-0.030313,0.929661,0.130042,0.343366,-9.091971,128.82634,24.823044,0.293526,-0.620548,-0.001059,-0.72716,-22.423468,129.402405,13.520911,0.08282,0.138938,-0.462076,-0.871965,-16.716383,120.394958,-8.903702,0.201656,0.256507,-0.528866,-0.783479,-2.419518,142.570099,-4.468991,-0.032528,0.990299,0.111163,0.076764,-1.827129,129.297119,26.381084,0.321759,0.861127,0.150565,-0.363678,15.416877,130.125275,29.166273,-0.034538,0.120915,0.468946,-0.874229,28.537941,119.084618,11.207712,-0.022485,-0.191965,0.662634,-0.723575,15.509709,139.409012,6.81486,0.055934,0.937584,0.219733,0.263678,-8.743036,85.276031,13.674097,0.084045,0.990153,-0.035141,0.106298,-8.344683,52.760529,-2.327943,-0.057807,0.965275,0.048842,0.250035,-16.61644,5.985364,0.132194,-0.073987,0.948871,-0.105077,0.28832,7.72373,86.349846,22.59713,0.015843,0.908098,-0.194544,0.370486,10.616417,51.304947,31.370323,-0.035087,0.904875,0.020934,0.423712,2.391221,7.364643,47.617966,-0.057807,0.965275,0.048842,0.250035,-9.07499,1.691666,-12.509903,-0.035087,0.904875,0.020934,0.423712,13.654772,2.239469,38.562752
95,0.791667,-0.035426,0.968693,0.023347,0.244611,-0.509833,85.811821,18.133045,-0.045173,0.984314,0.101721,0.136885,-1.125583,93.475624,18.347639,-0.041391,0.98967,0.092023,0.101841,-3.612721,114.245567,22.349113,0.053014,0.9972,0.014139,0.050816,-5.722176,134.773026,25.989134,0.103943,0.976406,-0.188623,-0.015799,-4.012932,149.26709,24.611895,-0.030428,0.929707,0.130015,0.343243,-9.092479,128.827118,24.826033,0.293354,-0.620581,-0.001029,-0.727202,-22.426702,129.398529,13.526876,0.082741,0.138868,-0.462094,-0.871974,-16.721645,120.394829,-8.899769,0.201767,0.256465,-0.528844,-0.783479,-2.424347,142.570526,-4.466264,-0.032485,0.990302,0.111183,0.076709,-1.827484,129.297501,26.38348,0.321674,0.861126,0.150387,-0.36383,15.416919,130.124344,29.166613,-0.034512,0.120819,0.468924,-0.874255,28.535233,119.085251,11.205075,-0.022253,-0.192042,0.662751,-0.723455,15.503891,139.410477,6.815173,0.055846,0.937575,0.219869,0.263615,-8.743684,85.275177,13.672354,0.084104,0.990114,-0.035263,0.106572,-8.337687,52.763294,-2.336854,-0.057947,0.965275,0.048723,0.250024,-16.616817,5.989882,0.13188,-0.074049,0.948887,-0.105063,0.288258,7.724017,86.348465,22.593735,0.015944,0.908063,-0.194573,0.370551,10.621802,51.30402,31.367069,-0.035296,0.904792,0.020895,0.423874,2.385775,7.365081,47.612938,-0.057947,0.965275,0.048723,0.250024,-9.074384,1.693999,-12.508891,-0.035296,0.904792,0.020895,0.423874,13.654473,2.241665,38.563126
96,0.8,-0.035444,0.968703,0.023381,0.244565,-0.509331,85.813004,18.131462,-0.045189,0.984317,0.101737,0.136848,-1.125461,93.476761,18.346537,-0.041447,0.989663,0.092111,0.101806,-3.612962,114.244568,22.348286,0.052991,0.997205,0.014166,0.050735,-5.724974,134.771149,25.991758,0.103966,0.976393,-0.188667,-0.01592,-4.016702,149.265366,24.615133,-0.03039,0.929719,0.130067,0.343194,-9.094543,128.824966,24.827913,0.293328,-0.62063,-0.001067,-0.72717,-22.43,129.397995,13.530304,0.082741,0.138866,-0.462047,-0.872,-16.727989,120.395752,-8.897695,0.201856,0.256347,-0.528837,-0.783499,-2.428399,142.569748,-4.463927,-0.032484,0.990303,0.111211,0.076664,-1.829513,129.296097,26.38497,0.321648,0.861119,0.150316,-0.363897,15.415133,130.123016,29.166561,-0.034507,0.120846,0.468895,-0.874267,28.531807,119.084343,11.203572,-0.022295,-0.192012,0.662822,-0.723395,15.499382,139.408676,6.812275,0.055862,0.937608,0.219832,0.263525,-8.743578,85.276169,13.671533,0.084072,0.990147,-0.035231,0.106299,-8.34094,52.763237,-2.335607,-0.058011,0.965272,0.048759,0.250016,-16.616079,5.989101,0.132719,-0.07396,0.948843,-0.105018,0.28844,7.724917,86.349838,22.591391,0.015803,0.908044,-0.19462,0.370579,10.615957,51.303757,31.360394,-0.03572,0.904877,0.020559,0.423672,2.389956,7.36613,47.61488,-0.058011,0.965272,0.048759,0.250016,-9.073191,1.694752,-12.508299,-0.03572,0.904877,0.020559,0.423672,13.657561,2.239262,38.56567
97,0.808333,-0.035465,0.968696,0.023443,0.244583,-0.509575,85.811531,18.127283,-0.04521,0.984315,0.101806,0.136805,-1.126262,93.47522,18.343187,-0.041447,0.989665,0.092158,0.101743,-3.614866,114.242462,22.347809,0.053012,0.997206,0.014208,0.050676,-5.72682,134.768677,25.993341,0.10393,0.976387,-0.18871,-0.015988,-4.018172,149.26297,24.617847,-0.030311,0.929747,0.130049,0.343132,-9.096419,128.822525,24.829411,0.293236,-0.620679,-0.000997,-0.727165,-22.433535,129.397614,13.533862,0.082651,0.138806,-0.462035,-0.872024,-16.734545,120.39492,-8.894722,0.201755,0.256361,-0.528751,-0.783579,-2.433911,142.567383,-4.461373,-0.032451,0.990323,0.111073,0.076618,-1.831199,129.293671,26.385572,0.321607,0.861112,0.150416,-0.36391,15.413764,130.119995,29.165369,-0.034478,0.120824,0.468839,-0.874301,28.531282,119.085106,11.200671,-0.022293,-0.191974,0.662809,-0.723418,15.496117,139.407547,6.809381,0.05593,0.937575,0.219809,0.263644,-8.74363,85.274597,13.667008,0.084005,0.990139,-0.035304,0.106403,-8.344024,52.761494,-2.339865,-0.05794,0.965278,0.048825,0.249994,-16.613871,5.986774,0.135141,-0.073998,0.94888,-0.105013,0.288312,7.72448,86.348465,22.587559,0.015833,0.907973,-0.194632,0.370747,10.619372,51.302719,31.35663,-0.035634,0.904812,0.020576,0.423819,2.387357,7.365623,47.609493,-0.05794,0.965278,0.048825,0.249994,-9.07217,1.693662,-12.507007,-0.035634,0.904812,0.020576,0.423819,13.657084,2.238198,38.56324
98,0.816667,-0.035443,0.968702,0.02344,0.244561,-0.51049,85.810745,18.124371,-0.045232,0.984311,0.10184,0.136802,-1.126827,93.474464,18.340317,-0.041425,0.989662,0.092205,0.101741,-3.616447,114.240875,22.346106,0.052948,0.997209,0.014267,0.050662,-5.727687,134.7668,25.993677,0.103912,0.976372,-0.188795,-0.015995,-4.021029,149.26149,24.619783,-0.030002,0.929913,0.129923,0.342756,-9.097495,128.820877,24.829201,0.293406,-0.620649,-0.001067,-0.727122,-22.444305,129.402603,13.545442,0.082916,0.138716,-0.461917,-0.872075,-16.74346,120.397636,-8.881764,0.201783,0.256379,-0.528656,-0.78363,-2.437005,142.565292,-4.458659,-0.032541,0.99031,0.111158,0.076626,-1.83224,129.291626,26.385328,0.321626,0.861104,0.150204,-0.363998,15.412481,130.120819,29.165789,-0.034412,0.120827,0.468866,-0.874289,28.526232,119.082054,11.200708,-0.022117,-0.191941,0.662873,-0.723373,15.492195,139.405319,6.807789,0.055786,0.937595,0.219879,0.263547,-8.744773,85.274193,13.664468,0.084115,0.990115,-0.035344,0.106527,-8.335688,52.762135,-2.344298,-0.057802,0.965269,0.048804,0.250066,-16.616512,5.989441,0.132343,-0.074014,0.948892,-0.104988,0.288278,7.723794,86.347298,22.584272,0.015811,0.907895,-0.194664,0.37092,10.620664,51.301338,31.351835,-0.035233,0.904727,0.020815,0.424022,2.386307,7.36537,47.606579,-0.057802,0.965269,0.048804,0.250066,-9.074373,1.69467,-12.508983,-0.035233,0.904727,0.020815,0.424022,13.657009,2.23918,38.560837
99,0.825,-0.035434,0.968709,0.023442,0.244537,-0.511407,85.809799,18.119705,-0.045247,0.984309,0.101935,0.136738,-1.127617,93.473526,18.335739,-0.041456,0.989663,0.092266,0.101668,-3.618213,114.239655,22.345675,0.053,0.997207,0.0142,0.050663,-5.730703,134.764999,25.9958,0.103817,0.976379,-0.188819,-0.015944,-4.022424,149.259323,24.62005,-0.030293,0.929759,0.130198,0.343045,-9.100163,128.818924,24.831161,0.293228,-0.620779,-0.001093,-0.727083,-22.439417,129.39592,13.538241,0.082662,0.138859,-0.461909,-0.872081,-16.746605,120.395493,-8.892817,0.201738,0.256409,-0.528658,-0.78363,-2.4406,142.563553,-4.456361,-0.032488,0.99032,0.11114,0.076536,-1.834725,129.290131,26.386282,0.32158,0.861102,0.150286,-0.364011,15.41059,130.117874,29.163446,-0.034388,0.12081,0.468799,-0.874328,28.525347,119.082726,11.196897,-0.022117,-0.191855,0.662931,-0.723343,15.488531,139.403046,6.803984,0.055836,0.937573,0.219891,0.263605,-8.745919,85.273407,13.660214,0.084065,0.990102,-0.035414,0.106665,-8.339006,52.762138,-2.350205,-0.057783,0.965262,0.048748,0.25011,-16.616211,5.989122,0.132382,-0.074028,0.948888,-0.104974,0.288291,7.723105,86.346199,22.579195,0.015823,0.907953,-0.194747,0.370735,10.621078,51.300179,31.346163,-0.035767,0.904788,0.020415,0.423865,2.386156,7.367298,47.608959,-0.057783,0.965262,0.048748,0.25011,-9.073172,1.692667,-12.507826,-0.035767,0.904788,0.020415,0.423865,13.657515,2.237442,38.56612
100,0.833333,-0.035402,0.968715,0.023465,0.244514,-0.512252,85.809303,18.115294,-0.045215,0.984312,0.101965,0.136711,-1.128066,93.473045,18.331802,-0.041499,0.989659,0.092314,0.101644,-3.61742,114.239372,22.343283,0.052817,0.997221,0.014323,0.050562,-5.731817,134.764206,25.995216,0.103973,0.976366,-0.188792,-0.016047,-4.029322,149.259491,24.622564,-0.030203,0.929778,0.13022,0.342991,-9.100729,128.817871,24.830223,0.292864,-0.62083,-0.000725,-0.727186,-22.441465,129.397812,13.539198,0.082396,0.138744,-0.461906,-0.872126,-16.751772,120.394585,-8.891535,0.201583,0.256458,-0.528463,-0.783786,-2.442923,142.562714,-4.453184,-0.032511,0.990311,0.111216,0.076541,-1.835272,129.289688,26.385078,0.321602,0.861092,0.150115,-0.364086,15.409968,130.117981,29.162561,-0.034321,0.120793,0.468821,-0.874321,28.521324,119.079506,11.195578,-0.021957,-0.191862,0.662929,-0.723348,15.485186,139.400406,6.801865,0.055779,0.937596,0.219882,0.263541,-8.747021,85.273575,13.65619,0.084076,0.990129,-0.035421,0.106398,-8.337502,52.761578,-2.352667,-0.057825,0.96527,0.048774,0.250062,-16.615131,5.988786,0.132695,-0.074041,0.948885,-0.105002,0.288289,7.722515,86.345032,22.574398,0.015765,0.907922,-0.194703,0.370838,10.620796,51.299572,31.343502,-0.035847,0.904785,0.020383,0.423867,2.390546,7.364896,47.603813,-0.057825,0.96527,0.048774,0.250062,-9.072899,1.693353,-12.508345,-0.035847,0.904785,0.020383,0.423867,13.662606,2.235239,38.561733
101,0.841667,-0.035377,0.968708,0.023484,0.244545,-0.511286,85.808907,18.110649,-0.045243,0.984303,0.10203,0.136715,-1.126799,93.472656,18.327513,-0.041522,0.989655,0.092343,0.101641,-3.617825,114.239014,22.341669,0.052545,0.997238,0.014244,0.050527,-5.733269,134.763535,25.994724,0.104087,0.97637,-0.188713,-0.015995,-4.038688,149.259491,24.61932,-0.030076,0.929753,0.130337,0.343026,-9.101878,128.817093,24.829422,0.29282,-0.620856,-0.000592,-0.727183,-22.442047,129.40274,13.538021,0.082329,0.138788,-0.461891,-0.872133,-16.753916,120.395706,-8.891574,0.201476,0.256551,-0.528421,-0.783811,-2.44513,142.562698,-4.449405,-0.032585,0.990305,0.111307,0.076456,-1.83644,129.2892,26.384274,0.321582,0.861098,0.15003,-0.364123,15.409086,130.120132,29.159182,-0.034217,0.120703,0.46877,-0.874365,28.519714,119.081139,11.191982,-0.021767,-0.191925,0.662962,-0.723307,15.480219,139.399963,6.799469,0.055795,0.937604,0.219862,0.263527,-8.745808,85.273743,13.651026,0.084016,0.990147,-0.03546,0.106271,-8.337994,52.761223,-2.356823,-0.057582,0.965302,0.048924,0.249965,-16.610081,5.987734,0.133879,-0.074029,0.94889,-0.104983,0.28828,7.723235,86.344063,22.570272,0.015728,0.907904,-0.194769,0.370847,10.621219,51.298195,31.337833,-0.035291,0.904771,0.020716,0.423929,2.391685,7.36587,47.604843,-0.057582,0.965302,0.048924,0.249965,-9.072592,1.694398,-12.510699,-0.035291,0.904771,0.020716,0.423929,13.660735,2.237801,38.558117
102,0.85,-0.035387,0.968714,0.023527,0.244516,-0.511059,85.809647,18.106506,-0.045264,0.9843,0.10206,0.136706,-1.126876,93.473366,18.324001,-0.041536,0.989649,0.092414,0.101635,-3.618865,114.239098,22.339218,0.052622,0.997232,0.014389,0.050514,-5.73517,134.763031,25.995123,0.10396,0.976371,-0.188769,-0.016068,-4.038576,149.259155,24.624025,-0.030141,0.929767,0.130359,0.342975,-9.103531,128.816589,24.829048,0.292851,-0.620847,-0.000748,-0.727177,-22.44479,129.400162,13.538832,0.082333,0.138883,-0.46186,-0.872134,-16.75614,120.397934,-8.89256,0.201453,0.256616,-0.52838,-0.783824,-2.447361,142.563828,-4.445972,-0.032576,0.990318,0.111236,0.076396,-1.838094,129.288803,26.383867,0.321564,0.861088,0.149996,-0.364177,15.407772,130.119888,29.15661,-0.034208,0.120638,0.468754,-0.874383,28.517014,119.081619,11.187956,-0.021694,-0.191969,0.662886,-0.723366,15.475591,139.40065,6.797758,0.055747,0.937636,0.2199,0.26339,-8.745829,85.27449,13.647342,0.084018,0.990149,-0.035515,0.106228,-8.336376,52.762817,-2.362174,-0.057954,0.965291,0.048804,0.249945,-16.609066,5.989733,0.134053,-0.074053,0.948881,-0.104957,0.288313,7.723711,86.344803,22.565672,0.01575,0.90786,-0.19482,0.370927,10.623602,51.298798,31.332085,-0.035802,0.904748,0.02031,0.423954,2.388946,7.368431,47.601803,-0.057954,0.965291,0.048804,0.249945,-9.068525,1.69608,-12.508595,-0.035802,0.904748,0.02031,0.423954,13.66202,2.236371,38.562355
103,0.858333,-0.03535,0.96872,0.023575,0.24449,-0.511398,85.810051,18.101547,-0.045293,0.984304,0.102068,0.136659,-1.12685,93.473778,18.31991,-0.04152,0.989651,0.09247,0.101572,-3.619928,114.239571,22.335484,0.052578,0.997236,0.014454,0.050473,-5.735575,134.763123,25.99391,0.103938,0.97638,-0.188735,-0.016069,-4.040481,149.259598,24.624577,-0.03017,0.929787,0.130354,0.342919,-9.104141,128.816849,24.827635,0.292747,-0.620859,-0.000774,-0.727209,-22.446684,129.399139,13.53887,0.08222,0.138902,-0.461832,-0.872157,-16.758781,120.400894,-8.894302,0.201331,0.25666,-0.528315,-0.783884,-2.448754,142.565445,-4.443707,-0.032662,0.990331,0.111056,0.076445,-1.838493,129.288834,26.38154,0.321526,0.861096,0.149936,-0.364217,15.406914,130.123215,29.156149,-0.034107,0.120622,0.468688,-0.874425,28.515928,119.085648,11.186897,-0.021665,-0.19215,0.66278,-0.723417,15.472341,139.400513,6.795043,0.055747,0.937624,0.219883,0.263447,-8.746459,85.275764,13.642817,0.083985,0.990157,-0.035551,0.106165,-8.336342,52.763523,-2.365539,-0.057779,0.965314,0.048815,0.249893,-16.606194,5.990153,0.134943,-0.074075,0.948856,-0.104944,0.288396,7.723663,86.344345,22.560278,0.015668,0.907813,-0.194868,0.37102,10.624523,51.298367,31.326481,-0.035701,0.904766,0.020313,0.423923,2.393591,7.369533,47.602211,-0.057779,0.965314,0.048815,0.249893,-9.068707,1.695287,-12.509119,-0.035701,0.904766,0.020313,0.423923,13.665041,2.236234,38.561447
104,0.866667,-0.035362,0.968723,0.023553,0.244482,-0.510172,85.809586,18.096903,-0.045306,0.984302,0.102136,0.136624,-1.125705,93.473312,18.314899,-0.041574,0.989651,0.092483,0.101536,-3.619582,114.238716,22.333323,0.05248,0.997243,0.014479,0.050435,-5.737403,134.761963,25.992125,0.103945,0.976386,-0.188697,-0.016078,-4.045293,149.258835,24.623291,-0.029997,0.929945,0.130162,0.34258,-9.105346,128.815323,24.825985,0.292878,-0.620779,-0.00094,-0.727225,-22.456373,129.399231,13.547334,0.082387,0.138808,-0.461791,-0.872178,-16.763512,120.404099,-8.885839,0.201238,0.256752,-0.528343,-0.78386,-2.45128,142.566254,-4.443842,-0.032606,0.990324,0.111198,0.076353,-1.839657,129.288132,26.379452,0.32141,0.861119,0.149787,-0.364326,15.406373,130.120499,29.150808,-0.034205,0.120529,0.468616,-0.874473,28.515154,119.085655,11.179711,-0.021549,-0.192147,0.662693,-0.723501,15.46645,139.40004,6.793483,0.055719,0.937623,0.219893,0.263449,-8.745295,85.274986,13.638319,0.084003,0.990155,-0.035606,0.106154,-8.333086,52.762836,-2.370171,-0.057869,0.965322,0.048787,0.249848,-16.605091,5.990121,0.135373,-0.074028,0.948869,-0.104932,0.288368,7.72495,86.344185,22.555487,0.015606,0.907657,-0.194895,0.371391,10.623128,51.297523,31.319815,-0.035676,0.904691,0.020358,0.424084,2.389966,7.369506,47.596638,-0.057869,0.965322,0.048787,0.249848,-9.067906,1.695156,-12.508837,-0.035676,0.904691,0.020358,0.424084,13.664556,2.237189,38.559223
105,0.875,-0.035317,0.968729,0.023505,0.244466,-0.511636,85.809937,18.093647,-0.045262,0.984311,0.102095,0.136604,-1.126322,93.473747,18.311102,-0.041568,0.989653,0.092488,0.101515,-3.617715,114.236725,22.327599,0.052315,0.997253,0.014682,0.050347,-5.735191,134.759979,25.986662,0.103985,0.976394,-0.188626,-0.016177,-4.048403,149.25798,24.623331,-0.03017,0.9298,0.130519,0.342822,-9.103239,128.813354,24.820618,0.292518,-0.620638,-0.000341,-0.72749,-22.448086,129.397156,13.534652,0.081965,0.138792,-0.462174,-0.872017,-16.746504,120.393517,-8.892891,0.201183,0.256753,-0.528292,-0.783907,-2.452438,142.567123,-4.443949,-0.032658,0.990321,0.111174,0.076408,-1.837478,129.286087,26.373774,0.321394,0.861089,0.149751,-0.364426,15.40814,130.120132,29.147184,-0.034148,0.120414,0.468563,-0.874519,28.513819,119.086517,11.173071,-0.021529,-0.192331,0.66256,-0.723574,15.461558,139.398849,6.790185,0.055676,0.937652,0.219918,0.263336,-8.746964,85.275909,13.635373,0.083988,0.990166,-0.03564,0.106057,-8.333218,52.764225,-2.374008,-0.057927,0.965334,0.048656,0.249815,-16.60397,5.991516,0.135685,-0.074032,0.948854,-0.104908,0.288427,7.723691,86.343971,22.551922,0.01559,0.907659,-0.194932,0.371366,10.622105,51.296986,31.314888,-0.035838,0.904701,0.020213,0.424056,2.389443,7.370281,47.595493,-0.057927,0.965334,0.048656,0.249815,-9.067195,1.693305,-12.507666,-0.035838,0.904701,0.020213,0.424056,13.664536,2.236242,38.559689
106,0.883333,-0.035321,0.968726,0.023526,0.244478,-0.510555,85.808739,18.088898,-0.045277,0.984306,0.102166,0.136577,-1.125383,93.472527,18.306643,-0.041632,0.989649,0.092535,0.10148,-3.618027,114.237701,22.326593,0.051961,0.997275,0.014449,0.050335,-5.738248,134.760361,25.98737,0.1041,0.976404,-0.188524,-0.016009,-4.061453,149.258835,24.616735,-0.030168,0.929775,0.130464,0.342911,-9.105507,128.813354,24.821068,0.292582,-0.620609,-0.000408,-0.727489,-22.448231,129.397003,13.532582,0.081972,0.138797,-0.462208,-0.871997,-16.744892,120.394241,-8.894873,0.201105,0.256801,-0.528337,-0.783881,-2.452904,142.568558,-4.446216,-0.0326,0.990343,0.111071,0.076294,-1.83972,129.287003,26.373821,0.321293,0.861124,0.149627,-0.364484,15.406638,130.119797,29.143003,-0.034239,0.120404,0.468469,-0.874567,28.513432,119.08815,11.168491,-0.021567,-0.19235,0.66237,-0.723742,15.456429,139.398544,6.787614,0.055734,0.937595,0.219991,0.263465,-8.745761,85.27475,13.630398,0.084001,0.990123,-0.035764,0.106398,-8.332281,52.765858,-2.384681,-0.057968,0.965322,0.048609,0.249862,-16.606268,5.994186,0.133696,-0.074038,0.94888,-0.104897,0.288343,7.724652,86.342735,22.547398,0.015603,0.907718,-0.194983,0.371196,10.624539,51.29565,31.309486,-0.035785,0.904704,0.020179,0.424055,2.392005,7.370883,47.595387,-0.057968,0.965322,0.048609,0.249862,-9.067919,1.695022,-12.508395,-0.035785,0.904704,0.020179,0.424055,13.666396,2.235261,38.559605
107,0.891667,-0.035338,0.968722,0.023595,0.244484,-0.509453,85.807022,18.083332,-0.045318,0.984308,0.102172,0.136549,-1.124793,93.470749,18.302042,-0.041645,0.98965,0.092574,0.101436,-3.619272,114.237282,22.322386,0.052272,0.997254,0.014684,0.05036,-5.73999,134.759598,25.984823,0.103877,0.976416,-0.188584,-0.016067,-4.054423,149.257736,24.621519,-0.030179,0.929758,0.130488,0.342946,-9.107114,128.812531,24.818398,0.292529,-0.62058,-0.000382,-0.727535,-22.448986,129.396286,13.528911,0.081981,0.138819,-0.462257,-0.871967,-16.743855,120.394638,-8.898528,0.201233,0.256883,-0.528497,-0.783714,-2.454078,142.571442,-4.449356,-0.032624,0.990342,0.111122,0.076229,-1.841208,129.286377,26.370535,0.321229,0.861147,0.149683,-0.364463,15.40544,130.120102,29.137638,-0.034161,0.120282,0.468369,-0.87464,28.515047,119.091667,11.1632,-0.021403,-0.192447,0.662254,-0.723827,15.452369,139.39827,6.785255,0.055684,0.937669,0.219935,0.263259,-8.744584,85.273048,13.62469,0.083947,0.990173,-0.035746,0.105981,-8.332397,52.761955,-2.385934,-0.05791,0.965342,0.048709,0.249777,-16.600159,5.98931,0.134805,-0.074054,0.948853,-0.104868,0.28844,7.725677,86.341003,22.541975,0.015595,0.90754,-0.195083,0.371579,10.626348,51.293648,31.302721,-0.035621,0.904644,0.02027,0.424193,2.384216,7.372543,47.593643,-0.05791,0.965342,0.048709,0.249777,-9.064482,1.692411,-12.509647,-0.035621,0.904644,0.02027,0.424193,13.660079,2.23732,38.559471
108,0.9,-0.035331,0.968725,0.023618,0.244472,-0.509426,85.807434,18.078566,-0.045304,0.984306,0.102198,0.136544,-1.124743,93.471146,18.297649,-0.041672,0.989645,0.092606,0.101437,-3.618681,114.23671,22.319027,0.052268,0.997253,0.014769,0.050368,-5.74066,134.758682,25.982649,0.10379,0.976431,-0.188555,-0.016067,-4.055282,149.25708,24.621828,-0.030205,0.92975,0.130543,0.342944,-9.107418,128.811478,24.815855,0.292633,-0.620564,-0.000536,-0.727507,-22.449272,129.395035,13.526333,0.082062,0.13883,-0.462271,-0.871951,-16.743126,120.395981,-8.901897,0.201264,0.256913,-0.528533,-0.783672,-2.454376,142.573425,-4.454449,-0.032646,0.990343,0.111104,0.076226,-1.84155,129.285675,26.368067,0.321056,0.861197,0.149398,-0.364614,15.405067,130.120209,29.135115,-0.03428,0.120361,0.468299,-0.874662,28.514736,119.09436,11.159131,-0.021384,-0.192487,0.662055,-0.723999,15.449768,139.399368,6.780298,0.055723,0.937609,0.219986,0.263422,-8.74468,85.273682,13.620123,0.083984,0.990142,-0.03585,0.106207,-8.331289,52.76453,-2.394415,-0.057931,0.965335,0.048612,0.249818,-16.604038,5.993166,0.133781,-0.074079,0.948871,-0.104886,0.288368,7.725829,86.341187,22.537008,0.015616,0.907509,-0.195111,0.371638,10.628456,51.29438,31.299273,-0.035339,0.904593,0.020468,0.424316,2.382403,7.374406,47.591267,-0.057931,0.965335,0.048612,0.249818,-9.067193,1.693725,-12.50911,-0.035339,0.904593,0.020468,0.424316,13.658678,2.240792,38.55669
109,0.908333,-0.035302,0.968731,0.023618,0.244452,-0.510997,85.807327,18.074238,-0.045263,0.984308,0.102202,0.136539,-1.125884,93.471069,18.293442,-0.041697,0.989641,0.092639,0.101441,-3.618009,114.236137,22.315111,0.052257,0.99725,0.014814,0.050419,-5.741183,134.757751,25.979975,0.103621,0.976456,-0.188525,-0.015985,-4.056009,149.256317,24.620537,-0.030214,0.929753,0.130493,0.342955,-9.107593,128.81044,24.81278,0.292566,-0.620539,-0.000549,-0.727555,-22.449173,129.393173,13.522902,0.081977,0.138759,-0.462323,-0.871942,-16.741518,120.397011,-8.906089,0.201187,0.256884,-0.528602,-0.783654,-2.453712,142.576645,-4.459917,-0.032675,0.990338,0.111162,0.076194,-1.841769,129.284958,26.365093,0.320928,0.861235,0.14941,-0.364631,15.404947,130.120468,29.131218,-0.034321,0.120425,0.468151,-0.874731,28.518051,119.099831,11.154561,-0.021537,-0.192526,0.661711,-0.724299,15.447802,139.399246,6.773542,0.055719,0.937588,0.21999,0.263493,-8.746467,85.274078,13.616138,0.083949,0.990141,-0.035896,0.106227,-8.331532,52.765018,-2.398555,-0.057686,0.965349,0.048651,0.249813,-16.601578,5.993429,0.134184,-0.074106,0.948853,-0.104867,0.288426,7.724472,86.340569,22.532337,0.01559,0.907447,-0.195166,0.371761,10.628867,51.293766,31.294039,-0.035719,0.904581,0.020128,0.424325,2.380984,7.375753,47.590385,-0.057686,0.965349,0.048651,0.249813,-9.067243,1.693036,-12.509876,-0.035719,0.904581,0.020128,0.424325,13.659901,2.23819,38.561356
110,0.916667,-0.035334,0.968726,0.02365,0.244464,-0.50944,85.807503,18.06941,-0.04526,0.98431,0.102184,0.13654,-1.12492,93.471184,18.288967,-0.041724,0.989641,0.092627,0.101441,-3.616525,114.233864,22.309418,0.052032,0.997263,0.014848,0.050393,-5.740778,134.755478,25.973679,0.103635,0.976478,-0.188403,-0.015956,-4.062248,149.254868,24.614868,-0.030163,0.929768,0.130642,0.342863,-9.106874,128.807953,24.806637,0.292643,-0.620494,-0.0006,-0.727562,-22.450771,129.393692,13.519652,0.082024,0.138718,-0.462383,-0.871912,-16.740355,120.397636,-8.908688,0.20121,0.256835,-0.528698,-0.7836,-2.454804,142.579681,-4.465994,-0.03279,0.990325,0.111203,0.076253,-1.841083,129.282883,26.358974,0.320832,0.861252,0.149537,-0.364623,15.405056,130.122025,29.127598,-0.034249,0.120398,0.468007,-0.874815,28.521507,119.107452,11.149667,-0.021515,-0.192506,0.661554,-0.724448,15.445301,139.400604,6.767705,0.055731,0.937607,0.219997,0.263418,-8.744761,85.273834,13.611084,0.083969,0.990138,-0.035953,0.106227,-8.331746,52.765114,-2.404338,-0.05759,0.965336,0.048661,0.249882,-16.604181,5.994225,0.133577,-0.07411,0.948842,-0.104892,0.288452,7.72588,86.341164,22.527737,0.015602,0.907449,-0.19519,0.371743,10.629729,51.294781,31.291279,-0.035851,0.904592,0.020038,0.424295,2.380212,7.377702,47.589306,-0.05759,0.965336,0.048661,0.249882,-9.06902,1.693406,-12.509847,-0.035851,0.904592,0.020038,0.424295,13.659499,2.239454,38.561134
111,0.925,-0.035278,0.968726,0.023615,0.244476,-0.510835,85.806229,18.065855,-0.045276,0.984304,0.1022,0.136568,-1.125359,93.469994,18.285082,-0.041721,0.989629,0.092724,0.101467,-3.618262,114.236008,22.306684,0.051783,0.99728,0.014751,0.050331,-5.742856,134.756882,25.974867,0.103751,0.976478,-0.188335,-0.015989,-4.071633,149.256821,24.612751,-0.03018,0.929722,0.130587,0.343007,-9.10885,128.80957,24.806509,0.292587,-0.620479,-0.000547,-0.727598,-22.449244,129.394806,13.51535,0.081996,0.138651,-0.462404,-0.871915,-16.73786,120.398804,-8.912773,0.201248,0.256735,-0.528817,-0.783543,-2.452645,142.580933,-4.472711,-0.03277,0.990329,0.111247,0.076151,-1.843132,129.284256,26.359272,0.320731,0.86128,0.149347,-0.364725,15.403603,130.123001,29.124323,-0.034302,0.120445,0.467937,-0.874844,28.519609,119.109657,11.145306,-0.021537,-0.192485,0.661595,-0.724415,15.440557,139.401138,6.762183,0.055789,0.937577,0.219988,0.26352,-8.746119,85.273415,13.607357,0.083851,0.990144,-0.036006,0.106246,-8.335538,52.764881,-2.408516,-0.057812,0.965368,0.048642,0.249711,-16.597506,5.992469,0.135438,-0.074142,0.948827,-0.104887,0.288496,7.724451,86.339035,22.524353,0.01562,0.907476,-0.195227,0.371659,10.630198,51.292908,31.2883,-0.035876,0.904577,0.020071,0.424323,2.379415,7.377234,47.589481,-0.057812,0.965368,0.048642,0.249711,-9.064567,1.69277,-12.509691,-0.035876,0.904577,0.020071,0.424323,13.659644,2.240191,38.561794
112,0.933333,-0.035298,0.968726,0.023582,0.244474,-0.5093,85.806259,18.062479,-0.045271,0.984309,0.102172,0.136552,-1.12399,93.470032,18.281147,-0.041744,0.989635,0.092667,0.10145,-3.616036,114.232933,22.301023,0.051702,0.997283,0.014983,0.05029,-5.741297,134.754166,25.966824,0.103686,0.976492,-0.188294,-0.016052,-4.072855,149.25502,24.611259,-0.030252,0.929679,0.130722,0.343066,-9.1071,128.806595,24.799255,0.292633,-0.620664,-0.000892,-0.727422,-22.445936,129.391403,13.50624,0.081971,0.138743,-0.46221,-0.872005,-16.745979,120.403763,-8.928135,0.201169,0.25672,-0.528896,-0.783515,-2.451262,142.581329,-4.481206,-0.032942,0.990312,0.111355,0.076136,-1.841361,129.281723,26.351776,0.320675,0.861314,0.149229,-0.364741,15.405056,130.12616,29.117064,-0.03427,0.120404,0.467862,-0.87489,28.522242,119.112625,11.13903,-0.021412,-0.192521,0.661503,-0.724493,15.43909,139.401978,6.756475,0.055812,0.937581,0.219991,0.263499,-8.744576,85.272942,13.604024,0.083896,0.990138,-0.036024,0.106257,-8.335871,52.764668,-2.412436,-0.057771,0.965344,0.048597,0.249825,-16.602289,5.993101,0.132663,-0.074123,0.948844,-0.104883,0.288443,7.725975,86.339577,22.520933,0.015578,0.907421,-0.195265,0.371775,10.631011,51.293194,31.284121,-0.03575,0.904594,0.020049,0.424299,2.380457,7.378811,47.588898,-0.057771,0.965344,0.048597,0.249825,-9.06687,1.691909,-12.510485,-0.03575,0.904594,0.020049,0.424299,13.658863,2.239561,38.560184
113,0.941667,-0.035241,0.968725,0.023561,0.244488,-0.51019,85.804878,18.057575,-0.045251,0.984309,0.102181,0.136558,-1.123956,93.468735,18.276142,-0.041763,0.989632,0.092684,0.101455,-3.615402,114.23291,22.296757,0.051685,0.997284,0.015018,0.050284,-5.741546,134.753937,25.96316,0.103612,0.976508,-0.188252,-0.016071,-4.073642,149.254959,24.608587,-0.030277,0.929643,0.130788,0.343135,-9.107092,128.806259,24.795368,0.292655,-0.620666,-0.00093,-0.727411,-22.444202,129.391403,13.500333,0.082029,0.138735,-0.4622,-0.872006,-16.744375,120.404449,-8.934343,0.201243,0.256731,-0.52893,-0.783469,-2.449216,142.58165,-4.489241,-0.032994,0.990314,0.111326,0.076126,-1.841392,129.281647,26.347998,0.320579,0.861347,0.149345,-0.3647,15.404958,130.127991,29.113111,-0.034323,0.120459,0.467719,-0.874958,28.526699,119.11982,11.135115,-0.021551,-0.19231,0.661435,-0.724608,15.437696,139.404755,6.7508,0.055829,0.937578,0.219961,0.263529,-8.745413,85.272514,13.598913,0.083854,0.99014,-0.036044,0.106265,-8.337898,52.763443,-2.415942,-0.057796,0.965359,0.048635,0.249754,-16.600565,5.991345,0.131417,-0.074163,0.94884,-0.10504,0.288391,7.725032,86.337242,22.516239,0.015619,0.907492,-0.195222,0.371621,10.629916,51.293671,31.290686,-0.03576,0.904651,0.020127,0.424174,2.380037,7.377827,47.591858,-0.057796,0.965359,0.048635,0.249754,-9.066692,1.691364,-12.513058,-0.03576,0.904651,0.020127,0.424174,13.656349,2.240644,38.559361
114,0.95,-0.035215,0.968724,0.023547,0.244497,-0.509867,85.805069,18.054495,-0.045285,0.984302,0.102172,0.136604,-1.123204,93.468956,18.272934,-0.041785,0.989618,0.092767,0.101508,-3.616377,114.234451,22.293074,0.051877,0.997271,0.015105,0.050315,-5.743956,134.754761,25.962687,0.103459,0.976518,-0.188274,-0.016155,-4.07051,149.255402,24.610981,-0.030304,0.92958,0.130751,0.343317,-9.109075,128.807098,24.793552,0.292721,-0.620466,-0.000711,-0.727555,-22.441786,129.39183,13.493299,0.082058,0.138672,-0.462426,-0.871894,-16.729631,120.397842,-8.935422,0.201231,0.256747,-0.528978,-0.783434,-2.445854,142.580963,-4.496143,-0.033008,0.990316,0.111354,0.07606,-1.84356,129.282593,26.347012,0.320444,0.86141,0.149285,-0.364695,15.40311,130.129623,29.109938,-0.034391,0.120526,0.467638,-0.874989,28.529346,119.125107,11.132984,-0.021534,-0.192262,0.661426,-0.724629,15.437593,139.407639,6.747115,0.055813,0.937573,0.219944,0.263564,-8.745042,85.273102,13.595695,0.08388,0.990183,-0.036045,0.105844,-8.336198,52.763344,-2.417743,-0.057888,0.965359,0.04858,0.249743,-16.60021,5.991659,0.132922,-0.074201,0.94875,-0.105004,0.28869,7.725309,86.337044,22.513294,0.015649,0.907528,-0.195283,0.371499,10.630803,51.293339,31.287035,-0.035111,0.904597,0.020521,0.424325,2.378355,7.379857,47.593281,-0.057888,0.965359,0.04858,0.249743,-9.065746,1.690877,-12.510931,-0.035111,0.904597,0.020521,0.424325,13.65273,2.244708,38.557205
115,0.958333,-0.035243,0.968721,0.023555,0.244504,-0.506579,85.806015,18.052124,-0.045245,0.984305,0.102118,0.136632,-1.120361,93.469864,18.270586,-0.041941,0.989609,0.092737,0.101561,-3.611496,114.234375,22.288383,0.051951,0.997262,0.015205,0.050374,-5.7456,134.754379,25.955933,0.103388,0.97654,-0.188201,-0.016149,-4.069937,149.255066,24.60737,-0.03028,0.929594,0.130798,0.343264,-9.108813,128.805618,24.786844,0.292775,-0.620377,-0.000704,-0.727609,-22.442825,129.391449,13.488182,0.082161,0.13865,-0.462436,-0.871883,-16.725163,120.39682,-8.93888,0.201287,0.256732,-0.528993,-0.783415,-2.442004,142.580109,-4.503422,-0.03298,0.990335,0.111219,0.076023,-1.843652,129.283386,26.34127,0.320344,0.861452,0.149312,-0.364673,15.403281,130.12999,29.102703,-0.0344,0.120484,0.467572,-0.875029,28.53347,119.129417,11.126224,-0.021435,-0.192322,0.66143,-0.724612,15.437805,139.41066,6.741891,0.055909,0.937588,0.21991,0.263519,-8.741653,85.27359,13.593191,0.08376,0.990206,-0.036058,0.105719,-8.340759,52.763538,-2.41985,-0.057906,0.96541,0.04865,0.249526,-16.593384,5.99004,0.134392,-0.07416,0.948769,-0.105018,0.288633,7.728496,86.33844,22.511059,0.015635,0.907493,-0.195295,0.37158,10.631386,51.294498,31.284729,-0.035101,0.904603,0.020483,0.424313,2.378289,7.38141,47.591694,-0.057906,0.96541,0.04865,0.249526,-9.064267,1.691094,-12.513274,-0.035101,0.904603,0.020483,0.424313,13.652182,2.245145,38.555653
116,0.966667,-0.035221,0.968723,0.023499,0.244507,-0.506792,85.806778,18.049805,-0.04518,0.984308,0.102104,0.136644,-1.120038,93.470695,18.267506,-0.042027,0.989602,0.092741,0.101589,-3.608137,114.233383,22.28463,0.051984,0.997259,0.015296,0.050375,-5.74594,134.753067,25.951895,0.103285,0.976559,-0.188155,-0.016214,-4.069438,149.253891,24.606026,-0.03028,0.92957,0.130789,0.343332,-9.108071,128.803726,24.782598,0.292519,-0.620362,-0.000462,-0.727725,-22.44046,129.389786,13.482038,0.082099,0.138583,-0.462437,-0.871898,-16.721905,120.394516,-8.944544,0.201427,0.256782,-0.528969,-0.783378,-2.436659,142.5793,-4.510199,-0.033067,0.990334,0.11121,0.076013,-1.843107,129.28273,26.337551,0.320283,0.861495,0.149191,-0.364674,15.403673,130.13237,29.098972,-0.034501,0.120573,0.467574,-0.875012,28.535765,119.131531,11.124049,-0.021449,-0.192282,0.661329,-0.724715,15.441157,139.4133,6.738286,0.055851,0.937591,0.219936,0.263498,-8.741869,85.27449,13.590862,0.08389,0.990173,-0.036075,0.105916,-8.336875,52.764797,-2.422799,-0.057781,0.965342,0.048586,0.249831,-16.602322,5.993485,0.130029,-0.074158,0.948807,-0.104925,0.288543,7.728285,86.339066,22.508747,0.015592,0.907461,-0.195374,0.371619,10.633863,51.293694,31.275801,-0.035287,0.904596,0.020322,0.42432,2.381068,7.383415,47.590488,-0.057781,0.965342,0.048586,0.249831,-9.066644,1.69209,-12.512891,-0.035287,0.904596,0.020322,0.42432,13.65633,2.24536,38.557178
117,0.975,-0.03519,0.968727,0.023481,0.244496,-0.507638,85.80619,18.046326,-0.045174,0.984307,0.102071,0.136678,-1.120343,93.470154,18.263882,-0.042004,0.989599,0.092733,0.101634,-3.608253,114.233902,22.279745,0.051817,0.997267,0.015294,0.050391,-5.745246,134.753708,25.946707,0.10331,0.976568,-0.188099,-0.016159,-4.07353,149.255066,24.600561,-0.030056,0.929846,0.130327,0.34278,-9.107605,128.804565,24.777159,0.292817,-0.620328,-0.00094,-0.727634,-22.453711,129.389526,13.492741,0.082546,0.13848,-0.462151,-0.872024,-16.733078,120.40284,-8.936748,0.20149,0.256728,-0.528795,-0.783498,-2.434236,142.577042,-4.516712,-0.033119,0.990333,0.111226,0.07598,-1.842744,129.283173,26.332727,0.320245,0.861527,0.149239,-0.364612,15.40409,130.13472,29.093227,-0.034502,0.120523,0.467496,-0.875061,28.539646,119.135414,11.11989,-0.021408,-0.19223,0.661343,-0.724717,15.440811,139.414902,6.735855,0.055825,0.937609,0.219959,0.26342,-8.742854,85.274384,13.587582,0.083859,0.990178,-0.036126,0.105878,-8.336993,52.765228,-2.427131,-0.057734,0.965375,0.048594,0.249712,-16.599936,5.993769,0.131089,-0.074157,0.948801,-0.104939,0.288557,7.727578,86.337997,22.50507,0.015557,0.907407,-0.195391,0.371742,10.632722,51.292824,31.273052,-0.03566,0.904634,0.020028,0.424221,2.38013,7.383072,47.589256,-0.057734,0.965375,0.048594,0.249712,-9.067801,1.692045,-12.513831,-0.03566,0.904634,0.020028,0.424221,13.656005,2.242072,38.55838
118,0.983333,-0.035165,0.968729,0.023421,0.244497,-0.50784,85.805992,18.044701,-0.045124,0.984314,0.102003,0.136696,-1.119953,93.470032,18.261461,-0.042036,0.989604,0.092631,0.101666,-3.605414,114.2341,22.274683,0.051756,0.997269,0.015457,0.050374,-5.743436,134.754593,25.937248,0.103288,0.976584,-0.188024,-0.016226,-4.073755,149.256607,24.59573,-0.030073,0.929851,0.130373,0.342747,-9.105488,128.805084,24.768665,0.292922,-0.620281,-0.000959,-0.727631,-22.452345,129.389893,13.485125,0.082662,0.138567,-0.462106,-0.872023,-16.728821,120.401344,-8.942885,0.201541,0.256762,-0.528898,-0.783404,-2.429178,142.574463,-4.521542,-0.03317,0.990327,0.111186,0.076097,-1.840765,129.284256,26.324697,0.320213,0.861559,0.149201,-0.364581,15.405334,130.137207,29.089371,-0.034456,0.120487,0.467477,-0.875078,28.543032,119.137848,11.117622,-0.021233,-0.192254,0.661398,-0.724665,15.442814,139.416779,6.733897,0.055841,0.937591,0.220006,0.263445,-8.743083,85.274361,13.585981,0.083859,0.990191,-0.036154,0.105748,-8.336893,52.7668,-2.431972,-0.057666,0.965372,0.048504,0.249756,-16.599823,5.995542,0.130001,-0.074152,0.948755,-0.104942,0.28871,7.727402,86.337624,22.50342,0.015536,0.907394,-0.19539,0.371775,10.630685,51.292442,31.271976,-0.035648,0.904624,0.020034,0.424246,2.379343,7.382575,47.588497,-0.057666,0.965372,0.048504,0.249756,-9.067309,1.69077,-12.513659,-0.035648,0.904624,0.020034,0.424246,13.655603,2.241586,38.558094
119,0.991667,-0.035132,0.968727,0.023364,0.244517,-0.506846,85.805534,18.0434,-0.045175,0.984316,0.10196,0.136697,-1.118269,93.469643,18.259424,-0.042014,0.98961,0.092598,0.101652,-3.605793,114.235397,22.270832,0.051712,0.997269,0.015527,0.050385,-5.742704,134.756226,25.932138,0.103269,0.976586,-0.188025,-0.01618,-4.07436,149.258591,24.592609,-0.030155,0.929776,0.130418,0.342926,-9.105081,128.806808,24.764038,0.292841,-0.620302,-0.00082,-0.727646,-22.447474,129.390411,13.475159,0.082655,0.138655,-0.462103,-0.872012,-16.725258,120.39901,-8.952044,0.201673,0.256873,-0.528835,-0.783376,-2.427006,142.571609,-4.526557,-0.033189,0.990329,0.11115,0.076114,-1.840291,129.285736,26.319828,0.320156,0.861612,0.149119,-0.364539,15.405663,130.139404,29.085144,-0.034591,0.1206,0.46744,-0.875076,28.546703,119.139824,11.115986,-0.02141,-0.192227,0.661271,-0.724783,15.446232,139.417999,6.730519,0.055783,0.937608,0.220043,0.263363,-8.741941,85.274246,13.584373,0.083891,0.990159,-0.036223,0.105997,-8.332522,52.767395,-2.434948,-0.057724,0.965377,0.048528,0.249719,-16.599693,5.997112,0.131129,-0.074186,0.948816,-0.104992,0.288479,7.728248,86.33683,22.502426,0.015626,0.907457,-0.195392,0.371618,10.634901,51.292782,31.274403,-0.035665,0.904621,0.01999,0.424251,2.37857,7.383269,47.589344,-0.057724,0.965377,0.048528,0.249719,-9.067535,1.693439,-12.51311,-0.035665,0.904621,0.01999,0.424251,13.654937,2.241366,38.559605
120,1.0,-0.035167,0.968728,0.02338,0.244505,-0.505565,85.804703,18.041321,-0.045149,0.984321,0.101919,0.136697,-1.117563,93.468765,18.25745,-0.042056,0.989612,0.092544,0.101663,-3.603856,114.235626,22.267429,0.05175,0.997263,0.015546,0.050464,-5.742343,134.756714,25.926336,0.103103,0.976605,-0.188027,-0.016075,-4.072665,149.259003,24.587578,-0.030151,0.92976,0.130358,0.342992,-9.104259,128.806931,24.758799,0.292898,-0.620245,-0.000755,-0.727672,-22.445078,129.390259,13.468038,0.082747,0.138697,-0.462089,-0.872004,-16.71932,120.395576,-8.956944,0.201703,0.256933,-0.528792,-0.783378,-2.421282,142.567688,-4.53191,-0.033205,0.990336,0.111071,0.07613,-1.839554,129.286545,26.314779,0.32008,0.86167,0.148934,-0.364545,15.406288,130.1409,29.080635,-0.034696,0.12067,0.467436,-0.875065,28.549528,119.14035,11.113675,-0.021374,-0.192224,0.661219,-0.724833,15.449359,139.419373,6.727558,0.055816,0.937583,0.220078,0.263417,-8.740725,85.272842,13.582477,0.083929,0.99016,-0.036252,0.105945,-8.331912,52.767403,-2.439718,-0.057836,0.965353,0.048421,0.249807,-16.602833,5.997929,0.129088,-0.074194,0.948847,-0.105028,0.288366,7.729594,86.336555,22.500164,0.015641,0.907466,-0.195406,0.371589,10.637085,51.293148,31.27441,-0.035591,0.904643,0.01998,0.424211,2.37948,7.384187,47.590214,-0.057836,0.965353,0.048421,0.249807,-9.0674,1.692293,-12.512536,-0.035591,0.904643,0.01998,0.424211,13.654282,2.241049,38.559216
121,1.008333,-0.035199,0.968718,0.023404,0.244536,-0.503809,85.804779,18.039143,-0.045168,0.984335,0.101767,0.136707,-1.11637,93.468788,18.255503,-0.041987,0.98961,0.092616,0.101643,-3.602207,114.233421,22.2584,0.051529,0.997277,0.015465,0.050446,-5.738036,134.754211,25.920603,0.103125,0.976626,-0.187916,-0.015985,-4.074725,149.256958,24.579109,-0.030238,0.929781,0.130184,0.342994,-9.100729,128.804993,24.75234,0.292801,-0.620243,-0.000791,-0.727713,-22.441313,129.383392,13.461054,0.082742,0.138794,-0.462064,-0.872001,-16.715408,120.393036,-8.965624,0.201869,0.257004,-0.528811,-0.783298,-2.417023,142.565262,-4.535635,-0.033562,0.990294,0.111274,0.076228,-1.835877,129.283508,26.30797,0.320159,0.861677,0.148953,-0.364451,15.408607,130.149261,29.078722,-0.034527,0.12069,0.467432,-0.875071,28.552738,119.144905,11.114757,-0.021286,-0.192234,0.661264,-0.724792,15.453084,139.422165,6.724025,0.055834,0.937589,0.220064,0.263404,-8.738642,85.272484,13.57975,0.083897,0.990182,-0.036262,0.105763,-8.331534,52.766727,-2.441852,-0.057583,0.965385,0.048541,0.24972,-16.599087,5.996814,0.12973,-0.074244,0.948778,-0.105028,0.288577,7.731023,86.337074,22.498535,0.015704,0.907541,-0.195426,0.371392,10.63999,51.294201,31.274437,-0.035923,0.904677,0.01977,0.424121,2.379777,7.386175,47.591431,-0.057583,0.965385,0.048541,0.24972,-9.06829,1.692347,-12.515055,-0.035923,0.904677,0.01977,0.424121,13.65527,2.241782,38.562012
122,1.016667,-0.035213,0.968721,0.023354,0.244528,-0.502163,85.803253,18.038746,-0.045192,0.984339,0.101681,0.136731,-1.114742,93.467285,18.254313,-0.041972,0.989609,0.09261,0.10167,-3.601559,114.235458,22.253984,0.051582,0.997272,0.015507,0.05047,-5.736858,134.756332,25.915945,0.103039,0.976631,-0.187935,-0.015996,-4.071983,149.259033,24.575796,-0.030302,0.929732,0.130178,0.343124,-9.0997,128.807251,24.747551,0.292831,-0.620218,-0.000672,-0.727722,-22.437038,129.384125,13.452355,0.082762,0.138869,-0.462082,-0.871979,-16.709583,120.388916,-8.971982,0.201878,0.257066,-0.528711,-0.783344,-2.413055,142.562027,-4.539211,-0.033567,0.990289,0.111299,0.076245,-1.834909,129.285507,26.303547,0.320131,0.861715,0.14898,-0.364373,15.409472,130.151291,29.074934,-0.0345,0.120703,0.467402,-0.875087,28.557301,119.1474,11.113379,-0.02119,-0.192204,0.661196,-0.724864,15.456348,139.42363,6.721297,0.055793,0.937585,0.22013,0.263372,-8.737061,85.27047,13.579528,0.083968,0.990173,-0.036304,0.105774,-8.326406,52.766491,-2.445589,-0.057429,0.96538,0.048523,0.249779,-16.601065,5.99801,0.129172,-0.074211,0.948821,-0.105121,0.288411,7.732734,86.336037,22.497965,0.01569,0.907645,-0.195347,0.371179,10.638979,51.294224,31.279009,-0.035295,0.904656,0.020245,0.424195,2.386527,7.383233,47.591946,-0.057429,0.96538,0.048523,0.249779,-9.070311,1.691818,-12.515053,-0.035295,0.904656,0.020245,0.424195,13.659084,2.243194,38.556381
123,1.025,-0.035215,0.968719,0.023402,0.244532,-0.501541,85.803688,18.036999,-0.045167,0.984343,0.101619,0.136759,-1.114341,93.467682,18.253269,-0.042011,0.989606,0.092575,0.101709,-3.5997,114.235008,22.250145,0.051598,0.997268,0.015457,0.050555,-5.736609,134.756012,25.9104,0.102983,0.97664,-0.18793,-0.015881,-4.070915,149.258499,24.568977,-0.030326,0.929705,0.130172,0.343197,-9.098975,128.806625,24.742149,0.292793,-0.620169,-0.000612,-0.727779,-22.434504,129.383011,13.44479,0.082804,0.138865,-0.462062,-0.871985,-16.70405,120.38752,-8.978669,0.201949,0.257062,-0.528707,-0.783329,-2.405503,142.561737,-4.546652,-0.033591,0.990301,0.111165,0.076275,-1.834351,129.285461,26.298752,0.319985,0.861812,0.148559,-0.364444,15.409817,130.152359,29.071135,-0.034643,0.120891,0.467397,-0.875057,28.559715,119.146088,11.112558,-0.021117,-0.192186,0.661163,-0.724901,15.460057,139.423798,6.715552,0.055774,0.937595,0.220159,0.263317,-8.736401,85.27108,13.577686,0.083998,0.990151,-0.036356,0.105943,-8.324846,52.76786,-2.448943,-0.057622,0.965379,0.048459,0.249751,-16.603168,6.0002,0.128918,-0.074214,0.948827,-0.105098,0.288398,7.733318,86.336296,22.496311,0.015731,0.907533,-0.195412,0.371416,10.640337,51.294159,31.275803,-0.03514,0.904602,0.02026,0.424324,2.377805,7.385719,47.590508,-0.057622,0.965379,0.048459,0.249751,-9.071261,1.693777,-12.514542,-0.03514,0.904602,0.02026,0.424324,13.65144,2.24418,38.557137
124,1.033333,-0.035219,0.968711,0.023355,0.244566,-0.500713,85.803772,18.036449,-0.045158,0.984344,0.101564,0.136792,-1.113395,93.467796,18.251978,-0.042067,0.989605,0.09252,0.101748,-3.598282,114.236259,22.246691,0.051644,0.997259,0.015395,0.050694,-5.737415,134.757507,25.904343,0.102846,0.976637,-0.188033,-0.015688,-4.06987,149.259644,24.561445,-0.030344,0.929682,0.13014,0.343269,-9.099126,128.807663,24.736477,0.292874,-0.620132,-0.000571,-0.727778,-22.432888,129.383438,13.436996,0.082899,0.138922,-0.462021,-0.871989,-16.700167,120.384491,-8.984499,0.202009,0.257007,-0.5286,-0.783404,-2.399986,142.558533,-4.551827,-0.033479,0.990296,0.11126,0.076249,-1.834692,129.287369,26.293697,0.319832,0.861897,0.148642,-0.364345,15.409881,130.150192,29.064831,-0.034677,0.12093,0.467255,-0.875127,28.568241,119.149887,11.108788,-0.021102,-0.192107,0.661203,-0.724886,15.462073,139.424042,6.710125,0.055753,0.937601,0.220195,0.263267,-8.735253,85.270897,13.576579,0.084007,0.990155,-0.036404,0.10588,-8.322386,52.768677,-2.452044,-0.057656,0.965405,0.048423,0.24965,-16.601938,6.001508,0.130804,-0.074179,0.948829,-0.105106,0.288399,7.733826,86.336639,22.496319,0.015662,0.907597,-0.195398,0.371271,10.63833,51.294243,31.275606,-0.035741,0.904699,0.019889,0.424083,2.38483,7.385075,47.592926,-0.057656,0.965405,0.048423,0.24965,-9.072336,1.694213,-12.513731,-0.035741,0.904699,0.019889,0.424083,13.658229,2.241398,38.560482
125,1.041667,-0.035208,0.968705,0.023304,0.244598,-0.499608,85.803223,18.036297,-0.045184,0.984337,0.101598,0.136812,-1.111943,93.467293,18.251091,-0.042127,0.989611,0.092396,0.101778,-3.598824,114.240601,22.247982,0.051793,0.997247,0.015417,0.050781,-5.740074,134.762589,25.900238,0.102806,0.976615,-0.188176,-0.015628,-4.067959,149.264282,24.558357,-0.030558,0.929384,0.130396,0.343961,-9.101163,128.812149,24.73362,0.292763,-0.62025,-0.000245,-0.727722,-22.417841,129.387512,13.413986,0.082745,0.139175,-0.462035,-0.871956,-16.692337,120.378494,-9.005311,0.202145,0.257068,-0.528627,-0.783331,-2.394967,142.554901,-4.55683,-0.03351,0.990311,0.111164,0.076182,-1.836894,129.292877,26.291296,0.319856,0.861975,0.147962,-0.364414,15.407962,130.157318,29.060177,-0.03486,0.121235,0.467395,-0.875002,28.563046,119.142937,11.110362,-0.021117,-0.191986,0.661207,-0.724914,15.46594,139.423386,6.703427,0.055801,0.937557,0.220239,0.26338,-8.733871,85.27034,13.575914,0.084026,0.99015,-0.036431,0.105905,-8.321481,52.769897,-2.456331,-0.057448,0.965381,0.048488,0.249777,-16.603115,6.003213,0.128638,-0.074157,0.948824,-0.105162,0.288399,7.734653,86.336105,22.496679,0.015676,0.907639,-0.195361,0.371186,10.636416,51.294327,31.279346,-0.035608,0.904703,0.02,0.42408,2.384619,7.383802,47.593891,-0.057448,0.965381,0.048488,0.249777,-9.072257,1.696197,-12.515247,-0.035608,0.904703,0.02,0.42408,13.657069,2.241306,38.559593
126,1.05,-0.035218,0.968686,0.023331,0.244668,-0.498367,85.802582,18.034271,-0.045182,0.984334,0.101553,0.136867,-1.110976,93.466621,18.249388,-0.042096,0.98961,0.092364,0.101823,-3.597872,114.241554,22.244558,0.051722,0.997251,0.015349,0.050786,-5.737857,134.763916,25.895515,0.102872,0.9766,-0.188214,-0.015628,-4.067709,149.26564,24.551554,-0.030463,0.929608,0.129944,0.343536,-9.099303,128.81366,24.728928,0.293009,-0.620103,-0.000508,-0.727748,-22.426416,129.384506,13.421356,0.083134,0.139055,-0.461907,-0.872006,-16.691898,120.37957,-8.997271,0.202201,0.257089,-0.528575,-0.783345,-2.388249,142.550781,-4.563632,-0.033463,0.990324,0.111063,0.076187,-1.835133,129.293915,26.287207,0.319885,0.861977,0.148151,-0.364307,15.409805,130.157013,29.055971,-0.034607,0.121178,0.467385,-0.875025,28.567839,119.14399,11.107484,-0.020758,-0.191921,0.66129,-0.724866,15.470264,139.421906,6.697269,0.055747,0.937551,0.220248,0.263404,-8.731969,85.269669,13.572677,0.084137,0.990148,-0.03645,0.105822,-8.315299,52.76907,-2.459134,-0.05775,0.965366,0.048371,0.249787,-16.607307,6.004298,0.127201,-0.074208,0.948839,-0.105174,0.288332,7.735234,86.335487,22.495865,0.015762,0.907722,-0.195374,0.370974,10.640844,51.294445,31.280174,-0.035651,0.904747,0.019953,0.423985,2.384982,7.384673,47.594666,-0.05775,0.965366,0.048371,0.249787,-9.073316,1.696494,-12.514545,-0.035651,0.904747,0.019953,0.423985,13.655768,2.241457,38.558704
127,1.058333,-0.035235,0.968679,0.023274,0.2447,-0.495718,85.802101,18.035761,-0.045214,0.984344,0.101351,0.136934,-1.108375,93.466164,18.249939,-0.042021,0.989603,0.092426,0.101875,-3.595176,114.237915,22.235445,0.051642,0.997255,0.015311,0.050802,-5.732489,134.76004,25.889196,0.102874,0.976597,-0.188235,-0.015607,-4.064548,149.261932,24.54405,-0.030425,0.92963,0.129933,0.343483,-9.0947,128.810471,24.72146,0.292963,-0.620047,-0.00041,-0.727814,-22.423155,129.382141,13.415512,0.08319,0.139023,-0.461865,-0.872028,-16.68519,120.375893,-9.001706,0.20222,0.257133,-0.528617,-0.783297,-2.379167,142.545654,-4.570668,-0.033587,0.990323,0.110956,0.0763,-1.830593,129.289429,26.28043,0.319865,0.862003,0.148161,-0.364262,15.413453,130.156647,29.053486,-0.034527,0.121235,0.467357,-0.875036,28.573778,119.143936,11.106491,-0.020631,-0.19182,0.661237,-0.724945,15.475588,139.420456,6.69191,0.055743,0.937546,0.220289,0.263388,-8.729008,85.268639,13.573655,0.084131,0.990127,-0.03649,0.106012,-8.311479,52.769341,-2.460763,-0.057496,0.965379,0.048408,0.249791,-16.603733,6.004736,0.12782,-0.074205,0.948816,-0.105141,0.288421,7.737571,86.335564,22.497866,0.015777,0.907718,-0.195389,0.370976,10.642863,51.293987,31.280159,-0.035744,0.904747,0.019881,0.423981,2.38511,7.384828,47.595352,-0.057496,0.965379,0.048408,0.249791,-9.072122,1.695853,-12.51498,-0.035744,0.904747,0.019881,0.423981,13.65647,2.240915,38.560497
128,1.066667,-0.035298,0.968671,0.02322,0.244726,-0.492795,85.800255,18.035231,-0.045225,0.984342,0.10131,0.136971,-1.106186,93.464294,18.248346,-0.042038,0.989601,0.092382,0.101919,-3.593635,114.238647,22.232428,0.051667,0.997253,0.015265,0.050832,-5.731632,134.761063,25.884193,0.102907,0.976576,-0.188325,-0.015606,-4.062811,149.262726,24.537798,-0.030387,0.929664,0.129761,0.34346,-9.093635,128.81131,24.716661,0.293219,-0.619987,-0.000567,-0.727763,-22.422733,129.382004,13.411429,0.083526,0.13909,-0.461795,-0.872022,-16.681051,120.37442,-9.004295,0.202452,0.257185,-0.528557,-0.78326,-2.373353,142.542465,-4.578388,-0.033601,0.990323,0.110943,0.076306,-1.829682,129.290543,26.276266,0.319888,0.86203,0.148158,-0.364177,15.414296,130.158264,29.049561,-0.034429,0.12129,0.467313,-0.875056,28.576931,119.143463,11.105556,-0.020579,-0.191719,0.661252,-0.724959,15.477993,139.417114,6.686385,0.055806,0.937534,0.220354,0.263363,-8.72576,85.265419,13.572693,0.084119,0.990099,-0.036583,0.106252,-8.311651,52.768684,-2.467012,-0.057637,0.965379,0.048413,0.249755,-16.604345,6.004533,0.128387,-0.074192,0.948805,-0.105177,0.288447,7.740169,86.335083,22.497766,0.015809,0.907719,-0.195374,0.370978,10.643585,51.293922,31.282339,-0.035785,0.904733,0.019865,0.424008,2.383573,7.384285,47.595108,-0.057637,0.965379,0.048413,0.249755,-9.072253,1.696938,-12.514562,-0.035785,0.904733,0.019865,0.424008,13.655824,2.240502,38.561295
129,1.075,-0.035294,0.968657,0.02329,0.244776,-0.490775,85.79998,18.032635,-0.045254,0.984341,0.101256,0.137013,-1.104379,93.463966,18.246784,-0.041983,0.989604,0.092344,0.101947,-3.5929,114.238754,22.228327,0.051696,0.99725,0.01531,0.050841,-5.728572,134.761673,25.878689,0.1029,0.976552,-0.188448,-0.015634,-4.058931,149.263367,24.533659,-0.030519,0.929576,0.129822,0.343663,-9.091244,128.812256,24.711369,0.292894,-0.61996,-0.000151,-0.727917,-22.415184,129.380417,13.399926,0.083365,0.139063,-0.461876,-0.871999,-16.671854,120.368217,-9.013531,0.202608,0.257216,-0.52851,-0.783241,-2.36696,142.539398,-4.585165,-0.033632,0.990326,0.110881,0.076351,-1.827307,129.290695,26.271296,0.319902,0.862064,0.148067,-0.364122,15.41636,130.159485,29.046198,-0.034474,0.12147,0.467305,-0.875033,28.580555,119.141479,11.105294,-0.020721,-0.191535,0.661229,-0.725025,15.483075,139.415405,6.679399,0.055757,0.937543,0.220347,0.263348,-8.723281,85.265579,13.569197,0.084198,0.99013,-0.036559,0.105914,-8.30623,52.76823,-2.469195,-0.057588,0.965368,0.048371,0.249816,-16.605217,6.005189,0.12595,-0.074192,0.948788,-0.105196,0.288498,7.741732,86.334381,22.496071,0.015794,0.907711,-0.195371,0.371002,10.644232,51.293503,31.28208,-0.035311,0.904695,0.020265,0.42411,2.385205,7.383707,47.594913,-0.057588,0.965368,0.048371,0.249816,-9.072083,1.696074,-12.515858,-0.035311,0.904695,0.020265,0.42411,13.656299,2.244327,38.557156
130,1.083333,-0.035335,0.968644,0.023277,0.244825,-0.486612,85.799232,18.032799,-0.045315,0.984341,0.101159,0.137065,-1.100798,93.463181,18.246565,-0.041973,0.989607,0.092266,0.101994,-3.591637,114.239349,22.223745,0.051707,0.997247,0.015375,0.050876,-5.726742,134.762878,25.870874,0.102953,0.976528,-0.188546,-0.015623,-4.05677,149.264725,24.527828,-0.030509,0.929552,0.129835,0.343722,-9.089568,128.813461,24.704109,0.292844,-0.619911,2.5e-05,-0.727979,-22.412106,129.382385,13.391055,0.083395,0.139058,-0.461865,-0.872003,-16.665735,120.366051,-9.019952,0.202675,0.257182,-0.528404,-0.783307,-2.360921,142.535919,-4.592692,-0.033694,0.990318,0.110899,0.07639,-1.82576,129.291809,26.264664,0.319937,0.862102,0.147752,-0.36413,15.417549,130.162521,29.04118,-0.034477,0.121574,0.467314,-0.875014,28.580357,119.13681,11.103993,-0.02075,-0.19154,0.661273,-0.724983,15.484087,139.41156,6.67372,0.055855,0.93752,0.220385,0.263375,-8.718616,85.264038,13.568528,0.084177,0.990115,-0.036632,0.106039,-8.306985,52.768715,-2.474098,-0.057399,0.965387,0.048398,0.249783,-16.605007,6.00583,0.127062,-0.074172,0.948798,-0.1052,0.288468,7.745391,86.334419,22.497068,0.015842,0.907758,-0.1954,0.370868,10.646736,51.293385,31.282816,-0.035211,0.904707,0.020282,0.424092,2.384935,7.384834,47.59758,-0.057399,0.965387,0.048398,0.249783,-9.07456,1.695861,-12.516058,-0.035211,0.904707,0.020282,0.424092,13.654755,2.244599,38.558716
131,1.091667,-0.035272,0.968639,0.023212,0.24486,-0.48819,85.800339,18.033579,-0.045249,0.984352,0.101057,0.137082,-1.101188,93.464401,18.246592,-0.041995,0.989607,0.092247,0.102004,-3.588676,114.240982,22.219755,0.051696,0.997248,0.015294,0.050893,-5.724657,134.764603,25.865959,0.102998,0.976512,-0.188608,-0.015595,-4.054843,149.266235,24.520563,-0.030586,0.929528,0.129784,0.343799,-9.087225,128.814987,24.699358,0.292974,-0.619909,-9.2e-05,-0.727928,-22.407734,129.381195,13.38378,0.083573,0.139156,-0.461781,-0.872014,-16.661263,120.365105,-9.027302,0.20283,0.257205,-0.528271,-0.783349,-2.353868,142.532944,-4.59942,-0.033632,0.990322,0.110853,0.076443,-1.823478,129.293686,26.260084,0.320017,0.862097,0.147822,-0.364042,15.419695,130.16217,29.038137,-0.034391,0.121602,0.467322,-0.875009,28.583109,119.133713,11.103079,-0.020777,-0.191501,0.661287,-0.72498,15.487489,139.408295,6.669648,0.055797,0.937499,0.220405,0.263448,-8.719954,85.266029,13.568762,0.084243,0.990103,-0.036635,0.106102,-8.302773,52.770859,-2.474037,-0.057475,0.965372,0.048318,0.249838,-16.607159,6.00906,0.126254,-0.07419,0.948765,-0.105133,0.288596,7.743573,86.334648,22.498396,0.015807,0.907712,-0.195426,0.370969,10.646423,51.292793,31.280396,-0.035783,0.904762,0.019886,0.423945,2.38494,7.385078,47.597576,-0.057475,0.965372,0.048318,0.249838,-9.074633,1.697525,-12.515095,-0.035783,0.904762,0.019886,0.423945,13.655996,2.241774,38.561996
132,1.1,-0.035323,0.968623,0.023282,0.24491,-0.483786,85.799133,18.032101,-0.045252,0.984353,0.10099,0.137124,-1.097821,93.463097,18.245941,-0.042046,0.989611,0.092126,0.102052,-3.585417,114.24192,22.216516,0.051744,0.997242,0.015344,0.050954,-5.723181,134.766296,25.857433,0.103039,0.976495,-0.188677,-0.015556,-4.051854,149.267914,24.513697,-0.030612,0.92949,0.129816,0.343889,-9.085219,128.816177,24.691914,0.292911,-0.619868,8e-06,-0.727988,-22.403517,129.382355,13.373733,0.083596,0.139232,-0.461734,-0.872025,-16.654535,120.365204,-9.036273,0.202928,0.257211,-0.528248,-0.783337,-2.346169,142.53125,-4.605184,-0.033603,0.990321,0.110775,0.076576,-1.821681,129.295731,26.253345,0.320103,0.862103,0.147892,-0.363923,15.42085,130.162933,29.035791,-0.034433,0.121782,0.467363,-0.87496,28.585842,119.131065,11.103993,-0.020957,-0.191242,0.661143,-0.725174,15.495091,139.405579,6.664454,0.055835,0.937485,0.220455,0.263445,-8.715029,85.264252,13.566393,0.084274,0.990112,-0.036689,0.105968,-8.299458,52.770988,-2.480309,-0.057334,0.965379,0.0483,0.249846,-16.60696,6.010067,0.125819,-0.074154,0.948775,-0.105113,0.288579,7.747457,86.334015,22.497808,0.015781,0.907638,-0.195453,0.371136,10.648387,51.291454,31.277634,-0.035572,0.904751,0.019956,0.423984,2.385192,7.384676,47.596474,-0.057334,0.965379,0.0483,0.249846,-9.075641,1.696852,-12.515675,-0.035572,0.904751,0.019956,0.423984,13.655191,2.24052,38.560062
133,1.108333,-0.035366,0.968618,0.023277,0.244923,-0.480124,85.799286,18.031246,-0.045254,0.984353,0.100936,0.137158,-1.094788,93.463203,18.244837,-0.042074,0.989609,0.092089,0.102095,-3.582499,114.243866,22.213358,0.051741,0.997242,0.015268,0.050981,-5.721436,134.768417,25.852549,0.103138,0.976477,-0.188715,-0.015537,-4.049998,149.269821,24.506639,-0.0306,0.929504,0.129721,0.343887,-9.083125,128.818085,24.687153,0.292968,-0.619851,4.7e-05,-0.727979,-22.401491,129.383499,13.369012,0.083655,0.139241,-0.461664,-0.872055,-16.651463,120.363411,-9.03955,0.202792,0.257302,-0.528091,-0.783448,-2.341227,142.525085,-4.60941,-0.033538,0.990324,0.110749,0.076599,-1.819753,129.29805,26.249233,0.32015,0.862125,0.147667,-0.363921,15.42281,130.162949,29.032198,-0.034508,0.121868,0.467434,-0.874907,28.58637,119.124649,11.10331,-0.020959,-0.191185,0.661114,-0.725216,15.499526,139.402191,6.662108,0.055881,0.937483,0.22044,0.263456,-8.711189,85.263603,13.565308,0.084263,0.990106,-0.036705,0.106031,-8.298868,52.770245,-2.481283,-0.057358,0.965372,0.048311,0.249866,-16.605616,6.009251,0.12593,-0.074148,0.948772,-0.105154,0.288576,7.750942,86.334976,22.497187,0.015828,0.907711,-0.195447,0.370959,10.65064,51.29298,31.279665,-0.035213,0.904738,0.020233,0.424029,2.386735,7.386112,47.597919,-0.057358,0.965372,0.048311,0.249866,-9.073543,1.696593,-12.515304,-0.035213,0.904738,0.020233,0.424029,13.655111,2.244573,38.557999
134,1.116667,-0.035368,0.968606,0.023262,0.244971,-0.477215,85.799095,18.031288,-0.045301,0.984351,0.100868,0.137214,-1.091854,93.46302,18.244612,-0.042013,0.989611,0.092044,0.102142,-3.581572,114.24575,22.210184,0.051834,0.997236,0.015201,0.051022,-5.717957,134.770874,25.847673,0.103133,0.976463,-0.188792,-0.015533,-4.043605,149.271774,24.500025,-0.030604,0.929479,0.129655,0.343979,-9.080377,128.820908,24.682434,0.292888,-0.619843,0.000214,-0.728019,-22.396532,129.385849,13.361669,0.083999,0.139317,-0.461702,-0.87199,-16.645952,120.362328,-9.045368,0.203582,0.257644,-0.527855,-0.78329,-2.338333,142.527649,-4.62078,-0.033468,0.990332,0.110672,0.076644,-1.81707,129.299988,26.245096,0.320254,0.862106,0.147886,-0.363787,15.425414,130.162521,29.02928,-0.034329,0.121774,0.467426,-0.874932,28.590542,119.123039,11.102269,-0.020894,-0.19123,0.661257,-0.725075,15.502247,139.399429,6.660895,0.055896,0.937456,0.220444,0.263545,-8.707839,85.263336,13.564545,0.084311,0.990084,-0.036732,0.106189,-8.294919,52.770222,-2.48252,-0.057436,0.965362,0.048289,0.249893,-16.606888,6.010196,0.125416,-0.074139,0.948701,-0.105107,0.28883,7.753409,86.334846,22.498032,0.015777,0.907639,-0.195465,0.371127,10.651141,51.292038,31.277901,-0.035261,0.904754,0.020195,0.423992,2.388007,7.385686,47.597927,-0.057436,0.965362,0.048289,0.249893,-9.073365,1.697595,-12.514975,-0.035261,0.904754,0.020195,0.423992,13.65598,2.243747,38.557728
135,1.125,-0.035387,0.968601,0.023199,0.244993,-0.474072,85.797737,18.032297,-0.045297,0.984352,0.100781,0.137266,-1.088765,93.461693,18.244606,-0.042014,0.989609,0.091992,0.102204,-3.578152,114.246223,22.206644,0.051794,0.997237,0.01513,0.051056,-5.714596,134.771744,25.84185,0.10321,0.97645,-0.188819,-0.015506,-4.041207,149.272568,24.492136,-0.03063,0.92948,0.129603,0.343994,-9.076982,128.821732,24.676769,0.292868,-0.619824,0.00023,-0.728043,-22.392712,129.385239,13.35544,0.083855,0.139273,-0.461551,-0.87209,-16.640991,120.362022,-9.051418,0.203215,0.257303,-0.527984,-0.783411,-2.324653,142.522507,-4.623669,-0.033497,0.990341,0.110533,0.076716,-1.813868,129.300827,26.240301,0.320389,0.8621,0.147742,-0.36374,15.428153,130.164474,29.026968,-0.034264,0.121815,0.467518,-0.87488,28.590675,119.116379,11.10335,-0.020833,-0.191204,0.66132,-0.725026,15.507282,139.394958,6.659251,0.055894,0.937466,0.220455,0.263501,-8.704466,85.26136,13.565209,0.084315,0.99007,-0.036758,0.106305,-8.291918,52.768562,-2.482507,-0.057278,0.965378,0.048306,0.24986,-16.604853,6.008789,0.12684,-0.074124,0.948744,-0.105071,0.288704,7.756323,86.334114,22.499386,0.015809,0.907644,-0.195497,0.371097,10.654947,51.290596,31.276121,-0.035055,0.904731,0.020306,0.424053,2.388528,7.385513,47.597897,-0.057278,0.965378,0.048306,0.24986,-9.073724,1.695293,-12.514668,-0.035055,0.904731,0.020306,0.424053,13.656092,2.243876,38.557022
136,1.133333,-0.035393,0.968604,0.023193,0.24498,-0.471677,85.797646,18.031704,-0.045281,0.984359,0.100695,0.137283,-1.086434,93.461594,18.243902,-0.042047,0.989612,0.091918,0.102233,-3.574703,114.246735,22.202412,0.051808,0.997236,0.015146,0.051055,-5.712339,134.772705,25.834354,0.103306,0.976431,-0.18886,-0.015547,-4.038578,149.273544,24.485121,-0.030691,0.929485,0.129454,0.344032,-9.074373,128.822372,24.669941,0.292886,-0.619791,0.000188,-0.728064,-22.389051,129.382294,13.347197,0.083955,0.139359,-0.461472,-0.872109,-16.635298,120.36055,-9.059736,0.203369,0.257266,-0.52789,-0.783446,-2.316315,142.519012,-4.630003,-0.033374,0.990346,0.110444,0.07683,-1.811388,129.302032,26.233912,0.320507,0.862058,0.147959,-0.363647,15.430312,130.161224,29.023939,-0.034158,0.121807,0.467542,-0.874872,28.592413,119.111954,11.100739,-0.020943,-0.191158,0.661486,-0.724884,15.510115,139.39064,6.654681,0.05584,0.937463,0.220512,0.263475,-8.702176,85.261116,13.564828,0.084381,0.990101,-0.036769,0.10596,-8.285311,52.769714,-2.485597,-0.057239,0.965398,0.048188,0.249817,-16.603624,6.011078,0.127062,-0.074048,0.948759,-0.105057,0.288681,7.758822,86.334167,22.498581,0.015774,0.907571,-0.195514,0.371268,10.652779,51.289619,31.272745,-0.035599,0.904752,0.019908,0.423981,2.385633,7.385066,47.595577,-0.057239,0.965398,0.048188,0.249817,-9.074141,1.693869,-12.514154,-0.035599,0.904752,0.019908,0.423981,13.655644,2.239987,38.559715
137,1.141667,-0.035414,0.968595,0.023124,0.245021,-0.469453,85.796814,18.031664,-0.045354,0.984352,0.100637,0.137353,-1.084268,93.460793,18.242723,-0.041932,0.989616,0.091856,0.102297,-3.575806,114.248276,22.198608,0.05191,0.997229,0.01514,0.05109,-5.70864,134.775131,25.828405,0.103307,0.976415,-0.18894,-0.015571,-4.031804,149.27562,24.479219,-0.030736,0.929461,0.1294,0.344113,-9.072054,128.825531,24.664179,0.292873,-0.619807,0.000281,-0.728055,-22.384684,129.383713,13.33894,0.084007,0.139381,-0.461417,-0.87213,-16.631954,120.35878,-9.066966,0.203471,0.257221,-0.527778,-0.78351,-2.310713,142.515442,-4.637131,-0.033353,0.990368,0.110222,0.07688,-1.809118,129.303497,26.228895,0.320593,0.862055,0.147881,-0.363611,15.432361,130.162399,29.020405,-0.034081,0.121967,0.46735,-0.874955,28.593021,119.107857,11.099397,-0.021657,-0.191211,0.661798,-0.724564,15.503075,139.38118,6.643617,0.055864,0.937468,0.220563,0.263411,-8.699551,85.259613,13.564125,0.084382,0.990072,-0.036841,0.106211,-8.284357,52.770042,-2.490063,-0.057153,0.965396,0.048193,0.249844,-16.604071,6.011912,0.127213,-0.074075,0.948813,-0.105095,0.288481,7.760645,86.334015,22.499203,0.015874,0.907646,-0.195503,0.371087,10.657533,51.290344,31.275909,-0.035632,0.904764,0.019861,0.423955,2.385447,7.385683,47.595955,-0.057153,0.965396,0.048193,0.249844,-9.074734,1.694161,-12.513912,-0.035632,0.904764,0.019861,0.423955,13.655096,2.23979,38.560097
138,1.15,-0.035431,0.968586,0.023088,0.245057,-0.468354,85.797539,18.031952,-0.045321,0.98436,0.100536,0.137386,-1.083301,93.461517,18.242397,-0.041919,0.989619,0.091796,0.102328,-3.572952,114.249718,22.194157,0.051892,0.997229,0.015079,0.051128,-5.705111,134.777084,25.821457,0.103407,0.976406,-0.188937,-0.015508,-4.028583,149.277435,24.470541,-0.030604,0.929432,0.129203,0.344277,-9.068714,128.827499,24.657698,0.292895,-0.619872,0.000397,-0.727991,-22.377686,129.388397,13.328287,0.084093,0.139508,-0.461326,-0.872149,-16.628944,120.357605,-9.076291,0.203678,0.257188,-0.52765,-0.783553,-2.305709,142.510681,-4.642276,-0.033281,0.990381,0.11006,0.07697,-1.805856,129.305328,26.222828,0.320646,0.862062,0.147768,-0.363592,15.435311,130.161819,29.016993,-0.034102,0.122054,0.467409,-0.874911,28.594982,119.10273,11.098067,-0.021628,-0.191048,0.661872,-0.72454,15.508688,139.378052,6.639363,0.05587,0.937424,0.220631,0.263509,-8.698099,85.259888,13.563816,0.084401,0.990049,-0.036918,0.106377,-8.280279,52.772545,-2.494821,-0.057085,0.965409,0.04815,0.249818,-16.602972,6.015265,0.128127,-0.074058,0.948803,-0.105018,0.288548,7.76139,86.33519,22.500088,0.015837,0.907591,-0.195541,0.371204,10.65809,51.290154,31.271431,-0.035533,0.904742,0.019868,0.42401,2.385734,7.386816,47.594894,-0.057085,0.965409,0.04815,0.249818,-9.075035,1.695693,-12.513208,-0.035533,0.904742,0.019868,0.42401,13.655512,2.239892,38.559784
139,1.158333,-0.035442,0.968572,0.023074,0.245112,-0.465651,85.797691,18.031313,-0.045441,0.984351,0.100394,0.137515,-1.080714,93.461678,18.241465,-0.041743,0.989613,0.091804,0.102444,-3.57563,114.254784,22.187056,0.051908,0.997225,0.01506,0.051197,-5.700996,134.7827,25.815233,0.103493,0.976384,-0.189007,-0.015469,-4.023744,149.282928,24.463915,-0.030525,0.929457,0.129027,0.344281,-9.066545,128.834427,24.650431,0.292903,-0.619843,0.000627,-0.728013,-22.375589,129.395752,13.321124,0.084183,0.139465,-0.461254,-0.872185,-16.625046,120.356819,-9.07972,0.203666,0.257179,-0.527541,-0.783632,-2.297617,142.507996,-4.649312,-0.033155,0.990387,0.110025,0.076997,-1.803823,129.309494,26.217028,0.320769,0.862075,0.147851,-0.363421,15.43749,130.161636,29.011637,-0.033945,0.121947,0.467675,-0.874789,28.599436,119.097313,11.097613,-0.020803,-0.190931,0.66186,-0.724606,15.524408,139.379623,6.641171,0.055857,0.93744,0.22059,0.26349,-8.69488,85.259811,13.562252,0.084419,0.990057,-0.03689,0.106303,-8.277329,52.77103,-2.493474,-0.057085,0.965412,0.048184,0.2498,-16.60125,6.013841,0.127227,-0.074055,0.948762,-0.104989,0.288693,7.763577,86.335571,22.500374,0.01582,0.907563,-0.195544,0.37127,10.659389,51.29007,31.270144,-0.035335,0.904729,0.020085,0.424044,2.387173,7.386804,47.593868,-0.057085,0.965412,0.048184,0.2498,-9.073732,1.695228,-12.514689,-0.035335,0.904729,0.020085,0.424044,13.656491,2.243008,38.5564
140,1.166667,-0.035443,0.968567,0.023081,0.24513,-0.463425,85.798653,18.03022,-0.045443,0.984353,0.10032,0.137548,-1.078547,93.462631,18.240461,-0.041674,0.989615,0.091785,0.102473,-3.573387,114.257553,22.183109,0.051952,0.997221,0.014946,0.051258,-5.695906,134.785843,25.81076,0.103544,0.976376,-0.189031,-0.015373,-4.017049,149.285599,24.456287,-0.030571,0.929466,0.128885,0.344307,-9.062274,128.838043,24.645933,0.29297,-0.619844,0.000641,-0.727985,-22.370584,129.396271,13.315621,0.084313,0.139479,-0.461227,-0.872185,-16.620113,120.354759,-9.084186,0.20378,0.257241,-0.527416,-0.783666,-2.291562,142.50563,-4.656249,-0.033106,0.990384,0.110019,0.077062,-1.799553,129.312073,26.212845,0.320759,0.86214,0.148279,-0.3631,15.441521,130.162262,29.009506,-0.033624,0.12199,0.467454,-0.874914,28.615356,119.102692,11.101291,-0.020788,-0.190795,0.66205,-0.724468,15.531725,139.374939,6.634871,0.055919,0.937394,0.220578,0.263651,-8.692484,85.26078,13.560852,0.084368,0.99006,-0.036922,0.106302,-8.27661,52.772121,-2.495168,-0.057141,0.965442,0.048163,0.249674,-16.5961,6.014344,0.129155,-0.074124,0.948772,-0.105026,0.28863,7.765635,86.336525,22.499588,0.015935,0.90763,-0.19553,0.371109,10.665921,51.292324,31.273079,-0.035219,0.904704,0.020104,0.424105,2.387205,7.388854,47.592957,-0.057141,0.965442,0.048163,0.249674,-9.071296,1.695438,-12.514271,-0.035219,0.904704,0.020104,0.424105,13.656669,2.244113,38.556213
141,1.175,-0.035462,0.968551,0.023049,0.245193,-0.461264,85.799393,18.029696,-0.045428,0.984354,0.100263,0.137586,-1.076554,93.463364,18.239359,-0.041658,0.989621,0.091694,0.102504,-3.570495,114.257896,22.17944,0.052032,0.997214,0.014936,0.051324,-5.692069,134.786957,25.80336,0.103597,0.976363,-0.189071,-0.015301,-4.010671,149.286407,24.448851,-0.03054,0.929468,0.128818,0.34433,-9.058703,128.839142,24.639357,0.293047,-0.61983,0.000625,-0.727966,-22.366528,129.397659,13.308485,0.084534,0.139611,-0.461131,-0.872193,-16.615196,120.354584,-9.090464,0.204081,0.257308,-0.527334,-0.783621,-2.284591,142.502258,-4.661511,-0.033092,0.990393,0.109888,0.077151,-1.796057,129.313034,26.206654,0.320873,0.862142,0.148308,-0.362983,15.444571,130.162781,29.006199,-0.033398,0.122044,0.467475,-0.874904,28.618999,119.097946,11.101669,-0.020601,-0.190612,0.662316,-0.724279,15.537284,139.369095,6.627977,0.055929,0.937404,0.220541,0.263641,-8.689712,85.261086,13.559252,0.08436,0.990084,-0.036898,0.106089,-8.275441,52.771332,-2.494586,-0.057099,0.965449,0.048201,0.24965,-16.593296,6.013238,0.129269,-0.074049,0.948759,-0.105042,0.288685,7.767182,86.3377,22.500139,0.015868,0.907578,-0.195498,0.371256,10.661485,51.292946,31.273365,-0.035687,0.904719,0.019749,0.424052,2.387045,7.388112,47.591747,-0.057099,0.965449,0.048201,0.24965,-9.069489,1.695032,-12.514991,-0.035687,0.904719,0.019749,0.424052,13.65872,2.240096,38.559635
142,1.183333,-0.035459,0.96855,0.022994,0.245206,-0.459852,85.799339,18.029537,-0.045401,0.984355,0.100223,0.13762,-1.074891,93.463356,18.238371,-0.041677,0.989623,0.091614,0.102551,-3.567666,114.258743,22.176941,0.052395,0.997186,0.014832,0.051515,-5.689878,134.788345,25.797361,0.103425,0.976373,-0.189129,-0.01512,-3.997205,149.286301,24.440727,-0.03042,0.929426,0.12881,0.344457,-9.056314,128.840302,24.633955,0.293196,-0.619834,0.000667,-0.727902,-22.361347,129.403259,13.30003,0.084722,0.13971,-0.46102,-0.872218,-16.610285,120.353989,-9.096491,0.204212,0.257271,-0.527263,-0.783647,-2.275835,142.498703,-4.66692,-0.033031,0.990405,0.109767,0.077182,-1.79384,129.314545,26.201937,0.320936,0.862166,0.148208,-0.362911,15.446756,130.162399,29.002226,-0.033288,0.122225,0.467529,-0.874854,28.621759,119.09214,11.101466,-0.020529,-0.190489,0.662352,-0.72428,15.545005,139.363724,6.617928,0.055919,0.937382,0.220596,0.263676,-8.688189,85.260834,13.558915,0.084355,0.990071,-0.036961,0.106194,-8.271512,52.772774,-2.498287,-0.056926,0.965473,0.048168,0.249604,-16.589886,6.015062,0.130699,-0.074085,0.948774,-0.104986,0.288648,7.768484,86.337837,22.50016,0.015907,0.907552,-0.195545,0.371294,10.666858,51.292622,31.27018,-0.035555,0.904694,0.01979,0.424114,2.386732,7.389638,47.590649,-0.056926,0.965473,0.048168,0.249604,-9.069021,1.694413,-12.514474,-0.035555,0.904694,0.01979,0.424114,13.658491,2.241054,38.558968
143,1.191667,-0.035461,0.968532,0.022931,0.245279,-0.459359,85.799728,18.029396,-0.045315,0.984358,0.100171,0.137667,-1.07421,93.463791,18.237251,-0.04169,0.989627,0.0915,0.102603,-3.563193,114.259377,22.173954,0.05233,0.997187,0.01491,0.051551,-5.685654,134.78981,25.789515,0.103567,0.976346,-0.189198,-0.015082,-3.994854,149.288193,24.435112,-0.030482,0.929452,0.128753,0.344401,-9.052007,128.841537,24.627062,0.29315,-0.619799,0.000743,-0.727951,-22.358257,129.401535,13.294418,0.084821,0.139758,-0.460963,-0.872231,-16.605015,120.351448,-9.101219,0.204391,0.257311,-0.527065,-0.783721,-2.268377,142.494858,-4.671458,-0.033008,0.990407,0.109698,0.077278,-1.789705,129.316071,26.195768,0.321025,0.862182,0.14823,-0.362786,15.450433,130.162933,28.999197,-0.033142,0.122373,0.467522,-0.874843,28.6271,119.088074,11.102511,-0.02052,-0.19026,0.662414,-0.724284,15.552341,139.357574,6.609538,0.055906,0.937359,0.22059,0.263765,-8.687024,85.260941,13.557574,0.084398,0.990078,-0.036962,0.106095,-8.268079,52.772564,-2.498934,-0.05714,0.965478,0.048021,0.249563,-16.590202,6.015548,0.130583,-0.074073,0.948695,-0.104975,0.288914,7.768306,86.338516,22.501219,0.015831,0.907491,-0.195502,0.371468,10.663586,51.292999,31.271067,-0.035252,0.904666,0.020024,0.424188,2.388348,7.388184,47.589088,-0.05714,0.965478,0.048021,0.249563,-9.068396,1.692485,-12.513206,-0.035252,0.904666,0.020024,0.424188,13.659455,2.241829,38.555317
144,1.2,-0.035464,0.96853,0.022842,0.245297,-0.457288,85.801422,18.029758,-0.045356,0.98436,0.100055,0.137718,-1.071855,93.465546,18.236259,-0.041572,0.989629,0.091495,0.102644,-3.5623,114.263519,22.168097,0.052203,0.997193,0.014799,0.051587,-5.680034,134.794403,25.783882,0.103751,0.97633,-0.189187,-0.014965,-3.992662,149.292862,24.426123,-0.030388,0.929469,0.128721,0.344376,-9.04775,128.846954,24.621132,0.293054,-0.619791,0.001091,-0.727995,-22.35479,129.409485,13.289538,0.084815,0.139654,-0.460916,-0.872273,-16.601116,120.349899,-9.102145,0.204334,0.257269,-0.526974,-0.783811,-2.260563,142.491699,-4.676558,-0.03294,0.99041,0.109624,0.077363,-1.785426,129.319717,26.190269,0.321074,0.86221,0.148099,-0.362729,15.454407,130.164108,28.996321,-0.032966,0.122509,0.467551,-0.874815,28.631559,119.083939,11.103281,-0.020328,-0.190129,0.662592,-0.724162,15.559903,139.352905,6.600698,0.055905,0.937389,0.220565,0.26368,-8.684783,85.262177,13.557677,0.084396,0.990071,-0.036945,0.10617,-8.267715,52.77301,-2.497277,-0.056955,0.965483,0.048113,0.249568,-16.589705,6.015849,0.129977,-0.074055,0.948732,-0.105026,0.288779,7.770208,86.340675,22.501841,0.015884,0.907522,-0.195432,0.371427,10.664427,51.295734,31.274399,-0.035529,0.90465,0.019754,0.424212,2.387827,7.388491,47.585201,-0.056955,0.965483,0.048113,0.249568,-9.069537,1.693847,-12.515152,-0.035529,0.90465,0.019754,0.424212,13.661143,2.238717,38.556133
145,1.208333,-0.035428,0.968514,0.022818,0.245368,-0.457135,85.802124,18.027111,-0.045357,0.984356,0.100043,0.137761,-1.071095,93.466309,18.233339,-0.041459,0.989635,0.091447,0.102667,-3.561978,114.267097,22.165054,0.052449,0.99718,0.014903,0.051575,-5.674916,134.798737,25.779333,0.103767,0.976308,-0.189282,-0.0151,-3.980571,149.296707,24.424938,-0.030541,0.929481,0.128623,0.344368,-9.044019,128.85202,24.616911,0.293066,-0.61964,0.001314,-0.728119,-22.350935,129.408325,13.284859,0.085108,0.139701,-0.461119,-0.872129,-16.587942,120.342529,-9.101917,0.204847,0.257741,-0.526687,-0.783714,-2.260468,142.489044,-4.68409,-0.03285,0.99041,0.109647,0.07737,-1.781624,129.323151,26.186216,0.321128,0.862232,0.148055,-0.362648,15.458383,130.164337,28.992186,-0.032861,0.12267,0.467584,-0.874778,28.636772,119.080147,11.102549,-0.020301,-0.190011,0.662697,-0.724097,15.568572,139.349365,6.59092,0.055908,0.937356,0.22055,0.263812,-8.684023,85.263458,13.553843,0.084381,0.990057,-0.037005,0.106293,-8.265245,52.773815,-2.500117,-0.056896,0.96552,0.048092,0.249442,-16.586657,6.016815,0.131876,-0.074056,0.948656,-0.10502,0.289031,7.769753,86.340797,22.500381,0.015779,0.907443,-0.195452,0.371613,10.661796,51.29578,31.273302,-0.035697,0.904706,0.019657,0.424083,2.39017,7.38897,47.587788,-0.056896,0.96552,0.048092,0.249442,-9.070339,1.693575,-12.515121,-0.035697,0.904706,0.019657,0.424083,13.662216,2.238713,38.557411
146,1.216667,-0.035411,0.968513,0.022729,0.245382,-0.455452,85.803604,18.027344,-0.045324,0.984361,0.099949,0.137804,-1.068818,93.467865,18.232306,-0.041462,0.989631,0.091438,0.102718,-3.557838,114.268532,22.160034,0.052571,0.997168,0.014866,0.051692,-5.671042,134.800232,25.773811,0.103756,0.976304,-0.189316,-0.014964,-3.972758,149.297668,24.418753,-0.030536,0.929489,0.128615,0.344348,-9.040056,128.853516,24.61112,0.293133,-0.619657,0.001276,-0.728077,-22.347475,129.409805,13.279653,0.085256,0.139775,-0.460983,-0.872175,-16.585575,120.343018,-9.107012,0.204924,0.25781,-0.526617,-0.783718,-2.252695,142.485413,-4.688451,-0.032681,0.990422,0.109593,0.077366,-1.777821,129.324631,26.181173,0.321162,0.862238,0.147826,-0.362695,15.462595,130.160141,28.98632,-0.032929,0.12278,0.467738,-0.874678,28.638161,119.07058,11.097919,-0.020149,-0.189906,0.662754,-0.724077,15.577644,139.34584,6.583703,0.055936,0.937356,0.220489,0.263856,-8.682238,85.264847,13.553889,0.084378,0.990083,-0.036948,0.106071,-8.265803,52.773487,-2.49664,-0.056937,0.9655,0.048117,0.249507,-16.58584,6.016049,0.131939,-0.074011,0.94864,-0.104975,0.28911,7.771333,86.342361,22.500799,0.015744,0.907374,-0.195463,0.371779,10.660564,51.296162,31.269953,-0.035217,0.904631,0.019933,0.424269,2.388608,7.389626,47.58503,-0.056937,0.9655,0.048117,0.249507,-9.067418,1.693923,-12.514189,-0.035217,0.904631,0.019933,0.424269,13.660648,2.240541,38.55397
147,1.225,-0.035342,0.9685,0.022755,0.245442,-0.45523,85.803673,18.023809,-0.045253,0.984362,0.099906,0.13785,-1.067685,93.467995,18.229393,-0.041459,0.989629,0.091409,0.102761,-3.553763,114.270065,22.155773,0.052531,0.997168,0.014731,0.051754,-5.666875,134.802002,25.768295,0.103877,0.976302,-0.18927,-0.014847,-3.969346,149.299164,24.409357,-0.030344,0.929496,0.128561,0.344366,-9.035906,128.855286,24.605618,0.293383,-0.61986,0.001023,-0.727804,-22.343285,129.417236,13.274384,0.085538,0.139977,-0.460639,-0.872297,-16.593817,120.348991,-9.11488,0.205038,0.257895,-0.526576,-0.783689,-2.246244,142.482544,-4.691185,-0.032724,0.990434,0.109412,0.077455,-1.773799,129.326324,26.176279,0.321265,0.862255,0.147772,-0.362586,15.466039,130.163498,28.984505,-0.03276,0.122918,0.467771,-0.874648,28.642262,119.067474,11.10059,-0.020084,-0.189813,0.662804,-0.724057,15.585659,139.341446,6.577044,0.055935,0.937313,0.220481,0.264014,-8.681551,85.266335,13.549335,0.084383,0.990062,-0.037005,0.106241,-8.262501,52.774704,-2.500594,-0.056945,0.96552,0.04803,0.249444,-16.583977,6.017738,0.131856,-0.074038,0.948623,-0.105031,0.289139,7.771092,86.341019,22.498283,0.015749,0.907383,-0.195446,0.371764,10.660717,51.295959,31.271862,-0.035667,0.90467,0.019654,0.424163,2.389182,7.388821,47.585518,-0.056945,0.96552,0.04803,0.249444,-9.067178,1.693156,-12.514398,-0.035667,0.90467,0.019654,0.424163,13.662518,2.238178,38.556965
148,1.233333,-0.035358,0.96849,0.022641,0.245487,-0.452072,85.803253,18.023569,-0.045306,0.984365,0.099825,0.137871,-1.064339,93.467628,18.22735,-0.041276,0.989636,0.091439,0.102746,-3.552255,114.269913,22.14991,0.052438,0.997175,0.014686,0.051743,-5.657844,134.802261,25.764503,0.103905,0.976294,-0.189301,-0.014793,-3.963003,149.299591,24.404119,-0.03037,0.929532,0.128468,0.344303,-9.02906,128.856842,24.601492,0.293239,-0.619699,0.001428,-0.727998,-22.337917,129.416504,13.27188,0.085509,0.139841,-0.460813,-0.872229,-16.578596,120.340385,-9.111654,0.205123,0.25787,-0.526486,-0.783735,-2.238248,142.478516,-4.695091,-0.032714,0.990438,0.109358,0.077488,-1.766683,129.32518,26.171715,0.321298,0.862268,0.147608,-0.362593,15.472998,130.162003,28.980995,-0.032674,0.122932,0.46789,-0.874585,28.647911,119.061493,11.098915,-0.019736,-0.18987,0.66279,-0.724065,15.597314,139.338058,6.573486,0.055995,0.937281,0.220488,0.264112,-8.677954,85.265121,13.54838,0.084364,0.990077,-0.03702,0.106117,-8.261172,52.774197,-2.503035,-0.056909,0.965517,0.048058,0.249457,-16.580746,6.017044,0.132067,-0.07401,0.948621,-0.105035,0.289151,7.77381,86.341385,22.498756,0.015735,0.907332,-0.195443,0.371891,10.661359,51.296104,31.272095,-0.035586,0.904655,0.019708,0.424199,2.38893,7.388809,47.584873,-0.056909,0.965517,0.048058,0.249457,-9.063954,1.692948,-12.514358,-0.035586,0.904655,0.019708,0.424199,13.662378,2.238568,38.556236
149,1.241667,-0.035345,0.968486,0.022531,0.245514,-0.450831,85.803452,18.023838,-0.04535,0.98436,0.099779,0.137923,-1.062506,93.467918,18.226013,-0.041169,0.989641,0.091369,0.102795,-3.55262,114.27388,22.146908,0.052395,0.997177,0.014736,0.051726,-5.6537,134.807129,25.758986,0.104145,0.976265,-0.189314,-0.014831,-3.960217,149.304764,24.399952,-0.030459,0.929544,0.128343,0.344308,-9.026213,128.862381,24.596375,0.293279,-0.619649,0.001507,-0.728025,-22.334761,129.417664,13.266185,0.085355,0.139788,-0.460678,-0.872325,-16.572348,120.338181,-9.115192,0.204625,0.257513,-0.526702,-0.783837,-2.223864,142.471909,-4.695795,-0.03265,0.990449,0.1093,0.077443,-1.763854,129.329178,26.167143,0.321357,0.862305,0.14744,-0.362522,15.476218,130.164154,28.974585,-0.03266,0.123028,0.4679,-0.874567,28.651815,119.056976,11.097143,-0.019793,-0.189858,0.662826,-0.724034,15.602512,139.334167,6.56728,0.055969,0.937276,0.220506,0.264119,-8.676483,85.265053,13.548258,0.084379,0.990088,-0.037009,0.106,-8.257445,52.77449,-2.503829,-0.056823,0.965537,0.048044,0.249403,-16.57794,6.017485,0.131059,-0.073947,0.948623,-0.105045,0.289158,7.774821,86.341858,22.499418,0.015712,0.90737,-0.195408,0.371817,10.657716,51.296043,31.272198,-0.035668,0.904659,0.019713,0.424182,2.389751,7.387373,47.583546,-0.056823,0.965537,0.048044,0.249403,-9.063406,1.692238,-12.516314,-0.035668,0.904659,0.019713,0.424182,13.663703,2.238279,38.554878
150,1.25,-0.035297,0.968474,0.022477,0.245576,-0.451436,85.803185,18.021601,-0.045306,0.984358,0.099758,0.137967,-1.062199,93.467743,18.223129,-0.041072,0.989646,0.09133,0.102828,-3.550626,114.275085,22.143518,0.052593,0.997166,0.01477,0.051731,-5.647613,134.808975,25.75436,0.104091,0.976267,-0.18933,-0.014924,-3.948441,149.306046,24.39662,-0.030458,0.929525,0.128221,0.344405,-9.021302,128.864853,24.591913,0.293213,-0.619697,0.001698,-0.728011,-22.327509,129.419144,13.258937,0.085612,0.139899,-0.460724,-0.872257,-16.568098,120.334099,-9.120946,0.205257,0.257914,-0.526411,-0.783735,-2.224205,142.469727,-4.703622,-0.032557,0.99044,0.10949,0.077332,-1.758928,129.330231,26.163012,0.321344,0.862349,0.147195,-0.362526,15.481943,130.161865,28.966469,-0.032904,0.123214,0.467933,-0.874514,28.657787,119.050133,11.092054,-0.020073,-0.189771,0.662656,-0.724204,15.611775,139.330048,6.560045,0.05598,0.937278,0.220409,0.264188,-8.676581,85.265457,13.545018,0.084334,0.990093,-0.036984,0.105998,-8.258994,52.771889,-2.50102,-0.05686,0.965545,0.04809,0.249353,-16.575068,6.013992,0.131956,-0.073987,0.948609,-0.105017,0.289203,7.773709,86.340919,22.498182,0.015765,0.907251,-0.195448,0.372085,10.659536,51.295113,31.269997,-0.035786,0.904592,0.019619,0.424321,2.380815,7.388109,47.580357,-0.05686,0.965545,0.04809,0.249353,-9.061399,1.690288,-12.516449,-0.035786,0.904592,0.019619,0.424321,13.658328,2.238193,38.556618
151,1.258333,-0.035275,0.968462,0.022423,0.245629,-0.451992,85.804092,18.021179,-0.045101,0.984372,0.09967,0.138,-1.062235,93.468712,18.221949,-0.041165,0.989642,0.091273,0.102878,-3.54151,114.27578,22.139513,0.052669,0.997157,0.014787,0.051824,-5.642316,134.809769,25.747501,0.104081,0.976275,-0.189299,-0.014833,-3.940654,149.306625,24.390528,-0.030419,0.929558,0.128097,0.344366,-9.014887,128.86496,24.585396,0.293218,-0.619723,0.001729,-0.727986,-22.322109,129.418793,13.253588,0.085674,0.139962,-0.460668,-0.87227,-16.564339,120.332077,-9.126045,0.205367,0.257963,-0.52648,-0.783644,-2.218008,142.467133,-4.706784,-0.032517,0.990445,0.109409,0.077405,-1.752779,129.331726,26.157316,0.321423,0.862329,0.147398,-0.362422,15.487795,130.161926,28.963062,-0.032942,0.123299,0.467953,-0.87449,28.664886,119.050064,11.089653,-0.020306,-0.189671,0.662356,-0.724497,15.621482,139.329666,6.555259,0.055942,0.937235,0.220491,0.264283,-8.676681,85.266541,13.543733,0.084348,0.990058,-0.037087,0.106276,-8.253289,52.775299,-2.506848,-0.056895,0.965578,0.047952,0.249245,-16.572454,6.018364,0.133402,-0.073971,0.948566,-0.105021,0.289348,7.772697,86.341644,22.498625,0.015671,0.907311,-0.195404,0.371965,10.656013,51.295727,31.270838,-0.035233,0.904591,0.020037,0.424349,2.389123,7.386801,47.582012,-0.056895,0.965578,0.047952,0.249245,-9.061379,1.690901,-12.515262,-0.035233,0.904591,0.020037,0.424349,13.663319,2.240676,38.551964
152,1.266667,-0.035249,0.968452,0.022493,0.245667,-0.451454,85.803291,18.017649,-0.045256,0.98436,0.099698,0.138012,-1.061591,93.467888,18.219532,-0.040935,0.989659,0.091224,0.102848,-3.547845,114.276398,22.137726,0.05275,0.997156,0.014743,0.051773,-5.638816,134.811554,25.744797,0.104153,0.976267,-0.189295,-0.014894,-3.934909,149.308044,24.386574,-0.03038,0.92951,0.127999,0.344536,-9.014245,128.86824,24.583357,0.293251,-0.61971,0.001868,-0.727983,-22.317448,129.422974,13.246876,0.085763,0.139985,-0.460647,-0.872269,-16.558907,120.330429,-9.130187,0.205481,0.257948,-0.526443,-0.783644,-2.211982,142.465073,-4.71198,-0.032492,0.990453,0.109376,0.077354,-1.751765,129.331741,26.154522,0.321331,0.862402,0.147033,-0.362477,15.489143,130.161362,28.958364,-0.033003,0.123343,0.467952,-0.874482,28.667187,119.046082,11.087784,-0.020167,-0.189771,0.662594,-0.724258,15.623567,139.327026,6.552719,0.056006,0.937253,0.220357,0.264316,-8.675819,85.266541,13.539511,0.084315,0.990105,-0.037008,0.105897,-8.258857,52.771534,-2.503613,-0.056806,0.965569,0.048128,0.249265,-16.573166,6.013515,0.132721,-0.073995,0.948584,-0.10506,0.289268,7.772912,86.340034,22.495785,0.01575,0.907245,-0.195453,0.372098,10.657755,51.294971,31.270895,-0.035397,0.904542,0.019972,0.424442,2.379887,7.388088,47.582012,-0.056806,0.965569,0.048128,0.249265,-9.062267,1.69032,-12.517506,-0.035397,0.904542,0.019972,0.424442,13.657316,2.24245,38.555725
153,1.275,-0.035225,0.968448,0.022469,0.245689,-0.449327,85.804924,18.014761,-0.045194,0.984354,0.099699,0.138072,-1.059023,93.469566,18.216366,-0.040932,0.989655,0.09117,0.102931,-3.542931,114.278542,22.134872,0.053001,0.997136,0.014874,0.051858,-5.633852,134.814117,25.739574,0.10406,0.976262,-0.18937,-0.014928,-3.922591,149.310135,24.385691,-0.030173,0.929527,0.12779,0.344585,-9.009274,128.870804,24.578152,0.293213,-0.619742,0.002067,-0.727971,-22.311739,129.429977,13.241029,0.085852,0.139999,-0.460569,-0.872299,-16.555201,120.330894,-9.133893,0.205645,0.257957,-0.526411,-0.78362,-2.204525,142.463654,-4.71654,-0.032394,0.990455,0.109349,0.077408,-1.747046,129.334229,26.150492,0.32141,0.862369,0.147329,-0.362367,15.493791,130.160309,28.955805,-0.032907,0.12332,0.467964,-0.874482,28.673246,119.0467,11.085222,-0.020183,-0.189694,0.662514,-0.724351,15.630815,139.32608,6.549323,0.056019,0.937213,0.220437,0.264387,-8.673527,85.268517,13.536284,0.084302,0.990055,-0.037157,0.106322,-8.254599,52.77618,-2.512205,-0.05667,0.965611,0.048024,0.249152,-16.570234,6.018999,0.134728,-0.073984,0.948562,-0.105061,0.289341,7.774872,86.341339,22.493238,0.015745,0.907288,-0.19549,0.371975,10.658317,51.296173,31.268396,-0.035187,0.90456,0.020003,0.424421,2.381801,7.390651,47.583855,-0.05667,0.965611,0.048024,0.249152,-9.063706,1.691588,-12.516647,-0.035187,0.90456,0.020003,0.424421,13.656837,2.243111,38.555672
154,1.283333,-0.035149,0.968444,0.022401,0.245722,-0.451246,85.806282,18.014666,-0.044949,0.984368,0.09961,0.138117,-1.059547,93.471054,18.215519,-0.041104,0.989644,0.091127,0.103013,-3.532241,114.276421,22.130697,0.053015,0.997132,0.014755,0.051956,-5.630386,134.811737,25.732697,0.104131,0.976279,-0.189252,-0.014822,-3.918245,149.307343,24.375565,-0.029949,0.929499,0.128099,0.344565,-9.003697,128.867203,24.571262,0.293391,-0.619865,0.00192,-0.727795,-22.307133,129.437332,13.235809,0.085796,0.139979,-0.460207,-0.872499,-16.558125,120.336365,-9.14029,0.205112,0.257509,-0.526718,-0.783701,-2.187599,142.459259,-4.718816,-0.032399,0.99046,0.109283,0.07744,-1.741924,129.333115,26.144997,0.321322,0.862419,0.146995,-0.362462,15.498735,130.159454,28.951391,-0.03305,0.123381,0.467954,-0.874474,28.677607,119.04348,11.081833,-0.020179,-0.189669,0.662664,-0.72422,15.634624,139.324539,6.546332,0.055985,0.937188,0.22042,0.264498,-8.675241,85.270973,13.535668,0.084306,0.990057,-0.037138,0.106301,-8.252479,52.777798,-2.511032,-0.056533,0.965605,0.048,0.249213,-16.568289,6.020546,0.134226,-0.07403,0.94855,-0.105026,0.289384,7.772748,86.341591,22.493662,0.015733,0.907236,-0.195517,0.372088,10.659636,51.296364,31.267483,-0.03553,0.90459,0.019737,0.424341,2.381204,7.391829,47.584641,-0.056533,0.965605,0.048,0.249213,-9.061585,1.691383,-12.516457,-0.03553,0.90459,0.019737,0.424341,13.657032,2.2417,38.558903
155,1.291667,-0.035119,0.968447,0.02236,0.245719,-0.450406,85.805977,18.012037,-0.044887,0.984372,0.099601,0.138118,-1.05811,93.470802,18.212397,-0.04106,0.989648,0.091092,0.103017,-3.52822,114.276955,22.127655,0.053052,0.997132,0.014766,0.051917,-5.624434,134.812698,25.728373,0.104222,0.976264,-0.189271,-0.014907,-3.911352,149.308228,24.371548,-0.030045,0.92952,0.128022,0.34453,-8.998303,128.868408,24.567299,0.293434,-0.619848,0.001839,-0.727793,-22.302376,129.434296,13.232386,0.085885,0.139943,-0.460168,-0.872516,-16.552279,120.335175,-9.144175,0.205169,0.257467,-0.526699,-0.783712,-2.179442,142.456985,-4.726307,-0.032374,0.990457,0.109337,0.077409,-1.736492,129.33374,26.141027,0.32138,0.862398,0.146938,-0.362483,15.504387,130.15918,28.94631,-0.03306,0.123394,0.467997,-0.874448,28.680626,119.040207,11.076687,-0.020208,-0.189607,0.662703,-0.7242,15.63939,139.323135,6.540954,0.055998,0.937171,0.22043,0.264548,-8.674467,85.271011,13.533127,0.084313,0.990076,-0.037145,0.106118,-8.251534,52.778275,-2.514444,-0.056574,0.965611,0.047927,0.249193,-16.567495,6.021172,0.132889,-0.074056,0.948553,-0.105031,0.289363,7.773656,86.340942,22.490948,0.015726,0.907146,-0.195531,0.3723,10.662435,51.296085,31.265604,-0.035451,0.904549,0.019786,0.424433,2.380267,7.392043,47.582191,-0.056574,0.965611,0.047927,0.249193,-9.060973,1.690283,-12.517306,-0.035451,0.904549,0.019786,0.424433,13.657324,2.242272,38.557796
156,1.3,-0.035103,0.968441,0.022305,0.245748,-0.449719,85.805222,18.01103,-0.044893,0.984375,0.099557,0.13813,-1.056984,93.470108,18.210625,-0.040987,0.989656,0.091039,0.103016,-3.527159,114.276909,22.124035,0.053233,0.99712,0.014785,0.051952,-5.620123,134.813309,25.722918,0.104211,0.976263,-0.189283,-0.014898,-3.9017,149.308289,24.366968,-0.02986,0.929509,0.128036,0.344569,-8.994934,128.869446,24.562424,0.293516,-0.619821,0.001992,-0.727781,-22.298435,129.441696,13.227161,0.086062,0.13992,-0.460093,-0.872542,-16.546761,120.3349,-9.145874,0.205273,0.257443,-0.526707,-0.783687,-2.170147,142.45459,-4.733001,-0.032344,0.990467,0.109239,0.077436,-1.73303,129.333771,26.136021,0.321354,0.862429,0.146785,-0.362493,15.507772,130.158325,28.942022,-0.033109,0.123469,0.46799,-0.87444,28.684498,119.037292,11.074039,-0.020243,-0.189564,0.662821,-0.724102,15.643698,139.320358,6.536245,0.056007,0.937168,0.220445,0.264544,-8.673532,85.270325,13.531656,0.084276,0.990053,-0.037206,0.106339,-8.250963,52.778126,-2.517028,-0.056477,0.965646,0.047915,0.249082,-16.564661,6.020865,0.134657,-0.074035,0.948548,-0.105017,0.289391,7.774093,86.340126,22.490404,0.015708,0.907153,-0.195538,0.372278,10.661485,51.294834,31.263748,-0.035209,0.90451,0.020004,0.424526,2.38102,7.391,47.581764,-0.056477,0.965646,0.047915,0.249082,-9.061968,1.688693,-12.517368,-0.035209,0.90451,0.020004,0.424526,13.658351,2.243837,38.556221
157,1.308333,-0.035089,0.968443,0.022271,0.245744,-0.448865,85.805824,18.009319,-0.04483,0.984379,0.099496,0.13816,-1.055793,93.470749,18.208452,-0.040932,0.989655,0.091034,0.103054,-3.523121,114.278503,22.119686,0.053206,0.997122,0.014719,0.051963,-5.613917,134.81514,25.718531,0.104328,0.976249,-0.189295,-0.014882,-3.89616,149.310013,24.360662,-0.029924,0.929553,0.127866,0.344509,-8.989347,128.871674,24.557787,0.293861,-0.619761,0.001634,-0.727695,-22.294163,129.439468,13.223852,0.086342,0.140008,-0.460015,-0.872542,-16.538687,120.335876,-9.149508,0.205336,0.25738,-0.526708,-0.783691,-2.160434,142.453094,-4.739322,-0.032317,0.990467,0.109239,0.077444,-1.727494,129.335144,26.131863,0.321451,0.86241,0.146909,-0.362403,15.513316,130.158752,28.938066,-0.03308,0.12355,0.468018,-0.874414,28.690201,119.035431,11.071631,-0.020388,-0.18948,0.662605,-0.724317,15.652081,139.318451,6.530067,0.056012,0.937151,0.220491,0.264563,-8.672729,85.271004,13.530037,0.084292,0.990047,-0.037256,0.106369,-8.249275,52.780319,-2.521674,-0.056426,0.965641,0.047878,0.24912,-16.565046,6.023666,0.134238,-0.07401,0.948524,-0.105033,0.289471,7.774999,86.340637,22.488604,0.015698,0.907162,-0.195545,0.372253,10.659604,51.295315,31.262783,-0.035595,0.904563,0.019692,0.424395,2.380227,7.391709,47.581951,-0.056426,0.965641,0.047878,0.24912,-9.061951,1.690056,-12.517052,-0.035595,0.904563,0.019692,0.424395,13.657606,2.241303,38.558323
158,1.316667,-0.035005,0.968447,0.022231,0.245744,-0.450831,85.808777,18.007969,-0.044796,0.984379,0.099495,0.138171,-1.05636,93.473824,18.206829,-0.040802,0.98966,0.091036,0.103058,-3.522312,114.281822,22.118204,0.053278,0.997118,0.014663,0.051973,-5.607771,134.818878,25.717697,0.104385,0.976224,-0.189393,-0.014871,-3.887835,149.313354,24.358322,-0.029857,0.929524,0.127873,0.34459,-8.984748,128.876312,24.556831,0.293812,-0.619786,0.001836,-0.727693,-22.287767,129.446777,13.220914,0.086416,0.139909,-0.459956,-0.872582,-16.533863,120.337021,-9.150341,0.20543,0.257322,-0.526627,-0.78374,-2.151126,142.452621,-4.745978,-0.032219,0.990473,0.109269,0.077363,-1.722748,129.337875,26.130798,0.321472,0.862411,0.146933,-0.362372,15.518726,130.158325,28.93387,-0.033071,0.123573,0.468007,-0.874417,28.696066,119.034317,11.068199,-0.020407,-0.189387,0.662585,-0.72436,15.657741,139.316849,6.525396,0.055975,0.93715,0.22043,0.264626,-8.674812,85.275299,13.528737,0.084292,0.990062,-0.037211,0.10624,-8.249015,52.782364,-2.518357,-0.056353,0.965651,0.047846,0.249104,-16.564068,6.025407,0.134445,-0.074064,0.948511,-0.104969,0.289521,7.77315,86.342255,22.487202,0.015663,0.907096,-0.195581,0.372398,10.66234,51.296539,31.25827,-0.035259,0.904532,0.019885,0.424479,2.382164,7.394153,47.580326,-0.056353,0.965651,0.047846,0.249104,-9.062132,1.690277,-12.517017,-0.035259,0.904532,0.019885,0.424479,13.658616,2.244527,38.555092
159,1.325,-0.034975,0.968458,0.022216,0.245709,-0.450804,85.808662,18.007303,-0.044746,0.984393,0.099382,0.138174,-1.055828,93.473747,18.206068,-0.040738,0.989661,0.091048,0.103064,-3.51885,114.281097,22.11268,0.053219,0.997123,0.014538,0.051982,-5.601716,134.818268,25.712946,0.104535,0.976216,-0.189358,-0.014801,-3.88329,149.312576,24.349867,-0.029781,0.929535,0.127906,0.344554,-8.979445,128.87619,24.551865,0.293693,-0.619633,0.002155,-0.72787,-22.283476,129.449326,13.217264,0.08645,0.13977,-0.460068,-0.872541,-16.520214,120.333931,-9.149291,0.205526,0.257338,-0.526603,-0.783726,-2.141345,142.452698,-4.753194,-0.032267,0.990463,0.109307,0.077424,-1.717382,129.336761,26.125835,0.32152,0.862381,0.146784,-0.362463,15.523657,130.158524,28.931213,-0.033117,0.12361,0.468093,-0.874364,28.696171,119.030914,11.064218,-0.020397,-0.189299,0.662661,-0.724314,15.662191,139.316269,6.521308,0.055985,0.937145,0.220456,0.26462,-8.675152,85.275635,13.528687,0.08429,0.990057,-0.037244,0.106277,-8.249595,52.78363,-2.520309,-0.056536,0.965671,0.047724,0.24901,-16.564892,6.026876,0.1353,-0.07409,0.948494,-0.105003,0.289558,7.773544,86.341698,22.48592,0.015693,0.907112,-0.195587,0.372353,10.663477,51.296783,31.25996,-0.035598,0.904555,0.019676,0.424412,2.381241,7.394728,47.581875,-0.056536,0.965671,0.047724,0.24901,-9.063675,1.689702,-12.51589,-0.035598,0.904555,0.019676,0.424412,13.658913,2.243944,38.558823
160,1.333333,-0.034988,0.96847,0.022239,0.245658,-0.449034,85.809875,18.004658,-0.04475,0.984393,0.099418,0.138146,-1.054319,93.47493,18.203751,-0.040705,0.989669,0.090999,0.103046,-3.517828,114.283752,22.112242,0.05327,0.997123,0.014396,0.051964,-5.599055,134.821426,25.710655,0.104777,0.976181,-0.189402,-0.014802,-3.879029,149.31517,24.343468,-0.029711,0.929514,0.127862,0.344633,-8.977262,128.879471,24.550268,0.293636,-0.619587,0.00234,-0.727932,-22.279537,129.454727,13.213718,0.086478,0.139661,-0.460028,-0.872577,-16.513494,120.335045,-9.150367,0.205484,0.257278,-0.526574,-0.783776,-2.131441,142.45192,-4.759737,-0.03222,0.990466,0.109383,0.077297,-1.715105,129.339676,26.123905,0.321726,0.86235,0.146848,-0.362325,15.526729,130.160065,28.924799,-0.033037,0.123663,0.468204,-0.874301,28.697601,119.024254,11.061707,-0.020483,-0.189274,0.662596,-0.724377,15.669014,139.313049,6.51513,0.055992,0.937163,0.220422,0.264584,-8.673836,85.276695,13.526895,0.084268,0.990079,-0.03724,0.106096,-8.25006,52.783649,-2.520043,-0.056462,0.965698,0.047776,0.248911,-16.562696,6.026501,0.136937,-0.074133,0.948547,-0.105074,0.289348,7.775768,86.343056,22.48242,0.015794,0.907174,-0.195602,0.372191,10.669024,51.299686,31.26153,-0.035565,0.904564,0.019569,0.4244,2.380519,7.398483,47.582542,-0.056462,0.965698,0.047776,0.248911,-9.064716,1.690042,-12.516417,-0.035565,0.904564,0.019569,0.4244,13.657214,2.244508,38.560093
161,1.341667,-0.034979,0.968475,0.022242,0.245639,-0.447785,85.809853,18.002262,-0.044702,0.984403,0.099376,0.138121,-1.052944,93.474915,18.201452,-0.040629,0.989674,0.091007,0.103012,-3.51404,114.283661,22.10845,0.053274,0.997123,0.014493,0.05194,-5.592039,134.821518,25.707626,0.104805,0.976145,-0.189569,-0.014821,-3.87209,149.315521,24.343222,-0.029756,0.929519,0.127839,0.344624,-8.971189,128.880066,24.547344,0.29347,-0.619612,0.002411,-0.727977,-22.273588,129.453568,13.210854,0.086474,0.139597,-0.459946,-0.872631,-16.509113,120.33606,-9.154519,0.205562,0.257304,-0.526458,-0.783824,-2.121499,142.45105,-4.765823,-0.032176,0.990466,0.109372,0.07733,-1.708838,129.339203,26.120399,0.321785,0.862323,0.146787,-0.362363,15.532915,130.158005,28.922241,-0.03297,0.123639,0.468247,-0.874283,28.700575,119.019272,11.058605,-0.02031,-0.189113,0.662715,-0.724316,15.67347,139.309448,6.511584,0.05595,0.937185,0.220439,0.2645,-8.672768,85.27684,13.524816,0.084286,0.99009,-0.037237,0.105977,-8.247212,52.783989,-2.522455,-0.056387,0.965686,0.047808,0.248968,-16.561222,6.027117,0.134992,-0.074058,0.948529,-0.10508,0.289425,7.777198,86.342857,22.47971,0.015699,0.907117,-0.195628,0.372319,10.664448,51.298775,31.257931,-0.035629,0.904585,0.019554,0.424351,2.380933,7.398248,47.583282,-0.056387,0.965686,0.047808,0.248968,-9.0625,1.691011,-12.518038,-0.035629,0.904585,0.019554,0.424351,13.657221,2.244665,38.560104
162,1.35,-0.034945,0.968482,0.022178,0.245622,-0.448639,85.809723,18.001635,-0.044626,0.984412,0.099314,0.138123,-1.053046,93.474869,18.200006,-0.040562,0.989677,0.090999,0.103017,-3.510417,114.282593,22.104565,0.053266,0.997128,0.014438,0.051867,-5.585604,134.82074,25.703705,0.104979,0.97613,-0.189543,-0.014937,-3.866038,149.314636,24.337551,-0.029712,0.929541,0.12781,0.34458,-8.965569,128.879776,24.543446,0.293412,-0.61961,0.002403,-0.728002,-22.269115,129.454132,13.208336,0.086513,0.139564,-0.45985,-0.872683,-16.504492,120.338737,-9.157875,0.205633,0.257195,-0.526381,-0.783894,-2.111663,142.450638,-4.770838,-0.032182,0.990465,0.109349,0.077376,-1.703149,129.337906,26.116482,0.321851,0.862298,0.146796,-0.362361,15.538343,130.156815,28.919918,-0.032806,0.123642,0.468225,-0.874301,28.703959,119.015839,11.056163,-0.020302,-0.189118,0.662859,-0.724183,15.676381,139.303787,6.505293,0.056027,0.937141,0.220447,0.264635,-8.673824,85.277023,13.524514,0.084223,0.990086,-0.037263,0.106053,-8.251045,52.785069,-2.524659,-0.056315,0.965704,0.047762,0.248926,-16.559576,6.027362,0.135272,-0.074079,0.948494,-0.105038,0.289549,7.776546,86.342415,22.478754,0.015697,0.907123,-0.195658,0.372289,10.664999,51.297909,31.254906,-0.035624,0.904596,0.019552,0.424329,2.381137,7.398495,47.583096,-0.056315,0.965704,0.047762,0.248926,-9.062708,1.689303,-12.518193,-0.035624,0.904596,0.019552,0.424329,13.656944,2.24477,38.559391
163,1.358333,-0.034915,0.968492,0.022151,0.245586,-0.449623,85.809517,17.999081,-0.044595,0.984409,0.099357,0.138127,-1.05348,93.474709,18.197191,-0.040375,0.989692,0.090908,0.103028,-3.51015,114.285362,22.104317,0.053308,0.997125,0.014453,0.051878,-5.577283,134.824844,25.700512,0.105029,0.976095,-0.189696,-0.014927,-3.856506,149.318634,24.334881,-0.02969,0.929557,0.127523,0.344645,-8.959578,128.885025,24.541138,0.293276,-0.619642,0.002581,-0.728029,-22.261608,129.456909,13.204127,0.086482,0.13952,-0.459803,-0.872718,-16.499048,120.338753,-9.161484,0.205669,0.257198,-0.526209,-0.783999,-2.103227,142.448883,-4.775198,-0.032034,0.990478,0.10927,0.077378,-1.696968,129.340546,26.114044,0.321954,0.86224,0.146796,-0.362406,15.544844,130.154541,28.916931,-0.032638,0.123557,0.468283,-0.874288,28.705534,119.010368,11.051548,-0.02014,-0.189103,0.663172,-0.723904,15.679092,139.300049,6.500424,0.055957,0.937155,0.220478,0.264573,-8.675175,85.277214,13.522593,0.084258,0.990086,-0.037275,0.106023,-8.248079,52.785671,-2.527295,-0.05637,0.965704,0.047701,0.248925,-16.559938,6.02861,0.133655,-0.074054,0.948526,-0.105052,0.289445,7.775929,86.34182,22.475567,0.015639,0.907066,-0.19566,0.37243,10.663362,51.29726,31.251835,-0.035514,0.904583,0.019614,0.424363,2.381906,7.397741,47.580959,-0.05637,0.965704,0.047701,0.248925,-9.062593,1.689284,-12.519092,-0.035514,0.904583,0.019614,0.424363,13.657531,2.244245,38.556896
164,1.366667,-0.03493,0.968495,0.022143,0.245577,-0.448248,85.809158,17.998528,-0.044578,0.984417,0.099279,0.138129,-1.052299,93.474342,18.196463,-0.040403,0.989686,0.09096,0.10303,-3.507792,114.285324,22.100359,0.053569,0.997109,0.014422,0.051919,-5.576303,134.824326,25.698557,0.105007,0.97608,-0.189785,-0.014947,-3.84779,149.317154,24.332487,-0.029525,0.929558,0.127452,0.344683,-8.9582,128.884384,24.538574,0.293384,-0.619779,0.002275,-0.72787,-22.259672,129.460938,13.201139,0.086718,0.139679,-0.459451,-0.872855,-16.505445,120.348595,-9.16899,0.205815,0.25725,-0.526162,-0.783975,-2.094282,142.44873,-4.778368,-0.032003,0.990475,0.10934,0.077334,-1.69563,129.340225,26.111582,0.322003,0.862257,0.146635,-0.362388,15.546494,130.153137,28.912884,-0.032682,0.123617,0.468368,-0.874232,28.706282,119.003593,11.050172,-0.020111,-0.18909,0.663277,-0.723812,15.684351,139.296204,6.497931,0.055953,0.937167,0.220531,0.264486,-8.673872,85.276535,13.522204,0.084297,0.990116,-0.037278,0.105709,-8.246954,52.786671,-2.531083,-0.056252,0.965684,0.047717,0.249026,-16.561663,6.030264,0.132386,-0.074022,0.948501,-0.105114,0.289514,7.777375,86.341789,22.474852,0.015629,0.907221,-0.195591,0.372089,10.660633,51.297836,31.254938,-0.035231,0.9046,0.019885,0.424338,2.388575,7.39573,47.581863,-0.056252,0.965684,0.047717,0.249026,-9.062891,1.690557,-12.519388,-0.035231,0.9046,0.019885,0.424338,13.66193,2.245612,38.553032
165,1.375,-0.034924,0.968497,0.022178,0.245567,-0.447989,85.809769,17.996275,-0.044543,0.984421,0.099242,0.138142,-1.052077,93.47493,18.194761,-0.040306,0.989689,0.09096,0.103041,-3.505767,114.284744,22.097004,0.05367,0.997103,0.01437,0.05195,-5.570282,134.824066,25.695641,0.104992,0.976069,-0.189853,-0.014922,-3.838678,149.316391,24.32827,-0.029358,0.92955,0.1275,0.344702,-8.953332,128.884811,24.535519,0.293424,-0.619806,0.002354,-0.727831,-22.254688,129.467468,13.198265,0.086835,0.139696,-0.459343,-0.872897,-16.502125,120.350632,-9.170456,0.205873,0.257279,-0.526115,-0.783982,-2.086145,142.447449,-4.781123,-0.031954,0.990473,0.109346,0.077371,-1.69068,129.339203,26.108557,0.322082,0.862228,0.146671,-0.362374,15.551347,130.150253,28.910975,-0.032657,0.123623,0.468417,-0.874206,28.709116,118.998352,11.048259,-0.020144,-0.189038,0.66332,-0.723786,15.689631,139.292114,6.495461,0.055999,0.937162,0.220548,0.264481,-8.673711,85.277405,13.520105,0.084275,0.990106,-0.037318,0.105808,-8.249615,52.78846,-2.535105,-0.056185,0.965676,0.047702,0.249072,-16.562969,6.031984,0.131513,-0.073995,0.948558,-0.105188,0.289305,7.777733,86.342125,22.472446,0.015636,0.907278,-0.195595,0.371947,10.659472,51.299011,31.256348,-0.035619,0.904665,0.019607,0.424179,2.389191,7.397094,47.584675,-0.056185,0.965676,0.047702,0.249072,-9.063695,1.691338,-12.519638,-0.035619,0.904665,0.019607,0.424179,13.662163,2.244614,38.556717
166,1.383333,-0.03493,0.968498,0.022204,0.245556,-0.44698,85.809334,17.994753,-0.0445,0.984426,0.099228,0.13813,-1.051251,93.474472,18.193609,-0.040181,0.989702,0.09089,0.103025,-3.503192,114.286163,22.095852,0.05367,0.997104,0.014364,0.051939,-5.562196,134.826431,25.692192,0.105059,0.976048,-0.189922,-0.014912,-3.830626,149.318756,24.32464,-0.029233,0.929578,0.127522,0.344627,-8.946845,128.887909,24.532942,0.293223,-0.619687,0.002888,-0.728011,-22.250246,129.474548,13.198294,0.086872,0.139582,-0.459463,-0.872848,-16.490524,120.346283,-9.163926,0.20612,0.257342,-0.526035,-0.78395,-2.078983,142.446762,-4.78187,-0.031845,0.990464,0.109452,0.077378,-1.683994,129.340622,26.105547,0.322128,0.862223,0.146617,-0.362366,15.558241,130.147552,28.907881,-0.032657,0.123628,0.46846,-0.874183,28.714811,118.992737,11.046102,-0.020134,-0.189067,0.663277,-0.723818,15.696457,139.289215,6.493021,0.056043,0.937132,0.220562,0.264567,-8.672794,85.276978,13.518752,0.084293,0.990085,-0.037359,0.105978,-8.249975,52.78883,-2.538112,-0.056187,0.965687,0.04768,0.249035,-16.565838,6.032941,0.130794,-0.074025,0.948553,-0.105204,0.289308,7.778835,86.341682,22.470753,0.015671,0.907289,-0.195616,0.371908,10.662281,51.299141,31.25638,-0.035091,0.904623,0.01994,0.424297,2.389016,7.398087,47.58551,-0.056187,0.965687,0.04768,0.249035,-9.06751,1.691652,-12.5207,-0.035091,0.904623,0.01994,0.424297,13.660362,2.247588,38.554398
167,1.391667,-0.034882,0.968496,0.02222,0.245572,-0.447761,85.80867,17.993082,-0.044462,0.984427,0.09919,0.138157,-1.051383,93.473854,18.192347,-0.040099,0.989698,0.090948,0.103043,-3.502077,114.290108,22.093929,0.053786,0.997099,0.014281,0.051921,-5.55801,134.830215,25.692978,0.105199,0.976007,-0.19005,-0.014982,-3.823029,149.321915,24.323147,-0.029203,0.929558,0.12747,0.344702,-8.943544,128.89238,24.532873,0.293243,-0.619898,0.002687,-0.727824,-22.245195,129.479691,13.196209,0.086975,0.139692,-0.459106,-0.873008,-16.498369,120.355057,-9.170802,0.206125,0.257365,-0.525873,-0.784049,-2.071033,142.444031,-4.783306,-0.031714,0.990474,0.10941,0.077362,-1.680654,129.34375,26.105673,0.322234,0.862196,0.14669,-0.362305,15.561959,130.146332,28.906918,-0.032523,0.123655,0.468512,-0.874156,28.717348,118.988266,11.046304,-0.020118,-0.189129,0.663178,-0.723893,15.702409,139.284515,6.489475,0.056057,0.937122,0.220531,0.264625,-8.673492,85.277267,13.516816,0.084286,0.990128,-0.037325,0.105595,-8.251225,52.788235,-2.538277,-0.056202,0.965684,0.047734,0.249033,-16.56502,6.031972,0.130705,-0.074062,0.948534,-0.105219,0.289356,7.777969,86.340073,22.469347,0.015678,0.907298,-0.195626,0.37188,10.663146,51.298153,31.256903,-0.035221,0.904651,0.019864,0.424231,2.389344,7.397509,47.586864,-0.056202,0.965684,0.047734,0.249033,-9.06655,1.69232,-12.521262,-0.035221,0.904651,0.019864,0.424231,13.660378,2.246663,38.555561
168,1.4,-0.034858,0.968504,0.022218,0.245545,-0.446929,85.808388,17.99111,-0.044476,0.984426,0.099211,0.138146,-1.050181,93.473595,18.190468,-0.039964,0.989713,0.090867,0.103029,-3.501805,114.291702,22.093277,0.0538,0.997099,0.014249,0.051927,-5.551732,134.832886,25.689608,0.105298,0.975979,-0.190143,-0.01494,-3.816284,149.324448,24.318867,-0.029221,0.92958,0.127379,0.344676,-8.939009,128.895859,24.530489,0.293036,-0.619696,0.003168,-0.728077,-22.241253,129.481369,13.194427,0.086907,0.139566,-0.459294,-0.872936,-16.482172,120.348618,-9.166124,0.206218,0.257314,-0.525768,-0.784112,-2.062812,142.442505,-4.784422,-0.031545,0.990481,0.109363,0.077407,-1.67591,129.345398,26.102859,0.32225,0.86218,0.146554,-0.362386,15.566833,130.14209,28.904987,-0.032525,0.123647,0.46857,-0.874126,28.718796,118.981728,11.043284,-0.020089,-0.189254,0.663226,-0.723817,15.706581,139.279633,6.487139,0.056038,0.937101,0.220586,0.264659,-8.672942,85.277405,13.515311,0.084269,0.990093,-0.037408,0.105907,-8.247711,52.789963,-2.542923,-0.056074,0.965705,0.047688,0.248987,-16.561642,6.03404,0.131452,-0.074098,0.948547,-0.105173,0.289323,7.779084,86.339363,22.466909,0.015778,0.907235,-0.195699,0.371992,10.668027,51.297115,31.251911,-0.035374,0.904573,0.019782,0.424387,2.381049,7.399487,47.583302,-0.056074,0.965705,0.047688,0.248987,-9.065665,1.691977,-12.521167,-0.035374,0.904573,0.019782,0.424387,13.656414,2.24858,38.557434
169,1.408333,-0.034856,0.968503,0.022116,0.245558,-0.446752,85.807785,17.99107,-0.044466,0.98443,0.099195,0.138131,-1.0496,93.473068,18.188896,-0.039878,0.989726,0.09079,0.103003,-3.500556,114.290726,22.091007,0.053989,0.997091,0.014315,0.051872,-5.546501,134.832779,25.684622,0.105409,0.975951,-0.190213,-0.015081,-3.805839,149.323898,24.315966,-0.029154,0.929608,0.127319,0.34463,-8.934937,128.896194,24.526539,0.29299,-0.619702,0.003233,-0.728091,-22.238449,129.482956,13.192023,0.086818,0.139572,-0.459204,-0.872992,-16.479746,120.349182,-9.168214,0.205994,0.257252,-0.525639,-0.784277,-2.055965,142.439697,-4.783205,-0.031349,0.99047,0.109523,0.077408,-1.671655,129.344635,26.098389,0.322231,0.862196,0.146554,-0.362362,15.571515,130.134064,28.899961,-0.032572,0.123643,0.468555,-0.874133,28.724915,118.974075,11.039075,-0.020134,-0.189272,0.663233,-0.723804,15.710847,139.273468,6.483776,0.056174,0.937057,0.220598,0.264775,-8.672647,85.276367,13.515101,0.084173,0.990103,-0.03744,0.105875,-8.25438,52.790428,-2.546361,-0.056057,0.965728,0.047689,0.248902,-16.559511,6.033185,0.132287,-0.073989,0.948583,-0.105211,0.289217,7.779143,86.339211,22.467037,0.015642,0.90728,-0.195644,0.371918,10.660836,51.296379,31.252087,-0.035732,0.904672,0.019586,0.424155,2.388857,7.396272,47.58445,-0.056057,0.965728,0.047689,0.248902,-9.065907,1.690892,-12.521664,-0.035732,0.904672,0.019586,0.424155,13.662416,2.244698,38.556705
170,1.416667,-0.034819,0.968502,0.022094,0.245567,-0.448037,85.806816,17.988848,-0.044374,0.98444,0.099154,0.138121,-1.05025,93.472153,18.186478,-0.039809,0.989736,0.090728,0.102988,-3.496932,114.289268,22.087265,0.05412,0.997082,0.01437,0.051879,-5.539726,134.832031,25.678677,0.105447,0.975936,-0.190267,-0.015097,-3.795329,149.322876,24.311836,-0.029065,0.929639,0.127363,0.344536,-8.929078,128.895813,24.521389,0.292982,-0.619726,0.003231,-0.728074,-22.235027,129.485504,13.189882,0.086865,0.139617,-0.459089,-0.87304,-16.477781,120.351723,-9.170721,0.205991,0.257286,-0.525508,-0.784356,-2.049197,142.43837,-4.783952,-0.031348,0.990458,0.109549,0.077515,-1.665668,129.343353,26.092899,0.322352,0.862159,0.146452,-0.362384,15.576927,130.132263,28.898159,-0.032524,0.123597,0.468645,-0.874093,28.725672,118.965981,11.037768,-0.020009,-0.1892,0.663304,-0.723761,15.715216,139.267914,6.483693,0.056033,0.937079,0.220646,0.264688,-8.673891,85.27597,13.512738,0.084311,0.990098,-0.037456,0.105803,-8.246624,52.790417,-2.549249,-0.056119,0.965702,0.047621,0.249002,-16.564598,6.035489,0.130027,-0.074033,0.9486,-0.105266,0.28913,7.777819,86.337662,22.464956,0.015714,0.90731,-0.195618,0.371853,10.662135,51.29615,31.254429,-0.035783,0.904633,0.019568,0.424235,2.386017,7.395315,47.582714,-0.056119,0.965702,0.047621,0.249002,-9.067872,1.691935,-12.521638,-0.035783,0.904633,0.019568,0.424235,13.661591,2.243965,38.557358
171,1.425,-0.034829,0.968504,0.022132,0.245554,-0.447411,85.807587,17.98658,-0.044372,0.984438,0.099223,0.138088,-1.049903,93.472885,18.184748,-0.039717,0.989742,0.090755,0.102942,-3.497375,114.294609,22.089451,0.054238,0.997083,0.014227,0.051779,-5.536286,134.837463,25.682487,0.105635,0.975891,-0.190381,-0.015253,-3.788586,149.327515,24.311464,-0.029146,0.929601,0.127272,0.344665,-8.926771,128.901917,24.525169,0.29284,-0.619791,0.003338,-0.728075,-22.229446,129.488495,13.189668,0.086784,0.139543,-0.459022,-0.873095,-16.476252,120.354271,-9.171794,0.205931,0.257263,-0.525404,-0.784448,-2.04301,142.438599,-4.785654,-0.031086,0.990485,0.109447,0.077423,-1.663115,129.348114,26.095911,0.322394,0.862136,0.146467,-0.362395,15.580545,130.128616,28.896936,-0.032538,0.123633,0.468696,-0.87406,28.727554,118.961288,11.035945,-0.020088,-0.189192,0.663359,-0.723711,15.720556,139.263687,6.481165,0.056106,0.93706,0.220662,0.264723,-8.67337,85.276741,13.510672,0.084269,0.990073,-0.037523,0.106047,-8.250112,52.792313,-2.55371,-0.055961,0.965709,0.047604,0.249017,-16.565474,6.03719,0.130276,-0.074036,0.948547,-0.105266,0.289303,7.77855,86.338432,22.46249,0.015696,0.907342,-0.195648,0.371761,10.661479,51.296951,31.25251,-0.035749,0.904678,0.019593,0.42414,2.387565,7.397163,47.584717,-0.055961,0.965709,0.047604,0.249017,-9.06997,1.691857,-12.5215,-0.035749,0.904678,0.019593,0.42414,13.661022,2.245967,38.556633
172,1.433333,-0.034806,0.968498,0.022166,0.24558,-0.446729,85.809067,17.984167,-0.044325,0.984436,0.099207,0.138125,-1.049016,93.474365,18.18292,-0.039665,0.989739,0.090768,0.102978,-3.494404,114.294922,22.086882,0.054332,0.997077,0.014088,0.051844,-5.531345,134.83786,25.680607,0.105711,0.97588,-0.190403,-0.015171,-3.78053,149.327179,24.30583,-0.029082,0.929611,0.127261,0.344648,-8.922394,128.90271,24.522842,0.292724,-0.619816,0.003401,-0.728099,-22.225605,129.49118,13.188067,0.086771,0.139559,-0.458964,-0.873125,-16.473984,120.357834,-9.174165,0.206028,0.257264,-0.525252,-0.784524,-2.038561,142.439514,-4.786613,-0.031051,0.990474,0.109536,0.077453,-1.658785,129.348068,26.094051,0.322465,0.86212,0.146496,-0.362361,15.584791,130.126984,28.896057,-0.032454,0.123642,0.468738,-0.874039,28.730778,118.957184,11.035855,-0.02002,-0.189123,0.663501,-0.723601,15.725872,139.260422,6.478993,0.056159,0.937047,0.220623,0.264792,-8.672481,85.278809,13.5078,0.084254,0.990097,-0.037527,0.105838,-8.252365,52.793549,-2.554978,-0.055902,0.965708,0.047626,0.249028,-16.565855,6.038225,0.131245,-0.073997,0.948518,-0.105234,0.289422,7.779023,86.339317,22.460533,0.015639,0.907306,-0.195721,0.371813,10.658863,51.296925,31.247955,-0.035538,0.904685,0.01963,0.424144,2.386373,7.399678,47.58773,-0.055902,0.965708,0.047626,0.249028,-9.070619,1.693035,-12.52074,-0.035538,0.904685,0.01963,0.424144,13.657932,2.246757,38.558258
173,1.441667,-0.034769,0.968495,0.022163,0.245598,-0.447117,85.809219,17.982185,-0.044266,0.984441,0.099196,0.13812,-1.048852,93.474564,18.181017,-0.039605,0.989742,0.090775,0.102964,-3.491715,114.295769,22.084969,0.054437,0.997072,0.01411,0.051817,-5.526175,134.838837,25.679279,0.105793,0.975847,-0.190523,-0.015239,-3.772456,149.327881,24.305241,-0.02905,0.92961,0.127286,0.344643,-8.917944,128.904099,24.521503,0.292602,-0.619866,0.003458,-0.728106,-22.221331,129.493866,13.187003,0.086734,0.139521,-0.458854,-0.873192,-16.472786,120.361496,-9.176414,0.206009,0.257233,-0.525245,-0.784544,-2.031042,142.439835,-4.78857,-0.030882,0.990498,0.109387,0.077428,-1.654224,129.348602,26.092434,0.322559,0.862085,0.14654,-0.362341,15.589849,130.122192,28.892845,-0.032476,0.123676,0.468838,-0.873979,28.733543,118.949532,11.032743,-0.020071,-0.189101,0.663353,-0.723741,15.733708,139.255875,6.47542,0.056046,0.937046,0.220643,0.264804,-8.672757,85.279617,13.505538,0.084373,0.990074,-0.037552,0.105948,-8.244464,52.794075,-2.55644,-0.056071,0.965686,0.047567,0.249087,-16.569647,6.04085,0.130055,-0.07401,0.948607,-0.105309,0.289098,7.778522,86.338821,22.458832,0.015742,0.907424,-0.195705,0.371529,10.660575,51.297714,31.25065,-0.035691,0.904679,0.019518,0.424147,2.38485,7.400191,47.588036,-0.056071,0.965686,0.047567,0.249087,-9.071254,1.695473,-12.519993,-0.035691,0.904679,0.019518,0.424147,13.657578,2.246316,38.560574
174,1.45,-0.034743,0.968494,0.022176,0.245602,-0.44691,85.809586,17.980129,-0.044234,0.984441,0.099172,0.138146,-1.048305,93.474945,18.179249,-0.039516,0.989743,0.090778,0.102989,-3.489931,114.29747,22.082514,0.054443,0.997072,0.01396,0.051844,-5.520794,134.84082,25.677303,0.105966,0.975825,-0.190544,-0.015175,-3.766592,149.329407,24.298958,-0.028916,0.929592,0.127329,0.344688,-8.913598,128.906723,24.519262,0.292508,-0.619886,0.003664,-0.728125,-22.216177,129.501587,13.184079,0.086716,0.13948,-0.458807,-0.873225,-16.468964,120.36438,-9.1777,0.20604,0.257171,-0.525172,-0.784605,-2.024595,142.440613,-4.790938,-0.030723,0.990506,0.109321,0.077475,-1.649849,129.349869,26.090437,0.322679,0.86204,0.146478,-0.362367,15.594314,130.11795,28.891811,-0.032438,0.123683,0.46898,-0.873904,28.733185,118.939934,11.031511,-0.019936,-0.189,0.66344,-0.723691,15.738914,139.251968,6.473364,0.056131,0.937,0.220601,0.264983,-8.672542,85.280525,13.503403,0.084334,0.990053,-0.037581,0.10616,-8.247718,52.794327,-2.557354,-0.056205,0.965689,0.047523,0.249053,-16.570097,6.040674,0.130443,-0.074049,0.948549,-0.105307,0.28928,7.77872,86.338654,22.456854,0.015708,0.907388,-0.195728,0.371606,10.661839,51.297928,31.249851,-0.035734,0.90473,0.019469,0.424037,2.386817,7.401156,47.5896,-0.056205,0.965689,0.047523,0.249053,-9.071306,1.695104,-12.519301,-0.035734,0.90473,0.019469,0.424037,13.657588,2.246468,38.560158
175,1.458333,-0.034709,0.968486,0.022144,0.245643,-0.446429,85.808739,17.977249,-0.044151,0.984445,0.099174,0.138146,-1.047199,93.474159,18.175995,-0.039493,0.989747,0.090748,0.102981,-3.485308,114.2967,22.079777,0.054628,0.997061,0.014025,0.051853,-5.515063,134.840363,25.673433,0.105984,0.9758,-0.190655,-0.015222,-3.755564,149.328506,24.297279,-0.028838,0.929645,0.127284,0.344569,-8.90819,128.906372,24.515789,0.292516,-0.619867,0.003614,-0.728139,-22.213797,129.50264,13.184237,0.086779,0.139449,-0.45876,-0.873249,-16.465399,120.367279,-9.177989,0.206079,0.257136,-0.525181,-0.7846,-2.018818,142.441299,-4.794016,-0.030791,0.990469,0.109577,0.077565,-1.644389,129.349228,26.086811,0.322788,0.861983,0.14668,-0.362322,15.599139,130.118607,28.891718,-0.031804,0.123199,0.468826,-0.874078,28.736145,118.940147,11.030322,-0.019293,-0.189143,0.664547,-0.722655,15.727289,139.247528,6.476501,0.056133,0.936985,0.220589,0.265045,-8.671725,85.280182,13.499851,0.084311,0.990056,-0.037616,0.10614,-8.246264,52.793621,-2.560151,-0.056095,0.965694,0.047588,0.249047,-16.566715,6.03984,0.131409,-0.07405,0.948519,-0.105314,0.289375,7.778867,86.337303,22.454647,0.015699,0.907355,-0.195714,0.371693,10.661,51.296688,31.248405,-0.035685,0.904681,0.019515,0.424144,2.385725,7.399359,47.586548,-0.056095,0.965694,0.047588,0.249047,-9.069112,1.695181,-12.519352,-0.035685,0.904681,0.019515,0.424144,13.658307,2.245329,38.558994
176,1.466667,-0.034738,0.968479,0.022164,0.245661,-0.443654,85.806427,17.973518,-0.044177,0.984436,0.099213,0.138172,-1.044937,93.471802,18.172451,-0.039383,0.989751,0.09073,0.103003,-3.484854,114.296936,22.078205,0.05462,0.997062,0.01394,0.051869,-5.510075,134.841095,25.671555,0.106147,0.975779,-0.190679,-0.015175,-3.750651,149.329025,24.292919,-0.028849,0.929639,0.127251,0.344595,-8.904508,128.907852,24.513908,0.292419,-0.619887,0.003659,-0.72816,-22.209457,129.503494,13.181549,0.086744,0.139417,-0.458732,-0.873272,-16.46229,120.369186,-9.181428,0.206133,0.257077,-0.52515,-0.784626,-2.01368,142.442368,-4.797683,-0.030667,0.990485,0.109449,0.077587,-1.640645,129.349106,26.085091,0.322871,0.861937,0.1467,-0.362351,15.603033,130.114441,28.890198,-0.031514,0.122996,0.46883,-0.874115,28.736311,118.933739,11.027468,-0.018963,-0.189246,0.665064,-0.722161,15.724808,139.240646,6.475301,0.0561,0.937003,0.220593,0.264985,-8.668746,85.277443,13.495792,0.084349,0.99007,-0.037645,0.10597,-8.241996,52.790737,-2.563879,-0.056026,0.965702,0.047635,0.249023,-16.565908,6.037789,0.1314,-0.073989,0.948486,-0.105308,0.289499,7.781437,86.335411,22.451244,0.015614,0.90728,-0.195739,0.371867,10.658418,51.294064,31.243742,-0.035757,0.90466,0.019563,0.424181,2.386498,7.397413,47.5854,-0.056026,0.965702,0.047635,0.249023,-9.069548,1.693863,-12.52035,-0.035757,0.90466,0.019563,0.424181,13.660723,2.245558,38.558655
177,1.475,-0.034718,0.968471,0.022152,0.245699,-0.444101,85.807465,17.972141,-0.044093,0.984453,0.099113,0.138148,-1.045056,93.47287,18.170942,-0.039217,0.989762,0.090759,0.10294,-3.480218,114.294365,22.072206,0.054711,0.997059,0.014032,0.051798,-5.498447,134.838837,25.667616,0.106117,0.975767,-0.190749,-0.015277,-3.736744,149.326736,24.291668,-0.0288,0.929677,0.127297,0.344479,-8.894918,128.906769,24.510006,0.29222,-0.61993,0.003752,-0.728203,-22.202768,129.504013,13.181132,0.086629,0.139311,-0.458725,-0.873304,-16.458261,120.371819,-9.183399,0.206166,0.256988,-0.525143,-0.784651,-2.007098,142.445053,-4.801318,-0.030736,0.990468,0.109457,0.077762,-1.630668,129.345612,26.080078,0.322981,0.861841,0.146718,-0.362473,15.611909,130.11264,28.891495,-0.031365,0.122817,0.468918,-0.874098,28.737307,118.929985,11.024192,-0.018778,-0.189357,0.665264,-0.721952,15.727457,139.239502,6.47641,0.056089,0.936992,0.220571,0.265044,-8.668877,85.278801,13.493792,0.084412,0.990027,-0.037661,0.10631,-8.240773,52.791321,-2.564284,-0.056139,0.965674,0.047522,0.249127,-16.571629,6.039495,0.128943,-0.073969,0.948559,-0.105331,0.289259,7.780675,86.336128,22.450491,0.015629,0.907324,-0.195741,0.371759,10.657997,51.294918,31.24342,-0.035696,0.904664,0.0195,0.424181,2.386632,7.398394,47.585705,-0.056139,0.965674,0.047522,0.249127,-9.071601,1.693454,-12.519911,-0.035696,0.904664,0.0195,0.424181,13.659996,2.244124,38.559258
178,1.483333,-0.03469,0.968468,0.022161,0.245716,-0.443077,85.806885,17.969185,-0.044049,0.984447,0.099124,0.138199,-1.043654,93.472313,18.168207,-0.039151,0.989759,0.090748,0.103001,-3.477266,114.294266,22.070148,0.054793,0.997056,0.014085,0.051764,-5.49294,134.83905,25.66531,0.106294,0.975751,-0.190721,-0.015411,-3.729047,149.326828,24.290949,-0.028731,0.929676,0.127351,0.344469,-8.890137,128.907455,24.507332,0.292169,-0.620132,0.00349,-0.728053,-22.198359,129.507523,13.179055,0.086609,0.139353,-0.458466,-0.873435,-16.466225,120.383469,-9.191958,0.206115,0.256974,-0.52512,-0.784685,-2.002588,142.448578,-4.805146,-0.030602,0.990491,0.109276,0.077781,-1.625997,129.345245,26.078203,0.322996,0.861818,0.146808,-0.362478,15.616766,130.108063,28.889608,-0.031537,0.122878,0.468969,-0.874056,28.741476,118.926796,11.020936,-0.019024,-0.189271,0.665117,-0.722104,15.734887,139.238358,6.474915,0.056177,0.936984,0.220476,0.265134,-8.667732,85.278778,13.490555,0.084362,0.990079,-0.037628,0.105882,-8.245965,52.78896,-2.562952,-0.0561,0.96568,0.04766,0.249087,-16.570681,6.036097,0.131359,-0.073972,0.948483,-0.105348,0.289499,7.781578,86.334999,22.447815,0.015621,0.907345,-0.195761,0.371697,10.656495,51.294075,31.242699,-0.035159,0.904656,0.019913,0.424223,2.386185,7.398286,47.587471,-0.0561,0.96568,0.04766,0.249087,-9.071922,1.693583,-12.519455,-0.035159,0.904656,0.019913,0.424223,13.65664,2.247915,38.555168
179,1.491667,-0.034669,0.96846,0.02217,0.245746,-0.442293,85.807762,17.967718,-0.044021,0.984444,0.099112,0.138234,-1.04259,93.473206,18.166939,-0.039072,0.989757,0.090769,0.10303,-3.475073,114.295052,22.068449,0.054855,0.997053,0.014063,0.051755,-5.487677,134.839935,25.664753,0.106404,0.975738,-0.190723,-0.015455,-3.721997,149.327438,24.289843,-0.028728,0.929608,0.127452,0.344615,-8.885754,128.908951,24.506279,0.292178,-0.620227,0.003375,-0.727969,-22.190479,129.511047,13.174001,0.086606,0.139459,-0.458388,-0.873459,-16.464149,120.389534,-9.199542,0.206182,0.256992,-0.525129,-0.784655,-1.997812,142.452789,-4.806994,-0.030552,0.990476,0.109414,0.077803,-1.621611,129.34552,26.077477,0.323039,0.861794,0.146998,-0.362421,15.621136,130.106155,28.889566,-0.031456,0.122751,0.469061,-0.874028,28.746525,118.92643,11.020425,-0.01879,-0.189371,0.66525,-0.721961,15.742324,139.241013,6.478201,0.056238,0.936933,0.22048,0.265298,-8.666691,85.280106,13.488561,0.084365,0.990033,-0.03771,0.106283,-8.246134,52.79092,-2.56626,-0.05615,0.965678,0.047618,0.249088,-16.573034,6.038692,0.132363,-0.073971,0.948552,-0.10543,0.289246,7.782104,86.335419,22.446875,0.015668,0.907368,-0.195737,0.371653,10.657528,51.295734,31.246508,-0.035653,0.904684,0.019594,0.424135,2.384827,7.399159,47.587975,-0.05615,0.965678,0.047618,0.249088,-9.073779,1.695392,-12.517887,-0.035653,0.904684,0.019594,0.424135,13.657234,2.246755,38.55928
180,1.5,-0.034638,0.968458,0.022206,0.245757,-0.441277,85.807869,17.966158,-0.044007,0.984441,0.099115,0.138261,-1.041251,93.473328,18.166033,-0.038992,0.989758,0.090762,0.103056,-3.473317,114.29567,22.067749,0.055026,0.997041,0.014058,0.051798,-5.482679,134.840866,25.664049,0.106427,0.97573,-0.190751,-0.015449,-3.711883,149.327774,24.289339,-0.028643,0.929626,0.127148,0.344685,-8.881686,128.910446,24.505426,0.291987,-0.620201,0.003534,-0.728068,-22.184887,129.511948,13.171328,0.086455,0.139372,-0.458455,-0.873453,-16.456991,120.390961,-9.202025,0.206118,0.256991,-0.525073,-0.78471,-1.992616,142.455704,-4.810233,-0.030557,0.990439,0.109719,0.077831,-1.617533,129.345825,26.0769,0.32312,0.861752,0.147071,-0.362418,15.62505,130.105652,28.890213,-0.031516,0.122771,0.469142,-0.873979,28.747957,118.924438,11.020179,-0.018963,-0.189353,0.665314,-0.721903,15.747995,139.241364,6.478985,0.056216,0.936956,0.220407,0.265282,-8.665614,85.280952,13.486806,0.084388,0.990056,-0.037654,0.106071,-8.245346,52.789234,-2.562912,-0.056044,0.965666,0.047713,0.24914,-16.573265,6.036979,0.131977,-0.073963,0.94858,-0.105455,0.289145,7.783061,86.334793,22.445511,0.015684,0.907388,-0.195746,0.371597,10.658333,51.29541,31.246412,-0.035735,0.904701,0.01955,0.424095,2.384909,7.399234,47.58857,-0.056044,0.965666,0.047713,0.24914,-9.073625,1.695549,-12.518686,-0.035735,0.904701,0.01955,0.424095,13.657149,2.246704,38.559734
181,1.508333,-0.03457,0.968463,0.022217,0.245745,-0.439941,85.807213,17.962614,-0.043989,0.984433,0.099161,0.138287,-1.038943,93.472733,18.162918,-0.038939,0.989757,0.090751,0.103093,-3.470669,114.295052,22.066668,0.05511,0.997033,0.01399,0.051888,-5.477896,134.8405,25.662699,0.106471,0.975726,-0.190757,-0.015321,-3.704292,149.326904,24.286287,-0.02859,0.929602,0.1272,0.344736,-8.877513,128.910461,24.503901,0.291845,-0.620206,0.003622,-0.728119,-22.179586,129.514587,13.168618,0.08642,0.139366,-0.458431,-0.87347,-16.452065,120.394646,-9.205261,0.206232,0.25697,-0.525069,-0.78469,-1.986151,142.458755,-4.812548,-0.030539,0.990436,0.109733,0.077863,-1.613408,129.345016,26.075834,0.323224,0.861695,0.147326,-0.362358,15.629045,130.104034,28.890175,-0.031454,0.122726,0.469193,-0.87396,28.750801,118.923462,11.018902,-0.019099,-0.189465,0.665244,-0.721934,15.753645,139.240189,6.478743,0.056328,0.936956,0.220295,0.265351,-8.664483,85.281578,13.483482,0.084323,0.990068,-0.03761,0.106019,-8.252857,52.78722,-2.561106,-0.056134,0.965644,0.047765,0.249196,-16.574059,6.03359,0.1307,-0.073991,0.948521,-0.105459,0.28933,7.784601,86.332855,22.441746,0.015706,0.907412,-0.195771,0.371525,10.66001,51.293839,31.244055,-0.035509,0.904685,0.019647,0.424143,2.385175,7.398668,47.588203,-0.056134,0.965644,0.047765,0.249196,-9.072029,1.694464,-12.519338,-0.035509,0.904685,0.019647,0.424143,13.6565,2.24581,38.558407
182,1.516667,-0.034424,0.96846,0.022088,0.24579,-0.442768,85.808136,17.963764,-0.043951,0.984434,0.099134,0.138316,-1.039126,93.473892,18.162676,-0.03879,0.989763,0.09075,0.103102,-3.468931,114.294182,22.064999,0.055195,0.99703,0.014072,0.051843,-5.470015,134.840134,25.661621,0.106546,0.97571,-0.190785,-0.015431,-3.694198,149.326492,24.287649,-0.028655,0.929561,0.127243,0.344826,-8.871408,128.911133,24.502695,0.291734,-0.620266,0.003587,-0.728113,-22.171185,129.514084,13.16465,0.086325,0.139377,-0.458398,-0.873495,-16.447332,120.39801,-9.211746,0.206223,0.256965,-0.524997,-0.784742,-1.979427,142.461365,-4.815691,-0.030519,0.990431,0.109745,0.077913,-1.607154,129.343475,26.074562,0.323255,0.861654,0.147377,-0.362408,15.635073,130.101593,28.890558,-0.031194,0.122369,0.469162,-0.874036,28.754032,118.921623,11.016841,-0.018662,-0.189702,0.665709,-0.721455,15.750525,139.237656,6.485291,0.05622,0.936904,0.220375,0.265489,-8.667089,85.284569,13.48398,0.084329,0.990043,-0.037684,0.106225,-8.244162,52.791862,-2.563667,-0.05603,0.965694,0.047639,0.249052,-16.567278,6.038866,0.133337,-0.073985,0.948557,-0.105428,0.289223,7.781552,86.331703,22.443548,0.015663,0.907382,-0.19575,0.37161,10.658248,51.292133,31.243277,-0.035475,0.904669,0.019694,0.424178,2.386314,7.396039,47.586426,-0.05603,0.965694,0.047639,0.249052,-9.070121,1.695137,-12.518013,-0.035475,0.904669,0.019694,0.424178,13.658181,2.243979,38.55685
183,1.525,-0.034478,0.968445,0.022167,0.245835,-0.438157,85.804482,17.958862,-0.04392,0.984426,0.099163,0.138362,-1.035617,93.470131,18.15871,-0.038744,0.989767,0.090655,0.103154,-3.464625,114.291679,22.062584,0.055299,0.997018,0.014292,0.051897,-5.463614,134.838501,25.655416,0.106608,0.975697,-0.19082,-0.015428,-3.684915,149.325134,24.288094,-0.028604,0.929591,0.127241,0.344749,-8.865597,128.909714,24.497175,0.291613,-0.620178,0.003717,-0.728236,-22.167324,129.513947,13.16149,0.08627,0.139344,-0.458432,-0.873488,-16.438124,120.398125,-9.213638,0.206209,0.256966,-0.524971,-0.784762,-1.971348,142.46254,-4.817957,-0.030396,0.990467,0.109361,0.078041,-1.601455,129.341446,26.069714,0.323249,0.861619,0.147329,-0.362515,15.64033,130.095886,28.88936,-0.031259,0.122248,0.469226,-0.874017,28.755606,118.916656,11.012491,-0.018615,-0.189835,0.665896,-0.721248,15.752699,139.236542,6.487579,0.056138,0.936975,0.220303,0.265317,-8.661987,85.280327,13.478252,0.084443,0.99009,-0.037612,0.105721,-8.237912,52.784657,-2.563354,-0.056159,0.965651,0.047693,0.249179,-16.56958,6.032973,0.12994,-0.073956,0.948516,-0.105463,0.289353,7.785674,86.328629,22.43947,0.015648,0.907377,-0.195753,0.371623,10.658411,51.289303,31.241411,-0.035265,0.904646,0.019877,0.424238,2.387381,7.393298,47.585251,-0.056159,0.965651,0.047693,0.249179,-9.067822,1.69199,-12.519619,-0.035265,0.904646,0.019877,0.424238,13.659054,2.243351,38.554234
184,1.533333,-0.034468,0.968447,0.02217,0.245828,-0.437349,85.80471,17.957676,-0.043894,0.984421,0.099168,0.138399,-1.034683,93.470367,18.157608,-0.038712,0.989756,0.090737,0.103202,-3.463012,114.293991,22.062138,0.055231,0.997022,0.013995,0.051962,-5.461203,134.840286,25.658396,0.106802,0.975697,-0.190725,-0.015262,-3.683859,149.326279,24.282459,-0.028409,0.929546,0.126996,0.344976,-8.863406,128.91188,24.498833,0.291409,-0.620031,0.004246,-0.72844,-22.160051,129.520554,13.157427,0.08615,0.139212,-0.458643,-0.87341,-16.421974,120.393959,-9.211031,0.206235,0.256961,-0.524918,-0.784793,-1.964097,142.463989,-4.820278,-0.03039,0.99045,0.109541,0.07801,-1.599374,129.342957,26.072056,0.323334,0.861599,0.147337,-0.362482,15.642587,130.096802,28.890779,-0.03141,0.122435,0.469321,-0.873934,28.756294,118.914116,11.01492,-0.018993,-0.189801,0.665615,-0.721506,15.760772,139.23616,6.486345,0.056289,0.936957,0.220202,0.265433,-8.661251,85.280731,13.47718,0.084364,0.990088,-0.037576,0.10581,-8.247479,52.783085,-2.560669,-0.056201,0.965641,0.047746,0.249197,-16.571625,6.029871,0.129293,-0.073909,0.94851,-0.105463,0.289386,7.786553,86.32869,22.438171,0.015595,0.907328,-0.195761,0.37174,10.655747,51.288857,31.239265,-0.035311,0.904634,0.019875,0.424259,2.386908,7.392988,47.584579,-0.056201,0.965641,0.047746,0.249197,-9.068919,1.690765,-12.520346,-0.035311,0.904634,0.019875,0.424259,13.659438,2.243598,38.554317
185,1.541667,-0.034433,0.968444,0.022141,0.245846,-0.437449,85.805748,17.956427,-0.043829,0.98442,0.099181,0.138417,-1.034155,93.471466,18.156048,-0.038698,0.989756,0.090717,0.103225,-3.459796,114.294304,22.061312,0.055309,0.997018,0.014014,0.051963,-5.457386,134.840805,25.656736,0.10692,0.975698,-0.190651,-0.015295,-3.67782,149.326569,24.281485,-0.028333,0.929508,0.127057,0.345064,-8.859758,128.912476,24.497238,0.291312,-0.620178,0.004152,-0.728354,-22.154442,129.524765,13.153722,0.08611,0.139282,-0.458409,-0.873526,-16.425362,120.402466,-9.2188,0.206168,0.257002,-0.524907,-0.784804,-1.955652,142.466583,-4.821438,-0.030321,0.990447,0.109571,0.078036,-1.595778,129.343338,26.070768,0.323287,0.861602,0.147494,-0.362454,15.646194,130.094604,28.890137,-0.031349,0.122151,0.469276,-0.874001,28.762447,118.916534,11.013254,-0.018707,-0.189945,0.665868,-0.721242,15.760571,139.238693,6.494675,0.05634,0.936903,0.220187,0.265625,-8.661234,85.282288,13.475651,0.084326,0.990066,-0.037634,0.106025,-8.247926,52.784584,-2.562124,-0.056117,0.965659,0.047771,0.24914,-16.569721,6.031182,0.13184,-0.073961,0.948492,-0.105483,0.289423,7.786336,86.329208,22.437202,0.015611,0.907307,-0.195767,0.371788,10.658345,51.290226,31.24078,-0.035193,0.904645,0.01988,0.424246,2.387075,7.394621,47.58559,-0.056117,0.965659,0.047771,0.24914,-9.0693,1.692009,-12.519135,-0.035193,0.904645,0.01988,0.424246,13.658198,2.243845,38.554352
186,1.55,-0.034428,0.968444,0.022163,0.245844,-0.435701,85.805283,17.955997,-0.043791,0.984421,0.099122,0.138467,-1.032407,93.470985,18.155966,-0.038629,0.989749,0.090764,0.103283,-3.456395,114.294983,22.058969,0.055353,0.997015,0.014091,0.051945,-5.451533,134.841339,25.656546,0.107067,0.975685,-0.190628,-0.015383,-3.670835,149.327209,24.283552,-0.028311,0.92952,0.126957,0.34507,-8.854599,128.91362,24.496025,0.291355,-0.620148,0.004073,-0.728363,-22.149176,129.525452,13.152363,0.086231,0.139345,-0.458368,-0.873525,-16.41824,120.405113,-9.220479,0.206345,0.257014,-0.524904,-0.784756,-1.947339,142.468674,-4.822909,-0.030313,0.990433,0.109657,0.078095,-1.590721,129.343323,26.070332,0.323342,0.861568,0.147553,-0.362463,15.650943,130.093842,28.891769,-0.031463,0.122214,0.469351,-0.873947,28.765121,118.915108,11.013786,-0.018938,-0.189988,0.665573,-0.721498,15.76824,139.238876,6.495807,0.056366,0.936923,0.220206,0.265533,-8.659511,85.282013,13.475245,0.084302,0.99008,-0.037652,0.10591,-8.249153,52.78511,-2.564211,-0.056201,0.965666,0.0478,0.249089,-16.568523,6.031447,0.132733,-0.073925,0.948512,-0.105526,0.289352,7.788108,86.328545,22.43675,0.015604,0.90731,-0.195749,0.371789,10.65733,51.289833,31.242319,-0.035203,0.904653,0.019957,0.424224,2.387262,7.393521,47.585823,-0.056201,0.965666,0.0478,0.249089,-9.068537,1.693735,-12.518996,-0.035203,0.904653,0.019957,0.424224,13.658354,2.24486,38.553345
187,1.558333,-0.034365,0.968439,0.022132,0.245875,-0.434488,85.806213,17.953232,-0.043736,0.984413,0.099162,0.138508,-1.030157,93.472,18.152969,-0.038617,0.989745,0.090747,0.103334,-3.452136,114.295135,22.057747,0.055359,0.997013,0.014075,0.051987,-5.446898,134.84166,25.654587,0.107143,0.975692,-0.190554,-0.01534,-3.665881,149.327438,24.281227,-0.028234,0.929504,0.126995,0.345106,-8.85006,128.914017,24.493881,0.291312,-0.620085,0.004187,-0.728433,-22.143929,129.528976,13.149555,0.086232,0.139336,-0.458365,-0.873528,-16.40917,120.406723,-9.221528,0.206347,0.256975,-0.524845,-0.784808,-1.938023,142.470093,-4.824431,-0.030212,0.990451,0.109524,0.078093,-1.586323,129.343506,26.068905,0.323222,0.861596,0.147699,-0.362442,15.655568,130.090912,28.88979,-0.03136,0.12189,0.469204,-0.874075,28.774321,118.919289,11.010714,-0.018626,-0.190171,0.665931,-0.721127,15.765468,139.240692,6.502837,0.056348,0.936941,0.220126,0.26554,-8.658097,85.283966,13.471993,0.084309,0.990078,-0.037641,0.105932,-8.248012,52.78437,-2.562019,-0.05621,0.965665,0.047833,0.249084,-16.568033,6.03075,0.133559,-0.073949,0.948509,-0.105524,0.289357,7.789121,86.328468,22.434469,0.015633,0.907287,-0.195765,0.371836,10.659973,51.289986,31.240421,-0.035733,0.904658,0.019535,0.424188,2.38606,7.394356,47.583805,-0.05621,0.965665,0.047833,0.249084,-9.06805,1.694041,-12.518519,-0.035733,0.904658,0.019535,0.424188,13.660079,2.241473,38.557396
188,1.566667,-0.034259,0.968442,0.022016,0.24589,-0.435169,85.807404,17.955191,-0.043694,0.984414,0.099144,0.138532,-1.028825,93.473389,18.153589,-0.03859,0.989745,0.090731,0.103359,-3.448863,114.295242,22.05748,0.055361,0.997011,0.013997,0.052033,-5.442549,134.84198,25.653708,0.107279,0.975693,-0.190477,-0.015248,-3.661217,149.327515,24.278162,-0.028301,0.929445,0.126959,0.345272,-8.846018,128.91452,24.492989,0.291214,-0.620044,0.004307,-0.728507,-22.135746,129.527649,13.143712,0.086152,0.139368,-0.458378,-0.873524,-16.398472,120.404663,-9.226428,0.206316,0.25698,-0.524831,-0.784823,-1.927891,142.469009,-4.825786,-0.030209,0.990441,0.109579,0.078149,-1.582327,129.343597,26.068348,0.323225,0.861595,0.147723,-0.362432,15.659263,130.090546,28.891203,-0.031394,0.121864,0.469182,-0.874089,28.778297,118.919182,11.012159,-0.018722,-0.190222,0.665892,-0.721148,15.768002,139.240341,6.506029,0.056387,0.936871,0.220067,0.265826,-8.658772,85.286545,13.473775,0.084298,0.990084,-0.037574,0.105905,-8.247622,52.785374,-2.557017,-0.056244,0.96567,0.047755,0.249073,-16.56587,6.031087,0.132668,-0.073967,0.948516,-0.105459,0.289351,7.788433,86.328255,22.436609,0.015662,0.907284,-0.195779,0.371836,10.662037,51.288986,31.238503,-0.035819,0.904624,0.019497,0.424256,2.385117,7.393971,47.582031,-0.056244,0.96567,0.047755,0.249073,-9.065916,1.692421,-12.518762,-0.035819,0.904624,0.019497,0.424256,13.6612,2.241258,38.55809
189,1.575,-0.034307,0.968448,0.022049,0.245856,-0.430948,85.805534,17.952017,-0.043701,0.984404,0.099201,0.138559,-1.025433,93.471443,18.150753,-0.038539,0.989745,0.090696,0.10341,-3.446343,114.293991,22.057137,0.055378,0.997009,0.014028,0.052051,-5.437943,134.841156,25.652039,0.107384,0.975691,-0.19043,-0.015253,-3.656109,149.326721,24.277458,-0.02826,0.929427,0.126953,0.345326,-8.842,128.914047,24.491333,0.291241,-0.619984,0.004385,-0.728546,-22.130487,129.528702,13.14069,0.086256,0.139407,-0.458351,-0.873522,-16.389549,120.402908,-9.227361,0.206415,0.257012,-0.524825,-0.78479,-1.917982,142.467316,-4.827235,-0.030304,0.990413,0.109781,0.078176,-1.578408,129.342346,26.067343,0.323293,0.861586,0.14772,-0.362394,15.662832,130.091888,28.891621,-0.031346,0.121845,0.4692,-0.874084,28.781055,118.917442,11.013913,-0.018736,-0.190263,0.665891,-0.721136,15.771768,139.238281,6.507672,0.056388,0.936883,0.220034,0.265811,-8.654806,85.283951,13.471159,0.084316,0.990107,-0.037561,0.10568,-8.244667,52.781738,-2.557556,-0.05627,0.965682,0.047811,0.249012,-16.563854,6.027648,0.132591,-0.073898,0.948514,-0.105488,0.289366,7.792911,86.327126,22.432877,0.015595,0.907229,-0.195787,0.371967,10.660986,51.287548,31.235373,-0.035726,0.90463,0.019495,0.42425,2.387173,7.392633,47.58073,-0.05627,0.965682,0.047811,0.249012,-9.065162,1.690722,-12.520178,-0.035726,0.90463,0.019495,0.42425,13.662204,2.238686,38.55619
190,1.583333,-0.034186,0.968448,0.021884,0.245889,-0.431859,85.804306,17.952454,-0.043646,0.984399,0.09921,0.138605,-1.023917,93.470459,18.149164,-0.038514,0.989743,0.090675,0.103463,-3.442719,114.293015,22.056101,0.055459,0.997002,0.014089,0.052077,-5.433401,134.840424,25.650164,0.107431,0.975692,-0.190395,-0.015281,-3.649214,149.325882,24.277548,-0.028267,0.929399,0.126963,0.345396,-8.837711,128.913467,24.48929,0.291257,-0.619987,0.004342,-0.728537,-22.124502,129.528351,13.136667,0.086307,0.139499,-0.458239,-0.873561,-16.383772,120.40358,-9.231855,0.206423,0.257036,-0.524739,-0.784838,-1.90796,142.464615,-4.827871,-0.030256,0.99042,0.109677,0.07825,-1.574253,129.34137,26.066034,0.323316,0.86156,0.147761,-0.36242,15.666689,130.089264,28.892603,-0.031397,0.121804,0.469224,-0.874075,28.783243,118.915161,11.013453,-0.018812,-0.190271,0.665925,-0.721101,15.774255,139.237518,6.510136,0.056319,0.936909,0.219996,0.265765,-8.655567,85.284172,13.471148,0.084355,0.990133,-0.037492,0.105429,-8.242269,52.780197,-2.553915,-0.056337,0.965674,0.047787,0.249029,-16.563696,6.026235,0.131456,-0.073892,0.948506,-0.105476,0.289399,7.79185,86.32444,22.433762,0.0156,0.90727,-0.195786,0.371868,10.659447,51.284618,31.235426,-0.035618,0.904643,0.01957,0.424227,2.387012,7.38967,47.581409,-0.056337,0.965674,0.047787,0.249029,-9.06391,1.689208,-12.520632,-0.035618,0.904643,0.01957,0.424227,13.660799,2.236256,38.555
191,1.591667,-0.034133,0.968442,0.021866,0.245919,-0.43085,85.80571,17.952721,-0.043618,0.984398,0.099195,0.13863,-1.022067,93.471924,18.149353,-0.038461,0.98975,0.090593,0.103486,-3.439096,114.289406,22.054785,0.055503,0.996995,0.014161,0.05216,-5.427299,134.837601,25.645674,0.107393,0.975717,-0.1903,-0.015157,-3.641675,149.323105,24.275381,-0.028118,0.929421,0.126885,0.345379,-8.832319,128.910919,24.485556,0.291313,-0.619919,0.004386,-0.728573,-22.11982,129.529633,13.133971,0.086358,0.139537,-0.458217,-0.873561,-16.374905,120.402542,-9.232537,0.206342,0.257098,-0.524685,-0.784875,-1.898469,142.463379,-4.827826,-0.030355,0.990403,0.109742,0.078341,-1.56887,129.338135,26.062531,0.323333,0.861587,0.147858,-0.362302,15.671364,130.088898,28.892651,-0.031561,0.121965,0.469209,-0.874055,28.791636,118.914543,11.016393,-0.019158,-0.190158,0.665492,-0.721522,15.783856,139.237061,6.510067,0.056424,0.936892,0.219941,0.265848,-8.654348,85.286469,13.470924,0.084291,0.990131,-0.03749,0.105501,-8.24789,52.781605,-2.552508,-0.056174,0.965689,0.047787,0.24901,-16.563515,6.026605,0.132762,-0.073894,0.948518,-0.105475,0.28936,7.792647,86.324951,22.434517,0.015619,0.907265,-0.195794,0.371875,10.660837,51.285126,31.235992,-0.035661,0.904634,0.019557,0.424245,2.38636,7.390532,47.58189,-0.056174,0.965689,0.047787,0.24901,-9.065837,1.688192,-12.520103,-0.035661,0.904634,0.019557,0.424245,13.660892,2.237357,38.556278
192,1.6,-0.034115,0.968442,0.021904,0.24592,-0.429582,85.806961,17.952112,-0.043515,0.984396,0.099179,0.138687,-1.020669,93.473175,18.149372,-0.03844,0.989742,0.090594,0.103567,-3.433377,114.290009,22.054409,0.055496,0.996995,0.014251,0.052136,-5.421024,134.838272,25.645247,0.107491,0.975724,-0.190198,-0.015273,-3.635802,149.324066,24.277498,-0.028158,0.929374,0.126992,0.345462,-8.826185,128.911789,24.484509,0.291258,-0.619945,0.004405,-0.728572,-22.111591,129.530899,13.130495,0.08631,0.13959,-0.458108,-0.873614,-16.368298,120.404434,-9.236686,0.206238,0.257106,-0.524641,-0.78493,-1.887088,142.461807,-4.827359,-0.030313,0.99039,0.109833,0.078397,-1.562965,129.338593,26.062649,0.32327,0.861575,0.1479,-0.362369,15.677047,130.087433,28.894627,-0.031507,0.121754,0.469157,-0.874114,28.796894,118.917229,11.015469,-0.018949,-0.190228,0.665859,-0.72117,15.783421,139.23938,6.516242,0.056455,0.9369,0.21994,0.265817,-8.653096,85.288223,13.470286,0.084244,0.990118,-0.037536,0.105642,-8.249281,52.783554,-2.553596,-0.056249,0.965709,0.047827,0.248909,-16.561386,6.028137,0.13528,-0.073889,0.948521,-0.105479,0.289349,7.793932,86.325691,22.433937,0.015622,0.907264,-0.195811,0.371868,10.661732,51.285889,31.235596,-0.035747,0.904623,0.01951,0.424262,2.386545,7.391935,47.582863,-0.056249,0.965709,0.047827,0.248909,-9.065536,1.691351,-12.519227,-0.035747,0.904623,0.01951,0.424262,13.662073,2.238641,38.558559
193,1.608333,-0.034063,0.968435,0.021867,0.245958,-0.427852,85.807076,17.951212,-0.043479,0.984384,0.099216,0.138758,-1.018031,93.473366,18.148088,-0.038444,0.989726,0.090671,0.10365,-3.430112,114.293457,22.055344,0.055549,0.996989,0.014097,0.052236,-5.418557,134.841125,25.649178,0.107592,0.975722,-0.19016,-0.015149,-3.631271,149.326263,24.277241,-0.028225,0.929333,0.126954,0.345581,-8.823468,128.91478,24.486931,0.29123,-0.6199,0.004489,-0.728621,-22.105881,129.53183,13.129304,0.086348,0.139611,-0.458071,-0.873627,-16.359861,120.403816,-9.236545,0.20622,0.257206,-0.524595,-0.784932,-1.877044,142.460281,-4.826864,-0.030221,0.990396,0.10982,0.078373,-1.560507,129.3414,26.066315,0.323284,0.861562,0.147915,-0.362381,15.679834,130.087189,28.897104,-0.031515,0.121731,0.469201,-0.874093,28.798819,118.916916,11.017344,-0.018909,-0.190246,0.665924,-0.721106,15.786876,139.24086,6.519391,0.056529,0.936862,0.219846,0.26601,-8.651081,85.289131,13.468771,0.084239,0.990163,-0.037456,0.10525,-8.250836,52.782093,-2.550408,-0.056213,0.965706,0.047894,0.248916,-16.560627,6.026021,0.134291,-0.073899,0.948496,-0.105479,0.289427,7.795378,86.325012,22.433653,0.015631,0.90725,-0.195819,0.371899,10.663139,51.285309,31.235712,-0.035731,0.904603,0.01958,0.424303,2.38632,7.391712,47.583092,-0.056213,0.965706,0.047894,0.248916,-9.064883,1.690838,-12.520829,-0.035731,0.904603,0.01958,0.424303,13.662779,2.240066,38.55901
194,1.616667,-0.034046,0.968436,0.021842,0.245958,-0.425578,85.807419,17.952116,-0.043451,0.984381,0.099216,0.138792,-1.01541,93.473747,18.148685,-0.038412,0.989725,0.090642,0.103697,-3.426336,114.292618,22.055782,0.055868,0.996962,0.014152,0.052387,-5.413466,134.840607,25.648478,0.107432,0.975742,-0.19016,-0.015029,-3.616541,149.324783,24.278902,-0.028204,0.929307,0.126969,0.345647,-8.818743,128.914505,24.486204,0.291286,-0.619873,0.00449,-0.728622,-22.0996,129.5327,13.126835,0.086439,0.139719,-0.457984,-0.873646,-16.351894,120.403328,-9.238018,0.206233,0.257283,-0.524469,-0.784988,-1.866449,142.457382,-4.82499,-0.030156,0.990398,0.109779,0.078433,-1.555891,129.340607,26.066214,0.323214,0.861579,0.147888,-0.362413,15.684256,130.084045,28.898769,-0.031615,0.121751,0.469192,-0.874091,28.804325,118.916229,11.018273,-0.018937,-0.190202,0.665989,-0.721058,15.79193,139.240845,6.521689,0.056516,0.936855,0.219889,0.266003,-8.648829,85.289673,13.469699,0.084245,0.990121,-0.037522,0.105615,-8.246979,52.783882,-2.551968,-0.056128,0.965718,0.04787,0.24889,-16.558987,6.028381,0.13578,-0.073872,0.948516,-0.10549,0.289365,7.797673,86.325165,22.434532,0.015636,0.907247,-0.195814,0.371908,10.663992,51.285343,31.236612,-0.035231,0.904571,0.019899,0.424398,2.386755,7.391551,47.583252,-0.056128,0.965718,0.04787,0.24889,-9.064782,1.691791,-12.519759,-0.035231,0.904571,0.019899,0.424398,13.661355,2.241844,38.555752
195,1.625,-0.034022,0.968431,0.021784,0.245987,-0.424295,85.806564,17.95204,-0.043405,0.984376,0.099221,0.138836,-1.013568,93.472954,18.147816,-0.038402,0.989721,0.090624,0.103749,-3.422604,114.290794,22.055084,0.055869,0.99696,0.014168,0.052431,-5.409438,134.838943,25.646994,0.107502,0.975748,-0.19009,-0.014986,-3.612337,149.323151,24.277992,-0.028249,0.929305,0.126902,0.345674,-8.814788,128.912918,24.484533,0.291285,-0.619789,0.004546,-0.728694,-22.094894,129.528992,13.124166,0.086462,0.139795,-0.458003,-0.873622,-16.342018,120.398819,-9.239032,0.206295,0.257282,-0.52443,-0.784998,-1.858389,142.454056,-4.823221,-0.030127,0.990387,0.109821,0.078519,-1.552087,129.338837,26.06529,0.323225,0.861559,0.148081,-0.362373,15.687646,130.080811,28.900745,-0.031574,0.121723,0.469186,-0.8741,28.80879,118.916023,11.019148,-0.018954,-0.190152,0.666093,-0.720974,15.795941,139.240021,6.522783,0.056479,0.936867,0.219922,0.265942,-8.647304,85.288986,13.46916,0.084258,0.990131,-0.037527,0.10551,-8.243355,52.783955,-2.553986,-0.056132,0.965722,0.047787,0.24889,-16.556341,6.028697,0.135023,-0.073875,0.948456,-0.105417,0.289589,7.798714,86.324135,22.434919,0.015675,0.907151,-0.19586,0.372117,10.664683,51.28323,31.232775,-0.035825,0.904535,0.019487,0.424444,2.378728,7.39128,47.579948,-0.056132,0.965722,0.047787,0.24889,-9.06218,1.689794,-12.519753,-0.035825,0.904535,0.019487,0.424444,13.658563,2.238531,38.56073
196,1.633333,-0.033995,0.96843,0.021756,0.245995,-0.423444,85.804688,17.951941,-0.043382,0.984367,0.099247,0.138885,-1.012213,93.471123,18.147396,-0.03836,0.98972,0.090586,0.103815,-3.420681,114.289177,22.055817,0.055859,0.996959,0.014205,0.05245,-5.405871,134.837753,25.646198,0.107595,0.975753,-0.190011,-0.014996,-3.609061,149.322098,24.27828,-0.028039,0.929282,0.126844,0.345773,-8.81168,128.912003,24.483679,0.291387,-0.619742,0.004755,-0.728692,-22.089794,129.534637,13.12134,0.086596,0.139864,-0.457961,-0.873619,-16.334135,120.394447,-9.237049,0.206338,0.25733,-0.524438,-0.784965,-1.849528,142.448944,-4.821153,-0.030165,0.990388,0.109758,0.078586,-1.549132,129.33728,26.065317,0.323086,0.861647,0.147411,-0.36256,15.690154,130.08046,28.903172,-0.032029,0.122097,0.469297,-0.873972,28.809027,118.909561,11.02373,-0.019191,-0.189993,0.665904,-0.721184,15.805083,139.239746,6.52249,0.056488,0.93683,0.219931,0.266061,-8.646417,85.287476,13.468951,0.084286,0.990128,-0.037522,0.105525,-8.240854,52.78281,-2.554884,-0.056145,0.965713,0.047744,0.24893,-16.556376,6.027955,0.133207,-0.073863,0.948482,-0.105401,0.289511,7.799529,86.321899,22.434929,0.015584,0.907019,-0.19588,0.372431,10.665781,51.280617,31.231201,-0.035306,0.90455,0.019877,0.424438,2.381246,7.38914,47.580345,-0.056145,0.965713,0.047744,0.24893,-9.06112,1.687995,-12.520557,-0.035306,0.90455,0.019877,0.424438,13.657305,2.239858,38.554424
197,1.641667,-0.03397,0.968427,0.021728,0.246013,-0.421907,85.803879,17.951303,-0.043311,0.984367,0.099242,0.138914,-1.010201,93.47036,18.146437,-0.038309,0.989724,0.090514,0.103853,-3.415451,114.285728,22.05447,0.055877,0.996954,0.014313,0.052497,-5.398351,134.835022,25.642067,0.107528,0.975779,-0.189921,-0.014956,-3.601005,149.319595,24.277407,-0.028047,0.92932,0.126877,0.34566,-8.80481,128.909531,24.480074,0.291418,-0.619619,0.004821,-0.728783,-22.085651,129.531784,13.120898,0.086689,0.139936,-0.457991,-0.873583,-16.322489,120.390007,-9.23491,0.206445,0.257385,-0.524442,-0.784916,-1.840669,142.445557,-4.818391,-0.030269,0.990357,0.10991,0.078715,-1.542322,129.334122,26.062164,0.323133,0.861606,0.147542,-0.362562,15.696037,130.079956,28.904972,-0.032052,0.122088,0.469298,-0.873972,28.81333,118.910049,11.023748,-0.019389,-0.189962,0.665944,-0.72115,15.80916,139.240631,6.523345,0.05648,0.936833,0.21994,0.266045,-8.644743,85.287003,13.468024,0.084272,0.990143,-0.037525,0.105387,-8.238722,52.782543,-2.55622,-0.056185,0.965743,0.047719,0.248809,-16.552671,6.027502,0.1335,-0.073885,0.948476,-0.105372,0.289537,7.800929,86.320755,22.434584,0.01566,0.907068,-0.195926,0.372283,10.669067,51.27927,31.229465,-0.035569,0.904565,0.019651,0.424394,2.379095,7.389751,47.58112,-0.056185,0.965743,0.047719,0.248809,-9.060156,1.687029,-12.521712,-0.035569,0.904565,0.019651,0.424394,13.656023,2.237933,38.557728
198,1.65,-0.033964,0.968423,0.021754,0.246028,-0.41988,85.804672,17.951538,-0.043256,0.984364,0.099233,0.138958,-1.008182,93.471138,18.147064,-0.038305,0.989718,0.090515,0.10391,-3.411085,114.285614,22.05472,0.055897,0.99695,0.01433,0.052539,-5.394058,134.834915,25.642221,0.107557,0.975792,-0.18984,-0.014932,-3.596027,149.319473,24.27817,-0.028036,0.92929,0.126897,0.345734,-8.800481,128.909485,24.479799,0.291432,-0.619609,0.00487,-0.728785,-22.079559,129.5327,13.118619,0.086718,0.140052,-0.457945,-0.873586,-16.315821,120.38884,-9.236187,0.206416,0.257548,-0.524299,-0.784966,-1.833627,142.442871,-4.814805,-0.030281,0.990349,0.109932,0.078787,-1.538168,129.333939,26.062727,0.323106,0.861621,0.147619,-0.36252,15.699763,130.079834,28.908085,-0.032122,0.122125,0.469288,-0.873969,28.819466,118.911957,11.027372,-0.019463,-0.189889,0.665911,-0.721198,15.815762,139.241776,6.52718,0.056457,0.936845,0.219949,0.266,-8.642587,85.288033,13.467995,0.084312,0.990126,-0.037545,0.105508,-8.235615,52.783688,-2.556451,-0.056247,0.965747,0.047676,0.248788,-16.553806,6.029421,0.13366,-0.073876,0.948465,-0.105373,0.289575,7.802826,86.321304,22.435081,0.015665,0.90705,-0.195928,0.372326,10.669973,51.279743,31.229942,-0.035585,0.904563,0.019672,0.424397,2.378729,7.390303,47.581161,-0.056247,0.965747,0.047676,0.248788,-9.061261,1.6882,-12.521275,-0.035585,0.904563,0.019672,0.424397,13.655957,2.239251,38.557713
199,1.658333,-0.03397,0.968414,0.021857,0.246055,-0.415467,85.804596,17.950674,-0.04326,0.98436,0.099215,0.139001,-1.004248,93.470993,18.147709,-0.0383,0.989712,0.09054,0.103953,-3.407413,114.285706,22.05451,0.055975,0.996942,0.014295,0.052617,-5.390415,134.834839,25.642982,0.107517,0.97581,-0.189777,-0.014843,-3.589828,149.319,24.278204,-0.028008,0.929256,0.126949,0.345807,-8.79682,128.909515,24.47995,0.291452,-0.619553,0.004976,-0.728824,-22.074179,129.534607,13.116863,0.086803,0.140164,-0.457925,-0.87357,-16.307014,120.3871,-9.235565,0.206548,0.257608,-0.524291,-0.784917,-1.825151,142.441528,-4.810939,-0.030279,0.990341,0.109971,0.078836,-1.534631,129.333786,26.063501,0.323026,0.861652,0.147858,-0.362419,15.703037,130.07933,28.910547,-0.032109,0.122076,0.469195,-0.874027,28.828938,118.917908,11.030342,-0.019472,-0.189901,0.66597,-0.72114,15.820615,139.244583,6.531577,0.056382,0.936858,0.220048,0.26589,-8.637917,85.288361,13.466615,0.084406,0.990077,-0.037671,0.105853,-8.225743,52.786552,-2.562867,-0.056288,0.965773,0.04757,0.248701,-16.554838,6.034687,0.13524,-0.073916,0.948496,-0.105426,0.289443,7.806982,86.320839,22.434734,0.01578,0.90713,-0.195938,0.372122,10.67691,51.280499,31.233574,-0.035505,0.904575,0.019711,0.424376,2.379066,7.391754,47.583328,-0.056288,0.965773,0.04757,0.248701,-9.064229,1.690705,-12.519896,-0.035505,0.904575,0.019711,0.424376,13.655236,2.240676,38.558571
200,1.666667,-0.033934,0.968416,0.021823,0.246053,-0.413809,85.803772,17.950245,-0.04324,0.98435,0.099275,0.139034,-1.00193,93.47023,18.146896,-0.038256,0.989703,0.090608,0.103996,-3.405122,114.287781,22.056866,0.056006,0.996942,0.01418,0.052622,-5.386771,134.836533,25.648256,0.107589,0.975807,-0.189747,-0.014861,-3.58511,149.320251,24.280176,-0.028095,0.929212,0.126858,0.345952,-8.793556,128.911652,24.484089,0.291533,-0.619541,0.004928,-0.728803,-22.067244,129.533524,13.116532,0.086907,0.140304,-0.457875,-0.873563,-16.299313,120.38549,-9.235482,0.206649,0.257693,-0.524164,-0.784948,-1.817822,142.437805,-4.80693,-0.03023,0.990348,0.109969,0.078759,-1.531452,129.335114,26.068243,0.322847,0.861755,0.147361,-0.362536,15.706743,130.079269,28.912464,-0.032398,0.122196,0.469218,-0.873987,28.834158,118.915771,11.034656,-0.019416,-0.189974,0.665875,-0.72121,15.827537,139.245819,6.537361,0.056338,0.936874,0.220038,0.265851,-8.636324,85.28801,13.466248,0.084441,0.990096,-0.037642,0.105651,-8.222024,52.785538,-2.561815,-0.056024,0.965752,0.047665,0.248823,-16.553623,6.034043,0.134871,-0.07394,0.948575,-0.105439,0.289172,7.808708,86.319527,22.434244,0.015816,0.907114,-0.196016,0.372118,10.682508,51.279663,31.233692,-0.03545,0.904617,0.019708,0.424292,2.378855,7.393962,47.58865,-0.056024,0.965752,0.047665,0.248823,-9.062403,1.690719,-12.52013,-0.03545,0.904617,0.019708,0.424292,13.652794,2.242029,38.561588
201,1.675,-0.033929,0.96841,0.021809,0.24608,-0.410991,85.801865,17.952621,-0.043188,0.984346,0.099241,0.139098,-0.998991,93.46833,18.149067,-0.038256,0.989697,0.090582,0.104076,-3.399981,114.285995,22.057693,0.056112,0.996932,0.014239,0.052689,-5.38181,134.83493,25.647869,0.107553,0.975818,-0.189714,-0.014856,-3.57695,149.318451,24.281815,-0.028039,0.929236,0.126828,0.345902,-8.788523,128.91008,24.483406,0.291593,-0.619484,0.004974,-0.728826,-22.06352,129.533142,13.117451,0.087001,0.140364,-0.457845,-0.87356,-16.29213,120.38237,-9.232548,0.206695,0.25773,-0.524166,-0.784922,-1.810025,142.434235,-4.803331,-0.030241,0.990336,0.110039,0.078816,-1.526667,129.333466,26.06872,0.322847,0.861754,0.147294,-0.362565,15.711191,130.077545,28.914993,-0.03249,0.122149,0.46924,-0.873978,28.837534,118.913055,11.037035,-0.019472,-0.190013,0.666027,-0.721057,15.830907,139.244965,6.54384,0.056396,0.936824,0.220085,0.265975,-8.63326,85.286148,13.468167,0.084445,0.990089,-0.037673,0.105707,-8.21983,52.785629,-2.563891,-0.056027,0.965756,0.047636,0.248811,-16.5522,6.034407,0.135211,-0.0739,0.948536,-0.105379,0.289333,7.811277,86.317581,22.437075,0.015831,0.907145,-0.195986,0.372059,10.682202,51.276363,31.232092,-0.03516,0.904556,0.020042,0.42443,2.379422,7.389569,47.584568,-0.056027,0.965756,0.047636,0.248811,-9.061302,1.690272,-12.519701,-0.03516,0.904556,0.020042,0.42443,13.65451,2.242706,38.556053
202,1.683333,-0.033881,0.9684,0.021747,0.246132,-0.41004,85.800896,17.954329,-0.043107,0.984345,0.099225,0.139143,-0.997093,93.467461,18.150005,-0.038212,0.989701,0.0905,0.104124,-3.394411,114.282265,22.057758,0.056048,0.99693,0.014274,0.052772,-5.374212,134.83197,25.644651,0.10756,0.975829,-0.189665,-0.014716,-3.570988,149.315811,24.279673,-0.028032,0.929276,0.126899,0.34577,-8.781497,128.907318,24.480766,0.29157,-0.619425,0.005071,-0.728885,-22.059719,129.530869,13.118598,0.087005,0.140371,-0.457843,-0.873559,-16.284729,120.378151,-9.229681,0.206664,0.257728,-0.524015,-0.785032,-1.802398,142.430267,-4.80019,-0.030235,0.990358,0.109759,0.078932,-1.519739,129.330124,26.066689,0.322816,0.861751,0.147402,-0.362556,15.717498,130.074387,28.916714,-0.032532,0.122077,0.469172,-0.874023,28.845192,118.913177,11.037699,-0.019603,-0.190088,0.66598,-0.721078,15.834385,139.243622,6.548082,0.056381,0.936822,0.220094,0.26598,-8.63189,85.285805,13.469034,0.084469,0.990085,-0.037662,0.105724,-8.217155,52.785446,-2.563307,-0.055968,0.96577,0.047589,0.248778,-16.551708,6.034529,0.134361,-0.073913,0.948506,-0.105287,0.289463,7.811811,86.315987,22.439623,0.015824,0.90711,-0.196016,0.372127,10.684371,51.273495,31.229029,-0.035195,0.904547,0.020059,0.424445,2.379879,7.387796,47.583588,-0.055968,0.96577,0.047589,0.248778,-9.062295,1.688533,-12.520798,-0.035195,0.904547,0.020059,0.424445,13.655689,2.241812,38.555466
203,1.691667,-0.033875,0.968407,0.021755,0.246106,-0.404887,85.800461,17.953867,-0.043133,0.984339,0.099258,0.139155,-0.991878,93.467026,18.149706,-0.038195,0.9897,0.090486,0.104148,-3.390459,114.280914,22.058519,0.0561,0.996927,0.014329,0.052762,-5.369583,134.83078,25.644869,0.107584,0.975828,-0.189651,-0.014778,-3.564943,149.31459,24.281557,-0.028028,0.92927,0.126886,0.345792,-8.777058,128.90625,24.480959,0.291679,-0.619354,0.00508,-0.728902,-22.054764,129.529846,13.118187,0.087088,0.140424,-0.45783,-0.873549,-16.2754,120.374443,-9.227864,0.206613,0.257753,-0.523952,-0.785079,-1.793693,142.425781,-4.798059,-0.030235,0.990354,0.109766,0.078973,-1.515353,129.328781,26.067204,0.322776,0.861783,0.14746,-0.362494,15.721658,130.072861,28.918642,-0.032589,0.122054,0.469148,-0.874037,28.852877,118.913414,11.041101,-0.019622,-0.190147,0.665924,-0.721113,15.840318,139.244095,6.553534,0.056405,0.93685,0.220114,0.265856,-8.626992,85.2855,13.469024,0.084489,0.990085,-0.037676,0.105705,-8.215576,52.785992,-2.565125,-0.05595,0.965768,0.047555,0.248797,-16.552132,6.03551,0.133838,-0.073862,0.948537,-0.105332,0.289355,7.817218,86.315422,22.438709,0.015812,0.907065,-0.196015,0.372239,10.686348,51.273079,31.229813,-0.035107,0.904561,0.020057,0.424424,2.380935,7.387313,47.583714,-0.05595,0.965768,0.047555,0.248797,-9.062456,1.688424,-12.520788,-0.035107,0.904561,0.020057,0.424424,13.65543,2.240147,38.55463
204,1.7,-0.033857,0.968397,0.021747,0.246145,-0.404194,85.800133,17.9545,-0.043115,0.984336,0.099281,0.139167,-0.990895,93.466721,18.150272,-0.038183,0.989693,0.090566,0.104149,-3.389167,114.282776,22.060547,0.056117,0.996927,0.014185,0.052784,-5.368148,134.832077,25.650246,0.107668,0.975817,-0.189661,-0.014715,-3.56276,149.315399,24.28281,-0.028021,0.929244,0.126737,0.345916,-8.775665,128.907745,24.485394,0.29188,-0.619324,0.004958,-0.728847,-22.050362,129.53038,13.11906,0.08728,0.140545,-0.457726,-0.873565,-16.269121,120.37368,-9.225969,0.206657,0.257785,-0.523989,-0.785032,-1.784658,142.421783,-4.794757,-0.030171,0.990366,0.109701,0.07894,-1.513949,129.329987,26.071661,0.322759,0.861798,0.147506,-0.362453,15.723372,130.072174,28.9217,-0.03264,0.121965,0.469167,-0.874038,28.856596,118.913757,11.044998,-0.019524,-0.190206,0.665943,-0.721083,15.843516,139.245972,6.56236,0.056416,0.936848,0.22008,0.265892,-8.625957,85.285484,13.468999,0.084506,0.990098,-0.037643,0.10558,-8.21537,52.784981,-2.563161,-0.05597,0.965765,0.047576,0.2488,-16.552809,6.034529,0.133575,-0.073872,0.948531,-0.105294,0.289387,7.817569,86.314774,22.440001,0.015865,0.907129,-0.196053,0.372061,10.687864,51.27195,31.228834,-0.035507,0.904604,0.01978,0.424311,2.379781,7.387763,47.585602,-0.05597,0.965765,0.047576,0.2488,-9.062834,1.688193,-12.521127,-0.035507,0.904604,0.01978,0.424311,13.654939,2.238446,38.558575
205,1.708333,-0.033846,0.968411,0.021828,0.246086,-0.400479,85.801422,17.95331,-0.043081,0.984333,0.099306,0.139178,-0.987315,93.467964,18.150366,-0.038189,0.989687,0.090591,0.104186,-3.384231,114.282814,22.061682,0.056236,0.996918,0.014132,0.052838,-5.363703,134.831909,25.652287,0.107613,0.975827,-0.189644,-0.01469,-3.554626,149.314636,24.283583,-0.027989,0.929239,0.126734,0.345934,-8.77107,128.907608,24.486876,0.291973,-0.619312,0.00493,-0.728821,-22.045412,129.531296,13.120182,0.087373,0.140593,-0.457703,-0.87356,-16.263407,120.372925,-9.223968,0.2067,0.257814,-0.52394,-0.785044,-1.779327,142.41951,-4.792972,-0.030128,0.990347,0.109792,0.079059,-1.509476,129.329834,26.073709,0.322673,0.861816,0.147778,-0.362378,15.727286,130.069794,28.927725,-0.032566,0.121913,0.469114,-0.874076,28.865982,118.919144,11.050193,-0.019448,-0.190378,0.665805,-0.721167,15.850963,139.247681,6.568158,0.056516,0.936809,0.220033,0.266047,-8.622802,85.287315,13.468766,0.08451,0.990105,-0.037625,0.105523,-8.217283,52.786137,-2.562162,-0.056021,0.96575,0.047574,0.248847,-16.554819,6.035629,0.133355,-0.073869,0.948501,-0.105313,0.289479,7.821844,86.315529,22.437855,0.015892,0.907138,-0.196083,0.372021,10.690673,51.272972,31.228203,-0.035097,0.90459,0.020113,0.424359,2.379888,7.389977,47.586815,-0.056021,0.96575,0.047574,0.248847,-9.063114,1.689711,-12.520472,-0.035097,0.90459,0.020113,0.424359,13.653213,2.244081,38.555546
206,1.716667,-0.033808,0.968414,0.021839,0.246079,-0.398821,85.800888,17.95384,-0.04308,0.984331,0.099301,0.139195,-0.985124,93.467461,18.151197,-0.038065,0.989694,0.090547,0.1042,-3.38178,114.280045,22.061811,0.056299,0.996917,0.01434,0.052743,-5.355986,134.829865,25.651146,0.107593,0.975823,-0.189659,-0.014921,-3.545666,149.313019,24.288414,-0.027967,0.929285,0.126777,0.345796,-8.764868,128.906372,24.486073,0.292041,-0.619279,0.00489,-0.728823,-22.042578,129.53064,13.123354,0.087468,0.140572,-0.457663,-0.873575,-16.258488,120.372116,-9.220186,0.206698,0.257809,-0.523888,-0.785081,-1.772474,142.417313,-4.792301,-0.030181,0.990331,0.109848,0.079163,-1.503179,129.326828,26.072931,0.32256,0.861842,0.147847,-0.362388,15.732887,130.068069,28.930769,-0.03263,0.121821,0.46903,-0.874131,28.874863,118.923141,11.052087,-0.019415,-0.190426,0.665813,-0.721148,15.854584,139.250092,6.574924,0.056545,0.936804,0.220013,0.266073,-8.621255,85.287514,13.469425,0.084501,0.9901,-0.037615,0.105579,-8.217644,52.785919,-2.560702,-0.055904,0.965757,0.047605,0.248843,-16.554373,6.035197,0.13349,-0.073918,0.948491,-0.105332,0.289493,7.823614,86.314255,22.438255,0.015948,0.90713,-0.196089,0.372035,10.695234,51.272511,31.230932,-0.035124,0.904579,0.02013,0.424379,2.379157,7.389909,47.587894,-0.055904,0.965757,0.047605,0.248843,-9.063911,1.689184,-12.521034,-0.035124,0.904579,0.02013,0.424379,13.653228,2.244835,38.557095
207,1.725,-0.033798,0.968414,0.02186,0.246077,-0.395859,85.801422,17.953304,-0.042845,0.984339,0.09935,0.139175,-0.982105,93.467995,18.151018,-0.038286,0.989686,0.090518,0.104221,-3.368635,114.276718,22.064362,0.05625,0.99692,0.014245,0.052756,-5.351964,134.826035,25.651485,0.107693,0.975834,-0.189547,-0.014904,-3.542917,149.309082,24.285927,-0.027935,0.929292,0.126843,0.345756,-8.758205,128.900986,24.486712,0.292043,-0.619258,0.004831,-0.728839,-22.036955,129.526932,13.125302,0.087547,0.140591,-0.457663,-0.873564,-16.251591,120.370781,-9.218888,0.206874,0.257805,-0.523787,-0.785103,-1.765425,142.417038,-4.792023,-0.03018,0.990326,0.10986,0.079211,-1.496833,129.324707,26.074146,0.322437,0.861871,0.147812,-0.362441,15.738972,130.065674,28.933636,-0.032782,0.121809,0.468981,-0.874154,28.882944,118.925285,11.053592,-0.019449,-0.190449,0.665635,-0.721305,15.860006,139.251953,6.580124,0.056533,0.936838,0.219985,0.265978,-8.618328,85.288315,13.46892,0.084532,0.990108,-0.037584,0.105486,-8.216141,52.785744,-2.559246,-0.055859,0.965761,0.047611,0.248834,-16.55521,6.035292,0.132438,-0.073858,0.948548,-0.105374,0.289305,7.82661,86.314529,22.437687,0.015925,0.907091,-0.196068,0.372142,10.694963,51.272785,31.231426,-0.035726,0.904589,0.019762,0.424326,2.379646,7.389334,47.586494,-0.055859,0.965761,0.047611,0.248834,-9.065412,1.689093,-12.522414,-0.035726,0.904589,0.019762,0.424326,13.657218,2.242367,38.561146
208,1.733333,-0.033754,0.968428,0.021795,0.246035,-0.393262,85.800194,17.954699,-0.042824,0.984338,0.099404,0.139157,-0.978598,93.466858,18.15164,-0.038307,0.989688,0.090489,0.10422,-3.364312,114.274002,22.067142,0.056284,0.996921,0.014146,0.052727,-5.348367,134.823486,25.652981,0.107752,0.975836,-0.189499,-0.014959,-3.538294,149.306137,24.284548,-0.027843,0.929286,0.126799,0.345796,-8.754398,128.898224,24.488565,0.292295,-0.619221,0.004613,-0.728772,-22.032362,129.52681,13.126376,0.087723,0.140647,-0.457604,-0.873568,-16.244591,120.371368,-9.217475,0.206849,0.257756,-0.523771,-0.785137,-1.756989,142.415649,-4.792179,-0.030197,0.99031,0.109939,0.0793,-1.493045,129.322296,26.075994,0.322338,0.861885,0.147731,-0.36253,15.742232,130.063278,28.938681,-0.032933,0.121883,0.468936,-0.874162,28.886181,118.926071,11.056635,-0.019656,-0.190437,0.665614,-0.721322,15.862222,139.25177,6.583405,0.056615,0.936763,0.220071,0.266154,-8.616176,85.287567,13.471071,0.08451,0.990068,-0.037672,0.105847,-8.214746,52.788399,-2.564041,-0.055845,0.965776,0.047502,0.2488,-16.553633,6.038231,0.133134,-0.073805,0.948524,-0.10538,0.289397,7.82965,86.312828,22.438326,0.015888,0.907163,-0.196004,0.372002,10.693409,51.270603,31.231693,-0.035729,0.904622,0.019817,0.424252,2.386127,7.384643,47.58411,-0.055845,0.965776,0.047502,0.2488,-9.064972,1.688771,-12.521275,-0.035729,0.904622,0.019817,0.424252,13.662471,2.239069,38.556431
209,1.741667,-0.033723,0.968428,0.021747,0.246042,-0.39134,85.79805,17.955366,-0.042807,0.984332,0.099458,0.13916,-0.976027,93.464775,18.151699,-0.03823,0.989691,0.090489,0.104219,-3.361399,114.271866,22.069614,0.056308,0.996921,0.014231,0.052676,-5.342264,134.821594,25.655806,0.10772,0.975821,-0.189586,-0.015074,-3.531779,149.304413,24.289768,-0.027692,0.92933,0.126699,0.345727,-8.749218,128.896866,24.491358,0.292372,-0.619166,0.004646,-0.728787,-22.029137,129.528778,13.131639,0.08782,0.14054,-0.457629,-0.873563,-16.237999,120.370552,-9.2102,0.206847,0.257698,-0.523704,-0.7852,-1.75046,142.415405,-4.792582,-0.030213,0.990297,0.110063,0.07928,-1.487773,129.319824,26.078671,0.32231,0.861869,0.148008,-0.36248,15.74758,130.061066,28.940817,-0.032998,0.12187,0.468867,-0.874198,28.894211,118.929947,11.056959,-0.019913,-0.19042,0.66546,-0.721462,15.867148,139.253433,6.585536,0.056588,0.936784,0.220127,0.266042,-8.614228,85.285767,13.471657,0.084541,0.990081,-0.037679,0.105697,-8.211764,52.788162,-2.566592,-0.055698,0.965777,0.047495,0.24883,-16.553215,6.038538,0.132182,-0.073838,0.948542,-0.105308,0.289356,7.83155,86.310333,22.439075,0.015966,0.907083,-0.196103,0.372141,10.699511,51.267372,31.228102,-0.03591,0.904607,0.019691,0.424274,2.379469,7.385352,47.584599,-0.055698,0.965777,0.047495,0.24883,-9.065248,1.687713,-12.522167,-0.03591,0.904607,0.019691,0.424274,13.65757,2.238862,38.559639
210,1.75,-0.033711,0.96844,0.021825,0.24599,-0.38941,85.795883,17.95454,-0.042743,0.984334,0.099458,0.139168,-0.974204,93.462563,18.152117,-0.038263,0.989681,0.090548,0.104252,-3.357116,114.271416,22.070698,0.056526,0.996906,0.014149,0.052752,-5.339696,134.820587,25.659075,0.107632,0.975826,-0.189611,-0.01504,-3.522545,149.302399,24.291138,-0.027713,0.929305,0.126701,0.34579,-8.746145,128.895752,24.493723,0.292363,-0.619166,0.004594,-0.728791,-22.024506,129.527313,13.132161,0.087859,0.140568,-0.457628,-0.873555,-16.233353,120.371262,-9.210565,0.206972,0.257719,-0.523759,-0.785124,-1.746109,142.416351,-4.792608,-0.030223,0.990291,0.110113,0.079277,-1.484841,129.319046,26.081583,0.322221,0.861881,0.148006,-0.362531,15.750506,130.060501,28.943718,-0.033046,0.121797,0.468909,-0.874184,28.898167,118.933342,11.05814,-0.019716,-0.190568,0.665428,-0.721458,15.872458,139.258057,6.591213,0.056595,0.936783,0.220111,0.266056,-8.612793,85.284149,13.471673,0.084549,0.990115,-0.037647,0.105388,-8.210858,52.786098,-2.565692,-0.055664,0.965804,0.047567,0.248721,-16.551872,6.036365,0.132579,-0.073826,0.948523,-0.105376,0.289395,7.833973,86.30761,22.437407,0.015983,0.907211,-0.196074,0.371844,10.69928,51.265556,31.230932,-0.035778,0.904646,0.019818,0.424197,2.384151,7.382515,47.587212,-0.055664,0.965804,0.047567,0.248721,-9.066996,1.687152,-12.524155,-0.035778,0.904646,0.019818,0.424197,13.659909,2.237567,38.558449
211,1.758333,-0.033684,0.968445,0.021882,0.245968,-0.386679,85.796883,17.953964,-0.04273,0.98433,0.099499,0.139174,-0.971292,93.463554,18.152502,-0.038199,0.989672,0.090667,0.104257,-3.353987,114.272751,22.07296,0.056575,0.996906,0.014016,0.052742,-5.334452,134.821228,25.666513,0.107645,0.975814,-0.189664,-0.01506,-3.515717,149.302475,24.294765,-0.027805,0.929247,0.126751,0.345922,-8.741513,128.897034,24.499702,0.292266,-0.619208,0.004607,-0.728794,-22.016495,129.526871,13.134104,0.087725,0.14051,-0.457634,-0.873574,-16.227911,120.372688,-9.210052,0.206891,0.257595,-0.523805,-0.785156,-1.739575,142.417984,-4.791285,-0.030177,0.990291,0.110174,0.079219,-1.480151,129.319183,26.087608,0.322045,0.861901,0.147892,-0.362688,15.755614,130.059097,28.947617,-0.033277,0.121799,0.468865,-0.874198,28.903246,118.938271,11.058098,-0.019845,-0.190623,0.665436,-0.721432,15.874836,139.263885,6.596008,0.056636,0.936763,0.22014,0.266092,-8.610291,85.285881,13.471439,0.084573,0.990103,-0.03768,0.105464,-8.209993,52.789082,-2.568489,-0.055722,0.965791,0.047482,0.248775,-16.553806,6.039986,0.132053,-0.073832,0.948485,-0.105343,0.289531,7.836934,86.307884,22.436491,0.015967,0.907199,-0.196124,0.371849,10.702124,51.265381,31.228266,-0.03582,0.904674,0.019794,0.424135,2.386512,7.384148,47.58913,-0.055722,0.965791,0.047482,0.248775,-9.067055,1.688905,-12.522925,-0.03582,0.904674,0.019794,0.424135,13.661342,2.239061,38.559284
212,1.766667,-0.033741,0.968448,0.021968,0.245942,-0.381505,85.797134,17.953444,-0.042734,0.98433,0.09952,0.139157,-0.967279,93.463692,18.153061,-0.038199,0.989672,0.090678,0.104244,-3.350164,114.272392,22.07435,0.056654,0.996899,0.014014,0.052793,-5.330634,134.820801,25.668386,0.107579,0.975813,-0.189712,-0.014981,-3.509449,149.301758,24.296801,-0.027724,0.929238,0.126809,0.345929,-8.737699,128.896591,24.501539,0.292278,-0.619195,0.004568,-0.7288,-22.012663,129.529785,13.136098,0.087737,0.140495,-0.457619,-0.873584,-16.223288,120.376846,-9.208371,0.206874,0.257552,-0.52376,-0.785204,-1.734099,142.421432,-4.790461,-0.030176,0.990271,0.11035,0.079216,-1.476295,129.318756,26.089264,0.321857,0.861928,0.147745,-0.362849,15.759492,130.058136,28.949297,-0.033584,0.121783,0.468843,-0.874201,28.90731,118.943428,11.056095,-0.019963,-0.190666,0.665452,-0.721402,15.877126,139.270844,6.601514,0.05668,0.936754,0.220175,0.266089,-8.605288,85.285492,13.471298,0.084632,0.990079,-0.037724,0.10563,-8.207302,52.790165,-2.571681,-0.055778,0.965769,0.04744,0.248853,-16.557472,6.042323,0.130958,-0.073764,0.948589,-0.105405,0.289186,7.842277,86.308784,22.435589,0.016006,0.907205,-0.196125,0.371832,10.704685,51.266502,31.229145,-0.03558,0.90466,0.020083,0.42417,2.385981,7.385415,47.588837,-0.055778,0.965769,0.04744,0.248853,-9.068184,1.690617,-12.522307,-0.03558,0.90466,0.020083,0.42417,13.660249,2.244784,38.555748
213,1.775,-0.033764,0.968453,0.022034,0.245914,-0.377335,85.797157,17.954599,-0.042766,0.984327,0.099527,0.139158,-0.963688,93.463646,18.155136,-0.038132,0.989673,0.090701,0.104246,-3.34797,114.272369,22.076571,0.056838,0.996888,0.014013,0.052801,-5.325781,134.820801,25.671843,0.107481,0.975815,-0.189756,-0.015036,-3.499258,149.301117,24.300539,-0.027657,0.929234,0.126872,0.345924,-8.733612,128.897125,24.504683,0.292529,-0.619156,0.004359,-0.728734,-22.008842,129.533249,13.139717,0.087832,0.140489,-0.457601,-0.873584,-16.216997,120.380737,-9.204274,0.206682,0.257482,-0.523786,-0.78526,-1.727758,142.423935,-4.789149,-0.030199,0.990252,0.110535,0.079187,-1.472139,129.318268,26.092356,0.321757,0.861925,0.14802,-0.362834,15.763765,130.058014,28.951597,-0.0338,0.121742,0.468691,-0.87428,28.915358,118.952499,11.055464,-0.020391,-0.190563,0.665327,-0.721533,15.878185,139.275604,6.607049,0.056655,0.936762,0.220252,0.266,-8.601352,85.285393,13.472898,0.08466,0.990088,-0.037755,0.105512,-8.201615,52.792347,-2.574639,-0.055582,0.965796,0.047418,0.248798,-16.554403,6.045175,0.131562,-0.073775,0.948547,-0.105339,0.289344,7.846683,86.308929,22.436302,0.016048,0.907194,-0.196178,0.371827,10.70978,51.265762,31.22612,-0.035785,0.904661,0.019876,0.424162,2.385663,7.386806,47.588764,-0.055582,0.965796,0.047418,0.248798,-9.068519,1.691172,-12.52293,-0.035785,0.904661,0.019876,0.424162,13.661011,2.243419,38.55859
214,1.783333,-0.033791,0.968458,0.022073,0.245887,-0.371555,85.797272,17.954245,-0.042802,0.984325,0.099551,0.139148,-0.958459,93.463707,18.155272,-0.038075,0.989681,0.090645,0.104238,-3.344117,114.269875,22.077084,0.056847,0.996888,0.01414,0.052747,-5.319276,134.818924,25.670349,0.107537,0.975816,-0.18971,-0.015136,-3.49282,149.299576,24.302641,-0.02762,0.929247,0.126995,0.345847,-8.727875,128.895538,24.503862,0.292522,-0.619154,0.004332,-0.728739,-22.005022,129.533997,13.14127,0.087836,0.140536,-0.457588,-0.873583,-16.212986,120.382713,-9.203187,0.20671,0.257516,-0.523761,-0.785259,-1.72376,142.425644,-4.785869,-0.030242,0.990233,0.110658,0.079238,-1.466313,129.315918,26.09132,0.321762,0.861874,0.148307,-0.362833,15.769209,130.056625,28.952595,-0.033858,0.121585,0.468679,-0.874306,28.920687,118.956886,11.052792,-0.020555,-0.190722,0.665269,-0.72154,15.880224,139.281555,6.611951,0.056699,0.936749,0.22028,0.266013,-8.59578,85.285172,13.472965,0.084726,0.990066,-0.037785,0.105653,-8.198241,52.793377,-2.577162,-0.055568,0.965774,0.047358,0.248897,-16.557861,6.047482,0.129993,-0.073694,0.948584,-0.105356,0.289236,7.85267,86.309372,22.435522,0.016026,0.907204,-0.196208,0.371788,10.710859,51.265587,31.224453,-0.035368,0.904674,0.020133,0.424157,2.388287,7.387665,47.590668,-0.055568,0.965774,0.047358,0.248897,-9.069628,1.691777,-12.52252,-0.035368,0.904674,0.020133,0.424157,13.660368,2.245615,38.555656
215,1.791667,-0.03376,0.96846,0.022078,0.245884,-0.368533,85.7939,17.953787,-0.042848,0.984318,0.099595,0.139152,-0.954997,93.460365,18.154999,-0.037986,0.989683,0.09067,0.104231,-3.343008,114.267578,22.078621,0.056852,0.996888,0.014084,0.052764,-5.314557,134.816711,25.673317,0.107494,0.975818,-0.189726,-0.015088,-3.487831,149.297195,24.30402,-0.027573,0.92923,0.126989,0.345897,-8.7242,128.893997,24.50654,0.29247,-0.619142,0.004362,-0.72877,-22.000238,129.534149,13.142747,0.087805,0.140555,-0.45762,-0.873566,-16.207523,120.38356,-9.201818,0.206747,0.257572,-0.523828,-0.785186,-1.719838,142.427948,-4.783019,-0.030271,0.990236,0.110668,0.079178,-1.462517,129.313034,26.093801,0.32166,0.861871,0.148262,-0.362949,15.773283,130.054932,28.953098,-0.034112,0.121501,0.468657,-0.87432,28.923809,118.959641,11.049848,-0.020748,-0.190818,0.665252,-0.721524,15.880829,139.285828,6.618214,0.056688,0.936773,0.220332,0.265891,-8.592834,85.282379,13.472578,0.084728,0.990066,-0.03784,0.105631,-8.195613,52.792133,-2.580692,-0.055533,0.965796,0.047345,0.248821,-16.555864,6.046659,0.13181,-0.073716,0.948503,-0.105295,0.289517,7.855767,86.30542,22.434998,0.016067,0.907212,-0.196239,0.371752,10.714226,51.260948,31.221115,-0.035414,0.90465,0.020187,0.424202,2.387775,7.384303,47.588783,-0.055533,0.965796,0.047345,0.248821,-9.069965,1.690211,-12.521831,-0.035414,0.90465,0.020187,0.424202,13.661432,2.244269,38.554592
216,1.8,-0.03375,0.968464,0.02206,0.245869,-0.366489,85.791946,17.954365,-0.042831,0.984316,0.099606,0.13916,-0.952733,93.458435,18.155355,-0.03793,0.989681,0.090695,0.104244,-3.340239,114.266609,22.079714,0.056854,0.996893,0.014158,0.052644,-5.309623,134.815735,25.675648,0.107639,0.97581,-0.189666,-0.015316,-3.483336,149.296448,24.30825,-0.02765,0.929163,0.127057,0.346046,-8.719889,128.893463,24.508461,0.292355,-0.619183,0.004348,-0.728781,-21.992165,129.532669,13.140221,0.08762,0.140631,-0.457661,-0.873551,-16.201921,120.38549,-9.206385,0.20667,0.257592,-0.523737,-0.785261,-1.717101,142.430801,-4.77978,-0.030246,0.990238,0.110668,0.079167,-1.458182,129.31163,26.095846,0.321502,0.861858,0.148713,-0.362935,15.777731,130.052734,28.954674,-0.034114,0.121223,0.468472,-0.874457,28.933811,118.972435,11.046216,-0.020783,-0.190997,0.665267,-0.721462,15.879658,139.292267,6.625684,0.056618,0.936781,0.220382,0.265836,-8.59094,85.280518,13.473418,0.084805,0.990067,-0.037844,0.105563,-8.188881,52.791298,-2.581824,-0.055357,0.965813,0.04735,0.248794,-16.5562,6.047103,0.130848,-0.073611,0.948595,-0.105276,0.289252,7.857961,86.303375,22.43531,0.016009,0.907157,-0.196272,0.371871,10.712067,51.257492,31.217176,-0.035804,0.904669,0.019946,0.424139,2.387232,7.381913,47.588509,-0.055357,0.965813,0.04735,0.248794,-9.072751,1.689306,-12.523778,-0.035804,0.904669,0.019946,0.424139,13.662588,2.24058,38.557178
217,1.808333,-0.033732,0.968471,0.022086,0.245843,-0.364501,85.791199,17.953699,-0.04279,0.984316,0.099634,0.139154,-0.950569,93.457687,18.155165,-0.037915,0.989681,0.090704,0.104248,-3.336513,114.265732,22.080959,0.057029,0.996884,0.014245,0.052613,-5.305321,134.814835,25.677343,0.107596,0.975814,-0.18966,-0.015453,-3.474171,149.295181,24.312687,-0.027665,0.929146,0.12709,0.346079,-8.715753,128.892685,24.510012,0.292241,-0.619184,0.004329,-0.728826,-21.987215,129.531967,13.140819,0.087458,0.140648,-0.45766,-0.873565,-16.197069,120.388962,-9.20752,0.206484,0.257646,-0.523817,-0.785238,-1.711971,142.434189,-4.775844,-0.030225,0.990234,0.110739,0.079123,-1.454039,129.310608,26.097435,0.321333,0.861871,0.148703,-0.363057,15.782161,130.050919,28.95475,-0.034613,0.121348,0.468504,-0.874403,28.939236,118.978371,11.042232,-0.021264,-0.191056,0.664692,-0.721962,15.888071,139.301453,6.628208,0.056685,0.936772,0.220374,0.265856,-8.589211,85.280205,13.47318,0.084833,0.990056,-0.037831,0.105644,-8.191523,52.791286,-2.582769,-0.055546,0.965769,0.047292,0.248935,-16.561588,6.047451,0.127679,-0.073692,0.9486,-0.105304,0.289202,7.860208,86.3022,22.434219,0.016119,0.907197,-0.196293,0.371757,10.719709,51.257599,31.219488,-0.035461,0.904667,0.020154,0.424163,2.386708,7.383144,47.589703,-0.055546,0.965769,0.047292,0.248935,-9.072663,1.689755,-12.523745,-0.035461,0.904667,0.020154,0.424163,13.659933,2.242846,38.555122
218,1.816667,-0.033742,0.968474,0.022128,0.245826,-0.360183,85.791641,17.953627,-0.042802,0.984321,0.099618,0.139126,-0.94655,93.458092,18.155701,-0.037906,0.98967,0.090872,0.104203,-3.332884,114.267014,22.080965,0.057235,0.996875,0.014201,0.052572,-5.301891,134.814865,25.684368,0.107558,0.975814,-0.189674,-0.015552,-3.464872,149.294373,24.318663,-0.027721,0.929078,0.127184,0.346222,-8.712278,128.893021,24.515411,0.292089,-0.619238,0.004359,-0.728841,-21.980152,129.532318,13.142035,0.087556,0.140783,-0.457771,-0.873476,-16.193317,120.392143,-9.208316,0.207024,0.258072,-0.523554,-0.785131,-1.716459,142.440506,-4.774181,-0.030238,0.990226,0.110892,0.079006,-1.450417,129.310608,26.102242,0.321197,0.861866,0.148948,-0.36309,15.786404,130.051392,28.955687,-0.034782,0.1212,0.468413,-0.874466,28.946669,118.989433,11.038966,-0.021396,-0.191187,0.664418,-0.722176,15.890591,139.30925,6.634961,0.056713,0.936799,0.220371,0.265761,-8.58504,85.280655,13.473376,0.084812,0.990093,-0.037812,0.105327,-8.190917,52.791874,-2.582946,-0.055511,0.965783,0.047357,0.248875,-16.55792,6.047556,0.128671,-0.073699,0.94859,-0.105303,0.289234,7.864675,86.302628,22.433876,0.016177,0.907266,-0.196328,0.371567,10.724382,51.258106,31.219378,-0.035798,0.904725,0.019893,0.424024,2.388626,7.385129,47.592148,-0.055511,0.965783,0.047357,0.248875,-9.070824,1.691329,-12.52434,-0.035798,0.904725,0.019893,0.424024,13.661421,2.242251,38.558495
219,1.825,-0.033781,0.96849,0.022113,0.245758,-0.355755,85.791542,17.953386,-0.042829,0.984322,0.099648,0.139091,-0.942629,93.457962,18.155127,-0.037897,0.989671,0.090902,0.104177,-3.330117,114.266479,22.081543,0.057251,0.996874,0.014116,0.052586,-5.298776,134.814133,25.6863,0.107574,0.975825,-0.189613,-0.015488,-3.461115,149.293335,24.318153,-0.027627,0.929084,0.127185,0.346213,-8.70927,128.89238,24.517172,0.292064,-0.619214,0.004329,-0.728872,-21.977539,129.534668,13.144434,0.087476,0.140783,-0.457794,-0.873472,-16.189198,120.396675,-9.206409,0.206895,0.25806,-0.523454,-0.785236,-1.713185,142.445786,-4.770391,-0.030193,0.990228,0.1109,0.078986,-1.44732,129.309814,26.10363,0.321004,0.861858,0.149097,-0.363217,15.789704,130.049103,28.956213,-0.035007,0.120994,0.46834,-0.874524,28.951496,118.999138,11.033225,-0.021418,-0.191267,0.664466,-0.72211,15.889044,139.31897,6.642563,0.056737,0.936816,0.220412,0.265659,-8.581182,85.279739,13.474282,0.084802,0.990082,-0.037855,0.105422,-8.189585,52.792465,-2.585138,-0.055544,0.965788,0.047382,0.248845,-16.556372,6.048307,0.129812,-0.07365,0.948572,-0.105231,0.289334,7.869673,86.303345,22.432491,0.016176,0.907243,-0.196409,0.37158,10.726664,51.257179,31.212351,-0.035319,0.904687,0.020207,0.424129,2.387922,7.387233,47.591709,-0.055544,0.965788,0.047382,0.248845,-9.069686,1.693021,-12.523762,-0.035319,0.904687,0.020207,0.424129,13.659266,2.246462,38.555058
220,1.833333,-0.03373,0.968493,0.022152,0.245751,-0.355035,85.790543,17.952612,-0.042765,0.98432,0.099661,0.139113,-0.941301,93.456985,18.155128,-0.037858,0.989667,0.090926,0.104209,-3.326216,114.265152,22.08235,0.057288,0.996875,0.014185,0.052505,-5.29349,134.812759,25.688175,0.107766,0.975812,-0.189558,-0.015668,-3.455127,149.292053,24.321943,-0.02763,0.929081,0.12722,0.34621,-8.704378,128.891327,24.51852,0.291888,-0.619166,0.004414,-0.728983,-21.972742,129.533966,13.1459,0.08726,0.14074,-0.457871,-0.87346,-16.181494,120.398987,-9.20544,0.206708,0.258058,-0.523448,-0.78529,-1.709095,142.448883,-4.766722,-0.030225,0.990204,0.111139,0.078928,-1.44248,129.308121,26.1054,0.320906,0.861818,0.149499,-0.363235,15.7948,130.048065,28.956297,-0.035114,0.120805,0.468221,-0.87461,28.959078,119.010338,11.02758,-0.021638,-0.191364,0.66432,-0.722213,15.889176,139.326935,6.646918,0.056769,0.936752,0.220447,0.265849,-8.580594,85.279831,13.473618,0.084831,0.990075,-0.037909,0.105446,-8.187262,52.79393,-2.588539,-0.055504,0.965786,0.047305,0.248877,-16.557348,6.050632,0.131004,-0.073662,0.948513,-0.105198,0.289535,7.870524,86.301247,22.431606,0.016118,0.907115,-0.196456,0.371871,10.727199,51.254715,31.210083,-0.03572,0.904704,0.019983,0.424071,2.38657,7.386345,47.592716,-0.055504,0.965786,0.047305,0.248877,-9.070333,1.692867,-12.521526,-0.03572,0.904704,0.019983,0.424071,13.659875,2.244848,38.558918
221,1.841667,-0.033733,0.968505,0.022103,0.245705,-0.351323,85.788315,17.952435,-0.04279,0.984316,0.099712,0.139101,-0.937438,93.454788,18.15424,-0.037844,0.989667,0.090929,0.10421,-3.323766,114.263573,22.083656,0.057369,0.996872,0.014217,0.052471,-5.290481,134.811188,25.689676,0.107839,0.975806,-0.189537,-0.015757,-3.449924,149.290283,24.324432,-0.027608,0.929074,0.127299,0.346201,-8.701529,128.889862,24.519972,0.291888,-0.619149,0.004306,-0.728998,-21.97015,129.534119,13.147747,0.087001,0.140714,-0.457771,-0.873543,-16.177792,120.40329,-9.204997,0.206206,0.257635,-0.523707,-0.785388,-1.698942,142.450134,-4.759681,-0.030181,0.99022,0.11103,0.078898,-1.439619,129.306442,26.106846,0.320684,0.861811,0.149532,-0.363434,15.797915,130.045288,28.95647,-0.035132,0.120423,0.468043,-0.874757,28.962072,119.019257,11.02048,-0.021444,-0.191645,0.664757,-0.721741,15.87812,139.333099,6.655027,0.056768,0.936789,0.220454,0.265715,-8.577307,85.277306,13.474257,0.084834,0.990056,-0.03792,0.105612,-8.186012,52.791626,-2.588402,-0.055588,0.965773,0.047314,0.248907,-16.556973,6.048453,0.130738,-0.073681,0.94857,-0.105258,0.289323,7.874661,86.299324,22.430613,0.016245,0.907229,-0.196445,0.371593,10.733253,51.253914,31.212933,-0.035274,0.904676,0.020239,0.424155,2.387019,7.385546,47.592701,-0.055588,0.965773,0.047314,0.248907,-9.068324,1.691698,-12.52117,-0.035274,0.904676,0.020239,0.424155,13.658553,2.245051,38.556118
222,1.85,-0.033713,0.968504,0.022074,0.245715,-0.348973,85.788033,17.952282,-0.042704,0.98432,0.099728,0.139087,-0.934688,93.454544,18.153725,-0.037906,0.989662,0.09096,0.1042,-3.317317,114.262268,22.084131,0.057107,0.996892,0.014088,0.052408,-5.286685,134.809448,25.691181,0.108129,0.975799,-0.189412,-0.015734,-3.453728,149.289108,24.321642,-0.027563,0.929094,0.127352,0.34613,-8.69697,128.887741,24.521219,0.291789,-0.619153,0.004296,-0.729034,-21.967379,129.533752,13.151179,0.086934,0.140694,-0.457779,-0.873548,-16.17528,120.406281,-9.203002,0.206229,0.257623,-0.523775,-0.785341,-1.695825,142.454224,-4.756782,-0.030224,0.990206,0.111159,0.078886,-1.435099,129.305191,26.108044,0.320588,0.861773,0.149557,-0.363597,15.802416,130.045181,28.957506,-0.035273,0.120272,0.468047,-0.87477,28.963768,119.025482,11.015556,-0.02148,-0.191887,0.664579,-0.72184,15.877886,139.340897,6.659622,0.056706,0.936798,0.220464,0.265688,-8.574891,85.277245,13.473955,0.084907,0.990082,-0.037905,0.10532,-8.179636,52.791382,-2.58823,-0.055334,0.965784,0.047326,0.248918,-16.556463,6.049284,0.131198,-0.073635,0.948543,-0.105193,0.289447,7.876945,86.298813,22.430607,0.016199,0.907181,-0.196485,0.37169,10.732659,51.251911,31.207933,-0.035468,0.904686,0.020132,0.424124,2.387263,7.384884,47.591728,-0.055334,0.965784,0.047326,0.248918,-9.070067,1.690774,-12.521441,-0.035468,0.904686,0.020132,0.424124,13.659683,2.244065,38.556438
223,1.858333,-0.033714,0.968518,0.022108,0.245657,-0.347538,85.789581,17.950571,-0.042682,0.984322,0.099786,0.13904,-0.933376,93.456078,18.152554,-0.037894,0.989664,0.090998,0.10416,-3.314887,114.260437,22.085032,0.057251,0.996889,0.014105,0.052302,-5.283781,134.807358,25.693781,0.108277,0.9758,-0.189306,-0.015929,-3.447042,149.286591,24.324757,-0.027542,0.92909,0.127443,0.34611,-8.694214,128.885757,24.523661,0.291739,-0.619152,0.004223,-0.729055,-21.965155,129.533493,13.154338,0.086857,0.140633,-0.457766,-0.873572,-16.172985,120.410172,-9.201518,0.20606,0.257638,-0.523737,-0.785406,-1.692362,142.456665,-4.756133,-0.03034,0.990191,0.111294,0.078838,-1.432206,129.30304,26.109909,0.320387,0.861789,0.149806,-0.363635,15.805328,130.046875,28.958258,-0.035327,0.120104,0.467882,-0.874879,28.971708,119.040298,11.01195,-0.021448,-0.191974,0.664528,-0.721865,15.877006,139.350021,6.663766,0.056644,0.936851,0.220405,0.265562,-8.573993,85.278915,13.473217,0.084925,0.990113,-0.037835,0.105037,-8.177905,52.790665,-2.584118,-0.055359,0.965795,0.04735,0.248863,-16.554972,6.04836,0.130977,-0.07362,0.948528,-0.105206,0.289493,7.878918,86.300255,22.427923,0.01617,0.907137,-0.196487,0.371797,10.732922,51.253403,31.205994,-0.03578,0.904701,0.019864,0.424077,2.388067,7.386339,47.589981,-0.055359,0.965795,0.04735,0.248863,-9.069712,1.690662,-12.522613,-0.03578,0.904701,0.019864,0.424077,13.661631,2.242506,38.557831
224,1.866667,-0.03378,0.968526,0.0222,0.245609,-0.34383,85.787979,17.948441,-0.042648,0.984319,0.099827,0.139038,-0.930993,93.454346,18.151573,-0.037887,0.989658,0.091043,0.104177,-3.311527,114.260376,22.08633,0.057344,0.996879,0.014055,0.052412,-5.280368,134.806992,25.696936,0.108199,0.975809,-0.189321,-0.015762,-3.440502,149.285721,24.326805,-0.027534,0.929108,0.127476,0.346049,-8.690811,128.885513,24.526163,0.291805,-0.61922,0.00401,-0.728972,-21.963236,129.533615,13.158596,0.087137,0.140739,-0.457811,-0.873504,-16.175142,120.415024,-9.200242,0.206568,0.258089,-0.523479,-0.785295,-1.699187,142.463226,-4.757759,-0.030389,0.990176,0.111463,0.078759,-1.428849,129.302582,26.112667,0.320094,0.861822,0.149973,-0.363745,15.809013,130.047958,28.958607,-0.035444,0.119894,0.467653,-0.875025,28.980726,119.057251,11.006488,-0.021449,-0.192138,0.664563,-0.721789,15.872948,139.360962,6.668723,0.056803,0.936785,0.220477,0.265703,-8.570642,85.276505,13.471837,0.084856,0.990075,-0.037984,0.105395,-8.181456,52.791862,-2.592962,-0.055461,0.965802,0.047334,0.248816,-16.554495,6.049517,0.133811,-0.07358,0.948576,-0.10529,0.289315,7.882981,86.299454,22.425041,0.016195,0.907147,-0.196502,0.371764,10.734066,51.253448,31.207422,-0.035725,0.904723,0.019852,0.424036,2.387101,7.387036,47.592068,-0.055461,0.965802,0.047334,0.248816,-9.069457,1.692147,-12.520021,-0.035725,0.904723,0.019852,0.424036,13.659252,2.242183,38.558739
225,1.875,-0.033734,0.968526,0.022251,0.245611,-0.340381,85.78817,17.946129,-0.042654,0.984315,0.099873,0.139033,-0.92704,93.454536,18.150187,-0.03787,0.989654,0.091102,0.104165,-3.308155,114.26104,22.08704,0.057405,0.99688,0.014148,0.052302,-5.276491,134.807251,25.700157,0.108381,0.975797,-0.189257,-0.015967,-3.435345,149.286072,24.332613,-0.027525,0.929104,0.127557,0.34603,-8.687082,128.886002,24.528786,0.291606,-0.619251,0.004098,-0.729025,-21.959978,129.535294,13.161842,0.08698,0.14061,-0.457838,-0.873526,-16.173853,120.419167,-9.198506,0.206523,0.258011,-0.523549,-0.785287,-1.697043,142.467728,-4.75808,-0.030438,0.990158,0.111641,0.07872,-1.425064,129.302734,26.115114,0.319886,0.861859,0.150067,-0.363802,15.812903,130.049438,28.960033,-0.036293,0.120347,0.467698,-0.874905,28.989155,119.06916,11.004872,-0.022439,-0.191811,0.663287,-0.723018,15.890739,139.374802,6.668601,0.056736,0.936863,0.22038,0.265523,-8.567229,85.277771,13.469473,0.084884,0.990088,-0.037912,0.105276,-8.178598,52.789467,-2.587946,-0.055647,0.965804,0.047368,0.248761,-16.553185,6.047037,0.132714,-0.073593,0.948539,-0.10531,0.289426,7.886468,86.298561,22.422785,0.016249,0.907159,-0.196506,0.371731,10.736981,51.25301,31.207144,-0.035837,0.904689,0.019854,0.424098,2.385771,7.386908,47.590435,-0.055647,0.965804,0.047368,0.248761,-9.067665,1.692107,-12.521672,-0.035837,0.904689,0.019854,0.424098,13.66027,2.243565,38.559185
226,1.883333,-0.033719,0.96853,0.02229,0.245592,-0.337337,85.788559,17.944336,-0.042552,0.984316,0.099966,0.138987,-0.923915,93.454918,18.149038,-0.038005,0.989651,0.091115,0.104137,-3.300939,114.259552,22.090193,0.057442,0.996877,0.013977,0.052358,-5.274815,134.805237,25.703293,0.108448,0.975818,-0.189125,-0.015827,-3.432205,149.283417,24.330933,-0.027492,0.929093,0.127652,0.34603,-8.683816,128.883041,24.532045,0.29152,-0.61928,0.004001,-0.729035,-21.956802,129.534561,13.165328,0.086876,0.14055,-0.457851,-0.873539,-16.172415,120.424179,-9.197807,0.20648,0.257928,-0.523601,-0.785291,-1.695338,142.472626,-4.757576,-0.030542,0.990134,0.111893,0.078626,-1.421861,129.301788,26.118151,0.319615,0.861841,0.150255,-0.364006,15.816408,130.051743,28.960423,-0.03597,0.119675,0.46742,-0.875159,28.993923,119.08828,10.995896,-0.021777,-0.192382,0.66407,-0.722167,15.872725,139.387909,6.678381,0.056764,0.93684,0.220395,0.265585,-8.56438,85.27861,13.467985,0.084886,0.990101,-0.03795,0.105135,-8.176232,52.791,-2.590858,-0.055511,0.965816,0.047382,0.248742,-16.551018,6.048882,0.134544,-0.07359,0.9485,-0.105301,0.28956,7.889706,86.298515,22.420687,0.016208,0.907158,-0.196574,0.3717,10.738964,51.252789,31.204784,-0.035303,0.904721,0.020198,0.424059,2.389497,7.389098,47.59544,-0.055511,0.965816,0.047382,0.248742,-9.06733,1.693202,-12.520668,-0.035303,0.904721,0.020198,0.424059,13.659247,2.247831,38.557079
227,1.891667,-0.03373,0.968541,0.022295,0.245546,-0.333722,85.789497,17.943851,-0.042589,0.984314,0.100016,0.138956,-0.920475,93.455849,18.148621,-0.037922,0.989653,0.091166,0.104101,-3.29905,114.258362,22.091396,0.057468,0.996877,0.01402,0.052313,-5.269599,134.803925,25.707022,0.108515,0.975811,-0.189118,-0.015869,-3.426415,149.282135,24.335865,-0.027503,0.929093,0.127644,0.34603,-8.67957,128.882355,24.535412,0.291295,-0.619319,0.004064,-0.729092,-21.95253,129.533417,13.168639,0.086684,0.14041,-0.457906,-0.873552,-16.170523,120.427086,-9.19677,0.20638,0.257939,-0.523606,-0.785309,-1.693749,142.476685,-4.758436,-0.030625,0.990126,0.111975,0.078579,-1.41741,129.29985,26.120897,0.319294,0.861911,0.150351,-0.364081,15.82094,130.052643,28.961935,-0.036607,0.119929,0.467266,-0.87518,29.005926,119.104095,10.993796,-0.022593,-0.192313,0.663221,-0.722941,15.883017,139.398163,6.680391,0.056703,0.936859,0.220445,0.265489,-8.561171,85.279343,13.46827,0.08491,0.990082,-0.038002,0.105276,-8.169558,52.792858,-2.592752,-0.05539,0.965856,0.047344,0.248623,-16.547436,6.051498,0.136106,-0.073521,0.948565,-0.105364,0.28934,7.893727,86.299652,22.419434,0.016197,0.907142,-0.19652,0.371768,10.738992,51.254154,31.205738,-0.035234,0.904689,0.020171,0.424133,2.391095,7.388428,47.591751,-0.05539,0.965856,0.047344,0.248623,-9.068079,1.693599,-12.520901,-0.035234,0.904689,0.020171,0.424133,13.66153,2.245647,38.555111
228,1.9,-0.033687,0.968545,0.022294,0.24554,-0.330906,85.786018,17.941458,-0.042595,0.984313,0.100083,0.138917,-0.917017,93.452408,18.146376,-0.037898,0.989657,0.091196,0.104048,-3.296295,114.2565,22.092415,0.057238,0.996894,0.013816,0.05231,-5.265755,134.80191,25.709503,0.108685,0.975823,-0.188973,-0.015691,-3.428986,149.28035,24.332047,-0.027445,0.929089,0.127689,0.346027,-8.676054,128.880524,24.537914,0.291245,-0.619323,0.004067,-0.729108,-21.949177,129.534012,13.171477,0.086583,0.14033,-0.457968,-0.873543,-16.167463,120.429077,-9.194571,0.206314,0.257837,-0.523678,-0.785313,-1.691978,142.481018,-4.7577,-0.030698,0.990113,0.112108,0.078517,-1.413705,129.297684,26.122622,0.318885,0.861957,0.150072,-0.364446,15.824829,130.052872,28.961893,-0.036563,0.119371,0.46703,-0.875384,29.009556,119.118759,10.984774,-0.021975,-0.193043,0.663674,-0.722349,15.8667,139.410049,6.691886,0.056649,0.936868,0.220491,0.265429,-8.558471,85.276627,13.466001,0.085027,0.990105,-0.037998,0.104965,-8.163255,52.791142,-2.596955,-0.05547,0.965827,0.047289,0.248727,-16.551205,6.051654,0.133024,-0.07349,0.948566,-0.105377,0.289339,7.896658,86.295403,22.416914,0.016238,0.907131,-0.196559,0.371771,10.739491,51.249771,31.203466,-0.035749,0.904682,0.019937,0.424118,2.386699,7.385633,47.591221,-0.05547,0.965827,0.047289,0.248727,-9.068425,1.692985,-12.521694,-0.035749,0.904682,0.019937,0.424118,13.661046,2.243333,38.559181
229,1.908333,-0.033721,0.96854,0.022278,0.245554,-0.327224,85.784363,17.940346,-0.042699,0.984301,0.1001,0.138956,-0.913782,93.450729,18.144894,-0.037742,0.989653,0.091286,0.104069,-3.29804,114.257561,22.09152,0.057178,0.9969,0.013842,0.052243,-5.261487,134.80278,25.712967,0.108836,0.975818,-0.188905,-0.015778,-3.426687,149.281509,24.336071,-0.02751,0.929084,0.127733,0.34602,-8.673519,128.882645,24.540096,0.291345,-0.61935,0.003875,-0.729047,-21.946692,129.534515,13.173622,0.086579,0.140291,-0.457971,-0.873548,-16.166523,120.433067,-9.194244,0.206153,0.257845,-0.523684,-0.785348,-1.690918,142.484497,-4.759154,-0.030737,0.990104,0.112244,0.078423,-1.411056,129.297333,26.124933,0.318653,0.861958,0.15035,-0.364531,15.827908,130.053848,28.961239,-0.0368,0.119154,0.466896,-0.875475,29.016899,119.13533,10.977787,-0.022154,-0.193333,0.663434,-0.722486,15.865788,139.423325,6.699002,0.056901,0.936763,0.220482,0.265752,-8.554616,85.2743,13.464647,0.084912,0.990084,-0.038057,0.105237,-8.171121,52.790607,-2.602227,-0.055459,0.965807,0.047322,0.248802,-16.549671,6.049686,0.132142,-0.073459,0.948562,-0.10539,0.289355,7.900167,86.294434,22.416042,0.016281,0.907184,-0.196556,0.371641,10.740501,51.248669,31.202879,-0.035821,0.904674,0.01983,0.424133,2.386414,7.384557,47.590038,-0.055459,0.965807,0.047322,0.248802,-9.065015,1.691961,-12.521791,-0.035821,0.904674,0.01983,0.424133,13.661374,2.240412,38.559811
230,1.916667,-0.033696,0.968542,0.022292,0.24555,-0.32558,85.784653,17.939636,-0.04257,0.984311,0.100149,0.138887,-0.911818,93.451035,18.144491,-0.037864,0.989651,0.091331,0.104001,-3.290246,114.253929,22.093348,0.057391,0.996885,0.013978,0.052264,-5.258717,134.798401,25.71623,0.10871,0.975836,-0.188884,-0.015778,-3.417876,149.276779,24.343643,-0.027471,0.929077,0.127821,0.346011,-8.669316,128.877441,24.543404,0.291107,-0.619469,0.003748,-0.729041,-21.942789,129.531616,13.177403,0.086327,0.140201,-0.457931,-0.873608,-16.16992,120.440384,-9.196507,0.206022,0.257755,-0.52376,-0.785362,-1.690239,142.490326,-4.758585,-0.030884,0.990085,0.11244,0.078331,-1.40678,129.293961,26.127428,0.318344,0.861996,0.150421,-0.364682,15.832378,130.055374,28.961277,-0.037125,0.118945,0.466731,-0.875578,29.025681,119.151894,10.971851,-0.022277,-0.193591,0.663218,-0.722612,15.864378,139.436859,6.708562,0.056868,0.93676,0.220501,0.265755,-8.553039,85.275101,13.464001,0.084937,0.990083,-0.038095,0.10522,-8.166899,52.791756,-2.6035,-0.055586,0.965833,0.047256,0.248685,-16.548035,6.051502,0.134315,-0.073476,0.948555,-0.105376,0.289381,7.901879,86.294197,22.415272,0.016271,0.907135,-0.196567,0.371756,10.743404,51.248405,31.201605,-0.035502,0.904645,0.020089,0.42421,2.387752,7.384667,47.588974,-0.055586,0.965833,0.047256,0.248685,-9.065207,1.692803,-12.52037,-0.035502,0.904645,0.020089,0.42421,13.662061,2.24322,38.556396
231,1.925,-0.033745,0.96854,0.02238,0.245544,-0.321447,85.783928,17.937754,-0.042543,0.984312,0.100262,0.138808,-0.908745,93.450203,18.143734,-0.03794,0.989656,0.091347,0.103914,-3.286113,114.250053,22.097229,0.057544,0.996881,0.013946,0.052185,-5.257459,134.794159,25.720619,0.108738,0.975859,-0.188741,-0.015892,-3.412388,149.271912,24.347174,-0.027404,0.929049,0.127847,0.346082,-8.66725,128.872635,24.548286,0.291027,-0.619565,0.00356,-0.728992,-21.939131,129.529648,13.180592,0.086118,0.140093,-0.457938,-0.873642,-16.172098,120.446266,-9.198019,0.205712,0.257752,-0.523808,-0.785411,-1.691017,142.495422,-4.759793,-0.030926,0.990103,0.112368,0.078183,-1.40453,129.290359,26.131147,0.317994,0.862038,0.15054,-0.364841,15.835346,130.054031,28.960007,-0.037483,0.118659,0.466607,-0.875667,29.033958,119.168221,10.963777,-0.022256,-0.193892,0.663202,-0.722546,15.862791,139.452744,6.719975,0.05693,0.936757,0.220559,0.265706,-8.548903,85.273895,13.462168,0.084932,0.990055,-0.038178,0.10545,-8.166627,52.792896,-2.610168,-0.05532,0.965831,0.047313,0.248743,-16.548796,6.05318,0.133584,-0.073431,0.948559,-0.105395,0.28937,7.906009,86.293968,22.41334,0.016213,0.907109,-0.196604,0.371804,10.744153,51.247978,31.199984,-0.03522,0.904673,0.020242,0.424167,2.391324,7.385436,47.591995,-0.05532,0.965831,0.047313,0.248743,-9.067081,1.693971,-12.521585,-0.03522,0.904673,0.020242,0.424167,13.662559,2.244317,38.555397
232,1.933333,-0.033705,0.968537,0.022403,0.245557,-0.319426,85.783264,17.935566,-0.042529,0.984308,0.100319,0.138801,-0.906221,93.449562,18.142033,-0.037944,0.989651,0.091407,0.103901,-3.283334,114.249397,22.098114,0.057557,0.996879,0.013979,0.05219,-5.255061,134.793045,25.723967,0.108779,0.975862,-0.188702,-0.015865,-3.409645,149.270844,24.35149,-0.027406,0.929043,0.127885,0.346083,-8.664746,128.871567,24.551037,0.29103,-0.619618,0.00338,-0.728947,-21.936617,129.528976,13.18335,0.086075,0.140065,-0.457956,-0.873642,-16.172773,120.451286,-9.198393,0.205732,0.257686,-0.523936,-0.785343,-1.691665,142.501633,-4.760369,-0.03094,0.990099,0.112466,0.078096,-1.401991,129.289276,26.133743,0.317717,0.86205,0.15072,-0.364978,15.838332,130.053513,28.959736,-0.037789,0.11838,0.466502,-0.875748,29.040733,119.183662,10.956637,-0.022276,-0.194169,0.663044,-0.722616,15.860939,139.467682,6.730972,0.056961,0.936753,0.220548,0.265723,-8.546809,85.274071,13.459748,0.084883,0.990072,-0.038209,0.105317,-8.166515,52.792992,-2.612467,-0.055426,0.965861,0.047342,0.248594,-16.544043,6.052711,0.135845,-0.073463,0.948497,-0.105368,0.289577,7.907956,86.292465,22.411383,0.016217,0.907022,-0.196642,0.371994,10.746954,51.246418,31.197506,-0.035644,0.90469,0.019901,0.424111,2.389019,7.385316,47.590775,-0.055426,0.965861,0.047342,0.248594,-9.065055,1.695021,-12.521458,-0.035644,0.90469,0.019901,0.424111,13.662044,2.240732,38.55838
233,1.941667,-0.033706,0.968535,0.022422,0.245565,-0.317194,85.780884,17.9347,-0.042486,0.984305,0.100343,0.138815,-0.904074,93.447166,18.141432,-0.037957,0.989646,0.091434,0.103923,-3.279705,114.247826,22.0989,0.057496,0.996882,0.013964,0.052204,-5.252156,134.791214,25.72574,0.108834,0.975882,-0.18857,-0.015822,-3.408442,149.26918,24.352774,-0.027409,0.929032,0.12798,0.346076,-8.661627,128.869705,24.552349,0.290911,-0.619603,0.003418,-0.729007,-21.933647,129.528183,13.1849,0.085894,0.139935,-0.458095,-0.873607,-16.168901,120.452972,-9.197612,0.205574,0.257691,-0.523998,-0.785341,-1.693015,142.506546,-4.762224,-0.031024,0.990089,0.112591,0.077999,-1.398952,129.287552,26.135397,0.317432,0.862079,0.150684,-0.365171,15.84172,130.054703,28.958481,-0.038241,0.118237,0.466426,-0.875788,29.046076,119.197372,10.949265,-0.022537,-0.194465,0.66285,-0.722707,15.860558,139.482285,6.739567,0.057031,0.936709,0.220604,0.265817,-8.544502,85.271759,13.458735,0.084853,0.990064,-0.038278,0.105395,-8.166213,52.793049,-2.618323,-0.055448,0.96588,0.047294,0.248524,-16.54184,6.052786,0.136138,-0.073425,0.948578,-0.105411,0.289303,7.910114,86.290009,22.410664,0.016228,0.907041,-0.196632,0.371953,10.748082,51.244209,31.19812,-0.035723,0.90469,0.019948,0.424102,2.390234,7.382771,47.590519,-0.055448,0.96588,0.047294,0.248524,-9.0645,1.693829,-12.521702,-0.035723,0.90469,0.019948,0.424102,13.664055,2.240429,38.557838
234,1.95,-0.033672,0.968537,0.022401,0.245561,-0.315634,85.778595,17.933359,-0.042469,0.984305,0.100408,0.138777,-0.901931,93.444931,18.139914,-0.03798,0.989648,0.091451,0.103879,-3.2772,114.246323,22.100481,0.057585,0.996877,0.013986,0.052195,-5.250526,134.78952,25.728024,0.108835,0.975888,-0.188539,-0.015827,-3.404304,149.267242,24.355814,-0.027417,0.929008,0.128,0.346134,-8.659755,128.867844,24.554762,0.29088,-0.619588,0.003368,-0.729032,-21.930351,129.52655,13.185671,0.08575,0.139838,-0.458212,-0.873576,-16.164684,120.454323,-9.197805,0.205414,0.257625,-0.524176,-0.785286,-1.692894,142.511292,-4.764112,-0.031064,0.990071,0.112789,0.077933,-1.396974,129.286057,26.137218,0.317127,0.862099,0.150915,-0.365297,15.843964,130.054291,28.958353,-0.038533,0.118006,0.466238,-0.875906,29.053408,119.214859,10.942085,-0.02277,-0.194785,0.662768,-0.722689,15.856189,139.496323,6.747838,0.057017,0.936712,0.220637,0.265782,-8.543023,85.269981,13.457492,0.08488,0.990071,-0.038295,0.105304,-8.163717,52.792202,-2.621423,-0.055324,0.965868,0.047296,0.248597,-16.541746,6.052488,0.135053,-0.073446,0.948577,-0.105339,0.28933,7.911756,86.287209,22.409227,0.016253,0.907031,-0.196732,0.371924,10.752522,51.24054,31.192297,-0.035374,0.904673,0.02017,0.424157,2.389629,7.382908,47.592319,-0.055324,0.965868,0.047296,0.248597,-9.063763,1.692638,-12.522099,-0.035374,0.904673,0.02017,0.424157,13.66192,2.241892,38.55698
235,1.958333,-0.033596,0.968539,0.022357,0.245569,-0.317834,85.774536,17.931938,-0.042383,0.984304,0.100451,0.138777,-0.902837,93.440979,18.138128,-0.037972,0.989646,0.091473,0.103883,-3.274919,114.243904,22.101345,0.057422,0.996889,0.013947,0.052154,-5.248002,134.786957,25.729799,0.108971,0.975891,-0.188445,-0.015829,-3.406564,149.265152,24.356121,-0.027401,0.929,0.12805,0.346137,-8.6573,128.865387,24.556255,0.290773,-0.619573,0.003366,-0.729088,-21.927851,129.525238,13.187183,0.085602,0.139716,-0.458328,-0.873549,-16.161236,120.456589,-9.197495,0.205339,0.257544,-0.524221,-0.785302,-1.692881,142.517303,-4.766485,-0.031155,0.990055,0.112952,0.07786,-1.394523,129.283432,26.138765,0.316808,0.862128,0.151148,-0.365407,15.846615,130.054657,28.957838,-0.038861,0.117765,0.466091,-0.876003,29.06208,119.23349,10.935016,-0.022861,-0.195029,0.662595,-0.722779,15.85541,139.5121,6.75782,0.056932,0.936711,0.220673,0.26577,-8.545244,85.267105,13.455975,0.084924,0.990064,-0.038326,0.105318,-8.15968,52.789795,-2.623729,-0.055314,0.965861,0.047294,0.248627,-16.542152,6.051016,0.135132,-0.073496,0.948581,-0.105332,0.289304,7.909575,86.28196,22.407902,0.016286,0.907064,-0.196718,0.371849,10.754126,51.23571,31.191414,-0.035291,0.904649,0.02034,0.424206,2.390208,7.377657,47.589771,-0.055314,0.965861,0.047294,0.248627,-9.063506,1.691065,-12.521589,-0.035291,0.904649,0.02034,0.424206,13.663303,2.240027,38.553516
236,1.966667,-0.033593,0.968535,0.022414,0.24558,-0.315959,85.773453,17.929113,-0.042408,0.984293,0.100507,0.138807,-0.901135,93.439865,18.136158,-0.037922,0.98964,0.091524,0.103912,-3.274614,114.24115,22.101236,0.057445,0.996889,0.013974,0.052135,-5.245969,134.783966,25.731987,0.108993,0.975903,-0.188367,-0.015889,-3.403962,149.262161,24.359097,-0.027329,0.928981,0.128032,0.346201,-8.65576,128.862839,24.5576,0.290851,-0.619595,0.003156,-0.729039,-21.924906,129.525131,13.187025,0.085295,0.139606,-0.458294,-0.873614,-16.159595,120.461342,-9.199965,0.204671,0.257133,-0.524571,-0.785377,-1.686555,142.521347,-4.765472,-0.031307,0.990033,0.11314,0.077811,-1.393014,129.280029,26.140488,0.316545,0.862146,0.150706,-0.365775,15.84806,130.056183,28.958611,-0.039609,0.117852,0.466203,-0.875898,29.058424,119.2407,10.928633,-0.023312,-0.19521,0.662112,-0.723158,15.857018,139.527603,6.765379,0.056884,0.93676,0.220689,0.265597,-8.543268,85.26635,13.452927,0.084917,0.990064,-0.038356,0.105319,-8.15707,52.789139,-2.626978,-0.05537,0.965871,0.047282,0.248581,-16.539207,6.050477,0.134791,-0.073475,0.948566,-0.105306,0.289371,7.91135,86.280563,22.4053,0.016287,0.907055,-0.196756,0.371851,10.754386,51.233685,31.186829,-0.035399,0.904652,0.020286,0.424194,2.389045,7.377055,47.588287,-0.05537,0.965871,0.047282,0.248581,-9.061173,1.690612,-12.522326,-0.035399,0.904652,0.020286,0.424194,13.662786,2.239393,38.552849
237,1.975,-0.033604,0.968546,0.022462,0.245531,-0.313078,85.773262,17.926008,-0.042371,0.984289,0.100589,0.138787,-0.898584,93.439629,18.133755,-0.037973,0.989631,0.091605,0.103912,-3.270718,114.238739,22.102222,0.05793,0.996855,0.014161,0.052186,-5.244539,134.780777,25.736057,0.108735,0.975913,-0.188451,-0.016009,-3.388606,149.257797,24.369442,-0.027296,0.928971,0.128082,0.346213,-8.653618,128.859406,24.56076,0.290837,-0.619607,0.003,-0.729035,-21.922525,129.523438,13.190005,0.08554,0.139662,-0.458445,-0.873502,-16.157898,120.465591,-9.199567,0.205309,0.257538,-0.52444,-0.785165,-1.693915,142.530823,-4.770273,-0.03138,0.990012,0.113345,0.077747,-1.390929,129.277237,26.143747,0.316327,0.862151,0.151142,-0.365772,15.850332,130.055588,28.960133,-0.040194,0.117913,0.466145,-0.875894,29.067684,119.257271,10.92498,-0.023984,-0.195135,0.661406,-0.723802,15.866564,139.541672,6.773074,0.05683,0.936792,0.220647,0.265532,-8.540832,85.266159,13.450634,0.084954,0.990097,-0.038321,0.104992,-8.153011,52.787163,-2.625607,-0.055358,0.965901,0.047325,0.248459,-16.537338,6.048831,0.135206,-0.073469,0.948574,-0.105338,0.289334,7.914676,86.280373,22.401381,0.01632,0.907034,-0.196795,0.371881,10.757006,51.233925,31.184816,-0.035817,0.904652,0.019899,0.424177,2.386885,7.378861,47.588009,-0.055358,0.965901,0.047325,0.248459,-9.062529,1.689921,-12.524144,-0.035817,0.904652,0.019899,0.424177,13.662939,2.236507,38.558125
238,1.983333,-0.033644,0.968548,0.022507,0.245511,-0.309135,85.773338,17.924955,-0.04235,0.984281,0.100634,0.138816,-0.895411,93.439629,18.133228,-0.037985,0.989618,0.091682,0.10396,-3.266987,114.23819,22.10358,0.058111,0.996843,0.014216,0.05221,-5.241803,134.779602,25.74045,0.10866,0.975912,-0.188495,-0.016088,-3.380609,149.256104,24.375742,-0.02723,0.928907,0.128274,0.346319,-8.650584,128.858322,24.563902,0.290847,-0.61964,0.002938,-0.729003,-21.917072,129.527359,13.190612,0.085122,0.139439,-0.458405,-0.873599,-16.154427,120.470955,-9.200057,0.204363,0.257174,-0.524896,-0.785227,-1.684563,142.533386,-4.769886,-0.031427,0.989994,0.113543,0.077662,-1.388058,129.276123,26.147646,0.316042,0.862162,0.151193,-0.365972,15.853567,130.055862,28.961426,-0.040675,0.11783,0.466058,-0.875929,29.072594,119.272003,10.91885,-0.024337,-0.195245,0.661165,-0.723981,15.865777,139.55722,6.780952,0.056854,0.936812,0.220683,0.265423,-8.537024,85.265694,13.449892,0.08496,0.990098,-0.038356,0.104964,-8.151907,52.788033,-2.629134,-0.055426,0.965886,0.047273,0.248512,-16.53701,6.050047,0.135197,-0.073487,0.948544,-0.105261,0.289455,7.918754,86.280983,22.400019,0.016392,0.906992,-0.196913,0.371917,10.762853,51.233559,31.178999,-0.035391,0.904599,0.02018,0.424313,2.381722,7.383156,47.589024,-0.055426,0.965886,0.047273,0.248512,-9.060213,1.690315,-12.522697,-0.035391,0.904599,0.02018,0.424313,13.657327,2.242736,38.557476
239,1.991667,-0.033612,0.968563,0.022503,0.24546,-0.307325,85.772247,17.923393,-0.042406,0.984286,0.100697,0.138716,-0.893094,93.438568,18.131752,-0.038059,0.989616,0.091814,0.103841,-3.267241,114.238716,22.105095,0.058187,0.996843,0.014134,0.052142,-5.245238,134.77887,25.747263,0.108787,0.975896,-0.1885,-0.016107,-3.381953,149.254898,24.380131,-0.027266,0.928821,0.128317,0.346529,-8.653131,128.857208,24.570114,0.290816,-0.619599,0.002872,-0.729051,-21.91445,129.526611,13.190818,0.085017,0.139351,-0.458495,-0.873577,-16.149271,120.474174,-9.200803,0.204224,0.25713,-0.525006,-0.785204,-1.681827,142.54007,-4.772492,-0.031529,0.989992,0.113588,0.077592,-1.390321,129.276062,26.152266,0.315871,0.862169,0.151397,-0.366017,15.851456,130.059494,28.96409,-0.040888,0.117716,0.465989,-0.875971,29.074198,119.286873,10.917529,-0.024526,-0.195437,0.661147,-0.723939,15.863315,139.570435,6.789161,0.056874,0.936838,0.220692,0.265322,-8.535721,85.265137,13.449201,0.08493,0.990096,-0.038369,0.104995,-8.153521,52.787926,-2.630797,-0.055444,0.965883,0.047319,0.248511,-16.536083,6.049562,0.134797,-0.073449,0.948514,-0.105221,0.289576,7.921071,86.279358,22.397583,0.016299,0.906844,-0.196973,0.372249,10.762278,51.2309,31.173397,-0.035778,0.904641,0.019879,0.424204,2.381033,7.382432,47.588543,-0.055444,0.965883,0.047319,0.248511,-9.05908,1.691249,-12.523465,-0.035778,0.904641,0.019879,0.424204,13.657159,2.239065,38.559322
240,2.0,-0.033604,0.968568,0.022539,0.245437,-0.30424,85.771545,17.920437,-0.042494,0.984281,0.100748,0.138692,-0.890026,93.437859,18.129385,-0.037955,0.989613,0.091935,0.103794,-3.268164,114.238098,22.104525,0.058328,0.996836,0.014199,0.052104,-5.242169,134.777649,25.752226,0.108777,0.975887,-0.188549,-0.016173,-3.37503,149.253372,24.387138,-0.027342,0.928809,0.128336,0.34655,-8.651227,128.856873,24.573957,0.290783,-0.619581,0.002714,-0.729079,-21.911894,129.524155,13.193789,0.08492,0.139234,-0.45856,-0.873571,-16.145601,120.478676,-9.20035,0.204085,0.257047,-0.524998,-0.785273,-1.679595,142.546158,-4.775451,-0.031649,0.98996,0.11388,0.077513,-1.388155,129.274063,26.155346,0.315621,0.862205,0.151663,-0.366039,15.853785,130.061111,28.96513,-0.041013,0.117456,0.465779,-0.876112,29.083555,119.303635,10.914701,-0.024495,-0.195641,0.660958,-0.724058,15.860331,139.581207,6.799224,0.056827,0.936885,0.220666,0.265186,-8.532849,85.26474,13.446609,0.084941,0.990112,-0.038366,0.104837,-8.150352,52.78632,-2.630943,-0.05546,0.965901,0.047293,0.248442,-16.533432,6.048107,0.135601,-0.073455,0.948543,-0.105261,0.289467,7.924369,86.278358,22.394264,0.016293,0.906767,-0.196955,0.372448,10.766166,51.230587,31.172585,-0.035293,0.904585,0.020217,0.424348,2.382497,7.381427,47.584648,-0.05546,0.965901,0.047293,0.248442,-9.058069,1.689133,-12.523399,-0.035293,0.904585,0.020217,0.424348,13.65796,2.240735,38.553089
241,2.008333,-0.033549,0.968581,0.022502,0.245394,-0.302351,85.770416,17.91865,-0.042499,0.984276,0.100814,0.138677,-0.887163,93.436806,18.127281,-0.037992,0.989608,0.091973,0.103793,-3.265875,114.236977,22.105272,0.058124,0.99685,0.01408,0.052099,-5.241564,134.776123,25.754398,0.108987,0.975881,-0.18847,-0.016074,-3.380177,149.252213,24.385536,-0.027266,0.928779,0.128549,0.346557,-8.650135,128.855148,24.575706,0.290882,-0.619517,0.002607,-0.729095,-21.910784,129.527527,13.195822,0.084972,0.139154,-0.45861,-0.873552,-16.140539,120.483803,-9.198009,0.204037,0.25698,-0.525143,-0.78521,-1.676175,142.552597,-4.778652,-0.031568,0.989962,0.113894,0.077502,-1.387105,129.272812,26.157146,0.315361,0.862235,0.151743,-0.366158,15.855069,130.057098,28.966253,-0.041377,0.117477,0.465696,-0.876136,29.088671,119.312645,10.910872,-0.024843,-0.195979,0.660003,-0.724825,15.862441,139.588455,6.802656,0.056858,0.936889,0.220634,0.265191,-8.531425,85.264412,13.445589,0.084936,0.990131,-0.038328,0.104674,-8.151579,52.785213,-2.630448,-0.055396,0.965902,0.047266,0.248456,-16.533396,6.046647,0.133951,-0.073436,0.948542,-0.105222,0.28949,7.926722,86.276421,22.39171,0.016362,0.906842,-0.197008,0.372234,10.767847,51.227848,31.167057,-0.035863,0.904595,0.019815,0.424298,2.380205,7.380885,47.582935,-0.055396,0.965902,0.047266,0.248456,-9.058369,1.686399,-12.524803,-0.035863,0.904595,0.019815,0.424298,13.658815,2.237036,38.557106
242,2.016667,-0.033498,0.968592,0.022481,0.245362,-0.301341,85.770554,17.91695,-0.04252,0.984274,0.100886,0.138633,-0.885314,93.437012,18.125469,-0.038029,0.989608,0.092012,0.103748,-3.264862,114.234055,22.105957,0.058138,0.99685,0.014064,0.052079,-5.242107,134.772781,25.756622,0.109095,0.975882,-0.188404,-0.016056,-3.380365,149.248795,24.38726,-0.027236,0.928721,0.128648,0.346677,-8.650242,128.851563,24.577829,0.290849,-0.619482,0.002483,-0.729139,-21.908041,129.526749,13.194778,0.084929,0.139139,-0.458658,-0.873533,-16.135567,120.489037,-9.200904,0.20404,0.256971,-0.52526,-0.785134,-1.672779,142.560089,-4.781335,-0.03185,0.989931,0.114117,0.077452,-1.38711,129.269806,26.158672,0.31522,0.862252,0.151739,-0.366242,15.854714,130.063385,28.96735,-0.041584,0.117313,0.465586,-0.876206,29.089664,119.325256,10.909182,-0.025003,-0.196159,0.660004,-0.72477,15.856235,139.599289,6.812024,0.056814,0.936904,0.220634,0.265148,-8.530781,85.265343,13.444464,0.085002,0.990102,-0.038362,0.104886,-8.148659,52.785801,-2.630824,-0.055429,0.965907,0.047215,0.248439,-16.537521,6.048539,0.134273,-0.073392,0.948529,-0.1052,0.289551,7.928097,86.275764,22.389437,0.016313,0.906815,-0.197036,0.372287,10.76612,51.226391,31.162592,-0.035901,0.904592,0.01978,0.424304,2.38077,7.380324,47.582035,-0.055429,0.965907,0.047215,0.248439,-9.062652,1.687078,-12.524164,-0.035901,0.904592,0.01978,0.424304,13.659735,2.236031,38.556896
243,2.025,-0.033522,0.968604,0.022542,0.245305,-0.299324,85.770264,17.914873,-0.04246,0.984273,0.100914,0.138637,-0.883864,93.436653,18.124256,-0.038055,0.989597,0.092088,0.103779,-3.261248,114.235008,22.106487,0.058356,0.996833,0.014221,0.052118,-5.240002,134.773071,25.760096,0.108975,0.975877,-0.188488,-0.016118,-3.372031,149.248749,24.395714,-0.027371,0.92866,0.128824,0.346766,-8.647694,128.851822,24.580202,0.290779,-0.619475,0.002362,-0.729173,-21.903065,129.525177,13.194224,0.08483,0.139097,-0.458731,-0.873511,-16.130117,120.494118,-9.204011,0.204035,0.256915,-0.525266,-0.78515,-1.670285,142.5672,-4.784466,-0.03182,0.989938,0.114076,0.077446,-1.38469,129.270248,26.16157,0.31501,0.862251,0.151956,-0.366336,15.857231,130.062973,28.969866,-0.041807,0.117147,0.465446,-0.876293,29.095387,119.338524,10.905925,-0.02518,-0.196308,0.659786,-0.724922,15.853757,139.609207,6.82029,0.056864,0.936904,0.220607,0.26516,-8.529258,85.264877,13.443324,0.084961,0.990132,-0.038349,0.104639,-8.150872,52.784878,-2.631114,-0.055231,0.965917,0.047387,0.248411,-16.535162,6.046882,0.135316,-0.073391,0.948544,-0.105191,0.289505,7.930611,86.275642,22.386423,0.016264,0.906712,-0.1971,0.372506,10.769166,51.22612,31.158817,-0.035771,0.904604,0.019775,0.424288,2.381838,7.382324,47.583313,-0.055231,0.965917,0.047387,0.248411,-9.062809,1.688632,-12.525703,-0.035771,0.904604,0.019775,0.424288,13.65918,2.236253,38.557159
244,2.033333,-0.033447,0.968624,0.022583,0.245231,-0.298041,85.771942,17.913549,-0.042491,0.98427,0.100957,0.138621,-0.881597,93.438377,18.123871,-0.038053,0.989592,0.092144,0.103776,-3.260236,114.234314,22.107376,0.058417,0.996828,0.01423,0.052136,-5.239108,134.771942,25.763288,0.108964,0.975885,-0.188457,-0.016095,-3.369327,149.247421,24.399292,-0.027338,0.92862,0.128901,0.346845,-8.646767,128.850815,24.582771,0.290624,-0.619445,0.00241,-0.72926,-21.900291,129.526596,13.194781,0.084728,0.139005,-0.458826,-0.873486,-16.125553,120.49897,-9.204388,0.204019,0.257015,-0.52536,-0.785058,-1.668836,142.574951,-4.787241,-0.03193,0.989912,0.114282,0.077429,-1.38375,129.269135,26.164112,0.314792,0.862279,0.152128,-0.366386,15.85802,130.065109,28.972431,-0.041988,0.116948,0.465211,-0.876435,29.101149,119.353058,10.904781,-0.025338,-0.19634,0.659803,-0.724892,15.846019,139.618347,6.830384,0.05689,0.936902,0.220566,0.265197,-8.528754,85.268074,13.443258,0.084947,0.990077,-0.038372,0.105161,-8.15235,52.786972,-2.62901,-0.055383,0.965882,0.047338,0.248525,-16.53697,6.048894,0.135261,-0.073386,0.948566,-0.105236,0.289419,7.932672,86.27581,22.383839,0.016284,0.906719,-0.197119,0.372478,10.770694,51.226925,31.158947,-0.035843,0.904625,0.019789,0.424238,2.381514,7.383883,47.584522,-0.055383,0.965882,0.047338,0.248525,-9.060216,1.690655,-12.52317,-0.035843,0.904625,0.019789,0.424238,13.658624,2.239045,38.557373
245,2.041667,-0.03354,0.968626,0.022653,0.245204,-0.292583,85.771324,17.910982,-0.042554,0.984262,0.101008,0.138616,-0.877796,93.437614,18.122013,-0.038067,0.989583,0.09223,0.103775,-3.259377,114.233063,22.1073,0.058465,0.996825,0.01424,0.05214,-5.239175,134.769989,25.766697,0.108971,0.97589,-0.188427,-0.016096,-3.368022,149.245316,24.403076,-0.027379,0.928582,0.128976,0.346916,-8.646567,128.848892,24.58519,0.290605,-0.619423,0.002225,-0.729286,-21.898287,129.524597,13.195099,0.084644,0.138967,-0.458862,-0.873481,-16.122147,120.504547,-9.206754,0.203888,0.257012,-0.525461,-0.785025,-1.666529,142.581528,-4.789464,-0.032104,0.9899,0.114418,0.077307,-1.383564,129.267288,26.166571,0.314657,0.862318,0.152085,-0.366428,15.858475,130.069412,28.971478,-0.042173,0.116786,0.465125,-0.876494,29.104284,119.362068,10.903006,-0.025352,-0.196557,0.65954,-0.725072,15.843056,139.626221,6.839197,0.056886,0.93695,0.220547,0.265043,-8.523419,85.26606,13.441083,0.08498,0.990091,-0.038381,0.105004,-8.149762,52.784336,-2.629983,-0.055506,0.965907,0.047321,0.2484,-16.537153,6.04687,0.136145,-0.073324,0.948595,-0.105276,0.289322,7.938254,86.276588,22.380882,0.016334,0.906796,-0.197149,0.372272,10.772122,51.227654,31.157156,-0.035673,0.904615,0.0198,0.424273,2.381302,7.385903,47.585342,-0.055506,0.965907,0.047321,0.2484,-9.062401,1.689001,-12.523588,-0.035673,0.904615,0.0198,0.424273,13.657451,2.239195,38.558067
246,2.05,-0.033493,0.96864,0.02257,0.245164,-0.292078,85.771599,17.909988,-0.04251,0.984261,0.101071,0.138592,-0.87627,93.437996,18.119986,-0.038117,0.989579,0.092261,0.103768,-3.256138,114.232208,22.108061,0.058444,0.996827,0.014265,0.052116,-5.238126,134.768723,25.768492,0.109032,0.975896,-0.188358,-0.016124,-3.367687,149.244217,24.40551,-0.02739,0.92857,0.129009,0.346935,-8.644889,128.847321,24.586714,0.29056,-0.619386,0.002145,-0.729336,-21.896139,129.523178,13.196078,0.084546,0.138889,-0.458963,-0.87345,-16.117687,120.507942,-9.207125,0.203807,0.256979,-0.525535,-0.785008,-1.665761,142.587936,-4.79173,-0.032171,0.989859,0.114673,0.07742,-1.381918,129.266418,26.168066,0.314484,0.86232,0.152181,-0.366532,15.859363,130.069672,28.977322,-0.04229,0.116679,0.46497,-0.876584,29.106825,119.372261,10.904181,-0.025532,-0.196727,0.659382,-0.725163,15.83762,139.631744,6.84689,0.056898,0.936966,0.22049,0.265031,-8.523345,85.266785,13.440825,0.085001,0.990141,-0.038277,0.104552,-8.151897,52.783321,-2.62679,-0.055448,0.965864,0.047325,0.248582,-16.538916,6.045422,0.13313,-0.073319,0.948607,-0.105248,0.289296,7.93919,86.276413,22.379152,0.016307,0.906736,-0.197178,0.372405,10.773527,51.226986,31.153292,-0.035688,0.904601,0.019744,0.424304,2.381627,7.386234,47.583599,-0.055448,0.965864,0.047325,0.248582,-9.060047,1.687405,-12.524131,-0.035688,0.904601,0.019744,0.424304,13.658318,2.238296,38.557693
247,2.058333,-0.033492,0.968646,0.022598,0.245139,-0.289651,85.769363,17.90893,-0.0425,0.984263,0.101112,0.13855,-0.873926,93.435753,18.119358,-0.038147,0.989583,0.09226,0.103727,-3.253484,114.229713,22.109297,0.058391,0.996832,0.014288,0.052083,-5.236574,134.766144,25.769636,0.109078,0.975907,-0.188275,-0.016123,-3.367788,149.241898,24.407183,-0.027395,0.928537,0.129113,0.346986,-8.643026,128.844498,24.588188,0.290523,-0.619348,0.002036,-0.729383,-21.893007,129.521698,13.196175,0.084455,0.138853,-0.459026,-0.873431,-16.112232,120.512115,-9.20869,0.203718,0.256936,-0.52556,-0.785028,-1.66254,142.594193,-4.793073,-0.032257,0.989864,0.114629,0.077389,-1.379966,129.264099,26.168978,0.314374,0.862339,0.152195,-0.366575,15.861278,130.070587,28.977484,-0.042443,0.116575,0.464851,-0.876654,29.110558,119.378136,10.902744,-0.025741,-0.19696,0.659054,-0.725391,15.834519,139.635086,6.852731,0.056877,0.936969,0.22053,0.26499,-8.52115,85.264679,13.440185,0.085009,0.990121,-0.038331,0.10471,-8.148144,52.782333,-2.629633,-0.055429,0.965888,0.047296,0.248496,-16.536892,6.04496,0.133941,-0.073322,0.94865,-0.105317,0.28913,7.941847,86.274048,22.377674,0.016457,0.90695,-0.197153,0.371889,10.776416,51.225708,31.15609,-0.035798,0.904615,0.019696,0.424266,2.381797,7.384473,47.583694,-0.055429,0.965888,0.047296,0.248496,-9.06045,1.685877,-12.524377,-0.035798,0.904615,0.019696,0.424266,13.658651,2.236681,38.557919
248,2.066667,-0.033431,0.968667,0.022623,0.245061,-0.287782,85.76783,17.90761,-0.042527,0.984262,0.101146,0.138524,-0.871217,93.434258,18.118696,-0.038183,0.98958,0.092289,0.103717,-3.251873,114.227119,22.1098,0.058173,0.99685,0.01417,0.052008,-5.236526,134.763214,25.771198,0.109296,0.975922,-0.188068,-0.016143,-3.37414,149.239426,24.40484,-0.027442,0.928522,0.129145,0.347009,-8.642532,128.841354,24.5895,0.290511,-0.619268,0.001862,-0.729456,-21.891869,129.517548,13.196657,0.084426,0.138882,-0.459123,-0.873379,-16.106119,120.515755,-9.210068,0.203774,0.256953,-0.525655,-0.784945,-1.661789,142.600708,-4.793274,-0.032424,0.98983,0.114905,0.077339,-1.379478,129.261444,26.170212,0.314199,0.862404,0.152002,-0.366653,15.861675,130.073105,28.977861,-0.042658,0.116507,0.464733,-0.876716,29.113611,119.384232,10.902948,-0.025811,-0.197087,0.658904,-0.72549,15.83044,139.639938,6.859858,0.056834,0.937004,0.2205,0.264901,-8.520076,85.264336,13.440186,0.085061,0.99014,-0.038286,0.104504,-8.146301,52.780682,-2.626985,-0.055433,0.965882,0.047312,0.248517,-16.5389,6.043825,0.133612,-0.073295,0.948696,-0.10533,0.288979,7.944511,86.271324,22.375034,0.016411,0.906825,-0.197173,0.372186,10.778427,51.222897,31.153324,-0.035393,0.904553,0.020027,0.424417,2.381639,7.382286,47.581509,-0.055433,0.965882,0.047312,0.248517,-9.061855,1.685251,-12.524535,-0.035393,0.904553,0.020027,0.424417,13.658735,2.237995,38.554028
249,2.075,-0.033429,0.968677,0.022565,0.245026,-0.28747,85.769279,17.907396,-0.042518,0.984258,0.101197,0.138522,-0.870649,93.435753,18.117643,-0.038161,0.989577,0.092316,0.103728,-3.251179,114.227867,22.110865,0.058406,0.996833,0.01439,0.052024,-5.235089,134.763824,25.773453,0.109159,0.975921,-0.188144,-0.016237,-3.366213,149.239838,24.413879,-0.027491,0.92849,0.129218,0.347063,-8.641306,128.842178,24.591347,0.290433,-0.619248,0.001866,-0.729504,-21.88924,129.517929,13.196861,0.084353,0.138845,-0.459207,-0.873347,-16.102266,120.518669,-9.210557,0.203792,0.256971,-0.525709,-0.784898,-1.660834,142.607147,-4.794115,-0.032455,0.98982,0.114948,0.077396,-1.378265,129.261887,26.172203,0.314047,0.862428,0.152106,-0.366683,15.862494,130.07428,28.982004,-0.042678,0.116405,0.464577,-0.876811,29.118067,119.393661,10.904887,-0.025833,-0.19725,0.658669,-0.725658,15.827046,139.644058,6.865905,0.056873,0.936977,0.220499,0.264992,-8.520082,85.265533,13.440594,0.085048,0.990112,-0.038313,0.104776,-8.147385,52.782154,-2.627154,-0.055432,0.965867,0.047346,0.24857,-16.539787,6.045279,0.13379,-0.073256,0.948723,-0.105372,0.288885,7.945142,86.273018,22.374197,0.016377,0.906955,-0.197139,0.371887,10.776285,51.224815,31.154274,-0.035888,0.904655,0.019642,0.424176,2.389105,7.382819,47.583656,-0.055432,0.965867,0.047346,0.24857,-9.061358,1.687715,-12.523879,-0.035888,0.904655,0.019642,0.424176,13.66485,2.234678,38.556698
250,2.083333,-0.033416,0.968685,0.0226,0.244996,-0.285859,85.770775,17.907248,-0.042445,0.984257,0.101147,0.138586,-0.868976,93.437233,18.118073,-0.038165,0.989565,0.092331,0.103826,-3.245919,114.225449,22.108618,0.058284,0.996835,0.01446,0.052086,-5.230414,134.761276,25.771603,0.109158,0.975948,-0.188013,-0.016167,-3.364955,149.2379,24.414011,-0.027482,0.928504,0.129378,0.346967,-8.636438,128.839691,24.588608,0.29039,-0.619227,0.001782,-0.72954,-21.886707,129.517242,13.196939,0.084196,0.138801,-0.459281,-0.87333,-16.098389,120.52269,-9.212022,0.203577,0.256953,-0.525769,-0.784919,-1.659864,142.612976,-4.794196,-0.032587,0.989799,0.114997,0.077532,-1.373702,129.259308,26.170895,0.313845,0.862457,0.152556,-0.3666,15.866025,130.075531,28.98592,-0.042592,0.116224,0.46425,-0.877012,29.13092,119.410667,10.90633,-0.025919,-0.197339,0.658536,-0.725752,15.824279,139.648697,6.871762,0.056923,0.936991,0.220446,0.264974,-8.51877,85.267395,13.440951,0.085019,0.990115,-0.038275,0.104779,-8.150872,52.782734,-2.624314,-0.055494,0.965871,0.047366,0.248534,-16.540245,6.045121,0.133299,-0.073208,0.948739,-0.105374,0.288844,7.947052,86.274155,22.373543,0.01632,0.90689,-0.197158,0.372038,10.775282,51.225471,31.15263,-0.035336,0.904631,0.020023,0.424257,2.389575,7.384011,47.584206,-0.055494,0.965871,0.047366,0.248534,-9.062101,1.688603,-12.524902,-0.035336,0.904631,0.020023,0.424257,13.662899,2.238762,38.552567
251,2.091667,-0.033437,0.968682,0.022634,0.245002,-0.2806,85.770264,17.906384,-0.042483,0.984243,0.101196,0.138639,-0.864151,93.436676,18.117636,-0.038273,0.989549,0.092369,0.103903,-3.243142,114.224091,22.109819,0.058407,0.996824,0.01442,0.052173,-5.232535,134.759277,25.773737,0.109092,0.975972,-0.187928,-0.016127,-3.36319,149.235352,24.415321,-0.027496,0.928488,0.129402,0.347,-8.637123,128.837067,24.589781,0.290428,-0.61916,0.001624,-0.729582,-21.886564,129.514587,13.197157,0.084179,0.13882,-0.45935,-0.873293,-16.094137,120.525513,-9.212939,0.203494,0.257046,-0.525785,-0.784899,-1.659837,142.617203,-4.794573,-0.032646,0.989793,0.115104,0.077432,-1.374751,129.258072,26.173357,0.313669,0.862529,0.152401,-0.366647,15.865382,130.076462,28.985241,-0.042832,0.116196,0.464174,-0.877044,29.134047,119.415543,10.906084,-0.025927,-0.197354,0.658424,-0.72585,15.822947,139.65329,6.87769,0.056946,0.937033,0.220445,0.264823,-8.513429,85.26667,13.439962,0.085043,0.990102,-0.038305,0.104878,-8.149626,52.782154,-2.625711,-0.055567,0.965859,0.047382,0.248562,-16.541763,6.045142,0.133707,-0.073234,0.948685,-0.105306,0.28904,7.952228,86.273857,22.372803,0.01639,0.9068,-0.197279,0.37219,10.781884,51.224422,31.148424,-0.035597,0.904657,0.01973,0.424192,2.383154,7.387733,47.586071,-0.055567,0.965859,0.047382,0.248562,-9.062155,1.689696,-12.523993,-0.035597,0.904657,0.01973,0.424192,13.656664,2.238201,38.55711
252,2.1,-0.033439,0.968683,0.022653,0.244992,-0.277903,85.769218,17.906071,-0.042531,0.984248,0.101199,0.138587,-0.861562,93.435616,18.117615,-0.038216,0.989558,0.092383,0.103827,-3.242391,114.222862,22.109756,0.058356,0.99683,0.014497,0.052094,-5.229202,134.758118,25.77467,0.109069,0.975987,-0.18786,-0.016183,-3.361677,149.234589,24.418272,-0.027596,0.928466,0.129472,0.347024,-8.634556,128.836273,24.591082,0.290322,-0.619147,0.001617,-0.729635,-21.883224,129.511566,13.197425,0.084041,0.138782,-0.459438,-0.873266,-16.090002,120.526192,-9.213956,0.203421,0.257092,-0.526019,-0.784747,-1.658891,142.620987,-4.794389,-0.032682,0.989787,0.115077,0.077535,-1.371882,129.256531,26.173475,0.313695,0.86247,0.152444,-0.366746,15.867609,130.075821,28.98904,-0.042817,0.116102,0.464192,-0.877048,29.131859,119.416237,10.90587,-0.02595,-0.197433,0.658363,-0.725882,15.82019,139.654953,6.881091,0.056958,0.937056,0.220424,0.264754,-8.510814,85.265671,13.439798,0.085046,0.990098,-0.038299,0.104908,-8.149479,52.780594,-2.624779,-0.055513,0.965854,0.04744,0.248582,-16.54191,6.043586,0.133749,-0.073281,0.948713,-0.105335,0.288926,7.955007,86.272766,22.372345,0.016495,0.906883,-0.197334,0.371954,10.788321,51.224274,31.150562,-0.035865,0.904713,0.019546,0.424058,2.382865,7.389969,47.591133,-0.055513,0.965854,0.04744,0.248582,-9.062268,1.68936,-12.524351,-0.035865,0.904713,0.019546,0.424058,13.655665,2.238968,38.562119
253,2.108333,-0.033447,0.968693,0.02266,0.244952,-0.276978,85.768654,17.90612,-0.042512,0.984245,0.101192,0.138615,-0.860766,93.435036,18.117758,-0.038261,0.989547,0.092424,0.103881,-3.240647,114.220772,22.109329,0.058316,0.996834,0.014454,0.052084,-5.229724,134.755569,25.775602,0.109151,0.975998,-0.18775,-0.016228,-3.36332,149.232071,24.417871,-0.02759,0.928448,0.129412,0.347095,-8.634411,128.833511,24.591164,0.290324,-0.619108,0.001555,-0.729667,-21.881374,129.508575,13.195503,0.083994,0.138823,-0.459497,-0.873233,-16.08572,120.525955,-9.216354,0.20342,0.257054,-0.525936,-0.784815,-1.65835,142.622238,-4.794294,-0.032786,0.989762,0.115252,0.077547,-1.371956,129.254288,26.174429,0.313519,0.862545,0.152313,-0.366773,15.867241,130.07663,28.990946,-0.042906,0.116162,0.464097,-0.877086,29.135984,119.421219,10.908592,-0.025913,-0.197504,0.658121,-0.726083,15.821868,139.655487,6.883228,0.056998,0.937044,0.220401,0.26481,-8.510258,85.264977,13.440535,0.085046,0.990096,-0.038288,0.104938,-8.151129,52.779495,-2.623287,-0.055559,0.965851,0.047404,0.248591,-16.543533,6.042403,0.133925,-0.073215,0.948734,-0.10541,0.288845,7.956301,86.272331,22.371706,0.016435,0.906952,-0.197218,0.371852,10.784194,51.224281,31.153431,-0.035751,0.904708,0.019708,0.424071,2.389832,7.385421,47.587524,-0.055559,0.965851,0.047404,0.248591,-9.063238,1.687547,-12.523582,-0.035751,0.904708,0.019708,0.424071,13.66238,2.237189,38.556618
254,2.116667,-0.033418,0.968698,0.022664,0.244936,-0.275132,85.767555,17.906502,-0.04251,0.984236,0.101242,0.138646,-0.858505,93.433968,18.118309,-0.038272,0.989546,0.092371,0.103935,-3.238914,114.220932,22.112228,0.058318,0.99683,0.014534,0.052133,-5.228398,134.756119,25.776144,0.109096,0.976002,-0.187767,-0.016205,-3.361886,149.232834,24.420851,-0.027613,0.928429,0.129522,0.347105,-8.632954,128.833923,24.591936,0.290463,-0.619065,0.001507,-0.729649,-21.879623,129.509659,13.195973,0.084046,0.138819,-0.459587,-0.873181,-16.081305,120.525124,-9.214431,0.203415,0.25704,-0.52605,-0.784745,-1.658085,142.624954,-4.794575,-0.03278,0.989755,0.115309,0.077554,-1.370677,129.254883,26.175976,0.31353,0.862527,0.152227,-0.366842,15.868491,130.076828,28.992771,-0.042975,0.116205,0.464089,-0.877081,29.134384,119.420204,10.909054,-0.026116,-0.197509,0.658066,-0.726125,15.819444,139.655945,6.88313,0.056923,0.937073,0.220395,0.264725,-8.508587,85.264404,13.441186,0.085146,0.990091,-0.038254,0.104915,-8.14597,52.778107,-2.620897,-0.05551,0.965835,0.047391,0.248667,-16.547329,6.042394,0.132351,-0.073214,0.948734,-0.105407,0.288846,7.958323,86.270706,22.371819,0.016472,0.906955,-0.197228,0.371836,10.786244,51.222599,31.15328,-0.035835,0.904704,0.01965,0.424076,2.388594,7.384243,47.587036,-0.05551,0.965835,0.047391,0.248667,-9.065583,1.686864,-12.524061,-0.035835,0.904704,0.01965,0.424076,13.661842,2.23557,38.557259
255,2.125,-0.033407,0.9687,0.022622,0.244933,-0.273988,85.76609,17.907833,-0.042515,0.984237,0.101225,0.138649,-0.857041,93.432549,18.119072,-0.038285,0.989543,0.092387,0.103939,-3.237571,114.219681,22.112236,0.05832,0.996826,0.014521,0.05221,-5.227668,134.754684,25.776785,0.108974,0.976027,-0.187719,-0.016065,-3.360855,149.231339,24.421259,-0.027632,0.928401,0.12959,0.347153,-8.632044,128.832428,24.592361,0.290391,-0.619042,0.001582,-0.729697,-21.87751,129.508621,13.19503,0.084023,0.138829,-0.459666,-0.873141,-16.077778,120.523941,-9.214937,0.20353,0.257102,-0.526028,-0.784709,-1.658396,142.626633,-4.794622,-0.032812,0.989749,0.115343,0.077558,-1.369794,129.253555,26.176474,0.313523,0.862526,0.152293,-0.366823,15.869276,130.076508,28.993549,-0.042885,0.116098,0.464052,-0.877119,29.13608,119.421265,10.909689,-0.025926,-0.197513,0.658087,-0.726112,15.818132,139.655746,6.885995,0.056912,0.937076,0.22039,0.264721,-8.507481,85.262939,13.442588,0.085211,0.990087,-0.038227,0.104909,-8.14426,52.776421,-2.619016,-0.055584,0.965809,0.047393,0.248753,-16.551483,6.041569,0.130999,-0.073168,0.948768,-0.105401,0.288749,7.959504,86.269234,22.373081,0.016432,0.906936,-0.197241,0.371877,10.785248,51.220547,31.152964,-0.035899,0.904715,0.019721,0.424043,2.389864,7.382545,47.588825,-0.055584,0.965809,0.047393,0.248753,-9.066781,1.686804,-12.523926,-0.035899,0.904715,0.019721,0.424043,13.66338,2.236512,38.557877
256,2.133333,-0.033399,0.96869,0.022621,0.244975,-0.272196,85.76796,17.908974,-0.042544,0.984232,0.101231,0.138669,-0.85513,93.434425,18.120192,-0.038331,0.989537,0.092421,0.103951,-3.236724,114.218948,22.112919,0.058347,0.996825,0.014491,0.0522,-5.228922,134.753555,25.778624,0.108976,0.97605,-0.187593,-0.016101,-3.361324,149.230026,24.422237,-0.027593,0.928383,0.129605,0.347197,-8.632689,128.831039,24.593739,0.290741,-0.618992,0.001281,-0.729601,-21.877163,129.508896,13.195354,0.084269,0.138902,-0.459624,-0.873127,-16.07432,120.525085,-9.214158,0.203522,0.257081,-0.525934,-0.784782,-1.654723,142.626541,-4.796587,-0.032838,0.989748,0.115354,0.077556,-1.37053,129.252762,26.178112,0.313475,0.862545,0.152207,-0.366855,15.868489,130.076584,28.995249,-0.043018,0.116209,0.46404,-0.877104,29.135614,119.421783,10.911364,-0.0261,-0.197422,0.657996,-0.726212,15.818076,139.656815,6.885905,0.05689,0.937117,0.22038,0.26459,-8.505322,85.264984,13.443029,0.085202,0.99009,-0.038216,0.104889,-8.143032,52.777939,-2.617554,-0.055548,0.965831,0.047382,0.248675,-16.549227,6.042862,0.131703,-0.073206,0.948714,-0.105343,0.288938,7.96093,86.270943,22.37492,0.016482,0.906936,-0.197269,0.37186,10.788847,51.221775,31.152195,-0.035717,0.904704,0.019802,0.424079,2.388547,7.384977,47.588757,-0.055548,0.965831,0.047382,0.248675,-9.066901,1.68741,-12.524393,-0.035717,0.904704,0.019802,0.424079,13.661271,2.238734,38.556938
257,2.141667,-0.0334,0.96869,0.022672,0.24497,-0.270804,85.768196,17.909292,-0.042522,0.984224,0.101259,0.138715,-0.853946,93.434624,18.121267,-0.038328,0.989532,0.092394,0.10402,-3.235126,114.220154,22.115398,0.058372,0.99682,0.014536,0.052261,-5.227356,134.754974,25.779837,0.108905,0.976064,-0.187566,-0.01607,-3.358877,149.231476,24.424944,-0.027689,0.928372,0.129593,0.347225,-8.631095,128.832489,24.594767,0.290675,-0.618953,0.001353,-0.729659,-21.874718,129.507217,13.19521,0.084271,0.138841,-0.459648,-0.873124,-16.069546,120.523361,-9.213678,0.203562,0.257089,-0.526028,-0.784706,-1.649837,142.626114,-4.799065,-0.032819,0.989742,0.115382,0.077588,-1.369147,129.25412,26.18012,0.313475,0.862529,0.152343,-0.366837,15.869741,130.077087,28.998306,-0.042989,0.116196,0.464021,-0.877117,29.137537,119.424889,10.913388,-0.026122,-0.197374,0.658009,-0.726213,15.819718,139.658096,6.887911,0.057004,0.937066,0.22033,0.264786,-8.503965,85.265434,13.443396,0.085159,0.990094,-0.038213,0.104888,-8.147081,52.777756,-2.616019,-0.055574,0.965851,0.047453,0.248578,-16.549196,6.041953,0.13348,-0.073254,0.948753,-0.105406,0.288776,7.962357,86.270966,22.375187,0.016589,0.907052,-0.197243,0.371588,10.793704,51.223267,31.157196,-0.035306,0.904687,0.020113,0.424135,2.389965,7.385844,47.590328,-0.055574,0.965851,0.047453,0.248578,-9.069042,1.688598,-12.524615,-0.035306,0.904687,0.020113,0.424135,13.660906,2.242469,38.554657
258,2.15,-0.033487,0.968692,0.022743,0.244942,-0.264995,85.771339,17.908981,-0.042584,0.984224,0.101224,0.138724,-0.849699,93.437622,18.12171,-0.038369,0.989522,0.092468,0.104035,-3.23288,114.219559,22.113279,0.058388,0.996819,0.014551,0.052261,-5.227174,134.753662,25.780567,0.108884,0.976077,-0.187509,-0.016092,-3.358252,149.230164,24.426126,-0.027625,0.928363,0.129626,0.347241,-8.630315,128.831039,24.594538,0.290881,-0.618887,0.001282,-0.729634,-21.873669,129.508316,13.194805,0.084496,0.138855,-0.459617,-0.873116,-16.064402,120.521675,-9.211922,0.203653,0.257108,-0.526224,-0.784544,-1.643082,142.625031,-4.80197,-0.03286,0.989743,0.11533,0.077643,-1.368458,129.253128,26.180204,0.313504,0.862521,0.152473,-0.366776,15.870044,130.077423,29.000416,-0.042917,0.116166,0.46401,-0.877131,29.139147,119.425987,10.91599,-0.026066,-0.197306,0.658107,-0.726145,15.820448,139.658569,6.890077,0.057038,0.937074,0.220261,0.26481,-8.498306,85.267296,13.443497,0.085202,0.990102,-0.038162,0.104797,-8.144708,52.77766,-2.61204,-0.055479,0.965824,0.047532,0.24869,-16.550116,6.04218,0.132914,-0.073196,0.948749,-0.105419,0.288799,7.968317,86.275383,22.374466,0.016602,0.907048,-0.197264,0.371585,10.795177,51.227272,31.156292,-0.035857,0.904768,0.019602,0.423939,2.389683,7.39066,47.590714,-0.055479,0.965824,0.047532,0.24869,-9.067924,1.69042,-12.524535,-0.035857,0.904768,0.019602,0.423939,13.660252,2.240915,38.558189
259,2.158333,-0.033519,0.968689,0.022756,0.24495,-0.26126,85.77047,17.909994,-0.042686,0.984213,0.101268,0.138734,-0.846478,93.436722,18.122791,-0.038314,0.989531,0.092398,0.104038,-3.234457,114.220222,22.115993,0.058291,0.996824,0.014596,0.052259,-5.226181,134.755066,25.78064,0.108929,0.976074,-0.187497,-0.01606,-3.360127,149.232025,24.427362,-0.027746,0.928349,0.129623,0.347269,-8.630061,128.832703,24.595373,0.290959,-0.6188,0.001302,-0.729676,-21.872499,129.506149,13.194365,0.084627,0.13881,-0.459658,-0.873089,-16.057871,120.517624,-9.210197,0.203788,0.257039,-0.526237,-0.784523,-1.63803,142.622803,-4.806026,-0.032859,0.989738,0.115359,0.077665,-1.368154,129.254074,26.180983,0.313483,0.862517,0.152444,-0.366816,15.870226,130.078156,29.001963,-0.042538,0.115842,0.463938,-0.87723,29.138533,119.427444,10.916546,-0.025442,-0.197571,0.658754,-0.725508,15.811326,139.658676,6.894799,0.057039,0.937096,0.220243,0.264746,-8.494464,85.26593,13.444373,0.085251,0.990103,-0.038145,0.104753,-8.142356,52.775742,-2.610073,-0.05563,0.965814,0.047502,0.2487,-16.552063,6.040936,0.133162,-0.073154,0.948743,-0.105467,0.28881,7.971944,86.275009,22.375614,0.016618,0.907058,-0.197232,0.371577,10.794794,51.227188,31.159874,-0.035816,0.904729,0.019718,0.424022,2.389165,7.389432,47.591148,-0.05563,0.965814,0.047502,0.2487,-9.068132,1.689593,-12.523394,-0.035816,0.904729,0.019718,0.424022,13.661425,2.242255,38.55928
260,2.166667,-0.033497,0.968695,0.022776,0.244929,-0.259215,85.769356,17.910667,-0.042661,0.984216,0.101244,0.138742,-0.844185,93.435608,18.123859,-0.038383,0.989533,0.09231,0.104067,-3.230479,114.214455,22.115261,0.058303,0.996821,0.014695,0.052277,-5.224795,134.749741,25.775936,0.108894,0.976099,-0.187389,-0.016078,-3.358479,149.226959,24.425583,-0.02764,0.928375,0.129646,0.3472,-8.627918,128.826782,24.591511,0.291144,-0.618714,0.001249,-0.729676,-21.872236,129.503616,13.192884,0.084781,0.138778,-0.459683,-0.873066,-16.052326,120.512581,-9.209304,0.203854,0.256879,-0.526229,-0.784564,-1.633483,142.619095,-4.810737,-0.032911,0.989738,0.115271,0.077775,-1.36618,129.249268,26.177601,0.3135,0.862509,0.152429,-0.366825,15.871483,130.074936,29.002476,-0.042528,0.115791,0.46398,-0.877215,29.138931,119.423439,10.916883,-0.025348,-0.197621,0.658833,-0.725426,15.812771,139.656372,6.897189,0.056986,0.937111,0.220259,0.264693,-8.492639,85.265282,13.445401,0.085288,0.990098,-0.038133,0.10477,-8.137532,52.775181,-2.60915,-0.055574,0.965816,0.047462,0.248715,-16.550688,6.040907,0.132493,-0.073154,0.948716,-0.105432,0.288911,7.97421,86.273422,22.375935,0.016622,0.907071,-0.19725,0.371535,10.796851,51.225056,31.158083,-0.035338,0.90472,0.020003,0.424067,2.390999,7.388005,47.591125,-0.055574,0.965816,0.047462,0.248715,-9.066977,1.687986,-12.523653,-0.035338,0.90472,0.020003,0.424067,13.660487,2.242141,38.555058
261,2.175,-0.033543,0.96869,0.022776,0.244942,-0.256333,85.769775,17.912012,-0.042667,0.984216,0.101226,0.138753,-0.841994,93.435982,18.125023,-0.038505,0.989522,0.092353,0.104087,-3.22824,114.21299,22.115223,0.05843,0.996811,0.014632,0.052346,-5.227851,134.747559,25.777077,0.108832,0.97612,-0.18732,-0.016014,-3.357542,149.224106,24.425217,-0.027611,0.928344,0.129663,0.347278,-8.629439,128.823822,24.592072,0.291536,-0.618601,0.001005,-0.729615,-21.871916,129.502213,13.191405,0.085128,0.138833,-0.459665,-0.873033,-16.045069,120.509598,-9.208341,0.20398,0.256825,-0.526287,-0.784509,-1.626813,142.616226,-4.816128,-0.032923,0.989735,0.115291,0.077776,-1.367902,129.248016,26.178625,0.31358,0.862509,0.152373,-0.366781,15.869721,130.07402,29.003616,-0.042565,0.115837,0.464073,-0.877158,29.136259,119.41774,10.92018,-0.025378,-0.197598,0.658896,-0.725374,15.814575,139.65419,6.899756,0.05703,0.937098,0.220246,0.264738,-8.489573,85.264877,13.4465,0.085291,0.990094,-0.038126,0.104809,-8.136924,52.774704,-2.607964,-0.055367,0.965812,0.047558,0.248755,-16.550346,6.040415,0.13258,-0.073142,0.948704,-0.105419,0.28896,7.976905,86.274673,22.377525,0.016661,0.907064,-0.197249,0.37155,10.798562,51.225983,31.158716,-0.035879,0.904732,0.019628,0.424014,2.389101,7.389018,47.59013,-0.055367,0.965812,0.047558,0.248755,-9.067566,1.68853,-12.524467,-0.035879,0.904732,0.019628,0.424014,13.661469,2.240289,38.559288
262,2.183333,-0.033527,0.968694,0.022819,0.244921,-0.254038,85.768219,17.913065,-0.042685,0.984214,0.101201,0.138779,-0.839606,93.43441,18.126783,-0.038427,0.989526,0.092307,0.10412,-3.226887,114.214417,22.116339,0.058343,0.996816,0.014744,0.052313,-5.223221,134.749588,25.776566,0.108842,0.976113,-0.187346,-0.016088,-3.355692,149.226791,24.427774,-0.027735,0.928371,0.129591,0.347222,-8.625749,128.826355,24.591818,0.291584,-0.618559,0.001018,-0.729632,-21.869343,129.499573,13.192129,0.085198,0.138718,-0.459647,-0.873054,-16.039879,120.505615,-9.206417,0.203956,0.256705,-0.526369,-0.7845,-1.619396,142.611298,-4.821138,-0.032917,0.989742,0.115169,0.077865,-1.364222,129.249435,26.17873,0.313735,0.862481,0.152461,-0.366677,15.872939,130.075226,29.006662,-0.042799,0.116178,0.464187,-0.877041,29.138479,119.413544,10.925663,-0.026021,-0.197338,0.658298,-0.725965,15.827814,139.651306,6.89735,0.057011,0.937113,0.220275,0.264665,-8.487492,85.263802,13.447886,0.085363,0.990069,-0.038141,0.10499,-8.134257,52.774422,-2.608176,-0.055636,0.965786,0.0475,0.248809,-16.555027,6.041408,0.131583,-0.073144,0.94874,-0.10545,0.28883,7.979417,86.272636,22.378242,0.016698,0.907058,-0.197238,0.371571,10.801779,51.224445,31.161213,-0.035627,0.904711,0.01986,0.424068,2.389107,7.387167,47.59016,-0.055636,0.965786,0.0475,0.248809,-9.068238,1.690185,-12.523331,-0.035627,0.904711,0.01986,0.424068,13.660955,2.241283,38.557045
263,2.191667,-0.033544,0.968692,0.022833,0.244928,-0.251348,85.769592,17.914785,-0.042883,0.98421,0.101255,0.138702,-0.837226,93.43576,18.128647,-0.038387,0.989535,0.092375,0.103992,-3.233362,114.219604,22.120369,0.058482,0.996811,0.014573,0.052305,-5.227831,134.754379,25.783848,0.108843,0.97611,-0.187369,-0.015996,-3.356086,149.230591,24.430288,-0.027862,0.928257,0.129496,0.347553,-8.630932,128.831451,24.599226,0.291639,-0.618555,0.001092,-0.729613,-21.866249,129.500977,13.189708,0.085324,0.138669,-0.459564,-0.873093,-16.036541,120.502701,-9.207037,0.204017,0.256627,-0.526349,-0.784523,-1.610702,142.607086,-4.826313,-0.0328,0.98976,0.115115,0.077765,-1.368961,129.253998,26.184252,0.313649,0.862515,0.152452,-0.366675,15.869017,130.076309,29.00824,-0.042386,0.115805,0.464039,-0.877189,29.137302,119.417618,10.927489,-0.025299,-0.197623,0.659083,-0.7252,15.814288,139.651306,6.904303,0.057086,0.937094,0.220273,0.264718,-8.484726,85.264931,13.449492,0.085366,0.990051,-0.038166,0.10514,-8.135682,52.776081,-2.607728,-0.055632,0.965787,0.047486,0.248807,-16.557457,6.043306,0.133052,-0.073094,0.948732,-0.105461,0.288863,7.98203,86.274254,22.380079,0.016672,0.907089,-0.197247,0.371492,10.800431,51.225708,31.162888,-0.035721,0.904757,0.019836,0.423964,2.391183,7.388702,47.594299,-0.055632,0.965787,0.047486,0.248807,-9.070772,1.691638,-12.521773,-0.035721,0.904757,0.019836,0.423964,13.661793,2.243305,38.559353
264,2.2,-0.033605,0.96869,0.022836,0.244927,-0.248016,85.769241,17.917107,-0.042848,0.98421,0.101227,0.138739,-0.834815,93.435341,18.130783,-0.03854,0.98952,0.092396,0.104059,-3.229433,114.219078,22.121357,0.058548,0.996805,0.014466,0.052375,-5.230595,134.753204,25.78487,0.108824,0.976129,-0.187283,-0.015955,-3.356559,149.228836,24.428425,-0.027805,0.928218,0.129486,0.347667,-8.631742,128.829269,24.599596,0.291726,-0.618485,0.00118,-0.729638,-21.864401,129.501099,13.187138,0.08547,0.138582,-0.459538,-0.873106,-16.030416,120.497986,-9.206545,0.204099,0.25646,-0.526333,-0.784567,-1.601796,142.602463,-4.833189,-0.032772,0.989767,0.115065,0.077769,-1.370156,129.253967,26.185799,0.313755,0.862523,0.152484,-0.366552,15.867865,130.075424,29.009741,-0.042721,0.116153,0.464214,-0.877034,29.137321,119.41172,10.932817,-0.025805,-0.19736,0.65845,-0.725829,15.827899,139.649445,6.904018,0.05713,0.937101,0.22025,0.264703,-8.481322,85.263481,13.451812,0.085351,0.990078,-0.038132,0.104918,-8.13602,52.774284,-2.604781,-0.055717,0.965795,0.047588,0.24874,-16.555395,6.041005,0.134806,-0.073124,0.948681,-0.105435,0.289036,7.985291,86.275002,22.382402,0.01676,0.907097,-0.197267,0.371457,10.804662,51.226364,31.164534,-0.035618,0.904735,0.019898,0.424018,2.387692,7.390374,47.594715,-0.055717,0.965795,0.047588,0.24874,-9.069482,1.692842,-12.521675,-0.035618,0.904735,0.019898,0.424018,13.658583,2.245323,38.559929
265,2.208333,-0.033555,0.968703,0.022839,0.244883,-0.247945,85.770851,17.919844,-0.04286,0.984205,0.101217,0.138779,-0.833995,93.437004,18.13378,-0.038526,0.989517,0.092356,0.104125,-3.228961,114.218559,22.12336,0.058546,0.996802,0.014453,0.052439,-5.22962,134.753036,25.785149,0.10878,0.976137,-0.187273,-0.0159,-3.355429,149.228638,24.428471,-0.027802,0.928216,0.129438,0.34769,-8.630898,128.829178,24.59984,0.291902,-0.618434,0.001169,-0.72961,-21.862989,129.500626,13.186693,0.085655,0.138516,-0.459513,-0.873112,-16.025864,120.493256,-9.204464,0.204146,0.256353,-0.52634,-0.784585,-1.595384,142.597214,-4.83872,-0.03277,0.989765,0.11505,0.077811,-1.369501,129.253632,26.186981,0.313813,0.862516,0.152453,-0.366532,15.868294,130.07489,29.012377,-0.042734,0.116225,0.464228,-0.877016,29.136694,119.408104,10.936482,-0.025964,-0.197311,0.658469,-0.725818,15.828365,139.64682,6.904916,0.057116,0.937079,0.22022,0.26481,-8.481725,85.265999,13.455312,0.085385,0.990091,-0.038047,0.104792,-8.134227,52.77573,-2.59907,-0.055739,0.965792,0.047595,0.248745,-16.555616,6.042394,0.133305,-0.073111,0.948703,-0.10542,0.288972,7.985833,86.275703,22.384377,0.016728,0.907099,-0.197263,0.371456,10.805244,51.226692,31.165007,-0.035307,0.904734,0.020186,0.424031,2.391244,7.390451,47.596043,-0.055739,0.965792,0.047595,0.248745,-9.069337,1.694625,-12.5231,-0.035307,0.904734,0.020186,0.424031,13.660437,2.248914,38.557137
266,2.216667,-0.033586,0.9687,0.022788,0.244895,-0.246705,85.768906,17.922928,-0.042836,0.984205,0.101184,0.138808,-0.833041,93.435059,18.135973,-0.038575,0.989514,0.092315,0.104169,-3.227003,114.217529,22.124382,0.05853,0.9968,0.014468,0.052494,-5.229655,134.752167,25.784184,0.108758,0.976141,-0.187269,-0.015843,-3.355781,149.227859,24.428017,-0.027843,0.928213,0.129403,0.347708,-8.630342,128.827942,24.599054,0.291838,-0.618384,0.001348,-0.729678,-21.861923,129.497711,13.185224,0.085782,0.138441,-0.459499,-0.873119,-16.021761,120.486519,-9.203598,0.204413,0.256277,-0.526282,-0.78458,-1.588947,142.591461,-4.844215,-0.032746,0.989769,0.114974,0.077889,-1.369139,129.253098,26.186878,0.313878,0.862522,0.152506,-0.366439,15.868285,130.073456,29.014772,-0.042654,0.116264,0.464205,-0.877028,29.137987,119.404015,10.941407,-0.025989,-0.197208,0.658471,-0.725844,15.829365,139.641113,6.906337,0.057075,0.937114,0.220249,0.264669,-8.480327,85.263237,13.458199,0.085379,0.990066,-0.03806,0.10503,-8.131873,52.773552,-2.597341,-0.055609,0.965783,0.047662,0.248796,-16.553467,6.040206,0.134213,-0.073113,0.948674,-0.105389,0.289078,7.986915,86.274567,22.387657,0.016741,0.907075,-0.197258,0.371515,10.806177,51.225109,31.166544,-0.035381,0.904729,0.020173,0.424037,2.390136,7.388729,47.596169,-0.055609,0.965783,0.047662,0.248796,-9.067106,1.693303,-12.522438,-0.035381,0.904729,0.020173,0.424037,13.660124,2.247804,38.557903
267,2.225,-0.033587,0.968703,0.022758,0.244885,-0.243652,85.768188,17.92462,-0.042928,0.984204,0.101163,0.138799,-0.829888,93.434357,18.137224,-0.038458,0.989527,0.092257,0.104143,-3.227498,114.216553,22.124195,0.058482,0.996803,0.014515,0.052464,-5.22496,134.752029,25.782171,0.108751,0.976142,-0.187266,-0.015851,-3.352635,149.228027,24.427256,-0.027916,0.928227,0.129401,0.347665,-8.627155,128.828506,24.597855,0.29192,-0.618367,0.001414,-0.729659,-21.859644,129.495651,13.184926,0.085987,0.138369,-0.459469,-0.873126,-16.018448,120.47982,-9.201755,0.204667,0.256151,-0.526161,-0.784636,-1.583047,142.584702,-4.850556,-0.032733,0.989762,0.114922,0.07805,-1.365735,129.252075,26.185116,0.314037,0.862471,0.152426,-0.366457,15.870839,130.071457,29.018471,-0.042547,0.116309,0.464303,-0.876975,29.134953,119.394699,10.945338,-0.025969,-0.19715,0.658411,-0.725915,15.830834,139.635086,6.906197,0.056991,0.937139,0.220301,0.264556,-8.477369,85.262367,13.460086,0.085491,0.990084,-0.038044,0.104771,-8.12412,52.773643,-2.597295,-0.055707,0.965784,0.047563,0.24879,-16.555304,6.042004,0.133859,-0.073087,0.948697,-0.105386,0.28901,7.990064,86.27401,22.389154,0.016788,0.907075,-0.19724,0.371524,10.808256,51.224232,31.167114,-0.035807,0.904723,0.0199,0.424027,2.388602,7.38731,47.593449,-0.055707,0.965784,0.047563,0.24879,-9.068213,1.693107,-12.521674,-0.035807,0.904723,0.0199,0.424027,13.661578,2.24474,38.559849
268,2.233333,-0.033634,0.968703,0.022768,0.244876,-0.241528,85.766899,17.926453,-0.042945,0.984196,0.10117,0.138851,-0.828489,93.433014,18.139038,-0.038531,0.989519,0.09222,0.104224,-3.227048,114.214752,22.126011,0.058521,0.996798,0.014471,0.052543,-5.227707,134.750275,25.781969,0.108742,0.976148,-0.187245,-0.015801,-3.353931,149.225983,24.425982,-0.02788,0.928192,0.129345,0.347781,-8.628957,128.826233,24.597519,0.292049,-0.618312,0.001472,-0.729655,-21.858683,129.494446,13.181446,0.086181,0.138372,-0.459464,-0.873109,-16.014099,120.473358,-9.202239,0.204871,0.256075,-0.526133,-0.784626,-1.578121,142.57959,-4.855671,-0.03266,0.989771,0.114803,0.078147,-1.367874,129.250839,26.186052,0.313998,0.862529,0.152218,-0.36644,15.868339,130.067627,29.022366,-0.042514,0.116439,0.464319,-0.87695,29.134291,119.387756,10.95241,-0.02581,-0.197093,0.658424,-0.725924,15.832561,139.628021,6.907161,0.057032,0.937141,0.220278,0.264558,-8.475268,85.260277,13.462053,0.085478,0.990072,-0.038015,0.104909,-8.125201,52.771152,-2.594581,-0.055717,0.965774,0.047642,0.248809,-16.55534,6.039098,0.132798,-0.073041,0.948722,-0.105413,0.288929,7.992212,86.273521,22.390852,0.016797,0.907096,-0.197183,0.371502,10.807377,51.223671,31.169483,-0.035341,0.904676,0.02023,0.42415,2.389328,7.384652,47.591026,-0.055717,0.965774,0.047642,0.248809,-9.067572,1.692548,-12.523145,-0.035341,0.904676,0.02023,0.42415,13.661383,2.244767,38.554745
269,2.241667,-0.03365,0.9687,0.022815,0.244884,-0.237976,85.767319,17.927603,-0.042936,0.984194,0.10112,0.138903,-0.825354,93.433388,18.140816,-0.038621,0.989505,0.092249,0.104296,-3.223233,114.213646,22.125273,0.058608,0.99679,0.014455,0.0526,-5.227977,134.748657,25.781891,0.108718,0.976152,-0.187239,-0.015802,-3.351488,149.223999,24.425697,-0.027937,0.928184,0.129347,0.347799,-8.628026,128.824081,24.596617,0.292129,-0.618261,0.001491,-0.729665,-21.85722,129.490555,13.17983,0.086237,0.138304,-0.459466,-0.873113,-16.009525,120.467056,-9.202063,0.204805,0.255989,-0.526145,-0.784663,-1.572981,142.57309,-4.860152,-0.032709,0.989764,0.114806,0.078212,-1.36727,129.249847,26.186327,0.314102,0.862533,0.152208,-0.366345,15.868473,130.068069,29.025068,-0.042348,0.116467,0.46433,-0.876949,29.134632,119.382751,10.958488,-0.025648,-0.196965,0.658388,-0.725998,15.834196,139.621841,6.908405,0.057066,0.937139,0.220299,0.264542,-8.471613,85.26062,13.463023,0.085554,0.990043,-0.038044,0.105114,-8.123706,52.772457,-2.595606,-0.055575,0.965745,0.047621,0.248957,-16.561764,6.041842,0.131955,-0.07306,0.948685,-0.105411,0.289045,7.995661,86.27401,22.392181,0.016807,0.907059,-0.197183,0.371591,10.811085,51.224319,31.171375,-0.035468,0.904691,0.020232,0.424107,2.390559,7.385337,47.591759,-0.055575,0.965745,0.047621,0.248957,-9.071639,1.693695,-12.522036,-0.035468,0.904691,0.020232,0.424107,13.663033,2.24709,38.555073
270,2.25,-0.033702,0.968692,0.022811,0.244906,-0.233787,85.766006,17.928583,-0.043,0.984188,0.101133,0.138913,-0.821936,93.432022,18.141531,-0.038522,0.989517,0.092167,0.104295,-3.223064,114.215782,22.126827,0.058498,0.996795,0.014467,0.052616,-5.223398,134.751724,25.78054,0.108724,0.976149,-0.187258,-0.015725,-3.350053,149.227493,24.424559,-0.028016,0.9282,0.129316,0.347761,-8.624722,128.827713,24.596176,0.292238,-0.618265,0.001539,-0.729619,-21.854677,129.491043,13.180086,0.086397,0.138233,-0.459467,-0.873108,-16.007202,120.462418,-9.1998,0.204915,0.256002,-0.526179,-0.784607,-1.569866,142.568817,-4.865254,-0.032628,0.989772,0.114679,0.078334,-1.363848,129.252167,26.185698,0.314184,0.862512,0.152294,-0.366289,15.871411,130.067459,29.028214,-0.04223,0.116512,0.464282,-0.876974,29.137028,119.380066,10.96246,-0.025704,-0.196747,0.658422,-0.726024,15.834901,139.617157,6.907502,0.057197,0.937131,0.220275,0.264562,-8.467161,85.258362,13.463624,0.085456,0.99005,-0.038073,0.105117,-8.128283,52.770496,-2.595802,-0.055856,0.96577,0.047715,0.248782,-16.557486,6.038508,0.135491,-0.073076,0.948677,-0.105389,0.289077,7.999586,86.273651,22.393541,0.016895,0.907113,-0.197257,0.371416,10.816316,51.223816,31.171698,-0.03569,0.904747,0.019996,0.423981,2.388812,7.387888,47.596657,-0.055856,0.96577,0.047715,0.248782,-9.068944,1.69513,-12.521079,-0.03569,0.904747,0.019996,0.423981,13.660076,2.246265,38.560383
271,2.258333,-0.033735,0.968694,0.022859,0.244891,-0.22724,85.767273,17.930437,-0.043111,0.984177,0.101114,0.138975,-0.816055,93.433228,18.143976,-0.038507,0.989512,0.092137,0.104372,-3.222047,114.217361,22.12776,0.058512,0.996791,0.014466,0.052677,-5.221891,134.753601,25.780132,0.108712,0.976145,-0.187289,-0.015692,-3.347929,149.229294,24.424255,-0.028097,0.928206,0.129234,0.347769,-8.623338,128.829712,24.595543,0.292204,-0.618248,0.001675,-0.729646,-21.85294,129.489456,13.178837,0.086428,0.138151,-0.459465,-0.873119,-16.004469,120.457169,-9.199302,0.204949,0.255965,-0.526215,-0.784586,-1.565585,142.56395,-4.869192,-0.032592,0.98977,0.114644,0.078417,-1.362684,129.25386,26.186157,0.314203,0.862557,0.152228,-0.366195,15.872204,130.067657,29.031363,-0.042091,0.116562,0.46424,-0.876997,29.14068,119.376877,10.969718,-0.025509,-0.196669,0.658274,-0.726186,15.838106,139.610596,6.909542,0.057262,0.937161,0.220211,0.264494,-8.460711,85.259232,13.465704,0.085438,0.990044,-0.038032,0.105195,-8.128669,52.769871,-2.590834,-0.055794,0.96577,0.047765,0.248786,-16.555973,6.037289,0.136129,-0.072966,0.94869,-0.105445,0.289041,8.006231,86.275314,22.395172,0.016874,0.907098,-0.197201,0.371484,10.814581,51.225155,31.174751,-0.035408,0.904716,0.020237,0.424059,2.38966,7.387048,47.595207,-0.055794,0.96577,0.047765,0.248786,-9.067891,1.694839,-12.52103,-0.035408,0.904716,0.020237,0.424059,13.660611,2.248122,38.557011
272,2.266667,-0.033754,0.968694,0.022851,0.244888,-0.22408,85.766342,17.931309,-0.043134,0.984177,0.101087,0.138983,-0.813149,93.432281,18.144663,-0.038582,0.989508,0.092132,0.104388,-3.219865,114.215637,22.127012,0.058554,0.996789,0.014353,0.052707,-5.222876,134.751663,25.778803,0.108774,0.976147,-0.187243,-0.015654,-3.347451,149.226883,24.419775,-0.028124,0.928192,0.129201,0.347816,-8.623402,128.827255,24.594194,0.292382,-0.618203,0.001569,-0.729613,-21.851795,129.485947,13.176028,0.086609,0.138173,-0.459478,-0.87309,-16.00054,120.45269,-9.200997,0.205101,0.255916,-0.526206,-0.784569,-1.562525,142.560959,-4.874504,-0.032669,0.98978,0.11449,0.078486,-1.362887,129.252502,26.185141,0.314363,0.86257,0.152038,-0.366105,15.871445,130.069122,29.032892,-0.041971,0.11673,0.46432,-0.876938,29.138195,119.367149,10.976612,-0.02555,-0.196644,0.658254,-0.72621,15.840637,139.603394,6.906834,0.057309,0.937166,0.220204,0.264472,-8.457557,85.257927,13.466633,0.085401,0.990045,-0.038032,0.105217,-8.129226,52.768726,-2.590313,-0.055826,0.965766,0.047807,0.248786,-16.553148,6.035537,0.136816,-0.07296,0.948651,-0.105376,0.289194,8.009398,86.274765,22.395987,0.016902,0.907073,-0.197231,0.371528,10.817376,51.22348,31.171206,-0.035777,0.904697,0.019964,0.424081,2.388159,7.386595,47.592716,-0.055826,0.965766,0.047807,0.248786,-9.064708,1.694522,-12.52062,-0.035777,0.904697,0.019964,0.424081,13.662155,2.245326,38.559658
273,2.275,-0.033751,0.968686,0.022834,0.244922,-0.222366,85.765373,17.933388,-0.043149,0.98417,0.10111,0.13901,-0.811332,93.43132,18.146484,-0.038562,0.989516,0.09202,0.104417,-3.219143,114.216232,22.129961,0.058472,0.996792,0.014359,0.052727,-5.220959,134.753189,25.77718,0.108818,0.976136,-0.18728,-0.015618,-3.347855,149.228714,24.41823,-0.028181,0.928204,0.129114,0.347811,-8.621821,128.828735,24.593645,0.292428,-0.618186,0.001677,-0.729609,-21.850237,129.484482,13.17534,0.0867,0.138096,-0.459475,-0.873095,-15.997936,120.446159,-9.199365,0.205189,0.255809,-0.526285,-0.784527,-1.557602,142.556305,-4.878372,-0.032584,0.989789,0.114385,0.078563,-1.361375,129.253845,26.184944,0.314431,0.862575,0.151932,-0.36608,15.872732,130.06749,29.034906,-0.041838,0.11677,0.464349,-0.876923,29.138262,119.360397,10.98076,-0.025415,-0.19659,0.658431,-0.726068,15.842184,139.597382,6.90626,0.057326,0.937156,0.220146,0.264554,-8.455534,85.25695,13.468141,0.085411,0.990022,-0.038004,0.105433,-8.128136,52.766037,-2.585359,-0.055943,0.965781,0.047779,0.248706,-16.553326,6.032822,0.137224,-0.072915,0.948691,-0.10537,0.289077,8.010801,86.273796,22.398636,0.016859,0.906992,-0.197201,0.371744,10.81693,51.221966,31.172245,-0.03597,0.904698,0.019871,0.424067,2.388598,7.383809,47.590809,-0.055943,0.965781,0.047779,0.248706,-9.065822,1.691906,-12.520799,-0.03597,0.904698,0.019871,0.424067,13.6639,2.242604,38.559338
274,2.283333,-0.033712,0.9687,0.022783,0.244877,-0.22144,85.764603,17.936245,-0.043141,0.984177,0.101056,0.139005,-0.809623,93.430626,18.148748,-0.038611,0.989517,0.091976,0.104429,-3.216751,114.216042,22.130087,0.058546,0.996784,0.014318,0.052816,-5.22045,134.753174,25.775259,0.108765,0.976132,-0.18734,-0.015495,-3.344852,149.228302,24.415436,-0.028249,0.928208,0.129092,0.347803,-8.620765,128.828339,24.592173,0.292513,-0.61815,0.001663,-0.729605,-21.849234,129.481552,13.173782,0.086791,0.138039,-0.459473,-0.873096,-15.994719,120.441643,-9.199701,0.205223,0.255708,-0.526283,-0.784553,-1.553689,142.551727,-4.883636,-0.032539,0.989797,0.114286,0.078624,-1.360412,129.254196,26.183691,0.314483,0.862624,0.152083,-0.365857,15.873454,130.06636,29.035524,-0.041634,0.116821,0.46423,-0.876989,29.145489,119.357346,10.987303,-0.025376,-0.196443,0.658505,-0.726042,15.844509,139.589798,6.905303,0.057248,0.937178,0.22014,0.264497,-8.455069,85.256622,13.471797,0.085467,0.99003,-0.03794,0.105343,-8.123471,52.764893,-2.579951,-0.055876,0.965781,0.047783,0.248721,-16.55304,6.032118,0.136761,-0.072899,0.948653,-0.105283,0.289238,8.012188,86.272575,22.400692,0.01686,0.907009,-0.197236,0.371684,10.817616,51.219231,31.168484,-0.035848,0.9047,0.019946,0.424069,2.388967,7.382414,47.590469,-0.055876,0.965781,0.047783,0.248721,-9.065812,1.690779,-12.521282,-0.035848,0.9047,0.019946,0.424069,13.663363,2.241569,38.557663
275,2.291667,-0.033733,0.968706,0.022769,0.244851,-0.219107,85.766052,17.938154,-0.043143,0.984175,0.101038,0.13903,-0.807545,93.432068,18.150389,-0.038614,0.989513,0.091971,0.104472,-3.214611,114.216492,22.130678,0.058554,0.996785,0.014286,0.052792,-5.218556,134.753662,25.775551,0.108803,0.976127,-0.187336,-0.015584,-3.342772,149.228653,24.414747,-0.028283,0.928129,0.129105,0.348007,-8.61879,128.828812,24.592211,0.292412,-0.618174,0.001943,-0.729624,-21.842239,129.482086,13.168001,0.086738,0.137961,-0.459543,-0.873077,-15.989296,120.434761,-9.202901,0.205331,0.255627,-0.52634,-0.784512,-1.549375,142.548721,-4.889297,-0.03251,0.989802,0.114234,0.078648,-1.35857,129.254669,26.184351,0.314543,0.862599,0.152137,-0.365842,15.875241,130.065872,29.036825,-0.040914,0.116337,0.464073,-0.877171,29.145939,119.355537,10.988395,-0.024448,-0.196725,0.659406,-0.72518,15.830556,139.582764,6.909009,0.057369,0.937151,0.220073,0.264623,-8.45295,85.257614,13.474149,0.085389,0.990021,-0.037904,0.1055,-8.128709,52.764748,-2.575466,-0.055925,0.965773,0.047839,0.248729,-16.551041,6.03044,0.137387,-0.072882,0.948632,-0.10525,0.289323,8.014735,86.27449,22.402161,0.016858,0.90699,-0.197244,0.371727,10.81892,51.220478,31.167665,-0.035992,0.904704,0.019783,0.424056,2.389458,7.383922,47.589951,-0.055925,0.965773,0.047839,0.248729,-9.063043,1.691083,-12.520884,-0.035992,0.904704,0.019783,0.424056,13.664407,2.24068,38.559196
276,2.3,-0.033677,0.968713,0.022769,0.244831,-0.217352,85.764984,17.939638,-0.043179,0.984179,0.100977,0.139037,-0.804942,93.431053,18.152098,-0.038612,0.989515,0.091943,0.104481,-3.213437,114.217636,22.129961,0.058539,0.996783,0.014189,0.052877,-5.217217,134.75502,25.773657,0.108814,0.976112,-0.187421,-0.015417,-3.341481,149.229782,24.410198,-0.028363,0.928146,0.128991,0.347998,-8.617494,128.830154,24.590578,0.292562,-0.618143,0.001855,-0.729591,-21.840984,129.479416,13.166198,0.086856,0.137906,-0.459546,-0.873072,-15.986116,120.431175,-9.203824,0.205301,0.25561,-0.526349,-0.78452,-1.545659,142.545654,-4.895733,-0.032496,0.989803,0.114166,0.078739,-1.357303,129.256027,26.182833,0.314582,0.862622,0.151948,-0.365833,15.876033,130.066559,29.038328,-0.040936,0.116432,0.464129,-0.877127,29.145824,119.350731,10.992511,-0.024391,-0.196591,0.659475,-0.725155,15.834085,139.579712,6.909891,0.057376,0.937162,0.22004,0.26461,-8.451444,85.257561,13.47598,0.085424,0.990042,-0.037843,0.105299,-8.128602,52.763676,-2.571604,-0.055944,0.965745,0.047869,0.248829,-16.553095,6.029508,0.136861,-0.072907,0.948636,-0.105257,0.289301,8.01674,86.2724,22.403296,0.016896,0.907011,-0.197264,0.371663,10.822719,51.218754,31.169701,-0.035811,0.904715,0.019985,0.42404,2.390446,7.383087,47.592896,-0.055944,0.965745,0.047869,0.248829,-9.062302,1.691296,-12.520146,-0.035811,0.904715,0.019985,0.42404,13.664046,2.242782,38.558788
277,2.308333,-0.033721,0.96871,0.02267,0.244847,-0.217967,85.768112,17.944477,-0.043125,0.984181,0.100926,0.139076,-0.805847,93.434212,18.155287,-0.038623,0.989511,0.091922,0.104534,-3.211658,114.218964,22.130785,0.058619,0.996776,0.014116,0.052929,-5.21598,134.756485,25.773453,0.108746,0.976116,-0.187442,-0.015403,-3.33764,149.230713,24.408089,-0.028409,0.928127,0.128968,0.348053,-8.616088,128.831543,24.590237,0.292599,-0.618149,0.001874,-0.729571,-21.838167,129.479279,13.164127,0.086914,0.13784,-0.459533,-0.873084,-15.983634,120.429108,-9.205212,0.205364,0.255494,-0.526443,-0.784479,-1.541871,142.542831,-4.901594,-0.032501,0.989811,0.114083,0.078758,-1.35607,129.257523,26.183266,0.314654,0.862629,0.152118,-0.365684,15.877157,130.06842,29.039366,-0.040771,0.116434,0.464072,-0.877165,29.15012,119.351318,10.996623,-0.024356,-0.19648,0.659536,-0.725131,15.836435,139.576828,6.909985,0.057332,0.937196,0.220056,0.264483,-8.451863,85.259438,13.480597,0.085419,0.990024,-0.037844,0.105467,-8.127892,52.765728,-2.567308,-0.0561,0.965763,0.047798,0.248736,-16.552349,6.031475,0.139827,-0.072893,0.948634,-0.105169,0.289344,8.01593,86.276779,22.408358,0.016861,0.906953,-0.197267,0.371803,10.822405,51.221634,31.168589,-0.035851,0.904697,0.019898,0.424079,2.390527,7.385957,47.591961,-0.0561,0.965763,0.047798,0.248736,-9.062478,1.692426,-12.517439,-0.035851,0.904697,0.019898,0.424079,13.664964,2.243924,38.559879
278,2.316667,-0.033682,0.968726,0.022663,0.244788,-0.214951,85.768051,17.946228,-0.043121,0.984184,0.100877,0.13909,-0.802212,93.434189,18.157118,-0.038667,0.989508,0.091889,0.104575,-3.207595,114.219048,22.130533,0.058529,0.996786,0.014062,0.052858,-5.213771,134.756668,25.77157,0.108917,0.976102,-0.187405,-0.015536,-3.338212,149.231094,24.404356,-0.0284,0.928145,0.128915,0.348024,-8.613331,128.831406,24.588459,0.292752,-0.618144,0.001841,-0.729514,-21.836138,129.478638,13.163169,0.087053,0.13776,-0.459549,-0.873074,-15.981314,120.425034,-9.204693,0.205433,0.255397,-0.526507,-0.784449,-1.539129,142.539993,-4.908373,-0.032543,0.989812,0.114034,0.078806,-1.353493,129.258026,26.182127,0.314739,0.862617,0.151885,-0.365735,15.879367,130.070313,29.040007,-0.040718,0.116436,0.464151,-0.877125,29.14782,119.345901,10.998297,-0.024227,-0.196468,0.659694,-0.724995,15.837218,139.574402,6.910624,0.057334,0.937208,0.220007,0.264483,-8.449438,85.260025,13.48337,0.085427,0.990053,-0.037756,0.105228,-8.126548,52.764748,-2.561388,-0.05594,0.965754,0.047919,0.248783,-16.550251,6.029996,0.139441,-0.072819,0.948602,-0.105151,0.289474,8.019537,86.276077,22.409088,0.016762,0.906867,-0.197255,0.372023,10.820118,51.219887,31.167036,-0.035347,0.904648,0.020332,0.424205,2.393147,7.383439,47.590866,-0.05594,0.965754,0.047919,0.248783,-9.060626,1.693091,-12.518703,-0.035347,0.904648,0.020332,0.424205,13.666752,2.246315,38.554962
279,2.325,-0.033687,0.968721,0.022569,0.244819,-0.212559,85.767159,17.950504,-0.043171,0.984186,0.100819,0.139104,-0.799552,93.433365,18.159966,-0.038631,0.989515,0.091821,0.104577,-3.206839,114.219376,22.130789,0.058534,0.996786,0.01404,0.05286,-5.211254,134.757645,25.769192,0.108945,0.976089,-0.187456,-0.015535,-3.3355,149.231979,24.401358,-0.028416,0.928146,0.128828,0.348053,-8.611323,128.832504,24.586836,0.292751,-0.618096,0.002045,-0.729555,-21.833397,129.478317,13.160604,0.087073,0.137609,-0.459657,-0.873039,-15.975627,120.418045,-9.203804,0.205445,0.255359,-0.526564,-0.78442,-1.536793,142.536194,-4.915913,-0.032447,0.989832,0.113847,0.078858,-1.351448,129.258713,26.180462,0.314734,0.862629,0.151777,-0.365756,15.881352,130.067978,29.039604,-0.040753,0.116474,0.464181,-0.877103,29.149208,119.341827,10.998479,-0.024208,-0.196475,0.659671,-0.725014,15.840546,139.571243,6.910187,0.057404,0.937181,0.220021,0.264551,-8.446756,85.258629,13.487162,0.085414,0.990037,-0.03775,0.105385,-8.127168,52.764397,-2.559786,-0.055976,0.965753,0.047906,0.248783,-16.550037,6.0294,0.139306,-0.072838,0.948617,-0.105116,0.289431,8.021639,86.275696,22.413849,0.016839,0.906886,-0.197239,0.371982,10.824683,51.219166,31.169659,-0.035651,0.904664,0.020096,0.424156,2.392352,7.38239,47.589863,-0.055976,0.965753,0.047906,0.248783,-9.060082,1.692425,-12.518626,-0.035651,0.904664,0.020096,0.424156,13.667115,2.243004,38.556679
280,2.333333,-0.033623,0.968726,0.022557,0.244805,-0.214038,85.764915,17.951683,-0.043121,0.984187,0.100793,0.139127,-0.800026,93.43119,18.161217,-0.03857,0.989522,0.091731,0.104612,-3.205334,114.219269,22.131516,0.058505,0.996786,0.01405,0.05289,-5.206961,134.758423,25.766417,0.108955,0.976072,-0.187544,-0.015506,-3.331973,149.232895,24.398893,-0.028475,0.928181,0.128743,0.347986,-8.607824,128.833603,24.584812,0.29277,-0.618078,0.002135,-0.729562,-21.8314,129.47612,13.160149,0.08713,0.137471,-0.459723,-0.873021,-15.972558,120.412277,-9.202525,0.205572,0.255193,-0.526591,-0.784423,-1.534738,142.533051,-4.922884,-0.032438,0.98984,0.113756,0.078898,-1.347993,129.259003,26.178837,0.314846,0.862597,0.151719,-0.365759,15.884595,130.068069,29.039265,-0.040745,0.116487,0.464215,-0.877083,29.148792,119.336555,10.998646,-0.024315,-0.19638,0.659731,-0.724982,15.840936,139.568405,6.909473,0.057336,0.937226,0.220041,0.264391,-8.448437,85.257484,13.48859,0.085412,0.99005,-0.037715,0.105278,-8.126568,52.763321,-2.558439,-0.055941,0.965758,0.047929,0.248767,-16.548569,6.028018,0.138221,-0.072845,0.94861,-0.105028,0.289486,8.020359,86.272346,22.414776,0.016839,0.906783,-0.197285,0.37221,10.825311,51.214554,31.164915,-0.035396,0.904594,0.02031,0.424316,2.387267,7.379478,47.586727,-0.055941,0.965758,0.047929,0.248767,-9.059345,1.691405,-12.520263,-0.035396,0.904594,0.02031,0.424316,13.663491,2.242488,38.554008
281,2.341667,-0.033647,0.968735,0.022544,0.244768,-0.209085,85.763168,17.95327,-0.043168,0.984191,0.100761,0.139111,-0.79538,93.429428,18.162527,-0.038577,0.989534,0.091605,0.104606,-3.202349,114.21685,22.131126,0.058513,0.996786,0.01408,0.052873,-5.203691,134.756958,25.76083,0.108964,0.976063,-0.18758,-0.015549,-3.328574,149.231491,24.39415,-0.028442,0.928201,0.128726,0.347942,-8.604637,128.831879,24.580744,0.292825,-0.6181,0.002163,-0.729521,-21.829338,129.475021,13.157421,0.087178,0.13739,-0.459726,-0.873027,-15.97186,120.408142,-9.204372,0.205597,0.255093,-0.52659,-0.784449,-1.533058,142.529205,-4.929671,-0.032476,0.98983,0.11378,0.078969,-1.344793,129.257584,26.174625,0.314894,0.862571,0.151898,-0.365706,15.887319,130.067612,29.037657,-0.040697,0.116438,0.464217,-0.877091,29.151989,119.337318,10.996657,-0.024341,-0.196349,0.659808,-0.72492,15.844242,139.567993,6.908681,0.057392,0.937224,0.220074,0.264358,-8.443795,85.255203,13.490817,0.08543,0.990035,-0.037729,0.105402,-8.125656,52.762569,-2.559368,-0.055972,0.965743,0.04786,0.248832,-16.549826,6.027666,0.137437,-0.072792,0.948644,-0.105064,0.289373,8.025625,86.271133,22.415724,0.016881,0.906781,-0.1973,0.372205,10.827204,51.213326,31.166891,-0.03571,0.904616,0.020058,0.424255,2.385141,7.378983,47.588585,-0.055972,0.965743,0.04786,0.248832,-9.058699,1.689421,-12.519357,-0.03571,0.904616,0.020058,0.424255,13.662296,2.239432,38.558491
282,2.35,-0.033664,0.968752,0.022494,0.244706,-0.206283,85.763565,17.955683,-0.043181,0.984194,0.100703,0.139125,-0.792633,93.429848,18.164179,-0.038584,0.989527,0.091641,0.10464,-3.200162,114.220284,22.130745,0.058558,0.996784,0.013962,0.052902,-5.202106,134.760086,25.761833,0.108989,0.976048,-0.187646,-0.015533,-3.325424,149.2341,24.391855,-0.028465,0.92821,0.128631,0.34795,-8.602871,128.835037,24.581078,0.292964,-0.618109,0.002156,-0.729457,-21.827335,129.476318,13.157362,0.087363,0.1373,-0.459715,-0.873028,-15.970439,120.405281,-9.202909,0.205698,0.255098,-0.526615,-0.784404,-1.530397,142.525894,-4.937079,-0.032394,0.989834,0.113796,0.078933,-1.34314,129.260757,26.175488,0.314915,0.862566,0.151882,-0.365705,15.889364,130.068024,29.036968,-0.040735,0.116426,0.464267,-0.877064,29.153419,119.336609,10.996182,-0.024307,-0.19632,0.659861,-0.72488,15.847619,139.569336,6.90978,0.05743,0.937219,0.220049,0.264389,-8.441545,85.255035,13.494307,0.085431,0.990047,-0.037682,0.105301,-8.125924,52.761913,-2.554964,-0.056156,0.965748,0.047898,0.248762,-16.549469,6.026694,0.138288,-0.072739,0.94867,-0.105106,0.289288,8.028979,86.272102,22.417059,0.016863,0.90677,-0.19728,0.372243,10.826834,51.214378,31.169743,-0.035689,0.904625,0.020077,0.424237,2.386327,7.379219,47.590061,-0.056156,0.965748,0.047898,0.248762,-9.058261,1.690955,-12.519325,-0.035689,0.904625,0.020077,0.424237,13.662988,2.239861,38.559231
283,2.358333,-0.033728,0.968748,0.022518,0.24471,-0.203358,85.764076,17.956045,-0.043231,0.984196,0.100688,0.139112,-0.790749,93.430267,18.164656,-0.038492,0.989544,0.091521,0.104617,-3.199926,114.218178,22.129807,0.058495,0.996788,0.013978,0.05289,-5.197464,134.759186,25.756433,0.109052,0.976027,-0.18772,-0.015507,-3.322666,149.23349,24.386797,-0.028467,0.928224,0.128696,0.347891,-8.599507,128.834564,24.577194,0.292939,-0.618128,0.002253,-0.729452,-21.82542,129.476303,13.155185,0.087397,0.137201,-0.459706,-0.873045,-15.969661,120.40229,-9.204167,0.205721,0.25509,-0.526632,-0.784389,-1.527534,142.52298,-4.943527,-0.032527,0.98982,0.113895,0.078904,-1.339599,129.259155,26.171089,0.31498,0.862564,0.151867,-0.36566,15.892762,130.070892,29.032171,-0.040765,0.116394,0.4643,-0.87705,29.156382,119.336105,10.99307,-0.024348,-0.196362,0.659798,-0.724925,15.851217,139.570862,6.90874,0.057478,0.937262,0.22002,0.264249,-8.438501,85.254494,13.494572,0.08535,0.990051,-0.037693,0.10533,-8.12912,52.760822,-2.553699,-0.056121,0.965772,0.047979,0.248664,-16.545334,6.024379,0.141152,-0.072715,0.948714,-0.105139,0.289136,8.031786,86.273651,22.417519,0.016902,0.906823,-0.197288,0.372107,10.828688,51.216171,31.171495,-0.035213,0.90461,0.020397,0.424294,2.387007,7.381421,47.592319,-0.056121,0.965772,0.047979,0.248664,-9.056924,1.690543,-12.518766,-0.035213,0.90461,0.020397,0.424294,13.661304,2.244335,38.557247
284,2.366667,-0.033704,0.968759,0.022466,0.244674,-0.205674,85.764465,17.958628,-0.043171,0.984207,0.100629,0.13909,-0.792503,93.430725,18.166563,-0.038497,0.989538,0.091605,0.104596,-3.198987,114.221611,22.13015,0.058626,0.996784,0.01383,0.052853,-5.196986,134.761963,25.760258,0.109033,0.976014,-0.187788,-0.015595,-3.318325,149.235367,24.386435,-0.028614,0.92819,0.128528,0.348031,-8.598902,128.837433,24.580196,0.292912,-0.618179,0.002254,-0.729419,-21.821106,129.472992,13.153553,0.087427,0.137132,-0.459684,-0.873065,-15.968518,120.39901,-9.206642,0.205856,0.254971,-0.5267,-0.784347,-1.523523,142.520218,-4.949504,-0.032443,0.989846,0.113792,0.078768,-1.338933,129.261978,26.173826,0.315,0.862557,0.151877,-0.365654,15.894363,130.07164,29.029816,-0.040764,0.116373,0.464347,-0.877028,29.157574,119.336235,10.990782,-0.024309,-0.196415,0.659877,-0.724839,15.854067,139.57283,6.907476,0.05739,0.937237,0.220049,0.264334,-8.441181,85.255058,13.497806,0.085429,0.990068,-0.037642,0.105122,-8.123852,52.761589,-2.550723,-0.056071,0.965769,0.047957,0.248689,-16.546389,6.026065,0.140284,-0.072813,0.948628,-0.105085,0.289413,8.029833,86.27388,22.419449,0.016943,0.906798,-0.197306,0.372156,10.832045,51.216625,31.172621,-0.035665,0.904654,0.020075,0.424176,2.385263,7.382694,47.593002,-0.056071,0.965769,0.047957,0.248689,-9.057858,1.69121,-12.519212,-0.035665,0.904654,0.020075,0.424176,13.660477,2.242944,38.560589
285,2.375,-0.033652,0.968767,0.022374,0.244657,-0.205757,85.761459,17.961021,-0.043123,0.984213,0.100572,0.139109,-0.79147,93.427834,18.167797,-0.038502,0.98954,0.091549,0.104631,-3.196024,114.22213,22.129763,0.058659,0.996782,0.013757,0.052879,-5.194139,134.762909,25.75746,0.1091,0.975988,-0.187888,-0.015591,-3.314326,149.235962,24.381605,-0.028525,0.928201,0.128559,0.347996,-8.59601,128.838272,24.577791,0.293031,-0.618189,0.002339,-0.729362,-21.819237,129.476944,13.152504,0.08754,0.137023,-0.459664,-0.873081,-15.967285,120.396111,-9.205077,0.205878,0.254815,-0.526714,-0.784383,-1.520231,142.516357,-4.955727,-0.032428,0.989848,0.113773,0.078777,-1.336161,129.262939,26.171928,0.315028,0.862541,0.15187,-0.365673,15.89712,130.072113,29.028151,-0.040776,0.116383,0.464386,-0.877005,29.158783,119.335785,10.988541,-0.024319,-0.196359,0.660019,-0.724725,15.857561,139.573166,6.905381,0.057418,0.93721,0.220077,0.264399,-8.441484,85.252556,13.500549,0.085425,0.990061,-0.037636,0.105191,-8.124334,52.760231,-2.550297,-0.056066,0.965757,0.047966,0.248737,-16.5466,6.02459,0.139573,-0.072776,0.948705,-0.105107,0.289163,8.029969,86.270363,22.421494,0.016945,0.906801,-0.197292,0.372156,10.831454,51.213032,31.174597,-0.035621,0.904655,0.020202,0.424173,2.384999,7.378581,47.593742,-0.056066,0.965757,0.047966,0.248737,-9.056862,1.690017,-12.519303,-0.035621,0.904655,0.020202,0.424173,13.660191,2.241556,38.559757
286,2.383333,-0.033628,0.968771,0.022295,0.244652,-0.207925,85.760338,17.962807,-0.043042,0.984227,0.100535,0.139059,-0.792972,93.426788,18.16851,-0.038521,0.989551,0.091477,0.104577,-3.193559,114.220093,22.129288,0.058614,0.996788,0.013612,0.052851,-5.191969,134.761353,25.754044,0.109212,0.975976,-0.187888,-0.015557,-3.313351,149.234146,24.373867,-0.02853,0.928222,0.128445,0.347981,-8.593769,128.836426,24.575628,0.293121,-0.618188,0.002302,-0.729328,-21.817343,129.473465,13.150649,0.08763,0.136958,-0.459655,-0.873087,-15.965271,120.391212,-9.206325,0.205922,0.25471,-0.526728,-0.784396,-1.516807,142.511551,-4.962165,-0.03249,0.989854,0.113775,0.078674,-1.33377,129.261581,26.168961,0.315099,0.862535,0.151723,-0.365685,15.899941,130.073303,29.021883,-0.040852,0.116397,0.464452,-0.876965,29.158943,119.331429,10.983602,-0.024395,-0.196339,0.660109,-0.724646,15.860103,139.572327,6.901658,0.05735,0.937205,0.220077,0.264432,-8.443731,85.251526,13.50247,0.085447,0.990084,-0.037586,0.104973,-8.121426,52.75861,-2.547085,-0.056192,0.965777,0.047934,0.248637,-16.544672,6.022966,0.139728,-0.072781,0.948725,-0.105084,0.289103,8.027882,86.26915,22.423145,0.016942,0.906821,-0.197288,0.37211,10.830758,51.211536,31.174654,-0.035738,0.904683,0.020102,0.424108,2.385551,7.3769,47.593975,-0.056192,0.965777,0.047934,0.248637,-9.056287,1.688413,-12.519958,-0.035738,0.904683,0.020102,0.424108,13.660233,2.238727,38.560001
287,2.391667,-0.033637,0.968775,0.022304,0.244636,-0.203506,85.7593,17.962799,-0.043112,0.984228,0.100518,0.139045,-0.788717,93.425735,18.16861,-0.038502,0.98956,0.091417,0.104558,-3.192149,114.219727,22.128433,0.058601,0.99679,0.013505,0.052857,-5.189407,134.761505,25.750837,0.109298,0.975953,-0.187961,-0.01551,-3.311002,149.234039,24.367535,-0.028594,0.928273,0.128284,0.347901,-8.591545,128.836624,24.573252,0.293142,-0.618153,0.002316,-0.729348,-21.81695,129.469193,13.150148,0.087659,0.136836,-0.459661,-0.8731,-15.96276,120.386269,-9.205996,0.20589,0.254583,-0.526778,-0.784412,-1.512806,142.506821,-4.968186,-0.032423,0.98986,0.113683,0.078754,-1.331464,129.261597,26.166254,0.315184,0.862518,0.151737,-0.365648,15.901958,130.070923,29.021601,-0.041419,0.117001,0.464715,-0.876719,29.159645,119.325684,10.984367,-0.025293,-0.195965,0.659091,-0.725643,15.882187,139.573074,6.892058,0.057362,0.937246,0.220103,0.264261,-8.439443,85.250351,13.50272,0.085443,0.990058,-0.037618,0.10521,-8.120317,52.758385,-2.548827,-0.056046,0.965776,0.047974,0.248666,-16.544085,6.022888,0.138974,-0.07269,0.948767,-0.105148,0.288966,8.032431,86.26825,22.422876,0.016944,0.906811,-0.197235,0.372163,10.828979,51.210655,31.176483,-0.035788,0.904654,0.020139,0.424165,2.384503,7.374057,47.590942,-0.056046,0.965776,0.047974,0.248666,-9.056372,1.688281,-12.52109,-0.035788,0.904654,0.020139,0.424165,13.660964,2.237549,38.558243
288,2.4,-0.033646,0.968764,0.022197,0.244684,-0.203601,85.759827,17.965004,-0.043065,0.98424,0.10047,0.139007,-0.78856,93.426331,18.169159,-0.038473,0.989573,0.091358,0.104493,-3.189499,114.220108,22.127197,0.058671,0.996786,0.01344,0.052871,-5.185077,134.762436,25.747473,0.109221,0.975942,-0.188065,-0.01545,-3.304531,149.234512,24.3624,-0.028538,0.928283,0.128347,0.347855,-8.587715,128.837601,24.571024,0.293133,-0.618209,0.002519,-0.729304,-21.81435,129.472534,13.149478,0.087671,0.13666,-0.459646,-0.873134,-15.963684,120.381737,-9.204383,0.205859,0.254427,-0.526685,-0.784533,-1.510423,142.501724,-4.974773,-0.032418,0.989869,0.113658,0.078682,-1.327402,129.262344,26.163023,0.315228,0.862454,0.151943,-0.365673,15.906424,130.071869,29.015848,-0.040717,0.116345,0.46451,-0.876948,29.161823,119.329666,10.975125,-0.024403,-0.196245,0.660356,-0.724447,15.865174,139.571594,6.892662,0.057425,0.93722,0.220093,0.26435,-8.439078,85.250244,13.504153,0.085451,0.990044,-0.037611,0.105341,-8.122949,52.758492,-2.547873,-0.056051,0.965763,0.047921,0.248726,-16.547821,6.023091,0.13811,-0.072677,0.948811,-0.105146,0.288827,8.031878,86.269417,22.425854,0.016962,0.906847,-0.197213,0.372086,10.828836,51.211651,31.178648,-0.035905,0.904657,0.019998,0.424154,2.384988,7.374281,47.591343,-0.056051,0.965763,0.047921,0.248726,-9.058571,1.687111,-12.52057,-0.035905,0.904657,0.019998,0.424154,13.661843,2.235583,38.56039
289,2.408333,-0.033627,0.968782,0.022219,0.244615,-0.200488,85.760017,17.964401,-0.043083,0.984244,0.100456,0.138984,-0.785232,93.426521,18.168999,-0.038436,0.989576,0.091355,0.104479,-3.186901,114.221428,22.126612,0.058696,0.996787,0.013373,0.052842,-5.180902,134.763901,25.74696,0.109292,0.975917,-0.188155,-0.015492,-3.299618,149.235687,24.359928,-0.028638,0.928308,0.128285,0.347802,-8.584001,128.839294,24.570631,0.293184,-0.618228,0.002519,-0.729267,-21.811724,129.470001,13.150099,0.087749,0.136569,-0.459656,-0.873136,-15.962214,120.377373,-9.20333,0.205902,0.254424,-0.526685,-0.784523,-1.508243,142.497711,-4.980003,-0.032376,0.989881,0.113586,0.078652,-1.323599,129.263535,26.162376,0.315267,0.862429,0.152009,-0.365673,15.910491,130.071945,29.01395,-0.040853,0.116473,0.464614,-0.876869,29.164675,119.329666,10.972367,-0.024643,-0.196239,0.660066,-0.724704,15.874434,139.574982,6.888248,0.05742,0.937243,0.220085,0.264274,-8.436635,85.250839,13.504733,0.08547,0.990072,-0.037574,0.105071,-8.121584,52.758766,-2.546668,-0.056135,0.965767,0.047915,0.24869,-16.547075,6.023398,0.137923,-0.072646,0.94879,-0.105211,0.288878,8.03566,86.269196,22.42407,0.016985,0.906904,-0.197229,0.371938,10.828676,51.21209,31.180786,-0.035757,0.904705,0.020069,0.424062,2.38497,7.375392,47.595371,-0.056135,0.965767,0.047915,0.24869,-9.05791,1.687891,-12.520979,-0.035757,0.904705,0.020069,0.424062,13.658801,2.236578,38.560696
290,2.416667,-0.033638,0.96878,0.022085,0.244635,-0.204104,85.763023,17.966837,-0.04295,0.984259,0.100435,0.138934,-0.788507,93.429611,18.169386,-0.038457,0.989584,0.091322,0.104422,-3.184011,114.222847,22.126596,0.058764,0.996787,0.013316,0.052783,-5.178514,134.765503,25.745604,0.109335,0.975896,-0.188229,-0.015573,-3.295399,149.236908,24.356888,-0.02874,0.928317,0.128189,0.347806,-8.581482,128.840668,24.570093,0.293242,-0.61829,0.002433,-0.729192,-21.808895,129.466873,13.14897,0.087815,0.136516,-0.459615,-0.873159,-15.96313,120.374718,-9.205622,0.205948,0.254369,-0.526655,-0.784548,-1.506342,142.493988,-4.986025,-0.032315,0.989878,0.11369,0.078565,-1.320928,129.265335,26.161018,0.315296,0.862418,0.151998,-0.365677,15.913773,130.071686,29.009453,-0.040899,0.116478,0.464664,-0.87684,29.166889,119.32814,10.967854,-0.0246,-0.196129,0.659976,-0.724817,15.878984,139.57515,6.884816,0.057431,0.937231,0.220084,0.264317,-8.440042,85.253052,13.506881,0.085429,0.990064,-0.037565,0.105189,-8.125023,52.761036,-2.544628,-0.056109,0.96577,0.047926,0.248682,-16.546974,6.024951,0.138529,-0.072731,0.948768,-0.105153,0.288949,8.031836,86.272995,22.426792,0.017005,0.906922,-0.197224,0.371895,10.831239,51.215912,31.18152,-0.035298,0.904682,0.02033,0.424136,2.386778,7.379085,47.595352,-0.056109,0.96577,0.047926,0.248682,-9.058263,1.689516,-12.520658,-0.035298,0.904682,0.02033,0.424136,13.658521,2.241233,38.557537
291,2.425,-0.033645,0.968791,0.022205,0.244581,-0.198982,85.761902,17.965065,-0.042997,0.984263,0.10039,0.138925,-0.78393,93.428406,18.169405,-0.03842,0.989588,0.091302,0.104417,-3.181341,114.223885,22.124908,0.058703,0.99679,0.01325,0.052796,-5.174217,134.766815,25.743242,0.109374,0.975879,-0.188301,-0.015513,-3.292727,149.238235,24.352554,-0.028661,0.928345,0.128238,0.34772,-8.577655,128.842209,24.567986,0.293241,-0.618333,0.00264,-0.729155,-21.807327,129.471176,13.149625,0.087897,0.136365,-0.459586,-0.873189,-15.964272,120.370903,-9.202377,0.206022,0.254266,-0.526593,-0.784604,-1.503631,142.489807,-4.991389,-0.032316,0.98988,0.11367,0.078561,-1.317046,129.266373,26.158789,0.315353,0.862394,0.151981,-0.365691,15.917677,130.072861,29.007069,-0.040855,0.116496,0.464668,-0.876837,29.168474,119.327034,10.965122,-0.024663,-0.196084,0.660019,-0.724788,15.881202,139.573608,6.880396,0.057462,0.937254,0.220062,0.264244,-8.435413,85.252319,13.505973,0.085476,0.990073,-0.037546,0.105075,-8.124224,52.75988,-2.544759,-0.056091,0.965748,0.04793,0.248771,-16.550013,6.024405,0.137093,-0.07268,0.948778,-0.105247,0.288896,8.03745,86.271492,22.424156,0.017049,0.906937,-0.197215,0.371862,10.83181,51.215279,31.184042,-0.03571,0.904689,0.020071,0.424099,2.384395,7.37828,47.595898,-0.056091,0.965748,0.04793,0.248771,-9.059175,1.689044,-12.520864,-0.03571,0.904689,0.020071,0.424099,13.658497,2.23895,38.561863
292,2.433333,-0.033639,0.968802,0.022105,0.244547,-0.198221,85.760437,17.966187,-0.043007,0.984271,0.100376,0.13887,-0.782705,93.42701,18.169079,-0.038385,0.989602,0.09124,0.104355,-3.180253,114.222885,22.124128,0.058688,0.996796,0.013209,0.052715,-5.17118,134.766403,25.740221,0.10945,0.975864,-0.188327,-0.015596,-3.29034,149.237778,24.348146,-0.028671,0.92838,0.128127,0.347667,-8.575199,128.841904,24.566116,0.29345,-0.618373,0.002514,-0.729038,-21.806135,129.468918,13.149105,0.088111,0.136348,-0.459561,-0.873183,-15.965501,120.366249,-9.202562,0.206241,0.254143,-0.526595,-0.784585,-1.50378,142.484802,-4.997677,-0.032305,0.989892,0.113595,0.078532,-1.314353,129.265717,26.155943,0.31545,0.862359,0.152105,-0.36564,15.920563,130.072128,29.003107,-0.040636,0.116364,0.464666,-0.876866,29.170221,119.324585,10.961333,-0.024455,-0.196108,0.660183,-0.724639,15.881203,139.570374,6.877119,0.057485,0.937263,0.220111,0.264167,-8.434969,85.250481,13.507719,0.085445,0.990059,-0.037581,0.105213,-8.125619,52.759796,-2.546606,-0.056052,0.965756,0.047915,0.248754,-16.549286,6.02408,0.137666,-0.072661,0.948806,-0.105246,0.28881,8.038527,86.270401,22.424654,0.016994,0.9069,-0.197233,0.371944,10.832439,51.213982,31.183821,-0.035096,0.904718,0.020445,0.424071,2.387636,7.377467,47.598328,-0.056052,0.965756,0.047915,0.248754,-9.059307,1.687967,-12.520546,-0.035096,0.904718,0.020445,0.424071,13.656527,2.239964,38.556747
293,2.441667,-0.033578,0.968814,0.022019,0.244513,-0.199859,85.759819,17.966978,-0.042962,0.984279,0.100376,0.138827,-0.783102,93.426514,18.168827,-0.038345,0.989614,0.091173,0.104313,-3.178552,114.222298,22.124205,0.05883,0.996791,0.013229,0.052657,-5.167411,134.766464,25.737799,0.109421,0.975846,-0.188427,-0.015728,-3.282659,149.237381,24.34639,-0.028661,0.928407,0.128066,0.347618,-8.572039,128.842087,24.56477,0.293451,-0.618402,0.002661,-0.729012,-21.804201,129.468445,13.149145,0.088169,0.136211,-0.459567,-0.873196,-15.965368,120.360016,-9.200642,0.206296,0.25407,-0.526545,-0.784628,-1.502413,142.478149,-5.003652,-0.032368,0.98987,0.113776,0.078511,-1.311015,129.265503,26.153893,0.315506,0.862361,0.151945,-0.365653,15.923871,130.073669,29.000723,-0.040494,0.11637,0.464684,-0.876862,29.171307,119.320892,10.960442,-0.024271,-0.196181,0.660013,-0.724781,15.884484,139.564682,6.873234,0.057466,0.937249,0.220135,0.264201,-8.437002,85.250542,13.50916,0.085428,0.990069,-0.037563,0.105143,-8.12536,52.760464,-2.546339,-0.055998,0.965781,0.047892,0.248672,-16.547049,6.024343,0.137019,-0.072663,0.948802,-0.105263,0.288815,8.037284,86.269089,22.424797,0.01701,0.907047,-0.197164,0.371622,10.830892,51.212955,31.185192,-0.035276,0.904724,0.020372,0.424047,2.392958,7.37392,47.596485,-0.055998,0.965781,0.047892,0.248672,-9.059736,1.687034,-12.522361,-0.035276,0.904724,0.020372,0.424047,13.662857,2.236795,38.55595
294,2.45,-0.033568,0.968827,0.022012,0.244465,-0.198067,85.75853,17.966431,-0.042725,0.984304,0.100381,0.138721,-0.781123,93.42524,18.168245,-0.03861,0.98962,0.09108,0.104238,-3.165904,114.218582,22.124886,0.058803,0.996794,0.013077,0.052653,-5.165075,134.762604,25.733589,0.109511,0.975853,-0.188345,-0.015661,-3.280909,149.23317,24.337715,-0.028587,0.928467,0.128058,0.347466,-8.56674,128.836182,24.562342,0.293432,-0.618446,0.002641,-0.728982,-21.802729,129.464096,13.151238,0.088266,0.136125,-0.459559,-0.873204,-15.966612,120.356285,-9.199506,0.206561,0.253959,-0.526594,-0.784561,-1.501879,142.474716,-5.008805,-0.032334,0.989882,0.11371,0.078476,-1.305789,129.263748,26.150686,0.315605,0.862303,0.151943,-0.365706,15.929363,130.071075,28.996159,-0.040458,0.116331,0.464701,-0.87686,29.171747,119.315338,10.953925,-0.024416,-0.196196,0.660067,-0.724722,15.885048,139.559799,6.867504,0.057466,0.937268,0.220166,0.26411,-8.435662,85.249382,13.509436,0.085456,0.990065,-0.037558,0.105157,-8.124906,52.760269,-2.54804,-0.056128,0.965769,0.047799,0.248706,-16.549248,6.024578,0.134508,-0.072595,0.948855,-0.105279,0.288654,8.03953,86.267677,22.423428,0.017007,0.906898,-0.197186,0.371973,10.82967,51.211071,31.183048,-0.035549,0.904674,0.020194,0.424138,2.384923,7.372829,47.592957,-0.056128,0.965769,0.047799,0.248706,-9.059876,1.685762,-12.523135,-0.035549,0.904674,0.020194,0.424138,13.658678,2.234649,38.557835
295,2.458333,-0.033514,0.968844,0.021994,0.244408,-0.19678,85.758629,17.966276,-0.04273,0.984311,0.100346,0.138693,-0.778951,93.425407,18.168062,-0.038523,0.989635,0.090979,0.104214,-3.163383,114.21682,22.122896,0.058786,0.996801,0.013125,0.052532,-5.158408,134.761887,25.727907,0.109546,0.975851,-0.188315,-0.015866,-3.275214,149.232681,24.333145,-0.028618,0.928548,0.127899,0.347307,-8.561275,128.835892,24.557961,0.293478,-0.618475,0.002603,-0.72894,-21.801073,129.460068,13.151078,0.088313,0.135999,-0.459553,-0.873222,-15.966704,120.351837,-9.199955,0.206583,0.253819,-0.526661,-0.784555,-1.499787,142.470261,-5.016152,-0.032329,0.989888,0.113627,0.078525,-1.300151,129.26236,26.145792,0.315658,0.862271,0.151951,-0.365731,15.934738,130.069565,28.992855,-0.040356,0.11627,0.464678,-0.876885,29.17454,119.312393,10.949596,-0.024354,-0.196187,0.659976,-0.72481,15.88645,139.555283,6.863412,0.057484,0.937262,0.220183,0.26411,-8.434961,85.250351,13.510266,0.085453,0.990066,-0.037572,0.105147,-8.125061,52.761955,-2.548672,-0.056028,0.965783,0.047791,0.248678,-16.549236,6.02631,0.135234,-0.072628,0.948866,-0.105337,0.288588,8.041401,86.266914,22.422287,0.017087,0.907124,-0.197161,0.371433,10.833155,51.211548,31.186363,-0.035816,0.904773,0.02007,0.42391,2.39216,7.372627,47.59639,-0.056028,0.965783,0.047791,0.248678,-9.06158,1.686392,-12.523045,-0.035816,0.904773,0.02007,0.42391,13.663572,2.234484,38.558319
296,2.466667,-0.033583,0.968845,0.022074,0.244387,-0.194821,85.757645,17.965151,-0.042765,0.984324,0.100308,0.138622,-0.778315,93.424294,18.167885,-0.038489,0.989644,0.091009,0.104116,-3.164183,114.220238,22.121899,0.059145,0.99678,0.012998,0.05257,-5.157591,134.765182,25.728491,0.109375,0.975852,-0.188413,-0.015824,-3.263713,149.234299,24.330654,-0.028397,0.928498,0.127816,0.347489,-8.560952,128.839417,24.558903,0.293444,-0.618576,0.002967,-0.728866,-21.796757,129.470612,13.147772,0.088358,0.135882,-0.459538,-0.873243,-15.968697,120.348801,-9.199365,0.206694,0.253771,-0.526696,-0.784519,-1.499346,142.466812,-5.021868,-0.03221,0.989895,0.113682,0.078407,-1.299483,129.265472,26.145273,0.315724,0.862258,0.151962,-0.365701,15.936332,130.068863,28.987837,-0.040312,0.11629,0.464674,-0.876886,29.175175,119.309059,10.945441,-0.02444,-0.196204,0.659826,-0.724939,15.887551,139.550903,6.857476,0.057494,0.937266,0.220246,0.264044,-8.433112,85.248466,13.509446,0.085466,0.99004,-0.037646,0.105356,-8.123793,52.762169,-2.553752,-0.056031,0.965782,0.04777,0.248682,-16.550423,6.027264,0.135219,-0.07266,0.948834,-0.105344,0.288681,8.04347,86.266823,22.420856,0.017134,0.907149,-0.19719,0.371352,10.836391,51.211887,31.186283,-0.035285,0.904754,0.020422,0.423979,2.39177,7.374212,47.597782,-0.056031,0.965782,0.04777,0.248682,-9.062656,1.686786,-12.522804,-0.035285,0.904754,0.020422,0.423979,13.660624,2.238469,38.555161
297,2.475,-0.033588,0.968854,0.02213,0.244344,-0.193643,85.758682,17.964333,-0.042705,0.984336,0.100248,0.1386,-0.777422,93.425293,18.167908,-0.038461,0.989656,0.090908,0.104105,-3.159848,114.217545,22.119041,0.059319,0.996767,0.013133,0.052584,-5.151608,134.763351,25.721645,0.109245,0.975855,-0.188468,-0.015879,-3.252843,149.232239,24.328041,-0.028348,0.928576,0.127852,0.347271,-8.555448,128.837601,24.553293,0.293512,-0.618623,0.002899,-0.728799,-21.79665,129.469788,13.148487,0.08844,0.135792,-0.45948,-0.873279,-15.971467,120.347641,-9.199257,0.206731,0.253639,-0.526709,-0.784543,-1.498298,142.463577,-5.027558,-0.032073,0.989937,0.11332,0.078446,-1.293912,129.263443,26.13942,0.315684,0.862246,0.152024,-0.365737,15.941991,130.062958,28.982502,-0.040318,0.116242,0.464615,-0.876924,29.180748,119.306435,10.938096,-0.024468,-0.196217,0.659669,-0.725077,15.889771,139.546722,6.85198,0.057526,0.937289,0.2203,0.26391,-8.432321,85.249641,13.509332,0.085472,0.990031,-0.037685,0.105421,-8.126369,52.76532,-2.557915,-0.05592,0.965773,0.047715,0.248756,-16.554129,6.030795,0.134163,-0.072653,0.94886,-0.105399,0.288578,8.045034,86.267731,22.419334,0.017153,0.907169,-0.197186,0.371306,10.837199,51.21357,31.188095,-0.035317,0.90477,0.020339,0.423945,2.391861,7.375827,47.599022,-0.05592,0.965773,0.047715,0.248756,-9.065621,1.687922,-12.522599,-0.035317,0.90477,0.020339,0.423945,13.660023,2.238304,38.556553
298,2.483333,-0.033632,0.968868,0.022092,0.244286,-0.190708,85.756477,17.963696,-0.042745,0.984343,0.100227,0.13855,-0.774983,93.423065,18.166571,-0.038374,0.989666,0.090903,0.104046,-3.158908,114.216759,22.116938,0.059251,0.996776,0.013012,0.052507,-5.146849,134.762878,25.719816,0.109329,0.975859,-0.188396,-0.015912,-3.250127,149.231674,24.322437,-0.028343,0.928583,0.127812,0.347267,-8.551807,128.837692,24.551912,0.293535,-0.618712,0.002905,-0.728714,-21.793133,129.469543,13.147229,0.088412,0.135689,-0.459463,-0.873307,-15.973446,120.3452,-9.201057,0.206667,0.253519,-0.526715,-0.784594,-1.497818,142.460526,-5.03316,-0.03222,0.989886,0.113748,0.07842,-1.289991,129.262344,26.137077,0.315844,0.862195,0.152025,-0.36572,15.945724,130.065842,28.980198,-0.039937,0.116091,0.464604,-0.876967,29.180109,119.303154,10.936263,-0.02418,-0.196292,0.660046,-0.724724,15.887432,139.54068,6.847877,0.057529,0.937302,0.220355,0.263818,-8.429859,85.246429,13.509682,0.085473,0.990063,-0.037709,0.105113,-8.124564,52.763897,-2.561198,-0.055837,0.965803,0.047761,0.248646,-16.551811,6.029558,0.135692,-0.07264,0.948863,-0.105412,0.288566,8.048443,86.266533,22.417709,0.017166,0.907143,-0.197235,0.371343,10.839553,51.212429,31.187063,-0.035665,0.904799,0.020103,0.423866,2.390738,7.376557,47.601219,-0.055837,0.965803,0.047761,0.248646,-9.066919,1.687174,-12.523376,-0.035665,0.904799,0.020103,0.423866,13.659888,2.23731,38.560963
299,2.491667,-0.033573,0.968875,0.022035,0.244272,-0.191724,85.754135,17.963085,-0.042728,0.984348,0.100227,0.138522,-0.774899,93.42083,18.165348,-0.038313,0.989676,0.090853,0.104012,-3.158113,114.21534,22.116049,0.059289,0.996782,0.013001,0.052354,-5.143206,134.762039,25.717226,0.109507,0.975846,-0.18834,-0.016167,-3.245866,149.230682,24.319237,-0.028318,0.928634,0.127492,0.34725,-8.548996,128.837173,24.550119,0.293579,-0.618752,0.00284,-0.728662,-21.790781,129.465805,13.145781,0.088472,0.135644,-0.45946,-0.87331,-15.973544,120.341873,-9.203318,0.206782,0.253418,-0.526657,-0.784635,-1.497239,142.457062,-5.039034,-0.032109,0.989911,0.113612,0.078346,-1.287004,129.261047,26.134687,0.31578,0.862246,0.151446,-0.365894,15.949374,130.061386,28.974701,-0.040085,0.116234,0.464641,-0.876922,29.179472,119.291435,10.931932,-0.024166,-0.196302,0.660032,-0.724734,15.888837,139.532547,6.840666,0.057547,0.937301,0.220351,0.26382,-8.431079,85.244904,13.509351,0.085454,0.990049,-0.037707,0.10526,-8.127096,52.762379,-2.561584,-0.055908,0.965778,0.047743,0.248733,-16.55298,6.027713,0.134029,-0.072649,0.948864,-0.105376,0.288575,8.047631,86.263374,22.416819,0.017137,0.907126,-0.197283,0.371359,10.840063,51.208817,31.183895,-0.035747,0.904817,0.020099,0.423821,2.391841,7.374647,47.602898,-0.055908,0.965778,0.047743,0.248733,-9.065166,1.685516,-12.523376,-0.035747,0.904817,0.020099,0.423821,13.660884,2.23631,38.561981
300,2.5,-0.03352,0.968897,0.021979,0.244196,-0.191407,85.751976,17.962376,-0.04269,0.984365,0.10018,0.138448,-0.773571,93.418755,18.164045,-0.038307,0.989687,0.090821,0.103938,-3.154588,114.213654,22.113163,0.059286,0.996788,0.013011,0.052242,-5.139039,134.76062,25.713205,0.109618,0.975837,-0.188311,-0.0163,-3.242177,149.22934,24.31529,-0.028361,0.928662,0.127465,0.347183,-8.545033,128.835693,24.547012,0.293628,-0.618835,0.002705,-0.728573,-21.788345,129.462296,13.144344,0.088443,0.135542,-0.459404,-0.873358,-15.976148,120.340561,-9.206954,0.206609,0.253326,-0.526599,-0.78475,-1.495497,142.453766,-5.046133,-0.032064,0.989922,0.113567,0.078285,-1.282806,129.259644,26.130482,0.315899,0.862216,0.151264,-0.365939,15.954002,130.058823,28.968185,-0.039977,0.116279,0.464687,-0.876896,29.178705,119.281265,10.926014,-0.024164,-0.196272,0.660109,-0.724672,15.890631,139.523392,6.830595,0.057494,0.937309,0.220476,0.2637,-8.431525,85.243393,13.509986,0.085468,0.990066,-0.037768,0.105065,-8.123453,52.764416,-2.568036,-0.055761,0.965819,0.047689,0.248617,-16.550709,6.030422,0.134845,-0.072615,0.94891,-0.105459,0.288403,8.048712,86.260559,22.414764,0.017176,0.90727,-0.197254,0.37102,10.838662,51.206909,31.186289,-0.035314,0.904842,0.020477,0.423786,2.394156,7.371778,47.604607,-0.055761,0.965819,0.047689,0.248617,-9.067409,1.685336,-12.524237,-0.035314,0.904842,0.020477,0.423786,13.659662,2.2377,38.556873
301,2.508333,-0.033528,0.968908,0.021971,0.244153,-0.18981,85.751167,17.961174,-0.042727,0.984374,0.10016,0.138382,-0.772054,93.417946,18.162712,-0.038235,0.989705,0.090755,0.103857,-3.154261,114.213142,22.110985,0.059403,0.996783,0.01301,0.052212,-5.135152,134.760849,25.70878,0.109593,0.975839,-0.188312,-0.016315,-3.235002,149.229126,24.310926,-0.028241,0.9287,0.127364,0.347128,-8.542193,128.836243,24.543921,0.293586,-0.618886,0.002834,-0.728546,-21.787096,129.46524,13.143229,0.088462,0.135423,-0.459392,-0.873381,-15.978076,120.339378,-9.207212,0.206715,0.253174,-0.526622,-0.784756,-1.4948,142.452652,-5.052121,-0.03197,0.989933,0.113495,0.078291,-1.279634,129.259354,26.126083,0.316042,0.862168,0.151319,-0.365904,15.957353,130.05545,28.963577,-0.039763,0.11625,0.464762,-0.87687,29.178843,119.273254,10.921825,-0.023995,-0.196277,0.660186,-0.724606,15.894085,139.516479,6.823122,0.057522,0.937294,0.220516,0.26371,-8.430308,85.242378,13.509509,0.085482,0.990055,-0.037791,0.105144,-8.123167,52.764935,-2.571617,-0.055744,0.965798,0.047674,0.248704,-16.55209,6.031325,0.132693,-0.072633,0.94889,-0.105406,0.288481,8.050688,86.259964,22.41284,0.017213,0.907206,-0.1973,0.371153,10.84228,51.2057,31.181372,-0.035606,0.904804,0.020153,0.423858,2.390634,7.372397,47.600925,-0.055744,0.965798,0.047674,0.248704,-9.066734,1.685768,-12.52501,-0.035606,0.904804,0.020153,0.423858,13.659233,2.23368,38.559677
302,2.516667,-0.033564,0.968933,0.022001,0.244045,-0.186548,85.751007,17.958378,-0.042713,0.984388,0.100188,0.138269,-0.769423,93.417725,18.160292,-0.038258,0.989718,0.090727,0.10375,-3.150657,114.211723,22.109905,0.059442,0.996787,0.012955,0.052105,-5.131976,134.759552,25.706696,0.109652,0.975842,-0.188255,-0.016422,-3.230967,149.22757,24.307087,-0.028246,0.928714,0.127461,0.347055,-8.538921,128.834686,24.542955,0.293611,-0.618997,0.002718,-0.728443,-21.785583,129.464355,13.144341,0.088474,0.135326,-0.459321,-0.873432,-15.983317,120.340309,-9.208605,0.206694,0.253064,-0.526673,-0.784762,-1.495066,142.451172,-5.05761,-0.031784,0.989982,0.113139,0.078267,-1.276054,129.258331,26.123575,0.316037,0.862167,0.151215,-0.365954,15.96148,130.049103,28.959248,-0.039788,0.116347,0.464807,-0.876832,29.181326,119.265656,10.917036,-0.023965,-0.196144,0.660202,-0.724628,15.899854,139.51001,6.815039,0.057483,0.93732,0.220609,0.26355,-8.427993,85.241631,13.508529,0.085533,0.990044,-0.037853,0.105182,-8.119133,52.766823,-2.577884,-0.05578,0.965786,0.047587,0.248761,-16.553576,6.034499,0.131357,-0.072639,0.948926,-0.105461,0.288341,8.054895,86.260384,22.40823,0.017255,0.907312,-0.197357,0.370862,10.846993,51.207016,31.180187,-0.035137,0.904841,0.020453,0.423803,2.394978,7.376,47.605648,-0.05578,0.965786,0.047587,0.248761,-9.066488,1.686854,-12.524608,-0.035137,0.904841,0.020453,0.423803,13.658971,2.239058,38.557652
303,2.525,-0.033514,0.968949,0.021941,0.243994,-0.188409,85.750343,17.959389,-0.04264,0.984405,0.100123,0.138216,-0.770305,93.417152,18.160635,-0.038328,0.989724,0.090678,0.103707,-3.147765,114.21077,22.107883,0.059588,0.996778,0.012875,0.052119,-5.13163,134.758759,25.702412,0.10968,0.975853,-0.188181,-0.016399,-3.22624,149.225983,24.30073,-0.028121,0.928739,0.127465,0.346994,-8.537849,128.833298,24.539598,0.293665,-0.619025,0.002768,-0.728396,-21.786222,129.466766,13.14319,0.088491,0.135212,-0.459294,-0.873462,-15.985759,120.338844,-9.20863,0.206617,0.252901,-0.526703,-0.784815,-1.494498,142.448898,-5.062967,-0.031899,0.989943,0.113482,0.078218,-1.274932,129.258102,26.119667,0.316224,0.862139,0.151271,-0.365837,15.962609,130.052094,28.954378,-0.039477,0.116332,0.464827,-0.876838,29.180819,119.261185,10.915424,-0.023818,-0.19608,0.660507,-0.724373,15.900376,139.504242,6.807129,0.057487,0.93731,0.220673,0.26353,-8.430387,85.241577,13.51046,0.085458,0.990047,-0.037909,0.105197,-8.120835,52.768867,-2.580197,-0.055573,0.965834,0.047632,0.248612,-16.548861,6.035724,0.134954,-0.072673,0.948893,-0.105405,0.288464,8.053569,86.259109,22.408318,0.01726,0.90729,-0.197416,0.370882,10.848096,51.205265,31.177574,-0.035315,0.904852,0.020396,0.423768,2.393194,7.37648,47.607498,-0.055573,0.965834,0.047632,0.248612,-9.067636,1.687465,-12.524269,-0.035315,0.904852,0.020396,0.423768,13.658033,2.240277,38.560139
304,2.533333,-0.033621,0.968972,0.022054,0.243877,-0.18437,85.751686,17.95541,-0.042629,0.984413,0.100134,0.138157,-0.768245,93.418312,18.158005,-0.038301,0.989729,0.090678,0.103671,-3.144943,114.210686,22.105717,0.059763,0.99677,0.012882,0.052079,-5.127543,134.758759,25.700447,0.109619,0.975856,-0.18819,-0.016508,-3.217238,149.225372,24.299152,-0.028148,0.928759,0.12746,0.346941,-8.534137,128.833466,24.537888,0.293515,-0.61907,0.002947,-0.728418,-21.783739,129.465729,13.142846,0.088383,0.135021,-0.459362,-0.873467,-15.986058,120.335297,-9.208668,0.206617,0.2528,-0.526735,-0.784826,-1.495734,142.446487,-5.069662,-0.031821,0.989951,0.113424,0.078223,-1.271077,129.257919,26.117388,0.31636,0.862078,0.151308,-0.365846,15.966608,130.049316,28.951927,-0.039305,0.116345,0.464894,-0.876808,29.18021,119.25428,10.912087,-0.023729,-0.195904,0.660798,-0.724158,15.903296,139.498093,6.799681,0.057506,0.93736,0.220671,0.263352,-8.427284,85.24144,13.508391,0.085465,0.990074,-0.037898,0.104943,-8.12211,52.768814,-2.582501,-0.055799,0.965827,0.047595,0.248596,-16.549929,6.035697,0.133759,-0.072656,0.948883,-0.105452,0.288481,8.058543,86.26194,22.40243,0.017261,0.907318,-0.197459,0.37079,10.850697,51.208622,31.174541,-0.035231,0.904895,0.020332,0.423687,2.395944,7.381451,47.608841,-0.055799,0.965827,0.047595,0.248596,-9.066889,1.688252,-12.524664,-0.035231,0.904895,0.020332,0.423687,13.658086,2.242486,38.559696
305,2.541667,-0.033588,0.968986,0.021993,0.243834,-0.183685,85.749077,17.953304,-0.042602,0.984419,0.100139,0.13812,-0.766839,93.415779,18.155153,-0.038302,0.989736,0.090636,0.10364,-3.142369,114.208984,22.103485,0.059841,0.996766,0.012884,0.052064,-5.124719,134.75737,25.696558,0.109573,0.975862,-0.188184,-0.016541,-3.212214,149.223709,24.29538,-0.028016,0.928793,0.127431,0.346872,-8.531393,128.83197,24.534708,0.29364,-0.619207,0.002844,-0.728251,-21.78294,129.46785,13.142119,0.088544,0.134994,-0.459246,-0.873516,-15.993679,120.335327,-9.210732,0.206744,0.252777,-0.526712,-0.784816,-1.497187,142.443375,-5.076058,-0.031753,0.989965,0.113328,0.078214,-1.268238,129.256561,26.113749,0.316578,0.86198,0.1513,-0.365891,15.96965,130.045944,28.947636,-0.039173,0.116343,0.465066,-0.876723,29.174763,119.243309,10.906111,-0.023671,-0.195815,0.660942,-0.724052,15.905716,139.491791,6.791592,0.057462,0.937369,0.220771,0.263246,-8.427034,85.23912,13.507051,0.0855,0.990081,-0.037971,0.104825,-8.118703,52.769333,-2.5895,-0.055647,0.965824,0.047598,0.248639,-16.550262,6.037333,0.13426,-0.072626,0.948939,-0.105522,0.288281,8.059664,86.259033,22.399559,0.017265,0.907288,-0.197453,0.370868,10.85013,51.206459,31.175201,-0.035241,0.904845,0.020375,0.423791,2.393743,7.379085,47.608154,-0.055647,0.965824,0.047598,0.248639,-9.067644,1.688761,-12.52403,-0.035241,0.904845,0.020375,0.423791,13.658219,2.241417,38.561172
306,2.55,-0.03354,0.969003,0.021954,0.243776,-0.183571,85.748428,17.951679,-0.042622,0.984423,0.100135,0.138084,-0.765856,93.415199,18.153154,-0.038254,0.989743,0.090614,0.103605,-3.141917,114.207123,22.101055,0.059896,0.996767,0.012822,0.052,-5.122063,134.755829,25.693491,0.109643,0.975861,-0.188143,-0.01663,-3.208102,149.221786,24.290468,-0.028176,0.928826,0.127531,0.346733,-8.529381,128.830704,24.532137,0.293676,-0.619228,0.002744,-0.72822,-21.783981,129.46196,13.142854,0.088533,0.134861,-0.45927,-0.873525,-15.995963,120.331657,-9.211222,0.206724,0.25257,-0.526754,-0.784859,-1.49897,142.440002,-5.082668,-0.03172,0.989977,0.113248,0.078199,-1.266065,129.254669,26.11059,0.31671,0.861947,0.151328,-0.365844,15.971976,130.043198,28.94375,-0.038963,0.11636,0.465108,-0.876708,29.174656,119.235588,10.903438,-0.023622,-0.195847,0.661118,-0.723885,15.908199,139.483627,6.78372,0.057476,0.93737,0.220809,0.263207,-8.427512,85.23912,13.506454,0.085489,0.990077,-0.038001,0.104857,-8.119997,52.770649,-2.592771,-0.05545,0.965834,0.047566,0.248651,-16.550838,6.038669,0.133616,-0.072679,0.948943,-0.105517,0.288257,8.060369,86.257729,22.396904,0.017333,0.907343,-0.197524,0.370693,10.854767,51.205654,31.173267,-0.035583,0.904895,0.0201,0.423669,2.393221,7.381198,47.611313,-0.05545,0.965834,0.047566,0.248651,-9.069906,1.687572,-12.5248,-0.035583,0.904895,0.0201,0.423669,13.657616,2.240693,38.565845
307,2.558333,-0.033522,0.969019,0.021871,0.243723,-0.182634,85.748459,17.949965,-0.042613,0.984431,0.100161,0.138016,-0.764325,93.415306,18.150305,-0.03822,0.989755,0.090583,0.103533,-3.139852,114.206818,22.099436,0.059851,0.996773,0.012823,0.051925,-5.118205,134.755859,25.690899,0.109714,0.975849,-0.188157,-0.016681,-3.20579,149.222015,24.28767,-0.028142,0.928879,0.127188,0.346719,-8.526059,128.830887,24.530415,0.293719,-0.61933,0.002641,-0.728115,-21.781067,129.458939,13.141416,0.088532,0.134799,-0.459253,-0.873543,-15.999306,120.329559,-9.214661,0.206777,0.252397,-0.526754,-0.784901,-1.500294,142.437714,-5.088686,-0.031614,0.989992,0.113143,0.078204,-1.262481,129.254501,26.107767,0.316811,0.861909,0.151025,-0.365972,15.975773,130.039658,28.94062,-0.038945,0.116472,0.465261,-0.876613,29.170645,119.223801,10.899525,-0.023603,-0.195856,0.66122,-0.723789,15.912065,139.476959,6.775292,0.057474,0.937366,0.220884,0.263158,-8.427081,85.239075,13.505679,0.085476,0.990094,-0.038043,0.104689,-8.118778,52.772991,-2.598356,-0.055534,0.965841,0.047494,0.248618,-16.548399,6.041116,0.133534,-0.072637,0.948923,-0.105545,0.288322,8.061813,86.257843,22.394249,0.017292,0.907328,-0.197479,0.370753,10.852143,51.205742,31.17185,-0.035647,0.904882,0.020082,0.423691,2.394637,7.379448,47.60709,-0.055534,0.965841,0.047494,0.248618,-9.067567,1.688629,-12.524467,-0.035647,0.904882,0.020082,0.423691,13.660026,2.239297,38.562649
308,2.566667,-0.033511,0.969026,0.021917,0.243691,-0.181206,85.748657,17.945784,-0.042617,0.984433,0.100181,0.137985,-0.762901,93.415489,18.146868,-0.038119,0.989763,0.090583,0.103493,-3.138628,114.207329,22.096964,0.059931,0.996771,0.012832,0.051879,-5.112655,134.756714,25.688934,0.109681,0.975846,-0.188186,-0.016754,-3.198072,149.222595,24.285997,-0.028025,0.92889,0.127343,0.346644,-8.521769,128.832397,24.528698,0.293835,-0.619432,0.002784,-0.727982,-21.778831,129.46579,13.142392,0.088826,0.134682,-0.45934,-0.873486,-16.003366,120.326195,-9.21113,0.207171,0.252692,-0.526601,-0.784805,-1.508264,142.436478,-5.099069,-0.03155,0.990002,0.113072,0.078201,-1.257955,129.254593,26.105335,0.317001,0.861829,0.151184,-0.365929,15.980453,130.03772,28.937786,-0.038741,0.116465,0.465327,-0.876587,29.170895,119.217537,10.896054,-0.023617,-0.19577,0.66132,-0.723721,15.916011,139.470627,6.767964,0.057492,0.937395,0.220855,0.263075,-8.425954,85.23967,13.50202,0.085437,0.990076,-0.03807,0.104886,-8.120927,52.772816,-2.600518,-0.055545,0.965854,0.047526,0.248562,-16.547676,6.040487,0.132609,-0.072626,0.948933,-0.105586,0.288275,8.063543,86.257652,22.389545,0.01728,0.907295,-0.197489,0.370831,10.852688,51.20607,31.169558,-0.03573,0.904887,0.019997,0.423677,2.394446,7.380116,47.605301,-0.055545,0.965854,0.047526,0.248562,-9.068128,1.688932,-12.52647,-0.03573,0.904887,0.019997,0.423677,13.660061,2.238822,38.561802
309,2.575,-0.033505,0.969022,0.02195,0.243707,-0.179917,85.748764,17.942152,-0.042529,0.984441,0.100158,0.137971,-0.761647,93.415573,18.143738,-0.038205,0.989759,0.090606,0.103482,-3.13322,114.205299,22.09297,0.060038,0.996765,0.012841,0.051871,-5.110862,134.754227,25.685537,0.109632,0.975851,-0.188182,-0.016812,-3.193225,149.219757,24.282993,-0.028063,0.928933,0.127274,0.346551,-8.518934,128.829346,24.525158,0.29369,-0.619465,0.002827,-0.728012,-21.778173,129.46022,13.141248,0.088494,0.134486,-0.459297,-0.873572,-16.004759,120.323036,-9.213795,0.206729,0.252215,-0.526865,-0.784897,-1.503153,142.43251,-5.101418,-0.031561,0.990003,0.113057,0.078202,-1.255183,129.252777,26.101757,0.317136,0.861786,0.15101,-0.365986,15.9832,130.036346,28.93425,-0.03867,0.116435,0.465486,-0.87651,29.167343,119.208374,10.892591,-0.023404,-0.195785,0.661374,-0.723674,15.919246,139.466217,6.76492,0.057406,0.937415,0.220896,0.262989,-8.424534,85.240036,13.498116,0.085542,0.990091,-0.038116,0.104643,-8.114279,52.773792,-2.605553,-0.055452,0.965839,0.047465,0.248649,-16.550604,6.043509,0.132881,-0.07263,0.948964,-0.105654,0.288149,8.064699,86.257484,22.38619,0.017361,0.907329,-0.197488,0.370743,10.853806,51.206982,31.170527,-0.035775,0.904841,0.020011,0.423772,2.390257,7.381243,47.60413,-0.055452,0.965839,0.047465,0.248649,-9.069805,1.689584,-12.524642,-0.035775,0.904841,0.020011,0.423772,13.658261,2.24095,38.563042
310,2.583333,-0.033593,0.969023,0.022081,0.243677,-0.173889,85.747543,17.936691,-0.042549,0.984437,0.100188,0.13797,-0.757416,93.414177,18.139912,-0.038235,0.989759,0.090574,0.103497,-3.130162,114.205338,22.090578,0.060123,0.99676,0.012805,0.051873,-5.108975,134.75441,25.681681,0.109652,0.975855,-0.188149,-0.016852,-3.188849,149.219513,24.278242,-0.027913,0.928966,0.127305,0.346463,-8.516706,128.829269,24.52158,0.293871,-0.619555,0.002744,-0.727863,-21.778374,129.464981,13.140762,0.088629,0.134451,-0.459235,-0.873597,-16.010445,120.323967,-9.214131,0.206779,0.252107,-0.526904,-0.784893,-1.505587,142.431534,-5.106326,-0.031498,0.990006,0.113141,0.07807,-1.253032,129.253189,26.098412,0.317299,0.86176,0.150917,-0.365945,15.986212,130.034882,28.926191,-0.03862,0.116376,0.465618,-0.87645,29.166687,119.198311,10.887001,-0.023274,-0.195814,0.661411,-0.723637,15.922636,139.462036,6.760924,0.057558,0.937406,0.22086,0.263015,-8.418664,85.237793,13.493058,0.085448,0.990061,-0.038203,0.104969,-8.119014,52.771664,-2.611042,-0.055603,0.965843,0.047583,0.248577,-16.548285,6.040481,0.133779,-0.072578,0.948909,-0.105712,0.288321,8.070887,86.257286,22.380325,0.017326,0.907292,-0.197505,0.370826,10.853588,51.207127,31.168058,-0.035757,0.904805,0.020074,0.423847,2.39093,7.381928,47.603561,-0.055603,0.965843,0.047583,0.248577,-9.0677,1.691035,-12.525415,-0.035757,0.904805,0.020074,0.423847,13.660501,2.24308,38.563591
311,2.591667,-0.033622,0.969022,0.022121,0.243674,-0.172099,85.748566,17.933342,-0.042547,0.98444,0.100188,0.137949,-0.756196,93.415138,18.137053,-0.038186,0.989763,0.090585,0.103466,-3.128664,114.205292,22.087584,0.060151,0.99676,0.012751,0.051858,-5.105394,134.754425,25.679424,0.109638,0.97586,-0.188133,-0.016848,-3.184429,149.219269,24.274408,-0.02792,0.928992,0.127246,0.346414,-8.513735,128.829636,24.519396,0.293875,-0.619643,0.002764,-0.727786,-21.776587,129.464157,13.139894,0.088826,0.134415,-0.459319,-0.873538,-16.014122,120.321014,-9.21554,0.207219,0.252365,-0.526602,-0.784896,-1.513696,142.431122,-5.115298,-0.031339,0.99007,0.112625,0.078071,-1.24991,129.252853,26.095718,0.317413,0.861694,0.150652,-0.36611,15.989679,130.030502,28.922516,-0.038581,0.116312,0.465817,-0.876355,29.160578,119.186508,10.880791,-0.023036,-0.195974,0.661378,-0.723632,15.924616,139.456635,6.757408,0.057556,0.937417,0.220902,0.262943,-8.416869,85.238495,13.489738,0.085466,0.990078,-0.038256,0.104776,-8.117448,52.773666,-2.617012,-0.055681,0.965849,0.047468,0.24856,-16.548353,6.043154,0.134268,-0.07258,0.948906,-0.105775,0.288308,8.07267,86.258636,22.376945,0.017277,0.907264,-0.19752,0.370891,10.85427,51.209461,31.168964,-0.035658,0.90486,0.020044,0.423739,2.394082,7.384664,47.606827,-0.055681,0.965849,0.047468,0.24856,-9.067554,1.691099,-12.523901,-0.035658,0.90486,0.020044,0.423739,13.660404,2.2437,38.564014
312,2.6,-0.033563,0.96903,0.022073,0.243655,-0.172713,85.7481,17.929729,-0.042513,0.984445,0.100222,0.137899,-0.755755,93.414772,18.132957,-0.038176,0.989771,0.09057,0.103408,-3.126768,114.204323,22.085175,0.060122,0.996765,0.012669,0.05182,-5.102791,134.753616,25.676531,0.109679,0.97586,-0.188105,-0.01684,-3.182673,149.218338,24.269005,-0.02784,0.928948,0.127423,0.346473,-8.51135,128.828842,24.517103,0.293842,-0.61972,0.00295,-0.727733,-21.772919,129.468384,13.13639,0.088483,0.134211,-0.459269,-0.87363,-16.015236,120.318375,-9.217466,0.206583,0.251894,-0.526916,-0.785005,-1.508498,142.426437,-5.117206,-0.031257,0.990078,0.112574,0.07808,-1.247338,129.251999,26.092571,0.31749,0.861653,0.150649,-0.366141,15.992376,130.026947,28.919331,-0.038529,0.11629,0.465831,-0.876352,29.15971,119.180473,10.876496,-0.023044,-0.195886,0.661349,-0.723682,15.924247,139.450699,6.752956,0.057582,0.937377,0.220893,0.263088,-8.417733,85.238853,13.486497,0.085455,0.990049,-0.038288,0.105045,-8.117807,52.773964,-2.620098,-0.055472,0.965844,0.047459,0.248629,-16.548746,6.043509,0.132076,-0.07261,0.948887,-0.105773,0.288364,8.072308,86.257347,22.372963,0.017336,0.907269,-0.197528,0.37087,10.855539,51.20845,31.165579,-0.035666,0.904801,0.020051,0.423864,2.390455,7.384121,47.602154,-0.055472,0.965844,0.047459,0.248629,-9.068289,1.689545,-12.525638,-0.035666,0.904801,0.020051,0.423864,13.659355,2.24352,38.562347
313,2.608333,-0.033523,0.969024,0.022019,0.24369,-0.172642,85.746872,17.926556,-0.042498,0.984448,0.100247,0.137867,-0.754888,93.41362,18.12912,-0.038162,0.989777,0.090565,0.103356,-3.125296,114.203217,22.082554,0.06017,0.996764,0.012662,0.051773,-5.100535,134.752579,25.673889,0.109687,0.975857,-0.188111,-0.016894,-3.179172,149.217117,24.266138,-0.02789,0.92898,0.127313,0.346425,-8.509335,128.82785,24.514896,0.293899,-0.619783,0.002831,-0.727656,-21.771976,129.464233,13.135251,0.088508,0.134157,-0.45926,-0.873641,-16.018145,120.315887,-9.22028,0.206596,0.251835,-0.526973,-0.784983,-1.509778,142.424301,-5.122879,-0.031199,0.990102,0.112377,0.078081,-1.245143,129.2509,26.089577,0.317575,0.861611,0.150725,-0.366135,15.994695,130.024368,28.915995,-0.038354,0.116225,0.465838,-0.876365,29.15954,119.176247,10.872338,-0.023005,-0.196005,0.661459,-0.72355,15.923679,139.445877,6.747561,0.05755,0.937378,0.22098,0.263018,-8.417395,85.238144,13.482764,0.085429,0.99005,-0.03842,0.105011,-8.114694,52.775776,-2.628875,-0.055469,0.965902,0.047407,0.248413,-16.544455,6.045872,0.136187,-0.072597,0.948863,-0.105755,0.288452,8.072111,86.255608,22.370348,0.017292,0.907207,-0.197518,0.371029,10.853982,51.206295,31.161741,-0.035499,0.90475,0.020279,0.423977,2.390105,7.381454,47.597569,-0.055469,0.965902,0.047407,0.248413,-9.069653,1.690152,-12.524265,-0.035499,0.90475,0.020279,0.423977,13.660489,2.244724,38.557415
314,2.616667,-0.033528,0.969011,0.022082,0.243732,-0.169946,85.747009,17.922348,-0.042475,0.984441,0.100289,0.13789,-0.75252,93.413712,18.125793,-0.038159,0.989779,0.090525,0.103378,-3.122204,114.202095,22.08091,0.060182,0.996763,0.012605,0.051794,-5.097234,134.751785,25.670565,0.109689,0.975859,-0.188103,-0.016877,-3.175392,149.216095,24.261225,-0.027829,0.929021,0.127203,0.346359,-8.506086,128.827026,24.511869,0.293903,-0.619829,0.002882,-0.727616,-21.770452,129.463715,13.134256,0.08847,0.134034,-0.459306,-0.873639,-16.019438,120.312759,-9.220926,0.206581,0.251676,-0.526973,-0.785037,-1.511233,142.422943,-5.128489,-0.031084,0.990101,0.112371,0.078143,-1.241961,129.250046,26.086855,0.317607,0.86156,0.150729,-0.366225,15.997791,130.019302,28.91494,-0.038349,0.11626,0.465846,-0.876356,29.15836,119.171402,10.86803,-0.023146,-0.195976,0.661348,-0.723655,15.923747,139.440567,6.741813,0.05766,0.937339,0.220905,0.263196,-8.414305,85.23848,13.477802,0.085394,0.990046,-0.038417,0.105079,-8.117517,52.774632,-2.630958,-0.055324,0.965863,0.047493,0.248581,-16.544153,6.044135,0.133634,-0.072538,0.948852,-0.105802,0.288488,8.074411,86.255539,22.366894,0.017239,0.907156,-0.197516,0.371157,10.850928,51.206326,31.160385,-0.035802,0.904759,0.020002,0.423945,2.389417,7.381248,47.596806,-0.055324,0.965863,0.047493,0.248581,-9.066364,1.689855,-12.52555,-0.035802,0.904759,0.020002,0.423945,13.661104,2.241172,38.560181
315,2.625,-0.033508,0.969012,0.0221,0.243732,-0.168579,85.74791,17.918495,-0.0425,0.984444,0.100304,0.137854,-0.750921,93.414619,18.122299,-0.038145,0.989782,0.090556,0.103325,-3.121558,114.202705,22.077919,0.060239,0.996763,0.012548,0.051752,-5.095923,134.752197,25.668993,0.109687,0.975855,-0.188119,-0.016918,-3.172503,149.216141,24.258005,-0.027903,0.929069,0.12703,0.346287,-8.50498,128.827545,24.510332,0.293797,-0.619876,0.002858,-0.727619,-21.770924,129.459381,13.134294,0.08846,0.133967,-0.459294,-0.873657,-16.02282,120.311859,-9.223037,0.206698,0.251676,-0.526945,-0.785025,-1.513131,142.421417,-5.133292,-0.030925,0.990091,0.112567,0.078055,-1.240676,129.250412,26.084536,0.31749,0.861584,0.150661,-0.366298,15.999892,130.013962,28.909163,-0.038428,0.116216,0.46578,-0.876394,29.161489,119.169998,10.860639,-0.02307,-0.195963,0.661231,-0.723768,15.923569,139.437134,6.737846,0.05767,0.937303,0.220907,0.263321,-8.412959,85.239838,13.473946,0.085401,0.990048,-0.038457,0.10504,-8.114647,52.776146,-2.635084,-0.05546,0.965872,0.047417,0.24853,-16.542154,6.046051,0.133585,-0.072564,0.948813,-0.105758,0.288625,8.075802,86.255981,22.363047,0.017243,0.907163,-0.197576,0.371109,10.853812,51.206375,31.15448,-0.035322,0.904723,0.020318,0.424046,2.390684,7.383549,47.596073,-0.05546,0.965872,0.047417,0.24853,-9.064412,1.690688,-12.525249,-0.035322,0.904723,0.020318,0.424046,13.660836,2.245641,38.556305
316,2.633333,-0.033507,0.969006,0.022162,0.243751,-0.167502,85.748787,17.914539,-0.042465,0.984436,0.100329,0.137904,-0.750059,93.415451,18.119253,-0.038093,0.989777,0.090565,0.103383,-3.119508,114.202606,22.075859,0.060263,0.996761,0.012528,0.051763,-5.09199,134.752197,25.667454,0.109652,0.975852,-0.188155,-0.016964,-3.16779,149.215988,24.255934,-0.027916,0.929053,0.127187,0.346274,-8.501577,128.827972,24.508217,0.293763,-0.619947,0.002951,-0.727572,-21.767834,129.461212,13.132609,0.088403,0.133848,-0.459277,-0.87369,-16.024088,120.310341,-9.224483,0.206536,0.251705,-0.527009,-0.785015,-1.511583,142.419357,-5.138541,-0.031014,0.990103,0.112454,0.078025,-1.237393,129.249954,26.083214,0.317615,0.86154,0.150756,-0.366255,16.003153,130.017059,28.907064,-0.038253,0.11615,0.465784,-0.876408,29.162401,119.169853,10.858759,-0.023002,-0.19597,0.661131,-0.72386,15.923779,139.436646,6.734738,0.05767,0.937323,0.220876,0.263274,-8.411716,85.241028,13.469637,0.085366,0.990061,-0.038474,0.104938,-8.114843,52.776325,-2.637394,-0.055429,0.965902,0.047483,0.248407,-16.539017,6.045794,0.134061,-0.072572,0.94881,-0.105821,0.288607,8.076713,86.256538,22.359444,0.017245,0.907164,-0.197582,0.371103,10.854033,51.207996,31.155331,-0.035726,0.904767,0.020007,0.423934,2.390681,7.385406,47.597454,-0.055429,0.965902,0.047483,0.248407,-9.064665,1.691875,-12.527278,-0.035726,0.904767,0.020007,0.423934,13.661429,2.244511,38.560112
317,2.641667,-0.03354,0.968998,0.022235,0.243767,-0.165196,85.748268,17.909792,-0.042472,0.984434,0.100361,0.137892,-0.748531,93.414848,18.115459,-0.038079,0.989778,0.090589,0.10336,-3.118429,114.20195,22.073416,0.060349,0.996758,0.012434,0.051748,-5.090343,134.751419,25.66609,0.109624,0.975856,-0.188147,-0.016992,-3.163603,149.2146,24.251926,-0.027895,0.929063,0.127121,0.346272,-8.500099,128.827301,24.506744,0.29383,-0.619972,0.002896,-0.727523,-21.76643,129.460403,13.131228,0.08844,0.133803,-0.459258,-0.873703,-16.024261,120.309105,-9.226081,0.206495,0.251675,-0.527071,-0.784994,-1.510426,142.417221,-5.143042,-0.030992,0.990106,0.112466,0.077983,-1.23583,129.249069,26.081394,0.317536,0.861548,0.150587,-0.366374,16.004988,130.015533,28.903706,-0.038317,0.116113,0.465783,-0.876411,29.162359,119.169357,10.853436,-0.022851,-0.195921,0.661231,-0.723786,15.923256,139.436508,6.732418,0.057707,0.937291,0.220889,0.263371,-8.40921,85.240242,13.464557,0.085346,0.99004,-0.038585,0.105106,-8.112967,52.776283,-2.643974,-0.055414,0.965913,0.047479,0.24837,-16.536831,6.046245,0.136691,-0.072544,0.948762,-0.105814,0.288777,8.078818,86.256287,22.355028,0.017156,0.907072,-0.197618,0.371314,10.852823,51.207329,31.150297,-0.035265,0.904715,0.020354,0.424068,2.39203,7.385811,47.596561,-0.055414,0.965913,0.047479,0.24837,-9.06361,1.692054,-12.525214,-0.035265,0.904715,0.020354,0.424068,13.662171,2.248114,38.55666
318,2.65,-0.033521,0.968993,0.022137,0.2438,-0.163769,85.746506,17.908726,-0.042443,0.984429,0.100403,0.137907,-0.74645,93.413177,18.112984,-0.038084,0.989779,0.090557,0.103378,-3.115562,114.201294,22.073061,0.06032,0.99676,0.01243,0.051742,-5.087592,134.750992,25.664373,0.10963,0.975842,-0.188212,-0.017018,-3.161699,149.214264,24.250053,-0.027788,0.929062,0.127137,0.346278,-8.497311,128.826797,24.50527,0.293823,-0.620041,0.00299,-0.727467,-21.763718,129.463608,13.130043,0.088664,0.133816,-0.459367,-0.873621,-16.02582,120.308098,-9.226648,0.207093,0.251895,-0.526861,-0.784907,-1.518685,142.41925,-5.149885,-0.030968,0.99008,0.112762,0.077895,-1.2331,129.248672,26.080164,0.317657,0.861466,0.151187,-0.366215,16.008253,130.013824,28.89958,-0.038015,0.115906,0.465689,-0.876501,29.167604,119.1735,10.847233,-0.022878,-0.196023,0.661192,-0.723794,15.922858,139.435059,6.72785,0.057695,0.9373,0.220948,0.26329,-8.407512,85.238411,13.462991,0.08535,0.990037,-0.038649,0.105114,-8.110645,52.77623,-2.649133,-0.055388,0.965914,0.047476,0.24837,-16.535515,6.046715,0.137442,-0.072582,0.948746,-0.105816,0.28882,8.079973,86.254593,22.35446,0.017215,0.907099,-0.197621,0.371243,10.856146,51.20607,31.150774,-0.035771,0.904728,0.020067,0.42401,2.391446,7.384863,47.595863,-0.055388,0.965914,0.047476,0.24837,-9.062542,1.692229,-12.524511,-0.035771,0.904728,0.020067,0.42401,13.664377,2.246133,38.560028
319,2.658333,-0.033467,0.968996,0.022128,0.243799,-0.164314,85.746948,17.905958,-0.042417,0.984427,0.10043,0.137905,-0.746162,93.413681,18.110285,-0.038078,0.989783,0.090514,0.103379,-3.114221,114.200462,22.071461,0.060341,0.996759,0.012415,0.051729,-5.085836,134.750488,25.661039,0.109655,0.975834,-0.188237,-0.017052,-3.159351,149.213654,24.246288,-0.027858,0.929087,0.127053,0.346234,-8.495675,128.826279,24.502415,0.29393,-0.620041,0.002831,-0.727425,-21.762989,129.459564,13.12805,0.088728,0.133813,-0.459345,-0.873627,-16.025011,120.306549,-9.229645,0.207085,0.251821,-0.526836,-0.784949,-1.516557,142.417465,-5.154433,-0.030838,0.990117,0.112464,0.077901,-1.231462,129.248123,26.077312,0.317614,0.861449,0.151168,-0.366299,16.010139,130.009598,28.89621,-0.038014,0.115828,0.465693,-0.87651,29.16782,119.171654,10.84121,-0.022784,-0.196108,0.661258,-0.723713,15.921968,139.434021,6.724961,0.057658,0.937281,0.220981,0.263339,-8.408133,85.239792,13.460257,0.085396,0.990035,-0.038676,0.105088,-8.107203,52.778362,-2.653295,-0.055396,0.965907,0.047351,0.248419,-16.536531,6.049791,0.135551,-0.072577,0.948743,-0.105788,0.288838,8.079505,86.254105,22.35166,0.01717,0.907061,-0.197656,0.37132,10.855725,51.205097,31.146017,-0.03572,0.904731,0.020004,0.424011,2.392314,7.385054,47.594868,-0.055396,0.965907,0.047351,0.248419,-9.062346,1.691877,-12.524507,-0.03572,0.904731,0.020004,0.424011,13.664511,2.244057,38.559395
320,2.666667,-0.033403,0.96899,0.022077,0.243833,-0.164261,85.745552,17.903358,-0.04236,0.984431,0.100441,0.13789,-0.744974,93.412384,18.107149,-0.03808,0.989788,0.090487,0.103354,-3.110626,114.199188,22.069149,0.060257,0.996767,0.012447,0.051662,-5.08212,134.74942,25.657627,0.109706,0.975816,-0.188294,-0.017133,-3.158341,149.212997,24.243521,-0.027864,0.929097,0.127066,0.346203,-8.491999,128.825134,24.499514,0.293965,-0.620034,0.00286,-0.727416,-21.760063,129.458252,13.126013,0.088716,0.133746,-0.459403,-0.873607,-16.021692,120.303177,-9.230735,0.207031,0.251785,-0.526794,-0.785003,-1.514934,142.41626,-5.158734,-0.030844,0.990115,0.112499,0.077873,-1.22771,129.247101,26.074032,0.31765,0.861437,0.151169,-0.366295,16.014032,130.008774,28.892023,-0.03799,0.115833,0.46569,-0.876511,29.170692,119.169464,10.837102,-0.022831,-0.196146,0.661058,-0.723884,15.925382,139.430695,6.720282,0.057571,0.937295,0.221034,0.263265,-8.407847,85.239334,13.457119,0.085423,0.990052,-0.038717,0.104883,-8.101257,52.778851,-2.658239,-0.0552,0.965935,0.047366,0.248351,-16.532957,6.051028,0.135885,-0.072522,0.94868,-0.105718,0.289086,8.079327,86.251762,22.349596,0.017042,0.906993,-0.197666,0.371486,10.851013,51.201099,31.138798,-0.03537,0.904685,0.020349,0.424123,2.395276,7.381019,47.591503,-0.0552,0.965935,0.047366,0.248351,-9.062473,1.691834,-12.525918,-0.03537,0.904685,0.020349,0.424123,13.667547,2.244581,38.553535
321,2.675,-0.033397,0.968981,0.022115,0.243866,-0.16277,85.744301,17.899525,-0.042491,0.984415,0.100441,0.137961,-0.743542,93.41111,18.103878,-0.037907,0.989786,0.090515,0.103407,-3.115374,114.200996,22.065565,0.060201,0.996769,0.0124,0.0517,-5.080015,134.751572,25.655859,0.109755,0.975793,-0.188388,-0.017067,-3.15766,149.215225,24.240393,-0.027918,0.929122,0.127007,0.346152,-8.49186,128.828568,24.496937,0.293963,-0.61997,0.00298,-0.727471,-21.76104,129.458969,13.124591,0.088718,0.133657,-0.45943,-0.873607,-16.018764,120.300583,-9.229797,0.206959,0.251713,-0.526788,-0.78505,-1.511951,142.414566,-5.162128,-0.030782,0.990121,0.112478,0.077859,-1.22754,129.247864,26.072016,0.317478,0.861509,0.150667,-0.366483,16.014412,130.007507,28.889244,-0.038197,0.115913,0.465732,-0.876469,29.169672,119.16671,10.834207,-0.022679,-0.196201,0.661223,-0.723723,15.925821,139.432236,6.718563,0.057606,0.937268,0.220991,0.263387,-8.406063,85.238388,13.452712,0.085425,0.990064,-0.038727,0.104767,-8.100615,52.776848,-2.66054,-0.055336,0.965935,0.047379,0.248321,-16.532261,6.049132,0.135516,-0.072508,0.948703,-0.105746,0.289004,8.080522,86.250214,22.346338,0.01704,0.906936,-0.197699,0.371608,10.851419,51.199837,31.136946,-0.035734,0.904706,0.020064,0.42406,2.392412,7.380995,47.591274,-0.055336,0.965935,0.047379,0.248321,-9.061174,1.69142,-12.526439,-0.035734,0.904706,0.020064,0.42406,13.665959,2.24176,38.556492
322,2.683333,-0.03339,0.968983,0.022109,0.24386,-0.162467,85.744965,17.897196,-0.042456,0.984415,0.100423,0.137983,-0.743113,93.411789,18.101492,-0.037928,0.989779,0.090548,0.103442,-3.113408,114.201477,22.062483,0.060258,0.996766,0.012398,0.051708,-5.079187,134.751724,25.653978,0.109767,0.975784,-0.188426,-0.017107,-3.155166,149.215149,24.238554,-0.027921,0.929123,0.127014,0.346149,-8.490697,128.828674,24.494427,0.293987,-0.619927,0.003032,-0.727497,-21.759956,129.45903,13.122169,0.088731,0.133634,-0.459467,-0.87359,-16.015049,120.298622,-9.230722,0.206967,0.251642,-0.526705,-0.785126,-1.510061,142.413361,-5.164822,-0.030743,0.990129,0.112434,0.077829,-1.226505,129.248169,26.070053,0.3176,0.861436,0.151195,-0.366332,16.015699,130.006714,28.886068,-0.03807,0.115746,0.465724,-0.876501,29.172617,119.170341,10.829565,-0.022756,-0.196241,0.661124,-0.723801,15.927291,139.433975,6.718253,0.057621,0.93727,0.220972,0.263395,-8.405827,85.239151,13.45049,0.08537,0.990038,-0.038766,0.105038,-8.101618,52.777122,-2.661802,-0.055337,0.965948,0.047383,0.24827,-16.529251,6.048796,0.1362,-0.072537,0.948711,-0.105762,0.288965,8.080893,86.250778,22.343903,0.017054,0.90692,-0.197711,0.371639,10.853801,51.200962,31.136089,-0.035741,0.904684,0.020023,0.424109,2.392705,7.382589,47.590603,-0.055337,0.965948,0.047383,0.24827,-9.059464,1.691122,-12.526538,-0.035741,0.904684,0.020023,0.424109,13.667139,2.24242,38.557453
323,2.691667,-0.033429,0.968985,0.02218,0.243843,-0.159777,85.745583,17.89436,-0.042441,0.984417,0.100403,0.137991,-0.741259,93.412315,18.099585,-0.037939,0.989774,0.09058,0.103458,-3.110843,114.202026,22.05979,0.0603,0.996763,0.012347,0.051729,-5.077261,134.751984,25.652546,0.109744,0.97578,-0.188461,-0.017098,-3.151869,149.215103,24.235748,-0.027918,0.929131,0.127118,0.346088,-8.488583,128.828918,24.492504,0.293911,-0.619947,0.003118,-0.727511,-21.759329,129.460373,13.122031,0.088701,0.133557,-0.45945,-0.873613,-16.015676,120.298897,-9.230745,0.206934,0.251644,-0.526682,-0.785149,-1.508631,142.413086,-5.167428,-0.030749,0.990119,0.112516,0.077839,-1.224452,129.248505,26.06839,0.31764,0.861396,0.151348,-0.366326,16.017681,130.007004,28.884865,-0.038079,0.115695,0.46576,-0.876488,29.173523,119.172287,10.826592,-0.022783,-0.196198,0.661132,-0.723804,15.929397,139.436874,6.71787,0.057628,0.937275,0.220986,0.263361,-8.403249,85.23938,13.4479,0.085366,0.990039,-0.038818,0.105017,-8.099827,52.777863,-2.665424,-0.055419,0.965952,0.047358,0.248241,-16.527575,6.049862,0.137693,-0.072528,0.948703,-0.105801,0.288977,8.083694,86.251778,22.340818,0.017063,0.906939,-0.197732,0.371581,10.855036,51.202454,31.135494,-0.035704,0.904693,0.020043,0.424092,2.39345,7.384908,47.591953,-0.055419,0.965952,0.047358,0.248241,-9.057749,1.692126,-12.525004,-0.035704,0.904693,0.020043,0.424092,13.667253,2.244755,38.557999
324,2.7,-0.03344,0.968977,0.02223,0.243866,-0.158285,85.746086,17.892065,-0.042493,0.984412,0.100411,0.138007,-0.740126,93.412773,18.097967,-0.037866,0.989775,0.090593,0.103459,-3.112019,114.202606,22.058245,0.060268,0.996767,0.012289,0.051688,-5.075475,134.752701,25.651857,0.109796,0.97577,-0.188479,-0.017151,-3.151072,149.215775,24.233232,-0.027963,0.929125,0.127084,0.346113,-8.487651,128.83017,24.491613,0.29393,-0.619931,0.003105,-0.727517,-21.757706,129.459839,13.120243,0.088748,0.133571,-0.459454,-0.873604,-16.01306,120.298515,-9.232328,0.207019,0.251638,-0.526743,-0.785088,-1.506104,142.413513,-5.169561,-0.030771,0.990117,0.112544,0.077817,-1.223444,129.248657,26.067432,0.31765,0.86138,0.151627,-0.36624,16.018761,130.007904,28.883251,-0.037981,0.115583,0.465713,-0.876533,29.177416,119.177437,10.824487,-0.022771,-0.196285,0.661243,-0.723679,15.930041,139.440002,6.718054,0.057583,0.937293,0.22099,0.263305,-8.401525,85.239914,13.445176,0.0854,0.990044,-0.038844,0.104936,-8.09599,52.778137,-2.667588,-0.055245,0.965957,0.047327,0.248264,-16.526854,6.050864,0.138294,-0.072555,0.948688,-0.105775,0.28903,8.084955,86.252251,22.338955,0.017126,0.906808,-0.197794,0.371865,10.858168,51.20282,31.132593,-0.03566,0.904609,0.019988,0.424277,2.383775,7.387838,47.589268,-0.055245,0.965957,0.047327,0.248264,-9.058205,1.690837,-12.524307,-0.03566,0.904609,0.019988,0.424277,13.660601,2.24584,38.560146
325,2.708333,-0.033396,0.968985,0.022158,0.243848,-0.15993,85.74556,17.891237,-0.04241,0.984418,0.10041,0.137988,-0.740848,93.412346,18.096247,-0.037916,0.989776,0.090568,0.103453,-3.109225,114.202591,22.057034,0.060325,0.996763,0.012285,0.051705,-5.074654,134.752731,25.649408,0.109773,0.975766,-0.18851,-0.017143,-3.148556,149.215561,24.230789,-0.027949,0.929125,0.127062,0.346122,-8.48626,128.829788,24.489521,0.293882,-0.619922,0.003135,-0.727544,-21.756107,129.459702,13.117928,0.088697,0.133545,-0.459442,-0.87362,-16.01091,120.298889,-9.234713,0.207006,0.251507,-0.526776,-0.785112,-1.502535,142.413864,-5.171583,-0.030794,0.990116,0.112541,0.077822,-1.222094,129.249069,26.065311,0.317731,0.86133,0.151681,-0.366265,16.020029,130.009109,28.881369,-0.03799,0.115511,0.46578,-0.876506,29.175217,119.177116,10.820983,-0.022792,-0.196285,0.661333,-0.723596,15.929866,139.442307,6.718054,0.057552,0.937286,0.221036,0.263299,-8.403389,85.239845,13.44471,0.085387,0.990041,-0.038856,0.104971,-8.094892,52.779282,-2.670442,-0.055246,0.965972,0.047345,0.248203,-16.524761,6.051886,0.136406,-0.072567,0.948656,-0.105739,0.289146,8.083529,86.251274,22.337765,0.017079,0.906741,-0.197809,0.372022,10.857292,51.201416,31.129513,-0.035873,0.904603,0.019923,0.424275,2.383561,7.386837,47.587597,-0.055246,0.965972,0.047345,0.248203,-9.057661,1.692326,-12.527265,-0.035873,0.904603,0.019923,0.424275,13.662209,2.245887,38.560165
326,2.716667,-0.033375,0.968989,0.02207,0.243845,-0.159536,85.744423,17.890606,-0.042432,0.984423,0.100386,0.137959,-0.739803,93.411293,18.094383,-0.037881,0.989781,0.090588,0.103408,-3.108865,114.201782,22.054159,0.060279,0.996771,0.012314,0.051607,-5.072752,134.751877,25.647596,0.109815,0.975756,-0.18853,-0.017268,-3.148324,149.214996,24.229546,-0.02797,0.929142,0.127032,0.346087,-8.484817,128.829178,24.487799,0.293913,-0.619884,0.003112,-0.727564,-21.755482,129.45787,13.117083,0.088437,0.133343,-0.459357,-0.873722,-16.00795,120.297478,-9.235142,0.20625,0.251151,-0.526994,-0.785278,-1.492256,142.408691,-5.173847,-0.030799,0.990107,0.112567,0.077893,-1.220467,129.247986,26.062887,0.317721,0.861314,0.151635,-0.366332,16.021263,130.007828,28.881451,-0.038071,0.115572,0.465805,-0.876481,29.174358,119.176193,10.819319,-0.022955,-0.196309,0.661291,-0.723623,15.930718,139.442673,6.715751,0.057556,0.937282,0.22103,0.263318,-8.403052,85.238693,13.444178,0.085353,0.990028,-0.038908,0.105097,-8.094649,52.777981,-2.67068,-0.055261,0.965986,0.047337,0.248147,-16.522242,6.050429,0.140342,-0.072552,0.948703,-0.105723,0.289001,8.08398,86.250153,22.337032,0.01708,0.906744,-0.197825,0.372006,10.858374,51.19989,31.126999,-0.035418,0.904567,0.020244,0.424375,2.384305,7.385898,47.586483,-0.055261,0.965986,0.047337,0.248147,-9.056437,1.690699,-12.524038,-0.035418,0.904567,0.020244,0.424375,13.661671,2.247529,38.555969
327,2.725,-0.033336,0.96899,0.022024,0.243847,-0.159006,85.744026,17.890015,-0.04245,0.984417,0.100402,0.137988,-0.73852,93.410965,18.09326,-0.037897,0.98978,0.090545,0.103448,-3.108615,114.201973,22.053627,0.060344,0.996762,0.01222,0.05172,-5.073107,134.75235,25.645138,0.109723,0.975758,-0.188583,-0.01712,-3.14632,149.214905,24.224684,-0.027936,0.929137,0.127023,0.346106,-8.484985,128.829498,24.485558,0.293934,-0.619866,0.003199,-0.727571,-21.755249,129.459305,13.114444,0.088705,0.133424,-0.459474,-0.873621,-16.006607,120.29538,-9.236041,0.20687,0.2514,-0.526769,-0.785186,-1.498391,142.410965,-5.178955,-0.03082,0.990101,0.112634,0.077875,-1.22078,129.24855,26.061228,0.317682,0.861358,0.151446,-0.366339,16.021004,130.009003,28.879292,-0.038142,0.115627,0.465784,-0.876482,29.17507,119.174957,10.819328,-0.023043,-0.196364,0.661458,-0.723452,15.930655,139.44165,6.714862,0.057474,0.937295,0.221057,0.263266,-8.402554,85.2388,13.443592,0.085421,0.990039,-0.038883,0.104947,-8.088962,52.778252,-2.671495,-0.055271,0.965975,0.047238,0.248204,-16.522194,6.051612,0.137773,-0.072537,0.948711,-0.105743,0.288972,8.084541,86.249252,22.336439,0.017092,0.906774,-0.197819,0.371935,10.857779,51.199131,31.127325,-0.036018,0.904604,0.019817,0.424266,2.384239,7.384959,47.586594,-0.055271,0.965975,0.047238,0.248204,-9.054938,1.689211,-12.524828,-0.036018,0.904604,0.019817,0.424266,13.663751,2.243105,38.560745
328,2.733333,-0.033315,0.968991,0.022033,0.243847,-0.158536,85.743523,17.888762,-0.042429,0.984415,0.100428,0.137989,-0.737772,93.410477,18.092215,-0.037905,0.989782,0.090508,0.103455,-3.107091,114.200882,22.053699,0.060338,0.996764,0.012317,0.051663,-5.071784,134.751511,25.643629,0.109767,0.975747,-0.188606,-0.017246,-3.145482,149.214417,24.22588,-0.027849,0.929132,0.126781,0.346216,-8.483603,128.828552,24.484434,0.293902,-0.619894,0.003253,-0.727559,-21.751381,129.458725,13.110442,0.088682,0.133393,-0.45949,-0.87362,-16.004524,120.293442,-9.239938,0.206848,0.251468,-0.526741,-0.785189,-1.496233,142.41008,-5.183693,-0.030823,0.990114,0.11255,0.077819,-1.219427,129.247757,26.060204,0.317705,0.86134,0.151619,-0.36629,16.022652,130.008789,28.876293,-0.038173,0.115566,0.465768,-0.876497,29.177765,119.176849,10.815826,-0.023153,-0.196363,0.661445,-0.723461,15.931973,139.443176,6.714617,0.057525,0.937288,0.221005,0.263321,-8.402104,85.238716,13.44233,0.085359,0.990048,-0.038887,0.104915,-8.092,52.776943,-2.670351,-0.055199,0.965997,0.047343,0.248118,-16.519442,6.049335,0.140185,-0.072517,0.948687,-0.105776,0.289043,8.085032,86.248329,22.335194,0.017053,0.906768,-0.197807,0.371958,10.855506,51.198505,31.128143,-0.035284,0.904572,0.020303,0.424372,2.385283,7.383776,47.587627,-0.055199,0.965997,0.047343,0.248118,-9.055015,1.689212,-12.524867,-0.035284,0.904572,0.020303,0.424372,13.66148,2.245205,38.555779
329,2.741667,-0.033333,0.968987,0.022055,0.243858,-0.157501,85.743835,17.888134,-0.042452,0.984416,0.100412,0.13799,-0.737098,93.410751,18.091839,-0.037892,0.989783,0.090507,0.103449,-3.107379,114.201965,22.052652,0.060259,0.996768,0.012247,0.051691,-5.071523,134.75264,25.642601,0.109788,0.975745,-0.188611,-0.017147,-3.147325,149.215622,24.222738,-0.027852,0.92912,0.12678,0.346247,-8.483501,128.829773,24.48345,0.293962,-0.619846,0.00326,-0.727576,-21.750515,129.459991,13.108566,0.088763,0.133386,-0.459515,-0.873599,-16.000654,120.293304,-9.240466,0.206932,0.251438,-0.526727,-0.785186,-1.494339,142.409958,-5.187072,-0.030819,0.990111,0.112598,0.0778,-1.219295,129.248795,26.059124,0.317689,0.861358,0.151848,-0.366167,16.0229,130.009628,28.874561,-0.038119,0.115521,0.465718,-0.876532,29.183018,119.181313,10.81557,-0.023112,-0.196369,0.661403,-0.723499,15.934652,139.445526,6.71478,0.057554,0.937276,0.221021,0.263346,-8.400952,85.2388,13.441512,0.08536,0.990038,-0.038907,0.104999,-8.092115,52.77779,-2.672739,-0.055257,0.965983,0.047297,0.248166,-16.520102,6.050351,0.138994,-0.072559,0.948729,-0.105802,0.288885,8.085951,86.248871,22.334757,0.01713,0.906784,-0.197816,0.371912,10.860227,51.199894,31.129875,-0.035678,0.904611,0.019949,0.424273,2.383859,7.385755,47.587776,-0.055257,0.965983,0.047297,0.248166,-9.053897,1.689456,-12.524745,-0.035678,0.904611,0.019949,0.424273,13.660625,2.242973,38.559032
330,2.75,-0.033374,0.96899,0.022027,0.243842,-0.155713,85.745308,17.889566,-0.042441,0.984419,0.100373,0.137996,-0.735812,93.412209,18.092714,-0.037917,0.989783,0.090486,0.103466,-3.105218,114.20208,22.051624,0.060335,0.996762,0.012306,0.051704,-5.070355,134.752838,25.640589,0.109734,0.975744,-0.188643,-0.017183,-3.143995,149.215698,24.22258,-0.028016,0.929089,0.127059,0.346216,-8.482042,128.829773,24.481569,0.293902,-0.619865,0.003219,-0.727584,-21.749487,129.457932,13.107077,0.088748,0.133376,-0.459502,-0.873609,-16.000805,120.294312,-9.243515,0.207048,0.251341,-0.526805,-0.785134,-1.493043,142.411469,-5.189882,-0.030848,0.990106,0.112623,0.077806,-1.217915,129.249176,26.057507,0.31763,0.861387,0.151623,-0.366243,16.024179,130.010925,28.873291,-0.038285,0.115549,0.465781,-0.876488,29.183382,119.181145,10.814508,-0.023033,-0.196369,0.661264,-0.723629,15.938272,139.447937,6.716724,0.057597,0.93727,0.221027,0.263353,-8.399256,85.239395,13.443216,0.085324,0.990036,-0.038921,0.105045,-8.09306,52.778934,-2.672189,-0.055254,0.965996,0.047342,0.24811,-16.517899,6.050998,0.140768,-0.072514,0.948721,-0.105817,0.288917,8.087831,86.251228,22.335917,0.017104,0.906796,-0.197807,0.371887,10.858408,51.202,31.131195,-0.035701,0.904637,0.019961,0.424216,2.385075,7.387414,47.589485,-0.055254,0.965996,0.047342,0.24811,-9.053133,1.691294,-12.524229,-0.035701,0.904637,0.019961,0.424216,13.660992,2.245196,38.559361
331,2.758333,-0.033386,0.968984,0.021993,0.243866,-0.155437,85.744225,17.89032,-0.042426,0.984423,0.100348,0.137992,-0.735592,93.411133,18.092899,-0.037933,0.989784,0.090475,0.103455,-3.104252,114.201736,22.050968,0.060279,0.99677,0.012225,0.051646,-5.069993,134.752518,25.639402,0.109836,0.975739,-0.188608,-0.01725,-3.145346,149.215363,24.21883,-0.027856,0.929099,0.126775,0.346304,-8.481507,128.82933,24.480606,0.293992,-0.619847,0.003214,-0.727563,-21.747129,129.459625,13.104111,0.08854,0.133234,-0.459428,-0.87369,-15.997323,120.293678,-9.245234,0.20642,0.250954,-0.527097,-0.785227,-1.483247,142.408249,-5.191971,-0.030913,0.990103,0.112633,0.077811,-1.217367,129.248993,26.056402,0.317606,0.861414,0.151565,-0.366224,16.024555,130.012955,28.872633,-0.038299,0.115589,0.465758,-0.876494,29.185184,119.182571,10.81526,-0.022995,-0.196276,0.661248,-0.72367,15.93924,139.44902,6.715973,0.05762,0.93726,0.221042,0.26337,-8.398743,85.237953,13.443571,0.085293,0.99002,-0.038956,0.105208,-8.093534,52.778141,-2.673164,-0.05531,0.966007,0.047356,0.24805,-16.516315,6.049982,0.142061,-0.072509,0.948701,-0.105831,0.288978,8.087869,86.250504,22.337067,0.017104,0.906797,-0.19779,0.371895,10.85722,51.201447,31.133429,-0.035643,0.904651,0.02,0.424189,2.384353,7.386208,47.590218,-0.05531,0.966007,0.047356,0.24805,-9.052519,1.691074,-12.523776,-0.035643,0.904651,0.02,0.424189,13.659312,2.244236,38.558758
332,2.766667,-0.033363,0.968982,0.021942,0.243885,-0.154973,85.744125,17.890921,-0.042434,0.98442,0.100341,0.138016,-0.734597,93.411087,18.092819,-0.03793,0.989785,0.09043,0.103481,-3.103555,114.20089,22.050333,0.060268,0.996768,0.012301,0.051673,-5.069088,134.752029,25.636911,0.109763,0.975742,-0.188634,-0.017238,-3.144763,149.215118,24.218609,-0.027959,0.929096,0.126703,0.346331,-8.480657,128.828781,24.478432,0.293996,-0.619829,0.003177,-0.727577,-21.745438,129.454971,13.100725,0.088751,0.133278,-0.459577,-0.873584,-15.994546,120.290497,-9.248945,0.206898,0.251327,-0.526862,-0.78514,-1.488917,142.410309,-5.200426,-0.030909,0.990113,0.112532,0.077828,-1.216592,129.248459,26.05459,0.317578,0.861424,0.151591,-0.366214,16.025253,130.012466,28.871302,-0.038284,0.115591,0.465693,-0.876529,29.187138,119.183525,10.813965,-0.023038,-0.196242,0.661265,-0.723662,15.937807,139.448563,6.713752,0.057561,0.937278,0.221059,0.263306,-8.398139,85.238045,13.443888,0.08537,0.990038,-0.038923,0.104983,-8.089721,52.778305,-2.672921,-0.055047,0.966008,0.047349,0.248105,-16.51874,6.051138,0.140343,-0.072499,0.948735,-0.105835,0.288868,8.088193,86.250206,22.337952,0.017131,0.906826,-0.197772,0.371832,10.857789,51.201088,31.133989,-0.035741,0.90464,0.019934,0.424207,2.384331,7.385281,47.588951,-0.055047,0.966008,0.047349,0.248105,-9.056148,1.689907,-12.525411,-0.035741,0.90464,0.019934,0.424207,13.660368,2.242858,38.559086
333,2.775,-0.033339,0.968985,0.021834,0.243886,-0.155379,85.742714,17.893375,-0.042424,0.984424,0.100314,0.138007,-0.734233,93.409775,18.093752,-0.037954,0.98979,0.090385,0.103473,-3.102647,114.200272,22.050335,0.060216,0.99677,0.012183,0.051719,-5.068947,134.751678,25.634945,0.10978,0.975742,-0.188634,-0.017114,-3.145801,149.2146,24.213236,-0.027946,0.92909,0.126665,0.346363,-8.480295,128.828186,24.477068,0.293945,-0.619824,0.003257,-0.727602,-21.744324,129.454498,13.098481,0.088674,0.133202,-0.4596,-0.873592,-15.993107,120.28878,-9.250601,0.206817,0.251223,-0.526884,-0.78518,-1.487197,142.409439,-5.203725,-0.030919,0.990117,0.11247,0.077868,-1.216232,129.248291,26.05312,0.317567,0.861445,0.151502,-0.366211,16.025379,130.01268,28.871181,-0.038242,0.115697,0.465668,-0.87653,29.187731,119.18222,10.815099,-0.023089,-0.196252,0.661202,-0.723716,15.938468,139.446152,6.709303,0.05747,0.937273,0.221117,0.263294,-8.398566,85.23658,13.446384,0.085437,0.990047,-0.0389,0.104854,-8.083015,52.777924,-2.672467,-0.055054,0.966007,0.047253,0.248125,-16.517729,6.051681,0.138976,-0.072461,0.94876,-0.105846,0.288792,8.087809,86.248848,22.340366,0.017107,0.906828,-0.197733,0.371851,10.855267,51.199497,31.136164,-0.035312,0.904618,0.02028,0.424273,2.384948,7.382128,47.588589,-0.055054,0.966007,0.047253,0.248125,-9.054656,1.687832,-12.525595,-0.035312,0.904618,0.02028,0.424273,13.659366,2.243247,38.554688
334,2.783333,-0.033296,0.968986,0.021823,0.243888,-0.157497,85.741104,17.893024,-0.042376,0.984424,0.100306,0.138027,-0.735681,93.408218,18.093405,-0.037931,0.989793,0.090323,0.103504,-3.102237,114.200089,22.050104,0.060181,0.996768,0.012095,0.051828,-5.067437,134.752029,25.632202,0.109681,0.975763,-0.188603,-0.016921,-3.144833,149.214798,24.208113,-0.027964,0.929116,0.126673,0.346288,-8.479095,128.828644,24.474808,0.294049,-0.619797,0.003188,-0.727583,-21.744898,129.454117,13.098251,0.088755,0.133163,-0.459614,-0.873582,-15.99201,120.288101,-9.250276,0.206841,0.251158,-0.52702,-0.785103,-1.486495,142.409195,-5.207412,-0.030909,0.990115,0.112477,0.077886,-1.215101,129.248459,26.051252,0.317499,0.861484,0.151103,-0.366345,16.026424,130.012405,28.869926,-0.038407,0.115814,0.46571,-0.876485,29.186058,119.178032,10.814217,-0.023076,-0.196199,0.661151,-0.723777,15.939599,139.444702,6.707379,0.057463,0.937254,0.221094,0.263383,-8.400721,85.235695,13.446023,0.085434,0.990051,-0.038885,0.104822,-8.083611,52.776241,-2.671199,-0.055035,0.966016,0.047272,0.248092,-16.517744,6.049829,0.139147,-0.072503,0.948734,-0.105812,0.288878,8.085728,86.246506,22.340029,0.017121,0.90684,-0.197756,0.371809,10.856046,51.197098,31.134668,-0.035709,0.904625,0.019948,0.424241,2.384459,7.380643,47.588871,-0.055035,0.966016,0.047272,0.248092,-9.055704,1.686314,-12.526147,-0.035709,0.904625,0.019948,0.424241,13.660902,2.238209,38.559517
335,2.791667,-0.03334,0.968981,0.021847,0.243898,-0.155871,85.740623,17.894939,-0.042389,0.984428,0.100268,0.138023,-0.734803,93.407669,18.095503,-0.037971,0.989792,0.09033,0.103496,-3.101644,114.199509,22.050468,0.06017,0.996773,0.012124,0.051741,-5.068496,134.751266,25.632715,0.109766,0.975749,-0.188608,-0.01708,-3.14654,149.214188,24.209276,-0.028067,0.929096,0.12648,0.346405,-8.479679,128.827591,24.475313,0.294026,-0.619796,0.003107,-0.727594,-21.742456,129.447906,13.094948,0.088677,0.133179,-0.459679,-0.873553,-15.989472,120.285484,-9.255038,0.20685,0.251105,-0.527096,-0.785066,-1.486701,142.409439,-5.209838,-0.031011,0.990108,0.112532,0.077849,-1.215706,129.248016,26.051697,0.317506,0.861503,0.15101,-0.36633,16.025803,130.015472,28.869537,-0.038362,0.11587,0.465696,-0.876487,29.185728,119.178665,10.815489,-0.023029,-0.196112,0.661244,-0.723717,15.93903,139.444977,6.705108,0.057563,0.93721,0.221113,0.263502,-8.398947,85.234528,13.447738,0.085389,0.990045,-0.038912,0.104904,-8.086137,52.776539,-2.672516,-0.055089,0.966037,0.047252,0.248002,-16.516581,6.049603,0.140177,-0.072509,0.948754,-0.105828,0.288806,8.087204,86.246712,22.34214,0.017158,0.906874,-0.19774,0.371731,10.858234,51.197613,31.137789,-0.035193,0.904619,0.020381,0.424276,2.385459,7.380706,47.59016,-0.055089,0.966037,0.047252,0.248002,-9.056342,1.685853,-12.526094,-0.035193,0.904619,0.020381,0.424276,13.659149,2.242941,38.554722
336,2.8,-0.033393,0.968976,0.021854,0.243914,-0.152979,85.739914,17.89628,-0.042382,0.984428,0.100245,0.138045,-0.73272,93.406906,18.096741,-0.037992,0.989788,0.090331,0.103523,-3.099278,114.199272,22.050819,0.060161,0.996774,0.01217,0.051717,-5.067076,134.750961,25.632957,0.109751,0.975747,-0.188624,-0.017159,-3.145521,149.21405,24.210762,-0.028112,0.929094,0.126426,0.346426,-8.477981,128.827164,24.475361,0.293983,-0.61983,0.003069,-0.727582,-21.74016,129.445435,13.094176,0.088685,0.133147,-0.459697,-0.873548,-15.989248,120.285263,-9.257266,0.206922,0.251193,-0.527106,-0.785012,-1.486981,142.409698,-5.213934,-0.031032,0.990108,0.112523,0.077859,-1.21411,129.247849,26.052156,0.317581,0.861468,0.151316,-0.366221,16.027308,130.016022,28.870388,-0.038176,0.115831,0.465653,-0.876523,29.188835,119.181297,10.816259,-0.022991,-0.196019,0.661185,-0.723798,15.940307,139.444656,6.703162,0.05755,0.937246,0.221142,0.263353,-8.395847,85.23291,13.448795,0.085409,0.990051,-0.038913,0.104832,-8.084168,52.775723,-2.673101,-0.054941,0.966025,0.047333,0.248068,-16.51626,6.049114,0.140135,-0.0725,0.948753,-0.105869,0.288796,8.089888,86.24691,22.343763,0.017185,0.90688,-0.197734,0.371719,10.85952,51.198341,31.141966,-0.035557,0.904647,0.020184,0.424197,2.384822,7.38126,47.592915,-0.054941,0.966025,0.047333,0.248068,-9.055716,1.686535,-12.526364,-0.035557,0.904647,0.020184,0.424197,13.659787,2.242956,38.559364
337,2.808333,-0.033437,0.968968,0.021883,0.243936,-0.15132,85.74115,17.896955,-0.042427,0.984426,0.100219,0.138061,-0.731831,93.408081,18.097673,-0.037978,0.98979,0.090299,0.103532,-3.100109,114.19989,22.05022,0.060203,0.996768,0.012175,0.051784,-5.06726,134.751862,25.631084,0.109657,0.975752,-0.188657,-0.017064,-3.144269,149.214798,24.209244,-0.028115,0.929088,0.126428,0.34644,-8.478347,128.828125,24.473783,0.294076,-0.619801,0.003066,-0.727569,-21.740189,129.446411,13.092218,0.088773,0.13317,-0.459723,-0.873522,-15.987529,120.283875,-9.257795,0.207027,0.251148,-0.52712,-0.78499,-1.486641,142.410019,-5.215783,-0.031091,0.99012,0.112334,0.077952,-1.214493,129.248627,26.050684,0.317543,0.861509,0.151136,-0.366234,16.026276,130.019028,28.872225,-0.038154,0.115942,0.465642,-0.876515,29.188538,119.182144,10.819938,-0.022893,-0.195936,0.661162,-0.723844,15.941052,139.444565,6.701695,0.057577,0.937211,0.221111,0.263497,-8.393926,85.23349,13.449067,0.085434,0.990025,-0.038925,0.105053,-8.082217,52.775539,-2.671268,-0.054898,0.966048,0.047337,0.247987,-16.517426,6.04943,0.140865,-0.072503,0.948734,-0.105837,0.288871,8.091286,86.24881,22.344845,0.017194,0.906867,-0.197737,0.371749,10.861129,51.199768,31.141117,-0.035298,0.904637,0.020238,0.424237,2.385027,7.382849,47.591747,-0.054898,0.966048,0.047337,0.247987,-9.059399,1.686506,-12.526994,-0.035298,0.904637,0.020238,0.424237,13.658412,2.242678,38.557297
338,2.816667,-0.033408,0.968965,0.021825,0.243958,-0.152202,85.740387,17.898672,-0.042425,0.984427,0.100207,0.138068,-0.732067,93.407387,18.098619,-0.037998,0.989792,0.090266,0.103537,-3.100312,114.200081,22.050831,0.060226,0.996766,0.012084,0.05181,-5.068173,134.752243,25.630251,0.109628,0.975753,-0.188677,-0.01703,-3.144325,149.214798,24.205864,-0.028151,0.929074,0.126402,0.346485,-8.479055,128.828308,24.473303,0.294157,-0.619789,0.003037,-0.727547,-21.739733,129.445313,13.090301,0.088903,0.133214,-0.459741,-0.873492,-15.986315,120.281532,-9.259018,0.207247,0.251162,-0.527246,-0.784843,-1.48689,142.409042,-5.218473,-0.031039,0.990109,0.112488,0.077897,-1.215236,129.249161,26.050291,0.317518,0.861543,0.150778,-0.366322,16.025959,130.017517,28.869843,-0.038322,0.116056,0.465709,-0.876458,29.18581,119.175301,10.818985,-0.022892,-0.195849,0.661084,-0.723939,15.941994,139.441437,6.699928,0.057523,0.93722,0.221135,0.263455,-8.394646,85.233009,13.450443,0.085471,0.990031,-0.0389,0.104979,-8.079531,52.775383,-2.670491,-0.054936,0.966014,0.047363,0.248105,-16.5177,6.049686,0.139572,-0.072487,0.948767,-0.105873,0.288752,8.090242,86.247765,22.346901,0.017186,0.907031,-0.197685,0.371377,10.859319,51.199127,31.144997,-0.035238,0.904714,0.020316,0.424073,2.392425,7.380211,47.595066,-0.054936,0.966014,0.047363,0.248105,-9.056217,1.687943,-12.526661,-0.035238,0.904714,0.020316,0.424073,13.662261,2.241168,38.555534
339,2.825,-0.033347,0.968964,0.02174,0.243975,-0.153462,85.739517,17.900492,-0.042434,0.984425,0.10021,0.138076,-0.732107,93.406639,18.099384,-0.038004,0.989796,0.090213,0.103543,-3.100849,114.200066,22.051794,0.060255,0.996761,0.012115,0.05186,-5.068751,134.752609,25.62896,0.109551,0.975751,-0.188734,-0.016965,-3.143951,149.215149,24.205622,-0.028122,0.929058,0.126534,0.346482,-8.479618,128.828568,24.472595,0.29411,-0.619756,0.003235,-0.727593,-21.740419,129.44812,13.089887,0.088903,0.133114,-0.459762,-0.873496,-15.985048,120.279099,-9.256763,0.20723,0.251112,-0.52724,-0.784867,-1.485349,142.406998,-5.220986,-0.031,0.990124,0.112346,0.077917,-1.215828,129.249573,26.049658,0.317642,0.861505,0.151008,-0.36621,16.025333,130.016907,28.86965,-0.03813,0.116024,0.465711,-0.876469,29.185328,119.173309,10.819745,-0.022932,-0.195913,0.661113,-0.723894,15.941594,139.43811,6.697715,0.057505,0.937199,0.221164,0.263509,-8.39582,85.232857,13.452031,0.085512,0.990028,-0.038881,0.104978,-8.077998,52.776001,-2.670407,-0.054782,0.966013,0.047281,0.248156,-16.519848,6.050837,0.137451,-0.072504,0.948842,-0.105906,0.288489,8.088897,86.246178,22.348953,0.017289,0.907144,-0.197657,0.371109,10.860864,51.198227,31.148872,-0.035724,0.904752,0.020007,0.423966,2.390929,7.378617,47.595516,-0.054782,0.966013,0.047281,0.248156,-9.058672,1.68558,-12.52775,-0.035724,0.904752,0.020007,0.423966,13.662283,2.237717,38.558949
340,2.833333,-0.033352,0.968961,0.021752,0.243987,-0.153271,85.737976,17.901632,-0.042461,0.984424,0.10018,0.138094,-0.732033,93.405083,18.100681,-0.037993,0.989797,0.090187,0.10356,-3.101864,114.198959,22.051672,0.060153,0.99677,0.012027,0.051832,-5.069258,134.75174,25.62781,0.109706,0.975739,-0.188706,-0.016976,-3.147376,149.214401,24.201693,-0.028112,0.929063,0.126511,0.346477,-8.480268,128.827728,24.471613,0.294281,-0.619697,0.003143,-0.727575,-21.741205,129.447311,13.089064,0.08878,0.133039,-0.459679,-0.873564,-15.982136,120.277214,-9.256194,0.206692,0.250705,-0.527489,-0.784972,-1.477306,142.401718,-5.219995,-0.031053,0.990135,0.112172,0.078005,-1.216516,129.248611,26.048893,0.317729,0.861485,0.151012,-0.366179,16.02405,130.017929,28.871983,-0.038038,0.116051,0.465724,-0.876463,29.182446,119.170761,10.823049,-0.022949,-0.195821,0.661236,-0.723806,15.940208,139.43454,6.698005,0.057631,0.937138,0.221139,0.263722,-8.395511,85.2313,13.452954,0.085436,0.99002,-0.038896,0.105114,-8.08305,52.774693,-2.6701,-0.054828,0.966055,0.047299,0.247979,-16.51832,6.04839,0.13876,-0.07243,0.948777,-0.105851,0.288743,8.08897,86.244659,22.350309,0.01714,0.907034,-0.197648,0.37139,10.85468,51.19508,31.145725,-0.035371,0.90473,0.020292,0.42403,2.392881,7.37462,47.594315,-0.054828,0.966055,0.047299,0.247979,-9.061226,1.683785,-12.529068,-0.035371,0.90473,0.020292,0.42403,13.663083,2.236643,38.554649
341,2.841667,-0.033395,0.968953,0.021741,0.244013,-0.15265,85.738419,17.903656,-0.04246,0.984421,0.10019,0.138114,-0.732026,93.405487,18.102358,-0.038004,0.989796,0.090168,0.103581,-3.101944,114.199432,22.053772,0.060132,0.996773,0.012012,0.051811,-5.069807,134.752319,25.629044,0.109743,0.975727,-0.188742,-0.017032,-3.148578,149.215012,24.202419,-0.028229,0.929063,0.126315,0.346539,-8.480676,128.828217,24.47291,0.294193,-0.619729,0.003154,-0.727583,-21.739878,129.44191,13.088012,0.088984,0.133153,-0.45975,-0.873488,-15.9828,120.273628,-9.258516,0.207269,0.251139,-0.527265,-0.784832,-1.483428,142.401093,-5.222989,-0.03093,0.990136,0.112256,0.077928,-1.217002,129.249268,26.05051,0.31753,0.861589,0.150251,-0.366422,16.024254,130.014404,28.870541,-0.038496,0.11627,0.465829,-0.876358,29.180109,119.162132,10.822825,-0.022968,-0.195834,0.661059,-0.723963,15.943468,139.43367,6.699072,0.057484,0.937166,0.221201,0.263603,-8.394601,85.230911,13.45453,0.08561,0.990053,-0.038835,0.104685,-8.072977,52.775063,-2.669856,-0.054718,0.966006,0.047273,0.248201,-16.522753,6.05115,0.135156,-0.072413,0.948764,-0.105809,0.288803,8.089299,86.245934,22.352781,0.017143,0.906977,-0.197659,0.371524,10.854216,51.195526,31.145155,-0.035762,0.904731,0.020003,0.424007,2.389265,7.375521,47.593315,-0.054718,0.966006,0.047273,0.248201,-9.061072,1.685197,-12.52951,-0.035762,0.904731,0.020003,0.424007,13.661806,2.235036,38.557983
342,2.85,-0.033428,0.968949,0.021767,0.244022,-0.151701,85.737617,17.904953,-0.042461,0.984422,0.100144,0.138138,-0.731659,93.404633,18.103912,-0.038023,0.989792,0.090171,0.103611,-3.101494,114.19928,22.053434,0.060198,0.996766,0.011994,0.051859,-5.070227,134.752075,25.628656,0.109679,0.975722,-0.188806,-0.017002,-3.146921,149.214478,24.20171,-0.028206,0.929089,0.126291,0.34648,-8.480837,128.827881,24.472292,0.294336,-0.619685,0.003039,-0.727563,-21.74151,129.441727,13.089125,0.088887,0.133099,-0.459622,-0.873574,-15.98168,120.273842,-9.256847,0.206779,0.250768,-0.527456,-0.784951,-1.474702,142.397217,-5.220123,-0.030937,0.990133,0.112261,0.07796,-1.217275,129.249146,26.050341,0.3177,0.861514,0.150856,-0.366201,16.023794,130.014374,28.871473,-0.03818,0.116079,0.465771,-0.876428,29.182302,119.165352,10.823742,-0.022895,-0.19574,0.661178,-0.723882,15.941837,139.432281,6.700798,0.057555,0.93718,0.221228,0.263514,-8.393524,85.229637,13.45565,0.085545,0.990024,-0.038887,0.104984,-8.077674,52.775246,-2.671784,-0.054957,0.96601,0.047214,0.248144,-16.522678,6.050661,0.136251,-0.072492,0.948817,-0.105861,0.28859,8.090123,86.245598,22.354258,0.017272,0.907141,-0.197662,0.371116,10.86127,51.196808,31.151104,-0.035344,0.904776,0.020257,0.423934,2.392554,7.377317,47.598701,-0.054957,0.96601,0.047214,0.248144,-9.06013,1.684929,-12.527972,-0.035344,0.904776,0.020257,0.423934,13.660463,2.23802,38.556923
343,2.858333,-0.033459,0.968951,0.021769,0.24401,-0.151202,85.737236,17.906242,-0.042477,0.984421,0.100136,0.138144,-0.731638,93.404213,18.105129,-0.038013,0.989792,0.090161,0.103621,-3.102095,114.198708,22.054152,0.060165,0.996768,0.011942,0.051882,-5.070444,134.751602,25.629013,0.109683,0.975718,-0.18883,-0.016952,-3.147932,149.213943,24.20055,-0.028222,0.929085,0.126293,0.346488,-8.481162,128.827469,24.472673,0.294254,-0.619702,0.00315,-0.727581,-21.741617,129.440857,13.089222,0.089072,0.133175,-0.459702,-0.873502,-15.982874,120.271255,-9.256333,0.207275,0.25116,-0.527136,-0.78491,-1.481287,142.397614,-5.221598,-0.031008,0.990121,0.112321,0.077991,-1.217622,129.248596,26.050863,0.317746,0.861502,0.150807,-0.366208,16.023123,130.015991,28.873396,-0.038164,0.116066,0.465799,-0.876415,29.179924,119.164322,10.826005,-0.022885,-0.195719,0.661314,-0.723764,15.940245,139.432571,6.703292,0.057673,0.937113,0.221204,0.263745,-8.393097,85.228691,13.457134,0.085486,0.990014,-0.038901,0.105128,-8.081781,52.774517,-2.670842,-0.054881,0.966026,0.047309,0.248079,-16.521832,6.049076,0.137858,-0.07252,0.948848,-0.105925,0.288457,8.090693,86.245781,22.35535,0.017334,0.907229,-0.197642,0.370908,10.863629,51.198284,31.156778,-0.035726,0.904833,0.019998,0.423794,2.393964,7.378265,47.60247,-0.054881,0.966026,0.047309,0.248079,-9.061613,1.68532,-12.528425,-0.035726,0.904833,0.019998,0.423794,13.661866,2.237022,38.561787
344,2.866667,-0.033488,0.96895,0.021816,0.244004,-0.15038,85.738426,17.90711,-0.0425,0.984417,0.100152,0.138157,-0.731417,93.40535,18.106592,-0.038024,0.989791,0.090141,0.103643,-3.102891,114.198708,22.055931,0.060144,0.996772,0.011977,0.051822,-5.071664,134.75174,25.62986,0.109751,0.975701,-0.188869,-0.017087,-3.150016,149.214279,24.202269,-0.02814,0.929034,0.126464,0.34657,-8.482255,128.827499,24.473606,0.294205,-0.61971,0.003373,-0.727593,-21.740879,129.44606,13.088303,0.089116,0.133192,-0.459689,-0.873501,-15.982699,120.269798,-9.254664,0.207411,0.251206,-0.527185,-0.784826,-1.480772,142.395996,-5.220165,-0.030942,0.990131,0.112232,0.078022,-1.218792,129.248779,26.052111,0.317741,0.861509,0.150746,-0.366221,16.021923,130.014008,28.875408,-0.038241,0.116154,0.465824,-0.876387,29.178396,119.161438,10.828328,-0.022967,-0.19566,0.661153,-0.723925,15.940672,139.431046,6.703729,0.057593,0.937152,0.221174,0.263649,-8.392295,85.229568,13.458073,0.08557,0.99005,-0.038817,0.104748,-8.07778,52.773773,-2.666567,-0.054798,0.966006,0.047325,0.248175,-16.523771,6.049076,0.136698,-0.072525,0.948825,-0.105907,0.288538,8.091534,86.247284,22.356146,0.017336,0.907234,-0.197663,0.370884,10.864408,51.199543,31.156666,-0.035232,0.904839,0.020247,0.423811,2.394354,7.380283,47.604198,-0.054798,0.966006,0.047325,0.248175,-9.061901,1.685205,-12.528574,-0.035232,0.904839,0.020247,0.423811,13.65863,2.239194,38.55891
345,2.875,-0.033479,0.968951,0.021763,0.244007,-0.151043,85.737183,17.908434,-0.042512,0.984418,0.100139,0.138155,-0.731744,93.404152,18.107151,-0.038026,0.989792,0.090142,0.103638,-3.103817,114.199257,22.056208,0.060005,0.996781,0.011857,0.051824,-5.072653,134.752274,25.630165,0.109837,0.975686,-0.188902,-0.017013,-3.154863,149.214966,24.198875,-0.028218,0.929072,0.126242,0.346544,-8.483227,128.828018,24.473942,0.294294,-0.619683,0.00323,-0.72758,-21.742334,129.441193,13.088912,0.089142,0.133247,-0.459641,-0.873516,-15.982483,120.267738,-9.254773,0.207313,0.251177,-0.52715,-0.784885,-1.479784,142.39119,-5.218277,-0.030959,0.990131,0.112179,0.078089,-1.219751,129.249329,26.052376,0.317652,0.86155,0.150233,-0.366413,16.020565,130.01503,28.877983,-0.038318,0.116192,0.465836,-0.876372,29.172861,119.15773,10.830693,-0.022833,-0.195719,0.661395,-0.723691,15.93468,139.430145,6.705877,0.057537,0.937178,0.221233,0.263521,-8.392944,85.228249,13.459381,0.085597,0.990052,-0.038819,0.10471,-8.07569,52.773869,-2.668065,-0.054965,0.966009,0.047229,0.248145,-16.524109,6.049621,0.135358,-0.07252,0.948828,-0.105857,0.288549,8.090858,86.246117,22.357485,0.017328,0.907157,-0.197679,0.371064,10.864404,51.197563,31.154543,-0.035316,0.904803,0.020261,0.42388,2.391172,7.378897,47.602005,-0.054965,0.966009,0.047229,0.248145,-9.061458,1.684363,-12.528973,-0.035316,0.904803,0.020261,0.42388,13.657722,2.239286,38.558708
346,2.883333,-0.033464,0.96895,0.02173,0.244018,-0.151492,85.73661,17.909592,-0.042501,0.984415,0.100156,0.138167,-0.731844,93.40361,18.107868,-0.038065,0.989791,0.090107,0.103657,-3.103558,114.198372,22.057632,0.060053,0.996776,0.011867,0.051868,-5.073942,134.751526,25.629955,0.109795,0.975677,-0.188976,-0.016979,-3.154609,149.21405,24.199125,-0.028207,0.929066,0.12625,0.346556,-8.484064,128.826965,24.474012,0.294344,-0.619713,0.003174,-0.727535,-21.742912,129.440659,13.088701,0.089207,0.133322,-0.459547,-0.873547,-15.984851,120.267281,-9.255483,0.207356,0.251163,-0.527098,-0.784913,-1.478693,142.387848,-5.216437,-0.031028,0.990138,0.112055,0.078148,-1.220691,129.248886,26.052767,0.317753,0.861545,0.150238,-0.366336,16.019154,130.017105,28.880573,-0.038294,0.116314,0.465861,-0.876344,29.171089,119.155083,10.835856,-0.023001,-0.195675,0.66107,-0.723995,15.93643,139.426514,6.705725,0.05757,0.937123,0.221269,0.263679,-8.393315,85.227806,13.46038,0.085659,0.990034,-0.038849,0.104816,-8.074862,52.774883,-2.66996,-0.054872,0.965983,0.047167,0.248279,-16.529724,6.051883,0.134786,-0.07252,0.948834,-0.105861,0.288528,8.090331,86.245415,22.358805,0.017363,0.907203,-0.19767,0.370956,10.863979,51.196934,31.156115,-0.035735,0.904847,0.019939,0.423765,2.390011,7.378045,47.602604,-0.054872,0.965983,0.047167,0.248279,-9.064621,1.684278,-12.527291,-0.035735,0.904847,0.019939,0.423765,13.65721,2.235368,38.561855
347,2.891667,-0.033457,0.968946,0.021722,0.244036,-0.151771,85.735275,17.910572,-0.042537,0.984413,0.100116,0.138197,-0.732005,93.40229,18.108744,-0.038048,0.989784,0.09017,0.10368,-3.105319,114.199127,22.056889,0.060035,0.996778,0.011842,0.051867,-5.075352,134.751862,25.63183,0.109828,0.975658,-0.189051,-0.016994,-3.156526,149.214386,24.200245,-0.028268,0.929056,0.126254,0.346577,-8.48557,128.82753,24.474977,0.294388,-0.619737,0.003095,-0.727497,-21.743774,129.439392,13.088817,0.089238,0.133391,-0.459479,-0.873569,-15.987185,120.267174,-9.256223,0.207318,0.251219,-0.526968,-0.784992,-1.478805,142.385468,-5.214233,-0.031023,0.990138,0.112017,0.078205,-1.222249,129.249054,26.05407,0.317764,0.861536,0.150259,-0.366339,16.017298,130.016953,28.883801,-0.038153,0.116319,0.465849,-0.876356,29.168766,119.154991,10.838716,-0.022897,-0.195689,0.661181,-0.723893,15.933853,139.424973,6.705153,0.057526,0.937133,0.221307,0.263619,-8.393437,85.226563,13.461057,0.08564,0.990046,-0.03886,0.104714,-8.072285,52.774464,-2.670897,-0.05494,0.966018,0.047206,0.248119,-16.525187,6.051233,0.135964,-0.072551,0.948834,-0.105858,0.288521,8.089895,86.243988,22.36009,0.017403,0.907213,-0.19767,0.370929,10.865794,51.195782,31.157764,-0.035723,0.904838,0.019994,0.423782,2.38885,7.377023,47.603077,-0.05494,0.966018,0.047206,0.248119,-9.063468,1.685094,-12.528616,-0.035723,0.904838,0.019994,0.423782,13.656488,2.235632,38.562145
348,2.9,-0.033494,0.968942,0.021784,0.244039,-0.14997,85.736305,17.910933,-0.042582,0.984409,0.100143,0.13819,-0.73098,93.403244,18.109886,-0.038089,0.989783,0.090166,0.103673,-3.106261,114.198997,22.058779,0.060084,0.996775,0.011819,0.051868,-5.07796,134.751633,25.633383,0.10983,0.975648,-0.189102,-0.017008,-3.157682,149.213913,24.201199,-0.02826,0.929037,0.126255,0.346628,-8.487697,128.826981,24.476648,0.294391,-0.619703,0.003193,-0.727524,-21.744692,129.439346,13.089122,0.08922,0.133383,-0.459519,-0.873551,-15.986042,120.263947,-9.254071,0.207256,0.251252,-0.526915,-0.785034,-1.47943,142.383606,-5.212336,-0.030945,0.990122,0.112232,0.078138,-1.224404,129.249161,26.055695,0.317823,0.861508,0.150862,-0.366106,16.015669,130.014008,28.882965,-0.037966,0.116191,0.465746,-0.876435,29.173744,119.159225,10.838382,-0.022932,-0.195665,0.661062,-0.724008,15.933558,139.423935,6.705675,0.057489,0.937209,0.221306,0.26336,-8.391558,85.227211,13.461325,0.085645,0.990053,-0.038836,0.104648,-8.072352,52.774776,-2.669981,-0.054964,0.966013,0.047169,0.248141,-16.525311,6.051451,0.135131,-0.072532,0.94882,-0.105911,0.288552,8.091619,86.245399,22.360538,0.01739,0.907259,-0.197631,0.370839,10.864789,51.197807,31.161514,-0.035413,0.904854,0.020198,0.423766,2.391994,7.377535,47.604912,-0.054964,0.966013,0.047169,0.248141,-9.062833,1.684503,-12.528716,-0.035413,0.904854,0.020198,0.423766,13.657003,2.23745,38.559975
349,2.908333,-0.03356,0.968943,0.021824,0.244023,-0.148924,85.73642,17.911602,-0.042583,0.984403,0.100137,0.138237,-0.731073,93.403259,18.11092,-0.038067,0.989775,0.090196,0.103738,-3.106594,114.199707,22.059553,0.06009,0.996774,0.011892,0.051851,-5.077738,134.752182,25.63538,0.10985,0.975627,-0.189185,-0.017117,-3.157423,149.214645,24.205299,-0.028283,0.929055,0.126241,0.346582,-8.487619,128.827805,24.477797,0.294342,-0.619788,0.003111,-0.727472,-21.745665,129.439026,13.091427,0.08926,0.133434,-0.459376,-0.873614,-15.992238,120.266869,-9.254436,0.207357,0.251258,-0.526879,-0.78503,-1.478824,142.382721,-5.210022,-0.030973,0.990126,0.112174,0.078155,-1.224503,129.249496,26.057777,0.317689,0.861582,0.150365,-0.366253,16.015417,130.015427,28.88571,-0.038178,0.116335,0.46575,-0.876405,29.172379,119.157242,10.842365,-0.022869,-0.195523,0.661068,-0.724042,15.933106,139.424225,6.708197,0.057593,0.93716,0.221263,0.263548,-8.390573,85.226295,13.462221,0.085581,0.990032,-0.03885,0.104895,-8.075992,52.773369,-2.668174,-0.054693,0.966043,0.04732,0.248053,-16.523712,6.049085,0.136764,-0.072524,0.948819,-0.105898,0.288564,8.092726,86.246536,22.360981,0.017415,0.90726,-0.197642,0.370827,10.865524,51.198654,31.160921,-0.035642,0.904853,0.020088,0.423755,2.390362,7.378885,47.604446,-0.054693,0.966043,0.04732,0.248053,-9.066061,1.684071,-12.530594,-0.035642,0.904853,0.020088,0.423755,13.656998,2.23888,38.561489
350,2.916667,-0.033621,0.968938,0.021838,0.244033,-0.148175,85.736961,17.913239,-0.042568,0.984404,0.100143,0.138233,-0.731279,93.403732,18.112528,-0.038143,0.989772,0.090196,0.103741,-3.106097,114.199135,22.061333,0.060125,0.99677,0.011875,0.051902,-5.080395,134.751373,25.636784,0.109844,0.975624,-0.189215,-0.017041,-3.158889,149.213654,24.206375,-0.028312,0.929059,0.126451,0.346494,-8.489367,128.826447,24.479235,0.294312,-0.619705,0.003155,-0.727555,-21.749508,129.438873,13.095358,0.089069,0.133301,-0.459284,-0.873702,-15.990978,120.267258,-9.249425,0.206822,0.250957,-0.527118,-0.785106,-1.471235,142.378922,-5.205477,-0.031022,0.990115,0.112221,0.078213,-1.226341,129.249268,26.059347,0.317657,0.861604,0.150272,-0.366265,16.013163,130.016541,28.889507,-0.0382,0.11641,0.465746,-0.876396,29.170698,119.157768,10.846925,-0.022814,-0.195381,0.661074,-0.724077,15.93252,139.42395,6.710196,0.057649,0.937136,0.221321,0.263569,-8.389662,85.225807,13.46367,0.085578,0.990021,-0.038893,0.104985,-8.077364,52.775215,-2.671477,-0.054746,0.966013,0.047278,0.248165,-16.525541,6.051212,0.136741,-0.072518,0.948837,-0.105888,0.28851,8.09331,86.248108,22.362808,0.017419,0.907244,-0.19764,0.370869,10.866421,51.200031,31.161865,-0.035149,0.904809,0.020475,0.42387,2.390249,7.380194,47.604698,-0.054746,0.966013,0.047278,0.248165,-9.064493,1.68557,-12.528408,-0.035149,0.904809,0.020475,0.42387,13.655782,2.244017,38.558182
351,2.925,-0.033617,0.968931,0.021853,0.244062,-0.148634,85.737556,17.913622,-0.04258,0.984401,0.10017,0.138231,-0.731738,93.40432,18.113131,-0.038145,0.989773,0.090189,0.103729,-3.107005,114.197876,22.062666,0.060133,0.996769,0.011906,0.0519,-5.081298,134.750153,25.637854,0.109822,0.97562,-0.189247,-0.017044,-3.15962,149.212509,24.208342,-0.028232,0.929033,0.126685,0.346484,-8.490273,128.825211,24.480465,0.294402,-0.619754,0.003139,-0.727477,-21.750801,129.443054,13.097342,0.089135,0.133313,-0.459214,-0.87373,-15.99527,120.26857,-9.247025,0.206838,0.250868,-0.5271,-0.785142,-1.472224,142.378311,-5.203577,-0.031019,0.990115,0.11222,0.078213,-1.227215,129.248077,26.060411,0.317666,0.861596,0.15038,-0.366232,16.012291,130.015228,28.890558,-0.038136,0.116409,0.465707,-0.87642,29.170752,119.157921,10.847775,-0.022815,-0.195328,0.661005,-0.724154,15.9311,139.422165,6.709507,0.057609,0.93713,0.221344,0.26358,-8.389863,85.226563,13.463561,0.085642,0.990035,-0.038885,0.10481,-8.074203,52.77636,-2.672306,-0.054743,0.966004,0.047239,0.24821,-16.527758,6.053331,0.13601,-0.072542,0.948853,-0.105913,0.288442,8.092594,86.24855,22.363682,0.01746,0.907255,-0.197616,0.370853,10.867439,51.201092,31.164694,-0.0357,0.904836,0.020119,0.423784,2.388816,7.380491,47.604218,-0.054743,0.966004,0.047239,0.24821,-9.065619,1.686634,-12.528126,-0.0357,0.904836,0.020119,0.423784,13.656738,2.242037,38.561977
352,2.933333,-0.033621,0.968933,0.021883,0.244048,-0.149437,85.735733,17.91428,-0.042655,0.984397,0.100184,0.138225,-0.732709,93.402466,18.114237,-0.038111,0.989773,0.090219,0.103714,-3.111433,114.197899,22.064383,0.060264,0.996761,0.012018,0.05188,-5.08441,134.750061,25.640976,0.109826,0.975604,-0.189319,-0.017122,-3.159149,149.212265,24.214872,-0.028158,0.92903,0.126417,0.346597,-8.493769,128.825378,24.483337,0.294414,-0.619757,0.003162,-0.727469,-21.751699,129.442902,13.097172,0.089367,0.133415,-0.459296,-0.873648,-15.996353,120.267166,-9.246731,0.207302,0.251284,-0.526931,-0.785001,-1.480004,142.378967,-5.205507,-0.031193,0.990123,0.112086,0.078234,-1.230627,129.247726,26.063034,0.3177,0.861631,0.150177,-0.366204,16.008389,130.02121,28.894442,-0.038,0.116484,0.465633,-0.876455,29.166815,119.158005,10.855174,-0.022813,-0.195308,0.661145,-0.724032,15.924827,139.418976,6.710268,0.057563,0.937142,0.221366,0.263532,-8.390782,85.2248,13.464429,0.085638,0.99002,-0.0389,0.104948,-8.072401,52.774918,-2.672017,-0.05479,0.96604,0.047236,0.248059,-16.526165,6.051949,0.136627,-0.072558,0.948807,-0.105827,0.288619,8.091908,86.246666,22.364132,0.017432,0.9072,-0.197662,0.370965,10.868016,51.198059,31.160147,-0.035253,0.90481,0.020393,0.423865,2.388196,7.379103,47.603436,-0.05479,0.96604,0.047236,0.248059,-9.067462,1.685348,-12.529566,-0.035253,0.90481,0.020393,0.423865,13.654329,2.242106,38.558136
353,2.941667,-0.03362,0.968934,0.021866,0.244044,-0.151462,85.735405,17.914999,-0.042647,0.984402,0.100207,0.138176,-0.734656,93.402161,18.114698,-0.038139,0.989779,0.090213,0.103656,-3.112964,114.197395,22.065926,0.060138,0.996771,0.011914,0.051855,-5.086857,134.749512,25.642288,0.109945,0.975605,-0.189253,-0.017044,-3.16519,149.211868,24.212915,-0.028183,0.928997,0.126474,0.346663,-8.495966,128.824585,24.485157,0.294415,-0.619759,0.003133,-0.727468,-21.75226,129.442291,13.097098,0.089066,0.133353,-0.459258,-0.873708,-15.997005,120.267548,-9.247233,0.206765,0.250871,-0.527099,-0.785162,-1.476647,142.378555,-5.200564,-0.031104,0.990116,0.112217,0.078171,-1.232675,129.247437,26.064035,0.317559,0.861694,0.149908,-0.366288,16.00688,130.017731,28.893045,-0.038201,0.116546,0.465607,-0.876452,29.166676,119.155289,10.854332,-0.022769,-0.195203,0.66111,-0.724093,15.923086,139.417999,6.710985,0.057557,0.937084,0.221383,0.263725,-8.392843,85.224403,13.465225,0.085666,0.990038,-0.038886,0.104753,-8.070378,52.775013,-2.672142,-0.054786,0.966048,0.047225,0.248032,-16.526047,6.05239,0.136541,-0.072523,0.948832,-0.105799,0.288556,8.089921,86.246407,22.364771,0.017428,0.907239,-0.197668,0.370864,10.864849,51.197006,31.15797,-0.035949,0.904831,0.02001,0.423779,2.386952,7.378274,47.602859,-0.054786,0.966048,0.047225,0.248032,-9.068092,1.68541,-12.529964,-0.035949,0.904831,0.02001,0.423779,13.656837,2.240171,38.562862
354,2.95,-0.033613,0.968922,0.02191,0.244089,-0.151011,85.735939,17.915211,-0.042644,0.984394,0.10023,0.138215,-0.734282,93.402672,18.115559,-0.038197,0.98977,0.09024,0.103697,-3.112731,114.197334,22.067595,0.060258,0.996761,0.011996,0.051898,-5.08929,134.749054,25.644722,0.109854,0.975612,-0.189269,-0.017066,-3.16412,149.211212,24.21801,-0.028258,0.928997,0.126715,0.346569,-8.497618,128.823807,24.487009,0.294463,-0.619754,0.003056,-0.727453,-21.756039,129.441574,13.101427,0.089345,0.133449,-0.459351,-0.873617,-16.000473,120.268227,-9.243403,0.207293,0.25128,-0.526915,-0.785015,-1.486809,142.382568,-5.200406,-0.03114,0.990102,0.112323,0.078176,-1.23452,129.247406,26.066568,0.317516,0.861712,0.150097,-0.366207,16.00493,130.0186,28.895966,-0.03799,0.11647,0.465487,-0.876535,29.169024,119.160568,10.857728,-0.022627,-0.195285,0.661213,-0.723982,15.919271,139.418304,6.712169,0.057535,0.937135,0.22142,0.263518,-8.39199,85.225281,13.464647,0.085671,0.990056,-0.038878,0.10459,-8.070876,52.776909,-2.674782,-0.054576,0.966024,0.047235,0.248171,-16.526451,6.0543,0.134451,-0.07252,0.94884,-0.10578,0.288539,8.089967,86.246597,22.365772,0.017409,0.907198,-0.197683,0.370959,10.86525,51.196869,31.157566,-0.035773,0.90482,0.020092,0.423813,2.386788,7.378614,47.603443,-0.054576,0.966024,0.047235,0.248171,-9.067001,1.686038,-12.53073,-0.035773,0.90482,0.020092,0.423813,13.655922,2.240415,38.562565
355,2.958333,-0.033674,0.968926,0.022005,0.244058,-0.150963,85.73674,17.915337,-0.042572,0.984406,0.100272,0.138127,-0.735489,93.403336,18.116888,-0.038345,0.989772,0.090249,0.103614,-3.110571,114.19606,22.070959,0.060351,0.996756,0.011949,0.051892,-5.092983,134.747238,25.647943,0.109831,0.97563,-0.189192,-0.017038,-3.165082,149.208923,24.219994,-0.028363,0.928969,0.126989,0.346534,-8.499641,128.820923,24.490828,0.294396,-0.619748,0.002987,-0.727485,-21.758705,129.438477,13.105981,0.089287,0.133403,-0.459406,-0.873601,-16.002768,120.269737,-9.240649,0.207335,0.251224,-0.526853,-0.785063,-1.490703,142.386246,-5.198651,-0.03121,0.990108,0.112256,0.078172,-1.236454,129.246796,26.069366,0.317468,0.86174,0.150203,-0.366137,16.002861,130.02063,28.89887,-0.037929,0.116466,0.465425,-0.876571,29.171001,119.165573,10.861792,-0.022554,-0.195305,0.661111,-0.724071,15.919046,139.420013,6.714918,0.057613,0.937087,0.221371,0.26371,-8.392155,85.225395,13.465246,0.08561,0.990033,-0.038909,0.104841,-8.073976,52.7761,-2.672388,-0.054744,0.966046,0.047312,0.248032,-16.5249,6.052735,0.138283,-0.072564,0.948777,-0.105776,0.288737,8.090229,86.248085,22.365427,0.01743,0.907182,-0.19765,0.371013,10.866776,51.198757,31.158453,-0.035781,0.904773,0.020098,0.423913,2.386674,7.379317,47.60033,-0.054744,0.966046,0.047312,0.248032,-9.067277,1.687891,-12.529153,-0.035781,0.904773,0.020098,0.423913,13.657896,2.241457,38.561867
356,2.966667,-0.033708,0.968921,0.02208,0.244067,-0.151336,85.738411,17.915752,-0.042558,0.984405,0.100269,0.138136,-0.736654,93.404922,18.118303,-0.03836,0.989766,0.090306,0.103623,-3.111026,114.196327,22.072056,0.060384,0.996754,0.012022,0.051867,-5.094355,134.747025,25.651291,0.109812,0.975636,-0.189166,-0.017114,-3.165663,149.208801,24.225464,-0.028291,0.928987,0.127081,0.346459,-8.500748,128.820679,24.49345,0.294417,-0.619766,0.002921,-0.727461,-21.761768,129.441345,13.111049,0.08907,0.13326,-0.45928,-0.873711,-16.006901,120.274063,-9.23646,0.206712,0.250933,-0.527179,-0.785102,-1.486714,142.385025,-5.194463,-0.031201,0.990106,0.112323,0.07811,-1.237605,129.246689,26.072172,0.317368,0.861762,0.150053,-0.366233,16.002073,130.020264,28.899544,-0.038097,0.116479,0.465443,-0.876552,29.169868,119.167137,10.861041,-0.022486,-0.195255,0.660945,-0.724239,15.918541,139.423553,6.717494,0.057639,0.937084,0.221329,0.263751,-8.392404,85.226807,13.465458,0.085599,0.990021,-0.038886,0.104973,-8.076174,52.776371,-2.669945,-0.054827,0.966026,0.047376,0.248078,-16.526217,6.052658,0.137557,-0.072624,0.948746,-0.105745,0.288836,8.089731,86.250015,22.366047,0.01744,0.907165,-0.197674,0.371042,10.870105,51.200832,31.158421,-0.035896,0.904788,0.020008,0.423874,2.387779,7.382348,47.601692,-0.054827,0.966026,0.047376,0.248078,-9.066508,1.690354,-12.529531,-0.035896,0.904788,0.020008,0.423874,13.659029,2.243598,38.563763
357,2.975,-0.033712,0.968926,0.022115,0.244041,-0.152849,85.739212,17.91633,-0.042526,0.984407,0.100267,0.138136,-0.738344,93.405701,18.119392,-0.038406,0.989758,0.090354,0.103635,-3.111355,114.197304,22.073292,0.060362,0.996755,0.012012,0.051887,-5.096833,134.747498,25.654293,0.109797,0.97564,-0.189153,-0.017081,-3.168705,149.20932,24.228165,-0.028339,0.92898,0.127097,0.346466,-8.502601,128.820908,24.495823,0.294304,-0.619775,0.002962,-0.7275,-21.763355,129.440231,13.113043,0.088961,0.133206,-0.459348,-0.873694,-16.009048,120.274857,-9.23538,0.206707,0.250924,-0.527188,-0.7851,-1.491371,142.38768,-5.193658,-0.031261,0.9901,0.112358,0.078109,-1.239551,129.247498,26.0748,0.317345,0.861769,0.150128,-0.366206,16.0,130.023056,28.902384,-0.038005,0.116426,0.465357,-0.876609,29.169512,119.171997,10.863903,-0.022444,-0.195262,0.661024,-0.724166,15.913714,139.425278,6.720086,0.05761,0.93709,0.221329,0.263737,-8.394145,85.227676,13.466455,0.085602,0.990043,-0.038843,0.104782,-8.07618,52.776997,-2.668407,-0.054751,0.96602,0.047381,0.248119,-16.525476,6.053,0.136637,-0.072621,0.948754,-0.105739,0.288809,8.088447,86.250748,22.366207,0.017408,0.907164,-0.197653,0.371058,10.869039,51.201462,31.158096,-0.035282,0.904753,0.02045,0.42398,2.389946,7.382095,47.60067,-0.054751,0.96602,0.047381,0.248119,-9.065461,1.690267,-12.53012,-0.035282,0.904753,0.02045,0.42398,13.658881,2.247038,38.557758
358,2.983333,-0.033717,0.968925,0.022104,0.244047,-0.153964,85.738441,17.917341,-0.042569,0.984406,0.100263,0.138132,-0.739494,93.404938,18.120224,-0.038377,0.989758,0.090382,0.10362,-3.114432,114.197922,22.073963,0.060274,0.996761,0.012011,0.051866,-5.098765,134.748001,25.656288,0.109819,0.975648,-0.189105,-0.017062,-3.173249,149.210159,24.229973,-0.028255,0.928971,0.126963,0.346548,-8.504869,128.82164,24.497587,0.294282,-0.619783,0.00308,-0.727501,-21.763798,129.442444,13.112765,0.088895,0.133207,-0.459445,-0.87365,-16.010035,120.273338,-9.234267,0.206718,0.250946,-0.527248,-0.78505,-1.496907,142.389435,-5.19162,-0.031343,0.990102,0.112322,0.078101,-1.241737,129.247772,26.076313,0.317362,0.861757,0.150142,-0.366215,15.997678,130.026306,28.903919,-0.037825,0.116293,0.46532,-0.876654,29.16634,119.175041,10.864942,-0.022233,-0.195398,0.661173,-0.724,15.907902,139.425552,6.722608,0.057636,0.93707,0.22134,0.263794,-8.395203,85.226784,13.467378,0.085554,0.990025,-0.038879,0.10497,-8.077766,52.776653,-2.668607,-0.054728,0.966042,0.047338,0.248045,-16.523478,6.052148,0.13868,-0.072592,0.948804,-0.10573,0.288655,8.087276,86.250107,22.367304,0.017409,0.907164,-0.197652,0.371059,10.867462,51.200367,31.157511,-0.035956,0.904781,0.020034,0.423884,2.388284,7.38096,47.599949,-0.054728,0.966042,0.047338,0.248045,-9.065651,1.687915,-12.528847,-0.035956,0.904781,0.020034,0.423884,13.660428,2.243649,38.562321
359,2.991667,-0.033726,0.968925,0.022114,0.244044,-0.155125,85.73822,17.918056,-0.042613,0.984407,0.100292,0.138087,-0.740821,93.404694,18.121056,-0.038373,0.989765,0.090382,0.103558,-3.117609,114.197334,22.075861,0.060302,0.996759,0.012006,0.051884,-5.101538,134.747421,25.658318,0.109751,0.975659,-0.189092,-0.016979,-3.175132,149.209457,24.231943,-0.028296,0.928991,0.126889,0.346518,-8.507773,128.82106,24.500074,0.294252,-0.619776,0.003018,-0.72752,-21.767353,129.439514,13.115881,0.088847,0.133203,-0.459474,-0.87364,-16.0131,120.273682,-9.232373,0.206733,0.250882,-0.527243,-0.785069,-1.501222,142.390778,-5.188854,-0.031331,0.990108,0.11226,0.078121,-1.244446,129.247223,26.077896,0.317288,0.861766,0.15011,-0.366271,15.994881,130.025452,28.906107,-0.037802,0.116301,0.46526,-0.876686,29.16382,119.176994,10.865629,-0.02225,-0.1955,0.661092,-0.724046,15.902986,139.42511,6.722231,0.057571,0.937126,0.221344,0.263605,-8.396379,85.22644,13.468133,0.085566,0.990032,-0.038847,0.104912,-8.077728,52.775909,-2.667004,-0.054792,0.966019,0.047349,0.248119,-16.524078,6.051355,0.137635,-0.072623,0.948769,-0.105651,0.288792,8.086128,86.249992,22.367979,0.01743,0.907166,-0.197673,0.371042,10.868847,51.199375,31.153875,-0.035282,0.904701,0.020415,0.424093,2.387455,7.380816,47.597424,-0.054792,0.966019,0.047349,0.248119,-9.063684,1.688036,-12.528692,-0.035282,0.904701,0.020415,0.424093,13.658518,2.244938,38.557632
360,3.0,-0.033716,0.968926,0.02217,0.244038,-0.155868,85.738029,17.918177,-0.042617,0.984407,0.100274,0.138104,-0.741629,93.404472,18.122049,-0.038386,0.989758,0.090427,0.103578,-3.118607,114.197662,22.076118,0.060226,0.996762,0.012005,0.051903,-5.103327,134.74736,25.660307,0.109782,0.975662,-0.189065,-0.016927,-3.179066,149.209671,24.233824,-0.028311,0.928982,0.127196,0.346428,-8.509329,128.821014,24.501402,0.294397,-0.61979,0.002882,-0.727449,-21.771063,129.442291,13.11987,0.089009,0.133254,-0.459449,-0.873629,-16.017679,120.276711,-9.228711,0.20683,0.251003,-0.527125,-0.785085,-1.50591,142.392899,-5.186894,-0.031284,0.990096,0.112453,0.07801,-1.246079,129.247253,26.079556,0.317213,0.861777,0.150122,-0.366306,15.99396,130.023727,28.903919,-0.037907,0.116228,0.465217,-0.876714,29.16404,119.178833,10.862146,-0.02225,-0.195494,0.661077,-0.724061,15.899761,139.427246,6.723861,0.057556,0.937123,0.221326,0.263634,-8.397189,85.226669,13.468328,0.085587,0.990018,-0.038841,0.105023,-8.077405,52.775459,-2.665436,-0.054699,0.966009,0.047347,0.248178,-16.526041,6.051216,0.13748,-0.07261,0.94872,-0.105646,0.288958,8.085453,86.249382,22.368027,0.017362,0.907103,-0.197654,0.371209,10.865894,51.198544,31.153786,-0.035897,0.904749,0.020034,0.423956,2.388014,7.379031,47.596603,-0.054699,0.966009,0.047347,0.248178,-9.065075,1.687146,-12.528255,-0.035897,0.904749,0.020034,0.423956,13.661008,2.241036,38.560425
361,3.008333,-0.033709,0.968928,0.022181,0.244031,-0.156569,85.740593,17.919386,-0.042629,0.984411,0.100276,0.138069,-0.742269,93.407036,18.123444,-0.038396,0.989758,0.090478,0.103531,-3.119469,114.198639,22.077333,0.060192,0.996767,0.012139,0.051809,-5.104652,134.747925,25.663685,0.109838,0.975659,-0.189035,-0.017055,-3.181847,149.210785,24.240831,-0.028347,0.928963,0.127284,0.346443,-8.510533,128.821533,24.504536,0.294291,-0.619886,0.002886,-0.72741,-21.771845,129.44281,13.122505,0.089178,0.133347,-0.45948,-0.873581,-16.024357,120.278946,-9.228303,0.207384,0.25137,-0.526979,-0.784919,-1.515912,142.396301,-5.186897,-0.031466,0.990105,0.112347,0.077979,-1.247149,129.24791,26.082043,0.317237,0.861777,0.150115,-0.366287,15.992663,130.031128,28.905947,-0.037858,0.116199,0.465162,-0.876749,29.162657,119.184914,10.864893,-0.022246,-0.195443,0.661025,-0.724122,15.896273,139.430374,6.726601,0.057574,0.937109,0.221241,0.26375,-8.397963,85.229401,13.469646,0.085558,0.99005,-0.038756,0.104779,-8.079081,52.775585,-2.658893,-0.054882,0.966015,0.047331,0.248118,-16.523445,6.050241,0.138455,-0.072557,0.948655,-0.105564,0.289215,8.084824,86.251778,22.369125,0.01722,0.906958,-0.197673,0.371559,10.861032,51.199139,31.149029,-0.035812,0.904722,0.020075,0.42402,2.388313,7.379908,47.595261,-0.054882,0.966015,0.047331,0.248118,-9.062181,1.687164,-12.527451,-0.035812,0.904722,0.020075,0.42402,13.66188,2.241916,38.559788
362,3.016667,-0.033723,0.968933,0.02228,0.243997,-0.157214,85.742989,17.918106,-0.042637,0.984412,0.100285,0.138052,-0.743486,93.409363,18.12361,-0.038414,0.989753,0.090543,0.103517,-3.1209,114.200256,22.077724,0.059943,0.996785,0.011955,0.051802,-5.107068,134.748993,25.666702,0.109951,0.975672,-0.188914,-0.016927,-3.191254,149.212219,24.238132,-0.028318,0.928974,0.127317,0.346403,-8.512668,128.822571,24.506908,0.294263,-0.619895,0.002828,-0.727414,-21.774982,129.444992,13.12612,0.08889,0.133221,-0.45937,-0.873687,-16.028057,120.283951,-9.225984,0.206738,0.251018,-0.527159,-0.785081,-1.512308,142.396362,-5.182091,-0.031439,0.990099,0.112448,0.077913,-1.249263,129.24913,26.084255,0.317139,0.861798,0.150186,-0.366294,15.990964,130.031403,28.905865,-0.037902,0.116103,0.465106,-0.87679,29.16379,119.190407,10.863745,-0.02216,-0.195479,0.661109,-0.724039,15.893531,139.434723,6.730196,0.057591,0.93712,0.221166,0.263769,-8.398903,85.231987,13.468897,0.085493,0.990048,-0.038745,0.104852,-8.082395,52.775921,-2.655144,-0.054963,0.966028,0.047408,0.248034,-16.520823,6.049439,0.141172,-0.072619,0.948674,-0.105615,0.28912,8.084475,86.253998,22.367313,0.017275,0.906997,-0.197664,0.371465,10.8647,51.202785,31.151665,-0.035786,0.904721,0.020045,0.424025,2.389271,7.383373,47.596008,-0.054963,0.966028,0.047408,0.248034,-9.060831,1.689116,-12.526425,-0.035786,0.904721,0.020045,0.424025,13.662561,2.244275,38.560825
363,3.025,-0.033715,0.968937,0.02229,0.243982,-0.158812,85.744446,17.919176,-0.042649,0.984415,0.100286,0.138025,-0.744999,93.410812,18.124866,-0.038402,0.989751,0.090608,0.10348,-3.122763,114.20108,22.078917,0.060071,0.996777,0.012124,0.051772,-5.108588,134.749359,25.670708,0.109862,0.975674,-0.188947,-0.017014,-3.189387,149.212616,24.247185,-0.028304,0.929002,0.127358,0.346314,-8.514297,128.823105,24.510424,0.294246,-0.619906,0.002781,-0.727412,-21.778812,129.446045,13.132227,0.088905,0.133193,-0.459341,-0.873706,-16.032522,120.287064,-9.220878,0.206719,0.25107,-0.527137,-0.785084,-1.514842,142.398651,-5.178393,-0.031474,0.990103,0.112404,0.077913,-1.250764,129.249435,26.087242,0.317065,0.86181,0.150132,-0.366352,15.989383,130.033035,28.908964,-0.037916,0.116088,0.465063,-0.876814,29.162407,119.19445,10.865547,-0.022074,-0.195471,0.661007,-0.724136,15.890338,139.437103,6.732852,0.057596,0.937106,0.221139,0.263843,-8.40064,85.23362,13.470209,0.085495,0.990028,-0.038721,0.105052,-8.083701,52.776718,-2.652156,-0.054879,0.966003,0.047418,0.248151,-16.522625,6.050095,0.140228,-0.072594,0.948619,-0.105546,0.28933,8.083016,86.255272,22.368145,0.017173,0.906954,-0.19768,0.371566,10.861064,51.20274,31.147879,-0.035566,0.90471,0.02028,0.424056,2.39207,7.383618,47.596313,-0.054879,0.966003,0.047418,0.248151,-9.060468,1.689507,-12.526006,-0.035566,0.90471,0.02028,0.424056,13.66469,2.247836,38.558411
364,3.033333,-0.033723,0.968941,0.022263,0.243968,-0.159799,85.744598,17.919817,-0.042684,0.984416,0.100312,0.137989,-0.746004,93.410973,18.125093,-0.03841,0.989753,0.090632,0.103434,-3.125272,114.20134,22.080187,0.060019,0.996783,0.012247,0.051677,-5.111347,134.74942,25.673014,0.109932,0.975669,-0.188921,-0.017138,-3.194124,149.213272,24.252779,-0.02826,0.929053,0.127342,0.346189,-8.516994,128.823105,24.512793,0.29429,-0.61992,0.002647,-0.727383,-21.784624,129.446686,13.138268,0.088964,0.133187,-0.459297,-0.873724,-16.039179,120.290993,-9.216404,0.206754,0.251034,-0.52705,-0.785145,-1.519407,142.401047,-5.175345,-0.031539,0.990083,0.112619,0.077831,-1.253331,129.249588,26.08897,0.31708,0.861806,0.150257,-0.366298,15.987118,130.035141,28.908279,-0.037833,0.115984,0.464997,-0.876866,29.161655,119.197868,10.865183,-0.022007,-0.195469,0.660976,-0.724167,15.88583,139.437469,6.734832,0.0576,0.93713,0.221116,0.263775,-8.40175,85.233505,13.471111,0.085448,0.99003,-0.038717,0.10507,-8.08672,52.775921,-2.649915,-0.05494,0.966008,0.047448,0.248111,-16.521254,6.048498,0.142424,-0.072565,0.948639,-0.105549,0.289272,8.082153,86.255699,22.368523,0.017111,0.906848,-0.19766,0.371838,10.858666,51.202904,31.147718,-0.035879,0.904708,0.020011,0.424048,2.390738,7.382831,47.594158,-0.05494,0.966008,0.047448,0.248111,-9.059472,1.689204,-12.52447,-0.035879,0.904708,0.020011,0.424048,13.665276,2.244068,38.560349
365,3.041667,-0.033728,0.968947,0.022205,0.243949,-0.162057,85.744026,17.920849,-0.042701,0.984421,0.100308,0.137951,-0.748105,93.410439,18.125256,-0.038349,0.989755,0.090708,0.103379,-3.128,114.201508,22.080296,0.06002,0.996783,0.012313,0.051674,-5.111665,134.749191,25.676626,0.109816,0.975676,-0.188958,-0.017095,-3.194529,149.213257,24.258293,-0.028277,0.929081,0.127416,0.346085,-8.518023,128.823395,24.515898,0.294168,-0.619952,0.002664,-0.727404,-21.78813,129.446838,13.144243,0.0889,0.13313,-0.459247,-0.873765,-16.044668,120.293823,-9.212043,0.206718,0.251017,-0.52696,-0.78522,-1.521732,142.401733,-5.171596,-0.031536,0.990105,0.112444,0.077805,-1.254118,129.248947,26.091225,0.3169,0.861866,0.150268,-0.366307,15.986487,130.035004,28.909483,-0.03779,0.115957,0.464786,-0.876984,29.166353,119.204773,10.866043,-0.021997,-0.195562,0.660874,-0.724235,15.880993,139.436966,6.734888,0.057508,0.93717,0.22112,0.263652,-8.404181,85.232574,13.472493,0.085487,0.990037,-0.038678,0.104991,-8.084966,52.774334,-2.64713,-0.054938,0.966016,0.047486,0.248073,-16.522526,6.047252,0.141787,-0.072555,0.948628,-0.105522,0.289319,8.080065,86.255486,22.369204,0.017108,0.90687,-0.197646,0.371793,10.856043,51.202179,31.146509,-0.035675,0.904662,0.020166,0.424154,2.389667,7.38157,47.592339,-0.054938,0.966016,0.047486,0.248073,-9.061715,1.688973,-12.526035,-0.035675,0.904662,0.020166,0.424154,13.664895,2.244308,38.558533
366,3.05,-0.033709,0.968954,0.022177,0.243925,-0.164261,85.744804,17.921417,-0.042696,0.984421,0.100354,0.137921,-0.749919,93.411255,18.125496,-0.038369,0.989756,0.090714,0.103352,-3.129629,114.200829,22.082338,0.059988,0.996787,0.012391,0.051613,-5.114043,134.748413,25.678879,0.109835,0.975682,-0.188906,-0.01718,-3.198132,149.21283,24.262655,-0.028297,0.929089,0.127417,0.34606,-8.520192,128.822464,24.518293,0.294141,-0.619978,0.00257,-0.727394,-21.790882,129.445129,13.147277,0.089079,0.133256,-0.4593,-0.8737,-16.048994,120.295967,-9.210987,0.207124,0.251454,-0.526653,-0.785179,-1.531947,142.404312,-5.170144,-0.031574,0.990105,0.112476,0.077752,-1.256226,129.248322,26.09325,0.316869,0.86187,0.150234,-0.366338,15.984586,130.035812,28.909843,-0.037746,0.115907,0.464727,-0.877023,29.164309,119.206413,10.865792,-0.021981,-0.195677,0.660815,-0.724258,15.875903,139.436325,6.735541,0.057524,0.937157,0.221097,0.263712,-8.406622,85.233559,13.473481,0.085459,0.990044,-0.03865,0.104956,-8.0879,52.774708,-2.644932,-0.054907,0.965999,0.047508,0.24814,-16.522476,6.046966,0.141914,-0.072532,0.948668,-0.10549,0.289208,8.078099,86.25605,22.369354,0.017122,0.90691,-0.197655,0.371689,10.854267,51.202003,31.143648,-0.035837,0.904655,0.020044,0.424163,2.388269,7.381776,47.590679,-0.054907,0.965999,0.047508,0.24814,-9.060211,1.689117,-12.525199,-0.035837,0.904655,0.020044,0.424163,13.6648,2.243401,38.559128
367,3.058333,-0.03368,0.968963,0.022181,0.243895,-0.166122,85.745308,17.922173,-0.042677,0.984424,0.100367,0.137895,-0.751367,93.411789,18.126425,-0.038385,0.989755,0.090745,0.103329,-3.130322,114.201721,22.084091,0.05995,0.99679,0.012469,0.051586,-5.11546,134.749023,25.681877,0.109794,0.975687,-0.188903,-0.017205,-3.200836,149.213821,24.267797,-0.028325,0.929082,0.127471,0.346057,-8.521405,128.822998,24.521109,0.293967,-0.619997,0.002631,-0.727447,-21.792101,129.445404,13.150096,0.088725,0.133153,-0.459175,-0.873817,-16.051386,120.299103,-9.209639,0.206606,0.251012,-0.526798,-0.78536,-1.525852,142.402771,-5.16324,-0.03157,0.990105,0.112514,0.077697,-1.257389,129.249069,26.095766,0.316765,0.861893,0.150192,-0.366391,15.983723,130.036514,28.910494,-0.037835,0.115924,0.464662,-0.877052,29.164803,119.210876,10.865193,-0.02205,-0.195716,0.660628,-0.724416,15.873835,139.438828,6.736032,0.057494,0.937156,0.221065,0.263747,-8.408792,85.234573,13.474759,0.085462,0.990061,-0.038592,0.104817,-8.08812,52.774464,-2.641068,-0.054899,0.965986,0.047542,0.248187,-16.522038,6.046352,0.141482,-0.072565,0.948692,-0.105461,0.28913,8.076547,86.25605,22.369587,0.017154,0.906823,-0.1977,0.371877,10.856279,51.201904,31.142361,-0.035841,0.90463,0.02001,0.424216,2.382565,7.38346,47.590179,-0.054899,0.965986,0.047542,0.248187,-9.058603,1.689462,-12.525265,-0.035841,0.90463,0.02001,0.424216,13.660068,2.244312,38.560287
368,3.066667,-0.033707,0.968964,0.02227,0.243881,-0.167392,85.746315,17.921185,-0.042676,0.984428,0.100392,0.137844,-0.753366,93.412704,18.126669,-0.0384,0.989756,0.090805,0.103265,-3.132282,114.203278,22.085661,0.06004,0.996784,0.012518,0.051571,-5.118023,134.750061,25.685961,0.109673,0.975699,-0.188909,-0.017217,-3.200904,149.214691,24.273405,-0.028213,0.929091,0.127305,0.346105,-8.523809,128.82399,24.524982,0.293838,-0.620048,0.002711,-0.727456,-21.793566,129.448227,13.152972,0.088665,0.133191,-0.459144,-0.873834,-16.056017,120.302246,-9.2077,0.206672,0.25109,-0.526829,-0.785297,-1.529594,142.404617,-5.157813,-0.031575,0.990102,0.112596,0.077614,-1.259612,129.250275,26.098745,0.316739,0.861878,0.150315,-0.366399,15.981938,130.03804,28.910696,-0.037733,0.115752,0.464606,-0.877108,29.163515,119.216034,10.863582,-0.021887,-0.195839,0.660684,-0.724338,15.868096,139.441833,6.7391,0.057479,0.937156,0.221021,0.26379,-8.41016,85.235489,13.473962,0.085448,0.99006,-0.038575,0.104838,-8.088621,52.773857,-2.638774,-0.054943,0.965986,0.047562,0.248173,-16.52116,6.045395,0.142182,-0.072597,0.94866,-0.105438,0.289235,8.075376,86.257149,22.368408,0.017145,0.90683,-0.197721,0.37185,10.856865,51.202999,31.140608,-0.035329,0.90459,0.020349,0.424328,2.383652,7.38532,47.590702,-0.054943,0.965986,0.047562,0.248173,-9.057624,1.689427,-12.524822,-0.035329,0.90459,0.020349,0.424328,13.659588,2.248488,38.557537
369,3.075,-0.033703,0.968968,0.022299,0.243859,-0.169877,85.746231,17.921314,-0.042628,0.984431,0.100399,0.137833,-0.755893,93.412605,18.12726,-0.038406,0.989753,0.090836,0.10326,-3.132814,114.203217,22.086847,0.059963,0.99679,0.012558,0.051543,-5.118927,134.749741,25.688419,0.109666,0.975709,-0.18886,-0.017239,-3.204166,149.214783,24.276857,-0.028246,0.92907,0.127603,0.346047,-8.524609,128.823669,24.527115,0.293818,-0.62011,0.002615,-0.727411,-21.795712,129.450195,13.156796,0.088626,0.133223,-0.459044,-0.873885,-16.06196,120.307396,-9.206158,0.206592,0.251054,-0.526804,-0.785347,-1.531191,142.406006,-5.153003,-0.031678,0.990087,0.112732,0.077567,-1.260402,129.25,26.10083,0.316714,0.861866,0.150439,-0.366399,15.981178,130.041122,28.91168,-0.037691,0.115681,0.464541,-0.877154,29.163557,119.222626,10.863033,-0.021907,-0.195906,0.660585,-0.724409,15.86446,139.446075,6.740337,0.057385,0.937204,0.221045,0.263619,-8.412847,85.235603,13.474438,0.085462,0.99003,-0.03861,0.105102,-8.087395,52.773941,-2.638172,-0.055167,0.965992,0.047521,0.24811,-16.522343,6.045973,0.143653,-0.072641,0.94866,-0.105433,0.289225,8.073093,86.256866,22.368189,0.017105,0.906778,-0.197737,0.371969,10.857758,51.20311,31.14093,-0.035403,0.904604,0.020337,0.424292,2.385326,7.385883,47.592632,-0.055167,0.965992,0.047521,0.24811,-9.058246,1.690605,-12.523232,-0.035403,0.904604,0.020337,0.424292,13.661253,2.24966,38.559105
370,3.083333,-0.033703,0.96897,0.022335,0.243849,-0.172282,85.746506,17.921097,-0.042612,0.984436,0.100416,0.137794,-0.758425,93.412857,18.12759,-0.038402,0.989756,0.090868,0.103211,-3.134606,114.203667,22.088097,0.059973,0.996791,0.01264,0.051499,-5.120502,134.749969,25.69109,0.109599,0.975713,-0.188874,-0.017292,-3.20572,149.21524,24.281845,-0.028211,0.9291,0.127641,0.345956,-8.526258,128.823944,24.529776,0.293754,-0.620154,0.002605,-0.7274,-21.799623,129.451645,13.162169,0.088582,0.133179,-0.458972,-0.873934,-16.068584,120.310547,-9.202165,0.206459,0.251123,-0.526766,-0.785385,-1.533611,142.406555,-5.149266,-0.031683,0.990087,0.112744,0.077543,-1.261897,129.250244,26.102785,0.316661,0.861855,0.15025,-0.366547,15.979799,130.04158,28.912827,-0.037757,0.115671,0.464547,-0.877149,29.158443,119.22319,10.861397,-0.021884,-0.195948,0.660521,-0.724456,15.859021,139.447891,6.740542,0.057338,0.93722,0.221021,0.263591,-8.41535,85.236046,13.474384,0.085461,0.99005,-0.038558,0.104933,-8.087654,52.773239,-2.63586,-0.055365,0.965953,0.047489,0.248222,-16.521471,6.044859,0.142577,-0.07264,0.948676,-0.105422,0.289178,8.070785,86.256966,22.367807,0.01707,0.906741,-0.197722,0.372069,10.856089,51.203037,31.139643,-0.035368,0.904572,0.020389,0.424362,2.385373,7.385144,47.590446,-0.055365,0.965953,0.047489,0.248222,-9.052519,1.690359,-12.521742,-0.035368,0.904572,0.020389,0.424362,13.66254,2.249871,38.55793
371,3.091667,-0.033686,0.968969,0.022269,0.243861,-0.173834,85.745247,17.921881,-0.042646,0.984433,0.100451,0.137781,-0.759487,93.411652,18.127447,-0.03846,0.989755,0.090869,0.103194,-3.137377,114.203049,22.089437,0.059837,0.996801,0.012595,0.051456,-5.125646,134.749146,25.692245,0.109731,0.975717,-0.188776,-0.017294,-3.214876,149.214783,24.281403,-0.028019,0.929079,0.127722,0.345999,-8.530721,128.822708,24.531076,0.293725,-0.620129,0.002836,-0.727432,-21.803431,129.45784,13.163111,0.088584,0.133189,-0.458999,-0.873918,-16.070915,120.309662,-9.197958,0.206518,0.251099,-0.526676,-0.785437,-1.537448,142.40654,-5.14491,-0.031702,0.990092,0.112736,0.077485,-1.266373,129.249878,26.103914,0.316593,0.861884,0.150171,-0.366569,15.975599,130.042145,28.91205,-0.037793,0.115694,0.464503,-0.877168,29.155588,119.22493,10.860893,-0.021912,-0.196023,0.660478,-0.724475,15.854658,139.448135,6.739749,0.057317,0.93724,0.220996,0.263544,-8.416814,85.234787,13.475,0.085462,0.990068,-0.038519,0.104774,-8.089023,52.771008,-2.633286,-0.055274,0.96596,0.047533,0.248206,-16.522127,6.042367,0.142828,-0.072634,0.948691,-0.105395,0.28914,8.069145,86.255707,22.368759,0.017097,0.906787,-0.197735,0.371949,10.854934,51.201283,31.138498,-0.035712,0.904607,0.020098,0.424273,2.383642,7.383966,47.590561,-0.055274,0.96596,0.047533,0.248206,-9.054452,1.688362,-12.522417,-0.035712,0.904607,0.020098,0.424273,13.661328,2.245481,38.560516
372,3.1,-0.033643,0.968975,0.022243,0.243847,-0.176931,85.744896,17.922029,-0.042725,0.984426,0.100487,0.137777,-0.761841,93.411362,18.127386,-0.038329,0.989759,0.090899,0.103174,-3.143261,114.202461,22.090466,0.059807,0.996804,0.012643,0.051428,-5.126157,134.748764,25.695127,0.109641,0.975714,-0.188844,-0.017318,-3.216396,149.214661,24.285563,-0.028092,0.929103,0.127603,0.345971,-8.532791,128.823273,24.533688,0.293486,-0.620175,0.002925,-0.727489,-21.806026,129.454422,13.166105,0.088362,0.133148,-0.459015,-0.873939,-16.076357,120.309723,-9.197122,0.20643,0.251087,-0.526725,-0.785432,-1.542126,142.40741,-5.140236,-0.03176,0.99008,0.112851,0.077441,-1.26823,129.248505,26.106081,0.316638,0.861843,0.149905,-0.366736,15.973859,130.042618,28.912994,-0.037833,0.115706,0.464599,-0.877114,29.146332,119.22052,10.85928,-0.021915,-0.196115,0.660425,-0.724498,15.849892,139.446869,6.738999,0.057245,0.937246,0.220989,0.263545,-8.420091,85.235092,13.475407,0.085514,0.990063,-0.038484,0.104793,-8.087534,52.770496,-2.631131,-0.055397,0.96594,0.047491,0.248267,-16.525217,6.042439,0.140943,-0.072614,0.948712,-0.105388,0.289078,8.06623,86.254692,22.368654,0.01703,0.906769,-0.197717,0.372005,10.851367,51.199959,31.137362,-0.035522,0.904594,0.020325,0.424305,2.385443,7.381755,47.589813,-0.055397,0.96594,0.047491,0.248267,-9.054809,1.688316,-12.522653,-0.035522,0.904594,0.020325,0.424305,13.662772,2.246761,38.557331
373,3.108333,-0.03361,0.968976,0.022247,0.243848,-0.179928,85.743668,17.921608,-0.04278,0.984425,0.10051,0.137749,-0.764367,93.410172,18.127142,-0.038239,0.989764,0.090948,0.103119,-3.148485,114.2043,22.091562,0.059769,0.99681,0.012657,0.05136,-5.127645,134.750519,25.698761,0.109646,0.975711,-0.18885,-0.017371,-3.219244,149.216599,24.289398,-0.028276,0.929118,0.12755,0.345936,-8.53537,128.825684,24.537104,0.293391,-0.620235,0.002864,-0.727476,-21.809074,129.450073,13.169709,0.088465,0.133188,-0.459097,-0.873879,-16.083088,120.309616,-9.196189,0.206767,0.251519,-0.526349,-0.785457,-1.554465,142.409119,-5.141048,-0.031729,0.990089,0.112824,0.077375,-1.270542,129.249588,26.108603,0.316669,0.861819,0.14993,-0.366755,15.971962,130.042969,28.913122,-0.037839,0.115675,0.46465,-0.87709,29.142773,119.220528,10.858409,-0.021864,-0.196112,0.660357,-0.724563,15.848178,139.448669,6.739774,0.057214,0.937233,0.220934,0.263646,-8.423119,85.234474,13.474977,0.085528,0.990079,-0.038429,0.104648,-8.087836,52.767826,-2.627382,-0.055317,0.965934,0.047569,0.248293,-16.525858,6.039584,0.140625,-0.072655,0.94868,-0.105366,0.289181,8.063262,86.252853,22.368237,0.017062,0.906788,-0.197699,0.371968,10.850722,51.198208,31.136545,-0.035855,0.904592,0.020058,0.424295,2.383322,7.379413,47.586666,-0.055317,0.965934,0.047569,0.248293,-9.055473,1.687044,-12.52352,-0.035855,0.904592,0.020058,0.424295,13.662724,2.241734,38.558311
374,3.116667,-0.033625,0.968965,0.02228,0.243886,-0.180212,85.743996,17.922424,-0.042683,0.984428,0.100533,0.137745,-0.765,93.410454,18.128376,-0.038401,0.989757,0.090951,0.103127,-3.144786,114.201378,22.093731,0.059717,0.996814,0.012733,0.051323,-5.130691,134.747055,25.700331,0.109658,0.975711,-0.188835,-0.017456,-3.223989,149.213562,24.293041,-0.028056,0.929131,0.127439,0.345958,-8.536466,128.821106,24.53867,0.293299,-0.620262,0.002936,-0.72749,-21.810072,129.45137,13.171485,0.088406,0.133211,-0.459085,-0.873888,-16.085777,120.310745,-9.194777,0.206825,0.251482,-0.526298,-0.785488,-1.556622,142.410019,-5.136899,-0.031816,0.990084,0.112878,0.07733,-1.271844,129.24736,26.110481,0.316604,0.861838,0.149923,-0.366771,15.970716,130.043793,28.913807,-0.037857,0.11563,0.464602,-0.877121,29.143011,119.223824,10.858692,-0.021796,-0.196096,0.660429,-0.724503,15.845478,139.450882,6.742059,0.057223,0.937252,0.220896,0.263608,-8.423032,85.234711,13.475121,0.08552,0.990065,-0.038427,0.104786,-8.089783,52.766945,-2.625005,-0.055295,0.965922,0.047619,0.248334,-16.527458,6.038573,0.141776,-0.072672,0.94868,-0.105344,0.289184,8.062609,86.253273,22.36973,0.017056,0.90679,-0.197701,0.371962,10.851676,51.198463,31.136877,-0.035953,0.904615,0.019994,0.424239,2.384836,7.379741,47.587463,-0.055295,0.965922,0.047619,0.248334,-9.056179,1.687323,-12.522287,-0.035953,0.904615,0.019994,0.424239,13.663848,2.241632,38.558865
375,3.125,-0.03359,0.968964,0.022335,0.243888,-0.182581,85.744812,17.921659,-0.042722,0.984427,0.100475,0.137779,-0.767052,93.41127,18.12855,-0.038307,0.989747,0.091073,0.103147,-3.148552,114.204697,22.091564,0.059746,0.996812,0.012831,0.051291,-5.131167,134.749741,25.703541,0.109661,0.975699,-0.188885,-0.017542,-3.223851,149.216431,24.299063,-0.028032,0.929116,0.127796,0.34587,-8.537889,128.824646,24.540264,0.293386,-0.620269,0.00296,-0.727449,-21.813683,129.459656,13.175899,0.088525,0.133262,-0.45905,-0.873887,-16.089825,120.315407,-9.188991,0.20694,0.251513,-0.526415,-0.785369,-1.55993,142.413635,-5.131547,-0.031753,0.990083,0.112922,0.077302,-1.273224,129.249329,26.112307,0.316526,0.861872,0.14979,-0.366812,15.969624,130.043564,28.914461,-0.037943,0.115673,0.46458,-0.877124,29.142851,119.224289,10.859612,-0.021795,-0.196093,0.660369,-0.724559,15.844867,139.450943,6.743075,0.057308,0.937193,0.220821,0.26386,-8.425428,85.23642,13.474303,0.085477,0.99002,-0.038438,0.105247,-8.095092,52.766945,-2.622443,-0.05539,0.965899,0.047664,0.248394,-16.53018,6.037956,0.141842,-0.072719,0.948693,-0.10537,0.289122,8.060266,86.253204,22.369015,0.017023,0.906807,-0.197706,0.371918,10.852561,51.19928,31.138695,-0.035698,0.904631,0.020207,0.424217,2.389184,7.380623,47.591255,-0.05539,0.965899,0.047664,0.248394,-9.056373,1.688831,-12.521456,-0.035698,0.904631,0.020207,0.424217,13.666044,2.244757,38.558693
376,3.133333,-0.033585,0.968966,0.022299,0.243884,-0.183944,85.745277,17.921982,-0.04276,0.984426,0.100479,0.137769,-0.768205,93.411766,18.128363,-0.038325,0.989744,0.091114,0.103131,-3.151475,114.206932,22.09174,0.059704,0.996813,0.012855,0.051319,-5.134943,134.751602,25.70536,0.109662,0.975695,-0.188914,-0.017459,-3.228808,149.218536,24.301586,-0.028018,0.929146,0.127744,0.34581,-8.541423,128.826447,24.541737,0.29332,-0.620287,0.002995,-0.727461,-21.81871,129.460953,13.179082,0.088458,0.133237,-0.459034,-0.873905,-16.09593,120.3172,-9.186292,0.206859,0.251517,-0.526379,-0.785413,-1.564503,142.415115,-5.128073,-0.031713,0.990085,0.11293,0.077288,-1.276726,129.251343,26.113583,0.316516,0.861887,0.149786,-0.366787,15.966293,130.044205,28.915104,-0.037878,0.115666,0.464568,-0.877134,29.140776,119.224869,10.8612,-0.021715,-0.19617,0.660392,-0.72452,15.84221,139.450806,6.743459,0.057306,0.937197,0.220773,0.263888,-8.426841,85.236809,13.474719,0.085462,0.990035,-0.038396,0.105135,-8.096874,52.765785,-2.618934,-0.055583,0.965898,0.047646,0.248357,-16.529808,6.03624,0.142473,-0.072712,0.948729,-0.10536,0.289009,8.058951,86.253746,22.369244,0.017086,0.906823,-0.197707,0.371875,10.852007,51.199615,31.137825,-0.035948,0.904617,0.019949,0.424239,2.383911,7.381222,47.588665,-0.055583,0.965898,0.047646,0.248357,-9.055048,1.688143,-12.520625,-0.035948,0.904617,0.019949,0.424239,13.662702,2.241879,38.56049
377,3.141667,-0.033576,0.968966,0.022281,0.243887,-0.185889,85.746193,17.922527,-0.042806,0.984423,0.100521,0.137752,-0.769942,93.412712,18.128666,-0.038272,0.989751,0.091101,0.103101,-3.1554,114.208015,22.093637,0.059665,0.996819,0.012887,0.051236,-5.136504,134.75296,25.707022,0.109736,0.975686,-0.188909,-0.017568,-3.231809,149.220154,24.303936,-0.02798,0.929163,0.12768,0.345791,-8.543674,128.828125,24.543736,0.293395,-0.620298,0.002939,-0.727421,-21.821486,129.462997,13.181723,0.088498,0.133266,-0.45903,-0.873899,-16.099411,120.318817,-9.183653,0.206836,0.251565,-0.526328,-0.785438,-1.568897,142.415695,-5.125314,-0.031715,0.990092,0.112885,0.077261,-1.278828,129.252304,26.11508,0.316492,0.86191,0.149404,-0.36691,15.964323,130.045486,28.915676,-0.038037,0.115797,0.46463,-0.877077,29.135052,119.220772,10.862264,-0.02178,-0.196112,0.660349,-0.724572,15.840186,139.450165,6.742727,0.057231,0.937231,0.220715,0.263834,-8.428765,85.237816,13.475223,0.08552,0.990068,-0.038302,0.104805,-8.095794,52.764297,-2.613333,-0.055642,0.965892,0.04762,0.248375,-16.532303,6.035006,0.141481,-0.072704,0.94875,-0.105348,0.288945,8.056987,86.25457,22.369831,0.017046,0.906779,-0.197687,0.371997,10.850414,51.200176,31.137238,-0.035961,0.904602,0.019902,0.424271,2.384296,7.380879,47.586678,-0.055642,0.965892,0.04762,0.248375,-9.056521,1.686689,-12.520931,-0.035961,0.904602,0.019902,0.424271,13.663671,2.24051,38.559826
378,3.15,-0.033527,0.968972,0.022267,0.243871,-0.189623,85.745911,17.922358,-0.042766,0.984427,0.100546,0.137717,-0.772898,93.412483,18.128481,-0.038288,0.989754,0.091098,0.103065,-3.156582,114.206764,22.094625,0.059587,0.996824,0.01289,0.051244,-5.138185,134.751678,25.70789,0.109682,0.975687,-0.188941,-0.017497,-3.235705,149.219162,24.304804,-0.028079,0.929174,0.127766,0.345722,-8.545218,128.826721,24.544914,0.293244,-0.620381,0.002838,-0.727412,-21.824507,129.459106,13.184489,0.088363,0.133267,-0.458926,-0.873968,-16.107479,120.321976,-9.185057,0.206731,0.251545,-0.526336,-0.785467,-1.571466,142.415314,-5.122261,-0.031685,0.990118,0.112655,0.077279,-1.28028,129.251175,26.115746,0.316499,0.861897,0.149697,-0.366814,15.962844,130.043869,28.916649,-0.03781,0.115661,0.464528,-0.877158,29.136854,119.223679,10.862925,-0.021608,-0.196132,0.660425,-0.724503,15.836536,139.447891,6.743667,0.057098,0.937318,0.220732,0.263538,-8.432703,85.238335,13.475338,0.085586,0.990072,-0.038256,0.104735,-8.095469,52.764275,-2.612019,-0.055695,0.965854,0.047632,0.248505,-16.537519,6.035721,0.138388,-0.072749,0.948706,-0.105307,0.289092,8.053456,86.253479,22.369375,0.017043,0.906851,-0.197698,0.371815,10.849423,51.198917,31.135324,-0.036009,0.904634,0.019844,0.424202,2.386509,7.380021,47.587486,-0.055695,0.965854,0.047632,0.248505,-9.057837,1.688337,-12.522038,-0.036009,0.904634,0.019844,0.424202,13.66477,2.238717,38.559769
379,3.158333,-0.033491,0.968973,0.022191,0.243881,-0.193102,85.744339,17.924618,-0.042788,0.984432,0.100516,0.13769,-0.775558,93.411003,18.129753,-0.038253,0.989759,0.091115,0.103018,-3.160132,114.20771,22.095057,0.059566,0.996826,0.012884,0.05123,-5.140191,134.752609,25.709259,0.10968,0.975687,-0.188947,-0.017464,-3.238379,149.220154,24.305946,-0.028072,0.929171,0.127803,0.345716,-8.547683,128.827881,24.546419,0.293254,-0.62041,0.002818,-0.727382,-21.827135,129.460922,13.186216,0.088391,0.133318,-0.458909,-0.873966,-16.111937,120.323792,-9.1838,0.206793,0.251609,-0.526247,-0.785489,-1.575951,142.416489,-5.119308,-0.031777,0.99009,0.11287,0.077276,-1.282559,129.251862,26.116526,0.316555,0.861909,0.149626,-0.366766,15.960378,130.04718,28.917852,-0.037797,0.115786,0.464536,-0.877138,29.134363,119.222725,10.866652,-0.021776,-0.196164,0.660249,-0.724649,15.836234,139.446411,6.741986,0.057108,0.937286,0.220685,0.263689,-8.436145,85.237083,13.477492,0.085593,0.990092,-0.038181,0.104562,-8.097942,52.761589,-2.606949,-0.055692,0.965841,0.047708,0.248542,-16.539461,6.032616,0.137828,-0.072701,0.948723,-0.105292,0.289057,8.049939,86.251595,22.371746,0.016892,0.906867,-0.197657,0.371804,10.843308,51.196297,31.135571,-0.036008,0.904706,0.019963,0.424043,2.394979,7.375401,47.589909,-0.055692,0.965841,0.047708,0.248542,-9.05875,1.687399,-12.52274,-0.036008,0.904706,0.019963,0.424043,13.670534,2.23705,38.557129
380,3.166667,-0.033539,0.968984,0.022266,0.243821,-0.191532,85.746475,17.92292,-0.042839,0.984427,0.100569,0.137677,-0.774973,93.41304,18.129019,-0.038278,0.989757,0.09112,0.103022,-3.161863,114.208641,22.096128,0.059684,0.996817,0.012946,0.051237,-5.142997,134.753418,25.710428,0.109628,0.975683,-0.188993,-0.017513,-3.237805,149.220703,24.309088,-0.027986,0.929158,0.127716,0.345789,-8.550178,128.828522,24.547504,0.293171,-0.620429,0.002913,-0.7274,-21.828022,129.463638,13.185534,0.08836,0.133375,-0.458915,-0.873957,-16.113958,120.325378,-9.184308,0.206892,0.251662,-0.526164,-0.785502,-1.579167,142.418106,-5.116539,-0.031774,0.990085,0.11293,0.077253,-1.285096,129.252869,26.117716,0.31647,0.86195,0.149262,-0.366892,15.957971,130.048004,28.918287,-0.037956,0.115858,0.464533,-0.877124,29.130077,119.220863,10.86732,-0.02177,-0.196107,0.660236,-0.724677,15.831651,139.446594,6.742938,0.057111,0.937363,0.220649,0.263446,-8.43506,85.238655,13.476753,0.085549,0.990102,-0.038169,0.104508,-8.101999,52.762039,-2.605535,-0.055731,0.965869,0.047689,0.248428,-16.539127,6.032255,0.138968,-0.072657,0.948753,-0.105345,0.28895,8.051995,86.254303,22.369087,0.01692,0.906943,-0.197662,0.371616,10.842203,51.199352,31.135309,-0.03591,0.904724,0.019861,0.424017,2.394721,7.378736,47.59082,-0.055731,0.965869,0.047689,0.248428,-9.060983,1.6867,-12.523003,-0.03591,0.904724,0.019861,0.424017,13.668367,2.23645,38.557892
381,3.175,-0.033527,0.968985,0.022289,0.243817,-0.194909,85.745659,17.924013,-0.042797,0.984434,0.100533,0.13766,-0.778249,93.412224,18.130503,-0.03833,0.989755,0.091134,0.103006,-3.163159,114.208565,22.096498,0.059668,0.99682,0.013008,0.051197,-5.146473,134.753067,25.711164,0.109662,0.975681,-0.188976,-0.017575,-3.24195,149.220612,24.311531,-0.027985,0.929131,0.127891,0.345798,-8.553028,128.82782,24.548229,0.293088,-0.620466,0.002887,-0.727401,-21.830654,129.465149,13.186127,0.088285,0.13343,-0.458836,-0.873997,-16.118898,120.329842,-9.185513,0.20683,0.251667,-0.526125,-0.785543,-1.580912,142.419739,-5.112615,-0.031756,0.990093,0.112884,0.077238,-1.287955,129.25293,26.118275,0.316382,0.861996,0.14906,-0.366942,15.955236,130.047638,28.918213,-0.038018,0.115864,0.46453,-0.877122,29.128281,119.22023,10.868096,-0.021596,-0.196126,0.660169,-0.724738,15.829213,139.447021,6.74471,0.057134,0.937347,0.220677,0.263472,-8.43849,85.238159,13.477909,0.085553,0.990067,-0.038192,0.104828,-8.105917,52.762638,-2.606601,-0.055731,0.96581,0.047728,0.24865,-16.544497,6.03309,0.137359,-0.072715,0.948754,-0.105346,0.288931,8.048673,86.253151,22.370117,0.016936,0.906962,-0.197635,0.371582,10.842979,51.19883,31.137526,-0.03592,0.904709,0.019952,0.424043,2.395719,7.37724,47.590565,-0.055731,0.96581,0.047728,0.24865,-9.060594,1.688887,-12.521672,-0.03592,0.904709,0.019952,0.424043,13.670351,2.237456,38.557446
382,3.183333,-0.033498,0.968995,0.022299,0.243781,-0.197505,85.747322,17.924683,-0.042826,0.984438,0.100486,0.137658,-0.780454,93.41391,18.131454,-0.038298,0.989751,0.091203,0.103001,-3.166217,114.209656,22.09516,0.059674,0.996817,0.01304,0.051225,-5.148448,134.753723,25.712809,0.109628,0.975679,-0.189013,-0.017518,-3.243709,149.221344,24.314156,-0.027964,0.929155,0.127853,0.34575,-8.555317,128.828827,24.549093,0.292904,-0.620478,0.002958,-0.727465,-21.834139,129.466156,13.188392,0.088233,0.133428,-0.458795,-0.874025,-16.123121,120.333771,-9.184626,0.206881,0.251779,-0.526014,-0.785568,-1.5826,142.422714,-5.110034,-0.031803,0.990081,0.112983,0.077226,-1.290193,129.253357,26.119057,0.316357,0.862018,0.149225,-0.366844,15.952955,130.049438,28.918856,-0.03783,0.115766,0.464441,-0.87719,29.130358,119.225021,10.870126,-0.021363,-0.196194,0.660106,-0.724783,15.826255,139.44809,6.746134,0.057207,0.937307,0.220586,0.263675,-8.44145,85.240372,13.479194,0.085515,0.990097,-0.038111,0.104607,-8.112218,52.762531,-2.60072,-0.055699,0.965817,0.047815,0.248613,-16.545858,6.031761,0.137824,-0.072755,0.948758,-0.105306,0.288922,8.046441,86.25428,22.370171,0.016936,0.907003,-0.197725,0.371435,10.844469,51.199776,31.135672,-0.035329,0.904762,0.020224,0.423968,2.396736,7.381582,47.597496,-0.055699,0.965817,0.047815,0.248613,-9.063134,1.689706,-12.522641,-0.035329,0.904762,0.020224,0.423968,13.665024,2.241263,38.556774
383,3.191667,-0.033548,0.968995,0.022311,0.243775,-0.197366,85.746971,17.924248,-0.042827,0.984435,0.100489,0.137676,-0.781108,93.413498,18.131014,-0.038313,0.989745,0.091228,0.103029,-3.167112,114.210442,22.095034,0.059672,0.99682,0.013111,0.051157,-5.150168,134.754272,25.713614,0.109679,0.975675,-0.188985,-0.017679,-3.245799,149.222122,24.316902,-0.027967,0.929137,0.127878,0.345789,-8.556792,128.829315,24.549404,0.292724,-0.62052,0.003013,-0.727502,-21.834669,129.467041,13.187626,0.088135,0.133461,-0.458744,-0.874056,-16.126274,120.337608,-9.187263,0.206925,0.251814,-0.52599,-0.785561,-1.583642,142.424591,-5.108196,-0.031782,0.990085,0.112967,0.077208,-1.291771,129.253983,26.119801,0.316372,0.862018,0.149288,-0.366807,15.951522,130.049484,28.918871,-0.037796,0.115747,0.464388,-0.877222,29.129786,119.225296,10.870636,-0.021383,-0.196101,0.660088,-0.724825,15.823171,139.446304,6.746424,0.057318,0.937297,0.220578,0.263695,-8.441303,85.239159,13.478844,0.085454,0.990078,-0.038125,0.104835,-8.119413,52.761986,-2.602532,-0.055898,0.965788,0.047779,0.24869,-16.548147,6.030336,0.136034,-0.072707,0.948834,-0.105367,0.28866,8.04657,86.254791,22.369652,0.016964,0.907013,-0.197662,0.371441,10.842408,51.20071,31.137577,-0.035727,0.904777,0.019979,0.423914,2.394353,7.380232,47.593163,-0.055898,0.965788,0.047779,0.24869,-9.061505,1.689003,-12.522356,-0.035727,0.904777,0.019979,0.423914,13.664585,2.238596,38.555614
384,3.2,-0.033498,0.969012,0.022258,0.243717,-0.201095,85.747719,17.925215,-0.042839,0.984442,0.100478,0.137637,-0.783875,93.41433,18.131407,-0.038296,0.98975,0.09122,0.102993,-3.170141,114.211235,22.09494,0.05967,0.996817,0.01304,0.051232,-5.152334,134.755188,25.713318,0.109624,0.975682,-0.188999,-0.017491,-3.247707,149.222809,24.314672,-0.02785,0.929149,0.127852,0.345775,-8.559216,128.830307,24.549467,0.292671,-0.620527,0.003083,-0.727517,-21.837675,129.47142,13.188556,0.088131,0.13345,-0.45869,-0.874086,-16.129734,120.341003,-9.186046,0.206896,0.251835,-0.525845,-0.785659,-1.584898,142.425262,-5.107099,-0.031793,0.990092,0.112894,0.077214,-1.294064,129.254807,26.119307,0.316246,0.862101,0.14882,-0.36691,15.949165,130.050842,28.918594,-0.037904,0.115861,0.464344,-0.877225,29.127628,119.223,10.872709,-0.021307,-0.196104,0.660047,-0.724864,15.819708,139.443878,6.745762,0.057179,0.937324,0.220593,0.263614,-8.445622,85.24054,13.480836,0.085517,0.990077,-0.038095,0.104799,-8.115361,52.762711,-2.599059,-0.055773,0.965813,0.047739,0.248626,-16.549629,6.031877,0.136343,-0.072793,0.948887,-0.105427,0.288443,8.043433,86.254898,22.369593,0.017106,0.907077,-0.197618,0.371302,10.84583,51.202644,31.142689,-0.035847,0.904725,0.019861,0.42402,2.38961,7.380941,47.59082,-0.055773,0.965813,0.047739,0.248626,-9.06592,1.688311,-12.523016,-0.035847,0.904725,0.019861,0.42402,13.662699,2.237868,38.557655
385,3.208333,-0.03353,0.969014,0.022221,0.24371,-0.201547,85.745903,17.925272,-0.042849,0.984447,0.100467,0.137606,-0.784667,93.412506,18.130796,-0.038332,0.989753,0.091218,0.102956,-3.171479,114.211967,22.094383,0.059554,0.996827,0.012983,0.051203,-5.155006,134.755829,25.712612,0.109723,0.97568,-0.188957,-0.017456,-3.253745,149.223709,24.312094,-0.027909,0.929152,0.127861,0.34576,-8.561511,128.830658,24.549065,0.292546,-0.620542,0.003067,-0.727554,-21.840206,129.469894,13.188323,0.088062,0.13346,-0.458622,-0.874128,-16.133175,120.343674,-9.188229,0.206845,0.251886,-0.525847,-0.785655,-1.58464,142.426025,-5.106396,-0.031783,0.990087,0.112946,0.077212,-1.296288,129.255722,26.118422,0.316226,0.862133,0.148798,-0.366862,15.946982,130.051285,28.91762,-0.037862,0.1159,0.464292,-0.877249,29.127832,119.223068,10.873699,-0.021329,-0.196202,0.659853,-0.725013,15.818018,139.442169,6.74388,0.057163,0.937362,0.220653,0.263435,-8.446101,85.237961,13.481027,0.085501,0.990069,-0.038141,0.104874,-8.116673,52.761902,-2.602467,-0.055895,0.965823,0.047723,0.248563,-16.550032,6.031129,0.136848,-0.072805,0.948926,-0.105428,0.288312,8.043007,86.253838,22.369516,0.017143,0.90713,-0.197633,0.371165,10.84743,51.201717,31.142504,-0.035607,0.904722,0.020016,0.424039,2.389918,7.380724,47.591843,-0.055895,0.965823,0.047723,0.248563,-9.066753,1.688042,-12.522934,-0.035607,0.904722,0.020016,0.424039,13.661578,2.238593,38.556355
386,3.216667,-0.033542,0.969016,0.022216,0.243701,-0.203311,85.745682,17.925364,-0.042824,0.984447,0.100487,0.137598,-0.786592,93.412277,18.130781,-0.0384,0.989744,0.091278,0.102957,-3.172649,114.2136,22.095737,0.059639,0.99682,0.01306,0.051212,-5.159279,134.756775,25.716114,0.109748,0.975666,-0.189015,-0.01748,-3.255628,149.224579,24.317963,-0.027997,0.929162,0.127707,0.345781,-8.564889,128.831238,24.551905,0.292393,-0.620549,0.003005,-0.72761,-21.842909,129.465836,13.190115,0.087932,0.133393,-0.458589,-0.874168,-16.13633,120.346436,-9.189341,0.206722,0.251847,-0.52575,-0.785765,-1.585625,142.426422,-5.107104,-0.031736,0.990104,0.112867,0.077122,-1.299745,129.257217,26.121384,0.316139,0.862188,0.1486,-0.366887,15.944116,130.051727,28.91725,-0.037962,0.115986,0.464213,-0.877275,29.126804,119.222916,10.875021,-0.021415,-0.196115,0.659883,-0.725007,15.814116,139.440369,6.743454,0.057196,0.937363,0.220612,0.263458,-8.44793,85.237495,13.481265,0.085517,0.990067,-0.038095,0.104893,-8.121121,52.760399,-2.600171,-0.056109,0.965772,0.047698,0.248718,-16.555613,6.029558,0.134482,-0.072735,0.948987,-0.105462,0.288115,8.041308,86.25386,22.369463,0.017084,0.907182,-0.197633,0.371041,10.842056,51.201523,31.142776,-0.03573,0.904786,0.019902,0.423897,2.391943,7.38031,47.595356,-0.056109,0.965772,0.047698,0.248718,-9.066212,1.687745,-12.522115,-0.03573,0.904786,0.019902,0.423897,13.661573,2.236702,38.558174
387,3.225,-0.033538,0.969017,0.022254,0.243693,-0.204998,85.746063,17.924803,-0.042802,0.984454,0.100439,0.137589,-0.788346,93.412636,18.130798,-0.038376,0.98975,0.091245,0.102944,-3.172996,114.212837,22.093578,0.059562,0.996826,0.013211,0.051152,-5.158424,134.756332,25.712753,0.109801,0.975664,-0.188984,-0.017563,-3.257395,149.224884,24.318752,-0.027973,0.929203,0.127757,0.345656,-8.564383,128.830902,24.549004,0.292376,-0.620562,0.002928,-0.727606,-21.845472,129.466309,13.190847,0.088001,0.133427,-0.458523,-0.874191,-16.139675,120.350014,-9.190064,0.206835,0.251885,-0.525683,-0.785768,-1.586042,142.428284,-5.107429,-0.031827,0.990096,0.112855,0.07721,-1.299172,129.256607,26.118252,0.316123,0.862209,0.148521,-0.366884,15.944006,130.05397,28.917498,-0.037955,0.11602,0.464227,-0.877264,29.127275,119.22406,10.876359,-0.021295,-0.1961,0.65966,-0.725217,15.815745,139.441544,6.743263,0.057246,0.937357,0.220602,0.263477,-8.449698,85.238136,13.480827,0.085505,0.990048,-0.03811,0.105075,-8.126134,52.76115,-2.600898,-0.055931,0.965732,0.047789,0.248898,-16.560108,6.030217,0.133722,-0.07281,0.949009,-0.105499,0.288013,8.039701,86.25399,22.368776,0.017155,0.907225,-0.19764,0.370927,10.845693,51.202999,31.145817,-0.035838,0.904808,0.019841,0.423844,2.391193,7.382312,47.597538,-0.055931,0.965732,0.047789,0.248898,-9.067759,1.6897,-12.521572,-0.035838,0.904808,0.019841,0.423844,13.660611,2.238466,38.560234
388,3.233333,-0.033577,0.969022,0.02231,0.243663,-0.20292,85.748581,17.924482,-0.042897,0.984455,0.100439,0.137551,-0.787059,93.41507,18.131189,-0.038367,0.989753,0.091272,0.102893,-3.175443,114.214348,22.093403,0.059561,0.99683,0.013259,0.051059,-5.160451,134.75769,25.713795,0.1099,0.975649,-0.188992,-0.017686,-3.25981,149.22641,24.321003,-0.027916,0.929147,0.127876,0.345767,-8.566544,128.832321,24.55011,0.292353,-0.620594,0.003012,-0.727588,-21.845068,129.471558,13.18917,0.08782,0.133368,-0.458429,-0.874267,-16.141207,120.352493,-9.191113,0.206479,0.251583,-0.52585,-0.785846,-1.581638,142.427444,-5.105668,-0.031786,0.990093,0.11291,0.077179,-1.30117,129.257904,26.118622,0.316025,0.862254,0.148785,-0.366754,15.942269,130.053818,28.91666,-0.03779,0.115874,0.464053,-0.877383,29.133356,119.231239,10.876833,-0.021092,-0.196136,0.659811,-0.725076,15.812039,139.442978,6.745208,0.057338,0.937385,0.220489,0.26345,-8.447841,85.240173,13.480968,0.085436,0.990098,-0.038018,0.104698,-8.133284,52.760326,-2.595161,-0.056069,0.965742,0.047899,0.248805,-16.558908,6.027615,0.134745,-0.07278,0.949004,-0.105515,0.28803,8.042,86.256981,22.367994,0.017147,0.907217,-0.197643,0.370946,10.845472,51.205921,31.14555,-0.035303,0.904772,0.020101,0.423954,2.391265,7.385323,47.59766,-0.056069,0.965742,0.047899,0.248805,-9.067453,1.691253,-12.522505,-0.035303,0.904772,0.020101,0.423954,13.658535,2.24146,38.557686
389,3.241667,-0.033605,0.969015,0.022319,0.243683,-0.203307,85.749062,17.923409,-0.042879,0.984455,0.10042,0.137572,-0.787899,93.41552,18.130135,-0.038398,0.989747,0.091288,0.102918,-3.175614,114.215813,22.091766,0.059187,0.996853,0.013111,0.051073,-5.162063,134.758911,25.712666,0.110095,0.975648,-0.188898,-0.017512,-3.271992,149.228546,24.315048,-0.027967,0.929148,0.127923,0.345742,-8.567734,128.833374,24.54862,0.29235,-0.620579,0.00301,-0.727601,-21.846756,129.471405,13.188195,0.087851,0.133364,-0.458388,-0.874286,-16.142008,120.352707,-9.192012,0.206489,0.251569,-0.525913,-0.785806,-1.580395,142.426361,-5.107172,-0.031797,0.990089,0.112931,0.077197,-1.302468,129.259369,26.117533,0.31601,0.862276,0.148673,-0.366763,15.940848,130.055542,28.916279,-0.037844,0.115916,0.464047,-0.877378,29.132101,119.231331,10.877551,-0.021105,-0.196071,0.659823,-0.725082,15.811101,139.442978,6.745406,0.057376,0.937385,0.220462,0.263465,-8.44801,85.240204,13.479546,0.0854,0.990088,-0.038039,0.104813,-8.136261,52.759819,-2.595559,-0.056087,0.965753,0.047903,0.248758,-16.559044,6.02667,0.135653,-0.072758,0.949082,-0.105602,0.287745,8.041397,86.257919,22.367271,0.01719,0.907304,-0.197634,0.370735,10.844142,51.207958,31.149452,-0.035655,0.904839,0.019829,0.423796,2.390382,7.387135,47.601189,-0.056087,0.965753,0.047903,0.248758,-9.068609,1.690516,-12.522268,-0.035655,0.904839,0.019829,0.423796,13.656959,2.240596,38.561867
390,3.25,-0.033525,0.969024,0.022214,0.24367,-0.208135,85.749542,17.925655,-0.042818,0.98446,0.100408,0.137563,-0.791135,93.416153,18.131126,-0.038433,0.989742,0.091339,0.102914,-3.176358,114.218346,22.092943,0.059601,0.996825,0.01322,0.051121,-5.16444,134.760956,25.715784,0.109865,0.975641,-0.189062,-0.017608,-3.262383,149.229401,24.322063,-0.027986,0.929116,0.127827,0.345862,-8.56964,128.835236,24.551193,0.292199,-0.620665,0.003137,-0.727589,-21.845713,129.472046,13.187252,0.087785,0.133306,-0.458378,-0.874307,-16.146284,120.352188,-9.193834,0.206587,0.251569,-0.525946,-0.785758,-1.583156,142.425369,-5.109862,-0.031782,0.990098,0.112904,0.077128,-1.304403,129.261673,26.120117,0.316033,0.862266,0.148687,-0.36676,15.939321,130.057663,28.916401,-0.03777,0.115917,0.464037,-0.877386,29.129929,119.232819,10.87758,-0.021079,-0.196063,0.659836,-0.725074,15.808749,139.44339,6.743682,0.057333,0.937378,0.220457,0.263503,-8.453057,85.241661,13.482088,0.085434,0.990103,-0.037974,0.104669,-8.137865,52.760757,-2.591893,-0.056148,0.965736,0.047878,0.248814,-16.562801,6.027693,0.134101,-0.072799,0.949077,-0.105562,0.287767,8.036788,86.257431,22.369225,0.017196,0.907265,-0.197625,0.370836,10.843004,51.207306,31.149626,-0.035605,0.904814,0.019832,0.423852,2.38717,7.386189,47.599525,-0.056148,0.965736,0.047878,0.248814,-9.070357,1.691385,-12.522583,-0.035605,0.904814,0.019832,0.423852,13.654377,2.239145,38.561272
391,3.258333,-0.033504,0.969021,0.022132,0.243691,-0.208968,85.748825,17.925102,-0.042848,0.984459,0.100407,0.137561,-0.791358,93.415512,18.129408,-0.0384,0.989752,0.091253,0.102904,-3.17761,114.215431,22.090593,0.059213,0.99685,0.013185,0.051091,-5.16392,134.758804,25.710054,0.110056,0.975642,-0.188957,-0.017489,-3.273144,149.228561,24.31468,-0.027982,0.929164,0.127853,0.345723,-8.569634,128.833191,24.546524,0.292265,-0.620638,0.003092,-0.727585,-21.849083,129.469803,13.186516,0.088145,0.133404,-0.458437,-0.874225,-16.147989,120.349899,-9.194128,0.207246,0.251884,-0.525736,-0.785624,-1.589616,142.426086,-5.115388,-0.031885,0.990094,0.112829,0.077249,-1.304328,129.259277,26.115223,0.315978,0.862283,0.148685,-0.366768,15.938518,130.058548,28.915998,-0.037765,0.115893,0.463945,-0.877438,29.130596,119.235825,10.876976,-0.021107,-0.196049,0.659884,-0.725032,15.80494,139.443619,6.743547,0.057346,0.937356,0.220424,0.263607,-8.45373,85.240944,13.481233,0.085437,0.990113,-0.037948,0.104581,-8.138286,52.759075,-2.590801,-0.056082,0.965739,0.047907,0.248815,-16.563011,6.025866,0.133516,-0.072832,0.948981,-0.105517,0.288093,8.035794,86.256699,22.368973,0.01722,0.907343,-0.197612,0.370651,10.842184,51.20623,31.14793,-0.035612,0.904809,0.01988,0.423861,2.388113,7.384703,47.597645,-0.056082,0.965739,0.047907,0.248815,-9.071164,1.689836,-12.523617,-0.035612,0.904809,0.01988,0.423861,13.655763,2.238993,38.559185
392,3.266667,-0.033532,0.969013,0.022017,0.243731,-0.210528,85.751175,17.927231,-0.042798,0.984459,0.100363,0.137607,-0.792915,93.417915,18.1297,-0.038457,0.989741,0.091282,0.10296,-3.176887,114.217445,22.08906,0.058953,0.996864,0.013112,0.051131,-5.165877,134.760406,25.709364,0.110209,0.975627,-0.188959,-0.017356,-3.282403,149.230881,24.311554,-0.027894,0.929201,0.127744,0.345671,-8.570804,128.834488,24.545111,0.292338,-0.620634,0.003092,-0.727559,-21.851692,129.472351,13.186854,0.088245,0.133369,-0.458408,-0.874235,-16.150341,120.350281,-9.192841,0.207307,0.251831,-0.525785,-0.785592,-1.590337,142.425446,-5.118041,-0.031931,0.990081,0.112956,0.07721,-1.305733,129.261276,26.114708,0.315972,0.862308,0.148436,-0.366816,15.937224,130.06192,28.914413,-0.037924,0.116044,0.464011,-0.877377,29.127741,119.234886,10.876844,-0.021247,-0.196063,0.659586,-0.725296,15.806664,139.445496,6.740954,0.057284,0.937384,0.22045,0.263499,-8.454887,85.242287,13.482732,0.085496,0.990098,-0.037928,0.104676,-8.136576,52.760742,-2.589916,-0.055941,0.965714,0.047889,0.248945,-16.566853,6.028342,0.131101,-0.072803,0.949108,-0.105561,0.287663,8.033833,86.260071,22.371731,0.017188,0.907252,-0.197572,0.370896,10.841293,51.209976,31.151861,-0.035371,0.904798,0.020054,0.423896,2.386923,7.386825,47.597099,-0.055941,0.965714,0.047889,0.248945,-9.073082,1.690796,-12.524375,-0.035371,0.904798,0.020054,0.423896,13.653543,2.242573,38.55653
393,3.275,-0.033469,0.969008,0.022081,0.243752,-0.211697,85.752365,17.926268,-0.042795,0.984462,0.100339,0.137603,-0.793387,93.419121,18.129917,-0.038458,0.989743,0.091284,0.102943,-3.176992,114.218208,22.088184,0.059377,0.996835,0.013327,0.051157,-5.165999,134.761154,25.708597,0.109908,0.975626,-0.189122,-0.017499,-3.270452,149.230713,24.317726,-0.027937,0.929168,0.127817,0.345731,-8.570925,128.835205,24.544445,0.292363,-0.620667,0.00302,-0.727521,-21.850271,129.47287,13.184376,0.088034,0.133318,-0.458289,-0.874327,-16.150951,120.35215,-9.196388,0.20685,0.251443,-0.525984,-0.785704,-1.583216,142.424026,-5.117302,-0.031974,0.990076,0.112979,0.077222,-1.305805,129.262054,26.113802,0.315968,0.862307,0.148696,-0.366716,15.936986,130.064087,28.914112,-0.037765,0.115898,0.463966,-0.877427,29.131275,119.241241,10.876785,-0.02101,-0.196084,0.659751,-0.725147,15.806958,139.449127,6.743365,0.057319,0.937342,0.220432,0.263656,-8.455941,85.244926,13.48139,0.085472,0.990106,-0.037932,0.104619,-8.137663,52.763081,-2.590644,-0.055958,0.965721,0.047858,0.24892,-16.565601,6.030324,0.131485,-0.072826,0.949032,-0.105547,0.287916,8.032547,86.259804,22.371143,0.01717,0.907243,-0.197578,0.370914,10.839499,51.209724,31.151497,-0.035145,0.904779,0.020204,0.423947,2.386142,7.386759,47.597729,-0.055958,0.965721,0.047858,0.24892,-9.07234,1.69201,-12.524025,-0.035145,0.904779,0.020204,0.423947,13.652105,2.243562,38.555744
394,3.283333,-0.033568,0.968994,0.022136,0.243792,-0.207181,85.754189,17.924496,-0.04283,0.984454,0.100348,0.137643,-0.79057,93.420815,18.128571,-0.038506,0.989727,0.091397,0.102981,-3.176246,114.223221,22.087597,0.059523,0.996823,0.013227,0.051239,-5.167838,134.765152,25.712337,0.109837,0.975617,-0.189216,-0.017433,-3.267669,149.233871,24.318951,-0.027985,0.929151,0.127791,0.345781,-8.572007,128.839081,24.546623,0.292458,-0.620672,0.002946,-0.727479,-21.850052,129.475113,13.18495,0.088116,0.133308,-0.458289,-0.87432,-16.150999,120.354118,-9.195759,0.206898,0.251431,-0.526055,-0.785647,-1.583761,142.425446,-5.119353,-0.03188,0.990081,0.113012,0.077153,-1.307061,129.266388,26.116646,0.315885,0.862328,0.148718,-0.366728,15.936311,130.065338,28.91423,-0.037823,0.115919,0.463949,-0.87743,29.132748,119.246208,10.876253,-0.021023,-0.19613,0.659745,-0.72514,15.807777,139.45401,6.743179,0.057349,0.937369,0.220368,0.263607,-8.450937,85.245224,13.478893,0.085463,0.99008,-0.03796,0.104868,-8.136852,52.761597,-2.589621,-0.056059,0.965725,0.047903,0.248874,-16.564926,6.0289,0.133092,-0.072818,0.949006,-0.105602,0.287982,8.036576,86.263161,22.3701,0.017194,0.907252,-0.197554,0.370905,10.841229,51.213856,31.154251,-0.035155,0.90479,0.02009,0.42393,2.386788,7.390055,47.597706,-0.056059,0.965725,0.047903,0.248874,-9.071795,1.692634,-12.523196,-0.035155,0.90479,0.02009,0.42393,13.652057,2.243998,38.556488
395,3.291667,-0.033581,0.968981,0.022066,0.243848,-0.207548,85.756096,17.926451,-0.042782,0.984458,0.100295,0.137669,-0.79087,93.42276,18.129393,-0.038562,0.989719,0.091437,0.103002,-3.174303,114.225479,22.086363,0.05953,0.996821,0.013228,0.05128,-5.168455,134.766922,25.712479,0.109876,0.975608,-0.189246,-0.017378,-3.26795,149.235611,24.319212,-0.028004,0.929155,0.127776,0.345775,-8.571881,128.84053,24.546164,0.292517,-0.6207,0.002836,-0.727432,-21.850037,129.475723,13.184559,0.088161,0.133302,-0.458218,-0.874354,-16.152685,120.356453,-9.197302,0.206816,0.251464,-0.526041,-0.785668,-1.581588,142.425964,-5.121608,-0.031833,0.99009,0.112958,0.077135,-1.307062,129.26857,26.116585,0.315775,0.862362,0.148812,-0.366706,15.936515,130.066132,28.913345,-0.037844,0.115885,0.463868,-0.877476,29.137197,119.252708,10.875042,-0.020981,-0.19615,0.659742,-0.725138,15.808383,139.457748,6.743558,0.057369,0.937348,0.220324,0.263715,-8.450781,85.246613,13.479929,0.085479,0.990077,-0.037915,0.104897,-8.137071,52.761745,-2.586093,-0.056215,0.965717,0.047833,0.248881,-16.566282,6.028977,0.131964,-0.07283,0.948943,-0.105575,0.288195,8.035686,86.265587,22.372974,0.017194,0.907256,-0.197552,0.370897,10.839787,51.215996,31.156158,-0.035689,0.904818,0.019737,0.423841,2.385553,7.392123,47.599533,-0.056215,0.965717,0.047833,0.248881,-9.071476,1.692049,-12.523115,-0.035689,0.904818,0.019737,0.423841,13.653004,2.243659,38.562401
396,3.3,-0.033566,0.96898,0.02203,0.243857,-0.20614,85.756454,17.926701,-0.042822,0.984456,0.100297,0.137669,-0.789112,93.423149,18.129162,-0.038581,0.989722,0.091401,0.102999,-3.174314,114.226273,22.086082,0.059308,0.996835,0.013136,0.051281,-5.169111,134.767914,25.710648,0.110021,0.975605,-0.189189,-0.01727,-3.274907,149.237137,24.314367,-0.028016,0.929174,0.127781,0.345721,-8.572351,128.841339,24.544788,0.292519,-0.620672,0.002825,-0.727455,-21.851791,129.475922,13.184651,0.08816,0.133249,-0.458229,-0.874356,-16.152718,120.357422,-9.197079,0.206756,0.251458,-0.526022,-0.785698,-1.582064,142.42627,-5.124084,-0.031945,0.990078,0.113032,0.07713,-1.307543,129.26973,26.115168,0.315772,0.862383,0.148857,-0.366641,15.935816,130.070984,28.912235,-0.037807,0.115889,0.463801,-0.877513,29.138983,119.257721,10.875656,-0.021027,-0.1961,0.659858,-0.725045,15.807412,139.460052,6.742897,0.057413,0.937348,0.220323,0.263706,-8.449307,85.247078,13.480043,0.085429,0.990075,-0.03793,0.104954,-8.138729,52.762558,-2.586727,-0.056099,0.965727,0.047889,0.248859,-16.563555,6.02909,0.132744,-0.07276,0.949001,-0.105609,0.288011,8.037026,86.265839,22.373358,0.017125,0.907212,-0.197499,0.371035,10.837274,51.216022,31.156898,-0.035204,0.904777,0.020119,0.423952,2.388324,7.389924,47.597057,-0.056099,0.965727,0.047889,0.248859,-9.070407,1.692751,-12.523514,-0.035204,0.904777,0.020119,0.423952,13.654629,2.245246,38.556332
397,3.308333,-0.033547,0.968973,0.021942,0.243894,-0.207741,85.757095,17.928375,-0.04283,0.98446,0.10027,0.137659,-0.790106,93.423874,18.129578,-0.038578,0.989726,0.091387,0.102971,-3.175417,114.226875,22.085302,0.059126,0.996849,0.012997,0.051256,-5.169916,134.768646,25.709352,0.110116,0.975607,-0.189126,-0.017203,-3.280876,149.238129,24.308735,-0.028044,0.929148,0.127745,0.345802,-8.573248,128.842041,24.543859,0.292352,-0.620686,0.002943,-0.72751,-21.850666,129.475677,13.181316,0.088041,0.133229,-0.458222,-0.874375,-16.152491,120.357834,-9.200904,0.206754,0.25141,-0.525993,-0.785733,-1.580237,142.427368,-5.125487,-0.031995,0.990084,0.112979,0.077108,-1.308354,129.270447,26.113827,0.315734,0.862414,0.14874,-0.366648,15.935002,130.073685,28.910294,-0.037852,0.115942,0.463819,-0.877495,29.139074,119.259453,10.874963,-0.021003,-0.196168,0.659753,-0.725123,15.808826,139.462631,6.74105,0.057426,0.937333,0.220264,0.263804,-8.450588,85.247681,13.481134,0.085406,0.990089,-0.037864,0.104857,-8.140404,52.761372,-2.582021,-0.056238,0.965736,0.047885,0.248792,-16.562199,6.027052,0.132311,-0.072783,0.948959,-0.105556,0.288164,8.035106,86.266502,22.375616,0.017134,0.90722,-0.197522,0.371003,10.836666,51.216114,31.156439,-0.03536,0.904798,0.019985,0.423899,2.386802,7.390913,47.598511,-0.056238,0.965736,0.047885,0.248792,-9.0694,1.69167,-12.52448,-0.03536,0.904798,0.019985,0.423899,13.653093,2.244727,38.55864
398,3.316667,-0.033559,0.968975,0.021914,0.243889,-0.204741,85.758255,17.928658,-0.042877,0.984457,0.100273,0.137663,-0.787181,93.425041,18.129396,-0.038613,0.989724,0.091385,0.102978,-3.174388,114.227165,22.084801,0.059203,0.996841,0.013093,0.051302,-5.17034,134.768845,25.708584,0.110019,0.975598,-0.189234,-0.017176,-3.27904,149.238312,24.310959,-0.02803,0.92914,0.127728,0.34583,-8.573252,128.841995,24.543081,0.292288,-0.620621,0.003038,-0.727591,-21.850029,129.476028,13.1798,0.087992,0.133211,-0.4583,-0.874341,-16.147848,120.357666,-9.201199,0.206762,0.251423,-0.526001,-0.785722,-1.57956,142.429031,-5.126159,-0.032015,0.990096,0.112876,0.077103,-1.308417,129.270905,26.113201,0.315612,0.862463,0.148599,-0.366696,15.934922,130.07515,28.909513,-0.037964,0.115987,0.46377,-0.87751,29.141117,119.263199,10.874367,-0.020993,-0.196127,0.659809,-0.725083,15.809166,139.465332,6.74091,0.057461,0.937356,0.220216,0.263756,-8.447628,85.248489,13.481524,0.085475,0.990073,-0.037808,0.104978,-8.141645,52.76096,-2.579232,-0.056026,0.965685,0.047885,0.249039,-16.569666,6.027362,0.128108,-0.072773,0.948901,-0.105566,0.288353,8.038145,86.268028,22.37579,0.017135,0.907205,-0.197491,0.371056,10.837059,51.217682,31.157648,-0.03576,0.904821,0.01967,0.423832,2.387151,7.391322,47.596626,-0.056026,0.965685,0.047885,0.249039,-9.072616,1.69054,-12.525675,-0.03576,0.904821,0.01967,0.423832,13.654881,2.242038,38.560307
399,3.325,-0.033514,0.968974,0.021892,0.243898,-0.205213,85.758904,17.929844,-0.042842,0.984467,0.100222,0.13764,-0.7869,93.425743,18.130417,-0.038622,0.989728,0.091374,0.102945,-3.172364,114.22905,22.084087,0.058929,0.996862,0.012967,0.051246,-5.168544,134.770782,25.707453,0.110125,0.975598,-0.189176,-0.017132,-3.285206,149.240875,24.305635,-0.028103,0.929141,0.127724,0.345824,-8.571398,128.843826,24.542332,0.292419,-0.620694,0.00283,-0.727476,-21.848175,129.475418,13.178918,0.088057,0.133248,-0.458237,-0.874362,-16.150471,120.359467,-9.204206,0.206685,0.251515,-0.525995,-0.785717,-1.579508,142.429214,-5.12857,-0.032095,0.990089,0.112929,0.077069,-1.306471,129.272934,26.111967,0.315583,0.862483,0.148575,-0.366684,15.936873,130.079895,28.907454,-0.037912,0.115925,0.463714,-0.87755,29.144413,119.268333,10.873058,-0.020878,-0.196168,0.659808,-0.725077,15.808914,139.469086,6.740637,0.057457,0.937353,0.220203,0.263776,-8.448065,85.249863,13.482565,0.085446,0.990112,-0.037766,0.104645,-8.141665,52.761875,-2.577281,-0.056216,0.96572,0.04786,0.248865,-16.565674,6.027508,0.129206,-0.072762,0.948916,-0.105578,0.288301,8.037639,86.267944,22.377125,0.017142,0.907209,-0.197477,0.371053,10.83601,51.21767,31.159431,-0.035604,0.904801,0.019783,0.423883,2.386063,7.390797,47.597004,-0.056216,0.96572,0.04786,0.248865,-9.071253,1.691319,-12.52635,-0.035604,0.904801,0.019783,0.423883,13.653688,2.242482,38.560001
400,3.333333,-0.033543,0.968976,0.021891,0.243887,-0.205505,85.760483,17.931021,-0.042814,0.98447,0.100192,0.13765,-0.787614,93.427299,18.131487,-0.038623,0.989727,0.091367,0.102963,-3.171856,114.231941,22.084246,0.058887,0.996864,0.012936,0.051261,-5.168112,134.773712,25.707272,0.110073,0.975596,-0.189221,-0.017114,-3.285882,149.243881,24.304516,-0.028135,0.929126,0.127719,0.345863,-8.570938,128.846771,24.542097,0.292334,-0.620686,0.002935,-0.727517,-21.846706,129.477448,13.177451,0.087989,0.13325,-0.458276,-0.874348,-16.14852,120.360443,-9.205121,0.206706,0.251519,-0.526034,-0.785684,-1.579443,142.431274,-5.127956,-0.032109,0.990092,0.11292,0.077043,-1.30607,129.275879,26.112001,0.315484,0.862521,0.148658,-0.366646,15.937385,130.083496,28.906626,-0.037852,0.115856,0.463666,-0.877587,29.149401,119.276794,10.872587,-0.020652,-0.196271,0.659789,-0.725073,15.811232,139.475388,6.741558,0.057492,0.937361,0.220173,0.263766,-8.448425,85.250916,13.483932,0.08536,0.990117,-0.037757,0.104674,-8.145197,52.762257,-2.574614,-0.056277,0.965745,0.047935,0.24874,-16.561142,6.026426,0.131725,-0.072773,0.948886,-0.105538,0.288411,8.037416,86.270058,22.378107,0.017127,0.907212,-0.197498,0.371036,10.83636,51.219284,31.158245,-0.035261,0.904788,0.019991,0.423929,2.3873,7.393151,47.598248,-0.056277,0.965745,0.047935,0.24874,-9.069261,1.692712,-12.52618,-0.035261,0.904788,0.019991,0.423929,13.653225,2.245879,38.558537
401,3.341667,-0.033554,0.968976,0.021931,0.243883,-0.20405,85.762962,17.933836,-0.042784,0.98448,0.100096,0.137659,-0.786479,93.429741,18.134855,-0.038699,0.989722,0.091367,0.10298,-3.168742,114.23349,22.083427,0.058927,0.99686,0.012969,0.051281,-5.168179,134.775024,25.706106,0.109981,0.975596,-0.189271,-0.01713,-3.284772,149.245132,24.304409,-0.028169,0.929134,0.127721,0.345839,-8.570081,128.847565,24.540844,0.292359,-0.620686,0.002891,-0.727507,-21.846359,129.477036,13.176736,0.088051,0.133288,-0.458277,-0.874336,-16.148165,120.36084,-9.20615,0.206819,0.251561,-0.52601,-0.785657,-1.579535,142.43222,-5.128785,-0.03213,0.990095,0.112886,0.077043,-1.305352,129.277756,26.111088,0.315397,0.862563,0.148615,-0.366638,15.938049,130.086182,28.905767,-0.03783,0.115871,0.463678,-0.877579,29.153076,119.281723,10.872602,-0.02049,-0.196471,0.6597,-0.725103,15.815695,139.480453,6.740496,0.05749,0.93738,0.220152,0.263717,-8.446986,85.253372,13.486782,0.085383,0.990107,-0.037717,0.104765,-8.144866,52.764004,-2.570352,-0.056278,0.965733,0.047897,0.248796,-16.562849,6.028259,0.131216,-0.072747,0.948919,-0.10557,0.288299,8.038885,86.27256,22.380888,0.017182,0.907248,-0.197428,0.370983,10.836435,51.222008,31.162342,-0.035489,0.904764,0.019832,0.423968,2.386004,7.393441,47.59515,-0.056278,0.965733,0.047897,0.248796,-9.069557,1.693552,-12.525509,-0.035489,0.904764,0.019832,0.423968,13.654372,2.244999,38.559151
402,3.35,-0.033601,0.96898,0.021956,0.243859,-0.200123,85.763252,17.933325,-0.042831,0.984483,0.100074,0.13764,-0.783339,93.429962,18.134548,-0.038658,0.989727,0.091359,0.102954,-3.167564,114.235352,22.082293,0.059041,0.99685,0.012932,0.051345,-5.165177,134.777084,25.704872,0.109756,0.975607,-0.189354,-0.017041,-3.278215,149.246658,24.302414,-0.028231,0.929134,0.127688,0.345844,-8.567614,128.849869,24.539869,0.292386,-0.620677,0.002884,-0.727504,-21.843639,129.476929,13.175329,0.08806,0.133309,-0.458319,-0.87431,-16.144871,120.360291,-9.20724,0.20686,0.251576,-0.526029,-0.785628,-1.578671,142.433029,-5.129542,-0.032169,0.990091,0.112921,0.077032,-1.302757,129.27951,26.109684,0.315243,0.862633,0.148792,-0.366534,15.940624,130.089218,28.904161,-0.037786,0.115832,0.463424,-0.877721,29.164261,119.292709,10.872543,-0.020526,-0.196382,0.659723,-0.725106,15.814879,139.483322,6.739831,0.05755,0.937405,0.220107,0.263653,-8.443222,85.252899,13.486653,0.085351,0.9901,-0.037716,0.104857,-8.147171,52.762615,-2.568732,-0.05629,0.965722,0.04797,0.248819,-16.562384,6.026345,0.132286,-0.0727,0.94891,-0.10559,0.288334,8.042975,86.273605,22.379993,0.017136,0.907171,-0.197418,0.371178,10.836532,51.222847,31.161928,-0.035284,0.904718,0.020063,0.424073,2.386941,7.393723,47.593697,-0.05629,0.965722,0.04797,0.248819,-9.068282,1.693834,-12.524716,-0.035284,0.904718,0.020063,0.424073,13.65625,2.248716,38.556908
403,3.358333,-0.033555,0.968987,0.021893,0.243844,-0.201212,85.76535,17.937065,-0.042843,0.984495,0.100016,0.13759,-0.783509,93.432152,18.137535,-0.038632,0.989749,0.091206,0.102893,-3.167097,114.232483,22.081858,0.058744,0.996869,0.012931,0.051325,-5.162789,134.775467,25.69837,0.109794,0.975613,-0.189312,-0.016911,-3.284489,149.246109,24.29541,-0.028149,0.929189,0.127693,0.345703,-8.565793,128.848129,24.535593,0.29252,-0.620573,0.00285,-0.727539,-21.845392,129.47728,13.175347,0.088134,0.133287,-0.458377,-0.874275,-16.140244,120.359207,-9.205009,0.206755,0.251613,-0.526058,-0.785624,-1.577561,142.432709,-5.130959,-0.032299,0.990081,0.112914,0.077117,-1.30072,129.277725,26.104408,0.315156,0.862672,0.148718,-0.366548,15.941906,130.091614,28.902317,-0.037795,0.115834,0.463321,-0.877774,29.167744,119.296989,10.871181,-0.020529,-0.196384,0.659727,-0.725101,15.813255,139.485168,6.73797,0.057488,0.937419,0.22015,0.263579,-8.444513,85.255531,13.490709,0.085357,0.990112,-0.037679,0.104748,-8.144687,52.766109,-2.566333,-0.056224,0.96574,0.047797,0.2488,-16.559778,6.029659,0.132035,-0.072673,0.948892,-0.105481,0.288436,8.042089,86.275169,22.383419,0.017076,0.907109,-0.197444,0.37132,10.83519,51.222473,31.157738,-0.035633,0.90473,0.019715,0.424035,2.387263,7.394141,47.592461,-0.056224,0.96574,0.047797,0.2488,-9.06703,1.69169,-12.5239,-0.035633,0.90473,0.019715,0.424035,13.65793,2.244531,38.559994
404,3.366667,-0.033539,0.969,0.021785,0.243803,-0.20173,85.764717,17.940777,-0.042806,0.984505,0.099961,0.137572,-0.783361,93.43161,18.139721,-0.038655,0.989753,0.091149,0.102889,-3.165109,114.233459,22.082237,0.058736,0.99687,0.012965,0.051312,-5.161502,134.776794,25.696335,0.109749,0.975605,-0.189377,-0.016948,-3.283504,149.247574,24.294319,-0.028184,0.929156,0.127673,0.345794,-8.564303,128.849213,24.534254,0.292467,-0.62055,0.002942,-0.727579,-21.841625,129.477386,13.171297,0.088016,0.1333,-0.458454,-0.874245,-16.135094,120.357979,-9.208152,0.206672,0.251608,-0.526138,-0.785595,-1.576287,142.433762,-5.131096,-0.03227,0.990121,0.112586,0.077098,-1.299246,129.279251,26.10302,0.315107,0.862712,0.148602,-0.366543,15.943542,130.09314,28.899893,-0.03784,0.1159,0.463308,-0.87777,29.171089,119.297829,10.870436,-0.020555,-0.196458,0.659623,-0.725175,15.816816,139.485611,6.735416,0.057487,0.937399,0.220183,0.263625,-8.445421,85.254684,13.495173,0.085345,0.990107,-0.03766,0.104812,-8.144063,52.766312,-2.563962,-0.056043,0.965748,0.047856,0.248796,-16.55801,6.029534,0.132224,-0.072663,0.948906,-0.105406,0.288422,8.041962,86.27475,22.386383,0.017012,0.907063,-0.197458,0.371426,10.836106,51.220806,31.155373,-0.035306,0.904726,0.019972,0.424059,2.391306,7.392815,47.592617,-0.056043,0.965748,0.047856,0.248796,-9.067096,1.691734,-12.524851,-0.035306,0.904726,0.019972,0.424059,13.660198,2.245732,38.556499
405,3.375,-0.0335,0.969014,0.021798,0.243751,-0.200192,85.763924,17.942307,-0.042801,0.984507,0.099926,0.137579,-0.781288,93.430847,18.141626,-0.038646,0.989755,0.091104,0.102915,-3.162818,114.234367,22.082941,0.05867,0.996878,0.012971,0.051233,-5.158761,134.778076,25.695169,0.109751,0.975605,-0.18936,-0.017111,-3.282955,149.24913,24.293068,-0.028319,0.929186,0.127568,0.345743,-8.561687,128.85051,24.533419,0.292598,-0.620572,0.002708,-0.727509,-21.839985,129.472763,13.171265,0.088379,0.133471,-0.458553,-0.87413,-16.134703,120.357468,-9.210194,0.207349,0.252057,-0.525816,-0.785487,-1.584312,142.436768,-5.135644,-0.032251,0.99013,0.112548,0.077037,-1.296696,129.280441,26.102531,0.315041,0.862758,0.148566,-0.366506,15.946472,130.094009,28.897207,-0.037928,0.115982,0.463245,-0.877789,29.177427,119.299873,10.869533,-0.020641,-0.196331,0.659549,-0.725274,15.821274,139.485901,6.73281,0.057531,0.937377,0.220152,0.26372,-8.444409,85.254631,13.497586,0.085314,0.990125,-0.037614,0.104687,-8.145039,52.765621,-2.560312,-0.056095,0.965763,0.047843,0.248729,-16.555315,6.028018,0.132961,-0.072669,0.94879,-0.105355,0.288822,8.044025,86.273224,22.387026,0.016949,0.906918,-0.197462,0.371781,10.836026,51.218559,31.153828,-0.035648,0.904719,0.019763,0.424055,2.390061,7.390511,47.590324,-0.056095,0.965763,0.047843,0.248729,-9.065626,1.690188,-12.524833,-0.035648,0.904719,0.019763,0.424055,13.661474,2.242354,38.557953
406,3.383333,-0.033651,0.969019,0.021869,0.243703,-0.194279,85.767006,17.942732,-0.042825,0.984515,0.099891,0.13754,-0.777881,93.433723,18.142567,-0.038714,0.989748,0.091198,0.102879,-3.160167,114.238632,22.082582,0.058696,0.996876,0.01287,0.05125,-5.159159,134.781403,25.69842,0.109677,0.975588,-0.189495,-0.01706,-3.282407,149.252075,24.293467,-0.028457,0.929137,0.127534,0.345875,-8.561213,128.8535,24.535885,0.2925,-0.62055,0.002733,-0.727567,-21.836046,129.471497,13.169456,0.088056,0.133397,-0.458498,-0.874203,-16.129436,120.358612,-9.212645,0.206836,0.251685,-0.52608,-0.785566,-1.573807,142.436707,-5.132448,-0.032199,0.990139,0.11254,0.076961,-1.29619,129.284332,26.104603,0.314964,0.862808,0.148341,-0.366545,15.9475,130.096451,28.896448,-0.037959,0.116028,0.463239,-0.877785,29.179466,119.301033,10.870285,-0.020459,-0.196281,0.659569,-0.725275,15.823126,139.48764,6.732078,0.057497,0.937439,0.220147,0.263511,-8.438743,85.255257,13.498756,0.085365,0.990124,-0.037614,0.104657,-8.140746,52.765812,-2.558291,-0.056332,0.965766,0.047748,0.248682,-16.555717,6.029028,0.134655,-0.072595,0.948818,-0.105391,0.288733,8.050184,86.278755,22.386709,0.016997,0.906987,-0.197458,0.371613,10.837144,51.223858,31.154182,-0.035682,0.904717,0.019592,0.424065,2.390281,7.395792,47.590183,-0.056332,0.965766,0.047748,0.248682,-9.064973,1.690425,-12.522252,-0.035682,0.904717,0.019592,0.424065,13.661557,2.243659,38.55991
407,3.391667,-0.033698,0.969023,0.021884,0.24368,-0.191511,85.768288,17.944468,-0.042792,0.984524,0.099866,0.137509,-0.775859,93.434944,18.14436,-0.038793,0.989759,0.091054,0.102863,-3.156084,114.236435,22.082924,0.058721,0.996874,0.013,0.051243,-5.157722,134.780045,25.692553,0.109607,0.97559,-0.189522,-0.017107,-3.280443,149.251007,24.291389,-0.028323,0.92914,0.127635,0.345841,-8.559013,128.851349,24.531837,0.292591,-0.6205,0.002769,-0.727573,-21.83493,129.474792,13.166978,0.088119,0.133406,-0.458523,-0.874182,-16.125263,120.358536,-9.212965,0.206795,0.251738,-0.526118,-0.785534,-1.571374,142.437241,-5.134216,-0.032286,0.990134,0.112544,0.076984,-1.294036,129.2836,26.10037,0.314903,0.862857,0.148336,-0.366484,15.949336,130.098602,28.893333,-0.037969,0.116035,0.463198,-0.877805,29.185413,119.304451,10.869436,-0.02031,-0.196168,0.659553,-0.725324,15.8273,139.4897,6.730961,0.057479,0.937466,0.220142,0.26342,-8.436131,85.255745,13.500874,0.085386,0.990122,-0.037588,0.104662,-8.138569,52.766003,-2.555557,-0.056143,0.965761,0.047817,0.24873,-16.555298,6.029386,0.134697,-0.072594,0.948777,-0.10536,0.28888,8.053108,86.28083,22.38806,0.016978,0.906919,-0.197466,0.371775,10.839355,51.22546,31.153866,-0.035781,0.904713,0.019539,0.424067,2.390908,7.397646,47.589699,-0.056143,0.965761,0.047817,0.24873,-9.065129,1.691216,-12.522693,-0.035781,0.904713,0.019539,0.424067,13.663014,2.245395,38.560535
408,3.4,-0.033622,0.969032,0.021899,0.243653,-0.192269,85.766754,17.946346,-0.04275,0.984537,0.099782,0.137487,-0.775538,93.433487,18.146769,-0.038836,0.989755,0.09111,0.102839,-3.15404,114.241119,22.083122,0.058581,0.996887,0.012849,0.051177,-5.157588,134.78418,25.694878,0.109695,0.975567,-0.189587,-0.017147,-3.284389,149.255188,24.288971,-0.028426,0.929092,0.127626,0.345964,-8.558332,128.85524,24.533718,0.292623,-0.620521,0.002765,-0.727542,-21.831079,129.475815,13.164997,0.088138,0.133419,-0.458517,-0.874182,-16.122707,120.358429,-9.214817,0.206821,0.251707,-0.526026,-0.785598,-1.568568,142.437164,-5.135847,-0.032194,0.990144,0.112542,0.076899,-1.293332,129.288071,26.101982,0.314842,0.862902,0.148416,-0.366398,15.950704,130.100266,28.891685,-0.037943,0.116125,0.463074,-0.87786,29.191813,119.308868,10.869834,-0.020429,-0.196065,0.659536,-0.725365,15.829728,139.489044,6.726605,0.057503,0.937434,0.220134,0.263538,-8.43723,85.255646,13.50322,0.085314,0.990119,-0.037593,0.104753,-8.139416,52.765846,-2.553104,-0.056193,0.965788,0.047871,0.248606,-16.549652,6.028089,0.137588,-0.072624,0.948788,-0.105356,0.288839,8.052691,86.277863,22.389473,0.016978,0.906918,-0.197472,0.371775,10.841455,51.22274,31.155449,-0.035756,0.90473,0.019658,0.424027,2.392723,7.395166,47.591774,-0.056193,0.965788,0.047871,0.248606,-9.062122,1.691721,-12.52198,-0.035756,0.90473,0.019658,0.424027,13.664254,2.245651,38.560329
409,3.408333,-0.033733,0.969047,0.021963,0.243573,-0.183854,85.770569,17.947012,-0.042863,0.984536,0.099755,0.137478,-0.769,93.437141,18.148018,-0.038786,0.989765,0.091017,0.102846,-3.151451,114.239227,22.081591,0.058517,0.996889,0.012911,0.051207,-5.152556,134.783142,25.689739,0.109585,0.975565,-0.189662,-0.017096,-3.281178,149.254578,24.285618,-0.028362,0.929116,0.127593,0.345917,-8.554005,128.854431,24.529583,0.292651,-0.620488,0.00287,-0.727558,-21.828016,129.476425,13.162414,0.088193,0.133417,-0.458565,-0.874151,-16.117638,120.354843,-9.215179,0.206901,0.251741,-0.526027,-0.785566,-1.565534,142.435867,-5.138023,-0.032337,0.990134,0.112592,0.076894,-1.288966,129.286652,26.097843,0.314875,0.862911,0.148356,-0.366372,15.954775,130.103638,28.88796,-0.037891,0.11617,0.463063,-0.877862,29.195808,119.309441,10.867731,-0.020388,-0.195996,0.659381,-0.725526,15.833831,139.488861,6.721328,0.057542,0.937491,0.220111,0.263344,-8.429407,85.25769,13.505188,0.085354,0.990117,-0.037554,0.104752,-8.138029,52.767487,-2.550441,-0.056164,0.965766,0.047819,0.248707,-16.551647,6.030095,0.136179,-0.072508,0.948784,-0.105373,0.288874,8.0617,86.283455,22.388836,0.016976,0.906911,-0.197452,0.371804,10.841803,51.227367,31.153738,-0.035674,0.904687,0.019561,0.424129,2.393509,7.399005,47.588192,-0.056164,0.965766,0.047819,0.248707,-9.061866,1.692143,-12.521517,-0.035674,0.904687,0.019561,0.424129,13.665872,2.246007,38.559776
410,3.416667,-0.033705,0.969053,0.02181,0.243565,-0.184597,85.770706,17.949884,-0.042795,0.984548,0.09979,0.137388,-0.768745,93.437401,18.148718,-0.0388,0.989783,0.090927,0.102744,-3.148039,114.238213,22.084162,0.058475,0.996897,0.012887,0.051093,-5.148984,134.782776,25.688761,0.109547,0.975555,-0.189725,-0.017215,-3.279162,149.254318,24.283648,-0.028336,0.929128,0.12748,0.34593,-8.550503,128.853745,24.530416,0.292626,-0.620524,0.002937,-0.727538,-21.824249,129.475266,13.162912,0.088474,0.133439,-0.458637,-0.874082,-16.116091,120.35154,-9.214369,0.207571,0.251986,-0.525843,-0.785434,-1.568399,142.435562,-5.144039,-0.032344,0.990146,0.112501,0.076864,-1.285166,129.286453,26.097158,0.314881,0.862914,0.148389,-0.366346,15.958723,130.104095,28.886181,-0.037703,0.116104,0.463002,-0.877911,29.20051,119.309975,10.866462,-0.020195,-0.196006,0.659546,-0.725378,15.835148,139.48645,6.718331,0.057506,0.937476,0.220134,0.263389,-8.430254,85.257629,13.508274,0.08534,0.990139,-0.03752,0.104566,-8.13522,52.767849,-2.548134,-0.056196,0.965791,0.047782,0.24861,-16.546747,6.029999,0.136992,-0.07253,0.948787,-0.105311,0.28888,8.06106,86.283775,22.391493,0.016971,0.90691,-0.197453,0.371805,10.843933,51.226967,31.15263,-0.035416,0.904668,0.019846,0.424179,2.395915,7.398656,47.587353,-0.056196,0.965791,0.047782,0.24861,-9.059189,1.691129,-12.521707,-0.035416,0.904668,0.019846,0.424179,13.667813,2.249806,38.555988
411,3.425,-0.033629,0.969065,0.021793,0.243532,-0.183037,85.768959,17.951395,-0.042788,0.984554,0.099757,0.137374,-0.765991,93.435753,18.150278,-0.038831,0.989788,0.090863,0.102738,-3.144838,114.237595,22.084539,0.058496,0.996896,0.012858,0.051108,-5.146799,134.782547,25.68638,0.109417,0.975546,-0.189848,-0.017217,-3.276281,149.253922,24.280474,-0.02835,0.929147,0.127454,0.345887,-8.548024,128.85318,24.528837,0.292676,-0.620494,0.002975,-0.727544,-21.822779,129.47374,13.162455,0.088277,0.133291,-0.458551,-0.874169,-16.112753,120.347527,-9.213341,0.207057,0.251479,-0.526086,-0.78557,-1.55753,142.429352,-5.143729,-0.032401,0.990156,0.112398,0.076869,-1.282707,129.286469,26.095509,0.314943,0.862906,0.148372,-0.36632,15.961029,130.106323,28.88483,-0.037606,0.116166,0.463013,-0.877901,29.201817,119.309174,10.866194,-0.020227,-0.196006,0.65956,-0.725364,15.838294,139.484512,6.713449,0.05747,0.937505,0.220136,0.26329,-8.42909,85.257164,13.510375,0.085367,0.990146,-0.037501,0.104482,-8.133304,52.767136,-2.545527,-0.056347,0.965819,0.047687,0.248485,-16.546907,6.029576,0.138246,-0.072498,0.948803,-0.105274,0.288849,8.063017,86.280754,22.392414,0.017035,0.906824,-0.197496,0.371989,10.844833,51.223053,31.150284,-0.035886,0.904601,0.019578,0.424294,2.386481,7.396564,47.584557,-0.056347,0.965819,0.047687,0.248485,-9.061164,1.689124,-12.520981,-0.035886,0.904601,0.019578,0.424294,13.664299,2.246849,38.561081
412,3.433333,-0.03364,0.969081,0.021615,0.243482,-0.18156,85.770554,17.956144,-0.042878,0.984558,0.099681,0.137368,-0.763995,93.437454,18.152363,-0.038713,0.989796,0.090844,0.102727,-3.1461,114.239326,22.082869,0.058476,0.996898,0.012866,0.05108,-5.143042,134.78479,25.684475,0.109373,0.975532,-0.189942,-0.017253,-3.273205,149.256271,24.278713,-0.028348,0.929178,0.127375,0.345832,-8.545721,128.856216,24.527172,0.292909,-0.620488,0.002938,-0.727455,-21.821802,129.475616,13.162282,0.088763,0.133375,-0.458585,-0.874089,-16.111391,120.343689,-9.211077,0.207684,0.251835,-0.525921,-0.785401,-1.560658,142.42662,-5.150648,-0.03236,0.990165,0.112327,0.076869,-1.280234,129.287811,26.093525,0.314769,0.862992,0.147784,-0.366503,15.963589,130.106461,28.882658,-0.037852,0.116319,0.462988,-0.877884,29.203146,119.306053,10.865067,-0.020243,-0.195964,0.659618,-0.725322,15.839049,139.483276,6.711052,0.057463,0.937508,0.22016,0.26326,-8.428061,85.257721,13.516071,0.085368,0.990156,-0.037431,0.104411,-8.131806,52.768414,-2.541289,-0.05607,0.965803,0.047768,0.248594,-16.544659,6.030381,0.136518,-0.072445,0.948783,-0.10517,0.288967,8.064939,86.283386,22.396215,0.016983,0.906772,-0.197519,0.372105,10.844238,51.223541,31.146305,-0.035231,0.904567,0.019997,0.424403,2.38751,7.397717,47.583199,-0.05607,0.965803,0.047768,0.248594,-9.05879,1.69006,-12.522681,-0.035231,0.904567,0.019997,0.424403,13.662599,2.250576,38.554848
413,3.441667,-0.033627,0.969088,0.021723,0.243444,-0.178452,85.770103,17.95532,-0.042804,0.984567,0.099676,0.137332,-0.761098,93.436943,18.153225,-0.038835,0.989801,0.090756,0.102712,-3.140039,114.239868,22.084206,0.058462,0.996901,0.012865,0.051045,-5.141592,134.785629,25.681686,0.109404,0.975521,-0.189973,-0.017322,-3.272279,149.257156,24.275795,-0.028355,0.929208,0.127351,0.34576,-8.542941,128.856049,24.525579,0.292909,-0.620506,0.00295,-0.72744,-21.820768,129.474594,13.162679,0.088843,0.133344,-0.458523,-0.874119,-16.111465,120.341965,-9.21069,0.207813,0.251734,-0.525812,-0.785472,-1.557563,142.422668,-5.153256,-0.032338,0.99016,0.112427,0.076793,-1.277548,129.289597,26.091831,0.314915,0.862941,0.14815,-0.36635,15.966736,130.107498,28.878323,-0.037692,0.11618,0.463005,-0.8779,29.207331,119.307198,10.861426,-0.020176,-0.19594,0.659563,-0.72538,15.843131,139.483398,6.709904,0.057539,0.937523,0.220134,0.263214,-8.425318,85.25798,13.515846,0.08532,0.990153,-0.037441,0.104476,-8.135483,52.768463,-2.541205,-0.056043,0.965802,0.047816,0.248595,-16.544086,6.029716,0.137476,-0.072444,0.948797,-0.105285,0.28888,8.068413,86.282234,22.394796,0.017015,0.906756,-0.197488,0.372159,10.846017,51.224136,31.152433,-0.035631,0.904602,0.019692,0.424309,2.386605,7.397264,47.585148,-0.056043,0.965802,0.047816,0.248595,-9.058403,1.690526,-12.522219,-0.035631,0.904602,0.019692,0.424309,13.662621,2.247253,38.559589
414,3.45,-0.033689,0.96909,0.021805,0.243423,-0.175769,85.771057,17.957058,-0.04276,0.984583,0.099597,0.137293,-0.759638,93.437782,18.155966,-0.038878,0.989804,0.090741,0.102673,-3.136162,114.241943,22.084108,0.058527,0.996899,0.01288,0.050992,-5.139317,134.787674,25.680864,0.109334,0.97551,-0.190061,-0.01743,-3.268301,149.259018,24.2754,-0.028295,0.929215,0.127304,0.345765,-8.540212,128.857727,24.525244,0.292895,-0.620506,0.003135,-0.727444,-21.818033,129.477661,13.162407,0.088912,0.133273,-0.458515,-0.874126,-16.108835,120.33873,-9.208409,0.207903,0.25172,-0.525854,-0.785424,-1.553591,142.419373,-5.155917,-0.032296,0.990165,0.112425,0.076747,-1.274748,129.291992,26.090971,0.314854,0.862978,0.147889,-0.366421,15.96988,130.108658,28.875711,-0.037816,0.116204,0.463023,-0.877882,29.209799,119.306137,10.859644,-0.020108,-0.195919,0.659585,-0.725368,15.846102,139.484375,6.709817,0.057546,0.93753,0.220115,0.263204,-8.422751,85.258171,13.517886,0.085361,0.990139,-0.037427,0.104578,-8.133973,52.768127,-2.538113,-0.056144,0.965785,0.047826,0.248638,-16.546553,6.029958,0.138006,-0.072418,0.948801,-0.105218,0.288898,8.071214,86.283943,22.396231,0.017003,0.906747,-0.197548,0.37215,10.848268,51.224541,31.148804,-0.035237,0.904582,0.019964,0.424373,2.387972,7.39989,47.586987,-0.056144,0.965785,0.047826,0.248638,-9.058743,1.691958,-12.520843,-0.035237,0.904582,0.019964,0.424373,13.662384,2.251941,38.558243
415,3.458333,-0.033697,0.969109,0.021723,0.243353,-0.171052,85.773552,17.963572,-0.042826,0.984598,0.099499,0.137228,-0.754724,93.440315,18.161272,-0.038866,0.989816,0.090701,0.102599,-3.1331,114.244034,22.084911,0.058531,0.996902,0.012787,0.050968,-5.135333,134.7901,25.680223,0.109288,0.975501,-0.190132,-0.017408,-3.264159,149.261169,24.27203,-0.028407,0.929226,0.127268,0.345738,-8.53651,128.860138,24.525604,0.292692,-0.620528,0.003369,-0.727506,-21.814772,129.475845,13.16305,0.08886,0.133184,-0.458503,-0.874151,-16.106956,120.334412,-9.2071,0.20804,0.251664,-0.525838,-0.785416,-1.549388,142.41507,-5.157122,-0.032306,0.990161,0.112495,0.076697,-1.270809,129.294403,26.090229,0.314922,0.862969,0.147719,-0.366453,15.974064,130.111389,28.873365,-0.037713,0.11615,0.463071,-0.877868,29.210686,119.303253,10.858245,-0.019941,-0.196039,0.659661,-0.725271,15.848093,139.483185,6.708494,0.057603,0.937528,0.220153,0.263165,-8.418658,85.260101,13.525626,0.085336,0.990141,-0.037395,0.104593,-8.133623,52.771713,-2.533792,-0.056179,0.965795,0.047758,0.248602,-16.543621,6.032899,0.13938,-0.072361,0.948784,-0.10517,0.288986,8.076554,86.287003,22.401518,0.016981,0.906688,-0.197537,0.372302,10.84992,51.226269,31.149971,-0.035244,0.904579,0.019972,0.424377,2.389158,7.401127,47.586613,-0.056179,0.965795,0.047758,0.248602,-9.056448,1.693208,-12.519262,-0.035244,0.904579,0.019972,0.424377,13.663758,2.253463,38.557945
416,3.466667,-0.033655,0.969105,0.021725,0.243376,-0.171589,85.771561,17.961517,-0.042756,0.984601,0.099528,0.137215,-0.754643,93.43837,18.159389,-0.038882,0.989824,0.09063,0.102585,-3.130366,114.243446,22.084925,0.058608,0.996896,0.012714,0.051009,-5.132878,134.790009,25.677248,0.109149,0.975501,-0.190219,-0.01736,-3.259264,149.260574,24.267115,-0.028251,0.929281,0.126927,0.345728,-8.533978,128.859818,24.523577,0.292926,-0.620534,0.003253,-0.727407,-21.81278,129.476379,13.161701,0.089019,0.133199,-0.45846,-0.874156,-16.105333,120.331848,-9.207275,0.208049,0.251552,-0.525771,-0.785495,-1.546608,142.410599,-5.160451,-0.032355,0.990178,0.112402,0.076596,-1.26825,129.294434,26.087982,0.315082,0.862931,0.147344,-0.366557,15.977055,130.1138,28.867737,-0.037794,0.116161,0.46324,-0.877774,29.204899,119.29332,10.85358,-0.019901,-0.19594,0.659746,-0.725222,15.849237,139.480148,6.705782,0.057609,0.937515,0.220117,0.26324,-8.419039,85.258904,13.523186,0.085312,0.990103,-0.037435,0.10496,-8.13386,52.769424,-2.534023,-0.056164,0.965804,0.04781,0.248561,-16.542948,6.030503,0.140068,-0.07243,0.948808,-0.105187,0.288884,8.07586,86.284218,22.399849,0.017092,0.906794,-0.197541,0.372036,10.854594,51.224483,31.150536,-0.03542,0.904552,0.019933,0.424422,2.38896,7.399839,47.585983,-0.056164,0.965804,0.04781,0.248561,-9.056922,1.692109,-12.519705,-0.03542,0.904552,0.019933,0.424422,13.666062,2.253456,38.559704
417,3.475,-0.033641,0.969117,0.0216,0.243339,-0.167751,85.770866,17.967623,-0.042798,0.984617,0.099418,0.137162,-0.750119,93.437782,18.16371,-0.038889,0.989834,0.090592,0.102519,-3.126753,114.243698,22.084576,0.058595,0.996898,0.012609,0.051003,-5.129161,134.790512,25.675467,0.109079,0.975488,-0.190331,-0.01731,-3.255812,149.260803,24.262241,-0.028278,0.929315,0.126789,0.345686,-8.530306,128.860168,24.522717,0.292932,-0.620567,0.00329,-0.727377,-21.810066,129.473953,13.161814,0.089026,0.133129,-0.458419,-0.874187,-16.104654,120.327423,-9.206861,0.20801,0.25146,-0.525752,-0.785547,-1.54293,142.404694,-5.163096,-0.032281,0.990218,0.11209,0.076568,-1.264386,129.295044,26.086157,0.315115,0.862941,0.147351,-0.366502,15.981232,130.112823,28.864426,-0.037687,0.116227,0.463195,-0.877794,29.210037,119.290504,10.852077,-0.019976,-0.196034,0.659483,-0.725434,15.853824,139.474213,6.699021,0.05758,0.937546,0.220165,0.263097,-8.415556,85.257874,13.529992,0.085388,0.990124,-0.037358,0.104729,-8.129939,52.769695,-2.529848,-0.056191,0.965776,0.047743,0.248675,-16.544794,6.031463,0.138178,-0.072365,0.948807,-0.10512,0.288925,8.080055,86.283859,22.405254,0.017067,0.906749,-0.197519,0.372157,10.855367,51.22242,31.15024,-0.035502,0.904549,0.019932,0.42442,2.390374,7.396901,47.583687,-0.056191,0.965776,0.047743,0.248675,-9.055644,1.691537,-12.519217,-0.035502,0.904549,0.019932,0.42442,13.66826,2.251549,38.557808
418,3.483333,-0.033661,0.969116,0.021562,0.243342,-0.168707,85.77079,17.965752,-0.042748,0.984623,0.09946,0.137105,-0.751238,93.437706,18.161196,-0.038818,0.989849,0.090541,0.102447,-3.125978,114.245224,22.084568,0.058615,0.9969,0.012492,0.050981,-5.125,134.792664,25.673788,0.108991,0.975479,-0.190427,-0.017288,-3.250985,149.262543,24.257139,-0.028341,0.929339,0.12672,0.345642,-8.527141,128.862686,24.522137,0.292902,-0.620649,0.003308,-0.727319,-21.807833,129.473373,13.162155,0.089102,0.133098,-0.458306,-0.874244,-16.107485,120.325958,-9.20745,0.208092,0.251508,-0.525762,-0.785504,-1.539692,142.399841,-5.166077,-0.032276,0.990223,0.112082,0.076521,-1.260918,129.296692,26.084412,0.315148,0.86295,0.14705,-0.366572,15.984967,130.114517,28.861019,-0.037644,0.116264,0.463213,-0.877781,29.210207,119.285675,10.849969,-0.019905,-0.19604,0.659638,-0.725293,15.854682,139.470551,6.694332,0.057554,0.937557,0.220136,0.263088,-8.416459,85.257256,13.528082,0.085386,0.990127,-0.037361,0.104701,-8.129799,52.767933,-2.529414,-0.056149,0.965783,0.047772,0.248653,-16.544388,6.029683,0.139119,-0.072378,0.948793,-0.105119,0.28897,8.079044,86.284325,22.403421,0.017037,0.9067,-0.197515,0.37228,10.854876,51.223003,31.148676,-0.035234,0.904539,0.019973,0.424462,2.390413,7.397213,47.581665,-0.056149,0.965783,0.047772,0.248653,-9.056194,1.69021,-12.518997,-0.035234,0.904539,0.019973,0.424462,13.66663,2.249541,38.555016
419,3.491667,-0.033633,0.969122,0.021633,0.243317,-0.166555,85.769768,17.965427,-0.042697,0.984639,0.099379,0.137067,-0.748923,93.436661,18.162039,-0.03879,0.989854,0.090544,0.102399,-3.121042,114.245903,22.082642,0.058535,0.99691,0.012431,0.050889,-5.118713,134.793411,25.672245,0.109022,0.975464,-0.19048,-0.017385,-3.247244,149.263412,24.253523,-0.028282,0.929379,0.12665,0.345564,-8.521254,128.863602,24.520885,0.292921,-0.620679,0.003408,-0.727285,-21.803946,129.474991,13.163289,0.088928,0.132916,-0.458203,-0.874343,-16.105457,120.322922,-9.204884,0.207686,0.250969,-0.525877,-0.785706,-1.528671,142.394394,-5.166163,-0.032341,0.990228,0.112066,0.076445,-1.254854,129.297256,26.082426,0.315231,0.862938,0.146913,-0.366585,15.991282,130.117676,28.85667,-0.037584,0.116268,0.463224,-0.877777,29.213444,119.283081,10.846834,-0.019876,-0.195974,0.659639,-0.725311,15.858068,139.468536,6.689599,0.057552,0.937553,0.220114,0.263121,-8.414566,85.25705,13.528153,0.085395,0.990133,-0.037344,0.104639,-8.127666,52.766998,-2.527866,-0.056236,0.965787,0.047784,0.248616,-16.542837,6.02879,0.13958,-0.07237,0.9488,-0.105163,0.288933,8.081457,86.282486,22.4027,0.017042,0.906675,-0.19752,0.372339,10.856152,51.221741,31.150675,-0.035316,0.904548,0.019979,0.424436,2.390074,7.396159,47.583401,-0.056236,0.965787,0.047784,0.248616,-9.054711,1.690315,-12.518915,-0.035316,0.904548,0.019979,0.424436,13.666601,2.249657,38.55648
420,3.5,-0.033628,0.969133,0.021559,0.243283,-0.162335,85.772743,17.970346,-0.042711,0.984651,0.099257,0.137062,-0.744354,93.43969,18.165892,-0.038786,0.989854,0.090549,0.102395,-3.116242,114.249146,22.081205,0.058615,0.996907,0.012416,0.050854,-5.113784,134.796631,25.671022,0.108937,0.975444,-0.190616,-0.017497,-3.240083,149.266296,24.251902,-0.028304,0.929398,0.126605,0.345527,-8.516362,128.866837,24.519638,0.292982,-0.620755,0.003458,-0.727195,-21.799902,129.476791,13.162954,0.089251,0.132959,-0.458227,-0.87429,-16.106146,120.319977,-9.204473,0.208244,0.251315,-0.525606,-0.78563,-1.532495,142.391891,-5.172498,-0.032357,0.990214,0.11221,0.076412,-1.249949,129.300446,26.081118,0.315296,0.862931,0.147324,-0.366381,15.996331,130.12117,28.854382,-0.037225,0.116181,0.463076,-0.877882,29.22386,119.289902,10.846485,-0.019727,-0.195895,0.65968,-0.725299,15.861666,139.467804,6.684245,0.057641,0.937533,0.220129,0.263157,-8.410667,85.259743,13.533703,0.085376,0.990125,-0.037339,0.104733,-8.128839,52.77092,-2.524889,-0.056327,0.965806,0.04767,0.248544,-16.542412,6.032366,0.141453,-0.072337,0.948842,-0.105125,0.288816,8.085999,86.285744,22.40699,0.017079,0.906711,-0.197584,0.372215,10.860318,51.224075,31.151379,-0.03523,0.904573,0.019918,0.424393,2.391042,7.401046,47.589226,-0.056327,0.965806,0.04767,0.248544,-9.055363,1.691332,-12.5168,-0.03523,0.904573,0.019918,0.424393,13.665613,2.25184,38.561409
421,3.508333,-0.033635,0.969143,0.021635,0.243233,-0.160182,85.773132,17.970037,-0.042691,0.984661,0.099226,0.137018,-0.742577,93.440025,18.166723,-0.038754,0.989865,0.0905,0.102351,-3.11345,114.251328,22.08127,0.058641,0.996908,0.012357,0.050831,-5.109296,134.799286,25.66931,0.108897,0.975432,-0.190703,-0.017512,-3.234853,149.268692,24.248474,-0.028309,0.929433,0.126447,0.345492,-8.512375,128.869614,24.518801,0.293178,-0.620814,0.003348,-0.727066,-21.796768,129.47728,13.162994,0.089454,0.132984,-0.45818,-0.874291,-16.106628,120.317543,-9.204161,0.20843,0.251268,-0.525523,-0.78565,-1.531327,142.388321,-5.175888,-0.032268,0.990225,0.112154,0.076384,-1.245788,129.302887,26.079576,0.315304,0.862928,0.147309,-0.366387,16.000839,130.120789,28.851515,-0.037153,0.116179,0.463081,-0.877883,29.227907,119.289001,10.843595,-0.019599,-0.195826,0.659761,-0.725247,15.865678,139.467026,6.679718,0.057631,0.937542,0.220135,0.263122,-8.408962,85.26033,13.534202,0.085422,0.990108,-0.03735,0.104853,-8.126945,52.771614,-2.524611,-0.05611,0.965784,0.047764,0.248659,-16.545227,6.033879,0.141308,-0.072317,0.948816,-0.105219,0.288875,8.088597,86.285934,22.405872,0.017093,0.906778,-0.197487,0.372104,10.858955,51.225483,31.156387,-0.035459,0.904587,0.019903,0.424346,2.393908,7.39882,47.58675,-0.05611,0.965784,0.047764,0.248659,-9.057267,1.693866,-12.516758,-0.035459,0.904587,0.019903,0.424346,13.669768,2.252117,38.559109
422,3.516667,-0.033557,0.969141,0.02154,0.243259,-0.16182,85.772072,17.97224,-0.042553,0.984679,0.099109,0.137022,-0.742694,93.43911,18.167789,-0.038739,0.989865,0.090503,0.10235,-3.107181,114.252342,22.078363,0.058544,0.996918,0.012392,0.050733,-5.102407,134.800323,25.66658,0.108996,0.975398,-0.190804,-0.017667,-3.231145,149.270218,24.246424,-0.028303,0.92949,0.12639,0.345358,-8.505667,128.870758,24.516043,0.293048,-0.620896,0.003477,-0.727048,-21.793324,129.47731,13.16398,0.089482,0.132892,-0.458113,-0.874337,-16.10828,120.31572,-9.203728,0.208608,0.251232,-0.52558,-0.785577,-1.528017,142.384766,-5.179702,-0.03222,0.990238,0.112057,0.076374,-1.239055,129.303818,26.076782,0.31539,0.862875,0.147381,-0.366408,16.007746,130.120377,28.848097,-0.036958,0.11614,0.463085,-0.877894,29.231388,119.287178,10.83849,-0.01953,-0.195855,0.659813,-0.725194,15.869132,139.464081,6.671913,0.057609,0.937537,0.220143,0.263141,-8.410465,85.260284,13.536027,0.085413,0.99011,-0.037336,0.104845,-8.126465,52.771641,-2.522889,-0.056148,0.965787,0.047782,0.248637,-16.543756,6.033659,0.141834,-0.072368,0.948798,-0.105167,0.288938,8.086826,86.283859,22.408453,0.017178,0.906789,-0.197516,0.372057,10.861226,51.22316,31.156672,-0.035951,0.904583,0.019539,0.42433,2.388655,7.397881,47.586864,-0.056148,0.965787,0.047782,0.248637,-9.055964,1.694442,-12.516612,-0.035951,0.904583,0.019539,0.42433,13.667698,2.247999,38.565006
423,3.525,-0.033558,0.969148,0.021525,0.243235,-0.158934,85.771873,17.972294,-0.042599,0.984684,0.099066,0.137,-0.739765,93.438911,18.167637,-0.038687,0.989875,0.090458,0.102319,-3.105851,114.25235,22.076214,0.058582,0.996918,0.012368,0.050686,-5.09864,134.800858,25.662861,0.109044,0.975377,-0.190881,-0.017737,-3.226377,149.270538,24.241951,-0.028209,0.929492,0.126339,0.345379,-8.502611,128.871552,24.513056,0.293049,-0.620915,0.003642,-0.72703,-21.789927,129.480621,13.16074,0.089493,0.13282,-0.458099,-0.874354,-16.106119,120.312775,-9.204702,0.208613,0.251116,-0.525572,-0.785618,-1.523727,142.382095,-5.184001,-0.032189,0.990254,0.11196,0.076331,-1.235846,129.303955,26.073248,0.315387,0.862892,0.147161,-0.366458,16.011248,130.119858,28.842884,-0.036924,0.116184,0.463069,-0.877898,29.233128,119.28289,10.834267,-0.019468,-0.195776,0.660037,-0.725013,15.870028,139.460098,6.664711,0.057582,0.937574,0.220158,0.263002,-8.407792,85.259979,13.536492,0.085447,0.990117,-0.037321,0.104755,-8.124058,52.771603,-2.522978,-0.056027,0.965788,0.04774,0.248668,-16.544182,6.034079,0.140734,-0.072291,0.948845,-0.105242,0.288776,8.089923,86.28376,22.408094,0.01713,0.906973,-0.197461,0.37164,10.858953,51.223408,31.159424,-0.035457,0.904661,0.019899,0.424187,2.399941,7.395917,47.590683,-0.056027,0.965788,0.04774,0.248668,-9.056857,1.692714,-12.517246,-0.035457,0.904661,0.019899,0.424187,13.672611,2.248959,38.5592
424,3.533333,-0.033508,0.969145,0.021497,0.243254,-0.161604,85.770241,17.968306,-0.042476,0.984692,0.099079,0.13697,-0.7416,93.437347,18.163399,-0.038643,0.989883,0.090429,0.102281,-3.102707,114.25296,22.073662,0.058781,0.996908,0.012409,0.050649,-5.093389,134.801819,25.659424,0.108911,0.975356,-0.191051,-0.017869,-3.21557,149.27092,24.239939,-0.028197,0.929519,0.126233,0.345348,-8.497977,128.872757,24.510199,0.293084,-0.620919,0.003658,-0.727013,-21.786079,129.480774,13.15874,0.089575,0.132784,-0.458072,-0.874366,-16.102514,120.311203,-9.206059,0.208691,0.251074,-0.525584,-0.785603,-1.518731,142.379166,-5.18898,-0.032156,0.990268,0.11185,0.076321,-1.231047,129.304596,26.069778,0.31542,0.862886,0.146814,-0.366583,16.016176,130.119736,28.838852,-0.03696,0.116316,0.463181,-0.87782,29.232485,119.276024,10.830193,-0.019422,-0.195748,0.660045,-0.725014,15.875864,139.456863,6.656423,0.05752,0.937561,0.220104,0.263105,-8.410354,85.259125,13.532211,0.085524,0.990124,-0.037292,0.104637,-8.121751,52.768486,-2.522603,-0.05603,0.965761,0.047783,0.248764,-16.548466,6.032005,0.138624,-0.072365,0.948829,-0.105281,0.288796,8.087145,86.281357,22.404402,0.01717,0.906966,-0.197456,0.371658,10.860211,51.222366,31.15991,-0.035387,0.904646,0.019919,0.424225,2.397691,7.394785,47.589138,-0.05603,0.965761,0.047783,0.248764,-9.058592,1.691993,-12.518315,-0.035387,0.904646,0.019919,0.424225,13.670484,2.247482,38.557999
425,3.541667,-0.033528,0.969156,0.021437,0.243213,-0.156455,85.771767,17.970695,-0.042633,0.984695,0.098934,0.137002,-0.736508,93.438896,18.164854,-0.038503,0.989884,0.090454,0.1023,-3.103627,114.256302,22.06826,0.058802,0.996907,0.012345,0.050656,-5.088686,134.80542,25.655619,0.10895,0.975332,-0.191151,-0.01786,-3.21014,149.274246,24.234314,-0.028257,0.92954,0.126233,0.345287,-8.494896,128.877396,24.505894,0.293237,-0.620911,0.003605,-0.726958,-21.784344,129.48317,13.155894,0.089736,0.132821,-0.458051,-0.874354,-16.100264,120.310936,-9.207689,0.208839,0.251029,-0.525629,-0.785547,-1.516388,142.378479,-5.192901,-0.032099,0.990276,0.111813,0.076294,-1.227862,129.307114,26.065577,0.315505,0.86286,0.146915,-0.366531,16.019634,130.120483,28.833467,-0.036832,0.116297,0.463221,-0.877807,29.235167,119.274994,10.825314,-0.019339,-0.195731,0.660133,-0.724941,15.880619,139.455826,6.649755,0.057558,0.937584,0.220134,0.262992,-8.405554,85.260002,13.535328,0.085534,0.990134,-0.037271,0.104548,-8.120801,52.770657,-2.522156,-0.056039,0.96577,0.047727,0.248736,-16.547995,6.034184,0.137695,-0.072273,0.948812,-0.105285,0.288873,8.092643,86.283524,22.406063,0.01714,0.906961,-0.197463,0.371666,10.858608,51.223637,31.1602,-0.035571,0.904728,0.019709,0.424043,2.398249,7.396218,47.590977,-0.056039,0.96577,0.047727,0.248736,-9.058817,1.692624,-12.519123,-0.035571,0.904728,0.019709,0.424043,13.668447,2.245678,38.558453
426,3.55,-0.033525,0.969162,0.021466,0.24319,-0.155836,85.773445,17.97023,-0.042581,0.984712,0.098851,0.136957,-0.735944,93.440559,18.164846,-0.038384,0.989893,0.090477,0.102234,-3.100227,114.25872,22.065205,0.058891,0.996905,0.012223,0.050634,-5.080221,134.808044,25.654156,0.108855,0.975322,-0.191255,-0.017859,-3.199021,149.276184,24.229378,-0.028307,0.929573,0.126199,0.345206,-8.487908,128.880844,24.504589,0.293043,-0.620965,0.003744,-0.72699,-21.779205,129.484207,13.156631,0.089598,0.132659,-0.458059,-0.874389,-16.098482,120.312164,-9.207877,0.20876,0.250983,-0.525545,-0.785639,-1.51291,142.378738,-5.197151,-0.031968,0.990312,0.111571,0.076243,-1.220539,129.308868,26.063171,0.315552,0.862802,0.147082,-0.36656,16.027515,130.118591,28.82863,-0.036731,0.116187,0.463225,-0.877824,29.240522,119.275246,10.817329,-0.019273,-0.19574,0.660147,-0.724927,15.885174,139.455383,6.644182,0.05758,0.9376,0.220091,0.262966,-8.405149,85.261856,13.535242,0.085541,0.990129,-0.037255,0.104592,-8.123219,52.771332,-2.5199,-0.055952,0.965759,0.047813,0.248783,-16.551027,6.03486,0.138075,-0.072278,0.948829,-0.105316,0.288805,8.093475,86.285034,22.405218,0.017159,0.906936,-0.197463,0.371726,10.859704,51.225674,31.161383,-0.035423,0.9047,0.019833,0.424111,2.396603,7.398331,47.590923,-0.055952,0.965759,0.047813,0.248783,-9.061414,1.695066,-12.519087,-0.035423,0.9047,0.019833,0.424111,13.667149,2.249152,38.55806
427,3.558333,-0.033524,0.969159,0.021494,0.243198,-0.153163,85.774536,17.968399,-0.042524,0.984723,0.098807,0.13693,-0.73337,93.441635,18.163427,-0.038419,0.989897,0.090454,0.102201,-3.094952,114.260529,22.062431,0.058946,0.996903,0.012187,0.050616,-5.076188,134.809921,25.650343,0.108893,0.975299,-0.191347,-0.017885,-3.1934,149.277756,24.224554,-0.0283,0.929583,0.12619,0.345181,-8.483524,128.882416,24.50131,0.293111,-0.621027,0.003636,-0.72691,-21.775442,129.485748,13.154082,0.089638,0.132664,-0.457996,-0.874417,-16.098536,120.314598,-9.211761,0.208721,0.25099,-0.525522,-0.785663,-1.509763,142.379501,-5.20117,-0.031901,0.990323,0.111499,0.076226,-1.216094,129.311035,26.059443,0.315612,0.862764,0.147222,-0.366541,16.0322,130.118698,28.823999,-0.036629,0.116127,0.463254,-0.877821,29.244003,119.275787,10.811564,-0.01918,-0.195728,0.660154,-0.724927,15.889549,139.456055,6.638858,0.057657,0.937583,0.220081,0.263018,-8.402397,85.263092,13.533251,0.085539,0.990115,-0.0373,0.104708,-8.125018,52.772881,-2.522616,-0.055994,0.965763,0.047806,0.24876,-16.553402,6.036693,0.138554,-0.072265,0.948839,-0.105334,0.288769,8.096072,86.28598,22.403545,0.017201,0.906983,-0.197488,0.371598,10.861371,51.226746,31.160557,-0.035249,0.904693,0.019897,0.424137,2.39609,7.400492,47.5919,-0.055994,0.965763,0.047806,0.24876,-9.063954,1.697022,-12.518751,-0.035249,0.904693,0.019897,0.424137,13.665666,2.250773,38.558136
428,3.566667,-0.033499,0.969158,0.021547,0.2432,-0.154119,85.773422,17.962479,-0.042426,0.984733,0.098817,0.136881,-0.734146,93.440506,18.158384,-0.038414,0.989905,0.090441,0.102144,-3.091682,114.261536,22.058853,0.059034,0.996901,0.012119,0.05056,-5.072428,134.811035,25.646385,0.108911,0.975284,-0.191407,-0.017966,-3.187215,149.278351,24.218639,-0.028259,0.929573,0.126171,0.345218,-8.479918,128.883499,24.497919,0.293063,-0.621059,0.003686,-0.726902,-21.771027,129.488129,13.149804,0.089595,0.132622,-0.457984,-0.874434,-16.096071,120.316208,-9.216221,0.208716,0.250905,-0.525512,-0.785698,-1.506048,142.380447,-5.206372,-0.03185,0.990325,0.111535,0.076171,-1.212307,129.312149,26.055204,0.315625,0.862755,0.147297,-0.366522,16.0364,130.118149,28.81769,-0.036582,0.116113,0.46325,-0.877826,29.248482,119.276085,10.804951,-0.019183,-0.195783,0.66011,-0.724953,15.89348,139.456375,6.631663,0.057634,0.937599,0.219995,0.263039,-8.403371,85.26268,13.527279,0.085518,0.990119,-0.037305,0.104686,-8.125809,52.769543,-2.522656,-0.056127,0.965773,0.047858,0.24868,-16.55221,6.033054,0.139461,-0.072375,0.948856,-0.105493,0.288627,8.095133,86.284164,22.39768,0.017313,0.907046,-0.197448,0.371459,10.865833,51.2285,31.167259,-0.035321,0.904704,0.019841,0.424111,2.394854,7.401094,47.592579,-0.056127,0.965773,0.047858,0.24868,-9.06344,1.695844,-12.519089,-0.035321,0.904704,0.019841,0.424111,13.664408,2.250826,38.559093
429,3.575,-0.033502,0.969173,0.021435,0.243151,-0.149897,85.772995,17.967459,-0.042488,0.984749,0.098684,0.136845,-0.729546,93.440155,18.161724,-0.038359,0.989918,0.090368,0.102097,-3.088774,114.261902,22.056335,0.059108,0.996899,0.012152,0.050511,-5.066783,134.812134,25.641178,0.108918,0.975265,-0.191493,-0.018047,-3.179631,149.279312,24.214405,-0.028122,0.929608,0.125899,0.345235,-8.475075,128.884842,24.493881,0.293058,-0.621116,0.003726,-0.726855,-21.766047,129.490692,13.145667,0.089553,0.13257,-0.457973,-0.874452,-16.094616,120.31665,-9.220388,0.208641,0.250862,-0.525466,-0.785762,-1.503098,142.380676,-5.211683,-0.031804,0.990333,0.111462,0.076189,-1.207259,129.312866,26.050386,0.315652,0.862717,0.14706,-0.366683,16.041454,130.117432,28.813261,-0.036638,0.116057,0.463348,-0.87778,29.246849,119.27166,10.797837,-0.019113,-0.195889,0.660197,-0.724847,15.895304,139.455795,6.6286,0.057693,0.937591,0.220042,0.263015,-8.39959,85.261658,13.533147,0.085527,0.990124,-0.037278,0.10464,-8.125486,52.770496,-2.520843,-0.056236,0.965762,0.047785,0.248714,-16.552361,6.033972,0.13904,-0.072261,0.948921,-0.105516,0.288432,8.099796,86.284325,22.40177,0.017308,0.907066,-0.197443,0.371414,10.864031,51.227856,31.170105,-0.035621,0.904762,0.019614,0.423972,2.394454,7.400262,47.595642,-0.056236,0.965762,0.047785,0.248714,-9.061716,1.695655,-12.518022,-0.035621,0.904762,0.019614,0.423972,13.663371,2.247859,38.562588
430,3.583333,-0.033445,0.96917,0.021444,0.243171,-0.151401,85.770729,17.9622,-0.042409,0.984754,0.09873,0.1368,-0.730235,93.437943,18.156801,-0.03833,0.989935,0.09026,0.102042,-3.08646,114.261536,22.054268,0.059144,0.996896,0.012115,0.050531,-5.062608,134.812683,25.634933,0.10892,0.975258,-0.191535,-0.017967,-3.174306,149.279602,24.207157,-0.02803,0.929612,0.125985,0.345201,-8.47145,128.885376,24.489277,0.293446,-0.621092,0.003506,-0.72672,-21.76342,129.495102,13.14244,0.089869,0.132645,-0.457915,-0.874438,-16.090441,120.317413,-9.221725,0.208714,0.250867,-0.525559,-0.785679,-1.498178,142.379471,-5.217382,-0.031803,0.990356,0.111334,0.076084,-1.203432,129.313217,26.044889,0.315768,0.862675,0.147048,-0.366686,16.045843,130.1185,28.804031,-0.036693,0.115984,0.463439,-0.877739,29.24748,119.268188,10.788592,-0.019199,-0.195953,0.660194,-0.724829,15.89928,139.455444,6.624179,0.057622,0.937638,0.220006,0.262893,-8.400989,85.260483,13.527565,0.08558,0.990113,-0.037281,0.104698,-8.12484,52.767563,-2.52285,-0.056301,0.965722,0.047787,0.248853,-16.556818,6.031907,0.136233,-0.072354,0.948974,-0.105588,0.28821,8.098185,86.280975,22.396833,0.017427,0.907168,-0.19746,0.37115,10.869326,51.226555,31.171238,-0.035104,0.904736,0.019959,0.424055,2.393667,7.399979,47.596352,-0.056301,0.965722,0.047787,0.248853,-9.061927,1.694342,-12.518575,-0.035104,0.904736,0.019959,0.424055,13.660428,2.249989,38.559227
431,3.591667,-0.033447,0.969192,0.021362,0.243087,-0.146724,85.77124,17.965296,-0.042299,0.984778,0.098642,0.136719,-0.725265,93.438507,18.158714,-0.038495,0.989941,0.090182,0.101988,-3.075639,114.259842,22.052734,0.059174,0.996899,0.012091,0.050453,-5.058134,134.81105,25.629568,0.109039,0.975242,-0.191538,-0.018088,-3.169168,149.277802,24.200987,-0.028102,0.929516,0.126056,0.345427,-8.465152,128.882416,24.485306,0.293308,-0.621213,0.003484,-0.726673,-21.751528,129.49173,13.131899,0.089688,0.132702,-0.457887,-0.874463,-16.085997,120.317314,-9.235498,0.208666,0.250856,-0.525473,-0.785753,-1.492719,142.378387,-5.223612,-0.031792,0.990361,0.111283,0.076093,-1.19716,129.312897,26.04031,0.31588,0.862586,0.146952,-0.36684,16.05209,130.117935,28.799686,-0.036736,0.115926,0.463571,-0.877675,29.244625,119.263626,10.779992,-0.019244,-0.195955,0.660272,-0.724756,15.901321,139.455872,6.619509,0.057727,0.937586,0.220019,0.263042,-8.397073,85.260536,13.532132,0.085567,0.990128,-0.037257,0.104581,-8.125232,52.768909,-2.520974,-0.056145,0.965754,0.047808,0.248759,-16.55546,6.032872,0.136983,-0.072205,0.949017,-0.105619,0.288094,8.103624,86.281944,22.39846,0.017359,0.907169,-0.197457,0.371151,10.864979,51.226448,31.171619,-0.03555,0.904813,0.019638,0.423867,2.395306,7.399526,47.5989,-0.056145,0.965754,0.047808,0.248759,-9.064524,1.694497,-12.519887,-0.03555,0.904813,0.019638,0.423867,13.661514,2.246743,38.562679
432,3.6,-0.033427,0.969184,0.021359,0.243124,-0.147757,85.771088,17.961164,-0.042185,0.984791,0.098622,0.136679,-0.725998,93.438377,18.154585,-0.038477,0.989953,0.090131,0.10193,-3.071665,114.263176,22.049103,0.059225,0.996897,0.012079,0.050425,-5.052993,134.814819,25.624027,0.109079,0.975229,-0.19158,-0.0181,-3.162644,149.281372,24.195129,-0.028045,0.92953,0.126043,0.345399,-8.46036,128.886215,24.480778,0.293271,-0.621249,0.003574,-0.726656,-21.747524,129.497086,13.128387,0.089764,0.132681,-0.457864,-0.87447,-16.084299,120.320061,-9.238508,0.208847,0.250894,-0.525461,-0.785701,-1.489206,142.381271,-5.229173,-0.03171,0.99036,0.111337,0.076061,-1.192175,129.316574,26.034897,0.315977,0.86252,0.147142,-0.366834,16.057423,130.118729,28.792912,-0.036658,0.11577,0.463628,-0.877669,29.247124,119.264694,10.770983,-0.019183,-0.196069,0.660221,-0.724774,15.905144,139.457886,6.615754,0.057714,0.937611,0.219968,0.263002,-8.397789,85.260742,13.527375,0.085578,0.990129,-0.037263,0.104557,-8.126806,52.767384,-2.522223,-0.056233,0.965738,0.047859,0.24879,-16.55802,6.031567,0.136394,-0.072248,0.948995,-0.105695,0.288129,8.102274,86.281425,22.394955,0.017354,0.907197,-0.197444,0.37109,10.864594,51.227547,31.174299,-0.035061,0.904808,0.020021,0.423902,2.396814,7.400146,47.601284,-0.056233,0.965738,0.047859,0.24879,-9.06536,1.695403,-12.520206,-0.035061,0.904808,0.020021,0.423902,13.660334,2.251095,38.559593
433,3.608333,-0.033458,0.969197,0.021307,0.243071,-0.142588,85.773796,17.963223,-0.042228,0.984797,0.09849,0.136716,-0.721088,93.441086,18.155779,-0.038477,0.98995,0.090092,0.10199,-3.067736,114.264771,22.044086,0.05926,0.996895,0.01206,0.050438,-5.049104,134.816711,25.617271,0.109174,0.975215,-0.191592,-0.018139,-3.157667,149.283081,24.187876,-0.028051,0.929548,0.125848,0.345421,-8.456447,128.888092,24.474039,0.293156,-0.621246,0.003588,-0.726705,-21.743063,129.496521,13.120869,0.089415,0.132594,-0.45775,-0.874579,-16.079609,120.322571,-9.247245,0.208234,0.250512,-0.525673,-0.785843,-1.476876,142.379456,-5.231956,-0.031734,0.990353,0.111409,0.076039,-1.188439,129.31842,26.029009,0.316235,0.862399,0.147857,-0.366609,16.061228,130.121323,28.786411,-0.036401,0.115631,0.463658,-0.877682,29.251009,119.269547,10.763179,-0.019332,-0.196007,0.660165,-0.724838,15.910609,139.459839,6.608593,0.057761,0.937659,0.220034,0.262763,-8.393067,85.262619,13.530353,0.08558,0.990119,-0.037286,0.104647,-8.128012,52.771759,-2.52441,-0.056071,0.965746,0.047835,0.248803,-16.559895,6.036139,0.1356,-0.072205,0.949043,-0.105726,0.28797,8.10789,86.284973,22.396091,0.017492,0.907253,-0.197421,0.370961,10.868087,51.23111,31.176155,-0.035172,0.904761,0.019904,0.423999,2.3916,7.403278,47.597507,-0.056071,0.965746,0.047835,0.248803,-9.068542,1.697979,-12.521095,-0.035172,0.904761,0.019904,0.423999,13.657691,2.252656,38.559906
434,3.616667,-0.033424,0.969195,0.021349,0.243078,-0.144127,85.772255,17.956966,-0.042206,0.984801,0.098426,0.136738,-0.722284,93.439552,18.150286,-0.038314,0.989954,0.090106,0.101997,-3.068095,114.267029,22.03661,0.059319,0.996891,0.012132,0.050432,-5.042801,134.819382,25.611105,0.109166,0.975194,-0.191701,-0.018173,-3.149782,149.285751,24.183876,-0.027919,0.929544,0.125907,0.34542,-8.452066,128.891922,24.467567,0.293265,-0.621263,0.003624,-0.726646,-21.738949,129.505341,13.114983,0.08955,0.132621,-0.457689,-0.874593,-16.076588,120.326485,-9.251386,0.208283,0.250558,-0.525641,-0.785837,-1.471879,142.380936,-5.237887,-0.031716,0.99036,0.111423,0.075942,-1.183895,129.319839,26.022434,0.316186,0.862425,0.146984,-0.366941,16.066322,130.122452,28.776434,-0.03676,0.115739,0.463876,-0.877537,29.245537,119.258896,10.752578,-0.019215,-0.196073,0.660092,-0.724889,15.915161,139.45932,6.602378,0.057732,0.937629,0.220026,0.262884,-8.39458,85.261894,13.523962,0.085604,0.990101,-0.037365,0.104763,-8.125665,52.770569,-2.529781,-0.056106,0.965743,0.047817,0.248807,-16.560919,6.035906,0.136427,-0.072268,0.949078,-0.105808,0.287806,8.106326,86.282608,22.389971,0.017537,0.907331,-0.197458,0.370746,10.870564,51.230656,31.176397,-0.03502,0.904786,0.019957,0.423955,2.392776,7.40436,47.601173,-0.056106,0.965743,0.047817,0.248807,-9.069122,1.697546,-12.519934,-0.03502,0.904786,0.019957,0.423955,13.656682,2.253152,38.561188
435,3.625,-0.033407,0.969203,0.021214,0.243064,-0.140407,85.772667,17.959076,-0.042243,0.984814,0.098324,0.136707,-0.717798,93.440071,18.15045,-0.038288,0.989964,0.09006,0.101952,-3.064384,114.267822,22.032288,0.059367,0.996889,0.012114,0.050407,-5.037652,134.820618,25.605083,0.109226,0.975175,-0.191759,-0.018188,-3.143295,149.286743,24.177347,-0.027952,0.929521,0.125851,0.345502,-8.447342,128.893234,24.462402,0.293088,-0.621315,0.003696,-0.726673,-21.732183,129.50528,13.107353,0.089439,0.132649,-0.457651,-0.87462,-16.073036,120.328522,-9.260694,0.208318,0.250581,-0.525552,-0.78588,-1.466508,142.381821,-5.2427,-0.031694,0.990371,0.11137,0.075883,-1.179005,129.320892,26.016558,0.316267,0.862401,0.147572,-0.366692,16.071577,130.123123,28.7684,-0.036399,0.115566,0.463681,-0.877679,29.257336,119.265366,10.745825,-0.019153,-0.195959,0.660301,-0.724732,15.916708,139.457245,6.593926,0.057727,0.93766,0.220036,0.262765,-8.391013,85.261993,13.526394,0.085616,0.990103,-0.037347,0.104745,-8.123599,52.770943,-2.527934,-0.056042,0.965745,0.047811,0.248817,-16.559738,6.03635,0.136617,-0.072214,0.9491,-0.105822,0.287744,8.110199,86.283333,22.391758,0.017542,0.907288,-0.197448,0.370858,10.870984,51.231037,31.177893,-0.034982,0.904786,0.019939,0.423959,2.391116,7.404381,47.600628,-0.056042,0.965745,0.047811,0.248817,-9.068351,1.697277,-12.519739,-0.034982,0.904786,0.019939,0.423959,13.654656,2.252228,38.56073
436,3.633333,-0.033398,0.969208,0.021147,0.243049,-0.13946,85.770538,17.956251,-0.042184,0.984823,0.098257,0.136709,-0.716459,93.437996,18.146667,-0.038262,0.989966,0.090042,0.101958,-3.060398,114.268089,22.026346,0.05928,0.996894,0.012012,0.05044,-5.032526,134.821106,25.598503,0.10929,0.975168,-0.191773,-0.018081,-3.140436,149.287231,24.167759,-0.027895,0.929567,0.125737,0.345424,-8.442545,128.893875,24.455969,0.293197,-0.621292,0.003583,-0.72665,-21.729391,129.505997,13.103262,0.089433,0.13259,-0.457586,-0.874664,-16.068764,120.330307,-9.264853,0.208018,0.250507,-0.52561,-0.785944,-1.458298,142.381195,-5.248859,-0.031641,0.990382,0.111308,0.075849,-1.174196,129.321167,26.01018,0.316278,0.862403,0.147428,-0.366736,16.076691,130.121857,28.760586,-0.03641,0.115655,0.463696,-0.877658,29.260517,119.261261,10.738301,-0.019222,-0.195952,0.660243,-0.724784,15.921654,139.453537,6.582942,0.057714,0.93764,0.220111,0.262778,-8.390215,85.25972,13.523859,0.085656,0.990081,-0.037425,0.104891,-8.120206,52.770931,-2.535,-0.056014,0.96575,0.047736,0.248818,-16.561159,6.03753,0.135198,-0.072216,0.949095,-0.105873,0.28774,8.111297,86.281357,22.388643,0.017566,0.907378,-0.197457,0.370631,10.871219,51.229877,31.178289,-0.034975,0.904825,0.019939,0.423875,2.393006,7.403663,47.603077,-0.056014,0.96575,0.047736,0.248818,-9.070092,1.696126,-12.520555,-0.034975,0.904825,0.019939,0.423875,13.654804,2.251343,38.561092
437,3.641667,-0.033391,0.969214,0.021108,0.243028,-0.136152,85.769714,17.953043,-0.042151,0.984834,0.098211,0.136678,-0.712911,93.437202,18.142918,-0.03824,0.989976,0.089985,0.101925,-3.055,114.267075,22.020821,0.059353,0.996889,0.011968,0.050461,-5.02586,134.820587,25.59079,0.109252,0.97517,-0.191789,-0.018035,-3.131537,149.286316,24.158911,-0.0279,0.929567,0.125761,0.345414,-8.436253,128.893417,24.449154,0.293068,-0.621321,0.003648,-0.726676,-21.723322,129.505615,13.096719,0.089321,0.132573,-0.457568,-0.874687,-16.064533,120.331131,-9.272346,0.207943,0.250523,-0.525536,-0.786009,-1.452602,142.381424,-5.25406,-0.031632,0.990395,0.111188,0.075862,-1.167778,129.320511,26.002831,0.316331,0.862385,0.147265,-0.366798,16.083054,130.121185,28.753557,-0.036538,0.115872,0.463805,-0.877567,29.262955,119.256088,10.731116,-0.019397,-0.195767,0.65994,-0.725105,15.93194,139.451309,6.570163,0.057829,0.937587,0.220052,0.26299,-8.387105,85.25882,13.521028,0.085622,0.990091,-0.037437,0.104821,-8.122412,52.769112,-2.53607,-0.056018,0.965755,0.047793,0.248788,-16.560133,6.035247,0.136181,-0.072171,0.949075,-0.105881,0.287814,8.114801,86.280609,22.385057,0.017575,0.907347,-0.197483,0.370693,10.870735,51.22876,31.174526,-0.035087,0.904806,0.019866,0.423911,2.389747,7.403543,47.600533,-0.056018,0.965755,0.047793,0.248788,-9.069751,1.69543,-12.52052,-0.035087,0.904806,0.019866,0.423911,13.653083,2.250795,38.560711
438,3.65,-0.033347,0.969223,0.02103,0.243006,-0.135791,85.770271,17.950626,-0.042134,0.984844,0.098106,0.136683,-0.711593,93.437859,18.139515,-0.038151,0.989979,0.08999,0.101926,-3.052404,114.268852,22.013174,0.059342,0.996891,0.011957,0.05044,-5.019617,134.822617,25.583733,0.109301,0.975154,-0.191838,-0.01806,-3.125674,149.288361,24.151472,-0.027999,0.929599,0.125602,0.345377,-8.431063,128.896057,24.44199,0.293081,-0.621327,0.003483,-0.726667,-21.718842,129.50293,13.090095,0.089361,0.132623,-0.457527,-0.874697,-16.060358,120.333908,-9.281297,0.207985,0.250587,-0.525456,-0.786031,-1.447232,142.382889,-5.261463,-0.031597,0.990409,0.111085,0.075838,-1.162489,129.321854,25.995562,0.316424,0.862328,0.147027,-0.366947,16.088549,130.121704,28.74526,-0.03653,0.115905,0.463982,-0.877469,29.260086,119.250282,10.720518,-0.019279,-0.19577,0.660104,-0.724958,15.93716,139.451523,6.558735,0.057792,0.937622,0.2201,0.262832,-8.387005,85.259811,13.519046,0.085619,0.990093,-0.037477,0.104789,-8.121539,52.771317,-2.540496,-0.055945,0.96577,0.047724,0.248757,-16.559315,6.037694,0.135835,-0.072155,0.949062,-0.105918,0.287849,8.115423,86.280731,22.382208,0.017552,0.907347,-0.197493,0.370688,10.869141,51.229298,31.173996,-0.034901,0.90482,0.019919,0.423894,2.389882,7.404378,47.601688,-0.055945,0.96577,0.047724,0.248757,-9.070521,1.695302,-12.520926,-0.034901,0.90482,0.019919,0.423894,13.651247,2.250619,38.559986
439,3.658333,-0.033364,0.969225,0.021015,0.243,-0.132607,85.769882,17.946701,-0.042136,0.984854,0.09804,0.136661,-0.708608,93.437462,18.135311,-0.038026,0.989989,0.08998,0.101883,-3.04934,114.271507,22.006731,0.059308,0.996895,0.01188,0.050421,-5.011203,134.825745,25.577539,0.109326,0.97515,-0.191846,-0.018016,-3.118205,149.291367,24.142952,-0.028065,0.929583,0.125663,0.345393,-8.424204,128.900009,24.436153,0.292935,-0.621382,0.003585,-0.726677,-21.711466,129.505554,13.08358,0.089257,0.132584,-0.457476,-0.87474,-16.056433,120.336548,-9.288692,0.207907,0.25061,-0.52544,-0.786055,-1.440024,142.383606,-5.267498,-0.031551,0.990407,0.111184,0.075748,-1.155359,129.324036,25.988939,0.316507,0.86229,0.147078,-0.366944,16.096262,130.122391,28.73543,-0.036435,0.11583,0.464012,-0.877467,29.265324,119.248917,10.710114,-0.019151,-0.195708,0.6601,-0.724982,15.942947,139.450714,6.549428,0.057832,0.9376,0.220058,0.262939,-8.383851,85.259041,13.515215,0.085629,0.990105,-0.037471,0.104668,-8.12012,52.769543,-2.54232,-0.05605,0.96577,0.047752,0.248731,-16.558435,6.036037,0.134382,-0.072114,0.949104,-0.106014,0.287683,8.118637,86.280731,22.378187,0.017581,0.907404,-0.197485,0.370551,10.869038,51.230343,31.17518,-0.034891,0.904824,0.019857,0.423888,2.390053,7.405219,47.602474,-0.05605,0.96577,0.047752,0.248731,-9.069254,1.695263,-12.522706,-0.034891,0.904824,0.019857,0.423888,13.650955,2.249728,38.56118
440,3.666667,-0.033386,0.969231,0.021037,0.242969,-0.128522,85.772346,17.94138,-0.04218,0.984854,0.098052,0.136632,-0.704919,93.439888,18.130251,-0.037965,0.990002,0.0899,0.101851,-3.04785,114.277138,22.002659,0.059373,0.99689,0.011757,0.050463,-5.006732,134.832169,25.570482,0.109403,0.97514,-0.191868,-0.017904,-3.111558,149.29718,24.132498,-0.027967,0.929544,0.125637,0.345516,-8.420599,128.906708,24.430239,0.29297,-0.621418,0.003771,-0.726632,-21.705076,129.515701,13.074607,0.089311,0.132584,-0.457391,-0.874779,-16.052341,120.338379,-9.294823,0.207862,0.250614,-0.525381,-0.786105,-1.431362,142.383453,-5.274176,-0.031382,0.990415,0.111203,0.075682,-1.15159,129.330032,25.982449,0.316529,0.8623,0.14697,-0.366945,16.100746,130.122726,28.726036,-0.036533,0.115918,0.464076,-0.877418,29.269072,119.246208,10.70203,-0.019202,-0.195629,0.659993,-0.7251,15.950458,139.450531,6.540179,0.057942,0.937563,0.219991,0.263101,-8.38002,85.261192,13.510415,0.085585,0.990086,-0.037515,0.104869,-8.12229,52.770489,-2.544768,-0.056056,0.965773,0.047745,0.248719,-16.557436,6.03658,0.134841,-0.072089,0.949096,-0.106108,0.287682,8.122977,86.283501,22.372345,0.017575,0.907362,-0.197475,0.37066,10.869649,51.234287,31.175184,-0.035277,0.904843,0.019481,0.423833,2.389581,7.408765,47.600834,-0.056056,0.965773,0.047745,0.248719,-9.068511,1.695652,-12.522338,-0.035277,0.904843,0.019481,0.423833,13.651764,2.248392,38.563934
441,3.675,-0.033378,0.969233,0.020987,0.242968,-0.12703,85.771782,17.93762,-0.042287,0.984851,0.097974,0.13668,-0.703123,93.439362,18.125772,-0.03772,0.990011,0.089863,0.101881,-3.050626,114.280006,21.99474,0.059523,0.996882,0.01187,0.050426,-4.999317,134.83609,25.562078,0.109386,0.975124,-0.191943,-0.018048,-3.100065,149.300903,24.127527,-0.027941,0.929541,0.125626,0.34553,-8.416121,128.912323,24.421915,0.292981,-0.621406,0.00391,-0.726637,-21.700323,129.52211,13.065985,0.089338,0.132611,-0.457369,-0.874784,-16.046867,120.33963,-9.30116,0.207876,0.250601,-0.525381,-0.786105,-1.425159,142.384003,-5.279796,-0.031385,0.990415,0.11126,0.075596,-1.146922,129.332047,25.974222,0.316568,0.862302,0.147212,-0.366809,16.105871,130.125015,28.714901,-0.03643,0.115877,0.463989,-0.877473,29.277918,119.250198,10.692583,-0.01927,-0.195577,0.660012,-0.725094,15.955872,139.449905,6.529983,0.057962,0.937557,0.219966,0.26314,-8.378558,85.260544,13.506707,0.085576,0.990094,-0.037542,0.104793,-8.122054,52.769207,-2.547231,-0.055956,0.965787,0.047808,0.248673,-16.556475,6.035355,0.135606,-0.072074,0.949145,-0.106159,0.287505,8.124497,86.28302,22.368532,0.017581,0.907383,-0.197491,0.3706,10.870736,51.234447,31.174057,-0.034896,0.904827,0.019735,0.423889,2.390659,7.409567,47.601421,-0.055956,0.965787,0.047808,0.248673,-9.069648,1.695325,-12.523129,-0.034896,0.904827,0.019735,0.423889,13.651138,2.250984,38.561363
442,3.683333,-0.033347,0.969237,0.020909,0.242962,-0.124982,85.771111,17.934566,-0.042278,0.984864,0.097812,0.136704,-0.700322,93.438766,18.121675,-0.037541,0.990008,0.089974,0.101882,-3.046629,114.280907,21.983927,0.059471,0.996885,0.011743,0.050455,-4.988357,134.836716,25.556612,0.109338,0.975122,-0.191992,-0.017942,-3.090362,149.301331,24.118345,-0.028031,0.929575,0.125588,0.345446,-8.40717,128.914368,24.415056,0.292915,-0.621433,0.003884,-0.72664,-21.693214,129.520355,13.061089,0.089356,0.132602,-0.457342,-0.874798,-16.041449,120.340439,-9.307529,0.207926,0.250744,-0.525406,-0.78603,-1.418638,142.383469,-5.28688,-0.031423,0.99042,0.111218,0.075579,-1.137777,129.331284,25.967201,0.316829,0.862174,0.147298,-0.36685,16.115013,130.125778,28.707426,-0.036278,0.115865,0.464173,-0.877384,29.277357,119.243668,10.682428,-0.01938,-0.195698,0.65992,-0.725143,15.964,139.447662,6.517879,0.058004,0.937534,0.219993,0.263189,-8.376596,85.260071,13.503798,0.085576,0.99007,-0.037619,0.104994,-8.121552,52.769947,-2.552609,-0.055954,0.965789,0.047725,0.248683,-16.557268,6.036639,0.135734,-0.072046,0.949079,-0.106172,0.287724,8.126633,86.282143,22.365335,0.017528,0.90731,-0.197484,0.370785,10.868664,51.233482,31.171804,-0.035306,0.904838,0.019428,0.423844,2.390066,7.408163,47.598763,-0.055954,0.965789,0.047725,0.248683,-9.070306,1.69424,-12.522106,-0.035306,0.904838,0.019428,0.423844,13.65256,2.24681,38.562805
443,3.691667,-0.03329,0.969236,0.020761,0.242988,-0.123849,85.769867,17.932505,-0.042209,0.984869,0.097825,0.136684,-0.697803,93.437683,18.117615,-0.037585,0.990019,0.089857,0.101864,-3.04164,114.283775,21.981537,0.059576,0.996881,0.011751,0.050416,-4.984649,134.840332,25.549236,0.109418,0.975097,-0.192065,-0.01805,-3.08377,149.304596,24.111271,-0.028112,0.929551,0.125534,0.345522,-8.403095,128.91748,24.409201,0.292981,-0.621441,0.003822,-0.726607,-21.68716,129.520538,13.052758,0.089365,0.132641,-0.457304,-0.874811,-16.03586,120.340714,-9.316018,0.207836,0.250741,-0.525316,-0.786115,-1.411675,142.38266,-5.293483,-0.031318,0.990439,0.111169,0.075439,-1.133698,129.335251,25.961092,0.316768,0.862234,0.146761,-0.366976,16.120062,130.12677,28.69606,-0.03644,0.116,0.464243,-0.877323,29.279703,119.237434,10.673449,-0.019401,-0.19584,0.660017,-0.725016,15.970018,139.44577,6.506949,0.057948,0.937565,0.219965,0.263114,-8.375295,85.259201,13.50138,0.085606,0.990086,-0.037591,0.104829,-8.118273,52.767719,-2.552256,-0.055907,0.9658,0.047733,0.248648,-16.556051,6.034699,0.134576,-0.072019,0.949098,-0.106183,0.287665,8.127597,86.280533,22.363628,0.017518,0.907341,-0.197487,0.370708,10.868053,51.231743,31.170059,-0.035004,0.904826,0.019628,0.423885,2.39157,7.406482,47.598267,-0.055907,0.9658,0.047733,0.248648,-9.070441,1.69211,-12.524,-0.035004,0.904826,0.019628,0.423885,13.652643,2.246488,38.559757
444,3.7,-0.033264,0.969236,0.020682,0.242997,-0.122311,85.768776,17.928535,-0.042187,0.984888,0.097649,0.136674,-0.695576,93.436668,18.112562,-0.0374,0.990027,0.089895,0.101818,-3.037191,114.281891,21.968906,0.059612,0.996883,0.011752,0.050318,-4.972514,134.838745,25.539089,0.109425,0.975099,-0.192037,-0.018181,-3.070902,149.302902,24.101009,-0.028062,0.929613,0.125542,0.345358,-8.393189,128.917221,24.398848,0.292934,-0.621484,0.003764,-0.726591,-21.681316,129.52124,13.047207,0.089348,0.132641,-0.457241,-0.874845,-16.032602,120.344353,-9.323428,0.2078,0.250797,-0.525271,-0.786136,-1.405533,142.38382,-5.300016,-0.031397,0.990426,0.111215,0.075504,-1.123446,129.332275,25.94985,0.3169,0.862156,0.146905,-0.366989,16.129801,130.126144,28.687391,-0.036244,0.115861,0.464385,-0.877274,29.284859,119.235123,10.662441,-0.019153,-0.196059,0.660038,-0.724944,15.980615,139.44632,6.498156,0.05793,0.937569,0.219989,0.263086,-8.373708,85.25824,13.497302,0.085616,0.990072,-0.037654,0.104927,-8.115485,52.767391,-2.557594,-0.055885,0.965806,0.047693,0.24864,-16.555077,6.034985,0.134211,-0.07201,0.949058,-0.106186,0.287799,8.129084,86.279312,22.359768,0.017498,0.907296,-0.197525,0.370798,10.867646,51.230476,31.166632,-0.035388,0.904861,0.019308,0.423794,2.389942,7.406574,47.597836,-0.055885,0.965806,0.047693,0.24864,-9.069954,1.691072,-12.524198,-0.035388,0.904861,0.019308,0.423794,13.651785,2.24313,38.562256
445,3.708333,-0.033187,0.969235,0.020584,0.243018,-0.120252,85.769234,17.925568,-0.041994,0.984913,0.097559,0.136622,-0.692016,93.437263,18.1084,-0.03751,0.990033,0.089847,0.101765,-3.024479,114.280685,21.961649,0.059568,0.996887,0.011687,0.050318,-4.963974,134.837555,25.529476,0.10943,0.9751,-0.192036,-0.018122,-3.063562,149.301666,24.089436,-0.028122,0.929652,0.125502,0.345261,-8.383457,128.915161,24.390244,0.292758,-0.621522,0.003715,-0.726629,-21.673803,129.516266,13.041049,0.089228,0.132629,-0.457245,-0.874857,-16.027452,120.346008,-9.332893,0.207803,0.25088,-0.525196,-0.786159,-1.400329,142.385223,-5.307006,-0.031407,0.990426,0.111187,0.075547,-1.113675,129.331955,25.940594,0.316984,0.86209,0.146968,-0.367044,16.13932,130.126114,28.679626,-0.036215,0.115809,0.464425,-0.877261,29.289692,119.234085,10.651869,-0.019257,-0.196079,0.660114,-0.724867,15.986816,139.446228,6.489325,0.05791,0.937577,0.219972,0.263076,-8.371552,85.259644,13.494046,0.08563,0.990099,-0.037649,0.104663,-8.1125,52.768089,-2.559401,-0.055882,0.965811,0.047656,0.248625,-16.552568,6.035861,0.134073,-0.071978,0.94906,-0.106189,0.287799,8.131047,86.278824,22.35709,0.017478,0.907307,-0.197525,0.370773,10.867368,51.22971,31.163553,-0.035035,0.904808,0.01958,0.423924,2.391807,7.405752,47.595722,-0.055882,0.965811,0.047656,0.248625,-9.067884,1.690863,-12.524221,-0.035035,0.904808,0.01958,0.423924,13.653776,2.244942,38.558796
446,3.716667,-0.033155,0.969241,0.020519,0.243006,-0.118053,85.769341,17.922043,-0.041986,0.984917,0.097496,0.136639,-0.689095,93.437454,18.104029,-0.037457,0.990038,0.089785,0.101787,-3.020893,114.281128,21.954626,0.05964,0.996885,0.011686,0.050277,-4.958006,134.838623,25.520107,0.10951,0.975092,-0.192016,-0.018239,-3.055651,149.30249,24.080048,-0.028075,0.929657,0.125534,0.34524,-8.37817,128.916519,24.381403,0.29278,-0.621514,0.003704,-0.726627,-21.669104,129.51944,13.032997,0.089238,0.132641,-0.457177,-0.87489,-16.022259,120.348999,-9.340745,0.207669,0.250927,-0.525168,-0.786198,-1.392809,142.384705,-5.31422,-0.031464,0.990428,0.111232,0.075429,-1.108396,129.332611,25.931978,0.317028,0.862113,0.147149,-0.366882,16.145096,130.129089,28.667194,-0.036135,0.115746,0.464398,-0.877287,29.300007,119.236961,10.642819,-0.019201,-0.196126,0.660055,-0.724909,15.995405,139.44754,6.481081,0.057882,0.937587,0.219965,0.263051,-8.369498,85.260025,13.490765,0.085621,0.990096,-0.037692,0.104683,-8.109077,52.76799,-2.561688,-0.055716,0.965831,0.047718,0.248573,-16.548815,6.035939,0.135762,-0.071973,0.94906,-0.106267,0.28777,8.133392,86.278656,22.353319,0.017464,0.907259,-0.197527,0.370889,10.867955,51.230682,31.164837,-0.035445,0.904832,0.019301,0.423852,2.391492,7.406754,47.596615,-0.055716,0.965831,0.047718,0.248573,-9.06707,1.691242,-12.524374,-0.035445,0.904832,0.019301,0.423852,13.65504,2.243888,38.562836
447,3.725,-0.033135,0.969238,0.020445,0.243027,-0.115423,85.767517,17.918808,-0.041757,0.98494,0.097368,0.136635,-0.685893,93.435684,18.09977,-0.037652,0.990034,0.08972,0.101809,-3.006911,114.277199,21.945677,0.059714,0.996877,0.011722,0.050324,-4.951914,134.834579,25.507582,0.109496,0.975097,-0.192001,-0.018227,-3.047308,149.298264,24.068792,-0.02798,0.929644,0.125648,0.345242,-8.369798,128.911011,24.369574,0.292707,-0.621513,0.003755,-0.726657,-21.660885,129.518417,13.021576,0.089146,0.132683,-0.457207,-0.874877,-16.013988,120.348427,-9.35235,0.207647,0.25094,-0.525166,-0.786201,-1.386218,142.385208,-5.32171,-0.031521,0.990431,0.111164,0.075474,-1.100305,129.330032,25.920689,0.317078,0.862088,0.147278,-0.366845,16.152832,130.128464,28.657612,-0.035973,0.11568,0.464398,-0.877302,29.307514,119.236633,10.632874,-0.019183,-0.196364,0.660115,-0.724791,16.002367,139.446228,6.470271,0.057906,0.937568,0.220011,0.263073,-8.366712,85.258247,13.487226,0.085611,0.990064,-0.037804,0.104956,-8.106602,52.767891,-2.568637,-0.055748,0.965847,0.047705,0.248508,-16.547241,6.036478,0.137128,-0.071985,0.949019,-0.106261,0.287907,8.135864,86.276779,22.350391,0.017465,0.907232,-0.19755,0.370944,10.870062,51.228844,31.162184,-0.035286,0.904799,0.01945,0.423928,2.39166,7.405782,47.59528,-0.055748,0.965847,0.047705,0.248508,-9.066861,1.691595,-12.523752,-0.035286,0.904799,0.01945,0.423928,13.65571,2.244803,38.561043
448,3.733333,-0.033069,0.969236,0.0203,0.243056,-0.114604,85.766403,17.914986,-0.041717,0.984948,0.097316,0.136628,-0.683553,93.434738,18.094019,-0.037638,0.990043,0.089651,0.101792,-3.002583,114.2771,21.938059,0.059683,0.99688,0.011517,0.050361,-4.946658,134.835052,25.497187,0.109627,0.975097,-0.191938,-0.018093,-3.042571,149.298218,24.05246,-0.027895,0.929637,0.125564,0.345297,-8.36481,128.911453,24.360109,0.292666,-0.62146,0.00395,-0.726718,-21.654716,129.520889,13.010852,0.089088,0.132638,-0.457277,-0.874853,-16.00462,120.345879,-9.360192,0.207612,0.250862,-0.525177,-0.786228,-1.379292,142.385361,-5.330679,-0.031497,0.990438,0.111163,0.075394,-1.095254,129.330414,25.910929,0.317155,0.862079,0.147076,-0.36688,16.15835,130.128357,28.645,-0.036063,0.11568,0.464521,-0.877233,29.30929,119.22995,10.621524,-0.01914,-0.196373,0.66009,-0.724812,16.009134,139.444717,6.461428,0.057863,0.937587,0.219988,0.263036,-8.365709,85.25769,13.483007,0.08561,0.990092,-0.037804,0.104693,-8.103825,52.766228,-2.570587,-0.055609,0.96586,0.047713,0.248487,-16.5436,6.034791,0.137398,-0.071939,0.948991,-0.106266,0.288008,8.136501,86.275116,22.346966,0.017352,0.907143,-0.19757,0.371155,10.866561,51.226784,31.158459,-0.0354,0.904792,0.01939,0.423936,2.393425,7.40408,47.595222,-0.055609,0.96586,0.047713,0.248487,-9.065153,1.688977,-12.524301,-0.0354,0.904792,0.01939,0.423936,13.658526,2.243007,38.562359
449,3.741667,-0.033016,0.969233,0.020266,0.243078,-0.11697,85.764107,17.907152,-0.041561,0.984958,0.097303,0.136613,-0.685003,93.432526,18.085857,-0.037576,0.990055,0.089556,0.101775,-2.997399,114.275887,21.930426,0.059857,0.99687,0.011706,0.050297,-4.938471,134.834732,25.485975,0.109608,0.97507,-0.192067,-0.018288,-3.02979,149.297852,24.046854,-0.027892,0.929655,0.125559,0.345252,-8.357495,128.911423,24.350092,0.292645,-0.621478,0.003999,-0.72671,-21.648493,129.52066,13.002093,0.089307,0.132711,-0.457399,-0.874756,-15.999547,120.344284,-9.368685,0.208213,0.251152,-0.524975,-0.786111,-1.381561,142.388397,-5.342467,-0.031383,0.990456,0.110986,0.075455,-1.087815,129.329651,25.900539,0.317288,0.861985,0.147076,-0.366987,16.165724,130.123871,28.636154,-0.036173,0.115796,0.464689,-0.877124,29.308628,119.222054,10.608879,-0.019488,-0.19642,0.659846,-0.725012,16.017237,139.442703,6.447159,0.057859,0.937515,0.219993,0.263288,-8.367937,85.25621,13.474816,0.085614,0.990083,-0.037885,0.104737,-8.101327,52.764874,-2.578956,-0.055551,0.965866,0.04771,0.248475,-16.542423,6.034094,0.136278,-0.072068,0.948999,-0.106356,0.287915,8.133998,86.272011,22.339487,0.01747,0.90722,-0.197552,0.37097,10.871778,51.226391,31.159405,-0.035434,0.904763,0.019388,0.423997,2.392392,7.403433,47.59227,-0.055551,0.965866,0.04771,0.248475,-9.064855,1.687675,-12.525736,-0.035434,0.904763,0.019388,0.423997,13.65904,2.242798,38.561077
450,3.75,-0.032977,0.969239,0.020108,0.24307,-0.113004,85.764153,17.906815,-0.041676,0.984959,0.097177,0.13666,-0.679872,93.432701,18.083319,-0.037393,0.990062,0.089523,0.101808,-2.996806,114.278778,21.92222,0.059759,0.996878,0.011576,0.050288,-4.930252,134.838455,25.477161,0.109741,0.975048,-0.192108,-0.018262,-3.024261,149.301529,24.034113,-0.02797,0.929666,0.125438,0.34526,-8.351469,128.916397,24.341314,0.292718,-0.621497,0.003962,-0.726665,-21.642136,129.521667,12.992713,0.089386,0.132719,-0.457375,-0.87476,-15.994308,120.344101,-9.377869,0.208286,0.251122,-0.525017,-0.786074,-1.375429,142.387466,-5.353137,-0.031182,0.990461,0.111039,0.075393,-1.081684,129.331924,25.892002,0.317238,0.86199,0.147039,-0.367032,16.172621,130.119293,28.624773,-0.036248,0.11577,0.464698,-0.87712,29.315424,119.219162,10.5964,-0.019517,-0.196502,0.659976,-0.724871,16.023911,139.440842,6.437467,0.057868,0.937512,0.220071,0.263231,-8.364097,85.256233,13.474711,0.085621,0.990092,-0.037928,0.104632,-8.097555,52.767467,-2.584277,-0.055518,0.965884,0.04756,0.248443,-16.539448,6.03711,0.135766,-0.07194,0.948956,-0.106316,0.288104,8.138089,86.272072,22.338919,0.017296,0.907053,-0.197563,0.371383,10.866224,51.224506,31.154064,-0.035427,0.904755,0.019349,0.424015,2.394022,7.401368,47.590149,-0.055518,0.965884,0.04756,0.248443,-9.063191,1.686157,-12.525471,-0.035427,0.904755,0.019349,0.424015,13.66081,2.239627,38.559757
451,3.758333,-0.032901,0.969238,0.020072,0.243088,-0.115145,85.763084,17.896982,-0.041548,0.984965,0.097226,0.136621,-0.680747,93.431732,18.073215,-0.037352,0.990076,0.089435,0.101763,-2.992485,114.278351,21.915098,0.059831,0.996874,0.011567,0.050288,-4.923714,134.838821,25.466663,0.109724,0.975034,-0.192188,-0.01825,-3.01563,149.301605,24.023453,-0.02799,0.929595,0.125486,0.345431,-8.345578,128.916885,24.332157,0.292578,-0.621505,0.004169,-0.726713,-21.632069,129.522903,12.978713,0.089308,0.132725,-0.457425,-0.87474,-15.984859,120.342041,-9.390661,0.208446,0.25104,-0.525059,-0.786029,-1.368105,142.387451,-5.363968,-0.03116,0.990462,0.11105,0.075373,-1.075615,129.332001,25.882101,0.317288,0.861963,0.147155,-0.367005,16.178839,130.118668,28.614096,-0.036244,0.115785,0.464711,-0.877111,29.321054,119.218735,10.585176,-0.019672,-0.196516,0.659959,-0.724878,16.031248,139.439377,6.425884,0.057702,0.937525,0.220052,0.26324,-8.366164,85.256393,13.464609,0.085691,0.990096,-0.037985,0.104522,-8.088578,52.765621,-2.59012,-0.05548,0.965895,0.047556,0.248411,-16.537237,6.036812,0.135527,-0.071988,0.94893,-0.106374,0.288156,8.135875,86.269775,22.329357,0.017282,0.907054,-0.197589,0.371368,10.865605,51.22361,31.149588,-0.03547,0.904741,0.019341,0.424042,2.393978,7.401407,47.588455,-0.05548,0.965895,0.047556,0.248411,-9.062211,1.685399,-12.526271,-0.03547,0.904741,0.019341,0.424042,13.66171,2.240023,38.559044
452,3.766667,-0.032828,0.969233,0.019949,0.243128,-0.115024,85.763672,17.894819,-0.041508,0.984975,0.097142,0.136622,-0.679083,93.432465,18.069477,-0.037298,0.990086,0.089368,0.101746,-2.988731,114.280632,21.90823,0.059844,0.996875,0.011521,0.050269,-4.917386,134.841766,25.457323,0.109832,0.975011,-0.192243,-0.018261,-3.008948,149.304382,24.012747,-0.0276,0.929585,0.125337,0.345543,-8.339996,128.92009,24.323687,0.292601,-0.621543,0.004531,-0.726669,-21.624533,129.537476,12.968561,0.089357,0.132614,-0.457419,-0.874755,-15.979799,120.342278,-9.395556,0.208407,0.25103,-0.525033,-0.78606,-1.361516,142.38707,-5.375223,-0.031039,0.990482,0.110929,0.075342,-1.06992,129.334549,25.873289,0.317278,0.861962,0.147059,-0.367055,16.184963,130.117493,28.60367,-0.036347,0.115806,0.46474,-0.877089,29.325682,119.216606,10.574227,-0.019685,-0.196402,0.659979,-0.724891,16.037107,139.439148,6.416446,0.057626,0.937517,0.220102,0.263244,-8.365766,85.257767,13.461837,0.085724,0.990105,-0.038027,0.104394,-8.081948,52.767967,-2.594742,-0.055427,0.965915,0.047459,0.248364,-16.533714,6.040001,0.135673,-0.072018,0.948858,-0.106338,0.288401,8.135719,86.269569,22.327801,0.017227,0.90697,-0.197601,0.371569,10.865981,51.223171,31.14694,-0.035168,0.904695,0.019646,0.424151,2.395057,7.401234,47.586895,-0.055427,0.965915,0.047459,0.248364,-9.060528,1.685334,-12.526093,-0.035168,0.904695,0.019646,0.424151,13.663137,2.244008,38.555538
453,3.775,-0.032894,0.96923,0.019909,0.243134,-0.107757,85.764809,17.892134,-0.041579,0.984982,0.097027,0.13663,-0.67266,93.433556,18.065935,-0.037253,0.99009,0.089347,0.101742,-2.984604,114.281799,21.899334,0.059983,0.996865,0.011403,0.050326,-4.91129,134.843231,25.447765,0.109787,0.975008,-0.192293,-0.018186,-2.998495,149.304947,24.000076,-0.027729,0.929583,0.125348,0.345537,-8.33447,128.921829,24.314386,0.292605,-0.621501,0.004452,-0.726704,-21.618921,129.535126,12.958942,0.089122,0.132516,-0.457311,-0.874851,-15.971586,120.343277,-9.405893,0.207832,0.250641,-0.525273,-0.786176,-1.34618,142.383835,-5.383071,-0.030947,0.990486,0.110986,0.075251,-1.064329,129.335663,25.863853,0.317237,0.861972,0.147193,-0.367014,16.191233,130.115631,28.590792,-0.036313,0.115726,0.464704,-0.87712,29.334747,119.218536,10.561101,-0.019563,-0.196401,0.660048,-0.724832,16.044683,139.438324,6.406054,0.057737,0.937503,0.220176,0.263204,-8.358363,85.257515,13.459057,0.085699,0.990091,-0.038151,0.104502,-8.081321,52.771004,-2.604295,-0.055329,0.965939,0.047415,0.2483,-16.532276,6.043535,0.137093,-0.071974,0.948862,-0.106321,0.288403,8.142849,86.272102,22.325212,0.017289,0.906858,-0.197669,0.371802,10.87044,51.224983,31.142307,-0.035036,0.904595,0.01963,0.424377,2.387512,7.405803,47.583412,-0.055329,0.965939,0.047415,0.2483,-9.061769,1.686735,-12.525518,-0.035036,0.904595,0.01963,0.424377,13.658695,2.246635,38.557041
454,3.783333,-0.032863,0.969214,0.019985,0.243197,-0.107916,85.763283,17.881754,-0.041437,0.984989,0.097005,0.136638,-0.672643,93.432022,18.056774,-0.037202,0.990093,0.08934,0.101735,-2.978669,114.282013,21.890335,0.060035,0.996864,0.011404,0.050283,-4.903198,134.843658,25.438723,0.109811,0.974985,-0.192382,-0.018282,-2.989027,149.305206,23.991049,-0.027681,0.929597,0.125326,0.345509,-8.327002,128.922607,24.305449,0.292548,-0.621534,0.004534,-0.726699,-21.612204,129.537079,12.950943,0.08931,0.132514,-0.457408,-0.874781,-15.966916,120.343575,-9.413734,0.208318,0.250944,-0.525029,-0.786114,-1.34678,142.387405,-5.396706,-0.030821,0.990491,0.110971,0.075251,-1.056784,129.335709,25.854748,0.3172,0.86195,0.147081,-0.367142,16.199053,130.111359,28.581179,-0.036308,0.115684,0.464692,-0.877132,29.339045,119.215073,10.548433,-0.019565,-0.196503,0.660185,-0.724679,16.046997,139.435959,6.394722,0.057727,0.937461,0.220142,0.263384,-8.35799,85.256943,13.447577,0.08567,0.990061,-0.038298,0.104758,-8.077804,52.769257,-2.613343,-0.055249,0.965973,0.04745,0.248178,-16.528189,6.042382,0.139921,-0.072052,0.948803,-0.106395,0.28855,8.142159,86.269615,22.315931,0.017265,0.906826,-0.197716,0.371857,10.872094,51.224434,31.139999,-0.035206,0.904624,0.019547,0.424305,2.388615,7.406935,47.5853,-0.055249,0.965973,0.04745,0.248178,-9.061577,1.68578,-12.525058,-0.035206,0.904624,0.019547,0.424305,13.659739,2.247728,38.558876
455,3.791667,-0.032802,0.969216,0.01991,0.243206,-0.107283,85.762955,17.877785,-0.041365,0.984998,0.096933,0.136645,-0.670832,93.431801,18.051918,-0.037162,0.9901,0.089275,0.101743,-2.973398,114.282265,21.882809,0.060079,0.996865,0.011363,0.050225,-4.896049,134.844513,25.428688,0.109964,0.974955,-0.192437,-0.018403,-2.980748,149.305786,23.979774,-0.027508,0.929603,0.125306,0.345514,-8.320392,128.923645,24.296087,0.292664,-0.621531,0.004615,-0.726654,-21.605822,129.543518,12.942144,0.08949,0.132489,-0.457423,-0.874758,-15.96037,120.343575,-9.419836,0.208521,0.250944,-0.525073,-0.78603,-1.341073,142.388077,-5.408792,-0.030782,0.990491,0.111046,0.075163,-1.050155,129.336258,25.845427,0.317178,0.861982,0.146677,-0.367248,16.206226,130.110687,28.568735,-0.036429,0.115742,0.464789,-0.877068,29.343063,119.208267,10.537402,-0.019402,-0.19651,0.660092,-0.724766,16.055988,139.4328,6.384415,0.057596,0.937462,0.220223,0.263345,-8.357352,85.257378,13.443512,0.085745,0.99007,-0.038361,0.104579,-8.067375,52.771187,-2.620249,-0.055213,0.965974,0.047364,0.248199,-16.524855,6.045997,0.139749,-0.072042,0.948794,-0.106415,0.288574,8.142786,86.268524,22.312057,0.017262,0.906826,-0.197724,0.371852,10.871409,51.223553,31.137365,-0.03547,0.904619,0.019312,0.424303,2.388,7.406372,47.583557,-0.055213,0.965974,0.047364,0.248199,-9.058166,1.686676,-12.524249,-0.03547,0.904619,0.019312,0.424303,13.66081,2.244441,38.560795
456,3.8,-0.032741,0.96922,0.019806,0.243205,-0.10556,85.763565,17.871767,-0.041311,0.985003,0.096934,0.136628,-0.667813,93.432541,18.044575,-0.037117,0.990111,0.089191,0.101724,-2.967854,114.281288,21.875555,0.060099,0.996865,0.011319,0.050204,-4.888197,134.844299,25.418196,0.11002,0.974933,-0.192514,-0.018429,-2.972354,149.305374,23.967978,-0.02756,0.929601,0.125255,0.345535,-8.313209,128.923615,24.28669,0.292713,-0.621583,0.004457,-0.726591,-21.598034,129.54126,12.931925,0.089536,0.132517,-0.457352,-0.874786,-15.955734,120.344772,-9.432266,0.208592,0.250841,-0.525,-0.786094,-1.333313,142.387192,-5.420463,-0.030667,0.990489,0.111126,0.07511,-1.042866,129.335709,25.835663,0.317274,0.861917,0.146893,-0.367232,16.214035,130.106171,28.556786,-0.036399,0.11571,0.464794,-0.877071,29.348433,119.204475,10.523232,-0.019574,-0.196364,0.660241,-0.724665,16.061132,139.42926,6.370874,0.057551,0.937443,0.220258,0.263392,-8.355704,85.258621,13.437568,0.085747,0.990087,-0.038426,0.104401,-8.061172,52.77317,-2.627613,-0.055037,0.966035,0.047282,0.248014,-16.518976,6.048489,0.139972,-0.072004,0.948786,-0.106445,0.288601,8.144584,86.268517,22.305967,0.017195,0.90673,-0.197723,0.37209,10.869674,51.22361,31.13262,-0.035204,0.904536,0.019493,0.424493,2.387749,7.406157,47.578823,-0.055037,0.966035,0.047282,0.248014,-9.058924,1.685179,-12.526557,-0.035204,0.904536,0.019493,0.424493,13.662392,2.245668,38.557537
457,3.808333,-0.032767,0.969207,0.019801,0.243255,-0.101889,85.76223,17.864759,-0.041288,0.985007,0.096888,0.136636,-0.664516,93.431183,18.037363,-0.036979,0.990128,0.089068,0.101713,-2.963128,114.278183,21.866148,0.060069,0.996869,0.011319,0.050164,-4.877234,134.842545,25.404346,0.11005,0.974924,-0.192539,-0.018474,-2.962381,149.303741,23.954023,-0.027502,0.929658,0.125271,0.34538,-8.304046,128.922623,24.274284,0.292703,-0.621561,0.004503,-0.726613,-21.59271,129.541641,12.924088,0.089568,0.13245,-0.457335,-0.874802,-15.949098,120.344078,-9.439337,0.208603,0.250776,-0.52499,-0.786118,-1.325393,142.385193,-5.431432,-0.030738,0.990492,0.111013,0.07521,-1.033517,129.332916,25.822866,0.317331,0.861883,0.146802,-0.367298,16.222708,130.105743,28.547609,-0.03632,0.115753,0.464868,-0.877029,29.352873,119.200935,10.512861,-0.019514,-0.196405,0.660222,-0.724673,16.069975,139.426788,6.357397,0.057554,0.937449,0.220301,0.263333,-8.351554,85.256821,13.429718,0.085767,0.990077,-0.038552,0.104431,-8.057373,52.772758,-2.638274,-0.055104,0.966016,0.047251,0.24808,-16.518318,6.04932,0.14068,-0.071957,0.948751,-0.106475,0.288714,8.147775,86.267647,22.299801,0.017158,0.906738,-0.197751,0.372058,10.867974,51.222706,31.127865,-0.035162,0.904536,0.019548,0.424494,2.388839,7.406199,47.578041,-0.055104,0.966016,0.047251,0.24808,-9.05593,1.685753,-12.524387,-0.035162,0.904536,0.019548,0.424494,13.663295,2.2466,38.556011
458,3.816667,-0.032729,0.969215,0.01971,0.243234,-0.097226,85.763,17.863911,-0.041327,0.985023,0.096716,0.136631,-0.658948,93.432037,18.03532,-0.036923,0.990133,0.089057,0.101693,-2.957964,114.278015,21.856266,0.060194,0.996862,0.011221,0.050164,-4.869632,134.842651,25.394291,0.11005,0.974912,-0.192596,-0.01849,-2.951044,149.30307,23.941288,-0.027344,0.929671,0.125017,0.345449,-8.297152,128.92308,24.264471,0.29265,-0.621614,0.004618,-0.726588,-21.584454,129.544418,12.912801,0.089539,0.132415,-0.457317,-0.87482,-15.944168,120.343567,-9.450109,0.208651,0.250696,-0.525005,-0.786121,-1.318493,142.384766,-5.442783,-0.030528,0.990518,0.110857,0.075187,-1.026502,129.332596,25.812695,0.317339,0.861832,0.146766,-0.367426,16.230297,130.098648,28.535742,-0.036475,0.115761,0.464948,-0.876979,29.355574,119.194626,10.496961,-0.019639,-0.196355,0.660105,-0.72479,16.076559,139.423416,6.345133,0.057528,0.937471,0.220433,0.263151,-8.347121,85.257851,13.429268,0.085801,0.990057,-0.038648,0.104555,-8.051666,52.777817,-2.646847,-0.055017,0.966021,0.047112,0.248107,-16.517061,6.055632,0.139776,-0.071905,0.948764,-0.106475,0.288686,8.15267,86.26815,22.298555,0.017136,0.906663,-0.197775,0.372227,10.86958,51.222672,31.125471,-0.035475,0.904541,0.01928,0.42447,2.388478,7.406983,47.576828,-0.055017,0.966021,0.047112,0.248107,-9.054977,1.687481,-12.523892,-0.035475,0.904541,0.01928,0.42447,13.664526,2.24441,38.558483
459,3.825,-0.03254,0.969215,0.0196,0.243268,-0.103758,85.767166,17.859081,-0.041161,0.985031,0.096656,0.136668,-0.662251,93.43647,18.029539,-0.03691,0.990138,0.088958,0.101742,-2.953573,114.278725,21.848043,0.060292,0.996854,0.011166,0.050219,-4.864439,134.844131,25.38199,0.110076,0.974904,-0.192624,-0.018464,-2.942772,149.304016,23.927641,-0.027262,0.929672,0.125075,0.345432,-8.292177,128.92453,24.252949,0.292763,-0.621555,0.00466,-0.726593,-21.580042,129.549194,12.902125,0.089665,0.13242,-0.457307,-0.874812,-15.936117,120.344208,-9.458158,0.208693,0.250674,-0.52502,-0.786107,-1.310648,142.384796,-5.453896,-0.030452,0.990517,0.11091,0.075147,-1.021661,129.333939,25.801823,0.317301,0.861862,0.146848,-0.367356,16.235508,130.097382,28.523224,-0.036455,0.115698,0.464895,-0.877016,29.364517,119.195435,10.485904,-0.019535,-0.196294,0.660282,-0.724648,16.081692,139.42363,6.335795,0.05746,0.937406,0.220419,0.263407,-8.353581,85.264977,13.42397,0.085794,0.99006,-0.038686,0.104517,-8.049426,52.783924,-2.649924,-0.054717,0.96605,0.047041,0.248073,-16.514412,6.061909,0.140681,-0.072015,0.948741,-0.106437,0.288748,8.146067,86.269363,22.294191,0.017128,0.906664,-0.197844,0.372189,10.870725,51.224445,31.120956,-0.035461,0.904563,0.019223,0.424428,2.388599,7.411319,47.578579,-0.054717,0.96605,0.047041,0.248073,-9.0563,1.689222,-12.523758,-0.035461,0.904563,0.019223,0.424428,13.66345,2.247079,38.5597
460,3.833333,-0.032559,0.96921,0.01959,0.243288,-0.101484,85.766098,17.853373,-0.041053,0.985043,0.096605,0.13665,-0.660237,93.435379,18.023586,-0.03682,0.990151,0.088879,0.101714,-2.946846,114.280045,21.840975,0.060404,0.99685,0.011065,0.0502,-4.853565,134.846313,25.372101,0.110062,0.974898,-0.19266,-0.018504,-2.928599,149.305481,23.914932,-0.027297,0.929705,0.124936,0.345391,-8.282506,128.927216,24.244141,0.292688,-0.621652,0.004633,-0.726541,-21.571299,129.548828,12.89423,0.08967,0.132387,-0.457222,-0.874861,-15.933328,120.345734,-9.468351,0.208749,0.25071,-0.524979,-0.786108,-1.302804,142.384018,-5.464855,-0.030334,0.990526,0.110852,0.075165,-1.011804,129.335449,25.792461,0.317334,0.861817,0.146868,-0.367426,16.245525,130.094879,28.514004,-0.036459,0.115665,0.464914,-0.877011,29.370979,119.193161,10.473955,-0.019588,-0.196272,0.660281,-0.724653,16.088291,139.42247,6.325323,0.057498,0.937371,0.220466,0.263485,-8.351103,85.263512,13.417923,0.085768,0.990046,-0.038819,0.104623,-8.047221,52.784264,-2.659641,-0.054676,0.966068,0.047057,0.248009,-16.511446,6.06282,0.142832,-0.072069,0.948723,-0.106465,0.288785,8.148136,86.268692,22.28882,0.017157,0.906667,-0.197889,0.372157,10.875557,51.22477,31.118656,-0.035006,0.904523,0.01956,0.424536,2.389908,7.413462,47.579323,-0.054676,0.966068,0.047057,0.248009,-9.055373,1.690172,-12.522827,-0.035006,0.904523,0.01956,0.424536,13.663689,2.252211,38.557388
461,3.841667,-0.032479,0.969205,0.019545,0.243319,-0.100175,85.765167,17.846277,-0.041047,0.985044,0.096534,0.136695,-0.657569,93.434563,18.016108,-0.036648,0.990153,0.088895,0.101742,-2.943747,114.280045,21.83049,0.060371,0.996857,0.011032,0.050096,-4.84352,134.846725,25.362995,0.110216,0.974872,-0.192687,-0.018686,-2.919803,149.305908,23.904617,-0.027161,0.929707,0.124742,0.345465,-8.274457,128.928879,24.234549,0.292411,-0.621692,0.005001,-0.726615,-21.561728,129.552872,12.882987,0.089501,0.132293,-0.457235,-0.874885,-15.926411,120.344437,-9.478055,0.208767,0.250678,-0.524955,-0.786129,-1.295066,142.38266,-5.474644,-0.030256,0.99054,0.110733,0.075193,-1.003651,129.334518,25.783058,0.317341,0.861792,0.146934,-0.367451,16.253693,130.091461,28.505178,-0.036384,0.115589,0.464927,-0.877017,29.378002,119.191216,10.463407,-0.019477,-0.196341,0.660353,-0.724572,16.095764,139.419525,6.316529,0.057449,0.937369,0.220509,0.263468,-8.349605,85.263847,13.410333,0.085801,0.990023,-0.038944,0.104771,-8.041821,52.78558,-2.669121,-0.054727,0.966078,0.046991,0.247973,-16.510729,6.065589,0.143456,-0.072081,0.948729,-0.106504,0.288745,8.149254,86.266495,22.282223,0.01718,0.906655,-0.197933,0.37216,10.877011,51.223301,31.114847,-0.035541,0.904531,0.01923,0.424489,2.38777,7.413733,47.57827,-0.054727,0.966078,0.046991,0.247973,-9.05516,1.691461,-12.521988,-0.035541,0.904531,0.01923,0.424489,13.664654,2.250716,38.561226
462,3.85,-0.032564,0.969194,0.019761,0.243335,-0.092851,85.758125,17.831194,-0.041037,0.985045,0.096581,0.136656,-0.652318,93.427299,18.003923,-0.036616,0.990165,0.088833,0.101688,-2.938884,114.278862,21.821592,0.060484,0.996852,0.010964,0.050084,-4.836874,134.8461,25.351788,0.110266,0.974856,-0.192737,-0.018688,-2.909829,149.304672,23.89156,-0.027054,0.929737,0.124618,0.345438,-8.268335,128.928345,24.224442,0.292343,-0.621672,0.005112,-0.726659,-21.556452,129.554214,12.873976,0.08952,0.132378,-0.457313,-0.87483,-15.919976,120.344177,-9.486114,0.2092,0.250429,-0.524764,-0.786221,-1.293386,142.38562,-5.479869,-0.030208,0.990547,0.110686,0.07518,-0.997334,129.333679,25.772106,0.317389,0.861773,0.146455,-0.367645,16.260178,130.089172,28.493559,-0.036581,0.115671,0.465093,-0.87691,29.375902,119.179832,10.451049,-0.019519,-0.196343,0.660385,-0.724541,16.101866,139.414581,6.305979,0.057553,0.937353,0.220523,0.263491,-8.342031,85.256264,13.394849,0.085768,0.989973,-0.039192,0.105169,-8.04065,52.779282,-2.687328,-0.054592,0.96607,0.047115,0.248009,-16.509968,6.060588,0.145502,-0.072071,0.948674,-0.106679,0.288865,8.156328,86.259987,22.26754,0.017184,0.906647,-0.197968,0.372162,10.878563,51.219391,31.112183,-0.035482,0.904507,0.019302,0.424541,2.387735,7.411146,47.578293,-0.054592,0.96607,0.047115,0.248009,-9.054688,1.688875,-12.520942,-0.035482,0.904507,0.019302,0.424541,13.66536,2.249303,38.561508
463,3.858333,-0.032535,0.969194,0.019727,0.243341,-0.090093,85.757271,17.824364,-0.041005,0.98505,0.096525,0.136668,-0.649004,93.426491,17.996693,-0.036604,0.990174,0.088721,0.101706,-2.933903,114.277924,21.81208,0.060413,0.996858,0.010807,0.050072,-4.830996,134.846039,25.337687,0.110561,0.974832,-0.192692,-0.018661,-2.905846,149.304382,23.872778,-0.027033,0.929739,0.124507,0.345476,-8.262711,128.928207,24.211504,0.29234,-0.621678,0.005131,-0.726655,-21.549957,129.553574,12.859997,0.089495,0.132435,-0.457248,-0.874857,-15.913889,120.34285,-9.499909,0.209086,0.25047,-0.524661,-0.786307,-1.284359,142.382919,-5.489724,-0.030138,0.990558,0.110673,0.07508,-0.991751,129.333527,25.759369,0.317476,0.861775,0.146413,-0.367582,16.266432,130.087021,28.477102,-0.036533,0.115593,0.465138,-0.876898,29.381653,119.172691,10.437245,-0.019434,-0.196462,0.660393,-0.724504,16.108358,139.4095,6.294476,0.057587,0.937325,0.220625,0.263496,-8.339255,85.255775,13.387945,0.08577,0.99001,-0.039298,0.104783,-8.038028,52.782368,-2.701439,-0.054592,0.966096,0.047058,0.247918,-16.507494,6.064507,0.14462,-0.072034,0.948698,-0.106742,0.288773,8.159069,86.258759,22.260782,0.017132,0.906591,-0.197986,0.372292,10.878274,51.218761,31.108707,-0.035248,0.904504,0.019499,0.424558,2.38898,7.410985,47.576897,-0.054592,0.966096,0.047058,0.247918,-9.054625,1.691074,-12.522648,-0.035248,0.904504,0.019499,0.424558,13.665363,2.251258,38.557346
464,3.866667,-0.032486,0.969191,0.019689,0.243364,-0.089222,85.756622,17.817945,-0.040974,0.985055,0.096495,0.13666,-0.647272,93.425919,17.989868,-0.036544,0.990184,0.088653,0.101685,-2.930567,114.277145,21.804104,0.060241,0.996874,0.010533,0.050031,-4.824828,134.845947,25.327209,0.110778,0.974823,-0.192619,-0.018603,-2.904463,149.304092,23.854,-0.026992,0.929671,0.124521,0.345655,-8.257365,128.928421,24.201941,0.292284,-0.621752,0.005231,-0.726613,-21.540367,129.556122,12.845582,0.089396,0.132461,-0.457204,-0.874887,-15.908895,120.342461,-9.514289,0.209006,0.250415,-0.524605,-0.786383,-1.276831,142.381744,-5.499861,-0.030093,0.990565,0.11067,0.075023,-0.986273,129.332993,25.749397,0.31759,0.861741,0.146437,-0.367553,16.272312,130.085159,28.465,-0.036464,0.115554,0.4652,-0.876873,29.385048,119.16671,10.425806,-0.019447,-0.196503,0.660553,-0.724346,16.114012,139.405319,6.283317,0.057635,0.937268,0.220674,0.263646,-8.338235,85.255852,13.381159,0.085777,0.989988,-0.039421,0.104941,-8.036713,52.784409,-2.712205,-0.054248,0.966116,0.047002,0.247927,-16.50841,6.067571,0.144083,-0.07203,0.948636,-0.106809,0.288952,8.159791,86.257401,22.254732,0.01707,0.906714,-0.19795,0.372013,10.87557,51.218403,31.107674,-0.035281,0.904553,0.019535,0.424449,2.39792,7.409087,47.57777,-0.054248,0.966116,0.047002,0.247927,-9.058803,1.689734,-12.523592,-0.035281,0.904553,0.019535,0.424449,13.672626,2.25064,38.555378
465,3.875,-0.032472,0.969208,0.019533,0.243311,-0.086604,85.756302,17.812984,-0.041007,0.985066,0.096407,0.136634,-0.643848,93.425713,17.982664,-0.036377,0.990193,0.088676,0.101645,-2.927929,114.277328,21.793039,0.060482,0.99686,0.010514,0.050018,-4.815214,134.846466,25.317881,0.110679,0.974816,-0.192703,-0.018668,-2.88791,149.303665,23.844423,-0.026924,0.929744,0.124422,0.345499,-8.249769,128.93013,24.192564,0.292347,-0.621766,0.005162,-0.726577,-21.536657,129.558105,12.840777,0.089478,0.132412,-0.457137,-0.874921,-15.905982,120.344803,-9.519429,0.208947,0.25045,-0.524556,-0.78642,-1.27047,142.381287,-5.508916,-0.029875,0.990573,0.110682,0.074984,-0.978376,129.33226,25.739225,0.317581,0.861727,0.146355,-0.367627,16.280865,130.077011,28.452671,-0.036738,0.115686,0.465328,-0.876776,29.391155,119.158218,10.41192,-0.019642,-0.196387,0.66029,-0.724613,16.127487,139.401886,6.270793,0.057635,0.937275,0.22077,0.263543,-8.336113,85.255043,13.377179,0.085765,0.989945,-0.03957,0.105295,-8.034425,52.786678,-2.722377,-0.054395,0.966103,0.046916,0.247961,-16.507479,6.070769,0.145005,-0.072023,0.948607,-0.106818,0.289046,8.162905,86.257561,22.248789,0.017092,0.906729,-0.198026,0.371935,10.877155,51.218624,31.102449,-0.035072,0.904542,0.019568,0.424489,2.396323,7.412258,47.578739,-0.054395,0.966103,0.046916,0.247961,-9.055622,1.691768,-12.520941,-0.035072,0.904542,0.019568,0.424489,13.669848,2.252033,38.555901
466,3.883333,-0.032447,0.969217,0.019563,0.243275,-0.084405,85.754868,17.803932,-0.041263,0.985058,0.096472,0.136571,-0.641384,93.424286,17.974174,-0.036028,0.990222,0.088626,0.101524,-2.936916,114.279709,21.786829,0.060611,0.99686,0.010409,0.049882,-4.809095,134.850281,25.311396,0.110803,0.974786,-0.192771,-0.018801,-2.87837,149.306702,23.834806,-0.026951,0.929649,0.124323,0.345788,-8.248027,128.936249,24.187365,0.292309,-0.621837,0.00532,-0.72653,-21.527868,129.563492,12.827303,0.089464,0.132439,-0.45709,-0.874943,-15.901679,120.344635,-9.531738,0.208971,0.250483,-0.52461,-0.786367,-1.263563,142.380539,-5.519031,-0.02979,0.990594,0.11059,0.074878,-0.975893,129.333466,25.731802,0.317714,0.861692,0.146472,-0.367546,16.284082,130.075928,28.441174,-0.036687,0.115679,0.465413,-0.876735,29.393137,119.153526,10.401714,-0.019671,-0.196325,0.660424,-0.724507,16.133492,139.3992,6.260261,0.05765,0.937245,0.220804,0.263617,-8.334271,85.254189,13.368734,0.08575,0.989935,-0.03971,0.105346,-8.031597,52.787029,-2.73324,-0.054436,0.966128,0.046935,0.24785,-16.504789,6.07194,0.146944,-0.072069,0.948566,-0.106908,0.289135,8.165462,86.255554,22.23913,0.017108,0.906709,-0.198089,0.371951,10.88006,51.218498,31.100092,-0.035664,0.90458,0.019197,0.424375,2.395315,7.414558,47.580807,-0.054436,0.966128,0.046935,0.24785,-9.055363,1.693685,-12.520683,-0.035664,0.90458,0.019197,0.424375,13.671038,2.252182,38.561951
467,3.891667,-0.032473,0.969226,0.019493,0.243242,-0.081928,85.754005,17.798004,-0.040861,0.985083,0.096308,0.136624,-0.639027,93.423439,17.967134,-0.036351,0.990201,0.08857,0.101666,-2.91633,114.275955,21.774227,0.060585,0.99686,0.010431,0.049906,-4.802186,134.845963,25.294798,0.110963,0.974786,-0.192673,-0.018913,-2.872155,149.302536,23.818853,-0.026562,0.929713,0.124651,0.345529,-8.237147,128.929657,24.170532,0.29232,-0.621844,0.005509,-0.726519,-21.524008,129.572327,12.819534,0.089567,0.132403,-0.457052,-0.874957,-15.898321,120.346191,-9.536645,0.209108,0.250434,-0.524562,-0.786379,-1.258384,142.380493,-5.527998,-0.029791,0.990577,0.110662,0.074996,-0.965791,129.331543,25.717438,0.31793,0.861589,0.146397,-0.367633,16.293564,130.07338,28.430948,-0.036798,0.115852,0.465672,-0.876569,29.392645,119.142624,10.389298,-0.019954,-0.196253,0.660143,-0.724775,16.147373,139.395813,6.244502,0.05765,0.937254,0.220905,0.263501,-8.33207,85.252518,13.363403,0.085759,0.989913,-0.039845,0.1055,-8.029389,52.788578,-2.745058,-0.054404,0.966131,0.046885,0.247857,-16.505135,6.074646,0.146404,-0.072059,0.94857,-0.10701,0.289087,8.168214,86.255493,22.232607,0.017085,0.906739,-0.198103,0.371871,10.880424,51.219917,31.100178,-0.035533,0.904626,0.019272,0.424285,2.39865,7.416412,47.583607,-0.054404,0.966131,0.046885,0.247857,-9.055907,1.694726,-12.520772,-0.035533,0.904626,0.019272,0.424285,13.671577,2.254242,38.561131
468,3.9,-0.03231,0.969226,0.019429,0.24327,-0.087506,85.757484,17.790846,-0.040646,0.9851,0.096244,0.136612,-0.641941,93.427109,17.959612,-0.036331,0.990208,0.088515,0.101652,-2.909281,114.275833,21.764444,0.060623,0.996859,0.010332,0.0499,-4.794019,134.846313,25.282875,0.111013,0.974775,-0.192699,-0.018913,-2.8628,149.302429,23.804104,-0.026595,0.929738,0.124486,0.345519,-8.229306,128.930054,24.159338,0.292314,-0.621922,0.005408,-0.726455,-21.516335,129.56958,12.808352,0.08957,0.132457,-0.456983,-0.874985,-15.895425,120.346191,-9.550159,0.209178,0.250389,-0.524426,-0.786465,-1.252604,142.378555,-5.538437,-0.029725,0.990579,0.110636,0.075036,-0.957884,129.331741,25.70599,0.3181,0.861517,0.146708,-0.367529,16.301405,130.071228,28.420595,-0.036558,0.115807,0.465687,-0.876577,29.398895,119.139252,10.378535,-0.019928,-0.196066,0.6604,-0.724591,16.154512,139.390701,6.230422,0.057511,0.93723,0.220949,0.263579,-8.337584,85.258675,13.355822,0.085793,0.989934,-0.039914,0.105246,-8.023291,52.794994,-2.752934,-0.054367,0.966162,0.046708,0.247777,-16.502216,6.08215,0.146848,-0.072187,0.948554,-0.106994,0.289113,8.162574,86.256287,22.225868,0.017088,0.906702,-0.198204,0.371906,10.883619,51.221802,31.095001,-0.035509,0.90464,0.019134,0.424263,2.397432,7.422111,47.586269,-0.054367,0.966162,0.046708,0.247777,-9.055614,1.696816,-12.519999,-0.035509,0.90464,0.019134,0.424263,13.669141,2.256042,38.564499
469,3.908333,-0.032246,0.969229,0.019393,0.243268,-0.086302,85.757759,17.783945,-0.040649,0.985106,0.096185,0.136608,-0.639657,93.427475,17.952421,-0.036219,0.99022,0.088446,0.101635,-2.906719,114.276108,21.754669,0.060496,0.996873,0.010209,0.049802,-4.786469,134.847443,25.270781,0.111235,0.974756,-0.192657,-0.018996,-2.859097,149.30368,23.788033,-0.026528,0.929746,0.124732,0.345415,-8.223195,128.931854,24.148119,0.292403,-0.621912,0.00551,-0.726427,-21.512871,129.57608,12.800506,0.089699,0.13237,-0.456915,-0.875021,-15.891435,120.346405,-9.555276,0.209144,0.250348,-0.524275,-0.786588,-1.24466,142.376099,-5.55037,-0.029644,0.990591,0.110557,0.075025,-0.951602,129.332016,25.694347,0.318216,0.861464,0.146615,-0.367591,16.307909,130.068939,28.408209,-0.036111,0.115342,0.46566,-0.876671,29.399467,119.131638,10.365072,-0.019263,-0.19635,0.661304,-0.723708,16.147039,139.383072,6.225658,0.057515,0.937225,0.220994,0.263557,-8.336475,85.259949,13.34899,0.085807,0.989929,-0.040001,0.105253,-8.021914,52.797733,-2.76271,-0.054033,0.966173,0.046698,0.24781,-16.502958,6.085774,0.145029,-0.072212,0.948577,-0.107075,0.289001,8.163871,86.255577,22.218901,0.017169,0.906766,-0.198175,0.371763,10.885903,51.222599,31.09371,-0.035158,0.904567,0.019405,0.424436,2.396302,7.422101,47.581078,-0.054033,0.966173,0.046698,0.24781,-9.058874,1.697452,-12.522257,-0.035158,0.904567,0.019405,0.424436,13.669005,2.258707,38.559025
470,3.916667,-0.032188,0.96923,0.019356,0.243277,-0.086558,85.757156,17.776405,-0.040602,0.985113,0.096168,0.136586,-0.638901,93.426949,17.944548,-0.036147,0.990232,0.088384,0.101601,-2.903915,114.276886,21.746613,0.060884,0.99685,0.010156,0.049806,-4.780329,134.848877,25.260555,0.111122,0.974743,-0.192776,-0.019106,-2.841648,149.303497,23.776838,-0.02649,0.929778,0.124378,0.345457,-8.218023,128.933685,24.138826,0.292372,-0.621957,0.005469,-0.726401,-21.506748,129.575012,12.789938,0.089441,0.13223,-0.456725,-0.875167,-15.888063,120.34713,-9.567272,0.208503,0.249947,-0.524514,-0.786726,-1.229438,142.369888,-5.560508,-0.029505,0.990595,0.110549,0.075032,-0.94625,129.332947,25.684443,0.318357,0.861419,0.146737,-0.367523,16.313513,130.065079,28.39801,-0.03582,0.115285,0.4657,-0.87667,29.403078,119.124138,10.355631,-0.019088,-0.196414,0.661508,-0.723508,16.152523,139.374344,6.212336,0.057513,0.937193,0.221063,0.263615,-8.336727,85.260239,13.341343,0.085832,0.989922,-0.04014,0.105248,-8.019633,52.800224,-2.774735,-0.053959,0.96619,0.046611,0.247778,-16.504324,6.089732,0.14589,-0.072175,0.948564,-0.107129,0.289035,8.163611,86.254066,22.211468,0.017094,0.906712,-0.198207,0.371881,10.881634,51.221539,31.089275,-0.035028,0.90458,0.019491,0.424416,2.395289,7.421979,47.580803,-0.053959,0.96619,0.046611,0.247778,-9.061917,1.698298,-12.521306,-0.035028,0.90458,0.019491,0.424416,13.666622,2.25912,38.556732
471,3.925,-0.032166,0.969231,0.019307,0.243279,-0.084829,85.757469,17.769749,-0.040568,0.985121,0.096106,0.13658,-0.636674,93.427315,17.937237,-0.036059,0.990239,0.08836,0.101585,-2.899753,114.276672,21.736713,0.060946,0.996848,0.010074,0.049774,-4.772324,134.849121,25.250059,0.111173,0.97473,-0.192808,-0.019155,-2.831868,149.303253,23.763971,-0.026287,0.929802,0.124374,0.34541,-8.211128,128.934509,24.128693,0.292318,-0.622015,0.005642,-0.726371,-21.501348,129.582169,12.781912,0.089471,0.132121,-0.456659,-0.875215,-15.886346,120.348885,-9.573992,0.208535,0.249888,-0.524514,-0.786736,-1.223034,142.369247,-5.572427,-0.029422,0.990616,0.110404,0.075006,-0.93921,129.33252,25.67395,0.318471,0.861396,0.146734,-0.367481,16.320858,130.062241,28.386223,-0.035714,0.115322,0.46574,-0.876648,29.408371,119.116463,10.345292,-0.01908,-0.196328,0.661592,-0.723455,16.160048,139.367416,6.198157,0.057513,0.937205,0.221039,0.263593,-8.335005,85.260719,13.33468,0.085798,0.989915,-0.040191,0.105317,-8.018766,52.799923,-2.779855,-0.054104,0.966205,0.046622,0.247682,-16.500977,6.089264,0.145317,-0.072192,0.948576,-0.107175,0.288972,8.165346,86.254219,22.204819,0.017143,0.906757,-0.198272,0.371734,10.884161,51.222588,31.085938,-0.034946,0.904585,0.019419,0.424414,2.394006,7.425636,47.582436,-0.054104,0.966205,0.046622,0.247682,-9.059566,1.699219,-12.522941,-0.034946,0.904585,0.019419,0.424414,13.664198,2.259876,38.558601
472,3.933333,-0.032149,0.969232,0.019324,0.243274,-0.083113,85.757629,17.761665,-0.040469,0.985127,0.096066,0.136595,-0.634753,93.427483,17.929468,-0.036046,0.990239,0.088331,0.101612,-2.893467,114.276909,21.727737,0.061222,0.996829,0.01012,0.049808,-4.765515,134.849609,25.239918,0.111104,0.974714,-0.192921,-0.019236,-2.817006,149.302856,23.755625,-0.026414,0.929782,0.124435,0.345432,-8.204464,128.935059,24.11867,0.29214,-0.622098,0.005711,-0.726371,-21.493938,129.579453,12.770828,0.089273,0.132005,-0.456628,-0.875269,-15.884121,120.347961,-9.587121,0.20832,0.249848,-0.524437,-0.786858,-1.217371,142.366669,-5.585545,-0.029377,0.990617,0.110414,0.07499,-0.932615,129.332886,25.664297,0.318628,0.861355,0.146752,-0.367434,16.327631,130.061096,28.375843,-0.035497,0.115301,0.465931,-0.876558,29.4119,119.109215,10.336261,-0.01869,-0.196404,0.661516,-0.723514,16.172846,139.363892,6.186202,0.057554,0.937186,0.221025,0.263663,-8.333353,85.261276,13.326672,0.085803,0.98991,-0.040267,0.10533,-8.018976,52.800377,-2.787694,-0.053878,0.966196,0.046657,0.24776,-16.502424,6.090373,0.144457,-0.072188,0.9486,-0.107305,0.288846,8.167128,86.25399,22.196659,0.017151,0.906753,-0.198259,0.371751,10.884025,51.224339,31.086182,-0.034864,0.904562,0.019448,0.42447,2.393312,7.426932,47.581196,-0.053878,0.966196,0.046657,0.24776,-9.061225,1.699545,-12.523657,-0.034864,0.904562,0.019448,0.42447,13.663903,2.260903,38.558014
473,3.941667,-0.032048,0.969223,0.019235,0.243331,-0.082854,85.758293,17.754469,-0.040465,0.985129,0.096049,0.136598,-0.632671,93.428299,17.921301,-0.035871,0.990256,0.088247,0.101582,-2.891439,114.280716,21.719398,0.061362,0.996822,0.010241,0.049749,-4.755769,134.854568,25.228945,0.1111,0.974679,-0.193088,-0.019377,-2.803586,149.307678,23.748259,-0.026317,0.929819,0.124436,0.345341,-8.196945,128.941086,24.108797,0.292177,-0.622175,0.005843,-0.72629,-21.4888,129.588211,12.763903,0.089346,0.131876,-0.456561,-0.875316,-15.883766,120.349716,-9.592348,0.208323,0.249744,-0.524392,-0.78692,-1.211962,142.366257,-5.597947,-0.029315,0.990611,0.110524,0.074939,-0.92482,129.336517,25.653744,0.318766,0.861328,0.146762,-0.367374,16.335819,130.0625,28.363377,-0.035333,0.115247,0.465933,-0.87657,29.417902,119.104897,10.325684,-0.018576,-0.196253,0.66167,-0.723417,16.178299,139.359024,6.174104,0.05754,0.937209,0.221047,0.263566,-8.332698,85.263397,13.318576,0.085792,0.98988,-0.040393,0.10557,-8.018574,52.803074,-2.796975,-0.053805,0.966202,0.046539,0.247774,-16.502987,6.093881,0.145148,-0.072185,0.948534,-0.107339,0.289051,8.166989,86.253189,22.190363,0.017067,0.906678,-0.198318,0.371904,10.881044,51.22403,31.082674,-0.03535,0.904631,0.019064,0.424299,2.392691,7.428598,47.584137,-0.053805,0.966202,0.046539,0.247774,-9.062301,1.699144,-12.521913,-0.03535,0.904631,0.019064,0.424299,13.66325,2.258694,38.563137
474,3.95,-0.031989,0.969223,0.0192,0.243343,-0.082642,85.758667,17.746756,-0.040382,0.98514,0.096011,0.136565,-0.631451,93.428749,17.913269,-0.035776,0.990265,0.08824,0.10153,-2.886327,114.281059,21.710201,0.061377,0.996827,0.010183,0.049649,-4.746485,134.85524,25.219959,0.111163,0.974659,-0.193139,-0.019508,-2.794112,149.308151,23.737375,-0.026302,0.929843,0.124384,0.345296,-8.188875,128.942413,24.100239,0.292014,-0.622276,0.005942,-0.726268,-21.481844,129.589157,12.756622,0.089276,0.131737,-0.456518,-0.875367,-15.883146,120.35067,-9.60123,0.208358,0.249677,-0.524288,-0.787001,-1.207422,142.364975,-5.61112,-0.029244,0.990623,0.110433,0.074931,-0.916487,129.336517,25.644293,0.31886,0.861273,0.146744,-0.367427,16.344341,130.060318,28.353327,-0.035173,0.11521,0.465973,-0.876561,29.421515,119.099594,10.313958,-0.018481,-0.196235,0.661886,-0.723227,16.182951,139.354736,6.160306,0.057526,0.937198,0.221036,0.263616,-8.332448,85.264679,13.310686,0.085782,0.989882,-0.040489,0.105522,-8.016733,52.803921,-2.803928,-0.053797,0.966232,0.046509,0.247666,-16.500967,6.09529,0.14769,-0.072213,0.948613,-0.107485,0.288731,8.167165,86.252655,22.182825,0.017181,0.906842,-0.19831,0.371503,10.882976,51.226051,31.084677,-0.035258,0.904661,0.019002,0.424246,2.39234,7.430673,47.585125,-0.053797,0.966232,0.046509,0.247666,-9.063178,1.699517,-12.520719,-0.035258,0.904661,0.019002,0.424246,13.660674,2.257961,38.562946
475,3.958333,-0.031924,0.969213,0.019126,0.243395,-0.081667,85.758606,17.73777,-0.040242,0.985144,0.095995,0.136588,-0.62924,93.428795,17.903393,-0.035814,0.990264,0.088214,0.101557,-2.878345,114.28299,21.700699,0.06131,0.996831,0.009968,0.0497,-4.740065,134.857254,25.209179,0.111245,0.974647,-0.193161,-0.019392,-2.789196,149.309723,23.720377,-0.026269,0.929877,0.124351,0.345217,-8.181998,128.944122,24.089577,0.292084,-0.622342,0.005891,-0.726184,-21.476921,129.591202,12.748281,0.089668,0.131789,-0.456577,-0.875288,-15.882238,120.351479,-9.610057,0.209237,0.249793,-0.524019,-0.78691,-1.210395,142.369232,-5.627951,-0.02909,0.990645,0.110275,0.074938,-0.909735,129.338791,25.634066,0.318927,0.861248,0.146309,-0.367601,16.351362,130.057648,28.342646,-0.035174,0.115268,0.466123,-0.876474,29.420057,119.087814,10.302682,-0.018341,-0.196271,0.662094,-0.72303,16.187378,139.349945,6.146829,0.057522,0.937201,0.220981,0.263653,-8.331068,85.265495,13.300854,0.085789,0.989864,-0.040555,0.105661,-8.015539,52.802914,-2.810104,-0.053699,0.966245,0.046485,0.247642,-16.501507,6.094909,0.146467,-0.072255,0.94866,-0.107606,0.288522,8.167733,86.251724,22.174686,0.017233,0.9069,-0.198353,0.371338,10.885833,51.227455,31.08502,-0.035056,0.904703,0.018994,0.424174,2.392292,7.433862,47.588684,-0.053699,0.966245,0.046485,0.247642,-9.065351,1.697612,-12.522362,-0.035056,0.904703,0.018994,0.424174,13.657146,2.258305,38.563797
476,3.966667,-0.031866,0.96921,0.019017,0.243424,-0.080393,85.756889,17.731089,-0.040193,0.985151,0.095957,0.136581,-0.626705,93.427208,17.89529,-0.03579,0.990276,0.088098,0.101543,-2.873789,114.284088,21.691736,0.061318,0.996831,0.010056,0.049661,-4.733993,134.859283,25.195578,0.111336,0.974618,-0.193247,-0.019465,-2.783131,149.311996,23.709251,-0.026182,0.929927,0.124346,0.345093,-8.176364,128.946121,24.07741,0.292102,-0.622392,0.005938,-0.726133,-21.474445,129.595367,12.739939,0.089728,0.131697,-0.456497,-0.875337,-15.882906,120.352676,-9.617959,0.209251,0.249687,-0.524069,-0.786907,-1.206301,142.367279,-5.641032,-0.029022,0.99064,0.110336,0.074937,-0.904035,129.340652,25.621622,0.318963,0.861252,0.146147,-0.367626,16.357208,130.057007,28.329935,-0.035151,0.115342,0.466131,-0.87646,29.423851,119.082771,10.291169,-0.018412,-0.19629,0.662131,-0.722989,16.192604,139.34465,6.131736,0.057526,0.937198,0.221001,0.263645,-8.329604,85.264336,13.293761,0.085805,0.989868,-0.040626,0.105585,-8.014118,52.802456,-2.818594,-0.05365,0.96624,0.046446,0.247679,-16.502028,6.095261,0.145103,-0.072168,0.948588,-0.107661,0.288758,8.168819,86.249451,22.168415,0.017128,0.906823,-0.19831,0.371554,10.877542,51.225136,31.081444,-0.035223,0.904648,0.018957,0.424279,2.390593,7.429603,47.583355,-0.05365,0.96624,0.046446,0.247679,-9.065465,1.696514,-12.522984,-0.035223,0.904648,0.018957,0.424279,13.659048,2.2553,38.562248
477,3.975,-0.031793,0.969214,0.019003,0.243417,-0.077796,85.755745,17.721888,-0.040224,0.985155,0.095937,0.136557,-0.622973,93.426132,17.886162,-0.035682,0.990287,0.088073,0.101499,-2.87134,114.284981,21.681961,0.061247,0.996843,0.009981,0.049537,-4.726828,134.860687,25.185335,0.111507,0.9746,-0.193226,-0.019601,-2.778347,149.313446,23.696465,-0.026156,0.929935,0.124252,0.345106,-8.170568,128.948212,24.067728,0.292048,-0.622439,0.006063,-0.726114,-21.468384,129.597229,12.729919,0.08973,0.131589,-0.456508,-0.875348,-15.879825,120.351013,-9.627274,0.209336,0.249607,-0.524072,-0.786907,-1.202233,142.365875,-5.655424,-0.028931,0.990654,0.110251,0.074916,-0.897987,129.341263,25.611147,0.319074,0.861204,0.146199,-0.367622,16.363556,130.054779,28.318357,-0.035009,0.115303,0.46625,-0.876408,29.426849,119.077515,10.278988,-0.018236,-0.19639,0.662113,-0.722983,16.201031,139.341766,6.118646,0.057578,0.9372,0.220975,0.263648,-8.327161,85.264442,13.284699,0.085754,0.989879,-0.040709,0.10549,-8.015628,52.802147,-2.826893,-0.053662,0.966252,0.046456,0.247628,-16.499327,6.094769,0.145949,-0.072117,0.948619,-0.107809,0.288615,8.171569,86.24704,22.159077,0.017116,0.906839,-0.198305,0.371517,10.874982,51.224495,31.08066,-0.035153,0.90465,0.019036,0.424276,2.389903,7.428709,47.582878,-0.053662,0.966252,0.046456,0.247628,-9.063952,1.696336,-12.522949,-0.035153,0.90465,0.019036,0.424276,13.657928,2.255577,38.560551
478,3.983333,-0.031717,0.969214,0.018903,0.243437,-0.077514,85.756142,17.71739,-0.040106,0.985169,0.095841,0.136555,-0.621188,93.426666,17.880444,-0.035694,0.99029,0.088035,0.101495,-2.863861,114.28521,21.672695,0.0613,0.99684,0.00996,0.049531,-4.719681,134.86116,25.174448,0.111513,0.974594,-0.193248,-0.019632,-2.769669,149.31366,23.685032,-0.025942,0.929994,0.124149,0.345,-8.163324,128.948547,24.05732,0.292089,-0.622451,0.006127,-0.726086,-21.464094,129.602768,12.723287,0.089522,0.131345,-0.456349,-0.875488,-15.876328,120.352791,-9.632545,0.208626,0.249172,-0.524452,-0.786981,-1.18753,142.361038,-5.665272,-0.028898,0.99066,0.110199,0.074922,-0.890747,129.341827,25.600683,0.319189,0.861148,0.146167,-0.367666,16.370831,130.054337,28.30792,-0.035032,0.115263,0.466343,-0.876363,29.428848,119.072762,10.267369,-0.018263,-0.196291,0.662256,-0.722878,16.206181,139.341049,6.109449,0.057616,0.937166,0.220965,0.263771,-8.326777,85.26577,13.279915,0.085734,0.989883,-0.04075,0.105458,-8.015913,52.803455,-2.831657,-0.053585,0.966272,0.046453,0.247568,-16.497984,6.096053,0.145523,-0.072121,0.94864,-0.107861,0.288523,8.171749,86.246506,22.154865,0.017127,0.906859,-0.19832,0.371461,10.875124,51.224827,31.079817,-0.034711,0.904633,0.019291,0.424337,2.389636,7.429668,47.583466,-0.053585,0.966272,0.046453,0.247568,-9.06492,1.696857,-12.524465,-0.034711,0.904633,0.019291,0.424337,13.655454,2.257546,38.557816
479,3.991667,-0.031662,0.969205,0.018874,0.243482,-0.078933,85.754349,17.710581,-0.040004,0.98518,0.095759,0.136568,-0.621688,93.424942,17.873384,-0.035652,0.990293,0.088014,0.101497,-2.859758,114.285339,21.662947,0.061351,0.996838,0.009888,0.049516,-4.713732,134.861572,25.164021,0.111543,0.97459,-0.193252,-0.019669,-2.762212,149.31366,23.672544,-0.025838,0.93002,0.124081,0.344962,-8.157908,128.949219,24.047096,0.292126,-0.622495,0.006126,-0.726034,-21.459791,129.605789,12.714497,0.089556,0.131252,-0.456327,-0.87551,-15.874725,120.354118,-9.641312,0.208593,0.249138,-0.524467,-0.78699,-1.183635,142.361526,-5.679059,-0.028949,0.990665,0.110226,0.074795,-0.88529,129.341919,25.590431,0.319269,0.861168,0.146062,-0.36759,16.376854,130.056595,28.293499,-0.035211,0.115463,0.466471,-0.876261,29.435135,119.068825,10.256908,-0.018507,-0.196297,0.661803,-0.723285,16.221233,139.340759,6.095456,0.057588,0.937159,0.220946,0.263817,-8.32786,85.26487,13.272376,0.085746,0.989868,-0.040817,0.105563,-8.014736,52.801735,-2.83751,-0.053485,0.966265,0.046508,0.247607,-16.498909,6.095057,0.144991,-0.072116,0.948578,-0.107843,0.288736,8.169993,86.243828,22.148787,0.017007,0.906796,-0.198423,0.371565,10.871467,51.221813,31.07304,-0.034757,0.904691,0.019235,0.424211,2.39078,7.430139,47.588428,-0.053485,0.966265,0.046508,0.247607,-9.065796,1.696641,-12.525241,-0.034757,0.904691,0.019235,0.424211,13.65433,2.257048,38.560497
480,4.0,-0.031648,0.969198,0.018832,0.243513,-0.077666,85.752899,17.704308,-0.039938,0.985184,0.095704,0.136595,-0.620054,93.423531,17.866526,-0.035535,0.990301,0.08795,0.101519,-2.85548,114.287567,21.65465,0.061396,0.996837,0.009934,0.049486,-4.704416,134.864624,25.153542,0.111518,0.974571,-0.193348,-0.01977,-2.75173,149.316696,23.663403,-0.025857,0.930068,0.124008,0.344858,-8.150037,128.953033,24.037148,0.292067,-0.622524,0.00621,-0.726032,-21.45439,129.60762,12.707335,0.089814,0.131269,-0.456484,-0.8754,-15.871169,120.354309,-9.648252,0.209407,0.249308,-0.524212,-0.78689,-1.188452,142.367569,-5.693187,-0.028841,0.990666,0.110325,0.074683,-0.877359,129.344055,25.58062,0.319501,0.861054,0.146591,-0.367445,16.385586,130.055176,28.279516,-0.035043,0.115237,0.466517,-0.876273,29.44179,119.067856,10.241146,-0.018581,-0.196299,0.661814,-0.723273,16.228163,139.339554,6.085871,0.057613,0.937127,0.220942,0.26393,-8.326324,85.263512,13.265594,0.085746,0.989873,-0.040896,0.105481,-8.01304,52.800446,-2.844432,-0.053498,0.966284,0.046519,0.247526,-16.497711,6.094378,0.146158,-0.072155,0.948625,-0.107981,0.28852,8.170992,86.242287,22.143021,0.017127,0.906881,-0.198379,0.371374,10.874174,51.222824,31.076761,-0.03463,0.904646,0.019328,0.424316,2.388205,7.429883,47.58606,-0.053498,0.966284,0.046519,0.247526,-9.066539,1.696271,-12.525322,-0.03463,0.904646,0.019328,0.424316,13.652923,2.257652,38.55909
481,4.008333,-0.031591,0.969198,0.018795,0.243523,-0.076498,85.75209,17.697855,-0.039895,0.985201,0.095653,0.136524,-0.617895,93.422798,17.859732,-0.035466,0.990319,0.087897,0.101414,-2.850857,114.286354,21.646,0.061367,0.996844,0.009812,0.049401,-4.69634,134.863998,25.143219,0.111553,0.97457,-0.19333,-0.0198,-2.744647,149.315826,23.649307,-0.025886,0.930041,0.124024,0.344923,-8.142977,128.952744,24.028173,0.291939,-0.622595,0.006288,-0.726022,-21.445698,129.606903,12.69642,0.089413,0.131061,-0.456372,-0.87553,-15.866888,120.353737,-9.660334,0.208669,0.248911,-0.524515,-0.78701,-1.174529,142.363007,-5.703381,-0.028677,0.990712,0.10996,0.074679,-0.869911,129.342987,25.570017,0.319467,0.861011,0.14651,-0.367609,16.393385,130.049438,28.267883,-0.035115,0.115149,0.466574,-0.876251,29.444677,119.064011,10.224804,-0.018557,-0.196403,0.662028,-0.72305,16.231737,139.339371,6.074893,0.057622,0.937118,0.220951,0.263951,-8.32513,85.26358,13.258997,0.085754,0.989877,-0.040949,0.105414,-8.011856,52.800896,-2.851787,-0.053522,0.966283,0.046432,0.247543,-16.497637,6.095374,0.144253,-0.072142,0.948614,-0.108039,0.288539,8.172133,86.240608,22.136715,0.017137,0.906927,-0.198403,0.371249,10.872986,51.221931,31.074238,-0.03455,0.904664,0.019301,0.424283,2.387588,7.429934,47.586334,-0.053522,0.966283,0.046432,0.247543,-9.065872,1.695011,-12.526094,-0.03455,0.904664,0.019301,0.424283,13.650754,2.255973,38.558422
482,4.016667,-0.03154,0.969195,0.01873,0.243549,-0.075352,85.75087,17.691288,-0.040098,0.985194,0.095734,0.136452,-0.615766,93.421669,17.852375,-0.035149,0.990354,0.087792,0.101273,-2.85775,114.286972,21.641499,0.061523,0.99684,0.009681,0.049305,-4.689173,134.866333,25.136053,0.111539,0.974542,-0.193474,-0.019869,-2.733119,149.317169,23.638361,-0.025892,0.929997,0.123864,0.345098,-8.139883,128.957062,24.023106,0.291931,-0.62261,0.006406,-0.726011,-21.438364,129.609863,12.686309,0.089404,0.130994,-0.456418,-0.875517,-15.8606,120.352463,-9.668938,0.208723,0.248815,-0.524585,-0.78698,-1.169506,142.363281,-5.71522,-0.028624,0.990733,0.109855,0.074572,-0.86606,129.342972,25.56245,0.319414,0.861021,0.146068,-0.367807,16.397896,130.048294,28.256344,-0.035309,0.11536,0.466463,-0.876275,29.443649,119.058311,10.21204,-0.019291,-0.196571,0.662306,-0.72273,16.226973,139.332504,6.056822,0.057642,0.93709,0.220947,0.264049,-8.323808,85.262985,13.252041,0.085749,0.989875,-0.041021,0.105413,-8.010303,52.800335,-2.858813,-0.05353,0.966289,0.046414,0.247521,-16.496281,6.09529,0.144108,-0.072074,0.948636,-0.108074,0.28847,8.173105,86.238762,22.130533,0.017028,0.906871,-0.198465,0.371357,10.869219,51.219929,31.068861,-0.03512,0.904734,0.018874,0.424107,2.38907,7.429892,47.588848,-0.05353,0.966289,0.046414,0.247521,-9.065029,1.694482,-12.526381,-0.03512,0.904734,0.018874,0.424107,13.652748,2.251991,38.563843
483,4.025,-0.031412,0.9692,0.018552,0.243558,-0.078541,85.747215,17.687115,-0.04,0.985209,0.09567,0.136423,-0.616382,93.418243,17.846016,-0.035063,0.990364,0.087767,0.101227,-2.854054,114.286995,21.633625,0.061533,0.996846,0.009545,0.049193,-4.681663,134.866791,25.127607,0.111581,0.974542,-0.193437,-0.020019,-2.725529,149.317184,23.62575,-0.025919,0.930009,0.123802,0.345088,-8.133481,128.958054,24.015253,0.292067,-0.622634,0.006233,-0.725937,-21.432171,129.609177,12.678599,0.089455,0.130978,-0.456393,-0.875527,-15.855787,120.353485,-9.67771,0.208675,0.248711,-0.524652,-0.78698,-1.163684,142.362991,-5.725972,-0.028606,0.990745,0.109821,0.074464,-0.859428,129.342819,25.553802,0.319513,0.860954,0.146145,-0.367848,16.405127,130.048019,28.243906,-0.035244,0.115238,0.4665,-0.876274,29.44623,119.05661,10.197112,-0.019338,-0.196616,0.662629,-0.72242,16.229952,139.331635,6.045774,0.057616,0.937037,0.220988,0.264208,-8.327065,85.260841,13.247828,0.08577,0.989873,-0.041066,0.1054,-8.00827,52.799286,-2.865119,-0.053226,0.966309,0.046456,0.247498,-16.496643,6.094942,0.141934,-0.072138,0.948639,-0.108115,0.28843,8.169983,86.233589,22.126402,0.017048,0.906856,-0.198431,0.371412,10.869984,51.216064,31.068691,-0.034716,0.904674,0.019281,0.424251,2.388303,7.424805,47.584644,-0.053226,0.966309,0.046456,0.247498,-9.069001,1.69278,-12.5302,-0.034716,0.904674,0.019281,0.424251,13.652402,2.252402,38.557007
484,4.033333,-0.03134,0.969196,0.018494,0.243586,-0.077674,85.747101,17.679951,-0.039465,0.98524,0.095481,0.136486,-0.614228,93.418221,17.838243,-0.035464,0.990333,0.087786,0.101372,-2.82739,114.278458,21.618885,0.061512,0.996845,0.009495,0.049248,-4.672194,134.856934,25.111601,0.111553,0.974568,-0.193312,-0.020092,-2.716433,149.307251,23.608376,-0.025709,0.930118,0.12394,0.344758,-8.119034,128.945496,23.998167,0.291967,-0.622678,0.006167,-0.72594,-21.426046,129.603592,12.671691,0.089338,0.13088,-0.456383,-0.875559,-15.852329,120.352722,-9.687276,0.208545,0.248674,-0.524733,-0.786973,-1.158506,142.361099,-5.737028,-0.028843,0.990727,0.109904,0.074487,-0.84584,129.335922,25.539341,0.319685,0.86085,0.146234,-0.367905,16.418123,130.048996,28.231159,-0.035089,0.11487,0.466747,-0.876197,29.451679,119.053902,10.181168,-0.018567,-0.196598,0.662646,-0.72243,16.242508,139.336349,6.042896,0.057587,0.937029,0.220959,0.264269,-8.326028,85.26178,13.240232,0.085817,0.989874,-0.041108,0.105335,-8.004828,52.799034,-2.870284,-0.053261,0.966312,0.046438,0.247484,-16.497782,6.095788,0.140805,-0.072131,0.948636,-0.108212,0.288405,8.17068,86.232414,22.119669,0.017054,0.906882,-0.198433,0.371348,10.868329,51.216328,31.068272,-0.034991,0.904691,0.018985,0.424205,2.387215,7.425192,47.584854,-0.053261,0.966312,0.046438,0.247484,-9.070166,1.693396,-12.531267,-0.034991,0.904691,0.018985,0.424205,13.651994,2.248595,38.560474
485,4.041667,-0.031312,0.969192,0.018441,0.243612,-0.077437,85.746063,17.673523,-0.039525,0.985234,0.095445,0.136537,-0.613372,93.417244,17.831121,-0.035264,0.990344,0.087696,0.10141,-2.829916,114.286087,21.611311,0.061592,0.996838,0.009592,0.049278,-4.666196,134.865814,25.101162,0.111572,0.974512,-0.193583,-0.020108,-2.708125,149.316101,23.600922,-0.02576,0.930104,0.12381,0.34484,-8.115479,128.955658,23.988375,0.292082,-0.622699,0.006307,-0.725875,-21.42042,129.610901,12.659306,0.089378,0.130855,-0.456395,-0.875553,-15.848069,120.351151,-9.696311,0.208393,0.248772,-0.524682,-0.787016,-1.154926,142.35939,-5.74845,-0.028679,0.990727,0.109977,0.07445,-0.84219,129.343246,25.529818,0.319761,0.860833,0.146414,-0.367807,16.422289,130.050629,28.219799,-0.034997,0.11484,0.466772,-0.876191,29.457008,119.05513,10.170891,-0.018551,-0.196616,0.662682,-0.722392,16.248846,139.337708,6.031932,0.057574,0.937049,0.220917,0.264235,-8.325585,85.261032,13.233392,0.085771,0.989871,-0.04117,0.105376,-8.004899,52.796829,-2.874188,-0.053314,0.96632,0.046413,0.247446,-16.494238,6.093299,0.142769,-0.072152,0.94864,-0.108287,0.288357,8.170712,86.231087,22.113653,0.017057,0.90688,-0.198446,0.371344,10.86866,51.2164,31.067654,-0.035247,0.904706,0.018843,0.424158,2.386919,7.425756,47.585209,-0.053314,0.96632,0.046413,0.247446,-9.067099,1.690605,-12.52947,-0.035247,0.904706,0.018843,0.424158,13.652772,2.248717,38.562428
486,4.05,-0.031324,0.969199,0.01827,0.243595,-0.073265,85.748085,17.673517,-0.03983,0.985233,0.095389,0.13649,-0.608743,93.41935,17.828531,-0.034859,0.990375,0.087645,0.10129,-2.837664,114.288155,21.604771,0.061597,0.996844,0.009463,0.049178,-4.65654,134.869446,25.094479,0.111579,0.974486,-0.193704,-0.020134,-2.698504,149.319336,23.590279,-0.025846,0.930031,0.123815,0.345027,-8.110855,128.962006,23.982965,0.292152,-0.622748,0.006371,-0.725804,-21.411137,129.615387,12.648312,0.08941,0.130892,-0.456409,-0.875536,-15.841867,120.350456,-9.705936,0.208464,0.248742,-0.524698,-0.786996,-1.149678,142.359787,-5.757207,-0.028599,0.990735,0.10999,0.074359,-0.836781,129.343872,25.522142,0.319843,0.860766,0.14672,-0.36777,16.428335,130.048782,28.20871,-0.034756,0.11462,0.466767,-0.876232,29.461788,119.056114,10.157146,-0.018362,-0.196727,0.662981,-0.722093,16.251179,139.337265,6.021981,0.057615,0.937031,0.220975,0.26424,-8.321556,85.262039,13.23376,0.085814,0.989907,-0.041164,0.105004,-8.002421,52.800041,-2.878294,-0.053136,0.966323,0.046391,0.247477,-16.494629,6.097183,0.140933,-0.072051,0.948608,-0.108251,0.288503,8.175027,86.234123,22.113276,0.016964,0.90683,-0.198479,0.371453,10.865417,51.217819,31.063217,-0.035049,0.904707,0.018867,0.424171,2.388524,7.428119,47.585773,-0.053136,0.966323,0.046391,0.247477,-9.068502,1.692434,-12.53119,-0.035049,0.904707,0.018867,0.424171,13.652748,2.249183,38.562035
487,4.058333,-0.031283,0.969204,0.018188,0.243585,-0.071448,85.747551,17.667917,-0.03982,0.98524,0.095342,0.136479,-0.606011,93.4189,17.821871,-0.034759,0.990384,0.087617,0.101269,-2.834136,114.28772,21.596163,0.061557,0.996851,0.009401,0.049102,-4.648677,134.869507,25.085199,0.111673,0.974465,-0.193745,-0.020224,-2.691984,149.319382,23.578987,-0.025754,0.93,0.123578,0.345202,-8.104242,128.962723,23.974117,0.292026,-0.62284,0.006548,-0.725774,-21.400467,129.617035,12.634757,0.089301,0.130895,-0.456413,-0.875545,-15.837013,120.348289,-9.719361,0.208527,0.248694,-0.524683,-0.787005,-1.143836,142.359085,-5.767483,-0.028517,0.990755,0.109859,0.074306,-0.83,129.343185,25.512844,0.319912,0.860726,0.146855,-0.367751,16.435556,130.045837,28.197184,-0.034709,0.11461,0.466804,-0.876216,29.467535,119.053223,10.144538,-0.018442,-0.196762,0.662975,-0.722087,16.258698,139.335052,6.008907,0.057559,0.937059,0.22094,0.264183,-8.319876,85.261871,13.228374,0.085823,0.989855,-0.041251,0.105455,-7.998598,52.798306,-2.880479,-0.053217,0.966328,0.046326,0.247451,-16.49391,6.09628,0.142925,-0.072031,0.948609,-0.108307,0.288482,8.176979,86.233231,22.107458,0.016918,0.906778,-0.198476,0.371584,10.865047,51.217606,31.060759,-0.03461,0.904663,0.019136,0.424288,2.389831,7.427636,47.583458,-0.053217,0.966328,0.046326,0.247451,-9.067724,1.690333,-12.528748,-0.03461,0.904663,0.019136,0.424288,13.653048,2.250153,38.557632
488,4.066667,-0.031211,0.969221,0.018117,0.243534,-0.070645,85.746025,17.661549,-0.039793,0.985251,0.095249,0.136469,-0.60385,93.417488,17.814734,-0.03469,0.990387,0.087618,0.101262,-2.830026,114.284561,21.584888,0.061568,0.996852,0.009349,0.049069,-4.641666,134.866547,25.07428,0.111673,0.974456,-0.193785,-0.020275,-2.68471,149.316223,23.566494,-0.025663,0.930018,0.123601,0.345153,-8.098067,128.960236,23.963196,0.292078,-0.622822,0.006552,-0.725769,-21.395651,129.617554,12.625596,0.089333,0.130893,-0.456428,-0.875534,-15.831038,120.347343,-9.727639,0.20855,0.248636,-0.52474,-0.786978,-1.138541,142.358795,-5.77676,-0.028484,0.990755,0.109883,0.074291,-0.823732,129.339691,25.501743,0.320026,0.860658,0.146957,-0.36777,16.441975,130.041199,28.185446,-0.034636,0.114586,0.4669,-0.87617,29.469643,119.046768,10.130772,-0.018503,-0.19686,0.663022,-0.722015,16.264856,139.331436,5.994911,0.057501,0.93708,0.22092,0.264139,-8.319625,85.261307,13.222921,0.085866,0.989849,-0.041286,0.105455,-7.995586,52.796616,-2.883612,-0.053123,0.966317,0.04632,0.247514,-16.49523,6.095567,0.142667,-0.072021,0.948596,-0.108382,0.2885,8.178337,86.230743,22.100174,0.01693,0.906819,-0.198481,0.371481,10.863939,51.216171,31.058363,-0.035037,0.904699,0.018808,0.424192,2.389466,7.426429,47.582035,-0.053123,0.966317,0.04632,0.247514,-9.068378,1.688734,-12.528316,-0.035037,0.904699,0.018808,0.424192,13.653764,2.245841,38.55933
489,4.075,-0.031158,0.969225,0.017998,0.243532,-0.069012,85.745033,17.656273,-0.039767,0.985253,0.095244,0.136468,-0.600989,93.416611,17.80789,-0.034634,0.990396,0.087532,0.101263,-2.826149,114.28479,21.57815,0.061412,0.996866,0.009123,0.049035,-4.635103,134.867569,25.064251,0.111872,0.974444,-0.193738,-0.020239,-2.682483,149.317108,23.549622,-0.025741,0.930067,0.123219,0.345153,-8.092275,128.961533,23.954136,0.292086,-0.622798,0.006465,-0.725787,-21.389702,129.611664,12.615945,0.089312,0.130903,-0.456432,-0.875533,-15.823586,120.34465,-9.738228,0.208497,0.248624,-0.524693,-0.787028,-1.131049,142.35675,-5.786311,-0.028443,0.990765,0.109821,0.074266,-0.817883,129.340286,25.492579,0.320081,0.860652,0.146745,-0.367821,16.448029,130.040619,28.175232,-0.034714,0.114753,0.467014,-0.876085,29.472101,119.040466,10.121467,-0.018555,-0.196691,0.663079,-0.722008,16.274323,139.328888,5.980889,0.057478,0.937077,0.220917,0.264157,-8.318072,85.260735,13.217753,0.085878,0.989895,-0.041277,0.105024,-7.992226,52.795731,-2.888131,-0.053147,0.966327,0.046271,0.247482,-16.491598,6.094808,0.140882,-0.07197,0.948604,-0.108434,0.288465,8.180048,86.229332,22.094791,0.016873,0.906772,-0.19847,0.371604,10.86133,51.215042,31.055351,-0.035131,0.904674,0.018731,0.424241,2.389862,7.424718,47.579037,-0.053147,0.966327,0.046271,0.247482,-9.065371,1.68676,-12.530038,-0.035131,0.904674,0.018731,0.424241,13.655763,2.243354,38.558792
490,4.083333,-0.031111,0.969229,0.017953,0.243525,-0.067257,85.743317,17.650023,-0.039728,0.985259,0.095225,0.136451,-0.59837,93.41497,17.801142,-0.034605,0.990408,0.087423,0.101246,-2.821945,114.285805,21.571306,0.061428,0.996866,0.009144,0.049008,-4.629234,134.869461,25.053099,0.111933,0.974424,-0.193799,-0.020286,-2.676267,149.319,23.539043,-0.025694,0.930081,0.123197,0.345126,-8.086887,128.96344,23.944347,0.292119,-0.622795,0.006543,-0.725776,-21.385059,129.6147,12.607095,0.089344,0.13088,-0.456429,-0.875535,-15.818791,120.343925,-9.745481,0.208474,0.248632,-0.524695,-0.78703,-1.125881,142.355911,-5.795395,-0.028302,0.990789,0.109663,0.074228,-0.812417,129.34198,25.482479,0.320115,0.86064,0.14679,-0.367801,16.453972,130.03801,28.163185,-0.034521,0.114559,0.467015,-0.876117,29.477674,119.03727,10.109501,-0.018238,-0.196822,0.663471,-0.72162,16.27746,139.325455,5.97255,0.05748,0.937108,0.220846,0.264107,-8.316435,85.259651,13.21165,0.085855,0.989901,-0.041286,0.104982,-7.992987,52.792412,-2.889758,-0.053206,0.966327,0.046332,0.247459,-16.490108,6.091168,0.140643,-0.071958,0.948598,-0.108483,0.288471,8.181921,86.22699,22.088396,0.016851,0.906763,-0.1985,0.371611,10.861312,51.213352,31.052101,-0.034683,0.904629,0.019032,0.424361,2.390587,7.424078,47.578945,-0.053206,0.966327,0.046332,0.247459,-9.06383,1.685286,-12.531,-0.034683,0.904629,0.019032,0.424361,13.655567,2.244885,38.556297
491,4.091667,-0.031089,0.969242,0.017878,0.243483,-0.064598,85.744881,17.646677,-0.039726,0.98527,0.095143,0.136429,-0.595089,93.416588,17.796793,-0.034577,0.990417,0.087358,0.101227,-2.817827,114.286209,21.563292,0.061492,0.996863,0.009141,0.048989,-4.623596,134.870422,25.042534,0.11191,0.974418,-0.193834,-0.020333,-2.66885,149.319733,23.528433,-0.025565,0.930095,0.123177,0.345103,-8.08169,128.964508,23.934673,0.292223,-0.62282,0.006557,-0.725712,-21.380636,129.619583,12.598554,0.089392,0.130867,-0.456358,-0.875569,-15.815958,120.344757,-9.752739,0.208346,0.2486,-0.524718,-0.787058,-1.119177,142.354828,-5.803785,-0.028272,0.990795,0.109612,0.074236,-0.807133,129.342743,25.472462,0.320207,0.860611,0.146867,-0.367759,16.459272,130.037857,28.153286,-0.034362,0.114501,0.467068,-0.876103,29.48159,119.034744,10.100063,-0.018112,-0.196925,0.663573,-0.7215,16.28372,139.323013,5.962315,0.057438,0.937115,0.220872,0.264067,-8.314185,85.261261,13.209062,0.08591,0.98991,-0.041329,0.104835,-7.988061,52.794479,-2.893217,-0.053072,0.966341,0.046294,0.247439,-16.490292,6.094477,0.141896,-0.071939,0.948574,-0.108504,0.288547,8.18499,86.2285,22.084291,0.016824,0.90673,-0.198542,0.371669,10.861915,51.215004,31.049248,-0.035097,0.904677,0.018631,0.42424,2.390911,7.427245,47.579964,-0.053072,0.966341,0.046294,0.247439,-9.065908,1.686423,-12.5301,-0.035097,0.904677,0.018631,0.42424,13.656065,2.242856,38.56052
492,4.1,-0.031051,0.969248,0.017817,0.24347,-0.063235,85.74501,17.64255,-0.039656,0.985281,0.095067,0.136421,-0.592937,93.416794,17.791904,-0.034532,0.990422,0.087322,0.101221,-2.812314,114.287567,21.555704,0.061584,0.996857,0.00904,0.049011,-4.616047,134.872177,25.033688,0.11184,0.974418,-0.19388,-0.020314,-2.658452,149.320801,23.516842,-0.025563,0.930112,0.123135,0.345075,-8.074726,128.966522,23.926264,0.292213,-0.622859,0.006578,-0.725682,-21.374365,129.621048,12.590925,0.089362,0.130829,-0.456312,-0.875601,-15.812122,120.345184,-9.760541,0.20824,0.248571,-0.524636,-0.78715,-1.112992,142.352921,-5.812314,-0.028219,0.990807,0.109524,0.074233,-0.800107,129.344162,25.463894,0.320336,0.860554,0.14699,-0.367732,16.466417,130.037674,28.14436,-0.034239,0.114506,0.467156,-0.87606,29.485619,119.032013,10.090441,-0.018094,-0.196948,0.663465,-0.721594,16.292356,139.321594,5.950205,0.057407,0.937141,0.220819,0.264029,-8.312987,85.261795,13.205203,0.085909,0.989907,-0.041332,0.104859,-7.986535,52.793068,-2.893142,-0.053044,0.966343,0.046311,0.247433,-16.4888,6.093079,0.142074,-0.071921,0.948582,-0.108608,0.288486,8.186517,86.228233,22.079897,0.01683,0.906736,-0.198471,0.371693,10.86055,51.21619,31.051397,-0.035076,0.90463,0.01868,0.424341,2.391159,7.425752,47.575825,-0.053044,0.966343,0.046311,0.247433,-9.064843,1.68526,-12.530251,-0.035076,0.90463,0.01868,0.424341,13.658297,2.242449,38.558243
493,4.108333,-0.031103,0.969257,0.017899,0.243418,-0.056272,85.744583,17.634218,-0.039592,0.985294,0.095066,0.136346,-0.587047,93.416267,17.784634,-0.034626,0.990439,0.087164,0.10116,-2.80317,114.284531,21.54845,0.06161,0.996858,0.009038,0.048946,-4.609943,134.87001,25.019629,0.111858,0.974424,-0.193826,-0.020408,-2.651814,149.318558,23.502617,-0.025481,0.930136,0.123218,0.344986,-8.06776,128.963425,23.914537,0.292191,-0.62286,0.006573,-0.72569,-21.369696,129.621216,12.582079,0.089365,0.130843,-0.456282,-0.875614,-15.807486,120.346214,-9.769754,0.20823,0.248615,-0.524591,-0.787169,-1.107822,142.351883,-5.820887,-0.028311,0.990808,0.109499,0.074216,-0.793054,129.342773,25.451342,0.320441,0.860532,0.147031,-0.367673,16.473379,130.039597,28.131533,-0.034131,0.114365,0.467148,-0.876087,29.491373,119.030106,10.079074,-0.018016,-0.196989,0.663599,-0.721462,16.29578,139.319687,5.942158,0.057506,0.937146,0.220782,0.264017,-8.306435,85.260773,13.197698,0.08583,0.989905,-0.041417,0.104905,-7.987592,52.791698,-2.900097,-0.053095,0.966366,0.046355,0.247324,-16.483431,6.091082,0.143598,-0.071847,0.94855,-0.108703,0.288575,8.193891,86.228394,22.07074,0.016747,0.90664,-0.198484,0.371924,10.859932,51.21706,31.047398,-0.034761,0.904597,0.018883,0.424428,2.393024,7.42684,47.573696,-0.053095,0.966366,0.046355,0.247324,-9.061703,1.684799,-12.53057,-0.034761,0.904597,0.018883,0.424428,13.659538,2.244833,38.554585
494,4.116667,-0.031232,0.969259,0.01795,0.24339,-0.045116,85.7407,17.628277,-0.039806,0.985299,0.094971,0.136317,-0.577989,93.412231,17.778988,-0.034342,0.990462,0.087099,0.101087,-2.803056,114.286514,21.538731,0.061517,0.996868,0.009164,0.048838,-4.597528,134.873306,25.008595,0.111844,0.974394,-0.193976,-0.020504,-2.642605,149.322632,23.494873,-0.025508,0.930189,0.123135,0.34487,-8.058897,128.968567,23.904654,0.292232,-0.622918,0.006596,-0.725624,-21.363581,129.623932,12.575279,0.089428,0.130797,-0.456226,-0.875644,-15.804958,120.346031,-9.776243,0.208264,0.248566,-0.524599,-0.78717,-1.10171,142.350342,-5.830539,-0.028235,0.990807,0.109477,0.074291,-0.783678,129.343948,25.440014,0.320556,0.860462,0.147276,-0.367639,16.482521,130.037933,28.122498,-0.034119,0.114419,0.467189,-0.876059,29.49811,119.02887,10.06804,-0.018262,-0.196847,0.663472,-0.721611,16.306059,139.317978,5.929076,0.057611,0.937155,0.220815,0.263934,-8.29539,85.254776,13.192188,0.085873,0.989854,-0.041558,0.105298,-7.984435,52.787651,-2.909686,-0.05325,0.966326,0.046302,0.247455,-16.486862,6.088856,0.14345,-0.071713,0.948546,-0.108837,0.288571,8.205157,86.226616,22.064363,0.016721,0.906652,-0.198483,0.371897,10.859258,51.216007,31.047365,-0.034652,0.904602,0.018985,0.424423,2.395082,7.42569,47.574799,-0.05325,0.966326,0.046302,0.247455,-9.060279,1.682495,-12.527845,-0.034652,0.904602,0.018985,0.424423,13.660797,2.244933,38.553967
495,4.125,-0.031203,0.969273,0.017886,0.243346,-0.04112,85.739464,17.622398,-0.039816,0.985298,0.094983,0.136315,-0.573322,93.411057,17.772287,-0.034256,0.990473,0.086999,0.101098,-2.799039,114.286804,21.532742,0.061649,0.996859,0.009129,0.048863,-4.589592,134.874557,24.998859,0.111694,0.974396,-0.194051,-0.02053,-2.630711,149.323257,23.484367,-0.025532,0.930185,0.12312,0.344885,-8.052085,128.970306,23.895948,0.292086,-0.622964,0.006815,-0.725641,-21.35638,129.624771,12.566057,0.089377,0.130722,-0.456241,-0.875653,-15.800756,120.342804,-9.78453,0.208339,0.248577,-0.524419,-0.787267,-1.096825,142.347794,-5.841,-0.028205,0.990825,0.109398,0.074184,-0.776808,129.344543,25.431316,0.320661,0.860435,0.147347,-0.367583,16.490005,130.038116,28.109955,-0.034031,0.114436,0.46723,-0.876038,29.504295,119.025871,10.056496,-0.018345,-0.196936,0.663373,-0.721676,16.314306,139.31572,5.914972,0.057575,0.937159,0.220829,0.26392,-8.291828,85.253746,13.187096,0.085895,0.989864,-0.041611,0.105164,-7.978418,52.786743,-2.914979,-0.053159,0.966348,0.046323,0.247385,-16.482977,6.088725,0.144054,-0.071682,0.948545,-0.108889,0.288562,8.209588,86.225182,22.057703,0.016702,0.906617,-0.198498,0.371976,10.860464,51.215065,31.043577,-0.034765,0.90459,0.018901,0.424443,2.395976,7.425237,47.572151,-0.053159,0.966348,0.046323,0.247385,-9.059069,1.682132,-12.528734,-0.034765,0.90459,0.018901,0.424443,13.662892,2.24376,38.55323
496,4.133333,-0.031193,0.969283,0.017743,0.243315,-0.036011,85.739143,17.619225,-0.039883,0.985309,0.094914,0.136261,-0.567526,93.410828,17.767031,-0.034227,0.990486,0.086948,0.101026,-2.795372,114.285896,21.524164,0.061803,0.99685,0.009194,0.04884,-4.584225,134.874115,24.988438,0.111671,0.974377,-0.194154,-0.020573,-2.621069,149.322464,23.475998,-0.025447,0.930217,0.123096,0.344814,-8.047218,128.969925,23.886639,0.292172,-0.622945,0.00686,-0.725623,-21.353348,129.626541,12.559041,0.08951,0.130685,-0.456206,-0.875663,-15.79656,120.340584,-9.789583,0.208433,0.248512,-0.524497,-0.78721,-1.090164,142.345352,-5.850752,-0.028081,0.990859,0.109158,0.074119,-0.771699,129.343933,25.420908,0.32057,0.860492,0.146968,-0.36768,16.495687,130.034088,28.096676,-0.034343,0.114559,0.467325,-0.875959,29.509315,119.018616,10.044725,-0.018382,-0.19692,0.663227,-0.721813,16.324242,139.314026,5.905393,0.057604,0.937158,0.220816,0.263926,-8.287011,85.25293,13.184526,0.085881,0.989869,-0.041638,0.105123,-7.975671,52.785755,-2.917242,-0.053185,0.966372,0.046301,0.247293,-16.47909,6.087727,0.144806,-0.071602,0.948575,-0.108912,0.288473,8.21499,86.225357,22.053925,0.01667,0.906582,-0.198528,0.372046,10.860774,51.214779,31.039497,-0.034854,0.904584,0.018789,0.424452,2.396718,7.42597,47.57098,-0.053185,0.966372,0.046301,0.247293,-9.05734,1.680614,-12.529058,-0.034854,0.904584,0.018789,0.424452,13.664261,2.242724,38.553871
497,4.141667,-0.031217,0.969288,0.017763,0.243291,-0.033734,85.737648,17.613792,-0.039855,0.985323,0.094822,0.136233,-0.565676,93.409302,17.761818,-0.034193,0.990493,0.086917,0.100994,-2.791705,114.28524,21.515326,0.06161,0.996865,0.00893,0.048838,-4.578939,134.873779,24.978525,0.111806,0.974384,-0.194058,-0.020424,-2.621028,149.322006,23.458149,-0.025423,0.930219,0.123086,0.344815,-8.042405,128.969772,23.87731,0.292364,-0.62298,0.006716,-0.725516,-21.348568,129.627045,12.54979,0.089666,0.13074,-0.456144,-0.875671,-15.793901,120.339859,-9.798856,0.208476,0.248521,-0.52444,-0.787234,-1.085973,142.342072,-5.861128,-0.028046,0.990873,0.10904,0.074122,-0.766755,129.343369,25.411051,0.320727,0.860416,0.146856,-0.367766,16.500687,130.032623,28.08672,-0.034445,0.114652,0.467509,-0.875844,29.506165,119.010231,10.033109,-0.018575,-0.196852,0.663131,-0.721916,16.330847,139.31134,5.893144,0.057577,0.937161,0.220844,0.263896,-8.284925,85.251083,13.179484,0.085897,0.989841,-0.041742,0.105326,-7.971721,52.784599,-2.92363,-0.053073,0.966387,0.046388,0.247241,-16.478294,6.087661,0.146305,-0.071583,0.94855,-0.108956,0.288544,8.217457,86.224213,22.048101,0.016636,0.906552,-0.198603,0.37208,10.860338,51.214142,31.036499,-0.034706,0.904616,0.018864,0.424394,2.396003,7.428053,47.575069,-0.053073,0.966387,0.046388,0.247241,-9.058901,1.682048,-12.529463,-0.034706,0.904616,0.018864,0.424394,13.66121,2.244812,38.555035
498,4.15,-0.030987,0.969298,0.017531,0.243299,-0.044033,85.743225,17.610624,-0.039639,0.985338,0.094769,0.13622,-0.571689,93.415222,17.756056,-0.034142,0.990498,0.086901,0.100981,-2.787522,114.284943,21.507368,0.061623,0.996868,0.008928,0.048749,-4.572525,134.873749,24.97016,0.111874,0.974369,-0.194078,-0.020581,-2.614539,149.32193,23.449543,-0.02544,0.930245,0.123065,0.344749,-8.036635,128.970062,23.869192,0.292334,-0.623019,0.006703,-0.725495,-21.344355,129.626205,12.543425,0.089591,0.13064,-0.456115,-0.875709,-15.792051,120.339821,-9.806156,0.208327,0.248409,-0.524476,-0.787285,-1.081181,142.34079,-5.870852,-0.028019,0.990878,0.10905,0.074048,-0.760893,129.342941,25.402683,0.320751,0.860405,0.146829,-0.367783,16.506989,130.031525,28.07571,-0.034408,0.114613,0.467563,-0.875822,29.511112,119.007942,10.021849,-0.01849,-0.196972,0.663208,-0.721814,16.337639,139.310867,5.882895,0.057476,0.937101,0.220763,0.264201,-8.295426,85.259781,13.176348,0.085862,0.989874,-0.041676,0.10507,-7.971786,52.789848,-2.919635,-0.053031,0.96641,0.046293,0.247178,-16.473648,6.091809,0.14661,-0.071522,0.948484,-0.109246,0.288665,8.20736,86.226669,22.044901,0.016772,0.906401,-0.198862,0.372304,10.838701,51.220543,31.052034,-0.03504,0.904674,0.018425,0.424261,2.349441,7.444704,47.604935,-0.053031,0.96641,0.046293,0.247178,-9.056414,1.683088,-12.529344,-0.03504,0.904674,0.018425,0.424261,13.613629,2.254273,38.587765
499,4.158333,-0.030982,0.969291,0.017554,0.243325,-0.04138,85.742805,17.604536,-0.039596,0.985342,0.094752,0.13622,-0.569054,93.414795,17.750311,-0.034129,0.990505,0.086829,0.100977,-2.783003,114.284882,21.50115,0.061824,0.996855,0.008969,0.048749,-4.567132,134.874252,24.961025,0.111769,0.974356,-0.194191,-0.020678,-2.603396,149.321808,23.441885,-0.025428,0.930183,0.123195,0.344872,-8.031493,128.970566,23.860926,0.292376,-0.62306,0.006789,-0.725442,-21.336273,129.629242,12.531858,0.089623,0.130688,-0.456127,-0.875692,-15.786573,120.337929,-9.81631,0.208435,0.248397,-0.524569,-0.787198,-1.076604,142.340134,-5.879585,-0.027948,0.990895,0.108955,0.073986,-0.755725,129.343353,25.394306,0.320794,0.86038,0.146898,-0.367775,16.512615,130.029984,28.064833,-0.034334,0.114548,0.467579,-0.875825,29.515625,119.006134,10.010338,-0.018399,-0.196943,0.663356,-0.721688,16.342035,139.309479,5.872458,0.057443,0.937094,0.220769,0.264228,-8.292533,85.25956,13.169792,0.085935,0.989844,-0.041774,0.105253,-7.966051,52.789543,-2.925947,-0.05305,0.96639,0.046276,0.247255,-16.47621,6.093463,0.14717,-0.071777,0.948493,-0.108917,0.288696,8.209772,86.226051,22.03928,0.016647,0.906382,-0.198707,0.372437,10.86532,51.217373,31.029379,-0.034655,0.904535,0.018785,0.424574,2.389807,7.435259,47.572731,-0.05305,0.96639,0.046276,0.247255,-9.056832,1.684506,-12.527445,-0.034655,0.904535,0.018785,0.424574,13.657761,2.249457,38.557606
500,4.166667,-0.030951,0.969293,0.017446,0.24333,-0.040095,85.743233,17.600193,-0.039564,0.985352,0.094705,0.136191,-0.566889,93.415306,17.744465,-0.034069,0.990515,0.086787,0.100933,-2.778962,114.28437,21.493347,0.061806,0.996859,0.008836,0.048732,-4.560278,134.874207,24.951853,0.111767,0.974358,-0.194186,-0.020644,-2.596965,149.321411,23.428785,-0.025308,0.930212,0.122914,0.344901,-8.025456,128.970856,23.852531,0.292372,-0.623115,0.006845,-0.725396,-21.329748,129.630188,12.522924,0.089598,0.130601,-0.456116,-0.875713,-15.783468,120.336174,-9.824978,0.208358,0.248366,-0.524641,-0.78718,-1.071753,142.337753,-5.891576,-0.027926,0.9909,0.108946,0.073947,-0.749494,129.342896,25.38518,0.320868,0.860344,0.146918,-0.367787,16.519091,130.028931,28.054296,-0.034245,0.114505,0.467709,-0.875765,29.519325,119.002953,9.9991,-0.018166,-0.196981,0.663468,-0.72158,16.351698,139.309219,5.86169,0.057469,0.937064,0.220735,0.264357,-8.291245,85.260071,13.165432,0.085888,0.989845,-0.041831,0.105265,-7.964982,52.789188,-2.928574,-0.053139,0.966404,0.046278,0.24718,-16.471336,6.092799,0.150299,-0.071758,0.94849,-0.108947,0.288702,8.211055,86.226395,22.034952,0.016613,0.906338,-0.198697,0.372551,10.864607,51.217987,31.026722,-0.034699,0.904477,0.018794,0.424693,2.390343,7.435402,47.569489,-0.053139,0.966404,0.046278,0.24718,-9.052985,1.684528,-12.525156,-0.034699,0.904477,0.018794,0.424693,13.661152,2.250492,38.557411
501,4.175,-0.030896,0.969285,0.017368,0.243374,-0.038541,85.741302,17.594814,-0.039499,0.985359,0.09468,0.136173,-0.564235,93.413475,17.738119,-0.034104,0.990522,0.086729,0.100902,-2.773711,114.286064,21.486927,0.061854,0.996859,0.008806,0.048664,-4.556147,134.876221,24.942942,0.111816,0.974337,-0.194249,-0.020768,-2.591649,149.323166,23.418934,-0.025381,0.930176,0.122946,0.344981,-8.02101,128.972504,23.844543,0.292454,-0.623152,0.00684,-0.725331,-21.323242,129.630203,12.512424,0.089658,0.130615,-0.45617,-0.875677,-15.779296,120.333313,-9.83486,0.20854,0.24827,-0.524624,-0.787174,-1.070319,142.337204,-5.902744,-0.027865,0.99091,0.108951,0.073824,-0.744991,129.3452,25.376764,0.320957,0.860322,0.14677,-0.367821,16.524349,130.029587,28.041416,-0.034256,0.114528,0.46782,-0.875702,29.520523,118.997719,9.986897,-0.018118,-0.196933,0.663629,-0.721447,16.358139,139.307541,5.849289,0.057459,0.937038,0.220754,0.264437,-8.289346,85.258812,13.159341,0.08591,0.989832,-0.041923,0.10533,-7.960675,52.788429,-2.935621,-0.053,0.966406,0.046266,0.247206,-16.470203,6.093139,0.151143,-0.071771,0.948445,-0.108959,0.28884,8.212264,86.223801,22.030289,0.016598,0.90628,-0.198706,0.372689,10.865115,51.215714,31.023497,-0.035191,0.90447,0.018528,0.424678,2.389315,7.433405,47.566189,-0.053,0.966406,0.046266,0.247206,-9.052591,1.683436,-12.524247,-0.035191,0.90447,0.018528,0.424678,13.663715,2.247887,38.558956
502,4.183333,-0.030829,0.969292,0.0173,0.243358,-0.037558,85.739479,17.589098,-0.039436,0.985372,0.094612,0.136146,-0.562007,93.411751,17.731647,-0.034052,0.99053,0.086699,0.100869,-2.768377,114.285217,21.478102,0.061858,0.99686,0.008735,0.048665,-4.548405,134.875748,24.933172,0.111722,0.97433,-0.194344,-0.020742,-2.583694,149.322449,23.407101,-0.025431,0.930226,0.122838,0.344881,-8.013966,128.972336,23.835342,0.292468,-0.623172,0.006846,-0.725308,-21.318514,129.626633,12.505749,0.089684,0.130524,-0.456207,-0.875668,-15.775792,120.328819,-9.841448,0.208648,0.24813,-0.524721,-0.787125,-1.067175,142.334274,-5.914445,-0.027901,0.990909,0.109022,0.073729,-0.737795,129.344345,25.366997,0.321066,0.860275,0.146707,-0.367859,16.531965,130.030167,28.028542,-0.034239,0.114519,0.467881,-0.875671,29.523256,118.9935,9.973444,-0.018192,-0.196911,0.663692,-0.721393,16.363195,139.30574,5.835986,0.057411,0.937008,0.220819,0.264499,-8.288588,85.257874,13.15395,0.085949,0.989836,-0.042034,0.105214,-7.954325,52.789192,-2.944317,-0.053024,0.96644,0.046172,0.247083,-16.468153,6.095418,0.153434,-0.071786,0.948443,-0.108918,0.28886,8.213472,86.221085,22.024246,0.016595,0.906266,-0.198787,0.372679,10.868046,51.212513,31.015051,-0.035181,0.904449,0.01848,0.424727,2.389821,7.43329,47.564651,-0.053024,0.96644,0.046172,0.247083,-9.053587,1.683098,-12.522824,-0.035181,0.904449,0.01848,0.424727,13.664887,2.246428,38.559029
503,4.191667,-0.030805,0.969287,0.017262,0.243384,-0.034908,85.738876,17.582829,-0.039452,0.985376,0.094582,0.13613,-0.558855,93.411186,17.724876,-0.033966,0.990539,0.086672,0.100829,-2.765673,114.285194,21.470066,0.061887,0.99686,0.008637,0.048628,-4.541899,134.876175,24.92444,0.111684,0.974324,-0.194391,-0.020773,-2.576339,149.322433,23.395489,-0.025451,0.930225,0.122849,0.344879,-8.00856,128.973297,23.827183,0.292548,-0.623201,0.006868,-0.725251,-21.313133,129.62709,12.497589,0.089788,0.130487,-0.456184,-0.875676,-15.772198,120.325592,-9.848518,0.208729,0.248098,-0.524784,-0.787072,-1.062024,142.330475,-5.925682,-0.027898,0.990911,0.109024,0.07369,-0.732182,129.344147,25.358141,0.321021,0.860301,0.146228,-0.368028,16.537785,130.029999,28.018337,-0.034341,0.114608,0.467988,-0.875599,29.524357,118.987335,9.963507,-0.018049,-0.196991,0.663765,-0.721308,16.36974,139.303894,5.825006,0.057418,0.937006,0.220768,0.264546,-8.285728,85.257545,13.147257,0.085969,0.989829,-0.042056,0.105262,-7.952117,52.787281,-2.947842,-0.052948,0.966432,0.046254,0.247116,-16.468195,6.094012,0.151392,-0.071778,0.948423,-0.108971,0.288906,8.215913,86.220207,22.018398,0.016546,0.906224,-0.198857,0.372746,10.868391,51.212387,31.012774,-0.034976,0.904494,0.018522,0.424647,2.390726,7.435629,47.569202,-0.052948,0.966432,0.046254,0.247116,-9.053436,1.683434,-12.525359,-0.034976,0.904494,0.018522,0.424647,13.662327,2.247176,38.560154
504,4.2,-0.030777,0.969295,0.017284,0.243354,-0.032982,85.738686,17.577698,-0.039363,0.985391,0.09448,0.136119,-0.556584,93.411011,17.720205,-0.034005,0.990542,0.086623,0.100831,-2.75888,114.284691,21.461443,0.061944,0.996858,0.008658,0.048606,-4.536517,134.875916,24.913631,0.11165,0.974316,-0.194443,-0.020859,-2.569439,149.322052,23.385324,-0.025259,0.930277,0.12285,0.344752,-8.002772,128.972702,23.816946,0.292465,-0.62324,0.007194,-0.725248,-21.310741,129.632126,12.491668,0.089759,0.130277,-0.456198,-0.875702,-15.77247,120.320892,-9.851048,0.208666,0.248027,-0.52471,-0.787159,-1.059619,142.326538,-5.937089,-0.027879,0.990923,0.108961,0.073636,-0.72644,129.344177,25.347963,0.321114,0.860259,0.146489,-0.367941,16.543842,130.029739,28.006187,-0.034183,0.114485,0.467997,-0.875616,29.53059,118.987885,9.950994,-0.017948,-0.196999,0.663867,-0.721215,16.375355,139.303665,5.814169,0.057385,0.937032,0.220783,0.264448,-8.284111,85.257957,13.142636,0.085985,0.989811,-0.042139,0.105377,-7.949692,52.78791,-2.95288,-0.052832,0.966429,0.046273,0.24715,-16.468487,6.095576,0.152975,-0.071553,0.948359,-0.109403,0.289011,8.218147,86.219406,22.012758,0.016665,0.906222,-0.199072,0.372631,10.844893,51.216091,31.032166,-0.035007,0.904611,0.01845,0.424398,2.35147,7.447868,47.603077,-0.052832,0.966429,0.046273,0.24715,-9.053997,1.684628,-12.523805,-0.035007,0.904611,0.01845,0.424398,13.618135,2.257764,38.588818
505,4.208333,-0.030969,0.969299,0.017501,0.2433,-0.018468,85.735863,17.567135,-0.039491,0.985393,0.09448,0.13607,-0.545739,93.40789,17.712187,-0.033973,0.990552,0.086588,0.100775,-2.753738,114.285675,21.453575,0.061963,0.996859,0.008596,0.048567,-4.529741,134.877228,24.904562,0.111578,0.97431,-0.194512,-0.020892,-2.562147,149.32309,23.37438,-0.025293,0.930307,0.122777,0.344694,-7.996477,128.974152,23.808681,0.292632,-0.623244,0.007096,-0.725178,-21.305775,129.631317,12.484835,0.089837,0.130225,-0.456224,-0.875689,-15.767658,120.318436,-9.857227,0.208631,0.24793,-0.524757,-0.787169,-1.056139,142.324051,-5.948045,-0.027882,0.990924,0.108957,0.073621,-0.719944,129.345291,25.338831,0.321151,0.860241,0.146417,-0.367982,16.550411,130.031067,27.99654,-0.034146,0.114487,0.468039,-0.875595,29.534519,118.986931,9.940845,-0.017862,-0.196964,0.663877,-0.721216,16.381706,139.303085,5.803408,0.057545,0.937074,0.220763,0.264282,-8.269867,85.252609,13.13285,0.085991,0.989785,-0.04228,0.105567,-7.949497,52.783237,-2.964312,-0.053084,0.966385,0.046346,0.247254,-16.47081,6.092131,0.153133,-0.071638,0.948363,-0.109204,0.289051,8.232932,86.219116,22.001419,0.016499,0.90618,-0.198923,0.372822,10.869417,51.213528,31.009171,-0.034616,0.904486,0.018859,0.424679,2.392112,7.439131,47.572014,-0.053084,0.966385,0.046346,0.247254,-9.051028,1.68543,-12.52203,-0.034616,0.904486,0.018859,0.424679,13.662055,2.254828,38.55851
506,4.216667,-0.030982,0.969302,0.01746,0.243289,-0.01523,85.735847,17.561848,-0.039545,0.985409,0.094305,0.13606,-0.542536,93.407883,17.706247,-0.033662,0.99057,0.086559,0.100724,-2.751675,114.286041,21.439903,0.061749,0.996878,0.008736,0.048426,-4.514465,134.878693,24.891138,0.111574,0.974293,-0.194585,-0.021019,-2.553714,149.325867,23.364439,-0.025497,0.930428,0.122739,0.344367,-7.985005,128.977753,23.795813,0.292442,-0.623253,0.007188,-0.725246,-21.301834,129.626312,12.480322,0.089728,0.130077,-0.456259,-0.875704,-15.76436,120.315842,-9.862906,0.208657,0.247842,-0.524779,-0.787175,-1.052459,142.322067,-5.95805,-0.027866,0.99091,0.109011,0.073739,-0.708004,129.344421,25.324816,0.321284,0.860132,0.146626,-0.368035,16.561773,130.029022,27.986589,-0.034034,0.114362,0.468082,-0.875593,29.539669,118.98513,9.926276,-0.017866,-0.196898,0.663868,-0.721243,16.388018,139.301376,5.791906,0.057534,0.937088,0.220769,0.264228,-8.266715,85.252174,13.127769,0.086007,0.989765,-0.042357,0.105712,-7.946451,52.782906,-2.969615,-0.052932,0.966389,0.046409,0.247259,-16.470425,6.092673,0.153618,-0.071608,0.948346,-0.10932,0.28907,8.236256,86.219521,21.995924,0.016469,0.906266,-0.19887,0.372642,10.868,51.215458,31.010973,-0.034992,0.904515,0.018644,0.424595,2.398425,7.438949,47.57217,-0.052932,0.966389,0.046409,0.247259,-9.051958,1.686522,-12.522507,-0.034992,0.904515,0.018644,0.424595,13.669634,2.253837,38.560711
507,4.225,-0.030717,0.969316,0.017241,0.243279,-0.023605,85.740768,17.558973,-0.039331,0.985429,0.09423,0.136029,-0.546155,93.413177,17.701099,-0.033677,0.990575,0.086526,0.100697,-2.745054,114.285896,21.431774,0.061714,0.996883,0.008668,0.048376,-4.508227,134.878754,24.881624,0.111606,0.974287,-0.194588,-0.021074,-2.548565,149.325851,23.352791,-0.025492,0.930445,0.122775,0.344309,-7.978662,128.977631,23.786892,0.29251,-0.623266,0.007192,-0.725207,-21.296894,129.626541,12.473078,0.089804,0.130064,-0.456296,-0.875679,-15.76024,120.313622,-9.869335,0.208836,0.247727,-0.524863,-0.787107,-1.049733,142.321762,-5.967228,-0.027913,0.990917,0.109007,0.073631,-0.701596,129.34462,25.315508,0.321365,0.860114,0.146465,-0.368071,16.568645,130.03125,27.973711,-0.034026,0.114344,0.468091,-0.87559,29.54266,118.981506,9.914189,-0.017884,-0.196807,0.663941,-0.7212,16.390991,139.29837,5.780373,0.057435,0.937011,0.220739,0.264548,-8.275484,85.260887,13.125217,0.08605,0.989775,-0.042349,0.105583,-7.943588,52.789845,-2.968337,-0.052855,0.966397,0.04624,0.247275,-16.471066,6.100252,0.154851,-0.071713,0.948317,-0.109217,0.28918,8.228274,86.22065,21.992727,0.016439,0.906265,-0.198935,0.372609,10.868356,51.216042,31.003212,-0.034865,0.904487,0.018737,0.424661,2.399624,7.441923,47.571182,-0.052855,0.966397,0.04624,0.247275,-9.053167,1.688708,-12.51973,-0.034865,0.904487,0.018737,0.424661,13.671237,2.257635,38.559753
508,4.233333,-0.030642,0.969338,0.017276,0.243201,-0.02077,85.739639,17.550499,-0.039351,0.985445,0.094195,0.135933,-0.542321,93.412102,17.693474,-0.033568,0.990591,0.086519,0.10058,-2.741597,114.28598,21.422955,0.06165,0.99689,0.008552,0.048334,-4.499835,134.879196,24.873199,0.111533,0.974286,-0.194646,-0.021003,-2.542036,149.326157,23.340797,-0.025536,0.930476,0.122768,0.344225,-7.971712,128.97876,23.779364,0.292433,-0.623308,0.007257,-0.725202,-21.291893,129.625732,12.467733,0.089728,0.129951,-0.456307,-0.875697,-15.757869,120.312271,-9.875102,0.20877,0.247654,-0.524729,-0.787237,-1.046503,142.320068,-5.976377,-0.027922,0.990925,0.108957,0.073598,-0.694186,129.344299,25.306135,0.321469,0.860065,0.14652,-0.368073,16.57621,130.031509,27.9632,-0.033863,0.114243,0.468085,-0.875613,29.546837,118.979111,9.902864,-0.017802,-0.196831,0.663934,-0.721202,16.393864,139.295059,5.769506,0.057404,0.937032,0.220692,0.26452,-8.27345,85.261246,13.118074,0.086059,0.989766,-0.042381,0.105648,-7.940863,52.78846,-2.971941,-0.052871,0.966396,0.046278,0.247269,-16.46977,6.099287,0.153575,-0.071688,0.948321,-0.109342,0.289123,8.231911,86.218033,21.982925,0.016442,0.906299,-0.198943,0.372523,10.868114,51.215149,31.001238,-0.034843,0.904491,0.018742,0.424654,2.400493,7.441315,47.570522,-0.052871,0.966396,0.046278,0.247269,-9.051804,1.688946,-12.521383,-0.034843,0.904491,0.018742,0.424654,13.671756,2.256856,38.558762
509,4.241667,-0.030629,0.969369,0.01723,0.243082,-0.0178,85.740425,17.543211,-0.039328,0.985459,0.094162,0.13586,-0.538961,93.412918,17.685616,-0.03361,0.990598,0.086483,0.100528,-2.736646,114.285408,21.413734,0.061736,0.996889,0.008577,0.048253,-4.496275,134.878769,24.862429,0.111547,0.974276,-0.194669,-0.021152,-2.536291,149.3255,23.330702,-0.025456,0.930511,0.122738,0.344146,-7.967762,128.977936,23.769411,0.292563,-0.623321,0.007195,-0.725139,-21.289991,129.626801,12.4603,0.089801,0.129942,-0.456302,-0.875694,-15.756735,120.311371,-9.881902,0.208791,0.247537,-0.524669,-0.787309,-1.044819,142.31958,-5.985384,-0.02792,0.990932,0.108922,0.073557,-0.690123,129.344223,25.295465,0.321413,0.860095,0.146408,-0.368096,16.580482,130.031647,27.951088,-0.033854,0.114227,0.468029,-0.875645,29.552061,118.979301,9.891407,-0.017763,-0.196937,0.663899,-0.721206,16.39695,139.292603,5.758425,0.057421,0.937038,0.220671,0.264512,-8.271577,85.262009,13.112831,0.086053,0.989768,-0.042427,0.105611,-7.940701,52.788662,-2.976114,-0.052845,0.966401,0.046256,0.247257,-16.469383,6.099763,0.154126,-0.07163,0.948339,-0.109439,0.289042,8.235977,86.218842,21.973593,0.016425,0.906282,-0.198977,0.372547,10.866966,51.2169,30.997086,-0.03477,0.904464,0.018677,0.424719,2.399168,7.444298,47.569538,-0.052845,0.966401,0.046256,0.247257,-9.052018,1.688549,-12.520881,-0.03477,0.904464,0.018677,0.424719,13.670739,2.257294,38.559628
510,4.25,-0.030603,0.969377,0.017258,0.243049,-0.015274,85.740829,17.535513,-0.039173,0.985481,0.094141,0.135756,-0.536147,93.413338,17.678448,-0.033718,0.990605,0.086492,0.100419,-2.7265,114.283669,21.406338,0.061716,0.996896,0.008402,0.048158,-4.490264,134.876663,24.855103,0.111534,0.974289,-0.194605,-0.021216,-2.530974,149.322922,23.318071,-0.025373,0.930528,0.122665,0.344133,-7.960588,128.975006,23.762857,0.292415,-0.623401,0.007295,-0.725129,-21.283272,129.625626,12.454379,0.089664,0.129854,-0.45632,-0.875712,-15.755041,120.310036,-9.889002,0.208725,0.247551,-0.524646,-0.787336,-1.042399,142.31868,-5.993112,-0.027943,0.990944,0.108863,0.073471,-0.682729,129.343018,25.287455,0.321462,0.860042,0.146428,-0.368169,16.588278,130.031723,27.940182,-0.033788,0.114116,0.468017,-0.875669,29.55559,118.979004,9.877655,-0.017738,-0.196938,0.663955,-0.721155,16.398283,139.292282,5.747686,0.057497,0.937012,0.220683,0.264579,-8.269383,85.262993,13.105683,0.086063,0.989739,-0.042553,0.105824,-7.942274,52.790684,-2.985415,-0.052691,0.966386,0.046213,0.247357,-16.473719,6.102952,0.154715,-0.071415,0.948286,-0.109873,0.289106,8.238834,86.218658,21.965342,0.016592,0.906179,-0.199238,0.37265,10.845159,51.22139,31.014084,-0.034638,0.904508,0.018594,0.42464,2.351932,7.459199,47.60104,-0.052691,0.966386,0.046213,0.247357,-9.055374,1.689396,-12.518904,-0.034638,0.904508,0.018594,0.42464,13.62029,2.268302,38.58934
511,4.258333,-0.030619,0.969391,0.01729,0.242993,-0.01091,85.741714,17.529045,-0.039142,0.9855,0.094075,0.135678,-0.532134,93.414185,17.672426,-0.033778,0.990607,0.086547,0.100335,-2.720734,114.287308,21.398296,0.061815,0.996893,0.008227,0.04812,-4.486926,134.879715,24.849241,0.111486,0.974288,-0.194637,-0.021238,-2.524691,149.325058,23.307188,-0.025346,0.930522,0.122561,0.344187,-7.95657,128.977661,23.757004,0.29241,-0.623493,0.007255,-0.725052,-21.27799,129.628159,12.447037,0.089636,0.129852,-0.456238,-0.875757,-15.75542,120.312843,-9.897858,0.208663,0.247528,-0.524684,-0.787335,-1.038817,142.318542,-6.00069,-0.027862,0.990955,0.108859,0.073358,-0.678524,129.346588,25.280479,0.321494,0.860004,0.146439,-0.368227,16.593218,130.032928,27.929003,-0.033665,0.114022,0.468014,-0.875688,29.557425,118.980095,9.864322,-0.017647,-0.197087,0.663944,-0.721126,16.398977,139.292755,5.735436,0.057534,0.937049,0.22063,0.264483,-8.265514,85.26371,13.100165,0.086035,0.989733,-0.042576,0.105894,-7.943629,52.789997,-2.988213,-0.052799,0.966391,0.0463,0.247301,-16.472956,6.102002,0.153727,-0.071581,0.94829,-0.109629,0.289143,8.243696,86.219719,21.957926,0.016408,0.906257,-0.199036,0.372577,10.866208,51.220287,30.993595,-0.035132,0.904498,0.018341,0.424633,2.39719,7.44988,47.571217,-0.052799,0.966391,0.0463,0.247301,-9.054875,1.69172,-12.521183,-0.035132,0.904498,0.018341,0.424633,13.669367,2.258727,38.564457
512,4.266667,-0.030535,0.969406,0.01726,0.242945,-0.010643,85.742912,17.52203,-0.03909,0.985514,0.094028,0.135618,-0.530496,93.415474,17.665295,-0.033757,0.990616,0.086527,0.100269,-2.716443,114.289413,21.389696,0.061842,0.996893,0.008193,0.048093,-4.481446,134.882034,24.840027,0.111412,0.974284,-0.194698,-0.021242,-2.518476,149.327164,23.296951,-0.025364,0.930536,0.122582,0.344142,-7.951445,128.980072,23.748503,0.292446,-0.623529,0.007233,-0.725006,-21.273932,129.63002,12.439754,0.089659,0.129855,-0.456232,-0.875757,-15.753608,120.313858,-9.905349,0.208652,0.247582,-0.524571,-0.787396,-1.036896,142.319305,-6.008622,-0.027683,0.990988,0.108655,0.07329,-0.673179,129.348785,25.270977,0.321394,0.860004,0.146462,-0.368304,16.599264,130.029755,27.916342,-0.033711,0.113952,0.467951,-0.875728,29.563841,118.982185,9.848709,-0.017612,-0.197121,0.663871,-0.721185,16.401569,139.293488,5.723511,0.057493,0.937053,0.220616,0.264489,-8.265785,85.266266,13.093998,0.086066,0.989737,-0.042619,0.105814,-7.941286,52.791756,-2.992718,-0.052666,0.966393,0.046326,0.247316,-16.473684,6.104621,0.153672,-0.071627,0.948271,-0.109711,0.289162,8.244499,86.219551,21.950062,0.016424,0.906247,-0.199043,0.372598,10.868234,51.221882,30.992237,-0.034577,0.904438,0.018709,0.42479,2.397244,7.451782,47.56966,-0.052666,0.966393,0.046326,0.247316,-9.056529,1.693999,-12.521667,-0.034577,0.904438,0.018709,0.42479,13.668406,2.263183,38.560146
513,4.275,-0.030468,0.969415,0.01715,0.242925,-0.008311,85.742455,17.515388,-0.039062,0.985525,0.09401,0.13556,-0.526754,93.415146,17.657278,-0.033727,0.990627,0.086494,0.100199,-2.711214,114.289352,21.381256,0.061805,0.996899,0.008068,0.048031,-4.474612,134.882294,24.830475,0.111407,0.974285,-0.194691,-0.021267,-2.512793,149.327164,23.283598,-0.025292,0.930597,0.122502,0.34401,-7.945086,128.980438,23.739845,0.292367,-0.62357,0.007275,-0.725003,-21.270874,129.631134,12.43504,0.089607,0.129777,-0.456235,-0.875773,-15.75309,120.315315,-9.910829,0.208678,0.247494,-0.524537,-0.78744,-1.035681,142.320251,-6.016441,-0.027682,0.990988,0.108698,0.073216,-0.666581,129.348877,25.261242,0.321363,0.859975,0.146607,-0.368341,16.606241,130.029968,27.904064,-0.033518,0.113766,0.467877,-0.8758,29.570436,118.987068,9.833299,-0.017379,-0.197248,0.664018,-0.721021,16.402946,139.294968,5.711234,0.057536,0.937067,0.220603,0.264442,-8.263712,85.266518,13.087766,0.085991,0.98973,-0.042725,0.105902,-7.943213,52.791977,-2.998966,-0.052835,0.966441,0.046275,0.247103,-16.469879,6.104469,0.157403,-0.07139,0.948245,-0.110083,0.289166,8.247087,86.218391,21.94301,0.016522,0.906102,-0.199343,0.372785,10.846572,51.224209,31.005642,-0.034586,0.904541,0.018626,0.424573,2.353164,7.465792,47.602409,-0.052835,0.966441,0.046275,0.247103,-9.056586,1.693539,-12.520081,-0.034586,0.904541,0.018626,0.424573,13.619783,2.274983,38.588497
514,4.283333,-0.030359,0.969441,0.017133,0.242833,-0.004622,85.741966,17.507826,-0.039076,0.985543,0.093941,0.135475,-0.521358,93.414764,17.649927,-0.033708,0.990638,0.086487,0.100105,-2.705721,114.289474,21.371132,0.061749,0.996906,0.008041,0.047976,-4.467965,134.882523,24.820307,0.111377,0.974281,-0.194731,-0.02126,-2.507918,149.32753,23.272449,-0.025245,0.930611,0.122535,0.343964,-7.938789,128.980728,23.730446,0.292313,-0.623617,0.00733,-0.724984,-21.265755,129.633148,12.427122,0.089521,0.129738,-0.456243,-0.875783,-15.750909,120.316383,-9.919081,0.208643,0.247404,-0.524603,-0.787433,-1.033387,142.321075,-6.024407,-0.027675,0.990991,0.108772,0.073073,-0.659985,129.349014,25.250452,0.321437,0.859927,0.146301,-0.368509,16.613581,130.030212,27.888382,-0.033502,0.113714,0.467967,-0.875759,29.569256,118.980553,9.815648,-0.017312,-0.197404,0.664003,-0.720994,16.404388,139.292709,5.695524,0.057507,0.937091,0.220607,0.264358,-8.260978,85.267899,13.081783,0.086061,0.989726,-0.042764,0.105862,-7.939898,52.79324,-3.004697,-0.05289,0.966402,0.04618,0.24726,-16.47333,6.107182,0.154889,-0.071558,0.948294,-0.109868,0.289045,8.251735,86.216034,21.933868,0.016365,0.906221,-0.199126,0.372618,10.868482,51.220154,30.984962,-0.034586,0.904463,0.018734,0.424735,2.399307,7.453024,47.571152,-0.05289,0.966402,0.04618,0.24726,-9.055525,1.69421,-12.519249,-0.034586,0.904463,0.018734,0.424735,13.669578,2.265144,38.560112
515,4.291667,-0.030307,0.96946,0.017111,0.242767,-0.003055,85.740646,17.50108,-0.039058,0.985556,0.093923,0.135399,-0.518932,93.413506,17.64308,-0.03365,0.990651,0.086447,0.100023,-2.702178,114.288689,21.363834,0.061753,0.996913,0.00805,0.047822,-4.461566,134.882187,24.811762,0.111377,0.974274,-0.194741,-0.021481,-2.501937,149.327255,23.263847,-0.025207,0.930631,0.122529,0.343915,-7.933225,128.980682,23.722948,0.292376,-0.623682,0.007264,-0.724903,-21.261444,129.634048,12.421157,0.089515,0.129709,-0.456249,-0.875785,-15.750601,120.316742,-9.925809,0.208602,0.247363,-0.524578,-0.787473,-1.03263,142.322113,-6.032243,-0.027598,0.991014,0.108692,0.072906,-0.654119,129.348297,25.241667,0.321446,0.859898,0.14645,-0.368512,16.620449,130.02771,27.873489,-0.033468,0.113685,0.467953,-0.875771,29.575741,118.980858,9.798762,-0.017343,-0.197421,0.66382,-0.721157,16.410402,139.291641,5.67918,0.05754,0.937085,0.220659,0.26433,-8.260077,85.267387,13.076199,0.086037,0.989706,-0.042903,0.106017,-7.940683,52.794647,-3.014189,-0.052735,0.966435,0.04617,0.247164,-16.473776,6.109348,0.157394,-0.071535,0.948319,-0.109925,0.288949,8.253967,86.213913,21.925962,0.016352,0.906172,-0.199199,0.372699,10.86882,51.2187,30.980194,-0.03455,0.904495,0.018698,0.42467,2.396728,7.454303,47.572105,-0.052735,0.966435,0.04617,0.247164,-9.060038,1.694705,-12.518538,-0.03455,0.904495,0.018698,0.42467,13.665205,2.264973,38.559662
516,4.3,-0.03027,0.969473,0.017106,0.24272,-0.00244,85.738686,17.493273,-0.038941,0.985574,0.093894,0.135322,-0.517733,93.411583,17.635368,-0.033686,0.990659,0.086429,0.099946,-2.695633,114.287613,21.355814,0.061825,0.996912,0.008014,0.047751,-4.456166,134.881149,24.802979,0.111315,0.974276,-0.194756,-0.02158,-2.494652,149.325836,23.253954,-0.025234,0.930648,0.122467,0.343889,-7.927512,128.979309,23.714964,0.292301,-0.623732,0.007215,-0.724891,-21.2563,129.630936,12.413743,0.089351,0.129672,-0.456302,-0.87578,-15.748511,120.317009,-9.935379,0.208478,0.247317,-0.52463,-0.787486,-1.032908,142.322952,-6.039947,-0.027601,0.991023,0.108706,0.072766,-0.648213,129.34758,25.232597,0.321403,0.859891,0.146131,-0.368692,16.627064,130.027588,27.859634,-0.033575,0.113722,0.467985,-0.875745,29.577137,118.978188,9.782718,-0.017331,-0.197442,0.663669,-0.721291,16.413563,139.290665,5.664124,0.057538,0.937096,0.220636,0.264312,-8.259928,85.26606,13.069189,0.086059,0.989711,-0.042921,0.105941,-7.941164,52.792572,-3.019705,-0.052721,0.966409,0.046245,0.247257,-16.476265,6.107783,0.154003,-0.071321,0.948299,-0.110382,0.288891,8.255049,86.211304,21.917358,0.016511,0.906067,-0.199447,0.372814,10.845993,51.221191,30.998114,-0.034884,0.904575,0.018326,0.42449,2.349401,7.466707,47.603619,-0.052721,0.966409,0.046245,0.247257,-9.06017,1.695264,-12.521294,-0.034884,0.904575,0.018326,0.42449,13.616183,2.271881,38.59222
517,4.308333,-0.030238,0.969495,0.017042,0.242642,-0.001829,85.739273,17.487467,-0.038841,0.985596,0.09383,0.135235,-0.516399,93.412231,17.628756,-0.033706,0.990666,0.08644,0.099862,-2.689161,114.286781,21.346926,0.06193,0.99691,0.007987,0.047652,-4.450283,134.880173,24.794601,0.11124,0.974287,-0.194724,-0.021736,-2.486037,149.324387,23.244715,-0.025213,0.930675,0.1225,0.343805,-7.921476,128.978149,23.707094,0.29224,-0.623777,0.00721,-0.724877,-21.25234,129.630447,12.40836,0.089225,0.129569,-0.456333,-0.875791,-15.747345,120.317986,-9.942055,0.208319,0.247279,-0.524711,-0.787487,-1.032139,142.323883,-6.048516,-0.027612,0.991036,0.108644,0.072681,-0.641948,129.346817,25.223536,0.321445,0.859825,0.146675,-0.368592,16.633738,130.027725,27.847624,-0.033228,0.11345,0.467828,-0.875878,29.586142,118.986809,9.767204,-0.01718,-0.197453,0.663997,-0.720989,16.412678,139.292603,5.651487,0.057555,0.93709,0.220676,0.264294,-8.260062,85.266891,13.064751,0.086081,0.989732,-0.042995,0.105695,-7.941928,52.79483,-3.027029,-0.052756,0.966406,0.046183,0.247273,-16.478971,6.110996,0.155574,-0.071371,0.948281,-0.110429,0.28892,8.256404,86.211655,21.910181,0.016527,0.906084,-0.199521,0.372733,10.849524,51.222794,30.995173,-0.0343,0.904578,0.018594,0.42452,2.350412,7.471159,47.606895,-0.052756,0.966406,0.046183,0.247273,-9.062183,1.697033,-12.518809,-0.0343,0.904578,0.018594,0.42452,13.612988,2.275862,38.590519
518,4.316667,-0.030219,0.969502,0.016985,0.242618,-8.4e-05,85.738762,17.481972,-0.038829,0.985611,0.093778,0.13516,-0.514152,93.411766,17.622496,-0.033635,0.990682,0.086405,0.099763,-2.685936,114.287636,21.338902,0.06195,0.996913,0.007942,0.047579,-4.443635,134.881485,24.785604,0.111121,0.974295,-0.194748,-0.02179,-2.479021,149.3255,23.234283,-0.025194,0.930696,0.122504,0.343749,-7.91583,128.979858,23.699207,0.292288,-0.623836,0.007147,-0.724807,-21.248064,129.632568,12.402118,0.089213,0.129536,-0.456355,-0.875786,-15.746659,120.320007,-9.949144,0.208314,0.247209,-0.524713,-0.787508,-1.031971,142.326599,-6.057014,-0.027524,0.99104,0.108732,0.072519,-0.635936,129.347656,25.2141,0.321454,0.859764,0.146679,-0.368725,16.640741,130.025894,27.832327,-0.033307,0.113354,0.467865,-0.875868,29.587996,118.986603,9.747222,-0.017172,-0.197377,0.66398,-0.721026,16.415289,139.293823,5.637606,0.057549,0.937092,0.220712,0.264259,-8.258559,85.266457,13.059698,0.086084,0.989725,-0.043079,0.105725,-7.939865,52.795498,-3.034298,-0.052708,0.966411,0.046153,0.247267,-16.478079,6.112397,0.155861,-0.071381,0.948298,-0.110482,0.288842,8.258391,86.21106,21.904243,0.016552,0.906132,-0.199562,0.372594,10.851763,51.22316,30.992825,-0.034145,0.904602,0.018632,0.42448,2.351603,7.473159,47.60833,-0.052708,0.966411,0.046153,0.247267,-9.061968,1.697188,-12.518488,-0.034145,0.904602,0.018632,0.42448,13.611963,2.276819,38.589783
519,4.325,-0.030108,0.969522,0.016892,0.242558,0.002919,85.739731,17.475023,-0.038819,0.985622,0.093777,0.135085,-0.509147,93.412895,17.614613,-0.033623,0.990694,0.086358,0.099683,-2.680023,114.286896,21.330856,0.06198,0.996915,0.00787,0.047514,-4.436755,134.881134,24.775829,0.111068,0.974305,-0.194723,-0.021847,-2.471418,149.324829,23.222334,-0.025085,0.930748,0.122264,0.343701,-7.909245,128.979462,23.690569,0.292288,-0.62393,0.007074,-0.724727,-21.242823,129.632584,12.39508,0.089156,0.129493,-0.456367,-0.875792,-15.747202,120.321335,-9.958163,0.208287,0.247163,-0.524725,-0.787522,-1.032224,142.328415,-6.066551,-0.02755,0.991047,0.108755,0.072378,-0.629096,129.34726,25.204254,0.321437,0.859753,0.146774,-0.368729,16.648254,130.026871,27.817743,-0.033178,0.113206,0.467747,-0.875954,29.595882,118.990265,9.731256,-0.017118,-0.197481,0.66403,-0.720952,16.416027,139.293686,5.624291,0.057564,0.937084,0.220691,0.264303,-8.256227,85.26899,13.053831,0.086068,0.989726,-0.04314,0.105706,-7.938246,52.797497,-3.039102,-0.052636,0.966431,0.046151,0.247207,-16.475544,6.114638,0.157153,-0.071552,0.94835,-0.110239,0.28872,8.262065,86.210472,21.896215,0.016386,0.906202,-0.199342,0.372548,10.873513,51.220459,30.971497,-0.034283,0.904524,0.018646,0.424632,2.396264,7.461572,47.575302,-0.052636,0.966431,0.046151,0.247207,-9.061692,1.698715,-12.518274,-0.034283,0.904524,0.018646,0.424632,13.661109,2.267469,38.561058
520,4.333333,-0.030018,0.969532,0.016791,0.24254,0.004483,85.737869,17.468647,-0.038775,0.985638,0.093725,0.135016,-0.505861,93.411163,17.607069,-0.033613,0.990709,0.086292,0.099598,-2.674396,114.286354,21.321669,0.061934,0.996924,0.007939,0.047377,-4.43013,134.881073,24.764105,0.111131,0.974294,-0.194723,-0.022017,-2.466673,149.325211,23.212246,-0.025033,0.93079,0.12229,0.343582,-7.902921,128.97934,23.680244,0.292334,-0.623915,0.007117,-0.724721,-21.239456,129.633926,12.388336,0.089183,0.129419,-0.45647,-0.875747,-15.742933,120.319939,-9.963538,0.208365,0.247118,-0.524794,-0.787469,-1.032135,142.330353,-6.076913,-0.027549,0.991068,0.108641,0.072266,-0.622512,129.347198,25.192648,0.321513,0.859709,0.146685,-0.3688,16.655403,130.027512,27.802181,-0.033089,0.113118,0.467791,-0.875946,29.598001,118.987236,9.714339,-0.017073,-0.197683,0.664035,-0.720894,16.418919,139.292114,5.60914,0.05754,0.937089,0.220697,0.264284,-8.254931,85.268295,13.047833,0.086089,0.989729,-0.043188,0.105642,-7.935565,52.796776,-3.045017,-0.052638,0.966437,0.046104,0.247193,-16.475075,6.114655,0.156038,-0.071531,0.948362,-0.110276,0.288674,8.263898,86.207451,21.889458,0.016388,0.906205,-0.199388,0.372517,10.873571,51.217819,30.966707,-0.034746,0.904577,0.018312,0.424498,2.395099,7.46068,47.57449,-0.052638,0.966437,0.046104,0.247193,-9.061639,1.697394,-12.519163,-0.034746,0.904577,0.018312,0.424498,13.6606,2.263759,38.562695
521,4.341667,-0.029949,0.969553,0.016708,0.242468,0.006725,85.735245,17.461483,-0.038732,0.98566,0.093688,0.134896,-0.502269,93.408646,17.598967,-0.033585,0.990724,0.086292,0.099459,-2.668382,114.284447,21.312574,0.061895,0.996932,0.007839,0.047268,-4.422512,134.879257,24.75539,0.1111,0.974303,-0.194691,-0.022067,-2.460423,149.323212,23.200338,-0.025095,0.93084,0.122017,0.343539,-7.895789,128.977615,23.672543,0.292214,-0.623965,0.007066,-0.724727,-21.233252,129.626678,12.381413,0.088982,0.129345,-0.456584,-0.875719,-15.739799,120.31752,-9.973223,0.208338,0.246986,-0.524991,-0.787386,-1.033257,142.331238,-6.085808,-0.027546,0.991074,0.108688,0.072112,-0.614944,129.345245,25.182892,0.321586,0.859642,0.1467,-0.368886,16.663754,130.025925,27.787134,-0.033071,0.113033,0.46785,-0.875926,29.600889,118.984512,9.696089,-0.01714,-0.197841,0.663982,-0.720897,16.4238,139.290833,5.594442,0.057569,0.937051,0.220776,0.264348,-8.253423,85.26651,13.041952,0.086095,0.989708,-0.043302,0.105784,-7.933267,52.797783,-3.05651,-0.052657,0.966433,0.045978,0.247226,-16.47492,6.116706,0.153996,-0.071317,0.948358,-0.110634,0.288601,8.266872,86.203972,21.881014,0.016566,0.906114,-0.199704,0.37256,10.85489,51.217854,30.977976,-0.034331,0.904615,0.018443,0.424445,2.349182,7.473284,47.604923,-0.052657,0.966433,0.045978,0.247226,-9.060581,1.696077,-12.5195,-0.034331,0.904615,0.018443,0.424445,13.60997,2.274395,38.588375
522,4.35,-0.029873,0.969565,0.016643,0.242435,0.007515,85.733749,17.455418,-0.038643,0.985678,0.093615,0.134843,-0.500109,93.407249,17.59223,-0.033579,0.990732,0.086263,0.099402,-2.661833,114.283356,21.303347,0.06198,0.996929,0.007869,0.047223,-4.415367,134.878403,24.745087,0.110992,0.974309,-0.194713,-0.022145,-2.45101,149.322159,23.190937,-0.025089,0.930898,0.121992,0.343392,-7.888827,128.97673,23.663002,0.292255,-0.624008,0.006964,-0.724674,-21.229839,129.624985,12.376014,0.088934,0.129247,-0.456615,-0.875722,-15.739,120.317581,-9.979999,0.208267,0.246823,-0.525125,-0.787367,-1.032141,142.332733,-6.096003,-0.027539,0.991083,0.108667,0.072019,-0.607803,129.344391,25.172493,0.321561,0.859618,0.146429,-0.369071,16.671379,130.025253,27.773512,-0.033137,0.112997,0.467879,-0.875913,29.602516,118.981644,9.679502,-0.017127,-0.197954,0.663956,-0.720891,16.426191,139.289429,5.580999,0.05757,0.937037,0.220783,0.264389,-8.253019,85.266075,13.036492,0.086106,0.989703,-0.04336,0.1058,-7.932081,52.797569,-3.062397,-0.052498,0.966443,0.045994,0.247216,-16.475355,6.117147,0.153341,-0.071515,0.948442,-0.110378,0.288375,8.268048,86.201416,21.874342,0.016485,0.906301,-0.199504,0.372217,10.87733,51.213242,30.957344,-0.034708,0.904576,0.018223,0.424507,2.391842,7.460824,47.573982,-0.052498,0.966443,0.045994,0.247216,-9.062864,1.69567,-12.520942,-0.034708,0.904576,0.018223,0.424507,13.656794,2.261102,38.56311
523,4.358333,-0.0298,0.969576,0.016649,0.242397,0.005051,85.731682,17.443865,-0.038543,0.985694,0.093634,0.134741,-0.501503,93.405251,17.581072,-0.033422,0.99075,0.086268,0.099272,-2.658937,114.283348,21.29409,0.061905,0.996944,0.007882,0.047004,-4.405539,134.878784,24.736942,0.111021,0.974298,-0.194722,-0.022397,-2.44412,149.322922,23.182579,-0.025176,0.930877,0.122045,0.343422,-7.881012,128.978149,23.655687,0.292052,-0.624099,0.00715,-0.724676,-21.22113,129.624374,12.367533,0.088675,0.129109,-0.456717,-0.875715,-15.736021,120.315292,-9.989182,0.20811,0.246822,-0.525212,-0.787351,-1.031561,142.333572,-6.105682,-0.027511,0.991092,0.10866,0.071924,-0.599449,129.343674,25.163088,0.32165,0.859531,0.146781,-0.369058,16.680258,130.023956,27.760729,-0.032831,0.11271,0.467854,-0.875974,29.609018,118.984306,9.662615,-0.016884,-0.19813,0.664205,-0.720619,16.428282,139.290466,5.568994,0.057544,0.937025,0.220738,0.264476,-8.255905,85.265358,13.025592,0.086108,0.989697,-0.043435,0.105827,-7.932638,52.795189,-3.069912,-0.052553,0.966436,0.04602,0.247229,-16.476875,6.11541,0.152582,-0.071572,0.948421,-0.110424,0.288413,8.266006,86.198013,21.862135,0.016429,0.906219,-0.199589,0.372373,10.877819,51.211178,30.949539,-0.034573,0.904576,0.018217,0.424518,2.391399,7.461792,47.573685,-0.052553,0.966436,0.04602,0.247229,-9.063467,1.695132,-12.521579,-0.034573,0.904576,0.018217,0.424518,13.655169,2.260196,38.562431
524,4.366667,-0.029757,0.969597,0.016585,0.242326,0.01112,85.731842,17.440977,-0.038585,0.985718,0.093515,0.13463,-0.494541,93.405487,17.577417,-0.033367,0.990769,0.086239,0.099131,-2.652328,114.281334,21.284941,0.061878,0.99695,0.007846,0.046899,-4.396034,134.877136,24.727102,0.11095,0.974307,-0.194711,-0.022451,-2.435709,149.321274,23.171429,-0.025182,0.930918,0.122129,0.343281,-7.872364,128.976746,23.647196,0.292121,-0.624169,0.007028,-0.724589,-21.215864,129.623154,12.36305,0.088671,0.129018,-0.456753,-0.87571,-15.735039,120.315323,-9.995238,0.208106,0.246721,-0.525434,-0.787235,-1.031673,142.333908,-6.116248,-0.027574,0.991087,0.10872,0.071877,-0.590331,129.341705,25.15247,0.321761,0.859432,0.14694,-0.369129,16.689489,130.024185,27.748755,-0.032692,0.112552,0.467903,-0.875974,29.612137,118.984833,9.646097,-0.016837,-0.198271,0.664118,-0.720661,16.432638,139.290878,5.556388,0.057562,0.937093,0.220817,0.264167,-8.250527,85.265968,13.023949,0.086097,0.989689,-0.043529,0.105867,-7.932206,52.798481,-3.077049,-0.052454,0.966482,0.04593,0.247085,-16.476477,6.119305,0.154079,-0.071496,0.948449,-0.110503,0.288311,8.272768,86.197708,21.858004,0.016463,0.906308,-0.199581,0.372158,10.878627,51.211323,30.948877,-0.034658,0.904591,0.018169,0.424482,2.393474,7.461765,47.573235,-0.052454,0.966482,0.04593,0.247085,-9.067871,1.695507,-12.521667,-0.034658,0.904591,0.018169,0.424482,13.657199,2.259996,38.562016
525,4.375,-0.029724,0.969618,0.016521,0.242247,0.014773,85.731148,17.433748,-0.038566,0.985732,0.093526,0.134531,-0.490152,93.404854,17.569403,-0.033347,0.990787,0.086158,0.09903,-2.647027,114.282669,21.278072,0.062087,0.996938,0.007839,0.046896,-4.389228,134.87912,24.717155,0.110704,0.974313,-0.194819,-0.022465,-2.422856,149.322433,23.161564,-0.025168,0.93096,0.122093,0.343182,-7.866009,128.978683,23.638935,0.292242,-0.624232,0.006942,-0.724487,-21.211927,129.624634,12.357616,0.088713,0.12894,-0.456737,-0.875726,-15.734916,120.315262,-10.000973,0.208014,0.246665,-0.52553,-0.787213,-1.029964,142.332886,-6.126538,-0.027457,0.991103,0.108665,0.071778,-0.583655,129.343597,25.14267,0.321873,0.859352,0.146937,-0.369219,16.696894,130.022568,27.735081,-0.032708,0.1126,0.468014,-0.875908,29.612648,118.980286,9.629282,-0.017022,-0.198338,0.6639,-0.720839,16.439571,139.288635,5.538645,0.057604,0.93711,0.220796,0.264113,-8.247632,85.265549,13.018105,0.086037,0.989683,-0.043584,0.105953,-7.9335,52.797722,-3.082307,-0.05251,0.966509,0.045959,0.246965,-16.472935,6.118006,0.153809,-0.071489,0.948435,-0.110556,0.288335,8.277178,86.196747,21.84939,0.016495,0.906329,-0.199663,0.372063,10.881212,51.211159,30.943844,-0.034411,0.904589,0.018321,0.424498,2.392189,7.464787,47.574596,-0.05251,0.966509,0.045959,0.246965,-9.066847,1.695333,-12.5238,-0.034411,0.904589,0.018321,0.424498,13.654366,2.263808,38.560986
526,4.383333,-0.029651,0.969638,0.016491,0.24218,0.015618,85.729424,17.421503,-0.038479,0.985741,0.093593,0.134443,-0.488083,93.403206,17.557016,-0.033283,0.990802,0.086105,0.098941,-2.641471,114.281784,21.269365,0.061988,0.99695,0.007857,0.046763,-4.380523,134.878784,24.706676,0.110742,0.974299,-0.194853,-0.022598,-2.417491,149.322586,23.151184,-0.025074,0.93101,0.122045,0.34307,-7.858223,128.978668,23.629707,0.292151,-0.624296,0.007126,-0.724467,-21.206972,129.626587,12.35186,0.088604,0.128779,-0.456818,-0.875718,-15.734055,120.3125,-10.005763,0.207998,0.246552,-0.525637,-0.787181,-1.030347,142.332977,-6.136535,-0.027498,0.991116,0.108658,0.071598,-0.575546,129.34285,25.132046,0.322067,0.859254,0.146588,-0.369415,16.705824,130.023926,27.718391,-0.03269,0.112474,0.468234,-0.875807,29.608185,118.969963,9.610178,-0.016892,-0.198542,0.663977,-0.720716,16.443167,139.286148,5.525246,0.0576,0.937117,0.220727,0.264149,-8.247477,85.264992,13.007031,0.086022,0.989681,-0.043648,0.105958,-7.933838,52.794933,-3.088881,-0.05251,0.966492,0.045993,0.247025,-16.472548,6.115514,0.153391,-0.071521,0.948387,-0.110657,0.288446,8.278712,86.193848,21.835976,0.016444,0.90625,-0.199665,0.372255,10.881667,51.210201,30.938185,-0.034425,0.904539,0.018255,0.424607,2.393407,7.463771,47.56916,-0.05251,0.966492,0.045993,0.247025,-9.06485,1.693874,-12.523635,-0.034425,0.904539,0.018255,0.424607,13.657629,2.261349,38.558949
527,4.391667,-0.029558,0.969662,0.016389,0.242101,0.015329,85.727066,17.415638,-0.038258,0.985769,0.093531,0.134344,-0.486599,93.400993,17.550022,-0.033382,0.99081,0.086066,0.09886,-2.629801,114.278862,21.260965,0.061873,0.996968,0.007892,0.04653,-4.372518,134.87587,24.696386,0.110939,0.974276,-0.194813,-0.022928,-2.413656,149.320267,23.14127,-0.025065,0.931014,0.122132,0.343029,-7.849181,128.974945,23.620522,0.292103,-0.624409,0.007101,-0.724389,-21.198946,129.624039,12.343939,0.08855,0.128732,-0.456806,-0.875737,-15.733025,120.310699,-10.015715,0.208026,0.246521,-0.525705,-0.787138,-1.027629,142.331085,-6.147076,-0.027421,0.991155,0.108393,0.071493,-0.566362,129.340744,25.121788,0.322133,0.859167,0.146608,-0.369552,16.715687,130.020248,27.704018,-0.032529,0.112219,0.468215,-0.875856,29.61091,118.966225,9.590763,-0.01677,-0.198741,0.664148,-0.720506,16.441803,139.282013,5.512668,0.057591,0.937108,0.220735,0.264175,-8.24859,85.263832,13.002582,0.085998,0.989708,-0.043659,0.105721,-7.93375,52.793957,-3.093687,-0.052491,0.966494,0.045979,0.247021,-16.469543,6.11423,0.151945,-0.071515,0.948376,-0.110608,0.288504,8.279247,86.1903,21.828695,0.016379,0.906255,-0.19981,0.372168,10.882321,51.205814,30.927649,-0.034385,0.904619,0.018203,0.424441,2.396178,7.464698,47.5737,-0.052491,0.966494,0.045979,0.247021,-9.062167,1.692036,-12.525082,-0.034385,0.904619,0.018203,0.424441,13.656489,2.26028,38.559746
528,4.4,-0.029497,0.969676,0.016288,0.242062,0.017066,85.725296,17.410097,-0.038108,0.985792,0.093505,0.134236,-0.483579,93.399323,17.543224,-0.033443,0.990838,0.085839,0.098755,-2.619672,114.275536,21.253782,0.062139,0.996948,0.008104,0.046569,-4.363609,134.874008,24.679775,0.110599,0.974286,-0.194957,-0.022932,-2.397174,149.318085,23.131256,-0.024978,0.931107,0.122242,0.342742,-7.83994,128.972275,23.607359,0.292228,-0.624454,0.007035,-0.7243,-21.19672,129.624191,12.339249,0.088898,0.128757,-0.456888,-0.875655,-15.733573,120.308754,-10.02021,0.208605,0.246832,-0.52546,-0.787051,-1.033652,142.331894,-6.160143,-0.027412,0.99115,0.108482,0.071434,-0.556874,129.339432,25.107086,0.322223,0.85909,0.146384,-0.369742,16.725481,130.018646,27.687344,-0.032551,0.112088,0.468284,-0.875835,29.610867,118.959335,9.570317,-0.01677,-0.198845,0.664147,-0.720478,16.442596,139.278763,5.498359,0.057493,0.937154,0.22076,0.264011,-8.247275,85.26268,12.997765,0.086035,0.989713,-0.043696,0.105628,-7.928088,52.792801,-3.098395,-0.052376,0.966539,0.045954,0.246876,-16.467434,6.113994,0.151094,-0.071489,0.948415,-0.110652,0.288366,8.281407,86.187912,21.82243,0.016394,0.906249,-0.199799,0.372188,10.883044,51.203854,30.923458,-0.034265,0.904547,0.018205,0.424605,2.395602,7.462353,47.567833,-0.052376,0.966539,0.045954,0.246876,-9.064981,1.689984,-12.528172,-0.034265,0.904547,0.018205,0.424605,13.657963,2.256572,38.557228
529,4.408333,-0.029411,0.969692,0.016179,0.242014,0.017857,85.724365,17.404131,-0.037897,0.985812,0.09351,0.134142,-0.481088,93.398529,17.535969,-0.033566,0.990841,0.085853,0.098673,-2.608227,114.277542,21.248535,0.062036,0.996961,0.007893,0.046463,-4.357038,134.875565,24.674728,0.110641,0.974275,-0.194978,-0.023014,-2.393696,149.319366,23.119713,-0.025035,0.931123,0.122183,0.342716,-7.831985,128.972916,23.602823,0.292206,-0.624614,0.006897,-0.724173,-21.189312,129.622147,12.335206,0.088864,0.12869,-0.456827,-0.8757,-15.73596,120.310089,-10.028048,0.208608,0.246791,-0.525464,-0.787061,-1.032032,142.331116,-6.169639,-0.027326,0.991177,0.108416,0.07119,-0.548801,129.34198,25.101507,0.322363,0.858982,0.146442,-0.369845,16.734938,130.019302,27.672974,-0.032357,0.111852,0.468318,-0.875854,29.612,118.957504,9.55154,-0.016608,-0.198946,0.664262,-0.720348,16.442314,139.278076,5.485043,0.057466,0.937165,0.220781,0.263963,-8.247016,85.262802,12.992686,0.086042,0.989721,-0.043743,0.10553,-7.926463,52.793346,-3.104314,-0.052291,0.966552,0.04595,0.246841,-16.466608,6.115049,0.150348,-0.071443,0.948483,-0.1107,0.288135,8.28273,86.185928,21.815577,0.016364,0.906253,-0.199873,0.372141,10.882436,51.202168,30.91827,-0.03455,0.904616,0.017917,0.424448,2.395878,7.463389,47.570248,-0.052291,0.966552,0.04595,0.246841,-9.065916,1.690206,-12.529655,-0.03455,0.904616,0.017917,0.424448,13.656852,2.253695,38.560169
530,4.416667,-0.029352,0.969721,0.015971,0.24192,0.022513,85.72258,17.403801,-0.037968,0.985834,0.093359,0.13407,-0.474773,93.396896,17.532808,-0.033443,0.990853,0.085867,0.098583,-2.604133,114.280388,21.239456,0.061993,0.996974,0.007941,0.046223,-4.347595,134.878677,24.666895,0.110786,0.974243,-0.195016,-0.023356,-2.386379,149.322845,23.112688,-0.02508,0.93116,0.122161,0.342622,-7.824093,128.976852,23.59544,0.292273,-0.624686,0.006852,-0.724083,-21.18359,129.623932,12.330269,0.088896,0.128621,-0.456806,-0.875718,-15.734702,120.310379,-10.033449,0.208591,0.246723,-0.525463,-0.787087,-1.028761,142.33075,-6.178864,-0.027138,0.991182,0.108467,0.071107,-0.54052,129.344208,25.092661,0.322346,0.858919,0.146479,-0.369994,16.743994,130.015213,27.660587,-0.032359,0.111767,0.468316,-0.875866,29.616165,118.956924,9.533529,-0.016587,-0.198922,0.664232,-0.720382,16.445713,139.277191,5.470743,0.057478,0.937193,0.220892,0.263767,-8.243277,85.261093,12.994062,0.086075,0.989709,-0.04382,0.105584,-7.924624,52.795303,-3.110348,-0.052256,0.966558,0.045881,0.24684,-16.468699,6.118176,0.150792,-0.071416,0.948477,-0.11067,0.288173,8.288301,86.184059,21.81354,0.016405,0.906295,-0.19996,0.37199,10.886462,51.199532,30.913734,-0.034448,0.904636,0.018044,0.424407,2.396129,7.464173,47.57275,-0.052256,0.966558,0.045881,0.24684,-9.068489,1.691079,-12.528706,-0.034448,0.904636,0.018044,0.424407,13.655768,2.256433,38.559875
531,4.425,-0.029308,0.96974,0.016045,0.241843,0.024752,85.717743,17.39048,-0.03786,0.985845,0.093404,0.133987,-0.472139,93.392059,17.520792,-0.03339,0.990871,0.085765,0.098507,-2.597049,114.276825,21.230358,0.06214,0.996967,0.007996,0.046175,-4.337666,134.875977,24.653971,0.110638,0.974246,-0.195076,-0.023453,-2.372414,149.319778,23.101471,-0.024885,0.931223,0.122226,0.34244,-7.814993,128.974335,23.584234,0.292313,-0.624732,0.006919,-0.724027,-21.17919,129.627686,12.325011,0.088906,0.128522,-0.456777,-0.875747,-15.733186,120.309875,-10.037623,0.208465,0.246705,-0.525432,-0.787147,-1.024806,142.328674,-6.187666,-0.027216,0.991193,0.108419,0.070999,-0.531147,129.341171,25.080246,0.322592,0.858777,0.146275,-0.370189,16.753748,130.015427,27.644709,-0.032207,0.111568,0.468547,-0.875773,29.610872,118.946587,9.513432,-0.016335,-0.199121,0.664325,-0.720248,16.448257,139.274506,5.45637,0.057461,0.937235,0.22082,0.263682,-8.241781,85.257362,12.982027,0.086061,0.989715,-0.04387,0.105515,-7.924913,52.789116,-3.117475,-0.052346,0.966529,0.046054,0.246901,-16.467957,6.112182,0.149041,-0.071438,0.948487,-0.110889,0.288051,8.291286,86.178123,21.798935,0.016463,0.90634,-0.199927,0.371895,10.887421,51.19735,30.914143,-0.034381,0.904605,0.018125,0.424476,2.39496,7.460919,47.569263,-0.052346,0.966529,0.046054,0.246901,-9.065046,1.690792,-12.53087,-0.034381,0.904605,0.018125,0.424476,13.655612,2.254464,38.556908
532,4.433333,-0.029265,0.969764,0.01599,0.241754,0.029257,85.717728,17.383102,-0.037871,0.985858,0.093405,0.133886,-0.466777,93.392113,17.512812,-0.03334,0.99089,0.08569,0.098401,-2.591578,114.274834,21.222216,0.061983,0.996982,0.007901,0.046073,-4.329436,134.874664,24.643126,0.110723,0.974235,-0.195077,-0.02347,-2.368966,149.318771,23.087427,-0.024837,0.931268,0.122255,0.342311,-7.807573,128.973206,23.575031,0.292373,-0.624778,0.006918,-0.723963,-21.174934,129.627884,12.319635,0.088862,0.128413,-0.456756,-0.875779,-15.731806,120.307556,-10.042656,0.208264,0.246567,-0.525486,-0.787208,-1.020816,142.325455,-6.196393,-0.027223,0.991208,0.108334,0.070914,-0.523363,129.339554,25.069395,0.322469,0.858808,0.145854,-0.370392,16.761946,130.014618,27.63089,-0.032308,0.111608,0.468481,-0.8758,29.615545,118.94429,9.498011,-0.016308,-0.199093,0.66438,-0.720205,16.450214,139.270752,5.441277,0.057505,0.937268,0.220765,0.263598,-8.238136,85.257843,12.976206,0.086004,0.989731,-0.043896,0.105402,-7.926763,52.788223,-3.120624,-0.052356,0.96655,0.046021,0.246823,-16.464367,6.110576,0.149925,-0.071453,0.948533,-0.110933,0.287878,8.29665,86.177605,21.790001,0.016556,0.9064,-0.20004,0.371684,10.894486,51.197697,30.908016,-0.034299,0.904621,0.017992,0.424453,2.393954,7.465869,47.571098,-0.052356,0.96655,0.046021,0.246823,-9.063414,1.688256,-12.530806,-0.034299,0.904621,0.017992,0.424453,13.652802,2.254914,38.55909
533,4.441667,-0.029222,0.969787,0.015912,0.241674,0.031841,85.715401,17.376989,-0.037817,0.985879,0.093404,0.133745,-0.463262,93.389862,17.505732,-0.033217,0.990921,0.085569,0.098237,-2.585479,114.275337,21.216171,0.062112,0.99698,0.008055,0.045917,-4.317204,134.876389,24.632927,0.110611,0.974207,-0.195258,-0.023689,-2.353717,149.320557,23.081541,-0.024939,0.931279,0.122338,0.342245,-7.797127,128.975494,23.567385,0.292376,-0.624887,0.006915,-0.723868,-21.165895,129.627563,12.313513,0.088813,0.128333,-0.456744,-0.875801,-15.729507,120.30574,-10.049797,0.20822,0.246477,-0.52554,-0.787211,-1.01687,142.322952,-6.205884,-0.027132,0.991224,0.108286,0.070808,-0.51232,129.340439,25.05917,0.322586,0.85873,0.145882,-0.370458,16.773685,130.012878,27.616629,-0.032054,0.111449,0.468462,-0.875839,29.621086,118.939781,9.481059,-0.016229,-0.199299,0.664447,-0.720088,16.452549,139.265686,5.424874,0.057393,0.937337,0.220791,0.263358,-8.23632,85.255905,12.971497,0.086051,0.989751,-0.043925,0.105157,-7.921,52.78619,-3.125074,-0.052383,0.966574,0.046007,0.246727,-16.462446,6.109548,0.149817,-0.071405,0.948577,-0.111017,0.287714,8.300002,86.174896,21.782482,0.016558,0.906434,-0.20003,0.371607,10.894336,51.195831,30.904734,-0.034715,0.904644,0.01763,0.424385,2.3954,7.46364,47.567696,-0.052383,0.966574,0.046007,0.246727,-9.063728,1.686933,-12.532112,-0.034715,0.904644,0.01763,0.424385,13.655644,2.24857,38.559818
534,4.45,-0.029182,0.96979,0.015892,0.241666,0.035103,85.713089,17.370501,-0.037767,0.985893,0.093392,0.133666,-0.459316,93.387596,17.499098,-0.033175,0.990938,0.085507,0.098137,-2.578925,114.27153,21.209192,0.062127,0.996985,0.008003,0.045792,-4.308302,134.873138,24.623737,0.110609,0.974189,-0.195326,-0.023839,-2.344743,149.317108,23.070606,-0.024731,0.931318,0.12226,0.34218,-7.788916,128.972397,23.559649,0.292373,-0.624959,0.007044,-0.723805,-21.159599,129.630005,12.308367,0.08872,0.128183,-0.456738,-0.875836,-15.727798,120.302544,-10.053719,0.207981,0.246377,-0.525478,-0.787347,-1.012517,142.319321,-6.214226,-0.027176,0.991231,0.108299,0.070662,-0.50377,129.33696,25.049887,0.322709,0.858643,0.145466,-0.370717,16.782877,130.011444,27.602488,-0.032084,0.111439,0.468661,-0.875733,29.61681,118.928703,9.463263,-0.016142,-0.199413,0.664374,-0.720126,16.456928,139.261536,5.40893,0.057424,0.937356,0.220765,0.263302,-8.23318,85.254234,12.965165,0.086057,0.989743,-0.043987,0.105209,-7.921389,52.783932,-3.130303,-0.052408,0.966535,0.045967,0.246883,-16.464195,6.107908,0.149965,-0.071407,0.948517,-0.11098,0.287924,8.303385,86.171944,21.775837,0.016519,0.906411,-0.200146,0.371602,10.896623,51.192307,30.896246,-0.034541,0.90467,0.017666,0.424342,2.397067,7.464388,47.570072,-0.052408,0.966535,0.045967,0.246883,-9.06124,1.684544,-12.529238,-0.034541,0.90467,0.017666,0.424342,13.654858,2.24799,38.559895
535,4.458333,-0.0291,0.969814,0.015808,0.241589,0.038662,85.710426,17.363926,-0.037775,0.985904,0.093414,0.133566,-0.454215,93.385048,17.491611,-0.033053,0.990957,0.085468,0.098018,-2.574436,114.274231,21.203756,0.06203,0.996999,0.007857,0.045639,-4.298195,134.87645,24.617399,0.110746,0.974154,-0.195414,-0.023949,-2.337807,149.320343,23.059563,-0.024855,0.931346,0.122102,0.342153,-7.78044,128.976456,23.55459,0.292278,-0.625084,0.007074,-0.723736,-21.151552,129.627991,12.303471,0.08862,0.128072,-0.456718,-0.875873,-15.727523,120.300652,-10.060542,0.2079,0.246372,-0.52547,-0.787375,-1.00975,142.316101,-6.22347,-0.027016,0.991241,0.108395,0.070447,-0.494828,129.339417,25.042931,0.322717,0.8586,0.145386,-0.370841,16.79318,130.008957,27.587589,-0.032014,0.111313,0.468623,-0.875772,29.62232,118.92601,9.445101,-0.016122,-0.19956,0.664444,-0.720021,16.459164,139.257706,5.394238,0.057435,0.93736,0.220762,0.263291,-8.230411,85.25264,12.959966,0.08606,0.989772,-0.044001,0.10492,-7.919672,52.782345,-3.135525,-0.052196,0.966542,0.046072,0.246879,-16.461939,6.106493,0.148449,-0.071362,0.94855,-0.11106,0.287796,8.307734,86.168205,21.767887,0.016494,0.906371,-0.20017,0.371689,10.897406,51.189377,30.892395,-0.034372,0.904621,0.017859,0.424452,2.397547,7.462287,47.568268,-0.052196,0.966542,0.046072,0.246879,-9.061081,1.684369,-12.532401,-0.034372,0.904621,0.017859,0.424452,13.656587,2.248805,38.557964
536,4.466667,-0.029093,0.969827,0.015752,0.241538,0.042929,85.709602,17.358032,-0.037751,0.985923,0.093368,0.133467,-0.449628,93.384262,17.484945,-0.032927,0.990974,0.085464,0.097891,-2.568312,114.27504,21.195711,0.061831,0.997023,0.007786,0.045396,-4.286378,134.87764,24.609938,0.110895,0.974122,-0.195458,-0.024193,-2.33248,149.322113,23.049255,-0.024913,0.931389,0.122105,0.34203,-7.770275,128.978439,23.548056,0.292336,-0.625121,0.007063,-0.72368,-21.14422,129.627548,12.300166,0.088592,0.127964,-0.45679,-0.875854,-15.7225,120.298294,-10.063605,0.207846,0.246266,-0.525453,-0.787434,-1.006754,142.316086,-6.231385,-0.026995,0.991244,0.108447,0.070331,-0.484172,129.339737,25.034391,0.322766,0.858542,0.145429,-0.370915,16.804447,130.008835,27.575001,-0.031875,0.111167,0.468618,-0.875798,29.629263,118.926071,9.429355,-0.015977,-0.19966,0.66439,-0.720046,16.465252,139.255707,5.381742,0.057448,0.937361,0.220766,0.263282,-8.226607,85.251678,12.954958,0.086084,0.989764,-0.044061,0.104951,-7.916804,52.781593,-3.140985,-0.052286,0.966533,0.04604,0.246902,-16.461967,6.106636,0.148155,-0.071289,0.948583,-0.11115,0.287671,8.312466,86.167526,21.761106,0.016459,0.906302,-0.200177,0.371853,10.896429,51.189404,30.889931,-0.034584,0.904624,0.017681,0.424437,2.396363,7.462475,47.566093,-0.052286,0.966533,0.04604,0.246902,-9.059659,1.684362,-12.531799,-0.034584,0.904624,0.017681,0.424437,13.656537,2.247092,38.558311
537,4.475,-0.029076,0.969834,0.015737,0.241515,0.045973,85.708389,17.351894,-0.03766,0.985941,0.093302,0.133403,-0.446282,93.383064,17.478653,-0.032898,0.990988,0.085396,0.097818,-2.560696,114.276207,21.187635,0.061852,0.997026,0.007784,0.045304,-4.277039,134.879379,24.599337,0.110893,0.974103,-0.195538,-0.024313,-2.322861,149.323776,23.038427,-0.024874,0.931395,0.122174,0.341992,-7.761444,128.98024,23.538771,0.292321,-0.625246,0.007146,-0.723578,-21.136375,129.631287,12.292155,0.088523,0.12787,-0.456761,-0.875889,-15.722458,120.297745,-10.071722,0.207692,0.246285,-0.525418,-0.787492,-1.003955,142.31424,-6.241777,-0.026942,0.991248,0.108485,0.070229,-0.475095,129.341293,25.023973,0.322755,0.858514,0.145089,-0.371123,16.814133,130.008835,27.560898,-0.031949,0.111069,0.468688,-0.875771,29.631624,118.922195,9.412429,-0.015845,-0.199793,0.66446,-0.719948,16.468893,139.255737,5.370722,0.057341,0.937388,0.22081,0.26317,-8.223799,85.250679,12.949234,0.086157,0.989736,-0.04418,0.105113,-7.907762,52.781105,-3.147614,-0.052445,0.966565,0.045907,0.246767,-16.461481,6.108346,0.150543,-0.071281,0.948566,-0.111191,0.287713,8.315745,86.166092,21.754555,0.016455,0.906319,-0.200211,0.371793,10.897911,51.188553,30.886122,-0.034146,0.904595,0.018003,0.424521,2.398063,7.462928,47.565842,-0.052445,0.966565,0.045907,0.246767,-9.061206,1.683456,-12.529689,-0.034146,0.904595,0.018003,0.424521,13.65678,2.250343,38.554607
538,4.483333,-0.029134,0.969857,0.015707,0.241419,0.056575,85.707993,17.348175,-0.037656,0.985961,0.093242,0.1333,-0.436413,93.382629,17.474312,-0.032964,0.990999,0.08536,0.097719,-2.549716,114.274048,21.180626,0.061923,0.997026,0.007723,0.045211,-4.268321,134.877289,24.590704,0.11085,0.974095,-0.195587,-0.024437,-2.312323,149.321243,23.027933,-0.024707,0.931483,0.121835,0.341886,-7.752092,128.97757,23.531336,0.292278,-0.62526,0.007199,-0.723583,-21.129845,129.629471,12.288138,0.088439,0.127708,-0.456847,-0.875877,-15.716818,120.29512,-10.075606,0.207579,0.246248,-0.52546,-0.787505,-1.000874,142.313187,-6.251845,-0.026991,0.991253,0.10856,0.070024,-0.465523,129.339783,25.01516,0.322788,0.858479,0.144819,-0.371281,16.824608,130.009659,27.545246,-0.031943,0.11094,0.468764,-0.875747,29.635212,118.91832,9.3948,-0.0157,-0.200061,0.664423,-0.719911,16.474615,139.254242,5.358813,0.057496,0.937379,0.220817,0.263163,-8.213997,85.249062,12.947154,0.086092,0.989736,-0.044246,0.105136,-7.908441,52.781017,-3.152976,-0.052266,0.966594,0.04603,0.246668,-16.456739,6.107738,0.151889,-0.07118,0.948554,-0.11124,0.287759,8.327146,86.166924,21.749195,0.016457,0.906289,-0.200273,0.371833,10.90085,51.189125,30.882145,-0.034504,0.904614,0.017678,0.424464,2.397979,7.465845,47.566456,-0.052266,0.966594,0.04603,0.246668,-9.060681,1.684747,-12.531458,-0.034504,0.904614,0.017678,0.424464,13.657862,2.249391,38.558933
539,4.491667,-0.029079,0.969854,0.015794,0.241431,0.056531,85.704147,17.337412,-0.037576,0.985976,0.09312,0.133299,-0.435959,93.378792,17.46505,-0.032729,0.991003,0.085431,0.097686,-2.545104,114.269951,21.166515,0.061848,0.997036,0.007655,0.04512,-4.254104,134.873337,24.580597,0.110787,0.974097,-0.195601,-0.024523,-2.300515,149.317352,23.015564,-0.024694,0.931536,0.121892,0.34172,-7.740635,128.975372,23.520527,0.292251,-0.625364,0.007123,-0.723505,-21.122387,129.627609,12.282104,0.088328,0.127647,-0.456818,-0.875912,-15.715755,120.295372,-10.08408,0.207453,0.246139,-0.52552,-0.787533,-0.997296,142.312317,-6.260008,-0.026976,0.99128,0.108339,0.069993,-0.453738,129.334045,25.003607,0.322837,0.858382,0.144964,-0.371405,16.836575,130.004074,27.532431,-0.031865,0.110743,0.468802,-0.875754,29.641068,118.915771,9.375808,-0.015647,-0.200264,0.664341,-0.719931,16.480572,139.251953,5.346655,0.057348,0.937419,0.220735,0.263121,-8.21399,85.24662,12.936144,0.086171,0.989737,-0.044289,0.105044,-7.900789,52.774734,-3.156091,-0.052338,0.966562,0.046081,0.246768,-16.456623,6.103122,0.152711,-0.071263,0.94852,-0.11131,0.287821,8.327053,86.161682,21.73868,0.016467,0.906291,-0.20031,0.371808,10.904342,51.185863,30.878235,-0.034493,0.904607,0.01768,0.42448,2.399741,7.464054,47.565521,-0.052338,0.966562,0.046081,0.246768,-9.057206,1.682288,-12.529432,-0.034493,0.904607,0.01768,0.42448,13.659838,2.24752,38.558304
540,4.5,-0.029082,0.969862,0.015744,0.2414,0.063305,85.700172,17.330976,-0.037614,0.985991,0.093059,0.13322,-0.429039,93.37484,17.457869,-0.032633,0.991018,0.085423,0.097577,-2.539242,114.267456,21.1569,0.06191,0.997036,0.00749,0.045048,-4.243852,134.871155,24.571245,0.110725,0.974098,-0.195627,-0.024559,-2.288556,149.314438,23.001331,-0.02466,0.931575,0.121849,0.341632,-7.731658,128.973801,23.512033,0.292238,-0.625411,0.007095,-0.723469,-21.115578,129.626221,12.276205,0.088271,0.127555,-0.456832,-0.875924,-15.711864,120.294701,-10.090974,0.207381,0.246046,-0.52555,-0.78756,-0.992891,142.311661,-6.269802,-0.026925,0.991298,0.108227,0.069925,-0.444351,129.331207,24.993397,0.322832,0.858342,0.144993,-0.37149,16.84639,130.000015,27.519592,-0.03186,0.110631,0.468799,-0.87577,29.647886,118.913696,9.359653,-0.015644,-0.200394,0.664336,-0.719899,16.485994,139.250046,5.335106,0.057429,0.937406,0.220787,0.263106,-8.207497,85.24234,12.930274,0.086165,0.989727,-0.044419,0.105083,-7.899009,52.772797,-3.166756,-0.052237,0.966565,0.046152,0.246766,-16.455635,6.102178,0.154051,-0.071186,0.948541,-0.111355,0.287753,8.334107,86.158005,21.73168,0.016384,0.906177,-0.200366,0.37206,10.905857,51.182129,30.872559,-0.034213,0.904575,0.017953,0.424561,2.401743,7.46218,47.564964,-0.052237,0.966565,0.046152,0.246766,-9.057192,1.682522,-12.529068,-0.034213,0.904575,0.017953,0.424561,13.661707,2.249183,38.555542
541,4.508333,-0.029083,0.969884,0.015696,0.241316,0.070582,85.699142,17.32806,-0.037677,0.986014,0.092893,0.133149,-0.42159,93.373833,17.454287,-0.032567,0.991026,0.085453,0.097489,-2.533253,114.26767,21.146246,0.061932,0.99704,0.007519,0.044937,-4.234975,134.871338,24.562243,0.110695,0.974077,-0.195733,-0.0247,-2.279438,149.314651,22.992968,-0.024468,0.9316,0.121874,0.34157,-7.723624,128.974426,23.503313,0.292256,-0.625463,0.007253,-0.723415,-21.109352,129.633148,12.27,0.088198,0.127426,-0.456868,-0.875931,-15.708961,120.294655,-10.095079,0.207274,0.245839,-0.525572,-0.787639,-0.989829,142.312622,-6.278288,-0.026794,0.991305,0.108281,0.069799,-0.435996,129.330963,24.983316,0.322731,0.858344,0.144986,-0.371578,16.855612,129.99559,27.504721,-0.031881,0.110463,0.468766,-0.875808,29.657116,118.914055,9.341854,-0.015483,-0.200603,0.664343,-0.719838,16.492002,139.249481,5.324833,0.057504,0.937377,0.220771,0.263208,-8.200979,85.241051,12.928808,0.086158,0.989744,-0.044449,0.104918,-7.896106,52.771603,-3.16852,-0.05226,0.966601,0.046165,0.246618,-16.451818,6.101122,0.156606,-0.0711,0.948567,-0.111371,0.287685,8.342144,86.157234,21.727312,0.01644,0.90607,-0.200441,0.372276,10.908289,51.180721,30.867332,-0.034436,0.90451,0.017729,0.424691,2.392741,7.463804,47.561859,-0.05226,0.966601,0.046165,0.246618,-9.056948,1.681837,-12.528728,-0.034436,0.90451,0.017729,0.424691,13.656652,2.247972,38.559006
542,4.516667,-0.029023,0.969894,0.015604,0.241288,0.073446,85.697876,17.322245,-0.037597,0.986036,0.092802,0.133066,-0.417486,93.372665,17.447336,-0.032531,0.991035,0.085485,0.097383,-2.524894,114.266525,21.135952,0.062088,0.997035,0.007524,0.044823,-4.224875,134.870071,24.553617,0.110552,0.97407,-0.195823,-0.024891,-2.265243,149.312836,22.984436,-0.024421,0.931634,0.121889,0.341474,-7.714041,128.973373,23.495085,0.29229,-0.625574,0.0071,-0.723307,-21.102152,129.633362,12.264682,0.08814,0.127379,-0.456818,-0.87597,-15.708584,120.297752,-10.103251,0.207177,0.245708,-0.52566,-0.787647,-0.986756,142.313141,-6.286846,-0.02689,0.991307,0.108456,0.069457,-0.426069,129.329468,24.973509,0.322883,0.858308,0.144951,-0.371542,16.867027,129.998276,27.483606,-0.031941,0.110357,0.468819,-0.875791,29.664988,118.909958,9.322379,-0.015607,-0.200699,0.66402,-0.720107,16.501085,139.247589,5.311415,0.057481,0.937373,0.220773,0.263223,-8.198437,85.240448,12.923522,0.086235,0.989764,-0.044482,0.104652,-7.891761,52.770889,-3.173543,-0.052528,0.966567,0.046078,0.246708,-16.454121,6.101957,0.156206,-0.071102,0.948542,-0.111402,0.287755,8.345327,86.155304,21.720968,0.01644,0.906072,-0.200493,0.372244,10.910297,51.179321,30.863338,-0.034147,0.904491,0.017994,0.424744,2.39358,7.4644,47.562511,-0.052528,0.966567,0.046078,0.246708,-9.054322,1.682524,-12.526208,-0.034147,0.904491,0.017994,0.424744,13.656691,2.251777,38.556793
543,4.525,-0.029018,0.969905,0.015613,0.241242,0.078396,85.695473,17.314268,-0.037448,0.986033,0.092899,0.133063,-0.412489,93.370262,17.439526,-0.032745,0.991043,0.085244,0.097443,-2.514969,114.271713,21.134445,0.062332,0.997015,0.007512,0.044935,-4.223064,134.876389,24.541166,0.110533,0.974053,-0.195919,-0.024874,-2.255972,149.318176,22.9722,-0.024365,0.931561,0.122017,0.341631,-7.709894,128.97789,23.485085,0.292361,-0.625655,0.007201,-0.723207,-21.094341,129.641968,12.250562,0.088074,0.127387,-0.456771,-0.876,-15.705882,120.299362,-10.115686,0.20696,0.245652,-0.525691,-0.7877,-0.981215,142.313858,-6.296681,-0.026604,0.991313,0.108557,0.069329,-0.422305,129.337402,24.964569,0.322924,0.858268,0.145072,-0.371552,16.871948,129.996567,27.469227,-0.031911,0.110214,0.468859,-0.875789,29.668215,118.909439,9.306075,-0.01547,-0.200702,0.664103,-0.720032,16.50491,139.247894,5.300694,0.057532,0.937364,0.220834,0.263196,-8.193909,85.238152,12.916329,0.086237,0.989764,-0.044622,0.104591,-7.889929,52.77095,-3.185529,-0.052412,0.966563,0.046092,0.246748,-16.453606,6.103232,0.157815,-0.070856,0.948492,-0.11187,0.287799,8.3507,86.152802,21.712208,0.016519,0.905996,-0.200713,0.372307,10.888392,51.181847,30.881411,-0.034045,0.904591,0.01796,0.424539,2.355978,7.475579,47.595192,-0.052412,0.966563,0.046092,0.246748,-9.053946,1.683278,-12.524501,-0.034045,0.904591,0.01796,0.424539,13.613862,2.260625,38.58429
544,4.533333,-0.028984,0.969906,0.015659,0.241239,0.080651,85.693451,17.303915,-0.037331,0.986052,0.092863,0.132982,-0.409898,93.368256,17.429983,-0.032615,0.991058,0.085243,0.09733,-2.507089,114.271835,21.124531,0.062105,0.99704,0.007447,0.044708,-4.209404,134.876877,24.531954,0.110631,0.974039,-0.195906,-0.025091,-2.249602,149.319351,22.960335,-0.024301,0.931618,0.121922,0.341514,-7.697907,128.979202,23.476665,0.29234,-0.62579,0.007119,-0.723099,-21.085243,129.643692,12.245619,0.088063,0.127335,-0.45676,-0.876014,-15.705119,120.302773,-10.123322,0.207079,0.245582,-0.525648,-0.78772,-0.979745,142.315994,-6.306531,-0.026458,0.991336,0.108412,0.069275,-0.409867,129.33696,24.954334,0.322981,0.858163,0.145375,-0.371627,16.884911,129.991623,27.456497,-0.031796,0.10999,0.468855,-0.875823,29.676598,118.909897,9.286843,-0.015416,-0.200781,0.664068,-0.720043,16.511206,139.247162,5.288435,0.057524,0.93733,0.220857,0.263298,-8.191712,85.236954,12.906009,0.086303,0.989763,-0.044759,0.104484,-7.88493,52.770424,-3.197148,-0.052526,0.966573,0.046057,0.24669,-16.455654,6.10494,0.159307,-0.071134,0.948465,-0.111612,0.287918,8.353014,86.149956,21.701822,0.016462,0.906026,-0.20051,0.372347,10.914101,51.177704,30.859529,-0.034525,0.904444,0.017768,0.424821,2.392982,7.463503,47.558315,-0.052526,0.966573,0.046057,0.24669,-9.056382,1.684867,-12.523186,-0.034525,0.904444,0.017768,0.424821,13.660522,2.249907,38.558712
545,4.541667,-0.029042,0.969913,0.015548,0.241213,0.08975,85.692253,17.301378,-0.037228,0.986082,0.092695,0.132907,-0.401259,93.36705,17.425592,-0.032699,0.991064,0.085234,0.097249,-2.492076,114.263741,21.11237,0.062261,0.997032,0.007429,0.044672,-4.197552,134.868622,24.519178,0.110407,0.974067,-0.195885,-0.02517,-2.233341,149.310455,22.947147,-0.024079,0.931678,0.121978,0.341348,-7.685163,128.970306,23.464649,0.29223,-0.62594,0.007035,-0.723016,-21.076843,129.641907,12.239202,0.087914,0.127214,-0.456677,-0.87609,-15.705933,120.305298,-10.133758,0.206943,0.245409,-0.525643,-0.787812,-0.974272,142.31572,-6.317884,-0.026535,0.99133,0.108452,0.069273,-0.396968,129.329407,24.941233,0.323035,0.858057,0.145721,-0.371688,16.897682,129.986649,27.443642,-0.031722,0.109878,0.46884,-0.875848,29.685375,118.911148,9.267373,-0.015604,-0.200865,0.663994,-0.720085,16.518581,139.246994,5.272093,0.057732,0.937315,0.220942,0.263234,-8.18279,85.234169,12.903961,0.086164,0.989783,-0.044871,0.104368,-7.889479,52.772106,-3.208452,-0.052483,0.96663,0.046116,0.246465,-16.447941,6.105307,0.161009,-0.071047,0.948477,-0.111637,0.28789,8.362288,86.15033,21.698793,0.016415,0.905933,-0.200606,0.372522,10.917159,51.177586,30.856365,-0.034544,0.904498,0.017747,0.424707,2.393538,7.466886,47.563026,-0.052483,0.96663,0.046116,0.246465,-9.054839,1.686293,-12.525455,-0.034544,0.904498,0.017747,0.424707,13.65892,2.252887,38.560955
546,4.55,-0.028978,0.969919,0.015532,0.241198,0.096836,85.686111,17.293869,-0.037183,0.986094,0.092645,0.132863,-0.393153,93.360977,17.418093,-0.032737,0.991064,0.085287,0.097196,-2.482116,114.262978,21.103979,0.062353,0.997031,0.007362,0.044577,-4.189192,134.867355,24.512938,0.110406,0.974045,-0.195971,-0.02534,-2.222575,149.30864,22.938887,-0.024089,0.931674,0.121895,0.341386,-7.676354,128.968811,23.4582,0.291963,-0.626086,0.007126,-0.722996,-21.067118,129.639282,12.231586,0.087781,0.127107,-0.456642,-0.876137,-15.705379,120.305595,-10.144801,0.207008,0.2455,-0.525566,-0.787818,-0.970413,142.314316,-6.330168,-0.026378,0.99135,0.108406,0.069119,-0.38804,129.328476,24.934072,0.322998,0.858015,0.145878,-0.371756,16.907642,129.980988,27.430571,-0.03166,0.109761,0.468806,-0.875883,29.693995,118.91111,9.249937,-0.015528,-0.20091,0.664034,-0.720037,16.525448,139.244141,5.258351,0.057855,0.937297,0.221036,0.263195,-8.175911,85.229126,12.896729,0.086153,0.989812,-0.045033,0.104031,-7.889713,52.771084,-3.223927,-0.052807,0.966622,0.046033,0.246443,-16.447577,6.1055,0.163727,-0.071006,0.94846,-0.111742,0.287917,8.369583,86.143097,21.69101,0.016417,0.905907,-0.200631,0.372573,10.919147,51.171623,30.854904,-0.034572,0.904474,0.017832,0.424751,2.393452,7.461915,47.563099,-0.052807,0.966622,0.046033,0.246443,-9.051872,1.686763,-12.521317,-0.034572,0.904474,0.017832,0.424751,13.660333,2.250503,38.561405
547,4.558333,-0.029039,0.969909,0.015567,0.241227,0.101442,85.679283,17.280918,-0.03712,0.986105,0.092637,0.132803,-0.389585,93.35408,17.405424,-0.032574,0.99108,0.085277,0.097097,-2.475837,114.258507,21.091858,0.062297,0.99704,0.007349,0.044449,-4.175794,134.863419,24.501225,0.11038,0.974044,-0.195976,-0.025455,-2.211201,149.304886,22.926449,-0.024004,0.931706,0.121886,0.341308,-7.66501,128.965942,23.447268,0.291894,-0.626215,0.007092,-0.722912,-21.057779,129.638687,12.223191,0.087728,0.127044,-0.45658,-0.876184,-15.704028,120.306488,-10.155723,0.207036,0.245403,-0.525517,-0.787874,-0.964996,142.313156,-6.342138,-0.026436,0.991349,0.108497,0.068973,-0.376256,129.323349,24.921495,0.32307,0.85794,0.145894,-0.371859,16.920023,129.97821,27.413219,-0.031526,0.109527,0.468897,-0.875869,29.700243,118.907509,9.22878,-0.015201,-0.201121,0.664026,-0.719992,16.533379,139.242981,5.244357,0.058027,0.937254,0.221105,0.263248,-8.17097,85.221367,12.883247,0.086103,0.98982,-0.045244,0.103907,-7.894082,52.767002,-3.244971,-0.052786,0.966596,0.046141,0.24653,-16.448856,6.102404,0.164108,-0.071056,0.9484,-0.11184,0.288064,8.373854,86.137207,21.678589,0.016413,0.905857,-0.200682,0.372668,10.923265,51.167828,30.850536,-0.034432,0.904456,0.017906,0.424798,2.394377,7.460028,47.562115,-0.052786,0.966596,0.046141,0.24653,-9.051002,1.686632,-12.520713,-0.034432,0.904456,0.017906,0.424798,13.661072,2.248782,38.560085
548,4.566667,-0.029032,0.969912,0.015548,0.241218,0.106604,85.674583,17.271179,-0.037171,0.98611,0.092542,0.132819,-0.384247,93.349396,17.395424,-0.032365,0.991086,0.085288,0.097092,-2.472405,114.256477,21.077955,0.062309,0.997044,0.007442,0.044336,-4.163702,134.861877,24.488695,0.110378,0.974027,-0.196033,-0.025663,-2.199267,149.30365,22.916386,-0.023994,0.931673,0.121958,0.341373,-7.655402,128.965897,23.434532,0.291755,-0.62636,0.007189,-0.722842,-21.046648,129.640167,12.208718,0.08755,0.126998,-0.456507,-0.876246,-15.701972,120.30674,-10.171861,0.206922,0.245252,-0.525344,-0.788067,-0.958404,142.310608,-6.355214,-0.026285,0.991369,0.108382,0.068919,-0.366428,129.320221,24.90844,0.323116,0.857863,0.146159,-0.371893,16.930399,129.970337,27.39765,-0.031457,0.109428,0.468923,-0.87587,29.70793,118.904076,9.208613,-0.015195,-0.201149,0.663908,-0.720093,16.541525,139.239685,5.226985,0.058172,0.937242,0.221283,0.263111,-8.165903,85.216698,12.873679,0.086072,0.989818,-0.045471,0.103848,-7.897689,52.769268,-3.268631,-0.052886,0.966605,0.046067,0.246486,-16.451454,6.106112,0.162606,-0.071071,0.948365,-0.111936,0.288138,8.37911,86.132469,21.668678,0.016428,0.905816,-0.200735,0.372737,10.92679,51.164818,30.847662,-0.034205,0.904412,0.018195,0.424897,2.393457,7.459098,47.562416,-0.052886,0.966605,0.046067,0.246486,-9.053817,1.689009,-12.521879,-0.034205,0.904412,0.018195,0.424897,13.660988,2.252507,38.558739
549,4.575,-0.029051,0.969893,0.015505,0.241297,0.11382,85.669945,17.263742,-0.037064,0.986116,0.092347,0.13294,-0.377165,93.344757,17.387238,-0.032265,0.991087,0.085166,0.097224,-2.459656,114.248238,21.061041,0.062095,0.997056,0.007677,0.044316,-4.146788,134.854782,24.466927,0.110366,0.974041,-0.195957,-0.025771,-2.188861,149.298141,22.901127,-0.023708,0.931805,0.121879,0.34106,-7.639658,128.959442,23.413151,0.291588,-0.626446,0.007249,-0.722834,-21.038836,129.64064,12.197223,0.08747,0.126972,-0.456434,-0.876296,-15.699594,120.309044,-10.18541,0.206973,0.245225,-0.525265,-0.788114,-0.95188,142.310303,-6.367272,-0.026369,0.991332,0.108593,0.069084,-0.35097,129.312286,24.888819,0.323043,0.857814,0.145995,-0.372133,16.944906,129.964172,27.384171,-0.031552,0.10937,0.468961,-0.875853,29.715902,118.900528,9.188953,-0.015106,-0.201145,0.663852,-0.720149,16.550451,139.238052,5.212114,0.058476,0.937222,0.221326,0.26308,-8.157949,85.211548,12.86491,0.085806,0.989903,-0.045628,0.103185,-7.909991,52.768051,-3.285627,-0.053258,0.966705,0.046145,0.245998,-16.438086,6.101912,0.168885,-0.071061,0.948361,-0.111995,0.288129,8.385591,86.128342,21.662577,0.016504,0.905921,-0.20081,0.372438,10.931386,51.16153,30.845284,-0.03411,0.904436,0.01829,0.424849,2.394437,7.458883,47.566238,-0.053258,0.966705,0.046145,0.245998,-9.049206,1.689485,-12.522329,-0.03411,0.904436,0.01829,0.424849,13.660446,2.253526,38.559944
550,4.583333,-0.029152,0.96988,0.015473,0.241336,0.122253,85.66555,17.255335,-0.037124,0.986122,0.092319,0.132901,-0.370123,93.340286,17.37796,-0.032279,0.991084,0.085276,0.097151,-2.455426,114.249924,21.051384,0.062325,0.997048,0.007491,0.044209,-4.143315,134.855637,24.461859,0.110418,0.974022,-0.195997,-0.025968,-2.178893,149.297546,22.890736,-0.023668,0.931728,0.121726,0.341328,-7.635979,128.960312,23.407368,0.291481,-0.62656,0.007265,-0.722778,-21.028826,129.642181,12.18393,0.087385,0.126969,-0.45634,-0.876354,-15.696666,120.311699,-10.200856,0.206961,0.24515,-0.525151,-0.788216,-0.944462,142.309219,-6.379982,-0.026056,0.991339,0.108774,0.068824,-0.347095,129.313309,24.882015,0.322956,0.857797,0.146244,-0.372151,16.9506,129.95488,27.367369,-0.031649,0.109313,0.46896,-0.875857,29.72373,118.899918,9.168373,-0.015094,-0.201058,0.663904,-0.720125,16.55846,139.23674,5.196411,0.058778,0.937109,0.221683,0.263113,-8.149047,85.2052,12.855827,0.085896,0.989876,-0.046003,0.103202,-7.913767,52.775734,-3.323056,-0.053425,0.966637,0.045878,0.246279,-16.453892,6.11434,0.165628,-0.070848,0.948335,-0.112475,0.288081,8.393553,86.125908,21.65484,0.016637,0.905945,-0.201072,0.372232,10.914945,51.164722,30.865686,-0.03408,0.904627,0.018246,0.424447,2.361136,7.472509,47.60527,-0.053425,0.966637,0.045878,0.246279,-9.056373,1.696058,-12.518512,-0.03408,0.904627,0.018246,0.424447,13.61867,2.265321,38.589451
551,4.591667,-0.029288,0.969868,0.015347,0.241376,0.133422,85.6605,17.251682,-0.037219,0.986138,0.092063,0.132936,-0.360529,93.335175,17.371899,-0.032065,0.991081,0.085409,0.097142,-2.448122,114.242241,21.033293,0.062179,0.997063,0.007457,0.044084,-4.127642,134.847595,24.450157,0.110396,0.974035,-0.195924,-0.026112,-2.167854,149.289963,22.877575,-0.02366,0.931733,0.121808,0.341286,-7.622705,128.953964,23.394085,0.291237,-0.62669,0.007203,-0.722765,-21.016567,129.636871,12.171929,0.087239,0.126956,-0.456244,-0.876421,-15.692449,120.314346,-10.218081,0.206996,0.245161,-0.525004,-0.788302,-0.935961,142.306946,-6.393512,-0.026111,0.991316,0.108954,0.068852,-0.333591,129.303604,24.868387,0.322968,0.857676,0.146642,-0.372262,16.963867,129.946503,27.35503,-0.031536,0.109061,0.468934,-0.875906,29.732496,118.901146,9.147048,-0.015076,-0.201156,0.664061,-0.719953,16.563568,139.236633,5.183101,0.059186,0.937009,0.221966,0.263137,-8.137371,85.197105,12.851543,0.085809,0.989883,-0.046275,0.103086,-7.923566,52.780247,-3.352867,-0.053394,0.966633,0.04583,0.24631,-16.457716,6.119814,0.163189,-0.071016,0.948306,-0.112216,0.288237,8.404216,86.123894,21.651821,0.016515,0.905962,-0.200815,0.372335,10.941179,51.160217,30.848917,-0.034115,0.904492,0.018457,0.424724,2.404968,7.457829,47.570889,-0.053394,0.966633,0.04583,0.24631,-9.05978,1.69996,-12.520159,-0.034115,0.904492,0.018457,0.424724,13.669186,2.256747,38.559895
552,4.6,-0.029452,0.969843,0.015318,0.24146,0.144847,85.651848,17.240965,-0.037316,0.986119,0.091974,0.133111,-0.351444,93.326385,17.360107,-0.031937,0.991071,0.085351,0.097332,-2.44364,114.237534,21.01749,0.062253,0.997056,0.007602,0.04412,-4.118259,134.843628,24.432199,0.110367,0.974038,-0.195907,-0.026265,-2.156356,149.286194,22.864004,-0.023546,0.931737,0.121682,0.341329,-7.614697,128.950958,23.375311,0.291095,-0.626761,0.007276,-0.72276,-21.007732,129.636292,12.152306,0.087096,0.126986,-0.456151,-0.876479,-15.688077,120.314499,-10.239073,0.20686,0.245154,-0.524874,-0.788426,-0.927836,142.302795,-6.408891,-0.026069,0.991304,0.10908,0.068838,-0.326008,129.298569,24.852213,0.322929,0.857652,0.14673,-0.372317,16.971598,129.939774,27.338299,-0.031557,0.108979,0.468982,-0.87589,29.739424,118.898476,9.127288,-0.015051,-0.201428,0.663951,-0.719979,16.571907,139.235489,5.167534,0.059401,0.936969,0.222274,0.262972,-8.125004,85.185394,12.839376,0.08588,0.989956,-0.046566,0.102193,-7.922391,52.780281,-3.388666,-0.053722,0.966611,0.045674,0.246356,-16.462755,6.12359,0.161726,-0.071041,0.948216,-0.11232,0.288484,8.4147,86.118301,21.642553,0.01653,0.905836,-0.20087,0.37261,10.94872,51.156574,30.847883,-0.034035,0.904447,0.018549,0.424822,2.404195,7.456326,47.571217,-0.053722,0.966611,0.045674,0.246356,-9.060499,1.702058,-12.518517,-0.034035,0.904447,0.018549,0.424822,13.669941,2.256674,38.56131
553,4.608333,-0.02955,0.96982,0.015295,0.241542,0.152353,85.642387,17.227867,-0.037282,0.986107,0.091911,0.133251,-0.345329,93.316849,17.346247,-0.031852,0.991059,0.085341,0.097487,-2.436356,114.22937,21.00106,0.062272,0.997052,0.00768,0.044161,-4.107939,134.83577,24.41543,0.110279,0.974049,-0.195889,-0.026358,-2.145419,149.278503,22.849619,-0.023415,0.931752,0.121461,0.341376,-7.60522,128.943802,23.357456,0.290895,-0.626879,0.007291,-0.722738,-20.99733,129.630936,12.133464,0.086909,0.126953,-0.456004,-0.876579,-15.685052,120.313156,-10.261334,0.206628,0.245163,-0.524738,-0.788575,-0.917016,142.295868,-6.426705,-0.025729,0.991278,0.109399,0.068833,-0.316903,129.289948,24.836529,0.32261,0.857643,0.146934,-0.372535,16.98134,129.918579,27.321356,-0.031857,0.108764,0.468947,-0.875925,29.751333,118.896362,9.100312,-0.014971,-0.20163,0.663951,-0.719924,16.579018,139.235352,5.156202,0.059678,0.936916,0.222447,0.262952,-8.116646,85.174065,12.824877,0.085664,0.990042,-0.04681,0.101423,-7.929658,52.776943,-3.419292,-0.053704,0.9667,0.045848,0.245977,-16.449287,6.118885,0.162878,-0.070933,0.948101,-0.112767,0.288715,8.421351,86.110703,21.630857,0.016746,0.905706,-0.201185,0.372748,10.936117,51.155155,30.864876,-0.033965,0.904535,0.018492,0.424641,2.35941,7.467628,47.604958,-0.053704,0.9667,0.045848,0.245977,-9.056787,1.701672,-12.524557,-0.033965,0.904535,0.018492,0.424641,13.620621,2.265484,38.59082
554,4.616667,-0.029647,0.969806,0.015153,0.241594,0.158003,85.631218,17.215424,-0.037287,0.986101,0.091797,0.133374,-0.340601,93.305656,17.331308,-0.031746,0.991047,0.085375,0.097623,-2.431903,114.221718,20.981514,0.062382,0.997043,0.007776,0.044195,-4.0997,134.828156,24.397535,0.110193,0.974051,-0.195912,-0.026474,-2.134002,149.270782,22.834711,-0.023353,0.931684,0.121507,0.341549,-7.598042,128.937073,23.338097,0.290715,-0.626952,0.007307,-0.722747,-20.986122,129.627563,12.109509,0.086567,0.126963,-0.455775,-0.87673,-15.67839,120.313774,-10.288022,0.206093,0.244841,-0.52484,-0.788747,-0.898895,142.287796,-6.442369,-0.026065,0.991264,0.109505,0.06874,-0.310019,129.281433,24.819023,0.322666,0.857636,0.146926,-0.372504,16.988054,129.921829,27.301991,-0.03203,0.108739,0.468948,-0.875921,29.757404,118.896957,9.082111,-0.015294,-0.201667,0.663894,-0.719959,16.584814,139.236938,5.143056,0.059768,0.936796,0.22296,0.262925,-8.110416,85.160515,12.811602,0.08593,0.990041,-0.047258,0.101007,-7.919706,52.780735,-3.467059,-0.053883,0.966604,0.045461,0.246385,-16.466846,6.131029,0.158056,-0.071018,0.948001,-0.112856,0.288987,8.426422,86.101913,21.619246,0.016746,0.905761,-0.201305,0.37255,10.94241,51.148701,30.861765,-0.033906,0.90462,0.018598,0.424462,2.365178,7.465759,47.613525,-0.053883,0.966604,0.045461,0.246385,-9.062447,1.704839,-12.519303,-0.033906,0.90462,0.018598,0.424462,13.62265,2.265497,38.593639
555,4.625,-0.029699,0.969775,0.01525,0.241706,0.162636,85.61776,17.191187,-0.037231,0.986079,0.091845,0.133517,-0.337124,93.292107,17.308266,-0.031623,0.991032,0.085417,0.097771,-2.427439,114.213585,20.961496,0.062318,0.997049,0.007794,0.044153,-4.090809,134.820053,24.379492,0.110322,0.974048,-0.19583,-0.026649,-2.127125,149.263,22.817028,-0.023427,0.931623,0.121421,0.341742,-7.590395,128.930008,23.318401,0.290516,-0.627044,0.007211,-0.722747,-20.973763,129.617935,12.084029,0.086463,0.127064,-0.455628,-0.876802,-15.671721,120.312454,-10.31831,0.206133,0.244883,-0.524713,-0.788808,-0.88615,142.281586,-6.464159,-0.026028,0.991236,0.109734,0.068789,-0.302685,129.272293,24.801361,0.322536,0.857609,0.147186,-0.372576,16.995235,129.910614,27.286001,-0.0323,0.108687,0.468944,-0.87592,29.766083,118.897079,9.060308,-0.015643,-0.201841,0.663815,-0.719976,16.592997,139.237793,5.129793,0.059889,0.936655,0.223156,0.263234,-8.104711,85.146591,12.785395,0.085984,0.990013,-0.047681,0.101037,-7.912846,52.774178,-3.507903,-0.053872,0.966589,0.045587,0.246426,-16.469009,6.129172,0.156221,-0.071168,0.947944,-0.113103,0.289042,8.429983,86.088921,21.596979,0.016809,0.905674,-0.201347,0.372736,10.950357,51.141296,30.859428,-0.033758,0.90456,0.018845,0.42459,2.362773,7.460165,47.610619,-0.053872,0.966589,0.045587,0.246426,-9.063512,1.706496,-12.521735,-0.033758,0.90456,0.018845,0.42459,13.622295,2.264479,38.590641
556,4.633333,-0.029726,0.969768,0.015129,0.241737,0.170093,85.608597,17.177496,-0.037212,0.986081,0.091656,0.133638,-0.329616,93.282974,17.292652,-0.031636,0.991008,0.085534,0.097911,-2.418103,114.201462,20.937056,0.062275,0.997046,0.007697,0.044284,-4.082955,134.807053,24.359617,0.110313,0.974077,-0.195713,-0.026496,-2.119942,149.249802,22.794561,-0.023353,0.931551,0.121573,0.341887,-7.582095,128.917175,23.296122,0.290143,-0.627094,0.007376,-0.722853,-20.962101,129.610001,12.058052,0.08631,0.127089,-0.455544,-0.876858,-15.663274,120.309448,-10.347092,0.206294,0.244929,-0.524619,-0.788814,-0.87323,142.276001,-6.487085,-0.026039,0.991238,0.10968,0.06884,-0.294803,129.259293,24.781179,0.322237,0.857649,0.14706,-0.372794,17.002846,129.897934,27.267605,-0.032765,0.108593,0.468974,-0.875898,29.775208,118.895744,9.036127,-0.015789,-0.202217,0.663786,-0.719893,16.600819,139.242126,5.120016,0.059875,0.936634,0.223398,0.263106,-8.096945,85.136414,12.771236,0.085981,0.990065,-0.04796,0.100394,-7.901512,52.771725,-3.537354,-0.054033,0.966647,0.045587,0.246161,-16.457554,6.129205,0.158527,-0.071354,0.947948,-0.112907,0.28906,8.437131,86.08078,21.583757,0.016636,0.905778,-0.201215,0.372561,10.974266,51.131866,30.836767,-0.033836,0.904526,0.019076,0.424646,2.409483,7.445163,47.585094,-0.054033,0.966647,0.045587,0.246161,-9.057291,1.707531,-12.52283,-0.033836,0.904526,0.019076,0.424646,13.671819,2.256497,38.56459
557,4.641667,-0.029764,0.969769,0.015032,0.241738,0.177362,85.59713,17.156157,-0.037156,0.986071,0.091693,0.133699,-0.322562,93.271515,17.269722,-0.03173,0.990996,0.085518,0.098011,-2.409273,114.191559,20.916161,0.062376,0.997033,0.007798,0.044421,-4.078331,134.797012,24.337461,0.11022,0.974087,-0.195729,-0.026398,-2.112045,149.239685,22.775768,-0.023307,0.931492,0.121634,0.34203,-7.57625,128.906494,23.273462,0.28998,-0.627074,0.007349,-0.722935,-20.952929,129.602203,12.031603,0.086275,0.127117,-0.455449,-0.876906,-15.652849,120.307945,-10.375862,0.206275,0.24506,-0.524479,-0.788872,-0.858456,142.271317,-6.512906,-0.025901,0.991201,0.10999,0.068933,-0.28934,129.249908,24.760094,0.321979,0.857673,0.147471,-0.372799,17.008112,129.882629,27.249405,-0.033165,0.108503,0.468947,-0.875908,29.788542,118.898689,9.012569,-0.016134,-0.202584,0.663434,-0.720108,16.612267,139.245743,5.10954,0.05993,0.936475,0.223751,0.263362,-8.089623,85.123802,12.749919,0.086271,0.990031,-0.048413,0.100256,-7.886306,52.771027,-3.582203,-0.054064,0.966544,0.045419,0.24659,-16.473154,6.137422,0.15455,-0.07142,0.947871,-0.113067,0.289234,8.444347,86.070457,21.562395,0.016651,0.905694,-0.201355,0.372689,10.980853,51.124847,30.828047,-0.033732,0.904491,0.01923,0.424722,2.407493,7.443518,47.586014,-0.054064,0.966544,0.045419,0.24659,-9.061696,1.711768,-12.51888,-0.033732,0.904491,0.01923,0.424722,13.670913,2.257588,38.565289
558,4.65,-0.029847,0.969768,0.015073,0.241727,0.188617,85.584969,17.129307,-0.037348,0.986056,0.091685,0.133761,-0.312689,93.259262,17.243177,-0.031596,0.990984,0.085645,0.098065,-2.407649,114.178787,20.888044,0.062412,0.997028,0.007863,0.044465,-4.071808,134.783691,24.315088,0.110178,0.974108,-0.195651,-0.026358,-2.104399,149.226425,22.755407,-0.02325,0.931418,0.121758,0.342192,-7.571118,128.894363,23.249136,0.289699,-0.627004,0.007466,-0.723107,-20.944006,129.594177,12.003025,0.08622,0.127162,-0.455343,-0.87696,-15.639654,120.305382,-10.405691,0.206293,0.245278,-0.524509,-0.788779,-0.839591,142.266541,-6.53808,-0.025974,0.991173,0.110155,0.069048,-0.284241,129.235519,24.736435,0.321682,0.857738,0.147758,-0.372792,17.012527,129.869888,27.230066,-0.03352,0.108402,0.468847,-0.875961,29.802721,118.90284,8.989922,-0.016393,-0.202854,0.663507,-0.719959,16.620338,139.249176,5.098782,0.059992,0.936341,0.22402,0.263593,-8.078371,85.110321,12.723218,0.086387,0.989997,-0.048925,0.100246,-7.869829,52.766819,-3.627182,-0.053862,0.966552,0.045458,0.246598,-16.472143,6.13986,0.156616,-0.071443,0.947766,-0.113284,0.289485,8.455605,86.059608,21.535395,0.016567,0.905531,-0.201519,0.373001,10.986586,51.117794,30.816835,-0.033723,0.904496,0.019325,0.424708,2.408876,7.442504,47.588306,-0.053862,0.966552,0.045458,0.246598,-9.062467,1.713672,-12.517667,-0.033723,0.904496,0.019325,0.424708,13.672288,2.258897,38.566242
559,4.658333,-0.029782,0.969782,0.014924,0.241689,0.191978,85.570282,17.104479,-0.037465,0.986064,0.091462,0.133822,-0.3078,93.244705,17.216398,-0.031404,0.990964,0.085899,0.098108,-2.406243,114.16124,20.850349,0.062314,0.997031,0.007925,0.044532,-4.063632,134.764816,24.288597,0.110119,0.974148,-0.19551,-0.026192,-2.0989,149.208115,22.730753,-0.023119,0.931435,0.121856,0.342119,-7.564874,128.877243,23.219276,0.289702,-0.626882,0.007141,-0.723216,-20.939707,129.582184,11.975801,0.086303,0.127286,-0.455196,-0.87701,-15.627519,120.306732,-10.436584,0.206225,0.245391,-0.524364,-0.788858,-0.82238,142.262756,-6.564299,-0.02622,0.991136,0.110329,0.069198,-0.277945,129.215149,24.707066,0.321425,0.857811,0.147537,-0.372933,17.017643,129.85701,27.206945,-0.034261,0.10856,0.46895,-0.875858,29.810822,118.896652,8.964869,-0.016896,-0.202951,0.663183,-0.720218,16.633427,139.251495,5.084296,0.05993,0.936177,0.224322,0.263933,-8.075433,85.09613,12.699135,0.086555,0.98996,-0.049393,0.100236,-7.850662,52.761906,-3.669394,-0.053858,0.966546,0.045394,0.246633,-16.472864,6.142077,0.156788,-0.071528,0.947767,-0.113456,0.289396,8.45939,86.044434,21.509825,0.016583,0.905521,-0.201675,0.372939,10.993309,51.106323,30.804407,-0.033778,0.904486,0.019417,0.424721,2.409893,7.43708,47.588696,-0.053858,0.966546,0.045394,0.246633,-9.062395,1.714081,-12.5164,-0.033778,0.904486,0.019417,0.424721,13.674479,2.256559,38.566326
560,4.666667,-0.029702,0.969791,0.014704,0.241675,0.193012,85.55571,17.079081,-0.037436,0.986068,0.091384,0.133853,-0.304751,93.230309,17.188015,-0.031402,0.99096,0.085902,0.098153,-2.401045,114.141426,20.817772,0.062156,0.997037,0.008131,0.044581,-4.058507,134.744995,24.256071,0.110144,0.974182,-0.195337,-0.026087,-2.098383,149.189545,22.704098,-0.022905,0.931408,0.122145,0.342104,-7.559721,128.857468,23.186384,0.289786,-0.626708,0.006951,-0.723334,-20.93527,129.572784,11.944425,0.08661,0.127459,-0.455252,-0.876926,-15.612115,120.303986,-10.468106,0.206544,0.245935,-0.524099,-0.788781,-0.813173,142.261841,-6.596306,-0.026421,0.991112,0.110393,0.069365,-0.272919,129.195267,24.67482,0.321035,0.857954,0.147689,-0.372879,17.021494,129.843292,27.18124,-0.034684,0.108628,0.468751,-0.875939,29.829094,118.899712,8.939213,-0.01726,-0.203098,0.663064,-0.720278,16.643871,139.249222,5.064853,0.059955,0.935902,0.224616,0.264652,-8.074615,85.082008,12.67409,0.086654,0.989917,-0.049898,0.10033,-7.83305,52.757561,-3.713514,-0.053764,0.966569,0.045338,0.246572,-16.469521,6.144148,0.158343,-0.071583,0.947786,-0.113568,0.289274,8.460639,86.029411,21.484072,0.016512,0.905456,-0.201902,0.372979,10.997061,51.093719,30.787039,-0.033597,0.904531,0.019589,0.42463,2.41113,7.432929,47.592026,-0.053764,0.966569,0.045338,0.246572,-9.06164,1.713721,-12.515508,-0.033597,0.904531,0.019589,0.42463,13.672789,2.254518,38.564793
561,4.675,-0.029789,0.969823,0.014568,0.241545,0.197761,85.543564,17.047251,-0.03742,0.986065,0.091416,0.133859,-0.300785,93.21814,17.153896,-0.031433,0.990943,0.086019,0.09821,-2.396312,114.126335,20.784607,0.062006,0.997044,0.008209,0.044621,-4.05572,134.728973,24.227507,0.110173,0.974212,-0.195186,-0.025999,-2.09987,149.174362,22.677694,-0.023065,0.931181,0.122638,0.342534,-7.556367,128.841446,23.15605,0.289215,-0.626597,0.007182,-0.723657,-20.921349,129.559479,11.9017,0.085891,0.127538,-0.455252,-0.876985,-15.591414,120.301651,-10.513752,0.205962,0.245657,-0.524229,-0.788934,-0.791547,142.259369,-6.619789,-0.026424,0.991113,0.110388,0.069368,-0.269762,129.179443,24.645399,0.320626,0.85811,0.148343,-0.372613,17.024624,129.827591,27.151943,-0.035002,0.108639,0.468489,-0.876065,29.85512,118.909096,8.910974,-0.017545,-0.20324,0.662647,-0.720614,16.658821,139.250595,5.042606,0.059921,0.935727,0.224901,0.265037,-8.070941,85.067596,12.644524,0.086795,0.989832,-0.050454,0.100766,-7.814556,52.752144,-3.760561,-0.053601,0.966543,0.045365,0.246706,-16.470947,6.146359,0.15833,-0.071295,0.947727,-0.114018,0.289361,8.466462,86.019524,21.449978,0.016476,0.905242,-0.202449,0.373202,10.972638,51.088272,30.777809,-0.033412,0.904648,0.019455,0.424402,2.366424,7.44842,47.626732,-0.053601,0.966543,0.045365,0.246706,-9.061226,1.715542,-12.514305,-0.033412,0.904648,0.019455,0.424402,13.621156,2.26403,38.594299
562,4.683333,-0.029846,0.969899,0.014515,0.241236,0.206542,85.530556,17.009098,-0.037555,0.986056,0.091504,0.133832,-0.292618,93.205109,17.114901,-0.031427,0.990932,0.086074,0.098272,-2.394207,114.11203,20.748526,0.061961,0.997042,0.008497,0.044671,-4.053799,134.714294,24.193621,0.110127,0.974242,-0.195063,-0.025963,-2.099408,149.160767,22.652216,-0.023009,0.93105,0.12308,0.342735,-7.554383,128.82692,23.121059,0.289092,-0.626448,0.007207,-0.723835,-20.914644,129.55304,11.86162,0.085986,0.127809,-0.455386,-0.876867,-15.575485,120.300201,-10.5537,0.206294,0.246294,-0.523915,-0.788857,-0.786674,142.261993,-6.650983,-0.026458,0.991048,0.110987,0.069318,-0.267953,129.164673,24.611322,0.320115,0.858345,0.148661,-0.372383,17.026613,129.812668,27.11668,-0.035582,0.10888,0.468227,-0.876152,29.881859,118.916389,8.879849,-0.018051,-0.203252,0.662177,-0.72103,16.676533,139.25145,5.013695,0.059901,0.935593,0.225093,0.26535,-8.064902,85.053192,12.611678,0.086914,0.989788,-0.050966,0.100841,-7.797769,52.743816,-3.805216,-0.0536,0.966554,0.045418,0.246652,-16.470343,6.144938,0.159832,-0.071254,0.947759,-0.114358,0.289134,8.477986,86.007919,21.406519,0.016446,0.905139,-0.202649,0.373345,10.976295,51.081882,30.755939,-0.033364,0.904561,0.019431,0.424593,2.362907,7.449663,47.620949,-0.0536,0.966554,0.045418,0.246652,-9.061969,1.71552,-12.514082,-0.033364,0.904561,0.019431,0.424593,13.620865,2.264143,38.593182
563,4.691667,-0.029766,0.969934,0.014426,0.241112,0.203961,85.514526,16.967159,-0.037438,0.986063,0.091508,0.13381,-0.293661,93.189194,17.071997,-0.03139,0.990918,0.086243,0.098282,-2.390691,114.100685,20.707254,0.061864,0.997046,0.008748,0.044682,-4.049457,134.701828,24.159452,0.11002,0.974277,-0.194958,-0.025925,-2.098092,149.14946,22.625242,-0.023016,0.930997,0.123388,0.342769,-7.550277,128.814957,23.084841,0.288947,-0.626294,0.007046,-0.724027,-20.909708,129.544708,11.824651,0.085828,0.127997,-0.455413,-0.876841,-15.560871,120.304283,-10.593485,0.206093,0.246583,-0.523907,-0.788824,-0.776502,142.265732,-6.678569,-0.026653,0.990996,0.111462,0.069227,-0.263839,129.151886,24.575258,0.319553,0.858629,0.148769,-0.372171,17.030815,129.805786,27.07851,-0.035942,0.109047,0.46784,-0.876324,29.911798,118.92942,8.847947,-0.018231,-0.203332,0.661866,-0.721288,16.689966,139.254593,4.981109,0.059929,0.935303,0.225394,0.266111,-8.068695,85.03817,12.571905,0.086987,0.989694,-0.05167,0.101334,-7.783966,52.738869,-3.864501,-0.053545,0.966523,0.045428,0.246786,-16.471758,6.148064,0.161605,-0.071421,0.947716,-0.114417,0.289208,8.476617,85.990883,21.362413,0.016259,0.904961,-0.203141,0.373518,10.984286,51.067543,30.719419,-0.033208,0.904652,0.019451,0.42441,2.366437,7.453746,47.629761,-0.053545,0.966523,0.045428,0.246786,-9.060471,1.718635,-12.510605,-0.033208,0.904652,0.019451,0.42441,13.619259,2.266651,38.596493
564,4.7,-0.029775,0.970007,0.014324,0.240819,0.212905,85.501266,16.926783,-0.037661,0.986085,0.091444,0.133626,-0.284452,93.175964,17.03021,-0.031256,0.990917,0.08652,0.098089,-2.389738,114.086464,20.66173,0.061581,0.997071,0.008864,0.044484,-4.043397,134.685944,24.126198,0.109974,0.974327,-0.194723,-0.02598,-2.101023,149.135071,22.594585,-0.023088,0.930915,0.123491,0.342948,-7.545713,128.800323,23.049755,0.28891,-0.626184,0.00661,-0.724141,-20.900743,129.5298,11.784328,0.085554,0.128312,-0.455535,-0.876758,-15.544766,120.307777,-10.639678,0.205818,0.246797,-0.523881,-0.788846,-0.770791,142.272278,-6.704438,-0.026707,0.991003,0.111442,0.069135,-0.258589,129.135117,24.537291,0.318847,0.858895,0.148807,-0.372146,17.036404,129.791321,27.037588,-0.036468,0.10925,0.467494,-0.876461,29.940664,118.941345,8.807763,-0.018423,-0.203479,0.661407,-0.721663,16.705423,139.257568,4.942989,0.059864,0.935175,0.225655,0.266352,-8.062385,85.024155,12.536573,0.087097,0.989635,-0.052278,0.101506,-7.763749,52.73283,-3.915259,-0.053242,0.966546,0.04548,0.24675,-16.468117,6.149861,0.165351,-0.071429,0.947657,-0.114622,0.28932,8.488194,85.978378,21.316994,0.016183,0.904845,-0.203495,0.373609,10.990917,51.058517,30.68829,-0.033161,0.904629,0.019359,0.424466,2.365471,7.458157,47.629379,-0.053242,0.966546,0.04548,0.24675,-9.060753,1.719394,-12.508789,-0.033161,0.904629,0.019359,0.424466,13.618586,2.268119,38.598164
565,4.708333,-0.029725,0.970088,0.014183,0.240508,0.214297,85.483696,16.883986,-0.037634,0.986116,0.09136,0.133465,-0.281756,93.158501,16.985666,-0.031409,0.990901,0.08677,0.097978,-2.384697,114.068245,20.613914,0.061605,0.99707,0.009175,0.044417,-4.045318,134.665512,24.088236,0.109628,0.974397,-0.194561,-0.026065,-2.102802,149.11557,22.565561,-0.022921,0.930858,0.123585,0.34308,-7.545663,128.779083,23.0098,0.28905,-0.626034,0.005961,-0.724221,-20.897793,129.515747,11.741404,0.085386,0.12871,-0.455583,-0.876691,-15.532033,120.31485,-10.688942,0.205412,0.247091,-0.523936,-0.788824,-0.76647,142.279709,-6.731804,-0.026917,0.990999,0.111647,0.068779,-0.258356,129.115921,24.495983,0.318056,0.859247,0.148758,-0.372029,17.03796,129.780258,26.984936,-0.037026,0.109463,0.467036,-0.876655,29.971582,118.956688,8.760227,-0.018619,-0.203655,0.661019,-0.721964,16.71767,139.260925,4.897205,0.059782,0.935007,0.225971,0.266692,-8.063864,85.006737,12.499173,0.087164,0.989565,-0.052926,0.101792,-7.747274,52.725052,-3.971231,-0.053201,0.966551,0.045478,0.24674,-16.465107,6.149688,0.167026,-0.07152,0.947667,-0.11483,0.289182,8.492457,85.960648,21.268799,0.016099,0.904798,-0.203836,0.37354,10.998289,51.045204,30.655697,-0.033,0.904626,0.019399,0.424484,2.369371,7.457796,47.628326,-0.053201,0.966551,0.045478,0.24674,-9.058419,1.71881,-12.507367,-0.033,0.904626,0.019399,0.424484,13.621372,2.266745,38.596306
566,4.716667,-0.029587,0.970178,0.01407,0.240172,0.212655,85.467163,16.842037,-0.037575,0.986174,0.091236,0.133133,-0.280887,93.142143,16.942709,-0.031514,0.990913,0.086977,0.097641,-2.37876,114.04631,20.565678,0.061488,0.997088,0.009379,0.044134,-4.043369,134.641785,24.048645,0.109349,0.974488,-0.194232,-0.026262,-2.105431,149.093002,22.531145,-0.022852,0.930813,0.123835,0.343119,-7.542629,128.754669,22.970379,0.288593,-0.625936,0.005682,-0.724491,-20.893938,129.496796,11.701372,0.084774,0.128849,-0.45574,-0.876648,-15.521932,120.321465,-10.737942,0.204835,0.247518,-0.523974,-0.788815,-0.766805,142.287857,-6.76058,-0.027246,0.990985,0.11194,0.068385,-0.254441,129.093201,24.451843,0.317362,0.859518,0.148653,-0.372038,17.043137,129.769791,26.928675,-0.037567,0.1096,0.466588,-0.876854,29.998297,118.969704,8.705338,-0.01896,-0.203847,0.66059,-0.722293,16.72496,139.26297,4.846867,0.059862,0.934789,0.226297,0.267162,-8.068686,84.992065,12.463039,0.087038,0.989513,-0.0536,0.102057,-7.742506,52.721756,-4.029445,-0.052932,0.966605,0.0455,0.246583,-16.455872,6.151122,0.170955,-0.071544,0.947748,-0.114896,0.288886,8.493996,85.942253,21.221035,0.015897,0.904557,-0.20429,0.373884,11.002915,51.028156,30.612104,-0.032962,0.904593,0.019344,0.42456,2.368902,7.457778,47.625805,-0.052932,0.966605,0.0455,0.246583,-9.055899,1.718509,-12.506747,-0.032962,0.904593,0.019344,0.42456,13.621825,2.264863,38.596012
567,4.725,-0.02938,0.970297,0.013743,0.239731,0.210067,85.449097,16.799623,-0.037453,0.98623,0.091028,0.132898,-0.279145,93.124405,16.896408,-0.031629,0.990914,0.087101,0.097476,-2.369246,114.0242,20.510839,0.061132,0.997115,0.009815,0.043918,-4.038514,134.618469,23.998726,0.109048,0.974585,-0.193888,-0.026448,-2.112041,149.072449,22.493002,-0.022798,0.930806,0.124319,0.342966,-7.536469,128.730606,22.920305,0.288374,-0.625862,0.005198,-0.724645,-20.891523,129.47963,11.656185,0.083982,0.129036,-0.455901,-0.876614,-15.514645,120.329514,-10.792268,0.203859,0.247443,-0.524327,-0.788857,-0.768045,142.30072,-6.787269,-0.027319,0.990938,0.112548,0.068039,-0.247907,129.070862,24.399549,0.316312,0.859868,0.148834,-0.372051,17.051191,129.749832,26.865118,-0.038209,0.109606,0.465912,-0.877184,30.038918,118.992493,8.639667,-0.01907,-0.204024,0.65994,-0.722835,16.734484,139.267975,4.792538,0.059768,0.934713,0.226723,0.267089,-8.075468,84.976105,12.428329,0.086986,0.989469,-0.054273,0.102171,-7.735567,52.718987,-4.089659,-0.052664,0.966632,0.045443,0.246545,-16.450819,6.154397,0.173421,-0.071697,0.947692,-0.115035,0.288974,8.495602,85.922081,21.170918,0.015811,0.904465,-0.204714,0.373878,11.011112,51.011883,30.574726,-0.032919,0.904606,0.019234,0.424541,2.369724,7.457721,47.62616,-0.052664,0.966632,0.045443,0.246545,-9.054605,1.717939,-12.505136,-0.032919,0.904606,0.019234,0.424541,13.621396,2.261402,38.596767
568,4.733333,-0.029188,0.970452,0.013317,0.239153,0.205477,85.430595,16.752438,-0.037498,0.986302,0.090854,0.132469,-0.279245,93.106255,16.843863,-0.031586,0.990933,0.087361,0.097068,-2.368464,114.004539,20.451208,0.060645,0.997155,0.010156,0.043608,-4.035547,134.597031,23.950676,0.108782,0.974678,-0.193566,-0.026479,-2.124571,149.05397,22.4536,-0.022822,0.930782,0.124776,0.342863,-7.534193,128.709579,22.872269,0.288184,-0.625847,0.004564,-0.724737,-20.891684,129.462891,11.611329,0.08336,0.129296,-0.456131,-0.876515,-15.5136,120.341698,-10.848598,0.203186,0.24783,-0.524429,-0.788841,-0.781822,142.318146,-6.817961,-0.027621,0.990912,0.11301,0.067515,-0.24441,129.049347,24.345585,0.315203,0.860277,0.148792,-0.372064,17.056591,129.739746,26.794565,-0.038977,0.110012,0.465272,-0.877439,30.078619,119.022705,8.569859,-0.019696,-0.204537,0.658737,-0.72377,16.751419,139.278137,4.720835,0.059608,0.934716,0.227219,0.266693,-8.085467,84.958961,12.391269,0.086898,0.989489,-0.054925,0.101701,-7.731626,52.716766,-4.155547,-0.052539,0.96668,0.04536,0.246397,-16.442678,6.157506,0.173775,-0.071829,0.947847,-0.115113,0.2884,8.496423,85.902229,21.113607,0.015697,0.904412,-0.205323,0.373679,11.024962,50.994705,30.523842,-0.032748,0.904687,0.019079,0.424388,2.375694,7.463971,47.63102,-0.052539,0.96668,0.04536,0.246397,-9.051662,1.717502,-12.506569,-0.032748,0.904687,0.019079,0.424388,13.621998,2.26136,38.598549
569,4.741667,-0.028979,0.97067,0.012867,0.238317,0.201943,85.413849,16.700998,-0.037414,0.98638,0.090877,0.131893,-0.277934,93.089882,16.786896,-0.031917,0.990969,0.087325,0.096619,-2.361521,113.987328,20.396734,0.060194,0.99719,0.010712,0.043288,-4.040622,134.579208,23.894072,0.108672,0.974753,-0.193236,-0.026567,-2.144347,149.039612,22.411924,-0.022581,0.930797,0.125277,0.342657,-7.535895,128.689026,22.819601,0.288117,-0.625898,0.00388,-0.724724,-20.89872,129.455261,11.56586,0.082841,0.129572,-0.456316,-0.876427,-15.523484,120.360054,-10.905292,0.202581,0.248187,-0.524555,-0.788801,-0.804204,142.341187,-6.850347,-0.02756,0.990891,0.11363,0.066804,-0.24513,129.034348,24.286757,0.313946,0.860699,0.148417,-0.372301,17.059326,129.723984,26.711433,-0.040283,0.110271,0.464769,-0.877615,30.111908,119.048882,8.48396,-0.020149,-0.204802,0.657625,-0.724693,16.763935,139.29509,4.651451,0.059395,0.934806,0.227772,0.265952,-8.096717,84.943687,12.354368,0.086753,0.989504,-0.055628,0.101299,-7.730411,52.717884,-4.224077,-0.052246,0.966743,0.045263,0.246231,-16.432598,6.163615,0.17624,-0.071982,0.947921,-0.115299,0.288047,8.500603,85.88401,21.047628,0.015698,0.904286,-0.205859,0.373688,11.039122,50.981186,30.472595,-0.032529,0.904556,0.018896,0.424692,2.370736,7.471418,47.623371,-0.052246,0.966743,0.045263,0.246231,-9.048938,1.718297,-12.506528,-0.032529,0.904556,0.018896,0.424692,13.620136,2.261474,38.598995
570,4.75,-0.028759,0.970871,0.012596,0.237537,0.197201,85.395683,16.646914,-0.037593,0.986501,0.090526,0.131178,-0.278333,93.072014,16.72994,-0.03166,0.991005,0.087877,0.095837,-2.364466,113.967239,20.324875,0.059078,0.997282,0.01067,0.042717,-4.032309,134.55574,23.84737,0.108546,0.974862,-0.192781,-0.0264,-2.170186,149.020203,22.361473,-0.022752,0.93078,0.125842,0.342485,-7.530917,128.667664,22.772213,0.287417,-0.62608,0.003337,-0.724848,-20.897593,129.434357,11.523078,0.081953,0.129689,-0.45678,-0.876252,-15.533492,120.377853,-10.966353,0.2024,0.248792,-0.524693,-0.788564,-0.839157,142.369843,-6.887673,-0.027982,0.99093,0.113803,0.06575,-0.237667,129.00943,24.2278,0.31279,0.861068,0.148446,-0.372408,17.070856,129.717514,26.617886,-0.041113,0.110193,0.464045,-0.877969,30.15542,119.087387,8.38706,-0.020557,-0.205527,0.656693,-0.725321,16.773424,139.315048,4.573486,0.059411,0.93479,0.228317,0.265537,-8.108657,84.928017,12.313782,0.08648,0.989497,-0.056409,0.101168,-7.739746,52.72039,-4.299882,-0.052137,0.9668,0.045121,0.246055,-16.422997,6.169954,0.177608,-0.072165,0.947979,-0.11512,0.287882,8.503059,85.863342,20.980043,0.01551,0.904103,-0.206762,0.373641,11.059521,50.959442,30.396181,-0.032401,0.904617,0.018608,0.424586,2.376419,7.484552,47.627769,-0.052137,0.9668,0.045121,0.246055,-9.04516,1.719519,-12.506758,-0.032401,0.904617,0.018608,0.424586,13.621264,2.265449,38.603008
571,4.758333,-0.028452,0.971132,0.012121,0.236531,0.188699,85.377121,16.590754,-0.03755,0.986654,0.090259,0.13022,-0.280448,93.053902,16.668297,-0.031706,0.991067,0.088206,0.094868,-2.35828,113.935616,20.251667,0.058484,0.997333,0.010953,0.042259,-4.025837,134.521561,23.789162,0.107754,0.975036,-0.19238,-0.026164,-2.182727,148.989136,22.309845,-0.022777,0.930847,0.126448,0.342075,-7.524652,128.63298,22.717449,0.286669,-0.62629,0.002514,-0.724966,-20.901085,129.404251,11.480229,0.08077,0.129749,-0.457198,-0.876134,-15.549803,120.397606,-11.032265,0.201691,0.249211,-0.525063,-0.788368,-0.8757,142.399979,-6.92416,-0.02863,0.9909,0.114441,0.064807,-0.228693,128.976273,24.159042,0.31176,0.861328,0.149657,-0.372188,17.082855,129.709091,26.519585,-0.041473,0.109912,0.463245,-0.87841,30.207533,119.139771,8.282234,-0.020981,-0.206557,0.655384,-0.726199,16.78898,139.339813,4.485774,0.059381,0.934784,0.228907,0.265055,-8.126442,84.91256,12.275126,0.086124,0.989458,-0.057263,0.101371,-7.752108,52.724205,-4.375736,-0.05182,0.966866,0.04502,0.245884,-16.410839,6.177154,0.183715,-0.07234,0.948026,-0.1151,0.287691,8.50384,85.841682,20.90638,0.015242,0.903754,-0.207557,0.374053,11.074649,50.939274,30.324162,-0.032236,0.904612,0.018351,0.42462,2.37865,7.494924,47.62616,-0.05182,0.966866,0.04502,0.245884,-9.04073,1.721101,-12.503169,-0.032236,0.904612,0.018351,0.42462,13.621482,2.267089,38.603939
572,4.766667,-0.027856,0.971467,0.01142,0.235256,0.167302,85.355118,16.532242,-0.037464,0.986835,0.090029,0.129024,-0.290316,93.032669,16.602097,-0.031633,0.991153,0.088561,0.09366,-2.358247,113.908981,20.177652,0.057137,0.99745,0.011082,0.041305,-4.019795,134.492508,23.73208,0.10754,0.975171,-0.191794,-0.026292,-2.218985,148.965424,22.252995,-0.023066,0.930931,0.127134,0.341572,-7.520463,128.604141,22.665247,0.286223,-0.62654,0.001279,-0.724929,-20.908461,129.371933,11.441575,0.079653,0.129769,-0.457639,-0.876004,-15.572522,120.420074,-11.096401,0.200718,0.249635,-0.525311,-0.788317,-0.921161,142.430878,-6.963057,-0.02903,0.990904,0.115002,0.063567,-0.221045,128.947479,24.089207,0.31015,0.861808,0.14955,-0.372462,17.095263,129.697861,26.408968,-0.042879,0.110205,0.462396,-0.878753,30.259514,119.190048,8.164595,-0.021924,-0.207229,0.653794,-0.727413,16.806683,139.367859,4.384142,0.059181,0.934826,0.229524,0.264418,-8.159748,84.89785,12.238857,0.085779,0.989554,-0.057901,0.100364,-7.770762,52.728283,-4.447938,-0.051533,0.966939,0.044897,0.245677,-16.398457,6.182584,0.18358,-0.07271,0.948186,-0.115051,0.287089,8.494352,85.812393,20.825628,0.015158,0.903539,-0.208407,0.374104,11.097425,50.913048,30.245903,-0.032156,0.904534,0.018147,0.424801,2.377707,7.502097,47.619637,-0.051533,0.966939,0.044897,0.245677,-9.036766,1.720507,-12.506074,-0.032156,0.904534,0.018147,0.424801,13.622507,2.268098,38.603447
573,4.775,-0.027311,0.971859,0.011073,0.233713,0.148986,85.332802,16.46207,-0.03732,0.987025,0.089941,0.127673,-0.299118,93.010941,16.529421,-0.03191,0.99124,0.088827,0.092381,-2.355141,113.883446,20.104071,0.0566,0.997517,0.011667,0.040264,-4.024608,134.464249,23.6705,0.106956,0.975294,-0.191407,-0.026955,-2.243396,148.941071,22.205778,-0.022931,0.931007,0.12794,0.341073,-7.523121,128.573425,22.61025,0.286166,-0.626883,-0.000224,-0.724656,-20.923246,129.352921,11.401872,0.078794,0.129909,-0.458,-0.875872,-15.608592,120.452072,-11.161312,0.19985,0.249987,-0.52553,-0.78828,-0.978482,142.468719,-7.003276,-0.028982,0.990936,0.115742,0.06173,-0.220424,128.922195,24.015947,0.308279,0.862348,0.149764,-0.37268,17.104031,129.676758,26.272642,-0.04428,0.110009,0.461298,-0.879285,30.317682,119.246353,8.019583,-0.022463,-0.208113,0.652762,-0.728071,16.810928,139.398987,4.273574,0.059113,0.93495,0.230055,0.263531,-8.192198,84.88343,12.195375,0.085201,0.989604,-0.058683,0.09991,-7.803761,52.730953,-4.524326,-0.050971,0.967111,0.045014,0.245098,-16.382317,6.184515,0.190283,-0.072932,0.948368,-0.114969,0.286463,8.49017,85.782173,20.728764,0.014844,0.903313,-0.209528,0.374037,11.116414,50.88382,30.146248,-0.032426,0.904659,0.017363,0.424546,2.385413,7.516566,47.623123,-0.050971,0.967111,0.045014,0.245098,-9.041142,1.720548,-12.510586,-0.032426,0.904659,0.017363,0.424546,13.624722,2.265531,38.609993
574,4.783333,-0.02676,0.972292,0.010447,0.231996,0.127214,85.30957,16.391996,-0.037085,0.987258,0.089747,0.126062,-0.310305,92.988373,16.452745,-0.032343,0.991346,0.089087,0.090832,-2.348692,113.853523,20.022314,0.055749,0.997602,0.012273,0.039146,-4.03153,134.431213,23.600382,0.106359,0.975447,-0.190896,-0.027394,-2.279242,148.91301,22.150202,-0.022958,0.931112,0.128783,0.340468,-7.526315,128.536621,22.548853,0.285625,-0.627297,-0.001679,-0.72451,-20.940828,129.322495,11.358146,0.076984,0.12976,-0.458491,-0.875798,-15.652061,120.48497,-11.236002,0.197991,0.249766,-0.526539,-0.788146,-1.042354,142.5121,-7.042661,-0.02962,0.990944,0.116569,0.059698,-0.219806,128.893539,23.932522,0.306627,0.862873,0.149669,-0.372866,17.111971,129.676712,26.122248,-0.045607,0.11009,0.460475,-0.879638,30.369169,119.308685,7.86522,-0.022908,-0.209086,0.650814,-0.72952,16.827087,139.439575,4.142268,0.05895,0.935229,0.230678,0.262031,-8.22953,84.866943,12.155149,0.084576,0.989654,-0.059425,0.099497,-7.844411,52.733887,-4.601929,-0.050679,0.967196,0.044962,0.24483,-16.369246,6.185687,0.192088,-0.073212,0.948562,-0.114691,0.285862,8.483958,85.752197,20.628843,0.014657,0.903065,-0.210738,0.373963,11.141218,50.85218,30.031439,-0.032047,0.904606,0.016875,0.424708,2.385117,7.532782,47.614109,-0.050679,0.967196,0.044962,0.24483,-9.038008,1.717587,-12.513062,-0.032047,0.904606,0.016875,0.424708,13.621846,2.264425,38.60788
575,4.791667,-0.025974,0.972825,0.010016,0.229864,0.107219,85.279549,16.314789,-0.036926,0.987517,0.089478,0.124258,-0.316898,92.959122,16.372835,-0.032622,0.991473,0.089284,0.089135,-2.340183,113.821259,19.934839,0.054273,0.997719,0.012628,0.038107,-4.029195,134.396713,23.522812,0.105595,0.975636,-0.190366,-0.02728,-2.323431,148.88475,22.079369,-0.023176,0.931234,0.130124,0.339608,-7.522277,128.499252,22.48177,0.284435,-0.62796,-0.002676,-0.7244,-20.956882,129.289978,11.315531,0.074725,0.1294,-0.459269,-0.875639,-15.709695,120.515976,-11.313041,0.196269,0.250058,-0.527,-0.788175,-1.131001,142.56192,-7.084701,-0.029852,0.991027,0.116698,0.05793,-0.211491,128.86235,23.841026,0.304369,0.863459,0.150048,-0.373208,17.127075,129.660614,25.970749,-0.046924,0.110049,0.459218,-0.880231,30.440123,119.390045,7.699276,-0.023208,-0.210123,0.649106,-0.730734,16.842764,139.484222,4.002276,0.058656,0.935647,0.231419,0.259941,-8.268779,84.848717,12.114904,0.083935,0.989746,-0.060192,0.098669,-7.886537,52.737965,-4.684957,-0.050493,0.967304,0.044874,0.244458,-16.354296,6.18822,0.194498,-0.07361,0.948812,-0.114412,0.28504,8.483215,85.710381,20.514675,0.014539,0.902873,-0.212204,0.373603,11.181777,50.809975,29.904062,-0.031962,0.904647,0.016328,0.424647,2.3912,7.549205,47.61343,-0.050493,0.967304,0.044874,0.244458,-9.034674,1.715739,-12.51581,-0.031962,0.904647,0.016328,0.424647,13.623637,2.265577,38.610794
576,4.8,-0.025177,0.973394,0.009289,0.227562,0.073113,85.251663,16.233444,-0.036861,0.987849,0.08906,0.121918,-0.3364,92.932083,16.284399,-0.03262,0.991643,0.089773,0.086725,-2.34575,113.790878,19.832989,0.052453,0.997876,0.013172,0.036312,-4.027647,134.362671,23.445238,0.105068,0.975787,-0.189817,-0.027746,-2.38105,148.858597,22.012434,-0.023382,0.931494,0.13142,0.338381,-7.522783,128.464264,22.416487,0.283909,-0.628588,-0.004442,-0.724053,-20.986153,129.257797,11.285148,0.073038,0.12916,-0.460139,-0.87536,-15.778801,120.554817,-11.38002,0.194892,0.250631,-0.527502,-0.788,-1.24087,142.620056,-7.127143,-0.030826,0.991042,0.117614,0.055256,-0.205684,128.829987,23.740629,0.302069,0.864264,0.150604,-0.372989,17.141401,129.671143,25.782644,-0.048103,0.109886,0.457538,-0.881062,30.53183,119.495789,7.514452,-0.023646,-0.211297,0.647705,-0.731624,16.858812,139.539474,3.843043,0.058482,0.935948,0.232125,0.258261,-8.323405,84.831566,12.073638,0.083128,0.989854,-0.060933,0.097805,-7.945567,52.743076,-4.768795,-0.050324,0.967396,0.04489,0.244124,-16.340193,6.189057,0.195428,-0.074154,0.94918,-0.114006,0.283834,8.469631,85.671768,20.39325,0.014461,0.902681,-0.213791,0.373164,11.225923,50.770451,29.762497,-0.031769,0.904646,0.01563,0.42469,2.394877,7.573774,47.607666,-0.050324,0.967396,0.04489,0.244124,-9.03091,1.715286,-12.520372,-0.031769,0.904646,0.01563,0.42469,13.623365,2.269693,38.612133
577,4.808333,-0.024316,0.974043,0.008653,0.224887,0.041789,85.226944,16.152048,-0.036552,0.988204,0.088805,0.119296,-0.352496,92.908188,16.19759,-0.033088,0.991824,0.090062,0.084142,-2.336458,113.751427,19.739325,0.050887,0.998011,0.013806,0.034545,-4.029347,134.319763,23.36614,0.104413,0.975959,-0.189234,-0.028161,-2.434502,148.822815,21.947121,-0.023533,0.931644,0.13272,0.337448,-7.521241,128.416626,22.353453,0.283189,-0.629581,-0.006705,-0.723454,-21.006437,129.216217,11.248989,0.070313,0.128832,-0.460925,-0.875218,-15.86237,120.602943,-11.464849,0.192204,0.250494,-0.529006,-0.787695,-1.355131,142.686768,-7.163157,-0.031726,0.991106,0.118192,0.05227,-0.198026,128.792435,23.640448,0.299384,0.865122,0.15157,-0.372774,17.158323,129.676117,25.583441,-0.049365,0.109957,0.455707,-0.881932,30.636913,119.619522,7.314306,-0.024205,-0.212447,0.646206,-0.732597,16.884485,139.607666,3.659551,0.058417,0.93627,0.232932,0.256375,-8.378235,84.819122,12.038785,0.082173,0.990029,-0.06165,0.096379,-8.014044,52.757286,-4.854639,-0.049992,0.967554,0.04473,0.243597,-16.318403,6.196609,0.198216,-0.074632,0.949607,-0.1137,0.2824,8.461812,85.634766,20.26531,0.014257,0.902298,-0.215396,0.373174,11.271461,50.733555,29.61908,-0.031391,0.904665,0.014942,0.424703,2.401215,7.601872,47.601498,-0.049992,0.967554,0.04473,0.243597,-9.02634,1.715096,-12.524748,-0.031391,0.904665,0.014942,0.424703,13.623322,2.27522,38.611336
578,4.816667,-0.023287,0.974809,0.007902,0.221684,0.003404,85.197586,16.062483,-0.036146,0.9886,0.088427,0.11638,-0.372747,92.879776,16.101564,-0.033783,0.991982,0.09062,0.081352,-2.326064,113.712669,19.633005,0.048743,0.998172,0.014074,0.032855,-4.039472,134.274826,23.285114,0.104012,0.976145,-0.188523,-0.027954,-2.512551,148.785477,21.868988,-0.023723,0.932029,0.13428,0.335751,-7.525255,128.365631,22.286942,0.282288,-0.630495,-0.008975,-0.722987,-21.050089,129.169113,11.231071,0.06758,0.128317,-0.462113,-0.874883,-15.964935,120.652542,-11.532443,0.189879,0.250689,-0.529787,-0.787672,-1.509136,142.763351,-7.194005,-0.032681,0.991168,0.118926,0.048736,-0.195855,128.754852,23.534128,0.296017,0.86636,0.151653,-0.372552,17.17083,129.685043,25.359514,-0.051569,0.110888,0.453764,-0.882691,30.757189,119.754791,7.101107,-0.025107,-0.213396,0.642591,-0.735465,16.931257,139.685577,3.447137,0.058304,0.936615,0.233921,0.254231,-8.444375,84.804588,12.005067,0.080946,0.99018,-0.062528,0.095303,-8.09199,52.775265,-4.950155,-0.049173,0.967767,0.044663,0.242931,-16.283623,6.205925,0.205803,-0.075115,0.949997,-0.113242,0.281142,8.451181,85.590584,20.1199,0.013735,0.901613,-0.217303,0.373745,11.315918,50.687092,29.448408,-0.03118,0.904712,0.014056,0.42465,2.411896,7.632482,47.598053,-0.049173,0.967767,0.044663,0.242931,-9.017208,1.715256,-12.528605,-0.03118,0.904712,0.014056,0.42465,13.627153,2.280244,38.61454
579,4.825,-0.022123,0.975647,0.006813,0.218123,-0.04584,85.1689,15.975589,-0.035864,0.989046,0.088094,0.112873,-0.400733,92.85215,16.003603,-0.034095,0.992212,0.091063,0.077854,-2.326406,113.669754,19.526327,0.046039,0.99837,0.014415,0.030496,-4.041233,134.227661,23.201645,0.103694,0.976321,-0.187766,-0.028104,-2.600785,148.747513,21.789228,-0.024163,0.932559,0.135991,0.333551,-7.526151,128.314453,22.224443,0.281501,-0.63168,-0.011925,-0.722216,-21.101738,129.112778,11.23059,0.064786,0.127781,-0.463302,-0.874543,-16.093939,120.709755,-11.592191,0.18748,0.251125,-0.531133,-0.787201,-1.690196,142.846176,-7.216259,-0.033796,0.991232,0.11975,0.044459,-0.188777,128.712601,23.420881,0.292182,0.867738,0.15229,-0.372113,17.189249,129.697998,25.103716,-0.054018,0.111914,0.451323,-0.883666,30.903889,119.921234,6.858397,-0.026562,-0.214355,0.638468,-0.738718,16.986471,139.775711,3.204183,0.057871,0.936997,0.235185,0.251747,-8.523984,84.791855,11.980477,0.079703,0.990383,-0.063395,0.093648,-8.162851,52.801834,-5.04861,-0.048064,0.968027,0.044385,0.242166,-16.236818,6.223884,0.214098,-0.075766,0.950427,-0.112649,0.279746,8.432302,85.545937,19.970699,0.013362,0.90117,-0.219363,0.373622,11.367656,50.639854,29.267492,-0.030512,0.904768,0.013063,0.424609,2.425494,7.669863,47.598,-0.048064,0.968027,0.044385,0.242166,-9.001871,1.715736,-12.532041,-0.030512,0.904768,0.013063,0.424609,13.629007,2.283535,38.620216
580,4.833333,-0.020666,0.976594,0.005804,0.214019,-0.106785,85.134331,15.882876,-0.034992,0.989583,0.087434,0.108892,-0.436355,92.818741,15.902038,-0.035002,0.992425,0.091625,0.073976,-2.306371,113.622131,19.405491,0.043751,0.99853,0.014834,0.028356,-4.046207,134.173111,23.107716,0.102892,0.976556,-0.187042,-0.027709,-2.679475,148.700775,21.702356,-0.024669,0.933322,0.137376,0.330802,-7.523196,128.251556,22.153013,0.28034,-0.632946,-0.015145,-0.721498,-21.161798,129.03569,11.23639,0.061196,0.127011,-0.46491,-0.874061,-16.237833,120.766403,-11.653387,0.184385,0.251615,-0.5326,-0.786784,-1.903141,142.939514,-7.23291,-0.035227,0.991316,0.120264,0.039844,-0.177989,128.667862,23.293915,0.287842,0.869356,0.152573,-0.371602,17.210194,129.721634,24.823488,-0.057015,0.113506,0.448819,-0.884549,31.068727,120.110107,6.599095,-0.028009,-0.214855,0.633675,-0.742637,17.06226,139.890976,2.931323,0.05746,0.937442,0.236528,0.248909,-8.619375,84.779015,11.959667,0.078158,0.990682,-0.064235,0.091181,-8.256338,52.831512,-5.149016,-0.046887,0.968364,0.044178,0.241084,-16.179325,6.240547,0.226769,-0.076803,0.951149,-0.112146,0.277199,8.405807,85.489639,19.806087,0.013336,0.901126,-0.221671,0.372366,11.447574,50.586819,29.080921,-0.029766,0.905079,0.012002,0.424031,2.452161,7.713616,47.610939,-0.046887,0.968364,0.044178,0.241084,-8.984707,1.716133,-12.536427,-0.029766,0.905079,0.012002,0.424031,13.632136,2.290099,38.626198
581,4.841667,-0.019236,0.977616,0.004492,0.209469,-0.171251,85.104904,15.796587,-0.034014,0.990167,0.086682,0.104396,-0.475006,92.790398,15.80216,-0.036127,0.992652,0.092166,0.069591,-2.281931,113.567909,19.281466,0.040371,0.99874,0.015029,0.025756,-4.053631,134.111359,23.01026,0.102459,0.976825,-0.185931,-0.027278,-2.793687,148.648621,21.604321,-0.025238,0.93403,0.13961,0.32781,-7.520311,128.179581,22.081985,0.279602,-0.63465,-0.019399,-0.720184,-21.226818,128.95575,11.250182,0.057439,0.126664,-0.466459,-0.873541,-16.417465,120.837128,-11.717758,0.181127,0.252175,-0.534199,-0.786277,-2.156752,143.040939,-7.228729,-0.036881,0.99136,0.121071,0.034465,-0.166922,128.618042,23.160145,0.282799,0.871181,0.152949,-0.371046,17.23106,129.750854,24.511272,-0.060205,0.115171,0.445825,-0.885636,31.252974,120.334152,6.310187,-0.029573,-0.21572,0.629131,-0.74618,17.13887,140.024628,2.62677,0.05745,0.937735,0.237955,0.246436,-8.721055,84.769783,11.953345,0.076473,0.991069,-0.064892,0.087879,-8.375446,52.87125,-5.24683,-0.045872,0.968684,0.043714,0.240075,-16.127798,6.263578,0.231836,-0.077661,0.951969,-0.111397,0.274434,8.378553,85.440033,19.63983,0.013183,0.901147,-0.224203,0.370802,11.521414,50.534702,28.871361,-0.029153,0.905337,0.010489,0.423562,2.482753,7.768488,47.626183,-0.045872,0.968684,0.043714,0.240075,-8.970371,1.717078,-12.544409,-0.029153,0.905337,0.010489,0.423562,13.640761,2.297961,38.642647
582,4.85,-0.01803,0.978729,0.003296,0.204339,-0.232228,85.071136,15.707837,-0.033242,0.990801,0.085965,0.099084,-0.514046,92.757462,15.70078,-0.037168,0.992936,0.092532,0.0643,-2.264387,113.510666,19.157963,0.037413,0.998921,0.015507,0.022722,-4.060359,134.048096,22.90827,0.101497,0.977147,-0.184801,-0.027011,-2.896559,148.594131,21.51026,-0.026285,0.934818,0.141951,0.324461,-7.518259,128.105804,22.015064,0.277951,-0.636484,-0.023224,-0.719091,-21.299301,128.857254,11.276487,0.052466,0.125941,-0.468678,-0.87277,-16.613787,120.900917,-11.773693,0.177397,0.252762,-0.536532,-0.78535,-2.453302,143.155029,-7.20541,-0.038899,0.991327,0.122247,0.028508,-0.155456,128.566711,23.01692,0.277071,0.873136,0.153704,-0.370459,17.250303,129.793503,24.171616,-0.063644,0.117208,0.442393,-0.886848,31.453102,120.607117,5.993086,-0.031082,-0.215715,0.62412,-0.750316,17.221062,140.189301,2.280828,0.057574,0.938237,0.239463,0.24301,-8.822698,84.752724,11.954914,0.074744,0.991429,-0.06585,0.084537,-8.520152,52.907417,-5.344419,-0.045161,0.968942,0.043358,0.239233,-16.099066,6.28677,0.265023,-0.07838,0.952939,-0.110678,0.271136,8.358243,85.389549,19.46076,0.01289,0.901105,-0.226918,0.369258,11.596976,50.48077,28.646015,-0.027974,0.905711,0.009078,0.422874,2.521031,7.830348,47.644924,-0.045161,0.968942,0.043358,0.239233,-8.971264,1.723849,-12.521927,-0.027974,0.905711,0.009078,0.422874,13.647157,2.308226,38.653408
583,4.858333,-0.017004,0.979903,0.002766,0.198732,-0.283753,85.037682,15.604994,-0.032529,0.99143,0.085381,0.093372,-0.548525,92.724617,15.594709,-0.038369,0.993196,0.093003,0.058646,-2.244278,113.452675,19.035355,0.034091,0.99911,0.015766,0.019172,-4.069891,133.982635,22.812122,0.100499,0.977474,-0.183577,-0.027279,-3.014397,148.537064,21.415482,-0.027363,0.935775,0.144061,0.32066,-7.516823,128.028625,21.955288,0.27717,-0.63855,-0.028514,-0.717368,-21.381605,128.748703,11.322871,0.047517,0.125364,-0.470955,-0.87191,-16.840517,120.975067,-11.818383,0.173061,0.253291,-0.539086,-0.784398,-2.787925,143.27739,-7.164736,-0.041115,0.991303,0.123183,0.021297,-0.14502,128.514832,22.875713,0.270583,0.875373,0.15396,-0.369869,17.267101,129.848541,23.791225,-0.067254,0.119412,0.438799,-0.888073,31.66807,120.913612,5.643286,-0.031728,-0.216205,0.61867,-0.75465,17.312428,140.385773,1.89608,0.058016,0.938773,0.241071,0.239216,-8.917302,84.73542,11.950886,0.072777,0.991893,-0.066424,0.080251,-8.685072,52.94981,-5.458965,-0.044541,0.969229,0.042883,0.23827,-16.059233,6.308791,0.253091,-0.078811,0.954056,-0.110288,0.267212,8.349795,85.339951,19.259102,0.012509,0.901215,-0.229747,0.367248,11.663744,50.429832,28.412386,-0.026318,0.906127,0.007642,0.422116,2.564893,7.901406,47.672047,-0.044541,0.969229,0.042883,0.23827,-8.96346,1.726701,-12.544817,-0.026318,0.906127,0.007642,0.422116,13.652513,2.321124,38.668869
584,4.866667,-0.015975,0.981175,0.002376,0.192446,-0.339506,84.994926,15.486614,-0.031354,0.992099,0.084993,0.086788,-0.587657,92.682411,15.475186,-0.040142,0.993441,0.093506,0.052156,-2.208232,113.392815,18.91143,0.030968,0.999277,0.015716,0.015456,-4.083882,133.91301,22.716656,0.099279,0.977847,-0.182268,-0.027167,-3.131354,148.473862,21.313078,-0.028439,0.936763,0.146476,0.31656,-7.512927,127.94281,21.901766,0.275599,-0.640984,-0.03326,-0.715597,-21.466969,128.632767,11.384756,0.041474,0.12417,-0.473788,-0.870854,-17.095076,121.041809,-11.849535,0.168116,0.253932,-0.541817,-0.783383,-3.170188,143.405823,-7.112741,-0.04338,0.991255,0.123888,0.013578,-0.132491,128.463989,22.729158,0.262608,0.878036,0.153625,-0.369445,17.282349,129.909088,23.387833,-0.07106,0.12201,0.43437,-0.8896,31.910055,121.276749,5.274819,-0.031501,-0.216811,0.61246,-0.759535,17.402584,140.610977,1.473685,0.058627,0.939313,0.242793,0.235171,-9.019816,84.709457,11.943632,0.070647,0.992272,-0.067184,0.076755,-8.87279,52.989429,-5.58633,-0.044997,0.969482,0.04224,0.237268,-16.032005,6.329018,0.239606,-0.079471,0.955295,-0.110061,0.262646,8.340803,85.280388,19.029596,0.012342,0.901578,-0.232848,0.3644,11.748359,50.374222,28.163582,-0.024617,0.906532,0.005796,0.421379,2.618118,7.981849,47.706253,-0.044997,0.969482,0.04224,0.237268,-8.958458,1.731317,-12.565001,-0.024617,0.906532,0.005796,0.421379,13.665152,2.332491,38.696274
585,4.875,-0.015267,0.982485,0.001974,0.185706,-0.377409,84.95504,15.376331,-0.031067,0.992754,0.084364,0.079737,-0.613787,92.642891,15.362559,-0.041633,0.993701,0.093766,0.045097,-2.193471,113.326859,18.779902,0.027257,0.999441,0.015773,0.011254,-4.104469,133.83989,22.606045,0.098212,0.978249,-0.180675,-0.027204,-3.273695,148.407852,21.198772,-0.029271,0.937932,0.149279,0.311678,-7.518785,127.854828,21.839867,0.274807,-0.643415,-0.038608,-0.713448,-21.578417,128.521866,11.462939,0.035826,0.123339,-0.476692,-0.869637,-17.380709,121.108864,-11.860762,0.163456,0.254492,-0.544459,-0.782356,-3.591932,143.539078,-7.032776,-0.046484,0.991009,0.125353,0.005214,-0.129942,128.407867,22.56526,0.254173,0.880837,0.15302,-0.368928,17.280643,129.996124,22.94978,-0.07437,0.12441,0.429787,-0.891221,32.143761,121.681213,4.879961,-0.029552,-0.217358,0.607123,-0.76373,17.480816,140.866287,1.02062,0.059013,0.94031,0.244876,0.228844,-9.10595,84.680534,11.952994,0.068488,0.992664,-0.067944,0.072885,-9.066246,53.037418,-5.715994,-0.045413,0.969792,0.041244,0.236092,-16.004757,6.358191,0.225155,-0.079518,0.956597,-0.109761,0.257975,8.351132,85.229553,18.799667,0.011483,0.901645,-0.236102,0.362161,11.812355,50.319134,27.897156,-0.023069,0.907292,0.003614,0.419853,2.693223,8.069981,47.752655,-0.045413,0.969792,0.041244,0.236092,-8.958848,1.73441,-12.5853,-0.023069,0.907292,0.003614,0.419853,13.68379,2.344526,38.721676
586,4.883333,-0.014414,0.983875,0.002321,0.178262,-0.425536,84.90155,15.232122,-0.030414,0.993383,0.084103,0.072054,-0.650056,92.589775,15.227718,-0.04325,0.993911,0.094152,0.037484,-2.17429,113.264534,18.646299,0.023874,0.99957,0.015489,0.007045,-4.123677,133.768784,22.50008,0.096465,0.978692,-0.179258,-0.026886,-3.405139,148.341492,21.080286,-0.030454,0.939366,0.15207,0.305841,-7.5211,127.767815,21.784901,0.273965,-0.64603,-0.044262,-0.711077,-21.704323,128.393921,11.574951,0.03006,0.122132,-0.479911,-0.868254,-17.697289,121.167358,-11.840618,0.15928,0.254674,-0.54766,-0.780922,-4.058114,143.670944,-6.93609,-0.049387,0.990739,0.126419,-0.003956,-0.124938,128.355331,22.400261,0.244845,0.883725,0.152468,-0.368557,17.276314,130.084091,22.481541,-0.07842,0.127424,0.424763,-0.892855,32.384193,122.129166,4.452692,-0.028548,-0.217626,0.601035,-0.768493,17.556965,141.154465,0.519875,0.059697,0.941176,0.246692,0.223086,-9.205374,84.643265,11.941263,0.066171,0.99304,-0.068783,0.069008,-9.288851,53.070755,-5.853424,-0.0461,0.969976,0.04062,0.23531,-15.991388,6.372765,0.209933,-0.079818,0.957703,-0.109938,0.253668,8.354303,85.159836,18.522982,0.010684,0.902058,-0.23955,0.358877,11.873727,50.255703,27.622244,-0.021254,0.908196,0.001424,0.418003,2.778737,8.160859,47.813725,-0.0461,0.969976,0.04062,0.23531,-8.959533,1.735855,-12.603498,-0.021254,0.908196,0.001424,0.418003,13.703119,2.355878,38.753258
587,4.891667,-0.01351,0.985279,0.002387,0.170405,-0.468605,84.845627,15.092246,-0.029729,0.99402,0.083666,0.063558,-0.67962,92.534225,15.093017,-0.044962,0.994074,0.094647,0.028924,-2.144111,113.203339,18.506536,0.019713,0.999689,0.01518,0.00185,-4.131965,133.697327,22.395029,0.095366,0.979105,-0.177532,-0.027237,-3.551696,148.274933,20.96225,-0.031902,0.940903,0.154295,0.299795,-7.51061,127.679352,21.736084,0.274332,-0.6489,-0.05172,-0.70781,-21.818729,128.24733,11.698462,0.024753,0.121364,-0.483224,-0.866691,-18.031853,121.224884,-11.815639,0.155272,0.255032,-0.550717,-0.779461,-4.557849,143.798859,-6.826663,-0.052823,0.990311,0.127696,-0.013693,-0.108235,128.304108,22.22757,0.234816,0.886607,0.151146,-0.368707,17.274723,130.194778,21.98922,-0.082866,0.130954,0.419571,-0.894396,32.616016,122.623352,3.992374,-0.027704,-0.217607,0.594769,-0.773388,17.627396,141.485245,-0.030834,0.060065,0.942326,0.248632,0.215863,-9.300309,84.603554,11.941948,0.063945,0.993433,-0.069454,0.064642,-9.512697,53.103863,-5.980284,-0.04689,0.970164,0.039883,0.234505,-15.982882,6.387129,0.190165,-0.079823,0.959276,-0.110388,0.247453,8.363099,85.0877,18.242544,0.009801,0.902642,-0.243008,0.35509,11.933375,50.190807,27.349758,-0.018961,0.909336,-0.000624,0.41563,2.883118,8.253014,47.885212,-0.04689,0.970164,0.039883,0.234505,-8.964754,1.734636,-12.62514,-0.018961,0.909336,-0.000624,0.41563,13.725821,2.36627,38.779503
588,4.9,-0.01275,0.986686,0.002922,0.162112,-0.510763,84.793282,14.935802,-0.028837,0.994602,0.083452,0.054516,-0.711579,92.482147,14.948358,-0.047409,0.994159,0.094891,0.019887,-2.106895,113.14917,18.36734,0.015716,0.999766,0.014497,-0.003175,-4.161214,133.63176,22.281317,0.094035,0.979538,-0.175889,-0.026945,-3.714041,148.211823,20.826166,-0.033491,0.94265,0.156776,0.292763,-7.511184,127.591324,21.68428,0.273694,-0.652058,-0.058298,-0.704637,-21.96142,128.092438,11.848711,0.01892,0.119944,-0.486546,-0.865175,-18.414494,121.269653,-11.761399,0.151283,0.255659,-0.55421,-0.777562,-5.092634,143.922333,-6.699819,-0.056208,0.989845,0.1284,-0.023693,-0.105605,128.26503,22.045645,0.224103,0.889539,0.150486,-0.368582,17.251373,130.317276,21.477839,-0.087365,0.135442,0.413963,-0.895912,32.841423,123.17189,3.520607,-0.027659,-0.217182,0.587771,-0.77884,17.695221,141.85202,-0.637041,0.060579,0.943513,0.250563,0.208161,-9.394572,84.566154,11.934406,0.061616,0.993829,-0.070169,0.059865,-9.756986,53.140865,-6.115562,-0.048333,0.970326,0.038938,0.233697,-15.981942,6.40583,0.167497,-0.079946,0.961081,-0.111078,0.239985,8.373045,85.020409,17.937197,0.009135,0.90332,-0.246662,0.350838,12.010121,50.136028,27.065908,-0.01649,0.910363,-0.003236,0.41347,2.992805,8.367241,47.957218,-0.048333,0.970326,0.038938,0.233697,-8.97105,1.736927,-12.645806,-0.01649,0.910363,-0.003236,0.41347,13.753003,2.382727,38.817429
589,4.908333,-0.012277,0.988133,0.00341,0.153072,-0.537719,84.747826,14.766359,-0.028215,0.995108,0.083331,0.044951,-0.732361,92.436829,14.789288,-0.049693,0.994152,0.095315,0.010376,-2.067837,113.095154,18.215919,0.01135,0.9998,0.014037,-0.008568,-4.179646,133.565063,22.165442,0.092689,0.979938,-0.174394,-0.02679,-3.877727,148.147415,20.69574,-0.034334,0.944481,0.15972,0.285073,-7.501585,127.503326,21.631075,0.273505,-0.655416,-0.06429,-0.701065,-22.105228,127.961624,12.02262,0.013396,0.118119,-0.490322,-0.863396,-18.812805,121.297646,-11.66957,0.148108,0.255843,-0.557936,-0.775446,-5.665576,144.040985,-6.562781,-0.059931,0.989254,0.128941,-0.034044,-0.095023,128.224197,21.855194,0.21273,0.892299,0.149825,-0.368919,17.225929,130.451233,20.947603,-0.091697,0.139597,0.407994,-0.897578,33.050335,123.769501,3.016868,-0.026693,-0.216326,0.580892,-0.784255,17.733198,142.253571,-1.269463,0.061676,0.944569,0.252381,0.200722,-9.475205,84.530045,11.928068,0.059138,0.994196,-0.071273,0.054742,-10.025955,53.180729,-6.248811,-0.050097,0.970539,0.037867,0.232616,-15.990181,6.432068,0.183981,-0.079642,0.96276,-0.112057,0.232794,8.399768,84.965607,17.60465,0.007932,0.903969,-0.250387,0.346531,12.066732,50.093544,26.768372,-0.013484,0.911579,-0.006096,0.410858,3.130546,8.498955,48.038658,-0.050097,0.970539,0.037867,0.232616,-8.990394,1.745346,-12.628881,-0.013484,0.911579,-0.006096,0.410858,13.791314,2.404229,38.855289
590,4.916667,-0.011791,0.989565,0.004181,0.143541,-0.563495,84.707161,14.585389,-0.027507,0.995534,0.083359,0.034734,-0.752212,92.396248,14.623003,-0.052223,0.994015,0.095951,0.000194,-2.022236,113.044785,18.063555,0.006915,0.999788,0.013044,-0.014329,-4.198484,133.498795,22.060219,0.091141,0.980329,-0.173016,-0.026717,-4.045428,148.080566,20.561972,-0.035642,0.946599,0.162017,0.276462,-7.487878,127.414032,21.590012,0.273435,-0.658923,-0.071163,-0.697129,-22.257444,127.800598,12.235357,0.00801,0.115951,-0.494139,-0.861579,-19.240198,121.31665,-11.543276,0.145009,0.256314,-0.56231,-0.772712,-6.268209,144.151001,-6.408762,-0.063908,0.988444,0.129942,-0.044829,-0.08355,128.186691,21.667486,0.200456,0.894974,0.14965,-0.369384,17.19043,130.599731,20.408186,-0.095444,0.144047,0.401503,-0.899409,33.249645,124.435493,2.500853,-0.025067,-0.215366,0.574076,-0.789574,17.756332,142.695648,-1.943513,0.062488,0.945852,0.254263,0.191859,-9.554238,84.499535,11.919773,0.0566,0.99459,-0.07191,0.049157,-10.302421,53.226662,-6.381307,-0.051688,0.970694,0.036661,0.231814,-15.993895,6.458754,0.157793,-0.079603,0.964549,-0.113182,0.224717,8.427247,84.914787,17.251005,0.007096,0.904893,-0.254267,0.341272,12.149097,50.060631,26.46063,-0.009718,0.912748,-0.009327,0.408302,3.283445,8.651119,48.118034,-0.051688,0.970694,0.036661,0.231814,-8.999796,1.749363,-12.649875,-0.009718,0.912748,-0.009327,0.408302,13.834696,2.428509,38.894028
591,4.925,-0.011326,0.990923,0.004461,0.133882,-0.598745,84.65905,14.415771,-0.026728,0.995858,0.083501,0.024072,-0.780579,92.348267,14.460444,-0.054821,0.993789,0.096268,-0.0105,-1.98074,112.987518,17.919481,0.002642,0.999718,0.011849,-0.020399,-4.22155,133.427322,21.952984,0.089388,0.980724,-0.171665,-0.026852,-4.214123,148.006485,20.42197,-0.03689,0.948434,0.165207,0.26799,-7.475839,127.318665,21.55352,0.272901,-0.662809,-0.077229,-0.692997,-22.403543,127.643456,12.450947,0.001838,0.113455,-0.497971,-0.859738,-19.686054,121.318474,-11.406507,0.141306,0.256539,-0.566724,-0.770093,-6.886754,144.242188,-6.235331,-0.068349,0.987545,0.130161,-0.056048,-0.077296,128.144913,21.476732,0.187952,0.897297,0.14969,-0.370303,17.136557,130.760727,19.85207,-0.099403,0.148784,0.395091,-0.901047,33.403179,125.13813,1.953702,-0.02389,-0.213803,0.566216,-0.795686,17.747574,143.17778,-2.658104,0.063124,0.947052,0.256442,0.182609,-9.639953,84.459709,11.926026,0.054059,0.994952,-0.072554,0.043403,-10.578815,53.273273,-6.513225,-0.05314,0.970839,0.035486,0.231061,-15.995051,6.487453,0.130703,-0.079646,0.966494,-0.114002,0.215754,8.442461,84.858391,16.905516,0.006271,0.906045,-0.258511,0.334986,12.23924,50.018238,26.13751,-0.005676,0.9142,-0.012771,0.405022,3.460801,8.814669,48.219055,-0.05314,0.970839,0.035486,0.231061,-9.00668,1.755284,-12.671685,-0.005676,0.9142,-0.012771,0.405022,13.88233,2.456291,38.940334
592,4.933333,-0.011008,0.992237,0.004612,0.123785,-0.624311,84.622665,14.243791,-0.026209,0.996096,0.083305,0.012885,-0.801107,92.311974,14.293218,-0.057277,0.993423,0.096727,-0.021797,-1.939687,112.937737,17.755028,-0.001996,0.999576,0.011024,-0.026891,-4.235918,133.362289,21.83433,0.087508,0.981068,-0.170621,-0.027125,-4.386236,147.938583,20.283508,-0.037735,0.950662,0.167929,0.258105,-7.454832,127.230621,21.50746,0.277201,-0.666133,-0.08824,-0.686761,-22.562218,127.49189,12.704193,-0.001328,0.112177,-0.501559,-0.857819,-20.154575,121.33123,-11.22942,0.137805,0.256155,-0.571503,-0.767319,-7.543992,144.326996,-6.049007,-0.072846,0.986473,0.130621,-0.067098,-0.06582,128.109253,21.267534,0.174276,0.899532,0.147538,-0.372427,17.078236,130.929047,19.285374,-0.103926,0.153679,0.388601,-0.902536,33.512543,125.872505,1.371315,-0.021528,-0.211778,0.558074,-0.802022,17.695513,143.697495,-3.407879,0.064007,0.948163,0.258451,0.173473,-9.714458,84.428482,11.938683,0.051472,0.995341,-0.072987,0.036326,-10.863697,53.325169,-6.628618,-0.054653,0.971043,0.034158,0.230048,-15.98964,6.519374,0.104349,-0.079391,0.968371,-0.114728,0.206864,8.465836,84.816856,16.548899,0.004961,0.907266,-0.262943,0.328183,12.318124,49.985809,25.792259,-0.001543,0.916094,-0.01689,0.400605,3.680937,9.000689,48.331314,-0.054653,0.971043,0.034158,0.230048,-9.013208,1.760257,-12.694565,-0.001543,0.916094,-0.01689,0.400605,13.943419,2.489269,38.981724
593,4.941667,-0.010736,0.993494,0.00513,0.113261,-0.654745,84.583618,14.054118,-0.025541,0.996152,0.083824,0.001235,-0.827762,92.272934,14.113818,-0.059812,0.992896,0.097256,-0.033498,-1.897559,112.890007,17.609194,-0.006447,0.999365,0.00942,-0.033743,-4.249831,133.297821,21.740025,0.08531,0.981375,-0.169858,-0.027824,-4.554671,147.86734,20.148706,-0.038721,0.952709,0.170157,0.248782,-7.43029,127.142654,21.486715,0.277151,-0.670598,-0.094674,-0.681558,-22.70031,127.332985,12.9668,-0.007875,0.10883,-0.505547,-0.855872,-20.647566,121.307465,-11.034194,0.133588,0.25531,-0.576136,-0.764878,-8.212181,144.395752,-5.841378,-0.077293,0.985199,0.131156,-0.07878,-0.055334,128.075424,21.078098,0.160001,0.901281,0.146547,-0.374988,17.005762,131.100052,18.718145,-0.107214,0.158266,0.38184,-0.904243,33.581982,126.667656,0.769575,-0.017993,-0.210471,0.549156,-0.808583,17.600861,144.254684,-4.191023,0.065058,0.949137,0.260577,0.164335,-9.791801,84.394417,11.942156,0.048539,0.995616,-0.073744,0.030893,-11.163718,53.380932,-6.759794,-0.055935,0.971279,0.032784,0.22894,-15.977623,6.557789,0.082005,-0.079371,0.970329,-0.115534,0.197013,8.482311,84.772812,16.16608,0.003983,0.908663,-0.267686,0.320405,12.414894,49.954994,25.42544,0.002941,0.917813,-0.021703,0.396408,3.911559,9.208456,48.442883,-0.055935,0.971279,0.032784,0.22894,-9.017982,1.768516,-12.714797,0.002941,0.917813,-0.021703,0.396408,14.009932,2.524051,39.036846
594,4.95,-0.01066,0.994645,0.005492,0.102654,-0.68031,84.554375,13.861698,-0.024794,0.996129,0.083687,-0.010386,-0.852093,92.24366,13.928899,-0.062317,0.992205,0.098012,-0.045158,-1.84933,112.849739,17.428312,-0.011085,0.999086,0.008055,-0.040482,-4.255083,133.238541,21.621761,0.082802,0.981685,-0.169216,-0.028359,-4.719728,147.8004,19.999222,-0.040401,0.954856,0.172907,0.238162,-7.395662,127.060463,21.438004,0.277055,-0.67511,-0.101583,-0.676128,-22.8419,127.151489,13.240189,-0.014979,0.10514,-0.509759,-0.853737,-21.157984,121.273575,-10.826029,0.128709,0.254223,-0.581299,-0.762166,-8.908798,144.458466,-5.618573,-0.082083,0.983732,0.131929,-0.090161,-0.038917,128.047028,20.861792,0.145511,0.902567,0.145763,-0.378091,16.928238,131.287125,18.138538,-0.110496,0.162392,0.374912,-0.906014,33.608276,127.501854,0.138086,-0.014313,-0.208417,0.540232,-0.815173,17.457348,144.842255,-4.987453,0.065835,0.950102,0.26268,0.154826,-9.860361,84.366035,11.945147,0.046178,0.995881,-0.074579,0.022959,-11.44631,53.439667,-6.883711,-0.056965,0.971472,0.031337,0.228068,-15.984016,6.607035,0.080805,-0.079176,0.97236,-0.115949,0.186554,8.499742,84.742714,15.77825,0.002769,0.91007,-0.272861,0.311948,12.512231,49.929611,25.021053,0.007896,0.919776,-0.027376,0.391408,4.17524,9.448388,48.561565,-0.056965,0.971472,0.031337,0.228068,-9.037651,1.783899,-12.710491,0.007896,0.919776,-0.027376,0.391408,14.080418,2.565868,39.093189
595,4.958333,-0.010321,0.995715,0.005627,0.091721,-0.715636,84.530197,13.668999,-0.023993,0.995934,0.083871,-0.022467,-0.881664,92.219566,13.740624,-0.065009,0.991334,0.09874,-0.057277,-1.802525,112.818909,17.257565,-0.015753,0.998714,0.006451,-0.047761,-4.266319,133.187347,21.515787,0.080638,0.981918,-0.168717,-0.029496,-4.894176,147.739075,19.857731,-0.041583,0.956931,0.175273,0.227668,-7.36236,126.985123,21.403751,-0.27681,0.679849,0.107715,0.670507,-22.976171,126.989029,13.529264,-0.02275,0.10073,-0.514102,-0.85149,-21.674896,121.230026,-10.589376,0.123163,0.251969,-0.586307,-0.759992,-9.614428,144.514069,-5.378044,-0.086661,0.982048,0.132989,-0.101913,-0.029203,128.028915,20.653879,0.12996,0.903658,0.143099,-0.382145,16.831987,131.479416,17.55662,-0.114351,0.167017,0.36776,-0.907624,33.571705,128.3629,-0.516491,-0.010928,-0.20665,0.531285,-0.82153,17.252266,145.457977,-5.822961,0.06623,0.951024,0.264832,0.145019,-9.935687,84.347092,11.954617,0.043704,0.996092,-0.075072,0.015992,-11.717405,53.50679,-6.997495,-0.05829,0.971709,0.029459,0.226973,-15.972877,6.660023,0.049628,-0.079284,0.97422,-0.116254,0.176335,8.504414,84.713303,15.383382,0.001667,0.911594,-0.278156,0.302693,12.617195,49.906567,24.606045,0.012469,0.921889,-0.03372,0.385783,4.463138,9.702483,48.679543,-0.05829,0.971709,0.029459,0.226973,-9.042766,1.792914,-12.733823,0.012469,0.921889,-0.03372,0.385783,14.160339,2.611221,39.150108
596,4.966667,-0.010211,0.996669,0.006486,0.080656,-0.747111,84.504257,13.451683,-0.02337,0.995576,0.084157,-0.034636,-0.911703,92.193504,13.538461,-0.067271,0.990337,0.099376,-0.069505,-1.762956,112.787476,17.076584,-0.020669,0.998276,0.004492,-0.054742,-4.26545,133.138092,21.396969,0.078028,0.982189,-0.168292,-0.029894,-5.063643,147.676468,19.69561,-0.042455,0.958874,0.177919,0.217034,-7.320085,126.914474,21.357946,-0.278623,0.68457,0.115916,0.663548,-23.096739,126.841232,13.815364,-0.0293,0.097132,-0.517982,-0.849354,-22.206459,121.188667,-10.347091,0.117306,0.250465,-0.592106,-0.756913,-10.32519,144.554352,-5.125893,-0.091808,0.980179,0.133895,-0.113546,-0.014466,128.009308,20.432571,0.114379,0.904148,0.142312,-0.38624,16.726933,131.688309,16.97002,-0.116875,0.171046,0.359793,-0.909743,33.499458,129.282242,-1.181054,-0.007587,-0.205035,0.522603,-0.82752,16.985277,146.086716,-6.675701,0.066822,0.951912,0.266831,0.134909,-10.002986,84.323158,11.942395,0.040914,0.996244,-0.075827,0.008665,-12.004359,53.565586,-7.121908,-0.059856,0.972055,0.0278,0.225286,-15.944332,6.707194,0.030588,-0.079551,0.976045,-0.116798,0.165429,8.508765,84.685356,14.960972,0.000634,0.913059,-0.283588,0.293087,12.736284,49.890881,24.178022,0.017101,0.924184,-0.040834,0.379373,4.774423,9.976834,48.792397,-0.059856,0.972055,0.0278,0.225286,-9.043017,1.803259,-12.754369,0.017101,0.924184,-0.040834,0.379373,14.2392,2.659328,39.200527
597,4.975,-0.010204,0.997491,0.00739,0.069669,-0.778572,84.480148,13.235026,-0.022487,0.995096,0.084175,-0.04683,-0.943073,92.169205,13.337487,-0.069823,0.989174,0.099892,-0.081741,-1.713662,112.751457,16.882572,-0.025706,0.997766,0.002639,-0.061613,-4.265972,133.083099,21.262726,0.075447,0.982473,-0.167775,-0.030101,-5.237939,147.606415,19.523645,-0.043569,0.960975,0.180379,0.205164,-7.273447,126.83654,21.296579,-0.278676,0.689685,0.122929,0.656934,-23.222029,126.666519,14.126307,-0.036928,0.092396,-0.521767,-0.847266,-22.764011,121.132126,-10.075538,0.111082,0.248745,-0.597195,-0.754417,-11.044986,144.58136,-4.860915,-0.09741,0.978033,0.135044,-0.125408,-0.000593,127.986526,20.196491,0.0981,0.904531,0.140314,-0.390527,16.604616,131.910812,16.366873,-0.11977,0.174893,0.351229,-0.911979,33.383537,130.225388,-1.85937,-0.003779,-0.202887,0.513506,-0.833747,16.655149,146.721252,-7.536074,0.067224,0.952713,0.268714,0.124949,-10.065437,84.298859,11.929913,0.038662,0.99633,-0.076366,0.00038,-12.273994,53.618275,-7.23532,-0.061321,0.972223,0.026257,0.224348,-15.941111,6.750643,0.001246,-0.07962,0.977802,-0.116649,0.154781,8.508292,84.661446,14.54014,-0.000693,0.914121,-0.290107,0.283231,12.842673,49.865253,23.700911,0.021311,0.926942,-0.049129,0.371363,5.086451,10.306987,48.947205,-0.061321,0.972223,0.026257,0.224348,-9.049909,1.813441,-12.776367,0.021311,0.926942,-0.049129,0.371363,14.280191,2.740871,39.284855
598,4.983333,-0.010116,0.998196,0.008135,0.058627,-0.807387,84.463593,13.01492,-0.021716,0.994446,0.084254,-0.059214,-0.970059,92.152496,13.130715,-0.072355,0.987814,0.10056,-0.094216,-1.66398,112.72905,16.6854,-0.03073,0.997158,0.000821,-0.068781,-4.262251,133.039993,21.134045,0.073004,0.982662,-0.167648,-0.030667,-5.409053,147.546463,19.361084,-0.043832,0.962858,0.183105,0.193536,-7.220577,126.770798,21.239283,-0.280395,0.694649,0.13042,0.649486,-23.330496,126.534142,14.44123,-0.043699,0.087906,-0.525677,-0.845001,-23.307974,121.067879,-9.780417,0.105001,0.246572,-0.602255,-0.751975,-11.768244,144.60025,-4.583416,-0.10316,0.9757,0.135848,-0.137527,0.014235,127.976097,19.961855,0.08134,0.904759,0.137033,-0.39499,16.467663,132.14975,15.758962,-0.12226,0.178392,0.342234,-0.914388,33.221836,131.183029,-2.542187,0.001606,-0.200771,0.503568,-0.840302,16.265089,147.351089,-8.400169,0.067713,0.953381,0.270477,0.115423,-10.120863,84.283104,11.915536,0.036454,0.996353,-0.076866,-0.006576,-12.537286,53.676247,-7.342257,-0.062555,0.972331,0.024573,0.223731,-15.944357,6.800133,-0.03392,-0.079751,0.979545,-0.116307,0.143543,8.506089,84.644089,14.114304,-0.002309,0.915581,-0.296446,0.27171,12.9584,49.843628,23.202007,0.025333,0.930159,-0.058347,0.361604,5.497167,10.639498,49.081673,-0.062555,0.972331,0.024573,0.223731,-9.057382,1.824468,-12.798886,0.025333,0.930159,-0.058347,0.361604,14.375705,2.806943,39.337208
599,4.991667,-0.010346,0.998766,0.009122,0.047719,-0.836358,84.440193,12.793103,-0.020326,0.993699,0.08395,-0.07143,-1.002011,92.128769,12.925656,-0.075396,0.986278,0.101238,-0.106406,-1.595375,112.707672,16.47164,-0.035763,0.996492,-0.000762,-0.075654,-4.260262,132.994064,20.992348,0.070366,0.982868,-0.167493,-0.031061,-5.580941,147.482651,19.194443,-0.044773,0.964815,0.1853,0.181083,-7.161544,126.699738,21.164625,-0.28047,0.699945,0.137026,0.642368,-23.431694,126.362465,14.764055,-0.051582,0.082724,-0.529528,-0.842672,-23.863735,120.984482,-9.473496,0.099024,0.244134,-0.607206,-0.749596,-12.495038,144.599625,-4.289324,-0.10882,0.973185,0.136836,-0.149482,0.030161,127.967361,19.715643,0.063623,0.904731,0.133077,-0.39963,16.321615,132.386597,15.148616,-0.124223,0.181628,0.332302,-0.917145,33.020226,132.169037,-3.22739,0.008415,-0.19876,0.491963,-0.847583,15.807082,147.969086,-9.2758,0.068284,0.953973,0.272179,0.105787,-10.171505,84.254509,11.897242,0.034308,0.996321,-0.077375,-0.013429,-12.806143,53.720211,-7.446926,-0.064023,0.972376,0.023149,0.223271,-15.959009,6.837124,-0.069517,-0.079774,0.981207,-0.115639,0.132273,8.498789,84.625885,13.688965,-0.004421,0.916904,-0.303098,0.259613,13.063744,49.814457,22.678244,0.028343,0.933846,-0.068407,0.349927,5.963803,10.991076,49.224922,-0.064023,0.972376,0.023149,0.223271,-9.069377,1.832371,-12.821669,0.028343,0.933846,-0.068407,0.349927,14.490017,2.884315,39.390491
600,5.0,-0.010243,0.999226,0.009982,0.036647,-0.864344,84.420219,12.5726,-0.019458,0.992769,0.083566,-0.083952,-1.027413,92.108566,12.720267,-0.078106,0.98455,0.101938,-0.119038,-1.541681,112.70137,16.256332,-0.040724,0.995722,-0.00249,-0.082903,-4.255848,132.964371,20.852003,0.068021,0.983026,-0.167409,-0.031734,-5.750292,147.4328,19.027924,-0.045798,0.966589,0.187434,0.16875,-7.101446,126.646927,21.093136,-0.284012,0.704441,0.147941,0.633414,-23.519251,126.204895,15.088219,-0.056495,0.079439,-0.53277,-0.840627,-24.419325,120.922791,-9.157554,0.094122,0.242559,-0.611907,-0.746911,-13.214585,144.596222,-3.985072,-0.114726,0.970607,0.136955,-0.161254,0.04166,127.972626,19.466608,0.046372,0.904009,0.131638,-0.404091,16.159,132.639526,14.542166,-0.124089,0.183858,0.321506,-0.920561,32.773792,133.199371,-3.902438,0.017193,-0.196,0.477612,-0.856257,15.285626,148.563522,-10.137293,0.068697,0.954445,0.273877,0.096469,-10.217052,84.235077,11.883731,0.03218,0.996231,-0.077877,-0.02056,-13.054611,53.772091,-7.54399,-0.06519,0.972537,0.021526,0.222393,-15.952054,6.882951,-0.100603,-0.079878,0.982749,-0.114763,0.121052,8.488364,84.605354,13.261469,-0.0067,0.918292,-0.310099,0.246038,13.171402,49.780506,22.137312,0.031591,0.937853,-0.079067,0.336425,6.498717,11.367917,49.383198,-0.06519,0.972537,0.021526,0.222393,-9.073896,1.840578,-12.844125,0.031591,0.937853,-0.079067,0.336425,14.621332,2.973688,39.448822
601,5.008333,-0.010227,0.999558,0.010806,0.025733,-0.895035,84.40255,12.351066,-0.018086,0.991666,0.08357,-0.096368,-1.056566,92.090637,12.513172,-0.081098,0.982727,0.101938,-0.131453,-1.469826,112.692787,16.051384,-0.046409,0.994865,-0.004267,-0.089844,-4.248243,132.935806,20.696392,0.065875,0.983198,-0.167242,-0.03181,-5.936537,147.379883,18.848574,-0.046685,0.968232,0.189693,0.156091,-7.031964,126.594101,21.011255,-0.284335,0.709838,0.154604,0.625605,-23.590712,126.048752,15.415806,-0.063643,0.074326,-0.53622,-0.838387,-24.969936,120.828781,-8.820889,0.089077,0.24072,-0.616813,-0.744084,-13.921884,144.576385,-3.672498,-0.120974,0.967706,0.137858,-0.172931,0.057741,127.980301,19.210836,0.028813,0.902901,0.130399,-0.408578,15.987095,132.908417,13.941291,-0.123743,0.185829,0.309527,-0.92431,32.486343,134.262344,-4.565731,0.026032,-0.192931,0.459809,-0.866415,14.69685,149.136276,-10.988395,0.068893,0.954831,0.275591,0.087185,-10.260519,84.215996,11.866464,0.030452,0.996116,-0.07836,-0.026161,-13.286985,53.823204,-7.642508,-0.066465,0.972513,0.019876,0.222273,-15.977618,6.93095,-0.141364,-0.079667,0.984211,-0.113754,0.109737,8.47045,84.589104,12.835668,-0.009904,0.919479,-0.31714,0.232126,13.249042,49.745106,21.584507,0.034484,0.942215,-0.090867,0.320601,7.1123,11.757716,49.543209,-0.066465,0.972513,0.019876,0.222273,-9.089986,1.852373,-12.865368,0.034484,0.942215,-0.090867,0.320601,14.772982,3.055677,39.507259
602,5.016667,-0.010162,0.999771,0.011655,0.014765,-0.925728,84.385429,12.134835,-0.01668,0.990459,0.083031,-0.10871,-1.08466,92.07325,12.311781,-0.084078,0.980724,0.102166,-0.143781,-1.398274,112.693718,15.828511,-0.05206,0.99393,-0.006112,-0.096726,-4.238325,132.914154,20.534203,0.063763,0.983372,-0.16702,-0.031921,-6.119636,147.331375,18.663239,-0.047999,0.969765,0.191497,0.143461,-6.958731,126.548805,20.917915,-0.284433,0.715273,0.161027,0.617699,-23.64546,125.881668,15.730721,-0.071182,0.069051,-0.539547,-0.836094,-25.510046,120.717812,-8.485526,0.083641,0.238629,-0.621216,-0.741722,-14.611856,144.540298,-3.352847,-0.127456,0.964943,0.137223,-0.183872,0.073126,127.995316,18.946201,0.010423,0.90149,0.128189,-0.413249,15.809633,133.179169,13.352549,-0.124659,0.187894,0.295799,-0.928256,32.154114,135.343277,-5.214716,0.032759,-0.189742,0.438344,-0.877941,14.025489,149.664612,-11.824979,0.069184,0.954991,0.277503,0.078725,-10.299574,84.198067,11.855683,0.029082,0.995981,-0.078884,-0.030879,-13.505098,53.884876,-7.748308,-0.06802,0.972336,0.017662,0.222763,-16.028845,6.992707,-0.188835,-0.079539,0.985588,-0.112477,0.098173,8.448119,84.572792,12.413987,-0.013244,0.920704,-0.324514,0.216378,13.329927,49.706371,21.01528,0.034848,0.947072,-0.104376,0.301574,7.810203,12.176439,49.710705,-0.06802,0.972336,0.017662,0.222763,-9.113131,1.865642,-12.878126,0.034848,0.947072,-0.104376,0.301574,14.958596,3.149813,39.583885
603,5.025,-0.010294,0.999865,0.01226,0.003762,-0.955443,84.365677,11.921947,-0.015524,0.989106,0.082143,-0.121167,-1.11449,92.05323,12.109924,-0.086772,0.978547,0.102381,-0.156314,-1.340715,112.696503,15.590584,-0.057808,0.992894,-0.008059,-0.103703,-4.228468,132.895828,20.357573,0.061731,0.983567,-0.166619,-0.031993,-6.306331,147.283051,18.463829,-0.048828,0.971283,0.192689,0.130754,-6.886586,126.508751,20.810678,-0.284747,0.720707,0.167198,0.609545,-23.692369,125.731255,16.039921,-0.078438,0.063789,-0.542409,-0.834009,-26.045048,120.600998,-8.140943,0.078077,0.236411,-0.625825,-0.73916,-15.276834,144.481659,-3.030182,-0.133946,0.961928,0.13717,-0.194777,0.082419,128.011353,18.665388,-0.009242,0.900027,0.124781,-0.417487,15.615186,133.452072,12.755166,-0.128823,0.190556,0.27987,-0.932076,31.78595,136.452271,-5.847898,0.034659,-0.186268,0.411899,-0.891315,13.286988,150.152283,-12.643282,0.06929,0.955244,0.278973,0.06987,-10.333064,84.173447,11.849007,0.027587,0.995733,-0.079131,-0.03864,-13.717861,53.920597,-7.817969,-0.069353,0.972348,0.016446,0.222394,-16.0401,7.024068,-0.221062,-0.079287,0.986971,-0.111483,0.084693,8.422178,84.557907,11.994888,-0.016387,0.922093,-0.331754,0.198533,13.40996,49.672462,20.457096,0.035598,0.951874,-0.11797,0.280626,8.581829,12.603402,49.867386,-0.069353,0.972348,0.016446,0.222394,-9.120268,1.873106,-12.898427,0.035598,0.951874,-0.11797,0.280626,15.163475,3.250656,39.652691
604,5.033333,-0.010296,0.999833,0.0132,-0.007341,-0.991216,84.337608,11.69989,-0.014029,0.987572,0.081561,-0.133616,-1.148076,92.024788,11.904075,-0.089802,0.976212,0.102399,-0.168704,-1.272076,112.699364,15.359375,-0.063151,0.991769,-0.009659,-0.110968,-4.222029,132.876114,20.183552,0.059662,0.983682,-0.166507,-0.032943,-6.484984,147.233994,18.279358,-0.050445,0.972367,0.194389,0.119045,-6.811528,126.466095,20.704994,-0.285281,0.725922,0.17439,0.601033,-23.713984,125.559914,16.313576,-0.085765,0.059213,-0.545175,-0.831819,-26.563295,120.480659,-7.824585,0.072875,0.234352,-0.630747,-0.736157,-15.92671,144.414246,-2.70023,-0.140703,0.958737,0.137258,-0.205393,0.089544,128.028656,18.389687,-0.029527,0.898155,0.120946,-0.421684,15.408824,133.732544,12.178085,-0.136635,0.193936,0.261696,-0.93554,31.365616,137.582336,-6.453288,0.029903,-0.181518,0.379027,-0.906916,12.481999,150.588852,-13.436994,0.069261,0.955242,0.280932,0.06158,-10.368088,84.142677,11.835032,0.026464,0.995576,-0.079796,-0.041954,-13.909748,53.969055,-7.925799,-0.07034,0.9721,0.014748,0.223287,-16.097603,7.076818,-0.262821,-0.078537,0.988133,-0.110957,0.071513,8.385655,84.532539,11.564748,-0.020437,0.923108,-0.339272,0.179858,13.435653,49.630024,19.918985,0.036508,0.956765,-0.13147,0.256874,9.425426,13.055057,50.061649,-0.07034,0.9721,0.014748,0.223287,-9.144955,1.888266,-12.906851,0.036508,0.956765,-0.13147,0.256874,15.368462,3.38171,39.75444
605,5.041667,-0.010358,0.999674,0.014015,-0.018674,-1.024175,84.302956,11.476744,-0.012392,0.985882,0.081012,-0.146014,-1.179428,91.989777,11.695248,-0.092845,0.973749,0.10227,-0.180924,-1.195778,112.70211,15.124694,-0.068677,0.99056,-0.011217,-0.118102,-4.209169,132.856674,20.002104,0.057496,0.983761,-0.166641,-0.033762,-6.661839,147.182541,18.091694,-0.05206,0.973422,0.195673,0.107015,-6.727983,126.424362,20.590837,-0.284644,0.731412,0.179835,0.593021,-23.719761,125.384346,16.591257,-0.093471,0.053669,-0.547825,-0.829621,-27.062181,120.341408,-7.491211,0.067684,0.232343,-0.635233,-0.733426,-16.545734,144.334137,-2.381304,-0.147839,0.955499,0.136651,-0.215618,0.101201,128.046021,18.109005,-0.050694,0.895711,0.118529,-0.425538,15.197906,134.016998,11.61009,-0.146621,0.196676,0.239799,-0.939317,30.90822,138.776825,-7.020481,0.020118,-0.174801,0.341491,-0.923268,11.587399,150.932938,-14.177318,0.069009,0.955211,0.282802,0.053218,-10.395492,84.103806,11.824224,0.025231,0.995364,-0.080489,-0.046206,-14.082603,54.004074,-8.022511,-0.071318,0.972078,0.013367,0.223157,-16.11787,7.116327,-0.290245,-0.077948,0.989132,-0.110627,0.057483,8.347141,84.502106,11.129263,-0.024922,0.923981,-0.345999,0.161003,13.474761,49.587612,19.385601,0.036706,0.961316,-0.145121,0.231224,10.366006,13.470515,50.179779,-0.071318,0.972078,0.013367,0.223157,-9.158752,1.897102,-12.918082,0.036706,0.961316,-0.145121,0.231224,15.631522,3.482328,39.804695
606,5.05,-0.010428,0.999387,0.014885,-0.029909,-1.0625,84.26104,11.254568,-0.010635,0.984045,0.080359,-0.158383,-1.215959,91.947456,11.488195,-0.095603,0.971146,0.102119,-0.19315,-1.120829,112.707016,14.885892,-0.074257,0.989269,-0.01283,-0.125176,-4.185175,132.84108,19.815926,0.054983,0.983813,-0.167038,-0.034452,-6.828946,147.132263,17.900566,-0.053914,0.974277,0.196929,0.095374,-6.634772,126.388527,20.471331,-0.283604,0.73717,0.184631,0.584859,-23.702084,125.208321,16.850163,-0.10219,0.047385,-0.549972,-0.827552,-27.551296,120.188484,-7.161363,0.060544,0.229256,-0.638979,-0.731767,-17.12429,144.230682,-2.067058,-0.155134,0.952133,0.136213,-0.225437,0.118577,128.064651,17.823713,-0.073293,0.893068,0.113695,-0.429105,14.986526,134.304596,11.055696,-0.157272,0.197938,0.214498,-0.943439,30.406294,139.978058,-7.561797,0.009381,-0.170454,0.302403,-0.937769,10.594966,151.129013,-14.86939,0.068638,0.955062,0.284832,0.044898,-10.423551,84.057198,11.812394,0.024083,0.995108,-0.081293,-0.050705,-14.248144,54.037266,-8.128978,-0.072011,0.972033,0.012078,0.223204,-16.135794,7.1565,-0.31734,-0.077468,0.989955,-0.110669,0.041721,8.298552,84.46489,10.696743,-0.02901,0.924903,-0.352529,0.139417,13.522634,49.545647,18.872133,0.0353,0.965597,-0.1593,0.202484,11.399609,13.883421,50.274181,-0.072011,0.972033,0.012078,0.223204,-9.168649,1.907235,-12.928289,0.0353,0.965597,-0.1593,0.202484,15.934213,3.581589,39.860653
607,5.058333,-0.010905,0.998971,0.015421,-0.041233,-1.087561,84.217537,11.035262,-0.008629,0.982068,0.079718,-0.170626,-1.245351,91.903542,11.279157,-0.099172,0.968396,0.101613,-0.205058,-1.029288,112.704727,14.640507,-0.079816,0.987888,-0.014366,-0.132292,-4.180829,132.813995,19.616606,0.053097,0.983857,-0.167148,-0.035601,-7.014885,147.06868,17.701424,-0.055631,0.975114,0.197683,0.083549,-6.549159,126.338043,20.336836,-0.282919,0.742384,0.190253,0.576738,-23.683891,125.018463,17.102875,-0.110448,0.041257,-0.551881,-0.825546,-28.020863,120.036987,-6.833375,0.053418,0.225353,-0.642514,-0.730437,-17.675327,144.123932,-1.759618,-0.163021,0.948849,0.13502,-0.234262,0.123235,128.078278,17.530098,-0.097427,0.890043,0.107603,-0.432149,14.761527,134.594406,10.52587,-0.168271,0.198388,0.185954,-0.947496,29.846514,141.210037,-8.0549,-0.001064,-0.166895,0.25682,-0.951939,9.540502,151.197525,-15.522271,0.067854,0.954889,0.28684,0.036148,-10.433308,84.001251,11.80484,0.023315,0.994795,-0.082023,-0.055782,-14.378225,54.056774,-8.226321,-0.072512,0.972004,0.011131,0.22322,-16.149321,7.183895,-0.340472,-0.076907,0.990495,-0.111163,0.025453,8.258185,84.433815,10.265684,-0.033234,0.925531,-0.358368,0.117732,13.574669,49.516258,18.388514,0.034014,0.969132,-0.173018,0.172313,12.487097,14.273972,50.313248,-0.072512,0.972004,0.011131,0.22322,-9.176831,1.912524,-12.939241,0.034014,0.969132,-0.173018,0.172313,16.255136,3.672884,39.894478
608,5.066667,-0.01149,0.998418,0.015582,-0.052785,-1.112123,84.173424,10.823657,-0.00674,0.979907,0.078901,-0.183061,-1.275943,91.859146,11.0723,-0.102942,0.965377,0.101489,-0.21714,-0.945071,112.700821,14.387998,-0.084703,0.986507,-0.016492,-0.139131,-4.186263,132.779205,19.430738,0.051235,0.983899,-0.167325,-0.036331,-7.192443,146.996216,17.498013,-0.05711,0.975704,0.19878,0.072301,-6.469192,126.279404,20.209536,-0.282398,0.747428,0.195575,0.568642,-23.659401,124.833206,17.345261,-0.118349,0.03469,-0.553735,-0.823509,-28.471502,119.874016,-6.504653,0.045895,0.221266,-0.644861,-0.73013,-18.2069,144.011047,-1.478685,-0.171383,0.945261,0.134348,-0.243021,0.115899,128.087265,17.243851,-0.123277,0.886959,0.099088,-0.433922,14.510187,134.89502,10.014905,-0.178721,0.196055,0.154026,-0.951786,29.235575,142.460358,-8.491765,-0.007065,-0.162762,0.206076,-0.964879,8.413065,151.097961,-16.057024,0.067514,0.954541,0.288975,0.028059,-10.437248,83.94278,11.80897,0.022377,0.994419,-0.082771,-0.061467,-14.520748,54.084091,-8.322221,-0.072752,0.972016,0.010092,0.223139,-16.153585,7.218867,-0.361402,-0.076402,0.990722,-0.112029,0.009013,8.213002,84.40406,9.838345,-0.037639,0.9256,-0.364248,0.095769,13.626382,49.4949,17.933205,0.031517,0.971976,-0.186534,0.139551,13.622054,14.68646,50.348675,-0.072752,0.972016,0.010092,0.223139,-9.181169,1.920592,-12.948918,0.031517,0.971976,-0.186534,0.139551,16.582537,3.800276,39.963184
609,5.075,-0.012094,0.997719,0.015939,-0.064477,-1.131676,84.117485,10.606748,-0.004653,0.977589,0.078007,-0.195481,-1.30148,91.802826,10.863371,-0.106629,0.962215,0.101324,-0.229144,-0.848745,112.701157,14.128557,-0.089999,0.985005,-0.018561,-0.146017,-4.175508,132.74855,19.238359,0.049257,0.983915,-0.167648,-0.037131,-7.365379,146.92392,17.294178,-0.058565,0.97622,0.199558,0.061158,-6.372322,126.226189,20.073963,-0.281611,0.752525,0.199792,0.560789,-23.608646,124.653458,17.577112,-0.126619,0.027485,-0.555194,-0.821567,-28.88324,119.693352,-6.174606,0.037315,0.216276,-0.647604,-0.729686,-18.679693,143.873734,-1.213214,-0.179862,0.941586,0.133292,-0.251592,0.121497,128.099579,16.951836,-0.150834,0.883317,0.088821,-0.434869,14.263342,135.195541,9.505078,-0.185908,0.191004,0.118226,-0.956545,28.572746,143.730362,-8.905944,-0.00691,-0.161786,0.152898,-0.974885,7.242571,150.780472,-16.532219,0.067347,0.954103,0.291128,0.019911,-10.430811,83.871849,11.809947,0.021266,0.994048,-0.083648,-0.066485,-14.668163,54.102028,-8.420827,-0.072951,0.972063,0.009273,0.222901,-16.15012,7.24608,-0.376308,-0.075768,0.990566,-0.11381,-0.009282,8.16746,84.363121,9.403548,-0.042165,0.925604,-0.368824,0.073813,13.684212,49.47612,17.524151,0.029849,0.973811,-0.19892,0.105977,14.807114,15.021193,50.295902,-0.072951,0.972063,0.009273,0.222901,-9.182139,1.926331,-12.95722,0.029849,0.973811,-0.19892,0.105977,16.932583,3.877678,39.979099
610,5.083333,-0.013114,0.996876,0.015835,-0.076259,-1.135292,84.057297,10.402129,-0.002622,0.975128,0.076791,-0.2079,-1.317826,91.742287,10.660337,-0.110425,0.958868,0.101179,-0.241124,-0.749439,112.689949,13.858017,-0.095348,0.9834,-0.02085,-0.152968,-4.164396,132.704041,19.039726,0.047632,0.983944,-0.167723,-0.038127,-7.540552,146.834198,17.081074,-0.06038,0.97662,0.200222,0.049779,-6.271993,126.159393,19.929237,-0.28035,0.7576,0.204203,0.552945,-23.544933,124.445618,17.806135,-0.134129,0.02016,-0.556044,-0.820011,-29.28861,119.505295,-5.840689,0.02941,0.211548,-0.649665,-0.729601,-19.115374,143.721878,-0.97288,-0.188729,0.937978,0.131416,-0.259438,0.12567,128.099243,16.652967,-0.18047,0.878924,0.077214,-0.434697,14.013009,135.482925,9.009525,-0.190754,0.183665,0.078221,-0.961125,27.842224,145.027084,-9.272453,-0.001922,-0.161466,0.096821,-0.982116,6.060758,150.24353,-16.922239,0.0673,0.953484,0.293611,0.011449,-10.402845,83.789383,11.824356,0.020051,0.993758,-0.084674,-0.069809,-14.810458,54.124367,-8.523652,-0.073277,0.972157,0.008313,0.222422,-16.1437,7.280066,-0.385816,-0.074835,0.990033,-0.115921,-0.028229,8.132262,84.325203,8.979903,-0.046171,0.925141,-0.373507,0.04975,13.739708,49.463169,17.145481,0.029378,0.974561,-0.21044,0.071297,16.035402,15.372589,50.235569,-0.073277,0.972157,0.008313,0.222422,-9.185043,1.93551,-12.961385,0.029378,0.974561,-0.21044,0.071297,17.284592,3.996204,40.030209
611,5.091667,-0.013945,0.995911,0.015636,-0.08788,-1.14618,83.992271,10.197008,-0.000239,0.972524,0.075414,-0.22025,-1.338685,91.677017,10.455397,-0.114545,0.955321,0.101136,-0.253007,-0.643192,112.670883,13.572433,-0.100169,0.981778,-0.023015,-0.159839,-4.156754,132.6465,18.836037,0.045979,0.983938,-0.167956,-0.039267,-7.703451,146.733276,16.866442,-0.06158,0.976845,0.201279,0.038321,-6.169887,126.078964,19.774309,-0.279254,0.762319,0.207986,0.545553,-23.473001,124.244896,18.031584,-0.140885,0.012947,-0.55697,-0.818394,-29.650351,119.307884,-5.506354,0.023115,0.205802,-0.651499,-0.729836,-19.518587,143.565948,-0.747666,-0.198092,0.933852,0.130868,-0.267494,0.126546,128.089325,16.347881,-0.210942,0.873868,0.064888,-0.433183,13.738744,135.783478,8.518009,-0.195049,0.174274,0.03513,-0.964547,27.040911,146.333771,-9.601373,0.003844,-0.160714,0.037803,-0.986269,4.924826,149.53804,-17.214939,0.06749,0.952863,0.295782,0.003265,-10.377522,83.705956,11.83478,0.018871,0.993314,-0.085485,-0.07526,-14.968846,54.135513,-8.610024,-0.073685,0.972224,0.007647,0.222021,-16.140043,7.299972,-0.397198,-0.074062,0.98908,-0.118477,-0.046887,8.085164,84.278587,8.559236,-0.050664,0.92452,-0.376798,0.026809,13.797493,49.45163,16.801409,0.027365,0.974302,-0.220701,0.035739,17.292372,15.637332,50.069546,-0.073685,0.972224,0.007647,0.222021,-9.187611,1.93953,-12.969438,0.027365,0.974302,-0.220701,0.035739,17.680975,4.065125,40.016445
612,5.1,-0.015034,0.994812,0.015753,-0.099371,-1.140111,83.919075,9.97924,0.001792,0.969717,0.074234,-0.232669,-1.346097,91.603271,10.243299,-0.118668,0.95155,0.101153,-0.265027,-0.536663,112.659683,13.290769,-0.104808,0.980064,-0.025441,-0.166862,-4.145411,132.594864,18.642548,0.044069,0.983854,-0.168627,-0.040661,-7.859237,146.636261,16.65699,-0.063526,0.976969,0.201857,0.027402,-6.061967,126.005257,19.627232,-0.277853,0.767098,0.211523,0.53816,-23.38167,124.028107,18.242477,-0.146851,0.005741,-0.55725,-0.817235,-29.995705,119.096359,-5.177611,0.017144,0.20097,-0.653429,-0.729621,-19.873341,143.384933,-0.554558,-0.207314,0.929715,0.129819,-0.275313,0.127428,128.085785,16.050941,-0.242233,0.867646,0.052158,-0.431037,13.46042,136.076828,8.040122,-0.200056,0.163566,-0.010733,-0.965975,26.150469,147.630814,-9.905255,0.006803,-0.160943,-0.023728,-0.986655,3.867863,148.683029,-17.447763,0.067992,0.952243,0.297627,-0.005343,-10.330498,83.609131,11.829305,0.017734,0.992752,-0.086246,-0.081797,-15.138751,54.123009,-8.687284,-0.074562,0.97223,0.007554,0.221704,-16.142471,7.295933,-0.404263,-0.073054,0.987799,-0.121411,-0.064619,8.050274,84.229012,8.129176,-0.055281,0.923529,-0.379501,0.004078,13.849586,49.442322,16.479952,0.02715,0.97264,-0.230727,-7.9e-05,18.559044,15.869075,49.842335,-0.074562,0.97223,0.007554,0.221704,-9.188519,1.93934,-12.977305,0.02715,0.97264,-0.230727,-7.9e-05,18.058828,4.11541,40.007038
613,5.108333,-0.016276,0.993594,0.015133,-0.110802,-1.126162,83.847115,9.770521,0.004105,0.966818,0.073099,-0.24475,-1.349138,91.531006,10.02956,-0.123099,0.947711,0.101035,-0.276555,-0.416355,112.639824,13.002581,-0.109091,0.978318,-0.027167,-0.17394,-4.134492,132.531097,18.442106,0.042091,0.983647,-0.169847,-0.042658,-8.00257,146.531479,16.461359,-0.065066,0.976878,0.202936,0.017099,-5.950381,125.919426,19.468716,-0.276912,0.771539,0.21458,0.531039,-23.27919,123.817757,18.422709,-0.151461,-0.000167,-0.557644,-0.816145,-30.297253,118.866585,-4.875383,0.014226,0.19695,-0.655016,-0.729357,-20.194824,143.190491,-0.369066,-0.21686,0.925619,0.128116,-0.282465,0.130101,128.072571,15.751356,-0.273625,0.860348,0.038863,-0.428276,13.181951,136.358597,7.578851,-0.205334,0.150826,-0.057518,-0.965288,25.185633,148.876114,-10.19167,0.008283,-0.160834,-0.08525,-0.983258,2.906336,147.721359,-17.590963,0.068649,0.951538,0.299429,-0.014328,-10.270749,83.512283,11.831206,0.016234,0.992142,-0.087059,-0.088377,-15.316531,54.11063,-8.74947,-0.07502,0.972427,0.007666,0.220679,-16.116833,7.292125,-0.396186,-0.071717,0.986236,-0.124327,-0.082089,8.018424,84.181938,7.709837,-0.059628,0.922185,-0.38168,-0.018427,13.884982,49.43317,16.170797,0.027388,0.969838,-0.239762,-0.034331,19.785021,16.065168,49.549778,-0.07502,0.972427,0.007666,0.220679,-9.184221,1.940185,-12.982986,0.027388,0.969838,-0.239762,-0.034331,18.439787,4.161514,39.977669
614,5.116667,-0.017559,0.992289,0.014811,-0.1218,-1.108617,83.776833,9.5588,0.006403,0.963826,0.07187,-0.256579,-1.348901,91.460213,9.817778,-0.127776,0.943719,0.101007,-0.287864,-0.296791,112.612793,12.708783,-0.112843,0.976533,-0.028828,-0.181158,-4.131754,132.455139,18.245058,0.040136,0.983362,-0.171274,-0.045313,-8.139353,146.417206,16.271185,-0.066821,0.976771,0.203485,0.006917,-5.843474,125.821457,19.308012,-0.275566,0.775937,0.217635,0.524041,-23.172749,123.587975,18.596169,-0.156042,-0.006734,-0.557523,-0.815337,-30.594385,118.633141,-4.575738,0.00989,0.192828,-0.656656,-0.729056,-20.486069,142.985062,-0.219594,-0.226137,0.921094,0.127666,-0.290087,0.124496,128.049896,15.455159,-0.304102,0.851964,0.027267,-0.425366,12.880002,136.63002,7.119857,-0.209494,0.136688,-0.10416,-0.96259,24.132591,150.072525,-10.465556,0.009183,-0.162328,-0.147243,-0.975646,2.051558,146.710129,-17.665205,0.069462,0.95079,0.301068,-0.023068,-10.2044,83.416122,11.821239,0.014732,0.991643,-0.087895,-0.093282,-15.494921,54.093952,-8.811316,-0.075678,0.972531,0.00782,0.219987,-16.104641,7.284933,-0.389073,-0.070317,0.984208,-0.127777,-0.100316,7.987165,84.137543,7.296361,-0.063328,0.920555,-0.383263,-0.040958,13.932644,49.437405,15.900618,0.027634,0.966091,-0.247372,-0.068641,20.971737,16.227934,49.216873,-0.075678,0.972531,0.00782,0.219987,-9.182546,1.941081,-12.985095,0.027634,0.966091,-0.247372,-0.068641,18.794861,4.214971,39.938843
615,5.125,-0.019022,0.990904,0.014182,-0.132464,-1.074357,83.702431,9.350834,0.008469,0.96077,0.070808,-0.268022,-1.335417,91.385269,9.605776,-0.132687,0.939664,0.100866,-0.298752,-0.173726,112.590424,12.423274,-0.116395,0.974773,-0.030926,-0.187918,-4.136041,132.380356,18.056612,0.038214,0.983058,-0.172836,-0.047589,-8.277905,146.302231,16.076166,-0.068334,0.976457,0.204585,-0.0025,-5.740542,125.725159,19.151834,-0.274204,0.780247,0.219654,0.517474,-23.064116,123.373604,18.748247,-0.161153,-0.01358,-0.557221,-0.814463,-30.862612,118.393456,-4.294111,0.004752,0.187142,-0.657674,-0.729672,-20.744511,142.765305,-0.086232,-0.235395,0.916413,0.127247,-0.297632,0.113286,128.030334,15.171141,-0.333377,0.842565,0.016658,-0.422689,12.564251,136.899521,6.679383,-0.211113,0.121509,-0.150168,-0.958184,23.002804,151.198761,-10.731442,0.011512,-0.165088,-0.206427,-0.964366,1.323095,145.658005,-17.672474,0.070758,0.949978,0.302527,-0.031815,-10.118268,83.313583,11.808166,0.013206,0.990995,-0.088625,-0.099501,-15.688163,54.06842,-8.860125,-0.0763,0.97262,0.008252,0.219366,-16.094296,7.267606,-0.380178,-0.068671,0.982024,-0.131026,-0.117244,7.969555,84.091278,6.893502,-0.066905,0.918623,-0.384502,-0.061754,13.971127,49.435505,15.636492,0.026728,0.961426,-0.254056,-0.101986,22.076668,16.360813,48.844265,-0.0763,0.97262,0.008252,0.219366,-9.181167,1.939342,-12.987724,0.026728,0.961426,-0.254056,-0.101986,19.129049,4.263081,39.895058
616,5.133333,-0.020538,0.989451,0.013202,-0.142793,-1.025902,83.624443,9.161804,0.010156,0.957821,0.069272,-0.278707,-1.309505,91.306763,9.407857,-0.137361,0.935703,0.100995,-0.308854,-0.063163,112.560669,12.134584,-0.120429,0.972921,-0.033557,-0.194413,-4.142348,132.296616,17.872923,0.036711,0.982744,-0.174235,-0.05009,-8.433507,146.170624,15.874429,-0.070704,0.976117,0.205087,-0.011669,-5.645589,125.621811,18.992229,-0.274832,0.783092,0.226022,0.510047,-22.953087,123.124352,18.883451,-0.164175,-0.019111,-0.556953,-0.813932,-31.113451,118.161301,-4.036943,-0.000667,0.181798,-0.658153,-0.730605,-20.994753,142.542694,0.016076,-0.244122,0.911664,0.12728,-0.305078,0.09804,128.000046,14.895678,-0.360584,0.832264,0.008382,-0.421006,12.245692,137.141876,6.255066,-0.210738,0.106116,-0.193654,-0.952275,21.81712,152.220612,-10.995652,0.014402,-0.16884,-0.261611,-0.950182,0.697137,144.6353,-17.635624,0.071949,0.949024,0.304069,-0.041451,-10.015352,83.207855,11.807214,0.011686,0.990313,-0.089214,-0.105753,-15.878245,54.042816,-8.893241,-0.07705,0.972724,0.008779,0.218619,-16.08164,7.248354,-0.371073,-0.066772,0.979811,-0.133548,-0.132957,7.963549,84.041031,6.516394,-0.069471,0.916092,-0.385869,-0.083997,13.992768,49.41497,15.357527,0.029973,0.955779,-0.260866,-0.132429,23.13027,16.473722,48.429722,-0.07705,0.972724,0.008779,0.218619,-9.179304,1.939069,-12.992528,0.029973,0.955779,-0.260866,-0.132429,19.420456,4.313195,39.857048
617,5.141667,-0.021871,0.987999,0.012487,-0.152395,-0.979055,83.548912,8.967574,0.011805,0.95492,0.06774,-0.288791,-1.282187,91.230652,9.208627,-0.14223,0.931754,0.101184,-0.318382,0.043031,112.51725,11.842209,-0.123334,0.971222,-0.035438,-0.200652,-4.160717,132.19455,17.691013,0.034752,0.982351,-0.176017,-0.052893,-8.565309,146.032532,15.689611,-0.071941,0.975712,0.205916,-0.020224,-5.561886,125.500557,18.8281,-0.275159,0.786043,0.230044,0.503492,-22.85367,122.899963,19.000147,-0.167317,-0.024651,-0.556803,-0.813246,-31.335026,117.910873,-3.797729,-0.005389,0.176585,-0.6591,-0.73101,-21.222292,142.313248,0.106643,-0.252272,0.906661,0.128505,-0.312747,0.072492,127.953506,14.625256,-0.38545,0.821561,0.001745,-0.420074,11.912944,137.358582,5.841933,-0.208036,0.090781,-0.23348,-0.945498,20.602018,153.121368,-11.263693,0.019572,-0.172171,-0.311466,-0.934325,0.151533,143.679062,-17.550192,0.073269,0.948031,0.305491,-0.05044,-9.914267,83.107849,11.78704,0.010131,0.989666,-0.08994,-0.111215,-16.066017,54.019535,-8.937509,-0.077716,0.972855,0.009119,0.217785,-16.068258,7.234225,-0.362857,-0.065119,0.977402,-0.136145,-0.14802,7.956155,83.989983,6.148108,-0.07261,0.913705,-0.386579,-0.102113,14.030276,49.398888,15.094746,0.032706,0.949551,-0.267013,-0.161203,24.096731,16.552288,47.990898,-0.077716,0.972855,0.009119,0.217785,-9.180035,1.93789,-12.997448,0.032706,0.949551,-0.267013,-0.161203,19.68981,4.351556,39.814526
618,5.15,-0.023103,0.986514,0.011741,-0.161614,-0.933428,83.480164,8.77984,0.012951,0.952046,0.066587,-0.298341,-1.254838,91.161331,9.015449,-0.146522,0.927954,0.101164,-0.327413,0.129324,112.460625,11.574815,-0.126755,0.969444,-0.03821,-0.206523,-4.180648,132.086151,17.519447,0.033201,0.981994,-0.177534,-0.055384,-8.716224,145.878128,15.493059,-0.073883,0.97525,0.206488,-0.028149,-5.487567,125.376366,18.675411,-0.274544,0.789164,0.232222,0.497914,-22.756039,122.653046,19.101973,-0.171532,-0.031382,-0.556713,-0.812196,-31.531597,117.635574,-3.578028,-0.011672,0.170558,-0.659266,-0.732217,-21.434921,142.067108,0.159878,-0.259719,0.901852,0.129049,-0.320242,0.041518,127.894058,14.372222,-0.407461,0.811039,-0.00395,-0.419734,11.582677,137.531372,5.443487,-0.204103,0.075854,-0.268411,-0.938373,19.419252,153.860519,-11.542247,0.026073,-0.176071,-0.353841,-0.918213,-0.322533,142.806549,-17.432402,0.074579,0.946963,0.306895,-0.059291,-9.813299,83.017006,11.765692,0.008654,0.988924,-0.090554,-0.11728,-16.251316,54.005039,-8.978921,-0.078476,0.97297,0.009319,0.216987,-16.055115,7.227635,-0.363444,-0.063615,0.9752,-0.138394,-0.160578,7.946443,83.943329,5.793987,-0.075739,0.911284,-0.387115,-0.118185,14.053993,49.382957,14.836131,0.034899,0.942964,-0.272411,-0.18813,24.972061,16.619972,47.543495,-0.078476,0.97297,0.009319,0.216987,-9.179085,1.941194,-13.00882,0.034899,0.942964,-0.272411,-0.18813,19.936232,4.399209,39.770134
619,5.158333,-0.024588,0.985055,0.010322,-0.170163,-0.865389,83.411583,8.613388,0.0137,0.949316,0.065131,-0.307195,-1.210955,91.09214,8.834162,-0.15083,0.924239,0.10132,-0.335807,0.209664,112.418045,11.313701,-0.130318,0.967652,-0.041055,-0.212089,-4.206604,131.988556,17.360806,0.031927,0.981575,-0.179283,-0.05787,-8.87647,145.731781,15.308446,-0.076147,0.974752,0.206895,-0.035423,-5.421798,125.263664,18.529024,-0.281821,0.787629,0.248494,0.488332,-22.662226,122.411415,19.185644,-0.168101,-0.032172,-0.556759,-0.812851,-31.706047,117.41433,-3.393255,-0.016363,0.165708,-0.660087,-0.732502,-21.635693,141.818039,0.200195,-0.266042,0.8973,0.12887,-0.327821,0.005316,127.845978,14.135261,-0.426116,0.80106,-0.0084,-0.420307,11.25846,137.672516,5.046556,-0.200755,0.060864,-0.296588,-0.931681,18.298853,154.448883,-11.851821,0.032654,-0.180271,-0.391304,-0.901841,-0.795576,142.097946,-17.287964,0.075963,0.945725,0.308507,-0.068243,-9.690725,82.924263,11.753125,0.007349,0.988158,-0.091139,-0.123226,-16.424049,53.999321,-9.019253,-0.079044,0.973083,0.009142,0.216281,-16.046541,7.230043,-0.36578,-0.062158,0.97318,-0.139907,-0.171706,7.959947,83.898911,5.473651,-0.078869,0.909059,-0.387434,-0.131476,14.085833,49.355762,14.569053,0.038051,0.936141,-0.27772,-0.212284,25.752024,16.662275,47.087147,-0.079044,0.973083,0.009142,0.216281,-9.182598,1.941717,-13.016939,0.038051,0.936141,-0.27772,-0.212284,20.147081,4.43493,39.724506
620,5.166667,-0.025876,0.983661,0.009207,-0.177923,-0.801754,83.3423,8.446589,0.014121,0.946795,0.063778,-0.315139,-1.168102,91.022194,8.656727,-0.154719,0.920814,0.101411,-0.343337,0.272889,112.36718,11.06504,-0.133152,0.966017,-0.04328,-0.217275,-4.23851,131.887115,17.20467,0.030393,0.981075,-0.181411,-0.060482,-9.017989,145.590515,15.138369,-0.078995,0.974137,0.207371,-0.042597,-5.370365,125.149445,18.382927,-0.282398,0.789495,0.25177,0.483281,-22.575766,122.149185,19.261261,-0.169903,-0.037173,-0.557356,-0.811853,-31.847143,117.119644,-3.217925,-0.019659,0.161146,-0.660829,-0.732769,-21.832533,141.563492,0.219143,-0.27175,0.892507,0.130799,-0.335373,-0.037082,127.789215,13.909138,-0.440278,0.792157,-0.011725,-0.422498,10.933531,137.806,4.683717,-0.198505,0.046026,-0.317703,-0.926036,17.272875,154.880447,-12.193617,0.03661,-0.186184,-0.419744,-0.887587,-1.294765,141.545242,-17.137423,0.077943,0.944475,0.310097,-0.07571,-9.575197,82.834076,11.72537,0.005823,0.987404,-0.091867,-0.128682,-16.612841,54.002525,-9.075941,-0.079476,0.973221,0.00873,0.215519,-16.035213,7.244003,-0.375506,-0.061094,0.971247,-0.141377,-0.181549,7.971689,83.850525,5.167806,-0.0811,0.906981,-0.387676,-0.143234,14.133128,49.327858,14.316776,0.042956,0.929729,-0.282677,-0.232063,26.412851,16.686169,46.660545,-0.079476,0.973221,0.00873,0.215519,-9.186409,1.946102,-13.030866,0.042956,0.929729,-0.282677,-0.232063,20.312807,4.47117,39.68092
621,5.175,-0.027365,0.982281,0.008676,-0.185203,-0.735268,83.261871,8.277373,0.013966,0.944339,0.062618,-0.322658,-1.124044,90.940689,8.486429,-0.158277,0.917517,0.101164,-0.350538,0.314464,112.30397,10.839725,-0.136681,0.96422,-0.046107,-0.222422,-4.285393,131.779343,17.05479,0.029767,0.980629,-0.182996,-0.063197,-9.196764,145.432236,14.963672,-0.081504,0.973618,0.207367,-0.049241,-5.33774,125.031113,18.246248,-0.294727,0.783568,0.276747,0.47177,-22.50771,121.898666,19.331867,-0.160704,-0.033962,-0.558124,-0.813338,-31.971642,116.913734,-3.076896,-0.022424,0.156552,-0.662268,-0.732387,-22.024689,141.305298,0.218462,-0.276578,0.88826,0.13195,-0.342182,-0.095442,127.721466,13.69572,-0.450098,0.784688,-0.013271,-0.426029,10.621221,137.892776,4.341786,-0.199635,0.030998,-0.330902,-0.921786,16.377567,155.15181,-12.556696,0.035718,-0.194801,-0.439566,-0.876104,-1.857802,141.162003,-16.986851,0.0797,0.943103,0.311962,-0.082969,-9.457626,82.72747,11.685721,0.004558,0.986605,-0.092882,-0.134026,-16.782024,54.00008,-9.160662,-0.080108,0.973354,0.008245,0.214701,-16.025599,7.258153,-0.385109,-0.060287,0.969418,-0.142685,-0.190354,7.98709,83.796272,4.869025,-0.083022,0.905153,-0.387959,-0.152623,14.192018,49.293442,14.063309,0.046996,0.923795,-0.28707,-0.248967,26.973469,16.702641,46.263683,-0.080108,0.973354,0.008245,0.214701,-9.191182,1.950114,-13.043991,0.046996,0.923795,-0.28707,-0.248967,20.463982,4.504336,39.633465
622,5.183333,-0.028476,0.981075,0.007885,-0.19136,-0.677104,83.193298,8.124826,0.013375,0.942219,0.061537,-0.329025,-1.083643,90.871368,8.327644,-0.161346,0.914642,0.100812,-0.356699,0.330821,112.231461,10.634843,-0.139926,0.9626,-0.049059,-0.22675,-4.346722,131.668701,16.910986,0.028885,0.980206,-0.184614,-0.065419,-9.379895,145.271973,14.786371,-0.083723,0.973145,0.207156,-0.055378,-5.329744,124.912132,18.114328,-0.294915,0.785547,0.2768,0.468319,-22.464439,121.661415,19.392521,-0.162313,-0.03914,-0.559044,-0.812153,-32.084003,116.594017,-2.931319,-0.025002,0.15267,-0.663734,-0.731795,-22.211456,141.038391,0.198641,-0.280377,0.884397,0.132671,-0.348754,-0.16693,127.64492,13.498672,-0.455733,0.778678,-0.012524,-0.431058,10.31691,137.935516,4.012286,-0.202477,0.016518,-0.337236,-0.91924,15.60568,155.290771,-12.940368,0.032112,-0.205342,-0.449448,-0.868793,-2.476115,140.924911,-16.850466,0.081466,0.941923,0.313449,-0.088848,-9.354811,82.640915,11.642534,0.003524,0.985673,-0.093724,-0.140185,-16.935461,54.001545,-9.23332,-0.08047,0.973522,0.00772,0.213824,-16.016058,7.273772,-0.398166,-0.059921,0.967843,-0.143518,-0.197716,8.000603,83.745689,4.60712,-0.084396,0.903617,-0.388289,-0.159957,14.26101,49.256931,13.816598,0.053052,0.918616,-0.291612,-0.261328,27.424145,16.712376,45.909809,-0.08047,0.973522,0.00772,0.213824,-9.200547,1.952196,-13.06156,0.053052,0.918616,-0.291612,-0.261328,20.568592,4.538818,39.590176
623,5.191667,-0.029417,0.979966,0.007511,-0.196837,-0.615927,83.109467,7.969089,0.012029,0.940304,0.060478,-0.334702,-1.036637,90.786781,8.171393,-0.163956,0.911999,0.100603,-0.362293,0.322225,112.157127,10.447112,-0.142414,0.961106,-0.051635,-0.230928,-4.416755,131.560562,16.781538,0.027586,0.979696,-0.186574,-0.068014,-9.548604,145.122498,14.628913,-0.08644,0.972652,0.206795,-0.060921,-5.33917,124.797165,17.994461,-0.294344,0.787901,0.274174,0.466265,-22.435146,121.416054,19.441698,-0.16453,-0.044812,-0.56044,-0.81045,-32.166767,116.247498,-2.810265,-0.027046,0.149246,-0.665279,-0.731026,-22.39736,140.768356,0.158718,-0.282828,0.881167,0.133704,-0.354508,-0.248891,127.566315,13.320288,-0.457581,0.773714,-0.009507,-0.438059,10.045128,137.940308,3.717568,-0.206097,0.00342,-0.337238,-0.918577,14.947942,155.315521,-13.330391,0.027678,-0.216044,-0.451179,-0.865446,-3.155169,140.829071,-16.73526,0.083678,0.940741,0.314993,-0.093725,-9.25272,82.540932,11.583578,0.002287,0.984838,-0.094863,-0.145222,-17.098553,53.998383,-9.326872,-0.081012,0.973674,0.007197,0.212943,-16.002277,7.290349,-0.407864,-0.059964,0.966705,-0.144132,-0.202763,8.020866,83.678001,4.354599,-0.085274,0.902256,-0.389017,-0.165313,14.340872,49.202423,13.572714,0.058889,0.914589,-0.295402,-0.269809,27.777756,16.72591,45.621372,-0.081012,0.973674,0.007197,0.212943,-9.203772,1.956712,-13.075322,0.058889,0.914589,-0.295402,-0.269809,20.659492,4.579941,39.543736
624,5.2,-0.030203,0.979024,0.007212,-0.201366,-0.568104,83.019386,7.822333,0.010673,0.938667,0.059681,-0.339452,-1.000635,90.696045,8.024513,-0.166172,0.909769,0.10004,-0.367013,0.303107,112.069199,10.280831,-0.145329,0.959614,-0.054375,-0.234657,-4.493818,131.446701,16.65094,0.026322,0.979247,-0.188162,-0.070544,-9.735192,144.96167,14.467038,-0.088401,0.972236,0.206315,-0.066164,-5.363057,124.678436,17.875969,-0.295574,0.789083,0.273546,0.46385,-22.423744,121.195114,19.487885,-0.164441,-0.048809,-0.56218,-0.809031,-32.230904,115.913681,-2.70434,-0.02686,0.146252,-0.667007,-0.730062,-22.584455,140.50351,0.108995,-0.284009,0.878337,0.135282,-0.359949,-0.334924,127.476166,13.151814,-0.456334,0.769837,-0.004647,-0.446192,9.79977,137.903717,3.438258,-0.210274,-0.008035,-0.331829,-0.91957,14.401968,155.247025,-13.725595,0.023252,-0.22624,-0.446726,-0.865281,-3.877048,140.858871,-16.651123,0.08577,0.939702,0.316461,-0.097248,-9.17019,82.437424,11.516578,0.001174,0.984039,-0.096155,-0.149733,-17.242966,53.987728,-9.434015,-0.081456,0.973868,0.006741,0.211899,-15.983285,7.302809,-0.416166,-0.060347,0.965854,-0.144411,-0.206471,8.033982,83.601357,4.128089,-0.086224,0.901357,-0.389937,-0.16754,14.420058,49.134956,13.334978,0.064537,0.911664,-0.298872,-0.274554,28.028112,16.742092,45.396076,-0.081456,0.973868,0.006741,0.211899,-9.207083,1.957785,-13.090775,0.064537,0.911664,-0.298872,-0.274554,20.725117,4.616551,39.499516
625,5.208333,-0.031029,0.978208,0.007315,-0.205163,-0.523186,82.932304,7.674988,0.008935,0.937333,0.059098,-0.343271,-0.967016,90.60817,7.882991,-0.167773,0.908001,0.099319,-0.37084,0.266073,111.967018,10.134319,-0.14735,0.958418,-0.056224,-0.237826,-4.57461,131.328125,16.521103,0.024155,0.978766,-0.190055,-0.072889,-9.89396,144.810028,14.321312,-0.089769,0.971928,0.205623,-0.070834,-5.401901,124.557098,17.759804,-0.282779,0.799589,0.242945,0.47082,-22.431681,120.996239,19.522057,-0.177258,-0.062972,-0.563614,-0.804334,-32.282757,115.447891,-2.585407,-0.026149,0.143834,-0.669333,-0.728437,-22.761953,140.24054,0.043423,-0.284503,0.876115,0.136333,-0.364546,-0.42377,127.373817,12.994162,-0.453014,0.766598,0.001392,-0.455086,9.584587,137.82959,3.180487,-0.214856,-0.017782,-0.322878,-0.921559,13.938657,155.107529,-14.113527,0.018539,-0.235841,-0.437236,-0.867675,-4.608095,140.97171,-16.598867,0.087913,0.938746,0.317838,-0.100035,-9.09536,82.33474,11.435669,-1.8e-05,0.983388,-0.097675,-0.152997,-17.381908,53.975349,-9.553836,-0.081095,0.974118,0.006353,0.210898,-15.958635,7.318318,-0.416752,-0.061067,0.965409,-0.14464,-0.208171,8.048986,83.529869,3.914306,-0.086973,0.900835,-0.390851,-0.167833,14.504761,49.0746,13.114248,0.069678,0.909546,-0.301998,-0.276891,28.1982,16.761965,45.219906,-0.081095,0.974118,0.006353,0.210898,-9.212548,1.957499,-13.100746,0.069678,0.909546,-0.301998,-0.276891,20.766113,4.649851,39.458599
626,5.216667,-0.031527,0.977574,0.007547,-0.208081,-0.488714,82.839935,7.533759,0.007041,0.936235,0.058768,-0.346352,-0.938655,90.515266,7.748164,-0.168735,0.906585,0.098582,-0.37405,0.219811,111.861755,10.008815,-0.149462,0.957213,-0.058017,-0.24091,-4.645643,131.215424,16.399345,0.022058,0.97826,-0.191842,-0.075614,-10.044773,144.663315,14.185922,-0.091804,0.971596,0.204914,-0.074729,-5.441843,124.443398,17.652903,-0.299805,0.790144,0.273577,0.459287,-22.438869,120.788277,19.534338,-0.16156,-0.054344,-0.565714,-0.806792,-32.330059,115.263977,-2.561246,-0.023854,0.141856,-0.672797,-0.725708,-22.924076,139.982742,-0.034605,-0.284435,0.874264,0.136902,-0.368806,-0.50414,127.270195,12.851307,-0.448015,0.763806,0.008479,-0.464554,9.396317,137.733109,2.93632,-0.219023,-0.025895,-0.311661,-0.924243,13.541675,154.922729,-14.496433,0.014227,-0.244565,-0.425488,-0.871175,-5.326295,141.142792,-16.57618,0.089426,0.937907,0.319116,-0.102463,-9.037687,82.232307,11.345297,-0.000783,0.982559,-0.099274,-0.157235,-17.487183,53.951401,-9.685105,-0.081396,0.974349,0.006155,0.209716,-15.929068,7.324398,-0.417691,-0.062204,0.965353,-0.14453,-0.208171,8.060259,83.447563,3.72222,-0.087821,0.900695,-0.391995,-0.165458,14.593643,49.000149,12.896747,0.073622,0.908307,-0.304509,-0.277188,28.288349,16.786808,45.10149,-0.081396,0.974349,0.006155,0.209716,-9.210409,1.957838,-13.113814,0.073622,0.908307,-0.304509,-0.277188,20.786568,4.677843,39.424511
627,5.225,-0.032315,0.977098,0.00778,-0.210178,-0.457902,82.744286,7.398319,0.005199,0.935387,0.058358,-0.348738,-0.918466,90.418785,7.61973,-0.169639,0.905422,0.097944,-0.376617,0.164976,111.757256,9.887451,-0.151113,0.956246,-0.059362,-0.243383,-4.726033,131.103363,16.281376,0.019532,0.977786,-0.193622,-0.07787,-10.187435,144.524734,14.059727,-0.092567,0.971442,0.204165,-0.077773,-5.495348,124.330376,17.54652,-0.286708,0.800781,0.240505,0.467659,-22.471224,120.630051,19.527925,-0.174516,-0.068477,-0.567149,-0.801996,-32.358505,114.813866,-2.494377,-0.022526,0.140209,-0.674997,-0.724025,-23.086903,139.737091,-0.142166,-0.283641,0.872639,0.138756,-0.372554,-0.590892,127.166641,12.716511,-0.442458,0.761333,0.014984,-0.473686,9.228163,137.631271,2.722704,-0.223243,-0.032519,-0.299551,-0.927024,13.193739,154.712646,-14.857662,0.009436,-0.251633,-0.413766,-0.874866,-6.005486,141.342621,-16.581041,0.090589,0.937109,0.320474,-0.104478,-8.989479,82.121277,11.246181,-0.001364,0.981922,-0.101053,-0.160046,-17.569742,53.918499,-9.836132,-0.081532,0.974553,0.006107,0.208713,-15.903825,7.325506,-0.417612,-0.063594,0.965566,-0.144396,-0.206854,8.073675,83.367302,3.550457,-0.088509,0.90083,-0.393163,-0.161537,14.689514,48.929764,12.702963,0.07636,0.907764,-0.306403,-0.276137,28.316017,16.815176,45.035027,-0.081532,0.974553,0.006107,0.208713,-9.209743,1.956415,-13.125642,0.07636,0.907764,-0.306403,-0.276137,20.790449,4.700698,39.401455
628,5.233333,-0.032842,0.976799,0.008375,-0.211457,-0.446884,82.649551,7.257561,0.003366,0.93482,0.058345,-0.35028,-0.913132,90.32338,7.490238,-0.169907,0.904711,0.097266,-0.378376,0.099227,111.641762,9.781036,-0.152635,0.955441,-0.060538,-0.245295,-4.800409,130.989594,16.163103,0.016893,0.977373,-0.195158,-0.079819,-10.317349,144.386917,13.933441,-0.09356,0.971347,0.203028,-0.080696,-5.554646,124.217308,17.44091,-0.306052,0.789676,0.274755,0.455252,-22.507858,120.465897,19.517984,-0.156118,-0.057685,-0.56917,-0.805198,-32.39439,114.67543,-2.511434,-0.020574,0.139304,-0.677329,-0.722077,-23.221592,139.493149,-0.259249,-0.282673,0.871559,0.139522,-0.37552,-0.671314,127.054123,12.589872,-0.437028,0.758846,0.021569,-0.482383,9.089323,137.502991,2.522608,-0.227647,-0.038241,-0.287747,-0.929471,12.879142,154.489319,-15.188122,0.003957,-0.258141,-0.402314,-0.878346,-6.626229,141.531952,-16.594038,0.091438,0.93649,0.321578,-0.105894,-8.967693,82.014511,11.127253,-0.001913,0.981419,-0.103001,-0.161879,-17.642853,53.874302,-9.999771,-0.081441,0.974745,0.006303,0.207847,-15.87811,7.319304,-0.412921,-0.065767,0.966652,-0.143933,-0.201349,8.073926,83.284592,3.38787,-0.089483,0.901263,-0.394413,-0.155426,14.782673,48.857765,12.512973,0.078134,0.907826,-0.307981,-0.273667,28.286207,16.853323,45.005444,-0.081441,0.974745,0.006303,0.207847,-9.207571,1.952948,-13.134477,0.078134,0.907826,-0.307981,-0.273667,20.780807,4.721509,39.382286
629,5.241667,-0.033768,0.976675,0.008838,-0.211865,-0.444929,82.559547,7.129628,0.001889,0.934414,0.058413,-0.351363,-0.923467,90.2323,7.372465,-0.17025,0.904126,0.096801,-0.379739,0.032978,111.542984,9.686267,-0.153594,0.954861,-0.061669,-0.246671,-4.877342,130.889725,16.063457,0.013958,0.976956,-0.196865,-0.081278,-10.432389,144.26889,13.819472,-0.09411,0.971307,0.202112,-0.082806,-5.618405,124.117554,17.349586,-0.308785,0.789492,0.274567,0.453837,-22.555943,120.335258,19.497337,-0.153077,-0.059189,-0.570905,-0.804445,-32.422913,114.416862,-2.506846,-0.017435,0.137831,-0.679307,-0.720584,-23.363541,139.291397,-0.394189,-0.281839,0.870854,0.139389,-0.377823,-0.752192,126.956848,12.482817,-0.4323,0.75656,0.026899,-0.489908,8.964227,137.382813,2.349258,-0.233956,-0.043204,-0.277779,-0.930718,12.594813,154.279633,-15.480065,-0.006069,-0.266126,-0.393064,-0.880137,-7.152459,141.677231,-16.642574,0.091662,0.935939,0.322748,-0.107009,-8.961346,81.905716,11.005857,-0.002012,0.980873,-0.104991,-0.163894,-17.683119,53.823112,-10.178558,-0.080911,0.974838,0.006842,0.207598,-15.858438,7.307527,-0.413255,-0.067644,0.966983,-0.144084,-0.199016,8.071487,83.213387,3.253401,-0.08995,0.901866,-0.395375,-0.14908,14.891225,48.80785,12.376555,0.078845,0.908417,-0.308747,-0.270625,28.215498,16.883675,45.021637,-0.080911,0.974838,0.006842,0.207598,-9.200173,1.951361,-13.145534,0.078845,0.908417,-0.308747,-0.270625,20.758118,4.733026,39.375301
630,5.25,-0.034382,0.976673,0.009218,-0.211762,-0.45341,82.475983,7.005052,0.00063,0.934203,0.0587,-0.351879,-0.939945,90.147987,7.255548,-0.170427,0.903815,0.09639,-0.380502,-0.028711,111.448967,9.59836,-0.154713,0.954309,-0.062289,-0.247948,-4.946967,130.796509,15.967011,0.011372,0.97652,-0.198488,-0.082962,-10.540801,144.159531,13.723239,-0.094778,0.971242,0.201487,-0.084314,-5.680175,124.024712,17.259672,-0.312909,0.788006,0.277872,0.451577,-22.604483,120.211113,19.455803,-0.148591,-0.059175,-0.572188,-0.804376,-32.445724,114.197395,-2.534045,-0.015356,0.136757,-0.681132,-0.719111,-23.469177,139.096466,-0.547606,-0.280894,0.869866,0.141209,-0.38012,-0.823504,126.864372,12.383599,-0.42817,0.754483,0.030808,-0.496465,8.850616,137.287277,2.206505,-0.239458,-0.047444,-0.269868,-0.93144,12.336514,154.089859,-15.740362,-0.01616,-0.272986,-0.385623,-0.881199,-7.596727,141.76445,-16.699057,0.091363,0.935506,0.323926,-0.107485,-8.969855,81.80941,10.879039,-0.001857,0.98051,-0.107153,-0.164665,-17.688814,53.778076,-10.37433,-0.080373,0.974986,0.006956,0.207108,-15.837148,7.306066,-0.408667,-0.07013,0.967988,-0.143985,-0.193259,8.063036,83.142563,3.131064,-0.090682,0.902709,-0.396263,-0.140955,15.000587,48.759789,12.251195,0.078006,0.909414,-0.309072,-0.267125,28.101233,16.915073,45.063953,-0.080373,0.974986,0.006956,0.207108,-9.19762,1.947752,-13.149822,0.078006,0.909414,-0.309072,-0.267125,20.728621,4.734207,39.371593
631,5.258333,-0.035036,0.976862,0.009976,-0.210745,-0.476776,82.388718,6.873019,-0.000534,0.934135,0.059319,-0.351955,-0.970929,90.059799,7.136516,-0.170327,0.903669,0.096167,-0.38095,-0.096607,111.363029,9.522136,-0.155333,0.953983,-0.06339,-0.248534,-5.011776,130.713791,15.883359,0.008652,0.976189,-0.199858,-0.083884,-10.631368,144.062424,13.618369,-0.095174,0.971286,0.200695,-0.085252,-5.743021,123.942696,17.18074,-0.315114,0.787643,0.277707,0.450779,-22.659138,120.111252,19.408712,-0.145815,-0.060404,-0.573397,-0.803931,-32.467411,114.002243,-2.569601,-0.012672,0.134663,-0.682146,-0.718597,-23.573639,138.936096,-0.709445,-0.280616,0.869197,0.14165,-0.381689,-0.890919,126.780006,12.298757,-0.425182,0.752864,0.032914,-0.501332,8.746881,137.201508,2.085814,-0.243456,-0.050631,-0.264194,-0.931862,12.118259,153.917831,-15.963186,-0.023731,-0.278189,-0.381292,-0.881286,-7.9419,141.790192,-16.767393,0.091192,0.935264,0.324895,-0.10681,-9.000432,81.707207,10.728511,-0.001864,0.98038,-0.109576,-0.163843,-17.69784,53.719173,-10.590651,-0.079562,0.975128,0.007323,0.20674,-15.816106,7.297108,-0.400382,-0.072835,0.968937,-0.144145,-0.187293,8.04688,83.070221,3.017527,-0.090889,0.90346,-0.397168,-0.133254,15.11915,48.718826,12.152391,0.077721,0.91075,-0.309086,-0.262601,27.965254,16.945982,45.135033,-0.079562,0.975128,0.007323,0.20674,-9.195115,1.941823,-13.152453,0.077721,0.91075,-0.309086,-0.262601,20.685886,4.740666,39.375435
632,5.266667,-0.035874,0.977203,0.010202,-0.209005,-0.499963,82.324989,6.760208,-0.001304,0.934315,0.059828,-0.35139,-1.006437,89.995087,7.028901,-0.170609,0.90374,0.095901,-0.380723,-0.156862,111.292313,9.446609,-0.155716,0.953795,-0.063818,-0.248907,-5.088394,130.641174,15.800935,0.006669,0.975859,-0.201098,-0.084944,-10.722375,143.982697,13.529785,-0.095284,0.97138,0.199919,-0.085873,-5.816057,123.869873,17.099234,-0.317168,0.787177,0.277593,0.450221,-22.727713,120.032333,19.350395,-0.142904,-0.061319,-0.574157,-0.803842,-32.496403,113.84008,-2.622238,-0.010517,0.132979,-0.683278,-0.71787,-23.656803,138.795654,-0.88404,-0.280318,0.868798,0.142205,-0.382609,-0.962818,126.709343,12.219637,-0.42338,0.751746,0.033247,-0.504502,8.656202,137.129852,1.988026,-0.244571,-0.052841,-0.261318,-0.932259,11.945173,153.768829,-16.14744,-0.026648,-0.281001,-0.378028,-0.881716,-8.17648,141.733261,-16.834909,0.09092,0.93515,0.325815,-0.105227,-9.036203,81.627342,10.584836,-0.001611,0.980256,-0.111903,-0.163013,-17.684149,53.679119,-10.806539,-0.078562,0.975247,0.007235,0.206564,-15.798567,7.306013,-0.396471,-0.075316,0.969826,-0.144335,-0.181475,8.036279,83.022636,2.93558,-0.091602,0.904476,-0.397605,-0.124267,15.229323,48.701839,12.091149,0.076443,0.91226,-0.308777,-0.25806,27.811203,16.974384,45.218998,-0.078562,0.975247,0.007235,0.206564,-9.193312,1.940213,-13.152273,0.076443,0.91226,-0.308777,-0.25806,20.643709,4.739936,39.381439
633,5.275,-0.036664,0.977684,0.010666,-0.20658,-0.530916,82.270515,6.639709,-0.002131,0.934657,0.060593,-0.350344,-1.048434,89.939583,6.916633,-0.170814,0.903991,0.095792,-0.38006,-0.223231,111.232864,9.378293,-0.155584,0.953835,-0.064325,-0.248705,-5.16873,130.579666,15.728036,0.004976,0.975591,-0.202238,-0.08543,-10.801575,143.9189,13.440725,-0.094849,0.971546,0.199173,-0.086213,-5.896667,123.808014,17.024338,-0.319621,0.78629,0.277343,0.450191,-22.809175,119.984581,19.293043,-0.140088,-0.062252,-0.574978,-0.803679,-32.50164,113.704536,-2.68843,-0.009855,0.131158,-0.6835,-0.718003,-23.721453,138.678772,-1.069843,-0.280433,0.868705,0.142247,-0.38272,-1.036961,126.649323,12.152249,-0.422274,0.751301,0.031935,-0.506174,8.576838,137.073532,1.919481,-0.243423,-0.054196,-0.260574,-0.932689,11.828345,153.631653,-16.296568,-0.026087,-0.282334,-0.375592,-0.882348,-8.30712,141.609314,-16.901155,0.090542,0.935234,0.326496,-0.102665,-9.08499,81.556725,10.421287,-0.001107,0.980122,-0.114332,-0.162135,-17.652449,53.635704,-11.037898,-0.077219,0.975337,0.007162,0.206647,-15.785779,7.314748,-0.394826,-0.077827,0.970752,-0.144753,-0.175016,8.023156,82.984306,2.858131,-0.091903,0.905403,-0.397939,-0.115949,15.335676,48.70015,12.056255,0.0748,0.913892,-0.30824,-0.253366,27.640587,17.003281,45.317162,-0.077219,0.975337,0.007162,0.206647,-9.19337,1.936769,-13.152152,0.0748,0.913892,-0.30824,-0.253366,20.594847,4.739562,39.393425
634,5.283333,-0.03733,0.978344,0.011041,-0.203294,-0.582361,82.223633,6.527284,-0.00243,0.935197,0.061537,-0.348733,-1.109638,89.891815,6.810186,-0.171034,0.904459,0.095757,-0.378857,-0.286276,111.187531,9.316327,-0.155708,0.953936,-0.065028,-0.248059,-5.248859,130.531464,15.661483,0.003759,0.975451,-0.20285,-0.085633,-10.886788,143.86467,13.351592,-0.095017,0.971706,0.198507,-0.085753,-5.979905,123.759232,16.953024,-0.321263,0.785557,0.277451,0.450235,-22.89407,119.934776,19.207647,-0.137068,-0.062123,-0.575081,-0.804136,-32.53231,113.605309,-2.783494,-0.007686,0.130165,-0.684639,-0.717124,-23.758774,138.58345,-1.252464,-0.280619,0.86881,0.142162,-0.382378,-1.107721,126.602768,12.094721,-0.421954,0.751281,0.029317,-0.506629,8.511596,137.030823,1.871066,-0.241546,-0.055069,-0.261285,-0.932927,11.753612,153.511459,-16.416805,-0.024075,-0.283155,-0.375323,-0.882256,-8.363464,141.447845,-16.967749,0.090024,0.935529,0.326889,-0.099117,-9.160779,81.496391,10.250704,-0.000696,0.980211,-0.116766,-0.159847,-17.613876,53.587212,-11.269156,-0.075933,0.975423,0.007185,0.20672,-15.773431,7.319677,-0.391705,-0.080326,0.971644,-0.145032,-0.168587,7.996056,82.950867,2.803863,-0.091935,0.906153,-0.398284,-0.108646,15.425584,48.701218,12.036697,0.073602,0.915458,-0.307762,-0.248599,27.467009,17.030993,45.419205,-0.075933,0.975423,0.007185,0.20672,-9.193454,1.932615,-13.151619,0.073602,0.915458,-0.307762,-0.248599,20.536848,4.741833,39.412437
635,5.291667,-0.037962,0.979121,0.011225,-0.199388,-0.632095,82.196014,6.416821,-0.002832,0.935902,0.062826,-0.346601,-1.16945,89.863403,6.702323,-0.171382,0.90513,0.095636,-0.377124,-0.348652,111.155006,9.268163,-0.154963,0.954252,-0.064995,-0.247317,-5.338094,130.494934,15.604505,0.002959,0.975236,-0.203689,-0.086124,-10.952987,143.836151,13.284832,-0.095284,0.971869,0.19812,-0.084504,-6.072896,123.721924,16.889849,-0.323403,0.784243,0.278297,0.450471,-22.992722,119.897636,19.101944,-0.133472,-0.060895,-0.575173,-0.804769,-32.551914,113.527969,-2.912088,-0.005491,0.130276,-0.684814,-0.716957,-23.778633,138.501205,-1.440234,-0.281021,0.869674,0.139815,-0.380982,-1.182976,126.56871,12.051301,-0.422167,0.751753,0.026017,-0.505931,8.465718,136.979248,1.837465,-0.239169,-0.055415,-0.263156,-0.932993,11.733906,153.393784,-16.505123,-0.021191,-0.283471,-0.375438,-0.88218,-8.341624,141.245895,-17.032782,0.089068,0.935889,0.327225,-0.095413,-9.239128,81.456734,10.071198,0.000259,0.9802,-0.119132,-0.158165,-17.544275,53.551067,-11.510736,-0.074576,0.975413,0.006907,0.207269,-15.775962,7.336587,-0.398321,-0.082291,0.972459,-0.14548,-0.16244,7.974939,82.935295,2.762446,-0.093099,0.907183,-0.39807,-0.099463,15.48835,48.718231,12.04805,0.071542,0.917141,-0.306948,-0.243959,27.289236,17.052313,45.52042,-0.074576,0.975413,0.006907,0.207269,-9.196923,1.932616,-13.151571,0.071542,0.917141,-0.306948,-0.243959,20.488214,4.736087,39.422176
636,5.3,-0.038468,0.980068,0.011447,-0.194568,-0.694319,82.184395,6.309463,-0.003045,0.936842,0.064182,-0.3438,-1.240014,89.851112,6.597175,-0.171669,0.906053,0.095548,-0.37479,-0.415686,111.128929,9.222122,-0.153658,0.954739,-0.064593,-0.246354,-5.433401,130.465408,15.546584,0.002325,0.97502,-0.204418,-0.086854,-11.007105,143.822937,13.221495,-0.095403,0.972055,0.197723,-0.08315,-6.175813,123.691666,16.823616,-0.324019,0.783623,0.276655,0.452116,-23.102774,119.873253,18.990728,-0.131438,-0.060493,-0.575158,-0.805145,-32.568394,113.475418,-3.055538,-0.004097,0.130616,-0.684868,-0.716853,-23.793756,138.444,-1.630203,-0.281372,0.870455,0.139133,-0.379184,-1.261236,126.540878,12.011552,-0.422023,0.752691,0.022656,-0.504816,8.428344,136.951935,1.837047,-0.235024,-0.054852,-0.266182,-0.933221,11.758518,153.295059,-16.558064,-0.016655,-0.282826,-0.376642,-0.881971,-8.249171,141.026077,-17.092096,0.088359,0.936474,0.327144,-0.090477,-9.336248,81.435356,9.878488,0.001032,0.980354,-0.121475,-0.155398,-17.47945,53.51675,-11.748376,-0.073444,0.975393,0.006454,0.207781,-15.779899,7.356009,-0.404323,-0.084093,0.973221,-0.146007,-0.156367,7.947611,82.933441,2.740438,-0.093291,0.907947,-0.397897,-0.092776,15.5346,48.749249,12.087082,0.068929,0.918938,-0.305787,-0.239366,27.104065,17.073631,45.630978,-0.073444,0.975393,0.006454,0.207781,-9.200363,1.931939,-13.148773,0.068929,0.918938,-0.305787,-0.239366,20.441427,4.731922,39.432323
637,5.308333,-0.03861,0.981135,0.011565,-0.189075,-0.766587,82.188583,6.209712,-0.003142,0.938009,0.065658,-0.340321,-1.315685,89.855087,6.496558,-0.172154,0.907226,0.095447,-0.371744,-0.483909,111.11171,9.183441,-0.15223,0.955392,-0.064347,-0.244769,-5.542252,130.442032,15.494376,0.002286,0.974938,-0.204666,-0.087189,-11.069897,143.816132,13.154597,-0.095194,0.972356,0.197216,-0.081046,-6.293176,123.667038,16.75975,-0.323643,0.783531,0.272581,0.455009,-23.233618,119.870743,18.859329,-0.129983,-0.059593,-0.574913,-0.805623,-32.580994,113.436714,-3.226811,-0.001035,0.131383,-0.684668,-0.716915,-23.7824,138.408051,-1.810058,-0.281554,0.871583,0.138409,-0.376715,-1.347213,126.520882,11.982725,-0.42163,0.754267,0.018747,-0.502949,8.404048,136.927048,1.862285,-0.230352,-0.053504,-0.269173,-0.933607,11.84411,153.188751,-16.584681,-0.011483,-0.281136,-0.378714,-0.881707,-8.09785,140.808823,-17.150803,0.087352,0.93727,0.326668,-0.084751,-9.447839,81.436905,9.681421,0.002022,0.98052,-0.123689,-0.15257,-17.389027,53.482925,-11.974831,-0.072178,0.975377,0.006127,0.208307,-15.782412,7.374108,-0.408237,-0.085637,0.974056,-0.146295,-0.149933,7.914666,82.940254,2.738002,-0.093314,0.908583,-0.397772,-0.086872,15.550817,48.781158,12.136219,0.065643,0.920804,-0.304654,-0.234516,26.903442,17.096455,45.745544,-0.072178,0.975377,0.006127,0.208307,-9.203474,1.932438,-13.145486,0.065643,0.920804,-0.304654,-0.234516,20.398294,4.723123,39.44352
638,5.316667,-0.039054,0.982254,0.011487,-0.183087,-0.833218,82.20903,6.113318,-0.003771,0.939277,0.067498,-0.336436,-1.390977,89.875031,6.396876,-0.172082,0.908619,0.095297,-0.368398,-0.569912,111.100723,9.167345,-0.150148,0.956204,-0.063881,-0.243001,-5.651294,130.433258,15.452909,0.002042,0.974804,-0.205185,-0.087474,-11.113217,143.831787,13.098576,-0.095544,0.972647,0.196927,-0.077776,-6.418924,123.658417,16.709057,-0.324379,0.782283,0.271119,0.4575,-23.375195,119.872574,18.696772,-0.127716,-0.057,-0.574749,-0.80629,-32.586014,113.430534,-3.444356,0.001525,0.133349,-0.684493,-0.716719,-23.761009,138.391418,-1.988991,-0.281459,0.873025,0.137527,-0.373756,-1.435719,126.509308,11.969103,-0.42098,0.756347,0.014656,-0.500501,8.395068,136.900955,1.910859,-0.22561,-0.05147,-0.271781,-0.934123,11.984353,153.077835,-16.582214,-0.006105,-0.278982,-0.38017,-0.881818,-7.906401,140.607239,-17.204088,0.086625,0.938055,0.32611,-0.078743,-9.555637,81.449928,9.478608,0.002623,0.980987,-0.125955,-0.147624,-17.3069,53.460358,-12.200492,-0.070866,0.975376,0.005388,0.208784,-15.782873,7.405615,-0.409455,-0.086742,0.974778,-0.146702,-0.144088,7.889202,82.968124,2.748027,-0.093668,0.909324,-0.397319,-0.080578,15.550211,48.831493,12.207439,0.063671,0.922582,-0.303784,-0.229138,26.698341,17.118874,45.858879,-0.070866,0.975376,0.005388,0.208784,-9.206612,1.934528,-13.135489,0.063671,0.922582,-0.303784,-0.229138,20.337904,4.720664,39.458801
639,5.325,-0.038754,0.98347,0.011728,-0.176487,-0.928498,82.24369,6.015792,-0.003816,0.940862,0.069389,-0.331586,-1.482962,89.909973,6.29843,-0.172029,0.910448,0.095049,-0.363946,-0.652237,111.096397,9.14578,-0.14809,0.957168,-0.06273,-0.240757,-5.766331,130.431702,15.396235,0.002186,0.974706,-0.205526,-0.087762,-11.156895,143.859344,13.043311,-0.095363,0.972951,0.196527,-0.075158,-6.555284,123.657074,16.640287,-0.326519,0.779754,0.272554,0.459439,-23.526768,119.895462,18.54232,-0.124023,-0.053088,-0.574403,-0.807379,-32.580154,113.470116,-3.668472,0.003606,0.135249,-0.683424,-0.717375,-23.717415,138.395187,-2.164815,-0.281596,0.874792,0.136606,-0.369841,-1.523259,126.504257,11.949944,-0.419756,0.758792,0.010855,-0.497918,8.406672,136.886688,1.979984,-0.220786,-0.0487,-0.274035,-0.934766,12.17514,152.972687,-16.556673,-0.001205,-0.276431,-0.380661,-0.882429,-7.673622,140.433578,-17.260515,0.085426,0.939129,0.324918,-0.071886,-9.695871,81.489861,9.263384,0.003442,0.981464,-0.128011,-0.142584,-17.203995,53.429092,-12.409234,-0.069394,0.975314,0.005105,0.209574,-15.789011,7.424489,-0.410695,-0.088031,0.975557,-0.146897,-0.137699,7.838877,82.997528,2.768201,-0.094177,0.910084,-0.39685,-0.073409,15.529886,48.881363,12.277005,0.061041,0.924576,-0.303003,-0.222762,26.454651,17.142368,45.976788,-0.069394,0.975314,0.005105,0.209574,-9.208899,1.935962,-13.127221,0.061041,0.924576,-0.303003,-0.222762,20.273418,4.70975,39.468777
640,5.333333,-0.038763,0.984692,0.011866,-0.169526,-1.014425,82.286514,5.927841,-0.004069,0.942561,0.070986,-0.326378,-1.570645,89.952728,6.208673,-0.172082,0.912326,0.095097,-0.359173,-0.744481,111.105797,9.124896,-0.14527,0.958326,-0.061377,-0.238203,-5.892452,130.439941,15.351084,0.002407,0.974615,-0.205868,-0.087969,-11.188665,143.905045,12.997997,-0.095308,0.973306,0.196198,-0.071404,-6.703923,123.664772,16.577526,-0.328153,0.777395,0.27287,0.462075,-23.695019,119.930473,18.354179,-0.120956,-0.048814,-0.573899,-0.808472,-32.574593,113.523224,-3.931886,0.005514,0.137963,-0.682549,-0.717679,-23.659388,138.420349,-2.344999,-0.281421,0.876704,0.136188,-0.365577,-1.620782,126.510986,11.942036,-0.417611,0.762091,0.006401,-0.49475,8.422279,136.88118,2.073146,-0.216596,-0.045429,-0.274385,-0.935807,12.43611,152.843628,-16.518736,0.002911,-0.273198,-0.380219,-0.883622,-7.425186,140.314194,-17.313887,0.083891,0.940201,0.323604,-0.06531,-9.826969,81.532722,9.0508,0.004791,0.981646,-0.129883,-0.139568,-17.076002,53.391361,-12.605536,-0.068168,0.975231,0.005014,0.210363,-15.798897,7.433745,-0.41304,-0.089338,0.9765,-0.146793,-0.130072,7.79812,83.040306,2.804882,-0.094466,0.910809,-0.3964,-0.066103,15.505528,48.938725,12.352647,0.058768,0.92674,-0.302089,-0.215504,26.183201,17.170971,46.104504,-0.068168,0.975231,0.005014,0.210363,-9.212101,1.934916,-13.121658,0.058768,0.92674,-0.302089,-0.215504,20.19343,4.707424,39.477695
641,5.341667,-0.03882,0.985949,0.011683,-0.162052,-1.105114,82.352585,5.85847,-0.004066,0.944448,0.072765,-0.32048,-1.664763,90.018799,6.132439,-0.172144,0.914488,0.095038,-0.353619,-0.833557,111.129593,9.12072,-0.142345,0.959641,-0.060436,-0.234891,-6.022492,130.463318,15.314128,0.002696,0.974635,-0.205904,-0.08765,-11.220728,143.963699,12.944691,-0.095083,0.973608,0.196341,-0.067055,-6.859371,123.687744,16.521172,-0.329034,0.775309,0.27154,0.465724,-23.873024,119.989586,18.151558,-0.118648,-0.044503,-0.57326,-0.809515,-32.555737,113.601128,-4.217319,0.007365,0.140978,-0.68069,-0.718841,-23.584074,138.459305,-2.523101,-0.281122,0.879228,0.134345,-0.360389,-1.717597,126.532173,11.949688,-0.41454,0.765853,0.0025,-0.491548,8.463043,136.870102,2.188502,-0.21289,-0.041392,-0.273229,-0.937182,12.76062,152.69751,-16.455328,0.006204,-0.269497,-0.378665,-0.885407,-7.15058,140.247177,-17.366123,0.082352,0.941328,0.322016,-0.058521,-9.964069,81.599052,8.847306,0.005593,0.982208,-0.131608,-0.133849,-16.948969,53.36483,-12.774941,-0.06636,0.975242,0.004902,0.210892,-15.795821,7.450905,-0.406752,-0.090812,0.977402,-0.146287,-0.122635,7.753841,83.106117,2.869635,-0.094459,0.911544,-0.396,-0.057875,15.48783,49.013042,12.426257,0.055966,0.929201,-0.301417,-0.206402,25.859022,17.21501,46.24511,-0.06636,0.975242,0.004902,0.210892,-9.215735,1.936298,-13.112009,0.055966,0.929201,-0.301417,-0.206402,20.111952,4.707922,39.486717
642,5.35,-0.03871,0.987185,0.011798,-0.154366,-1.205402,82.420044,5.78834,-0.004506,0.946467,0.07441,-0.314074,-1.765231,90.086349,6.059426,-0.171458,0.916896,0.095146,-0.347636,-0.951274,111.153343,9.120354,-0.139558,0.960952,-0.059008,-0.231544,-6.153467,130.496078,15.274336,0.003559,0.974644,-0.205962,-0.087387,-11.254234,144.03331,12.903368,-0.094883,0.974005,0.196065,-0.062204,-7.027629,123.721764,16.461802,-0.307681,0.786582,0.225807,0.48542,-24.064543,120.063042,17.930153,-0.136691,-0.055817,-0.572765,-0.806313,-32.49213,113.487587,-4.482065,0.009632,0.144518,-0.679468,-0.719267,-23.48929,138.522095,-2.707092,-0.280513,0.881786,0.133387,-0.354927,-1.819877,126.555084,11.958621,-0.410192,0.770212,-0.000549,-0.48838,8.509378,136.861832,2.321392,-0.209412,-0.036709,-0.270563,-0.938933,13.139209,152.53833,-16.370323,0.008472,-0.265169,-0.374474,-0.888472,-6.857331,140.236038,-17.413473,0.08077,0.942562,0.320067,-0.051095,-10.110141,81.668999,8.638526,0.006385,0.982787,-0.133282,-0.12777,-16.813782,53.325344,-12.929505,-0.06556,0.975256,0.004922,0.211075,-15.790709,7.45452,-0.391118,-0.092699,0.97829,-0.145748,-0.114512,7.699336,83.171097,2.938154,-0.094094,0.912306,-0.395586,-0.048544,15.482408,49.091713,12.503772,0.052307,0.932155,-0.300401,-0.19522,25.475285,17.255938,46.400909,-0.06556,0.975256,0.004922,0.211075,-9.214869,1.93479,-13.096346,0.052307,0.932155,-0.300401,-0.19522,20.032972,4.700452,39.481892
643,5.358333,-0.038853,0.988372,0.011939,-0.146525,-1.293821,82.497993,5.732817,-0.005021,0.948596,0.075883,-0.307218,-1.857632,90.164078,6.001913,-0.170725,0.91946,0.095203,-0.341151,-1.068516,111.190392,9.129916,-0.136546,0.962361,-0.057344,-0.227879,-6.28592,130.543198,15.239225,0.004452,0.974634,-0.206163,-0.086981,-11.280307,144.120438,12.870526,-0.094626,0.974336,0.196144,-0.056955,-7.19968,123.770439,16.405596,-0.309987,0.783044,0.22663,0.489275,-24.260176,120.15519,17.697306,-0.132637,-0.049596,-0.572665,-0.807467,-32.430416,113.607384,-4.818067,0.012461,0.148507,-0.678246,-0.719564,-23.390135,138.606796,-2.904,-0.279704,0.884188,0.133555,-0.349485,-1.921676,126.591362,11.977041,-0.404255,0.775386,-0.003812,-0.48512,8.557497,136.873322,2.476127,-0.20591,-0.030993,-0.265613,-0.941324,13.585112,152.348068,-16.280842,0.011128,-0.261781,-0.367679,-0.892278,-6.558985,140.292984,-17.480577,0.0789,0.943753,0.318043,-0.044196,-10.242612,81.744781,8.440926,0.007504,0.983242,-0.134674,-0.122647,-16.658779,53.285896,-13.062705,-0.064379,0.975208,0.00525,0.211653,-15.789358,7.452041,-0.378378,-0.094618,0.979315,-0.144715,-0.10511,7.65497,83.251205,3.02471,-0.093523,0.913007,-0.395262,-0.037951,15.473911,49.176117,12.576342,0.050244,0.935521,-0.299841,-0.179923,25.023743,17.305803,46.568615,-0.064379,0.975208,0.00525,0.211653,-9.211588,1.933507,-13.08313,0.050244,0.935521,-0.299841,-0.179923,19.947985,4.696962,39.470325
644,5.366667,-0.038922,0.989526,0.012023,-0.138484,-1.390498,82.592117,5.688519,-0.005499,0.950809,0.077426,-0.299897,-1.95735,90.258087,5.954454,-0.169985,0.922178,0.095183,-0.334116,-1.19363,111.22937,9.149714,-0.133001,0.963977,-0.055981,-0.223438,-6.430237,130.592911,15.208389,0.005206,0.974736,-0.206124,-0.085883,-11.302173,144.212265,12.826454,-0.094078,0.974692,0.196199,-0.051301,-7.385405,123.821976,16.351971,-0.311095,0.779779,0.224489,0.494742,-24.470917,120.262932,17.455219,-0.1295,-0.043841,-0.572761,-0.80824,-32.339817,113.731384,-5.171923,0.015546,0.152943,-0.676576,-0.720147,-23.275734,138.713211,-3.106829,-0.278273,0.887259,0.132251,-0.343286,-2.032915,126.629578,12.005107,-0.397341,0.78112,-0.006372,-0.481592,8.624372,136.852554,2.639648,-0.204117,-0.02494,-0.258155,-0.943965,14.096564,152.113647,-16.167852,0.011786,-0.258235,-0.358227,-0.897134,-6.250101,140.415512,-17.538603,0.076853,0.945022,0.315633,-0.037447,-10.382177,81.838364,8.250462,0.008531,0.983655,-0.135717,-0.118029,-16.503286,53.245663,-13.161477,-0.063051,0.97521,0.005783,0.212028,-15.777728,7.4402,-0.366029,-0.096865,0.980312,-0.143369,-0.095131,7.601181,83.345871,3.126577,-0.093541,0.913817,-0.394454,-0.024397,15.472722,49.273884,12.646034,0.049533,0.938802,-0.299386,-0.162988,24.519783,17.343204,46.719082,-0.063051,0.97521,0.005783,0.212028,-9.204781,1.927055,-13.075609,0.049533,0.938802,-0.299386,-0.162988,19.82473,4.6873,39.444714
645,5.375,-0.038956,0.990646,0.012043,-0.130223,-1.484114,82.69278,5.662897,-0.005918,0.953095,0.078665,-0.29221,-2.053636,90.358696,5.924463,-0.16933,0.924944,0.095256,-0.326698,-1.318277,111.293396,9.176432,-0.129262,0.965583,-0.054281,-0.219078,-6.577806,130.665665,15.187162,0.006358,0.974757,-0.206246,-0.085275,-11.320211,144.330032,12.801723,-0.093883,0.975035,0.196127,-0.045012,-7.574791,123.896339,16.304279,-0.312327,0.776283,0.222866,0.500168,-24.68277,120.386055,17.195269,-0.126371,-0.037884,-0.572342,-0.809333,-32.245438,113.881218,-5.543722,0.017339,0.157248,-0.675396,-0.720287,-23.131859,138.825256,-3.323009,-0.276662,0.890621,0.130471,-0.336497,-2.146006,126.691772,12.045061,-0.388821,0.78734,-0.008646,-0.478372,8.703969,136.84494,2.82605,-0.202072,-0.018261,-0.248666,-0.9471,14.662308,151.842636,-16.0455,0.012621,-0.255082,-0.344956,-0.903205,-5.925347,140.594193,-17.595121,0.074482,0.946233,0.313282,-0.030805,-10.517388,81.939392,8.074201,0.009754,0.98412,-0.136645,-0.112878,-16.325399,53.213512,-13.246507,-0.062127,0.975203,0.006161,0.212324,-15.771254,7.434207,-0.349288,-0.099421,0.981447,-0.141325,-0.08309,7.549161,83.446159,3.251592,-0.093135,0.914331,-0.393987,-0.009902,15.47308,49.368351,12.706527,0.048322,0.942154,-0.299102,-0.143351,23.945051,17.395443,46.887653,-0.062127,0.975203,0.006161,0.212324,-9.200731,1.925096,-13.061875,0.048322,0.942154,-0.299102,-0.143351,19.705524,4.683074,39.4342
646,5.383333,-0.039358,0.991679,0.011896,-0.121995,-1.566892,82.805054,5.651831,-0.006668,0.955348,0.079945,-0.284383,-2.144971,90.470543,5.90717,-0.168291,0.927763,0.095249,-0.319159,-1.452455,111.359581,9.219741,-0.125418,0.967219,-0.052943,-0.214373,-6.721757,130.746597,15.17406,0.007153,0.974834,-0.206279,-0.084246,-11.332131,144.453506,12.773813,-0.093858,0.975262,0.196455,-0.038216,-7.765134,123.980209,16.266298,-0.313557,0.77242,0.221555,0.505928,-24.893063,120.516251,16.924915,-0.122612,-0.031106,-0.572385,-0.810169,-32.129715,114.054955,-5.932262,0.021637,0.16176,-0.6735,-0.720946,-22.99408,138.973755,-3.535027,-0.274627,0.893509,0.130887,-0.330287,-2.25862,126.757668,12.096036,-0.378668,0.794336,-0.010801,-0.474894,8.775414,136.851654,3.031803,-0.200155,-0.010825,-0.236886,-0.950635,15.285357,151.534622,-15.904915,0.013288,-0.251874,-0.329925,-0.909688,-5.586374,140.84053,-17.651012,0.072281,0.947417,0.310778,-0.024383,-10.638505,82.045624,7.912602,0.010739,0.984699,-0.13731,-0.10676,-16.151487,53.183044,-13.301539,-0.060852,0.975199,0.006775,0.212693,-15.762927,7.422998,-0.330122,-0.101937,0.982448,-0.139126,-0.07105,7.504721,83.564484,3.391059,-0.092418,0.914763,-0.393234,0.005845,15.480307,49.478687,12.773481,0.048777,0.945454,-0.298677,-0.120535,23.303934,17.436712,47.044353,-0.060852,0.975199,0.006775,0.212693,-9.196675,1.921923,-13.048392,0.048777,0.945454,-0.298677,-0.120535,19.563829,4.675819,39.40871
647,5.391667,-0.039659,0.992665,0.012041,-0.113572,-1.646945,82.919815,5.650084,-0.007725,0.957617,0.081015,-0.276311,-2.231512,90.584877,5.903246,-0.167014,0.930611,0.09521,-0.311455,-1.59799,111.441742,9.273013,-0.121562,0.968796,-0.051259,-0.209833,-6.868856,130.847015,15.166174,0.008226,0.97485,-0.20644,-0.083563,-11.345379,144.597702,12.762976,-0.094318,0.975527,0.196217,-0.030811,-7.961651,124.084473,16.233587,-0.314458,0.76854,0.219645,0.512072,-25.104427,120.65506,16.637554,-0.118924,-0.024285,-0.572224,-0.811066,-32.002335,114.2388,-6.336758,0.025342,0.167246,-0.672006,-0.720968,-22.837967,139.125259,-3.760067,-0.272276,0.896892,0.129634,-0.323489,-2.37643,126.840256,12.154622,-0.367195,0.80167,-0.012168,-0.471535,8.858019,136.847687,3.241863,-0.197548,-0.00293,-0.223179,-0.954546,15.950825,151.181549,-15.752885,0.015161,-0.24786,-0.311046,-0.91738,-5.229346,141.130768,-17.695669,0.06984,0.948562,0.308253,-0.018249,-10.755336,82.155617,7.756086,0.011894,0.985207,-0.137877,-0.101077,-15.964955,53.154575,-13.345601,-0.059651,0.975182,0.007375,0.213091,-15.75391,7.411864,-0.30912,-0.104517,0.983416,-0.136552,-0.057647,7.461446,83.684006,3.544082,-0.091793,0.914898,-0.392471,0.022399,15.482205,49.585392,12.841043,0.049487,0.94843,-0.297734,-0.09688,22.63504,17.475473,47.194801,-0.059651,0.975182,0.007375,0.213091,-9.190328,1.919054,-13.032343,0.049487,0.94843,-0.297734,-0.09688,19.414261,4.678191,39.385311
648,5.4,-0.040098,0.99359,0.012148,-0.104998,-1.7264,83.050308,5.65812,-0.008491,0.959937,0.082089,-0.26779,-2.319654,90.714798,5.908566,-0.166115,0.933538,0.094997,-0.303132,-1.735896,111.531158,9.33042,-0.117477,0.970512,-0.049679,-0.204542,-7.027999,130.950684,15.157265,0.009245,0.974974,-0.206351,-0.082214,-11.361597,144.745377,12.744287,-0.093962,0.975732,0.196439,-0.023025,-8.166668,124.191368,16.196903,-0.315677,0.764393,0.217726,0.518312,-25.326452,120.826683,16.337084,-0.11501,-0.017281,-0.571881,-0.812051,-31.866949,114.447571,-6.751816,0.028598,0.172564,-0.670518,-0.720978,-22.666342,139.300629,-3.994832,-0.269634,0.900587,0.127762,-0.316096,-2.500822,126.929184,12.218262,-0.35447,0.809345,-0.013636,-0.468109,8.94906,136.834381,3.466906,-0.194344,0.005636,-0.207257,-0.958772,16.657808,150.764725,-15.587997,0.018691,-0.243689,-0.28827,-0.925833,-4.849054,141.464218,-17.73786,0.067476,0.949732,0.305464,-0.01215,-10.869291,82.278976,7.606088,0.013023,0.985697,-0.138163,-0.095616,-15.783369,53.13036,-13.362744,-0.058457,0.975169,0.008104,0.213455,-15.747801,7.39783,-0.288907,-0.106973,0.984218,-0.133826,-0.044294,7.416492,83.821648,3.710151,-0.090682,0.914878,-0.391415,0.039604,15.477612,49.707253,12.913832,0.048554,0.951196,-0.295871,-0.073004,21.895164,17.499294,47.320999,-0.058457,0.975169,0.008104,0.213455,-9.187516,1.916898,-13.018952,0.048554,0.951196,-0.295871,-0.073004,19.237099,4.678953,39.339428
649,5.408333,-0.040476,0.994432,0.012321,-0.09651,-1.791996,83.178123,5.679152,-0.00974,0.962193,0.083038,-0.259217,-2.392876,90.842079,5.927726,-0.164929,0.936431,0.09474,-0.294821,-1.880517,111.629524,9.40296,-0.113548,0.972113,-0.047628,-0.199586,-7.182475,131.067535,15.158706,0.010286,0.975023,-0.206424,-0.081325,-11.376175,144.906738,12.7534,-0.093525,0.975988,0.196172,-0.014711,-8.369806,124.312546,16.171581,-0.316793,0.760151,0.21524,0.524866,-25.543427,121.019211,16.032051,-0.110992,-0.010264,-0.571635,-0.812901,-31.709312,114.670563,-7.16805,0.032207,0.178096,-0.669081,-0.720816,-22.48472,139.490204,-4.232192,-0.266318,0.904197,0.126905,-0.308865,-2.624115,127.028099,12.293455,-0.339923,0.81709,-0.01401,-0.465425,9.045985,136.820877,3.708066,-0.189577,0.014637,-0.189552,-0.963284,17.380791,150.290466,-15.414423,0.023777,-0.239,-0.262205,-0.934645,-4.460944,141.822647,-17.770443,0.065058,0.950825,0.302752,-0.006358,-10.9664,82.400726,7.470218,0.014302,0.986176,-0.138306,-0.090135,-15.589727,53.109314,-13.365316,-0.057543,0.975158,0.008552,0.213735,-15.74557,7.383865,-0.267601,-0.109228,0.984914,-0.130751,-0.0303,7.382409,83.955513,3.888086,-0.08908,0.914555,-0.390414,0.056836,15.467384,49.817482,12.982557,0.048055,0.953699,-0.293062,-0.047572,21.106562,17.507639,47.430546,-0.057543,0.975158,0.008552,0.213735,-9.187882,1.908978,-13.001577,0.048055,0.953699,-0.293062,-0.047572,19.04475,4.685655,39.277172
650,5.416667,-0.040909,0.995212,0.012194,-0.08793,-1.851182,83.315025,5.719656,-0.010947,0.964476,0.083707,-0.250318,-2.460981,90.978493,5.961678,-0.163952,0.939354,0.094186,-0.286118,-2.023373,111.729721,9.476034,-0.109583,0.973828,-0.046218,-0.193687,-7.348279,131.185577,15.149713,0.011138,0.9753,-0.205874,-0.079253,-11.40027,145.06459,12.730934,-0.093175,0.976121,0.19613,-0.006336,-8.581417,124.434868,16.136026,-0.316613,0.756289,0.210687,0.532348,-25.763489,121.210518,15.713189,-0.107978,-0.004105,-0.571441,-0.813498,-31.542215,114.888954,-7.593733,0.035688,0.183343,-0.667499,-0.720803,-22.299068,139.6866,-4.483488,-0.262818,0.908009,0.12551,-0.301155,-2.755661,127.129295,12.364069,-0.324425,0.825124,-0.014963,-0.462272,9.1437,136.797531,3.954012,-0.186796,0.023561,-0.169807,-0.967325,18.135118,149.747971,-15.229553,0.026094,-0.235402,-0.234891,-0.942725,-4.038665,142.215286,-17.797953,0.062726,0.951904,0.299906,-0.000384,-11.054613,82.531136,7.351948,0.015488,0.986697,-0.138151,-0.084284,-15.3909,53.093803,-13.339144,-0.056729,0.975136,0.009168,0.214026,-15.737025,7.367635,-0.247636,-0.111203,0.985444,-0.127484,-0.016801,7.352249,84.098915,4.087362,-0.0871,0.914055,-0.389092,0.074331,15.450588,49.931301,13.057989,0.04937,0.955494,-0.290168,-0.019901,20.272957,17.490232,47.50668,-0.056729,0.975136,0.009168,0.214026,-9.18033,1.904214,-12.987052,0.04937,0.955494,-0.290168,-0.019901,18.829947,4.675555,39.210072
651,5.425,-0.04135,0.995929,0.012255,-0.079149,-1.899267,83.457581,5.766262,-0.012619,0.966748,0.084378,-0.241079,-2.517838,91.120461,6.004362,-0.162398,0.942364,0.093607,-0.277157,-2.175573,111.837151,9.561922,-0.106173,0.975402,-0.044439,-0.187999,-7.501865,131.318832,15.145,0.012204,0.97554,-0.205335,-0.077531,-11.426419,145.234909,12.729064,-0.093102,0.976281,0.195451,0.002405,-8.788488,124.574364,16.105398,-0.317679,0.75184,0.208608,0.538795,-25.97224,121.411873,15.38687,-0.103531,0.003134,-0.570926,-0.814442,-31.374472,115.132332,-8.021506,0.039808,0.188812,-0.666264,-0.720317,-22.102339,139.888229,-4.736483,-0.258892,0.911548,0.125645,-0.293716,-2.88002,127.239372,12.442778,-0.307073,0.833094,-0.014642,-0.459833,9.245749,136.783691,4.21657,-0.182195,0.032772,-0.148578,-0.971419,18.893026,149.153793,-15.031268,0.029925,-0.230951,-0.20476,-0.950705,-3.588371,142.63002,-17.808466,0.060582,0.952958,0.296932,0.005663,-11.129546,82.666832,7.235529,0.016811,0.987184,-0.137838,-0.078651,-15.192302,53.081692,-13.299688,-0.055369,0.975072,0.009798,0.214646,-15.739727,7.351369,-0.229564,-0.112814,0.98582,-0.1242,-0.002592,7.331011,84.248337,4.296995,-0.084849,0.913323,-0.387405,0.092514,15.415563,50.046955,13.15066,0.049809,0.9569,-0.285973,0.009018,19.37808,17.444447,47.556564,-0.055369,0.975072,0.009798,0.214646,-9.181522,1.896279,-12.971777,0.049809,0.9569,-0.285973,0.009018,18.607445,4.662038,39.121635
652,5.433333,-0.041863,0.996576,0.012103,-0.070264,-1.936444,83.605759,5.827873,-0.014144,0.968974,0.085134,-0.231607,-2.565132,91.268044,6.058669,-0.160997,0.94536,0.09285,-0.267868,-2.312638,111.958649,9.661455,-0.103047,0.976927,-0.042562,-0.182166,-7.648741,131.465225,15.14737,0.013063,0.975764,-0.204864,-0.07579,-11.452665,145.416153,12.739481,-0.093499,0.976302,0.194845,0.011332,-8.986761,124.726997,16.080929,-0.318401,0.747469,0.206263,0.545313,-26.163626,121.611641,15.056829,-0.100095,0.009455,-0.570489,-0.815128,-31.19208,115.378258,-8.44696,0.042395,0.192965,-0.664037,-0.721126,-21.897533,140.10321,-4.994126,-0.254509,0.915662,0.123409,-0.285586,-2.996168,127.363564,12.532921,-0.288979,0.840842,-0.014457,-0.457458,9.373013,136.746735,4.485669,-0.176579,0.041527,-0.125921,-0.975315,19.664074,148.485336,-14.824113,0.035861,-0.225826,-0.170569,-0.958448,-3.0983,143.035934,-17.784342,0.058618,0.953942,0.293963,0.012011,-11.190822,82.807159,7.131995,0.018082,0.98772,-0.137368,-0.072191,-14.988081,53.077866,-13.245234,-0.05481,0.974992,0.010287,0.215129,-15.743737,7.339451,-0.213835,-0.114001,0.986045,-0.120836,0.010902,7.317934,84.404358,4.523751,-0.082053,0.912439,-0.385415,0.110351,15.370358,50.162743,13.250254,0.050157,0.957399,-0.28187,0.037685,18.446562,17.369556,47.565483,-0.05481,0.974992,0.010287,0.215129,-9.178725,1.894478,-12.956866,0.050157,0.957399,-0.28187,0.037685,18.348904,4.625128,39.03894
653,5.441667,-0.041923,0.997184,0.012007,-0.061015,-1.984642,83.760071,5.89373,-0.01552,0.971129,0.086091,-0.221936,-2.616453,91.42231,6.117268,-0.159585,0.9483,0.092132,-0.258401,-2.447189,112.084816,9.770417,-0.099524,0.978522,-0.041072,-0.175792,-7.791648,131.615936,15.160049,0.013171,0.976061,-0.204269,-0.073517,-11.463402,145.601242,12.746467,-0.093434,0.976282,0.194162,0.021104,-9.181141,124.884155,16.064476,-0.318925,0.743369,0.202858,0.551849,-26.347345,121.837196,14.709396,-0.096235,0.01608,-0.569948,-0.815868,-31.003094,115.622963,-8.876097,0.04647,0.197963,-0.662369,-0.721054,-21.682188,140.321411,-5.254033,-0.249766,0.919635,0.121621,-0.277663,-3.109623,127.491974,12.634769,-0.269409,0.848455,-0.013173,-0.455379,9.499275,136.706406,4.766552,-0.171064,0.050031,-0.101726,-0.978717,20.427275,147.760178,-14.597353,0.040823,-0.220995,-0.136039,-0.964877,-2.580698,143.461517,-17.731909,0.056554,0.954949,0.290729,0.018714,-11.261703,82.962082,7.025691,0.019504,0.988189,-0.136703,-0.066448,-14.781901,53.078526,-13.174868,-0.054337,0.974882,0.010763,0.215722,-15.751288,7.327869,-0.200723,-0.115261,0.986057,-0.117528,0.024387,7.292418,84.55806,4.761769,-0.078773,0.911381,-0.383194,0.127834,15.322739,50.280224,13.365595,0.049833,0.957283,-0.276864,0.066868,17.492373,17.274443,47.546013,-0.054337,0.974882,0.010763,0.215722,-9.175632,1.893461,-12.942772,0.049833,0.957283,-0.276864,0.066868,18.097935,4.590693,38.950218
654,5.45,-0.04208,0.997706,0.011923,-0.051675,-2.017705,83.917328,5.973549,-0.017977,0.973269,0.086396,-0.212037,-2.654055,91.579399,6.189988,-0.157269,0.951249,0.091683,-0.24897,-2.619653,112.207268,9.873585,-0.09617,0.980027,-0.039324,-0.169564,-7.932606,131.772598,15.169459,0.013164,0.976342,-0.203707,-0.071323,-11.476345,145.791718,12.760719,-0.092888,0.97627,0.193193,0.030743,-9.385124,125.050163,16.043892,-0.319907,0.739034,0.199352,0.558343,-26.537413,122.086296,14.366561,-0.091676,0.022694,-0.569369,-0.816639,-30.803989,115.872871,-9.292647,0.050918,0.20265,-0.66029,-0.721358,-21.461935,140.54039,-5.523509,-0.245069,0.923428,0.120487,-0.26964,-3.231431,127.617599,12.73219,-0.248546,0.85603,-0.012086,-0.453091,9.612344,136.668625,5.056564,-0.167167,0.058176,-0.075972,-0.981274,21.180197,146.962799,-14.35434,0.042613,-0.217487,-0.09945,-0.970048,-2.024731,143.897552,-17.653538,0.05451,0.955869,0.287585,0.025271,-11.314264,83.118179,6.931321,0.021236,0.988681,-0.135821,-0.0601,-14.564225,53.086342,-13.093868,-0.053956,0.974641,0.011124,0.216889,-15.785038,7.319519,-0.198203,-0.116146,0.985914,-0.114403,0.037365,7.278855,84.716484,5.015778,-0.075666,0.909948,-0.380425,0.146786,15.269139,50.400978,13.505928,0.052681,0.955972,-0.270921,0.099719,16.506866,17.148436,47.493088,-0.053956,0.974641,0.011124,0.216889,-9.182863,1.894003,-12.930326,0.052681,0.955972,-0.270921,0.099719,17.844231,4.54458,38.862549
655,5.458333,-0.042088,0.998152,0.012047,-0.042139,-2.053682,84.076622,6.057147,-0.019692,0.975349,0.087064,-0.201809,-2.692121,91.738632,6.269413,-0.155405,0.954186,0.090916,-0.238984,-2.760694,112.342262,9.991593,-0.093318,0.981411,-0.037279,-0.16351,-8.064524,131.937881,15.183594,0.013542,0.976555,-0.203179,-0.069818,-11.493811,145.988541,12.79298,-0.092501,0.976111,0.192453,0.040149,-9.574289,125.22403,16.026424,-0.319473,0.735337,0.193565,0.565463,-26.705757,122.336388,14.033186,-0.087892,0.028099,-0.568849,-0.817249,-30.588711,116.105545,-9.687427,0.055532,0.207266,-0.658068,-0.721736,-21.226559,140.756638,-5.798067,-0.239724,0.92744,0.118467,-0.261442,-3.339365,127.755501,12.841394,-0.226458,0.863027,-0.009556,-0.451454,9.747288,136.614532,5.35437,-0.165355,0.06586,-0.049344,-0.982795,21.90971,146.106125,-14.10208,0.039043,-0.215167,-0.060097,-0.973944,-1.438253,144.325409,-17.552338,0.052685,0.95679,0.284128,0.03237,-11.367009,83.278992,6.836686,0.022751,0.989108,-0.13483,-0.054484,-14.354155,53.089748,-12.991777,-0.053173,0.974533,0.011862,0.217525,-15.796009,7.30376,-0.187306,-0.116875,0.985576,-0.11137,0.050769,7.259645,84.874252,5.277608,-0.071714,0.908533,-0.377474,0.164127,15.199179,50.521408,13.66379,0.053763,0.954181,-0.263778,0.130651,15.503688,17.000671,47.407791,-0.053173,0.974533,0.011862,0.217525,-9.185255,1.893811,-12.921596,0.053763,0.954181,-0.263778,0.130651,17.566875,4.507254,38.759689
656,5.466667,-0.042166,0.998513,0.011851,-0.032467,-2.074906,84.238266,6.154406,-0.021869,0.977313,0.087709,-0.191543,-2.716665,91.900253,6.357499,-0.153239,0.957047,0.090041,-0.229065,-2.908002,112.471725,10.117925,-0.090412,0.982779,-0.035563,-0.157181,-8.189762,132.102005,15.200358,0.013575,0.976847,-0.202454,-0.067813,-11.503505,146.181885,12.818768,-0.091764,0.975937,0.191332,0.050183,-9.759231,125.398132,16.013081,-0.320596,0.731171,0.189581,0.571548,-26.86375,122.601784,13.686154,-0.082806,0.034541,-0.568138,-0.818028,-30.36747,116.341652,-10.085737,0.060953,0.21172,-0.655989,-0.721899,-20.982317,140.968155,-6.071045,-0.234119,0.931249,0.11735,-0.253363,-3.445225,127.888939,12.95428,-0.203134,0.869704,-0.006388,-0.44979,9.87979,136.553986,5.663208,-0.164946,0.073403,-0.021712,-0.983328,22.6143,145.184799,-13.828063,0.031896,-0.213501,-0.018015,-0.976256,-0.807603,144.746155,-17.419039,0.051074,0.957631,0.280636,0.039713,-11.401649,83.4412,6.7532,0.024389,0.989523,-0.133661,-0.048827,-14.139001,53.096897,-12.87361,-0.05314,0.974358,0.012256,0.218293,-15.813994,7.288411,-0.178437,-0.117595,0.985021,-0.108537,0.064223,7.251836,85.035339,5.555613,-0.068626,0.906446,-0.37377,0.184236,15.142636,50.649582,13.852408,0.053353,0.951932,-0.256119,0.159315,14.509447,16.822933,47.285141,-0.05314,0.974358,0.012256,0.218293,-9.183169,1.890213,-12.907282,0.053353,0.951932,-0.256119,0.159315,17.275644,4.460758,38.644737
657,5.475,-0.042059,0.998791,0.011999,-0.022427,-2.100737,84.394081,6.24662,-0.023954,0.979214,0.08829,-0.181026,-2.742806,92.056152,6.445488,-0.150898,0.959829,0.089538,-0.218956,-3.055394,112.615219,10.242086,-0.087955,0.984067,-0.033948,-0.150746,-8.303621,132.279114,15.228385,0.013737,0.977088,-0.201999,-0.065632,-11.514578,146.384354,12.856123,-0.091381,0.975744,0.18966,0.06002,-9.935639,125.585876,16.004755,-0.321766,0.726997,0.186173,0.577305,-27.004702,122.865532,13.350362,-0.077458,0.040841,-0.567103,-0.818979,-30.142597,116.586098,-10.46751,0.066263,0.215905,-0.654434,-0.721602,-20.720758,141.178284,-6.342526,-0.227679,0.935233,0.115706,-0.24518,-3.543596,128.034393,13.076671,-0.179148,0.87568,-0.002288,-0.448425,10.028105,136.47374,5.978415,-0.165409,0.080824,0.006166,-0.982888,23.278856,144.213516,-13.542914,0.021973,-0.212007,0.026015,-0.976675,-0.147106,145.135361,-17.266014,0.049348,0.958482,0.27688,0.047058,-11.437991,83.600975,6.657367,0.025988,0.98994,-0.132438,-0.042478,-13.922006,53.092312,-12.747097,-0.053134,0.974176,0.013028,0.219064,-15.834202,7.260531,-0.170062,-0.118172,0.984252,-0.106007,0.077754,7.236516,85.187187,5.835872,-0.064854,0.904139,-0.369797,0.203902,15.069745,50.771938,14.064675,0.052111,0.948787,-0.247719,0.189007,13.474857,16.616383,47.128937,-0.053134,0.974176,0.013028,0.219064,-9.182527,1.884799,-12.897544,0.052111,0.948787,-0.247719,0.189007,16.983997,4.409967,38.537006
658,5.483333,-0.041904,0.998976,0.011639,-0.012484,-2.118326,84.550453,6.360242,-0.0262,0.981039,0.088636,-0.170354,-2.760046,92.212852,6.547149,-0.148341,0.962573,0.088903,-0.208674,-3.20316,112.747253,10.366761,-0.085524,0.985286,-0.031626,-0.144559,-8.409749,132.447952,15.250349,0.014083,0.977288,-0.201554,-0.063928,-11.517172,146.581696,12.90995,-0.09094,0.975452,0.188101,0.069585,-10.106258,125.76667,15.990487,-0.32316,0.722746,0.18307,0.58283,-27.134783,123.121979,13.018271,-0.071662,0.047321,-0.56598,-0.819934,-29.909723,116.821709,-10.839115,0.072227,0.220096,-0.653023,-0.721042,-20.450401,141.381958,-6.608273,-0.221179,0.939164,0.114279,-0.236626,-3.637352,128.169006,13.196017,-0.15416,0.881061,0.003416,-0.447163,10.18054,136.379715,6.307681,-0.164743,0.088297,0.034152,-0.981783,23.901051,143.200821,-13.231741,0.012122,-0.210563,0.071859,-0.97486,0.556475,145.485825,-17.085522,0.048387,0.95912,0.27324,0.055563,-11.462337,83.762413,6.585055,0.02725,0.990362,-0.131119,-0.035333,-13.725773,53.101791,-12.605694,-0.052803,0.974022,0.013546,0.219796,-15.852332,7.243305,-0.16111,-0.118753,0.983232,-0.103547,0.091815,7.225685,85.338493,6.135429,-0.061154,0.901595,-0.365392,0.223329,14.999947,50.89587,14.305392,0.052728,0.944832,-0.238524,0.218218,12.482196,16.387848,46.943535,-0.052803,0.974022,0.013546,0.219796,-9.184713,1.880481,-12.885695,0.052728,0.944832,-0.238524,0.218218,16.687901,4.353117,38.422428
659,5.491667,-0.041722,0.999062,0.01138,-0.002415,-2.133983,84.705338,6.474824,-0.028276,0.982704,0.089293,-0.159753,-2.77477,92.368057,6.651264,-0.145702,0.965214,0.08801,-0.198463,-3.339496,112.881241,10.504074,-0.083449,0.986428,-0.029648,-0.138267,-8.501212,132.621094,15.275948,0.014433,0.977541,-0.200937,-0.061882,-11.51643,146.778839,12.960121,-0.090436,0.97503,0.186561,0.079584,-10.261368,125.952621,15.982297,-0.323405,0.719287,0.178289,0.588429,-27.240917,123.387955,12.678321,-0.066901,0.052913,-0.564551,-0.820979,-29.682297,117.045639,-11.204386,0.077756,0.223797,-0.650965,-0.721189,-20.164764,141.572067,-6.873986,-0.214112,0.942979,0.113282,-0.228285,-3.719007,128.306717,13.320942,-0.128705,0.885771,0.010126,-0.445806,10.342095,136.272583,6.640415,-0.161858,0.095089,0.06188,-0.980271,24.48036,142.15834,-12.905328,0.005152,-0.209148,0.118929,-0.970612,1.292701,145.777756,-16.865555,0.046756,0.959812,0.269371,0.063364,-11.481091,83.922859,6.511172,0.029013,0.990764,-0.129287,-0.028819,-13.496783,53.098808,-12.443954,-0.052534,0.973765,0.014601,0.220929,-15.876834,7.204392,-0.179047,-0.119468,0.98187,-0.101632,0.10644,7.213125,85.487816,6.438477,-0.057072,0.898861,-0.36035,0.242777,14.931543,51.02906,14.593354,0.052047,0.940235,-0.228707,0.246866,11.489304,16.127029,46.724174,-0.052534,0.973765,0.014601,0.220929,-9.181555,1.870411,-12.901226,0.052047,0.940235,-0.228707,0.246866,16.400692,4.288326,38.306618
660,5.5,-0.041513,0.999047,0.010954,0.007886,-2.146983,84.859291,6.608644,-0.029881,0.984383,0.089429,-0.14866,-2.786296,92.522423,6.771954,-0.143349,0.967798,0.087201,-0.187655,-3.458939,113.0131,10.630194,-0.081478,0.987545,-0.027257,-0.131811,-8.587202,132.787399,15.294313,0.01481,0.977787,-0.200261,-0.06008,-11.511402,146.970276,13.015893,-0.09013,0.974662,0.184493,0.088724,-10.408083,126.131104,15.960452,-0.325376,0.715043,0.176539,0.593025,-27.335762,123.631241,12.354451,-0.060929,0.059195,-0.563098,-0.822012,-29.444017,117.276276,-11.556596,0.08287,0.227425,-0.648739,-0.721491,-19.879578,141.759171,-7.133759,-0.20673,0.946837,0.112144,-0.219514,-3.793455,128.44046,13.442399,-0.102826,0.88971,0.01707,-0.444468,10.513665,136.147278,6.984037,-0.157245,0.101316,0.089888,-0.978228,25.008663,141.067352,-12.567343,0.000767,-0.208826,0.166875,-0.96361,2.053745,146.016663,-16.617073,0.045313,0.960344,0.26572,0.071263,-11.493361,84.082878,6.452315,0.030688,0.991097,-0.127593,-0.022456,-13.275019,53.10762,-12.278429,-0.052192,0.973534,0.015344,0.221972,-15.895796,7.181308,-0.183111,-0.120002,0.980288,-0.099813,0.121129,7.199395,85.635696,6.764971,-0.053256,0.895631,-0.35486,0.262837,14.849838,51.159657,14.910805,0.050748,0.935018,-0.21858,0.274569,10.51454,15.844101,46.47673,-0.052192,0.973534,0.015344,0.221972,-9.176323,1.866829,-12.9007,0.050748,0.935018,-0.21858,0.274569,16.11619,4.218008,38.194977
661,5.508333,-0.041245,0.998927,0.010405,0.018333,-2.153006,85.007095,6.742327,-0.031635,0.985897,0.08976,-0.137659,-2.789725,92.670753,6.890587,-0.140778,0.970237,0.086521,-0.17702,-3.575008,113.141037,10.761905,-0.079433,0.988579,-0.025106,-0.125588,-8.657328,132.950897,15.32433,0.015186,0.978053,-0.199354,-0.058654,-11.490674,147.157349,13.078272,-0.089082,0.974203,0.182564,0.098301,-10.540292,126.307846,15.948839,-0.324651,0.712106,0.170603,0.598667,-27.4119,123.900284,12.030746,-0.05739,0.063479,-0.561556,-0.823001,-29.209644,117.491364,-11.891264,0.087043,0.23006,-0.646779,-0.721923,-19.577353,141.943054,-7.386655,-0.199272,0.950597,0.110785,-0.21067,-3.857042,128.569672,13.572847,-0.077114,0.892955,0.024122,-0.442836,10.689038,136.011017,7.340921,-0.151063,0.106591,0.117311,-0.975734,25.48571,139.961151,-12.204501,-0.001162,-0.209225,0.215682,-0.953785,2.810149,146.195129,-16.324469,0.044143,0.960798,0.261852,0.079698,-11.494662,84.237762,6.390728,0.032274,0.991386,-0.126015,-0.015244,-13.056214,53.107006,-12.100323,-0.052293,0.973331,0.016204,0.222776,-15.917265,7.152122,-0.169114,-0.12049,0.978393,-0.098463,0.136139,7.188651,85.776428,7.093926,-0.049653,0.891833,-0.348923,0.283587,14.761919,51.289474,15.265682,0.048699,0.929122,-0.207903,0.30189,9.56143,15.541119,46.207581,-0.052293,0.973331,0.016204,0.222776,-9.174802,1.863375,-12.885261,0.048699,0.929122,-0.207903,0.30189,15.852412,4.150844,38.094807
662,5.516667,-0.040912,0.998699,0.009839,0.028816,-2.160169,85.147461,6.889937,-0.033444,0.987312,0.089702,-0.126689,-2.793061,92.811714,7.022965,-0.137767,0.972589,0.085783,-0.166532,-3.695396,113.26226,10.889359,-0.077716,0.989529,-0.022705,-0.119487,-8.712035,133.112595,15.347312,0.015383,0.978331,-0.198412,-0.057139,-11.464047,147.341644,13.143561,-0.087638,0.973765,0.180515,0.107313,-10.661091,126.48497,15.93152,-0.32583,0.708515,0.166588,0.603399,-27.476814,124.177811,11.723499,-0.051972,0.068769,-0.560059,-0.823956,-28.953999,117.705093,-12.203276,0.092084,0.233555,-0.64482,-0.721928,-19.271793,142.117462,-7.630487,-0.191116,0.954151,0.110803,-0.201974,-3.9117,128.69278,13.695823,-0.050744,0.895267,0.034777,-0.441262,10.871247,135.853149,7.696445,-0.14255,0.110389,0.143683,-0.973062,25.904448,138.871353,-11.834607,-0.002001,-0.209265,0.266355,-0.940882,3.56331,146.309387,-15.991847,0.042951,0.961113,0.258179,0.088092,-11.493067,84.386276,6.342509,0.034015,0.991614,-0.12436,-0.00888,-12.836751,53.109539,-11.917885,-0.052027,0.97312,0.017038,0.223697,-15.940393,7.126221,-0.158112,-0.12099,0.976297,-0.097457,0.150691,7.172729,85.908638,7.437365,-0.046061,0.887698,-0.342696,0.304023,14.670208,51.416161,15.655526,0.046872,0.922536,-0.197047,0.328486,8.648591,15.225378,45.926941,-0.052027,0.97312,0.017038,0.223697,-9.175967,1.859904,-12.871903,0.046872,0.922536,-0.197047,0.328486,15.599593,4.080144,38.014973
663,5.525,-0.040551,0.998354,0.009188,0.039497,-2.167581,85.274292,7.042301,-0.034976,0.988613,0.08979,-0.115581,-2.795928,92.939194,7.158771,-0.134647,0.974855,0.085036,-0.155877,-3.803694,113.373123,11.023392,-0.075902,0.990454,-0.020767,-0.113173,-8.749111,133.264435,15.377092,0.014955,0.978649,-0.197316,-0.055581,-11.418096,147.513763,13.202475,-0.086148,0.973161,0.178607,0.116776,-10.764849,126.653168,15.918996,-0.325665,0.705636,0.161379,0.608257,-27.515465,124.450516,11.406335,-0.048334,0.073231,-0.558229,-0.825034,-28.705614,117.913017,-12.518824,0.095926,0.235668,-0.642566,-0.72275,-18.943817,142.28949,-7.857145,-0.183487,0.957412,0.110768,-0.193457,-3.951648,128.804993,13.826863,-0.024435,0.897024,0.044089,-0.439098,11.049032,135.698471,8.059847,-0.135073,0.112944,0.170543,-0.969491,26.275093,137.748428,-11.447412,-0.002085,-0.207794,0.313598,-0.926539,4.330848,146.397705,-15.588589,0.041816,0.96132,0.25446,0.096779,-11.487341,84.521637,6.295578,0.035776,0.991798,-0.122686,-0.002357,-12.616084,53.099728,-11.728601,-0.052403,0.972894,0.01807,0.224508,-15.963986,7.088768,-0.145277,-0.121064,0.973719,-0.096473,0.167056,7.152179,86.026947,7.789023,-0.043516,0.882734,-0.33588,0.325686,14.528579,51.521946,16.063971,0.043352,0.915496,-0.186194,0.354004,7.776491,14.869558,45.617355,-0.052403,0.972894,0.01807,0.224508,-9.173164,1.855085,-12.85847,0.043352,0.915496,-0.186194,0.354004,15.381402,3.989758,37.940948
664,5.533333,-0.039952,0.997905,0.008367,0.050194,-2.170135,85.390503,7.20937,-0.03653,0.989804,0.089587,-0.10454,-2.789891,93.056366,7.306962,-0.131344,0.977008,0.084106,-0.14536,-3.904953,113.475204,11.156075,-0.074249,0.991266,-0.018065,-0.107487,-8.770444,133.409927,15.399894,0.014901,0.97891,-0.196218,-0.054875,-11.361747,147.681808,13.279859,-0.084889,0.972598,0.176288,0.125579,-10.853307,126.816322,15.901536,-0.326063,0.702624,0.157738,0.612471,-27.536839,124.703003,11.10648,-0.043894,0.077977,-0.556185,-0.826227,-28.458658,118.123352,-12.818974,0.099942,0.23846,-0.640094,-0.723483,-18.614296,142.449921,-8.080818,-0.175699,0.96076,0.109923,-0.184355,-3.979858,128.909088,13.951388,0.001641,0.897904,0.05369,-0.436901,11.238924,135.521667,8.432189,-0.127932,0.114418,0.19706,-0.965251,26.590057,136.613388,-11.054207,-0.002077,-0.206272,0.359001,-0.910256,5.087842,146.443024,-15.144223,0.04103,0.961314,0.250969,0.10586,-11.472801,84.650459,6.263444,0.037525,0.991938,-0.120974,0.003946,-12.406015,53.095943,-11.5389,-0.052611,0.972626,0.018902,0.225551,-15.992353,7.057497,-0.137564,-0.120885,0.97087,-0.095463,0.183537,7.132533,86.130547,8.155295,-0.041469,0.877186,-0.328998,0.347253,14.369527,51.608337,16.48143,0.042026,0.907691,-0.174529,0.379302,6.961851,14.504087,45.304901,-0.052611,0.972626,0.018902,0.225551,-9.171211,1.849938,-12.845254,0.042026,0.907691,-0.174529,0.379302,15.171253,3.89374,37.878044
665,5.541667,-0.03938,0.997335,0.007314,0.060975,-2.165749,85.499527,7.388189,-0.037724,0.99088,0.089449,-0.093445,-2.776771,93.166336,7.463456,-0.128221,0.979025,0.083192,-0.134718,-3.984023,113.57299,11.296887,-0.072559,0.992044,-0.015801,-0.101663,-8.775147,133.548096,15.434114,0.01471,0.979185,-0.195055,-0.054164,-11.289005,147.840057,13.356537,-0.083084,0.972108,0.173634,0.133993,-10.921854,126.97184,15.892699,-0.324914,0.700049,0.15181,0.617507,-27.539608,124.9608,10.832577,-0.040514,0.081599,-0.554338,-0.827291,-28.190943,118.32045,-13.084992,0.103899,0.240789,-0.63764,-0.724321,-18.266413,142.607147,-8.286091,-0.167811,0.96396,0.108798,-0.17545,-3.991954,129.007858,14.087669,0.026905,0.898069,0.062713,-0.434529,11.433654,135.333023,8.811129,-0.122036,0.115003,0.222586,-0.960384,26.851618,135.486374,-10.652469,-0.003177,-0.205238,0.401933,-0.892366,5.828415,146.43898,-14.656845,0.040459,0.961125,0.247688,0.115123,-11.446783,84.771111,6.241958,0.039191,0.992015,-0.119369,0.011013,-12.198569,53.094639,-11.351141,-0.052357,0.972346,0.019685,0.226747,-16.022058,7.031664,-0.127345,-0.120487,0.967871,-0.094697,0.19935,7.115287,86.227943,8.53442,-0.039443,0.871517,-0.321978,0.367739,14.199695,51.688217,16.918924,0.040221,0.899648,-0.162868,0.403101,6.206095,14.133644,44.992886,-0.052357,0.972346,0.019685,0.226747,-9.17172,1.845583,-12.828112,0.040221,0.899648,-0.162868,0.403101,14.984776,3.800556,37.830902
666,5.55,-0.038532,0.996638,0.006604,0.072009,-2.16712,85.598396,7.564733,-0.039075,0.991849,0.089139,-0.082237,-2.765183,93.26638,7.62329,-0.12458,0.980968,0.082345,-0.124097,-4.071867,113.662148,11.432901,-0.071241,0.992765,-0.013432,-0.095713,-8.76518,133.681702,15.466062,0.014303,0.97945,-0.194075,-0.052991,-11.212026,147.992065,13.435653,-0.081417,0.971384,0.171346,0.142919,-10.981218,127.125565,15.880561,-0.324322,0.697525,0.146936,0.62184,-27.522102,125.216003,10.537195,-0.037059,0.085943,-0.552233,-0.828419,-27.92589,118.519058,-13.370043,0.107698,0.243405,-0.634601,-0.72556,-17.914585,142.75589,-8.479918,-0.160153,0.966958,0.107921,-0.166421,-3.996685,129.097397,14.22068,0.051664,0.897636,0.071845,-0.431762,11.624725,135.141678,9.19705,-0.116695,0.114938,0.247425,-0.954962,27.065123,134.37912,-10.234387,-0.004475,-0.204906,0.44214,-0.873216,6.563743,146.407135,-14.13099,0.039908,0.960842,0.244263,0.124598,-11.421864,84.886894,6.213627,0.04104,0.992064,-0.117648,0.016869,-11.995255,53.085072,-11.158679,-0.052697,0.97204,0.020579,0.2279,-16.057175,6.997389,-0.121628,-0.120156,0.964631,-0.094251,0.214865,7.087623,86.309906,8.915838,-0.037828,0.865508,-0.314777,0.38779,14.021051,51.758297,17.377253,0.036426,0.892084,-0.151993,0.423979,5.523507,13.755652,44.689911,-0.052697,0.97204,0.020579,0.2279,-9.172171,1.840331,-12.815459,0.036426,0.892084,-0.151993,0.423979,14.828777,3.706573,37.793549
667,5.558333,-0.037552,0.995838,0.005559,0.08286,-2.164841,85.685387,7.761701,-0.040198,0.992698,0.088695,-0.071188,-2.747189,93.354706,7.798991,-0.121063,0.982754,0.081459,-0.113592,-4.14338,113.742462,11.57738,-0.070108,0.993402,-0.01143,-0.090038,-8.741635,133.804291,15.508607,0.014671,0.979735,-0.192828,-0.052173,-11.12925,148.130096,13.51693,-0.079898,0.970333,0.16976,0.152482,-11.023764,127.268196,15.878442,-0.323654,0.69528,0.142733,0.625669,-27.474424,125.462067,10.229333,-0.034088,0.090552,-0.549806,-0.82967,-27.662485,118.721649,-13.668358,0.111117,0.245809,-0.631734,-0.726734,-17.549456,142.898849,-8.659249,-0.151953,0.969934,0.106764,-0.157286,-3.989183,129.17749,14.363087,0.075082,0.89644,0.082132,-0.428966,11.825154,134.919434,9.594919,-0.112187,0.114378,0.270513,-0.949291,27.237679,133.326553,-9.808309,-0.007159,-0.204799,0.479167,-0.853467,7.271267,146.33754,-13.583446,0.040031,0.960175,0.241177,0.135257,-11.389458,84.992485,6.209825,0.042679,0.992075,-0.115939,0.022909,-11.811013,53.082775,-10.9679,-0.052797,0.971742,0.021317,0.229074,-16.091539,6.970179,-0.119151,-0.119977,0.961091,-0.093917,0.230413,7.059777,86.378281,9.313576,-0.035765,0.8599,-0.307585,0.405813,13.849256,51.818996,17.859924,0.032748,0.884489,-0.141359,0.443424,4.900657,13.376143,44.401585,-0.052797,0.971742,0.021317,0.229074,-9.174151,1.836036,-12.804665,0.032748,0.884489,-0.141359,0.443424,14.689321,3.609042,37.774544
668,5.566667,-0.036694,0.994902,0.004379,0.093834,-2.159347,85.765938,7.963541,-0.040955,0.99345,0.088161,-0.060067,-2.72725,93.436424,7.977601,-0.117778,0.984398,0.080548,-0.102962,-4.197227,113.811066,11.717364,-0.068551,0.99406,-0.009319,-0.084012,-8.708528,133.911972,15.548537,0.014408,0.979992,-0.191848,-0.051018,-11.023684,148.255234,13.597478,-0.077703,0.96961,0.167069,0.160955,-11.052604,127.395317,15.87141,-0.322413,0.693024,0.137936,0.629874,-27.422485,125.700775,9.959182,-0.031258,0.094564,-0.547474,-0.830875,-27.38817,118.919083,-13.927555,0.114129,0.248637,-0.628953,-0.727717,-17.177837,143.036224,-8.821482,-0.14405,0.972759,0.105404,-0.147919,-3.972065,129.245132,14.503492,0.097722,0.894663,0.092644,-0.425963,12.024074,134.691223,10.002087,-0.109237,0.113772,0.292234,-0.943251,27.369797,132.309204,-9.373245,-0.012692,-0.204851,0.512285,-0.83393,7.957963,146.231079,-13.016823,0.040072,0.959377,0.238594,0.145133,-11.348784,85.088799,6.209194,0.044282,0.992034,-0.114059,0.029955,-11.625368,53.089512,-10.804056,-0.053205,0.971351,0.021617,0.230608,-16.129389,6.949049,-0.166316,-0.119722,0.957306,-0.093771,0.245842,7.030091,86.443085,9.717889,-0.034767,0.853428,-0.300166,0.424679,13.66656,51.877392,18.358006,0.029567,0.877379,-0.130816,0.460673,4.36264,12.998906,44.131844,-0.053205,0.971351,0.021617,0.230608,-9.167476,1.828483,-12.832947,0.029567,0.877379,-0.130816,0.460673,14.576221,3.5083,37.748806
669,5.575,-0.035619,0.993862,0.003616,0.104669,-2.150722,85.821602,8.166445,-0.042126,0.99402,0.087959,-0.049126,-2.701109,93.493378,8.164372,-0.113914,0.985969,0.079503,-0.092569,-4.261895,113.878799,11.884114,-0.067427,0.994617,-0.007603,-0.078315,-8.660422,134.024231,15.611129,0.014776,0.980188,-0.19109,-0.049986,-10.918114,148.380966,13.692048,-0.076746,0.968442,0.164866,0.170437,-11.072029,127.53022,15.889743,-0.320276,0.691215,0.133111,0.633977,-27.337187,125.913536,9.674443,-0.029715,0.098319,-0.545198,-0.831991,-27.113564,119.110405,-14.205174,0.116353,0.251443,-0.625685,-0.729217,-16.804998,143.170715,-8.973283,-0.135848,0.975416,0.104015,-0.138889,-3.9479,129.312164,14.665598,0.118892,0.892409,0.103152,-0.422883,12.219114,134.451797,10.421686,-0.107033,0.113326,0.312231,-0.93713,27.466949,131.348984,-8.928894,-0.019511,-0.205311,0.54168,-0.814892,8.607367,146.096848,-12.451326,0.040188,0.958509,0.235935,0.154854,-11.301271,85.164604,6.212512,0.045863,0.991916,-0.112655,0.036167,-11.445148,53.074516,-10.630512,-0.05351,0.971083,0.022543,0.231573,-16.160395,6.917313,-0.158168,-0.119493,0.953955,-0.094544,0.258365,6.999828,86.478607,10.120377,-0.032902,0.848313,-0.292983,0.439822,13.491768,51.919495,18.895555,0.025606,0.871149,-0.120733,0.475255,3.888573,12.623668,43.915703,-0.05351,0.971083,0.022543,0.231573,-9.169112,1.826211,-12.820503,0.025606,0.871149,-0.120733,0.475255,14.480217,3.410413,37.746014
670,5.583333,-0.034325,0.992702,0.002781,0.11557,-2.154218,85.868088,8.370411,-0.042701,0.994536,0.087306,-0.038112,-2.683322,93.541336,8.351849,-0.110437,0.987351,0.078787,-0.082064,-4.310502,113.935104,12.029112,-0.065941,0.995184,-0.006083,-0.07227,-8.609234,134.117966,15.668983,0.014898,0.980406,-0.1903,-0.048655,-10.798532,148.488663,13.775279,-0.075036,0.967309,0.162647,0.179527,-11.082513,127.645203,15.89657,-0.318332,0.689326,0.128553,0.63794,-27.245485,126.127914,9.396187,-0.02841,0.102074,-0.542819,-0.833139,-26.833132,119.303154,-14.474741,0.117715,0.253931,-0.62268,-0.730707,-16.423306,143.299728,-9.109736,-0.128232,0.977842,0.102798,-0.129672,-3.919457,129.365082,14.819656,0.139369,0.889656,0.115166,-0.419316,12.404471,134.216705,10.846012,-0.103962,0.112395,0.330705,-0.931232,27.538872,130.457321,-8.477168,-0.025926,-0.206788,0.5664,-0.797344,9.226751,145.941742,-11.881992,0.040262,0.957501,0.233422,0.164576,-11.261424,85.234894,6.216371,0.047585,0.991814,-0.111224,0.040874,-11.271242,53.059769,-10.464236,-0.054421,0.970791,0.023254,0.232515,-16.193367,6.887394,-0.155265,-0.119324,0.950155,-0.095221,0.271848,6.952987,86.501274,10.52445,-0.031395,0.843661,-0.285815,0.453388,13.294625,51.948536,19.433622,0.021239,0.86565,-0.110841,0.487763,3.486954,12.248826,43.726284,-0.054421,0.970791,0.023254,0.232515,-9.167049,1.824513,-12.809515,0.021239,0.86565,-0.110841,0.487763,14.418734,3.315723,37.740646
671,5.591667,-0.033151,0.991443,0.001517,0.126253,-2.156093,85.903511,8.590693,-0.042986,0.994967,0.086294,-0.027308,-2.664644,93.578056,8.549447,-0.106976,0.988575,0.078271,-0.071765,-4.34556,113.987755,12.169274,-0.06413,0.995717,-0.003885,-0.06649,-8.542132,134.205551,15.733732,0.014674,0.980524,-0.189951,-0.047713,-10.653859,148.593826,13.885905,-0.073765,0.966089,0.160576,0.188271,-11.075302,127.754333,15.907783,-0.316505,0.687418,0.125112,0.641582,-27.13241,126.319275,9.132164,-0.027141,0.105993,-0.540476,-0.834215,-26.546255,119.500664,-14.736891,0.119092,0.256512,-0.61941,-0.732359,-16.04319,143.428009,-9.230929,-0.121058,0.980004,0.10207,-0.120496,-3.87745,129.412628,14.976096,0.158756,0.886613,0.12606,-0.41572,12.58931,133.992035,11.278275,-0.101434,0.111422,0.347842,-0.925366,27.585804,129.604446,-8.01999,-0.032593,-0.208024,0.586927,-0.781781,9.807655,145.761688,-11.309013,0.040454,0.956319,0.231253,0.174181,-11.216323,85.290512,6.241539,0.049282,0.991669,-0.109831,0.045846,-11.100871,53.043438,-10.299163,-0.05472,0.970497,0.024007,0.233592,-16.229,6.857422,-0.152989,-0.119103,0.946597,-0.095907,0.28385,6.904137,86.516502,10.939847,-0.03042,0.839268,-0.278628,0.465908,13.102884,51.969456,19.970816,0.017178,0.860731,-0.101572,0.498529,3.182356,11.878103,43.5644,-0.05472,0.970497,0.024007,0.233592,-9.170766,1.819348,-12.799382,0.017178,0.860731,-0.101572,0.498529,14.410194,3.209474,37.740089
672,5.6,-0.031972,0.990078,0.000836,0.136831,-2.155642,85.937157,8.804742,-0.043145,0.99524,0.085777,-0.016696,-2.644354,93.612915,8.750176,-0.103722,0.989689,0.077245,-0.06157,-4.369805,114.014099,12.328688,-0.061994,0.996231,-0.002374,-0.060616,-8.472492,134.267319,15.800163,0.01441,0.980718,-0.189215,-0.046712,-10.498539,148.671234,13.97849,-0.072546,0.964884,0.157853,0.197025,-11.060972,127.836952,15.926069,-0.313614,0.685682,0.121384,0.645564,-27.006357,126.476547,8.876752,-0.027185,0.109444,-0.538257,-0.835202,-26.256144,119.688889,-14.996526,0.119513,0.25873,-0.616707,-0.73379,-15.660529,143.550278,-9.330655,-0.114872,0.981972,0.10096,-0.111098,-3.832675,129.436264,15.138049,0.176153,0.883821,0.133119,-0.412444,12.761249,133.773666,11.728154,-0.099808,0.111183,0.364103,-0.919297,27.603117,128.768616,-7.539353,-0.038049,-0.209885,0.603773,-0.768088,10.359171,145.562408,-10.738164,0.040919,0.954949,0.22914,0.184098,-11.165104,85.345459,6.262799,0.050907,0.991427,-0.108591,0.051864,-10.939781,53.030609,-10.143956,-0.055358,0.970141,0.024539,0.234863,-16.276793,6.834316,-0.1535,-0.118707,0.942881,-0.096524,0.295917,6.85382,86.528847,11.346685,-0.030204,0.835304,-0.271921,0.47688,12.896305,51.983582,20.489672,0.013857,0.857304,-0.09296,0.506158,2.960606,11.539713,43.467167,-0.055358,0.970141,0.024539,0.234863,-9.178266,1.81787,-12.785923,0.013857,0.857304,-0.09296,0.506158,14.416414,3.110559,37.736053
673,5.608333,-0.030794,0.988625,-7e-06,0.147217,-2.152906,85.9599,9.022429,-0.043115,0.995423,0.085065,-0.006159,-2.621208,93.636803,8.952583,-0.100672,0.990647,0.07644,-0.051395,-4.384226,114.051689,12.484828,-0.059799,0.996706,-0.000799,-0.054774,-8.399103,134.336227,15.875186,0.014203,0.980852,-0.188757,-0.045798,-10.33811,148.755737,14.082543,-0.071149,0.963443,0.15614,0.205757,-11.039079,127.926018,15.948961,-0.311152,0.683967,0.117597,0.649265,-26.868465,126.652206,8.627294,-0.027028,0.112981,-0.536106,-0.836119,-25.956703,119.875099,-15.243359,0.119638,0.261421,-0.61392,-0.735152,-15.276509,143.669632,-9.420019,-0.109122,0.983763,0.09974,-0.101762,-3.78438,129.469482,15.305442,0.192433,0.88084,0.140707,-0.409013,12.924096,133.578934,12.184855,-0.09697,0.1101,0.378211,-0.91402,27.607914,128.019226,-7.051664,-0.042332,-0.211807,0.619261,-0.754892,10.844684,145.342331,-10.160692,0.041619,0.953443,0.22724,0.193846,-11.108412,85.388763,6.292091,0.052478,0.991242,-0.10736,0.056216,-10.791774,53.015266,-9.997121,-0.055947,0.96982,0.025147,0.235979,-16.314392,6.80913,-0.15415,-0.118027,0.939221,-0.097177,0.307393,6.802599,86.531036,11.752765,-0.030061,0.831769,-0.26588,0.48638,12.672461,51.983273,20.998188,0.010496,0.854695,-0.084685,0.51207,2.749111,11.229518,43.426945,-0.055947,0.96982,0.025147,0.235979,-9.180038,1.815871,-12.775575,0.010496,0.854695,-0.084685,0.51207,14.401608,3.033412,37.754639
674,5.616667,-0.029557,0.9871,-0.000677,0.15735,-2.151068,85.982635,9.239403,-0.043056,0.995496,0.08437,0.004016,-2.598238,93.660683,9.157581,-0.097615,0.991477,0.075586,-0.041603,-4.394917,114.081886,12.643282,-0.057626,0.997131,0.000856,-0.049076,-8.319141,134.397263,15.954137,0.014208,0.980976,-0.188371,-0.044736,-10.17252,148.832077,14.194252,-0.069761,0.961973,0.154451,0.214213,-11.008905,128.007416,15.977815,-0.307,0.682589,0.111843,0.653692,-26.720938,126.81749,8.393957,-0.027883,0.115736,-0.534307,-0.836865,-25.650099,120.041481,-15.470398,0.120041,0.264368,-0.611241,-0.736264,-14.894316,143.781647,-9.493992,-0.10404,0.985433,0.098254,-0.09189,-3.731623,129.495316,15.473497,0.207569,0.877996,0.146896,-0.405537,13.0816,133.39679,12.664058,-0.09429,0.109757,0.390986,-0.908951,27.605385,127.304665,-6.532661,-0.046378,-0.212274,0.631207,-0.744559,11.30546,145.094879,-9.592126,0.042367,0.95186,0.225376,0.203406,-11.050079,85.433304,6.326016,0.054051,0.991075,-0.106098,0.05994,-10.650299,53.003204,-9.848363,-0.056518,0.969533,0.025672,0.236965,-16.351213,6.787386,-0.1536,-0.117493,0.936047,-0.09811,0.316836,6.747943,86.53196,12.15279,-0.029766,0.829493,-0.260326,0.49324,12.466494,51.988285,21.507692,0.007033,0.853418,-0.077489,0.515388,2.600345,10.954865,43.446423,-0.056518,0.969533,0.025672,0.236965,-9.184746,1.814716,-12.764953,0.007033,0.853418,-0.077489,0.515388,14.401791,2.96888,37.782337
675,5.625,-0.028468,0.985541,-0.001238,0.167024,-2.14346,85.995697,9.451771,-0.042792,0.995471,0.083758,0.013836,-2.571867,93.674698,9.359866,-0.095017,0.992144,0.0748,-0.032055,-4.39237,114.108788,12.804042,-0.054906,0.99755,0.002151,-0.0433,-8.242583,134.450089,16.041811,0.014018,0.981084,-0.188088,-0.043601,-9.99501,148.900223,14.304416,-0.068371,0.960357,0.152781,0.222932,-10.974817,128.078293,16.014723,-0.307075,0.680229,0.111179,0.656226,-26.56027,126.973083,8.161631,-0.026086,0.120614,-0.532198,-0.837578,-25.322327,120.222946,-15.701977,0.120833,0.267091,-0.608765,-0.737202,-14.509672,143.889404,-9.557914,-0.099105,0.986919,0.096912,-0.082325,-3.67961,129.51767,15.647003,0.220986,0.875367,0.151137,-0.402561,13.226947,133.217484,13.141309,-0.091446,0.108832,0.402205,-0.904447,27.584612,126.632286,-6.01753,-0.048693,-0.213114,0.643488,-0.733577,11.693469,144.827377,-9.019143,0.043135,0.950279,0.223677,0.212315,-10.984789,85.4655,6.364405,0.055536,0.9909,-0.104919,0.063447,-10.513637,52.984856,-9.706295,-0.056919,0.969265,0.026358,0.237889,-16.381914,6.760848,-0.151475,-0.117268,0.933449,-0.099359,0.324112,6.697868,86.525902,12.539137,-0.029154,0.828906,-0.254867,0.4971,12.298003,51.996265,22.016712,0.005153,0.852866,-0.070304,0.51735,2.544534,10.691873,43.492447,-0.056919,0.969265,0.026358,0.237889,-9.186576,1.811843,-12.755698,0.005153,0.852866,-0.070304,0.51735,14.453279,2.893286,37.791939
676,5.633333,-0.02733,0.983951,-0.002495,0.176318,-2.138508,86.002136,9.68752,-0.0426,0.995389,0.08271,0.023333,-2.545407,93.682045,9.575636,-0.092399,0.992699,0.074085,-0.022849,-4.390316,114.12883,12.960182,-0.052343,0.997908,0.003574,-0.03778,-8.163376,134.495163,16.13076,0.014237,0.981158,-0.187932,-0.042509,-9.820439,148.959885,14.421387,-0.066934,0.95888,0.151135,0.230712,-10.936864,128.141632,16.053486,-0.302578,0.678517,0.104808,0.661117,-26.405668,127.11644,7.962508,-0.027193,0.122746,-0.531012,-0.837986,-24.983892,120.361771,-15.88957,0.121066,0.26966,-0.605977,-0.738525,-14.123949,143.992966,-9.613166,-0.094595,0.988287,0.095242,-0.072592,-3.626825,129.532593,15.817678,0.23276,0.873114,0.153419,-0.399947,13.36302,133.044037,13.623659,-0.089383,0.108777,0.411889,-0.900292,27.55953,125.998711,-5.491537,-0.051831,-0.213576,0.653548,-0.724274,12.038958,144.540924,-8.469439,0.044055,0.948594,0.222414,0.220817,-10.921164,85.489418,6.434199,0.056823,0.99072,-0.103742,0.066959,-10.390431,52.973736,-9.563629,-0.05745,0.969051,0.026886,0.238571,-16.406618,6.740132,-0.148237,-0.116458,0.930949,-0.100254,0.331242,6.644148,86.514854,12.940841,-0.029236,0.82842,-0.250302,0.500214,12.095565,51.984459,22.501978,0.003506,0.853403,-0.063164,0.517399,2.488957,10.46111,43.618671,-0.05745,0.969051,0.026886,0.238571,-9.187478,1.811109,-12.746675,0.003506,0.853403,-0.063164,0.517399,14.472776,2.845107,37.829334
677,5.641667,-0.026272,0.982344,-0.003315,0.185198,-2.12649,86.009651,9.911272,-0.042495,0.995188,0.082056,0.032589,-2.514056,93.690361,9.786337,-0.08941,0.993195,0.073343,-0.013815,-4.385522,114.145218,13.127346,-0.050911,0.998176,0.00389,-0.032204,-8.064575,134.53891,16.231859,0.014882,0.98131,-0.187485,-0.040737,-9.659964,149.01033,14.520405,-0.065875,0.957193,0.149816,0.238741,-10.882764,128.205872,16.105314,-0.30214,0.676092,0.103301,0.664034,-26.224665,127.251518,7.767794,-0.025361,0.127208,-0.529498,-0.838336,-24.624125,120.513474,-16.077658,0.122778,0.272945,-0.604009,-0.738648,-13.737512,144.093536,-9.652671,-0.090658,0.989397,0.093995,-0.063555,-3.559703,129.543198,15.998655,0.24307,0.871144,0.155496,-0.397298,13.498688,132.889206,14.097478,-0.086871,0.108515,0.419519,-0.897041,27.556473,125.441406,-4.967607,-0.054571,-0.213846,0.662698,-0.715628,12.330315,144.252151,-7.937243,0.045165,0.946889,0.221103,0.229077,-10.849989,85.513977,6.499979,0.058118,0.990595,-0.10254,0.069491,-10.278573,52.963329,-9.425159,-0.058096,0.968816,0.027302,0.239324,-16.433134,6.72029,-0.146531,-0.115912,0.929281,-0.101704,0.335646,6.597008,86.505325,13.322565,-0.028555,0.829486,-0.246128,0.500558,11.930283,51.986958,22.993132,0.002356,0.854501,-0.056903,0.516319,2.463496,10.26277,43.774437,-0.058096,0.968816,0.027302,0.239324,-9.187301,1.809175,-12.736638,0.002356,0.854501,-0.056903,0.516319,14.491971,2.802926,37.875412
678,5.65,-0.025345,0.980752,-0.003882,0.193564,-2.112332,86.01461,10.12765,-0.042248,0.994908,0.081595,0.041421,-2.483151,93.695992,9.993612,-0.086996,0.993537,0.072734,-0.005092,-4.374599,114.169289,13.301728,-0.048272,0.998464,0.004542,-0.026802,-7.981366,134.584549,16.348766,0.015467,0.981337,-0.187565,-0.039472,-9.480543,149.067154,14.645044,-0.064841,0.95557,0.148224,0.246397,-10.835663,128.26889,16.172264,-0.299735,0.6736,0.099103,0.668282,-26.052391,127.379211,7.601477,-0.024394,0.130346,-0.528528,-0.838495,-24.242655,120.641472,-16.229088,0.1247,0.276028,-0.602371,-0.738517,-13.340238,144.193893,-9.688423,-0.086801,0.990405,0.092459,-0.054912,-3.503807,129.561401,16.191147,0.251774,0.869716,0.156691,-0.394528,13.614331,132.745621,14.569775,-0.084553,0.108787,0.425405,-0.894454,27.567133,124.941162,-4.429643,-0.057387,-0.213647,0.670232,-0.708414,12.577081,143.956284,-7.422476,0.046151,0.945318,0.21986,0.236443,-10.777278,85.534195,6.56817,0.059349,0.990466,-0.101343,0.071996,-10.171555,52.950375,-9.287712,-0.058145,0.968609,0.027889,0.24008,-16.457668,6.697878,-0.145414,-0.115184,0.928019,-0.10332,0.338877,6.552614,86.495026,13.687131,-0.02817,0.831203,-0.242325,0.499586,11.762805,51.988483,23.466385,0.002245,0.856201,-0.050695,0.514144,2.473685,10.085514,43.966228,-0.058145,0.968609,0.027889,0.24008,-9.191205,1.804631,-12.730583,0.002245,0.856201,-0.050695,0.514144,14.516584,2.76612,37.922482
679,5.658333,-0.024625,0.979139,-0.00474,0.201638,-2.094905,86.022102,10.354431,-0.042109,0.99458,0.080918,0.049897,-2.451106,93.703926,10.206661,-0.084769,0.993786,0.072057,0.003259,-4.36475,114.194534,13.472939,-0.045607,0.998713,0.005326,-0.021549,-7.905042,134.629944,16.462364,0.016433,0.981345,-0.187724,-0.038103,-9.307812,149.123703,14.77149,-0.064126,0.953731,0.147077,0.254272,-10.791863,128.330582,16.238514,0.296455,-0.671154,-0.093714,-0.672967,-25.873917,127.499535,7.42717,-0.024061,0.133521,-0.527894,-0.838404,-23.849209,120.750496,-16.382906,0.127227,0.27907,-0.600389,-0.738557,-12.949789,144.283218,-9.706907,-0.083334,0.991265,0.091099,-0.046361,-3.454083,129.581451,16.377684,0.258925,0.868773,0.157077,-0.391813,13.714971,132.618256,15.035918,-0.082115,0.109488,0.4297,-0.89254,27.592415,124.503433,-3.888531,-0.059793,-0.213225,0.676051,-0.70279,12.780044,143.667358,-6.936987,0.047398,0.943578,0.219,0.243828,-10.700673,85.551849,6.652859,0.060539,0.990377,-0.100241,0.073763,-10.071891,52.949123,-9.163218,-0.058466,0.968436,0.028135,0.24067,-16.478893,6.689066,-0.143918,-0.114301,0.927196,-0.104866,0.340948,6.510863,86.492355,14.056004,-0.027654,0.833189,-0.238523,0.498134,11.601093,51.994453,23.928484,0.001862,0.857662,-0.045278,0.512214,2.490069,9.914822,44.144424,-0.058466,0.968436,0.028135,0.24067,-9.1936,1.806165,-12.722221,0.001862,0.857662,-0.045278,0.512214,14.547327,2.723357,37.97699
680,5.666667,-0.024068,0.977619,-0.005164,0.20894,-2.070017,86.025116,10.570851,-0.041916,0.994199,0.080333,0.057949,-2.415375,93.707291,10.415825,-0.082927,0.993925,0.07146,0.011352,-4.347624,114.219055,13.645538,-0.043842,0.998895,0.005319,-0.016106,-7.83583,134.67099,16.582664,0.0179,0.981426,-0.187615,-0.035824,-9.167982,149.17038,14.882803,-0.063237,0.952035,0.14554,0.261628,-10.749264,128.385773,16.31152,0.289643,-0.669025,-0.084198,-0.679281,-25.702555,127.6119,7.278301,-0.025298,0.135028,-0.527763,-0.838208,-23.452101,120.828918,-16.501835,0.130447,0.282562,-0.59903,-0.73777,-12.550953,144.373917,-9.714823,-0.080655,0.991917,0.090104,-0.038437,-3.408644,129.600967,16.567753,0.265372,0.868288,0.156058,-0.388972,13.799274,132.520142,15.488473,-0.080329,0.110997,0.433462,-0.890695,27.619045,124.091736,-3.340869,-0.062283,-0.211993,0.679477,-0.699636,12.974829,143.385635,-6.469198,0.048895,0.941785,0.218439,0.250869,-10.620049,85.563461,6.741254,0.061258,0.990205,-0.099033,0.07703,-9.985739,52.953384,-9.059445,-0.058627,0.968301,0.028313,0.241151,-16.481791,6.678754,-0.179714,-0.113449,0.926563,-0.1066,0.342413,6.480014,86.486778,14.400448,-0.027141,0.835372,-0.235091,0.496135,11.453607,52.001381,24.375519,0.002364,0.859151,-0.03979,0.510168,2.514908,9.764444,44.338757,-0.058627,0.968301,0.028313,0.241151,-9.18224,1.802809,-12.752445,0.002364,0.859151,-0.03979,0.510168,14.573876,2.691011,38.03957
681,5.675,-0.023666,0.97614,-0.00551,0.21578,-2.040926,86.033936,10.783806,-0.041797,0.993763,0.079867,0.065653,-2.378008,93.716347,10.622505,-0.08116,0.993999,0.07079,0.019161,-4.331073,114.252159,13.821469,-0.041156,0.999076,0.005778,-0.010954,-7.768796,134.720245,16.705168,0.019227,0.9814,-0.187928,-0.034159,-9.004522,149.22879,15.010727,-0.062516,0.950296,0.144466,0.268625,-10.706942,128.448639,16.389067,0.296831,-0.664355,-0.089883,-0.680033,-25.533653,127.728142,7.145236,-0.017572,0.142762,-0.526086,-0.838179,-23.023075,120.970299,-16.616016,0.134262,0.286035,-0.597748,-0.736787,-12.15697,144.456131,-9.711046,-0.078189,0.992443,0.089426,-0.030756,-3.365554,129.629654,16.758209,0.270875,0.868141,0.155029,-0.385906,13.874655,132.439789,15.935215,-0.078171,0.112901,0.436202,-0.889309,27.665859,123.732567,-2.787913,-0.064016,-0.210171,0.680739,-0.698802,13.155179,143.116714,-6.027499,0.05004,0.94031,0.217557,0.256868,-10.536822,85.578247,6.834862,0.062293,0.990117,-0.097822,0.078862,-9.896755,52.948505,-8.924953,-0.058485,0.968125,0.028783,0.241836,-16.497972,6.66337,-0.178489,-0.11285,0.926293,-0.108646,0.3427,6.454969,86.489624,14.73275,-0.026163,0.838198,-0.231729,0.492992,11.33309,52.026337,24.830633,0.003254,0.860753,-0.034726,0.507827,2.551648,9.63513,44.535015,-0.058485,0.968125,0.028783,0.241836,-9.18177,1.800398,-12.746572,0.003254,0.860753,-0.034726,0.507827,14.599475,2.665428,38.10033
682,5.683333,-0.023434,0.974709,-0.0059,0.222167,-2.013151,86.044815,10.999874,-0.041568,0.993335,0.079177,0.072726,-2.344358,93.727325,10.831326,-0.079336,0.994025,0.070212,0.02627,-4.310428,114.287064,13.991478,-0.038592,0.999215,0.006308,-0.006317,-7.692716,134.770828,16.829014,0.020822,0.981339,-0.188334,-0.032716,-8.837442,149.287888,15.143707,-0.061935,0.94864,0.142732,0.275451,-10.655343,128.512985,16.471258,0.296798,-0.660804,-0.087271,-0.683837,-25.354698,127.833153,7.023197,-0.014428,0.147161,-0.52559,-0.837789,-22.587463,121.057022,-16.704327,0.137951,0.289763,-0.596632,-0.735552,-11.761642,144.530457,-9.693845,-0.076098,0.992933,0.088101,-0.02307,-3.314402,129.65979,16.943016,0.275725,0.868077,0.154343,-0.382878,13.951564,132.373535,16.376347,-0.075889,0.115007,0.438238,-0.888235,27.726702,123.42173,-2.242984,-0.065609,-0.207736,0.680809,-0.699314,13.323169,142.870956,-5.609968,0.051288,0.938879,0.216897,0.262357,-10.456777,85.591721,6.940076,0.063079,0.98993,-0.096785,0.081805,-9.822432,52.950352,-8.795873,-0.058689,0.967973,0.029029,0.242366,-16.515818,6.65538,-0.172399,-0.112122,0.926171,-0.110636,0.34263,6.430475,86.497902,15.059672,-0.025271,0.840639,-0.228172,0.490536,11.209881,52.054371,25.271515,0.003348,0.862104,-0.030259,0.505816,2.58328,9.503201,44.69754,-0.058689,0.967973,0.029029,0.242366,-9.183592,1.801716,-12.734742,0.003348,0.862104,-0.030259,0.505816,14.629325,2.635872,38.150433
683,5.691667,-0.023218,0.973374,-0.006008,0.227966,-1.985236,86.058769,11.204592,-0.041231,0.992861,0.078749,0.079532,-2.311816,93.741417,11.033214,-0.077719,0.993978,0.06972,0.033266,-4.286113,114.325272,14.166391,-0.03605,0.999327,0.00657,-0.001552,-7.620752,134.822556,16.962311,0.022455,0.981268,-0.188815,-0.030947,-8.674691,149.346741,15.279039,-0.061281,0.946848,0.141579,0.282275,-10.604525,128.577347,16.562231,0.295275,-0.657489,-0.082577,-0.68826,-25.173569,127.945747,6.911184,-0.012212,0.150684,-0.525388,-0.837325,-22.149723,121.126923,-16.772745,0.141703,0.293134,-0.595814,-0.734165,-11.365249,144.600983,-9.668123,-0.074291,0.993304,0.087057,-0.015753,-3.266008,129.693085,17.135256,0.279413,0.868464,0.152468,-0.380069,14.019383,132.321915,16.81418,-0.073863,0.117787,0.43968,-0.887329,27.799278,123.148834,-1.693577,-0.066401,-0.204956,0.679712,-0.701125,13.483861,142.647217,-5.215521,0.052523,0.937434,0.216346,0.267682,-10.380075,85.609123,7.04449,0.063846,0.989828,-0.095759,0.083627,-9.751231,52.959751,-8.675069,-0.058876,0.967889,0.029112,0.242645,-16.524826,6.655249,-0.166164,-0.11153,0.925774,-0.11254,0.343275,6.409603,86.508423,15.364693,-0.024484,0.842518,-0.2247,0.488951,11.09349,52.086102,25.691669,0.003729,0.863452,-0.025808,0.503757,2.604254,9.381619,44.839794,-0.058876,0.967889,0.029112,0.242645,-9.183359,1.805833,-12.724739,0.003729,0.863452,-0.025808,0.503757,14.64363,2.61306,38.178574
684,5.7,-0.023131,0.972119,-0.006118,0.233264,-1.956349,86.073219,11.411751,-0.040883,0.992386,0.078221,0.085906,-2.280298,93.755905,11.237262,-0.076461,0.993867,0.069218,0.039883,-4.259976,114.360764,14.339654,-0.032986,0.999427,0.006927,0.003163,-7.560365,134.86911,17.094868,0.02386,0.981189,-0.189335,-0.029163,-8.508597,149.401245,15.417394,-0.060893,0.945024,0.14067,0.288848,-10.560112,128.634232,16.654902,0.296374,-0.653697,-0.080837,-0.691598,-24.999529,128.042725,6.808462,-0.00858,0.155387,-0.524947,-0.836787,-21.714615,121.197784,-16.833132,0.145266,0.296479,-0.595091,-0.732711,-10.982304,144.664322,-9.624363,-0.072842,0.993584,0.0861,-0.008422,-3.225911,129.72464,17.323914,0.282823,0.868874,0.150945,-0.377206,14.073145,132.281265,17.250608,-0.071692,0.120914,0.441073,-0.886394,27.865517,122.905144,-1.145793,-0.066718,-0.201701,0.677594,-0.704082,13.645986,142.443069,-4.839804,0.053585,0.936106,0.215848,0.272478,-10.305427,85.624619,7.160431,0.064736,0.989793,-0.094547,0.084739,-9.678244,52.9678,-8.543732,-0.059207,0.967783,0.029158,0.242984,-16.535847,6.652239,-0.163224,-0.110874,0.92525,-0.114377,0.344293,6.392728,86.52182,15.66307,-0.023672,0.843824,-0.221054,0.488402,10.974236,52.119125,26.100779,0.003567,0.864332,-0.021644,0.502443,2.603979,9.256315,44.94511,-0.059207,0.967783,0.029158,0.242984,-9.182154,1.807329,-12.716396,0.003567,0.864332,-0.021644,0.502443,14.652006,2.588419,38.198544
685,5.708333,-0.023232,0.970939,-0.00639,0.238113,-1.919968,86.090157,11.618023,-0.04069,0.99191,0.077657,0.09181,-2.243547,93.772713,11.437489,-0.075354,0.99371,0.068871,0.046023,-4.234447,114.411819,14.510001,-0.029804,0.9995,0.007568,0.007427,-7.505368,134.929214,17.23278,0.025582,0.981009,-0.190248,-0.0278,-8.346195,149.469727,15.570742,-0.060744,0.943178,0.139964,0.295188,-10.51858,128.703705,16.754141,0.297453,-0.649905,-0.078637,-0.694954,-24.829132,128.144913,6.719463,-0.004949,0.159783,-0.524466,-0.83629,-21.281334,121.258507,-16.872036,0.148389,0.299716,-0.594143,-0.731536,-10.596332,144.718353,-9.572723,-0.071293,0.993805,0.085248,-0.001427,-3.189732,129.771454,17.512381,0.285712,0.869493,0.149664,-0.3741,14.11954,132.253677,17.675337,-0.069863,0.124531,0.44215,-0.885503,27.946228,122.696999,-0.602001,-0.067384,-0.198344,0.674326,-0.708099,13.818659,142.260986,-4.482491,0.054409,0.935071,0.215469,0.276144,-10.226084,85.638458,7.28369,0.065672,0.989813,-0.093256,0.085207,-9.600989,52.976261,-8.409366,-0.059085,0.96773,0.029355,0.243198,-16.540585,6.649247,-0.16072,-0.110239,0.924645,-0.116239,0.345497,6.386147,86.541847,15.952354,-0.022753,0.844762,-0.217374,0.488476,10.863614,52.160107,26.503637,0.002965,0.865081,-0.018,0.501301,2.591062,9.139747,45.029404,-0.059085,0.96773,0.029355,0.243198,-9.182444,1.809144,-12.713138,0.002965,0.865081,-0.018,0.501301,14.651428,2.566875,38.212006
686,5.716667,-0.023564,0.969819,-0.006255,0.242604,-1.877374,86.110352,11.817135,-0.040675,0.991394,0.077411,0.097422,-2.205568,93.792709,11.635875,-0.073953,0.993565,0.068309,0.051906,-4.214005,114.451454,14.689642,-0.027034,0.999535,0.007992,0.011648,-7.441882,134.98085,17.373068,0.027281,0.980851,-0.191066,-0.02609,-8.187429,149.527695,15.720955,-0.060837,0.941611,0.137892,0.301087,-10.471889,128.766235,16.85989,0.298386,-0.645983,-0.076884,-0.698398,-24.659018,128.214783,6.65106,-0.001547,0.164191,-0.524193,-0.83562,-20.845291,121.309029,-16.893253,0.151258,0.303314,-0.592838,-0.730523,-10.223224,144.762772,-9.499147,-0.070251,0.993905,0.084804,0.005114,-3.148504,129.80751,17.703012,0.28791,0.870157,0.148743,-0.371227,14.165083,132.234329,18.089132,-0.067683,0.127592,0.44261,-0.885006,28.035486,122.534958,-0.079587,-0.067429,-0.19543,0.672929,-0.71023,13.964076,142.10704,-4.135518,0.055674,0.933915,0.214961,0.280169,-10.142694,85.653183,7.406071,0.066292,0.989801,-0.092049,0.086179,-9.546135,52.985233,-8.276118,-0.059047,0.967703,0.029567,0.243292,-16.542728,6.644726,-0.152349,-0.109543,0.923601,-0.117967,0.347917,6.387946,86.567528,16.228199,-0.021678,0.845598,-0.213681,0.488707,10.746476,52.204025,26.888144,0.001746,0.865368,-0.01479,0.500915,2.5562,9.02769,45.084686,-0.059047,0.967703,0.029567,0.243292,-9.182357,1.810354,-12.705666,0.001746,0.865368,-0.01479,0.500915,14.644554,2.548707,38.227104
687,5.725,-0.023951,0.968758,-0.006388,0.246768,-1.839103,86.132317,12.020637,-0.040232,0.990912,0.076953,0.102733,-2.171782,93.814362,11.834521,-0.073259,0.993321,0.068074,0.057548,-4.177153,114.487114,14.861904,-0.023558,0.999562,0.00796,0.016027,-7.390963,135.022125,17.519018,0.028667,0.980745,-0.19165,-0.024263,-8.019993,149.574203,15.864613,-0.061081,0.939817,0.137107,0.306945,-10.428311,128.81427,16.969009,0.299187,-0.642157,-0.075019,-0.70178,-24.489819,128.278442,6.587023,0.001632,0.168488,-0.523914,-0.834939,-20.417208,121.351746,-16.907721,0.153976,0.306819,-0.591975,-0.729191,-9.856985,144.799988,-9.41734,-0.069295,0.993955,0.084401,0.011324,-3.112601,129.839462,17.894417,0.288997,0.871248,0.146654,-0.368646,14.202078,132.214905,18.492634,-0.066946,0.131521,0.442758,-0.884413,28.136169,122.395584,0.43743,-0.068255,-0.192057,0.671631,-0.712297,14.116489,141.9758,-3.80151,0.056344,0.93307,0.214698,0.28304,-10.06585,85.667465,7.538837,0.067106,0.989813,-0.090752,0.086786,-9.471816,52.996742,-8.137655,-0.058917,0.967696,0.029735,0.243329,-16.539774,6.644022,-0.146458,-0.109031,0.922268,-0.11935,0.351125,6.387645,86.597168,16.502436,-0.020646,0.845944,-0.210001,0.489746,10.63876,52.249348,27.25588,0.000889,0.865427,-0.011511,0.500902,2.51647,8.920559,45.117424,-0.058917,0.967696,0.029735,0.243329,-9.179631,1.813321,-12.701318,0.000889,0.865427,-0.011511,0.500902,14.634851,2.532413,38.227699
688,5.733333,-0.024488,0.967743,-0.00652,0.250661,-1.796661,86.159019,12.222201,-0.040115,0.990404,0.076692,0.107743,-2.136071,93.840637,12.030719,-0.072218,0.993101,0.067698,0.062864,-4.152406,114.532303,15.040156,-0.020685,0.999554,0.008381,0.019846,-7.336403,135.075806,17.667439,0.030546,0.980579,-0.192375,-0.022864,-7.868659,149.633102,16.024847,-0.061168,0.938076,0.136525,0.312462,-10.385187,128.876572,17.084343,0.300255,-0.638414,-0.072657,-0.704979,-24.326818,128.361694,6.540876,0.004721,0.172259,-0.523696,-0.834294,-19.998905,121.385956,-16.893641,0.155918,0.309728,-0.591206,-0.728172,-9.496223,144.833206,-9.327819,-0.068601,0.993932,0.084258,0.017124,-3.076753,129.881104,18.086712,0.290736,0.872044,0.146602,-0.365403,14.235505,132.215332,18.884138,-0.065454,0.13504,0.442897,-0.883924,28.23774,122.284683,0.942901,-0.069458,-0.188569,0.670524,-0.714154,14.271976,141.859192,-3.476262,0.057248,0.93215,0.214366,0.286123,-9.986589,85.683792,7.674541,0.067752,0.98977,-0.089517,0.088047,-9.408765,53.010197,-7.996571,-0.058898,0.967683,0.029785,0.243381,-16.537819,6.644568,-0.135529,-0.108317,0.920995,-0.120713,0.354209,6.393267,86.634247,16.769863,-0.019795,0.846606,-0.20646,0.490143,10.524966,52.298893,27.60931,-0.000496,0.865794,-0.008877,0.500321,2.492617,8.826536,45.159985,-0.058898,0.967683,0.029785,0.243381,-9.176491,1.815181,-12.690203,-0.000496,0.865794,-0.008877,0.500321,14.633203,2.521282,38.233089
689,5.741667,-0.024807,0.966753,-0.006627,0.254422,-1.754662,86.182785,12.416746,-0.040104,0.989894,0.076504,0.11247,-2.097651,93.864136,12.221101,-0.071177,0.992867,0.067439,0.067834,-4.128249,114.569763,15.214986,-0.017927,0.999525,0.008455,0.02358,-7.28161,135.120972,17.818741,0.032525,0.980444,-0.192927,-0.021248,-7.720576,149.681656,16.178577,-0.061267,0.936378,0.135961,0.317738,-10.341488,128.930328,17.203449,0.301552,-0.634589,-0.070671,-0.708074,-24.16641,128.434769,6.506492,0.0082,0.176211,-0.523435,-0.833606,-19.58252,121.416534,-16.86659,0.158471,0.312713,-0.590418,-0.726982,-9.140477,144.863266,-9.229236,-0.068173,0.993888,0.083777,0.022829,-3.040503,129.914474,18.277761,0.291466,0.873114,0.145144,-0.362841,14.265835,132.217285,19.271044,-0.064679,0.138434,0.442863,-0.883474,28.339642,122.194656,1.437272,-0.069758,-0.185155,0.671218,-0.714366,14.414636,141.767929,-3.143437,0.057902,0.931522,0.213667,0.288548,-9.908666,85.701248,7.805632,0.068566,0.98986,-0.088323,0.08761,-9.349337,53.011429,-7.832293,-0.058885,0.967697,0.030266,0.243267,-16.541931,6.636164,-0.086889,-0.107415,0.919495,-0.121648,0.358041,6.399343,86.664322,17.027859,-0.019246,0.846939,-0.203168,0.490966,10.40137,52.33128,27.923161,-0.001304,0.865906,-0.006163,0.500167,2.463002,8.728602,45.191032,-0.058885,0.967697,0.030266,0.243267,-9.183147,1.819963,-12.648121,-0.001304,0.865906,-0.006163,0.500167,14.626622,2.500364,38.234928
690,5.75,-0.025586,0.965788,-0.00653,0.257985,-1.698404,86.210739,12.608594,-0.040114,0.989383,0.076304,0.117006,-2.052613,93.89151,12.410034,-0.070625,0.992582,0.067181,0.072662,-4.098033,114.615204,15.388674,-0.015029,0.999477,0.008549,0.027336,-7.240433,135.171158,17.968163,0.034488,0.980308,-0.193454,-0.019568,-7.581981,149.734879,16.331787,-0.061162,0.934792,0.135059,0.322772,-10.305041,128.986023,17.321732,0.301717,-0.631021,-0.067188,-0.711524,-24.017641,128.511063,6.480252,0.011097,0.179575,-0.523341,-0.832913,-19.185623,121.430122,-16.823832,0.161212,0.31569,-0.589731,-0.72565,-8.799746,144.888596,-9.122174,-0.067375,0.993815,0.083693,0.028051,-3.012992,129.957138,18.466276,0.291936,0.874261,0.144424,-0.359976,14.287829,132.216827,19.638493,-0.06427,0.141819,0.442867,-0.882964,28.450834,122.12368,1.915471,-0.070042,-0.181726,0.671442,-0.715007,14.57279,141.693466,-2.816724,0.058743,0.930939,0.213182,0.290613,-9.817418,85.715569,7.93758,0.069215,0.989953,-0.086876,0.087494,-9.29066,53.01786,-7.684962,-0.059069,0.967728,0.030598,0.24306,-16.531942,6.626987,-0.079617,-0.105963,0.917894,-0.122197,0.362366,6.420611,86.70591,17.279608,-0.019145,0.846923,-0.199994,0.492297,10.261011,52.360134,28.192923,-0.003163,0.866096,-0.004068,0.499852,2.437326,8.635369,45.202469,-0.059069,0.967728,0.030598,0.24306,-9.176212,1.821274,-12.646646,-0.003163,0.866096,-0.004068,0.499852,14.628487,2.484126,38.226105
691,5.758333,-0.026178,0.964834,-0.00647,0.261475,-1.64999,86.234215,12.800832,-0.040123,0.988871,0.07598,0.121459,-2.012495,93.91452,12.59951,-0.069883,0.9923,0.066854,0.077377,-4.07125,114.652596,15.557247,-0.012865,0.999401,0.008364,0.031011,-7.194151,135.214767,18.110796,0.036725,0.980247,-0.19354,-0.017607,-7.459686,149.779587,16.470156,-0.060719,0.933407,0.134231,0.327179,-10.265655,129.036224,17.434677,0.303146,-0.627192,-0.064731,-0.714523,-23.879959,128.590042,6.468799,0.014779,0.183247,-0.523163,-0.832167,-18.79258,121.444786,-16.761198,0.163952,0.318316,-0.588779,-0.724661,-8.470217,144.907928,-9.00771,-0.067014,0.993714,0.083328,0.033141,-2.982586,129.99173,18.647509,0.292501,0.875315,0.144692,-0.356834,14.309043,132.224167,19.994604,-0.063602,0.144673,0.442761,-0.882603,28.567522,122.073349,2.381402,-0.070118,-0.17827,0.672153,-0.715202,14.723161,141.637436,-2.48685,0.0596,0.930288,0.21277,0.292815,-9.73442,85.728661,8.071305,0.069847,0.990043,-0.085464,0.087359,-9.237382,53.025566,-7.540949,-0.059555,0.967692,0.030718,0.243068,-16.525959,6.619904,-0.072249,-0.104435,0.916834,-0.122571,0.365356,6.43444,86.739769,17.530359,-0.018787,0.847423,-0.197171,0.492589,10.128786,52.377312,28.441587,-0.004393,0.86626,-0.001816,0.499571,2.403908,8.5446,45.216854,-0.059555,0.967692,0.030718,0.243068,-9.164803,1.821554,-12.638918,-0.004393,0.86626,-0.001816,0.499571,14.617121,2.46545,38.215904
692,5.766667,-0.026924,0.963883,-0.006246,0.264887,-1.585049,86.255371,12.983463,-0.040296,0.988357,0.075787,0.12563,-1.958805,93.935112,12.781143,-0.069418,0.991995,0.066653,0.08176,-4.038453,114.696213,15.724407,-0.010414,0.999316,0.008421,0.034486,-7.15272,135.262222,18.257486,0.03888,0.980143,-0.193794,-0.015854,-7.334797,149.828735,16.62048,-0.060497,0.932046,0.133359,0.331429,-10.227455,129.088516,17.552588,0.304724,-0.623505,-0.062523,-0.71727,-23.744808,128.662292,6.466635,0.018768,0.186892,-0.522731,-0.831547,-18.414501,121.453873,-16.689249,0.166842,0.321239,-0.588095,-0.723266,-8.141341,144.920593,-8.891688,-0.066577,0.993543,0.083653,0.037975,-2.953807,130.032715,18.829128,0.2928,0.876339,0.14439,-0.354188,14.327836,132.235077,20.343483,-0.06346,0.147544,0.443026,-0.882004,28.671038,122.032059,2.829509,-0.069982,-0.175331,0.672711,-0.715417,14.87902,141.602783,-2.160682,0.060461,0.929826,0.212299,0.294444,-9.635043,85.737495,8.19688,0.070466,0.990098,-0.084169,0.087498,-9.178971,53.02739,-7.401912,-0.059368,0.967749,0.031144,0.242831,-16.516586,6.609106,-0.060755,-0.102486,0.915946,-0.122581,0.368123,6.464946,86.773247,17.770048,-0.018638,0.848083,-0.194865,0.492378,9.998348,52.381741,28.642982,-0.005864,0.866519,8.5e-05,0.499109,2.374624,8.462482,45.237194,-0.059368,0.967749,0.031144,0.242831,-9.163034,1.820783,-12.635696,-0.005864,0.866519,8.5e-05,0.499109,14.607125,2.450408,38.212048
693,5.775,-0.027354,0.962943,-0.005913,0.268249,-1.528992,86.283829,13.159844,-0.040523,0.987829,0.075802,0.12964,-1.909778,93.963272,12.959379,-0.068896,0.99169,0.066466,0.085946,-4.012505,114.739418,15.895791,-0.008035,0.999216,0.008491,0.037835,-7.115236,135.309494,18.409973,0.041031,0.980025,-0.194083,-0.014117,-7.216455,149.877304,16.777494,-0.060161,0.930617,0.13274,0.335727,-10.193753,129.140884,17.67742,0.305827,-0.620037,-0.059688,-0.720043,-23.612244,128.741394,6.471018,0.022628,0.190364,-0.522273,-0.830952,-18.050537,121.458733,-16.607079,0.170699,0.323376,-0.587457,-0.721931,-7.823988,144.926376,-8.770112,-0.066115,0.993388,0.08377,0.04233,-2.929484,130.073151,19.014696,0.292723,0.877502,0.143277,-0.351818,14.342077,132.246155,20.679066,-0.064037,0.150198,0.443343,-0.881355,28.770626,121.993172,3.26466,-0.069713,-0.17294,0.673479,-0.715302,15.025584,141.583664,-1.823771,0.060923,0.929423,0.211523,0.296174,-9.544926,85.759941,8.317082,0.071269,0.990203,-0.082598,0.087156,-9.10824,53.030075,-7.240767,-0.059134,0.967794,0.031621,0.242649,-16.506432,6.59768,-0.051162,-0.100619,0.915571,-0.122562,0.369573,6.486943,86.807716,18.002605,-0.018305,0.849062,-0.192726,0.491545,9.881236,52.38839,28.831732,-0.0072,0.866741,0.001815,0.498703,2.347811,8.389071,45.254211,-0.059134,0.967794,0.031621,0.242649,-9.159506,1.820499,-12.634212,-0.0072,0.866741,0.001815,0.498703,14.597821,2.438127,38.207558
694,5.783333,-0.027582,0.962007,-0.005568,0.271572,-1.480867,86.307549,13.330443,-0.040792,0.987302,0.07564,0.133602,-1.865775,93.986862,13.132819,-0.068219,0.991373,0.066478,0.090038,-3.992067,114.777847,16.054583,-0.005775,0.999104,0.008654,0.041014,-7.077205,135.351746,18.559113,0.043276,0.979935,-0.194155,-0.012546,-7.10173,149.920731,16.934261,-0.059724,0.929388,0.131702,0.339596,-10.161034,129.189377,17.797064,0.303973,-0.616956,-0.054114,-0.723905,-23.489985,128.812317,6.48354,0.025207,0.192722,-0.522236,-0.830356,-17.707514,121.444298,-16.513069,0.174955,0.326463,-0.585879,-0.720804,-7.522231,144.93483,-8.645473,-0.065706,0.993207,0.083812,0.046886,-2.906105,130.107254,19.193686,0.292664,0.878451,0.144278,-0.349077,14.353125,132.252228,21.014936,-0.06425,0.152545,0.443417,-0.880899,28.878799,121.985855,3.689389,-0.070033,-0.170511,0.674138,-0.715233,15.172626,141.577454,-1.491717,0.061455,0.92895,0.210782,0.298071,-9.46291,85.78141,8.432261,0.071796,0.990156,-0.081301,0.088468,-9.046912,53.033577,-7.088298,-0.058858,0.967854,0.032079,0.242414,-16.493792,6.588134,-0.03455,-0.099077,0.915857,-0.122567,0.36928,6.501176,86.833687,18.228626,-0.017504,0.85062,-0.190851,0.489607,9.797643,52.392124,29.017216,-0.008389,0.867017,0.003433,0.498196,2.324973,8.321658,45.27586,-0.058858,0.967854,0.032079,0.242414,-9.155293,1.821183,-12.626396,-0.008389,0.867017,0.003433,0.498196,14.588454,2.427109,38.205261
695,5.791667,-0.02795,0.961061,-0.005089,0.274874,-1.425806,86.328545,13.491464,-0.040883,0.986789,0.075533,0.137371,-1.8175,94.007622,13.298048,-0.067608,0.991044,0.066673,0.093892,-3.9592,114.809654,16.208187,-0.003848,0.998981,0.008565,0.044145,-7.029507,135.385941,18.711308,0.045182,0.979879,-0.194112,-0.010748,-6.986928,149.95491,17.086773,-0.059599,0.928263,0.130886,0.342994,-10.117567,129.229477,17.919262,0.304405,-0.613813,-0.051485,-0.726582,-23.365906,128.864685,6.511047,0.02846,0.195567,-0.521728,-0.829906,-17.377529,121.443268,-16.415592,0.178024,0.32875,-0.58499,-0.719734,-7.223691,144.934875,-8.516959,-0.065488,0.99299,0.084025,0.051202,-2.871954,130.133911,19.371893,0.292576,0.879291,0.145696,-0.346438,14.373466,132.257797,21.34255,-0.064977,0.154947,0.443278,-0.880497,28.992861,121.988525,4.097728,-0.071845,-0.168105,0.674583,-0.715204,15.314436,141.581863,-1.169442,0.061976,0.928513,0.209883,0.299954,-9.373623,85.798386,8.538367,0.072335,0.990158,-0.079961,0.089224,-8.981516,53.027798,-6.934728,-0.058534,0.967947,0.032776,0.242031,-16.47369,6.569192,-0.016928,-0.097428,0.91606,-0.12244,0.369256,6.522012,86.858704,18.444561,-0.017215,0.852271,-0.188653,0.487594,9.714067,52.391392,29.182186,-0.008528,0.867109,0.005881,0.498011,2.359205,8.240655,45.275932,-0.058534,0.967947,0.032776,0.242031,-9.147707,1.818553,-12.622221,-0.008528,0.867109,0.005881,0.498011,14.635207,2.408058,38.175755
696,5.8,-0.027969,0.96018,-0.004749,0.277937,-1.378599,86.346687,13.64767,-0.041086,0.986254,0.075685,0.141023,-1.771406,94.025803,13.45795,-0.06715,0.990705,0.066703,0.097698,-3.935087,114.844513,16.367779,-0.001548,0.998842,0.008838,0.047265,-6.996191,135.423218,18.862278,0.047034,0.979776,-0.19428,-0.00909,-6.876217,149.993073,17.24955,-0.059473,0.927091,0.130056,0.346484,-10.086561,129.271515,18.042587,0.305402,-0.610736,-0.049419,-0.728896,-23.251265,128.919189,6.537575,0.032228,0.198823,-0.52085,-0.829546,-17.065443,121.445152,-16.319441,0.181443,0.33112,-0.583861,-0.718711,-6.932721,144.929581,-8.384757,-0.065084,0.992774,0.084355,0.055219,-2.85089,130.165054,19.550476,0.292396,0.880127,0.1471,-0.343864,14.381428,132.261963,21.659771,-0.066337,0.157528,0.443416,-0.879867,29.094267,121.993767,4.493953,-0.073883,-0.165689,0.674018,-0.716092,15.462327,141.596573,-0.84922,0.061886,0.928183,0.209069,0.301556,-9.294626,85.818138,8.643753,0.073216,0.990193,-0.078537,0.08938,-8.88841,53.022026,-6.774803,-0.058071,0.968034,0.033368,0.241711,-16.452847,6.554148,0.000562,-0.095991,0.916454,-0.122317,0.368696,6.537427,86.875237,18.651587,-0.016859,0.852909,-0.187035,0.487115,9.645085,52.385605,29.342196,-0.009469,0.867408,0.007448,0.497452,2.346008,8.175868,45.298786,-0.058071,0.968034,0.033368,0.241711,-9.139322,1.815859,-12.616608,-0.009469,0.867408,0.007448,0.497452,14.631431,2.395062,38.172592
697,5.808333,-0.02823,0.959311,-0.004262,0.280904,-1.32796,86.362686,13.803911,-0.041443,0.985709,0.075723,0.144661,-1.726133,94.041649,13.619025,-0.066513,0.990357,0.066854,0.101488,-3.916763,114.869949,16.521711,0.000105,0.998695,0.008817,0.050296,-6.961671,135.451385,19.013542,0.049044,0.979709,-0.194193,-0.007303,-6.783046,150.02095,17.403561,-0.0591,0.925928,0.129333,0.34991,-10.056212,129.305725,18.164728,0.306117,-0.607797,-0.047201,-0.731196,-23.139011,128.974625,6.56604,0.035691,0.20196,-0.519983,-0.82919,-16.764704,121.44873,-16.222059,0.184831,0.333239,-0.582614,-0.717879,-6.652105,144.925003,-8.247654,-0.064785,0.99254,0.084748,0.059031,-2.830513,130.185532,19.727507,0.291952,0.880971,0.147906,-0.341727,14.387928,132.259445,21.968702,-0.06827,0.160108,0.44353,-0.879196,29.186403,121.996483,4.873526,-0.076368,-0.163597,0.673535,-0.716767,15.596225,141.617813,-0.534454,0.06236,0.927442,0.208621,0.30404,-9.212605,85.832191,8.750896,0.073685,0.990139,-0.077141,0.090796,-8.807149,53.026794,-6.647905,-0.057424,0.968169,0.033726,0.241276,-16.41396,6.54481,-0.018329,-0.094725,0.917108,-0.122261,0.367412,6.556684,86.893188,18.856924,-0.016168,0.853912,-0.185489,0.485971,9.597618,52.385078,29.507013,-0.010508,0.867769,0.008737,0.49678,2.335848,8.118394,45.322113,-0.057424,0.968169,0.033726,0.241276,-9.118005,1.810673,-12.647221,-0.010508,0.867769,0.008737,0.49678,14.6281,2.383996,38.170254
698,5.816667,-0.028421,0.958488,-0.003882,0.283685,-1.279513,86.381783,13.948949,-0.041552,0.985168,0.075836,0.148213,-1.681624,94.060616,13.767688,-0.066069,0.989981,0.067037,0.105258,-3.888335,114.891602,16.666964,0.002064,0.998533,0.009204,0.053327,-6.925148,135.474472,19.156776,0.050702,0.979642,-0.194162,-0.005678,-6.679636,150.044754,17.562218,-0.058657,0.924948,0.128968,0.352701,-10.02121,129.333694,18.278706,0.306453,-0.605054,-0.044803,-0.733477,-23.037264,129.027069,6.604497,0.038714,0.204591,-0.519078,-0.828976,-16.486797,121.450768,-16.116848,0.187436,0.33522,-0.581345,-0.71731,-6.38208,144.916794,-8.111053,-0.064832,0.992216,0.085725,0.062894,-2.806239,130.202545,19.896223,0.291703,0.881633,0.149598,-0.33949,14.395515,132.263779,22.273155,-0.069404,0.162197,0.443553,-0.878713,29.276905,122.014221,5.242032,-0.078337,-0.16178,0.673013,-0.717457,15.72165,141.640549,-0.226936,0.062286,0.927078,0.207598,0.30586,-9.134502,85.850082,8.850082,0.074622,0.990192,-0.076001,0.090414,-8.71761,53.013145,-6.481026,-0.056843,0.968281,0.034507,0.240853,-16.400438,6.527761,0.036108,-0.093655,0.917656,-0.122041,0.366391,6.575477,86.913475,19.047815,-0.015563,0.854683,-0.184187,0.485128,9.563884,52.386856,29.652691,-0.011262,0.868077,0.009755,0.496206,2.329,8.072561,45.34631,-0.056843,0.968281,0.034507,0.240853,-9.120598,1.810249,-12.608293,-0.011262,0.868077,0.009755,0.496206,14.625138,2.373892,38.1726
699,5.825,-0.028565,0.957673,-0.003267,0.28642,-1.23156,86.393097,14.084241,-0.041773,0.984638,0.076116,0.151489,-1.63798,94.071869,13.910249,-0.06547,0.989627,0.067419,0.108656,-3.866604,114.912918,16.814089,0.003794,0.99837,0.009087,0.056217,-6.888884,135.496933,19.31209,0.052204,0.979589,-0.194078,-0.003856,-6.582888,150.066147,17.718277,-0.058924,0.92377,0.128759,0.355805,-9.988284,129.362091,18.404879,0.30667,-0.602633,-0.043111,-0.735478,-22.926313,129.060654,6.644127,0.041319,0.207259,-0.518038,-0.828839,-16.223249,121.457352,-16.02363,0.189651,0.337321,-0.580059,-0.716784,-6.119577,144.907883,-7.971031,-0.064501,0.991938,0.086529,0.066422,-2.782967,130.217743,20.071699,0.290858,0.882468,0.150043,-0.337844,14.404331,132.254395,22.571211,-0.071292,0.164445,0.443294,-0.878274,29.365509,122.025009,5.597964,-0.08039,-0.159711,0.672549,-0.718128,15.832067,141.657761,0.0747,0.062449,0.926472,0.206709,0.308256,-9.057143,85.86235,8.940259,0.075393,0.990221,-0.074716,0.090536,-8.632223,53.000183,-6.336485,-0.056574,0.968354,0.035171,0.240525,-16.377663,6.507367,0.052325,-0.092897,0.917965,-0.121805,0.365888,6.594023,86.923836,19.228224,-0.014747,0.855744,-0.183056,0.483709,9.544792,52.38279,29.796595,-0.011802,0.86844,0.010976,0.495533,2.321992,8.026618,45.377056,-0.056574,0.968354,0.035171,0.240525,-9.108378,1.805835,-12.604096,-0.011802,0.86844,0.010976,0.495533,14.619252,2.365664,38.175465
700,5.833333,-0.028746,0.956954,-0.002859,0.288798,-1.191197,86.404144,14.218513,-0.04178,0.984126,0.076381,0.154646,-1.601663,94.082802,14.048722,-0.065084,0.989252,0.067737,0.112053,-3.841852,114.924431,16.956654,0.00546,0.998206,0.009336,0.058882,-6.858179,135.508759,19.459249,0.053866,0.979536,-0.19391,-0.002462,-6.494972,150.077911,17.876934,-0.058326,0.922696,0.128035,0.358939,-9.95817,129.378464,18.523832,0.306883,-0.600379,-0.041359,-0.737331,-22.820322,129.103531,6.679495,0.043766,0.209853,-0.516906,-0.828767,-15.975235,121.468033,-15.934936,0.191615,0.339212,-0.578653,-0.716505,-5.867484,144.898056,-7.833795,-0.064312,0.991654,0.087175,0.069905,-2.763263,130.224106,20.239996,0.289916,0.883208,0.151628,-0.336008,14.408278,132.24147,22.860542,-0.071963,0.165628,0.442741,-0.878276,29.458097,122.055504,5.939628,-0.081037,-0.158639,0.672846,-0.718015,15.916836,141.678314,0.376882,0.062435,0.925833,0.206182,0.310521,-8.99092,85.872604,9.035486,0.076231,0.990241,-0.073577,0.090538,-8.540134,52.994549,-6.206304,-0.05598,0.968448,0.035615,0.240222,-16.35487,6.497756,0.068109,-0.09233,0.91808,-0.12148,0.365852,6.608527,86.935684,19.401541,-0.01388,0.856972,-0.18198,0.481964,9.53127,52.38129,29.934002,-0.012444,0.868793,0.012011,0.494874,2.319247,7.985401,45.405987,-0.05598,0.968448,0.035615,0.240222,-9.099104,1.803514,-12.598771,-0.012444,0.868793,0.012011,0.494874,14.617771,2.359061,38.179474
701,5.841667,-0.029103,0.956254,-0.00229,0.291078,-1.14511,86.412903,14.346897,-0.041906,0.983624,0.07657,0.157686,-1.562963,94.091293,14.182896,-0.0646,0.988881,0.068171,0.115302,-3.818784,114.933052,17.09108,0.006536,0.998034,0.009324,0.061626,-6.825376,135.517532,19.604103,0.055587,0.97948,-0.193723,-0.000509,-6.4214,150.085968,18.025013,-0.058371,0.921313,0.128467,0.362315,-9.926967,129.392487,18.640039,0.305405,-0.598492,-0.038254,-0.739643,-22.703764,129.139542,6.703189,0.044953,0.211967,-0.516062,-0.828691,-15.734074,121.4674,-15.860727,0.193545,0.34095,-0.577172,-0.716356,-5.622897,144.886673,-7.69381,-0.06439,0.991337,0.088038,0.073173,-2.742125,130.226639,20.403357,0.289052,0.88401,0.152722,-0.334144,14.412716,132.23381,23.138618,-0.073317,0.167501,0.442243,-0.87806,29.549408,122.078339,6.276976,-0.082779,-0.157118,0.671895,-0.71904,16.01774,141.691742,0.663293,0.062604,0.925085,0.205771,0.312981,-8.919654,85.878319,9.126484,0.07715,0.990246,-0.072538,0.090554,-8.449368,52.989517,-6.091517,-0.05544,0.968469,0.035928,0.240216,-16.341909,6.491703,0.077074,-0.091834,0.918096,-0.121111,0.366059,6.629434,86.947495,19.56731,-0.013097,0.857701,-0.180955,0.481075,9.527267,52.380001,30.063612,-0.012766,0.869012,0.01313,0.494453,2.314602,7.9467,45.427505,-0.05544,0.968469,0.035928,0.240216,-9.091562,1.801873,-12.594546,-0.012766,0.869012,0.01313,0.494453,14.615503,2.352577,38.18005
702,5.85,-0.029426,0.955623,-0.002045,0.293111,-1.105798,86.419617,14.473876,-0.04201,0.983153,0.076929,0.160398,-1.529149,94.097725,14.311134,-0.064033,0.988544,0.068606,0.118209,-3.799994,114.939667,17.227627,0.00812,0.997856,0.009503,0.064243,-6.792647,135.524719,19.752651,0.056764,0.979409,-0.193738,0.001295,-6.333995,150.09259,18.183399,-0.057651,0.920644,0.127743,0.364379,-9.897084,129.405289,18.762276,0.305582,-0.596304,-0.036787,-0.74141,-22.624353,129.176926,6.772142,0.047457,0.213982,-0.514846,-0.82879,-15.519335,121.482109,-15.741783,0.195236,0.342441,-0.575592,-0.716457,-5.390833,144.874741,-7.553547,-0.064241,0.991058,0.088716,0.076206,-2.721264,130.227066,20.567638,0.288058,0.884801,0.153601,-0.332499,14.418398,132.2173,23.408356,-0.074438,0.168991,0.441665,-0.877971,29.63801,122.096161,6.600794,-0.083829,-0.155916,0.671173,-0.719854,16.105192,141.698425,0.945698,0.062754,0.924455,0.205419,0.315036,-8.857705,85.880844,9.220338,0.077983,0.990308,-0.071418,0.090041,-8.372001,52.982903,-5.97738,-0.055104,0.968496,0.036276,0.240133,-16.330332,6.482041,0.08276,-0.091574,0.918063,-0.120715,0.366337,6.64611,86.958389,19.727415,-0.012166,0.858564,-0.179999,0.479916,9.534462,52.380486,30.191994,-0.013864,0.869322,0.013448,0.493868,2.310436,7.912126,45.448769,-0.055104,0.968496,0.036276,0.240133,-9.085224,1.799168,-12.59443,-0.013864,0.869322,0.013448,0.493868,14.614338,2.34139,38.188408
703,5.858333,-0.029966,0.955056,-0.001542,0.294902,-1.056786,86.418953,14.594346,-0.041793,0.982721,0.077106,0.162995,-1.490048,94.096603,14.435752,-0.064079,0.988165,0.068985,0.121097,-3.761308,114.942871,17.355761,0.009659,0.997663,0.009993,0.0669,-6.765078,135.525482,19.88739,0.057973,0.979373,-0.193542,0.003143,-6.253529,150.093658,18.337269,-0.057028,0.919505,0.128616,0.367038,-9.864766,129.407761,18.872061,0.305324,-0.594462,-0.034746,-0.743091,-22.526514,129.224838,6.81197,0.049288,0.2161,-0.513697,-0.828847,-15.30533,121.493294,-15.652376,0.196864,0.343624,-0.574126,-0.716622,-5.161651,144.864487,-7.41643,-0.064018,0.990769,0.089309,0.079385,-2.699321,130.226212,20.719658,0.287973,0.885031,0.157102,-0.330318,14.424047,132.196548,23.670424,-0.074692,0.169829,0.441222,-0.878011,29.717916,122.116646,6.905517,-0.085714,-0.154759,0.66979,-0.721169,16.184746,141.698837,1.220015,0.063222,0.923712,0.20527,0.317211,-8.788336,85.873528,9.311571,0.078715,0.99034,-0.070545,0.089749,-8.301582,52.975433,-5.885803,-0.054723,0.968529,0.036572,0.240039,-16.319651,6.473696,0.088226,-0.091272,0.917994,-0.120412,0.366685,6.674764,86.964386,19.877121,-0.011311,0.859318,-0.179139,0.478908,9.547602,52.37719,30.315231,-0.01388,0.869605,0.014588,0.493338,2.310964,7.877555,45.474514,-0.054723,0.968529,0.036572,0.240039,-9.080611,1.795971,-12.594332,-0.01388,0.869605,0.014588,0.493338,14.612349,2.335245,38.188179
704,5.866667,-0.030523,0.954504,-0.000904,0.29663,-1.014316,86.425415,14.703987,-0.041858,0.98228,0.077506,0.165426,-1.458362,94.102562,14.551437,-0.063584,0.987831,0.069542,0.123737,-3.742607,114.948845,17.48229,0.010657,0.99749,0.010112,0.069268,-6.73548,135.530884,20.031509,0.059285,0.9793,-0.193474,0.004965,-6.187116,150.09848,18.488682,-0.056277,0.918625,0.128706,0.369319,-9.836992,129.418411,18.99036,0.305004,-0.59263,-0.032673,-0.744779,-22.44297,129.272797,6.871498,0.051168,0.217894,-0.512599,-0.828943,-15.106842,121.504715,-15.542923,0.198311,0.344938,-0.572645,-0.716776,-4.946102,144.852966,-7.276176,-0.064124,0.990454,0.090285,0.082088,-2.680235,130.22551,20.876211,0.287186,0.885764,0.157997,-0.328608,14.427384,132.187576,23.922258,-0.075622,0.171238,0.440606,-0.877967,29.799669,122.13311,7.213921,-0.086989,-0.153931,0.668519,-0.722371,16.265203,141.698257,1.486772,0.063758,0.922986,0.205011,0.319377,-8.726051,85.873833,9.392973,0.079302,0.990352,-0.069716,0.089743,-8.245579,52.972973,-5.798604,-0.054467,0.968565,0.03674,0.239927,-16.311867,6.468985,0.092441,-0.091016,0.917919,-0.119988,0.367075,6.697419,86.97699,20.015001,-0.010567,0.859915,-0.178407,0.478128,9.560612,52.379025,30.419996,-0.014237,0.869873,0.015083,0.49284,2.31039,7.85293,45.49485,-0.054467,0.968565,0.03674,0.239927,-9.078172,1.793788,-12.594089,-0.014237,0.869873,0.015083,0.49284,14.609682,2.327906,38.191879
705,5.875,-0.031052,0.954025,-0.000543,0.298114,-0.973561,86.43,14.814099,-0.04181,0.981885,0.077883,0.167597,-1.426779,94.106659,14.663725,-0.063223,0.987517,0.070029,0.126134,-3.718211,114.95137,17.605545,0.011506,0.997323,0.010583,0.07143,-6.704867,135.532471,20.169497,0.060825,0.979224,-0.193331,0.006692,-6.125432,150.100677,18.643888,-0.055847,0.917889,0.128454,0.371297,-9.806846,129.42424,19.105215,0.304995,-0.590849,-0.031676,-0.746238,-22.363287,129.2995,6.934793,0.053259,0.219941,-0.511343,-0.829046,-14.919317,121.524048,-15.441502,0.200168,0.346337,-0.571391,-0.716586,-4.737872,144.849106,-7.136661,-0.063903,0.990173,0.090973,0.084846,-2.658323,130.222351,21.025818,0.286449,0.886429,0.15851,-0.327207,14.43419,132.16539,24.167391,-0.077062,0.172733,0.440188,-0.877758,29.873116,122.131218,7.508352,-0.088443,-0.152687,0.666754,-0.724089,16.344185,141.693939,1.747506,0.06429,0.922461,0.20503,0.320773,-8.668128,85.871216,9.478987,0.079789,0.990404,-0.06897,0.089314,-8.199641,52.975864,-5.724882,-0.05412,0.968608,0.036798,0.239822,-16.303089,6.469414,0.095307,-0.090805,0.917785,-0.119506,0.367618,6.721007,86.988785,20.149214,-0.00984,0.860515,-0.177714,0.47732,9.577407,52.379654,30.518919,-0.013956,0.870037,0.016161,0.492524,2.313449,7.828668,45.513409,-0.05412,0.968608,0.036798,0.239822,-9.075646,1.792916,-12.594316,-0.013956,0.870037,0.016161,0.492524,14.610447,2.326385,38.189423
706,5.883333,-0.031429,0.953508,-0.000242,0.299725,-0.937865,86.429504,14.923737,-0.041886,0.981483,0.078426,0.169667,-1.39774,94.105797,14.775287,-0.062936,0.987223,0.070365,0.128369,-3.703403,114.956215,17.735458,0.01286,0.997147,0.011191,0.073536,-6.685802,135.536865,20.308075,0.062105,0.979132,-0.193328,0.008234,-6.061215,150.10553,18.804832,-0.05506,0.917628,0.127744,0.372303,-9.787669,129.432098,19.22366,0.305211,-0.588809,-0.030799,-0.747798,-22.321007,129.3284,7.029246,0.05572,0.221403,-0.510027,-0.829306,-14.754807,121.547447,-15.304094,0.201423,0.34766,-0.570022,-0.716684,-4.53969,144.845993,-6.997801,-0.063605,0.989944,0.091477,0.087162,-2.647076,130.222733,21.176577,0.285712,0.887137,0.159064,-0.325661,14.432833,132.146042,24.39785,-0.07795,0.173884,0.439682,-0.877706,29.942846,122.13105,7.793391,-0.089249,-0.15212,0.66553,-0.725234,16.411562,141.682983,2.000715,0.065277,0.921646,0.205033,0.322906,-8.613929,85.865959,9.562532,0.080008,0.99042,-0.068361,0.089413,-8.175839,52.979969,-5.662483,-0.054091,0.968637,0.036814,0.239709,-16.295448,6.468874,0.097781,-0.090761,0.917739,-0.119003,0.367907,6.738199,86.993042,20.284941,-0.008917,0.86126,-0.177045,0.476242,9.602249,52.374641,30.621538,-0.01472,0.870259,0.016517,0.492097,2.311895,7.799453,45.531036,-0.054091,0.968637,0.036814,0.239709,-9.071217,1.79247,-12.593704,-0.01472,0.870259,0.016517,0.492097,14.611222,2.316829,38.196228
707,5.891667,-0.031952,0.953093,0.000438,0.300985,-0.897106,86.43026,15.01934,-0.042088,0.981112,0.078945,0.171507,-1.367596,94.106041,14.877828,-0.062331,0.986963,0.070866,0.130375,-3.691567,114.958336,17.854507,0.013233,0.996985,0.011101,0.075647,-6.6569,135.539185,20.445095,0.06336,0.979082,-0.193065,0.010459,-6.014164,150.107086,18.941984,-0.05449,0.916882,0.127818,0.374195,-9.762547,129.440079,19.339893,0.30461,-0.587235,-0.029121,-0.749346,-22.248659,129.365524,7.096934,0.057218,0.222971,-0.509019,-0.829403,-14.585516,121.565903,-15.196787,0.202871,0.348951,-0.568937,-0.71651,-4.353215,144.843826,-6.857886,-0.063377,0.989691,0.092161,0.089454,-2.628556,130.218521,21.321615,0.285193,0.887688,0.159634,-0.324334,14.438202,132.123917,24.622213,-0.078805,0.17495,0.439199,-0.87766,30.005735,122.122658,8.06338,-0.090339,-0.151202,0.664491,-0.726243,16.469461,141.667801,2.240787,0.06604,0.921116,0.205037,0.32426,-8.558339,85.861435,9.637526,0.080268,0.990468,-0.067784,0.089084,-8.148432,52.982819,-5.604177,-0.053612,0.968709,0.036928,0.239511,-16.285902,6.468222,0.102327,-0.090732,0.91752,-0.118558,0.368603,6.764127,86.999077,20.401154,-0.008161,0.861768,-0.17652,0.475532,9.630739,52.372635,30.710062,-0.015095,0.87053,0.016902,0.491593,2.314554,7.778537,45.550217,-0.053612,0.968709,0.036928,0.239511,-9.071634,1.790938,-12.594493,-0.015095,0.87053,0.016902,0.491593,14.611175,2.310736,38.199833
708,5.9,-0.032534,0.952674,0.001055,0.302246,-0.853717,86.433044,15.111489,-0.042389,0.980739,0.079463,0.173318,-1.33541,94.108238,14.975679,-0.06171,0.986704,0.071373,0.132334,-3.681533,114.960312,17.967806,0.014656,0.996803,0.011958,0.077627,-6.629149,135.541382,20.576902,0.064186,0.979006,-0.193088,0.012,-5.940352,150.110229,19.103756,-0.053765,0.916355,0.127705,0.375626,-9.738739,129.448044,19.451145,0.304329,-0.585641,-0.027818,-0.750756,-22.190062,129.402618,7.17265,0.05897,0.224702,-0.507933,-0.829479,-14.430372,121.588707,-15.082656,0.204711,0.349918,-0.567475,-0.716675,-4.182861,144.841354,-6.712319,-0.063033,0.989466,0.092511,0.091793,-2.611262,130.21405,21.460962,0.284789,0.888125,0.160295,-0.323165,14.442203,132.098358,24.841455,-0.079302,0.175749,0.439076,-0.877517,30.058771,122.110092,8.320984,-0.090448,-0.150624,0.663254,-0.727479,16.531693,141.653015,2.475841,0.066982,0.920717,0.205027,0.325204,-8.499978,85.857567,9.709125,0.080323,0.990506,-0.067265,0.089004,-8.137244,52.987717,-5.552682,-0.053645,0.968762,0.03696,0.239284,-16.275307,6.4673,0.105364,-0.090626,0.91748,-0.118144,0.368862,6.792544,87.008514,20.513855,-0.007294,0.862498,-0.175995,0.474415,9.660657,52.373589,30.793806,-0.015274,0.870672,0.017387,0.491319,2.316313,7.76062,45.563179,-0.053645,0.968762,0.03696,0.239284,-9.066521,1.790897,-12.594898,-0.015274,0.870672,0.017387,0.491319,14.612672,2.3074,38.201527
709,5.908333,-0.033137,0.95226,0.001415,0.303482,-0.815539,86.436508,15.204811,-0.042685,0.980384,0.079916,0.175038,-1.307552,94.111084,15.070839,-0.061083,0.986451,0.071986,0.134172,-3.674712,114.960793,18.075552,0.014995,0.996639,0.012104,0.079618,-6.604681,135.541397,20.708031,0.06521,0.978961,-0.19283,0.014149,-5.899764,150.110168,19.241875,-0.052894,0.915677,0.12809,0.377267,-9.718219,129.453995,19.561306,0.304443,-0.584222,-0.026638,-0.751857,-22.129572,129.450165,7.24233,0.060589,0.22636,-0.506867,-0.829564,-14.284293,121.611855,-14.974347,0.205607,0.35115,-0.566012,-0.716972,-4.020048,144.841843,-6.570795,-0.062583,0.989227,0.093138,0.09402,-2.596889,130.207367,21.597511,0.2842,0.888628,0.160403,-0.322244,14.444074,132.066315,25.054211,-0.080092,0.176671,0.438775,-0.87741,30.106794,122.091309,8.569458,-0.090884,-0.149777,0.66269,-0.728114,16.581028,141.631866,2.700657,0.06799,0.920323,0.205099,0.326064,-8.447012,85.852608,9.782478,0.080296,0.990551,-0.06679,0.088883,-8.135159,52.994759,-5.506281,-0.053591,0.96883,0.036945,0.239024,-16.266186,6.46787,0.108458,-0.090543,0.917423,-0.11755,0.369213,6.815933,87.020416,20.627144,-0.00654,0.862995,-0.17555,0.473687,9.69103,52.374245,30.867186,-0.015307,0.870786,0.017913,0.491098,2.31738,7.745403,45.573853,-0.053591,0.96883,0.036945,0.239024,-9.064727,1.790286,-12.595522,-0.015307,0.870786,0.017913,0.491098,14.613115,2.305727,38.201149
710,5.916667,-0.033506,0.951918,0.001805,0.304511,-0.780687,86.436829,15.288462,-0.042768,0.980022,0.080615,0.176716,-1.279775,94.111,15.157943,-0.060926,0.986155,0.072561,0.136089,-3.661031,114.958992,18.187325,0.016651,0.996445,0.01269,0.081608,-6.592835,135.536926,20.838644,0.065785,0.978911,-0.192775,0.015587,-5.834608,150.105316,19.395462,-0.052028,0.914912,0.128273,0.379177,-9.704414,129.452423,19.671347,0.303554,-0.583004,-0.025034,-0.753216,-22.068411,129.488693,7.3049,0.061523,0.22785,-0.505898,-0.829678,-14.148421,121.636353,-14.880287,0.206645,0.352435,-0.564772,-0.717021,-3.868475,144.841415,-6.431838,-0.062039,0.989017,0.093769,0.095939,-2.590518,130.200012,21.735474,0.283768,0.889022,0.160679,-0.3214,14.440062,132.031326,25.257462,-0.080708,0.177444,0.438642,-0.877265,30.141937,122.067558,8.803205,-0.091218,-0.149123,0.662415,-0.728455,16.622143,141.610001,2.914455,0.06891,0.919921,0.205074,0.32702,-8.399967,85.848801,9.849457,0.080318,0.990703,-0.066196,0.087603,-8.133804,52.999348,-5.458181,-0.053371,0.968911,0.037034,0.238728,-16.254993,6.465286,0.111153,-0.090536,0.917363,-0.117077,0.369515,6.838592,87.024849,20.727467,-0.005807,0.863364,-0.175133,0.473179,9.7229,52.370541,30.937328,-0.015815,0.870976,0.01805,0.490738,2.316587,7.726917,45.5826,-0.053371,0.968911,0.037034,0.238728,-9.063371,1.788077,-12.598533,-0.015815,0.870976,0.01805,0.490738,14.612001,2.297789,38.201595
711,5.925,-0.033954,0.951567,0.002485,0.305551,-0.743295,86.434967,15.36504,-0.043047,0.979703,0.081234,0.178128,-1.251993,94.108627,15.241816,-0.060465,0.985931,0.073138,0.137602,-3.654301,114.955948,18.291822,0.017092,0.9963,0.013072,0.08321,-6.574409,135.532684,20.965118,0.066969,0.978853,-0.192519,0.017251,-5.798988,150.101547,19.535826,-0.051498,0.91429,0.1283,0.380737,-9.688313,129.452881,19.779764,0.303387,-0.581825,-0.024577,-0.75421,-22.012789,129.514603,7.374026,0.063055,0.229749,-0.504643,-0.829804,-14.023438,121.668961,-14.788656,0.208355,0.353731,-0.563512,-0.71688,-3.722396,144.8461,-6.29182,-0.061856,0.988777,0.094386,0.097908,-2.579747,130.190689,21.86566,0.283759,0.889212,0.161274,-0.320582,14.438276,132.006546,25.455683,-0.081264,0.178016,0.438623,-0.877107,30.166494,122.043419,9.026215,-0.092085,-0.148412,0.662242,-0.728649,16.657022,141.587082,3.126665,0.069794,0.919705,0.205019,0.327474,-8.350105,85.843086,9.909026,0.080252,0.990788,-0.065729,0.087054,-8.136381,53.000885,-5.414994,-0.053317,0.968993,0.037178,0.238387,-16.244734,6.459963,0.11558,-0.090361,0.917139,-0.116466,0.370307,6.863517,87.026848,20.821054,-0.005366,0.863603,-0.174871,0.472845,9.74441,52.359901,30.988888,-0.016159,0.871152,0.018367,0.490404,2.319318,7.70708,45.596546,-0.053317,0.968993,0.037178,0.238387,-9.062336,1.785962,-12.600502,-0.016159,0.871152,0.018367,0.490404,14.61415,2.290699,38.205208
712,5.933333,-0.034514,0.951242,0.003306,0.306491,-0.7021,86.434532,15.436352,-0.0434,0.979351,0.081819,0.179704,-1.222724,94.107529,15.322006,-0.059851,0.985676,0.073771,0.139349,-3.649462,114.954033,18.390188,0.018454,0.996123,0.013908,0.084886,-6.55259,135.529968,21.088015,0.067369,0.978806,-0.192513,0.018385,-5.734193,150.09935,19.68819,-0.051333,0.913407,0.129297,0.382538,-9.670162,129.456085,19.882105,0.302417,-0.580715,-0.023031,-0.755502,-21.947161,129.546097,7.429549,0.063602,0.23112,-0.503788,-0.829901,-13.890084,121.688751,-14.704457,0.208935,0.354928,-0.562752,-0.716716,-3.574657,144.846497,-6.15573,-0.061335,0.988534,0.095236,0.099841,-2.567696,130.181427,21.99301,0.283663,0.889353,0.162134,-0.319841,14.439209,131.969437,25.649113,-0.081809,0.17844,0.438612,-0.876976,30.193687,122.016273,9.238762,-0.092808,-0.147709,0.662158,-0.728777,16.689987,141.564774,3.333308,0.070625,0.919665,0.205013,0.327411,-8.297405,85.837646,9.964869,0.080088,0.990865,-0.065346,0.086611,-8.139939,53.003727,-5.377574,-0.053136,0.969114,0.037333,0.237909,-16.227482,6.455529,0.122132,-0.090492,0.91729,-0.116249,0.369968,6.893205,87.031418,20.907833,-0.00422,0.864601,-0.174522,0.471158,9.792515,52.362526,31.063778,-0.01653,0.87133,0.018511,0.490069,2.317408,7.697061,45.607151,-0.053136,0.969114,0.037333,0.237909,-9.059175,1.783863,-12.602761,-0.01653,0.87133,0.018511,0.490069,14.611004,2.289476,38.207317
713,5.941667,-0.035036,0.9509,0.003981,0.307485,-0.666518,86.434685,15.502697,-0.043756,0.978997,0.082609,0.181181,-1.197837,94.107056,15.395206,-0.059266,0.985438,0.074342,0.140968,-3.64998,114.947319,18.489605,0.019151,0.995977,0.014458,0.086338,-6.536749,135.522644,21.209656,0.068396,0.978764,-0.192253,0.019535,-5.694759,150.092514,19.829237,-0.050105,0.913097,0.128917,0.383566,-9.657856,129.454346,19.984854,0.30249,-0.579573,-0.022365,-0.756369,-21.911648,129.583679,7.509806,0.065171,0.232465,-0.502713,-0.830056,-13.787275,121.717346,-14.596391,0.210101,0.355983,-0.561675,-0.716697,-3.449139,144.851654,-6.026044,-0.060846,0.988306,0.09606,0.101593,-2.561112,130.167908,22.118889,0.283668,0.88944,0.162549,-0.319385,14.435535,131.929764,25.834911,-0.082535,0.178937,0.438903,-0.876661,30.20437,121.978088,9.43746,-0.09367,-0.147429,0.662316,-0.728579,16.720802,141.542206,3.529711,0.071279,0.91967,0.20502,0.327252,-8.249691,85.832664,10.014977,0.079974,0.990895,-0.065054,0.086601,-8.138068,53.005695,-5.34273,-0.05274,0.969221,0.037545,0.237529,-16.212584,6.452119,0.130598,-0.090413,0.917147,-0.11567,0.370523,6.916656,87.036713,20.990417,-0.003692,0.864971,-0.17435,0.470546,9.820648,52.357056,31.108189,-0.016692,0.87151,0.018817,0.489732,2.320065,7.685506,45.619701,-0.05274,0.969221,0.037545,0.237529,-9.057993,1.782792,-12.602872,-0.016692,0.87151,0.018817,0.489732,14.611155,2.287807,38.2085
714,5.95,-0.035424,0.950611,0.004695,0.308321,-0.634256,86.428085,15.565854,-0.044034,0.97866,0.083279,0.18262,-1.174546,94.099937,15.466501,-0.058903,0.985168,0.075122,0.142584,-3.648905,114.94355,18.584051,0.02038,0.995811,0.014973,0.08787,-6.529702,135.515778,21.333626,0.068982,0.978715,-0.192187,0.020572,-5.648398,150.085205,19.973078,-0.049279,0.912445,0.12914,0.385148,-9.651232,129.451996,20.087746,0.301686,-0.578583,-0.021076,-0.757485,-21.865356,129.618958,7.574311,0.065987,0.23365,-0.501772,-0.830228,-13.681261,121.743355,-14.506536,0.211026,0.356962,-0.5607,-0.716702,-3.322011,144.855057,-5.899949,-0.060062,0.988124,0.096776,0.103137,-2.560677,130.15657,22.245207,0.283679,0.889507,0.163446,-0.318731,14.428228,131.883163,26.012793,-0.083148,0.179242,0.43917,-0.876407,30.217474,121.938965,9.630467,-0.09428,-0.147096,0.662196,-0.728677,16.750738,141.515671,3.726127,0.071675,0.91978,0.205199,0.326744,-8.207252,85.823509,10.064379,0.079974,0.990952,-0.064781,0.086149,-8.125882,53.005959,-5.313622,-0.052319,0.969331,0.037796,0.237134,-16.195837,6.449017,0.137763,-0.090389,0.917162,-0.115113,0.370665,6.938739,87.032661,21.067329,-0.003114,0.865334,-0.174268,0.469912,9.855023,52.34338,31.148506,-0.016915,0.871691,0.019237,0.489385,2.321148,7.668736,45.633228,-0.052319,0.969331,0.037796,0.237134,-9.055584,1.782966,-12.604947,-0.016915,0.871691,0.019237,0.489385,14.610744,2.284627,38.209682
715,5.958333,-0.035994,0.950391,0.005448,0.30892,-0.594847,86.422173,15.62632,-0.044442,0.978356,0.083899,0.183865,-1.146959,94.093285,15.534925,-0.058298,0.984943,0.075845,0.143998,-3.647693,114.937332,18.672613,0.021261,0.995663,0.015565,0.089229,-6.511786,135.507965,21.451466,0.069727,0.97867,-0.192025,0.021654,-5.602065,150.077606,20.11207,-0.049195,0.91193,0.129266,0.386334,-9.637059,129.450089,20.18635,0.301267,-0.577576,-0.020692,-0.75843,-21.819475,129.627686,7.642189,0.06682,0.234833,-0.50103,-0.830275,-13.57674,121.765686,-14.42169,0.212069,0.357654,-0.559652,-0.716868,-3.207035,144.861115,-5.781412,-0.059464,0.987931,0.097294,0.10483,-2.551478,130.142456,22.36401,0.28393,0.889388,0.164842,-0.31812,14.427611,131.840363,26.188463,-0.083304,0.179241,0.439398,-0.876277,30.229103,121.903862,9.813263,-0.095003,-0.146884,0.662636,-0.728227,16.771935,141.489349,3.914242,0.071967,0.919969,0.205451,0.325987,-8.16014,85.812012,10.114874,0.08009,0.991006,-0.06453,0.085602,-8.104588,53.005005,-5.285716,-0.052029,0.969429,0.037951,0.23677,-16.180416,6.446734,0.145555,-0.090085,0.91744,-0.11473,0.37017,6.970446,87.032333,21.137766,-0.002559,0.865781,-0.174153,0.469134,9.882656,52.332687,31.184402,-0.017134,0.8718,0.019569,0.489171,2.321226,7.653916,45.642017,-0.052029,0.969429,0.037951,0.23677,-9.052428,1.782333,-12.604624,-0.017134,0.8718,0.019569,0.489171,14.611069,2.281173,38.210644
716,5.966667,-0.036369,0.950155,0.00628,0.309587,-0.563961,86.413513,15.678552,-0.044828,0.97806,0.084601,0.185016,-1.125448,94.084053,15.597145,-0.057682,0.984741,0.07652,0.145265,-3.651898,114.926743,18.758501,0.021996,0.995523,0.016053,0.090517,-6.498209,135.496063,21.56525,0.070436,0.978633,-0.191822,0.022802,-5.564319,150.065781,20.243565,-0.048837,0.911159,0.129948,0.387966,-9.627642,129.444046,20.282469,0.300434,-0.576821,-0.019654,-0.759362,-21.767088,129.651016,7.697166,0.067292,0.235892,-0.50019,-0.830444,-13.478973,121.786011,-14.348639,0.212957,0.358152,-0.559013,-0.716854,-3.088258,144.864136,-5.666629,-0.058907,0.987709,0.09826,0.10633,-2.546453,130.124313,22.478161,0.284424,0.889246,0.165835,-0.317558,14.423874,131.793793,26.353683,-0.08367,0.179339,0.440124,-0.875858,30.229181,121.848549,9.987481,-0.095306,-0.146639,0.662673,-0.728202,16.804789,141.460052,4.098698,0.072056,0.920126,0.205681,0.325378,-8.121012,85.801727,10.15599,0.080352,0.991071,-0.06427,0.084797,-8.075837,53.002514,-5.261233,-0.051891,0.969496,0.038008,0.236517,-16.169865,6.445065,0.149947,-0.089947,0.917688,-0.114279,0.369727,6.993091,87.025299,21.201113,-0.001945,0.866264,-0.174126,0.468255,9.913547,52.316357,31.213171,-0.017607,0.871892,0.019853,0.488979,2.317436,7.636431,45.649017,-0.051891,0.969496,0.038008,0.236517,-9.049817,1.780874,-12.604745,-0.017607,0.871892,0.019853,0.488979,14.610124,2.277467,38.212399
717,5.975,-0.036815,0.949973,0.007195,0.310073,-0.535256,86.402786,15.722877,-0.044956,0.97777,0.085474,0.186117,-1.107576,94.072632,15.652423,-0.057272,0.984525,0.077096,0.146582,-3.649987,114.911446,18.846312,0.022889,0.995389,0.016784,0.091625,-6.486621,135.479034,21.675468,0.071278,0.978606,-0.191573,0.023459,-5.525236,150.049225,20.378824,-0.047953,0.910744,0.130179,0.388972,-9.617731,129.431442,20.376072,0.300637,-0.575858,-0.019292,-0.760021,-21.732859,129.674973,7.768007,0.068733,0.236956,-0.499302,-0.830557,-13.388969,121.805511,-14.255156,0.214147,0.3588,-0.557962,-0.716995,-2.979061,144.866257,-5.560884,-0.058221,0.987556,0.098482,0.107912,-2.541565,130.102737,22.590633,0.284832,0.889059,0.166575,-0.317328,14.419717,131.741959,26.518322,-0.08412,0.179443,0.440768,-0.87547,30.220716,121.791077,10.15137,-0.095982,-0.146589,0.663045,-0.727785,16.825167,141.427307,4.273604,0.072138,0.920216,0.205863,0.32499,-8.086043,85.788544,10.192023,0.080575,0.99112,-0.064047,0.084188,-8.048284,52.995598,-5.238569,-0.051811,0.969567,0.038168,0.23622,-16.158209,6.438848,0.154806,-0.089773,0.918069,-0.113984,0.368916,7.015531,87.017029,21.253731,-0.001383,0.866791,-0.174098,0.467292,9.941519,52.300949,31.239408,-0.017937,0.872009,0.020231,0.488743,2.316394,7.61992,45.656532,-0.051811,0.969567,0.038168,0.23622,-9.046535,1.77818,-12.605847,-0.017937,0.872009,0.020231,0.488743,14.610259,2.27505,38.211723
718,5.983333,-0.037202,0.949843,0.008145,0.3104,-0.505972,86.392273,15.76273,-0.045491,0.977491,0.086167,0.187128,-1.088445,94.061455,15.704104,-0.056643,0.98432,0.077939,0.147753,-3.66298,114.903435,18.921158,0.02365,0.995275,0.017275,0.092579,-6.482178,135.468536,21.785501,0.072372,0.978583,-0.1912,0.024085,-5.497002,150.038696,20.506403,-0.047156,0.910153,0.130636,0.390298,-9.617385,129.427185,20.46715,0.300228,-0.575043,-0.018183,-0.760827,-21.699015,129.709335,7.827787,0.069753,0.237784,-0.498478,-0.830731,-13.306459,121.822594,-14.170684,0.21525,0.359348,-0.557299,-0.716906,-2.873405,144.867737,-5.461426,-0.057679,0.987354,0.099356,0.109239,-2.545287,130.085892,22.698418,0.285358,0.888944,0.167396,-0.316747,14.408106,131.698074,26.671093,-0.084185,0.179452,0.441377,-0.875155,30.212534,121.733727,10.315661,-0.096132,-0.14653,0.663588,-0.727281,16.842834,141.390732,4.443854,0.072256,0.920102,0.206098,0.32514,-8.052417,85.776802,10.22609,0.080883,0.991133,-0.063892,0.083849,-8.014156,52.992092,-5.221992,-0.051509,0.969603,0.03828,0.236118,-16.149939,6.438184,0.156936,-0.089661,0.918588,-0.113832,0.367694,7.040473,87.007744,21.29937,-0.000655,0.867491,-0.174098,0.465993,9.976541,52.287697,31.268305,-0.018126,0.872092,0.020567,0.488573,2.3129,7.60653,45.664562,-0.051509,0.969603,0.03828,0.236118,-9.043901,1.778162,-12.607093,-0.018126,0.872092,0.020567,0.488573,14.60744,2.272704,38.212948
719,5.991667,-0.037452,0.949676,0.009025,0.310856,-0.48447,86.378792,15.800467,-0.045515,0.977247,0.086784,0.18811,-1.074752,94.047455,15.75322,-0.056368,0.984098,0.078771,0.148894,-3.659946,114.897583,18.994913,0.024821,0.995136,0.018028,0.093614,-6.47618,135.458527,21.89185,0.072904,0.978564,-0.191024,0.024634,-5.455823,150.028564,20.639191,-0.046089,0.910013,0.130982,0.390635,-9.611212,129.421082,20.555309,0.300406,-0.574197,-0.017583,-0.76141,-21.687101,129.743713,7.911432,0.071452,0.238371,-0.497314,-0.831116,-13.245186,121.842346,-14.062893,0.216356,0.35979,-0.556502,-0.71697,-2.767366,144.864792,-5.365399,-0.056664,0.987149,0.100536,0.110539,-2.543688,130.072403,22.803183,0.285825,0.888746,0.168146,-0.316485,14.403778,131.640045,26.818743,-0.084411,0.179371,0.442102,-0.874784,30.203199,121.667519,10.463455,-0.096219,-0.146553,0.663886,-0.726994,16.861607,141.351913,4.605495,0.072314,0.919964,0.206361,0.32535,-8.025249,85.764191,10.256016,0.081135,0.991115,-0.063832,0.083862,-7.980825,52.987965,-5.210024,-0.051298,0.969667,0.038396,0.235881,-16.139824,6.437206,0.161061,-0.089565,0.918912,-0.11351,0.367007,7.056309,86.993385,21.344917,-0.000223,0.867829,-0.174139,0.465348,10.002318,52.266777,31.288031,-0.018556,0.872235,0.021011,0.488284,2.311972,7.586911,45.674091,-0.051298,0.969667,0.038396,0.235881,-9.042011,1.778533,-12.608035,-0.018556,0.872235,0.021011,0.488284,14.608068,2.270239,38.212795
720,6.0,-0.03789,0.949564,0.00999,0.311115,-0.45263,86.367157,15.830061,-0.045941,0.976999,0.087732,0.188855,-1.053901,94.035027,15.794653,-0.055646,0.983952,0.079451,0.149763,-3.6679,114.886307,19.071487,0.025375,0.995049,0.018694,0.09425,-6.461156,135.446136,21.998463,0.073849,0.978547,-0.190702,0.025001,-5.424547,150.016876,20.767555,-0.045871,0.909411,0.131458,0.3919,-9.602167,129.415131,20.646921,0.299416,-0.573654,-0.016514,-0.762232,-21.644133,129.75798,7.971266,0.071849,0.238863,-0.496689,-0.831313,-13.169472,121.853165,-13.989204,0.217338,0.360048,-0.555628,-0.717222,-2.670045,144.862152,-5.274668,-0.056116,0.986997,0.100922,0.111819,-2.537302,130.053223,22.906908,0.286473,0.888448,0.168985,-0.316287,14.402366,131.595642,26.964912,-0.083743,0.178568,0.442748,-0.874686,30.189573,121.61026,10.605672,-0.09524,-0.147036,0.66526,-0.725768,16.860653,141.312897,4.770614,0.072458,0.919787,0.206617,0.325654,-7.989761,85.750511,10.280884,0.081469,0.991114,-0.063792,0.083583,-7.94336,52.983475,-5.204607,-0.051092,0.969698,0.038405,0.235797,-16.131802,6.437394,0.162151,-0.089284,0.919222,-0.113358,0.366345,7.084501,86.983803,21.379238,0.000147,0.868144,-0.174192,0.464741,10.02326,52.251041,31.302977,-0.018944,0.872351,0.02124,0.488052,2.310044,7.572955,45.682301,-0.051092,0.969698,0.038405,0.235797,-9.038286,1.777247,-12.608788,-0.018944,0.872351,0.02124,0.488052,14.607138,2.26747,38.214691
721,6.008333,-0.038208,0.949461,0.010833,0.311362,-0.429681,86.35836,15.855577,-0.046251,0.97678,0.088504,0.189551,-1.039613,94.025597,15.830797,-0.055015,0.983805,0.080205,0.150563,-3.675305,114.873123,19.135523,0.026304,0.994928,0.019479,0.095116,-6.449629,135.430832,22.095219,0.074208,0.978541,-0.190503,0.02568,-5.38555,150.001816,20.890886,-0.044976,0.909084,0.131817,0.392641,-9.595479,129.405792,20.728401,0.298896,-0.573035,-0.0153,-0.762927,-21.619967,129.78595,8.03722,0.072895,0.23928,-0.49583,-0.831615,-13.108109,121.859718,-13.901143,0.218572,0.360206,-0.554767,-0.717434,-2.573757,144.853409,-5.18869,-0.055463,0.986816,0.101451,0.11325,-2.533152,130.031891,22.999651,0.287036,0.888188,0.170185,-0.315863,14.397804,131.544266,27.105057,-0.083431,0.178271,0.443337,-0.874478,30.182272,121.553001,10.746762,-0.094946,-0.146987,0.665556,-0.725545,16.874985,141.270569,4.92247,0.072328,0.919662,0.206827,0.325904,-7.963483,85.741096,10.301945,0.081861,0.991073,-0.063743,0.083721,-7.899092,52.978962,-5.193856,-0.050891,0.969735,0.038421,0.235688,-16.124592,6.43838,0.163899,-0.089031,0.919517,-0.113158,0.365729,7.104121,86.975632,21.40921,0.000391,0.86831,-0.174224,0.464418,10.038266,52.236324,31.311386,-0.019142,0.872371,0.021655,0.48799,2.308769,7.559302,45.68528,-0.050891,0.969735,0.038421,0.235688,-9.035972,1.776997,-12.609313,-0.019142,0.872371,0.021655,0.48799,14.608844,2.267005,38.213219
722,6.016667,-0.038684,0.949361,0.011607,0.31158,-0.40612,86.347176,15.877378,-0.046364,0.976583,0.089263,0.190177,-1.026699,94.01358,15.861471,-0.054579,0.983649,0.08101,0.151308,-3.675899,114.860474,19.195742,0.027201,0.994841,0.020417,0.095578,-6.439497,135.414749,22.189135,0.075089,0.978562,-0.19005,0.025659,-5.350531,149.986359,21.0152,-0.044174,0.908896,0.13204,0.393094,-9.587809,129.39447,20.807076,0.298612,-0.572403,-0.014564,-0.763527,-21.60235,129.805588,8.107442,0.074112,0.239871,-0.494917,-0.831881,-13.053447,121.869362,-13.812895,0.220179,0.360268,-0.55403,-0.717481,-2.486526,144.845886,-5.099961,-0.054817,0.986643,0.102079,0.114505,-2.52812,130.011337,23.089033,0.287664,0.887979,0.170472,-0.315725,14.395332,131.49411,27.235975,-0.083584,0.178269,0.444122,-0.874065,30.166222,121.481499,10.877639,-0.094924,-0.146875,0.665676,-0.72546,16.890266,141.229218,5.062344,0.072313,0.919503,0.207119,0.326171,-7.936691,85.726059,10.319794,0.082149,0.991029,-0.063838,0.083891,-7.859536,52.972538,-5.194153,-0.050697,0.969788,0.038479,0.2355,-16.113689,6.437606,0.168609,-0.08882,0.919708,-0.112945,0.365364,7.124451,86.968292,21.434963,0.000628,0.868557,-0.174332,0.463915,10.054431,52.22279,31.316597,-0.019654,0.872531,0.02171,0.487681,2.309006,7.549352,45.693062,-0.050697,0.969788,0.038479,0.2355,-9.031911,1.776114,-12.608358,-0.019654,0.872531,0.02171,0.487681,14.609087,2.265633,38.214939
723,6.025,-0.038948,0.949272,0.012343,0.311791,-0.388783,86.33815,15.895751,-0.046453,0.976378,0.090092,0.190819,-1.016727,94.003967,15.889184,-0.054046,0.983491,0.081851,0.152069,-3.679179,114.850403,19.256115,0.02764,0.994754,0.020998,0.096229,-6.428395,135.401352,22.285301,0.075858,0.978549,-0.189745,0.026174,-5.326338,149.973511,21.130419,-0.043353,0.909004,0.131929,0.392973,-9.580224,129.386597,20.88736,0.298843,-0.571698,-0.014349,-0.763969,-21.600613,129.821564,8.194055,0.075518,0.240172,-0.493898,-0.832273,-13.011379,121.881401,-13.709079,0.220914,0.36034,-0.553195,-0.717863,-2.400843,144.836746,-5.012889,-0.054167,0.986487,0.102569,0.115712,-2.523109,129.992706,23.180134,0.288451,0.887607,0.171873,-0.315291,14.393103,131.446457,27.366686,-0.083166,0.17807,0.444651,-0.873876,30.155064,121.422684,11.006582,-0.095223,-0.146612,0.66588,-0.725287,16.899727,141.182922,5.194919,0.072248,0.919261,0.207337,0.326727,-7.916492,85.716751,10.334323,0.08242,0.990928,-0.063964,0.084718,-7.820236,52.969097,-5.191897,-0.050244,0.96983,0.038514,0.23542,-16.105154,6.439927,0.173466,-0.088623,0.919863,-0.112736,0.365087,7.138926,86.959549,21.457178,0.000843,0.868732,-0.174354,0.463578,10.064543,52.208076,31.319099,-0.020006,0.872528,0.021992,0.487658,2.305914,7.535416,45.690853,-0.050244,0.96983,0.038514,0.23542,-9.030111,1.775797,-12.606268,-0.020006,0.872528,0.021992,0.487658,14.610439,2.263768,38.211529
724,6.033333,-0.03904,0.949157,0.013201,0.312093,-0.375688,86.329651,15.908866,-0.046614,0.97614,0.091064,0.191532,-1.009081,93.995018,15.914178,-0.053779,0.983316,0.082527,0.152925,-3.689335,114.840385,19.319042,0.029402,0.994623,0.022036,0.096826,-6.434409,135.387894,22.375267,0.076354,0.97857,-0.189472,0.02592,-5.282357,149.958984,21.256367,-0.042536,0.908437,0.132737,0.394099,-9.586616,129.376678,20.963005,0.298401,-0.571187,-0.012962,-0.764549,-21.578457,129.854767,8.244278,0.076611,0.240878,-0.49306,-0.832466,-12.958314,121.882477,-13.635029,0.222394,0.360885,-0.552482,-0.717682,-2.322027,144.821884,-4.930606,-0.053469,0.986348,0.103273,0.116588,-2.53296,129.976151,23.268131,0.288836,0.887593,0.17166,-0.315097,14.378759,131.399567,27.48316,-0.083499,0.178339,0.445186,-0.873517,30.135786,121.35408,11.131629,-0.095374,-0.146403,0.666116,-0.725092,16.907177,141.1353,5.320516,0.0722,0.919053,0.207338,0.327324,-7.899736,85.711792,10.342093,0.082655,0.990845,-0.063974,0.085445,-7.790221,52.963661,-5.183025,-0.04989,0.969821,0.038706,0.235498,-16.101158,6.438315,0.1752,-0.088596,0.919922,-0.112557,0.365001,7.14836,86.94751,21.475639,0.001128,0.869005,-0.174423,0.46304,10.07801,52.19276,31.324821,-0.020154,0.872549,0.022304,0.487601,2.301673,7.522449,45.694317,-0.04989,0.969821,0.038706,0.235498,-9.02752,1.776933,-12.606313,-0.020154,0.872549,0.022304,0.487601,14.608234,2.260722,38.211353
725,6.041667,-0.039128,0.949068,0.013958,0.31232,-0.36441,86.322441,15.917817,-0.046685,0.975955,0.091911,0.192056,-1.002715,93.987396,15.933607,-0.053286,0.98318,0.083366,0.153522,-3.694737,114.827957,19.371664,0.029745,0.994557,0.022414,0.097312,-6.426668,135.371857,22.463776,0.077401,0.978604,-0.188807,0.026362,-5.264273,149.9431,21.357573,-0.042069,0.908211,0.133367,0.394457,-9.582175,129.365814,21.03689,0.297892,-0.57074,-0.012265,-0.765092,-21.565536,129.869431,8.311157,0.07716,0.241158,-0.492168,-0.832862,-12.919172,121.892021,-13.555934,0.222869,0.360642,-0.551762,-0.71821,-2.243145,144.810516,-4.844733,-0.052815,0.986196,0.103835,0.117673,-2.530457,129.955322,23.350502,0.289443,0.88735,0.171992,-0.315043,14.374804,131.349655,27.601021,-0.083425,0.178256,0.445791,-0.873233,30.116096,121.285645,11.245733,-0.095272,-0.146067,0.666364,-0.724946,16.911572,141.086746,5.441128,0.072143,0.918809,0.207397,0.32798,-7.885669,85.707581,10.346945,0.082876,0.990777,-0.064071,0.085946,-7.759809,52.960659,-5.180597,-0.049826,0.969866,0.038676,0.235334,-16.094852,6.439975,0.180658,-0.088552,0.919893,-0.112303,0.365161,7.156849,86.937309,21.488689,0.001314,0.869218,-0.174555,0.462589,10.088805,52.177864,31.320589,-0.02055,0.872602,0.022483,0.487481,2.298711,7.511971,45.696362,-0.049826,0.969866,0.038676,0.235334,-9.026177,1.777054,-12.603039,-0.02055,0.872602,0.022483,0.487481,14.607946,2.260311,38.210728
726,6.05,-0.039154,0.94898,0.0146,0.312555,-0.360419,86.321434,15.924069,-0.046779,0.97577,0.092766,0.192557,-1.0022,93.986069,15.94895,-0.052713,0.983057,0.084141,0.154078,-3.706879,114.820374,19.420179,0.030187,0.994482,0.023085,0.097782,-6.421852,135.361374,22.546257,0.078323,0.97861,-0.188344,0.026748,-5.247117,149.933243,21.461535,-0.041455,0.907987,0.133809,0.394888,-9.581813,129.360947,21.105675,0.297491,-0.570307,-0.01134,-0.765585,-21.555065,129.892532,8.371566,0.07796,0.241647,-0.491308,-0.833154,-12.883093,121.898018,-13.479133,0.223655,0.360936,-0.550919,-0.718465,-2.174492,144.798065,-4.759903,-0.052233,0.986007,0.104754,0.118691,-2.53174,129.939514,23.42705,0.290025,0.887171,0.172606,-0.314674,14.367241,131.305908,27.711466,-0.082958,0.178096,0.446216,-0.873093,30.103296,121.225235,11.361393,-0.094898,-0.145864,0.666774,-0.724659,16.913292,141.038742,5.555819,0.072011,0.918603,0.20739,0.328591,-7.878885,85.709991,10.349054,0.083079,0.990701,-0.064111,0.086598,-7.734109,52.961445,-5.174902,-0.049343,0.969886,0.038765,0.235339,-16.09198,6.444451,0.182803,-0.088605,0.919771,-0.112076,0.365527,7.158047,86.932877,21.499084,0.001456,0.869337,-0.174587,0.462353,10.095757,52.170418,31.3186,-0.021015,0.872631,0.022484,0.487409,2.296425,7.505629,45.692787,-0.049343,0.969886,0.038765,0.235339,-9.028071,1.780295,-12.603074,-0.021015,0.872631,0.022484,0.487409,14.608947,2.260592,38.207916
727,6.058333,-0.039149,0.948883,0.015223,0.31282,-0.356563,86.320427,15.927108,-0.046696,0.975611,0.093639,0.192964,-1.001261,93.984779,15.960917,-0.052297,0.982935,0.085022,0.154518,-3.710344,114.80777,19.466875,0.031468,0.99438,0.0239,0.098218,-6.415175,135.344345,22.630552,0.078753,0.978647,-0.18796,0.026817,-5.204286,149.915314,21.573826,-0.040943,0.907899,0.134105,0.395042,-9.577708,129.348648,21.176064,0.297382,-0.569952,-0.011122,-0.765895,-21.548166,129.901428,8.440227,0.078869,0.242148,-0.490495,-0.833402,-12.855852,121.907112,-13.402471,0.224553,0.361312,-0.55001,-0.718693,-2.119036,144.788055,-4.67935,-0.051721,0.985907,0.105056,0.119477,-2.529003,129.918427,23.503763,0.290546,0.887063,0.173142,-0.314203,14.365305,131.262848,27.813509,-0.082433,0.178033,0.446543,-0.872988,30.101051,121.1651,11.473678,-0.094492,-0.145863,0.666446,-0.725014,16.923054,140.987259,5.661009,0.072015,0.918361,0.207278,0.329337,-7.871927,85.712875,10.347483,0.083083,0.99065,-0.064169,0.087129,-7.71766,52.961029,-5.169434,-0.049024,0.969952,0.038877,0.235114,-16.079258,6.444812,0.189248,-0.088671,0.919663,-0.111839,0.365855,7.158803,86.927971,21.506733,0.001582,0.869372,-0.174679,0.462252,10.10388,52.162529,31.313461,-0.021334,0.872605,0.022517,0.487442,2.291788,7.500827,45.690327,-0.049024,0.969952,0.038877,0.235114,-9.024381,1.781102,-12.601787,-0.021334,0.872605,0.022517,0.487442,14.608118,2.261166,38.207954
728,6.066667,-0.039104,0.948775,0.015796,0.313127,-0.356747,86.319756,15.926881,-0.046791,0.975422,0.094682,0.193385,-1.003558,93.983887,15.969065,-0.051686,0.982844,0.085635,0.154963,-3.725875,114.793755,19.515226,0.031971,0.994314,0.024362,0.098613,-6.410914,135.328598,22.706825,0.079686,0.978674,-0.187377,0.027164,-5.185605,149.899475,21.665607,-0.040308,0.907743,0.134436,0.395353,-9.57883,129.338425,21.241283,0.296908,-0.569498,-0.010391,-0.766427,-21.542492,129.917633,8.500242,0.078987,0.242339,-0.489726,-0.833788,-12.823692,121.915909,-13.329177,0.223947,0.36118,-0.549451,-0.719375,-2.051159,144.775665,-4.592145,-0.051332,0.985751,0.105614,0.120438,-2.531234,129.897232,23.574986,0.290936,0.887003,0.173155,-0.314004,14.356401,131.222076,27.916803,-0.082147,0.178135,0.4469,-0.872811,30.087086,121.106514,11.583117,-0.094014,-0.145521,0.666485,-0.725109,16.926289,140.938339,5.762718,0.071983,0.918185,0.207149,0.329917,-7.868573,85.716537,10.342027,0.083129,0.990625,-0.064191,0.087358,-7.705609,52.96048,-5.165891,-0.048844,0.969983,0.038884,0.235023,-16.072903,6.445244,0.192463,-0.088782,0.919536,-0.111598,0.366222,7.15508,86.922974,21.511736,0.001665,0.869366,-0.17475,0.462237,10.110164,52.155041,31.306631,-0.021571,0.872577,0.022555,0.487478,2.288282,7.495728,45.685566,-0.048844,0.969983,0.038884,0.235023,-9.022262,1.780229,-12.600425,-0.021571,0.872577,0.022555,0.487478,14.60772,2.260412,38.205269
729,6.075,-0.039059,0.948669,0.01633,0.313425,-0.358555,86.318268,15.92519,-0.046929,0.975245,0.095497,0.193844,-1.007288,93.982193,15.975184,-0.051011,0.982732,0.086499,0.155417,-3.744015,114.788223,19.552971,0.032287,0.994268,0.025301,0.098732,-6.408295,135.319748,22.783152,0.080901,0.978677,-0.186856,0.027035,-5.176107,149.892044,21.770323,-0.039797,0.907613,0.135172,0.395453,-9.581877,129.336044,21.303507,0.296372,-0.569123,-0.009406,-0.766925,-21.544201,129.942291,8.562469,0.079854,0.242812,-0.489013,-0.833986,-12.803236,121.924004,-13.251999,0.225077,0.361935,-0.548521,-0.719353,-2.006783,144.768112,-4.511849,-0.050589,0.985616,0.106062,0.121462,-2.535347,129.882309,23.643389,0.291431,0.886746,0.174316,-0.31363,14.346272,131.175598,28.017986,-0.081488,0.178043,0.447158,-0.87276,30.074322,121.056831,11.683753,-0.093869,-0.145147,0.666502,-0.725187,16.926054,140.888092,5.855611,0.071958,0.918008,0.207006,0.330503,-7.866943,85.719162,10.335272,0.083169,0.990605,-0.06421,0.087528,-7.696035,52.958534,-5.162918,-0.04851,0.969993,0.039026,0.235025,-16.068127,6.444171,0.195485,-0.088926,0.919391,-0.111338,0.366629,7.149832,86.917374,21.515106,0.001738,0.869272,-0.174849,0.462376,10.117178,52.147091,31.297939,-0.021878,0.872541,0.022547,0.487529,2.282668,7.491097,45.680309,-0.04851,0.969993,0.039026,0.235025,-9.020706,1.780569,-12.599695,-0.021878,0.872541,0.022547,0.487529,14.605892,2.259952,38.203335
730,6.083333,-0.038988,0.948585,0.016877,0.313658,-0.35997,86.316269,15.921492,-0.046851,0.975077,0.096251,0.194335,-1.010317,93.980003,15.97964,-0.050721,0.982576,0.087425,0.155976,-3.752171,114.783669,19.588318,0.033492,0.994142,0.025936,0.099433,-6.412236,135.309677,22.856749,0.081154,0.978714,-0.186484,0.027518,-5.144921,149.880554,21.866972,-0.039182,0.907465,0.135512,0.395738,-9.586504,129.330109,21.362007,0.296208,-0.568711,-0.008941,-0.767299,-21.542643,129.962128,8.616415,0.080476,0.24342,-0.488286,-0.834175,-12.777999,121.936966,-13.18602,0.225614,0.362187,-0.547867,-0.719556,-1.960477,144.761887,-4.430331,-0.049921,0.985495,0.106845,0.122034,-2.542123,129.869141,23.71002,0.291588,0.886797,0.173625,-0.313722,14.336975,131.133728,28.102701,-0.081782,0.178273,0.447507,-0.872506,30.057604,120.997368,11.772233,-0.093658,-0.1449,0.666647,-0.725131,16.926296,140.845093,5.94324,0.071915,0.917943,0.206907,0.330754,-7.865716,85.721771,10.327536,0.083114,0.990576,-0.064275,0.087862,-7.690177,52.957726,-5.163346,-0.048169,0.970043,0.039172,0.234867,-16.059456,6.443286,0.19876,-0.089036,0.919266,-0.111182,0.366962,7.145777,86.910767,21.515448,0.001826,0.869439,-0.174916,0.462036,10.1211,52.139397,31.291977,-0.02207,0.872551,0.022626,0.4875,2.281954,7.485655,45.678825,-0.048169,0.970043,0.039172,0.234867,-9.01953,1.780977,-12.601015,-0.02207,0.872551,0.022626,0.4875,14.606929,2.259215,38.201447
731,6.091667,-0.038881,0.948493,0.017439,0.313919,-0.366679,86.314125,15.914075,-0.046784,0.974911,0.097148,0.194738,-1.018191,93.977684,15.980762,-0.050366,0.982464,0.088074,0.156429,-3.765388,114.769539,19.624949,0.034093,0.994067,0.026509,0.099828,-6.416489,135.292297,22.921064,0.081988,0.978778,-0.185742,0.027787,-5.132271,149.862976,21.950325,-0.038301,0.907295,0.135954,0.396061,-9.592937,129.316681,21.41511,0.296047,-0.568344,-0.008507,-0.767639,-21.542526,129.984543,8.665192,0.080672,0.243937,-0.48747,-0.834482,-12.756718,121.95295,-13.126365,0.225206,0.362065,-0.547392,-0.720106,-1.90946,144.755585,-4.344739,-0.049456,0.985343,0.107737,0.122667,-2.550125,129.848328,23.769518,0.291722,0.886846,0.173051,-0.313778,14.325184,131.090439,28.183153,-0.082239,0.17855,0.447899,-0.872206,30.04019,120.939003,11.856619,-0.093533,-0.144558,0.666469,-0.725378,16.929317,140.804413,6.029336,0.071892,0.917842,0.206759,0.331133,-7.869514,85.724991,10.315644,0.083025,0.990537,-0.06437,0.088311,-7.689817,52.956276,-5.165332,-0.048092,0.970069,0.039205,0.234768,-16.05398,6.441596,0.202691,-0.08925,0.919198,-0.111039,0.367124,7.136157,86.903259,21.512505,0.001939,0.869484,-0.175015,0.461913,10.127814,52.132343,31.285709,-0.022278,0.872524,0.022673,0.487536,2.276968,7.481951,45.67659,-0.048092,0.970069,0.039205,0.234768,-9.017377,1.77952,-12.599,-0.022278,0.872524,0.022673,0.487536,14.604789,2.259668,38.200989
732,6.1,-0.038863,0.948447,0.017946,0.314031,-0.372653,86.311249,15.905881,-0.046645,0.974778,0.097877,0.195068,-1.026353,93.974556,15.979981,-0.049889,0.982353,0.08891,0.156806,-3.774624,114.75856,19.653944,0.034694,0.994011,0.02731,0.099958,-6.412758,135.277115,22.986404,0.08271,0.978846,-0.185089,0.027602,-5.113002,149.848068,22.040903,-0.037593,0.907226,0.136303,0.396169,-9.592644,129.306625,21.467472,0.295888,-0.568091,-0.008276,-0.767889,-21.541128,130.002396,8.71803,0.081071,0.244487,-0.486727,-0.834716,-12.74091,121.970322,-13.067516,0.225297,0.362407,-0.546599,-0.720508,-1.869571,144.753006,-4.265645,-0.049217,0.985189,0.1085,0.123321,-2.550884,129.828766,23.827133,0.292168,0.886691,0.173448,-0.31358,14.319605,131.056625,28.263075,-0.082041,0.178517,0.448254,-0.872049,30.027836,120.892265,11.938085,-0.093506,-0.144521,0.666235,-0.725604,16.931601,140.768082,6.110461,0.071794,0.917839,0.206688,0.331206,-7.874195,85.725494,10.305368,0.08294,0.990501,-0.064493,0.088716,-7.688577,52.953644,-5.168882,-0.047805,0.970114,0.039403,0.234608,-16.047928,6.439132,0.208076,-0.089412,0.91915,-0.110972,0.367226,7.128888,86.896988,21.506393,0.002001,0.869585,-0.175099,0.46169,10.132006,52.127121,31.279745,-0.022546,0.872558,0.022638,0.487464,2.276067,7.479563,45.676601,-0.047805,0.970114,0.039403,0.234608,-9.018223,1.780272,-12.598567,-0.022546,0.872558,0.022638,0.487464,14.605083,2.260211,38.200935
733,6.108333,-0.03886,0.948403,0.018458,0.314136,-0.378569,86.309212,15.896421,-0.046357,0.974656,0.098683,0.195342,-1.03471,93.972237,15.977931,-0.049666,0.982248,0.08956,0.157164,-3.777903,114.745247,19.685715,0.035615,0.993915,0.028182,0.100356,-6.412266,135.259872,23.045269,0.082938,0.978915,-0.184596,0.027766,-5.08719,149.830383,22.128475,-0.036831,0.907076,0.136852,0.396395,-9.592903,129.292419,21.515955,0.295994,-0.567875,-0.008341,-0.768008,-21.537109,130.02124,8.76434,0.08183,0.24538,-0.48604,-0.83478,-12.724754,121.991859,-13.017305,0.226272,0.36305,-0.545917,-0.720396,-1.842022,144.75737,-4.192275,-0.048803,0.985074,0.108855,0.124087,-2.552486,129.809235,23.880804,0.292469,0.886502,0.174363,-0.313326,14.312802,131.018188,28.341684,-0.08182,0.178527,0.448543,-0.871919,30.020199,120.855347,12.01493,-0.093614,-0.144421,0.665897,-0.72592,16.938204,140.736694,6.184947,0.071749,0.917835,0.206524,0.331329,-7.878876,85.726593,10.293922,0.082821,0.990478,-0.064557,0.08903,-7.692356,52.949364,-5.168924,-0.047743,0.970136,0.039594,0.234499,-16.042816,6.433755,0.212379,-0.089551,0.919139,-0.110953,0.367225,7.121737,86.89183,21.498922,0.002101,0.869794,-0.175185,0.461263,10.134518,52.123432,31.274572,-0.022941,0.87259,0.022485,0.487396,2.273588,7.478767,45.677704,-0.047743,0.970136,0.039594,0.234499,-9.01637,1.779664,-12.597791,-0.022941,0.87259,0.022485,0.487396,14.604485,2.261183,38.203907
734,6.116667,-0.038816,0.948381,0.018958,0.314178,-0.389106,86.305176,15.886517,-0.046151,0.974548,0.099276,0.19563,-1.047016,93.967972,15.975492,-0.049314,0.982132,0.090409,0.157512,-3.787257,114.734016,19.708082,0.036023,0.993851,0.028739,0.100676,-6.413785,135.243683,23.103743,0.083551,0.978996,-0.183843,0.028054,-5.07761,149.814301,22.204859,-0.036209,0.906949,0.137577,0.396491,-9.596382,129.280579,21.56167,0.295499,-0.567585,-0.007938,-0.768417,-21.539515,130.039795,8.81083,0.082056,0.245903,-0.485424,-0.834962,-12.71045,122.013435,-12.965155,0.226544,0.363459,-0.545274,-0.720591,-1.810147,144.759979,-4.118056,-0.048445,0.984976,0.109317,0.124603,-2.557078,129.789703,23.931488,0.292749,0.886373,0.175037,-0.313054,14.304939,130.982178,28.409115,-0.081918,0.178549,0.448831,-0.871757,30.012667,120.817009,12.084134,-0.093885,-0.144201,0.665692,-0.726117,16.943186,140.708847,6.257686,0.071665,0.917801,0.206534,0.331436,-7.888985,85.726318,10.28306,0.082692,0.990437,-0.064738,0.08947,-7.694815,52.948486,-5.17843,-0.047677,0.970179,0.039661,0.234322,-16.03701,6.433073,0.217327,-0.089696,0.919162,-0.110921,0.367142,7.110772,86.884033,21.489975,0.002147,0.869919,-0.175279,0.460992,10.134918,52.117001,31.266979,-0.022899,0.872585,0.022658,0.487399,2.270585,7.475481,45.677982,-0.047677,0.970179,0.039661,0.234322,-9.015766,1.780193,-12.59613,-0.022899,0.872585,0.022658,0.487399,14.601991,2.261631,38.202415
735,6.125,-0.038747,0.948371,0.01939,0.31419,-0.399556,86.302483,15.876561,-0.045974,0.97444,0.099926,0.195875,-1.058539,93.965103,15.972161,-0.048868,0.982048,0.091032,0.157822,-3.797523,114.725021,19.732014,0.036726,0.993777,0.02973,0.100869,-6.410815,135.231796,23.1553,0.083983,0.979072,-0.183253,0.027977,-5.056544,149.802628,22.287634,-0.035521,0.906891,0.138095,0.396505,-9.596984,129.273178,21.603251,0.295074,-0.567423,-0.007614,-0.768703,-21.541452,130.061569,8.855435,0.082382,0.246531,-0.484792,-0.835112,-12.703024,122.037315,-12.917527,0.22709,0.363906,-0.543991,-0.721163,-1.787951,144.763443,-4.047322,-0.048065,0.984801,0.11019,0.125357,-2.558484,129.773834,23.977253,0.29289,0.886247,0.175439,-0.313053,14.298224,130.946213,28.480095,-0.08205,0.178626,0.449176,-0.871551,30.001869,120.782921,12.150031,-0.094027,-0.14422,0.665518,-0.726254,16.949459,140.685623,6.326653,0.071582,0.91781,0.206431,0.331494,-7.899387,85.727417,10.272653,0.082587,0.990451,-0.064762,0.089401,-7.701379,52.945648,-5.180421,-0.047564,0.970199,0.0398,0.23424,-16.033537,6.42888,0.219135,-0.089764,0.919234,-0.110893,0.366953,7.100275,86.877548,21.480471,0.00217,0.870064,-0.175341,0.460694,10.131692,52.110958,31.256777,-0.023139,0.872589,0.022622,0.487381,2.267684,7.471526,45.674419,-0.047564,0.970199,0.0398,0.23424,-9.015434,1.778961,-12.597116,-0.023139,0.872589,0.022622,0.487381,14.600929,2.260204,38.20013
736,6.133333,-0.038567,0.948383,0.019896,0.314146,-0.414933,86.299667,15.863469,-0.045828,0.974324,0.10058,0.196154,-1.073728,93.962189,15.96736,-0.048449,0.981949,0.091678,0.158191,-3.812836,114.715324,19.754166,0.037228,0.993711,0.030133,0.10122,-6.414394,135.218857,23.205679,0.084472,0.979162,-0.182505,0.028268,-5.045808,149.789169,22.351814,-0.03468,0.907098,0.138235,0.396057,-9.603628,129.264664,21.642998,0.294888,-0.566978,-0.007542,-0.769103,-21.562576,130.079239,8.910404,0.082833,0.246796,-0.484178,-0.835345,-12.699024,122.06414,-12.855725,0.22701,0.364281,-0.543233,-0.72157,-1.761749,144.770706,-3.981625,-0.047629,0.984726,0.110625,0.125733,-2.566257,129.757111,24.022064,0.293057,0.886135,0.175851,-0.312982,14.288608,130.910995,28.536594,-0.082376,0.178661,0.449506,-0.871343,29.989601,120.747734,12.203937,-0.094428,-0.144201,0.665569,-0.72616,16.950193,140.666168,6.388435,0.071456,0.917781,0.206362,0.331642,-7.915554,85.730766,10.259982,0.082448,0.990445,-0.064841,0.089533,-7.708437,52.945644,-5.185865,-0.047602,0.970229,0.03986,0.234096,-16.028946,6.427655,0.221198,-0.089746,0.919297,-0.110894,0.3668,7.085688,86.868576,21.466955,0.002067,0.870155,-0.175391,0.460504,10.117512,52.101772,31.242401,-0.02349,0.872556,0.02271,0.48742,2.262976,7.463959,45.670246,-0.047602,0.970229,0.03986,0.234096,-9.014112,1.779584,-12.597522,-0.02349,0.872556,0.02271,0.48742,14.600691,2.25985,38.198299
737,6.141667,-0.038457,0.948394,0.020297,0.314099,-0.4274,86.297028,15.850437,-0.04574,0.974229,0.101211,0.196324,-1.086524,93.959442,15.96073,-0.047942,0.981874,0.092389,0.158397,-3.827618,114.706398,19.773474,0.03797,0.993634,0.030951,0.101445,-6.413651,135.206497,23.256926,0.084785,0.979239,-0.181931,0.028361,-5.025302,149.776459,22.429409,-0.034179,0.906951,0.138628,0.396301,-9.607242,129.257355,21.683922,0.294118,-0.566812,-0.007222,-0.769524,-21.560637,130.09462,8.947587,0.082728,0.247199,-0.483669,-0.835532,-12.687471,122.091545,-12.819041,0.227252,0.36454,-0.542717,-0.721752,-1.734215,144.781143,-3.919344,-0.047198,0.984617,0.111298,0.12615,-2.570113,129.740356,24.065638,0.293288,0.885871,0.176859,-0.312947,14.28251,130.874634,28.593487,-0.08234,0.178407,0.449887,-0.871202,29.97785,120.720421,12.249782,-0.094559,-0.144356,0.665717,-0.725976,16.951244,140.650009,6.447304,0.071383,0.917804,0.206326,0.331617,-7.928732,85.732414,10.247469,0.082306,0.990412,-0.064954,0.089946,-7.7181,52.945446,-5.194412,-0.047593,0.970224,0.039895,0.234114,-16.02853,6.426653,0.221152,-0.089688,0.919411,-0.110909,0.366522,7.073931,86.861649,21.453403,0.001983,0.870276,-0.175467,0.460248,10.104487,52.09433,31.227402,-0.023616,0.872551,0.022791,0.487419,2.257811,7.459006,45.667225,-0.047593,0.970224,0.039895,0.234114,-9.01328,1.779521,-12.597678,-0.023616,0.872551,0.022791,0.487419,14.597118,2.258728,38.19524
738,6.15,-0.038265,0.948431,0.020789,0.313978,-0.445184,86.293724,15.834519,-0.045518,0.974145,0.101802,0.196486,-1.103869,93.956039,15.953008,-0.047528,0.981798,0.092989,0.158638,-3.841168,114.698074,19.7913,0.038466,0.993578,0.031539,0.101625,-6.414967,135.19516,23.301407,0.085254,0.979342,-0.181144,0.028434,-5.013438,149.764923,22.492767,-0.033486,0.906839,0.138938,0.396506,-9.611904,129.250259,21.71924,0.293366,-0.566649,-0.006902,-0.769934,-21.561245,130.114929,8.980934,0.08262,0.247576,-0.483071,-0.835777,-12.678698,122.123314,-12.786077,0.227224,0.364937,-0.54223,-0.721926,-1.703751,144.794312,-3.860261,-0.046735,0.984482,0.112276,0.126515,-2.575324,129.725418,24.104155,0.293411,0.885696,0.177264,-0.313098,14.275596,130.837784,28.643768,-0.082818,0.178263,0.450349,-0.870948,29.962688,120.688332,12.289193,-0.094757,-0.144346,0.665944,-0.725744,16.952545,140.637741,6.506894,0.071286,0.917788,0.206275,0.331713,-7.948213,85.735344,10.233197,0.082194,0.99042,-0.065027,0.089906,-7.730875,52.945854,-5.203227,-0.047464,0.97021,0.039976,0.234182,-16.031174,6.426194,0.220518,-0.08965,0.919418,-0.110933,0.366506,7.057845,86.852097,21.435843,0.001811,0.870253,-0.175492,0.460281,10.085371,52.084671,31.210386,-0.024491,0.872537,0.022639,0.487409,2.251303,7.450128,45.659447,-0.047464,0.97021,0.039976,0.234182,-9.015397,1.780421,-12.598516,-0.024491,0.872537,0.022639,0.487409,14.598109,2.258541,38.193806
739,6.158333,-0.038089,0.948473,0.021163,0.313847,-0.46228,86.290695,15.821132,-0.045589,0.974046,0.10242,0.196636,-1.120181,93.95298,15.946014,-0.047055,0.981736,0.09354,0.158843,-3.866303,114.691353,19.808966,0.039338,0.993512,0.032229,0.101722,-6.424977,135.186005,23.34424,0.085845,0.979434,-0.180393,0.028261,-4.999923,149.75473,22.558407,-0.032672,0.90659,0.139282,0.397023,-9.626139,129.245621,21.753666,0.292929,-0.566448,-0.006601,-0.77025,-21.56303,130.143692,9.006005,0.08266,0.248101,-0.482484,-0.835956,-12.668997,122.155891,-12.757715,0.227301,0.365188,-0.541937,-0.721994,-1.677941,144.807617,-3.80471,-0.046376,0.98436,0.11319,0.126776,-2.589862,129.712234,24.141153,0.293464,0.885598,0.177579,-0.313146,14.259905,130.806976,28.689301,-0.083439,0.178307,0.450752,-0.87067,29.943966,120.661972,12.329065,-0.095133,-0.14419,0.666101,-0.725582,16.953171,140.626938,6.563049,0.071229,0.917749,0.206219,0.331869,-7.9671,85.737572,10.221693,0.082022,0.990415,-0.065113,0.090059,-7.744786,52.945824,-5.209866,-0.047433,0.970223,0.040034,0.234127,-16.030472,6.424531,0.222171,-0.089585,0.919528,-0.110999,0.366226,7.04254,86.843811,21.42057,0.001739,0.870465,-0.175542,0.459863,10.066919,52.076603,31.196848,-0.02479,0.872528,0.022694,0.487407,2.243576,7.443693,45.656754,-0.047433,0.970223,0.040034,0.234127,-9.016381,1.780099,-12.598268,-0.02479,0.872528,0.022694,0.487407,14.593479,2.257753,38.192322
740,6.166667,-0.03786,0.948501,0.021605,0.313761,-0.484619,86.286697,15.805048,-0.045298,0.973972,0.103006,0.196767,-1.141307,93.948967,15.937543,-0.046753,0.981662,0.094123,0.159045,-3.880721,114.683319,19.82666,0.03996,0.993443,0.032546,0.102055,-6.43148,135.174591,23.387249,0.086158,0.979531,-0.179654,0.028624,-4.988461,149.742157,22.61305,-0.032065,0.906395,0.139556,0.397423,-9.634762,129.237625,21.788116,0.291964,-0.566299,-0.00624,-0.77073,-21.56192,130.160904,9.033144,0.082339,0.248353,-0.482081,-0.836145,-12.659229,122.188736,-12.732773,0.227343,0.365382,-0.541251,-0.722398,-1.653675,144.825134,-3.755614,-0.046037,0.984296,0.11379,0.126861,-2.599019,129.698105,24.178377,0.293539,0.885452,0.178003,-0.313248,14.251097,130.778076,28.728786,-0.083892,0.178062,0.451167,-0.870462,29.92977,120.639374,12.359474,-0.095238,-0.144293,0.66657,-0.725117,16.952389,140.621368,6.617109,0.071127,0.917764,0.20613,0.331905,-7.990782,85.740196,10.206758,0.081818,0.990462,-0.065143,0.089703,-7.763367,52.944733,-5.216849,-0.047641,0.970237,0.040084,0.234019,-16.028297,6.420645,0.222852,-0.089517,0.919631,-0.111033,0.365974,7.021544,86.833206,21.403337,0.001546,0.87057,-0.175596,0.459642,10.043197,52.065651,31.179258,-0.025279,0.872528,0.022755,0.487378,2.237146,7.434493,45.653915,-0.047641,0.970237,0.040084,0.234019,-9.014826,1.779095,-12.59897,-0.025279,0.872528,0.022755,0.487378,14.591559,2.25708,38.191021
741,6.175,-0.037564,0.948537,0.021894,0.313667,-0.508892,86.283676,15.790878,-0.045046,0.973912,0.103509,0.196856,-1.162638,93.946091,15.929094,-0.04632,0.981607,0.094692,0.159173,-3.896067,114.676956,19.840733,0.040449,0.993391,0.033027,0.102211,-6.433229,135.165405,23.427135,0.086564,0.979617,-0.178968,0.028766,-4.977027,149.732498,22.668671,-0.031829,0.905942,0.140311,0.398207,-9.640371,129.232697,21.819996,0.29106,-0.566343,-0.005987,-0.771041,-21.546232,130.178314,9.046782,0.081791,0.248797,-0.481688,-0.836294,-12.645904,122.221352,-12.725656,0.227176,0.365688,-0.540619,-0.722768,-1.629901,144.842712,-3.709192,-0.045433,0.984236,0.114034,0.127326,-2.604638,129.685287,24.211784,0.293534,0.885199,0.178894,-0.313459,14.243275,130.74144,28.775904,-0.084361,0.177914,0.451484,-0.870283,29.915514,120.622375,12.388298,-0.095852,-0.144332,0.666642,-0.724962,16.951351,140.614716,6.666243,0.071016,0.917705,0.206337,0.331963,-8.016576,85.744087,10.193957,0.081484,0.990437,-0.065041,0.090355,-7.775597,52.953674,-5.240166,-0.047499,0.970274,0.039924,0.23392,-16.012005,6.423128,0.187582,-0.089478,0.919793,-0.111048,0.365571,6.998792,86.823265,21.387798,0.001378,0.870635,-0.175627,0.459509,10.021765,52.055466,31.16243,-0.025673,0.872498,0.022802,0.48741,2.230509,7.425314,45.648144,-0.047499,0.970274,0.039924,0.23392,-9.002767,1.775858,-12.634484,-0.025673,0.872498,0.022802,0.48741,14.589461,2.254728,38.188026
742,6.183333,-0.037239,0.948589,0.022216,0.313527,-0.536791,86.280403,15.775597,-0.044625,0.973867,0.103959,0.196938,-1.18733,93.942978,15.920174,-0.046064,0.981547,0.095151,0.159342,-3.906968,114.668396,19.853048,0.040871,0.993358,0.033839,0.102105,-6.437187,135.154175,23.459488,0.087392,0.979707,-0.178135,0.028367,-4.971387,149.721573,22.725695,-0.031206,0.905777,0.140947,0.398408,-9.646193,129.224335,21.845533,0.290492,-0.566231,-0.005927,-0.771338,-21.547831,130.199738,9.070623,0.081659,0.249108,-0.48119,-0.836501,-12.641142,122.258171,-12.704839,0.227065,0.365936,-0.54003,-0.723119,-1.607527,144.862793,-3.665949,-0.04497,0.984148,0.114709,0.127564,-2.610904,129.671814,24.239588,0.29369,0.884918,0.179926,-0.313516,14.236352,130.707901,28.810715,-0.084623,0.177486,0.451836,-0.870162,29.902285,120.602646,12.408561,-0.096257,-0.144623,0.667084,-0.724443,16.945511,140.608948,6.712747,0.071,0.917681,0.206186,0.332125,-8.046581,85.748398,10.180779,0.08115,0.9905,-0.06502,0.089982,-7.805607,52.953278,-5.243344,-0.047563,0.970306,0.040025,0.233756,-16.008553,6.417316,0.188609,-0.08949,0.919891,-0.111091,0.365309,6.972999,86.812416,21.370417,0.001274,0.870849,-0.175633,0.459101,9.998362,52.04546,31.147299,-0.026033,0.872442,0.022912,0.487486,2.222268,7.415471,45.641663,-0.047563,0.970306,0.040025,0.233756,-9.002809,1.773226,-12.636516,-0.026033,0.872442,0.022912,0.487486,14.586504,2.252838,38.184807
743,6.191667,-0.036911,0.948653,0.022476,0.313352,-0.561841,86.278061,15.760225,-0.044428,0.973815,0.104406,0.197001,-1.208836,93.940826,15.910303,-0.045616,0.981498,0.095691,0.159452,-3.924134,114.662231,19.862816,0.041415,0.993318,0.034212,0.102148,-6.439893,135.145416,23.494059,0.087917,0.979791,-0.177423,0.028302,-4.959306,149.711945,22.772793,-0.030562,0.905614,0.141558,0.39861,-9.653028,129.219879,21.87254,0.289993,-0.566105,-0.005807,-0.771619,-21.550411,130.225342,9.095995,0.081703,0.249399,-0.480679,-0.836703,-12.63656,122.29512,-12.680668,0.227243,0.366166,-0.539692,-0.723198,-1.585219,144.882385,-3.625585,-0.044672,0.984091,0.115255,0.127613,-2.617651,129.659332,24.267826,0.293688,0.88477,0.180323,-0.31371,14.230098,130.682449,28.840065,-0.085031,0.177147,0.452083,-0.870063,29.890055,120.587395,12.425923,-0.096576,-0.145116,0.667304,-0.724099,16.937525,140.605392,6.755215,0.07088,0.917746,0.206077,0.332039,-8.074149,85.753296,10.168102,0.080947,0.990544,-0.065002,0.089697,-7.829444,52.95369,-5.246416,-0.047595,0.97029,0.040088,0.233807,-16.011726,6.414369,0.18796,-0.089419,0.92004,-0.111192,0.36492,6.950467,86.802826,21.352348,0.001024,0.870875,-0.175619,0.459058,9.972506,52.036572,31.13275,-0.026402,0.872451,0.022946,0.487449,2.218436,7.406059,45.63731,-0.047595,0.97029,0.040088,0.233807,-9.00424,1.772352,-12.636966,-0.026402,0.872451,0.022946,0.487449,14.585728,2.249536,38.181286
744,6.2,-0.036564,0.948732,0.022745,0.313134,-0.589657,86.279045,15.74377,-0.044171,0.973782,0.104815,0.197006,-1.232851,93.942017,15.899587,-0.045215,0.98146,0.096176,0.159508,-3.940697,114.659203,19.870731,0.042059,0.993251,0.03479,0.102341,-6.443372,135.14003,23.524319,0.088252,0.979855,-0.176868,0.028517,-4.945314,149.705688,22.822115,-0.030125,0.905445,0.141963,0.398883,-9.660292,129.218307,21.896336,0.289447,-0.566007,-0.005804,-0.771895,-21.551003,130.244797,9.115248,0.081489,0.249679,-0.480222,-0.836903,-12.631679,122.331284,-12.66526,0.22701,0.366347,-0.539169,-0.72357,-1.563869,144.902557,-3.587122,-0.044283,0.984033,0.115758,0.127744,-2.624636,129.65065,24.292103,0.293642,0.884656,0.180404,-0.314026,14.223158,130.657501,28.8678,-0.085514,0.176762,0.452365,-0.869948,29.87458,120.570206,12.44075,-0.096674,-0.145669,0.667541,-0.723757,16.926605,140.602249,6.798766,0.070849,0.917758,0.205839,0.332162,-8.105006,85.761879,10.155022,0.080551,0.990537,-0.064975,0.090151,-7.862215,52.954845,-5.243713,-0.047782,0.970297,0.040175,0.233725,-16.009634,6.409102,0.188011,-0.089432,0.920105,-0.111362,0.364703,6.925693,86.796211,21.332518,0.000879,0.871192,-0.175589,0.458468,9.946295,52.032875,31.123724,-0.026628,0.872495,0.022942,0.487358,2.215342,7.401341,45.637466,-0.047782,0.970297,0.040175,0.233725,-9.00223,1.770898,-12.638341,-0.026628,0.872495,0.022942,0.487358,14.583233,2.247927,38.180286
745,6.208333,-0.036267,0.948826,0.023037,0.312862,-0.616716,86.278572,15.726322,-0.043893,0.973752,0.105197,0.197014,-1.256934,93.941666,15.888026,-0.044842,0.981418,0.096637,0.159592,-3.956185,114.654495,19.876825,0.042872,0.993181,0.035288,0.102508,-6.446867,135.132996,23.551558,0.08851,0.979941,-0.176249,0.028591,-4.926284,149.697144,22.866552,-0.029304,0.905433,0.142155,0.398904,-9.667213,129.21489,21.917204,0.289269,-0.565839,-0.005962,-0.772084,-21.559044,130.270187,9.139505,0.081613,0.249942,-0.479717,-0.837102,-12.630359,122.370193,-12.642074,0.227035,0.366271,-0.538762,-0.723903,-1.544598,144.924881,-3.551219,-0.043884,0.983987,0.116173,0.127856,-2.631462,129.640549,24.313879,0.293598,0.884496,0.180962,-0.314198,14.216566,130.631287,28.892225,-0.086014,0.176397,0.452518,-0.869892,29.863941,120.558525,12.452403,-0.097132,-0.145986,0.667494,-0.723675,16.916565,140.598526,6.838228,0.070799,0.917794,0.205745,0.33213,-8.135657,85.768242,10.141783,0.080239,0.990555,-0.065023,0.09019,-7.892469,52.957909,-5.249925,-0.047757,0.970301,0.040201,0.233707,-16.011288,6.407982,0.188775,-0.089485,0.920077,-0.111432,0.364737,6.902225,86.788902,21.310862,0.000663,0.871168,-0.175603,0.458508,9.924083,52.027382,31.108137,-0.027077,0.872468,0.022807,0.487387,2.209763,7.396287,45.632092,-0.047757,0.970301,0.040201,0.233707,-9.004578,1.770303,-12.638145,-0.027077,0.872468,0.022807,0.487387,14.581789,2.245953,38.179649
746,6.216667,-0.036036,0.948906,0.023409,0.312619,-0.643004,86.278442,15.70544,-0.043717,0.973718,0.105636,0.196985,-1.281592,93.941536,15.873853,-0.044297,0.981398,0.097075,0.159598,-3.977428,114.654221,19.882813,0.043071,0.99316,0.035652,0.102508,-6.448586,135.131195,23.579121,0.089247,0.979992,-0.17558,0.028684,-4.923271,149.695374,22.9053,-0.028901,0.90534,0.14236,0.399072,-9.674646,129.217804,21.939034,0.288632,-0.565757,-0.005907,-0.772383,-21.562592,130.289627,9.1591,0.081502,0.250088,-0.479272,-0.837324,-12.629287,122.406685,-12.626755,0.227001,0.366565,-0.538278,-0.724125,-1.524218,144.947098,-3.521287,-0.043709,0.983859,0.117185,0.127982,-2.638198,129.634415,24.335251,0.293645,0.884309,0.181471,-0.314387,14.209228,130.613907,28.918228,-0.085987,0.175732,0.452645,-0.869964,29.849327,120.551445,12.465191,-0.097074,-0.14679,0.667982,-0.72307,16.895761,140.59581,6.878588,0.070621,0.917956,0.205457,0.331898,-8.165111,85.774254,10.124606,0.079928,0.990577,-0.064971,0.090266,-7.921264,52.953518,-5.244876,-0.047855,0.970293,0.040468,0.233676,-16.011017,6.398228,0.19122,-0.089554,0.920018,-0.111571,0.364828,6.879103,86.782631,21.286274,0.000424,0.871222,-0.175602,0.458405,9.900773,52.024246,31.094711,-0.027245,0.872473,0.022811,0.487369,2.208032,7.393086,45.629902,-0.047855,0.970293,0.040468,0.233676,-9.003798,1.76881,-12.638408,-0.027245,0.872473,0.022811,0.487369,14.581376,2.245243,38.177921
747,6.225,-0.035838,0.948998,0.023702,0.312341,-0.667987,86.277863,15.688433,-0.043647,0.973692,0.106029,0.196919,-1.305047,93.940964,15.86225,-0.043674,0.981397,0.097453,0.15955,-4.001558,114.655174,19.88899,0.043556,0.993137,0.036205,0.102331,-6.449443,135.131378,23.605072,0.089897,0.980044,-0.175006,0.028366,-4.912133,149.695068,22.948425,-0.028236,0.905575,0.142224,0.398634,-9.682364,129.223038,21.960251,0.288281,-0.565593,-0.005973,-0.772634,-21.583857,130.311615,9.194348,0.081706,0.249992,-0.478657,-0.837685,-12.641346,122.443497,-12.593092,0.226805,0.366665,-0.53788,-0.724432,-1.50416,144.96402,-3.491256,-0.043302,0.983819,0.1177,0.127949,-2.644872,129.629715,24.355114,0.29371,0.884118,0.181865,-0.314634,14.204092,130.592957,28.935877,-0.086389,0.175166,0.452886,-0.869913,29.834589,120.53878,12.468648,-0.097191,-0.147325,0.667665,-0.723238,16.88183,140.593597,6.916496,0.070358,0.918196,0.205308,0.331383,-8.193619,85.778725,10.111897,0.079638,0.990604,-0.064934,0.090253,-7.944764,52.950848,-5.242253,-0.047984,0.970315,0.040631,0.233529,-16.006979,6.390688,0.193051,-0.089579,0.920016,-0.111574,0.364824,6.857645,86.777008,21.264967,0.000143,0.871157,-0.175665,0.458505,9.880905,52.01899,31.074226,-0.027174,0.872427,0.023053,0.487444,2.207034,7.389921,45.625805,-0.047984,0.970315,0.040631,0.233529,-9.002061,1.766689,-12.639791,-0.027174,0.872427,0.023053,0.487444,14.582149,2.247173,38.173244
748,6.233333,-0.035549,0.949097,0.023836,0.312063,-0.699905,86.278564,15.672469,-0.043306,0.973691,0.10634,0.196832,-1.333337,93.941879,15.849829,-0.043244,0.981381,0.097866,0.159508,-4.017687,114.652702,19.892124,0.043942,0.993115,0.036515,0.102267,-6.450421,135.12709,23.628098,0.09044,0.980108,-0.174382,0.028292,-4.903002,149.69017,22.981495,-0.027644,0.905514,0.142537,0.398702,-9.687826,129.222595,21.978323,0.287482,-0.565641,-0.005692,-0.772898,-21.588581,130.334686,9.213758,0.081414,0.250005,-0.478139,-0.838005,-12.648614,122.4776,-12.57871,0.226558,0.366782,-0.537527,-0.724712,-1.484892,144.980011,-3.461956,-0.042872,0.983807,0.117864,0.12804,-2.649574,129.622055,24.372166,0.293635,0.883941,0.182279,-0.314963,14.199874,130.569382,28.954479,-0.086686,0.174621,0.453029,-0.869918,29.822266,120.530525,12.470227,-0.09732,-0.148071,0.66745,-0.723267,16.865997,140.592621,6.948255,0.070014,0.918409,0.205185,0.33094,-8.229179,85.785172,10.100343,0.079396,0.990641,-0.064873,0.090098,-7.96804,52.950157,-5.23832,-0.048043,0.970315,0.040704,0.233504,-16.00631,6.385601,0.194775,-0.089724,0.919998,-0.111604,0.364825,6.82937,86.77195,21.244596,3.6e-05,0.871375,-0.175683,0.458085,9.861403,52.016319,31.059584,-0.027565,0.872429,0.02274,0.487433,2.202652,7.387829,45.620895,-0.048043,0.970315,0.040704,0.233504,-9.001356,1.764114,-12.638947,-0.027565,0.872429,0.02274,0.487433,14.579795,2.242817,38.173267
749,6.241667,-0.035286,0.949207,0.02395,0.31175,-0.729126,86.278854,15.6576,-0.043102,0.97368,0.106669,0.196749,-1.359214,93.942375,15.83809,-0.042781,0.981376,0.098177,0.159476,-4.037345,114.649841,19.895596,0.044137,0.993098,0.03681,0.102246,-6.452995,135.123337,23.647482,0.091087,0.980154,-0.173772,0.028359,-4.900824,149.68631,23.010008,-0.02699,0.905453,0.142862,0.39877,-9.695427,129.222687,21.993818,0.286963,-0.5657,-0.005519,-0.773049,-21.595551,130.360443,9.230928,0.081254,0.250033,-0.477606,-0.838316,-12.658805,122.510506,-12.565433,0.226191,0.366898,-0.537097,-0.725086,-1.468847,144.994492,-3.437056,-0.042562,0.983768,0.118262,0.128073,-2.656434,129.6147,24.386713,0.293582,0.883784,0.182483,-0.315335,14.193644,130.549377,28.969294,-0.086994,0.173999,0.453142,-0.869953,29.805935,120.521751,12.468651,-0.097368,-0.148796,0.667437,-0.723123,16.842659,140.591629,6.979638,0.069898,0.918521,0.205044,0.330742,-8.262421,85.790596,10.090458,0.079012,0.990677,-0.064831,0.090067,-8.00044,52.950191,-5.236673,-0.048072,0.970335,0.040798,0.233397,-16.002201,6.379321,0.196167,-0.089833,0.920029,-0.111706,0.364688,6.804167,86.76712,21.224743,-0.00014,0.871435,-0.175668,0.457975,9.842067,52.014561,31.048801,-0.027408,0.872362,0.022909,0.487554,2.200391,7.385573,45.617546,-0.048072,0.970335,0.040798,0.233397,-8.999623,1.760579,-12.639838,-0.027408,0.872362,0.022909,0.487554,14.578909,2.242604,38.170799
750,6.25,-0.035066,0.949295,0.024208,0.311486,-0.758055,86.279877,15.640465,-0.043099,0.973679,0.106973,0.196594,-1.386122,93.943443,15.825948,-0.042099,0.981396,0.098583,0.15928,-4.066308,114.650764,19.896824,0.044658,0.993074,0.037173,0.102113,-6.455841,135.123337,23.670376,0.091554,0.980184,-0.173375,0.028264,-4.88997,149.685364,23.044731,-0.026568,0.905381,0.143119,0.398869,-9.706117,129.228134,22.012676,0.286543,-0.565827,-0.005612,-0.773111,-21.604267,130.383377,9.249513,0.081216,0.250138,-0.476932,-0.838672,-12.674713,122.546997,-12.554682,0.226016,0.367016,-0.536669,-0.725398,-1.453783,145.008591,-3.413474,-0.042183,0.983756,0.118625,0.127958,-2.66533,129.609528,24.402012,0.29351,0.883685,0.182768,-0.315513,14.186899,130.529999,28.979557,-0.087421,0.173634,0.453259,-0.869922,29.795704,120.513023,12.469149,-0.097625,-0.149445,0.666744,-0.723594,16.831285,140.589523,7.005875,0.069529,0.918773,0.204988,0.330156,-8.294727,85.796852,10.077436,0.078841,0.990696,-0.064821,0.090026,-8.019532,52.951061,-5.237898,-0.048172,0.970329,0.040784,0.233405,-16.004934,6.377497,0.195924,-0.08997,0.920001,-0.111831,0.364688,6.778616,86.762901,21.203493,-0.000302,0.871526,-0.175618,0.457822,9.822165,52.014149,31.039276,-0.02769,0.872372,0.02276,0.487527,2.198639,7.383513,45.612507,-0.048172,0.970329,0.040784,0.233405,-9.00112,1.759135,-12.639546,-0.02769,0.872372,0.02276,0.487527,14.578676,2.240858,38.16806
751,6.258333,-0.034711,0.949415,0.024374,0.311146,-0.787441,86.282173,15.62401,-0.043027,0.973675,0.107225,0.196493,-1.411045,93.945992,15.813849,-0.041512,0.9814,0.09893,0.159196,-4.090178,114.653442,19.89636,0.045283,0.993028,0.037422,0.102197,-6.457556,135.125214,23.688278,0.091824,0.980227,-0.172962,0.028431,-4.8741,149.68573,23.071857,-0.026068,0.905397,0.143266,0.398812,-9.714387,129.234772,22.026516,0.285847,-0.565875,-0.005314,-0.773336,-21.615046,130.407608,9.267296,0.081087,0.250148,-0.476399,-0.838985,-12.687985,122.578743,-12.540615,0.22599,0.367031,-0.536122,-0.725803,-1.440559,145.021988,-3.389488,-0.04177,0.983726,0.119074,0.127903,-2.672472,129.606873,24.41399,0.293414,0.88359,0.182902,-0.31579,14.181465,130.511307,28.988462,-0.087927,0.173272,0.453373,-0.869884,29.784388,120.504555,12.466286,-0.097895,-0.149984,0.666257,-0.723894,16.818262,140.588745,7.030246,0.069252,0.918984,0.204872,0.329698,-8.328552,85.806221,10.066391,0.078572,0.990736,-0.064757,0.089862,-8.045519,52.954185,-5.235415,-0.048338,0.970342,0.040753,0.233321,-16.004356,6.375802,0.196138,-0.090021,0.919992,-0.111942,0.364664,6.75367,86.758118,21.181631,-0.000576,0.871478,-0.175604,0.457919,9.797843,52.011826,31.02589,-0.028197,0.872364,0.022405,0.487529,2.196064,7.380739,45.609077,-0.048338,0.970342,0.040753,0.233321,-9.001052,1.757762,-12.639727,-0.028197,0.872364,0.022405,0.487529,14.579274,2.236458,38.17104
752,6.266667,-0.034471,0.949509,0.024503,0.310878,-0.815891,86.285164,15.610862,-0.042801,0.97369,0.1074,0.196372,-1.436561,93.949142,15.803906,-0.041067,0.981403,0.099265,0.159087,-4.107168,114.655212,19.895727,0.045919,0.992993,0.037877,0.102087,-6.458004,135.125732,23.704575,0.092165,0.980266,-0.172592,0.028207,-4.857727,149.685043,23.103056,-0.02554,0.905468,0.143408,0.398635,-9.719782,129.239029,22.039246,0.285296,-0.56595,-0.005304,-0.773485,-21.626324,130.429626,9.287162,0.08079,0.25008,-0.475762,-0.839395,-12.703499,122.614838,-12.527533,0.225486,0.366632,-0.535718,-0.726459,-1.42135,145.036774,-3.363222,-0.041416,0.983712,0.119348,0.127871,-2.676802,129.604004,24.424679,0.293333,0.883466,0.183338,-0.315961,14.178445,130.495163,28.996914,-0.088206,0.172921,0.453396,-0.869914,29.778368,120.502182,12.463577,-0.098207,-0.15054,0.665605,-0.724336,16.808044,140.587738,7.048866,0.069052,0.919113,0.204742,0.32946,-8.360437,85.814049,10.057497,0.078309,0.990765,-0.064702,0.089814,-8.071404,52.956139,-5.231591,-0.04823,0.970348,0.040926,0.23329,-16.0049,6.373155,0.197583,-0.090106,0.919988,-0.111991,0.364639,6.728656,86.756279,21.164227,-0.000775,0.871545,-0.175599,0.457793,9.777353,52.011894,31.013847,-0.027891,0.872312,0.022751,0.487623,2.194361,7.38065,45.606342,-0.04823,0.970348,0.040926,0.23329,-9.003309,1.75913,-12.640658,-0.027891,0.872312,0.022751,0.487623,14.577916,2.240698,38.165886
753,6.275,-0.034268,0.94961,0.024625,0.310582,-0.843291,86.287483,15.597015,-0.042596,0.973722,0.10754,0.196178,-1.461515,93.951591,15.793014,-0.04066,0.98141,0.099677,0.158886,-4.12329,114.651848,19.891819,0.046368,0.992992,0.038191,0.101775,-6.459325,135.120316,23.720728,0.092783,0.980324,-0.172003,0.027782,-4.84771,149.678772,23.129044,-0.024988,0.905438,0.143888,0.398564,-9.725648,129.237228,22.051645,0.284681,-0.566145,-0.005136,-0.77357,-21.635151,130.45163,9.304577,0.080855,0.250116,-0.475257,-0.839664,-12.723178,122.644936,-12.517449,0.225846,0.366937,-0.534874,-0.726816,-1.416356,145.051956,-3.347443,-0.04124,0.983695,0.11971,0.127719,-2.681224,129.595566,24.433809,0.293329,0.88334,0.183732,-0.316086,14.175895,130.47966,29.000515,-0.088334,0.172392,0.453459,-0.869973,29.772011,120.495964,12.457975,-0.098203,-0.151192,0.665337,-0.724448,16.795557,140.58432,7.068458,0.068935,0.919166,0.204565,0.329447,-8.39155,85.820511,10.048348,0.07803,0.99082,-0.0646,0.089523,-8.099367,52.9562,-5.226897,-0.048672,0.97034,0.040972,0.233221,-16.004351,6.367817,0.197539,-0.090144,0.920101,-0.112156,0.364292,6.704968,86.754463,21.145683,-0.000992,0.871518,-0.175538,0.457867,9.755424,52.013268,31.005955,-0.028209,0.872278,0.02261,0.487672,2.191849,7.380035,45.602417,-0.048672,0.97034,0.040972,0.233221,-8.999949,1.758433,-12.640834,-0.028209,0.872278,0.02261,0.487672,14.578581,2.241132,38.166531
754,6.283333,-0.034076,0.949706,0.024686,0.310303,-0.873423,86.28804,15.586251,-0.042342,0.973755,0.107706,0.195979,-1.48908,93.952301,15.784242,-0.040239,0.981439,0.099883,0.15869,-4.140996,114.652824,19.892717,0.046718,0.992983,0.038486,0.101591,-6.460297,135.121017,23.733339,0.093246,0.980362,-0.171562,0.027608,-4.839824,149.678848,23.150877,-0.024454,0.90548,0.144027,0.398453,-9.731709,129.241135,22.062838,0.284014,-0.566317,-0.004968,-0.77369,-21.645237,130.473816,9.321286,0.080403,0.249941,-0.474621,-0.840119,-12.74288,122.677002,-12.508188,0.225163,0.366525,-0.53478,-0.727304,-1.398514,145.061417,-3.325249,-0.040905,0.983692,0.120042,0.127538,-2.685851,129.59314,24.441702,0.293204,0.883322,0.183492,-0.316395,14.173846,130.465012,29.001225,-0.088729,0.172117,0.453536,-0.869947,29.763912,120.486137,12.45008,-0.098245,-0.151748,0.664963,-0.724668,16.785336,140.580765,7.081219,0.068701,0.919319,0.20458,0.32906,-8.425178,85.824646,10.042041,0.077753,0.990829,-0.064617,0.089652,-8.123584,52.958454,-5.228975,-0.048782,0.970374,0.040924,0.233068,-16.003428,6.36616,0.198464,-0.090212,0.920138,-0.112173,0.364177,6.678331,86.751434,21.130461,-0.001227,0.871515,-0.175533,0.457873,9.73402,52.011395,30.993198,-0.028195,0.872255,0.022644,0.487713,2.190085,7.378048,45.599483,-0.048782,0.970374,0.040924,0.233068,-9.001942,1.756091,-12.641255,-0.028195,0.872255,0.022644,0.487713,14.577535,2.239823,38.164322
755,6.291667,-0.033758,0.949813,0.024703,0.310008,-0.905354,86.285858,15.573176,-0.042085,0.973783,0.107952,0.195762,-1.51639,93.950439,15.773127,-0.039925,0.981464,0.100079,0.158491,-4.159253,114.653465,19.895206,0.047437,0.992952,0.038931,0.101394,-6.466149,135.121063,23.746431,0.09357,0.980395,-0.171256,0.02725,-4.826618,149.677353,23.178614,-0.023972,0.905473,0.144105,0.398469,-9.741396,129.243652,22.074764,0.283437,-0.566524,-0.004831,-0.773751,-21.655277,130.492767,9.335138,0.080178,0.249853,-0.474099,-0.840461,-12.764478,122.704079,-12.501952,0.224983,0.366352,-0.534354,-0.72776,-1.390843,145.071167,-3.310104,-0.040539,0.983708,0.120306,0.127288,-2.694219,129.590927,24.450424,0.293174,0.883232,0.183863,-0.316458,14.168753,130.450073,29.000256,-0.088616,0.17154,0.453527,-0.870077,29.757702,120.48024,12.442611,-0.097941,-0.152385,0.665115,-0.724436,16.769011,140.573853,7.09479,0.068578,0.919345,0.204519,0.329051,-8.460952,85.828026,10.03374,0.077444,0.990858,-0.064597,0.089611,-8.152847,52.958775,-5.230559,-0.048646,0.970354,0.04105,0.233155,-16.003372,6.361684,0.198143,-0.090252,0.920273,-0.112302,0.363786,6.650243,86.743698,21.112614,-0.001475,0.871501,-0.175486,0.457918,9.709258,52.006279,30.983585,-0.02836,0.872268,0.022736,0.487676,2.187157,7.371438,45.59655,-0.048646,0.970354,0.04105,0.233155,-9.000886,1.754227,-12.641971,-0.02836,0.872268,0.022736,0.487676,14.576003,2.237864,38.160496
756,6.3,-0.033558,0.949942,0.024741,0.309633,-0.931937,86.2836,15.562144,-0.041909,0.973819,0.108113,0.195528,-1.540155,93.948349,15.76384,-0.039541,0.981491,0.100299,0.158277,-4.176364,114.653122,19.895157,0.047714,0.992953,0.039105,0.101182,-6.468071,135.120148,23.758423,0.094003,0.98044,-0.170787,0.027068,-4.821525,149.675858,23.196045,-0.023495,0.905527,0.144199,0.39834,-9.747973,129.245728,22.08536,0.282887,-0.566785,-0.004744,-0.773762,-21.666246,130.510559,9.351397,0.079959,0.249655,-0.473566,-0.840841,-12.79009,122.730316,-12.494659,0.22469,0.366197,-0.533889,-0.728269,-1.384606,145.078476,-3.299127,-0.040119,0.983713,0.120688,0.127018,-2.699334,129.587219,24.457518,0.293154,0.883168,0.18339,-0.316927,14.167224,130.431351,28.996849,-0.088801,0.171102,0.453709,-0.87005,29.741991,120.460167,12.426682,-0.097575,-0.152916,0.665524,-0.723998,16.751823,140.56398,7.101728,0.068487,0.919451,0.204521,0.32877,-8.492134,85.829292,10.028697,0.077137,0.990877,-0.064609,0.089657,-8.182627,52.959217,-5.233797,-0.048888,0.970349,0.041089,0.233117,-16.004702,6.357753,0.198456,-0.09021,0.920273,-0.112378,0.363774,6.628259,86.737907,21.095592,-0.001734,0.871521,-0.175454,0.45789,9.682587,52.001179,30.970427,-0.02852,0.872227,0.022727,0.487739,2.183788,7.365331,45.592331,-0.048888,0.970349,0.041089,0.233117,-9.000652,1.753222,-12.641856,-0.02852,0.872227,0.022727,0.487739,14.575192,2.233893,38.159073
757,6.308333,-0.033381,0.950068,0.024801,0.30926,-0.960651,86.284447,15.551562,-0.041644,0.973867,0.108262,0.195263,-1.566504,93.949333,15.755217,-0.039209,0.981524,0.100496,0.158034,-4.19164,114.651917,19.895254,0.047988,0.992957,0.039222,0.100969,-6.47005,135.118378,23.769382,0.094408,0.980481,-0.170355,0.026908,-4.816436,149.673431,23.21076,-0.023031,0.905551,0.144336,0.398263,-9.75409,129.246521,22.095444,0.282185,-0.567081,-0.004623,-0.773802,-21.67528,130.527557,9.365823,0.07963,0.249488,-0.473081,-0.841195,-12.815756,122.758293,-12.490894,0.224537,0.366045,-0.533509,-0.728672,-1.380552,145.08992,-3.28721,-0.039805,0.983723,0.120963,0.12678,-2.703916,129.583084,24.463745,0.293275,0.882971,0.1843,-0.316838,14.165638,130.416214,28.993992,-0.088623,0.17067,0.45375,-0.870131,29.739693,120.456078,12.416497,-0.097615,-0.153198,0.665352,-0.724091,16.745796,140.557495,7.106218,0.068294,0.919572,0.204489,0.328494,-8.525408,85.833374,10.024081,0.076858,0.9909,-0.06457,0.089669,-8.208499,52.960419,-5.232084,-0.048861,0.970359,0.041175,0.233067,-16.004196,6.354392,0.198907,-0.090241,0.920327,-0.112435,0.363611,6.604106,86.735519,21.079044,-0.001979,0.871481,-0.175441,0.457972,9.660662,52.000118,30.957848,-0.028703,0.872166,0.022687,0.487839,2.181391,7.363918,45.588665,-0.048861,0.970359,0.041175,0.233067,-9.001634,1.752025,-12.642993,-0.028703,0.872166,0.022687,0.487839,14.576042,2.234132,38.159668
758,6.316667,-0.033187,0.950192,0.024931,0.30889,-0.988846,86.282776,15.541068,-0.041402,0.973936,0.108265,0.19497,-1.59239,93.947769,15.747781,-0.038808,0.981557,0.100814,0.157724,-4.206164,114.650192,19.890591,0.048342,0.992966,0.039366,0.100657,-6.468905,135.11528,23.781086,0.094731,0.980533,-0.169924,0.0266,-4.806184,149.669464,23.227039,-0.02257,0.905604,0.144491,0.398113,-9.757845,129.246704,22.105307,0.281544,-0.567462,-0.004418,-0.773757,-21.683941,130.543701,9.381906,0.079609,0.249367,-0.472625,-0.841489,-12.845791,122.779251,-12.485166,0.225103,0.365938,-0.532833,-0.729045,-1.386129,145.093567,-3.28193,-0.039547,0.983744,0.121072,0.126593,-2.705749,129.577118,24.468739,0.293374,0.882802,0.184337,-0.317194,14.166167,130.401703,28.991714,-0.088951,0.170465,0.45394,-0.870039,29.726107,120.44355,12.399798,-0.097995,-0.153326,0.665415,-0.723955,16.736897,140.553406,7.107,0.068056,0.919699,0.20455,0.328149,-8.558132,85.835678,10.019473,0.076653,0.990902,-0.064612,0.089796,-8.229638,52.962196,-5.235294,-0.048893,0.970347,0.041213,0.233106,-16.007168,6.353683,0.200439,-0.090205,0.920245,-0.112346,0.363855,6.580441,86.729881,21.062664,-0.002398,0.871256,-0.175516,0.458369,9.634391,51.992561,30.935532,-0.028998,0.87218,0.022688,0.487797,2.179921,7.359037,45.58717,-0.048893,0.970347,0.041213,0.233106,-9.003219,1.752666,-12.641183,-0.028998,0.87218,0.022688,0.487797,14.576679,2.233526,38.158749
759,6.325,-0.033,0.95033,0.025038,0.308474,-1.016007,86.284027,15.530941,-0.041164,0.973994,0.108368,0.194671,-1.617246,93.949127,15.740378,-0.038485,0.981593,0.101018,0.157445,-4.22049,114.649734,19.889879,0.048895,0.992958,0.039484,0.100424,-6.470178,135.114151,23.791494,0.094885,0.980584,-0.169584,0.026319,-4.792362,149.666779,23.241985,-0.0221,0.90566,0.14452,0.398003,-9.763219,129.248062,22.115044,0.280804,-0.56788,-0.004231,-0.773721,-21.693111,130.559738,9.396704,0.079159,0.249103,-0.472133,-0.841886,-12.878424,122.803131,-12.482624,0.224886,0.365504,-0.532468,-0.729597,-1.386591,145.098709,-3.272282,-0.039356,0.983733,0.121459,0.126365,-2.709441,129.57373,24.474121,0.293496,0.882636,0.184562,-0.317413,14.165023,130.391006,28.988934,-0.088955,0.170148,0.454144,-0.869994,29.714537,120.435463,12.385668,-0.097916,-0.153599,0.665525,-0.723806,16.729408,140.551163,7.107883,0.067803,0.919886,0.2046,0.327645,-8.590343,85.840599,10.015974,0.076417,0.990925,-0.064602,0.089743,-8.252205,52.966106,-5.236398,-0.049095,0.970347,0.041218,0.233061,-16.00729,6.354052,0.20098,-0.090258,0.920301,-0.112416,0.36368,6.558329,86.727455,21.045908,-0.0026,0.871252,-0.175532,0.458369,9.615782,51.991982,30.924166,-0.028901,0.872139,0.022825,0.487871,2.177312,7.35909,45.585842,-0.049095,0.970347,0.041218,0.233061,-9.002421,1.754696,-12.640741,-0.028901,0.872139,0.022825,0.487871,14.575047,2.235636,38.157623
760,6.333333,-0.032756,0.950463,0.025164,0.30808,-1.044541,86.282219,15.520146,-0.040858,0.974053,0.108484,0.194379,-1.642727,93.947464,15.732826,-0.038171,0.981636,0.10114,0.157179,-4.233181,114.64946,19.890747,0.049346,0.992966,0.039896,0.099963,-6.469702,135.113861,23.800056,0.095331,0.98062,-0.169238,0.025601,-4.781077,149.665695,23.262886,-0.021708,0.905702,0.144761,0.397841,-9.766855,129.250015,22.123798,0.280337,-0.568259,-0.004155,-0.773612,-21.701866,130.576599,9.411812,0.07892,0.248845,-0.471684,-0.842236,-12.908554,122.824944,-12.47787,0.224687,0.365269,-0.532246,-0.729937,-1.38665,145.105942,-3.266111,-0.039018,0.983752,0.121659,0.126131,-2.711473,129.571228,24.478683,0.293662,0.882393,0.185141,-0.317598,14.165979,130.377014,28.984367,-0.088882,0.16973,0.454332,-0.869985,29.704821,120.428535,12.366873,-0.097939,-0.153812,0.66577,-0.723533,16.721947,140.548294,7.10654,0.06754,0.920081,0.2046,0.327152,-8.623735,85.84359,10.011477,0.076163,0.990976,-0.064543,0.089442,-8.276321,52.966511,-5.235104,-0.049155,0.970352,0.041343,0.233005,-16.005444,6.350035,0.201378,-0.090311,0.920337,-0.11247,0.363557,6.534654,86.72084,21.028816,-0.002822,0.871246,-0.175568,0.458365,9.59544,51.986916,30.911503,-0.029226,0.872163,0.022828,0.487807,2.173878,7.355341,45.585751,-0.049155,0.970352,0.041343,0.233005,-9.001257,1.754592,-12.642113,-0.029226,0.872163,0.022828,0.487807,14.573632,2.23661,38.15765
761,6.341667,-0.032554,0.950596,0.025296,0.307681,-1.073131,86.279282,15.507502,-0.040634,0.974113,0.108624,0.194045,-1.668901,93.944633,15.723329,-0.0378,0.981686,0.101306,0.156845,-4.250071,114.648148,19.89016,0.049878,0.992971,0.040014,0.0996,-6.471108,135.112305,23.809511,0.09562,0.980658,-0.168923,0.025139,-4.768292,149.662643,23.276562,-0.021449,0.905763,0.144691,0.397742,-9.773119,129.251175,22.133371,0.279741,-0.568634,-0.004107,-0.773552,-21.711264,130.584473,9.425028,0.078598,0.248543,-0.471261,-0.842592,-12.939114,122.842537,-12.476583,0.224582,0.364834,-0.531849,-0.730476,-1.387155,145.109283,-3.263207,-0.038698,0.983779,0.121859,0.125828,-2.715754,129.567108,24.483019,0.293915,0.882131,0.185542,-0.317857,14.165239,130.362335,28.977308,-0.088898,0.169331,0.45468,-0.869879,29.688519,120.415321,12.344416,-0.097945,-0.154073,0.666131,-0.723145,16.714323,140.546249,7.103763,0.067312,0.920251,0.204641,0.326696,-8.657179,85.844757,10.00519,0.075918,0.991005,-0.064559,0.089316,-8.301147,52.966667,-5.239031,-0.04935,0.970346,0.04142,0.232976,-16.006687,6.346831,0.202112,-0.090459,0.920517,-0.112495,0.363057,6.510917,86.713814,21.009813,-0.002901,0.871365,-0.175665,0.4581,9.586227,51.982246,30.896271,-0.029283,0.872152,0.02281,0.487826,2.171442,7.353979,45.583996,-0.04935,0.970346,0.04142,0.232976,-9.001175,1.755033,-12.64196,-0.029283,0.872152,0.02281,0.487826,14.57198,2.23564,38.156933
762,6.35,-0.032377,0.95074,0.025366,0.307248,-1.098746,86.276398,15.497476,-0.04043,0.974182,0.108737,0.193679,-1.692161,93.941864,15.71544,-0.03744,0.981745,0.10144,0.15648,-4.264409,114.646576,19.889917,0.050316,0.992981,0.040207,0.099201,-6.470024,135.110733,23.81797,0.095934,0.980679,-0.168692,0.024654,-4.756014,149.659973,23.291046,-0.021113,0.905846,0.144749,0.397548,-9.776901,129.252136,22.142559,0.279363,-0.56903,-0.004149,-0.773397,-21.720928,130.59584,9.440848,0.078383,0.248222,-0.470835,-0.842945,-12.971185,122.860695,-12.472108,0.224399,0.364442,-0.531588,-0.730919,-1.388704,145.114014,-3.260867,-0.038322,0.983796,0.122145,0.125527,-2.717432,129.56308,24.486538,0.294121,0.881863,0.186011,-0.318137,14.167224,130.345398,28.969299,-0.088762,0.168771,0.454952,-0.86986,29.675642,120.403275,12.319629,-0.097791,-0.154516,0.666785,-0.722468,16.702946,140.543945,7.100628,0.06714,0.920412,0.204707,0.326234,-8.688009,85.845139,10.002108,0.075659,0.99102,-0.064579,0.089358,-8.326634,52.967323,-5.242577,-0.049435,0.970352,0.04139,0.232936,-16.008373,6.344014,0.202461,-0.090668,0.920768,-0.112644,0.36232,6.490518,86.707649,20.992846,-0.002764,0.871758,-0.175687,0.457345,9.58349,51.981266,30.891991,-0.029553,0.872164,0.022613,0.487797,2.169091,7.353669,45.581928,-0.049435,0.970352,0.04139,0.232936,-9.003052,1.751984,-12.641626,-0.029553,0.872164,0.022613,0.487797,14.570769,2.234266,38.157513
763,6.358333,-0.032161,0.950889,0.025587,0.30679,-1.126176,86.274384,15.483226,-0.039967,0.974255,0.108948,0.193288,-1.717372,93.939903,15.70572,-0.037322,0.981796,0.101492,0.156149,-4.270493,114.644417,19.893772,0.050709,0.992987,0.040247,0.098921,-6.470275,135.108505,23.825474,0.096211,0.9807,-0.168456,0.024365,-4.745689,149.65657,23.300241,-0.020769,0.905978,0.144757,0.397264,-9.779203,129.25058,22.151751,0.27896,-0.569402,-0.00422,-0.773269,-21.73164,130.60376,9.458958,0.078223,0.247812,-0.470456,-0.843292,-13.002946,122.877548,-12.46555,0.224281,0.364142,-0.531341,-0.731283,-1.389933,145.119827,-3.262103,-0.037905,0.983842,0.122225,0.12522,-2.718062,129.560211,24.490864,0.294569,0.881504,0.186119,-0.318653,14.170397,130.329208,28.961596,-0.088824,0.168312,0.455562,-0.869623,29.649385,120.379196,12.28927,-0.097704,-0.154874,0.667104,-0.722108,16.696686,140.538589,7.096046,0.066914,0.920614,0.204741,0.325691,-8.720973,85.847939,9.99513,0.075408,0.991053,-0.064586,0.089194,-8.352737,52.968937,-5.246827,-0.049506,0.970358,0.041427,0.232893,-16.010075,6.342098,0.202373,-0.09081,0.920826,-0.112653,0.362136,6.468621,86.700836,20.971321,-0.002915,0.871756,-0.175774,0.457315,9.572688,51.97644,30.873999,-0.029457,0.872091,0.022783,0.487924,2.167568,7.351825,45.577682,-0.049506,0.970358,0.041427,0.232893,-9.005097,1.751614,-12.642461,-0.029457,0.872091,0.022783,0.487924,14.571301,2.235372,38.154663
764,6.366667,-0.032086,0.951052,0.02589,0.306269,-1.149917,86.272781,15.469199,-0.039781,0.974331,0.109128,0.192842,-1.741317,93.938133,15.6968,-0.036988,0.98187,0.10157,0.155717,-4.286561,114.643898,19.895409,0.05121,0.992996,0.04036,0.098526,-6.471398,135.108353,23.833487,0.096502,0.980713,-0.168274,0.023934,-4.733571,149.654968,23.312107,-0.020442,0.90607,0.144771,0.397064,-9.78512,129.252594,22.161663,0.278746,-0.569733,-0.004364,-0.773102,-21.74357,130.615234,9.475547,0.078108,0.247489,-0.470091,-0.843601,-13.033644,122.896004,-12.458878,0.224174,0.36361,-0.531015,-0.731818,-1.3932,145.127686,-3.261044,-0.037611,0.983883,0.122354,0.12486,-2.721602,129.557861,24.494165,0.295024,0.881212,0.185999,-0.319109,14.170784,130.317764,28.951607,-0.088788,0.167795,0.456185,-0.8694,29.622005,120.354424,12.261494,-0.097351,-0.155466,0.667658,-0.721517,16.686825,140.535599,7.093299,0.066728,0.920801,0.20478,0.325173,-8.750802,85.849068,9.989326,0.075156,0.991073,-0.064621,0.089162,-8.37778,52.969433,-5.251144,-0.049605,0.970349,0.041535,0.232889,-16.011589,6.339413,0.20386,-0.090884,0.920898,-0.112684,0.361926,6.450967,86.696503,20.949072,-0.003118,0.871709,-0.175914,0.457349,9.561359,51.973595,30.854965,-0.029688,0.872117,0.022612,0.487873,2.166392,7.353786,45.578323,-0.049605,0.970349,0.041535,0.232889,-9.005589,1.752731,-12.641768,-0.029688,0.872117,0.022612,0.487873,14.570633,2.236339,38.156834
765,6.375,-0.031918,0.951199,0.026138,0.30581,-1.177313,86.270088,15.454608,-0.039501,0.974405,0.109271,0.192443,-1.767303,93.935402,15.686923,-0.036663,0.981929,0.101705,0.155328,-4.300811,114.644264,19.895521,0.051611,0.993004,0.040364,0.098237,-6.471565,135.108582,23.842121,0.096684,0.980718,-0.168172,0.023696,-4.722835,149.653915,23.321381,-0.019946,0.906179,0.14474,0.396853,-9.789783,129.255096,22.171238,0.278344,-0.570065,-0.004096,-0.773003,-21.754791,130.631882,9.492838,0.077856,0.246989,-0.469842,-0.84391,-13.063585,122.909103,-12.447757,0.223874,0.363101,-0.530763,-0.732345,-1.397952,145.130844,-3.261489,-0.037253,0.983915,0.122536,0.124534,-2.724108,129.555923,24.497778,0.29527,0.880949,0.186237,-0.319469,14.172055,130.304169,28.942841,-0.08859,0.167188,0.45653,-0.869356,29.604649,120.340988,12.235401,-0.096881,-0.155923,0.668238,-0.720944,16.675129,140.531372,7.090583,0.066538,0.920947,0.204774,0.324802,-8.783672,85.850494,9.982018,0.074907,0.991091,-0.064637,0.089156,-8.404404,52.968842,-5.253937,-0.04992,0.970333,0.041641,0.232868,-16.014984,6.335482,0.204878,-0.091031,0.921012,-0.112717,0.361588,6.429047,86.689682,20.927197,-0.003264,0.871689,-0.176029,0.457342,9.551912,51.969265,30.8379,-0.030599,0.872171,0.021959,0.487749,2.164131,7.353372,45.576721,-0.04992,0.970333,0.041641,0.232868,-9.006158,1.754212,-12.641141,-0.030599,0.872171,0.021959,0.487749,14.571857,2.232664,38.163315
766,6.383333,-0.031867,0.951379,0.026416,0.305228,-1.200622,86.269669,15.441176,-0.039248,0.974488,0.109411,0.191993,-1.791022,93.934807,15.678154,-0.036386,0.981992,0.101828,0.154918,-4.313396,114.644684,19.89607,0.052012,0.993017,0.04037,0.09789,-6.471926,135.108795,23.850416,0.096909,0.980721,-0.168072,0.023362,-4.712412,149.652832,23.330215,-0.019581,0.906319,0.144771,0.396541,-9.794121,129.257202,22.18082,0.278076,-0.570396,-0.004068,-0.772856,-21.768311,130.644302,9.51222,0.077787,0.246549,-0.469522,-0.844223,-13.095793,122.92347,-12.436453,0.223828,0.362624,-0.530553,-0.732747,-1.403018,145.134933,-3.263197,-0.036938,0.983963,0.122607,0.124179,-2.726252,129.554337,24.50116,0.295568,0.880691,0.186412,-0.319803,14.173813,130.29303,28.932962,-0.088412,0.166689,0.456817,-0.869319,29.587072,120.326485,12.209688,-0.096676,-0.156273,0.66873,-0.720439,16.662123,140.524796,7.083669,0.066443,0.921096,0.204834,0.324363,-8.813712,85.85218,9.977795,0.074605,0.991122,-0.064678,0.089041,-8.433926,52.971394,-5.260006,-0.050025,0.970341,0.041727,0.232799,-16.015862,6.334233,0.206199,-0.091153,0.921101,-0.112727,0.361327,6.412469,86.687149,20.904558,-0.003402,0.871681,-0.17618,0.457299,9.545955,51.968502,30.818092,-0.029877,0.872084,0.022561,0.487922,2.163784,7.357752,45.575279,-0.050025,0.970341,0.041727,0.232799,-9.007668,1.756116,-12.641292,-0.029877,0.872084,0.022561,0.487922,14.570421,2.24179,38.156776
767,6.391667,-0.031761,0.951552,0.02666,0.30468,-1.220295,86.266258,15.427876,-0.039165,0.974565,0.109551,0.19154,-1.810159,93.931297,15.669252,-0.036033,0.982061,0.101977,0.154465,-4.328843,114.645073,19.895746,0.05243,0.993024,0.040271,0.097638,-6.471965,135.108978,23.859503,0.096993,0.980719,-0.168054,0.023257,-4.700693,149.65152,23.337046,-0.018977,0.906426,0.145156,0.396183,-9.799097,129.259842,22.191133,0.27784,-0.570811,-0.003697,-0.772636,-21.78401,130.669556,9.535175,0.077667,0.245968,-0.46917,-0.844599,-13.134885,122.935356,-12.41802,0.22354,0.361933,-0.530492,-0.733221,-1.410178,145.13446,-3.262388,-0.03666,0.983998,0.122872,0.123716,-2.728762,129.552216,24.504551,0.295943,0.880418,0.186567,-0.320116,14.176029,130.282211,28.919739,-0.088131,0.166114,0.457123,-0.869297,29.5683,120.30864,12.181343,-0.096349,-0.156647,0.669306,-0.719867,16.646584,140.516418,7.074594,0.066308,0.921305,0.204917,0.323743,-8.839779,85.851669,9.973194,0.07435,0.991147,-0.064723,0.088944,-8.459239,52.972042,-5.267101,-0.049805,0.970321,0.041883,0.2329,-16.017063,6.331816,0.206371,-0.091235,0.921226,-0.112813,0.36096,6.399189,86.68084,20.882557,-0.003479,0.871709,-0.176294,0.457201,9.539711,51.964687,30.802605,-0.029997,0.872044,0.022528,0.487987,2.160604,7.357815,45.573029,-0.049805,0.970321,0.041883,0.2329,-9.008321,1.75654,-12.641827,-0.029997,0.872044,0.022528,0.487987,14.569324,2.242794,38.157364
768,6.4,-0.031646,0.951734,0.026852,0.304105,-1.240873,86.263824,15.414865,-0.039045,0.974646,0.109683,0.191075,-1.829807,93.928818,15.65995,-0.035651,0.982127,0.102164,0.154005,-4.342952,114.64502,19.894699,0.052703,0.99305,0.040176,0.097262,-6.469696,135.108475,23.869591,0.097201,0.980707,-0.168039,0.022972,-4.691164,149.650024,23.344328,-0.018575,0.906588,0.145151,0.395833,-9.802051,129.262085,22.202042,0.27776,-0.571219,-0.003681,-0.772363,-21.797203,130.682587,9.556995,0.077643,0.245427,-0.468838,-0.844943,-13.17122,122.944389,-12.403896,0.223281,0.361404,-0.53028,-0.733714,-1.415712,145.134552,-3.266206,-0.03624,0.984066,0.122814,0.123358,-2.729194,129.549164,24.508402,0.296231,0.88015,0.186674,-0.320524,14.179766,130.266556,28.909666,-0.087773,0.165582,0.457401,-0.869289,29.550583,120.289825,12.153442,-0.095899,-0.157116,0.669588,-0.719562,16.632786,140.503967,7.062678,0.066161,0.921481,0.205034,0.323197,-8.867058,85.85199,9.969346,0.074119,0.991171,-0.064781,0.088823,-8.482891,52.974434,-5.275322,-0.049991,0.970336,0.04184,0.232807,-16.018862,6.331667,0.206603,-0.091305,0.921301,-0.112835,0.360744,6.385312,86.675659,20.860384,-0.003573,0.871735,-0.176403,0.457107,9.53215,51.960785,30.782907,-0.031001,0.872078,0.021656,0.487903,2.157719,7.357624,45.566887,-0.049991,0.970336,0.04184,0.232807,-9.010688,1.756491,-12.641941,-0.031001,0.872078,0.021656,0.487903,14.570454,2.235203,38.163059
769,6.408333,-0.031557,0.951893,0.026988,0.303603,-1.263075,86.260941,15.403257,-0.038838,0.97473,0.109788,0.190627,-1.851202,93.925911,15.651057,-0.035313,0.982196,0.102294,0.153557,-4.354979,114.644409,19.893557,0.052935,0.993078,0.040127,0.096873,-6.466824,135.107758,23.87693,0.097404,0.980699,-0.168017,0.022651,-4.68237,149.648529,23.350048,-0.018231,0.906862,0.145008,0.395275,-9.803955,129.263687,22.210819,0.27764,-0.571584,-0.003761,-0.772136,-21.814985,130.690109,9.581512,0.077438,0.244815,-0.468445,-0.845357,-13.20973,122.953293,-12.388012,0.22272,0.360514,-0.530264,-0.734334,-1.417901,145.131989,-3.265344,-0.035848,0.984098,0.122966,0.12307,-2.728687,129.546234,24.51034,0.29658,0.879871,0.186529,-0.321051,14.183751,130.250763,28.900326,-0.087547,0.165191,0.457758,-0.869198,29.52751,120.26545,12.124414,-0.095625,-0.157405,0.669949,-0.719199,16.618462,140.490707,7.047152,0.066073,0.921629,0.205157,0.322716,-8.895089,85.851128,9.965755,0.073851,0.99121,-0.064844,0.088567,-8.510011,52.976398,-5.285002,-0.050204,0.970342,0.041797,0.232741,-16.019995,6.330639,0.207133,-0.091314,0.921337,-0.112788,0.360664,6.368939,86.670753,20.840759,-0.003824,0.871635,-0.176535,0.457245,9.518519,51.955231,30.760155,-0.030126,0.871957,0.022414,0.488141,2.15674,7.3567,45.564415,-0.050204,0.970342,0.041797,0.232741,-9.011394,1.755818,-12.641309,-0.030126,0.871957,0.022414,0.488141,14.568745,2.240733,38.154896
770,6.416667,-0.031436,0.952054,0.027136,0.303099,-1.285262,86.259598,15.390977,-0.038707,0.974815,0.109916,0.190146,-1.872178,93.924561,15.641828,-0.034965,0.982273,0.102428,0.153057,-4.369633,114.643837,19.892178,0.053178,0.993106,0.040098,0.096457,-6.465983,135.107071,23.884375,0.097621,0.980682,-0.168034,0.022322,-4.675416,149.647049,23.356415,-0.017763,0.906951,0.145319,0.394977,-9.808109,129.265335,22.220022,0.27741,-0.571993,-0.003413,-0.771917,-21.827967,130.709335,9.601125,0.077616,0.244337,-0.468205,-0.845612,-13.245811,122.960052,-12.373026,0.223088,0.360294,-0.529946,-0.734559,-1.430082,145.133545,-3.272563,-0.035513,0.984151,0.123029,0.122681,-2.730198,129.543289,24.511948,0.296848,0.879655,0.186556,-0.321381,14.186412,130.237778,28.887415,-0.087272,0.164825,0.457947,-0.869195,29.511738,120.247421,12.097676,-0.095351,-0.157623,0.669956,-0.719182,16.605541,140.476532,7.030731,0.065896,0.921812,0.20521,0.322195,-8.923154,85.852448,9.961538,0.073624,0.991245,-0.064833,0.08837,-8.533607,52.977585,-5.288828,-0.0504,0.970337,0.041821,0.232715,-16.021091,6.328496,0.205757,-0.091384,0.921351,-0.112795,0.36061,6.35263,86.666748,20.820415,-0.003973,0.871635,-0.17663,0.457207,9.507226,51.952274,30.741846,-0.03035,0.871953,0.02224,0.488142,2.154311,7.357052,45.560444,-0.0504,0.970337,0.041821,0.232715,-9.011124,1.755834,-12.642704,-0.03035,0.871953,0.02224,0.488142,14.567653,2.239986,38.153934
771,6.425,-0.031331,0.952222,0.027533,0.302547,-1.300292,86.257484,15.372734,-0.038634,0.974889,0.110129,0.189658,-1.887374,93.922218,15.630217,-0.034727,0.982345,0.102538,0.152574,-4.381883,114.64431,19.892118,0.05353,0.993129,0.040076,0.096041,-6.46716,135.107285,23.891407,0.097842,0.980666,-0.168049,0.021932,-4.667333,149.646118,23.362854,-0.017433,0.907123,0.145254,0.39462,-9.812984,129.26709,22.229078,0.277243,-0.572396,-0.003408,-0.771678,-21.843117,130.718735,9.620846,0.077626,0.243865,-0.467872,-0.845931,-13.283861,122.968414,-12.361882,0.223103,0.359819,-0.529762,-0.734921,-1.437774,145.135635,-3.276367,-0.035221,0.984171,0.123334,0.122294,-2.732626,129.542099,24.5138,0.297185,0.879406,0.18622,-0.321946,14.188027,130.226929,28.875149,-0.086981,0.164394,0.458334,-0.869102,29.485407,120.225418,12.06656,-0.09468,-0.157859,0.670138,-0.719049,16.591028,140.46254,7.014394,0.065763,0.922071,0.205247,0.321456,-8.944588,85.854065,9.952029,0.073407,0.991257,-0.064895,0.088378,-8.557526,52.979042,-5.298045,-0.050314,0.97032,0.041939,0.232786,-16.025246,6.327682,0.204216,-0.091406,0.921456,-0.112907,0.360299,6.344003,86.660896,20.793438,-0.004071,0.871684,-0.176772,0.457059,9.500436,51.948547,30.721743,-0.031091,0.871988,0.021661,0.488058,2.152048,7.35816,45.557156,-0.050314,0.97032,0.041939,0.232786,-9.014178,1.757802,-12.644643,-0.031091,0.871988,0.021661,0.488058,14.568275,2.237247,38.158131
772,6.433333,-0.031198,0.952403,0.027677,0.301975,-1.321589,86.25486,15.362552,-0.038438,0.974987,0.110204,0.189151,-1.907228,93.919601,15.623112,-0.034475,0.982416,0.102683,0.152075,-4.392217,114.643417,19.891373,0.053719,0.99317,0.04006,0.095518,-6.466003,135.105865,23.899265,0.098196,0.980649,-0.168008,0.021412,-4.661914,149.644119,23.369637,-0.017096,0.907309,0.145331,0.394179,-9.815659,129.267395,22.238674,0.277017,-0.572808,-0.003303,-0.771454,-21.858353,130.728455,9.643536,0.077557,0.243365,-0.4676,-0.846232,-13.322508,122.974838,-12.347124,0.223064,0.359342,-0.529603,-0.73528,-1.449692,145.134521,-3.277355,-0.034945,0.984212,0.123457,0.121913,-2.732778,129.539185,24.515945,0.297504,0.879151,0.186412,-0.322236,14.191799,130.215652,28.86334,-0.086467,0.164061,0.458415,-0.869174,29.470438,120.20974,12.040348,-0.094529,-0.158065,0.67002,-0.719134,16.574978,140.445297,6.990893,0.065519,0.922371,0.20544,0.320521,-8.972521,85.85424,9.951015,0.0732,0.991289,-0.064949,0.088149,-8.58001,52.982639,-5.306294,-0.050364,0.970325,0.04198,0.232746,-16.027403,6.32906,0.204615,-0.091548,0.921461,-0.112948,0.360237,6.329343,86.655479,20.774088,-0.004149,0.8717,-0.176868,0.456989,9.494728,51.945679,30.70845,-0.031294,0.871959,0.021649,0.488098,2.149811,7.358575,45.555424,-0.050364,0.970325,0.04198,0.232746,-9.016818,1.760659,-12.645024,-0.031294,0.871959,0.021649,0.488098,14.568586,2.24032,38.158848
773,6.441667,-0.031171,0.952577,0.027918,0.301406,-1.336674,86.254051,15.348027,-0.038333,0.975071,0.110373,0.188639,-1.922881,93.91861,15.612602,-0.034218,0.982484,0.102867,0.151566,-4.4027,114.642059,19.890139,0.05393,0.993207,0.039856,0.095096,-6.465002,135.103683,23.908237,0.098406,0.980641,-0.167969,0.021105,-4.65528,149.641006,23.372313,-0.016826,0.907483,0.14533,0.393789,-9.818493,129.267014,22.24902,0.276709,-0.57321,-0.00315,-0.771267,-21.872236,130.734543,9.665209,0.077282,0.242868,-0.46739,-0.846516,-13.359221,122.978249,-12.33335,0.222913,0.358581,-0.529527,-0.735752,-1.463151,145.129608,-3.274772,-0.034641,0.984269,0.123498,0.121504,-2.733048,129.535431,24.518696,0.297815,0.878896,0.186559,-0.322558,14.195749,130.20311,28.850988,-0.086,0.163722,0.458563,-0.869206,29.454899,120.192719,12.012969,-0.094158,-0.158105,0.669812,-0.719367,16.56267,140.42691,6.968613,0.065402,0.922553,0.205461,0.320007,-8.994081,85.854881,9.945554,0.072991,0.991314,-0.064967,0.08802,-8.601797,52.982807,-5.310738,-0.050539,0.970322,0.042052,0.232706,-16.029007,6.326538,0.204665,-0.091567,0.921522,-0.113069,0.360039,6.320735,86.653229,20.750502,-0.00427,0.87174,-0.176967,0.456875,9.486261,51.945663,30.692642,-0.031324,0.871964,0.021587,0.488089,2.148987,7.362005,45.553734,-0.050539,0.970322,0.042052,0.232706,-9.017589,1.761493,-12.645714,-0.031324,0.871964,0.021587,0.488089,14.567611,2.242635,38.157673
774,6.45,-0.031093,0.952757,0.028109,0.300828,-1.35397,86.249954,15.336559,-0.038229,0.975159,0.110516,0.188124,-1.939749,93.914421,15.604645,-0.034011,0.982562,0.102934,0.151063,-4.414528,114.640388,19.890913,0.054168,0.993235,0.039821,0.094678,-6.466677,135.102005,23.914162,0.098665,0.980617,-0.168002,0.020763,-4.650963,149.638535,23.376957,-0.016587,0.907639,0.145394,0.393416,-9.823606,129.266556,22.25765,0.276562,-0.573535,-0.003099,-0.771078,-21.887918,130.74057,9.684722,0.077176,0.242456,-0.467157,-0.846772,-13.39338,122.982025,-12.320195,0.222731,0.358113,-0.529417,-0.736114,-1.475102,145.126007,-3.27343,-0.034333,0.984321,0.1236,0.12106,-2.735682,129.532623,24.519857,0.298069,0.878711,0.186476,-0.322874,14.197633,130.191238,28.835865,-0.085459,0.163382,0.458609,-0.869299,29.43911,120.174072,11.985879,-0.09374,-0.158243,0.670116,-0.719108,16.543991,140.405792,6.943542,0.06524,0.922735,0.205611,0.31942,-9.018003,85.852852,9.943331,0.072803,0.991354,-0.06502,0.087695,-8.621032,52.983688,-5.319118,-0.050557,0.97033,0.042105,0.232659,-16.029293,6.32548,0.205342,-0.091597,0.921584,-0.113179,0.359839,6.310063,86.647057,20.72979,-0.004377,0.871775,-0.177037,0.456778,9.476759,51.941689,30.679209,-0.031417,0.871928,0.021593,0.488148,2.146959,7.360476,45.551342,-0.050557,0.97033,0.042105,0.232659,-9.018852,1.762013,-12.646135,-0.031417,0.871928,0.021593,0.488148,14.567497,2.24263,38.157436
775,6.458333,-0.030947,0.952924,0.02818,0.300307,-1.372085,86.246048,15.324387,-0.038314,0.975235,0.110715,0.187592,-1.955917,93.910591,15.594504,-0.033549,0.982655,0.103063,0.150471,-4.434004,114.639175,19.89061,0.054275,0.993286,0.039676,0.094147,-6.465509,135.100998,23.923346,0.098985,0.980591,-0.16801,0.020375,-4.647584,149.637054,23.381048,-0.016406,0.907778,0.145354,0.393119,-9.828981,129.268616,22.269239,0.276444,-0.573899,-0.003088,-0.770849,-21.90167,130.746216,9.704778,0.077013,0.242028,-0.466955,-0.847021,-13.42791,122.985565,-12.307401,0.222445,0.357635,-0.529313,-0.736507,-1.488847,145.121964,-3.272177,-0.03401,0.984382,0.123704,0.120554,-2.737935,129.52858,24.522348,0.298307,0.87854,0.186278,-0.323236,14.200427,130.177917,28.819916,-0.085046,0.1631,0.458696,-0.869347,29.42326,120.153069,11.957653,-0.093294,-0.158236,0.670178,-0.71911,16.527996,140.384262,6.918192,0.065069,0.922896,0.20573,0.318911,-9.04215,85.851578,9.939549,0.072601,0.991349,-0.065096,0.087854,-8.639338,52.984364,-5.326933,-0.050666,0.970338,0.042052,0.232615,-16.030083,6.324297,0.205255,-0.091578,0.921701,-0.113247,0.359522,6.29798,86.640526,20.709225,-0.004569,0.871763,-0.177133,0.456764,9.464964,51.936031,30.661594,-0.031615,0.871939,0.021535,0.488117,2.147185,7.358196,45.549751,-0.050666,0.970338,0.042052,0.232615,-9.019738,1.760119,-12.646016,-0.031615,0.871939,0.021535,0.488117,14.568809,2.241754,38.1567
776,6.466667,-0.030854,0.953096,0.028373,0.299751,-1.387508,86.242393,15.312799,-0.038401,0.975313,0.110871,0.187075,-1.970699,93.90686,15.58653,-0.033177,0.982744,0.103139,0.149921,-4.451574,114.635765,19.890081,0.054425,0.993326,0.039622,0.093655,-6.466002,135.097961,23.929436,0.099287,0.980568,-0.168018,0.019984,-4.644774,149.63353,23.384909,-0.016267,0.907897,0.145604,0.392756,-9.834938,129.26796,22.278128,0.276574,-0.574257,-0.003275,-0.770535,-21.917763,130.75148,9.724106,0.076939,0.241742,-0.466708,-0.847246,-13.464456,122.989296,-12.295401,0.222163,0.357064,-0.529168,-0.736973,-1.506781,145.115875,-3.268192,-0.033805,0.984447,0.123734,0.12005,-2.741062,129.523193,24.522861,0.298669,0.878374,0.185699,-0.323684,14.202031,130.167572,28.802494,-0.084552,0.162739,0.458924,-0.869342,29.39974,120.12426,11.928555,-0.092508,-0.158383,0.670367,-0.719003,16.508175,140.360992,6.893987,0.064944,0.923097,0.205849,0.318276,-9.063953,85.850296,9.936883,0.072379,0.991362,-0.065161,0.087842,-8.660403,52.985455,-5.334697,-0.050763,0.970355,0.042038,0.232522,-16.030752,6.323132,0.205692,-0.091585,0.921807,-0.113347,0.359215,6.288937,86.634499,20.688715,-0.004667,0.871807,-0.177222,0.456644,9.457069,51.931751,30.646812,-0.031721,0.871935,0.021483,0.488121,2.145594,7.35701,45.547306,-0.050763,0.970355,0.042038,0.232522,-9.021858,1.759194,-12.646462,-0.031721,0.871935,0.021483,0.488121,14.568038,2.240795,38.155472
777,6.475,-0.03082,0.953276,0.028645,0.299157,-1.403898,86.240173,15.296763,-0.038027,0.975415,0.111098,0.186487,-1.987673,93.904427,15.57499,-0.033104,0.982825,0.103178,0.149375,-4.452398,114.634178,19.892744,0.054504,0.993365,0.039568,0.093225,-6.461815,135.096252,23.935247,0.09947,0.980548,-0.168058,0.019694,-4.639213,149.631561,23.388409,-0.016144,0.908088,0.145729,0.392274,-9.832735,129.266388,22.287437,0.276381,-0.574675,-0.003331,-0.770293,-21.928942,130.752991,9.746675,0.076707,0.241357,-0.466587,-0.847443,-13.499488,122.992668,-12.282634,0.222035,0.3567,-0.52916,-0.737194,-1.526163,145.11348,-3.264292,-0.033384,0.98451,0.123867,0.119509,-2.736354,129.521362,24.524275,0.298963,0.878144,0.185408,-0.324204,14.212263,130.153137,28.783876,-0.083912,0.162032,0.458959,-0.869518,29.384518,120.100525,11.892568,-0.091646,-0.158627,0.670808,-0.718648,16.481148,140.337952,6.871714,0.064922,0.92324,0.205904,0.31783,-9.087046,85.849777,9.930306,0.072082,0.991371,-0.065254,0.087915,-8.688093,52.986382,-5.344491,-0.050901,0.970358,0.042087,0.232471,-16.031734,6.321141,0.206698,-0.091636,0.921918,-0.113501,0.35887,6.27925,86.630569,20.663219,-0.004737,0.871865,-0.177326,0.456491,9.450345,51.931023,30.631533,-0.03173,0.8719,0.021437,0.488185,2.1427,7.359865,45.54464,-0.050901,0.970358,0.042087,0.232471,-9.022701,1.759595,-12.646228,-0.03173,0.8719,0.021437,0.488185,14.566106,2.242679,38.155094
778,6.483333,-0.03079,0.953444,0.028812,0.298606,-1.418923,86.237541,15.285249,-0.037857,0.975509,0.111266,0.185929,-2.002861,93.90168,15.566389,-0.032934,0.982906,0.103271,0.148818,-4.45958,114.632263,19.894215,0.054838,0.993388,0.039492,0.092811,-6.460252,135.093994,23.942726,0.099492,0.980539,-0.168138,0.019366,-4.628785,149.628098,23.393648,-0.015984,0.908268,0.145776,0.391846,-9.834236,129.265106,22.297781,0.276219,-0.575082,-0.003428,-0.770047,-21.942368,130.755142,9.768941,0.076458,0.240989,-0.46642,-0.847662,-13.536169,122.997581,-12.270218,0.221784,0.356268,-0.52902,-0.737579,-1.544756,145.112015,-3.258649,-0.033178,0.984567,0.123912,0.119054,-2.735215,129.518265,24.526428,0.299221,0.877951,0.185168,-0.324624,14.217674,130.144791,28.769758,-0.083336,0.161592,0.459059,-0.869602,29.368723,120.083763,11.864435,-0.090975,-0.15889,0.671048,-0.718451,16.463003,140.320801,6.849173,0.064763,0.92343,0.20602,0.317237,-9.108283,85.848213,9.927622,0.071908,0.991381,-0.065304,0.087912,-8.705773,52.986763,-5.351281,-0.05092,0.970344,0.042168,0.232512,-16.033543,6.319764,0.206159,-0.091615,0.922083,-0.113639,0.358407,6.270438,86.626862,20.642876,-0.004846,0.871904,-0.177425,0.456377,9.441455,51.929306,30.618113,-0.031729,0.871888,0.021439,0.488206,2.140558,7.361582,45.544765,-0.05092,0.970344,0.042168,0.232512,-9.023157,1.760714,-12.646916,-0.031729,0.871888,0.021439,0.488206,14.564304,2.244436,38.155766
779,6.491667,-0.030689,0.953602,0.028967,0.298099,-1.433491,86.234406,15.273801,-0.037483,0.975616,0.111415,0.18535,-2.016504,93.898499,15.558002,-0.033048,0.98298,0.103322,0.148267,-4.45601,114.62674,19.895973,0.054994,0.993428,0.039475,0.092297,-6.45944,135.087723,23.94698,0.099688,0.980536,-0.168096,0.018875,-4.62463,149.621353,23.396692,-0.015688,0.908506,0.145863,0.391273,-9.833169,129.25766,22.305607,0.276116,-0.575475,-0.003647,-0.769789,-21.957298,130.755264,9.79315,0.076014,0.24052,-0.466188,-0.847963,-13.573638,123.003555,-12.256651,0.221023,0.355523,-0.529142,-0.73808,-1.557722,145.109055,-3.249743,-0.032937,0.98466,0.123632,0.118639,-2.731821,129.513275,24.526545,0.299498,0.877708,0.185225,-0.324993,14.225069,130.134552,28.754631,-0.082846,0.161134,0.459154,-0.869684,29.355967,120.069382,11.833739,-0.090633,-0.159243,0.671124,-0.718346,16.447357,140.306458,6.826778,0.064621,0.923586,0.206077,0.316774,-9.128653,85.847397,9.924341,0.071748,0.991407,-0.065319,0.087742,-8.722963,52.986324,-5.355278,-0.050989,0.970343,0.042259,0.232483,-16.034866,6.317308,0.206174,-0.091633,0.922118,-0.113664,0.358304,6.261671,86.621407,20.62326,-0.004922,0.87202,-0.177563,0.456101,9.434292,51.924503,30.600271,-0.031972,0.871906,0.021322,0.488164,2.138431,7.361513,45.54351,-0.050989,0.970343,0.042259,0.232483,-9.024435,1.761333,-12.647964,-0.031972,0.871906,0.021322,0.488164,14.56323,2.24494,38.155891
780,6.5,-0.030458,0.953739,0.02927,0.297654,-1.453127,86.229614,15.257953,-0.037287,0.975705,0.111609,0.184804,-2.034006,93.893661,15.547916,-0.032741,0.983073,0.103381,0.147672,-4.464929,114.624557,19.8976,0.054969,0.993478,0.039343,0.091823,-6.453636,135.085876,23.954174,0.099887,0.980507,-0.168173,0.01861,-4.620366,149.619522,23.398933,-0.015666,0.908652,0.146164,0.390822,-9.832172,129.25766,22.3162,0.2761,-0.575948,-0.003818,-0.76944,-21.968685,130.75766,9.816043,0.075996,0.240212,-0.466093,-0.848104,-13.612166,123.006401,-12.244219,0.221099,0.355439,-0.528757,-0.738373,-1.584377,145.108078,-3.249279,-0.03269,0.984733,0.12359,0.118147,-2.727904,129.509598,24.5282,0.299845,0.877467,0.184741,-0.3256,14.233631,130.124741,28.738504,-0.082509,0.160632,0.45944,-0.869658,29.334614,120.04583,11.799087,-0.090137,-0.159757,0.671387,-0.718048,16.429228,140.292572,6.806566,0.064457,0.923681,0.206057,0.316543,-9.153521,85.848106,9.915633,0.071558,0.991421,-0.065343,0.087715,-8.741217,52.984882,-5.359194,-0.051019,0.970338,0.042387,0.232474,-16.035309,6.313583,0.206458,-0.091775,0.922194,-0.113722,0.358055,6.247268,86.61113,20.600275,-0.005,0.872013,-0.177708,0.456058,9.430443,51.917065,30.583794,-0.032339,0.871902,0.021217,0.488151,2.135494,7.359046,45.542301,-0.051019,0.970338,0.042387,0.232474,-9.024652,1.761436,-12.648913,-0.032339,0.871902,0.021217,0.488151,14.563065,2.245133,38.157497
781,6.508333,-0.030343,0.953889,0.029355,0.297174,-1.465638,86.224915,15.247037,-0.03715,0.975792,0.111833,0.184235,-2.04507,93.888985,15.539074,-0.032588,0.983166,0.103395,0.14708,-4.469666,114.620079,19.900883,0.055062,0.993523,0.039205,0.09134,-6.449697,135.08168,23.960188,0.099979,0.980498,-0.168209,0.018262,-4.614553,149.614899,23.400114,-0.01545,0.908886,0.146153,0.39029,-9.831293,129.254105,22.326267,0.275529,-0.576419,-0.003548,-0.769294,-21.982574,130.75798,9.84093,0.075491,0.239579,-0.466025,-0.848365,-13.652895,123.006287,-12.229327,0.220655,0.355118,-0.528627,-0.738753,-1.604673,145.103836,-3.246283,-0.032603,0.984808,0.123549,0.117585,-2.724276,129.50473,24.52957,0.300295,0.877157,0.185035,-0.325854,14.242093,130.119598,28.720406,-0.081845,0.159988,0.459578,-0.869766,29.321447,120.032761,11.766428,-0.089749,-0.160271,0.671474,-0.717901,16.413105,140.278503,6.786508,0.06437,0.923819,0.206161,0.316089,-9.171518,85.845596,9.912477,0.07134,0.991422,-0.065423,0.087821,-8.758429,52.98468,-5.367284,-0.05116,0.970354,0.042379,0.232379,-16.033257,6.311402,0.206988,-0.091673,0.922347,-0.113783,0.357666,6.240243,86.604233,20.581596,-0.005187,0.871982,-0.177799,0.456078,9.41924,51.909821,30.56525,-0.032269,0.871873,0.021419,0.488197,2.135482,7.355076,45.53894,-0.05116,0.970354,0.042379,0.232379,-9.023638,1.76002,-12.649221,-0.032269,0.871873,0.021419,0.488197,14.564136,2.245262,38.153126
782,6.516667,-0.030216,0.954073,0.029493,0.296585,-1.478631,86.219093,15.235737,-0.036907,0.975908,0.111887,0.18364,-2.05666,93.883163,15.530731,-0.032503,0.983249,0.103462,0.146493,-4.469022,114.615227,19.898312,0.055029,0.993576,0.03927,0.09076,-6.443539,135.076492,23.962044,0.1002,0.980486,-0.168204,0.017751,-4.610893,149.610046,23.402517,-0.015225,0.909136,0.146265,0.389676,-9.827275,129.249176,22.331596,0.275484,-0.576847,-0.003661,-0.768988,-21.995531,130.758453,9.863459,0.075282,0.23917,-0.465885,-0.848576,-13.690439,123.006424,-12.215943,0.220314,0.354731,-0.528557,-0.739091,-1.624684,145.098785,-3.242874,-0.032323,0.984856,0.12361,0.11719,-2.717612,129.499359,24.526396,0.300678,0.876865,0.184562,-0.326553,14.252636,130.106079,28.702692,-0.081753,0.159467,0.460015,-0.869639,29.297907,120.005669,11.726536,-0.089231,-0.160571,0.67142,-0.717949,16.400793,140.264923,6.769362,0.064196,0.923935,0.206251,0.315725,-9.191218,85.842369,9.910695,0.071235,0.991448,-0.065419,0.087616,-8.770382,52.982544,-5.371193,-0.051212,0.970349,0.0424,0.232386,-16.034229,6.307796,0.205091,-0.091672,0.922524,-0.113932,0.357164,6.233957,86.595825,20.56078,-0.005258,0.872013,-0.177879,0.455987,9.414347,51.903843,30.552439,-0.032212,0.871852,0.021456,0.488238,2.134532,7.351872,45.536316,-0.051212,0.970349,0.0424,0.232386,-9.023877,1.757415,-12.651073,-0.032212,0.871852,0.021456,0.488238,14.563507,2.242175,38.150955
783,6.525,-0.030037,0.954224,0.029563,0.296108,-1.495881,86.213257,15.226499,-0.036771,0.976007,0.111993,0.183072,-2.07145,93.877426,15.523635,-0.03223,0.983337,0.103589,0.145872,-4.476812,114.61216,19.898752,0.055064,0.993626,0.03916,0.090237,-6.438259,135.073059,23.970619,0.100263,0.980468,-0.168308,0.017381,-4.605582,149.606461,23.406843,-0.015109,0.909336,0.146222,0.389228,-9.826334,129.247467,22.343037,0.275302,-0.577334,-0.003739,-0.768688,-22.00692,130.757446,9.887032,0.074971,0.238698,-0.465753,-0.848809,-13.729723,123.006912,-12.203362,0.219983,0.354313,-0.528564,-0.739385,-1.645175,145.09346,-3.240348,-0.032222,0.984907,0.123797,0.116594,-2.713702,129.494385,24.528566,0.301134,0.87651,0.184485,-0.327129,14.261642,130.099472,28.684324,-0.081527,0.158816,0.460349,-0.869603,29.274576,119.988548,11.685817,-0.089014,-0.160999,0.671629,-0.717684,16.382668,140.256332,6.753098,0.06399,0.924024,0.206329,0.315457,-9.213978,85.839783,9.909216,0.071118,0.991465,-0.065422,0.087513,-8.782,52.980377,-5.373266,-0.051166,0.970351,0.042485,0.232371,-16.03433,6.304085,0.205088,-0.091736,0.922657,-0.113987,0.356784,6.222217,86.586723,20.543781,-0.005332,0.87207,-0.177992,0.455835,9.409515,51.89653,30.539429,-0.0325,0.871863,0.021292,0.488206,2.133562,7.348433,45.536686,-0.051166,0.970351,0.042485,0.232371,-9.024748,1.755722,-12.652209,-0.0325,0.871863,0.021292,0.488206,14.563953,2.238779,38.153683
784,6.533333,-0.029946,0.954379,0.029738,0.295601,-1.509606,86.209946,15.217092,-0.036606,0.976102,0.112123,0.182519,-2.084477,93.874046,15.517513,-0.032051,0.983419,0.103676,0.1453,-4.48149,114.608215,19.900719,0.055196,0.99366,0.038947,0.089866,-6.433719,135.068848,23.978388,0.100105,0.98046,-0.168466,0.017209,-4.597587,149.601547,23.407953,-0.014898,0.909552,0.14622,0.388731,-9.824973,129.244263,22.353853,0.275182,-0.577835,-0.003957,-0.768353,-22.019291,130.758286,9.911783,0.07454,0.238173,-0.465514,-0.849126,-13.770932,123.012611,-12.191097,0.219451,0.353466,-0.529035,-0.739611,-1.660402,145.089859,-3.235669,-0.031949,0.984977,0.123843,0.116029,-2.709692,129.489273,24.530956,0.301372,0.876203,0.184664,-0.327633,14.270864,130.087311,28.666389,-0.081276,0.158161,0.460539,-0.869645,29.260313,119.978142,11.646128,-0.088739,-0.161528,0.671707,-0.717527,16.367216,140.249847,6.736259,0.063753,0.924199,0.206367,0.314968,-9.233424,85.838707,9.907969,0.071018,0.991497,-0.065384,0.087262,-8.792793,52.97823,-5.371974,-0.051212,0.970351,0.042588,0.23234,-16.033945,6.300101,0.205509,-0.091764,0.922788,-0.114131,0.356392,6.214213,86.581192,20.526213,-0.005379,0.872159,-0.178055,0.455638,9.403769,51.893742,30.53068,-0.032346,0.871853,0.02149,0.488226,2.132322,7.347852,45.53669,-0.051212,0.970351,0.042588,0.23234,-9.02459,1.754989,-12.653062,-0.032346,0.871853,0.02149,0.488226,14.562506,2.240924,38.151459
785,6.541667,-0.029892,0.954534,0.029891,0.295089,-1.520105,86.20636,15.207711,-0.036479,0.976187,0.11225,0.18201,-2.094706,93.870369,15.510922,-0.031909,0.98349,0.103756,0.14479,-4.485277,114.605072,19.90188,0.055341,0.993689,0.038802,0.08952,-6.430043,135.065384,23.984715,0.099997,0.980451,-0.168603,0.017013,-4.590208,149.597412,23.409672,-0.014698,0.909831,0.146145,0.388115,-9.823911,129.241547,22.362886,0.275159,-0.578208,-0.004155,-0.768079,-22.035181,130.757629,9.9377,0.074476,0.237707,-0.465391,-0.849329,-13.808353,123.014999,-12.174271,0.219312,0.35317,-0.529089,-0.739756,-1.678859,145.09079,-3.234612,-0.031768,0.985044,0.123881,0.115465,-2.706291,129.485138,24.532494,0.301505,0.875998,0.184494,-0.328153,14.279234,130.079315,28.648046,-0.08118,0.157602,0.46066,-0.869692,29.24777,119.969452,11.609797,-0.088467,-0.16196,0.671996,-0.717191,16.350491,140.245941,6.721353,0.063593,0.924324,0.206429,0.314591,-9.249663,85.836563,9.906844,0.070914,0.991499,-0.065415,0.087302,-8.803163,52.976463,-5.373755,-0.05127,0.970346,0.042653,0.232336,-16.035065,6.297323,0.207303,-0.091793,0.922923,-0.11424,0.356001,6.209454,86.576157,20.508579,-0.005398,0.872235,-0.178192,0.455439,9.402256,51.8909,30.519575,-0.03234,0.871871,0.02146,0.488194,2.129906,7.349658,45.538944,-0.05127,0.970346,0.042653,0.232336,-9.025146,1.754488,-12.651766,-0.03234,0.871871,0.02146,0.488194,14.559373,2.24188,38.153084
786,6.55,-0.029842,0.954679,0.030013,0.294614,-1.530078,86.203003,15.201177,-0.036253,0.976295,0.112157,0.181533,-2.104358,93.866936,15.506695,-0.031785,0.983539,0.104015,0.144299,-4.483078,114.606796,19.897573,0.055231,0.99374,0.038696,0.089072,-6.422203,135.065201,23.992678,0.100028,0.980423,-0.168781,0.01669,-4.586364,149.59758,23.413271,-0.014599,0.910089,0.146157,0.387509,-9.818146,129.242416,22.371397,0.27511,-0.578649,-0.004197,-0.767764,-22.045971,130.758575,9.962506,0.074323,0.237164,-0.465321,-0.849533,-13.84445,123.012863,-12.157797,0.219125,0.352694,-0.529163,-0.739985,-1.698125,145.085678,-3.23645,-0.03158,0.985068,0.124193,0.114975,-2.698292,129.484421,24.533846,0.301867,0.875652,0.184627,-0.328668,14.291604,130.072998,28.632141,-0.080748,0.156937,0.460957,-0.869695,29.232479,119.959435,11.571807,-0.088014,-0.16258,0.672078,-0.71703,16.338585,140.24234,6.703225,0.063458,0.924467,0.206487,0.31416,-9.264955,85.834419,9.907985,0.070804,0.991548,-0.06537,0.086865,-8.815164,52.974808,-5.37356,-0.051191,0.970353,0.04277,0.232303,-16.033909,6.293625,0.207395,-0.09177,0.922975,-0.114312,0.355849,6.204798,86.571587,20.49437,-0.005465,0.872333,-0.178269,0.455221,9.395827,51.887215,30.509018,-0.032617,0.871896,0.021239,0.488142,2.129413,7.348651,45.539188,-0.051191,0.970353,0.04277,0.232303,-9.025537,1.753461,-12.653464,-0.032617,0.871896,0.021239,0.488142,14.5596,2.239331,38.155602
787,6.558333,-0.029722,0.954813,0.030052,0.294188,-1.540229,86.199577,15.194357,-0.036216,0.976371,0.112283,0.181055,-2.11278,93.863586,15.501247,-0.031569,0.983617,0.104046,0.143786,-4.488834,114.602814,19.898817,0.055207,0.993785,0.038633,0.088608,-6.417138,135.061508,23.997551,0.100106,0.9804,-0.1689,0.01633,-4.582992,149.593979,23.41526,-0.014358,0.910378,0.146064,0.386874,-9.816647,129.239914,22.37949,0.275309,-0.579008,-0.004417,-0.767421,-22.061884,130.759125,9.988167,0.074328,0.236633,-0.465189,-0.849753,-13.881105,123.011124,-12.139,0.21881,0.35218,-0.52921,-0.740289,-1.715679,145.079666,-3.239274,-0.031317,0.985145,0.124114,0.114472,-2.694395,129.479523,24.534283,0.301993,0.875407,0.184474,-0.329289,14.300105,130.061661,28.61433,-0.08061,0.156404,0.461131,-0.869712,29.216879,119.949471,11.532127,-0.087744,-0.16308,0.672385,-0.716662,16.32246,140.237274,6.683655,0.063255,0.924611,0.206621,0.313691,-9.279942,85.833046,9.908101,0.070724,0.991569,-0.065381,0.086683,-8.821187,52.975582,-5.377775,-0.051309,0.970367,0.042711,0.23223,-16.031525,6.293461,0.206219,-0.091738,0.923059,-0.114373,0.355618,6.199483,86.566101,20.480612,-0.005578,0.872309,-0.178323,0.455243,9.38925,51.882317,30.497684,-0.032786,0.871893,0.021114,0.488141,2.129475,7.345715,45.536888,-0.051309,0.970367,0.042711,0.23223,-9.023918,1.752434,-12.654747,-0.032786,0.871893,0.021114,0.488141,14.560658,2.235725,38.155453
788,6.566667,-0.029534,0.954961,0.030078,0.293721,-1.553113,86.194901,15.191704,-0.036133,0.976462,0.112319,0.180557,-2.122868,93.859062,15.500111,-0.031405,0.983695,0.104087,0.143262,-4.493514,114.598236,19.901043,0.055095,0.993836,0.038378,0.088217,-6.413114,135.057007,24.003458,0.100173,0.98038,-0.168993,0.016167,-4.582525,149.589584,23.4126,-0.014018,0.910545,0.146279,0.386411,-9.815593,129.236252,22.388659,0.275488,-0.579427,-0.004397,-0.76704,-22.0737,130.766724,10.011446,0.074235,0.236073,-0.465079,-0.849977,-13.917054,123.006973,-12.120522,0.218375,0.351555,-0.529391,-0.740586,-1.733006,145.070908,-3.241418,-0.031102,0.98521,0.124141,0.113941,-2.690941,129.474213,24.535698,0.302177,0.875169,0.184162,-0.329928,14.30828,130.051193,28.596792,-0.080519,0.155923,0.461345,-0.869693,29.198652,119.935349,11.493729,-0.087449,-0.163457,0.672485,-0.716518,16.306416,140.229446,6.664638,0.063164,0.924654,0.206752,0.313496,-9.298182,85.831543,9.913078,0.070545,0.991531,-0.065424,0.087239,-8.833461,52.977169,-5.37926,-0.051305,0.970374,0.042704,0.232204,-16.030428,6.293166,0.206267,-0.091762,0.923159,-0.11435,0.355361,6.191957,86.558258,20.470329,-0.005634,0.872338,-0.178435,0.455144,9.386706,51.874397,30.485582,-0.032783,0.871885,0.021222,0.488151,2.128504,7.341638,45.5369,-0.051305,0.970374,0.042704,0.232204,-9.023537,1.751884,-12.655001,-0.032783,0.871885,0.021222,0.488151,14.560324,2.234309,38.154694
789,6.575,-0.029432,0.9551,0.030102,0.293276,-1.562781,86.192078,15.186308,-0.03595,0.976553,0.112459,0.180012,-2.131014,93.856308,15.495801,-0.031326,0.983779,0.104096,0.142697,-4.492393,114.592781,19.904867,0.05488,0.993899,0.038284,0.087682,-6.406446,135.051666,24.009258,0.100314,0.980357,-0.169081,0.015774,-4.583165,149.584991,23.413975,-0.013863,0.910772,0.146343,0.385857,-9.811015,129.231033,22.398441,0.275366,-0.579883,-0.004416,-0.76674,-22.084232,130.764359,10.036569,0.074024,0.235434,-0.465007,-0.850212,-13.953823,123.002541,-12.104329,0.218215,0.350807,-0.529367,-0.741005,-1.750632,145.062836,-3.246154,-0.030958,0.98527,0.12413,0.113475,-2.683888,129.468735,24.537275,0.302449,0.874845,0.184249,-0.330489,14.319348,130.042892,28.581917,-0.080004,0.15526,0.461409,-0.869825,29.183144,119.926628,11.455992,-0.087099,-0.16383,0.672957,-0.716032,16.283491,140.22023,6.642673,0.062964,0.924809,0.206772,0.313063,-9.312858,85.830345,9.914927,0.070548,0.991675,-0.065221,0.085732,-8.841485,52.974762,-5.374604,-0.051268,0.970382,0.04275,0.232171,-16.028746,6.288299,0.202805,-0.091738,0.923242,-0.114405,0.355133,6.187296,86.55381,20.457691,-0.005691,0.872393,-0.178498,0.455013,9.381511,51.870548,30.475145,-0.033036,0.8719,0.021025,0.488116,2.127486,7.340014,45.535046,-0.051268,0.970382,0.04275,0.232171,-9.023044,1.748006,-12.659457,-0.033036,0.8719,0.021025,0.488116,14.560205,2.231399,38.155247
790,6.583333,-0.029343,0.955238,0.030139,0.292833,-1.571908,86.190155,15.182692,-0.035864,0.976632,0.112538,0.179553,-2.138854,93.854431,15.493385,-0.031182,0.983849,0.104119,0.142227,-4.495073,114.589355,19.90723,0.055057,0.993923,0.03827,0.087301,-6.401349,135.048431,24.014353,0.100207,0.98034,-0.169272,0.01544,-4.573836,149.581177,23.418268,-0.013697,0.910961,0.146365,0.385409,-9.808561,129.228485,22.406618,0.275352,-0.580345,-0.004506,-0.766394,-22.094036,130.765015,10.057319,0.073785,0.234877,-0.464916,-0.850436,-13.990296,123.000626,-12.092452,0.217769,0.350294,-0.52937,-0.741375,-1.768499,145.057327,-3.250437,-0.030802,0.985322,0.124263,0.112918,-2.679303,129.464798,24.538496,0.302632,0.874605,0.18411,-0.331034,14.328686,130.035522,28.563612,-0.079609,0.154567,0.461524,-0.869924,29.169106,119.917633,11.418383,-0.086405,-0.164236,0.673407,-0.715601,16.263462,140.213654,6.625185,0.062784,0.924977,0.206891,0.312525,-9.326958,85.829895,9.918525,0.070442,0.991645,-0.065231,0.086156,-8.849645,52.976204,-5.374901,-0.051239,0.970375,0.042742,0.232208,-16.029387,6.288427,0.201252,-0.091568,0.923146,-0.114331,0.355451,6.183142,86.550423,20.446859,-0.00606,0.872133,-0.178575,0.455475,9.364573,51.863659,30.456289,-0.032988,0.871922,0.021154,0.488074,2.129871,7.336143,45.53442,-0.051239,0.970375,0.042742,0.232208,-9.023031,1.747721,-12.660515,-0.032988,0.871922,0.021154,0.488074,14.562035,2.230039,38.151936
791,6.591667,-0.029285,0.95541,0.030174,0.292275,-1.582613,86.187279,15.177234,-0.035743,0.976715,0.112661,0.179044,-2.148673,93.851578,15.489038,-0.031017,0.983922,0.104148,0.141735,-4.498704,114.587746,19.910578,0.05481,0.993976,0.038016,0.086957,-6.396301,135.046997,24.02084,0.100229,0.980318,-0.169395,0.015374,-4.576156,149.580307,23.415998,-0.013579,0.911172,0.146312,0.384933,-9.806431,129.22789,22.416262,0.275358,-0.580769,-0.004594,-0.76607,-22.104824,130.764923,10.079902,0.073897,0.234407,-0.464955,-0.850535,-14.025585,122.997841,-12.077868,0.218041,0.350215,-0.529011,-0.741589,-1.794325,145.057602,-3.25917,-0.030676,0.985382,0.124314,0.11237,-2.67494,129.462509,24.540842,0.302796,0.874399,0.183819,-0.331589,14.337633,130.031128,28.54681,-0.079314,0.154029,0.46164,-0.869985,29.154842,119.9095,11.383724,-0.085823,-0.164518,0.67364,-0.715386,16.246798,140.206772,6.607014,0.062692,0.925058,0.206987,0.31224,-9.343855,85.82785,9.922149,0.070314,0.991676,-0.065214,0.085912,-8.862858,52.976219,-5.375587,-0.051251,0.970394,0.042771,0.232119,-16.029089,6.286526,0.201887,-0.091613,0.923199,-0.114429,0.355269,6.178628,86.546707,20.43232,-0.00606,0.872218,-0.178658,0.45528,9.362444,51.86219,30.448753,-0.033143,0.87194,0.020993,0.488038,2.127542,7.337487,45.535076,-0.051251,0.970394,0.042771,0.232119,-9.024915,1.746618,-12.661341,-0.033143,0.87194,0.020993,0.488038,14.559805,2.229584,38.154018
792,6.6,-0.029233,0.955543,0.030169,0.291845,-1.590543,86.183441,15.174681,-0.035594,0.976802,0.112723,0.178562,-2.155681,93.847786,15.486892,-0.030997,0.983991,0.104159,0.141249,-4.497914,114.584938,19.913536,0.054869,0.994006,0.037902,0.086635,-6.392708,135.044144,24.025307,0.100151,0.980307,-0.16952,0.015213,-4.57139,149.577148,23.416595,-0.013476,0.911388,0.146282,0.384436,-9.80406,129.224808,22.42417,0.275373,-0.581152,-0.004751,-0.765774,-22.115934,130.76207,10.101292,0.073471,0.233748,-0.464801,-0.850837,-14.058825,122.995209,-12.064611,0.217118,0.349337,-0.529433,-0.741973,-1.803258,145.047836,-3.2608,-0.030607,0.985413,0.12452,0.111889,-2.670505,129.459885,24.541756,0.302818,0.874312,0.182992,-0.332255,14.345988,130.027451,28.531197,-0.079252,0.153707,0.461759,-0.869984,29.140562,119.89859,11.352862,-0.085291,-0.16491,0.673596,-0.715401,16.233252,140.198868,6.589016,0.062533,0.925217,0.207066,0.311749,-9.35655,85.824593,9.9266,0.070208,0.991703,-0.065172,0.085723,-8.871207,52.973892,-5.372995,-0.05132,0.970416,0.042846,0.232,-16.026094,6.282258,0.2028,-0.09158,0.923292,-0.114518,0.355009,6.175464,86.54229,20.422762,-0.006072,0.872316,-0.178698,0.455077,9.357521,51.858799,30.443317,-0.033341,0.871943,0.020866,0.488025,2.125341,7.335475,45.535023,-0.05132,0.970416,0.042846,0.232,-9.024224,1.744884,-12.662578,-0.033341,0.871943,0.020866,0.488025,14.558679,2.227261,38.155991
793,6.608333,-0.029194,0.9557,0.030234,0.291327,-1.599518,86.181297,15.169066,-0.035508,0.976889,0.112847,0.178024,-2.164204,93.845627,15.482722,-0.030861,0.984073,0.104161,0.140706,-4.50137,114.582016,19.916424,0.054802,0.994053,0.037703,0.086216,-6.388306,135.041565,24.030111,0.100178,0.980297,-0.169583,0.014991,-4.569494,149.574585,23.41453,-0.013261,0.911577,0.146231,0.384017,-9.802374,129.222748,22.432861,0.275456,-0.581563,-0.004785,-0.765432,-22.125715,130.763947,10.121936,0.073579,0.233321,-0.464846,-0.850921,-14.092393,122.990295,-12.050223,0.217371,0.349101,-0.52907,-0.742269,-1.829099,145.045334,-3.268185,-0.030514,0.985481,0.124537,0.111297,-2.666411,129.456726,24.542444,0.303184,0.874038,0.182999,-0.33264,14.354904,130.023666,28.511364,-0.078799,0.153096,0.461972,-0.87002,29.125755,119.886673,11.317415,-0.084779,-0.165383,0.673658,-0.715295,16.218607,140.191483,6.569795,0.062293,0.925379,0.207142,0.311264,-9.371239,85.823128,9.929402,0.070165,0.991743,-0.0651,0.085353,-8.87611,52.972549,-5.370128,-0.051475,0.970424,0.042862,0.231929,-16.024282,6.279442,0.201901,-0.091582,0.923414,-0.114663,0.354642,6.172204,86.539474,20.40873,-0.006119,0.872317,-0.17871,0.45507,9.354542,51.858414,30.437618,-0.033178,0.87192,0.020977,0.488073,2.125849,7.335558,45.532375,-0.051475,0.970424,0.042862,0.231929,-9.022671,1.743618,-12.664166,-0.033178,0.87192,0.020977,0.488073,14.558962,2.227794,38.152649
794,6.616667,-0.02896,0.955843,0.030107,0.290894,-1.612612,86.176926,15.170421,-0.035235,0.976999,0.112922,0.177425,-2.173159,93.841576,15.483511,-0.030944,0.984166,0.104087,0.140089,-4.496378,114.574539,19.923096,0.054842,0.994089,0.037499,0.085873,-6.383728,135.0345,24.034485,0.100025,0.980297,-0.169676,0.014918,-4.564119,149.567154,23.412327,-0.013106,0.911792,0.146184,0.383529,-9.798196,129.214432,22.442705,0.27532,-0.581927,-0.004855,-0.765204,-22.13479,130.757339,10.145277,0.073093,0.232648,-0.464779,-0.851183,-14.122491,122.985268,-12.035033,0.216563,0.348314,-0.529498,-0.74257,-1.838376,145.036499,-3.267401,-0.030316,0.98559,0.124137,0.110834,-2.659729,129.450775,24.543533,0.303357,0.873793,0.182999,-0.333125,14.365604,130.014557,28.495628,-0.078443,0.152587,0.461977,-0.870139,29.115211,119.878159,11.283103,-0.084645,-0.165888,0.67369,-0.715163,16.20118,140.180481,6.548513,0.062153,0.925464,0.207241,0.310974,-9.389316,85.82193,9.937938,0.070035,0.991755,-0.065035,0.085371,-8.887259,52.973045,-5.365006,-0.051494,0.970433,0.042839,0.231889,-16.022871,6.277409,0.201959,-0.091736,0.923672,-0.114769,0.353896,6.164091,86.531921,20.402905,-0.005877,0.87264,-0.178727,0.454447,9.361903,51.854675,30.440033,-0.03327,0.871896,0.020955,0.488111,2.123185,7.332125,45.530888,-0.051494,0.970433,0.042839,0.231889,-9.022124,1.741037,-12.664387,-0.03327,0.871896,0.020955,0.488111,14.557714,2.225157,38.152992
795,6.625,-0.028893,0.95601,0.030079,0.290355,-1.617258,86.173523,15.167654,-0.035242,0.977072,0.113077,0.176926,-2.176516,93.838257,15.480956,-0.03086,0.984247,0.104,0.139605,-4.499063,114.571037,19.928345,0.055045,0.994111,0.037389,0.085532,-6.380431,135.031982,24.037603,0.099922,0.980289,-0.169805,0.014669,-4.555537,149.563828,23.411995,-0.012895,0.912046,0.145987,0.383006,-9.797014,129.211929,22.450323,0.275129,-0.582267,-0.004739,-0.765014,-22.147808,130.756149,10.16732,0.072885,0.232055,-0.464786,-0.851359,-14.155118,122.980484,-12.018815,0.216296,0.347991,-0.529626,-0.742707,-1.85615,145.032394,-3.270505,-0.030264,0.98567,0.124047,0.110235,-2.656458,129.447998,24.544069,0.303586,0.873624,0.182878,-0.333425,14.373618,130.013031,28.475492,-0.078002,0.15209,0.461976,-0.870266,29.106375,119.869949,11.252488,-0.084317,-0.166415,0.673719,-0.715052,16.18515,140.169434,6.528255,0.06201,0.925623,0.20734,0.310463,-9.399909,85.819183,9.943975,0.069935,0.991766,-0.065,0.085354,-8.894409,52.972008,-5.362524,-0.051471,0.970447,0.0429,0.231825,-16.020227,6.274599,0.20212,-0.091629,0.923805,-0.114911,0.35353,6.165392,86.527863,20.391331,-0.005864,0.872807,-0.17875,0.454118,9.356377,51.85157,30.433929,-0.033646,0.871921,0.020593,0.488055,2.12125,7.329786,45.528763,-0.051471,0.970447,0.0429,0.231825,-9.021328,1.739704,-12.665753,-0.033646,0.871921,0.020593,0.488055,14.556721,2.219184,38.154976
796,6.633333,-0.02879,0.956149,0.030064,0.289906,-1.623425,86.170067,15.165469,-0.03518,0.977155,0.113176,0.176415,-2.180955,93.834908,15.479273,-0.030745,0.984328,0.103982,0.139071,-4.49936,114.56739,19.932545,0.05477,0.994182,0.037096,0.085014,-6.373672,135.028793,24.04278,0.100139,0.980275,-0.169789,0.014328,-4.557329,149.561249,23.406849,-0.012874,0.912201,0.145984,0.382638,-9.79272,129.209061,22.459557,0.27504,-0.58268,-0.004772,-0.764732,-22.1534,130.751968,10.18634,0.072667,0.231605,-0.464816,-0.851484,-14.184642,122.974419,-12.007735,0.216255,0.347452,-0.529617,-0.742978,-1.875821,145.026581,-3.272999,-0.030174,0.985741,0.123903,0.109783,-2.649843,129.444366,24.545456,0.303816,0.873398,0.182654,-0.333931,14.383904,130.008881,28.461027,-0.077683,0.151665,0.462085,-0.870311,29.092983,119.860115,11.221133,-0.084092,-0.166918,0.673561,-0.71511,16.171083,140.160172,6.508158,0.061838,0.925766,0.207398,0.310031,-9.411075,85.817162,9.949151,0.069867,0.991781,-0.06493,0.085285,-8.899919,52.970169,-5.357555,-0.051558,0.970449,0.042967,0.231787,-16.018417,6.270987,0.201542,-0.091622,0.923928,-0.114943,0.353202,6.164225,86.522964,20.381788,-0.005871,0.872856,-0.178848,0.453984,9.357444,51.847099,30.42515,-0.033785,0.871954,0.020507,0.48799,2.121045,7.32865,45.529186,-0.051558,0.970449,0.042967,0.231787,-9.019552,1.738612,-12.667234,-0.033785,0.871954,0.020507,0.48799,14.556328,2.217878,38.155205
797,6.641667,-0.028717,0.956292,0.030059,0.289443,-1.630645,86.167183,15.164232,-0.035086,0.977242,0.113242,0.175904,-2.186921,93.8321,15.478558,-0.030676,0.984405,0.103976,0.138549,-4.499748,114.565514,19.93676,0.054726,0.994226,0.036892,0.084609,-6.368986,135.027145,24.048161,0.100128,0.980269,-0.16985,0.014095,-4.554443,149.55954,23.405331,-0.012838,0.912413,0.145817,0.382198,-9.789914,129.207474,22.468809,0.274924,-0.583057,-0.004838,-0.764486,-22.162376,130.746933,10.207041,0.072347,0.231103,-0.464825,-0.851642,-14.21545,122.970055,-11.995088,0.215871,0.347019,-0.52981,-0.743154,-1.894504,145.020935,-3.273208,-0.030116,0.985797,0.123894,0.109309,-2.644816,129.442612,24.547104,0.304091,0.873177,0.182718,-0.334222,14.392678,130.007294,28.446289,-0.0771,0.151141,0.462168,-0.87041,29.083773,119.853615,11.193962,-0.083575,-0.167463,0.673491,-0.71511,16.158237,140.152557,6.489886,0.061659,0.925962,0.207485,0.309422,-9.423408,85.815231,9.955493,0.069764,0.991788,-0.064875,0.08533,-8.90827,52.969257,-5.353264,-0.051639,0.970448,0.043036,0.231757,-16.016924,6.268027,0.201225,-0.091597,0.924019,-0.114966,0.352961,6.162117,86.519142,20.372972,-0.005919,0.872924,-0.17894,0.453817,9.355648,51.843323,30.416393,-0.033672,0.871967,0.020657,0.487969,2.12208,7.328048,45.531162,-0.051639,0.970448,0.043036,0.231757,-9.017947,1.738212,-12.668387,-0.033672,0.871967,0.020657,0.487969,14.556641,2.219381,38.154499
798,6.65,-0.028703,0.956429,0.030159,0.288981,-1.633742,86.164299,15.162188,-0.035096,0.977322,0.113314,0.175414,-2.190114,93.829132,15.478306,-0.030525,0.984488,0.103909,0.138038,-4.501895,114.564285,19.941099,0.054699,0.994264,0.036732,0.084243,-6.362431,135.026886,24.051624,0.100062,0.980265,-0.169925,0.013915,-4.549225,149.559189,23.403292,-0.012792,0.912621,0.145696,0.381748,-9.786263,129.207733,22.476694,0.274925,-0.583449,-0.004913,-0.764185,-22.170788,130.744659,10.226792,0.07213,0.23069,-0.464846,-0.851761,-14.246643,122.965149,-11.982562,0.215628,0.346636,-0.529914,-0.743329,-1.916464,145.015839,-3.272598,-0.029937,0.985859,0.123918,0.108768,-2.638927,129.441635,24.547413,0.30418,0.873031,0.182485,-0.33465,14.403065,130.002457,28.427446,-0.076774,0.15063,0.462229,-0.870494,29.077274,119.847145,11.161711,-0.083056,-0.168103,0.673566,-0.714949,16.145397,140.148666,6.471084,0.061507,0.926168,0.207524,0.308811,-9.431527,85.81279,9.960943,0.069706,0.991814,-0.064797,0.085129,-8.915426,52.966618,-5.347355,-0.051743,0.970442,0.043147,0.231742,-16.016939,6.263659,0.201735,-0.09158,0.92414,-0.115082,0.352611,6.164044,86.515816,20.363432,-0.005855,0.873052,-0.179007,0.453545,9.357217,51.841724,30.412924,-0.033747,0.871985,0.020638,0.487931,2.120145,7.328656,45.53252,-0.051743,0.970442,0.043147,0.231742,-9.017174,1.737764,-12.668829,-0.033747,0.871985,0.020638,0.487931,14.554688,2.22057,38.155434
799,6.658333,-0.028637,0.956566,0.03024,0.288526,-1.637725,86.161278,15.160322,-0.03503,0.97741,0.113374,0.174894,-2.193338,93.826088,15.478198,-0.030431,0.984565,0.103935,0.137492,-4.5005,114.561462,19.945292,0.054601,0.994314,0.036428,0.083855,-6.355024,135.024078,24.05846,0.099962,0.980264,-0.170001,0.013762,-4.54492,149.55632,23.400188,-0.012936,0.912841,0.145607,0.381251,-9.781019,129.2052,22.487202,0.274871,-0.583805,-0.005165,-0.763931,-22.178694,130.733734,10.249553,0.071937,0.230244,-0.464905,-0.851866,-14.27528,122.960426,-11.969356,0.215445,0.346436,-0.529942,-0.743456,-1.936444,145.013306,-3.273463,-0.029961,0.985924,0.12384,0.108261,-2.631352,129.438538,24.549929,0.304408,0.872838,0.182488,-0.334944,14.414442,130.002731,28.412754,-0.076284,0.150226,0.462118,-0.870666,29.071989,119.843185,11.135366,-0.082971,-0.168393,0.673665,-0.714797,16.129274,140.138519,6.449267,0.061342,0.926351,0.207563,0.308267,-9.440518,85.811058,9.966503,0.069628,0.991796,-0.064766,0.085424,-8.921523,52.964592,-5.341066,-0.051818,0.970443,0.043206,0.231709,-16.017166,6.260222,0.203671,-0.091571,0.924284,-0.115143,0.352216,6.165069,86.511497,20.354141,-0.005852,0.873073,-0.179089,0.453472,9.360353,51.838291,30.406029,-0.033863,0.871986,0.020571,0.487925,2.120806,7.328022,45.532673,-0.051818,0.970443,0.043206,0.231709,-9.01742,1.73653,-12.667682,-0.033863,0.871986,0.020571,0.487925,14.556045,2.219952,38.156742
800,6.666667,-0.028576,0.956714,0.030209,0.288043,-1.639982,86.158623,15.161983,-0.03508,0.977481,0.113442,0.174445,-2.194397,93.823517,15.479944,-0.030323,0.984639,0.103851,0.137044,-4.50239,114.560806,19.951094,0.054577,0.994353,0.036281,0.083471,-6.350099,135.024445,24.062284,0.099961,0.980252,-0.170095,0.013478,-4.541321,149.55661,23.398859,-0.012776,0.913021,0.145503,0.380866,-9.778401,129.20578,22.495224,0.275,-0.584214,-0.005221,-0.763572,-22.186472,130.735992,10.268317,0.071796,0.229903,-0.464893,-0.851977,-14.306795,122.955414,-11.956491,0.215258,0.345989,-0.530073,-0.743625,-1.958358,145.008545,-3.27081,-0.029886,0.98598,0.123769,0.107847,-2.626803,129.438431,24.551332,0.304715,0.872654,0.181968,-0.335428,14.422289,130.002167,28.399664,-0.075782,0.149805,0.462276,-0.870699,29.054434,119.827797,11.109447,-0.082263,-0.168662,0.673796,-0.714692,16.112741,140.125183,6.430322,0.06121,0.92653,0.207592,0.307735,-9.448066,85.808975,9.976075,0.069527,0.991818,-0.064653,0.085338,-8.928333,52.962231,-5.330884,-0.051705,0.970471,0.043357,0.231587,-16.013168,6.25515,0.204786,-0.091466,0.924359,-0.115152,0.352043,6.168102,86.50827,20.347889,-0.005872,0.87304,-0.179115,0.453525,9.358057,51.833832,30.397228,-0.033992,0.871937,0.020524,0.488006,2.118098,7.324481,45.526375,-0.051705,0.970471,0.043357,0.231587,-9.017607,1.734738,-12.669997,-0.033992,0.871937,0.020524,0.488006,14.555715,2.217166,38.153919
801,6.675,-0.028452,0.956862,0.030293,0.287555,-1.639652,86.15509,15.162745,-0.034925,0.977555,0.113538,0.174,-2.19244,93.820015,15.482779,-0.030428,0.984698,0.103793,0.136645,-4.492565,114.556313,19.959993,0.054777,0.994381,0.035897,0.083176,-6.342624,135.020172,24.068985,0.09975,0.980265,-0.170163,0.013234,-4.527914,149.551086,23.394215,-0.012838,0.913186,0.145542,0.380453,-9.770565,129.200317,22.505617,0.275068,-0.584646,-0.005488,-0.763215,-22.189587,130.726883,10.289381,0.071522,0.229532,-0.464954,-0.852067,-14.335142,122.948433,-11.945095,0.214932,0.34566,-0.530124,-0.743836,-1.980383,145.002151,-3.268493,-0.029845,0.986039,0.12369,0.107408,-2.617438,129.435272,24.556137,0.304984,0.872393,0.181742,-0.335984,14.43504,129.999847,28.389311,-0.07517,0.149267,0.462391,-0.870783,29.040504,119.819046,11.080353,-0.081724,-0.169195,0.674341,-0.714114,16.095152,140.118347,6.409767,0.061172,0.926631,0.207612,0.307426,-9.453141,85.807785,9.984832,0.069448,0.991835,-0.064545,0.085284,-8.935497,52.961277,-5.322701,-0.051758,0.970463,0.043383,0.231605,-16.011787,6.251812,0.203811,-0.091374,0.924447,-0.115216,0.351816,6.173838,86.502403,20.340658,-0.005892,0.873053,-0.179163,0.453481,9.358432,51.827805,30.391132,-0.033639,0.87189,0.020911,0.488098,2.118871,7.3201,45.525303,-0.051758,0.970463,0.043383,0.231605,-9.015189,1.732562,-12.670815,-0.033639,0.87189,0.020911,0.488098,14.556482,2.217393,38.149654
802,6.683333,-0.028363,0.957005,0.030301,0.287087,-1.639861,86.152908,15.163091,-0.035066,0.977631,0.11361,0.173496,-2.191224,93.817902,15.483906,-0.030221,0.984781,0.103786,0.136092,-4.495901,114.556946,19.965076,0.0548,0.994419,0.035658,0.0828,-6.335051,135.021393,24.076035,0.099556,0.980253,-0.170361,0.013059,-4.520087,149.55191,23.393566,-0.013112,0.913428,0.145603,0.379837,-9.766546,129.20256,22.516674,0.275268,-0.584981,-0.005842,-0.762883,-22.201681,130.717941,10.315452,0.071495,0.229139,-0.464986,-0.852157,-14.366932,122.942421,-11.926996,0.214866,0.345309,-0.53034,-0.743864,-2.004241,144.997925,-3.266665,-0.029722,0.986093,0.123652,0.106991,-2.610988,129.435379,24.558929,0.30513,0.872233,0.181389,-0.336457,14.444862,129.997711,28.377365,-0.074791,0.149017,0.462441,-0.870832,29.030067,119.811371,11.054589,-0.081341,-0.16937,0.674447,-0.714016,16.084463,140.108536,6.386353,0.061082,0.926765,0.20764,0.307021,-9.458486,85.806885,9.992851,0.069409,0.991858,-0.06445,0.085124,-8.940824,52.960442,-5.314816,-0.051833,0.970467,0.043419,0.231564,-16.011753,6.249288,0.204245,-0.091304,0.924559,-0.115274,0.35152,6.178764,86.498924,20.33333,-0.005855,0.873112,-0.179236,0.453337,9.360431,51.824368,30.384874,-0.03423,0.871935,0.020416,0.487996,2.117085,7.319126,45.524471,-0.051833,0.970467,0.043419,0.231564,-9.015428,1.73159,-12.671068,-0.03423,0.871935,0.020416,0.487996,14.556284,2.212557,38.154186
803,6.691667,-0.028306,0.957132,0.030243,0.286675,-1.64182,86.152672,15.166505,-0.035112,0.977701,0.113653,0.173061,-2.191949,93.817772,15.486961,-0.030164,0.984849,0.103753,0.135641,-4.49686,114.556442,19.970579,0.054721,0.994461,0.035364,0.082479,-6.331601,135.021332,24.081329,0.099531,0.980237,-0.170478,0.012929,-4.51906,149.551712,23.389416,-0.013136,0.913609,0.145485,0.379447,-9.764707,129.202454,22.525652,0.275437,-0.585296,-0.006019,-0.762579,-22.21019,130.713455,10.334442,0.071387,0.228796,-0.465021,-0.852239,-14.393836,122.935318,-11.913561,0.214606,0.345005,-0.530501,-0.743965,-2.024718,144.991425,-3.265478,-0.029689,0.986145,0.123663,0.106504,-2.607272,129.435242,24.561325,0.305119,0.872221,0.180678,-0.336879,14.452288,129.998566,28.363016,-0.074669,0.148937,0.462403,-0.870876,29.023722,119.804787,11.033027,-0.080961,-0.169301,0.674555,-0.713973,16.074806,140.100815,6.364813,0.060979,0.926898,0.207682,0.306609,-9.464933,85.807076,10.003032,0.069331,0.991861,-0.064378,0.085204,-8.94626,52.960991,-5.305386,-0.051815,0.970492,0.043484,0.231451,-16.009808,6.247931,0.207009,-0.091288,0.924675,-0.115306,0.351207,6.181293,86.498276,20.329977,-0.005792,0.873178,-0.179294,0.45319,9.364438,51.824039,30.382168,-0.034032,0.871912,0.020571,0.488045,2.115949,7.320684,45.524872,-0.051815,0.970492,0.043484,0.231451,-9.016552,1.731794,-12.67052,-0.034032,0.871912,0.020571,0.488045,14.554811,2.215156,38.15329
804,6.7,-0.028336,0.95725,0.030303,0.286271,-1.640876,86.151329,15.168447,-0.034934,0.977779,0.11365,0.172658,-2.191585,93.816353,15.48988,-0.030393,0.984895,0.103707,0.135285,-4.486928,114.553085,19.975164,0.054698,0.994493,0.035167,0.082186,-6.329383,135.017792,24.083366,0.099508,0.980229,-0.170551,0.012703,-4.517817,149.547989,23.385029,-0.013031,0.913795,0.145508,0.378994,-9.760551,129.196884,22.531034,0.275449,-0.585614,-0.006102,-0.762329,-22.218159,130.709137,10.352363,0.071161,0.228431,-0.465109,-0.852308,-14.420361,122.929367,-11.90159,0.214382,0.344627,-0.530579,-0.74415,-2.046598,144.987183,-3.263935,-0.029836,0.986173,0.123835,0.10601,-2.601886,129.433685,24.56192,0.305245,0.872127,0.180436,-0.337139,14.461045,130.003601,28.347488,-0.074326,0.148687,0.46227,-0.871019,29.019979,119.80407,11.010363,-0.080636,-0.169059,0.674798,-0.713838,16.061651,140.093811,6.343558,0.060958,0.927007,0.207705,0.30627,-9.468311,85.805206,10.011559,0.069279,0.991867,-0.064297,0.085239,-8.953289,52.959633,-5.29806,-0.051969,0.970467,0.0436,0.231499,-16.011486,6.244889,0.206959,-0.091231,0.924746,-0.115346,0.351024,6.186558,86.497459,20.325335,-0.005807,0.873227,-0.179386,0.453058,9.366912,51.823151,30.378162,-0.034119,0.872001,0.020499,0.487882,2.117945,7.322952,45.529892,-0.051969,0.970467,0.0436,0.231499,-9.015283,1.733265,-12.670557,-0.034119,0.872001,0.020499,0.487882,14.55456,2.216774,38.154961
805,6.708333,-0.028332,0.957384,0.030333,0.285821,-1.638652,86.151054,15.171808,-0.034958,0.977858,0.113642,0.172213,-2.189272,93.81604,15.493974,-0.030411,0.984959,0.103681,0.134842,-4.483606,114.553429,19.979916,0.054643,0.99453,0.034982,0.081853,-6.32479,135.018311,24.087801,0.099439,0.980205,-0.170747,0.012508,-4.515245,149.548462,23.383228,-0.01316,0.913946,0.145449,0.378647,-9.756659,129.196854,22.539064,0.275606,-0.585958,-0.006393,-0.762006,-22.223333,130.702393,10.36884,0.070867,0.228149,-0.465173,-0.852373,-14.445719,122.924278,-11.892743,0.213977,0.344154,-0.530768,-0.74435,-2.069037,144.980576,-3.260563,-0.029825,0.986213,0.123868,0.105599,-2.596225,129.434677,24.563587,0.305394,0.871988,0.18041,-0.337376,14.469767,130.005951,28.335127,-0.073789,0.148383,0.462237,-0.871134,29.01623,119.803749,10.98912,-0.080092,-0.169106,0.674921,-0.713772,16.051991,140.089676,6.322158,0.060927,0.927132,0.207778,0.305848,-9.47092,85.804855,10.022268,0.069225,0.991885,-0.064226,0.08513,-8.959079,52.961189,-5.291549,-0.052101,0.970465,0.043619,0.231476,-16.011112,6.24488,0.208033,-0.091148,0.924817,-0.115421,0.350832,6.193616,86.497246,20.321348,-0.005779,0.873243,-0.179399,0.453022,9.368568,51.823105,30.376438,-0.034157,0.871958,0.020538,0.487956,2.117293,7.323339,45.528358,-0.052101,0.970465,0.043619,0.231476,-9.014135,1.734795,-12.6696,-0.034157,0.871958,0.020538,0.487956,14.555687,2.218728,38.155354
806,6.716667,-0.02836,0.957521,0.030384,0.285354,-1.636707,86.14814,15.176347,-0.035048,0.977943,0.113603,0.171738,-2.187803,93.813057,15.499398,-0.030393,0.985029,0.103653,0.134351,-4.483664,114.55262,19.98461,0.054606,0.994571,0.034725,0.081497,-6.321911,135.017776,24.092388,0.099422,0.980181,-0.170905,0.012325,-4.513772,149.547699,23.379498,-0.013133,0.91407,0.145455,0.378347,-9.754989,129.195999,22.54759,0.27571,-0.586257,-0.006429,-0.761738,-22.22963,130.700882,10.385452,0.070716,0.227787,-0.465251,-0.85244,-14.469433,122.916939,-11.880173,0.213693,0.343854,-0.530877,-0.744493,-2.087944,144.974976,-3.260366,-0.029882,0.986264,0.123932,0.105035,-2.59257,129.434402,24.565012,0.305525,0.871926,0.179761,-0.337766,14.477465,130.009872,28.317574,-0.073605,0.148217,0.462357,-0.871114,29.006893,119.795563,10.964419,-0.079548,-0.169172,0.674826,-0.713907,16.045784,140.084061,6.301022,0.060859,0.927254,0.207893,0.305413,-9.473948,85.801369,10.034416,0.069201,0.991885,-0.064176,0.085194,-8.962072,52.960587,-5.285577,-0.052062,0.970458,0.043684,0.2315,-16.011772,6.243342,0.209045,-0.09107,0.924861,-0.115453,0.350726,6.200533,86.494904,20.318279,-0.005754,0.873209,-0.179432,0.453075,9.370597,51.820255,30.37318,-0.03393,0.871913,0.020766,0.488042,2.114948,7.321567,45.526142,-0.052062,0.970458,0.043684,0.2315,-9.014489,1.734826,-12.668973,-0.03393,0.871913,0.020766,0.488042,14.553693,2.219401,38.152031
807,6.725,-0.028375,0.957637,0.030355,0.284963,-1.635726,86.146118,15.181461,-0.035081,0.978021,0.113612,0.171281,-2.186788,93.81105,15.504246,-0.03033,0.985104,0.10359,0.133866,-4.481723,114.548157,19.990162,0.054504,0.994617,0.034559,0.081075,-6.315025,135.014038,24.096628,0.099378,0.980156,-0.171098,0.012017,-4.510555,149.544113,23.377768,-0.013206,0.914249,0.14538,0.377941,-9.749876,129.192169,22.556097,0.275688,-0.586554,-0.006606,-0.761517,-22.235172,130.691559,10.40423,0.070494,0.227373,-0.465357,-0.852511,-14.492374,122.910835,-11.868571,0.21343,0.343659,-0.531098,-0.7445,-2.106023,144.971375,-3.261579,-0.029934,0.986321,0.123852,0.104573,-2.585469,129.430557,24.566435,0.30569,0.871791,0.179701,-0.337997,14.487839,130.010193,28.30341,-0.073174,0.148001,0.462364,-0.871184,29.004499,119.791862,10.941936,-0.079086,-0.169136,0.674534,-0.714243,16.041891,140.076202,6.278007,0.060826,0.927362,0.207967,0.305041,-9.47713,85.79863,10.045934,0.069148,0.991899,-0.064092,0.085128,-8.967506,52.959789,-5.278298,-0.051962,0.970464,0.043784,0.231478,-16.0112,6.240824,0.209412,-0.090991,0.924945,-0.115495,0.350512,6.205677,86.493599,20.316988,-0.005733,0.873241,-0.179438,0.453011,9.371765,51.818611,30.371948,-0.034194,0.871907,0.020598,0.488041,2.115236,7.3201,45.525017,-0.051962,0.970464,0.043784,0.231478,-9.015426,1.734354,-12.670138,-0.034194,0.871907,0.020598,0.488041,14.555704,2.217592,38.15406
808,6.733333,-0.02839,0.957761,0.030336,0.284548,-1.632733,86.142715,15.186893,-0.035254,0.978088,0.113619,0.170853,-2.1838,93.807648,15.509568,-0.030218,0.985177,0.10352,0.133408,-4.484622,114.549484,19.996643,0.053935,0.994694,0.034201,0.080656,-6.311006,135.016251,24.101723,0.099684,0.980102,-0.171235,0.011889,-4.523297,149.54776,23.370235,-0.013282,0.9144,0.145267,0.377616,-9.748174,129.194672,22.565308,0.275826,-0.586877,-0.006627,-0.761217,-22.242012,130.688431,10.421523,0.070598,0.227014,-0.465468,-0.852537,-14.518052,122.899948,-11.85511,0.213629,0.343507,-0.530924,-0.744638,-2.129575,144.964249,-3.267842,-0.029728,0.986436,0.123344,0.104152,-2.581842,129.432297,24.568867,0.305663,0.87171,0.179476,-0.33835,14.494967,130.008621,28.290325,-0.072825,0.147675,0.462306,-0.871299,29.000605,119.79203,10.918614,-0.078557,-0.169447,0.674725,-0.714047,16.030769,140.072693,6.259705,0.060763,0.927455,0.20812,0.304667,-9.47855,85.794548,10.058156,0.069168,0.991896,-0.064072,0.085167,-8.967402,52.959751,-5.274694,-0.052071,0.970459,0.04375,0.231481,-16.013033,6.2408,0.21064,-0.090881,0.925063,-0.115591,0.350196,6.213083,86.490875,20.31563,-0.005715,0.873261,-0.17943,0.452975,9.37274,51.816048,30.373161,-0.034346,0.871914,0.020638,0.488017,2.115644,7.317272,45.525181,-0.052071,0.970459,0.04375,0.231481,-9.016104,1.734197,-12.668234,-0.034346,0.871914,0.020638,0.488017,14.557335,2.217963,38.154072
809,6.741667,-0.028413,0.957896,0.030328,0.284092,-1.629056,86.140656,15.192225,-0.035109,0.978179,0.113646,0.170347,-2.180274,93.80558,15.514954,-0.030518,0.985245,0.103386,0.132942,-4.472744,114.546097,20.005079,0.054065,0.994716,0.034072,0.080347,-6.308817,135.01326,24.103842,0.099492,0.980085,-0.17146,0.011654,-4.517854,149.544174,23.368259,-0.013284,0.914566,0.145378,0.377172,-9.743547,129.188858,22.572657,0.275904,-0.587129,-0.006822,-0.760992,-22.249109,130.681686,10.440824,0.07026,0.226519,-0.465517,-0.85267,-14.540007,122.894737,-11.841501,0.21301,0.342831,-0.531274,-0.744877,-2.140907,144.960495,-3.266231,-0.02973,0.986484,0.123262,0.10379,-2.575635,129.4319,24.569908,0.305928,0.871492,0.179393,-0.338714,14.503804,130.010208,28.27898,-0.072299,0.147198,0.462428,-0.871358,28.989119,119.787308,10.894029,-0.077959,-0.169787,0.674871,-0.713893,16.017078,140.07045,6.243216,0.060699,0.927586,0.208221,0.304209,-9.479716,85.79171,10.070957,0.06918,0.991926,-0.063974,0.08488,-8.969488,52.959408,-5.267261,-0.052235,0.970446,0.04378,0.231494,-16.013935,6.23942,0.210804,-0.090778,0.925109,-0.115651,0.350082,6.221604,86.489601,20.313494,-0.005663,0.873329,-0.179462,0.452834,9.374083,51.814415,30.372084,-0.034537,0.871917,0.020565,0.488001,2.113736,7.316652,45.525532,-0.052235,0.970446,0.04378,0.231494,-9.014945,1.734961,-12.667706,-0.034537,0.871917,0.020565,0.488001,14.556628,2.218284,38.155788
810,6.75,-0.028551,0.95802,0.030407,0.283651,-1.623034,86.140823,15.196581,-0.035076,0.978258,0.113653,0.169895,-2.176474,93.805557,15.520109,-0.030629,0.985305,0.103329,0.132509,-4.465401,114.544716,20.011547,0.054013,0.994755,0.033907,0.079977,-6.303949,135.012085,24.108185,0.099401,0.980062,-0.171667,0.011356,-4.515116,149.542969,23.366898,-0.013275,0.914784,0.145358,0.37665,-9.738279,129.186401,22.580933,0.276007,-0.587386,-0.006946,-0.760756,-22.257584,130.676483,10.462954,0.070172,0.226039,-0.465614,-0.852752,-14.563534,122.887627,-11.823892,0.21279,0.342472,-0.531415,-0.745004,-2.157982,144.956421,-3.267942,-0.029752,0.986525,0.12326,0.103393,-2.568762,129.431885,24.572109,0.305981,0.871343,0.179454,-0.339018,14.513503,130.012711,28.267733,-0.071832,0.146684,0.462311,-0.871546,28.986979,119.793526,10.870753,-0.077467,-0.170106,0.675127,-0.713629,16.002594,140.070129,6.229724,0.060688,0.92772,0.208324,0.303733,-9.478244,85.789497,10.082462,0.069153,0.991937,-0.063939,0.084802,-8.972754,52.960205,-5.262362,-0.052283,0.970457,0.043842,0.231424,-16.014021,6.23945,0.213221,-0.090636,0.925203,-0.115773,0.34983,6.232176,86.492149,20.310699,-0.005641,0.873359,-0.179472,0.452771,9.374778,51.817142,30.372957,-0.034436,0.871928,0.020672,0.487984,2.113277,7.319707,45.526802,-0.052283,0.970457,0.043842,0.231424,-9.016305,1.737032,-12.666684,-0.034436,0.871928,0.020672,0.487984,14.555428,2.222543,38.154991
811,6.758333,-0.028638,0.958144,0.030494,0.283215,-1.618984,86.138168,15.202531,-0.035009,0.978344,0.113568,0.169468,-2.173933,93.802734,15.527226,-0.030727,0.985359,0.103308,0.132102,-4.457602,114.543983,20.016893,0.05404,0.994787,0.033727,0.079633,-6.298378,135.011292,24.112843,0.099215,0.980048,-0.171873,0.011056,-4.509251,149.541824,23.365635,-0.013374,0.914944,0.14538,0.376248,-9.732362,129.18454,22.588938,0.276156,-0.587691,-0.007137,-0.760465,-22.262175,130.669601,10.4812,0.069977,0.22562,-0.465756,-0.852802,-14.586043,122.879372,-11.81135,0.212463,0.342087,-0.531562,-0.74517,-2.177221,144.952316,-3.269415,-0.029886,0.986557,0.123337,0.102956,-2.561325,129.432159,24.574381,0.306074,0.871224,0.179111,-0.339421,14.523825,130.019226,28.255684,-0.071429,0.146179,0.462274,-0.871684,28.980892,119.795624,10.847645,-0.076854,-0.170538,0.675282,-0.713445,15.987243,140.069672,6.217829,0.060694,0.92781,0.208452,0.303369,-9.478745,85.785431,10.0955,0.069157,0.991939,-0.063907,0.084797,-8.976727,52.96006,-5.257822,-0.052329,0.970433,0.04394,0.231496,-16.018095,6.238967,0.214723,-0.090563,0.925247,-0.115838,0.349712,6.240777,86.490898,20.309561,-0.005605,0.87338,-0.179505,0.452718,9.378091,51.816029,30.373955,-0.033913,0.871866,0.021188,0.488109,2.113091,7.319671,45.529301,-0.052329,0.970433,0.04394,0.231496,-9.017932,1.739766,-12.664988,-0.033913,0.871866,0.021188,0.488109,14.554784,2.227886,38.152988
812,6.766667,-0.028738,0.958256,0.030524,0.282823,-1.614468,86.137383,15.208046,-0.03497,0.97843,0.113538,0.169002,-2.17089,93.801842,15.532963,-0.030876,0.985419,0.103287,0.131632,-4.4504,114.541626,20.022339,0.054069,0.994814,0.033439,0.079389,-6.295285,135.008713,24.117493,0.098925,0.980033,-0.172127,0.011009,-4.505339,149.538696,23.361448,-0.013334,0.915108,0.145499,0.375806,-9.728421,129.180466,22.597412,0.27618,-0.587956,-0.007126,-0.760251,-22.269888,130.666077,10.501819,0.069806,0.225094,-0.465899,-0.852876,-14.609239,122.870979,-11.794354,0.2122,0.341686,-0.531791,-0.745265,-2.195299,144.947556,-3.272035,-0.029931,0.986598,0.123322,0.102568,-2.555679,129.431076,24.576305,0.30605,0.87111,0.17916,-0.339709,14.532156,130.021484,28.24456,-0.071094,0.145715,0.462132,-0.871864,28.980261,119.804047,10.825469,-0.076385,-0.170777,0.675277,-0.713443,15.974051,140.071289,6.206315,0.060661,0.92793,0.208597,0.30291,-9.47828,85.782715,10.10739,0.069164,0.991945,-0.063875,0.084746,-8.978346,52.961422,-5.254699,-0.052265,0.970421,0.043974,0.231556,-16.019825,6.240025,0.21514,-0.090445,0.925329,-0.115909,0.349502,6.249344,86.49205,20.308702,-0.005576,0.873396,-0.179515,0.452684,9.379276,51.816833,30.374193,-0.034273,0.871894,0.020885,0.488048,2.112041,7.320786,45.529366,-0.052265,0.970421,0.043974,0.231556,-9.018708,1.741355,-12.664234,-0.034273,0.871894,0.020885,0.488048,14.554702,2.226608,38.156345
813,6.775,-0.028769,0.958376,0.030532,0.28241,-1.611622,86.135788,15.214166,-0.034938,0.978514,0.113512,0.168539,-2.16839,93.800209,15.539317,-0.030994,0.985482,0.103245,0.13117,-4.443999,114.538124,20.02844,0.054188,0.994845,0.033292,0.078986,-6.291603,135.00528,24.122074,0.098685,0.980025,-0.172337,0.010606,-4.498939,149.534683,23.361185,-0.013479,0.91524,0.145503,0.375476,-9.724281,129.175705,22.605991,0.276455,-0.588246,-0.007523,-0.759923,-22.274292,130.654999,10.518488,0.069699,0.224731,-0.465988,-0.852932,-14.630884,122.862778,-11.784602,0.211904,0.341283,-0.531927,-0.745437,-2.212298,144.942719,-3.275602,-0.030032,0.986639,0.123307,0.102158,-2.54984,129.428864,24.578386,0.306079,0.870997,0.1791,-0.340005,14.540715,130.024628,28.233072,-0.070745,0.145272,0.461974,-0.87205,28.977955,119.809303,10.803739,-0.07609,-0.171161,0.675221,-0.713436,15.958179,140.070007,6.193724,0.060621,0.928033,0.208702,0.302529,-9.479779,85.780319,10.120274,0.069155,0.991966,-0.063799,0.084562,-8.981102,52.961849,-5.247908,-0.05248,0.97042,0.043983,0.23151,-16.020142,6.239423,0.216221,-0.090383,0.925427,-0.115976,0.349235,6.256534,86.491257,20.30806,-0.00551,0.873448,-0.179524,0.452581,9.383482,51.816334,30.375498,-0.034338,0.871894,0.02087,0.488043,2.112148,7.320553,45.529491,-0.05248,0.97042,0.043983,0.23151,-9.018042,1.742607,-12.663263,-0.034338,0.871894,0.02087,0.488043,14.55528,2.226948,38.156872
814,6.783333,-0.028819,0.958474,0.03054,0.282073,-1.602674,86.129311,15.219074,-0.03505,0.978579,0.113506,0.168142,-2.160109,93.793678,15.544309,-0.031047,0.985544,0.103161,0.130752,-4.439106,114.536301,20.03438,0.054126,0.994883,0.033198,0.07859,-6.286719,135.004044,24.125057,0.098539,0.980002,-0.172575,0.010235,-4.496677,149.533569,23.360466,-0.013566,0.915377,0.145518,0.375135,-9.719682,129.173584,22.613079,0.27644,-0.588534,-0.007521,-0.759705,-22.278564,130.648483,10.534254,0.069777,0.224354,-0.466198,-0.852911,-14.651999,122.852585,-11.773321,0.212236,0.341384,-0.531823,-0.745371,-2.235005,144.940704,-3.284611,-0.030091,0.986687,0.123295,0.101695,-2.543659,129.428345,24.579508,0.306204,0.870866,0.178958,-0.340301,14.550082,130.028229,28.218599,-0.070431,0.144838,0.461945,-0.872163,28.973499,119.809677,10.779709,-0.075725,-0.171558,0.675039,-0.713551,15.945567,140.069,6.179998,0.060668,0.928135,0.208855,0.302102,-9.474341,85.77272,10.130686,0.06916,0.991961,-0.063814,0.084606,-8.982348,52.959293,-5.248478,-0.052561,0.970419,0.044057,0.231481,-16.022202,6.237099,0.216622,-0.090261,0.925509,-0.116069,0.349018,6.268993,86.485901,20.307463,-0.005438,0.873493,-0.179534,0.45249,9.387758,51.810955,30.377377,-0.034456,0.871895,0.020939,0.48803,2.111579,7.31543,45.529778,-0.052561,0.970419,0.044057,0.231481,-9.019937,1.742981,-12.663716,-0.034456,0.871895,0.020939,0.48803,14.555921,2.225249,38.15683
815,6.791667,-0.02874,0.958586,0.030442,0.281711,-1.604244,86.128906,15.225911,-0.035083,0.978645,0.113463,0.16778,-2.159965,93.793434,15.550253,-0.030966,0.9856,0.103134,0.130374,-4.438456,114.537453,20.039394,0.054037,0.994921,0.033047,0.078234,-6.280976,135.005646,24.130123,0.098357,0.97997,-0.172874,0.009928,-4.49412,149.535294,23.360195,-0.013695,0.915525,0.145454,0.374792,-9.715658,129.1754,22.621199,0.276803,-0.588834,-0.007825,-0.759338,-22.283419,130.643509,10.550782,0.069801,0.223994,-0.466249,-0.852975,-14.674589,122.844231,-11.761665,0.212002,0.341036,-0.531915,-0.74553,-2.252272,144.933838,-3.289919,-0.030105,0.986723,0.123377,0.101237,-2.538089,129.429626,24.582047,0.306183,0.870812,0.178597,-0.340648,14.558872,130.031723,28.205624,-0.070291,0.144575,0.461839,-0.872274,28.971207,119.811928,10.758315,-0.075456,-0.171822,0.674591,-0.71394,15.935029,140.06694,6.165586,0.060569,0.928219,0.20893,0.301809,-9.47983,85.772949,10.143544,0.069161,0.991974,-0.063704,0.084537,-8.984343,52.960945,-5.238521,-0.052558,0.970412,0.044051,0.231512,-16.023052,6.237426,0.21672,-0.090231,0.925582,-0.11605,0.34884,6.27134,86.484856,20.308279,-0.005406,0.873508,-0.179571,0.452447,9.390553,51.809185,30.375549,-0.03453,0.871887,0.020993,0.488036,2.110836,7.314878,45.529842,-0.052558,0.970412,0.044051,0.231512,-9.020034,1.74315,-12.663153,-0.03453,0.871887,0.020993,0.488036,14.556247,2.227145,38.157009
816,6.8,-0.028929,0.958688,0.030512,0.281336,-1.591669,86.125084,15.230988,-0.035101,0.97874,0.113429,0.167242,-2.150347,93.789383,15.555758,-0.03118,0.98567,0.10312,0.129806,-4.426753,114.53215,20.044283,0.053624,0.994991,0.032783,0.07774,-6.275691,134.999908,24.134325,0.098362,0.979955,-0.172976,0.009653,-4.501544,149.530594,23.354753,-0.013794,0.915653,0.145413,0.374492,-9.708916,129.167633,22.629923,0.276794,-0.589206,-0.008035,-0.75905,-22.284428,130.630417,10.566948,0.069565,0.223567,-0.466377,-0.853036,-14.697565,122.834076,-11.753995,0.211894,0.340653,-0.532077,-0.745621,-2.270573,144.928162,-3.294981,-0.030398,0.986757,0.123421,0.100766,-2.529346,129.425934,24.582891,0.306285,0.870683,0.178504,-0.340936,14.570315,130.040054,28.191658,-0.069926,0.144086,0.461715,-0.87245,28.969795,119.818794,10.734591,-0.075046,-0.172075,0.674477,-0.71403,15.921037,140.068268,6.152781,0.060614,0.928362,0.209089,0.301249,-9.471009,85.765831,10.154679,0.069171,0.991971,-0.063714,0.084552,-8.984176,52.959038,-5.238774,-0.052557,0.970408,0.044175,0.231504,-16.024025,6.235785,0.217263,-0.090057,0.925706,-0.116146,0.348523,6.287672,86.484329,20.307297,-0.005336,0.873573,-0.179607,0.452308,9.396271,51.80801,30.375629,-0.033966,0.871855,0.021466,0.488113,2.111606,7.314876,45.530983,-0.052557,0.970408,0.044175,0.231504,-9.021084,1.745021,-12.663874,-0.033966,0.871855,0.021466,0.488113,14.555157,2.230824,38.152481
817,6.808333,-0.029048,0.958788,0.030585,0.280975,-1.582921,86.123047,15.23516,-0.035295,0.978795,0.113433,0.166875,-2.143545,93.787178,15.560707,-0.031087,0.985728,0.103081,0.129412,-4.426736,114.532494,20.049503,0.053576,0.995028,0.032696,0.077325,-6.269982,135.000824,24.139212,0.098164,0.979933,-0.173231,0.009227,-4.498128,149.531601,23.356125,-0.013957,0.915782,0.145325,0.374205,-9.705104,129.168823,22.638103,0.277039,-0.589489,-0.008252,-0.758738,-22.287979,130.623734,10.581842,0.069546,0.223242,-0.466489,-0.853062,-14.71785,122.824348,-11.743738,0.211863,0.340257,-0.53217,-0.745744,-2.288266,144.923462,-3.298918,-0.030476,0.986787,0.123491,0.10036,-2.523927,129.426468,24.585251,0.306197,0.870623,0.178458,-0.341191,14.57843,130.0448,28.180519,-0.069546,0.143683,0.461484,-0.872669,28.971941,119.829689,10.714917,-0.074497,-0.172231,0.674454,-0.714072,15.907562,140.069443,6.13965,0.060688,0.928442,0.209188,0.30092,-9.465947,85.761795,10.164714,0.069147,0.991974,-0.0637,0.084554,-8.987278,52.958633,-5.236743,-0.052706,0.970401,0.044233,0.231491,-16.024717,6.234884,0.218197,-0.089925,0.925753,-0.116226,0.348405,6.300105,86.484306,20.305607,-0.005299,0.873581,-0.179658,0.452273,9.399125,51.807617,30.375591,-0.034415,0.871908,0.02118,0.487999,2.109833,7.316175,45.533699,-0.052706,0.970401,0.044233,0.231491,-9.020537,1.746891,-12.663237,-0.034415,0.871908,0.02118,0.487999,14.554399,2.231413,38.157387
818,6.816667,-0.029068,0.958881,0.030664,0.280645,-1.577617,86.121429,15.237612,-0.035283,0.978858,0.113436,0.166506,-2.138759,93.785461,15.564428,-0.031116,0.985779,0.103066,0.129035,-4.419724,114.530228,20.054193,0.053497,0.995071,0.032497,0.076919,-6.262532,134.998627,24.143816,0.097959,0.979927,-0.173403,0.008815,-4.493616,149.529388,23.353922,-0.013829,0.915958,0.14559,0.373676,-9.698029,129.166061,22.645706,0.277249,-0.589772,-0.00822,-0.758442,-22.294874,130.625763,10.604622,0.069591,0.222706,-0.46659,-0.853143,-14.741293,122.815033,-11.72259,0.211774,0.339819,-0.532429,-0.745784,-2.305069,144.91748,-3.303462,-0.030627,0.986807,0.123613,0.099965,-2.515425,129.424759,24.587444,0.306199,0.870505,0.178311,-0.341568,14.589376,130.049606,28.169935,-0.069303,0.14331,0.461394,-0.872797,28.970068,119.837067,10.692285,-0.07412,-0.172395,0.67438,-0.714141,15.896794,140.072281,6.126401,0.060699,0.928497,0.209208,0.300734,-9.464096,85.759995,10.17255,0.069134,0.991969,-0.063667,0.084648,-8.988786,52.957546,-5.230549,-0.052818,0.970396,0.044319,0.231469,-16.025263,6.233233,0.220733,-0.089888,0.925841,-0.116287,0.348161,6.308862,86.482864,20.302673,-0.005214,0.873669,-0.179731,0.452076,9.406477,51.806713,30.37496,-0.034443,0.871935,0.021208,0.487948,2.110374,7.317686,45.536892,-0.052818,0.970396,0.044319,0.231469,-9.020437,1.748526,-12.661496,-0.034443,0.871935,0.021208,0.487948,14.554461,2.233989,38.159035
819,6.825,-0.029134,0.958993,0.030615,0.280261,-1.567358,86.120247,15.243006,-0.035393,0.978923,0.113417,0.166114,-2.129134,93.784264,15.569041,-0.031269,0.985827,0.103037,0.128648,-4.412555,114.527115,20.057743,0.053376,0.99511,0.032358,0.076552,-6.259919,134.995346,24.146069,0.097883,0.979901,-0.173609,0.008494,-4.495186,149.526352,23.351118,-0.013874,0.916143,0.145501,0.373255,-9.694362,129.161331,22.651268,0.277454,-0.589989,-0.008402,-0.758197,-22.302137,130.616211,10.621057,0.069568,0.222322,-0.466687,-0.853192,-14.761382,122.803238,-11.709697,0.211619,0.339493,-0.532709,-0.745777,-2.320404,144.910507,-3.307,-0.030736,0.986837,0.123596,0.099656,-2.510418,129.422943,24.587637,0.306135,0.870453,0.177996,-0.341921,14.596303,130.052979,28.160021,-0.069057,0.143054,0.461327,-0.872894,28.966934,119.841766,10.673337,-0.073628,-0.172646,0.674262,-0.714243,15.887226,140.07338,6.111987,0.060655,0.92862,0.209315,0.300287,-9.457795,85.75708,10.184242,0.069187,0.991964,-0.063635,0.084681,-8.984545,52.9575,-5.225001,-0.052823,0.970402,0.044343,0.231437,-16.025976,6.233496,0.222584,-0.08974,0.925942,-0.116356,0.347906,6.323078,86.483414,20.301769,-0.005175,0.873674,-0.179746,0.452061,9.411865,51.806511,30.374168,-0.03408,0.871877,0.021585,0.488061,2.112105,7.317957,45.535721,-0.052823,0.970402,0.044343,0.231437,-9.021915,1.749443,-12.660283,-0.03408,0.871877,0.021585,0.488061,14.556405,2.238516,38.155304
820,6.833333,-0.029126,0.95911,0.030769,0.279845,-1.556632,86.116318,15.241968,-0.035481,0.978973,0.113456,0.165771,-2.118809,93.780197,15.57055,-0.03136,0.985868,0.103007,0.128334,-4.404882,114.524818,20.061579,0.053234,0.995149,0.032248,0.076187,-6.254562,134.993073,24.14875,0.09775,0.979884,-0.173802,0.008109,-4.4947,149.524429,23.349543,-0.013897,0.916285,0.14552,0.372897,-9.688545,129.158096,22.656689,0.277464,-0.59029,-0.008364,-0.757959,-22.305664,130.61058,10.635983,0.069431,0.221909,-0.466818,-0.853239,-14.782533,122.791611,-11.698621,0.211629,0.339092,-0.533083,-0.74569,-2.33772,144.903824,-3.310858,-0.030791,0.986871,0.12357,0.099341,-2.503486,129.4216,24.588661,0.306126,0.870351,0.177573,-0.342408,14.605315,130.055008,28.150478,-0.068851,0.142723,0.461336,-0.87296,28.959661,119.842873,10.650958,-0.073109,-0.172912,0.674208,-0.714283,15.876323,140.07283,6.098905,0.060634,0.928709,0.209317,0.300017,-9.451459,85.753792,10.19001,0.069242,0.991988,-0.063548,0.084417,-8.981212,52.954067,-5.219012,-0.052869,0.970389,0.044413,0.231467,-16.025742,6.22974,0.221757,-0.089654,0.926069,-0.116526,0.347534,6.338194,86.478836,20.293926,-0.005031,0.873863,-0.179836,0.45166,9.420827,51.803673,30.374205,-0.034496,0.871955,0.021178,0.487911,2.112197,7.318065,45.540119,-0.052869,0.970389,0.044413,0.231467,-9.02034,1.748088,-12.661217,-0.034496,0.871955,0.021178,0.487911,14.556021,2.234379,38.161816
821,6.841667,-0.029162,0.959198,0.030716,0.279544,-1.551032,86.113449,15.245612,-0.035535,0.97903,0.113479,0.165412,-2.113409,93.777351,15.57343,-0.031404,0.985921,0.102962,0.127959,-4.400268,114.522087,20.065945,0.053065,0.995191,0.032154,0.075803,-6.249945,134.990616,24.151731,0.097702,0.979844,-0.17407,0.007762,-4.49578,149.522446,23.348621,-0.013941,0.916395,0.145522,0.372626,-9.684171,129.154922,22.663002,0.277763,-0.590521,-0.008524,-0.757667,-22.308308,130.604614,10.649323,0.069449,0.221627,-0.466927,-0.853251,-14.798884,122.779633,-11.687794,0.211538,0.338752,-0.533218,-0.745772,-2.353115,144.895782,-3.31381,-0.030825,0.986917,0.123528,0.098924,-2.497718,129.419769,24.589611,0.306142,0.870262,0.177523,-0.342647,14.613901,130.056351,28.137314,-0.068618,0.142405,0.461251,-0.873075,28.959671,119.846115,10.629636,-0.072786,-0.173151,0.673825,-0.714619,15.868338,140.071899,6.084927,0.060637,0.928762,0.209372,0.299813,-9.448978,85.749779,10.198611,0.069265,0.991988,-0.063505,0.084433,-8.981088,52.951778,-5.214159,-0.052889,0.970387,0.044466,0.231461,-16.027473,6.227228,0.222304,-0.089581,0.926138,-0.116571,0.347353,6.346914,86.477127,20.292612,-0.004928,0.873915,-0.179846,0.451558,9.42557,51.801785,30.373478,-0.034389,0.871902,0.021276,0.488007,2.109732,7.316411,45.536591,-0.052889,0.970387,0.044466,0.231461,-9.021984,1.747212,-12.661192,-0.034389,0.871902,0.021276,0.488007,14.554618,2.233685,38.159424
822,6.85,-0.029154,0.959293,0.030707,0.279219,-1.544482,86.11235,15.247766,-0.03539,0.979098,0.113525,0.165006,-2.106591,93.77626,15.575684,-0.031718,0.985969,0.102871,0.127582,-4.385496,114.517639,20.071354,0.052726,0.99524,0.031868,0.075512,-6.246133,134.98613,24.152433,0.097645,0.979834,-0.174159,0.007654,-4.501995,149.518616,23.339682,-0.013978,0.916577,0.145531,0.372172,-9.677455,129.14769,22.667759,0.277995,-0.590757,-0.008805,-0.757395,-22.313372,130.593903,10.666052,0.069424,0.221326,-0.467065,-0.853256,-14.818027,122.769295,-11.675917,0.211467,0.338521,-0.533437,-0.745741,-2.372043,144.890305,-3.31557,-0.030955,0.986939,0.123555,0.098624,-2.489864,129.417923,24.589367,0.306143,0.870168,0.177516,-0.342889,14.623544,130.060242,28.12739,-0.068363,0.142091,0.461043,-0.873256,28.961021,119.853424,10.610936,-0.07265,-0.173216,0.673796,-0.714645,15.855596,140.072037,6.071848,0.060583,0.928871,0.209357,0.299495,-9.445838,85.74855,10.206115,0.069311,0.992007,-0.063379,0.084271,-8.979942,52.949596,-5.204698,-0.053023,0.970368,0.044557,0.231494,-16.028864,6.224134,0.220627,-0.089531,0.926186,-0.116631,0.34722,6.356874,86.476151,20.289415,-0.004903,0.873848,-0.179866,0.451679,9.432037,51.80117,30.372578,-0.034095,0.871881,0.021527,0.488055,2.111128,7.31647,45.535233,-0.053023,0.970368,0.044557,0.231494,-9.021049,1.747773,-12.662877,-0.034095,0.871881,0.021527,0.488055,14.555216,2.235795,38.155304
823,6.858333,-0.029181,0.959389,0.030701,0.27889,-1.537076,86.112045,15.250164,-0.035449,0.97916,0.113509,0.164638,-2.099449,93.77594,15.57806,-0.031802,0.986018,0.10284,0.127205,-4.378908,114.516464,20.07333,0.052667,0.995273,0.031805,0.075144,-6.241261,134.985001,24.153372,0.097458,0.979828,-0.174315,0.007296,-4.499667,149.517639,23.337906,-0.014097,0.916718,0.145493,0.371836,-9.672327,129.145584,22.671913,0.278139,-0.590986,-0.008984,-0.757161,-22.316889,130.585693,10.678584,0.069284,0.22105,-0.467181,-0.853275,-14.835128,122.760323,-11.667672,0.211288,0.338184,-0.533622,-0.745813,-2.388254,144.884735,-3.316544,-0.03103,0.986972,0.123504,0.098339,-2.483387,129.417709,24.588192,0.306013,0.870182,0.176753,-0.343361,14.631823,130.064041,28.116735,-0.068479,0.142003,0.461015,-0.873276,28.95715,119.853737,10.592381,-0.072436,-0.17342,0.673622,-0.714781,15.848148,140.073746,6.059051,0.060568,0.928969,0.209391,0.299172,-9.441848,85.747467,10.213929,0.069334,0.99201,-0.063327,0.084253,-8.979553,52.949417,-5.198911,-0.052991,0.970362,0.044589,0.231521,-16.030069,6.223619,0.221476,-0.089418,0.926238,-0.116659,0.3471,6.367696,86.476624,20.2864,-0.004868,0.873922,-0.179977,0.451492,9.435942,51.800644,30.368269,-0.034535,0.871971,0.021125,0.487882,2.110604,7.319692,45.539791,-0.052991,0.970362,0.044589,0.231521,-9.021843,1.747942,-12.662038,-0.034535,0.871971,0.021125,0.487882,14.554066,2.235221,38.161419
824,6.866667,-0.029208,0.959489,0.030691,0.278543,-1.529753,86.110916,15.253533,-0.035505,0.979218,0.113494,0.164288,-2.092361,93.774803,15.581374,-0.031917,0.986061,0.102812,0.126863,-4.372459,114.515373,20.076462,0.05256,0.995305,0.031668,0.074856,-6.238018,134.983841,24.155399,0.09731,0.97982,-0.174453,0.007084,-4.500009,149.516647,23.335117,-0.014298,0.916787,0.145787,0.371543,-9.668378,129.14328,22.676872,0.278241,-0.5912,-0.009044,-0.756956,-22.320351,130.579254,10.690868,0.06913,0.22076,-0.467354,-0.853268,-14.851207,122.750107,-11.658281,0.211148,0.337873,-0.533826,-0.745848,-2.405908,144.879776,-3.317051,-0.031237,0.986997,0.12357,0.097935,-2.478252,129.417679,24.588371,0.306046,0.870138,0.176469,-0.34359,14.639277,130.072708,28.104046,-0.068228,0.141688,0.460903,-0.873406,28.955797,119.858826,10.574582,-0.072077,-0.173633,0.67367,-0.714721,15.837501,140.073975,6.047856,0.060572,0.929038,0.209429,0.298931,-9.438126,85.745552,10.223012,0.069338,0.992015,-0.063267,0.084234,-8.979212,52.948677,-5.192429,-0.05304,0.97037,0.0446,0.231472,-16.029623,6.222224,0.222442,-0.089313,0.926288,-0.116724,0.34697,6.378619,86.476288,20.284056,-0.004804,0.873933,-0.179994,0.451464,9.439631,51.800049,30.367235,-0.034429,0.871921,0.021214,0.487975,2.108708,7.31965,45.537659,-0.05304,0.97037,0.0446,0.231472,-9.022174,1.747181,-12.661716,-0.034429,0.871921,0.021214,0.487975,14.553136,2.235922,38.160412
825,6.875,-0.029203,0.959588,0.030732,0.278198,-1.519898,86.10865,15.254318,-0.035597,0.97927,0.113513,0.163945,-2.082498,93.772491,15.582985,-0.032013,0.986108,0.102758,0.126523,-4.365264,114.515175,20.07951,0.052424,0.995336,0.031582,0.074569,-6.233101,134.983856,24.156349,0.097095,0.979811,-0.174632,0.00687,-4.499633,149.517014,23.332708,-0.014455,0.916911,0.145785,0.371232,-9.663018,129.142212,22.68103,0.278368,-0.591468,-0.009115,-0.756699,-22.322924,130.571487,10.702596,0.068818,0.220406,-0.467515,-0.853296,-14.869583,122.737465,-11.650135,0.210605,0.337502,-0.534013,-0.746035,-2.425343,144.867813,-3.318451,-0.031313,0.987029,0.123547,0.097615,-2.4717,129.418671,24.587749,0.306067,0.870058,0.176432,-0.343794,14.647857,130.077835,28.092777,-0.067896,0.141312,0.460742,-0.873578,28.9568,119.865456,10.556245,-0.071715,-0.173819,0.673669,-0.714712,15.826325,140.073456,6.036493,0.06061,0.929114,0.209416,0.298694,-9.431875,85.743324,10.229463,0.069347,0.992011,-0.063203,0.08432,-8.979773,52.946396,-5.186065,-0.053094,0.970365,0.044706,0.231462,-16.030975,6.219292,0.222126,-0.089212,0.92634,-0.116826,0.346824,6.392079,86.473969,20.279175,-0.004698,0.874048,-0.180047,0.451223,9.44532,51.798153,30.366135,-0.034519,0.871928,0.021211,0.487954,2.107526,7.319459,45.538254,-0.053094,0.970365,0.044706,0.231462,-9.023123,1.747676,-12.66301,-0.034519,0.871928,0.021211,0.487954,14.552459,2.236965,38.161003
826,6.883333,-0.029186,0.959683,0.030684,0.277875,-1.511072,86.105072,15.255898,-0.035653,0.979325,0.113547,0.163581,-2.073093,93.768982,15.584119,-0.03216,0.986155,0.102699,0.126161,-4.356772,114.511322,20.082539,0.052131,0.995381,0.031355,0.074273,-6.228879,134.980103,24.156874,0.096986,0.979815,-0.174672,0.006734,-4.504228,149.51387,23.325384,-0.014582,0.917051,0.145526,0.370982,-9.657791,129.137009,22.685015,0.278332,-0.591706,-0.009228,-0.756525,-22.324034,130.557495,10.712243,0.068528,0.220108,-0.467705,-0.853293,-14.884813,122.725388,-11.645854,0.210384,0.337258,-0.534157,-0.746105,-2.442394,144.860916,-3.320787,-0.031583,0.987067,0.123585,0.0971,-2.465253,129.416306,24.586702,0.306108,0.870035,0.176202,-0.343933,14.657211,130.086929,28.075291,-0.067497,0.140846,0.460537,-0.873792,28.960121,119.870399,10.536265,-0.07116,-0.174101,0.673802,-0.714574,15.81284,140.071869,6.024957,0.060566,0.929229,0.209439,0.298329,-9.426435,85.739586,10.236395,0.069384,0.992022,-0.063138,0.084219,-8.976916,52.942978,-5.179896,-0.05312,0.970358,0.044777,0.23147,-16.030506,6.215567,0.222518,-0.089105,0.926393,-0.1169,0.346687,6.404291,86.470566,20.275402,-0.004673,0.874019,-0.180077,0.451266,9.44998,51.794613,30.364191,-0.034547,0.871918,0.021267,0.487968,2.10809,7.316917,45.537254,-0.05312,0.970358,0.044777,0.23147,-9.022112,1.746171,-12.663086,-0.034547,0.871918,0.021267,0.487968,14.553774,2.236232,38.16003
827,6.891667,-0.029177,0.959766,0.030585,0.277601,-1.503796,86.10202,15.25809,-0.035678,0.979375,0.113592,0.163245,-2.06517,93.766029,15.585052,-0.032248,0.9862,0.102667,0.125816,-4.348824,114.508995,20.086184,0.051986,0.99541,0.031244,0.074025,-6.22296,134.977814,24.15938,0.096701,0.979805,-0.174893,0.006602,-4.502963,149.511902,23.323864,-0.014821,0.917142,0.145758,0.370655,-9.651499,129.133743,22.69051,0.278537,-0.591939,-0.009422,-0.756265,-22.325989,130.547867,10.725716,0.068353,0.219774,-0.467861,-0.853307,-14.900607,122.713676,-11.636244,0.209949,0.337031,-0.534293,-0.746232,-2.458581,144.8526,-3.32276,-0.031589,0.987115,0.123425,0.096807,-2.457751,129.414948,24.58733,0.306134,0.869926,0.176067,-0.344255,14.666682,130.087631,28.065825,-0.067212,0.140579,0.460479,-0.873887,28.957827,119.872131,10.516617,-0.070824,-0.174269,0.673685,-0.714676,15.804495,140.069992,6.00954,0.060486,0.929339,0.209502,0.29796,-9.422028,85.73597,10.243154,0.069459,0.992037,-0.063084,0.084015,-8.971817,52.940582,-5.175701,-0.053157,0.970345,0.044809,0.23151,-16.03092,6.213519,0.222479,-0.089005,0.926448,-0.116921,0.346557,6.414434,86.468071,20.273027,-0.004642,0.874057,-0.180117,0.451178,9.454337,51.791199,30.360382,-0.034382,0.871897,0.021406,0.488011,2.10966,7.314855,45.53603,-0.053157,0.970345,0.044809,0.23151,-9.021068,1.74534,-12.662752,-0.034382,0.871897,0.021406,0.488011,14.55516,2.235295,38.157722
828,6.9,-0.029157,0.959878,0.030436,0.277232,-1.495402,86.100243,15.260063,-0.035713,0.979441,0.11361,0.162829,-2.055722,93.764412,15.585132,-0.032336,0.98625,0.102683,0.12539,-4.338992,114.506699,20.08766,0.051701,0.995458,0.031118,0.073634,-6.215083,134.975143,24.161846,0.096547,0.9798,-0.175016,0.006334,-4.504135,149.51001,23.321283,-0.01497,0.917304,0.145629,0.3703,-9.643318,129.130142,22.696003,0.278601,-0.592195,-0.009582,-0.756039,-22.32686,130.535919,10.739812,0.068111,0.219378,-0.468012,-0.853346,-14.916704,122.702202,-11.627376,0.209563,0.336771,-0.534483,-0.746321,-2.472932,144.844711,-3.326032,-0.031597,0.987168,0.123209,0.096546,-2.44806,129.413284,24.586805,0.306099,0.869851,0.175655,-0.344686,14.678129,130.088165,28.056271,-0.067129,0.140444,0.460397,-0.873959,28.955572,119.872032,10.496264,-0.070685,-0.174325,0.673403,-0.714943,15.796959,140.066559,5.992388,0.060448,0.929443,0.209543,0.297613,-9.417498,85.733505,10.251279,0.069497,0.992064,-0.062992,0.083739,-8.96958,52.939014,-5.169551,-0.053204,0.970356,0.044836,0.23145,-16.030142,6.211364,0.221666,-0.088865,0.926551,-0.116984,0.346296,6.426695,86.46698,20.268847,-0.004607,0.874143,-0.180204,0.450976,9.458455,51.789356,30.356068,-0.03462,0.87199,0.021079,0.487843,2.11065,7.315972,45.538895,-0.053204,0.970356,0.044836,0.23145,-9.021369,1.744255,-12.664527,-0.03462,0.87199,0.021079,0.487843,14.554046,2.231564,38.160374
829,6.908333,-0.029178,0.959968,0.030431,0.276919,-1.486501,86.097,15.262011,-0.03557,0.979512,0.113603,0.162438,-2.047001,93.761154,15.587094,-0.032638,0.986295,0.102597,0.125025,-4.322118,114.500954,20.090584,0.051618,0.995485,0.031047,0.073357,-6.208727,134.969315,24.160316,0.096232,0.979821,-0.175082,0.006121,-4.500803,149.504379,23.316959,-0.015174,0.917494,0.145662,0.369807,-9.634157,129.121689,22.69838,0.27863,-0.592463,-0.009909,-0.755813,-22.330225,130.518738,10.754475,0.067845,0.219014,-0.46815,-0.853385,-14.93617,122.692619,-11.620696,0.209259,0.336502,-0.534673,-0.746392,-2.490399,144.838593,-3.329056,-0.031732,0.987195,0.123132,0.096318,-2.437831,129.410004,24.584324,0.306007,0.869802,0.175473,-0.344984,14.689593,130.09079,28.046492,-0.066816,0.140161,0.460198,-0.874133,28.959639,119.878899,10.478015,-0.070295,-0.17454,0.673319,-0.715008,15.788208,140.065659,5.97741,0.060468,0.929541,0.209583,0.297274,-9.411825,85.729637,10.258386,0.069516,0.99208,-0.062929,0.083581,-8.969979,52.936554,-5.165619,-0.053244,0.97035,0.04492,0.231447,-16.030905,6.208378,0.220614,-0.088753,0.926632,-0.117047,0.346086,6.438823,86.464371,20.265636,-0.004555,0.874171,-0.180271,0.450895,9.463773,51.786369,30.353621,-0.034614,0.872005,0.021116,0.487814,2.110194,7.315228,45.540218,-0.053244,0.97035,0.04492,0.231447,-9.021718,1.743943,-12.666282,-0.034614,0.872005,0.021116,0.487814,14.553221,2.231646,38.160503
830,6.916667,-0.029145,0.960057,0.03035,0.276623,-1.478949,86.093994,15.263961,-0.035654,0.979562,0.113593,0.162122,-2.038524,93.758255,15.588162,-0.032699,0.986332,0.102616,0.124698,-4.315526,114.497078,20.091206,0.051469,0.995521,0.03092,0.073019,-6.203425,134.965103,24.161991,0.096029,0.979831,-0.175148,0.005815,-4.500463,149.500458,23.313946,-0.015295,0.917649,0.14557,0.369454,-9.628678,129.116821,22.702303,0.27894,-0.592645,-0.010297,-0.755552,-22.33374,130.506927,10.767159,0.067748,0.218732,-0.468285,-0.85339,-14.950731,122.683624,-11.612639,0.208905,0.336215,-0.534896,-0.746461,-2.506027,144.832214,-3.332426,-0.031701,0.987292,0.122589,0.096026,-2.431196,129.406525,24.583616,0.305841,0.869764,0.175504,-0.345211,14.698262,130.089432,28.03528,-0.066461,0.139844,0.460007,-0.874311,28.965557,119.887779,10.458623,-0.069744,-0.174835,0.673224,-0.715079,15.781895,140.065918,5.961977,0.060477,0.929633,0.209616,0.296961,-9.407381,85.726585,10.265267,0.069531,0.992105,-0.062873,0.083313,-8.970531,52.934574,-5.161171,-0.053313,0.970353,0.044948,0.231414,-16.031002,6.205931,0.22159,-0.088661,0.926703,-0.117081,0.345908,6.449482,86.461411,20.262655,-0.004498,0.874125,-0.180324,0.450965,9.469406,51.782822,30.350124,-0.034573,0.87195,0.021193,0.487913,2.107541,7.313437,45.537838,-0.053313,0.970353,0.044948,0.231414,-9.021928,1.742787,-12.665808,-0.034573,0.87195,0.021193,0.487913,14.552197,2.231247,38.15992
831,6.925,-0.029197,0.960133,0.03034,0.276355,-1.468591,86.09169,15.265173,-0.035793,0.979604,0.113621,0.161818,-2.028804,93.755913,15.589158,-0.032697,0.986378,0.102575,0.124371,-4.310586,114.495659,20.093439,0.051328,0.995552,0.030862,0.072733,-6.196826,134.96405,24.163204,0.095809,0.979824,-0.175312,0.005599,-4.498626,149.499817,23.312609,-0.015467,0.917757,0.145546,0.369188,-9.622746,129.115433,22.706396,0.279032,-0.592843,-0.01043,-0.755361,-22.334505,130.49826,10.777531,0.06757,0.218434,-0.46848,-0.853374,-14.963298,122.67437,-11.605958,0.208749,0.335907,-0.535104,-0.746495,-2.521613,144.827774,-3.335951,-0.031662,0.987359,0.12232,0.095693,-2.424051,129.405685,24.582979,0.305679,0.869758,0.175214,-0.345516,14.707732,130.089645,28.022903,-0.066161,0.139514,0.459811,-0.87449,28.969501,119.892761,10.439001,-0.069152,-0.175145,0.673238,-0.715047,15.771966,140.064163,5.947695,0.060513,0.929711,0.209663,0.296678,-9.399753,85.723091,10.270894,0.069532,0.992113,-0.062861,0.08322,-8.968988,52.932823,-5.159411,-0.053303,0.970368,0.044982,0.231349,-16.029028,6.204051,0.222832,-0.088524,0.926801,-0.117113,0.34567,6.46257,86.460289,20.259453,-0.004473,0.874239,-0.180445,0.450694,9.475125,51.780479,30.344919,-0.034498,0.872038,0.021169,0.487762,2.110691,7.315236,45.543522,-0.053303,0.970368,0.044982,0.231349,-9.021733,1.741726,-12.665822,-0.034498,0.872038,0.021169,0.487762,14.551973,2.231243,38.161148
832,6.933333,-0.029242,0.960226,0.030334,0.276028,-1.45604,86.089226,15.265068,-0.035928,0.979651,0.113646,0.161489,-2.016773,93.75341,15.588973,-0.032812,0.986422,0.102509,0.124047,-4.302838,114.492477,20.094088,0.051148,0.995586,0.030743,0.072443,-6.19218,134.961121,24.16114,0.095656,0.979829,-0.175374,0.00539,-4.499731,149.497314,23.306143,-0.015632,0.917876,0.14559,0.368867,-9.617397,129.111282,22.707575,0.278768,-0.59302,-0.010261,-0.755322,-22.337276,130.487671,10.786622,0.067175,0.217964,-0.468726,-0.85339,-14.97633,122.662758,-11.599886,0.208435,0.335628,-0.53531,-0.74656,-2.535488,144.82251,-3.341729,-0.031758,0.987405,0.122167,0.095386,-2.417614,129.40387,24.579622,0.305645,0.869723,0.174713,-0.345889,14.716005,130.093063,28.00935,-0.066105,0.139354,0.459748,-0.874553,28.966019,119.892815,10.417859,-0.068909,-0.175241,0.673053,-0.715222,15.763492,140.06192,5.93151,0.060615,0.92977,0.209698,0.296447,-9.390546,85.719559,10.276182,0.069522,0.992102,-0.062837,0.083379,-8.96969,52.931248,-5.158562,-0.053349,0.970355,0.044994,0.231388,-16.029469,6.202063,0.220395,-0.088358,0.926922,-0.117237,0.345346,6.478466,86.458893,20.253954,-0.004415,0.874292,-0.180474,0.450581,9.480331,51.779057,30.342525,-0.034199,0.871992,0.02137,0.487857,2.111764,7.314763,45.541908,-0.053349,0.970355,0.044994,0.231388,-9.020684,1.74049,-12.667712,-0.034199,0.871992,0.02137,0.487857,14.552752,2.231528,38.158508
833,6.941667,-0.02921,0.960311,0.030253,0.275745,-1.448039,86.085388,15.266399,-0.035767,0.97971,0.11372,0.161113,-2.007864,93.749687,15.589409,-0.033186,0.986468,0.102355,0.123709,-4.285713,114.48584,20.099037,0.050832,0.995627,0.030596,0.072155,-6.188325,134.954758,24.158463,0.095575,0.979836,-0.175385,0.005222,-4.50554,149.491745,23.297956,-0.01572,0.918007,0.145593,0.368535,-9.609919,129.101685,22.709427,0.27878,-0.593212,-0.010487,-0.755163,-22.338251,130.473526,10.796979,0.066951,0.217647,-0.468917,-0.853384,-14.988846,122.654007,-11.595203,0.208256,0.335418,-0.535601,-0.746495,-2.550453,144.818207,-3.346753,-0.031863,0.987453,0.12198,0.09509,-2.409256,129.400604,24.577084,0.30559,0.869688,0.174635,-0.346063,14.726103,130.095322,27.996973,-0.065833,0.139146,0.459526,-0.874723,28.971788,119.898155,10.400197,-0.068688,-0.175326,0.672898,-0.715368,15.756371,140.059189,5.914743,0.060635,0.929821,0.209786,0.296221,-9.385502,85.715668,10.282225,0.069526,0.992112,-0.062829,0.083258,-8.967723,52.930214,-5.158663,-0.053402,0.970377,0.044972,0.231286,-16.027143,6.200987,0.220413,-0.088257,0.927041,-0.117282,0.345036,6.489424,86.455116,20.250574,-0.004331,0.874285,-0.180526,0.450574,9.486745,51.774754,30.338701,-0.0347,0.872016,0.020985,0.487795,2.109117,7.312179,45.538719,-0.053402,0.970377,0.044972,0.231286,-9.020482,1.739087,-12.668732,-0.0347,0.872016,0.020985,0.487795,14.552029,2.226543,38.160221
834,6.95,-0.029227,0.960394,0.03017,0.275461,-1.436882,86.079987,15.266411,-0.035858,0.979757,0.113731,0.160798,-1.996515,93.744339,15.588292,-0.033293,0.986509,0.102304,0.12339,-4.277113,114.4832,20.099119,0.050774,0.995651,0.030609,0.07186,-6.182573,134.952271,24.156502,0.095323,0.979836,-0.175531,0.004935,-4.502278,149.489517,23.295668,-0.015846,0.918105,0.145574,0.368293,-9.603529,129.098068,22.710485,0.278817,-0.593423,-0.01057,-0.754983,-22.337965,130.464355,10.803925,0.066751,0.217332,-0.469089,-0.853385,-15.001085,122.643852,-11.59202,0.208038,0.335213,-0.53583,-0.746484,-2.563119,144.814041,-3.352965,-0.03221,0.987415,0.12244,0.094782,-2.401798,129.399155,24.573669,0.305641,0.869661,0.174315,-0.346247,14.734829,130.105621,27.984798,-0.065498,0.138957,0.459352,-0.87487,28.972637,119.902756,10.384954,-0.068439,-0.175448,0.672929,-0.715333,15.746868,140.056641,5.898514,0.060677,0.929886,0.209892,0.295931,-9.377267,85.70932,10.286963,0.069576,0.992097,-0.062848,0.083381,-8.964804,52.92746,-5.161684,-0.053276,0.970368,0.044985,0.231353,-16.029757,6.199131,0.2179,-0.088183,0.927055,-0.117323,0.345005,6.503503,86.450645,20.245859,-0.004215,0.874395,-0.180599,0.450333,9.495181,51.770042,30.334812,-0.034741,0.872017,0.020973,0.48779,2.108961,7.30986,45.537643,-0.053276,0.970368,0.044985,0.231353,-9.022626,1.736681,-12.670797,-0.034741,0.872017,0.020973,0.48779,14.552119,2.224524,38.159363
835,6.958333,-0.029167,0.960502,0.030136,0.275093,-1.425323,86.074585,15.26479,-0.036003,0.979804,0.113749,0.160467,-1.983801,93.739021,15.586626,-0.033361,0.986552,0.102264,0.123065,-4.269139,114.478134,20.09811,0.050479,0.995693,0.030469,0.071549,-6.175879,134.947357,24.154114,0.095213,0.979851,-0.175513,0.004738,-4.504713,149.485352,23.288004,-0.015985,0.918237,0.145529,0.367976,-9.596649,129.092331,22.711008,0.278974,-0.593623,-0.01089,-0.754762,-22.339087,130.451889,10.812243,0.066583,0.217029,-0.469226,-0.8534,-15.014368,122.63588,-11.589247,0.20771,0.334991,-0.536017,-0.746541,-2.576657,144.808853,-3.360414,-0.032361,0.987442,0.122418,0.094474,-2.393796,129.395004,24.56959,0.305579,0.869636,0.174134,-0.346456,14.744526,130.108109,27.970791,-0.065279,0.138865,0.459196,-0.874982,28.977039,119.906982,10.365644,-0.06831,-0.175692,0.672451,-0.715734,15.744239,140.053009,5.877409,0.060668,0.929978,0.209951,0.295604,-9.369569,85.704552,10.291459,0.06962,0.992116,-0.062813,0.083144,-8.960561,52.924393,-5.160901,-0.053408,0.970379,0.045013,0.231269,-16.028053,6.196216,0.216667,-0.088077,0.92713,-0.117457,0.344784,6.518922,86.444618,20.238121,-0.004087,0.874518,-0.180663,0.450069,9.502487,51.764915,30.332607,-0.034723,0.872011,0.021044,0.487799,2.107431,7.306844,45.537334,-0.053408,0.970379,0.045013,0.231269,-9.021743,1.735479,-12.673071,-0.034723,0.872011,0.021044,0.487799,14.550892,2.223029,38.15852
836,6.966667,-0.029193,0.960599,0.03008,0.274758,-1.413559,86.069443,15.265926,-0.036095,0.979861,0.113737,0.160106,-1.972074,93.73391,15.587029,-0.033551,0.986596,0.102202,0.12271,-4.259509,114.472626,20.098173,0.050487,0.995708,0.030433,0.071355,-6.17231,134.941849,24.151335,0.09479,0.979867,-0.175654,0.004647,-4.501378,149.479782,23.283796,-0.016046,0.918333,0.145496,0.367747,-9.591535,129.085068,22.711689,0.279183,-0.593791,-0.011187,-0.754549,-22.339811,130.44101,10.818762,0.066508,0.216795,-0.469367,-0.853388,-15.025282,122.627495,-11.586933,0.207539,0.334795,-0.536206,-0.746541,-2.589158,144.804916,-3.367543,-0.032618,0.987473,0.122402,0.094081,-2.387571,129.391205,24.565397,0.30549,0.869713,0.173396,-0.346711,14.752753,130.11496,27.954239,-0.065318,0.13885,0.459079,-0.875044,28.979176,119.906006,10.348717,-0.068077,-0.17569,0.672197,-0.715995,15.73979,140.050232,5.860834,0.060728,0.930038,0.210034,0.295341,-9.361237,85.69841,10.298157,0.069637,0.992113,-0.062801,0.083182,-8.958778,52.921329,-5.160889,-0.053372,0.970373,0.045026,0.231301,-16.02799,6.193242,0.215172,-0.087932,0.927186,-0.117464,0.344668,6.53412,86.440468,20.233696,-0.004104,0.874442,-0.18078,0.45017,9.509111,51.759052,30.324793,-0.034809,0.872055,0.020943,0.487719,2.108684,7.305032,45.538746,-0.053372,0.970373,0.045026,0.231301,-9.021194,1.732648,-12.67435,-0.034809,0.872055,0.020943,0.487719,14.551141,2.219884,38.159149
837,6.975,-0.029221,0.960688,0.030082,0.274445,-1.403785,86.067635,15.264292,-0.036136,0.979909,0.11376,0.159785,-1.962622,93.732071,15.585492,-0.03368,0.986634,0.102162,0.1224,-4.250202,114.468399,20.097622,0.050369,0.995737,0.030294,0.071087,-6.166841,134.937592,24.149057,0.094534,0.979891,-0.175664,0.004442,-4.49979,149.475677,23.276707,-0.016175,0.918424,0.145506,0.36751,-9.585134,129.079575,22.712259,0.27915,-0.593981,-0.011243,-0.75441,-22.339354,130.430267,10.825102,0.066273,0.216437,-0.469542,-0.853401,-15.036124,122.617111,-11.584414,0.207279,0.334573,-0.536368,-0.746596,-2.600188,144.799438,-3.375703,-0.032642,0.987576,0.12199,0.093529,-2.380164,129.388168,24.561653,0.30529,0.869772,0.172957,-0.346959,14.763735,130.116562,27.931389,-0.065388,0.138569,0.458837,-0.875209,28.987671,119.909904,10.32251,-0.067776,-0.175757,0.672114,-0.716086,15.732719,140.048462,5.84604,0.060744,0.93012,0.210038,0.295078,-9.354652,85.695885,10.301675,0.069647,0.99213,-0.062762,0.082992,-8.957579,52.919067,-5.158076,-0.053419,0.970383,0.045063,0.23124,-16.026392,6.190639,0.215616,-0.087866,0.927246,-0.117539,0.344498,6.547081,86.439384,20.22691,-0.004027,0.874521,-0.180866,0.449983,9.517587,51.758408,30.320852,-0.034328,0.87202,0.021252,0.487803,2.110405,7.307264,45.539909,-0.053419,0.970383,0.045063,0.23124,-9.02068,1.73137,-12.67496,-0.034328,0.87202,0.021252,0.487803,14.551161,2.222914,38.156891
838,6.983333,-0.029248,0.960773,0.030043,0.274149,-1.393391,86.06356,15.264954,-0.036141,0.97996,0.11377,0.159466,-1.952364,93.728012,15.585635,-0.033866,0.986675,0.102066,0.1221,-4.238685,114.463661,20.098726,0.050182,0.995768,0.030235,0.070811,-6.16131,134.933167,24.145844,0.094335,0.9799,-0.175725,0.00422,-4.500309,149.471786,23.27087,-0.016299,0.918556,0.145484,0.367182,-9.578042,129.07338,22.712494,0.279284,-0.59415,-0.011491,-0.754224,-22.340527,130.418076,10.833541,0.066211,0.216116,-0.469633,-0.853437,-15.047522,122.607788,-11.580296,0.207138,0.334293,-0.536592,-0.7466,-2.608942,144.792938,-3.384726,-0.03275,0.987605,0.121929,0.093257,-2.372169,129.385345,24.557785,0.305254,0.869721,0.17265,-0.347271,14.773254,130.118866,27.918613,-0.065193,0.138334,0.458722,-0.875322,28.987514,119.911957,10.302094,-0.067482,-0.175915,0.672115,-0.716073,15.723292,140.047318,5.829882,0.060667,0.930281,0.210119,0.294527,-9.347277,85.690918,10.307251,0.069704,0.992145,-0.062724,0.082797,-8.95237,52.915878,-5.156335,-0.053382,0.970386,0.045098,0.23123,-16.025217,6.187755,0.214683,-0.087766,0.927315,-0.117589,0.344321,6.560496,86.436211,20.222656,-0.00398,0.874495,-0.180946,0.450001,9.524983,51.754807,30.316893,-0.034686,0.872059,0.020901,0.487723,2.110101,7.306379,45.540134,-0.053382,0.970386,0.045098,0.23123,-9.020114,1.729199,-12.676466,-0.034686,0.872059,0.020901,0.487723,14.551266,2.218401,38.160316
839,6.991667,-0.029227,0.960858,0.029799,0.273879,-1.384512,86.058403,15.270194,-0.036245,0.980008,0.113704,0.159191,-1.942057,93.723091,15.587513,-0.033917,0.986714,0.102002,0.121819,-4.231181,114.460327,20.09807,0.05004,0.995793,0.030083,0.070627,-6.154451,134.930222,24.14287,0.094009,0.979919,-0.175797,0.004157,-4.497804,149.469025,23.262838,-0.016411,0.918702,0.145427,0.366835,-9.571149,129.069717,22.71236,0.279609,-0.594285,-0.011795,-0.753993,-22.342421,130.408234,10.842153,0.066349,0.21585,-0.469719,-0.853446,-15.057741,122.597733,-11.574317,0.207072,0.334183,-0.536751,-0.746553,-2.618137,144.786377,-3.395005,-0.032876,0.987634,0.121845,0.093017,-2.364309,129.383011,24.553648,0.305277,0.869669,0.172461,-0.347476,14.78239,130.122208,27.906721,-0.064845,0.138167,0.458704,-0.875383,28.988911,119.913589,10.284943,-0.067046,-0.176253,0.671832,-0.716297,15.722342,140.045578,5.811833,0.060704,0.930308,0.210211,0.29437,-9.341195,85.684677,10.317061,0.069724,0.992148,-0.062687,0.082778,-8.949329,52.912758,-5.153216,-0.053488,0.970383,0.04513,0.231213,-16.023636,6.184462,0.214319,-0.087699,0.927419,-0.117541,0.344073,6.572171,86.432129,20.223328,-0.003876,0.874598,-0.181058,0.449758,9.536125,51.749062,30.312004,-0.034775,0.872104,0.02081,0.487639,2.112057,7.304436,45.541859,-0.053488,0.970383,0.04513,0.231213,-9.017869,1.727607,-12.677058,-0.034775,0.872104,0.02081,0.487639,14.55223,2.215422,38.161079
840,7.0,-0.029198,0.960938,0.029698,0.273613,-1.375216,86.056778,15.270281,-0.036346,0.980048,0.113717,0.158911,-1.931814,93.721596,15.586381,-0.034005,0.986754,0.101922,0.121537,-4.223836,114.457275,20.097225,0.049698,0.995836,0.03,0.070297,-6.149174,134.927612,24.138836,0.093975,0.979917,-0.175828,0.003889,-4.503164,149.467392,23.25506,-0.016535,0.91874,0.145435,0.366732,-9.565427,129.066101,22.711391,0.2796,-0.594469,-0.011766,-0.753851,-22.339197,130.400162,10.843374,0.066203,0.215566,-0.469875,-0.853443,-15.065372,122.586212,-11.575415,0.207118,0.333817,-0.537088,-0.746462,-2.626449,144.780304,-3.405575,-0.032932,0.987675,0.121669,0.092788,-2.357653,129.381271,24.5487,0.30527,0.8696,0.17224,-0.347763,14.790411,130.123993,27.894009,-0.064579,0.137889,0.458619,-0.875491,28.987234,119.915352,10.264429,-0.066679,-0.176434,0.672074,-0.716059,15.712089,140.044983,5.79596,0.06064,0.930403,0.210236,0.294065,-9.334666,85.682877,10.321609,0.069799,0.992176,-0.062611,0.08243,-8.942973,52.911156,-5.149093,-0.053489,0.9704,0.04512,0.231144,-16.021936,6.182948,0.213107,-0.08746,0.927396,-0.117397,0.344246,6.584234,86.430687,20.218954,-0.004111,0.874294,-0.181181,0.450297,9.534065,51.742111,30.292839,-0.034481,0.872051,0.02109,0.487743,2.114817,7.301897,45.537914,-0.053489,0.9704,0.04512,0.231144,-9.017987,1.72573,-12.679132,-0.034481,0.872051,0.02109,0.487743,14.555255,2.215693,38.15564
841,7.008333,-0.029151,0.961013,0.02966,0.273358,-1.366792,86.054916,15.269309,-0.036426,0.980096,0.113716,0.158599,-1.922458,93.719803,15.585199,-0.034067,0.9868,0.101859,0.121206,-4.216291,114.454628,20.096025,0.049466,0.995875,0.029814,0.069981,-6.142539,134.925323,24.135376,0.093802,0.979931,-0.17585,0.003662,-4.503776,149.46553,23.245117,-0.016623,0.918871,0.145342,0.366436,-9.558703,129.062988,22.711149,0.279662,-0.594616,-0.011812,-0.753712,-22.33996,130.391464,10.850574,0.066183,0.215211,-0.470004,-0.853464,-15.074852,122.57531,-11.570269,0.207085,0.333622,-0.537309,-0.746399,-2.634449,144.773911,-3.416504,-0.03294,0.98772,0.121468,0.092573,-2.349799,129.379715,24.543737,0.305212,0.86955,0.171805,-0.348154,14.799627,130.124329,27.881596,-0.064531,0.137789,0.458572,-0.875535,28.984674,119.914749,10.243093,-0.066538,-0.176548,0.671979,-0.716134,15.706323,140.042282,5.77748,0.060646,0.930481,0.210203,0.293841,-9.328901,85.681473,10.324886,0.069789,0.992184,-0.06254,0.082397,-8.942108,52.908802,-5.14391,-0.05351,0.970406,0.045161,0.231107,-16.01943,6.17961,0.211919,-0.08738,0.927493,-0.117429,0.343993,6.595316,86.42836,20.213732,-0.004053,0.87432,-0.181264,0.450212,9.541784,51.739334,30.287043,-0.034587,0.872069,0.020982,0.487708,2.115624,7.301932,45.536934,-0.05351,0.970406,0.045161,0.231107,-9.016185,1.723672,-12.68114,-0.034587,0.872069,0.020982,0.487708,14.555976,2.214525,38.155357
842,7.016667,-0.029129,0.96108,0.029565,0.273136,-1.358122,86.053841,15.269679,-0.03647,0.980135,0.113685,0.158368,-1.912997,93.718842,15.584382,-0.034158,0.98683,0.1018,0.120978,-4.207368,114.4534,20.094051,0.049239,0.995911,0.029822,0.069626,-6.13616,134.924347,24.130936,0.093734,0.979926,-0.17592,0.00324,-4.504965,149.465363,23.239771,-0.016747,0.91898,0.145265,0.366189,-9.551715,129.06105,22.709141,0.279878,-0.594764,-0.011981,-0.753512,-22.339174,130.383224,10.854528,0.066173,0.214928,-0.470112,-0.853476,-15.082991,122.564827,-11.568433,0.206913,0.333388,-0.537464,-0.74644,-2.641956,144.766724,-3.42788,-0.032971,0.98776,0.121263,0.092405,-2.342076,129.379593,24.538542,0.305224,0.869475,0.171536,-0.348464,14.80838,130.126709,27.870613,-0.06432,0.137584,0.458515,-0.875613,28.982359,119.915756,10.223989,-0.066194,-0.176558,0.672005,-0.716139,15.698433,140.040833,5.761595,0.060561,0.930621,0.210201,0.293414,-9.322543,85.680145,10.32899,0.069866,0.992182,-0.062468,0.082411,-8.937141,52.906681,-5.138166,-0.053481,0.9704,0.0452,0.231131,-16.021236,6.177658,0.210162,-0.087318,0.927592,-0.117427,0.343744,6.606298,86.427536,20.210367,-0.003956,0.874355,-0.181372,0.450102,9.551395,51.737698,30.281248,-0.034525,0.872064,0.020939,0.487723,2.114469,7.303956,45.536587,-0.053481,0.9704,0.0452,0.231131,-9.017621,1.722623,-12.683019,-0.034525,0.872064,0.020939,0.487723,14.554294,2.214583,38.15546
843,7.025,-0.029078,0.961157,0.029503,0.272875,-1.349739,86.053154,15.269949,-0.036525,0.98018,0.113626,0.158124,-1.90351,93.718254,15.584113,-0.03428,0.986863,0.101716,0.120747,-4.198603,114.452789,20.091461,0.049154,0.995927,0.029744,0.069489,-6.131074,134.924088,24.124756,0.093416,0.979929,-0.176076,0.003183,-4.502581,149.46524,23.230907,-0.01686,0.919074,0.145267,0.365946,-9.545689,129.059586,22.705709,0.280148,-0.594852,-0.012078,-0.753341,-22.339228,130.376862,10.857131,0.06623,0.214678,-0.470259,-0.853454,-15.088381,122.55278,-11.565557,0.206903,0.332996,-0.537604,-0.746516,-2.649251,144.760086,-3.43878,-0.032974,0.987778,0.12132,0.092131,-2.335345,129.380447,24.531914,0.305216,0.869395,0.171675,-0.348603,14.816865,130.128647,27.854645,-0.063975,0.137243,0.45833,-0.875788,28.986258,119.922844,10.201385,-0.065893,-0.176682,0.672134,-0.716015,15.689878,140.039871,5.744273,0.060554,0.930705,0.210204,0.293149,-9.316886,85.679886,10.333634,0.069876,0.992196,-0.062416,0.082277,-8.935382,52.906448,-5.133679,-0.053403,0.970418,0.045242,0.231065,-16.0193,6.176943,0.210635,-0.087314,0.927692,-0.117419,0.343478,6.617408,86.42643,20.206264,-0.003812,0.874425,-0.181509,0.449913,9.565308,51.736389,30.275637,-0.03494,0.872117,0.020491,0.487618,2.113825,7.307279,45.537334,-0.053403,0.970418,0.045242,0.231065,-9.018165,1.722424,-12.684065,-0.03494,0.872117,0.020491,0.487618,14.553743,2.212673,38.159988
844,7.033333,-0.029076,0.961226,0.029475,0.272636,-1.337253,86.052032,15.268943,-0.036648,0.980219,0.113601,0.157867,-1.890802,93.717155,15.582836,-0.034376,0.986898,0.10166,0.120483,-4.189889,114.4534,20.08931,0.04897,0.99596,0.029756,0.069143,-6.124971,134.924896,24.120293,0.093358,0.979919,-0.176169,0.002799,-4.502782,149.466721,23.225763,-0.017049,0.91918,0.145184,0.365702,-9.538969,129.059402,22.703917,0.280408,-0.595031,-0.012298,-0.753099,-22.338516,130.36824,10.860889,0.066283,0.214419,-0.470299,-0.853493,-15.098513,122.542099,-11.564585,0.206837,0.332679,-0.537765,-0.74656,-2.654886,144.75296,-3.450288,-0.033026,0.98781,0.121199,0.091936,-2.327776,129.382187,24.526423,0.305239,0.869323,0.171442,-0.348875,14.825567,130.133453,27.842617,-0.063711,0.137002,0.458234,-0.875896,28.984838,119.926048,10.182151,-0.065583,-0.17679,0.672219,-0.715937,15.681255,140.0383,5.728567,0.060544,0.930857,0.210149,0.292706,-9.306842,85.678482,10.336592,0.069906,0.992206,-0.062343,0.08218,-8.933247,52.903271,-5.127157,-0.053505,0.970412,0.045286,0.231057,-16.018904,6.173298,0.210752,-0.087178,0.927739,-0.117384,0.343396,6.632337,86.425591,20.201294,-0.003803,0.87435,-0.181645,0.450003,9.572985,51.733253,30.264877,-0.03494,0.872135,0.020452,0.487588,2.113414,7.308811,45.536221,-0.053505,0.970412,0.045286,0.231057,-9.016884,1.720799,-12.684165,-0.03494,0.872135,0.020452,0.487588,14.552647,2.213218,38.158398
845,7.041667,-0.02906,0.96131,0.029406,0.272347,-1.326298,86.050636,15.26936,-0.036526,0.980276,0.113613,0.157532,-1.879238,93.715836,15.582464,-0.03481,0.986937,0.101468,0.120202,-4.171445,114.449524,20.090446,0.048892,0.995979,0.029607,0.068981,-6.122361,134.921402,24.111904,0.093212,0.979926,-0.176205,0.002729,-4.502596,149.463196,23.212585,-0.017037,0.919291,0.145214,0.365413,-9.531942,129.052231,22.700089,0.280692,-0.595117,-0.012322,-0.752925,-22.338921,130.360291,10.865007,0.066398,0.214091,-0.470494,-0.853458,-15.104005,122.525337,-11.559036,0.206803,0.33245,-0.537891,-0.746581,-2.661718,144.746124,-3.463056,-0.033187,0.987839,0.121131,0.091656,-2.320189,129.382172,24.5191,0.305374,0.869231,0.171509,-0.348955,14.834584,130.140427,27.826305,-0.063267,0.136675,0.458123,-0.876037,28.986996,119.930435,10.161826,-0.065255,-0.176992,0.672259,-0.71588,15.674004,140.037201,5.711003,0.060554,0.930962,0.210125,0.292386,-9.298858,85.676804,10.341832,0.069903,0.992182,-0.062305,0.082499,-8.931767,52.900948,-5.120716,-0.053714,0.970402,0.045338,0.231039,-16.018541,6.170469,0.211377,-0.087097,0.927804,-0.117394,0.343239,6.646262,86.424469,20.196888,-0.003725,0.87435,-0.181747,0.449964,9.582918,51.731266,30.25865,-0.034889,0.872104,0.02039,0.487649,2.113184,7.310283,45.535091,-0.053714,0.970402,0.045338,0.231039,-9.014813,1.721052,-12.683678,-0.034889,0.872104,0.02039,0.487649,14.552673,2.212414,38.159267
846,7.05,-0.029004,0.961391,0.029241,0.272085,-1.317438,86.050751,15.271383,-0.036638,0.980313,0.113607,0.157281,-1.868765,93.716148,15.582435,-0.034864,0.986975,0.101369,0.119954,-4.164416,114.448944,20.089855,0.048496,0.99602,0.029433,0.068749,-6.116086,134.921509,24.107464,0.093175,0.979909,-0.17632,0.002644,-4.508105,149.464203,23.201843,-0.017326,0.919388,0.145141,0.365184,-9.525575,129.051559,22.698666,0.280837,-0.595279,-0.01252,-0.752739,-22.338043,130.348175,10.868275,0.066419,0.213835,-0.470571,-0.853479,-15.112981,122.513924,-11.559196,0.206833,0.332191,-0.537956,-0.746641,-2.66854,144.738342,-3.475349,-0.033215,0.987871,0.121012,0.091454,-2.312992,129.382858,24.514126,0.305453,0.86912,0.171632,-0.349101,14.843006,130.143387,27.81443,-0.062787,0.136379,0.457993,-0.876185,28.987965,119.93502,10.143047,-0.064898,-0.177109,0.672372,-0.715777,15.66591,140.034256,5.692981,0.060519,0.931079,0.210123,0.292023,-9.292737,85.676903,10.348291,0.069942,0.992197,-0.062212,0.082362,-8.929359,52.900677,-5.113546,-0.053661,0.97041,0.045319,0.231022,-16.018433,6.169644,0.21048,-0.087037,0.927914,-0.117354,0.342969,6.65786,86.424599,20.194475,-0.003655,0.874338,-0.18186,0.449941,9.594483,51.729958,30.251307,-0.034821,0.87211,0.020326,0.487647,2.114433,7.31287,45.534016,-0.053661,0.97041,0.045319,0.231022,-9.015716,1.719268,-12.684788,-0.034821,0.87211,0.020326,0.487647,14.552929,2.212413,38.15831
847,7.058333,-0.028991,0.961466,0.029197,0.271828,-1.307289,86.049675,15.272392,-0.03668,0.980362,0.113562,0.156999,-1.858162,93.715126,15.582993,-0.035003,0.987016,0.101252,0.119677,-4.153981,114.448311,20.088917,0.048314,0.996049,0.029354,0.068486,-6.109676,134.921448,24.101564,0.093061,0.9799,-0.176435,0.002431,-4.507573,149.4646,23.192808,-0.017471,0.919473,0.145113,0.364976,-9.518144,129.050095,22.696251,0.280979,-0.595404,-0.01253,-0.752588,-22.335751,130.340591,10.870757,0.066386,0.213533,-0.470688,-0.853492,-15.11807,122.500702,-11.557115,0.20666,0.331965,-0.538176,-0.746631,-2.672353,144.729874,-3.486268,-0.033276,0.987897,0.120906,0.091288,-2.304717,129.384079,24.507866,0.305468,0.869055,0.17133,-0.349398,14.852201,130.147797,27.802652,-0.062565,0.136236,0.457822,-0.876313,28.986412,119.937073,10.12404,-0.064821,-0.17708,0.672493,-0.715677,15.65405,140.030975,5.673551,0.060502,0.931208,0.210163,0.291587,-9.285228,85.675652,10.353597,0.069986,0.992228,-0.06215,0.081999,-8.927108,52.900505,-5.110648,-0.053601,0.970414,0.045313,0.231022,-16.017872,6.169307,0.209733,-0.086943,0.928003,-0.117323,0.342764,6.670651,86.423698,20.191189,-0.003566,0.874348,-0.181962,0.449882,9.604013,51.727348,30.243048,-0.034786,0.872057,0.02031,0.487745,2.113158,7.313728,45.53054,-0.053601,0.970414,0.045313,0.231022,-9.015773,1.718287,-12.685649,-0.034786,0.872057,0.02031,0.487745,14.552901,2.212432,38.157524
848,7.066667,-0.029,0.961547,0.029098,0.27155,-1.294657,86.05114,15.274874,-0.036798,0.980404,0.113535,0.156728,-1.845158,93.716667,15.584137,-0.035116,0.987061,0.101084,0.119417,-4.144576,114.450706,20.089012,0.048131,0.996076,0.029331,0.06823,-6.10306,134.924942,24.094698,0.092941,0.979884,-0.176593,0.00221,-4.506907,149.468674,23.184441,-0.017716,0.919589,0.145031,0.364704,-9.510851,129.052246,22.693327,0.281248,-0.595536,-0.012745,-0.752379,-22.335091,130.332382,10.873901,0.06652,0.213349,-0.470774,-0.853481,-15.125486,122.490585,-11.555896,0.20672,0.331853,-0.538214,-0.746637,-2.680258,144.723541,-3.49752,-0.033355,0.987925,0.120837,0.091048,-2.296615,129.388611,24.501272,0.305615,0.868969,0.171373,-0.349462,14.861648,130.156296,27.788124,-0.062115,0.136002,0.45768,-0.876455,28.989147,119.941818,10.106317,-0.064567,-0.177118,0.672411,-0.715768,15.647724,140.028412,5.65454,0.060517,0.931335,0.210171,0.291172,-9.275414,85.676262,10.360716,0.070002,0.992218,-0.062101,0.082143,-8.925001,52.901482,-5.104504,-0.05376,0.970422,0.045303,0.230952,-16.017719,6.169924,0.210149,-0.086992,0.928268,-0.117473,0.34198,6.6861,86.42601,20.189032,-0.003131,0.874763,-0.18204,0.449045,9.627424,51.732826,30.249491,-0.034753,0.872095,0.020045,0.487689,2.111749,7.321602,45.53178,-0.05376,0.970422,0.045303,0.230952,-9.015857,1.719748,-12.685649,-0.034753,0.872095,0.020045,0.487689,14.549008,2.213157,38.159519
849,7.075,-0.028987,0.961619,0.029048,0.271304,-1.283176,86.051346,15.27515,-0.036855,0.980439,0.113529,0.156499,-1.833196,93.716934,15.583876,-0.03527,0.987093,0.100953,0.119211,-4.134138,114.452789,20.0891,0.048051,0.996096,0.0292,0.068052,-6.09751,134.927689,24.089058,0.092771,0.979881,-0.176698,0.002057,-4.503927,149.47142,23.174479,-0.017875,0.919701,0.144879,0.364472,-9.503993,129.053467,22.690817,0.281385,-0.59566,-0.012846,-0.752228,-22.333948,130.325287,10.876698,0.066462,0.213086,-0.470835,-0.853517,-15.131813,122.481384,-11.55477,0.20653,0.331549,-0.538451,-0.746653,-2.683663,144.716492,-3.506673,-0.033331,0.987962,0.120733,0.090797,-2.289186,129.39267,24.495956,0.305643,0.868909,0.171173,-0.349685,14.87073,130.16098,27.774031,-0.061674,0.135696,0.457658,-0.876546,28.989679,119.944633,10.086463,-0.06386,-0.17744,0.672347,-0.715811,15.643414,140.028015,5.637374,0.060534,0.931447,0.210136,0.290835,-9.266462,85.676277,10.365114,0.070041,0.992236,-0.062017,0.081956,-8.923551,52.900578,-5.098303,-0.053682,0.970416,0.045405,0.230975,-16.018291,6.168541,0.209446,-0.086975,0.92837,-0.117465,0.34171,6.700109,86.426414,20.185188,-0.002977,0.874722,-0.182152,0.44908,9.64339,51.732887,30.243906,-0.034644,0.872035,0.020039,0.487805,2.109423,7.32547,45.528255,-0.053682,0.970416,0.045405,0.230975,-9.016516,1.720695,-12.687209,-0.034644,0.872035,0.020039,0.487805,14.547578,2.215363,38.158661
850,7.083333,-0.028965,0.961706,0.029047,0.270994,-1.268955,86.049652,15.276516,-0.037094,0.980496,0.113333,0.156231,-1.818547,93.715263,15.585481,-0.035198,0.987126,0.101019,0.118907,-4.126819,114.450798,20.081291,0.047545,0.996147,0.02889,0.06779,-6.08633,134.925339,24.084934,0.092697,0.979894,-0.176668,0.002043,-4.507587,149.470016,23.159878,-0.018088,0.91976,0.144893,0.364307,-9.494078,129.051514,22.688122,0.281365,-0.595846,-0.012859,-0.752088,-22.327978,130.315811,10.877478,0.066279,0.212832,-0.470993,-0.853508,-15.136844,122.470299,-11.556957,0.206413,0.331355,-0.538509,-0.74673,-2.690589,144.709763,-3.516379,-0.03362,0.987991,0.120621,0.090519,-2.278118,129.39003,24.488783,0.305672,0.868868,0.170881,-0.349903,14.882888,130.169861,27.758411,-0.061083,0.135273,0.457487,-0.876742,28.993374,119.949677,10.066316,-0.063098,-0.177836,0.672501,-0.715636,15.632948,140.026138,5.620053,0.060613,0.931555,0.210165,0.290453,-9.255409,85.674751,10.371622,0.070054,0.99223,-0.061998,0.082031,-8.923548,52.900623,-5.095376,-0.053779,0.970404,0.04542,0.231001,-16.019749,6.168541,0.209984,-0.086911,0.928449,-0.117493,0.341503,6.717499,86.424553,20.181408,-0.002863,0.874712,-0.182272,0.449052,9.658054,51.730694,30.239763,-0.034769,0.872057,0.02,0.487758,2.109977,7.327363,45.529003,-0.053779,0.970404,0.04542,0.231001,-9.01628,1.721911,-12.686172,-0.034769,0.872057,0.02,0.487758,14.548336,2.218057,38.159199
851,7.091667,-0.028974,0.961788,0.028987,0.270712,-1.256909,86.0513,15.279254,-0.03711,0.980549,0.113289,0.155926,-1.806295,93.716957,15.587458,-0.035406,0.987173,0.100822,0.118624,-4.113117,114.449051,20.081203,0.047241,0.996175,0.028723,0.067667,-6.079113,134.924652,24.076256,0.092492,0.979894,-0.176771,0.002143,-4.509239,149.46994,23.145494,-0.018212,0.919894,0.144866,0.363975,-9.485127,129.048752,22.68395,0.281332,-0.59598,-0.012828,-0.751994,-22.327328,130.306915,10.881678,0.06624,0.212546,-0.471153,-0.853494,-15.144102,122.459282,-11.554549,0.206468,0.331303,-0.538546,-0.746711,-2.699431,144.704254,-3.52679,-0.033647,0.988045,0.120291,0.090356,-2.268384,129.391113,24.48074,0.305648,0.868808,0.170999,-0.350017,14.893587,130.173676,27.744652,-0.060698,0.134997,0.457265,-0.876927,29.000851,119.958458,10.047117,-0.062756,-0.177922,0.672282,-0.715851,15.627522,140.025085,5.602487,0.060673,0.931646,0.21015,0.290159,-9.246229,85.675735,10.379081,0.070062,0.992244,-0.061906,0.081915,-8.923592,52.901684,-5.088278,-0.053789,0.970412,0.045445,0.230959,-16.019287,6.168628,0.209128,-0.086815,0.928493,-0.117475,0.341414,6.732412,86.426872,20.179426,-0.002799,0.874693,-0.182377,0.449047,9.667969,51.731491,30.233992,-0.034751,0.87206,0.019887,0.487759,2.110171,7.331758,45.528881,-0.053789,0.970412,0.045445,0.230959,-9.016805,1.722732,-12.687818,-0.034751,0.87206,0.019887,0.487759,14.547865,2.219381,38.160076
852,7.1,-0.028939,0.961877,0.028795,0.270419,-1.247096,86.05249,15.284297,-0.037195,0.980597,0.113192,0.155674,-1.795081,93.718346,15.589982,-0.035548,0.987205,0.100729,0.118391,-4.103463,114.449074,20.079275,0.047213,0.996189,0.02848,0.067576,-6.073944,134.925049,24.070251,0.092177,0.979903,-0.176889,0.002171,-4.50468,149.469925,23.132198,-0.01834,0.91997,0.14479,0.363806,-9.478779,129.047775,22.680832,0.281404,-0.596101,-0.012814,-0.751872,-22.325108,130.299973,10.882411,0.066158,0.212298,-0.471308,-0.853476,-15.149051,122.447929,-11.55457,0.206275,0.331281,-0.538722,-0.746648,-2.706458,144.697861,-3.536763,-0.033751,0.988091,0.120101,0.090069,-2.261362,129.392746,24.474419,0.305612,0.868818,0.17043,-0.3503,14.902182,130.180786,27.728752,-0.060613,0.134919,0.457143,-0.877008,29.000669,119.959473,10.027737,-0.062584,-0.178006,0.672089,-0.716026,15.620277,140.02269,5.583457,0.060716,0.931694,0.210172,0.289979,-9.239427,85.676369,10.389072,0.070105,0.992247,-0.061814,0.081912,-8.922206,52.903389,-5.080667,-0.053668,0.970419,0.045415,0.230966,-16.021162,6.169817,0.20784,-0.086735,0.928559,-0.117447,0.341266,6.745235,86.428604,20.179522,-0.002764,0.874579,-0.182432,0.449247,9.677776,51.731728,30.229828,-0.034664,0.872026,0.019859,0.487826,2.111196,7.33391,45.525951,-0.053668,0.970419,0.045415,0.230966,-9.019746,1.722143,-12.689075,-0.034664,0.872026,0.019859,0.487826,14.549067,2.219623,38.158764
853,7.108333,-0.028948,0.961975,0.028748,0.270073,-1.233464,86.053154,15.285576,-0.037377,0.980635,0.113143,0.155424,-1.781272,93.71904,15.590732,-0.035628,0.987238,0.100644,0.118166,-4.095765,114.449272,20.077272,0.047078,0.996212,0.028316,0.067408,-6.068218,134.92572,24.064816,0.092052,0.97989,-0.177026,0.00209,-4.503031,149.470703,23.121401,-0.018558,0.919988,0.144789,0.363749,-9.472589,129.047562,22.678085,0.281596,-0.596234,-0.012886,-0.751693,-22.320089,130.292419,10.880167,0.06609,0.212149,-0.471441,-0.853445,-15.15198,122.435425,-11.557622,0.206135,0.331083,-0.538917,-0.746633,-2.712445,144.689758,-3.545559,-0.033835,0.988134,0.119893,0.089843,-2.254467,129.394196,24.468502,0.305612,0.86879,0.170137,-0.350511,14.910295,130.186783,27.715296,-0.060331,0.134728,0.456993,-0.877135,29.001415,119.962563,10.010102,-0.062281,-0.17813,0.672073,-0.716036,15.612162,140.019287,5.566506,0.060758,0.931799,0.210169,0.289633,-9.229294,85.676399,10.396121,0.070129,0.992254,-0.061736,0.081863,-8.920654,52.903694,-5.074365,-0.053736,0.970402,0.045408,0.231019,-16.021111,6.169537,0.206951,-0.086615,0.92862,-0.117473,0.341119,6.762366,86.429901,20.175032,-0.002649,0.874654,-0.182523,0.449065,9.687822,51.731979,30.223783,-0.03469,0.871999,0.019729,0.487878,2.110996,7.337255,45.5238,-0.053736,0.970402,0.045408,0.231019,-9.017627,1.722254,-12.688972,-0.03469,0.871999,0.019729,0.487878,14.549377,2.220113,38.159458
854,7.116667,-0.028903,0.962053,0.028551,0.269823,-1.226576,86.050064,15.290364,-0.037406,0.98069,0.113029,0.155151,-1.772827,93.716171,15.592933,-0.035715,0.987282,0.1005,0.117891,-4.086729,114.449348,20.075668,0.046866,0.996241,0.028145,0.067196,-6.060994,134.926743,24.057419,0.091955,0.97989,-0.177077,0.002004,-4.502235,149.472031,23.108234,-0.01878,0.920066,0.144748,0.363556,-9.464971,129.04747,22.67444,0.281523,-0.596339,-0.012761,-0.751639,-22.317087,130.28363,10.880643,0.065949,0.211926,-0.471642,-0.8534,-15.155056,122.422623,-11.55767,0.206179,0.330922,-0.539134,-0.746536,-2.720087,144.683548,-3.553087,-0.03403,0.988162,0.119863,0.0895,-2.245976,129.396088,24.460945,0.305636,0.868808,0.169612,-0.350701,14.920473,130.196976,27.696728,-0.060178,0.134583,0.456844,-0.877246,29.004276,119.963898,9.990837,-0.062063,-0.178255,0.671779,-0.716301,15.605894,140.015961,5.548704,0.060708,0.931921,0.210225,0.28921,-9.224985,85.672943,10.405162,0.070165,0.992266,-0.061672,0.081742,-8.918828,52.901489,-5.068013,-0.05372,0.97041,0.045487,0.230974,-16.021555,6.16706,0.207853,-0.086599,0.928661,-0.117471,0.341012,6.771834,86.427185,20.175568,-0.00252,0.874732,-0.182582,0.448889,9.697451,51.729023,30.223471,-0.034853,0.872015,0.019679,0.487841,2.110443,7.336268,45.524162,-0.05372,0.97041,0.045487,0.230974,-9.019327,1.721843,-12.689459,-0.034853,0.872015,0.019679,0.487841,14.549512,2.220209,38.160236
855,7.125,-0.028887,0.962123,0.028567,0.26957,-1.216157,86.050797,15.291953,-0.037465,0.980743,0.11293,0.154879,-1.762154,93.716904,15.594962,-0.035858,0.987318,0.100419,0.117619,-4.076603,114.450493,20.073742,0.046647,0.996274,0.027847,0.06699,-6.055272,134.928146,24.052023,0.091889,0.979883,-0.17715,0.001938,-4.502902,149.473495,23.093369,-0.018932,0.920166,0.144679,0.363323,-9.458107,129.047485,22.672071,0.281715,-0.596449,-0.012862,-0.751478,-22.315945,130.276657,10.88378,0.065968,0.21171,-0.471787,-0.853372,-15.160537,122.412109,-11.555411,0.206119,0.330796,-0.539274,-0.746507,-2.728158,144.678146,-3.56214,-0.034145,0.988191,0.11979,0.089236,-2.238309,129.398758,24.454807,0.305619,0.868838,0.169114,-0.350882,14.929515,130.204971,27.681971,-0.060015,0.134459,0.4567,-0.87735,29.00754,119.96505,9.975433,-0.061682,-0.178224,0.671466,-0.716635,15.601119,140.01181,5.533906,0.060657,0.932056,0.210235,0.28878,-9.21714,85.673874,10.41095,0.070231,0.992262,-0.061613,0.081775,-8.914452,52.902267,-5.061981,-0.05382,0.9704,0.045462,0.230999,-16.02305,6.168014,0.207539,-0.086519,0.928713,-0.117477,0.340891,6.784825,86.427719,20.172956,-0.002456,0.874746,-0.182666,0.448827,9.706281,51.728653,30.218908,-0.034912,0.871995,0.019653,0.487873,2.111387,7.338819,45.524143,-0.05382,0.9704,0.045462,0.230999,-9.019173,1.72289,-12.688914,-0.034912,0.871995,0.019653,0.487873,14.551452,2.22301,38.161724
856,7.133333,-0.028893,0.9622,0.02859,0.269293,-1.204065,86.051003,15.293927,-0.037474,0.980797,0.112838,0.1546,-1.75016,93.717079,15.59741,-0.036065,0.987354,0.100294,0.117361,-4.063147,114.451683,20.073042,0.046508,0.996298,0.027621,0.066821,-6.048748,134.929764,24.045641,0.091767,0.979883,-0.177212,0.001883,-4.500479,149.475067,23.079819,-0.019084,0.920236,0.144686,0.363137,-9.449702,129.047211,22.669178,0.281867,-0.596562,-0.012926,-0.75133,-22.312073,130.270569,10.885228,0.065973,0.211573,-0.471964,-0.853308,-15.163466,122.402206,-11.55479,0.206262,0.330593,-0.539402,-0.746465,-2.737036,144.673996,-3.56932,-0.03421,0.988224,0.119645,0.089036,-2.229223,129.402161,24.448421,0.305684,0.868802,0.168954,-0.350991,14.93969,130.21196,27.668873,-0.060016,0.134556,0.456632,-0.877371,29.011934,119.967903,9.960135,-0.061896,-0.178093,0.67076,-0.717309,15.605233,140.010208,5.514628,0.060709,0.932143,0.210244,0.288482,-9.20784,85.673889,10.41752,0.070245,0.992252,-0.061595,0.081904,-8.913428,52.903027,-5.057146,-0.053785,0.970396,0.045523,0.231011,-16.02387,6.168747,0.209616,-0.086507,0.928674,-0.117463,0.341003,6.79971,86.428108,20.170336,-0.002358,0.874727,-0.182781,0.448819,9.719458,51.728653,30.215471,-0.034547,0.871979,0.019898,0.487917,2.111728,7.342753,45.525753,-0.053785,0.970396,0.045523,0.231011,-9.01998,1.7251,-12.687336,-0.034547,0.871979,0.019898,0.487917,14.550198,2.227787,38.160061
857,7.141667,-0.028912,0.962261,0.028558,0.269075,-1.19332,86.051689,15.296927,-0.037501,0.980845,0.112737,0.154363,-1.739499,93.717781,15.599988,-0.036244,0.987387,0.100163,0.117135,-4.051893,114.453087,20.071762,0.046481,0.996314,0.027513,0.066642,-6.043344,134.931732,24.038548,0.091628,0.97987,-0.17736,0.001729,-4.496179,149.476929,23.069208,-0.019257,0.920346,0.144588,0.362887,-9.442714,129.047485,22.665382,0.282058,-0.59661,-0.013014,-0.751219,-22.311195,130.262711,10.887263,0.065988,0.211356,-0.472175,-0.853244,-15.165546,122.391235,-11.552615,0.206251,0.330396,-0.539541,-0.746455,-2.744751,144.670563,-3.578819,-0.034187,0.988263,0.119461,0.088859,-2.221637,129.405655,24.441555,0.30564,0.868782,0.168684,-0.35121,14.948434,130.216034,27.655687,-0.059827,0.134409,0.456497,-0.877477,29.01438,119.971336,9.942315,-0.061562,-0.178047,0.670579,-0.717518,15.599608,140.008606,5.497792,0.060756,0.932212,0.210239,0.288253,-9.199275,85.673927,10.424149,0.070255,0.99224,-0.061553,0.082074,-8.911904,52.903336,-5.051226,-0.053832,0.970394,0.045572,0.231,-16.02389,6.168702,0.2103,-0.086452,0.928731,-0.117477,0.340857,6.812635,86.429451,20.169704,-0.002267,0.87473,-0.182848,0.448786,9.729974,51.729561,30.214001,-0.034639,0.87197,0.019805,0.48793,2.112294,7.345965,45.526005,-0.053832,0.970394,0.045572,0.231,-9.019768,1.726795,-12.687127,-0.034639,0.87197,0.019805,0.48793,14.551422,2.230026,38.162102
858,7.15,-0.028894,0.962335,0.028517,0.268817,-1.181916,86.052742,15.300658,-0.037575,0.980893,0.11268,0.154077,-1.727576,93.71888,15.603325,-0.036388,0.987434,0.099977,0.116853,-4.041326,114.453934,20.072823,0.046346,0.996338,0.027346,0.066452,-6.036716,134.933701,24.031847,0.091518,0.979851,-0.17752,0.00165,-4.493708,149.478973,23.057056,-0.019461,0.920442,0.14449,0.362671,-9.435076,129.047852,22.662994,0.282323,-0.596704,-0.013141,-0.751043,-22.308771,130.25412,10.88965,0.065967,0.211103,-0.472366,-0.853202,-15.168821,122.37809,-11.550436,0.206068,0.330168,-0.53984,-0.74639,-2.751886,144.664078,-3.588749,-0.034312,0.98829,0.11937,0.088636,-2.213174,129.408905,24.435228,0.305727,0.868726,0.168218,-0.351495,14.957982,130.224854,27.642155,-0.059403,0.134127,0.456491,-0.877552,29.011322,119.971451,9.923814,-0.060868,-0.178303,0.670623,-0.717474,15.592347,140.006882,5.481346,0.060737,0.932305,0.210251,0.287947,-9.190494,85.674919,10.432198,0.070314,0.992242,-0.061488,0.082048,-8.906709,52.90451,-5.043618,-0.053763,0.970395,0.045576,0.231009,-16.023642,6.169909,0.2115,-0.08636,0.928751,-0.117475,0.340827,6.826662,86.430565,20.169119,-0.002219,0.874689,-0.182919,0.448838,9.738251,51.729469,30.210957,-0.034648,0.871966,0.019763,0.487939,2.112716,7.348314,45.526131,-0.053763,0.970395,0.045576,0.231009,-9.019966,1.72758,-12.686023,-0.034648,0.871966,0.019763,0.487939,14.551875,2.231443,38.162922
859,7.158333,-0.028933,0.962413,0.028442,0.268543,-1.171106,86.05114,15.305151,-0.037627,0.980947,0.112537,0.153825,-1.716944,93.717316,15.60671,-0.03657,0.987465,0.09988,0.11662,-4.030769,114.453232,20.070475,0.046394,0.996349,0.02716,0.066316,-6.03229,134.933243,24.025085,0.09126,0.979836,-0.17774,0.001554,-4.487935,149.477997,23.044716,-0.019611,0.920485,0.144548,0.362532,-9.428986,129.045776,22.659187,0.282544,-0.596829,-0.013188,-0.75086,-22.306,130.247208,10.888973,0.065976,0.210907,-0.47254,-0.853154,-15.173501,122.364532,-11.55116,0.206064,0.329959,-0.540076,-0.746313,-2.760322,144.65773,-3.599433,-0.034408,0.988322,0.119217,0.088452,-2.20647,129.410034,24.428261,0.305796,0.868668,0.16767,-0.35184,14.9656,130.230545,27.629147,-0.059191,0.133999,0.456497,-0.877583,29.004827,119.968369,9.904687,-0.060479,-0.17834,0.670586,-0.717532,15.584135,140.003464,5.462684,0.060795,0.932362,0.210313,0.287705,-9.182413,85.672058,10.441277,0.070361,0.992252,-0.061435,0.081919,-8.905124,52.904034,-5.039725,-0.053848,0.970385,0.045566,0.231034,-16.025412,6.169436,0.210912,-0.08625,0.928813,-0.117497,0.340678,6.840201,86.430229,20.169025,-0.002143,0.874703,-0.182961,0.448793,9.745475,51.728142,30.209259,-0.034611,0.871947,0.019778,0.487974,2.112615,7.348415,45.524925,-0.053848,0.970385,0.045566,0.231034,-9.020253,1.727511,-12.68595,-0.034611,0.871947,0.019778,0.487974,14.552095,2.231412,38.162346
860,7.166667,-0.028999,0.962495,0.028368,0.268249,-1.157858,86.050545,15.311175,-0.037745,0.980992,0.112435,0.153583,-1.70428,93.716721,15.611525,-0.036704,0.9875,0.099735,0.116402,-4.021187,114.45253,20.070681,0.046246,0.996373,0.026879,0.066177,-6.026688,134.933334,24.019123,0.091119,0.979816,-0.177921,0.001522,-4.486512,149.477951,23.03002,-0.019812,0.920552,0.144512,0.362365,-9.422329,129.044479,22.656588,0.282821,-0.596909,-0.013271,-0.75069,-22.303295,130.238083,10.88991,0.066004,0.210647,-0.472772,-0.853088,-15.175713,122.349037,-11.549535,0.206033,0.329715,-0.540501,-0.746122,-2.768435,144.650436,-3.611996,-0.034564,0.988364,0.119002,0.088207,-2.199207,129.411285,24.422644,0.305909,0.868594,0.167611,-0.351953,14.973998,130.238953,27.615568,-0.058595,0.133668,0.456366,-0.877741,29.005814,119.972954,9.887465,-0.059886,-0.178506,0.670819,-0.717322,15.574937,140.000992,5.444986,0.060826,0.932472,0.210386,0.287288,-9.17205,85.669685,10.452201,0.07038,0.992243,-0.061402,0.082039,-8.902205,52.90419,-5.034277,-0.053822,0.970392,0.045604,0.231003,-16.024643,6.169459,0.212259,-0.086093,0.928889,-0.117505,0.340508,6.856335,86.431412,20.170151,-0.002091,0.874656,-0.18301,0.448864,9.752735,51.727497,30.206627,-0.034661,0.871921,0.019765,0.488019,2.11213,7.349467,45.523338,-0.053822,0.970392,0.045604,0.231003,-9.020517,1.728365,-12.685445,-0.034661,0.871921,0.019765,0.488019,14.552781,2.23291,38.162434
861,7.175,-0.028967,0.96259,0.028245,0.267925,-1.147791,86.05114,15.315286,-0.03781,0.98105,0.112319,0.153285,-1.693129,93.717453,15.614143,-0.036837,0.987537,0.099652,0.116118,-4.010585,114.453529,20.068634,0.046209,0.996392,0.026699,0.065993,-6.020046,134.934647,24.013561,0.090947,0.979786,-0.178177,0.001423,-4.481131,149.478989,23.01881,-0.019972,0.920662,0.144418,0.362112,-9.414671,129.044464,22.654173,0.283185,-0.596975,-0.013452,-0.750497,-22.301825,130.230377,10.893488,0.066113,0.210385,-0.472929,-0.853056,-15.178392,122.336235,-11.545488,0.205956,0.329433,-0.540859,-0.746008,-2.773467,144.643814,-3.623719,-0.034618,0.988387,0.118933,0.088022,-2.190709,129.413818,24.416265,0.305716,0.868587,0.16697,-0.352443,14.983506,130.24437,27.603012,-0.05805,0.133154,0.456112,-0.877988,29.004049,119.979668,9.865239,-0.058824,-0.178853,0.671617,-0.716576,15.5527,140.000732,5.429573,0.060821,0.932543,0.210403,0.287044,-9.165278,85.670029,10.461767,0.070434,0.992255,-0.061306,0.081923,-8.89882,52.904999,-5.025739,-0.053862,0.970393,0.045622,0.230986,-16.025034,6.169879,0.212202,-0.086033,0.928963,-0.117547,0.340307,6.869698,86.432251,20.168804,-0.00198,0.874669,-0.183083,0.44881,9.763247,51.728313,30.205997,-0.034713,0.871935,0.019697,0.487992,2.111284,7.35276,45.524223,-0.053862,0.970393,0.045622,0.230986,-9.020924,1.729609,-12.685795,-0.034713,0.871935,0.019697,0.487992,14.551661,2.235224,38.163532
862,7.183333,-0.028893,0.962672,0.028075,0.267654,-1.13846,86.053169,15.321845,-0.037749,0.981117,0.112194,0.152959,-1.681925,93.719696,15.618632,-0.037091,0.987576,0.099533,0.115803,-3.993882,114.451111,20.067879,0.046137,0.996415,0.02654,0.065763,-6.01203,134.932419,24.007303,0.090783,0.979765,-0.178377,0.001261,-4.475586,149.476685,23.007374,-0.020115,0.920792,0.144371,0.361794,-9.404284,129.039978,22.651773,0.283656,-0.597068,-0.013861,-0.750238,-22.29928,130.218979,10.898996,0.066281,0.210143,-0.4731,-0.853008,-15.181902,122.324631,-11.541826,0.206008,0.329075,-0.541174,-0.745923,-2.780781,144.638657,-3.636901,-0.034759,0.98842,0.118783,0.087802,-2.179512,129.413788,24.409607,0.305841,0.868455,0.167212,-0.352546,14.995716,130.25061,27.589237,-0.057495,0.13281,0.455961,-0.878155,29.008886,119.987595,9.844661,-0.058407,-0.178894,0.671605,-0.716612,15.547256,139.999832,5.410208,0.060799,0.932641,0.210419,0.286721,-9.158744,85.67234,10.47293,0.070487,0.99226,-0.061201,0.081886,-8.895774,52.907585,-5.015237,-0.053852,0.970395,0.045592,0.230989,-16.02599,6.171954,0.212674,-0.085983,0.928963,-0.117488,0.340341,6.881825,86.433998,20.170761,-0.001897,0.874659,-0.183158,0.448801,9.773162,51.728428,30.202957,-0.034549,0.871904,0.019798,0.488054,2.111246,7.355449,45.523663,-0.053852,0.970395,0.045592,0.230989,-9.021943,1.730732,-12.685029,-0.034549,0.871904,0.019798,0.488054,14.55158,2.238101,38.162773
863,7.191667,-0.028899,0.962749,0.028049,0.267382,-1.125339,86.053139,15.325287,-0.037818,0.98117,0.112105,0.152667,-1.668698,93.719688,15.621824,-0.037262,0.987613,0.099445,0.115515,-3.981767,114.452591,20.067795,0.046125,0.996431,0.026388,0.065583,-6.005424,134.934097,24.003338,0.090616,0.979729,-0.178657,0.001158,-4.469587,149.478104,22.998636,-0.02025,0.920838,0.144379,0.361666,-9.396212,129.04007,22.651056,0.283688,-0.597198,-0.013649,-0.750126,-22.294279,130.214157,10.901149,0.066224,0.209755,-0.473375,-0.852955,-15.184299,122.309044,-11.538235,0.20605,0.328829,-0.541367,-0.74588,-2.788054,144.63295,-3.650877,-0.034914,0.988421,0.118942,0.087504,-2.170637,129.416992,24.404922,0.305951,0.868425,0.166975,-0.352635,15.006042,130.259949,27.5751,-0.057652,0.133038,0.455987,-0.878096,29.012711,119.989227,9.82984,-0.05868,-0.178482,0.670735,-0.717507,15.557485,139.999634,5.390297,0.060825,0.932732,0.210429,0.286409,-9.148355,85.671898,10.480918,0.070527,0.992264,-0.061138,0.081856,-8.892078,52.907692,-5.008533,-0.053975,0.970387,0.045661,0.230976,-16.025394,6.171852,0.213271,-0.085865,0.92904,-0.117543,0.340142,6.897676,86.43438,20.169657,-0.001812,0.874736,-0.183233,0.44862,9.781894,51.728271,30.202034,-0.034433,0.871925,0.019893,0.488022,2.11283,7.357898,45.526695,-0.053975,0.970387,0.045661,0.230976,-9.020358,1.73353,-12.684899,-0.034433,0.871925,0.019893,0.488022,14.551955,2.241217,38.163292
864,7.2,-0.028984,0.96283,0.028003,0.267084,-1.110153,86.052338,15.331137,-0.037919,0.981217,0.111995,0.152423,-1.654498,93.718842,15.626804,-0.03738,0.987646,0.099328,0.115294,-3.970096,114.453423,20.068316,0.04603,0.996452,0.026184,0.065423,-5.99719,134.935532,23.998957,0.090471,0.979693,-0.178932,0.001061,-4.464198,149.479385,22.987852,-0.020442,0.920873,0.144415,0.361551,-9.387079,129.040298,22.649721,0.283983,-0.597324,-0.01374,-0.749912,-22.287767,130.208054,10.902064,0.066284,0.20947,-0.473574,-0.852911,-15.185407,122.29567,-11.537172,0.206104,0.328425,-0.541598,-0.745875,-2.792856,144.627014,-3.665604,-0.034966,0.988447,0.118856,0.087308,-2.160875,129.419479,24.400505,0.305975,0.868339,0.166737,-0.352938,15.016871,130.26535,27.564114,-0.057461,0.13292,0.455923,-0.87816,29.012197,119.993248,9.810707,-0.058487,-0.178425,0.670664,-0.717603,15.553449,139.999405,5.371693,0.060734,0.932905,0.210503,0.285812,-9.136065,85.669106,10.491725,0.070664,0.992264,-0.061061,0.081795,-8.881997,52.906372,-5.000848,-0.053993,0.970372,0.045684,0.23103,-16.02729,6.171471,0.213018,-0.085743,0.929125,-0.117612,0.339916,6.915758,86.435562,20.170549,-0.001697,0.874734,-0.183268,0.448609,9.792505,51.729118,30.203909,-0.034457,0.871921,0.01983,0.48803,2.11264,7.359928,45.526588,-0.053993,0.970372,0.045684,0.23103,-9.020634,1.734024,-12.684572,-0.034457,0.871921,0.01983,0.48803,14.551848,2.242029,38.164173
865,7.208333,-0.028981,0.962903,0.027866,0.266836,-1.100965,86.051758,15.336913,-0.037967,0.981266,0.111892,0.152167,-1.644615,93.718384,15.630709,-0.037478,0.987681,0.099235,0.115041,-3.960318,114.45298,20.06811,0.045977,0.996467,0.025915,0.065327,-5.990041,134.935562,23.994974,0.090247,0.979654,-0.179257,0.00111,-4.458373,149.478989,22.975748,-0.020802,0.921001,0.144034,0.361356,-9.379276,129.039261,22.648739,0.284146,-0.597413,-0.014042,-0.749774,-22.284376,130.189529,10.904212,0.066284,0.209169,-0.47373,-0.852898,-15.187732,122.282196,-11.538599,0.206157,0.328053,-0.541826,-0.745859,-2.795654,144.620605,-3.681011,-0.035085,0.988476,0.118782,0.087036,-2.152317,129.420441,24.395954,0.306025,0.868281,0.166598,-0.353104,15.026792,130.27182,27.550653,-0.05714,0.132729,0.455828,-0.878259,29.014801,119.997383,9.792841,-0.058174,-0.178532,0.670591,-0.71767,15.549268,139.999039,5.353957,0.06072,0.932991,0.210546,0.285502,-9.129362,85.667747,10.501696,0.070689,0.992266,-0.060982,0.081809,-8.878566,52.906193,-4.993431,-0.054001,0.970379,0.045704,0.230998,-16.02577,6.17072,0.212708,-0.085672,0.929234,-0.117612,0.339634,6.927432,86.435768,20.172131,-0.001612,0.874743,-0.183334,0.448565,9.802459,51.728439,30.202944,-0.034392,0.871915,0.019879,0.488043,2.113385,7.361526,45.527603,-0.054001,0.970379,0.045704,0.230998,-9.019861,1.733833,-12.685474,-0.034392,0.871915,0.019879,0.488043,14.55241,2.243901,38.164696
866,7.216667,-0.028986,0.962982,0.027807,0.266557,-1.089432,86.050247,15.342111,-0.038111,0.981323,0.111758,0.151868,-1.632838,93.716927,15.635172,-0.037491,0.987726,0.099151,0.114717,-3.952295,114.451813,20.066647,0.045973,0.996484,0.025707,0.065149,-5.980853,134.935059,23.990648,0.090055,0.979612,-0.179579,0.00106,-4.449446,149.478058,22.965036,-0.021019,0.921082,0.143997,0.361153,-9.370562,129.038269,22.647783,0.284373,-0.597503,-0.014044,-0.749616,-22.280481,130.180008,10.907715,0.066322,0.208767,-0.473965,-0.852863,-15.189187,122.264633,-11.533964,0.206091,0.327707,-0.542009,-0.745896,-2.799865,144.612152,-3.696775,-0.035177,0.988512,0.118598,0.08684,-2.142508,129.420273,24.390293,0.306144,0.868162,0.166584,-0.3533,15.037568,130.276215,27.538485,-0.056889,0.132524,0.455747,-0.878348,29.01506,119.999825,9.773519,-0.058135,-0.178576,0.670577,-0.717675,15.543647,139.997253,5.337134,0.06071,0.933108,0.21058,0.285097,-9.120612,85.665657,10.511557,0.070764,0.992287,-0.060891,0.081561,-8.875113,52.905052,-4.985665,-0.05406,0.970383,0.045682,0.230972,-16.027317,6.169537,0.213102,-0.08554,0.929296,-0.117595,0.339505,6.941746,86.434845,20.172665,-0.001581,0.874686,-0.1834,0.44865,9.809772,51.725567,30.198753,-0.034406,0.871922,0.01982,0.488033,2.113838,7.360947,45.526611,-0.05406,0.970383,0.045682,0.230972,-9.021502,1.732454,-12.685066,-0.034406,0.871922,0.01982,0.488033,14.552551,2.242052,38.164055
867,7.225,-0.029006,0.963068,0.027735,0.266251,-1.077077,86.048439,15.345974,-0.038173,0.981368,0.111693,0.151607,-1.620397,93.715157,15.638063,-0.037625,0.987764,0.09899,0.114486,-3.940934,114.450989,20.067181,0.045888,0.996502,0.025555,0.065005,-5.973402,134.935135,23.984398,0.089949,0.979573,-0.179847,0.001,-4.44461,149.478073,22.953943,-0.021109,0.921196,0.143973,0.360867,-9.362076,129.036926,22.645184,0.284639,-0.597609,-0.01408,-0.749431,-22.279076,130.17392,10.912447,0.066463,0.20843,-0.474092,-0.852864,-15.194064,122.250404,-11.528337,0.206162,0.327328,-0.542201,-0.745904,-2.804319,144.602905,-3.710979,-0.035233,0.988549,0.11849,0.086541,-2.133384,129.421555,24.384462,0.306192,0.868106,0.166322,-0.353518,15.048367,130.281052,27.522532,-0.056696,0.132265,0.455758,-0.878394,29.016766,120.000626,9.752756,-0.057708,-0.178777,0.670551,-0.717684,15.541803,139.998596,5.322726,0.060758,0.93318,0.210613,0.284825,-9.111291,85.66291,10.520546,0.070787,0.992316,-0.060807,0.081248,-8.872846,52.903748,-4.979828,-0.054048,0.970401,0.045754,0.230886,-16.025026,6.16757,0.213107,-0.085422,0.92935,-0.117595,0.339388,6.957136,86.43396,20.171402,-0.001499,0.874839,-0.183516,0.448303,9.818545,51.723228,30.194324,-0.034484,0.871978,0.019666,0.487932,2.11691,7.362631,45.530952,-0.054048,0.970401,0.045754,0.230886,-9.021516,1.732355,-12.686953,-0.034484,0.871978,0.019666,0.487932,14.553952,2.240961,38.167503
868,7.233333,-0.029059,0.963145,0.027717,0.26597,-1.06454,86.047684,15.34881,-0.038234,0.981421,0.111629,0.151297,-1.608478,93.714371,15.640581,-0.037766,0.987804,0.098895,0.114176,-3.929819,114.451149,20.067493,0.045768,0.996529,0.025333,0.064754,-5.966415,134.935638,23.980743,0.089978,0.97953,-0.180067,0.000845,-4.441436,149.47847,22.943155,-0.021385,0.921298,0.143837,0.360643,-9.354025,129.036026,22.644997,0.284853,-0.59771,-0.014286,-0.749265,-22.276268,130.161209,10.916884,0.066601,0.208161,-0.474229,-0.852843,-15.197539,122.237442,-11.525805,0.206378,0.327047,-0.542335,-0.745869,-2.809043,144.595703,-3.725099,-0.03521,0.988609,0.118205,0.086254,-2.124434,129.42337,24.379946,0.306194,0.868054,0.166098,-0.353751,15.059118,130.284195,27.507813,-0.056584,0.131991,0.455692,-0.878477,29.019276,120.002495,9.732285,-0.057445,-0.178913,0.670606,-0.71762,15.537004,139.999176,5.310605,0.060803,0.933269,0.21066,0.28449,-9.101507,85.660942,10.528061,0.070826,0.992307,-0.060771,0.081346,-8.870653,52.903591,-4.976268,-0.053986,0.970394,0.045751,0.230927,-16.02672,6.167531,0.212323,-0.085331,0.929444,-0.117684,0.33912,6.972428,86.434433,20.169559,-0.001341,0.874862,-0.183512,0.448261,9.828422,51.724087,30.195385,-0.034563,0.871924,0.019625,0.488026,2.114523,7.363307,45.525341,-0.053986,0.970394,0.045751,0.230927,-9.022765,1.73179,-12.687323,-0.034563,0.871924,0.019625,0.488026,14.553708,2.241806,38.165386
869,7.241667,-0.029116,0.963227,0.027696,0.265669,-1.051024,86.046638,15.353189,-0.038381,0.981463,0.111523,0.151063,-1.595631,93.713295,15.644572,-0.037896,0.987842,0.098707,0.113971,-3.921429,114.450798,20.066713,0.045767,0.996538,0.025295,0.064632,-5.961718,134.936447,23.972059,0.089883,0.979487,-0.18035,0.000766,-4.437075,149.479218,22.933149,-0.021426,0.921344,0.143892,0.360501,-9.34834,129.0354,22.640083,0.28501,-0.597795,-0.014148,-0.74914,-22.274103,130.15921,10.915726,0.066697,0.207938,-0.474348,-0.852823,-15.200276,122.224358,-11.524581,0.206528,0.326743,-0.54246,-0.74587,-2.812566,144.588531,-3.736871,-0.03527,0.988626,0.118203,0.086039,-2.118198,129.425293,24.372152,0.306196,0.868018,0.165998,-0.353883,15.066497,130.289108,27.492874,-0.056449,0.131772,0.455635,-0.878548,29.021919,120.007179,9.713766,-0.057215,-0.179087,0.670594,-0.717606,15.534838,140.000732,5.298046,0.060813,0.933387,0.210728,0.28405,-9.090934,85.658554,10.537459,0.070878,0.992323,-0.060714,0.081153,-8.866573,52.903366,-4.971532,-0.054148,0.9704,0.045762,0.230862,-16.026047,6.167331,0.212583,-0.085228,0.929486,-0.117723,0.339018,6.988885,86.434731,20.168921,-0.001257,0.874921,-0.183593,0.448113,9.838085,51.723801,30.194628,-0.034435,0.871958,0.019655,0.487972,2.116365,7.365817,45.528717,-0.054148,0.9704,0.045762,0.230862,-9.022139,1.733062,-12.687591,-0.034435,0.871958,0.019655,0.487972,14.553565,2.24318,38.166203
870,7.25,-0.029166,0.9633,0.027693,0.265397,-1.036636,86.046738,15.35671,-0.038572,0.981501,0.111452,0.150818,-1.58189,93.713348,15.648005,-0.037942,0.98788,0.098599,0.113722,-3.914243,114.451889,20.066734,0.045748,0.996552,0.025116,0.064507,-5.954949,134.938278,23.967941,0.089715,0.979448,-0.180646,0.000747,-4.430909,149.480713,22.923563,-0.02156,0.921428,0.143771,0.360327,-9.341552,129.03653,22.639072,0.285235,-0.597912,-0.014189,-0.74896,-22.271498,130.153534,10.918676,0.066727,0.207659,-0.474449,-0.852832,-15.204665,122.211731,-11.521379,0.206427,0.326384,-0.542581,-0.745968,-2.816094,144.57962,-3.74756,-0.035205,0.988676,0.117961,0.085826,-2.110619,129.427658,24.367561,0.306206,0.86795,0.165893,-0.35409,15.075514,130.290909,27.480507,-0.056258,0.131466,0.45562,-0.878614,29.023373,120.009438,9.695205,-0.056833,-0.179345,0.670658,-0.717512,15.531487,140.002029,5.287877,0.060837,0.933512,0.21071,0.283646,-9.079196,85.657547,10.545497,0.070907,0.992338,-0.060605,0.081024,-8.863604,52.90202,-4.962903,-0.054096,0.970401,0.045822,0.230857,-16.024403,6.165132,0.211725,-0.085088,0.929566,-0.11781,0.338805,7.005924,86.435928,20.167923,-0.001192,0.874939,-0.183627,0.448064,9.845869,51.724731,30.195358,-0.034456,0.871983,0.019638,0.487927,2.118159,7.367909,45.5298,-0.054096,0.970401,0.045822,0.230857,-9.021096,1.73218,-12.689227,-0.034456,0.871983,0.019638,0.487927,14.554718,2.245122,38.166313
871,7.258333,-0.029286,0.963384,0.027542,0.265095,-1.023172,86.045113,15.363205,-0.038698,0.981546,0.111372,0.150552,-1.569495,93.711739,15.651947,-0.037996,0.987918,0.098481,0.11347,-3.905617,114.452408,20.067547,0.045701,0.996572,0.025011,0.064259,-5.947046,134.939606,23.964151,0.089663,0.979408,-0.18089,0.000505,-4.424889,149.481979,22.916182,-0.021616,0.921602,0.143558,0.359962,-9.333539,129.037064,22.63855,0.285521,-0.598046,-0.014354,-0.74874,-22.272596,130.147629,10.927603,0.066972,0.207415,-0.474408,-0.852895,-15.213961,122.201393,-11.513464,0.206524,0.326157,-0.542613,-0.746016,-2.818307,144.570145,-3.756378,-0.035254,0.988706,0.117934,0.085497,-2.101814,129.429596,24.3634,0.306186,0.867953,0.165204,-0.354423,15.086171,130.296005,27.465231,-0.056358,0.131315,0.455666,-0.878606,29.022936,120.005989,9.676179,-0.056603,-0.179587,0.670644,-0.717483,15.530006,140.002335,5.277422,0.060858,0.9336,0.21084,0.283257,-9.068606,85.652802,10.557054,0.070958,0.99233,-0.060593,0.081087,-8.85805,52.90144,-4.960205,-0.054106,0.970405,0.045792,0.230848,-16.023857,6.165099,0.212408,-0.08495,0.929603,-0.117833,0.338729,7.022263,86.437416,20.169355,-0.001144,0.874904,-0.183665,0.448118,9.853202,51.724911,30.194782,-0.034372,0.871965,0.019618,0.487967,2.118944,7.369423,45.529778,-0.054106,0.970405,0.045792,0.230848,-9.020724,1.731363,-12.68837,-0.034372,0.871965,0.019618,0.487967,14.555285,2.244933,38.167103
872,7.266667,-0.02929,0.963456,0.027458,0.264839,-1.012273,86.042511,15.366411,-0.03872,0.981596,0.111348,0.150243,-1.558239,93.709213,15.654039,-0.038133,0.987964,0.098328,0.113161,-3.893745,114.450394,20.069323,0.045645,0.996595,0.02484,0.064013,-5.938897,134.9384,23.959633,0.089556,0.979376,-0.181113,0.000315,-4.418793,149.480606,22.906132,-0.021764,0.921623,0.143604,0.359882,-9.324435,129.034393,22.638153,0.285679,-0.598275,-0.014419,-0.748497,-22.265301,130.14035,10.928765,0.066874,0.20719,-0.474426,-0.852948,-15.22032,122.188438,-11.514584,0.20628,0.325845,-0.542691,-0.746164,-2.819766,144.558914,-3.764252,-0.035292,0.988732,0.117904,0.085222,-2.091824,129.429672,24.358658,0.306311,0.867861,0.165092,-0.354593,15.097712,130.298645,27.451176,-0.056103,0.131017,0.455687,-0.878656,29.024679,120.004066,9.657089,-0.056317,-0.179932,0.670582,-0.717477,15.528411,140.000717,5.265008,0.060788,0.933708,0.21089,0.282877,-9.060246,85.649544,10.564564,0.071023,0.992351,-0.060512,0.080837,-8.850235,52.899086,-4.954615,-0.054092,0.970422,0.045844,0.230769,-16.020247,6.162685,0.211643,-0.08486,0.929657,-0.117881,0.338588,7.035699,86.435478,20.168259,-0.001049,0.874947,-0.1837,0.44802,9.860916,51.722698,30.194347,-0.034392,0.871962,0.019563,0.487973,2.118976,7.368412,45.52895,-0.054092,0.970422,0.045844,0.230769,-9.019256,1.730219,-12.690738,-0.034392,0.871962,0.019563,0.487973,14.555346,2.242838,38.167076
873,7.275,-0.029278,0.963544,0.027391,0.264529,-0.999369,86.039612,15.369588,-0.0389,0.98164,0.111285,0.149952,-1.544792,93.706383,15.656447,-0.038123,0.988007,0.098249,0.112858,-3.886389,114.449783,20.069113,0.045554,0.996621,0.024622,0.063762,-5.929573,134.938492,23.95686,0.089433,0.979344,-0.181346,0.000143,-4.412466,149.480499,22.896391,-0.021853,0.921772,0.143384,0.359582,-9.315799,129.034164,22.638523,0.285814,-0.598435,-0.014444,-0.748317,-22.264069,130.132858,10.936639,0.066922,0.206922,-0.474458,-0.852991,-15.228635,122.175476,-11.507771,0.206244,0.325635,-0.542823,-0.746169,-2.824353,144.547028,-3.770821,-0.035293,0.988758,0.117815,0.085039,-2.082156,129.429886,24.35458,0.306408,0.867753,0.165082,-0.354776,15.108469,130.299957,27.440727,-0.05584,0.130757,0.455657,-0.878727,29.02602,120.00415,9.639978,-0.056149,-0.180161,0.670664,-0.717356,15.525272,139.998322,5.252772,0.060828,0.93378,0.210907,0.282617,-9.050443,85.646317,10.572968,0.07104,0.992351,-0.060451,0.080862,-8.84707,52.896744,-4.948154,-0.054024,0.970438,0.045879,0.230708,-16.018412,6.159875,0.21201,-0.084719,0.929704,-0.117949,0.33847,7.051703,86.432907,20.166208,-0.000992,0.875028,-0.183742,0.447843,9.867071,51.719559,30.193081,-0.03409,0.871971,0.019769,0.48797,2.121741,7.366726,45.530178,-0.054024,0.970438,0.045879,0.230708,-9.019683,1.727787,-12.691721,-0.03409,0.871971,0.019769,0.48797,14.556149,2.241919,38.164459
874,7.283333,-0.029358,0.963623,0.027317,0.264242,-0.985709,86.037918,15.375018,-0.039049,0.981683,0.111168,0.149718,-1.531925,93.704674,15.660609,-0.038127,0.988042,0.098151,0.112629,-3.877921,114.448097,20.067883,0.045598,0.996636,0.024449,0.063557,-5.91993,134.937592,23.952091,0.089261,0.97932,-0.181563,-6.7e-05,-4.401856,149.479095,22.88632,-0.022058,0.921863,0.14335,0.359349,-9.306583,129.032867,22.63657,0.285883,-0.598639,-0.014447,-0.748127,-22.260386,130.123322,10.940041,0.066923,0.206686,-0.474469,-0.853043,-15.237119,122.16095,-11.506403,0.206134,0.32563,-0.542914,-0.746136,-2.827576,144.534454,-3.779398,-0.035252,0.988823,0.117444,0.084812,-2.072176,129.429184,24.349272,0.306507,0.867657,0.164886,-0.355016,15.119894,130.299957,27.427155,-0.055734,0.130578,0.45566,-0.878759,29.025972,119.999847,9.61994,-0.056177,-0.18042,0.670603,-0.717346,15.522471,139.994553,5.237694,0.060842,0.933885,0.210966,0.282224,-9.039542,85.642624,10.583199,0.071109,0.99235,-0.060376,0.080875,-8.842405,52.894981,-4.942086,-0.054116,0.970441,0.045818,0.230687,-16.019663,6.158173,0.210409,-0.084566,0.929792,-0.117997,0.33825,7.068123,86.433205,20.166838,-0.000897,0.875128,-0.183818,0.447618,9.874431,51.718807,30.192629,-0.03436,0.872048,0.019468,0.487825,2.121854,7.368612,45.533684,-0.054116,0.970441,0.045818,0.230687,-9.020602,1.725043,-12.692787,-0.03436,0.872048,0.019468,0.487825,14.554996,2.240107,38.1684
875,7.291667,-0.029324,0.963698,0.027323,0.26397,-0.974873,86.035065,15.376204,-0.039158,0.981722,0.111117,0.149469,-1.520534,93.701851,15.662177,-0.03818,0.988081,0.098021,0.112384,-3.869871,114.447258,20.067587,0.045524,0.996657,0.024239,0.063369,-5.912509,134.937637,23.946705,0.089189,0.9793,-0.181705,-0.000179,-4.396775,149.478912,22.874331,-0.022073,0.921975,0.143217,0.359114,-9.299072,129.03215,22.634529,0.285998,-0.598814,-0.0144,-0.747944,-22.258755,130.119186,10.944206,0.06693,0.206476,-0.474489,-0.853082,-15.245814,122.149002,-11.502691,0.206087,0.325394,-0.542974,-0.746208,-2.832419,144.524139,-3.784908,-0.035354,0.988796,0.117786,0.084609,-2.063907,129.429825,24.343693,0.306608,0.867578,0.164733,-0.355195,15.12911,130.303925,27.415314,-0.055454,0.130353,0.455634,-0.878824,29.025799,119.99942,9.603312,-0.055904,-0.180602,0.670635,-0.717291,15.518308,139.991928,5.224061,0.060802,0.933984,0.210957,0.281913,-9.031428,85.640236,10.588932,0.071151,0.992361,-0.060295,0.08076,-8.836959,52.891956,-4.935049,-0.05404,0.970462,0.045922,0.230596,-16.017,6.154794,0.210315,-0.08452,0.929871,-0.118087,0.338011,7.081683,86.429901,20.163477,-0.000708,0.875172,-0.183841,0.447522,9.885202,51.716469,30.193424,-0.034374,0.871967,0.01948,0.487968,2.11758,7.367072,45.529156,-0.05404,0.970462,0.045922,0.230596,-9.021004,1.723915,-12.695313,-0.034374,0.871967,0.01948,0.487968,14.553303,2.23915,38.167835
876,7.3,-0.029452,0.963761,0.027343,0.263722,-0.957961,86.032928,15.379274,-0.039343,0.981753,0.111063,0.149259,-1.505533,93.699577,15.665171,-0.038208,0.988114,0.097917,0.112179,-3.861617,114.447594,20.068235,0.045539,0.996672,0.024127,0.063158,-5.904131,134.938736,23.943373,0.089111,0.979272,-0.181897,-0.000414,-4.388391,149.479752,22.867397,-0.022131,0.922163,0.142975,0.358724,-9.290809,129.0327,22.633938,0.28621,-0.598932,-0.014475,-0.747766,-22.260193,130.112701,10.953712,0.067064,0.206232,-0.474484,-0.853133,-15.254402,122.137199,-11.493537,0.206029,0.325211,-0.542971,-0.746306,-2.835746,144.51329,-3.790002,-0.035248,0.98884,0.117577,0.084436,-2.054985,129.43129,24.340113,0.306525,0.867584,0.16429,-0.355456,15.139323,130.303116,27.40519,-0.055486,0.130389,0.455587,-0.87884,29.029339,119.996407,9.589245,-0.055831,-0.180617,0.670462,-0.717455,15.51958,139.988556,5.208669,0.060886,0.93408,0.210968,0.281567,-9.016839,85.635712,10.5961,0.071167,0.992356,-0.060262,0.080824,-8.833532,52.888512,-4.930294,-0.054059,0.970462,0.045949,0.230588,-16.015196,6.151185,0.211359,-0.084361,0.92992,-0.11818,0.337885,7.100916,86.430145,20.162449,-0.000646,0.87519,-0.183896,0.447465,9.892797,51.716358,30.194399,-0.034181,0.871995,0.019482,0.48793,2.118713,7.368851,45.532345,-0.054059,0.970462,0.045949,0.230588,-9.019195,1.721208,-12.694581,-0.034181,0.871995,0.019482,0.48793,14.551984,2.23816,38.168804
877,7.308333,-0.029503,0.963846,0.027221,0.263419,-0.945845,86.03054,15.384713,-0.039498,0.981797,0.110964,0.149004,-1.493588,93.69725,15.668758,-0.038212,0.988148,0.097854,0.111926,-3.854256,114.444115,20.067001,0.045291,0.996708,0.023939,0.062845,-5.895689,134.93576,23.940069,0.089187,0.979251,-0.181971,-0.000681,-4.387732,149.477097,22.857628,-0.022169,0.922288,0.142814,0.358466,-9.282774,129.029388,22.633223,0.286215,-0.599062,-0.014301,-0.747664,-22.258577,130.104782,10.959707,0.067043,0.205932,-0.474596,-0.853145,-15.260254,122.120789,-11.486842,0.205987,0.325086,-0.543046,-0.746317,-2.840745,144.500839,-3.79669,-0.035302,0.988873,0.117407,0.08426,-2.046113,129.428528,24.335711,0.306538,0.867537,0.164101,-0.355647,15.1491,130.303452,27.394814,-0.055229,0.130272,0.455521,-0.878908,29.031975,119.99514,9.574238,-0.055523,-0.180625,0.670519,-0.717424,15.517858,139.983826,5.192413,0.060944,0.934135,0.210994,0.281353,-9.007662,85.631599,10.60664,0.071202,0.992376,-0.060156,0.080636,-8.831241,52.885712,-4.922601,-0.053999,0.970462,0.046043,0.23058,-16.014448,6.147647,0.210163,-0.084231,0.930072,-0.118207,0.337488,7.115973,86.429489,20.162785,-0.000609,0.875267,-0.184004,0.44727,9.902782,51.714577,30.192247,-0.033919,0.872078,0.019724,0.487792,2.124363,7.370874,45.538986,-0.053999,0.970462,0.046043,0.23058,-9.019176,1.719859,-12.696923,-0.033919,0.872078,0.019724,0.487792,14.553926,2.242342,38.167686
878,7.316667,-0.029471,0.963904,0.027098,0.263223,-0.935743,86.028847,15.388844,-0.039658,0.981825,0.110931,0.148797,-1.482455,93.695686,15.671311,-0.03816,0.98819,0.097711,0.111699,-3.848767,114.443352,20.067822,0.045139,0.996734,0.023796,0.062592,-5.886493,134.93634,23.935747,0.089255,0.979215,-0.182127,-0.000895,-4.383441,149.477829,22.848433,-0.02226,0.922387,0.142734,0.358238,-9.274732,129.029892,22.632202,0.28634,-0.599238,-0.014256,-0.747475,-22.256102,130.100113,10.964408,0.06702,0.205695,-0.474661,-0.853167,-15.268209,122.108055,-11.482527,0.205907,0.324809,-0.54305,-0.746457,-2.847018,144.490189,-3.802741,-0.035334,0.9889,0.11726,0.084134,-2.037256,129.428864,24.331257,0.305905,0.867907,0.160676,-0.356851,15.158613,130.305862,27.386034,-0.056387,0.131016,0.455701,-0.878631,29.018148,119.968323,9.564231,-0.055294,-0.180602,0.670595,-0.717376,15.515264,139.977341,5.176395,0.060898,0.934221,0.211019,0.281058,-8.999531,85.629745,10.614117,0.071277,0.992384,-0.060084,0.080518,-8.82437,52.88422,-4.915902,-0.053923,0.970478,0.046034,0.230535,-16.013453,6.146338,0.210328,-0.084146,0.930165,-0.118221,0.337249,7.128045,86.427948,20.16357,-0.00048,0.875238,-0.18403,0.447316,9.911423,51.712238,30.191216,-0.033981,0.872023,0.019646,0.487888,2.120439,7.369396,45.534088,-0.053923,0.970478,0.046034,0.230535,-9.020126,1.71767,-12.697506,-0.033981,0.872023,0.019646,0.487888,14.55186,2.23987,38.166618
879,7.325,-0.02942,0.963968,0.026916,0.263012,-0.927533,86.02549,15.394136,-0.039463,0.981872,0.11094,0.148533,-1.472687,93.69252,15.674236,-0.038522,0.988223,0.097481,0.111488,-3.829488,114.438698,20.072594,0.045122,0.996749,0.02365,0.062414,-5.880327,134.932404,23.92977,0.089234,0.979202,-0.182208,-0.001077,-4.378053,149.473618,22.83786,-0.02227,0.92254,0.142626,0.357886,-9.264849,129.022842,22.630657,0.286326,-0.599418,-0.01427,-0.747337,-22.25503,130.089539,10.972348,0.066918,0.205354,-0.474702,-0.853235,-15.277847,122.09581,-11.477322,0.205715,0.324603,-0.54313,-0.746541,-2.85134,144.478928,-3.810022,-0.035433,0.988931,0.117103,0.083949,-2.027086,129.427856,24.327063,0.306674,0.867429,0.163688,-0.355983,15.169629,130.309555,27.375721,-0.054559,0.130046,0.455299,-0.879098,29.036499,119.99247,9.547767,-0.055039,-0.180595,0.670674,-0.717323,15.510345,139.969818,5.159098,0.06089,0.93429,0.211088,0.280777,-8.993455,85.626274,10.623023,0.071313,0.9924,-0.060001,0.08035,-8.820934,52.882786,-4.911318,-0.053856,0.970481,0.046039,0.230536,-16.011969,6.144452,0.20806,-0.084093,0.930237,-0.118192,0.337073,7.138389,86.424706,20.165249,-0.000402,0.875318,-0.184099,0.44713,9.920856,51.707859,30.189217,-0.033933,0.872062,0.019632,0.487822,2.123626,7.367459,45.535954,-0.053856,0.970481,0.046039,0.230536,-9.019291,1.715406,-12.699996,-0.033933,0.872062,0.019632,0.487822,14.553411,2.236844,38.166481
880,7.333333,-0.029405,0.964029,0.026751,0.26281,-0.917934,86.024284,15.397096,-0.039568,0.981903,0.110943,0.148298,-1.462148,93.691467,15.674928,-0.038558,0.988259,0.097381,0.111243,-3.822496,114.438759,20.073595,0.044905,0.996781,0.023319,0.062183,-5.873405,134.933182,23.926975,0.089345,0.979177,-0.182285,-0.001192,-4.377562,149.474274,22.824619,-0.022369,0.922642,0.142515,0.35766,-9.257998,129.02301,22.630859,0.286613,-0.599568,-0.014396,-0.747104,-22.253685,130.083878,10.978148,0.067013,0.205115,-0.474734,-0.853267,-15.285582,122.083961,-11.472151,0.205555,0.324424,-0.543226,-0.746593,-2.856016,144.468582,-3.818211,-0.035411,0.988967,0.116951,0.083748,-2.01946,129.429077,24.323708,0.306819,0.867367,0.163635,-0.356034,15.178493,130.31134,27.365261,-0.054045,0.129901,0.455297,-0.879153,29.039135,119.988426,9.535826,-0.0545,-0.180719,0.670596,-0.717407,15.511682,139.96228,5.141809,0.060884,0.934346,0.211102,0.280581,-8.985874,85.62439,10.629447,0.071362,0.992407,-0.059917,0.080288,-8.815951,52.881294,-4.905747,-0.053872,0.970496,0.046021,0.23047,-16.010601,6.142667,0.205827,-0.083959,0.930343,-0.118213,0.336806,7.150005,86.424179,20.164745,-0.00037,0.875368,-0.184169,0.447004,9.925805,51.706051,30.186132,-0.033963,0.872128,0.019484,0.487709,2.125169,7.36807,45.538147,-0.053872,0.970496,0.046021,0.23047,-9.019503,1.713165,-12.702934,-0.033963,0.872128,0.019484,0.487709,14.552632,2.23411,38.167076
881,7.341667,-0.02936,0.964084,0.026637,0.262622,-0.908457,86.022606,15.400274,-0.039608,0.981947,0.110904,0.148028,-1.451493,93.689926,15.676704,-0.038626,0.988298,0.097296,0.110949,-3.81206,114.437271,20.074144,0.044842,0.996802,0.023118,0.061968,-5.86424,134.932159,23.924334,0.089333,0.979159,-0.182387,-0.001301,-4.370512,149.472992,22.81563,-0.022493,0.922756,0.142432,0.357391,-9.248569,129.021133,22.631403,0.286703,-0.599787,-0.014514,-0.746891,-22.250778,130.075562,10.985393,0.066974,0.204831,-0.474754,-0.853327,-15.295917,122.074089,-11.468442,0.205481,0.324178,-0.543406,-0.74659,-2.86143,144.459183,-3.826042,-0.035434,0.988997,0.11682,0.083564,-2.009138,129.428787,24.320038,0.306887,0.867305,0.163419,-0.356224,15.189828,130.313034,27.355247,-0.053767,0.129756,0.455228,-0.879227,29.04166,119.98584,9.521455,-0.05415,-0.180618,0.670547,-0.717504,15.509645,139.955704,5.126932,0.060828,0.934447,0.21111,0.280253,-8.978287,85.622833,10.635822,0.071447,0.992421,-0.059822,0.080106,-8.80986,52.879478,-4.898833,-0.05387,0.970496,0.046043,0.230469,-16.010931,6.140929,0.204434,-0.083866,0.930426,-0.118266,0.336582,7.161374,86.422371,20.164724,-0.000257,0.87536,-0.184176,0.447018,9.932093,51.704025,30.186764,-0.034365,0.87213,0.019134,0.48769,2.121551,7.366288,45.534439,-0.05387,0.970496,0.046043,0.230469,-9.019877,1.71203,-12.704552,-0.034365,0.87213,0.019134,0.48769,14.550906,2.229433,38.168591
882,7.35,-0.029356,0.964135,0.026589,0.262441,-0.899039,86.022102,15.402672,-0.039618,0.981982,0.110849,0.147829,-1.441767,93.689468,15.678512,-0.038692,0.988326,0.097207,0.110751,-3.801615,114.438156,20.074282,0.044826,0.996818,0.023053,0.061752,-5.855393,134.933548,23.920935,0.089375,0.979129,-0.182525,-0.001534,-4.362671,149.474304,22.809931,-0.022445,0.922919,0.142317,0.357018,-9.239329,129.021744,22.630527,0.286757,-0.599945,-0.014347,-0.746746,-22.250929,130.07428,10.994846,0.06701,0.204453,-0.474841,-0.853366,-15.305267,122.062614,-11.458192,0.205532,0.323864,-0.543633,-0.746546,-2.867226,144.451141,-3.833996,-0.035583,0.989013,0.116869,0.083244,-1.999324,129.430847,24.316341,0.307045,0.86726,0.163111,-0.356339,15.201137,130.321396,27.341187,-0.053417,0.129572,0.455174,-0.879304,29.044067,119.983582,9.50665,-0.053791,-0.180638,0.670659,-0.717421,15.50736,139.949966,5.111685,0.060839,0.934515,0.211059,0.28006,-8.970661,85.622055,10.641281,0.071463,0.992444,-0.059712,0.07989,-8.807244,52.877213,-4.890303,-0.05387,0.970511,0.04606,0.230403,-16.007883,6.137624,0.203984,-0.083778,0.930464,-0.118298,0.336489,7.172584,86.42215,20.164063,-0.000212,0.87542,-0.184227,0.446878,9.937564,51.703274,30.185848,-0.03422,0.872158,0.019112,0.487651,2.12352,7.367316,45.536865,-0.05387,0.970511,0.04606,0.230403,-9.018517,1.709113,-12.706047,-0.03422,0.872158,0.019112,0.487651,14.55072,2.227768,38.169266
883,7.358333,-0.0293,0.964185,0.026504,0.262271,-0.89095,86.021309,15.405248,-0.039651,0.982015,0.110807,0.147637,-1.432454,93.688789,15.680148,-0.038733,0.988353,0.097142,0.110551,-3.792569,114.437798,20.074394,0.044821,0.99683,0.022868,0.061637,-5.846946,134.933594,23.918606,0.089325,0.979104,-0.182687,-0.001567,-4.354407,149.473923,22.802002,-0.02267,0.923044,0.142266,0.356703,-9.230779,129.02124,22.630442,0.286847,-0.600075,-0.014465,-0.746605,-22.249887,130.064224,11.002301,0.066949,0.204137,-0.474931,-0.853397,-15.312132,122.052299,-11.453094,0.205419,0.323523,-0.543798,-0.746605,-2.871797,144.443741,-3.841837,-0.035614,0.989046,0.116744,0.083004,-1.990162,129.431335,24.313387,0.307212,0.867169,0.163345,-0.356309,15.211621,130.324371,27.329987,-0.052983,0.129385,0.455085,-0.879403,29.050535,119.984642,9.493433,-0.053599,-0.1807,0.670507,-0.717562,15.508919,139.944,5.096431,0.060856,0.934569,0.211,0.279922,-8.964306,85.621742,10.646757,0.071476,0.992458,-0.059609,0.079776,-8.805635,52.875267,-4.881434,-0.05408,0.970513,0.046059,0.230344,-16.006201,6.134692,0.203952,-0.083769,0.930574,-0.118346,0.336169,7.182407,86.420876,20.163738,-5e-05,0.875529,-0.184287,0.446641,9.949059,51.702724,30.187563,-0.034223,0.872164,0.019072,0.487642,2.1231,7.368886,45.538624,-0.05408,0.970513,0.046059,0.230344,-9.016253,1.707708,-12.706287,-0.034223,0.872164,0.019072,0.487642,14.549997,2.228387,38.171181
884,7.366667,-0.029231,0.964234,0.026371,0.262111,-0.882278,86.019501,15.408943,-0.03965,0.982055,0.110794,0.147377,-1.422186,93.687157,15.682239,-0.038877,0.988389,0.097028,0.110277,-3.780938,114.435837,20.076529,0.04473,0.996848,0.022651,0.061482,-5.839704,134.932083,23.915932,0.089344,0.979084,-0.182781,-0.001574,-4.349894,149.472183,22.792599,-0.022594,0.923169,0.142161,0.356425,-9.222363,129.018326,22.631191,0.286981,-0.600264,-0.014449,-0.746402,-22.248524,130.060974,11.010914,0.066924,0.203742,-0.475017,-0.853445,-15.32201,122.041618,-11.445303,0.205203,0.323264,-0.543909,-0.746697,-2.877993,144.435638,-3.851481,-0.035717,0.989077,0.116622,0.082761,-1.981011,129.431152,24.310312,0.307257,0.867142,0.163046,-0.356476,15.221927,130.329132,27.318865,-0.05278,0.129255,0.454994,-0.879482,29.053587,119.983971,9.479835,-0.053359,-0.180618,0.670762,-0.717362,15.505754,139.940262,5.082995,0.060798,0.934651,0.211,0.279662,-8.957288,85.620422,10.653215,0.071552,0.992476,-0.059514,0.079557,-8.798974,52.873432,-4.873893,-0.054023,0.970516,0.046108,0.230333,-16.004871,6.13282,0.20354,-0.083702,0.930631,-0.118381,0.336015,7.192732,86.418587,20.164671,5e-05,0.875663,-0.184319,0.446365,9.955689,51.70023,30.188793,-0.034063,0.872208,0.019144,0.487572,2.124882,7.367516,45.54063,-0.054023,0.970516,0.046108,0.230333,-9.015744,1.706763,-12.707464,-0.034063,0.872208,0.019144,0.487572,14.54941,2.22644,38.169586
885,7.375,-0.029205,0.964296,0.02633,0.26189,-0.874577,86.017761,15.411973,-0.039687,0.982096,0.110748,0.147131,-1.413873,93.685471,15.684893,-0.038919,0.988425,0.096932,0.110024,-3.772912,114.435486,20.077843,0.044705,0.996861,0.022504,0.06134,-5.831995,134.932373,23.913633,0.089326,0.979057,-0.182934,-0.001598,-4.343105,149.472214,22.785734,-0.022548,0.923261,0.142086,0.356219,-9.21465,129.017944,22.631901,0.287179,-0.600416,-0.014397,-0.746205,-22.246042,130.060059,11.017433,0.066983,0.203406,-0.475134,-0.853456,-15.328482,122.030602,-11.43794,0.205161,0.322976,-0.544085,-0.746704,-2.883201,144.429459,-3.861348,-0.035709,0.989109,0.116483,0.08258,-1.972513,129.431946,24.30735,0.307442,0.867034,0.162801,-0.356691,15.231495,130.330795,27.309546,-0.052546,0.129129,0.455095,-0.879462,29.049915,119.976738,9.465413,-0.053128,-0.180767,0.670551,-0.717539,15.505852,139.933884,5.069468,0.060854,0.934656,0.211021,0.279617,-8.951786,85.618805,10.659966,0.07155,0.992476,-0.059469,0.079593,-8.797576,52.872955,-4.869581,-0.054014,0.970532,0.046089,0.230274,-16.003162,6.131807,0.203347,-0.083625,0.930697,-0.118383,0.335851,7.202631,86.416718,20.16398,0.00011,0.875706,-0.184357,0.446265,9.962139,51.697464,30.185947,-0.033703,0.872158,0.019424,0.487675,2.126496,7.366067,45.539146,-0.054014,0.970532,0.046089,0.230274,-9.01569,1.705091,-12.70833,-0.033703,0.872158,0.019424,0.487675,14.550631,2.226821,38.166157
886,7.383333,-0.02915,0.964361,0.026147,0.261678,-0.865438,86.017082,15.41571,-0.039673,0.982137,0.11075,0.146858,-1.403125,93.68499,15.686247,-0.03907,0.988459,0.096836,0.109752,-3.760079,114.432335,20.079426,0.044631,0.996879,0.022309,0.061186,-5.823938,134.92952,23.911116,0.089299,0.979042,-0.183028,-0.001617,-4.337342,149.469131,22.777128,-0.022644,0.923413,0.141977,0.355862,-9.205302,129.013672,22.632582,0.287364,-0.600566,-0.014572,-0.746009,-22.245419,130.049408,11.027345,0.067025,0.203033,-0.475233,-0.853486,-15.337091,122.018623,-11.43039,0.205019,0.322817,-0.544302,-0.746653,-2.889293,144.420883,-3.872231,-0.035742,0.989145,0.116302,0.082392,-1.962454,129.43045,24.304256,0.307484,0.866967,0.162883,-0.35678,15.242553,130.331772,27.299961,-0.052211,0.128908,0.454971,-0.879578,29.056526,119.97908,9.451589,-0.052852,-0.180764,0.670757,-0.717367,15.504021,139.930923,5.05659,0.060895,0.934711,0.211017,0.279427,-8.944789,85.61808,10.667351,0.071543,0.992499,-0.059377,0.07938,-8.796595,52.872456,-4.862743,-0.054026,0.970553,0.046068,0.230186,-15.999767,6.130156,0.203079,-0.083497,0.930763,-0.118436,0.33568,7.213912,86.416092,20.16407,0.000194,0.875761,-0.184372,0.446149,9.965336,51.696175,30.185989,-0.034211,0.872212,0.018997,0.48756,2.124123,7.365313,45.537876,-0.054026,0.970553,0.046068,0.230186,-9.014503,1.702815,-12.70958,-0.034211,0.872212,0.018997,0.48756,14.549171,2.222689,38.168781
887,7.391667,-0.029077,0.964418,0.026078,0.26148,-0.858331,86.016014,15.419457,-0.039749,0.982171,0.110741,0.146618,-1.394596,93.684044,15.689392,-0.039034,0.988498,0.096749,0.109489,-3.753917,114.434143,20.082932,0.044449,0.996903,0.022053,0.061006,-5.814885,134.932159,23.911768,0.089293,0.979017,-0.183167,-0.001635,-4.33368,149.471695,22.769695,-0.022783,0.923481,0.141861,0.355724,-9.197174,129.01619,22.636162,0.287344,-0.600772,-0.014462,-0.745853,-22.240494,130.045258,11.033936,0.066929,0.202673,-0.475373,-0.853501,-15.344307,122.007942,-11.425193,0.205035,0.322538,-0.54454,-0.746596,-2.895646,144.414978,-3.881238,-0.035765,0.989184,0.116181,0.082085,-1.953426,129.432999,24.303925,0.307603,0.8669,0.162191,-0.357155,15.253282,130.336792,27.289072,-0.05218,0.128758,0.455076,-0.879548,29.05032,119.970749,9.435349,-0.05262,-0.180904,0.670851,-0.717261,15.499264,139.927872,5.046149,0.060898,0.934756,0.211027,0.279266,-8.939701,85.617874,10.674469,0.071565,0.992509,-0.059289,0.07931,-8.794177,52.872597,-4.856375,-0.053988,0.970558,0.046095,0.230168,-15.998438,6.129611,0.201526,-0.083448,0.930842,-0.118443,0.335471,7.22304,86.414146,20.164446,0.00025,0.875864,-0.184456,0.445912,9.973248,51.69376,30.185068,-0.034263,0.872301,0.018936,0.4874,2.127925,7.365852,45.543388,-0.053988,0.970558,0.046095,0.230168,-9.013999,1.702711,-12.711727,-0.034263,0.872301,0.018936,0.4874,14.550477,2.222364,38.170692
888,7.4,-0.029061,0.964477,0.026069,0.261266,-0.846962,86.014702,15.420511,-0.0397,0.982209,0.110817,0.146317,-1.382893,93.682747,15.690489,-0.039239,0.988536,0.096602,0.109197,-3.739861,114.437439,20.089281,0.044386,0.99692,0.021898,0.060844,-5.807524,134.935959,23.911724,0.089246,0.978985,-0.183357,-0.001671,-4.328372,149.475311,22.764757,-0.022863,0.92353,0.141847,0.355598,-9.187972,129.018097,22.640093,0.287473,-0.601011,-0.014428,-0.745612,-22.234312,130.043762,11.040955,0.066907,0.202396,-0.475543,-0.853474,-15.352305,121.997765,-11.419424,0.20516,0.322272,-0.54475,-0.746524,-2.905901,144.411316,-3.888196,-0.035739,0.989193,0.116254,0.08188,-1.943509,129.438599,24.303823,0.307708,0.866802,0.162011,-0.357383,15.264448,130.342102,27.281878,-0.051979,0.128565,0.455096,-0.879578,29.050159,119.97168,9.421952,-0.052402,-0.181013,0.670868,-0.717234,15.4977,139.92836,5.036541,0.060975,0.934817,0.210989,0.279075,-8.930454,85.616669,10.679124,0.071598,0.992512,-0.059209,0.079297,-8.794094,52.87088,-4.850736,-0.053807,0.97055,0.046146,0.230237,-16.00082,6.127444,0.199501,-0.083323,0.930871,-0.118538,0.335389,7.236531,86.412735,20.161898,0.000309,0.875782,-0.184423,0.446089,9.976925,51.692474,30.185635,-0.034202,0.872226,0.01899,0.487536,2.124978,7.3634,45.537216,-0.053807,0.97055,0.046146,0.230237,-9.016369,1.700685,-12.713796,-0.034202,0.872226,0.01899,0.487536,14.549494,2.220466,38.167442
889,7.408333,-0.029092,0.964534,0.026093,0.261051,-0.837453,86.015228,15.421031,-0.039712,0.982239,0.110815,0.146113,-1.373887,93.683228,15.69135,-0.039257,0.988565,0.096523,0.109002,-3.730422,114.437744,20.090471,0.044329,0.996935,0.021854,0.060643,-5.797722,134.936859,23.910015,0.089146,0.978967,-0.183502,-0.001873,-4.320769,149.476288,22.761324,-0.02282,0.923663,0.14172,0.355305,-9.178339,129.018585,22.640743,0.287638,-0.601183,-0.014409,-0.74541,-22.232029,130.04248,11.049725,0.066929,0.202074,-0.475657,-0.853486,-15.360266,121.988235,-11.41083,0.205091,0.322056,-0.544966,-0.746478,-2.913099,144.405548,-3.895386,-0.03578,0.989206,0.116251,0.081715,-1.933263,129.439758,24.301628,0.307779,0.866714,0.161984,-0.357547,15.275534,130.345383,27.27417,-0.051776,0.128406,0.455097,-0.879613,29.053244,119.974091,9.408585,-0.052226,-0.181205,0.670569,-0.717478,15.499719,139.928543,5.025552,0.060857,0.934936,0.210962,0.278721,-8.923012,85.616608,10.683222,0.071734,0.992532,-0.059111,0.078993,-8.7851,52.868973,-4.842722,-0.053819,0.970545,0.046184,0.230247,-16.002365,6.126294,0.19944,-0.083256,0.930873,-0.118588,0.335383,7.248106,86.413857,20.15884,0.000388,0.875878,-0.184488,0.445871,9.982797,51.693642,30.184275,-0.034226,0.872261,0.018933,0.487473,2.125373,7.36686,45.539635,-0.053819,0.970545,0.046184,0.230247,-9.017502,1.700719,-12.714037,-0.034226,0.872261,0.018933,0.487473,14.548794,2.222794,38.168812
890,7.416667,-0.029087,0.964577,0.026073,0.260892,-0.828829,86.014984,15.422604,-0.039552,0.98228,0.110775,0.145912,-1.365065,93.683014,15.692743,-0.039474,0.988582,0.096456,0.108826,-3.713391,114.435211,20.091024,0.044225,0.99695,0.021767,0.060502,-5.788698,134.934143,23.907135,0.089048,0.978956,-0.18361,-0.001976,-4.315033,149.473663,22.755474,-0.022833,0.923786,0.141717,0.354985,-9.167053,129.014114,22.64006,0.287816,-0.601297,-0.01453,-0.745247,-22.228678,130.035858,11.057797,0.066919,0.201833,-0.475821,-0.853452,-15.363926,121.97905,-11.403984,0.205082,0.321795,-0.545143,-0.746464,-2.92011,144.401642,-3.900351,-0.035833,0.989233,0.116144,0.081511,-1.921662,129.438858,24.298662,0.307009,0.867079,0.158596,-0.35884,15.288167,130.347473,27.264313,-0.05313,0.128939,0.455267,-0.879366,29.043409,119.953789,9.394415,-0.051934,-0.181387,0.670643,-0.717384,15.497287,139.930145,5.018396,0.060877,0.935002,0.21093,0.27852,-8.915956,85.616264,10.687476,0.071734,0.992541,-0.059057,0.078923,-8.783461,52.867817,-4.836802,-0.053853,0.970555,0.046228,0.230185,-15.999943,6.124532,0.200811,-0.083193,0.930866,-0.118619,0.335406,7.258298,86.413712,20.15773,0.000383,0.875818,-0.184535,0.44597,9.987792,51.693272,30.183823,-0.034152,0.872277,0.018927,0.487451,2.127021,7.368133,45.54224,-0.053853,0.970555,0.046228,0.230185,-9.016296,1.70041,-12.713824,-0.034152,0.872277,0.018927,0.487451,14.549335,2.222815,38.170414
891,7.425,-0.029089,0.964634,0.026035,0.260687,-0.821209,86.014694,15.427197,-0.03952,0.982318,0.110726,0.145706,-1.357258,93.682739,15.696876,-0.039586,0.988606,0.096377,0.108636,-3.702971,114.43483,20.093649,0.044159,0.996968,0.021612,0.060309,-5.78183,134.934021,23.906414,0.089045,0.978937,-0.183711,-0.002155,-4.310406,149.473389,22.749792,-0.022905,0.923877,0.141733,0.354737,-9.159217,129.012924,22.641716,0.287985,-0.601417,-0.014604,-0.745083,-22.226885,130.03125,11.065969,0.066879,0.201576,-0.475954,-0.853441,-15.369418,121.970299,-11.396543,0.204937,0.321561,-0.545356,-0.746449,-2.926805,144.397446,-3.904147,-0.035926,0.989228,0.11629,0.081331,-1.913342,129.439728,24.297665,0.307813,0.866557,0.161804,-0.357981,15.297277,130.351883,27.257643,-0.051414,0.127869,0.454989,-0.879768,29.058563,119.981834,9.37868,-0.051779,-0.181599,0.670839,-0.717158,15.493351,139.931625,5.009459,0.060926,0.935042,0.210926,0.27838,-8.910336,85.615616,10.695519,0.071747,0.992556,-0.058976,0.07878,-8.783574,52.867485,-4.829461,-0.054076,0.970554,0.046212,0.230142,-15.999961,6.123462,0.201445,-0.083094,0.930925,-0.118638,0.335259,7.267918,86.413773,20.158873,0.000465,0.875857,-0.184537,0.445893,9.991847,51.692474,30.183495,-0.034132,0.872231,0.018949,0.487534,2.125557,7.367417,45.539307,-0.054076,0.970554,0.046212,0.230142,-9.015214,1.700538,-12.713,-0.034132,0.872231,0.018949,0.487534,14.549186,2.222421,38.169479
892,7.433333,-0.029062,0.964689,0.025936,0.260494,-0.813294,86.015495,15.431065,-0.039548,0.982349,0.110703,0.145502,-1.348498,93.683655,15.6995,-0.039593,0.988636,0.096302,0.10843,-3.694224,114.435074,20.095482,0.043998,0.996988,0.021514,0.060132,-5.772254,134.93486,23.90554,0.088971,0.978912,-0.183875,-0.002254,-4.305876,149.474472,22.745504,-0.022822,0.923995,0.141699,0.354448,-9.149945,129.013412,22.64324,0.288283,-0.601548,-0.014697,-0.74486,-22.224903,130.032486,11.075796,0.066999,0.201379,-0.476052,-0.853424,-15.375394,121.964005,-11.386436,0.204908,0.321412,-0.5454,-0.746489,-2.934232,144.394379,-3.907076,-0.035878,0.989267,0.116094,0.081146,-1.903414,129.440781,24.296171,0.307027,0.866929,0.158222,-0.359354,15.308372,130.352646,27.249416,-0.052941,0.1286,0.455216,-0.879453,29.044746,119.957863,9.365665,-0.051745,-0.181757,0.670631,-0.717315,15.492563,139.931259,4.9995,0.060881,0.935163,0.210914,0.277991,-8.904337,85.616302,10.702678,0.071784,0.992572,-0.058871,0.078632,-8.781238,52.867393,-4.820705,-0.054123,0.970558,0.046225,0.230113,-15.99963,6.122703,0.201092,-0.08299,0.930973,-0.118644,0.335151,7.277749,86.414696,20.159451,0.000475,0.87586,-0.18457,0.445873,9.995723,51.692242,30.181688,-0.034307,0.87227,0.018808,0.487456,2.127505,7.368353,45.539875,-0.054123,0.970558,0.046225,0.230113,-9.015141,1.700467,-12.71373,-0.034307,0.87227,0.018808,0.487456,14.550831,2.222334,38.170254
893,7.441667,-0.029021,0.964747,0.025852,0.260292,-0.807331,86.015121,15.433701,-0.039553,0.982377,0.110709,0.145312,-1.34154,93.68338,15.701161,-0.03962,0.988661,0.096244,0.108248,-3.68669,114.434875,20.097828,0.043649,0.997022,0.02122,0.059928,-5.764895,134.935028,23.905781,0.089088,0.978891,-0.183932,-0.002334,-4.308797,149.474915,22.73621,-0.022898,0.924058,0.141689,0.354284,-9.142594,129.013168,22.645496,0.288377,-0.601676,-0.014773,-0.744719,-22.221508,130.028778,11.082211,0.066697,0.201111,-0.476056,-0.853509,-15.379745,121.958366,-11.381697,0.204291,0.320871,-0.545778,-0.746615,-2.931888,144.38884,-3.905377,-0.035887,0.989297,0.115969,0.080958,-1.895508,129.441299,24.295803,0.306955,0.866917,0.157874,-0.359597,15.317329,130.354614,27.242502,-0.052848,0.128516,0.455232,-0.879463,29.047215,119.958809,9.354347,-0.051402,-0.181963,0.670557,-0.717357,15.494739,139.932144,4.989758,0.060861,0.935218,0.210949,0.277785,-8.900396,85.616127,10.708752,0.071823,0.992568,-0.058818,0.07868,-8.778625,52.868141,-4.816593,-0.053935,0.97056,0.046208,0.23015,-16.000587,6.123385,0.199525,-0.08292,0.931024,-0.11868,0.335014,7.285734,86.414124,20.158649,0.000553,0.875812,-0.184553,0.445975,9.999603,51.691444,30.181217,-0.034252,0.87218,0.018858,0.487621,2.123848,7.36697,45.533871,-0.053935,0.97056,0.046208,0.23015,-9.017053,1.699281,-12.715176,-0.034252,0.87218,0.018858,0.487621,14.549664,2.221514,38.168041
894,7.45,-0.028983,0.964795,0.025851,0.260122,-0.800587,86.015938,15.435255,-0.039486,0.982414,0.110705,0.145081,-1.334173,93.684235,15.702948,-0.039712,0.988687,0.096202,0.108013,-3.675388,114.4356,20.100357,0.043778,0.997025,0.021114,0.059829,-5.756312,134.935791,23.906651,0.088836,0.978867,-0.184179,-0.002378,-4.296583,149.475052,22.734047,-0.022966,0.924159,0.141667,0.354024,-9.133296,129.013031,22.648634,0.28855,-0.601809,-0.014913,-0.744542,-22.218515,130.024826,11.092162,0.066936,0.201025,-0.476191,-0.853434,-15.384907,121.952423,-11.373508,0.204716,0.321069,-0.545653,-0.746504,-2.942982,144.387909,-3.908975,-0.035897,0.989319,0.115964,0.080693,-1.885564,129.442947,24.29563,0.306921,0.866896,0.157607,-0.359792,15.328739,130.357742,27.23324,-0.05277,0.128367,0.455171,-0.879521,29.052666,119.960442,9.341391,-0.051196,-0.182098,0.670468,-0.71742,15.495253,139.932007,4.980891,0.060824,0.935309,0.210905,0.277519,-8.895354,85.617516,10.713181,0.071865,0.992584,-0.058724,0.078512,-8.77641,52.867844,-4.808614,-0.0541,0.97056,0.046243,0.230106,-16.000751,6.122604,0.19954,-0.082858,0.931087,-0.118697,0.334846,7.294181,86.41436,20.157328,0.000612,0.875852,-0.184598,0.445877,10.005255,51.691238,30.179113,-0.034229,0.872194,0.018872,0.487595,2.1244,7.368344,45.533695,-0.0541,0.97056,0.046243,0.230106,-9.016676,1.700715,-12.715628,-0.034229,0.872194,0.018872,0.487595,14.549619,2.222876,38.166882
895,7.458333,-0.028909,0.964849,0.025782,0.259933,-0.794307,86.017906,15.43971,-0.039521,0.982444,0.110649,0.144907,-1.326469,93.686317,15.70678,-0.039727,0.988703,0.096232,0.107835,-3.667701,114.435196,20.101427,0.043538,0.99705,0.020847,0.059683,-5.748678,134.935089,23.909237,0.088825,0.978846,-0.184296,-0.002395,-4.29593,149.474365,22.728197,-0.023065,0.924199,0.141748,0.35388,-9.125703,129.012161,22.652193,0.288645,-0.601948,-0.015005,-0.74439,-22.214334,130.020996,11.099327,0.066868,0.200911,-0.476282,-0.853416,-15.389183,121.947029,-11.368345,0.20473,0.320828,-0.545683,-0.746582,-2.949256,144.385361,-3.907732,-0.035968,0.989338,0.115949,0.080454,-1.877417,129.442505,24.296633,0.30692,0.866847,0.157675,-0.359883,15.338055,130.360779,27.226311,-0.052523,0.128172,0.455066,-0.879618,29.058779,119.966194,9.330429,-0.050964,-0.182192,0.670494,-0.717388,15.494794,139.93251,4.972105,0.060838,0.935356,0.210906,0.277355,-8.890991,85.620369,10.720854,0.071896,0.992588,-0.058644,0.078494,-8.775702,52.870846,-4.801279,-0.053962,0.970555,0.046225,0.230162,-16.0023,6.125143,0.199268,-0.082777,0.931119,-0.118693,0.33478,7.302379,86.415443,20.158567,0.000618,0.875887,-0.184658,0.445784,10.008834,51.691277,30.177979,-0.034312,0.87226,0.018764,0.487476,2.126563,7.370493,45.53793,-0.053962,0.970555,0.046225,0.230162,-9.018175,1.701729,-12.715345,-0.034312,0.87226,0.018764,0.487476,14.550066,2.223468,38.169315
896,7.466667,-0.028935,0.964906,0.025759,0.259721,-0.786686,86.019501,15.442326,-0.039549,0.982478,0.110623,0.144691,-1.319081,93.687912,15.709064,-0.03971,0.98873,0.096209,0.107613,-3.660213,114.435432,20.102682,0.043524,0.997062,0.020722,0.05953,-5.739542,134.935577,23.910093,0.088647,0.978827,-0.18448,-0.002486,-4.28747,149.474609,22.725136,-0.023079,0.924309,0.141667,0.353625,-9.117113,129.012558,22.65494,0.288685,-0.602035,-0.014991,-0.744305,-22.212032,130.018585,11.108952,0.066791,0.2007,-0.476391,-0.853411,-15.392076,121.941605,-11.359229,0.204634,0.320623,-0.545747,-0.74665,-2.953151,144.383194,-3.906697,-0.036076,0.98935,0.11599,0.080199,-1.868094,129.443008,24.296116,0.306871,0.866864,0.157459,-0.359978,15.348537,130.365982,27.217505,-0.052404,0.128067,0.454938,-0.879707,29.067358,119.970169,9.320881,-0.050645,-0.182036,0.670428,-0.717513,15.496566,139.931702,4.963591,0.060964,0.935381,0.210867,0.277275,-8.885415,85.621246,10.727032,0.071838,0.992581,-0.058604,0.078657,-8.780797,52.871662,-4.795048,-0.053952,0.970549,0.046257,0.230182,-16.002504,6.124723,0.201055,-0.082692,0.93114,-0.118698,0.33474,7.312041,86.417755,20.157619,0.000655,0.875803,-0.184671,0.445943,10.01315,51.692665,30.175261,-0.034241,0.872163,0.018794,0.487654,2.124444,7.37235,45.533253,-0.053952,0.970549,0.046257,0.230182,-9.017917,1.702176,-12.713607,-0.034241,0.872163,0.018794,0.487654,14.550411,2.225156,38.168903
897,7.475,-0.028873,0.964966,0.025755,0.259506,-0.779945,86.019249,15.443739,-0.039559,0.982507,0.110589,0.144516,-1.311346,93.687714,15.710793,-0.039738,0.988746,0.096209,0.107449,-3.651922,114.435829,20.103413,0.043424,0.99708,0.0206,0.059345,-5.73176,134.935883,23.911043,0.088611,0.978808,-0.184596,-0.002657,-4.28295,149.474915,22.722055,-0.02318,0.924309,0.141817,0.353559,-9.109233,129.012543,22.657112,0.288718,-0.602195,-0.01503,-0.744162,-22.205622,130.01683,11.112647,0.06644,0.200551,-0.476373,-0.853483,-15.395275,121.937874,-11.357727,0.204108,0.320123,-0.546112,-0.746741,-2.950917,144.378601,-3.901417,-0.03616,0.989363,0.116021,0.079953,-1.859722,129.443665,24.295935,0.306913,0.866837,0.157664,-0.359917,15.358074,130.370422,27.209223,-0.052102,0.127889,0.45477,-0.879837,29.077799,119.976357,9.312283,-0.050432,-0.181974,0.670357,-0.71761,15.497727,139.930588,4.954875,0.060996,0.935409,0.210812,0.277216,-8.880828,85.621964,10.732071,0.071852,0.992586,-0.05852,0.078653,-8.780484,52.870964,-4.787047,-0.053975,0.970547,0.046295,0.230179,-16.002888,6.123269,0.200987,-0.082679,0.931144,-0.118732,0.334719,7.320938,86.416534,20.155407,0.000724,0.875771,-0.18473,0.445982,10.020568,51.691872,30.174959,-0.034287,0.872173,0.018801,0.487633,2.122962,7.373616,45.534321,-0.053975,0.970547,0.046295,0.230179,-9.018106,1.701964,-12.713993,-0.034287,0.872173,0.018801,0.487633,14.549039,2.22726,38.169582
898,7.483333,-0.028858,0.965017,0.025758,0.259318,-0.774298,86.020615,15.446695,-0.039445,0.982554,0.110558,0.144254,-1.30545,93.689087,15.713957,-0.039896,0.988773,0.096159,0.10719,-3.639497,114.434052,20.105799,0.043347,0.997095,0.020456,0.059193,-5.724644,134.933975,23.911205,0.08852,0.978795,-0.184708,-0.002693,-4.278304,149.47287,22.717636,-0.023152,0.924464,0.141783,0.35317,-9.100658,129.009277,22.659843,0.288833,-0.602263,-0.015184,-0.74406,-22.206726,130.011993,11.126225,0.066459,0.20034,-0.476405,-0.853513,-15.400653,121.934273,-11.345894,0.203997,0.319948,-0.546161,-0.746811,-2.953569,144.376343,-3.899552,-0.0363,0.989373,0.116041,0.079734,-1.850503,129.443176,24.295088,0.306875,0.866848,0.157321,-0.360073,15.368167,130.375656,27.20142,-0.051899,0.127731,0.454657,-0.879931,29.08349,119.97818,9.303075,-0.050034,-0.181995,0.670538,-0.717463,15.495561,139.929031,4.946853,0.061065,0.93544,0.210797,0.277106,-8.877035,85.623482,10.738198,0.071837,0.992588,-0.05847,0.078676,-8.783464,52.872635,-4.781291,-0.054117,0.970537,0.046295,0.230188,-16.004223,6.124187,0.202053,-0.082603,0.931197,-0.118757,0.334583,7.32844,86.41774,20.155193,0.000748,0.875769,-0.184726,0.445987,10.023802,51.692581,30.174175,-0.034387,0.872163,0.018779,0.487644,2.124263,7.374197,45.532196,-0.054117,0.970537,0.046295,0.230188,-9.017765,1.703992,-12.712407,-0.034387,0.872163,0.018779,0.487644,14.551388,2.228737,38.168583
899,7.491667,-0.028865,0.965086,0.02573,0.259063,-0.766733,86.02198,15.448262,-0.039438,0.982581,0.110588,0.144049,-1.297804,93.690475,15.715216,-0.039933,0.988789,0.096187,0.107008,-3.630521,114.432678,20.108318,0.043257,0.997113,0.020186,0.059055,-5.716614,134.932251,23.915085,0.088397,0.978785,-0.18482,-0.002756,-4.272892,149.470734,22.713268,-0.023162,0.924529,0.141737,0.353016,-9.092408,129.007202,22.664759,0.288793,-0.602418,-0.015227,-0.743949,-22.202257,130.008224,11.135294,0.066355,0.200195,-0.476448,-0.853532,-15.405522,121.930946,-11.339812,0.203989,0.319822,-0.546194,-0.746843,-2.95739,144.374115,-3.897344,-0.03642,0.989395,0.115947,0.079548,-1.841717,129.441864,24.297415,0.306846,0.866837,0.15707,-0.360234,15.377686,130.379532,27.197712,-0.051726,0.127717,0.45455,-0.879998,29.088121,119.980225,9.296688,-0.049809,-0.181821,0.670584,-0.71748,15.495527,139.926498,4.936583,0.061134,0.935485,0.210748,0.276976,-8.871943,85.624435,10.744061,0.071813,0.992602,-0.058377,0.078595,-8.786215,52.872704,-4.77363,-0.054212,0.970536,0.046314,0.230164,-16.003653,6.122899,0.201755,-0.082532,0.931211,-0.118766,0.334559,7.338476,86.419533,20.152464,0.000787,0.875771,-0.184796,0.445955,10.02912,51.693691,30.17034,-0.034241,0.872153,0.018752,0.487674,2.123894,7.377786,45.532574,-0.054212,0.970536,0.046314,0.230164,-9.016846,1.703955,-12.71294,-0.034241,0.872153,0.018752,0.487674,14.549992,2.229553,38.169174
900,7.5,-0.028812,0.965142,0.025623,0.258871,-0.761376,86.022224,15.452175,-0.039512,0.98261,0.110573,0.143844,-1.291172,93.690857,15.717867,-0.039843,0.988819,0.096159,0.10678,-3.626058,114.433456,20.110437,0.043109,0.997132,0.020048,0.058884,-5.707439,134.933548,23.916956,0.088331,0.978766,-0.184953,-0.002806,-4.268303,149.472107,22.710598,-0.023219,0.924607,0.141787,0.352787,-9.084665,129.008896,22.668575,0.288774,-0.602545,-0.015225,-0.743853,-22.200073,130.007477,11.145215,0.066268,0.20003,-0.476491,-0.853553,-15.410933,121.928833,-11.331697,0.203939,0.319662,-0.54618,-0.746936,-2.961399,144.373108,-3.894433,-0.036456,0.989412,0.115877,0.079425,-1.833143,129.442642,24.297791,0.306864,0.866799,0.157064,-0.360312,15.386856,130.382263,27.193937,-0.05151,0.127628,0.454437,-0.880082,29.093927,119.983246,9.290165,-0.049677,-0.181766,0.67057,-0.717516,15.495531,139.924423,4.928394,0.06121,0.935521,0.210762,0.276828,-8.868505,85.625008,10.751252,0.071796,0.992598,-0.058343,0.078678,-8.790136,52.874386,-4.768803,-0.054158,0.97053,0.046351,0.230194,-16.006119,6.123954,0.202843,-0.082459,0.93127,-0.118788,0.334404,7.345754,86.419449,20.153097,0.000844,0.875791,-0.184794,0.445916,10.032603,51.693108,30.170244,-0.034332,0.872128,0.01874,0.487712,2.123376,7.377121,45.530174,-0.054158,0.97053,0.046351,0.230194,-9.019034,1.705676,-12.711928,-0.034332,0.872128,0.01874,0.487712,14.550924,2.229926,38.168495
901,7.508333,-0.028828,0.965185,0.025736,0.258699,-0.754407,86.024651,15.453034,-0.03937,0.982643,0.110602,0.143633,-1.284846,93.693176,15.720424,-0.040028,0.988837,0.096106,0.106593,-3.612782,114.433922,20.11517,0.043086,0.997143,0.019841,0.058794,-5.700883,134.933823,23.919046,0.088187,0.978757,-0.185066,-0.002819,-4.262391,149.471924,22.706465,-0.022966,0.924657,0.14199,0.352593,-9.076219,129.00766,22.672758,0.288867,-0.602709,-0.01508,-0.743687,-22.196835,130.015915,11.156169,0.066238,0.199808,-0.476534,-0.853583,-15.417298,121.926643,-11.319819,0.203745,0.319569,-0.546257,-0.746972,-2.965754,144.371552,-3.892054,-0.036431,0.989435,0.115777,0.079286,-1.824319,129.444473,24.29948,0.306867,0.866756,0.157183,-0.36036,15.396516,130.384109,27.190662,-0.051197,0.127416,0.454306,-0.880199,29.101768,119.988129,9.283731,-0.049384,-0.181853,0.670618,-0.71747,15.495372,139.92305,4.923218,0.061247,0.935602,0.210686,0.276603,-8.863192,85.627571,10.754951,0.071792,0.992596,-0.058276,0.078758,-8.792596,52.874958,-4.760945,-0.054222,0.970521,0.046403,0.23021,-16.008196,6.123752,0.203926,-0.082374,0.931284,-0.118797,0.334382,7.354379,86.421722,20.151117,0.000827,0.875729,-0.184862,0.446009,10.035547,51.694523,30.166838,-0.034266,0.872127,0.018742,0.487718,2.123229,7.380936,45.532108,-0.054222,0.970521,0.046403,0.23021,-9.02001,1.707455,-12.710937,-0.034266,0.872127,0.018742,0.487718,14.550264,2.232846,38.170181
902,7.516667,-0.028802,0.96523,0.025732,0.258531,-0.746996,86.026726,15.45555,-0.039454,0.982682,0.110495,0.143423,-1.276993,93.695274,15.723078,-0.039927,0.988861,0.096188,0.106338,-3.60633,114.431885,20.112314,0.042957,0.99716,0.019752,0.058623,-5.689616,134.931473,23.920568,0.088033,0.978746,-0.185198,-0.002854,-4.255236,149.469727,22.704901,-0.022902,0.924729,0.142095,0.352365,-9.06642,129.005951,22.675148,0.288827,-0.602893,-0.015032,-0.743555,-22.192745,130.016403,11.165269,0.066331,0.199734,-0.476617,-0.853547,-15.424156,121.923828,-11.312826,0.204112,0.319798,-0.546106,-0.746884,-2.975851,144.371262,-3.891864,-0.036557,0.989444,0.115742,0.079176,-1.813594,129.441528,24.298052,0.306844,0.866729,0.157086,-0.360488,15.407519,130.386093,27.185928,-0.05107,0.127206,0.454229,-0.880277,29.10891,119.990814,9.275639,-0.049117,-0.181978,0.670496,-0.717571,15.495901,139.923553,4.920522,0.061252,0.935684,0.210621,0.276372,-8.857432,85.629982,10.760297,0.071825,0.992601,-0.058179,0.078745,-8.792383,52.875431,-4.75152,-0.054186,0.970505,0.046457,0.230274,-16.010284,6.123585,0.204002,-0.082313,0.931295,-0.118815,0.33436,7.363441,86.423462,20.150803,0.000835,0.875716,-0.184919,0.446012,10.040347,51.695847,30.166185,-0.034338,0.872179,0.018708,0.487621,2.124918,7.384262,45.535603,-0.054186,0.970505,0.046457,0.230274,-9.020719,1.70863,-12.710566,-0.034338,0.872179,0.018708,0.487621,14.550844,2.236316,38.171715
903,7.525,-0.028792,0.96528,0.025801,0.258342,-0.741882,86.027893,15.457225,-0.039217,0.982715,0.110564,0.143212,-1.271941,93.696396,15.72592,-0.04028,0.988873,0.096081,0.106188,-3.591011,114.434837,20.120375,0.04301,0.997163,0.01956,0.058602,-5.687881,134.934097,23.922892,0.087927,0.978731,-0.185328,-0.002813,-4.251713,149.47171,22.701668,-0.022919,0.924757,0.142152,0.352268,-9.060788,129.005844,22.680012,0.28901,-0.603026,-0.015217,-0.743371,-22.18948,130.015915,11.172798,0.066312,0.199677,-0.476673,-0.853531,-15.429152,121.922623,-11.30752,0.204066,0.319644,-0.546083,-0.746979,-2.982394,144.371918,-3.888994,-0.036407,0.989479,0.11562,0.078976,-1.807911,129.447021,24.301176,0.30679,0.86674,0.157017,-0.360537,15.414694,130.387573,27.181465,-0.050925,0.127096,0.454132,-0.880351,29.115995,119.993553,9.270377,-0.048884,-0.182103,0.670383,-0.71766,15.497917,139.921783,4.916249,0.061313,0.935722,0.210544,0.276291,-8.854171,85.631569,10.765138,0.071795,0.99259,-0.058107,0.078952,-8.796232,52.875198,-4.742878,-0.054197,0.970485,0.046566,0.230331,-16.01181,6.122145,0.204656,-0.082295,0.931293,-0.118866,0.334351,7.370407,86.424225,20.149311,0.000899,0.8757,-0.184901,0.44605,10.044926,51.697277,30.167671,-0.034278,0.872108,0.018803,0.487748,2.124246,7.385093,45.532673,-0.054197,0.970485,0.046566,0.230331,-9.020546,1.710441,-12.710105,-0.034278,0.872108,0.018803,0.487748,14.552191,2.238711,38.171093
904,7.533333,-0.028771,0.965331,0.025803,0.258151,-0.735416,86.028908,15.461299,-0.039186,0.982744,0.110537,0.143043,-1.265127,93.697426,15.730204,-0.040351,0.988891,0.096034,0.106037,-3.581901,114.435768,20.124054,0.043048,0.997166,0.019576,0.058516,-5.680902,134.935181,23.924644,0.087753,0.978704,-0.18555,-0.002884,-4.243944,149.472733,22.703806,-0.022952,0.924832,0.142163,0.352063,-9.053235,129.006226,22.683456,0.289106,-0.603138,-0.015341,-0.743241,-22.186926,130.014297,11.181767,0.066032,0.199477,-0.476695,-0.853587,-15.433494,121.921005,-11.300629,0.203577,0.319107,-0.54638,-0.747125,-2.98228,144.371292,-3.882824,-0.036451,0.989484,0.115678,0.078809,-1.799963,129.44873,24.302496,0.306714,0.866781,0.15659,-0.36069,15.423454,130.391327,27.17728,-0.050829,0.126878,0.454038,-0.880436,29.121584,119.993469,9.265985,-0.048498,-0.18235,0.670501,-0.717513,15.495067,139.920609,4.917883,0.061254,0.935809,0.210565,0.275993,-8.849576,85.632835,10.772424,0.071872,0.992616,-0.058027,0.078619,-8.792152,52.876591,-4.735839,-0.054167,0.970486,0.046575,0.230335,-16.01277,6.12371,0.20593,-0.082235,0.931343,-0.118859,0.334231,7.378744,86.42498,20.150175,0.00096,0.875663,-0.184934,0.446108,10.050737,51.697193,30.166283,-0.034207,0.872058,0.018908,0.487839,2.122538,7.386154,45.530724,-0.054167,0.970486,0.046575,0.230335,-9.021695,1.712024,-12.70894,-0.034207,0.872058,0.018908,0.487839,14.551836,2.241437,38.170261
905,7.541667,-0.028814,0.965376,0.025858,0.257974,-0.726985,86.031189,15.463248,-0.039202,0.982768,0.110567,0.142848,-1.257503,93.699631,15.7329,-0.040352,0.988918,0.095971,0.105842,-3.574279,114.437889,20.128372,0.042865,0.997185,0.019365,0.058384,-5.672303,134.937805,23.926786,0.087732,0.978687,-0.185654,-0.002879,-4.240714,149.475342,22.699287,-0.023011,0.924925,0.142124,0.351831,-9.044971,129.008591,22.687771,0.289145,-0.603299,-0.015407,-0.743093,-22.184259,130.013062,11.192174,0.065895,0.199278,-0.476783,-0.853595,-15.440589,121.918633,-11.292738,0.203418,0.318941,-0.546496,-0.747155,-2.989446,144.371445,-3.880588,-0.03635,0.989519,0.115489,0.078691,-1.791087,129.451508,24.303934,0.306732,0.866741,0.156431,-0.360837,15.433231,130.391663,27.174059,-0.050861,0.126868,0.454033,-0.880438,29.125509,119.991959,9.259373,-0.048605,-0.182427,0.670219,-0.71775,15.49895,139.918655,4.912579,0.061293,0.935899,0.210477,0.275747,-8.842804,85.634499,10.777303,0.071862,0.992614,-0.05793,0.078725,-8.793922,52.875923,-4.726068,-0.054376,0.970477,0.046629,0.230312,-16.01342,6.121832,0.20588,-0.082146,0.93143,-0.118908,0.333993,7.388834,86.427887,20.149193,0.00101,0.875741,-0.184968,0.445941,10.056191,51.699883,30.165791,-0.034446,0.872131,0.018657,0.487701,2.125328,7.390058,45.532345,-0.054376,0.970477,0.046629,0.230312,-9.02079,1.713261,-12.709208,-0.034446,0.872131,0.018657,0.487701,14.553399,2.242445,38.171844
906,7.55,-0.028763,0.965438,0.025816,0.257752,-0.720928,86.03421,15.467636,-0.039254,0.982794,0.110566,0.142655,-1.250456,93.702721,15.736998,-0.040315,0.988941,0.095957,0.105649,-3.568295,114.438477,20.132069,0.04273,0.997201,0.019215,0.058266,-5.664006,134.938614,23.930511,0.087638,0.978664,-0.185816,-0.002874,-4.236484,149.476135,22.698208,-0.023031,0.925,0.14214,0.351625,-9.037398,129.009491,22.693048,0.289214,-0.603443,-0.015475,-0.742949,-22.181728,130.012436,11.203074,0.065806,0.199094,-0.476878,-0.853592,-15.446748,121.916267,-11.283827,0.203352,0.318715,-0.546561,-0.747221,-2.996213,144.372208,-3.877996,-0.036317,0.989537,0.115465,0.078526,-1.782862,129.452194,24.306349,0.306678,0.86674,0.156167,-0.361002,15.442451,130.391937,27.170664,-0.050812,0.12673,0.453979,-0.880489,29.130495,119.99115,9.253378,-0.048401,-0.182607,0.670146,-0.717786,15.49934,139.916641,4.910839,0.061314,0.935951,0.210413,0.275614,-8.838959,85.638107,10.785469,0.071858,0.992641,-0.05779,0.078489,-8.79501,52.877747,-4.714166,-0.054448,0.970485,0.046614,0.230264,-16.011963,6.122056,0.20632,-0.082053,0.931453,-0.118893,0.333958,7.397102,86.430313,20.149803,0.001043,0.875635,-0.184959,0.446153,10.058929,51.700932,30.163115,-0.034406,0.872037,0.018675,0.487871,2.122001,7.390797,45.525646,-0.054448,0.970485,0.046614,0.230264,-9.019855,1.713578,-12.709087,-0.034406,0.872037,0.018675,0.487871,14.552641,2.243165,38.169498
907,7.558333,-0.028755,0.965474,0.025829,0.257614,-0.713123,86.034325,15.470086,-0.039299,0.982812,0.110596,0.142494,-1.242539,93.702835,15.73974,-0.040277,0.988963,0.095942,0.105472,-3.561894,114.439842,20.136511,0.042643,0.997215,0.019115,0.058119,-5.655271,134.940247,23.934879,0.087535,0.978645,-0.185967,-0.002966,-4.230575,149.477768,22.699291,-0.023085,0.925062,0.142114,0.351471,-9.029388,129.01123,22.69887,0.289229,-0.60362,-0.015472,-0.742799,-22.177416,130.011261,11.212876,0.065681,0.198897,-0.477003,-0.853577,-15.453084,121.911873,-11.276043,0.203301,0.318579,-0.5467,-0.747191,-3.004056,144.372238,-3.876246,-0.0363,0.989556,0.115427,0.078343,-1.774251,129.453644,24.309544,0.306714,0.866689,0.156143,-0.361104,15.452107,130.393677,27.167458,-0.050534,0.126379,0.453915,-0.880588,29.135401,119.992462,9.246795,-0.047961,-0.182833,0.670328,-0.717588,15.496195,139.916031,4.912164,0.061356,0.93601,0.210348,0.275453,-8.832491,85.638344,10.79023,0.071878,0.992628,-0.057727,0.07868,-8.795467,52.876389,-4.706035,-0.054398,0.97046,0.046747,0.230355,-16.014788,6.120288,0.207063,-0.081992,0.93155,-0.118955,0.333679,7.406244,86.430298,20.149942,0.00113,0.875783,-0.185006,0.445842,10.065446,51.701271,30.165178,-0.034306,0.872087,0.018706,0.487788,2.124737,7.392821,45.530609,-0.054398,0.97046,0.046747,0.230355,-9.020681,1.715314,-12.708455,-0.034306,0.872087,0.018706,0.487788,14.553174,2.244463,38.171242
908,7.566667,-0.028746,0.965517,0.025799,0.25746,-0.707893,86.035179,15.474404,-0.039259,0.982836,0.11057,0.142363,-1.237021,93.70372,15.743734,-0.04034,0.988977,0.095897,0.105362,-3.553837,114.439949,20.139744,0.042645,0.99722,0.018981,0.058074,-5.649232,134.940491,23.936182,0.087401,0.978638,-0.186063,-0.002963,-4.224407,149.477661,22.6966,-0.02301,0.9252,0.142026,0.351147,-9.022795,129.01088,22.70155,0.289681,-0.603672,-0.015848,-0.742573,-22.178909,130.010559,11.224786,0.065914,0.19881,-0.477039,-0.853559,-15.458266,121.910568,-11.265021,0.203325,0.318384,-0.546815,-0.747184,-3.010192,144.372589,-3.875997,-0.036231,0.989581,0.115345,0.078184,-1.767385,129.454468,24.31068,0.306646,0.8667,0.155947,-0.36122,15.460019,130.393005,27.162785,-0.050589,0.126391,0.453913,-0.880585,29.141218,119.991936,9.240429,-0.047854,-0.182846,0.670065,-0.717837,15.502254,139.915375,4.906582,0.061351,0.936095,0.210301,0.275203,-8.828764,85.639114,10.797163,0.071882,0.992631,-0.05764,0.078699,-8.796506,52.875648,-4.695939,-0.054506,0.970452,0.046786,0.230354,-16.015678,6.118637,0.208738,-0.081941,0.931553,-0.118946,0.333687,7.412978,86.431244,20.151646,0.001157,0.875691,-0.185008,0.446023,10.068931,51.701462,30.165121,-0.034236,0.872,0.018808,0.487945,2.122726,7.393074,45.527901,-0.054506,0.970452,0.046786,0.230354,-9.020484,1.715579,-12.706843,-0.034236,0.872,0.018808,0.487945,14.55362,2.246361,38.171535
909,7.575,-0.028729,0.965563,0.025798,0.257289,-0.703173,86.03569,15.47927,-0.039262,0.982864,0.110515,0.142212,-1.231997,93.704254,15.748745,-0.040258,0.988991,0.09596,0.1052,-3.548053,114.441765,20.142971,0.042565,0.997233,0.018632,0.058036,-5.639685,134.942078,23.942734,0.08723,0.978629,-0.186197,-0.002836,-4.216745,149.478561,22.692818,-0.0231,0.925254,0.141985,0.351016,-9.014383,129.013031,22.708508,0.289657,-0.603885,-0.01585,-0.742409,-22.173576,130.00856,11.234915,0.065977,0.198639,-0.477199,-0.853505,-15.465675,121.906158,-11.257828,0.203726,0.318493,-0.546741,-0.747082,-3.022395,144.373657,-3.879525,-0.0362,0.989593,0.115372,0.078003,-1.758366,129.455536,24.315197,0.306594,0.866658,0.156109,-0.361294,15.470107,130.393677,27.160969,-0.050358,0.126182,0.453759,-0.880707,29.150215,119.998947,9.234108,-0.047638,-0.1829,0.670126,-0.717781,15.502196,139.916016,4.90311,0.061329,0.936155,0.210286,0.275014,-8.825708,85.639824,10.804902,0.071914,0.99264,-0.057548,0.078628,-8.795382,52.875729,-4.686862,-0.054611,0.970449,0.046805,0.230338,-16.016632,6.118164,0.209462,-0.081868,0.931539,-0.118938,0.333745,7.419363,86.431564,20.153637,0.00115,0.875661,-0.185031,0.446072,10.069962,51.700771,30.165047,-0.034276,0.872018,0.018844,0.487908,2.122473,7.393184,45.529484,-0.054611,0.970449,0.046805,0.230338,-9.020778,1.716439,-12.706217,-0.034276,0.872018,0.018844,0.487908,14.553293,2.247928,38.17197
910,7.583333,-0.028729,0.965604,0.025848,0.25713,-0.695199,86.037567,15.481399,-0.039305,0.982884,0.110524,0.142054,-1.22418,93.706085,15.751698,-0.040222,0.989011,0.095953,0.105035,-3.541327,114.443115,20.146355,0.042577,0.997232,0.018505,0.058075,-5.630819,134.943604,23.94632,0.086903,0.978606,-0.186472,-0.002631,-4.207207,149.479706,22.692787,-0.023185,0.925289,0.142002,0.350912,-9.00618,129.014664,22.713379,0.289717,-0.604048,-0.015899,-0.742251,-22.167795,130.007126,11.242298,0.065863,0.198455,-0.477318,-0.85349,-15.469801,121.902252,-11.252508,0.203652,0.318301,-0.546808,-0.747135,-3.028071,144.374008,-3.879957,-0.036251,0.989613,0.115319,0.077804,-1.749606,129.456909,24.31761,0.306726,0.866584,0.155869,-0.361465,15.479816,130.397797,27.156702,-0.050315,0.126123,0.453849,-0.880672,29.149797,119.995567,9.22646,-0.047581,-0.182876,0.67013,-0.717787,15.504389,139.916214,4.897319,0.061356,0.936214,0.210221,0.274857,-8.819272,85.641823,10.809696,0.071929,0.992659,-0.057453,0.078447,-8.794719,52.875996,-4.678404,-0.054639,0.970444,0.046852,0.230344,-16.015806,6.117585,0.210101,-0.081817,0.931595,-0.118992,0.333583,7.428874,86.433304,20.153103,0.001226,0.875764,-0.185069,0.445853,10.076459,51.702827,30.166382,-0.03427,0.872049,0.018791,0.487856,2.124824,7.396612,45.532627,-0.054639,0.970444,0.046852,0.230344,-9.019464,1.717436,-12.705849,-0.03427,0.872049,0.018791,0.487856,14.554461,2.249895,38.174141
911,7.591667,-0.028695,0.965631,0.025842,0.257034,-0.68947,86.038376,15.486395,-0.039252,0.982909,0.110474,0.141933,-1.217888,93.706932,15.756809,-0.04026,0.989019,0.095993,0.104907,-3.531982,114.444473,20.15,0.042533,0.997244,0.018266,0.057985,-5.622713,134.944504,23.951715,0.086768,0.978611,-0.186504,-0.002668,-4.200283,149.480087,22.690987,-0.023186,0.925367,0.14196,0.350722,-8.99775,129.015274,22.719267,0.289656,-0.604186,-0.015888,-0.742163,-22.164026,130.006195,11.253397,0.065579,0.198101,-0.477334,-0.853585,-15.474272,121.900703,-11.243641,0.203222,0.317814,-0.547219,-0.747159,-3.025229,144.372528,-3.87862,-0.036203,0.989637,0.115246,0.077633,-1.740819,129.458206,24.321703,0.306686,0.866542,0.155525,-0.361748,15.489663,130.398361,27.154633,-0.050317,0.126073,0.453883,-0.880661,29.150682,119.994507,9.2185,-0.047432,-0.182923,0.670263,-0.717661,15.505772,139.916931,4.891569,0.061404,0.936213,0.210165,0.274892,-8.814505,85.643181,10.816315,0.071954,0.992668,-0.057344,0.078386,-8.793839,52.876068,-4.669067,-0.054641,0.97044,0.046909,0.230347,-16.016197,6.11681,0.209497,-0.081776,0.931624,-0.118972,0.333519,7.435565,86.433563,20.156475,0.001275,0.875745,-0.185087,0.445882,10.081582,51.702263,30.167315,-0.034389,0.872061,0.018749,0.487827,2.124592,7.396686,45.532627,-0.054641,0.97044,0.046909,0.230347,-9.019707,1.718291,-12.706931,-0.034389,0.872061,0.018749,0.487827,14.554673,2.250642,38.174419
912,7.6,-0.028683,0.965675,0.025798,0.256871,-0.683121,86.039185,15.491116,-0.039309,0.982937,0.110411,0.141772,-1.211147,93.707787,15.761,-0.040115,0.98905,0.095942,0.104724,-3.526241,114.44323,20.151066,0.042294,0.997266,0.018313,0.057761,-5.610033,134.944183,23.951731,0.086827,0.978577,-0.186653,-0.002832,-4.195311,149.480576,22.691614,-0.023165,0.925468,0.142012,0.350434,-8.987129,129.015732,22.721142,0.289857,-0.604324,-0.016031,-0.74197,-22.160492,130.006454,11.263398,0.065558,0.197863,-0.477341,-0.853638,-15.479202,121.898079,-11.235119,0.203,0.317485,-0.547432,-0.747203,-3.025661,144.370117,-3.880055,-0.036262,0.989645,0.115232,0.07752,-1.729454,129.456879,24.320702,0.306715,0.866485,0.155291,-0.361959,15.501493,130.399567,27.14996,-0.050188,0.125979,0.453887,-0.88068,29.154074,119.992744,9.20912,-0.04725,-0.182966,0.670385,-0.717548,15.507628,139.915482,4.883112,0.061457,0.93626,0.210157,0.274727,-8.809739,85.643883,10.8238,0.071938,0.992647,-0.057297,0.078708,-8.79553,52.877003,-4.662099,-0.05475,0.970439,0.046856,0.230339,-16.017653,6.117013,0.209796,-0.081685,0.931692,-0.118984,0.333347,7.443497,86.434486,20.158432,0.001348,0.87574,-0.18506,0.445905,10.084964,51.702309,30.167421,-0.034359,0.87201,0.018741,0.487921,2.122657,7.395789,45.527245,-0.05475,0.970439,0.046856,0.230339,-9.020323,1.717833,-12.705955,-0.034359,0.87201,0.018741,0.487921,14.554012,2.24916,38.171593
913,7.608333,-0.028673,0.96573,0.025705,0.256675,-0.672577,86.03878,15.495799,-0.039377,0.982966,0.110387,0.141572,-1.200028,93.707466,15.764459,-0.040182,0.989065,0.095977,0.10452,-3.516916,114.442719,20.153526,0.042211,0.997276,0.018126,0.057705,-5.602862,134.943146,23.95578,0.086704,0.978558,-0.186815,-0.002723,-4.190431,149.479263,22.68998,-0.023163,0.925537,0.142005,0.350257,-8.979386,129.014145,22.726307,0.28983,-0.604439,-0.016014,-0.741886,-22.157106,130.003937,11.273497,0.065493,0.197603,-0.477406,-0.853667,-15.482723,121.894005,-11.226504,0.202973,0.317248,-0.547482,-0.747274,-3.02669,144.368713,-3.881391,-0.036318,0.989663,0.115187,0.077333,-1.721158,129.456528,24.323008,0.306765,0.866462,0.15552,-0.361873,15.51066,130.402054,27.146006,-0.049919,0.125898,0.453766,-0.880769,29.164761,119.996872,9.205378,-0.047145,-0.182908,0.670353,-0.7176,15.512787,139.913147,4.876312,0.061585,0.93627,0.210084,0.274719,-8.801098,85.643097,10.831833,0.071956,0.992671,-0.057169,0.078477,-8.797215,52.875137,-4.651786,-0.054745,0.970435,0.0469,0.230348,-16.018997,6.114009,0.209618,-0.081559,0.931722,-0.119029,0.333277,7.455945,86.434464,20.159765,0.0014,0.875757,-0.185072,0.445865,10.088585,51.70158,30.168629,-0.034355,0.872015,0.018742,0.487913,2.122123,7.395515,45.527599,-0.054745,0.970435,0.0469,0.230348,-9.02143,1.716039,-12.706414,-0.034355,0.872015,0.018742,0.487913,14.553297,2.248865,38.171658
914,7.616667,-0.028562,0.965775,0.025637,0.256526,-0.668163,86.0401,15.501658,-0.03948,0.982988,0.110357,0.141415,-1.193657,93.708939,15.769832,-0.039982,0.989092,0.095995,0.104322,-3.514298,114.446793,20.157957,0.042027,0.997296,0.017999,0.057546,-5.591301,134.947754,23.962271,0.086697,0.978518,-0.187027,-0.002751,-4.184516,149.484055,22.692213,-0.023303,0.925612,0.141889,0.350097,-8.970468,129.020004,22.733944,0.289933,-0.604614,-0.016119,-0.741701,-22.151861,130.002975,11.28478,0.065533,0.197391,-0.477404,-0.853714,-15.488172,121.891151,-11.217704,0.202979,0.317084,-0.547483,-0.747342,-3.02785,144.366089,-3.882932,-0.036173,0.989687,0.115177,0.077108,-1.711386,129.459732,24.327492,0.3068,0.866403,0.15545,-0.362015,15.522009,130.401199,27.142185,-0.049777,0.12578,0.45377,-0.880792,29.169958,119.995262,9.197329,-0.046884,-0.182844,0.670338,-0.717647,15.517025,139.910675,4.870129,0.061634,0.936299,0.210061,0.274627,-8.798232,85.646011,10.840261,0.071944,0.992684,-0.057061,0.078401,-8.799649,52.877785,-4.642778,-0.054784,0.970433,0.04688,0.23035,-16.019117,6.115308,0.209063,-0.081536,0.931804,-0.11906,0.333043,7.461906,86.434196,20.163055,0.001519,0.875895,-0.18508,0.445591,10.094749,51.701569,30.172771,-0.034385,0.872055,0.018705,0.487841,2.122849,7.395813,45.529823,-0.054784,0.970433,0.04688,0.23035,-9.02112,1.717071,-12.70664,-0.034385,0.872055,0.018705,0.487841,14.552921,2.248613,38.172417
915,7.625,-0.028563,0.965818,0.025603,0.256367,-0.663264,86.04023,15.508112,-0.03925,0.983032,0.110342,0.141181,-1.188595,93.709091,15.775855,-0.04021,0.989114,0.095898,0.104114,-3.497967,114.44342,20.164421,0.0421,0.997292,0.01807,0.057524,-5.583171,134.944397,23.964149,0.086536,0.978464,-0.187381,-0.002676,-4.174432,149.480682,22.696259,-0.023227,0.925751,0.141832,0.349756,-8.960013,129.014755,22.738604,0.289899,-0.604766,-0.016177,-0.741589,-22.149881,129.997681,11.299196,0.065737,0.197182,-0.47748,-0.853704,-15.495398,121.886703,-11.206319,0.203442,0.317245,-0.547222,-0.747339,-3.035436,144.364731,-3.887172,-0.036287,0.989706,0.115075,0.076963,-1.700556,129.458298,24.329386,0.306898,0.866331,0.155117,-0.362248,15.533333,130.404587,27.13945,-0.049638,0.125694,0.453896,-0.880747,29.169918,119.991348,9.190181,-0.046606,-0.182961,0.670482,-0.717501,15.52149,139.910202,4.864173,0.061743,0.9363,0.210045,0.274611,-8.794865,85.645851,10.849407,0.071903,0.992682,-0.056985,0.078516,-8.804209,52.878105,-4.634671,-0.054848,0.970421,0.046904,0.23038,-16.019884,6.11425,0.209532,-0.081496,0.931821,-0.119021,0.333019,7.468337,86.434608,20.166817,0.001548,0.875942,-0.185135,0.445476,10.099782,51.700855,30.172962,-0.034338,0.872094,0.018703,0.487774,2.125148,7.397053,45.534229,-0.054848,0.970421,0.046904,0.23038,-9.020447,1.717242,-12.705814,-0.034338,0.872094,0.018703,0.487774,14.553637,2.249073,38.174686
916,7.633333,-0.028568,0.965849,0.025598,0.256249,-0.656908,86.040375,15.513279,-0.039249,0.983067,0.110305,0.140965,-1.182258,93.709236,15.780995,-0.040147,0.989139,0.095951,0.103852,-3.490476,114.444458,20.168633,0.042089,0.997308,0.017934,0.057295,-5.572286,134.945221,23.971355,0.086569,0.978434,-0.187524,-0.002845,-4.16439,149.481232,22.6991,-0.023355,0.925815,0.141761,0.349607,-8.950176,129.01593,22.747086,0.28982,-0.60493,-0.016193,-0.741486,-22.143482,129.993042,11.311151,0.065607,0.196895,-0.477492,-0.853774,-15.498882,121.882607,-11.197476,0.203325,0.316978,-0.547263,-0.747454,-3.033554,144.360443,-3.887421,-0.036257,0.989726,0.115018,0.076803,-1.689834,129.458832,24.333998,0.306917,0.866287,0.15555,-0.362151,15.544989,130.404907,27.138382,-0.049207,0.125539,0.453715,-0.880887,29.184479,119.99855,9.18733,-0.046419,-0.183077,0.670393,-0.717567,15.527594,139.907532,4.857628,0.061787,0.936342,0.209996,0.274496,-8.789639,85.645813,10.856565,0.071874,0.992701,-0.056875,0.078389,-8.804945,52.876961,-4.625142,-0.054911,0.97044,0.046956,0.230272,-16.016495,6.111512,0.20983,-0.081444,0.931819,-0.119011,0.333041,7.475824,86.434944,20.169991,0.00157,0.875924,-0.18516,0.4455,10.103769,51.70039,30.174303,-0.034126,0.872107,0.018823,0.487762,2.125827,7.397473,45.536415,-0.054911,0.97044,0.046956,0.230272,-9.01919,1.71632,-12.707287,-0.034126,0.872107,0.018823,0.487762,14.552639,2.249399,38.17411
917,7.641667,-0.028646,0.965887,0.025629,0.256094,-0.650894,86.038589,15.519362,-0.039106,0.983107,0.110223,0.140793,-1.177489,93.707359,15.787315,-0.040251,0.989156,0.095898,0.1037,-3.478516,114.444061,20.17292,0.04193,0.997326,0.017871,0.057122,-5.563847,134.944901,23.973335,0.086724,0.978408,-0.187584,-0.002974,-4.161004,149.481171,22.698704,-0.023345,0.925896,0.141775,0.349386,-8.940754,129.014664,22.750853,0.289933,-0.605081,-0.01628,-0.741317,-22.139465,129.991119,11.321096,0.065633,0.196767,-0.477464,-0.853817,-15.504095,121.87822,-11.189358,0.203328,0.316785,-0.547292,-0.747513,-3.034182,144.356537,-3.885011,-0.036164,0.989768,0.114776,0.076672,-1.680065,129.459427,24.335661,0.306892,0.866263,0.15537,-0.362306,15.555699,130.403519,27.134918,-0.049139,0.125443,0.4537,-0.880912,29.190392,119.996552,9.180575,-0.046237,-0.183164,0.670418,-0.717532,15.531219,139.905441,4.853186,0.061837,0.936365,0.210056,0.274361,-8.785033,85.642662,10.865227,0.071872,0.992692,-0.056865,0.078509,-8.804647,52.876091,-4.621318,-0.054937,0.970441,0.046987,0.230256,-16.016527,6.110513,0.211912,-0.081373,0.931872,-0.11905,0.332898,7.483245,86.434517,20.173498,0.001671,0.876022,-0.185126,0.445321,10.107042,51.699799,30.178308,-0.034265,0.872093,0.018787,0.487776,2.125241,7.39572,45.535042,-0.054937,0.970441,0.046987,0.230256,-9.019338,1.716403,-12.705633,-0.034265,0.872093,0.018787,0.487776,14.55346,2.248777,38.174324
918,7.65,-0.028514,0.965929,0.025555,0.25596,-0.646059,86.039085,15.524008,-0.039148,0.983129,0.110208,0.140639,-1.170369,93.708023,15.791449,-0.040197,0.989178,0.095885,0.103524,-3.472564,114.446625,20.176905,0.041796,0.997342,0.017797,0.056969,-5.554925,134.947754,23.977392,0.08681,0.978371,-0.187739,-0.003039,-4.156352,149.484207,22.700144,-0.023393,0.92598,0.141737,0.349177,-8.932736,129.017731,22.756327,0.289939,-0.605177,-0.01617,-0.741238,-22.136494,129.991058,11.332133,0.065604,0.196547,-0.477495,-0.853853,-15.506737,121.872452,-11.177927,0.203231,0.316642,-0.547375,-0.74754,-3.034402,144.350891,-3.882947,-0.03617,0.989767,0.114861,0.07655,-1.671441,129.46199,24.338495,0.306982,0.866209,0.155236,-0.362417,15.564961,130.40654,27.133673,-0.048965,0.125391,0.453719,-0.880919,29.192894,119.994965,9.176871,-0.046168,-0.183306,0.670408,-0.71751,15.534501,139.90274,4.848049,0.061839,0.936402,0.210027,0.274254,-8.781627,85.645096,10.872201,0.071905,0.992701,-0.056759,0.078443,-8.803781,52.877663,-4.612512,-0.054883,0.970441,0.046945,0.23028,-16.017628,6.111386,0.210951,-0.081326,0.931905,-0.119055,0.332814,7.489509,86.433067,20.175816,0.001741,0.875995,-0.185124,0.445375,10.110881,51.697887,30.179653,-0.034235,0.872062,0.018788,0.487835,2.122436,7.393736,45.532738,-0.054883,0.970441,0.046945,0.23028,-9.020398,1.715693,-12.706038,-0.034235,0.872062,0.018788,0.487835,14.551369,2.246434,38.17347
919,7.658333,-0.028533,0.96596,0.025448,0.255852,-0.639742,86.038605,15.531265,-0.039191,0.983149,0.110195,0.140496,-1.16388,93.707611,15.797099,-0.040084,0.989211,0.095768,0.103361,-3.467152,114.445938,20.182043,0.041639,0.997357,0.017759,0.056828,-5.543715,134.94838,23.978594,0.086891,0.978343,-0.187845,-0.003084,-4.150074,149.485153,22.699738,-0.02337,0.926077,0.141634,0.348964,-8.923244,129.018829,22.760031,0.290269,-0.605317,-0.016406,-0.74099,-22.132235,129.990494,11.341747,0.065722,0.196497,-0.477434,-0.853889,-15.511266,121.868423,-11.169647,0.203097,0.316529,-0.547399,-0.747607,-3.035072,144.345505,-3.879619,-0.03611,0.989807,0.114603,0.076445,-1.66131,129.461853,24.339611,0.307004,0.866157,0.155173,-0.362548,15.575807,130.405487,27.130688,-0.048796,0.125188,0.453707,-0.880964,29.198343,119.993637,9.169949,-0.045892,-0.183471,0.670477,-0.717421,15.536581,139.900925,4.84572,0.061874,0.936449,0.210017,0.274094,-8.776324,85.643692,10.881313,0.07192,0.992712,-0.056636,0.078375,-8.803675,52.87627,-4.60342,-0.054933,0.97044,0.046949,0.230272,-16.017733,6.108865,0.20883,-0.081248,0.931959,-0.119015,0.332697,7.49684,86.43351,20.181217,0.001804,0.875993,-0.185133,0.445375,10.115282,51.696716,30.180231,-0.03436,0.872064,0.018671,0.487827,2.121212,7.392907,45.531376,-0.054933,0.97044,0.046949,0.230272,-9.020223,1.713639,-12.708165,-0.03436,0.872064,0.018671,0.487827,14.550653,2.244495,38.173748
920,7.666667,-0.028432,0.966001,0.025317,0.255719,-0.639664,86.039696,15.538831,-0.039104,0.983186,0.110179,0.140274,-1.161752,93.708893,15.8032,-0.040084,0.989239,0.095746,0.103114,-3.460157,114.446129,20.188246,0.041627,0.997369,0.017586,0.056689,-5.535696,134.948746,23.984402,0.086875,0.978324,-0.187948,-0.003101,-4.142569,149.485123,22.700279,-0.023466,0.926145,0.141512,0.348824,-8.915581,129.018982,22.76791,0.290168,-0.605445,-0.016376,-0.740926,-22.127827,129.985321,11.352932,0.065629,0.196353,-0.477465,-0.853912,-15.514478,121.863281,-11.160729,0.203123,0.316448,-0.547408,-0.747627,-3.036606,144.341263,-3.874648,-0.036201,0.989787,0.11492,0.076196,-1.652887,129.462402,24.343889,0.307062,0.866126,0.154887,-0.362697,15.585336,130.409302,27.127048,-0.048708,0.125067,0.453739,-0.88097,29.20075,119.991409,9.164402,-0.04571,-0.183652,0.670425,-0.717435,15.538742,139.899551,4.843409,0.061752,0.936505,0.209988,0.273952,-8.777636,85.645905,10.891211,0.071981,0.992753,-0.056443,0.077941,-8.799685,52.876492,-4.589309,-0.055026,0.97045,0.046889,0.230217,-16.016071,6.107852,0.207451,-0.081028,0.931857,-0.118831,0.333102,7.498308,86.433487,20.186451,0.001462,0.875727,-0.185179,0.44588,10.102196,51.690926,30.169201,-0.034312,0.872111,0.018769,0.487743,2.125815,7.388642,45.533955,-0.055026,0.97045,0.046889,0.230217,-9.019104,1.711578,-12.709483,-0.034312,0.872111,0.018769,0.487743,14.553838,2.241907,38.172752
921,7.675,-0.028422,0.966039,0.025269,0.255581,-0.635403,86.04039,15.544581,-0.039106,0.983213,0.110115,0.140137,-1.157122,93.709633,15.808352,-0.040018,0.989252,0.095802,0.102962,-3.454673,114.447998,20.19116,0.041523,0.997383,0.017364,0.05658,-5.527098,134.950394,23.990242,0.086928,0.978301,-0.188046,-0.0031,-4.137001,149.48645,22.699316,-0.023471,0.926213,0.141434,0.348676,-8.907922,129.021072,22.774181,0.290186,-0.605572,-0.016306,-0.740817,-22.123775,129.985504,11.363219,0.065682,0.196278,-0.477424,-0.853948,-15.517932,121.858467,-11.150835,0.20329,0.316328,-0.54752,-0.74755,-3.036582,144.335449,-3.869144,-0.036156,0.98984,0.114602,0.076005,-1.644682,129.463654,24.347879,0.307102,0.86607,0.155027,-0.362736,15.594666,130.41069,27.124002,-0.048482,0.124887,0.453715,-0.881019,29.207432,119.994774,9.158221,-0.045517,-0.183897,0.670316,-0.717487,15.542604,139.900558,4.839788,0.061728,0.936559,0.209955,0.273798,-8.774699,85.646461,10.899295,0.072009,0.99277,-0.056304,0.0778,-8.798388,52.875835,-4.578658,-0.054914,0.970452,0.046959,0.230222,-16.015709,6.106091,0.205871,-0.08101,0.931957,-0.118834,0.332824,7.503894,86.434319,20.189867,0.001578,0.875824,-0.185199,0.445681,10.109467,51.691605,30.171644,-0.034334,0.872147,0.018674,0.48768,2.126119,7.390043,45.534836,-0.054914,0.970452,0.046959,0.230222,-9.019684,1.71096,-12.711962,-0.034334,0.872147,0.018674,0.48768,14.552843,2.241215,38.172913
922,7.683333,-0.0284,0.96608,0.025231,0.255436,-0.631574,86.040611,15.551201,-0.039089,0.983239,0.110068,0.139992,-1.15277,93.709908,15.814569,-0.039974,0.989275,0.095736,0.102815,-3.448825,114.450134,20.196163,0.041469,0.997395,0.017363,0.05641,-5.518618,134.953201,23.993046,0.08705,0.978269,-0.188151,-0.003258,-4.130625,149.489426,22.701714,-0.023494,0.926293,0.141363,0.34849,-8.900237,129.023956,22.778814,0.290292,-0.605688,-0.0163,-0.74068,-22.120588,129.985794,11.372844,0.065683,0.196185,-0.477425,-0.853969,-15.521744,121.853554,-11.141391,0.203154,0.316307,-0.547482,-0.747624,-3.038698,144.330566,-3.863835,-0.036193,0.989841,0.114755,0.075733,-1.636493,129.466217,24.350273,0.307161,0.86605,0.154939,-0.362771,15.604205,130.415237,27.117342,-0.048382,0.124707,0.453658,-0.88108,29.213936,119.995773,9.1513,-0.045428,-0.184042,0.670304,-0.717466,15.543853,139.90004,4.837758,0.061781,0.936563,0.209923,0.273798,-8.772294,85.646812,10.908395,0.071997,0.992759,-0.056214,0.078015,-8.800248,52.875702,-4.568523,-0.055031,0.970431,0.04699,0.230274,-16.01689,6.104836,0.206049,-0.080939,0.93196,-0.118734,0.33287,7.509147,86.434402,20.194006,0.001536,0.875592,-0.185229,0.446123,10.11198,51.68914,30.167639,-0.034291,0.872095,0.018754,0.487773,2.123029,7.38863,45.530968,-0.055031,0.970431,0.04699,0.230274,-9.018277,1.711555,-12.711017,-0.034291,0.872095,0.018754,0.487773,14.551298,2.241241,38.170631
923,7.691667,-0.02837,0.966114,0.025178,0.255313,-0.627279,86.040482,15.556592,-0.039068,0.983263,0.110013,0.139874,-1.147791,93.709839,15.819361,-0.039904,0.989293,0.095714,0.10269,-3.442213,114.451538,20.199261,0.041367,0.997406,0.017351,0.056295,-5.508525,134.955017,23.995808,0.087113,0.978237,-0.188287,-0.003314,-4.123836,149.491501,22.703787,-0.023487,0.926401,0.141253,0.348248,-8.891182,129.026123,22.782717,0.290352,-0.605784,-0.016251,-0.74058,-22.117441,129.985565,11.383397,0.065732,0.196111,-0.477393,-0.854,-15.52425,121.848259,-11.130662,0.203207,0.316205,-0.547558,-0.747597,-3.037991,144.324905,-3.857271,-0.036287,0.989851,0.114751,0.075571,-1.626973,129.46759,24.352253,0.307148,0.866053,0.154378,-0.363015,15.614346,130.420532,27.114084,-0.048393,0.124621,0.453682,-0.881079,29.21567,119.99334,9.146163,-0.045197,-0.184164,0.670402,-0.717358,15.544419,139.900269,4.836307,0.061742,0.936641,0.209902,0.273557,-8.769208,85.646889,10.915894,0.072006,0.992773,-0.056094,0.077914,-8.798918,52.874779,-4.558898,-0.055003,0.970455,0.047008,0.23018,-16.015062,6.102747,0.204981,-0.081077,0.932163,-0.118986,0.332176,7.514651,86.434067,20.19729,0.001943,0.876118,-0.185148,0.445123,10.127897,51.694756,30.188931,-0.034155,0.872191,0.018741,0.487612,2.126023,7.391548,45.537739,-0.055003,0.970455,0.047008,0.23018,-9.019186,1.709639,-12.71362,-0.034155,0.872191,0.018741,0.487612,14.550209,2.241745,38.172211
924,7.7,-0.028331,0.966156,0.025097,0.255167,-0.622696,86.039146,15.563204,-0.039046,0.983289,0.109975,0.139729,-1.142279,93.708611,15.824999,-0.039893,0.989314,0.095666,0.102545,-3.435115,114.45253,20.204197,0.041312,0.997416,0.017251,0.056188,-5.500234,134.956436,23.999102,0.08724,0.978203,-0.188409,-0.003346,-4.117323,149.492798,22.703918,-0.023527,0.926454,0.141237,0.348113,-8.883267,129.02742,22.787636,0.290275,-0.605891,-0.016083,-0.740526,-22.112755,129.984634,11.391887,0.06563,0.195973,-0.477414,-0.854027,-15.525748,121.841881,-11.121995,0.203125,0.316112,-0.547628,-0.747608,-3.037397,144.319153,-3.851918,-0.036229,0.989857,0.114796,0.075443,-1.618605,129.469009,24.355022,0.307111,0.866036,0.154266,-0.363135,15.623529,130.420349,27.112276,-0.048341,0.124559,0.453606,-0.88113,29.221657,119.993904,9.141514,-0.045173,-0.18426,0.670262,-0.717465,15.546446,139.897964,4.83276,0.061657,0.936737,0.209877,0.273267,-8.76606,85.645782,10.925009,0.07208,0.992799,-0.055935,0.077635,-8.795324,52.872131,-4.546534,-0.055143,0.970442,0.047027,0.230196,-16.015928,6.099412,0.203826,-0.080862,0.932042,-0.118832,0.332624,7.520668,86.432518,20.201399,0.001693,0.875822,-0.18516,0.4457,10.118531,51.688026,30.179008,-0.033996,0.872131,0.019031,0.487719,2.126903,7.385126,45.534039,-0.055143,0.970442,0.047027,0.230196,-9.018194,1.707934,-12.714317,-0.033996,0.872131,0.019031,0.487719,14.552732,2.240343,38.167782
925,7.708333,-0.02833,0.966195,0.024993,0.255028,-0.618443,86.038361,15.570482,-0.038996,0.98332,0.109914,0.13957,-1.137567,93.707901,15.830814,-0.039917,0.98933,0.095653,0.102385,-3.427094,114.451134,20.207851,0.04131,0.997423,0.017175,0.056081,-5.492529,134.955063,24.002453,0.087283,0.978179,-0.188509,-0.003393,-4.109893,149.491241,22.70487,-0.023482,0.92656,0.141131,0.347876,-8.875508,129.025757,22.792326,0.290406,-0.605958,-0.016117,-0.740419,-22.110823,129.981903,11.40325,0.065716,0.195848,-0.477394,-0.854061,-15.527916,121.835396,-11.110487,0.203025,0.316118,-0.547674,-0.747598,-3.036362,144.312241,-3.848104,-0.036244,0.989874,0.11473,0.075322,-1.610384,129.467957,24.35741,0.307089,0.866022,0.153996,-0.363301,15.63236,130.420471,27.110477,-0.048337,0.124554,0.45357,-0.881149,29.225164,119.991592,9.137088,-0.045157,-0.184239,0.670313,-0.717424,15.548326,139.894485,4.828233,0.061691,0.93672,0.209966,0.273247,-8.763142,85.64444,10.934673,0.072071,0.992788,-0.055896,0.077798,-8.793172,52.873814,-4.543283,-0.055066,0.970461,0.046952,0.23015,-16.013422,6.100559,0.202347,-0.080755,0.932124,-0.118705,0.332464,7.526256,86.432289,20.206291,0.0017,0.875877,-0.185266,0.445548,10.121793,51.684357,30.172529,-0.034324,0.872223,0.018628,0.487547,2.12776,7.385194,45.537109,-0.055066,0.970461,0.046952,0.23015,-9.017753,1.706297,-12.715978,-0.034324,0.872223,0.018628,0.487547,14.551937,2.234993,38.171837
926,7.716667,-0.028319,0.96623,0.024907,0.254908,-0.613366,86.036156,15.577044,-0.038813,0.983355,0.109928,0.139364,-1.131947,93.705772,15.836212,-0.040111,0.989351,0.095562,0.102193,-3.413041,114.449844,20.215506,0.041329,0.997429,0.01707,0.055995,-5.485397,134.953842,24.005926,0.087314,0.978163,-0.188579,-0.003394,-4.102345,149.4897,22.705189,-0.023499,0.926622,0.141113,0.347717,-8.866414,129.022903,22.798361,0.29041,-0.606064,-0.016094,-0.740331,-22.105577,129.977448,11.413616,0.065689,0.195724,-0.477407,-0.854084,-15.529005,121.828392,-11.101053,0.203025,0.315996,-0.547694,-0.747636,-3.035242,144.306122,-3.84329,-0.036272,0.989907,0.114519,0.075188,-1.600933,129.468384,24.36087,0.307119,0.865999,0.15386,-0.363389,15.642445,130.423035,27.109259,-0.048173,0.124519,0.453513,-0.881193,29.231194,119.991432,9.134379,-0.045096,-0.184335,0.670283,-0.717431,15.551543,139.891418,4.823076,0.061682,0.936781,0.209958,0.273045,-8.759222,85.641953,10.943289,0.072105,0.992819,-0.055771,0.077461,-8.792138,52.871025,-4.533996,-0.055243,0.970464,0.046947,0.230095,-16.013113,6.096909,0.202031,-0.080668,0.932134,-0.118676,0.332467,7.53249,86.430359,20.210798,0.001744,0.875832,-0.185226,0.445654,10.122882,51.680923,30.17312,-0.03455,0.872179,0.018565,0.487612,2.124968,7.380378,45.531685,-0.055243,0.970464,0.046947,0.230095,-9.017101,1.703826,-12.716508,-0.03455,0.872179,0.018565,0.487612,14.552105,2.231917,38.170189
927,7.725,-0.028378,0.966268,0.024922,0.254755,-0.605092,86.033989,15.583752,-0.038835,0.983383,0.109853,0.139219,-1.124566,93.703537,15.842989,-0.040119,0.989367,0.095553,0.102048,-3.405657,114.449516,20.21965,0.041318,0.997438,0.017021,0.055862,-5.47776,134.953552,24.00996,0.087412,0.978138,-0.188662,-0.003497,-4.095368,149.489334,22.707552,-0.023413,0.926713,0.141026,0.347513,-8.858879,129.02243,22.803574,0.290521,-0.606172,-0.016107,-0.740198,-22.103128,129.977631,11.424814,0.065747,0.195558,-0.477339,-0.854156,-15.533092,121.824013,-11.090104,0.202872,0.315902,-0.547681,-0.747726,-3.033015,144.299454,-3.8408,-0.036208,0.989911,0.114588,0.075062,-1.592971,129.468262,24.363974,0.307172,0.865932,0.153671,-0.363584,15.651223,130.421036,27.107841,-0.048184,0.124497,0.453585,-0.881158,29.231304,119.986275,9.128258,-0.045047,-0.184259,0.670238,-0.717496,15.554336,139.889023,4.818448,0.061715,0.936855,0.209986,0.272764,-8.75235,85.638695,10.952562,0.072092,0.992825,-0.055691,0.077453,-8.791585,52.868904,-4.527112,-0.055168,0.970479,0.04698,0.230042,-16.010794,6.093767,0.201523,-0.0806,0.932232,-0.118679,0.332208,7.542165,86.429283,20.214943,0.00186,0.875981,-0.185285,0.445335,10.130736,51.6791,30.175131,-0.034337,0.872228,0.01864,0.487537,2.126249,7.380688,45.5364,-0.055168,0.970479,0.04698,0.230042,-9.016897,1.700976,-12.718254,-0.034337,0.872228,0.01864,0.487537,14.550445,2.230973,38.170826
928,7.733333,-0.028365,0.966317,0.024849,0.254576,-0.59949,86.032997,15.591046,-0.038903,0.983405,0.109803,0.139084,-1.118442,93.702614,15.849339,-0.040041,0.989385,0.095545,0.10191,-3.401579,114.449677,20.224022,0.041705,0.997424,0.017192,0.055777,-5.469884,134.954056,24.014626,0.087269,0.978111,-0.188862,-0.003687,-4.076791,149.489304,22.717693,-0.023441,0.926777,0.140929,0.347382,-8.852135,129.023346,22.809309,0.290531,-0.606255,-0.016083,-0.740127,-22.099545,129.975754,11.433984,0.065716,0.195416,-0.477352,-0.854184,-15.534454,121.819725,-11.081504,0.20288,0.315653,-0.547688,-0.747824,-3.031784,144.296082,-3.837502,-0.036207,0.989914,0.114652,0.074931,-1.585714,129.468246,24.367598,0.307203,0.865924,0.153598,-0.363606,15.659173,130.42131,27.107018,-0.048056,0.124498,0.453682,-0.881115,29.237488,119.984161,9.127484,-0.0447,-0.184295,0.670036,-0.717697,15.565838,139.887863,4.815585,0.06171,0.9369,0.210036,0.272572,-8.74847,85.637474,10.962905,0.072161,0.992823,-0.055621,0.077476,-8.789483,52.869152,-4.519893,-0.055086,0.970467,0.046981,0.230112,-16.014767,6.09422,0.201442,-0.080549,0.93229,-0.11867,0.33206,7.54949,86.42852,20.219187,0.001948,0.876083,-0.185318,0.44512,10.136383,51.677589,30.177212,-0.034354,0.872279,0.018627,0.487445,2.126916,7.380361,45.539318,-0.055086,0.970467,0.046981,0.230112,-9.019871,1.700902,-12.71762,-0.034354,0.872279,0.018627,0.487445,14.549655,2.230498,38.171379
929,7.741667,-0.028337,0.966349,0.024762,0.254467,-0.596514,86.031105,15.597614,-0.0389,0.983425,0.109761,0.138977,-1.114676,93.700813,15.85478,-0.039977,0.9894,0.095534,0.101795,-3.39713,114.449821,20.228292,0.041708,0.997431,0.017169,0.055653,-5.462285,134.954498,24.018978,0.087356,0.978088,-0.188941,-0.003802,-4.06945,149.489685,22.721188,-0.023429,0.926839,0.140876,0.347238,-8.84547,129.024139,22.814604,0.290536,-0.606365,-0.016031,-0.740036,-22.096378,129.97551,11.443281,0.065712,0.195231,-0.47732,-0.854244,-15.537858,121.81575,-11.072765,0.202852,0.315445,-0.547707,-0.747905,-3.029595,144.291718,-3.836264,-0.036217,0.989927,0.114636,0.07478,-1.578627,129.468277,24.371115,0.307121,0.865971,0.153183,-0.36374,15.667015,130.422379,27.105354,-0.048123,0.124611,0.453643,-0.881115,29.243004,119.98159,9.126188,-0.044642,-0.184201,0.669941,-0.717814,15.570908,139.88443,4.810769,0.06166,0.936953,0.210055,0.272387,-8.746565,85.635605,10.971363,0.072192,0.992836,-0.055519,0.077352,-8.786919,52.867413,-4.511693,-0.055297,0.970464,0.046995,0.230074,-16.013809,6.091827,0.200712,-0.080546,0.932371,-0.118655,0.331839,7.553536,86.426598,20.223866,0.002044,0.876222,-0.185368,0.444826,10.142955,51.675369,30.180168,-0.034318,0.872352,0.018682,0.487314,2.128578,7.379919,45.544842,-0.055297,0.970464,0.046995,0.230074,-9.017766,1.700479,-12.718391,-0.034318,0.872352,0.018682,0.487314,14.549008,2.230821,38.172497
930,7.75,-0.028378,0.966397,0.024748,0.254281,-0.587701,86.031982,15.602311,-0.038962,0.98344,0.109784,0.138837,-1.10638,93.701675,15.859221,-0.039959,0.989417,0.095507,0.101668,-3.390858,114.44944,20.233475,0.04172,0.997437,0.017066,0.055573,-5.454684,134.954407,24.023375,0.08737,0.978081,-0.188968,-0.003828,-4.061614,149.489288,22.72246,-0.023357,0.926824,0.141004,0.347232,-8.838284,129.024017,22.820246,0.290477,-0.606495,-0.015763,-0.739958,-22.089476,129.979294,11.449575,0.065684,0.195056,-0.477355,-0.854266,-15.53838,121.809509,-11.064999,0.202927,0.315286,-0.547724,-0.74794,-3.027862,144.28746,-3.835428,-0.036296,0.989945,0.114541,0.074645,-1.571032,129.468124,24.37487,0.30714,0.865978,0.152957,-0.363801,15.675124,130.425751,27.104679,-0.048007,0.124625,0.453621,-0.881131,29.248322,119.980431,9.126032,-0.044482,-0.184172,0.669968,-0.717806,15.575526,139.881851,4.807286,0.061625,0.937034,0.210047,0.272121,-8.739483,85.635559,10.979187,0.072263,0.992863,-0.055386,0.077034,-8.781991,52.866806,-4.502688,-0.055127,0.97046,0.047037,0.23012,-16.013149,6.09079,0.198925,-0.080451,0.932423,-0.118654,0.331718,7.564083,86.428413,20.225435,0.002123,0.876208,-0.185367,0.444853,10.148469,51.67606,30.179161,-0.034047,0.872264,0.018848,0.487485,2.127048,7.380629,45.540215,-0.055127,0.97046,0.047037,0.23012,-9.017569,1.69939,-12.720415,-0.034047,0.872264,0.018848,0.487485,14.548552,2.231859,38.169441
931,7.758333,-0.028337,0.966444,0.024682,0.254115,-0.582873,86.030304,15.608118,-0.038926,0.983468,0.109743,0.138678,-1.100634,93.700073,15.86429,-0.039979,0.989432,0.0955,0.101514,-3.38271,114.448929,20.237553,0.04174,0.997441,0.017042,0.05548,-5.44672,134.953873,24.027431,0.087363,0.978065,-0.189057,-0.003866,-4.053317,149.488647,22.725695,-0.023106,0.926953,0.140766,0.346999,-8.830298,129.023239,22.825521,0.290639,-0.606598,-0.015692,-0.739812,-22.087542,129.982483,11.46224,0.065852,0.194792,-0.477336,-0.854324,-15.542494,121.803619,-11.050798,0.20287,0.315208,-0.547735,-0.74798,-3.026356,144.281403,-3.837372,-0.036261,0.989963,0.114452,0.074554,-1.562604,129.467865,24.37792,0.307119,0.865958,0.152853,-0.363909,15.684119,130.424911,27.104347,-0.04794,0.124593,0.453564,-0.881169,29.254045,119.979713,9.123163,-0.044406,-0.184097,0.670022,-0.717779,15.578871,139.878204,4.804152,0.061623,0.937068,0.210096,0.271966,-8.736279,85.634216,10.987827,0.07228,0.992877,-0.055304,0.076887,-8.780195,52.866947,-4.497203,-0.054955,0.970466,0.047039,0.230136,-16.011631,6.090292,0.197671,-0.080409,0.932514,-0.118651,0.331473,7.570532,86.426392,20.228409,0.002258,0.876364,-0.185398,0.444531,10.154759,51.673496,30.180269,-0.034408,0.872324,0.01853,0.487364,2.126377,7.379216,45.541016,-0.054955,0.970466,0.047039,0.230136,-9.017371,1.697642,-12.721959,-0.034408,0.872324,0.01853,0.487364,14.547813,2.227652,38.172085
932,7.766667,-0.028295,0.966486,0.024547,0.253973,-0.581133,86.026184,15.615574,-0.038786,0.983497,0.109725,0.138528,-1.097709,93.696091,15.869972,-0.040013,0.98945,0.095446,0.101379,-3.373272,114.446548,20.243866,0.041728,0.997448,0.016998,0.055379,-5.437952,134.951813,24.031643,0.087376,0.978052,-0.189116,-0.003931,-4.045152,149.486511,22.728453,-0.022964,0.927038,0.140735,0.346796,-8.821365,129.020752,22.831373,0.290594,-0.606712,-0.015522,-0.73974,-22.083769,129.98317,11.47438,0.065874,0.194476,-0.477332,-0.854397,-15.545321,121.797714,-11.038185,0.202868,0.31499,-0.547803,-0.748022,-3.022842,144.275528,-3.839271,-0.036282,0.989975,0.114415,0.074452,-1.553301,129.466171,24.381828,0.307177,0.865905,0.152866,-0.363983,15.693905,130.424438,27.104792,-0.047728,0.124484,0.453508,-0.881225,29.259396,119.978355,9.120764,-0.044297,-0.184131,0.670132,-0.717674,15.580869,139.873474,4.8014,0.061591,0.937114,0.210188,0.271745,-8.735938,85.630119,10.997747,0.072303,0.992887,-0.055234,0.076787,-8.779423,52.865364,-4.492588,-0.055055,0.97047,0.04698,0.230109,-16.01206,6.088305,0.196276,-0.080355,0.932529,-0.118582,0.331467,7.573673,86.422256,20.233398,0.002246,0.876353,-0.18541,0.44455,10.156085,51.667542,30.179394,-0.034435,0.87236,0.01855,0.487298,2.12791,7.373655,45.541386,-0.055055,0.97047,0.04698,0.230109,-9.017547,1.694708,-12.722898,-0.034435,0.87236,0.01855,0.487298,14.548576,2.222937,38.170551
933,7.775,-0.028311,0.96654,0.024448,0.253773,-0.576446,86.024773,15.622905,-0.038562,0.98354,0.109706,0.138299,-1.092826,93.694748,15.875875,-0.040249,0.989466,0.095381,0.101191,-3.357362,114.441742,20.249962,0.04196,0.997442,0.017065,0.055298,-5.430835,134.946732,24.034412,0.087224,0.978051,-0.18919,-0.004034,-4.031672,149.481018,22.733406,-0.022875,0.927139,0.140711,0.346542,-8.811738,129.013779,22.836397,0.290601,-0.606844,-0.015548,-0.739628,-22.080452,129.977448,11.486888,0.065998,0.194255,-0.477286,-0.854464,-15.55002,121.790756,-11.027548,0.203072,0.314877,-0.547923,-0.747927,-3.020424,144.268982,-3.840899,-0.036337,0.989981,0.114468,0.074254,-1.54339,129.463058,24.384405,0.307173,0.865893,0.152622,-0.364115,15.704699,130.42392,27.100832,-0.047733,0.124387,0.453488,-0.881248,29.265522,119.974754,9.11507,-0.0442,-0.184206,0.670075,-0.717714,15.584321,139.87027,4.799647,0.061598,0.937143,0.210273,0.271578,-8.73314,85.627815,11.008496,0.072308,0.992906,-0.055171,0.076581,-8.778086,52.865719,-4.487447,-0.055087,0.970492,0.046978,0.230009,-16.00985,6.088069,0.196907,-0.080329,0.932614,-0.118553,0.331244,7.580249,86.42173,20.237312,0.002388,0.8765,-0.185447,0.444243,10.163977,51.666214,30.180138,-0.034327,0.872358,0.018576,0.487306,2.127804,7.3737,45.541901,-0.055087,0.970492,0.046978,0.230009,-9.017637,1.69454,-12.723534,-0.034327,0.872358,0.018576,0.487306,14.547708,2.222074,38.170422
934,7.783333,-0.028325,0.966577,0.024471,0.253628,-0.571826,86.023643,15.626146,-0.038539,0.983566,0.109683,0.138141,-1.088456,93.693588,15.879485,-0.040109,0.989487,0.09541,0.101013,-3.351478,114.443085,20.253599,0.041816,0.997458,0.016975,0.055137,-5.418602,134.948318,24.040258,0.087281,0.978032,-0.189257,-0.004093,-4.023989,149.482758,22.736137,-0.022953,0.927241,0.140623,0.346298,-8.80138,129.016251,22.843136,0.290573,-0.606992,-0.015473,-0.739519,-22.075874,129.975052,11.499978,0.066025,0.19395,-0.477288,-0.85453,-15.554253,121.784233,-11.015506,0.203146,0.314623,-0.547915,-0.74802,-3.018694,144.262894,-3.843002,-0.036363,0.989987,0.114493,0.074133,-1.532332,129.463684,24.388378,0.307236,0.865853,0.152499,-0.364209,15.716319,130.425888,27.100754,-0.0477,0.12433,0.453505,-0.881249,29.271824,119.973122,9.113081,-0.044187,-0.184264,0.669909,-0.717856,15.590816,139.86882,4.799462,0.061588,0.93719,0.210289,0.271404,-8.729884,85.626472,11.014169,0.072335,0.992922,-0.055099,0.076402,-8.776768,52.864777,-4.48264,-0.055136,0.970494,0.046957,0.229991,-16.009716,6.086743,0.196045,-0.080316,0.932656,-0.118563,0.331127,7.586232,86.420822,20.238123,0.002463,0.876576,-0.185504,0.444069,10.170086,51.665329,30.181009,-0.034399,0.872402,0.018489,0.487227,2.128291,7.37488,45.545761,-0.055136,0.970494,0.046957,0.229991,-9.017484,1.692975,-12.724304,-0.034399,0.872402,0.018489,0.487227,14.547131,2.222068,38.173325
935,7.791667,-0.028356,0.966617,0.024519,0.25347,-0.565863,86.022926,15.629675,-0.03852,0.983588,0.10966,0.138007,-1.083109,93.692802,15.883692,-0.040058,0.989495,0.095487,0.100879,-3.344753,114.443947,20.257555,0.04182,0.997465,0.016869,0.05505,-5.409573,134.94873,24.047871,0.087248,0.978021,-0.189329,-0.004121,-4.014961,149.482895,22.740551,-0.023034,0.927333,0.140424,0.346127,-8.793047,129.017044,22.850819,0.290607,-0.607112,-0.015509,-0.739406,-22.071548,129.969894,11.511845,0.066072,0.193703,-0.477274,-0.85459,-15.557236,121.777534,-11.005199,0.203229,0.314335,-0.547991,-0.748062,-3.015707,144.256927,-3.844454,-0.03631,0.989994,0.114591,0.073907,-1.523533,129.463821,24.39407,0.307238,0.86583,0.15261,-0.364216,15.726421,130.424835,27.098564,-0.047675,0.124195,0.453442,-0.881302,29.281647,119.974388,9.10933,-0.044168,-0.184288,0.669806,-0.717946,15.596535,139.867599,4.800632,0.061564,0.937263,0.210306,0.271144,-8.725391,85.625313,11.020337,0.072369,0.992939,-0.055039,0.07619,-8.774595,52.863907,-4.477064,-0.055333,0.970499,0.046975,0.229922,-16.0093,6.085709,0.197284,-0.080278,0.932684,-0.118573,0.331054,7.593666,86.420532,20.239012,0.002509,0.876608,-0.185556,0.443983,10.175575,51.664768,30.181452,-0.03424,0.872439,0.018533,0.487169,2.129222,7.376191,45.549221,-0.055333,0.970499,0.046975,0.229922,-9.016873,1.693886,-12.72362,-0.03424,0.872439,0.018533,0.487169,14.545776,2.222143,38.173794
936,7.8,-0.028278,0.966663,0.024481,0.253306,-0.563614,86.02462,15.634109,-0.03846,0.983615,0.109636,0.137848,-1.079511,93.694595,15.887959,-0.04,0.989513,0.095504,0.100716,-3.337606,114.444664,20.261244,0.041738,0.997476,0.016811,0.054924,-5.399452,134.949509,24.052834,0.08725,0.978016,-0.189351,-0.004164,-4.00753,149.483749,22.743488,-0.023053,0.927422,0.140331,0.345924,-8.783819,129.018143,22.85676,0.290672,-0.607232,-0.015476,-0.739284,-22.067194,129.96817,11.523266,0.066157,0.193448,-0.477279,-0.854638,-15.560028,121.770821,-10.994026,0.203337,0.31406,-0.548007,-0.748137,-3.013676,144.251389,-3.846676,-0.036254,0.990003,0.114585,0.073819,-1.513749,129.464264,24.397562,0.307241,0.865805,0.152473,-0.364332,15.7368,130.423706,27.098808,-0.047608,0.123983,0.453411,-0.881352,29.287731,119.971939,9.107121,-0.043955,-0.184407,0.669947,-0.717797,15.598292,139.864548,4.805608,0.061519,0.937264,0.210359,0.271109,-8.724784,85.628143,11.027583,0.072414,0.99294,-0.054992,0.076176,-8.770433,52.86795,-4.472388,-0.055151,0.970508,0.046917,0.229936,-16.008953,6.089869,0.197297,-0.080255,0.932731,-0.118568,0.330929,7.597556,86.421097,20.240635,0.002559,0.876608,-0.185561,0.44398,10.179311,51.664978,30.181885,-0.034305,0.872424,0.018522,0.487192,2.128681,7.376585,45.547943,-0.055151,0.970508,0.046917,0.229936,-9.018047,1.69501,-12.723395,-0.034305,0.872424,0.018522,0.487192,14.546195,2.223214,38.173668
937,7.808333,-0.028313,0.966709,0.024493,0.253123,-0.558182,86.022728,15.639287,-0.038454,0.98364,0.109582,0.137716,-1.07459,93.692657,15.893276,-0.039955,0.989529,0.095486,0.100595,-3.331668,114.444397,20.264927,0.041794,0.997477,0.016792,0.054866,-5.391105,134.949539,24.056227,0.087163,0.978015,-0.189399,-0.004181,-3.997712,149.483582,22.746313,-0.022951,0.927569,0.140159,0.345607,-8.776194,129.018372,22.861233,0.29085,-0.607317,-0.015491,-0.739143,-22.067396,129.967957,11.536884,0.066376,0.193217,-0.477212,-0.854711,-15.56539,121.764465,-10.979661,0.203455,0.313808,-0.548105,-0.748138,-3.011128,144.244781,-3.847664,-0.036257,0.99001,0.114635,0.073651,-1.505707,129.464035,24.400198,0.307294,0.865791,0.152379,-0.364358,15.745701,130.424133,27.095715,-0.04756,0.123857,0.453414,-0.88137,29.294044,119.968773,9.104162,-0.043888,-0.184559,0.67001,-0.717703,15.602931,139.86174,4.806839,0.061477,0.937316,0.210484,0.270842,-8.721055,85.62558,11.035839,0.072474,0.992947,-0.054962,0.07605,-8.765691,52.868824,-4.471403,-0.054975,0.970511,0.046906,0.22997,-16.009077,6.091264,0.195865,-0.080192,0.932766,-0.118551,0.33085,7.604692,86.419884,20.242735,0.00261,0.876658,-0.18559,0.44387,10.183489,51.662731,30.181118,-0.034217,0.87243,0.018585,0.487186,2.129356,7.375374,45.548321,-0.054975,0.970511,0.046906,0.22997,-9.0191,1.694765,-12.724772,-0.034217,0.87243,0.018585,0.487186,14.546211,2.222302,38.172729
938,7.816667,-0.028291,0.966749,0.024555,0.252969,-0.553239,86.020874,15.64084,-0.038454,0.983658,0.109571,0.137592,-1.069524,93.690781,15.895917,-0.03987,0.989542,0.09551,0.100469,-3.326152,114.443985,20.267687,0.041742,0.997486,0.016792,0.054739,-5.381726,134.949203,24.060616,0.087144,0.97801,-0.189431,-0.004278,-3.990247,149.483414,22.750416,-0.022926,0.927651,0.140149,0.345394,-8.767958,129.01857,22.86622,0.291111,-0.607432,-0.015564,-0.738944,-22.064362,129.967743,11.547941,0.066488,0.193013,-0.47711,-0.854805,-15.56943,121.757217,-10.968084,0.203238,0.313517,-0.548219,-0.748236,-3.005888,144.235535,-3.846951,-0.036205,0.990024,0.114587,0.073564,-1.496995,129.46315,24.403255,0.307338,0.865754,0.152325,-0.364431,15.754996,130.421936,27.095518,-0.047477,0.123716,0.453419,-0.881392,29.299391,119.964851,9.10199,-0.043802,-0.184744,0.670043,-0.717631,15.606874,139.857483,4.808832,0.061499,0.937333,0.210525,0.270745,-8.717596,85.624321,11.039972,0.072502,0.992945,-0.054945,0.076055,-8.764426,52.869034,-4.470363,-0.055137,0.9705,0.046836,0.229992,-16.010395,6.091693,0.195076,-0.080138,0.932819,-0.118586,0.330702,7.61112,86.417427,20.241707,0.002647,0.876656,-0.185615,0.443864,10.187011,51.660263,30.180784,-0.034438,0.872449,0.018482,0.48714,2.128774,7.373819,45.548458,-0.055137,0.9705,0.046836,0.229992,-9.018258,1.694508,-12.724159,-0.034438,0.872449,0.018482,0.48714,14.546474,2.221328,38.173885
939,7.825,-0.028262,0.966789,0.024551,0.252819,-0.54973,86.020203,15.643069,-0.038435,0.983681,0.109553,0.13745,-1.06552,93.69014,15.898281,-0.039815,0.989557,0.095541,0.100322,-3.320663,114.443878,20.269798,0.041717,0.997497,0.016796,0.054564,-5.373502,134.949036,24.064537,0.087188,0.978007,-0.189422,-0.004453,-3.983326,149.483353,22.754154,-0.022802,0.927705,0.140335,0.34518,-8.760555,129.018723,22.870842,0.291275,-0.607538,-0.015397,-0.738796,-22.062315,129.973083,11.559293,0.066676,0.192804,-0.477069,-0.85486,-15.573476,121.749878,-10.953867,0.203289,0.313348,-0.548218,-0.748293,-3.003736,144.2285,-3.846493,-0.036146,0.990049,0.114473,0.073441,-1.489085,129.462662,24.405666,0.30738,0.865742,0.152326,-0.364424,15.76369,130.420242,27.093351,-0.047355,0.123606,0.453402,-0.881422,29.307032,119.961502,9.099997,-0.043728,-0.184981,0.670002,-0.717613,15.612423,139.853149,4.808643,0.061453,0.93737,0.210573,0.270592,-8.715543,85.624069,11.044746,0.072559,0.992943,-0.054908,0.076063,-8.76085,52.869839,-4.46782,-0.054887,0.970495,0.046855,0.230071,-16.011883,6.092882,0.193657,-0.080122,0.932823,-0.118538,0.330712,7.616083,86.416336,20.241392,0.002676,0.876641,-0.185676,0.443867,10.192005,51.658154,30.176943,-0.034435,0.872447,0.018468,0.487144,2.128761,7.37386,45.548218,-0.054887,0.970495,0.046855,0.230071,-9.020185,1.694384,-12.725371,-0.034435,0.872447,0.018468,0.487144,14.54645,2.220998,38.173878
940,7.833333,-0.028262,0.966827,0.024578,0.252672,-0.54522,86.020935,15.645798,-0.038429,0.983701,0.109512,0.137341,-1.061082,93.690849,15.901485,-0.039779,0.989564,0.095594,0.100217,-3.315184,114.444443,20.271481,0.041738,0.997503,0.016809,0.05444,-5.36633,134.94931,24.068794,0.087182,0.978002,-0.189446,-0.004593,-3.975952,149.483627,22.758614,-0.022738,0.92779,0.140274,0.344982,-8.753894,129.019257,22.875235,0.291308,-0.607643,-0.015332,-0.738698,-22.060558,129.973923,11.569479,0.066766,0.192661,-0.476994,-0.854928,-15.578,121.74572,-10.943662,0.203413,0.313133,-0.548268,-0.748314,-3.001234,144.22345,-3.844021,-0.036057,0.990055,0.114504,0.073345,-1.482067,129.462738,24.408501,0.307295,0.865761,0.151854,-0.364649,15.771421,130.417511,27.092583,-0.047567,0.123654,0.453485,-0.881361,29.309214,119.955299,9.09706,-0.043697,-0.185078,0.66998,-0.717609,15.617774,139.852158,4.808563,0.061485,0.937404,0.210606,0.270443,-8.712426,85.62484,11.049949,0.072558,0.992942,-0.054878,0.076095,-8.76166,52.871883,-4.4653,-0.055086,0.970488,0.046823,0.230058,-16.012611,6.094608,0.193136,-0.080085,0.932833,-0.118569,0.330682,7.621986,86.41703,20.241646,0.002749,0.876701,-0.185668,0.443751,10.194967,51.658939,30.178278,-0.034379,0.872437,0.018525,0.487164,2.127913,7.374433,45.546925,-0.055086,0.970488,0.046823,0.230058,-9.019267,1.696747,-12.725219,-0.034379,0.872437,0.018525,0.487164,14.545664,2.222197,38.172256
941,7.841667,-0.028269,0.966863,0.024621,0.25253,-0.541297,86.021996,15.648404,-0.038393,0.983723,0.109499,0.137203,-1.057385,93.691872,15.904778,-0.039751,0.989575,0.095633,0.100078,-3.309175,114.444527,20.274523,0.041788,0.997509,0.016798,0.054284,-5.358818,134.949158,24.073851,0.087143,0.978005,-0.189445,-0.004777,-3.967464,149.483337,22.763187,-0.022616,0.927839,0.140279,0.344854,-8.746844,129.019272,22.880848,0.291401,-0.607773,-0.015281,-0.738556,-22.056768,129.97728,11.579212,0.066825,0.192513,-0.476953,-0.854979,-15.581963,121.742416,-10.933728,0.20342,0.312928,-0.548189,-0.748455,-3.000329,144.219223,-3.841794,-0.036009,0.990076,0.114415,0.073229,-1.474569,129.462479,24.412064,0.307256,0.86576,0.151752,-0.364727,15.779636,130.416336,27.091881,-0.047556,0.123602,0.453517,-0.881353,29.315817,119.954552,9.094901,-0.04354,-0.185196,0.670025,-0.717547,15.624926,139.852661,4.808451,0.061477,0.937452,0.210625,0.270262,-8.70984,85.625893,11.054929,0.072569,0.992948,-0.05484,0.076036,-8.761123,52.873444,-4.461393,-0.055017,0.970487,0.04688,0.230064,-16.012558,6.095928,0.193817,-0.080077,0.932871,-0.11854,0.330587,7.627246,86.418098,20.241879,0.002775,0.876661,-0.185744,0.443798,10.201417,51.659428,30.176159,-0.03449,0.872469,0.018474,0.487101,2.128256,7.377598,45.549305,-0.055017,0.970487,0.04688,0.230064,-9.019692,1.699149,-12.725165,-0.03449,0.872469,0.018474,0.487101,14.545772,2.225644,38.174038
942,7.85,-0.028281,0.966898,0.024716,0.252386,-0.536288,86.022873,15.64978,-0.038337,0.983742,0.109507,0.13708,-1.052893,93.692665,15.907608,-0.039768,0.989581,0.095685,0.099967,-3.301795,114.445343,20.278257,0.041899,0.99751,0.016744,0.054196,-5.351897,134.949509,24.079878,0.08704,0.978014,-0.189445,-0.004883,-3.957521,149.483246,22.767656,-0.022601,0.927885,0.140228,0.344753,-8.739811,129.019501,22.887096,0.291325,-0.607903,-0.015242,-0.738479,-22.052197,129.976852,11.588305,0.066862,0.192453,-0.476865,-0.855039,-15.58516,121.740913,-10.926471,0.203617,0.312859,-0.548215,-0.748411,-2.99752,144.215912,-3.837105,-0.035908,0.990091,0.114399,0.073105,-1.467225,129.463043,24.416737,0.307184,0.865748,0.151811,-0.36479,15.787871,130.413956,27.091854,-0.047515,0.12355,0.453464,-0.88139,29.323927,119.95697,9.091991,-0.04346,-0.185204,0.670062,-0.717514,15.630359,139.852814,4.806656,0.061503,0.937469,0.210669,0.270163,-8.706188,85.626915,11.058707,0.07259,0.992946,-0.054849,0.076035,-8.759974,52.876057,-4.460949,-0.0551,0.970488,0.046832,0.230051,-16.013374,6.098899,0.194903,-0.080067,0.932825,-0.118523,0.330724,7.633613,86.418823,20.240854,0.002793,0.876614,-0.185782,0.443875,10.206097,51.659763,30.174196,-0.034303,0.872421,0.018623,0.487195,2.128459,7.379299,45.548943,-0.0551,0.970488,0.046832,0.230051,-9.020055,1.701369,-12.723577,-0.034303,0.872421,0.018623,0.487195,14.546472,2.228417,38.173759
943,7.858333,-0.028317,0.966929,0.024816,0.252249,-0.530081,86.024788,15.649843,-0.038187,0.983763,0.109539,0.136939,-1.047573,93.694481,15.909079,-0.039865,0.989586,0.095713,0.099851,-3.289472,114.444458,20.281673,0.041924,0.997517,0.016751,0.054056,-5.343278,134.948074,24.084238,0.087019,0.978017,-0.189432,-0.005064,-3.94865,149.481796,22.772051,-0.022466,0.927973,0.140233,0.344523,-8.730141,129.017349,22.892035,0.29126,-0.608033,-0.015132,-0.7384,-22.048285,129.977936,11.600306,0.066834,0.19224,-0.476791,-0.85513,-15.58896,121.737991,-10.915219,0.203545,0.312668,-0.548149,-0.748559,-2.993338,144.210632,-3.833746,-0.035874,0.990097,0.114391,0.073041,-1.457326,129.462463,24.42013,0.307146,0.865722,0.152179,-0.364731,15.798182,130.412476,27.092911,-0.047279,0.123432,0.453311,-0.881498,29.337549,119.963768,9.090744,-0.043313,-0.185081,0.670239,-0.717391,15.63652,139.852585,4.804486,0.061545,0.937525,0.210643,0.269978,-8.701234,85.628563,11.061025,0.072556,0.992937,-0.054834,0.076191,-8.761451,52.877277,-4.457705,-0.055129,0.970493,0.046827,0.230024,-16.012363,6.099525,0.195891,-0.08001,0.932837,-0.118527,0.330702,7.641073,86.421021,20.238663,0.002807,0.87659,-0.185821,0.443906,10.209831,51.661346,30.170855,-0.034356,0.872413,0.018529,0.487209,2.128876,7.382256,45.547813,-0.055129,0.970493,0.046827,0.230024,-9.019478,1.702062,-12.722845,-0.034356,0.872413,0.018529,0.487209,14.547194,2.229805,38.17424
944,7.866667,-0.028292,0.966971,0.024807,0.252092,-0.524967,86.024437,15.652379,-0.038172,0.983779,0.109554,0.136817,-1.042006,93.694153,15.911672,-0.039823,0.989599,0.09571,0.099738,-3.282805,114.444077,20.285269,0.041926,0.997523,0.016749,0.053947,-5.334429,134.947861,24.088133,0.086988,0.978017,-0.189445,-0.005162,-3.940063,149.481598,22.775723,-0.022329,0.928036,0.140212,0.344371,-8.721943,129.017334,22.896776,0.291397,-0.608192,-0.015173,-0.738214,-22.043964,129.981323,11.609915,0.066928,0.192143,-0.476661,-0.855217,-15.594313,121.73629,-10.906514,0.203461,0.31257,-0.547962,-0.74876,-2.990273,144.205521,-3.830659,-0.035845,0.990105,0.114359,0.072996,-1.448743,129.462006,24.423161,0.307225,0.86565,0.15175,-0.365014,15.807064,130.411301,27.094252,-0.047312,0.123465,0.453497,-0.881396,29.333752,119.954643,9.087163,-0.043206,-0.185122,0.67024,-0.717385,15.641306,139.849609,4.801211,0.061546,0.937567,0.210688,0.269799,-8.697631,85.62854,11.066225,0.072577,0.992944,-0.054811,0.07609,-8.759933,52.878643,-4.455425,-0.055046,0.9705,0.046827,0.230017,-16.012196,6.100941,0.196608,-0.079952,0.93288,-0.118525,0.330598,7.647697,86.420341,20.238533,0.002847,0.876598,-0.185839,0.443883,10.213773,51.659966,30.168936,-0.03441,0.872374,0.018566,0.487273,2.129117,7.38154,45.545856,-0.055046,0.9705,0.046827,0.230017,-9.020334,1.702824,-12.72246,-0.03441,0.872374,0.018566,0.487273,14.549208,2.230842,38.174049
945,7.875,-0.028294,0.967005,0.02488,0.251957,-0.519626,86.025482,15.652248,-0.038166,0.983798,0.109554,0.136683,-1.036934,93.695137,15.912684,-0.039683,0.989608,0.095837,0.099583,-3.276931,114.445587,20.286741,0.041915,0.997534,0.016796,0.053729,-5.322643,134.948822,24.095758,0.086988,0.978004,-0.189503,-0.005417,-3.929371,149.482758,22.784338,-0.022394,0.928098,0.140213,0.344199,-8.711899,129.019379,22.903992,0.291287,-0.608366,-0.015148,-0.738115,-22.037966,129.980377,11.621655,0.066857,0.191964,-0.476591,-0.855302,-15.59879,121.735168,-10.897711,0.203442,0.312435,-0.547885,-0.748878,-2.987754,144.201538,-3.827254,-0.035803,0.990106,0.114463,0.072842,-1.438074,129.462006,24.427996,0.307239,0.865612,0.151973,-0.364999,15.818622,130.410202,27.093723,-0.047002,0.123257,0.453368,-0.881508,29.345411,119.95742,9.084463,-0.042977,-0.185224,0.670409,-0.717215,15.644942,139.846603,4.799735,0.061583,0.937596,0.21069,0.269687,-8.693571,85.629814,11.068359,0.072592,0.992958,-0.054779,0.075926,-8.760242,52.880299,-4.454091,-0.055086,0.970493,0.046785,0.230043,-16.012848,6.102446,0.195945,-0.079907,0.932878,-0.118504,0.330621,7.654319,86.42115,20.236137,0.002831,0.876485,-0.18589,0.444085,10.2176,51.659893,30.164179,-0.034429,0.872369,0.018503,0.487284,2.12856,7.383272,45.543976,-0.055086,0.970493,0.046785,0.230043,-9.019944,1.703484,-12.72227,-0.034429,0.872369,0.018503,0.487284,14.548702,2.231279,38.173168
946,7.883333,-0.028183,0.967039,0.024844,0.251843,-0.519607,86.025093,15.654251,-0.038082,0.983819,0.109524,0.136579,-1.035096,93.694878,15.914639,-0.039645,0.989614,0.0959,0.099478,-3.271083,114.447021,20.288416,0.041925,0.997538,0.016798,0.053648,-5.315082,134.949875,24.100399,0.086965,0.978001,-0.189531,-0.005467,-3.921788,149.483795,22.788931,-0.022343,0.928159,0.140139,0.344068,-8.704855,129.020721,22.908663,0.291143,-0.608466,-0.015072,-0.738091,-22.034166,129.981796,11.630153,0.066553,0.191784,-0.476474,-0.855431,-15.600901,121.736671,-10.890944,0.203073,0.311827,-0.548002,-0.749145,-2.97911,144.199066,-3.818634,-0.03578,0.990138,0.114298,0.072675,-1.430669,129.462845,24.431095,0.307352,0.865567,0.152037,-0.364984,15.826941,130.411377,27.09082,-0.04694,0.123213,0.453392,-0.881505,29.350847,119.95549,9.081176,-0.043031,-0.185201,0.670379,-0.717245,15.650879,139.845276,4.797034,0.06158,0.937602,0.210712,0.26965,-8.694748,85.631195,11.072332,0.072565,0.99294,-0.05479,0.076169,-8.761376,52.882351,-4.451514,-0.055159,0.970501,0.046764,0.229998,-16.012724,6.104255,0.197978,-0.07991,0.932925,-0.118468,0.330499,7.655533,86.418991,20.23617,0.002842,0.876486,-0.185945,0.444059,10.221173,51.65715,30.161572,-0.034613,0.872382,0.018488,0.487248,2.129336,7.382462,45.545471,-0.055159,0.970501,0.046764,0.229998,-9.020273,1.70519,-12.720453,-0.034613,0.872382,0.018488,0.487248,14.550575,2.23276,38.174892
947,7.891667,-0.028166,0.967058,0.024918,0.251762,-0.515314,86.026413,15.654585,-0.038038,0.98384,0.109479,0.136476,-1.030827,93.696152,15.916193,-0.03955,0.989623,0.095976,0.099353,-3.264274,114.448975,20.288633,0.041849,0.997549,0.016902,0.053464,-5.304166,134.951523,24.104427,0.087008,0.977993,-0.189543,-0.005665,-3.913809,149.485962,22.795567,-0.02225,0.928221,0.140193,0.343885,-8.69515,129.023071,22.912676,0.2912,-0.608635,-0.015069,-0.737929,-22.029007,129.986862,11.639772,0.066791,0.191715,-0.476443,-0.855445,-15.605945,121.73735,-10.882622,0.203363,0.312167,-0.547699,-0.749147,-2.982256,144.199005,-3.81984,-0.035763,0.990135,0.114375,0.072611,-1.420483,129.463882,24.433193,0.307417,0.86549,0.1516,-0.365293,15.837498,130.411865,27.090696,-0.047105,0.123158,0.453589,-0.881402,29.348225,119.948769,9.07536,-0.042966,-0.18521,0.670575,-0.717064,15.655366,139.847137,4.798035,0.061601,0.937634,0.210726,0.269522,-8.691234,85.633118,11.074008,0.07258,0.992938,-0.054799,0.076176,-8.761081,52.884876,-4.451114,-0.054848,0.970503,0.046808,0.230056,-16.013901,6.10708,0.199139,-0.079923,0.932893,-0.118444,0.330596,7.660605,86.419708,20.235161,0.00285,0.876382,-0.185997,0.444242,10.226702,51.657593,30.159483,-0.034348,0.87234,0.018654,0.487335,2.128787,7.384753,45.545506,-0.054848,0.970503,0.046808,0.230056,-9.023044,1.706924,-12.71978,-0.034348,0.87234,0.018654,0.487335,14.549729,2.2354,38.174187
948,7.9,-0.028209,0.967082,0.025102,0.251646,-0.506826,86.031601,15.651946,-0.038083,0.983847,0.109514,0.136386,-1.023656,93.701164,15.916185,-0.039485,0.989626,0.096075,0.099257,-3.258655,114.452507,20.289789,0.042025,0.997546,0.016892,0.053394,-5.295886,134.954483,24.1101,0.086906,0.977998,-0.189561,-0.005767,-3.900617,149.488419,22.801111,-0.022238,0.928279,0.140158,0.343744,-8.687656,129.026566,22.917875,0.291256,-0.608739,-0.015243,-0.737818,-22.0249,129.989609,11.648932,0.066595,0.191596,-0.476278,-0.855579,-15.608397,121.743187,-10.876459,0.202964,0.311572,-0.547811,-0.749421,-2.973314,144.199326,-3.811866,-0.035653,0.990141,0.114469,0.072432,-1.412635,129.4664,24.436958,0.307313,0.865528,0.15168,-0.365257,15.84652,130.411057,27.087963,-0.047278,0.123104,0.453535,-0.881429,29.361702,119.953011,9.073049,-0.042984,-0.185165,0.67037,-0.717265,15.665733,139.850571,4.801605,0.061667,0.937667,0.210669,0.269439,-8.683791,85.638336,11.073242,0.072603,0.992927,-0.05481,0.076288,-8.760655,52.888924,-4.449382,-0.055017,0.970488,0.046762,0.230087,-16.016233,6.111553,0.200852,-0.07985,0.932894,-0.118513,0.330586,7.670139,86.424873,20.23065,0.002866,0.876396,-0.186033,0.4442,10.229753,51.663101,30.157822,-0.034391,0.872352,0.018571,0.487313,2.129759,7.391557,45.546467,-0.055017,0.970488,0.046762,0.230087,-9.022879,1.711456,-12.716731,-0.034391,0.872352,0.018571,0.487313,14.550367,2.240756,38.175617
949,7.908333,-0.028219,0.967103,0.025182,0.251559,-0.502041,86.034286,15.652382,-0.038055,0.983866,0.109506,0.136265,-1.019299,93.703773,15.917817,-0.039442,0.989634,0.096149,0.099118,-3.252337,114.453247,20.291134,0.042039,0.99755,0.016844,0.053322,-5.287534,134.954758,24.11495,0.08682,0.978009,-0.189546,-0.005767,-3.89203,149.488556,22.804457,-0.022162,0.928325,0.14018,0.343614,-8.679919,129.027176,22.922876,0.291096,-0.608838,-0.015157,-0.737801,-22.020411,129.992264,11.657945,0.066489,0.191409,-0.476277,-0.85563,-15.609777,121.746101,-10.869213,0.202967,0.311404,-0.547801,-0.749497,-2.970408,144.202393,-3.809728,-0.035654,0.990149,0.114498,0.072278,-1.404432,129.466476,24.439892,0.307358,0.86548,0.151651,-0.365346,15.855503,130.411713,27.085638,-0.047246,0.122939,0.453577,-0.881432,29.366117,119.952629,9.067887,-0.042857,-0.18531,0.670346,-0.717259,15.669937,139.851685,4.802926,0.061723,0.937686,0.210675,0.269354,-8.679826,85.641167,11.075126,0.072613,0.992942,-0.05479,0.0761,-8.76178,52.892448,-4.44894,-0.054934,0.970487,0.046707,0.230122,-16.017315,6.115016,0.200769,-0.079833,0.93289,-0.118511,0.330601,7.675744,86.427406,20.229639,0.002893,0.876305,-0.186056,0.444369,10.234097,51.665413,30.156389,-0.034388,0.87229,0.018595,0.487423,2.127908,7.394683,45.544128,-0.054934,0.970487,0.046707,0.230122,-9.023942,1.712752,-12.71607,-0.034388,0.87229,0.018595,0.487423,14.550456,2.244508,38.176102
950,7.916667,-0.028202,0.967129,0.02521,0.251456,-0.498904,86.034943,15.652905,-0.037936,0.983888,0.109526,0.136119,-1.015997,93.70443,15.918875,-0.039501,0.989643,0.096185,0.098974,-3.243373,114.452995,20.293819,0.042094,0.997552,0.016793,0.053247,-5.280589,134.954025,24.119177,0.086785,0.978018,-0.189515,-0.00579,-3.883644,149.487549,22.807165,-0.022061,0.928374,0.140195,0.343483,-8.672413,129.025986,22.927763,0.291066,-0.608947,-0.015246,-0.737721,-22.016211,129.993851,11.666987,0.066472,0.191305,-0.476221,-0.855685,-15.61228,121.750214,-10.863005,0.202994,0.311287,-0.547798,-0.749541,-2.967982,144.204758,-3.807117,-0.035589,0.990152,0.114606,0.072096,-1.396572,129.466309,24.44278,0.307373,0.865432,0.15173,-0.365415,15.864446,130.40976,27.082083,-0.047186,0.122697,0.453545,-0.881485,29.372108,119.952736,9.060933,-0.042729,-0.185425,0.670469,-0.717122,15.67138,139.850952,4.804637,0.061755,0.937686,0.210706,0.269323,-8.677678,85.642181,11.077384,0.072607,0.992938,-0.054801,0.076156,-8.761643,52.894699,-4.449267,-0.054976,0.970485,0.046684,0.230126,-16.016928,6.117302,0.201118,-0.079821,0.932897,-0.118475,0.330598,7.679869,86.427704,20.228428,0.002881,0.876283,-0.186117,0.444388,10.238332,51.664955,30.152491,-0.034391,0.87231,0.018588,0.487387,2.130208,7.396382,45.545406,-0.054976,0.970485,0.046684,0.230126,-9.023048,1.714716,-12.715338,-0.034391,0.87231,0.018588,0.487387,14.552137,2.246033,38.176456
951,7.925,-0.028108,0.967153,0.025186,0.251376,-0.49998,86.033157,15.653552,-0.037785,0.983914,0.109538,0.135968,-1.015553,93.702744,15.919577,-0.039447,0.989657,0.096233,0.098803,-3.23598,114.451309,20.296175,0.042116,0.99756,0.016855,0.053072,-5.270513,134.952133,24.124071,0.086732,0.978017,-0.189538,-0.005972,-3.87359,149.485809,22.813635,-0.022016,0.928417,0.140229,0.343355,-8.663145,129.024429,22.933334,0.291101,-0.609098,-0.015413,-0.737579,-22.010096,129.993515,11.67639,0.066682,0.191272,-0.476232,-0.855671,-15.615582,121.752655,-10.857303,0.203382,0.311633,-0.547587,-0.749446,-2.972351,144.207184,-3.809138,-0.035593,0.990162,0.11458,0.072,-1.386735,129.464142,24.44581,0.307451,0.865338,0.151815,-0.365535,15.87476,130.408203,27.081818,-0.047073,0.122489,0.453568,-0.881508,29.375654,119.951691,9.055292,-0.042683,-0.185652,0.670428,-0.717103,15.673983,139.849457,4.805518,0.061753,0.937688,0.210723,0.269301,-8.679609,85.641953,11.079422,0.072558,0.992908,-0.054824,0.076572,-8.763477,52.894981,-4.448296,-0.055152,0.970487,0.046625,0.230084,-16.01626,6.117132,0.201521,-0.079869,0.932923,-0.118483,0.330511,7.67965,86.424362,20.227682,0.002948,0.87632,-0.186127,0.444311,10.242088,51.6623,30.153143,-0.034387,0.872299,0.018644,0.487405,2.129304,7.394129,45.544765,-0.055152,0.970487,0.046625,0.230084,-9.021749,1.714176,-12.714473,-0.034387,0.872299,0.018644,0.487405,14.551762,2.245126,38.175751
952,7.933333,-0.028151,0.967181,0.02528,0.251254,-0.494221,86.034775,15.652822,-0.037787,0.983931,0.109522,0.135857,-1.01076,93.704247,15.920135,-0.039384,0.989664,0.096308,0.098684,-3.230564,114.451912,20.296101,0.042083,0.997568,0.016896,0.052929,-5.262303,134.952332,24.127623,0.086797,0.978014,-0.189521,-0.006106,-3.866832,149.486221,22.818102,-0.021919,0.928484,0.140205,0.343191,-8.655763,129.025101,22.936853,0.291078,-0.609188,-0.015621,-0.737509,-22.006796,129.996201,11.684941,0.066422,0.191153,-0.476097,-0.855792,-15.618041,121.762253,-10.852894,0.203001,0.311078,-0.547875,-0.749569,-2.964912,144.211884,-3.801442,-0.03553,0.990168,0.114587,0.071932,-1.378932,129.463928,24.44754,0.307481,0.865281,0.151866,-0.365625,15.883054,130.406082,27.080959,-0.046948,0.122277,0.453652,-0.881501,29.379765,119.95076,9.050615,-0.042376,-0.186007,0.670208,-0.717236,15.680032,139.849747,4.807691,0.06175,0.937734,0.21073,0.269136,-8.674944,85.643158,11.080692,0.072586,0.992918,-0.054817,0.076425,-8.761197,52.896355,-4.44738,-0.054854,0.970501,0.046624,0.230099,-16.015842,6.118825,0.202651,-0.079805,0.932935,-0.118446,0.330506,7.686502,86.426392,20.224951,0.002958,0.876297,-0.186191,0.444329,10.245573,51.662956,30.14646,-0.034405,0.872263,0.018538,0.487474,2.128975,7.397053,45.54258,-0.054854,0.970501,0.046624,0.230099,-9.023948,1.713556,-12.71396,-0.034405,0.872263,0.018538,0.487474,14.552267,2.245723,38.176613
953,7.941667,-0.02813,0.967208,0.025343,0.251147,-0.492686,86.036667,15.652477,-0.037756,0.983949,0.109538,0.135722,-1.009132,93.706108,15.920859,-0.039267,0.989682,0.096333,0.098529,-3.227205,114.454498,20.298111,0.042099,0.997575,0.016925,0.052771,-5.253621,134.955109,24.131472,0.086817,0.978017,-0.189491,-0.006247,-3.858241,149.489059,22.822563,-0.021927,0.928561,0.140118,0.343017,-8.648646,129.02861,22.941507,0.290984,-0.609269,-0.015726,-0.737477,-22.003851,129.997467,11.694351,0.066323,0.191041,-0.476076,-0.855836,-15.620184,121.76902,-10.846936,0.202921,0.31103,-0.547894,-0.749597,-2.96383,144.217163,-3.797662,-0.035437,0.990169,0.114682,0.071814,-1.371223,129.465927,24.449776,0.30748,0.865232,0.151993,-0.365689,15.891588,130.405075,27.078852,-0.046918,0.122075,0.453629,-0.881543,29.386038,119.953331,9.04474,-0.0423,-0.186179,0.670039,-0.717353,15.683281,139.850998,4.809735,0.061738,0.937786,0.210731,0.268957,-8.674447,85.645653,11.082153,0.072566,0.992942,-0.054787,0.076147,-8.762832,52.898781,-4.445762,-0.055004,0.97051,0.046615,0.230025,-16.014103,6.120664,0.203624,-0.079827,0.932966,-0.118404,0.330428,7.689075,86.427673,20.222803,0.002979,0.876264,-0.186268,0.444361,10.2515,51.663757,30.14175,-0.034273,0.872253,0.018581,0.487499,2.129304,7.400596,45.54282,-0.055004,0.97051,0.046615,0.230025,-9.02265,1.716202,-12.713504,-0.034273,0.872253,0.018581,0.487499,14.551958,2.248432,38.176361
954,7.95,-0.028088,0.967242,0.025401,0.251015,-0.487081,86.039711,15.652638,-0.037747,0.98397,0.109487,0.135617,-1.003082,93.709145,15.922123,-0.039232,0.989685,0.096425,0.098419,-3.219958,114.457214,20.297367,0.042137,0.997581,0.017013,0.0526,-5.244859,134.957199,24.13488,0.086925,0.978018,-0.189428,-0.00647,-3.849044,149.491302,22.828321,-0.021898,0.928587,0.140193,0.342919,-8.640342,129.031021,22.944637,0.291014,-0.609381,-0.015984,-0.737367,-21.997932,130.001205,11.700428,0.066261,0.191084,-0.475991,-0.855879,-15.621431,121.779587,-10.845378,0.202854,0.310989,-0.547861,-0.749656,-2.962059,144.223572,-3.792027,-0.035334,0.990161,0.11487,0.071675,-1.362556,129.46785,24.451298,0.307426,0.865194,0.152198,-0.365739,15.901211,130.403503,27.075348,-0.046987,0.121869,0.453569,-0.881598,29.395473,119.958794,9.037031,-0.042302,-0.186257,0.669878,-0.717484,15.687659,139.85495,4.811994,0.061759,0.937791,0.21072,0.268944,-8.670124,85.649666,11.084531,0.07261,0.992974,-0.05472,0.075732,-8.76038,52.902649,-4.443079,-0.055025,0.97051,0.046575,0.23003,-16.013401,6.124437,0.202683,-0.079822,0.932954,-0.118385,0.330469,7.695964,86.429756,20.220747,0.002998,0.876223,-0.186351,0.444407,10.258108,51.665474,30.138487,-0.034262,0.872273,0.01855,0.487465,2.129992,7.405272,45.544933,-0.055025,0.97051,0.046575,0.23003,-9.021623,1.719008,-12.713939,-0.034262,0.872273,0.01855,0.487465,14.551822,2.252151,38.177757
955,7.958333,-0.028027,0.967264,0.025379,0.250938,-0.486818,86.039497,15.654519,-0.03772,0.98399,0.109436,0.135518,-1.001807,93.709,15.923955,-0.039129,0.989697,0.096475,0.098296,-3.216914,114.458588,20.297707,0.042357,0.997575,0.017132,0.052506,-5.237254,134.958511,24.137974,0.086843,0.97802,-0.189451,-0.006608,-3.835506,149.492386,22.835075,-0.021818,0.928586,0.140192,0.342926,-8.634078,129.033035,22.948006,0.290841,-0.609512,-0.016024,-0.737326,-21.991625,130.005875,11.70397,0.066066,0.19106,-0.475936,-0.85593,-15.623101,121.789047,-10.845847,0.20271,0.311042,-0.547844,-0.749686,-2.960229,144.230179,-3.787807,-0.0353,0.990167,0.114896,0.071572,-1.35581,129.468445,24.452755,0.307272,0.865214,0.152219,-0.365811,15.908559,130.403275,27.07317,-0.047072,0.121761,0.453449,-0.88167,29.404884,119.965782,9.032207,-0.042314,-0.186392,0.669768,-0.71755,15.690587,139.858337,4.813042,0.061747,0.937799,0.210788,0.268866,-8.670653,85.650406,11.087741,0.072592,0.99293,-0.054786,0.076288,-8.760005,52.90535,-4.444005,-0.055073,0.970503,0.046531,0.230056,-16.014418,6.127584,0.204042,-0.079867,0.932983,-0.11832,0.330401,7.697018,86.428589,20.221298,0.003054,0.876233,-0.186419,0.44436,10.264532,51.663719,30.135584,-0.034277,0.872256,0.018632,0.487492,2.129793,7.405943,45.545494,-0.055073,0.970503,0.046531,0.230056,-9.021528,1.721309,-12.711695,-0.034277,0.872256,0.018632,0.487492,14.552615,2.255118,38.178371
956,7.966667,-0.028012,0.967287,0.025422,0.250849,-0.483832,86.038666,15.652702,-0.037697,0.983998,0.109444,0.135461,-0.998741,93.708153,15.922877,-0.039044,0.989701,0.096515,0.098243,-3.212918,114.459991,20.297676,0.04236,0.997584,0.017204,0.052305,-5.229709,134.959869,24.140049,0.087062,0.978015,-0.189364,-0.006916,-3.828628,149.493973,22.838911,-0.02177,0.928608,0.140257,0.342844,-8.627568,129.035004,22.949978,0.290658,-0.609604,-0.016043,-0.737322,-21.987171,130.009766,11.70855,0.065881,0.191018,-0.475921,-0.855962,-15.624234,121.797874,-10.844638,0.202625,0.31104,-0.547824,-0.749724,-2.959702,144.237061,-3.783409,-0.035177,0.990168,0.115002,0.071443,-1.349044,129.469208,24.453842,0.307251,0.865176,0.152424,-0.365835,15.916274,130.400055,27.069408,-0.046925,0.121505,0.453405,-0.881737,29.412418,119.967949,9.025189,-0.042078,-0.186647,0.669744,-0.717521,15.693329,139.858215,4.813413,0.061769,0.937808,0.210808,0.268813,-8.668523,85.649994,11.087425,0.072611,0.992965,-0.054755,0.075832,-8.759837,52.90575,-4.446018,-0.055024,0.970504,0.046532,0.230063,-16.013659,6.127921,0.20232,-0.079888,0.93298,-0.118286,0.330417,7.70086,86.427345,20.217981,0.00308,0.876187,-0.186475,0.444425,10.270405,51.662125,30.130505,-0.034324,0.87223,0.018576,0.487536,2.12992,7.406357,45.543159,-0.055024,0.970504,0.046532,0.230063,-9.02107,1.721311,-12.713462,-0.034324,0.87223,0.018576,0.487536,14.55366,2.254832,38.178085
957,7.975,-0.02795,0.967323,0.025468,0.250714,-0.481833,86.036072,15.65024,-0.03767,0.984013,0.109426,0.135371,-0.995957,93.705574,15.921417,-0.038972,0.98971,0.096546,0.098158,-3.208593,114.458397,20.296009,0.042368,0.99759,0.01727,0.052172,-5.222182,134.958252,24.140125,0.087155,0.978013,-0.189325,-0.007079,-3.82138,149.492538,22.84071,-0.021689,0.928627,0.140331,0.342765,-8.620983,129.03389,22.950291,0.290466,-0.609683,-0.016072,-0.737332,-21.982592,130.011749,11.711507,0.065697,0.190996,-0.475895,-0.855996,-15.624462,121.805573,-10.845125,0.202555,0.311029,-0.547799,-0.749765,-2.957875,144.242996,-3.779644,-0.035139,0.990176,0.114984,0.071381,-1.342125,129.467087,24.452833,0.307244,0.865136,0.152072,-0.366079,15.923595,130.396927,27.06613,-0.047029,0.121494,0.453502,-0.881682,29.411039,119.961128,9.017536,-0.042082,-0.18681,0.669704,-0.717515,15.69541,139.856094,4.808873,0.061789,0.937807,0.210816,0.268805,-8.667864,85.648659,11.087254,0.072608,0.992977,-0.054747,0.075682,-8.760502,52.904819,-4.447051,-0.055021,0.970512,0.046531,0.230031,-16.01333,6.126872,0.201666,-0.079874,0.933,-0.118266,0.330369,7.704198,86.423477,20.213226,0.003091,0.87617,-0.186535,0.444434,10.273841,51.657761,30.123985,-0.034415,0.872214,0.018529,0.48756,2.129785,7.404113,45.540855,-0.055021,0.970512,0.046531,0.230031,-9.021606,1.720167,-12.714556,-0.034415,0.872214,0.018529,0.48756,14.554585,2.252751,38.177441
958,7.983333,-0.028009,0.967357,0.025468,0.250574,-0.476737,86.032677,15.651074,-0.037718,0.984031,0.109366,0.135276,-0.991711,93.702126,15.922098,-0.038801,0.989719,0.09663,0.098049,-3.205755,114.457085,20.294495,0.042442,0.997591,0.017303,0.052065,-5.212168,134.956818,24.143038,0.087138,0.978013,-0.18933,-0.007183,-3.8096,149.490997,22.844534,-0.02166,0.928657,0.140324,0.34269,-8.613062,129.033707,22.95295,0.290274,-0.609777,-0.016098,-0.737329,-21.976524,130.012039,11.716417,0.065505,0.190918,-0.475892,-0.85603,-15.62416,121.811279,-10.843806,0.20246,0.311015,-0.547763,-0.749824,-2.955949,144.246979,-3.776717,-0.035109,0.990181,0.115016,0.071282,-1.333689,129.464432,24.453697,0.307274,0.865066,0.152262,-0.366141,15.932597,130.39357,27.063465,-0.046849,0.121306,0.453451,-0.881744,29.416864,119.961487,9.010354,-0.041981,-0.186926,0.669778,-0.717422,15.697175,139.853363,4.805494,0.061825,0.937871,0.210885,0.26852,-8.664014,85.644096,11.090426,0.072599,0.992987,-0.054737,0.075566,-8.762371,52.902721,-4.44901,-0.055104,0.970499,0.046539,0.230063,-16.013695,6.124535,0.199645,-0.079973,0.933203,-0.118375,0.329734,7.710539,86.421257,20.211721,0.003441,0.87653,-0.186563,0.443709,10.290873,51.658558,30.130287,-0.034314,0.872241,0.018476,0.48752,2.129158,7.406127,45.541286,-0.055104,0.970499,0.046539,0.230063,-9.020295,1.718739,-12.715978,-0.034314,0.872241,0.018476,0.48752,14.552084,2.251975,38.17667
959,7.991667,-0.027999,0.967379,0.02553,0.250485,-0.475047,86.030876,15.649137,-0.037674,0.984046,0.109353,0.135187,-0.990077,93.700287,15.921172,-0.038676,0.989734,0.096628,0.09795,-3.202041,114.457382,20.293903,0.042389,0.997599,0.017416,0.051921,-5.202875,134.957535,24.143076,0.08727,0.978006,-0.189301,-0.007325,-3.802452,149.492203,22.847555,-0.021633,0.928655,0.140413,0.34266,-8.605397,129.035217,22.95369,0.290062,-0.609924,-0.016044,-0.737292,-21.969608,130.01535,11.718206,0.065284,0.190846,-0.475833,-0.856095,-15.626088,121.816895,-10.845336,0.202299,0.310975,-0.547651,-0.749965,-2.953032,144.249741,-3.774822,-0.035075,0.990181,0.115064,0.071212,-1.325592,129.464264,24.452824,0.307208,0.865074,0.151854,-0.366347,15.941125,130.392349,27.060101,-0.04701,0.121388,0.453488,-0.881705,29.41991,119.957138,9.004717,-0.042014,-0.18695,0.669587,-0.717591,15.70261,139.851288,4.800104,0.061836,0.937896,0.210911,0.268411,-8.663178,85.642723,11.089986,0.072561,0.992962,-0.054797,0.07589,-8.763552,52.902233,-4.451303,-0.055022,0.970512,0.046556,0.230026,-16.013277,6.124154,0.200906,-0.080034,0.933235,-0.118366,0.329632,7.713083,86.419029,20.208286,0.003545,0.876561,-0.186627,0.443621,10.298788,51.656879,30.127377,-0.0343,0.872221,0.018443,0.487559,2.127294,7.406792,45.539932,-0.055022,0.970512,0.046556,0.230026,-9.021652,1.718163,-12.71561,-0.0343,0.872221,0.018443,0.487559,14.550579,2.251603,38.176643
960,8.0,-0.027984,0.967404,0.025536,0.250389,-0.473033,86.031662,15.648974,-0.037654,0.984058,0.10933,0.135125,-0.987832,93.70108,15.921206,-0.038586,0.98974,0.096663,0.097888,-3.198552,114.458763,20.293301,0.042456,0.9976,0.017495,0.051817,-5.19556,134.958923,24.144447,0.087374,0.978,-0.18928,-0.007471,-3.793641,149.493652,22.851143,-0.021565,0.928715,0.140337,0.342534,-8.599198,129.037247,22.955063,0.289924,-0.610011,-0.016055,-0.737274,-21.966541,130.018005,11.723361,0.065253,0.190778,-0.475734,-0.856168,-15.628282,121.82283,-10.842854,0.202315,0.310994,-0.54755,-0.750027,-2.949241,144.251648,-3.773868,-0.035069,0.990186,0.115136,0.071037,-1.319109,129.464996,24.453186,0.307265,0.86506,0.151851,-0.366334,15.948494,130.393417,27.054491,-0.046994,0.121295,0.453515,-0.881705,29.426062,119.955826,8.99956,-0.041875,-0.186846,0.66967,-0.717549,15.708619,139.851196,4.798615,0.061835,0.937913,0.210934,0.268332,-8.662081,85.643753,11.09145,0.072562,0.992989,-0.054763,0.07556,-8.763203,52.903961,-4.451299,-0.055137,0.97052,0.046495,0.229975,-16.011251,6.125551,0.200197,-0.079993,0.933216,-0.118302,0.329717,7.716015,86.419571,20.206499,0.003456,0.876461,-0.18671,0.443783,10.299701,51.655853,30.120621,-0.034163,0.87224,0.018523,0.487531,2.129304,7.408661,45.542049,-0.055137,0.97052,0.046495,0.229975,-9.01985,1.71867,-12.716134,-0.034163,0.87224,0.018523,0.487531,14.551178,2.25348,38.17638
961,8.008333,-0.027964,0.967438,0.025518,0.250262,-0.469593,86.032089,15.648335,-0.037623,0.984071,0.109325,0.135042,-0.983992,93.701538,15.920445,-0.038571,0.989744,0.096694,0.09782,-3.193019,114.459251,20.292673,0.042514,0.997605,0.017502,0.051672,-5.189269,134.959229,24.145269,0.0876,0.977999,-0.18917,-0.007675,-3.786133,149.49382,22.852045,-0.021478,0.928751,0.140347,0.342437,-8.593137,129.037643,22.95603,0.28982,-0.610142,-0.016124,-0.737205,-21.962919,130.020859,11.727457,0.065454,0.190842,-0.475727,-0.856142,-15.632725,121.82946,-10.842383,0.202951,0.311272,-0.547034,-0.750117,-2.955247,144.25853,-3.776122,-0.034872,0.990222,0.114963,0.070906,-1.312833,129.46524,24.453146,0.307217,0.865032,0.15204,-0.366363,15.955898,130.387848,27.048986,-0.047012,0.121212,0.453455,-0.881746,29.433846,119.956398,8.990801,-0.041991,-0.186914,0.669754,-0.717447,15.712774,139.84993,4.793461,0.06186,0.937938,0.210923,0.268247,-8.659853,85.644379,11.092975,0.072545,0.992994,-0.054742,0.075516,-8.764323,52.904488,-4.449539,-0.05529,0.970515,0.046465,0.229965,-16.010368,6.125614,0.200408,-0.079985,0.93324,-0.118291,0.329654,7.720665,86.419792,20.203695,0.003483,0.87648,-0.186774,0.443718,10.304748,51.6558,30.116739,-0.0342,0.872245,0.01846,0.487522,2.130484,7.410902,45.542698,-0.05529,0.970515,0.046465,0.229965,-9.017724,1.719052,-12.715361,-0.0342,0.872245,0.01846,0.487522,14.552262,2.254689,38.177601
962,8.016667,-0.027945,0.967466,0.025481,0.25016,-0.467732,86.032944,15.647375,-0.037584,0.984082,0.109329,0.134972,-0.98168,93.702438,15.919055,-0.038511,0.989749,0.096738,0.097757,-3.188808,114.460518,20.291897,0.042956,0.997586,0.017644,0.051627,-5.182517,134.960312,24.146667,0.087428,0.978007,-0.189202,-0.007874,-3.766888,149.494125,22.858149,-0.021479,0.928766,0.140367,0.342388,-8.58713,129.039185,22.957361,0.289562,-0.610293,-0.016101,-0.737182,-21.958075,130.022354,11.730166,0.065269,0.190719,-0.475611,-0.856248,-15.636971,121.835747,-10.843966,0.202849,0.311181,-0.546906,-0.750275,-2.950555,144.260834,-3.776845,-0.034786,0.990234,0.114937,0.070822,-1.306573,129.465927,24.453491,0.307234,0.865012,0.151975,-0.366423,15.962789,130.385971,27.046078,-0.047053,0.121235,0.453492,-0.881722,29.43803,119.953369,8.986539,-0.041995,-0.186795,0.669791,-0.717443,15.718901,139.848175,4.789357,0.061851,0.937974,0.210894,0.268148,-8.65897,85.645332,11.093763,0.072535,0.993016,-0.054695,0.075272,-8.765038,52.904465,-4.446676,-0.055173,0.970531,0.046507,0.22992,-16.008646,6.124959,0.200711,-0.079972,0.933263,-0.118245,0.32961,7.723505,86.420555,20.200989,0.003487,0.876427,-0.186846,0.443793,10.308339,51.655602,30.110491,-0.034232,0.87223,0.018363,0.487551,2.129452,7.413277,45.541374,-0.055173,0.970531,0.046507,0.22992,-9.018304,1.718637,-12.716384,-0.034232,0.87223,0.018363,0.487551,14.551571,2.255111,38.178211
963,8.025,-0.027884,0.967491,0.025412,0.250077,-0.467636,86.032578,15.646407,-0.037567,0.98409,0.109363,0.134888,-0.980397,93.702171,15.917347,-0.038424,0.989763,0.09672,0.097666,-3.186703,114.460663,20.292051,0.04293,0.997592,0.0176,0.051555,-5.176397,134.960876,24.146654,0.087597,0.978006,-0.189127,-0.007879,-3.761696,149.494644,22.856699,-0.021374,0.928789,0.140311,0.342354,-8.582187,129.040268,22.958181,0.289488,-0.6104,-0.016051,-0.737124,-21.954123,130.026001,11.732382,0.065213,0.190609,-0.475519,-0.856328,-15.639411,121.838211,-10.843121,0.202715,0.311128,-0.546827,-0.750391,-2.945881,144.260452,-3.778336,-0.034765,0.990244,0.114948,0.070675,-1.301264,129.465897,24.452862,0.307329,0.864993,0.151876,-0.366427,15.968884,130.385773,27.0403,-0.046927,0.121202,0.453552,-0.881702,29.441088,119.947609,8.981697,-0.041898,-0.186943,0.669882,-0.717325,15.724442,139.843506,4.783444,0.061825,0.937998,0.210887,0.268075,-8.659719,85.645691,11.094251,0.07254,0.993012,-0.054672,0.075343,-8.765407,52.904366,-4.445251,-0.055174,0.970532,0.046433,0.22993,-16.009712,6.124696,0.199357,-0.079996,0.93335,-0.118219,0.329366,7.724447,86.419456,20.198563,0.003552,0.876473,-0.186911,0.443674,10.31409,51.654331,30.106207,-0.034237,0.872249,0.018209,0.487522,2.129065,7.414356,45.540596,-0.055174,0.970532,0.046433,0.22993,-9.019176,1.716269,-12.716918,-0.034237,0.872249,0.018209,0.487522,14.550024,2.252399,38.178123
964,8.033333,-0.027841,0.967513,0.025355,0.250002,-0.467392,86.031708,15.64463,-0.037517,0.984105,0.109378,0.13478,-0.979264,93.701393,15.914922,-0.038409,0.989775,0.096715,0.097551,-3.183071,114.459923,20.290756,0.042934,0.997597,0.017528,0.051477,-5.171675,134.960236,24.14546,0.087796,0.978006,-0.189036,-0.007884,-3.756999,149.49382,22.853283,-0.021272,0.928785,0.140366,0.34235,-8.577795,129.039627,22.957888,0.289241,-0.610529,-0.01586,-0.737118,-21.949982,130.029297,11.732732,0.065041,0.190446,-0.475418,-0.856433,-15.642784,121.840118,-10.844362,0.202533,0.311075,-0.546825,-0.750463,-2.940176,144.259186,-3.780872,-0.03463,0.990251,0.115006,0.070555,-1.296521,129.465195,24.450863,0.307408,0.864951,0.15166,-0.36655,15.974541,130.380768,27.033716,-0.046999,0.121189,0.453692,-0.881628,29.439846,119.936836,8.973305,-0.041863,-0.186944,0.669954,-0.717259,15.72823,139.838974,4.777652,0.061816,0.938027,0.210855,0.268,-8.660223,85.645302,11.093781,0.072467,0.993013,-0.054646,0.075418,-8.767194,52.902901,-4.443441,-0.055189,0.970572,0.046446,0.229755,-16.00477,6.121948,0.198792,-0.080017,0.933369,-0.118173,0.329324,7.725439,86.418121,20.19548,0.003591,0.876496,-0.186959,0.443608,10.318085,51.652466,30.100464,-0.034219,0.87224,0.01813,0.487542,2.129036,7.414201,45.537609,-0.055189,0.970572,0.046446,0.229755,-9.01865,1.713803,-12.719967,-0.034219,0.87224,0.01813,0.487542,14.549791,2.250023,38.176353
965,8.041667,-0.027824,0.967539,0.025358,0.249902,-0.465555,86.030235,15.641695,-0.037492,0.98411,0.109414,0.134724,-0.977153,93.699936,15.912149,-0.038335,0.989784,0.096699,0.097506,-3.180149,114.460884,20.290314,0.042951,0.997597,0.01759,0.051449,-5.165449,134.961563,24.144754,0.087952,0.97799,-0.189047,-0.007879,-3.750452,149.495285,22.854361,-0.021083,0.928821,0.140397,0.34225,-8.572531,129.041412,22.957664,0.289288,-0.610612,-0.015854,-0.73703,-21.947376,130.037079,11.736214,0.064856,0.190233,-0.475204,-0.856613,-15.645263,121.844986,-10.841242,0.201935,0.310521,-0.547122,-0.750638,-2.927211,144.256592,-3.780115,-0.034634,0.990264,0.114941,0.07047,-1.291045,129.466003,24.449884,0.307505,0.864942,0.151411,-0.366595,15.980426,130.382233,27.029749,-0.046903,0.121206,0.453825,-0.881563,29.44116,119.930092,8.970687,-0.041703,-0.187146,0.670006,-0.717168,15.735986,139.835464,4.772983,0.061805,0.938078,0.210818,0.267855,-8.659337,85.644104,11.092536,0.072493,0.993046,-0.054579,0.07501,-8.768719,52.900486,-4.442117,-0.055135,0.970564,0.046496,0.229792,-16.006413,6.119195,0.196534,-0.079958,0.933421,-0.118211,0.329179,7.728226,86.416374,20.190855,0.003588,0.876523,-0.186972,0.443548,10.317508,51.650692,30.096615,-0.034393,0.872248,0.017978,0.487522,2.129122,7.412913,45.535515,-0.055135,0.970564,0.046496,0.229792,-9.019836,1.712093,-12.722334,-0.034393,0.872248,0.017978,0.487522,14.550498,2.247457,38.176212
966,8.05,-0.027746,0.967559,0.025303,0.249838,-0.463958,86.03125,15.641191,-0.037308,0.984131,0.109441,0.134603,-0.974176,93.70105,15.911158,-0.038491,0.989792,0.096664,0.097402,-3.168766,114.459358,20.29118,0.043151,0.99759,0.017656,0.051385,-5.159962,134.959824,24.143723,0.08794,0.978006,-0.188964,-0.00799,-3.739462,149.493179,22.855463,-0.020959,0.928836,0.140365,0.342232,-8.565354,129.038437,22.95788,0.288956,-0.610795,-0.015707,-0.737012,-21.940821,130.037643,11.737481,0.064866,0.190138,-0.475213,-0.856629,-15.649554,121.847641,-10.84376,0.202408,0.310752,-0.54671,-0.750715,-2.930178,144.259598,-3.787213,-0.034552,0.99029,0.114791,0.070398,-1.283742,129.46553,24.448774,0.307571,0.864904,0.151408,-0.366629,15.988287,130.379593,27.025684,-0.046932,0.121241,0.453885,-0.881525,29.445738,119.925392,8.965371,-0.041811,-0.187099,0.66998,-0.717198,15.743947,139.832428,4.767189,0.0618,0.938115,0.210797,0.267742,-8.658422,85.64621,11.093166,0.072486,0.993063,-0.054522,0.074823,-8.769814,52.901901,-4.440003,-0.055096,0.970572,0.046456,0.229774,-16.005594,6.119919,0.194677,-0.079934,0.933464,-0.118188,0.32907,7.730506,86.416283,20.189217,0.003578,0.876483,-0.187024,0.443607,10.319889,51.649902,30.092537,-0.034256,0.872247,0.018006,0.487533,2.129155,7.413965,45.535477,-0.055096,0.970572,0.046456,0.229774,-9.019917,1.711346,-12.724177,-0.034256,0.872247,0.018006,0.487533,14.54953,2.247225,38.175373
967,8.058333,-0.0277,0.967581,0.02528,0.24976,-0.46271,86.032593,15.639822,-0.037266,0.984142,0.109426,0.134545,-0.972132,93.702454,15.909667,-0.03844,0.989796,0.096696,0.097346,-3.16454,114.460396,20.289331,0.043237,0.997586,0.01764,0.051395,-5.153545,134.96077,24.143517,0.08797,0.978007,-0.188945,-0.007928,-3.730486,149.493851,22.854939,-0.020787,0.92886,0.140378,0.34217,-8.55958,129.039749,22.957695,0.28898,-0.610912,-0.015698,-0.736906,-21.936789,130.044403,11.739854,0.064946,0.190037,-0.475099,-0.856708,-15.652582,121.851563,-10.842332,0.202455,0.310646,-0.54661,-0.750819,-2.925703,144.260223,-3.791434,-0.03447,0.990307,0.1147,0.070346,-1.277746,129.466125,24.447716,0.307492,0.864937,0.151061,-0.366759,15.994731,130.377823,27.022453,-0.047073,0.121288,0.453917,-0.881494,29.44985,119.92115,8.961823,-0.041737,-0.187068,0.670062,-0.717134,15.749724,139.830322,4.764904,0.061816,0.938134,0.210741,0.267714,-8.657951,85.648239,11.09314,0.072425,0.993045,-0.054517,0.075129,-8.772001,52.902382,-4.436748,-0.055159,0.97058,0.046449,0.229725,-16.003429,6.119514,0.195694,-0.079921,0.933495,-0.11821,0.328977,7.732532,86.416946,20.186504,0.003629,0.876611,-0.18707,0.443334,10.321452,51.650799,30.090744,-0.034221,0.872287,0.017973,0.487465,2.129308,7.416513,45.537659,-0.055159,0.97058,0.046449,0.229725,-9.018397,1.711188,-12.723594,-0.034221,0.872287,0.017973,0.487465,14.548047,2.248392,38.175766
968,8.066667,-0.027727,0.967604,0.025372,0.249661,-0.458459,86.032776,15.63645,-0.037245,0.984158,0.109435,0.134428,-0.968606,93.702545,15.907619,-0.038385,0.989809,0.096718,0.097218,-3.15979,114.461601,20.288271,0.043311,0.997584,0.017648,0.051363,-5.146087,134.96196,24.143845,0.087998,0.978004,-0.188951,-0.007876,-3.72099,149.494858,22.855537,-0.020652,0.928837,0.140416,0.342226,-8.552922,129.04129,22.958687,0.288837,-0.611103,-0.015546,-0.736807,-21.928988,130.051071,11.739948,0.064812,0.189893,-0.475024,-0.856792,-15.656182,121.854149,-10.843912,0.202348,0.310547,-0.546548,-0.750933,-2.922514,144.259644,-3.795031,-0.034434,0.9903,0.114792,0.07031,-1.270656,129.466995,24.446774,0.307518,0.864925,0.150879,-0.366841,16.002087,130.377335,27.020205,-0.047063,0.121287,0.453962,-0.881472,29.453453,119.917046,8.958873,-0.04167,-0.187104,0.670113,-0.717081,15.755451,139.827438,4.762057,0.061853,0.938155,0.210713,0.267657,-8.654602,85.648308,11.091405,0.072419,0.993071,-0.054494,0.074809,-8.772695,52.901924,-4.437332,-0.055023,0.970593,0.046454,0.229702,-16.001934,6.118739,0.195372,-0.079876,0.933498,-0.118258,0.328963,7.737684,86.417244,20.181496,0.003634,0.876615,-0.187105,0.44331,10.322614,51.651405,30.087849,-0.034172,0.872269,0.017921,0.487502,2.129044,7.418388,45.537628,-0.055023,0.970593,0.046454,0.229702,-9.018879,1.709477,-12.724664,-0.034172,0.872269,0.017921,0.487502,14.54769,2.248279,38.176983
969,8.075,-0.027648,0.967614,0.025321,0.249634,-0.459771,86.03096,15.635284,-0.037207,0.984169,0.109422,0.134364,-0.968545,93.700829,15.906011,-0.038236,0.989822,0.096736,0.097126,-3.157864,114.461006,20.286674,0.043236,0.997592,0.017524,0.051321,-5.137695,134.9617,24.143822,0.088082,0.978013,-0.188868,-0.007798,-3.714739,149.494476,22.851728,-0.020626,0.92889,0.140322,0.342122,-8.546413,129.042023,22.959064,0.288722,-0.611206,-0.015524,-0.736767,-21.924997,130.050964,11.743255,0.064753,0.189715,-0.474978,-0.856861,-15.658368,121.855255,-10.842766,0.202342,0.310399,-0.546544,-0.750999,-2.918826,144.259232,-3.79967,-0.034401,0.990311,0.114753,0.070237,-1.263709,129.465652,24.445612,0.307564,0.864898,0.150834,-0.366886,16.00947,130.375259,27.016363,-0.047006,0.121275,0.453988,-0.881463,29.45779,119.91291,8.953961,-0.041637,-0.187116,0.670085,-0.717105,15.760999,139.823547,4.756557,0.061868,0.938143,0.210716,0.267691,-8.656252,85.647667,11.090748,0.072376,0.993055,-0.05452,0.075046,-8.774705,52.901501,-4.438458,-0.055262,0.970595,0.046399,0.229651,-16.001207,6.11799,0.195228,-0.07987,0.933527,-0.118234,0.32889,7.736709,86.414253,20.179821,0.003594,0.876589,-0.187131,0.443353,10.322584,51.647938,30.08427,-0.034199,0.872303,0.017919,0.487438,2.130505,7.41581,45.537403,-0.055262,0.970595,0.046399,0.229651,-9.017125,1.708932,-12.724323,-0.034199,0.872303,0.017919,0.487438,14.548334,2.24601,38.175159
970,8.083333,-0.027605,0.967633,0.02528,0.249569,-0.458214,86.030472,15.634545,-0.037177,0.984174,0.109461,0.134303,-0.966177,93.700409,15.904866,-0.038174,0.989835,0.096684,0.097067,-3.154211,114.460327,20.287472,0.043432,0.997585,0.017696,0.051233,-5.131072,134.961639,24.14286,0.088129,0.978002,-0.188893,-0.007983,-3.702933,149.49437,22.855919,-0.020591,0.928906,0.14031,0.342085,-8.540656,129.042252,22.959118,0.288677,-0.61134,-0.015509,-0.736674,-21.920179,130.052002,11.744503,0.06472,0.189567,-0.474888,-0.856946,-15.661705,121.855103,-10.843344,0.202269,0.31027,-0.546528,-0.751084,-2.914403,144.256668,-3.804918,-0.034324,0.990336,0.114579,0.070199,-1.257714,129.465149,24.444698,0.307594,0.864891,0.150622,-0.366964,16.015837,130.372696,27.013666,-0.046929,0.121299,0.453998,-0.881459,29.460377,119.905899,8.951041,-0.041558,-0.187098,0.670226,-0.716983,15.764053,139.816788,4.750884,0.061872,0.938157,0.210694,0.26766,-8.655348,85.64772,11.091146,0.0724,0.993093,-0.054431,0.074579,-8.775054,52.900921,-4.436712,-0.055315,0.970599,0.046353,0.22963,-16.000973,6.116817,0.191857,-0.07963,0.933462,-0.118122,0.329172,7.73892,86.413223,20.177946,0.003311,0.87635,-0.187171,0.44381,10.308414,51.642208,30.070147,-0.034321,0.872283,0.01779,0.487471,2.13014,7.411337,45.534168,-0.055315,0.970599,0.046353,0.22963,-9.016954,1.70684,-12.727408,-0.034321,0.872283,0.01779,0.487471,14.54908,2.240115,38.174801
971,8.091667,-0.027509,0.967656,0.025113,0.249507,-0.461309,86.027374,15.635377,-0.037057,0.984189,0.109457,0.134229,-0.967174,93.697525,15.903613,-0.038131,0.989846,0.096654,0.096995,-3.149898,114.458725,20.287083,0.043402,0.997589,0.017664,0.051189,-5.124588,134.960419,24.141554,0.088244,0.977998,-0.188863,-0.007966,-3.697434,149.493164,22.853577,-0.02048,0.928954,0.140199,0.342008,-8.534811,129.041245,22.958672,0.288585,-0.611456,-0.015461,-0.736615,-21.916346,130.052856,11.746613,0.064421,0.189295,-0.474727,-0.857118,-15.66479,121.855286,-10.842914,0.201631,0.309786,-0.546763,-0.751284,-2.903059,144.251144,-3.806642,-0.034296,0.99035,0.114501,0.070143,-1.25161,129.463654,24.443136,0.307665,0.864852,0.150529,-0.367034,16.022291,130.370636,27.009991,-0.046717,0.121155,0.454002,-0.881488,29.462143,119.900223,8.945953,-0.04134,-0.187237,0.670565,-0.716642,15.763836,139.810974,4.746986,0.061784,0.938173,0.210749,0.267581,-8.659126,85.645554,11.093124,0.072421,0.993111,-0.054397,0.074343,-8.773056,52.899647,-4.436661,-0.055196,0.970607,0.046308,0.229633,-15.999683,6.115484,0.190274,-0.079643,0.933512,-0.118045,0.329055,7.736508,86.409187,20.177629,0.003348,0.876431,-0.187243,0.443619,10.309991,51.637001,30.064678,-0.034428,0.872318,0.017671,0.487405,2.129031,7.408693,45.534637,-0.055196,0.970607,0.046308,0.229633,-9.016832,1.703307,-12.728879,-0.034428,0.872318,0.017671,0.487405,14.547322,2.235984,38.175213
972,8.1,-0.027442,0.967666,0.025004,0.249488,-0.461213,86.025688,15.635657,-0.037036,0.9842,0.10946,0.134154,-0.965663,93.695984,15.902543,-0.037994,0.989862,0.09666,0.096886,-3.147327,114.458313,20.286676,0.043334,0.997597,0.017616,0.051109,-5.115925,134.960403,24.142185,0.088311,0.977996,-0.188843,-0.007961,-3.690918,149.493195,22.852568,-0.020504,0.928987,0.140115,0.341951,-8.527925,129.042099,22.959984,0.288587,-0.61158,-0.015539,-0.736509,-21.910772,130.051605,11.749311,0.064377,0.189131,-0.474674,-0.857187,-15.666899,121.854996,-10.842685,0.201511,0.309618,-0.546649,-0.751469,-2.899621,144.248383,-3.812183,-0.034249,0.99036,0.114449,0.07011,-1.244254,129.462646,24.442665,0.307763,0.864791,0.150589,-0.367071,16.029913,130.368301,27.008167,-0.046614,0.121127,0.454038,-0.881479,29.465401,119.895996,8.941984,-0.041384,-0.187271,0.670573,-0.716623,15.768949,139.806625,4.742284,0.061811,0.93817,0.21074,0.26759,-8.659273,85.644569,11.093791,0.072384,0.993119,-0.054374,0.07429,-8.775063,52.89864,-4.435931,-0.055073,0.970625,0.046303,0.229587,-15.997821,6.113729,0.189451,-0.079613,0.933578,-0.118055,0.328871,7.736848,86.406815,20.177525,0.003395,0.876573,-0.187254,0.443334,10.310049,51.634468,30.064064,-0.034507,0.872353,0.017612,0.487338,2.129738,7.406583,45.535572,-0.055073,0.970625,0.046303,0.229587,-9.017408,1.700415,-12.73063,-0.034507,0.872353,0.017612,0.487338,14.547391,2.23352,38.17532
973,8.108333,-0.027415,0.967674,0.024998,0.24946,-0.4608,86.026611,15.634725,-0.036951,0.984209,0.109448,0.134118,-0.964825,93.69693,15.901627,-0.037965,0.989867,0.096647,0.096853,-3.142631,114.459274,20.28578,0.043435,0.997593,0.017664,0.051088,-5.109825,134.961563,24.140961,0.088313,0.977996,-0.188842,-0.008003,-3.682031,149.494217,22.852863,-0.020445,0.929013,0.140086,0.341896,-8.522232,129.043427,22.959143,0.28851,-0.611668,-0.015436,-0.736469,-21.906475,130.05423,11.750258,0.064348,0.189006,-0.47464,-0.857236,-15.667784,121.854912,-10.842182,0.201527,0.30951,-0.546707,-0.751467,-2.895968,144.247589,-3.815937,-0.034073,0.990361,0.114549,0.070019,-1.238434,129.463608,24.441286,0.307664,0.864806,0.150564,-0.367129,16.036598,130.363281,27.00304,-0.046434,0.120918,0.453921,-0.881577,29.473007,119.894958,8.935235,-0.041006,-0.187377,0.670904,-0.716308,15.76851,139.801682,4.739635,0.061785,0.938205,0.210703,0.267502,-8.659149,85.645912,11.093346,0.072394,0.993137,-0.054322,0.074075,-8.775393,52.898617,-4.433481,-0.055035,0.970632,0.046306,0.229564,-15.997728,6.113303,0.188489,-0.079566,0.933535,-0.118055,0.329005,7.737548,86.407303,20.176104,0.003298,0.87642,-0.187242,0.44364,10.306177,51.634399,30.061886,-0.034401,0.872339,0.017695,0.487368,2.129004,7.406044,45.53368,-0.055035,0.970632,0.046306,0.229564,-9.018314,1.69975,-12.732047,-0.034401,0.872339,0.017695,0.487368,14.546532,2.233534,38.172836
974,8.116667,-0.027378,0.96768,0.024979,0.249442,-0.460124,86.024765,15.633037,-0.036921,0.984222,0.109428,0.134052,-0.963514,93.695137,15.89982,-0.037852,0.989877,0.096689,0.096757,-3.139941,114.460205,20.283985,0.043356,0.997603,0.017554,0.050987,-5.102276,134.962509,24.141533,0.088411,0.977997,-0.188789,-0.008042,-3.676945,149.495102,22.849964,-0.020291,0.929062,0.139867,0.341861,-8.516102,129.045151,22.95989,0.288397,-0.611842,-0.015316,-0.736371,-21.901419,130.058121,11.75248,0.064572,0.188946,-0.474636,-0.857234,-15.673113,121.855286,-10.841551,0.202136,0.309769,-0.546335,-0.751467,-2.900732,144.248322,-3.824238,-0.03403,0.990368,0.114545,0.06994,-1.231898,129.463776,24.4405,0.307741,0.864771,0.15055,-0.367153,16.043625,130.362305,26.999355,-0.046402,0.120859,0.453995,-0.881549,29.476791,119.891151,8.930783,-0.040882,-0.18734,0.67085,-0.716375,15.774735,139.800262,4.737306,0.061753,0.938225,0.210704,0.267439,-8.658677,85.644653,11.091974,0.072417,0.993135,-0.054324,0.074079,-8.773775,52.897095,-4.434311,-0.054996,0.970623,0.046355,0.229603,-15.998257,6.112117,0.187681,-0.079615,0.933594,-0.118125,0.328802,7.738429,86.404877,20.174099,0.003409,0.876536,-0.18723,0.443417,10.310769,51.633751,30.065166,-0.034306,0.872313,0.017806,0.487418,2.128758,7.405022,45.53334,-0.054996,0.970623,0.046355,0.229603,-9.018153,1.699694,-12.732866,-0.034306,0.872313,0.017806,0.487418,14.546731,2.233923,38.172253
975,8.125,-0.027297,0.967701,0.024955,0.249375,-0.460993,86.025093,15.630785,-0.036871,0.984224,0.109474,0.134011,-0.963074,93.695541,15.897554,-0.037681,0.989896,0.096598,0.096716,-3.137667,114.462387,20.284435,0.043437,0.997598,0.017677,0.050988,-5.092403,134.965973,24.139074,0.088295,0.977989,-0.188883,-0.008036,-3.664883,149.498672,22.851204,-0.020278,0.929113,0.139863,0.341726,-8.508429,129.049622,22.958712,0.288458,-0.611949,-0.015312,-0.736259,-21.896978,130.062271,11.75514,0.06468,0.188851,-0.474558,-0.85729,-15.67516,121.855804,-10.839354,0.202264,0.309642,-0.546357,-0.751468,-2.896883,144.247528,-3.828296,-0.033878,0.990375,0.114549,0.069919,-1.223918,129.465912,24.438454,0.307726,0.86474,0.150564,-0.367234,16.052067,130.359238,26.995996,-0.046356,0.120782,0.453991,-0.881564,29.482752,119.890068,8.924432,-0.040829,-0.187438,0.670928,-0.716279,15.77982,139.798599,4.733243,0.061742,0.938213,0.210663,0.267519,-8.660259,85.646286,11.090903,0.072431,0.993142,-0.054282,0.074001,-8.774137,52.897369,-4.43252,-0.055145,0.970615,0.046299,0.229611,-15.999291,6.112149,0.186018,-0.079786,0.933794,-0.118335,0.328116,7.738274,86.4039,20.170666,0.003731,0.876961,-0.187224,0.442574,10.324239,51.63834,30.077744,-0.034396,0.872427,0.017615,0.487215,2.13051,7.409635,45.539795,-0.055145,0.970615,0.046299,0.229611,-9.017531,1.699303,-12.733492,-0.034396,0.872427,0.017615,0.487215,14.54503,2.234932,38.175419
976,8.133333,-0.027193,0.96772,0.02482,0.249324,-0.463685,86.023674,15.63181,-0.036802,0.984234,0.109458,0.133969,-0.963689,93.694321,15.896991,-0.037573,0.989908,0.096572,0.096671,-3.135131,114.461723,20.283743,0.043426,0.997603,0.017646,0.050896,-5.085093,134.965866,24.137833,0.08836,0.977984,-0.188876,-0.008145,-3.658137,149.498535,22.848883,-0.020272,0.929122,0.139794,0.341728,-8.502504,129.050201,22.958073,0.288364,-0.611978,-0.015216,-0.736273,-21.891008,130.062241,11.754389,0.064376,0.188624,-0.474476,-0.857409,-15.67083,121.854713,-10.840175,0.201663,0.309188,-0.546657,-0.751599,-2.88308,144.243073,-3.829942,-0.033923,0.990386,0.114466,0.069874,-1.21774,129.464996,24.436987,0.307775,0.864725,0.150354,-0.367313,16.058363,130.360291,26.993073,-0.046362,0.120821,0.454051,-0.881528,29.484636,119.885979,8.92121,-0.040868,-0.187512,0.670951,-0.716236,15.784849,139.796341,4.728841,0.061667,0.938206,0.210717,0.267516,-8.663527,85.646095,11.092869,0.072449,0.993137,-0.054286,0.074049,-8.771278,52.898163,-4.432686,-0.055102,0.970633,0.046223,0.229562,-15.998387,6.113234,0.185711,-0.079613,0.933718,-0.118207,0.328419,7.736158,86.40126,20.170752,0.003441,0.876697,-0.187252,0.443088,10.310403,51.631504,30.066145,-0.034361,0.872403,0.017737,0.487256,2.130672,7.403585,45.537846,-0.055102,0.970633,0.046223,0.229562,-9.018409,1.697851,-12.733891,-0.034361,0.872403,0.017737,0.487256,14.54612,2.231457,38.173225
977,8.141667,-0.027164,0.967722,0.02477,0.249324,-0.461779,86.023102,15.632215,-0.036807,0.984239,0.109439,0.133945,-0.961164,93.69381,15.896775,-0.037482,0.989918,0.096544,0.096628,-3.132635,114.461609,20.282833,0.043449,0.997606,0.017654,0.050832,-5.078567,134.966248,24.13624,0.088391,0.977972,-0.188917,-0.008226,-3.651165,149.498886,22.847456,-0.020305,0.929145,0.139864,0.341635,-8.497148,129.051147,22.957081,0.288361,-0.612027,-0.015209,-0.736234,-21.887833,130.062454,11.755934,0.064406,0.188509,-0.474417,-0.857464,-15.67059,121.854057,-10.839127,0.201649,0.309055,-0.546616,-0.751688,-2.877861,144.240433,-3.834315,-0.033878,0.990396,0.114421,0.069821,-1.212159,129.464722,24.435238,0.307885,0.864666,0.150565,-0.367274,16.064306,130.358795,26.989305,-0.046244,0.120763,0.454078,-0.881528,29.48867,119.884201,8.916174,-0.040912,-0.187508,0.671033,-0.716157,15.79005,139.793869,4.723933,0.061719,0.938209,0.210686,0.267518,-8.661654,85.645813,11.093303,0.072425,0.993147,-0.054245,0.073965,-8.773487,52.897381,-4.431183,-0.055154,0.970635,0.046208,0.229545,-15.997732,6.111705,0.184147,-0.079581,0.933684,-0.118125,0.328553,7.738097,86.400398,20.171127,0.003429,0.876693,-0.187302,0.443076,10.310808,51.628876,30.060736,-0.034443,0.872411,0.017625,0.48724,2.130167,7.402715,45.536976,-0.055154,0.970635,0.046208,0.229545,-9.017681,1.696268,-12.735404,-0.034443,0.872411,0.017625,0.48724,14.5456,2.228967,38.173466
978,8.15,-0.027103,0.967749,0.02466,0.249238,-0.462876,86.02243,15.632528,-0.036654,0.984256,0.109447,0.133856,-0.960897,93.693268,15.895727,-0.037501,0.989931,0.096477,0.096558,-3.125668,114.462006,20.283308,0.043412,0.997613,0.017655,0.050718,-5.071844,134.967133,24.13402,0.088504,0.977959,-0.188924,-0.008363,-3.645856,149.499893,22.845043,-0.020239,0.929187,0.139824,0.341544,-8.490363,129.051727,22.956169,0.288465,-0.612053,-0.015215,-0.736171,-21.883329,130.06424,11.757864,0.064508,0.188396,-0.474391,-0.857496,-15.667706,121.852455,-10.836406,0.20166,0.308923,-0.546642,-0.75172,-2.871393,144.239105,-3.838912,-0.033819,0.990402,0.114449,0.069719,-1.205193,129.46579,24.433294,0.30796,0.864635,0.150389,-0.367357,16.071909,130.35817,26.98362,-0.046308,0.120727,0.454166,-0.881484,29.490965,119.878281,8.909634,-0.040938,-0.187543,0.67112,-0.716065,15.794976,139.792435,4.720553,0.061633,0.938228,0.210715,0.267449,-8.663616,85.645691,11.095138,0.072489,0.993174,-0.054179,0.073596,-8.770203,52.897381,-4.429629,-0.055095,0.970627,0.046173,0.2296,-15.998223,6.111893,0.181712,-0.079498,0.933678,-0.118167,0.328575,7.737864,86.39917,20.169918,0.003338,0.876646,-0.187258,0.443188,10.303674,51.627396,30.06044,-0.034443,0.872403,0.017639,0.487253,2.130426,7.399633,45.53603,-0.055095,0.970627,0.046173,0.2296,-9.017384,1.695082,-12.736938,-0.034443,0.872403,0.017639,0.487253,14.546148,2.226243,38.172756
979,8.158333,-0.027073,0.967763,0.024666,0.249187,-0.461763,86.022827,15.632311,-0.036611,0.984264,0.109409,0.133841,-0.959357,93.693695,15.895741,-0.037434,0.989933,0.096484,0.096549,-3.122046,114.46315,20.282082,0.043498,0.997612,0.017665,0.05066,-5.065456,134.96843,24.133408,0.088527,0.977948,-0.188969,-0.00849,-3.637172,149.500992,22.844727,-0.020131,0.929221,0.139801,0.341467,-8.484776,129.053497,22.955503,0.288628,-0.612112,-0.015309,-0.736056,-21.879725,130.068832,11.759817,0.064667,0.188339,-0.474249,-0.857575,-15.667811,121.854607,-10.834584,0.201651,0.308773,-0.546594,-0.751819,-2.863324,144.237762,-3.842577,-0.033758,0.990406,0.114476,0.06965,-1.199505,129.466568,24.432413,0.308025,0.864595,0.1505,-0.367351,16.078079,130.357025,26.980156,-0.046324,0.120684,0.454226,-0.881458,29.495352,119.87693,8.904956,-0.040999,-0.187564,0.671142,-0.716036,15.801723,139.792816,4.718445,0.061653,0.938232,0.210664,0.267471,-8.663018,85.646622,11.095802,0.072444,0.99314,-0.054192,0.074082,-8.771641,52.896946,-4.426065,-0.054986,0.970648,0.046177,0.229534,-15.997854,6.110984,0.1833,-0.079516,0.933768,-0.118241,0.328289,7.739492,86.39904,20.168819,0.003445,0.876692,-0.18725,0.443099,10.307765,51.628738,30.063864,-0.034327,0.872375,0.017627,0.487313,2.127536,7.400751,45.535118,-0.054986,0.970648,0.046177,0.229534,-9.019822,1.693369,-12.736595,-0.034327,0.872375,0.017627,0.487313,14.543098,2.225425,38.172935
980,8.166667,-0.027009,0.967774,0.024636,0.249154,-0.465172,86.023453,15.631735,-0.036473,0.984276,0.109416,0.133782,-0.961686,93.694389,15.894982,-0.037371,0.989945,0.096452,0.096489,-3.11854,114.465622,20.282831,0.043629,0.997607,0.017628,0.050653,-5.058988,134.971359,24.133223,0.088498,0.977932,-0.189065,-0.008488,-3.626874,149.503464,22.843651,-0.020349,0.929017,0.140019,0.341917,-8.479169,129.056763,22.95611,0.288288,-0.612283,-0.015027,-0.736053,-21.863049,130.069962,11.747009,0.064344,0.188337,-0.474245,-0.857602,-15.66115,121.853279,-10.849253,0.201665,0.308649,-0.54653,-0.751912,-2.854605,144.236908,-3.847878,-0.033752,0.990391,0.114646,0.069592,-1.193659,129.469055,24.432043,0.308105,0.864565,0.150461,-0.367369,16.084217,130.3591,26.977921,-0.046197,0.120596,0.454371,-0.881402,29.498356,119.875427,8.902475,-0.040661,-0.187681,0.671301,-0.715876,15.810941,139.794235,4.717848,0.061637,0.938218,0.210647,0.267538,-8.6668,85.648247,11.095821,0.072443,0.993152,-0.05417,0.073938,-8.773529,52.897907,-4.424667,-0.055027,0.970648,0.046182,0.229526,-15.998829,6.111708,0.183682,-0.079519,0.933696,-0.118215,0.328504,7.736455,86.398659,20.167648,0.003319,0.876613,-0.187258,0.443253,10.30329,51.627956,30.061644,-0.03441,0.872427,0.017676,0.487212,2.130528,7.400173,45.537395,-0.055027,0.970648,0.046182,0.229526,-9.020609,1.694535,-12.736259,-0.03441,0.872427,0.017676,0.487212,14.545406,2.227194,38.172413
981,8.175,-0.02701,0.967789,0.024683,0.249091,-0.463768,86.026756,15.630383,-0.036442,0.98429,0.109363,0.133731,-0.960466,93.697655,15.894357,-0.037281,0.989949,0.096499,0.096429,-3.115198,114.466621,20.279724,0.043614,0.997613,0.017549,0.050569,-5.051854,134.97226,24.132528,0.088555,0.977922,-0.189084,-0.008565,-3.620346,149.504211,22.840513,-0.020292,0.929028,0.140009,0.341895,-8.473139,129.058334,22.955276,0.2883,-0.612336,-0.015016,-0.736005,-21.85762,130.073196,11.74704,0.064406,0.188285,-0.474171,-0.857649,-15.658871,121.854973,-10.849525,0.201742,0.308537,-0.546515,-0.751948,-2.847196,144.237488,-3.851151,-0.033653,0.990417,0.114503,0.06951,-1.187356,129.469315,24.430231,0.308092,0.864511,0.150661,-0.367424,16.091158,130.356644,26.972755,-0.045843,0.120132,0.454307,-0.881517,29.503691,119.87841,8.892961,-0.03998,-0.187833,0.671999,-0.715218,15.806227,139.796417,4.71912,0.061658,0.938229,0.210595,0.267532,-8.665983,85.651711,11.095517,0.072437,0.993165,-0.054131,0.073799,-8.77529,52.899979,-4.422013,-0.055027,0.970647,0.046207,0.229525,-15.99905,6.113282,0.183712,-0.07951,0.933684,-0.118242,0.328528,7.738447,86.401802,20.165247,0.003317,0.876632,-0.187279,0.443206,10.303741,51.631458,30.060896,-0.034345,0.872437,0.017628,0.4872,2.131083,7.404428,45.538879,-0.055027,0.970647,0.046207,0.229525,-9.020835,1.696806,-12.736474,-0.034345,0.872437,0.017628,0.4872,14.544913,2.229306,38.173634
982,8.183333,-0.027015,0.967807,0.024632,0.249026,-0.461923,86.029457,15.631728,-0.036371,0.984296,0.109333,0.133736,-0.958472,93.700394,15.894954,-0.037296,0.989947,0.096482,0.096467,-3.11007,114.469818,20.279446,0.043902,0.9976,0.017625,0.050569,-5.047426,134.975555,24.13139,0.088496,0.977906,-0.189191,-0.008724,-3.607669,149.506912,22.842003,-0.020153,0.929036,0.140031,0.341874,-8.468504,129.061523,22.954069,0.288341,-0.612344,-0.0149,-0.735984,-21.853695,130.081039,11.747103,0.064501,0.188215,-0.474085,-0.857705,-15.655309,121.857201,-10.847521,0.201734,0.308442,-0.546559,-0.751957,-2.838355,144.237,-3.854204,-0.033623,0.99041,0.114595,0.069462,-1.182845,129.472687,24.42959,0.308194,0.864494,0.150726,-0.367354,16.095972,130.358963,26.97043,-0.045722,0.12015,0.454388,-0.881479,29.507956,119.877266,8.892234,-0.039887,-0.187846,0.672044,-0.715178,15.814582,139.79686,4.71542,0.061659,0.938259,0.210589,0.267435,-8.664742,85.654053,11.097984,0.072418,0.993136,-0.054137,0.074203,-8.775871,52.902119,-4.419117,-0.055033,0.970648,0.046187,0.229525,-15.999824,6.115225,0.184328,-0.079545,0.933748,-0.118258,0.328332,7.740897,86.404869,20.16547,0.00347,0.876727,-0.187264,0.443023,10.310212,51.635204,30.062485,-0.034303,0.87237,0.017612,0.487323,2.128705,7.407725,45.534523,-0.055033,0.970648,0.046187,0.229525,-9.021556,1.698219,-12.735647,-0.034303,0.87237,0.017612,0.487323,14.544142,2.231682,38.172626
983,8.191667,-0.02692,0.967814,0.024635,0.249008,-0.465103,86.029854,15.629856,-0.036259,0.98431,0.109297,0.133693,-0.96025,93.700859,15.893509,-0.037173,0.989958,0.096476,0.096407,-3.106811,114.471733,20.277458,0.043885,0.997605,0.017642,0.050465,-5.038821,134.977905,24.129816,0.088534,0.977882,-0.189288,-0.008852,-3.599916,149.509384,22.840727,-0.020146,0.929082,0.139907,0.3418,-8.46145,129.064667,22.952948,0.28833,-0.612375,-0.014902,-0.735963,-21.848423,130.082535,11.747968,0.064588,0.188156,-0.474012,-0.857752,-15.651888,121.858643,-10.847141,0.201801,0.308457,-0.546509,-0.75197,-2.829939,144.237152,-3.857932,-0.03358,0.99042,0.114505,0.069486,-1.175484,129.474121,24.427423,0.308217,0.864496,0.15034,-0.367488,16.103313,130.359055,26.96884,-0.045734,0.120239,0.454469,-0.881424,29.509703,119.870354,8.890565,-0.0398,-0.187817,0.672191,-0.715052,15.82005,139.793915,4.71036,0.061661,0.938244,0.210528,0.267532,-8.668183,85.656174,11.096445,0.072385,0.993128,-0.054125,0.074348,-8.779091,52.902412,-4.4168,-0.054944,0.970651,0.046218,0.229525,-16.000465,6.114927,0.184704,-0.079514,0.933738,-0.118268,0.328365,7.737977,86.403534,20.163267,0.003335,0.876638,-0.18727,0.443198,10.304623,51.633675,30.060297,-0.034299,0.872421,0.017645,0.48723,2.130987,7.406309,45.536823,-0.054944,0.970651,0.046218,0.229525,-9.02306,1.698124,-12.735804,-0.034299,0.872421,0.017645,0.48723,14.544979,2.230977,38.172001
984,8.2,-0.026823,0.96783,0.024587,0.248959,-0.466206,86.032234,15.631238,-0.036222,0.984313,0.109323,0.133659,-0.959706,93.703369,15.894561,-0.037084,0.989975,0.096363,0.096377,-3.10516,114.478325,20.280777,0.043907,0.997607,0.017639,0.050419,-5.032903,134.985687,24.128918,0.088592,0.977849,-0.18943,-0.008915,-3.593481,149.51709,22.839693,-0.020102,0.929099,0.139593,0.341884,-8.456767,129.072876,22.953554,0.288195,-0.612403,-0.014665,-0.735997,-21.841795,130.088806,11.746067,0.0646,0.188112,-0.473974,-0.857782,-15.646632,121.85997,-10.847613,0.201939,0.308424,-0.546438,-0.751998,-2.821946,144.237183,-3.860366,-0.03338,0.99043,0.114512,0.069442,-1.170614,129.481216,24.427414,0.308297,0.864484,0.150255,-0.367483,16.108871,130.359375,26.966524,-0.045757,0.120386,0.454542,-0.881365,29.512972,119.865784,8.88938,-0.039906,-0.187653,0.672149,-0.715129,15.82893,139.790756,4.704058,0.061631,0.938266,0.210512,0.267477,-8.669842,85.660065,11.098705,0.07239,0.993158,-0.054042,0.074005,-8.779953,52.905548,-4.412937,-0.054958,0.970652,0.046146,0.229532,-15.999704,6.117293,0.183241,-0.079486,0.933749,-0.118265,0.328341,7.73743,86.404404,20.163771,0.003338,0.876668,-0.187251,0.443147,10.302536,51.634182,30.059874,-0.034362,0.872411,0.017589,0.487246,2.130333,7.406157,45.535248,-0.054958,0.970652,0.046146,0.229532,-9.02204,1.698562,-12.736471,-0.034362,0.872411,0.017589,0.487246,14.544934,2.230342,38.171791
985,8.208333,-0.026773,0.967851,0.024582,0.248884,-0.466393,86.033775,15.631874,-0.036207,0.984323,0.109282,0.133622,-0.959119,93.704948,15.895364,-0.036986,0.989985,0.096333,0.096342,-3.103481,114.479736,20.279902,0.043931,0.997608,0.017619,0.050372,-5.026907,134.98764,24.127275,0.088614,0.977833,-0.189497,-0.008972,-3.586902,149.518936,22.837418,-0.01992,0.929121,0.139332,0.341941,-8.452021,129.075439,22.952482,0.28816,-0.612455,-0.014542,-0.73597,-21.835938,130.094406,11.743953,0.064634,0.18811,-0.473887,-0.857828,-15.643748,121.861389,-10.84902,0.201984,0.308398,-0.54638,-0.752039,-2.814391,144.236542,-3.861857,-0.033273,0.990442,0.114461,0.069405,-1.165661,129.482452,24.425682,0.308375,0.864462,0.150198,-0.367491,16.114248,130.357193,26.963053,-0.045734,0.120453,0.454622,-0.881316,29.515663,119.859612,8.886236,-0.039896,-0.187553,0.672172,-0.715134,15.835589,139.787491,4.697846,0.061631,0.938281,0.210467,0.267458,-8.670775,85.662437,11.100628,0.072364,0.993147,-0.054021,0.074187,-8.782116,52.906548,-4.408102,-0.054999,0.970658,0.046153,0.229494,-16.000071,6.117713,0.184949,-0.079505,0.933732,-0.118231,0.328397,7.737988,86.405113,20.16312,0.003351,0.876678,-0.187302,0.443105,10.304623,51.634525,30.057573,-0.034325,0.872436,0.017574,0.487205,2.130014,7.408312,45.53685,-0.054999,0.970658,0.046153,0.229494,-9.022996,1.699454,-12.73524,-0.034325,0.872436,0.017574,0.487205,14.543491,2.23156,38.172161
986,8.216667,-0.026793,0.967871,0.024581,0.248806,-0.463664,86.036087,15.63335,-0.03612,0.984339,0.109252,0.13355,-0.956656,93.707237,15.896789,-0.037022,0.989994,0.096284,0.096285,-3.09673,114.481094,20.280441,0.044054,0.997606,0.017605,0.050313,-5.021261,134.989273,24.125755,0.088585,0.97783,-0.189523,-0.009085,-3.57788,149.520203,22.835571,-0.019809,0.929134,0.139282,0.341935,-8.446065,129.076691,22.951967,0.288111,-0.612502,-0.014464,-0.735951,-21.83029,130.098633,11.744065,0.064675,0.188063,-0.473826,-0.857868,-15.640862,121.863541,-10.848921,0.202081,0.308353,-0.546355,-0.752049,-2.807087,144.237915,-3.864089,-0.033192,0.990463,0.114295,0.069413,-1.15958,129.484406,24.424372,0.308394,0.864465,0.15028,-0.367435,16.120483,130.356735,26.96158,-0.045605,0.120476,0.454641,-0.88131,29.523384,119.85936,8.885736,-0.039702,-0.1875,0.672093,-0.715233,15.845005,139.786392,4.693739,0.061631,0.938341,0.210457,0.267256,-8.66876,85.664345,11.103421,0.072362,0.993142,-0.053982,0.074284,-8.783627,52.908134,-4.404621,-0.054958,0.970647,0.046139,0.229556,-16.001675,6.118885,0.184084,-0.07945,0.933704,-0.118261,0.328479,7.741431,86.407829,20.16328,0.003313,0.876614,-0.187287,0.443239,10.302742,51.637112,30.058653,-0.034272,0.872408,0.017587,0.487259,2.12955,7.410368,45.537151,-0.054958,0.970647,0.046139,0.229556,-9.023396,1.69998,-12.735239,-0.034272,0.872408,0.017587,0.487259,14.543494,2.233215,38.173519
987,8.225,-0.026842,0.967892,0.02466,0.24871,-0.462386,86.039894,15.632846,-0.036056,0.984351,0.109209,0.133515,-0.956382,93.710953,15.897324,-0.036982,0.989997,0.09628,0.096272,-3.09328,114.484192,20.279408,0.04411,0.997605,0.017583,0.050288,-5.01607,134.992538,24.124754,0.08858,0.977818,-0.189583,-0.009138,-3.571101,149.523254,22.833967,-0.019746,0.929137,0.139248,0.341942,-8.441379,129.080231,22.95109,0.288043,-0.61255,-0.014382,-0.735939,-21.825512,130.103867,11.743236,0.064729,0.188079,-0.473717,-0.857921,-15.638881,121.867165,-10.849929,0.202191,0.308362,-0.546257,-0.752087,-2.800047,144.23819,-3.864871,-0.033138,0.990468,0.114284,0.069382,-1.154812,129.487366,24.423248,0.308394,0.864486,0.1502,-0.367419,16.125526,130.357986,26.959154,-0.045558,0.120511,0.454633,-0.881312,29.529015,119.858727,8.884838,-0.039603,-0.187426,0.672174,-0.715182,15.850778,139.785187,4.690291,0.061639,0.938375,0.210412,0.267169,-8.668329,85.66758,11.104504,0.072351,0.99315,-0.053959,0.07421,-8.78613,52.910076,-4.400784,-0.05496,0.970653,0.046171,0.229523,-16.002602,6.120434,0.186406,-0.079441,0.933704,-0.118292,0.328472,7.743557,86.412209,20.161188,0.003313,0.87652,-0.187268,0.443433,10.303591,51.641918,30.058388,-0.034344,0.872352,0.017528,0.487356,2.127774,7.414484,45.533539,-0.05496,0.970653,0.046171,0.229523,-9.025137,1.70242,-12.733661,-0.034344,0.872352,0.017528,0.487356,14.543763,2.236958,38.173622
988,8.233333,-0.026809,0.967902,0.024624,0.248678,-0.463854,86.041115,15.636049,-0.035999,0.984368,0.109089,0.133503,-0.957212,93.712227,15.900127,-0.036907,0.990001,0.096287,0.096256,-3.091074,114.487747,20.277802,0.044213,0.9976,0.017529,0.050317,-5.010747,134.996262,24.1238,0.08851,0.977813,-0.189646,-0.009098,-3.562634,149.52655,22.831654,-0.019674,0.929114,0.139263,0.342003,-8.436954,129.084473,22.950136,0.288024,-0.612599,-0.014269,-0.735908,-21.819717,130.110916,11.74091,0.064772,0.188106,-0.473666,-0.85794,-15.635921,121.869934,-10.851457,0.202356,0.308257,-0.546135,-0.752175,-2.7949,144.239914,-3.865802,-0.033027,0.99047,0.114328,0.069339,-1.150263,129.490524,24.421961,0.308391,0.864497,0.15016,-0.367412,16.130539,130.357361,26.955982,-0.045557,0.12052,0.454631,-0.881312,29.534363,119.857315,8.882403,-0.039533,-0.187316,0.672248,-0.715145,15.855977,139.783936,4.687369,0.061653,0.938393,0.210426,0.267093,-8.670121,85.669205,11.108264,0.072311,0.993148,-0.053942,0.074293,-8.789804,52.912254,-4.398149,-0.054952,0.970646,0.04618,0.229553,-16.002815,6.121892,0.187111,-0.079437,0.933707,-0.118286,0.328464,7.742413,86.413025,20.163834,0.003304,0.876519,-0.187246,0.443443,10.302433,51.642597,30.060555,-0.034331,0.872334,0.017641,0.487384,2.128114,7.414377,45.534252,-0.054952,0.970646,0.04618,0.229553,-9.024641,1.704111,-12.732644,-0.034331,0.872334,0.017641,0.487384,14.544979,2.239507,38.173954
989,8.241667,-0.026854,0.967928,0.024705,0.248562,-0.46147,86.042572,15.633924,-0.035932,0.984379,0.109057,0.133465,-0.955776,93.713585,15.899092,-0.03689,0.990005,0.096256,0.09625,-3.086457,114.489433,20.275864,0.044283,0.997599,0.017499,0.050287,-5.005267,134.99826,24.120647,0.088531,0.977811,-0.189644,-0.009171,-3.555185,149.52829,22.827682,-0.01955,0.929115,0.139296,0.341993,-8.431725,129.086533,22.947395,0.287954,-0.612675,-0.014123,-0.735875,-21.814913,130.117355,11.739075,0.06505,0.188172,-0.473645,-0.857916,-15.635525,121.87207,-10.852935,0.202979,0.308554,-0.545697,-0.752203,-2.7953,144.242523,-3.87177,-0.032977,0.990473,0.114307,0.069356,-1.144994,129.492371,24.419086,0.308492,0.864519,0.150174,-0.367271,16.135839,130.357468,26.953489,-0.045993,0.121066,0.454766,-0.881144,29.541748,119.851921,8.884631,-0.040332,-0.186857,0.671295,-0.716115,15.87842,139.78064,4.677783,0.061702,0.938416,0.210418,0.267007,-8.668776,85.670158,11.10806,0.072299,0.993132,-0.053972,0.074484,-8.793356,52.913391,-4.398723,-0.0549,0.970628,0.046218,0.229631,-16.006252,6.123161,0.188099,-0.07945,0.933764,-0.118385,0.328266,7.745834,86.414986,20.159788,0.00336,0.876521,-0.187236,0.443444,10.306375,51.646412,30.062878,-0.034416,0.872328,0.017527,0.487393,2.127693,7.417888,45.533398,-0.0549,0.970628,0.046218,0.229631,-9.026534,1.706142,-12.731087,-0.034416,0.872328,0.017527,0.487393,14.545006,2.24143,38.174965
990,8.25,-0.026802,0.967947,0.024681,0.248498,-0.461831,86.044563,15.63509,-0.035912,0.984387,0.10899,0.133469,-0.955254,93.715637,15.900138,-0.036786,0.990013,0.096196,0.096265,-3.084695,114.491699,20.274137,0.044272,0.997601,0.017504,0.050259,-4.999023,135.001328,24.11688,0.088598,0.977791,-0.189709,-0.009226,-3.549358,149.531387,22.823997,-0.019566,0.92915,0.139122,0.34197,-8.426773,129.09024,22.944162,0.287951,-0.612679,-0.014197,-0.735871,-21.81048,130.118317,11.7362,0.064823,0.188083,-0.473489,-0.858039,-15.631464,121.875763,-10.856907,0.202445,0.308099,-0.545898,-0.752388,-2.78082,144.24086,-3.871886,-0.032905,0.990476,0.114299,0.069364,-1.139971,129.494629,24.415909,0.30857,0.864508,0.150062,-0.367276,16.141001,130.357193,26.950274,-0.045938,0.121089,0.454806,-0.881123,29.544317,119.846466,8.882504,-0.040281,-0.186789,0.671358,-0.716077,15.882538,139.776962,4.673486,0.06161,0.938488,0.210466,0.266735,-8.669797,85.672935,11.110353,0.072314,0.993124,-0.053979,0.074583,-8.79172,52.916836,-4.397854,-0.05509,0.970627,0.046144,0.229607,-16.00658,6.126884,0.188782,-0.079379,0.933732,-0.118354,0.328384,7.746135,86.416183,20.159826,0.003287,0.876491,-0.187247,0.443499,10.301437,51.646267,30.059546,-0.034315,0.872311,0.017623,0.487427,2.12751,7.418057,45.533474,-0.05509,0.970627,0.046144,0.229607,-9.025613,1.709208,-12.72951,-0.034315,0.872311,0.017623,0.487427,14.544864,2.242539,38.174446
991,8.258333,-0.026797,0.967969,0.024637,0.248416,-0.46214,86.045357,15.636833,-0.035832,0.984402,0.108945,0.133415,-0.955297,93.716469,15.901277,-0.036758,0.990024,0.096137,0.096226,-3.080939,114.493309,20.274002,0.044456,0.997593,0.017455,0.050277,-4.993712,135.003494,24.114527,0.088479,0.977787,-0.189785,-0.009228,-3.538564,149.532913,22.820503,-0.019466,0.929142,0.139163,0.341979,-8.421914,129.092484,22.942766,0.287934,-0.61274,-0.014087,-0.735829,-21.805542,130.124374,11.735069,0.064874,0.188008,-0.473414,-0.858093,-15.630086,121.877419,-10.857402,0.202454,0.308067,-0.545816,-0.752457,-2.77431,144.240387,-3.87644,-0.032843,0.990484,0.1143,0.06927,-1.134971,129.496597,24.413883,0.308636,0.864522,0.150036,-0.367199,16.146589,130.357422,26.944775,-0.045874,0.121101,0.454778,-0.88114,29.550671,119.842575,8.879972,-0.040287,-0.186711,0.671343,-0.71611,15.887527,139.772156,4.668736,0.061631,0.938481,0.210479,0.266748,-8.670866,85.673561,11.113496,0.072294,0.993117,-0.053965,0.074693,-8.79369,52.91803,-4.395905,-0.055028,0.970635,0.046137,0.229589,-16.007114,6.127665,0.188744,-0.079534,0.933971,-0.118496,0.327614,7.746588,86.417145,20.16017,0.003625,0.876845,-0.187232,0.442802,10.316946,51.651428,30.070776,-0.034299,0.87235,0.017502,0.487363,2.12774,7.422936,45.535816,-0.055028,0.970635,0.046137,0.229589,-9.027258,1.709297,-12.729907,-0.034299,0.87235,0.017502,0.487363,14.543305,2.244123,38.176094
992,8.266667,-0.026779,0.967977,0.024709,0.248382,-0.461649,86.04583,15.636608,-0.035786,0.984415,0.108845,0.133418,-0.954809,93.716904,15.902209,-0.036649,0.990022,0.096194,0.096224,-3.078061,114.495705,20.271248,0.044465,0.997596,0.01732,0.05026,-4.986525,135.005768,24.114576,0.088486,0.977779,-0.189826,-0.009241,-3.530991,149.53479,22.816601,-0.019446,0.929145,0.139135,0.341985,-8.415972,129.095612,22.942123,0.287789,-0.612811,-0.013918,-0.73583,-21.799488,130.127838,11.734321,0.064847,0.187891,-0.473375,-0.858142,-15.628094,121.878113,-10.858252,0.202553,0.307949,-0.54577,-0.752513,-2.767838,144.240067,-3.881238,-0.032833,0.990491,0.11429,0.06919,-1.128902,129.498047,24.413084,0.308669,0.864543,0.149765,-0.367233,16.153069,130.358871,26.941172,-0.045892,0.121168,0.454801,-0.881118,29.554909,119.837654,8.878425,-0.040234,-0.186607,0.671337,-0.716146,15.893158,139.768631,4.664734,0.061624,0.93851,0.210449,0.266668,-8.670712,85.674683,11.113828,0.072293,0.993119,-0.053934,0.07469,-8.795012,52.918182,-4.393529,-0.054916,0.970614,0.046198,0.229692,-16.008091,6.127482,0.18818,-0.079409,0.933819,-0.118383,0.328118,7.747413,86.416985,20.159388,0.003358,0.876588,-0.187272,0.443296,10.306783,51.647896,30.060989,-0.034361,0.872348,0.017625,0.487358,2.129392,7.42063,45.535797,-0.054916,0.970614,0.046198,0.229692,-9.026619,1.710119,-12.729942,-0.034361,0.872348,0.017625,0.487358,14.546034,2.245771,38.17511
993,8.275,-0.026829,0.967994,0.024681,0.248312,-0.459477,86.048492,15.638927,-0.035686,0.984434,0.108754,0.133372,-0.953253,93.719543,15.903955,-0.036627,0.990028,0.096181,0.096192,-3.071544,114.499031,20.269796,0.044443,0.9976,0.017182,0.050239,-4.978945,135.009262,24.11274,0.088519,0.977769,-0.189863,-0.009228,-3.523952,149.537979,22.810673,-0.019439,0.929173,0.139024,0.341953,-8.408701,129.099213,22.940672,0.287738,-0.612911,-0.013844,-0.735768,-21.792976,130.130142,11.733663,0.065142,0.187889,-0.473397,-0.858108,-15.627584,121.8778,-10.859583,0.203268,0.308173,-0.545403,-0.752494,-2.768937,144.241913,-3.890821,-0.032729,0.990505,0.11422,0.06916,-1.121518,129.501389,24.411121,0.308648,0.864584,0.149563,-0.367235,16.160833,130.358917,26.937712,-0.045856,0.121185,0.454774,-0.881131,29.563231,119.834244,8.877391,-0.04005,-0.186525,0.671338,-0.716177,15.899688,139.765305,4.66181,0.061619,0.938536,0.210464,0.266567,-8.669139,85.676262,11.117328,0.072299,0.993112,-0.053923,0.074797,-8.794423,52.920185,-4.390898,-0.05499,0.97061,0.046188,0.229694,-16.008469,6.129458,0.188987,-0.079368,0.933825,-0.118396,0.328108,7.750184,86.420723,20.160526,0.003324,0.876514,-0.187259,0.443449,10.30661,51.651394,30.062035,-0.034396,0.872325,0.01764,0.487397,2.129954,7.423657,45.53587,-0.05499,0.97061,0.046188,0.229694,-9.026196,1.712377,-12.728791,-0.034396,0.872325,0.01764,0.487397,14.547655,2.249714,38.176334
994,8.283333,-0.026806,0.96801,0.024735,0.248246,-0.460342,86.050255,15.638104,-0.035574,0.984446,0.108699,0.133362,-0.953963,93.721283,15.904058,-0.036606,0.990029,0.096165,0.096205,-3.06705,114.500282,20.268042,0.044542,0.997596,0.017117,0.050255,-4.973563,135.010712,24.110373,0.088525,0.977757,-0.189921,-0.009241,-3.515565,149.538971,22.806574,-0.019361,0.929187,0.138994,0.341932,-8.403576,129.1008,22.938387,0.287744,-0.61296,-0.013762,-0.735727,-21.788486,130.133804,11.732319,0.065216,0.18778,-0.473356,-0.858149,-15.625935,121.877525,-10.860278,0.203377,0.308021,-0.545417,-0.752516,-2.762759,144.241745,-3.897666,-0.032677,0.990514,0.114169,0.069139,-1.116404,129.50267,24.408997,0.308711,0.864596,0.149571,-0.367153,16.166172,130.358597,26.934624,-0.045742,0.121236,0.454781,-0.881126,29.569679,119.830612,8.87705,-0.039961,-0.186451,0.671281,-0.716255,15.907328,139.760956,4.656865,0.061588,0.938556,0.210403,0.266552,-8.67065,85.678658,11.117618,0.07228,0.993104,-0.053905,0.07493,-8.795361,52.920437,-4.3861,-0.055066,0.970601,0.046241,0.229704,-16.008099,6.129256,0.191233,-0.079586,0.933912,-0.118531,0.327757,7.749965,86.421852,20.15859,0.003601,0.876699,-0.187221,0.443096,10.321467,51.657341,30.073112,-0.033995,0.872275,0.017893,0.487505,2.129499,7.428437,45.535511,-0.055066,0.970601,0.046241,0.229704,-9.024761,1.714277,-12.726699,-0.033995,0.872275,0.017893,0.487505,14.546378,2.255078,38.174164
995,8.291667,-0.026835,0.968018,0.024765,0.248209,-0.458998,86.052063,15.639713,-0.03552,0.984463,0.108593,0.133337,-0.95316,93.723045,15.906021,-0.036485,0.99004,0.096126,0.096174,-3.063249,114.502571,20.265835,0.044505,0.997602,0.017155,0.050157,-4.964489,135.013687,24.107119,0.088665,0.977719,-0.190043,-0.009375,-3.507923,149.542175,22.804224,-0.019356,0.929217,0.13897,0.34186,-8.396027,129.104538,22.935768,0.287765,-0.613038,-0.013701,-0.735655,-21.782661,130.137054,11.731718,0.065013,0.187541,-0.473224,-0.85829,-15.624787,121.876762,-10.860685,0.202829,0.307512,-0.545715,-0.752657,-2.749638,144.236389,-3.901796,-0.032612,0.990512,0.11415,0.06922,-1.108635,129.50473,24.405745,0.30883,0.864565,0.149556,-0.36713,16.173702,130.358139,26.933872,-0.045507,0.121223,0.454823,-0.881119,29.574379,119.825089,8.877153,-0.039758,-0.18646,0.671267,-0.716277,15.91391,139.755402,4.652479,0.061641,0.93854,0.21039,0.266605,-8.66962,85.680054,11.119834,0.07226,0.99309,-0.053915,0.075126,-8.797275,52.921902,-4.383996,-0.05499,0.970601,0.046223,0.229724,-16.00913,6.130549,0.192991,-0.079578,0.933896,-0.11852,0.32781,7.751625,86.42408,20.159594,0.003627,0.876719,-0.187225,0.443055,10.322324,51.659298,30.073387,-0.034206,0.872277,0.017684,0.487494,2.128808,7.430539,45.535397,-0.05499,0.970601,0.046223,0.229724,-9.026045,1.714498,-12.72471,-0.034206,0.872277,0.017684,0.487494,14.546532,2.254991,38.177013
996,8.3,-0.026779,0.968039,0.024711,0.248139,-0.461258,86.05426,15.641025,-0.035456,0.984479,0.108527,0.133291,-0.954363,93.725327,15.906787,-0.036387,0.990049,0.096118,0.096126,-3.061072,114.504578,20.264107,0.044669,0.9976,0.017129,0.050061,-4.958041,135.016052,24.105598,0.088696,0.977703,-0.190099,-0.009559,-3.496983,149.544022,22.802034,-0.019304,0.929282,0.138834,0.341741,-8.390815,129.107529,22.934647,0.287861,-0.613011,-0.013635,-0.735641,-21.780354,130.139511,11.734014,0.065249,0.187397,-0.473233,-0.858298,-15.620745,121.87426,-10.856106,0.203122,0.307352,-0.545766,-0.752606,-2.744065,144.234818,-3.910186,-0.03247,0.990543,0.113933,0.069214,-1.103181,129.506378,24.403782,0.308883,0.864563,0.149445,-0.367136,16.179504,130.355469,26.930979,-0.045425,0.12125,0.454849,-0.881106,29.578335,119.818176,8.875364,-0.039676,-0.18637,0.671543,-0.716046,15.918608,139.749939,4.647575,0.061602,0.938549,0.210357,0.26661,-8.672583,85.682976,11.122362,0.072244,0.993101,-0.053853,0.075038,-8.798222,52.92347,-4.378613,-0.054902,0.97062,0.046223,0.229665,-16.007793,6.131286,0.19338,-0.079578,0.933887,-0.118477,0.327849,7.750066,86.425545,20.159687,0.003586,0.8766,-0.187227,0.44329,10.321367,51.660027,30.070713,-0.034264,0.872233,0.017606,0.487572,2.127005,7.431311,45.532383,-0.054902,0.97062,0.046223,0.229665,-9.027157,1.714475,-12.725383,-0.034264,0.872233,0.017606,0.487572,14.546232,2.254715,38.177277
997,8.308333,-0.026686,0.968056,0.024674,0.248088,-0.462421,86.055466,15.64219,-0.035428,0.984489,0.108464,0.133276,-0.953973,93.726646,15.90778,-0.036305,0.990057,0.096085,0.096113,-3.059077,114.506317,20.262632,0.04455,0.997609,0.01699,0.050038,-4.952454,135.018295,24.103111,0.088799,0.977687,-0.190137,-0.009524,-3.494725,149.546219,22.795269,-0.019259,0.929298,0.138741,0.341738,-8.386264,129.110306,22.932613,0.287913,-0.61307,-0.013524,-0.735574,-21.77594,130.142578,11.732182,0.065346,0.187274,-0.473195,-0.858338,-15.61975,121.870819,-10.85647,0.203239,0.307123,-0.545723,-0.752699,-2.738182,144.232101,-3.91784,-0.032386,0.990544,0.113945,0.069211,-1.098506,129.507996,24.40143,0.309082,0.864527,0.14941,-0.367066,16.184381,130.354141,26.928186,-0.045344,0.121377,0.454966,-0.881032,29.579636,119.807671,8.87529,-0.039739,-0.1862,0.671433,-0.71619,15.926714,139.742493,4.640925,0.061533,0.938565,0.21033,0.266591,-8.674316,85.685684,11.124449,0.072276,0.993116,-0.053797,0.074848,-8.796152,52.924728,-4.373503,-0.055053,0.97061,0.04621,0.229672,-16.00738,6.132382,0.194303,-0.079584,0.933892,-0.118468,0.327837,7.749475,86.425255,20.159931,0.003589,0.876627,-0.18723,0.443236,10.321541,51.659657,30.070478,-0.034198,0.872226,0.017692,0.487584,2.127806,7.431042,45.532776,-0.055053,0.97061,0.04621,0.229672,-9.025024,1.716374,-12.723802,-0.034198,0.872226,0.017692,0.487584,14.547016,2.255641,38.176804
998,8.316667,-0.026641,0.968071,0.024619,0.248037,-0.462528,86.056778,15.643826,-0.035402,0.984503,0.108388,0.133236,-0.9532,93.728027,15.9088,-0.036205,0.990068,0.096054,0.096064,-3.056628,114.508476,20.260752,0.044752,0.997601,0.016989,0.050013,-4.945535,135.021027,24.100468,0.088816,0.977653,-0.190303,-0.009592,-3.482048,149.548386,22.792866,-0.019207,0.929359,0.138641,0.341615,-8.38064,129.113632,22.930653,0.288047,-0.613112,-0.013474,-0.735486,-21.773321,130.145782,11.733797,0.06556,0.187158,-0.473131,-0.858383,-15.619668,121.867439,-10.853146,0.203423,0.306956,-0.545745,-0.752702,-2.732879,144.228058,-3.924703,-0.032252,0.990558,0.113836,0.069249,-1.092633,129.509979,24.398603,0.309223,0.864487,0.149534,-0.366991,16.190374,130.351624,26.926067,-0.045177,0.121355,0.454999,-0.881027,29.584023,119.801422,8.874149,-0.039695,-0.186114,0.671557,-0.716099,15.93273,139.736023,4.637239,0.061546,0.93856,0.210341,0.266596,-8.674945,85.687508,11.126987,0.07226,0.99311,-0.053792,0.074946,-8.797309,52.927025,-4.371962,-0.055008,0.970618,0.046169,0.229661,-16.007465,6.134409,0.194811,-0.079564,0.933901,-0.118441,0.327827,7.749888,86.426041,20.160666,0.00359,0.876654,-0.187243,0.443177,10.32141,51.659733,30.068869,-0.034338,0.872224,0.017601,0.487582,2.128021,7.431579,45.532673,-0.055008,0.970618,0.046169,0.229661,-9.025899,1.716889,-12.723206,-0.034338,0.872224,0.017601,0.487582,14.548105,2.255955,38.178337
999,8.325,-0.026659,0.9681,0.024609,0.247925,-0.461786,86.058807,15.645117,-0.035722,0.9845,0.10842,0.133147,-0.952651,93.730057,15.909929,-0.03571,0.990103,0.096043,0.095903,-3.069836,114.514496,20.262646,0.045132,0.99759,0.01698,0.0499,-4.937564,135.028625,24.104279,0.088669,0.977614,-0.190563,-0.009754,-3.463394,149.554916,22.796766,-0.019291,0.929345,0.138383,0.341753,-8.378795,129.124588,22.935581,0.288053,-0.613218,-0.013321,-0.735399,-21.76807,130.151596,11.734176,0.065623,0.186984,-0.473054,-0.858458,-15.620669,121.865913,-10.851778,0.203418,0.306818,-0.545679,-0.752807,-2.726781,144.224548,-3.932069,-0.032088,0.990575,0.113802,0.069149,-1.089795,129.513885,24.400497,0.309274,0.864477,0.149428,-0.367016,16.194071,130.350342,26.923836,-0.045128,0.121388,0.45509,-0.880978,29.585287,119.796394,8.872299,-0.03968,-0.186243,0.671895,-0.715749,15.937419,139.735107,4.63301,0.061534,0.938583,0.210345,0.266516,-8.675224,85.689102,11.130166,0.072249,0.993105,-0.05377,0.075038,-8.798062,52.928638,-4.368818,-0.055122,0.970609,0.046154,0.229672,-16.007526,6.135657,0.19523,-0.079548,0.933907,-0.118454,0.327808,7.751652,86.428513,20.160067,0.00354,0.876532,-0.187243,0.443417,10.321938,51.662243,30.068737,-0.034218,0.872217,0.017686,0.4876,2.128459,7.434082,45.532463,-0.055122,0.970609,0.046154,0.229672,-9.024529,1.7186,-12.722174,-0.034218,0.872217,0.017686,0.4876,14.548105,2.258844,38.177113
1000,8.333333,-0.026641,0.968118,0.024609,0.247856,-0.462273,86.059998,15.64638,-0.03565,0.984523,0.108307,0.13309,-0.952847,93.731262,15.911295,-0.035664,0.990109,0.096047,0.095845,-3.066128,114.516937,20.259842,0.045325,0.997585,0.017019,0.049812,-4.931762,135.031158,24.101955,0.088647,0.9776,-0.190636,-0.00994,-3.452313,149.557037,22.7957,-0.01925,0.929347,0.138352,0.341763,-8.373603,129.127411,22.933615,0.288013,-0.613298,-0.013118,-0.735352,-21.762699,130.155426,11.73209,0.065628,0.186856,-0.473022,-0.858503,-15.619852,121.862389,-10.852406,0.203442,0.306662,-0.545625,-0.752903,-2.721408,144.220978,-3.937922,-0.032022,0.990583,0.113746,0.069152,-1.084391,129.516129,24.397629,0.309351,0.864433,0.149475,-0.367036,16.199608,130.350418,26.920774,-0.044394,0.12086,0.454965,-0.881152,29.587687,119.7948,8.867881,-0.038752,-0.186585,0.672995,-0.714677,15.925845,139.729446,4.633054,0.061527,0.938598,0.210341,0.266469,-8.676374,85.69059,11.132613,0.072237,0.993108,-0.053745,0.075037,-8.799563,52.929913,-4.36592,-0.05489,0.970606,0.046205,0.229732,-16.007668,6.136507,0.19593,-0.079355,0.93371,-0.11828,0.328479,7.751827,86.429413,20.160147,0.003147,0.876075,-0.187276,0.444309,10.306302,51.65794,30.054642,-0.034255,0.872147,0.017859,0.487717,2.128451,7.430694,45.529263,-0.05489,0.970606,0.046205,0.229732,-9.025401,1.719178,-12.721777,-0.034255,0.872147,0.017859,0.487717,14.551231,2.260391,38.175732
1001,8.341667,-0.026593,0.968138,0.024545,0.247787,-0.46328,86.061951,15.648055,-0.035605,0.984535,0.108241,0.133066,-0.952888,93.733307,15.91223,-0.035566,0.990118,0.096009,0.095828,-3.063672,114.518295,20.258034,0.045467,0.997577,0.016921,0.049866,-4.925017,135.033127,24.099005,0.08862,0.977582,-0.190745,-0.009856,-3.441167,149.558319,22.790188,-0.019228,0.929373,0.138326,0.341704,-8.368094,129.129974,22.931198,0.287965,-0.613345,-0.012951,-0.735334,-21.758612,130.158096,11.731382,0.065728,0.186749,-0.472945,-0.858561,-15.618457,121.859695,-10.851874,0.20361,0.306537,-0.545585,-0.752938,-2.714145,144.216599,-3.944095,-0.031987,0.990593,0.113709,0.069082,-1.07873,129.517334,24.39481,0.309581,0.864428,0.149383,-0.366891,16.205683,130.350784,26.915363,-0.044765,0.121298,0.455229,-0.880937,29.591986,119.782623,8.868495,-0.03933,-0.186156,0.672374,-0.715341,15.948985,139.724365,4.625446,0.061543,0.938598,0.210337,0.266466,-8.678066,85.693062,11.135498,0.072203,0.993107,-0.053721,0.075091,-8.802477,52.932434,-4.363124,-0.055155,0.970603,0.046147,0.22969,-16.007488,6.138316,0.196297,-0.079545,0.933841,-0.118385,0.328023,7.751507,86.430847,20.160612,0.003486,0.876493,-0.187275,0.443482,10.321,51.663353,30.065166,-0.034209,0.872203,0.017766,0.487623,2.129544,7.436281,45.533092,-0.055155,0.970603,0.046147,0.22969,-9.023699,1.721331,-12.720698,-0.034209,0.872203,0.017766,0.487623,14.549862,2.262914,38.177567
1002,8.35,-0.026594,0.968159,0.024504,0.247709,-0.464413,86.061142,15.648452,-0.035495,0.984549,0.108174,0.133046,-0.953851,93.732521,15.912053,-0.035549,0.990126,0.09593,0.095836,-3.059652,114.519775,20.256046,0.045676,0.997566,0.016978,0.049867,-4.920017,135.035294,24.093838,0.088646,0.977555,-0.190863,-0.009945,-3.430153,149.560043,22.786976,-0.019134,0.929446,0.138193,0.341565,-8.363377,129.132156,22.92688,0.288012,-0.613358,-0.012854,-0.735306,-21.757347,130.161026,11.731257,0.065884,0.186676,-0.472842,-0.858622,-15.617866,121.857468,-10.850295,0.203707,0.306428,-0.5455,-0.753017,-2.706991,144.212387,-3.948865,-0.031887,0.990601,0.113672,0.069083,-1.074016,129.519348,24.390556,0.309722,0.864365,0.149484,-0.36688,16.210617,130.349426,26.910746,-0.044183,0.120924,0.455216,-0.881024,29.593014,119.777969,8.862906,-0.038648,-0.186428,0.673133,-0.714592,15.943524,139.718979,4.622031,0.061478,0.938639,0.210363,0.266316,-8.679928,85.692009,11.137232,0.072202,0.993108,-0.053707,0.075087,-8.801879,52.931576,-4.361829,-0.05504,0.970609,0.046188,0.229686,-16.006699,6.137305,0.196372,-0.079553,0.933909,-0.11843,0.327809,7.751101,86.430283,20.15967,0.003518,0.876499,-0.187252,0.44348,10.322328,51.663673,30.066895,-0.034271,0.872181,0.017716,0.48766,2.129244,7.43579,45.531631,-0.05504,0.970609,0.046188,0.229686,-9.02414,1.720581,-12.721387,-0.034271,0.872181,0.017716,0.48766,14.550538,2.262105,38.177963
1003,8.358333,-0.026535,0.968179,0.024471,0.247641,-0.465369,86.059372,15.64885,-0.035455,0.984564,0.10811,0.133,-0.953795,93.730827,15.912231,-0.03542,0.990142,0.095856,0.095787,-3.057402,114.519035,20.253954,0.04571,0.997567,0.016897,0.049853,-4.911963,135.035522,24.089342,0.088726,0.977536,-0.190924,-0.009913,-3.42107,149.559967,22.780149,-0.019067,0.929459,0.13818,0.341539,-8.357,129.133133,22.923553,0.288047,-0.613395,-0.012729,-0.735264,-21.751699,130.163879,11.72898,0.066006,0.186637,-0.472764,-0.858664,-15.6143,121.854111,-10.850842,0.203772,0.306436,-0.545425,-0.753051,-2.698998,144.207077,-3.953786,-0.031868,0.990609,0.113619,0.069054,-1.067363,129.518616,24.386305,0.309892,0.864337,0.149366,-0.36685,16.217451,130.348312,26.905378,-0.044025,0.120896,0.455325,-0.88098,29.595692,119.767593,8.859892,-0.038498,-0.186488,0.673279,-0.714448,15.950537,139.711685,4.617103,0.061435,0.938659,0.210367,0.266254,-8.681571,85.691109,11.138815,0.072208,0.993116,-0.053677,0.075003,-8.80158,52.930408,-4.359706,-0.055103,0.970617,0.04616,0.229643,-16.006401,6.135911,0.196197,-0.079538,0.933942,-0.118425,0.327722,7.750832,86.427643,20.158886,0.003544,0.876505,-0.187249,0.443469,10.322086,51.660763,30.065191,-0.034204,0.872145,0.017743,0.487727,2.12711,7.432809,45.528721,-0.055103,0.970617,0.04616,0.229643,-9.024358,1.718831,-12.721716,-0.034204,0.872145,0.017743,0.487727,14.549025,2.25887,38.176285
1004,8.366667,-0.026432,0.96821,0.024348,0.247543,-0.467577,86.058235,15.651762,-0.035422,0.98458,0.108053,0.132934,-0.953973,93.729866,15.913741,-0.035329,0.99016,0.095775,0.095723,-3.055534,114.518234,20.253321,0.045741,0.997569,0.016776,0.049816,-4.905757,135.035645,24.085882,0.088845,0.977516,-0.190972,-0.009907,-3.413924,149.559662,22.773153,-0.018821,0.929726,0.137741,0.341003,-8.352051,129.133713,22.921469,0.288303,-0.613302,-0.012916,-0.735238,-21.759855,130.164459,11.742597,0.066374,0.186402,-0.472565,-0.858796,-15.617022,121.855057,-10.835892,0.203636,0.306329,-0.545393,-0.753154,-2.688773,144.201965,-3.957828,-0.031785,0.990618,0.113593,0.069009,-1.062136,129.518066,24.383131,0.310028,0.864326,0.149237,-0.366812,16.22308,130.345139,26.900301,-0.043906,0.120959,0.455388,-0.880945,29.598495,119.756111,8.857593,-0.038391,-0.186349,0.673211,-0.714554,15.957653,139.700348,4.609996,0.061355,0.938691,0.210432,0.266108,-8.684789,85.6912,11.143465,0.072211,0.993136,-0.053624,0.074769,-8.800426,52.931786,-4.357783,-0.055088,0.970633,0.04609,0.229594,-16.004086,6.136787,0.194788,-0.079373,0.933842,-0.118245,0.328111,7.749635,86.42527,20.160059,0.0032,0.876205,-0.187318,0.444034,10.310073,51.653404,30.05163,-0.034038,0.872161,0.018003,0.487702,2.130946,7.427669,45.529903,-0.055088,0.970633,0.04609,0.229594,-9.02353,1.71755,-12.723191,-0.034038,0.872161,0.018003,0.487702,14.552074,2.257804,38.173267
1005,8.375,-0.026449,0.968227,0.024323,0.247477,-0.468004,86.057297,15.652617,-0.035346,0.984601,0.107975,0.132865,-0.95453,93.728935,15.914199,-0.035262,0.990172,0.095743,0.095651,-3.052326,114.519608,20.2514,0.045827,0.997569,0.016751,0.049745,-4.89938,135.037476,24.083035,0.088944,0.977489,-0.191059,-0.00999,-3.405232,149.561203,22.769588,-0.018757,0.929767,0.137529,0.340979,-8.346594,129.13591,22.919506,0.288258,-0.613376,-0.012819,-0.735195,-21.755066,130.166061,11.741384,0.066395,0.186329,-0.472449,-0.858874,-15.616647,121.853424,-10.837104,0.203574,0.306317,-0.545346,-0.75321,-2.681258,144.196671,-3.961841,-0.031658,0.990633,0.113509,0.068983,-1.056404,129.51944,24.380011,0.310168,0.864285,0.149263,-0.366779,16.229218,130.342422,26.895735,-0.043995,0.121142,0.455505,-0.880855,29.601526,119.748245,8.853751,-0.038633,-0.18609,0.672953,-0.714851,15.968606,139.695709,4.601193,0.061277,0.938743,0.2105,0.265889,-8.685818,85.689819,11.145456,0.072232,0.993134,-0.053641,0.074764,-8.798418,52.931797,-4.358763,-0.055061,0.97063,0.046073,0.229616,-16.004129,6.137261,0.195269,-0.079308,0.933815,-0.118192,0.328224,7.74981,86.424782,20.159777,0.00311,0.876159,-0.187352,0.444111,10.306038,51.651257,30.046589,-0.034321,0.872192,0.017796,0.487634,2.131581,7.426694,45.530655,-0.055061,0.97063,0.046073,0.229616,-9.023281,1.717352,-12.72232,-0.034321,0.872192,0.017796,0.487634,14.553301,2.255711,38.175816
1006,8.383333,-0.026387,0.968261,0.02428,0.247355,-0.469612,86.05674,15.653074,-0.035314,0.984629,0.107811,0.1328,-0.955023,93.728455,15.914312,-0.035093,0.990185,0.095746,0.095581,-3.050008,114.518066,20.244495,0.045824,0.997578,0.016816,0.04955,-4.889788,135.036407,24.077087,0.089196,0.977468,-0.191035,-0.01026,-3.396454,149.560364,22.765202,-0.018678,0.929832,0.137566,0.340793,-8.339105,129.135986,22.913979,0.288237,-0.613407,-0.012712,-0.73518,-21.752102,130.168228,11.741476,0.06649,0.186273,-0.472352,-0.858932,-15.615423,121.851852,-10.836111,0.203635,0.306304,-0.545274,-0.753251,-2.67431,144.192429,-3.965013,-0.03167,0.990631,0.113484,0.069053,-1.048536,129.51712,24.373222,0.310316,0.864223,0.149431,-0.366734,16.236725,130.340302,26.891357,-0.043782,0.121053,0.455561,-0.880848,29.60614,119.743492,8.848774,-0.0385,-0.186087,0.673104,-0.714717,15.974751,139.691742,4.595491,0.061246,0.938748,0.210506,0.265875,-8.688615,85.690102,11.14801,0.072211,0.993138,-0.053613,0.074757,-8.799231,52.931965,-4.355973,-0.055096,0.970636,0.046087,0.229579,-16.002762,6.136868,0.195704,-0.079396,0.933865,-0.118258,0.328037,7.74939,86.42337,20.158138,0.003228,0.876294,-0.187377,0.443834,10.311845,51.651978,30.050838,-0.034142,0.872217,0.017879,0.487598,2.1314,7.428384,45.534512,-0.055096,0.970636,0.046087,0.229579,-9.02253,1.717587,-12.722429,-0.034142,0.872217,0.017879,0.487598,14.551192,2.256867,38.176788
1007,8.391667,-0.026411,0.968273,0.024235,0.24731,-0.470347,86.057159,15.653649,-0.035264,0.984642,0.107772,0.132747,-0.955938,93.728889,15.914154,-0.034988,0.990199,0.0957,0.09552,-3.048437,114.519455,20.243193,0.045922,0.997579,0.016816,0.049442,-4.883457,135.038467,24.074465,0.089361,0.977439,-0.191101,-0.010421,-3.387621,149.562149,22.762531,-0.018583,0.929875,0.137366,0.34076,-8.33415,129.138657,22.912294,0.288101,-0.613478,-0.012468,-0.735178,-21.748051,130.171402,11.74093,0.066519,0.186156,-0.472255,-0.859009,-15.615408,121.849251,-10.835619,0.203724,0.306242,-0.545267,-0.753257,-2.66691,144.187424,-3.969438,-0.031536,0.99065,0.113384,0.069004,-1.043302,129.518417,24.370485,0.310375,0.864163,0.149425,-0.366827,16.242485,130.337387,26.88633,-0.043722,0.121005,0.455601,-0.880837,29.60667,119.739555,8.840485,-0.038593,-0.186224,0.67337,-0.714426,15.975496,139.690369,4.587716,0.061216,0.938795,0.21054,0.265687,-8.689739,85.689857,11.149358,0.072185,0.993138,-0.053613,0.074783,-8.800764,52.932503,-4.356273,-0.055112,0.970632,0.046095,0.229589,-16.001984,6.137043,0.195384,-0.07958,0.934076,-0.118397,0.327339,7.749045,86.424469,20.15794,0.003583,0.876644,-0.187353,0.44315,10.327872,51.657593,30.062235,-0.034234,0.872253,0.017729,0.487533,2.130919,7.433352,45.53532,-0.055112,0.970632,0.046095,0.229589,-9.021319,1.71814,-12.722644,-0.034234,0.872253,0.017729,0.487533,14.549783,2.259365,38.177773
1008,8.4,-0.026398,0.968292,0.024189,0.247241,-0.469551,86.056099,15.653849,-0.035216,0.984655,0.107706,0.132714,-0.954759,93.727875,15.913756,-0.034985,0.990209,0.095607,0.095504,-3.044643,114.518486,20.240276,0.045978,0.997578,0.01675,0.049431,-4.87911,135.038254,24.067762,0.089526,0.977423,-0.191103,-0.010428,-3.381589,149.5616,22.753967,-0.018434,0.929864,0.137361,0.340801,-8.329966,129.138321,22.906792,0.288135,-0.613522,-0.012278,-0.735131,-21.743097,130.176056,11.734961,0.066885,0.186253,-0.472259,-0.858957,-15.612864,121.845245,-10.839055,0.204425,0.306504,-0.544848,-0.753264,-2.666996,144.185486,-3.978421,-0.031469,0.990657,0.113346,0.068999,-1.039065,129.518173,24.364708,0.310511,0.864142,0.149409,-0.366768,16.246899,130.334961,26.880095,-0.043592,0.120992,0.455751,-0.880768,29.609072,119.730881,8.836424,-0.038243,-0.186153,0.673143,-0.714677,15.985759,139.683838,4.582493,0.061212,0.938834,0.21055,0.265541,-8.689601,85.688774,11.150757,0.072129,0.993157,-0.053593,0.074591,-8.802555,52.93169,-4.355431,-0.055094,0.970661,0.046129,0.229466,-15.99749,6.135252,0.196133,-0.079364,0.933953,-0.118258,0.327793,7.7505,86.423424,20.15694,0.003223,0.876191,-0.187391,0.44403,10.31339,51.65168,30.04829,-0.034199,0.872164,0.017857,0.487689,2.129307,7.428575,45.531433,-0.055094,0.970661,0.046129,0.229466,-9.020192,1.71701,-12.723942,-0.034199,0.872164,0.017857,0.487689,14.551078,2.257392,38.176815
1009,8.408333,-0.026353,0.968315,0.02409,0.247168,-0.470984,86.054497,15.654895,-0.03518,0.984671,0.107635,0.132666,-0.955128,93.726379,15.913529,-0.034878,0.990223,0.095556,0.095454,-3.043112,114.519669,20.237812,0.046096,0.997574,0.016697,0.049418,-4.872747,135.040161,24.063719,0.089598,0.977395,-0.191212,-0.01043,-3.371768,149.563019,22.748512,-0.018411,0.929924,0.137212,0.340699,-8.324999,129.140854,22.903667,0.28813,-0.613563,-0.012178,-0.735101,-21.740597,130.177032,11.73465,0.067007,0.186174,-0.472146,-0.859027,-15.612761,121.842133,-10.838511,0.204533,0.306418,-0.54484,-0.753275,-2.659696,144.179657,-3.983552,-0.031335,0.990665,0.113326,0.068984,-1.033846,129.519302,24.360695,0.310686,0.864053,0.149265,-0.366887,16.252487,130.331558,26.875023,-0.043446,0.120937,0.455944,-0.880683,29.604912,119.719612,8.828754,-0.038039,-0.186265,0.673208,-0.714598,15.989393,139.678329,4.574766,0.061198,0.938853,0.2106,0.26544,-8.691754,85.687485,11.153089,0.072129,0.993163,-0.053575,0.074522,-8.8044,52.931797,-4.356069,-0.054968,0.970652,0.046071,0.229547,-15.998906,6.135178,0.194251,-0.079542,0.934188,-0.118434,0.327015,7.749786,86.421516,20.1567,0.003636,0.87671,-0.18736,0.443015,10.328564,51.654827,30.061705,-0.034325,0.872235,0.017614,0.487563,2.129246,7.430896,45.53442,-0.054968,0.970652,0.046071,0.229547,-9.020824,1.714428,-12.724548,-0.034325,0.872235,0.017614,0.487563,14.548945,2.255381,38.179348
1010,8.416667,-0.026286,0.968338,0.023967,0.247095,-0.47415,86.051407,15.655767,-0.035148,0.984689,0.107577,0.132592,-0.956813,93.723442,15.912869,-0.034725,0.990242,0.095505,0.095365,-3.042831,114.517616,20.235136,0.046194,0.997574,0.016598,0.049366,-4.865577,135.038971,24.059753,0.089671,0.97738,-0.191257,-0.010447,-3.361799,149.561279,22.741728,-0.018325,0.929951,0.137062,0.340688,-8.319822,129.140594,22.900894,0.288221,-0.613599,-0.012111,-0.735037,-21.735783,130.177719,11.732389,0.067103,0.186069,-0.472057,-0.859091,-15.610005,121.837059,-10.839211,0.20445,0.306306,-0.544856,-0.753332,-2.650356,144.172699,-3.990523,-0.031212,0.990685,0.113207,0.068947,-1.028256,129.516983,24.356388,0.310765,0.86399,0.149243,-0.366978,16.258528,130.325439,26.868868,-0.043307,0.120785,0.455963,-0.880701,29.605183,119.711327,8.819599,-0.037877,-0.18626,0.673504,-0.714329,15.988519,139.67038,4.568919,0.061123,0.938863,0.210651,0.265379,-8.695669,85.684998,11.155276,0.072131,0.993168,-0.053553,0.074471,-8.803243,52.930214,-4.355812,-0.054961,0.97067,0.046051,0.229474,-15.997473,6.13338,0.19284,-0.079353,0.934023,-0.118219,0.327611,7.747368,86.417824,20.15626,0.003236,0.876345,-0.187427,0.443712,10.312436,51.645279,30.044252,-0.034371,0.87225,0.017705,0.48753,2.131426,7.423458,45.532711,-0.054961,0.97067,0.046051,0.229474,-9.021382,1.711914,-12.726789,-0.034371,0.87225,0.017705,0.48753,14.551447,2.250874,38.176117
1011,8.425,-0.026229,0.968354,0.023861,0.24705,-0.477627,86.050598,15.656036,-0.035084,0.9847,0.107533,0.132556,-0.959012,93.722755,15.911798,-0.034611,0.990255,0.095452,0.095326,-3.041964,114.517845,20.232767,0.046166,0.997582,0.016492,0.049265,-4.859656,135.039948,24.05574,0.089932,0.977351,-0.191274,-0.010553,-3.356888,149.562057,22.734421,-0.018286,0.929981,0.136986,0.34064,-8.315357,129.142258,22.897741,0.288246,-0.61364,-0.011992,-0.734994,-21.732515,130.179489,11.730706,0.06725,0.185983,-0.471949,-0.859157,-15.609171,121.833084,-10.839414,0.204524,0.306296,-0.544868,-0.753307,-2.642582,144.16626,-3.997442,-0.031071,0.990705,0.113079,0.068929,-1.023568,129.51712,24.352491,0.310779,0.863954,0.149061,-0.367124,16.263597,130.321106,26.863718,-0.043337,0.12079,0.45601,-0.880674,29.604507,119.704712,8.811561,-0.037941,-0.186377,0.673518,-0.714281,15.989757,139.665756,4.561554,0.06098,0.938914,0.210687,0.265205,-8.699615,85.684715,11.156371,0.07217,0.993186,-0.053508,0.074236,-8.799637,52.92976,-4.354403,-0.054837,0.970674,0.046022,0.229494,-15.996231,6.13302,0.191429,-0.079401,0.934129,-0.118215,0.327298,7.744361,86.416481,20.155701,0.003288,0.876406,-0.187444,0.443585,10.316067,51.644421,30.043653,-0.034361,0.872266,0.017626,0.487505,2.132202,7.42324,45.532429,-0.054837,0.970674,0.046022,0.229494,-9.020919,1.709782,-12.728004,-0.034361,0.872266,0.017626,0.487505,14.551322,2.248517,38.175835
1012,8.433333,-0.026238,0.96837,0.02384,0.246986,-0.477264,86.049072,15.655799,-0.035092,0.984714,0.107501,0.132478,-0.958698,93.721237,15.911243,-0.034431,0.990279,0.095357,0.095228,-3.041567,114.517662,20.231201,0.046191,0.997584,0.016341,0.049257,-4.851032,135.041046,24.051214,0.090017,0.977334,-0.191326,-0.010443,-3.347376,149.562668,22.725513,-0.018261,0.930026,0.136893,0.340558,-8.309112,129.144409,22.89497,0.288208,-0.6137,-0.011907,-0.734961,-21.728266,130.180923,11.730253,0.067319,0.185859,-0.471861,-0.859227,-15.608412,121.831703,-10.839781,0.20462,0.306128,-0.544792,-0.753404,-2.634814,144.16301,-4.004166,-0.030978,0.990699,0.113176,0.068895,-1.016855,129.516891,24.348001,0.310843,0.863878,0.149151,-0.367213,16.270685,130.317535,26.857746,-0.043234,0.120632,0.456026,-0.880692,29.60639,119.701836,8.801319,-0.037901,-0.186517,0.673562,-0.714205,15.991113,139.66214,4.555918,0.061043,0.9389,0.210728,0.265208,-8.699842,85.682884,11.157229,0.072117,0.993188,-0.053532,0.074233,-8.80327,52.929741,-4.357362,-0.054897,0.970685,0.046,0.229436,-15.994975,6.132504,0.191119,-0.079362,0.934071,-0.118168,0.327489,7.745315,86.415268,20.154369,0.003251,0.876359,-0.187466,0.443667,10.313517,51.641953,30.038845,-0.034423,0.872243,0.017624,0.487542,2.130345,7.421556,45.530216,-0.054897,0.970685,0.046,0.229436,-9.020595,1.709042,-12.728746,-0.034423,0.872243,0.017624,0.487542,14.550689,2.24771,38.175056
1013,8.441667,-0.026226,0.968379,0.023793,0.246956,-0.477533,86.049217,15.655711,-0.035066,0.984726,0.107437,0.132449,-0.958603,93.72142,15.910517,-0.034362,0.990281,0.095401,0.095188,-3.039912,114.518562,20.228037,0.046326,0.997583,0.016205,0.049196,-4.846551,135.041779,24.050205,0.090192,0.977308,-0.191372,-0.010535,-3.338975,149.562653,22.720634,-0.018234,0.930037,0.136794,0.340569,-8.305447,129.145676,22.893724,0.288191,-0.613755,-0.01185,-0.734922,-21.724363,130.181931,11.728714,0.067358,0.185766,-0.471781,-0.859289,-15.607828,121.830353,-10.841341,0.204624,0.306012,-0.54473,-0.753495,-2.628568,144.158997,-4.010239,-0.030882,0.990711,0.113164,0.068796,-1.013009,129.517136,24.34609,0.310953,0.863815,0.149348,-0.367189,16.275206,130.31488,26.852058,-0.043069,0.120488,0.456055,-0.880705,29.60836,119.698906,8.793932,-0.037811,-0.186647,0.673477,-0.714256,15.993345,139.658417,4.551274,0.060987,0.938945,0.21073,0.265058,-8.70039,85.683006,11.15766,0.072111,0.993192,-0.053522,0.0742,-8.802397,52.929432,-4.356024,-0.055135,0.970689,0.045976,0.229366,-15.99336,6.132016,0.191784,-0.079426,0.934141,-0.118203,0.327261,7.745324,86.415428,20.153763,0.003337,0.876372,-0.187492,0.44363,10.31938,51.643456,30.041405,-0.034339,0.872235,0.017635,0.487561,2.128594,7.424024,45.531506,-0.055135,0.970689,0.045976,0.229366,-9.018412,1.709611,-12.728132,-0.034339,0.872235,0.017635,0.487561,14.548492,2.249238,38.17627
1014,8.45,-0.026209,0.968397,0.023754,0.246895,-0.479019,86.048302,15.654588,-0.03502,0.98474,0.107395,0.132388,-0.959668,93.720558,15.908909,-0.034213,0.990301,0.09532,0.095118,-3.038555,114.518288,20.225105,0.046361,0.997581,0.016178,0.049202,-4.83844,135.042603,24.044659,0.090258,0.977286,-0.191457,-0.010446,-3.329818,149.563293,22.714363,-0.018197,0.9301,0.136699,0.340435,-8.299286,129.147354,22.889584,0.288199,-0.613823,-0.011856,-0.734862,-21.721432,130.182999,11.728392,0.067449,0.18565,-0.471665,-0.85937,-15.609072,121.830391,-10.842412,0.204642,0.305922,-0.544645,-0.753588,-2.621703,144.156128,-4.017718,-0.030831,0.990717,0.113125,0.068796,-1.006497,129.516846,24.340694,0.311035,0.863754,0.149315,-0.367276,16.281834,130.312927,26.846409,-0.04293,0.120345,0.456039,-0.88074,29.609287,119.694397,8.785568,-0.037793,-0.186785,0.673675,-0.714035,15.991682,139.653183,4.545716,0.060993,0.93896,0.210743,0.264994,-8.702467,85.68219,11.157607,0.072054,0.993202,-0.053528,0.074108,-8.805692,52.92907,-4.357026,-0.055111,0.970709,0.045982,0.229287,-15.990895,6.130928,0.192422,-0.079637,0.934309,-0.118314,0.326691,7.744429,86.414421,20.151567,0.003744,0.876852,-0.187512,0.442668,10.335995,51.646793,30.049908,-0.034219,0.872253,0.017572,0.48754,2.127452,7.428357,45.533455,-0.055111,0.970709,0.045982,0.229287,-9.018251,1.70841,-12.728703,-0.034219,0.872253,0.017572,0.48754,14.545555,2.250245,38.177525
1015,8.458333,-0.026133,0.968424,0.023671,0.246805,-0.482585,86.047134,15.65294,-0.034971,0.984753,0.10739,0.132313,-0.961755,93.719498,15.906352,-0.034069,0.990322,0.095232,0.09504,-3.038291,114.517784,20.22287,0.046179,0.997599,0.016026,0.049065,-4.831547,135.043213,24.039555,0.090599,0.977262,-0.191419,-0.010511,-3.328424,149.564026,22.70435,-0.018157,0.930156,0.136618,0.340318,-8.294308,129.148788,22.886021,0.28826,-0.61388,-0.011879,-0.734791,-21.719303,130.184189,11.728231,0.067538,0.185554,-0.471556,-0.859443,-15.610382,121.829727,-10.842826,0.20458,0.305851,-0.544548,-0.753704,-2.616218,144.151962,-4.023941,-0.030763,0.99073,0.113049,0.068761,-1.00115,129.516388,24.335762,0.311218,0.863656,0.149279,-0.367366,16.287497,130.310455,26.839962,-0.04281,0.120215,0.456153,-0.880704,29.606026,119.6856,8.776252,-0.037745,-0.186901,0.673738,-0.713947,15.991987,139.647537,4.539763,0.060881,0.939009,0.210791,0.264807,-8.706944,85.681961,11.157544,0.072082,0.993204,-0.053509,0.074071,-8.804725,52.929317,-4.358137,-0.054965,0.970706,0.045913,0.22935,-15.992244,6.131369,0.189604,-0.079436,0.934173,-0.118147,0.327189,7.741775,86.4123,20.148335,0.003314,0.876521,-0.18759,0.443294,10.318596,51.639481,30.032291,-0.034275,0.872309,0.017596,0.487436,2.131597,7.423517,45.534294,-0.054965,0.970706,0.045913,0.22935,-9.019503,1.705849,-12.730444,-0.034275,0.872309,0.017596,0.487436,14.548591,2.246738,38.175545
1016,8.466667,-0.026085,0.96844,0.023594,0.246753,-0.484268,86.044571,15.650206,-0.034934,0.984767,0.107385,0.132223,-0.962426,93.717041,15.902681,-0.033988,0.990341,0.095172,0.094934,-3.037051,114.516357,20.21958,0.0463,0.997598,0.015917,0.048997,-4.8263,135.042496,24.03433,0.090745,0.977241,-0.191455,-0.010552,-3.319758,149.562653,22.696009,-0.018095,0.930141,0.136496,0.340411,-8.290225,129.148453,22.882244,0.288109,-0.613973,-0.011698,-0.734775,-21.713079,130.184891,11.721971,0.067388,0.185459,-0.471532,-0.859489,-15.609652,121.827057,-10.849321,0.20449,0.305723,-0.544561,-0.753771,-2.611691,144.148758,-4.030084,-0.030623,0.990748,0.112951,0.068722,-0.996685,129.515106,24.330307,0.311233,0.863627,0.149074,-0.367504,16.292448,130.304749,26.83255,-0.042824,0.120174,0.456197,-0.880687,29.60549,119.676971,8.766513,-0.037696,-0.186984,0.67375,-0.713917,15.992345,139.64119,4.532135,0.060886,0.938995,0.210779,0.264866,-8.709155,85.679886,11.155737,0.072073,0.993218,-0.053493,0.073903,-8.806545,52.926903,-4.359229,-0.054875,0.970713,0.045932,0.229335,-15.992405,6.128684,0.188336,-0.079434,0.934231,-0.118159,0.327018,7.74062,86.409256,20.144674,0.003364,0.876549,-0.187604,0.443233,10.318851,51.636623,30.028898,-0.034318,0.872281,0.017529,0.487484,2.128107,7.421207,45.530476,-0.054875,0.970713,0.045932,0.229335,-9.02094,1.703002,-12.732344,-0.034318,0.872281,0.017529,0.487484,14.546013,2.243422,38.173977
1017,8.475,-0.025988,0.968464,0.023425,0.246684,-0.486691,86.044037,15.650044,-0.034935,0.984776,0.107376,0.132159,-0.962754,93.716698,15.900413,-0.033869,0.990359,0.095102,0.094859,-3.0369,114.514328,20.216709,0.046352,0.9976,0.01581,0.04894,-4.820693,135.041351,24.029209,0.090924,0.977218,-0.191483,-0.01057,-3.312702,149.561081,22.687746,-0.017993,0.930147,0.136566,0.340371,-8.286195,129.147995,22.878439,0.288081,-0.614034,-0.011547,-0.734737,-21.71014,130.18837,11.719838,0.06739,0.185315,-0.471483,-0.859547,-15.610239,121.824989,-10.85036,0.204385,0.305651,-0.5445,-0.753873,-2.60689,144.145462,-4.037066,-0.030578,0.990759,0.112908,0.068657,-0.992323,129.513123,24.325228,0.311343,0.863575,0.148979,-0.367573,16.297224,130.301575,26.825029,-0.042756,0.120118,0.456268,-0.880661,29.604345,119.668671,8.757641,-0.037665,-0.187061,0.673773,-0.713876,15.993804,139.634811,4.524517,0.060861,0.938996,0.210799,0.264853,-8.712311,85.68029,11.156836,0.072064,0.993228,-0.053467,0.073797,-8.807838,52.927692,-4.358962,-0.05499,0.970714,0.04591,0.229309,-15.992191,6.12908,0.186949,-0.079407,0.934242,-0.118156,0.326994,7.738928,86.407784,20.143253,0.003331,0.876567,-0.187587,0.443206,10.315658,51.634777,30.026567,-0.034409,0.872285,0.017403,0.487476,2.128858,7.418749,45.528488,-0.05499,0.970714,0.04591,0.229309,-9.020258,1.703629,-12.733558,-0.034409,0.872285,0.017403,0.487476,14.54691,2.239141,38.173515
1018,8.483333,-0.025967,0.968493,0.023349,0.24658,-0.487664,86.043045,15.648603,-0.034864,0.984792,0.107337,0.132088,-0.963093,93.715782,15.897973,-0.03382,0.990369,0.095064,0.094802,-3.033871,114.515053,20.213415,0.04647,0.9976,0.015712,0.048875,-4.815265,135.042526,24.024637,0.091107,0.97719,-0.191535,-0.010656,-3.303916,149.561646,22.680368,-0.017915,0.930183,0.136525,0.340294,-8.281462,129.149414,22.874723,0.288064,-0.614116,-0.011475,-0.734676,-21.707338,130.191437,11.718612,0.067429,0.18522,-0.471415,-0.859602,-15.61239,121.824738,-10.851693,0.204418,0.305582,-0.544492,-0.753897,-2.603784,144.143463,-4.042976,-0.030452,0.990783,0.112783,0.068575,-0.98738,129.513962,24.320587,0.311459,0.863497,0.149087,-0.367614,16.302824,130.298691,26.816961,-0.042618,0.119902,0.456304,-0.880678,29.604839,119.664276,8.746703,-0.037487,-0.187075,0.673948,-0.713717,15.993348,139.631241,4.519748,0.06079,0.93905,0.210826,0.264656,-8.714265,85.679276,11.157198,0.072067,0.993233,-0.053449,0.073745,-8.807687,52.926888,-4.359055,-0.054803,0.970723,0.04593,0.229314,-15.99195,6.128129,0.185534,-0.079407,0.934288,-0.118179,0.326856,7.738936,86.406822,20.140009,0.003335,0.876634,-0.187647,0.443047,10.316561,51.634216,30.024496,-0.034401,0.87235,0.017342,0.487361,2.12975,7.420322,45.53249,-0.054803,0.970723,0.04593,0.229314,-9.021781,1.701816,-12.735629,-0.034401,0.87235,0.017342,0.487361,14.545499,2.238984,38.17485
1019,8.491667,-0.025918,0.968514,0.023347,0.246503,-0.48821,86.042351,15.645944,-0.03485,0.984802,0.107321,0.13203,-0.962886,93.715126,15.895498,-0.033653,0.990384,0.095036,0.094734,-3.033011,114.517502,20.211094,0.046556,0.997599,0.015695,0.048804,-4.807096,135.045654,24.021997,0.091185,0.977163,-0.191633,-0.010733,-3.293455,149.564499,22.677235,-0.017848,0.930218,0.136387,0.340256,-8.275398,129.153625,22.872843,0.288014,-0.614216,-0.01134,-0.734615,-21.702257,130.196014,11.717949,0.067424,0.185094,-0.471382,-0.859647,-15.61322,121.824471,-10.852141,0.204492,0.305402,-0.544473,-0.753964,-2.600595,144.142181,-4.048553,-0.030356,0.990791,0.112755,0.068546,-0.980958,129.515854,24.317472,0.311638,0.863377,0.148824,-0.367849,16.309587,130.297424,26.812435,-0.042648,0.119867,0.456539,-0.88056,29.59749,119.654129,8.737034,-0.037436,-0.187072,0.673957,-0.713712,15.995981,139.628845,4.513476,0.060799,0.939057,0.210825,0.26463,-8.715565,85.679405,11.155855,0.07203,0.993234,-0.053464,0.073755,-8.810013,52.927052,-4.360458,-0.054833,0.970724,0.045956,0.229297,-15.99088,6.12793,0.185688,-0.079435,0.934247,-0.11822,0.326951,7.739144,86.405296,20.136032,0.003348,0.876618,-0.187655,0.443076,10.316669,51.633728,30.024191,-0.034428,0.872329,0.017372,0.487397,2.127902,7.420125,45.531994,-0.054833,0.970724,0.045956,0.229297,-9.020817,1.702565,-12.735852,-0.034428,0.872329,0.017372,0.487397,14.54466,2.239965,38.175236
1020,8.5,-0.025903,0.968531,0.023333,0.24644,-0.488182,86.042625,15.643305,-0.034835,0.98481,0.107353,0.131954,-0.962563,93.715424,15.892744,-0.033559,0.9904,0.094987,0.094649,-3.031873,114.517227,20.209846,0.04673,0.997595,0.015619,0.048749,-4.801556,135.046051,24.019251,0.091252,0.977142,-0.191702,-0.010799,-3.282964,149.564178,22.672413,-0.017858,0.93024,0.136254,0.34025,-8.271132,129.154556,22.87126,0.28784,-0.61432,-0.011249,-0.734597,-21.698114,130.194962,11.71633,0.067291,0.184951,-0.471364,-0.859698,-15.615365,121.823883,-10.855637,0.204466,0.305272,-0.544466,-0.754029,-2.598673,144.14064,-4.054561,-0.030252,0.99081,0.112682,0.068439,-0.976359,129.515579,24.31451,0.311711,0.863313,0.148886,-0.367912,16.314919,130.294174,26.805336,-0.042614,0.11974,0.4566,-0.880547,29.59823,119.65033,8.72688,-0.037341,-0.187059,0.673997,-0.713682,15.998162,139.626617,4.508248,0.060783,0.939097,0.210811,0.2645,-8.716142,85.679855,11.15431,0.07202,0.993236,-0.053459,0.073739,-8.81197,52.926956,-4.360837,-0.05472,0.970719,0.046006,0.229332,-15.991855,6.127656,0.185063,-0.079428,0.934291,-0.118282,0.326803,7.739777,86.405388,20.132299,0.003355,0.87672,-0.187661,0.442871,10.316833,51.634796,30.024008,-0.034448,0.872366,0.01737,0.487329,2.130888,7.421416,45.533932,-0.05472,0.970719,0.046006,0.229332,-9.021987,1.702874,-12.736786,-0.034448,0.872366,0.01737,0.487329,14.546686,2.241449,38.175411
1021,8.508333,-0.025832,0.968551,0.023274,0.246373,-0.489775,86.041656,15.641146,-0.034786,0.984827,0.10729,0.131892,-0.962866,93.714546,15.890007,-0.033491,0.99041,0.094979,0.094581,-3.029557,114.51783,20.205065,0.046855,0.997592,0.015642,0.048683,-4.796117,135.046906,24.014565,0.09134,0.977117,-0.191783,-0.010893,-3.274149,149.564743,22.668459,-0.017776,0.930294,0.136221,0.34012,-8.266599,129.155823,22.867138,0.287995,-0.614408,-0.011312,-0.734462,-21.69677,130.197876,11.716197,0.067411,0.184881,-0.471283,-0.859748,-15.619423,121.823036,-10.855826,0.204442,0.305199,-0.544461,-0.754068,-2.597553,144.137787,-4.060367,-0.030172,0.990821,0.112641,0.068385,-0.971565,129.515961,24.309301,0.311844,0.863245,0.148813,-0.367991,16.32015,130.292114,26.797905,-0.042562,0.119661,0.456706,-0.880505,29.596502,119.642914,8.717494,-0.037285,-0.187089,0.674062,-0.713616,15.99994,139.622757,4.501539,0.06073,0.939129,0.210797,0.264411,-8.718422,85.679855,11.15333,0.072029,0.993257,-0.05342,0.073472,-8.812377,52.926056,-4.359944,-0.054925,0.970731,0.045941,0.229248,-15.991595,6.126484,0.184163,-0.079424,0.934323,-0.118325,0.326698,7.738872,86.40345,20.128962,0.003382,0.876738,-0.187653,0.442839,10.315733,51.63353,30.023092,-0.034385,0.87234,0.01741,0.487379,2.128393,7.419893,45.53154,-0.054925,0.970731,0.045941,0.229248,-9.021889,1.701331,-12.737645,-0.034385,0.87234,0.01741,0.487379,14.544609,2.240047,38.173637
1022,8.516667,-0.025776,0.968566,0.023189,0.246329,-0.491829,86.039398,15.637961,-0.034704,0.984837,0.107305,0.131822,-0.963749,93.712402,15.88579,-0.033464,0.990424,0.094915,0.09451,-3.026765,114.515411,20.202013,0.046891,0.997595,0.015497,0.048631,-4.791676,135.045074,24.009121,0.091501,0.977101,-0.191789,-0.010909,-3.268628,149.562408,22.658749,-0.017519,0.93031,0.136151,0.340118,-8.262639,129.154037,22.862961,0.288055,-0.614476,-0.011164,-0.734383,-21.693188,130.203583,11.713171,0.06744,0.184795,-0.471288,-0.859762,-15.619847,121.820473,-10.856872,0.204423,0.305127,-0.544526,-0.754056,-2.596559,144.135803,-4.065988,-0.030126,0.990834,0.112581,0.068308,-0.967375,129.513962,24.304014,0.312071,0.863136,0.149352,-0.367833,16.324804,130.288986,26.789743,-0.042177,0.119388,0.456696,-0.880566,29.599869,119.640373,8.708027,-0.03713,-0.187159,0.674179,-0.713495,16.001007,139.616364,4.49525,0.060699,0.939149,0.210796,0.264346,-8.720939,85.6782,11.150942,0.072031,0.993267,-0.053421,0.073337,-8.813908,52.92411,-4.361717,-0.054838,0.970724,0.045967,0.229294,-15.992695,6.124562,0.183393,-0.079396,0.934366,-0.118329,0.326581,7.73728,86.400597,20.124981,0.003347,0.876729,-0.187687,0.442841,10.313402,51.630436,30.018463,-0.034471,0.872352,0.017317,0.487353,2.127567,7.417986,45.53109,-0.054838,0.970724,0.045967,0.229294,-9.022658,1.699524,-12.738281,-0.034471,0.872352,0.017317,0.487353,14.54375,2.237051,38.173893
1023,8.525,-0.025716,0.968606,0.023071,0.246188,-0.490772,86.037132,15.636179,-0.034574,0.984857,0.107336,0.131682,-0.961321,93.710266,15.882547,-0.03357,0.99044,0.094817,0.0944,-3.018302,114.512001,20.200819,0.047046,0.997591,0.015384,0.048614,-4.786816,135.042145,24.003654,0.091499,0.977097,-0.191808,-0.010896,-3.259197,149.558701,22.65019,-0.017508,0.930345,0.136226,0.339993,-8.256755,129.150116,22.859493,0.288087,-0.614535,-0.011281,-0.73432,-21.690289,130.200287,11.713363,0.067445,0.184742,-0.471268,-0.859784,-15.620655,121.819626,-10.858582,0.204446,0.305027,-0.544583,-0.754049,-2.595072,144.13472,-4.069845,-0.03005,0.990842,0.112574,0.068232,-0.961288,129.511902,24.299047,0.312209,0.863052,0.149268,-0.367949,16.331417,130.284607,26.781849,-0.042087,0.119275,0.456796,-0.880534,29.598003,119.630745,8.697004,-0.037083,-0.187291,0.674285,-0.713363,16.002087,139.60997,4.487425,0.060724,0.939173,0.210865,0.264203,-8.721238,85.676399,11.151616,0.072,0.993271,-0.053438,0.073302,-8.816848,52.92461,-4.36589,-0.054805,0.970731,0.045947,0.229276,-15.992657,6.124812,0.181385,-0.079284,0.934355,-0.118363,0.326625,7.739696,86.397873,20.120741,0.003243,0.876731,-0.187698,0.442834,10.306988,51.626999,30.014006,-0.03432,0.872387,0.017418,0.487299,2.129452,7.414851,45.531887,-0.054805,0.970731,0.045947,0.229276,-9.023443,1.698929,-12.740443,-0.03432,0.872387,0.017418,0.487299,14.543742,2.2342,38.171299
1024,8.533333,-0.025668,0.968622,0.023015,0.246135,-0.493109,86.036407,15.633586,-0.03464,0.984861,0.107302,0.131663,-0.962705,93.709618,15.879332,-0.033324,0.990452,0.094821,0.094357,-3.022355,114.51342,20.196257,0.047228,0.997584,0.015358,0.04857,-4.780526,135.044235,24.000319,0.091539,0.977074,-0.191903,-0.010972,-3.247736,149.560196,22.646284,-0.017558,0.930363,0.136126,0.339981,-8.253439,129.1539,22.856337,0.288096,-0.614602,-0.01127,-0.73426,-21.687189,130.201202,11.710213,0.067381,0.184691,-0.47126,-0.859804,-15.621673,121.81884,-10.862198,0.204285,0.305035,-0.544567,-0.754101,-2.594785,144.133133,-4.07404,-0.029994,0.990851,0.11256,0.068161,-0.95761,129.512146,24.294933,0.312355,0.863004,0.149094,-0.368007,16.335539,130.283218,26.775068,-0.042032,0.119242,0.45691,-0.880482,29.595413,119.621071,8.690204,-0.037018,-0.187318,0.674333,-0.713314,16.003658,139.604431,4.481185,0.060737,0.939169,0.210883,0.2642,-8.724106,85.67627,11.149958,0.071965,0.993277,-0.053457,0.073248,-8.820299,52.925171,-4.368982,-0.054724,0.97074,0.045922,0.22926,-15.992692,6.125081,0.180673,-0.079234,0.934431,-0.118427,0.326399,7.737888,86.396545,20.117214,0.00322,0.876704,-0.187678,0.442896,10.302666,51.626205,30.012995,-0.034409,0.87235,0.017356,0.48736,2.126761,7.413342,45.529678,-0.054724,0.97074,0.045922,0.22926,-9.024724,1.697862,-12.74136,-0.034409,0.87235,0.017356,0.48736,14.542633,2.232484,38.171921
1025,8.541667,-0.02568,0.968634,0.02296,0.246093,-0.493995,86.037323,15.631554,-0.034419,0.984884,0.107286,0.131563,-0.963563,93.710556,15.87645,-0.033462,0.990459,0.094786,0.094275,-3.013046,114.511345,20.193396,0.047382,0.997579,0.015294,0.048556,-4.776494,135.042038,23.995625,0.091565,0.977069,-0.191913,-0.010982,-3.239212,149.557358,22.639902,-0.017457,0.930398,0.136192,0.339864,-8.247901,129.150635,22.852707,0.287999,-0.614683,-0.011251,-0.734231,-21.684568,130.201447,11.710421,0.067283,0.184612,-0.47124,-0.85984,-15.623935,121.820221,-10.863732,0.204253,0.304937,-0.5446,-0.754125,-2.594264,144.133514,-4.076197,-0.029901,0.990847,0.112663,0.068083,-0.951977,129.511078,24.290279,0.312334,0.862991,0.149057,-0.36807,16.341743,130.278992,26.767439,-0.042034,0.119151,0.456941,-0.880478,29.599997,119.617737,8.680849,-0.036853,-0.187397,0.674296,-0.713337,16.00901,139.601501,4.476069,0.060696,0.9392,0.210902,0.264083,-8.72537,85.676666,11.148655,0.071992,0.993278,-0.053477,0.07319,-8.820345,52.925777,-4.370726,-0.054612,0.970734,0.045944,0.22931,-15.995188,6.126282,0.181069,-0.079249,0.934483,-0.1185,0.326219,7.737382,86.397972,20.114452,0.003263,0.876762,-0.18767,0.442784,10.303297,51.629055,30.014969,-0.034309,0.872347,0.017418,0.487371,2.12618,7.41592,45.530258,-0.054612,0.970734,0.045944,0.22931,-9.027037,1.698878,-12.740806,-0.034309,0.872347,0.017418,0.487371,14.541578,2.235162,38.171623
1026,8.55,-0.025662,0.968657,0.023109,0.245991,-0.493009,86.036888,15.624852,-0.034417,0.984892,0.107283,0.131504,-0.962834,93.710037,15.872092,-0.033373,0.990466,0.0948,0.094218,-3.011998,114.511551,20.189186,0.047421,0.997581,0.015139,0.048516,-4.771574,135.042389,23.992455,0.091638,0.977062,-0.191918,-0.010987,-3.233102,149.557159,22.632225,-0.017385,0.930431,0.136175,0.339783,-8.244099,129.151581,22.849766,0.287993,-0.614761,-0.011239,-0.734168,-21.682764,130.204132,11.710052,0.067231,0.184543,-0.471209,-0.859875,-15.626897,121.821503,-10.864853,0.204163,0.304851,-0.544635,-0.754159,-2.594371,144.133377,-4.078755,-0.029813,0.99086,0.112616,0.068013,-0.947927,129.510773,24.286388,0.312411,0.862946,0.149173,-0.368063,16.346308,130.276031,26.76078,-0.041909,0.11904,0.456984,-0.880476,29.602421,119.614243,8.672937,-0.036665,-0.187392,0.674305,-0.713339,16.0124,139.598495,4.470353,0.060707,0.939209,0.210903,0.264048,-8.725342,85.677216,11.143634,0.071978,0.993264,-0.053552,0.073341,-8.821582,52.926445,-4.376014,-0.054829,0.970728,0.045943,0.229281,-15.996303,6.127515,0.181865,-0.079274,0.934471,-0.118631,0.326199,7.739324,86.396561,20.106071,0.003262,0.876816,-0.187712,0.44266,10.303971,51.63018,30.015827,-0.034344,0.872425,0.017357,0.487231,2.127398,7.418537,45.535641,-0.054829,0.970728,0.045943,0.229281,-9.026713,1.701729,-12.739786,-0.034344,0.872425,0.017357,0.487231,14.54048,2.23665,38.173889
1027,8.558333,-0.025631,0.968673,0.023087,0.245933,-0.493619,86.037048,15.622001,-0.034321,0.984914,0.107232,0.131409,-0.962893,93.710243,15.869054,-0.033334,0.990478,0.094794,0.094112,-3.007365,114.51265,20.18482,0.047567,0.997578,0.015203,0.04842,-4.764925,135.04364,23.988184,0.091645,0.977042,-0.192006,-0.011123,-3.222616,149.558182,22.629845,-0.01718,0.930454,0.136281,0.339688,-8.238041,129.15303,22.846334,0.287952,-0.614877,-0.011043,-0.73409,-21.679228,130.213013,11.710361,0.067236,0.184459,-0.471176,-0.859911,-15.630216,121.822784,-10.863569,0.204228,0.304769,-0.544545,-0.75424,-2.594471,144.13356,-4.081048,-0.029715,0.990859,0.112657,0.068005,-0.941532,129.51181,24.281363,0.312428,0.862925,0.148776,-0.36826,16.352951,130.273621,26.755133,-0.041953,0.119001,0.457087,-0.880426,29.60136,119.605614,8.665295,-0.036452,-0.187422,0.674355,-0.713295,16.014715,139.594543,4.465649,0.060657,0.939239,0.210956,0.263911,-8.726525,85.677795,11.141794,0.071996,0.993254,-0.053595,0.07342,-8.820582,52.928196,-4.380336,-0.054756,0.970722,0.045887,0.229335,-15.997666,6.129951,0.180831,-0.079276,0.934488,-0.118692,0.326129,7.739286,86.396309,20.102205,0.003263,0.876848,-0.187706,0.442599,10.303315,51.631004,30.015873,-0.03432,0.872404,0.017382,0.48727,2.127937,7.419169,45.535774,-0.054756,0.970722,0.045887,0.229335,-9.027459,1.702068,-12.739778,-0.03432,0.872404,0.017382,0.48727,14.541554,2.237581,38.174713
1028,8.566667,-0.025592,0.96869,0.023026,0.245873,-0.494239,86.035988,15.618539,-0.034239,0.984929,0.107204,0.131335,-0.962689,93.709251,15.864857,-0.033294,0.990486,0.094793,0.094036,-3.00309,114.51075,20.179792,0.047556,0.997584,0.015132,0.048322,-4.758684,135.041855,23.983383,0.091728,0.977028,-0.192032,-0.011218,-3.216894,149.556259,22.62278,-0.017202,0.930513,0.136193,0.339559,-8.23237,129.151474,22.84211,0.287884,-0.614938,-0.011067,-0.734065,-21.676575,130.209045,11.70956,0.067205,0.184412,-0.471142,-0.859942,-15.631324,121.820869,-10.866122,0.204246,0.304769,-0.544581,-0.754209,-2.592842,144.130508,-4.084525,-0.029665,0.990863,0.112635,0.068001,-0.935609,129.509781,24.275959,0.312591,0.862846,0.148771,-0.368307,16.358988,130.269943,26.749384,-0.0418,0.118954,0.457155,-0.880405,29.600561,119.596436,8.657807,-0.036442,-0.187455,0.674325,-0.713315,16.016006,139.587387,4.456881,0.060698,0.93922,0.210985,0.263943,-8.727726,85.677124,11.13938,0.071961,0.993252,-0.053642,0.073455,-8.823483,52.928795,-4.385413,-0.054669,0.970727,0.045831,0.229347,-15.997717,6.130549,0.180224,-0.079244,0.934453,-0.11873,0.326224,7.739249,86.394859,20.097698,0.003226,0.876789,-0.187671,0.442729,10.299194,51.629841,30.013412,-0.034295,0.872353,0.017426,0.487361,2.126089,7.416734,45.530869,-0.054669,0.970727,0.045831,0.229347,-9.028133,1.700419,-12.739946,-0.034295,0.872353,0.017426,0.487361,14.541212,2.235963,38.17178
1029,8.575,-0.025559,0.968707,0.023006,0.245812,-0.494567,86.033585,15.614804,-0.034199,0.984941,0.107224,0.131242,-0.962433,93.706886,15.860984,-0.033227,0.990504,0.094739,0.093931,-3.000965,114.509201,20.177349,0.047656,0.997586,0.015176,0.048173,-4.753151,135.040924,23.979202,0.091799,0.977009,-0.192083,-0.011435,-3.209013,149.555176,22.619774,-0.017042,0.930533,0.136214,0.339505,-8.227826,129.150848,22.839302,0.287975,-0.615031,-0.010995,-0.733953,-21.673506,130.213623,11.709038,0.067252,0.184345,-0.47111,-0.859971,-15.633869,121.818665,-10.865625,0.204203,0.30471,-0.544547,-0.754269,-2.592895,144.127014,-4.088149,-0.029578,0.990873,0.112598,0.06796,-0.930705,129.508392,24.271507,0.312705,0.862787,0.148783,-0.368345,16.364267,130.265793,26.74313,-0.041652,0.118878,0.457176,-0.880411,29.60095,119.588852,8.650003,-0.036386,-0.187464,0.67441,-0.713236,16.016558,139.579773,4.44904,0.060691,0.939224,0.211011,0.26391,-8.728656,85.675194,11.136711,0.071931,0.993249,-0.053679,0.073497,-8.823929,52.927578,-4.389588,-0.054756,0.970741,0.045812,0.229272,-15.995777,6.129301,0.179447,-0.079231,0.934508,-0.118763,0.326058,7.739521,86.391975,20.092899,0.003228,0.876802,-0.187698,0.442693,10.299536,51.627373,30.010069,-0.034409,0.872366,0.017348,0.487332,2.125788,7.415238,45.529957,-0.054756,0.970741,0.045812,0.229272,-9.027276,1.699228,-12.741322,-0.034409,0.872366,0.017348,0.487332,14.541147,2.234153,38.17149
1030,8.583333,-0.025517,0.968725,0.022958,0.24575,-0.495081,86.032166,15.611374,-0.034175,0.98495,0.10723,0.131176,-0.962121,93.705536,15.857026,-0.033148,0.990515,0.094722,0.093859,-2.99937,114.50766,20.173882,0.047685,0.997591,0.015095,0.048074,-4.747943,135.039734,23.975498,0.091844,0.977002,-0.19209,-0.011549,-3.203191,149.553696,22.613573,-0.01702,0.930563,0.13618,0.339437,-8.223661,129.150146,22.836296,0.287924,-0.61512,-0.010987,-0.733898,-21.671,130.212875,11.708023,0.067228,0.18428,-0.471045,-0.860022,-15.636818,121.817848,-10.868079,0.204207,0.304622,-0.544458,-0.754368,-2.591044,144.124557,-4.092118,-0.029552,0.990881,0.112537,0.067945,-0.92626,129.506653,24.267336,0.3128,0.862746,0.148717,-0.368385,16.368841,130.263367,26.738289,-0.041542,0.118922,0.457249,-0.880372,29.601074,119.582031,8.644493,-0.036336,-0.187474,0.674339,-0.713302,16.020906,139.574127,4.439689,0.060661,0.939237,0.211044,0.263846,-8.729781,85.674286,11.134364,0.071943,0.99326,-0.053702,0.073314,-8.823399,52.927422,-4.393526,-0.0547,0.970739,0.045822,0.229291,-15.995672,6.129545,0.178951,-0.079188,0.934468,-0.118782,0.326174,7.73962,86.390045,20.088385,0.003141,0.876711,-0.187709,0.442869,10.29506,51.625263,30.006128,-0.0344,0.87234,0.017383,0.487378,2.124919,7.413471,45.528896,-0.0547,0.970739,0.045822,0.229291,-9.027245,1.699345,-12.741817,-0.0344,0.87234,0.017383,0.487378,14.541131,2.233159,38.171322
1031,8.591667,-0.025493,0.968736,0.022949,0.245711,-0.493982,86.032822,15.60819,-0.034118,0.984964,0.107196,0.131114,-0.960622,93.706215,15.853815,-0.033099,0.99052,0.094763,0.093783,-2.994867,114.507362,20.169405,0.047864,0.997585,0.015083,0.048025,-4.741301,135.039261,23.973021,0.09175,0.977,-0.19214,-0.011636,-3.191495,149.552658,22.61091,-0.017037,0.930619,0.136124,0.339306,-8.217642,129.150024,22.833891,0.287866,-0.61522,-0.011023,-0.733837,-21.668072,130.210892,11.709173,0.067224,0.184219,-0.470953,-0.860086,-15.639976,121.817505,-10.869169,0.204256,0.304541,-0.544436,-0.754403,-2.588362,144.121307,-4.094923,-0.02944,0.990878,0.112594,0.067946,-0.919981,129.505859,24.263779,0.312872,0.862684,0.148826,-0.368426,16.375351,130.258545,26.734385,-0.041471,0.118901,0.457289,-0.880358,29.603867,119.577408,8.637754,-0.036301,-0.187358,0.674269,-0.713401,16.025385,139.570267,4.432447,0.060647,0.939264,0.211065,0.263737,-8.729061,85.675308,11.131844,0.071944,0.993262,-0.053744,0.073258,-8.823161,52.928978,-4.39717,-0.054665,0.970744,0.045812,0.22928,-15.995518,6.131539,0.17965,-0.079222,0.934481,-0.118866,0.326098,7.741096,86.390327,20.084536,0.003203,0.876774,-0.18771,0.442743,10.297548,51.627403,30.008497,-0.034414,0.872333,0.017399,0.487389,2.124429,7.415673,45.529865,-0.054665,0.970744,0.045812,0.22928,-9.027737,1.700764,-12.741271,-0.034414,0.872333,0.017399,0.487389,14.541045,2.235957,38.17255
1032,8.6,-0.025392,0.968755,0.022898,0.245651,-0.497035,86.033592,15.607015,-0.034023,0.984984,0.107111,0.131058,-0.961956,93.7071,15.85229,-0.03303,0.990522,0.094824,0.093721,-2.991214,114.506187,20.164371,0.047956,0.997586,0.015029,0.047931,-4.734779,135.037781,23.970884,0.091727,0.977002,-0.192132,-0.011778,-3.182539,149.550766,22.607166,-0.01697,0.930446,0.136334,0.339698,-8.211948,129.149094,22.831486,0.287538,-0.615465,-0.010666,-0.733765,-21.653139,130.216599,11.696255,0.066881,0.184273,-0.470925,-0.860117,-15.639684,121.816696,-10.883561,0.204333,0.304353,-0.544345,-0.754524,-2.585781,144.11998,-4.096826,-0.029563,0.99088,0.112635,0.0678,-0.914049,129.503922,24.260387,0.313021,0.862646,0.148721,-0.368432,16.381712,130.261353,26.726467,-0.041349,0.11881,0.457342,-0.880348,29.605394,119.572533,8.630842,-0.036144,-0.187319,0.674291,-0.713399,16.028107,139.566788,4.42685,0.0607,0.939226,0.211109,0.263823,-8.732764,85.67765,11.131747,0.071884,0.99325,-0.05381,0.07343,-8.828157,52.933128,-4.401067,-0.054728,0.970741,0.045795,0.229279,-15.99617,6.135547,0.181161,-0.079284,0.934477,-0.118885,0.326087,7.738695,86.389526,20.082281,0.003226,0.876788,-0.187738,0.442703,10.298993,51.627636,30.0089,-0.034443,0.872337,0.017503,0.487376,2.123527,7.416916,45.531918,-0.054728,0.970741,0.045795,0.229279,-9.027794,1.704783,-12.739439,-0.034443,0.872337,0.017503,0.487376,14.540689,2.240218,38.173405
1033,8.608333,-0.025397,0.968769,0.022925,0.245595,-0.49661,86.034256,15.603709,-0.03396,0.984994,0.107067,0.131032,-0.961706,93.707741,15.849401,-0.032958,0.990521,0.094877,0.093699,-2.987774,114.50547,20.15967,0.048069,0.997582,0.015026,0.047887,-4.728472,135.036835,23.968691,0.091697,0.976997,-0.192166,-0.011876,-3.173084,149.549484,22.604969,-0.016782,0.930708,0.135931,0.339153,-8.206467,129.148727,22.828817,0.28768,-0.615433,-0.010851,-0.733734,-21.660828,130.214844,11.709362,0.067158,0.184061,-0.470798,-0.86021,-15.645599,121.817795,-10.87104,0.20439,0.304197,-0.544207,-0.754671,-2.582686,144.116928,-4.10045,-0.029516,0.990875,0.112712,0.067754,-0.908433,129.502457,24.257313,0.313109,0.862583,0.148877,-0.368441,16.387646,130.258255,26.721684,-0.041197,0.118698,0.457369,-0.880356,29.608238,119.569572,8.623724,-0.035962,-0.187212,0.674366,-0.713365,16.031487,139.563171,4.421366,0.060713,0.939232,0.211116,0.263792,-8.732855,85.678307,11.129387,0.071888,0.993272,-0.053825,0.07312,-8.829462,52.93412,-4.404129,-0.054708,0.970747,0.045804,0.229256,-15.996514,6.136754,0.181684,-0.079314,0.934451,-0.118953,0.32613,7.739634,86.390205,20.078032,0.003233,0.876804,-0.187747,0.442669,10.299841,51.629841,30.009985,-0.034312,0.872337,0.017589,0.487383,2.124019,7.419455,45.533764,-0.054708,0.970747,0.045804,0.229256,-9.02893,1.706064,-12.739367,-0.034312,0.872337,0.017589,0.487383,14.540447,2.243013,38.173832
1034,8.616667,-0.02541,0.968786,0.022938,0.245524,-0.493984,86.034027,15.599736,-0.033965,0.985001,0.107071,0.130978,-0.959298,93.707497,15.845609,-0.032901,0.990529,0.094872,0.093646,-2.985262,114.504158,20.155901,0.048051,0.997591,0.014972,0.047736,-4.723342,135.035736,23.965029,0.091861,0.976988,-0.192121,-0.012084,-3.168913,149.548309,22.599436,-0.016712,0.930762,0.135887,0.339025,-8.202095,129.14798,22.825588,0.287736,-0.615463,-0.010896,-0.733685,-21.659571,130.215179,11.709999,0.067265,0.184021,-0.470695,-0.860266,-15.646227,121.817566,-10.870709,0.204456,0.304059,-0.54411,-0.754778,-2.577928,144.113205,-4.104009,-0.029501,0.990879,0.112694,0.067739,-0.903855,129.500946,24.253231,0.313234,0.862525,0.148863,-0.368478,16.39233,130.256332,26.717028,-0.041057,0.118634,0.457417,-0.880346,29.607729,119.563255,8.617859,-0.035892,-0.187238,0.674413,-0.713316,16.03282,139.557144,4.415369,0.060676,0.939276,0.211215,0.263567,-8.730871,85.677879,11.126607,0.0719,0.993252,-0.053932,0.073298,-8.826717,52.936394,-4.412611,-0.054602,0.970747,0.045779,0.229288,-15.996382,6.140283,0.181965,-0.079268,0.934446,-0.118984,0.326145,7.742902,86.390182,20.072865,0.003184,0.876702,-0.187778,0.442858,10.299061,51.629807,30.005857,-0.034295,0.872306,0.017605,0.487438,2.122698,7.420489,45.532425,-0.054602,0.970747,0.045779,0.229288,-9.029066,1.708091,-12.738723,-0.034295,0.872306,0.017605,0.487438,14.539965,2.244234,38.173763
1035,8.625,-0.025379,0.9688,0.022903,0.245474,-0.493617,86.032341,15.596615,-0.033958,0.98501,0.107081,0.130904,-0.95832,93.705864,15.842101,-0.032784,0.990545,0.094836,0.093553,-2.983755,114.502907,20.153126,0.048024,0.997597,0.014926,0.04765,-4.716503,135.03508,23.961445,0.091902,0.976981,-0.192131,-0.012132,-3.163081,149.547623,22.59432,-0.01672,0.930792,0.135865,0.338951,-8.196793,129.148041,22.823053,0.287679,-0.615514,-0.010818,-0.733667,-21.656013,130.214371,11.709501,0.067244,0.183934,-0.470639,-0.860317,-15.645674,121.814919,-10.871313,0.204408,0.303971,-0.544033,-0.754882,-2.572724,144.108978,-4.107358,-0.02931,0.990921,0.112393,0.067702,-0.898183,129.499466,24.249176,0.313335,0.862455,0.148812,-0.368576,16.398567,130.24913,26.710724,-0.041145,0.118684,0.457529,-0.880277,29.607206,119.552597,8.608675,-0.036091,-0.187205,0.674276,-0.713445,16.038025,139.550247,4.406648,0.060657,0.939277,0.211269,0.263522,-8.730992,85.676567,11.124361,0.071895,0.993251,-0.053988,0.073267,-8.825206,52.936577,-4.418029,-0.054598,0.970764,0.045744,0.229224,-15.994653,6.140974,0.182059,-0.079238,0.934462,-0.118997,0.326102,7.743758,86.388115,20.068869,0.003147,0.876666,-0.187786,0.442925,10.298035,51.627628,30.001932,-0.034477,0.872293,0.017505,0.487453,2.123196,7.418579,45.530037,-0.054598,0.970764,0.045744,0.229224,-9.029074,1.707674,-12.739184,-0.034477,0.872293,0.017505,0.487453,14.541996,2.242486,38.173855
1036,8.633333,-0.025321,0.968815,0.022818,0.245429,-0.493571,86.032013,15.594658,-0.033923,0.985021,0.107065,0.130843,-0.957084,93.705627,15.839118,-0.032726,0.990555,0.094826,0.093482,-2.98072,114.503334,20.149862,0.048062,0.9976,0.014885,0.047569,-4.710769,135.035751,23.958107,0.091944,0.976977,-0.192127,-0.012219,-3.156443,149.54808,22.589703,-0.016735,0.930828,0.135855,0.338854,-8.19184,129.149048,22.820349,0.287597,-0.615534,-0.010676,-0.733684,-21.653334,130.214279,11.709436,0.067299,0.183833,-0.470586,-0.860364,-15.644062,121.811905,-10.870581,0.204468,0.303971,-0.543973,-0.75491,-2.56654,144.10466,-4.112054,-0.029244,0.990922,0.112418,0.067682,-0.892974,129.499741,24.245344,0.313488,0.862361,0.148842,-0.368653,16.404007,130.247147,26.705963,-0.040922,0.118397,0.45757,-0.880305,29.605043,119.546631,8.600717,-0.035839,-0.187307,0.674672,-0.713056,16.034161,139.545044,4.405934,0.060622,0.939281,0.211312,0.263483,-8.731421,85.676865,11.123223,0.071937,0.993276,-0.053976,0.072898,-8.823032,52.937878,-4.421289,-0.054607,0.970769,0.045636,0.229223,-15.994602,6.142721,0.179992,-0.079213,0.934434,-0.118971,0.326198,7.744278,86.387161,20.066093,0.00311,0.876668,-0.187821,0.442908,10.296533,51.625942,29.997135,-0.034551,0.872292,0.017503,0.487449,2.123641,7.418114,45.529755,-0.054607,0.970769,0.045636,0.229223,-9.029066,1.706422,-12.740249,-0.034551,0.872292,0.017503,0.487449,14.543065,2.243043,38.173901
1037,8.641667,-0.025333,0.968829,0.022852,0.245369,-0.49213,86.031326,15.590978,-0.033922,0.985027,0.107098,0.130773,-0.955936,93.704918,15.835931,-0.03267,0.990568,0.094778,0.093408,-2.979447,114.502548,20.148256,0.048223,0.997595,0.014873,0.047509,-4.706702,135.035507,23.954893,0.091888,0.976978,-0.19214,-0.012319,-3.147892,149.547333,22.586275,-0.016866,0.930611,0.136128,0.339334,-8.188581,129.149063,22.81822,0.287297,-0.615719,-0.010365,-0.733651,-21.638533,130.215683,11.69348,0.067001,0.183922,-0.470552,-0.860386,-15.640277,121.808472,-10.887666,0.204518,0.30388,-0.543873,-0.755005,-2.560775,144.101089,-4.116155,-0.029152,0.990929,0.112408,0.067631,-0.889455,129.499115,24.242037,0.313641,0.862281,0.149022,-0.368637,16.407953,130.243546,26.700535,-0.040914,0.118454,0.457685,-0.880238,29.604811,119.540878,8.593506,-0.036097,-0.18737,0.67442,-0.713265,16.040277,139.542114,4.396865,0.060614,0.939283,0.211388,0.263417,-8.730515,85.676094,11.120543,0.071901,0.993265,-0.054078,0.073006,-8.821142,52.939342,-4.428698,-0.054656,0.970792,0.04565,0.229112,-15.990504,6.144741,0.181737,-0.079232,0.934445,-0.119036,0.326137,7.746254,86.386566,20.061413,0.003133,0.876642,-0.187818,0.442961,10.298863,51.626682,29.997005,-0.034548,0.872267,0.017536,0.487494,2.123254,7.418764,45.527916,-0.054656,0.970792,0.04565,0.229112,-9.02738,1.709099,-12.740022,-0.034548,0.872267,0.017536,0.487494,14.543562,2.244514,38.172993
1038,8.65,-0.025356,0.968852,0.022866,0.245277,-0.490746,86.032639,15.588716,-0.033891,0.985036,0.107051,0.130751,-0.954931,93.7062,15.833838,-0.032628,0.990566,0.094819,0.093405,-2.976575,114.502335,20.144024,0.048336,0.997592,0.014847,0.047464,-4.702209,135.03508,23.952501,0.091851,0.976985,-0.192118,-0.012439,-3.140255,149.546509,22.5832,-0.016851,0.930634,0.136153,0.339263,-8.184554,129.149002,22.815361,0.287209,-0.615772,-0.010292,-0.733641,-21.636221,130.216049,11.692734,0.066995,0.183863,-0.470486,-0.860435,-15.64115,121.808113,-10.888984,0.204615,0.303707,-0.543717,-0.75516,-2.557488,144.098206,-4.119427,-0.029103,0.990927,0.112499,0.067527,-0.885379,129.498367,24.239096,0.313736,0.862226,0.149104,-0.36865,16.412622,130.241318,26.693884,-0.040844,0.118211,0.457764,-0.880233,29.606045,119.537018,8.585316,-0.035853,-0.187494,0.674459,-0.713208,16.042196,139.540619,4.39778,0.060589,0.939279,0.211465,0.263374,-8.729954,85.676987,11.119826,0.071927,0.993249,-0.05415,0.073148,-8.818046,52.942383,-4.433942,-0.054518,0.970789,0.045633,0.229159,-15.990989,6.148881,0.182065,-0.079231,0.934437,-0.119064,0.326151,7.74846,86.388283,20.057606,0.003085,0.876613,-0.187887,0.442988,10.300191,51.628876,29.995083,-0.034388,0.872298,0.017625,0.487445,2.125143,7.423407,45.533268,-0.054518,0.970789,0.045633,0.229159,-9.028031,1.711741,-12.739274,-0.034388,0.872298,0.017625,0.487445,14.543518,2.249012,38.175182
1039,8.658333,-0.02538,0.968877,0.023003,0.245161,-0.487614,86.032249,15.584394,-0.033978,0.985041,0.106998,0.130734,-0.952629,93.705696,15.83152,-0.03244,0.990567,0.094884,0.093388,-2.977679,114.503113,20.139246,0.048379,0.997594,0.014778,0.047405,-4.695692,135.035843,23.951202,0.091795,0.976993,-0.192099,-0.012529,-3.132582,149.546951,22.579851,-0.016814,0.930661,0.136152,0.339191,-8.180224,129.151215,22.813364,0.287171,-0.615821,-0.010157,-0.733617,-21.633642,130.219101,11.692938,0.067014,0.183756,-0.470419,-0.860493,-15.641418,121.806694,-10.88787,0.204596,0.303578,-0.543596,-0.755305,-2.552804,144.094131,-4.123172,-0.029014,0.990929,0.112494,0.067549,-0.880818,129.497742,24.236607,0.313825,0.862129,0.149188,-0.36877,16.417261,130.237503,26.691814,-0.040793,0.118063,0.457871,-0.880199,29.603546,119.533363,8.577962,-0.035781,-0.1876,0.674556,-0.713092,16.042261,139.541031,4.395905,0.060622,0.939303,0.2115,0.263254,-8.727871,85.676743,11.117431,0.071871,0.993243,-0.054246,0.07322,-8.81951,52.943504,-4.439186,-0.054494,0.970805,0.045619,0.2291,-15.988223,6.150234,0.185721,-0.079267,0.9344,-0.119172,0.326207,7.752644,86.387756,20.051357,0.003109,0.876573,-0.187909,0.443058,10.303515,51.630611,29.996983,-0.034163,0.872273,0.017815,0.487499,2.124342,7.42594,45.535263,-0.054494,0.970805,0.045619,0.2291,-9.027084,1.712432,-12.736366,-0.034163,0.872273,0.017815,0.487499,14.542355,2.253049,38.175503
1040,8.666667,-0.025217,0.968901,0.022891,0.245093,-0.495767,86.035805,15.583799,-0.033732,0.985062,0.106991,0.130648,-0.957927,93.709457,15.829903,-0.03259,0.990574,0.094816,0.093332,-2.971542,114.500702,20.137486,0.048428,0.997595,0.014819,0.047312,-4.695317,135.033569,23.946119,0.091909,0.976991,-0.192041,-0.012683,-3.131128,149.544662,22.57585,-0.016681,0.930673,0.136181,0.339152,-8.178203,129.14772,22.809544,0.287215,-0.615881,-0.010148,-0.733549,-21.632694,130.220062,11.690836,0.067125,0.183739,-0.470317,-0.860544,-15.644139,121.805099,-10.889993,0.204759,0.303419,-0.543536,-0.755367,-2.54965,144.09079,-4.12781,-0.028953,0.990925,0.112564,0.067514,-0.878787,129.496628,24.232161,0.313973,0.86206,0.149439,-0.368704,16.419584,130.234283,26.685974,-0.040699,0.117956,0.457937,-0.880184,29.603683,119.529007,8.571194,-0.035807,-0.187669,0.674452,-0.713171,16.044798,139.53746,4.392063,0.060524,0.939252,0.21151,0.263451,-8.736804,85.682693,11.118081,0.071866,0.993245,-0.054231,0.073207,-8.818338,52.948917,-4.437441,-0.054285,0.970827,0.045549,0.229071,-15.986355,6.155414,0.186188,-0.079523,0.93453,-0.119257,0.325742,7.745269,86.388916,20.049519,0.003402,0.876841,-0.187874,0.442541,10.316237,51.6362,30.005449,-0.034247,0.872231,0.017691,0.487574,2.123223,7.430458,45.533401,-0.054285,0.970827,0.045549,0.229071,-9.028156,1.713999,-12.736249,-0.034247,0.872231,0.017691,0.487574,14.542727,2.255754,38.177429
1041,8.675,-0.02518,0.968915,0.022871,0.245045,-0.494944,86.035286,15.581964,-0.033696,0.98507,0.106936,0.130639,-0.956456,93.708977,15.827934,-0.032555,0.990578,0.094784,0.093334,-2.968115,114.49958,20.13324,0.048422,0.997596,0.014785,0.047316,-4.690317,135.032791,23.940693,0.091863,0.976995,-0.192047,-0.012676,-3.12626,149.543808,22.569437,-0.01662,0.930727,0.136134,0.339027,-8.173653,129.147156,22.804466,0.287324,-0.615903,-0.010127,-0.733489,-21.631189,130.220322,11.689528,0.067305,0.183674,-0.470224,-0.860595,-15.643925,121.800926,-10.889997,0.204853,0.303334,-0.543544,-0.75537,-2.543192,144.085556,-4.134352,-0.028715,0.990927,0.112634,0.067468,-0.874208,129.49559,24.227043,0.314024,0.861988,0.149363,-0.368858,16.42486,130.224976,26.678387,-0.040807,0.117871,0.458035,-0.880139,29.601723,119.518387,8.559129,-0.035852,-0.187667,0.674495,-0.713128,16.045639,139.531342,4.386344,0.060466,0.939272,0.211577,0.263339,-8.736454,85.682747,11.117073,0.071885,0.993246,-0.054271,0.073144,-8.814559,52.950489,-4.441685,-0.054219,0.970845,0.045488,0.229021,-15.984398,6.157672,0.186047,-0.079351,0.934402,-0.119055,0.326226,7.746565,86.387833,20.046854,0.003068,0.876491,-0.188003,0.44318,10.305722,51.629646,29.986704,-0.034306,0.872233,0.017721,0.487564,2.123813,7.428321,45.533073,-0.054219,0.970845,0.045488,0.229021,-9.028222,1.713943,-12.73668,-0.034306,0.872233,0.017721,0.487564,14.543856,2.255208,38.176895
1042,8.683333,-0.025135,0.968935,0.02279,0.244975,-0.494802,86.033073,15.580736,-0.033718,0.985078,0.106944,0.130568,-0.955328,93.706856,15.825698,-0.032446,0.990593,0.094744,0.09325,-2.967809,114.499138,20.131725,0.048397,0.997602,0.014701,0.047239,-4.68502,135.032974,23.938126,0.091917,0.976985,-0.192068,-0.012713,-3.121825,149.543839,22.564251,-0.016477,0.930739,0.136067,0.339027,-8.169796,129.147964,22.802938,0.287315,-0.615925,-0.009831,-0.733477,-21.627502,130.224976,11.688578,0.067429,0.183567,-0.470175,-0.860635,-15.641334,121.794716,-10.887177,0.204865,0.303424,-0.543446,-0.755401,-2.535485,144.079895,-4.138733,-0.02863,0.990934,0.112589,0.067481,-0.870013,129.494995,24.224136,0.314221,0.861892,0.149358,-0.368918,16.429161,130.221512,26.675583,-0.040623,0.117843,0.458159,-0.880087,29.597668,119.508339,8.55414,-0.035861,-0.187784,0.674603,-0.712995,16.046957,139.52417,4.378982,0.060399,0.939274,0.211664,0.263275,-8.736995,85.680923,11.117079,0.071891,0.993249,-0.0543,0.073071,-8.809881,52.950752,-4.446091,-0.054085,0.970862,0.045458,0.228988,-15.980127,6.15831,0.184818,-0.079455,0.934535,-0.119147,0.325785,7.747391,86.385223,20.044394,0.003292,0.8767,-0.187984,0.442774,10.316035,51.62981,29.991508,-0.034306,0.872201,0.01768,0.487623,2.123435,7.427922,45.530624,-0.054085,0.970862,0.045458,0.228988,-9.026203,1.712669,-12.738458,-0.034306,0.872201,0.01768,0.487623,14.544275,2.253814,38.176491
1043,8.691667,-0.025127,0.968953,0.022703,0.244914,-0.493783,86.032036,15.580215,-0.033702,0.985083,0.106943,0.130533,-0.953847,93.705894,15.823952,-0.032443,0.990601,0.09469,0.093229,-2.965485,114.497887,20.130018,0.048346,0.997608,0.014566,0.047206,-4.682303,135.03215,23.934246,0.092014,0.976984,-0.192025,-0.012718,-3.120533,149.54277,22.556324,-0.016542,0.930784,0.135954,0.338945,-8.167191,129.147064,22.799845,0.287428,-0.615919,-0.009907,-0.733438,-21.626741,130.2202,11.687354,0.067545,0.183515,-0.470113,-0.860671,-15.640274,121.789375,-10.888103,0.204894,0.303276,-0.54346,-0.755443,-2.530447,144.073349,-4.144464,-0.028539,0.990953,0.112515,0.067372,-0.867349,129.494156,24.220705,0.314335,0.861854,0.149222,-0.368962,16.432516,130.218124,26.667982,-0.04057,0.117795,0.458244,-0.880052,29.595814,119.498482,8.546585,-0.03575,-0.187746,0.674677,-0.712941,16.047892,139.517395,4.372578,0.060324,0.939319,0.211756,0.263058,-8.736549,85.679611,11.11764,0.071902,0.993246,-0.054342,0.073074,-8.806059,52.951611,-4.450108,-0.053997,0.970887,0.045408,0.228913,-15.977634,6.159756,0.184699,-0.079427,0.934552,-0.119097,0.325762,7.748982,86.384468,20.042789,0.003288,0.876631,-0.188001,0.442903,10.31718,51.627876,29.985867,-0.03453,0.87218,0.01753,0.487649,2.121905,7.42659,45.525299,-0.053997,0.970887,0.045408,0.228913,-9.02663,1.711925,-12.739393,-0.03453,0.87218,0.01753,0.487649,14.544633,2.252034,38.174679
1044,8.7,-0.025115,0.968976,0.022745,0.24482,-0.493629,86.032425,15.577104,-0.033687,0.985093,0.106939,0.130464,-0.953649,93.706261,15.821549,-0.03236,0.990611,0.094678,0.093161,-2.964439,114.499496,20.127901,0.048307,0.997613,0.01455,0.047143,-4.677521,135.034088,23.932091,0.09206,0.976971,-0.19207,-0.012746,-3.117081,149.544785,22.553551,-0.016533,0.930837,0.135897,0.338823,-8.163487,129.149521,22.798304,0.28742,-0.615959,-0.009779,-0.733409,-21.625969,130.221649,11.689255,0.067636,0.183391,-0.470065,-0.860716,-15.64178,121.785782,-10.884936,0.204969,0.30319,-0.543409,-0.755493,-2.527186,144.068909,-4.148719,-0.028442,0.990955,0.112522,0.067359,-0.863374,129.495499,24.218052,0.314527,0.861764,0.149202,-0.369019,16.43675,130.216156,26.664507,-0.040438,0.1178,0.458399,-0.879977,29.592007,119.489761,8.541258,-0.035707,-0.187749,0.674668,-0.71295,16.050901,139.51326,4.364714,0.0603,0.939316,0.211796,0.263044,-8.737267,85.680351,11.116108,0.07191,0.993245,-0.054385,0.073053,-8.804568,52.953373,-4.453801,-0.053822,0.970894,0.045414,0.228923,-15.977012,6.162059,0.185105,-0.079491,0.934596,-0.119149,0.325598,7.750008,86.384499,20.038097,0.003363,0.876691,-0.18805,0.442763,10.322977,51.629543,29.985691,-0.034312,0.872173,0.017607,0.487675,2.121916,7.430058,45.527206,-0.053822,0.970894,0.045414,0.228923,-9.027507,1.713074,-12.739402,-0.034312,0.872173,0.017607,0.487675,14.543344,2.254266,38.175262
1045,8.708333,-0.025133,0.968996,0.022778,0.244738,-0.491367,86.035271,15.575285,-0.033606,0.985085,0.107054,0.130448,-0.951763,93.709061,15.82019,-0.032571,0.990616,0.094507,0.093213,-2.960035,114.504646,20.132477,0.048593,0.997596,0.014606,0.047206,-4.681381,135.040024,23.928684,0.092043,0.976953,-0.192162,-0.012821,-3.112518,149.550018,22.552258,-0.016449,0.93085,0.135859,0.338808,-8.164972,129.153732,22.796579,0.287467,-0.615965,-0.009609,-0.733388,-21.62789,130.228088,11.688273,0.067791,0.183349,-0.469973,-0.860763,-15.643922,121.784531,-10.883101,0.205081,0.30311,-0.543361,-0.75553,-2.523646,144.066467,-4.151764,-0.02823,0.990964,0.112545,0.067287,-0.865205,129.502975,24.21731,0.314594,0.861773,0.149174,-0.36895,16.43568,130.216537,26.660469,-0.040322,0.11787,0.458461,-0.87994,29.591352,119.486115,8.539907,-0.035507,-0.187593,0.674758,-0.712917,16.054382,139.510208,4.358236,0.06034,0.939306,0.211818,0.263054,-8.735741,85.682968,11.115665,0.071878,0.993239,-0.054435,0.073118,-8.805189,52.957016,-4.45638,-0.053898,0.970899,0.045321,0.228903,-15.975332,6.165793,0.186986,-0.079509,0.934562,-0.119192,0.325678,7.753006,86.387566,20.034904,0.003356,0.876638,-0.188066,0.442861,10.325321,51.63356,29.98597,-0.034397,0.872165,0.017571,0.487685,2.122472,7.434628,45.528118,-0.053898,0.970899,0.045321,0.228903,-9.025685,1.714731,-12.736729,-0.034397,0.872165,0.017571,0.487685,14.544725,2.259189,38.177311
1046,8.716667,-0.025151,0.969017,0.022838,0.244645,-0.490178,86.03743,15.572294,-0.033563,0.985093,0.107049,0.130411,-0.951036,93.711174,15.818069,-0.032551,0.990618,0.094502,0.093197,-2.95713,114.505371,20.13014,0.04865,0.997594,0.014561,0.047194,-4.677569,135.040848,23.926252,0.091997,0.976954,-0.192176,-0.01285,-3.107018,149.550552,22.548567,-0.016441,0.930882,0.135871,0.338716,-8.161423,129.154663,22.794317,0.287434,-0.616008,-0.009488,-0.733366,-21.626545,130.228973,11.688673,0.067849,0.183293,-0.469916,-0.860802,-15.645115,121.781349,-10.881851,0.205227,0.302971,-0.543344,-0.755558,-2.521071,144.061615,-4.15409,-0.028183,0.990969,0.11253,0.067256,-0.861591,129.503662,24.214783,0.314658,0.861755,0.149137,-0.368954,16.439537,130.215729,26.656679,-0.040187,0.117871,0.458483,-0.879934,29.593069,119.482193,8.536403,-0.035349,-0.187507,0.674818,-0.712891,16.057032,139.50647,4.351721,0.060361,0.939323,0.211748,0.263042,-8.735393,85.685036,11.114237,0.07185,0.993266,-0.054381,0.072819,-8.807859,52.95713,-4.453689,-0.053829,0.970899,0.045383,0.228904,-15.973565,6.164953,0.186944,-0.07937,0.934387,-0.119171,0.326221,7.755036,86.389832,20.030352,0.003046,0.876373,-0.18807,0.443385,10.312718,51.633869,29.978359,-0.034283,0.872162,0.017666,0.487695,2.12615,7.434931,45.529045,-0.053829,0.970899,0.045383,0.228904,-9.02452,1.715104,-12.737511,-0.034283,0.872162,0.017666,0.487695,14.54792,2.260201,38.176926
1047,8.725,-0.025198,0.969029,0.022806,0.244597,-0.485137,86.036316,15.5717,-0.033647,0.985096,0.107054,0.130359,-0.946564,93.710037,15.816855,-0.032508,0.990631,0.094443,0.093137,-2.956058,114.504601,20.128914,0.048578,0.997605,0.014489,0.047068,-4.674281,135.040649,23.922892,0.092228,0.97694,-0.192127,-0.012976,-3.106134,149.550385,22.542789,-0.016406,0.930928,0.135853,0.338598,-8.158773,129.154633,22.792067,0.28752,-0.616011,-0.009416,-0.733331,-21.626717,130.229263,11.689882,0.067988,0.183225,-0.469869,-0.86083,-15.645376,121.776375,-10.878691,0.205316,0.302841,-0.543283,-0.75563,-2.518098,144.055603,-4.157296,-0.028139,0.990974,0.112479,0.067284,-0.858737,129.503174,24.21158,0.314749,0.861724,0.149137,-0.368949,16.442341,130.213745,26.654234,-0.039991,0.117908,0.458513,-0.879923,29.593208,119.476746,8.534079,-0.035232,-0.187423,0.674969,-0.712775,16.059175,139.50061,4.343593,0.0604,0.939357,0.211795,0.262876,-8.730742,85.682892,11.11445,0.071838,0.993272,-0.054411,0.072732,-8.807652,52.956753,-4.457164,-0.053732,0.970904,0.045408,0.228904,-15.97199,6.164732,0.187093,-0.079332,0.93437,-0.119188,0.326272,7.760469,86.389732,20.02895,0.003041,0.876353,-0.1881,0.443412,10.314613,51.633614,29.977327,-0.034344,0.872177,0.017635,0.487665,2.126762,7.435709,45.530296,-0.053732,0.970904,0.045408,0.228904,-9.023905,1.714852,-12.737867,-0.034344,0.872177,0.017635,0.487665,14.548471,2.261075,38.178001
1048,8.733333,-0.02515,0.969051,0.022752,0.244518,-0.485241,86.034943,15.57006,-0.033603,0.985102,0.107076,0.130305,-0.945733,93.70874,15.814622,-0.032498,0.990642,0.094361,0.093098,-2.953273,114.50322,20.127928,0.04855,0.997609,0.01449,0.047011,-4.670631,135.039948,23.918627,0.092267,0.976924,-0.192188,-0.013043,-3.103482,149.549774,22.538433,-0.016401,0.931008,0.135744,0.338421,-8.155375,129.153854,22.789038,0.287568,-0.61601,-0.009358,-0.733314,-21.627525,130.226456,11.691767,0.068124,0.183136,-0.469841,-0.860854,-15.646065,121.769966,-10.875423,0.205432,0.302773,-0.543261,-0.755641,-2.515946,144.048981,-4.161384,-0.028105,0.990979,0.112461,0.067251,-0.855223,129.502411,24.207949,0.31488,0.861686,0.149027,-0.36897,16.446075,130.21199,26.649315,-0.039787,0.117864,0.458563,-0.879912,29.592079,119.468132,8.529697,-0.035028,-0.187375,0.675204,-0.712575,16.059254,139.493454,4.336474,0.060329,0.939365,0.211871,0.262802,-8.731619,85.682098,11.114195,0.071837,0.993242,-0.054469,0.073095,-8.803438,52.95768,-4.461062,-0.053703,0.97093,0.04529,0.22882,-15.969761,6.166232,0.185956,-0.079419,0.934409,-0.119262,0.326111,7.761137,86.387787,20.025925,0.003199,0.876523,-0.188076,0.443086,10.321095,51.633953,29.980793,-0.034395,0.872185,0.017535,0.487651,2.126894,7.435286,45.52824,-0.053703,0.97093,0.04529,0.22882,-9.024282,1.712684,-12.739137,-0.034395,0.872185,0.017535,0.487651,14.548373,2.258873,38.176815
1049,8.741667,-0.025069,0.969071,0.022589,0.244465,-0.486557,86.03466,15.572569,-0.033463,0.985129,0.107066,0.130147,-0.945215,93.708641,15.815028,-0.032647,0.990658,0.09431,0.092933,-2.945785,114.50032,20.128384,0.048562,0.997615,0.014408,0.04689,-4.668501,135.037048,23.916662,0.09233,0.976915,-0.192197,-0.013127,-3.101311,149.546631,22.533884,-0.016352,0.931047,0.135723,0.338325,-8.151721,129.149689,22.788954,0.287621,-0.616054,-0.009362,-0.733256,-21.626202,130.223175,11.694599,0.068185,0.183036,-0.469787,-0.8609,-15.647438,121.764526,-10.872498,0.205437,0.302616,-0.543232,-0.755724,-2.512613,144.04248,-4.163932,-0.028147,0.990991,0.112384,0.067191,-0.851257,129.500763,24.205633,0.315062,0.86162,0.148828,-0.369049,16.450237,130.212204,26.645061,-0.039645,0.117894,0.458683,-0.879852,29.587645,119.458519,8.52504,-0.035003,-0.187413,0.675285,-0.712489,16.060955,139.486389,4.328043,0.060274,0.939369,0.211929,0.262754,-8.733496,85.68251,11.117688,0.071859,0.993255,-0.054429,0.072926,-8.801217,52.959381,-4.460302,-0.053546,0.970944,0.045202,0.228817,-15.968591,6.167832,0.184001,-0.079386,0.934534,-0.119263,0.325762,7.760382,86.38681,20.027451,0.003251,0.876534,-0.188051,0.443075,10.321755,51.632618,29.980682,-0.034275,0.872118,0.017527,0.48778,2.124448,7.43311,45.524101,-0.053546,0.970944,0.045202,0.228817,-9.024881,1.710576,-12.740767,-0.034275,0.872118,0.017527,0.48778,14.546916,2.254859,38.17564
1050,8.75,-0.024993,0.96909,0.022527,0.244403,-0.486026,86.034569,15.573179,-0.03346,0.985134,0.107082,0.130094,-0.943307,93.708649,15.815027,-0.032653,0.990671,0.094217,0.092888,-2.943695,114.500999,20.129324,0.048551,0.997619,0.014294,0.046851,-4.666144,135.038437,23.913866,0.092413,0.976904,-0.192211,-0.013144,-3.099278,149.547714,22.527695,-0.016235,0.931077,0.135756,0.338235,-8.149446,129.150848,22.787567,0.287697,-0.616062,-0.00916,-0.733222,-21.626181,130.228104,11.696304,0.068286,0.182916,-0.469783,-0.86092,-15.647724,121.759689,-10.867217,0.205416,0.302551,-0.543244,-0.755747,-2.51084,144.037689,-4.166738,-0.02801,0.991029,0.112095,0.067177,-0.848859,129.502213,24.20356,0.315118,0.861612,0.148833,-0.369017,16.452978,130.209702,26.64175,-0.039476,0.117914,0.458713,-0.879841,29.589796,119.453606,8.522733,-0.034844,-0.187452,0.675259,-0.712512,16.065081,139.480942,4.321284,0.060261,0.939416,0.211879,0.262627,-8.733604,85.683479,11.119394,0.071843,0.993297,-0.054317,0.072452,-8.803543,52.958721,-4.45517,-0.053606,0.970949,0.045239,0.228776,-15.966452,6.165796,0.182204,-0.07937,0.934525,-0.119248,0.325798,7.761552,86.385666,20.026966,0.003232,0.876543,-0.188077,0.443045,10.321852,51.631035,29.978949,-0.034346,0.872178,0.017472,0.487669,2.125545,7.432428,45.525486,-0.053606,0.970949,0.045239,0.228776,-9.023168,1.709988,-12.743296,-0.034346,0.872178,0.017472,0.487669,14.546566,2.253754,38.174873
1051,8.758333,-0.025013,0.969119,0.022475,0.244292,-0.482901,86.036285,15.574413,-0.033501,0.98514,0.107092,0.130032,-0.940258,93.710388,15.815468,-0.032655,0.990682,0.094143,0.092843,-2.942056,114.501633,20.12989,0.048574,0.997621,0.014272,0.046785,-4.664124,135.039658,23.911428,0.092445,0.976897,-0.192228,-0.013238,-3.096756,149.548813,22.524527,-0.016249,0.931113,0.135673,0.338169,-8.147537,129.151901,22.786329,0.287538,-0.616091,-0.008979,-0.733262,-21.625818,130.227371,11.696783,0.068199,0.182813,-0.469778,-0.860951,-15.649006,121.756805,-10.866359,0.205437,0.302412,-0.543265,-0.755782,-2.509433,144.034805,-4.16791,-0.028062,0.991009,0.112277,0.067142,-0.846832,129.503464,24.201647,0.315186,0.861612,0.148612,-0.369049,16.455063,130.212433,26.638969,-0.039479,0.117978,0.458798,-0.879788,29.5886,119.449654,8.521555,-0.034799,-0.187431,0.675275,-0.712505,16.068169,139.480011,4.317813,0.060329,0.939381,0.211955,0.262678,-8.73148,85.684532,11.12254,0.071785,0.993264,-0.054397,0.072897,-8.803665,52.962696,-4.458149,-0.053659,0.970969,0.045136,0.228697,-15.963772,6.169811,0.183935,-0.07918,0.934418,-0.119155,0.326182,7.765677,86.388046,20.026287,0.00296,0.876245,-0.188107,0.443624,10.311405,51.62962,29.96875,-0.034318,0.872129,0.017624,0.487752,2.126297,7.431942,45.523788,-0.053659,0.970969,0.045136,0.228697,-9.022117,1.711414,-12.741542,-0.034318,0.872129,0.017624,0.487752,14.549168,2.256725,38.173874
1052,8.766667,-0.025009,0.969136,0.02245,0.244224,-0.482272,86.036896,15.576537,-0.033496,0.985153,0.107043,0.129971,-0.939461,93.711021,15.817274,-0.032617,0.99069,0.094136,0.09278,-2.940545,114.503029,20.129881,0.048615,0.997623,0.014172,0.046729,-4.660779,135.041214,23.91139,0.09244,0.97689,-0.19226,-0.01329,-3.092309,149.549973,22.521517,-0.016265,0.931157,0.135658,0.338052,-8.144723,129.153671,22.786831,0.287617,-0.616143,-0.008995,-0.733187,-21.625748,130.227859,11.700495,0.06826,0.182762,-0.469759,-0.860968,-15.652141,121.754707,-10.862526,0.205444,0.30238,-0.543262,-0.755795,-2.510418,144.032944,-4.167629,-0.027945,0.991043,0.11203,0.067098,-0.843804,129.504776,24.201166,0.315231,0.861573,0.148727,-0.369054,16.458527,130.210464,26.636345,-0.039455,0.117889,0.458844,-0.879777,29.590452,119.448486,8.517279,-0.034718,-0.187409,0.67534,-0.712452,16.07107,139.480286,4.317014,0.060346,0.939393,0.211948,0.262636,-8.731482,85.685059,11.125837,0.071752,0.993268,-0.054353,0.072915,-8.805642,52.96315,-4.454675,-0.053173,0.970981,0.045358,0.228716,-15.962413,6.169346,0.183347,-0.079349,0.934577,-0.119321,0.325627,7.766938,86.388733,20.027237,0.00331,0.876594,-0.188069,0.442947,10.325864,51.635109,29.983091,-0.034329,0.872146,0.017558,0.487724,2.125131,7.436273,45.526619,-0.053173,0.970981,0.045358,0.228716,-9.024985,1.713529,-12.745291,-0.034329,0.872146,0.017558,0.487724,14.547321,2.259533,38.176624
1053,8.775,-0.024965,0.969153,0.022378,0.24417,-0.482078,86.035957,15.579711,-0.033514,0.985163,0.107036,0.129899,-0.938328,93.710159,15.819568,-0.032517,0.990712,0.094022,0.092693,-2.940079,114.504829,20.132463,0.048584,0.997629,0.014159,0.046639,-4.655376,135.044174,23.909861,0.092409,0.976873,-0.192354,-0.013369,-3.088068,149.553009,22.519432,-0.016328,0.931209,0.135604,0.337928,-8.140744,129.15712,22.787228,0.287661,-0.616188,-0.008988,-0.733132,-21.624624,130.228012,11.704049,0.0683,0.182681,-0.469751,-0.860986,-15.653721,121.752586,-10.85883,0.205467,0.30229,-0.543298,-0.755798,-2.510196,144.030762,-4.168519,-0.027886,0.991048,0.112016,0.067079,-0.839488,129.507019,24.200117,0.315277,0.861548,0.148971,-0.368975,16.463049,130.2108,26.634386,-0.039251,0.117761,0.458763,-0.879845,29.59643,119.451103,8.515011,-0.034634,-0.187452,0.675415,-0.712374,16.071835,139.479721,4.315095,0.060356,0.9394,0.211949,0.262606,-8.731819,85.68457,11.129957,0.07176,0.99327,-0.054311,0.072903,-8.807162,52.962788,-4.450825,-0.053445,0.970961,0.045262,0.228757,-15.964381,6.168666,0.183273,-0.079188,0.934429,-0.119201,0.326132,7.767662,86.387344,20.029465,0.002992,0.876343,-0.188109,0.443428,10.313348,51.629807,29.975048,-0.034445,0.872193,0.017648,0.487628,2.128942,7.432213,45.530731,-0.053445,0.970961,0.045262,0.228757,-9.023214,1.712252,-12.743151,-0.034445,0.872193,0.017648,0.487628,14.551049,2.259337,38.177876
1054,8.783333,-0.024946,0.969175,0.022308,0.244091,-0.481758,86.03566,15.583123,-0.033471,0.98518,0.106984,0.129821,-0.937434,93.709923,15.822047,-0.032602,0.990716,0.094016,0.092626,-2.936505,114.502571,20.132648,0.048668,0.997629,0.014048,0.046581,-4.655079,135.041733,23.909563,0.092408,0.976869,-0.192373,-0.013452,-3.085386,149.550003,22.515892,-0.016293,0.931216,0.135554,0.337929,-8.139512,129.154022,22.787533,0.287816,-0.616211,-0.009073,-0.733051,-21.623407,130.225449,11.704423,0.068364,0.182669,-0.469756,-0.860981,-15.653976,121.747993,-10.858091,0.205423,0.302256,-0.543371,-0.755771,-2.510454,144.02684,-4.170047,-0.027904,0.991046,0.112088,0.066977,-0.838155,129.50528,24.199558,0.315312,0.861518,0.148736,-0.369111,16.464827,130.209885,26.630423,-0.039362,0.117766,0.458867,-0.879786,29.592169,119.445908,8.509218,-0.034681,-0.187549,0.675338,-0.712419,16.072359,139.478165,4.312166,0.060353,0.939408,0.211992,0.262543,-8.732245,85.684258,11.134757,0.071734,0.993268,-0.054285,0.07298,-8.807562,52.963768,-4.448748,-0.053175,0.970998,0.045289,0.228658,-15.962452,6.169015,0.182527,-0.079129,0.934496,-0.119228,0.325947,7.768729,86.387054,20.03149,0.003021,0.876318,-0.188042,0.443506,10.31174,51.629303,29.976992,-0.034425,0.872133,0.017659,0.487737,2.126335,7.429335,45.525372,-0.053175,0.970998,0.045289,0.228658,-9.026608,1.711195,-12.746273,-0.034425,0.872133,0.017659,0.487737,14.550139,2.256529,38.175331
1055,8.791667,-0.024916,0.969197,0.022243,0.244012,-0.48157,86.033905,15.587239,-0.033496,0.985187,0.10703,0.129731,-0.936543,93.708244,15.825343,-0.03246,0.990747,0.093837,0.092525,-2.936754,114.502716,20.138401,0.049122,0.997609,0.014176,0.046498,-4.648373,135.043686,23.908676,0.092107,0.976847,-0.19261,-0.01372,-3.065936,149.550964,22.519199,-0.016437,0.931256,0.135444,0.337857,-8.134809,129.156601,22.789429,0.287685,-0.6163,-0.008926,-0.73303,-21.620256,130.221695,11.70759,0.06823,0.182521,-0.469831,-0.860982,-15.656149,121.741615,-10.855351,0.205394,0.302204,-0.543448,-0.755745,-2.51336,144.022293,-4.170953,-0.02788,0.991071,0.111881,0.066958,-0.833033,129.50618,24.199718,0.315428,0.861436,0.148788,-0.369182,16.470085,130.210571,26.629707,-0.039202,0.117673,0.458886,-0.879796,29.591158,119.444397,8.50526,-0.034697,-0.187648,0.67538,-0.712352,16.071236,139.47641,4.308635,0.060366,0.939409,0.211992,0.262538,-8.732804,85.682701,11.140241,0.071743,0.993289,-0.054188,0.072764,-8.809112,52.962326,-4.443495,-0.053262,0.970992,0.045237,0.228672,-15.963221,6.166699,0.180138,-0.07907,0.934455,-0.119122,0.326116,7.769665,86.385109,20.034237,0.002947,0.876309,-0.188102,0.4435,10.309524,51.624847,29.971781,-0.034502,0.872211,0.01756,0.487596,2.127834,7.426995,45.528133,-0.053262,0.970992,0.045237,0.228672,-9.026156,1.708081,-12.747732,-0.034502,0.872211,0.01756,0.487596,14.549547,2.252738,38.175575
1056,8.8,-0.02486,0.969215,0.02206,0.243961,-0.482997,86.031952,15.593851,-0.03348,0.985199,0.107001,0.129664,-0.936436,93.706459,15.829457,-0.032409,0.990766,0.09373,0.092451,-2.935532,114.501549,20.141613,0.049013,0.997622,0.014127,0.046361,-4.644334,135.043488,23.907852,0.092196,0.976821,-0.192687,-0.013869,-3.065468,149.55098,22.516554,-0.016475,0.931312,0.135314,0.337753,-8.131582,129.15657,22.790367,0.287831,-0.61635,-0.009005,-0.732929,-21.619432,130.218369,11.711142,0.068287,0.182458,-0.46985,-0.86098,-15.658453,121.735954,-10.851744,0.205339,0.302173,-0.543486,-0.755745,-2.515452,144.017792,-4.171708,-0.027881,0.991083,0.11181,0.066898,-0.829556,129.50563,24.199474,0.315445,0.8614,0.148668,-0.369301,16.473843,130.210464,26.627338,-0.039195,0.117606,0.458881,-0.879807,29.590029,119.442795,8.500239,-0.034724,-0.187748,0.675377,-0.712328,16.069109,139.474792,4.306253,0.06035,0.939417,0.212037,0.262478,-8.734749,85.680901,11.147801,0.071754,0.993295,-0.054114,0.072713,-8.810068,52.961765,-4.438536,-0.053464,0.970969,0.045105,0.228749,-15.964545,6.165531,0.178457,-0.078995,0.934573,-0.119129,0.325793,7.768754,86.383011,20.0399,0.002961,0.876364,-0.18805,0.443413,10.3068,51.622009,29.975323,-0.034537,0.872226,0.017577,0.487565,2.127729,7.422271,45.527695,-0.053464,0.970969,0.045105,0.228749,-9.02355,1.704808,-12.746572,-0.034537,0.872226,0.017577,0.487565,14.549322,2.248941,38.174294
1057,8.808333,-0.025035,0.969237,0.022172,0.243848,-0.473742,86.028664,15.59599,-0.033555,0.985207,0.106971,0.129606,-0.930175,93.702957,15.832668,-0.032417,0.990773,0.093692,0.092412,-2.932411,114.502312,20.144114,0.049028,0.997623,0.014046,0.046338,-4.641255,135.044525,23.908829,0.092119,0.976803,-0.192815,-0.013894,-3.061923,149.551743,22.515175,-0.016475,0.931371,0.135222,0.337627,-8.128495,129.15744,22.79208,0.287955,-0.616417,-0.009081,-0.732823,-21.619331,130.217529,11.716323,0.068338,0.182342,-0.469861,-0.860995,-15.662521,121.733047,-10.846886,0.20528,0.302097,-0.543534,-0.755757,-2.517502,144.016235,-4.173277,-0.02794,0.991071,0.111944,0.066832,-0.826367,129.50676,24.200609,0.315488,0.861351,0.148726,-0.369354,16.477224,130.213577,26.626528,-0.038965,0.117452,0.458824,-0.879868,29.590099,119.446251,8.496835,-0.034586,-0.187889,0.675566,-0.712118,16.065342,139.474777,4.303999,0.060432,0.939465,0.212111,0.262227,-8.726363,85.674896,11.151772,0.071738,0.993299,-0.054151,0.072654,-8.809916,52.958775,-4.440848,-0.053372,0.97098,0.045213,0.228703,-15.962791,6.162697,0.180165,-0.078906,0.934645,-0.11922,0.325575,7.778879,86.382431,20.040209,0.003084,0.876454,-0.188032,0.443242,10.311029,51.621979,29.979055,-0.034665,0.872205,0.017503,0.487596,2.125463,7.421699,45.52647,-0.053372,0.97098,0.045213,0.228703,-9.023836,1.704273,-12.746758,-0.034665,0.872205,0.017503,0.487596,14.54846,2.248381,38.175423
1058,8.816667,-0.025059,0.969254,0.022151,0.243778,-0.471459,86.029121,15.60176,-0.033563,0.985221,0.106923,0.129538,-0.928156,93.703407,15.838053,-0.032414,0.990783,0.093656,0.092344,-2.930206,114.503525,20.147701,0.049001,0.997632,0.013957,0.046209,-4.638547,135.046036,23.911041,0.092152,0.976781,-0.192895,-0.014068,-3.060314,149.553101,22.514538,-0.016515,0.93138,0.135207,0.337607,-8.125936,129.158875,22.795221,0.288001,-0.616471,-0.009049,-0.73276,-21.617197,130.217392,11.719837,0.06832,0.182278,-0.469929,-0.860972,-15.663704,121.729538,-10.842981,0.205302,0.302019,-0.543602,-0.755733,-2.520655,144.015274,-4.172175,-0.027876,0.991091,0.111843,0.066734,-0.823619,129.508286,24.202738,0.315469,0.861315,0.148853,-0.369403,16.480551,130.213501,26.624956,-0.03912,0.117448,0.458832,-0.879858,29.592213,119.450272,8.491961,-0.034743,-0.187776,0.675252,-0.712438,16.068104,139.479248,4.30299,0.06042,0.939528,0.212099,0.262011,-8.724705,85.674767,11.15875,0.071738,0.993304,-0.054064,0.072643,-8.811246,52.958168,-4.432851,-0.053557,0.970972,0.045212,0.228694,-15.963515,6.161189,0.180023,-0.078907,0.934698,-0.119252,0.325411,7.781786,86.383469,20.044771,0.003175,0.876565,-0.188022,0.443025,10.314975,51.623581,29.985329,-0.03451,0.87224,0.017597,0.487541,2.126122,7.422987,45.530098,-0.053557,0.970972,0.045212,0.228694,-9.022923,1.704142,-12.746492,-0.03451,0.87224,0.017597,0.487541,14.547157,2.249746,38.175694
1059,8.825,-0.025076,0.969274,0.022112,0.2437,-0.471718,86.029976,15.607368,-0.033588,0.985231,0.106915,0.129464,-0.928506,93.704277,15.843056,-0.032341,0.990798,0.093604,0.092264,-2.931227,114.503983,20.152256,0.049132,0.997628,0.013839,0.046192,-4.63606,135.047104,23.913876,0.091977,0.976766,-0.193057,-0.01408,-3.053932,149.553436,22.514067,-0.016551,0.931408,0.135172,0.33754,-8.124462,129.160309,22.799232,0.288045,-0.616494,-0.009038,-0.732724,-21.61726,130.216904,11.725526,0.068306,0.182145,-0.469991,-0.860968,-15.665117,121.726967,-10.836876,0.205254,0.301898,-0.543736,-0.755698,-2.522531,144.014923,-4.172079,-0.027953,0.991083,0.111955,0.066624,-0.821852,129.50885,24.205462,0.315534,0.86126,0.148552,-0.369599,16.482687,130.216904,26.624245,-0.03919,0.117415,0.458961,-0.879791,29.58518,119.447693,8.488167,-0.034731,-0.187861,0.675387,-0.712288,16.065899,139.481995,4.302598,0.060433,0.939552,0.212082,0.261936,-8.725657,85.675095,11.165683,0.071693,0.99331,-0.053988,0.072667,-8.814666,52.958084,-4.425047,-0.053622,0.970982,0.045228,0.228633,-15.962306,6.159708,0.180795,-0.078896,0.93472,-0.119267,0.325344,7.78222,86.384857,20.049055,0.0032,0.876566,-0.187992,0.443037,10.315032,51.625107,29.990208,-0.034221,0.872218,0.017756,0.487596,2.125117,7.423437,45.531376,-0.053622,0.970982,0.045228,0.228633,-9.022614,1.703543,-12.746511,-0.034221,0.872218,0.017756,0.487596,14.545053,2.249994,38.175243
1060,8.833333,-0.025052,0.969295,0.022048,0.243625,-0.471568,86.028633,15.613317,-0.033558,0.985247,0.106861,0.129392,-0.927733,93.702988,15.848188,-0.032379,0.990806,0.093563,0.092198,-2.928628,114.503731,20.155581,0.049158,0.997626,0.013665,0.046257,-4.634616,135.047073,23.915489,0.091848,0.976747,-0.193225,-0.013912,-3.051344,149.55278,22.510763,-0.016553,0.931445,0.135139,0.337452,-8.122691,129.159897,22.801819,0.288243,-0.616482,-0.00909,-0.732655,-21.617559,130.215591,11.73055,0.068396,0.182044,-0.470071,-0.860938,-15.664739,121.721634,-10.830152,0.20518,0.301843,-0.543827,-0.755675,-2.52478,144.012054,-4.17313,-0.027958,0.991091,0.111934,0.066537,-0.819939,129.50914,24.207127,0.315511,0.861252,0.148425,-0.369686,16.484991,130.217743,26.622932,-0.039172,0.117408,0.458952,-0.879798,29.585003,119.447937,8.485418,-0.034695,-0.187948,0.675288,-0.71236,16.065268,139.481796,4.299737,0.060398,0.93959,0.212095,0.2618,-8.726216,85.673866,11.172943,0.071705,0.993325,-0.053894,0.072519,-8.814834,52.956928,-4.41794,-0.053597,0.970985,0.045228,0.228628,-15.962344,6.157765,0.180073,-0.078877,0.934756,-0.119266,0.325248,7.783082,86.383392,20.053692,0.003221,0.876693,-0.187985,0.442787,10.315616,51.623417,29.994095,-0.034377,0.872315,0.017662,0.487415,2.12872,7.421515,45.536186,-0.053597,0.970985,0.045228,0.228628,-9.023046,1.701418,-12.74738,-0.034377,0.872315,0.017662,0.487415,14.546649,2.247864,38.176819
1061,8.841667,-0.025023,0.969322,0.021939,0.243533,-0.471064,86.027374,15.619016,-0.033579,0.985266,0.106838,0.129265,-0.926379,93.701836,15.852399,-0.032277,0.990825,0.093554,0.092045,-2.927371,114.501785,20.158779,0.048957,0.99765,0.013589,0.045974,-4.628505,135.045471,23.918993,0.092073,0.976707,-0.1933,-0.014208,-3.051877,149.551636,22.511286,-0.016662,0.931489,0.135097,0.337341,-8.117981,129.158905,22.80653,0.288291,-0.616534,-0.009175,-0.732591,-21.615356,130.210007,11.737883,0.068422,0.181897,-0.470124,-0.860939,-15.665806,121.716881,-10.823994,0.205241,0.30172,-0.54395,-0.755619,-2.525324,144.009979,-4.174469,-0.028002,0.991105,0.111836,0.066478,-0.814711,129.506866,24.209457,0.315578,0.861176,0.148438,-0.3698,16.490408,130.217484,26.623329,-0.039042,0.117319,0.458946,-0.879818,29.584106,119.447067,8.48162,-0.034678,-0.187991,0.675304,-0.712335,16.06341,139.479797,4.296806,0.060349,0.939632,0.212104,0.26165,-8.726582,85.672577,11.180257,0.07175,0.993339,-0.053782,0.072369,-8.814204,52.955502,-4.410349,-0.053555,0.970974,0.045211,0.228685,-15.964547,6.155813,0.177869,-0.078804,0.934782,-0.119251,0.325194,7.784452,86.382179,20.057774,0.003241,0.876683,-0.187918,0.442836,10.313025,51.621101,29.995358,-0.034446,0.872266,0.017614,0.487499,2.126415,7.416818,45.530838,-0.053555,0.970974,0.045211,0.228685,-9.024181,1.698732,-12.748758,-0.034446,0.872266,0.017614,0.487499,14.546201,2.243017,38.174706
1062,8.85,-0.024984,0.969353,0.021768,0.243428,-0.471799,86.024986,15.626912,-0.033612,0.985282,0.106812,0.129156,-0.925867,93.699593,15.857951,-0.03226,0.990843,0.093478,0.091933,-2.927821,114.501785,20.163731,0.048891,0.997658,0.013401,0.045921,-4.627536,135.046112,23.921066,0.092107,0.976682,-0.193409,-0.014164,-3.052781,149.551926,22.507721,-0.016653,0.931536,0.134948,0.337271,-8.117427,129.15947,22.81032,0.288498,-0.616489,-0.009199,-0.732547,-21.616449,130.208755,11.743517,0.068513,0.181762,-0.4702,-0.860918,-15.664193,121.710823,-10.81583,0.205146,0.301528,-0.543997,-0.755687,-2.525351,144.006622,-4.175443,-0.027989,0.991123,0.111742,0.06638,-0.813833,129.507462,24.211554,0.315589,0.861156,0.148268,-0.369907,16.491764,130.218246,26.621925,-0.039001,0.117291,0.458932,-0.879831,29.581196,119.445351,8.47861,-0.034662,-0.18803,0.67542,-0.712216,16.059525,139.477524,4.293965,0.060341,0.939658,0.21212,0.261546,-8.72831,85.670059,11.190014,0.071718,0.993331,-0.053681,0.072589,-8.816782,52.953403,-4.401455,-0.053586,0.970979,0.045214,0.228657,-15.964466,6.152239,0.175867,-0.078749,0.9348,-0.119201,0.325174,7.784711,86.379913,20.063808,0.003236,0.876814,-0.187919,0.442575,10.310996,51.617355,29.996761,-0.034674,0.872372,0.017471,0.487298,2.129357,7.413125,45.535,-0.053586,0.970979,0.045214,0.228657,-9.024516,1.695448,-12.751083,-0.034674,0.872372,0.017471,0.487298,14.547275,2.238943,38.175995
1063,8.858333,-0.025021,0.969384,0.021667,0.243307,-0.472017,86.024071,15.634434,-0.033584,0.985292,0.106834,0.12907,-0.926232,93.698708,15.863879,-0.032328,0.990859,0.093341,0.091877,-2.92695,114.502571,20.171244,0.048665,0.997672,0.013165,0.045929,-4.628778,135.047775,23.922791,0.092163,0.976652,-0.193548,-0.014013,-3.060274,149.553574,22.5023,-0.016655,0.931553,0.134967,0.337219,-8.118066,129.1604,22.814066,0.288584,-0.616488,-0.009121,-0.732516,-21.618334,130.209579,11.748763,0.068598,0.181612,-0.470231,-0.860926,-15.665907,121.706177,-10.808482,0.205135,0.30144,-0.544138,-0.755624,-2.525573,144.004135,-4.177132,-0.027947,0.991138,0.111667,0.066291,-0.814384,129.509659,24.214533,0.315592,0.861144,0.148199,-0.369961,16.491714,130.219528,26.621595,-0.03893,0.117256,0.458903,-0.879854,29.579084,119.445847,8.477261,-0.034587,-0.188018,0.675504,-0.712143,16.055843,139.476639,4.292363,0.060331,0.939696,0.212142,0.261394,-8.729599,85.667938,11.199623,0.071685,0.993355,-0.05357,0.072372,-8.819498,52.951874,-4.393095,-0.053601,0.970992,0.045252,0.228591,-15.962317,6.149116,0.175611,-0.078692,0.934853,-0.119202,0.325036,7.785564,86.380203,20.069244,0.003274,0.876821,-0.187839,0.442595,10.309462,51.616997,30.000555,-0.034675,0.872326,0.017437,0.487382,2.127644,7.409925,45.530617,-0.053601,0.970992,0.045252,0.228591,-9.023935,1.693419,-12.752563,-0.034675,0.872326,0.017437,0.487382,14.546832,2.234957,38.17429
1064,8.866667,-0.025024,0.96941,0.021624,0.24321,-0.471394,86.024071,15.641535,-0.033496,0.985324,0.106762,0.128904,-0.925455,93.698738,15.870376,-0.032346,0.990874,0.093353,0.091695,-2.921124,114.501129,20.175093,0.048621,0.997682,0.013087,0.045782,-4.623051,135.046204,23.92737,0.092082,0.976635,-0.193665,-0.014113,-3.056209,149.55191,22.504276,-0.016697,0.931623,0.134908,0.337044,-8.112323,129.158585,22.819874,0.288553,-0.616564,-0.009129,-0.732463,-21.616644,130.204819,11.759244,0.06857,0.181414,-0.470279,-0.860944,-15.668901,121.701523,-10.799273,0.205165,0.30129,-0.544233,-0.755607,-2.527374,144.000824,-4.176463,-0.028004,0.991143,0.111641,0.066241,-0.80816,129.508347,24.217701,0.315617,0.861076,0.148144,-0.370119,16.498056,130.220444,26.623245,-0.038869,0.117166,0.458878,-0.879882,29.578846,119.446907,8.47408,-0.034546,-0.187966,0.675477,-0.712184,16.052795,139.477615,4.291297,0.060313,0.93976,0.212107,0.261197,-8.729865,85.667648,11.208405,0.071642,0.993341,-0.05347,0.072684,-8.822489,52.950333,-4.381662,-0.053735,0.97098,0.045309,0.228599,-15.962085,6.145984,0.175642,-0.078697,0.934882,-0.11921,0.32495,7.787078,86.380486,20.074663,0.003373,0.877043,-0.187867,0.442143,10.312073,51.617485,30.006409,-0.034583,0.872429,0.0175,0.487202,2.128806,7.411468,45.538704,-0.053735,0.97098,0.045309,0.228599,-9.022078,1.692936,-12.752569,-0.034583,0.872429,0.0175,0.487202,14.544359,2.236624,38.176167
1065,8.875,-0.02507,0.969426,0.021683,0.243136,-0.470115,86.025452,15.646351,-0.033466,0.985337,0.106761,0.128818,-0.925075,93.700043,15.875941,-0.032358,0.990885,0.093308,0.091611,-2.919043,114.501663,20.180786,0.048673,0.997683,0.013003,0.045712,-4.62098,135.047058,23.931295,0.091996,0.976619,-0.19378,-0.014199,-3.052766,149.552383,22.505714,-0.016702,0.931643,0.134983,0.336959,-8.110255,129.159225,22.824957,0.288634,-0.616633,-0.009082,-0.732374,-21.616594,130.20578,11.766821,0.068604,0.181265,-0.470313,-0.860954,-15.673031,121.697273,-10.790831,0.205202,0.301089,-0.544385,-0.755567,-2.53022,143.998383,-4.175698,-0.028039,0.991142,0.111679,0.06617,-0.805874,129.509354,24.221554,0.31568,0.861019,0.148279,-0.370143,16.500601,130.22287,26.624828,-0.038707,0.117017,0.458866,-0.879915,29.578484,119.450172,8.473067,-0.034345,-0.18792,0.675462,-0.71222,16.050686,139.479141,4.292973,0.060321,0.939799,0.212007,0.261138,-8.729217,85.668427,11.214445,0.071579,0.993353,-0.05336,0.072655,-8.825365,52.948116,-4.369325,-0.05355,0.97102,0.045551,0.228424,-15.958172,6.141788,0.17832,-0.078706,0.934946,-0.119295,0.324732,7.788986,86.382477,20.078255,0.003483,0.877161,-0.187808,0.441933,10.31481,51.621048,30.015293,-0.03455,0.872463,0.017554,0.487141,2.128579,7.413003,45.540257,-0.05355,0.97102,0.045551,0.228424,-9.024398,1.693974,-12.755036,-0.03455,0.872463,0.017554,0.487141,14.543049,2.238974,38.175316
1066,8.883333,-0.025157,0.969458,0.021686,0.242999,-0.46659,86.025276,15.654844,-0.033485,0.98536,0.106688,0.128696,-0.922823,93.699806,15.884206,-0.032366,0.990896,0.093309,0.091493,-2.916774,114.50322,20.186403,0.048631,0.997693,0.012925,0.045573,-4.618601,135.048584,23.93712,0.091972,0.976593,-0.19391,-0.014346,-3.051958,149.553818,22.508984,-0.016774,0.931697,0.13491,0.336837,-8.107915,129.160614,22.831652,0.288694,-0.616715,-0.009127,-0.732281,-21.617027,130.203323,11.776543,0.068618,0.181089,-0.470296,-0.860999,-15.678523,121.693382,-10.781906,0.205135,0.300894,-0.544385,-0.755664,-2.53164,143.994003,-4.17481,-0.028041,0.991151,0.111648,0.066087,-0.803221,129.511017,24.22654,0.315725,0.860969,0.148181,-0.37026,16.503635,130.224991,26.626917,-0.03864,0.116961,0.458861,-0.879928,29.57583,119.450203,8.472297,-0.034283,-0.187858,0.675463,-0.712239,16.047081,139.478912,4.293032,0.060353,0.939848,0.212021,0.260941,-8.72686,85.666611,11.225249,0.071574,0.993356,-0.053275,0.072683,-8.828167,52.947021,-4.359995,-0.053802,0.970991,0.045517,0.228494,-15.960089,6.139758,0.179469,-0.078625,0.934976,-0.119306,0.324661,7.793679,86.383949,20.084438,0.003524,0.877174,-0.187759,0.441927,10.314554,51.621796,30.020189,-0.034573,0.872433,0.017521,0.487195,2.127022,7.412031,45.53957,-0.053802,0.970991,0.045517,0.228494,-9.021935,1.693013,-12.751907,-0.034573,0.872433,0.017521,0.487195,14.542465,2.237568,38.176582
1067,8.891667,-0.025051,0.969486,0.02152,0.242914,-0.469346,86.026299,15.663513,-0.033412,0.985376,0.106665,0.128607,-0.92336,93.701019,15.890852,-0.032401,0.990906,0.093274,0.091411,-2.913513,114.502525,20.192225,0.048612,0.997699,0.012867,0.045477,-4.616338,135.048065,23.941494,0.091934,0.97657,-0.194038,-0.01446,-3.050508,149.553223,22.511452,-0.01676,0.931777,0.134783,0.336666,-8.10537,129.159729,22.837057,0.288848,-0.616777,-0.009205,-0.732167,-21.61854,130.200577,11.786731,0.068731,0.180937,-0.470259,-0.861042,-15.683887,121.687828,-10.771671,0.205093,0.300754,-0.544439,-0.755691,-2.532434,143.988022,-4.173985,-0.028054,0.991164,0.111561,0.066042,-0.800487,129.510834,24.230782,0.315821,0.860891,0.148301,-0.37031,16.506554,130.225662,26.629591,-0.038382,0.116798,0.458777,-0.880005,29.573858,119.450554,8.471645,-0.034187,-0.187799,0.675669,-0.712063,16.039244,139.475876,4.292943,0.060295,0.939859,0.212066,0.260877,-8.730486,85.668762,11.23545,0.071613,0.993352,-0.05318,0.072763,-8.828009,52.950054,-4.351662,-0.053804,0.970976,0.045426,0.228575,-15.963273,6.14236,0.178009,-0.078597,0.935016,-0.119253,0.32457,7.791793,86.383835,20.091578,0.003548,0.877233,-0.187709,0.441832,10.313052,51.620438,30.02289,-0.034572,0.872415,0.01757,0.487225,2.12736,7.408881,45.538158,-0.053804,0.970976,0.045426,0.228575,-9.023063,1.693156,-12.751415,-0.034572,0.872415,0.01757,0.487225,14.543517,2.235616,38.175529
1068,8.9,-0.025009,0.969506,0.021458,0.242841,-0.470105,86.025909,15.671153,-0.033422,0.98539,0.106654,0.128506,-0.923242,93.700699,15.897757,-0.032401,0.99092,0.093231,0.091299,-2.913343,114.502487,20.198839,0.048599,0.997706,0.012701,0.045384,-4.61562,135.04837,23.946527,0.091928,0.976556,-0.194106,-0.014521,-3.050274,149.55307,22.511497,-0.016794,0.931814,0.134717,0.336589,-8.104816,129.159882,22.843426,0.288905,-0.616865,-0.009172,-0.732071,-21.619759,130.198471,11.79505,0.068845,0.180862,-0.470189,-0.861088,-15.690464,121.68145,-10.763157,0.205173,0.300723,-0.544332,-0.75576,-2.534233,143.980011,-4.171194,-0.028016,0.991185,0.11144,0.065937,-0.799628,129.511215,24.235497,0.315846,0.860867,0.14808,-0.370434,16.507975,130.225403,26.630455,-0.038362,0.116826,0.458792,-0.879994,29.56996,119.446457,8.470954,-0.034167,-0.187766,0.675636,-0.712105,16.036135,139.472427,4.290639,0.060228,0.939904,0.212048,0.260748,-8.731952,85.668816,11.24437,0.071637,0.99338,-0.053023,0.07248,-8.827448,52.94894,-4.340311,-0.053599,0.970996,0.04558,0.228508,-15.962711,6.139991,0.176354,-0.078511,0.935054,-0.119197,0.324502,7.791742,86.382996,20.097937,0.003526,0.877329,-0.187708,0.441641,10.309278,51.617645,30.023367,-0.034559,0.872482,0.017572,0.487106,2.128855,7.406056,45.541309,-0.053599,0.970996,0.04558,0.228508,-9.026204,1.693494,-12.755992,-0.034559,0.872482,0.017572,0.487106,14.542902,2.232588,38.175262
1069,8.908333,-0.025041,0.969527,0.021386,0.24276,-0.468332,86.025291,15.677993,-0.033462,0.985399,0.106708,0.128382,-0.921655,93.700104,15.90343,-0.032391,0.990945,0.0931,0.091167,-2.913312,114.503052,20.207155,0.048562,0.997714,0.012708,0.045249,-4.614162,135.049973,23.949741,0.091917,0.97653,-0.194231,-0.014654,-3.050334,149.55484,22.514635,-0.016796,0.931865,0.134608,0.336491,-8.103774,129.161255,22.849142,0.288941,-0.616954,-0.009056,-0.731983,-21.621014,130.197983,11.803405,0.068895,0.180722,-0.470164,-0.861126,-15.697086,121.674332,-10.7537,0.205197,0.300591,-0.544355,-0.755789,-2.537036,143.972549,-4.169011,-0.027979,0.991193,0.111409,0.065885,-0.798217,129.512817,24.23921,0.315964,0.860797,0.148125,-0.370478,16.509689,130.226013,26.632223,-0.03816,0.116771,0.458799,-0.880007,29.566362,119.444298,8.470557,-0.034104,-0.187754,0.675651,-0.712096,16.032291,139.469467,4.288053,0.060235,0.939949,0.212028,0.260598,-8.730884,85.667244,11.252605,0.071635,0.993379,-0.052914,0.07257,-8.829721,52.946808,-4.330879,-0.05383,0.97097,0.04551,0.228578,-15.964478,6.13673,0.174911,-0.078423,0.935105,-0.119174,0.324386,7.794219,86.383347,20.10338,0.003549,0.877308,-0.187652,0.441707,10.30762,51.616585,30.024925,-0.034675,0.872466,0.017589,0.487125,2.126482,7.402992,45.536774,-0.05383,0.97097,0.04551,0.228578,-9.023867,1.690111,-12.755185,-0.034675,0.872466,0.017589,0.487125,14.54204,2.231657,38.17178
1070,8.916667,-0.025022,0.969552,0.021361,0.242666,-0.469684,86.025902,15.68647,-0.033433,0.985418,0.106659,0.12829,-0.922618,93.700745,15.911648,-0.0324,0.990955,0.093079,0.091077,-2.912362,114.503799,20.2136,0.048542,0.99772,0.012653,0.04514,-4.613191,135.050873,23.95542,0.091904,0.976513,-0.194313,-0.014776,-3.050264,149.555649,22.518486,-0.016581,0.932211,0.13412,0.335738,-8.102814,129.161987,22.855738,0.289218,-0.616916,-0.009308,-0.731902,-21.638021,130.196259,11.831799,0.069317,0.18041,-0.470013,-0.86124,-15.712025,121.673813,-10.725216,0.205219,0.300473,-0.544332,-0.755846,-2.540647,143.966995,-4.164993,-0.027958,0.991214,0.111267,0.06582,-0.797024,129.51384,24.244505,0.315961,0.860786,0.147802,-0.370635,16.511225,130.226929,26.635065,-0.038086,0.116808,0.458883,-0.879962,29.562204,119.44075,8.471964,-0.03383,-0.187793,0.67564,-0.71211,16.032162,139.468399,4.286542,0.06023,0.939978,0.21197,0.260542,-8.73311,85.668022,11.262705,0.071615,0.9934,-0.052755,0.072422,-8.833719,52.94577,-4.316952,-0.053919,0.970965,0.04557,0.228566,-15.964861,6.133813,0.175031,-0.078434,0.935159,-0.119162,0.324232,7.793742,86.383781,20.110235,0.003606,0.877424,-0.187655,0.441475,10.309802,51.616955,30.030853,-0.034718,0.872529,0.017539,0.487012,2.127856,7.403517,45.542709,-0.053919,0.970965,0.04557,0.228566,-9.023584,1.689567,-12.755526,-0.034718,0.872529,0.017539,0.487012,14.541678,2.23146,38.175301
1071,8.925,-0.025063,0.969562,0.021404,0.242619,-0.468889,86.026367,15.693574,-0.033412,0.985432,0.106614,0.128219,-0.922581,93.701157,15.919277,-0.032425,0.990961,0.093076,0.091001,-2.910935,114.505074,20.219702,0.048569,0.997724,0.012607,0.04505,-4.61249,135.052094,23.961432,0.091839,0.976508,-0.194363,-0.014895,-3.049024,149.556671,22.523027,-0.016587,0.932258,0.134044,0.335636,-8.101908,129.162994,22.862364,0.289266,-0.617072,-0.00934,-0.731752,-21.639486,130.195663,11.841191,0.069294,0.180357,-0.469909,-0.86131,-15.723042,121.670578,-10.717331,0.205111,0.300342,-0.54414,-0.756066,-2.545245,143.960709,-4.157761,-0.027939,0.991223,0.111248,0.065728,-0.795935,129.51532,24.250042,0.315992,0.860765,0.147787,-0.370663,16.512774,130.228149,26.637354,-0.037939,0.116765,0.458838,-0.879997,29.561752,119.440857,8.47347,-0.033702,-0.18772,0.675687,-0.712091,16.029037,139.466705,4.286241,0.060211,0.940076,0.21185,0.260292,-8.732704,85.667931,11.270579,0.071555,0.9934,-0.052599,0.072589,-8.838503,52.94186,-4.300994,-0.054021,0.970955,0.045746,0.228552,-15.963799,6.127542,0.1756,-0.078447,0.93519,-0.119149,0.324144,7.794926,86.384811,20.116568,0.003697,0.877532,-0.187642,0.441265,10.313126,51.617916,30.036402,-0.034625,0.872547,0.017586,0.486984,2.127822,7.404077,45.545357,-0.054021,0.970955,0.045746,0.228552,-9.0217,1.689028,-12.756482,-0.034625,0.872547,0.017586,0.486984,14.5405,2.231841,38.176144
1072,8.933333,-0.02491,0.969584,0.021262,0.242556,-0.477506,86.030243,15.703938,-0.033296,0.985451,0.106569,0.128145,-0.92837,93.705238,15.928118,-0.032416,0.990971,0.09305,0.090928,-2.91094,114.506279,20.226721,0.048425,0.997736,0.012429,0.044988,-4.61174,135.053543,23.967533,0.091861,0.976508,-0.194352,-0.014879,-3.052437,149.558014,22.523668,-0.016541,0.932327,0.13399,0.335468,-8.101377,129.164398,22.86931,0.289122,-0.617215,-0.009163,-0.73169,-21.64295,130.197113,11.853048,0.069165,0.180186,-0.469841,-0.861393,-15.73511,121.667931,-10.706183,0.204964,0.300201,-0.544012,-0.756253,-2.550642,143.955093,-4.150263,-0.027932,0.991224,0.111285,0.065651,-0.795199,129.516724,24.255901,0.316024,0.860749,0.147681,-0.370716,16.513876,130.229538,26.640564,-0.037889,0.116773,0.458778,-0.880029,29.559916,119.439575,8.476146,-0.033692,-0.187472,0.675816,-0.712034,16.024393,139.463562,4.287088,0.060072,0.940103,0.211812,0.260257,-8.742038,85.673904,11.282116,0.071564,0.99342,-0.052435,0.072432,-8.839785,52.945446,-4.284521,-0.053991,0.97096,0.045711,0.228543,-15.964142,6.129601,0.177611,-0.078567,0.935212,-0.119089,0.324073,7.787026,86.386581,20.125761,0.003755,0.877571,-0.187603,0.441202,10.315469,51.620014,30.044109,-0.034472,0.872553,0.017697,0.48698,2.12806,7.40481,45.54805,-0.053991,0.97096,0.045711,0.228543,-9.02261,1.68988,-12.75436,-0.034472,0.872553,0.017697,0.48698,14.539729,2.233117,38.176758
1073,8.941667,-0.024923,0.9696,0.021284,0.242491,-0.476249,86.031273,15.712237,-0.033265,0.985459,0.106595,0.128068,-0.927373,93.706238,15.936734,-0.032503,0.990979,0.092992,0.090863,-2.908395,114.506424,20.236578,0.048583,0.997731,0.012464,0.044907,-4.61236,135.053894,23.97477,0.091781,0.976489,-0.194469,-0.015061,-3.048793,149.558014,22.531975,-0.016517,0.932365,0.133953,0.335381,-8.101093,129.163986,22.877737,0.289205,-0.617379,-0.009218,-0.731518,-21.644751,130.196625,11.864031,0.069165,0.180121,-0.469779,-0.861441,-15.747011,121.664452,-10.696709,0.204907,0.3001,-0.543913,-0.75638,-2.558489,143.949188,-4.143213,-0.027908,0.991236,0.111251,0.065541,-0.794822,129.517776,24.263472,0.316117,0.860721,0.147739,-0.370678,16.514805,130.230286,26.644199,-0.03768,0.116785,0.45877,-0.880041,29.559303,119.437576,8.480321,-0.033571,-0.187379,0.675794,-0.712084,16.024076,139.459595,4.28613,0.060065,0.940159,0.211781,0.260082,-8.741363,85.674767,11.291515,0.071556,0.993437,-0.052297,0.072299,-8.842142,52.945282,-4.272913,-0.054127,0.97096,0.045778,0.228499,-15.964243,6.127963,0.177308,-0.078539,0.93526,-0.119062,0.323953,7.788864,86.387772,20.132959,0.003815,0.877623,-0.187579,0.441109,10.31742,51.620411,30.048538,-0.034599,0.872573,0.017689,0.486936,2.127606,7.40442,45.548977,-0.054127,0.97096,0.045778,0.228499,-9.022429,1.69113,-12.755503,-0.034599,0.872573,0.017689,0.486936,14.53971,2.234339,38.177292
1074,8.95,-0.02494,0.969625,0.021222,0.242395,-0.474208,86.032333,15.721476,-0.033297,0.985482,0.106515,0.127952,-0.925345,93.707329,15.945026,-0.032512,0.990988,0.093021,0.090734,-2.906459,114.504646,20.240891,0.048551,0.997738,0.012243,0.044853,-4.610426,135.051865,23.980499,0.0917,0.97651,-0.194408,-0.015014,-3.047713,149.55542,22.531157,-0.016367,0.932434,0.134018,0.33517,-8.099166,129.16185,22.884087,0.28921,-0.617565,-0.009136,-0.73136,-21.647934,130.199097,11.877097,0.069141,0.179958,-0.469695,-0.861523,-15.761538,121.661087,-10.6844,0.204822,0.299944,-0.543862,-0.756502,-2.565426,143.943527,-4.136636,-0.027957,0.991239,0.111221,0.065528,-0.792555,129.515915,24.267956,0.31621,0.860673,0.147614,-0.370761,16.517036,130.230209,26.648426,-0.037454,0.116768,0.45879,-0.880042,29.555565,119.432602,8.483166,-0.033398,-0.187352,0.675989,-0.711915,16.020836,139.454514,4.284575,0.060031,0.940216,0.21183,0.259844,-8.740179,85.675171,11.30241,0.071596,0.993451,-0.052196,0.072139,-8.841618,52.946899,-4.264593,-0.054103,0.97095,0.045758,0.228552,-15.966084,6.129119,0.176953,-0.078458,0.935306,-0.119,0.323862,7.791763,86.389496,20.140543,0.003814,0.877553,-0.187538,0.441265,10.317286,51.620136,30.049887,-0.034655,0.872531,0.017676,0.487007,2.126613,7.402656,45.545612,-0.054103,0.97095,0.045758,0.228552,-9.023129,1.691584,-12.75501,-0.034655,0.872531,0.017676,0.487007,14.540392,2.233115,38.176365
1075,8.958333,-0.024918,0.969649,0.021174,0.242304,-0.474892,86.034164,15.730771,-0.033293,0.985495,0.106526,0.127843,-0.925489,93.709213,15.953721,-0.032488,0.991001,0.093007,0.090618,-2.905963,114.50589,20.250162,0.048395,0.997753,0.012196,0.044706,-4.608449,135.053268,23.989481,0.091721,0.976485,-0.194513,-0.015129,-3.050672,149.557175,22.538319,-0.016622,0.932282,0.134266,0.335481,-8.097619,129.16333,22.894089,0.288892,-0.617901,-0.008905,-0.731205,-21.638803,130.196701,11.877409,0.068695,0.179904,-0.469692,-0.861571,-15.77283,121.655128,-10.688057,0.204682,0.299785,-0.543788,-0.756657,-2.573813,143.937103,-4.130259,-0.027935,0.991253,0.111138,0.065459,-0.790671,129.517227,24.27622,0.316354,0.860606,0.147485,-0.370844,16.519281,130.231262,26.654144,-0.037176,0.116738,0.458846,-0.880029,29.550213,119.426788,8.487513,-0.033129,-0.187246,0.676223,-0.711733,16.017256,139.449783,4.284037,0.060057,0.940271,0.211734,0.259717,-8.741714,85.677147,11.313282,0.071559,0.993473,-0.051999,0.072022,-8.848899,52.946156,-4.247962,-0.054346,0.970934,0.045808,0.228549,-15.968059,6.125912,0.17614,-0.078404,0.935341,-0.118947,0.323792,7.791928,86.39119,20.14826,0.003839,0.877677,-0.18754,0.441019,10.315825,51.620304,30.052677,-0.034615,0.872586,0.01766,0.486913,2.127252,7.402924,45.549801,-0.054346,0.970934,0.045808,0.228549,-9.022675,1.691663,-12.755641,-0.034615,0.872586,0.01766,0.486913,14.53898,2.232317,38.177845
1076,8.966667,-0.024901,0.969666,0.021169,0.242238,-0.474693,86.034096,15.737669,-0.033269,0.985507,0.106553,0.127736,-0.925007,93.70916,15.96065,-0.03258,0.991013,0.092954,0.090511,-2.904075,114.505264,20.25849,0.048446,0.997754,0.012149,0.044644,-4.609749,135.052826,23.995449,0.091656,0.976481,-0.194561,-0.015182,-3.050668,149.556458,22.542866,-0.016386,0.932557,0.133884,0.334881,-8.09801,129.162079,22.901501,0.289058,-0.617937,-0.008987,-0.731108,-21.653542,130.195709,11.9025,0.068944,0.179598,-0.469636,-0.861646,-15.789854,121.651505,-10.662565,0.204713,0.29963,-0.543786,-0.75671,-2.583544,143.931656,-4.124893,-0.027916,0.991268,0.111058,0.065381,-0.790861,129.517548,24.282177,0.316447,0.86059,0.147372,-0.370846,16.519487,130.2314,26.657286,-0.037013,0.116787,0.458872,-0.880016,29.547422,119.421112,8.491966,-0.032986,-0.187138,0.676228,-0.711764,16.016283,139.443924,4.282866,0.060008,0.940301,0.211744,0.259609,-8.742124,85.67733,11.321298,0.071584,0.993463,-0.051917,0.072195,-8.8476,52.94622,-4.239712,-0.054172,0.970936,0.045817,0.22858,-15.969363,6.125504,0.175161,-0.078414,0.935365,-0.118952,0.32372,7.792737,86.390862,20.154041,0.003929,0.877657,-0.187472,0.441086,10.317958,51.620178,30.058825,-0.034709,0.872538,0.01769,0.486991,2.123557,7.400432,45.546108,-0.054172,0.970936,0.045817,0.22858,-9.024933,1.6902,-12.756775,-0.034709,0.872538,0.01769,0.486991,14.537658,2.232014,38.176609
1077,8.975,-0.025096,0.969672,0.021419,0.242174,-0.464283,86.031128,15.741912,-0.033396,0.985513,0.106555,0.127652,-0.918418,93.705872,15.967917,-0.032641,0.99102,0.092938,0.09042,-2.902818,114.505135,20.266066,0.04836,0.997762,0.012074,0.044565,-4.610633,135.052643,24.002277,0.091608,0.976479,-0.19459,-0.015225,-3.054195,149.55632,22.547266,-0.016579,0.932604,0.134026,0.334683,-8.098285,129.161377,22.909216,0.289038,-0.618095,-0.009121,-0.730981,-21.658222,130.189423,11.915119,0.06892,0.179487,-0.469594,-0.861694,-15.804315,121.648361,-10.653682,0.204843,0.299414,-0.543841,-0.756722,-2.593745,143.927139,-4.119895,-0.028053,0.99128,0.11096,0.065302,-0.790951,129.517883,24.288643,0.316618,0.860573,0.14716,-0.370825,16.519491,130.237061,26.661476,-0.036811,0.11681,0.458941,-0.879985,29.542839,119.41568,8.499461,-0.032759,-0.187008,0.676314,-0.711727,16.014952,139.439911,4.285113,0.060162,0.940365,0.21168,0.259394,-8.732113,85.671928,11.326485,0.071539,0.993465,-0.051864,0.072243,-8.852873,52.940201,-4.233113,-0.05434,0.970913,0.046022,0.2286,-15.970252,6.118348,0.176763,-0.078353,0.935398,-0.119019,0.323615,7.803546,86.390327,20.157339,0.00407,0.87781,-0.187463,0.440784,10.324169,51.620102,30.064869,-0.034696,0.87254,0.017793,0.486985,2.123701,7.400158,45.548386,-0.05434,0.970913,0.046022,0.2286,-9.0234,1.690203,-12.756324,-0.034696,0.87254,0.017793,0.486985,14.538041,2.234102,38.177628
1078,8.983333,-0.025149,0.96969,0.021476,0.242089,-0.461822,86.033218,15.748411,-0.033406,0.985518,0.106597,0.127575,-0.916938,93.707886,15.975115,-0.032659,0.991027,0.092929,0.090351,-2.901726,114.507637,20.275265,0.04841,0.997761,0.012087,0.044527,-4.610013,135.055161,24.011168,0.091483,0.976469,-0.194697,-0.015271,-3.05228,149.558731,22.556538,-0.01667,0.932461,0.134387,0.334931,-8.097531,129.163696,22.918724,0.288827,-0.618393,-0.008784,-0.730816,-21.651556,130.194244,11.917587,0.068658,0.1794,-0.469643,-0.861706,-15.815703,121.643066,-10.65204,0.205025,0.299124,-0.543982,-0.756685,-2.603769,143.925247,-4.114681,-0.027908,0.991277,0.111099,0.06518,-0.790031,129.520599,24.297165,0.316649,0.86055,0.147145,-0.370857,16.521246,130.234894,26.665329,-0.036653,0.116682,0.45893,-0.880014,29.542446,119.412521,8.502382,-0.032446,-0.18693,0.676484,-0.7116,16.012358,139.436203,4.289717,0.060139,0.940397,0.211663,0.259298,-8.730375,85.673271,11.334406,0.071547,0.993452,-0.05179,0.072469,-8.851475,52.940811,-4.223637,-0.054108,0.970922,0.046172,0.228586,-15.970135,6.118333,0.177577,-0.078369,0.935397,-0.118989,0.323625,7.806731,86.393166,20.162416,0.004078,0.877778,-0.187492,0.440836,10.329095,51.622612,30.068354,-0.034562,0.87258,0.017856,0.486919,2.125884,7.403708,45.553375,-0.054108,0.970922,0.046172,0.228586,-9.025861,1.692647,-12.757729,-0.034562,0.87258,0.017856,0.486919,14.538124,2.237236,38.179386
1079,8.991667,-0.024909,0.969724,0.021353,0.24199,-0.473419,86.040085,15.759254,-0.033259,0.98554,0.106538,0.127491,-0.924478,93.715027,15.985052,-0.032629,0.99103,0.09298,0.09027,-2.901752,114.508759,20.282299,0.048355,0.997769,0.011944,0.044444,-4.608657,135.055969,24.020533,0.091425,0.976469,-0.194718,-0.015324,-3.052621,149.55928,22.561529,-0.016256,0.93274,0.134243,0.334233,-8.096575,129.164749,22.928099,0.289029,-0.618435,-0.008705,-0.730702,-21.667416,130.20369,11.9485,0.068967,0.178946,-0.469576,-0.861812,-15.834027,121.642792,-10.618082,0.205029,0.298833,-0.54416,-0.756671,-2.611756,143.922821,-4.108983,-0.027966,0.991274,0.111137,0.065134,-0.788828,129.521255,24.305328,0.316828,0.860517,0.147141,-0.370784,16.522541,130.237625,26.672176,-0.036546,0.11677,0.459041,-0.879949,29.540802,119.407509,8.511736,-0.032335,-0.186712,0.676131,-0.711997,16.018379,139.431564,4.29392,0.059956,0.940484,0.211233,0.259375,-8.743093,85.683884,11.347045,0.071642,0.993488,-0.051694,0.071956,-8.859023,52.936638,-4.179903,-0.054571,0.970872,0.046311,0.228661,-15.983688,6.114512,0.215303,-0.078511,0.935349,-0.118873,0.323771,7.796256,86.396286,20.171461,0.004083,0.87775,-0.187438,0.440914,10.329412,51.625366,30.073345,-0.034646,0.872565,0.017876,0.486939,2.126567,7.404554,45.553116,-0.054571,0.970872,0.046311,0.228661,-9.032633,1.696409,-12.718955,-0.034646,0.872565,0.017876,0.486939,14.540048,2.239817,38.18
1080,9.0,-0.024927,0.969742,0.021418,0.241911,-0.472019,86.042419,15.765747,-0.033258,0.985558,0.10661,0.127296,-0.923568,93.717293,15.992485,-0.032701,0.991045,0.093018,0.090045,-2.900226,114.509323,20.292927,0.048347,0.997779,0.011805,0.044279,-4.609419,135.056046,24.032835,0.091423,0.976459,-0.19476,-0.015418,-3.054032,149.55899,22.569489,-0.016586,0.932613,0.13436,0.334524,-8.09669,129.1642,22.941662,0.288927,-0.618751,-0.008864,-0.730472,-21.660349,130.19519,11.952439,0.068669,0.178899,-0.469599,-0.861833,-15.846544,121.638535,-10.620813,0.205029,0.298592,-0.544208,-0.756732,-2.622348,143.920792,-4.105223,-0.027915,0.99129,0.111071,0.065027,-0.788407,129.522018,24.315708,0.316952,0.860449,0.147279,-0.370779,16.523554,130.237228,26.678616,-0.036286,0.116673,0.459024,-0.879982,29.538065,119.40538,8.516523,-0.032206,-0.186687,0.676168,-0.711975,16.014029,139.427368,4.296919,0.059977,0.940448,0.21144,0.259332,-8.742401,85.686142,11.354867,0.071569,0.993499,-0.051374,0.072094,-8.856368,52.945446,-4.185903,-0.054512,0.970881,0.046137,0.228671,-15.972759,6.119201,0.17865,-0.078623,0.935496,-0.119019,0.323264,7.798362,86.398689,20.176628,0.004424,0.878094,-0.187347,0.440264,10.340891,51.631546,30.08939,-0.034579,0.87256,0.017871,0.486953,2.124839,7.407752,45.553642,-0.054512,0.970881,0.046137,0.228671,-9.022172,1.695728,-12.754027,-0.034579,0.87256,0.017871,0.486953,14.537895,2.241931,38.180565
1081,9.008333,-0.024914,0.969765,0.021356,0.241825,-0.470982,86.045044,15.774605,-0.033316,0.98556,0.106646,0.12723,-0.922089,93.719978,16.000519,-0.032712,0.991049,0.093028,0.089982,-2.901032,114.510834,20.302114,0.048366,0.997783,0.011759,0.044188,-4.610477,135.057449,24.042501,0.09137,0.97645,-0.19482,-0.015549,-3.054773,149.560211,22.577684,-0.01653,0.932675,0.134325,0.334367,-8.097677,129.165482,22.951685,0.289025,-0.618911,-0.008925,-0.730297,-21.665071,130.197113,11.96714,0.068669,0.178698,-0.469565,-0.861894,-15.861132,121.637321,-10.607451,0.204976,0.298277,-0.544216,-0.756866,-2.631305,143.919052,-4.100365,-0.027858,0.991294,0.111096,0.064941,-0.789239,129.52356,24.324829,0.317015,0.860416,0.147192,-0.370838,16.52322,130.237061,26.684565,-0.036235,0.116713,0.45904,-0.87997,29.533598,119.401871,8.521502,-0.032234,-0.186606,0.676125,-0.712036,16.01062,139.424271,4.299052,0.060038,0.940397,0.211534,0.259428,-8.742149,85.68869,11.36521,0.071573,0.993491,-0.051362,0.07222,-8.856812,52.951401,-4.182731,-0.054432,0.970888,0.046031,0.228682,-15.97403,6.125078,0.179738,-0.078588,0.935496,-0.118914,0.323313,7.800184,86.401405,20.184,0.004423,0.878046,-0.187349,0.440358,10.342342,51.632046,30.089081,-0.034529,0.872534,0.01795,0.487001,2.124645,7.408333,45.552654,-0.054432,0.970888,0.046031,0.228682,-9.024076,1.697987,-12.752038,-0.034529,0.872534,0.01795,0.487001,14.538389,2.243796,38.179848
1082,9.016667,-0.024914,0.969786,0.021375,0.24174,-0.46993,86.046059,15.781668,-0.033325,0.985568,0.10669,0.12713,-0.921093,93.72097,16.007896,-0.032772,0.991057,0.093019,0.089887,-2.900196,114.51107,20.311426,0.048384,0.997786,0.011746,0.04409,-4.611732,135.057587,24.051373,0.091319,0.976445,-0.194863,-0.015666,-3.055822,149.560287,22.586035,-0.01651,0.93272,0.134392,0.334214,-8.098335,129.165131,22.961397,0.289133,-0.619064,-0.009019,-0.730124,-21.669327,130.197449,11.981361,0.068671,0.178519,-0.469542,-0.861943,-15.87487,121.635483,-10.594849,0.204905,0.298052,-0.544263,-0.756939,-2.640657,143.916519,-4.095557,-0.027875,0.991319,0.110878,0.06493,-0.789698,129.524231,24.333216,0.317128,0.860353,0.14703,-0.370952,16.522779,130.238876,26.692469,-0.036057,0.116656,0.459088,-0.87996,29.525406,119.397713,8.527416,-0.032081,-0.186626,0.676226,-0.711941,16.003695,139.421127,4.303536,0.060029,0.940446,0.211532,0.259254,-8.741869,85.689728,11.373715,0.071577,0.993493,-0.051273,0.072253,-8.858841,52.952301,-4.173908,-0.054437,0.970885,0.046016,0.228696,-15.97597,6.125161,0.179915,-0.078397,0.935412,-0.118758,0.32366,7.802008,86.40239,20.189619,0.004186,0.877723,-0.18735,0.441005,10.331421,51.628159,30.080858,-0.034593,0.872478,0.017988,0.487095,2.122071,7.404285,45.54842,-0.054437,0.970885,0.046016,0.228696,-9.025631,1.697681,-12.751523,-0.034593,0.872478,0.017988,0.487095,14.5382,2.241694,38.178257
1083,9.025,-0.024933,0.969811,0.021461,0.241629,-0.46829,86.049461,15.787846,-0.033366,0.98557,0.106733,0.127067,-0.920022,93.724312,16.015343,-0.032743,0.991057,0.093086,0.089831,-2.900505,114.51123,20.319977,0.048313,0.997794,0.011616,0.044022,-4.610891,135.057312,24.062876,0.091259,0.976444,-0.194891,-0.015712,-3.057112,149.559814,22.593538,-0.01643,0.932774,0.13444,0.334048,-8.097828,129.1651,22.972528,0.288991,-0.619229,-0.00886,-0.730042,-21.672783,130.199783,11.997606,0.068532,0.178218,-0.469566,-0.862003,-15.888329,121.633957,-10.579713,0.204855,0.297783,-0.544335,-0.757007,-2.649203,143.915817,-4.090166,-0.027844,0.991329,0.110813,0.064894,-0.789013,129.523773,24.343525,0.317236,0.86025,0.146981,-0.371118,16.523691,130.23764,26.701378,-0.035878,0.116528,0.459174,-0.879939,29.516813,119.393799,8.531116,-0.031845,-0.186658,0.67629,-0.711882,15.997441,139.419373,4.308995,0.06007,0.940485,0.211436,0.259179,-8.741219,85.69313,11.381747,0.071526,0.993498,-0.051138,0.07233,-8.864122,52.953106,-4.160352,-0.054639,0.97088,0.046023,0.228667,-15.975925,6.123963,0.180548,-0.078335,0.935415,-0.118743,0.323669,7.804637,86.405792,20.193945,0.004149,0.877766,-0.187342,0.440922,10.330164,51.630615,30.082861,-0.034583,0.872534,0.017955,0.486998,2.125745,7.40642,45.552139,-0.054639,0.97088,0.046023,0.228667,-9.024278,1.698207,-12.75078,-0.034583,0.872534,0.017955,0.486998,14.539984,2.242793,38.179512
1084,9.033333,-0.024951,0.96983,0.021528,0.241544,-0.465665,86.052116,15.794267,-0.033423,0.985574,0.106783,0.126984,-0.917891,93.726906,16.022734,-0.032742,0.991062,0.09311,0.089746,-2.900796,114.514198,20.3295,0.048326,0.997799,0.011635,0.043897,-4.610887,135.060089,24.073549,0.091202,0.976435,-0.194947,-0.015888,-3.057171,149.562653,22.604576,-0.016454,0.932831,0.134427,0.333893,-8.097911,129.167877,22.983551,0.289012,-0.619341,-0.008845,-0.729939,-21.676474,130.200851,12.012929,0.068515,0.178019,-0.46959,-0.862033,-15.898907,121.63221,-10.565083,0.204863,0.297549,-0.54434,-0.757093,-2.657071,143.915253,-4.084024,-0.02783,0.99132,0.110934,0.064839,-0.788867,129.526611,24.353313,0.317275,0.860221,0.147239,-0.371049,16.524118,130.239944,26.709293,-0.035586,0.116415,0.459053,-0.880029,29.518518,119.399132,8.538137,-0.031671,-0.186696,0.676005,-0.712151,15.994032,139.417236,4.314074,0.060096,0.940517,0.211319,0.259153,-8.739349,85.695724,11.389592,0.071524,0.993504,-0.050993,0.072346,-8.86672,52.952351,-4.145426,-0.054738,0.970864,0.046134,0.228688,-15.977449,6.121767,0.181757,-0.078481,0.935515,-0.118845,0.323307,7.808019,86.408516,20.19894,0.004453,0.878008,-0.187302,0.440454,10.344712,51.636757,30.097004,-0.034569,0.872542,0.017932,0.486985,2.124862,7.411373,45.554699,-0.054738,0.970864,0.046134,0.228688,-9.024145,1.699956,-12.750031,-0.034569,0.872542,0.017932,0.486985,14.538644,2.246963,38.181847
1085,9.041667,-0.024967,0.969854,0.021613,0.24144,-0.464227,86.055603,15.801543,-0.033418,0.985582,0.106784,0.126923,-0.916988,93.730316,16.031265,-0.03277,0.991058,0.093194,0.0897,-2.899184,114.515472,20.337784,0.048317,0.997804,0.011625,0.043784,-4.610561,135.060638,24.085272,0.091154,0.976433,-0.194964,-0.016065,-3.057494,149.563202,22.615784,-0.016303,0.933115,0.134088,0.333244,-8.097218,129.168304,22.994654,0.289178,-0.619346,-0.00906,-0.729866,-21.691078,130.199066,12.04279,0.068818,0.1777,-0.469533,-0.862105,-15.914014,121.63298,-10.536324,0.204995,0.297389,-0.544361,-0.757105,-2.664368,143.914978,-4.077213,-0.027783,0.991321,0.110961,0.064794,-0.788077,129.52742,24.3638,0.317269,0.860167,0.147214,-0.371189,16.5252,130.239197,26.718061,-0.035416,0.11627,0.459049,-0.880057,29.514629,119.400063,8.542356,-0.031381,-0.186777,0.676069,-0.712082,15.987931,139.417938,4.320442,0.060067,0.94056,0.211246,0.259064,-8.738839,85.699242,11.39861,0.07159,0.993524,-0.050817,0.072123,-8.867167,52.95335,-4.131104,-0.054831,0.970824,0.046161,0.228832,-15.981997,6.121964,0.180641,-0.078496,0.935548,-0.118783,0.323234,7.810385,86.411957,20.204475,0.004511,0.877972,-0.187312,0.440521,10.35035,51.639282,30.098475,-0.034733,0.87252,0.017892,0.487014,2.124006,7.414323,45.553917,-0.054831,0.970824,0.046161,0.228832,-9.023937,1.701822,-12.749159,-0.034733,0.87252,0.017892,0.487014,14.539656,2.251299,38.183247
1086,9.05,-0.024939,0.969874,0.021683,0.241354,-0.461118,86.05928,15.807626,-0.033405,0.985587,0.106853,0.126829,-0.913695,93.733978,16.038532,-0.032885,0.99106,0.093211,0.089617,-2.895153,114.516708,20.347824,0.048458,0.997799,0.011733,0.043709,-4.611038,135.061417,24.095695,0.090975,0.97643,-0.195049,-0.016225,-3.054241,149.563919,22.629421,-0.016286,0.93316,0.134144,0.333094,-8.096404,129.168259,23.005543,0.288993,-0.61944,-0.008921,-0.729862,-21.693779,130.199478,12.058085,0.068666,0.177476,-0.469583,-0.862137,-15.922345,121.632721,-10.522212,0.204993,0.297174,-0.544375,-0.75718,-2.671163,143.915176,-4.069642,-0.027659,0.991323,0.111003,0.064745,-0.787154,129.529144,24.373636,0.317237,0.860095,0.147167,-0.371402,16.526587,130.23674,26.725773,-0.035204,0.115969,0.459015,-0.880123,29.509186,119.400787,8.54328,-0.030937,-0.186916,0.676371,-0.711778,15.976439,139.418549,4.328838,0.060048,0.940647,0.211158,0.258826,-8.736531,85.703705,11.406138,0.071572,0.993508,-0.050722,0.072441,-8.869258,52.95496,-4.11751,-0.054881,0.970808,0.046182,0.228881,-15.983173,6.12241,0.183045,-0.078459,0.935557,-0.118785,0.323214,7.814296,86.414864,20.209112,0.004549,0.87789,-0.187243,0.440715,10.351935,51.641811,30.102371,-0.034635,0.872427,0.017965,0.487184,2.121943,7.414422,45.548893,-0.054881,0.970808,0.046182,0.228881,-9.023307,1.70331,-12.746138,-0.034635,0.872427,0.017965,0.487184,14.539865,2.251918,38.181694
1087,9.058333,-0.024852,0.9699,0.021708,0.241259,-0.461881,86.063896,15.814988,-0.033589,0.985586,0.106882,0.126759,-0.913234,93.73864,16.046637,-0.032649,0.991068,0.093311,0.089507,-2.902278,114.520775,20.356291,0.048265,0.997818,0.011665,0.043507,-4.608328,135.065353,24.109385,0.091048,0.976417,-0.195069,-0.016399,-3.057717,149.568253,22.640522,-0.016361,0.93321,0.134038,0.332993,-8.096519,129.173935,23.018806,0.289039,-0.619553,-0.00899,-0.729747,-21.696177,130.200958,12.073785,0.068674,0.177353,-0.469577,-0.862165,-15.93177,121.633636,-10.508098,0.205037,0.297008,-0.544426,-0.757196,-2.678306,143.915527,-4.061234,-0.027832,0.991338,0.110847,0.064706,-0.786746,129.531372,24.385012,0.317442,0.859986,0.14725,-0.371446,16.526838,130.245483,26.736361,-0.034813,0.115842,0.459012,-0.880157,29.501354,119.404366,8.551188,-0.030792,-0.186974,0.676456,-0.711688,15.967999,139.418915,4.333516,0.060048,0.940685,0.211013,0.258804,-8.738237,85.709969,11.415136,0.07156,0.993516,-0.050526,0.072474,-8.874189,52.956806,-4.099155,-0.054875,0.970801,0.046224,0.228904,-15.985886,6.122217,0.182813,-0.078425,0.935557,-0.118715,0.323247,7.814476,86.417831,20.21484,0.004494,0.877854,-0.187252,0.440782,10.351187,51.643192,30.102783,-0.034631,0.872477,0.017997,0.487094,2.124222,7.416076,45.551716,-0.054875,0.970801,0.046224,0.228904,-9.02544,1.704282,-12.746461,-0.034631,0.872477,0.017997,0.487094,14.540742,2.254252,38.181667
1088,9.066667,-0.024791,0.969927,0.021771,0.241151,-0.458439,86.069603,15.819875,-0.033653,0.985573,0.107034,0.126717,-0.909085,93.744347,16.052746,-0.032687,0.991069,0.093295,0.089493,-2.901153,114.522186,20.367853,0.048252,0.997821,0.01173,0.043448,-4.608682,135.066772,24.120193,0.090999,0.976407,-0.195128,-0.016516,-3.05872,149.569916,22.653105,-0.016362,0.933263,0.134087,0.332825,-8.096448,129.175049,23.029913,0.289146,-0.619606,-0.009084,-0.729658,-21.70001,130.201797,12.089729,0.068743,0.177287,-0.469578,-0.862172,-15.938951,121.633766,-10.492736,0.205097,0.296876,-0.544405,-0.757247,-2.684587,143.915894,-4.050707,-0.027822,0.991345,0.110849,0.064607,-0.786676,129.533096,24.395954,0.317479,0.859923,0.147186,-0.371586,16.527372,130.247253,26.74382,-0.034783,0.115804,0.458938,-0.880202,29.495546,119.40538,8.554572,-0.030944,-0.186874,0.67644,-0.711722,15.957889,139.41832,4.337364,0.060085,0.940733,0.210822,0.258776,-8.735833,85.717018,11.421873,0.071541,0.993529,-0.050328,0.072447,-8.878478,52.958332,-4.080709,-0.054679,0.970814,0.046352,0.228873,-15.986882,6.121564,0.18288,-0.07832,0.935608,-0.118681,0.323138,7.818956,86.422188,20.217875,0.004552,0.877966,-0.187237,0.440564,10.350562,51.645767,30.100845,-0.03457,0.872437,0.017919,0.487173,2.123212,7.418165,45.548183,-0.054679,0.970814,0.046352,0.228873,-9.029137,1.705707,-12.748551,-0.03457,0.872437,0.017919,0.487173,14.540111,2.253558,38.180729
1089,9.075,-0.024751,0.969952,0.021816,0.241048,-0.458387,86.071831,15.827906,-0.033666,0.985583,0.107075,0.126605,-0.908582,93.746582,16.061642,-0.032734,0.991076,0.093317,0.08938,-2.900907,114.524033,20.37859,0.048279,0.997822,0.011735,0.043393,-4.610025,135.068329,24.131838,0.090892,0.976409,-0.195167,-0.016537,-3.059473,149.571411,22.664841,-0.016545,0.933079,0.134436,0.333191,-8.09734,129.176224,23.04216,0.288892,-0.619816,-0.00891,-0.729582,-21.692171,130.202911,12.091118,0.068382,0.177351,-0.469602,-0.862174,-15.943885,121.633339,-10.494015,0.205029,0.296823,-0.544368,-0.757312,-2.689849,143.916962,-4.039058,-0.027839,0.991351,0.110831,0.064533,-0.787311,129.53508,24.406624,0.317519,0.859856,0.14723,-0.371689,16.527039,130.250137,26.752007,-0.034579,0.115661,0.458892,-0.880253,29.490154,119.40918,8.558616,-0.03077,-0.186899,0.67647,-0.711696,15.949022,139.41951,4.342685,0.060118,0.940794,0.21067,0.258672,-8.736753,85.720116,11.431662,0.071446,0.993524,-0.050152,0.072735,-8.886348,52.957081,-4.06165,-0.054722,0.970816,0.046463,0.228831,-15.9859,6.11735,0.184054,-0.078264,0.935642,-0.118635,0.323069,7.819978,86.423546,20.224152,0.004548,0.877894,-0.187208,0.44072,10.349637,51.645695,30.102577,-0.034542,0.872424,0.017931,0.487199,2.12106,7.417035,45.546234,-0.054722,0.970816,0.046463,0.228831,-9.028699,1.704934,-12.748843,-0.034542,0.872424,0.017931,0.487199,14.538181,2.252338,38.179218
1090,9.083333,-0.024738,0.969985,0.021871,0.240914,-0.454078,86.075066,15.834986,-0.033667,0.985589,0.107115,0.126517,-0.904251,93.749794,16.069653,-0.032784,0.991076,0.093364,0.089313,-2.896424,114.526367,20.388357,0.048419,0.997818,0.011904,0.043288,-4.607532,135.07016,24.143475,0.090778,0.976405,-0.195221,-0.016757,-3.053471,149.57338,22.681404,-0.016632,0.933133,0.134503,0.333008,-8.094275,129.177719,23.053764,0.288891,-0.619882,-0.009015,-0.729526,-21.69326,130.201431,12.107612,0.06832,0.177325,-0.469643,-0.862162,-15.949138,121.634758,-10.479671,0.205046,0.296762,-0.544322,-0.757365,-2.696592,143.919342,-4.024557,-0.02785,0.991348,0.110895,0.064472,-0.78412,129.537338,24.41733,0.31754,0.859757,0.147352,-0.371852,16.530476,130.252899,26.760689,-0.034297,0.115476,0.458808,-0.880332,29.486912,119.416046,8.560096,-0.03054,-0.186877,0.676586,-0.711601,15.939015,139.423843,4.344923,0.060089,0.940914,0.210482,0.258393,-8.733664,85.72377,11.44101,0.071462,0.993534,-0.049924,0.072735,-8.889601,52.954746,-4.039557,-0.055162,0.970771,0.046437,0.228921,-15.989182,6.113058,0.184517,-0.078211,0.935639,-0.118588,0.323109,7.825507,86.426369,20.228962,0.004561,0.877877,-0.18722,0.440748,10.352345,51.647114,30.103165,-0.034559,0.872429,0.01787,0.487191,2.121698,7.418904,45.546989,-0.055162,0.970771,0.046437,0.228921,-9.025188,1.703402,-12.745664,-0.034559,0.872429,0.01787,0.487191,14.538559,2.252921,38.180439
1091,9.091667,-0.024723,0.970005,0.021881,0.240834,-0.450736,86.079201,15.844247,-0.033734,0.985597,0.107129,0.126432,-0.900701,93.753922,16.079159,-0.032814,0.991075,0.093458,0.089219,-2.895171,114.528061,20.397779,0.048306,0.997827,0.011814,0.043235,-4.607526,135.071045,24.156776,0.09073,0.976417,-0.195189,-0.016723,-3.05681,149.574326,22.691845,-0.016715,0.933152,0.134591,0.332918,-8.093915,129.178467,23.066698,0.288836,-0.619933,-0.009085,-0.729503,-21.694916,130.200058,12.12284,0.068204,0.177315,-0.469664,-0.862162,-15.953983,121.636856,-10.466574,0.204945,0.296796,-0.544336,-0.75737,-2.701902,143.921936,-4.008917,-0.027952,0.991351,0.110862,0.064439,-0.783537,129.538544,24.428957,0.317563,0.859694,0.147332,-0.371985,16.531015,130.257858,26.771549,-0.03408,0.115329,0.458775,-0.880377,29.48181,119.4216,8.566589,-0.030278,-0.186915,0.676676,-0.711516,15.930899,139.427322,4.352647,0.060104,0.940961,0.210308,0.258362,-8.731057,85.72818,11.451632,0.071453,0.993543,-0.049716,0.072763,-8.891945,52.953957,-4.017878,-0.055303,0.970754,0.046491,0.228945,-15.989481,6.110182,0.186441,-0.078161,0.935671,-0.118547,0.323043,7.829586,86.430214,20.236862,0.004591,0.877896,-0.187188,0.440724,10.354727,51.649689,30.107021,-0.03465,0.872453,0.01784,0.487142,2.123292,7.420376,45.547264,-0.055303,0.970754,0.046491,0.228945,-9.023381,1.703187,-12.743515,-0.03465,0.872453,0.01784,0.487142,14.540064,2.254942,38.18018
1092,9.1,-0.024691,0.970025,0.02192,0.240752,-0.448175,86.08329,15.852793,-0.03371,0.9856,0.107203,0.126351,-0.897796,93.758018,16.088442,-0.032965,0.991074,0.093473,0.089158,-2.891193,114.530418,20.410234,0.048283,0.997828,0.011806,0.043234,-4.609633,135.072845,24.169394,0.090641,0.97643,-0.195168,-0.016679,-3.059585,149.576172,22.704197,-0.016789,0.933138,0.134982,0.332794,-8.094278,129.179199,23.079639,0.28896,-0.619945,-0.009239,-0.729442,-21.698076,130.202347,12.139407,0.06816,0.177329,-0.46968,-0.862154,-15.958035,121.640709,-10.450829,0.204722,0.296771,-0.544217,-0.757524,-2.707098,143.925812,-3.991624,-0.027952,0.991355,0.110881,0.064341,-0.783886,129.541565,24.441217,0.317499,0.859651,0.147367,-0.372126,16.531109,130.261215,26.78043,-0.033742,0.115011,0.458653,-0.880495,29.478708,119.430069,8.570154,-0.029774,-0.187139,0.676977,-0.711193,15.918003,139.431778,4.361249,0.060048,0.941092,0.210109,0.258061,-8.729265,85.732979,11.461568,0.071452,0.993571,-0.049463,0.072562,-8.895226,52.952206,-3.993995,-0.055335,0.970733,0.046644,0.228999,-15.990153,6.106034,0.187899,-0.078112,0.935654,-0.118496,0.323123,7.832914,86.433609,20.244017,0.00457,0.877854,-0.187158,0.440821,10.35513,51.651638,30.109846,-0.03447,0.872417,0.017927,0.487215,2.125054,7.421228,45.547688,-0.055335,0.970733,0.046644,0.228999,-9.022197,1.703695,-12.742646,-0.03447,0.872417,0.017927,0.487215,14.541751,2.255403,38.180752
1093,9.108333,-0.024565,0.970043,0.021911,0.240691,-0.44804,86.087357,15.861127,-0.033707,0.985603,0.107279,0.12626,-0.895732,93.762184,16.097141,-0.033051,0.991077,0.093501,0.089065,-2.888754,114.531349,20.421734,0.04815,0.997838,0.011833,0.043147,-4.610508,135.073334,24.18186,0.090619,0.976442,-0.195115,-0.01672,-3.064635,149.577148,22.717148,-0.016802,0.933155,0.135107,0.332694,-8.094203,129.179031,23.092506,0.289011,-0.619957,-0.009351,-0.729409,-21.700298,130.202728,12.155189,0.068117,0.177374,-0.469726,-0.862123,-15.961139,121.643379,-10.436132,0.204643,0.296866,-0.544274,-0.757468,-2.713817,143.928864,-3.974469,-0.028092,0.991352,0.110917,0.064257,-0.78365,129.54277,24.45285,0.317462,0.859629,0.147192,-0.372278,16.531445,130.267517,26.789719,-0.033657,0.11496,0.458581,-0.880542,29.474604,119.436172,8.576402,-0.029675,-0.187158,0.676949,-0.711218,15.910438,139.434799,4.36745,0.060033,0.941135,0.209951,0.258034,-8.7298,85.739265,11.470994,0.0714,0.993577,-0.049267,0.072663,-8.89828,52.953564,-3.974099,-0.055066,0.970772,0.046824,0.22886,-15.987385,6.104833,0.188992,-0.078057,0.935714,-0.118457,0.322978,7.833719,86.435448,20.251259,0.004597,0.877892,-0.187115,0.440763,10.35469,51.652191,30.112865,-0.034604,0.872411,0.017926,0.487218,2.125187,7.420266,45.54665,-0.055066,0.970772,0.046824,0.22886,-9.025619,1.705348,-12.745855,-0.034604,0.872411,0.017926,0.487218,14.543207,2.256383,38.180584
1094,9.116667,-0.024559,0.970066,0.02193,0.2406,-0.447034,86.090012,15.869349,-0.033702,0.985614,0.10733,0.126137,-0.894678,93.764832,16.105703,-0.033078,0.991083,0.093552,0.088934,-2.88696,114.53109,20.432148,0.047986,0.997851,0.011826,0.043027,-4.609521,135.072586,24.194515,0.090601,0.97646,-0.195029,-0.016763,-3.06878,149.576904,22.729189,-0.016894,0.933192,0.135161,0.332565,-8.092986,129.178085,23.105549,0.288995,-0.619996,-0.009545,-0.729381,-21.701973,130.198776,12.171555,0.067906,0.177362,-0.469807,-0.862098,-15.965358,121.646393,-10.423045,0.204376,0.296864,-0.544264,-0.757548,-2.722041,143.932648,-3.957277,-0.028239,0.99134,0.111047,0.064163,-0.782116,129.542343,24.464031,0.31739,0.859606,0.147104,-0.372426,16.533106,130.272217,26.798334,-0.033564,0.114866,0.45848,-0.880611,29.473061,119.443764,8.581035,-0.029561,-0.187218,0.676939,-0.711217,15.903321,139.438812,4.373528,0.060073,0.941212,0.20986,0.257818,-8.729616,85.742065,11.480763,0.071384,0.993573,-0.049117,0.072837,-8.906148,52.953941,-3.959076,-0.055411,0.970721,0.046741,0.229011,-15.993522,6.103596,0.188778,-0.07802,0.93572,-0.11839,0.322995,7.83555,86.43795,20.257935,0.004586,0.877795,-0.187094,0.440965,10.355509,51.653133,30.114285,-0.034695,0.872417,0.017842,0.487203,2.124239,7.420468,45.544998,-0.055411,0.970721,0.046741,0.229011,-9.02438,1.704608,-12.742257,-0.034695,0.872417,0.017842,0.487203,14.542489,2.255784,38.179893
1095,9.125,-0.024539,0.970089,0.021973,0.240506,-0.443538,86.093918,15.876979,-0.033688,0.985618,0.107449,0.126006,-0.891021,93.768715,16.114101,-0.033241,0.991087,0.093561,0.088813,-2.882513,114.531281,20.445282,0.047855,0.99786,0.011764,0.042983,-4.611406,135.07225,24.207603,0.09055,0.976477,-0.194975,-0.016696,-3.074554,149.576767,22.74024,-0.016932,0.933184,0.135312,0.332523,-8.093056,129.176514,23.119486,0.2891,-0.620033,-0.009707,-0.729305,-21.702986,130.197556,12.186693,0.067822,0.177381,-0.469903,-0.862048,-15.968844,121.647194,-10.409301,0.20422,0.296931,-0.544394,-0.75747,-2.730282,143.936615,-3.941127,-0.028345,0.991334,0.111122,0.064068,-0.782025,129.543335,24.476425,0.317376,0.859566,0.147087,-0.372537,16.533415,130.277115,26.807884,-0.033464,0.114778,0.458444,-0.880645,29.46969,119.450401,8.586928,-0.029439,-0.187299,0.676782,-0.71135,15.897886,139.443069,4.380888,0.060134,0.941215,0.209692,0.25793,-8.726994,85.746483,11.489995,0.071393,0.993593,-0.048893,0.072702,-8.909132,52.953773,-3.940049,-0.055468,0.970716,0.046755,0.229014,-15.995338,6.101468,0.187564,-0.07776,0.935604,-0.118186,0.323468,7.839917,86.441345,20.263962,0.004283,0.877485,-0.187121,0.441574,10.342274,51.650082,30.102039,-0.034786,0.872398,0.017731,0.487234,2.124439,7.418135,45.541988,-0.055468,0.970716,0.046755,0.229014,-9.025534,1.703324,-12.743406,-0.034786,0.872398,0.017731,0.487234,14.54355,2.252005,38.179337
1096,9.133333,-0.024536,0.970103,0.021991,0.240446,-0.441841,86.094887,15.886465,-0.033703,0.985626,0.107493,0.125896,-0.889334,93.769684,16.123888,-0.03329,0.991091,0.093624,0.088689,-2.881284,114.532722,20.457258,0.047343,0.99789,0.011707,0.042866,-4.611956,135.073074,24.222191,0.090699,0.97649,-0.194849,-0.016593,-3.090254,149.578934,22.752316,-0.01697,0.933243,0.1353,0.332361,-8.093098,129.177002,23.134289,0.289282,-0.620027,-0.00995,-0.729235,-21.706747,130.195831,12.205918,0.067731,0.177368,-0.47002,-0.861994,-15.972447,121.648743,-10.39128,0.20393,0.29693,-0.544561,-0.757429,-2.740134,143.940216,-3.92261,-0.028383,0.991338,0.111169,0.063919,-0.781785,129.544632,24.489494,0.317161,0.859582,0.146853,-0.372777,16.53425,130.280167,26.815996,-0.033528,0.114648,0.458319,-0.880724,29.46843,119.459793,8.589781,-0.029376,-0.18757,0.676957,-0.711114,15.888074,139.451309,4.389649,0.06013,0.941273,0.209591,0.257802,-8.725836,85.747551,11.500493,0.07139,0.993598,-0.048718,0.072756,-8.911798,52.951752,-3.922953,-0.055376,0.970694,0.04688,0.229105,-15.996796,6.097775,0.187772,-0.077876,0.935785,-0.118334,0.322861,7.842154,86.442223,20.272436,0.00465,0.877767,-0.186988,0.441066,10.355121,51.654816,30.121454,-0.034845,0.872349,0.017674,0.48732,2.121159,7.418421,45.540054,-0.055376,0.970694,0.04688,0.229105,-9.025431,1.702568,-12.743357,-0.034845,0.872349,0.017674,0.48732,14.542023,2.251812,38.180698
1097,9.141667,-0.024575,0.97012,0.022028,0.24037,-0.436237,86.095901,15.897867,-0.033798,0.98563,0.107551,0.125794,-0.884432,93.770645,16.135723,-0.033322,0.991099,0.093634,0.088576,-2.88034,114.533806,20.471359,0.047255,0.997896,0.011651,0.042832,-4.611953,135.07399,24.236763,0.090535,0.976523,-0.194765,-0.016526,-3.092856,149.579956,22.765116,-0.017071,0.933256,0.135304,0.332317,-8.092828,129.177612,23.149595,0.289349,-0.620029,-0.010072,-0.729205,-21.70738,130.193024,12.22202,0.067638,0.177398,-0.470168,-0.861915,-15.973297,121.648232,-10.376108,0.203893,0.296949,-0.544769,-0.757282,-2.748723,143.944092,-3.904916,-0.028484,0.991333,0.111232,0.063844,-0.781248,129.545868,24.503202,0.317035,0.859565,0.146719,-0.372974,16.534927,130.285065,26.827559,-0.033627,0.114635,0.45829,-0.880737,29.465754,119.469276,8.596248,-0.029374,-0.187645,0.67677,-0.711273,15.885292,139.458374,4.399195,0.060131,0.941337,0.209558,0.257595,-8.720886,85.747978,11.513172,0.071406,0.993603,-0.048568,0.072773,-8.910954,52.951187,-3.908104,-0.05513,0.970714,0.047023,0.229052,-15.996526,6.096035,0.18823,-0.077804,0.935822,-0.118253,0.322801,7.848413,86.443832,20.282562,0.004649,0.877795,-0.187014,0.440998,10.359177,51.654221,30.124342,-0.034784,0.872449,0.017734,0.487144,2.125367,7.418764,45.545731,-0.05513,0.970714,0.047023,0.229052,-9.028913,1.702933,-12.745638,-0.034784,0.872449,0.017734,0.487144,14.542958,2.252631,38.180508
1098,9.15,-0.02453,0.970137,0.022043,0.240306,-0.432781,86.097267,15.906683,-0.033842,0.985633,0.107615,0.125704,-0.88034,93.772034,16.144962,-0.033382,0.991097,0.093727,0.088476,-2.877921,114.533356,20.482937,0.047137,0.997904,0.011569,0.042804,-4.611999,135.072632,24.252144,0.090356,0.976559,-0.194675,-0.01645,-3.096345,149.57869,22.77791,-0.017097,0.933271,0.135334,0.332261,-8.092167,129.175903,23.16465,0.289528,-0.620045,-0.010294,-0.729117,-21.708,130.190521,12.238601,0.067639,0.177443,-0.470319,-0.861823,-15.97516,121.647957,-10.360689,0.203946,0.296951,-0.54491,-0.757165,-2.759016,143.948654,-3.888872,-0.028558,0.991331,0.111308,0.063699,-0.780383,129.545059,24.516912,0.316887,0.859578,0.146738,-0.373063,16.536293,130.287216,26.83658,-0.03368,0.114551,0.45817,-0.880809,29.468513,119.478523,8.602039,-0.02938,-0.187747,0.67665,-0.71136,15.881077,139.465057,4.409044,0.060178,0.941365,0.20944,0.257577,-8.718046,85.750206,11.523081,0.071381,0.993615,-0.048389,0.072756,-8.913944,52.950226,-3.891347,-0.055523,0.970679,0.046949,0.229118,-15.995955,6.093094,0.188372,-0.077789,0.935833,-0.118228,0.322782,7.852484,86.444321,20.290285,0.004717,0.877862,-0.186994,0.440873,10.363029,51.654129,30.130058,-0.034652,0.87244,0.017845,0.487164,2.126608,7.418025,45.548195,-0.055523,0.970679,0.046949,0.229118,-9.022705,1.70102,-12.742811,-0.034652,0.87244,0.017845,0.487164,14.543804,2.252759,38.181702
1099,9.158333,-0.024517,0.970158,0.022016,0.240223,-0.429614,86.0989,15.917951,-0.033889,0.985635,0.107708,0.125595,-0.876861,93.773689,16.15592,-0.033423,0.9911,0.093783,0.088361,-2.87626,114.532722,20.497461,0.04703,0.997915,0.01161,0.042657,-4.611792,135.071442,24.269005,0.090303,0.97658,-0.194579,-0.016591,-3.099764,149.577957,22.795586,-0.017192,0.93327,0.135353,0.332252,-8.091543,129.174438,23.181736,0.289565,-0.620079,-0.010383,-0.729072,-21.707474,130.186111,12.255537,0.067521,0.17737,-0.470467,-0.861767,-15.976813,121.645164,-10.344906,0.203852,0.29693,-0.54512,-0.757048,-2.766228,143.95076,-3.874345,-0.028631,0.991337,0.111316,0.063554,-0.779498,129.544281,24.532387,0.316689,0.85959,0.146475,-0.373308,16.537672,130.28952,26.847363,-0.034212,0.114896,0.458224,-0.880715,29.467047,119.486008,8.607737,-0.029927,-0.187628,0.675939,-0.712044,15.886949,139.474899,4.412732,0.060207,0.941403,0.209354,0.257501,-8.715638,85.751907,11.535783,0.071371,0.993616,-0.048206,0.07287,-8.91643,52.949596,-3.873606,-0.055519,0.970673,0.046993,0.229138,-15.996713,6.090632,0.188127,-0.077733,0.93587,-0.118166,0.32271,7.856411,86.445885,20.300119,0.004748,0.877843,-0.186952,0.440928,10.365403,51.653988,30.13426,-0.03485,0.872439,0.017696,0.487158,2.127183,7.4164,45.54718,-0.055519,0.970673,0.046993,0.229138,-9.022942,1.6998,-12.743195,-0.03485,0.872439,0.017696,0.487158,14.545462,2.250286,38.183109
1100,9.166667,-0.024487,0.970168,0.022076,0.240182,-0.427831,86.098015,15.925572,-0.033859,0.985642,0.107804,0.125463,-0.874845,93.772789,16.164572,-0.033497,0.991107,0.093832,0.088209,-2.872991,114.531982,20.510729,0.046846,0.997931,0.011679,0.042457,-4.611178,135.070114,24.284286,0.090338,0.976593,-0.194486,-0.016767,-3.105234,149.577408,22.812313,-0.017213,0.933278,0.135454,0.332188,-8.090169,129.172546,23.197599,0.289903,-0.620104,-0.010679,-0.728913,-21.707558,130.184387,12.273234,0.067576,0.177354,-0.470564,-0.861713,-15.97871,121.643303,-10.327627,0.203718,0.296813,-0.545335,-0.756975,-2.773111,143.951828,-3.860208,-0.02869,0.991328,0.111443,0.063449,-0.777798,129.54364,24.546146,0.316563,0.859568,0.146564,-0.37343,16.539726,130.291031,26.857794,-0.03424,0.11479,0.45813,-0.880777,29.468521,119.495773,8.612873,-0.029922,-0.187721,0.675817,-0.712135,15.883335,139.481415,4.422653,0.060242,0.941427,0.209283,0.257464,-8.714252,85.751816,11.544089,0.07137,0.993632,-0.048063,0.072748,-8.919456,52.947639,-3.861277,-0.055668,0.970663,0.047017,0.229138,-15.99821,6.087357,0.187843,-0.077712,0.935924,-0.118158,0.322562,7.85859,86.444214,20.307056,0.004838,0.877953,-0.186924,0.440721,10.367943,51.651943,30.13978,-0.034794,0.872472,0.017746,0.4871,2.126965,7.413462,45.548664,-0.055668,0.970663,0.047017,0.229138,-9.022909,1.698361,-12.743277,-0.034794,0.872472,0.017746,0.4871,14.543974,2.247739,38.182175
1101,9.175,-0.024462,0.970199,0.022068,0.240061,-0.426953,86.097839,15.936574,-0.033688,0.985657,0.107941,0.125274,-0.873529,93.772636,16.175589,-0.033791,0.991115,0.093784,0.088054,-2.86403,114.52742,20.527958,0.046815,0.997936,0.011797,0.042352,-4.613667,135.065109,24.29866,0.090227,0.976611,-0.194435,-0.016862,-3.109081,149.572861,22.829908,-0.017226,0.933301,0.135532,0.332091,-8.089368,129.165253,23.213795,0.289855,-0.62011,-0.010733,-0.728925,-21.708988,130.177139,12.292225,0.06742,0.177169,-0.470726,-0.861674,-15.980622,121.639404,-10.31001,0.203555,0.296755,-0.545503,-0.75692,-2.779448,143.952667,-3.848036,-0.028846,0.991322,0.111546,0.063302,-0.776885,129.540985,24.56044,0.316345,0.859605,0.14647,-0.373567,16.540966,130.294144,26.867697,-0.034373,0.114778,0.457939,-0.880872,29.471519,119.506897,8.619293,-0.030068,-0.187765,0.675684,-0.712244,15.877555,139.48732,4.431675,0.060222,0.941457,0.209296,0.257347,-8.714491,85.751991,11.557182,0.071392,0.99364,-0.04792,0.072708,-8.919944,52.948032,-3.848638,-0.055747,0.970662,0.047003,0.229124,-15.999619,6.08674,0.187186,-0.077499,0.935823,-0.117949,0.322981,7.860585,86.44368,20.315966,0.004592,0.877628,-0.186921,0.441372,10.356228,51.645447,30.131065,-0.034765,0.872399,0.017897,0.487228,2.124507,7.406628,45.543919,-0.055747,0.970662,0.047003,0.229124,-9.023886,1.697922,-12.743757,-0.034765,0.872399,0.017897,0.487228,14.544103,2.244347,38.179386
1102,9.183333,-0.02439,0.970224,0.021992,0.239973,-0.425601,86.100121,15.950378,-0.033843,0.985659,0.108013,0.125155,-0.870811,93.775024,16.188578,-0.033677,0.991126,0.093857,0.087896,-2.867715,114.529182,20.543432,0.046688,0.997946,0.011808,0.042256,-4.612273,135.06662,24.317873,0.090092,0.976617,-0.194471,-0.016844,-3.111712,149.574799,22.849117,-0.017301,0.933276,0.135635,0.332115,-8.089435,129.167587,23.233292,0.290058,-0.620159,-0.010815,-0.728802,-21.708397,130.178329,12.310786,0.067444,0.17704,-0.470828,-0.861643,-15.983136,121.63652,-10.290706,0.203437,0.296653,-0.545672,-0.756871,-2.78489,143.953125,-3.836016,-0.028893,0.991326,0.111587,0.063133,-0.776421,129.541733,24.577499,0.31622,0.859613,0.146426,-0.373672,16.542086,130.297104,26.879143,-0.034383,0.11469,0.457856,-0.880927,29.472702,119.515015,8.627727,-0.02998,-0.18789,0.675658,-0.712239,15.874229,139.492615,4.443791,0.060243,0.941467,0.209292,0.25731,-8.713992,85.755196,11.572523,0.071393,0.993657,-0.047741,0.072587,-8.92158,52.951286,-3.833386,-0.055789,0.970658,0.04694,0.229147,-15.999701,6.088379,0.186367,-0.077624,0.936036,-0.118014,0.322309,7.86279,86.445045,20.328234,0.004992,0.878098,-0.186865,0.440455,10.372346,51.649319,30.148693,-0.034812,0.872477,0.017774,0.48709,2.125678,7.408857,45.548843,-0.055789,0.970658,0.04694,0.229147,-9.02301,1.698122,-12.743577,-0.034812,0.872477,0.017774,0.48709,14.542827,2.244091,38.181919
1103,9.191667,-0.024394,0.970235,0.022007,0.239925,-0.422888,86.099937,15.961552,-0.033858,0.985658,0.108149,0.125043,-0.868198,93.774826,16.19998,-0.033821,0.991127,0.093902,0.087781,-2.866447,114.532806,20.561728,0.046718,0.997947,0.011837,0.042179,-4.616702,135.069473,24.337645,0.090019,0.976618,-0.194495,-0.016916,-3.115545,149.577667,22.869646,-0.017358,0.933366,0.13543,0.331943,-8.092226,129.169403,23.25345,0.290327,-0.620054,-0.010971,-0.728782,-21.715118,130.175049,12.335382,0.067633,0.176881,-0.470966,-0.861586,-15.983552,121.632126,-10.26408,0.203458,0.29652,-0.545794,-0.756829,-2.79001,143.953537,-3.822853,-0.028796,0.991333,0.111689,0.062893,-0.779058,129.545792,24.596186,0.315951,0.859705,0.145942,-0.373877,16.540705,130.298523,26.889229,-0.034648,0.114772,0.457817,-0.880926,29.472137,119.518974,8.636892,-0.029936,-0.188064,0.675581,-0.712268,15.871867,139.497955,4.455005,0.060255,0.941466,0.209314,0.25729,-8.711707,85.754982,11.584512,0.071428,0.993675,-0.047609,0.072396,-8.920028,52.951855,-3.823055,-0.055743,0.970661,0.046962,0.229137,-15.999836,6.088233,0.185408,-0.077587,0.936099,-0.117967,0.322153,7.865931,86.444893,20.338593,0.005049,0.878139,-0.186834,0.440387,10.37576,51.647949,30.154661,-0.034794,0.872514,0.017881,0.48702,2.12684,7.406452,45.550613,-0.055743,0.970661,0.046962,0.229137,-9.023842,1.698246,-12.744999,-0.034794,0.872514,0.017881,0.48702,14.543122,2.244045,38.180576
1104,9.2,-0.024347,0.970255,0.021957,0.239856,-0.422047,86.09774,15.973997,-0.033863,0.985663,0.108201,0.124959,-0.866446,93.772697,16.211889,-0.03386,0.991127,0.093966,0.087694,-2.864884,114.531029,20.576088,0.046475,0.997966,0.011924,0.041984,-4.616626,135.067093,24.354649,0.090122,0.976629,-0.194373,-0.017116,-3.123262,149.576279,22.888582,-0.017581,0.93338,0.135695,0.331781,-8.091723,129.166779,23.270365,0.290421,-0.620032,-0.011123,-0.728761,-21.7181,130.167435,12.356186,0.067629,0.176752,-0.471065,-0.861558,-15.985306,121.627403,-10.244062,0.203365,0.296444,-0.545949,-0.756772,-2.794349,143.952133,-3.809329,-0.028886,0.991316,0.111881,0.062775,-0.778368,129.543777,24.611912,0.315771,0.85976,0.146158,-0.373816,16.541729,130.299637,26.901384,-0.034599,0.11475,0.457595,-0.881046,29.481056,119.530449,8.648537,-0.029958,-0.188096,0.675426,-0.712406,15.871132,139.501389,4.465647,0.060259,0.941455,0.209353,0.2573,-8.711537,85.753395,11.598182,0.07145,0.993691,-0.047464,0.072256,-8.919163,52.951492,-3.811988,-0.055682,0.970662,0.046948,0.229153,-15.999545,6.086862,0.183631,-0.077603,0.936129,-0.117891,0.32209,7.867444,86.442093,20.349812,0.005138,0.878213,-0.186827,0.44024,10.380795,51.644016,30.160969,-0.034855,0.87256,0.017952,0.486931,2.12733,7.402343,45.553989,-0.055682,0.970662,0.046948,0.229153,-9.023753,1.696031,-12.746598,-0.034855,0.87256,0.017952,0.486931,14.543035,2.242534,38.18116
1105,9.208333,-0.024436,0.970269,0.021987,0.239788,-0.415981,86.094902,15.985068,-0.033901,0.985664,0.108264,0.124886,-0.861799,93.769775,16.223101,-0.033914,0.991127,0.094014,0.087626,-2.861971,114.529099,20.590218,0.046341,0.997974,0.011994,0.041918,-4.615894,135.064621,24.370693,0.090002,0.976647,-0.194335,-0.01715,-3.126709,149.574417,22.90638,-0.01769,0.933465,0.135665,0.331549,-8.090364,129.163956,23.286369,0.290452,-0.619999,-0.011189,-0.728776,-21.721998,130.159576,12.378291,0.067683,0.176599,-0.471161,-0.861533,-15.987259,121.621468,-10.222195,0.203432,0.2964,-0.546078,-0.756678,-2.798334,143.949753,-3.796454,-0.028965,0.991301,0.112017,0.062727,-0.776886,129.541779,24.62701,0.315687,0.859759,0.146309,-0.373832,16.543264,130.300262,26.915237,-0.034506,0.114696,0.457459,-0.881128,29.484663,119.537613,8.659993,-0.029926,-0.18812,0.675265,-0.712554,15.868856,139.50264,4.476964,0.060321,0.941449,0.209439,0.257238,-8.705995,85.749031,11.610364,0.071472,0.993693,-0.047419,0.072234,-8.917197,52.950275,-3.806452,-0.055808,0.970655,0.046928,0.229155,-15.99923,6.085527,0.184942,-0.077623,0.936273,-0.117847,0.321683,7.874033,86.440781,20.359772,0.005355,0.878336,-0.186847,0.439983,10.394115,51.642181,30.167341,-0.034944,0.872591,0.017907,0.486871,2.126171,7.401433,45.555252,-0.055808,0.970655,0.046928,0.229155,-9.02216,1.695089,-12.744734,-0.034944,0.872591,0.017907,0.486871,14.541492,2.24176,38.181683
1106,9.216667,-0.024509,0.970309,0.021928,0.239622,-0.411156,86.093277,15.997272,-0.03401,0.985668,0.108338,0.124761,-0.857816,93.768135,16.234232,-0.033883,0.991128,0.094128,0.087503,-2.862433,114.526711,20.604124,0.046188,0.997985,0.01199,0.04181,-4.614985,135.061432,24.389605,0.089948,0.976668,-0.194255,-0.017175,-3.130615,149.571671,22.924828,-0.017784,0.933502,0.135645,0.33145,-8.08985,129.161072,23.304867,0.29048,-0.620017,-0.011194,-0.728749,-21.723663,130.152893,12.39916,0.067662,0.176422,-0.471236,-0.86153,-15.990041,121.613861,-10.201265,0.203328,0.296343,-0.546184,-0.756652,-2.801582,143.944733,-3.783438,-0.029077,0.991295,0.112129,0.062576,-0.776017,129.538467,24.643711,0.315568,0.859818,0.146266,-0.373814,16.544571,130.301147,26.927244,-0.034546,0.114766,0.457322,-0.881188,29.49037,119.54174,8.6732,-0.03001,-0.188144,0.674905,-0.712885,15.868301,139.50383,4.487192,0.060281,0.941478,0.209514,0.257079,-8.702606,85.745712,11.62542,0.071481,0.993695,-0.047306,0.072265,-8.912188,52.948868,-3.795505,-0.055681,0.970689,0.046952,0.229039,-15.994477,6.083235,0.184954,-0.077517,0.936313,-0.117778,0.321618,7.880294,86.440842,20.369125,0.005397,0.878458,-0.186848,0.439738,10.395498,51.639885,30.169556,-0.034962,0.872636,0.017878,0.486789,2.128243,7.399237,45.558121,-0.055681,0.970689,0.046952,0.229039,-9.02171,1.692367,-12.746898,-0.034962,0.872636,0.017878,0.486789,14.542225,2.239028,38.182667
1107,9.225,-0.024546,0.970347,0.021832,0.239475,-0.404511,86.092117,16.012741,-0.034183,0.98567,0.108369,0.124673,-0.851328,93.767014,16.248203,-0.03391,0.991128,0.0942,0.087423,-2.862783,114.522743,20.618147,0.046122,0.997991,0.012083,0.041723,-4.616416,135.056824,24.406639,0.08984,0.976699,-0.194138,-0.017253,-3.13433,149.567551,22.944347,-0.017956,0.933542,0.135673,0.331316,-8.090968,129.156311,23.321669,0.290486,-0.619998,-0.011251,-0.728762,-21.72768,130.142136,12.419043,0.067634,0.176312,-0.471325,-0.861506,-15.992944,121.605232,-10.181899,0.20332,0.296244,-0.54623,-0.75666,-2.806914,143.938873,-3.768989,-0.029162,0.991297,0.11213,0.0625,-0.776955,129.534119,24.659399,0.315454,0.859866,0.146266,-0.373799,16.543789,130.300049,26.940641,-0.034543,0.114822,0.45721,-0.881239,29.493708,119.544647,8.687155,-0.03002,-0.18815,0.674741,-0.713038,15.866773,139.50383,4.498,0.060237,0.941526,0.209696,0.256763,-8.697243,85.743385,11.643415,0.0716,0.993701,-0.047209,0.072129,-8.90547,52.951694,-3.788471,-0.055722,0.970678,0.046798,0.229105,-15.997706,6.0868,0.18289,-0.077631,0.936397,-0.117382,0.321491,7.888222,86.440857,20.382065,0.005302,0.878609,-0.186537,0.43957,10.421956,51.634418,30.15823,-0.03513,0.872503,0.017934,0.487015,2.178558,7.382634,45.527554,-0.055722,0.970678,0.046798,0.229105,-9.022915,1.691966,-12.746522,-0.03513,0.872503,0.017934,0.487015,14.598218,2.226443,38.158859
1108,9.233333,-0.024616,0.970374,0.021787,0.23936,-0.399463,86.089684,16.023382,-0.034095,0.985675,0.108503,0.124538,-0.847134,93.764557,16.257967,-0.034098,0.991126,0.094246,0.087317,-2.854686,114.516281,20.633593,0.046022,0.998001,0.01227,0.041551,-4.615862,135.049454,24.423466,0.089821,0.976725,-0.194,-0.017478,-3.137446,149.561066,22.966221,-0.017969,0.933598,0.13582,0.331096,-8.088245,129.147614,23.338804,0.290615,-0.620044,-0.01137,-0.72867,-21.730011,130.133667,12.442538,0.067606,0.176184,-0.471369,-0.86151,-15.998241,121.596405,-10.159014,0.203155,0.296073,-0.546327,-0.7567,-2.811819,143.93187,-3.751311,-0.029285,0.99129,0.112196,0.062442,-0.77415,129.52829,24.675259,0.315484,0.859824,0.146531,-0.373766,16.546593,130.298538,26.955017,-0.03444,0.114779,0.457126,-0.881292,29.496788,119.547188,8.699364,-0.030108,-0.188094,0.674519,-0.713259,15.865594,139.503326,4.509318,0.060271,0.941531,0.20978,0.256668,-8.693155,85.739403,11.656012,0.071623,0.993698,-0.047138,0.072195,-8.903582,52.950584,-3.781945,-0.055608,0.97068,0.046846,0.229116,-15.997797,6.085363,0.182064,-0.077559,0.936444,-0.117317,0.321394,7.89423,86.439964,20.390753,0.005382,0.87868,-0.186546,0.439424,10.425693,51.631611,30.160698,-0.035094,0.872523,0.017995,0.486979,2.17778,7.380223,45.52874,-0.055608,0.97068,0.046846,0.229116,-9.023821,1.691011,-12.747948,-0.035094,0.872523,0.017995,0.486979,14.59678,2.225011,38.158253
1109,9.241667,-0.024739,0.970395,0.02192,0.23925,-0.393133,86.085747,16.030436,-0.034094,0.985672,0.108636,0.124446,-0.843098,93.760437,16.266596,-0.034245,0.991116,0.094355,0.087254,-2.851027,114.512299,20.648218,0.046253,0.997988,0.012498,0.04153,-4.618441,135.044174,24.442131,0.089513,0.976756,-0.193972,-0.017597,-3.133642,149.555832,22.991753,-0.017993,0.933638,0.13584,0.330975,-8.089033,129.141434,23.35672,0.290659,-0.62007,-0.011398,-0.72863,-21.733587,130.126328,12.463827,0.067601,0.176109,-0.47142,-0.861498,-16.003443,121.58831,-10.137868,0.203149,0.295996,-0.546365,-0.756704,-2.81812,143.925613,-3.733744,-0.029258,0.991289,0.112213,0.062442,-0.774918,129.524216,24.692488,0.315188,0.859903,0.146189,-0.373968,16.545885,130.293533,26.972162,-0.034634,0.114906,0.45701,-0.881328,29.497877,119.548714,8.713922,-0.030085,-0.188084,0.674423,-0.713353,15.862272,139.502853,4.522109,0.060349,0.941543,0.209817,0.256575,-8.687707,85.73378,11.664865,0.071617,0.993696,-0.047089,0.072258,-8.904261,52.94677,-3.776854,-0.055674,0.970677,0.046963,0.229087,-15.997897,6.081042,0.182204,-0.077517,0.936478,-0.117302,0.321311,7.901441,86.437721,20.396006,0.005479,0.87878,-0.18658,0.439208,10.43134,51.628662,30.163824,-0.034983,0.872573,0.018091,0.486894,2.177735,7.378584,45.532597,-0.055674,0.970677,0.046963,0.229087,-9.0239,1.690495,-12.749098,-0.034983,0.872573,0.018091,0.486894,14.594689,2.224086,38.15815
1110,9.25,-0.024851,0.970416,0.02205,0.239144,-0.385691,86.085007,16.037066,-0.034174,0.985659,0.108799,0.124385,-0.837786,93.759521,16.274807,-0.034362,0.991106,0.094449,0.087221,-2.849365,114.506927,20.662323,0.046294,0.997986,0.0125,0.041535,-4.621843,135.037735,24.459732,0.089371,0.976802,-0.193809,-0.017584,-3.13585,149.549271,23.009476,-0.017978,0.933673,0.135927,0.33084,-8.090977,129.134277,23.373505,0.290671,-0.620026,-0.011284,-0.728664,-21.738663,130.119995,12.48462,0.067657,0.176068,-0.471497,-0.86146,-16.005676,121.578125,-10.114884,0.203261,0.295985,-0.546367,-0.756677,-2.823228,143.918686,-3.714567,-0.029318,0.991282,0.112286,0.062396,-0.776899,129.518707,24.708984,0.315151,0.859904,0.146477,-0.373885,16.54398,130.290115,26.987335,-0.034458,0.114813,0.456912,-0.881398,29.500175,119.55159,8.728382,-0.029962,-0.188195,0.674305,-0.713441,15.860235,139.500351,4.536463,0.060382,0.941544,0.20984,0.256547,-8.681112,85.731522,11.673236,0.071675,0.993691,-0.047028,0.072318,-8.899875,52.945473,-3.77049,-0.055723,0.970667,0.046993,0.229113,-15.998772,6.079981,0.181906,-0.077463,0.936503,-0.117285,0.321257,7.909731,86.438499,20.400894,0.005541,0.878821,-0.1866,0.439117,10.436918,51.628529,30.166159,-0.035199,0.87261,0.017982,0.486816,2.17889,7.379225,45.534779,-0.055723,0.970667,0.046993,0.229113,-9.0236,1.690672,-12.749176,-0.035199,0.87261,0.017982,0.486816,14.596075,2.225094,38.160477
1111,9.258333,-0.024892,0.970441,0.022102,0.239032,-0.380635,86.08065,16.045042,-0.034191,0.985654,0.108967,0.124269,-0.833498,93.755104,16.283453,-0.034526,0.991104,0.0945,0.087127,-2.846087,114.500412,20.677979,0.046321,0.997984,0.012564,0.041531,-4.62518,135.03035,24.477013,0.089202,0.976841,-0.193691,-0.017538,-3.138463,149.541992,23.028637,-0.018081,0.933688,0.136075,0.330732,-8.092411,129.125732,23.390949,0.290571,-0.620017,-0.011209,-0.728712,-21.742479,130.109299,12.504855,0.067588,0.176014,-0.47156,-0.861442,-16.008881,121.567963,-10.094696,0.203283,0.295986,-0.5464,-0.756648,-2.828254,143.91066,-3.695378,-0.02932,0.991274,0.11238,0.06234,-0.778257,129.51265,24.725298,0.314961,0.859959,0.146331,-0.373974,16.54286,130.284149,27.001816,-0.034675,0.114897,0.456767,-0.881453,29.501713,119.550774,8.741707,-0.030139,-0.188007,0.674245,-0.71354,15.855569,139.496857,4.550205,0.060228,0.941632,0.209935,0.25618,-8.677018,85.726593,11.683084,0.071753,0.993707,-0.046958,0.072062,-8.889506,52.942116,-3.764055,-0.055875,0.970684,0.047042,0.228993,-15.994239,6.077063,0.183065,-0.077468,0.936571,-0.117261,0.321066,7.915748,86.434708,20.407,0.005679,0.878923,-0.186634,0.438896,10.445848,51.624374,30.170233,-0.035032,0.872626,0.018165,0.486792,2.178743,7.376423,45.537853,-0.055875,0.970684,0.047042,0.228993,-9.020625,1.690172,-12.749678,-0.035032,0.872626,0.018165,0.486792,14.594785,2.224431,38.160133
1112,9.266667,-0.024873,0.970464,0.022203,0.238933,-0.380808,86.078842,16.050619,-0.034156,0.985646,0.109172,0.124162,-0.833739,93.753235,16.290663,-0.034572,0.991105,0.094559,0.087033,-2.845414,114.496521,20.694021,0.046358,0.997984,0.012759,0.041429,-4.626279,135.025848,24.495464,0.08917,0.976853,-0.193636,-0.017673,-3.139048,149.537994,23.052635,-0.01812,0.933783,0.13598,0.330501,-8.092999,129.120941,23.40943,0.290549,-0.620036,-0.011142,-0.728706,-21.748363,130.100952,12.529656,0.067619,0.175874,-0.471553,-0.861472,-16.015839,121.557571,-10.069399,0.203249,0.295977,-0.546457,-0.756619,-2.832401,143.900238,-3.677097,-0.029238,0.991272,0.112406,0.062372,-0.778649,129.508591,24.742491,0.314931,0.859945,0.146306,-0.374043,16.5425,130.277023,27.01981,-0.03466,0.114886,0.456783,-0.881448,29.499722,119.545212,8.757641,-0.030013,-0.187973,0.674167,-0.713627,15.853776,139.492218,4.566239,0.060228,0.94159,0.209913,0.256354,-8.678104,85.725533,11.690336,0.071763,0.993719,-0.046856,0.07195,-8.888188,52.94038,-3.755404,-0.055935,0.970689,0.047045,0.228957,-15.992748,6.074545,0.182764,-0.077506,0.936585,-0.1172,0.321039,7.916488,86.432144,20.410902,0.005752,0.878962,-0.186663,0.438805,10.450916,51.621212,30.17087,-0.03504,0.87263,0.018164,0.486785,2.178097,7.374352,45.538574,-0.055935,0.970689,0.047045,0.228957,-9.019467,1.688185,-12.75034,-0.03504,0.87263,0.018164,0.486785,14.594083,2.222438,38.160702
1113,9.275,-0.024952,0.97048,0.02233,0.238847,-0.374864,86.07354,16.055065,-0.034234,0.98563,0.109372,0.124095,-0.829411,93.747787,16.296755,-0.03465,0.991101,0.094614,0.086985,-2.845313,114.49144,20.708673,0.046395,0.997979,0.012945,0.041436,-4.629402,135.020111,24.51218,0.089071,0.976874,-0.193579,-0.017648,-3.141254,149.532715,23.074829,-0.01819,0.933825,0.136066,0.330343,-8.095194,129.1147,23.425888,0.290885,-0.620013,-0.011351,-0.728588,-21.75411,130.092651,12.550393,0.067834,0.175915,-0.471528,-0.861461,-16.020441,121.546791,-10.047433,0.203183,0.296008,-0.54642,-0.756651,-2.837552,143.888428,-3.659194,-0.029236,0.991266,0.112461,0.062365,-0.780798,129.503494,24.758366,0.314881,0.859983,0.146452,-0.373941,16.54038,130.271774,27.035492,-0.034489,0.114805,0.45662,-0.881549,29.50297,119.543503,8.775052,-0.029895,-0.188004,0.674193,-0.7136,15.849262,139.484024,4.582634,0.060228,0.941617,0.209993,0.256188,-8.672856,85.71933,11.696184,0.071824,0.993718,-0.046842,0.071915,-8.884101,52.936615,-3.754711,-0.055931,0.970675,0.047104,0.229006,-15.994165,6.071499,0.182018,-0.077452,0.936646,-0.117191,0.320877,7.923129,86.427757,20.413948,0.005829,0.879043,-0.186696,0.438628,10.455811,51.616062,30.171658,-0.035119,0.872661,0.018176,0.486724,2.178194,7.370466,45.540417,-0.055931,0.970675,0.047104,0.229006,-9.019598,1.686838,-12.750967,-0.035119,0.872661,0.018176,0.486724,14.593962,2.219946,38.161201
1114,9.283333,-0.024974,0.970515,0.022341,0.238699,-0.369117,86.071602,16.062536,-0.034347,0.985625,0.109514,0.123979,-0.823999,93.745819,16.304379,-0.034744,0.991096,0.094722,0.086883,-2.844315,114.482559,20.720659,0.046341,0.997981,0.013064,0.041425,-4.632318,135.010101,24.528425,0.088959,0.976911,-0.193448,-0.017564,-3.145916,149.523209,23.094439,-0.018111,0.933855,0.136166,0.330221,-8.096981,129.104111,23.441668,0.290969,-0.62001,-0.011393,-0.728557,-21.758827,130.085205,12.570138,0.067646,0.175884,-0.471442,-0.861528,-16.024994,121.538292,-10.027247,0.202806,0.295474,-0.546772,-0.756707,-2.836345,143.877289,-3.634351,-0.029353,0.991266,0.112406,0.062408,-0.78242,129.494308,24.772823,0.314876,0.859976,0.146094,-0.3741,16.538334,130.266602,27.051821,-0.034562,0.114878,0.456702,-0.881494,29.495174,119.533142,8.790337,-0.029841,-0.187972,0.674254,-0.713553,15.845348,139.477402,4.596675,0.06021,0.941667,0.210031,0.25598,-8.668411,85.716949,11.706174,0.07188,0.993726,-0.046747,0.071815,-8.881098,52.93523,-3.746819,-0.055832,0.97067,0.047168,0.229037,-15.995483,6.070036,0.18121,-0.077357,0.936722,-0.117146,0.320695,7.930178,86.426247,20.4189,0.005912,0.879133,-0.186724,0.438434,10.459394,51.612724,30.170996,-0.035044,0.872663,0.018276,0.48672,2.177113,7.368204,45.540344,-0.055832,0.97067,0.047168,0.229037,-9.021027,1.686474,-12.752205,-0.035044,0.872663,0.018276,0.48672,14.59257,2.219092,38.159634
1115,9.291667,-0.025053,0.970542,0.022496,0.238567,-0.364649,86.068588,16.068045,-0.034395,0.985623,0.109633,0.123878,-0.821243,93.742645,16.31197,-0.034797,0.991088,0.094875,0.086795,-2.843688,114.477577,20.73304,0.046309,0.997984,0.013126,0.041368,-4.634069,135.003738,24.547092,0.088892,0.976945,-0.193308,-0.017578,-3.148846,149.517136,23.114803,-0.018163,0.933884,0.136324,0.330071,-8.098049,129.097565,23.459215,0.291059,-0.620029,-0.011409,-0.728504,-21.763285,130.078033,12.591875,0.067658,0.175856,-0.471438,-0.861536,-16.030657,121.528625,-10.00488,0.202751,0.295362,-0.546894,-0.756677,-2.841224,143.867615,-3.613471,-0.029392,0.991235,0.112644,0.062463,-0.783312,129.488449,24.789219,0.314901,0.859971,0.146443,-0.373953,16.537128,130.261322,27.070457,-0.034339,0.114876,0.456588,-0.881562,29.498631,119.532272,8.809686,-0.029799,-0.187892,0.674043,-0.713775,15.845341,139.469437,4.611025,0.060249,0.941661,0.21013,0.255909,-8.665054,85.713127,11.713854,0.071902,0.993712,-0.046756,0.071973,-8.879577,52.934772,-3.746249,-0.055847,0.970674,0.047203,0.229009,-15.996699,6.069958,0.181369,-0.077372,0.936758,-0.117127,0.320592,7.935756,86.424049,20.422235,0.00605,0.879269,-0.186775,0.438137,10.467525,51.610363,30.17308,-0.035161,0.872721,0.0182,0.486612,2.176791,7.367837,45.543617,-0.055847,0.970674,0.047203,0.229009,-9.022813,1.687461,-12.752721,-0.035161,0.872721,0.0182,0.486612,14.591177,2.218448,38.161285
1116,9.3,-0.025099,0.970566,0.022694,0.238445,-0.358542,86.066711,16.072834,-0.034532,0.985614,0.109763,0.123796,-0.816512,93.740593,16.319599,-0.034788,0.991079,0.095045,0.086712,-2.845058,114.474358,20.745581,0.046232,0.997989,0.013191,0.041318,-4.635337,134.999207,24.56679,0.08882,0.976975,-0.193191,-0.01756,-3.152581,149.513016,23.1362,-0.018075,0.93393,0.136328,0.329943,-8.099341,129.093292,23.477556,0.291211,-0.62004,-0.011351,-0.728435,-21.767633,130.07605,12.614285,0.067756,0.175817,-0.471457,-0.861525,-16.035622,121.519623,-9.97996,0.202761,0.295278,-0.546932,-0.75668,-2.846992,143.859116,-3.59325,-0.02938,0.99123,0.112692,0.06245,-0.784386,129.483932,24.806395,0.314878,0.859978,0.146472,-0.373947,16.536123,130.256348,27.087179,-0.034237,0.114822,0.456516,-0.881611,29.498566,119.528687,8.826275,-0.029659,-0.187834,0.674094,-0.713748,15.841616,139.462936,4.627354,0.060277,0.941665,0.21016,0.255863,-8.659991,85.711243,11.720646,0.07197,0.993707,-0.046713,0.072009,-8.876617,52.93404,-3.741877,-0.055827,0.970656,0.047216,0.229086,-16.000008,6.069774,0.180962,-0.077301,0.936768,-0.117066,0.320603,7.942907,86.42218,20.425022,0.006077,0.87926,-0.186832,0.438131,10.471258,51.606667,30.170218,-0.035131,0.872712,0.018351,0.486624,2.175986,7.366171,45.544132,-0.055827,0.970656,0.047216,0.229086,-9.02429,1.687578,-12.752235,-0.035131,0.872712,0.018351,0.486624,14.590995,2.220139,38.160522
1117,9.308333,-0.025236,0.970595,0.022968,0.238286,-0.350343,86.063988,16.076485,-0.034625,0.98561,0.109898,0.123675,-0.81132,93.737564,16.326908,-0.03483,0.991063,0.095304,0.086597,-2.843699,114.467583,20.757719,0.046168,0.997995,0.013137,0.041262,-4.636171,134.990234,24.589659,0.088712,0.977023,-0.193,-0.017521,-3.15539,149.504089,23.157349,-0.018074,0.933965,0.136344,0.329838,-8.099543,129.084351,23.498272,0.29133,-0.620086,-0.011454,-0.728347,-21.770267,130.066818,12.638036,0.067842,0.175802,-0.471454,-0.861524,-16.041178,121.509766,-9.956713,0.20283,0.295262,-0.547021,-0.756603,-2.851988,143.849976,-3.572871,-0.029449,0.991231,0.112696,0.062391,-0.784333,129.475433,24.825592,0.314981,0.85991,0.14649,-0.374008,16.536293,130.250412,27.10462,-0.03406,0.114693,0.456591,-0.881595,29.493248,119.520187,8.841331,-0.029361,-0.187785,0.674255,-0.713621,15.837944,139.456528,4.644146,0.060334,0.941665,0.210231,0.255793,-8.653084,85.707161,11.726871,0.072001,0.99371,-0.046727,0.071922,-8.873324,52.932594,-3.741191,-0.055766,0.970653,0.047319,0.229092,-15.99938,6.068882,0.183349,-0.077274,0.936817,-0.117079,0.32046,7.952398,86.420807,20.426098,0.006191,0.879331,-0.18689,0.437963,10.480119,51.605225,30.171192,-0.035119,0.872749,0.018427,0.486555,2.175854,7.366949,45.546635,-0.055766,0.970653,0.047319,0.229092,-9.024015,1.689167,-12.75088,-0.035119,0.872749,0.018427,0.486555,14.589932,2.222588,38.160297
1118,9.316667,-0.025274,0.970606,0.023172,0.23822,-0.345477,86.05999,16.079327,-0.034666,0.985602,0.110063,0.123586,-0.807755,93.733391,16.332684,-0.034949,0.991056,0.095407,0.086513,-2.842305,114.462135,20.770405,0.04626,0.997991,0.013441,0.04114,-4.639755,134.983627,24.606287,0.088715,0.97705,-0.192845,-0.017729,-3.157027,149.498123,23.182722,-0.018005,0.933989,0.136593,0.329671,-8.101691,129.076981,23.51436,0.2915,-0.620069,-0.011346,-0.728295,-21.776352,130.063751,12.659472,0.068248,0.175896,-0.471589,-0.861398,-16.046129,121.497765,-9.931601,0.203498,0.295627,-0.546734,-0.756489,-2.866828,143.843033,-3.555946,-0.029477,0.991208,0.112837,0.062494,-0.786391,129.469818,24.840658,0.314975,0.859916,0.146794,-0.373881,16.533728,130.245041,27.123451,-0.03385,0.114692,0.456477,-0.881662,29.49559,119.519714,8.860771,-0.029271,-0.187656,0.674264,-0.71365,15.836428,139.449646,4.658765,0.060393,0.941646,0.210278,0.255809,-8.648768,85.703346,11.73075,0.072012,0.993701,-0.046745,0.072021,-8.871881,52.930759,-3.74146,-0.055846,0.970638,0.047344,0.229134,-15.999408,6.067342,0.183924,-0.077309,0.93687,-0.117072,0.320299,7.957813,86.416634,20.427902,0.006311,0.879424,-0.186949,0.437748,10.489707,51.601315,30.172873,-0.035101,0.872758,0.018517,0.486538,2.176645,7.365289,45.550037,-0.055846,0.970638,0.047344,0.229134,-9.022136,1.688977,-12.74973,-0.035101,0.872758,0.018517,0.486538,14.590687,2.222919,38.162251
1119,9.325,-0.025342,0.97064,0.023265,0.238063,-0.340387,86.0578,16.082195,-0.034739,0.985591,0.110249,0.123487,-0.803982,93.731087,16.336771,-0.03499,0.991047,0.09555,0.086437,-2.84207,114.457336,20.781914,0.046232,0.997995,0.013657,0.041018,-4.641448,134.977554,24.623634,0.088695,0.977082,-0.192676,-0.017885,-3.160161,149.492813,23.206137,-0.01796,0.934107,0.136502,0.329375,-8.102829,129.070801,23.530632,0.291704,-0.620034,-0.011468,-0.728241,-21.78437,130.056488,12.684319,0.068121,0.175739,-0.471501,-0.861488,-16.052107,121.48912,-9.905714,0.202856,0.29517,-0.547115,-0.756564,-2.865364,143.830917,-3.532895,-0.029478,0.991192,0.112946,0.062545,-0.787373,129.464142,24.855923,0.315067,0.859876,0.146747,-0.373913,16.532526,130.238983,27.140553,-0.033744,0.114708,0.456521,-0.881642,29.490303,119.509712,8.877285,-0.029169,-0.187524,0.674219,-0.713731,15.83312,139.440704,4.672379,0.060404,0.941669,0.210338,0.255673,-8.645016,85.700249,11.736245,0.071999,0.993716,-0.046725,0.071846,-8.869936,52.929592,-3.740022,-0.055989,0.970663,0.047382,0.228984,-15.995481,6.065831,0.184878,-0.077297,0.936867,-0.117032,0.320327,7.964242,86.415352,20.428143,0.006386,0.879461,-0.187,0.437651,10.496018,51.599228,30.17028,-0.035047,0.872745,0.018534,0.486565,2.176289,7.365078,45.549232,-0.055989,0.970663,0.047382,0.228984,-9.020641,1.689466,-12.750766,-0.035047,0.872745,0.018534,0.486565,14.590338,2.222363,38.161694
1120,9.333333,-0.025343,0.970669,0.023431,0.237931,-0.337869,86.053719,16.084515,-0.034755,0.98558,0.110499,0.12335,-0.802039,93.726883,16.341621,-0.035107,0.991049,0.095597,0.086321,-2.841295,114.449516,20.797033,0.046215,0.997996,0.013867,0.040943,-4.645236,134.969009,24.640482,0.088612,0.977122,-0.192509,-0.017933,-3.16491,149.48494,23.228945,-0.017943,0.934119,0.136594,0.329305,-8.105301,129.061417,23.547825,0.291886,-0.620069,-0.01159,-0.728137,-21.788479,130.048401,12.703683,0.068162,0.175762,-0.471512,-0.861474,-16.058523,121.479286,-9.886284,0.202784,0.295115,-0.547101,-0.756615,-2.872653,143.821823,-3.513566,-0.029458,0.991184,0.113007,0.062584,-0.789667,129.456604,24.871593,0.315331,0.859738,0.14688,-0.373957,16.530104,130.230423,27.157541,-0.033541,0.114652,0.456717,-0.881555,29.478025,119.494835,8.890994,-0.029079,-0.187458,0.674359,-0.71362,15.828594,139.431656,4.684633,0.060506,0.941592,0.210507,0.255795,-8.643687,85.696823,11.74078,0.071997,0.99369,-0.046823,0.072138,-8.870205,52.93219,-3.748219,-0.055669,0.970674,0.047412,0.229009,-15.997359,6.069276,0.183868,-0.077296,0.936895,-0.116998,0.320259,7.967948,86.410614,20.428249,0.006439,0.879473,-0.187055,0.437604,10.501143,51.593899,30.167913,-0.035274,0.872759,0.018513,0.486523,2.175594,7.361761,45.549522,-0.055669,0.970674,0.047412,0.229009,-9.025071,1.691348,-12.752628,-0.035274,0.872759,0.018513,0.486523,14.591018,2.221772,38.162388
1121,9.341667,-0.025398,0.970698,0.023522,0.237796,-0.333881,86.050827,16.087986,-0.034836,0.98557,0.110668,0.123249,-0.79917,93.723885,16.346313,-0.035106,0.991039,0.09578,0.086226,-2.842141,114.443817,20.808302,0.046114,0.998005,0.013929,0.040808,-4.646317,134.961838,24.659462,0.088633,0.97717,-0.192243,-0.018048,-3.16943,149.478271,23.249384,-0.018035,0.934123,0.136754,0.329222,-8.106312,129.054474,23.565372,0.291844,-0.620175,-0.011529,-0.728064,-21.791285,130.039886,12.723348,0.068314,0.17578,-0.471624,-0.861398,-16.067787,121.468246,-9.867297,0.203301,0.295383,-0.546768,-0.756612,-2.888425,143.814575,-3.498966,-0.029466,0.991176,0.113022,0.062671,-0.790433,129.449539,24.887836,0.315456,0.859651,0.146934,-0.37403,16.528944,130.223267,27.176842,-0.033408,0.114705,0.456749,-0.881537,29.470236,119.485237,8.907021,-0.029165,-0.187273,0.674428,-0.7136,15.823141,139.421967,4.695658,0.060424,0.941662,0.210576,0.255499,-8.640853,85.693268,11.74651,0.072114,0.993717,-0.046751,0.071703,-8.865341,52.930008,-3.745438,-0.055903,0.970643,0.047303,0.229107,-16.001247,6.068045,0.182101,-0.077216,0.936902,-0.116895,0.320293,7.973092,86.408386,20.429461,0.006414,0.87944,-0.187145,0.437632,10.503017,51.589024,30.160479,-0.035033,0.872756,0.018686,0.48654,2.175274,7.360071,45.550041,-0.055903,0.970643,0.047303,0.229107,-9.024128,1.68895,-12.751397,-0.035033,0.872756,0.018686,0.48654,14.589478,2.220915,38.160271
1122,9.35,-0.025473,0.97072,0.023724,0.23768,-0.328688,86.049118,16.088551,-0.034849,0.985556,0.110917,0.12314,-0.795813,93.721977,16.349678,-0.035201,0.991033,0.095893,0.086138,-2.839897,114.437294,20.821657,0.046178,0.998004,0.014174,0.04069,-4.648046,134.954147,24.677269,0.088557,0.977215,-0.192033,-0.01823,-3.169941,149.471115,23.274208,-0.018008,0.934135,0.136976,0.329097,-8.106894,129.046219,23.582548,0.291887,-0.620213,-0.011486,-0.728015,-21.794792,130.034454,12.74448,0.068314,0.175722,-0.471686,-0.861375,-16.073582,121.459366,-9.845437,0.203362,0.295279,-0.546833,-0.75659,-2.896021,143.808212,-3.48014,-0.029451,0.991158,0.113195,0.062654,-0.790889,129.442657,24.903893,0.315522,0.859603,0.14698,-0.374065,16.528591,130.215546,27.192375,-0.033256,0.114659,0.456809,-0.881517,29.466475,119.476547,8.92072,-0.028963,-0.187295,0.674351,-0.713675,15.821856,139.414001,4.708218,0.060586,0.941572,0.210666,0.255717,-8.636613,85.691025,11.748945,0.072108,0.993713,-0.046827,0.071709,-8.866734,52.931953,-3.751776,-0.055967,0.970635,0.047278,0.229129,-16.002625,6.07059,0.18298,-0.077225,0.936918,-0.116933,0.320229,7.979237,86.407219,20.428154,0.006536,0.879526,-0.187161,0.437449,10.509507,51.588608,30.161758,-0.035107,0.872757,0.018665,0.486533,2.174099,7.360393,45.54929,-0.055967,0.970635,0.047278,0.229129,-9.024313,1.69129,-12.749804,-0.035107,0.872757,0.018665,0.486533,14.588797,2.221796,38.159973
1123,9.358333,-0.025537,0.970746,0.023922,0.237547,-0.325245,86.046562,16.08972,-0.034908,0.985547,0.111085,0.123041,-0.794002,93.719223,16.353636,-0.035288,0.991017,0.096096,0.086057,-2.84103,114.433586,20.832678,0.046281,0.998001,0.014331,0.040575,-4.653187,134.948547,24.696463,0.088487,0.977267,-0.191783,-0.018416,-3.17264,149.465698,23.297926,-0.018085,0.934138,0.137264,0.328966,-8.110879,129.040253,23.600012,0.291971,-0.620215,-0.011529,-0.727979,-21.801697,130.028671,12.765643,0.068399,0.175697,-0.471679,-0.861378,-16.080667,121.452522,-9.82391,0.203444,0.295187,-0.546818,-0.756614,-2.902235,143.801926,-3.46178,-0.029384,0.991148,0.113303,0.062649,-0.794755,129.437836,24.920364,0.315595,0.859557,0.147034,-0.37409,16.524887,130.20816,27.208498,-0.033102,0.114637,0.456897,-0.88148,29.459578,119.467964,8.935271,-0.028661,-0.187179,0.674291,-0.713775,15.819036,139.406921,4.720741,0.060467,0.941691,0.210703,0.255276,-8.634304,85.688118,11.752312,0.072165,0.993699,-0.046819,0.071854,-8.862914,52.929127,-3.74857,-0.056164,0.970623,0.047374,0.229114,-16.0047,6.068486,0.183981,-0.077223,0.936926,-0.116918,0.320211,7.983815,86.405006,20.427128,0.006567,0.87953,-0.187219,0.437416,10.514511,51.586128,30.15967,-0.035265,0.872765,0.01874,0.486505,2.174658,7.360011,45.550831,-0.056164,0.970623,0.047374,0.229114,-9.024693,1.693413,-12.74932,-0.035265,0.872765,0.01874,0.486505,14.590749,2.225572,38.16095
1124,9.366667,-0.025631,0.970764,0.024148,0.237439,-0.32011,86.045547,16.08898,-0.035004,0.985529,0.111294,0.122967,-0.791072,93.717964,16.355976,-0.035313,0.991006,0.096257,0.085994,-2.842746,114.428734,20.843029,0.046187,0.998005,0.014428,0.040564,-4.656239,134.942322,24.713442,0.088417,0.977324,-0.191529,-0.018334,-3.17853,149.460022,23.317591,-0.018011,0.934172,0.137417,0.328809,-8.113543,129.034073,23.615597,0.292065,-0.620253,-0.011492,-0.72791,-21.80805,130.025894,12.786216,0.0685,0.175622,-0.471706,-0.86137,-16.089308,121.444916,-9.802087,0.203521,0.295174,-0.54682,-0.756597,-2.91073,143.796188,-3.446133,-0.029449,0.991143,0.113338,0.062639,-0.797286,129.431885,24.935127,0.315628,0.859543,0.146983,-0.374114,16.522255,130.204422,27.223215,-0.032977,0.11463,0.456922,-0.881473,29.455017,119.462265,8.949783,-0.028421,-0.187077,0.674284,-0.713818,15.816373,139.400177,4.733063,0.06059,0.941687,0.210741,0.255231,-8.630036,85.686333,11.753309,0.072127,0.993697,-0.046864,0.071881,-8.867029,52.929581,-3.752199,-0.056254,0.970607,0.04736,0.229161,-16.005573,6.068796,0.184606,-0.077231,0.936929,-0.11694,0.320195,7.989817,86.404762,20.424652,0.006596,0.879477,-0.187269,0.4375,10.520681,51.58633,30.158785,-0.035431,0.872789,0.018667,0.486452,2.174911,7.362038,45.551975,-0.056254,0.970607,0.04736,0.229161,-9.023454,1.69408,-12.747667,-0.035431,0.872789,0.018667,0.486452,14.591349,2.228145,38.162315
1125,9.375,-0.025654,0.970783,0.024336,0.237339,-0.317468,86.04335,16.089594,-0.035103,0.985517,0.11146,0.122887,-0.789428,93.715614,16.359352,-0.035286,0.990997,0.096431,0.085907,-2.845605,114.423561,20.852688,0.046116,0.998008,0.014576,0.040519,-4.65823,134.935822,24.730518,0.088296,0.977374,-0.191332,-0.018307,-3.182899,149.454178,23.338839,-0.018091,0.934196,0.137754,0.328596,-8.11578,129.027969,23.631281,0.291995,-0.620291,-0.011388,-0.727907,-21.815092,130.020004,12.807994,0.068484,0.175461,-0.471735,-0.861388,-16.098589,121.436867,-9.780055,0.203502,0.29515,-0.546777,-0.756643,-2.9184,143.78923,-3.431047,-0.029474,0.991138,0.113394,0.062599,-0.799275,129.425293,24.949581,0.315724,0.859479,0.146768,-0.374263,16.520397,130.19873,27.236408,-0.032871,0.114519,0.457052,-0.881424,29.444605,119.450523,8.96048,-0.028155,-0.187152,0.674584,-0.713525,15.80917,139.394241,4.746278,0.060632,0.941651,0.210774,0.255328,-8.628264,85.684494,11.755556,0.072123,0.993685,-0.046896,0.072035,-8.865817,52.929127,-3.752859,-0.056184,0.970598,0.047432,0.2292,-16.004837,6.068584,0.18589,-0.07726,0.937002,-0.116931,0.319977,7.993328,86.402206,20.423634,0.006738,0.879605,-0.187328,0.437216,10.52864,51.583958,30.157236,-0.035319,0.87275,0.018794,0.486525,2.173523,7.361928,45.551849,-0.056184,0.970598,0.047432,0.2292,-9.022326,1.695424,-12.746702,-0.035319,0.87275,0.018794,0.486525,14.590708,2.229636,38.162327
1126,9.383333,-0.025669,0.970811,0.024416,0.237216,-0.315779,86.041382,16.090063,-0.035144,0.985501,0.111716,0.122767,-0.788207,93.713577,16.361023,-0.035331,0.990995,0.096533,0.085799,-2.846872,114.418945,20.865007,0.046062,0.998011,0.014736,0.040431,-4.661316,134.930237,24.747076,0.088258,0.977425,-0.191085,-0.018353,-3.187997,149.449234,23.359837,-0.017986,0.934362,0.137626,0.328182,-8.118339,129.022156,23.647463,0.292246,-0.620261,-0.011611,-0.727828,-21.827278,130.014053,12.836361,0.068692,0.175285,-0.471728,-0.861411,-16.109144,121.431641,-9.75155,0.203434,0.295042,-0.546798,-0.756688,-2.927087,143.782562,-3.416471,-0.029347,0.991114,0.113655,0.06256,-0.801603,129.420166,24.964281,0.315742,0.859433,0.146834,-0.374329,16.518501,130.188766,27.249475,-0.032778,0.114457,0.457066,-0.881428,29.439713,119.442245,8.97044,-0.027948,-0.187017,0.674534,-0.713616,15.804929,139.384964,4.75705,0.060616,0.941688,0.210823,0.255152,-8.627651,85.682556,11.758087,0.072114,0.993692,-0.046901,0.071941,-8.866128,52.928543,-3.753166,-0.056265,0.970609,0.047426,0.229137,-16.003954,6.067923,0.186859,-0.077231,0.937032,-0.116864,0.319922,7.996094,86.400208,20.422039,0.006727,0.879558,-0.187415,0.437273,10.531648,51.58049,30.150312,-0.035288,0.87274,0.01878,0.486547,2.172832,7.361549,45.551811,-0.056265,0.970609,0.047426,0.229137,-9.022304,1.69515,-12.746325,-0.035288,0.87274,0.01878,0.486547,14.590031,2.228476,38.162857
1127,9.391667,-0.025682,0.970833,0.024536,0.237113,-0.314132,86.038399,16.090691,-0.03519,0.985495,0.111853,0.122677,-0.787172,93.710487,16.363441,-0.035346,0.990983,0.096732,0.085709,-2.848045,114.414452,20.873011,0.045926,0.998022,0.014909,0.04026,-4.663416,134.924103,24.76338,0.088294,0.977477,-0.190785,-0.018533,-3.194759,149.444,23.380754,-0.018037,0.934422,0.137562,0.328034,-8.120168,129.016159,23.662127,0.292321,-0.6203,-0.011745,-0.727763,-21.832455,130.004898,12.854981,0.068667,0.175223,-0.471763,-0.861407,-16.116907,121.4244,-9.734308,0.203398,0.294886,-0.546794,-0.756761,-2.935667,143.776123,-3.401706,-0.029341,0.991099,0.113793,0.062558,-0.803218,129.414261,24.977722,0.315803,0.859352,0.146789,-0.37448,16.516907,130.182327,27.262917,-0.03262,0.11429,0.457053,-0.881463,29.430557,119.434715,8.979182,-0.027777,-0.186982,0.67481,-0.71337,15.792833,139.377243,4.769063,0.060627,0.94172,0.210855,0.255007,-8.626912,85.679802,11.760439,0.072094,0.993691,-0.046904,0.071979,-8.867834,52.926872,-3.753073,-0.056058,0.97063,0.047593,0.229063,-16.003986,6.06601,0.187058,-0.077176,0.93706,-0.116824,0.319866,7.998648,86.396996,20.420942,0.006723,0.879558,-0.18746,0.437254,10.532041,51.575989,30.145168,-0.035331,0.872733,0.018796,0.486554,2.171993,7.358665,45.550621,-0.056058,0.97063,0.047593,0.229063,-9.026198,1.69627,-12.749237,-0.035331,0.872733,0.018796,0.486554,14.589795,2.226608,38.16198
1128,9.4,-0.025652,0.970846,0.02467,0.237046,-0.313553,86.03714,16.089149,-0.035158,0.985483,0.112073,0.122586,-0.786605,93.709152,16.364046,-0.035384,0.990974,0.096889,0.085621,-2.846756,114.410339,20.882942,0.045894,0.998024,0.015122,0.040164,-4.66392,134.918594,24.779774,0.088164,0.977532,-0.190557,-0.018634,-3.196729,149.439209,23.403145,-0.018138,0.934452,0.13774,0.327869,-8.120152,129.010574,23.677361,0.292248,-0.620373,-0.011751,-0.72773,-21.836094,129.997238,12.874669,0.068596,0.175105,-0.471808,-0.861412,-16.125034,121.418167,-9.716293,0.203424,0.294829,-0.546884,-0.756711,-2.943581,143.771347,-3.387338,-0.029336,0.991085,0.113925,0.062534,-0.803019,129.409164,24.991783,0.315811,0.859294,0.146695,-0.374643,16.517218,130.176849,27.276241,-0.032587,0.114197,0.457086,-0.881459,29.424576,119.429276,8.988042,-0.027692,-0.187112,0.674746,-0.713401,15.787272,139.372879,4.78126,0.060637,0.941752,0.210928,0.254827,-8.626949,85.679665,11.759994,0.072081,0.9937,-0.046948,0.071842,-8.870135,52.929043,-3.758348,-0.056323,0.970606,0.047425,0.229133,-16.004757,6.068388,0.187032,-0.077153,0.93707,-0.116783,0.319859,7.999845,86.394623,20.418304,0.006697,0.879538,-0.187516,0.43727,10.532734,51.572655,30.139256,-0.035277,0.872711,0.018914,0.486594,2.17223,7.357296,45.550095,-0.056323,0.970606,0.047425,0.229133,-9.022615,1.696032,-12.746027,-0.035277,0.872711,0.018914,0.486594,14.590737,2.227436,38.16111
1129,9.408333,-0.025666,0.970868,0.024804,0.23694,-0.313047,86.036804,16.089338,-0.035152,0.985507,0.112091,0.122378,-0.786773,93.708702,16.366226,-0.035404,0.990969,0.097162,0.085367,-2.845539,114.40728,20.885798,0.045809,0.998031,0.015274,0.040024,-4.663458,134.913254,24.794235,0.088016,0.977605,-0.190252,-0.018619,-3.199334,149.43457,23.421713,-0.018096,0.934521,0.137814,0.327644,-8.119461,129.005341,23.690538,0.292112,-0.620463,-0.011647,-0.727709,-21.840607,129.993118,12.894554,0.068542,0.174965,-0.471846,-0.861424,-16.134979,121.413109,-9.697429,0.203539,0.294777,-0.546853,-0.756724,-2.952553,143.767853,-3.373376,-0.029408,0.991059,0.114112,0.062568,-0.801702,129.404236,25.001379,0.315879,0.859196,0.146814,-0.374765,16.518242,130.173859,27.287432,-0.03246,0.113924,0.457093,-0.881495,29.418903,119.428047,8.993484,-0.027507,-0.187214,0.674787,-0.713342,15.778468,139.372162,4.795409,0.060676,0.941741,0.210913,0.254868,-8.627378,85.679588,11.761949,0.072089,0.993712,-0.04691,0.071684,-8.872838,52.928841,-3.756106,-0.056331,0.970593,0.047514,0.229171,-16.00738,6.067962,0.186799,-0.07716,0.937098,-0.116779,0.319775,8.001285,86.39402,20.416727,0.006714,0.879528,-0.187555,0.437275,10.535584,51.57206,30.137331,-0.035273,0.872702,0.018951,0.486609,2.171984,7.358086,45.550491,-0.056331,0.970593,0.047514,0.229171,-9.024081,1.698255,-12.746535,-0.035273,0.872702,0.018951,0.486609,14.590872,2.229089,38.161545
1130,9.416667,-0.025674,0.970878,0.025018,0.236878,-0.311808,86.038223,16.087337,-0.035124,0.985494,0.112303,0.122292,-0.786415,93.709946,16.36743,-0.035481,0.990956,0.097333,0.085287,-2.844355,114.403404,20.895411,0.045765,0.998034,0.015378,0.039962,-4.665752,134.907761,24.810766,0.087943,0.977668,-0.189955,-0.018642,-3.203214,149.429504,23.441113,-0.018081,0.934589,0.137822,0.327448,-8.12075,128.999512,23.705688,0.292202,-0.620509,-0.011849,-0.727631,-21.846422,129.986862,12.915415,0.068545,0.17492,-0.471866,-0.861422,-16.143831,121.41069,-9.678802,0.203563,0.294622,-0.546886,-0.756754,-2.961677,143.765945,-3.357096,-0.02944,0.991047,0.114257,0.062484,-0.802867,129.399429,25.015535,0.315877,0.859136,0.146862,-0.374885,16.517384,130.170151,27.298927,-0.032462,0.113701,0.457135,-0.881502,29.41367,119.427124,9.000249,-0.027357,-0.187431,0.674724,-0.713351,15.772532,139.373016,4.811828,0.060722,0.941701,0.210936,0.254988,-8.626685,85.681786,11.760929,0.072094,0.993704,-0.046973,0.071759,-8.872813,52.932178,-3.759514,-0.056216,0.970589,0.047458,0.229224,-16.008516,6.071925,0.18875,-0.077196,0.937123,-0.116798,0.319687,8.003069,86.394653,20.413744,0.006786,0.879592,-0.187585,0.43713,10.54022,51.573433,30.136221,-0.035414,0.872685,0.018898,0.48663,2.171847,7.360646,45.550201,-0.056216,0.970589,0.047458,0.229224,-9.025034,1.699791,-12.743669,-0.035414,0.872685,0.018898,0.48663,14.592213,2.232414,38.1632
1131,9.425,-0.025705,0.970887,0.025188,0.236818,-0.310504,86.038353,16.084814,-0.035115,0.985482,0.112475,0.122239,-0.786174,93.709923,16.367365,-0.035468,0.990938,0.097565,0.085235,-2.844335,114.401184,20.902481,0.045538,0.998044,0.015642,0.03986,-4.665786,134.903687,24.827518,0.087875,0.977711,-0.189762,-0.018712,-3.210427,149.426834,23.465136,-0.018114,0.93463,0.137878,0.327306,-8.120766,128.995865,23.720125,0.292112,-0.6206,-0.011879,-0.727589,-21.849636,129.982071,12.933822,0.068397,0.174788,-0.471899,-0.861442,-16.15271,121.408447,-9.662779,0.203457,0.294522,-0.546973,-0.756758,-2.968971,143.765228,-3.342949,-0.02939,0.991037,0.114355,0.06249,-0.802738,129.39537,25.029284,0.315858,0.859023,0.147094,-0.375069,16.517584,130.164124,27.312777,-0.032472,0.113444,0.457152,-0.881526,29.407597,119.429337,9.004842,-0.02738,-0.187738,0.674586,-0.713399,15.764562,139.375854,4.827735,0.060739,0.941723,0.210928,0.254907,-8.62588,85.682076,11.759356,0.07205,0.993681,-0.047033,0.072076,-8.874704,52.932358,-3.76081,-0.056351,0.970581,0.047481,0.22922,-16.007936,6.072035,0.191088,-0.077185,0.937088,-0.116732,0.319816,8.004871,86.394623,20.410273,0.0067,0.879461,-0.187659,0.437364,10.54154,51.572155,30.12841,-0.035376,0.872663,0.018937,0.486671,2.173295,7.361886,45.549648,-0.056351,0.970581,0.047481,0.22922,-9.023184,1.701603,-12.741216,-0.035376,0.872663,0.018937,0.486671,14.594152,2.234089,38.163181
1132,9.433333,-0.025673,0.970896,0.0253,0.236775,-0.309905,86.035599,16.082966,-0.035135,0.985466,0.112684,0.122166,-0.785494,93.707108,16.367313,-0.035527,0.990929,0.0977,0.085159,-2.845313,114.397453,20.911364,0.045467,0.998048,0.015771,0.039809,-4.669375,134.898682,24.841885,0.087829,0.977772,-0.18947,-0.018707,-3.216383,149.422409,23.483109,-0.018132,0.934651,0.137977,0.327202,-8.1236,128.990585,23.733492,0.292164,-0.620567,-0.011865,-0.727596,-21.85483,129.976837,12.950195,0.068349,0.174718,-0.472012,-0.861398,-16.155846,121.401558,-9.64526,0.20338,0.294417,-0.547013,-0.756791,-2.976668,143.761414,-3.32837,-0.029418,0.991029,0.114469,0.062389,-0.805441,129.3909,25.041681,0.315767,0.859021,0.14725,-0.375088,16.515265,130.160767,27.321884,-0.032674,0.113357,0.457037,-0.881589,29.407442,119.432961,9.011388,-0.027602,-0.187637,0.674362,-0.713629,15.759349,139.375336,4.842351,0.060717,0.941765,0.210915,0.254768,-8.625694,85.680367,11.758213,0.072046,0.993693,-0.047017,0.071926,-8.875511,52.930038,-3.760659,-0.056417,0.970574,0.047528,0.229225,-16.007616,6.069511,0.190841,-0.077189,0.937073,-0.116701,0.319871,8.005883,86.390831,20.407719,0.006682,0.879421,-0.187706,0.437425,10.543028,51.567875,30.124014,-0.035391,0.87265,0.019029,0.486691,2.173232,7.359263,45.549179,-0.056417,0.970574,0.047528,0.229225,-9.022034,1.700929,-12.741642,-0.035391,0.87265,0.019029,0.486691,14.595006,2.234011,38.162483
1133,9.441667,-0.025664,0.970908,0.025418,0.236715,-0.310384,86.034241,16.081806,-0.035146,0.985456,0.112847,0.122095,-0.786245,93.705658,16.367989,-0.035553,0.990919,0.097853,0.085088,-2.84692,114.393661,20.918715,0.045313,0.998056,0.015884,0.039737,-4.672287,134.893555,24.855541,0.087839,0.977834,-0.189141,-0.018707,-3.2241,149.41803,23.499769,-0.018135,0.934671,0.138051,0.327113,-8.126132,128.985474,23.745914,0.292233,-0.620586,-0.011934,-0.727551,-21.85939,129.972046,12.965226,0.068268,0.174659,-0.472069,-0.861385,-16.161686,121.396828,-9.630583,0.203188,0.294344,-0.547069,-0.75683,-2.984062,143.758438,-3.314564,-0.029485,0.991021,0.114595,0.062253,-0.80782,129.386078,25.053152,0.315761,0.85897,0.147214,-0.375226,16.513338,130.158539,27.329037,-0.03288,0.113217,0.457044,-0.881596,29.400555,119.432114,9.014235,-0.027958,-0.188014,0.674136,-0.713729,15.750864,139.376312,4.855728,0.060669,0.941778,0.21094,0.25471,-8.626719,85.679665,11.758047,0.072069,0.993711,-0.046999,0.071658,-8.873746,52.929688,-3.761594,-0.056634,0.970574,0.047488,0.229179,-16.006914,6.069332,0.189982,-0.077194,0.937108,-0.116718,0.31976,8.005951,86.388809,20.405567,0.006705,0.879436,-0.187718,0.437389,10.544132,51.566208,30.122858,-0.035464,0.872647,0.018989,0.486692,2.172528,7.358068,45.548389,-0.056634,0.970574,0.047488,0.229179,-9.020388,1.701215,-12.742146,-0.035464,0.872647,0.018989,0.486692,14.594838,2.232871,38.162552
1134,9.45,-0.025557,0.970933,0.025538,0.23661,-0.312266,86.030518,16.079033,-0.035089,0.985448,0.113071,0.121965,-0.786933,93.701935,16.367449,-0.035752,0.990907,0.098004,0.084978,-2.84568,114.387199,20.927839,0.045475,0.998047,0.015943,0.039741,-4.679372,134.885269,24.870337,0.087709,0.977909,-0.188821,-0.018658,-3.22655,149.409454,23.516462,-0.017985,0.934715,0.138045,0.326999,-8.130811,128.975952,23.759819,0.292464,-0.620588,-0.012182,-0.727452,-21.866856,129.966766,12.983084,0.068376,0.174648,-0.472065,-0.861381,-16.169575,121.393288,-9.613475,0.203123,0.29428,-0.547118,-0.756837,-2.991258,143.756027,-3.300566,-0.029543,0.991016,0.114702,0.06211,-0.812434,129.37944,25.065792,0.315791,0.858897,0.14739,-0.375298,16.509228,130.154236,27.337023,-0.032983,0.113016,0.457086,-0.881596,29.392809,119.431458,9.017537,-0.0281,-0.188261,0.674017,-0.713771,15.743239,139.377075,4.870247,0.060656,0.941768,0.210967,0.254727,-8.629629,85.678375,11.757061,0.072068,0.993721,-0.046995,0.071535,-8.874994,52.929134,-3.764157,-0.056375,0.970574,0.047505,0.229242,-16.007502,6.068727,0.187968,-0.077209,0.937082,-0.116696,0.319841,8.005097,86.38266,20.401005,0.006707,0.879468,-0.187767,0.437303,10.543959,51.559853,30.117357,-0.03537,0.872629,0.019093,0.486727,2.171667,7.353464,45.547527,-0.056375,0.970574,0.047505,0.229242,-9.0219,1.699186,-12.744175,-0.03537,0.872629,0.019093,0.486727,14.594144,2.229514,38.161118
1135,9.458333,-0.02563,0.970936,0.025566,0.236585,-0.313061,86.031403,16.079269,-0.035094,0.985437,0.113246,0.121895,-0.788909,93.702736,16.367849,-0.035742,0.9909,0.098146,0.084897,-2.848198,114.383934,20.935102,0.045632,0.998036,0.016266,0.039721,-4.681645,134.880859,24.883648,0.087441,0.977966,-0.188644,-0.018699,-3.224643,149.405533,23.539352,-0.018005,0.934729,0.138187,0.326897,-8.133151,128.971786,23.772066,0.292544,-0.620615,-0.012287,-0.727395,-21.871502,129.963043,12.99831,0.068352,0.174643,-0.472088,-0.861371,-16.176037,121.390465,-9.599054,0.202984,0.294329,-0.547093,-0.756874,-2.998471,143.754379,-3.285803,-0.029551,0.990999,0.114907,0.061997,-0.814558,129.375061,25.076904,0.315708,0.858858,0.14721,-0.375526,16.507576,130.150131,27.344435,-0.03329,0.112868,0.457164,-0.881563,29.385244,119.429802,9.019353,-0.028207,-0.18853,0.673818,-0.713884,15.736805,139.380646,4.885416,0.06066,0.941779,0.210996,0.254662,-8.63058,85.67804,11.757696,0.072042,0.993712,-0.047026,0.071664,-8.876692,52.929699,-3.765425,-0.05648,0.970583,0.047474,0.229184,-16.007486,6.06921,0.188893,-0.077188,0.937095,-0.116638,0.319829,8.004457,86.384758,20.400843,0.006664,0.879452,-0.187788,0.437327,10.543409,51.560738,30.112822,-0.03555,0.872643,0.018944,0.486694,2.173416,7.355025,45.546185,-0.05648,0.970583,0.047474,0.229184,-9.02239,1.699537,-12.743482,-0.03555,0.872643,0.018944,0.486694,14.596369,2.229958,38.16135
1136,9.466667,-0.025576,0.970939,0.025655,0.236568,-0.315077,86.030731,16.077965,-0.035131,0.985426,0.113378,0.121849,-0.790449,93.702042,16.368076,-0.035602,0.990891,0.098358,0.084817,-2.852063,114.385201,20.941444,0.045334,0.99805,0.016402,0.039639,-4.680118,134.880783,24.899372,0.087412,0.978015,-0.188409,-0.018648,-3.23218,149.406677,23.558558,-0.018222,0.934721,0.138609,0.32673,-8.133175,128.972977,23.785881,0.292615,-0.620677,-0.01244,-0.727311,-21.875099,129.961197,13.016385,0.068377,0.174618,-0.472079,-0.86138,-16.183628,121.390999,-9.582901,0.202984,0.294331,-0.547142,-0.756837,-3.005207,143.754715,-3.271329,-0.029511,0.99097,0.115203,0.061941,-0.814228,129.374039,25.089437,0.315715,0.858742,0.147443,-0.375696,16.508242,130.147278,27.35511,-0.033372,0.112618,0.457191,-0.881578,29.379383,119.434097,9.021256,-0.02829,-0.188665,0.673782,-0.713879,15.729506,139.386276,4.899973,0.060694,0.941731,0.210992,0.254834,-8.632805,85.678726,11.756674,0.072038,0.993721,-0.047038,0.071527,-8.878464,52.93058,-3.766863,-0.056755,0.970564,0.047454,0.229201,-16.008394,6.070137,0.189519,-0.077236,0.937104,-0.116637,0.319791,8.002651,86.382744,20.399254,0.006664,0.879425,-0.187806,0.437375,10.54529,51.559246,30.112156,-0.035642,0.872644,0.019031,0.486683,2.173752,7.354197,45.546585,-0.056755,0.970564,0.047454,0.229201,-9.020088,1.702037,-12.741656,-0.035642,0.872644,0.019031,0.486683,14.597792,2.232614,38.16114
1137,9.475,-0.025624,0.970948,0.025993,0.236491,-0.31321,86.031883,16.071758,-0.035137,0.9854,0.113672,0.121784,-0.790492,93.702881,16.366774,-0.035673,0.990879,0.098487,0.084773,-2.853655,114.384583,20.952677,0.0454,0.998045,0.016532,0.039656,-4.68489,134.878891,24.915705,0.087215,0.97808,-0.188166,-0.018609,-3.235088,149.404968,23.578777,-0.018168,0.934649,0.138873,0.326827,-8.137027,128.970764,23.801065,0.292616,-0.620709,-0.012319,-0.727285,-21.876795,129.964279,13.02931,0.068339,0.174589,-0.47216,-0.861344,-16.187153,121.389221,-9.568587,0.203051,0.294269,-0.547287,-0.756738,-3.011937,143.755981,-3.25781,-0.029176,0.990942,0.115574,0.061843,-0.818045,129.372757,25.104124,0.315548,0.858636,0.148138,-0.375803,16.505531,130.133942,27.365368,-0.033442,0.112251,0.45717,-0.881633,29.37789,119.443283,9.019229,-0.028163,-0.188865,0.673746,-0.713865,15.72348,139.394958,4.915174,0.060679,0.94181,0.210969,0.254568,-8.63157,85.680466,11.751642,0.072007,0.993715,-0.047082,0.071614,-8.88104,52.931469,-3.770038,-0.056575,0.970558,0.047505,0.22926,-16.008678,6.070998,0.19015,-0.077212,0.937075,-0.116667,0.319872,8.005151,86.383301,20.391876,0.006598,0.879358,-0.187847,0.437492,10.544657,51.56004,30.106434,-0.035493,0.872609,0.019108,0.486753,2.174843,7.356367,45.545738,-0.056575,0.970558,0.047505,0.22926,-9.020605,1.703021,-12.741187,-0.035493,0.872609,0.019108,0.486753,14.599,2.234619,38.160618
1138,9.483333,-0.025565,0.970958,0.025975,0.236458,-0.317447,86.031647,16.070429,-0.035114,0.985385,0.113872,0.121726,-0.793771,93.702713,16.3654,-0.035671,0.990869,0.098638,0.084712,-2.85664,114.381767,20.959654,0.045242,0.998054,0.01683,0.039463,-4.688085,134.874832,24.929033,0.087336,0.978123,-0.187865,-0.018855,-3.2438,149.402206,23.600302,-0.018117,0.934664,0.13903,0.32672,-8.140157,128.966919,23.81308,0.292662,-0.620677,-0.012275,-0.727295,-21.882418,129.963348,13.044784,0.068349,0.174519,-0.472248,-0.861309,-16.190727,121.385727,-9.551625,0.203009,0.294289,-0.547379,-0.756675,-3.018825,143.755219,-3.245063,-0.029131,0.990927,0.115732,0.061819,-0.821021,129.368774,25.115305,0.315365,0.858592,0.148027,-0.376103,16.502745,130.128174,27.375681,-0.033752,0.112187,0.45723,-0.881598,29.36964,119.446144,9.020684,-0.02823,-0.189011,0.673534,-0.714024,15.717022,139.401535,4.926596,0.060694,0.941794,0.210978,0.254615,-8.636155,85.681206,11.750903,0.071943,0.993728,-0.047088,0.071495,-8.885733,52.932613,-3.771626,-0.056598,0.970567,0.047529,0.229212,-16.00696,6.071323,0.190413,-0.077241,0.9371,-0.116631,0.319805,8.00126,86.382088,20.389954,0.006565,0.879317,-0.187884,0.43756,10.544252,51.558529,30.102551,-0.035553,0.872608,0.01904,0.486754,2.174508,7.356131,45.545536,-0.056598,0.970567,0.047529,0.229212,-9.019894,1.704147,-12.741738,-0.035553,0.872608,0.01904,0.486754,14.598942,2.233556,38.161457
1139,9.491667,-0.02544,0.970972,0.026074,0.236404,-0.320839,86.030266,16.065941,-0.035128,0.985364,0.114108,0.121671,-0.795642,93.701347,16.362879,-0.035692,0.990863,0.098739,0.084661,-2.859974,114.377823,20.966908,0.045142,0.99806,0.017073,0.039326,-4.69241,134.869995,24.940447,0.087427,0.978171,-0.187555,-0.019026,-3.251691,149.398346,23.618477,-0.018057,0.93463,0.139225,0.326738,-8.144193,128.962051,23.823704,0.292752,-0.620685,-0.012259,-0.727252,-21.886114,129.962799,13.055378,0.068314,0.174502,-0.472252,-0.861313,-16.194925,121.381699,-9.539826,0.20282,0.294237,-0.547507,-0.756654,-3.02248,143.751755,-3.232996,-0.029151,0.990908,0.115932,0.061729,-0.824952,129.364182,25.125256,0.315294,0.858525,0.147997,-0.376327,16.499161,130.124161,27.382751,-0.033954,0.112064,0.457296,-0.881572,29.359903,119.447311,9.020445,-0.028348,-0.189212,0.673529,-0.713971,15.708067,139.407059,4.936215,0.06066,0.941789,0.210957,0.254659,-8.640148,85.68251,11.747362,0.071935,0.993732,-0.047095,0.071442,-8.887079,52.932976,-3.773218,-0.056593,0.970562,0.047453,0.229248,-16.00741,6.071645,0.189963,-0.077279,0.937119,-0.116654,0.319732,7.998472,86.378029,20.38452,0.006555,0.879303,-0.187898,0.437582,10.544214,51.555286,30.099329,-0.035613,0.872595,0.019002,0.486774,2.174322,7.353392,45.543663,-0.056593,0.970562,0.047453,0.229248,-9.019519,1.702326,-12.741019,-0.035613,0.872595,0.019002,0.486774,14.599484,2.230743,38.160866
1140,9.5,-0.025429,0.970972,0.025997,0.236412,-0.323858,86.0299,16.065226,-0.035159,0.985345,0.11433,0.121608,-0.798217,93.70105,16.361059,-0.035672,0.99086,0.098852,0.084577,-2.864522,114.373863,20.973934,0.045228,0.998054,0.017309,0.039279,-4.696176,134.865158,24.952356,0.087334,0.978216,-0.187357,-0.019068,-3.253346,149.393921,23.637264,-0.018259,0.93462,0.139334,0.326709,-8.148179,128.957489,23.834915,0.292883,-0.620646,-0.012487,-0.727229,-21.890522,129.952713,13.066614,0.068288,0.174501,-0.47231,-0.861284,-16.197205,121.376396,-9.529874,0.202651,0.294212,-0.547564,-0.756667,-3.027718,143.748138,-3.222908,-0.029231,0.990895,0.116068,0.061656,-0.828704,129.359283,25.135252,0.315395,0.858389,0.148457,-0.37637,16.495562,130.122025,27.390638,-0.033792,0.111804,0.457303,-0.881608,29.351526,119.451904,9.021078,-0.028387,-0.189428,0.673517,-0.713923,15.697864,139.41037,4.944515,0.060629,0.941803,0.21098,0.254594,-8.643105,85.682007,11.746536,0.071908,0.99373,-0.047091,0.071506,-8.888587,52.932919,-3.774998,-0.056811,0.970571,0.047358,0.229177,-16.006601,6.071183,0.18752,-0.077279,0.937175,-0.116642,0.319571,7.995389,86.377785,20.383917,0.006601,0.879421,-0.187895,0.437345,10.543116,51.554848,30.097475,-0.035598,0.872618,0.018896,0.486738,2.173647,7.352898,45.541885,-0.056811,0.970571,0.047358,0.229177,-9.018454,1.700759,-12.742951,-0.035598,0.872618,0.018896,0.486738,14.597567,2.22735,38.159008
1141,9.508333,-0.025311,0.970988,0.026124,0.236347,-0.327916,86.028275,16.060734,-0.035118,0.98533,0.114541,0.121543,-0.800961,93.699417,16.358913,-0.035705,0.990855,0.098934,0.084523,-2.866335,114.37075,20.980953,0.045147,0.998057,0.017636,0.039153,-4.699427,134.861267,24.962725,0.087392,0.97825,-0.187136,-0.019234,-3.259676,149.391159,23.656895,-0.018304,0.934665,0.13944,0.32653,-8.151012,128.953461,23.844742,0.293036,-0.620545,-0.012591,-0.727252,-21.897383,129.94754,13.081473,0.068377,0.174432,-0.472415,-0.861233,-16.197927,121.371735,-9.513659,0.202602,0.294205,-0.547669,-0.756607,-3.032918,143.74678,-3.21322,-0.029207,0.990888,0.116163,0.061601,-0.831435,129.355713,25.144363,0.315327,0.858299,0.148561,-0.376592,16.493118,130.117661,27.397827,-0.033812,0.111579,0.457327,-0.881623,29.342911,119.455429,9.019353,-0.02834,-0.189721,0.673632,-0.713738,15.687325,139.415787,4.952738,0.060554,0.941826,0.210973,0.254535,-8.647851,85.683044,11.743155,0.071942,0.993771,-0.047038,0.070927,-8.889307,52.93309,-3.776626,-0.056823,0.970571,0.047282,0.229188,-16.007793,6.071329,0.184755,-0.077064,0.937066,-0.116446,0.320014,7.992018,86.373505,20.378313,0.006161,0.879016,-0.188002,0.438118,10.525304,51.544865,30.07519,-0.035852,0.872614,0.018924,0.486724,2.174605,7.346204,45.539169,-0.056823,0.970571,0.047282,0.229188,-9.019279,1.698861,-12.744827,-0.035852,0.872614,0.018924,0.486724,14.600843,2.225032,38.157158
1142,9.516667,-0.025247,0.970999,0.026236,0.236295,-0.33107,86.028542,16.058329,-0.035157,0.985312,0.114742,0.121485,-0.803546,93.699638,16.358437,-0.035699,0.990849,0.09905,0.084461,-2.871272,114.368729,20.988663,0.045262,0.99805,0.017853,0.039112,-4.704268,134.858292,24.975317,0.087287,0.978297,-0.186932,-0.0193,-3.261541,149.388474,23.675861,-0.018333,0.934635,0.139602,0.326547,-8.155878,128.950668,23.856441,0.293144,-0.62051,-0.012631,-0.727238,-21.901831,129.945755,13.092732,0.068369,0.174409,-0.472496,-0.861194,-16.200262,121.368561,-9.501346,0.202506,0.29414,-0.547662,-0.756663,-3.039861,143.744614,-3.202903,-0.02927,0.990858,0.116461,0.061486,-0.83614,129.352798,25.155205,0.315267,0.858216,0.148791,-0.37674,16.488785,130.116684,27.405184,-0.033869,0.111279,0.457233,-0.881707,29.334927,119.463684,9.018813,-0.028389,-0.189754,0.673895,-0.71348,15.671217,139.422623,4.965661,0.060573,0.941835,0.21094,0.254525,-8.651531,85.684944,11.741632,0.071871,0.993748,-0.047063,0.071311,-8.895129,52.934139,-3.77633,-0.056824,0.970562,0.04732,0.22922,-16.008659,6.071636,0.185199,-0.077044,0.937029,-0.116419,0.320138,7.989392,86.372139,20.375025,0.006069,0.87896,-0.188033,0.43822,10.520715,51.542812,30.069988,-0.03573,0.872597,0.018983,0.486763,2.174668,7.34514,45.539314,-0.056824,0.970562,0.04732,0.22922,-9.01927,1.700278,-12.744287,-0.03573,0.872597,0.018983,0.486763,14.600672,2.223711,38.157082
1143,9.525,-0.025247,0.971016,0.02639,0.236206,-0.334096,86.028839,16.055754,-0.035052,0.985306,0.114879,0.121433,-0.807106,93.699814,16.358208,-0.035874,0.990827,0.099209,0.084451,-2.87017,114.36058,20.993151,0.045375,0.998043,0.018034,0.039055,-4.710935,134.848312,24.985737,0.087278,0.978367,-0.186553,-0.019445,-3.265286,149.378662,23.691603,-0.018193,0.934639,0.13974,0.326484,-8.160305,128.939697,23.865122,0.293335,-0.620516,-0.013029,-0.727149,-21.907881,129.940643,13.104025,0.068545,0.174564,-0.472402,-0.8612,-16.207195,121.371773,-9.493436,0.202716,0.294125,-0.547757,-0.756544,-3.044994,143.745743,-3.191924,-0.029426,0.990837,0.116638,0.061408,-0.840728,129.344208,25.164053,0.315147,0.858182,0.148869,-0.376886,16.484211,130.113403,27.412092,-0.034011,0.111175,0.457254,-0.881704,29.328632,119.468582,9.019786,-0.028425,-0.189976,0.673791,-0.713517,15.664456,139.42926,4.974285,0.060687,0.941811,0.210932,0.254592,-8.655341,85.685875,11.740518,0.07174,0.993733,-0.047128,0.071602,-8.905721,52.935822,-3.77892,-0.05682,0.970564,0.047352,0.229204,-16.008566,6.072113,0.187565,-0.077103,0.937005,-0.116436,0.320186,7.987151,86.371803,20.370991,0.006067,0.878975,-0.188053,0.43818,10.521516,51.543407,30.068487,-0.035692,0.872602,0.019033,0.486754,2.175447,7.346466,45.539875,-0.05682,0.970564,0.047352,0.229204,-9.019609,1.701612,-12.742445,-0.035692,0.872602,0.019033,0.486754,14.601171,2.225735,38.156689
1144,9.533333,-0.025297,0.971012,0.026566,0.236198,-0.335144,86.028145,16.052395,-0.035134,0.985293,0.115011,0.121389,-0.80954,93.698944,16.357296,-0.035711,0.99082,0.099408,0.084367,-2.877091,114.364365,20.998735,0.04522,0.998053,0.018205,0.038919,-4.71141,134.850922,25.000263,0.087347,0.978396,-0.18636,-0.019539,-3.270859,149.382187,23.710712,-0.018373,0.934649,0.139772,0.326431,-8.162631,128.94371,23.877914,0.293288,-0.620531,-0.013021,-0.727155,-21.91118,129.938858,13.117525,0.068511,0.17448,-0.472447,-0.861195,-16.211443,121.370949,-9.480543,0.202716,0.294117,-0.547767,-0.75654,-3.050153,143.745804,-3.18236,-0.029355,0.990825,0.11679,0.061348,-0.84267,129.345688,25.175461,0.315127,0.858086,0.149132,-0.377018,16.482668,130.112335,27.421293,-0.033977,0.110938,0.45723,-0.881748,29.322803,119.475769,9.021221,-0.02838,-0.190074,0.67385,-0.713437,15.654934,139.435883,4.98492,0.060592,0.941875,0.210911,0.254393,-8.656415,85.685043,11.737219,0.071753,0.993748,-0.047139,0.071369,-8.90401,52.933514,-3.779148,-0.056958,0.970564,0.047401,0.22916,-16.007143,6.070077,0.189964,-0.077129,0.93703,-0.116462,0.320097,7.986127,86.371246,20.367571,0.00607,0.878968,-0.188092,0.438178,10.522552,51.543583,30.067137,-0.035773,0.872612,0.018968,0.486733,2.174672,7.348025,45.541496,-0.056958,0.970564,0.047401,0.22916,-9.017924,1.702002,-12.740726,-0.035773,0.872612,0.018968,0.486733,14.600507,2.226832,38.158817
1145,9.541667,-0.025218,0.971024,0.026617,0.236152,-0.339891,86.028961,16.050848,-0.035072,0.985286,0.115185,0.121301,-0.813274,93.699768,16.356819,-0.035823,0.990814,0.099503,0.084286,-2.878381,114.360512,21.005247,0.045241,0.998052,0.018442,0.038799,-4.717354,134.845932,25.010406,0.087437,0.978436,-0.186091,-0.0197,-3.276816,149.377792,23.727589,-0.018285,0.934714,0.139798,0.326241,-8.16723,128.938049,23.887587,0.293432,-0.620449,-0.013183,-0.727164,-21.920235,129.935379,13.133095,0.068691,0.174441,-0.472435,-0.861195,-16.21562,121.370079,-9.46473,0.202732,0.294194,-0.547862,-0.756437,-3.05368,143.744797,-3.173157,-0.029403,0.990814,0.11691,0.061276,-0.847183,129.341675,25.184139,0.31511,0.858021,0.14934,-0.377099,16.478371,130.110016,27.427738,-0.033912,0.110741,0.457204,-0.881789,29.316027,119.479706,9.022312,-0.028331,-0.190268,0.67388,-0.713359,15.645223,139.438354,4.992896,0.060577,0.941869,0.2109,0.25443,-8.661647,85.687492,11.736474,0.071728,0.993782,-0.047084,0.070962,-8.907799,52.935493,-3.778917,-0.056715,0.970576,0.047392,0.229174,-16.006628,6.071228,0.188122,-0.077146,0.937022,-0.116364,0.320153,7.981864,86.370422,20.365223,0.006032,0.878967,-0.188157,0.438153,10.521207,51.541298,30.058817,-0.035692,0.872569,0.018993,0.486815,2.174225,7.348042,45.540257,-0.056715,0.970576,0.047392,0.229174,-9.019497,1.701032,-12.74298,-0.035692,0.872569,0.018993,0.486815,14.600794,2.226335,38.159161
1146,9.55,-0.025249,0.971037,0.026729,0.236083,-0.341947,86.027184,16.046196,-0.03511,0.98527,0.115357,0.121254,-0.816172,93.697884,16.353771,-0.035766,0.990804,0.099656,0.084239,-2.883587,114.35778,21.009407,0.045156,0.998056,0.018417,0.038802,-4.720498,134.842102,25.021139,0.087444,0.978497,-0.185778,-0.019582,-3.282388,149.374146,23.737514,-0.018392,0.934716,0.139827,0.326215,-8.170964,128.93483,23.896879,0.293406,-0.620379,-0.013173,-0.727234,-21.924414,129.928894,13.142653,0.068651,0.174389,-0.472481,-0.861183,-16.215477,121.365105,-9.45465,0.202632,0.294179,-0.54794,-0.756413,-3.055002,143.740936,-3.164759,-0.029435,0.990808,0.116986,0.061223,-0.850737,129.337494,25.19272,0.315077,0.857969,0.149364,-0.377235,16.474972,130.106995,27.434704,-0.033875,0.110608,0.457177,-0.881821,29.30854,119.480339,9.024318,-0.028349,-0.190516,0.673903,-0.71327,15.635265,139.437866,4.999669,0.060496,0.941952,0.210862,0.254172,-8.664283,85.685631,11.732949,0.071707,0.993771,-0.047079,0.071143,-8.909952,52.931763,-3.778505,-0.056955,0.970567,0.047401,0.229149,-16.007502,6.067157,0.186848,-0.07712,0.937026,-0.116361,0.320148,7.980389,86.368744,20.359444,0.005961,0.878951,-0.188176,0.438178,10.518089,51.539276,30.052233,-0.035969,0.872624,0.018821,0.486703,2.175812,7.346615,45.537895,-0.056955,0.970567,0.047401,0.229149,-9.018582,1.699023,-12.743984,-0.035969,0.872624,0.018821,0.486703,14.60233,2.224561,38.15696
1147,9.558333,-0.025202,0.971048,0.026697,0.236044,-0.347243,86.025581,16.045687,-0.035084,0.985255,0.115564,0.121187,-0.820636,93.696342,16.352968,-0.035792,0.990806,0.099686,0.084178,-2.887665,114.35405,21.017391,0.045062,0.998058,0.018519,0.03881,-4.72552,134.838043,25.030396,0.087455,0.978539,-0.185567,-0.019466,-3.2902,149.370605,23.749643,-0.018425,0.9347,0.13984,0.326253,-8.175709,128.930588,23.906237,0.293329,-0.620355,-0.013188,-0.727286,-21.928257,129.923889,13.150793,0.068542,0.174389,-0.472499,-0.861182,-16.217873,121.363426,-9.447397,0.202548,0.294123,-0.547964,-0.75644,-3.058483,143.738693,-3.154898,-0.029526,0.990784,0.117199,0.061147,-0.85536,129.333679,25.201237,0.315103,0.857909,0.149309,-0.377371,16.47049,130.106171,27.441111,-0.03384,0.110459,0.457188,-0.881835,29.29812,119.479332,9.026696,-0.028373,-0.190815,0.673869,-0.713222,15.62337,139.437851,5.007517,0.060613,0.941885,0.210867,0.25439,-8.669964,85.684708,11.733132,0.071575,0.99377,-0.047085,0.071283,-8.919895,52.932022,-3.780746,-0.056897,0.970573,0.047356,0.229145,-16.005671,6.065681,0.185126,-0.0771,0.937106,-0.1163,0.319941,7.975477,86.366455,20.35824,0.005942,0.878989,-0.188216,0.438085,10.515458,51.535751,30.045959,-0.03596,0.872621,0.018776,0.48671,2.174756,7.344499,45.536499,-0.056897,0.970573,0.047356,0.229145,-9.017485,1.695839,-12.745521,-0.03596,0.872621,0.018776,0.48671,14.601101,2.221189,38.156151
1148,9.566667,-0.025185,0.971061,0.026749,0.235988,-0.351478,86.024185,16.043859,-0.035113,0.985244,0.115686,0.121157,-0.824792,93.694916,16.352007,-0.035777,0.990798,0.099785,0.084154,-2.893548,114.351997,21.021572,0.045009,0.998059,0.018606,0.038814,-4.731038,134.83522,25.038715,0.087461,0.97859,-0.185299,-0.019398,-3.297335,149.368164,23.760447,-0.018479,0.934714,0.140064,0.326115,-8.181332,128.928009,23.913588,0.293452,-0.620247,-0.013379,-0.727325,-21.936949,129.921417,13.162073,0.068432,0.17436,-0.472419,-0.861241,-16.220135,121.365631,-9.436272,0.202121,0.293701,-0.548153,-0.756581,-3.05579,143.738205,-3.141355,-0.029589,0.990771,0.117323,0.061093,-0.860905,129.330795,25.20826,0.315087,0.857867,0.149308,-0.37748,16.465044,130.105408,27.446648,-0.03385,0.110283,0.457196,-0.881852,29.289108,119.480721,9.028509,-0.028278,-0.190992,0.673807,-0.713236,15.612669,139.439911,5.017036,0.060643,0.941867,0.21091,0.254413,-8.674719,85.683807,11.732266,0.07155,0.993795,-0.04707,0.070966,-8.925444,52.932709,-3.784949,-0.05694,0.970563,0.047323,0.229186,-16.007519,6.065899,0.182011,-0.077138,0.937091,-0.116247,0.319994,7.971763,86.364555,20.355453,0.005887,0.878926,-0.188266,0.43819,10.515029,51.533371,30.040583,-0.035869,0.872635,0.018779,0.486693,2.175037,7.343835,45.536381,-0.05694,0.970563,0.047323,0.229186,-9.017853,1.695496,-12.747648,-0.035869,0.872635,0.018779,0.486693,14.600238,2.219288,38.154964
1149,9.575,-0.025149,0.971062,0.02689,0.235971,-0.355549,86.024986,16.040884,-0.0351,0.985233,0.115806,0.121134,-0.828825,93.695625,16.351278,-0.035807,0.990788,0.099897,0.084132,-2.897382,114.35022,21.025591,0.045004,0.998057,0.01876,0.038789,-4.736391,134.832413,25.047281,0.08745,0.978644,-0.185016,-0.019417,-3.303057,149.365784,23.773479,-0.018399,0.934692,0.140148,0.326146,-8.186245,128.925156,23.921019,0.293381,-0.62026,-0.013266,-0.727344,-21.941259,129.922318,13.16909,0.068599,0.174423,-0.472473,-0.861185,-16.225138,121.364441,-9.428633,0.202439,0.294225,-0.54799,-0.75641,-3.065415,143.738693,-3.136038,-0.029592,0.990759,0.117409,0.061123,-0.865795,129.328262,25.215446,0.314968,0.857831,0.149512,-0.37758,16.460016,130.102676,27.454931,-0.033837,0.110066,0.457123,-0.881918,29.284054,119.488205,9.03089,-0.028181,-0.191237,0.673774,-0.713206,15.602409,139.444641,5.028126,0.060652,0.941902,0.210891,0.254295,-8.678967,85.685898,11.729537,0.071462,0.993802,-0.047089,0.070953,-8.932612,52.934296,-3.786565,-0.056886,0.970574,0.047344,0.229148,-16.006413,6.066451,0.182858,-0.077183,0.937118,-0.116252,0.319903,7.967868,86.364075,20.35223,0.005906,0.878982,-0.188302,0.438061,10.514973,51.533497,30.0385,-0.03606,0.872653,0.018735,0.486647,2.174088,7.345301,45.537613,-0.056886,0.970574,0.047344,0.229148,-9.018266,1.696167,-12.747659,-0.03606,0.872653,0.018735,0.486647,14.600134,2.222378,38.15649
1150,9.583333,-0.025162,0.971067,0.027053,0.235934,-0.358219,86.025749,16.039249,-0.035061,0.985223,0.115925,0.121111,-0.832272,93.696251,16.352037,-0.035917,0.990777,0.099967,0.084134,-2.899612,114.348877,21.031324,0.045018,0.998054,0.018974,0.038753,-4.743436,134.830154,25.055473,0.087514,0.978696,-0.184705,-0.019493,-3.310017,149.364059,23.787874,-0.018357,0.934636,0.140299,0.326244,-8.1919,128.922241,23.928411,0.293185,-0.620306,-0.013251,-0.727384,-21.94474,129.923019,13.174039,0.068528,0.174526,-0.472397,-0.861212,-16.231424,121.369995,-9.426223,0.202583,0.294338,-0.548004,-0.756318,-3.068311,143.743484,-3.125902,-0.029587,0.990739,0.117599,0.061092,-0.871575,129.326874,25.223055,0.314932,0.857769,0.150007,-0.377555,16.45438,130.10083,27.461586,-0.033776,0.10977,0.456996,-0.882023,29.280493,119.497917,9.03233,-0.028212,-0.191401,0.673715,-0.713217,15.590479,139.449661,5.040364,0.060675,0.941885,0.210867,0.254376,-8.681955,85.687111,11.728482,0.071416,0.993769,-0.04716,0.071411,-8.936331,52.934956,-3.786449,-0.056941,0.970573,0.047423,0.229124,-16.008091,6.067118,0.186763,-0.077243,0.937119,-0.116237,0.319892,7.965518,86.364388,20.350018,0.005909,0.878966,-0.188355,0.438071,10.517166,51.53421,30.036575,-0.035982,0.872665,0.018796,0.486629,2.173667,7.347888,45.539646,-0.056941,0.970573,0.047423,0.229124,-9.019955,1.69948,-12.744655,-0.035982,0.872665,0.018796,0.486629,14.598945,2.225354,38.156963
1151,9.591667,-0.025142,0.97108,0.027103,0.235877,-0.363287,86.024811,16.039558,-0.034984,0.98522,0.116044,0.121043,-0.837196,93.695282,16.353195,-0.036036,0.990769,0.100034,0.084087,-2.901547,114.346672,21.037916,0.045078,0.998049,0.019083,0.038752,-4.750329,134.827026,25.064468,0.087468,0.978748,-0.184454,-0.019476,-3.315291,149.361069,23.800085,-0.018346,0.934608,0.140329,0.326312,-8.197362,128.91835,23.937,0.293094,-0.620286,-0.013291,-0.727437,-21.94865,129.920166,13.180737,0.068469,0.174593,-0.472382,-0.861211,-16.234163,121.371719,-9.420972,0.202587,0.294404,-0.547916,-0.756355,-3.07148,143.744415,-3.115945,-0.029612,0.990726,0.117731,0.061024,-0.877045,129.324722,25.231161,0.314928,0.857712,0.149805,-0.377767,16.44915,130.099518,27.46756,-0.034035,0.109741,0.457132,-0.881946,29.267416,119.495438,9.03351,-0.02835,-0.191521,0.67342,-0.713457,15.582874,139.45314,5.049145,0.06063,0.941913,0.210912,0.254245,-8.687551,85.686722,11.729767,0.071405,0.99381,-0.047099,0.070888,-8.940192,52.935555,-3.787266,-0.056984,0.970555,0.047411,0.229191,-16.008451,6.067023,0.183993,-0.077306,0.937115,-0.116205,0.319899,7.960977,86.362892,20.349352,0.005946,0.879045,-0.188383,0.4379,10.517556,51.53289,30.03521,-0.035838,0.872664,0.018889,0.486638,2.172837,7.347622,45.54063,-0.056984,0.970555,0.047411,0.229191,-9.018137,1.699457,-12.746271,-0.035838,0.872664,0.018889,0.486638,14.597315,2.225327,38.156433
1152,9.6,-0.025082,0.971075,0.027209,0.235889,-0.370018,86.021873,16.037062,-0.034871,0.985217,0.116099,0.121051,-0.84343,93.692307,16.352499,-0.036314,0.990745,0.100142,0.08413,-2.902427,114.333954,21.037909,0.045212,0.998039,0.019218,0.038779,-4.76327,134.812546,25.067827,0.087447,0.978837,-0.183986,-0.019526,-3.324375,149.346558,23.807577,-0.017992,0.934603,0.140455,0.326291,-8.206826,128.90213,23.938837,0.293209,-0.620171,-0.013424,-0.727486,-21.959053,129.91687,13.184985,0.06856,0.174716,-0.472332,-0.861206,-16.23765,121.371391,-9.41609,0.202541,0.29443,-0.54789,-0.756376,-3.074922,143.742661,-3.107692,-0.029874,0.990721,0.117706,0.06103,-0.886918,129.312393,25.234083,0.314795,0.857751,0.149654,-0.377851,16.438704,130.096268,27.471745,-0.034219,0.109724,0.457125,-0.881945,29.258001,119.495056,9.036766,-0.02836,-0.191685,0.673226,-0.713596,15.572554,139.453918,5.057152,0.060587,0.941938,0.210872,0.254197,-8.694231,85.685364,11.727048,0.071369,0.993822,-0.047071,0.070767,-8.945464,52.932579,-3.786609,-0.057085,0.97055,0.047472,0.229173,-16.009672,6.063306,0.183106,-0.077353,0.93712,-0.116165,0.319888,7.954195,86.358391,20.347076,0.00591,0.87902,-0.1884,0.437944,10.515016,51.528252,30.031326,-0.036142,0.872673,0.018813,0.486602,2.171861,7.343552,45.539219,-0.057085,0.97055,0.047472,0.229173,-9.018773,1.698228,-12.747683,-0.036142,0.872673,0.018813,0.486602,14.598292,2.223763,38.15657
1153,9.608333,-0.025056,0.971082,0.02724,0.235861,-0.375475,86.019424,16.03639,-0.035004,0.985199,0.116238,0.121025,-0.848602,93.689842,16.352392,-0.036104,0.990753,0.100181,0.084073,-2.914299,114.335487,21.044203,0.04506,0.998044,0.019374,0.038752,-4.766347,134.814407,25.076576,0.087438,0.978864,-0.183854,-0.019444,-3.332127,149.349243,23.820663,-0.018253,0.9346,0.140336,0.326337,-8.212437,128.905487,23.947515,0.293091,-0.620079,-0.01336,-0.727613,-21.963293,129.910568,13.191,0.068164,0.174579,-0.472377,-0.861241,-16.236128,121.367821,-9.40966,0.201942,0.29395,-0.548128,-0.75655,-3.07232,143.739136,-3.097019,-0.029799,0.99072,0.117747,0.061009,-0.892158,129.312698,25.241634,0.314818,0.857715,0.149478,-0.377983,16.433712,130.093994,27.478292,-0.034334,0.109738,0.457179,-0.881911,29.247326,119.490074,9.04092,-0.028536,-0.191888,0.672753,-0.713981,15.565083,139.450256,5.063739,0.060513,0.941921,0.210968,0.254195,-8.699953,85.683495,11.726841,0.071391,0.993817,-0.047102,0.070805,-8.944345,52.933025,-3.79181,-0.057192,0.970555,0.047286,0.229162,-16.010963,6.064325,0.180354,-0.077341,0.937118,-0.116034,0.319945,7.949004,86.355347,20.345938,0.005826,0.878971,-0.188473,0.438011,10.511561,51.52285,30.02128,-0.036229,0.872677,0.01869,0.486594,2.171185,7.340672,45.53783,-0.057192,0.970555,0.047286,0.229162,-9.019417,1.694791,-12.74858,-0.036229,0.872677,0.01869,0.486594,14.597729,2.219054,38.156639
1154,9.616667,-0.025027,0.971081,0.027238,0.235868,-0.381378,86.017166,16.036123,-0.034909,0.985189,0.116373,0.120999,-0.854057,93.687614,16.352203,-0.036315,0.990745,0.100188,0.084076,-2.91575,114.326477,21.048836,0.045109,0.99804,0.019471,0.038753,-4.776584,134.804688,25.080725,0.087495,0.978925,-0.183499,-0.019469,-3.341024,149.339645,23.8277,-0.018075,0.934552,0.140482,0.32642,-8.22014,128.894302,23.951607,0.293093,-0.620043,-0.013415,-0.727642,-21.969299,129.907303,13.193674,0.068148,0.174631,-0.472348,-0.861247,-16.239994,121.367073,-9.407382,0.201859,0.293995,-0.548125,-0.756557,-3.075293,143.738037,-3.091582,-0.02989,0.990714,0.11774,0.061063,-0.900098,129.304596,25.24608,0.314786,0.857696,0.149609,-0.378,16.42535,130.088821,27.484966,-0.034422,0.109769,0.457093,-0.881948,29.239326,119.489113,9.045426,-0.028863,-0.191856,0.672626,-0.714095,15.553629,139.446838,5.068575,0.060494,0.941937,0.210916,0.254185,-8.705824,85.681778,11.726473,0.071296,0.99384,-0.047037,0.070612,-8.950043,52.929543,-3.788455,-0.057027,0.970582,0.047437,0.229061,-16.006514,6.058973,0.179691,-0.077362,0.937141,-0.115991,0.319889,7.943068,86.352554,20.345774,0.005809,0.878964,-0.18845,0.438036,10.508594,51.519573,30.018543,-0.036263,0.872652,0.018748,0.486633,2.170179,7.336563,45.533791,-0.057027,0.970582,0.047437,0.229061,-9.019155,1.692325,-12.752478,-0.036263,0.872652,0.018748,0.486633,14.597982,2.21693,38.153347
1155,9.625,-0.025029,0.971081,0.027345,0.235854,-0.386533,86.016617,16.035044,-0.034894,0.98518,0.116473,0.120983,-0.859636,93.686966,16.352726,-0.036358,0.990736,0.10026,0.084069,-2.921083,114.324585,21.053562,0.045242,0.998031,0.019625,0.038765,-4.78392,134.802063,25.088253,0.087447,0.978969,-0.183283,-0.019486,-3.344622,149.337036,23.83989,-0.018055,0.934534,0.140513,0.326462,-8.226898,128.891479,23.958366,0.293024,-0.620009,-0.013356,-0.7277,-21.975149,129.905701,13.199377,0.068356,0.174674,-0.472439,-0.861172,-16.243658,121.366013,-9.401335,0.202254,0.294524,-0.54792,-0.756395,-3.085141,143.73999,-3.090199,-0.02989,0.99071,0.117764,0.061093,-0.906882,129.302338,25.252819,0.314726,0.857692,0.149567,-0.378077,16.418446,130.086365,27.492741,-0.03453,0.109782,0.457091,-0.881943,29.231394,119.489075,9.051093,-0.028896,-0.191777,0.672584,-0.714155,15.545386,139.447739,5.075998,0.060551,0.941911,0.210924,0.25426,-8.711101,85.681641,11.72559,0.071216,0.993826,-0.04709,0.07086,-8.957844,52.930153,-3.790873,-0.057124,0.970572,0.04746,0.229073,-16.00819,6.058979,0.181036,-0.077434,0.937128,-0.115958,0.319921,7.938034,86.351585,20.3445,0.005824,0.87899,-0.188479,0.437971,10.508931,51.518856,30.016762,-0.036157,0.872644,0.01882,0.486653,2.169214,7.336884,45.534264,-0.057124,0.970572,0.04746,0.229073,-9.019509,1.693755,-12.750909,-0.036157,0.872644,0.01882,0.486653,14.596674,2.217519,38.153046
1156,9.633333,-0.025065,0.971076,0.027487,0.235857,-0.38895,86.017761,16.033823,-0.035026,0.985159,0.116555,0.121034,-0.863103,93.687973,16.353477,-0.036228,0.990725,0.100389,0.084106,-2.931275,114.329758,21.058126,0.045221,0.99803,0.019722,0.038762,-4.78928,134.806534,25.098551,0.08744,0.978993,-0.183157,-0.0195,-3.350694,149.341843,23.852972,-0.018153,0.934474,0.140592,0.326592,-8.233654,128.897125,23.966848,0.29305,-0.62,-0.013309,-0.727698,-21.978811,129.909744,13.203758,0.068374,0.174676,-0.472457,-0.861161,-16.246733,121.367622,-9.395888,0.202247,0.294541,-0.547889,-0.756413,-3.089075,143.742462,-3.085239,-0.029711,0.990706,0.117848,0.061075,-0.91359,129.305832,25.261711,0.314726,0.857632,0.149583,-0.378206,16.412184,130.083572,27.500353,-0.034598,0.109747,0.45719,-0.881894,29.220312,119.488487,9.054094,-0.028825,-0.191722,0.672539,-0.714215,15.538627,139.450165,5.08257,0.060573,0.941905,0.21093,0.254274,-8.713458,85.682762,11.724259,0.071206,0.993807,-0.047131,0.071106,-8.96139,52.931629,-3.792951,-0.056978,0.970555,0.047528,0.229167,-16.011999,6.060678,0.181141,-0.077457,0.937144,-0.115965,0.319865,7.935558,86.352768,20.343386,0.005813,0.879061,-0.188536,0.437804,10.50843,51.520409,30.016474,-0.03604,0.872705,0.018883,0.486549,2.170133,7.340494,45.540592,-0.056978,0.970555,0.047528,0.229167,-9.02226,1.696364,-12.750533,-0.03604,0.872705,0.018883,0.486549,14.595011,2.220913,38.15519
1157,9.641667,-0.025086,0.97108,0.027623,0.23582,-0.393959,86.01973,16.032972,-0.035153,0.985143,0.116594,0.121097,-0.868895,93.689804,16.354612,-0.036127,0.990706,0.100552,0.084172,-2.94281,114.330139,21.059898,0.045267,0.998026,0.019858,0.038741,-4.797459,134.805862,25.107244,0.087446,0.979027,-0.182961,-0.019604,-3.357722,149.3414,23.86566,-0.018138,0.93443,0.14065,0.326694,-8.242804,128.897476,23.973139,0.293121,-0.619959,-0.013411,-0.727703,-21.985638,129.911743,13.207236,0.068227,0.17465,-0.472344,-0.86124,-16.25115,121.371758,-9.392603,0.201797,0.294207,-0.548189,-0.756445,-3.086881,143.742737,-3.078081,-0.029737,0.9907,0.11791,0.061038,-0.922798,129.304367,25.268894,0.314727,0.857628,0.149689,-0.378173,16.40308,130.083023,27.506426,-0.034645,0.109755,0.457205,-0.881883,29.212397,119.489685,9.059993,-0.028817,-0.191582,0.672448,-0.714339,15.531635,139.451797,5.089285,0.060589,0.941905,0.210893,0.2543,-8.718781,85.684944,11.723998,0.071152,0.993807,-0.047126,0.071158,-8.968065,52.932835,-3.791116,-0.057304,0.970539,0.04756,0.229146,-16.013834,6.061119,0.182564,-0.077557,0.93716,-0.116005,0.31978,7.930865,86.354515,20.341948,0.005899,0.879157,-0.188529,0.437614,10.510336,51.52396,30.019754,-0.036007,0.87271,0.018875,0.486544,2.168536,7.343885,45.541531,-0.057304,0.970539,0.04756,0.229146,-9.021358,1.700217,-12.748787,-0.036007,0.87271,0.018875,0.486544,14.592966,2.223614,38.155849
1158,9.65,-0.025113,0.971079,0.027667,0.235818,-0.399167,86.019424,16.033484,-0.035171,0.985129,0.116694,0.121108,-0.87468,93.689438,16.355682,-0.036146,0.990698,0.10061,0.084193,-2.950007,114.32972,21.065199,0.045318,0.998021,0.019957,0.03876,-4.80573,134.804886,25.114832,0.087452,0.979052,-0.182824,-0.019602,-3.364554,149.34053,23.876205,-0.018251,0.934482,0.140506,0.326601,-8.250767,128.896484,23.9799,0.29319,-0.619854,-0.013621,-0.72776,-21.995586,129.904938,13.215992,0.068372,0.174639,-0.472357,-0.861223,-16.254911,121.371986,-9.38493,0.201953,0.294202,-0.548277,-0.756342,-3.091748,143.743271,-3.075051,-0.029728,0.990689,0.118022,0.061009,-0.930833,129.303558,25.276005,0.314768,0.857612,0.14948,-0.378257,16.395184,130.081787,27.512583,-0.034689,0.109778,0.457338,-0.881809,29.200089,119.483673,9.06583,-0.028678,-0.191557,0.672512,-0.71429,15.524837,139.451218,5.095534,0.060544,0.94192,0.210925,0.25423,-8.723976,85.684326,11.724506,0.071123,0.99381,-0.04712,0.071147,-8.970718,52.932793,-3.791866,-0.057433,0.970531,0.047526,0.229155,-16.013649,6.060624,0.181525,-0.077579,0.937181,-0.115974,0.319725,7.92564,86.354523,20.342463,0.005878,0.879165,-0.188525,0.437599,10.507928,51.523697,30.018559,-0.036072,0.872702,0.018846,0.486554,2.168351,7.343438,45.541008,-0.057433,0.970531,0.047526,0.229155,-9.019658,1.699781,-12.749022,-0.036072,0.872702,0.018846,0.486554,14.593434,2.223397,38.156269
1159,9.658333,-0.025079,0.971083,0.027688,0.235801,-0.404907,86.018265,16.03347,-0.035208,0.98511,0.116828,0.121115,-0.879968,93.688293,16.356106,-0.036114,0.990698,0.100612,0.084207,-2.957573,114.327362,21.071003,0.045296,0.99802,0.020089,0.038736,-4.812018,134.802612,25.120813,0.087461,0.979076,-0.182688,-0.019653,-3.371706,149.338669,23.885984,-0.018312,0.934454,0.140505,0.326677,-8.257423,128.894455,23.985743,0.293137,-0.619853,-0.013539,-0.727784,-22.00042,129.901291,13.219354,0.06866,0.174662,-0.472467,-0.861135,-16.259598,121.367035,-9.381042,0.202604,0.294617,-0.548005,-0.756203,-3.102973,143.743088,-3.0789,-0.029666,0.990691,0.117973,0.061102,-0.937492,129.301025,25.282017,0.31479,0.857573,0.149587,-0.378285,16.388256,130.076797,27.521526,-0.034618,0.109829,0.457357,-0.881796,29.191387,119.48056,9.072466,-0.028716,-0.191523,0.672501,-0.714308,15.517986,139.447708,5.098582,0.060546,0.941945,0.210871,0.254181,-8.729901,85.683884,11.724798,0.071053,0.993811,-0.047082,0.071229,-8.978623,52.930725,-3.788118,-0.057409,0.970531,0.047615,0.229145,-16.015055,6.057277,0.181599,-0.077562,0.937252,-0.115952,0.319527,7.920087,86.352646,20.342142,0.005852,0.879125,-0.188502,0.437689,10.503801,51.521248,30.015791,-0.036084,0.872659,0.018853,0.48663,2.165719,7.340154,45.536663,-0.057409,0.970531,0.047615,0.229145,-9.0215,1.698756,-12.749969,-0.036084,0.872659,0.018853,0.48663,14.592237,2.220519,38.15406
1160,9.666667,-0.025075,0.971095,0.027664,0.235756,-0.411037,86.016304,16.035452,-0.035247,0.985099,0.116908,0.121119,-0.885937,93.686356,16.357767,-0.036098,0.990696,0.100623,0.084227,-2.965627,114.324997,21.075859,0.045245,0.998022,0.020216,0.038685,-4.819543,134.800201,25.126156,0.087556,0.979093,-0.182538,-0.019744,-3.38098,149.336731,23.894909,-0.018321,0.934441,0.140488,0.326721,-8.265103,128.892181,23.990805,0.293205,-0.619744,-0.013558,-0.727849,-22.007082,129.898758,13.223091,0.068543,0.174572,-0.472451,-0.861172,-16.259552,121.364738,-9.37569,0.202266,0.294194,-0.54833,-0.756223,-3.100263,143.739746,-3.074255,-0.029611,0.990695,0.117899,0.061207,-0.945202,129.298477,25.287346,0.314846,0.857522,0.149554,-0.378366,16.380215,130.072098,27.530178,-0.034593,0.10986,0.457467,-0.881736,29.178555,119.474258,9.07871,-0.028685,-0.19153,0.672568,-0.714245,15.510659,139.444382,5.103488,0.060516,0.941939,0.210881,0.254202,-8.736428,85.681854,11.727551,0.071027,0.993807,-0.047047,0.071337,-8.982558,52.928753,-3.785512,-0.057235,0.970539,0.047628,0.229152,-16.016691,6.054631,0.180355,-0.077557,0.937242,-0.115857,0.319594,7.914355,86.350754,20.343351,0.005766,0.879136,-0.188532,0.437656,10.499323,51.5177,30.010717,-0.03609,0.872706,0.018817,0.486548,2.1678,7.337579,45.537888,-0.057235,0.970539,0.047628,0.229152,-9.024687,1.695129,-12.75172,-0.03609,0.872706,0.018817,0.486548,14.592827,2.217074,38.15337
1161,9.675,-0.025035,0.971079,0.027673,0.235823,-0.421027,86.016739,16.037699,-0.035297,0.985078,0.117014,0.121176,-0.895393,93.686813,16.360266,-0.036105,0.990689,0.100638,0.084279,-2.977459,114.319145,21.081182,0.045401,0.998013,0.020255,0.038711,-4.831913,134.794205,25.131973,0.087571,0.979133,-0.182316,-0.019787,-3.38878,149.330399,23.902054,-0.018246,0.93434,0.140566,0.326982,-8.277323,128.8862,23.996063,0.29331,-0.619678,-0.01362,-0.727862,-22.013445,129.897446,13.221314,0.068727,0.174742,-0.472441,-0.861128,-16.261953,121.363365,-9.376439,0.202585,0.294241,-0.548295,-0.756145,-3.105454,143.738937,-3.0723,-0.029696,0.990694,0.1179,0.061176,-0.95756,129.292496,25.293386,0.314797,0.857577,0.149398,-0.378346,16.367813,130.069168,27.535519,-0.034674,0.109937,0.457514,-0.881699,29.168453,119.46949,9.086709,-0.028586,-0.191505,0.67257,-0.714253,15.50318,139.441788,5.110148,0.060493,0.941919,0.210823,0.254329,-8.74587,85.683098,11.728672,0.07097,0.993846,-0.046938,0.070922,-8.989525,52.928001,-3.780229,-0.057303,0.970528,0.047626,0.229181,-16.015989,6.052134,0.178621,-0.07766,0.937262,-0.115777,0.319538,7.903814,86.35038,20.346727,0.005806,0.879148,-0.188513,0.437639,10.498199,51.517139,30.010891,-0.036091,0.872661,0.018793,0.486628,2.164397,7.336372,45.535,-0.057303,0.970528,0.047626,0.229181,-9.022541,1.693139,-12.752845,-0.036091,0.872661,0.018793,0.486628,14.590684,2.215362,38.15295
1162,9.683333,-0.025073,0.971068,0.027878,0.235841,-0.423947,86.016426,16.036488,-0.035405,0.985061,0.117041,0.121253,-0.89963,93.686287,16.361967,-0.036106,0.99067,0.100756,0.084361,-2.986875,114.319542,21.083601,0.04556,0.998002,0.020414,0.038732,-4.842117,134.79361,25.139055,0.087553,0.979154,-0.182199,-0.019884,-3.394462,149.329742,23.913977,-0.018268,0.934261,0.140676,0.327158,-8.287302,128.885849,24.001171,0.293288,-0.619638,-0.013507,-0.727907,-22.019365,129.89859,13.221395,0.069092,0.174902,-0.472546,-0.861008,-16.265265,121.361732,-9.374634,0.203322,0.294859,-0.547937,-0.755965,-3.118157,143.741364,-3.074294,-0.029693,0.990692,0.117938,0.061148,-0.96775,129.291885,25.299746,0.314768,0.8576,0.149242,-0.378378,16.357746,130.068512,27.540913,-0.034957,0.110057,0.45751,-0.881675,29.158079,119.46701,9.092935,-0.028887,-0.191221,0.672585,-0.714304,15.493028,139.441605,5.117403,0.060482,0.941939,0.210762,0.254308,-8.74859,85.683006,11.727065,0.070943,0.993819,-0.046972,0.07131,-8.992974,52.925957,-3.777678,-0.057417,0.970512,0.047718,0.229198,-16.018618,6.050033,0.181872,-0.077708,0.937238,-0.115806,0.319587,7.900696,86.349838,20.345909,0.005779,0.879196,-0.188526,0.437537,10.497128,51.517643,30.013269,-0.036133,0.872725,0.018849,0.486507,2.166887,7.337317,45.540543,-0.057417,0.970512,0.047718,0.229198,-9.023491,1.694572,-12.749873,-0.036133,0.872725,0.018849,0.486507,14.591789,2.218221,38.154842
1163,9.691667,-0.025134,0.97106,0.027958,0.23586,-0.427118,86.020325,16.03747,-0.035537,0.98504,0.117094,0.12134,-0.904,93.690079,16.363916,-0.036,0.990658,0.100845,0.084446,-2.997547,114.323341,21.08707,0.045593,0.997999,0.020678,0.038623,-4.849042,134.796982,25.14641,0.087702,0.979159,-0.182071,-0.020175,-3.401028,149.333725,23.928919,-0.018314,0.934182,0.140793,0.327332,-8.295315,128.890182,24.006836,0.293264,-0.619577,-0.01345,-0.72797,-22.02335,129.903641,13.221988,0.068905,0.174911,-0.472439,-0.86108,-16.265383,121.366379,-9.372915,0.202914,0.294551,-0.548208,-0.755998,-3.11224,143.742569,-3.066032,-0.029614,0.990675,0.118067,0.061203,-0.975859,129.294403,25.306541,0.314922,0.857513,0.149559,-0.378322,16.349571,130.067749,27.549395,-0.034886,0.109922,0.457625,-0.881635,29.147184,119.466576,9.099322,-0.028782,-0.191106,0.672627,-0.714298,15.486217,139.444061,5.128563,0.060489,0.941937,0.210689,0.254374,-8.751535,85.68618,11.727662,0.070891,0.993786,-0.046972,0.071813,-8.996723,52.926964,-3.772511,-0.057623,0.970504,0.047751,0.229176,-16.019539,6.050333,0.183803,-0.077818,0.937228,-0.115812,0.319586,7.8973,86.354477,20.347279,0.005905,0.879294,-0.188508,0.437346,10.50106,51.523613,30.017477,-0.035888,0.872667,0.018943,0.486627,2.164346,7.342782,45.539837,-0.057623,0.970504,0.047751,0.229176,-9.022906,1.697385,-12.747979,-0.035888,0.872667,0.018943,0.486627,14.589369,2.222549,38.155128
1164,9.7,-0.025179,0.971052,0.028103,0.235868,-0.430407,86.020981,16.038578,-0.03563,0.985028,0.117117,0.121381,-0.908488,93.690575,16.36701,-0.036008,0.990649,0.100894,0.08449,-3.006516,114.325867,21.091103,0.045682,0.997991,0.020783,0.038677,-4.858679,134.799057,25.152355,0.087655,0.979185,-0.181953,-0.020146,-3.408027,149.335815,23.938093,-0.018302,0.934096,0.140862,0.327547,-8.304762,128.892334,24.011887,0.293208,-0.619538,-0.013365,-0.728027,-22.027885,129.908112,13.221004,0.068928,0.175006,-0.472421,-0.861069,-16.267427,121.37014,-9.372992,0.202983,0.294692,-0.548098,-0.756005,-3.115182,143.745667,-3.062421,-0.029693,0.990699,0.117753,0.061379,-0.985424,129.296539,25.31226,0.315129,0.857437,0.14965,-0.378286,16.339087,130.072601,27.561272,-0.034697,0.109922,0.457755,-0.881574,29.131592,119.46524,9.111218,-0.028725,-0.191122,0.672618,-0.714306,15.477814,139.444107,5.137171,0.060427,0.941988,0.210683,0.254207,-8.754719,85.686653,11.728575,0.070896,0.993796,-0.046948,0.071688,-8.998576,52.926697,-3.770051,-0.057667,0.970484,0.047816,0.229237,-16.021135,6.049913,0.184862,-0.077843,0.937244,-0.115838,0.319524,7.893904,86.355309,20.348579,0.005924,0.879338,-0.188458,0.437279,10.499355,51.525169,30.020947,-0.036139,0.872669,0.018866,0.486608,2.16432,7.342565,45.539169,-0.057667,0.970484,0.047816,0.229237,-9.022404,1.699234,-12.746547,-0.036139,0.872669,0.018866,0.486608,14.591063,2.224042,38.156158
1165,9.708333,-0.0252,0.971035,0.027971,0.235953,-0.437881,86.022026,16.043673,-0.035661,0.985006,0.117168,0.1215,-0.915829,93.691719,16.37002,-0.03592,0.99064,0.100913,0.084611,-3.01633,114.329758,21.096558,0.045654,0.997986,0.021026,0.038691,-4.865399,134.803055,25.158697,0.087647,0.979192,-0.181912,-0.020235,-3.41575,149.3405,23.951513,-0.01849,0.934019,0.140817,0.327777,-8.31238,128.897064,24.017088,0.292952,-0.619546,-0.013254,-0.728125,-22.029982,129.907364,13.218689,0.068793,0.175083,-0.472412,-0.861069,-16.269892,121.373192,-9.376825,0.20309,0.294795,-0.548021,-0.755992,-3.11783,143.748795,-3.058855,-0.029646,0.990688,0.117847,0.061406,-0.993256,129.299759,25.319117,0.315224,0.857406,0.149687,-0.378263,16.331232,130.073883,27.568922,-0.034553,0.109819,0.457745,-0.881598,29.12162,119.463478,9.119159,-0.028653,-0.191191,0.672645,-0.714264,15.466171,139.441605,5.146168,0.060386,0.941979,0.210717,0.254221,-8.761413,85.686783,11.732244,0.070878,0.993787,-0.046937,0.071834,-9.001582,52.927502,-3.767857,-0.057669,0.970481,0.047809,0.22925,-16.022968,6.050381,0.185155,-0.07792,0.93728,-0.11577,0.319424,7.885651,86.357269,20.355099,0.005984,0.879447,-0.188438,0.437068,10.498886,51.526844,30.024355,-0.036059,0.872682,0.018905,0.486588,2.163402,7.343593,45.540489,-0.057669,0.970481,0.047809,0.22925,-9.023879,1.699523,-12.745995,-0.036059,0.872682,0.018905,0.486588,14.589228,2.224873,38.156086
1166,9.716667,-0.025163,0.971032,0.028102,0.235952,-0.443219,86.017288,16.043434,-0.035729,0.984991,0.117237,0.12154,-0.921085,93.68689,16.371866,-0.035916,0.99064,0.100874,0.084661,-3.025438,114.328918,21.101948,0.045654,0.997986,0.021201,0.038594,-4.874419,134.802551,25.162405,0.087791,0.979215,-0.181691,-0.020465,-3.425231,149.340454,23.960163,-0.018574,0.933907,0.140868,0.328068,-8.321428,128.896576,24.020878,0.292808,-0.619518,-0.013251,-0.728207,-22.032242,129.906189,13.213793,0.069009,0.175359,-0.472479,-0.860959,-16.27039,121.376816,-9.383091,0.203751,0.295464,-0.54757,-0.755879,-3.128296,143.753326,-3.059884,-0.029633,0.990691,0.117797,0.061466,-1.002426,129.299194,25.323618,0.315264,0.857398,0.149514,-0.378315,16.321831,130.072693,27.575413,-0.034573,0.10979,0.457796,-0.881574,29.109016,119.457855,9.125982,-0.028592,-0.191222,0.672636,-0.714267,15.455355,139.437943,5.15484,0.060372,0.941958,0.210713,0.254306,-8.766799,85.683304,11.732,0.070865,0.993775,-0.046941,0.072019,-9.004718,52.923775,-3.767624,-0.057609,0.97046,0.047873,0.229338,-16.025724,6.046531,0.18456,-0.077913,0.937269,-0.1157,0.319485,7.88036,86.351273,20.354866,0.005901,0.879332,-0.188432,0.437303,10.494246,51.519604,30.019426,-0.036281,0.872648,0.018926,0.486632,2.161813,7.33605,45.536324,-0.057609,0.97046,0.047873,0.229338,-9.024875,1.697142,-12.746135,-0.036281,0.872648,0.018926,0.486632,14.590592,2.221117,38.154266
1167,9.725,-0.025367,0.971014,0.028176,0.235999,-0.440354,86.013863,16.045216,-0.035907,0.984971,0.117309,0.121581,-0.921546,93.68325,16.373993,-0.035919,0.990638,0.100862,0.084694,-3.034326,114.32785,21.106888,0.04571,0.997982,0.021278,0.038608,-4.883534,134.801575,25.166775,0.087762,0.979256,-0.181484,-0.020487,-3.432757,149.339508,23.966885,-0.018648,0.933761,0.141097,0.328381,-8.330481,128.895584,24.025146,0.29268,-0.619493,-0.013241,-0.72828,-22.03401,129.907089,13.208999,0.068909,0.175502,-0.472417,-0.860972,-16.270607,121.381691,-9.388997,0.203658,0.295644,-0.54754,-0.755856,-3.128037,143.755249,-3.056345,-0.029493,0.990652,0.118185,0.06141,-1.011563,129.298218,25.328365,0.315244,0.857384,0.149833,-0.378237,16.313225,130.066223,27.577961,-0.034545,0.109589,0.457701,-0.88165,29.103952,119.457878,9.127247,-0.028574,-0.191287,0.672606,-0.714279,15.443974,139.434937,5.163619,0.060392,0.942013,0.210768,0.254049,-8.763324,85.676537,11.73286,0.070904,0.993809,-0.046908,0.071525,-9.005763,52.918877,-3.770643,-0.057635,0.97044,0.047934,0.229407,-16.028233,6.041849,0.181567,-0.077796,0.937313,-0.115687,0.319387,7.882615,86.351196,20.357573,0.005846,0.879386,-0.188435,0.437194,10.489857,51.517986,30.018394,-0.03643,0.872714,0.018828,0.486506,2.163804,7.334483,45.538876,-0.057635,0.97044,0.047934,0.229407,-9.025254,1.694494,-12.748662,-0.03643,0.872714,0.018828,0.486506,14.591411,2.21916,38.155109
1168,9.733333,-0.025348,0.971007,0.028373,0.236005,-0.444562,86.012474,16.044994,-0.035939,0.984963,0.117323,0.121621,-0.926187,93.681702,16.376772,-0.035972,0.990628,0.100901,0.084745,-3.040618,114.326897,21.110147,0.045752,0.99798,0.021395,0.038535,-4.892353,134.80014,25.171358,0.087808,0.97931,-0.181145,-0.020689,-3.440691,149.338257,23.974791,-0.018822,0.933663,0.141212,0.328601,-8.338573,128.89386,24.02891,0.292524,-0.619434,-0.01344,-0.728389,-22.036821,129.902145,13.205782,0.06884,0.175729,-0.472425,-0.860927,-16.270073,121.389664,-9.396217,0.203821,0.29589,-0.547313,-0.75588,-3.131774,143.763275,-3.051649,-0.029564,0.990647,0.118174,0.06148,-1.019842,129.297134,25.332964,0.315361,0.857332,0.149654,-0.378329,16.304497,130.067368,27.585243,-0.034545,0.109495,0.457854,-0.881582,29.088121,119.452164,9.133556,-0.028388,-0.191325,0.672606,-0.714276,15.433164,139.43541,5.17435,0.060598,0.941895,0.210789,0.254419,-8.767495,85.676361,11.732477,0.070724,0.993775,-0.047028,0.07209,-9.017435,52.921165,-3.776106,-0.057806,0.970455,0.047927,0.229301,-16.026014,6.042793,0.184797,-0.0778,0.937242,-0.1157,0.319592,7.878371,86.348595,20.35751,0.005779,0.879415,-0.188428,0.437139,10.483488,51.515652,30.019838,-0.036314,0.872733,0.018993,0.486475,2.164306,7.331798,45.542984,-0.057806,0.970455,0.047927,0.229301,-9.024103,1.696416,-12.746331,-0.036314,0.872733,0.018993,0.486475,14.591056,2.218914,38.156094
1169,9.741667,-0.025452,0.971,0.028439,0.236013,-0.447004,86.013885,16.049429,-0.035991,0.984956,0.117302,0.121684,-0.930427,93.682976,16.381813,-0.036054,0.990614,0.10094,0.08483,-3.047054,114.326385,21.113516,0.045887,0.997973,0.021532,0.03848,-4.902664,134.799042,25.175869,0.087829,0.979365,-0.180809,-0.020927,-3.44739,149.337128,23.983374,-0.018922,0.933572,0.141513,0.328723,-8.347772,128.892334,24.032354,0.292386,-0.619323,-0.013558,-0.728536,-22.043093,129.901443,13.205589,0.068786,0.175868,-0.472409,-0.860912,-16.269693,121.399185,-9.398567,0.203798,0.296149,-0.547306,-0.75579,-3.133412,143.771301,-3.046476,-0.029602,0.990627,0.118317,0.061511,-1.029341,129.296631,25.337795,0.315316,0.857334,0.149796,-0.378306,16.294788,130.067688,27.591436,-0.034426,0.109239,0.457773,-0.881661,29.080688,119.456879,9.138797,-0.028079,-0.191429,0.672764,-0.714111,15.419024,139.43782,5.187327,0.060521,0.94198,0.210742,0.254164,-8.76977,85.676178,11.736711,0.070737,0.993788,-0.046933,0.071971,-9.019597,52.918861,-3.767404,-0.057981,0.970425,0.048063,0.229353,-16.02829,6.039807,0.185207,-0.077928,0.937287,-0.115722,0.319419,7.875763,86.351601,20.362146,0.005915,0.879478,-0.188383,0.43703,10.490747,51.520466,30.028343,-0.036221,0.872713,0.019088,0.486513,2.163994,7.33515,45.543282,-0.057981,0.970425,0.048063,0.229353,-9.02315,1.698742,-12.745964,-0.036221,0.872713,0.019088,0.486513,14.590937,2.223306,38.155994
1170,9.75,-0.025472,0.970982,0.028601,0.236068,-0.451929,86.016167,16.050882,-0.035987,0.984945,0.117325,0.121747,-0.936258,93.685097,16.38559,-0.036139,0.990601,0.10097,0.084905,-3.052869,114.325607,21.117529,0.046083,0.997962,0.021646,0.03847,-4.912439,134.79776,25.180637,0.087687,0.979441,-0.180447,-0.021101,-3.451608,149.335587,23.991642,-0.01898,0.933413,0.141774,0.32906,-8.356409,128.890564,24.036242,0.292092,-0.619283,-0.013523,-0.728689,-22.04389,129.902573,13.199848,0.068507,0.176035,-0.472446,-0.860879,-16.267958,121.408798,-9.406847,0.203712,0.296334,-0.547169,-0.75584,-3.13625,143.780609,-3.04025,-0.029592,0.990619,0.118346,0.061583,-1.038262,129.295959,25.342918,0.315317,0.857295,0.149884,-0.378359,16.285574,130.066299,27.599016,-0.034443,0.109117,0.457789,-0.881667,29.069447,119.458092,9.143485,-0.028008,-0.191499,0.672568,-0.71428,15.407454,139.439316,5.197793,0.060529,0.941975,0.210709,0.254206,-8.774187,85.678848,11.737159,0.070694,0.993772,-0.046953,0.072212,-9.02451,52.920578,-3.764933,-0.058124,0.970415,0.048091,0.229356,-16.030258,6.041131,0.188201,-0.077985,0.937279,-0.115647,0.319458,7.870328,86.353485,20.364607,0.005863,0.879358,-0.188392,0.437269,10.49059,51.521755,30.027203,-0.036196,0.872694,0.019172,0.486547,2.163602,7.336715,45.542801,-0.058124,0.970415,0.048091,0.229356,-9.023578,1.701973,-12.742769,-0.036196,0.872694,0.019172,0.486547,14.591265,2.22665,38.155499
1171,9.758333,-0.025498,0.970979,0.028626,0.236071,-0.457157,86.016113,16.054798,-0.036054,0.984937,0.117316,0.121806,-0.941965,93.684998,16.389782,-0.036148,0.990589,0.101023,0.084976,-3.06162,114.325424,21.120852,0.046192,0.997958,0.021738,0.038395,-4.922042,134.797089,25.185987,0.087679,0.979508,-0.180056,-0.021346,-3.458367,149.334854,23.999683,-0.01915,0.933347,0.141764,0.329242,-8.365769,128.889984,24.040447,0.291961,-0.619147,-0.01368,-0.728855,-22.04883,129.897278,13.19803,0.068464,0.176194,-0.472485,-0.860829,-16.264727,121.41526,-9.410995,0.203729,0.296684,-0.547127,-0.755728,-3.138463,143.786926,-3.036823,-0.029594,0.990617,0.118311,0.061679,-1.047812,129.295334,25.348198,0.31539,0.857227,0.149778,-0.378494,16.27561,130.06546,27.607574,-0.034527,0.10905,0.457901,-0.881614,29.052114,119.454239,9.148664,-0.027988,-0.191431,0.672581,-0.714287,15.394335,139.439636,5.208178,0.060488,0.941989,0.210769,0.254114,-8.779365,85.678436,11.741001,0.070685,0.993789,-0.046926,0.072008,-9.027245,52.921642,-3.764231,-0.058121,0.970397,0.048163,0.229416,-16.031092,6.041822,0.187843,-0.078065,0.937309,-0.115665,0.319341,7.865052,86.35379,20.368593,0.005964,0.879508,-0.18834,0.436988,10.491513,51.523251,30.033821,-0.036117,0.872665,0.019313,0.4866,2.163176,7.336468,45.543732,-0.058121,0.970397,0.048163,0.229416,-9.022823,1.704749,-12.74297,-0.036117,0.872665,0.019313,0.4866,14.591631,2.228822,38.156082
1172,9.766667,-0.025445,0.970965,0.028509,0.23615,-0.466534,86.01577,16.061188,-0.036133,0.984938,0.117232,0.121856,-0.950156,93.684807,16.394579,-0.035983,0.990578,0.101193,0.084974,-3.072506,114.321625,21.120695,0.045987,0.997973,0.021765,0.038232,-4.926655,134.792358,25.193411,0.087703,0.97958,-0.17963,-0.021548,-3.469449,149.330795,24.007418,-0.019418,0.933154,0.141895,0.329716,-8.372192,128.886688,24.045877,0.291653,-0.619126,-0.013684,-0.728995,-22.043985,129.889236,13.188807,0.068173,0.176377,-0.472608,-0.860747,-16.258615,121.417252,-9.423658,0.203731,0.297044,-0.54716,-0.755563,-3.141501,143.791336,-3.034666,-0.029656,0.990605,0.118383,0.06171,-1.054049,129.289383,25.353422,0.315468,0.85714,0.149721,-0.378649,16.269114,130.061325,27.614201,-0.034539,0.108939,0.457987,-0.881582,29.03735,119.448212,9.150661,-0.02798,-0.191509,0.672492,-0.71435,15.381683,139.437317,5.215382,0.060464,0.941939,0.210804,0.254277,-8.788091,85.678589,11.746094,0.070692,0.993788,-0.046866,0.07205,-9.030949,52.922665,-3.761058,-0.058248,0.970377,0.048041,0.229493,-16.035271,6.042409,0.185002,-0.078087,0.937301,-0.115454,0.319436,7.855023,86.352959,20.37628,0.005868,0.879425,-0.188355,0.437149,10.486984,51.519131,30.02817,-0.036467,0.872682,0.019181,0.486548,2.163197,7.33276,45.541698,-0.058248,0.970377,0.048041,0.229493,-9.023797,1.702966,-12.74328,-0.036467,0.872682,0.019181,0.486548,14.593503,2.226857,38.155949
1173,9.775,-0.025403,0.970964,0.028437,0.236166,-0.473424,86.013748,16.06584,-0.036212,0.984925,0.117291,0.121882,-0.956159,93.682877,16.398302,-0.036067,0.990575,0.101165,0.085009,-3.081795,114.314613,21.125372,0.046261,0.997959,0.021994,0.038121,-4.939465,134.785324,25.196579,0.087636,0.979662,-0.179172,-0.021905,-3.474876,149.323578,24.017382,-0.019701,0.933006,0.141908,0.330111,-8.383987,128.879044,24.049126,0.291634,-0.618922,-0.014062,-0.729169,-22.046259,129.874557,13.179445,0.067819,0.176576,-0.472647,-0.860713,-16.248852,121.419945,-9.436428,0.203193,0.296892,-0.54748,-0.755535,-3.136945,143.793106,-3.029624,-0.029679,0.990609,0.118305,0.061781,-1.066025,129.282959,25.357294,0.315505,0.857088,0.149719,-0.378737,16.256777,130.055588,27.620537,-0.034583,0.108877,0.458059,-0.881551,29.020557,119.442352,9.153988,-0.028022,-0.191616,0.672474,-0.714337,15.36742,139.434082,5.222663,0.060489,0.941918,0.210794,0.254357,-8.794874,85.677025,11.750509,0.070631,0.993794,-0.046803,0.07207,-9.03831,52.920998,-3.756419,-0.058336,0.970372,0.048051,0.229491,-16.036516,6.039363,0.184065,-0.078149,0.937324,-0.115404,0.319371,7.848026,86.350471,20.381168,0.005909,0.879483,-0.18831,0.437052,10.486024,51.51651,30.030907,-0.036399,0.872678,0.019207,0.486559,2.162365,7.328591,45.540085,-0.058336,0.970372,0.048051,0.229491,-9.024206,1.7009,-12.744087,-0.036399,0.872678,0.019207,0.486559,14.592317,2.222355,38.153984
1174,9.783333,-0.025421,0.970953,0.02849,0.236203,-0.477765,86.012566,16.069719,-0.036274,0.984906,0.117314,0.121991,-0.960971,93.681633,16.402882,-0.036176,0.990566,0.101089,0.085154,-3.089925,114.313797,21.13052,0.046501,0.997944,0.022258,0.038072,-4.952464,134.784836,25.197903,0.087604,0.97975,-0.178665,-0.02224,-3.481308,149.323044,24.026594,-0.019868,0.932811,0.142012,0.330608,-8.395592,128.877762,24.050293,0.291674,-0.618788,-0.01407,-0.729267,-22.046158,129.871643,13.165757,0.067976,0.176909,-0.472847,-0.860522,-16.240519,121.418083,-9.448406,0.203519,0.297681,-0.547334,-0.755243,-3.145614,143.797363,-3.033055,-0.029627,0.990609,0.118307,0.061799,-1.078113,129.283173,25.360716,0.315581,0.85706,0.149513,-0.378816,16.244722,130.053925,27.624369,-0.034693,0.108872,0.45821,-0.881468,29.003113,119.43457,9.15761,-0.028068,-0.191761,0.672436,-0.714332,15.356299,139.43219,5.229556,0.060494,0.941923,0.210756,0.254367,-8.798873,85.675774,11.753731,0.070604,0.993805,-0.046727,0.071999,-9.04325,52.918659,-3.750886,-0.058262,0.970357,0.048153,0.229554,-16.038143,6.035981,0.183081,-0.078161,0.937322,-0.115326,0.319404,7.843343,86.349358,20.385708,0.005893,0.879501,-0.188311,0.437016,10.483703,51.514225,30.030594,-0.036465,0.872686,0.01919,0.48654,2.162022,7.326323,45.540886,-0.058262,0.970357,0.048153,0.229554,-9.024845,1.69991,-12.745343,-0.036465,0.872686,0.01919,0.48654,14.592216,2.220605,38.154823
1175,9.791667,-0.025516,0.970942,0.028551,0.236232,-0.480979,86.013016,16.073469,-0.036358,0.984896,0.117287,0.122069,-0.965843,93.681953,16.407177,-0.036221,0.990551,0.101148,0.085243,-3.098485,114.313255,21.132915,0.046564,0.997943,0.022484,0.037886,-4.963434,134.783646,25.202393,0.087716,0.979836,-0.178082,-0.022698,-3.491229,149.322266,24.03743,-0.020078,0.93267,0.142018,0.330989,-8.40587,128.87645,24.053444,0.291579,-0.618598,-0.014107,-0.729466,-22.047319,129.865524,13.15705,0.067668,0.177036,-0.473014,-0.860428,-16.230045,121.419098,-9.456785,0.203303,0.29749,-0.547694,-0.755115,-3.14476,143.803299,-3.028703,-0.029503,0.990609,0.118256,0.061955,-1.088667,129.282288,25.365263,0.315613,0.85697,0.149744,-0.378903,16.233751,130.048218,27.633766,-0.034552,0.108647,0.458262,-0.881475,28.987896,119.433952,9.161152,-0.027821,-0.191879,0.672638,-0.71412,15.341311,139.432327,5.239799,0.060527,0.941932,0.21076,0.254323,-8.801738,85.674774,11.756922,0.070569,0.993803,-0.046712,0.072071,-9.04899,52.91806,-3.748498,-0.058426,0.970335,0.048183,0.229596,-16.040798,6.03478,0.183842,-0.078139,0.937315,-0.115223,0.319466,7.839779,86.351265,20.390017,0.005824,0.879454,-0.188325,0.437105,10.48048,51.514172,30.027712,-0.036433,0.872685,0.019255,0.486542,2.162408,7.326695,45.541172,-0.058426,0.970335,0.048183,0.229596,-9.024738,1.700891,-12.743813,-0.036433,0.872685,0.019255,0.486542,14.592629,2.222149,38.15435
1176,9.8,-0.02559,0.97093,0.028633,0.236265,-0.485302,86.015167,16.077719,-0.036424,0.984892,0.117241,0.122131,-0.97158,93.683983,16.412376,-0.036243,0.99054,0.101186,0.085309,-3.10676,114.312866,21.135075,0.046657,0.997938,0.022915,0.037645,-4.973043,134.782867,25.205908,0.087799,0.979927,-0.177466,-0.02326,-3.499291,149.322327,24.053219,-0.020404,0.932537,0.142103,0.331307,-8.415097,128.87561,24.056038,0.291613,-0.618414,-0.014165,-0.729606,-22.048721,129.856735,13.149137,0.067945,0.177305,-0.47333,-0.860177,-16.220263,121.414139,-9.463246,0.203993,0.298246,-0.54756,-0.754728,-3.156929,143.808731,-3.033715,-0.029512,0.990596,0.118348,0.061994,-1.098084,129.281647,25.368864,0.315825,0.85684,0.150056,-0.378897,16.224146,130.047485,27.638805,-0.034507,0.108411,0.458284,-0.881494,28.971857,119.432022,9.162442,-0.027981,-0.191735,0.67286,-0.713942,15.322971,139.432343,5.249966,0.060596,0.941909,0.210706,0.254438,-8.805699,85.675972,11.760553,0.070515,0.993802,-0.046669,0.07216,-9.056816,52.918201,-3.742573,-0.058498,0.970314,0.048237,0.229655,-16.043594,6.033814,0.185452,-0.078172,0.937268,-0.115146,0.319624,7.835096,86.35437,20.394882,0.005743,0.879339,-0.188315,0.437342,10.478201,51.516354,30.028585,-0.036455,0.872676,0.019305,0.486555,2.163164,7.328424,45.542343,-0.058498,0.970314,0.048237,0.229655,-9.025213,1.702122,-12.741676,-0.036455,0.872676,0.019305,0.486555,14.594028,2.225447,38.155521
1177,9.808333,-0.025677,0.97093,0.028716,0.236245,-0.487697,86.015579,16.081127,-0.036538,0.98488,0.11719,0.122237,-0.975558,93.68425,16.416702,-0.036228,0.990528,0.101201,0.085443,-3.116087,114.316261,21.137165,0.046755,0.997934,0.023137,0.037513,-4.982348,134.786194,25.20842,0.087903,0.980034,-0.176768,-0.023658,-3.506357,149.325912,24.06212,-0.020755,0.93244,0.142013,0.331599,-8.424416,128.879166,24.057377,0.291709,-0.618182,-0.014117,-0.729765,-22.050766,129.849274,13.140408,0.067963,0.177393,-0.473619,-0.859999,-16.207993,121.405449,-9.467821,0.203963,0.298581,-0.547807,-0.754424,-3.160924,143.80925,-3.037524,-0.029386,0.990593,0.118366,0.062063,-1.107728,129.284744,25.372154,0.316059,0.856713,0.150358,-0.378871,16.214462,130.045898,27.643972,-0.034354,0.108183,0.458421,-0.881457,28.955835,119.428001,9.164636,-0.027908,-0.191857,0.672867,-0.713906,15.311557,139.430969,5.259264,0.060643,0.941938,0.210677,0.254342,-8.808189,85.675156,11.764241,0.070446,0.993802,-0.046642,0.072249,-9.064631,52.916908,-3.737796,-0.058461,0.970314,0.048382,0.229635,-16.045151,6.03137,0.187587,-0.078214,0.93731,-0.11519,0.319475,7.832795,86.35601,20.398014,0.005906,0.879547,-0.188258,0.436946,10.479209,51.519203,30.035179,-0.036389,0.872632,0.019397,0.486634,2.159899,7.329404,45.541351,-0.058461,0.970314,0.048382,0.229635,-9.02755,1.703459,-12.741232,-0.036389,0.872632,0.019397,0.486634,14.591893,2.227816,38.155472
1178,9.816667,-0.025679,0.970933,0.028676,0.236236,-0.49312,86.015472,16.086281,-0.036591,0.984869,0.117161,0.122342,-0.98087,93.684174,16.421261,-0.036352,0.990511,0.101197,0.085595,-3.123887,114.31543,21.13979,0.046986,0.99792,0.023408,0.037421,-4.995909,134.785004,25.210131,0.087928,0.980156,-0.176023,-0.024063,-3.513758,149.324722,24.071838,-0.021052,0.932266,0.142078,0.33204,-8.436321,128.877228,24.058039,0.291899,-0.617849,-0.013931,-0.729975,-22.051992,129.840775,13.127163,0.068076,0.177528,-0.474007,-0.859748,-16.188536,121.389351,-9.472889,0.204143,0.298761,-0.548048,-0.754129,-3.164017,143.805634,-3.043173,-0.029524,0.990623,0.118025,0.062168,-1.120155,129.284409,25.375223,0.316429,0.856573,0.150053,-0.378999,16.201296,130.05069,27.650988,-0.034216,0.108161,0.458754,-0.881292,28.926218,119.414436,9.170863,-0.02791,-0.192076,0.673044,-0.71368,15.296249,139.427887,5.264645,0.060597,0.941941,0.210676,0.254344,-8.813691,85.674828,11.769559,0.070448,0.993814,-0.04656,0.072135,-9.067027,52.916157,-3.731622,-0.058661,0.970295,0.048349,0.229673,-16.046698,6.029907,0.18676,-0.078287,0.937358,-0.115172,0.319321,7.827452,86.356125,20.403,0.005989,0.879688,-0.188222,0.436676,10.480838,51.519859,30.040207,-0.036477,0.872661,0.01932,0.486579,2.160775,7.328892,45.542629,-0.058661,0.970295,0.048349,0.229673,-9.026122,1.702672,-12.740676,-0.036477,0.872661,0.01932,0.486579,14.592327,2.226616,38.156475
1179,9.825,-0.025763,0.97093,0.028622,0.236246,-0.498623,86.012505,16.092152,-0.036738,0.984848,0.11717,0.122461,-0.987427,93.681183,16.426025,-0.036282,0.990505,0.101157,0.085734,-3.137327,114.313232,21.144199,0.047157,0.997911,0.023679,0.037283,-5.006861,134.783371,25.212887,0.087937,0.980291,-0.175202,-0.024504,-3.52041,149.323273,24.082443,-0.021354,0.932197,0.141717,0.33237,-8.447997,128.876129,24.060219,0.292417,-0.617545,-0.014148,-0.730021,-22.055561,129.827271,13.118177,0.068413,0.177694,-0.474252,-0.859552,-16.173717,121.372269,-9.475745,0.204242,0.298923,-0.548415,-0.753771,-3.16606,143.796402,-3.050319,-0.029542,0.990623,0.118037,0.062141,-1.13211,129.282089,25.379314,0.316816,0.856391,0.150175,-0.379039,16.189417,130.049072,27.654213,-0.033807,0.10775,0.458972,-0.881244,28.900665,119.40184,9.171015,-0.027522,-0.192356,0.673628,-0.713068,15.276504,139.420364,5.274056,0.060508,0.941979,0.210742,0.254171,-8.819024,85.670105,11.775247,0.070479,0.993806,-0.046535,0.072229,-9.067822,52.912666,-3.728607,-0.058543,0.970271,0.048395,0.229793,-16.050669,6.02662,0.186587,-0.078233,0.937348,-0.115001,0.319425,7.821777,86.354904,20.409056,0.005861,0.879602,-0.188232,0.436846,10.47451,51.515175,30.033897,-0.036471,0.872658,0.019339,0.486585,2.161772,7.3244,45.540798,-0.058543,0.970271,0.048395,0.229793,-9.028097,1.699954,-12.739949,-0.036471,0.872658,0.019339,0.486585,14.593453,2.222535,38.154583
1180,9.833333,-0.025775,0.970929,0.028577,0.236253,-0.50438,86.011452,16.096222,-0.036841,0.984836,0.117208,0.122484,-0.993214,93.680161,16.429373,-0.03625,0.990506,0.101147,0.085752,-3.147755,114.311722,21.148535,0.047249,0.997909,0.023953,0.037028,-5.015987,134.782043,25.216902,0.087947,0.98044,-0.17429,-0.025026,-3.527894,149.322372,24.094145,-0.021893,0.932087,0.141569,0.332705,-8.4575,128.875015,24.064207,0.29269,-0.617231,-0.014171,-0.730176,-22.056448,129.808655,13.109959,0.068652,0.17773,-0.474607,-0.85933,-16.155437,121.350769,-9.47788,0.204508,0.299088,-0.548851,-0.753316,-3.166859,143.787201,-3.060545,-0.029469,0.990639,0.117902,0.062166,-1.141624,129.280502,25.383514,0.317153,0.856228,0.150008,-0.37919,16.179941,130.045181,27.658875,-0.033742,0.107739,0.459291,-0.881082,28.87488,119.384125,9.172429,-0.027576,-0.192429,0.673581,-0.713092,15.264191,139.413528,5.27568,0.060506,0.941977,0.210722,0.254193,-8.8247,85.668625,11.779198,0.070445,0.99381,-0.046462,0.072258,-9.073426,52.91058,-3.723385,-0.058739,0.970252,0.048402,0.229823,-16.052704,6.023428,0.184945,-0.078275,0.937304,-0.114929,0.31957,7.815941,86.354279,20.413246,0.005814,0.879511,-0.188173,0.437055,10.471691,51.513821,30.034616,-0.036409,0.872616,0.019373,0.486662,2.16165,7.320893,45.536827,-0.058739,0.970252,0.048402,0.229823,-9.027364,1.698508,-12.740671,-0.036409,0.872616,0.019373,0.486662,14.59421,2.219014,38.152103
1181,9.841667,-0.025838,0.970926,0.02859,0.236256,-0.509511,86.012009,16.099382,-0.036846,0.984829,0.117202,0.122544,-0.999325,93.680664,16.432493,-0.036351,0.990495,0.101134,0.085846,-3.15394,114.308609,21.15045,0.047423,0.997899,0.024329,0.036847,-5.026716,134.778732,25.217741,0.08798,0.980606,-0.173264,-0.025516,-3.534447,149.319458,24.105825,-0.02221,0.931982,0.141504,0.333005,-8.466922,128.871048,24.064529,0.29305,-0.616908,-0.014058,-0.730307,-22.058395,129.795151,13.100186,0.068978,0.17777,-0.474997,-0.85908,-16.137377,121.32695,-9.478559,0.204854,0.299219,-0.54919,-0.752923,-3.169596,143.777756,-3.071602,-0.029241,0.99062,0.118105,0.062188,-1.151393,129.277893,25.385347,0.317219,0.856157,0.150057,-0.379277,16.170549,130.034119,27.660709,-0.03375,0.107613,0.459412,-0.881034,28.860128,119.372978,9.170626,-0.027455,-0.192455,0.673723,-0.712955,15.252333,139.408173,5.279609,0.060473,0.942002,0.210693,0.254135,-8.829746,85.668106,11.782273,0.070399,0.993824,-0.046402,0.072138,-9.07776,52.908863,-3.717801,-0.058745,0.970251,0.048489,0.229807,-16.05183,6.020561,0.186037,-0.078303,0.937304,-0.114855,0.319589,7.810725,86.355919,20.416492,0.005755,0.879479,-0.188195,0.437112,10.469994,51.514553,30.033606,-0.036603,0.872673,0.019254,0.48655,2.162933,7.32235,45.539494,-0.058745,0.970251,0.048489,0.229807,-9.026802,1.698146,-12.740591,-0.036603,0.872673,0.019254,0.48655,14.594904,2.220259,38.153923
1182,9.85,-0.025881,0.970919,0.028666,0.236273,-0.513721,86.013252,16.101755,-0.036592,0.984836,0.117114,0.122656,-1.004466,93.681801,16.435837,-0.036787,0.990463,0.101114,0.086063,-3.147974,114.305862,21.150038,0.04752,0.997886,0.024701,0.036818,-5.03963,134.774826,25.214449,0.088039,0.980792,-0.17213,-0.025837,-3.54499,149.316147,24.113447,-0.022473,0.931947,0.141357,0.333148,-8.474396,128.864212,24.059975,0.293374,-0.616551,-0.013908,-0.730482,-22.062138,129.778763,13.090205,0.069319,0.177772,-0.475417,-0.858819,-16.119041,121.300529,-9.478974,0.205211,0.299436,-0.549562,-0.752468,-3.172864,143.766876,-3.08475,-0.029231,0.990613,0.118117,0.06229,-1.159897,129.277176,25.384602,0.317478,0.856032,0.150113,-0.379318,16.161627,130.032578,27.663443,-0.033458,0.10737,0.459571,-0.880992,28.841496,119.363724,9.171146,-0.027075,-0.192457,0.674104,-0.712608,15.237568,139.404022,5.284274,0.06046,0.942006,0.210626,0.254176,-8.833771,85.668907,11.784321,0.070354,0.993822,-0.046357,0.072244,-9.0815,52.907501,-3.71118,-0.058684,0.97025,0.048621,0.2298,-16.051466,6.018198,0.187935,-0.07834,0.937303,-0.114816,0.319599,7.806328,86.357597,20.419189,0.005716,0.879436,-0.188191,0.437199,10.468913,51.516003,30.034559,-0.036631,0.872673,0.019298,0.486547,2.163738,7.323608,45.540905,-0.058684,0.97025,0.048621,0.2298,-9.027119,1.699057,-12.740159,-0.036631,0.872673,0.019298,0.486547,14.596107,2.223004,38.154972
1183,9.858333,-0.025986,0.970914,0.028769,0.23627,-0.516373,86.01329,16.105059,-0.03666,0.984825,0.117118,0.122713,-1.009055,93.681671,16.440289,-0.036897,0.99045,0.10112,0.086149,-3.155693,114.305283,21.154108,0.047846,0.997864,0.025092,0.03673,-5.052283,134.773849,25.218206,0.087915,0.980973,-0.171106,-0.0262,-3.548775,149.315125,24.128817,-0.02295,0.931875,0.14111,0.333422,-8.485628,128.862549,24.063046,0.293851,-0.616207,-0.013903,-0.73058,-22.066217,129.760071,13.083023,0.069776,0.177759,-0.475803,-0.858571,-16.102074,121.272133,-9.476951,0.205623,0.299535,-0.54995,-0.752032,-3.175399,143.753922,-3.098755,-0.029388,0.990644,0.117796,0.06233,-1.171472,129.276978,25.389099,0.317907,0.855898,0.149787,-0.379392,16.149553,130.038422,27.669704,-0.03307,0.107361,0.459907,-0.880832,28.813112,119.34787,9.178756,-0.02672,-0.192554,0.674267,-0.712442,15.225133,139.395706,5.285199,0.060499,0.941999,0.210619,0.254201,-8.836341,85.667488,11.787589,0.0703,0.993806,-0.046356,0.072524,-9.086468,52.906227,-3.70817,-0.058684,0.970227,0.048743,0.229867,-16.052416,6.016186,0.18927,-0.0784,0.937289,-0.114778,0.319638,7.803595,86.359093,20.422529,0.005743,0.879475,-0.188197,0.437119,10.470693,51.517532,30.036779,-0.036497,0.872694,0.019359,0.486518,2.164464,7.325381,45.543247,-0.058684,0.970227,0.048743,0.229867,-9.026203,1.7006,-12.738994,-0.036497,0.872694,0.019359,0.486518,14.595345,2.224334,38.155113
1184,9.866667,-0.026008,0.970909,0.028702,0.236295,-0.523814,86.011948,16.110342,-0.037007,0.984793,0.117229,0.12276,-1.016592,93.680367,16.444481,-0.03665,0.990469,0.101029,0.086151,-3.179003,114.306259,21.161928,0.04812,0.997846,0.025566,0.036523,-5.065071,134.776352,25.223211,0.087863,0.981131,-0.170153,-0.026662,-3.554662,149.317947,24.147594,-0.023572,0.93177,0.140647,0.333867,-8.501453,128.866638,24.069033,0.2944,-0.615715,-0.0137,-0.730778,-22.070641,129.740768,13.073042,0.070244,0.177723,-0.476353,-0.858236,-16.076113,121.235977,-9.472522,0.205976,0.299596,-0.550332,-0.751632,-3.177403,143.73761,-3.113467,-0.029176,0.990666,0.11767,0.06231,-1.187034,129.277557,25.39472,0.31806,0.85584,0.149592,-0.379471,16.134508,130.031998,27.673704,-0.032941,0.107418,0.460103,-0.880728,28.790224,119.332764,9.182416,-0.026526,-0.19253,0.674487,-0.712247,15.21149,139.386444,5.284287,0.060429,0.941988,0.210664,0.254221,-8.843538,85.665459,11.792459,0.07029,0.993812,-0.046323,0.072465,-9.087694,52.904953,-3.704995,-0.058801,0.970225,0.04877,0.229841,-16.05232,6.014505,0.189889,-0.078437,0.937305,-0.114692,0.319613,7.79591,86.358437,20.428226,0.005729,0.879481,-0.188169,0.437119,10.467853,51.515865,30.037472,-0.03661,0.872697,0.019347,0.486502,2.163941,7.322711,45.542313,-0.058801,0.970225,0.04877,0.229841,-9.025598,1.700576,-12.738648,-0.03661,0.872697,0.019347,0.486502,14.595589,2.223011,38.154541
1185,9.875,-0.026035,0.97091,0.028646,0.236295,-0.530286,86.009895,16.115698,-0.037072,0.984789,0.117208,0.122795,-1.023261,93.678337,16.44891,-0.036687,0.990465,0.101013,0.086198,-3.188331,114.302971,21.164806,0.048216,0.997837,0.026068,0.036289,-5.076051,134.773087,25.225201,0.087965,0.981295,-0.169071,-0.027173,-3.56402,149.315567,24.163963,-0.024051,0.93193,0.139936,0.333685,-8.511957,128.863113,24.070877,0.294984,-0.615212,-0.01373,-0.730965,-22.084597,129.712311,13.07719,0.070943,0.177471,-0.476747,-0.858011,-16.059391,121.19825,-9.456698,0.206293,0.299786,-0.550785,-0.751137,-3.177692,143.714859,-3.131413,-0.029242,0.99069,0.117408,0.062399,-1.197696,129.274521,25.397289,0.31853,0.855657,0.14979,-0.379412,16.123325,130.031479,27.679405,-0.032425,0.107359,0.460332,-0.880634,28.766441,119.318451,9.187484,-0.0263,-0.192417,0.674705,-0.712079,15.198586,139.375336,5.281463,0.060516,0.941886,0.210803,0.254461,-8.849987,85.662674,11.797826,0.070226,0.993797,-0.046391,0.072686,-9.093412,52.907188,-3.710251,-0.058816,0.970235,0.048656,0.229822,-16.053301,6.016475,0.189974,-0.078422,0.937294,-0.114536,0.319707,7.789415,86.357117,20.433571,0.005647,0.879406,-0.188174,0.437268,10.463079,51.511776,30.032291,-0.036613,0.872686,0.019366,0.486523,2.163205,7.318708,45.539551,-0.058816,0.970235,0.048656,0.229822,-9.027027,1.699383,-12.737754,-0.036613,0.872686,0.019366,0.486523,14.595312,2.219533,38.152195
1186,9.883333,-0.026011,0.970907,0.028565,0.236319,-0.538539,86.006248,16.120678,-0.037122,0.98478,0.117235,0.122829,-1.030874,93.674782,16.452751,-0.036725,0.990469,0.100918,0.08624,-3.198124,114.297333,21.169037,0.04825,0.997832,0.026361,0.036162,-5.087261,134.768127,25.225302,0.088051,0.981488,-0.167857,-0.027435,-3.574873,149.311172,24.172428,-0.024683,0.93186,0.139677,0.333944,-8.522759,128.857773,24.071779,0.295665,-0.614805,-0.013763,-0.731032,-22.08828,129.684677,13.067618,0.071317,0.177365,-0.477134,-0.857787,-16.038244,121.157013,-9.454463,0.206372,0.29934,-0.551512,-0.75076,-3.172444,143.69194,-3.146287,-0.029096,0.990705,0.117314,0.062406,-1.208651,129.269806,25.39883,0.318809,0.855524,0.149445,-0.379613,16.112631,130.021896,27.680536,-0.032339,0.107399,0.460643,-0.88047,28.739304,119.294121,9.185942,-0.026147,-0.19228,0.674964,-0.711877,15.185679,139.360733,5.277487,0.060293,0.941963,0.210794,0.254239,-8.858042,85.659119,11.802424,0.070321,0.993828,-0.046239,0.072272,-9.090119,52.901375,-3.701061,-0.058929,0.9702,0.048726,0.229925,-16.056299,6.010592,0.18704,-0.078497,0.937322,-0.114485,0.319624,7.780965,86.353378,20.438932,0.005707,0.879486,-0.188129,0.437127,10.461734,51.508057,30.035719,-0.036747,0.872684,0.019344,0.486517,2.161209,7.313437,45.5382,-0.058929,0.9702,0.048726,0.229925,-9.026128,1.696506,-12.739568,-0.036747,0.872684,0.019344,0.486517,14.594385,2.215665,38.151688
1187,9.891667,-0.026073,0.9709,0.028547,0.236345,-0.543681,86.00351,16.124666,-0.037248,0.984768,0.117238,0.122884,-1.03688,93.672005,16.456232,-0.036725,0.990469,0.100874,0.086297,-3.209428,114.291718,21.171278,0.048134,0.997833,0.02688,0.035914,-5.09864,134.762894,25.225609,0.088321,0.981659,-0.166638,-0.02789,-3.590823,149.307465,24.187361,-0.025382,0.931567,0.139738,0.334681,-8.53412,128.852509,24.07218,0.296192,-0.614506,-0.013416,-0.731076,-22.081179,129.661194,13.043941,0.071673,0.177443,-0.477631,-0.857465,-16.012409,121.109299,-9.463908,0.206715,0.299439,-0.551846,-0.75038,-3.173035,143.663116,-3.166033,-0.029063,0.990712,0.11724,0.062453,-1.220157,129.264496,25.400049,0.319159,0.855396,0.149214,-0.379699,16.100994,130.015427,27.683174,-0.032138,0.107459,0.460954,-0.880307,28.713379,119.271126,9.188424,-0.025981,-0.192197,0.675056,-0.711817,15.174598,139.346344,5.274236,0.060309,0.941941,0.210861,0.254261,-8.862896,85.655182,11.805947,0.070268,0.993832,-0.046249,0.072256,-9.094422,52.899647,-3.702198,-0.058845,0.970213,0.048777,0.22988,-16.055632,6.008241,0.187302,-0.078506,0.937339,-0.114453,0.319583,7.775534,86.35183,20.443384,0.005696,0.879446,-0.188068,0.437233,10.458094,51.506077,30.038113,-0.036645,0.872618,0.019472,0.486638,2.1591,7.309255,45.53513,-0.058845,0.970213,0.048777,0.22988,-9.027465,1.694899,-12.740648,-0.036645,0.872618,0.019472,0.486638,14.593943,2.213281,38.150169
1188,9.9,-0.026164,0.970876,0.028626,0.236424,-0.548496,86.001244,16.127213,-0.037231,0.984755,0.11724,0.122988,-1.043371,93.669601,16.459583,-0.036835,0.990457,0.100839,0.086429,-3.215521,114.287338,21.174107,0.048225,0.997821,0.027433,0.035706,-5.109745,134.758469,25.226324,0.088418,0.981847,-0.165377,-0.02844,-3.600385,149.304016,24.203985,-0.026116,0.931518,0.139368,0.334917,-8.543783,128.847351,24.072357,0.296696,-0.61407,-0.013147,-0.731243,-22.084,129.628998,13.03377,0.072205,0.177276,-0.478148,-0.857166,-15.988273,121.058479,-9.459713,0.207082,0.299598,-0.552148,-0.749993,-3.172006,143.633057,-3.187764,-0.02895,0.99072,0.117201,0.062455,-1.23028,129.260834,25.402304,0.319505,0.855271,0.149452,-0.379595,16.091093,130.007935,27.685005,-0.031778,0.107374,0.461061,-0.880275,28.69643,119.254601,9.190681,-0.025776,-0.19191,0.675086,-0.711874,15.16278,139.329956,5.272658,0.060293,0.941935,0.210916,0.254239,-8.866925,85.651657,11.807079,0.070235,0.993815,-0.046296,0.072495,-9.096662,52.897667,-3.704353,-0.058917,0.970204,0.048833,0.229887,-16.056049,6.006244,0.188101,-0.078554,0.937339,-0.114386,0.319594,7.769933,86.350822,20.447346,0.005697,0.879601,-0.188128,0.436895,10.457227,51.504498,30.038681,-0.036687,0.872724,0.019488,0.486444,2.161673,7.309824,45.543678,-0.058917,0.970204,0.048833,0.229887,-9.026935,1.695056,-12.740051,-0.036687,0.872724,0.019488,0.486444,14.593707,2.214731,38.153381
1189,9.908333,-0.026239,0.970861,0.028685,0.23647,-0.554003,86.00116,16.129902,-0.03716,0.984745,0.11727,0.12306,-1.050224,93.669403,16.462851,-0.03713,0.99044,0.100785,0.086557,-3.218889,114.277519,21.176676,0.048721,0.99778,0.028004,0.035731,-5.125657,134.748199,25.225348,0.088196,0.982058,-0.164191,-0.028709,-3.602339,149.293488,24.220207,-0.026623,0.93143,0.1391,0.335233,-8.556076,128.835022,24.071131,0.297415,-0.613599,-0.012952,-0.73135,-22.08794,129.598648,13.021055,0.073253,0.17739,-0.478718,-0.856736,-15.963244,121.006165,-9.456165,0.208393,0.300143,-0.55229,-0.749308,-3.178936,143.605042,-3.212401,-0.028647,0.990724,0.117193,0.062546,-1.243229,129.252701,25.403357,0.319706,0.855133,0.149765,-0.379614,16.078354,129.988953,27.687967,-0.031562,0.107314,0.461211,-0.880211,28.676584,119.235336,9.188988,-0.025679,-0.191825,0.675173,-0.711818,15.148832,139.31485,5.269185,0.060294,0.941917,0.210934,0.254289,-8.871947,85.650505,11.808928,0.070177,0.993816,-0.046313,0.072528,-9.100511,52.897072,-3.703713,-0.058962,0.970207,0.048911,0.229848,-16.054663,6.005016,0.190596,-0.078666,0.937325,-0.114343,0.319625,7.763942,86.351814,20.450874,0.005696,0.879514,-0.188112,0.437078,10.45956,51.506065,30.041965,-0.036684,0.872706,0.019568,0.486474,2.161474,7.310829,45.544006,-0.058962,0.970207,0.048911,0.229848,-9.026045,1.696351,-12.738665,-0.036684,0.872706,0.019568,0.486474,14.594349,2.217701,38.153767
1190,9.916667,-0.026313,0.970854,0.028661,0.236491,-0.559301,85.998894,16.133728,-0.037178,0.984733,0.117252,0.12317,-1.056547,93.667099,16.466042,-0.037184,0.990429,0.100741,0.086708,-3.226114,114.272598,21.178144,0.048841,0.997759,0.028616,0.035689,-5.135588,134.743469,25.224512,0.088158,0.982241,-0.163069,-0.028972,-3.609449,149.289688,24.23728,-0.027083,0.931398,0.138774,0.335419,-8.565231,128.829956,24.069712,0.298161,-0.613066,-0.012556,-0.7315,-22.091887,129.575699,13.012028,0.073868,0.177189,-0.479128,-0.856495,-15.934227,120.954063,-9.445021,0.208545,0.29986,-0.553183,-0.74872,-3.167866,143.569214,-3.230446,-0.028547,0.990751,0.11697,0.062581,-1.25283,129.24826,25.404198,0.320148,0.854952,0.149371,-0.379804,16.068802,129.981415,27.689463,-0.031314,0.107279,0.461646,-0.879997,28.645802,119.205879,9.188785,-0.025329,-0.191838,0.675321,-0.711687,15.136766,139.298798,5.2665,0.060312,0.941892,0.21102,0.254306,-8.876993,85.646805,11.81238,0.070129,0.993811,-0.046341,0.072629,-9.104874,52.89616,-3.706156,-0.059008,0.970193,0.048969,0.229883,-16.055054,6.003705,0.190365,-0.078737,0.937309,-0.114302,0.319667,7.758391,86.350983,20.455074,0.005766,0.879659,-0.188108,0.436787,10.459285,51.505363,30.045134,-0.036725,0.872731,0.019608,0.486424,2.160665,7.310036,45.546631,-0.059008,0.970193,0.048969,0.229883,-9.025017,1.697084,-12.738809,-0.036725,0.872731,0.019608,0.486424,14.593272,2.218471,38.154865
1191,9.925,-0.026358,0.970851,0.028604,0.236505,-0.566495,85.995338,16.136684,-0.037103,0.984726,0.117307,0.123195,-1.064211,93.663559,16.46797,-0.037345,0.990432,0.100603,0.086775,-3.23076,114.266228,21.182112,0.048918,0.997739,0.029215,0.035655,-5.146698,134.737762,25.222057,0.088154,0.982423,-0.161946,-0.029131,-3.618962,149.284988,24.252338,-0.027574,0.93137,0.138463,0.335587,-8.574476,128.822952,24.068413,0.2992,-0.61255,-0.012376,-0.731511,-22.096249,129.549866,13.00351,0.074915,0.177142,-0.479575,-0.856164,-15.906951,120.897758,-9.433111,0.209323,0.299773,-0.553644,-0.748197,-3.163236,143.533356,-3.252795,-0.028524,0.990769,0.116772,0.062664,-1.262426,129.243713,25.40406,0.320536,0.854824,0.14926,-0.379808,16.058887,129.976181,27.691959,-0.030881,0.107199,0.461787,-0.879948,28.623384,119.184113,9.192408,-0.025105,-0.191759,0.67564,-0.711413,15.120116,139.279297,5.264308,0.060252,0.941872,0.211135,0.254302,-8.884015,85.642181,11.815087,0.070138,0.9938,-0.046384,0.072742,-9.105615,52.894516,-3.709818,-0.058949,0.970178,0.049019,0.229952,-16.05739,6.002563,0.189906,-0.078785,0.937314,-0.11424,0.319663,7.751025,86.348495,20.458279,0.005761,0.879687,-0.188091,0.436737,10.456667,51.502396,30.045254,-0.036794,0.872735,0.01961,0.48641,2.160001,7.306471,45.546085,-0.058949,0.970178,0.049019,0.229952,-9.026101,1.697007,-12.738945,-0.036794,0.872735,0.01961,0.48641,14.593044,2.215967,38.154316
1192,9.933333,-0.026326,0.970845,0.028479,0.236551,-0.575468,85.990005,16.140083,-0.037028,0.984714,0.117359,0.123264,-1.072264,93.658363,16.469606,-0.037568,0.990433,0.100399,0.086899,-3.236026,114.258278,21.185598,0.049019,0.997716,0.02979,0.035673,-5.161021,134.730835,25.216066,0.088187,0.982603,-0.160808,-0.029259,-3.630814,149.278931,24.26329,-0.027966,0.931336,0.138114,0.335793,-8.586185,128.814209,24.063948,0.300089,-0.612049,-0.012021,-0.731573,-22.102356,129.525299,12.991182,0.075939,0.17712,-0.479955,-0.855865,-15.882161,120.840744,-9.424347,0.210313,0.299502,-0.554037,-0.747737,-3.156994,143.496552,-3.275373,-0.028524,0.990786,0.116584,0.062746,-1.274707,129.238342,25.401636,0.32092,0.85474,0.148607,-0.379928,16.046244,129.970932,27.692202,-0.030739,0.10739,0.46213,-0.879749,28.593973,119.152473,9.196692,-0.025014,-0.191685,0.675741,-0.711341,15.107356,139.258896,5.25844,0.060173,0.941874,0.211252,0.254215,-8.892609,85.636917,11.81776,0.070129,0.993793,-0.046419,0.072817,-9.108005,52.892147,-3.713355,-0.059022,0.970177,0.049016,0.229936,-16.059412,6.000379,0.189256,-0.078817,0.93731,-0.11412,0.319709,7.741671,86.343094,20.462408,0.005711,0.879696,-0.188092,0.436718,10.451911,51.49538,30.042204,-0.037,0.872748,0.019591,0.486373,2.159786,7.299417,45.545364,-0.059022,0.970177,0.049016,0.229936,-9.027818,1.695274,-12.739572,-0.037,0.872748,0.019591,0.486373,14.59407,2.211405,38.15398
1193,9.941667,-0.02634,0.970838,0.028391,0.236586,-0.582219,85.985916,16.142416,-0.037152,0.984667,0.117494,0.123472,-1.078917,93.654343,16.470552,-0.03747,0.990423,0.100309,0.087157,-3.249775,114.254784,21.191494,0.049253,0.997685,0.030292,0.03579,-5.171434,134.728409,25.218149,0.088006,0.982771,-0.159856,-0.029354,-3.634547,149.276764,24.280449,-0.028213,0.931355,0.137613,0.335922,-8.597568,128.812515,24.065144,0.301202,-0.61156,-0.011573,-0.731531,-22.11021,129.510269,12.987222,0.077111,0.176927,-0.480307,-0.855603,-15.859795,120.782875,-9.403255,0.211095,0.299131,-0.554425,-0.747377,-3.14998,143.456604,-3.297551,-0.028506,0.990815,0.116347,0.062736,-1.286649,129.234924,25.406429,0.321434,0.854572,0.148273,-0.380002,16.034384,129.967453,27.696396,-0.030431,0.107515,0.462506,-0.879547,28.562958,119.12413,9.202461,-0.024895,-0.191525,0.675827,-0.711306,15.09503,139.240326,5.253551,0.060218,0.941815,0.211338,0.254352,-8.899035,85.632202,11.81952,0.070081,0.993799,-0.046452,0.07276,-9.113606,52.890469,-3.718004,-0.058966,0.970166,0.049045,0.229989,-16.060514,5.998352,0.188434,-0.078838,0.937321,-0.114007,0.319712,7.734597,86.339638,20.465311,0.005672,0.879673,-0.188128,0.436752,10.448921,51.490295,30.038034,-0.037022,0.872753,0.019654,0.48636,2.15801,7.295582,45.545399,-0.058966,0.970166,0.049045,0.229989,-9.028061,1.693709,-12.740082,-0.037022,0.872753,0.019654,0.48636,14.592564,2.209461,38.153168
1194,9.95,-0.026411,0.970829,0.028451,0.236611,-0.587726,85.98317,16.14106,-0.037141,0.984639,0.11757,0.123632,-1.08571,93.651482,16.469824,-0.037692,0.99041,0.10014,0.087406,-3.257163,114.250412,21.193419,0.049479,0.99765,0.030787,0.036037,-5.188445,134.724747,25.211811,0.087948,0.982958,-0.158766,-0.029195,-3.64474,149.273346,24.28923,-0.028295,0.931362,0.137343,0.336007,-8.611803,128.807205,24.05899,0.302475,-0.610956,-0.011083,-0.731518,-22.122293,129.499527,12.978098,0.07848,0.176866,-0.480613,-0.855319,-15.834657,120.724747,-9.383418,0.211921,0.298919,-0.554911,-0.746867,-3.140285,143.416245,-3.319963,-0.028481,0.990834,0.116116,0.062886,-1.301779,129.232742,25.404167,0.321814,0.854527,0.14793,-0.379917,16.018646,129.96431,27.699053,-0.030192,0.107757,0.462757,-0.879393,28.538286,119.098495,9.212274,-0.024842,-0.191356,0.675812,-0.711368,15.084073,139.221512,5.248587,0.060223,0.941805,0.211403,0.254334,-8.904258,85.628441,11.817696,0.069993,0.993796,-0.046524,0.072847,-9.118202,52.888733,-3.724088,-0.059082,0.970176,0.049093,0.229909,-16.057695,5.996093,0.189221,-0.078902,0.937323,-0.113986,0.319699,7.728805,86.337891,20.464424,0.005671,0.879701,-0.188156,0.436681,10.448066,51.48893,30.037134,-0.03699,0.872779,0.019741,0.486312,2.157304,7.295233,45.54747,-0.059082,0.970176,0.049093,0.229909,-9.026121,1.693614,-12.740496,-0.03699,0.872779,0.019741,0.486312,14.591146,2.210783,38.152889
1195,9.958333,-0.026479,0.97083,0.028439,0.236599,-0.590022,85.983513,16.14559,-0.03717,0.984603,0.117699,0.123781,-1.088977,93.651787,16.473923,-0.038126,0.990396,0.099872,0.08768,-3.263357,114.252563,21.203121,0.049928,0.997598,0.031518,0.036213,-5.21278,134.727783,25.2083,0.087989,0.9831,-0.157841,-0.029317,-3.656213,149.276382,24.307817,-0.028443,0.931337,0.136966,0.336217,-8.630898,128.806976,24.056704,0.303617,-0.610422,-0.010411,-0.731501,-22.136148,129.491074,12.968922,0.080119,0.176901,-0.480916,-0.85499,-15.815359,120.665268,-9.363148,0.213378,0.299249,-0.555125,-0.746161,-3.138791,143.374954,-3.345359,-0.028489,0.990897,0.11547,0.063072,-1.322079,129.238815,25.406399,0.32239,0.854469,0.147838,-0.379594,15.997508,129.971405,27.707249,-0.029717,0.108081,0.463102,-0.879188,28.510889,119.077972,9.232497,-0.024658,-0.191088,0.675586,-0.711661,15.078053,139.205688,5.246375,0.060191,0.941817,0.211488,0.254226,-8.906586,85.627487,11.822399,0.069981,0.993799,-0.046542,0.072804,-9.118456,52.89011,-3.724331,-0.059187,0.970187,0.049138,0.229826,-16.05678,5.99747,0.191062,-0.078871,0.937333,-0.113868,0.319719,7.726542,86.339546,20.468781,0.005578,0.879602,-0.188206,0.43686,10.446321,51.488281,30.032944,-0.037043,0.872809,0.019741,0.486254,2.158096,7.296282,45.549477,-0.059187,0.970187,0.049138,0.229826,-9.026297,1.697002,-12.739912,-0.037043,0.872809,0.019741,0.486254,14.591464,2.21256,38.153603
1196,9.966667,-0.026525,0.970813,0.028476,0.236659,-0.597057,85.98204,16.146112,-0.037138,0.984592,0.117764,0.123822,-1.096847,93.65023,16.47481,-0.0383,0.990389,0.09982,0.087745,-3.270192,114.248238,21.206236,0.050047,0.997578,0.032,0.036195,-5.226894,134.723328,25.208462,0.08795,0.983274,-0.156745,-0.029449,-3.667355,149.272491,24.322138,-0.028606,0.931334,0.136629,0.336348,-8.642909,128.801285,24.057041,0.304514,-0.609965,-0.009754,-0.731518,-22.144751,129.476746,12.964578,0.081326,0.176766,-0.481201,-0.854743,-15.79562,120.606789,-9.341937,0.214465,0.299036,-0.555479,-0.745671,-3.132127,143.332245,-3.365298,-0.028325,0.990911,0.115288,0.063265,-1.334458,129.235657,25.407925,0.322788,0.854336,0.148123,-0.379443,15.984601,129.962204,27.714682,-0.029197,0.107965,0.463288,-0.879122,28.490929,119.058243,9.241362,-0.024183,-0.190842,0.675849,-0.711493,15.066173,139.188202,5.249268,0.060139,0.941806,0.211531,0.254244,-8.913041,85.625389,11.821857,0.070004,0.993805,-0.046559,0.072685,-9.120241,52.888863,-3.726727,-0.059292,0.970145,0.049171,0.229969,-16.060322,5.99668,0.190953,-0.078979,0.937356,-0.113842,0.319634,7.718927,86.338684,20.470369,0.005655,0.879707,-0.188209,0.436647,10.447474,51.48822,30.03496,-0.036896,0.872782,0.019945,0.486305,2.156409,7.296401,45.550491,-0.059292,0.970145,0.049171,0.229969,-9.025036,1.698157,-12.738056,-0.036896,0.872782,0.019945,0.486305,14.590162,2.215679,38.153202
1197,9.975,-0.026561,0.970791,0.028546,0.236738,-0.604399,85.978409,16.141352,-0.037154,0.984565,0.117848,0.123951,-1.105013,93.646515,16.470926,-0.03826,0.990377,0.099825,0.087891,-3.280283,114.245697,21.205931,0.049987,0.997562,0.032659,0.036127,-5.235971,134.720871,25.20825,0.088077,0.983407,-0.155795,-0.029684,-3.678974,149.271469,24.341021,-0.028857,0.931363,0.136235,0.336408,-8.652281,128.79921,24.055677,0.3054,-0.60957,-0.009134,-0.731486,-22.152222,129.462112,12.960139,0.0822,0.176552,-0.481368,-0.85461,-15.778598,120.548759,-9.322086,0.214877,0.298439,-0.556067,-0.745354,-3.12005,143.284866,-3.379897,-0.027985,0.990886,0.11554,0.063338,-1.344166,129.232788,25.40864,0.323159,0.854193,0.148689,-0.379229,15.975243,129.946671,27.716722,-0.02871,0.107763,0.463391,-0.879109,28.477758,119.038368,9.243384,-0.023928,-0.190739,0.676049,-0.71134,15.055776,139.169342,5.249205,0.060104,0.941765,0.211617,0.25433,-8.919648,85.62146,11.815707,0.069966,0.993782,-0.046706,0.072942,-9.121386,52.88726,-3.737858,-0.059341,0.970153,0.049167,0.229921,-16.059862,5.99587,0.192181,-0.079095,0.937334,-0.113774,0.319694,7.710851,86.335358,20.466997,0.005625,0.879669,-0.188275,0.436697,10.448244,51.485104,30.029848,-0.036916,0.872775,0.019958,0.486316,2.156104,7.295606,45.551407,-0.059341,0.970153,0.049167,0.229921,-9.025323,1.697557,-12.737309,-0.036916,0.872775,0.019958,0.486316,14.590296,2.215508,38.154423
1198,9.983333,-0.026633,0.970787,0.028473,0.236754,-0.607281,85.977348,16.143911,-0.037403,0.984552,0.117776,0.124049,-1.108711,93.645462,16.472116,-0.038055,0.990367,0.09994,0.087961,-3.293932,114.239189,21.201315,0.049742,0.997563,0.032973,0.036144,-5.241802,134.714066,25.208981,0.08817,0.983552,-0.154846,-0.029574,-3.692165,149.265976,24.350695,-0.029486,0.931437,0.135828,0.336312,-8.660374,128.794083,24.054502,0.306165,-0.609194,-0.008935,-0.731482,-22.161282,129.431183,12.958622,0.083165,0.176421,-0.481615,-0.854404,-15.764716,120.493164,-9.307149,0.215686,0.298292,-0.55613,-0.745131,-3.117117,143.242462,-3.399094,-0.028005,0.990894,0.115373,0.063519,-1.352207,129.224365,25.408245,0.323613,0.854049,0.148413,-0.379275,15.966362,129.938614,27.722528,-0.028455,0.107816,0.463732,-0.87893,28.452551,119.008507,9.251025,-0.023742,-0.190603,0.676062,-0.71137,15.046599,139.148956,5.250191,0.060069,0.94178,0.211735,0.254185,-8.92232,85.618774,11.817993,0.069994,0.993787,-0.046727,0.072833,-9.121826,52.887905,-3.742597,-0.059091,0.970146,0.049171,0.230016,-16.062651,5.997065,0.189888,-0.079101,0.937358,-0.113694,0.319649,7.707758,86.33593,20.469831,0.005659,0.879741,-0.18828,0.436549,10.447928,51.484428,30.027351,-0.036997,0.872787,0.019885,0.486291,2.155309,7.295156,45.549309,-0.059091,0.970146,0.049171,0.230016,-9.028144,1.697017,-12.739046,-0.036997,0.872787,0.019885,0.486291,14.589512,2.214386,38.152802
1199,9.991667,-0.026646,0.970776,0.028403,0.236805,-0.614003,85.974121,16.143677,-0.037423,0.984522,0.117941,0.124118,-1.115382,93.642281,16.47077,-0.038286,0.990369,0.099728,0.088083,-3.30239,114.232445,21.206099,0.049687,0.997546,0.033351,0.036348,-5.259558,134.708359,25.203932,0.088306,0.983681,-0.154003,-0.029274,-3.711305,149.261078,24.356989,-0.029439,0.931679,0.135058,0.335958,-8.675443,128.786499,24.051085,0.307211,-0.608663,-0.008556,-0.73149,-22.184784,129.414139,12.964937,0.084714,0.17625,-0.481869,-0.854144,-15.755747,120.438835,-9.276467,0.216879,0.298521,-0.555909,-0.744859,-3.120962,143.201538,-3.420979,-0.027711,0.990927,0.114999,0.063813,-1.367858,129.220276,25.406853,0.323955,0.853953,0.148086,-0.379326,15.949976,129.924011,27.729856,-0.028495,0.108091,0.464129,-0.878686,28.423218,118.975159,9.260708,-0.023888,-0.190443,0.676065,-0.711405,15.037062,139.129547,5.25045,0.060047,0.941719,0.211837,0.25433,-8.928577,85.615036,11.816904,0.069957,0.993789,-0.046794,0.072803,-9.122203,52.887119,-3.749968,-0.05892,0.970168,0.0492,0.229963,-16.059923,5.996394,0.189327,-0.079053,0.937348,-0.113474,0.319771,7.70057,86.333206,20.470449,0.005486,0.87955,-0.188348,0.436906,10.441516,51.47752,30.012474,-0.03722,0.872738,0.019772,0.486367,2.154297,7.290492,45.543701,-0.05892,0.970168,0.0492,0.229963,-9.028485,1.695785,-12.741091,-0.03722,0.872738,0.019772,0.486367,14.591378,2.210191,38.151711
1200,10.0,-0.026705,0.970756,0.028427,0.236881,-0.619063,85.971306,16.142208,-0.037445,0.984486,0.118111,0.12424,-1.121431,93.639404,16.469397,-0.038519,0.990364,0.099517,0.08827,-3.311072,114.229965,21.211823,0.049882,0.997511,0.033836,0.036598,-5.277918,134.706879,25.199732,0.088346,0.983792,-0.153315,-0.029048,-3.723768,149.259811,24.367596,-0.029631,0.931665,0.13478,0.33609,-8.691004,128.783188,24.048029,0.308124,-0.608293,-0.008017,-0.73142,-22.19685,129.401978,12.957126,0.085744,0.176129,-0.482108,-0.853931,-15.745035,120.385132,-9.260869,0.217537,0.298381,-0.555972,-0.744676,-3.120498,143.161957,-3.440582,-0.027418,0.990939,0.114858,0.063998,-1.384177,129.220413,25.406773,0.324447,0.853815,0.147584,-0.379413,15.933392,129.913574,27.734903,-0.028442,0.108145,0.464774,-0.87834,28.387543,118.937256,9.269179,-0.023483,-0.190461,0.676239,-0.711248,15.02986,139.113647,5.257679,0.060029,0.941696,0.211917,0.254353,-8.932899,85.611305,11.814098,0.069965,0.993783,-0.046863,0.07283,-9.123361,52.885693,-3.757657,-0.058976,0.97015,0.049206,0.230021,-16.062344,5.995685,0.187974,-0.079116,0.937362,-0.113379,0.319747,7.694774,86.331306,20.47032,0.005455,0.879518,-0.188409,0.436945,10.442493,51.474792,30.007345,-0.037289,0.87275,0.019788,0.486339,2.15464,7.28991,45.544346,-0.058976,0.97015,0.049206,0.230021,-9.028811,1.695746,-12.741524,-0.037289,0.87275,0.019788,0.486339,14.591985,2.211012,38.151829
1201,10.008333,-0.026706,0.970742,0.028552,0.236923,-0.625041,85.971466,16.137936,-0.037749,0.984472,0.117956,0.124405,-1.1279,93.639442,16.466967,-0.038149,0.990333,0.099873,0.088373,-3.32935,114.222382,21.199116,0.049641,0.99751,0.034067,0.036725,-5.282534,134.69751,25.202883,0.0883,0.983914,-0.152614,-0.028745,-3.735267,149.251572,24.377439,-0.029834,0.931696,0.134562,0.336073,-8.699571,128.777084,24.046165,0.308959,-0.608067,-0.007721,-0.731259,-22.205391,129.386566,12.954718,0.086629,0.175964,-0.482306,-0.853764,-15.739733,120.337166,-9.245997,0.218146,0.298138,-0.556002,-0.744572,-3.122544,143.125885,-3.458585,-0.027429,0.990935,0.114792,0.064177,-1.392593,129.208206,25.406036,0.324746,0.85371,0.14776,-0.379323,15.924154,129.901169,27.740339,-0.028184,0.108017,0.464972,-0.878259,28.372044,118.916527,9.275352,-0.02325,-0.190463,0.676427,-0.711076,15.021847,139.098282,5.264157,0.060023,0.941657,0.211872,0.254537,-8.938505,85.612022,11.809066,0.069925,0.993776,-0.046891,0.072942,-9.126362,52.884983,-3.759715,-0.059034,0.970145,0.049197,0.230028,-16.06226,5.994699,0.188016,-0.079273,0.937339,-0.113298,0.319804,7.688423,86.330902,20.466805,0.005494,0.879566,-0.18852,0.4368,10.448085,51.474857,30.002113,-0.037165,0.872784,0.01977,0.486288,2.154899,7.294026,45.547779,-0.059034,0.970145,0.049197,0.230028,-9.02799,1.694955,-12.741145,-0.037165,0.872784,0.01977,0.486288,14.590118,2.212833,38.153275
1202,10.016667,-0.026729,0.970717,0.028567,0.237019,-0.628694,85.96846,16.136349,-0.037831,0.98445,0.117967,0.12454,-1.131978,93.636414,16.465466,-0.038241,0.990308,0.099957,0.088521,-3.337408,114.217781,21.197018,0.049579,0.997493,0.034393,0.036968,-5.295293,134.691925,25.203579,0.088309,0.98402,-0.151992,-0.028381,-3.749477,149.246689,24.388025,-0.03,0.931678,0.134425,0.336163,-8.71097,128.771103,24.044823,0.309671,-0.60772,-0.007225,-0.731252,-22.214317,129.373978,12.950013,0.087408,0.175734,-0.482686,-0.853517,-15.727284,120.29039,-9.230497,0.218693,0.298022,-0.556267,-0.74426,-3.124829,143.097168,-3.477484,-0.027191,0.990922,0.114886,0.064312,-1.404488,129.203217,25.407024,0.324949,0.85366,0.147997,-0.37917,15.912099,129.887177,27.745121,-0.028207,0.108093,0.465231,-0.878112,28.359184,118.898048,9.282255,-0.023221,-0.190338,0.676249,-0.711281,15.022177,139.08699,5.269604,0.060026,0.941628,0.211939,0.25459,-8.941274,85.608742,11.805806,0.069908,0.993752,-0.047011,0.073206,-9.127151,52.883781,-3.76736,-0.059163,0.970138,0.049252,0.230014,-16.063255,5.994335,0.189963,-0.079431,0.937288,-0.113193,0.319951,7.683885,86.328178,20.46689,0.005544,0.879534,-0.18858,0.436838,10.455177,51.472221,29.999155,-0.037084,0.87273,0.019928,0.486384,2.154727,7.293576,45.547134,-0.059163,0.970138,0.049252,0.230014,-9.028,1.697171,-12.739515,-0.037084,0.87273,0.019928,0.486384,14.591535,2.215233,38.153351
1203,10.025,-0.02683,0.970693,0.028613,0.237101,-0.630311,85.966026,16.133207,-0.037811,0.984418,0.118145,0.12463,-1.135304,93.633858,16.46261,-0.038627,0.990287,0.099876,0.088679,-3.341316,114.214088,21.201569,0.049639,0.997467,0.034644,0.037356,-5.315548,134.687653,25.202999,0.088388,0.984119,-0.15141,-0.027804,-3.767191,149.242599,24.395504,-0.030218,0.931652,0.134235,0.336293,-8.726499,128.764145,24.044134,0.310454,-0.607388,-0.006965,-0.731198,-22.226326,129.358337,12.944558,0.088291,0.175634,-0.482991,-0.853275,-15.719074,120.24678,-9.218565,0.219461,0.29789,-0.556557,-0.74387,-3.130117,143.06958,-3.496427,-0.026834,0.990935,0.114736,0.06453,-1.420871,129.201813,25.409164,0.325324,0.853533,0.148409,-0.378974,15.89542,129.872864,27.753269,-0.028168,0.108205,0.465533,-0.877939,28.337795,118.876198,9.291705,-0.023489,-0.190123,0.676258,-0.711321,15.016333,139.073318,5.274823,0.060062,0.941583,0.211991,0.254704,-8.942065,85.604729,11.801204,0.069909,0.993735,-0.047113,0.073373,-9.127476,52.881668,-3.775995,-0.059255,0.970117,0.049222,0.230087,-16.065062,5.993155,0.189791,-0.079508,0.937256,-0.113111,0.320057,7.681444,86.327324,20.46521,0.005537,0.879551,-0.188682,0.43676,10.458825,51.470924,29.994059,-0.037118,0.872789,0.019857,0.486279,2.156068,7.295933,45.551212,-0.059255,0.970117,0.049222,0.230087,-9.027016,1.695935,-12.738158,-0.037118,0.872789,0.019857,0.486279,14.591084,2.216211,38.155346
1204,10.033333,-0.026787,0.970676,0.028576,0.237178,-0.640207,85.965172,16.131857,-0.037883,0.984402,0.118076,0.124803,-1.144445,93.633064,16.460825,-0.038518,0.990268,0.099952,0.088855,-3.353643,114.210846,21.195469,0.04935,0.997459,0.035033,0.037582,-5.324358,134.684128,25.200077,0.088545,0.984197,-0.15088,-0.027407,-3.784178,149.24057,24.40403,-0.03049,0.931671,0.134174,0.33624,-8.736324,128.761627,24.039,0.311206,-0.607074,-0.006708,-0.731141,-22.23683,129.345963,12.939731,0.089109,0.175487,-0.48329,-0.85305,-15.710488,120.207199,-9.206565,0.2201,0.297753,-0.556878,-0.743496,-3.13466,143.043961,-3.515952,-0.02675,0.990917,0.11478,0.064758,-1.431039,129.197342,25.406483,0.325868,0.853364,0.148833,-0.378719,15.884374,129.864441,27.758152,-0.027671,0.108049,0.465849,-0.877807,28.318743,118.853584,9.299663,-0.023282,-0.190291,0.67647,-0.711081,15.010765,139.057358,5.279506,0.059992,0.941545,0.212045,0.254817,-8.951319,85.604546,11.798567,0.06988,0.993733,-0.04716,0.073407,-9.129103,52.882542,-3.780925,-0.05915,0.970127,0.04922,0.230069,-16.064354,5.994052,0.189241,-0.079629,0.937225,-0.112972,0.320166,7.670905,86.325798,20.465147,0.00553,0.879557,-0.188729,0.436726,10.458673,51.468491,29.987675,-0.037094,0.872764,0.019887,0.486325,2.155126,7.295197,45.549221,-0.05915,0.970127,0.04922,0.230069,-9.027825,1.695929,-12.739232,-0.037094,0.872764,0.019887,0.486325,14.590849,2.215932,38.154232
1205,10.041667,-0.026703,0.97066,0.028523,0.237262,-0.651553,85.963158,16.126118,-0.038108,0.98436,0.118175,0.124971,-1.154372,93.631172,16.45455,-0.038248,0.990261,0.099998,0.088998,-3.374373,114.208099,21.19186,0.049183,0.997449,0.035246,0.037861,-5.334657,134.68187,25.199137,0.088611,0.984278,-0.150407,-0.026895,-3.798797,149.23912,24.409597,-0.03066,0.931693,0.133949,0.336252,-8.74964,128.761429,24.036379,0.311902,-0.606746,-0.006375,-0.731119,-22.249485,129.337662,12.935884,0.089951,0.175325,-0.483578,-0.852832,-15.70318,120.170891,-9.192933,0.220884,0.297529,-0.557291,-0.743044,-3.139199,143.022125,-3.53484,-0.026909,0.990942,0.114434,0.064924,-1.444426,129.192886,25.405594,0.326442,0.85327,0.148605,-0.378527,15.86993,129.865662,27.763397,-0.027259,0.108107,0.466211,-0.87762,28.292921,118.826271,9.314288,-0.023109,-0.190349,0.676854,-0.710705,15.001993,139.039444,5.283651,0.05993,0.941487,0.212022,0.255063,-8.962002,85.603874,11.79145,0.069894,0.993752,-0.047168,0.073118,-9.131928,52.880634,-3.785522,-0.059076,0.97012,0.049245,0.230114,-16.067472,5.992415,0.187312,-0.079772,0.937165,-0.112849,0.320348,7.658896,86.322441,20.460785,0.005468,0.879462,-0.188764,0.436904,10.457404,51.464802,29.978891,-0.037231,0.872728,0.019759,0.486384,2.154479,7.292676,45.544075,-0.059076,0.97012,0.049245,0.230114,-9.030478,1.69449,-12.74097,-0.037231,0.872728,0.019759,0.486384,14.591896,2.21224,38.152756
1206,10.05,-0.026765,0.970652,0.028407,0.237299,-0.651325,85.961876,16.12818,-0.037957,0.984356,0.118098,0.125122,-1.154661,93.629929,16.454639,-0.0387,0.990221,0.099994,0.089255,-3.367824,114.200233,21.187466,0.04919,0.997427,0.035353,0.038349,-5.347838,134.672577,25.192318,0.088545,0.984396,-0.149792,-0.02621,-3.810589,149.229889,24.406723,-0.030725,0.931756,0.134172,0.335983,-8.75711,128.749191,24.027847,0.312566,-0.606444,-0.006223,-0.731087,-22.26314,129.324585,12.934841,0.090681,0.175132,-0.483878,-0.852624,-15.698549,120.136963,-9.17991,0.221482,0.297366,-0.55773,-0.742601,-3.147247,143.000946,-3.553218,-0.026854,0.990932,0.114363,0.065228,-1.453096,129.18689,25.401466,0.327022,0.853094,0.148747,-0.378367,15.85998,129.856689,27.769482,-0.026906,0.108135,0.466593,-0.877425,28.270164,118.797089,9.323861,-0.022987,-0.19015,0.676883,-0.710735,14.997247,139.019913,5.285574,0.059968,0.941472,0.212133,0.255018,-8.961383,85.600967,11.792898,0.069913,0.993772,-0.047189,0.07282,-9.132463,52.881439,-3.791854,-0.059213,0.970115,0.049153,0.230117,-16.068686,5.993647,0.184897,-0.079757,0.937158,-0.112736,0.320413,7.658733,86.322777,20.463461,0.005445,0.879415,-0.188808,0.43698,10.458281,51.463104,29.973829,-0.037238,0.872737,0.019762,0.486367,2.154115,7.292557,45.542824,-0.059213,0.970115,0.049153,0.230117,-9.030315,1.69419,-12.742126,-0.037238,0.872737,0.019762,0.486367,14.591341,2.212286,38.151066
1207,10.058333,-0.026852,0.970615,0.028614,0.237416,-0.65604,85.959206,16.116905,-0.038337,0.984308,0.1183,0.125195,-1.161464,93.627014,16.446079,-0.038442,0.99022,0.100102,0.089252,-3.392532,114.20034,21.186411,0.049168,0.997416,0.035439,0.038562,-5.362249,134.672623,25.196678,0.088586,0.984462,-0.14942,-0.025723,-3.825145,149.230118,24.41396,-0.030799,0.931724,0.133953,0.336154,-8.7745,128.751205,24.030901,0.313405,-0.606134,-0.00603,-0.730987,-22.276367,129.322418,12.932609,0.091474,0.174957,-0.484156,-0.852418,-15.692973,120.107338,-9.165126,0.221922,0.297164,-0.558144,-0.742239,-3.15277,142.985184,-3.570148,-0.026759,0.990931,0.114338,0.065314,-1.470183,129.184967,25.404158,0.327381,0.853047,0.148783,-0.378148,15.842681,129.851181,27.774752,-0.026566,0.108183,0.466797,-0.87732,28.249449,118.776192,9.336068,-0.022765,-0.190039,0.677188,-0.710481,14.986047,139.004196,5.288654,0.059974,0.941445,0.212084,0.255157,-8.964972,85.597725,11.77951,0.069883,0.993748,-0.047327,0.073088,-9.135131,52.876759,-3.802237,-0.059366,0.970089,0.049269,0.230162,-16.070568,5.989823,0.185904,-0.079904,0.937082,-0.112756,0.320592,7.652892,86.320694,20.454302,0.005475,0.879448,-0.188853,0.436894,10.460028,51.463043,29.969841,-0.037202,0.872709,0.019749,0.48642,2.152989,7.29413,45.541946,-0.059366,0.970089,0.049269,0.230162,-9.029385,1.694933,-12.741105,-0.037202,0.872709,0.019749,0.48642,14.590703,2.213046,38.151558
1208,10.066667,-0.026961,0.970589,0.028715,0.2375,-0.65171,85.957062,16.109995,-0.03859,0.984264,0.118444,0.125323,-1.159168,93.624695,16.440224,-0.038516,0.990201,0.100138,0.089388,-3.402409,114.198074,21.185312,0.049072,0.997401,0.035707,0.038832,-5.37587,134.669815,25.196495,0.088645,0.984523,-0.149056,-0.025288,-3.841123,149.227997,24.42194,-0.030807,0.931727,0.133851,0.336184,-8.787038,128.748047,24.02932,0.314044,-0.605802,-0.005763,-0.730991,-22.288187,129.317947,12.930083,0.092128,0.174792,-0.484558,-0.852153,-15.68462,120.079132,-9.151712,0.222506,0.296995,-0.558439,-0.741911,-3.162329,142.973328,-3.585649,-0.026635,0.990924,0.114245,0.065644,-1.483166,129.182648,25.404686,0.327656,0.85299,0.148451,-0.37817,15.828421,129.84343,27.786106,-0.026357,0.108336,0.467129,-0.877131,28.225401,118.751656,9.350924,-0.02235,-0.18988,0.677319,-0.710411,14.977987,138.990082,5.293255,0.060059,0.941468,0.212063,0.255068,-8.959782,85.594086,11.771078,0.069854,0.993725,-0.047453,0.073346,-9.137602,52.873219,-3.810784,-0.059438,0.970075,0.049404,0.230178,-16.072151,5.987033,0.187705,-0.079955,0.937025,-0.112802,0.320729,7.656363,86.320038,20.44891,0.005476,0.87939,-0.188906,0.436988,10.464496,51.46373,29.969097,-0.036989,0.872703,0.01996,0.486439,2.153526,7.296723,45.544521,-0.059438,0.970075,0.049404,0.230178,-9.029743,1.696543,-12.740098,-0.036989,0.872703,0.01996,0.486439,14.590496,2.217813,38.15139
1209,10.075,-0.027073,0.970558,0.02885,0.237597,-0.652742,85.956917,16.103632,-0.03871,0.984237,0.118508,0.125439,-1.162389,93.624336,16.435408,-0.038529,0.990176,0.100278,0.089501,-3.411433,114.195892,21.182064,0.048902,0.997393,0.035878,0.039105,-5.386383,134.666412,25.198746,0.088603,0.984587,-0.148736,-0.024795,-3.856008,149.225327,24.429468,-0.030969,0.931731,0.13381,0.336174,-8.797116,128.744873,24.029108,0.314676,-0.605559,-0.005804,-0.730919,-22.29814,129.30899,12.929429,0.092741,0.174688,-0.484847,-0.851943,-15.680027,120.056366,-9.142227,0.223084,0.296775,-0.55866,-0.741658,-3.171135,142.96283,-3.600348,-0.026414,0.990917,0.114139,0.066012,-1.49356,129.179306,25.406197,0.327782,0.852939,0.148452,-0.378174,15.816739,129.831192,27.799374,-0.026114,0.108492,0.467271,-0.877044,28.209444,118.734932,9.364027,-0.022034,-0.189624,0.677221,-0.710583,14.970392,138.975937,5.294822,0.060103,0.941461,0.211989,0.255147,-8.959835,85.592583,11.762956,0.069774,0.993726,-0.047517,0.073369,-9.14079,52.869816,-3.814895,-0.059521,0.970082,0.049544,0.230096,-16.06831,5.983138,0.190051,-0.079963,0.936933,-0.112758,0.321011,7.65435,86.321259,20.444307,0.00534,0.87927,-0.188947,0.437213,10.46117,51.464325,29.962582,-0.03708,0.872716,0.019928,0.486411,2.155887,7.298657,45.544827,-0.059521,0.970082,0.049544,0.230096,-9.0271,1.697176,-12.739907,-0.03708,0.872716,0.019928,0.486411,14.593101,2.220274,38.151749
1210,10.083333,-0.027116,0.97055,0.028862,0.237624,-0.65485,85.957336,16.098663,-0.038824,0.984213,0.118578,0.125526,-1.165194,93.624702,16.430454,-0.038582,0.990154,0.100387,0.089602,-3.419634,114.193657,21.178776,0.048656,0.997394,0.0361,0.039179,-5.397592,134.663086,25.199514,0.088825,0.984625,-0.148375,-0.024648,-3.874394,149.223083,24.436586,-0.031166,0.931785,0.133792,0.336014,-8.807453,128.74144,24.027882,0.315201,-0.605285,-0.005846,-0.73092,-22.311817,129.29808,12.931892,0.093253,0.174476,-0.485128,-0.85177,-15.677229,120.035553,-9.130652,0.223432,0.296594,-0.558995,-0.741374,-3.17924,142.953522,-3.614824,-0.026357,0.990907,0.114006,0.06642,-1.504229,129.176346,25.406572,0.328046,0.852877,0.148407,-0.378103,15.804283,129.824936,27.813534,-0.025774,0.10871,0.467397,-0.87696,28.191101,118.717155,9.381165,-0.021823,-0.189222,0.677108,-0.710805,14.960976,138.958817,5.295651,0.060041,0.941458,0.212008,0.255156,-8.961652,85.592285,11.757495,0.069834,0.993723,-0.047588,0.073304,-9.137882,52.869576,-3.82051,-0.059576,0.970062,0.049502,0.230174,-16.071302,5.984345,0.191081,-0.080057,0.936976,-0.112817,0.320841,7.651953,86.322388,20.439833,0.005424,0.879337,-0.188931,0.437083,10.465436,51.467514,29.963696,-0.037159,0.872696,0.019793,0.486445,2.15606,7.301333,45.542313,-0.059576,0.970062,0.049502,0.230174,-9.027548,1.697725,-12.737269,-0.037159,0.872696,0.019793,0.486445,14.593994,2.220749,38.151962
1211,10.091667,-0.027097,0.970536,0.028817,0.237686,-0.657395,85.957932,16.094231,-0.038608,0.984211,0.118553,0.125631,-1.167316,93.625351,16.42539,-0.039052,0.990107,0.1005,0.08979,-3.412288,114.187584,21.171875,0.048751,0.997368,0.0363,0.03952,-5.410895,134.654526,25.195057,0.088721,0.984694,-0.148053,-0.024234,-3.88426,149.214508,24.438654,-0.031057,0.931848,0.133953,0.335784,-8.814779,128.729965,24.020853,0.316817,-0.604984,-0.006888,-0.730461,-22.324764,129.290909,12.931922,0.094398,0.174715,-0.485261,-0.851519,-15.672743,120.022186,-9.12278,0.223838,0.296409,-0.559336,-0.741068,-3.188776,142.946625,-3.629867,-0.026553,0.990828,0.114419,0.066811,-1.5126,129.171326,25.403034,0.32834,0.85283,0.148341,-0.37798,15.793734,129.824127,27.824512,-0.025253,0.108847,0.467424,-0.876943,28.175583,118.702492,9.397155,-0.021515,-0.188892,0.677107,-0.710903,14.948026,138.94252,5.293905,0.060018,0.941456,0.21199,0.255185,-8.963666,85.593071,11.75203,0.069833,0.993722,-0.047616,0.073293,-9.138198,52.869595,-3.824402,-0.059458,0.970061,0.049515,0.230204,-16.071665,5.984601,0.189928,-0.080001,0.936977,-0.112801,0.320857,7.648877,86.3228,20.436434,0.005344,0.879287,-0.188923,0.437189,10.458805,51.467007,29.957966,-0.037012,0.872657,0.019891,0.486523,2.154623,7.300467,45.538319,-0.059458,0.970061,0.049515,0.230204,-9.028296,1.697476,-12.738468,-0.037012,0.872657,0.019891,0.486523,14.592934,2.220237,38.148354
1212,10.1,-0.027091,0.970518,0.028797,0.237764,-0.660696,85.959282,16.088089,-0.038743,0.984175,0.118653,0.125776,-1.170474,93.626724,16.418921,-0.03916,0.990078,0.100601,0.089959,-3.422042,114.185501,21.16798,0.048794,0.997349,0.036494,0.039786,-5.426165,134.651245,25.194517,0.08864,0.984735,-0.147881,-0.023903,-3.897766,149.211365,24.444265,-0.031035,0.93184,0.133984,0.335797,-8.828449,128.726227,24.017939,0.31734,-0.604732,-0.00681,-0.730444,-22.338188,129.288345,12.928751,0.094645,0.174477,-0.485421,-0.85145,-15.670945,120.005035,-9.115227,0.22363,0.295821,-0.559828,-0.740994,-3.190431,142.936661,-3.640816,-0.026543,0.990803,0.114492,0.067063,-1.526844,129.168777,25.402781,0.328474,0.852853,0.148295,-0.377828,15.778332,129.820038,27.832981,-0.02502,0.109135,0.467363,-0.876947,28.161472,118.690369,9.411341,-0.021548,-0.188438,0.676952,-0.71117,14.934714,138.926193,5.290421,0.059976,0.941444,0.211969,0.255255,-8.966282,85.59449,11.744562,0.069843,0.993711,-0.047669,0.073409,-9.137167,52.869999,-3.829799,-0.059487,0.970067,0.049426,0.230193,-16.072399,5.985618,0.188639,-0.079973,0.936985,-0.112812,0.320839,7.64489,86.324074,20.431618,0.005286,0.879255,-0.188894,0.437267,10.452847,51.468132,29.953199,-0.037207,0.872626,0.019645,0.486573,2.15327,7.300508,45.532948,-0.059487,0.970067,0.049426,0.230193,-9.029103,1.696159,-12.739031,-0.037207,0.872626,0.019645,0.486573,14.593151,2.21702,38.147854
1213,10.108333,-0.02714,0.970496,0.028885,0.237839,-0.659272,85.959427,16.08066,-0.03893,0.984148,0.118741,0.125846,-1.170127,93.626762,16.412584,-0.039304,0.99005,0.10076,0.090022,-3.430014,114.181564,21.163515,0.048795,0.99734,0.036596,0.039907,-5.440932,134.645493,25.195889,0.088713,0.984774,-0.147604,-0.023716,-3.912301,149.20575,24.448824,-0.031005,0.931791,0.134218,0.335842,-8.841246,128.719788,24.017038,0.317775,-0.604532,-0.006753,-0.73042,-22.350004,129.285889,12.926873,0.095036,0.174309,-0.485665,-0.851301,-15.670768,119.990601,-9.108405,0.223851,0.295729,-0.560156,-0.740716,-3.199924,142.932053,-3.654405,-0.026557,0.990785,0.11447,0.067347,-1.53998,129.164154,25.403082,0.328553,0.852891,0.148254,-0.377691,15.763828,129.814789,27.843111,-0.024805,0.109406,0.467328,-0.876938,28.149548,118.67939,9.426679,-0.021422,-0.187993,0.676775,-0.71146,14.923996,138.91275,5.289129,0.060047,0.941419,0.211918,0.255372,-8.964135,85.594193,11.735794,0.069832,0.993704,-0.047749,0.073463,-9.138935,52.868771,-3.836542,-0.059447,0.970054,0.049468,0.230246,-16.073862,5.984977,0.18919,-0.079947,0.936996,-0.112856,0.320797,7.645591,86.324669,20.425526,0.0053,0.879328,-0.188917,0.43711,10.451169,51.469166,29.949402,-0.037217,0.872619,0.01961,0.486587,2.152294,7.302382,45.53191,-0.059447,0.970054,0.049468,0.230246,-9.029521,1.696484,-12.738223,-0.037217,0.872619,0.01961,0.486587,14.59235,2.218169,38.147621
1214,10.116667,-0.027204,0.970473,0.028981,0.237912,-0.65977,85.961571,16.074976,-0.039036,0.984122,0.118806,0.125958,-1.171959,93.628761,16.408068,-0.039479,0.990016,0.100905,0.090155,-3.436873,114.180031,21.160233,0.048901,0.997322,0.03677,0.040072,-5.456076,134.642151,25.197601,0.088722,0.984805,-0.147421,-0.023564,-3.924103,149.202332,24.45603,-0.031041,0.931759,0.134364,0.335869,-8.853986,128.715591,24.016132,0.31808,-0.604354,-0.006707,-0.730436,-22.362011,129.282394,12.925118,0.095249,0.174141,-0.485891,-0.851183,-15.672019,119.979118,-9.103526,0.223941,0.295522,-0.560425,-0.740568,-3.209595,142.92923,-3.664867,-0.02646,0.990758,0.114577,0.067613,-1.553284,129.162109,25.404444,0.328435,0.852997,0.148103,-0.377613,15.749447,129.808014,27.853329,-0.024699,0.10965,0.467222,-0.876966,28.141932,118.67247,9.441545,-0.021138,-0.18762,0.676518,-0.711811,14.914081,138.901779,5.29073,0.060065,0.941385,0.211845,0.255553,-8.963917,85.595642,11.728806,0.069813,0.993689,-0.047804,0.073641,-9.138317,52.868141,-3.839147,-0.05958,0.970061,0.049483,0.230181,-16.072531,5.984587,0.190663,-0.080099,0.937097,-0.112997,0.320413,7.644378,86.327492,20.421146,0.005498,0.879482,-0.188896,0.436807,10.460703,51.476051,29.95668,-0.03706,0.872605,0.019542,0.486626,2.151508,7.308689,45.532043,-0.05958,0.970061,0.049483,0.230181,-9.028556,1.697471,-12.737402,-0.03706,0.872605,0.019542,0.486626,14.590412,2.22052,38.148544
1215,10.125,-0.027262,0.97045,0.029081,0.237987,-0.65901,85.96331,16.068554,-0.039274,0.984086,0.118882,0.126093,-1.172455,93.630363,16.402889,-0.039473,0.989985,0.101097,0.090282,-3.448303,114.179817,21.156511,0.048764,0.997322,0.036925,0.040081,-5.468477,134.64032,25.20155,0.08886,0.984825,-0.147195,-0.023608,-3.940639,149.201172,24.464357,-0.031138,0.931666,0.134592,0.336027,-8.866104,128.714249,24.016909,0.318353,-0.604253,-0.006647,-0.730401,-22.370216,129.281403,12.921127,0.095449,0.174029,-0.486082,-0.851074,-15.674104,119.96933,-9.101958,0.224073,0.295424,-0.560696,-0.740362,-3.219612,142.926346,-3.675599,-0.026319,0.990737,0.114571,0.067972,-1.565732,129.160202,25.407145,0.328317,0.853057,0.148808,-0.377305,15.735565,129.799789,27.867853,-0.024324,0.109633,0.466837,-0.877184,28.143484,118.679237,9.457384,-0.020981,-0.187182,0.67648,-0.711967,14.898586,138.893768,5.297358,0.060131,0.941378,0.211776,0.255622,-8.962431,85.596832,11.721031,0.069758,0.993665,-0.047904,0.07395,-9.141557,52.867775,-3.843631,-0.059595,0.970047,0.049561,0.23022,-16.072508,5.984402,0.193881,-0.080008,0.936997,-0.112979,0.320734,7.644411,86.329788,20.416077,0.005244,0.879184,-0.188896,0.437408,10.451826,51.477005,29.949348,-0.037098,0.872575,0.019629,0.486673,2.153214,7.309389,45.529659,-0.059595,0.970047,0.049561,0.23022,-9.027301,1.699684,-12.734316,-0.037098,0.872575,0.019629,0.486673,14.593678,2.223967,38.146885
1216,10.133333,-0.027337,0.970422,0.029184,0.238079,-0.657103,85.963295,16.061295,-0.039427,0.984052,0.118998,0.126204,-1.172065,93.630196,16.396835,-0.03956,0.989959,0.10122,0.090396,-3.455111,114.17514,21.153435,0.048712,0.997312,0.037119,0.040218,-5.479805,134.634323,25.202911,0.088823,0.98485,-0.147076,-0.023445,-3.953316,149.195618,24.471584,-0.031173,0.931661,0.134651,0.336015,-8.876118,128.707947,24.016027,0.31869,-0.604106,-0.006767,-0.730375,-22.380432,129.274597,12.92049,0.095643,0.173888,-0.486271,-0.850974,-15.67559,119.959053,-9.098456,0.224114,0.295207,-0.561011,-0.740198,-3.228438,142.922836,-3.685506,-0.02628,0.99071,0.114622,0.068292,-1.576161,129.154831,25.408125,0.328165,0.853135,0.148961,-0.377199,15.723669,129.791656,27.879747,-0.024115,0.109695,0.466564,-0.877327,28.140491,118.678322,9.470935,-0.020778,-0.186877,0.67636,-0.712168,14.883615,138.883682,5.302287,0.060126,0.94137,0.211695,0.255718,-8.959624,85.595985,11.712137,0.069791,0.993656,-0.047962,0.073999,-9.138407,52.864395,-3.847192,-0.059706,0.970034,0.0496,0.230237,-16.073036,5.981988,0.195191,-0.080124,0.937065,-0.113158,0.320443,7.645418,86.330612,20.410452,0.005459,0.879381,-0.188864,0.437023,10.459291,51.482105,29.957449,-0.037077,0.872551,0.019579,0.48672,2.15083,7.313585,45.529896,-0.059706,0.970034,0.0496,0.230237,-9.026244,1.699266,-12.732794,-0.037077,0.872551,0.019579,0.48672,14.591657,2.226641,38.148796
1217,10.141667,-0.027352,0.970408,0.029162,0.238139,-0.659,85.96283,16.057215,-0.039604,0.984025,0.119055,0.1263,-1.174141,93.629738,16.392344,-0.039592,0.989937,0.101341,0.090488,-3.464809,114.16906,21.149078,0.048578,0.997313,0.037219,0.040266,-5.491632,134.627121,25.203218,0.089006,0.984865,-0.146879,-0.023379,-3.969004,149.18895,24.474733,-0.031217,0.931647,0.134762,0.336003,-8.887327,128.70079,24.014257,0.3189,-0.603966,-0.006796,-0.730398,-22.391827,129.267273,12.918915,0.095774,0.173727,-0.486464,-0.850881,-15.678615,119.948746,-9.09623,0.224229,0.294931,-0.561303,-0.740051,-3.238552,142.91922,-3.695848,-0.026263,0.990666,0.114774,0.068686,-1.587651,129.147842,25.407797,0.327923,0.853245,0.148727,-0.377252,15.710335,129.782089,27.893051,-0.024269,0.11003,0.466479,-0.877326,28.133064,118.673218,9.48551,-0.020768,-0.186626,0.675876,-0.712693,14.875945,138.876099,5.305865,0.060143,0.941333,0.211673,0.255871,-8.960976,85.595169,11.707031,0.069791,0.993662,-0.048005,0.073892,-9.138821,52.863049,-3.851183,-0.059747,0.970041,0.049609,0.230197,-16.073374,5.98104,0.195975,-0.080134,0.937033,-0.113125,0.320548,7.642975,86.33049,20.407396,0.005425,0.87941,-0.188896,0.436952,10.457269,51.481556,29.952707,-0.037249,0.872595,0.019414,0.486634,2.151557,7.314155,45.529819,-0.059747,0.970041,0.049609,0.230197,-9.027214,1.698835,-12.732535,-0.037249,0.872595,0.019414,0.486634,14.591815,2.225526,38.148903
1218,10.15,-0.027298,0.970394,0.029082,0.238211,-0.659979,85.960754,16.051956,-0.039681,0.983991,0.119191,0.126417,-1.174038,93.627777,16.386049,-0.039908,0.989899,0.101443,0.090651,-3.468275,114.15715,21.145729,0.048882,0.997286,0.037315,0.040482,-5.509234,134.613281,25.202469,0.088848,0.984912,-0.14668,-0.023241,-3.977332,149.174316,24.477491,-0.031176,0.9314,0.13528,0.336484,-8.900827,128.685074,24.011215,0.319104,-0.603918,-0.006725,-0.73035,-22.394098,129.261536,12.90274,0.095819,0.173851,-0.486627,-0.850758,-15.677958,119.935051,-9.108136,0.224458,0.294727,-0.561527,-0.739893,-3.246766,142.91423,-3.704443,-0.026293,0.990646,0.114729,0.069042,-1.601968,129.136368,25.407648,0.327707,0.853339,0.148887,-0.377165,15.694245,129.770309,27.905251,-0.02439,0.110288,0.466354,-0.877357,28.127253,118.671432,9.498633,-0.020828,-0.186325,0.675361,-0.713258,14.867799,138.869614,5.310584,0.060129,0.941322,0.211691,0.2559,-8.96136,85.593781,11.700588,0.069801,0.993647,-0.048091,0.074032,-9.137418,52.86208,-3.858536,-0.059649,0.970048,0.049563,0.230202,-16.073999,5.980974,0.195684,-0.080083,0.937082,-0.113185,0.320396,7.641402,86.327736,20.403326,0.005476,0.879532,-0.188851,0.436726,10.452323,51.479183,29.951036,-0.037158,0.872519,0.019453,0.486776,2.148294,7.310185,45.524502,-0.059649,0.970048,0.049563,0.230202,-9.028728,1.696704,-12.732625,-0.037158,0.872519,0.019453,0.486776,14.590263,2.221315,38.146645
1219,10.158333,-0.027353,0.97037,0.029007,0.238314,-0.659096,85.959587,16.047792,-0.039817,0.983956,0.11931,0.126532,-1.173735,93.626633,16.380516,-0.040016,0.989871,0.101554,0.090775,-3.474283,114.149689,21.142998,0.04892,0.997274,0.037511,0.040562,-5.520648,134.604507,25.203627,0.088793,0.984931,-0.146587,-0.023237,-3.987626,149.165726,24.484571,-0.031111,0.931402,0.135364,0.336452,-8.910669,128.675842,24.010199,0.319236,-0.603808,-0.006657,-0.730384,-22.404854,129.255234,12.90299,0.096041,0.173707,-0.486714,-0.850712,-15.682062,119.924095,-9.103879,0.224732,0.294513,-0.56165,-0.739802,-3.25267,142.907532,-3.713344,-0.026399,0.990595,0.114962,0.069344,-1.612273,129.128387,25.408646,0.327498,0.853451,0.148827,-0.377117,15.682281,129.764191,27.917217,-0.024542,0.110512,0.466256,-0.877377,28.123892,118.67086,9.513077,-0.020836,-0.186145,0.674936,-0.713706,14.862394,138.866409,5.318627,0.060076,0.941319,0.21172,0.2559,-8.959502,85.591347,11.694673,0.069902,0.993649,-0.048128,0.073888,-9.131427,52.860092,-3.865431,-0.059793,0.970025,0.049549,0.230262,-16.077158,5.980677,0.192541,-0.080016,0.937121,-0.113244,0.320279,7.641311,86.327835,20.400911,0.00543,0.879508,-0.188795,0.436798,10.447539,51.479469,29.950699,-0.037293,0.872499,0.01941,0.486804,2.1484,7.308406,45.520927,-0.059793,0.970025,0.049549,0.230262,-9.028893,1.69723,-12.734405,-0.037293,0.872499,0.01941,0.486804,14.591929,2.220454,38.145073
1220,10.166667,-0.027324,0.970345,0.029053,0.238411,-0.660053,85.960083,16.041697,-0.039935,0.983914,0.119419,0.126715,-1.174465,93.627106,16.375153,-0.040165,0.989829,0.101717,0.09099,-3.481007,114.145424,21.140259,0.048994,0.997258,0.037667,0.04071,-5.534996,134.598358,25.206522,0.088724,0.98495,-0.146506,-0.0232,-3.999619,149.159561,24.492355,-0.031101,0.931334,0.135785,0.336469,-8.9228,128.669113,24.009668,0.319505,-0.603654,-0.006559,-0.730394,-22.416599,129.253967,12.902278,0.096372,0.173596,-0.486787,-0.850656,-15.684557,119.913612,-9.097851,0.224965,0.294332,-0.561763,-0.739717,-3.25684,142.901443,-3.721781,-0.026418,0.99056,0.115098,0.069603,-1.625163,129.123276,25.411543,0.327261,0.853572,0.148878,-0.377029,15.668098,129.758316,27.929205,-0.02471,0.110682,0.466155,-0.877405,28.120703,118.673386,9.527434,-0.020755,-0.1859,0.674638,-0.714054,14.856376,138.866348,5.329221,0.06012,0.941269,0.21166,0.256121,-8.959621,85.592636,11.686913,0.069886,0.993632,-0.048202,0.074075,-9.132034,52.859913,-3.870119,-0.059621,0.970022,0.049601,0.230309,-16.07761,5.980971,0.193675,-0.080065,0.937091,-0.113255,0.320348,7.639515,86.327538,20.396481,0.005404,0.879498,-0.188839,0.4368,10.448058,51.479931,29.948339,-0.037297,0.872528,0.019389,0.486752,2.149209,7.310435,45.523159,-0.059621,0.970022,0.049601,0.230309,-9.029802,1.697691,-12.733577,-0.037297,0.872528,0.019389,0.486752,14.591789,2.221966,38.146065
1221,10.175,-0.027386,0.97032,0.029149,0.238496,-0.65767,85.96035,16.035328,-0.040318,0.983863,0.119465,0.126952,-1.173386,93.627235,16.369946,-0.039874,0.989801,0.101916,0.091198,-3.498013,114.150574,21.135836,0.048852,0.997251,0.038029,0.040719,-5.541556,134.602783,25.211004,0.088771,0.984933,-0.146571,-0.023335,-4.01066,149.164963,24.507257,-0.031243,0.931302,0.135851,0.336518,-8.932382,128.676071,24.010202,0.319577,-0.603523,-0.006021,-0.730475,-22.424719,129.257339,12.900841,0.096849,0.173464,-0.487002,-0.850505,-15.684473,119.897423,-9.088469,0.225632,0.294706,-0.561465,-0.739592,-3.26642,142.893143,-3.733683,-0.026342,0.9905,0.11548,0.069856,-1.634963,129.125336,25.414795,0.32697,0.853721,0.14921,-0.376813,15.657205,129.755753,27.941137,-0.024802,0.110789,0.465902,-0.877523,28.127369,118.685356,9.542495,-0.02078,-0.185738,0.674357,-0.714361,14.853208,138.869934,5.341014,0.060185,0.941238,0.211589,0.25628,-8.956416,85.592262,11.679028,0.069877,0.993624,-0.048269,0.074159,-9.131982,52.857937,-3.874571,-0.059662,0.970015,0.049719,0.230305,-16.077471,5.979485,0.194963,-0.08008,0.937061,-0.11331,0.320415,7.641076,86.328438,20.391628,0.005393,0.879496,-0.188886,0.436783,10.44866,51.481915,29.947695,-0.037251,0.87254,0.019406,0.486733,2.149062,7.314092,45.526871,-0.059662,0.970015,0.049719,0.230305,-9.029254,1.699891,-12.73329,-0.037251,0.87254,0.019406,0.486733,14.590967,2.225367,38.148804
1222,10.183333,-0.027425,0.97029,0.029203,0.238604,-0.655396,85.959335,16.028515,-0.040424,0.983826,0.119583,0.127089,-1.171928,93.626144,16.363743,-0.039992,0.989768,0.102058,0.09135,-3.502049,114.146103,21.13316,0.048585,0.997255,0.038133,0.040838,-5.55162,134.59671,25.213346,0.088749,0.984949,-0.146496,-0.023182,-4.028299,149.159821,24.512564,-0.031201,0.93132,0.135943,0.336435,-8.940692,128.66954,24.009821,0.319792,-0.603358,-0.005869,-0.730519,-22.43508,129.252838,12.903062,0.097179,0.173336,-0.487084,-0.850447,-15.684828,119.883606,-9.079207,0.225891,0.294587,-0.561582,-0.739471,-3.268482,142.884171,-3.739724,-0.026462,0.990452,0.115704,0.070126,-1.643826,129.120117,25.416866,0.326781,0.853834,0.149368,-0.376658,15.646799,129.753006,27.953117,-0.02504,0.110965,0.465772,-0.877563,28.128889,118.690582,9.557776,-0.02095,-0.185435,0.674032,-0.714742,14.850128,138.872772,5.353623,0.060267,0.941221,0.211501,0.256396,-8.953133,85.590851,11.670329,0.069829,0.993612,-0.048355,0.07431,-9.134086,52.854527,-3.878996,-0.05986,0.970013,0.04981,0.230239,-16.076246,5.976224,0.19797,-0.080055,0.936999,-0.113321,0.320597,7.642342,86.327812,20.3867,0.005286,0.879363,-0.188902,0.437046,10.446119,51.481174,29.943481,-0.037135,0.872514,0.019502,0.486785,2.150193,7.313818,45.525925,-0.05986,0.970013,0.04981,0.230239,-9.027717,1.700689,-12.731451,-0.037135,0.872514,0.019502,0.486785,14.592317,2.225835,38.14772
1223,10.191667,-0.027576,0.970264,0.029224,0.238692,-0.652586,85.956848,16.023407,-0.040585,0.983792,0.119681,0.127215,-1.171486,93.623505,16.358337,-0.040021,0.989741,0.102192,0.09148,-3.509416,114.141739,21.130501,0.048479,0.997251,0.038317,0.040881,-5.561211,134.591095,25.215816,0.088751,0.984959,-0.14643,-0.0232,-4.041053,149.1548,24.520355,-0.031222,0.93132,0.135958,0.336427,-8.949633,128.664063,24.009781,0.320082,-0.60322,-0.005761,-0.730507,-22.444147,129.246826,12.903148,0.097544,0.173228,-0.487101,-0.850418,-15.685564,119.867195,-9.072124,0.226072,0.294453,-0.561629,-0.739434,-3.268302,142.870255,-3.747447,-0.026523,0.990411,0.115886,0.070383,-1.653155,129.11467,25.418827,0.326557,0.853954,0.149353,-0.376585,15.636095,129.748123,27.964302,-0.025273,0.111162,0.465704,-0.877567,28.128189,118.692436,9.571709,-0.021015,-0.185316,0.673763,-0.715025,14.848429,138.873367,5.364311,0.060354,0.941192,0.211468,0.256508,-8.949373,85.58577,11.663632,0.069801,0.993596,-0.048435,0.074489,-9.13506,52.849209,-3.885151,-0.059702,0.970022,0.049976,0.230208,-16.075865,5.971277,0.198342,-0.080084,0.937035,-0.113358,0.32047,7.644199,86.327927,20.383179,0.00531,0.879375,-0.188949,0.437,10.450312,51.482224,29.942694,-0.037064,0.872551,0.019399,0.486728,2.151205,7.316595,45.528347,-0.059702,0.970022,0.049976,0.230208,-9.029587,1.699163,-12.73344,-0.037064,0.872551,0.019399,0.486728,14.591226,2.224981,38.149101
1224,10.2,-0.027546,0.970257,0.029131,0.238735,-0.653386,85.955521,16.018909,-0.040736,0.98375,0.119828,0.127348,-1.171506,93.622284,16.352541,-0.04008,0.989711,0.102317,0.091639,-3.516785,114.135574,21.128916,0.04854,0.997236,0.038486,0.041016,-5.572123,134.583664,25.218788,0.088683,0.984973,-0.146386,-0.023124,-4.050029,149.147415,24.528557,-0.031287,0.931322,0.135989,0.336405,-8.95951,128.656586,24.010145,0.320382,-0.602964,-0.005629,-0.730588,-22.454414,129.237473,12.903893,0.097621,0.173117,-0.487124,-0.850418,-15.680453,119.84816,-9.062502,0.225988,0.293497,-0.562094,-0.739486,-3.261493,142.853912,-3.744653,-0.026541,0.99038,0.115984,0.070646,-1.663537,129.107605,25.421661,0.326356,0.854077,0.14926,-0.376518,15.624372,129.740356,27.976358,-0.025567,0.111473,0.465677,-0.877533,28.125465,118.688965,9.587298,-0.021197,-0.185093,0.673547,-0.71528,14.847027,138.871307,5.373078,0.06036,0.941138,0.211442,0.256728,-8.949822,85.584602,11.658457,0.069828,0.993575,-0.048477,0.07472,-9.132766,52.847279,-3.888747,-0.05974,0.969994,0.049882,0.230335,-16.077351,5.970088,0.196828,-0.080084,0.937022,-0.113346,0.320513,7.643048,86.326439,20.379362,0.005332,0.879385,-0.188927,0.43699,10.449002,51.480545,29.93821,-0.037151,0.872474,0.019297,0.486864,2.149166,7.314125,45.521225,-0.05974,0.969994,0.049882,0.230335,-9.027456,1.695794,-12.732256,-0.037151,0.872474,0.019297,0.486864,14.59184,2.221331,38.147278
1225,10.208333,-0.02749,0.970248,0.029061,0.238786,-0.654693,85.954109,16.014837,-0.040871,0.983715,0.119957,0.127451,-1.171745,93.620987,16.347605,-0.040131,0.989688,0.102415,0.091753,-3.523693,114.131332,21.127993,0.048379,0.997236,0.038612,0.041111,-5.581977,134.5784,25.221458,0.088638,0.984983,-0.146362,-0.023013,-4.064456,149.142807,24.534883,-0.031324,0.931423,0.135899,0.336157,-8.968506,128.65123,24.010849,0.320832,-0.602711,-0.005593,-0.730599,-22.469154,129.228561,12.911388,0.098281,0.173007,-0.487101,-0.850378,-15.680022,119.828484,-9.045722,0.226429,0.293326,-0.562105,-0.73941,-3.258967,142.835648,-3.75075,-0.026652,0.990334,0.116196,0.070907,-1.672904,129.102692,25.42415,0.326263,0.854177,0.149356,-0.376333,15.613517,129.737656,27.988396,-0.025642,0.111641,0.465624,-0.877538,28.124533,118.68898,9.604438,-0.021301,-0.185121,0.673179,-0.715616,14.845734,138.869415,5.384699,0.060337,0.941114,0.211406,0.25685,-8.950729,85.583916,11.653556,0.069863,0.993573,-0.048487,0.074704,-9.130776,52.845299,-3.890955,-0.059641,0.969994,0.049908,0.230354,-16.078691,5.968672,0.195471,-0.080043,0.936969,-0.113289,0.320699,7.641343,86.324295,20.376118,0.005313,0.879464,-0.188939,0.436826,10.444036,51.47699,29.930815,-0.03718,0.872454,0.019272,0.486898,2.148195,7.311005,45.517193,-0.059641,0.969994,0.049908,0.230354,-9.029254,1.694354,-12.733862,-0.03718,0.872454,0.019272,0.486898,14.5916,2.218014,38.144608
1226,10.216667,-0.027394,0.97024,0.029,0.238837,-0.656435,85.957947,16.009462,-0.041003,0.983678,0.120081,0.127584,-1.171842,93.624962,16.341639,-0.040221,0.989653,0.102581,0.091908,-3.530056,114.129082,21.125008,0.048414,0.99722,0.038813,0.041262,-5.593327,134.574432,25.224607,0.088541,0.984999,-0.146333,-0.0229,-4.074627,149.138992,24.544224,-0.031373,0.931421,0.13588,0.336167,-8.9784,128.647034,24.010954,0.321235,-0.602504,-0.005352,-0.730595,-22.478712,129.222595,12.910999,0.098973,0.172891,-0.487109,-0.850316,-15.677029,119.804993,-9.034708,0.226816,0.293568,-0.562108,-0.739193,-3.254939,142.815369,-3.763872,-0.026553,0.990301,0.116205,0.071379,-1.683331,129.09935,25.426725,0.325963,0.854326,0.149201,-0.376317,15.600918,129.728897,28.006855,-0.026148,0.112148,0.465655,-0.877442,28.122271,118.687546,9.625546,-0.021669,-0.184875,0.672681,-0.716136,14.850725,138.870026,5.396198,0.060322,0.941107,0.211254,0.257004,-8.952115,85.589272,11.647384,0.069887,0.993617,-0.0484,0.074147,-9.131592,52.845882,-3.887083,-0.059753,0.969987,0.049881,0.230363,-16.078875,5.968771,0.194838,-0.080045,0.936947,-0.113247,0.320777,7.639245,86.32663,20.37154,0.005204,0.879353,-0.18901,0.43702,10.442288,51.478661,29.923677,-0.03724,0.872503,0.019108,0.486812,2.14914,7.315117,45.518394,-0.059753,0.969987,0.049881,0.230363,-9.028112,1.694579,-12.733809,-0.03724,0.872503,0.019108,0.486812,14.590913,2.218861,38.145325
1227,10.225,-0.027387,0.970231,0.029104,0.238862,-0.656704,85.959915,16.00308,-0.041065,0.983647,0.120176,0.127715,-1.172401,93.626839,16.336823,-0.040352,0.989615,0.10274,0.092079,-3.533787,114.12529,21.12236,0.048391,0.997207,0.039056,0.04137,-5.603765,134.568817,25.227594,0.088395,0.985034,-0.14619,-0.022876,-4.085696,149.133789,24.554457,-0.031407,0.931455,0.135862,0.336075,-8.986886,128.640945,24.010872,0.321748,-0.602227,-0.005161,-0.730599,-22.489292,129.214706,12.913359,0.09967,0.172931,-0.487098,-0.850233,-15.670943,119.779274,-9.019533,0.227519,0.293162,-0.562244,-0.739035,-3.248763,142.794113,-3.765629,-0.026707,0.990246,0.116435,0.071717,-1.692441,129.094681,25.429413,0.325878,0.854435,0.149488,-0.376028,15.589838,129.727585,28.021944,-0.026291,0.112434,0.465612,-0.877424,28.124737,118.691299,9.646819,-0.021902,-0.184647,0.672318,-0.716529,14.854481,138.872528,5.408512,0.060316,0.941079,0.211179,0.257168,-8.952166,85.591843,11.640527,0.069872,0.993593,-0.048458,0.074455,-9.129985,52.846085,-3.888983,-0.059812,0.969994,0.049909,0.230312,-16.077454,5.969301,0.196399,-0.080091,0.936929,-0.113294,0.320803,7.638758,86.32798,20.365635,0.005227,0.879395,-0.189031,0.436926,10.443526,51.481323,29.922062,-0.037176,0.872493,0.019108,0.486836,2.14932,7.318556,45.518433,-0.059812,0.969994,0.049909,0.230312,-9.027414,1.696291,-12.733036,-0.037176,0.872493,0.019108,0.486836,14.590892,2.22136,38.145657
1228,10.233333,-0.027431,0.970214,0.0292,0.238913,-0.653298,85.961411,15.998043,-0.041147,0.983609,0.120305,0.127854,-1.170016,93.62822,16.333027,-0.040542,0.989575,0.102884,0.092264,-3.53606,114.124153,21.122843,0.048225,0.997205,0.039075,0.041577,-5.615188,134.565811,25.232822,0.088313,0.985064,-0.146076,-0.022616,-4.101452,149.131256,24.56041,-0.031381,0.931441,0.135863,0.336116,-8.995644,128.637024,24.013128,0.322285,-0.601975,-0.004705,-0.730573,-22.497139,129.211868,12.914568,0.100715,0.172987,-0.487195,-0.850043,-15.663484,119.747879,-9.001236,0.228699,0.293433,-0.562056,-0.738706,-3.24904,142.769043,-3.77495,-0.026662,0.990195,0.116638,0.072106,-1.701936,129.093048,25.434715,0.325767,0.854515,0.149974,-0.375751,15.578466,129.722244,28.0406,-0.026329,0.112663,0.46554,-0.877432,28.127331,118.696388,9.668743,-0.02203,-0.184343,0.6722,-0.716714,14.857127,138.873947,5.421586,0.060457,0.941064,0.211068,0.257283,-8.948261,85.59301,11.634575,0.069788,0.99359,-0.0485,0.074547,-9.135928,52.845097,-3.890257,-0.059885,0.969996,0.050014,0.230263,-16.076145,5.967581,0.199035,-0.080101,0.936929,-0.113334,0.320784,7.641666,86.329819,20.361511,0.005216,0.87933,-0.189052,0.437049,10.446323,51.483929,29.920759,-0.037136,0.872479,0.019139,0.486862,2.149954,7.321921,45.51812,-0.059885,0.969996,0.050014,0.230263,-9.026572,1.698057,-12.731807,-0.037136,0.872479,0.019139,0.486862,14.59172,2.224934,38.145531
1229,10.241667,-0.027547,0.970196,0.029329,0.238957,-0.647408,85.960388,15.991029,-0.041255,0.983564,0.120486,0.127992,-1.166349,93.626976,16.327494,-0.040752,0.989543,0.102934,0.09246,-3.538471,114.120506,21.123785,0.048132,0.997191,0.039365,0.041759,-5.627319,134.56102,25.234562,0.088249,0.985083,-0.146011,-0.022462,-4.116142,149.127121,24.57081,-0.031257,0.931633,0.13557,0.335715,-9.004943,128.631012,24.012911,0.32324,-0.601571,-0.004669,-0.730484,-22.516127,129.20433,12.926076,0.101971,0.172916,-0.487138,-0.849941,-15.658342,119.716957,-8.972061,0.229511,0.293255,-0.562162,-0.738445,-3.241903,142.739899,-3.783209,-0.02673,0.990162,0.116655,0.072501,-1.712031,129.089752,25.437695,0.325691,0.854644,0.149909,-0.375548,15.566245,129.719604,28.057449,-0.026398,0.112982,0.465593,-0.87736,28.125095,118.692146,9.693386,-0.021893,-0.184088,0.671968,-0.717001,14.860855,138.871185,5.434561,0.060488,0.941098,0.210951,0.257247,-8.941854,85.590485,11.626709,0.069815,0.993583,-0.048505,0.074605,-9.134546,52.839249,-3.891049,-0.059923,0.969979,0.050079,0.23031,-16.077652,5.962148,0.198064,-0.080052,0.936929,-0.113418,0.320767,7.647039,86.330292,20.35535,0.005264,0.879407,-0.189046,0.436895,10.446553,51.485218,29.919083,-0.037149,0.872444,0.019075,0.486926,2.149175,7.323041,45.515419,-0.059923,0.969979,0.050079,0.23031,-9.026423,1.694858,-12.732607,-0.037149,0.872444,0.019075,0.486926,14.591855,2.224684,38.145325
1230,10.25,-0.027412,0.970194,0.029213,0.238996,-0.649846,85.96138,15.989351,-0.041348,0.983534,0.120575,0.128111,-1.166358,93.628189,16.324564,-0.040861,0.98951,0.103077,0.092604,-3.542605,114.11364,21.12208,0.047815,0.997198,0.039468,0.04185,-5.637065,134.552536,25.237965,0.0883,0.985109,-0.145822,-0.022328,-4.134993,149.11972,24.577002,-0.031294,0.931638,0.135444,0.335748,-9.013054,128.622162,24.013636,0.324037,-0.601248,-0.004417,-0.730398,-22.523386,129.192947,12.925622,0.102917,0.172925,-0.487192,-0.849794,-15.646156,119.67778,-8.954366,0.230153,0.293121,-0.562313,-0.738183,-3.233589,142.706436,-3.791738,-0.026849,0.990138,0.116614,0.072855,-1.720665,129.082062,25.440741,0.325535,0.854826,0.149354,-0.375491,15.555594,129.714676,28.073151,-0.026717,0.113558,0.465691,-0.877225,28.121639,118.680153,9.718246,-0.022,-0.183765,0.671776,-0.717261,14.867208,138.864426,5.442476,0.060481,0.941086,0.210846,0.25738,-8.944087,85.593445,11.624467,0.069805,0.993589,-0.048442,0.07457,-9.136215,52.838959,-3.886434,-0.059724,0.969981,0.050114,0.230345,-16.077768,5.961141,0.19713,-0.08005,0.93693,-0.113329,0.320796,7.644395,86.329323,20.354235,0.005196,0.879378,-0.189108,0.436928,10.445623,51.482761,29.912048,-0.037142,0.872485,0.018976,0.486857,2.150804,7.32272,45.515816,-0.059724,0.969981,0.050114,0.230345,-9.027584,1.693327,-12.733942,-0.037142,0.872485,0.018976,0.486857,14.591801,2.221752,38.144676
1231,10.258333,-0.027365,0.970186,0.029134,0.239044,-0.648265,85.959663,15.98595,-0.041483,0.983496,0.120717,0.12823,-1.163794,93.626579,16.320124,-0.040973,0.98948,0.103186,0.092749,-3.546858,114.109352,21.122242,0.047704,0.997188,0.039827,0.041889,-5.646979,134.546921,25.241848,0.088283,0.985124,-0.145724,-0.022386,-4.148426,149.114944,24.591341,-0.031368,0.931648,0.135346,0.335751,-9.021315,128.616089,24.015213,0.324925,-0.600895,-0.004146,-0.730296,-22.531404,129.183334,12.926727,0.103739,0.172837,-0.487139,-0.849742,-15.632982,119.637466,-8.933212,0.230346,0.29255,-0.562716,-0.738042,-3.215932,142.669662,-3.796038,-0.026923,0.990128,0.11644,0.073243,-1.729465,129.07724,25.444656,0.325555,0.854956,0.149372,-0.375171,15.544672,129.711304,28.090611,-0.026769,0.114131,0.465667,-0.877161,28.122017,118.671776,9.746464,-0.02232,-0.183178,0.671598,-0.717568,14.873332,138.854019,5.447661,0.060501,0.941078,0.210844,0.257403,-8.942117,85.592262,11.620282,0.069808,0.993601,-0.048479,0.074396,-9.135263,52.837883,-3.890837,-0.059767,0.969999,0.050045,0.230272,-16.076618,5.960438,0.197338,-0.080002,0.936999,-0.113342,0.320602,7.645587,86.327072,20.351618,0.005305,0.879547,-0.189128,0.436576,10.445204,51.480164,29.908636,-0.037266,0.872467,0.018815,0.486886,2.146632,7.320971,45.512802,-0.059767,0.969999,0.050045,0.230272,-9.027983,1.690881,-12.734006,-0.037266,0.872467,0.018815,0.486886,14.588555,2.217792,38.144756
1232,10.266667,-0.027304,0.970176,0.029092,0.239097,-0.64748,85.959305,15.982583,-0.041654,0.983451,0.120875,0.12837,-1.161976,93.626312,16.316334,-0.040986,0.989456,0.103275,0.092906,-3.55371,114.107109,21.123672,0.047489,0.997186,0.040029,0.041993,-5.655339,134.543869,25.246542,0.088231,0.985151,-0.145586,-0.022281,-4.162986,149.112778,24.601843,-0.031444,0.93164,0.135171,0.335839,-9.029226,128.61322,24.017725,0.325669,-0.600559,-0.00358,-0.730244,-22.537092,129.176331,12.926325,0.104737,0.172807,-0.487266,-0.849553,-15.618408,119.593193,-8.910876,0.231223,0.292359,-0.562719,-0.737841,-3.207178,142.635803,-3.803308,-0.027042,0.990091,0.116547,0.073517,-1.737827,129.074188,25.44952,0.32572,0.855051,0.149396,-0.374801,15.534674,129.710907,28.105461,-0.026725,0.114587,0.465653,-0.87711,28.120434,118.660545,9.773623,-0.022613,-0.182521,0.671648,-0.71768,14.876105,138.841492,5.454464,0.060688,0.940989,0.210842,0.257686,-8.940917,85.59285,11.616053,0.069759,0.993576,-0.048554,0.074713,-9.142138,52.840054,-3.898306,-0.059811,0.969983,0.049935,0.230353,-16.080744,5.962661,0.195167,-0.079969,0.937038,-0.113317,0.320505,7.645957,86.32576,20.349113,0.005296,0.879536,-0.18914,0.436593,10.444932,51.478058,29.903433,-0.037299,0.872458,0.018717,0.486904,2.146279,7.319289,45.508747,-0.059811,0.969983,0.049935,0.230353,-9.029621,1.690444,-12.733936,-0.037299,0.872458,0.018717,0.486904,14.588371,2.214172,38.142334
1233,10.275,-0.027289,0.970167,0.029137,0.239128,-0.64514,85.960907,15.979446,-0.041699,0.983414,0.121035,0.128489,-1.159591,93.627892,16.31391,-0.041228,0.989424,0.103326,0.093087,-3.553726,114.099251,21.125469,0.047438,0.997174,0.040196,0.042171,-5.666322,134.534744,25.249046,0.088035,0.98521,-0.145331,-0.02213,-4.175182,149.104004,24.609468,-0.031366,0.931666,0.135088,0.335806,-9.037013,128.602661,24.018393,0.32669,-0.600166,-0.003314,-0.730112,-22.545824,129.167175,12.928203,0.105843,0.17275,-0.487342,-0.849384,-15.603643,119.550285,-8.886703,0.231787,0.292155,-0.562819,-0.737669,-3.196249,142.600021,-3.812842,-0.027219,0.990078,0.116448,0.07379,-1.74641,129.066818,25.453207,0.325629,0.855252,0.149204,-0.374498,15.524348,129.708832,28.119219,-0.026623,0.114969,0.465542,-0.877123,28.124363,118.653275,9.8003,-0.022394,-0.182045,0.671802,-0.717663,14.878485,138.830795,5.461935,0.060781,0.940982,0.210787,0.257735,-8.938324,85.594948,11.612387,0.069707,0.993582,-0.048577,0.074667,-9.14613,52.841305,-3.900103,-0.059764,0.96999,0.049971,0.230327,-16.079813,5.963442,0.19624,-0.079956,0.937022,-0.11337,0.320536,7.648044,86.326866,20.346508,0.005282,0.879511,-0.189114,0.436655,10.444601,51.479893,29.904192,-0.037383,0.872453,0.018672,0.486909,2.147129,7.320178,45.507465,-0.059764,0.96999,0.049971,0.230327,-9.029816,1.691857,-12.733692,-0.037383,0.872453,0.018672,0.486909,14.589893,2.215154,38.14212
1234,10.283333,-0.027314,0.970149,0.029227,0.239188,-0.639864,85.96122,15.975502,-0.041828,0.983373,0.121154,0.128645,-1.15503,93.628098,16.311186,-0.041365,0.989389,0.103423,0.093281,-3.555999,114.098526,21.126678,0.047356,0.997159,0.04039,0.042425,-5.675447,134.532684,25.253242,0.087813,0.98526,-0.14517,-0.021826,-4.186282,149.102417,24.619663,-0.031472,0.931694,0.134929,0.335782,-9.044134,128.600006,24.020084,0.327786,-0.599799,-0.003087,-0.729924,-22.553265,129.159058,12.930017,0.107099,0.172838,-0.487395,-0.849178,-15.589112,119.50724,-8.862437,0.232732,0.291968,-0.56312,-0.737215,-3.186762,142.564896,-3.819664,-0.027303,0.990057,0.116352,0.07419,-1.754239,129.065735,25.457981,0.32558,0.855467,0.149601,-0.373889,15.514292,129.709244,28.138008,-0.026156,0.115309,0.46525,-0.877247,28.138494,118.655121,9.834888,-0.022109,-0.181547,0.671797,-0.717802,14.88359,138.820099,5.470261,0.060877,0.941001,0.210693,0.257718,-8.932478,85.595253,11.607364,0.069698,0.993586,-0.048605,0.074606,-9.148911,52.839588,-3.900717,-0.059986,0.969972,0.050022,0.230336,-16.081652,5.961862,0.198762,-0.079962,0.937003,-0.11337,0.320592,7.65275,86.327179,20.343641,0.005302,0.879523,-0.189203,0.436594,10.449144,51.480263,29.901583,-0.037278,0.87248,0.018745,0.486865,2.147412,7.323763,45.511669,-0.059986,0.969972,0.050022,0.230336,-9.029166,1.693469,-12.730861,-0.037278,0.87248,0.018745,0.486865,14.588772,2.219006,38.143768
1235,10.291667,-0.027332,0.970137,0.029353,0.23922,-0.636257,85.961601,15.971616,-0.041896,0.983339,0.121286,0.12876,-1.152162,93.628349,16.309093,-0.041496,0.989365,0.103458,0.093439,-3.556966,114.09539,21.128914,0.047099,0.997156,0.040596,0.042586,-5.682614,134.528809,25.256065,0.087717,0.985307,-0.144947,-0.021608,-4.200763,149.099548,24.628466,-0.031656,0.931759,0.134834,0.335622,-9.049489,128.595383,24.021378,0.328498,-0.599329,-0.002468,-0.729992,-22.56197,129.1465,12.934992,0.108074,0.172608,-0.487662,-0.848948,-15.569674,119.458687,-8.832468,0.233535,0.291664,-0.563265,-0.73697,-3.177437,142.529266,-3.829299,-0.027402,0.990041,0.116235,0.074545,-1.760195,129.062744,25.46179,0.325635,0.855622,0.149406,-0.373564,15.506294,129.708542,28.154377,-0.025917,0.115712,0.465216,-0.877219,28.140778,118.643555,9.864918,-0.021813,-0.180998,0.67189,-0.717864,14.888037,138.806839,5.477285,0.061034,0.94097,0.210562,0.257905,-8.928561,85.595909,11.602873,0.069606,0.993553,-0.048633,0.075115,-9.155174,52.837624,-3.899529,-0.060208,0.969954,0.050108,0.230335,-16.081533,5.95892,0.199655,-0.079956,0.936999,-0.11345,0.320576,7.656048,86.327293,20.340359,0.005309,0.879542,-0.189193,0.436559,10.450273,51.481628,29.903475,-0.037329,0.872496,0.018803,0.486831,2.14896,7.324767,45.512772,-0.060208,0.969954,0.050108,0.230335,-9.026791,1.694705,-12.730117,-0.037329,0.872496,0.018803,0.486831,14.590496,2.222184,38.143669
1236,10.3,-0.027316,0.970122,0.029318,0.239286,-0.632652,85.960114,15.971745,-0.041966,0.983308,0.121389,0.128877,-1.148212,93.626907,16.308714,-0.041649,0.989343,0.103478,0.093589,-3.557094,114.09304,21.132162,0.047012,0.99714,0.040859,0.042798,-5.689776,134.525742,25.259178,0.087467,0.985352,-0.14483,-0.021356,-4.210203,149.097031,24.639528,-0.031754,0.931871,0.134547,0.335418,-9.054597,128.591446,24.023209,0.329629,-0.598954,-0.00235,-0.72979,-22.571655,129.134888,12.942025,0.109381,0.172566,-0.48772,-0.848756,-15.557022,119.415237,-8.804043,0.234459,0.291396,-0.563435,-0.736654,-3.16837,142.492645,-3.83944,-0.027403,0.990034,0.116058,0.074913,-1.76591,129.060776,25.466055,0.325583,0.855805,0.149211,-0.37327,15.498659,129.705536,28.17119,-0.025567,0.116095,0.465032,-0.877276,28.145754,118.634033,9.894392,-0.021459,-0.180464,0.672171,-0.717746,14.888756,138.789581,5.481619,0.06101,0.941024,0.210468,0.257789,-8.924382,85.594597,11.601892,0.069676,0.993596,-0.048507,0.07456,-9.153155,52.833206,-3.893932,-0.060222,0.969938,0.05016,0.230386,-16.082975,5.954278,0.196766,-0.079956,0.937047,-0.113476,0.320427,7.659079,86.32563,20.341597,0.005291,0.879394,-0.189223,0.436845,10.4542,51.4804,29.906034,-0.037316,0.872537,0.018739,0.486761,2.148137,7.324597,45.515785,-0.060222,0.969938,0.05016,0.230386,-9.026731,1.69172,-12.732734,-0.037316,0.872537,0.018739,0.486761,14.588078,2.220158,38.145275
1237,10.308333,-0.027284,0.970117,0.029199,0.239326,-0.630286,85.958694,15.97161,-0.041997,0.983277,0.121512,0.128984,-1.144948,93.625626,16.306913,-0.04178,0.989319,0.103521,0.093737,-3.556185,114.089287,21.134727,0.046714,0.997142,0.041001,0.042955,-5.695092,134.521164,25.262638,0.087324,0.985401,-0.144614,-0.021124,-4.223975,149.093491,24.647047,-0.032069,0.931912,0.13425,0.335394,-9.058092,128.586151,24.025129,0.330357,-0.598534,-0.001966,-0.729807,-22.575018,129.115707,12.943107,0.110313,0.172482,-0.487983,-0.848501,-15.535339,119.367424,-8.78204,0.235404,0.291088,-0.563809,-0.736187,-3.158998,142.457932,-3.8494,-0.027542,0.990024,0.115875,0.075285,-1.769982,129.057129,25.470352,0.325634,0.855974,0.148695,-0.373043,15.492366,129.705658,28.188728,-0.025292,0.116643,0.464976,-0.877241,28.146202,118.617966,9.92642,-0.021166,-0.179833,0.672165,-0.717918,14.892218,138.770477,5.483737,0.060987,0.941031,0.210484,0.257756,-8.921694,85.593254,11.60114,0.069716,0.993606,-0.048504,0.074394,-9.149064,52.832157,-3.895324,-0.060165,0.969949,0.05015,0.230357,-16.081947,5.953726,0.195926,-0.079896,0.937071,-0.113438,0.320384,7.661123,86.324135,20.342081,0.005401,0.879631,-0.18921,0.436371,10.453534,51.477581,29.902494,-0.037363,0.872507,0.018743,0.48681,2.147186,7.321426,45.511108,-0.060165,0.969949,0.05015,0.230357,-9.027039,1.690406,-12.734053,-0.037363,0.872507,0.018743,0.48681,14.588419,2.217807,38.142204
1238,10.316667,-0.027223,0.970113,0.029225,0.239344,-0.626142,85.955894,15.96902,-0.042081,0.983233,0.121732,0.12909,-1.139997,93.622849,16.304926,-0.042067,0.989295,0.103474,0.093913,-3.556842,114.087936,21.141916,0.046609,0.997129,0.041193,0.043184,-5.708176,134.519211,25.266365,0.087194,0.985435,-0.144496,-0.020862,-4.239756,149.092056,24.656639,-0.03223,0.931898,0.134023,0.335509,-9.067549,128.58226,24.028202,0.331089,-0.598176,-0.001455,-0.72977,-22.581409,129.104462,12.942105,0.11132,0.172395,-0.488149,-0.848292,-15.520364,119.321754,-8.760619,0.236324,0.290894,-0.564037,-0.735795,-3.1506,142.423935,-3.860816,-0.02753,0.990013,0.115755,0.075608,-1.78029,129.057236,25.476397,0.325594,0.856241,0.14822,-0.372654,15.480371,129.704361,28.205782,-0.025479,0.117697,0.464914,-0.877128,28.149897,118.602417,9.963031,-0.021637,-0.178917,0.67139,-0.718858,14.907029,138.749283,5.48046,0.061134,0.940981,0.210469,0.257915,-8.917445,85.591682,11.598251,0.069657,0.99359,-0.048569,0.074624,-9.152457,52.831436,-3.89988,-0.060078,0.969956,0.050145,0.230351,-16.081196,5.952826,0.196334,-0.079806,0.937114,-0.113485,0.320263,7.66516,86.320099,20.339788,0.005395,0.879681,-0.189248,0.436254,10.451632,51.473282,29.900974,-0.037417,0.872557,0.018721,0.486717,2.146327,7.318488,45.513977,-0.060078,0.969956,0.050145,0.230351,-9.027317,1.688673,-12.733928,-0.037417,0.872557,0.018721,0.486717,14.586395,2.215029,38.143002
1239,10.325,-0.027181,0.970099,0.02923,0.239406,-0.623791,85.955498,15.968342,-0.04202,0.983202,0.121857,0.129228,-1.137059,93.62249,16.304436,-0.042388,0.989259,0.103488,0.094128,-3.552345,114.083313,21.145798,0.046456,0.997119,0.04133,0.043436,-5.717899,134.513336,25.269028,0.086988,0.985493,-0.144271,-0.020577,-4.253451,149.086761,24.663544,-0.032353,0.931942,0.133837,0.335447,-9.073121,128.574387,24.029236,0.331994,-0.597772,-0.001254,-0.72969,-22.588154,129.090057,12.944251,0.112337,0.172311,-0.488327,-0.848072,-15.503055,119.279816,-8.738203,0.237031,0.290666,-0.564255,-0.73549,-3.14138,142.392441,-3.871922,-0.027707,0.990021,0.115346,0.076066,-1.786865,129.053711,25.481056,0.325473,0.856508,0.147999,-0.372232,15.471034,129.706207,28.22662,-0.025191,0.11843,0.464638,-0.877184,28.160089,118.5979,10.001314,-0.021577,-0.178245,0.67105,-0.719343,14.914835,138.730804,5.480517,0.061244,0.940924,0.210467,0.258098,-8.914587,85.592117,11.596537,0.06965,0.993586,-0.048604,0.074658,-9.154144,52.832794,-3.903496,-0.06007,0.96996,0.050107,0.230344,-16.082577,5.954414,0.195887,-0.07975,0.937067,-0.113471,0.32042,7.667005,86.318886,20.340147,0.00535,0.879669,-0.189257,0.436275,10.448421,51.471199,29.899628,-0.037372,0.872561,0.01882,0.48671,2.146079,7.3167,45.515068,-0.06007,0.96996,0.050107,0.230344,-9.028985,1.689113,-12.734159,-0.037372,0.872561,0.01882,0.48671,14.58606,2.215066,38.14267
1240,10.333333,-0.027165,0.970085,0.029249,0.239461,-0.62128,85.955795,15.969625,-0.041984,0.983181,0.121906,0.129347,-1.134395,93.62278,16.306032,-0.042591,0.989227,0.103561,0.094294,-3.548906,114.082253,21.149096,0.046403,0.997104,0.041456,0.043736,-5.723844,134.51091,25.274086,0.086568,0.985554,-0.14416,-0.020185,-4.260346,149.08461,24.672691,-0.032668,0.932,0.133435,0.335418,-9.076321,128.570831,24.032303,0.332428,-0.597454,-0.000928,-0.729753,-22.591331,129.071289,12.9466,0.112931,0.172085,-0.488524,-0.847926,-15.487359,119.241585,-8.720861,0.237539,0.290372,-0.564508,-0.735248,-3.131633,142.363693,-3.882743,-0.027969,0.989999,0.115257,0.076387,-1.79079,129.05278,25.486887,0.325475,0.856715,0.147596,-0.371915,15.464878,129.713287,28.244505,-0.024814,0.118859,0.464435,-0.877244,28.165596,118.591759,10.035396,-0.021149,-0.177522,0.67127,-0.71933,14.915723,138.716202,5.486845,0.061206,0.940958,0.210487,0.257967,-8.911593,85.592827,11.596872,0.069723,0.99355,-0.048646,0.07504,-9.150351,52.833782,-3.90376,-0.060155,0.969935,0.050115,0.230426,-16.087526,5.95676,0.19632,-0.079759,0.937083,-0.1135,0.320361,7.669033,86.318764,20.342379,0.005364,0.879584,-0.189243,0.436452,10.450972,51.471664,29.903826,-0.037516,0.872547,0.0188,0.486725,2.144935,7.316646,45.515831,-0.060155,0.969935,0.050115,0.230426,-9.030911,1.692455,-12.732402,-0.037516,0.872547,0.0188,0.486725,14.586446,2.216625,38.144905
1241,10.341667,-0.027137,0.970072,0.029302,0.239511,-0.618604,85.957664,15.96939,-0.042065,0.983151,0.121997,0.129465,-1.131523,93.624619,16.306667,-0.042653,0.989202,0.103647,0.094435,-3.55047,114.082954,21.152704,0.046528,0.997078,0.04175,0.043905,-5.728863,134.510651,25.280672,0.08621,0.985591,-0.144137,-0.020074,-4.261669,149.084335,24.688309,-0.032921,0.932032,0.133153,0.335414,-9.080323,128.570419,24.03688,0.333108,-0.59715,-0.000708,-0.729692,-22.594843,129.05928,12.950061,0.113696,0.1719,-0.488675,-0.847774,-15.47282,119.206467,-8.70097,0.237989,0.290156,-0.564744,-0.735007,-3.122146,142.336304,-3.893635,-0.028112,0.98998,0.115198,0.07667,-1.795264,129.052917,25.493643,0.325325,0.856995,0.147087,-0.371602,15.458612,129.717377,28.261494,-0.024975,0.119711,0.464272,-0.87721,28.175739,118.586006,10.069858,-0.02136,-0.176691,0.670524,-0.720223,14.928754,138.704056,5.488452,0.061321,0.940914,0.210443,0.258136,-8.908494,85.595474,11.595774,0.069686,0.993546,-0.048664,0.07511,-9.153165,52.836082,-3.904042,-0.06028,0.969928,0.050083,0.230429,-16.087219,5.958733,0.197529,-0.079764,0.937047,-0.113513,0.320462,7.671286,86.319855,20.343006,0.00542,0.879712,-0.189256,0.436187,10.452238,51.473003,29.905678,-0.03733,0.87257,0.018953,0.486691,2.145674,7.318544,45.518963,-0.06028,0.969928,0.050083,0.230429,-9.029315,1.6945,-12.730511,-0.03733,0.87257,0.018953,0.486691,14.585547,2.219626,38.144516
1242,10.35,-0.027145,0.970058,0.029358,0.239559,-0.613709,85.957169,15.969902,-0.042,0.983125,0.122089,0.129597,-1.126972,93.624069,16.307959,-0.042909,0.98917,0.103658,0.094638,-3.54438,114.082047,21.157925,0.046434,0.997064,0.041903,0.044164,-5.734261,134.508728,25.28483,0.085948,0.985631,-0.144058,-0.019787,-4.269319,149.08284,24.697245,-0.033048,0.932062,0.133049,0.335359,-9.082359,128.566925,24.039511,0.333631,-0.596823,-0.000306,-0.72972,-22.597862,129.05014,12.953645,0.114447,0.171712,-0.488868,-0.847599,-15.456447,119.172684,-8.679758,0.23862,0.290022,-0.564951,-0.734696,-3.112891,142.311554,-3.903429,-0.028265,0.989961,0.11515,0.076928,-1.798201,129.052826,25.499626,0.325098,0.857291,0.145908,-0.371584,15.453982,129.721649,28.276947,-0.024827,0.120179,0.464081,-0.877251,28.179073,118.573288,10.101297,-0.020706,-0.176216,0.670768,-0.720132,14.926821,138.686966,5.495192,0.061282,0.940968,0.21036,0.258016,-8.903157,85.595116,11.59544,0.069715,0.99355,-0.048605,0.07507,-9.148753,52.832867,-3.898315,-0.060439,0.969924,0.050153,0.230388,-16.084995,5.955344,0.19771,-0.079759,0.937036,-0.113531,0.320489,7.675739,86.319229,20.344364,0.005442,0.879658,-0.189273,0.43629,10.455576,51.47261,29.908234,-0.037418,0.872581,0.018946,0.486665,2.144632,7.318774,45.520973,-0.060439,0.969924,0.050153,0.230388,-9.026529,1.694313,-12.731075,-0.037418,0.872581,0.018946,0.486665,14.584867,2.220929,38.146397
1243,10.358333,-0.027094,0.970042,0.029344,0.239633,-0.611614,85.955727,15.970288,-0.042,0.983102,0.122171,0.129697,-1.124084,93.622681,16.308285,-0.043091,0.989152,0.103632,0.094773,-3.542556,114.080856,21.161612,0.046178,0.997061,0.042109,0.044307,-5.74043,134.507111,25.286394,0.085898,0.985654,-0.143959,-0.019593,-4.282824,149.082199,24.704754,-0.033133,0.932087,0.13294,0.335325,-9.086188,128.564102,24.040455,0.334377,-0.596526,-0.000216,-0.729622,-22.602291,129.043076,12.955133,0.115265,0.171664,-0.488947,-0.847453,-15.443248,119.14518,-8.663104,0.239086,0.289906,-0.565154,-0.734434,-3.103387,142.29007,-3.912302,-0.028474,0.989958,0.114935,0.077218,-1.802644,129.052521,25.502798,0.325129,0.85751,0.145476,-0.371221,15.447563,129.727966,28.290775,-0.024629,0.12077,0.463954,-0.877243,28.185059,118.564178,10.133292,-0.020579,-0.17563,0.670367,-0.720652,14.934272,138.671326,5.49725,0.061449,0.940859,0.210357,0.258376,-8.900458,85.594589,11.594601,0.069664,0.993554,-0.048644,0.075035,-9.151525,52.833736,-3.902002,-0.060267,0.969939,0.050167,0.230367,-16.083149,5.955916,0.198351,-0.079765,0.936985,-0.113501,0.320645,7.677231,86.316864,20.345976,0.005444,0.879634,-0.189247,0.436348,10.456602,51.469833,29.908449,-0.037457,0.872549,0.019013,0.486718,2.145539,7.315045,45.518433,-0.060267,0.969939,0.050167,0.230367,-9.026937,1.693902,-12.731343,-0.037457,0.872549,0.019013,0.486718,14.587349,2.219486,38.144924
1244,10.366667,-0.02703,0.970016,0.029346,0.239745,-0.610078,85.953743,15.97251,-0.041944,0.983075,0.122262,0.12983,-1.121639,93.62075,16.310722,-0.043308,0.989132,0.103568,0.094953,-3.538939,114.078522,21.16783,0.046055,0.997048,0.042305,0.044558,-5.746321,134.504532,25.288668,0.085666,0.985676,-0.143984,-0.019293,-4.291912,149.080185,24.713034,-0.033239,0.93211,0.132796,0.335308,-9.089295,128.560074,24.042244,0.334834,-0.596271,1.2e-05,-0.729621,-22.60557,129.033798,12.956903,0.116071,0.171607,-0.489163,-0.84723,-15.431383,119.118332,-8.64826,0.240047,0.290042,-0.565057,-0.734141,-3.102285,142.273178,-3.924582,-0.028659,0.989946,0.114763,0.077551,-1.806535,129.051498,25.507498,0.325067,0.857726,0.144956,-0.370979,15.441507,129.732483,28.307545,-0.024355,0.121255,0.463758,-0.877287,28.189939,118.556488,10.165238,-0.020295,-0.175114,0.670404,-0.720751,14.935822,138.655411,5.501545,0.061428,0.940846,0.210331,0.258451,-8.897977,85.593864,11.594923,0.069718,0.993543,-0.048608,0.075165,-9.146885,52.832031,-3.899659,-0.060266,0.969929,0.050105,0.230423,-16.083866,5.954587,0.195969,-0.079744,0.937015,-0.113437,0.320585,7.67782,86.313622,20.350098,0.005481,0.879687,-0.189254,0.436238,10.45795,51.465298,29.907646,-0.037608,0.872578,0.018994,0.486655,2.145477,7.310808,45.517712,-0.060266,0.969929,0.050105,0.230423,-9.026237,1.690876,-12.732397,-0.037608,0.872578,0.018994,0.486655,14.587571,2.21694,38.14352
1245,10.375,-0.027038,0.97,0.029347,0.239806,-0.607361,85.953453,15.975555,-0.041958,0.98306,0.122308,0.129901,-1.119062,93.620453,16.313713,-0.043472,0.989114,0.103582,0.095047,-3.537574,114.078072,21.17256,0.045637,0.997064,0.042218,0.044712,-5.752164,134.503357,25.293076,0.085692,0.985698,-0.143867,-0.01896,-4.309426,149.080048,24.714605,-0.033369,0.932063,0.132761,0.335439,-9.093029,128.557892,24.045856,0.33523,-0.596021,0.000174,-0.729644,-22.605911,129.027634,12.956216,0.116352,0.17147,-0.489199,-0.847198,-15.416924,119.098747,-8.637859,0.239978,0.289576,-0.565546,-0.733972,-3.086545,142.257385,-3.927989,-0.028862,0.989937,0.114658,0.077748,-1.810749,129.051544,25.512737,0.324995,0.857967,0.144808,-0.370541,15.43581,129.739044,28.32029,-0.02405,0.121665,0.46344,-0.877407,28.202677,118.556343,10.19509,-0.020123,-0.174596,0.670232,-0.721041,14.939398,138.642365,5.505909,0.06147,0.940841,0.210288,0.258494,-8.894701,85.593468,11.596927,0.069778,0.993576,-0.048523,0.07472,-9.146642,52.830685,-3.895584,-0.060271,0.969934,0.050147,0.230391,-16.086784,5.953252,0.194737,-0.079683,0.937012,-0.11339,0.320626,7.679979,86.313431,20.354185,0.005467,0.879656,-0.189262,0.436298,10.456729,51.463634,29.907333,-0.037469,0.872579,0.01899,0.486664,2.144031,7.30941,45.518032,-0.060271,0.969934,0.050147,0.230391,-9.029919,1.690742,-12.734435,-0.037469,0.872579,0.01899,0.486664,14.584938,2.213402,38.143314
1246,10.383333,-0.027016,0.969978,0.029429,0.23989,-0.603554,85.954521,15.976259,-0.041929,0.983036,0.122386,0.130015,-1.115269,93.621468,16.315678,-0.043652,0.989088,0.103616,0.095198,-3.53362,114.078751,21.177689,0.045561,0.997055,0.042246,0.044963,-5.75643,134.503098,25.298506,0.085436,0.985722,-0.143896,-0.018632,-4.31535,149.079987,24.721159,-0.033499,0.932025,0.132774,0.335526,-9.094885,128.556564,24.049856,0.335405,-0.59583,0.000357,-0.729719,-22.605419,129.022675,12.957205,0.116667,0.171393,-0.489326,-0.847097,-15.405176,119.085159,-8.62914,0.240396,0.289411,-0.565615,-0.733847,-3.079973,142.249374,-3.932673,-0.029059,0.989931,0.114548,0.077919,-1.813267,129.052582,25.519218,0.324952,0.85819,0.144769,-0.370078,15.43196,129.746506,28.33334,-0.023758,0.122027,0.463152,-0.877517,28.217243,118.557999,10.224727,-0.019951,-0.1741,0.669956,-0.721422,14.944394,138.634003,5.512019,0.061604,0.940775,0.210228,0.258749,-8.890165,85.59536,11.596186,0.069752,0.993546,-0.048544,0.075128,-9.148174,52.831959,-3.894927,-0.060262,0.969927,0.05011,0.23043,-16.087761,5.954382,0.194703,-0.079683,0.93699,-0.113338,0.32071,7.683058,86.31369,20.356333,0.005533,0.87973,-0.189301,0.436131,10.46017,51.463013,29.906189,-0.037578,0.872581,0.018943,0.486653,2.143261,7.310262,45.51881,-0.060262,0.969927,0.05011,0.23043,-9.029979,1.690794,-12.733614,-0.037578,0.872581,0.018943,0.486653,14.584804,2.214685,38.144867
1247,10.391667,-0.02704,0.96997,0.029627,0.239894,-0.596412,85.956451,15.977422,-0.041912,0.983031,0.122362,0.130082,-1.109207,93.623192,16.319695,-0.04387,0.989053,0.103768,0.095302,-3.526493,114.076164,21.179585,0.045768,0.997032,0.042354,0.045147,-5.759312,134.498383,25.305506,0.08505,0.98575,-0.143952,-0.018486,-4.311874,149.074799,24.73188,-0.033526,0.93202,0.132808,0.335525,-9.094841,128.550735,24.054394,0.335574,-0.595702,0.000288,-0.729746,-22.605333,129.016373,12.961665,0.116919,0.171357,-0.489341,-0.847061,-15.397516,119.078506,-8.621992,0.240613,0.289322,-0.565578,-0.733839,-3.072398,142.244644,-3.934132,-0.029407,0.989892,0.114623,0.078166,-1.813801,129.049545,25.525677,0.324848,0.858367,0.144734,-0.369774,15.429369,129.754257,28.349733,-0.023495,0.122309,0.462908,-0.877613,28.229214,118.564522,10.252163,-0.019661,-0.173675,0.669743,-0.721731,14.948543,138.631195,5.520423,0.06168,0.940758,0.210164,0.258844,-8.882961,85.597748,11.597188,0.069785,0.993524,-0.048541,0.075387,-9.145835,52.83308,-3.891158,-0.06019,0.969912,0.050126,0.230511,-16.089592,5.955916,0.196115,-0.079665,0.936978,-0.113394,0.32073,7.690137,86.315147,20.357655,0.005561,0.879631,-0.189254,0.43635,10.464479,51.465202,29.910942,-0.037638,0.872535,0.018946,0.486732,2.143276,7.310825,45.516659,-0.06019,0.969912,0.050126,0.230511,-9.030422,1.692318,-12.731445,-0.037638,0.872535,0.018946,0.486732,14.586732,2.216255,38.145248
1248,10.4,-0.027022,0.969961,0.029629,0.239932,-0.591552,85.960365,15.981624,-0.041918,0.983013,0.122394,0.130185,-1.10411,93.627121,16.323984,-0.044031,0.989023,0.103858,0.095442,-3.522272,114.079109,21.184719,0.045695,0.997027,0.042371,0.045329,-5.762673,134.499954,25.313335,0.084847,0.985753,-0.144075,-0.018279,-4.316931,149.076569,24.740412,-0.033629,0.931949,0.132894,0.335676,-9.095979,128.551483,24.060211,0.335693,-0.595665,0.000292,-0.729721,-22.602684,129.015533,12.96281,0.117364,0.171468,-0.489416,-0.846934,-15.392643,119.074585,-8.618681,0.241381,0.28968,-0.5652,-0.733737,-3.074192,142.244125,-3.939322,-0.029576,0.989871,0.114658,0.078315,-1.815547,129.052292,25.533819,0.324588,0.858611,0.144813,-0.369403,15.426455,129.762177,28.363693,-0.023211,0.12251,0.4625,-0.877808,28.248274,118.578339,10.278029,-0.019313,-0.173368,0.669511,-0.722029,14.952546,138.628799,5.529946,0.061762,0.940715,0.21006,0.259067,-8.877779,85.60202,11.600754,0.069806,0.993543,-0.048459,0.075178,-9.144583,52.8349,-3.882337,-0.060259,0.9699,0.050156,0.230537,-16.08885,5.957246,0.198525,-0.07968,0.936937,-0.113342,0.320864,7.694674,86.31871,20.362494,0.00563,0.879724,-0.189315,0.436135,10.469939,51.468086,29.913067,-0.037519,0.872603,0.018971,0.486617,2.144264,7.315946,45.522743,-0.060259,0.9699,0.050156,0.230537,-9.028276,1.695076,-12.728739,-0.037519,0.872603,0.018971,0.486617,14.584759,2.220167,38.147175
1249,10.408333,-0.02704,0.969941,0.029717,0.240001,-0.584916,85.963524,15.984556,-0.041955,0.982992,0.122425,0.130302,-1.098084,93.63018,16.328119,-0.044161,0.988997,0.103918,0.095585,-3.518334,114.080048,21.189249,0.045524,0.997027,0.04233,0.04554,-5.76494,134.499893,25.319454,0.084681,0.985751,-0.144225,-0.017984,-4.32362,149.076904,24.745468,-0.033855,0.931902,0.133074,0.335715,-9.096422,128.550751,24.064631,0.335811,-0.595585,5.2e-05,-0.729733,-22.601694,129.009827,12.965269,0.117565,0.171525,-0.489341,-0.846937,-15.386907,119.075432,-8.617669,0.241562,0.289668,-0.565176,-0.733701,-3.066236,142.242828,-3.940743,-0.029747,0.989858,0.114573,0.078547,-1.816566,129.053162,25.540552,0.324296,0.858856,0.144932,-0.369044,15.423812,129.768265,28.379021,-0.023018,0.122824,0.462067,-0.877997,28.268225,118.592583,10.304347,-0.019259,-0.173052,0.669307,-0.722296,14.956276,138.628418,5.536639,0.061788,0.940721,0.209925,0.259148,-8.870502,85.605301,11.602461,0.06985,0.993518,-0.048391,0.075507,-9.140432,52.83429,-3.872347,-0.060169,0.969907,0.050212,0.230518,-16.089716,5.956599,0.19949,-0.079616,0.936958,-0.113348,0.320817,7.700671,86.321747,20.366652,0.005643,0.879706,-0.189293,0.436181,10.471931,51.470463,29.915983,-0.037528,0.872589,0.018941,0.486644,2.145245,7.31754,45.5229,-0.060169,0.969907,0.050212,0.230518,-9.03051,1.695288,-12.728803,-0.037528,0.872589,0.018941,0.486644,14.586147,2.221158,38.14843
1250,10.416667,-0.026977,0.96992,0.029793,0.240082,-0.579719,85.962906,15.985709,-0.042022,0.982966,0.122498,0.130409,-1.092247,93.629555,16.330593,-0.044213,0.988977,0.103978,0.095698,-3.516696,114.082626,21.195087,0.045285,0.997032,0.04226,0.045718,-5.766186,134.501755,25.327265,0.084616,0.985727,-0.144464,-0.017689,-4.33129,149.079315,24.751223,-0.033933,0.931839,0.133077,0.335878,-9.096815,128.552444,24.070938,0.335707,-0.595578,9.6e-05,-0.729786,-22.598057,129.009842,12.966612,0.117341,0.171378,-0.489198,-0.847081,-15.382899,119.077026,-8.616919,0.240996,0.289421,-0.565354,-0.733847,-3.051574,142.239609,-3.938406,-0.029955,0.989832,0.114641,0.078688,-1.817353,129.055374,25.548618,0.324121,0.859044,0.144628,-0.368878,15.421812,129.776886,28.392807,-0.023007,0.123196,0.461853,-0.878058,28.277927,118.598816,10.327938,-0.019262,-0.172769,0.669013,-0.722636,14.96075,138.627243,5.543344,0.061825,0.940708,0.209816,0.259273,-8.864642,85.606239,11.602238,0.06991,0.993535,-0.048298,0.07529,-9.137174,52.832245,-3.866199,-0.060209,0.96988,0.050245,0.230616,-16.090544,5.954486,0.197888,-0.079559,0.93691,-0.113359,0.320968,7.705204,86.31958,20.369181,0.005593,0.879584,-0.189237,0.436452,10.470822,51.467834,29.918447,-0.037604,0.872572,0.018984,0.486666,2.14582,7.312843,45.520405,-0.060209,0.96988,0.050245,0.230616,-9.028334,1.694561,-12.72922,-0.037604,0.872572,0.018984,0.486666,14.588019,2.218683,38.146591
1251,10.425,-0.026993,0.9699,0.029788,0.240163,-0.572293,85.963043,15.988962,-0.042125,0.982945,0.122524,0.130509,-1.085075,93.629677,16.333679,-0.044287,0.988961,0.104004,0.095804,-3.514375,114.081749,21.19829,0.045078,0.997035,0.042314,0.045813,-5.767438,134.500381,25.330982,0.084668,0.985697,-0.144655,-0.017562,-4.338398,149.078568,24.756401,-0.03399,0.931794,0.133137,0.335976,-9.097014,128.55072,24.073605,0.335596,-0.595557,4e-06,-0.729854,-22.595816,129.007431,12.966291,0.117316,0.17141,-0.4891,-0.847134,-15.379395,119.081589,-8.620022,0.241037,0.28936,-0.56529,-0.733907,-3.043188,142.241959,-3.938146,-0.030152,0.989814,0.114599,0.078904,-1.817952,129.054504,25.552952,0.32384,0.859239,0.144563,-0.368696,15.41961,129.782059,28.405285,-0.022973,0.123459,0.461576,-0.878167,28.291433,118.610367,10.347666,-0.019186,-0.172597,0.668786,-0.722889,14.965709,138.628326,5.550269,0.061865,0.940702,0.209723,0.259361,-8.856464,85.60611,11.604095,0.06997,0.993532,-0.048212,0.075325,-9.132065,52.829659,-3.85907,-0.060094,0.969895,0.050286,0.230573,-16.090641,5.951917,0.19625,-0.079482,0.936919,-0.113341,0.320965,7.711878,86.319969,20.373831,0.005605,0.879549,-0.189209,0.436534,10.47279,51.467049,29.920149,-0.037607,0.87257,0.01897,0.48667,2.146565,7.311061,45.518631,-0.060094,0.969895,0.050286,0.230573,-9.030687,1.692202,-12.732157,-0.037607,0.87257,0.01897,0.48667,14.588794,2.216579,38.1451
1252,10.433333,-0.027012,0.969878,0.029792,0.240248,-0.5669,85.963684,15.994578,-0.042087,0.982936,0.122496,0.130611,-1.080019,93.630302,16.339237,-0.044501,0.988934,0.104047,0.095938,-3.508137,114.082954,21.202723,0.045126,0.997019,0.042382,0.046046,-5.770776,134.500412,25.336,0.084463,0.98567,-0.144987,-0.017302,-4.339856,149.078506,24.763844,-0.033958,0.931742,0.13328,0.336064,-9.097545,128.549469,24.077219,0.335212,-0.595599,0.000137,-0.729996,-22.594353,129.009384,12.96761,0.117138,0.171345,-0.488979,-0.847242,-15.380404,119.089363,-8.622214,0.241079,0.289262,-0.565154,-0.734037,-3.035655,142.246887,-3.936492,-0.030425,0.989804,0.114481,0.079096,-1.819145,129.056122,25.558849,0.323619,0.859428,0.143983,-0.368677,15.416777,129.792648,28.418791,-0.023214,0.123879,0.461477,-0.878154,28.296406,118.616615,10.369425,-0.019206,-0.172278,0.668463,-0.723263,14.970944,138.632324,5.559238,0.061909,0.940695,0.209691,0.259402,-8.850284,85.606476,11.608243,0.070004,0.993535,-0.048169,0.075284,-9.128864,52.829445,-3.853632,-0.060156,0.969887,0.05026,0.230595,-16.090187,5.951762,0.197683,-0.079398,0.936938,-0.113337,0.320934,7.716483,86.320892,20.380915,0.005637,0.879554,-0.189116,0.436565,10.472159,51.466919,29.924953,-0.037794,0.872549,0.018925,0.486695,2.14656,7.307622,45.514412,-0.060156,0.969887,0.05026,0.230595,-9.029036,1.691835,-12.730002,-0.037794,0.872549,0.018925,0.486695,14.590785,2.214773,38.143116
1253,10.441667,-0.026981,0.969862,0.029863,0.240307,-0.561255,85.966782,15.998239,-0.042119,0.982919,0.122494,0.130735,-1.074187,93.633354,16.344044,-0.044582,0.988907,0.104136,0.096082,-3.504329,114.086792,21.207159,0.045083,0.997013,0.042345,0.04625,-5.771277,134.503174,25.343401,0.084323,0.985636,-0.145328,-0.017063,-4.341047,149.081314,24.770412,-0.033929,0.931698,0.13339,0.336148,-9.096773,128.551956,24.08256,0.335137,-0.595649,-2.6e-05,-0.72999,-22.59169,129.014557,12.970768,0.11716,0.17141,-0.488823,-0.847316,-15.380705,119.10186,-8.623398,0.241158,0.289263,-0.564993,-0.734134,-3.029439,142.254135,-3.933817,-0.030654,0.989758,0.114743,0.079208,-1.818895,129.059433,25.566465,0.323359,0.859608,0.143923,-0.368509,15.415918,129.802673,28.431343,-0.023282,0.124069,0.461291,-0.878223,28.310061,118.632545,10.388684,-0.01901,-0.172023,0.668237,-0.723537,14.978088,138.643021,5.571098,0.061983,0.940669,0.209587,0.259562,-8.844141,85.610504,11.610886,0.070035,0.993488,-0.048153,0.075877,-9.127179,52.830982,-3.845649,-0.060217,0.969873,0.050271,0.230637,-16.093763,5.953571,0.199784,-0.079372,0.936883,-0.113338,0.3211,7.721631,86.323051,20.38559,0.00565,0.879557,-0.189121,0.436556,10.473803,51.468796,29.92959,-0.037636,0.872587,0.018999,0.486636,2.147018,7.309717,45.519032,-0.060217,0.969873,0.050271,0.230637,-9.030902,1.694487,-12.727249,-0.037636,0.872587,0.018999,0.486636,14.589082,2.216361,38.144436
1254,10.45,-0.027033,0.969845,0.029958,0.240361,-0.552209,85.971085,16.00141,-0.042133,0.982898,0.122511,0.130874,-1.066284,93.637527,16.3484,-0.044717,0.988872,0.104246,0.096261,-3.497913,114.091835,21.212049,0.044965,0.997015,0.042222,0.046433,-5.771599,134.506744,25.351807,0.084305,0.985599,-0.145615,-0.016867,-4.344209,149.085037,24.775381,-0.033922,0.931623,0.133591,0.336275,-9.095112,128.554962,24.088428,0.3348,-0.595758,5e-06,-0.730056,-22.587055,129.020844,12.97315,0.117195,0.171495,-0.488745,-0.847339,-15.382525,119.115196,-8.626419,0.241689,0.289527,-0.564636,-0.734131,-3.02873,142.265335,-3.933222,-0.030777,0.989729,0.114858,0.079355,-1.817922,129.063965,25.575203,0.323063,0.859771,0.144143,-0.368302,15.415817,129.810516,28.445717,-0.023363,0.124279,0.461038,-0.878324,28.327011,118.652939,10.40749,-0.01902,-0.171788,0.667806,-0.723991,14.987056,138.654266,5.582088,0.062071,0.940686,0.209429,0.259609,-8.834557,85.614326,11.613075,0.070042,0.993467,-0.048087,0.076196,-9.12594,52.830791,-3.834797,-0.060237,0.969867,0.05037,0.230635,-16.093969,5.952865,0.202119,-0.079302,0.936841,-0.113385,0.321223,7.730139,86.327835,20.389744,0.005697,0.879553,-0.189071,0.436584,10.475212,51.473557,29.935694,-0.037692,0.872548,0.019055,0.486699,2.146065,7.312712,45.518867,-0.060237,0.969867,0.05037,0.230635,-9.030873,1.696741,-12.72576,-0.037692,0.872548,0.019055,0.486699,14.58998,2.221612,38.145836
1255,10.458333,-0.027009,0.969817,0.030092,0.240459,-0.543022,85.974358,16.00424,-0.042242,0.982877,0.122511,0.130992,-1.05727,93.640701,16.353264,-0.044746,0.988853,0.10431,0.096372,-3.494151,114.095757,21.216227,0.044864,0.997016,0.042175,0.046563,-5.769748,134.51001,25.358227,0.084297,0.985555,-0.145935,-0.016704,-4.344929,149.088486,24.780502,-0.033888,0.931622,0.13369,0.336242,-9.092689,128.558228,24.093306,0.334521,-0.595834,-6.5e-05,-0.730122,-22.585497,129.026215,12.979177,0.117075,0.171436,-0.488554,-0.847478,-15.385461,119.130074,-8.626241,0.241638,0.289469,-0.564537,-0.734246,-3.020791,142.273407,-3.930171,-0.03105,0.989662,0.115253,0.079505,-1.815858,129.067368,25.581772,0.322737,0.859959,0.144241,-0.36811,15.41645,129.821609,28.458818,-0.023333,0.124327,0.460691,-0.8785,28.345119,118.675323,10.426121,-0.018781,-0.171428,0.668062,-0.723846,14.989567,138.66629,5.596358,0.062048,0.940734,0.209235,0.259595,-8.82451,85.618713,11.614199,0.070146,0.993464,-0.047958,0.076211,-9.118405,52.829082,-3.820676,-0.060379,0.969846,0.050403,0.23068,-16.09539,5.95136,0.203133,-0.07924,0.936813,-0.113459,0.321293,7.738465,86.330009,20.394281,0.005736,0.879534,-0.188968,0.436668,10.476864,51.476227,29.943985,-0.037702,0.8725,0.019134,0.486782,2.147213,7.311728,45.516541,-0.060379,0.969846,0.050403,0.23068,-9.029679,1.697362,-12.724013,-0.037702,0.8725,0.019134,0.486782,14.592986,2.222827,38.14513
1256,10.466667,-0.027086,0.969798,0.030177,0.240515,-0.532534,85.978531,16.006979,-0.042365,0.982859,0.12251,0.131092,-1.048267,93.64473,16.356955,-0.044764,0.988828,0.104449,0.096469,-3.49088,114.100685,21.219233,0.044735,0.997019,0.042065,0.046709,-5.768173,134.513641,25.366613,0.084256,0.985505,-0.146319,-0.016488,-4.346609,149.092316,24.785734,-0.033968,0.931554,0.133781,0.336386,-9.09061,128.562088,24.099371,0.33423,-0.595908,-7.6e-05,-0.730194,-22.579834,129.029312,12.980853,0.116816,0.171379,-0.488477,-0.847569,-15.384187,119.140945,-8.629593,0.241464,0.289409,-0.56446,-0.734386,-3.014214,142.281097,-3.927962,-0.03121,0.989639,0.115341,0.0796,-1.814082,129.071121,25.589359,0.322384,0.860163,0.143619,-0.368188,15.417353,129.830261,28.470379,-0.023777,0.12473,0.460595,-0.878481,28.354511,118.685005,10.443133,-0.018888,-0.171267,0.667569,-0.724336,14.999066,138.675262,5.605864,0.062104,0.940749,0.209072,0.25966,-8.813437,85.621902,11.615911,0.070189,0.993489,-0.047831,0.075927,-9.113284,52.827843,-3.809422,-0.060288,0.969864,0.050499,0.230605,-16.092354,5.949548,0.204135,-0.079113,0.93675,-0.113446,0.321513,7.748369,86.335159,20.398048,0.005699,0.879449,-0.188944,0.436849,10.476279,51.479713,29.944662,-0.037668,0.872482,0.019047,0.48682,2.14753,7.314295,45.515072,-0.060288,0.969864,0.050499,0.230605,-9.029458,1.697472,-12.725186,-0.037668,0.872482,0.019047,0.48682,14.59322,2.222753,38.145336
1257,10.475,-0.027058,0.969774,0.030113,0.240623,-0.525906,85.979416,16.012323,-0.042415,0.982843,0.122518,0.131188,-1.041026,93.645699,16.361387,-0.044839,0.988812,0.104484,0.096563,-3.486462,114.103104,21.223896,0.044528,0.997029,0.041988,0.046762,-5.767384,134.515472,25.372196,0.084433,0.985438,-0.146677,-0.016424,-4.351609,149.09462,24.788876,-0.033953,0.931509,0.133856,0.336484,-9.08875,128.563553,24.103884,0.334007,-0.596019,-0.00018,-0.730206,-22.575718,129.032654,12.98271,0.116597,0.171369,-0.488327,-0.847688,-15.386623,119.152817,-8.63382,0.241287,0.289302,-0.564385,-0.734544,-3.008516,142.287399,-3.924898,-0.03146,0.989617,0.115377,0.079727,-1.812592,129.073486,25.595364,0.322173,0.860317,0.143533,-0.368046,15.417587,129.840637,28.481749,-0.023841,0.124928,0.460431,-0.878537,28.366682,118.699333,10.460626,-0.018839,-0.17114,0.667369,-0.724552,15.00711,138.683212,5.616017,0.062223,0.940686,0.209009,0.259909,-8.805863,85.623077,11.619449,0.070215,0.993472,-0.04778,0.076162,-9.110937,52.828182,-3.804006,-0.060162,0.969857,0.05047,0.230674,-16.092995,5.949759,0.20286,-0.078988,0.936741,-0.113444,0.32157,7.754052,86.335747,20.405197,0.005608,0.879333,-0.188886,0.437109,10.472987,51.478828,29.949001,-0.037701,0.872516,0.019076,0.486755,2.149656,7.311237,45.516171,-0.060162,0.969857,0.05047,0.230674,-9.029564,1.695963,-12.7256,-0.037701,0.872516,0.019076,0.486755,14.594707,2.220858,38.144554
1258,10.483333,-0.027056,0.969755,0.030086,0.240704,-0.517771,85.981926,16.015715,-0.042428,0.982823,0.122567,0.131289,-1.032785,93.648239,16.364346,-0.044905,0.988794,0.104517,0.096679,-3.479666,114.106438,21.228872,0.044357,0.997033,0.041975,0.046855,-5.763955,134.518265,25.377983,0.084479,0.985377,-0.147069,-0.016329,-4.352903,149.097855,24.794189,-0.033981,0.9315,0.133935,0.336474,-9.084325,128.56604,24.108461,0.333669,-0.596113,-0.000193,-0.730284,-22.571455,129.03511,12.98749,0.116371,0.171292,-0.488247,-0.847781,-15.387956,119.164192,-8.634957,0.241232,0.289279,-0.564251,-0.734674,-3.004301,142.294998,-3.922296,-0.03161,0.989602,0.115352,0.079896,-1.808592,129.076721,25.601757,0.321982,0.860415,0.143398,-0.368036,15.42031,129.848434,28.494537,-0.024004,0.125143,0.460358,-0.878541,28.375879,118.711182,10.475569,-0.018844,-0.170956,0.667085,-0.724857,15.015763,138.692993,5.625346,0.062333,0.940673,0.208842,0.260064,-8.796994,85.625572,11.621467,0.07026,0.993475,-0.047661,0.076149,-9.11033,52.826595,-3.793155,-0.060192,0.96982,0.050528,0.230809,-16.095716,5.947694,0.202227,-0.078882,0.936752,-0.113461,0.321559,7.761453,86.338287,20.409962,0.00562,0.879311,-0.188836,0.437175,10.472992,51.48045,29.952478,-0.037705,0.872519,0.019036,0.486751,2.149598,7.311064,45.514496,-0.060192,0.96982,0.050528,0.230809,-9.028402,1.695951,-12.724784,-0.037705,0.872519,0.019036,0.486751,14.594417,2.219732,38.143166
1259,10.491667,-0.027073,0.969741,0.030113,0.240755,-0.508611,85.986946,16.020393,-0.042488,0.982816,0.122532,0.131351,-1.023999,93.653221,16.369333,-0.044998,0.988774,0.104609,0.096742,-3.473311,114.110115,21.231546,0.044391,0.997028,0.041945,0.046965,-5.762052,134.520798,25.383886,0.084397,0.985332,-0.147426,-0.016211,-4.349719,149.10022,24.799446,-0.034029,0.931449,0.134357,0.336441,-9.081116,128.568146,24.112869,0.333494,-0.596216,-0.000298,-0.73028,-22.568893,129.040558,12.992823,0.116183,0.171227,-0.488137,-0.847882,-15.391466,119.176933,-8.634981,0.241058,0.289149,-0.564207,-0.734816,-3.000946,142.303391,-3.918721,-0.031792,0.98958,0.115405,0.080017,-1.805686,129.079956,25.607262,0.32173,0.860568,0.143194,-0.367978,15.422138,129.857285,28.504932,-0.024212,0.125362,0.460183,-0.878595,28.387886,118.724213,10.490704,-0.018993,-0.170869,0.6669,-0.725043,15.022108,138.701935,5.635012,0.062423,0.940643,0.208731,0.26024,-8.787364,85.630432,11.625268,0.0703,0.993456,-0.047607,0.076395,-9.106143,52.828918,-3.783839,-0.060246,0.969837,0.050466,0.230736,-16.095955,5.950072,0.204401,-0.078762,0.93673,-0.113531,0.321627,7.770142,86.34346,20.41552,0.005663,0.879331,-0.188736,0.437177,10.471169,51.485382,29.960173,-0.037871,0.872492,0.018968,0.48679,2.148287,7.312468,45.512455,-0.060246,0.969837,0.050466,0.230736,-9.030082,1.696892,-12.722926,-0.037871,0.872492,0.018968,0.48679,14.595035,2.221883,38.143856
1260,10.5,-0.027075,0.969711,0.030151,0.240869,-0.501869,85.9916,16.024532,-0.04247,0.982803,0.122512,0.131476,-1.01747,93.657837,16.37397,-0.045042,0.988749,0.104703,0.096871,-3.466763,114.116753,21.235611,0.044236,0.997032,0.041933,0.047038,-5.758201,134.526443,25.391315,0.084538,0.985257,-0.147856,-0.016162,-4.350191,149.106277,24.806427,-0.033985,0.931464,0.134238,0.336453,-9.076463,128.573792,24.118279,0.333265,-0.596351,-0.000342,-0.730274,-22.56407,129.046249,12.998024,0.116039,0.171213,-0.488033,-0.847965,-15.394672,119.188782,-8.635253,0.241077,0.289142,-0.564091,-0.734901,-2.997963,142.312241,-3.914262,-0.031947,0.989553,0.115549,0.080078,-1.801463,129.085876,25.614666,0.321509,0.86072,0.143177,-0.367824,15.425672,129.867905,28.515192,-0.024407,0.125489,0.460036,-0.878649,28.404129,118.740501,10.506617,-0.018906,-0.170586,0.666605,-0.725383,15.033424,138.714249,5.649415,0.06254,0.940596,0.208537,0.260539,-8.77959,85.635307,11.62744,0.070318,0.993448,-0.047507,0.07655,-9.105225,52.828991,-3.771302,-0.0603,0.969831,0.050558,0.230728,-16.096624,5.949476,0.206343,-0.07873,0.936696,-0.113617,0.321704,7.775852,86.3479,20.421623,0.005707,0.879369,-0.188665,0.437131,10.471867,51.490891,29.971579,-0.037587,0.872516,0.019066,0.486765,2.149018,7.31546,45.516747,-0.0603,0.969831,0.050558,0.230728,-9.030336,1.699325,-12.721756,-0.037587,0.872516,0.019066,0.486765,14.593093,2.223167,38.144806
1261,10.508333,-0.027089,0.969687,0.030218,0.240956,-0.493124,85.996979,16.028917,-0.042478,0.982791,0.122495,0.131573,-1.009202,93.663139,16.379265,-0.045096,0.988728,0.104788,0.096971,-3.459261,114.122482,21.239971,0.044255,0.997028,0.041852,0.047179,-5.753721,134.531219,25.398684,0.08449,0.985202,-0.148263,-0.016012,-4.344701,149.11087,24.811682,-0.034095,0.931437,0.134552,0.336392,-9.071089,128.57843,24.123947,0.3331,-0.596532,-0.000559,-0.730201,-22.559881,129.050751,13.005124,0.115932,0.171226,-0.48789,-0.848059,-15.401195,119.203033,-8.636138,0.24116,0.289072,-0.563955,-0.735005,-2.997215,142.32164,-3.910033,-0.031986,0.989533,0.115626,0.080206,-1.796452,129.091034,25.621927,0.321237,0.860867,0.143527,-0.367581,15.429887,129.873657,28.527037,-0.024401,0.125538,0.459768,-0.878782,28.42589,118.760178,10.522513,-0.01878,-0.170387,0.666408,-0.725615,15.043614,138.725525,5.661847,0.062573,0.940663,0.208285,0.260491,-8.770042,85.640808,11.630307,0.07038,0.993454,-0.047324,0.076534,-9.103692,52.827179,-3.752673,-0.060341,0.969796,0.050648,0.230844,-16.099579,5.946839,0.207299,-0.078681,0.936652,-0.113697,0.321815,7.783796,86.353149,20.427526,0.005734,0.879359,-0.188605,0.437175,10.473474,51.496887,29.982006,-0.037647,0.87254,0.019057,0.486718,2.150105,7.319346,45.520885,-0.060341,0.969796,0.050648,0.230844,-9.029775,1.699729,-12.719878,-0.037647,0.87254,0.019057,0.486718,14.593917,2.227667,38.148079
1262,10.516667,-0.027096,0.969655,0.030216,0.241084,-0.484501,86.002342,16.033644,-0.042519,0.982778,0.122492,0.131664,-1.000722,93.668495,16.383867,-0.045152,0.988712,0.104845,0.097048,-3.45269,114.125954,21.243582,0.044052,0.997039,0.0417,0.047263,-5.749974,134.533981,25.404209,0.084644,0.985151,-0.148528,-0.015859,-4.346444,149.113968,24.812626,-0.033902,0.931416,0.134733,0.336395,-9.066507,128.580994,24.128269,0.332997,-0.596648,-0.000488,-0.730153,-22.555689,129.061752,13.010282,0.115874,0.171139,-0.487797,-0.848138,-15.403888,119.212593,-8.632594,0.24109,0.28903,-0.56382,-0.735149,-2.993564,142.327911,-3.907632,-0.032182,0.989513,0.115688,0.080281,-1.792168,129.094193,25.627481,0.32117,0.860953,0.14386,-0.367306,15.433301,129.883118,28.536011,-0.024325,0.125556,0.459583,-0.878879,28.441452,118.775223,10.536819,-0.018776,-0.170223,0.666184,-0.725859,15.051861,138.733124,5.673139,0.062614,0.94066,0.208088,0.260647,-8.760255,85.646126,11.63285,0.070443,0.993458,-0.047182,0.076504,-9.098095,52.826916,-3.73814,-0.060388,0.969794,0.050718,0.230825,-16.098843,5.946157,0.208263,-0.078596,0.93667,-0.113797,0.321749,7.791253,86.358566,20.434437,0.00577,0.879343,-0.188475,0.437264,10.47344,51.502991,29.993528,-0.037586,0.872518,0.019101,0.486759,2.15089,7.320818,45.519669,-0.060388,0.969794,0.050718,0.230825,-9.029019,1.701393,-12.719671,-0.037586,0.872518,0.019101,0.486759,14.595016,2.229374,38.147224
1263,10.525,-0.02705,0.969641,0.030101,0.241162,-0.477768,86.004684,16.040138,-0.042324,0.982783,0.122549,0.131634,-0.99291,93.67099,16.388777,-0.045458,0.988707,0.104755,0.097048,-3.436697,114.126602,21.251587,0.044077,0.997034,0.041681,0.047357,-5.746289,134.534256,25.407209,0.084626,0.985103,-0.14887,-0.01573,-4.341776,149.114136,24.815252,-0.033614,0.931421,0.134781,0.336391,-9.059227,128.57901,24.132442,0.332892,-0.596787,-0.00038,-0.730087,-22.54917,129.069702,13.01581,0.115761,0.171013,-0.487754,-0.848204,-15.405612,119.217407,-8.628368,0.240987,0.28894,-0.563813,-0.735224,-2.990643,142.330933,-3.905247,-0.032469,0.989515,0.11544,0.08049,-1.785298,129.096848,25.632053,0.321105,0.86105,0.143918,-0.367114,15.438353,129.895554,28.548691,-0.024209,0.125717,0.459385,-0.878962,28.455603,118.788597,10.555488,-0.018776,-0.169964,0.665964,-0.726121,15.060666,138.73703,5.682095,0.062678,0.940603,0.207981,0.260924,-8.752868,85.648819,11.638083,0.070479,0.993459,-0.047078,0.07652,-9.092663,52.826965,-3.727204,-0.060235,0.969809,0.050695,0.230808,-16.09613,5.945745,0.208916,-0.078499,0.936632,-0.113852,0.321863,7.797332,86.36055,20.442196,0.005808,0.879437,-0.188354,0.437127,10.470505,51.504772,30.003077,-0.03751,0.872524,0.019172,0.486752,2.152164,7.318291,45.519222,-0.060235,0.969809,0.050695,0.230808,-9.028295,1.69909,-12.719488,-0.03751,0.872524,0.019172,0.486752,14.595779,2.2275,38.145466
1264,10.533333,-0.026997,0.969625,0.030007,0.241244,-0.473186,86.006165,16.045073,-0.042299,0.982777,0.122558,0.131681,-0.987226,93.6726,16.392466,-0.045474,0.988698,0.104797,0.097085,-3.430575,114.130768,21.256245,0.043943,0.997042,0.041546,0.047431,-5.741142,134.53801,25.413435,0.084687,0.985044,-0.149246,-0.015588,-4.340185,149.118073,24.817482,-0.033639,0.931434,0.13475,0.336364,-9.053792,128.582748,24.137915,0.332931,-0.596883,-0.000488,-0.729992,-22.544313,129.072128,13.021922,0.11577,0.170939,-0.487686,-0.848257,-15.406412,119.221046,-8.624671,0.240974,0.28879,-0.563864,-0.735248,-2.986448,142.332687,-3.904188,-0.032558,0.989523,0.115322,0.08053,-1.77999,129.100708,25.638109,0.32097,0.86119,0.143673,-0.367,15.443234,129.902679,28.556383,-0.024202,0.125872,0.459287,-0.878992,28.468952,118.793976,10.570394,-0.018572,-0.169954,0.66565,-0.726417,15.071352,138.739227,5.689812,0.062798,0.94051,0.207913,0.261284,-8.74759,85.650894,11.64166,0.070486,0.993444,-0.04702,0.076748,-9.090984,52.828079,-3.721499,-0.060232,0.969817,0.050614,0.230793,-16.095579,5.94644,0.207573,-0.07836,0.93662,-0.113854,0.321931,7.801219,86.361435,20.448484,0.005764,0.879393,-0.188286,0.437245,10.464314,51.504112,30.006535,-0.037602,0.872524,0.019097,0.486748,2.150458,7.315159,45.518036,-0.060232,0.969817,0.050614,0.230793,-9.02822,1.697446,-12.720321,-0.037602,0.872524,0.019097,0.486748,14.594542,2.223845,38.145428
1265,10.541667,-0.02696,0.969604,0.029967,0.241336,-0.466969,86.009552,16.050615,-0.042298,0.982772,0.122524,0.131748,-0.980341,93.676048,16.397495,-0.045499,0.98869,0.104812,0.097141,-3.423778,114.134598,21.259756,0.043882,0.997043,0.041445,0.047551,-5.735701,134.541595,25.417328,0.084669,0.984996,-0.14959,-0.015406,-4.336093,149.121674,24.818525,-0.033548,0.931456,0.134727,0.336324,-9.047948,128.586243,24.141226,0.332934,-0.596957,-0.000379,-0.729929,-22.539639,129.078094,13.026757,0.115761,0.17083,-0.487667,-0.848291,-15.40614,119.221703,-8.618874,0.240932,0.28867,-0.563872,-0.735302,-2.983215,142.332535,-3.90266,-0.032702,0.989514,0.115301,0.080615,-1.774344,129.104462,25.642296,0.32094,0.861267,0.143521,-0.366903,15.448074,129.911118,28.564039,-0.024197,0.125981,0.459198,-0.879023,28.478258,118.799004,10.583392,-0.018571,-0.169839,0.665528,-0.726555,15.077593,138.741821,5.697587,0.062777,0.940522,0.207791,0.261342,-8.740582,85.654831,11.645671,0.070561,0.993443,-0.046909,0.07676,-9.08402,52.828163,-3.709241,-0.0602,0.969827,0.050593,0.230765,-16.094919,5.946529,0.208665,-0.078258,0.936649,-0.11393,0.321844,7.806643,86.364273,20.455561,0.005802,0.879395,-0.188172,0.43729,10.461895,51.50703,30.016121,-0.037493,0.872502,0.019135,0.486794,2.148745,7.314038,45.516502,-0.0602,0.969827,0.050593,0.230765,-9.028633,1.696629,-12.719521,-0.037493,0.872502,0.019135,0.486794,14.592732,2.222119,38.144154
1266,10.55,-0.02694,0.969588,0.029967,0.241404,-0.460494,86.012825,16.055557,-0.042259,0.982768,0.122501,0.131812,-0.973597,93.679344,16.402485,-0.045557,0.98868,0.104812,0.097212,-3.41568,114.138664,21.263968,0.043726,0.997053,0.041361,0.047573,-5.730278,134.545441,25.421122,0.084804,0.984943,-0.14986,-0.015391,-4.335049,149.125824,24.819675,-0.033538,0.931495,0.1349,0.336146,-9.041734,128.589767,24.144527,0.332999,-0.597014,-0.000364,-0.729853,-22.537613,129.083099,13.035223,0.115856,0.170702,-0.487618,-0.848332,-15.407515,119.223312,-8.609967,0.240978,0.288534,-0.563957,-0.735276,-2.979717,142.333038,-3.901378,-0.032856,0.989495,0.115355,0.080711,-1.768414,129.108704,25.646717,0.320892,0.861364,0.143563,-0.366702,15.453105,129.92012,28.572411,-0.024144,0.126037,0.459001,-0.879119,28.492134,118.807838,10.598284,-0.018585,-0.169611,0.665417,-0.72671,15.083015,138.744492,5.707935,0.062891,0.940476,0.207603,0.261632,-8.733511,85.658524,11.649466,0.070592,0.993454,-0.046751,0.076687,-9.083702,52.827221,-3.695379,-0.060209,0.969805,0.050644,0.230841,-16.096119,5.944592,0.207872,-0.078162,0.93665,-0.113991,0.321845,7.812522,86.367134,20.461649,0.005794,0.879395,-0.188107,0.437317,10.459858,51.509834,30.024164,-0.037474,0.872526,0.019171,0.486751,2.149609,7.314515,45.519455,-0.060209,0.969805,0.050644,0.230841,-9.027728,1.696332,-12.719697,-0.037474,0.872526,0.019171,0.486751,14.592856,2.223188,38.145458
1267,10.558333,-0.026972,0.96957,0.030013,0.241468,-0.453197,86.016624,16.060247,-0.042194,0.982773,0.122451,0.131842,-0.966968,93.683067,16.407694,-0.045623,0.988669,0.104868,0.09724,-3.406124,114.142487,21.267258,0.043809,0.997048,0.04119,0.047734,-5.723789,134.548523,25.426361,0.084662,0.984904,-0.150221,-0.01515,-4.325509,149.128418,24.820274,-0.033429,0.931539,0.134705,0.336115,-9.034346,128.592514,24.148937,0.33317,-0.597107,-0.000449,-0.729699,-22.531223,129.086929,13.040884,0.116025,0.170673,-0.487543,-0.848358,-15.406632,119.22361,-8.604528,0.241136,0.288399,-0.563978,-0.73526,-2.974121,142.332504,-3.900813,-0.033017,0.989469,0.115464,0.080802,-1.761195,129.112305,25.651657,0.320901,0.86141,0.143589,-0.366575,15.459442,129.928604,28.581205,-0.024152,0.12611,0.458943,-0.879139,28.502831,118.814789,10.611174,-0.018596,-0.169411,0.66522,-0.726936,15.091901,138.74968,5.717621,0.062905,0.940511,0.207503,0.261583,-8.725603,85.661987,11.653033,0.070643,0.993419,-0.046695,0.077127,-9.079603,52.827789,-3.685537,-0.060354,0.969788,0.05067,0.23087,-16.09823,5.945361,0.208962,-0.078131,0.93663,-0.114147,0.321856,7.81921,86.371269,20.467463,0.005946,0.879588,-0.187984,0.436979,10.460566,51.516186,30.039736,-0.037544,0.872537,0.019143,0.486727,2.148618,7.316643,45.522064,-0.060354,0.969788,0.05067,0.23087,-9.027613,1.699011,-12.718019,-0.037544,0.872537,0.019143,0.486727,14.591995,2.225623,38.148067
1268,10.566667,-0.02696,0.969554,0.030017,0.24153,-0.445026,86.020638,16.064972,-0.042149,0.982767,0.122443,0.131909,-0.95865,93.687088,16.412493,-0.045692,0.988657,0.104877,0.09732,-3.396086,114.145279,21.271467,0.043891,0.997041,0.04117,0.04784,-5.716989,134.550964,25.430452,0.084586,0.984857,-0.150579,-0.015076,-4.316046,149.1306,24.82407,-0.033348,0.931576,0.13484,0.335965,-9.026589,128.594559,24.15237,0.333679,-0.597145,-0.000635,-0.729435,-22.527187,129.092422,13.048996,0.116403,0.170681,-0.487494,-0.848332,-15.404873,119.220123,-8.593064,0.241224,0.288307,-0.563977,-0.735269,-2.970898,142.328018,-3.899112,-0.033136,0.989454,0.115492,0.080897,-1.753765,129.115234,25.656361,0.320887,0.861485,0.143331,-0.366512,15.466057,129.935165,28.589678,-0.024274,0.126327,0.458944,-0.879103,28.51218,118.815613,10.6252,-0.018597,-0.169138,0.664849,-0.727339,15.103841,138.751007,5.725183,0.062983,0.94051,0.207331,0.261703,-8.71688,85.666283,11.656698,0.070672,0.993409,-0.046586,0.077295,-9.077592,52.827644,-3.672211,-0.060416,0.969788,0.050735,0.23084,-16.098776,5.944633,0.210607,-0.078046,0.936607,-0.114256,0.321905,7.826829,86.374992,20.473246,0.005972,0.87954,-0.187868,0.437126,10.45937,51.520752,30.051003,-0.037492,0.872492,0.019263,0.486807,2.147508,7.317078,45.521572,-0.060416,0.969788,0.050735,0.23084,-9.028263,1.700588,-12.717188,-0.037492,0.872492,0.019263,0.486807,14.59229,2.228357,38.148357
1269,10.575,-0.026949,0.969544,0.029856,0.241593,-0.439869,86.024353,16.073318,-0.042122,0.982765,0.122415,0.131957,-0.952762,93.690964,16.418449,-0.045688,0.988652,0.104877,0.097365,-3.389219,114.149963,21.2764,0.043816,0.997044,0.04113,0.047883,-5.710127,134.555679,25.43532,0.084607,0.984791,-0.151002,-0.015033,-4.311211,149.135452,24.827736,-0.033428,0.931616,0.134748,0.335882,-9.01972,128.599335,24.156897,0.333753,-0.597178,-0.000473,-0.729375,-22.52206,129.093094,13.055457,0.116549,0.170482,-0.487486,-0.848357,-15.401649,119.212173,-8.583302,0.241327,0.288129,-0.564033,-0.735262,-2.963441,142.32077,-3.901805,-0.033278,0.989453,0.115416,0.080956,-1.747022,129.119858,25.661547,0.320955,0.861562,0.143106,-0.366359,15.472136,129.944687,28.597387,-0.024207,0.126575,0.458898,-0.879094,28.521664,118.815788,10.641153,-0.018638,-0.168894,0.664647,-0.727579,15.114434,138.748718,5.729,0.06303,0.940528,0.207227,0.261707,-8.711165,85.669502,11.664036,0.070696,0.993423,-0.046437,0.077181,-9.077095,52.828182,-3.658983,-0.060297,0.969787,0.050788,0.230863,-16.099102,5.944178,0.210399,-0.077912,0.936863,-0.114399,0.32114,7.831428,86.379204,20.482603,0.006085,0.879743,-0.18776,0.436762,10.459335,51.525818,30.064741,-0.037611,0.872565,0.019123,0.486672,2.148841,7.318428,45.525421,-0.060297,0.969787,0.050788,0.230863,-9.029146,1.700738,-12.717899,-0.037611,0.872565,0.019123,0.486672,14.591837,2.22783,38.150486
1270,10.583333,-0.026901,0.969543,0.029724,0.241618,-0.434899,86.026749,16.07987,-0.041965,0.98277,0.122439,0.131951,-0.946585,93.693527,16.423204,-0.045869,0.988651,0.104784,0.097394,-3.376454,114.151428,21.282751,0.043692,0.997048,0.041051,0.047973,-5.704606,134.557266,25.437027,0.084659,0.984739,-0.151333,-0.014877,-4.308964,149.137253,24.827097,-0.033486,0.931635,0.134547,0.335906,-9.012077,128.599548,24.159546,0.333854,-0.597205,-0.000287,-0.729306,-22.513733,129.089127,13.057089,0.116643,0.170369,-0.487537,-0.848337,-15.394938,119.198021,-8.577545,0.241463,0.287911,-0.564024,-0.735309,-2.956741,142.309708,-3.903869,-0.033387,0.989476,0.115066,0.081126,-1.739709,129.122818,25.664837,0.321073,0.861608,0.142826,-0.366257,15.47823,129.951736,28.60667,-0.023965,0.126775,0.458891,-0.879075,28.527706,118.811249,10.657602,-0.018431,-0.168626,0.664683,-0.727614,15.122211,138.742798,5.731295,0.062998,0.940539,0.207118,0.261763,-8.706021,85.672203,11.670238,0.070768,0.993414,-0.046295,0.077319,-9.071044,52.827286,-3.645107,-0.060197,0.969797,0.05073,0.23086,-16.099304,5.942991,0.209368,-0.077815,0.936883,-0.114401,0.321103,7.836224,86.381302,20.489502,0.006091,0.879666,-0.187667,0.436958,10.457887,51.526855,30.069506,-0.037513,0.872522,0.019081,0.486759,2.147342,7.316127,45.520615,-0.060197,0.969797,0.05073,0.23086,-9.03047,1.697118,-12.718743,-0.037513,0.872522,0.019081,0.486759,14.590685,2.223129,38.14793
1271,10.591667,-0.026811,0.96954,0.029615,0.241654,-0.4301,86.029282,16.086746,-0.04192,0.982776,0.122402,0.131951,-0.940051,93.696228,16.428766,-0.04593,0.988655,0.104723,0.097391,-3.367787,114.154327,21.286964,0.043483,0.997061,0.04095,0.047976,-5.698216,134.560455,25.438482,0.084865,0.98467,-0.151671,-0.014809,-4.308514,149.140884,24.825329,-0.033512,0.931716,0.13439,0.335741,-9.005022,128.602219,24.161757,0.334244,-0.597116,-0.000168,-0.729201,-22.51049,129.088226,13.063786,0.117025,0.170201,-0.487602,-0.848281,-15.386382,119.182732,-8.562507,0.241636,0.287693,-0.564079,-0.735296,-2.948942,142.297424,-3.907455,-0.033466,0.989481,0.114931,0.081235,-1.73273,129.12648,25.667068,0.321131,0.861703,0.142244,-0.366209,15.484405,129.958054,28.612846,-0.023889,0.127072,0.458898,-0.879031,28.533768,118.802628,10.672975,-0.01825,-0.168312,0.664649,-0.727722,15.131302,138.734848,5.7321,0.063069,0.940591,0.206923,0.261715,-8.700979,85.675896,11.676568,0.070675,0.993436,-0.046091,0.077235,-9.075537,52.825783,-3.627402,-0.060328,0.969836,0.050768,0.230652,-16.093267,5.93844,0.209152,-0.077758,0.936703,-0.114261,0.321692,7.840779,86.38266,20.496925,0.00605,0.879703,-0.187676,0.436879,10.455985,51.525253,30.067888,-0.037466,0.872564,0.019068,0.486688,2.14989,7.314816,45.522232,-0.060328,0.969836,0.050768,0.230652,-9.028534,1.694396,-12.721804,-0.037466,0.872564,0.019068,0.486688,14.591521,2.220746,38.147396
1272,10.6,-0.026786,0.969544,0.029576,0.241646,-0.422644,86.033081,16.091366,-0.041882,0.982777,0.122389,0.131972,-0.932087,93.700081,16.432903,-0.045944,0.988655,0.104681,0.097429,-3.35819,114.157715,21.29055,0.043287,0.997073,0.040881,0.047957,-5.689202,134.564148,25.440205,0.085018,0.984606,-0.151998,-0.01483,-4.305164,149.14502,24.82473,-0.033545,0.9318,0.134299,0.335541,-8.995831,128.605774,24.163698,0.334399,-0.597092,0.000118,-0.729149,-22.505901,129.088623,13.0712,0.117278,0.169971,-0.487646,-0.848267,-15.380408,119.168594,-8.547968,0.241826,0.287493,-0.56401,-0.735365,-2.941065,142.285828,-3.910262,-0.033562,0.989479,0.114825,0.081359,-1.72367,129.130249,25.669558,0.32129,0.861747,0.141873,-0.366111,15.492529,129.964966,28.619877,-0.023655,0.127349,0.458936,-0.878977,28.540373,118.794594,10.688205,-0.01809,-0.167975,0.664838,-0.727632,15.14246,138.72702,5.730256,0.063103,0.940644,0.206729,0.261668,-8.693619,85.679962,11.681353,0.070699,0.993457,-0.045899,0.077059,-9.075091,52.824341,-3.610617,-0.060257,0.969838,0.050815,0.230655,-16.093067,5.935645,0.20884,-0.077648,0.936812,-0.114363,0.321364,7.84833,86.3862,20.501379,0.006132,0.879794,-0.187597,0.436729,10.456952,51.529251,30.075798,-0.037339,0.872604,0.019093,0.486625,2.149869,7.316101,45.521812,-0.060257,0.969838,0.050815,0.230655,-9.028927,1.692381,-12.722689,-0.037339,0.872604,0.019093,0.486625,14.589352,2.220766,38.144241
1273,10.608333,-0.026727,0.969547,0.029577,0.241639,-0.417044,86.037308,16.096188,-0.041763,0.982809,0.122266,0.131887,-0.925611,93.704353,16.437965,-0.046061,0.988659,0.104684,0.097331,-3.34579,114.164436,21.29167,0.043219,0.997077,0.040816,0.047992,-5.681222,134.570404,25.441139,0.085002,0.984554,-0.152358,-0.014666,-4.29899,149.151367,24.823748,-0.033617,0.931872,0.134404,0.335291,-8.986571,128.61116,24.165365,0.334764,-0.597032,0.000256,-0.72903,-22.502348,129.091614,13.079715,0.117717,0.169834,-0.487621,-0.848248,-15.373325,119.156731,-8.531464,0.242125,0.287234,-0.564114,-0.735288,-2.930631,142.274643,-3.911535,-0.033704,0.989477,0.114716,0.08149,-1.714287,129.137497,25.669977,0.321466,0.86182,0.141457,-0.365946,15.500834,129.976944,28.625271,-0.023217,0.127451,0.458938,-0.878973,28.549072,118.7892,10.704732,-0.017476,-0.16769,0.665132,-0.727444,15.152186,138.719528,5.73245,0.063094,0.940705,0.206601,0.261554,-8.688147,85.685257,11.686323,0.070724,0.993447,-0.045773,0.077245,-9.073412,52.825714,-3.597132,-0.060283,0.969824,0.050814,0.230706,-16.093588,5.936262,0.209011,-0.077627,0.936822,-0.114433,0.321315,7.854059,86.389366,20.506052,0.006245,0.879878,-0.187548,0.436579,10.460156,51.533329,30.084499,-0.037292,0.872569,0.019049,0.486692,2.148335,7.318539,45.523285,-0.060283,0.969824,0.050814,0.230706,-9.027858,1.693233,-12.721729,-0.037292,0.872569,0.019049,0.486692,14.588305,2.221449,38.147743
1274,10.616667,-0.026743,0.969555,0.029629,0.241601,-0.40716,86.043213,16.099878,-0.041625,0.982792,0.122345,0.131978,-0.916133,93.710205,16.44239,-0.046139,0.988647,0.104606,0.097502,-3.331697,114.172005,21.300388,0.043128,0.99708,0.040687,0.048136,-5.67077,134.578354,25.445944,0.084988,0.984495,-0.152755,-0.014556,-4.290676,149.159363,24.824854,-0.033694,0.932025,0.133984,0.335025,-8.975034,128.618561,24.169865,0.335051,-0.597003,0.000363,-0.728922,-22.49688,129.090179,13.091228,0.118075,0.169613,-0.487643,-0.84823,-15.366122,119.143402,-8.513914,0.242369,0.286989,-0.564138,-0.735285,-2.920971,142.262894,-3.913736,-0.033806,0.989442,0.114956,0.081533,-1.70335,129.145889,25.67704,0.321504,0.861936,0.140868,-0.365865,15.51129,129.987961,28.634401,-0.023014,0.127792,0.45891,-0.878943,28.561262,118.785439,10.724338,-0.017113,-0.167237,0.66524,-0.727458,15.166664,138.71405,5.732674,0.063246,0.940745,0.206404,0.261527,-8.678595,85.691093,11.690638,0.070696,0.993429,-0.04566,0.077566,-9.078604,52.827061,-3.582764,-0.060448,0.969794,0.050815,0.230789,-16.096617,5.936256,0.210667,-0.077524,0.936764,-0.114492,0.321488,7.864275,86.395332,20.509117,0.006236,0.87986,-0.1875,0.436635,10.460175,51.539124,30.089695,-0.03731,0.872593,0.019016,0.486649,2.150112,7.322618,45.524521,-0.060448,0.969794,0.050815,0.230789,-9.02708,1.694677,-12.718472,-0.03731,0.872593,0.019016,0.486649,14.589375,2.224927,38.148197
1275,10.625,-0.026678,0.969562,0.029672,0.241575,-0.401695,86.047729,16.104538,-0.041573,0.982832,0.122168,0.131864,-0.90985,93.714729,16.447948,-0.0461,0.988663,0.104616,0.097341,-3.321812,114.179161,21.299421,0.04298,0.99709,0.040628,0.048097,-5.658665,134.585571,25.445932,0.084975,0.984441,-0.153126,-0.014435,-4.282878,149.166901,24.822876,-0.03354,0.932156,0.133649,0.334809,-8.963598,128.625931,24.170885,0.335185,-0.596915,0.00098,-0.728933,-22.490845,129.097458,13.098845,0.118382,0.169302,-0.48775,-0.848188,-15.354896,119.125854,-8.493132,0.242666,0.286714,-0.564291,-0.735177,-2.909714,142.249969,-3.916073,-0.033826,0.989432,0.114805,0.081849,-1.691396,129.152939,25.675669,0.321626,0.861993,0.140914,-0.365606,15.521386,129.994827,28.643852,-0.022454,0.127958,0.458752,-0.879016,28.576851,118.785187,10.742259,-0.016769,-0.166889,0.665406,-0.727393,15.17757,138.704758,5.730339,0.063206,0.940816,0.206177,0.261459,-8.673429,85.696968,11.695756,0.070717,0.993423,-0.045466,0.077734,-9.076323,52.825768,-3.562143,-0.060517,0.96979,0.050897,0.23077,-16.09556,5.933553,0.211598,-0.077511,0.93679,-0.11456,0.321393,7.870039,86.398491,20.513321,0.00632,0.87994,-0.187467,0.436488,10.464458,51.543259,30.097881,-0.037035,0.87261,0.019066,0.486638,2.151275,7.325664,45.527916,-0.060517,0.96979,0.050897,0.23077,-9.025758,1.694812,-12.718325,-0.037035,0.87261,0.019066,0.486638,14.587966,2.225231,38.149151
1276,10.633333,-0.026581,0.969575,0.029539,0.241549,-0.396454,86.049576,16.111092,-0.041488,0.982843,0.122115,0.131858,-0.902661,93.716774,16.452902,-0.046135,0.988664,0.10458,0.097351,-3.310948,114.183517,21.303055,0.043041,0.997088,0.040527,0.048162,-5.649151,134.590118,25.447899,0.084855,0.984384,-0.153561,-0.014368,-4.2713,149.171127,24.822075,-0.033667,0.932245,0.133467,0.334624,-8.953689,128.630173,24.173222,0.335432,-0.596877,0.001261,-0.728849,-22.484976,129.094452,13.105806,0.11876,0.169092,-0.487779,-0.84816,-15.346825,119.105957,-8.477643,0.242972,0.286526,-0.564317,-0.735129,-2.899559,142.232361,-3.920406,-0.033909,0.989443,0.114574,0.082016,-1.681562,129.157745,25.678179,0.321807,0.862043,0.14063,-0.365439,15.530073,130.002518,28.652208,-0.021985,0.128264,0.458755,-0.878982,28.585833,118.778015,10.760142,-0.016462,-0.166661,0.66548,-0.727386,15.190978,138.693665,5.724878,0.063169,0.940913,0.205963,0.261288,-8.668519,85.699959,11.702834,0.070749,0.993436,-0.045224,0.077678,-9.075939,52.822029,-3.540442,-0.060551,0.96979,0.050992,0.230738,-16.096199,5.928156,0.210689,-0.077436,0.936779,-0.114533,0.321451,7.875612,86.399193,20.519348,0.006332,0.879927,-0.187428,0.436531,10.465004,51.542671,30.100536,-0.037307,0.872635,0.018875,0.48658,2.151672,7.323733,45.526611,-0.060551,0.96979,0.050992,0.230738,-9.026824,1.69236,-12.720434,-0.037307,0.872635,0.018875,0.48658,14.589092,2.222436,38.149673
1277,10.641667,-0.026528,0.969588,0.029485,0.241508,-0.390201,86.050919,16.117352,-0.04141,0.982858,0.122039,0.131837,-0.89541,93.718216,16.458574,-0.046193,0.988672,0.104483,0.097351,-3.300006,114.186684,21.306259,0.042976,0.997093,0.040398,0.048245,-5.640226,134.593887,25.446896,0.084847,0.984326,-0.153952,-0.014206,-4.263895,149.174881,24.817329,-0.033587,0.932368,0.133144,0.334416,-8.944175,128.633377,24.173372,0.335955,-0.596839,0.001475,-0.72864,-22.480532,129.095383,13.112061,0.119381,0.168942,-0.487758,-0.848115,-15.340118,119.08432,-8.460185,0.243385,0.286343,-0.564503,-0.73492,-2.888813,142.213608,-3.926076,-0.03402,0.989451,0.114367,0.082159,-1.672125,129.161957,25.67836,0.322021,0.862097,0.140208,-0.365285,15.538428,130.01062,28.657564,-0.021577,0.128554,0.458839,-0.878906,28.592945,118.767357,10.776358,-0.01604,-0.166408,0.665554,-0.727385,15.205086,138.683289,5.719797,0.063176,0.941028,0.205796,0.261004,-8.662696,85.701981,11.709842,0.070739,0.993444,-0.04502,0.077706,-9.078553,52.819134,-3.522579,-0.060445,0.969773,0.051054,0.230827,-16.096558,5.923372,0.209111,-0.077311,0.936793,-0.114507,0.321451,7.882293,86.399857,20.524862,0.006341,0.879937,-0.187408,0.436519,10.463869,51.541508,30.101522,-0.037391,0.87266,0.018782,0.486533,2.150867,7.321844,45.525723,-0.060445,0.969773,0.051054,0.230827,-9.025876,1.688615,-12.721642,-0.037391,0.87266,0.018782,0.486533,14.587861,2.219392,38.148849
1278,10.65,-0.026458,0.96962,0.029386,0.241398,-0.383108,86.054649,16.123428,-0.041306,0.982881,0.12197,0.131765,-0.886865,93.722084,16.463491,-0.046265,0.98868,0.104418,0.097307,-3.286473,114.191887,21.309189,0.042825,0.9971,0.040314,0.048296,-5.62922,134.599396,25.446978,0.08483,0.984256,-0.154425,-0.014043,-4.25705,149.180679,24.814838,-0.033714,0.932475,0.132981,0.334171,-8.932432,128.638245,24.174557,0.336337,-0.596802,0.001729,-0.728493,-22.474216,129.092957,13.119596,0.119792,0.168703,-0.487749,-0.84811,-15.331647,119.062019,-8.442696,0.243539,0.286039,-0.564644,-0.734879,-2.875657,142.19281,-3.930092,-0.034055,0.98946,0.114135,0.082351,-1.660357,129.16803,25.678974,0.322327,0.862093,0.140104,-0.365064,15.549,130.017807,28.664722,-0.021216,0.128872,0.458854,-0.87886,28.601738,118.75808,10.792587,-0.016103,-0.165991,0.665538,-0.727493,15.218978,138.671097,5.714629,0.063055,0.941164,0.205603,0.260697,-8.656666,85.706459,11.717863,0.070837,0.993479,-0.044729,0.077337,-9.073069,52.816738,-3.499694,-0.060559,0.969783,0.051042,0.230756,-16.09683,5.919817,0.206483,-0.077203,0.936827,-0.114491,0.321382,7.89045,86.402832,20.528994,0.006367,0.879891,-0.187394,0.436618,10.46587,51.543011,30.101936,-0.037384,0.872645,0.01868,0.486564,2.149487,7.322884,45.522991,-0.060559,0.969783,0.051042,0.230756,-9.026876,1.685534,-12.724818,-0.037384,0.872645,0.01868,0.486564,14.586468,2.217816,38.147919
1279,10.658333,-0.026415,0.969636,0.029312,0.241351,-0.376606,86.058678,16.131277,-0.041216,0.982905,0.12183,0.131747,-0.879436,93.726219,16.470425,-0.046233,0.988686,0.104388,0.097296,-3.274572,114.19886,21.311226,0.042644,0.99711,0.040203,0.048345,-5.615829,134.606766,25.447924,0.084823,0.984188,-0.154872,-0.013896,-4.248657,149.18837,24.812363,-0.033802,0.932609,0.132722,0.33389,-8.919479,128.645752,24.175926,0.336731,-0.596734,0.002036,-0.728365,-22.467617,129.093094,13.128445,0.120362,0.16852,-0.487794,-0.84804,-15.321115,119.040504,-8.422464,0.244097,0.285797,-0.564668,-0.73477,-2.864762,142.174484,-3.934101,-0.03413,0.989467,0.113917,0.082537,-1.647326,129.17514,25.680122,0.322601,0.862122,0.139829,-0.36486,15.560781,130.027405,28.672377,-0.020724,0.129103,0.459007,-0.878758,28.612143,118.749084,10.810961,-0.015596,-0.16584,0.665702,-0.727389,15.238558,138.664383,5.712599,0.063059,0.941245,0.20548,0.260497,-8.650634,85.710899,11.726559,0.070823,0.993484,-0.044561,0.077376,-9.073016,52.81757,-3.483042,-0.060636,0.969791,0.051055,0.2307,-16.094473,5.91903,0.207043,-0.077081,0.936844,-0.114449,0.321378,7.897422,86.406448,20.535997,0.006384,0.879944,-0.187393,0.436511,10.465632,51.544559,30.103344,-0.037282,0.872649,0.018683,0.486565,2.14977,7.324409,45.524609,-0.060636,0.969791,0.051055,0.2307,-9.025226,1.685626,-12.724935,-0.037282,0.872649,0.018683,0.486565,14.585817,2.217939,38.148926
1280,10.666667,-0.026368,0.96967,0.029214,0.241231,-0.369233,86.065155,16.13839,-0.041154,0.982925,0.121742,0.131697,-0.870953,93.732826,16.476311,-0.046269,0.98869,0.104355,0.097274,-3.262841,114.206779,21.313997,0.042539,0.99712,0.039966,0.048419,-5.605391,134.614807,25.449253,0.084878,0.984129,-0.155237,-0.013703,-4.240779,149.196335,24.80673,-0.033989,0.932536,0.132811,0.334039,-8.908665,128.653488,24.177807,0.337053,-0.596743,0.002525,-0.728208,-22.452875,129.096527,13.125342,0.120744,0.168443,-0.487847,-0.84797,-15.306984,119.016602,-8.412987,0.244538,0.285528,-0.564798,-0.734628,-2.850604,142.156769,-3.93848,-0.034127,0.989469,0.113816,0.082653,-1.636501,129.183502,25.681725,0.322874,0.862132,0.139937,-0.364552,15.570948,130.035492,28.677849,-0.020361,0.12926,0.458933,-0.878782,28.624695,118.745132,10.825788,-0.015586,-0.165301,0.665905,-0.727327,15.249893,138.655457,5.712307,0.063116,0.941308,0.205303,0.260397,-8.644393,85.717712,11.735771,0.070854,0.993483,-0.044372,0.077473,-9.075797,52.819626,-3.463289,-0.060767,0.969768,0.051076,0.230755,-16.09918,5.919909,0.208082,-0.07704,0.936868,-0.114469,0.321311,7.905927,86.412598,20.541008,0.00644,0.879934,-0.187371,0.436539,10.471553,51.550579,30.108604,-0.037212,0.872679,0.018637,0.486517,2.151419,7.329717,45.525524,-0.060767,0.969768,0.051076,0.230755,-9.027152,1.688229,-12.722939,-0.037212,0.872679,0.018637,0.486517,14.585784,2.221037,38.148533
1281,10.675,-0.02629,0.969679,0.029231,0.241201,-0.360045,86.07016,16.143681,-0.041011,0.982945,0.121637,0.131691,-0.860662,93.737885,16.482162,-0.046434,0.988687,0.104278,0.097305,-3.245796,114.21167,21.315994,0.042491,0.997124,0.039848,0.048488,-5.594998,134.619736,25.447306,0.084854,0.984069,-0.155637,-0.013619,-4.231449,149.201218,24.801369,-0.033939,0.932674,0.132643,0.333725,-8.896323,128.657181,24.176605,0.337442,-0.596646,0.002861,-0.728106,-22.447985,129.098267,13.133204,0.121015,0.168091,-0.487752,-0.848056,-15.296456,118.996284,-8.392918,0.244247,0.284901,-0.565138,-0.734706,-2.828285,142.135544,-3.939804,-0.034177,0.989476,0.113609,0.082836,-1.624475,129.189667,25.681168,0.32311,0.862157,0.139738,-0.364361,15.581788,130.043259,28.683619,-0.019891,0.129311,0.459067,-0.878715,28.634882,118.737495,10.840837,-0.014887,-0.165111,0.666184,-0.727129,15.265944,138.650345,5.714772,0.063141,0.941419,0.205084,0.260161,-8.635552,85.72419,11.741604,0.070868,0.99351,-0.044148,0.077244,-9.076785,52.819801,-3.443527,-0.060798,0.969757,0.051148,0.23078,-16.099098,5.918389,0.208185,-0.076996,0.93688,-0.114499,0.321273,7.915461,86.416138,20.545759,0.006522,0.879954,-0.187331,0.436516,10.477837,51.554138,30.114275,-0.037065,0.872657,0.018669,0.486567,2.152885,7.331944,45.524746,-0.060798,0.969757,0.051148,0.23078,-9.026062,1.689023,-12.723038,-0.037065,0.872657,0.018669,0.486567,14.586838,2.221959,38.147976
1282,10.683333,-0.026182,0.969691,0.02912,0.241177,-0.35559,86.073036,16.151947,-0.040981,0.982974,0.121497,0.131612,-0.854174,93.740936,16.489182,-0.046378,0.988708,0.104204,0.097194,-3.237347,114.219986,21.318518,0.042237,0.997145,0.03957,0.048498,-5.583472,134.628922,25.447296,0.085008,0.983993,-0.156054,-0.013399,-4.226904,149.210678,24.792906,-0.034011,0.932781,0.132379,0.333526,-8.885709,128.666519,24.178249,0.338076,-0.596565,0.003065,-0.727878,-22.441833,129.101151,13.140077,0.12196,0.168043,-0.487781,-0.847913,-15.285537,118.974388,-8.372806,0.245243,0.284882,-0.565074,-0.734432,-2.819563,142.116577,-3.948445,-0.034183,0.989492,0.113377,0.082969,-1.613463,129.198486,25.681067,0.32338,0.862172,0.13911,-0.364327,15.592018,130.05246,28.68788,-0.01972,0.129526,0.459245,-0.878595,28.63769,118.723312,10.854514,-0.014588,-0.16472,0.666573,-0.726867,15.278029,138.642426,5.715748,0.063157,0.941489,0.204928,0.260026,-8.631418,85.7285,11.750366,0.070876,0.993524,-0.043937,0.07718,-9.07899,52.819656,-3.424899,-0.06076,0.969746,0.051191,0.230826,-16.100246,5.916572,0.207311,-0.076959,0.936934,-0.11441,0.321157,7.920238,86.417564,20.553528,0.006524,0.879879,-0.187362,0.436653,10.483372,51.553673,30.114948,-0.037266,0.872701,0.018532,0.486477,2.154563,7.332602,45.526581,-0.06076,0.969746,0.051191,0.230826,-9.026372,1.688204,-12.723775,-0.037266,0.872701,0.018532,0.486477,14.588284,2.22205,38.149822
1283,10.691667,-0.026155,0.969724,0.029055,0.241053,-0.347861,86.077324,16.157698,-0.040879,0.98299,0.12143,0.131586,-0.845767,93.7453,16.494127,-0.046398,0.988715,0.104107,0.097215,-3.224206,114.225342,21.32136,0.042233,0.99715,0.039311,0.048612,-5.570885,134.63504,25.446043,0.084979,0.983934,-0.156455,-0.013208,-4.213808,149.216415,24.784258,-0.034052,0.932911,0.132105,0.333266,-8.872958,128.672333,24.177979,0.338675,-0.596565,0.003168,-0.727598,-22.43507,129.101074,13.146923,0.12258,0.167851,-0.487727,-0.847893,-15.278811,118.952904,-8.355887,0.245565,0.284558,-0.565032,-0.734482,-2.807791,142.094147,-3.956601,-0.034175,0.989505,0.113172,0.083092,-1.600798,129.204697,25.681078,0.323525,0.862229,0.138795,-0.364184,15.603992,130.058517,28.691912,-0.019388,0.129654,0.459239,-0.878586,28.650188,118.715546,10.867709,-0.014263,-0.164555,0.666845,-0.726661,15.292241,138.63176,5.716112,0.063222,0.941544,0.204743,0.259958,-8.624833,85.732895,11.758251,0.070836,0.993522,-0.043759,0.077343,-9.081604,52.819138,-3.406105,-0.060719,0.969751,0.05122,0.230808,-16.098471,5.914032,0.20847,-0.076828,0.936949,-0.114347,0.321168,7.929111,86.421745,20.557142,0.006499,0.87971,-0.18734,0.437003,10.484838,51.555347,30.111408,-0.0372,0.872618,0.018435,0.486635,2.152862,7.333467,45.519005,-0.060719,0.969751,0.05122,0.230808,-9.025452,1.686141,-12.723247,-0.0372,0.872618,0.018435,0.486635,14.588177,2.219645,38.147186
1284,10.7,-0.026026,0.969734,0.02888,0.241048,-0.342585,86.078613,16.167206,-0.040716,0.983015,0.121373,0.131498,-0.837913,93.746857,16.501513,-0.046597,0.988735,0.103899,0.097143,-3.208511,114.225052,21.326845,0.042328,0.997152,0.039064,0.048678,-5.562281,134.635803,25.442331,0.084993,0.98388,-0.156799,-0.013066,-4.201949,149.216553,24.773544,-0.033981,0.933025,0.131866,0.333048,-8.862288,128.671295,24.177296,0.339447,-0.596511,0.00306,-0.727283,-22.429646,129.098404,13.152629,0.123279,0.167758,-0.48767,-0.847843,-15.270175,118.932213,-8.3406,0.245885,0.284206,-0.565109,-0.734451,-2.795834,142.07283,-3.964173,-0.034411,0.989533,0.11281,0.083153,-1.590194,129.207016,25.679531,0.323887,0.862241,0.13847,-0.363955,15.613673,130.069839,28.693068,-0.018982,0.129785,0.459355,-0.878515,28.656488,118.70369,10.881167,-0.014025,-0.164443,0.667126,-0.726433,15.304499,138.622208,5.714937,0.063141,0.941655,0.204624,0.259667,-8.619733,85.735741,11.767971,0.070908,0.99354,-0.04352,0.077176,-9.078065,52.817715,-3.387067,-0.060708,0.96975,0.051206,0.230817,-16.09939,5.911594,0.205613,-0.076739,0.937022,-0.114274,0.321002,7.934565,86.421486,20.566441,0.006552,0.879819,-0.187345,0.43678,10.48772,51.552879,30.113363,-0.037139,0.872657,0.018419,0.486571,2.155077,7.331231,45.521259,-0.060708,0.96975,0.051206,0.230817,-9.026236,1.683237,-12.725878,-0.037139,0.872657,0.018419,0.486571,14.588663,2.216088,38.147442
