Frame,Time (Seconds),Hip.rotX,Hip.rotY,Hip.rotZ,Hip.rotW,Hip.posX,Hip.posY,Hip.posZ,Ab.rotX,Ab.rotY,Ab.rotZ,Ab.rotW,Ab.posX,Ab.posY,Ab.posZ,Chest.rotX,Chest.rotY,Chest.rotZ,Chest.rotW,Chest.posX,Chest.posY,Chest.posZ,Neck.rotX,Neck.rotY,Neck.rotZ,Neck.rotW,Neck.posX,Neck.posY,Neck.posZ,Head.rotX,Head.rotY,Head.rotZ,Head.rotW,Head.posX,Head.posY,Head.posZ,LShoulder.rotX,LShoulder.rotY,LShoulder.rotZ,LShoulder.rotW,LShoulder.posX,LShoulder.posY,LShoulder.posZ,LUArm.rotX,LUArm.rotY,LUArm.rotZ,LUArm.rotW,LUArm.posX,LUArm.posY,LUArm.posZ,LFArm.rotX,LFArm.rotY,LFArm.rotZ,LFArm.rotW,LFArm.posX,LFArm.posY,LFArm.posZ,LHand.rotX,LHand.rotY,LHand.rotZ,LHand.rotW,LHand.posX,LHand.posY,LHand.posZ,RShoulder.rotX,RShoulder.rotY,RShoulder.rotZ,RShoulder.rotW,RShoulder.posX,RShoulder.posY,RShoulder.posZ,RUArm.rotX,RUArm.rotY,RUArm.rotZ,RUArm.rotW,RUArm.posX,RUArm.posY,RUArm.posZ,RFArm.rotX,RFArm.rotY,RFArm.rotZ,RFArm.rotW,RFArm.posX,RFArm.posY,RFArm.posZ,RHand.rotX,RHand.rotY,RHand.rotZ,RHand.rotW,RHand.posX,RHand.posY,RHand.posZ,LThigh.rotX,LThigh.rotY,LThigh.rotZ,LThigh.rotW,LThigh.posX,LThigh.posY,LThigh.posZ,LShin.rotX,LShin.rotY,LShin.rotZ,LShin.rotW,LShin.posX,LShin.posY,LShin.posZ,LFoot.rotX,LFoot.rotY,LFoot.rotZ,LFoot.rotW,LFoot.posX,LFoot.posY,LFoot.posZ,RThigh.rotX,RThigh.rotY,RThigh.rotZ,RThigh.rotW,RThigh.posX,RThigh.posY,RThigh.posZ,RShin.rotX,RShin.rotY,RShin.rotZ,RShin.rotW,RShin.posX,RShin.posY,RShin.posZ,RFoot.rotX,RFoot.rotY,RFoot.rotZ,RFoot.rotW,RFoot.posX,RFoot.posY,RFoot.posZ,LToe.rotX,LToe.rotY,LToe.rotZ,LToe.rotW,LToe.posX,LToe.posY,LToe.posZ,RToe.rotX,RToe.rotY,RToe.rotZ,RToe.rotW, RToe.posX, RToe.posY, RToe.posZ
0,0.0,-0.033088,0.939955,0.048422,0.336222,-1.035787,85.318886,18.076857,-0.048902,0.959796,0.104493,0.255895,-1.76466,92.957474,18.605875,-0.021538,0.966551,0.119508,0.225903,-4.874391,113.500084,22.310907,0.109328,0.983875,-0.035269,0.137089,-6.878225,133.836227,26.947874,0.169546,0.968521,-0.179729,0.030316,-3.118298,147.804886,24.573895,-0.022236,0.913747,0.095825,0.394195,-10.127774,128.203964,24.542973,0.441586,-0.517281,0.137969,-0.719991,-22.16297,128.814453,11.870945,0.28744,0.116832,-0.467589,-0.827701,-11.565945,112.537361,-3.599265,0.351701,0.200079,-0.554003,-0.727568,2.630487,134.841614,-5.598547,-0.025434,0.958992,0.163175,0.230351,-3.449611,128.111954,27.83246,0.347558,0.893465,0.159036,-0.235862,12.159083,127.650391,35.703583,-0.002705,0.235182,0.46331,-0.854415,28.228218,114.091751,22.493172,-0.01319,-0.008477,0.67493,-0.737715,16.976538,133.485687,12.725678,0.05204,0.915304,0.204385,0.343128,-8.274425,85.040855,12.118093,0.105901,0.977819,-0.039342,0.176373,-6.643654,52.023064,-2.73613,-0.040082,0.948889,0.064425,0.306354,-17.15456,5.672589,-0.8534,-0.105247,0.935165,-0.003056,0.338201,6.20285,85.596916,24.03562,0.029379,0.89629,-0.193244,0.398069,13.262045,50.158512,26.822788,-0.037171,0.889046,0.051483,0.453392,3.439362,6.22845,42.186863,-0.040082,0.948889,0.064425,0.306354,-8.3427,1.711649,-12.761131,-0.037171,0.889046,0.051483,0.453392,15.415814,1.942906,33.623528
1,0.008333,-0.033078,0.939955,0.048457,0.336219,-1.043291,85.321022,18.081188,-0.04889,0.959794,0.104423,0.255933,-1.772199,92.959564,18.610762,-0.021553,0.966528,0.119616,0.225945,-4.880811,113.502502,22.312948,0.109406,0.983866,-0.035307,0.137084,-6.886486,133.837555,26.953972,0.169603,0.96852,-0.179687,0.030269,-3.124261,147.80545,24.579216,-0.022173,0.913708,0.095861,0.39428,-10.135423,128.205551,24.547602,0.441557,-0.517329,0.137959,-0.719976,-22.168346,128.818863,11.873561,0.287362,0.116862,-0.467606,-0.827715,-11.573624,112.541924,-3.598387,0.351685,0.19999,-0.554013,-0.727593,2.621645,134.847305,-5.594571,-0.025391,0.958983,0.163213,0.230366,-3.457552,128.113312,27.837673,0.347605,0.893445,0.159347,-0.23566,12.150977,127.649948,35.709003,-0.002564,0.235186,0.463308,-0.854416,28.223219,114.091621,22.502064,-0.013198,-0.008286,0.675009,-0.737645,16.971767,133.483459,12.731404,0.052008,0.915294,0.204437,0.343129,-8.281979,85.043381,12.12247,0.105879,0.977802,-0.039344,0.176481,-6.647804,52.026897,-2.734266,-0.040172,0.948881,0.064424,0.306368,-17.15694,5.675995,-0.852135,-0.105322,0.935151,-0.00312,0.338215,6.195395,85.598663,24.039906,0.029393,0.896292,-0.193146,0.39811,13.257989,50.161423,26.833338,-0.037764,0.889071,0.05142,0.453303,3.437047,6.227839,42.188454,-0.040172,0.948881,0.064424,0.306368,-8.343903,1.715885,-12.759267,-0.037764,0.889071,0.05142,0.453303,15.416804,1.948686,33.626556
2,0.016667,-0.033107,0.939965,0.048529,0.336176,-1.050375,85.323036,18.084526,-0.048879,0.959781,0.1045,0.255951,-1.780052,92.961441,18.615015,-0.021496,0.966522,0.119594,0.225987,-4.888997,113.50312,22.320202,0.109485,0.983852,-0.035331,0.137111,-6.892334,133.838501,26.960798,0.169582,0.968519,-0.179714,0.030262,-3.127711,147.80571,24.585798,-0.022162,0.913685,0.095836,0.39434,-10.141839,128.206879,24.554283,0.441168,-0.517363,0.138134,-0.720156,-22.173128,128.820435,11.8787,0.287033,0.116774,-0.467631,-0.827827,-11.582577,112.545227,-3.597938,0.351577,0.199924,-0.554017,-0.72766,2.613582,134.852814,-5.589674,-0.025346,0.958995,0.163631,0.230022,-3.464211,128.113815,27.844822,0.347527,0.893527,0.159265,-0.235519,12.149927,127.647545,35.704849,-0.002638,0.235077,0.46316,-0.854526,28.228146,114.089203,22.505209,-0.01317,-0.008193,0.675125,-0.73754,16.966225,133.480377,12.738369,0.052123,0.915341,0.203995,0.343248,-8.289564,85.04528,12.126427,0.105666,0.977941,-0.039588,0.175778,-6.672418,52.016579,-2.704997,-0.040316,0.949024,0.06487,0.305809,-17.164597,5.663222,-0.789055,-0.10531,0.935133,-0.003094,0.338269,6.188814,85.600784,24.042625,0.029272,0.896197,-0.193119,0.398345,13.251066,50.163353,26.834446,-0.037949,0.889076,0.051418,0.453276,3.437383,6.228113,42.189465,-0.040316,0.949024,0.06487,0.305809,-8.363066,1.716743,-12.70921,-0.037949,0.889076,0.051418,0.453276,15.41827,1.951423,33.627918
3,0.025,-0.03313,0.939974,0.048582,0.336141,-1.057248,85.32206,18.088392,-0.049037,0.959762,0.104508,0.25599,-1.787501,92.960365,18.619555,-0.02127,0.966519,0.119621,0.226009,-4.903677,113.505135,22.32387,0.109526,0.983859,-0.035351,0.137025,-6.89821,133.840637,26.967674,0.169695,0.968508,-0.179691,0.030119,-3.132738,147.807495,24.591902,-0.022394,0.913386,0.096141,0.394946,-10.150167,128.2108,24.560312,0.441032,-0.517492,0.138366,-0.720102,-22.164381,128.82341,11.868496,0.286749,0.117014,-0.467742,-0.827828,-11.583653,112.540947,-3.607218,0.3515,0.199911,-0.553946,-0.727755,2.605293,134.857346,-5.583231,-0.025214,0.959008,0.163567,0.230029,-3.472541,128.114349,27.850761,0.347593,0.893514,0.159185,-0.235523,12.14172,127.644135,35.710316,-0.002272,0.234754,0.463184,-0.854603,28.217571,114.082184,22.511501,-0.012733,-0.008413,0.675992,-0.736751,16.94816,133.473846,12.747926,0.052094,0.915341,0.204055,0.343217,-8.296852,85.044212,12.130796,0.105625,0.97794,-0.039567,0.175814,-6.676742,52.017063,-2.703761,-0.040463,0.949021,0.064812,0.305812,-17.164877,5.66273,-0.789366,-0.105296,0.935087,-0.002995,0.338402,6.182355,85.599907,24.045986,0.029219,0.896195,-0.193143,0.398343,13.245773,50.162231,26.831743,-0.038074,0.88908,0.051331,0.453268,3.4358,6.227571,42.190777,-0.040463,0.949021,0.064812,0.305812,-8.362002,1.71602,-12.708458,-0.038074,0.88908,0.051331,0.453268,15.417309,1.950304,33.630383
4,0.033333,-0.033109,0.939982,0.048593,0.336121,-1.066188,85.320427,18.093527,-0.049052,0.95976,0.104515,0.255992,-1.79619,92.958733,18.624971,-0.021156,0.966526,0.119584,0.226007,-4.913302,113.505043,22.329689,0.109531,0.983866,-0.035339,0.136977,-6.902906,133.841125,26.973129,0.169768,0.9685,-0.179677,0.030049,-3.137533,147.808029,24.597498,-0.022335,0.91335,0.096186,0.39502,-10.156263,128.212006,24.565987,0.440766,-0.517531,0.138576,-0.720197,-22.168518,128.827377,11.872445,0.286613,0.116978,-0.46771,-0.827899,-11.592676,112.542747,-3.604341,0.351454,0.200052,-0.55399,-0.727705,2.599249,134.859528,-5.577747,-0.025188,0.958993,0.163636,0.230045,-3.478556,128.114044,27.856232,0.347886,0.893388,0.159506,-0.235354,12.135497,127.642288,35.71611,-0.002077,0.234732,0.46339,-0.854498,28.205177,114.071907,22.518435,-0.012856,-0.008446,0.676055,-0.73669,16.944881,133.46698,12.752878,0.05203,0.915339,0.20412,0.343194,-8.306074,85.042984,12.136253,0.105613,0.977952,-0.039519,0.175766,-6.680433,52.017258,-2.700871,-0.040416,0.949006,0.064853,0.305857,-17.166594,5.662322,-0.790237,-0.105359,0.935088,-0.002814,0.338382,6.173699,85.59787,24.050798,0.029232,0.896268,-0.193182,0.398157,13.245765,50.161064,26.825703,-0.037447,0.88905,0.051529,0.453358,3.436369,6.227899,42.189396,-0.040416,0.949006,0.064853,0.305857,-8.362966,1.716336,-12.709014,-0.037447,0.88905,0.051529,0.453358,15.414774,1.947316,33.626316
5,0.041667,-0.033078,0.939985,0.048614,0.336111,-1.073326,85.319534,18.097691,-0.049033,0.959763,0.104533,0.255978,-1.802979,92.95784,18.629614,-0.021181,0.966534,0.119531,0.226,-4.919353,113.503395,22.335234,0.109572,0.983864,-0.035341,0.136958,-6.909412,133.839966,26.976337,0.169856,0.968497,-0.179616,0.030016,-3.142965,147.80658,24.600735,-0.022266,0.913357,0.096168,0.395013,-10.162652,128.21048,24.569878,0.440672,-0.517537,0.138549,-0.720256,-22.175219,128.827805,11.876729,0.286553,0.117051,-0.467666,-0.827934,-11.599272,112.546051,-3.603003,0.351421,0.200136,-0.553944,-0.727733,2.593768,134.862305,-5.570791,-0.024991,0.958996,0.163383,0.230235,-3.484915,128.113068,27.860069,0.347943,0.893389,0.159276,-0.235421,12.126434,127.635666,35.724976,-0.002253,0.234931,0.463502,-0.854382,28.1926,114.060593,22.527851,-0.012958,-0.008463,0.675826,-0.736899,16.942448,133.458893,12.759778,0.051974,0.915365,0.204207,0.343081,-8.313373,85.042778,12.140584,0.105573,0.977961,-0.039505,0.175744,-6.683608,52.019222,-2.700923,-0.040391,0.949012,0.064804,0.305852,-17.165825,5.663374,-0.790646,-0.105341,0.9351,-0.002818,0.338354,6.16672,85.596298,24.054798,0.029162,0.896221,-0.193115,0.398301,13.237591,50.159229,26.829311,-0.038082,0.889068,0.051416,0.453282,3.434186,6.223231,42.188732,-0.040391,0.949012,0.064804,0.305852,-8.362658,1.715759,-12.709228,-0.038082,0.889068,0.051416,0.453282,15.416354,1.948316,33.62809
6,0.05,-0.033045,0.939992,0.048651,0.336088,-1.081746,85.318825,18.102545,-0.048918,0.959763,0.104592,0.255973,-1.8111,92.957115,18.635183,-0.021244,0.966539,0.119417,0.226033,-4.923279,113.501648,22.344244,0.109572,0.983867,-0.035301,0.136941,-6.915,133.839233,26.980108,0.169966,0.968492,-0.179549,0.02994,-3.148751,147.806091,24.605576,-0.022056,0.913348,0.096196,0.395038,-10.167688,128.208954,24.574785,0.440696,-0.517581,0.138552,-0.720209,-22.17988,128.833466,11.881633,0.286596,0.117132,-0.467612,-0.827938,-11.606273,112.550316,-3.598243,0.351479,0.200173,-0.553784,-0.727816,2.588307,134.865601,-5.562706,-0.024834,0.958998,0.16332,0.230288,-3.490214,128.112793,27.865549,0.348137,0.893321,0.159142,-0.235483,12.120543,127.630318,35.731319,-0.00234,0.234907,0.463715,-0.854273,28.178524,114.046738,22.532986,-0.012879,-0.00829,0.676133,-0.736621,16.936285,133.454498,12.768114,0.051926,0.915367,0.204269,0.343047,-8.32212,85.042854,12.145798,0.105544,0.977958,-0.039462,0.175788,-6.688131,52.020741,-2.698453,-0.040437,0.948994,0.064746,0.305914,-17.167061,5.663988,-0.792208,-0.105391,0.935078,-0.002726,0.338399,6.158627,85.594803,24.059292,0.029121,0.896238,-0.193085,0.398281,13.234991,50.158466,26.829178,-0.038295,0.889096,0.051384,0.453213,3.436562,6.221125,42.187916,-0.040437,0.948994,0.064746,0.305914,-8.362059,1.715218,-12.70905,-0.038295,0.889096,0.051384,0.453213,15.419188,1.94823,33.626904
7,0.058333,-0.033081,0.940011,0.048678,0.336028,-1.089744,85.319557,18.107632,-0.04887,0.959761,0.104572,0.255999,-1.819723,92.957771,18.640528,-0.021224,0.966521,0.119465,0.226087,-4.929523,113.500488,22.348875,0.109642,0.983868,-0.035331,0.136875,-6.921137,133.837646,26.986742,0.170046,0.968505,-0.179431,0.029772,-3.153094,147.803864,24.611347,-0.022087,0.913353,0.096151,0.395037,-10.173737,128.207718,24.580463,0.440564,-0.517648,0.138436,-0.720264,-22.185909,128.830612,11.887212,0.286444,0.117256,-0.467534,-0.828018,-11.614142,112.553169,-3.599912,0.35136,0.200204,-0.553704,-0.727926,2.583492,134.869095,-5.553541,-0.024799,0.95901,0.163153,0.230362,-3.496613,128.110992,27.871925,0.348349,0.893236,0.159384,-0.23533,12.113026,127.628288,35.739902,-0.002199,0.234919,0.4639,-0.854169,28.167292,114.038406,22.54353,-0.012926,-0.008367,0.676167,-0.736587,16.933044,133.451111,12.775627,0.051894,0.91536,0.204353,0.343021,-8.330833,85.043053,12.151779,0.105506,0.977943,-0.039462,0.175896,-6.693014,52.023209,-2.697082,-0.040399,0.948991,0.064823,0.305911,-17.16864,5.665693,-0.791268,-0.105442,0.935052,-0.002664,0.338457,6.151347,85.596069,24.063484,0.029135,0.896295,-0.193062,0.398162,13.232475,50.16048,26.830858,-0.038183,0.88909,0.051504,0.45322,3.435767,6.222394,42.188583,-0.040399,0.948991,0.064823,0.305911,-8.363901,1.718742,-12.708907,-0.038183,0.88909,0.051504,0.45322,15.417981,1.951128,33.626175
8,0.066667,-0.03305,0.94003,0.048698,0.335975,-1.099137,85.321846,18.113194,-0.04884,0.959762,0.104593,0.255992,-1.828738,92.960052,18.646574,-0.021176,0.966521,0.119449,0.226097,-4.937198,113.500572,22.355709,0.109772,0.983857,-0.035289,0.136857,-6.926752,133.837967,26.993393,0.170033,0.968514,-0.17941,0.029686,-3.155272,147.803528,24.619637,-0.021981,0.913329,0.09625,0.395072,-10.179914,128.208344,24.587133,0.440421,-0.517652,0.138542,-0.720328,-22.191282,128.836121,11.893357,0.286405,0.117299,-0.467472,-0.82806,-11.621197,112.558022,-3.59423,0.351416,0.200259,-0.553565,-0.72799,2.57878,134.872314,-5.54378,-0.024681,0.958998,0.163129,0.230441,-3.502826,128.110962,27.878651,0.348439,0.893183,0.159569,-0.23527,12.105736,127.624039,35.748512,-0.002196,0.234884,0.464025,-0.854111,28.158253,114.032745,22.55146,-0.012889,-0.008266,0.676288,-0.736478,16.929024,133.44902,12.785769,0.051809,0.915365,0.204357,0.343017,-8.340937,85.045952,12.158172,0.105469,0.97798,-0.039352,0.175732,-6.69747,52.025593,-2.68894,-0.040547,0.948995,0.064794,0.305886,-17.167585,5.666506,-0.790974,-0.105566,0.935094,-0.002618,0.338301,6.142663,85.597733,24.068214,0.02918,0.896359,-0.193049,0.398021,13.233687,50.164032,26.834303,-0.038174,0.889096,0.051506,0.453208,3.435995,6.225723,42.190762,-0.040547,0.948995,0.064794,0.305886,-8.362148,1.72013,-12.70829,-0.038174,0.889096,0.051506,0.453208,15.417901,1.954377,33.627956
9,0.075,-0.033048,0.940029,0.048775,0.335968,-1.106326,85.322166,18.118229,-0.048849,0.959762,0.104585,0.255994,-1.83629,92.960266,18.652735,-0.021123,0.966526,0.119419,0.226097,-4.944879,113.499939,22.361267,0.109853,0.983849,-0.035283,0.13685,-6.93201,133.837723,26.998251,0.17002,0.968527,-0.179356,0.02966,-3.158308,147.80278,24.624968,-0.022221,0.913043,0.096616,0.395632,-10.185859,128.208405,24.592245,0.440036,-0.517756,0.138913,-0.720417,-22.181372,128.835709,11.883468,0.286043,0.11751,-0.467517,-0.828129,-11.621706,112.551346,-3.604639,0.351376,0.200328,-0.553446,-0.72808,2.575393,134.873474,-5.536469,-0.024577,0.959007,0.163061,0.230461,-3.508733,128.110367,27.883661,0.348568,0.893127,0.1597,-0.235203,12.099697,127.620384,35.753586,-0.002223,0.234866,0.464158,-0.854043,28.149307,114.025345,22.556868,-0.01295,-0.008273,0.676291,-0.736475,16.925869,133.445694,12.793425,0.051777,0.915371,0.204427,0.342963,-8.348217,85.046783,12.1633,0.105437,0.978006,-0.039323,0.175616,-6.701647,52.028263,-2.687533,-0.04046,0.949001,0.064801,0.305878,-17.16814,5.668318,-0.790531,-0.105579,0.935033,-0.002519,0.338468,6.135565,85.597542,24.07316,0.029104,0.896302,-0.193025,0.398168,13.229351,50.163986,26.834074,-0.03819,0.889066,0.051595,0.453257,3.436521,6.224349,42.18985,-0.04046,0.949001,0.064801,0.305878,-8.363688,1.72131,-12.708364,-0.03819,0.889066,0.051595,0.453257,15.419814,1.955557,33.62772
10,0.083333,-0.033023,0.940034,0.04877,0.335958,-1.114788,85.320107,18.123028,-0.048884,0.959741,0.104612,0.256055,-1.844363,92.958237,18.657608,-0.021036,0.966513,0.119396,0.226173,-4.954873,113.497314,22.366625,0.109977,0.983849,-0.035121,0.136791,-6.938622,133.835495,27.003366,0.170064,0.968534,-0.179317,0.029418,-3.162252,147.800644,24.634911,-0.022141,0.913001,0.096637,0.395728,-10.193257,128.206818,24.596918,0.439955,-0.51778,0.138991,-0.720434,-22.186237,128.83728,11.8859,0.286018,0.117576,-0.46743,-0.828178,-11.628888,112.55159,-3.602375,0.351381,0.200342,-0.553288,-0.728194,2.572327,134.87291,-5.529142,-0.024558,0.95902,0.163043,0.230425,-3.516589,128.107452,27.889229,0.348664,0.893155,0.158981,-0.235443,12.092452,127.617203,35.757931,-0.002587,0.235091,0.464333,-0.853885,28.133154,114.010941,22.561945,-0.013158,-0.008475,0.676429,-0.736341,16.921442,133.441681,12.797989,0.051761,0.915344,0.204461,0.343018,-8.356838,85.04512,12.168269,0.105389,0.977971,-0.039296,0.175844,-6.707459,52.027489,-2.68424,-0.04042,0.949002,0.064836,0.305873,-17.169487,5.666369,-0.791319,-0.105639,0.935024,-0.002457,0.338474,6.127262,85.595085,24.077787,0.029106,0.896311,-0.192999,0.398159,13.226583,50.162422,26.836035,-0.038398,0.88907,0.051537,0.453238,3.434724,6.221848,42.189743,-0.04042,0.949002,0.064836,0.305873,-8.365485,1.719934,-12.709677,-0.038398,0.88907,0.051537,0.453238,15.419292,1.954378,33.628738
11,0.091667,-0.032994,0.940045,0.048753,0.335932,-1.124097,85.317833,18.128351,-0.048839,0.959751,0.104609,0.256026,-1.853152,92.956017,18.662853,-0.020978,0.966525,0.119367,0.226144,-4.96174,113.49559,22.372353,0.11001,0.98385,-0.03517,0.136746,-6.942756,133.834152,27.008545,0.170113,0.968547,-0.179208,0.029388,-3.165489,147.798828,24.638657,-0.022114,0.912989,0.096653,0.395754,-10.19823,128.20578,24.602531,0.439888,-0.517846,0.138968,-0.720432,-22.190538,128.837433,11.890947,0.285982,0.11761,-0.467329,-0.828243,-11.636266,112.552872,-3.600618,0.351331,0.200381,-0.553078,-0.728367,2.569314,134.871231,-5.523001,-0.024449,0.959007,0.163055,0.230478,-3.521331,128.105743,27.894348,0.348783,0.893077,0.15918,-0.235424,12.087037,127.61142,35.764126,-0.002542,0.235048,0.464455,-0.853831,28.124035,114.003357,22.565493,-0.013276,-0.008595,0.676502,-0.736271,16.917187,133.436905,12.803245,0.051706,0.915342,0.204532,0.342991,-8.366507,85.043221,12.174016,0.105367,0.978007,-0.03924,0.175673,-6.712172,52.02726,-2.681661,-0.040523,0.948995,0.064739,0.305902,-17.171001,5.665305,-0.79173,-0.105671,0.935023,-0.002365,0.338467,6.118313,85.592445,24.082687,0.029048,0.896284,-0.192968,0.39824,13.222073,50.160252,26.835432,-0.038179,0.889055,0.051693,0.453268,3.434922,6.218231,42.187981,-0.040523,0.948995,0.064739,0.305902,-8.365493,1.717162,-12.708407,-0.038179,0.889055,0.051693,0.453268,15.418698,1.951884,33.625309
12,0.1,-0.033001,0.940052,0.048724,0.335915,-1.132239,85.31588,18.133472,-0.048687,0.959751,0.104654,0.256036,-1.861237,92.954102,18.66754,-0.021099,0.966516,0.119305,0.226201,-4.963904,113.491997,22.380157,0.110169,0.98384,-0.034953,0.136746,-6.949508,133.830978,27.012592,0.170115,0.968548,-0.17923,0.029206,-3.168508,147.795792,24.649504,-0.02198,0.913039,0.096583,0.395662,-10.203547,128.201569,24.607059,0.439771,-0.517862,0.138927,-0.7205,-22.198603,128.836197,11.898221,0.286014,0.117634,-0.467184,-0.82831,-11.644602,112.555267,-3.597355,0.351418,0.200423,-0.552932,-0.728424,2.567773,134.869385,-5.516859,-0.024268,0.959001,0.163005,0.230559,-3.527114,128.103378,27.899874,0.348838,0.893014,0.159335,-0.235477,12.080252,127.602936,35.77124,-0.002561,0.235032,0.464574,-0.853771,28.114107,113.995766,22.567877,-0.013357,-0.008666,0.676618,-0.736162,16.91234,133.433151,12.807481,0.051673,0.915347,0.20461,0.342935,-8.374848,85.040947,12.179399,0.105307,0.978017,-0.039197,0.175659,-6.717232,52.027054,-2.680501,-0.040505,0.94899,0.064762,0.305913,-17.169779,5.663559,-0.793433,-0.105713,0.93504,-0.002324,0.338407,6.110369,85.590813,24.087547,0.029031,0.896318,-0.192916,0.39819,13.218102,50.159241,26.838058,-0.038387,0.889061,0.051648,0.453243,3.435186,6.215206,42.187546,-0.040505,0.94899,0.064762,0.305913,-8.36414,1.715882,-12.71016,-0.038387,0.889061,0.051648,0.453243,15.420154,1.9505,33.625729
13,0.108333,-0.033043,0.940064,0.048789,0.335868,-1.13923,85.31662,18.137709,-0.048805,0.95975,0.104684,0.256008,-1.869138,92.954704,18.672527,-0.020893,0.966532,0.119313,0.226148,-4.977078,113.493729,22.38545,0.110266,0.983839,-0.034931,0.136683,-6.954166,133.832977,27.020281,0.170137,0.96855,-0.179208,0.029145,-3.170794,147.797256,24.657921,-0.021275,0.913721,0.095528,0.394379,-10.210742,128.205063,24.614693,0.439993,-0.51767,0.138336,-0.720617,-22.242308,128.842804,11.940561,0.286579,0.117113,-0.466773,-0.82842,-11.67027,112.580742,-3.562517,0.351457,0.200446,-0.552782,-0.728514,2.565373,134.869476,-5.511521,-0.024126,0.959005,0.162552,0.230876,-3.53382,128.103989,27.906433,0.348928,0.892898,0.159828,-0.235451,12.068678,127.600632,35.787266,-0.002356,0.235058,0.464715,-0.853687,28.100056,113.997055,22.577187,-0.013313,-0.008418,0.676773,-0.736023,16.90744,133.432358,12.813857,0.051639,0.915337,0.204618,0.342962,-8.382391,85.041306,12.184319,0.105284,0.978024,-0.039143,0.175646,-6.721866,52.027405,-2.675216,-0.040562,0.948975,0.064835,0.305939,-17.171387,5.663052,-0.792585,-0.105765,0.935083,-0.002341,0.338273,6.10393,85.591934,24.091097,0.029031,0.896336,-0.192857,0.398177,13.215107,50.161163,26.843035,-0.038491,0.889065,0.051576,0.453235,3.434625,6.214964,42.187874,-0.040562,0.948975,0.064835,0.305939,-8.364437,1.717993,-12.709215,-0.038491,0.889065,0.051576,0.453235,15.420097,1.949795,33.626991
14,0.116667,-0.033085,0.940077,0.048827,0.335823,-1.146574,85.317795,18.143282,-0.048661,0.959747,0.104613,0.256076,-1.877255,92.95578,18.678457,-0.020959,0.966498,0.119347,0.226272,-4.978468,113.493225,22.389442,0.110317,0.983827,-0.034972,0.136719,-6.959136,133.832031,27.024742,0.170183,0.968574,-0.179042,0.029103,-3.174043,147.795715,24.661592,-0.021159,0.913717,0.095679,0.39436,-10.214419,128.203857,24.618002,0.439851,-0.517705,0.138465,-0.720653,-22.246691,128.847351,11.944826,0.286499,0.117086,-0.466711,-0.828487,-11.678237,112.583267,-3.558593,0.351429,0.20042,-0.552653,-0.728631,2.561173,134.870636,-5.505489,-0.024069,0.958987,0.162578,0.23094,-3.53837,128.103394,27.911531,0.349004,0.892834,0.159952,-0.235499,12.063189,127.597549,35.794075,-0.002384,0.234954,0.464769,-0.853687,28.09079,113.993523,22.579865,-0.013441,-0.00836,0.677016,-0.735798,16.898182,133.431458,12.821543,0.05158,0.91536,0.20467,0.34288,-8.390247,85.041931,12.19054,0.10526,0.978001,-0.039106,0.1758,-6.725782,52.029121,-2.670989,-0.040617,0.948967,0.064805,0.305962,-17.172796,5.664009,-0.793075,-0.105796,0.935111,-0.002326,0.338186,6.097098,85.593658,24.096025,0.028997,0.896345,-0.192812,0.398182,13.211015,50.163364,26.84704,-0.038381,0.889074,0.051688,0.453214,3.435061,6.215319,42.18948,-0.040617,0.948967,0.064805,0.305962,-8.364816,1.718637,-12.708843,-0.038381,0.889074,0.051688,0.453214,15.419576,1.951563,33.626545
15,0.125,-0.033191,0.940073,0.048877,0.335815,-1.152968,85.320053,18.149242,-0.048617,0.959754,0.104589,0.256066,-1.885438,92.957848,18.684605,-0.020955,0.966497,0.119364,0.226266,-4.984523,113.495361,22.395081,0.110425,0.983835,-0.034805,0.136617,-6.965155,133.834,27.031139,0.170303,0.968572,-0.178975,0.02887,-3.178022,147.797928,24.672703,-0.021128,0.913704,0.095685,0.394389,-10.220461,128.205902,24.624235,0.439794,-0.517761,0.138445,-0.720651,-22.251978,128.850586,11.950409,0.286514,0.117113,-0.466609,-0.828535,-11.686128,112.587448,-3.555785,0.351504,0.200366,-0.552601,-0.72865,2.558506,134.872818,-5.500086,-0.023895,0.958986,0.16264,0.230917,-3.544371,128.105316,27.917677,0.34903,0.892794,0.160066,-0.235532,12.057844,127.593246,35.798515,-0.002425,0.234838,0.464823,-0.853689,28.083786,113.990379,22.581121,-0.013531,-0.008507,0.677181,-0.735643,16.890522,133.431808,12.828123,0.05155,0.915413,0.204684,0.342732,-8.396605,85.042625,12.196529,0.105222,0.978007,-0.039032,0.175803,-6.732234,52.030033,-2.665509,-0.040416,0.948945,0.064974,0.306022,-17.17454,5.66361,-0.793794,-0.105841,0.935123,-0.002294,0.338137,6.09067,85.597473,24.101955,0.029002,0.896377,-0.192776,0.398127,13.208517,50.167866,26.851601,-0.038381,0.889083,0.051696,0.453196,3.434343,6.218532,42.191475,-0.040416,0.948945,0.064974,0.306022,-8.36664,1.721125,-12.710577,-0.038381,0.889083,0.051696,0.453196,15.41855,1.954998,33.628006
16,0.133333,-0.033256,0.94007,0.048948,0.335806,-1.159492,85.319054,18.152803,-0.048577,0.959745,0.104618,0.256095,-1.893252,92.95668,18.688852,-0.02096,0.966487,0.119349,0.226317,-4.991393,113.495842,22.401148,0.110539,0.983815,-0.034841,0.136659,-6.972346,133.83461,27.03644,0.170338,0.968579,-0.178897,0.028887,-3.181723,147.797531,24.67766,-0.02109,0.91371,0.095701,0.394373,-10.227445,128.206482,24.629351,0.439661,-0.51778,0.138481,-0.720711,-22.259449,128.852509,11.956061,0.286452,0.117082,-0.466526,-0.828607,-11.695107,112.590683,-3.552513,0.351443,0.200401,-0.552493,-0.728751,2.55368,134.872894,-5.494861,-0.023824,0.958999,0.162605,0.230895,-3.551703,128.105942,27.923494,0.349124,0.892741,0.16012,-0.235557,12.05098,127.591919,35.803268,-0.002395,0.234765,0.464916,-0.853659,28.073046,113.986626,22.583675,-0.01354,-0.008551,0.67737,-0.735468,16.882498,133.430618,12.833569,0.051437,0.915316,0.205126,0.342744,-8.403155,85.040924,12.20016,0.105319,0.977889,-0.038696,0.176475,-6.719747,52.040588,-2.686922,-0.04046,0.948837,0.064548,0.30644,-17.166714,5.673611,-0.855287,-0.105871,0.935134,-0.002258,0.338098,6.084171,85.597183,24.105446,0.029001,0.896411,-0.192754,0.398061,13.205022,50.168015,26.853027,-0.038281,0.88908,0.051758,0.453203,3.4329,6.217867,42.191879,-0.04046,0.948837,0.064548,0.30644,-8.348958,1.719779,-12.761012,-0.038281,0.88908,0.051758,0.453203,15.416579,1.954575,33.627556
17,0.141667,-0.033196,0.940085,0.048888,0.335781,-1.169004,85.317894,18.157862,-0.048642,0.959745,0.104672,0.256062,-1.901583,92.955666,18.693382,-0.020895,0.966499,0.119349,0.226271,-5.003135,113.49614,22.407606,0.110657,0.983807,-0.034847,0.136617,-6.981205,133.835022,27.043617,0.170454,0.968574,-0.178821,0.028858,-3.187415,147.797104,24.684938,-0.021036,0.913619,0.095848,0.394551,-10.237227,128.207336,24.636749,0.439682,-0.517805,0.138562,-0.720665,-22.264408,128.857788,11.959103,0.286491,0.117072,-0.466471,-0.828627,-11.702437,112.592316,-3.547259,0.351449,0.200353,-0.552417,-0.728819,2.549145,134.872467,-5.490034,-0.023701,0.959026,0.162572,0.230822,-3.56113,128.105927,27.930153,0.349242,0.892678,0.160299,-0.235501,12.042953,127.588486,35.806942,-0.002323,0.234689,0.465027,-0.853619,28.062254,113.980713,22.586542,-0.013557,-0.008673,0.677408,-0.735431,16.875414,133.426956,12.838748,0.051379,0.915308,0.205154,0.342759,-8.413066,85.040413,12.205669,0.105266,0.977919,-0.038603,0.176364,-6.724886,52.040482,-2.681781,-0.040494,0.948833,0.064513,0.306453,-17.165318,5.671775,-0.856679,-0.105902,0.935146,-0.002248,0.338057,6.075058,85.595367,24.110054,0.028955,0.896421,-0.192674,0.39808,13.19835,50.166679,26.857439,-0.038434,0.88908,0.051721,0.453193,3.432806,6.213343,42.191349,-0.040494,0.948833,0.064513,0.306453,-8.347001,1.717289,-12.761775,-0.038434,0.88908,0.051721,0.453193,15.417517,1.951176,33.627899
18,0.15,-0.033143,0.940093,0.048796,0.335776,-1.179675,85.318443,18.162489,-0.048637,0.959749,0.104714,0.25603,-1.911008,92.956413,18.696966,-0.020817,0.966513,0.119338,0.226226,-5.012474,113.495216,22.412798,0.11062,0.983829,-0.03484,0.136493,-6.987094,133.834351,27.049219,0.170667,0.968574,-0.17864,0.028731,-3.194898,147.796783,24.690042,-0.02102,0.913635,0.095532,0.394593,-10.244194,128.207153,24.642654,0.439642,-0.517875,0.138438,-0.720663,-22.270248,128.853867,11.963749,0.286439,0.117148,-0.466436,-0.828653,-11.710189,112.592361,-3.548081,0.351455,0.200365,-0.552371,-0.728848,2.542377,134.872833,-5.48557,-0.023678,0.959046,0.162521,0.230777,-3.567752,128.104752,27.935324,0.349394,0.892571,0.160607,-0.235472,12.037085,127.587219,35.810604,-0.002013,0.234379,0.465127,-0.85365,28.051802,113.977966,22.586185,-0.013411,-0.008939,0.67781,-0.735061,16.862225,133.425873,12.843749,0.051394,0.915406,0.204766,0.342728,-8.423869,85.041313,12.210443,0.105095,0.978065,-0.038829,0.175601,-6.747106,52.029968,-2.652973,-0.040677,0.948947,0.064849,0.306005,-17.174049,5.6595,-0.795857,-0.105933,0.935149,-0.002222,0.338039,6.06452,85.595566,24.114534,0.028886,0.896431,-0.192577,0.39811,13.190578,50.167339,26.860762,-0.038341,0.889075,0.051778,0.453206,3.43404,6.21008,42.189156,-0.040677,0.948947,0.064849,0.306005,-8.364368,1.715969,-12.710974,-0.038341,0.889075,0.051778,0.453206,15.418388,1.948146,33.625092
19,0.158333,-0.033127,0.940099,0.048822,0.335756,-1.186118,85.319481,18.167328,-0.048737,0.959754,0.104709,0.255996,-1.917341,92.957428,18.702267,-0.020722,0.96653,0.119334,0.226164,-5.022959,113.497841,22.417265,0.110706,0.983823,-0.034849,0.136461,-6.993367,133.837189,27.054544,0.170738,0.968585,-0.178504,0.028756,-3.198867,147.798996,24.695339,-0.020963,0.913619,0.095704,0.39459,-10.251801,128.210617,24.648315,0.439539,-0.517892,0.138576,-0.720688,-22.277996,128.861542,11.96976,0.286406,0.117059,-0.4664,-0.828697,-11.720689,112.597183,-3.540954,0.351414,0.200402,-0.552333,-0.728887,2.534504,134.87529,-5.48069,-0.023565,0.95905,0.162507,0.230782,-3.574882,128.106979,27.939981,0.349449,0.892535,0.160611,-0.235521,12.030072,127.585724,35.814785,-0.002117,0.234323,0.46521,-0.853621,28.041729,113.975075,22.5881,-0.01349,-0.009034,0.677843,-0.735028,16.854383,133.427399,12.850532,0.051458,0.915352,0.204795,0.342844,-8.430579,85.042778,12.215586,0.105006,0.978035,-0.038837,0.175823,-6.755427,52.032787,-2.65102,-0.040645,0.948947,0.064844,0.30601,-17.174765,5.660614,-0.793921,-0.10595,0.93516,-0.00224,0.338003,6.058343,85.596191,24.11907,0.028879,0.896504,-0.19251,0.397978,13.185152,50.168228,26.866657,-0.037984,0.889071,0.051909,0.453228,3.433954,6.208465,42.191269,-0.040645,0.948947,0.064844,0.30601,-8.36525,1.716635,-12.709016,-0.037984,0.889071,0.051909,0.453228,15.416056,1.945109,33.62476
20,0.166667,-0.033158,0.940104,0.048866,0.335734,-1.19252,85.32193,18.171267,-0.048641,0.959765,0.104754,0.255952,-1.924412,92.959778,18.706701,-0.020789,0.966536,0.119324,0.226135,-5.02627,113.499046,22.424484,0.11081,0.983823,-0.034735,0.136409,-6.999185,133.838379,27.060778,0.170763,0.968605,-0.178392,0.028636,-3.20236,147.800125,24.704992,-0.020887,0.913625,0.095716,0.394577,-10.256974,128.211243,24.654982,0.439448,-0.517972,0.138549,-0.720691,-22.283648,128.864716,11.977002,0.286289,0.117133,-0.466435,-0.828708,-11.730087,112.601913,-3.537892,0.35155,0.200234,-0.552176,-0.728986,2.522637,134.882431,-5.471957,-0.023509,0.959053,0.162522,0.230762,-3.579899,128.108658,27.946367,0.349489,0.892482,0.160713,-0.235594,12.025459,127.585533,35.820259,-0.002209,0.234257,0.465225,-0.853631,28.034008,113.975784,22.588867,-0.013751,-0.009131,0.677797,-0.735064,16.845602,133.430405,12.855827,0.051359,0.915503,0.204626,0.342558,-8.437226,85.04493,12.219834,0.104961,0.978127,-0.038585,0.175394,-6.764515,52.029156,-2.634203,-0.040707,0.948941,0.065029,0.305984,-17.17474,5.654213,-0.795227,-0.105974,0.935166,-0.00225,0.337979,6.052186,85.598938,24.1227,0.028842,0.896481,-0.192451,0.398061,13.180473,50.171352,26.871338,-0.038298,0.889082,0.051907,0.453181,3.433169,6.209236,42.191689,-0.040707,0.948941,0.065029,0.305984,-8.364939,1.716033,-12.712029,-0.038298,0.889082,0.051907,0.453181,15.417136,1.950067,33.62571
21,0.175,-0.03318,0.940099,0.04894,0.335734,-1.198992,85.324074,18.174826,-0.048583,0.959768,0.104769,0.255948,-1.931577,92.961792,18.71121,-0.020777,0.966532,0.119366,0.226132,-5.031113,113.500214,22.430054,0.110966,0.983809,-0.034639,0.136403,-7.003915,133.839142,27.068161,0.170721,0.968628,-0.178319,0.028574,-3.203072,147.800369,24.715704,-0.020981,0.913598,0.095964,0.394576,-10.261745,128.212234,24.661896,0.439395,-0.518101,0.138449,-0.720649,-22.288326,128.866165,11.98385,0.286196,0.117212,-0.466441,-0.828725,-11.740026,112.605759,-3.537147,0.351527,0.200308,-0.552208,-0.728953,2.511965,134.888504,-5.465505,-0.023499,0.959059,0.162526,0.230736,-3.584642,128.109329,27.953217,0.349498,0.892437,0.160867,-0.235646,12.021158,127.585983,35.826221,-0.002237,0.234126,0.465258,-0.853648,28.028179,113.978836,22.590305,-0.013752,-0.009147,0.677865,-0.735001,16.838329,133.435471,12.863215,0.051256,0.915556,0.204611,0.342439,-8.443669,85.04715,12.223352,0.105139,0.978012,-0.038501,0.175943,-6.76643,52.030193,-2.627532,-0.040759,0.948788,0.064913,0.306474,-17.192722,5.6582,-0.80523,-0.105992,0.935147,-0.002258,0.338025,6.045686,85.600998,24.126299,0.028777,0.896472,-0.192389,0.398117,13.174809,50.173676,26.876289,-0.038423,0.889102,0.051881,0.453132,3.434408,6.208918,42.193447,-0.040759,0.948788,0.064913,0.306474,-8.370638,1.717498,-12.712109,-0.038423,0.889102,0.051881,0.453132,15.41847,1.950783,33.627083
22,0.183333,-0.0332,0.9401,0.048954,0.335728,-1.205788,85.324303,18.180271,-0.048574,0.959773,0.104743,0.25594,-1.938738,92.961975,18.716764,-0.020714,0.966533,0.119399,0.226115,-5.037685,113.501427,22.434853,0.111016,0.983814,-0.034544,0.136355,-7.008144,133.840134,27.07493,0.170753,0.96864,-0.178235,0.028496,-3.206436,147.801559,24.725168,-0.020936,0.913626,0.095948,0.394518,-10.26668,128.213791,24.668314,0.439274,-0.51814,0.138437,-0.720697,-22.29493,128.868713,11.991912,0.286054,0.117166,-0.46646,-0.82877,-11.748498,112.610664,-3.532814,0.351392,0.200362,-0.552203,-0.729007,2.502865,134.893417,-5.459689,-0.023555,0.95901,0.16276,0.230771,-3.58942,128.109894,27.959282,0.349479,0.892411,0.160869,-0.235769,12.015724,127.586296,35.833557,-0.002185,0.23399,0.465281,-0.853673,28.020519,113.981438,22.592604,-0.013578,-0.009249,0.677978,-0.734899,16.828684,133.43895,12.869728,0.051253,0.915534,0.204608,0.3425,-8.45051,85.047104,12.228868,0.105095,0.97801,-0.038459,0.175988,-6.77219,52.030025,-2.62164,-0.040859,0.948798,0.064942,0.306424,-17.193806,5.656833,-0.803021,-0.106047,0.935172,-0.002304,0.337938,6.038932,85.601494,24.131676,0.028844,0.896575,-0.192319,0.397913,13.17091,50.175049,26.885498,-0.038374,0.889116,0.051956,0.453101,3.430948,6.208107,42.196671,-0.040859,0.948798,0.064942,0.306424,-8.371949,1.717877,-12.71064,-0.038374,0.889116,0.051956,0.453101,15.414268,1.951256,33.628635
23,0.191667,-0.033199,0.940102,0.048925,0.335728,-1.213415,85.326096,18.184299,-0.048548,0.959774,0.104787,0.255925,-1.946189,92.963814,18.720375,-0.020703,0.966536,0.119408,0.2261,-5.044425,113.502411,22.440454,0.111018,0.983816,-0.034552,0.136333,-7.014481,133.841034,27.081018,0.170842,0.968646,-0.178115,0.028501,-3.212757,147.802414,24.730923,-0.020924,0.913612,0.095909,0.394558,-10.273166,128.214783,24.674397,0.439112,-0.518196,0.138456,-0.720752,-22.300312,128.86969,11.996943,0.285866,0.117146,-0.466497,-0.828817,-11.757001,112.613548,-3.531891,0.351281,0.200375,-0.55223,-0.729036,2.493139,134.898132,-5.455307,-0.023547,0.959013,0.162829,0.23071,-3.595798,128.110748,27.965141,0.349498,0.892377,0.160935,-0.235828,12.010344,127.586685,35.83741,-0.002123,0.233895,0.46531,-0.853683,28.013123,113.982864,22.592953,-0.013535,-0.009361,0.678061,-0.734821,16.820478,133.440979,12.872577,0.051197,0.915524,0.20463,0.342521,-8.458149,85.048737,12.232915,0.105039,0.97803,-0.038391,0.175926,-6.775221,52.031906,-2.617613,-0.040854,0.948813,0.064892,0.30639,-17.190483,5.657104,-0.80362,-0.105993,0.935123,-0.002289,0.33809,6.031319,85.603455,24.135685,0.028746,0.896593,-0.192236,0.397919,13.159564,50.176167,26.888308,-0.038398,0.889134,0.051952,0.453065,3.430888,6.205651,42.196377,-0.040854,0.948813,0.064892,0.30639,-8.369616,1.716679,-12.711495,-0.038398,0.889134,0.051952,0.453065,15.413716,1.948998,33.627552
24,0.2,-0.033173,0.9401,0.048876,0.335742,-1.221082,85.325661,18.18972,-0.048634,0.959775,0.104814,0.255891,-1.953246,92.963478,18.725208,-0.020609,0.966558,0.11937,0.226035,-5.055397,113.503387,22.445873,0.111044,0.983822,-0.034445,0.136295,-7.020956,133.842575,27.085928,0.170964,0.968641,-0.178025,0.028509,-3.219032,147.804398,24.738815,-0.020992,0.913606,0.096125,0.394516,-10.281059,128.216827,24.680038,0.439164,-0.518222,0.138353,-0.720721,-22.309258,128.872406,12.003624,0.285883,0.117157,-0.466494,-0.828812,-11.765884,112.618256,-3.527254,0.351224,0.20044,-0.552295,-0.728997,2.484054,134.902496,-5.450567,-0.023578,0.959018,0.162862,0.230659,-3.603198,128.111679,27.969742,0.349547,0.892376,0.160677,-0.235935,12.003713,127.588669,35.840553,-0.002324,0.233991,0.465327,-0.853647,28.002268,113.980507,22.595459,-0.013756,-0.009271,0.678032,-0.734845,16.812504,133.441025,12.87604,0.051155,0.915541,0.204584,0.34251,-8.465654,85.048462,12.238138,0.104966,0.978064,-0.038264,0.17581,-6.781302,52.02993,-2.608459,-0.040807,0.948824,0.065007,0.306335,-17.187544,5.652743,-0.803804,-0.106005,0.935157,-0.002338,0.337992,6.023489,85.602859,24.1413,0.028724,0.896649,-0.192124,0.397849,13.151667,50.175781,26.896828,-0.03852,0.889143,0.051932,0.453038,3.430252,6.201041,42.197388,-0.040807,0.948824,0.065007,0.306335,-8.368223,1.71509,-12.713729,-0.03852,0.889143,0.051932,0.453038,15.41357,1.945516,33.6287
25,0.208333,-0.03315,0.940102,0.048878,0.33574,-1.229422,85.326752,18.192776,-0.048776,0.959758,0.104822,0.255926,-1.961258,92.964592,18.728428,-0.020386,0.966555,0.119426,0.226039,-5.069764,113.506569,22.448202,0.11102,0.983838,-0.034449,0.136198,-7.026826,133.845566,27.09263,0.171198,0.968628,-0.177888,0.028418,-3.225972,147.807571,24.744879,-0.021007,0.913613,0.095995,0.394533,-10.289332,128.221649,24.685707,0.439076,-0.518257,0.138305,-0.720759,-22.317066,128.875015,12.008734,0.28577,0.117114,-0.466508,-0.828849,-11.774837,112.623825,-3.526017,0.351137,0.200436,-0.55227,-0.729058,2.474843,134.908112,-5.448416,-0.023525,0.959027,0.162754,0.230707,-3.61136,128.113098,27.975079,0.349513,0.892374,0.160574,-0.236064,11.994858,127.588928,35.847191,-0.002358,0.234042,0.465367,-0.853611,27.99159,113.98214,22.598475,-0.013718,-0.009344,0.678061,-0.734819,16.805229,133.443268,12.878431,0.051206,0.915521,0.204459,0.34263,-8.474061,85.049988,12.241252,0.104723,0.978226,-0.038103,0.175088,-6.794332,52.02813,-2.598459,-0.040917,0.948909,0.065166,0.306026,-17.174232,5.64492,-0.796886,-0.106036,0.935205,-0.002406,0.33785,6.015216,85.603523,24.144299,0.028711,0.896727,-0.191998,0.397734,13.144213,50.176941,26.904055,-0.038367,0.889136,0.052088,0.453048,3.430615,6.197527,42.196106,-0.040917,0.948909,0.065166,0.306026,-8.361157,1.712617,-12.713209,-0.038367,0.889136,0.052088,0.453048,15.413341,1.944013,33.625584
26,0.216667,-0.033135,0.940094,0.048822,0.33577,-1.238198,85.327118,18.197886,-0.048745,0.959756,0.104836,0.255933,-1.969557,92.965057,18.732769,-0.020385,0.96655,0.119465,0.22604,-5.077459,113.510201,22.454006,0.111129,0.98383,-0.034402,0.136179,-7.034883,133.848816,27.100002,0.171261,0.968633,-0.177808,0.028361,-3.2312,147.810333,24.753929,-0.021336,0.913293,0.09654,0.395121,-10.297285,128.225037,24.692636,0.438741,-0.51834,0.138645,-0.720838,-22.308285,128.877609,11.999765,0.285372,0.117218,-0.466674,-0.828878,-11.775002,112.620506,-3.53487,0.35104,0.200457,-0.552311,-0.729069,2.466892,134.914673,-5.445395,-0.023429,0.959037,0.162863,0.230598,-3.619322,128.116333,27.982021,0.34944,0.892393,0.160413,-0.23621,11.988814,127.588676,35.850098,-0.002552,0.234077,0.465361,-0.853604,27.984661,113.984085,22.598061,-0.013742,-0.00928,0.678009,-0.734867,16.798683,133.44725,12.880927,0.051154,0.915515,0.204471,0.342648,-8.48247,85.05027,12.245916,0.104678,0.978239,-0.038048,0.175055,-6.798751,52.028393,-2.593289,-0.040969,0.948935,0.065142,0.305941,-17.17362,5.643898,-0.795776,-0.106062,0.935201,-0.002484,0.337852,6.006074,85.603966,24.149853,0.028697,0.896792,-0.191877,0.397648,13.134866,50.177799,26.91555,-0.038506,0.889168,0.05213,0.452969,3.428392,6.193897,42.199242,-0.040969,0.948935,0.065142,0.305941,-8.362199,1.711371,-12.713247,-0.038506,0.889168,0.05213,0.452969,15.410993,1.943336,33.627075
27,0.225,-0.033219,0.940083,0.048919,0.335779,-1.242856,85.329781,18.200327,-0.048751,0.959762,0.104856,0.2559,-1.975932,92.967484,18.736174,-0.020391,0.966552,0.119541,0.22599,-5.084142,113.512039,22.458164,0.111205,0.98383,-0.034385,0.136124,-7.04228,133.849884,27.107248,0.171351,0.968643,-0.177676,0.028317,-3.23678,147.810989,24.76173,-0.021301,0.913296,0.096557,0.395113,-10.304597,128.226242,24.699406,0.438671,-0.518368,0.138582,-0.720873,-22.315874,128.880142,12.006866,0.285241,0.11714,-0.466717,-0.82891,-11.783162,112.626244,-3.531516,0.3509,0.200442,-0.552307,-0.729143,2.457587,134.921021,-5.442722,-0.023446,0.959044,0.162944,0.23051,-3.626299,128.117462,27.98811,0.349394,0.892385,0.160508,-0.236243,11.983231,127.590248,35.853451,-0.002665,0.234064,0.465364,-0.853606,27.979883,113.989189,22.598764,-0.013786,-0.009229,0.677869,-0.734996,16.793665,133.453888,12.884669,0.051123,0.915465,0.204486,0.342776,-8.486919,85.052086,12.248146,0.104815,0.978059,-0.038071,0.175968,-6.798638,52.030434,-2.591054,-0.040918,0.948816,0.065072,0.306333,-17.188171,5.648833,-0.803407,-0.106072,0.93522,-0.002595,0.337796,6.001207,85.607483,24.152508,0.028667,0.89683,-0.191779,0.397613,13.128138,50.181519,26.925564,-0.038482,0.889175,0.05218,0.452952,3.428421,6.193897,42.202824,-0.040918,0.948816,0.065072,0.306333,-8.367741,1.714054,-12.71347,-0.038482,0.889175,0.05218,0.452952,15.410675,1.944315,33.629688
28,0.233333,-0.033272,0.940091,0.048924,0.33575,-1.249105,85.333496,18.205017,-0.048761,0.959765,0.104857,0.255886,-1.982944,92.971138,18.740685,-0.020356,0.966546,0.119632,0.225971,-5.091517,113.515648,22.46266,0.111324,0.983822,-0.034384,0.136083,-7.048979,133.852631,27.115742,0.171354,0.968658,-0.177598,0.028249,-3.240309,147.812943,24.770559,-0.021339,0.913298,0.096548,0.395108,-10.311532,128.229553,24.706968,0.438583,-0.518426,0.138447,-0.720911,-22.322882,128.88208,12.014435,0.285119,0.117113,-0.466712,-0.828958,-11.791297,112.633766,-3.530543,0.350832,0.200385,-0.552295,-0.7292,2.450157,134.92868,-5.439535,-0.023475,0.959042,0.163028,0.230452,-3.633089,128.11998,27.995344,0.349334,0.892382,0.160489,-0.236355,11.977321,127.593399,35.858963,-0.002741,0.233999,0.465346,-0.853634,27.973408,113.99572,22.600142,-0.013739,-0.009161,0.677955,-0.734918,16.784891,133.461151,12.890154,0.051097,0.915495,0.204488,0.3427,-8.493463,85.054871,12.253242,0.104775,0.978057,-0.038011,0.176018,-6.804665,52.033077,-2.585579,-0.040858,0.948797,0.065053,0.306404,-17.189596,5.650249,-0.803351,-0.106089,0.935227,-0.002657,0.337771,5.995252,85.612122,24.156792,0.028679,0.896833,-0.191721,0.397632,13.121838,50.186443,26.934301,-0.038146,0.889157,0.052252,0.453007,3.422932,6.196749,42.206116,-0.040858,0.948797,0.065053,0.306404,-8.36802,1.714393,-12.7122,-0.038146,0.889157,0.052252,0.453007,15.403533,1.944494,33.632004
29,0.241667,-0.033358,0.940094,0.048937,0.335733,-1.253789,85.335419,18.209291,-0.048758,0.959771,0.104881,0.255856,-1.988938,92.972954,18.744717,-0.020356,0.966551,0.119647,0.22594,-5.097316,113.51609,22.467573,0.111345,0.983831,-0.034322,0.13602,-7.054766,133.852936,27.121317,0.171429,0.96867,-0.177475,0.028167,-3.245983,147.813477,24.777697,-0.021305,0.913287,0.096629,0.395115,-10.317394,128.229858,24.712599,0.438504,-0.518456,0.138422,-0.720941,-22.328598,128.884659,12.020031,0.285003,0.117049,-0.466748,-0.828987,-11.798239,112.638382,-3.52791,0.350743,0.200334,-0.552381,-0.729192,2.44249,134.934204,-5.437259,-0.023588,0.959019,0.163244,0.230385,-3.638742,128.120285,28.000557,0.349278,0.892376,0.160556,-0.236415,11.972568,127.596092,35.862572,-0.002805,0.233917,0.465286,-0.853689,27.969212,114.002266,22.600454,-0.013813,-0.009155,0.677926,-0.734943,16.77615,133.46698,12.894784,0.051166,0.915455,0.204438,0.342825,-8.498256,85.055336,12.257713,0.104686,0.978056,-0.037944,0.176088,-6.813282,52.032578,-2.5794,-0.041019,0.948805,0.065096,0.306348,-17.189064,5.647483,-0.80265,-0.105992,0.935177,-0.002701,0.337939,5.990678,85.615501,24.160872,0.028528,0.896809,-0.191563,0.397773,13.109222,50.188343,26.940212,-0.038607,0.889165,0.052281,0.452948,3.426708,6.192073,42.203487,-0.041019,0.948805,0.065096,0.306348,-8.367284,1.714354,-12.712258,-0.038607,0.889165,0.052281,0.452948,15.41036,1.946852,33.630146
30,0.25,-0.033377,0.940087,0.048823,0.335765,-1.261835,85.33754,18.215858,-0.048755,0.959764,0.104928,0.255862,-1.996685,92.975227,18.749506,-0.020333,0.966555,0.119614,0.225944,-5.10522,113.516281,22.473951,0.111367,0.983838,-0.034256,0.135966,-7.061443,133.8535,27.126575,0.171509,0.968677,-0.177377,0.028061,-3.252492,147.81427,24.784674,-0.02129,0.91326,0.096641,0.395176,-10.324408,128.230484,24.718163,0.438269,-0.518457,0.138511,-0.721066,-22.333941,128.886139,12.024072,0.284781,0.116951,-0.466772,-0.829063,-11.804863,112.641838,-3.526796,0.350584,0.200324,-0.552383,-0.729269,2.436312,134.938507,-5.434919,-0.023615,0.959027,0.163222,0.230364,-3.645768,128.120697,28.006134,0.349287,0.892332,0.16058,-0.236552,11.96583,127.597725,35.867641,-0.002839,0.233801,0.465321,-0.853701,27.958929,114.005638,22.599489,-0.013846,-0.009301,0.677982,-0.734889,16.764862,133.472473,12.899296,0.051112,0.915477,0.204412,0.342791,-8.505869,85.056435,12.263805,0.104637,0.97809,-0.037813,0.175958,-6.818503,52.032494,-2.57039,-0.041,0.948808,0.065116,0.306335,-17.187384,5.645481,-0.803601,-0.105973,0.935218,-0.002708,0.337831,5.982198,85.618637,24.167913,0.028478,0.896866,-0.191462,0.397697,13.099628,50.191204,26.946503,-0.038641,0.889186,0.052252,0.452908,3.42643,6.190979,42.204266,-0.041,0.948808,0.065116,0.306335,-8.366037,1.712721,-12.713642,-0.038641,0.889186,0.052252,0.452908,15.409512,1.94544,33.630295
31,0.258333,-0.033343,0.940095,0.048774,0.335753,-1.269909,85.337944,18.219889,-0.048761,0.959759,0.104987,0.255857,-2.004014,92.975739,18.753019,-0.020263,0.96656,0.119591,0.225939,-5.113595,113.517586,22.480019,0.111377,0.983848,-0.034143,0.135916,-7.066749,133.855133,27.132421,0.171547,0.968682,-0.177329,0.027962,-3.258093,147.816498,24.793533,-0.021338,0.913248,0.096677,0.395192,-10.330593,128.232574,24.724173,0.438201,-0.51853,0.13842,-0.721073,-22.339619,128.887253,12.029544,0.284674,0.116961,-0.466771,-0.829099,-11.813038,112.646339,-3.526568,0.350486,0.200381,-0.552316,-0.729352,2.42783,134.942978,-5.43134,-0.023634,0.95904,0.163182,0.230339,-3.65188,128.121872,28.011963,0.349227,0.892326,0.16066,-0.236609,11.960099,127.600014,35.872795,-0.002894,0.23372,0.465276,-0.853747,27.953941,114.012077,22.601271,-0.013917,-0.009477,0.677757,-0.735093,16.756577,133.477631,12.905725,0.051095,0.915546,0.204443,0.342589,-8.514142,85.057114,12.268061,0.104503,0.97807,-0.037797,0.176152,-6.82813,52.033974,-2.568071,-0.041038,0.948832,0.065071,0.306267,-17.184807,5.644187,-0.802498,-0.105984,0.935242,-0.002735,0.337762,5.974324,85.618767,24.171717,0.028437,0.896917,-0.19137,0.39763,13.09203,50.191509,26.951859,-0.038387,0.889196,0.052379,0.452895,3.426864,6.187725,42.204475,-0.041038,0.948832,0.065071,0.306267,-8.364882,1.710491,-12.713289,-0.038387,0.889196,0.052379,0.452895,15.407944,1.942049,33.627762
32,0.266667,-0.033359,0.940105,0.048767,0.335726,-1.276673,85.339241,18.223879,-0.048787,0.959751,0.105043,0.25586,-2.010955,92.977036,18.756855,-0.020241,0.966558,0.119594,0.225952,-5.122325,113.519203,22.485968,0.111423,0.983853,-0.034077,0.135858,-7.074682,133.856781,27.138657,0.171627,0.968688,-0.177237,0.027833,-3.265214,147.818222,24.801571,-0.021563,0.912943,0.097026,0.395799,-10.338723,128.23439,24.730253,0.437904,-0.518602,0.138708,-0.721147,-22.330618,128.889008,12.019445,0.284305,0.117152,-0.466918,-0.829116,-11.811672,112.643394,-3.53692,0.350382,0.200486,-0.552298,-0.729386,2.422009,134.951279,-5.426563,-0.023624,0.959057,0.163249,0.230221,-3.660081,128.123337,28.018177,0.349177,0.892324,0.16067,-0.236682,11.953809,127.60128,35.875187,-0.00308,0.233579,0.465311,-0.853766,27.94767,114.016296,22.60066,-0.013869,-0.009676,0.677548,-0.735284,16.748751,133.485687,12.915111,0.051096,0.915523,0.204446,0.34265,-8.521216,85.05806,12.27245,0.104452,0.978105,-0.037702,0.17601,-6.83421,52.035004,-2.563763,-0.041197,0.948823,0.065008,0.306286,-17.184383,5.643517,-0.804664,-0.106003,0.935257,-0.002785,0.337714,5.967871,85.620422,24.175306,0.028425,0.89694,-0.191292,0.397616,13.085789,50.193478,26.958925,-0.038477,0.889225,0.05234,0.452835,3.424824,6.186766,42.205738,-0.041197,0.948823,0.065008,0.306286,-8.362616,1.709573,-12.714003,-0.038477,0.889225,0.05234,0.452835,15.405396,1.94127,33.628239
33,0.275,-0.033411,0.940113,0.048796,0.335694,-1.282475,85.342041,18.228371,-0.048764,0.959751,0.105028,0.25587,-2.017639,92.979729,18.761513,-0.020262,0.966545,0.119643,0.225977,-5.127866,113.521339,22.490103,0.111518,0.983851,-0.033978,0.135818,-7.081666,133.858368,27.144522,0.171641,0.968703,-0.177166,0.027692,-3.270033,147.819733,24.810455,-0.021267,0.913226,0.096658,0.395251,-10.345245,128.236008,24.73542,0.43806,-0.518541,0.138295,-0.721175,-22.352734,128.892914,12.039453,0.284506,0.117084,-0.466799,-0.829124,-11.824978,112.659195,-3.523359,0.350355,0.20059,-0.552287,-0.729379,2.413563,134.95932,-5.418904,-0.023605,0.959048,0.163408,0.230145,-3.666785,128.125046,28.023716,0.349035,0.892391,0.159968,-0.237115,11.948358,127.601494,35.878147,-0.003607,0.233493,0.465343,-0.853771,27.936972,114.016815,22.596983,-0.013808,-0.009912,0.677611,-0.735224,16.735823,133.496613,12.9255,0.051086,0.915541,0.204438,0.342608,-8.52736,85.060089,12.27739,0.104414,0.978106,-0.037637,0.176038,-6.840628,52.03672,-2.558157,-0.040907,0.948801,0.065175,0.30636,-17.186291,5.644017,-0.804679,-0.106019,0.935264,-0.002833,0.337689,5.962409,85.623985,24.17935,0.028432,0.897025,-0.191222,0.397457,13.080242,50.197304,26.966433,-0.0384,0.889235,0.052375,0.452817,3.424047,6.188083,42.209019,-0.040907,0.948801,0.065175,0.30636,-8.365103,1.712065,-12.715112,-0.0384,0.889235,0.052375,0.452817,15.403748,1.942451,33.630363
34,0.283333,-0.033484,0.940111,0.048921,0.335675,-1.289197,85.342476,18.230122,-0.04871,0.95976,0.104997,0.255858,-2.026043,92.979904,18.764698,-0.02027,0.966538,0.119716,0.225967,-5.133906,113.52327,22.492914,0.111557,0.983854,-0.033899,0.135782,-7.088664,133.859558,27.150158,0.171628,0.968728,-0.177053,0.027625,-3.276356,147.821121,24.818336,-0.021254,0.913223,0.096698,0.395249,-10.351997,128.237366,24.740339,0.437859,-0.518536,0.1383,-0.7213,-22.359562,128.895233,12.044494,0.284321,0.117175,-0.466812,-0.829167,-11.831625,112.665771,-3.522627,0.350253,0.200735,-0.552255,-0.729413,2.405499,134.968307,-5.409581,-0.023603,0.959043,0.163487,0.230112,-3.673475,128.126297,28.028509,0.34909,0.892315,0.160019,-0.237286,11.942215,127.602257,35.881821,-0.003835,0.233266,0.465485,-0.853754,27.924875,114.018425,22.592623,-0.013854,-0.010133,0.677616,-0.735216,16.724363,133.507538,12.935456,0.051066,0.915547,0.204448,0.342589,-8.534229,85.060013,12.279344,0.104372,0.978084,-0.037635,0.176187,-6.846189,52.036812,-2.556436,-0.041006,0.948799,0.065173,0.306351,-17.188198,5.643251,-0.804046,-0.106045,0.935247,-0.002907,0.337726,5.955835,85.624947,24.180899,0.028394,0.897047,-0.19115,0.397446,13.073497,50.198685,26.973871,-0.038425,0.88925,0.052438,0.452779,3.423341,6.186637,42.212139,-0.041006,0.948799,0.065173,0.306351,-8.366304,1.712173,-12.714245,-0.038425,0.88925,0.052438,0.452779,15.402767,1.942998,33.632118
35,0.291667,-0.033571,0.940124,0.048903,0.335631,-1.29417,85.344383,18.234999,-0.048729,0.959762,0.10502,0.255839,-2.032157,92.98175,18.768896,-0.020319,0.966532,0.119767,0.22596,-5.140927,113.524841,22.497889,0.111582,0.98386,-0.033811,0.135742,-7.09811,133.860535,27.156713,0.171672,0.968743,-0.176938,0.027548,-3.285556,147.822433,24.827312,-0.021547,0.912896,0.097153,0.395876,-10.360773,128.238159,24.746462,0.437529,-0.518674,0.138503,-0.721361,-22.350561,128.89534,12.033796,0.283888,0.117537,-0.4669,-0.829215,-11.832536,112.663666,-3.537717,0.350109,0.200886,-0.552171,-0.729504,2.397764,134.977173,-5.399311,-0.02363,0.959049,0.163607,0.229997,-3.682236,128.127609,28.034615,0.348922,0.892356,0.160086,-0.237334,11.935259,127.604164,35.884373,-0.004123,0.233208,0.465412,-0.853809,27.922625,114.028259,22.592747,-0.014088,-0.010351,0.677419,-0.73539,16.717318,133.518967,12.943882,0.051069,0.915432,0.204818,0.342674,-8.539651,85.060211,12.284851,0.104251,0.9781,-0.037232,0.176254,-6.840953,52.047997,-2.574144,-0.040927,0.948787,0.064971,0.306444,-17.165373,5.649173,-0.857864,-0.106047,0.935281,-0.002878,0.337633,5.951312,85.628548,24.185144,0.028417,0.897145,-0.191143,0.397224,13.070112,50.202324,26.975546,-0.038393,0.889269,0.052461,0.452741,3.421999,6.190172,42.214809,-0.040927,0.948787,0.064971,0.306444,-8.342339,1.711691,-12.765098,-0.038393,0.889269,0.052461,0.452741,15.400502,1.946684,33.633427
36,0.3,-0.033561,0.940154,0.048886,0.33555,-1.302419,85.345367,18.239412,-0.04867,0.959771,0.105017,0.255817,-2.040126,92.982773,18.773184,-0.020372,0.966526,0.119797,0.225969,-5.146317,113.525536,22.502672,0.111636,0.98386,-0.033755,0.135713,-7.105961,133.860855,27.16217,0.171689,0.96876,-0.17684,0.027465,-3.29221,147.822693,24.834452,-0.021531,0.912862,0.097225,0.395937,-10.367912,128.238159,24.751619,0.437447,-0.5187,0.138423,-0.721408,-22.356049,128.897079,12.037477,0.283744,0.117709,-0.466897,-0.829242,-11.838224,112.669495,-3.538451,0.349955,0.201051,-0.552095,-0.729589,2.389769,134.984726,-5.388652,-0.023628,0.959053,0.16367,0.229936,-3.689458,128.128265,28.03997,0.3489,0.892307,0.160315,-0.237395,11.929013,127.604584,35.887779,-0.004184,0.232961,0.465447,-0.853856,27.915705,114.033653,22.590256,-0.014101,-0.010576,0.677479,-0.735331,16.706081,133.528061,12.952277,0.051014,0.915449,0.204831,0.34263,-8.548927,85.06118,12.290512,0.104196,0.978132,-0.037137,0.176132,-6.846971,52.048946,-2.568074,-0.040976,0.948794,0.064964,0.306415,-17.164568,5.648356,-0.85835,-0.106123,0.935384,-0.003018,0.337321,5.944089,85.629547,24.188311,0.0285,0.897277,-0.191017,0.396981,13.06545,50.20454,26.987654,-0.03844,0.88927,0.052494,0.45273,3.419155,6.188226,42.216038,-0.040976,0.948794,0.064964,0.306415,-8.341798,1.711128,-12.765866,-0.03844,0.88927,0.052494,0.45273,15.397999,1.946232,33.634384
37,0.308333,-0.033627,0.940148,0.048819,0.335571,-1.311061,85.34449,18.244329,-0.048604,0.959787,0.105024,0.255766,-2.049396,92.981926,18.776775,-0.020385,0.966543,0.119765,0.225909,-5.15262,113.523697,22.507196,0.111467,0.983899,-0.033674,0.135589,-7.112208,133.859314,27.165413,0.171887,0.968755,-0.17669,0.027356,-3.303991,147.82283,24.838739,-0.021471,0.912903,0.097273,0.395835,-10.374306,128.236359,24.755667,0.437247,-0.518675,0.138392,-0.721553,-22.365341,128.897476,12.044379,0.283612,0.11781,-0.466875,-0.829284,-11.845858,112.67569,-3.536457,0.34988,0.201274,-0.552076,-0.729578,2.381311,134.990768,-5.378269,-0.023697,0.959037,0.163765,0.229929,-3.695461,128.126877,28.043232,0.34891,0.892232,0.160671,-0.237421,11.923001,127.604797,35.891151,-0.004206,0.232739,0.465487,-0.853895,27.908701,114.039124,22.587088,-0.014229,-0.010822,0.677448,-0.735353,16.696087,133.535858,12.958653,0.051062,0.915536,0.204481,0.342599,-8.557218,85.058731,12.295082,0.104189,0.978148,-0.037425,0.175987,-6.86789,52.036476,-2.542643,-0.041122,0.948782,0.065268,0.306368,-17.189274,5.637792,-0.804471,-0.106047,0.935419,-0.003003,0.337247,5.935096,85.630241,24.193577,0.028349,0.89724,-0.190932,0.397117,13.051957,50.204063,26.989491,-0.037963,0.889237,0.052696,0.452814,3.419355,6.183854,42.21526,-0.041122,0.948782,0.065268,0.306368,-8.365705,1.71051,-12.714675,-0.037963,0.889237,0.052696,0.452814,15.396319,1.9407,33.631561
38,0.316667,-0.033647,0.940169,0.048812,0.335511,-1.316429,85.344383,18.247355,-0.048656,0.95979,0.10508,0.255721,-2.054976,92.981812,18.779644,-0.020384,0.966551,0.119781,0.225866,-5.160815,113.523628,22.512028,0.111552,0.983889,-0.033659,0.135592,-7.120305,133.85907,27.170992,0.171866,0.968763,-0.176663,0.027383,-3.309739,147.822098,24.845116,-0.021442,0.912876,0.097288,0.395896,-10.382528,128.236145,24.761374,0.436501,-0.518589,0.138845,-0.72198,-22.371933,128.898636,12.048613,0.283128,0.117728,-0.466888,-0.829454,-11.854227,112.67878,-3.535438,0.349748,0.201434,-0.551989,-0.729664,2.375284,134.997406,-5.368232,-0.023679,0.959046,0.163845,0.229838,-3.703394,128.126678,28.048351,0.348884,0.892206,0.160701,-0.237539,11.91657,127.603867,35.89325,-0.00444,0.232595,0.465473,-0.85394,27.900427,114.041138,22.583961,-0.014438,-0.010868,0.677457,-0.735341,16.683367,133.541931,12.965876,0.051085,0.915545,0.204465,0.342581,-8.563323,85.058174,12.299022,0.104108,0.978167,-0.037347,0.175945,-6.876256,52.035606,-2.538291,-0.041188,0.948788,0.06527,0.306341,-17.18882,5.634749,-0.805562,-0.106023,0.935482,-0.003105,0.33708,5.930465,85.6306,24.195686,0.028343,0.897323,-0.190827,0.39698,13.043742,50.204098,26.996691,-0.03803,0.889233,0.052766,0.452807,3.417868,6.180045,42.215618,-0.041188,0.948788,0.06527,0.306341,-8.365276,1.708147,-12.716016,-0.03803,0.889233,0.052766,0.452807,15.395546,1.939635,33.631554
39,0.325,-0.033672,0.940197,0.048809,0.335432,-1.322614,85.346512,18.250704,-0.048663,0.959778,0.105123,0.255748,-2.061466,92.983917,18.782877,-0.020399,0.966538,0.119754,0.225936,-5.167825,113.522972,22.516411,0.111595,0.983882,-0.033604,0.135621,-7.128015,133.858658,27.174028,0.17189,0.968773,-0.17659,0.027354,-3.316303,147.821671,24.849993,-0.021187,0.913158,0.097045,0.395317,-10.389881,128.235596,24.764229,0.436498,-0.518456,0.138569,-0.72213,-22.395679,128.900696,12.067091,0.283164,0.117625,-0.466798,-0.829507,-11.867328,112.692665,-3.52207,0.349543,0.201573,-0.551944,-0.729757,2.365909,135.004181,-5.358376,-0.02372,0.959045,0.163883,0.22981,-3.711225,128.126312,28.052183,0.348838,0.892176,0.160782,-0.237662,11.909124,127.604744,35.896385,-0.004595,0.232428,0.465525,-0.853957,27.891678,114.046494,22.580975,-0.014484,-0.01108,0.67755,-0.73525,16.673141,133.551483,12.973248,0.050997,0.915497,0.204873,0.34248,-8.570478,85.059738,12.303583,0.104016,0.978171,-0.036958,0.176059,-6.868729,52.048622,-2.557504,-0.041125,0.948785,0.06497,0.306422,-17.166719,5.643216,-0.860523,-0.106038,0.935544,-0.00322,0.336903,5.925249,85.633278,24.197824,0.028345,0.897402,-0.190712,0.396856,13.037285,50.207066,27.00564,-0.038491,0.889284,0.052674,0.452678,3.417589,6.178871,42.216476,-0.041125,0.948785,0.06497,0.306422,-8.34236,1.70759,-12.767392,-0.038491,0.889284,0.052674,0.452678,15.396553,1.942283,33.632324
40,0.333333,-0.033744,0.940208,0.048894,0.335381,-1.326849,85.348839,18.253038,-0.048868,0.959779,0.105148,0.255696,-2.067146,92.986038,18.786106,-0.020218,0.966552,0.119859,0.225836,-5.182347,113.527527,22.519176,0.111718,0.983873,-0.033642,0.135575,-7.135703,133.862473,27.182901,0.171836,0.968779,-0.17661,0.027371,-3.320599,147.824432,24.85811,-0.021455,0.912846,0.097395,0.395938,-10.399736,128.240997,24.77235,0.436192,-0.518567,0.138852,-0.72218,-22.387945,128.904694,12.058525,0.282812,0.117903,-0.466874,-0.829545,-11.869213,112.69162,-3.531875,0.349481,0.201652,-0.551932,-0.729774,2.35817,135.011551,-5.348257,-0.023643,0.959052,0.164012,0.229695,-3.720298,128.128937,28.058628,0.348682,0.892195,0.160945,-0.237709,11.902029,127.604401,35.898701,-0.004872,0.232323,0.465402,-0.854051,27.888885,114.055023,22.579412,-0.014772,-0.011098,0.677399,-0.735384,16.662474,133.559998,12.981317,0.050988,0.915491,0.204886,0.342487,-8.575264,85.061279,12.306625,0.10401,0.978164,-0.036953,0.176102,-6.872468,52.050503,-2.555088,-0.041113,0.948773,0.064962,0.306463,-17.169838,5.644923,-0.858946,-0.105985,0.935563,-0.00334,0.336865,5.921565,85.636398,24.199453,0.028279,0.897407,-0.19064,0.396885,13.027185,50.209415,27.013796,-0.038454,0.889307,0.052812,0.452621,3.415308,6.17823,42.22094,-0.041113,0.948773,0.064962,0.306463,-8.344608,1.708994,-12.765071,-0.038454,0.889307,0.052812,0.452621,15.393364,1.944731,33.633995
41,0.341667,-0.033813,0.940235,0.04894,0.33529,-1.332283,85.351654,18.255783,-0.048844,0.959785,0.105165,0.255669,-2.073755,92.988724,18.789234,-0.020255,0.966549,0.119877,0.225838,-5.187864,113.528671,22.52306,0.111747,0.983871,-0.033621,0.135571,-7.1429,133.863373,27.187157,0.171894,0.968783,-0.176529,0.027363,-3.327082,147.825241,24.863035,-0.021415,0.912842,0.097517,0.395918,-10.406451,128.241684,24.776449,0.436038,-0.518559,0.138874,-0.722275,-22.395277,128.908295,12.063369,0.282714,0.117931,-0.466869,-0.829577,-11.876414,112.697937,-3.529763,0.349457,0.20177,-0.551824,-0.729835,2.351049,135.018646,-5.34228,-0.023684,0.959053,0.164086,0.229635,-3.727055,128.130081,28.062817,0.34874,0.892115,0.161324,-0.237666,11.89616,127.606667,35.901184,-0.005279,0.232493,0.465535,-0.85393,27.881977,114.060211,22.577684,-0.015282,-0.010997,0.676553,-0.736153,16.666374,133.571259,12.983903,0.051047,0.915631,0.204462,0.342358,-8.581747,85.06308,12.310701,0.103811,0.978295,-0.037208,0.175438,-6.895851,52.040154,-2.525917,-0.04131,0.948899,0.06545,0.305941,-17.17794,5.632445,-0.795721,-0.10599,0.93558,-0.003424,0.336815,5.91718,85.640236,24.200863,0.028291,0.897475,-0.190579,0.396758,13.021265,50.213371,27.020651,-0.038497,0.889302,0.052801,0.452627,3.412806,6.180051,42.223759,-0.04131,0.948899,0.06545,0.305941,-8.362741,1.711824,-12.714316,-0.038497,0.889302,0.052801,0.452627,15.391317,1.946856,33.637302
42,0.35,-0.033871,0.940254,0.049024,0.335218,-1.336799,85.355064,18.258057,-0.048899,0.959794,0.105177,0.255622,-2.079508,92.991936,18.792465,-0.020239,0.966554,0.119929,0.225789,-5.195678,113.530792,22.526186,0.111826,0.983871,-0.033555,0.135527,-7.150318,133.865005,27.192604,0.171922,0.968783,-0.176511,0.027306,-3.332698,147.826721,24.87048,-0.021511,0.912846,0.097551,0.395897,-10.414097,128.243546,24.781652,0.435977,-0.518559,0.138766,-0.722333,-22.40337,128.907516,12.06885,0.282657,0.118007,-0.466856,-0.829593,-11.883041,112.702202,-3.528553,0.349466,0.201789,-0.551804,-0.72984,2.344677,135.024338,-5.336113,-0.023698,0.959057,0.164123,0.229592,-3.734355,128.131622,28.067312,0.348736,0.892057,0.161524,-0.237754,11.88954,127.608643,35.904354,-0.004904,0.231869,0.46551,-0.854115,27.873426,114.06646,22.574207,-0.014806,-0.011431,0.677386,-0.73539,16.641539,133.577957,12.995007,0.051035,0.915655,0.204461,0.342297,-8.58709,85.065903,12.314012,0.103756,0.978321,-0.037168,0.175332,-6.90144,52.042854,-2.522369,-0.041174,0.948908,0.065477,0.305927,-17.17762,5.633778,-0.793822,-0.105924,0.935532,-0.003495,0.33697,5.913493,85.644218,24.202101,0.028201,0.897465,-0.190477,0.396836,13.010934,50.216389,27.026302,-0.038493,0.889319,0.05286,0.452589,3.412672,6.17888,42.223705,-0.041174,0.948908,0.065477,0.305927,-8.36399,1.712617,-12.7134,-0.038493,0.889319,0.05286,0.452589,15.39063,1.947156,33.635746
43,0.358333,-0.033896,0.940287,0.049034,0.335122,-1.342724,85.357025,18.261047,-0.04894,0.959812,0.105207,0.255532,-2.085785,92.993858,18.795563,-0.020262,0.966574,0.119927,0.225702,-5.203573,113.532303,22.530323,0.111801,0.983899,-0.033428,0.135376,-7.158682,133.866501,27.196608,0.172198,0.968763,-0.176383,0.027129,-3.342798,147.829163,24.877317,-0.020932,0.913416,0.096846,0.394783,-10.422523,128.244797,24.786346,0.436294,-0.518362,0.138157,-0.7224,-22.443434,128.913269,12.103695,0.283178,0.117626,-0.46656,-0.829636,-11.904558,112.725449,-3.49935,0.349467,0.201823,-0.551802,-0.729832,2.338919,135.027435,-5.33139,-0.023733,0.959068,0.164178,0.2295,-3.742211,128.133362,28.070862,0.348675,0.892054,0.161565,-0.237827,11.883089,127.611664,35.905182,-0.004852,0.231627,0.465444,-0.854218,27.867359,114.073288,22.571609,-0.014782,-0.011703,0.677667,-0.735128,16.62628,133.584793,12.999587,0.050965,0.915677,0.204482,0.342235,-8.594203,85.067383,12.318474,0.103752,0.978342,-0.037089,0.175233,-6.904358,52.044426,-2.51763,-0.041265,0.948907,0.065362,0.305941,-17.178709,5.634716,-0.795326,-0.1059,0.93558,-0.003609,0.336842,5.908754,85.64666,24.203623,0.028184,0.897546,-0.190366,0.396709,13.002213,50.218517,27.034014,-0.03793,0.889269,0.053085,0.452708,3.411675,6.176892,42.224365,-0.041265,0.948907,0.065362,0.305941,-8.364087,1.711218,-12.713404,-0.03793,0.889269,0.053085,0.452708,15.387771,1.943459,33.634655
44,0.366667,-0.03387,0.94031,0.048963,0.335072,-1.351182,85.358513,18.26433,-0.048934,0.959823,0.105231,0.255482,-2.093474,92.995483,18.797987,-0.020276,0.966583,0.119942,0.225654,-5.211154,113.53437,22.53406,0.111844,0.983884,-0.033521,0.135422,-7.166746,133.868378,27.200901,0.172199,0.968756,-0.176394,0.027276,-3.349151,147.830215,24.87937,-0.021165,0.913185,0.097193,0.395219,-10.430559,128.246567,24.790842,0.436202,-0.518469,0.138298,-0.722351,-22.439083,128.914032,12.096405,0.283017,0.117803,-0.466632,-0.829626,-11.907681,112.721504,-3.506799,0.349506,0.201801,-0.5518,-0.729821,2.331641,135.030533,-5.328397,-0.023766,0.959069,0.164269,0.22943,-3.749932,128.135391,28.07473,0.348671,0.892056,0.161342,-0.237977,11.876435,127.614464,35.906982,-0.005006,0.23157,0.465442,-0.854233,27.857321,114.074791,22.570669,-0.014848,-0.01179,0.677686,-0.735107,16.61483,133.588379,13.004285,0.050901,0.915674,0.204519,0.342231,-8.603322,85.068825,12.322564,0.103703,0.978387,-0.037006,0.175029,-6.908356,52.046497,-2.514356,-0.041079,0.948923,0.065414,0.305906,-17.176441,5.635214,-0.796814,-0.105896,0.935586,-0.003607,0.336826,5.900958,85.648193,24.206095,0.028117,0.897576,-0.190286,0.396683,12.994246,50.21999,27.036121,-0.037963,0.889284,0.053095,0.452674,3.412846,6.175098,42.222797,-0.041079,0.948923,0.065414,0.305906,-8.364314,1.711386,-12.716632,-0.037963,0.889284,0.053095,0.452674,15.388626,1.942351,33.632305
45,0.375,-0.033764,0.940324,0.048926,0.335047,-1.361653,85.361595,18.268051,-0.048933,0.959846,0.105214,0.255405,-2.102211,92.998734,18.80175,-0.020204,0.966603,0.120003,0.225543,-5.219295,113.537369,22.537315,0.111833,0.983911,-0.033424,0.135262,-7.172006,133.87088,27.207521,0.172374,0.968737,-0.176354,0.027105,-3.355727,147.833389,24.887966,-0.021471,0.912908,0.09748,0.395772,-10.436887,128.24971,24.797455,0.435858,-0.518569,0.138636,-0.722422,-22.429667,128.913483,12.087952,0.282672,0.11794,-0.466764,-0.829649,-11.908063,112.71508,-3.51575,0.349537,0.201817,-0.551826,-0.729782,2.324996,135.033646,-5.324881,-0.023795,0.959074,0.164296,0.229387,-3.755474,128.137482,28.079706,0.348737,0.89201,0.161157,-0.238179,11.871539,127.617554,35.910732,-0.005061,0.23143,0.46548,-0.85425,27.845341,114.075218,22.568649,-0.014896,-0.011976,0.677784,-0.735013,16.601067,133.591934,13.008909,0.050819,0.915651,0.20453,0.3423,-8.614232,85.073517,12.326744,0.103687,0.978389,-0.036931,0.175041,-6.912418,52.0509,-2.508758,-0.041345,0.948927,0.065171,0.30591,-17.177889,5.638793,-0.798006,-0.105957,0.935588,-0.003578,0.336801,5.890926,85.649666,24.209356,0.028099,0.897606,-0.190239,0.396639,12.989041,50.222374,27.038706,-0.038435,0.889329,0.052894,0.452568,3.411656,6.175703,42.222752,-0.041345,0.948927,0.065171,0.30591,-8.363671,1.710637,-12.714847,-0.038435,0.889329,0.052894,0.452568,15.388846,1.944088,33.633675
46,0.383333,-0.033855,0.940335,0.049027,0.334993,-1.366075,85.363861,18.271332,-0.048899,0.959856,0.105213,0.255375,-2.108439,93.000755,18.806059,-0.020305,0.966604,0.119987,0.225537,-5.224044,113.539528,22.542042,0.111908,0.983903,-0.033419,0.135261,-7.180663,133.873047,27.210648,0.172464,0.968737,-0.176272,0.02709,-3.362284,147.835052,24.891535,-0.021498,0.912975,0.097537,0.395601,-10.444448,128.251053,24.800972,0.435971,-0.518611,0.138417,-0.722366,-22.441914,128.914124,12.095857,0.282738,0.117948,-0.466714,-0.829654,-11.919424,112.720123,-3.511827,0.349527,0.20178,-0.551734,-0.729867,2.315517,135.036285,-5.321349,-0.023895,0.959051,0.164448,0.229361,-3.763058,128.140335,28.083321,0.348693,0.892022,0.161119,-0.238224,11.864205,127.622673,35.913994,-0.005016,0.231332,0.465421,-0.854309,27.838478,114.08197,22.570827,-0.014821,-0.012112,0.677764,-0.735031,16.589169,133.597336,13.013345,0.050821,0.91569,0.204528,0.342196,-8.619219,85.07476,12.330766,0.103619,0.978398,-0.036893,0.175039,-6.919298,52.052094,-2.504851,-0.041292,0.948927,0.065285,0.305892,-17.177851,5.638367,-0.79646,-0.105889,0.935552,-0.003568,0.336922,5.887069,85.652969,24.211897,0.027985,0.897561,-0.1902,0.396769,12.980552,50.22464,27.03985,-0.038469,0.889336,0.052925,0.45255,3.412098,6.175944,42.223637,-0.041292,0.948927,0.065285,0.305892,-8.364345,1.712912,-12.714717,-0.038469,0.889336,0.052925,0.45255,15.389355,1.945592,33.634026
47,0.391667,-0.033881,0.940341,0.049088,0.334964,-1.372323,85.365189,18.275318,-0.048927,0.95987,0.105139,0.255347,-2.115363,93.001953,18.810806,-0.020287,0.966604,0.120076,0.225493,-5.231496,113.543175,22.543964,0.11171,0.983926,-0.03359,0.135209,-7.188019,133.875824,27.216396,0.172658,0.968722,-0.176149,0.027182,-3.374849,147.838287,24.89142,-0.02149,0.912995,0.097482,0.39557,-10.451937,128.254196,24.806023,0.4361,-0.518692,0.138266,-0.722259,-22.450291,128.916641,12.101711,0.282796,0.117978,-0.466674,-0.829652,-11.929913,112.723709,-3.508501,0.349537,0.201686,-0.551748,-0.729878,2.30671,135.039078,-5.317579,-0.023922,0.959053,0.164497,0.229314,-3.770234,128.143021,28.087721,0.348509,0.892077,0.161097,-0.238302,11.857737,127.626129,35.917034,-0.004984,0.231187,0.46526,-0.854436,27.836535,114.093002,22.571589,-0.01463,-0.012189,0.677744,-0.735052,16.577131,133.603165,13.01842,0.050815,0.915678,0.204571,0.342202,-8.625796,85.075966,12.335159,0.103581,0.978416,-0.036865,0.174967,-6.924281,52.05455,-2.503056,-0.041243,0.948922,0.065265,0.30592,-17.178827,5.639896,-0.795829,-0.105921,0.935513,-0.003513,0.337021,5.881151,85.654411,24.215475,0.027949,0.897576,-0.190184,0.396744,12.977833,50.226547,27.041224,-0.03805,0.889311,0.05307,0.452616,3.413479,6.177065,42.22533,-0.041243,0.948922,0.065265,0.30592,-8.365129,1.713432,-12.713608,-0.03805,0.889311,0.05307,0.452616,15.388838,1.94485,33.633991
48,0.4,-0.033939,0.940343,0.049152,0.334945,-1.376163,85.36602,18.277985,-0.048903,0.959885,0.105134,0.255298,-2.120357,93.002632,18.814114,-0.020337,0.966612,0.120106,0.225439,-5.235276,113.54406,22.547527,0.111822,0.983911,-0.03355,0.135237,-7.193861,133.876312,27.220783,0.172525,0.96874,-0.176176,0.027228,-3.377575,147.838211,24.897524,-0.021494,0.913022,0.097486,0.395507,-10.457316,128.254364,24.810549,0.43606,-0.518813,0.138204,-0.722208,-22.457399,128.916519,12.107855,0.282733,0.117963,-0.466644,-0.829692,-11.94241,112.724564,-3.507009,0.349507,0.201658,-0.551728,-0.729915,2.296791,135.040405,-5.314594,-0.024031,0.959042,0.164603,0.229277,-3.775283,128.143906,28.091599,0.348439,0.892106,0.16106,-0.238323,11.853109,127.63002,35.920269,-0.004973,0.231111,0.465157,-0.854513,27.83386,114.099243,22.574785,-0.01452,-0.012291,0.677353,-0.735412,16.568205,133.606506,13.023797,0.050814,0.915699,0.204582,0.342139,-8.629806,85.076164,12.338064,0.103544,0.978396,-0.036842,0.175105,-6.928947,52.055065,-2.500931,-0.041353,0.948912,0.065283,0.305933,-17.179939,5.63952,-0.796684,-0.105952,0.935534,-0.003539,0.336953,5.877479,85.655884,24.217907,0.027977,0.89762,-0.190146,0.396662,12.975794,50.2285,27.045614,-0.038556,0.889336,0.052933,0.45254,3.411864,6.177804,42.226456,-0.041353,0.948912,0.065283,0.305933,-8.364861,1.714608,-12.713957,-0.038556,0.889336,0.052933,0.45254,15.389726,1.948838,33.637012
49,0.408333,-0.033978,0.940354,0.04929,0.334889,-1.380543,85.366631,18.280434,-0.048962,0.95989,0.10514,0.255263,-2.125964,93.002991,18.818392,-0.020332,0.966622,0.120091,0.225404,-5.24346,113.545815,22.551826,0.11186,0.983904,-0.033564,0.135254,-7.201519,133.878235,27.224564,0.172548,0.968737,-0.176154,0.027296,-3.384029,147.839767,24.901121,-0.021462,0.913034,0.09744,0.395492,-10.4652,128.256256,24.814749,0.436064,-0.518865,0.138234,-0.722162,-22.465746,128.918701,12.112512,0.282753,0.117962,-0.466643,-0.829686,-11.953876,112.724754,-3.502384,0.349539,0.201713,-0.551727,-0.729885,2.285437,135.040543,-5.310565,-0.024074,0.959064,0.164567,0.229203,-3.782933,128.145828,28.09532,0.348378,0.892143,0.160906,-0.238376,11.846565,127.63414,35.921925,-0.00501,0.231131,0.465051,-0.854565,27.828127,114.103996,22.576771,-0.014636,-0.012386,0.677256,-0.735498,16.557833,133.608887,13.024959,0.050826,0.915685,0.204601,0.342163,-8.634843,85.076897,12.341311,0.103503,0.978397,-0.036824,0.175132,-6.933957,52.056442,-2.499105,-0.041212,0.948919,0.065335,0.305916,-17.180893,5.639956,-0.796106,-0.105948,0.93551,-0.003563,0.337021,5.873756,85.656364,24.219557,0.027947,0.89763,-0.190065,0.396679,12.970972,50.228928,27.049339,-0.038036,0.889287,0.053114,0.452659,3.412303,6.175142,42.224522,-0.041212,0.948919,0.065335,0.305916,-8.367428,1.715161,-12.714613,-0.038036,0.889287,0.053114,0.452659,15.388515,1.943907,33.633892
50,0.416667,-0.03394,0.940361,0.049225,0.334881,-1.389362,85.366043,18.286285,-0.048942,0.95991,0.105081,0.255217,-2.133897,93.002548,18.823507,-0.02038,0.96663,0.120131,0.225345,-5.249856,113.546432,22.555046,0.11208,0.983891,-0.033489,0.135183,-7.209946,133.878372,27.22905,0.172551,0.96874,-0.176163,0.027132,-3.386847,147.838821,24.908314,-0.021398,0.913002,0.097395,0.39558,-10.473187,128.256088,24.819296,0.436052,-0.518993,0.138222,-0.722079,-22.471395,128.920288,12.114941,0.282727,0.117952,-0.466609,-0.829716,-11.965961,112.724861,-3.502748,0.34952,0.201716,-0.551693,-0.729918,2.274971,135.039215,-5.309975,-0.024109,0.959068,0.164633,0.229138,-3.790549,128.146347,28.099134,0.34828,0.892186,0.160823,-0.238414,11.83994,127.635681,35.923828,-0.004972,0.23112,0.464899,-0.854651,27.823997,114.108444,22.578705,-0.01463,-0.012381,0.677137,-0.735608,16.546846,133.607971,13.025728,0.050756,0.915668,0.204693,0.342165,-8.643806,85.076561,12.347325,0.103503,0.978427,-0.036775,0.17497,-6.935847,52.058327,-2.497216,-0.04143,0.948912,0.06516,0.305947,-17.181683,5.641493,-0.797042,-0.105991,0.935494,-0.00346,0.337054,5.865083,85.655525,24.225245,0.027914,0.897606,-0.190043,0.396746,12.967598,50.228699,27.04932,-0.038512,0.889337,0.052973,0.452538,3.411436,6.173954,42.223301,-0.04143,0.948912,0.06516,0.305947,-8.36576,1.713875,-12.712799,-0.038512,0.889337,0.052973,0.452538,15.389013,1.945436,33.633232
51,0.425,-0.033947,0.940368,0.049236,0.334862,-1.395861,85.364449,18.290773,-0.048996,0.959912,0.105027,0.25522,-2.140548,93.000923,18.828142,-0.020343,0.966633,0.120118,0.225343,-5.258307,113.546051,22.557091,0.112111,0.983892,-0.033422,0.135172,-7.216747,133.878174,27.230963,0.172559,0.968741,-0.176151,0.027097,-3.393038,147.838776,24.91221,-0.021498,0.913022,0.097382,0.395531,-10.480459,128.256149,24.821299,0.436224,-0.519062,0.138023,-0.721965,-22.479864,128.916779,12.117891,0.282809,0.118024,-0.46659,-0.829688,-11.975202,112.723396,-3.502434,0.349527,0.201715,-0.551634,-0.729961,2.265748,135.037842,-5.3084,-0.024191,0.959088,0.164605,0.229065,-3.797787,128.145905,28.101048,0.34822,0.892254,0.160519,-0.23845,11.833717,127.638626,35.923923,-0.005036,0.231184,0.464767,-0.854705,27.818996,114.109566,22.582129,-0.014681,-0.012331,0.677042,-0.735694,16.53694,133.606049,13.026993,0.05072,0.915646,0.204782,0.342176,-8.650539,85.07489,12.352106,0.103497,0.978448,-0.036743,0.174864,-6.937745,52.059025,-2.497144,-0.041468,0.948909,0.065145,0.305953,-17.182392,5.641863,-0.79878,-0.106016,0.935496,-0.003385,0.33704,5.858819,85.654007,24.229441,0.0279,0.89763,-0.190024,0.396703,12.964911,50.227535,27.048979,-0.03813,0.8893,0.053079,0.452631,3.411424,6.172008,42.222363,-0.041468,0.948909,0.065145,0.305953,-8.366004,1.714169,-12.714166,-0.03813,0.8893,0.053079,0.452631,15.387803,1.941114,33.631798
52,0.433333,-0.033951,0.940337,0.049272,0.334941,-1.40157,85.363701,18.29397,-0.04898,0.959915,0.105024,0.255215,-2.146549,93.000122,18.83177,-0.020376,0.966641,0.120095,0.225314,-5.263791,113.546715,22.56101,0.112077,0.983898,-0.033376,0.135161,-7.22325,133.879013,27.23369,0.172577,0.968741,-0.176134,0.027104,-3.400686,147.840134,24.916046,-0.020917,0.913588,0.096717,0.394418,-10.486738,128.256638,24.824547,0.436626,-0.518969,0.137386,-0.72191,-22.517776,128.922455,12.151356,0.283368,0.117601,-0.466289,-0.829728,-11.999599,112.743927,-3.475283,0.349548,0.201677,-0.551615,-0.729975,2.257805,135.037323,-5.308466,-0.024256,0.959093,0.164614,0.229028,-3.803891,128.147003,28.103966,0.348132,0.892304,0.160417,-0.238461,11.828113,127.642044,35.926018,-0.004984,0.231179,0.464633,-0.854779,27.816177,114.114883,22.585617,-0.014589,-0.012235,0.677019,-0.73572,16.527864,133.606964,13.028583,0.050714,0.915645,0.204798,0.34217,-8.655253,85.074387,12.354071,0.103454,0.978435,-0.03672,0.174969,-6.941753,52.058941,-2.496054,-0.041282,0.948899,0.065258,0.305986,-17.182251,5.640766,-0.800198,-0.106112,0.935546,-0.003367,0.336873,5.852113,85.653023,24.233871,0.027948,0.897696,-0.190006,0.396559,12.965611,50.228024,27.053207,-0.038772,0.889365,0.052912,0.452468,3.41108,6.172112,42.224838,-0.041282,0.948899,0.065258,0.305986,-8.366571,1.714511,-12.71659,-0.038772,0.889365,0.052912,0.452468,15.389405,1.945528,33.634857
53,0.441667,-0.034006,0.940335,0.049331,0.334934,-1.40518,85.364143,18.297169,-0.048969,0.959917,0.104972,0.255228,-2.151244,93.00042,18.835543,-0.02042,0.966632,0.120123,0.225335,-5.267593,113.547752,22.562828,0.112077,0.983896,-0.033418,0.13517,-7.229194,133.8797,27.236179,0.172566,0.968757,-0.176054,0.027113,-3.406461,147.840576,24.917397,-0.020888,0.913586,0.096688,0.394431,-10.492028,128.257095,24.826641,0.437006,-0.519136,0.137056,-0.721623,-22.522745,128.923477,12.153178,0.283528,0.117714,-0.466238,-0.829685,-12.008721,112.745308,-3.476624,0.349472,0.201646,-0.55156,-0.730062,2.249207,135.037308,-5.308195,-0.02423,0.959091,0.164449,0.22916,-3.809351,128.147964,28.106424,0.347962,0.892366,0.160409,-0.238483,11.82058,127.642715,35.932587,-0.004921,0.231273,0.464481,-0.854837,27.813992,114.122116,22.591951,-0.014513,-0.012174,0.676796,-0.735927,16.521458,133.607452,13.029359,0.05073,0.915634,0.204818,0.342184,-8.658879,85.074234,12.35732,0.103424,0.978436,-0.036715,0.174983,-6.945696,52.059513,-2.494444,-0.041402,0.948904,0.065237,0.305961,-17.183298,5.640695,-0.79871,-0.106056,0.935501,-0.003311,0.337015,5.84852,85.654053,24.237017,0.027817,0.897607,-0.189975,0.396784,12.959168,50.228153,27.052303,-0.038879,0.889359,0.052997,0.45246,3.413204,6.170422,42.224033,-0.041402,0.948904,0.065237,0.305961,-8.367155,1.714978,-12.714931,-0.038879,0.889359,0.052997,0.45246,15.392606,1.947512,33.633751
54,0.45,-0.034031,0.940336,0.049407,0.334917,-1.410032,85.364357,18.300301,-0.048974,0.959929,0.104965,0.255188,-2.156845,93.000488,18.839657,-0.020503,0.966642,0.12011,0.225294,-5.273402,113.549599,22.567066,0.112168,0.983884,-0.033409,0.135183,-7.238025,133.881546,27.239168,0.172524,0.968767,-0.176041,0.027134,-3.412715,147.841827,24.921061,-0.020917,0.913594,0.096731,0.394401,-10.500095,128.25824,24.830217,0.436973,-0.519171,0.13701,-0.721627,-22.53158,128.92421,12.157455,0.283506,0.117663,-0.466197,-0.829723,-12.018708,112.747765,-3.474915,0.349478,0.201531,-0.551552,-0.730097,2.241719,135.037659,-5.30728,-0.024277,0.95909,0.164515,0.22911,-3.817191,128.150421,28.109583,0.347839,0.892448,0.160287,-0.23844,11.813461,127.646507,35.934399,-0.004926,0.231344,0.464336,-0.854896,27.812164,114.128159,22.59782,-0.014457,-0.012078,0.676679,-0.736037,16.514708,133.608749,13.031689,0.050742,0.915612,0.204845,0.342226,-8.663914,85.074463,12.36067,0.103389,0.978449,-0.036704,0.17493,-6.950136,52.060627,-2.492982,-0.041449,0.948896,0.06529,0.305966,-17.184237,5.641049,-0.79711,-0.106112,0.93545,-0.003295,0.337139,5.84385,85.654259,24.239931,0.027819,0.897603,-0.189949,0.396806,12.95828,50.229218,27.056402,-0.038257,0.889309,0.05322,0.452586,3.412668,6.170577,42.225716,-0.041449,0.948896,0.06529,0.305966,-8.36744,1.717262,-12.713486,-0.038257,0.889309,0.05322,0.452586,15.389821,1.945081,33.633564
55,0.458333,-0.034124,0.940343,0.049446,0.334882,-1.412963,85.363327,18.304367,-0.048991,0.959932,0.104971,0.255169,-2.161305,92.999298,18.84383,-0.020652,0.966643,0.12006,0.2253,-5.278745,113.549652,22.571566,0.11226,0.983873,-0.033421,0.135181,-7.248962,133.881836,27.240232,0.172543,0.96878,-0.175956,0.027081,-3.421057,147.8414,24.922142,-0.020878,0.913567,0.096785,0.394452,-10.50943,128.257294,24.832048,0.437153,-0.519187,0.136908,-0.721525,-22.539581,128.925415,12.158142,0.283634,0.11767,-0.466186,-0.829685,-12.026184,112.748299,-3.473175,0.349524,0.201464,-0.551606,-0.730052,2.234598,135.03746,-5.308453,-0.024353,0.95913,0.164396,0.229022,-3.826657,128.151779,28.111753,0.347766,0.892532,0.160028,-0.238404,11.805267,127.651917,35.93428,-0.004973,0.231472,0.464262,-0.854901,27.807335,114.131973,22.603361,-0.014379,-0.012017,0.676589,-0.736123,16.509748,133.609665,13.033122,0.050738,0.915612,0.204916,0.342184,-8.667156,85.071983,12.365191,0.103379,0.978484,-0.036685,0.174748,-6.951972,52.060246,-2.492963,-0.041365,0.948904,0.065358,0.30594,-17.184559,5.640346,-0.796778,-0.106123,0.935468,-0.00331,0.337085,5.84123,85.654671,24.243544,0.027841,0.897643,-0.189894,0.39674,12.956182,50.229801,27.060942,-0.038303,0.889304,0.053271,0.452586,3.411861,6.169274,42.225586,-0.041365,0.948904,0.065358,0.30594,-8.369044,1.717667,-12.714465,-0.038303,0.889304,0.053271,0.452586,15.389597,1.945751,33.633289
56,0.466667,-0.034159,0.940343,0.049466,0.334875,-1.418789,85.362175,18.309536,-0.049005,0.959942,0.104935,0.255143,-2.167725,92.998077,18.84911,-0.020672,0.966655,0.120017,0.225269,-5.28542,113.549698,22.575527,0.112248,0.983881,-0.033398,0.135141,-7.255918,133.882278,27.242369,0.172566,0.968776,-0.175965,0.027026,-3.42859,147.842087,24.924711,-0.020831,0.913622,0.096635,0.394363,-10.516373,128.257401,24.834913,0.437139,-0.519166,0.136893,-0.721551,-22.549038,128.924637,12.163347,0.283689,0.117546,-0.46617,-0.829692,-12.034343,112.748695,-3.468297,0.349561,0.201488,-0.551529,-0.730086,2.228755,135.035797,-5.310129,-0.024383,0.959144,0.164322,0.229014,-3.833406,128.15239,28.114235,0.347729,0.89256,0.160104,-0.238305,11.798603,127.65416,35.936691,-0.004807,0.231486,0.464179,-0.854944,27.804312,114.135513,22.608826,-0.014357,-0.012063,0.676636,-0.736079,16.503071,133.609192,13.033554,0.050645,0.915637,0.205014,0.342072,-8.673033,85.070343,12.370448,0.103403,0.97848,-0.036652,0.174758,-6.951026,52.060825,-2.491858,-0.041555,0.948885,0.065199,0.306007,-17.185337,5.641165,-0.799231,-0.106132,0.935448,-0.003238,0.337139,5.835456,85.653999,24.248623,0.027792,0.897641,-0.18986,0.396763,12.952629,50.229252,27.061775,-0.038363,0.889306,0.05326,0.452578,3.413359,6.167269,42.225342,-0.041555,0.948885,0.065199,0.306007,-8.366716,1.715866,-12.713755,-0.038363,0.889306,0.05326,0.452578,15.391439,1.944264,33.63327
57,0.475,-0.034071,0.940364,0.049357,0.33484,-1.426531,85.363541,18.314924,-0.049068,0.959949,0.104918,0.255113,-2.17362,92.99971,18.853409,-0.020685,0.966668,0.119976,0.225235,-5.29329,113.549438,22.578243,0.112084,0.983898,-0.033404,0.135151,-7.263738,133.882416,27.24337,0.172601,0.968758,-0.176017,0.02712,-3.440939,147.843323,24.924906,-0.020882,0.913608,0.096613,0.394399,-10.524282,128.257278,24.836639,0.437301,-0.519182,0.136785,-0.721462,-22.555876,128.922699,12.163955,0.283805,0.117558,-0.466147,-0.829664,-12.04054,112.746742,-3.467244,0.349601,0.201399,-0.551652,-0.729998,2.222935,135.032104,-5.311144,-0.024435,0.959164,0.16429,0.228947,-3.841095,128.152649,28.115532,0.347688,0.892604,0.159925,-0.238318,11.79189,127.65683,35.936199,-0.004826,0.231484,0.464067,-0.855005,27.798712,114.137245,22.61063,-0.014387,-0.011947,0.676776,-0.735952,16.492113,133.6082,13.034993,0.050458,0.915545,0.205471,0.342072,-8.681328,85.072533,12.376468,0.103531,0.978398,-0.036232,0.175233,-6.935197,52.075256,-2.510183,-0.041284,0.948782,0.064761,0.306455,-17.175232,5.655199,-0.863735,-0.106173,0.935484,-0.003167,0.337025,5.828265,85.654556,24.253382,0.027782,0.897646,-0.189823,0.396771,12.950272,50.230396,27.061829,-0.038893,0.889329,0.053036,0.452514,3.413136,6.166995,42.222622,-0.041284,0.948782,0.064761,0.306455,-8.348986,1.715238,-12.767771,-0.038893,0.889329,0.053036,0.452514,15.393845,1.945319,33.633553
58,0.483333,-0.034093,0.940372,0.049375,0.334814,-1.432072,85.364166,18.317015,-0.049116,0.959959,0.104921,0.255066,-2.179548,93.000275,18.855665,-0.020695,0.966682,0.119966,0.225178,-5.30118,113.550972,22.580442,0.111902,0.983932,-0.033438,0.13505,-7.271694,133.884018,27.245213,0.172788,0.968736,-0.175961,0.027069,-3.454313,147.846069,24.924629,-0.020868,0.913616,0.096543,0.394399,-10.532347,128.258728,24.839014,0.437418,-0.519163,0.136732,-0.721416,-22.563965,128.92363,12.166326,0.283956,0.117517,-0.466123,-0.829631,-12.046899,112.747299,-3.463325,0.349691,0.201404,-0.551672,-0.729939,2.217679,135.030167,-5.312566,-0.02449,0.959178,0.16429,0.228882,-3.848782,128.154373,28.117144,0.347645,0.89266,0.159693,-0.238326,11.785154,127.660774,35.936054,-0.004898,0.231578,0.464007,-0.855012,27.793259,114.139435,22.613796,-0.014437,-0.01193,0.676761,-0.735965,16.485607,133.609695,13.035348,0.050495,0.915625,0.20509,0.34208,-8.687171,85.072853,12.378942,0.103397,0.978511,-0.036537,0.174616,-6.953177,52.064514,-2.484576,-0.041578,0.948899,0.065057,0.305988,-17.184797,5.643937,-0.801095,-0.106154,0.935463,-0.003147,0.337091,5.823027,85.655472,24.255089,0.027704,0.897615,-0.189768,0.396872,12.944031,50.23101,27.062246,-0.038849,0.889306,0.053058,0.45256,3.413884,6.165204,42.220463,-0.041578,0.948899,0.065057,0.305988,-8.366686,1.71485,-12.714749,-0.038849,0.889306,0.053058,0.45256,15.395146,1.943519,33.632175
59,0.491667,-0.034109,0.94037,0.049417,0.334811,-1.437647,85.363564,18.320944,-0.0491,0.959976,0.104884,0.255019,-2.185575,92.999603,18.860113,-0.020739,0.966697,0.119945,0.225121,-5.306127,113.551605,22.583906,0.111861,0.983954,-0.033384,0.134931,-7.277939,133.884796,27.247534,0.172835,0.968733,-0.17596,0.026886,-3.46237,147.847473,24.927794,-0.021086,0.913606,0.096725,0.394366,-10.538351,128.259048,24.842056,0.437499,-0.519187,0.136567,-0.72138,-22.570572,128.919403,12.169703,0.284032,0.117567,-0.466106,-0.829608,-12.052504,112.746582,-3.462932,0.349792,0.201389,-0.551669,-0.729897,2.212028,135.028931,-5.311718,-0.024563,0.959195,0.164234,0.228842,-3.85443,128.155502,28.119486,0.347571,0.892689,0.159643,-0.238357,11.780032,127.665054,35.937542,-0.004773,0.231485,0.463936,-0.855076,27.789948,114.146111,22.615026,-0.014229,-0.012015,0.676885,-0.735853,16.476675,133.613937,13.036643,0.050475,0.915602,0.205124,0.342126,-8.69276,85.072227,12.382891,0.103495,0.978418,-0.036488,0.175089,-6.955781,52.064747,-2.482195,-0.041539,0.948803,0.065008,0.306303,-17.196419,5.645755,-0.809827,-0.106228,0.935464,-0.003085,0.337065,5.817467,85.654907,24.258997,0.027714,0.897585,-0.189771,0.396938,12.945024,50.231552,27.063492,-0.038402,0.889282,0.053222,0.452626,3.41282,6.165898,42.220867,-0.041539,0.948803,0.065008,0.306303,-8.371049,1.715104,-12.717591,-0.038402,0.889282,0.053222,0.452626,15.392022,1.942446,33.630569
60,0.5,-0.034144,0.940388,0.049514,0.334745,-1.44209,85.365173,18.323807,-0.049099,0.959996,0.104826,0.254968,-2.190983,93.001022,18.864246,-0.020794,0.966705,0.119964,0.225075,-5.310709,113.553665,22.585915,0.111899,0.983941,-0.033491,0.13497,-7.284676,133.886581,27.249855,0.172679,0.968745,-0.17603,0.026982,-3.46753,147.848373,24.927389,-0.021136,0.913558,0.096735,0.394471,-10.544582,128.260452,24.844597,0.437513,-0.519202,0.136581,-0.721358,-22.573833,128.919724,12.169366,0.284049,0.117609,-0.466106,-0.829596,-12.056728,112.745872,-3.462824,0.349851,0.201372,-0.551662,-0.729879,2.207806,135.029556,-5.310332,-0.024683,0.959185,0.164343,0.228793,-3.860384,128.157715,28.121487,0.347489,0.892724,0.159742,-0.238281,11.774647,127.670685,35.938625,-0.00473,0.231477,0.463849,-0.855126,27.789194,114.15535,22.618021,-0.014158,-0.011991,0.676711,-0.736015,16.472357,133.619247,13.038868,0.050464,0.915608,0.205171,0.342083,-8.697991,85.073753,12.386717,0.103481,0.978391,-0.036501,0.175244,-6.959824,52.067577,-2.481122,-0.041351,0.948771,0.065089,0.30641,-17.199709,5.64841,-0.809003,-0.106264,0.935454,-0.00308,0.337081,5.813812,85.656586,24.260895,0.027691,0.897598,-0.189751,0.396922,12.943819,50.23378,27.066063,-0.038709,0.889316,0.053183,0.452538,3.414617,6.167295,42.222889,-0.041351,0.948771,0.065089,0.30641,-8.373309,1.718303,-12.716183,-0.038709,0.889316,0.053183,0.452538,15.394693,1.94698,33.632271
61,0.508333,-0.034155,0.940392,0.049564,0.334724,-1.446517,85.368256,18.327461,-0.049087,0.959994,0.104792,0.25499,-2.19581,93.004013,18.868586,-0.020948,0.966688,0.119978,0.225123,-5.314792,113.556992,22.588926,0.11201,0.983923,-0.033515,0.135005,-7.295376,133.889481,27.251875,0.172629,0.968744,-0.176097,0.02693,-3.474873,147.850342,24.929337,-0.021184,0.913569,0.096785,0.394431,-10.553297,128.262299,24.846369,0.437477,-0.519118,0.136615,-0.721434,-22.583572,128.920609,12.17206,0.284094,0.117632,-0.466132,-0.829563,-12.062613,112.747742,-3.45857,0.350115,0.201218,-0.551511,-0.729908,2.200289,135.032166,-5.306755,-0.024704,0.959219,0.164253,0.228715,-3.869521,128.161652,28.124184,0.347427,0.892767,0.15957,-0.238326,11.766728,127.676537,35.939003,-0.004829,0.231537,0.463819,-0.855126,27.782354,114.161552,22.619339,-0.014119,-0.011942,0.676656,-0.736067,16.466036,133.624344,13.040402,0.050428,0.915626,0.205184,0.342031,-8.702664,85.076935,12.390669,0.103453,0.978417,-0.036459,0.175126,-6.962591,52.070885,-2.477232,-0.04151,0.948797,0.064993,0.306327,-17.198988,5.650872,-0.807212,-0.106278,0.935467,-0.003005,0.337043,5.809631,85.659569,24.264254,0.027652,0.897552,-0.189745,0.397029,12.942503,50.236938,27.064428,-0.03834,0.889268,0.053237,0.452656,3.414987,6.170049,42.221142,-0.04151,0.948797,0.064993,0.306327,-8.373318,1.719521,-12.714521,-0.03834,0.889268,0.053237,0.452656,15.394264,1.946151,33.631168
62,0.516667,-0.034212,0.940402,0.049595,0.334686,-1.450475,85.368034,18.331177,-0.049052,0.960007,0.104789,0.254952,-2.200737,93.003685,18.87249,-0.021036,0.9667,0.119904,0.225106,-5.318154,113.557121,22.593287,0.111943,0.983936,-0.0335,0.134965,-7.301549,133.890198,27.252472,0.172632,0.968736,-0.176147,0.026852,-3.483162,147.851639,24.929911,-0.021236,0.913558,0.096755,0.394462,-10.558708,128.262115,24.848063,0.437555,-0.519115,0.13652,-0.721407,-22.588047,128.918427,12.172768,0.284178,0.117713,-0.466118,-0.82953,-12.065647,112.747253,-3.458621,0.350196,0.201289,-0.551423,-0.729917,2.196731,135.031754,-5.305295,-0.024731,0.959239,0.164162,0.228692,-3.874871,128.163025,28.125795,0.347336,0.892799,0.159679,-0.238265,11.761695,127.679703,35.940079,-0.004725,0.231497,0.463692,-0.855206,27.781898,114.168999,22.621588,-0.014101,-0.011944,0.676661,-0.736063,16.458359,133.628128,13.04048,0.05039,0.915673,0.205238,0.341879,-8.707025,85.075851,12.394921,0.103419,0.978434,-0.036412,0.175061,-6.965563,52.071144,-2.475785,-0.041422,0.948797,0.064987,0.306341,-17.197889,5.650121,-0.808949,-0.106296,0.935434,-0.002936,0.337128,5.806075,85.66021,24.267431,0.027672,0.897565,-0.189742,0.397001,12.941628,50.237835,27.064014,-0.038779,0.889296,0.053106,0.452579,3.41304,6.170926,42.219986,-0.041422,0.948797,0.064987,0.306341,-8.372728,1.717777,-12.716305,-0.038779,0.889296,0.053106,0.452579,15.394226,1.949549,33.631443
63,0.525,-0.034218,0.940404,0.049604,0.334677,-1.454722,85.368462,18.335726,-0.049106,0.960016,0.104754,0.254919,-2.20511,93.004089,18.877148,-0.021028,0.966715,0.119874,0.225057,-5.324247,113.557838,22.596075,0.111826,0.983967,-0.033395,0.134864,-7.30677,133.891235,27.254238,0.172684,0.968709,-0.176269,0.026701,-3.492431,147.854111,24.933729,-0.021354,0.913515,0.096875,0.394525,-10.564282,128.263062,24.8505,0.437466,-0.519068,0.136612,-0.721477,-22.59169,128.917526,12.173282,0.284128,0.117706,-0.466126,-0.829544,-12.068151,112.74588,-3.45685,0.350143,0.201376,-0.551431,-0.729912,2.193908,135.030716,-5.302617,-0.024863,0.959245,0.164136,0.228673,-3.880116,128.164047,28.12756,0.347289,0.892838,0.159444,-0.238345,11.756521,127.685478,35.941982,-0.00476,0.231579,0.463632,-0.855216,27.776426,114.174034,22.62389,-0.014106,-0.011977,0.676511,-0.7362,16.452971,133.629654,13.040832,0.050393,0.915691,0.205239,0.341829,-8.711373,85.076233,12.399599,0.103344,0.97846,-0.036336,0.174971,-6.970897,52.071548,-2.471283,-0.041504,0.948818,0.064963,0.306269,-17.194942,5.648523,-0.809287,-0.106264,0.935415,-0.002797,0.337192,5.801929,85.66069,24.271852,0.027598,0.897548,-0.18975,0.397041,12.938544,50.23777,27.058733,-0.038842,0.889308,0.052985,0.452565,3.415287,6.170759,42.217766,-0.041504,0.948818,0.064963,0.306269,-8.370814,1.716241,-12.717429,-0.038842,0.889308,0.052985,0.452565,15.396312,1.947055,33.630146
64,0.533333,-0.034162,0.940411,0.049561,0.334671,-1.460985,85.367462,18.339275,-0.049094,0.960028,0.104721,0.254893,-2.210331,93.003212,18.880362,-0.021062,0.966727,0.119825,0.225028,-5.328628,113.557816,22.598282,0.111773,0.983972,-0.033405,0.134873,-7.31195,133.891647,27.254236,0.172551,0.968707,-0.176407,0.026716,-3.49904,147.854843,24.933287,-0.021429,0.913512,0.096857,0.394532,-10.569299,128.263031,24.851303,0.437521,-0.519063,0.136492,-0.72147,-22.59642,128.914841,12.173674,0.284137,0.117786,-0.466099,-0.829545,-12.070951,112.746239,-3.458318,0.350064,0.201454,-0.551387,-0.729962,2.190491,135.029633,-5.300285,-0.024965,0.959272,0.164008,0.22864,-3.884959,128.164719,28.128035,0.347267,0.892864,0.159395,-0.23831,11.752031,127.690804,35.942043,-0.004681,0.231569,0.463556,-0.85526,27.773539,114.179016,22.626226,-0.014001,-0.011973,0.676328,-0.736371,16.446653,133.631195,13.041514,0.050354,0.915728,0.205259,0.341725,-8.717786,85.075935,12.403296,0.103171,0.978618,-0.036264,0.174204,-6.975898,52.071583,-2.46814,-0.041527,0.948932,0.06503,0.3059,-17.181583,5.644679,-0.801917,-0.106349,0.935475,-0.002719,0.337001,5.795815,85.658981,24.275257,0.027641,0.897595,-0.189764,0.396923,12.940582,50.237335,27.057446,-0.038873,0.889307,0.052905,0.452574,3.4151,6.171072,42.217247,-0.041527,0.948932,0.06503,0.3059,-8.366172,1.714284,-12.717135,-0.038873,0.889307,0.052905,0.452574,15.39629,1.945696,33.630676
65,0.541667,-0.034243,0.940407,0.049649,0.334659,-1.463578,85.367569,18.342218,-0.049098,0.960036,0.104653,0.254888,-2.21454,93.003105,18.884178,-0.021138,0.966729,0.119788,0.225032,-5.332101,113.557312,22.599195,0.111589,0.983991,-0.033499,0.13486,-7.318167,133.891373,27.252943,0.172565,0.968704,-0.176405,0.02674,-3.510134,147.855331,24.928526,-0.021717,0.913203,0.097226,0.39514,-10.574728,128.2621,24.850517,0.4369,-0.519044,0.137135,-0.721738,-22.584631,128.912125,12.156471,0.28366,0.117951,-0.466277,-0.829585,-12.066941,112.735054,-3.472006,0.350143,0.201582,-0.551362,-0.729907,2.186514,135.031265,-5.297705,-0.025153,0.959293,0.164391,0.228256,-3.89046,128.164993,28.127441,0.34713,0.893009,0.159185,-0.238111,11.752341,127.696548,35.930157,-0.00473,0.231482,0.463285,-0.85543,27.78331,114.184334,22.626158,-0.013906,-0.011997,0.675987,-0.736684,16.440323,133.63266,13.042691,0.050278,0.915778,0.205335,0.341555,-8.720429,85.075172,12.406338,0.103322,0.978496,-0.036253,0.174803,-6.974309,52.072536,-2.468422,-0.041627,0.948815,0.06488,0.306281,-17.194693,5.648506,-0.812005,-0.106349,0.935437,-0.002694,0.337105,5.793272,85.659966,24.278099,0.027597,0.897569,-0.18972,0.397008,12.938343,50.238312,27.059387,-0.03887,0.889296,0.052953,0.45259,3.416812,6.170207,42.216343,-0.041627,0.948815,0.06488,0.306281,-8.369286,1.715057,-12.718818,-0.03887,0.889296,0.052953,0.45259,15.398452,1.946078,33.62978
66,0.55,-0.034262,0.940412,0.049686,0.334639,-1.465895,85.368332,18.346865,-0.049102,0.960051,0.104618,0.254847,-2.217312,93.003792,18.889269,-0.021226,0.966738,0.119776,0.22499,-5.33457,113.558769,22.603046,0.11159,0.984005,-0.033433,0.134773,-7.323901,133.892792,27.255539,0.172476,0.968701,-0.176538,0.026546,-3.516445,147.857147,24.932606,-0.021895,0.913097,0.097312,0.395353,-10.579629,128.262787,24.853703,0.43679,-0.519018,0.137188,-0.721813,-22.583357,128.909119,12.153631,0.283527,0.11808,-0.466367,-0.829561,-12.065029,112.733032,-3.475435,0.35012,0.201725,-0.551342,-0.729894,2.182844,135.034485,-5.293733,-0.025214,0.959304,0.164376,0.228214,-3.895137,128.167068,28.130207,0.346996,0.893071,0.159074,-0.238145,11.748226,127.701035,35.931934,-0.004726,0.231463,0.463147,-0.85551,27.783018,114.192619,22.62867,-0.013818,-0.012056,0.675836,-0.736824,16.433344,133.636902,13.044971,0.050336,0.915784,0.205388,0.341499,-8.722971,85.075798,12.411266,0.103251,0.978493,-0.036264,0.174861,-6.980245,52.075153,-2.468307,-0.041656,0.948827,0.064854,0.306246,-17.19437,5.649808,-0.810228,-0.106368,0.935425,-0.00265,0.337133,5.791181,85.660858,24.282461,0.027581,0.897505,-0.189721,0.397153,12.938507,50.239468,27.061394,-0.038842,0.88929,0.052961,0.452604,3.415857,6.171343,42.217575,-0.041656,0.948827,0.064854,0.306246,-8.369604,1.715903,-12.717364,-0.038842,0.88929,0.052961,0.452604,15.397544,1.94702,33.631172
67,0.558333,-0.034324,0.940407,0.049738,0.334638,-1.468792,85.36866,18.350519,-0.049123,0.960059,0.104547,0.254839,-2.221364,93.003975,18.893354,-0.021278,0.966737,0.119801,0.224976,-5.338961,113.561188,22.604412,0.111645,0.983979,-0.033543,0.134889,-7.330538,133.894867,27.257446,0.172172,0.968713,-0.176742,0.02672,-3.52067,147.858185,24.932142,-0.022024,0.913041,0.0973,0.395479,-10.58566,128.264557,24.855518,0.436727,-0.518967,0.137183,-0.721889,-22.585695,128.907074,12.151774,0.283471,0.118216,-0.466431,-0.829525,-12.064693,112.733391,-3.477967,0.350177,0.20184,-0.551325,-0.729847,2.178361,135.038574,-5.290087,-0.025359,0.959318,0.164315,0.22818,-3.901108,128.169525,28.131914,0.346882,0.893144,0.158938,-0.238128,11.742536,127.709045,35.933399,-0.004672,0.231468,0.463012,-0.855582,27.781633,114.20269,22.633249,-0.013688,-0.012128,0.675685,-0.736964,16.42597,133.642426,13.047207,0.050366,0.91578,0.205427,0.341482,-8.725801,85.075363,12.41488,0.1032,0.978497,-0.036258,0.174868,-6.98435,52.076107,-2.467924,-0.041498,0.948823,0.06496,0.306255,-17.193747,5.649724,-0.809683,-0.106387,0.935389,-0.002507,0.337228,5.788217,85.661949,24.286158,0.027567,0.89754,-0.189787,0.397042,12.940041,50.240803,27.05662,-0.038857,0.889333,0.052899,0.452526,3.417967,6.174982,42.219872,-0.041498,0.948823,0.06496,0.306255,-8.370013,1.71729,-12.718068,-0.038857,0.889333,0.052899,0.452526,15.398073,1.949216,33.631977
68,0.566667,-0.034326,0.940415,0.049754,0.334612,-1.472629,85.36866,18.354628,-0.049116,0.960073,0.104501,0.254807,-2.225298,93.003944,18.897701,-0.021329,0.966746,0.119782,0.224946,-5.341803,113.560249,22.60685,0.111623,0.983977,-0.033653,0.134899,-7.335143,133.894043,27.258703,0.171997,0.968722,-0.17686,0.026747,-3.525482,147.856873,24.930235,-0.022084,0.913038,0.097227,0.395501,-10.589832,128.263229,24.857294,0.436683,-0.518917,0.137137,-0.72196,-22.589178,128.902893,12.152751,0.283455,0.11831,-0.466482,-0.829488,-12.064962,112.73259,-3.478329,0.350209,0.202043,-0.551315,-0.729784,2.174361,135.040421,-5.2869,-0.025534,0.959328,0.164284,0.22814,-3.905106,128.169067,28.133362,0.346726,0.893235,0.158798,-0.238109,11.73886,127.714958,35.934582,-0.004672,0.231504,0.462811,-0.855681,27.783791,114.212158,22.637848,-0.013637,-0.012166,0.67531,-0.737308,16.420258,133.644943,13.049504,0.050327,0.915788,0.205491,0.341427,-8.729957,85.075401,12.419374,0.103221,0.978487,-0.03626,0.17491,-6.9852,52.077751,-2.46661,-0.041643,0.948807,0.064862,0.306306,-17.196663,5.651805,-0.808963,-0.10644,0.935382,-0.002486,0.337231,5.784698,85.661911,24.289881,0.027571,0.897496,-0.189761,0.397156,12.940574,50.241577,27.060244,-0.03892,0.889311,0.052948,0.452558,3.417214,6.174815,42.219955,-0.041643,0.948807,0.064862,0.306306,-8.370516,1.718025,-12.715119,-0.03892,0.889311,0.052948,0.452558,15.398661,1.951223,33.632858
69,0.575,-0.034339,0.940428,0.049741,0.334576,-1.476304,85.367645,18.357824,-0.049257,0.960084,0.104511,0.254733,-2.22908,93.002937,18.900665,-0.021318,0.966776,0.11972,0.224847,-5.351405,113.56057,22.609257,0.111316,0.984025,-0.033783,0.134768,-7.343223,133.895004,27.258945,0.172178,0.968681,-0.176912,0.026713,-3.542284,147.859299,24.92499,-0.022206,0.912948,0.097255,0.395694,-10.598561,128.263992,24.85891,0.436731,-0.518887,0.137118,-0.721956,-22.592375,128.900879,12.149003,0.283486,0.118438,-0.466484,-0.829458,-12.066359,112.730705,-3.480998,0.350198,0.202157,-0.551356,-0.729726,2.171268,135.039993,-5.284956,-0.025685,0.959338,0.164333,0.228048,-3.913171,128.170044,28.133627,0.346567,0.893364,0.158393,-0.238124,11.731993,127.721153,35.932743,-0.004667,0.231551,0.462666,-0.855747,27.782036,114.218498,22.642042,-0.013394,-0.01233,0.675189,-0.73742,16.412485,133.647537,13.050424,0.050312,0.915798,0.205489,0.341404,-8.734064,85.074028,12.42312,0.103161,0.978522,-0.036174,0.174766,-6.988736,52.07621,-2.462412,-0.041732,0.948824,0.06489,0.306236,-17.192947,5.64847,-0.810242,-0.106453,0.935379,-0.002396,0.337237,5.781457,85.661263,24.292528,0.027577,0.897532,-0.189786,0.397061,12.940391,50.2411,27.057148,-0.03846,0.889278,0.053018,0.452654,3.417224,6.175289,42.219727,-0.041732,0.948824,0.06489,0.306236,-8.367659,1.716292,-12.717557,-0.03846,0.889278,0.053018,0.452654,15.396706,1.947276,33.632065
70,0.583333,-0.034354,0.940418,0.049657,0.334617,-1.481627,85.366455,18.363194,-0.04922,0.960098,0.104486,0.254699,-2.234218,93.001862,18.904722,-0.021406,0.966794,0.119634,0.224807,-5.354517,113.559044,22.612659,0.111211,0.984052,-0.033692,0.134679,-7.348941,133.89418,27.258146,0.172217,0.96865,-0.177068,0.026545,-3.551633,147.859756,24.925945,-0.022283,0.91294,0.097208,0.39572,-10.603623,128.262192,24.859505,0.436738,-0.51879,0.137109,-0.722023,-22.5966,128.896088,12.148664,0.283494,0.118454,-0.466563,-0.829408,-12.065445,112.727715,-3.479721,0.350179,0.202308,-0.551427,-0.72964,2.167644,135.038956,-5.284646,-0.025781,0.959363,0.164219,0.228013,-3.918023,128.169891,28.133839,0.346427,0.893462,0.158121,-0.238143,11.727531,127.725349,35.932415,-0.004662,0.231581,0.462479,-0.85584,27.781952,114.224159,22.645514,-0.013302,-0.012396,0.674954,-0.737636,16.404339,133.647888,13.051184,0.050257,0.915806,0.205553,0.341353,-8.738853,85.07209,12.427876,0.103136,0.978546,-0.036137,0.174655,-6.989042,52.07579,-2.460501,-0.041621,0.948858,0.064927,0.306137,-17.190212,5.647328,-0.810139,-0.106476,0.935371,-0.002287,0.337251,5.775599,85.660812,24.298513,0.027535,0.897508,-0.189746,0.397138,12.938663,50.240963,27.056429,-0.038813,0.889304,0.052899,0.452586,3.419278,6.173486,42.216541,-0.041621,0.948858,0.064927,0.306137,-8.368293,1.715079,-12.719926,-0.038813,0.889304,0.052899,0.452586,15.400145,1.947149,33.629993
71,0.591667,-0.03439,0.940425,0.049617,0.334598,-1.486158,85.364281,18.366482,-0.049263,0.960109,0.104384,0.254692,-2.239053,92.99971,18.907261,-0.02141,0.966794,0.11966,0.224793,-5.360212,113.559082,22.610931,0.111132,0.984064,-0.033725,0.134651,-7.354949,133.893936,27.257454,0.172167,0.968627,-0.177252,0.026501,-3.559865,147.859894,24.92388,-0.02237,0.912864,0.097223,0.395888,-10.609576,128.262009,24.858631,0.436796,-0.518743,0.13718,-0.722008,-22.597769,128.893951,12.143183,0.283527,0.118512,-0.466636,-0.829348,-12.0652,112.722633,-3.481221,0.35023,0.202349,-0.551482,-0.729563,2.164077,135.037476,-5.285932,-0.025939,0.959372,0.164192,0.227975,-3.923884,128.169708,28.132776,0.346262,0.893576,0.157882,-0.238111,11.721987,127.730904,35.931038,-0.004701,0.231668,0.462285,-0.855921,27.782806,114.231979,22.649582,-0.013165,-0.012276,0.674646,-0.737922,16.398216,133.650192,13.051319,0.050202,0.915802,0.205646,0.341316,-8.743574,85.069016,12.431441,0.10315,0.978556,-0.03614,0.174593,-6.988373,52.075081,-2.461545,-0.041685,0.948842,0.06488,0.30619,-17.190727,5.646902,-0.81048,-0.10652,0.93535,-0.00222,0.337296,5.771259,85.659554,24.301521,0.027507,0.897446,-0.189746,0.397279,12.938815,50.24036,27.05629,-0.038254,0.889246,0.053048,0.45273,3.419435,6.172723,42.215935,-0.041685,0.948842,0.06488,0.30619,-8.367006,1.713971,-12.718709,-0.038254,0.889246,0.053048,0.45273,15.398656,1.942731,33.628891
72,0.6,-0.034426,0.940416,0.049735,0.334604,-1.491093,85.362816,18.370054,-0.049125,0.960127,0.104305,0.254681,-2.245111,92.998032,18.912344,-0.021568,0.966793,0.119617,0.224805,-5.359898,113.559067,22.614494,0.110893,0.984091,-0.033803,0.134628,-7.360693,133.894089,27.257771,0.172233,0.968599,-0.177345,0.026488,-3.57214,147.861267,24.920923,-0.022552,0.91283,0.09719,0.395963,-10.613573,128.260849,24.859612,0.43686,-0.518725,0.137031,-0.722011,-22.599405,128.886795,12.141638,0.283561,0.11865,-0.466689,-0.829287,-12.063847,112.719574,-3.484981,0.350318,0.202434,-0.551566,-0.729433,2.161086,135.037537,-5.285634,-0.02611,0.959383,0.16414,0.227951,-3.928056,128.170944,28.134186,0.346122,0.89366,0.157755,-0.238085,11.717895,127.738441,35.932652,-0.00461,0.231694,0.462092,-0.856019,27.784187,114.242599,22.654655,-0.01302,-0.01216,0.674576,-0.73799,16.391384,133.653946,13.052087,0.050154,0.915793,0.205697,0.341317,-8.748395,85.067665,12.434867,0.103143,0.978532,-0.036141,0.17473,-6.988709,52.074902,-2.460192,-0.041656,0.948835,0.064892,0.306212,-17.190689,5.646589,-0.810394,-0.106603,0.935316,-0.002099,0.337365,5.766209,85.657967,24.305243,0.02751,0.8974,-0.189794,0.39736,12.942076,50.240021,27.054379,-0.038814,0.889293,0.052899,0.452606,3.419267,6.174153,42.217022,-0.041656,0.948835,0.064892,0.306212,-8.366692,1.713733,-12.718442,-0.038814,0.889293,0.052899,0.452606,15.400526,1.947841,33.631008
73,0.608333,-0.034451,0.94041,0.049763,0.334612,-1.493765,85.364037,18.373611,-0.049327,0.960116,0.104172,0.25474,-2.248297,92.999176,18.916164,-0.02143,0.966778,0.119727,0.224826,-5.370441,113.563011,22.611029,0.11088,0.984084,-0.033914,0.134667,-7.366786,133.897156,27.259995,0.172071,0.968584,-0.177572,0.026551,-3.578054,147.863785,24.920113,-0.022755,0.912783,0.09706,0.396091,-10.620888,128.265335,24.86022,0.436975,-0.518602,0.137043,-0.722028,-22.602842,128.883469,12.138208,0.283625,0.1187,-0.466808,-0.829191,-12.061116,112.715385,-3.483367,0.350382,0.202451,-0.551648,-0.729336,2.157368,135.037582,-5.285826,-0.026205,0.959391,0.164143,0.227901,-3.935424,128.173019,28.134834,0.34593,0.893777,0.157508,-0.238089,11.711142,127.74398,35.932259,-0.004727,0.231822,0.461905,-0.856084,27.783922,114.251755,22.65844,-0.012966,-0.012001,0.674325,-0.738224,16.385895,133.657486,13.052618,0.050156,0.915783,0.205715,0.341331,-8.750937,85.068626,12.438278,0.103126,0.978543,-0.036121,0.174683,-6.990637,52.076416,-2.45793,-0.041686,0.94884,0.064918,0.306189,-17.19067,5.647641,-0.809219,-0.10667,0.935333,-0.002039,0.337298,5.763407,85.659447,24.308945,0.027582,0.89747,-0.189817,0.397185,12.945409,50.242519,27.055126,-0.038703,0.88931,0.05285,0.452589,3.418589,6.177849,42.218735,-0.041686,0.94884,0.064918,0.306189,-8.366901,1.715783,-12.717769,-0.038703,0.88931,0.05285,0.452589,15.398356,1.948721,33.632027
74,0.616667,-0.034517,0.940409,0.049861,0.334593,-1.496095,85.363724,18.376307,-0.049292,0.960129,0.104089,0.25473,-2.252067,92.998642,18.919954,-0.021543,0.966774,0.119737,0.224828,-5.371957,113.563683,22.611961,0.110631,0.984114,-0.033994,0.134626,-7.372962,133.897537,27.260214,0.172132,0.968553,-0.177686,0.026528,-3.591123,147.865433,24.916897,-0.022762,0.912754,0.097034,0.396164,-10.625737,128.264908,24.860516,0.437035,-0.518606,0.137013,-0.721994,-22.605663,128.882751,12.136581,0.283654,0.118705,-0.466811,-0.829178,-12.063741,112.714348,-3.484532,0.35038,0.202427,-0.551659,-0.729335,2.154326,135.036377,-5.287609,-0.02632,0.959399,0.164114,0.227876,-3.940358,128.174179,28.135347,0.345766,0.89388,0.157296,-0.23808,11.706391,127.749359,35.932629,-0.004749,0.231895,0.461724,-0.856162,27.785015,114.260078,22.662907,-0.012842,-0.011818,0.674269,-0.73828,16.379919,133.661148,13.053131,0.050165,0.91577,0.20581,0.341308,-8.753416,85.067749,12.441181,0.103141,0.978554,-0.036141,0.174609,-6.991695,52.078438,-2.461261,-0.041528,0.948818,0.06495,0.306269,-17.193338,5.6501,-0.810187,-0.106734,0.935335,-0.001964,0.337272,5.761226,85.659698,24.31143,0.027567,0.897399,-0.189853,0.397329,12.949425,50.243736,27.053854,-0.038679,0.889303,0.052862,0.452604,3.420085,6.180284,42.219418,-0.041528,0.948818,0.06495,0.306269,-8.36901,1.717673,-12.718132,-0.038679,0.889303,0.052862,0.452604,15.399972,1.95116,33.63287
75,0.625,-0.034539,0.940389,0.049814,0.334656,-1.500924,85.363571,18.380581,-0.049308,0.960136,0.10404,0.254723,-2.257007,92.998543,18.923391,-0.021578,0.966783,0.11971,0.224798,-5.377098,113.564766,22.613392,0.110569,0.984123,-0.034034,0.134605,-7.379139,133.898819,27.260319,0.172067,0.968528,-0.177888,0.026494,-3.599007,147.866943,24.915535,-0.022937,0.912726,0.096933,0.396243,-10.631685,128.265823,24.861189,0.437067,-0.518491,0.137027,-0.722055,-22.609137,128.876953,12.134605,0.2837,0.118678,-0.466908,-0.829112,-12.061464,112.709335,-3.483416,0.35048,0.202411,-0.551765,-0.729212,2.152575,135.034546,-5.290676,-0.026479,0.959401,0.164111,0.227852,-3.94613,128.175751,28.135675,0.345684,0.893955,0.157111,-0.238039,11.700712,127.756439,35.933067,-0.00463,0.231966,0.461602,-0.856209,27.783129,114.266983,22.668125,-0.012676,-0.011781,0.674242,-0.738308,16.37414,133.66272,13.052138,0.050112,0.915744,0.205884,0.34134,-8.757431,85.067001,12.444491,0.103146,0.978516,-0.036171,0.174813,-6.989819,52.079498,-2.461276,-0.041658,0.948815,0.064832,0.306287,-17.192753,5.651468,-0.809562,-0.106739,0.935262,-0.001803,0.337473,5.755584,85.660149,24.316669,0.027505,0.89733,-0.189859,0.397487,12.947494,50.244225,27.04986,-0.03873,0.889294,0.052802,0.452624,3.420502,6.180662,42.216579,-0.041658,0.948815,0.064832,0.306287,-8.367001,1.716969,-12.715766,-0.03873,0.889294,0.052802,0.452624,15.400993,1.950672,33.631313
76,0.633333,-0.03452,0.940383,0.049764,0.334683,-1.507193,85.360756,18.386948,-0.049292,0.960144,0.103947,0.254731,-2.262762,92.995819,18.929104,-0.021589,0.966788,0.119665,0.2248,-5.381586,113.565018,22.615913,0.110483,0.984138,-0.034009,0.134573,-7.383656,133.899506,27.260923,0.172039,0.968497,-0.178097,0.026405,-3.606152,147.868378,24.916349,-0.023043,0.912714,0.096817,0.396293,-10.636187,128.266281,24.862297,0.43711,-0.518488,0.136975,-0.722041,-22.612082,128.872604,12.134016,0.283782,0.118692,-0.466908,-0.829082,-12.063524,112.705902,-3.484382,0.350588,0.202446,-0.551833,-0.729098,2.150428,135.031204,-5.2933,-0.026544,0.95942,0.163541,0.228174,-3.950654,128.176514,28.136841,0.345557,0.893997,0.157169,-0.238029,11.690929,127.762077,35.945034,-0.004372,0.232141,0.461474,-0.856232,27.777922,114.27816,22.680006,-0.012567,-0.011685,0.674183,-0.738365,16.369251,133.662552,13.052347,0.050051,0.915725,0.206019,0.341319,-8.763383,85.064224,12.450468,0.103133,0.978543,-0.036161,0.174669,-6.988579,52.080299,-2.462365,-0.041676,0.948851,0.064794,0.306181,-17.189873,5.65193,-0.809921,-0.10684,0.93527,-0.00164,0.337422,5.748995,85.657288,24.323427,0.027589,0.897399,-0.189892,0.397309,12.951788,50.242889,27.047693,-0.0384,0.889258,0.052815,0.452722,3.419438,6.180981,42.215843,-0.041676,0.948851,0.064794,0.306181,-8.366631,1.716468,-12.717669,-0.0384,0.889258,0.052815,0.452722,15.39894,1.94687,33.631218
77,0.641667,-0.034543,0.940379,0.049775,0.334689,-1.510263,85.357986,18.390577,-0.049282,0.960149,0.103926,0.254723,-2.266229,92.993011,18.932766,-0.021744,0.966789,0.119619,0.224806,-5.384546,113.563522,22.619051,0.110481,0.984141,-0.034105,0.134527,-7.392477,133.898193,27.260723,0.172038,0.968479,-0.178215,0.026272,-3.614885,147.866562,24.913237,-0.023089,0.912646,0.096767,0.39646,-10.643328,128.263687,24.862831,0.437356,-0.518436,0.136888,-0.721945,-22.61451,128.868454,12.130046,0.283971,0.118758,-0.466959,-0.828979,-12.062154,112.700272,-3.484239,0.350704,0.202462,-0.551864,-0.729015,2.14782,135.02652,-5.296237,-0.026679,0.959454,0.163977,0.227701,-3.957934,128.1763,28.137722,0.345469,0.894132,0.156709,-0.237952,11.690945,127.765671,35.931488,-0.004588,0.232131,0.461332,-0.85631,27.782791,114.277306,22.676882,-0.012462,-0.011615,0.674113,-0.738432,16.365532,133.663361,13.051937,0.050057,0.915702,0.206102,0.341329,-8.766347,85.061111,12.453989,0.103105,0.978555,-0.03616,0.174621,-6.989707,52.079739,-2.464242,-0.041592,0.948847,0.064824,0.306199,-17.188381,5.650825,-0.81084,-0.106895,0.93529,-0.001504,0.337349,5.745822,85.654861,24.327168,0.02763,0.897413,-0.189944,0.397251,12.955845,50.24128,27.042973,-0.03879,0.889271,0.052643,0.452683,3.419065,6.181434,42.21434,-0.041592,0.948847,0.064824,0.306199,-8.365417,1.715422,-12.718815,-0.03879,0.889271,0.052643,0.452683,15.400627,1.9481,33.63221
78,0.65,-0.034513,0.940377,0.049782,0.334697,-1.514922,85.354385,18.393553,-0.049283,0.960161,0.103887,0.254696,-2.270494,92.989433,18.935987,-0.02178,0.966805,0.119549,0.224773,-5.388432,113.560722,22.620892,0.110342,0.984162,-0.034113,0.134487,-7.397048,133.896027,27.259514,0.172009,0.968459,-0.178357,0.02623,-3.623511,147.865326,24.911049,-0.023218,0.912622,0.096767,0.396508,-10.647777,128.260986,24.862694,0.437337,-0.518344,0.13694,-0.722013,-22.617426,128.861816,12.12828,0.28398,0.118747,-0.46703,-0.828938,-12.061008,112.69381,-3.483441,0.350812,0.202395,-0.551956,-0.728911,2.145876,135.02243,-5.297522,-0.026836,0.959471,0.163898,0.227668,-3.962182,128.174423,28.137197,0.345392,0.894189,0.156599,-0.237923,11.686934,127.769936,35.930817,-0.004586,0.232144,0.461206,-0.856375,27.782127,114.282516,22.67931,-0.01244,-0.011549,0.67407,-0.738473,16.359352,133.664978,13.052845,0.049915,0.915796,0.20621,0.341034,-8.770949,85.058098,12.456862,0.103155,0.97858,-0.036157,0.174451,-6.986959,52.078903,-2.465324,-0.041615,0.94884,0.064767,0.306229,-17.18984,5.650935,-0.811324,-0.106947,0.935232,-0.001317,0.337494,5.741107,85.650673,24.330242,0.02761,0.89737,-0.190041,0.397303,12.958756,50.237858,27.035744,-0.038635,0.889278,0.052742,0.45267,3.419177,6.181419,42.21524,-0.041615,0.94884,0.064767,0.306229,-8.366034,1.714168,-12.718226,-0.038635,0.889278,0.052742,0.45267,15.399501,1.948576,33.631138
79,0.658333,-0.034597,0.940361,0.049901,0.334714,-1.515801,85.353683,18.395988,-0.049217,0.960165,0.103818,0.254722,-2.273198,92.988464,18.939707,-0.021923,0.966796,0.119498,0.224822,-5.388066,113.562134,22.62274,0.11039,0.984144,-0.034122,0.134577,-7.402204,133.89769,27.257851,0.171821,0.968454,-0.178562,0.026258,-3.626916,147.866562,24.909723,-0.023566,0.9123,0.097156,0.397132,-10.65125,128.26149,24.861488,0.437104,-0.518424,0.137313,-0.722026,-22.603025,128.859009,12.110141,0.283714,0.118939,-0.467167,-0.828924,-12.055805,112.681808,-3.49828,0.350892,0.20238,-0.551899,-0.72892,2.143784,135.020432,-5.299697,-0.026956,0.959465,0.163915,0.227666,-3.966082,128.177048,28.136915,0.345206,0.894272,0.156855,-0.23771,11.682835,127.776421,35.931129,-0.004409,0.232053,0.460961,-0.856532,27.789408,114.29715,22.68515,-0.012331,-0.011457,0.674101,-0.738447,16.353857,133.670288,13.056978,0.04997,0.915738,0.206299,0.341128,-8.771502,85.056702,12.458936,0.103148,0.978513,-0.03625,0.174811,-6.987312,52.08057,-2.469988,-0.041405,0.948836,0.064825,0.306258,-17.191706,5.653119,-0.810929,-0.10701,0.935246,-0.001262,0.337435,5.7399,85.650665,24.333042,0.027644,0.897339,-0.190083,0.397349,12.963269,50.238823,27.035942,-0.03823,0.889255,0.052881,0.452734,3.418475,6.18408,42.217072,-0.041405,0.948836,0.064825,0.306258,-8.369049,1.715985,-12.718561,-0.03823,0.889255,0.052881,0.452734,15.396958,1.949382,33.631317
80,0.666667,-0.034714,0.940347,0.050034,0.334722,-1.516339,85.351334,18.398775,-0.049292,0.960173,0.103747,0.254706,-2.276121,92.985779,18.943787,-0.021837,0.966808,0.119502,0.224777,-5.394087,113.565697,22.624247,0.110418,0.984145,-0.034151,0.13454,-7.404591,133.901367,27.260447,0.171681,0.968437,-0.178802,0.026188,-3.628575,147.869904,24.911446,-0.023733,0.912283,0.096899,0.397224,-10.654773,128.265762,24.864214,0.437073,-0.518349,0.137357,-0.72209,-22.603718,128.854721,12.109809,0.283731,0.118914,-0.467239,-0.828881,-12.053252,112.677933,-3.496859,0.351018,0.202368,-0.551941,-0.728831,2.143332,135.018784,-5.301192,-0.02692,0.959471,0.163937,0.227631,-3.969241,128.180176,28.138876,0.344996,0.894337,0.156954,-0.237706,11.680296,127.778374,35.931789,-0.00431,0.231857,0.46077,-0.856688,27.794186,114.308464,22.685177,-0.012137,-0.011516,0.674349,-0.738224,16.344936,133.677048,13.060668,0.050075,0.915744,0.206341,0.341069,-8.771792,85.053123,12.461477,0.102914,0.978615,-0.036297,0.174367,-6.994458,52.079002,-2.472718,-0.041463,0.948953,0.06501,0.305847,-17.177275,5.647278,-0.800698,-0.107055,0.935175,-0.001145,0.337618,5.739114,85.649536,24.336073,0.027692,0.897335,-0.190138,0.397329,12.96781,50.238365,27.033531,-0.038468,0.889289,0.052821,0.452653,3.417177,6.185895,42.217594,-0.041463,0.948953,0.06501,0.305847,-8.363816,1.715682,-12.716971,-0.038468,0.889289,0.052821,0.452653,15.396007,1.952839,33.631508
81,0.675,-0.034763,0.940355,0.050062,0.334691,-1.519376,85.348686,18.403496,-0.049291,0.960171,0.103711,0.254728,-2.279992,92.98304,18.948687,-0.022008,0.966804,0.119386,0.224841,-5.397912,113.565063,22.627968,0.110287,0.984144,-0.03431,0.134611,-7.414541,133.901581,27.257771,0.171759,0.968406,-0.178877,0.026289,-3.641379,147.870087,24.904043,-0.023492,0.912542,0.096672,0.396699,-10.662833,128.26442,24.862659,0.43751,-0.518274,0.136934,-0.72196,-22.626734,128.855896,12.122408,0.284191,0.118821,-0.467003,-0.82887,-12.066652,112.685539,-3.4844,0.350985,0.202395,-0.551945,-0.728837,2.140711,135.013901,-5.300437,-0.02699,0.959494,0.163893,0.227557,-3.977844,128.181534,28.138494,0.344931,0.8944,0.156792,-0.23767,11.672733,127.78289,35.92947,-0.004393,0.231851,0.460758,-0.856696,27.789682,114.312592,22.686993,-0.011975,-0.011547,0.674361,-0.738215,16.339333,133.68248,13.064128,0.050097,0.915713,0.206442,0.341088,-8.775147,85.049759,12.466629,0.102879,0.978612,-0.036314,0.174403,-6.996384,52.078831,-2.474444,-0.04159,0.948967,0.064994,0.305792,-17.17631,5.646536,-0.800634,-0.107109,0.935156,-0.00103,0.337653,5.736397,85.647621,24.340363,0.027702,0.897312,-0.190178,0.39736,12.971443,50.237274,27.031618,-0.038097,0.889268,0.05286,0.452721,3.417943,6.186297,42.218201,-0.04159,0.948967,0.064994,0.305792,-8.36304,1.71565,-12.717273,-0.038097,0.889268,0.05286,0.452721,15.394929,1.949222,33.631538
82,0.683333,-0.034799,0.94035,0.05008,0.334699,-1.522313,85.345169,18.407694,-0.049293,0.960177,0.103655,0.254728,-2.283543,92.979454,18.952951,-0.022082,0.966812,0.119289,0.22485,-5.401055,113.562706,22.630123,0.11031,0.984142,-0.034299,0.134612,-7.419832,133.900055,27.255314,0.171712,0.968383,-0.179061,0.026213,-3.64604,147.868469,24.902006,-0.023479,0.912553,0.096565,0.3967,-10.667488,128.262039,24.861343,0.437521,-0.518222,0.136951,-0.721987,-22.63138,128.852478,12.121032,0.284302,0.118822,-0.466972,-0.828849,-12.068857,112.682175,-3.484185,0.351104,0.202487,-0.551869,-0.728811,2.139746,135.008926,-5.302536,-0.02706,0.959511,0.163822,0.227526,-3.98261,128.180557,28.13744,0.344864,0.894458,0.156692,-0.237616,11.668332,127.785019,35.927845,-0.004399,0.231885,0.460686,-0.856725,27.788845,114.315094,22.68932,-0.011932,-0.011651,0.67418,-0.738378,16.336185,133.682434,13.06494,0.050072,0.915702,0.206559,0.341052,-8.777942,85.045738,12.470675,0.102887,0.978646,-0.036324,0.174206,-6.995123,52.078121,-2.477215,-0.041443,0.948973,0.065038,0.305781,-17.175653,5.646062,-0.800546,-0.107166,0.935135,-0.000915,0.337693,5.733317,85.644608,24.344713,0.027728,0.89731,-0.190206,0.397352,12.97488,50.23513,27.029848,-0.038062,0.889271,0.05284,0.452722,3.418265,6.185284,42.217758,-0.041443,0.948973,0.065038,0.305781,-8.363925,1.715017,-12.718277,-0.038062,0.889271,0.05284,0.452722,15.39489,1.947233,33.631065
83,0.691667,-0.034786,0.940355,0.050015,0.334695,-1.526586,85.341843,18.413191,-0.04933,0.960181,0.103599,0.254727,-2.287284,92.976242,18.957581,-0.022078,0.966821,0.119219,0.224848,-5.405666,113.5597,22.632084,0.110377,0.984134,-0.034379,0.134594,-7.423634,133.897751,27.254524,0.171692,0.968364,-0.179193,0.026143,-3.64777,147.865265,24.899145,-0.023491,0.912519,0.096478,0.3968,-10.671523,128.259537,24.861341,0.437536,-0.518235,0.13696,-0.721967,-22.632647,128.84874,12.118369,0.284344,0.118896,-0.466925,-0.828851,-12.070866,112.677597,-3.486478,0.351163,0.202491,-0.551837,-0.728806,2.13861,135.00293,-5.301856,-0.027145,0.959528,0.163723,0.227518,-3.986624,128.178238,28.137403,0.344824,0.894487,0.156509,-0.237686,11.664298,127.7864,35.928043,-0.004494,0.231918,0.460587,-0.856769,27.784527,114.316162,22.68948,-0.012125,-0.011617,0.674216,-0.738343,16.327602,133.682236,13.06493,0.050005,0.915706,0.206677,0.34098,-8.78228,85.042229,12.476256,0.102919,0.978664,-0.036295,0.174089,-6.993188,52.077667,-2.477627,-0.041596,0.948967,0.064932,0.305803,-17.175999,5.646035,-0.802987,-0.107212,0.935088,-0.000722,0.337809,5.729107,85.641457,24.350124,0.027696,0.897202,-0.190242,0.397579,12.978146,50.232674,27.024252,-0.038469,0.889275,0.052725,0.452692,3.419101,6.183967,42.21394,-0.041596,0.948967,0.064932,0.305803,-8.362517,1.713475,-12.718922,-0.038469,0.889275,0.052725,0.452692,15.398316,1.948416,33.62962
84,0.7,-0.034783,0.940355,0.050004,0.334697,-1.531232,85.338142,18.417849,-0.049318,0.96019,0.103518,0.254728,-2.291837,92.972557,18.962099,-0.022115,0.966828,0.119143,0.224854,-5.409191,113.558624,22.633808,0.110334,0.984136,-0.034477,0.134589,-7.427967,133.897385,27.252848,0.171666,0.968343,-0.179332,0.026119,-3.653004,147.864624,24.894501,-0.023619,0.912506,0.096239,0.39688,-10.675606,128.258652,24.860527,0.437513,-0.518234,0.136951,-0.721984,-22.634279,128.840729,12.114938,0.284318,0.118986,-0.466936,-0.82884,-12.072345,112.67041,-3.490649,0.351157,0.202605,-0.551772,-0.728826,2.135278,134.996979,-5.301622,-0.027212,0.959539,0.163551,0.227587,-3.990777,128.178131,28.136742,0.344778,0.894509,0.1565,-0.237674,11.658907,127.789536,35.930016,-0.004206,0.231817,0.460501,-0.856844,27.781004,114.32074,22.692265,-0.011855,-0.011772,0.674353,-0.73822,16.318136,133.681335,13.064777,0.04991,0.915719,0.206803,0.340882,-8.786903,85.038506,12.480894,0.102958,0.978692,-0.036279,0.173912,-6.989865,52.077042,-2.478859,-0.041561,0.94897,0.064906,0.305803,-17.175734,5.646071,-0.80452,-0.107292,0.935088,-0.000609,0.337785,5.724439,85.637772,24.354803,0.027698,0.897173,-0.190256,0.397639,12.981668,50.230225,27.022993,-0.038119,0.889256,0.052844,0.452746,3.420924,6.182033,42.213085,-0.041561,0.94897,0.064906,0.305803,-8.362631,1.712457,-12.720384,-0.038119,0.889256,0.052844,0.452746,15.39852,1.944853,33.627323
85,0.708333,-0.034839,0.940355,0.050045,0.334687,-1.533343,85.335724,18.421873,-0.049347,0.960199,0.103441,0.25472,-2.294965,92.970016,18.966433,-0.022153,0.966834,0.119101,0.224845,-5.412733,113.557137,22.634819,0.110426,0.984123,-0.034467,0.134615,-7.432603,133.89624,27.251848,0.17158,0.968318,-0.179552,0.026094,-3.654993,147.8629,24.894247,-0.023671,0.912498,0.09617,0.396911,-10.67995,128.257095,24.860119,0.437469,-0.518197,0.137007,-0.722026,-22.637674,128.836655,12.113523,0.284319,0.119029,-0.466941,-0.828831,-12.07463,112.665962,-3.490929,0.35122,0.202632,-0.551734,-0.728817,2.132569,134.993652,-5.300198,-0.027187,0.959548,0.162941,0.227989,-3.995086,128.177261,28.136284,0.344664,0.894518,0.156733,-0.237653,11.648247,127.790405,35.942383,-0.003971,0.231973,0.460434,-0.856839,27.774721,114.329124,22.702332,-0.011746,-0.011672,0.674223,-0.738342,16.31399,133.681442,13.064405,0.049908,0.915735,0.206889,0.340786,-8.78907,85.035347,12.485023,0.102947,0.978673,-0.036307,0.174021,-6.991272,52.076447,-2.480286,-0.041475,0.948961,0.064934,0.305838,-17.176699,5.645433,-0.80436,-0.107347,0.935069,-0.000539,0.33782,5.722384,85.636101,24.358725,0.027711,0.897137,-0.190261,0.397716,12.984875,50.229393,27.023777,-0.038533,0.889274,0.052751,0.452686,3.421458,6.181469,42.212986,-0.041475,0.948961,0.064934,0.305838,-8.363474,1.711796,-12.720123,-0.038533,0.889274,0.052751,0.452686,15.401209,1.947467,33.628662
86,0.716667,-0.034947,0.940355,0.05013,0.334663,-1.533909,85.334518,18.426275,-0.049353,0.960216,0.103354,0.254691,-2.297501,92.968567,18.971514,-0.022253,0.966845,0.119037,0.224824,-5.414592,113.557198,22.636574,0.110157,0.984149,-0.034635,0.1346,-7.437813,133.896759,27.25013,0.171726,0.96828,-0.179608,0.026186,-3.667241,147.864304,24.886616,-0.023707,0.912473,0.096158,0.39697,-10.68425,128.256638,24.85943,0.437066,-0.518119,0.137409,-0.72225,-22.640278,128.835114,12.111193,0.284131,0.118961,-0.466955,-0.828898,-12.078669,112.660561,-3.490229,0.351314,0.202652,-0.55162,-0.728853,2.129475,134.989471,-5.297713,-0.027297,0.959562,0.163412,0.227577,-3.999315,128.178513,28.135487,0.344672,0.894586,0.156451,-0.23757,11.650362,127.793953,35.928978,-0.004089,0.231862,0.460355,-0.856911,27.778536,114.327194,22.696577,-0.011584,-0.011549,0.674154,-0.73841,16.310221,133.681595,13.063902,0.049964,0.915726,0.206963,0.340757,-8.789792,85.032753,12.489687,0.102896,0.978653,-0.036343,0.174153,-6.994307,52.076485,-2.481677,-0.041505,0.948988,0.06498,0.30574,-17.175882,5.644732,-0.80287,-0.107363,0.93505,-0.000492,0.337867,5.721974,85.636276,24.362864,0.02775,0.897168,-0.19028,0.397634,12.986539,50.229813,27.025539,-0.038515,0.889287,0.052752,0.452661,3.420493,6.182781,42.215668,-0.041505,0.948988,0.06498,0.30574,-8.364717,1.712614,-12.720658,-0.038515,0.889287,0.052752,0.452661,15.399617,1.948566,33.630569
87,0.725,-0.035024,0.940355,0.050204,0.334642,-1.53392,85.333969,18.42993,-0.049398,0.960222,0.103293,0.254685,-2.299001,92.967819,18.975853,-0.022326,0.966849,0.118994,0.224824,-5.417562,113.558807,22.638359,0.1101,0.984137,-0.034828,0.134679,-7.443357,133.898651,27.249506,0.171702,0.968253,-0.179752,0.026355,-3.673398,147.865463,24.880651,-0.023715,0.912443,0.096173,0.397034,-10.689061,128.257874,24.859409,0.437243,-0.518141,0.13739,-0.722131,-22.643293,128.836533,12.109499,0.284302,0.119061,-0.466886,-0.828863,-12.082538,112.65844,-3.488836,0.351353,0.202747,-0.551565,-0.728849,2.127324,134.985489,-5.295316,-0.027373,0.959563,0.163403,0.22757,-4.004173,128.180939,28.135592,0.344641,0.894634,0.156471,-0.237423,11.645473,127.799049,35.929276,-0.00392,0.232025,0.460241,-0.856929,27.778179,114.331924,22.702759,-0.011527,-0.011356,0.673899,-0.738646,16.308756,133.679382,13.059536,0.049997,0.915726,0.207026,0.340715,-8.789958,85.031281,12.493579,0.102877,0.978636,-0.036364,0.174257,-6.995724,52.077137,-2.482612,-0.041431,0.948988,0.064998,0.305746,-17.176083,5.645162,-0.802672,-0.107361,0.935041,-0.00044,0.337893,5.722119,85.63665,24.366282,0.027786,0.897185,-0.190309,0.397581,12.987778,50.230156,27.025541,-0.038484,0.889298,0.052727,0.452645,3.418496,6.184334,42.217148,-0.041431,0.948988,0.064998,0.305746,-8.365416,1.712867,-12.72077,-0.038484,0.889298,0.052727,0.452645,15.396957,1.949035,33.63166
88,0.733333,-0.03504,0.940358,0.050206,0.334633,-1.536816,85.333,18.434206,-0.049385,0.960234,0.10324,0.254665,-2.302129,92.966827,18.980089,-0.022369,0.966859,0.118926,0.224809,-5.419558,113.558769,22.640759,0.110043,0.984142,-0.034896,0.134672,-7.44638,133.899216,27.248816,0.171744,0.968221,-0.179879,0.026358,-3.677821,147.866028,24.877769,-0.024005,0.912198,0.096456,0.397511,-10.691823,128.257889,24.859653,0.437055,-0.518222,0.137689,-0.722129,-22.632328,128.833038,12.096723,0.284069,0.119208,-0.466977,-0.828871,-12.079856,112.64727,-3.499268,0.35136,0.202724,-0.551491,-0.728908,2.125206,134.981567,-5.29502,-0.027413,0.959591,0.163274,0.22754,-4.006861,128.181824,28.135712,0.344581,0.894662,0.156587,-0.237326,11.643187,127.80249,35.928719,-0.003651,0.231996,0.460064,-0.857033,27.780241,114.338181,22.704645,-0.011412,-0.011137,0.674049,-0.738515,16.30257,133.676895,13.055669,0.04999,0.915731,0.207075,0.340674,-8.792953,85.030045,12.497986,0.102872,0.978646,-0.036344,0.174209,-6.997675,52.077305,-2.481186,-0.041485,0.948979,0.065028,0.30576,-17.177135,5.645084,-0.802443,-0.10743,0.935088,-0.000447,0.337741,5.719321,85.635963,24.370426,0.027839,0.89724,-0.190273,0.397469,12.989846,50.230537,27.030716,-0.038502,0.889318,0.052772,0.452599,3.419266,6.183714,42.218597,-0.041485,0.948979,0.065028,0.30576,-8.365569,1.714154,-12.720335,-0.038502,0.889318,0.052772,0.452599,15.397188,1.949832,33.631653
89,0.741667,-0.03501,0.940371,0.050137,0.334608,-1.542228,85.333778,18.438118,-0.049384,0.960252,0.103201,0.254612,-2.306742,92.967751,18.983175,-0.022406,0.966883,0.118834,0.224755,-5.423327,113.558617,22.642189,0.110253,0.984104,-0.034977,0.134762,-7.450534,133.899902,27.246344,0.1716,0.968205,-0.180086,0.026483,-3.675413,147.864777,24.874241,-0.024073,0.912233,0.096319,0.397459,-10.695985,128.25795,24.858656,0.437088,-0.518209,0.137668,-0.722123,-22.637827,128.828842,12.096782,0.284133,0.119203,-0.466954,-0.828863,-12.084367,112.643349,-3.498809,0.351379,0.202787,-0.551465,-0.728901,2.121544,134.976242,-5.296042,-0.027411,0.959605,0.162664,0.227919,-4.010682,128.182846,28.134043,0.344573,0.89465,0.156714,-0.2373,11.633344,127.806152,35.939262,-0.003221,0.232204,0.459997,-0.857014,27.771282,114.343689,22.71438,-0.011322,-0.011044,0.674041,-0.738525,16.297266,133.671051,13.048834,0.049861,0.915786,0.207089,0.340536,-8.798723,85.030869,12.502334,0.102911,0.978701,-0.036218,0.173905,-6.996822,52.077614,-2.474895,-0.041531,0.948966,0.064954,0.305809,-17.177307,5.64529,-0.805421,-0.1074,0.935089,-0.000386,0.337746,5.714268,85.636681,24.373903,0.027761,0.897192,-0.190238,0.397601,12.984303,50.230797,27.02936,-0.038367,0.889289,0.052786,0.452667,3.419504,6.182289,42.216011,-0.041531,0.948966,0.064954,0.305809,-8.364233,1.712739,-12.721661,-0.038367,0.889289,0.052786,0.452667,15.397571,1.94694,33.629997
90,0.75,-0.035016,0.940383,0.050101,0.33458,-1.544564,85.332787,18.442518,-0.049426,0.96025,0.103189,0.254614,-2.308964,92.966805,18.987057,-0.022445,0.966891,0.118716,0.224776,-5.427411,113.559402,22.645468,0.110238,0.984093,-0.035106,0.134818,-7.455188,133.901794,27.244484,0.171626,0.968171,-0.18023,0.026565,-3.679838,147.866028,24.868923,-0.024225,0.91227,0.096162,0.397402,-10.700422,128.259201,24.858027,0.437205,-0.518197,0.137532,-0.722087,-22.643572,128.822845,12.097057,0.28424,0.11924,-0.466923,-0.828838,-12.087633,112.63974,-3.499341,0.351432,0.202791,-0.551463,-0.728875,2.119084,134.971527,-5.297265,-0.027496,0.959623,0.162532,0.227929,-4.015289,128.185013,28.133774,0.344625,0.894675,0.156318,-0.237391,11.628413,127.81218,35.939819,-0.00306,0.232327,0.459969,-0.856997,27.762455,114.343033,22.716984,-0.01116,-0.010984,0.674106,-0.738469,16.290661,133.665833,13.043488,0.04988,0.915775,0.207127,0.340538,-8.801401,85.029526,12.507169,0.102903,0.978723,-0.03619,0.17379,-6.999735,52.077545,-2.472904,-0.041485,0.948967,0.064961,0.305812,-17.178829,5.644873,-0.804705,-0.107459,0.935206,-0.000448,0.337404,5.712273,85.636047,24.377867,0.027857,0.897261,-0.190162,0.397474,12.985657,50.231083,27.036316,-0.038469,0.889304,0.052714,0.452636,3.417579,6.180343,42.214413,-0.041485,0.948967,0.064961,0.305812,-8.366096,1.712084,-12.721115,-0.038469,0.889304,0.052714,0.452636,15.395694,1.94447,33.628719
91,0.758333,-0.03504,0.940394,0.050093,0.334549,-1.546733,85.333473,18.445829,-0.049481,0.960254,0.103166,0.254599,-2.311427,92.967484,18.990145,-0.022451,0.966903,0.118636,0.224766,-5.432032,113.561676,22.647333,0.110216,0.984094,-0.03515,0.134822,-7.459258,133.904861,27.243132,0.171703,0.968131,-0.180371,0.026577,-3.68435,147.868973,24.86624,-0.024313,0.912251,0.09614,0.397447,-10.704668,128.261948,24.857643,0.437272,-0.518201,0.137578,-0.722034,-22.64642,128.822617,12.095242,0.284339,0.119247,-0.466927,-0.828801,-12.091333,112.636375,-3.498478,0.351552,0.202794,-0.551447,-0.728829,2.114793,134.967621,-5.298792,-0.027615,0.959633,0.163051,0.227502,-4.019471,128.188141,28.133265,0.344698,0.894737,0.155966,-0.237283,11.630787,127.817619,35.926266,-0.00304,0.232283,0.459875,-0.857059,27.764862,114.339157,22.712973,-0.011045,-0.010884,0.674092,-0.738485,16.28587,133.662598,13.038458,0.049863,0.91579,0.207117,0.340507,-8.803926,85.029694,12.510943,0.102887,0.97873,-0.036126,0.173772,-7.001947,52.077305,-2.468203,-0.041533,0.948975,0.064937,0.305786,-17.178511,5.643874,-0.80547,-0.107429,0.935197,-0.000427,0.33744,5.710458,85.637253,24.380714,0.02781,0.89724,-0.19014,0.397533,12.982265,50.231815,27.037239,-0.038446,0.889305,0.05272,0.452635,3.418022,6.180033,42.214722,-0.041533,0.948975,0.064937,0.305786,-8.366032,1.710849,-12.721987,-0.038446,0.889305,0.05272,0.452635,15.395946,1.944019,33.628838
92,0.766667,-0.035127,0.940411,0.050125,0.334486,-1.546673,85.335663,18.448383,-0.049474,0.960266,0.10309,0.254588,-2.312744,92.969528,18.992771,-0.022545,0.966897,0.118646,0.224778,-5.432186,113.564209,22.646997,0.11026,0.984079,-0.035272,0.134864,-7.46339,133.907104,27.242258,0.171712,0.968104,-0.180501,0.026625,-3.686676,147.870209,24.862291,-0.024365,0.912248,0.096113,0.397456,-10.707644,128.26355,24.856735,0.43738,-0.51825,0.13752,-0.721944,-22.649061,128.822235,12.093924,0.284455,0.119276,-0.466878,-0.828785,-12.095724,112.634827,-3.499776,0.351683,0.202711,-0.551408,-0.728818,2.112423,134.964523,-5.301045,-0.02764,0.959645,0.16301,0.227474,-4.022589,128.19104,28.132683,0.344633,0.894829,0.155296,-0.237471,11.628075,127.821861,35.924946,-0.003139,0.232424,0.459808,-0.857056,27.759939,114.338287,22.714174,-0.010908,-0.010871,0.674153,-0.738431,16.280127,133.661728,13.035112,0.04993,0.91576,0.207055,0.340616,-8.804541,85.030487,12.514393,0.102846,0.978742,-0.036057,0.173742,-7.006738,52.076733,-2.462238,-0.041478,0.948976,0.065026,0.305771,-17.178329,5.64203,-0.804894,-0.107325,0.935151,-0.000442,0.3376,5.711195,85.640839,24.382372,0.027705,0.897177,-0.190091,0.397707,12.975222,50.23378,27.038658,-0.03861,0.889316,0.052641,0.452609,3.418878,6.179646,42.214279,-0.041478,0.948976,0.065026,0.305771,-8.366552,1.710993,-12.722588,-0.03861,0.889316,0.052641,0.452609,15.397462,1.943798,33.629234
93,0.775,-0.035166,0.940418,0.05013,0.334461,-1.547746,85.338882,18.451353,-0.049684,0.960271,0.103078,0.254533,-2.314392,92.972687,18.995628,-0.022394,0.966925,0.118643,0.224674,-5.442526,113.569855,22.64781,0.110297,0.984071,-0.035437,0.134847,-7.467072,133.913071,27.244627,0.171728,0.968068,-0.180663,0.026726,-3.68883,147.874969,24.86005,-0.024404,0.912252,0.096022,0.397468,-10.713448,128.270523,24.859621,0.437338,-0.518238,0.137671,-0.72195,-22.654476,128.826721,12.096346,0.284498,0.119111,-0.466852,-0.828808,-12.102598,112.635231,-3.494093,0.351713,0.202652,-0.551419,-0.728812,2.109273,134.962769,-5.303222,-0.027604,0.959672,0.162952,0.227408,-4.027601,128.19603,28.133902,0.344589,0.894888,0.155038,-0.237481,11.624185,127.826485,35.923882,-0.003143,0.232477,0.459745,-0.857076,27.757286,114.340881,22.716703,-0.010708,-0.010787,0.673957,-0.738614,16.275826,133.662109,13.035286,0.049902,0.915795,0.207005,0.340555,-8.805876,85.03302,12.517723,0.102843,0.978746,-0.035987,0.173738,-7.008539,52.07753,-2.455163,-0.041481,0.948971,0.06504,0.305783,-17.178738,5.642289,-0.804201,-0.10736,0.935225,-0.000521,0.337383,5.710385,85.644737,24.384985,0.02777,0.897253,-0.19003,0.397561,12.975463,50.238239,27.04578,-0.038064,0.889283,0.052798,0.452703,3.418264,6.182274,42.215549,-0.041481,0.948971,0.06504,0.305783,-8.366604,1.711678,-12.721769,-0.038064,0.889283,0.052798,0.452703,15.39439,1.943136,33.6287
94,0.783333,-0.035174,0.94044,0.050078,0.334406,-1.550374,85.340584,18.456011,-0.049554,0.9603,0.102953,0.254499,-2.316846,92.974464,18.99954,-0.022593,0.966923,0.11862,0.224676,-5.437796,113.570175,22.647699,0.110262,0.984074,-0.035475,0.134845,-7.470207,133.913254,27.241692,0.171832,0.968035,-0.180747,0.026701,-3.692834,147.875183,24.855885,-0.024384,0.912295,0.096047,0.397364,-10.714343,128.269165,24.857265,0.437448,-0.518297,0.137556,-0.721862,-22.658291,128.825958,12.096747,0.284564,0.119086,-0.466844,-0.828793,-12.107874,112.63504,-3.495269,0.351815,0.20246,-0.551473,-0.728776,2.105001,134.962341,-5.307126,-0.027686,0.959679,0.1629,0.227407,-4.02864,128.197617,28.13191,0.344561,0.894912,0.15501,-0.23745,11.623,127.831268,35.92234,-0.003004,0.232449,0.459642,-0.857139,27.757814,114.345947,22.716955,-0.010616,-0.010794,0.673862,-0.738702,16.271109,133.662582,13.032824,0.049885,0.915797,0.207015,0.340548,-8.809186,85.03418,12.52324,0.102856,0.978727,-0.035931,0.173847,-7.010576,52.07888,-2.449887,-0.041425,0.948957,0.065025,0.305838,-17.181242,5.643502,-0.805531,-0.107354,0.93525,-0.000557,0.337317,5.708437,85.646988,24.388781,0.027815,0.897338,-0.189974,0.397391,12.972437,50.240398,27.051327,-0.038566,0.889329,0.052613,0.452592,3.416383,6.182641,42.216629,-0.041425,0.948957,0.065025,0.305838,-8.368309,1.711967,-12.722209,-0.038566,0.889329,0.052613,0.452592,15.394139,1.945431,33.6311
95,0.791667,-0.035161,0.940436,0.050048,0.334424,-1.552886,85.341705,18.459135,-0.049747,0.960305,0.102927,0.25445,-2.319024,92.975647,19.002287,-0.022465,0.966953,0.1186,0.224569,-5.447793,113.573875,22.648005,0.110238,0.984083,-0.035589,0.134766,-7.474351,133.917374,27.242643,0.171933,0.967995,-0.180866,0.0267,-3.697598,147.878845,24.85318,-0.023857,0.912866,0.095173,0.396293,-10.720387,128.274063,24.858988,0.437933,-0.518174,0.136906,-0.721781,-22.694946,128.831512,12.127211,0.285152,0.118597,-0.466574,-0.828813,-12.129306,112.654648,-3.469104,0.351777,0.202379,-0.551489,-0.728804,2.098958,134.960434,-5.312277,-0.027665,0.959707,0.162837,0.227333,-4.033885,128.200943,28.131966,0.344506,0.894958,0.15485,-0.237459,11.618978,127.834824,35.919956,-0.00297,0.232449,0.459572,-0.857177,27.755461,114.349327,22.71678,-0.01052,-0.010901,0.673782,-0.738775,16.265352,133.663879,13.031292,0.049883,0.915795,0.207001,0.34056,-8.811489,85.035362,12.526102,0.102844,0.978733,-0.035891,0.173832,-7.012908,52.079628,-2.446076,-0.04145,0.948956,0.065016,0.30584,-17.181828,5.643755,-0.805118,-0.107298,0.93524,-0.00052,0.337361,5.705716,85.648041,24.392168,0.027738,0.897342,-0.189935,0.397408,12.966722,50.240578,27.051243,-0.037916,0.889272,0.052852,0.45273,3.418408,6.181011,42.216152,-0.04145,0.948956,0.065016,0.30584,-8.368632,1.712188,-12.721591,-0.037916,0.889272,0.052852,0.45273,15.393949,1.941269,33.62878
96,0.8,-0.035122,0.940463,0.049968,0.334364,-1.557113,85.342049,18.46307,-0.049834,0.960325,0.102864,0.254383,-2.322241,92.976158,19.005304,-0.022386,0.966984,0.118526,0.224484,-5.453817,113.576004,22.647985,0.110207,0.98409,-0.035621,0.13473,-7.476077,133.92041,27.240595,0.171963,0.967965,-0.180992,0.026725,-3.700225,147.881912,24.849943,-0.02386,0.912909,0.095078,0.396217,-10.72352,128.277344,24.85824,0.437988,-0.518182,0.136909,-0.721741,-22.700178,128.833084,12.128365,0.285226,0.118471,-0.466602,-0.82879,-12.134986,112.654816,-3.466794,0.351837,0.202355,-0.551493,-0.728779,2.093787,134.960266,-5.317957,-0.027728,0.959726,0.162796,0.227277,-4.036396,128.203491,28.129936,0.344493,0.894997,0.15463,-0.237475,11.617233,127.840149,35.916512,-0.002902,0.232475,0.459476,-0.857222,27.753809,114.352097,22.716057,-0.010559,-0.011043,0.673718,-0.73883,16.259487,133.663681,13.026977,0.049874,0.915787,0.207037,0.340563,-8.816513,85.03582,12.531008,0.102826,0.978743,-0.035836,0.173796,-7.016399,52.0811,-2.443233,-0.041563,0.948948,0.064924,0.305869,-17.182682,5.644491,-0.806699,-0.107302,0.935254,-0.00048,0.33732,5.702289,85.648277,24.39513,0.027758,0.897379,-0.1899,0.397339,12.964666,50.240875,27.051247,-0.038288,0.889304,0.052761,0.452647,3.417101,6.180146,42.213264,-0.041563,0.948948,0.064924,0.305869,-8.367914,1.711451,-12.721523,-0.038288,0.889304,0.052761,0.452647,15.393996,1.943051,33.626472
97,0.808333,-0.035104,0.940485,0.049882,0.334318,-1.56072,85.342316,18.468103,-0.049853,0.960346,0.102791,0.254332,-2.325114,92.976578,19.009237,-0.022413,0.966999,0.118501,0.22443,-5.456808,113.578865,22.649284,0.110268,0.984068,-0.035788,0.134795,-7.479665,133.923462,27.240774,0.171874,0.96795,-0.181135,0.026886,-3.70126,147.88356,24.845915,-0.023865,0.912887,0.095155,0.396249,-10.727058,128.28006,24.859129,0.438041,-0.518252,0.13688,-0.721664,-22.702822,128.836823,12.128459,0.285241,0.118399,-0.466605,-0.828794,-12.140865,112.657211,-3.467485,0.351826,0.20228,-0.551531,-0.728777,2.088029,134.960876,-5.322078,-0.027723,0.959749,0.162744,0.22722,-4.039589,128.206772,28.130127,0.344467,0.895021,0.154451,-0.237542,11.614964,127.844048,35.914875,-0.002951,0.232505,0.459437,-0.857234,27.750851,114.355156,22.714445,-0.010561,-0.011076,0.673621,-0.738918,16.255411,133.666138,13.025008,0.049884,0.915776,0.207077,0.340566,-8.82073,85.035812,12.536803,0.102786,0.978729,-0.035796,0.173906,-7.020129,52.082382,-2.440204,-0.041508,0.948948,0.064905,0.305878,-17.182312,5.644732,-0.807804,-0.107357,0.935324,-0.000505,0.337111,5.69929,85.648811,24.399403,0.027792,0.897399,-0.189825,0.397328,12.965343,50.242268,27.056938,-0.038373,0.889288,0.052733,0.452674,3.417908,6.17899,42.211601,-0.041508,0.948948,0.064905,0.305878,-8.367858,1.710624,-12.722504,-0.038373,0.889288,0.052733,0.452674,15.395967,1.942333,33.626221
98,0.816667,-0.035161,0.940497,0.049915,0.334273,-1.561387,85.343567,18.471153,-0.049878,0.960368,0.102701,0.254281,-2.326758,92.977715,19.012503,-0.02245,0.967012,0.118496,0.224373,-5.458262,113.580338,22.648781,0.110308,0.984059,-0.035867,0.134813,-7.482275,133.924896,27.239843,0.171818,0.96794,-0.181232,0.026956,-3.702404,147.884262,24.843012,-0.023981,0.912861,0.095059,0.396326,-10.729467,128.281174,24.858727,0.437988,-0.518347,0.136855,-0.721633,-22.702915,128.833176,12.125668,0.285073,0.118401,-0.466689,-0.828804,-12.145514,112.653984,-3.473793,0.351705,0.202285,-0.551502,-0.728855,2.079494,134.961044,-5.325416,-0.027795,0.959761,0.162785,0.22713,-4.041639,128.208542,28.129005,0.344333,0.895114,0.153994,-0.23768,11.614193,127.848434,35.911301,-0.003164,0.232585,0.459339,-0.857264,27.751408,114.359558,22.712473,-0.010547,-0.011142,0.673508,-0.739021,16.252882,133.670441,13.023617,0.04988,0.915807,0.20706,0.340494,-8.821885,85.036209,12.540495,0.102787,0.978751,-0.035737,0.173792,-7.022666,52.082241,-2.435508,-0.041557,0.948945,0.064971,0.305868,-17.183794,5.644205,-0.807452,-0.107359,0.935332,-0.000485,0.337086,5.699111,85.650925,24.401812,0.027823,0.897459,-0.189812,0.397197,12.965822,50.244404,27.057842,-0.038397,0.889304,0.052658,0.45265,3.418357,6.180844,42.211689,-0.041557,0.948945,0.064971,0.305868,-8.369001,1.712409,-12.722667,-0.038397,0.889304,0.052658,0.45265,15.395895,1.942546,33.626385
99,0.825,-0.035154,0.940508,0.049891,0.334245,-1.565097,85.344856,18.476095,-0.049867,0.960387,0.102592,0.254256,-2.330228,92.97905,19.017155,-0.022489,0.967017,0.118495,0.224346,-5.459998,113.582527,22.649244,0.110323,0.984062,-0.035919,0.134764,-7.485471,133.927032,27.239918,0.171897,0.967925,-0.181241,0.026893,-3.705206,147.886017,24.841463,-0.023856,0.912908,0.095114,0.396211,-10.732306,128.28299,24.859077,0.437997,-0.518422,0.136774,-0.721589,-22.709131,128.839294,12.129394,0.285102,0.118328,-0.466646,-0.828828,-12.15446,112.661469,-3.473325,0.351726,0.202236,-0.551605,-0.728781,2.072729,134.965027,-5.327965,-0.02779,0.959779,0.162318,0.227387,-4.04433,128.210968,28.129063,0.344208,0.895114,0.154162,-0.237754,11.60743,127.852951,35.919624,-0.00309,0.232675,0.459303,-0.857259,27.747149,114.372192,22.715584,-0.010485,-0.0111,0.673352,-0.739165,16.250359,133.678421,13.02242,0.0499,0.915791,0.207095,0.340512,-8.825949,85.037437,12.545877,0.102765,0.978759,-0.035704,0.17377,-7.026851,52.084648,-2.432726,-0.041616,0.948935,0.064891,0.305907,-17.185349,5.645952,-0.807097,-0.107435,0.935364,-0.000482,0.336974,5.695754,85.652283,24.406315,0.027859,0.89747,-0.189784,0.397182,12.967944,50.246941,27.063105,-0.03853,0.889332,0.052559,0.452595,3.418746,6.182533,42.213379,-0.041616,0.948935,0.064891,0.305907,-8.369205,1.7125,-12.72076,-0.03853,0.889332,0.052559,0.452595,15.396055,1.943424,33.628166
100,0.833333,-0.0352,0.940526,0.049921,0.334187,-1.567094,85.345825,18.480171,-0.049906,0.960406,0.102542,0.254194,-2.332997,92.979927,19.021477,-0.022477,0.967045,0.118394,0.224282,-5.463532,113.583305,22.651253,0.110285,0.984071,-0.035917,0.134731,-7.487275,133.928833,27.238148,0.17192,0.967921,-0.181241,0.026898,-3.708238,147.888107,24.839424,-0.023826,0.912929,0.094954,0.396203,-10.734739,128.284485,24.858866,0.437984,-0.518508,0.136683,-0.721551,-22.711849,128.839508,12.129392,0.284987,0.118298,-0.46668,-0.828854,-12.16042,112.663605,-3.477521,0.351597,0.20219,-0.551617,-0.728847,2.065943,134.968719,-5.330997,-0.027891,0.959801,0.162811,0.226929,-4.046327,128.212769,28.127968,0.344144,0.895158,0.154122,-0.237707,11.612514,127.856842,35.904396,-0.003186,0.232389,0.45918,-0.857403,27.755543,114.377342,22.703108,-0.010433,-0.011183,0.673494,-0.739035,16.244701,133.685928,13.02082,0.049881,0.915802,0.207139,0.340458,-8.828623,85.037735,12.550815,0.102761,0.97876,-0.03568,0.173771,-7.028015,52.086128,-2.430205,-0.041679,0.948932,0.064898,0.305907,-17.185745,5.647188,-0.80678,-0.107405,0.935333,-0.000413,0.337069,5.694435,85.653923,24.409529,0.027799,0.897455,-0.189808,0.397209,12.966011,50.248112,27.06167,-0.03801,0.889293,0.052741,0.452693,3.420549,6.184271,42.215965,-0.041679,0.948932,0.064898,0.305907,-8.368988,1.714544,-12.720257,-0.03801,0.889293,0.052741,0.452693,15.3958,1.942898,33.629002
101,0.841667,-0.035151,0.940535,0.049886,0.334169,-1.571805,85.346077,18.485184,-0.049912,0.960421,0.102493,0.254155,-2.336822,92.980286,19.026249,-0.022464,0.967063,0.118334,0.224235,-5.466961,113.584152,22.654158,0.110278,0.984068,-0.036033,0.134725,-7.48941,133.930298,27.238878,0.171899,0.96792,-0.181262,0.02695,-3.710196,147.888947,24.836817,-0.023859,0.912897,0.095068,0.396248,-10.737345,128.285812,24.860582,0.43774,-0.518557,0.136835,-0.721636,-22.713154,128.841553,12.129911,0.284793,0.118178,-0.466735,-0.828906,-12.166276,112.664902,-3.479305,0.351539,0.202214,-0.551649,-0.728844,2.059438,134.971619,-5.333853,-0.02794,0.959828,0.162823,0.226799,-4.048606,128.214188,28.129021,0.344082,0.895164,0.154218,-0.237709,11.612198,127.860596,35.901596,-0.003153,0.232366,0.459121,-0.85744,27.757263,114.384865,22.698936,-0.010449,-0.011237,0.673399,-0.73912,16.24386,133.690475,13.01691,0.04986,0.915785,0.207163,0.340492,-8.833618,85.038589,12.556145,0.102733,0.978752,-0.035636,0.173842,-7.030467,52.087551,-2.425823,-0.041843,0.948939,0.064816,0.30588,-17.185005,5.64776,-0.806718,-0.107462,0.935302,-0.000314,0.337139,5.690008,85.653564,24.414223,0.027819,0.897433,-0.189794,0.397264,12.967667,50.248642,27.061558,-0.038459,0.889306,0.052611,0.452646,3.420113,6.184375,42.213295,-0.041843,0.948939,0.064816,0.30588,-8.367547,1.714338,-12.719422,-0.038459,0.889306,0.052611,0.452646,15.397963,1.945695,33.62862
102,0.85,-0.035148,0.940547,0.04988,0.334138,-1.574547,85.344116,18.489021,-0.049918,0.960439,0.10242,0.254119,-2.339471,92.978333,19.030048,-0.02247,0.96708,0.11827,0.224196,-5.469036,113.583313,22.655153,0.110239,0.984072,-0.03612,0.134704,-7.490942,133.930084,27.237347,0.171871,0.967927,-0.181248,0.026966,-3.712632,147.888504,24.832577,-0.023872,0.91291,0.094883,0.396261,-10.739115,128.285324,24.860052,0.437745,-0.518607,0.136737,-0.721616,-22.714535,128.838104,12.12888,0.284696,0.118171,-0.466811,-0.828898,-12.168884,112.663841,-3.483653,0.35145,0.2022,-0.55174,-0.728821,2.053432,134.973358,-5.337358,-0.028121,0.959856,0.162875,0.226623,-4.050119,128.214081,28.127974,0.344101,0.895162,0.154105,-0.237762,11.613125,127.867149,35.895947,-0.003136,0.232318,0.45911,-0.857459,27.756315,114.389694,22.692766,-0.010416,-0.011248,0.673527,-0.739004,16.241152,133.695389,13.011967,0.049834,0.915791,0.207236,0.340436,-8.836752,85.036621,12.560457,0.102742,0.978755,-0.035638,0.173816,-7.030944,52.087605,-2.425645,-0.041686,0.94894,0.064814,0.305898,-17.186323,5.648005,-0.806269,-0.107487,0.935328,-0.000263,0.337057,5.687658,85.651619,24.417585,0.027851,0.897477,-0.189807,0.397157,12.96846,50.247086,27.061485,-0.038503,0.889315,0.052611,0.452625,3.41953,6.183455,42.214214,-0.041686,0.94894,0.064814,0.305898,-8.369884,1.713049,-12.719226,-0.038503,0.889315,0.052611,0.452625,15.397358,1.945353,33.629219
103,0.858333,-0.035136,0.94056,0.049849,0.334108,-1.578124,85.342445,18.494453,-0.049907,0.960462,0.102363,0.254056,-2.342696,92.976723,19.035112,-0.022504,0.967104,0.118191,0.22413,-5.470991,113.582321,22.658258,0.110229,0.984079,-0.036153,0.134654,-7.49324,133.92981,27.237125,0.171885,0.967923,-0.18126,0.026929,-3.715302,147.888138,24.831177,-0.024444,0.912308,0.095658,0.397425,-10.741458,128.284485,24.861237,0.43717,-0.518812,0.137415,-0.721688,-22.683609,128.834137,12.098728,0.283988,0.118448,-0.46714,-0.828916,-12.157764,112.645485,-3.512241,0.351416,0.202158,-0.551818,-0.72879,2.0486,134.975723,-5.341593,-0.028191,0.95989,0.162845,0.226491,-4.052044,128.214111,28.128321,0.344018,0.89517,0.154205,-0.237788,11.61316,127.87056,35.892479,-0.002965,0.232273,0.459069,-0.857494,27.758568,114.398026,22.686991,-0.01033,-0.011516,0.673588,-0.738946,16.24144,133.699295,13.00461,0.049837,0.915784,0.207325,0.340401,-8.840722,85.03492,12.566376,0.10271,0.978772,-0.035623,0.173744,-7.033434,52.088593,-2.425444,-0.041743,0.948955,0.064768,0.305855,-17.185503,5.648267,-0.806191,-0.107507,0.935346,-0.000194,0.337002,5.684474,85.649963,24.422529,0.027834,0.897443,-0.189768,0.397253,12.968461,50.245739,27.06176,-0.037981,0.889269,0.05282,0.452735,3.420819,6.180617,42.210957,-0.041743,0.948955,0.064768,0.305855,-8.369703,1.71252,-12.719353,-0.037981,0.889269,0.05282,0.452735,15.396908,1.940937,33.624321
104,0.866667,-0.035189,0.940562,0.049865,0.334093,-1.579585,85.342911,18.497768,-0.049945,0.960482,0.10229,0.254002,-2.345002,92.977104,19.038403,-0.022475,0.967128,0.118142,0.224054,-5.473831,113.583061,22.658369,0.11021,0.984084,-0.036146,0.134633,-7.494084,133.931091,27.235725,0.171869,0.967918,-0.181298,0.026962,-3.716778,147.889572,24.829792,-0.024416,0.912287,0.095761,0.397449,-10.743034,128.285736,24.86087,0.437198,-0.51888,0.137398,-0.721625,-22.684566,128.83783,12.097881,0.283992,0.118409,-0.467138,-0.828921,-12.161989,112.647995,-3.51406,0.351397,0.202132,-0.551905,-0.728742,2.044987,134.977753,-5.345162,-0.028201,0.959913,0.162826,0.226406,-4.053097,128.215256,28.126884,0.343988,0.895176,0.154003,-0.237938,11.613436,127.872696,35.888412,-0.003076,0.232266,0.459093,-0.857483,27.756306,114.400169,22.679821,-0.01028,-0.011557,0.673629,-0.738908,16.239798,133.704025,13.000101,0.049768,0.915826,0.207372,0.340269,-8.842303,85.034546,12.56988,0.102751,0.978774,-0.035594,0.173717,-7.031441,52.089119,-2.423496,-0.041694,0.948938,0.06476,0.305915,-17.186781,5.6494,-0.807367,-0.107561,0.935387,-0.000189,0.336871,5.683132,85.651283,24.425655,0.027911,0.897533,-0.189753,0.397052,12.971232,50.24791,27.064869,-0.038577,0.8893,0.052628,0.452646,3.420977,6.18265,42.212002,-0.041694,0.948938,0.06476,0.305915,-8.369968,1.713022,-12.719575,-0.038577,0.8893,0.052628,0.452646,15.399915,1.945995,33.62785
105,0.875,-0.035184,0.940585,0.049885,0.334026,-1.583508,85.341774,18.500462,-0.049926,0.960509,0.102246,0.253922,-2.348915,92.975945,19.04146,-0.02248,0.967151,0.118111,0.223972,-5.476429,113.583733,22.660357,0.110216,0.984089,-0.036199,0.134575,-7.496206,133.932068,27.236589,0.171867,0.967913,-0.181332,0.026932,-3.718813,147.890228,24.828945,-0.024568,0.912284,0.095673,0.397468,-10.745473,128.286499,24.862688,0.437149,-0.518908,0.137246,-0.721664,-22.686207,128.832565,12.098692,0.283871,0.118405,-0.467209,-0.828923,-12.162993,112.648598,-3.518911,0.351348,0.202118,-0.551916,-0.72876,2.041138,134.981674,-5.348341,-0.028186,0.959955,0.162837,0.226223,-4.054987,128.216339,28.127581,0.343876,0.895204,0.153923,-0.238047,11.614463,127.874283,35.88324,-0.003135,0.23225,0.459007,-0.857533,27.758614,114.406158,22.671713,-0.010321,-0.011592,0.67368,-0.73886,16.237761,133.708374,12.993338,0.049713,0.915842,0.207411,0.340209,-8.847072,85.033531,12.573606,0.102743,0.978802,-0.035549,0.173571,-7.032529,52.088886,-2.421044,-0.041716,0.948936,0.06485,0.305901,-17.186216,5.648714,-0.807424,-0.107551,0.935339,-0.000115,0.337006,5.680057,85.650024,24.427319,0.027835,0.897435,-0.189783,0.397263,12.96888,50.246471,27.062336,-0.038635,0.889297,0.052627,0.452646,3.420403,6.181908,42.212639,-0.041716,0.948936,0.06485,0.305901,-8.369362,1.715046,-12.720495,-0.038635,0.889297,0.052627,0.452646,15.399849,1.946039,33.628803
106,0.883333,-0.035204,0.940608,0.049917,0.333955,-1.58759,85.342316,18.503233,-0.049887,0.960536,0.102178,0.253853,-2.353405,92.976418,19.044647,-0.022527,0.967168,0.118075,0.223911,-5.478314,113.584724,22.661438,0.110198,0.984084,-0.036354,0.134584,-7.499387,133.933319,27.235926,0.171906,0.967908,-0.181303,0.027045,-3.721928,147.890717,24.823856,-0.0245,0.912259,0.095885,0.397478,-10.748419,128.287216,24.862934,0.437079,-0.518912,0.137357,-0.721683,-22.688993,128.838455,12.099017,0.283825,0.118243,-0.467221,-0.828955,-12.167521,112.6521,-3.517279,0.351319,0.202018,-0.551876,-0.728833,2.037452,134.982925,-5.352587,-0.028176,0.959973,0.162881,0.226112,-4.057561,128.217972,28.127081,0.343765,0.895211,0.153924,-0.238183,11.613661,127.875877,35.87915,-0.003292,0.232162,0.458968,-0.857577,27.758377,114.41362,22.662352,-0.010115,-0.011256,0.673635,-0.738909,16.23328,133.717804,12.990233,0.049745,0.915815,0.207447,0.340255,-8.85201,85.033844,12.577435,0.102679,0.978794,-0.035549,0.173652,-7.037907,52.090515,-2.42015,-0.041788,0.948936,0.064848,0.305891,-17.185755,5.649078,-0.80627,-0.107593,0.935322,-9.3e-05,0.337041,5.67683,85.650787,24.429029,0.027832,0.897447,-0.189768,0.397243,12.968908,50.247894,27.063837,-0.038195,0.889249,0.052782,0.452759,3.421582,6.182772,42.21323,-0.041788,0.948936,0.064848,0.305891,-8.36848,1.716048,-12.719242,-0.038195,0.889249,0.052782,0.452759,15.399874,1.944995,33.628727
107,0.891667,-0.035242,0.940636,0.049913,0.333872,-1.589519,85.342766,18.506632,-0.04991,0.960557,0.10213,0.253788,-2.355819,92.97683,19.047859,-0.02251,0.967185,0.118066,0.223847,-5.480826,113.584831,22.662554,0.110205,0.984091,-0.036399,0.134521,-7.500821,133.933548,27.236965,0.171899,0.967903,-0.181344,0.026987,-3.723285,147.890656,24.823376,-0.024499,0.912258,0.09586,0.397488,-10.7503,128.287491,24.864513,0.43713,-0.518981,0.137259,-0.721621,-22.690615,128.83847,12.100341,0.283804,0.118178,-0.467225,-0.828969,-12.171329,112.653229,-3.518596,0.351265,0.201903,-0.551935,-0.728845,2.034336,134.983536,-5.356225,-0.02818,0.96002,0.162814,0.225964,-4.059002,128.218155,28.127756,0.343711,0.895214,0.153819,-0.238315,11.614555,127.877617,35.875172,-0.003353,0.232144,0.458909,-0.857613,27.757988,114.417473,22.654636,-0.010142,-0.01121,0.673617,-0.738926,16.229656,133.720993,12.984106,0.04977,0.915794,0.207547,0.340248,-8.854927,85.033501,12.58209,0.102811,0.978652,-0.035583,0.174368,-7.040025,52.093376,-2.422427,-0.041626,0.948808,0.064758,0.306328,-17.201757,5.654749,-0.815112,-0.107594,0.935329,-7.6e-05,0.33702,5.675889,85.652031,24.431175,0.027837,0.897467,-0.189772,0.397197,12.968504,50.249146,27.064714,-0.03826,0.889275,0.052759,0.452707,3.421328,6.184206,42.214718,-0.041626,0.948808,0.064758,0.306328,-8.375446,1.717888,-12.720123,-0.03826,0.889275,0.052759,0.452707,15.399114,1.94672,33.629364
108,0.9,-0.035275,0.940649,0.049923,0.333831,-1.590886,85.341415,18.509708,-0.049951,0.960581,0.102075,0.253713,-2.357691,92.975426,19.050941,-0.022484,0.967209,0.118051,0.223751,-5.483742,113.585213,22.663467,0.110179,0.984102,-0.03645,0.134441,-7.502083,133.934128,27.237738,0.171944,0.967889,-0.181385,0.026946,-3.72545,147.891159,24.822258,-0.024562,0.912296,0.095815,0.397406,-10.752246,128.288116,24.866095,0.437105,-0.518983,0.137206,-0.721644,-22.694712,128.836136,12.103804,0.283764,0.118043,-0.467238,-0.828995,-12.174858,112.653206,-3.517134,0.351189,0.201844,-0.551979,-0.728865,2.031909,134.982559,-5.35975,-0.028197,0.960046,0.16276,0.225887,-4.06029,128.218628,28.127987,0.343701,0.89522,0.153737,-0.238359,11.614446,127.879547,35.873085,-0.003149,0.232189,0.458865,-0.857625,27.757179,114.419106,22.652002,-0.010232,-0.011659,0.673588,-0.738944,16.229094,133.716873,12.975812,0.04973,0.915847,0.207582,0.340088,-8.856763,85.031578,12.585773,0.10277,0.978681,-0.035552,0.174234,-7.040986,52.092205,-2.420311,-0.041839,0.948833,0.064721,0.306229,-17.198254,5.652574,-0.813778,-0.107552,0.935324,-2e-05,0.33705,5.674991,85.651245,24.433643,0.027739,0.897356,-0.189772,0.397454,12.966104,50.247719,27.062544,-0.038795,0.889296,0.052637,0.452633,3.423013,6.18226,42.213608,-0.041839,0.948833,0.064721,0.306229,-8.372453,1.716658,-12.719481,-0.038795,0.889296,0.052637,0.452633,15.403646,1.948819,33.630241
109,0.908333,-0.03527,0.940681,0.049861,0.33375,-1.594125,85.341896,18.512409,-0.049965,0.960606,0.102049,0.253626,-2.360494,92.976013,19.052841,-0.02246,0.967235,0.118023,0.223659,-5.486267,113.584343,22.664169,0.110173,0.984114,-0.036435,0.134369,-7.502939,133.933563,27.23774,0.171939,0.967877,-0.181464,0.026887,-3.726842,147.890747,24.82234,-0.0246,0.912328,0.095809,0.397333,-10.753777,128.287567,24.867027,0.437108,-0.519008,0.137176,-0.72163,-22.698202,128.834015,12.106508,0.283723,0.117912,-0.467254,-0.829019,-12.179228,112.651619,-3.515582,0.35107,0.201799,-0.552016,-0.728907,2.028622,134.980362,-5.363066,-0.028252,0.960077,0.162729,0.225774,-4.061193,128.218002,28.127628,0.34383,0.895169,0.153163,-0.238734,11.615229,127.881668,35.869431,-0.003356,0.232233,0.45902,-0.85753,27.744675,114.41243,22.641096,-0.010218,-0.011764,0.673494,-0.739029,16.224066,133.717743,12.968402,0.049649,0.915897,0.207616,0.339947,-8.861026,85.031662,12.589746,0.102764,0.978721,-0.035489,0.174026,-7.041311,52.09272,-2.416787,-0.041778,0.948845,0.064708,0.306205,-17.196714,5.652556,-0.813828,-0.107562,0.935326,-1.1e-05,0.337039,5.672774,85.652122,24.435074,0.027771,0.897396,-0.189742,0.397374,12.96477,50.248749,27.063564,-0.038267,0.889236,0.052802,0.452778,3.421405,6.182382,42.21183,-0.041778,0.948845,0.064708,0.306205,-8.372092,1.715666,-12.720082,-0.038267,0.889236,0.052802,0.452778,15.400748,1.946136,33.628036
110,0.916667,-0.035283,0.940714,0.049833,0.33366,-1.597055,85.342125,18.514719,-0.049921,0.960636,0.101993,0.253543,-2.363405,92.976273,19.054756,-0.022512,0.967253,0.118001,0.223587,-5.486391,113.58461,22.66449,0.11012,0.984125,-0.036439,0.134328,-7.504617,133.933975,27.236826,0.172007,0.967845,-0.181569,0.026877,-3.730169,147.89151,24.82091,-0.024166,0.912716,0.095451,0.396555,-10.755171,128.287445,24.866964,0.437415,-0.518922,0.13682,-0.721574,-22.721964,128.839844,12.127672,0.284122,0.117577,-0.467079,-0.829028,-12.193674,112.664581,-3.495523,0.351108,0.20168,-0.552042,-0.728902,2.024598,134.979462,-5.364649,-0.028266,0.960097,0.162753,0.225668,-4.062145,128.218811,28.126678,0.343667,0.89524,0.15314,-0.23872,11.615924,127.883408,35.865181,-0.003209,0.232145,0.458815,-0.857664,27.751286,114.41983,22.638288,-0.010072,-0.011907,0.673408,-0.739107,16.219641,133.71759,12.964606,0.0496,0.915931,0.207645,0.339844,-8.865068,85.031395,12.593451,0.102628,0.978863,-0.035438,0.173316,-7.043097,52.092979,-2.413978,-0.041706,0.948953,0.064846,0.305849,-17.183949,5.649805,-0.806114,-0.107549,0.935324,-1e-06,0.33705,5.67096,85.652855,24.435987,0.027744,0.897412,-0.189739,0.397343,12.962338,50.24929,27.063583,-0.038296,0.88926,0.052773,0.45273,3.421888,6.182647,42.212868,-0.041706,0.948953,0.064846,0.305849,-8.36847,1.71591,-12.720132,-0.038296,0.88926,0.052773,0.45273,15.400476,1.946017,33.628212
111,0.925,-0.035299,0.940742,0.049865,0.333575,-1.597375,85.34201,18.515186,-0.049929,0.960664,0.101998,0.253435,-2.364081,92.976089,19.055677,-0.02251,0.967281,0.11799,0.223471,-5.487215,113.585678,22.666128,0.110122,0.984136,-0.036475,0.134238,-7.504699,133.93515,27.23827,0.171992,0.967837,-0.181635,0.026813,-3.730456,147.892517,24.820955,-0.024275,0.912756,0.095298,0.396491,-10.755721,128.288498,24.86937,0.437375,-0.518966,0.136719,-0.721586,-22.724092,128.835052,12.131307,0.28407,0.117561,-0.467116,-0.829028,-12.196697,112.663422,-3.496251,0.351134,0.201685,-0.552039,-0.72889,2.020168,134.979645,-5.365354,-0.028251,0.960112,0.162769,0.225595,-4.061918,128.220093,28.127491,0.343746,0.895177,0.152983,-0.238941,11.617332,127.884506,35.863602,-0.003255,0.232026,0.458893,-0.857654,27.744722,114.418289,22.629681,-0.009941,-0.011913,0.673334,-0.739176,16.214041,133.719284,12.96232,0.049668,0.915931,0.20769,0.339806,-8.866434,85.031105,12.595206,0.102699,0.978698,-0.035496,0.174194,-7.048378,52.094536,-2.416752,-0.041763,0.948835,0.06475,0.306228,-17.198164,5.653146,-0.813781,-0.107576,0.935365,9e-06,0.336927,5.671683,85.652924,24.435165,0.027765,0.897412,-0.189763,0.39733,12.965463,50.249767,27.061796,-0.038741,0.889273,0.052667,0.452679,3.422551,6.184125,42.212452,-0.041763,0.948835,0.06475,0.306228,-8.37304,1.717319,-12.720015,-0.038741,0.889273,0.052667,0.452679,15.403708,1.950762,33.629765
112,0.933333,-0.035306,0.94077,0.049903,0.333489,-1.598959,85.343559,18.514845,-0.049896,0.960692,0.101979,0.253342,-2.365912,92.977562,19.055916,-0.02254,0.967301,0.117987,0.223381,-5.486995,113.586342,22.666075,0.110126,0.98414,-0.036492,0.134194,-7.505272,133.935791,27.238026,0.171968,0.967834,-0.181674,0.026805,-3.731034,147.893021,24.820059,-0.024236,0.912798,0.095307,0.396394,-10.756268,128.288803,24.869843,0.437467,-0.518997,0.136681,-0.721514,-22.727392,128.836365,12.134406,0.284128,0.117533,-0.467128,-0.829005,-12.201107,112.663498,-3.492616,0.351165,0.201651,-0.552,-0.728914,2.015199,134.979156,-5.364669,-0.028237,0.96013,0.162762,0.225526,-4.061887,128.221008,28.126797,0.343713,0.895167,0.152957,-0.239044,11.618477,127.885391,35.860653,-0.003299,0.231924,0.458814,-0.857724,27.744547,114.421288,22.622965,-0.009984,-0.011941,0.673159,-0.739334,16.208166,133.72081,12.960163,0.049645,0.915946,0.207701,0.339763,-8.869084,85.032661,12.596173,0.102667,0.978705,-0.035481,0.174176,-7.049988,52.096249,-2.415994,-0.041817,0.948834,0.064765,0.306221,-17.196533,5.654123,-0.8137,-0.1076,0.935337,3.2e-05,0.336997,5.671165,85.654457,24.433516,0.027739,0.897355,-0.1898,0.397442,12.966898,50.251675,27.059681,-0.038667,0.889269,0.052708,0.452689,3.422914,6.18721,42.213104,-0.041817,0.948834,0.064765,0.306221,-8.371058,1.719224,-12.719983,-0.038667,0.889269,0.052708,0.452689,15.403745,1.953898,33.629929
113,0.941667,-0.035309,0.940797,0.04991,0.333411,-1.601106,85.34436,18.516388,-0.049882,0.960717,0.101962,0.253257,-2.368088,92.978355,19.0576,-0.022544,0.967324,0.117961,0.223296,-5.487957,113.586411,22.66732,0.110132,0.984148,-0.036508,0.134131,-7.505733,133.936111,27.238352,0.171945,0.967837,-0.181688,0.026758,-3.731536,147.893234,24.81967,-0.024282,0.912816,0.095312,0.39635,-10.757056,128.28894,24.871084,0.437447,-0.519086,0.136638,-0.721471,-22.729324,128.834961,12.136666,0.284075,0.117535,-0.467111,-0.829032,-12.207018,112.662544,-3.493498,0.351172,0.201547,-0.551998,-0.728941,2.011006,134.979218,-5.363867,-0.028215,0.960156,0.1627,0.225462,-4.062115,128.221436,28.126884,0.343694,0.895164,0.152859,-0.239143,11.619297,127.885948,35.858608,-0.003317,0.231859,0.458781,-0.857759,27.743643,114.422318,22.618357,-0.009897,-0.012019,0.672896,-0.739573,16.204475,133.721085,12.95844,0.04964,0.915934,0.207766,0.339754,-8.8722,85.033356,12.598915,0.102681,0.978746,-0.035475,0.173936,-7.051239,52.098892,-2.417298,-0.041729,0.948829,0.06474,0.306253,-17.198601,5.657011,-0.813281,-0.107623,0.935334,5.2e-05,0.336999,5.669988,85.655365,24.433861,0.027744,0.897371,-0.189821,0.397397,12.967725,50.252937,27.059265,-0.03869,0.889288,0.052676,0.452654,3.423357,6.18926,42.214722,-0.041729,0.948829,0.06474,0.306253,-8.373208,1.720595,-12.719118,-0.03869,0.889288,0.052676,0.452654,15.403615,1.955407,33.631023
114,0.95,-0.035306,0.940822,0.049887,0.333344,-1.602971,85.343971,18.517363,-0.049855,0.96074,0.101942,0.253183,-2.36975,92.978012,19.058311,-0.022562,0.967342,0.117941,0.223225,-5.4881,113.586716,22.667807,0.11,0.984171,-0.036572,0.13405,-7.506099,133.936569,27.238018,0.172001,0.967828,-0.181686,0.026723,-3.735747,147.894272,24.816662,-0.024331,0.912873,0.095307,0.396216,-10.757514,128.289124,24.87151,0.437459,-0.519134,0.136606,-0.721435,-22.733408,128.833023,12.140406,0.284043,0.117491,-0.467129,-0.829039,-12.213152,112.660599,-3.491142,0.351107,0.201556,-0.551957,-0.729001,2.004488,134.977249,-5.362859,-0.028211,0.960167,0.162736,0.225391,-4.062115,128.222092,28.126379,0.343699,0.895142,0.152868,-0.239213,11.620423,127.886627,35.855827,-0.003187,0.23169,0.458722,-0.857837,27.742975,114.423798,22.612568,-0.009813,-0.012222,0.672822,-0.739638,16.197395,133.720169,12.956029,0.049598,0.915978,0.207783,0.339633,-8.874908,85.032806,12.600935,0.102667,0.978763,-0.035445,0.173854,-7.052753,52.098526,-2.415547,-0.04184,0.948827,0.064716,0.30625,-17.198204,5.656162,-0.813284,-0.107587,0.935297,0.000124,0.337111,5.668967,85.655144,24.433792,0.027672,0.897318,-0.189859,0.397504,12.965758,50.252163,27.054316,-0.038685,0.889281,0.052693,0.452666,3.424258,6.189471,42.214451,-0.04184,0.948827,0.064716,0.30625,-8.371876,1.720122,-12.718558,-0.038685,0.889281,0.052693,0.452666,15.404764,1.956022,33.630898
115,0.958333,-0.035255,0.940842,0.049804,0.333307,-1.605791,85.34272,18.518955,-0.049827,0.960765,0.101939,0.253094,-2.371399,92.976936,19.059008,-0.022567,0.967369,0.117919,0.223124,-5.488016,113.584312,22.668751,0.10997,0.984179,-0.036639,0.133999,-7.505515,133.934387,27.238237,0.171949,0.967841,-0.181667,0.026742,-3.736006,147.891922,24.814631,-0.024322,0.912919,0.095276,0.396119,-10.757296,128.286743,24.872719,0.437582,-0.519179,0.136502,-0.721348,-22.735905,128.830139,12.144147,0.284092,0.117496,-0.467168,-0.829,-12.216539,112.657913,-3.48822,0.35109,0.201603,-0.552002,-0.728962,1.998798,134.975266,-5.36175,-0.028269,0.960201,0.162609,0.225331,-4.061223,128.220047,28.126209,0.34376,0.89511,0.152766,-0.239311,11.62215,127.887894,35.854107,-0.003119,0.231633,0.458715,-0.857856,27.740284,114.422432,22.608141,-0.009796,-0.012309,0.672709,-0.73974,16.193134,133.718079,12.95228,0.049587,0.915992,0.207804,0.339584,-8.878257,85.031883,12.603158,0.102622,0.978736,-0.035453,0.174032,-7.055577,52.09816,-2.414475,-0.041742,0.948849,0.06475,0.306189,-17.197325,5.654976,-0.812577,-0.107659,0.935355,0.00015,0.336929,5.666675,85.653564,24.434752,0.027752,0.897355,-0.189882,0.397403,12.969424,50.251698,27.053802,-0.038066,0.889242,0.052862,0.452776,3.422001,6.190273,42.213882,-0.041742,0.948849,0.06475,0.306189,-8.373356,1.718928,-12.719599,-0.038066,0.889242,0.052862,0.452776,15.399763,1.952865,33.628452
116,0.966667,-0.035225,0.940865,0.049786,0.333246,-1.60853,85.341385,18.519922,-0.049803,0.960786,0.101925,0.253025,-2.373576,92.975662,19.059921,-0.022568,0.967389,0.11788,0.223057,-5.48856,113.581512,22.669275,0.10995,0.984191,-0.036642,0.133929,-7.505418,133.931976,27.237341,0.171906,0.967854,-0.181645,0.02667,-3.736754,147.889664,24.813271,-0.024203,0.912966,0.095251,0.396023,-10.757526,128.284134,24.872736,0.437514,-0.519263,0.136544,-0.72132,-22.738991,128.830612,12.146989,0.283999,0.117416,-0.46713,-0.829064,-12.224577,112.65699,-3.487241,0.35093,0.201599,-0.551985,-0.729053,1.993897,134.972839,-5.361041,-0.02828,0.960219,0.162581,0.22527,-4.061009,128.217697,28.125319,0.343772,0.895089,0.152736,-0.239393,11.623302,127.886513,35.851349,-0.003009,0.231513,0.458697,-0.857898,27.739101,114.42115,22.60244,-0.009694,-0.012534,0.672609,-0.739829,16.188606,133.715469,12.948784,0.0496,0.916022,0.207795,0.339506,-8.8818,85.030899,12.605098,0.102367,0.978949,-0.035359,0.173,-7.061529,52.097012,-2.412459,-0.041911,0.948999,0.064818,0.305685,-17.176563,5.64822,-0.804283,-0.107677,0.935334,0.000228,0.33698,5.664739,85.651878,24.434748,0.027709,0.897299,-0.189907,0.397519,12.970471,50.250305,27.049366,-0.03827,0.889245,0.052703,0.452771,3.423781,6.189558,42.211884,-0.041911,0.948999,0.064818,0.305685,-8.363259,1.715387,-12.720259,-0.03827,0.889245,0.052703,0.452771,15.40267,1.950752,33.628719
117,0.975,-0.035234,0.940871,0.049814,0.333226,-1.609207,85.339981,18.519825,-0.049767,0.960798,0.101939,0.252979,-2.374513,92.974213,19.060188,-0.022603,0.967401,0.117862,0.223011,-5.488237,113.581573,22.670893,0.109957,0.984193,-0.036645,0.133908,-7.506135,133.932144,27.238003,0.171848,0.967854,-0.181703,0.026649,-3.737341,147.889771,24.813795,-0.024296,0.912998,0.095277,0.395939,-10.758047,128.283936,24.873985,0.43748,-0.519325,0.136483,-0.721308,-22.741693,128.827515,12.150161,0.283907,0.117366,-0.46716,-0.829086,-12.229636,112.655663,-3.487505,0.350864,0.201524,-0.552051,-0.729056,1.987672,134.971573,-5.361501,-0.028212,0.960233,0.162608,0.2252,-4.06125,128.218155,28.126005,0.343785,0.895059,0.15271,-0.239501,11.62431,127.884888,35.849415,-0.00302,0.23143,0.45873,-0.857903,27.737076,114.419952,22.596382,-0.009582,-0.012587,0.672487,-0.73994,16.186285,133.715759,12.946526,0.049547,0.91607,0.207798,0.339382,-8.882715,85.02948,12.605293,0.102526,0.978798,-0.035369,0.17376,-7.060897,52.095306,-2.411468,-0.041929,0.948876,0.064813,0.306066,-17.191946,5.649674,-0.812871,-0.107715,0.935271,0.000341,0.337144,5.664301,85.650482,24.434357,0.027695,0.897211,-0.189967,0.397691,12.974869,50.249504,27.043545,-0.03829,0.889228,0.052678,0.452806,3.4242,6.190854,42.209652,-0.041929,0.948876,0.064813,0.306066,-8.369126,1.717098,-12.721886,-0.03829,0.889228,0.052678,0.452806,15.403832,1.951673,33.627716
118,0.983333,-0.035198,0.940887,0.049805,0.333185,-1.611109,85.34008,18.521639,-0.049733,0.960811,0.101905,0.252953,-2.375812,92.974365,19.062092,-0.022611,0.967403,0.117886,0.222989,-5.487446,113.580528,22.671614,0.109983,0.984189,-0.036718,0.133893,-7.505789,133.930832,27.239672,0.171772,0.967867,-0.181708,0.026637,-3.736093,147.887863,24.813431,-0.024285,0.91304,0.095284,0.395841,-10.757626,128.282623,24.875553,0.437516,-0.519444,0.136386,-0.721219,-22.743988,128.826279,12.154291,0.28387,0.117311,-0.467157,-0.829108,-12.236718,112.655022,-3.48721,0.350822,0.201436,-0.552009,-0.729132,1.981687,134.970673,-5.362561,-0.028178,0.960263,0.162652,0.225043,-4.060687,128.216919,28.127285,0.34375,0.895049,0.152745,-0.239566,11.627398,127.88308,35.845535,-0.002988,0.231296,0.458693,-0.857959,27.739805,114.420769,22.58939,-0.009499,-0.012683,0.672458,-0.739966,16.184038,133.716309,12.943563,0.049541,0.916091,0.20787,0.339283,-8.88518,85.030121,12.607768,0.102571,0.978817,-0.035372,0.173622,-7.062736,52.098049,-2.413514,-0.041946,0.948833,0.064712,0.306218,-17.197783,5.653316,-0.813985,-0.10771,0.935249,0.000446,0.337206,5.662963,85.650047,24.435509,0.027673,0.897174,-0.190042,0.397741,12.975576,50.248993,27.03793,-0.038803,0.889258,0.052507,0.452722,3.423221,6.192928,42.210484,-0.041946,0.948833,0.064712,0.306218,-8.371269,1.718142,-12.719406,-0.038803,0.889258,0.052507,0.452722,15.405151,1.956237,33.630516
119,0.991667,-0.035197,0.940887,0.049864,0.333176,-1.612097,85.338577,18.521591,-0.049693,0.960829,0.101866,0.252906,-2.377096,92.972771,19.062906,-0.022596,0.967414,0.117908,0.222928,-5.486684,113.580193,22.671595,0.109962,0.984211,-0.036638,0.133772,-7.504328,133.930313,27.240784,0.171828,0.967861,-0.181712,0.026461,-3.736011,147.888,24.816185,-0.024335,0.913039,0.095318,0.39583,-10.756498,128.282242,24.876842,0.437486,-0.519536,0.136391,-0.72117,-22.743082,128.824738,12.15574,0.283792,0.117257,-0.467211,-0.829112,-12.240663,112.652397,-3.487898,0.350803,0.201405,-0.552031,-0.729133,1.976236,134.970032,-5.364521,-0.028153,0.960277,0.162764,0.224906,-4.059143,128.216354,28.127708,0.343735,0.895032,0.15275,-0.23965,11.63115,127.881584,35.841434,-0.00305,0.231204,0.458692,-0.857984,27.742069,114.420937,22.58181,-0.00947,-0.012669,0.672449,-0.739974,16.183737,133.718384,12.940584,0.04959,0.916109,0.207833,0.339249,-8.886279,85.028984,12.60784,0.102286,0.978965,-0.035348,0.172962,-7.068576,52.096153,-2.412365,-0.042049,0.949009,0.064958,0.305605,-17.175882,5.645699,-0.80344,-0.107764,0.935188,0.000568,0.337357,5.662086,85.648178,24.435345,0.027658,0.897115,-0.190143,0.397826,12.980893,50.247978,27.032011,-0.038168,0.889241,0.052727,0.452785,3.424597,6.195477,42.212421,-0.042049,0.949009,0.064958,0.305605,-8.362973,1.71807,-12.721427,-0.038168,0.889241,0.052727,0.452785,15.402937,1.955904,33.628864
120,1.0,-0.035184,0.940889,0.049881,0.33317,-1.613247,85.337036,18.522665,-0.049696,0.960844,0.101856,0.252851,-2.378142,92.971214,19.064306,-0.022603,0.967432,0.117895,0.222856,-5.487457,113.578239,22.672649,0.109968,0.984218,-0.036623,0.133717,-7.504927,133.928482,27.241425,0.171802,0.96786,-0.181753,0.026408,-3.736708,147.88623,24.817032,-0.024211,0.913076,0.095274,0.395763,-10.757305,128.280228,24.878149,0.437477,-0.519612,0.136391,-0.721121,-22.745956,128.825821,12.159128,0.283759,0.117109,-0.467214,-0.829143,-12.247445,112.652397,-3.486012,0.350765,0.201267,-0.552118,-0.729123,1.970348,134.967148,-5.36807,-0.028182,0.96028,0.162812,0.224855,-4.059477,128.214615,28.128052,0.343741,0.895017,0.152695,-0.23973,11.63156,127.880714,35.840302,-0.003079,0.231184,0.458659,-0.858007,27.740377,114.419998,22.578199,-0.009524,-0.012554,0.67249,-0.739938,16.18005,133.716965,12.938187,0.049648,0.916056,0.207924,0.33933,-8.887527,85.027771,12.609016,0.102274,0.978904,-0.035454,0.173292,-7.070026,52.098118,-2.418159,-0.04185,0.948987,0.065027,0.305687,-17.178478,5.648148,-0.802637,-0.107865,0.935178,0.00066,0.337352,5.661034,85.646301,24.436314,0.027742,0.897116,-0.190209,0.397788,12.988882,50.247692,27.029154,-0.038795,0.889262,0.052476,0.452719,3.423627,6.198028,42.212158,-0.04185,0.948987,0.065027,0.305687,-8.365289,1.720628,-12.720449,-0.038795,0.889262,0.052476,0.452719,15.4053,1.960384,33.632309
121,1.008333,-0.035157,0.940885,0.049913,0.333178,-1.615367,85.332542,18.523447,-0.049673,0.960853,0.101848,0.252828,-2.380026,92.966698,19.065681,-0.022579,0.967445,0.117855,0.222823,-5.488283,113.574242,22.674068,0.10997,0.984214,-0.036689,0.133727,-7.504273,133.924927,27.241526,0.171702,0.967867,-0.181803,0.026452,-3.735749,147.882278,24.815325,-0.02437,0.91309,0.095382,0.395695,-10.757141,128.276688,24.878893,0.437441,-0.519692,0.136279,-0.721106,-22.747404,128.818436,12.161226,0.283673,0.116992,-0.467248,-0.829169,-12.251522,112.648323,-3.489079,0.350709,0.201182,-0.552154,-0.729147,1.966072,134.962997,-5.374504,-0.028194,0.960307,0.162832,0.224723,-4.059081,128.210922,28.128311,0.343731,0.895009,0.152732,-0.239754,11.63401,127.878059,35.836426,-0.002922,0.231123,0.458724,-0.85799,27.742599,114.418587,22.572771,-0.009237,-0.012759,0.672515,-0.739916,16.183939,133.715851,12.93211,0.049591,0.916064,0.207994,0.339273,-8.889586,85.023972,12.609686,0.102312,0.978941,-0.035449,0.173061,-7.067492,52.096004,-2.420621,-0.041979,0.948996,0.064989,0.305647,-17.178995,5.646744,-0.803803,-0.107876,0.935158,0.000848,0.337405,5.658852,85.641113,24.437208,0.027692,0.897028,-0.190316,0.397938,12.991852,50.242691,27.018032,-0.038221,0.889219,0.052652,0.452833,3.424295,6.196645,42.210091,-0.041979,0.948996,0.064989,0.305647,-8.365643,1.719366,-12.721546,-0.038221,0.889219,0.052652,0.452833,15.403729,1.955861,33.628662
122,1.016667,-0.035116,0.940892,0.049857,0.333171,-1.617965,85.3284,18.526159,-0.04965,0.960865,0.101824,0.252793,-2.381756,92.962685,19.067793,-0.022578,0.967459,0.117825,0.222781,-5.488662,113.570259,22.675549,0.109949,0.984223,-0.036724,0.133672,-7.504131,133.921234,27.241928,0.171715,0.967859,-0.181844,0.026389,-3.736301,147.87854,24.814404,-0.024318,0.913105,0.095334,0.395675,-10.757237,128.272873,24.879921,0.437424,-0.519757,0.136275,-0.72107,-22.748146,128.815567,12.162898,0.283618,0.116817,-0.467292,-0.829188,-12.255558,112.644867,-3.48902,0.350676,0.201022,-0.552288,-0.729106,1.962598,134.959793,-5.381418,-0.028156,0.960334,0.162759,0.224666,-4.058899,128.207275,28.128771,0.343702,0.895009,0.152581,-0.239889,11.635169,127.874062,35.834877,-0.002957,0.231186,0.458733,-0.857968,27.741533,114.415085,22.568027,-0.009275,-0.012783,0.67264,-0.739801,16.184517,133.712982,12.925571,0.049539,0.916081,0.208085,0.339178,-8.892317,85.02018,12.612544,0.102336,0.978965,-0.035441,0.172913,-7.066034,52.094578,-2.422459,-0.041934,0.948977,0.064976,0.305717,-17.179331,5.645722,-0.805229,-0.107975,0.93512,0.000995,0.337478,5.656386,85.63662,24.439774,0.027775,0.897024,-0.190391,0.397904,12.999418,50.239773,27.013567,-0.038569,0.889232,0.052547,0.452789,3.422577,6.196886,42.208931,-0.041934,0.948977,0.064976,0.305717,-8.364719,1.717588,-12.721786,-0.038569,0.889232,0.052547,0.452789,15.403869,1.958069,33.629124
123,1.025,-0.03509,0.94089,0.049901,0.333172,-1.620314,85.323837,18.527508,-0.049638,0.960871,0.101822,0.252774,-2.383949,92.958084,19.069921,-0.022548,0.967469,0.11779,0.222755,-5.490337,113.566208,22.677858,0.109902,0.984226,-0.036855,0.13365,-7.504138,133.917587,27.243168,0.171729,0.967851,-0.181867,0.026412,-3.737278,147.874466,24.811661,-0.024367,0.913105,0.0953,0.395681,-10.757774,128.269318,24.881687,0.43743,-0.519868,0.136162,-0.721007,-22.748428,128.809982,12.164346,0.283536,0.116684,-0.46732,-0.829219,-12.26006,112.641167,-3.492339,0.350611,0.200822,-0.552449,-0.72907,1.959024,134.956604,-5.388827,-0.028197,0.96035,0.162764,0.224588,-4.059243,128.203445,28.130135,0.343755,0.894984,0.152559,-0.239921,11.635963,127.872025,35.834007,-0.00325,0.231502,0.458853,-0.857817,27.73978,114.411118,22.566019,-0.009512,-0.01254,0.671971,-0.740411,16.196262,133.712463,12.919407,0.049595,0.916008,0.208196,0.339299,-8.894688,85.016357,12.61388,0.102302,0.978959,-0.035513,0.172952,-7.06725,52.094532,-2.429229,-0.041996,0.948997,0.064931,0.305656,-17.178709,5.645523,-0.805108,-0.108035,0.935124,0.001139,0.337448,5.65406,85.63131,24.441135,0.027799,0.897017,-0.190478,0.397877,13.004661,50.235413,27.006432,-0.038201,0.889214,0.052588,0.45285,3.422994,6.195796,42.208218,-0.041996,0.948997,0.064931,0.305656,-8.365108,1.716676,-12.72218,-0.038201,0.889214,0.052588,0.45285,15.402341,1.953061,33.627628
124,1.033333,-0.035096,0.940889,0.049923,0.333172,-1.621378,85.320488,18.530159,-0.049598,0.960878,0.101797,0.252766,-2.385211,92.954697,19.072857,-0.02254,0.967474,0.117772,0.222747,-5.489843,113.564095,22.68042,0.109912,0.984223,-0.036923,0.133649,-7.503136,133.915665,27.245087,0.171677,0.967847,-0.18194,0.02641,-3.73578,147.872086,24.811689,-0.024373,0.913137,0.095285,0.39561,-10.756933,128.267395,24.88386,0.43736,-0.519907,0.136141,-0.721026,-22.749552,128.807388,12.168348,0.283438,0.116485,-0.467355,-0.829261,-12.262904,112.640152,-3.491117,0.350555,0.200625,-0.552519,-0.729098,1.956884,134.954529,-5.394198,-0.028112,0.960367,0.162808,0.224495,-4.058342,128.201477,28.132175,0.343745,0.894955,0.15262,-0.240005,11.638488,127.867439,35.832611,-0.003275,0.231446,0.458889,-0.857813,27.740616,114.408806,22.560268,-0.009459,-0.012449,0.67212,-0.740277,16.197338,133.712097,12.916468,0.049549,0.916024,0.208263,0.339222,-8.895744,85.013046,12.616526,0.102333,0.978992,-0.035507,0.172748,-7.064866,52.092899,-2.429844,-0.041925,0.948997,0.065003,0.305651,-17.178715,5.644441,-0.804728,-0.108092,0.935072,0.001308,0.337571,5.652989,85.627922,24.443792,0.027824,0.896971,-0.190586,0.397927,13.011247,50.23296,27.000015,-0.038674,0.889268,0.052431,0.452722,3.422558,6.197378,42.209064,-0.041925,0.948997,0.065003,0.305651,-8.365763,1.716925,-12.722714,-0.038674,0.889268,0.052431,0.452722,15.403074,1.956914,33.628998
125,1.041667,-0.035127,0.940884,0.049997,0.333173,-1.621506,85.316986,18.533127,-0.049499,0.960897,0.10183,0.252699,-2.386168,92.95105,19.076727,-0.022642,0.967495,0.117696,0.222685,-5.486763,113.559792,22.686773,0.109936,0.984239,-0.036898,0.133516,-7.503194,133.911926,27.247581,0.171777,0.967832,-0.18196,0.026177,-3.735822,147.868378,24.814411,-0.024383,0.9131,0.095308,0.39569,-10.756231,128.262589,24.88781,0.437363,-0.520029,0.136022,-0.720959,-22.746605,128.802902,12.170187,0.283305,0.116407,-0.467405,-0.829289,-12.26462,112.63765,-3.494467,0.350451,0.20044,-0.552608,-0.729131,1.95403,134.953537,-5.398324,-0.028078,0.960381,0.162875,0.224392,-4.0573,128.198532,28.135468,0.343695,0.894938,0.152749,-0.240057,11.641218,127.863396,35.832424,-0.003261,0.231361,0.458864,-0.857849,27.743805,114.409195,22.556139,-0.009436,-0.01243,0.672198,-0.740207,16.197338,133.712341,12.915051,0.049559,0.915993,0.208401,0.33922,-8.89582,85.009453,12.61943,0.102358,0.978963,-0.035581,0.172883,-7.062153,52.09354,-2.435857,-0.042078,0.948986,0.064923,0.305679,-17.179735,5.646077,-0.805645,-0.108147,0.935019,0.001515,0.337699,5.652808,85.624519,24.446825,0.027822,0.896886,-0.190726,0.398052,13.019435,50.230453,26.991337,-0.038148,0.889238,0.052535,0.452814,3.42361,6.199941,42.210552,-0.042078,0.948986,0.064923,0.305679,-8.364824,1.717804,-12.721938,-0.038148,0.889238,0.052535,0.452814,15.40162,1.955087,33.62915
126,1.05,-0.035127,0.940878,0.050043,0.333183,-1.622016,85.312553,18.535185,-0.049461,0.960911,0.101803,0.252666,-2.386922,92.946541,19.079451,-0.022608,0.967506,0.117705,0.222635,-5.485718,113.556862,22.689121,0.109985,0.984241,-0.036904,0.133461,-7.500635,133.908966,27.250723,0.171705,0.967825,-0.182078,0.026083,-3.732111,147.865067,24.817326,-0.024772,0.912753,0.095764,0.396357,-10.754212,128.259857,24.89115,0.437025,-0.520208,0.136373,-0.720968,-22.72546,128.796555,12.155366,0.282812,0.116474,-0.467636,-0.829318,-12.257465,112.623535,-3.510621,0.350337,0.200328,-0.552701,-0.729147,1.951173,134.951813,-5.402903,-0.028086,0.960387,0.162922,0.224332,-4.054928,128.195374,28.138069,0.343739,0.894891,0.152841,-0.240109,11.644514,127.860466,35.833153,-0.003357,0.231439,0.458923,-0.857796,27.74435,114.406624,22.553179,-0.009557,-0.012292,0.671951,-0.740432,16.202944,133.711166,12.912094,0.049546,0.915986,0.208525,0.339164,-8.896203,85.005325,12.621315,0.102376,0.978987,-0.035616,0.17273,-7.059398,52.093063,-2.441586,-0.04201,0.948987,0.064937,0.305682,-17.178949,5.646184,-0.80684,-0.1082,0.935027,0.001672,0.337661,5.65217,85.619774,24.449055,0.027862,0.896886,-0.190839,0.397995,13.026274,50.226582,26.983917,-0.038743,0.889292,0.052334,0.452681,3.42374,6.200397,42.211426,-0.04201,0.948987,0.064937,0.305682,-8.364558,1.71766,-12.723435,-0.038743,0.889292,0.052334,0.452681,15.403739,1.958331,33.63142
127,1.058333,-0.035097,0.940876,0.050061,0.333189,-1.624638,85.306992,18.538399,-0.049425,0.960915,0.101754,0.252676,-2.389193,92.940987,19.083065,-0.022575,0.96751,0.117661,0.222647,-5.486298,113.553452,22.69141,0.109984,0.984242,-0.036969,0.133433,-7.499496,133.906052,27.251524,0.171733,0.967813,-0.182121,0.026024,-3.730892,147.861786,24.816183,-0.024362,0.913097,0.095228,0.395717,-10.753534,128.257065,24.892307,0.43721,-0.520168,0.136024,-0.720951,-22.743219,128.797012,12.174016,0.283039,0.116176,-0.467503,-0.829357,-12.268468,112.632706,-3.496429,0.350232,0.200279,-0.55282,-0.72912,1.947985,134.949188,-5.404882,-0.028076,0.960401,0.162896,0.224294,-4.054305,128.192215,28.139332,0.343757,0.894875,0.152761,-0.240198,11.645765,127.857437,35.833138,-0.003305,0.231362,0.458943,-0.857807,27.742889,114.402817,22.550655,-0.009482,-0.012386,0.672126,-0.740273,16.200621,133.707764,12.911542,0.049526,0.915975,0.208687,0.339098,-8.898787,85.00042,12.624449,0.102369,0.97899,-0.035676,0.172702,-7.057631,52.092922,-2.448316,-0.041951,0.948998,0.064957,0.305652,-17.177427,5.646306,-0.807567,-0.108312,0.935019,0.001894,0.337646,5.649512,85.613564,24.452349,0.027953,0.896902,-0.190967,0.397891,13.036614,50.222183,26.974817,-0.038156,0.889258,0.052455,0.452783,3.42335,6.201133,42.210396,-0.041951,0.948998,0.064957,0.305652,-8.364292,1.717752,-12.725083,-0.038156,0.889258,0.052455,0.452783,15.400556,1.954281,33.628853
128,1.066667,-0.035056,0.940873,0.05017,0.333185,-1.626793,85.299324,18.540621,-0.049374,0.960924,0.101691,0.252677,-2.391318,92.933197,19.087076,-0.022564,0.967519,0.117574,0.222653,-5.486164,113.549385,22.693966,0.110028,0.984233,-0.037028,0.133446,-7.498141,133.902878,27.250698,0.171694,0.967805,-0.182202,0.026017,-3.728054,147.857971,24.813904,-0.024618,0.912789,0.095629,0.396314,-10.752509,128.253693,24.892387,0.436998,-0.520324,0.13638,-0.720899,-22.725201,128.793289,12.158082,0.282686,0.116319,-0.467663,-0.829367,-12.263312,112.618675,-3.510328,0.350092,0.200304,-0.552869,-0.729143,1.945186,134.945221,-5.406336,-0.028034,0.960411,0.162839,0.224296,-4.05331,128.188965,28.139479,0.343817,0.894848,0.152663,-0.240272,11.646814,127.853203,35.833138,-0.003304,0.231306,0.459015,-0.857783,27.740133,114.395752,22.54891,-0.009438,-0.012571,0.672128,-0.740268,16.199564,133.703644,12.912176,0.049566,0.915939,0.208871,0.339074,-8.901058,84.994148,12.626739,0.102352,0.97897,-0.035801,0.172802,-7.058285,52.092518,-2.458632,-0.041954,0.949008,0.0649,0.305635,-17.178711,5.646422,-0.807028,-0.108393,0.935028,0.002003,0.337592,5.647472,85.6045,24.454502,0.028023,0.896917,-0.191026,0.397824,13.042789,50.214428,26.971138,-0.03808,0.889259,0.052617,0.45277,3.422471,6.195894,42.209538,-0.041954,0.949008,0.0649,0.305635,-8.366081,1.716297,-12.724398,-0.03808,0.889259,0.052617,0.45277,15.399345,1.952251,33.62595
129,1.075,-0.035029,0.940889,0.050113,0.333152,-1.629369,85.292671,18.545719,-0.049351,0.960938,0.101653,0.252646,-2.393184,92.926666,19.091518,-0.022501,0.967532,0.117545,0.22262,-5.486796,113.544678,22.697479,0.110056,0.984234,-0.037125,0.133387,-7.495794,133.898575,27.253712,0.171685,0.967796,-0.182272,0.025939,-3.724851,147.852921,24.814034,-0.024771,0.912764,0.095704,0.396345,-10.751081,128.249741,24.895859,0.436882,-0.520368,0.136389,-0.720936,-22.722651,128.785599,12.160346,0.282502,0.116286,-0.467733,-0.829395,-12.263184,112.612465,-3.511202,0.349947,0.20033,-0.552865,-0.729209,1.942436,134.941391,-5.404977,-0.028013,0.960436,0.162761,0.224248,-4.051619,128.184265,28.142393,0.343868,0.894806,0.152713,-0.240326,11.649289,127.848694,35.834457,-0.003174,0.231151,0.459027,-0.857819,27.739578,114.390717,22.547098,-0.009379,-0.012798,0.672164,-0.740232,16.196255,133.69809,12.913713,0.049457,0.915967,0.209074,0.338891,-8.904078,84.987587,12.632381,0.102368,0.978954,-0.035856,0.172869,-7.05194,52.091305,-2.463505,-0.041989,0.949035,0.064877,0.30555,-17.174789,5.645889,-0.807748,-0.108488,0.935066,0.0022,0.337457,5.645339,85.597763,24.459059,0.02812,0.896933,-0.191133,0.397729,13.052183,50.209236,26.963594,-0.038598,0.889291,0.052412,0.452686,3.421195,6.195095,42.207943,-0.041989,0.949035,0.064877,0.30555,-8.363961,1.71539,-12.726325,-0.038598,0.889291,0.052412,0.452686,15.40029,1.95311,33.62664
130,1.083333,-0.034962,0.940876,0.050135,0.333191,-1.633287,85.285393,18.550282,-0.049284,0.960953,0.101604,0.252619,-2.396273,92.919418,19.096718,-0.022504,0.967556,0.11741,0.222583,-5.486545,113.538063,22.701511,0.110112,0.984225,-0.037158,0.133399,-7.494267,133.893265,27.252419,0.171632,0.967794,-0.182326,0.025961,-3.721581,147.847031,24.812078,-0.024721,0.912743,0.095782,0.396377,-10.749991,128.243942,24.896332,0.43693,-0.520438,0.136355,-0.720863,-22.72077,128.782623,12.160191,0.282483,0.116374,-0.467723,-0.829395,-12.264435,112.608429,-3.512353,0.349872,0.200389,-0.552902,-0.729201,1.940678,134.938217,-5.401665,-0.028055,0.960435,0.162766,0.224244,-4.050284,128.179031,28.142374,0.343937,0.894785,0.152553,-0.240405,11.650601,127.844894,35.834549,-0.003214,0.231059,0.459101,-0.857804,27.736647,114.382889,22.546139,-0.00928,-0.012978,0.6721,-0.740289,16.194323,133.693863,12.917545,0.049502,0.915903,0.209289,0.338923,-8.907592,84.981667,12.636374,0.102378,0.978916,-0.03599,0.173051,-7.052432,52.092216,-2.474023,-0.041876,0.94903,0.064798,0.305598,-17.178749,5.647924,-0.807845,-0.10862,0.935042,0.00246,0.337479,5.641017,85.589111,24.464188,0.028208,0.896952,-0.191296,0.397602,13.062986,50.202751,26.954496,-0.03841,0.8893,0.05246,0.45268,3.420569,6.195042,42.21019,-0.041876,0.94903,0.064798,0.305598,-8.367936,1.714166,-12.725361,-0.03841,0.8893,0.05246,0.45268,15.398066,1.951727,33.6273
131,1.091667,-0.03501,0.940871,0.050218,0.333189,-1.633846,85.278442,18.554806,-0.049241,0.960959,0.101541,0.252632,-2.397946,92.912285,19.102184,-0.02247,0.967556,0.117393,0.222599,-5.486186,113.533997,22.705269,0.110201,0.984219,-0.037198,0.133361,-7.492429,133.889435,27.255779,0.171631,0.967782,-0.182408,0.025839,-3.717275,147.842377,24.814495,-0.024666,0.912736,0.095677,0.396423,-10.748535,128.240341,24.899708,0.436848,-0.520459,0.136405,-0.720888,-22.718117,128.779465,12.162465,0.282386,0.116409,-0.467749,-0.829409,-12.263564,112.604965,-3.510967,0.349806,0.200456,-0.552911,-0.729207,1.939992,134.936432,-5.396643,-0.027972,0.960463,0.162694,0.224184,-4.048917,128.174942,28.145922,0.343921,0.894784,0.152577,-0.240417,11.653068,127.838943,35.835766,-0.003213,0.230923,0.459074,-0.857855,27.739357,114.378036,22.546543,-0.009238,-0.013194,0.671948,-0.740424,16.192589,133.689362,12.922875,0.049434,0.915914,0.20948,0.338788,-8.908117,84.97438,12.640877,0.102426,0.978916,-0.036068,0.173006,-7.045869,52.090252,-2.480216,-0.0419,0.949032,0.064828,0.305582,-17.177794,5.647436,-0.807118,-0.108653,0.934951,0.002668,0.337718,5.640425,85.582497,24.468737,0.028165,0.89682,-0.191391,0.397856,13.069068,50.196743,26.947651,-0.038515,0.889295,0.052481,0.452677,3.422477,6.192267,42.210007,-0.0419,0.949032,0.064828,0.305582,-8.3671,1.714721,-12.725065,-0.038515,0.889295,0.052481,0.452677,15.400931,1.950949,33.627476
132,1.1,-0.035103,0.940856,0.050332,0.333202,-1.632095,85.272255,18.558191,-0.049226,0.960956,0.101488,0.252668,-2.398137,92.905823,19.10673,-0.022421,0.967554,0.117334,0.222642,-5.485661,113.530159,22.708099,0.110253,0.984209,-0.037269,0.133373,-7.489584,133.886261,27.256628,0.171676,0.967763,-0.182469,0.025814,-3.712694,147.838425,24.813604,-0.024678,0.912791,0.095636,0.396304,-10.746252,128.237381,24.900824,0.436773,-0.520444,0.136408,-0.720944,-22.719114,128.775101,12.166604,0.282322,0.116436,-0.467727,-0.829439,-12.263786,112.602386,-3.508165,0.34973,0.200511,-0.552885,-0.729248,1.940685,134.93396,-5.390598,-0.027929,0.960469,0.162692,0.224168,-4.046884,128.171417,28.147543,0.34395,0.894769,0.152633,-0.240395,11.655444,127.834068,35.836628,-0.003164,0.230789,0.459074,-0.857892,27.74128,114.37262,22.54739,-0.009152,-0.01328,0.671938,-0.740432,16.19105,133.684845,12.927496,0.049456,0.915936,0.209656,0.338613,-8.906078,84.967293,12.643952,0.102437,0.978872,-0.036197,0.173225,-7.043709,52.088673,-2.489115,-0.04205,0.949044,0.064771,0.305536,-17.179016,5.646929,-0.806526,-0.108724,0.934928,0.00292,0.337759,5.641888,85.577225,24.472429,0.028216,0.896767,-0.191566,0.39789,13.081331,50.192688,26.936335,-0.038014,0.88927,0.052546,0.452761,3.423288,6.194827,42.210522,-0.04205,0.949044,0.064771,0.305536,-8.368155,1.71402,-12.724288,-0.038014,0.88927,0.052546,0.452761,15.399161,1.94842,33.626904
133,1.108333,-0.035015,0.940865,0.050314,0.333191,-1.636473,85.267113,18.564959,-0.049159,0.960965,0.101455,0.252658,-2.401137,92.90081,19.113699,-0.022399,0.967566,0.117237,0.222642,-5.485604,113.526085,22.714554,0.110294,0.984207,-0.037308,0.133344,-7.487737,133.883194,27.259418,0.171743,0.967733,-0.182578,0.025736,-3.709697,147.834854,24.815331,-0.024672,0.91279,0.095559,0.396326,-10.744907,128.234161,24.90465,0.436755,-0.520449,0.136433,-0.720946,-22.717175,128.771088,12.169841,0.282271,0.116449,-0.467738,-0.829448,-12.26249,112.597801,-3.504737,0.34962,0.200599,-0.55284,-0.72931,1.941125,134.929749,-5.385425,-0.027887,0.960484,0.162662,0.224128,-4.045528,128.168198,28.151342,0.344074,0.894731,0.152559,-0.240406,11.657511,127.829933,35.838924,-0.003085,0.230782,0.459137,-0.85786,27.738819,114.362808,22.549969,-0.009151,-0.013425,0.671774,-0.740578,16.191502,133.675644,12.929164,0.049451,0.915891,0.209848,0.338619,-8.910713,84.963577,12.650969,0.102451,0.978856,-0.036249,0.173293,-7.043044,52.090763,-2.49404,-0.041835,0.949021,0.06478,0.305635,-17.180603,5.649662,-0.807492,-0.10887,0.934849,0.003201,0.337926,5.637767,85.570648,24.478951,0.028341,0.896796,-0.191702,0.39775,13.0934,50.188541,26.928759,-0.03843,0.889312,0.052406,0.45266,3.42206,6.196308,42.210739,-0.041835,0.949021,0.06478,0.305635,-8.369301,1.715019,-12.72435,-0.03843,0.889312,0.052406,0.45266,15.399155,1.951861,33.627865
134,1.116667,-0.034999,0.940862,0.050235,0.333213,-1.640103,85.25959,18.571608,-0.049087,0.960977,0.101375,0.252658,-2.404143,92.893425,19.119268,-0.022323,0.967575,0.117192,0.222634,-5.484965,113.52034,22.717813,0.110328,0.984206,-0.037366,0.133306,-7.483587,133.878021,27.261606,0.171782,0.967708,-0.182684,0.025667,-3.704538,147.829117,24.815849,-0.024633,0.912809,0.095492,0.396301,-10.741773,128.229401,24.90727,0.436372,-0.520425,0.136725,-0.72114,-22.714796,128.766556,12.173174,0.282056,0.116365,-0.467719,-0.829544,-12.262804,112.591919,-3.501823,0.349557,0.200698,-0.552819,-0.729329,1.943625,134.924118,-5.380083,-0.027834,0.960497,0.162563,0.22415,-4.042287,128.162521,28.153728,0.344192,0.894638,0.153204,-0.240175,11.660513,127.823128,35.841763,-0.002523,0.230513,0.459103,-0.857952,27.743309,114.35833,22.552248,-0.008986,-0.013622,0.671785,-0.740567,16.189388,133.663757,12.929894,0.049341,0.915903,0.210084,0.338455,-8.914083,84.955864,12.657301,0.102527,0.978883,-0.036285,0.173087,-7.035837,52.089428,-2.500251,-0.04181,0.949017,0.064733,0.305661,-17.180677,5.65007,-0.809544,-0.108888,0.93474,0.003573,0.33822,5.633877,85.563309,24.485914,0.028216,0.89658,-0.19185,0.398172,13.099032,50.181664,26.913288,-0.038274,0.889294,0.0525,0.452697,3.42562,6.194168,42.207603,-0.04181,0.949017,0.064733,0.305661,-8.369075,1.713883,-12.725674,-0.038274,0.889294,0.0525,0.452697,15.402391,1.950068,33.624096
135,1.125,-0.034974,0.940853,0.050207,0.333246,-1.640634,85.254013,18.576839,-0.049112,0.960963,0.101459,0.252674,-2.40419,92.887917,19.124203,-0.022213,0.967597,0.117,0.222652,-5.487002,113.514198,22.725811,0.110349,0.984202,-0.037455,0.13329,-7.47949,133.873978,27.26293,0.171872,0.967675,-0.182779,0.025623,-3.699648,147.824417,24.814667,-0.024582,0.91282,0.095423,0.396295,-10.739367,128.225571,24.910416,0.436338,-0.520406,0.136837,-0.721154,-22.712654,128.763367,12.176604,0.282008,0.116321,-0.467711,-0.82957,-12.261195,112.585938,-3.495857,0.349461,0.200664,-0.552765,-0.729425,1.946145,134.917496,-5.374552,-0.027792,0.96051,0.16248,0.22416,-4.039929,128.15773,28.156948,0.344438,0.894554,0.15309,-0.240207,11.662792,127.817551,35.845097,-0.0024,0.230546,0.459291,-0.857843,27.736399,114.342117,22.555239,-0.008805,-0.013487,0.671736,-0.740616,16.191662,133.651611,12.929986,0.04933,0.915913,0.210206,0.338355,-8.914241,84.9506,12.662064,0.102543,0.978885,-0.036296,0.173064,-7.033844,52.087807,-2.503112,-0.04188,0.949017,0.064686,0.30566,-17.180267,5.64883,-0.811423,-0.108956,0.934705,0.003835,0.33829,5.632972,85.557434,24.491615,0.028224,0.896493,-0.191946,0.398322,13.108885,50.176991,26.903435,-0.037954,0.889258,0.052476,0.452797,3.428625,6.193051,42.20364,-0.04188,0.949017,0.064686,0.30566,-8.36812,1.711968,-12.726921,-0.037954,0.889258,0.052476,0.452797,15.404396,1.944005,33.621193
136,1.133333,-0.034997,0.94085,0.050214,0.333249,-1.642695,85.246742,18.583191,-0.049058,0.960968,0.101401,0.25269,-2.406618,92.880608,19.130537,-0.022177,0.9676,0.116932,0.222677,-5.48701,113.50975,22.730742,0.110474,0.984181,-0.037585,0.133308,-7.477502,133.87027,27.265415,0.171921,0.967649,-0.182875,0.025611,-3.693647,147.819077,24.814039,-0.024547,0.912801,0.095343,0.39636,-10.737888,128.221939,24.913424,0.436288,-0.520429,0.136923,-0.721151,-22.709438,128.759949,12.177987,0.281982,0.116357,-0.467681,-0.829591,-12.260333,112.580254,-3.493707,0.349421,0.200748,-0.552721,-0.729455,1.948327,134.911743,-5.369666,-0.027736,0.960523,0.16238,0.224187,-4.03859,128.153748,28.160238,0.344561,0.894532,0.152978,-0.240183,11.66381,127.812317,35.848991,-0.002296,0.230701,0.459349,-0.857771,27.733772,114.330269,22.561438,-0.008818,-0.013319,0.671774,-0.740584,16.195566,133.638657,12.928542,0.049331,0.915864,0.210407,0.338361,-8.91623,84.94297,12.668344,0.102583,0.978859,-0.036391,0.173167,-7.030735,52.086319,-2.509496,-0.041883,0.949019,0.064695,0.305653,-17.182577,5.648783,-0.810699,-0.10904,0.934674,0.00405,0.338346,5.630841,85.550514,24.498037,0.028347,0.896558,-0.192048,0.398118,13.117523,50.171532,26.897816,-0.037928,0.889263,0.052477,0.45279,3.426509,6.191978,42.203808,-0.041883,0.949019,0.064695,0.305653,-8.370543,1.712205,-12.726374,-0.037928,0.889263,0.052477,0.45279,15.401915,1.942597,33.621017
137,1.141667,-0.034965,0.940839,0.050248,0.33328,-1.6442,85.242638,18.589348,-0.048948,0.96097,0.101281,0.252753,-2.407853,92.87648,19.13732,-0.022184,0.967584,0.116913,0.222756,-5.483243,113.510551,22.734291,0.110579,0.984156,-0.037698,0.133374,-7.47423,133.871231,27.267986,0.171984,0.967599,-0.183074,0.025627,-3.68677,147.818619,24.814137,-0.024557,0.912856,0.095245,0.396256,-10.734301,128.22287,24.915644,0.436278,-0.520442,0.136951,-0.721142,-22.708719,128.758835,12.182817,0.282051,0.116368,-0.467593,-0.829616,-12.26069,112.578178,-3.488606,0.349473,0.200761,-0.552734,-0.729417,1.951753,134.906281,-5.364253,-0.027548,0.96053,0.162322,0.224219,-4.035533,128.154709,28.163551,0.344817,0.894445,0.152795,-0.240257,11.666734,127.807259,35.852303,-0.002234,0.230837,0.45957,-0.857616,27.726185,114.313721,22.563711,-0.008784,-0.013109,0.671963,-0.740417,16.200483,133.628021,12.925097,0.049296,0.915871,0.210552,0.338257,-8.917392,84.939667,12.674038,0.10261,0.978877,-0.036403,0.173046,-7.02763,52.0872,-2.512309,-0.04192,0.949015,0.064647,0.305671,-17.181917,5.65027,-0.811615,-0.109105,0.934611,0.004298,0.338496,5.628992,85.545601,24.504658,0.028367,0.896503,-0.19215,0.39819,13.125697,50.167801,26.890409,-0.037852,0.889262,0.052551,0.452789,3.427956,6.19207,42.203117,-0.04192,0.949015,0.064647,0.305671,-8.369194,1.712713,-12.726458,-0.037852,0.889262,0.052551,0.452789,15.402948,1.943593,33.619301
138,1.15,-0.034943,0.940809,0.05032,0.333355,-1.64559,85.238007,18.596485,-0.048917,0.960959,0.101282,0.252799,-2.409344,92.871765,19.145546,-0.022089,0.967595,0.116764,0.222797,-5.483632,113.505684,22.742731,0.110668,0.984143,-0.037743,0.133378,-7.469562,133.867996,27.271303,0.172058,0.96756,-0.18322,0.025562,-3.679423,147.814514,24.81654,-0.024534,0.912846,0.095167,0.396299,-10.73097,128.21991,24.920158,0.436159,-0.520461,0.137099,-0.721172,-22.70422,128.755676,12.18622,0.282027,0.116323,-0.467515,-0.829674,-12.259209,112.572159,-3.484261,0.349401,0.200894,-0.552621,-0.729501,1.957604,134.897461,-5.359781,-0.027501,0.960533,0.162265,0.224256,-4.032413,128.150803,28.168482,0.344928,0.894415,0.152816,-0.240194,11.669367,127.802002,35.85817,-0.002037,0.230964,0.459638,-0.857545,27.726513,114.303802,22.57151,-0.008679,-0.012889,0.672097,-0.7403,16.206806,133.617126,12.923934,0.049327,0.915822,0.21068,0.338305,-8.917868,84.935959,12.680004,0.102633,0.978855,-0.036444,0.173151,-7.026048,52.087624,-2.51504,-0.041818,0.949002,0.064663,0.30572,-17.18327,5.651423,-0.811953,-0.109229,0.934594,0.004509,0.3385,5.626688,85.540047,24.512966,0.028496,0.896525,-0.192269,0.398075,13.136832,50.164341,26.88756,-0.037881,0.889279,0.052481,0.452762,3.425536,6.193691,42.206276,-0.041818,0.949002,0.064663,0.30572,-8.370279,1.713363,-12.726434,-0.037881,0.889279,0.052481,0.452762,15.400007,1.943782,33.62244
139,1.158333,-0.034951,0.940786,0.050379,0.33341,-1.646367,85.234062,18.604099,-0.048864,0.960956,0.101206,0.252849,-2.410573,92.867729,19.153933,-0.022016,0.967593,0.116706,0.222842,-5.482096,113.502434,22.748434,0.110782,0.984126,-0.037885,0.133369,-7.464776,133.865448,27.27527,0.172145,0.967523,-0.183344,0.025489,-3.67102,147.810333,24.816925,-0.024519,0.91284,0.095096,0.396332,-10.727005,128.217743,24.924326,0.436039,-0.520467,0.137255,-0.721211,-22.699377,128.753128,12.18955,0.282012,0.116291,-0.467468,-0.829711,-12.256758,112.566734,-3.479554,0.349502,0.200816,-0.552579,-0.729505,1.963203,134.890823,-5.355227,-0.027418,0.960539,0.162161,0.224314,-4.028697,128.147705,28.173143,0.345134,0.894358,0.152745,-0.240158,11.672319,127.7966,35.864281,-0.001886,0.231099,0.459831,-0.857406,27.723295,114.289139,22.579584,-0.008433,-0.012635,0.672124,-0.740283,16.215593,133.605225,12.924788,0.049356,0.915782,0.210803,0.338332,-8.917949,84.932312,12.686748,0.102631,0.978854,-0.036475,0.173149,-7.024508,52.087952,-2.516674,-0.041817,0.949028,0.064641,0.305644,-17.182095,5.651936,-0.810704,-0.109319,0.934536,0.004713,0.33863,5.625214,85.535812,24.521452,0.02855,0.896502,-0.192323,0.398097,13.146021,50.161659,26.885479,-0.037753,0.889267,0.05259,0.452784,3.427782,6.193247,42.206211,-0.041817,0.949028,0.064641,0.305644,-8.371004,1.713202,-12.726365,-0.037753,0.889267,0.05259,0.452784,15.401944,1.944441,33.621399
140,1.166667,-0.03488,0.940757,0.05033,0.333505,-1.650154,85.229324,18.612553,-0.048812,0.960946,0.101161,0.252917,-2.413141,92.863136,19.161964,-0.021909,0.967598,0.116566,0.222904,-5.482619,113.500336,22.755339,0.110654,0.984131,-0.038119,0.133374,-7.459939,133.864929,27.277452,0.172385,0.967469,-0.183397,0.025548,-3.66896,147.809311,24.811987,-0.024452,0.912864,0.094945,0.396317,-10.723547,128.217621,24.927443,0.436026,-0.520475,0.137384,-0.721188,-22.69643,128.752975,12.193151,0.282095,0.116201,-0.467373,-0.829748,-12.25602,112.562286,-3.472988,0.349529,0.200785,-0.552576,-0.729503,1.969942,134.882645,-5.353041,-0.027289,0.96055,0.162024,0.224382,-4.025581,128.146393,28.176939,0.345308,0.894301,0.152836,-0.24006,11.674621,127.791679,35.869576,-0.001681,0.23125,0.459946,-0.857304,27.721945,114.277794,22.587013,-0.00847,-0.012464,0.672313,-0.740113,16.223288,133.593338,12.92282,0.049268,0.915749,0.210944,0.338347,-8.920635,84.928635,12.693795,0.102717,0.978873,-0.036444,0.173002,-7.01757,52.087952,-2.516378,-0.041758,0.949017,0.064556,0.305706,-17.182266,5.653393,-0.813247,-0.109393,0.934508,0.004995,0.338678,5.620327,85.530022,24.531307,0.028563,0.896451,-0.192409,0.398169,13.152883,50.157242,26.878395,-0.038458,0.889326,0.052305,0.452642,3.429148,6.192059,42.204891,-0.041758,0.949017,0.064556,0.305706,-8.370393,1.71175,-12.727364,-0.038458,0.889326,0.052305,0.452642,15.405771,1.945316,33.62249
141,1.175,-0.034867,0.940733,0.050308,0.333578,-1.652806,85.224564,18.621696,-0.048679,0.960945,0.101118,0.252964,-2.415529,92.858421,19.170792,-0.021802,0.967601,0.116474,0.222952,-5.47927,113.496056,22.763681,0.110834,0.984105,-0.038229,0.133383,-7.451628,133.861725,27.283064,0.172363,0.96744,-0.183586,0.025459,-3.655213,147.80423,24.815237,-0.024464,0.912892,0.094831,0.396279,-10.716536,128.214996,24.933544,0.435972,-0.520521,0.137451,-0.721175,-22.690464,128.74823,12.200139,0.282127,0.116115,-0.467318,-0.829781,-12.253336,112.555626,-3.46621,0.349624,0.200706,-0.552543,-0.729504,1.976318,134.873016,-5.34981,-0.027216,0.960557,0.16192,0.224437,-4.018815,128.142426,28.183517,0.345497,0.894227,0.152737,-0.240126,11.680664,127.785751,35.877537,-0.001153,0.230973,0.460031,-0.857334,27.719923,114.264038,22.593191,-0.00805,-0.012552,0.673442,-0.73909,16.217827,133.579437,12.927568,0.049225,0.915701,0.211086,0.338395,-8.922389,84.924049,12.701827,0.102778,0.978876,-0.036456,0.172942,-7.012062,52.087391,-2.516129,-0.041804,0.949033,0.064486,0.305665,-17.182465,5.654106,-0.812207,-0.109448,0.934498,0.005211,0.338684,5.616778,85.525078,24.541565,0.028564,0.89637,-0.192425,0.398345,13.158319,50.153339,26.875439,-0.038329,0.889287,0.052388,0.452721,3.430847,6.188741,42.201263,-0.041804,0.949033,0.064486,0.305665,-8.371287,1.710895,-12.726325,-0.038329,0.889287,0.052388,0.452721,15.408143,1.942471,33.619568
142,1.183333,-0.034853,0.9407,0.050261,0.33368,-1.656655,85.21981,18.632576,-0.048607,0.960947,0.101023,0.253008,-2.418995,92.85376,19.180984,-0.021692,0.967613,0.116337,0.222979,-5.478995,113.492607,22.7707,0.110774,0.984118,-0.038347,0.133305,-7.445774,133.859833,27.285591,0.172704,0.967378,-0.183604,0.025365,-3.650961,147.802048,24.813848,-0.024381,0.912907,0.09468,0.396286,-10.712197,128.21347,24.93721,0.435891,-0.520537,0.13759,-0.721186,-22.686062,128.747269,12.203771,0.282163,0.116005,-0.467204,-0.829848,-12.251637,112.551353,-3.460953,0.349675,0.200586,-0.552477,-0.729563,1.984487,134.86319,-5.348081,-0.027016,0.960566,0.161719,0.224566,-4.014589,128.139755,28.187387,0.345609,0.894182,0.152842,-0.240068,11.683244,127.777229,35.884495,-0.000972,0.230997,0.460121,-0.85728,27.72007,114.252159,22.600645,-0.007926,-0.012254,0.673924,-0.738657,16.222725,133.56778,12.930717,0.049257,0.915642,0.211263,0.338439,-8.924989,84.919373,12.71117,0.102772,0.978862,-0.036485,0.173022,-7.011539,52.088356,-2.51857,-0.041671,0.949038,0.06448,0.305669,-17.182001,5.655155,-0.812702,-0.109524,0.934447,0.005555,0.338795,5.611678,85.520256,24.553982,0.028607,0.896338,-0.192527,0.398363,13.166422,50.14999,26.86731,-0.038407,0.889299,0.052307,0.452699,3.431124,6.189379,42.199596,-0.041671,0.949038,0.06448,0.305669,-8.371985,1.710515,-12.727202,-0.038407,0.889299,0.052307,0.452699,15.408394,1.942025,33.618401
143,1.191667,-0.034866,0.940656,0.050306,0.333796,-1.659083,85.214355,18.643602,-0.048548,0.960945,0.10093,0.253064,-2.421902,92.848221,19.192505,-0.02153,0.967624,0.116228,0.223007,-5.479386,113.492493,22.779711,0.111029,0.984086,-0.038415,0.133313,-7.43871,133.861069,27.291723,0.1727,0.967341,-0.183812,0.025272,-3.63651,147.801132,24.819132,-0.024392,0.91289,0.094493,0.396368,-10.707181,128.215607,24.944077,0.435835,-0.520551,0.137761,-0.721177,-22.678766,128.746735,12.208378,0.282162,0.115876,-0.467166,-0.829888,-12.247438,112.545921,-3.453335,0.349701,0.200442,-0.552418,-0.729634,1.992244,134.85527,-5.345331,-0.026825,0.960572,0.161672,0.224596,-4.009655,128.139847,28.194376,0.345892,0.894116,0.152706,-0.239994,11.68807,127.771088,35.891411,-0.001017,0.231097,0.460329,-0.857141,27.716923,114.232376,22.611822,-0.00807,-0.012269,0.673834,-0.738737,16.230873,133.554703,12.940014,0.049187,0.91562,0.211414,0.338414,-8.925941,84.914108,12.720373,0.102869,0.978872,-0.036462,0.17291,-7.004489,52.087223,-2.517246,-0.041795,0.949028,0.064406,0.305698,-17.183367,5.655771,-0.81403,-0.109609,0.934453,0.005769,0.338748,5.607774,85.514603,24.566832,0.028674,0.89632,-0.192581,0.398372,13.173559,50.145866,26.867413,-0.038445,0.889311,0.05228,0.452676,3.430414,6.187582,42.201401,-0.041795,0.949028,0.064406,0.305698,-8.371614,1.710257,-12.726959,-0.038445,0.889311,0.05228,0.452676,15.407478,1.940035,33.620014
144,1.2,-0.034811,0.940627,0.05035,0.333878,-1.663353,85.211258,18.652225,-0.048447,0.960929,0.10086,0.25317,-2.425652,92.845116,19.201981,-0.021406,0.967612,0.116124,0.223122,-5.47863,113.489998,22.787062,0.111119,0.98406,-0.038571,0.133383,-7.432523,133.859802,27.295845,0.172749,0.967317,-0.18389,0.0253,-3.626979,147.798294,24.819487,-0.0238,0.913389,0.093821,0.395414,-10.702274,128.215042,24.948317,0.436148,-0.520393,0.137419,-0.721167,-22.701269,128.752228,12.238704,0.28273,0.115465,-0.466852,-0.829928,-12.257113,112.559036,-3.422341,0.349826,0.200354,-0.552353,-0.729648,1.999909,134.8479,-5.341161,-0.026704,0.960587,0.161558,0.224631,-4.005436,128.137665,28.199991,0.345975,0.894093,0.152792,-0.239903,11.691965,127.765564,35.897518,-0.000889,0.230978,0.460375,-0.857148,27.720142,114.223907,22.620117,-0.008029,-0.012257,0.67439,-0.73823,16.232883,133.548019,12.94982,0.049156,0.915578,0.211519,0.338468,-8.929255,84.912361,12.727758,0.102906,0.978832,-0.036473,0.173113,-7.002182,52.088451,-2.515577,-0.041646,0.949009,0.064455,0.305767,-17.18494,5.657786,-0.814088,-0.1097,0.934419,0.00598,0.338808,5.602549,85.510162,24.576691,0.028696,0.896285,-0.192619,0.398431,13.179427,50.143044,26.865679,-0.038314,0.889298,0.052444,0.452693,3.431966,6.186292,42.201279,-0.041646,0.949009,0.064455,0.305767,-8.372806,1.712273,-12.726731,-0.038314,0.889298,0.052444,0.452693,15.408817,1.941258,33.618355
145,1.208333,-0.034806,0.940601,0.050349,0.333952,-1.666166,85.209099,18.662313,-0.04834,0.960927,0.100751,0.253241,-2.428434,92.842957,19.212017,-0.021314,0.967606,0.116055,0.223194,-5.476324,113.490021,22.793812,0.111326,0.984033,-0.038629,0.133389,-7.426147,133.860672,27.300566,0.172867,0.967285,-0.183959,0.0252,-3.61457,147.797363,24.823427,-0.023597,0.913401,0.093678,0.395431,-10.696892,128.216431,24.953131,0.436491,-0.520435,0.137378,-0.720937,-22.695763,128.758179,12.243588,0.283006,0.115429,-0.46674,-0.829902,-12.253167,112.558258,-3.411548,0.349831,0.200217,-0.552308,-0.729717,2.008945,134.841232,-5.33712,-0.026503,0.96058,0.161506,0.224721,-4.00047,128.137817,28.205639,0.346075,0.89406,0.15303,-0.239732,11.695883,127.758858,35.904972,-0.000868,0.230926,0.460467,-0.857113,27.724689,114.214897,22.630682,-0.008038,-0.012316,0.674257,-0.73835,16.241154,133.540466,12.963152,0.04916,0.91553,0.211614,0.338537,-8.931149,84.910355,12.736708,0.102922,0.978815,-0.036451,0.173202,-7.000798,52.089405,-2.512568,-0.0416,0.948996,0.064457,0.305813,-17.184851,5.65891,-0.814282,-0.109788,0.934347,0.00618,0.338976,5.598817,85.507835,24.587917,0.028764,0.896279,-0.192661,0.398421,13.186094,50.1423,26.866877,-0.038353,0.889314,0.05245,0.452658,3.431497,6.187445,42.203403,-0.0416,0.948996,0.064457,0.305813,-8.372005,1.713045,-12.726285,-0.038353,0.889314,0.05245,0.452658,15.408045,1.943087,33.619713
146,1.216667,-0.03478,0.940578,0.050377,0.334015,-1.66881,85.206749,18.672514,-0.048258,0.960927,0.100663,0.253293,-2.430881,92.840591,19.222704,-0.021228,0.967611,0.11593,0.223247,-5.474722,113.488792,22.801695,0.111471,0.984002,-0.038794,0.13345,-7.420152,133.860809,27.30414,0.172944,0.967257,-0.184026,0.025258,-3.603693,147.795517,24.823206,-0.023603,0.913426,0.093535,0.395407,-10.692021,128.216858,24.957577,0.436459,-0.520419,0.137491,-0.720946,-22.691549,128.756332,12.248555,0.283088,0.115362,-0.466639,-0.829941,-12.249699,112.553497,-3.404056,0.349978,0.200024,-0.552258,-0.729738,2.018826,134.833389,-5.332963,-0.02635,0.960576,0.161422,0.224817,-3.995893,128.137344,28.210663,0.346194,0.894034,0.153144,-0.239583,11.699237,127.753365,35.912247,-0.000842,0.230854,0.460572,-0.857076,27.727518,114.204773,22.64204,-0.008053,-0.012465,0.674342,-0.73827,16.247236,133.533356,12.977435,0.04921,0.915468,0.211692,0.338649,-8.933047,84.908714,12.745958,0.102895,0.978814,-0.036417,0.173234,-7.00217,52.090508,-2.509166,-0.041615,0.949006,0.064435,0.305786,-17.183287,5.659256,-0.813891,-0.109846,0.934313,0.006359,0.339047,5.595427,85.504784,24.59907,0.028797,0.89623,-0.192681,0.398518,13.190739,50.14032,26.867929,-0.038331,0.889298,0.052503,0.452684,3.43091,6.186381,42.203724,-0.041615,0.949006,0.064435,0.305786,-8.371012,1.712869,-12.726145,-0.038331,0.889298,0.052503,0.452684,15.407946,1.94312,33.620174
147,1.225,-0.034738,0.940562,0.05031,0.334074,-1.672654,85.203186,18.683832,-0.048067,0.960917,0.100676,0.253363,-2.433809,92.837181,19.233232,-0.021181,0.967614,0.115704,0.223356,-5.470035,113.484383,22.814318,0.111561,0.983975,-0.038954,0.133526,-7.411985,133.858673,27.307978,0.173017,0.967231,-0.184091,0.025283,-3.592134,147.791748,24.823206,-0.023274,0.913439,0.09316,0.395487,-10.684589,128.214478,24.963053,0.436437,-0.520444,0.137711,-0.7209,-22.682446,128.759521,12.252693,0.283199,0.115304,-0.466554,-0.829959,-12.24487,112.549149,-3.394975,0.350135,0.19996,-0.552207,-0.729718,2.028413,134.825317,-5.327787,-0.026237,0.960581,0.16128,0.22491,-3.989156,128.134842,28.217571,0.346374,0.893963,0.153228,-0.239535,11.704716,127.747643,35.921555,-0.000795,0.230772,0.460739,-0.857008,27.727913,114.192917,22.651484,-0.008068,-0.01266,0.674395,-0.738218,16.253639,133.52597,12.990281,0.049121,0.915412,0.211871,0.338702,-8.936203,84.905548,12.756413,0.103151,0.97868,-0.036403,0.173838,-6.993979,52.092216,-2.507746,-0.04155,0.948876,0.064217,0.306243,-17.19948,5.665886,-0.824369,-0.10992,0.934255,0.006571,0.339179,5.590896,85.500816,24.61125,0.028793,0.89617,-0.192691,0.398648,13.196084,50.137753,26.868683,-0.03797,0.889276,0.052629,0.452745,3.433982,6.184155,42.204041,-0.04155,0.948876,0.064217,0.306243,-8.37702,1.713025,-12.726934,-0.03797,0.889276,0.052629,0.452745,15.409454,1.93931,33.619095
148,1.233333,-0.034696,0.940526,0.050258,0.334187,-1.676603,85.200401,18.69504,-0.047923,0.960912,0.100594,0.253442,-2.436956,92.834518,19.243816,-0.02107,0.967611,0.115598,0.223431,-5.466748,113.482857,22.822937,0.111671,0.983949,-0.039105,0.133588,-7.403583,133.858368,27.313259,0.1731,0.967196,-0.184192,0.025329,-3.579903,147.789764,24.824923,-0.023095,0.913445,0.092912,0.395541,-10.677465,128.214722,24.968779,0.436344,-0.520445,0.137968,-0.720906,-22.674122,128.762207,12.25739,0.283215,0.115212,-0.466468,-0.830014,-12.240128,112.544975,-3.385557,0.350072,0.200021,-0.552205,-0.729734,2.038669,134.817688,-5.321195,-0.026122,0.960581,0.161143,0.225022,-3.982466,128.133728,28.224152,0.346574,0.893884,0.153395,-0.239435,11.709866,127.743111,35.931103,-0.000762,0.230766,0.460868,-0.856941,27.728601,114.182106,22.662056,-0.008288,-0.012748,0.67435,-0.738255,16.260374,133.51799,13.001423,0.04915,0.915354,0.211941,0.338809,-8.938788,84.903305,12.765924,0.103137,0.978701,-0.036349,0.173743,-6.994901,52.092339,-2.503106,-0.04155,0.948896,0.064237,0.306175,-17.19808,5.665362,-0.823581,-0.109962,0.934201,0.006763,0.339311,5.585582,85.49749,24.624157,0.028824,0.896162,-0.192662,0.398679,13.197931,50.135265,26.870668,-0.03841,0.889288,0.052588,0.452689,3.433773,6.18076,42.202106,-0.04155,0.948896,0.064237,0.306175,-8.377229,1.713037,-12.727514,-0.03841,0.889288,0.052588,0.452689,15.41191,1.940825,33.61845
149,1.241667,-0.034595,0.940515,0.050197,0.334238,-1.682256,85.200264,18.706026,-0.047822,0.960903,0.100533,0.253519,-2.440866,92.834587,19.254395,-0.020907,0.967611,0.115458,0.223519,-5.466003,113.482498,22.831657,0.111729,0.983933,-0.039245,0.13361,-7.395335,133.859665,27.317762,0.173336,0.967147,-0.184228,0.025333,-3.56947,147.789795,24.825808,-0.022976,0.913444,0.092789,0.395578,-10.671144,128.216858,24.973927,0.436392,-0.520427,0.138113,-0.720862,-22.666962,128.766586,12.261847,0.283325,0.115192,-0.466367,-0.830036,-12.233998,112.54361,-3.375815,0.350153,0.199872,-0.552109,-0.729808,2.049321,134.81163,-5.313317,-0.025976,0.96057,0.161112,0.225109,-3.976624,128.13382,28.230234,0.346701,0.89384,0.153798,-0.239153,11.714593,127.73806,35.939186,-0.000659,0.230719,0.460931,-0.856919,27.735632,114.174782,22.675241,-0.008437,-0.01278,0.674352,-0.738251,16.268528,133.512863,13.01395,0.049129,0.915313,0.211999,0.338886,-8.943931,84.904617,12.776214,0.103152,0.978719,-0.036239,0.173654,-6.995919,52.095287,-2.495811,-0.041609,0.948886,0.064134,0.30622,-17.198547,5.667841,-0.825771,-0.110046,0.934156,0.006968,0.339403,5.579418,85.495911,24.635839,0.028814,0.896078,-0.192665,0.398867,13.202169,50.135223,26.871305,-0.03837,0.889288,0.052604,0.45269,3.435551,6.180784,42.201351,-0.041609,0.948886,0.064134,0.30622,-8.376262,1.713187,-12.727869,-0.03837,0.889288,0.052604,0.45269,15.413419,1.940716,33.61739
150,1.25,-0.034555,0.940475,0.05018,0.334356,-1.687203,85.199524,18.716869,-0.047627,0.960897,0.100441,0.253614,-2.445212,92.833916,19.265112,-0.020827,0.967599,0.115381,0.22362,-5.461835,113.483551,22.84057,0.111863,0.983923,-0.039332,0.13355,-7.387695,133.861588,27.324127,0.17366,0.967088,-0.18426,0.025127,-3.558049,147.790298,24.829988,-0.022769,0.913389,0.092804,0.395714,-10.66426,128.219254,24.980282,0.436266,-0.520433,0.138473,-0.720865,-22.656652,128.776276,12.265283,0.283358,0.115157,-0.466253,-0.830094,-12.228968,112.54351,-3.365748,0.350213,0.199863,-0.552054,-0.729824,2.060831,134.808289,-5.303601,-0.02579,0.960561,0.161108,0.225172,-3.970367,128.135132,28.237856,0.346791,0.893819,0.153734,-0.239145,11.720208,127.73278,35.947781,-0.00075,0.230712,0.461039,-0.856863,27.738342,114.165077,22.684851,-0.008509,-0.012825,0.674526,-0.73809,16.275562,133.508102,13.026236,0.049134,0.915311,0.21198,0.338905,-8.947452,84.904625,12.785271,0.103144,0.978729,-0.036121,0.173625,-6.999951,52.094734,-2.485618,-0.041728,0.948874,0.064166,0.306234,-17.199881,5.666316,-0.826156,-0.110129,0.934094,0.007163,0.339541,5.573046,85.494423,24.648466,0.02884,0.896023,-0.192677,0.398982,13.205812,50.135273,26.873922,-0.03799,0.889253,0.052727,0.452775,3.434486,6.181428,42.202694,-0.041728,0.948874,0.064166,0.306234,-8.376068,1.713723,-12.727812,-0.03799,0.889253,0.052727,0.452775,15.411075,1.939449,33.617886
151,1.258333,-0.034469,0.940439,0.050136,0.334473,-1.69387,85.199684,18.728041,-0.047411,0.96089,0.100315,0.253731,-2.450491,92.834236,19.276001,-0.020707,0.967578,0.115338,0.223744,-5.457448,113.485649,22.848352,0.112102,0.98388,-0.039432,0.133639,-7.378603,133.864319,27.331078,0.173744,0.967045,-0.184405,0.02513,-3.541527,147.79071,24.835453,-0.02265,0.913351,0.092777,0.395814,-10.656223,128.222839,24.98661,0.436041,-0.520403,0.138835,-0.720953,-22.646013,128.783661,12.269332,0.283319,0.115117,-0.466179,-0.830154,-12.221786,112.543785,-3.356616,0.350296,0.199878,-0.551907,-0.72989,2.072265,134.806046,-5.293789,-0.025618,0.960555,0.161004,0.22529,-3.963084,128.136917,28.245682,0.346901,0.89377,0.153927,-0.239043,11.725934,127.728943,35.958469,-0.000692,0.230756,0.461149,-0.856792,27.742704,114.158714,22.696484,-0.008593,-0.012794,0.674617,-0.738007,16.285807,133.504196,13.03539,0.049194,0.91524,0.21201,0.339069,-8.952756,84.906151,12.794709,0.103097,0.978702,-0.036081,0.173816,-7.005723,52.097618,-2.479155,-0.041585,0.948873,0.064246,0.306242,-17.200924,5.667982,-0.824632,-0.110234,0.933996,0.007358,0.339774,5.565015,85.493217,24.661371,0.028869,0.895992,-0.192669,0.399053,13.20906,50.13596,26.878103,-0.038482,0.889287,0.05264,0.452677,3.434366,6.181991,42.204372,-0.041585,0.948873,0.064246,0.306242,-8.378098,1.716267,-12.727304,-0.038482,0.889287,0.05264,0.452677,15.413109,1.944393,33.620411
152,1.266667,-0.034395,0.940402,0.050145,0.334583,-1.699211,85.199509,18.740395,-0.047199,0.960879,0.100246,0.25384,-2.454864,92.834122,19.288769,-0.020627,0.967565,0.115214,0.223873,-5.452912,113.487244,22.860352,0.112532,0.983816,-0.039424,0.133749,-7.370248,133.867249,27.338633,0.173763,0.967011,-0.184573,0.025061,-3.520679,147.790649,24.84544,-0.02253,0.913332,0.092686,0.395886,-10.648659,128.226105,24.99448,0.436046,-0.520385,0.13896,-0.720939,-22.636652,128.789734,12.275635,0.283405,0.115165,-0.466082,-0.830173,-12.213214,112.545738,-3.346556,0.350341,0.199908,-0.551824,-0.729923,2.0849,134.805222,-5.282159,-0.025424,0.960549,0.161021,0.225324,-3.956327,128.139206,28.25518,0.347022,0.893727,0.154088,-0.238926,11.732498,127.724396,35.967987,-0.000743,0.230862,0.461309,-0.856677,27.747875,114.150551,22.708025,-0.008704,-0.012781,0.674501,-0.738112,16.301071,133.499924,13.045387,0.04917,0.915232,0.212047,0.33907,-8.956816,84.907463,12.805426,0.103109,0.97871,-0.035987,0.173783,-7.007215,52.099873,-2.470139,-0.041622,0.948851,0.064237,0.306305,-17.201965,5.669835,-0.824237,-0.1103,0.933909,0.007589,0.339986,5.558393,85.491547,24.675364,0.028844,0.895917,-0.19267,0.399223,13.212,50.13559,26.87981,-0.038053,0.889252,0.052818,0.452761,3.436499,6.181499,42.205215,-0.041622,0.948851,0.064237,0.306305,-8.377266,1.718268,-12.725566,-0.038053,0.889252,0.052818,0.452761,15.413713,1.942759,33.61969
153,1.275,-0.03435,0.940362,0.049984,0.334726,-1.70493,85.20092,18.755201,-0.047076,0.960857,0.100172,0.253976,-2.459197,92.835831,19.301373,-0.020429,0.967551,0.115107,0.224007,-5.45176,113.48851,22.870646,0.112714,0.983792,-0.039498,0.133751,-7.360712,133.869888,27.346251,0.174008,0.966963,-0.184616,0.024936,-3.505762,147.79155,24.851721,-0.022458,0.91334,0.09238,0.395943,-10.641196,128.229996,25.001986,0.435945,-0.520367,0.139056,-0.720995,-22.62772,128.79187,12.281665,0.283457,0.115227,-0.465922,-0.830236,-12.204666,112.547066,-3.339952,0.350393,0.199979,-0.551661,-0.730002,2.101182,134.803192,-5.271396,-0.025359,0.960569,0.161035,0.225239,-3.949633,128.140381,28.264194,0.34723,0.893698,0.154015,-0.238776,11.740647,127.72374,35.973965,-0.000646,0.231036,0.461548,-0.856502,27.752411,114.13913,22.720655,-0.008469,-0.012648,0.674507,-0.738111,16.320562,133.493011,13.050715,0.049194,0.91521,0.212068,0.339113,-8.960797,84.908813,12.818106,0.103084,0.978701,-0.035885,0.173871,-7.011567,52.102047,-2.459262,-0.041751,0.948861,0.064168,0.306271,-17.202513,5.670825,-0.823295,-0.110337,0.933852,0.007799,0.340126,5.550937,85.493019,24.692299,0.02883,0.895872,-0.19259,0.399364,13.211855,50.137882,26.884598,-0.038517,0.889234,0.052791,0.452761,3.438186,6.180769,42.202515,-0.041751,0.948861,0.064168,0.306271,-8.377566,1.718525,-12.724203,-0.038517,0.889234,0.052791,0.452761,15.41937,1.947624,33.619755
154,1.283333,-0.034283,0.940341,0.049839,0.334812,-1.711069,85.200294,18.768579,-0.046896,0.960842,0.100078,0.254102,-2.463672,92.835503,19.312944,-0.020248,0.967533,0.115,0.224153,-5.448333,113.489166,22.879921,0.112846,0.983762,-0.039647,0.133815,-7.349645,133.871872,27.352692,0.174258,0.966916,-0.184622,0.024957,-3.49025,147.791702,24.854759,-0.022303,0.913331,0.092367,0.395977,-10.631962,128.233124,25.00824,0.435745,-0.520329,0.139377,-0.721081,-22.617796,128.799896,12.287487,0.283436,0.115194,-0.465786,-0.830324,-12.197218,112.548973,-3.329417,0.350478,0.199865,-0.551431,-0.730166,2.116662,134.802094,-5.259309,-0.025217,0.960569,0.160916,0.22534,-3.941267,128.140991,28.272161,0.347444,0.893636,0.154116,-0.238634,11.747682,127.719963,35.984398,-0.000565,0.231189,0.461692,-0.856383,27.755428,114.127052,22.734743,-0.008613,-0.012392,0.674683,-0.737953,16.333851,133.48288,13.058178,0.049308,0.91511,0.21206,0.339373,-8.96594,84.908569,12.830247,0.102962,0.978712,-0.035769,0.173901,-7.020094,52.102364,-2.448767,-0.041843,0.948893,0.06418,0.306157,-17.197994,5.667958,-0.821878,-0.110416,0.933827,0.007957,0.340165,5.543801,85.492027,24.706913,0.028879,0.895878,-0.192537,0.399372,13.213786,50.138344,26.890835,-0.038607,0.889238,0.052767,0.452748,3.437736,6.179571,42.202454,-0.041843,0.948893,0.06418,0.306157,-8.374961,1.716804,-12.724587,-0.038607,0.889238,0.052767,0.452748,15.419383,1.947019,33.620052
155,1.291667,-0.034197,0.940306,0.049788,0.334927,-1.716996,85.200706,18.779797,-0.04673,0.960837,0.100014,0.254177,-2.468163,92.836075,19.323784,-0.020015,0.967532,0.11494,0.224211,-5.44588,113.492096,22.889959,0.113015,0.98375,-0.039658,0.133755,-7.337457,133.875793,27.362448,0.174564,0.966848,-0.184711,0.024792,-3.473527,147.794373,24.864641,-0.021992,0.913315,0.092324,0.39604,-10.622398,128.238617,25.017845,0.43572,-0.520403,0.139582,-0.721003,-22.606955,128.814957,12.296327,0.283574,0.115134,-0.465537,-0.830425,-12.193058,112.556305,-3.316975,0.350468,0.199886,-0.551273,-0.730285,2.133558,134.80043,-5.248525,-0.025032,0.960567,0.160877,0.225393,-3.93195,128.143234,28.282171,0.347634,0.893581,0.154055,-0.2386,11.756473,127.716003,35.995121,-0.000542,0.2314,0.461876,-0.856227,27.758461,114.114594,22.747248,-0.008694,-0.012191,0.674822,-0.737829,16.350449,133.473618,13.063453,0.049309,0.915073,0.212037,0.339486,-8.970539,84.910301,12.839783,0.102965,0.978717,-0.03563,0.1739,-7.023422,52.103405,-2.437572,-0.041755,0.948876,0.06418,0.30622,-17.199366,5.668128,-0.823559,-0.110465,0.933787,0.008129,0.340255,5.536548,85.491104,24.71981,0.028913,0.895915,-0.192512,0.3993,13.213801,50.13839,26.893993,-0.038031,0.88922,0.052937,0.452813,3.43705,6.178877,42.203033,-0.041755,0.948876,0.06418,0.30622,-8.375604,1.716175,-12.725456,-0.038031,0.88922,0.052937,0.452813,15.41548,1.942964,33.617802
156,1.3,-0.034119,0.940285,0.049746,0.335002,-1.72269,85.202011,18.793667,-0.0465,0.960834,0.099848,0.254296,-2.472562,92.83754,19.337381,-0.019851,0.967503,0.114951,0.224343,-5.44002,113.498604,22.899502,0.113458,0.983681,-0.039764,0.133858,-7.325632,133.882477,27.373701,0.174605,0.966823,-0.184803,0.024768,-3.448498,147.797256,24.875128,-0.02185,0.913349,0.092162,0.396008,-10.611968,128.246674,25.027752,0.435502,-0.520413,0.139786,-0.721088,-22.597637,128.82515,12.307374,0.283552,0.115048,-0.465318,-0.830567,-12.187094,112.563995,-3.305565,0.350447,0.19983,-0.551048,-0.73048,2.151366,134.800598,-5.236198,-0.024838,0.960553,0.160919,0.225447,-3.922303,128.148666,28.293606,0.34786,0.893521,0.153837,-0.238637,11.765613,127.714264,36.007195,-0.000516,0.231577,0.462105,-0.856055,27.758907,114.101585,22.760389,-0.008679,-0.011923,0.675312,-0.737385,16.364891,133.466675,13.07021,0.049279,0.915079,0.211997,0.339499,-8.975389,84.912796,12.852558,0.102954,0.978733,-0.035453,0.173853,-7.027127,52.104473,-2.421588,-0.041765,0.948877,0.064207,0.306211,-17.199156,5.667788,-0.823396,-0.110535,0.933719,0.008295,0.340415,5.530007,85.491234,24.734774,0.028951,0.895867,-0.192458,0.399431,13.215649,50.139843,26.900812,-0.038671,0.88923,0.052769,0.452758,3.435426,6.178576,42.202591,-0.041765,0.948877,0.064207,0.306211,-8.375474,1.716673,-12.725636,-0.038671,0.88923,0.052769,0.452758,15.417838,1.946971,33.620796
157,1.308333,-0.034051,0.940255,0.049806,0.335084,-1.72789,85.203369,18.806522,-0.046263,0.960841,0.099725,0.254362,-2.477127,92.838867,19.351395,-0.019634,0.967502,0.114875,0.224405,-5.43438,113.505264,22.911533,0.113951,0.983635,-0.039635,0.133814,-7.310806,133.890228,27.38463,0.174722,0.966785,-0.184931,0.024466,-3.420488,147.802292,24.891476,-0.0217,0.913332,0.091887,0.39612,-10.599599,128.255859,25.038698,0.435621,-0.52058,0.139665,-0.720919,-22.582397,128.835693,12.315679,0.283682,0.11519,-0.465076,-0.830638,-12.178798,112.573349,-3.30065,0.350461,0.199789,-0.550845,-0.730637,2.169054,134.802658,-5.224064,-0.02438,0.960543,0.160726,0.225677,-3.910225,128.154877,28.305059,0.347966,0.893434,0.154217,-0.238563,11.774857,127.705322,36.02354,-0.000485,0.231761,0.462304,-0.855898,27.766249,114.093353,22.773714,-0.008765,-0.011647,0.675335,-0.737367,16.38628,133.461227,13.077685,0.049343,0.915051,0.211973,0.339579,-8.979644,84.915833,12.864184,0.102739,0.97882,-0.035358,0.173511,-7.034853,52.107227,-2.409793,-0.041792,0.948996,0.064334,0.305813,-17.18494,5.665681,-0.813307,-0.110586,0.933637,0.008524,0.340618,5.523865,85.490898,24.748861,0.028903,0.895777,-0.192447,0.39964,13.218102,50.140614,26.902327,-0.038742,0.889244,0.052803,0.452722,3.438861,6.178662,42.202778,-0.041792,0.948996,0.064334,0.305813,-8.370545,1.718165,-12.723619,-0.038742,0.889244,0.052803,0.452722,15.421319,1.948876,33.620148
158,1.316667,-0.034032,0.940223,0.049823,0.335172,-1.731701,85.206268,18.820541,-0.046071,0.96083,0.099658,0.254462,-2.480805,92.841759,19.365692,-0.01943,0.967493,0.114773,0.224514,-5.429772,113.508377,22.924755,0.114153,0.983601,-0.039783,0.13385,-7.297477,133.894653,27.395525,0.174969,0.966763,-0.184813,0.02447,-3.400866,147.804382,24.899158,-0.021345,0.913299,0.091512,0.3963,-10.588488,128.261581,25.049585,0.43534,-0.520665,0.139993,-0.720964,-22.566816,128.848145,12.322672,0.283577,0.115148,-0.464896,-0.830781,-12.172134,112.579216,-3.292732,0.350449,0.19975,-0.550595,-0.730843,2.185838,134.80394,-5.211922,-0.024108,0.960568,0.160573,0.225708,-3.899724,128.157806,28.317101,0.348076,0.893415,0.154233,-0.238464,11.785327,127.700165,36.03516,-0.000449,0.231837,0.46247,-0.855788,27.775251,114.083076,22.788813,-0.008607,-0.011484,0.675609,-0.73712,16.404406,133.455307,13.089959,0.049335,0.91501,0.211988,0.339681,-8.982374,84.919281,12.876861,0.102948,0.978675,-0.035257,0.174224,-7.034964,52.111065,-2.397637,-0.041757,0.948838,0.06419,0.306338,-17.203804,5.672926,-0.821396,-0.110625,0.933559,0.008722,0.340813,5.518971,85.493263,24.764223,0.028926,0.895742,-0.19242,0.399731,13.220242,50.143845,26.906839,-0.038791,0.889219,0.052769,0.45277,3.438482,6.181026,42.203201,-0.041757,0.948838,0.06419,0.306338,-8.377122,1.721346,-12.721252,-0.038791,0.889219,0.052769,0.45277,15.422169,1.951032,33.622395
159,1.325,-0.033967,0.940187,0.049806,0.335283,-1.737299,85.206642,18.834778,-0.045914,0.960817,0.099633,0.254552,-2.485436,92.842224,19.379925,-0.019013,0.967497,0.114682,0.22458,-5.428238,113.510681,22.939596,0.114177,0.983596,-0.039887,0.133831,-7.278515,133.898483,27.41058,0.17523,0.966713,-0.184828,0.024479,-3.380949,147.807434,24.911306,-0.02121,0.913274,0.091513,0.396366,-10.574305,128.268295,25.064451,0.435066,-0.520775,0.140231,-0.721004,-22.551022,128.859436,12.336222,0.283534,0.115035,-0.464687,-0.830928,-12.165325,112.586418,-3.280911,0.350482,0.199747,-0.55044,-0.730944,2.204715,134.804184,-5.200039,-0.023907,0.960578,0.160508,0.225735,-3.885739,128.158707,28.332191,0.348267,0.893389,0.153502,-0.238753,11.799223,127.694687,36.050068,-0.000698,0.232031,0.462751,-0.855583,27.775723,114.063156,22.802382,-0.008537,-0.011455,0.675922,-0.736835,16.420975,133.447083,13.102513,0.049435,0.914926,0.211977,0.339901,-8.986656,84.920815,12.88943,0.102859,0.97865,-0.035168,0.174435,-7.042524,52.112972,-2.386282,-0.041728,0.948859,0.064244,0.306265,-17.202072,5.6725,-0.819018,-0.110727,0.933526,0.008914,0.340865,5.512058,85.492462,24.780127,0.029017,0.895775,-0.192407,0.399654,13.224721,50.144924,26.912704,-0.038584,0.889208,0.052941,0.452788,3.436986,6.182164,42.205418,-0.041728,0.948859,0.064244,0.306265,-8.377346,1.722106,-12.720725,-0.038584,0.889208,0.052941,0.452788,15.419828,1.953871,33.622578
160,1.333333,-0.033846,0.940127,0.049627,0.33549,-1.748106,85.207069,18.852413,-0.045593,0.960814,0.099522,0.254665,-2.493699,92.843056,19.395451,-0.018786,0.967491,0.114581,0.224675,-5.422473,113.512123,22.953571,0.114291,0.983588,-0.039936,0.13378,-7.263035,133.90126,27.422482,0.175607,0.966664,-0.184741,0.024349,-3.362338,147.809113,24.922045,-0.02099,0.913331,0.09129,0.396298,-10.561352,128.272537,25.076395,0.434977,-0.520884,0.140226,-0.720979,-22.540268,128.86734,12.350416,0.283579,0.114999,-0.464455,-0.831048,-12.160195,112.594582,-3.27071,0.350503,0.199683,-0.550273,-0.731077,2.220845,134.80336,-5.188181,-0.023689,0.960605,0.160338,0.225763,-3.873298,128.159851,28.345078,0.348525,0.893297,0.153633,-0.238636,11.811585,127.689705,36.062733,-0.000592,0.232078,0.462944,-0.855466,27.781904,114.048943,22.817101,-0.008717,-0.011458,0.67618,-0.736596,16.437128,133.436798,13.114335,0.049379,0.914935,0.211926,0.339917,-8.995009,84.922493,12.904016,0.102658,0.97883,-0.034916,0.17359,-7.0482,52.112694,-2.367152,-0.041765,0.949006,0.064306,0.30579,-17.183828,5.666611,-0.811166,-0.110855,0.933437,0.009259,0.341058,5.498797,85.491646,24.800808,0.029062,0.895744,-0.192384,0.399734,13.228035,50.146614,26.914839,-0.038603,0.889198,0.052849,0.452817,3.435913,6.183267,42.203011,-0.041765,0.949006,0.064306,0.30579,-8.370307,1.718031,-12.721772,-0.038603,0.889198,0.052849,0.452817,15.419138,1.952838,33.621769
161,1.341667,-0.033691,0.940092,0.049511,0.335619,-1.757697,85.205894,18.869486,-0.045374,0.960798,0.099417,0.254805,-2.500527,92.842224,19.411547,-0.018381,0.96748,0.114483,0.224805,-5.419861,113.513115,22.967436,0.114446,0.983558,-0.040022,0.133845,-7.243704,133.903824,27.436043,0.175794,0.966624,-0.184768,0.024401,-3.338106,147.810028,24.934092,-0.020812,0.91334,0.091062,0.39634,-10.54645,128.277924,25.089403,0.435174,-0.521068,0.140066,-0.720758,-22.524479,128.875381,12.362713,0.283779,0.115104,-0.464242,-0.831084,-12.151699,112.6008,-3.261368,0.350549,0.1997,-0.550105,-0.731177,2.237368,134.802139,-5.175557,-0.023458,0.960637,0.160089,0.225826,-3.85904,128.1595,28.359201,0.348681,0.893245,0.153581,-0.238637,11.825233,127.683243,36.077724,-0.000506,0.232031,0.463068,-0.855412,27.790159,114.035881,22.832397,-0.008721,-0.011509,0.676579,-0.736229,16.449457,133.427521,13.12986,0.049367,0.914858,0.211906,0.340137,-9.003171,84.923462,12.91925,0.102642,0.978849,-0.034692,0.173538,-7.052383,52.112949,-2.349885,-0.041859,0.94899,0.064314,0.305825,-17.182785,5.665061,-0.813922,-0.110921,0.933332,0.009516,0.341318,5.487779,85.488335,24.819723,0.029069,0.895746,-0.192312,0.399762,13.227172,50.144714,26.920164,-0.03875,0.889198,0.052844,0.452806,3.436744,6.178761,42.201946,-0.041859,0.94899,0.064314,0.305825,-8.367486,1.717649,-12.723595,-0.03875,0.889198,0.052844,0.452806,15.42102,1.950189,33.621258
162,1.35,-0.033557,0.940039,0.049495,0.335785,-1.764889,85.206367,18.884966,-0.045261,0.960784,0.099304,0.254922,-2.505808,92.84285,19.427359,-0.01797,0.967479,0.114428,0.224873,-5.420156,113.517853,22.98008,0.114823,0.983523,-0.040004,0.133784,-7.227146,133.909729,27.450243,0.176175,0.966569,-0.184714,0.02422,-3.31131,147.81337,24.950058,-0.020692,0.913249,0.091024,0.396564,-10.534495,128.286774,25.103027,0.434833,-0.521186,0.140432,-0.720808,-22.506475,128.888321,12.370841,0.283688,0.115089,-0.464043,-0.831228,-12.144908,112.606583,-3.253212,0.350632,0.199706,-0.549964,-0.731242,2.255145,134.803467,-5.162076,-0.023092,0.960651,0.160012,0.225862,-3.847317,128.162506,28.373077,0.348876,0.893169,0.153746,-0.238531,11.836973,127.674377,36.09082,-0.000445,0.231964,0.463321,-0.855293,27.797646,114.020813,22.84675,-0.008645,-0.011734,0.676726,-0.73609,16.466845,133.419678,13.146973,0.049413,0.914796,0.211868,0.34032,-9.00844,84.926369,12.932274,0.102601,0.978843,-0.034544,0.173624,-7.058617,52.115013,-2.335167,-0.041858,0.948995,0.064311,0.305812,-17.18305,5.665359,-0.813229,-0.11102,0.933205,0.009789,0.341623,5.478662,85.486366,24.837658,0.029087,0.895647,-0.192269,0.400005,13.230686,50.144714,26.92462,-0.038752,0.889164,0.052885,0.452867,3.436152,6.177268,42.199482,-0.041858,0.948995,0.064311,0.305812,-8.368097,1.717816,-12.723114,-0.038752,0.889164,0.052885,0.452867,15.421754,1.949838,33.620087
163,1.358333,-0.033429,0.939981,0.049412,0.335971,-1.773126,85.207993,18.902742,-0.044897,0.96076,0.099191,0.255118,-2.51188,92.844734,19.444458,-0.01777,0.967438,0.114376,0.22509,-5.410662,113.519928,22.995684,0.114842,0.98349,-0.040248,0.133937,-7.210031,133.912598,27.465281,0.176463,0.966526,-0.184637,0.02443,-3.292207,147.81459,24.958948,-0.02034,0.913221,0.091086,0.396631,-10.519043,128.291183,25.116714,0.434584,-0.521326,0.140729,-0.720799,-22.48967,128.905075,12.383835,0.283598,0.114973,-0.463834,-0.831391,-12.139443,112.616203,-3.240317,0.350566,0.199627,-0.549806,-0.731414,2.272522,134.805801,-5.147994,-0.022781,0.960657,0.160001,0.225874,-3.833212,128.163818,28.38941,0.349032,0.893082,0.153929,-0.238511,11.851404,127.665245,36.105839,-0.000501,0.23187,0.46352,-0.855211,27.807144,114.008308,22.859295,-0.008693,-0.011821,0.676812,-0.73601,16.483038,133.414536,13.165513,0.049445,0.914735,0.211847,0.340494,-9.014503,84.929939,12.947309,0.102574,0.978833,-0.034374,0.173735,-7.064449,52.118176,-2.31923,-0.041888,0.948979,0.064352,0.305847,-17.183844,5.666894,-0.81373,-0.111117,0.933097,0.010101,0.341878,5.46825,85.486046,24.858177,0.029085,0.895565,-0.192255,0.400194,13.233912,50.14642,26.928547,-0.03859,0.889162,0.053042,0.452868,3.436825,6.178474,42.20034,-0.041888,0.948979,0.064352,0.305847,-8.36767,1.720826,-12.723206,-0.03859,0.889162,0.053042,0.452868,15.421593,1.95294,33.618839
164,1.366667,-0.03329,0.939932,0.04938,0.336127,-1.782395,85.21122,18.920527,-0.044615,0.960738,0.099074,0.255296,-2.519064,92.84816,19.462374,-0.017419,0.967405,0.114365,0.225265,-5.405854,113.525566,23.011467,0.115367,0.983413,-0.040225,0.13406,-7.191715,133.918854,27.48365,0.176529,0.966496,-0.184738,0.024386,-3.258722,147.817154,24.980637,-0.020028,0.913168,0.090963,0.396799,-10.504144,128.300186,25.133339,0.434189,-0.521456,0.141141,-0.720863,-22.470566,128.922897,12.39694,0.283441,0.114864,-0.463608,-0.831586,-12.132853,112.626266,-3.227404,0.350563,0.199488,-0.549734,-0.731507,2.292479,134.809525,-5.131556,-0.022354,0.96067,0.159971,0.225883,-3.819301,128.167496,28.407829,0.349211,0.89298,0.154275,-0.238409,11.865839,127.654778,36.122253,-0.000585,0.23185,0.463718,-0.855109,27.817799,113.99498,22.874109,-0.008904,-0.011807,0.676726,-0.736087,16.502666,133.407333,13.184634,0.049455,0.914671,0.211793,0.340699,-9.021981,84.935585,12.962807,0.102558,0.978878,-0.034148,0.173533,-7.070515,52.122246,-2.300151,-0.041802,0.948985,0.064417,0.305827,-17.18437,5.669156,-0.81336,-0.111238,0.932958,0.010446,0.342208,5.457191,85.486862,24.878246,0.029095,0.895473,-0.192259,0.400397,13.238688,50.149685,26.931036,-0.038708,0.889144,0.052964,0.452901,3.437194,6.181913,42.200493,-0.041802,0.948985,0.064417,0.305827,-8.369361,1.724084,-12.724026,-0.038708,0.889144,0.052964,0.452901,15.423334,1.95595,33.62112
165,1.375,-0.03319,0.939884,0.049347,0.336276,-1.78787,85.210312,18.940235,-0.044424,0.960713,0.098966,0.255466,-2.523011,92.847404,19.482018,-0.016967,0.967381,0.114344,0.225415,-5.40222,113.531372,23.029217,0.116276,0.983295,-0.040105,0.134174,-7.170252,133.925522,27.504578,0.17638,0.966481,-0.184988,0.024176,-3.211742,147.817932,25.009159,-0.019875,0.913133,0.090882,0.396906,-10.487368,128.310303,25.15263,0.433848,-0.521602,0.141442,-0.720903,-22.451019,128.937134,12.413834,0.2833,0.114741,-0.463427,-0.831752,-12.125121,112.635109,-3.212683,0.35057,0.199397,-0.549625,-0.73161,2.311046,134.812469,-5.115093,-0.022009,0.960652,0.160098,0.225904,-3.803304,128.170914,28.428436,0.349428,0.892883,0.154283,-0.238448,11.882041,127.645447,36.141582,-0.000784,0.231932,0.463977,-0.854946,27.825523,113.978104,22.891027,-0.009145,-0.011817,0.676686,-0.73612,16.524187,133.399521,13.204657,0.049548,0.914615,0.211795,0.340833,-9.025699,84.936401,12.980303,0.102506,0.978875,-0.033996,0.173609,-7.078107,52.123787,-2.284707,-0.04185,0.948981,0.064423,0.305834,-17.184887,5.668703,-0.811932,-0.11133,0.93282,0.010799,0.342543,5.44996,85.484222,24.900167,0.029146,0.895433,-0.19225,0.400487,13.245584,50.149078,26.934227,-0.038187,0.889097,0.053168,0.453013,3.43853,6.181285,42.20005,-0.04185,0.948981,0.064423,0.305834,-8.369253,1.72425,-12.722341,-0.038187,0.889097,0.053168,0.453013,15.422967,1.953628,33.619137
166,1.383333,-0.033086,0.939813,0.049225,0.336501,-1.795974,85.207771,18.962149,-0.044141,0.960691,0.098843,0.255645,-2.529104,92.845154,19.502539,-0.01658,0.96736,0.114265,0.225573,-5.396372,113.532913,23.047653,0.116642,0.983261,-0.040039,0.134125,-7.148723,133.92836,27.523249,0.176772,0.966429,-0.184919,0.023914,-3.180385,147.818512,25.030935,-0.019702,0.913117,0.090736,0.396984,-10.4699,128.315918,25.170368,0.433582,-0.521792,0.141612,-0.720893,-22.431629,128.946548,12.42995,0.283132,0.114675,-0.463185,-0.831953,-12.117939,112.641319,-3.201303,0.350462,0.19918,-0.549466,-0.731841,2.331495,134.811768,-5.097713,-0.021668,0.960638,0.160209,0.225915,-3.786701,128.170959,28.447697,0.349807,0.892662,0.155267,-0.238081,11.898992,127.633133,36.15929,-0.000468,0.231731,0.464284,-0.854834,27.838009,113.961662,22.907616,-0.009282,-0.011855,0.67671,-0.736096,16.54722,133.387741,13.224723,0.049732,0.914433,0.21188,0.341243,-9.031089,84.935196,12.998857,0.102415,0.978827,-0.033913,0.173951,-7.086655,52.126511,-2.275008,-0.041888,0.948986,0.064383,0.305821,-17.184237,5.669123,-0.811933,-0.111468,0.932748,0.011221,0.34268,5.439141,85.480347,24.92544,0.029255,0.89544,-0.192284,0.400447,13.254115,50.148113,26.935545,-0.03863,0.889139,0.052971,0.452918,3.437205,6.182155,42.200321,-0.041888,0.948986,0.064383,0.305821,-8.368654,1.723909,-12.722132,-0.03863,0.889139,0.052971,0.452918,15.423003,1.95532,33.620899
167,1.391667,-0.032929,0.939777,0.04906,0.336643,-1.804081,85.203278,18.984186,-0.043921,0.960682,0.098712,0.255769,-2.534182,92.841064,19.522905,-0.016221,0.967352,0.11418,0.225678,-5.391935,113.533379,23.06525,0.116764,0.983243,-0.040087,0.134133,-7.129417,133.93013,27.540695,0.177316,0.966341,-0.184853,0.02394,-3.157488,147.819122,25.047558,-0.01927,0.913079,0.090675,0.397106,-10.454541,128.320236,25.18737,0.433344,-0.521941,0.141946,-0.720862,-22.413469,128.964203,12.444992,0.283085,0.114562,-0.462895,-0.832146,-12.112226,112.650208,-3.185309,0.350397,0.199045,-0.549296,-0.732036,2.353048,134.810928,-5.080018,-0.021421,0.960623,0.160384,0.22588,-3.771872,128.170197,28.465551,0.3501,0.892568,0.155209,-0.23804,11.914736,127.622833,36.174614,-0.000578,0.231785,0.464596,-0.85465,27.844557,113.938995,22.924637,-0.009399,-0.011872,0.676909,-0.735911,16.568979,133.375488,13.243914,0.0497,0.914448,0.211896,0.341197,-9.037593,84.932579,13.018867,0.102443,0.978874,-0.033665,0.173716,-7.091363,52.124168,-2.255355,-0.041865,0.948969,0.064437,0.305864,-17.187183,5.665737,-0.813393,-0.111511,0.932631,0.011661,0.342972,5.429432,85.473976,24.949507,0.029214,0.895349,-0.192287,0.400653,13.257533,50.143158,26.933357,-0.038179,0.889093,0.053231,0.453015,3.440467,6.177073,42.19767,-0.041865,0.948969,0.064437,0.305864,-8.370649,1.721864,-12.723329,-0.038179,0.889093,0.053231,0.453015,15.425095,1.950938,33.616264
168,1.4,-0.032693,0.939725,0.048938,0.336829,-1.813455,85.200203,19.006462,-0.043468,0.960683,0.098592,0.255889,-2.539626,92.838409,19.544497,-0.016021,0.967341,0.11405,0.225806,-5.377908,113.531647,23.086367,0.117006,0.983219,-0.04001,0.134125,-7.106643,133.929916,27.55829,0.177812,0.966265,-0.184792,0.023802,-3.128235,147.817612,25.068268,-0.018623,0.913068,0.090573,0.397185,-10.433934,128.321228,25.20513,0.433221,-0.522131,0.142246,-0.720739,-22.391521,128.984695,12.462495,0.283105,0.114441,-0.462602,-0.832319,-12.104345,112.659927,-3.165829,0.350311,0.198927,-0.549079,-0.732272,2.376065,134.809082,-5.060833,-0.021382,0.960505,0.160813,0.226081,-3.752032,128.168518,28.484747,0.350525,0.892362,0.155575,-0.237947,11.931464,127.615265,36.199707,-0.000258,0.231764,0.464998,-0.854437,27.848652,113.919762,22.946619,-0.00937,-0.011906,0.677293,-0.735557,16.591879,133.362915,13.262733,0.049861,0.914267,0.212021,0.34158,-9.044909,84.933083,13.03849,0.102354,0.978867,-0.033571,0.173827,-7.099768,52.129673,-2.246612,-0.041779,0.948985,0.064367,0.30584,-17.186018,5.668908,-0.813052,-0.111615,0.932509,0.012107,0.343254,5.418,85.467323,24.974434,0.029281,0.895328,-0.19231,0.400683,13.263498,50.138962,26.933155,-0.038194,0.889098,0.053239,0.453003,3.439357,6.174126,42.196495,-0.041779,0.948985,0.064367,0.30584,-8.370997,1.722217,-12.723167,-0.038194,0.889098,0.053239,0.453003,15.423916,1.948403,33.614799
169,1.408333,-0.032624,0.939667,0.049012,0.336985,-1.818033,85.196472,19.026947,-0.043154,0.960649,0.098588,0.256068,-2.543688,92.834641,19.566294,-0.015712,0.967318,0.113879,0.226009,-5.370432,113.53344,23.111698,0.117236,0.983176,-0.040115,0.134204,-7.085991,133.933746,27.579388,0.178292,0.966197,-0.184681,0.023823,-3.10045,147.819107,25.087708,-0.018152,0.912973,0.090434,0.397458,-10.416523,128.327042,25.226101,0.432934,-0.52235,0.142639,-0.720675,-22.367123,129.004532,12.477655,0.282982,0.114358,-0.462285,-0.832548,-12.096886,112.668869,-3.150426,0.350127,0.198882,-0.548801,-0.732581,2.400435,134.808243,-5.039981,-0.020556,0.960583,0.160329,0.22617,-3.735843,128.17009,28.508007,0.350741,0.892216,0.155843,-0.238001,11.947446,127.592468,36.221596,-0.000383,0.231719,0.465394,-0.854233,27.855856,113.893524,22.961529,-0.009424,-0.011876,0.677861,-0.735033,16.616058,133.350021,13.284657,0.049939,0.914198,0.212086,0.341712,-9.047598,84.931213,13.056603,0.102351,0.978865,-0.033431,0.173868,-7.103684,52.13036,-2.234136,-0.041902,0.948974,0.064329,0.305867,-17.187422,5.668634,-0.813951,-0.111736,0.932444,0.012494,0.343377,5.411532,85.461731,24.997292,0.029399,0.895332,-0.192371,0.400636,13.274431,50.136017,26.933884,-0.038629,0.889148,0.05317,0.452876,3.438775,6.174043,42.198078,-0.041902,0.948974,0.064329,0.305867,-8.370673,1.722062,-12.722829,-0.038629,0.889148,0.05317,0.452876,15.424511,1.952395,33.61602
170,1.416667,-0.032514,0.939611,0.049016,0.337152,-1.825128,85.19458,19.050224,-0.042852,0.960636,0.098436,0.256228,-2.54931,92.832855,19.590075,-0.015349,0.967298,0.113805,0.22616,-5.362911,113.535248,23.132406,0.117478,0.983126,-0.040232,0.13433,-7.063765,133.936737,27.600321,0.178692,0.966136,-0.184596,0.023998,-3.070511,147.819565,25.10689,-0.018083,0.912887,0.090456,0.397654,-10.39809,128.332657,25.246138,0.432872,-0.522532,0.142654,-0.720578,-22.343344,129.013336,12.492842,0.282974,0.114524,-0.462029,-0.83267,-12.082747,112.675522,-3.139316,0.350087,0.198863,-0.548595,-0.732759,2.424901,134.808655,-5.016712,-0.020294,0.96054,0.16046,0.226281,-3.718256,128.170486,28.529512,0.350956,0.892105,0.156315,-0.237792,11.963655,127.582359,36.245125,-0.0002,0.231654,0.465589,-0.854145,27.869532,113.879799,22.985744,-0.009523,-0.011743,0.678435,-0.734504,16.638262,133.33847,13.309368,0.049898,0.914214,0.21205,0.341697,-9.052717,84.93148,13.077389,0.102355,0.978912,-0.033154,0.173655,-7.107264,52.129234,-2.210149,-0.04188,0.94898,0.064468,0.30582,-17.186594,5.665842,-0.813579,-0.111905,0.932345,0.012922,0.343574,5.402461,85.45768,25.023058,0.029535,0.895301,-0.192418,0.400673,13.286799,50.135494,26.936653,-0.038129,0.889101,0.053306,0.452995,3.437213,6.17601,42.199017,-0.04188,0.94898,0.064468,0.30582,-8.370926,1.722942,-12.72448,-0.038129,0.889101,0.053306,0.452995,15.421311,1.951175,33.616238
171,1.425,-0.032412,0.939526,0.049081,0.337388,-1.834194,85.190292,19.071968,-0.042511,0.960614,0.09827,0.25643,-2.557374,92.828568,19.613108,-0.014803,0.967264,0.113842,0.226321,-5.356606,113.53717,23.152529,0.118112,0.983045,-0.040201,0.134371,-7.036411,133.938995,27.626869,0.178921,0.966088,-0.184641,0.023843,-3.025375,147.817337,25.137054,-0.017857,0.912922,0.090227,0.397635,-10.376287,128.339294,25.270153,0.432502,-0.522681,0.142873,-0.720649,-22.32233,129.023926,12.517817,0.282818,0.114377,-0.461756,-0.832894,-12.072552,112.684204,-3.119446,0.350012,0.198746,-0.548329,-0.733026,2.451084,134.80896,-4.994137,-0.020049,0.960469,0.160767,0.226388,-3.697296,128.168839,28.554821,0.351432,0.891888,0.156516,-0.237771,11.983269,127.569427,36.272289,-0.000117,0.231661,0.466076,-0.853877,27.873028,113.851761,23.009209,-0.009497,-0.011554,0.678816,-0.734156,16.663412,133.324951,13.333133,0.049957,0.9141,0.212132,0.341943,-9.05892,84.929672,13.095564,0.102348,0.978857,-0.033056,0.173985,-7.111172,52.130363,-2.198018,-0.041962,0.948955,0.064463,0.30589,-17.18874,5.666217,-0.813869,-0.112075,0.932217,0.013411,0.343846,5.390532,85.450912,25.048372,0.029598,0.895261,-0.192487,0.400724,13.297753,50.132416,26.935472,-0.038198,0.889125,0.053274,0.452945,3.439273,6.175831,42.200439,-0.041962,0.948955,0.064463,0.30589,-8.370599,1.724009,-12.723163,-0.038198,0.889125,0.053274,0.452945,15.422914,1.951069,33.616989
172,1.433333,-0.032301,0.939495,0.049115,0.337482,-1.839605,85.184616,19.097845,-0.042286,0.960595,0.098141,0.256589,-2.56141,92.822952,19.639975,-0.014316,0.967241,0.113794,0.226476,-5.351024,113.535843,23.176659,0.118765,0.982951,-0.040123,0.134505,-7.011362,133.938721,27.653486,0.179107,0.966039,-0.184722,0.023836,-2.98175,147.812653,25.169138,-0.017481,0.912854,0.089999,0.397858,-10.356352,128.342682,25.295322,0.432515,-0.522849,0.142999,-0.720493,-22.296652,129.03688,12.538129,0.282899,0.114428,-0.461542,-0.832979,-12.057438,112.689766,-3.098312,0.350017,0.198731,-0.5481,-0.733199,2.475225,134.807022,-4.968889,-0.019605,0.960464,0.160707,0.22649,-3.678195,128.165115,28.58131,0.351734,0.891721,0.157047,-0.237601,12.001365,127.550674,36.299641,0.00011,0.231637,0.466417,-0.853698,27.884575,113.827515,23.034403,-0.009531,-0.011571,0.679172,-0.733826,16.690359,133.30751,13.356503,0.050103,0.913987,0.212211,0.342175,-9.063283,84.926262,13.120076,0.102308,0.978828,-0.032887,0.174207,-7.119278,52.130436,-2.181432,-0.041997,0.948939,0.06448,0.30593,-17.190672,5.664435,-0.814576,-0.112234,0.932172,0.013843,0.343901,5.384073,85.442963,25.075615,0.029791,0.8953,-0.19251,0.400611,13.312528,50.127918,26.93795,-0.038276,0.889109,0.053265,0.452972,3.438699,6.173262,42.198551,-0.041997,0.948939,0.06448,0.30593,-8.371181,1.723068,-12.723151,-0.038276,0.889109,0.053265,0.452972,15.423489,1.949326,33.616299
173,1.441667,-0.032095,0.939459,0.048992,0.337618,-1.84919,85.178223,19.124865,-0.041874,0.960566,0.098147,0.256761,-2.56746,92.816948,19.666195,-0.013935,0.967219,0.113617,0.226681,-5.340975,113.530853,23.2071,0.119182,0.982903,-0.040022,0.134518,-6.98515,133.935867,27.680111,0.179565,0.965971,-0.184659,0.023622,-2.944146,147.807327,25.200367,-0.017044,0.912814,0.089756,0.398026,-10.334208,128.342331,25.321764,0.431997,-0.522949,0.143464,-0.720639,-22.270388,129.047653,12.561316,0.282655,0.114264,-0.461315,-0.83321,-12.042938,112.694183,-3.076188,0.349932,0.198668,-0.547888,-0.733415,2.502778,134.80304,-4.943243,-0.019248,0.9605,0.160466,0.226541,-3.657268,128.159531,28.609943,0.352302,0.891461,0.157292,-0.237572,12.021971,127.534744,36.328106,0.000246,0.231621,0.466914,-0.85343,27.886003,113.79361,23.058521,-0.009758,-0.011605,0.679521,-0.733499,16.714298,133.286469,13.381384,0.050269,0.913754,0.212436,0.342635,-9.07139,84.922882,13.145177,0.102243,0.978752,-0.03284,0.174679,-7.124878,52.135189,-2.173433,-0.042066,0.948955,0.064309,0.305907,-17.190237,5.667642,-0.814778,-0.112404,0.932122,0.014375,0.343957,5.37301,85.433563,25.104549,0.029948,0.895323,-0.19259,0.400511,13.325852,50.122368,26.935736,-0.038743,0.889137,0.053116,0.452893,3.437381,6.171536,42.197865,-0.042066,0.948955,0.064309,0.305907,-8.371013,1.722091,-12.722164,-0.038743,0.889137,0.053116,0.452893,15.42424,1.950038,33.617298
174,1.45,-0.031864,0.939423,0.048869,0.337759,-1.858515,85.170471,19.153757,-0.041407,0.960577,0.098073,0.256825,-2.572892,92.809608,19.69442,-0.013595,0.967223,0.113502,0.22674,-5.326805,113.52552,23.237265,0.119486,0.982873,-0.040086,0.134453,-6.956409,133.932022,27.708853,0.179996,0.965916,-0.184547,0.023477,-2.906973,147.800858,25.228237,-0.016834,0.912793,0.089614,0.398114,-10.309416,128.340759,25.35075,0.431505,-0.523112,0.143725,-0.720764,-22.243391,129.051102,12.588514,0.28242,0.114202,-0.461097,-0.833418,-12.028152,112.696671,-3.055978,0.34995,0.198648,-0.547644,-0.733594,2.529354,134.799271,-4.915581,-0.018859,0.960503,0.160322,0.226661,-3.632737,128.153351,28.639198,0.352701,0.891275,0.157358,-0.237631,12.045134,127.515968,36.359112,0.00041,0.231598,0.467359,-0.853193,27.893806,113.76165,23.084816,-0.009749,-0.011915,0.679916,-0.733129,16.742615,133.264572,13.408173,0.050079,0.913824,0.212508,0.342429,-9.079211,84.918579,13.172108,0.102364,0.978844,-0.032492,0.174156,-7.121768,52.131714,-2.146895,-0.042051,0.948934,0.064347,0.305967,-17.19182,5.664334,-0.81726,-0.112532,0.931988,0.014944,0.344257,5.362182,85.422363,25.135406,0.030046,0.895312,-0.192661,0.400494,13.337061,50.114464,26.933891,-0.038674,0.889152,0.053206,0.45286,3.437917,6.166801,42.198231,-0.042051,0.948934,0.064347,0.305967,-8.371188,1.719761,-12.723934,-0.038674,0.889152,0.053206,0.45286,15.423882,1.946709,33.615719
175,1.458333,-0.0317,0.939396,0.048869,0.337849,-1.866798,85.16449,19.182089,-0.040982,0.960564,0.098014,0.256962,-2.578868,92.803787,19.723526,-0.013181,0.967207,0.113364,0.226905,-5.315307,113.521049,23.268211,0.119746,0.982821,-0.040227,0.134557,-6.927602,133.929321,27.737968,0.180376,0.965859,-0.184456,0.023594,-2.869995,147.795334,25.254894,-0.016571,0.912763,0.0895,0.39822,-10.285083,128.340912,25.379471,0.431165,-0.523274,0.143967,-0.720801,-22.21641,129.058395,12.615167,0.282271,0.114176,-0.460866,-0.8336,-12.013065,112.700417,-3.033362,0.349941,0.198598,-0.547362,-0.733823,2.556378,134.796387,-4.885897,-0.018414,0.960524,0.160158,0.226726,-3.609351,128.147736,28.669506,0.353111,0.891111,0.157337,-0.237653,12.068052,127.496338,36.389191,0.000252,0.231651,0.467771,-0.852953,27.901823,113.726677,23.113029,-0.009996,-0.011874,0.680161,-0.732899,16.769859,133.244598,13.439742,0.050107,0.913747,0.212663,0.342535,-9.086546,84.915565,13.199175,0.102398,0.978831,-0.032295,0.174248,-7.125157,52.133705,-2.13002,-0.041962,0.948901,0.06436,0.306079,-17.195276,5.665782,-0.8202,-0.112689,0.931923,0.015495,0.344355,5.352951,85.413406,25.165003,0.030208,0.895344,-0.192784,0.40035,13.351767,50.10928,26.931063,-0.038123,0.889137,0.053333,0.452922,3.436696,6.167016,42.200623,-0.041962,0.948901,0.06436,0.306079,-8.372703,1.72078,-12.72529,-0.038123,0.889137,0.053333,0.452922,15.419447,1.94276,33.615681
176,1.466667,-0.031656,0.939358,0.048923,0.337951,-1.870417,85.159302,19.209852,-0.040606,0.960547,0.097943,0.257115,-2.582178,92.798561,19.752222,-0.01286,0.967178,0.113284,0.227087,-5.303097,113.517509,23.29775,0.120139,0.982744,-0.040373,0.134726,-6.902464,133.92691,27.767069,0.180885,0.965781,-0.184338,0.023798,-2.832678,147.789032,25.282272,-0.015929,0.91272,0.089346,0.398379,-10.263147,128.340836,25.407564,0.430447,-0.523301,0.144775,-0.721049,-22.190779,129.077209,12.64088,0.281854,0.113905,-0.460618,-0.833915,-12.00042,112.706612,-3.002928,0.349632,0.198478,-0.547121,-0.734181,2.585025,134.793701,-4.851724,-0.018007,0.960505,0.160236,0.226784,-3.588526,128.14299,28.699577,0.353402,0.891089,0.156339,-0.237962,12.088476,127.476974,36.418831,-0.000555,0.232138,0.468268,-0.852547,27.904749,113.685455,23.144503,-0.010347,-0.011797,0.680179,-0.732878,16.804871,133.227051,13.472515,0.050166,0.913741,0.212784,0.342469,-9.088929,84.911629,13.225394,0.102339,0.978807,-0.032156,0.174441,-7.129447,52.133907,-2.112882,-0.041992,0.94893,0.06443,0.30597,-17.192154,5.663991,-0.816994,-0.11275,0.931808,0.015888,0.344628,5.348096,85.406975,25.194311,0.030209,0.895184,-0.192772,0.400714,13.360262,50.104748,26.93774,-0.038697,0.889199,0.053319,0.452754,3.439339,6.162077,42.202324,-0.041992,0.94893,0.06443,0.30597,-8.371826,1.721201,-12.724479,-0.038697,0.889199,0.053319,0.452754,15.423889,1.945224,33.616249
177,1.475,-0.031508,0.939317,0.048911,0.338081,-1.877118,85.154816,19.238472,-0.04023,0.96056,0.097791,0.257183,-2.586763,92.794243,19.781347,-0.012434,0.967176,0.113267,0.227127,-5.291238,113.517357,23.324976,0.120947,0.982638,-0.040247,0.134816,-6.87336,133.927353,27.797626,0.181074,0.965727,-0.184442,0.023753,-2.781025,147.784149,25.320084,-0.015423,0.912674,0.089321,0.39851,-10.238783,128.344498,25.437283,0.430655,-0.523548,0.144806,-0.720739,-22.163301,129.097122,12.668642,0.28208,0.114052,-0.460263,-0.834015,-11.986203,112.716965,-2.973771,0.349632,0.19835,-0.546909,-0.734375,2.613577,134.792465,-4.815546,-0.017437,0.960478,0.160203,0.226964,-3.564269,128.140503,28.729136,0.353721,0.890914,0.156881,-0.237788,12.110593,127.45459,36.450989,-0.000568,0.232026,0.468628,-0.85238,27.91979,113.657089,23.174437,-0.010457,-0.011714,0.680379,-0.732693,16.834105,133.209534,13.509533,0.050103,0.913759,0.212849,0.342389,-9.094156,84.909813,13.252126,0.102388,0.978828,-0.031894,0.174343,-7.130199,52.133644,-2.088904,-0.042029,0.948935,0.064479,0.305938,-17.193085,5.663103,-0.817174,-0.112882,0.931674,0.016347,0.344927,5.33992,85.399826,25.224817,0.030334,0.895155,-0.192825,0.400745,13.37169,50.100826,26.943144,-0.038223,0.889197,0.053542,0.452771,3.43756,6.160829,42.206825,-0.042029,0.948935,0.064479,0.305938,-8.373102,1.722004,-12.725475,-0.038223,0.889197,0.053542,0.452771,15.419093,1.943392,33.616825
178,1.483333,-0.031348,0.939276,0.048996,0.338198,-1.879516,85.148819,19.266891,-0.039958,0.960553,0.097665,0.2573,-2.58736,92.788269,19.811733,-0.011948,0.967157,0.113305,0.227214,-5.280025,113.514641,23.353222,0.121526,0.982579,-0.040032,0.134784,-6.843191,133.924774,27.83193,0.18146,0.965657,-0.184462,0.023522,-2.735529,147.778503,25.362644,-0.015168,0.912631,0.089139,0.398659,-10.213725,128.345795,25.469681,0.430479,-0.523783,0.144922,-0.72065,-22.134388,129.104523,12.69779,0.282047,0.11418,-0.459969,-0.834171,-11.971164,112.720398,-2.949499,0.349629,0.198405,-0.546603,-0.734589,2.64146,134.788437,-4.779411,-0.01694,0.96049,0.159557,0.227407,-3.53962,128.134521,28.761908,0.354183,0.890593,0.157918,-0.237616,12.128801,127.434578,36.495579,-3.5e-05,0.23182,0.469097,-0.852178,27.925816,113.633202,23.208557,-0.01046,-0.011861,0.680804,-0.732295,16.860214,133.188934,13.545111,0.050225,0.91369,0.21294,0.342498,-9.095261,84.907303,13.278842,0.102405,0.978813,-0.031703,0.17445,-7.135215,52.13485,-2.07063,-0.041939,0.948899,0.064499,0.306058,-17.196646,5.663469,-0.818091,-0.112943,0.93152,0.016786,0.3453,5.336229,85.390335,25.25494,0.030482,0.895191,-0.192856,0.400637,13.382307,50.093388,26.948339,-0.038733,0.889237,0.053555,0.452646,3.436351,6.15536,42.209976,-0.041939,0.948899,0.064499,0.306058,-8.374535,1.722152,-12.724742,-0.038733,0.889237,0.053555,0.452646,15.420044,1.945162,33.619438
179,1.491667,-0.03122,0.939265,0.048953,0.338247,-1.882821,85.141472,19.296404,-0.039718,0.960504,0.097715,0.2575,-2.588624,92.781113,19.841267,-0.011393,0.967123,0.113179,0.227449,-5.273036,113.509476,23.387106,0.121561,0.982567,-0.040239,0.134779,-6.813612,133.921356,27.865696,0.182146,0.965562,-0.184283,0.023512,-2.70431,147.773575,25.390688,-0.014758,0.912591,0.088941,0.398809,-10.189919,128.346436,25.502157,0.430366,-0.524017,0.145075,-0.720517,-22.106804,129.115936,12.727395,0.282106,0.114274,-0.4596,-0.834341,-11.958013,112.725212,-2.922343,0.349634,0.19841,-0.546305,-0.734807,2.671238,134.782547,-4.742972,-0.016549,0.960487,0.160038,0.227108,-3.517221,128.127182,28.796705,0.354606,0.890478,0.157467,-0.237714,12.1564,127.411942,36.518414,-0.000148,0.231661,0.469608,-0.85194,27.936188,113.589272,23.233055,-0.010162,-0.012306,0.681181,-0.731941,16.887651,133.167007,13.579115,0.050272,0.913673,0.213114,0.342429,-9.098091,84.901993,13.307706,0.102417,0.978765,-0.031563,0.174741,-7.137838,52.135242,-2.053894,-0.041914,0.9489,0.064486,0.306061,-17.198488,5.663258,-0.817582,-0.112988,0.93146,0.017255,0.345425,5.332448,85.380951,25.285105,0.030546,0.895133,-0.192889,0.400746,13.392978,50.085903,26.949068,-0.038753,0.889261,0.053604,0.452592,3.438485,6.149462,42.209728,-0.041914,0.9489,0.064486,0.306061,-8.376548,1.72134,-12.724158,-0.038753,0.889261,0.053604,0.452592,15.421492,1.940805,33.617485
180,1.5,-0.030954,0.939248,0.048674,0.338359,-1.892456,85.137794,19.32942,-0.039197,0.960509,0.097656,0.257585,-2.593037,92.778107,19.871572,-0.011129,0.96711,0.113101,0.227559,-5.255189,113.50293,23.419611,0.121752,0.982538,-0.040302,0.134801,-6.784853,133.915787,27.897453,0.182859,0.96546,-0.184103,0.023569,-2.669908,147.76619,25.421551,-0.014347,0.912611,0.088712,0.398831,-10.163957,128.342728,25.533508,0.430575,-0.524248,0.14489,-0.720261,-22.080645,129.122238,12.759164,0.282387,0.11444,-0.459232,-0.834426,-11.941179,112.729599,-2.894621,0.349675,0.198459,-0.546125,-0.734907,2.703244,134.775803,-4.708666,-0.016134,0.960459,0.160128,0.227193,-3.491911,128.119766,28.829134,0.354993,0.890314,0.157565,-0.237684,12.180845,127.389381,36.551189,-0.00028,0.2318,0.470026,-0.851671,27.947701,113.553429,23.264318,-0.010397,-0.012341,0.681,-0.732105,16.922123,133.142868,13.611185,0.050244,0.913661,0.213229,0.342393,-9.106615,84.901352,13.339257,0.102423,0.978791,-0.031252,0.174647,-7.142152,52.137959,-2.028967,-0.042051,0.9489,0.064333,0.306076,-17.198154,5.664235,-0.82069,-0.112964,0.931318,0.018007,0.345777,5.321704,85.374245,25.319582,0.030513,0.895069,-0.193005,0.400837,13.398725,50.080715,26.935274,-0.038235,0.88921,0.05374,0.45272,3.441084,6.148344,42.205597,-0.042051,0.9489,0.064333,0.306076,-8.374877,1.719315,-12.725286,-0.038235,0.88921,0.05374,0.45272,15.422485,1.936234,33.612801
181,1.508333,-0.030741,0.939271,0.04852,0.338336,-1.894803,85.131577,19.36237,-0.038946,0.960512,0.0975,0.25767,-2.591499,92.772324,19.903435,-0.010599,0.967094,0.113103,0.22765,-5.242033,113.498856,23.447672,0.122325,0.982459,-0.040193,0.134894,-6.750646,133.912186,27.930555,0.183073,0.965411,-0.184145,0.023588,-2.619692,147.75885,25.460518,-0.013964,0.912673,0.088659,0.398715,-10.135426,128.343246,25.564999,0.430213,-0.524397,0.145234,-0.720299,-22.055742,129.13385,12.794723,0.282356,0.114376,-0.458903,-0.834626,-11.929005,112.734856,-2.860653,0.349806,0.198366,-0.545916,-0.735026,2.732535,134.77066,-4.670689,-0.015685,0.960389,0.160128,0.227521,-3.46382,128.112488,28.860981,0.35536,0.890079,0.157997,-0.237729,12.204209,127.365128,36.591,-0.000188,0.231713,0.470429,-0.851473,27.957075,113.522568,23.294416,-0.010507,-0.012258,0.68139,-0.731742,16.948263,133.122772,13.645223,0.050239,0.913694,0.213375,0.342214,-9.109503,84.897873,13.372752,0.102474,0.978809,-0.030971,0.174564,-7.143937,52.138966,-2.004889,-0.041907,0.948886,0.064344,0.306135,-17.199949,5.664569,-0.822796,-0.113139,0.931425,0.018294,0.345417,5.319898,85.36528,25.351986,0.030903,0.895322,-0.192974,0.400256,13.416299,50.075375,26.949602,-0.038238,0.889233,0.053815,0.452665,3.436586,6.144121,42.208736,-0.041907,0.948886,0.064344,0.306135,-8.376553,1.71864,-12.72697,-0.038238,0.889233,0.053815,0.452665,15.417245,1.934004,33.61393
182,1.516667,-0.030593,0.939286,0.048427,0.338321,-1.895472,85.128906,19.393137,-0.038554,0.960515,0.097463,0.257731,-2.589554,92.769928,19.933647,-0.010371,0.967078,0.113039,0.22776,-5.223845,113.496948,23.480396,0.123034,0.982371,-0.039837,0.134996,-6.723115,133.911087,27.962723,0.183418,0.965338,-0.1842,0.023461,-2.573108,147.754425,25.506098,-0.013292,0.912661,0.088777,0.398738,-10.110249,128.343781,25.596676,0.429834,-0.524528,0.145838,-0.720309,-22.030554,129.157562,12.827845,0.282326,0.114265,-0.458503,-0.834871,-11.919354,112.744011,-2.822298,0.349879,0.198146,-0.545535,-0.735333,2.763008,134.766235,-4.629052,-0.015468,0.960331,0.160521,0.227503,-3.439319,128.109772,28.893795,0.355907,0.889866,0.158377,-0.237455,12.229239,127.352058,36.621738,-5.3e-05,0.231563,0.470856,-0.851277,27.969242,113.491379,23.328798,-0.01057,-0.012071,0.681851,-0.731315,16.976711,133.103333,13.684977,0.050322,0.913733,0.21344,0.342057,-9.110531,84.897194,13.403874,0.102445,0.978841,-0.030687,0.174452,-7.151414,52.140892,-1.980153,-0.04197,0.94889,0.06435,0.306112,-17.199993,5.664265,-0.822809,-0.113145,0.931385,0.018709,0.3455,5.319586,85.360626,25.382401,0.031011,0.895306,-0.193008,0.400266,13.426598,50.071941,26.952892,-0.038281,0.889269,0.053856,0.452586,3.436293,6.142587,42.210533,-0.04197,0.94889,0.06435,0.306112,-8.376549,1.719084,-12.727195,-0.038281,0.889269,0.053856,0.452586,15.415981,1.934106,33.613564
183,1.525,-0.030485,0.939287,0.048404,0.338331,-1.894513,85.127243,19.424309,-0.038257,0.960505,0.097357,0.257852,-2.58691,92.76841,19.965038,-0.009891,0.967031,0.113225,0.227888,-5.208107,113.494698,23.510017,0.123343,0.982342,-0.039846,0.134916,-6.690305,133.907471,28.004187,0.183925,0.965279,-0.184025,0.023288,-2.531988,147.748444,25.548183,-0.013025,0.912622,0.0889,0.398808,-10.081913,128.344543,25.634312,0.429359,-0.524721,0.146207,-0.720377,-22.000521,129.168777,12.864564,0.282152,0.114214,-0.458184,-0.835112,-11.904739,112.749779,-2.789834,0.349879,0.198166,-0.545046,-0.73569,2.794825,134.763519,-4.58847,-0.015167,0.960303,0.160422,0.22771,-3.411707,128.102753,28.932339,0.356373,0.889619,0.158776,-0.237415,12.253878,127.334557,36.665279,1.8e-05,0.231588,0.471293,-0.851029,27.978361,113.46209,23.36627,-0.010865,-0.01194,0.68217,-0.731015,17.00758,133.083801,13.723477,0.050425,0.91374,0.213472,0.342003,-9.109571,84.897301,13.434977,0.102447,0.978861,-0.030402,0.17439,-7.157423,52.142738,-1.95363,-0.04186,0.948887,0.06445,0.306117,-17.201496,5.664504,-0.822189,-0.113173,0.931341,0.019118,0.345588,5.320545,85.357193,25.413641,0.031146,0.895314,-0.193061,0.400213,13.439462,50.070095,26.958006,-0.038591,0.889316,0.053821,0.452472,3.436516,6.143489,42.215317,-0.04186,0.948887,0.06445,0.306117,-8.378768,1.721074,-12.727685,-0.038591,0.889316,0.053821,0.452472,15.416641,1.93829,33.617355
184,1.533333,-0.030381,0.939299,0.048412,0.338305,-1.893085,85.127678,19.454428,-0.037984,0.960503,0.097311,0.257918,-2.584004,92.768929,19.995836,-0.009423,0.967007,0.113321,0.227961,-5.193533,113.493919,23.541382,0.123638,0.982301,-0.03995,0.134915,-6.658009,133.906174,28.043751,0.184434,0.965214,-0.183853,0.023342,-2.491126,147.744263,25.586012,-0.012585,0.912625,0.088829,0.398832,-10.054393,128.347168,25.671473,0.42906,-0.524814,0.146576,-0.720412,-21.972734,129.184555,12.902337,0.282069,0.11409,-0.457905,-0.83531,-11.887174,112.757896,-2.750602,0.349765,0.198136,-0.544705,-0.736005,2.827173,134.761322,-4.547311,-0.01451,0.960283,0.160321,0.227909,-3.384552,128.098206,28.9697,0.35658,0.889474,0.159259,-0.237325,12.278535,127.307602,36.705429,6e-05,0.231469,0.471594,-0.850895,27.997812,113.43354,23.40193,-0.010863,-0.011976,0.682404,-0.730796,17.037834,133.064896,13.76432,0.050591,0.913674,0.213425,0.342185,-9.108581,84.89959,13.465553,0.102431,0.978916,-0.030045,0.174149,-7.16548,52.144779,-1.923659,-0.041969,0.94888,0.064438,0.306125,-17.201981,5.664167,-0.822716,-0.11317,0.931293,0.019409,0.3457,5.322412,85.355774,25.443304,0.031255,0.895301,-0.193003,0.400263,13.448156,50.069427,26.968897,-0.038688,0.889306,0.053879,0.452476,3.437317,6.141335,42.216717,-0.041969,0.94888,0.064438,0.306125,-8.378063,1.721451,-12.727569,-0.038688,0.889306,0.053879,0.452476,15.418566,1.938963,33.618942
185,1.541667,-0.03021,0.93932,0.048308,0.338278,-1.894592,85.125061,19.486742,-0.037731,0.960499,0.097242,0.257996,-2.582489,92.766617,20.027559,-0.009106,0.966984,0.11333,0.228068,-5.181251,113.492729,23.572886,0.123835,0.982258,-0.039976,0.135039,-6.633483,133.905136,28.078508,0.185024,0.965129,-0.183669,0.023603,-2.46048,147.741501,25.62142,-0.012191,0.912586,0.088793,0.39894,-10.033035,128.348679,25.704798,0.429108,-0.524882,0.14674,-0.7203,-21.948683,129.198486,12.933972,0.282202,0.11417,-0.457597,-0.835423,-11.869081,112.764061,-2.714668,0.349647,0.198176,-0.544269,-0.736372,2.859749,134.759308,-4.505819,-0.014081,0.960246,0.160399,0.228039,-3.363829,128.09494,29.003942,0.35686,0.88945,0.158536,-0.23748,12.297622,127.288582,36.741356,-0.000317,0.23175,0.472015,-0.850584,28.003323,113.395271,23.441912,-0.01092,-0.012071,0.682721,-0.730498,17.067179,133.044769,13.803085,0.050785,0.913612,0.213443,0.342311,-9.11063,84.899284,13.498434,0.102361,0.978898,-0.029766,0.174342,-7.17773,52.146454,-1.896291,-0.041944,0.94888,0.064478,0.306122,-17.203457,5.662891,-0.822098,-0.113252,0.931316,0.019813,0.345589,5.321447,85.350838,25.475048,0.031471,0.895411,-0.193016,0.399993,13.462879,50.066982,26.974487,-0.038236,0.889307,0.054034,0.452495,3.437755,6.140661,42.218018,-0.041944,0.94888,0.064478,0.306122,-8.379759,1.721072,-12.727406,-0.038236,0.889307,0.054034,0.452495,15.41596,1.936221,33.61702
186,1.55,-0.030048,0.93936,0.048112,0.338208,-1.895501,85.120079,19.521994,-0.037346,0.96053,0.097212,0.257947,-2.580008,92.762077,20.060883,-0.008743,0.967002,0.113266,0.228037,-5.162417,113.487961,23.609104,0.124536,0.98218,-0.039556,0.135085,-6.599184,133.901245,28.115702,0.185086,0.965102,-0.183765,0.023475,-2.407816,147.734695,25.673536,-0.01188,0.912713,0.08866,0.398689,-10.003115,128.347351,25.742287,0.429083,-0.525034,0.146589,-0.720235,-21.926027,129.204376,12.978724,0.282317,0.114164,-0.4573,-0.835548,-11.852137,112.773254,-2.677041,0.349706,0.198124,-0.544004,-0.736554,2.889869,134.757034,-4.465876,-0.013683,0.960206,0.160376,0.228247,-3.333607,128.088654,29.040436,0.357141,0.889275,0.159092,-0.23734,12.324905,127.267906,36.782284,4.8e-05,0.231512,0.4723,-0.850491,28.023922,113.370728,23.478983,-0.010746,-0.012206,0.683196,-0.730054,17.095631,133.02565,13.842741,0.050986,0.913478,0.213637,0.342518,-9.112607,84.895821,13.534914,0.102351,0.979065,-0.029421,0.173465,-7.184543,52.150475,-1.876335,-0.042029,0.948883,0.064342,0.306127,-17.202806,5.66479,-0.825057,-0.11334,0.931404,0.02016,0.345302,5.321606,85.34433,25.509071,0.031729,0.895497,-0.193,0.399787,13.477966,50.062931,26.984818,-0.038263,0.889316,0.053992,0.452479,3.435018,6.137568,42.219398,-0.042029,0.948883,0.064342,0.306127,-8.378446,1.719962,-12.728879,-0.038263,0.889316,0.053992,0.452479,15.41301,1.932375,33.618469
187,1.558333,-0.029829,0.93941,0.047947,0.338113,-1.896927,85.117805,19.554874,-0.03719,0.960537,0.09716,0.257965,-2.577364,92.760246,20.092615,-0.008222,0.966987,0.11341,0.228049,-5.15327,113.489822,23.640865,0.124898,0.982175,-0.039315,0.134862,-6.570351,133.902115,28.158203,0.185782,0.965015,-0.18357,0.023099,-2.37062,147.734283,25.72323,-0.011552,0.912589,0.088514,0.399016,-9.97974,128.352661,25.782215,0.428694,-0.52521,0.147038,-0.720247,-21.893793,129.219208,13.011024,0.282098,0.114118,-0.457031,-0.835775,-11.835622,112.778328,-2.644615,0.349543,0.198033,-0.543772,-0.736828,2.920561,134.754501,-4.424852,-0.013162,0.960177,0.16037,0.228406,-3.310179,128.085953,29.079617,0.35735,0.889157,0.159469,-0.237215,12.346284,127.246841,36.823635,0.000158,0.23157,0.472576,-0.850322,28.040838,113.345978,23.518934,-0.010913,-0.012343,0.683472,-0.729791,17.127222,133.006104,13.880229,0.051043,0.913445,0.213704,0.342553,-9.115483,84.896255,13.569445,0.102369,0.979148,-0.029058,0.173046,-7.188822,52.153427,-1.847327,-0.042039,0.948896,0.064245,0.306107,-17.20236,5.666047,-0.82591,-0.113387,0.931421,0.020526,0.34522,5.32163,85.339355,25.540304,0.031909,0.895548,-0.192976,0.39967,13.490343,50.059803,26.991787,-0.038292,0.889327,0.054039,0.45245,3.43497,6.134638,42.218746,-0.042039,0.948896,0.064245,0.306107,-8.378602,1.718576,-12.729302,-0.038292,0.889327,0.054039,0.45245,15.412831,1.931082,33.616837
188,1.566667,-0.029709,0.939466,0.047937,0.337969,-1.890311,85.116745,19.586758,-0.037047,0.960567,0.09711,0.257894,-2.568887,92.759308,20.125072,-0.007767,0.966996,0.113544,0.227962,-5.137934,113.48777,23.672749,0.12546,0.982118,-0.039169,0.134794,-6.537433,133.899094,28.199928,0.185986,0.965006,-0.183421,0.023005,-2.322821,147.727814,25.771042,-0.011172,0.912581,0.088447,0.39906,-9.95192,128.35347,25.822317,0.427988,-0.525366,0.147538,-0.720451,-21.865053,129.231339,13.051042,0.281633,0.113906,-0.456767,-0.836106,-11.822349,112.786194,-2.610038,0.349249,0.197891,-0.543573,-0.737152,2.950327,134.754349,-4.382601,-0.012926,0.960141,0.160547,0.228446,-3.281659,128.07991,29.117744,0.357874,0.888856,0.160119,-0.237115,12.374388,127.231239,36.861576,0.000308,0.231282,0.473026,-0.85015,28.052681,113.319435,23.549124,-0.011156,-0.012391,0.683951,-0.729337,17.153793,132.991928,13.921231,0.051181,0.913464,0.213772,0.342441,-9.11083,84.897072,13.603628,0.102387,0.979191,-0.028737,0.172849,-7.193428,52.157372,-1.820929,-0.041933,0.948894,0.064238,0.306131,-17.203295,5.668604,-0.827641,-0.113335,0.931444,0.020784,0.34516,5.330209,85.336418,25.569889,0.032076,0.895584,-0.192948,0.399591,13.501993,50.056793,27.002113,-0.038364,0.889352,0.054071,0.452392,3.434739,6.131622,42.221191,-0.041933,0.948894,0.064238,0.306131,-8.37995,1.719921,-12.730937,-0.038364,0.889352,0.054071,0.452392,15.412247,1.929866,33.617905
189,1.575,-0.029676,0.939502,0.047956,0.33787,-1.886536,85.115623,19.616953,-0.036748,0.960566,0.097146,0.257924,-2.564669,92.758194,20.155794,-0.007467,0.966972,0.113609,0.228039,-5.121966,113.486656,23.708059,0.125512,0.982099,-0.039262,0.134855,-6.510314,133.897537,28.240618,0.18648,0.964976,-0.183044,0.023251,-2.293666,147.725266,25.809618,-0.010829,0.91252,0.0886,0.399175,-9.927725,128.354507,25.8612,0.427461,-0.525483,0.147976,-0.720588,-21.837931,129.245834,13.08812,0.281362,0.113835,-0.456549,-0.836325,-11.80773,112.795258,-2.575286,0.349173,0.19789,-0.543303,-0.737387,2.977139,134.757629,-4.339927,-0.012603,0.960115,0.1607,0.228464,-3.257922,128.076263,29.157162,0.358058,0.888791,0.160065,-0.237116,12.398129,127.215431,36.899643,9e-05,0.231237,0.473244,-0.850041,28.069881,113.296059,23.587408,-0.011318,-0.012345,0.684364,-0.728948,17.179371,132.978851,13.967029,0.051302,0.913481,0.213796,0.342362,-9.108354,84.896561,13.635365,0.102387,0.979188,-0.028462,0.172913,-7.199693,52.158501,-1.793756,-0.041923,0.948885,0.064333,0.306138,-17.205103,5.668214,-0.826686,-0.113332,0.931442,0.021133,0.345144,5.335281,85.334686,25.598541,0.03223,0.895608,-0.193,0.399498,13.515535,50.056068,27.007038,-0.038648,0.889405,0.054,0.45227,3.434828,6.133759,42.225468,-0.041923,0.948885,0.064333,0.306138,-8.381495,1.722129,-12.730651,-0.038648,0.889405,0.054,0.45227,15.412262,1.933966,33.621117
190,1.583333,-0.029588,0.939541,0.047939,0.337769,-1.882016,85.116585,19.649172,-0.036333,0.960567,0.097189,0.257962,-2.558741,92.759254,20.188292,-0.007376,0.966941,0.113638,0.228163,-5.0992,113.483658,23.745928,0.125631,0.982055,-0.039379,0.135034,-6.484708,133.894318,28.280321,0.186841,0.964961,-0.182713,0.023602,-2.263608,147.720352,25.847351,-0.010191,0.91254,0.088681,0.399127,-9.902624,128.352188,25.899523,0.427828,-0.52577,0.147621,-0.720235,-21.814623,129.264862,13.129624,0.281605,0.11397,-0.456203,-0.836414,-11.794171,112.81395,-2.539665,0.349002,0.197849,-0.543035,-0.737677,3.003765,134.76355,-4.298263,-0.012239,0.96007,0.160809,0.228598,-3.233639,128.072327,29.197004,0.358433,0.888573,0.160382,-0.237152,12.420584,127.197632,36.941624,-6.6e-05,0.231201,0.473756,-0.849765,28.078136,113.269615,23.621721,-0.011459,-0.012489,0.684381,-0.728927,17.211481,132.967346,14.010408,0.051298,0.913575,0.213737,0.34215,-9.105201,84.898834,13.669187,0.102459,0.979278,-0.028015,0.172428,-7.201378,52.158905,-1.756574,-0.04194,0.948873,0.064383,0.306164,-17.205803,5.667636,-0.827377,-0.113353,0.931473,0.021431,0.345036,5.341169,85.334328,25.629156,0.032402,0.895605,-0.192981,0.399499,13.530374,50.056969,27.017101,-0.038617,0.889418,0.054071,0.452241,3.435704,6.135011,42.227287,-0.04194,0.948873,0.064383,0.306164,-8.381302,1.723121,-12.731199,-0.038617,0.889418,0.054071,0.452241,15.412563,1.936651,33.621433
191,1.591667,-0.029433,0.939573,0.047902,0.337701,-1.880355,85.11351,19.682213,-0.036037,0.960562,0.097169,0.258031,-2.554609,92.756378,20.221659,-0.006976,0.966902,0.11379,0.228263,-5.08297,113.48114,23.781473,0.126671,0.981942,-0.038759,0.135065,-6.454156,133.89061,28.325642,0.186665,0.965002,-0.182731,0.023172,-2.205966,147.712173,25.914557,-0.009944,0.912546,0.088662,0.399124,-9.875824,128.352112,25.941744,0.427822,-0.52603,0.147356,-0.720102,-21.788076,129.272385,13.172632,0.281563,0.114086,-0.455985,-0.836531,-11.777361,112.826523,-2.508178,0.348798,0.198014,-0.542839,-0.737873,3.028625,134.769119,-4.256529,-0.011805,0.960054,0.160786,0.228701,-3.207433,128.065796,29.239868,0.358562,0.88843,0.160858,-0.237171,12.445503,127.176094,36.985378,-0.00013,0.231086,0.474049,-0.849634,28.098001,113.250648,23.656845,-0.011462,-0.012585,0.684415,-0.728894,17.243313,132.95639,14.054164,0.051399,0.913571,0.213831,0.342087,-9.10458,84.898178,13.703397,0.102442,0.979208,-0.02781,0.172869,-7.206088,52.161919,-1.730803,-0.042012,0.948893,0.064362,0.306097,-17.206053,5.669233,-0.824935,-0.113459,0.931467,0.021753,0.344996,5.343869,85.328835,25.661028,0.03267,0.895676,-0.192986,0.399317,13.548221,50.054241,27.029573,-0.038674,0.889431,0.054107,0.452206,3.433706,6.13414,42.231926,-0.042012,0.948893,0.064362,0.306097,-8.382567,1.724773,-12.729524,-0.038674,0.889431,0.054107,0.452206,15.410534,1.937486,33.625206
192,1.6,-0.029323,0.939619,0.047876,0.337587,-1.871935,85.110176,19.714987,-0.036036,0.960555,0.097188,0.258049,-2.544396,92.753181,20.254717,-0.0066,0.966883,0.11394,0.228279,-5.073365,113.480927,23.815804,0.126974,0.981936,-0.038638,0.134858,-6.43086,133.889175,28.36956,0.187305,0.96497,-0.182283,0.02287,-2.1755,147.709167,25.962141,-0.009809,0.912496,0.088856,0.399198,-9.856297,128.35405,25.983242,0.427747,-0.526176,0.147249,-0.720062,-21.766579,129.281601,13.212815,0.281485,0.114118,-0.455773,-0.836669,-11.761937,112.838722,-2.474986,0.348552,0.198082,-0.542641,-0.738116,3.05327,134.774261,-4.215971,-0.011267,0.960077,0.160846,0.228593,-3.18794,128.061798,29.280918,0.358723,0.888342,0.160984,-0.237171,12.46716,127.15416,37.019974,-0.000438,0.231079,0.47434,-0.849473,28.113943,113.224686,23.688942,-0.011706,-0.012699,0.684538,-0.728772,17.271883,132.94368,14.094834,0.051437,0.913648,0.213924,0.341818,-9.097729,84.896507,13.738008,0.102533,0.979284,-0.027461,0.172441,-7.203887,52.163399,-1.703453,-0.04213,0.948901,0.064208,0.306088,-17.206207,5.670646,-0.827197,-0.11339,0.931435,0.022114,0.345083,5.35386,85.323845,25.691965,0.032769,0.895594,-0.192987,0.399491,13.562429,50.049255,27.035194,-0.038801,0.889448,0.054115,0.452159,3.436477,6.12981,42.231838,-0.04213,0.948901,0.064208,0.306088,-8.382126,1.722987,-12.730287,-0.038801,0.889448,0.054115,0.452159,15.413562,1.935083,33.624531
193,1.608333,-0.029213,0.939654,0.047726,0.337518,-1.86452,85.105827,19.752104,-0.035907,0.960589,0.097158,0.257953,-2.534586,92.749153,20.290298,-0.006314,0.96691,0.11397,0.228158,-5.057313,113.474884,23.851389,0.127197,0.981931,-0.038396,0.134752,-6.402919,133.882996,28.409237,0.187659,0.964977,-0.181885,0.022838,-2.142583,147.702713,26.00902,-0.009496,0.912479,0.088927,0.399229,-9.83194,128.350067,26.022995,0.427363,-0.526294,0.147388,-0.720175,-21.74157,129.288681,13.252767,0.281157,0.114029,-0.455633,-0.836867,-11.745111,112.847542,-2.442075,0.34826,0.198035,-0.542595,-0.738301,3.079044,134.779984,-4.175887,-0.010957,0.960081,0.160991,0.228485,-3.162703,128.053802,29.318533,0.358951,0.888191,0.161178,-0.23726,12.494357,127.135216,37.05233,-0.000593,0.230815,0.474591,-0.849404,28.130903,113.201378,23.713854,-0.01205,-0.012934,0.685195,-0.728145,17.293158,132.933487,14.133893,0.051482,0.913737,0.21409,0.341469,-9.091305,84.893059,13.776291,0.102622,0.979362,-0.027113,0.172,-7.202101,52.165443,-1.677366,-0.041918,0.948883,0.064211,0.306172,-17.206596,5.672613,-0.830478,-0.113367,0.931445,0.022557,0.345036,5.362264,85.318604,25.727919,0.032974,0.895578,-0.193,0.399506,13.580319,50.045059,27.040258,-0.038807,0.889422,0.054145,0.452207,3.436206,6.127357,42.229824,-0.041918,0.948883,0.064211,0.306172,-8.382442,1.723063,-12.732885,-0.038807,0.889422,0.054145,0.452207,15.414351,1.933509,33.623569
194,1.616667,-0.0293,0.939673,0.047754,0.337455,-1.850064,85.098549,19.785511,-0.035839,0.96059,0.097173,0.257952,-2.521487,92.74176,20.323692,-0.005992,0.966899,0.11409,0.228152,-5.041991,113.470528,23.886656,0.127463,0.981883,-0.038396,0.134852,-6.375657,133.87767,28.452396,0.187808,0.964989,-0.181635,0.023106,-2.107505,147.695236,26.053747,-0.009123,0.912432,0.088905,0.399351,-9.808007,128.347595,26.064322,0.426867,-0.526417,0.147634,-0.72033,-21.714479,129.298203,13.29204,0.280832,0.114024,-0.455521,-0.837038,-11.728033,112.857498,-2.409643,0.348199,0.198049,-0.542504,-0.738392,3.10274,134.788788,-4.133254,-0.010674,0.960049,0.161154,0.228521,-3.138673,128.04628,29.359207,0.359091,0.888052,0.16182,-0.237132,12.518038,127.116707,37.092392,-0.000617,0.230696,0.474743,-0.849352,28.152584,113.185692,23.748621,-0.012523,-0.012996,0.685545,-0.727807,17.318592,132.924255,14.174257,0.051659,0.913794,0.214289,0.341163,-9.077547,84.884354,13.810595,0.10269,0.979499,-0.026842,0.171222,-7.200098,52.164257,-1.660405,-0.041995,0.948874,0.064232,0.306184,-17.205822,5.671361,-0.831944,-0.113255,0.931471,0.022907,0.344979,5.37742,85.312737,25.760429,0.033105,0.895536,-0.193047,0.399564,13.596815,50.038517,27.045822,-0.038739,0.88947,0.054264,0.452104,3.438778,6.123376,42.233501,-0.041995,0.948874,0.064232,0.306184,-8.38062,1.72313,-12.734015,-0.038739,0.88947,0.054264,0.452104,15.414804,1.931697,33.623234
195,1.625,-0.029384,0.939712,0.047753,0.337339,-1.837868,85.095848,19.819773,-0.035757,0.960586,0.097175,0.25798,-2.510437,92.738983,20.357582,-0.005581,0.966876,0.114219,0.228195,-5.027398,113.465286,23.921001,0.127409,0.981908,-0.038131,0.134792,-6.345828,133.871384,28.495806,0.188157,0.964975,-0.181347,0.023088,-2.08029,147.690994,26.104141,-0.008759,0.912393,0.088993,0.399429,-9.782308,128.34494,26.105286,0.426646,-0.526593,0.147614,-0.720335,-21.686823,129.308624,13.332157,0.280624,0.114133,-0.455425,-0.837145,-11.709292,112.870621,-2.378009,0.348085,0.198096,-0.542537,-0.73841,3.125325,134.801315,-4.089696,-0.010453,0.960004,0.161493,0.228479,-3.113195,128.037186,29.400021,0.359237,0.887882,0.162437,-0.237127,12.544343,127.097664,37.130337,-0.000669,0.230414,0.474987,-0.849292,28.173843,113.170502,23.776634,-0.01275,-0.013263,0.685829,-0.72753,17.345337,132.917526,14.216325,0.05187,0.913781,0.214423,0.341083,-9.066735,84.880035,13.846588,0.102702,0.979386,-0.026693,0.171881,-7.201126,52.165668,-1.637959,-0.042101,0.94889,0.064182,0.306131,-17.206156,5.672255,-0.830288,-0.11322,0.931527,0.023211,0.344818,5.391,85.311661,25.792957,0.03334,0.895551,-0.193051,0.39951,13.615814,50.037872,27.055498,-0.038325,0.889462,0.054381,0.452141,3.438579,6.124365,42.235035,-0.042101,0.94889,0.064182,0.306131,-8.381348,1.7236,-12.732511,-0.038325,0.889462,0.054381,0.452141,15.412103,1.930135,33.62254
196,1.633333,-0.029421,0.939758,0.047772,0.337206,-1.82615,85.093201,19.852942,-0.035695,0.960592,0.097174,0.257966,-2.499275,92.736275,20.390928,-0.005314,0.966843,0.114531,0.228186,-5.013927,113.465187,23.955437,0.128276,0.981824,-0.037811,0.134677,-6.324488,133.868423,28.545273,0.188256,0.965012,-0.181101,0.022678,-2.036346,147.68309,26.165585,-0.008448,0.912287,0.089113,0.39965,-9.763175,128.345001,26.150936,0.426041,-0.526676,0.147979,-0.720558,-21.661694,129.32103,13.37316,0.280148,0.114052,-0.455394,-0.837333,-11.693867,112.882401,-2.342506,0.34777,0.198337,-0.542362,-0.738622,3.142533,134.811157,-4.044661,-0.009993,0.959997,0.16168,0.228396,-3.093956,128.032364,29.444996,0.35926,0.887797,0.162544,-0.237336,12.56524,127.076378,37.169926,-0.001018,0.23033,0.475312,-0.849132,28.188953,113.152626,23.805901,-0.012769,-0.013516,0.686072,-0.727296,17.373028,132.914597,14.258413,0.051992,0.913811,0.214568,0.340891,-9.056652,84.876717,13.88176,0.102744,0.97941,-0.02648,0.17175,-7.198652,52.167786,-1.615189,-0.042094,0.948926,0.064219,0.306013,-17.203976,5.674109,-0.826654,-0.113192,0.931547,0.023536,0.344751,5.404351,85.309685,25.824123,0.033568,0.895594,-0.193102,0.39937,13.635498,50.036549,27.063459,-0.038147,0.88947,0.054488,0.452126,3.439289,6.126377,42.239899,-0.042094,0.948926,0.064219,0.306013,-8.382057,1.726382,-12.731325,-0.038147,0.88947,0.054488,0.452126,15.411382,1.932553,33.625214
197,1.641667,-0.029494,0.939784,0.047829,0.337117,-1.810742,85.086853,19.884014,-0.035583,0.960606,0.097169,0.25793,-2.485161,92.729774,20.422518,-0.00508,0.966829,0.114732,0.228148,-4.9951,113.459251,23.988197,0.12844,0.981822,-0.037543,0.134608,-6.29793,133.860657,28.588346,0.188562,0.965019,-0.18075,0.022642,-2.006365,147.675629,26.216566,-0.007811,0.912445,0.08898,0.399332,-9.73885,128.33963,26.191679,0.426011,-0.52674,0.14774,-0.720578,-21.646626,129.333099,13.423881,0.280106,0.114018,-0.455271,-0.837418,-11.678649,112.902283,-2.299859,0.347646,0.198297,-0.542218,-0.738796,3.162558,134.824661,-3.999974,-0.009578,0.959972,0.161708,0.228501,-3.069342,128.02301,29.48477,0.35911,0.887731,0.163314,-0.237281,12.588455,127.052269,37.21069,-0.001181,0.230127,0.47535,-0.849166,28.218845,113.144943,23.837372,-0.012962,-0.013652,0.685966,-0.72739,17.401482,132.908569,14.302924,0.052182,0.913819,0.214691,0.340763,-9.042292,84.869362,13.91414,0.102823,0.979428,-0.026272,0.171636,-7.195832,52.16568,-1.595256,-0.042167,0.948903,0.064221,0.306072,-17.204992,5.672503,-0.826309,-0.113217,0.931595,0.023823,0.344594,5.420806,85.304344,25.853888,0.033905,0.895682,-0.193168,0.399111,13.660892,50.032597,27.073086,-0.038245,0.889507,0.054464,0.45205,3.437973,6.126994,42.244785,-0.042167,0.948903,0.064221,0.306072,-8.380936,1.725534,-12.729642,-0.038245,0.889507,0.054464,0.45205,15.409377,1.933823,33.628834
198,1.65,-0.029437,0.939824,0.047811,0.337013,-1.798842,85.081886,19.912237,-0.035446,0.96062,0.097294,0.257851,-2.472285,92.724892,20.450846,-0.004908,0.96684,0.114791,0.228078,-4.977247,113.449982,24.022615,0.1286,0.981811,-0.037294,0.134608,-6.273324,133.850891,28.626896,0.188834,0.965035,-0.180367,0.022756,-1.978123,147.666031,26.262791,-0.007646,0.912317,0.089366,0.399541,-9.71628,128.331314,26.229795,0.425186,-0.526748,0.14824,-0.720956,-21.618309,129.336105,13.457523,0.279419,0.114036,-0.455333,-0.837611,-11.658103,112.906029,-2.27192,0.347419,0.198352,-0.542173,-0.738921,3.182318,134.835464,-3.954642,-0.009363,0.959918,0.162026,0.228509,-3.046268,128.012131,29.52162,0.359363,0.887426,0.164861,-0.236968,12.611538,127.031563,37.246288,-0.000938,0.229644,0.475565,-0.849176,28.240234,113.134193,23.860651,-0.013358,-0.013792,0.685966,-0.72738,17.424015,132.900558,14.342249,0.052283,0.913836,0.214772,0.34065,-9.031763,84.865166,13.943997,0.102899,0.979463,-0.026017,0.171425,-7.191811,52.16478,-1.573128,-0.04213,0.948896,0.064274,0.30609,-17.203764,5.671829,-0.827016,-0.11322,0.931621,0.024082,0.344506,5.434079,85.298607,25.880476,0.034168,0.895685,-0.193181,0.399077,13.680872,50.027813,27.08152,-0.03828,0.889473,0.054563,0.452101,3.435635,6.12441,42.24453,-0.04213,0.948896,0.064274,0.30609,-8.379507,1.726028,-12.730591,-0.03828,0.889473,0.054563,0.452101,15.408689,1.934346,33.629349
199,1.658333,-0.029274,0.939852,0.047851,0.336944,-1.791618,85.074463,19.94178,-0.035362,0.96062,0.097306,0.257857,-2.462872,92.717552,20.481869,-0.004543,0.966824,0.114958,0.22807,-4.964559,113.442551,24.055014,0.128888,0.981778,-0.037107,0.134623,-6.247417,133.841995,28.669447,0.188957,0.965062,-0.180082,0.022822,-1.94474,147.655914,26.311844,-0.007492,0.912414,0.089256,0.399347,-9.694057,128.325775,26.26996,0.42508,-0.526872,0.147828,-0.721013,-21.601578,129.333313,13.503029,0.279198,0.11416,-0.455221,-0.837729,-11.64181,112.917732,-2.241832,0.347135,0.198384,-0.542068,-0.739123,3.201897,134.844666,-3.911276,-0.009279,0.959905,0.162301,0.228373,-3.023937,128.000778,29.560999,0.359462,0.887525,0.162655,-0.237968,12.636107,127.015984,37.280579,-0.002247,0.230111,0.475921,-0.848848,28.237694,113.094566,23.888308,-0.013791,-0.014104,0.686005,-0.727329,17.444414,132.890396,14.381067,0.052463,0.913695,0.21498,0.340871,-9.025593,84.860794,13.974707,0.102938,0.979466,-0.025871,0.171411,-7.188478,52.168274,-1.559313,-0.041981,0.948916,0.064167,0.30607,-17.201641,5.675361,-0.827273,-0.113284,0.931623,0.024443,0.344452,5.442358,85.288139,25.908852,0.034402,0.895683,-0.193226,0.39904,13.702437,50.019657,27.086645,-0.03838,0.889484,0.054585,0.452068,3.436281,6.119412,42.244659,-0.041981,0.948916,0.064167,0.30607,-8.379485,1.725103,-12.730925,-0.03838,0.889484,0.054585,0.452068,15.409639,1.93126,33.628975
200,1.666667,-0.029225,0.939897,0.047797,0.336832,-1.779624,85.068596,19.973209,-0.03544,0.960619,0.097427,0.257806,-2.44983,92.711807,20.512844,-0.004161,0.966825,0.115127,0.227988,-4.955995,113.437119,24.09037,0.128882,0.981794,-0.036945,0.134559,-6.224578,133.835068,28.715342,0.189242,0.965059,-0.179787,0.022928,-1.922884,147.650024,26.36198,-0.007234,0.912455,0.089159,0.39928,-9.67536,128.322266,26.313942,0.42463,-0.526964,0.14774,-0.721229,-21.584879,129.336472,13.549408,0.278847,0.114132,-0.455056,-0.837939,-11.628616,112.932327,-2.209552,0.346887,0.198418,-0.541924,-0.739336,3.224383,134.855881,-3.868151,-0.008979,0.95991,0.162514,0.228212,-3.004641,127.991333,29.603168,0.359729,0.88716,0.164999,-0.237315,12.658159,126.995674,37.31575,-0.001306,0.229228,0.476146,-0.848963,28.265636,113.0914,23.912542,-0.013614,-0.014614,0.686306,-0.727039,17.466402,132.882385,14.421803,0.052453,0.91374,0.215135,0.340655,-9.015068,84.855309,14.007908,0.103102,0.979518,-0.025601,0.171053,-7.176973,52.167545,-1.535983,-0.041955,0.948919,0.064146,0.306069,-17.200651,5.676526,-0.82818,-0.113246,0.931629,0.024733,0.344429,5.455819,85.281876,25.938511,0.034621,0.895678,-0.193223,0.399032,13.720629,50.013828,27.095568,-0.038541,0.889488,0.054619,0.452042,3.436077,6.114927,42.244984,-0.041955,0.948919,0.064146,0.306069,-8.378794,1.725421,-12.731767,-0.038541,0.889488,0.054619,0.452042,15.410482,1.929871,33.629261
201,1.675,-0.029213,0.939929,0.04788,0.336731,-1.766844,85.062889,20.001564,-0.035375,0.960621,0.097466,0.25779,-2.437247,92.705986,20.542543,-0.003927,0.966801,0.115361,0.227973,-4.941083,113.430916,24.122383,0.129092,0.981787,-0.036717,0.134469,-6.202342,133.826691,28.758924,0.189539,0.965079,-0.17938,0.022832,-1.895919,147.641342,26.412401,-0.006957,0.912417,0.089699,0.39925,-9.65519,128.316422,26.354683,0.42461,-0.527162,0.147466,-0.721152,-21.565687,129.346939,13.592358,0.278736,0.114246,-0.454874,-0.838059,-11.615776,112.949493,-2.17759,0.346634,0.198451,-0.541792,-0.739543,3.243574,134.867279,-3.824911,-0.008716,0.959881,0.162725,0.228196,-2.984338,127.981361,29.643227,0.359856,0.886979,0.165558,-0.23741,12.678888,126.975273,37.353607,-0.001259,0.228865,0.476404,-0.848916,28.279587,113.076019,23.937311,-0.013679,-0.015068,0.686664,-0.72669,17.484781,132.875,14.461549,0.052551,0.913795,0.215279,0.340401,-9.00358,84.850243,14.037803,0.103163,0.979536,-0.025422,0.170939,-7.172603,52.167702,-1.51791,-0.041834,0.948923,0.06421,0.306059,-17.198997,5.677021,-0.826606,-0.113362,0.93168,0.025147,0.344222,5.469892,85.275536,25.965324,0.034965,0.895674,-0.193375,0.398939,13.75286,50.010872,27.095514,-0.038253,0.889459,0.05461,0.452125,3.434988,6.119818,42.24501,-0.041834,0.948923,0.06421,0.306059,-8.378399,1.726571,-12.731348,-0.038253,0.889459,0.05461,0.452125,15.408418,1.930634,33.629925
202,1.683333,-0.029325,0.939991,0.048025,0.336526,-1.752231,85.058044,20.029688,-0.035094,0.960657,0.097534,0.257669,-2.42488,92.700836,20.572315,-0.003878,0.966788,0.115625,0.227898,-4.917131,113.422134,24.15765,0.12973,0.981749,-0.036167,0.13428,-6.178576,133.815369,28.805304,0.189637,0.965123,-0.179099,0.02232,-1.85696,147.628189,26.475969,-0.006615,0.912425,0.089972,0.399176,-9.631549,128.306229,26.398638,0.424524,-0.527437,0.147088,-0.721079,-21.544271,129.351227,13.639574,0.278588,0.114382,-0.4547,-0.838185,-11.603257,112.96431,-2.146925,0.346498,0.198457,-0.541693,-0.739678,3.262599,134.878082,-3.781279,-0.00841,0.959839,0.162936,0.228234,-2.960179,127.969704,29.68598,0.359907,0.886808,0.166032,-0.237639,12.702617,126.951424,37.395626,-0.001421,0.228534,0.476607,-0.848891,28.296099,113.060471,23.962345,-0.013709,-0.015175,0.68676,-0.726596,17.504063,132.867905,14.505011,0.052639,0.913806,0.215447,0.340251,-8.99143,84.844116,14.068964,0.103273,0.979548,-0.02525,0.170831,-7.1645,52.1675,-1.499672,-0.041841,0.948934,0.064268,0.306011,-17.198225,5.678153,-0.825111,-0.11342,0.931739,0.025411,0.344025,5.486969,85.271973,25.990412,0.035312,0.89575,-0.193473,0.398689,13.78056,50.009228,27.102491,-0.038262,0.889491,0.054569,0.452066,3.433725,6.124106,42.249416,-0.041841,0.948934,0.064268,0.306011,-8.378639,1.729376,-12.731159,-0.038262,0.889491,0.054569,0.452066,15.405965,1.933954,33.633152
203,1.691667,-0.02934,0.940023,0.04813,0.336423,-1.738604,85.053917,20.055637,-0.035049,0.96065,0.097714,0.257635,-2.411947,92.696533,20.599773,-0.003586,0.966772,0.115845,0.227859,-4.904159,113.41629,24.192896,0.129899,0.981739,-0.036011,0.134233,-6.155673,133.807465,28.852215,0.189795,0.965151,-0.17878,0.02234,-1.830053,147.619843,26.527754,-0.006376,0.912322,0.090558,0.399284,-9.611485,128.30127,26.442919,0.42454,-0.527656,0.146889,-0.72095,-21.521303,129.362442,13.682476,0.278458,0.114487,-0.454594,-0.838271,-11.588864,112.978554,-2.112561,0.346169,0.198591,-0.541686,-0.739801,3.279853,134.889069,-3.736906,-0.008224,0.959844,0.16316,0.228058,-2.939822,127.959846,29.729158,0.36003,0.886629,0.166704,-0.237648,12.725888,126.93454,37.431953,-0.001478,0.228249,0.476688,-0.848922,28.314743,113.049332,23.987373,-0.014139,-0.015273,0.686712,-0.726632,17.521236,132.859406,14.543882,0.052702,0.913834,0.215549,0.340099,-8.979093,84.840279,14.096469,0.103356,0.979524,-0.025091,0.170939,-7.156295,52.167328,-1.480341,-0.041833,0.948954,0.064289,0.305947,-17.195122,5.678833,-0.822989,-0.113417,0.93173,0.025757,0.344023,5.501884,85.267548,26.014805,0.035458,0.895584,-0.193581,0.398997,13.803816,50.006039,27.103455,-0.038308,0.889489,0.054601,0.452063,3.43529,6.125885,42.249935,-0.041833,0.948954,0.064289,0.305947,-8.377138,1.730527,-12.730378,-0.038308,0.889489,0.054601,0.452063,15.407994,1.937195,33.633614
204,1.7,-0.029332,0.940066,0.048144,0.336301,-1.721237,85.049828,20.083984,-0.035108,0.960638,0.097822,0.257629,-2.394478,92.692429,20.628452,-0.003356,0.966751,0.116031,0.227856,-4.890062,113.409744,24.225035,0.129856,0.98173,-0.03597,0.134351,-6.133998,133.799194,28.89398,0.189934,0.965166,-0.178504,0.02272,-1.809227,147.612106,26.571053,-0.006007,0.912344,0.090715,0.399204,-9.591915,128.295364,26.482279,0.424316,-0.527791,0.146881,-0.720984,-21.504137,129.370239,13.725223,0.278234,0.114487,-0.454467,-0.838414,-11.57865,112.989403,-2.077348,0.345879,0.198698,-0.541554,-0.740004,3.296839,134.897278,-3.693592,-0.007908,0.9598,0.163495,0.228014,-2.920207,127.949997,29.768013,0.360069,0.88654,0.166944,-0.237756,12.746393,126.911636,37.467247,-0.001692,0.228079,0.476798,-0.848906,28.331322,113.030075,24.014347,-0.014347,-0.015395,0.686702,-0.726634,17.538286,132.848328,14.582316,0.052913,0.9138,0.215671,0.340082,-8.963277,84.836273,14.1267,0.103377,0.97956,-0.024905,0.170751,-7.151592,52.168758,-1.462795,-0.041863,0.948989,0.064286,0.305833,-17.189314,5.67981,-0.821194,-0.113351,0.931716,0.02608,0.344058,5.520803,85.263374,26.041269,0.035693,0.895578,-0.193661,0.398951,13.826328,50.002003,27.106815,-0.038918,0.889519,0.054402,0.451976,3.435674,6.126365,42.251236,-0.041863,0.948989,0.064286,0.305833,-8.373838,1.731647,-12.730488,-0.038918,0.889519,0.054402,0.451976,15.411341,1.940703,33.637554
205,1.708333,-0.029322,0.940122,0.048427,0.336103,-1.700705,85.043343,20.105066,-0.035167,0.960665,0.097896,0.257492,-2.375134,92.685532,20.653809,-0.003163,0.966757,0.116301,0.227697,-4.873551,113.403198,24.253298,0.129986,0.98176,-0.035581,0.13411,-6.111496,133.79007,28.935061,0.190285,0.965179,-0.178094,0.022464,-1.785374,147.604294,26.622463,-0.005928,0.912282,0.090995,0.399281,-9.571441,128.288452,26.52125,0.42378,-0.527893,0.147093,-0.721181,-21.481531,129.369995,13.762776,0.2777,0.114562,-0.454538,-0.838543,-11.564514,112.992027,-2.048072,0.345675,0.198804,-0.541244,-0.740298,3.306368,134.903625,-3.648414,-0.007801,0.959775,0.163838,0.227877,-2.898635,127.939674,29.804398,0.360273,0.8864,0.16707,-0.237878,12.770192,126.895782,37.498344,-0.001699,0.227802,0.476959,-0.848889,28.34494,113.010216,24.037798,-0.014485,-0.015725,0.686795,-0.726537,17.552404,132.836395,14.616903,0.053059,0.913799,0.215766,0.340002,-8.945243,84.831551,14.150761,0.103477,0.979578,-0.024757,0.170604,-7.142182,52.168106,-1.448283,-0.04183,0.949016,0.064221,0.305768,-17.186674,5.680424,-0.820599,-0.113235,0.931671,0.026346,0.3442,5.543834,85.255135,26.059372,0.035896,0.895553,-0.193761,0.39894,13.848007,49.992855,27.105295,-0.038336,0.889472,0.054663,0.452086,3.436477,6.122324,42.250145,-0.04183,0.949016,0.064221,0.305768,-8.373237,1.730069,-12.73067,-0.038336,0.889472,0.054663,0.452086,15.410074,1.935633,33.634094
206,1.716667,-0.029287,0.940173,0.048482,0.335957,-1.684621,85.036835,20.129486,-0.034956,0.960657,0.098194,0.257436,-2.358746,92.678978,20.679312,-0.003262,0.966743,0.116373,0.227714,-4.851408,113.393364,24.292999,0.130215,0.981732,-0.035428,0.134129,-6.094144,133.779495,28.976679,0.190382,0.965221,-0.177765,0.022442,-1.76206,147.592743,26.669424,-0.00559,0.912383,0.090961,0.399064,-9.552726,128.277344,26.562119,0.423533,-0.52822,0.146699,-0.721167,-21.469032,129.3685,13.810261,0.277423,0.114658,-0.454262,-0.83877,-11.563399,113.004349,-2.022029,0.345376,0.198786,-0.541288,-0.74041,3.319821,134.909195,-3.606003,-0.007595,0.959758,0.16403,0.227818,-2.880044,127.929733,29.845642,0.360291,0.886463,0.165535,-0.238688,12.789847,126.877724,37.536327,-0.002595,0.228188,0.477223,-0.848635,28.34478,112.978783,24.066671,-0.014696,-0.015985,0.686554,-0.726754,17.57081,132.824371,14.65146,0.053047,0.913861,0.215809,0.339811,-8.931042,84.825844,14.177439,0.103684,0.979616,-0.024481,0.170302,-7.129342,52.163662,-1.424392,-0.041738,0.948994,0.064301,0.305834,-17.188272,5.678755,-0.822799,-0.112991,0.931566,0.026847,0.344523,5.5618,85.247818,26.081535,0.035849,0.895298,-0.193936,0.39943,13.861786,49.983479,27.090347,-0.03845,0.889439,0.054664,0.452142,3.439494,6.119072,42.245537,-0.041738,0.948994,0.064301,0.305834,-8.373914,1.729817,-12.732665,-0.03845,0.889439,0.054664,0.452142,15.415162,1.933987,33.631577
207,1.725,-0.02922,0.940206,0.048553,0.335859,-1.671402,85.031868,20.152824,-0.034836,0.960662,0.098413,0.257351,-2.344873,92.673965,20.704094,-0.003183,0.966743,0.116526,0.227637,-4.834507,113.385391,24.327888,0.130188,0.981779,-0.035051,0.133913,-6.075114,133.770065,29.018528,0.190768,0.965227,-0.177352,0.022167,-1.745903,147.58577,26.720737,-0.005518,0.912326,0.091232,0.399134,-9.534463,128.268936,26.602724,0.42297,-0.528065,0.147137,-0.721523,-21.448839,129.366409,13.849598,0.276862,0.114486,-0.454508,-0.838846,-11.541443,113.002037,-1.981357,0.345052,0.19887,-0.541241,-0.740573,3.333536,134.915985,-3.562755,-0.007307,0.959687,0.164281,0.227948,-2.861253,127.919785,29.885015,0.360286,0.886367,0.16553,-0.239053,12.806723,126.855339,37.577896,-0.002777,0.228066,0.477408,-0.848564,28.353163,112.961266,24.093416,-0.014718,-0.0163,0.686623,-0.726682,17.585703,132.813766,14.688844,0.053076,0.913862,0.21591,0.339739,-8.919138,84.822395,14.202322,0.103796,0.97965,-0.024286,0.170065,-7.117999,52.163589,-1.406644,-0.041779,0.949015,0.064212,0.30578,-17.183962,5.679989,-0.822528,-0.11293,0.931486,0.02725,0.344729,5.576334,85.241341,26.103329,0.036004,0.895234,-0.194075,0.399493,13.882038,49.977585,27.085281,-0.038822,0.889464,0.05455,0.452073,3.440308,6.119359,42.244976,-0.041779,0.949015,0.064212,0.30578,-8.37073,1.728899,-12.732519,-0.038822,0.889464,0.05455,0.452073,15.417513,1.936313,33.632156
208,1.733333,-0.029258,0.940241,0.048755,0.335729,-1.652381,85.028519,20.173191,-0.034879,0.960656,0.098653,0.257278,-2.327353,92.67028,20.727261,-0.00286,0.966732,0.116823,0.227538,-4.820842,113.378052,24.360189,0.130584,0.981748,-0.034743,0.133837,-6.050695,133.759888,29.065895,0.190612,0.965294,-0.177168,0.02204,-1.711759,147.574203,26.778034,-0.005322,0.912369,0.091448,0.398989,-9.513247,128.262131,26.647026,0.423149,-0.528304,0.146662,-0.721339,-21.431726,129.368408,13.898505,0.276856,0.114601,-0.454455,-0.838861,-11.529948,113.012672,-1.944868,0.344896,0.198958,-0.541306,-0.740575,3.34517,134.924774,-3.520025,-0.007241,0.959651,0.164479,0.227956,-2.83934,127.907494,29.927305,0.360383,0.886195,0.165767,-0.239383,12.828525,126.839188,37.619865,-0.002793,0.227767,0.477563,-0.848557,28.363653,112.94944,24.117897,-0.014785,-0.016543,0.686771,-0.726535,17.597107,132.807739,14.726514,0.053147,0.913932,0.215973,0.3395,-8.901712,84.819504,14.224622,0.103932,0.979668,-0.024126,0.169905,-7.107754,52.163242,-1.390484,-0.041675,0.949021,0.064277,0.305764,-17.18363,5.681592,-0.821862,-0.11286,0.931456,0.027527,0.34481,5.596951,85.237526,26.121763,0.036236,0.895236,-0.194192,0.39941,13.904759,49.973724,27.084,-0.038438,0.889422,0.054704,0.452171,3.440301,6.12143,42.245186,-0.041675,0.949021,0.064277,0.305764,-8.371642,1.731336,-12.733044,-0.038438,0.889422,0.054704,0.452171,15.416574,1.937232,33.63163
209,1.741667,-0.029316,0.940272,0.048959,0.335607,-1.634462,85.024773,20.192278,-0.034863,0.960669,0.0988,0.257174,-2.311245,92.666176,20.749083,-0.002667,0.966722,0.11716,0.227408,-4.805075,113.371048,24.388084,0.130858,0.981715,-0.034578,0.13385,-6.02971,133.749634,29.109243,0.19053,0.965357,-0.176895,0.0222,-1.683644,147.562683,26.827213,-0.004983,0.912483,0.091513,0.398717,-9.494007,128.254318,26.687321,0.423038,-0.528456,0.146418,-0.721343,-21.420193,129.371445,13.946959,0.276717,0.114642,-0.454354,-0.838956,-11.522822,113.024124,-1.907867,0.344704,0.199067,-0.541351,-0.740602,3.356452,134.933441,-3.475785,-0.00705,0.959659,0.164466,0.227937,-2.819204,127.895996,29.965374,0.36038,0.886053,0.166571,-0.239355,12.849063,126.821518,37.656254,-0.002566,0.227272,0.477588,-0.848676,28.384966,112.943779,24.142843,-0.014731,-0.016845,0.686994,-0.726319,17.609024,132.802536,14.765781,0.053283,0.913933,0.215982,0.33947,-8.885267,84.81591,14.2455,0.104034,0.97964,-0.023991,0.17002,-7.100526,52.16095,-1.373392,-0.041673,0.949014,0.064361,0.305768,-17.18376,5.680707,-0.82029,-0.113061,0.931666,0.027542,0.344176,5.616343,85.233643,26.139053,0.036757,0.895442,-0.194229,0.398882,13.938557,49.973194,27.099684,-0.038535,0.889448,0.054592,0.452124,3.437404,6.125865,42.249859,-0.041673,0.949014,0.064361,0.305768,-8.371513,1.732794,-12.732056,-0.038535,0.889448,0.054592,0.452124,15.413216,1.940031,33.636463
210,1.75,-0.029313,0.940292,0.049102,0.335531,-1.618146,85.020485,20.211565,-0.034835,0.960645,0.099021,0.257183,-2.295589,92.661667,20.770508,-0.002506,0.966692,0.117377,0.227429,-4.79053,113.363457,24.418449,0.130946,0.981745,-0.034141,0.133654,-6.010791,133.739944,29.149775,0.190844,0.965374,-0.176509,0.021824,-1.664477,147.55484,26.879465,-0.004601,0.912513,0.091772,0.398594,-9.476252,128.246597,26.725058,0.423202,-0.528668,0.146082,-0.721159,-21.406015,129.379105,13.989398,0.276729,0.114745,-0.454158,-0.839045,-11.514907,113.036392,-1.874082,0.344343,0.199213,-0.541375,-0.740713,3.371792,134.939529,-3.434198,-0.006863,0.959627,0.164673,0.227929,-2.801574,127.885185,30.003029,0.360483,0.885818,0.167765,-0.239236,12.866919,126.802811,37.692352,-0.002312,0.226729,0.477617,-0.848805,28.401964,112.937927,24.164766,-0.014941,-0.016923,0.687115,-0.726198,17.61697,132.794907,14.804317,0.053456,0.913934,0.216009,0.339422,-8.869912,84.812477,14.265924,0.10408,0.979684,-0.023817,0.169761,-7.096755,52.159702,-1.35885,-0.04174,0.949035,0.064357,0.305695,-17.18129,5.679572,-0.820022,-0.11303,0.931706,0.027796,0.344057,5.63362,85.228485,26.157206,0.036967,0.895432,-0.194335,0.398835,13.96016,49.968544,27.098831,-0.038447,0.889435,0.054632,0.452154,3.438037,6.126618,42.250107,-0.04174,0.949035,0.064357,0.305695,-8.370233,1.732129,-12.732829,-0.038447,0.889435,0.054632,0.452154,15.413791,1.940636,33.6367
211,1.758333,-0.029313,0.940321,0.049344,0.335413,-1.599457,85.015175,20.227861,-0.034753,0.960643,0.099312,0.257088,-2.278062,92.655998,20.790375,-0.002508,0.966686,0.117574,0.227349,-4.772231,113.353645,24.450829,0.13103,0.98175,-0.033973,0.133582,-5.994069,133.728195,29.190115,0.190941,0.965417,-0.176169,0.021797,-1.64626,147.543396,26.924559,-0.004359,0.912515,0.092302,0.398468,-9.459281,128.235382,26.76383,0.422736,-0.528939,0.146043,-0.721241,-21.392626,129.382599,14.032835,0.276332,0.11476,-0.453934,-0.839294,-11.515193,113.047218,-1.846732,0.344043,0.199279,-0.541167,-0.740986,3.382535,134.944809,-3.391884,-0.006707,0.959594,0.164941,0.227881,-2.784059,127.873466,30.040646,0.360436,0.885696,0.168549,-0.239205,12.885284,126.783981,37.727242,-0.002015,0.226178,0.477574,-0.848977,28.422737,112.932411,24.188774,-0.014842,-0.017292,0.687433,-0.725891,17.623907,132.787537,14.842716,0.053643,0.913912,0.215977,0.339472,-8.852702,84.808578,14.283975,0.104153,0.9797,-0.023648,0.169649,-7.091836,52.156281,-1.343192,-0.041717,0.949029,0.064428,0.3057,-17.180355,5.676839,-0.82017,-0.112924,0.931723,0.028053,0.344025,5.653789,85.221771,26.171749,0.037136,0.895411,-0.194475,0.398797,13.97969,49.96114,27.093073,-0.038881,0.889473,0.054557,0.45205,3.438602,6.125578,42.249596,-0.041717,0.949029,0.064428,0.3057,-8.369248,1.731205,-12.73354,-0.038881,0.889473,0.054557,0.45205,15.415898,1.943502,33.636425
212,1.766667,-0.029223,0.940358,0.049518,0.335292,-1.583153,85.008636,20.243736,-0.034845,0.960621,0.099587,0.257051,-2.261291,92.649269,20.809317,-0.002349,0.96667,0.117794,0.227308,-4.762215,113.346077,24.480232,0.130971,0.981773,-0.033823,0.13351,-5.979498,133.718491,29.229876,0.191145,0.965438,-0.175834,0.021824,-1.634099,147.535049,26.967955,-0.004133,0.912541,0.092418,0.398385,-9.446063,128.22757,26.801222,0.420842,-0.528717,0.147378,-0.72224,-21.381802,129.383331,14.073258,0.275045,0.114207,-0.45405,-0.83973,-11.51214,113.047218,-1.810367,0.343813,0.199125,-0.540858,-0.74136,3.391758,134.951981,-3.348727,-0.006524,0.959561,0.165335,0.227739,-2.770553,127.862694,30.077112,0.360606,0.885562,0.16873,-0.239319,12.90112,126.764763,37.757729,-0.002232,0.225981,0.477825,-0.848888,28.429783,112.911224,24.211201,-0.014984,-0.017677,0.687118,-0.726176,17.638773,132.776321,14.879769,0.053752,0.913936,0.216025,0.33936,-8.838018,84.804573,14.301744,0.104233,0.979649,-0.023567,0.169907,-7.08504,52.154613,-1.331183,-0.04164,0.949038,0.064438,0.30568,-17.179735,5.676392,-0.81962,-0.112719,0.93167,0.028377,0.344209,5.671712,85.212692,26.18573,0.037098,0.895216,-0.194614,0.399171,13.991735,49.95002,27.081675,-0.038547,0.889428,0.0547,0.45215,3.442357,6.119326,42.246483,-0.04164,0.949038,0.064438,0.30568,-8.369828,1.730279,-12.733713,-0.038547,0.889428,0.0547,0.45215,15.419161,1.936495,33.633007
213,1.775,-0.029172,0.94037,0.049731,0.335232,-1.56654,85.004471,20.259167,-0.034749,0.960609,0.099903,0.256989,-2.244998,92.644829,20.828127,-0.002298,0.966649,0.118088,0.227242,-4.74487,113.337051,24.512571,0.130939,0.981801,-0.033639,0.133378,-5.962566,133.706573,29.274515,0.191274,0.965465,-0.175561,0.021705,-1.619219,147.524506,27.017015,-0.004075,0.912615,0.092538,0.398189,-9.429173,128.216919,26.84304,0.420458,-0.528644,0.147388,-0.722515,-21.370388,129.37558,14.12047,0.274615,0.113982,-0.454208,-0.839815,-11.497036,113.048721,-1.77038,0.343503,0.199159,-0.540689,-0.741618,3.402345,134.957336,-3.310216,-0.006445,0.959545,0.165575,0.227633,-2.753212,127.850433,30.11784,0.360674,0.885407,0.169221,-0.239442,12.920197,126.748535,37.794369,-0.002216,0.22568,0.477936,-0.848906,28.443497,112.901642,24.234898,-0.015081,-0.017953,0.686973,-0.726305,17.652088,132.769531,14.916327,0.05389,0.913965,0.216031,0.339255,-8.822216,84.802589,14.318087,0.10432,0.979708,-0.023386,0.169538,-7.079978,52.153873,-1.318653,-0.041795,0.949028,0.064339,0.305712,-17.17968,5.676574,-0.821614,-0.112854,0.931789,0.028403,0.343841,5.689137,85.206352,26.200247,0.037558,0.895432,-0.194635,0.398634,14.019196,49.946011,27.094551,-0.038432,0.889449,0.054751,0.452112,3.439061,6.119373,42.249649,-0.041795,0.949028,0.064339,0.305712,-8.367711,1.729169,-12.733759,-0.038432,0.889449,0.054751,0.452112,15.41433,1.936325,33.634144
214,1.783333,-0.029172,0.940422,0.049917,0.335059,-1.547778,85.001648,20.273331,-0.034597,0.960607,0.100242,0.256883,-2.227076,92.641724,20.845104,-0.002361,0.966631,0.118353,0.22718,-4.723931,113.330841,24.545023,0.131098,0.9818,-0.033365,0.1333,-5.946394,133.697723,29.317019,0.191319,0.965497,-0.175349,0.021572,-1.599817,147.515945,27.067507,-0.003914,0.912663,0.092716,0.398038,-9.411827,128.208359,26.883209,0.420183,-0.528773,0.147232,-0.722612,-21.357298,129.374146,14.165285,0.274296,0.11395,-0.454189,-0.839935,-11.488445,113.056694,-1.738015,0.343281,0.19916,-0.540606,-0.741781,3.412233,134.96489,-3.270534,-0.006179,0.95952,0.165844,0.22755,-2.735453,127.841995,30.157173,0.36058,0.885377,0.169047,-0.239817,12.939384,126.7295,37.829243,-0.002696,0.225618,0.477977,-0.848898,28.457142,112.888359,24.257565,-0.01535,-0.018084,0.686724,-0.726531,17.665834,132.763901,14.952475,0.053995,0.91405,0.215983,0.33904,-8.805632,84.800758,14.334877,0.104389,0.979592,-0.023303,0.170173,-7.075207,52.151382,-1.301797,-0.041719,0.949028,0.064472,0.305695,-17.180229,5.675075,-0.820101,-0.112837,0.931855,0.028489,0.343662,5.710075,85.20253,26.211782,0.037839,0.895484,-0.194724,0.398445,14.041224,49.942245,27.098297,-0.038356,0.889457,0.054815,0.452096,3.437035,6.12092,42.251949,-0.041719,0.949028,0.064472,0.305695,-8.369147,1.730672,-12.733896,-0.038356,0.889457,0.054815,0.452096,15.411549,1.938494,33.635094
215,1.791667,-0.029195,0.940454,0.050123,0.334936,-1.529247,84.999153,20.289003,-0.034576,0.960607,0.100455,0.256804,-2.209862,92.638893,20.86371,-0.002194,0.966605,0.118758,0.227084,-4.707768,113.325691,24.572529,0.131158,0.98183,-0.032994,0.133114,-5.926846,133.688568,29.362396,0.191318,0.965548,-0.175103,0.021321,-1.580538,147.508453,27.122698,-0.00386,0.912693,0.093191,0.397859,-9.393438,128.201736,26.924587,0.419634,-0.528852,0.147349,-0.722849,-21.343887,129.375275,14.212052,0.273827,0.113789,-0.454171,-0.840119,-11.480886,113.064644,-1.701881,0.343,0.19918,-0.540651,-0.741873,3.423531,134.972687,-3.229017,-0.00606,0.959477,0.166085,0.227559,-2.716401,127.831772,30.196795,0.360612,0.885235,0.169252,-0.240152,12.958341,126.71331,37.868195,-0.002911,0.225382,0.478219,-0.848823,28.466976,112.878609,24.279551,-0.015299,-0.018344,0.686666,-0.726581,17.682175,132.764023,14.990488,0.054107,0.914121,0.216011,0.338812,-8.788622,84.799019,14.352385,0.104472,0.979572,-0.023215,0.170251,-7.068834,52.151382,-1.289101,-0.041673,0.949047,0.06453,0.305628,-17.180126,5.676332,-0.817787,-0.112772,0.931899,0.028638,0.34355,5.730127,85.199295,26.225624,0.038035,0.895458,-0.194823,0.398438,14.060797,49.938583,27.099424,-0.038568,0.889471,0.054724,0.452061,3.436471,6.122321,42.253609,-0.041673,0.949047,0.06453,0.305628,-8.370998,1.733096,-12.733415,-0.038568,0.889471,0.054724,0.452061,15.411857,1.940382,33.637722
216,1.8,-0.029185,0.940494,0.05032,0.334795,-1.512444,84.997299,20.300913,-0.034367,0.960606,0.100896,0.25666,-2.193841,92.636742,20.878609,-0.00224,0.966599,0.119015,0.226971,-4.686998,113.316605,24.607161,0.131411,0.981836,-0.03266,0.132901,-5.909809,133.676926,29.406971,0.191305,0.965596,-0.174899,0.020917,-1.558414,147.496735,27.176672,-0.003934,0.912605,0.093464,0.397996,-9.37563,128.190445,26.96726,0.419864,-0.529191,0.146637,-0.722612,-21.322239,129.365875,14.251298,0.273723,0.114149,-0.454148,-0.840116,-11.466663,113.069412,-1.681726,0.342804,0.199301,-0.540647,-0.741933,3.434203,134.980515,-3.189986,-0.006006,0.959456,0.166325,0.227476,-2.697837,127.820465,30.237923,0.360648,0.885061,0.169755,-0.240381,12.97826,126.698769,37.906075,-0.002884,0.225011,0.478339,-0.848855,28.480097,112.873497,24.300079,-0.015284,-0.018538,0.686723,-0.726523,17.693182,132.763336,15.025893,0.054309,0.914091,0.215948,0.338901,-8.773599,84.798409,14.36643,0.104512,0.979573,-0.023076,0.170242,-7.067226,52.150391,-1.275726,-0.041664,0.949042,0.064618,0.305628,-17.179956,5.675521,-0.817907,-0.112716,0.931901,0.028688,0.343559,5.748711,85.196182,26.235395,0.038143,0.895339,-0.194853,0.39868,14.076821,49.93475,27.104488,-0.038537,0.889456,0.054871,0.452075,3.438081,6.12041,42.25412,-0.041664,0.949042,0.064618,0.305628,-8.370731,1.73468,-12.734249,-0.038537,0.889456,0.054871,0.452075,15.413979,1.941913,33.63728
217,1.808333,-0.02917,0.940541,0.050398,0.334651,-1.493555,84.996727,20.315733,-0.034391,0.960581,0.10127,0.256605,-2.175036,92.636063,20.894737,-0.002185,0.966583,0.119208,0.226941,-4.672545,113.309433,24.63763,0.131483,0.981845,-0.032354,0.132841,-5.89481,133.667831,29.445723,0.191327,0.965621,-0.17475,0.020802,-1.542638,147.488785,27.224068,-0.003747,0.912708,0.093535,0.397746,-9.360851,128.182358,27.004025,0.419792,-0.529242,0.146372,-0.722671,-21.314465,129.363907,14.295216,0.273545,0.114156,-0.454138,-0.840178,-11.457726,113.077393,-1.647256,0.342583,0.199301,-0.540617,-0.742058,3.443307,134.988373,-3.150369,-0.005897,0.959404,0.166616,0.227485,-2.682854,127.810989,30.274111,0.360668,0.884949,0.169947,-0.240629,12.99314,126.683258,37.941582,-0.003007,0.224773,0.478473,-0.848842,28.488356,112.863503,24.322445,-0.015354,-0.018783,0.686879,-0.726367,17.702251,132.760376,15.060928,0.054416,0.914154,0.215953,0.338713,-8.756537,84.798439,14.38347,0.104594,0.979589,-0.022936,0.170117,-7.060305,52.151417,-1.261865,-0.041557,0.949056,0.064582,0.305606,-17.17832,5.677572,-0.81718,-0.112535,0.931918,0.028935,0.343551,5.769427,85.195007,26.247995,0.038271,0.895371,-0.195005,0.398521,14.091599,49.931656,27.095825,-0.038856,0.889501,0.054684,0.451983,3.438967,6.123877,42.254665,-0.041557,0.949056,0.064582,0.305606,-8.370712,1.734669,-12.734036,-0.038856,0.889501,0.054684,0.451983,15.415232,1.944792,33.638626
218,1.816667,-0.029141,0.940583,0.050498,0.334521,-1.477346,84.994781,20.329578,-0.034442,0.960569,0.101561,0.256526,-2.158839,92.633987,20.910273,-0.00198,0.966567,0.119523,0.226845,-4.660779,113.300941,24.663818,0.131386,0.981872,-0.032165,0.132782,-5.87724,133.656235,29.486551,0.191265,0.965659,-0.174599,0.020865,-1.528614,147.479065,27.269577,-0.003538,0.912722,0.09411,0.397579,-9.345108,128.173294,27.041779,0.421461,-0.529855,0.144558,-0.721615,-21.303446,129.368973,14.338732,0.27442,0.114869,-0.453723,-0.840021,-11.452721,113.098434,-1.623753,0.342253,0.199439,-0.540652,-0.742148,3.454059,134.994431,-3.110517,-0.00585,0.959363,0.166867,0.227473,-2.666447,127.798065,30.31007,0.360517,0.885021,0.16875,-0.241433,13.00975,126.666832,37.976616,-0.003797,0.224919,0.47857,-0.848745,28.491152,112.844872,24.344019,-0.015617,-0.019059,0.687138,-0.726109,17.709969,132.757462,15.093621,0.054571,0.91414,0.215891,0.338763,-8.741988,84.797493,14.399312,0.104652,0.979608,-0.022762,0.169997,-7.056709,52.149773,-1.245748,-0.041544,0.949072,0.064562,0.305563,-17.177237,5.676323,-0.816947,-0.112431,0.931965,0.028979,0.343454,5.787297,85.19207,26.259846,0.038417,0.895353,-0.194913,0.398593,14.103707,49.927204,27.101173,-0.038922,0.889427,0.054759,0.452114,3.440855,6.117076,42.246033,-0.041544,0.949072,0.064562,0.305563,-8.370851,1.732701,-12.734471,-0.038922,0.889427,0.054759,0.452114,15.420455,1.94088,33.633224
219,1.825,-0.029036,0.940639,0.050538,0.334368,-1.466029,84.990486,20.34343,-0.034366,0.960555,0.101831,0.256485,-2.146122,92.629723,20.925354,-0.001832,0.966538,0.119788,0.226828,-4.647581,113.293663,24.690512,0.131546,0.981863,-0.031969,0.132735,-5.860501,133.646317,29.525202,0.191101,0.965724,-0.174432,0.020765,-1.508254,147.468948,27.314159,-0.003465,0.912761,0.094311,0.397442,-9.329388,128.165359,27.077421,0.421647,-0.530047,0.14405,-0.721466,-21.29154,129.365723,14.37841,0.274355,0.115076,-0.453634,-0.840061,-11.443664,113.105515,-1.596366,0.342006,0.199421,-0.540614,-0.742293,3.464677,135.000885,-3.070791,-0.005766,0.959351,0.167162,0.227308,-2.650603,127.787163,30.345118,0.360481,0.884948,0.168906,-0.241644,13.028252,126.651695,38.005604,-0.004099,0.224674,0.478549,-0.84882,28.50588,112.836266,24.362097,-0.016019,-0.019211,0.687195,-0.726042,17.71806,132.753662,15.12781,0.05467,0.914126,0.215925,0.338765,-8.732709,84.79512,14.415598,0.104699,0.9796,-0.022637,0.170026,-7.053073,52.149254,-1.233917,-0.041544,0.949077,0.064492,0.30556,-17.175997,5.676216,-0.817892,-0.112381,0.931967,0.029283,0.343439,5.800652,85.185852,26.271259,0.038582,0.895398,-0.195123,0.398374,14.121221,49.921455,27.090725,-0.038477,0.889466,0.054659,0.452087,3.440307,6.120315,42.248829,-0.041544,0.949077,0.064492,0.30556,-8.369811,1.730629,-12.734912,-0.038477,0.889466,0.054659,0.452087,15.415153,1.935444,33.633621
220,1.833333,-0.029012,0.940675,0.050688,0.334245,-1.450169,84.989182,20.35494,-0.034373,0.960554,0.102093,0.256382,-2.1306,92.628204,20.939251,-0.001718,0.966524,0.12013,0.226708,-4.634611,113.288483,24.71489,0.131474,0.981904,-0.031779,0.13255,-5.845546,133.637711,29.564476,0.191167,0.965766,-0.174143,0.020621,-1.496637,147.462067,27.357609,-0.003271,0.912721,0.094838,0.397411,-9.315261,128.158646,27.113655,0.42119,-0.530037,0.144288,-0.721693,-21.27832,129.372391,14.416764,0.273984,0.115018,-0.453647,-0.840183,-11.433295,113.114288,-1.561899,0.341812,0.199483,-0.540576,-0.742394,3.475905,135.011185,-3.029469,-0.005809,0.959335,0.167453,0.227162,-2.635652,127.777847,30.379374,0.360407,0.884869,0.169534,-0.241601,13.045523,126.642395,38.035126,-0.004062,0.224324,0.478507,-0.848937,28.526825,112.838768,24.383831,-0.016243,-0.019617,0.687265,-0.72596,17.730349,132.754715,15.162784,0.0549,0.914047,0.215957,0.338919,-8.718421,84.795052,14.428991,0.104721,0.979565,-0.022604,0.170219,-7.050488,52.151989,-1.227638,-0.041525,0.949101,0.064418,0.305506,-17.174953,5.679232,-0.817016,-0.112292,0.932001,0.029412,0.343365,5.818083,85.183304,26.28089,0.038738,0.895446,-0.195213,0.398205,14.13601,49.918007,27.088696,-0.038858,0.889511,0.054542,0.451979,3.441365,6.121364,42.250137,-0.041525,0.949101,0.064418,0.305506,-8.370414,1.731364,-12.734503,-0.038858,0.889511,0.054542,0.451979,15.417068,1.938558,33.635105
221,1.841667,-0.029012,0.940727,0.050868,0.334072,-1.433852,84.989761,20.364609,-0.034245,0.960552,0.102377,0.256291,-2.115102,92.628502,20.951635,-0.001748,0.966495,0.120465,0.226654,-4.616354,113.284973,24.739998,0.131445,0.981947,-0.031465,0.132333,-5.831435,133.630814,29.602736,0.191378,0.965789,-0.17382,0.020298,-1.485223,147.457245,27.403566,-0.003208,0.912761,0.095143,0.397246,-9.300129,128.152542,27.148693,0.420873,-0.530091,0.144132,-0.721869,-21.267792,129.371979,14.456697,0.273678,0.115118,-0.453592,-0.840299,-11.423405,113.125435,-1.534112,0.341549,0.199706,-0.540546,-0.742477,3.487974,135.0233,-2.988407,-0.005704,0.959271,0.167912,0.227095,-2.620162,127.771149,30.413605,0.360307,0.884805,0.169785,-0.241812,13.062117,126.628891,38.066067,-0.004298,0.224005,0.4786,-0.848967,28.541946,112.835632,24.402641,-0.016273,-0.019997,0.687407,-0.725814,17.742311,132.759674,15.199619,0.054974,0.914103,0.215872,0.338811,-8.704266,84.796562,14.441288,0.104812,0.979597,-0.022439,0.170003,-7.045271,52.151447,-1.212016,-0.04135,0.949094,0.06452,0.305528,-17.17544,5.679807,-0.816033,-0.112208,0.932069,0.029501,0.343202,5.836561,85.182968,26.287931,0.038906,0.895427,-0.195309,0.398185,14.151192,49.916679,27.086206,-0.038616,0.889476,0.054517,0.452073,3.438987,6.124842,42.249119,-0.04135,0.949094,0.06452,0.305528,-8.371819,1.733138,-12.734589,-0.038616,0.889476,0.054517,0.452073,15.414265,1.93813,33.635406
222,1.85,-0.029056,0.940759,0.051235,0.333921,-1.413231,84.986649,20.373888,-0.03436,0.960555,0.102537,0.256204,-2.096903,92.624779,20.966095,-0.001488,0.966473,0.120893,0.226524,-4.604656,113.283432,24.760569,0.13139,0.981989,-0.031089,0.132166,-5.812607,133.624985,29.642986,0.191346,0.965825,-0.173674,0.020151,-1.469819,147.45401,27.4534,-0.003105,0.912832,0.09539,0.397026,-9.283571,128.150009,27.184809,0.420449,-0.530181,0.144054,-0.722066,-21.257372,129.375427,14.499172,0.273298,0.115128,-0.453543,-0.840448,-11.416611,113.139549,-1.5047,0.341259,0.199953,-0.540371,-0.742671,3.496775,135.03627,-2.947763,-0.005526,0.95922,0.16817,0.227124,-2.602713,127.763664,30.447309,0.36021,0.884721,0.169992,-0.242116,13.079174,126.61319,38.099354,-0.004738,0.223758,0.478785,-0.848926,28.555143,112.830734,24.420664,-0.016298,-0.02027,0.687254,-0.725951,17.75876,132.76622,15.238708,0.055192,0.914135,0.2158,0.338736,-8.685496,84.794807,14.452793,0.104831,0.979683,-0.02228,0.169516,-7.043984,52.149155,-1.201226,-0.041465,0.949118,0.064608,0.30542,-17.173164,5.677211,-0.815279,-0.112112,0.932145,0.029528,0.343022,5.859035,85.178497,26.294983,0.039033,0.895333,-0.195354,0.398362,14.168164,49.910782,27.087399,-0.038466,0.889428,0.054757,0.45215,3.440492,6.121558,42.246925,-0.041465,0.949118,0.064608,0.30542,-8.370934,1.734076,-12.736032,-0.038466,0.889428,0.054757,0.45215,15.416794,1.939119,33.632557
223,1.858333,-0.028999,0.94081,0.051432,0.333753,-1.397064,84.983856,20.383181,-0.034141,0.960578,0.102813,0.256035,-2.080813,92.621719,20.978642,-0.00158,0.96647,0.121186,0.226381,-4.581379,113.273666,24.786119,0.131475,0.982018,-0.030641,0.13197,-5.795091,133.612244,29.67952,0.191229,0.965903,-0.173403,0.019833,-1.45216,147.44313,27.501982,-0.002672,0.912906,0.095535,0.396822,-9.264794,128.13736,27.219347,0.420315,-0.530324,0.143763,-0.722098,-21.244333,129.37793,14.540604,0.273019,0.115183,-0.4535,-0.840554,-11.40691,113.152817,-1.476231,0.340892,0.200072,-0.540199,-0.742932,3.50727,135.048401,-2.90881,-0.005321,0.959181,0.168309,0.227191,-2.582975,127.75161,30.479952,0.360026,0.884657,0.170168,-0.242499,13.097917,126.592758,38.132767,-0.005096,0.22348,0.478836,-0.848968,28.57126,112.82489,24.436415,-0.016527,-0.020698,0.687439,-0.725759,17.77018,132.769211,15.273065,0.055352,0.914158,0.215762,0.33867,-8.671496,84.79406,14.464681,0.104872,0.97967,-0.022188,0.169576,-7.042677,52.148525,-1.190917,-0.041258,0.949104,0.064703,0.305471,-17.174145,5.677009,-0.814847,-0.112103,0.932245,0.029554,0.342753,5.877367,85.173653,26.30168,0.039264,0.895389,-0.195432,0.398174,14.186698,49.905888,27.089722,-0.038466,0.889435,0.054758,0.452136,3.439691,6.121299,42.24894,-0.041258,0.949104,0.064703,0.305471,-8.372424,1.734592,-12.736214,-0.038466,0.889435,0.054758,0.452136,15.415731,1.938886,33.634193
224,1.866667,-0.028939,0.940854,0.051609,0.333606,-1.383173,84.979492,20.392101,-0.034251,0.960581,0.103048,0.255915,-2.066855,92.617126,20.99053,-0.001374,0.96647,0.121482,0.226221,-4.574305,113.269974,24.80718,0.131597,0.98204,-0.030237,0.131779,-5.781651,133.60556,29.714542,0.191201,0.965952,-0.173192,0.019596,-1.437353,147.437744,27.547974,-0.00257,0.912892,0.09574,0.396806,-9.253478,128.133102,27.251976,0.420129,-0.530458,0.143556,-0.722148,-21.23349,129.379745,14.574274,0.272729,0.115364,-0.453459,-0.840646,-11.400178,113.163773,-1.454344,0.340705,0.200097,-0.539949,-0.743194,3.512792,135.059265,-2.870644,-0.005206,0.959139,0.16868,0.227094,-2.570575,127.743675,30.509922,0.360145,0.88442,0.171509,-0.24224,13.111904,126.578583,38.158543,-0.005068,0.223074,0.478958,-0.849006,28.587204,112.823639,24.45141,-0.017087,-0.020961,0.687331,-0.72584,17.784609,132.770554,15.305239,0.055274,0.914237,0.215747,0.338481,-8.659507,84.791702,14.475873,0.105047,0.979714,-0.022008,0.169235,-7.029177,52.145058,-1.177256,-0.0412,0.949103,0.064734,0.305476,-17.173819,5.676279,-0.817293,-0.112007,0.932302,0.029753,0.34261,5.893161,85.167282,26.308331,0.039394,0.895408,-0.195605,0.398034,14.201132,49.898815,27.079273,-0.038502,0.889462,0.054669,0.45209,3.439083,6.121603,42.249138,-0.0412,0.949103,0.064734,0.305476,-8.37247,1.734196,-12.73905,-0.038502,0.889462,0.054669,0.45209,15.414254,1.937343,33.634071
225,1.875,-0.028829,0.940925,0.051683,0.333403,-1.37455,84.97612,20.39986,-0.034194,0.960586,0.103329,0.255789,-2.056891,92.613739,21.000082,-0.001232,0.966459,0.12179,0.226103,-4.564333,113.262924,24.828714,0.131692,0.98205,-0.029984,0.131665,-5.76828,133.595383,29.749859,0.191097,0.966022,-0.172927,0.019504,-1.422622,147.428223,27.59026,-0.002517,0.912882,0.095953,0.396778,-9.241316,128.124924,27.284565,0.420043,-0.530585,0.143149,-0.722186,-21.222115,129.376114,14.608058,0.272522,0.115486,-0.453369,-0.840745,-11.389706,113.174095,-1.435217,0.340336,0.20033,-0.539906,-0.743331,3.526633,135.069244,-2.839241,-0.00504,0.959115,0.168942,0.227008,-2.557615,127.732635,30.540529,0.360162,0.884309,0.171865,-0.242368,13.126297,126.560387,38.185112,-0.005335,0.222862,0.479144,-0.848955,28.59791,112.812065,24.467194,-0.017235,-0.021321,0.687021,-0.72612,17.79948,132.768173,15.336755,0.05535,0.914197,0.215702,0.338606,-8.653545,84.790512,14.486842,0.105104,0.979742,-0.021841,0.169064,-7.027234,52.143074,-1.165044,-0.041299,0.949099,0.064616,0.305501,-17.174398,5.674744,-0.819795,-0.112025,0.932396,0.029838,0.342342,5.904446,85.161728,26.312876,0.039579,0.895454,-0.195695,0.397869,14.21592,49.893921,27.076159,-0.038898,0.889506,0.054433,0.452,3.437609,6.121478,42.248219,-0.041299,0.949099,0.064616,0.305501,-8.371731,1.730298,-12.739793,-0.038898,0.889506,0.054433,0.452,15.413655,1.936356,33.634796
226,1.883333,-0.02873,0.94097,0.051818,0.333266,-1.361194,84.971794,20.407461,-0.034213,0.960564,0.103657,0.255737,-2.042713,92.609291,21.010227,-0.001066,0.96644,0.122032,0.226055,-4.554263,113.255707,24.851973,0.131544,0.982089,-0.029819,0.131558,-5.753508,133.585709,29.784384,0.191097,0.96608,-0.172605,0.019458,-1.41291,147.420685,27.628357,-0.002554,0.912663,0.096517,0.397146,-9.227952,128.117294,27.316534,0.419517,-0.530751,0.143321,-0.722335,-21.198536,129.376358,14.631161,0.271899,0.115648,-0.453448,-0.840882,-11.377327,113.177513,-1.422174,0.33994,0.200531,-0.539783,-0.743547,3.53433,135.07959,-2.804372,-0.00508,0.95906,0.169279,0.226988,-2.543922,127.721878,30.571445,0.360058,0.884215,0.17256,-0.242373,13.140285,126.548424,38.215237,-0.005246,0.222547,0.47914,-0.849041,28.615505,112.814758,24.48671,-0.017295,-0.021695,0.686965,-0.726161,17.811277,132.769302,15.367449,0.055416,0.914217,0.215686,0.338549,-8.642014,84.788605,14.496613,0.105362,0.979621,-0.021749,0.169614,-7.02142,52.141201,-1.155941,-0.04117,0.948959,0.064511,0.305973,-17.191113,5.677655,-0.829208,-0.111953,0.932474,0.029914,0.342147,5.919626,85.154991,26.318308,0.039706,0.895523,-0.195786,0.397656,14.228362,49.886353,27.072903,-0.038682,0.889533,0.054528,0.451954,3.43948,6.118235,42.24995,-0.04117,0.948959,0.064511,0.305973,-8.378254,1.729293,-12.740376,-0.038682,0.889533,0.054528,0.451954,15.413112,1.932663,33.633389
227,1.891667,-0.028775,0.941007,0.05199,0.333129,-1.345228,84.970169,20.416063,-0.034179,0.960558,0.103957,0.255644,-2.028183,92.607346,21.021193,-0.001053,0.966428,0.12227,0.225978,-4.540896,113.24884,24.875153,0.131269,0.982143,-0.029677,0.131463,-5.741484,133.576401,29.817272,0.191194,0.966134,-0.172187,0.019511,-1.409393,147.414429,27.663696,-0.00227,0.9126,0.096877,0.397203,-9.215735,128.108795,27.347374,0.41913,-0.530874,0.143299,-0.722473,-21.184769,129.382141,14.661962,0.271509,0.115722,-0.453409,-0.841018,-11.369761,113.190697,-1.402639,0.339716,0.200594,-0.539752,-0.743655,3.543216,135.093597,-2.770785,-0.005075,0.959029,0.169629,0.226857,-2.531182,127.71254,30.601105,0.360066,0.884096,0.172993,-0.242489,13.155111,126.536896,38.240273,-0.005435,0.222214,0.479288,-0.849043,28.627253,112.811218,24.500292,-0.017305,-0.02193,0.686877,-0.726237,17.822922,132.773636,15.399467,0.055461,0.914395,0.215546,0.33815,-8.627707,84.787117,14.507257,0.105247,0.979791,-0.021524,0.168731,-7.020483,52.135704,-1.138297,-0.041203,0.949079,0.064801,0.305537,-17.175686,5.668926,-0.821489,-0.111844,0.932497,0.029997,0.342111,5.937252,85.153221,26.324867,0.039842,0.895509,-0.195782,0.397674,14.240791,49.883179,27.070793,-0.038511,0.88944,0.054598,0.452142,3.440184,6.115952,42.24205,-0.041203,0.949079,0.064801,0.305537,-8.372664,1.728786,-12.742649,-0.038511,0.88944,0.054598,0.452142,15.416137,1.92995,33.628929
228,1.9,-0.028847,0.941076,0.052193,0.332896,-1.326988,84.971146,20.424421,-0.034266,0.96057,0.104219,0.255479,-2.011868,92.607933,21.032269,-0.000904,0.966423,0.12264,0.225798,-4.530177,113.246452,24.896156,0.131297,0.982181,-0.029429,0.13121,-5.727308,133.570236,29.854673,0.191133,0.966201,-0.171915,0.019237,-1.39624,147.4095,27.706982,-0.002228,0.912645,0.09694,0.397085,-9.202926,128.104813,27.381817,0.41877,-0.531031,0.143,-0.722627,-21.175259,129.37999,14.699697,0.271079,0.115754,-0.453349,-0.841185,-11.364237,113.204468,-1.383357,0.339314,0.200756,-0.539672,-0.743853,3.551034,135.106247,-2.737846,-0.00512,0.95897,0.170073,0.226773,-2.517159,127.705505,30.632683,0.36005,0.883986,0.173195,-0.242766,13.170451,126.528336,38.268925,-0.005674,0.221915,0.479304,-0.849111,28.636473,112.810135,24.514603,-0.017606,-0.022062,0.687024,-0.726086,17.826323,132.777496,15.430975,0.055575,0.914438,0.215562,0.338007,-8.612297,84.787819,14.519111,0.105523,0.979645,-0.02147,0.169408,-7.014653,52.137802,-1.130357,-0.041252,0.948946,0.064613,0.305981,-17.194685,5.676347,-0.830128,-0.111702,0.932536,0.029991,0.342051,5.958322,85.154465,26.329731,0.039963,0.895526,-0.195958,0.397538,14.25226,49.882084,27.071962,-0.038297,0.889561,0.054589,0.451923,3.437202,6.12233,42.254467,-0.041252,0.948946,0.064613,0.305981,-8.380663,1.731642,-12.741648,-0.038297,0.889561,0.054589,0.451923,15.407106,1.933128,33.634491
229,1.908333,-0.028839,0.941133,0.052342,0.332714,-1.312272,84.970016,20.432232,-0.034205,0.960567,0.104521,0.255374,-1.997679,92.606567,21.042416,-0.000835,0.966413,0.122864,0.225718,-4.516099,113.240936,24.919067,0.13142,0.982207,-0.02886,0.131016,-5.712161,133.562424,29.887241,0.191121,0.966255,-0.171666,0.018848,-1.380247,147.403854,27.755198,-0.002265,0.912628,0.097219,0.397055,-9.188257,128.098206,27.41242,0.418385,-0.531195,0.142747,-0.722778,-21.161398,129.375977,14.731325,0.270631,0.115975,-0.45338,-0.841282,-11.355476,113.215149,-1.369618,0.339279,0.200689,-0.539528,-0.743991,3.557114,135.123276,-2.703451,-0.00505,0.9589,0.170428,0.226803,-2.501952,127.697289,30.661985,0.359998,0.883851,0.17373,-0.242954,13.1852,126.514755,38.29834,-0.005839,0.221624,0.47936,-0.849154,28.648556,112.809334,24.528282,-0.017857,-0.022248,0.687012,-0.726085,17.834564,132.782059,15.460023,0.055769,0.914489,0.215464,0.337898,-8.599873,84.787552,14.529723,0.105307,0.979775,-0.021342,0.168807,-7.019399,52.13607,-1.11842,-0.041255,0.949084,0.064854,0.305501,-17.177292,5.669749,-0.820304,-0.111641,0.932615,0.030002,0.341857,5.975329,85.152473,26.334742,0.04009,0.89553,-0.195971,0.39751,14.265637,49.87915,27.07295,-0.038209,0.889519,0.054713,0.451998,3.439696,6.120849,42.251907,-0.041255,0.949084,0.064854,0.305501,-8.374553,1.731569,-12.742324,-0.038209,0.889519,0.054713,0.451998,15.410701,1.933718,33.63245
230,1.916667,-0.02883,0.941186,0.052445,0.332546,-1.299692,84.967827,20.441061,-0.034206,0.96057,0.104708,0.255287,-1.985382,92.604225,21.052891,-0.000711,0.96639,0.123209,0.225631,-4.505641,113.238319,24.937502,0.131393,0.98225,-0.028528,0.130796,-5.699474,133.556259,29.920706,0.191214,0.966299,-0.171345,0.01856,-1.370227,147.39978,27.796883,-0.002262,0.912591,0.097862,0.396982,-9.176385,128.09407,27.442566,0.418064,-0.531343,0.142616,-0.722882,-21.151548,129.380615,14.764272,0.270314,0.115948,-0.453316,-0.841422,-11.351543,113.229195,-1.349692,0.338995,0.200852,-0.539498,-0.744099,3.564094,135.134918,-2.675317,-0.004994,0.958925,0.170464,0.226673,-2.489491,127.690361,30.690569,0.360001,0.883745,0.173998,-0.243144,13.19974,126.506447,38.322426,-0.005934,0.221383,0.47939,-0.849199,28.658413,112.807678,24.540504,-0.018159,-0.022498,0.687219,-0.725875,17.84046,132.783936,15.483889,0.055894,0.914522,0.215457,0.337791,-8.589387,84.785973,14.541122,0.105323,0.979806,-0.021237,0.168633,-7.019142,52.135269,-1.109681,-0.041221,0.949096,0.064886,0.305461,-17.176786,5.66884,-0.819766,-0.111558,0.932637,0.030117,0.341813,5.990003,85.149681,26.341,0.040217,0.89553,-0.196121,0.397424,14.277625,49.875515,27.069012,-0.038222,0.889575,0.054595,0.4519,3.43681,6.123784,42.256279,-0.041221,0.949096,0.064886,0.305461,-8.375281,1.73123,-12.742883,-0.038222,0.889575,0.054595,0.4519,15.405649,1.933701,33.635254
231,1.925,-0.028702,0.941231,0.052466,0.332426,-1.289558,84.964905,20.448759,-0.03422,0.960557,0.104979,0.255224,-1.973426,92.601379,21.06164,-0.000556,0.966375,0.123453,0.225561,-4.496793,113.232407,24.957022,0.131603,0.982248,-0.028043,0.130699,-5.686295,133.547836,29.951513,0.191106,0.966353,-0.171185,0.018341,-1.353119,147.392273,27.841785,-0.002173,0.912576,0.098074,0.396965,-9.164557,128.087585,27.47097,0.418073,-0.5315,0.142242,-0.722835,-21.140209,129.379852,14.793722,0.270128,0.116018,-0.453305,-0.841478,-11.343206,113.238678,-1.332332,0.338671,0.200955,-0.53953,-0.744196,3.571279,135.143967,-2.649751,-0.004966,0.958909,0.170617,0.226623,-2.477196,127.680954,30.717642,0.35987,0.883696,0.174257,-0.243331,13.212834,126.495193,38.347561,-0.006003,0.221181,0.479396,-0.849248,28.671673,112.8078,24.554535,-0.01816,-0.022812,0.687129,-0.72595,17.849926,132.785507,15.507642,0.055905,0.914559,0.215478,0.337676,-8.580892,84.785301,14.550778,0.105597,0.979685,-0.021142,0.169176,-7.012794,52.135349,-1.101802,-0.041201,0.948946,0.064661,0.30598,-17.194357,5.674047,-0.830887,-0.111491,0.932685,0.030203,0.341697,6.001775,85.144516,26.346741,0.040324,0.895562,-0.196186,0.397308,14.287127,49.86964,27.066214,-0.038172,0.889574,0.054602,0.451907,3.436785,6.121173,42.256062,-0.041201,0.948946,0.064661,0.30598,-8.380742,1.730194,-12.742985,-0.038172,0.889574,0.054602,0.451907,15.405339,1.930591,33.634895
232,1.933333,-0.028534,0.9413,0.052554,0.332232,-1.277766,84.960594,20.454168,-0.034065,0.960565,0.105311,0.255076,-1.959525,92.597076,21.069317,-0.000758,0.966381,0.123575,0.22547,-4.479209,113.222969,24.979633,0.131648,0.982247,-0.027748,0.130725,-5.67758,133.537109,29.977194,0.190974,0.966433,-0.170871,0.018427,-1.344004,147.382751,27.876118,-0.00213,0.912624,0.098258,0.396811,-9.153606,128.075592,27.496317,0.417877,-0.53158,0.141859,-0.722964,-21.13356,129.371246,14.823477,0.269791,0.116082,-0.453348,-0.841554,-11.335416,113.246407,-1.318218,0.338327,0.201133,-0.539538,-0.744298,3.576515,135.154755,-2.624845,-0.004904,0.958869,0.17082,0.226642,-2.465634,127.671638,30.742064,0.359808,0.883605,0.174608,-0.243501,13.224127,126.482079,38.371956,-0.006052,0.220926,0.479435,-0.849292,28.681076,112.804749,24.566824,-0.018195,-0.022991,0.687241,-0.725838,17.855545,132.785767,15.531114,0.055963,0.914613,0.215467,0.337527,-8.571697,84.784271,14.559298,0.105644,0.979708,-0.021032,0.169024,-7.010321,52.13443,-1.094188,-0.041193,0.948954,0.064631,0.305963,-17.194345,5.673614,-0.832713,-0.111414,0.932752,0.030238,0.341534,6.016164,85.136917,26.349041,0.040423,0.895594,-0.196265,0.397188,14.297396,49.860954,27.062788,-0.038191,0.889603,0.054653,0.451842,3.437791,6.116158,42.256618,-0.041193,0.948954,0.064631,0.305963,-8.381292,1.728829,-12.744925,-0.038191,0.889603,0.054653,0.451842,15.405451,1.927154,33.63343
233,1.941667,-0.02847,0.941339,0.052666,0.332109,-1.267339,84.959145,20.460165,-0.034064,0.960548,0.105573,0.255034,-1.948668,92.595497,21.077353,-0.000718,0.966357,0.123801,0.225447,-4.470782,113.217781,24.998064,0.131603,0.982249,-0.027728,0.130762,-5.669558,133.529587,30.00503,0.190927,0.966504,-0.170498,0.01863,-1.337157,147.375671,27.904522,-0.001999,0.912635,0.098475,0.396733,-9.145527,128.069107,27.521791,0.417878,-0.531643,0.141559,-0.722977,-21.12767,129.371674,14.851731,0.269618,0.116088,-0.453385,-0.841589,-11.32858,113.256226,-1.298769,0.338049,0.201165,-0.539565,-0.744396,3.581063,135.165436,-2.60128,-0.004844,0.958853,0.171178,0.22644,-2.457395,127.663864,30.767054,0.35972,0.883581,0.174744,-0.24362,13.23558,126.470634,38.389755,-0.006242,0.220708,0.479493,-0.849315,28.69277,112.80024,24.578022,-0.018155,-0.023326,0.687129,-0.725934,17.865396,132.785858,15.555763,0.056019,0.914649,0.215381,0.337475,-8.562875,84.7845,14.567232,0.105706,0.979717,-0.020892,0.16895,-7.008252,52.132423,-1.082252,-0.041273,0.948944,0.064642,0.30598,-17.195801,5.672303,-0.834078,-0.111372,0.932753,0.030291,0.341543,6.028197,85.133781,26.353096,0.040568,0.895624,-0.196247,0.397113,14.307912,49.85738,27.06229,-0.038624,0.889562,0.054607,0.451892,3.437887,6.113064,42.250042,-0.041273,0.948944,0.064642,0.30598,-8.381565,1.728619,-12.745777,-0.038624,0.889562,0.054607,0.451892,15.410122,1.928767,33.630924
234,1.95,-0.028403,0.94138,0.052882,0.331964,-1.253682,84.958321,20.465475,-0.033975,0.960553,0.105847,0.254912,-1.935035,92.594383,21.086233,-0.000846,0.966355,0.12399,0.225352,-4.455743,113.212822,25.018934,0.131678,0.982248,-0.027481,0.130745,-5.660988,133.522659,30.032331,0.190827,0.966573,-0.170215,0.018657,-1.327341,147.369446,27.939039,-0.001918,0.912657,0.098717,0.396621,-9.135387,128.061707,27.547935,0.417749,-0.531767,0.141258,-0.723019,-21.120626,129.369858,14.881372,0.269338,0.116081,-0.453431,-0.841654,-11.323874,113.265717,-1.281829,0.33776,0.201229,-0.539604,-0.744482,3.583941,135.1772,-2.578214,-0.004763,0.958833,0.171468,0.22631,-2.446625,127.657845,30.792068,0.359677,0.883536,0.1745,-0.244022,13.248441,126.460388,38.409801,-0.006485,0.220605,0.479736,-0.849203,28.697454,112.793243,24.585705,-0.017901,-0.023894,0.686825,-0.726209,17.87821,132.790848,15.573812,0.056147,0.914718,0.215279,0.337334,-8.551094,84.786057,14.574793,0.105714,0.979745,-0.020774,0.168797,-7.009893,52.131851,-1.071584,-0.04115,0.948954,0.064773,0.305936,-17.19628,5.671424,-0.8329,-0.111302,0.932765,0.030351,0.341528,6.04373,85.130585,26.356157,0.04071,0.895637,-0.196457,0.396966,14.320226,49.853306,27.059443,-0.038594,0.889642,0.054554,0.451743,3.432871,6.117931,42.260502,-0.04115,0.948954,0.064773,0.305936,-8.384008,1.730209,-12.74687,-0.038594,0.889642,0.054554,0.451743,15.401818,1.931787,33.637711
235,1.958333,-0.028413,0.941404,0.053122,0.331857,-1.242301,84.958885,20.470745,-0.033892,0.960558,0.106022,0.254833,-1.924951,92.594551,21.094994,-0.000943,0.96634,0.124217,0.225292,-4.443574,113.209579,25.035418,0.131628,0.98226,-0.027301,0.130748,-5.654586,133.517044,30.057026,0.190835,0.966634,-0.169845,0.018778,-1.322903,147.365189,27.968651,-0.001819,0.912679,0.09904,0.39649,-9.127531,128.05603,27.570745,0.417589,-0.531754,0.141139,-0.723144,-21.116421,129.371338,14.908387,0.269065,0.115994,-0.453533,-0.841699,-11.317325,113.275085,-1.261251,0.337505,0.2012,-0.539684,-0.744547,3.586653,135.189301,-2.556084,-0.004742,0.958813,0.171699,0.226217,-2.438371,127.652908,30.81415,0.359589,0.8835,0.174744,-0.244107,13.258171,126.453468,38.428524,-0.006615,0.220323,0.479658,-0.849319,28.708273,112.79454,24.597534,-0.018049,-0.023998,0.686982,-0.726054,17.87887,132.793823,15.598759,0.056356,0.9147,0.215169,0.337417,-8.54103,84.787819,14.581662,0.105696,0.979744,-0.020688,0.168826,-7.015027,52.131878,-1.062591,-0.041229,0.948941,0.064817,0.305958,-17.198383,5.67075,-0.831934,-0.111269,0.932784,0.030338,0.341485,6.056428,85.129959,26.359827,0.040831,0.895676,-0.196466,0.39686,14.330437,49.852093,27.062792,-0.038691,0.889644,0.054547,0.451732,3.434264,6.117988,42.261219,-0.041229,0.948941,0.064817,0.305958,-8.384754,1.731541,-12.745561,-0.038691,0.889644,0.054547,0.451732,15.403819,1.93298,33.638729
236,1.966667,-0.02836,0.941433,0.053239,0.331762,-1.231619,84.958961,20.476732,-0.033878,0.960558,0.106183,0.254765,-1.914029,92.59449,21.103006,-0.000798,0.966316,0.124567,0.225202,-4.433661,113.209198,25.050411,0.131839,0.982243,-0.02707,0.130708,-5.641628,133.513031,30.087406,0.19056,0.966717,-0.169688,0.018743,-1.304937,147.360687,28.006195,-0.001852,0.912715,0.099112,0.39639,-9.11562,128.054214,27.597752,0.417416,-0.531858,0.140941,-0.723206,-21.107292,129.36911,14.937989,0.26875,0.115912,-0.453634,-0.841757,-11.310884,113.28199,-1.242335,0.337283,0.201115,-0.539779,-0.744602,3.589515,135.199387,-2.534357,-0.004554,0.958809,0.171869,0.226108,-2.42585,127.64801,30.839508,0.359582,0.883409,0.174896,-0.244337,13.272481,126.441597,38.449089,-0.006863,0.220092,0.479749,-0.849326,28.717249,112.788414,24.606474,-0.018184,-0.024183,0.686926,-0.726097,17.886343,132.795609,15.62244,0.056455,0.914779,0.214999,0.337295,-8.531599,84.789452,14.589155,0.105505,0.979895,-0.020492,0.16809,-7.018539,52.129013,-1.046956,-0.041343,0.949087,0.065003,0.305449,-17.181074,5.663291,-0.823806,-0.111234,0.932794,0.030415,0.341464,6.068361,85.128479,26.364309,0.040932,0.895651,-0.196554,0.396863,14.341995,49.850399,27.061024,-0.03868,0.889666,0.054493,0.451695,3.433958,6.120366,42.262642,-0.041343,0.949087,0.065003,0.305449,-8.378527,1.730122,-12.747614,-0.03868,0.889666,0.054493,0.451695,15.402527,1.933774,33.639553
237,1.975,-0.028311,0.941476,0.053302,0.331634,-1.219728,84.958504,20.483206,-0.033971,0.960555,0.106378,0.254684,-1.90167,92.593971,21.110733,-0.000768,0.966308,0.124786,0.225115,-4.426688,113.205658,25.064962,0.13183,0.982261,-0.026825,0.130629,-5.635037,133.507202,30.11109,0.190553,0.966785,-0.169312,0.018719,-1.299682,147.356262,28.036394,-0.001636,0.912677,0.09932,0.396427,-9.109123,128.049271,27.619637,0.417744,-0.531953,0.140557,-0.723022,-21.099785,129.3741,14.959945,0.268809,0.116032,-0.453682,-0.841695,-11.303032,113.291405,-1.224592,0.337147,0.201087,-0.53983,-0.744634,3.593118,135.210831,-2.513712,-0.004614,0.958814,0.172109,0.225904,-2.418766,127.642044,30.86006,0.359479,0.883555,0.173545,-0.244922,13.282768,126.436958,38.463249,-0.007568,0.22023,0.479885,-0.849206,28.716988,112.774323,24.618193,-0.018115,-0.024635,0.686892,-0.726116,17.893112,132.796448,15.644351,0.056521,0.914808,0.215033,0.337184,-8.521351,84.790092,14.597632,0.105768,0.979757,-0.020465,0.168732,-7.013738,52.131252,-1.042351,-0.041172,0.948955,0.064835,0.305918,-17.200176,5.670696,-0.832681,-0.11111,0.932859,0.030425,0.341326,6.081894,85.126915,26.368778,0.041191,0.895988,-0.196663,0.396021,14.347623,49.846882,27.06044,-0.038559,0.889732,0.054479,0.451578,3.427795,6.122947,42.27116,-0.041172,0.948955,0.064835,0.305918,-8.388015,1.731431,-12.747378,-0.038559,0.889732,0.054479,0.451578,15.393045,1.934311,33.644455
238,1.983333,-0.028261,0.941488,0.053341,0.331596,-1.210781,84.956879,20.488922,-0.03391,0.960547,0.106555,0.254647,-1.892176,92.592316,21.117289,-0.000702,0.966288,0.125027,0.225068,-4.416693,113.204529,25.079771,0.131616,0.982318,-0.026555,0.130475,-5.624394,133.50354,30.136181,0.190698,0.966813,-0.169006,0.018569,-1.296481,147.355835,28.067553,-0.001534,0.912711,0.099395,0.396331,-9.098765,128.04689,27.642334,0.417867,-0.532032,0.140341,-0.722934,-21.092117,129.375671,14.985601,0.268759,0.116012,-0.45377,-0.841667,-11.29657,113.296417,-1.203078,0.336998,0.201125,-0.539853,-0.744675,3.594845,135.217422,-2.493269,-0.004306,0.958764,0.17226,0.226008,-2.408095,127.637993,30.881903,0.35924,0.883525,0.173988,-0.245069,13.291889,126.420761,38.486359,-0.007667,0.220001,0.479718,-0.84936,28.731081,112.775841,24.629385,-0.018449,-0.024888,0.686973,-0.726022,17.894056,132.796204,15.665352,0.056576,0.914864,0.214923,0.337093,-8.512922,84.789536,14.603962,0.105782,0.979779,-0.020316,0.168615,-7.013236,52.12775,-1.030606,-0.041288,0.948959,0.064796,0.305898,-17.198566,5.666903,-0.833849,-0.111049,0.932893,0.030485,0.341247,6.09136,85.124222,26.373884,0.041269,0.896015,-0.196618,0.395974,14.354512,49.843456,27.059286,-0.038674,0.889677,0.054432,0.451681,3.430566,6.118435,42.263897,-0.041288,0.948959,0.064796,0.305898,-8.385907,1.727638,-12.748176,-0.038674,0.889677,0.054432,0.451681,15.398609,1.930156,33.640888
239,1.991667,-0.02817,0.94154,0.053448,0.33144,-1.200731,84.954605,20.492136,-0.033988,0.960543,0.106795,0.254554,-1.881242,92.589951,21.122631,-0.000629,0.96629,0.125181,0.224975,-4.411092,113.199852,25.094149,0.131412,0.982369,-0.026298,0.130344,-5.616795,133.497269,30.157482,0.190818,0.96686,-0.168603,0.01852,-1.295901,147.352615,28.094706,-0.001547,0.912566,0.099612,0.396609,-9.09193,128.041595,27.662533,0.417712,-0.532121,0.140376,-0.722951,-21.077553,129.373962,14.99886,0.26843,0.116157,-0.453878,-0.841694,-11.28718,113.295593,-1.193829,0.33668,0.201292,-0.539901,-0.744739,3.598394,135.223801,-2.471091,-0.004376,0.958727,0.172511,0.225971,-2.400632,127.63131,30.900627,0.359225,0.883485,0.173925,-0.245279,13.29992,126.414658,38.504005,-0.007873,0.219823,0.479805,-0.849354,28.734529,112.772141,24.639544,-0.018463,-0.025174,0.686962,-0.726023,17.89752,132.79863,15.687698,0.056588,0.914913,0.214874,0.336988,-8.50491,84.789368,14.609647,0.105879,0.979801,-0.020218,0.168439,-7.009091,52.126122,-1.022269,-0.041242,0.948933,0.064749,0.305994,-17.201794,5.666852,-0.83438,-0.110977,0.932912,0.030504,0.341216,6.103449,85.11985,26.374626,0.041354,0.896092,-0.196703,0.395748,14.36229,49.838017,27.056684,-0.038611,0.889741,0.054476,0.451556,3.431783,6.116855,42.267685,-0.041242,0.948933,0.064749,0.305994,-8.387281,1.725871,-12.746771,-0.038611,0.889741,0.054476,0.451556,15.397063,1.928853,33.640705
240,2.0,-0.028148,0.941567,0.053597,0.331341,-1.18953,84.955421,20.497869,-0.03395,0.960537,0.107,0.254492,-1.870408,92.590538,21.130709,-0.00061,0.966276,0.12538,0.224923,-4.40051,113.197777,25.110849,0.131514,0.982372,-0.025993,0.13028,-5.607054,133.493103,30.182344,0.19067,0.966936,-0.168349,0.018399,-1.284528,147.349243,28.12829,-0.001598,0.912712,0.099784,0.396229,-9.082074,128.038193,27.685579,0.417609,-0.532134,0.140076,-0.723059,-21.078215,129.36998,15.031816,0.268284,0.116108,-0.453902,-0.841734,-11.284352,113.3041,-1.171148,0.336511,0.20139,-0.540026,-0.744698,3.600723,135.232849,-2.447201,-0.004516,0.958651,0.172983,0.225932,-2.390431,127.62706,30.922848,0.359244,0.883364,0.174404,-0.245348,13.310693,126.411591,38.525223,-0.007789,0.219478,0.479842,-0.849424,28.742924,112.77684,24.650513,-0.018511,-0.025481,0.686994,-0.72598,17.900805,132.804352,15.710773,0.056665,0.914955,0.214763,0.336933,-8.494968,84.791389,14.616914,0.105916,0.979818,-0.020079,0.168334,-7.007983,52.125347,-1.009978,-0.04132,0.948936,0.064791,0.305968,-17.201859,5.666286,-0.834521,-0.110921,0.932947,0.030533,0.341138,6.115909,85.119453,26.378822,0.041506,0.896111,-0.196728,0.395678,14.3718,49.836857,27.056841,-0.038155,0.889666,0.05456,0.451732,3.42866,6.117836,42.264896,-0.04132,0.948936,0.064791,0.305968,-8.387188,1.727211,-12.74742,-0.038155,0.889666,0.05456,0.451732,15.393591,1.92588,33.639366
241,2.008333,-0.028174,0.94158,0.053764,0.331275,-1.176474,84.957138,20.50271,-0.033957,0.960517,0.107234,0.254471,-1.858539,92.591949,21.137869,-0.000671,0.966251,0.125577,0.224919,-4.391692,113.200172,25.127995,0.131624,0.982385,-0.025659,0.130142,-5.602529,133.493423,30.206764,0.190769,0.966981,-0.168012,0.018103,-1.278528,147.350464,28.161934,-0.001647,0.912667,0.099924,0.396298,-9.076375,128.038696,27.707973,0.417431,-0.532203,0.140011,-0.723124,-21.070621,129.371078,15.052475,0.268062,0.116233,-0.453967,-0.841752,-11.279481,113.310364,-1.157245,0.336452,0.201485,-0.540044,-0.744685,3.601246,135.243301,-2.423164,-0.004342,0.958645,0.17322,0.225778,-2.384705,127.627792,30.945217,0.35912,0.883329,0.174554,-0.245546,13.318902,126.40554,38.541378,-0.008087,0.219226,0.479878,-0.849466,28.750729,112.780357,24.656801,-0.018548,-0.025689,0.686993,-0.725973,17.904776,132.813751,15.733975,0.056723,0.915044,0.214677,0.336736,-8.482706,84.793594,14.622723,0.105988,0.979826,-0.019991,0.168251,-7.00508,52.125347,-1.000451,-0.04141,0.948918,0.064843,0.305998,-17.204218,5.667403,-0.833496,-0.110852,0.932983,0.03056,0.341059,6.129757,85.120674,26.3827,0.041577,0.896083,-0.196791,0.395702,14.381747,49.837074,27.056408,-0.038072,0.889659,0.054609,0.451747,3.429775,6.120959,42.266476,-0.04141,0.948918,0.064843,0.305998,-8.387852,1.730675,-12.745921,-0.038072,0.889659,0.054609,0.451747,15.394442,1.929176,33.640488
242,2.016667,-0.028166,0.941612,0.053858,0.33117,-1.164867,84.960632,20.506388,-0.034023,0.960507,0.107468,0.254401,-1.847215,92.595306,21.143024,-0.000641,0.96624,0.125792,0.224846,-4.385299,113.201797,25.142118,0.131712,0.982393,-0.025462,0.13003,-5.596585,133.492783,30.229832,0.190716,0.967047,-0.167708,0.017964,-1.271188,147.350174,28.190374,-0.00167,0.912476,0.100264,0.396651,-9.070474,128.038925,27.729187,0.416839,-0.53225,0.140509,-0.723334,-21.054924,129.376541,15.06496,0.267524,0.11625,-0.454102,-0.841848,-11.273224,113.311127,-1.145819,0.336252,0.201627,-0.54005,-0.744733,3.602769,135.252289,-2.399505,-0.004353,0.958613,0.173473,0.225721,-2.378312,127.627014,30.965286,0.359032,0.883288,0.174689,-0.24573,13.326192,126.403496,38.559395,-0.008277,0.219024,0.479898,-0.849504,28.756691,112.786186,24.665627,-0.018617,-0.025929,0.68692,-0.726032,17.907724,132.822601,15.755513,0.056846,0.915054,0.21458,0.33675,-8.472409,84.797707,14.628013,0.106003,0.979821,-0.019911,0.168281,-7.005158,52.127449,-0.991952,-0.04128,0.948922,0.064861,0.305999,-17.20438,5.669501,-0.832952,-0.110826,0.933051,0.030547,0.340883,6.142675,85.123566,26.384766,0.041711,0.896116,-0.196845,0.395585,14.39271,49.839481,27.057177,-0.037973,0.889671,0.054561,0.451737,3.429336,6.126461,42.267914,-0.04128,0.948922,0.064861,0.305999,-8.389173,1.732049,-12.745995,-0.037973,0.889671,0.054561,0.451737,15.392772,1.932056,33.641491
243,2.025,-0.028066,0.941642,0.053906,0.331085,-1.157259,84.961693,20.511433,-0.033987,0.960488,0.107693,0.254382,-1.83835,92.596367,21.149328,-0.0006,0.966221,0.125941,0.224846,-4.37688,113.19783,25.157257,0.13178,0.98239,-0.025299,0.130013,-5.587906,133.487244,30.25128,0.190563,0.967124,-0.167441,0.017924,-1.261196,147.34494,28.216644,-0.001675,0.912499,0.100447,0.396551,-9.061867,128.03421,27.748945,0.416541,-0.532287,0.140485,-0.723484,-21.049084,129.373886,15.087559,0.267202,0.116302,-0.454144,-0.841921,-11.268978,113.315437,-1.131077,0.336017,0.201808,-0.540032,-0.744803,3.604069,135.258469,-2.374782,-0.004421,0.958591,0.173684,0.225649,-2.369706,127.621208,30.984905,0.358923,0.883283,0.174441,-0.246082,13.335922,126.398743,38.576847,-0.008696,0.218963,0.479887,-0.849522,28.761703,112.786308,24.673063,-0.018875,-0.026033,0.686834,-0.726103,17.910622,132.827682,15.774954,0.056897,0.915124,0.214407,0.336662,-8.465961,84.80072,14.634447,0.105778,0.980001,-0.019691,0.167397,-7.007947,52.125488,-0.975972,-0.041463,0.94909,0.064995,0.305424,-17.182812,5.66217,-0.824652,-0.110781,0.933086,0.030602,0.340795,6.151443,85.122665,26.388422,0.041774,0.896137,-0.196877,0.395516,14.399915,49.838116,27.055243,-0.038019,0.889666,0.05454,0.451746,3.431264,6.12677,42.267002,-0.041463,0.94909,0.064995,0.305424,-8.37975,1.729895,-12.748379,-0.038019,0.889666,0.05454,0.451746,15.395194,1.932464,33.64122
244,2.033333,-0.02798,0.941665,0.053915,0.331026,-1.150481,84.962151,20.516304,-0.033995,0.960496,0.107884,0.25427,-1.830335,92.596886,21.154818,-0.000562,0.96623,0.126119,0.224706,-4.370389,113.193642,25.170052,0.131593,0.982442,-0.025009,0.129871,-5.580801,133.481186,30.271694,0.190598,0.967155,-0.167231,0.017842,-1.260758,147.341949,28.24386,-0.001392,0.912626,0.100418,0.396268,-9.055248,128.0289,27.768394,0.416417,-0.532289,0.140358,-0.723577,-21.050343,129.376175,15.115277,0.267067,0.116203,-0.454096,-0.842003,-11.268622,113.324829,-1.109412,0.335759,0.201907,-0.539964,-0.744942,3.607125,135.264328,-2.353035,-0.004469,0.958564,0.173889,0.225606,-2.362149,127.615013,31.002298,0.358917,0.8832,0.174705,-0.246201,13.344137,126.392769,38.592911,-0.0089,0.21894,0.479952,-0.849489,28.767208,112.786339,24.680256,-0.019223,-0.026152,0.686552,-0.726356,17.91889,132.831497,15.788418,0.056923,0.915115,0.214395,0.33669,-8.460006,84.802681,14.640302,0.106011,0.979907,-0.019609,0.167806,-7.00352,52.127296,-0.969927,-0.041326,0.948962,0.06484,0.305876,-17.198627,5.668372,-0.83432,-0.110714,0.933095,0.030691,0.340784,6.159044,85.121613,26.392305,0.041805,0.896119,-0.196919,0.395532,14.405214,49.83638,27.051331,-0.038174,0.889677,0.05442,0.451725,3.432058,6.126866,42.265095,-0.041326,0.948962,0.06484,0.305876,-8.386062,1.730701,-12.749238,-0.038174,0.889677,0.05442,0.451725,15.396508,1.931483,33.64056
245,2.041667,-0.027896,0.941687,0.053937,0.330965,-1.143078,84.961044,20.521446,-0.034014,0.960495,0.108071,0.254192,-1.821782,92.595818,21.160757,-0.000531,0.966229,0.126299,0.224609,-4.36404,113.188995,25.183149,0.131581,0.982448,-0.024904,0.129853,-5.574384,133.474625,30.292374,0.190446,0.967214,-0.167049,0.017929,-1.25508,147.336044,28.267372,-0.001332,0.912644,0.100637,0.39617,-9.049071,128.023102,27.787775,0.416252,-0.532268,0.140273,-0.723705,-21.04689,129.374969,15.137733,0.266888,0.116195,-0.454129,-0.842043,-11.262837,113.330627,-1.092465,0.335608,0.202007,-0.539973,-0.744977,3.611004,135.27063,-2.332311,-0.004489,0.958601,0.173869,0.225465,-2.355323,127.608345,31.020227,0.35882,0.883174,0.175033,-0.2462,13.353181,126.387825,38.606533,-0.008982,0.218787,0.479864,-0.849577,28.779724,112.790092,24.68922,-0.019462,-0.026291,0.686475,-0.726418,17.924244,132.833954,15.804884,0.057019,0.9151,0.214327,0.336756,-8.453449,84.803131,14.646456,0.106018,0.979904,-0.01951,0.16783,-7.003898,52.126431,-0.961685,-0.041244,0.948955,0.064828,0.305909,-17.198151,5.66729,-0.835656,-0.11065,0.933095,0.030776,0.340799,6.167293,85.118958,26.396439,0.041825,0.89611,-0.196974,0.395523,14.41129,49.833088,27.04829,-0.038046,0.889699,0.054418,0.451694,3.434579,6.125793,42.265858,-0.041244,0.948955,0.064828,0.305909,-8.385542,1.72853,-12.750183,-0.038046,0.889699,0.054418,0.451694,15.397303,1.928622,33.639805
246,2.05,-0.027826,0.94172,0.054007,0.330866,-1.136594,84.960045,20.526455,-0.034023,0.960494,0.108187,0.254145,-1.814582,92.594757,21.1672,-0.000539,0.966214,0.12649,0.224569,-4.358262,113.18692,25.194252,0.131595,0.982457,-0.024767,0.129801,-5.570504,133.470535,30.311045,0.190385,0.967262,-0.166848,0.017879,-1.251468,147.332581,28.289738,-0.001275,0.912658,0.100843,0.396086,-9.044757,128.019547,27.804667,0.416044,-0.532236,0.140242,-0.723854,-21.044912,129.375809,15.157313,0.266715,0.116204,-0.454129,-0.842097,-11.258738,113.337692,-1.077773,0.335515,0.202067,-0.539926,-0.745036,3.616045,135.279633,-2.312833,-0.004442,0.958557,0.174128,0.225451,-2.350745,127.604332,31.036514,0.358675,0.883144,0.175339,-0.246301,13.357988,126.380264,38.621773,-0.009163,0.218658,0.47991,-0.849583,28.787249,112.794075,24.696203,-0.019401,-0.026335,0.686411,-0.726477,17.931705,132.840851,15.821918,0.057037,0.915117,0.214333,0.336703,-8.448273,84.803673,14.653051,0.106071,0.979915,-0.019459,0.167744,-7.000723,52.1273,-0.955947,-0.041344,0.948957,0.064769,0.305904,-17.198961,5.669022,-0.83465,-0.110708,0.933172,0.030783,0.340567,6.175085,85.116417,26.39986,0.042008,0.896084,-0.19697,0.395564,14.423243,49.831493,27.050594,-0.038576,0.889652,0.054237,0.451762,3.430438,6.125519,42.260323,-0.041344,0.948957,0.064769,0.305904,-8.385674,1.729533,-12.748432,-0.038576,0.889652,0.054237,0.451762,15.398443,1.930804,33.640404
247,2.058333,-0.027864,0.941734,0.054144,0.3308,-1.12827,84.960831,20.530447,-0.033794,0.960515,0.108279,0.254056,-1.80745,92.595284,21.173025,-0.000824,0.966196,0.126705,0.224521,-4.342011,113.183884,25.205833,0.131615,0.982455,-0.024613,0.129826,-5.567579,133.465179,30.32859,0.190254,0.96732,-0.166654,0.017937,-1.248368,147.327835,28.311852,-0.001374,0.912649,0.101214,0.396011,-9.038265,128.012634,27.82066,0.416445,-0.532325,0.139606,-0.723681,-21.04047,129.37059,15.175432,0.266799,0.116485,-0.454139,-0.842026,-11.250156,113.344101,-1.068626,0.335387,0.202075,-0.539861,-0.745138,3.620107,135.288467,-2.293656,-0.004466,0.958517,0.174373,0.225432,-2.343937,127.600906,31.052298,0.35855,0.883108,0.175515,-0.24649,13.3651,126.375816,38.636765,-0.009245,0.218399,0.479959,-0.849621,28.79421,112.799545,24.701349,-0.019345,-0.02669,0.686799,-0.7261,17.934517,132.851746,15.838601,0.057149,0.915114,0.214299,0.336715,-8.44072,84.804573,14.657998,0.106076,0.979885,-0.019454,0.167911,-7.001189,52.128082,-0.951499,-0.041293,0.948952,0.064847,0.305908,-17.199892,5.669901,-0.832414,-0.110671,0.933175,0.030814,0.340569,6.184178,85.117088,26.402897,0.042056,0.896094,-0.197044,0.395501,14.430682,49.831726,27.050634,-0.038062,0.889678,0.054385,0.451738,3.432149,6.128913,42.265331,-0.041293,0.948952,0.064847,0.305908,-8.386827,1.732126,-12.746932,-0.038062,0.889678,0.054385,0.451738,15.395737,1.931113,33.640778
248,2.066667,-0.027874,0.941757,0.054298,0.330709,-1.120091,84.960892,20.534527,-0.033819,0.960516,0.108432,0.253982,-1.800125,92.595085,21.179338,-0.000809,0.966197,0.126837,0.224446,-4.336801,113.180435,25.217873,0.131543,0.982477,-0.02448,0.129756,-5.562601,133.460342,30.346098,0.190213,0.967362,-0.166458,0.017913,-1.24609,147.324295,28.332497,-0.001338,0.912649,0.101356,0.395975,-9.033396,128.008286,27.837267,0.416312,-0.53234,0.13947,-0.723773,-21.036608,129.369263,15.193317,0.266636,0.11659,-0.454197,-0.842031,-11.245214,113.350235,-1.057468,0.335462,0.201987,-0.539806,-0.745168,3.620293,135.296844,-2.274635,-0.004546,0.958508,0.174538,0.225339,-2.338561,127.596031,31.067795,0.35845,0.883086,0.175736,-0.246556,13.371915,126.372894,38.649593,-0.009426,0.218255,0.479968,-0.849651,28.80295,112.804703,24.708452,-0.019372,-0.026706,0.686791,-0.726106,17.940722,132.859512,15.855778,0.05724,0.915151,0.21419,0.336667,-8.433661,84.805305,14.663455,0.105866,0.98003,-0.019334,0.16721,-7.003757,52.126194,-0.941442,-0.041511,0.949098,0.065021,0.305388,-17.181128,5.663332,-0.822864,-0.110648,0.933158,0.030906,0.340615,6.193479,85.116478,26.4056,0.042115,0.896059,-0.197168,0.395511,14.440674,49.831154,27.046936,-0.038498,0.889725,0.054251,0.451623,3.432403,6.133452,42.269264,-0.041511,0.949098,0.065021,0.305388,-8.378464,1.732224,-12.747272,-0.038498,0.889725,0.054251,0.451623,15.397145,1.937997,33.645172
249,2.075,-0.027862,0.941779,0.054363,0.330636,-1.112085,84.961021,20.538443,-0.03383,0.96051,0.10854,0.253957,-1.79223,92.595116,21.184319,-0.000807,0.966175,0.127034,0.224426,-4.330608,113.181068,25.227457,0.131538,0.982483,-0.024306,0.129748,-5.558086,133.458878,30.363569,0.190077,0.967395,-0.166427,0.017894,-1.242293,147.323761,28.354856,-0.001353,0.912639,0.101539,0.395953,-9.028461,128.007477,27.852726,0.416194,-0.532316,0.139435,-0.723865,-21.03229,129.370422,15.209575,0.266476,0.116581,-0.45426,-0.84205,-11.23914,113.355621,-1.044311,0.335354,0.201983,-0.539872,-0.745171,3.623629,135.304565,-2.258766,-0.004505,0.958497,0.174673,0.225284,-2.333499,127.594582,31.082901,0.358371,0.88308,0.175666,-0.246741,13.37785,126.369347,38.662548,-0.009696,0.218227,0.480031,-0.849619,28.807169,112.80545,24.715317,-0.019433,-0.026789,0.686773,-0.726118,17.947334,132.865005,15.87054,0.057294,0.915194,0.21411,0.336592,-8.426581,84.805969,14.668512,0.10586,0.980035,-0.019241,0.167198,-7.003522,52.124794,-0.932673,-0.041623,0.949112,0.065087,0.305316,-17.178839,5.661464,-0.822567,-0.110503,0.933085,0.03112,0.340843,6.202412,85.116074,26.408375,0.042018,0.895888,-0.197298,0.395843,14.444963,49.829376,27.033638,-0.038055,0.88967,0.054327,0.45176,3.434432,6.135786,42.266129,-0.041623,0.949112,0.065087,0.305316,-8.376761,1.733267,-12.748365,-0.038055,0.88967,0.054327,0.45176,15.398166,1.936354,33.64257
250,2.083333,-0.027808,0.941805,0.054414,0.33056,-1.107111,84.960335,20.542627,-0.033856,0.960504,0.108677,0.253921,-1.786689,92.594383,21.189564,-0.000798,0.966168,0.127144,0.224396,-4.327185,113.177315,25.237656,0.131386,0.982514,-0.024214,0.129682,-5.555142,133.453949,30.378256,0.190141,0.96742,-0.166212,0.017873,-1.244141,147.320572,28.371239,-0.001423,0.912651,0.101743,0.395872,-9.025455,128.00296,27.866428,0.416184,-0.532273,0.139238,-0.72394,-21.031532,129.366196,15.225437,0.266438,0.116628,-0.454292,-0.842038,-11.233393,113.359093,-1.033019,0.335362,0.201972,-0.539923,-0.745133,3.627848,135.31044,-2.245012,-0.004514,0.958493,0.174815,0.225192,-2.330287,127.589622,31.096125,0.358299,0.883086,0.175634,-0.246848,13.382524,126.364113,38.67271,-0.009912,0.218188,0.480051,-0.849616,28.811783,112.803825,24.721901,-0.019595,-0.026976,0.68679,-0.72609,17.951841,132.866714,15.883693,0.057305,0.915219,0.214066,0.336549,-8.422599,84.806458,14.673896,0.105881,0.980067,-0.019129,0.167007,-7.002153,52.124023,-0.924914,-0.041573,0.949115,0.065106,0.30531,-17.177704,5.660722,-0.82365,-0.110588,0.933156,0.03104,0.340628,6.208376,85.11422,26.411358,0.042248,0.895968,-0.1972,0.395688,14.454805,49.828529,27.042305,-0.038133,0.889613,0.054355,0.451864,3.430996,6.133118,42.259968,-0.041573,0.949115,0.065106,0.30531,-8.376215,1.732569,-12.749902,-0.038133,0.889613,0.054355,0.451864,15.39749,1.935518,33.639343
251,2.091667,-0.027687,0.94184,0.054465,0.330463,-1.102087,84.957344,20.545677,-0.033889,0.960509,0.108818,0.253838,-1.780093,92.591408,21.194042,-0.000711,0.966174,0.12727,0.224297,-4.322954,113.172028,25.247446,0.131347,0.982556,-0.023964,0.129451,-5.548052,133.447342,30.394026,0.190171,0.967448,-0.166048,0.017527,-1.239796,147.315643,28.392813,-0.00136,0.91266,0.101901,0.39581,-9.019377,127.997353,27.881414,0.416093,-0.532275,0.139175,-0.724003,-21.027166,129.364563,15.242479,0.266283,0.116563,-0.454382,-0.842047,-11.228258,113.361656,-1.019667,0.335156,0.202128,-0.540031,-0.745105,3.629289,135.315125,-2.232066,-0.004664,0.958488,0.174916,0.225129,-2.323547,127.582527,31.109545,0.358346,0.882992,0.176042,-0.246825,13.390197,126.361641,38.684933,-0.009801,0.217994,0.48006,-0.849662,28.818344,112.805763,24.728624,-0.019711,-0.027208,0.686607,-0.726252,17.955622,132.867111,15.896128,0.057273,0.915275,0.214009,0.336441,-8.418914,84.805809,14.678555,0.105927,0.980067,-0.019035,0.166989,-6.999639,52.121361,-0.916123,-0.041648,0.949112,0.065078,0.305313,-17.177925,5.658638,-0.824192,-0.110577,0.933148,0.03111,0.340645,6.21474,85.108879,26.412796,0.042319,0.895997,-0.197265,0.395583,14.462116,49.823318,27.038891,-0.038191,0.889628,0.054271,0.451839,3.431625,6.130913,42.260334,-0.041648,0.949112,0.065078,0.305313,-8.375715,1.730404,-12.749881,-0.038191,0.889628,0.054271,0.451839,15.397843,1.931877,33.640026
252,2.1,-0.02762,0.941858,0.054567,0.330399,-1.096469,84.955421,20.547611,-0.033912,0.960497,0.108981,0.253808,-1.77398,92.589378,21.197838,-0.000643,0.966163,0.127418,0.224262,-4.319394,113.168488,25.257645,0.131261,0.982581,-0.023892,0.129363,-5.542942,133.442215,30.410784,0.190117,0.967474,-0.165972,0.017429,-1.237655,147.31163,28.410858,-0.001427,0.912696,0.101857,0.395739,-9.014771,127.993225,27.896711,0.416022,-0.532256,0.138941,-0.724103,-21.024513,129.357452,15.259315,0.266176,0.116522,-0.454408,-0.842073,-11.221366,113.364555,-1.010111,0.335048,0.20213,-0.540195,-0.745034,3.636683,135.320358,-2.222057,-0.004644,0.958488,0.175044,0.22503,-2.31871,127.576996,31.124178,0.358252,0.88298,0.175993,-0.247038,13.396592,126.355042,38.696159,-0.010036,0.217851,0.480071,-0.849689,28.822868,112.804771,24.732334,-0.019846,-0.027522,0.686578,-0.726264,17.956848,132.871017,15.91036,0.057269,0.915281,0.214016,0.336418,-8.414147,84.805634,14.681512,0.106171,0.979912,-0.019032,0.167745,-6.994768,52.121361,-0.913523,-0.041594,0.948961,0.064922,0.305825,-17.195513,5.663547,-0.833607,-0.110555,0.933156,0.031138,0.34063,6.221211,85.105217,26.41371,0.042343,0.89601,-0.197328,0.395519,14.467807,49.819439,27.037188,-0.038098,0.88966,0.054411,0.451766,3.43408,6.12959,42.263611,-0.041594,0.948961,0.064922,0.305825,-8.381529,1.730697,-12.74907,-0.038098,0.88966,0.054411,0.451766,15.398608,1.932944,33.639805
253,2.108333,-0.027651,0.941901,0.05458,0.330272,-1.088745,84.956429,20.553064,-0.033866,0.960514,0.10915,0.253677,-1.766687,92.590332,21.203413,-0.000779,0.966179,0.127478,0.224157,-4.311026,113.164581,25.270138,0.131262,0.982592,-0.023813,0.12929,-5.540104,133.437653,30.424522,0.190024,0.967513,-0.165857,0.017369,-1.235309,147.30751,28.426487,-0.001177,0.912693,0.101996,0.395711,-9.010649,127.987694,27.910789,0.416511,-0.53235,0.138506,-0.723836,-21.021198,129.361694,15.275216,0.266379,0.116632,-0.45439,-0.842003,-11.217019,113.371422,-0.996152,0.334864,0.202131,-0.540344,-0.745009,3.638718,135.324829,-2.208132,-0.004673,0.958454,0.175304,0.224973,-2.313883,127.573418,31.137049,0.358092,0.882874,0.177391,-0.24665,13.402314,126.350723,38.707058,-0.009657,0.217415,0.479857,-0.849926,28.843796,112.823067,24.738113,-0.020055,-0.027779,0.686514,-0.726309,17.960108,132.878647,15.924105,0.057304,0.915328,0.214018,0.336285,-8.407972,84.806007,14.68891,0.106188,0.979935,-0.018962,0.167605,-6.99314,52.122082,-0.907269,-0.041495,0.948964,0.065011,0.305808,-17.194386,5.664363,-0.832708,-0.110378,0.933085,0.031324,0.340865,6.230482,85.106842,26.417219,0.042226,0.895808,-0.197436,0.395934,14.469668,49.819073,27.025805,-0.038835,0.889664,0.054055,0.451738,3.434857,6.132338,42.260403,-0.041495,0.948964,0.065011,0.305808,-8.381566,1.733076,-12.749553,-0.038835,0.889664,0.054055,0.451738,15.404023,1.936355,33.642696
254,2.116667,-0.027706,0.941926,0.054767,0.330165,-1.082056,84.959099,20.554867,-0.03383,0.960508,0.109304,0.253641,-1.761657,92.592651,21.207705,-0.000782,0.966166,0.127598,0.224148,-4.305824,113.164093,25.280798,0.131247,0.982604,-0.023692,0.129236,-5.536099,133.435898,30.439934,0.189917,0.967538,-0.165844,0.017248,-1.232329,147.306519,28.445026,-0.001296,0.912698,0.102185,0.395651,-9.006331,127.986298,27.924957,0.416406,-0.532376,0.138413,-0.723895,-21.018528,129.358932,15.290801,0.266234,0.116605,-0.454466,-0.842011,-11.214436,113.373825,-0.985692,0.334832,0.202102,-0.540424,-0.744973,3.638528,135.330399,-2.196474,-0.004672,0.958441,0.17544,0.224922,-2.30951,127.571693,31.151056,0.357999,0.88284,0.177627,-0.246736,13.407495,126.348221,38.719261,-0.009783,0.217194,0.479851,-0.849985,28.850189,112.828911,24.743572,-0.020091,-0.028007,0.68645,-0.72636,17.961618,132.886642,15.941179,0.057373,0.915396,0.213866,0.336185,-8.402554,84.808746,14.692298,0.105949,0.980047,-0.01887,0.167114,-6.997883,52.120686,-0.89612,-0.041517,0.949121,0.065246,0.305269,-17.175632,5.657819,-0.821141,-0.110398,0.933122,0.031174,0.340768,6.238441,85.109451,26.417437,0.042351,0.895849,-0.197367,0.395863,14.475415,49.821335,27.035778,-0.03883,0.88964,0.054146,0.451775,3.433775,6.132993,42.260803,-0.041517,0.949121,0.065246,0.305269,-8.375415,1.733037,-12.749435,-0.03883,0.88964,0.054146,0.451775,15.403927,1.939362,33.643322
255,2.125,-0.027715,0.941951,0.054848,0.330078,-1.076263,84.959343,20.558992,-0.03378,0.960508,0.109435,0.253588,-1.756348,92.592743,21.213024,-0.000808,0.96616,0.127693,0.224115,-4.299516,113.162186,25.291893,0.131189,0.982619,-0.023648,0.129189,-5.531555,133.432953,30.45463,0.189845,0.967558,-0.165817,0.017197,-1.229703,147.304291,28.460506,-0.001175,0.912705,0.102319,0.395599,-9.001377,127.983452,27.938894,0.416369,-0.532394,0.138425,-0.7239,-21.015024,129.361603,15.306711,0.266141,0.116562,-0.454562,-0.841995,-11.212089,113.376595,-0.970583,0.334829,0.202032,-0.540454,-0.744971,3.635503,135.333984,-2.182434,-0.004673,0.958439,0.175511,0.224875,-2.304334,127.568962,31.164555,0.357901,0.882785,0.177971,-0.246826,13.413403,126.345253,38.731209,-0.009928,0.216975,0.47975,-0.850096,28.85737,112.836227,24.746981,-0.020418,-0.02805,0.686562,-0.726243,17.959112,132.894333,15.955658,0.057503,0.915349,0.213901,0.336268,-8.39783,84.809235,14.697748,0.105933,0.980003,-0.018912,0.167375,-6.999417,52.123333,-0.895788,-0.041585,0.949121,0.065188,0.30527,-17.176336,5.660281,-0.819398,-0.110266,0.933076,0.03138,0.34092,6.245304,85.109451,26.420235,0.042259,0.895695,-0.19756,0.396125,14.478353,49.820137,27.022701,-0.038269,0.889609,0.05428,0.451869,3.432917,6.138307,42.26366,-0.041585,0.949121,0.065188,0.30527,-8.375547,1.734521,-12.746957,-0.038269,0.889609,0.05428,0.451869,15.400428,1.940581,33.644505
256,2.133333,-0.027706,0.941979,0.054909,0.32999,-1.072134,84.960388,20.563171,-0.033805,0.960509,0.10956,0.253528,-1.75234,92.593697,21.218191,-0.000764,0.966164,0.127769,0.224057,-4.297463,113.160812,25.301727,0.131119,0.982641,-0.023644,0.129093,-5.528142,133.430786,30.467964,0.189813,0.967575,-0.165761,0.017106,-1.228626,147.302734,28.473207,-0.00102,0.912733,0.102267,0.395549,-8.998471,127.981819,27.951765,0.416383,-0.532423,0.138414,-0.723873,-21.013519,129.364014,15.321359,0.266144,0.116491,-0.454586,-0.841991,-11.211934,113.378647,-0.956394,0.3348,0.20206,-0.540511,-0.744935,3.635918,135.336761,-2.17185,-0.004645,0.95843,0.175599,0.224846,-2.301036,127.566551,31.176514,0.357815,0.882795,0.177913,-0.246958,13.417168,126.341377,38.741962,-0.010189,0.21694,0.47974,-0.850107,28.86095,112.836395,24.75363,-0.020557,-0.028225,0.686207,-0.726567,17.961765,132.896729,15.969941,0.057525,0.915373,0.213849,0.33623,-8.394792,84.810707,14.703279,0.105941,0.980005,-0.018834,0.167368,-6.999761,52.123386,-0.887564,-0.041496,0.949128,0.065222,0.305254,-17.176186,5.660221,-0.818496,-0.110487,0.933269,0.031164,0.340339,6.250523,85.110077,26.423063,0.042622,0.896002,-0.19742,0.39546,14.493444,49.82333,27.04056,-0.038287,0.889623,0.054276,0.451841,3.433623,6.139192,42.264462,-0.041496,0.949128,0.065222,0.305254,-8.376562,1.734562,-12.746943,-0.038287,0.889623,0.054276,0.451841,15.400746,1.941597,33.644707
257,2.141667,-0.027689,0.94201,0.054938,0.329897,-1.067315,84.958694,20.567047,-0.033811,0.96051,0.109669,0.253475,-1.747354,92.591965,21.222635,-0.000789,0.966167,0.127814,0.224021,-4.293641,113.157967,25.310575,0.131062,0.98266,-0.023584,0.129017,-5.52553,133.427444,30.478405,0.189812,0.967587,-0.165702,0.017003,-1.228101,147.300201,28.484779,-0.00116,0.912757,0.102437,0.395449,-8.995607,127.978409,27.962023,0.416487,-0.532459,0.138168,-0.723834,-21.013399,129.358139,15.333957,0.266122,0.116488,-0.454596,-0.841993,-11.210354,113.37838,-0.94844,0.334665,0.202038,-0.540516,-0.744998,3.636889,135.336655,-2.163653,-0.004703,0.958413,0.175729,0.224816,-2.297933,127.563408,31.186312,0.357786,0.882806,0.177707,-0.247108,13.420727,126.339355,38.750996,-0.010299,0.21694,0.47974,-0.850106,28.861845,112.834213,24.759865,-0.020712,-0.028566,0.686097,-0.726654,17.962582,132.895844,15.978723,0.057537,0.915421,0.21386,0.336092,-8.391151,84.80938,14.70862,0.105951,0.979994,-0.018791,0.167432,-6.999053,52.122486,-0.883391,-0.041544,0.949123,0.065227,0.305261,-17.175737,5.659366,-0.819115,-0.110214,0.933146,0.031409,0.34074,6.256522,85.108009,26.425474,0.042376,0.895753,-0.197518,0.396001,14.486964,49.818012,27.023115,-0.038366,0.889576,0.054275,0.451926,3.435257,6.135568,42.257763,-0.041544,0.949123,0.065227,0.305261,-8.375477,1.734306,-12.747293,-0.038366,0.889576,0.054275,0.451926,15.404683,1.939063,33.640671
258,2.15,-0.027488,0.942039,0.054894,0.329838,-1.067704,84.959152,20.571487,-0.033775,0.960501,0.109845,0.253438,-1.744575,92.592674,21.227505,-0.000816,0.966176,0.127774,0.224003,-4.290589,113.153091,25.322187,0.130977,0.982675,-0.02362,0.128985,-5.523102,133.423004,30.488184,0.189763,0.967609,-0.165636,0.016983,-1.22803,147.29628,28.49304,-0.001039,0.912827,0.102339,0.395313,-8.993045,127.973595,27.972416,0.416483,-0.532461,0.138091,-0.72385,-21.014606,129.355331,15.348169,0.266089,0.116381,-0.454619,-0.842006,-11.210598,113.378319,-0.936322,0.334614,0.201968,-0.54053,-0.74503,3.63697,135.336273,-2.15575,-0.004637,0.958436,0.175618,0.224805,-2.295257,127.559158,31.196529,0.357707,0.882786,0.177874,-0.247176,13.423584,126.333832,38.760609,-0.010336,0.216889,0.479689,-0.850147,28.865862,112.835205,24.764488,-0.020825,-0.028674,0.685902,-0.72683,17.96372,132.894974,15.986353,0.057553,0.915398,0.213825,0.336173,-8.392466,84.813034,14.714143,0.105949,0.98002,-0.01868,0.167289,-7.000908,52.125191,-0.87592,-0.041514,0.949123,0.06514,0.305285,-17.175684,5.66164,-0.820509,-0.110228,0.93324,0.031528,0.34047,6.257057,85.105278,26.428833,0.042372,0.895758,-0.197646,0.395927,14.491492,49.81604,27.016392,-0.038696,0.889687,0.054095,0.451701,3.436709,6.138351,42.262424,-0.041514,0.949123,0.06514,0.305285,-8.375295,1.733867,-12.747687,-0.038696,0.889687,0.054095,0.451701,15.404098,1.94151,33.642681
259,2.158333,-0.027543,0.942072,0.054983,0.329726,-1.060645,84.960541,20.574686,-0.033796,0.960505,0.109982,0.253361,-1.738675,92.593864,21.231785,-0.00083,0.96618,0.127856,0.223939,-4.286655,113.15284,25.331917,0.130919,0.982692,-0.023654,0.128906,-5.520178,133.421875,30.501137,0.189731,0.967616,-0.165635,0.016917,-1.226936,147.295502,28.504436,-0.001075,0.912876,0.102405,0.395184,-8.989988,127.972565,27.984964,0.416639,-0.5325,0.137865,-0.723774,-21.015116,129.353607,15.364033,0.266159,0.116346,-0.454627,-0.841984,-11.210065,113.380287,-0.92347,0.334572,0.20196,-0.540515,-0.745062,3.63659,135.336594,-2.146334,-0.004594,0.958438,0.175674,0.224753,-2.291772,127.558182,31.208199,0.357664,0.882769,0.177911,-0.24727,13.427917,126.331291,38.770279,-0.010364,0.216787,0.479706,-0.850164,28.869406,112.836136,24.769936,-0.020733,-0.028772,0.685917,-0.726815,17.965862,132.897278,15.996517,0.057606,0.915451,0.21378,0.336049,-8.386741,84.813873,14.71902,0.10594,0.980022,-0.018613,0.167295,-7.001943,52.125084,-0.869648,-0.041589,0.949132,0.065139,0.305248,-17.174786,5.661109,-0.820411,-0.110087,0.933252,0.031517,0.340483,6.265452,85.107216,26.430351,0.042358,0.895721,-0.197551,0.39606,14.490214,49.815674,27.015293,-0.038819,0.889582,0.054164,0.45189,3.437852,6.134301,42.252529,-0.041589,0.949132,0.065139,0.305248,-8.374613,1.734005,-12.747977,-0.038819,0.889582,0.054164,0.45189,15.410149,1.941024,33.637856
260,2.166667,-0.027575,0.942085,0.05515,0.329657,-1.055695,84.962334,20.576006,-0.033769,0.960505,0.110096,0.253316,-1.734981,92.595345,21.235409,-0.000831,0.966177,0.127936,0.223905,-4.282735,113.152397,25.340336,0.131184,0.982664,-0.023503,0.128879,-5.516847,133.420578,30.512768,0.189453,0.967656,-0.16574,0.01675,-1.216773,147.292816,28.521248,-0.001102,0.912898,0.10252,0.395103,-8.986571,127.971497,27.995979,0.416582,-0.532568,0.137852,-0.723759,-21.013948,129.352966,15.377244,0.266089,0.116268,-0.454625,-0.842018,-11.212355,113.380287,-0.912955,0.334513,0.20193,-0.540541,-0.745078,3.636059,135.336945,-2.137433,-0.004604,0.958428,0.175787,0.22471,-2.288128,127.556923,31.218714,0.357627,0.882728,0.178174,-0.247281,13.432224,126.329742,38.779354,-0.010321,0.216658,0.479697,-0.850202,28.874762,112.840248,24.774712,-0.02067,-0.028785,0.685869,-0.726862,17.968641,132.900345,16.005701,0.057645,0.915468,0.213687,0.336055,-8.382607,84.816063,14.721352,0.105948,0.979979,-0.018573,0.167548,-7.002666,52.124702,-0.86237,-0.041526,0.949138,0.065232,0.305219,-17.175638,5.660746,-0.819626,-0.110113,0.933271,0.031476,0.340427,6.271217,85.108604,26.43066,0.042443,0.895728,-0.197555,0.396033,14.496734,49.817291,27.018526,-0.038927,0.889592,0.054064,0.451873,3.437397,6.136763,42.25312,-0.041526,0.949138,0.065232,0.305219,-8.376593,1.735634,-12.748676,-0.038927,0.889592,0.054064,0.451873,15.409952,1.942319,33.639381
261,2.175,-0.02767,0.942099,0.055331,0.32958,-1.046657,84.963013,20.577768,-0.033767,0.960513,0.110204,0.253239,-1.728184,92.595634,21.239353,-0.000913,0.966182,0.128018,0.223837,-4.27682,113.15284,25.349045,0.131141,0.982681,-0.023504,0.128793,-5.514697,133.42012,30.524057,0.189411,0.967664,-0.165746,0.01665,-1.216155,147.292755,28.531902,-0.001041,0.912909,0.102625,0.39505,-8.983535,127.970612,28.007,0.41661,-0.532628,0.137809,-0.723707,-21.012363,129.355301,15.390001,0.266049,0.116223,-0.45463,-0.842034,-11.213337,113.382591,-0.901708,0.334442,0.201849,-0.540552,-0.745124,3.635016,135.338364,-2.127174,-0.004611,0.958426,0.175871,0.22465,-2.284641,127.557076,31.228933,0.357567,0.882735,0.178127,-0.247376,13.43666,126.329826,38.78759,-0.010555,0.21677,0.479684,-0.850178,28.878981,112.843094,24.78006,-0.020826,-0.028606,0.685541,-0.727174,17.975088,132.903656,16.012569,0.057661,0.915586,0.213506,0.335848,-8.374427,84.816078,14.724205,0.105977,0.979994,-0.018421,0.167458,-7.003595,52.119244,-0.848818,-0.041542,0.949112,0.065453,0.30525,-17.176828,5.655336,-0.819733,-0.110051,0.933304,0.031412,0.340362,6.281113,85.10994,26.431332,0.042513,0.895728,-0.197591,0.396008,14.500946,49.817348,27.021381,-0.03856,0.889581,0.054293,0.451898,3.434779,6.138748,42.25655,-0.041542,0.949112,0.065453,0.30525,-8.376444,1.736634,-12.749902,-0.03856,0.889581,0.054293,0.451898,15.405428,1.945328,33.639664
262,2.183333,-0.027705,0.942133,0.055406,0.329467,-1.04125,84.964493,20.581923,-0.03379,0.960523,0.110261,0.253172,-1.723576,92.596962,21.244501,-0.0009,0.966185,0.128093,0.22378,-4.273368,113.152901,25.356297,0.131106,0.982697,-0.02349,0.128711,-5.511086,133.419388,30.534475,0.189338,0.967682,-0.165738,0.016555,-1.213876,147.292404,28.542181,-0.001059,0.912979,0.102588,0.394898,-8.980097,127.970169,28.017006,0.416644,-0.53265,0.137728,-0.723687,-21.01313,129.35321,15.403832,0.266043,0.116164,-0.454658,-0.842029,-11.214135,113.382172,-0.889543,0.334366,0.201913,-0.540533,-0.745154,3.633719,135.338364,-2.117927,-0.004584,0.958448,0.175829,0.224591,-2.280823,127.556297,31.238106,0.357408,0.882749,0.178404,-0.247357,13.441414,126.32885,38.794792,-0.010473,0.21665,0.479545,-0.850288,28.889853,112.852081,24.784414,-0.020779,-0.02864,0.685549,-0.727166,17.977438,132.907639,16.019121,0.057704,0.915623,0.213477,0.335758,-8.370384,84.817291,14.730074,0.105981,0.979953,-0.018383,0.167698,-7.004701,52.119923,-0.842299,-0.041486,0.949109,0.065506,0.305255,-17.177734,5.655968,-0.819308,-0.109999,0.933305,0.031439,0.340373,6.287882,85.111702,26.433771,0.042543,0.895714,-0.197658,0.396003,14.504904,49.818394,27.020788,-0.038742,0.889627,0.054124,0.451811,3.43381,6.142566,42.260326,-0.041486,0.949109,0.065506,0.305255,-8.377645,1.738211,-12.750003,-0.038742,0.889627,0.054124,0.451811,15.40379,1.947159,33.643482
263,2.191667,-0.027723,0.942164,0.055416,0.329374,-1.037705,84.965012,20.585907,-0.033818,0.960528,0.11036,0.253106,-1.72028,92.597435,21.248608,-0.000855,0.966195,0.128131,0.223717,-4.272013,113.15284,25.364319,0.131008,0.982723,-0.023492,0.128612,-5.507952,133.418915,30.544519,0.189332,0.96768,-0.165765,0.016454,-1.213845,147.29277,28.551319,-0.001097,0.91301,0.102601,0.394823,-8.977595,127.970108,28.027031,0.416703,-0.532697,0.137686,-0.723626,-21.012691,129.351883,15.41569,0.266083,0.116149,-0.454667,-0.842014,-11.215611,113.380226,-0.878233,0.334405,0.201907,-0.54049,-0.74517,3.632063,135.336624,-2.108494,-0.004676,0.958465,0.175828,0.224514,-2.277901,127.555595,31.247169,0.357446,0.8827,0.178552,-0.247373,13.445504,126.331696,38.801998,-0.010327,0.216542,0.479517,-0.850333,28.89222,112.856125,24.78857,-0.020816,-0.028738,0.685597,-0.727116,17.976603,132.909256,16.024176,0.057716,0.915624,0.21342,0.335787,-8.36797,84.817436,14.735486,0.105998,0.97995,-0.018293,0.167715,-7.003987,52.11842,-0.833565,-0.041592,0.949113,0.065535,0.305222,-17.177137,5.65449,-0.819414,-0.10991,0.933322,0.031396,0.340358,6.292559,85.112587,26.436329,0.042546,0.895708,-0.19759,0.396049,14.502591,49.817661,27.02392,-0.038652,0.889588,0.054241,0.451883,3.432966,6.139287,42.257221,-0.041592,0.949113,0.065535,0.305222,-8.376804,1.738563,-12.750528,-0.038652,0.889588,0.054241,0.451883,15.403944,1.94575,33.640854
264,2.2,-0.027632,0.942196,0.055355,0.329301,-1.038434,84.96463,20.59075,-0.033776,0.960545,0.110422,0.253019,-1.719325,92.597237,21.253077,-0.000881,0.96621,0.128164,0.223632,-4.269499,113.150879,25.371664,0.130903,0.982754,-0.023392,0.128497,-5.506322,133.416611,30.553049,0.189393,0.967669,-0.165771,0.016325,-1.215915,147.29187,28.561729,-0.001091,0.913037,0.102635,0.394751,-8.975913,127.967628,28.035868,0.416425,-0.532681,0.13792,-0.723754,-21.012991,129.349792,15.426461,0.265881,0.116005,-0.454709,-0.842075,-11.218304,113.376572,-0.867355,0.334315,0.201928,-0.540467,-0.745221,3.630178,135.33461,-2.099497,-0.004628,0.958501,0.175718,0.224451,-2.275653,127.553535,31.254885,0.357418,0.882709,0.17824,-0.247602,13.448763,126.3293,38.807552,-0.010569,0.216592,0.479552,-0.850298,28.890804,112.852966,24.789715,-0.020933,-0.028801,0.685552,-0.727153,17.977222,132.910568,16.028824,0.057672,0.915614,0.213384,0.335846,-8.369698,84.818192,14.741552,0.106019,0.97994,-0.018198,0.167768,-7.002738,52.117687,-0.824116,-0.041331,0.94912,0.065602,0.305219,-17.176378,5.653855,-0.819692,-0.109857,0.933304,0.031427,0.340422,6.292829,85.111061,26.439947,0.042527,0.895707,-0.197491,0.396104,14.500078,49.815445,27.024624,-0.038958,0.889544,0.054203,0.451947,3.434821,6.133181,42.249939,-0.041331,0.94912,0.065602,0.305219,-8.378426,1.737306,-12.75236,-0.038958,0.889544,0.054203,0.451947,15.409559,1.942817,33.637257
265,2.208333,-0.0277,0.942217,0.055248,0.329255,-1.037328,84.965172,20.594728,-0.033588,0.960577,0.110575,0.252856,-1.718634,92.597908,21.255198,-0.001056,0.966245,0.128155,0.223485,-4.261576,113.146591,25.381596,0.130861,0.982773,-0.023427,0.128386,-5.504638,133.412399,30.561165,0.189332,0.967688,-0.165739,0.01624,-1.215707,147.287888,28.56815,-0.001135,0.913115,0.102676,0.394559,-8.972837,127.961861,28.045441,0.416537,-0.532736,0.137658,-0.723699,-21.015228,129.342468,15.44093,0.265877,0.116023,-0.454747,-0.842053,-11.219829,113.374947,-0.858043,0.33425,0.201937,-0.540519,-0.74521,3.626419,135.334152,-2.089925,-0.004794,0.958511,0.175861,0.224292,-2.271603,127.550598,31.262791,0.357322,0.882703,0.178555,-0.247538,13.455258,126.331772,38.811241,-0.010424,0.216391,0.479386,-0.850444,28.902313,112.863068,24.791588,-0.020974,-0.028945,0.685522,-0.727174,17.977547,132.914017,16.034708,0.057599,0.915578,0.213435,0.335923,-8.36909,84.816811,14.746201,0.106517,0.979595,-0.018202,0.169457,-6.994717,52.117283,-0.820869,-0.041319,0.948798,0.065342,0.306277,-17.21426,5.663532,-0.841742,-0.109468,0.932874,0.031603,0.341707,6.294435,85.113533,26.443254,0.04208,0.895516,-0.197511,0.396572,14.479211,49.812527,27.017672,-0.039957,0.889925,0.054371,0.451088,3.443222,6.12742,42.256084,-0.041319,0.948798,0.065342,0.306277,-8.390919,1.740169,-12.75341,-0.039957,0.889925,0.054371,0.451088,15.410969,1.954788,33.625092
266,2.216667,-0.02786,0.942228,0.055569,0.329154,-1.025912,84.965286,20.5933,-0.033435,0.960599,0.110384,0.252878,-1.711096,92.597343,21.257669,-0.001412,0.966241,0.127966,0.223611,-4.244705,113.138077,25.37598,0.129945,0.98289,-0.023604,0.128392,-5.501066,133.405884,30.544546,0.189673,0.967712,-0.165185,0.016458,-1.237134,147.287827,28.543043,-0.001242,0.913138,0.102485,0.394555,-8.965309,127.952049,28.0305,0.416494,-0.532357,0.137894,-0.723957,-21.007799,129.326599,15.42543,0.265646,0.11633,-0.455213,-0.841831,-11.195615,113.357773,-0.862162,0.334339,0.201971,-0.54053,-0.745153,3.624909,135.336182,-2.082761,-0.005208,0.958478,0.175879,0.224408,-2.264927,127.546288,31.250324,0.357829,0.882592,0.177006,-0.248311,13.459957,126.340485,38.804981,-0.011314,0.216469,0.479945,-0.850098,28.869957,112.839256,24.775827,-0.021245,-0.029136,0.685439,-0.727237,17.971626,132.917419,16.039389,0.057535,0.915833,0.212847,0.335611,-8.358746,84.815964,14.746144,0.1061,0.97983,-0.017949,0.168384,-7.000318,52.097736,-0.782984,-0.042455,0.949108,0.064211,0.305397,-17.177435,5.63468,-0.809444,-0.109501,0.933447,0.031094,0.340177,6.306921,85.114616,26.440456,0.042447,0.895406,-0.196901,0.397085,14.482453,49.811832,27.036663,-0.038685,0.889339,0.053346,0.452475,3.429017,6.106815,42.205162,-0.042455,0.949108,0.064211,0.305397,-8.367266,1.689786,-12.723743,-0.038685,0.889339,0.053346,0.452475,15.408278,1.890422,33.611492
267,2.225,-0.027795,0.942282,0.055535,0.329009,-1.025446,84.966301,20.601639,-0.033717,0.960608,0.110568,0.252727,-1.709406,92.598465,21.265953,-0.001054,0.966255,0.128281,0.223369,-4.257361,113.150063,25.391642,0.130833,0.982788,-0.02347,0.128296,-5.500881,133.414505,30.576397,0.189177,0.967708,-0.165805,0.016183,-1.212946,147.290039,28.581614,-0.001108,0.913191,0.102589,0.394405,-8.969214,127.96431,28.060146,0.416505,-0.532914,0.13756,-0.723604,-21.015844,129.344009,15.459596,0.265777,0.116124,-0.454752,-0.842068,-11.228551,113.377785,-0.845525,0.334199,0.202045,-0.540522,-0.745201,3.616798,135.339203,-2.070538,-0.004821,0.958478,0.176165,0.224192,-2.267209,127.552811,31.275866,0.357206,0.882707,0.178388,-0.24781,13.4612,126.333107,38.820946,-0.010809,0.216232,0.479433,-0.850453,28.905661,112.869751,24.793295,-0.020968,-0.02916,0.68536,-0.727318,17.978359,132.929398,16.050894,0.057854,0.915637,0.213266,0.335827,-8.360136,84.817741,14.756791,0.106008,0.979738,-0.018179,0.168952,-7.008471,52.115105,-0.805737,-0.041305,0.949099,0.065889,0.305228,-17.180761,5.650982,-0.815184,-0.109764,0.933367,0.031367,0.340286,6.309244,85.114861,26.446486,0.042619,0.895724,-0.1975,0.39605,14.508923,49.817486,27.031719,-0.03876,0.889571,0.054271,0.451902,3.436405,6.136301,42.25486,-0.041305,0.949099,0.065889,0.305228,-8.382287,1.74229,-12.750043,-0.03876,0.889571,0.054271,0.451902,15.408817,1.945031,33.639381
268,2.233333,-0.027772,0.942316,0.055604,0.328902,-1.022905,84.968369,20.607059,-0.033745,0.960622,0.110551,0.252677,-1.706804,92.600441,21.272556,-0.001086,0.966259,0.128318,0.223333,-4.255333,113.150833,25.397133,0.130843,0.98279,-0.023509,0.12826,-5.500321,133.414886,30.583105,0.189137,0.967714,-0.165817,0.016146,-1.212127,147.290176,28.587093,-0.001184,0.913186,0.102676,0.394395,-8.96833,127.964508,28.066767,0.416542,-0.532963,0.137517,-0.723555,-21.015236,129.342957,15.466341,0.265707,0.116193,-0.454828,-0.842039,-11.229926,113.376633,-0.839861,0.334131,0.202097,-0.54052,-0.745219,3.611013,135.341461,-2.061384,-0.00484,0.958491,0.176208,0.224104,-2.266088,127.553429,31.282043,0.357075,0.882745,0.178376,-0.247873,13.463707,126.334595,38.824375,-0.011004,0.216177,0.479383,-0.850493,28.911263,112.876717,24.794882,-0.020963,-0.029324,0.684957,-0.727691,17.980724,132.936737,16.059139,0.057901,0.915661,0.213217,0.335784,-8.358941,84.820511,14.763883,0.105983,0.97973,-0.018104,0.169025,-7.01242,52.116764,-0.796759,-0.041449,0.949102,0.065888,0.305199,-17.181223,5.651876,-0.813584,-0.109928,0.933495,0.031282,0.339888,6.313131,85.116234,26.450235,0.04287,0.895876,-0.197489,0.395684,14.521935,49.821087,27.041834,-0.038323,0.889577,0.054334,0.45192,3.434683,6.141546,42.258968,-0.041449,0.949102,0.065888,0.305199,-8.382117,1.744503,-12.748408,-0.038323,0.889577,0.054334,0.45192,15.40384,1.945992,33.641052
269,2.241667,-0.027844,0.942359,0.055642,0.328767,-1.018591,84.969696,20.61277,-0.033812,0.96064,0.110569,0.252592,-1.703627,92.601631,21.278553,-0.001093,0.966278,0.1283,0.22326,-4.254657,113.151237,25.403286,0.130872,0.982789,-0.023548,0.128235,-5.499335,133.415482,30.588579,0.189028,0.96773,-0.165853,0.016151,-1.210285,147.290344,28.591454,-0.001168,0.913233,0.102646,0.394295,-8.967593,127.964928,28.072989,0.416588,-0.532983,0.137476,-0.723522,-21.017269,129.343109,15.475185,0.26569,0.116165,-0.454865,-0.842029,-11.232466,113.376846,-0.831388,0.334039,0.20214,-0.540586,-0.745201,3.607304,135.342926,-2.054345,-0.004804,0.958514,0.176214,0.224002,-2.264866,127.554131,31.287289,0.356857,0.882777,0.178458,-0.248012,13.466533,126.334671,38.826172,-0.011041,0.215821,0.479229,-0.85067,28.918385,112.888023,24.79064,-0.020818,-0.029498,0.685487,-0.727189,17.972214,132.947647,16.067854,0.057981,0.915661,0.213225,0.335764,-8.35622,84.820633,14.771626,0.105989,0.979832,-0.017959,0.168443,-7.015079,52.11779,-0.791357,-0.041437,0.9491,0.065903,0.305202,-17.182142,5.652532,-0.815706,-0.109847,0.933494,0.031255,0.339921,6.319039,85.118752,26.453915,0.042857,0.895835,-0.197455,0.395795,14.52176,49.822197,27.045568,-0.038315,0.889575,0.054347,0.451923,3.434942,6.141278,42.259068,-0.041437,0.9491,0.065903,0.305202,-8.38303,1.745479,-12.750631,-0.038315,0.889575,0.054347,0.451923,15.404118,1.945956,33.64106
270,2.25,-0.027831,0.942392,0.05557,0.328687,-1.017501,84.96772,20.619524,-0.033916,0.960663,0.110553,0.252497,-1.701928,92.5998,21.284386,-0.001033,0.966302,0.12833,0.223138,-4.256656,113.149857,25.407726,0.130843,0.982811,-0.023589,0.128088,-5.498549,133.413773,30.594942,0.189076,0.967723,-0.16585,0.016019,-1.21074,147.288727,28.595802,-0.001184,0.913265,0.102609,0.394229,-8.967851,127.963661,28.079828,0.416554,-0.53301,0.137423,-0.723532,-21.019341,129.340607,15.483624,0.265602,0.116106,-0.454918,-0.842036,-11.235229,113.376526,-0.825502,0.33395,0.202146,-0.540615,-0.745218,3.602148,135.343033,-2.049638,-0.004895,0.958536,0.176251,0.223876,-2.264309,127.552139,31.292339,0.356883,0.882746,0.178394,-0.248133,13.46904,126.336227,38.827724,-0.011198,0.215763,0.47926,-0.850665,28.916969,112.889275,24.788172,-0.020996,-0.029719,0.685206,-0.727439,17.97047,132.952698,16.071112,0.058015,0.915685,0.213272,0.335663,-8.356132,84.818344,14.779645,0.105995,0.979847,-0.017885,0.168362,-7.017819,52.117252,-0.787272,-0.041533,0.949085,0.065852,0.305248,-17.184301,5.65187,-0.817821,-0.109877,0.933575,0.031257,0.339688,6.321129,85.117096,26.459402,0.042986,0.895885,-0.197404,0.395694,14.526042,49.82103,27.049643,-0.038892,0.889566,0.054163,0.451914,3.431892,6.139255,42.255322,-0.041533,0.949085,0.065852,0.305248,-8.383271,1.744311,-12.751168,-0.038892,0.889566,0.054163,0.451914,15.405293,1.946945,33.64172
271,2.258333,-0.02782,0.942415,0.055545,0.328625,-1.016023,84.965965,20.624453,-0.034038,0.960673,0.110661,0.252396,-1.700127,92.598099,21.289066,-0.000982,0.966347,0.128204,0.223016,-4.260474,113.146637,25.415623,0.130821,0.982831,-0.02359,0.127959,-5.498465,133.411926,30.598444,0.189126,0.967716,-0.165843,0.015891,-1.211759,147.287109,28.598579,-0.001273,0.913264,0.102763,0.394192,-8.969117,127.961647,28.085533,0.416519,-0.533021,0.137423,-0.723543,-21.02161,129.337753,15.490191,0.265489,0.116008,-0.454996,-0.842043,-11.238119,113.37426,-0.819889,0.333809,0.202129,-0.540647,-0.745263,3.596654,135.342178,-2.046746,-0.004973,0.958553,0.176318,0.223747,-2.264762,127.550056,31.296343,0.356801,0.882731,0.178467,-0.248252,13.47058,126.337029,38.828045,-0.011301,0.215609,0.479213,-0.850729,28.91851,112.895897,24.782919,-0.021076,-0.029889,0.685188,-0.727447,17.967245,132.95874,16.074472,0.057988,0.915683,0.213344,0.335628,-8.355434,84.816559,14.785554,0.106261,0.979599,-0.017956,0.169622,-7.014082,52.117466,-0.785317,-0.041541,0.948929,0.065673,0.30577,-17.20616,5.6577,-0.826672,-0.109861,0.933602,0.031321,0.339614,6.323388,85.115379,26.463354,0.043039,0.895923,-0.197429,0.395589,14.528799,49.81934,27.048195,-0.038322,0.889561,0.054282,0.451959,3.430964,6.138947,42.255157,-0.041541,0.948929,0.065673,0.30577,-8.392581,1.74548,-12.749228,-0.038322,0.889561,0.054282,0.451959,15.40066,1.942034,33.638649
272,2.266667,-0.027841,0.942448,0.055534,0.32853,-1.015269,84.964561,20.63076,-0.034045,0.960699,0.11061,0.252316,-1.699563,92.596695,21.295176,-0.001006,0.966363,0.128216,0.22294,-4.259405,113.146355,25.419989,0.130792,0.982847,-0.023616,0.127859,-5.498075,133.411499,30.603159,0.189163,0.967706,-0.165871,0.015782,-1.212498,147.28685,28.60195,-0.00126,0.913292,0.102606,0.394167,-8.968711,127.961006,28.090721,0.41649,-0.533098,0.137401,-0.723508,-21.021902,129.335266,15.495846,0.265398,0.115982,-0.455062,-0.84204,-11.242167,113.371994,-0.816709,0.333821,0.202026,-0.540709,-0.74524,3.589592,135.341599,-2.043442,-0.004993,0.958568,0.176341,0.223666,-2.26385,127.549866,31.300529,0.356584,0.88277,0.178686,-0.248266,13.47275,126.337814,38.829765,-0.011351,0.215429,0.479038,-0.850873,28.928009,112.908318,24.781553,-0.021048,-0.029965,0.685136,-0.727494,17.964739,132.967621,16.08021,0.058017,0.915697,0.213376,0.335565,-8.355827,84.81459,14.793316,0.106258,0.979575,-0.017911,0.16977,-7.016638,52.116734,-0.780325,-0.041447,0.948926,0.065675,0.305793,-17.207697,5.656746,-0.82738,-0.10977,0.933548,0.031403,0.339783,6.325289,85.114532,26.468204,0.042942,0.895873,-0.197443,0.395707,14.526574,49.817425,27.046738,-0.03881,0.889622,0.054163,0.451811,3.434461,6.136757,42.257111,-0.041447,0.948926,0.065675,0.305793,-8.394413,1.743693,-12.749884,-0.03881,0.889622,0.054163,0.451811,15.405199,1.943316,33.64035
273,2.275,-0.027874,0.942469,0.055562,0.328463,-1.012274,84.962479,20.637306,-0.034087,0.960717,0.110605,0.252243,-1.697129,92.594536,21.302006,-0.001052,0.966383,0.128189,0.222868,-4.258797,113.147804,25.427114,0.13084,0.982848,-0.023643,0.127796,-5.498695,133.413254,30.60886,0.189131,0.967701,-0.165946,0.015694,-1.211913,147.288101,28.606764,-0.00142,0.913285,0.102752,0.394146,-8.969153,127.962219,28.097326,0.416511,-0.533138,0.137344,-0.723477,-21.022913,129.333282,15.502642,0.26534,0.115908,-0.455145,-0.842023,-11.244492,113.370895,-0.811562,0.333791,0.20195,-0.540793,-0.745213,3.584351,135.342758,-2.041478,-0.005,0.958578,0.176534,0.22347,-2.263815,127.551971,31.30625,0.356441,0.882797,0.178664,-0.248392,13.475839,126.339851,38.829075,-0.011574,0.215341,0.47898,-0.850924,28.933075,112.917015,24.776688,-0.021152,-0.030088,0.685135,-0.727487,17.964369,132.97905,16.08293,0.058087,0.915717,0.213425,0.335467,-8.353626,84.812027,14.800874,0.106248,0.97957,-0.017891,0.169805,-7.01949,52.116264,-0.777593,-0.041545,0.948925,0.065722,0.305773,-17.209246,5.655992,-0.826646,-0.109844,0.933667,0.031366,0.339435,6.329077,85.112938,26.47374,0.043115,0.896005,-0.197427,0.395398,14.534566,49.816826,27.053532,-0.038782,0.88964,0.054199,0.451774,3.433569,6.136981,42.259766,-0.041545,0.948925,0.065722,0.305773,-8.395455,1.745207,-12.749517,-0.038782,0.88964,0.054199,0.451774,15.403482,1.944073,33.641605
274,2.283333,-0.027959,0.942498,0.055681,0.328351,-1.010602,84.964127,20.642271,-0.034072,0.960743,0.110556,0.252169,-1.697209,92.595901,21.308336,-0.001097,0.966393,0.128214,0.222811,-4.257424,113.14975,25.431847,0.130925,0.982837,-0.023721,0.12778,-5.499049,133.414917,30.614239,0.189012,0.967704,-0.166063,0.015678,-1.209738,147.288696,28.610191,-0.001467,0.91328,0.102776,0.394151,-8.969158,127.96357,28.102926,0.416784,-0.533262,0.13706,-0.723283,-21.022779,129.333481,15.50799,0.265411,0.115929,-0.455176,-0.841982,-11.247064,113.372849,-0.809546,0.3337,0.201891,-0.540901,-0.745192,3.579257,135.34465,-2.040865,-0.004973,0.958576,0.176706,0.223344,-2.263442,127.553986,31.311142,0.356171,0.882841,0.17887,-0.248475,13.4782,126.340401,38.829571,-0.011809,0.215223,0.478831,-0.851035,28.942949,112.931892,24.771757,-0.021255,-0.030142,0.685027,-0.727583,17.964682,132.99292,16.087086,0.05812,0.915735,0.213425,0.335413,-8.353235,84.812767,14.807476,0.106259,0.979551,-0.017846,0.169912,-7.022181,52.117287,-0.77185,-0.041484,0.948906,0.065777,0.305828,-17.212275,5.657098,-0.826377,-0.109779,0.933616,0.031469,0.339588,6.332031,85.115486,26.477068,0.04308,0.895915,-0.197471,0.395582,14.53566,49.818829,27.049652,-0.038775,0.889624,0.054181,0.451808,3.432909,6.140348,42.258511,-0.041484,0.948906,0.065777,0.305828,-8.397585,1.747289,-12.7489,-0.038775,0.889624,0.054181,0.451808,15.403329,1.946879,33.641331
275,2.291667,-0.027998,0.942528,0.055671,0.328266,-1.008564,84.963593,20.648251,-0.034117,0.960769,0.110493,0.25209,-1.695627,92.595352,21.314039,-0.001103,0.96641,0.128232,0.222726,-4.256793,113.150612,25.434948,0.130902,0.982856,-0.023692,0.127663,-5.498373,133.415573,30.618113,0.189047,0.967686,-0.166143,0.015523,-1.210235,147.289734,28.614212,-0.001501,0.913283,0.102973,0.394092,-8.968683,127.964149,28.107239,0.416808,-0.53334,0.137102,-0.723203,-21.023909,129.33548,15.51399,0.265338,0.11579,-0.455239,-0.841989,-11.252929,113.371597,-0.803201,0.333589,0.201789,-0.540953,-0.745231,3.571363,135.343094,-2.039765,-0.005119,0.9586,0.176843,0.223127,-2.262404,127.554764,31.314301,0.356136,0.882836,0.178826,-0.248574,13.482569,126.346359,38.82658,-0.012088,0.215157,0.478832,-0.851047,28.946108,112.939812,24.765583,-0.021408,-0.03015,0.684833,-0.727761,17.966572,133.003952,16.090097,0.058131,0.915776,0.213447,0.335284,-8.352203,84.811378,14.814747,0.106275,0.979558,-0.01779,0.169867,-7.023532,52.116669,-0.766398,-0.04165,0.948906,0.065777,0.305803,-17.214163,5.6566,-0.825984,-0.109826,0.933689,0.031389,0.33938,6.335074,85.115799,26.481754,0.043211,0.895976,-0.197426,0.395451,14.539939,49.819511,27.059109,-0.038814,0.889629,0.054178,0.451794,3.429923,6.140405,42.260857,-0.04165,0.948906,0.065777,0.305803,-8.398556,1.748372,-12.748344,-0.038814,0.889629,0.054178,0.451794,15.400404,1.947382,33.643551
276,2.3,-0.028032,0.942557,0.055722,0.328171,-1.005485,84.961655,20.651848,-0.034163,0.960789,0.110498,0.252009,-1.693235,92.593292,21.318266,-0.001135,0.966432,0.128199,0.222649,-4.25611,113.14949,25.439299,0.130918,0.982864,-0.02372,0.127579,-5.498297,133.41481,30.620977,0.189019,0.967683,-0.166204,0.015413,-1.209946,147.288727,28.61594,-0.00155,0.913325,0.102761,0.394051,-8.96861,127.962936,28.111071,0.416803,-0.533399,0.137027,-0.723177,-21.024975,129.32962,15.518418,0.265243,0.115715,-0.455328,-0.841981,-11.256068,113.367531,-0.80177,0.333544,0.201698,-0.541041,-0.745212,3.565113,135.341522,-2.040692,-0.005175,0.958622,0.176857,0.223021,-2.261826,127.55426,31.317169,0.355943,0.882873,0.178995,-0.248598,13.484775,126.348267,38.826416,-0.012187,0.215085,0.478678,-0.851151,28.954536,112.951828,24.762636,-0.021553,-0.0302,0.684824,-0.727763,17.966021,133.013412,16.09116,0.058142,0.915848,0.213437,0.335092,-8.350266,84.809029,14.819794,0.106279,0.979556,-0.017727,0.169885,-7.025875,52.114094,-0.761245,-0.041662,0.948897,0.065845,0.305815,-17.21594,5.653912,-0.826958,-0.10979,0.933744,0.031448,0.339233,6.339295,85.114273,26.483906,0.043181,0.895958,-0.197482,0.395468,14.543314,49.817688,27.055042,-0.038271,0.889638,0.054306,0.451808,3.433522,6.140432,42.26228,-0.041662,0.948897,0.065845,0.305815,-8.399787,1.747723,-12.749585,-0.038271,0.889638,0.054306,0.451808,15.399986,1.943417,33.641335
277,2.308333,-0.028064,0.942599,0.055687,0.328052,-1.004613,84.958244,20.657602,-0.034251,0.960815,0.110473,0.251905,-1.692567,92.58992,21.323439,-0.001117,0.966466,0.128129,0.222543,-4.258529,113.147926,25.443167,0.13087,0.982875,-0.023763,0.127532,-5.498727,133.414001,30.622334,0.189007,0.967667,-0.166311,0.015426,-1.211747,147.288116,28.61566,-0.001527,0.913361,0.102863,0.393941,-8.969827,127.961937,28.11396,0.416867,-0.533431,0.137042,-0.723113,-21.029221,129.330368,15.524395,0.26525,0.115516,-0.45537,-0.841984,-11.262223,113.365814,-0.794521,0.333469,0.201575,-0.541124,-0.745219,3.559119,135.338638,-2.043056,-0.005206,0.958656,0.176822,0.222905,-2.262336,127.553429,31.318602,0.355831,0.882904,0.178982,-0.248656,13.486071,126.349495,38.824394,-0.012409,0.215119,0.478623,-0.85117,28.958353,112.957779,24.758888,-0.021789,-0.030277,0.684689,-0.72788,17.968243,133.019394,16.091072,0.05815,0.915896,0.213481,0.334931,-8.350821,84.804688,14.827369,0.106248,0.979582,-0.01764,0.16976,-7.028575,52.111198,-0.756875,-0.041763,0.948901,0.065877,0.305782,-17.214363,5.650085,-0.828897,-0.109758,0.933775,0.031391,0.339165,6.341597,85.111794,26.487837,0.043254,0.896052,-0.19742,0.395278,14.542146,49.814438,27.061447,-0.038673,0.889671,0.054248,0.451715,3.431682,6.13544,42.263187,-0.041763,0.948901,0.065877,0.305782,-8.398027,1.74574,-12.751993,-0.038673,0.889671,0.054248,0.451715,15.399687,1.942311,33.64249
278,2.316667,-0.028036,0.942652,0.055545,0.327927,-1.006531,84.956314,20.665321,-0.034305,0.960845,0.110457,0.251792,-1.693274,92.588257,21.329346,-0.001096,0.966502,0.128052,0.22243,-4.260869,113.147041,25.448311,0.130867,0.982891,-0.023758,0.127412,-5.498935,133.41394,30.624783,0.189011,0.967655,-0.166388,0.015283,-1.212513,147.288177,28.617683,-0.001599,0.913369,0.102813,0.393935,-8.970876,127.961662,28.118044,0.416833,-0.533475,0.137096,-0.72309,-21.03043,129.327087,15.5283,0.265164,0.115396,-0.455464,-0.841976,-11.266526,113.360741,-0.790715,0.333431,0.20151,-0.541215,-0.745187,3.551894,135.335571,-2.043909,-0.005207,0.958703,0.176765,0.222746,-2.262636,127.553329,31.321144,0.355733,0.882917,0.179046,-0.248705,13.488248,126.350845,38.821976,-0.012601,0.215122,0.478561,-0.851201,28.96278,112.964417,24.753895,-0.02207,-0.030358,0.684612,-0.727941,17.969549,133.026794,16.089888,0.058124,0.91593,0.213534,0.334808,-8.354308,84.802231,14.837079,0.106236,0.9796,-0.017544,0.169674,-7.031094,52.110172,-0.750095,-0.041746,0.948898,0.065902,0.30579,-17.214296,5.648503,-0.829959,-0.109722,0.933781,0.031463,0.339153,6.341247,85.110397,26.493567,0.043253,0.896061,-0.197383,0.395277,14.541134,49.812786,27.061295,-0.038139,0.889626,0.054398,0.451832,3.43207,6.132415,42.260117,-0.041746,0.948898,0.065902,0.30579,-8.397874,1.744692,-12.753168,-0.038139,0.889626,0.054398,0.451832,15.398177,1.936014,33.638374
279,2.325,-0.028076,0.942697,0.055542,0.327795,-1.005903,84.954414,20.671124,-0.034336,0.960883,0.11038,0.251676,-1.693112,92.586334,21.334993,-0.001133,0.966529,0.128044,0.222317,-4.260913,113.147858,25.451262,0.130858,0.982905,-0.023805,0.127306,-5.499788,133.414841,30.627213,0.189019,0.967647,-0.166432,0.015187,-1.213882,147.288956,28.618229,-0.00165,0.91341,0.102763,0.393853,-8.971757,127.962112,28.121454,0.41687,-0.533549,0.137026,-0.723028,-21.033567,129.324921,15.533588,0.265149,0.115335,-0.455503,-0.841969,-11.272609,113.358986,-0.787611,0.333485,0.201353,-0.541298,-0.745145,3.544449,135.334091,-2.043727,-0.005267,0.958708,0.176923,0.222598,-2.262772,127.554558,31.323088,0.355586,0.882961,0.179056,-0.248751,13.490396,126.353775,38.819401,-0.01279,0.215076,0.47849,-0.85125,28.968971,112.973526,24.749905,-0.022144,-0.030408,0.684584,-0.727963,17.971413,133.036011,16.091633,0.058121,0.915971,0.213579,0.334668,-8.355267,84.799454,14.844902,0.106239,0.979599,-0.017493,0.169688,-7.033058,52.108753,-0.745213,-0.04178,0.948896,0.065924,0.305786,-17.215651,5.646956,-0.830027,-0.109712,0.933829,0.031453,0.339025,6.343461,85.109383,26.497347,0.043302,0.896094,-0.197369,0.395203,14.542511,49.811569,27.064381,-0.038616,0.88966,0.054267,0.45174,3.431113,6.131041,42.261066,-0.04178,0.948896,0.065924,0.305786,-8.398968,1.744104,-12.753359,-0.038616,0.88966,0.054267,0.45174,15.399155,1.937648,33.640545
280,2.333333,-0.028097,0.942736,0.055533,0.327683,-1.007573,84.956566,20.676765,-0.034304,0.960923,0.110307,0.251561,-1.69496,92.58847,21.340479,-0.001166,0.966554,0.128049,0.222206,-4.260187,113.150475,25.454411,0.130825,0.982919,-0.023928,0.127211,-5.499841,133.417404,30.630381,0.18898,0.967647,-0.166486,0.015129,-1.214843,147.291214,28.617319,-0.001758,0.913453,0.102686,0.393771,-8.971842,127.964333,28.125444,0.416849,-0.533591,0.137035,-0.723007,-21.035877,129.322342,15.539196,0.265056,0.115216,-0.455581,-0.841972,-11.277275,113.355957,-0.78295,0.333425,0.20124,-0.541348,-0.745166,3.537604,135.332626,-2.043272,-0.005267,0.958728,0.176971,0.222472,-2.262123,127.557442,31.325623,0.355278,0.883078,0.178883,-0.248901,13.493008,126.357094,38.817875,-0.013114,0.215053,0.478313,-0.85135,28.978786,112.987503,24.746168,-0.022196,-0.030454,0.684533,-0.728007,17.972422,133.048386,16.095301,0.058067,0.916016,0.213606,0.334539,-8.358282,84.801033,14.852259,0.106244,0.979613,-0.017434,0.169607,-7.034054,52.110718,-0.738491,-0.041536,0.948898,0.065968,0.305802,-17.216215,5.648842,-0.828041,-0.109756,0.933863,0.031444,0.338918,6.343135,85.112091,26.501274,0.04337,0.896121,-0.197359,0.39514,14.544969,49.814941,27.069118,-0.03866,0.88966,0.054206,0.451742,3.429185,6.134617,42.263168,-0.041536,0.948898,0.065968,0.305802,-8.401317,1.744902,-12.752331,-0.03866,0.88966,0.054206,0.451742,15.39745,1.940245,33.64344
281,2.341667,-0.028305,0.942781,0.055577,0.327526,-1.002198,84.956757,20.682161,-0.034364,0.960959,0.110269,0.251431,-1.69272,92.588409,21.345577,-0.001239,0.966583,0.128024,0.222092,-4.259349,113.150116,25.457579,0.130725,0.982944,-0.02399,0.127109,-5.501139,133.417328,30.63201,0.189038,0.967637,-0.166479,0.015076,-1.219139,147.291656,28.616291,-0.001739,0.913487,0.102693,0.393692,-8.972803,127.963448,28.128302,0.416884,-0.533633,0.137074,-0.722948,-21.039026,129.321884,15.544191,0.265028,0.115116,-0.455622,-0.841972,-11.283161,113.352676,-0.776844,0.333355,0.201151,-0.541467,-0.745135,3.531253,135.329956,-2.041552,-0.00536,0.95876,0.177002,0.222308,-2.262334,127.557922,31.327084,0.355092,0.883088,0.179468,-0.24871,13.49532,126.361465,38.814659,-0.013019,0.214792,0.478122,-0.851525,28.992384,113.005379,24.742548,-0.022199,-0.030554,0.684518,-0.728017,17.971832,133.060791,16.098537,0.058071,0.916119,0.213662,0.33422,-8.354621,84.797623,14.859912,0.106254,0.979603,-0.017406,0.169664,-7.034708,52.109062,-0.734895,-0.041754,0.948893,0.065994,0.305784,-17.217367,5.647299,-0.827798,-0.109689,0.933911,0.031378,0.338813,6.350225,85.115883,26.504412,0.043406,0.896118,-0.197301,0.395171,14.5461,49.817379,27.07412,-0.03857,0.889646,0.05425,0.451774,3.428899,6.135169,42.261711,-0.041754,0.948893,0.065994,0.305784,-8.400832,1.746163,-12.751804,-0.03857,0.889646,0.05425,0.451774,15.397131,1.940721,33.641968
282,2.35,-0.028381,0.942818,0.055545,0.327418,-1.000919,84.956894,20.687643,-0.034394,0.961002,0.110204,0.251292,-1.6923,92.588539,21.350294,-0.001257,0.966621,0.128,0.221941,-4.258905,113.1511,25.459826,0.130589,0.982977,-0.024077,0.126975,-5.500379,133.418533,30.63336,0.189067,0.967628,-0.166509,0.015013,-1.222424,147.29361,28.614017,-0.00182,0.913499,0.102698,0.393663,-8.972467,127.96431,28.13105,0.416892,-0.533744,0.137073,-0.722862,-21.039495,129.320114,15.547429,0.264977,0.115074,-0.455646,-0.841981,-11.289511,113.34903,-0.775284,0.333356,0.201045,-0.541481,-0.745153,3.524453,135.327026,-2.040937,-0.005453,0.958794,0.177006,0.222155,-2.260999,127.559402,31.327814,0.354903,0.883179,0.179131,-0.248897,13.498995,126.366959,38.811104,-0.013326,0.214726,0.478013,-0.851598,28.998074,113.015053,24.737246,-0.02222,-0.030684,0.684477,-0.72805,17.969952,133.072678,16.101521,0.058152,0.916118,0.213677,0.334197,-8.354585,84.796104,14.867011,0.106201,0.979606,-0.017369,0.169684,-7.039976,52.108692,-0.730647,-0.041851,0.948909,0.066025,0.305715,-17.217094,5.645722,-0.826312,-0.109672,0.933942,0.031379,0.338733,6.352746,85.117691,26.508274,0.043426,0.896115,-0.197303,0.395175,14.547499,49.818905,27.076807,-0.038157,0.889643,0.054316,0.451808,3.42844,6.136951,42.263775,-0.041851,0.948909,0.066025,0.305715,-8.401279,1.746349,-12.751423,-0.038157,0.889643,0.054316,0.451808,15.393936,1.938637,33.64212
283,2.358333,-0.02834,0.942878,0.055454,0.327265,-1.002755,84.956322,20.694355,-0.034443,0.961037,0.110155,0.251173,-1.692985,92.588158,21.356001,-0.001291,0.966654,0.127938,0.221834,-4.260617,113.151421,25.463423,0.130571,0.982991,-0.024129,0.126875,-5.50233,133.419525,30.634296,0.189061,0.967621,-0.166564,0.014916,-1.225086,147.294525,28.612932,-0.001834,0.913563,0.102586,0.393542,-8.974589,127.964699,28.133518,0.417036,-0.533787,0.137013,-0.722758,-21.04493,129.318085,15.552813,0.265034,0.11498,-0.45567,-0.841963,-11.29644,113.345108,-0.76894,0.333312,0.200943,-0.541517,-0.745174,3.517168,135.322205,-2.040569,-0.005516,0.958827,0.177025,0.221997,-2.262414,127.560699,31.328907,0.354618,0.883287,0.179048,-0.248981,13.500005,126.371216,38.807552,-0.013534,0.214712,0.477797,-0.851719,29.007053,113.029648,24.732677,-0.022509,-0.031035,0.684415,-0.728084,17.968174,133.083862,16.100702,0.058079,0.916151,0.213752,0.334074,-8.358355,84.795494,14.876166,0.106234,0.979628,-0.017277,0.169543,-7.039145,52.109802,-0.724688,-0.041626,0.948903,0.066028,0.305762,-17.217844,5.647197,-0.828052,-0.109657,0.933936,0.031442,0.338749,6.352843,85.117157,26.512543,0.043455,0.896188,-0.197308,0.395004,14.548147,49.818424,27.076546,-0.038492,0.889706,0.054178,0.45167,3.429327,6.136903,42.264938,-0.041626,0.948903,0.066028,0.305762,-8.402966,1.745775,-12.753184,-0.038492,0.889706,0.054178,0.45167,15.394646,1.939475,33.642601
284,2.366667,-0.028323,0.942913,0.05539,0.327178,-1.002921,84.954247,20.699116,-0.034526,0.961071,0.110124,0.251044,-1.692524,92.586205,21.359983,-0.001305,0.966699,0.127857,0.221684,-4.262989,113.152061,25.466139,0.130524,0.983006,-0.024178,0.126803,-5.503706,133.421036,30.633837,0.189057,0.967605,-0.166658,0.014924,-1.227906,147.296188,28.610546,-0.001866,0.913603,0.1025,0.393472,-8.97657,127.965675,28.135073,0.416978,-0.533811,0.137141,-0.72275,-21.048841,129.316589,15.555967,0.265033,0.114838,-0.455691,-0.841971,-11.303362,113.340149,-0.764187,0.333375,0.200881,-0.541543,-0.745144,3.511395,135.317139,-2.042398,-0.005633,0.958859,0.177023,0.221855,-2.263411,127.562424,31.328484,0.354392,0.883466,0.178055,-0.24938,13.501157,126.377785,38.803356,-0.014047,0.21484,0.477752,-0.851704,29.00629,113.034203,24.728281,-0.02242,-0.031322,0.684219,-0.728259,17.967024,133.093399,16.102385,0.05803,0.916193,0.213785,0.333946,-8.359596,84.793213,14.882299,0.106233,0.97967,-0.017181,0.169313,-7.038523,52.108116,-0.719646,-0.041501,0.948922,0.066138,0.305698,-17.215637,5.64518,-0.829509,-0.109619,0.933948,0.031485,0.338722,6.353754,85.115288,26.515934,0.043461,0.896163,-0.197265,0.395081,14.547606,49.816158,27.075851,-0.038682,0.889663,0.054103,0.451747,3.428541,6.13307,42.259552,-0.041501,0.948922,0.066138,0.305698,-8.403296,1.745636,-12.757122,-0.038682,0.889663,0.054103,0.451747,15.396711,1.936282,33.640869
285,2.375,-0.028419,0.942942,0.055395,0.327084,-1.000117,84.951759,20.702505,-0.034606,0.961107,0.110097,0.250908,-1.691062,92.583626,21.363029,-0.001334,0.966742,0.127794,0.221532,-4.264187,113.151695,25.468025,0.130478,0.983028,-0.024215,0.126667,-5.504681,133.421341,30.633169,0.18909,0.967596,-0.166684,0.014816,-1.230567,147.296738,28.608004,-0.001951,0.913675,0.102401,0.393331,-8.977944,127.965378,28.136253,0.417093,-0.533876,0.137054,-0.722652,-21.054092,129.311691,15.560365,0.265095,0.114773,-0.455692,-0.84196,-11.310827,113.334671,-0.760533,0.333394,0.200795,-0.541504,-0.745187,3.504514,135.310577,-2.043209,-0.005841,0.958914,0.177069,0.221578,-2.263782,127.563034,31.327677,0.354376,0.883396,0.17884,-0.249087,13.505006,126.386726,38.794971,-0.013758,0.214513,0.477545,-0.851907,29.017956,113.0522,24.71991,-0.022593,-0.031511,0.683882,-0.728562,17.963421,133.101959,16.099558,0.058071,0.916215,0.213857,0.33383,-8.357854,84.788948,14.887075,0.106219,0.979658,-0.017185,0.169388,-7.039631,52.106422,-0.720498,-0.041596,0.948913,0.066079,0.305726,-17.215521,5.643219,-0.83057,-0.1096,0.934021,0.031495,0.338527,6.35762,85.114571,26.517933,0.043473,0.896111,-0.197284,0.395188,14.550554,49.815178,27.075031,-0.03848,0.889642,0.054188,0.451796,3.427901,6.132913,42.258465,-0.041596,0.948913,0.066079,0.305726,-8.40173,1.742933,-12.756878,-0.03848,0.889642,0.054188,0.451796,15.395543,1.935613,33.63929
286,2.383333,-0.02847,0.942983,0.055428,0.326957,-0.999253,84.951347,20.705956,-0.034651,0.96114,0.110079,0.250783,-1.69101,92.583115,21.366796,-0.001366,0.966776,0.127749,0.221409,-4.265274,113.151512,25.470978,0.130458,0.983039,-0.024266,0.126595,-5.506003,133.421631,30.63418,0.189027,0.967589,-0.166798,0.014779,-1.232575,147.296982,28.607145,-0.001984,0.913695,0.102391,0.393285,-8.979476,127.965141,28.138723,0.41725,-0.533949,0.136988,-0.72252,-21.056887,129.310089,15.563898,0.265192,0.114728,-0.455696,-0.841933,-11.316598,113.330635,-0.756408,0.333446,0.200693,-0.541517,-0.745181,3.498978,135.305923,-2.043698,-0.006008,0.958957,0.177171,0.221306,-2.264497,127.563652,31.328541,0.354191,0.883482,0.178716,-0.249139,13.508442,126.393852,38.788097,-0.013997,0.214421,0.477292,-0.852068,29.02664,113.064888,24.713549,-0.022766,-0.031436,0.683635,-0.728791,17.957655,133.111542,16.100275,0.05813,0.916203,0.21389,0.333833,-8.358495,84.787689,14.892451,0.106177,0.979636,-0.017178,0.16954,-7.043313,52.106709,-0.718604,-0.041589,0.948908,0.066084,0.305741,-17.215214,5.642632,-0.830215,-0.109627,0.934044,0.031494,0.338457,6.359988,85.115005,26.519459,0.043495,0.896131,-0.197309,0.395129,14.554691,49.816025,27.076641,-0.038494,0.88971,0.05408,0.451675,3.430313,6.134871,42.262024,-0.041589,0.948908,0.066084,0.305741,-8.401093,1.742422,-12.756306,-0.038494,0.88971,0.05408,0.451675,15.395385,1.934901,33.640583
287,2.391667,-0.028482,0.943022,0.055425,0.326843,-0.99919,84.952011,20.711119,-0.034667,0.961187,0.109997,0.250637,-1.691028,92.583778,21.371941,-0.00145,0.966809,0.127768,0.221255,-4.264391,113.152245,25.472923,0.13046,0.983051,-0.024374,0.126479,-5.507874,133.42215,30.636293,0.189015,0.967581,-0.166867,0.014705,-1.234482,147.296967,28.605635,-0.002147,0.913727,0.102585,0.393161,-8.980927,127.964905,28.141897,0.417233,-0.534015,0.136989,-0.72248,-21.061716,129.306885,15.570003,0.265175,0.114576,-0.455695,-0.84196,-11.324976,113.326729,-0.751731,0.333427,0.200607,-0.541545,-0.745193,3.492425,135.300308,-2.045194,-0.00612,0.958972,0.17734,0.221102,-2.264936,127.564857,31.329763,0.353809,0.883715,0.1777,-0.249581,13.511101,126.398766,38.78334,-0.014545,0.214585,0.477089,-0.852131,29.031784,113.073792,24.707764,-0.022656,-0.031553,0.683303,-0.729101,17.955824,133.121078,16.098904,0.058051,0.91628,0.213928,0.333612,-8.359808,84.787987,14.89937,0.106187,0.979655,-0.017114,0.169434,-7.042187,52.107506,-0.71253,-0.041644,0.948929,0.066089,0.305665,-17.214008,5.643425,-0.829168,-0.109615,0.934063,0.031492,0.338407,6.361429,85.116043,26.522865,0.043562,0.896224,-0.197321,0.394904,14.555296,49.81686,27.079487,-0.038498,0.889734,0.054029,0.451632,3.428616,6.136694,42.266022,-0.041644,0.948929,0.066089,0.305665,-8.401241,1.743857,-12.75647,-0.038498,0.889734,0.054029,0.451632,15.392724,1.935425,33.643879
288,2.4,-0.028531,0.943055,0.05541,0.326747,-0.998664,84.951492,20.715279,-0.034697,0.961227,0.109938,0.250504,-1.691072,92.583237,21.3757,-0.001496,0.966843,0.127765,0.221109,-4.264486,113.152252,25.4744,0.130222,0.983097,-0.024476,0.126345,-5.508994,133.422195,30.637413,0.189098,0.96756,-0.166899,0.014672,-1.242462,147.298477,28.602325,-0.002182,0.913754,0.102547,0.393106,-8.982086,127.964439,28.144201,0.417273,-0.534097,0.136986,-0.722398,-21.064371,129.304581,15.573545,0.265201,0.114472,-0.455702,-0.841962,-11.331937,113.322365,-0.748727,0.333487,0.200469,-0.54158,-0.745177,3.486337,135.294876,-2.047538,-0.006255,0.958995,0.177412,0.22094,-2.265137,127.565323,31.330168,0.353626,0.883766,0.177529,-0.24978,13.513356,126.404228,38.779331,-0.014685,0.214538,0.476946,-0.852221,29.035515,113.085999,24.698986,-0.022609,-0.031552,0.683093,-0.729299,17.95171,133.131165,16.09417,0.058044,0.916287,0.213979,0.333558,-8.360413,84.786385,14.904989,0.106199,0.979664,-0.01709,0.169378,-7.04194,52.107441,-0.710063,-0.041584,0.948926,0.066109,0.305679,-17.214527,5.643535,-0.828547,-0.109622,0.934085,0.031504,0.338342,6.363083,85.116608,26.525566,0.043541,0.896156,-0.197313,0.395065,14.557799,49.817604,27.080944,-0.038086,0.889689,0.054217,0.451733,3.430457,6.136969,42.265652,-0.041584,0.948926,0.066109,0.305679,-8.40193,1.743955,-12.755972,-0.038086,0.889689,0.054217,0.451733,15.393555,1.935066,33.642406
289,2.408333,-0.028559,0.943088,0.055396,0.32665,-0.998503,84.950836,20.719429,-0.034706,0.961262,0.109881,0.250393,-1.691188,92.582581,21.379587,-0.001576,0.966869,0.127751,0.221,-4.263792,113.151253,25.475983,0.13021,0.98311,-0.024493,0.126259,-5.51086,133.421341,30.637827,0.18904,0.967555,-0.166996,0.014581,-1.24495,147.297668,28.601778,-0.002201,0.913821,0.102489,0.392966,-8.983485,127.962784,28.145699,0.417446,-0.534162,0.136888,-0.722268,-21.069626,129.300995,15.578545,0.265335,0.114291,-0.45569,-0.841951,-11.339294,113.317238,-0.743482,0.333433,0.200463,-0.541677,-0.745134,3.481678,135.287079,-2.053476,-0.00641,0.95904,0.177405,0.220748,-2.265824,127.565086,31.330336,0.353387,0.883863,0.177523,-0.249777,13.515568,126.410439,38.774349,-0.014615,0.2145,0.476659,-0.852392,29.046186,113.100883,24.695141,-0.022565,-0.031585,0.6829,-0.72948,17.948236,133.137329,16.088263,0.058109,0.916335,0.213924,0.333451,-8.361406,84.785019,14.910628,0.105882,0.979812,-0.016986,0.168728,-7.050498,52.104908,-0.702618,-0.041806,0.949101,0.066315,0.305061,-17.192259,5.634257,-0.818836,-0.109626,0.934116,0.031539,0.338254,6.364401,85.116646,26.528233,0.043585,0.896215,-0.197414,0.394876,14.560255,49.817863,27.080608,-0.038357,0.889792,0.054016,0.451531,3.428692,6.141371,42.274113,-0.041806,0.949101,0.066315,0.305061,-8.392393,1.742263,-12.75813,-0.038357,0.889792,0.054016,0.451531,15.389594,1.937797,33.64864
290,2.416667,-0.028599,0.94313,0.055341,0.326536,-0.998245,84.947342,20.723562,-0.034792,0.961317,0.109777,0.250216,-1.691144,92.57914,21.382811,-0.001594,0.966919,0.127738,0.22079,-4.26566,113.150574,25.474983,0.130142,0.983133,-0.024484,0.126149,-5.512209,133.420792,30.636433,0.188956,0.967546,-0.16715,0.014556,-1.248651,147.29776,28.599855,-0.002245,0.913897,0.102375,0.39282,-8.98544,127.961838,28.146023,0.417519,-0.534187,0.13687,-0.722211,-21.075592,129.29657,15.582355,0.265409,0.11409,-0.45571,-0.841945,-11.34636,113.311371,-0.738922,0.333545,0.200202,-0.541737,-0.745109,3.476161,135.279678,-2.060016,-0.006509,0.959073,0.177392,0.220608,-2.266398,127.564835,31.327835,0.353257,0.883922,0.177199,-0.249985,13.517104,126.41449,38.768047,-0.014548,0.214457,0.476573,-0.852452,29.04715,113.107452,24.685822,-0.022284,-0.031809,0.682809,-0.729564,17.944399,133.140762,16.078583,0.058069,0.916375,0.21402,0.333288,-8.36251,84.78035,14.916517,0.105892,0.979851,-0.016947,0.168496,-7.049333,52.102875,-0.702037,-0.04151,0.94912,0.066471,0.305007,-17.191448,5.632305,-0.819708,-0.109594,0.93413,0.031597,0.338219,6.366019,85.114326,26.530605,0.043585,0.896156,-0.19741,0.395011,14.561203,49.815311,27.077967,-0.037985,0.889732,0.054114,0.45167,3.427499,6.138688,42.269531,-0.04151,0.94912,0.066471,0.305007,-8.395372,1.741846,-12.762298,-0.037985,0.889732,0.054114,0.45167,15.388149,1.932688,33.64489
291,2.425,-0.028578,0.943176,0.05529,0.326413,-0.999369,84.945633,20.726662,-0.034824,0.961354,0.109739,0.250087,-1.691633,92.577538,21.385361,-0.001641,0.966953,0.127702,0.22066,-4.266581,113.149811,25.476154,0.130051,0.983162,-0.02451,0.126011,-5.513997,133.420395,30.635908,0.188989,0.967528,-0.167228,0.014424,-1.253427,147.298035,28.597593,-0.002283,0.913919,0.102359,0.392771,-8.987275,127.960823,28.146923,0.417731,-0.534248,0.136817,-0.722053,-21.078751,129.293945,15.584358,0.265569,0.113951,-0.455727,-0.841903,-11.352023,113.304832,-0.734583,0.333623,0.200062,-0.541785,-0.745077,3.471686,135.272522,-2.066305,-0.006594,0.959111,0.177367,0.220464,-2.26738,127.564873,31.327066,0.353101,0.884022,0.176725,-0.250187,13.518312,126.418472,38.763245,-0.01461,0.214584,0.476393,-0.85252,29.048803,113.112427,24.680573,-0.022248,-0.031786,0.682588,-0.729773,17.940224,133.140732,16.068544,0.058037,0.916394,0.21404,0.333229,-8.365153,84.778534,14.921546,0.105903,0.979872,-0.016863,0.168377,-7.050358,52.101433,-0.697654,-0.041686,0.949095,0.066358,0.305087,-17.192184,5.630818,-0.822098,-0.109455,0.934098,0.031704,0.338343,6.366415,85.112724,26.531776,0.043416,0.896064,-0.197446,0.395222,14.554809,49.811985,27.069479,-0.038246,0.88975,0.054104,0.451614,3.430503,6.135324,42.267822,-0.041686,0.949095,0.066358,0.305087,-8.392721,1.738894,-12.761712,-0.038246,0.88975,0.054104,0.451614,15.392324,1.932596,33.643211
292,2.433333,-0.028597,0.943213,0.05524,0.326312,-0.998163,84.944878,20.729511,-0.034885,0.961387,0.109762,0.249942,-1.690378,92.576851,21.387463,-0.001715,0.966998,0.127627,0.220508,-4.267306,113.147804,25.478722,0.130009,0.983176,-0.024572,0.125935,-5.516234,133.419189,30.634993,0.188909,0.967525,-0.167334,0.014405,-1.256944,147.296875,28.594383,-0.002239,0.913989,0.102279,0.392629,-8.989427,127.958633,28.148069,0.417912,-0.534303,0.136737,-0.721923,-21.084806,129.29155,15.589256,0.265671,0.113768,-0.45576,-0.841878,-11.359897,113.300262,-0.728625,0.33361,0.19992,-0.541847,-0.745076,3.464828,135.267395,-2.071589,-0.006759,0.959166,0.177342,0.22024,-2.268539,127.564285,31.326305,0.353017,0.884081,0.176485,-0.250265,13.520512,126.425018,38.756416,-0.014491,0.214548,0.476225,-0.852625,29.051992,113.119293,24.674549,-0.022115,-0.031864,0.682469,-0.729885,17.934761,133.141922,16.059975,0.058049,0.916412,0.214039,0.333178,-8.365168,84.777016,14.925975,0.105883,0.979895,-0.016796,0.168264,-7.05203,52.09996,-0.693482,-0.041711,0.949099,0.066407,0.30506,-17.190943,5.62872,-0.822715,-0.109471,0.934124,0.031671,0.338268,6.368841,85.112732,26.533049,0.043497,0.896138,-0.197432,0.395052,14.557589,49.812103,27.072727,-0.038193,0.889768,0.054097,0.451584,3.429863,6.135568,42.268936,-0.041711,0.949099,0.066407,0.30506,-8.391801,1.738406,-12.763087,-0.038193,0.889768,0.054097,0.451584,15.390626,1.931915,33.643307
293,2.441667,-0.028627,0.943248,0.055285,0.326202,-0.997784,84.945366,20.732441,-0.034776,0.961438,0.109739,0.249769,-1.690578,92.57724,21.390976,-0.001951,0.967042,0.127554,0.220356,-4.261764,113.146141,25.482428,0.130014,0.983179,-0.024594,0.125896,-5.518771,133.418274,30.633795,0.188771,0.967528,-0.167478,0.014398,-1.259427,147.295837,28.592396,-0.002294,0.914047,0.102288,0.392491,-8.990066,127.95546,28.149155,0.41788,-0.534255,0.136811,-0.721963,-21.089235,129.28624,15.593756,0.265624,0.113545,-0.455889,-0.841853,-11.362811,113.293861,-0.722155,0.333619,0.199802,-0.541917,-0.745053,3.45849,135.262909,-2.075972,-0.006829,0.959198,0.177392,0.220056,-2.26819,127.565041,31.325794,0.352851,0.884158,0.17625,-0.250391,13.523665,126.428879,38.750435,-0.014387,0.214457,0.476001,-0.852775,29.057825,113.127281,24.667612,-0.021909,-0.031905,0.682431,-0.729925,17.92795,133.143372,16.052475,0.058021,0.91646,0.214023,0.33306,-8.366096,84.77713,14.930572,0.105865,0.979885,-0.01675,0.168339,-7.053537,52.099346,-0.687404,-0.041747,0.949109,0.06646,0.305012,-17.190031,5.627596,-0.821313,-0.109494,0.934171,0.031642,0.338134,6.370529,85.113609,26.534313,0.043543,0.896084,-0.197345,0.395212,14.56016,49.813206,27.075403,-0.038364,0.889674,0.054047,0.45176,3.428995,6.133777,42.260761,-0.041747,0.949109,0.06646,0.305012,-8.391653,1.739075,-12.762835,-0.038364,0.889674,0.054047,0.45176,15.394427,1.931191,33.641094
294,2.45,-0.028683,0.943295,0.055288,0.326059,-0.996836,84.946609,20.7342,-0.034852,0.961469,0.109708,0.249655,-1.69036,92.578423,21.392593,-0.001978,0.967067,0.12755,0.220245,-4.263777,113.147125,25.482229,0.129997,0.983185,-0.024676,0.125858,-5.521245,133.419296,30.633343,0.188627,0.96753,-0.167625,0.014411,-1.262252,147.2966,28.589376,-0.002277,0.91408,0.102257,0.392425,-8.992654,127.956154,28.149601,0.418094,-0.534284,0.136751,-0.721829,-21.093655,129.286789,15.59595,0.265731,0.113414,-0.455953,-0.841802,-11.367926,113.291214,-0.717245,0.333619,0.199654,-0.542037,-0.745005,3.451479,135.260086,-2.080667,-0.006871,0.959261,0.177219,0.21992,-2.270056,127.566338,31.324785,0.352746,0.884214,0.176038,-0.250492,13.523872,126.433769,38.745571,-0.014297,0.214422,0.475855,-0.852866,29.059214,113.134048,24.662273,-0.021709,-0.031934,0.682279,-0.730071,17.922098,133.14476,16.045635,0.058049,0.916448,0.21399,0.333108,-8.366842,84.777214,14.934516,0.105852,0.979892,-0.01669,0.168312,-7.056113,52.098656,-0.681989,-0.041814,0.949101,0.066507,0.305018,-17.190496,5.626458,-0.821004,-0.109537,0.934221,0.031591,0.337986,6.37317,85.116005,26.533884,0.043627,0.89618,-0.19736,0.394978,14.564504,49.816044,27.078196,-0.038449,0.889723,0.053898,0.451674,3.429589,6.137872,42.264431,-0.041814,0.949101,0.066507,0.305018,-8.391249,1.739924,-12.76253,-0.038449,0.889723,0.053898,0.451674,15.393588,1.932511,33.644127
295,2.458333,-0.028739,0.943339,0.055295,0.325926,-0.994841,84.946152,20.737352,-0.035121,0.961499,0.109645,0.249526,-1.689114,92.577911,21.395678,-0.001826,0.967106,0.127573,0.220064,-4.272852,113.151253,25.481218,0.129977,0.983201,-0.024767,0.125729,-5.523396,133.423203,30.634871,0.188571,0.967515,-0.167777,0.014365,-1.265179,147.300262,28.587637,-0.002408,0.914097,0.102174,0.392406,-8.997116,127.961136,28.151995,0.41782,-0.534259,0.137089,-0.721942,-21.098612,129.286407,15.598254,0.265577,0.11317,-0.456038,-0.841838,-11.376152,113.285744,-0.711891,0.333661,0.199568,-0.54211,-0.744956,3.443236,135.256653,-2.08359,-0.006868,0.959312,0.177147,0.219756,-2.27332,127.569405,31.324404,0.352639,0.884292,0.175663,-0.250629,13.523134,126.438293,38.740032,-0.014148,0.214357,0.475703,-0.85297,29.058784,113.138428,24.657228,-0.021372,-0.032045,0.682235,-0.730118,17.913515,133.143021,16.038853,0.05803,0.916516,0.214031,0.332899,-8.366415,84.775665,14.939694,0.105838,0.979907,-0.016666,0.168233,-7.05697,52.098213,-0.679243,-0.041789,0.949117,0.066557,0.30496,-17.189631,5.625641,-0.819515,-0.109539,0.934279,0.031619,0.337822,6.376733,85.116646,26.535013,0.043662,0.896164,-0.197445,0.394969,14.569012,49.816856,27.076012,-0.038284,0.889748,0.05393,0.451636,3.428149,6.142169,42.267914,-0.041789,0.949117,0.066557,0.30496,-8.39196,1.740247,-12.762575,-0.038284,0.889748,0.05393,0.451636,15.390099,1.935394,33.645451
296,2.466667,-0.028772,0.943396,0.05531,0.325757,-0.996242,84.947464,20.73842,-0.035109,0.961528,0.109681,0.249403,-1.690954,92.579163,21.396908,-0.001905,0.967139,0.127475,0.219975,-4.274016,113.151756,25.484234,0.129886,0.983215,-0.024934,0.125683,-5.526386,133.424728,30.633381,0.188481,0.967514,-0.167882,0.014371,-1.270384,147.301666,28.580841,-0.002423,0.914157,0.102067,0.392292,-8.999796,127.961624,28.152353,0.418011,-0.534324,0.136972,-0.721806,-21.104424,129.284531,15.601386,0.265639,0.113178,-0.456142,-0.841761,-11.383814,113.282585,-0.708595,0.333768,0.199436,-0.542126,-0.744932,3.429165,135.254974,-2.083227,-0.006891,0.959366,0.177059,0.219589,-2.275422,127.571526,31.323736,0.352631,0.884319,0.175389,-0.250739,13.523589,126.442924,38.734291,-0.014005,0.214283,0.475574,-0.853063,29.056799,113.140511,24.651207,-0.021273,-0.03217,0.682159,-0.730186,17.903601,133.141022,16.031254,0.057942,0.916569,0.214042,0.332761,-8.369851,84.77626,14.94337,0.105852,0.979922,-0.016608,0.168143,-7.056654,52.098392,-0.674377,-0.041591,0.949138,0.066714,0.304888,-17.189775,5.625937,-0.819367,-0.109376,0.934217,0.031687,0.33804,6.377367,85.11866,26.53347,0.043456,0.896046,-0.197423,0.39527,14.560268,49.816597,27.067745,-0.038317,0.889734,0.053927,0.451661,3.432611,6.139389,42.262054,-0.041591,0.949138,0.066714,0.304888,-8.395405,1.743045,-12.765673,-0.038317,0.889734,0.053927,0.451661,15.395316,1.933001,33.640457
297,2.475,-0.028763,0.943436,0.055245,0.325652,-0.99616,84.946037,20.740828,-0.035168,0.96156,0.10966,0.249278,-1.690341,92.577858,21.3985,-0.00194,0.967178,0.1274,0.219844,-4.275268,113.152336,25.485083,0.129843,0.983231,-0.025007,0.12559,-5.527669,133.426117,30.631069,0.188407,0.967513,-0.167981,0.014308,-1.273017,147.303085,28.575844,-0.002454,0.914202,0.10198,0.39221,-9.001356,127.962349,28.151888,0.418123,-0.534382,0.136911,-0.72171,-21.108215,129.282761,15.602803,0.265655,0.113169,-0.456191,-0.84173,-11.389846,113.279449,-0.707188,0.333726,0.199422,-0.542207,-0.744896,3.420722,135.252991,-2.08349,-0.006969,0.959391,0.177014,0.219511,-2.276127,127.57325,31.321583,0.352643,0.88434,0.174931,-0.250968,13.524044,126.448105,38.730206,-0.013881,0.214203,0.475505,-0.853123,29.051113,113.14106,24.644712,-0.021083,-0.032347,0.682241,-0.730107,17.892832,133.139023,16.02442,0.057979,0.916568,0.214112,0.332713,-8.371056,84.774467,14.947423,0.1058,0.979928,-0.016615,0.168142,-7.05937,52.099083,-0.675637,-0.04142,0.949149,0.06675,0.30487,-17.187782,5.625597,-0.819111,-0.109462,0.934323,0.031589,0.337729,6.378736,85.117599,26.534233,0.043658,0.896227,-0.197342,0.394875,14.565163,49.816444,27.074512,-0.037909,0.889661,0.054041,0.451825,3.430025,6.13786,42.259392,-0.04142,0.949149,0.06675,0.30487,-8.395383,1.74207,-12.766664,-0.037909,0.889661,0.054041,0.451825,15.392685,1.928961,33.638947
298,2.483333,-0.028823,0.943487,0.055223,0.325501,-0.994827,84.946083,20.743294,-0.035229,0.961594,0.109623,0.249156,-1.689659,92.577888,21.400459,-0.001965,0.967211,0.127352,0.21973,-4.27624,113.152992,25.485325,0.129779,0.983259,-0.02502,0.125434,-5.528609,133.427292,30.629316,0.188358,0.967508,-0.168078,0.014098,-1.276308,147.304764,28.572733,-0.002498,0.914263,0.101852,0.392101,-9.002553,127.963043,28.151545,0.418259,-0.534517,0.136765,-0.721558,-21.112379,129.279907,15.604964,0.265672,0.113236,-0.45622,-0.8417,-11.39925,113.276413,-0.707959,0.333701,0.199466,-0.54219,-0.744908,3.409598,135.252304,-2.08233,-0.007016,0.959398,0.177024,0.219474,-2.27658,127.574684,31.319744,0.352669,0.884306,0.174985,-0.251014,13.52413,126.451263,38.727455,-0.013542,0.213967,0.475405,-0.853244,29.04917,113.144745,24.639235,-0.020849,-0.032532,0.682325,-0.730027,17.881172,133.137817,16.019482,0.057876,0.916654,0.214175,0.332452,-8.371496,84.773148,14.952196,0.105847,0.979961,-0.016573,0.167926,-7.055888,52.098858,-0.672838,-0.041344,0.949164,0.066842,0.304812,-17.187998,5.626178,-0.818745,-0.109366,0.934329,0.03163,0.337741,6.381843,85.119019,26.534393,0.043576,0.896185,-0.19739,0.394957,14.562864,49.816528,27.069643,-0.037916,0.889697,0.05403,0.451754,3.431582,6.13907,42.260578,-0.041344,0.949164,0.066842,0.304812,-8.397548,1.744507,-12.768328,-0.037916,0.889697,0.05403,0.451754,15.392902,1.929966,33.638393
299,2.491667,-0.028805,0.943546,0.055243,0.325329,-0.993458,84.947655,20.743429,-0.035293,0.961629,0.109605,0.249021,-1.688008,92.579437,21.401096,-0.00202,0.967246,0.127293,0.219608,-4.276241,113.153282,25.484678,0.129734,0.983279,-0.025036,0.125322,-5.529656,133.428192,30.625975,0.188245,0.967513,-0.168187,0.013966,-1.278988,147.306,28.56823,-0.002563,0.914324,0.101923,0.391939,-9.003578,127.963196,28.149832,0.418305,-0.534579,0.136697,-0.721499,-21.117851,129.278381,15.607352,0.265641,0.113237,-0.456269,-0.841683,-11.407029,113.275238,-0.707315,0.333653,0.199486,-0.542254,-0.744877,3.399209,135.252411,-2.081667,-0.006928,0.959462,0.176761,0.219409,-2.276809,127.57605,31.316498,0.352617,0.884331,0.17482,-0.251115,13.52495,126.45211,38.72192,-0.013405,0.213847,0.475293,-0.853338,29.049307,113.146294,24.632277,-0.020631,-0.032646,0.682247,-0.730101,17.87335,133.135834,16.013092,0.05786,0.916683,0.214179,0.332374,-8.372252,84.77494,14.955026,0.105836,0.979963,-0.016527,0.167925,-7.056808,52.100658,-0.670028,-0.04134,0.949153,0.066767,0.304863,-17.187225,5.627626,-0.819992,-0.10937,0.93434,0.031585,0.337711,6.385336,85.120361,26.531834,0.043595,0.896152,-0.197377,0.395036,14.565539,49.817726,27.069977,-0.038369,0.889681,0.053926,0.451761,3.431732,6.139949,42.25816,-0.04134,0.949153,0.066767,0.304863,-8.395707,1.74382,-12.7681,-0.038369,0.889681,0.053926,0.451761,15.39678,1.93426,33.639469
300,2.5,-0.02895,0.943587,0.055338,0.325183,-0.990393,84.949203,20.744732,-0.035497,0.961659,0.109587,0.248882,-1.68743,92.580704,21.403151,-0.001901,0.967288,0.127275,0.219436,-4.283585,113.157257,25.484795,0.129767,0.983284,-0.025182,0.125219,-5.531091,133.432373,30.626722,0.18805,0.967521,-0.168362,0.013926,-1.279459,147.309219,28.564465,-0.002536,0.914412,0.10175,0.391779,-9.007021,127.968071,28.151867,0.418413,-0.534659,0.136602,-0.721395,-21.125685,129.281174,15.613424,0.265696,0.113186,-0.45625,-0.841684,-11.417837,113.277641,-0.702608,0.333565,0.199565,-0.542206,-0.744931,3.389445,135.252731,-2.080246,-0.006895,0.959483,0.176755,0.219323,-2.279119,127.57959,31.315956,0.352618,0.884331,0.174772,-0.251143,13.523963,126.455132,38.718449,-0.013348,0.213827,0.475265,-0.85336,29.047543,113.148865,24.628382,-0.020515,-0.032645,0.682035,-0.730303,17.869749,133.137375,16.008429,0.058017,0.916656,0.2142,0.332407,-8.370816,84.774323,14.958475,0.105729,0.97992,-0.016596,0.168233,-7.064682,52.101994,-0.671446,-0.041574,0.949176,0.066806,0.304752,-17.186195,5.627007,-0.816446,-0.109368,0.934371,0.031543,0.337632,6.39003,85.124092,26.530987,0.0436,0.896051,-0.197367,0.39527,14.569124,49.821236,27.071205,-0.038441,0.889643,0.053861,0.451837,3.431252,6.143129,42.255455,-0.041574,0.949176,0.066806,0.304752,-8.395159,1.746452,-12.765959,-0.038441,0.889643,0.053861,0.451837,15.398132,1.936745,33.639656
301,2.508333,-0.028962,0.943632,0.055324,0.325051,-0.989561,84.950462,20.746023,-0.035578,0.961696,0.109519,0.248758,-1.686608,92.581963,21.404278,-0.001927,0.967315,0.127297,0.219303,-4.28506,113.160728,25.483042,0.129894,0.983286,-0.025221,0.125056,-5.533129,133.435608,30.625772,0.187885,0.967528,-0.168533,0.013658,-1.278459,147.31131,28.562086,-0.002534,0.914431,0.101769,0.391729,-9.009192,127.971031,28.151699,0.418353,-0.534775,0.13671,-0.721323,-21.12921,129.284271,15.614583,0.265613,0.113112,-0.456249,-0.84172,-11.428988,113.276527,-0.701863,0.333506,0.199517,-0.542189,-0.744982,3.378487,135.249832,-2.080486,-0.006908,0.959519,0.17669,0.219217,-2.280426,127.583107,31.314014,0.352712,0.884312,0.174607,-0.251194,13.524288,126.460266,38.713264,-0.013173,0.213763,0.475232,-0.853397,29.043335,113.148628,24.623281,-0.02035,-0.032558,0.682059,-0.730289,17.862597,133.134811,16.001467,0.058018,0.9167,0.214208,0.332279,-8.371572,84.775124,14.961806,0.105713,0.979946,-0.016545,0.168101,-7.067429,52.103065,-0.668857,-0.041589,0.949176,0.066825,0.304747,-17.186686,5.627599,-0.817003,-0.109394,0.934404,0.031477,0.337538,6.392448,85.125801,26.530239,0.043643,0.896135,-0.197395,0.395061,14.571751,49.823051,27.074797,-0.038461,0.889706,0.053825,0.451715,3.432797,6.146341,42.26226,-0.041589,0.949176,0.066825,0.304747,-8.395609,1.747715,-12.766703,-0.038461,0.889706,0.053825,0.451715,15.397411,1.939248,33.643661
302,2.516667,-0.029004,0.943677,0.05535,0.324915,-0.988063,84.951897,20.746166,-0.035665,0.961723,0.109501,0.248648,-1.685753,92.583321,21.404696,-0.001913,0.967347,0.127244,0.219193,-4.286982,113.161301,25.481987,0.129808,0.983317,-0.025238,0.124904,-5.533413,133.436752,30.622869,0.187838,0.967518,-0.168656,0.013462,-1.281696,147.313126,28.557646,-0.002581,0.914511,0.101685,0.391565,-9.01017,127.971992,28.150173,0.418526,-0.534898,0.136501,-0.721172,-21.134693,129.281967,15.617058,0.2657,0.113132,-0.456219,-0.841706,-11.438155,113.275597,-0.702937,0.333484,0.199537,-0.542178,-0.744994,3.369982,135.247116,-2.082375,-0.006906,0.959563,0.176484,0.219192,-2.280679,127.584251,31.310978,0.352695,0.88436,0.174206,-0.251328,13.524418,126.463089,38.709686,-0.013109,0.21385,0.47509,-0.853455,29.040712,113.147484,24.620401,-0.020354,-0.032435,0.68205,-0.730302,17.855196,133.12854,15.992731,0.058007,0.916725,0.214251,0.332186,-8.371698,84.77581,14.964041,0.105705,0.979948,-0.016567,0.168088,-7.067344,52.104996,-0.669208,-0.041326,0.949202,0.066945,0.304673,-17.186256,5.629444,-0.815061,-0.10937,0.934411,0.031428,0.337531,6.395573,85.127983,26.52829,0.043656,0.896148,-0.197369,0.395042,14.572059,49.824615,27.075476,-0.03844,0.88969,0.053795,0.451753,3.433258,6.147033,42.260551,-0.041326,0.949202,0.066945,0.304673,-8.399193,1.750418,-12.768002,-0.03844,0.88969,0.053795,0.451753,15.398298,1.938852,33.643066
303,2.525,-0.02906,0.943724,0.055273,0.324787,-0.987432,84.950081,20.74748,-0.035652,0.961774,0.109467,0.24847,-1.685465,92.581581,21.404701,-0.002024,0.967392,0.127207,0.219015,-4.285052,113.159882,25.481241,0.129726,0.983345,-0.025369,0.124741,-5.534677,133.435699,30.619854,0.18776,0.96752,-0.168739,0.013322,-1.285481,147.312134,28.549824,-0.002553,0.914583,0.101645,0.391408,-9.010938,127.96978,28.14905,0.418513,-0.535003,0.136482,-0.721104,-21.139763,129.279541,15.620081,0.265709,0.11301,-0.456204,-0.841728,-11.448576,113.272453,-0.702374,0.333547,0.199461,-0.542096,-0.745046,3.362,135.242538,-2.087173,-0.006878,0.959602,0.176245,0.219213,-2.280293,127.584099,31.307646,0.352791,0.884314,0.174133,-0.251406,13.524503,126.463699,38.707115,-0.012845,0.21385,0.475077,-0.853466,29.035484,113.14447,24.61541,-0.020094,-0.03221,0.681965,-0.730399,17.850115,133.12117,15.982066,0.057966,0.916794,0.214328,0.331953,-8.372568,84.772369,14.967322,0.105729,0.979991,-0.016528,0.167828,-7.067581,52.103592,-0.670119,-0.041261,0.949181,0.066968,0.304744,-17.188152,5.628404,-0.81729,-0.109315,0.934444,0.03143,0.337457,6.397704,85.127792,26.527637,0.043632,0.89611,-0.197343,0.395144,14.570643,49.823578,27.072685,-0.038553,0.889648,0.053776,0.451827,3.433104,6.144815,42.255299,-0.041261,0.949181,0.066968,0.304744,-8.399911,1.749451,-12.769384,-0.038553,0.889648,0.053776,0.451827,15.400489,1.937725,33.640541
304,2.533333,-0.029043,0.943759,0.055259,0.324687,-0.987526,84.950523,20.748199,-0.035776,0.961797,0.109458,0.248366,-1.685167,92.582069,21.405376,-0.001954,0.967428,0.127153,0.218888,-4.289275,113.160088,25.480509,0.129681,0.983363,-0.025449,0.124632,-5.534917,133.436493,30.617786,0.18762,0.967518,-0.16892,0.013221,-1.287151,147.312912,28.544796,-0.002763,0.914628,0.101495,0.391339,-9.012552,127.970802,28.148403,0.418561,-0.535128,0.136318,-0.721014,-21.14323,129.27153,15.620291,0.265647,0.112944,-0.456217,-0.841749,-11.456488,113.267052,-0.707345,0.333509,0.199287,-0.542014,-0.745169,3.354359,135.237091,-2.09367,-0.006963,0.959614,0.17625,0.219156,-2.28108,127.584526,31.305164,0.352896,0.884307,0.173752,-0.251547,13.524538,126.4673,38.703342,-0.012728,0.213957,0.475114,-0.853421,29.028332,113.140045,24.611326,-0.019934,-0.03211,0.681926,-0.730444,17.846968,133.115952,15.9713,0.057838,0.916879,0.214329,0.331739,-8.373895,84.772911,14.969617,0.105787,0.980044,-0.016442,0.167492,-7.06403,52.103073,-0.66521,-0.041352,0.949181,0.066911,0.304745,-17.188595,5.628771,-0.81785,-0.109263,0.934445,0.031406,0.337474,6.398842,85.128143,26.526781,0.043604,0.89612,-0.197296,0.395149,14.56773,49.822994,27.072298,-0.038185,0.889577,0.053936,0.45198,3.434201,6.142244,42.252132,-0.041352,0.949181,0.066911,0.304745,-8.399605,1.749078,-12.769151,-0.038185,0.889577,0.053936,0.45198,15.401846,1.934383,33.638111
305,2.541667,-0.029066,0.943785,0.055271,0.324607,-0.986439,84.950981,20.747663,-0.035774,0.961824,0.109418,0.248279,-1.684416,92.582489,21.404968,-0.002041,0.967448,0.127135,0.218808,-4.287725,113.161552,25.478893,0.129658,0.983376,-0.025494,0.124541,-5.53628,133.438141,30.61474,0.187499,0.967509,-0.169115,0.013074,-1.289375,147.314575,28.539955,-0.002755,0.914704,0.101469,0.39117,-9.013285,127.971626,28.146288,0.4186,-0.535227,0.136316,-0.720919,-21.148586,129.271667,15.622583,0.265673,0.112747,-0.456179,-0.841788,-11.467074,113.264809,-0.705846,0.333485,0.199132,-0.541954,-0.745265,3.347488,135.230789,-2.100811,-0.006938,0.959634,0.17619,0.219116,-2.281292,127.586815,31.302113,0.352959,0.884284,0.17369,-0.251582,13.524953,126.469444,38.698929,-0.012404,0.213906,0.475098,-0.853447,29.02564,113.139343,24.60619,-0.019624,-0.032121,0.681963,-0.730418,17.842516,133.111633,15.960542,0.057893,0.916883,0.214355,0.331701,-8.373752,84.772942,14.970301,0.105748,0.980028,-0.016475,0.167604,-7.067519,52.104378,-0.667474,-0.041545,0.949171,0.066793,0.304773,-17.189035,5.629411,-0.817551,-0.109252,0.934435,0.031386,0.337505,6.400875,85.129021,26.525024,0.043577,0.896073,-0.197354,0.395228,14.568498,49.823608,27.071911,-0.038513,0.889651,0.053834,0.451818,3.433796,6.144801,42.256458,-0.041545,0.949171,0.066793,0.304773,-8.397768,1.748242,-12.766695,-0.038513,0.889651,0.053834,0.451818,15.400866,1.938666,33.6408
306,2.55,-0.029181,0.943821,0.055371,0.324475,-0.981385,84.953766,20.746349,-0.035928,0.961847,0.109377,0.248184,-1.681442,92.584999,21.404613,-0.002065,0.967464,0.127194,0.218704,-4.290099,113.163269,25.475349,0.129461,0.983424,-0.02567,0.124335,-5.539619,133.439224,30.613487,0.187611,0.967482,-0.169163,0.012868,-1.2985,147.316406,28.531996,-0.002758,0.914707,0.10158,0.391133,-9.016582,127.972603,28.145185,0.418636,-0.535309,0.13638,-0.720825,-21.152887,129.273941,15.622583,0.265652,0.112501,-0.456179,-0.841827,-11.476573,113.262764,-0.704682,0.333361,0.198978,-0.541832,-0.74545,3.340794,135.225876,-2.109877,-0.00693,0.95966,0.176162,0.219025,-2.283917,127.58815,31.299622,0.352925,0.884267,0.173947,-0.251513,13.523737,126.471291,38.693516,-0.01207,0.213789,0.474979,-0.853548,29.027361,113.145615,24.599815,-0.019413,-0.03207,0.682021,-0.730371,17.836718,133.110901,15.950516,0.057948,0.91692,0.214333,0.331603,-8.370177,84.774139,14.970927,0.10574,0.980012,-0.016483,0.167704,-7.069843,52.105377,-0.666942,-0.041678,0.949158,0.06681,0.304794,-17.190659,5.630252,-0.817198,-0.109237,0.934461,0.031261,0.337452,6.407407,85.1334,26.521772,0.043619,0.896085,-0.197322,0.395212,14.57102,49.827175,27.076288,-0.038251,0.889616,0.053864,0.451905,3.434239,6.147525,42.256889,-0.041678,0.949158,0.06681,0.304794,-8.397603,1.750832,-12.765596,-0.038251,0.889616,0.053864,0.451905,15.400767,1.938644,33.641815
307,2.558333,-0.029205,0.943842,0.05539,0.32441,-0.981389,84.95649,20.745537,-0.035949,0.961873,0.109319,0.248107,-1.681837,92.587669,21.404013,-0.002153,0.967479,0.127214,0.218625,-4.290266,113.165108,25.47217,0.129251,0.983457,-0.025836,0.124256,-5.543101,133.440826,30.610371,0.187627,0.967457,-0.169288,0.012857,-1.307655,147.318863,28.522989,-0.002786,0.914745,0.101596,0.391039,-9.019317,127.973518,28.142574,0.41873,-0.535404,0.136346,-0.720706,-21.158176,129.273865,15.622355,0.265673,0.112272,-0.456186,-0.841847,-11.486474,113.260223,-0.705218,0.333332,0.198725,-0.541807,-0.745549,3.334005,135.222107,-2.121159,-0.006926,0.959684,0.176127,0.218946,-2.286146,127.590416,31.296085,0.352882,0.884309,0.17372,-0.251581,13.522702,126.474213,38.687508,-0.011947,0.213795,0.474897,-0.853594,29.026115,113.147423,24.594637,-0.01918,-0.03203,0.682003,-0.730395,17.831949,133.108887,15.94179,0.058021,0.916905,0.214313,0.331647,-8.370945,84.776482,14.971108,0.105705,0.980008,-0.016481,0.167745,-7.075168,52.107693,-0.667061,-0.041653,0.949145,0.066816,0.304835,-17.192724,5.631861,-0.817408,-0.109216,0.93447,0.031283,0.337429,6.408167,85.136497,26.519962,0.043566,0.896038,-0.197425,0.395274,14.570957,49.830048,27.072287,-0.037952,0.889639,0.053995,0.45187,3.433826,6.153816,42.262444,-0.041653,0.949145,0.066816,0.304835,-8.398893,1.752409,-12.765219,-0.037952,0.889639,0.053995,0.45187,15.397546,1.944301,33.643784
308,2.566667,-0.029291,0.943861,0.055451,0.324337,-0.979769,84.956398,20.744249,-0.035967,0.961906,0.109242,0.248012,-1.681715,92.587395,21.403217,-0.002263,0.967499,0.127224,0.21853,-4.289587,113.164917,25.468222,0.129288,0.983459,-0.02593,0.124179,-5.546484,133.440521,30.605936,0.187504,0.96745,-0.169469,0.012747,-1.310021,147.31781,28.515661,-0.002754,0.914796,0.101615,0.390916,-9.021785,127.972282,28.138897,0.418866,-0.535507,0.136259,-0.720567,-21.164038,129.273438,15.622046,0.265768,0.112071,-0.456156,-0.84186,-11.496621,113.25811,-0.706415,0.333383,0.198451,-0.541871,-0.745553,3.327633,135.216583,-2.133129,-0.00699,0.959698,0.176123,0.218888,-2.287999,127.590904,31.291315,0.352834,0.884335,0.173699,-0.251571,13.521713,126.477226,38.681278,-0.0117,0.213733,0.474756,-0.853691,29.027063,113.151718,24.589329,-0.01898,-0.031984,0.682075,-0.730336,17.825253,133.106567,15.932361,0.057991,0.916943,0.214354,0.33152,-8.370127,84.775139,14.970881,0.105713,0.979997,-0.016534,0.167803,-7.07348,52.107395,-0.669406,-0.041513,0.949176,0.066949,0.304728,-17.19268,5.631909,-0.815472,-0.109212,0.934486,0.031184,0.337396,6.410588,85.13765,26.517618,0.043579,0.896031,-0.19733,0.395335,14.570745,49.830696,27.076218,-0.038226,0.889605,0.053912,0.451925,3.434923,6.151021,42.257465,-0.041513,0.949176,0.066949,0.304728,-8.402527,1.754795,-12.766753,-0.038226,0.889605,0.053912,0.451925,15.401777,1.94306,33.642391
309,2.575,-0.02929,0.943876,0.055418,0.324299,-0.979514,84.95594,20.743349,-0.036034,0.96193,0.109193,0.247931,-1.681251,92.58699,21.401878,-0.002296,0.96752,0.127243,0.218426,-4.291253,113.166832,25.464836,0.129281,0.983462,-0.026039,0.124139,-5.549124,133.44223,30.603132,0.187367,0.967431,-0.169729,0.012738,-1.312686,147.319016,28.509558,-0.002852,0.914841,0.10156,0.390825,-9.024379,127.973686,28.136709,0.418906,-0.535576,0.136257,-0.720493,-21.169102,129.270645,15.621829,0.265774,0.111832,-0.456222,-0.841855,-11.50534,113.253365,-0.706874,0.333436,0.198247,-0.541841,-0.745605,3.318612,135.211426,-2.145411,-0.006992,0.959725,0.176059,0.218821,-2.28992,127.592934,31.287756,0.352857,0.884365,0.173333,-0.251685,13.520811,126.480232,38.675671,-0.011583,0.213719,0.474729,-0.853711,29.022497,113.149605,24.584536,-0.018692,-0.031998,0.682066,-0.730351,17.818846,133.103149,15.924997,0.058033,0.916916,0.214362,0.331581,-8.370331,84.77446,14.970581,0.1057,0.980028,-0.016523,0.167627,-7.075233,52.1073,-0.671056,-0.041559,0.949168,0.066933,0.30475,-17.193058,5.631518,-0.816139,-0.109195,0.934481,0.031174,0.337416,6.411302,85.137413,26.516119,0.043597,0.896063,-0.197339,0.395255,14.570017,49.830132,27.075132,-0.038723,0.889633,0.053759,0.451845,3.433702,6.150946,42.257416,-0.041559,0.949168,0.066933,0.30475,-8.401956,1.754414,-12.766721,-0.038723,0.889633,0.053759,0.451845,15.402836,1.945692,33.644199
310,2.583333,-0.029324,0.943899,0.055342,0.32424,-0.978907,84.955688,20.742666,-0.036136,0.961947,0.109213,0.24784,-1.680723,92.586838,21.399971,-0.002302,0.967552,0.127177,0.21832,-4.294611,113.165459,25.462713,0.129254,0.983477,-0.026099,0.124041,-5.551568,133.441544,30.598497,0.187281,0.967417,-0.169916,0.01262,-1.31608,147.318298,28.502644,-0.002913,0.914874,0.101499,0.390762,-9.027305,127.972626,28.133583,0.418804,-0.535625,0.13634,-0.7205,-21.173712,129.266571,15.620025,0.265709,0.111618,-0.456276,-0.841874,-11.513685,113.248016,-0.709629,0.333518,0.198038,-0.54201,-0.745501,3.310855,135.206528,-2.156858,-0.007054,0.959762,0.17599,0.218712,-2.292156,127.592377,31.283215,0.352871,0.884399,0.173021,-0.251761,13.520212,126.482964,38.668125,-0.011337,0.213641,0.474743,-0.853726,29.019505,113.147888,24.578558,-0.018191,-0.032221,0.682106,-0.730317,17.814445,133.10051,15.916107,0.057991,0.916921,0.214453,0.331514,-8.370406,84.773064,14.970808,0.105768,0.980039,-0.016548,0.167519,-7.071439,52.108402,-0.675724,-0.041591,0.949135,0.066831,0.304872,-17.19594,5.63406,-0.818496,-0.109076,0.934422,0.031294,0.337608,6.412593,85.138306,26.514524,0.043431,0.895923,-0.197445,0.395538,14.566138,49.829681,27.064177,-0.038673,0.88966,0.053751,0.451797,3.435236,6.153107,42.257923,-0.041591,0.949135,0.066831,0.304872,-8.401743,1.75444,-12.765983,-0.038673,0.88966,0.053751,0.451797,15.40299,1.94696,33.643227
311,2.591667,-0.029449,0.9439,0.055468,0.324206,-0.974,84.954361,20.739586,-0.036221,0.961968,0.109182,0.247761,-1.678234,92.585182,21.398106,-0.00236,0.967572,0.127195,0.218219,-4.295377,113.167397,25.459602,0.129216,0.983498,-0.026096,0.123908,-5.554312,133.443283,30.595667,0.18728,0.967386,-0.170104,0.012428,-1.320427,147.320419,28.499132,-0.002971,0.914909,0.101455,0.39069,-9.029719,127.973869,28.131395,0.418895,-0.535673,0.136317,-0.720416,-21.17808,129.265091,15.619451,0.265721,0.111446,-0.456355,-0.84185,-11.52031,113.244476,-0.709531,0.333532,0.197836,-0.542146,-0.74545,3.302126,135.203171,-2.165982,-0.007151,0.959802,0.175978,0.218542,-2.293921,127.594589,31.279758,0.352899,0.88443,0.172901,-0.251695,13.521008,126.489578,38.659847,-0.011072,0.213531,0.474626,-0.853822,29.020983,113.150665,24.574671,-0.017963,-0.032352,0.682021,-0.730396,17.808266,133.097687,15.909642,0.058046,0.916935,0.214454,0.331468,-8.365768,84.770248,14.968118,0.105782,0.980044,-0.016584,0.167477,-7.071175,52.106064,-0.679769,-0.041626,0.949119,0.066898,0.304901,-17.197502,5.632112,-0.818913,-0.1091,0.934488,0.031128,0.337432,6.417769,85.138466,26.511053,0.043536,0.89599,-0.197321,0.395437,14.569036,49.829472,27.070963,-0.038662,0.889564,0.053861,0.451973,3.435463,6.149113,42.251881,-0.041626,0.949119,0.066898,0.304901,-8.402143,1.754732,-12.766271,-0.038662,0.889564,0.053861,0.451973,15.406869,1.945753,33.640896
312,2.6,-0.029472,0.943911,0.055508,0.324165,-0.97364,84.95517,20.737696,-0.036262,0.961993,0.109128,0.247681,-1.678371,92.585907,21.396723,-0.002391,0.967592,0.127214,0.21812,-4.296365,113.169388,25.456032,0.129304,0.983498,-0.026172,0.123801,-5.556169,133.445068,30.592716,0.187116,0.967394,-0.170253,0.01226,-1.320026,147.321167,28.493828,-0.003047,0.914941,0.101414,0.390626,-9.03155,127.97538,28.129015,0.418954,-0.535753,0.136296,-0.720326,-21.181681,129.263382,15.618445,0.265713,0.111372,-0.456469,-0.841801,-11.527844,113.240906,-0.711037,0.333609,0.197761,-0.542247,-0.745361,3.290246,135.20282,-2.172452,-0.007186,0.959824,0.175937,0.218477,-2.295107,127.596664,31.276072,0.352871,0.884461,0.172804,-0.251693,13.520792,126.493538,38.654373,-0.010945,0.213484,0.474519,-0.853895,29.021788,113.154068,24.570839,-0.017717,-0.032294,0.681697,-0.730707,17.803303,133.096619,15.904124,0.058091,0.91691,0.214464,0.331523,-8.365895,84.770859,14.966853,0.105759,0.980042,-0.01663,0.167499,-7.07313,52.107346,-0.6826,-0.041571,0.949124,0.06693,0.304886,-17.198092,5.63308,-0.817341,-0.10918,0.93455,0.031073,0.33724,6.418614,85.139481,26.508539,0.043609,0.896045,-0.197346,0.395293,14.573981,49.831497,27.072521,-0.038236,0.889546,0.053939,0.452036,3.435761,6.152675,42.254459,-0.041571,0.949124,0.06693,0.304886,-8.403536,1.756083,-12.765423,-0.038236,0.889546,0.053939,0.452036,15.40491,1.945608,33.642139
313,2.608333,-0.029437,0.943925,0.055549,0.324119,-0.975946,84.958313,20.7362,-0.036031,0.96202,0.109031,0.247652,-1.680354,92.589012,21.396023,-0.002697,0.967585,0.127205,0.218154,-4.287204,113.168846,25.452953,0.129237,0.983489,-0.026382,0.123898,-5.559512,133.444565,30.586424,0.186897,0.967417,-0.170356,0.012384,-1.324212,147.320038,28.481787,-0.003023,0.914998,0.101562,0.390454,-9.031362,127.972496,28.123034,0.419095,-0.535798,0.136197,-0.72023,-21.186178,129.26268,15.617249,0.265746,0.111359,-0.456585,-0.841729,-11.533393,113.239693,-0.712365,0.333678,0.197664,-0.542507,-0.745167,3.279133,135.204941,-2.177248,-0.007255,0.959827,0.175935,0.218463,-2.295163,127.598145,31.27113,0.352775,0.884502,0.172722,-0.251742,13.520917,126.497437,38.649391,-0.010878,0.213429,0.474356,-0.854,29.024065,113.160873,24.565475,-0.017609,-0.032207,0.681601,-0.730802,17.796581,133.098846,15.898141,0.058048,0.91691,0.214463,0.33153,-8.368787,84.774803,14.966088,0.105784,0.980055,-0.016597,0.167412,-7.073054,52.110928,-0.682348,-0.042154,0.949088,0.066546,0.305002,-17.199799,5.637059,-0.819646,-0.109222,0.934546,0.031058,0.337239,6.416896,85.141823,26.506311,0.04357,0.895999,-0.197366,0.395391,14.574732,49.83445,27.07229,-0.038227,0.889565,0.053921,0.452002,3.437387,6.156069,42.256115,-0.042154,0.949088,0.066546,0.305002,-8.397711,1.754843,-12.76048,-0.038227,0.889565,0.053921,0.452002,15.405759,1.948396,33.643021
314,2.616667,-0.029522,0.943937,0.055669,0.324056,-0.974219,84.959335,20.732269,-0.03617,0.962053,0.108948,0.24754,-1.680406,92.589745,21.39345,-0.002621,0.967606,0.127334,0.217987,-4.292435,113.17704,25.447252,0.12919,0.983524,-0.026377,0.123673,-5.561978,133.451385,30.5868,0.186967,0.967371,-0.170556,0.012125,-1.328901,147.327377,28.481071,-0.003185,0.914997,0.101436,0.39049,-9.034954,127.980164,28.12311,0.419208,-0.535893,0.136182,-0.720096,-21.188768,129.263565,15.615651,0.265717,0.111336,-0.456726,-0.841666,-11.540865,113.237061,-0.713381,0.333679,0.197607,-0.542677,-0.745058,3.26469,135.205872,-2.180924,-0.007207,0.959844,0.175937,0.218389,-2.297663,127.60463,31.268734,0.352704,0.884538,0.172557,-0.251825,13.51957,126.502754,38.64436,-0.010617,0.213262,0.474207,-0.854128,29.023134,113.167336,24.559809,-0.017289,-0.032342,0.681763,-0.730653,17.784941,133.099823,15.891677,0.058086,0.916936,0.214452,0.33146,-8.367738,84.774979,14.963049,0.105738,0.980052,-0.016638,0.167456,-7.075974,52.111061,-0.685635,-0.041847,0.949114,0.066763,0.304916,-17.199099,5.636391,-0.818871,-0.109226,0.934572,0.030996,0.337171,6.419301,85.143692,26.501488,0.043605,0.895974,-0.197386,0.395433,14.575929,49.836098,27.071222,-0.038564,0.889548,0.053899,0.452008,3.434214,6.158742,42.254822,-0.041847,0.949114,0.066763,0.304916,-8.401565,1.757308,-12.764083,-0.038564,0.889548,0.053899,0.452008,15.405581,1.955081,33.643921
315,2.625,-0.029524,0.943962,0.055622,0.32399,-0.97433,84.959839,20.73004,-0.036251,0.962059,0.109034,0.247468,-1.680268,92.590332,21.390572,-0.002652,0.967637,0.127216,0.217919,-4.295838,113.173721,25.446596,0.129197,0.983516,-0.02653,0.1237,-5.565205,133.449326,30.581236,0.186711,0.967395,-0.170693,0.012204,-1.331377,147.324448,28.471291,-0.003231,0.91501,0.10141,0.390464,-9.038375,127.977394,28.119394,0.419323,-0.53594,0.136067,-0.720016,-21.192886,129.258881,15.612414,0.265716,0.111403,-0.456837,-0.841596,-11.545899,113.232979,-0.717767,0.33369,0.197653,-0.542805,-0.744948,3.253382,135.205933,-2.184273,-0.007364,0.959882,0.175814,0.218315,-2.300643,127.602814,31.264187,0.352698,0.884552,0.172406,-0.251887,13.517639,126.507614,38.638557,-0.01048,0.213243,0.474133,-0.854175,29.01985,113.170853,24.553795,-0.017125,-0.032322,0.681689,-0.730727,17.777752,133.100098,15.882674,0.058066,0.916937,0.214494,0.331433,-8.368646,84.775078,14.961851,0.105754,0.980073,-0.016662,0.167319,-7.074985,52.112301,-0.689052,-0.042122,0.949131,0.066607,0.30486,-17.200047,5.638039,-0.818913,-0.109249,0.934633,0.030901,0.337004,6.419985,85.1446,26.498228,0.043642,0.896045,-0.197384,0.39527,14.575976,49.836952,27.073467,-0.038504,0.889593,0.053868,0.451929,3.433923,6.159833,42.257477,-0.042122,0.949131,0.066607,0.30486,-8.401626,1.757155,-12.762885,-0.038504,0.889593,0.053868,0.451929,15.403139,1.954506,33.644398
316,2.633333,-0.029551,0.943981,0.05572,0.323916,-0.970381,84.95607,20.724556,-0.036353,0.962069,0.109085,0.247389,-1.677142,92.586372,21.386429,-0.002732,0.967663,0.127151,0.217839,-4.297454,113.172127,25.444258,0.128871,0.983567,-0.026648,0.123609,-5.56903,133.44841,30.575668,0.186833,0.96736,-0.170759,0.012205,-1.344316,147.325546,28.460747,-0.003314,0.915025,0.101297,0.390458,-9.041759,127.975555,28.115252,0.419409,-0.535945,0.13599,-0.719976,-21.196409,129.252808,15.607985,0.265679,0.111416,-0.456977,-0.84153,-11.548685,113.227531,-0.722355,0.333632,0.197718,-0.542943,-0.744856,3.244554,135.206467,-2.189825,-0.007506,0.959909,0.175719,0.218268,-2.30352,127.602493,31.259129,0.352658,0.884583,0.172279,-0.251925,13.515409,126.5131,38.632957,-0.010304,0.213275,0.474016,-0.854234,29.018078,113.176308,24.548729,-0.016979,-0.032259,0.681584,-0.730832,17.771648,133.099518,15.871819,0.058046,0.916968,0.214559,0.331308,-8.365564,84.771339,14.957486,0.10605,0.979942,-0.016729,0.167891,-7.071049,52.110435,-0.697242,-0.042066,0.948925,0.06647,0.305538,-17.224354,5.642352,-0.831539,-0.109216,0.934679,0.030798,0.336896,6.424801,85.140808,26.491625,0.043683,0.896102,-0.19737,0.395142,14.57614,49.832165,27.072096,-0.038661,0.889571,0.053904,0.451955,3.433302,6.154856,42.254974,-0.042066,0.948925,0.06647,0.305538,-8.410059,1.75747,-12.762494,-0.038661,0.889571,0.053904,0.451955,15.404519,1.952608,33.643185
317,2.641667,-0.029499,0.944005,0.055636,0.323865,-0.973868,84.956902,20.722528,-0.036272,0.962101,0.108998,0.247316,-1.679423,92.587395,21.383495,-0.002822,0.967672,0.1272,0.21777,-4.295244,113.174438,25.438932,0.128818,0.983577,-0.026702,0.123567,-5.570568,133.45018,30.571589,0.186744,0.967347,-0.170932,0.012171,-1.347309,147.327454,28.454739,-0.003405,0.915086,0.101221,0.390333,-9.042409,127.9767,28.111277,0.419492,-0.535958,0.135945,-0.719927,-21.200449,129.249542,15.606849,0.265616,0.111376,-0.457105,-0.841486,-11.552789,113.223717,-0.723,0.333489,0.197755,-0.543046,-0.744835,3.234388,135.205872,-2.192777,-0.007587,0.95992,0.175689,0.21824,-2.303727,127.604912,31.254354,0.352649,0.884583,0.172199,-0.251989,13.515592,126.518631,38.627811,-0.010107,0.213222,0.473886,-0.854322,29.016956,113.181747,24.542242,-0.016878,-0.032176,0.681576,-0.730845,17.763683,133.098801,15.862301,0.058107,0.916921,0.214586,0.33141,-8.369728,84.772522,14.956313,0.105991,0.979928,-0.016756,0.168006,-7.076878,52.112949,-0.701337,-0.042065,0.948927,0.066364,0.305555,-17.225103,5.643752,-0.833296,-0.109198,0.934683,0.030801,0.336889,6.421991,85.141281,26.488745,0.0436,0.896096,-0.197383,0.395159,14.572275,49.832386,27.068497,-0.038242,0.889559,0.053994,0.452003,3.435788,6.154859,42.255409,-0.042065,0.948927,0.066364,0.305555,-8.4106,1.755868,-12.763124,-0.038242,0.889559,0.053994,0.452003,15.404561,1.949293,33.641842
318,2.65,-0.029468,0.944022,0.055672,0.323813,-0.974186,84.957123,20.719858,-0.03631,0.962136,0.10889,0.247223,-1.679429,92.587585,21.381527,-0.002922,0.967687,0.127276,0.217657,-4.295324,113.175858,25.43255,0.128561,0.983605,-0.026917,0.123564,-5.574766,133.45076,30.567465,0.186742,0.967327,-0.171036,0.012379,-1.358086,147.328979,28.443565,-0.003428,0.91509,0.10121,0.390328,-9.045712,127.976654,28.107306,0.419607,-0.535911,0.135954,-0.719893,-21.203884,129.248596,15.602915,0.265601,0.111365,-0.45727,-0.841402,-11.553828,113.220612,-0.723392,0.333479,0.197681,-0.543247,-0.744712,3.225852,135.208344,-2.196118,-0.007691,0.959939,0.175651,0.218185,-2.306304,127.60627,31.248999,0.352531,0.884674,0.171681,-0.252191,13.513793,126.524124,38.621403,-0.010225,0.213361,0.473749,-0.854362,29.014248,113.186096,24.53591,-0.01689,-0.032089,0.681528,-0.730893,17.757534,133.099625,15.852427,0.058143,0.916924,0.214607,0.331382,-8.370718,84.773438,14.954483,0.105974,0.97993,-0.016802,0.167999,-7.080182,52.114822,-0.705364,-0.041651,0.948926,0.066507,0.305584,-17.227556,5.645424,-0.832745,-0.109178,0.934667,0.030824,0.33694,6.422347,85.140808,26.485235,0.04356,0.896046,-0.197446,0.395245,14.571768,49.831684,27.063358,-0.038679,0.889591,0.053852,0.45192,3.434888,6.156206,42.255871,-0.041651,0.948926,0.066507,0.305584,-8.415912,1.757648,-12.764722,-0.038679,0.889591,0.053852,0.45192,15.405396,1.95283,33.643642
319,2.658333,-0.029481,0.944035,0.055623,0.323783,-0.975694,84.958687,20.718374,-0.036285,0.962146,0.10888,0.24719,-1.680863,92.589226,21.379297,-0.003058,0.967695,0.127231,0.217644,-4.295566,113.178101,25.430384,0.128503,0.983608,-0.02703,0.123577,-5.580071,133.453445,30.562288,0.186695,0.967314,-0.171157,0.012403,-1.36462,147.331497,28.435007,-0.003444,0.915092,0.101317,0.390293,-9.049644,127.978119,28.102917,0.419902,-0.535951,0.135778,-0.719724,-21.208754,129.250916,15.599519,0.265742,0.111428,-0.457335,-0.841314,-11.558489,113.221649,-0.725417,0.333472,0.197706,-0.543338,-0.744642,3.217121,135.211594,-2.200151,-0.007737,0.959949,0.175675,0.218119,-2.310164,127.609863,31.244711,0.352473,0.884701,0.171577,-0.252248,13.510913,126.529465,38.615273,-0.010143,0.213317,0.473714,-0.854393,29.011976,113.192703,24.529259,-0.016598,-0.032062,0.681517,-0.730911,17.75248,133.105194,15.845135,0.058136,0.916978,0.214619,0.331226,-8.372578,84.774445,14.953465,0.105919,0.979944,-0.016817,0.167954,-7.083969,52.116169,-0.707245,-0.042101,0.948923,0.066376,0.305561,-17.226528,5.64571,-0.831807,-0.109272,0.934725,0.03079,0.336751,6.42119,85.142937,26.483286,0.043601,0.896071,-0.197463,0.395176,14.576194,49.835148,27.064383,-0.038631,0.889613,0.053792,0.451887,3.436369,6.160655,42.257587,-0.042101,0.948923,0.066376,0.305561,-8.41151,1.758516,-12.761482,-0.038631,0.889613,0.053792,0.451887,15.405634,1.95504,33.644718
320,2.666667,-0.029506,0.944047,0.055772,0.323718,-0.973421,84.959465,20.713079,-0.036331,0.962161,0.108874,0.247128,-1.679652,92.589722,21.376087,-0.003133,0.967704,0.127269,0.21758,-4.29609,113.179688,25.426832,0.128403,0.983624,-0.027139,0.123534,-5.583625,133.454605,30.559631,0.186654,0.967304,-0.17126,0.012407,-1.370796,147.332901,28.428698,-0.003553,0.915101,0.101339,0.390266,-9.052496,127.978767,28.100437,0.419966,-0.535991,0.135654,-0.719681,-21.212318,129.248245,15.5974,0.265756,0.111454,-0.457394,-0.841274,-11.562516,113.221184,-0.729966,0.333561,0.197649,-0.543445,-0.74454,3.210235,135.213699,-2.204976,-0.007817,0.959978,0.175618,0.218036,-2.312609,127.611588,31.24148,0.35229,0.884795,0.171365,-0.252319,13.509692,126.534828,38.60994,-0.010137,0.213374,0.473506,-0.854495,29.015404,113.202415,24.524914,-0.016523,-0.031955,0.681432,-0.730997,17.747889,133.107666,15.837463,0.058122,0.917043,0.21461,0.331053,-8.371058,84.775604,14.949126,0.105962,0.979955,-0.016829,0.167858,-7.084657,52.11692,-0.710909,-0.042416,0.948882,0.066174,0.305689,-17.231386,5.647367,-0.83409,-0.109329,0.934769,0.03064,0.336624,6.424216,85.143326,26.477034,0.043701,0.896138,-0.197432,0.395029,14.579502,49.835781,27.068592,-0.038585,0.889584,0.053837,0.451943,3.434761,6.16093,42.257164,-0.042416,0.948882,0.066174,0.305689,-8.41068,1.757569,-12.758708,-0.038585,0.889584,0.053837,0.451943,15.404841,1.955912,33.645145
321,2.675,-0.029544,0.944067,0.055753,0.323661,-0.973616,84.960258,20.70949,-0.036326,0.962204,0.108838,0.246979,-1.680262,92.590508,21.372074,-0.003241,0.967738,0.127299,0.217409,-4.295276,113.179382,25.421535,0.128356,0.983638,-0.027115,0.123471,-5.58659,133.453964,30.554771,0.186589,0.96728,-0.171467,0.01241,-1.375401,147.332794,28.424046,-0.003885,0.915132,0.101315,0.390196,-9.054782,127.977196,28.09667,0.420124,-0.535999,0.135332,-0.719643,-21.216425,129.235489,15.594266,0.265765,0.111548,-0.457513,-0.841194,-11.562679,113.21579,-0.738019,0.333577,0.197665,-0.543551,-0.744451,3.203379,135.213394,-2.211245,-0.007944,0.959975,0.175623,0.218041,-2.313798,127.611801,31.235569,0.352269,0.884799,0.171407,-0.252304,13.50836,126.539253,38.604961,-0.009907,0.213239,0.473452,-0.854561,29.015171,113.208092,24.519958,-0.016189,-0.03195,0.681564,-0.730882,17.742357,133.110153,15.832114,0.058125,0.917084,0.214572,0.330966,-8.371909,84.775543,14.946403,0.10589,0.979996,-0.016829,0.167668,-7.088167,52.115692,-0.711426,-0.041954,0.948947,0.066553,0.305466,-17.228317,5.6447,-0.831514,-0.109276,0.934756,0.030676,0.336674,6.424677,85.144974,26.472574,0.043638,0.896139,-0.197582,0.394958,14.577274,49.83675,27.060827,-0.038037,0.889664,0.053837,0.451833,3.4336,6.167025,42.264908,-0.041954,0.948947,0.066553,0.305466,-8.416656,1.76104,-12.764824,-0.038037,0.889664,0.053837,0.451833,15.39678,1.95451,33.646957
322,2.683333,-0.029473,0.9441,0.055641,0.323591,-0.976149,84.959198,20.707127,-0.036379,0.962229,0.108823,0.246879,-1.681159,92.589706,21.3685,-0.00328,0.967762,0.127314,0.217294,-4.297802,113.178802,25.41712,0.128221,0.983668,-0.027133,0.123369,-5.590217,133.453201,30.550739,0.186561,0.967263,-0.171593,0.012337,-1.38315,147.333054,28.418524,-0.00397,0.915135,0.101336,0.390184,-9.058349,127.976059,28.093386,0.419541,-0.535824,0.135901,-0.720006,-21.220312,129.231873,15.591054,0.265384,0.111207,-0.457712,-0.841252,-11.56492,113.20858,-0.736703,0.333561,0.197622,-0.543653,-0.744395,3.19721,135.211868,-2.218524,-0.008206,0.96001,0.175585,0.217907,-2.316628,127.611412,31.230783,0.352309,0.884849,0.170973,-0.252366,13.50742,126.54879,38.597542,-0.009807,0.213279,0.473353,-0.854607,29.011232,113.210045,24.51642,-0.016114,-0.03194,0.68155,-0.730897,17.734444,133.108353,15.823895,0.058053,0.917111,0.214627,0.330867,-8.375367,84.774971,14.945215,0.105934,0.980025,-0.016795,0.16747,-7.087184,52.116222,-0.714545,-0.042656,0.948893,0.066085,0.305638,-17.230909,5.646014,-0.836389,-0.109283,0.934808,0.030657,0.336528,6.423069,85.143425,26.469036,0.043609,0.896143,-0.197538,0.394974,14.575723,49.835217,27.057457,-0.038549,0.88964,0.053738,0.451849,3.435861,6.163609,42.258911,-0.042656,0.948893,0.066085,0.305638,-8.409398,1.755975,-12.760332,-0.038549,0.88964,0.053738,0.451849,15.403466,1.955442,33.644989
323,2.691667,-0.029445,0.944124,0.055567,0.323534,-0.976295,84.957802,20.70365,-0.036287,0.962251,0.108836,0.246803,-1.680488,92.588463,21.364124,-0.003503,0.967776,0.127278,0.21725,-4.292843,113.174805,25.413879,0.127999,0.983699,-0.027127,0.123353,-5.593714,133.449524,30.544107,0.186502,0.967253,-0.171718,0.012342,-1.392949,147.331177,28.411167,-0.003979,0.915196,0.101339,0.390039,-9.059599,127.970505,28.087807,0.419745,-0.535846,0.135668,-0.719915,-21.225504,129.225555,15.589231,0.265439,0.111142,-0.457761,-0.841216,-11.568126,113.205338,-0.740372,0.333436,0.197592,-0.543767,-0.744376,3.192131,135.208969,-2.22733,-0.008313,0.960019,0.175572,0.217875,-2.317612,127.609253,31.225025,0.352251,0.88487,0.17097,-0.252378,13.506866,126.550522,38.591423,-0.009651,0.213221,0.473229,-0.854692,29.012442,113.21405,24.510084,-0.016022,-0.032009,0.68146,-0.730979,17.728647,133.107574,15.81537,0.058006,0.917153,0.2146,0.330776,-8.376238,84.773544,14.94267,0.105915,0.980038,-0.016801,0.167408,-7.08715,52.113564,-0.714439,-0.041978,0.948933,0.066433,0.305535,-17.229195,5.642983,-0.834785,-0.109262,0.934835,0.030611,0.336465,6.423648,85.142059,26.46463,0.043611,0.896191,-0.197528,0.39487,14.573836,49.833317,27.055136,-0.038545,0.889643,0.053677,0.45185,3.435969,6.161326,42.256958,-0.041978,0.948933,0.066433,0.305535,-8.415858,1.756221,-12.76584,-0.038545,0.889643,0.053677,0.45185,15.403355,1.951511,33.643539
324,2.7,-0.029433,0.944152,0.055548,0.323458,-0.976412,84.957184,20.699581,-0.036339,0.962266,0.108921,0.246698,-1.680285,92.587891,21.3599,-0.003567,0.96781,0.127199,0.217144,-4.294987,113.171791,25.412516,0.127969,0.983712,-0.0271,0.123285,-5.597195,133.447342,30.539162,0.186341,0.967263,-0.171839,0.012255,-1.397593,147.329391,28.406555,-0.003967,0.915224,0.101306,0.389983,-9.062936,127.96743,28.0846,0.419829,-0.535818,0.135598,-0.7199,-21.230396,129.222183,15.587502,0.265437,0.111023,-0.457844,-0.841187,-11.570622,113.202904,-0.741601,0.333364,0.197516,-0.543843,-0.744373,3.186379,135.206909,-2.23509,-0.008442,0.960053,0.175441,0.217825,-2.320271,127.607559,31.220526,0.352328,0.884765,0.171859,-0.25203,13.504898,126.554466,38.586254,-0.009128,0.212926,0.473162,-0.854808,29.016472,113.224602,24.505272,-0.015795,-0.032054,0.681208,-0.731218,17.725264,133.109177,15.810958,0.057968,0.91718,0.214611,0.330702,-8.377297,84.772926,14.939809,0.105906,0.980053,-0.016799,0.167324,-7.08671,52.112949,-0.717202,-0.042197,0.94893,0.066268,0.305547,-17.22794,5.64219,-0.836721,-0.109237,0.934828,0.030577,0.336496,6.424473,85.141441,26.459354,0.043551,0.896113,-0.197535,0.39505,14.572165,49.832153,27.051779,-0.038121,0.889576,0.053792,0.452005,3.436122,6.15992,42.25425,-0.042197,0.94893,0.066268,0.305547,-8.412575,1.752871,-12.76545,-0.038121,0.889576,0.053792,0.452005,15.403139,1.947413,33.641624
325,2.708333,-0.029461,0.944182,0.055539,0.32337,-0.9749,84.958664,20.696232,-0.036434,0.962288,0.108919,0.246601,-1.67908,92.589355,21.35635,-0.003581,0.967829,0.127248,0.217031,-4.297234,113.173317,25.408216,0.128064,0.983706,-0.027109,0.123241,-5.599847,133.448334,30.536831,0.186008,0.967294,-0.172031,0.012188,-1.397764,147.32962,28.404108,-0.004213,0.915217,0.101441,0.389961,-9.065716,127.968369,28.082588,0.419851,-0.535831,0.135527,-0.719891,-21.233696,129.217041,15.585394,0.265386,0.110949,-0.457909,-0.841178,-11.573634,113.199493,-0.74524,0.333304,0.197454,-0.54388,-0.744389,3.181545,135.205505,-2.241773,-0.008511,0.960062,0.175472,0.217759,-2.322325,127.608765,31.216976,0.352204,0.88481,0.171969,-0.251974,13.503806,126.558151,38.580978,-0.009043,0.212839,0.472989,-0.854927,29.02113,113.233864,24.501049,-0.015726,-0.032081,0.681028,-0.731385,17.720139,133.112915,15.807116,0.057927,0.917261,0.214604,0.330487,-8.376822,84.773743,14.937815,0.105899,0.980054,-0.016809,0.167325,-7.087358,52.113224,-0.718145,-0.042463,0.948912,0.066152,0.305593,-17.228054,5.642343,-0.836627,-0.109271,0.934883,0.030504,0.336336,6.427021,85.143578,26.454649,0.043614,0.896181,-0.197579,0.394867,14.575333,49.834507,27.051485,-0.037989,0.889611,0.05375,0.451952,3.435347,6.164458,42.257355,-0.042463,0.948912,0.066152,0.305593,-8.409302,1.752316,-12.762615,-0.037989,0.889611,0.05375,0.451952,15.400049,1.949031,33.642948
326,2.716667,-0.029497,0.944198,0.05563,0.323304,-0.973357,84.959755,20.691175,-0.036363,0.962313,0.10885,0.246544,-1.678458,92.590256,21.35248,-0.003806,0.967824,0.127333,0.217001,-4.293024,113.176918,25.402855,0.128075,0.98371,-0.027048,0.123204,-5.60536,133.450958,30.532848,0.185865,0.967306,-0.172128,0.012065,-1.403286,147.332489,28.401724,-0.004237,0.915244,0.101429,0.389902,-9.068601,127.969505,28.078234,0.420067,-0.535852,0.135374,-0.719778,-21.238176,129.21701,15.582477,0.265444,0.110913,-0.457968,-0.841132,-11.577163,113.199524,-0.74766,0.333228,0.197364,-0.543888,-0.744441,3.175004,135.206024,-2.248255,-0.00853,0.960056,0.175584,0.217692,-2.325039,127.612915,31.212601,0.352157,0.884817,0.172087,-0.251933,13.502105,126.562485,38.574455,-0.008984,0.212721,0.472922,-0.854993,29.022116,113.241257,24.494604,-0.015642,-0.032217,0.680834,-0.731562,17.71563,133.118317,15.803544,0.057952,0.91727,0.214594,0.330464,-8.376028,84.774681,14.933731,0.105902,0.980015,-0.016888,0.16754,-7.088891,52.114044,-0.722192,-0.042589,0.948928,0.06612,0.305531,-17.231066,5.643478,-0.835608,-0.109294,0.93492,0.030393,0.336238,6.429316,85.144821,26.44862,0.043654,0.8962,-0.197599,0.394809,14.576515,49.835625,27.0527,-0.037918,0.88961,0.053698,0.451966,3.433432,6.166661,42.259388,-0.042589,0.948928,0.06612,0.305531,-8.412741,1.753719,-12.761998,-0.037918,0.88961,0.053698,0.451966,15.397585,1.948912,33.645363
327,2.725,-0.029543,0.944219,0.055633,0.32324,-0.972319,84.959969,20.68833,-0.036394,0.96233,0.108843,0.246476,-1.678053,92.590424,21.349489,-0.003848,0.967838,0.12734,0.216934,-4.293647,113.177933,25.399593,0.127989,0.983738,-0.02694,0.123098,-5.607417,133.451874,30.529589,0.185754,0.967316,-0.172201,0.011891,-1.408477,147.334702,28.400692,-0.004375,0.915275,0.101573,0.38979,-9.070405,127.970039,28.075451,0.420131,-0.535875,0.135278,-0.719742,-21.243002,129.214676,15.582344,0.265465,0.110827,-0.458027,-0.841105,-11.581927,113.198685,-0.74922,0.333245,0.197331,-0.543927,-0.744413,3.168237,135.205811,-2.255173,-0.008694,0.960054,0.175664,0.21763,-2.32641,127.614174,31.208975,0.352085,0.884857,0.171998,-0.251953,13.501585,126.569031,38.569767,-0.008983,0.21267,0.472806,-0.85507,29.023615,113.249336,24.490671,-0.015556,-0.032185,0.680661,-0.731726,17.710463,133.123642,15.80068,0.058011,0.917228,0.214583,0.330579,-8.375731,84.774025,14.931861,0.105885,0.980036,-0.016906,0.167428,-7.090818,52.113556,-0.724576,-0.042225,0.948923,0.066347,0.30555,-17.231741,5.642709,-0.834888,-0.109329,0.934991,0.030256,0.336041,6.431095,85.14592,26.444799,0.043707,0.896258,-0.197577,0.394683,14.577484,49.836678,27.057278,-0.037905,0.889641,0.05374,0.451901,3.432821,6.167343,42.261772,-0.042225,0.948923,0.066347,0.30555,-8.415901,1.755868,-12.764074,-0.037905,0.889641,0.05374,0.451901,15.395787,1.950502,33.645638
328,2.733333,-0.029514,0.944238,0.055568,0.323195,-0.973059,84.959183,20.68498,-0.036377,0.962355,0.10886,0.24637,-1.678021,92.589775,21.345377,-0.003952,0.96786,0.127363,0.216819,-4.29255,113.176323,25.396442,0.127894,0.983759,-0.026951,0.123022,-5.610142,133.449997,30.526546,0.185606,0.967332,-0.172275,0.011839,-1.414126,147.333557,28.39665,-0.0045,0.9153,0.101581,0.389728,-9.072315,127.967308,28.073162,0.42018,-0.535933,0.135129,-0.719698,-21.246561,129.20784,15.581255,0.2654,0.110759,-0.458079,-0.841106,-11.586589,113.194946,-0.753997,0.333132,0.197273,-0.543939,-0.744471,3.161757,135.202911,-2.262088,-0.008863,0.960077,0.175628,0.217552,-2.327593,127.613083,31.205305,0.351959,0.884915,0.172021,-0.251911,13.501477,126.574364,38.56469,-0.008905,0.212674,0.472532,-0.855222,29.028965,113.25914,24.487398,-0.01574,-0.032123,0.68048,-0.731893,17.703476,133.124207,15.793943,0.058004,0.91723,0.214596,0.330564,-8.377041,84.773293,14.929241,0.105858,0.980039,-0.016928,0.167423,-7.09156,52.113182,-0.727905,-0.042361,0.948938,0.066285,0.305498,-17.23036,5.641863,-0.835678,-0.109245,0.934971,0.030309,0.336121,6.430923,85.145065,26.44072,0.04363,0.896193,-0.197625,0.394816,14.572901,49.834721,27.048223,-0.037823,0.889607,0.053703,0.451979,3.430779,6.166539,42.257862,-0.042361,0.948938,0.066285,0.305498,-8.414639,1.754569,-12.764796,-0.037823,0.889607,0.053703,0.451979,15.394372,1.947643,33.643612
329,2.741667,-0.029528,0.944257,0.055508,0.323149,-0.971853,84.9571,20.680872,-0.03644,0.962366,0.108897,0.246305,-1.676685,92.587784,21.340374,-0.003975,0.967879,0.127339,0.216746,-4.294034,113.174995,25.392693,0.127805,0.983786,-0.026853,0.122922,-5.611943,133.448929,30.521748,0.185501,0.96734,-0.172353,0.011684,-1.419118,147.33374,28.39382,-0.004593,0.915321,0.101528,0.389691,-9.074184,127.965904,28.069199,0.420205,-0.535949,0.135118,-0.719673,-21.249399,129.202621,15.577859,0.265386,0.110719,-0.458179,-0.841061,-11.590138,113.189255,-0.757366,0.333186,0.197273,-0.543948,-0.744441,3.153954,135.200241,-2.268575,-0.008952,0.960088,0.175624,0.2175,-2.328992,127.612221,31.200392,0.351902,0.88498,0.171518,-0.252106,13.500808,126.576866,38.558674,-0.008904,0.212707,0.472517,-0.855222,29.025421,113.258377,24.481293,-0.015484,-0.032314,0.680463,-0.731906,17.698938,133.124619,15.785667,0.05795,0.917264,0.214602,0.330478,-8.376382,84.770546,14.925859,0.105839,0.980056,-0.016956,0.167332,-7.088638,52.110161,-0.730513,-0.04191,0.948992,0.066465,0.305353,-17.226139,5.638549,-0.834407,-0.109232,0.935026,0.030253,0.335975,6.432676,85.143646,26.435884,0.043643,0.896268,-0.197636,0.394638,14.572581,49.832863,27.045614,-0.03772,0.889639,0.053697,0.451924,3.432002,6.165189,42.257851,-0.04191,0.948992,0.066465,0.305353,-8.417839,1.751935,-12.769233,-0.03772,0.889639,0.053697,0.451924,15.393627,1.944714,33.64164
330,2.75,-0.029497,0.944283,0.055449,0.323086,-0.972704,84.955345,20.67798,-0.036463,0.962398,0.108841,0.2462,-1.676758,92.586159,21.33683,-0.004075,0.9679,0.127376,0.216629,-4.294193,113.175186,25.387218,0.127489,0.983838,-0.026889,0.122825,-5.615875,133.448685,30.516996,0.185538,0.967334,-0.172348,0.011702,-1.432168,147.335846,28.386425,-0.004603,0.915347,0.101457,0.389648,-9.077319,127.96489,28.065056,0.420367,-0.535973,0.135031,-0.719577,-21.253714,129.200165,15.574722,0.265424,0.110695,-0.458229,-0.841025,-11.594556,113.185776,-0.759555,0.333058,0.197313,-0.544035,-0.744423,3.146845,135.197174,-2.273614,-0.009056,0.960116,0.175504,0.217469,-2.331385,127.612747,31.19482,0.351903,0.885018,0.171388,-0.25206,13.498823,126.581993,38.552876,-0.008826,0.212855,0.472447,-0.855225,29.024536,113.260735,24.479317,-0.015467,-0.032244,0.680105,-0.732242,17.698622,133.122086,15.776165,0.057934,0.917243,0.214642,0.330511,-8.378027,84.768898,14.923986,0.10585,0.980055,-0.016968,0.167332,-7.087692,52.109623,-0.734492,-0.042443,0.948966,0.066125,0.305435,-17.226404,5.638275,-0.837434,-0.109208,0.935069,0.030233,0.335864,6.432619,85.141792,26.431974,0.043593,0.896266,-0.197649,0.394642,14.570511,49.83054,27.041473,-0.038194,0.889671,0.053564,0.451838,3.433612,6.162951,42.256649,-0.042443,0.948966,0.066125,0.305435,-8.411789,1.747192,-12.766142,-0.038194,0.889671,0.053564,0.451838,15.397281,1.94541,33.641834
331,2.758333,-0.029465,0.944311,0.055328,0.323028,-0.971995,84.956215,20.675606,-0.036508,0.962402,0.108916,0.246146,-1.674952,92.587265,21.332907,-0.004145,0.967913,0.12735,0.216584,-4.294608,113.174164,25.385698,0.12742,0.983858,-0.026826,0.12275,-5.618645,133.447922,30.513832,0.185402,0.967358,-0.172369,0.011565,-1.437337,147.335983,28.384432,-0.00462,0.915394,0.10143,0.389545,-9.079533,127.963448,28.062624,0.420488,-0.536013,0.134894,-0.719503,-21.258739,129.197418,15.574896,0.265461,0.110708,-0.458277,-0.840986,-11.599845,113.184341,-0.760832,0.332993,0.197415,-0.544151,-0.74434,3.138652,135.196716,-2.276105,-0.009225,0.960135,0.17546,0.217417,-2.333314,127.612495,31.191912,0.351909,0.885042,0.171259,-0.252054,13.497582,126.588081,38.549377,-0.008625,0.212897,0.472381,-0.855253,29.023218,113.264488,24.477955,-0.015311,-0.032246,0.680041,-0.732305,17.695517,133.120911,15.768448,0.05789,0.917259,0.214669,0.330457,-8.378064,84.769524,14.922576,0.105855,0.980028,-0.017015,0.167485,-7.085067,52.110725,-0.736691,-0.042242,0.94899,0.066195,0.30537,-17.224941,5.639619,-0.836962,-0.1091,0.935025,0.030294,0.336018,6.434075,85.142914,26.428635,0.043429,0.896153,-0.197714,0.394883,14.566085,49.830212,27.032679,-0.038222,0.889695,0.053484,0.451798,3.436603,6.163731,42.256474,-0.042242,0.94899,0.066195,0.30537,-8.41365,1.748556,-12.768133,-0.038222,0.889695,0.053484,0.451798,15.399471,1.944451,33.641399
332,2.766667,-0.029519,0.944321,0.055359,0.322988,-0.970452,84.956917,20.671537,-0.036605,0.962414,0.108972,0.24606,-1.674315,92.58786,21.329044,-0.004146,0.967943,0.127307,0.216477,-4.29806,113.173676,25.383265,0.127292,0.983889,-0.026793,0.122642,-5.621181,133.447891,30.509857,0.185316,0.967382,-0.172332,0.011476,-1.443977,147.337173,28.380417,-0.004767,0.915284,0.10165,0.389744,-9.082548,127.96315,28.059902,0.420457,-0.536037,0.135029,-0.719477,-21.256277,129.196136,15.566747,0.265286,0.110722,-0.458426,-0.840958,-11.600488,113.178719,-0.766563,0.332917,0.197296,-0.544169,-0.744393,3.131769,135.197937,-2.279305,-0.009271,0.960167,0.175357,0.217358,-2.335642,127.612541,31.187742,0.35184,0.885105,0.171,-0.252105,13.496121,126.590813,38.543709,-0.008639,0.212991,0.472311,-0.855268,29.022902,113.266335,24.474386,-0.015182,-0.032135,0.679962,-0.732386,17.69364,133.120926,15.760859,0.057913,0.917243,0.21466,0.330503,-8.376939,84.769402,14.919075,0.105831,0.980011,-0.017076,0.167592,-7.084903,52.110516,-0.740089,-0.042006,0.948998,0.066317,0.305353,-17.223513,5.639133,-0.835341,-0.109144,0.93511,0.030174,0.335777,6.436036,85.144424,26.424,0.043532,0.896222,-0.197693,0.394725,14.568231,49.831886,27.035177,-0.038108,0.889676,0.05349,0.451845,3.433455,6.165481,42.255287,-0.042006,0.948998,0.066317,0.305353,-8.414611,1.749253,-12.768659,-0.038108,0.889676,0.05349,0.451845,15.396225,1.944821,33.640755
333,2.775,-0.029545,0.944311,0.055367,0.323015,-0.970076,84.956764,20.666418,-0.036506,0.962446,0.108917,0.245971,-1.674363,92.587677,21.323887,-0.004267,0.967948,0.127462,0.216362,-4.293553,113.177505,25.377825,0.127178,0.983923,-0.026718,0.122504,-5.622368,133.450012,30.509619,0.185174,0.967407,-0.172357,0.011312,-1.449111,147.340668,28.381237,-0.004716,0.915474,0.101466,0.389346,-9.082402,127.964737,28.059002,0.420648,-0.536064,0.134751,-0.719398,-21.266985,129.195389,15.576211,0.265391,0.110616,-0.458436,-0.840933,-11.608926,113.182831,-0.760499,0.332777,0.197421,-0.544235,-0.744374,3.12243,135.198578,-2.280652,-0.009309,0.96018,0.175353,0.217301,-2.334771,127.615608,31.185436,0.351825,0.88511,0.171077,-0.252054,13.497832,126.595558,38.539814,-0.008475,0.213001,0.47221,-0.855322,29.026398,113.272163,24.471437,-0.015132,-0.031996,0.679913,-0.732438,17.693108,133.121368,15.753367,0.057901,0.917284,0.214547,0.330465,-8.376204,84.768883,14.913508,0.105578,0.980155,-0.017029,0.166912,-7.086803,52.10638,-0.738324,-0.042406,0.949142,0.066429,0.304826,-17.201441,5.629757,-0.826951,-0.109115,0.935079,0.030174,0.335873,6.436051,85.144646,26.419327,0.043446,0.896166,-0.197754,0.394833,14.566246,49.83165,27.030653,-0.037717,0.889663,0.053559,0.451895,3.434785,6.166798,42.257656,-0.042406,0.949142,0.066429,0.304826,-8.401571,1.746547,-12.769095,-0.037717,0.889663,0.053559,0.451895,15.39531,1.942648,33.641727
334,2.783333,-0.02955,0.944314,0.055366,0.323007,-0.9693,84.956131,20.662405,-0.036539,0.96246,0.10893,0.245905,-1.673658,92.587036,21.319838,-0.00434,0.967961,0.127506,0.216277,-4.29423,113.17791,25.374392,0.127102,0.98395,-0.026627,0.122391,-5.625988,133.449921,30.507389,0.18506,0.96743,-0.172361,0.01115,-1.455596,147.341705,28.380796,-0.005105,0.915371,0.101665,0.38953,-9.085388,127.964142,28.057026,0.420576,-0.536113,0.134757,-0.719401,-21.264822,129.18573,15.568307,0.265194,0.110771,-0.458602,-0.840884,-11.60946,113.173798,-0.770611,0.332765,0.197466,-0.544298,-0.744321,3.112971,135.198242,-2.281787,-0.009375,0.960197,0.175354,0.217221,-2.337216,127.616081,31.182423,0.351686,0.885246,0.170402,-0.25223,13.496573,126.59874,38.534649,-0.00859,0.213206,0.472094,-0.855334,29.025602,113.272141,24.469812,-0.014963,-0.03187,0.679894,-0.732465,17.690605,133.119171,15.745169,0.057859,0.917264,0.214597,0.330497,-8.375524,84.768135,14.909619,0.105652,0.980271,-0.016992,0.166188,-7.081583,52.106812,-0.74431,-0.042023,0.949149,0.06657,0.304826,-17.202536,5.631554,-0.830096,-0.109117,0.935093,0.030164,0.335835,6.436924,85.144119,26.41519,0.043425,0.89614,-0.197864,0.394839,14.567044,49.831112,27.026871,-0.037625,0.889732,0.053523,0.451771,3.433169,6.170222,42.263489,-0.042023,0.949149,0.06657,0.304826,-8.405951,1.748668,-12.774775,-0.037625,0.889732,0.053523,0.451771,15.390408,1.943852,33.644073
335,2.791667,-0.029531,0.944326,0.055343,0.322977,-0.967897,84.954285,20.657938,-0.036642,0.962458,0.108997,0.245868,-1.671848,92.585251,21.315168,-0.004351,0.967974,0.127482,0.216229,-4.297252,113.176224,25.371637,0.127032,0.983963,-0.026569,0.122372,-5.628975,133.448486,30.503658,0.184856,0.967461,-0.172404,0.01113,-1.460787,147.341125,28.378353,-0.005244,0.915425,0.101663,0.389402,-9.088486,127.962494,28.053921,0.420712,-0.536106,0.134585,-0.71936,-21.271351,129.179169,15.568069,0.26518,0.110751,-0.458677,-0.84085,-11.613301,113.170204,-0.77218,0.33261,0.197485,-0.544331,-0.744362,3.105559,135.196579,-2.285136,-0.009389,0.960236,0.175256,0.217126,-2.340009,127.614761,31.178698,0.351703,0.88522,0.170691,-0.252101,13.495205,126.599228,38.528103,-0.0083,0.213148,0.472015,-0.855395,29.026878,113.274872,24.464062,-0.014921,-0.031825,0.680014,-0.732356,17.687702,133.115723,15.734974,0.05779,0.917258,0.214672,0.330476,-8.374504,84.766457,14.905639,0.105919,0.980127,-0.017089,0.166852,-7.074425,52.106903,-0.751464,-0.041926,0.949009,0.066453,0.3053,-17.221462,5.637339,-0.839309,-0.109093,0.935084,0.030096,0.335873,6.438711,85.142113,26.410236,0.043439,0.89616,-0.19779,0.394828,14.565584,49.828434,27.026283,-0.038105,0.889691,0.0535,0.451814,3.433406,6.164894,42.256523,-0.041926,0.949009,0.066453,0.3053,-8.414346,1.750502,-12.774941,-0.038105,0.889691,0.0535,0.451814,15.395601,1.944453,33.641087
336,2.8,-0.029491,0.944337,0.055269,0.32296,-0.967549,84.952675,20.654926,-0.036691,0.962475,0.109028,0.245781,-1.67054,92.583801,21.311295,-0.004405,0.967999,0.12748,0.216119,-4.297825,113.173714,25.368589,0.12693,0.983987,-0.026509,0.12229,-5.631131,133.445984,30.500212,0.18469,0.967488,-0.172437,0.011059,-1.466304,147.339767,28.375849,-0.005189,0.915466,0.101611,0.38932,-9.090438,127.959442,28.051392,0.421279,-0.536209,0.134112,-0.719039,-21.275558,129.176849,15.567809,0.265459,0.110889,-0.4587,-0.840731,-11.616691,113.169647,-0.773694,0.332553,0.197498,-0.544381,-0.744347,3.097601,135.194977,-2.288152,-0.009502,0.960255,0.175318,0.216988,-2.341256,127.612701,31.174755,0.351667,0.885309,0.169982,-0.252317,13.49598,126.601326,38.52037,-0.008335,0.213189,0.471962,-0.855414,29.023499,113.269897,24.458429,-0.014704,-0.031889,0.680233,-0.732154,17.681435,133.111526,15.72729,0.057786,0.917236,0.214682,0.33053,-8.374403,84.765083,14.902939,0.105917,0.980119,-0.017108,0.166899,-7.07289,52.105816,-0.754644,-0.04236,0.948998,0.066158,0.305337,-17.220041,5.636269,-0.841173,-0.10903,0.935044,0.030147,0.336,6.439306,85.140266,26.406918,0.043348,0.896026,-0.197807,0.395134,14.563143,49.825829,27.019081,-0.037931,0.889637,0.053569,0.451927,3.432888,6.162172,42.250401,-0.04236,0.948998,0.066158,0.305337,-8.408518,1.745293,-12.772202,-0.037931,0.889637,0.053569,0.451927,15.395941,1.941193,33.636414
337,2.808333,-0.029445,0.944343,0.055164,0.322964,-0.967316,84.951385,20.653395,-0.036772,0.962475,0.109076,0.24575,-1.669122,92.582733,21.308468,-0.004424,0.968008,0.127499,0.216068,-4.30013,113.172577,25.367048,0.126681,0.984029,-0.026479,0.122216,-5.634105,133.444641,30.49929,0.184654,0.967486,-0.172488,0.011014,-1.476606,147.340561,28.374519,-0.005283,0.915494,0.101633,0.389247,-9.093334,127.957962,28.050676,0.421433,-0.536236,0.133909,-0.718967,-21.280403,129.172409,15.568712,0.265486,0.110856,-0.458749,-0.840701,-11.620229,113.168297,-0.775032,0.33249,0.197413,-0.544499,-0.744311,3.091476,135.193893,-2.2924,-0.009537,0.960277,0.175326,0.216883,-2.343826,127.611542,31.173368,0.351649,0.885304,0.170052,-0.252314,13.494977,126.601959,38.51585,-0.008209,0.213192,0.471888,-0.855455,29.023176,113.272301,24.453007,-0.014709,-0.031782,0.68033,-0.732069,17.678331,133.109497,15.718772,0.057731,0.917246,0.214688,0.330508,-8.374181,84.763977,14.901413,0.105934,0.980151,-0.017095,0.166701,-7.069307,52.104431,-0.755316,-0.041965,0.949026,0.066356,0.305262,-17.217836,5.63519,-0.841277,-0.109022,0.935067,0.03014,0.335938,6.439549,85.138802,26.405376,0.043314,0.896068,-0.197844,0.395024,14.56268,49.824192,27.017284,-0.038038,0.889712,0.053435,0.451786,3.435855,6.161636,42.254265,-0.041965,0.949026,0.066356,0.305262,-8.411462,1.745956,-12.776671,-0.038038,0.889712,0.053435,0.451786,15.396701,1.938563,33.638237
338,2.816667,-0.029436,0.944345,0.055191,0.322955,-0.965805,84.952057,20.649485,-0.036806,0.962495,0.109079,0.245662,-1.667602,92.583366,21.304993,-0.004485,0.96803,0.127527,0.215952,-4.299609,113.172676,25.363499,0.126607,0.984054,-0.026409,0.122111,-5.635696,133.444412,30.496479,0.184523,0.967516,-0.172468,0.010908,-1.480902,147.341339,28.37295,-0.005311,0.915538,0.101718,0.389122,-9.094584,127.957237,28.048498,0.421592,-0.536261,0.133788,-0.718878,-21.285048,129.171478,15.569833,0.265539,0.110785,-0.458811,-0.84066,-11.624622,113.167526,-0.773917,0.332433,0.197395,-0.544526,-0.744322,3.084959,135.194229,-2.296858,-0.009556,0.960274,0.175388,0.216843,-2.344342,127.611816,31.16971,0.351523,0.885337,0.170124,-0.252326,13.495055,126.602615,38.510956,-0.008127,0.21316,0.471755,-0.855537,29.027367,113.278923,24.446995,-0.014667,-0.031847,0.680233,-0.732157,17.67663,133.110016,15.712002,0.057703,0.917263,0.214651,0.330489,-8.372785,84.764954,14.897643,0.105949,0.980181,-0.017073,0.166517,-7.067292,52.104031,-0.756156,-0.042246,0.949016,0.066181,0.305293,-17.216814,5.635005,-0.842499,-0.10907,0.935056,0.030268,0.335944,6.441174,85.139153,26.401323,0.043237,0.895828,-0.19795,0.395524,14.570612,49.825867,27.005789,-0.037983,0.889664,0.053275,0.451904,3.437944,6.166667,42.248108,-0.042246,0.949016,0.066181,0.305293,-8.407407,1.743558,-12.774933,-0.037983,0.889664,0.053275,0.451904,15.399957,1.938695,33.636116
339,2.825,-0.029553,0.944331,0.055287,0.32297,-0.958924,84.951096,20.644537,-0.036914,0.962481,0.109148,0.245671,-1.662914,92.582138,21.300837,-0.004498,0.968021,0.127602,0.215948,-4.300304,113.172554,25.361336,0.126532,0.984069,-0.026344,0.122079,-5.637597,133.443481,30.497192,0.184351,0.967537,-0.172539,0.010827,-1.485229,147.341339,28.37508,-0.005264,0.915606,0.101669,0.388975,-9.096158,127.956451,28.048437,0.421583,-0.53629,0.133739,-0.718871,-21.29063,129.171021,15.573729,0.265533,0.11066,-0.458828,-0.840668,-11.631093,113.16848,-0.771913,0.332443,0.19732,-0.544604,-0.744281,3.079134,135.194412,-2.300504,-0.009539,0.960297,0.175453,0.216689,-2.345894,127.610992,31.169594,0.351422,0.885376,0.169801,-0.252546,13.49584,126.601707,38.505772,-0.008335,0.213148,0.471744,-0.855544,29.02615,113.279579,24.438126,-0.014577,-0.031857,0.680226,-0.732164,17.674234,133.113235,15.708092,0.057819,0.917276,0.214573,0.330486,-8.365586,84.76252,14.89234,0.105704,0.980312,-0.017132,0.165899,-7.069784,52.100121,-0.759181,-0.041816,0.949198,0.06672,0.304669,-17.19771,5.626359,-0.829685,-0.108959,0.935061,0.03007,0.335984,6.447739,85.139671,26.396734,0.043316,0.896042,-0.19799,0.395009,14.564911,49.823757,27.012232,-0.03758,0.88973,0.053446,0.451788,3.432773,6.166729,42.26115,-0.041816,0.949198,0.06672,0.304669,-8.406627,1.745654,-12.779114,-0.03758,0.88973,0.053446,0.451788,15.389657,1.93775,33.642532
340,2.833333,-0.029633,0.944337,0.055367,0.322932,-0.954521,84.952202,20.639345,-0.03695,0.962486,0.109211,0.245618,-1.660042,92.583031,21.296434,-0.004539,0.968028,0.12764,0.215891,-4.299316,113.1726,25.359207,0.126505,0.984086,-0.026242,0.121996,-5.638293,133.4431,30.496294,0.184212,0.967566,-0.172532,0.010685,-1.487311,147.341751,28.376589,-0.005275,0.915653,0.101759,0.388841,-9.096509,127.955833,28.047604,0.421627,-0.536345,0.133676,-0.718815,-21.294624,129.170746,15.576485,0.265496,0.110503,-0.458867,-0.84068,-11.637216,113.168488,-0.770693,0.332342,0.197205,-0.544652,-0.74432,3.073077,135.194153,-2.30584,-0.00958,0.960313,0.175444,0.216624,-2.345881,127.610947,31.168037,0.351366,0.885355,0.169965,-0.252588,13.496817,126.603508,38.502399,-0.008251,0.213016,0.471686,-0.85561,29.028051,113.286629,24.430805,-0.01451,-0.031995,0.680093,-0.732284,17.671757,133.116653,15.704414,0.057908,0.917261,0.214546,0.33053,-8.361562,84.762642,14.887664,0.105653,0.980305,-0.017211,0.165961,-7.071559,52.100159,-0.764152,-0.041885,0.949211,0.066788,0.304606,-17.196011,5.625624,-0.827143,-0.108977,0.935084,0.02996,0.335923,6.452518,85.141754,26.391026,0.043394,0.896113,-0.19793,0.39487,14.568289,49.825645,27.013874,-0.037926,0.889708,0.053367,0.451812,3.434108,6.166997,42.25666,-0.041885,0.949211,0.066788,0.304606,-8.405715,1.747433,-12.777974,-0.037926,0.889708,0.053367,0.451812,15.394196,1.940622,33.641212
341,2.841667,-0.029612,0.944343,0.055366,0.322916,-0.952796,84.952324,20.63501,-0.037045,0.962493,0.109263,0.245552,-1.657986,92.583176,21.292213,-0.004537,0.968044,0.127683,0.215793,-4.301367,113.171997,25.356251,0.126417,0.984108,-0.026205,0.121914,-5.64014,133.442047,30.495203,0.184077,0.967589,-0.172555,0.010623,-1.492031,147.341599,28.375854,-0.005304,0.91568,0.101773,0.388773,-9.098619,127.954819,28.046757,0.421688,-0.536376,0.133611,-0.718768,-21.298584,129.168777,15.577353,0.265489,0.110398,-0.458936,-0.840658,-11.641953,113.166878,-0.770663,0.332344,0.197085,-0.544744,-0.744284,3.066125,135.19339,-2.311438,-0.009611,0.960326,0.175495,0.216524,-2.347365,127.609947,31.165842,0.351404,0.885359,0.169472,-0.252852,13.49683,126.603783,38.49715,-0.008433,0.212967,0.47177,-0.855574,29.020119,113.281212,24.422163,-0.014421,-0.032188,0.680103,-0.732268,17.66552,133.117874,15.701567,0.057956,0.917226,0.214495,0.33065,-8.36005,84.76313,14.88359,0.10562,0.980314,-0.017221,0.165932,-7.072456,52.099464,-0.765957,-0.041846,0.949218,0.066824,0.304578,-17.194017,5.624309,-0.827149,-0.108955,0.935047,0.029918,0.336036,6.454459,85.141518,26.386429,0.043373,0.896033,-0.197936,0.39505,14.567733,49.82489,27.012556,-0.03766,0.889652,0.05341,0.451939,3.432091,6.166291,42.254417,-0.041846,0.949218,0.066824,0.304578,-8.404697,1.746754,-12.778904,-0.03766,0.889652,0.05341,0.451939,15.392426,1.937475,33.640507
342,2.85,-0.029593,0.944351,0.055321,0.322902,-0.952194,84.950882,20.63151,-0.037086,0.962497,0.109299,0.245515,-1.65688,92.581825,21.28816,-0.004554,0.968049,0.127726,0.215744,-4.302237,113.171089,25.353495,0.126331,0.984138,-0.026044,0.121794,-5.641813,133.440659,30.494091,0.184008,0.967597,-0.172592,0.01041,-1.497067,147.341782,28.378433,-0.005219,0.91585,0.101544,0.388434,-9.100173,127.953407,28.045555,0.421798,-0.536361,0.133404,-0.718754,-21.309399,129.165741,15.585057,0.26556,0.110156,-0.458932,-0.84067,-11.64919,113.168732,-0.765608,0.332256,0.196973,-0.544765,-0.744338,3.061147,135.191208,-2.318708,-0.009638,0.960358,0.175503,0.216375,-2.348604,127.608727,31.163982,0.351328,0.885375,0.169492,-0.252887,13.497821,126.604332,38.490711,-0.008381,0.212821,0.471654,-0.855675,29.022852,113.285355,24.414255,-0.014375,-0.032348,0.679998,-0.732359,17.659903,133.118698,15.69753,0.057825,0.91728,0.214511,0.330512,-8.359642,84.761726,14.880339,0.105716,0.98031,-0.017236,0.165892,-7.065294,52.097466,-0.767407,-0.0418,0.949198,0.066817,0.304648,-17.195948,5.624282,-0.828371,-0.10887,0.934997,0.029917,0.336203,6.455252,85.140038,26.382681,0.04329,0.896027,-0.197937,0.395074,14.562699,49.822063,27.008242,-0.037804,0.88966,0.053501,0.4519,3.433685,6.162805,42.253071,-0.0418,0.949198,0.066817,0.304648,-8.405332,1.746125,-12.778978,-0.037804,0.88966,0.053501,0.4519,15.394884,1.93834,33.638226
343,2.858333,-0.029549,0.944352,0.055327,0.322901,-0.950266,84.950348,20.627508,-0.037137,0.962505,0.109355,0.245452,-1.654348,92.581322,21.284462,-0.004583,0.968068,0.127729,0.215657,-4.302152,113.170181,25.351725,0.126265,0.984151,-0.026048,0.121762,-5.642469,133.439713,30.492283,0.183871,0.967622,-0.172599,0.010431,-1.499682,147.341339,28.376112,-0.005197,0.915934,0.101472,0.388254,-9.100807,127.952148,28.044405,0.421791,-0.53637,0.133369,-0.718758,-21.314922,129.163544,15.588617,0.265558,0.110004,-0.458966,-0.840671,-11.654766,113.167747,-0.76327,0.332283,0.196862,-0.544867,-0.74428,3.05579,135.189758,-2.323591,-0.009692,0.960371,0.175462,0.216348,-2.348685,127.608063,31.16169,0.351357,0.885361,0.169277,-0.253042,13.498117,126.605965,38.487904,-0.008364,0.212722,0.471643,-0.855706,29.018255,113.284576,24.408339,-0.014353,-0.032547,0.680014,-0.732336,17.652327,133.118622,15.694737,0.057856,0.917233,0.214486,0.330654,-8.357772,84.761993,14.87639,0.105736,0.980312,-0.017246,0.165864,-7.063674,52.097202,-0.770265,-0.042126,0.949184,0.06655,0.304707,-17.19631,5.624452,-0.830312,-0.108897,0.934987,0.030068,0.33621,6.45724,85.138695,26.378628,0.043065,0.895635,-0.198068,0.39592,14.570126,49.821808,26.994678,-0.037816,0.889681,0.053337,0.451877,3.440987,6.165657,42.248291,-0.042126,0.949184,0.06655,0.304707,-8.40173,1.741924,-12.776577,-0.037816,0.889681,0.053337,0.451877,15.401239,1.937043,33.634167
344,2.866667,-0.029574,0.944367,0.055292,0.32286,-0.948258,84.951172,20.624601,-0.037219,0.962517,0.109392,0.245375,-1.652492,92.582176,21.280952,-0.004572,0.968084,0.127783,0.215555,-4.303506,113.169289,25.348869,0.126218,0.984172,-0.02593,0.121664,-5.643345,133.438248,30.491835,0.183723,0.96764,-0.172662,0.010307,-1.502625,147.340912,28.378395,-0.005203,0.915985,0.101445,0.388142,-9.102032,127.950836,28.044096,0.421894,-0.536442,0.133202,-0.718674,-21.319183,129.16127,15.591189,0.265569,0.109949,-0.458988,-0.840663,-11.660632,113.16774,-0.76385,0.332244,0.196777,-0.544913,-0.744287,3.049126,135.189301,-2.327218,-0.009725,0.960383,0.175485,0.216275,-2.349254,127.606606,31.15995,0.351302,0.885356,0.169398,-0.253054,13.498635,126.605896,38.484009,-0.008381,0.212683,0.471572,-0.855754,29.020414,113.288628,24.40234,-0.014449,-0.032711,0.679592,-0.732718,17.651058,133.119827,15.690777,0.057838,0.917259,0.214498,0.330577,-8.356231,84.762123,14.874105,0.105742,0.980321,-0.017266,0.165804,-7.061996,52.097557,-0.773028,-0.041933,0.949201,0.066626,0.304664,-17.195541,5.625004,-0.830718,-0.108865,0.935018,0.030008,0.336139,6.459715,85.140213,26.375099,0.043042,0.895585,-0.198023,0.396059,14.569068,49.822552,26.993832,-0.037877,0.889636,0.05329,0.451967,3.441233,6.164491,42.242939,-0.041933,0.949201,0.066626,0.304664,-8.403666,1.742736,-12.779058,-0.037877,0.889636,0.05329,0.451967,15.403567,1.935494,33.631889
345,2.875,-0.029537,0.944374,0.055328,0.322838,-0.947777,84.952431,20.621172,-0.037014,0.962534,0.109427,0.245323,-1.651644,92.58342,21.278257,-0.004862,0.968083,0.127783,0.215552,-4.293802,113.165726,25.348858,0.126169,0.984181,-0.025856,0.121656,-5.645353,133.434586,30.489176,0.183613,0.967675,-0.172588,0.01024,-1.506239,147.337997,28.377613,-0.005129,0.916034,0.101569,0.387994,-9.100796,127.944923,28.041897,0.421932,-0.536473,0.133116,-0.718645,-21.321968,129.158859,15.593287,0.265499,0.109902,-0.459074,-0.840644,-11.663944,113.166931,-0.763629,0.33218,0.196695,-0.545011,-0.744265,3.041928,135.190445,-2.328659,-0.009814,0.960386,0.175569,0.216188,-2.348038,127.604881,31.158251,0.351206,0.885382,0.169237,-0.253203,13.501094,126.607025,38.479996,-0.008396,0.21245,0.471478,-0.855864,29.022455,113.292763,24.395042,-0.014249,-0.032927,0.679598,-0.732707,17.642889,133.124451,15.691626,0.057822,0.917234,0.214466,0.330671,-8.356062,84.764236,14.871054,0.105743,0.980334,-0.01727,0.165726,-7.059976,52.098537,-0.773546,-0.041889,0.949219,0.066645,0.30461,-17.193682,5.626017,-0.830033,-0.108896,0.935025,0.029966,0.336114,6.460507,85.140625,26.371292,0.043089,0.895632,-0.198044,0.395936,14.57093,49.823277,26.993412,-0.037963,0.889624,0.053229,0.451991,3.440338,6.166429,42.243977,-0.041889,0.949219,0.066645,0.30461,-8.403512,1.743858,-12.77966,-0.037963,0.889624,0.053229,0.451991,15.403642,1.936996,33.634499
346,2.883333,-0.029567,0.944392,0.05541,0.322767,-0.945186,84.955147,20.61775,-0.03721,0.962545,0.109408,0.24526,-1.649842,92.58596,21.275915,-0.004664,0.968093,0.127921,0.215433,-4.300004,113.171562,25.344595,0.125981,0.98423,-0.025818,0.121462,-5.644166,133.439011,30.492392,0.183632,0.967674,-0.172585,0.010073,-1.511183,147.344177,28.380329,-0.005264,0.916033,0.101541,0.388003,-9.101913,127.951218,28.044182,0.422033,-0.536571,0.133011,-0.718532,-21.322819,129.160492,15.594845,0.265487,0.109927,-0.45912,-0.84062,-11.668608,113.168297,-0.764079,0.332132,0.19669,-0.545082,-0.744236,3.034793,135.193588,-2.328473,-0.009848,0.9604,0.175742,0.215987,-2.348361,127.608109,31.15848,0.35122,0.885369,0.169213,-0.253246,13.50379,126.611351,38.473858,-0.008441,0.212294,0.471451,-0.855917,29.023563,113.296738,24.387482,-0.01423,-0.03306,0.679413,-0.732873,17.639029,133.129776,15.690687,0.057862,0.917227,0.214439,0.330699,-8.354292,84.766823,14.868689,0.105689,0.98034,-0.017301,0.165725,-7.061036,52.100636,-0.775127,-0.041906,0.949233,0.066701,0.304552,-17.190193,5.627117,-0.827869,-0.108914,0.935034,0.029905,0.336086,6.46392,85.143463,26.366812,0.043124,0.895609,-0.198053,0.39598,14.574107,49.82613,26.993233,-0.037501,0.889567,0.053368,0.452124,3.439477,6.169873,42.242561,-0.041906,0.949233,0.066701,0.304552,-8.401186,1.746665,-12.778913,-0.037501,0.889567,0.053368,0.452124,15.401764,1.937841,33.632938
347,2.891667,-0.029651,0.9444,0.055449,0.32273,-0.940462,84.955673,20.615643,-0.03704,0.962551,0.1095,0.245223,-1.646505,92.586342,21.273991,-0.005,0.968087,0.127897,0.215463,-4.289718,113.165428,25.347021,0.12598,0.984233,-0.025761,0.121451,-5.647444,133.432999,30.490774,0.183463,0.967738,-0.172411,0.009951,-1.514703,147.33847,28.380289,-0.005153,0.916063,0.101668,0.3879,-9.101362,127.942551,28.043097,0.422014,-0.53662,0.132897,-0.718527,-21.3251,129.156738,15.597021,0.265399,0.109945,-0.459182,-0.840612,-11.671996,113.168129,-0.766051,0.33212,0.19665,-0.54515,-0.744202,3.028589,135.196335,-2.328475,-0.009906,0.9604,0.175673,0.216038,-2.348053,127.604309,31.158453,0.351037,0.885401,0.169107,-0.253459,13.503286,126.609695,38.475876,-0.008509,0.212249,0.47138,-0.855967,29.024094,113.303055,24.383108,-0.014023,-0.033064,0.679321,-0.732962,17.635738,133.134232,15.689525,0.057894,0.917234,0.214469,0.330657,-8.349927,84.766068,14.867088,0.105706,0.980333,-0.017362,0.165746,-7.05872,52.101059,-0.779359,-0.041883,0.949231,0.066717,0.304558,-17.190449,5.6281,-0.826906,-0.108904,0.9351,0.029825,0.335913,6.469004,85.145279,26.364199,0.043189,0.895686,-0.19809,0.395779,14.576674,49.827442,26.994303,-0.038103,0.889632,0.053119,0.451974,3.438594,6.173152,42.246704,-0.041883,0.949231,0.066717,0.304558,-8.401474,1.747879,-12.778044,-0.038103,0.889632,0.053119,0.451974,15.40242,1.942716,33.638443
348,2.9,-0.029617,0.944412,0.055476,0.322695,-0.939172,84.955345,20.61134,-0.037315,0.962568,0.109496,0.245117,-1.644833,92.586006,21.270275,-0.004674,0.968116,0.128055,0.215249,-4.299881,113.173065,25.342285,0.125988,0.984254,-0.025759,0.121277,-5.644651,133.439072,30.495571,0.183328,0.967743,-0.172534,0.009861,-1.512389,147.344574,28.384331,-0.005338,0.916081,0.101552,0.387885,-9.102619,127.951469,28.047272,0.42211,-0.536702,0.132765,-0.718434,-21.326689,129.158081,15.60078,0.265399,0.10994,-0.45919,-0.840608,-11.676237,113.170532,-0.764899,0.332011,0.196691,-0.545211,-0.744196,3.023076,135.197617,-2.327559,-0.009948,0.960418,0.175825,0.215833,-2.347886,127.608421,31.159019,0.351071,0.885388,0.169155,-0.253426,13.506523,126.615349,38.470005,-0.008346,0.212156,0.471223,-0.856078,29.026979,113.307747,24.37775,-0.014207,-0.033151,0.67927,-0.733002,17.628822,133.134277,15.682624,0.057971,0.917215,0.214455,0.330704,-8.349101,84.766457,14.863356,0.105654,0.9803,-0.017429,0.165967,-7.062565,52.101673,-0.78394,-0.04221,0.949223,0.066522,0.30458,-17.190508,5.62788,-0.826701,-0.108881,0.935096,0.029717,0.335943,6.470756,85.144234,26.359324,0.043144,0.895674,-0.198048,0.395833,14.574313,49.825569,26.996428,-0.037677,0.889606,0.053336,0.452036,3.440706,6.169298,42.246456,-0.04221,0.949223,0.066522,0.30458,-8.39834,1.745271,-12.774721,-0.037677,0.889606,0.053336,0.452036,15.402764,1.938814,33.635754
349,2.908333,-0.02963,0.944426,0.055452,0.322655,-0.937297,84.955215,20.608818,-0.03738,0.962575,0.109547,0.245053,-1.642989,92.585907,21.267363,-0.0047,0.968131,0.128063,0.215174,-4.300915,113.172195,25.340874,0.125706,0.984298,-0.025793,0.121204,-5.646436,133.43811,30.494356,0.183429,0.967739,-0.172445,0.009904,-1.522248,147.345657,28.380796,-0.005332,0.916103,0.101602,0.38782,-9.104352,127.950241,28.046556,0.422223,-0.5367,0.132668,-0.718387,-21.330181,129.157501,15.601862,0.265443,0.109985,-0.459234,-0.840564,-11.678313,113.170746,-0.763752,0.331997,0.196737,-0.54528,-0.744138,3.018198,135.199432,-2.326377,-0.009999,0.960439,0.175805,0.215754,-2.349144,127.607689,31.157324,0.35099,0.885419,0.169086,-0.253474,13.506417,126.616982,38.466118,-0.008263,0.212124,0.471147,-0.856128,29.028511,113.311935,24.373257,-0.014031,-0.033167,0.679257,-0.733016,17.626566,133.134918,15.67727,0.057883,0.917264,0.214443,0.330593,-8.347696,84.765907,14.861457,0.105729,0.980374,-0.017358,0.16549,-7.057545,52.099998,-0.783205,-0.042146,0.949218,0.066562,0.304596,-17.191347,5.627483,-0.828837,-0.108756,0.93511,0.029675,0.335947,6.473102,85.144524,26.356178,0.04325,0.895941,-0.198039,0.395222,14.567268,49.823708,26.993099,-0.038197,0.889618,0.053219,0.451983,3.435382,6.167975,42.24593,-0.042146,0.949218,0.066562,0.304596,-8.399297,1.745416,-12.777117,-0.038197,0.889618,0.053219,0.451983,15.400566,1.941459,33.637627
350,2.916667,-0.029609,0.944445,0.05545,0.322604,-0.936272,84.95536,20.607044,-0.037407,0.962579,0.109582,0.245018,-1.641621,92.586067,21.265699,-0.004773,0.968138,0.128054,0.215149,-4.300693,113.170578,25.340181,0.125498,0.984322,-0.025813,0.121219,-5.648933,133.436554,30.492699,0.183403,0.967751,-0.172399,0.010014,-1.530462,147.345596,28.377899,-0.005289,0.916065,0.101687,0.387887,-9.106148,127.948067,28.045284,0.422244,-0.536754,0.132648,-0.718338,-21.330183,129.158096,15.599092,0.265438,0.110144,-0.459245,-0.840539,-11.680956,113.170692,-0.767452,0.332066,0.196795,-0.545272,-0.744099,3.013366,135.201782,-2.323179,-0.010059,0.960458,0.175819,0.215656,-2.350791,127.606644,31.155851,0.35096,0.885448,0.168782,-0.253618,13.506217,126.618454,38.461857,-0.008363,0.212198,0.471134,-0.856116,29.025723,113.311615,24.367844,-0.014009,-0.03311,0.679219,-0.733054,17.625124,133.134109,15.671545,0.057861,0.917273,0.214486,0.330541,-8.347311,84.766335,14.860497,0.105763,0.980333,-0.017421,0.165704,-7.055534,52.101589,-0.786453,-0.041932,0.949219,0.066591,0.304617,-17.19342,5.629963,-0.82897,-0.108769,0.935097,0.029846,0.335965,6.474767,85.144386,26.353592,0.042999,0.895551,-0.198131,0.396086,14.573905,49.824505,26.979429,-0.037958,0.889595,0.053262,0.452043,3.445231,6.170187,42.238628,-0.041932,0.949219,0.066591,0.304617,-8.402788,1.746679,-12.777899,-0.037958,0.889595,0.053262,0.452043,15.40961,1.941561,33.630241
351,2.925,-0.029589,0.94446,0.05551,0.32255,-0.933894,84.955429,20.604784,-0.037246,0.962605,0.109551,0.244955,-1.639207,92.58606,21.26445,-0.005031,0.968132,0.128129,0.215124,-4.290475,113.166367,25.338549,0.125456,0.984329,-0.025783,0.121215,-5.649755,133.431427,30.491713,0.183283,0.967787,-0.172322,0.009998,-1.532552,147.340973,28.37759,-0.00518,0.916106,0.101903,0.387734,-9.103957,127.94117,28.044044,0.422186,-0.536786,0.132573,-0.718362,-21.332174,129.157074,15.602539,0.265364,0.110177,-0.459258,-0.84055,-11.683664,113.173058,-0.767718,0.332033,0.196845,-0.545268,-0.744102,3.009409,135.204666,-2.320282,-0.010163,0.960467,0.175808,0.215617,-2.34848,127.603279,31.154737,0.350737,0.885527,0.168717,-0.253693,13.509035,126.618912,38.460152,-0.008324,0.212226,0.470913,-0.856231,29.034412,113.320305,24.364836,-0.013974,-0.033082,0.679168,-0.733104,17.624674,133.134979,15.665579,0.057875,0.917299,0.214457,0.330486,-8.345606,84.767067,14.859085,0.105746,0.980357,-0.017401,0.165576,-7.056394,52.101547,-0.786456,-0.04202,0.94922,0.066595,0.3046,-17.192411,5.629519,-0.829231,-0.108769,0.935121,0.029793,0.335902,6.477818,85.143791,26.350483,0.043053,0.895583,-0.198155,0.395995,14.575748,49.823692,26.979307,-0.038036,0.88957,0.053132,0.452102,3.443193,6.170696,42.239468,-0.04202,0.94922,0.066595,0.3046,-8.401371,1.747174,-12.778161,-0.038036,0.88957,0.053132,0.452102,15.408909,1.93974,33.634083
352,2.933333,-0.029621,0.944486,0.055556,0.322462,-0.929859,84.958054,20.603167,-0.037123,0.962621,0.1096,0.24489,-1.635808,92.58857,21.263405,-0.0053,0.968134,0.128116,0.215116,-4.281622,113.163582,25.33992,0.125469,0.98433,-0.025653,0.121217,-5.651645,133.428665,30.490166,0.183205,0.967816,-0.17225,0.009933,-1.534469,147.338791,28.379801,-0.005127,0.91614,0.102051,0.387617,-9.102882,127.936264,28.043095,0.422201,-0.536793,0.13244,-0.718373,-21.334303,129.155441,15.605053,0.265307,0.110252,-0.459279,-0.840547,-11.684419,113.175545,-0.768431,0.331948,0.196911,-0.545179,-0.744188,3.006689,135.208572,-2.31658,-0.010234,0.960466,0.175913,0.215533,-2.347392,127.602318,31.154182,0.350657,0.885537,0.168851,-0.253679,13.51134,126.620033,38.457237,-0.008201,0.212137,0.470839,-0.856295,29.039839,113.326309,24.360746,-0.013747,-0.032986,0.679185,-0.733096,17.624956,133.137772,15.661804,0.057922,0.917308,0.21444,0.330464,-8.342597,84.769287,14.858803,0.105714,0.980364,-0.017407,0.165554,-7.057291,52.103615,-0.786738,-0.042087,0.949222,0.06652,0.304599,-17.190426,5.630955,-0.828252,-0.108744,0.935144,0.029713,0.335854,6.482878,85.146812,26.34753,0.043088,0.895621,-0.198166,0.3959,14.577207,49.82597,26.98077,-0.037836,0.889556,0.053228,0.452134,3.442816,6.173718,42.241711,-0.042087,0.949222,0.06652,0.304599,-8.398908,1.747141,-12.776354,-0.037836,0.889556,0.053228,0.452134,15.407737,1.942592,33.635303
353,2.941667,-0.029638,0.944496,0.055656,0.322415,-0.927372,84.959007,20.600536,-0.037304,0.962641,0.109567,0.244799,-1.634029,92.58934,21.262178,-0.0051,0.968152,0.128262,0.214951,-4.28723,113.169754,25.336815,0.125391,0.984356,-0.025607,0.121095,-5.649553,133.433365,30.494911,0.183195,0.967795,-0.172376,0.009904,-1.535158,147.344376,28.385004,-0.005305,0.916137,0.102104,0.387608,-9.103275,127.942833,28.047159,0.422166,-0.536839,0.132383,-0.718369,-21.334871,129.157013,15.608806,0.265215,0.110247,-0.459273,-0.84058,-11.686678,113.179138,-0.767659,0.331827,0.196909,-0.545123,-0.744284,3.004827,135.212296,-2.313486,-0.010162,0.960469,0.176034,0.215426,-2.3467,127.605843,31.155563,0.350583,0.88557,0.168824,-0.253686,13.51369,126.620888,38.454647,-0.008181,0.21215,0.470771,-0.856329,29.044598,113.329567,24.358555,-0.013675,-0.032926,0.679179,-0.733106,17.626482,133.13942,15.657949,0.057925,0.917341,0.21441,0.330392,-8.340667,84.770493,14.856887,0.10576,0.980345,-0.017428,0.165637,-7.057548,52.10392,-0.786954,-0.042288,0.949196,0.066466,0.304664,-17.195284,5.632263,-0.82807,-0.10875,0.935113,0.029702,0.335939,6.485922,85.147514,26.344187,0.043084,0.895561,-0.198193,0.396022,14.580335,49.826725,26.979088,-0.037887,0.889538,0.053248,0.452164,3.443306,6.175417,42.24081,-0.042288,0.949196,0.066466,0.304664,-8.400409,1.748875,-12.773839,-0.037887,0.889538,0.053248,0.452164,15.4093,1.945498,33.635315
354,2.95,-0.029679,0.944514,0.055709,0.32235,-0.924069,84.959373,20.598816,-0.037341,0.96266,0.109557,0.244722,-1.631533,92.589577,21.261066,-0.005132,0.968162,0.128339,0.214863,-4.285804,113.169922,25.335127,0.125358,0.98437,-0.025647,0.121008,-5.649653,133.432693,30.496157,0.183139,0.967828,-0.172254,0.009856,-1.536414,147.343781,28.384569,-0.005302,0.916136,0.102173,0.387593,-9.103139,127.94207,28.048252,0.422058,-0.536857,0.132379,-0.71842,-21.335152,129.157211,15.610397,0.26509,0.110257,-0.459268,-0.840621,-11.687896,113.181641,-0.76886,0.331761,0.196855,-0.545116,-0.744333,3.003783,135.215012,-2.310938,-0.010181,0.960478,0.176049,0.21537,-2.346001,127.605461,31.155479,0.350477,0.885601,0.168819,-0.253727,13.515226,126.621399,38.452877,-0.008038,0.212121,0.470721,-0.856365,29.048794,113.334511,24.355526,-0.013432,-0.033012,0.679296,-0.732998,17.627859,133.14151,15.652477,0.057926,0.917363,0.214407,0.330333,-8.338099,84.770378,14.856126,0.105771,0.980336,-0.017446,0.165681,-7.056137,52.10371,-0.787628,-0.042472,0.949192,0.066418,0.304662,-17.195156,5.632332,-0.827682,-0.108733,0.935146,0.029463,0.335875,6.489962,85.148361,26.341503,0.043322,0.895947,-0.198112,0.395163,14.577469,49.82626,26.99159,-0.038002,0.88958,0.053307,0.452063,3.437801,6.173849,42.24826,-0.042472,0.949192,0.066418,0.304662,-8.398723,1.749325,-12.772432,-0.038002,0.88958,0.053307,0.452063,15.403119,1.947015,33.640289
355,2.958333,-0.029702,0.944536,0.055719,0.322281,-0.922423,84.959259,20.598259,-0.037351,0.962676,0.109598,0.244637,-1.630215,92.589424,21.26059,-0.005196,0.968179,0.128338,0.214781,-4.284698,113.167427,25.336023,0.125344,0.984378,-0.025623,0.120964,-5.650713,133.430176,30.49655,0.183085,0.967834,-0.172279,0.009829,-1.5381,147.341507,28.385397,-0.005256,0.916161,0.102229,0.38752,-9.103766,127.938972,28.049351,0.422074,-0.536876,0.132271,-0.718416,-21.337778,129.156082,15.613662,0.265082,0.110232,-0.459243,-0.840641,-11.690124,113.183548,-0.768307,0.331693,0.196868,-0.545027,-0.744425,3.003417,135.216385,-2.310815,-0.010259,0.960511,0.175982,0.215276,-2.346121,127.603447,31.155581,0.350477,0.885601,0.168816,-0.253729,13.516465,126.623093,38.450512,-0.007923,0.212052,0.470695,-0.856398,29.049974,113.336143,24.353153,-0.013304,-0.033064,0.67936,-0.732939,17.626453,133.14151,15.65007,0.057876,0.917381,0.214457,0.33026,-8.337258,84.769844,14.85663,0.106014,0.980215,-0.017489,0.166233,-7.051993,52.104317,-0.78923,-0.041917,0.949072,0.066491,0.305096,-17.214046,5.637974,-0.834934,-0.108681,0.935153,0.029603,0.335858,6.492413,85.148682,26.33989,0.043131,0.895644,-0.198211,0.395821,14.579901,49.826374,26.979038,-0.038462,0.889589,0.053118,0.452029,3.441621,6.17615,42.242943,-0.041917,0.949072,0.066491,0.305096,-8.411964,1.751995,-12.774549,-0.038462,0.889589,0.053118,0.452029,15.409631,1.950592,33.638107
356,2.966667,-0.02969,0.944558,0.055718,0.322218,-0.922313,84.959282,20.596066,-0.037307,0.96269,0.109625,0.244579,-1.629888,92.589455,21.258499,-0.005243,0.968185,0.128372,0.214734,-4.282575,113.167191,25.335625,0.125257,0.984402,-0.025601,0.120865,-5.650565,133.42955,30.497126,0.183091,0.96785,-0.172189,0.009709,-1.540865,147.341736,28.385826,-0.005252,0.916171,0.102248,0.387491,-9.10317,127.938057,28.049976,0.422074,-0.53691,0.132207,-0.718403,-21.337963,129.155457,15.615076,0.265051,0.110227,-0.459255,-0.840644,-11.691249,113.184608,-0.769097,0.331678,0.196843,-0.545053,-0.744419,3.001795,135.217926,-2.311275,-0.010293,0.960524,0.176013,0.215189,-2.345228,127.603195,31.15564,0.350444,0.885608,0.168647,-0.253862,13.518641,126.624283,38.447983,-0.007993,0.21201,0.470669,-0.856422,29.049946,113.337662,24.347895,-0.013276,-0.033105,0.679323,-0.732973,17.624813,133.142426,15.648267,0.057889,0.917386,0.214443,0.330252,-8.33793,84.769989,14.855437,0.106009,0.980228,-0.017473,0.166165,-7.053995,52.104141,-0.78986,-0.042106,0.949043,0.066378,0.305186,-17.215374,5.637651,-0.836219,-0.108616,0.935126,0.029451,0.335968,6.493303,85.148575,26.336693,0.043229,0.895914,-0.198107,0.39525,14.572674,49.824585,26.985523,-0.038008,0.889565,0.053396,0.452083,3.439575,6.171241,42.244305,-0.042106,0.949043,0.066378,0.305186,-8.409515,1.75034,-12.772618,-0.038008,0.889565,0.053396,0.452083,15.405637,1.946831,33.636189
357,2.975,-0.029649,0.944583,0.055684,0.322153,-0.922496,84.960617,20.595108,-0.037423,0.962711,0.109642,0.244472,-1.629255,92.590889,21.25729,-0.005098,0.968218,0.128388,0.214581,-4.28662,113.170013,25.334564,0.125152,0.984432,-0.025537,0.120741,-5.64804,133.432266,30.498215,0.183058,0.967845,-0.172259,0.009649,-1.541951,147.345657,28.387785,-0.005282,0.916182,0.102232,0.387468,-9.10279,127.941788,28.051815,0.422023,-0.53696,0.13222,-0.718393,-21.338194,129.157898,15.617394,0.265005,0.110171,-0.459239,-0.840675,-11.694284,113.186981,-0.768368,0.331644,0.196812,-0.545067,-0.744432,2.999874,135.218796,-2.311504,-0.01032,0.960527,0.17603,0.215161,-2.343848,127.60508,31.155098,0.350539,0.885569,0.168633,-0.253878,13.520426,126.627113,38.44669,-0.007906,0.211925,0.470708,-0.856422,29.048061,113.336983,24.345861,-0.013241,-0.033255,0.67924,-0.733043,17.62254,133.143112,15.647465,0.05786,0.917397,0.214447,0.330223,-8.338944,84.771767,14.855539,0.105989,0.980234,-0.017462,0.166143,-7.053491,52.105789,-0.789368,-0.04241,0.949059,0.066248,0.305123,-17.21278,5.638847,-0.836233,-0.108624,0.935152,0.029433,0.335895,6.493953,85.149467,26.334677,0.043217,0.895906,-0.198136,0.395255,14.573467,49.825527,26.984251,-0.038046,0.889566,0.05332,0.452087,3.440283,6.173179,42.245804,-0.04241,0.949059,0.066248,0.305123,-8.405904,1.750756,-12.771628,-0.038046,0.889566,0.05332,0.452087,15.406477,1.947299,33.638596
358,2.983333,-0.029649,0.94462,0.0557,0.322043,-0.920128,84.96302,20.595001,-0.037275,0.962735,0.109646,0.244398,-1.626894,92.593262,21.257504,-0.005291,0.96822,0.128398,0.214559,-4.277396,113.168404,25.335833,0.125174,0.98444,-0.025418,0.120681,-5.646634,133.430466,30.498201,0.18302,0.967853,-0.172265,0.009482,-1.540505,147.344315,28.390944,-0.005218,0.916216,0.102333,0.387361,-9.09926,127.938499,28.052128,0.421995,-0.536973,0.132207,-0.718402,-21.337584,129.157669,15.620875,0.264925,0.110121,-0.459303,-0.840672,-11.694214,113.187637,-0.766057,0.33165,0.196683,-0.545045,-0.74448,2.998157,135.222168,-2.31046,-0.010308,0.960516,0.176149,0.215113,-2.340203,127.604584,31.155468,0.350434,0.885589,0.168287,-0.25418,13.52481,126.62561,38.445316,-0.008215,0.211848,0.470718,-0.856433,29.048449,113.337883,24.33782,-0.01321,-0.033355,0.679194,-0.733081,17.621611,133.148148,15.649549,0.057906,0.917426,0.214366,0.330187,-8.337905,84.774124,14.857151,0.105735,0.980374,-0.017385,0.165486,-7.058112,52.106018,-0.783776,-0.042296,0.949209,0.066458,0.304625,-17.192904,5.633712,-0.826945,-0.108604,0.935167,0.029399,0.335863,6.497649,85.151909,26.332855,0.043232,0.89584,-0.198178,0.395383,14.575076,49.827518,26.983988,-0.037964,0.889552,0.053347,0.452117,3.436847,6.17688,42.246754,-0.042296,0.949209,0.066458,0.304625,-8.398929,1.75015,-12.773326,-0.037964,0.889552,0.053347,0.452117,15.402993,1.950615,33.63966
359,2.991667,-0.029715,0.944636,0.055781,0.321975,-0.916658,84.964386,20.594093,-0.037278,0.96276,0.10957,0.244331,-1.62474,92.594437,21.257479,-0.005261,0.968221,0.128531,0.214477,-4.274606,113.172241,25.333303,0.125196,0.984441,-0.025465,0.12064,-5.643345,133.432892,30.501366,0.182832,0.967878,-0.17232,0.009477,-1.536616,147.346344,28.392681,-0.005244,0.916242,0.102355,0.387294,-9.096284,127.941513,28.054396,0.42204,-0.53706,0.132094,-0.718332,-21.33643,129.159897,15.62486,0.264946,0.110098,-0.459276,-0.840683,-11.696211,113.191315,-0.765347,0.331654,0.196648,-0.545101,-0.744446,2.99719,135.223877,-2.31078,-0.010269,0.960514,0.176181,0.215101,-2.336696,127.606895,31.156504,0.350388,0.885573,0.168225,-0.25434,13.528527,126.626465,38.445705,-0.008344,0.211698,0.470675,-0.856493,29.049713,113.341591,24.332827,-0.013307,-0.033413,0.679348,-0.732934,17.617325,133.153397,15.652849,0.057861,0.917438,0.214483,0.330086,-8.335184,84.774712,14.857237,0.106037,0.980199,-0.017513,0.166309,-7.0512,52.109863,-0.790146,-0.042286,0.949041,0.066254,0.305193,-17.215708,5.644053,-0.834732,-0.108633,0.935201,0.029365,0.335761,6.501869,85.154053,26.330948,0.04308,0.895496,-0.198111,0.396211,14.580443,49.829964,26.984219,-0.038175,0.889475,0.053327,0.452255,3.443495,6.175533,42.237072,-0.042286,0.949041,0.066254,0.305193,-8.408243,1.754968,-12.769367,-0.038175,0.889475,0.053327,0.452255,15.414036,1.951632,33.63493
360,3.0,-0.029719,0.944656,0.05583,0.321907,-0.915313,84.966553,20.59396,-0.037383,0.962772,0.109565,0.244269,-1.623644,92.596512,21.258095,-0.005114,0.968236,0.128581,0.214383,-4.277624,113.175369,25.333046,0.125173,0.984456,-0.025457,0.120539,-5.640354,133.435532,30.504566,0.182801,0.96788,-0.172345,0.0094,-1.534692,147.349243,28.395535,-0.005281,0.916228,0.102344,0.38733,-9.095156,127.945366,28.057522,0.422072,-0.537121,0.132098,-0.718266,-21.334299,129.162567,15.626889,0.264959,0.110065,-0.459283,-0.840679,-11.697401,113.192131,-0.763473,0.331709,0.196556,-0.545079,-0.744462,2.996777,135.225601,-2.310871,-0.010201,0.960518,0.176276,0.215006,-2.33495,127.608643,31.158049,0.350325,0.885563,0.168366,-0.254368,13.531733,126.625778,38.443722,-0.00835,0.211519,0.470712,-0.856516,29.054413,113.345863,24.327822,-0.013102,-0.033693,0.679215,-0.733049,17.620205,133.159485,15.655377,0.057878,0.917458,0.214419,0.330069,-8.334654,84.777039,14.858153,0.105993,0.980212,-0.01746,0.166265,-7.053678,52.110363,-0.785658,-0.042067,0.949078,0.066424,0.305072,-17.213346,5.643499,-0.833991,-0.108694,0.935239,0.029338,0.335637,6.504027,85.156067,26.329765,0.043153,0.895514,-0.198196,0.39612,14.586133,49.832829,26.9853,-0.038437,0.889546,0.053175,0.452109,3.441422,6.182203,42.243355,-0.042067,0.949078,0.066424,0.305072,-8.410577,1.757069,-12.772953,-0.038437,0.889546,0.053175,0.452109,15.410954,1.957844,33.640041
361,3.008333,-0.029683,0.944686,0.055811,0.321828,-0.914006,84.967003,20.594364,-0.037262,0.962792,0.10956,0.244215,-1.621664,92.597031,21.258469,-0.005247,0.968237,0.128601,0.214365,-4.270086,113.173782,25.334116,0.125197,0.98446,-0.025412,0.120495,-5.638282,133.433685,30.505224,0.182673,0.967917,-0.172281,0.009287,-1.532264,147.347473,28.39736,-0.005172,0.91625,0.102415,0.387261,-9.091604,127.942535,28.0583,0.42212,-0.537167,0.132061,-0.718211,-21.332657,129.163895,15.629961,0.26499,0.110001,-0.459297,-0.84067,-11.697743,113.192917,-0.761032,0.331707,0.196562,-0.545103,-0.744444,2.996138,135.22551,-2.312214,-0.010228,0.960525,0.176275,0.214975,-2.331303,127.607704,31.158823,0.350367,0.885523,0.16806,-0.25465,13.535829,126.625946,38.443676,-0.008544,0.211405,0.470814,-0.856486,29.049894,113.343361,24.320831,-0.013074,-0.033837,0.679286,-0.732976,17.617573,133.163315,15.657627,0.057872,0.917476,0.214465,0.32999,-8.334345,84.777924,14.859838,0.106018,0.980208,-0.017482,0.166274,-7.053199,52.11261,-0.786808,-0.042382,0.949044,0.066203,0.305182,-17.215515,5.646324,-0.833636,-0.108648,0.935258,0.02925,0.335609,6.506333,85.15609,26.328892,0.043337,0.895869,-0.198116,0.395335,14.583293,49.831757,26.988977,-0.038136,0.889513,0.053276,0.452188,3.439231,6.179655,42.243282,-0.042382,0.949044,0.066203,0.305182,-8.407534,1.756724,-12.767722,-0.038136,0.889513,0.053276,0.452188,15.407969,1.95387,33.639568
362,3.016667,-0.029653,0.944715,0.055745,0.321757,-0.91374,84.966934,20.595123,-0.037277,0.962805,0.109579,0.244152,-1.620581,92.597099,21.258472,-0.0052,0.968253,0.128586,0.214299,-4.269623,113.174072,25.33499,0.125103,0.984485,-0.025346,0.120402,-5.635456,133.434158,30.506023,0.182765,0.96789,-0.172343,0.009186,-1.532619,147.349045,28.399277,-0.005194,0.916257,0.10244,0.387238,-9.089571,127.943245,28.059673,0.422078,-0.537199,0.132079,-0.718208,-21.331245,129.164169,15.631896,0.264949,0.109915,-0.459302,-0.840692,-11.69828,113.193008,-0.760067,0.33172,0.196452,-0.545071,-0.744491,2.996248,135.224731,-2.314065,-0.010208,0.960523,0.176345,0.214929,-2.328846,127.607903,31.15922,0.350351,0.885502,0.168188,-0.254663,13.539,126.625252,38.442402,-0.008472,0.211243,0.470814,-0.856527,29.053318,113.345482,24.317177,-0.012942,-0.034014,0.679266,-0.732989,17.617603,133.165634,15.658656,0.057821,0.917532,0.21447,0.329841,-8.334973,84.777893,14.861749,0.106024,0.980241,-0.017426,0.166083,-7.05284,52.112305,-0.784248,-0.042371,0.949066,0.066173,0.305122,-17.214893,5.645972,-0.834365,-0.108575,0.935208,0.029326,0.335763,6.507493,85.155975,26.328495,0.043301,0.89592,-0.198228,0.395169,14.581224,49.830807,26.983013,-0.038431,0.889608,0.053166,0.451988,3.438924,6.182635,42.249836,-0.042371,0.949066,0.066173,0.305122,-8.408535,1.755375,-12.769322,-0.038431,0.889608,0.053166,0.451988,15.406066,1.957915,33.643375
363,3.025,-0.029625,0.944746,0.055703,0.321676,-0.913443,84.965858,20.596842,-0.037416,0.962815,0.109568,0.244093,-1.619619,92.596123,21.259779,-0.004995,0.968269,0.128637,0.214204,-4.274386,113.176094,25.335228,0.125065,0.984505,-0.025311,0.120286,-5.631825,133.435715,30.510277,0.182733,0.967877,-0.172453,0.009077,-1.530632,147.351151,28.403845,-0.005185,0.916281,0.102313,0.387214,-9.08847,127.946472,28.06377,0.422094,-0.537248,0.132062,-0.718165,-21.33078,129.165878,15.636471,0.264976,0.10978,-0.459266,-0.840721,-11.700203,113.19413,-0.756316,0.331702,0.196355,-0.545112,-0.744494,2.997664,135.223267,-2.31633,-0.010165,0.960537,0.176346,0.214865,-2.327106,127.608192,31.161606,0.350343,0.885495,0.168008,-0.254817,13.54174,126.624489,38.442471,-0.008593,0.211295,0.470793,-0.856525,29.052448,113.344177,24.313787,-0.013152,-0.034101,0.679117,-0.73312,17.617188,133.164047,15.656164,0.057819,0.917556,0.214496,0.329757,-8.335687,84.776947,14.86477,0.106018,0.980238,-0.017403,0.166104,-7.054224,52.112179,-0.782983,-0.042248,0.94904,0.066235,0.305205,-17.215296,5.64563,-0.835382,-0.108514,0.935278,0.029278,0.335593,6.5088,85.154762,26.328913,0.043263,0.895932,-0.198162,0.395178,14.577428,49.828426,26.983696,-0.037919,0.889552,0.053397,0.452115,3.440671,6.177425,42.246517,-0.042248,0.94904,0.066235,0.305205,-8.407924,1.75566,-12.7698,-0.037919,0.889552,0.053397,0.452115,15.406571,1.951843,33.638752
364,3.033333,-0.029657,0.94476,0.055734,0.321625,-0.911638,84.964981,20.597353,-0.037424,0.962856,0.10944,0.24399,-1.618395,92.595161,21.260626,-0.004992,0.968286,0.128729,0.21407,-4.271837,113.176987,25.33127,0.125072,0.984526,-0.025174,0.120132,-5.629258,133.435623,30.510202,0.182775,0.967875,-0.17243,0.008897,-1.528867,147.351761,28.406979,-0.005197,0.916272,0.102292,0.387241,-9.086188,127.946556,28.063675,0.422106,-0.537287,0.132037,-0.718133,-21.327768,129.165405,15.635604,0.264953,0.109764,-0.459267,-0.84073,-11.698942,113.193642,-0.758202,0.331716,0.196234,-0.545111,-0.744521,2.999511,135.223312,-2.318364,-0.01012,0.960534,0.176392,0.214844,-2.323967,127.6082,31.15963,0.350297,0.885507,0.167971,-0.254863,13.545225,126.622772,38.439503,-0.008643,0.211226,0.470757,-0.856561,29.056362,113.344215,24.309645,-0.013161,-0.034198,0.679112,-0.733119,17.617842,133.164185,15.655541,0.057822,0.917574,0.214505,0.329701,-8.334457,84.775635,14.866044,0.106031,0.980255,-0.017387,0.165996,-7.053902,52.11116,-0.782381,-0.042467,0.949038,0.066102,0.305211,-17.215939,5.644825,-0.835384,-0.108498,0.935336,0.029233,0.335441,6.511181,85.15432,26.328665,0.043325,0.895935,-0.198125,0.395184,14.577779,49.827545,26.984818,-0.038502,0.889521,0.05327,0.452143,3.437019,6.175676,42.242199,-0.042467,0.949038,0.066102,0.305211,-8.406636,1.753201,-12.767834,-0.038502,0.889521,0.05327,0.452143,15.408098,1.954693,33.639378
365,3.041667,-0.029691,0.944781,0.055767,0.321554,-0.910031,84.964554,20.597359,-0.03731,0.962855,0.109507,0.24398,-1.617402,92.59465,21.260986,-0.005055,0.968279,0.128717,0.214107,-4.266588,113.174248,25.335175,0.125095,0.984522,-0.025254,0.120129,-5.626674,133.432983,30.513006,0.182726,0.967895,-0.17237,0.008853,-1.525421,147.348541,28.407568,-0.005126,0.916267,0.102373,0.387232,-9.082788,127.943436,28.066429,0.422038,-0.537323,0.132036,-0.718147,-21.32465,129.165619,15.638958,0.264847,0.109659,-0.459278,-0.84077,-11.697718,113.194832,-0.756928,0.331608,0.196162,-0.545033,-0.744645,3.001996,135.224823,-2.319217,-0.010125,0.960552,0.176422,0.214741,-2.320812,127.605965,31.163019,0.350309,0.88547,0.16806,-0.254918,13.549929,126.621101,38.439598,-0.008626,0.211091,0.470812,-0.856564,29.059284,113.344254,24.306179,-0.012999,-0.034237,0.67917,-0.733067,17.620279,133.166809,15.65715,0.057876,0.91756,0.214526,0.329716,-8.33367,84.774712,14.867126,0.106014,0.980229,-0.017431,0.166157,-7.055927,52.111332,-0.783838,-0.04227,0.949037,0.066284,0.305203,-17.217096,5.644807,-0.834175,-0.108546,0.935356,0.029217,0.335372,6.513608,85.154404,26.327593,0.04337,0.895976,-0.198164,0.395066,14.583066,49.828312,26.985413,-0.038181,0.889544,0.053326,0.452117,3.439063,6.178284,42.245708,-0.04227,0.949037,0.066284,0.305203,-8.409491,1.756424,-12.768934,-0.038181,0.889544,0.053326,0.452117,15.407045,1.954406,33.639999
366,3.05,-0.029696,0.944803,0.055847,0.321476,-0.907325,84.965553,20.597418,-0.037195,0.962904,0.109386,0.243859,-1.615095,92.595505,21.262241,-0.005153,0.968296,0.128794,0.213985,-4.257447,113.173439,25.332472,0.125147,0.984521,-0.025179,0.120094,-5.621545,133.43129,30.512672,0.182594,0.96792,-0.172369,0.008857,-1.519174,147.346848,28.409397,-0.005124,0.916305,0.102546,0.387096,-9.0768,127.941109,28.066292,0.422045,-0.537359,0.131946,-0.718132,-21.322342,129.165207,15.64264,0.264842,0.109634,-0.459256,-0.840787,-11.696174,113.196815,-0.756,0.331614,0.196098,-0.544981,-0.744697,3.004858,135.2258,-2.318852,-0.010143,0.960541,0.176417,0.214789,-2.314059,127.605042,31.16136,0.350276,0.885462,0.168008,-0.255025,13.555932,126.620544,38.439606,-0.008678,0.211059,0.470802,-0.856577,29.063702,113.345512,24.302738,-0.012975,-0.034211,0.679154,-0.733083,17.623962,133.167831,15.656425,0.057869,0.917609,0.214497,0.329601,-8.331898,84.776024,14.868386,0.106025,0.980237,-0.017403,0.166108,-7.056374,52.111671,-0.780724,-0.042063,0.949052,0.066426,0.305153,-17.218143,5.645278,-0.833258,-0.108537,0.935393,0.029187,0.335274,6.517248,85.15509,26.326448,0.043411,0.895992,-0.198266,0.394973,14.585432,49.828728,26.985205,-0.038463,0.889616,0.053267,0.451959,3.435733,6.182867,42.253262,-0.042063,0.949052,0.066426,0.305153,-8.413415,1.758911,-12.770796,-0.038463,0.889616,0.053267,0.451959,15.402976,1.961221,33.645432
367,3.058333,-0.029672,0.944828,0.055849,0.321405,-0.907631,84.965469,20.597544,-0.037312,0.96292,0.109352,0.243794,-1.615024,92.595436,21.26256,-0.004958,0.96831,0.128873,0.213877,-4.262108,113.177681,25.331242,0.125111,0.984547,-0.025119,0.119935,-5.618426,133.434769,30.516487,0.18272,0.967896,-0.172379,0.008705,-1.517866,147.350998,28.414053,-0.005171,0.916271,0.102539,0.387178,-9.076066,127.946243,28.069756,0.422061,-0.537416,0.131967,-0.718076,-21.319363,129.169037,15.643753,0.264835,0.109597,-0.459202,-0.840824,-11.696507,113.198639,-0.754896,0.331531,0.196053,-0.544968,-0.744755,3.007389,135.22522,-2.318245,-0.010053,0.960549,0.176493,0.214697,-2.312611,127.607323,31.162952,0.350365,0.885442,0.168133,-0.254887,13.558836,126.619781,38.437634,-0.00905,0.211611,0.470923,-0.85637,29.066996,113.341591,24.304152,-0.013589,-0.033913,0.677955,-0.734195,17.645687,133.165863,15.6465,0.057853,0.917601,0.214508,0.329619,-8.333082,84.776268,14.869637,0.10602,0.980294,-0.017365,0.165774,-7.055899,52.112137,-0.779797,-0.042243,0.949091,0.066307,0.305033,-17.216602,5.645502,-0.832328,-0.108585,0.935431,0.029143,0.335155,6.517821,85.154663,26.325453,0.043495,0.896044,-0.198169,0.394896,14.588297,49.82888,26.987341,-0.038055,0.889493,0.053385,0.45222,3.436322,6.180081,42.245338,-0.042243,0.949091,0.066307,0.305033,-8.413379,1.757403,-12.770419,-0.038055,0.889493,0.053385,0.45222,15.405379,1.956076,33.641182
368,3.066667,-0.029613,0.944856,0.055857,0.321325,-0.908041,84.962601,20.59729,-0.037295,0.962936,0.109377,0.24372,-1.614553,92.592606,21.262781,-0.004931,0.96833,0.128842,0.213805,-4.261159,113.176872,25.333271,0.125133,0.984551,-0.025101,0.119879,-5.615737,133.434296,30.517647,0.18269,0.967912,-0.172328,0.008662,-1.514829,147.350449,28.415531,-0.005105,0.91627,0.102438,0.387208,-9.074011,127.945801,28.071741,0.421942,-0.53746,0.132029,-0.718101,-21.316538,129.169449,15.645067,0.26478,0.109563,-0.459172,-0.840862,-11.696854,113.198898,-0.755285,0.331571,0.196017,-0.544987,-0.744733,3.009295,135.224869,-2.318193,-0.009997,0.960574,0.176449,0.214623,-2.310093,127.606735,31.163914,0.350318,0.885463,0.167681,-0.255177,13.56251,126.618111,38.435921,-0.008719,0.211138,0.470854,-0.856529,29.064983,113.338341,24.297695,-0.01296,-0.034254,0.679205,-0.733034,17.629564,133.161743,15.649679,0.057897,0.917598,0.214494,0.329629,-8.334519,84.774414,14.870684,0.105967,0.980255,-0.017363,0.166042,-7.060441,52.110218,-0.778872,-0.042071,0.94908,0.066458,0.305059,-17.216194,5.642512,-0.833505,-0.108548,0.935397,0.029195,0.335257,6.518438,85.150787,26.3239,0.043437,0.89598,-0.1982,0.395033,14.587612,49.82465,26.982248,-0.038527,0.889535,0.053291,0.45211,3.437154,6.176514,42.24324,-0.042071,0.94908,0.066458,0.305059,-8.413644,1.757063,-12.772955,-0.038527,0.889535,0.053291,0.45211,15.407905,1.956403,33.639534
369,3.075,-0.029607,0.944877,0.055824,0.321271,-0.907879,84.960678,20.597866,-0.037288,0.962946,0.109387,0.243677,-1.61411,92.590752,21.262949,-0.004828,0.968345,0.128808,0.213761,-4.260345,113.174889,25.334013,0.125356,0.984531,-0.02494,0.119845,-5.610168,133.432739,30.518023,0.182565,0.967912,-0.172462,0.008519,-1.503625,147.348022,28.421133,-0.004937,0.916307,0.102384,0.387137,-9.069853,127.944878,28.072674,0.421931,-0.537495,0.132049,-0.718078,-21.314344,129.172928,15.648376,0.264809,0.109504,-0.459117,-0.840891,-11.696796,113.201378,-0.752257,0.33153,0.196079,-0.544947,-0.744764,3.011656,135.223358,-2.317437,-0.009961,0.960591,0.176376,0.21461,-2.305637,127.604507,31.164043,0.350489,0.885371,0.167723,-0.255235,13.56717,126.615318,38.435516,-0.00862,0.211079,0.470976,-0.856477,29.062199,113.330635,24.293745,-0.012956,-0.034211,0.679393,-0.732862,17.630882,133.157486,15.646267,0.057856,0.917595,0.214521,0.329625,-8.335021,84.772324,14.872127,0.106015,0.980266,-0.01733,0.16595,-7.057591,52.108635,-0.77821,-0.041991,0.94907,0.06643,0.305106,-17.217312,5.641797,-0.835771,-0.108504,0.935378,0.029234,0.33532,6.519262,85.14904,26.323605,0.043396,0.896008,-0.198258,0.394943,14.586365,49.822365,26.978775,-0.038059,0.889583,0.053367,0.452047,3.43882,6.176072,42.247158,-0.041991,0.94907,0.06643,0.305106,-8.414403,1.754822,-12.774451,-0.038059,0.889583,0.053367,0.452047,15.40455,1.951579,33.638618
370,3.083333,-0.02958,0.944895,0.055791,0.321225,-0.906924,84.958618,20.598749,-0.037338,0.962958,0.109417,0.243608,-1.61257,92.588768,21.263515,-0.004774,0.968371,0.128755,0.213676,-4.260955,113.173172,25.335609,0.125351,0.984541,-0.02494,0.119771,-5.607672,133.43161,30.518078,0.182661,0.967903,-0.172414,0.008483,-1.50157,147.346985,28.420824,-0.005041,0.916307,0.102268,0.387165,-9.068395,127.943909,28.073868,0.421924,-0.537586,0.131862,-0.718049,-21.312078,129.16716,15.648302,0.264745,0.109661,-0.459052,-0.840926,-11.696914,113.200775,-0.758754,0.331433,0.196169,-0.544919,-0.744804,3.012709,135.222336,-2.314255,-0.00995,0.960617,0.176301,0.214556,-2.303632,127.603104,31.163994,0.350521,0.88539,0.167577,-0.255222,13.570006,126.614449,38.433727,-0.008564,0.211161,0.470945,-0.856475,29.064274,113.326088,24.294586,-0.013005,-0.034213,0.679369,-0.732884,17.632645,133.152008,15.641964,0.057902,0.917602,0.214531,0.32959,-8.334644,84.770477,14.873754,0.105968,0.980298,-0.017288,0.165796,-7.060619,52.107471,-0.778298,-0.042707,0.94906,0.066116,0.305107,-17.215361,5.639541,-0.83747,-0.108498,0.935404,0.029267,0.335247,6.520796,85.146759,26.323748,0.043427,0.896039,-0.198354,0.394821,14.588325,49.820122,26.975906,-0.038307,0.889669,0.053223,0.451872,3.43662,6.177723,42.252399,-0.042707,0.94906,0.066116,0.305107,-8.406357,1.75053,-12.770995,-0.038307,0.889669,0.053223,0.451872,15.400681,1.952753,33.641781
371,3.091667,-0.02957,0.944922,0.055759,0.321154,-0.906613,84.958221,20.600262,-0.037165,0.962977,0.109431,0.243554,-1.611894,92.58844,21.264675,-0.004904,0.968376,0.128723,0.213668,-4.252627,113.16922,25.338516,0.125667,0.984502,-0.024823,0.119778,-5.604309,133.427948,30.518576,0.182458,0.967935,-0.172458,0.008329,-1.489657,147.341461,28.425804,-0.004859,0.916296,0.102366,0.38717,-9.063668,127.939117,28.074953,0.42175,-0.537602,0.132029,-0.718108,-21.307308,129.16954,15.650047,0.264628,0.109643,-0.459065,-0.840958,-11.69519,113.201103,-0.756811,0.3314,0.196268,-0.54482,-0.744865,3.013838,135.222809,-2.310252,-0.010046,0.960651,0.176236,0.21445,-2.298877,127.600304,31.165236,0.350713,0.885352,0.167357,-0.255232,13.576275,126.616013,38.432266,-0.009051,0.211809,0.471186,-0.856177,29.063585,113.317154,24.295362,-0.013607,-0.033866,0.678148,-0.734019,17.658716,133.147736,15.631702,0.057888,0.917598,0.214557,0.329588,-8.335207,84.769989,14.8764,0.106002,0.980291,-0.017284,0.165814,-7.059657,52.107681,-0.77697,-0.042282,0.949057,0.066304,0.305134,-17.217463,5.640432,-0.837165,-0.108486,0.935434,0.029227,0.335172,6.52198,85.146454,26.324123,0.04348,0.896076,-0.198267,0.394776,14.587808,49.819462,26.97802,-0.038458,0.889582,0.053228,0.452031,3.43554,6.174249,42.246037,-0.042282,0.949057,0.066304,0.305134,-8.411384,1.752708,-12.77327,-0.038458,0.889582,0.053228,0.452031,15.403955,1.951536,33.640354
372,3.1,-0.029543,0.944936,0.055813,0.321104,-0.905664,84.958603,20.600178,-0.037097,0.962989,0.109391,0.243536,-1.610794,92.588745,21.265537,-0.004896,0.968371,0.128772,0.213663,-4.248366,113.170898,25.338667,0.125723,0.984504,-0.024821,0.119707,-5.600113,133.429092,30.520758,0.182571,0.967926,-0.172394,0.00821,-1.484164,147.342224,28.427935,-0.00492,0.916241,0.102496,0.387264,-9.059466,127.940498,28.076628,0.421608,-0.537684,0.132128,-0.718112,-21.300537,129.171082,15.649208,0.264483,0.109726,-0.459045,-0.841004,-11.694103,113.20118,-0.759535,0.331361,0.196274,-0.544723,-0.744951,3.015994,135.225021,-2.305243,-0.009901,0.960665,0.176184,0.214437,-2.294637,127.601418,31.166798,0.35074,0.885315,0.16751,-0.255223,13.580817,126.612747,38.432564,-0.008894,0.2117,0.471202,-0.856197,29.067421,113.315224,24.293633,-0.013469,-0.033889,0.678308,-0.733872,17.661274,133.144867,15.630881,0.057851,0.91762,0.214581,0.329517,-8.33489,84.771095,14.877113,0.106041,0.980282,-0.017295,0.165839,-7.057496,52.109222,-0.777011,-0.042689,0.949047,0.06608,0.305156,-17.21907,5.642796,-0.837113,-0.108524,0.935494,0.029181,0.334995,6.523562,85.146103,26.32324,0.043519,0.896098,-0.198281,0.394715,14.59099,49.81953,26.979689,-0.037907,0.889562,0.053363,0.4521,3.435959,6.175148,42.248089,-0.042689,0.949047,0.06608,0.305156,-8.409103,1.752645,-12.769556,-0.037907,0.889562,0.053363,0.4521,15.401337,1.948497,33.640121
373,3.108333,-0.029479,0.944968,0.055843,0.321011,-0.903532,84.958176,20.599421,-0.037047,0.963005,0.10946,0.24345,-1.607809,92.588333,21.265614,-0.004864,0.968389,0.128768,0.213583,-4.243865,113.171516,25.342564,0.125789,0.984502,-0.024802,0.119654,-5.593857,133.429779,30.524879,0.182569,0.967914,-0.172464,0.008156,-1.476327,147.342514,28.432583,-0.00499,0.916243,0.102522,0.387251,-9.053865,127.941322,28.081339,0.421441,-0.53776,0.132135,-0.718152,-21.295252,129.169937,15.654032,0.264331,0.109709,-0.459021,-0.841066,-11.692961,113.202408,-0.759445,0.33129,0.196296,-0.544621,-0.745052,3.018647,135.225845,-2.301599,-0.009766,0.96068,0.176145,0.214409,-2.288521,127.601959,31.170357,0.350817,0.885271,0.167497,-0.25528,13.587456,126.60923,38.434444,-0.008823,0.211706,0.471262,-0.856163,29.069942,113.30941,24.293156,-0.013414,-0.033867,0.678261,-0.733918,17.667072,133.139343,15.62923,0.057872,0.91762,0.214576,0.329516,-8.333956,84.771889,14.877868,0.106018,0.980266,-0.017322,0.16595,-7.058132,52.110027,-0.776425,-0.042313,0.949077,0.066312,0.305066,-17.217978,5.643222,-0.834776,-0.108543,0.935468,0.029205,0.335061,6.52689,85.144463,26.320972,0.04354,0.89605,-0.198392,0.394764,14.5961,49.818287,26.976849,-0.038415,0.889662,0.053151,0.451885,3.434428,6.17826,42.252838,-0.042313,0.949077,0.066312,0.305066,-8.413289,1.755971,-12.772065,-0.038415,0.889662,0.053151,0.451885,15.399432,1.952896,33.643711
374,3.116667,-0.02958,0.944963,0.055748,0.321033,-0.903586,84.958305,20.602585,-0.036849,0.963016,0.109469,0.243431,-1.608873,92.588531,21.26688,-0.004948,0.968399,0.128668,0.213598,-4.236307,113.167702,25.345427,0.125835,0.984499,-0.024743,0.119645,-5.588894,133.427017,30.522972,0.182627,0.967908,-0.17244,0.008082,-1.470292,147.339706,28.432474,-0.004845,0.916308,0.102417,0.387127,-9.048147,127.937592,28.080542,0.42142,-0.537785,0.132088,-0.718154,-21.292936,129.168976,15.656864,0.264292,0.109705,-0.458985,-0.841099,-11.691337,113.203117,-0.758652,0.331204,0.196309,-0.544552,-0.745138,3.021865,135.22522,-2.299317,-0.009704,0.960694,0.176062,0.21442,-2.282915,127.599716,31.169964,0.350937,0.885199,0.167663,-0.255254,13.592932,126.605438,38.434109,-0.008614,0.211589,0.471301,-0.856172,29.071873,113.303436,24.290997,-0.013337,-0.033907,0.678304,-0.733878,17.668758,133.132294,15.62736,0.057888,0.917656,0.21463,0.329378,-8.333623,84.769676,14.88061,0.105969,0.980288,-0.017323,0.165847,-7.059862,52.109631,-0.777628,-0.042182,0.949107,0.066379,0.304976,-17.215166,5.641824,-0.834027,-0.108522,0.935518,0.029224,0.334926,6.52645,85.146927,26.324562,0.04352,0.89606,-0.19835,0.394765,14.594789,49.820492,26.977432,-0.03792,0.889615,0.053269,0.452005,3.436299,6.178719,42.250751,-0.042182,0.949107,0.066379,0.304976,-8.413782,1.755163,-12.773941,-0.03792,0.889615,0.053269,0.452005,15.399666,1.949776,33.641113
375,3.125,-0.029461,0.944994,0.055703,0.320961,-0.904238,84.956245,20.6019,-0.03717,0.96301,0.109471,0.243405,-1.607538,92.586662,21.266182,-0.004483,0.968418,0.12872,0.213488,-4.249329,113.175598,25.343662,0.125771,0.984531,-0.024787,0.119445,-5.582914,133.434525,30.52763,0.182957,0.967833,-0.172521,0.007938,-1.466769,147.347565,28.434711,-0.005008,0.916281,0.102249,0.387233,-9.04767,127.948761,28.084766,0.421291,-0.537844,0.132249,-0.718156,-21.289545,129.173035,15.657516,0.264278,0.109674,-0.458903,-0.841152,-11.693207,113.203644,-0.757642,0.33126,0.196318,-0.544512,-0.745139,3.024613,135.223251,-2.297945,-0.009511,0.960711,0.176055,0.214354,-2.281672,127.604225,31.171778,0.350995,0.885198,0.167583,-0.255232,13.595284,126.603928,38.432674,-0.008038,0.21112,0.471215,-0.856341,29.07275,113.298225,24.291437,-0.012744,-0.034245,0.679344,-0.73291,17.65461,133.123627,15.631318,0.057893,0.917644,0.214639,0.329404,-8.335279,84.769348,14.881173,0.105951,0.9803,-0.017299,0.165793,-7.06113,52.109634,-0.777729,-0.041982,0.949099,0.066421,0.30502,-17.21442,5.641395,-0.835543,-0.108521,0.935492,0.029251,0.334995,6.526804,85.143143,26.322628,0.043544,0.896052,-0.198359,0.394776,14.595704,49.816811,26.974245,-0.038455,0.889636,0.053061,0.451944,3.434652,6.17556,42.247181,-0.041982,0.949099,0.066421,0.30502,-8.413722,1.754022,-12.775728,-0.038455,0.889636,0.053061,0.451944,15.400791,1.948389,33.640526
376,3.133333,-0.029428,0.945022,0.055748,0.320873,-0.902456,84.953217,20.599594,-0.037002,0.963023,0.109541,0.243348,-1.605436,92.583588,21.264757,-0.004629,0.968432,0.12861,0.213489,-4.240562,113.170029,25.346497,0.125842,0.984511,-0.024845,0.119514,-5.579111,133.430069,30.524767,0.182934,0.967834,-0.172534,0.008025,-1.460522,147.342239,28.430771,-0.004877,0.916348,0.102381,0.387042,-9.042485,127.942825,28.083313,0.421309,-0.537854,0.132207,-0.718146,-21.289572,129.172409,15.661725,0.264316,0.109579,-0.458845,-0.841184,-11.693237,113.203896,-0.754282,0.331199,0.196326,-0.544388,-0.745255,3.028157,135.220078,-2.298669,-0.009513,0.960728,0.175927,0.214387,-2.276517,127.600754,31.170658,0.351306,0.885078,0.167196,-0.255475,13.599947,126.601288,38.432735,-0.007936,0.210996,0.471473,-0.856231,29.060432,113.28112,24.286545,-0.012542,-0.034362,0.679693,-0.732584,17.65078,133.115097,15.629859,0.057819,0.917704,0.214604,0.329274,-8.334584,84.767075,14.880257,0.105989,0.980321,-0.017239,0.165652,-7.058639,52.105629,-0.774893,-0.041892,0.94909,0.066478,0.305047,-17.21451,5.637953,-0.837465,-0.10848,0.935504,0.029188,0.33498,6.529672,85.139366,26.318935,0.043571,0.896188,-0.198348,0.394469,14.594327,49.812122,26.973721,-0.038157,0.889673,0.053259,0.451873,3.436658,6.170705,42.248627,-0.041892,0.94909,0.066478,0.305047,-8.413878,1.751352,-12.777946,-0.038157,0.889673,0.053259,0.451873,15.399546,1.944667,33.636898
377,3.141667,-0.029391,0.945037,0.055665,0.320848,-0.902103,84.95295,20.600237,-0.037002,0.963029,0.109572,0.24331,-1.60411,92.583488,21.264402,-0.004584,0.968443,0.128602,0.213444,-4.239434,113.169777,25.34753,0.125846,0.984513,-0.024919,0.119483,-5.575837,133.429932,30.52594,0.183091,0.9678,-0.17256,0.008047,-1.457039,147.341705,28.429731,-0.004815,0.916364,0.102335,0.387016,-9.039902,127.942955,28.084846,0.421318,-0.537923,0.132208,-0.718088,-21.287716,129.173798,15.664092,0.264336,0.109505,-0.458757,-0.841236,-11.695082,113.203934,-0.752784,0.331145,0.196258,-0.544316,-0.745349,3.03152,135.216522,-2.299442,-0.009479,0.960736,0.175959,0.214324,-2.273637,127.600349,31.171486,0.351423,0.885037,0.167439,-0.255294,13.603802,126.599907,38.431313,-0.007625,0.210875,0.47145,-0.856276,29.064798,113.276886,24.288351,-0.012454,-0.034391,0.679825,-0.732462,17.651443,133.108063,15.628897,0.057783,0.917773,0.214567,0.329112,-8.334582,84.766937,14.881349,0.105952,0.980378,-0.017145,0.165348,-7.059988,52.10405,-0.770903,-0.042343,0.949118,0.066279,0.304941,-17.211014,5.635318,-0.838434,-0.108469,0.935494,0.029235,0.335009,6.530376,85.138962,26.319126,0.043533,0.896107,-0.19841,0.394627,14.595366,49.811737,26.970669,-0.038266,0.889675,0.053083,0.451881,3.435947,6.172332,42.250069,-0.042343,0.949118,0.066279,0.304941,-8.409164,1.747355,-12.777583,-0.038266,0.889675,0.053083,0.451881,15.399295,1.943141,33.640526
378,3.15,-0.029379,0.94505,0.055693,0.320805,-0.899812,84.953171,20.598686,-0.036828,0.963034,0.109605,0.243303,-1.601758,92.583672,21.26335,-0.004766,0.968433,0.128585,0.213495,-4.229618,113.164986,25.34861,0.125978,0.984486,-0.024984,0.11955,-5.573535,133.425262,30.524641,0.183081,0.967807,-0.172529,0.008076,-1.450608,147.335648,28.427357,-0.004574,0.916389,0.102485,0.386919,-9.035408,127.936867,28.083622,0.421384,-0.537968,0.132227,-0.718013,-21.285912,129.177124,15.66647,0.264374,0.109408,-0.458729,-0.841252,-11.695942,113.204369,-0.749135,0.331101,0.196188,-0.544196,-0.745475,3.033015,135.214783,-2.300556,-0.009477,0.960732,0.175939,0.214359,-2.269492,127.596832,31.171305,0.351565,0.88497,0.167391,-0.255364,13.607418,126.596245,38.432255,-0.007568,0.210816,0.47159,-0.856214,29.061668,113.268127,24.286739,-0.012352,-0.03448,0.679835,-0.73245,17.652952,133.104126,15.628693,0.057842,0.917745,0.214534,0.329201,-8.332817,84.767487,14.880474,0.105938,0.980338,-0.017188,0.165585,-7.061428,52.10408,-0.770947,-0.041988,0.949126,0.06645,0.304927,-17.211845,5.63522,-0.836766,-0.108482,0.935545,0.02916,0.334868,6.533194,85.138855,26.316896,0.043587,0.896156,-0.198426,0.394502,14.597357,49.81152,26.972622,-0.03781,0.889673,0.053193,0.45191,3.434858,6.173158,42.252743,-0.041988,0.949126,0.06645,0.304927,-8.413321,1.748676,-12.77882,-0.03781,0.889673,0.053193,0.45191,15.395162,1.940688,33.640583
379,3.158333,-0.029396,0.945066,0.05574,0.320748,-0.895832,84.954819,20.59857,-0.036946,0.963032,0.109554,0.243316,-1.598209,92.585228,21.263878,-0.004536,0.968423,0.128695,0.213481,-4.230983,113.171242,25.346714,0.12598,0.984495,-0.024968,0.119477,-5.566469,133.43042,30.529217,0.183225,0.967752,-0.172688,0.007988,-1.443807,147.340912,28.432053,-0.004512,0.916375,0.102592,0.386925,-9.030712,127.94416,28.086758,0.421279,-0.538059,0.13248,-0.71796,-21.281096,129.187881,15.669828,0.26437,0.1092,-0.458666,-0.841314,-11.699291,113.207367,-0.742988,0.331144,0.196037,-0.544255,-0.745452,3.034838,135.213058,-2.30233,-0.009305,0.960716,0.175976,0.214408,-2.264675,127.600479,31.173779,0.351649,0.884917,0.167443,-0.255398,13.611616,126.593521,38.435207,-0.007454,0.210754,0.471626,-0.85621,29.062086,113.263611,24.287251,-0.012267,-0.03438,0.679943,-0.732356,17.653841,133.099701,15.629284,0.057837,0.917814,0.214441,0.329071,-8.329503,84.769058,14.881224,0.105914,0.98038,-0.017103,0.165361,-7.0623,52.102722,-0.764416,-0.042328,0.94912,0.066402,0.304912,-17.209152,5.633089,-0.835396,-0.108443,0.935594,0.029097,0.334749,6.53784,85.140587,26.315916,0.043597,0.896171,-0.19842,0.39447,14.598001,49.812378,26.973915,-0.038204,0.889686,0.053168,0.451855,3.435474,6.173864,42.253601,-0.042328,0.94912,0.066402,0.304912,-8.407938,1.748424,-12.776083,-0.038204,0.889686,0.053168,0.451855,15.398116,1.946079,33.642387
380,3.166667,-0.029429,0.945093,0.055719,0.32067,-0.893016,84.955994,20.598354,-0.036969,0.963047,0.10959,0.243235,-1.595719,92.586411,21.263241,-0.00445,0.968438,0.128738,0.213388,-4.229497,113.172302,25.34757,0.125954,0.984503,-0.025066,0.119423,-5.561388,133.431061,30.532679,0.18332,0.967722,-0.172755,0.008025,-1.439381,147.341263,28.4324,-0.00466,0.916232,0.102783,0.387212,-9.026821,127.945496,28.090313,0.421105,-0.538197,0.132681,-0.71792,-21.269365,129.188095,15.665547,0.264181,0.109181,-0.458694,-0.841361,-11.69763,113.202408,-0.748101,0.331144,0.19592,-0.544233,-0.745499,3.036407,135.210754,-2.303905,-0.009204,0.960697,0.176082,0.214411,-2.260184,127.600632,31.175882,0.351793,0.884841,0.167231,-0.255602,13.616115,126.589478,38.436691,-0.007564,0.210753,0.471801,-0.856113,29.056358,113.253532,24.283257,-0.012307,-0.034445,0.679947,-0.732348,17.656166,133.095856,15.628892,0.057907,0.917815,0.214469,0.329038,-8.327595,84.769409,14.882219,0.105899,0.980337,-0.017165,0.165621,-7.064871,52.104534,-0.766821,-0.04242,0.949109,0.06634,0.304946,-17.211296,5.634803,-0.834489,-0.108417,0.935632,0.029036,0.334658,6.541563,85.142586,26.314491,0.043633,0.896181,-0.198406,0.394449,14.598569,49.813705,26.975233,-0.037778,0.889646,0.053232,0.451962,3.433831,6.174988,42.252708,-0.04242,0.949109,0.06634,0.304946,-8.408489,1.749298,-12.773724,-0.037778,0.889646,0.053232,0.451962,15.394971,1.943117,33.641422
381,3.175,-0.029385,0.945103,0.055677,0.320651,-0.893644,84.95591,20.596272,-0.036894,0.963052,0.109647,0.243201,-1.59549,92.586433,21.260786,-0.00443,0.968444,0.128744,0.213357,-4.226622,113.171722,25.348209,0.126077,0.984491,-0.025028,0.119397,-5.557547,133.430405,30.533773,0.183322,0.967697,-0.172893,0.007948,-1.432316,147.339874,28.434872,-0.004684,0.916276,0.102659,0.38714,-9.023313,127.945007,28.091543,0.421115,-0.538286,0.132579,-0.717867,-21.267818,129.184891,15.668435,0.264201,0.109092,-0.458649,-0.841391,-11.699443,113.201096,-0.749026,0.331221,0.195737,-0.544252,-0.745499,3.038025,135.207321,-2.308488,-0.009201,0.960723,0.176113,0.214267,-2.256475,127.599884,31.176645,0.351956,0.884799,0.167132,-0.255588,13.621993,126.589272,38.432796,-0.007517,0.210712,0.471866,-0.856088,29.056919,113.245544,24.280888,-0.012329,-0.034459,0.67995,-0.732345,17.658672,133.08989,15.627263,0.057855,0.917817,0.214434,0.329064,-8.328493,84.769829,14.880469,0.105929,0.980364,-0.017115,0.165449,-7.062756,52.103413,-0.765124,-0.041968,0.949132,0.066498,0.304903,-17.21122,5.634135,-0.836138,-0.108395,0.935606,0.029043,0.334737,6.541204,85.141983,26.312075,0.043594,0.896163,-0.198433,0.394482,14.596825,49.81279,26.972479,-0.037629,0.889667,0.053231,0.451933,3.433821,6.174761,42.253181,-0.041968,0.949132,0.066498,0.304903,-8.413401,1.748728,-12.779084,-0.037629,0.889667,0.053231,0.451933,15.393103,1.94084,33.640324
382,3.183333,-0.029365,0.945119,0.055601,0.320618,-0.891124,84.954552,20.595261,-0.036922,0.963054,0.109717,0.243159,-1.592276,92.585228,21.258801,-0.004361,0.968457,0.128732,0.213307,-4.225097,113.169983,25.348919,0.126301,0.984464,-0.025035,0.119378,-5.552882,133.428818,30.534708,0.183278,0.967684,-0.173015,0.007883,-1.421429,147.336502,28.436333,-0.004454,0.916305,0.102601,0.387089,-9.019621,127.943863,28.092876,0.421094,-0.538373,0.132673,-0.717797,-21.265562,129.190155,15.671827,0.264267,0.108919,-0.458557,-0.841442,-11.703112,113.202225,-0.745048,0.331261,0.195645,-0.544282,-0.745484,3.040774,135.203476,-2.312268,-0.009128,0.960732,0.176054,0.21428,-2.25246,127.597878,31.17717,0.352067,0.884749,0.166993,-0.255697,13.625853,126.585182,38.433372,-0.007547,0.210661,0.471924,-0.856068,29.0541,113.236557,24.278814,-0.012378,-0.034396,0.680107,-0.732201,17.657112,133.083832,15.627975,0.057834,0.917852,0.214416,0.32898,-8.3264,84.768333,14.880019,0.10593,0.980402,-0.017074,0.165226,-7.061179,52.101196,-0.764103,-0.041903,0.949142,0.066549,0.304868,-17.209059,5.631783,-0.836664,-0.10832,0.9356,0.029009,0.33478,6.544151,85.14077,26.310503,0.043565,0.8962,-0.198413,0.394411,14.593903,49.810246,26.971737,-0.037585,0.889675,0.053273,0.451915,3.435326,6.171208,42.252804,-0.041903,0.949142,0.066549,0.304868,-8.412592,1.747181,-12.780866,-0.037585,0.889675,0.053273,0.451915,15.394038,1.937788,33.638908
383,3.191667,-0.029295,0.945124,0.055541,0.32062,-0.892251,84.95388,20.593166,-0.036847,0.963036,0.109807,0.243202,-1.592096,92.584717,21.256182,-0.00428,0.968451,0.12867,0.213372,-4.222944,113.168785,25.350586,0.126304,0.984456,-0.025048,0.119444,-5.547244,133.428329,30.534538,0.1833,0.967658,-0.173135,0.007941,-1.415402,147.335892,28.436098,-0.004651,0.916343,0.102575,0.387005,-9.014814,127.943848,28.092789,0.421017,-0.53844,0.132582,-0.717809,-21.26297,129.183151,15.673229,0.264166,0.108866,-0.458555,-0.841482,-11.702882,113.199043,-0.748749,0.331231,0.195535,-0.54435,-0.745477,3.042339,135.200851,-2.315698,-0.009085,0.960737,0.176016,0.21429,-2.248056,127.596786,31.177843,0.35222,0.884677,0.166976,-0.255746,13.630136,126.58287,38.434132,-0.007478,0.210656,0.472053,-0.855999,29.051804,113.228966,24.277372,-0.01242,-0.034527,0.680114,-0.732188,17.660995,133.078766,15.626166,0.057973,0.917776,0.214336,0.329221,-8.327578,84.768539,14.877961,0.105629,0.980516,-0.01708,0.16474,-7.069433,52.100075,-0.763968,-0.041897,0.949296,0.066761,0.304344,-17.189753,5.624646,-0.826203,-0.108329,0.935607,0.029006,0.334758,6.543075,85.139221,26.308369,0.043548,0.896154,-0.198387,0.394531,14.593406,49.808838,26.96983,-0.038017,0.889669,0.05312,0.451908,3.435171,6.168702,42.248009,-0.041897,0.949296,0.066761,0.304344,-8.405829,1.745662,-12.781456,-0.038017,0.889669,0.05312,0.451908,15.396992,1.937105,33.637535
384,3.2,-0.029323,0.945128,0.055562,0.320603,-0.888035,84.953842,20.59133,-0.036838,0.963025,0.109836,0.243232,-1.588379,92.584625,21.25453,-0.004286,0.968437,0.128701,0.213421,-4.219186,113.167717,25.349945,0.126256,0.984461,-0.025083,0.119442,-5.544251,133.426926,30.534992,0.183462,0.967632,-0.173108,0.007935,-1.413678,147.334702,28.435379,-0.004354,0.91632,0.102786,0.387006,-9.01151,127.942566,28.092558,0.420925,-0.538492,0.132862,-0.717772,-21.259737,129.194275,15.674302,0.264142,0.10868,-0.45852,-0.841533,-11.706103,113.201797,-0.743292,0.331227,0.195424,-0.544239,-0.745589,3.042351,135.1996,-2.317136,-0.009044,0.960733,0.176041,0.214291,-2.245059,127.595375,31.178278,0.352249,0.884664,0.166976,-0.255753,13.633142,126.579895,38.434334,-0.007507,0.210654,0.472065,-0.855993,29.053631,113.225029,24.277193,-0.012512,-0.034538,0.680141,-0.732161,17.663019,133.076019,15.62659,0.057917,0.917825,0.214287,0.329127,-8.323531,84.76812,14.876357,0.10569,0.980533,-0.017049,0.164601,-7.064447,52.097668,-0.761349,-0.042263,0.949276,0.066605,0.30439,-17.189846,5.623346,-0.825998,-0.108326,0.935598,0.029117,0.334775,6.547462,85.139572,26.306301,0.043494,0.896035,-0.198519,0.394741,14.600259,49.809612,26.96031,-0.037947,0.889688,0.053055,0.451886,3.438171,6.174016,42.248642,-0.042263,0.949276,0.066605,0.30439,-8.401687,1.743473,-12.777848,-0.037947,0.889688,0.053055,0.451886,15.398714,1.939775,33.637684
385,3.208333,-0.029312,0.945135,0.055605,0.320574,-0.885331,84.955063,20.589443,-0.036843,0.96303,0.109821,0.24322,-1.585714,92.585777,21.253338,-0.004245,0.96843,0.128785,0.213402,-4.216595,113.169548,25.348234,0.126415,0.984443,-0.025131,0.119417,-5.540649,133.427856,30.537054,0.183445,0.967631,-0.173135,0.00788,-1.405573,147.334152,28.436543,-0.00431,0.916346,0.102771,0.386948,-9.008227,127.944077,28.093771,0.420878,-0.538529,0.13286,-0.717772,-21.258034,129.196762,15.677175,0.264098,0.108641,-0.458486,-0.84157,-11.706382,113.204826,-0.74209,0.331134,0.195452,-0.544274,-0.745597,3.044266,135.201279,-2.315903,-0.008962,0.960725,0.17607,0.214307,-2.241654,127.596069,31.179125,0.352304,0.884614,0.167245,-0.255675,13.636369,126.577507,38.435139,-0.007405,0.210561,0.472152,-0.855968,29.056904,113.223885,24.276878,-0.012361,-0.03459,0.680071,-0.732225,17.669033,133.07579,15.628592,0.057935,0.917826,0.21426,0.329139,-8.321185,84.769753,14.874927,0.10564,0.980526,-0.017075,0.164671,-7.063785,52.098595,-0.761449,-0.041905,0.949333,0.066838,0.304209,-17.184984,5.623359,-0.82356,-0.108326,0.935617,0.028993,0.334733,6.550524,85.140381,26.303963,0.043536,0.896052,-0.198559,0.394677,14.600327,49.809891,26.966017,-0.037951,0.889738,0.053096,0.451782,3.43433,6.176144,42.256744,-0.041905,0.949333,0.066838,0.304209,-8.404179,1.746561,-12.781813,-0.037951,0.889738,0.053096,0.451782,15.393087,1.943005,33.642769
386,3.216667,-0.029314,0.945136,0.055635,0.320566,-0.881432,84.955681,20.58704,-0.036866,0.963028,0.10985,0.243208,-1.581978,92.586342,21.251371,-0.00417,0.968431,0.128815,0.213377,-4.214146,113.170555,25.347406,0.126298,0.984467,-0.025097,0.119346,-5.535306,133.428558,30.53812,0.183655,0.967598,-0.173102,0.007839,-1.403875,147.335968,28.43782,-0.004284,0.916337,0.102943,0.386926,-9.003739,127.945435,28.094587,0.420883,-0.538632,0.132862,-0.717691,-21.254152,129.201202,15.678901,0.264051,0.108625,-0.458438,-0.841613,-11.70805,113.207436,-0.741804,0.331021,0.19543,-0.544201,-0.745707,3.044747,135.201721,-2.31424,-0.008824,0.960734,0.176035,0.214299,-2.236997,127.596306,31.179445,0.352248,0.884622,0.167375,-0.255639,13.641233,126.573433,38.434399,-0.007452,0.210495,0.472139,-0.855992,29.064651,113.22348,24.275824,-0.012338,-0.034592,0.680123,-0.732178,17.67417,133.07692,15.63063,0.05802,0.9178,0.214237,0.329211,-8.317386,84.770515,14.872644,0.105661,0.980509,-0.017088,0.164759,-7.064978,52.099377,-0.764169,-0.042579,0.94928,0.066508,0.304354,-17.188295,5.624595,-0.826345,-0.108328,0.935649,0.028928,0.334647,6.55452,85.140846,26.301435,0.043571,0.896081,-0.198521,0.394627,14.602963,49.810116,26.967207,-0.037828,0.889714,0.053189,0.451829,3.436259,6.175226,42.254185,-0.042579,0.94928,0.066508,0.304354,-8.398266,1.744961,-12.776899,-0.037828,0.889714,0.053189,0.451829,15.395172,1.942872,33.640038
387,3.225,-0.029291,0.945139,0.055591,0.320568,-0.879553,84.955574,20.585239,-0.036877,0.96302,0.1099,0.243216,-1.579556,92.586327,21.249043,-0.004119,0.96843,0.128824,0.213381,-4.212821,113.171021,25.347111,0.126244,0.984475,-0.025199,0.119319,-5.531981,133.428955,30.538624,0.183775,0.967582,-0.17306,0.007851,-1.401883,147.336273,28.435104,-0.004236,0.91636,0.102906,0.38688,-9.00096,127.946259,28.094894,0.420828,-0.538651,0.132924,-0.717698,-21.252628,129.202896,15.680536,0.264028,0.108619,-0.458432,-0.841624,-11.708357,113.207962,-0.740097,0.33101,0.195509,-0.544146,-0.745731,3.044719,135.20195,-2.312064,-0.008815,0.96071,0.176162,0.214303,-2.234236,127.596344,31.179705,0.35225,0.884643,0.166992,-0.255814,13.64394,126.572166,38.434593,-0.007611,0.21056,0.472193,-0.855944,29.062834,113.21833,24.274754,-0.012337,-0.034595,0.68029,-0.732022,17.67565,133.075668,15.630569,0.058002,0.917803,0.214231,0.329208,-8.315507,84.770538,14.87084,0.105667,0.980502,-0.017124,0.164797,-7.062095,52.099049,-0.76516,-0.041974,0.949319,0.066862,0.30424,-17.186565,5.624524,-0.824482,-0.108328,0.935609,0.029094,0.334746,6.556401,85.14061,26.299637,0.043382,0.895739,-0.198608,0.395379,14.608762,49.810577,26.955042,-0.038041,0.889686,0.052978,0.45189,3.442063,6.177402,42.246914,-0.041974,0.949319,0.066862,0.30424,-8.404313,1.749061,-12.782103,-0.038041,0.889686,0.052978,0.45189,15.403234,1.942397,33.637207
388,3.233333,-0.029245,0.945144,0.055555,0.320564,-0.878213,84.954208,20.583368,-0.036838,0.963015,0.109961,0.243214,-1.577366,92.585068,21.246874,-0.004084,0.968434,0.128785,0.213386,-4.209541,113.168243,25.347599,0.126328,0.984467,-0.025083,0.119321,-5.526969,133.426605,30.537868,0.183754,0.967578,-0.173109,0.007792,-1.39483,147.333862,28.437943,-0.004232,0.916398,0.10284,0.38681,-8.996419,127.944054,28.094477,0.420687,-0.538711,0.132911,-0.717738,-21.25,129.199677,15.681898,0.263896,0.108653,-0.458406,-0.841675,-11.708765,113.207458,-0.743143,0.330928,0.195569,-0.544145,-0.745752,3.045175,135.201233,-2.309751,-0.008758,0.960735,0.176,0.214326,-2.229721,127.593758,31.179302,0.35244,0.884555,0.166822,-0.255969,13.648145,126.568756,38.434757,-0.007698,0.210553,0.4724,-0.855831,29.056471,113.20726,24.270638,-0.012408,-0.034695,0.680339,-0.731971,17.678488,133.071838,15.629848,0.057974,0.917797,0.214245,0.329223,-8.314261,84.76976,14.869073,0.105706,0.980505,-0.017137,0.164749,-7.058386,52.098465,-0.767133,-0.041929,0.949307,0.066857,0.304283,-17.18671,5.624771,-0.825324,-0.108311,0.935625,0.029088,0.334707,6.557837,85.138657,26.297665,0.043407,0.895747,-0.198619,0.395351,14.608955,49.808331,26.952671,-0.037969,0.889653,0.053062,0.451951,3.440177,6.175798,42.244839,-0.041929,0.949307,0.066857,0.304283,-8.403805,1.748765,-12.782293,-0.037969,0.889653,0.053062,0.451951,15.40218,1.942072,33.635658
389,3.241667,-0.029192,0.945154,0.055513,0.320547,-0.876714,84.953339,20.58165,-0.036845,0.96301,0.110018,0.24321,-1.574879,92.58432,21.24482,-0.004016,0.968444,0.128711,0.213385,-4.207697,113.165558,25.347523,0.126335,0.984458,-0.025122,0.119375,-5.521709,133.424744,30.535429,0.183715,0.967582,-0.173125,0.007903,-1.389062,147.331726,28.434694,-0.004131,0.916437,0.102805,0.386726,-8.992107,127.942482,28.092766,0.420694,-0.538724,0.132915,-0.717723,-21.247982,129.200562,15.682708,0.263878,0.10867,-0.458376,-0.841695,-11.7075,113.207817,-0.742272,0.330857,0.195563,-0.544099,-0.745819,3.047467,135.200531,-2.307086,-0.00877,0.96073,0.175986,0.214358,-2.225396,127.591446,31.177479,0.352525,0.884517,0.166831,-0.255976,13.651979,126.566765,38.434048,-0.007617,0.210544,0.472522,-0.855766,29.057152,113.202377,24.26923,-0.01237,-0.03493,0.680425,-0.73188,17.684862,133.069397,15.627815,0.057961,0.917778,0.214267,0.329263,-8.313034,84.769554,14.867687,0.105741,0.98048,-0.017177,0.164873,-7.055129,52.098835,-0.769547,-0.042008,0.949294,0.066737,0.30434,-17.187265,5.625972,-0.825861,-0.108213,0.935642,0.028901,0.334706,6.559605,85.137123,26.295614,0.043545,0.896082,-0.198504,0.394636,14.599699,49.804478,26.960936,-0.037498,0.889621,0.053336,0.452022,3.435665,6.168711,42.247337,-0.042008,0.949294,0.066737,0.30434,-8.402473,1.747374,-12.780601,-0.037498,0.889621,0.053336,0.452022,15.39588,1.935787,33.635281
390,3.25,-0.02917,0.945157,0.055542,0.320534,-0.874804,84.951477,20.578829,-0.036857,0.963012,0.110013,0.243201,-1.572779,92.582428,21.242538,-0.003935,0.968443,0.128762,0.213363,-4.206301,113.16581,25.345341,0.126386,0.984456,-0.025167,0.119328,-5.517331,133.424484,30.536043,0.183748,0.967581,-0.173095,0.007854,-1.383305,147.330856,28.43399,-0.00403,0.916552,0.102641,0.386499,-8.988603,127.942993,28.092867,0.420764,-0.538702,0.132783,-0.717723,-21.250641,129.201263,15.688911,0.263984,0.108676,-0.458331,-0.841685,-11.707236,113.211823,-0.737599,0.33086,0.195705,-0.544053,-0.745814,3.048892,135.201645,-2.30406,-0.008722,0.960722,0.176031,0.214363,-2.22174,127.590652,31.177101,0.352565,0.884488,0.166833,-0.256019,13.655599,126.563988,38.433487,-0.007577,0.210502,0.47263,-0.855718,29.05826,113.198723,24.266752,-0.012246,-0.035086,0.680528,-0.731779,17.690022,133.068756,15.62666,0.057896,0.917826,0.214306,0.329115,-8.311304,84.76825,14.86508,0.105771,0.980471,-0.01724,0.164898,-7.050573,52.098202,-0.773339,-0.041941,0.949312,0.066741,0.304291,-17.186419,5.626136,-0.824498,-0.108268,0.935622,0.029064,0.334732,6.561697,85.134712,26.292578,0.043567,0.896038,-0.198744,0.394612,14.609339,49.803604,26.9484,-0.037482,0.889704,0.053116,0.451886,3.43505,6.17711,42.25378,-0.041941,0.949312,0.066741,0.304291,-8.403436,1.746991,-12.780396,-0.037482,0.889704,0.053116,0.451886,15.391724,1.938151,33.639767
391,3.258333,-0.029243,0.945153,0.055627,0.320525,-0.871002,84.951607,20.576914,-0.036801,0.96301,0.110018,0.243216,-1.570446,92.582352,21.241499,-0.003996,0.968432,0.128783,0.213399,-4.201669,113.164948,25.344893,0.126361,0.984459,-0.025134,0.119343,-5.515574,133.42337,30.535845,0.183868,0.967564,-0.17306,0.00786,-1.382278,147.330109,28.434694,-0.004001,0.916572,0.102469,0.386497,-8.985974,127.941513,28.092253,0.420781,-0.538675,0.132735,-0.717742,-21.248072,129.19838,15.68821,0.263975,0.108803,-0.458356,-0.841658,-11.702591,113.210655,-0.738746,0.330901,0.195733,-0.544033,-0.745802,3.05158,135.20372,-2.299881,-0.008617,0.96073,0.176019,0.214339,-2.21935,127.58992,31.177095,0.352509,0.884497,0.166839,-0.256062,13.658404,126.559952,38.432098,-0.007818,0.210508,0.472592,-0.855735,29.061932,113.197411,24.263737,-0.012425,-0.03485,0.680547,-0.73177,17.691841,133.069092,15.628595,0.058021,0.917797,0.214277,0.329192,-8.307532,84.767593,14.863227,0.105696,0.980452,-0.017295,0.165056,-7.054534,52.09771,-0.776152,-0.04226,0.949315,0.066656,0.304255,-17.184275,5.624315,-0.82264,-0.108262,0.935646,0.029067,0.334665,6.565528,85.135628,26.290602,0.043627,0.896091,-0.198731,0.394492,14.612892,49.80444,26.945469,-0.037397,0.889643,0.053177,0.452006,3.436014,6.177926,42.248917,-0.04226,0.949315,0.066656,0.304255,-8.399364,1.745775,-12.77732,-0.037397,0.889643,0.053177,0.452006,15.394447,1.939445,33.637108
392,3.266667,-0.029249,0.945147,0.055701,0.320529,-0.868017,84.953461,20.572945,-0.036776,0.96301,0.110064,0.243198,-1.567912,92.584061,21.238569,-0.003993,0.968435,0.128794,0.213378,-4.198359,113.165245,25.343906,0.126383,0.984455,-0.025189,0.119341,-5.512115,133.423553,30.535353,0.183912,0.967562,-0.173025,0.007898,-1.378064,147.329834,28.432718,-0.003917,0.916521,0.102606,0.386582,-8.9826,127.941727,28.091795,0.420693,-0.53871,0.132889,-0.717739,-21.242424,129.203445,15.686001,0.263875,0.108813,-0.45833,-0.841703,-11.700849,113.211861,-0.739467,0.330754,0.195805,-0.543927,-0.745926,3.05448,135.204361,-2.297144,-0.008582,0.960717,0.176095,0.214336,-2.21584,127.590111,31.176332,0.352454,0.884503,0.167234,-0.255857,13.661986,126.558411,38.430931,-0.007579,0.210429,0.472545,-0.855782,29.072624,113.201477,24.265018,-0.012275,-0.035004,0.680489,-0.731819,17.699232,133.068985,15.627522,0.057923,0.917867,0.214224,0.32905,-8.304486,84.769783,14.859168,0.105766,0.980471,-0.01728,0.164897,-7.048746,52.097404,-0.774781,-0.041919,0.949324,0.066876,0.304227,-17.184765,5.625382,-0.822201,-0.108277,0.935644,0.028994,0.334674,6.568452,85.137131,26.286718,0.043446,0.895736,-0.198728,0.395319,14.615088,49.805878,26.947033,-0.037513,0.88963,0.05321,0.452017,3.439602,6.177747,42.246899,-0.041919,0.949324,0.066876,0.304227,-8.403298,1.749805,-12.780367,-0.037513,0.88963,0.05321,0.452017,15.399387,1.941721,33.635769
393,3.275,-0.029287,0.945153,0.055701,0.320509,-0.864503,84.952614,20.571999,-0.036736,0.963011,0.110042,0.24321,-1.564937,92.583191,21.237452,-0.004035,0.968422,0.12884,0.213407,-4.193783,113.166176,25.342545,0.126344,0.984456,-0.025277,0.119351,-5.509834,133.423965,30.535402,0.184034,0.96755,-0.172961,0.007943,-1.376571,147.330093,28.430185,-0.003855,0.916583,0.102555,0.386451,-8.979621,127.942001,28.091183,0.420707,-0.538691,0.132844,-0.717754,-21.243021,129.204529,15.689007,0.263933,0.108796,-0.458285,-0.841711,-11.6998,113.214493,-0.737013,0.33076,0.195854,-0.543912,-0.745922,3.057904,135.205276,-2.29614,-0.00851,0.960713,0.176142,0.214317,-2.213054,127.59079,31.176189,0.352464,0.884494,0.167306,-0.255827,13.665088,126.556442,38.429714,-0.007554,0.210427,0.472556,-0.855777,29.076153,113.199928,24.263885,-0.012281,-0.034962,0.680577,-0.731739,17.703459,133.067078,15.626146,0.057953,0.917842,0.214332,0.329042,-8.301171,84.76825,14.85851,0.106002,0.980297,-0.01741,0.165767,-7.044864,52.099483,-0.782944,-0.041879,0.949174,0.066736,0.304732,-17.204582,5.632633,-0.830907,-0.108244,0.935689,0.028924,0.334562,6.572165,85.136986,26.28549,0.043634,0.896044,-0.198741,0.394592,14.614961,49.80492,26.948738,-0.03786,0.889686,0.053118,0.451889,3.435402,6.178874,42.251545,-0.041879,0.949174,0.066736,0.304732,-8.41132,1.753021,-12.779085,-0.03786,0.889686,0.053118,0.451889,15.395483,1.945116,33.639709
394,3.283333,-0.029247,0.945167,0.05566,0.320478,-0.863461,84.952408,20.569328,-0.03671,0.963012,0.110084,0.243189,-1.563101,92.583084,21.234407,-0.004007,0.968427,0.128825,0.213393,-4.191089,113.164612,25.341282,0.126358,0.984453,-0.0253,0.119361,-5.50577,133.422577,30.533834,0.184061,0.967542,-0.172975,0.007982,-1.372024,147.328476,28.428047,-0.003831,0.916592,0.102595,0.386418,-8.975966,127.940773,28.08984,0.420649,-0.538652,0.13293,-0.717801,-21.24024,129.204529,15.688649,0.263911,0.108741,-0.458276,-0.84173,-11.696078,113.21347,-0.735834,0.330745,0.19582,-0.543883,-0.745958,3.062696,135.203384,-2.296695,-0.008525,0.960716,0.176092,0.214347,-2.209305,127.589211,31.174603,0.352583,0.884442,0.167041,-0.256018,13.668386,126.55555,38.429218,-0.00753,0.210423,0.472681,-0.855709,29.07045,113.19294,24.259327,-0.012201,-0.034955,0.680893,-0.731447,17.703098,133.064133,15.621677,0.057971,0.917876,0.214262,0.32899,-8.30055,84.768448,14.85637,0.105763,0.98047,-0.017352,0.1649,-7.048057,52.097683,-0.781208,-0.041949,0.949315,0.066914,0.304244,-17.184948,5.625844,-0.821858,-0.108245,0.935669,0.028934,0.334618,6.573629,85.136368,26.282288,0.043457,0.895741,-0.198798,0.395271,14.616695,49.804356,26.945396,-0.037932,0.889701,0.053083,0.451858,3.43854,6.178999,42.251194,-0.041949,0.949315,0.066914,0.304244,-8.402721,1.751609,-12.779901,-0.037932,0.889701,0.053083,0.451858,15.398531,1.945264,33.639221
395,3.291667,-0.029214,0.945177,0.055638,0.320457,-0.86258,84.952393,20.567249,-0.036726,0.96302,0.11012,0.243141,-1.561616,92.583138,21.232193,-0.003979,0.968443,0.128812,0.213332,-4.190213,113.162849,25.340223,0.12637,0.984454,-0.025328,0.119328,-5.503323,133.420959,30.532593,0.184081,0.967542,-0.172955,0.007993,-1.369293,147.32663,28.4259,-0.00378,0.916577,0.102598,0.386453,-8.974081,127.939262,28.089151,0.420654,-0.53863,0.132964,-0.717808,-21.237442,129.204788,15.687241,0.263955,0.108724,-0.458262,-0.841726,-11.692563,113.212791,-0.735903,0.330795,0.195814,-0.543874,-0.745945,3.066824,135.201614,-2.298374,-0.008533,0.960727,0.176038,0.214339,-2.207029,127.587463,31.173027,0.352608,0.884466,0.166842,-0.256032,13.67077,126.554527,38.427509,-0.00756,0.210586,0.472676,-0.855672,29.0716,113.187958,24.260014,-0.012321,-0.034905,0.680834,-0.731502,17.707464,133.058243,15.6167,0.05799,0.917856,0.214248,0.329052,-8.29996,84.76886,14.854656,0.105767,0.980472,-0.017356,0.164883,-7.047968,52.097816,-0.782377,-0.041828,0.949317,0.066882,0.304259,-17.185226,5.626056,-0.822507,-0.108136,0.935643,0.028757,0.33474,6.5748,85.135918,26.279842,0.04361,0.896051,-0.198623,0.394639,14.606261,49.801464,26.95332,-0.037723,0.889583,0.053303,0.452083,3.432261,6.170732,42.246826,-0.041828,0.949317,0.066882,0.304259,-8.40381,1.749777,-12.780486,-0.037723,0.889583,0.053303,0.452083,15.395477,1.940013,33.637852
396,3.3,-0.029173,0.945177,0.055631,0.320459,-0.860245,84.952293,20.564451,-0.036675,0.963022,0.110113,0.243143,-1.558645,92.583092,21.229504,-0.003982,0.968439,0.128829,0.213339,-4.184996,113.162025,25.33757,0.126408,0.984457,-0.025235,0.119284,-5.498435,133.419952,30.530575,0.184087,0.967537,-0.172982,0.007863,-1.363782,147.325821,28.426451,-0.00379,0.916586,0.102697,0.386405,-8.969087,127.938293,28.086901,0.420727,-0.538632,0.132951,-0.717766,-21.233727,129.204636,15.68635,0.264017,0.108682,-0.458243,-0.841723,-11.688796,113.21138,-0.735529,0.330829,0.195701,-0.543889,-0.745947,3.07214,135.19928,-2.301154,-0.008506,0.960712,0.176029,0.214415,-2.202081,127.586472,31.170876,0.352651,0.884438,0.166874,-0.256045,13.674601,126.552223,38.427605,-0.007425,0.210577,0.472671,-0.855678,29.073572,113.184738,24.258959,-0.012278,-0.034831,0.680969,-0.73138,17.70908,133.053558,15.612849,0.057944,0.917891,0.214228,0.328977,-8.297639,84.76947,14.851856,0.105807,0.980489,-0.017348,0.164761,-7.044388,52.097416,-0.782955,-0.042036,0.9493,0.066796,0.304305,-17.185207,5.626431,-0.823208,-0.108143,0.935625,0.028747,0.334789,6.577149,85.135117,26.277048,0.043601,0.896037,-0.198646,0.39466,14.608738,49.800724,26.951778,-0.038104,0.889654,0.053142,0.45193,3.434259,6.170821,42.247276,-0.042036,0.9493,0.066796,0.304305,-8.400885,1.749739,-12.778911,-0.038104,0.889654,0.053142,0.45193,15.397337,1.94102,33.637665
397,3.308333,-0.029165,0.945183,0.055657,0.320438,-0.858249,84.95369,20.561642,-0.036613,0.963018,0.110153,0.243152,-1.556658,92.58445,21.227116,-0.003984,0.968431,0.128838,0.213367,-4.180889,113.162949,25.337357,0.126417,0.98445,-0.025266,0.119328,-5.49462,133.420776,30.530676,0.18406,0.967534,-0.173023,0.007917,-1.359436,147.326401,28.425901,-0.003631,0.916588,0.102579,0.386434,-8.965135,127.939156,28.086693,0.420789,-0.538656,0.133026,-0.717698,-21.229033,129.209152,15.685764,0.264089,0.108655,-0.458242,-0.841704,-11.686332,113.21151,-0.733168,0.330908,0.195643,-0.543898,-0.745921,3.074881,135.198792,-2.301828,-0.008408,0.960738,0.175874,0.214429,-2.198305,127.58728,31.171053,0.352669,0.884414,0.16706,-0.255982,13.678228,126.550819,38.427811,-0.007374,0.210606,0.472643,-0.855687,29.078182,113.184822,24.258821,-0.012284,-0.034577,0.680808,-0.731542,17.713547,133.051025,15.610642,0.057934,0.917858,0.214265,0.329044,-8.295907,84.771118,14.849375,0.106065,0.980316,-0.017449,0.16561,-7.039905,52.100121,-0.787437,-0.041878,0.949148,0.066654,0.304832,-17.206024,5.634665,-0.831202,-0.108159,0.935614,0.028829,0.334808,6.579408,85.136261,26.273907,0.043601,0.896007,-0.198748,0.394677,14.614081,49.802464,26.943666,-0.0382,0.889637,0.053036,0.451967,3.435617,6.1764,42.247231,-0.041878,0.949148,0.066654,0.304832,-8.410482,1.752774,-12.776971,-0.0382,0.889637,0.053036,0.451967,15.399858,1.945122,33.63995
398,3.316667,-0.029168,0.945191,0.055698,0.320407,-0.85438,84.956062,20.558739,-0.036611,0.963018,0.110186,0.243134,-1.553009,92.586746,21.224812,-0.003999,0.96843,0.128863,0.213356,-4.177283,113.164032,25.336266,0.126698,0.984414,-0.025287,0.119318,-5.491778,133.421585,30.530458,0.183909,0.96756,-0.173043,0.007812,-1.348706,147.324905,28.426044,-0.003656,0.916587,0.102596,0.386432,-8.962105,127.939926,28.086311,0.421017,-0.538699,0.132854,-0.717564,-21.226061,129.209335,15.685387,0.26422,0.108692,-0.458208,-0.841677,-11.683404,113.211731,-0.733586,0.330938,0.19551,-0.543829,-0.745994,3.078572,135.197449,-2.303422,-0.00839,0.9607,0.176087,0.214428,-2.195205,127.588203,31.170532,0.352614,0.884424,0.167333,-0.255846,13.681346,126.549553,38.426929,-0.007232,0.210638,0.472556,-0.855728,29.086674,113.188171,24.259441,-0.012289,-0.034501,0.680678,-0.731667,17.718843,133.049942,15.606297,0.057956,0.917884,0.214214,0.329003,-8.292411,84.773651,14.846955,0.106086,0.980311,-0.017445,0.165628,-7.039889,52.101265,-0.78724,-0.042199,0.949125,0.066529,0.304884,-17.207956,5.636242,-0.831928,-0.108163,0.935646,0.028812,0.33472,6.583651,85.138474,26.270521,0.043719,0.896123,-0.19886,0.394342,14.618219,49.804668,26.940742,-0.038124,0.889683,0.052994,0.451888,3.43131,6.183827,42.253029,-0.042199,0.949125,0.066529,0.304884,-8.408384,1.753917,-12.774587,-0.038124,0.889683,0.052994,0.451888,15.393225,1.950374,33.643585
399,3.325,-0.029212,0.945191,0.055767,0.320393,-0.849002,84.959183,20.555967,-0.036642,0.963015,0.110188,0.243141,-1.548598,92.589714,21.222839,-0.003925,0.968428,0.128878,0.213357,-4.173977,113.165138,25.333685,0.126779,0.984407,-0.025227,0.119304,-5.485641,133.422546,30.529135,0.183843,0.967568,-0.173071,0.007747,-1.340525,147.325562,28.426647,-0.003652,0.916612,0.102598,0.386372,-8.956748,127.941513,28.084703,0.420999,-0.538661,0.132972,-0.717581,-21.222332,129.210846,15.685389,0.264254,0.10863,-0.458227,-0.841663,-11.679239,113.210205,-0.73036,0.330999,0.195495,-0.54388,-0.745933,3.082285,135.195465,-2.304102,-0.008247,0.960719,0.175888,0.214509,-2.18985,127.588692,31.1688,0.352585,0.884422,0.167393,-0.255854,13.685571,126.546227,38.427116,-0.007185,0.210609,0.472541,-0.855744,29.091722,113.186966,24.258516,-0.012174,-0.034436,0.680678,-0.731671,17.722553,133.04808,15.605323,0.058027,0.917906,0.214149,0.32897,-8.287148,84.776398,14.844351,0.106064,0.980271,-0.017496,0.165873,-7.041475,52.102585,-0.787407,-0.042319,0.94912,0.066516,0.304888,-17.208227,5.63727,-0.829461,-0.108153,0.935666,0.028717,0.334674,6.589145,85.141975,26.267582,0.04375,0.896178,-0.19883,0.39423,14.620826,49.807621,26.943592,-0.038181,0.88969,0.052967,0.451873,3.434376,6.18588,42.253624,-0.042319,0.94912,0.066516,0.304888,-8.407456,1.755717,-12.771484,-0.038181,0.88969,0.052967,0.451873,15.39641,1.952499,33.644325
400,3.333333,-0.029174,0.945208,0.055781,0.320343,-0.846782,84.959137,20.553223,-0.036637,0.963012,0.1102,0.243151,-1.545862,92.589676,21.220516,-0.003892,0.968425,0.128859,0.213386,-4.171291,113.16581,25.331991,0.12683,0.984395,-0.025289,0.11934,-5.481587,133.423431,30.526934,0.183812,0.967572,-0.173082,0.007785,-1.334731,147.325714,28.423033,-0.003641,0.916641,0.102525,0.386321,-8.953014,127.942619,28.082455,0.421078,-0.538666,0.132959,-0.717533,-21.219959,129.211151,15.684402,0.264369,0.108643,-0.458188,-0.841647,-11.676957,113.209061,-0.72999,0.331116,0.195456,-0.543854,-0.74591,3.086185,135.192841,-2.30548,-0.008177,0.960729,0.175818,0.214526,-2.186295,127.589325,31.166887,0.352674,0.88439,0.167292,-0.255908,13.688914,126.54493,38.425385,-0.007167,0.210576,0.472608,-0.855715,29.090591,113.181496,24.255863,-0.012139,-0.034415,0.680849,-0.731514,17.723488,133.045059,15.603703,0.058028,0.91792,0.214106,0.328959,-8.285566,84.777039,14.842412,0.106063,0.980156,-0.017581,0.16654,-7.041258,52.101898,-0.786671,-0.042151,0.949116,0.066637,0.304897,-17.209219,5.636841,-0.827712,-0.108105,0.935636,0.028704,0.334775,6.592002,85.141235,26.264032,0.043724,0.896088,-0.198817,0.394445,14.62005,49.806068,26.940622,-0.038535,0.889626,0.052877,0.451979,3.432559,6.183636,42.247952,-0.042151,0.949116,0.066637,0.304897,-8.409578,1.757111,-12.771161,-0.038535,0.889626,0.052877,0.451979,15.399387,1.952729,33.644093
401,3.341667,-0.029134,0.945222,0.055752,0.320311,-0.845952,84.958641,20.550623,-0.036625,0.963012,0.110203,0.243149,-1.54428,92.589264,21.217722,-0.003851,0.968425,0.128848,0.213391,-4.169218,113.165413,25.329485,0.126837,0.984394,-0.025315,0.119333,-5.477772,133.423172,30.52437,0.183822,0.96757,-0.173081,0.007777,-1.330684,147.325272,28.419727,-0.003545,0.916691,0.102404,0.386237,-8.949672,127.942642,28.079908,0.421171,-0.538728,0.132938,-0.717436,-21.218924,129.212296,15.684253,0.264493,0.108661,-0.458121,-0.841642,-11.678959,113.207794,-0.72957,0.331228,0.195411,-0.54383,-0.745889,3.087563,135.18988,-2.306389,-0.008163,0.960733,0.175792,0.214527,-2.182979,127.588776,31.164339,0.352837,0.884334,0.167124,-0.255985,13.692217,126.544121,38.422832,-0.00719,0.210603,0.472725,-0.855644,29.086185,113.172997,24.252186,-0.012242,-0.034476,0.68083,-0.731527,17.725201,133.03978,15.600306,0.057984,0.917914,0.214143,0.328959,-8.285173,84.777046,14.840367,0.106081,0.980295,-0.017516,0.165714,-7.036981,52.102661,-0.790001,-0.042004,0.949163,0.066629,0.304772,-17.205626,5.637756,-0.828833,-0.108092,0.935632,0.028719,0.33479,6.593268,85.140244,26.26088,0.043718,0.896068,-0.198832,0.394483,14.620808,49.804932,26.936281,-0.037871,0.88954,0.053148,0.452172,3.432701,6.182983,42.244537,-0.042004,0.949163,0.066629,0.304772,-8.410439,1.756325,-12.775011,-0.037871,0.88954,0.053148,0.452172,15.398348,1.95023,33.639942
402,3.35,-0.029082,0.945229,0.055698,0.320302,-0.844141,84.958405,20.549431,-0.036706,0.963016,0.110189,0.243127,-1.541447,92.589165,21.216015,-0.003653,0.96845,0.128755,0.213337,-4.169272,113.163841,25.326153,0.126537,0.984437,-0.025429,0.119268,-5.468693,133.422668,30.519156,0.183955,0.967568,-0.172948,0.007872,-1.32991,147.326538,28.409899,-0.003582,0.916747,0.102422,0.386098,-8.943235,127.943314,28.075842,0.421074,-0.538661,0.133094,-0.717514,-21.216238,129.211502,15.683746,0.264471,0.108588,-0.458163,-0.841636,-11.674757,113.204918,-0.727159,0.331261,0.195473,-0.543794,-0.745885,3.090088,135.18692,-2.307297,-0.008209,0.960692,0.175839,0.214674,-2.176175,127.586998,31.15918,0.352962,0.884284,0.167044,-0.256039,13.696795,126.542618,38.422585,-0.007173,0.210599,0.472816,-0.855595,29.085041,113.166336,24.250593,-0.012298,-0.034605,0.680743,-0.731601,17.728361,133.035324,15.599198,0.058024,0.917898,0.214145,0.328995,-8.283518,84.77739,14.839358,0.106095,0.980269,-0.017524,0.165861,-7.037303,52.103424,-0.792025,-0.04196,0.949128,0.066621,0.304888,-17.207378,5.638832,-0.83188,-0.108062,0.935628,0.028725,0.334811,6.595236,85.13942,26.259506,0.043713,0.896123,-0.19885,0.39435,14.620858,49.803658,26.933945,-0.038354,0.889605,0.052994,0.452022,3.434704,6.182384,42.245525,-0.04196,0.949128,0.066621,0.304888,-8.40976,1.756811,-12.776077,-0.038354,0.889605,0.052994,0.452022,15.401184,1.952106,33.640869
403,3.358333,-0.029102,0.945241,0.055775,0.320252,-0.839706,84.959587,20.546621,-0.036657,0.963014,0.110188,0.243142,-1.537634,92.590195,21.214258,-0.00367,0.96844,0.128755,0.213382,-4.163554,113.16526,25.32489,0.126652,0.984426,-0.025385,0.119246,-5.463884,133.424088,30.517683,0.183923,0.967567,-0.172996,0.007723,-1.322117,147.327301,28.409979,-0.003616,0.916771,0.102355,0.386058,-8.93808,127.944649,28.074057,0.421122,-0.538655,0.133106,-0.717488,-21.212143,129.210724,15.682796,0.264505,0.108577,-0.458187,-0.841613,-11.670503,113.202713,-0.726624,0.331294,0.195455,-0.543766,-0.745896,3.093338,135.185333,-2.308556,-0.008118,0.960697,0.175804,0.214681,-2.171309,127.588478,31.158051,0.353017,0.884259,0.166985,-0.256089,13.701611,126.541245,38.421154,-0.00711,0.210456,0.472835,-0.855619,29.086643,113.162659,24.247854,-0.012253,-0.034712,0.68108,-0.731283,17.727337,133.033432,15.600231,0.05799,0.917933,0.214118,0.328923,-8.279669,84.778633,14.83731,0.106119,0.980285,-0.017533,0.165747,-7.033154,52.103539,-0.7917,-0.041991,0.949142,0.066641,0.304836,-17.205635,5.639472,-0.829931,-0.10804,0.935666,0.02866,0.334717,6.600256,85.140541,26.255932,0.043748,0.896106,-0.198848,0.394386,14.622931,49.804165,26.933399,-0.037956,0.889532,0.05311,0.452186,3.433307,6.183103,42.243061,-0.041991,0.949142,0.066641,0.304836,-8.408957,1.758288,-12.775089,-0.037956,0.889532,0.05311,0.452186,15.399822,1.95052,33.639587
404,3.366667,-0.029142,0.945235,0.055804,0.320263,-0.835524,84.95948,20.545197,-0.036629,0.96302,0.110132,0.243151,-1.534187,92.590004,21.213051,-0.003678,0.968437,0.128758,0.213393,-4.158479,113.166023,25.32177,0.126869,0.984387,-0.025501,0.119317,-5.459226,133.42482,30.514574,0.183763,0.967596,-0.173,0.007795,-1.310755,147.325714,28.404696,-0.003585,0.916785,0.102342,0.386029,-8.933284,127.945343,28.070847,0.421214,-0.538717,0.133066,-0.717396,-21.208145,129.212112,15.68045,0.264609,0.108624,-0.458099,-0.841623,-11.669251,113.202408,-0.728907,0.331358,0.195417,-0.543673,-0.745945,3.098595,135.182922,-2.310021,-0.008047,0.960693,0.175754,0.214746,-2.166587,127.589264,31.15501,0.353097,0.884202,0.167279,-0.255981,13.705394,126.539612,38.419811,-0.007035,0.210353,0.472891,-0.855614,29.090351,113.161316,24.246166,-0.012261,-0.034749,0.681037,-0.731321,17.731634,133.033295,15.601279,0.057968,0.918011,0.214158,0.328681,-8.275313,84.778,14.835678,0.106153,0.980243,-0.017616,0.165966,-7.030464,52.103973,-0.795683,-0.042012,0.949144,0.066656,0.304824,-17.207331,5.640864,-0.82898,-0.108023,0.93568,0.02864,0.334684,6.604265,85.140953,26.254717,0.043759,0.896142,-0.198899,0.394276,14.62535,49.804237,26.932871,-0.037938,0.889571,0.053148,0.452106,3.434777,6.18521,42.247623,-0.042012,0.949144,0.066656,0.304824,-8.410731,1.76031,-12.774399,-0.037938,0.889571,0.053148,0.452106,15.399766,1.953364,33.641674
405,3.375,-0.029169,0.945241,0.055861,0.320232,-0.832051,84.960419,20.543436,-0.036614,0.963033,0.110066,0.243131,-1.531359,92.59082,21.211996,-0.003648,0.968445,0.128732,0.213374,-4.154088,113.165855,25.317932,0.126875,0.98439,-0.02549,0.119285,-5.45327,133.424942,30.510006,0.183763,0.967597,-0.172993,0.007748,-1.304799,147.325851,28.400309,-0.003629,0.916813,0.102331,0.385965,-8.927801,127.945587,28.066666,0.421278,-0.538756,0.133007,-0.71734,-21.20437,129.210571,15.67778,0.264676,0.108701,-0.458059,-0.841613,-11.666785,113.200783,-0.732277,0.331424,0.195427,-0.543666,-0.745918,3.101964,135.180481,-2.311062,-0.008033,0.960678,0.175744,0.21482,-2.160976,127.589188,31.150509,0.353132,0.884206,0.167168,-0.255993,13.709894,126.538696,38.417606,-0.007091,0.210305,0.472958,-0.855589,29.09334,113.157524,24.245028,-0.012151,-0.034795,0.681116,-0.731248,17.73633,133.032913,15.603499,0.057998,0.918015,0.214178,0.328654,-8.272177,84.77877,14.834362,0.10614,0.980227,-0.017693,0.16606,-7.029283,52.105595,-0.798944,-0.042099,0.94916,0.066647,0.304766,-17.206148,5.642477,-0.825775,-0.108043,0.935711,0.028584,0.334595,6.608077,85.142067,26.252508,0.043836,0.896151,-0.19892,0.394237,14.629223,49.805435,26.934195,-0.038066,0.889551,0.053127,0.452137,3.432029,6.187826,42.248146,-0.042099,0.94916,0.066647,0.304766,-8.410192,1.762444,-12.771842,-0.038066,0.889551,0.053127,0.452137,15.398648,1.957161,33.643879
406,3.383333,-0.02915,0.945241,0.055861,0.320233,-0.828819,84.959343,20.541248,-0.036611,0.963033,0.110033,0.243144,-1.527852,92.58976,21.209911,-0.003626,0.968443,0.128731,0.213387,-4.150262,113.165787,25.314655,0.126897,0.984388,-0.025579,0.119262,-5.448644,133.424881,30.506865,0.183781,0.967596,-0.172986,0.007708,-1.299376,147.325165,28.394613,-0.003637,0.916817,0.102437,0.385929,-8.923369,127.945709,28.063402,0.421249,-0.538725,0.133148,-0.717354,-21.20092,129.211716,15.675592,0.26467,0.108567,-0.458066,-0.841628,-11.663548,113.198265,-0.731002,0.331416,0.195314,-0.543625,-0.745981,3.107159,135.177948,-2.315685,-0.007978,0.960673,0.175722,0.21486,-2.156628,127.588974,31.147394,0.353199,0.884167,0.167308,-0.255944,13.713667,126.53656,38.415478,-0.007079,0.21028,0.472999,-0.855573,29.096025,113.15448,24.242569,-0.012198,-0.034732,0.681066,-0.731296,17.740635,133.030579,15.602143,0.057984,0.918019,0.214183,0.328642,-8.268952,84.778038,14.832171,0.10621,0.980245,-0.017715,0.165911,-7.025201,52.104904,-0.801159,-0.042086,0.949157,0.066649,0.304774,-17.208824,5.643267,-0.825537,-0.108026,0.935699,0.02857,0.334636,6.611316,85.140648,26.250326,0.043839,0.896125,-0.198957,0.394278,14.63098,49.803688,26.932892,-0.038538,0.88959,0.053033,0.452031,3.431457,6.187505,42.24921,-0.042086,0.949157,0.066649,0.304774,-8.412769,1.763186,-12.771513,-0.038538,0.88959,0.053033,0.452031,15.399879,1.960773,33.645515
407,3.391667,-0.029109,0.945247,0.055835,0.320225,-0.827401,84.958115,20.539417,-0.036597,0.963055,0.109999,0.243075,-1.525714,92.588623,21.207905,-0.003618,0.968471,0.128667,0.2133,-4.146756,113.163773,25.311352,0.126883,0.984396,-0.02563,0.119197,-5.443768,133.423553,30.501211,0.18384,0.96758,-0.173012,0.00768,-1.295008,147.323715,28.387161,-0.00361,0.91685,0.10229,0.385888,-8.919054,127.944138,28.059086,0.421385,-0.53872,0.133109,-0.717284,-21.197704,129.208893,15.672234,0.264756,0.108554,-0.45807,-0.841601,-11.659575,113.193741,-0.732265,0.331446,0.195209,-0.54361,-0.746006,3.110862,135.172821,-2.319794,-0.007955,0.960669,0.175676,0.214918,-2.151754,127.587662,31.141884,0.353273,0.884158,0.167198,-0.255944,13.717693,126.534447,38.411701,-0.00707,0.210296,0.473063,-0.855533,29.097425,113.147858,24.240211,-0.0122,-0.034789,0.681182,-0.731185,17.744995,133.026306,15.599075,0.058024,0.917996,0.214172,0.328705,-8.26768,84.777359,14.830513,0.106209,0.980217,-0.017738,0.166071,-7.025784,52.10421,-0.802937,-0.042198,0.949142,0.066529,0.304832,-17.209688,5.642634,-0.826784,-0.107998,0.93566,0.028606,0.334752,6.61288,85.138878,26.248322,0.043816,0.896133,-0.199006,0.394236,14.631417,49.801624,26.928715,-0.037954,0.889585,0.053152,0.452077,3.432816,6.187099,42.250454,-0.042198,0.949142,0.066529,0.304832,-8.411412,1.760253,-12.770378,-0.037954,0.889585,0.053152,0.452077,15.397406,1.955533,33.643806
408,3.4,-0.029075,0.945257,0.055725,0.320217,-0.826437,84.956718,20.538229,-0.036575,0.963059,0.110012,0.243059,-1.523701,92.58744,21.205299,-0.003572,0.968487,0.128565,0.213287,-4.143717,113.160934,25.309238,0.126865,0.984403,-0.025652,0.119154,-5.43787,133.421844,30.495464,0.183906,0.967559,-0.173062,0.007612,-1.289731,147.322052,28.38052,-0.003565,0.916883,0.102246,0.385822,-8.913973,127.942421,28.054482,0.421461,-0.538737,0.13313,-0.717224,-21.194414,129.207779,15.669467,0.264866,0.108478,-0.458044,-0.84159,-11.657465,113.189903,-0.733055,0.33153,0.195153,-0.543612,-0.745982,3.114809,135.166733,-2.3263,-0.007998,0.960658,0.175693,0.21495,-2.14659,127.58564,31.137062,0.353311,0.884152,0.167323,-0.255831,13.722356,126.533554,38.408146,-0.006881,0.210284,0.473004,-0.85557,29.103649,113.14608,24.239178,-0.012256,-0.034815,0.681295,-0.731078,17.748133,133.021118,15.593657,0.058015,0.917995,0.214182,0.328704,-8.26685,84.775894,14.829498,0.106234,0.98022,-0.017743,0.166038,-7.024131,52.102997,-0.804409,-0.041905,0.949141,0.066625,0.304853,-17.210447,5.641946,-0.827844,-0.107946,0.935664,0.02861,0.334757,6.613976,85.137543,26.24696,0.04381,0.896128,-0.199036,0.394235,14.629155,49.799492,26.925859,-0.038403,0.889612,0.052998,0.452003,3.429934,6.186053,42.250229,-0.041905,0.949141,0.066625,0.304853,-8.414175,1.759494,-12.772894,-0.038403,0.889612,0.052998,0.452003,15.396505,1.956529,33.645325
409,3.408333,-0.029062,0.945256,0.05567,0.32023,-0.823727,84.955093,20.536718,-0.036601,0.963047,0.110022,0.243096,-1.52055,92.585922,21.203047,-0.0035,0.968485,0.128523,0.213325,-4.141938,113.159752,25.307098,0.126707,0.984428,-0.025723,0.119099,-5.433009,133.421143,30.49222,0.184038,0.967516,-0.173167,0.007528,-1.289307,147.322235,28.374428,-0.003562,0.916893,0.102151,0.385823,-8.909888,127.942184,28.051323,0.421469,-0.538762,0.133169,-0.717193,-21.1903,129.20639,15.666162,0.264924,0.108376,-0.458009,-0.841604,-11.65518,113.1866,-0.735545,0.331576,0.195085,-0.543711,-0.745907,3.119349,135.160263,-2.334158,-0.007896,0.960706,0.175442,0.214946,-2.142736,127.584419,31.134296,0.35339,0.884111,0.167437,-0.25579,13.726314,126.530815,38.404922,-0.006799,0.210323,0.473049,-0.855536,29.105865,113.141701,24.235613,-0.012323,-0.034755,0.681329,-0.731048,17.753584,133.016403,15.587229,0.05801,0.917984,0.214148,0.328756,-8.263991,84.774178,14.827798,0.106254,0.980268,-0.017702,0.165746,-7.020908,52.100182,-0.803787,-0.041836,0.94914,0.066706,0.304851,-17.208473,5.639413,-0.828367,-0.107933,0.935669,0.02859,0.334748,6.616539,85.136002,26.245636,0.043788,0.896139,-0.198991,0.394233,14.630329,49.797661,26.925522,-0.038053,0.889581,0.053115,0.45208,3.434648,6.182325,42.247082,-0.041836,0.94914,0.066706,0.304851,-8.412754,1.758606,-12.774356,-0.038053,0.889581,0.053115,0.45208,15.400023,1.95114,33.641331
410,3.416667,-0.029051,0.945265,0.05564,0.32021,-0.820021,84.956947,20.536713,-0.036521,0.963066,0.109939,0.243069,-1.516516,92.587837,21.202679,-0.003586,0.96849,0.128494,0.213314,-4.133297,113.1595,25.303661,0.126736,0.984419,-0.025835,0.11912,-5.427542,133.421158,30.486893,0.18402,0.967504,-0.173249,0.007563,-1.282609,147.321442,28.366116,-0.003531,0.916913,0.102159,0.385775,-8.903563,127.941429,28.046513,0.421507,-0.53873,0.133257,-0.717178,-21.185297,129.206543,15.662763,0.265012,0.108297,-0.458033,-0.841574,-11.649626,113.18338,-0.735322,0.331749,0.194931,-0.543748,-0.745843,3.125034,135.157257,-2.340154,-0.007928,0.960682,0.175485,0.215016,-2.136354,127.58503,31.129513,0.353456,0.884079,0.16752,-0.255755,13.731634,126.531746,38.402496,-0.006802,0.210395,0.4731,-0.85549,29.109781,113.14106,24.233149,-0.012292,-0.034434,0.681282,-0.731108,17.762058,133.015717,15.582827,0.058093,0.917942,0.214136,0.328868,-8.260541,84.776024,14.828131,0.106276,0.980219,-0.017727,0.166016,-7.021312,52.102352,-0.804427,-0.042013,0.949104,0.066633,0.304953,-17.211283,5.642113,-0.829854,-0.107933,0.935712,0.028543,0.334633,6.6205,85.137863,26.245296,0.043829,0.896156,-0.198984,0.394195,14.633265,49.799328,26.927391,-0.038572,0.889596,0.053011,0.452019,3.435059,6.184065,42.247288,-0.042013,0.949104,0.066633,0.304953,-8.411531,1.760983,-12.772766,-0.038572,0.889596,0.053011,0.452019,15.403469,1.957199,33.643646
411,3.425,-0.02904,0.945278,0.055579,0.320183,-0.817016,84.958038,20.536036,-0.036512,0.963064,0.109894,0.243099,-1.513037,92.589035,21.201191,-0.003511,0.968483,0.12848,0.213356,-4.129213,113.161835,25.300514,0.126949,0.984393,-0.025763,0.119129,-5.420491,133.423676,30.483797,0.1839,0.967488,-0.173471,0.00742,-1.26978,147.322662,28.365862,-0.003567,0.916949,0.102092,0.385705,-8.897247,127.944527,28.043152,0.421527,-0.53877,0.133262,-0.717135,-21.180857,129.207321,15.661016,0.265084,0.108198,-0.457982,-0.841592,-11.647431,113.182869,-0.737119,0.331913,0.194688,-0.543693,-0.745874,3.131154,135.154358,-2.34733,-0.00787,0.960683,0.175503,0.214999,-2.130296,127.586998,31.126591,0.353486,0.884054,0.167545,-0.255782,13.737981,126.531746,38.398682,-0.006767,0.210353,0.473126,-0.855487,29.114372,113.140701,24.227762,-0.012188,-0.03426,0.681459,-0.730953,17.766699,133.016327,15.578281,0.058143,0.917941,0.214121,0.32887,-8.257877,84.776901,14.8279,0.106263,0.980231,-0.01774,0.165955,-7.022305,52.103188,-0.80487,-0.042016,0.949118,0.066633,0.30491,-17.211237,5.642712,-0.828211,-0.107916,0.935713,0.028454,0.334642,6.623846,85.139168,26.244169,0.043811,0.896099,-0.198972,0.394331,14.633377,49.800011,26.93191,-0.038054,0.889577,0.053257,0.452072,3.434771,6.184161,42.249847,-0.042016,0.949118,0.066633,0.30491,-8.412517,1.761592,-12.77189,-0.038054,0.889577,0.053257,0.452072,15.400521,1.956722,33.642788
412,3.433333,-0.029053,0.945279,0.055579,0.320179,-0.813008,84.958328,20.534941,-0.036544,0.963072,0.109839,0.243089,-1.509214,92.589317,21.200033,-0.003418,0.968485,0.128523,0.213325,-4.12612,113.162628,25.296843,0.126971,0.984391,-0.025899,0.119089,-5.413844,133.424026,30.482721,0.183913,0.967456,-0.17364,0.007392,-1.262264,147.322144,28.360826,-0.003612,0.916956,0.102058,0.385698,-8.891649,127.945709,28.041702,0.421459,-0.538793,0.133358,-0.71714,-21.175415,129.206604,15.659541,0.265049,0.108052,-0.457967,-0.841629,-11.644486,113.180031,-0.737973,0.331927,0.194525,-0.543707,-0.745901,3.136798,135.149979,-2.353467,-0.007936,0.960688,0.175556,0.214934,-2.124491,127.586761,31.124517,0.353719,0.88396,0.167452,-0.255848,13.74472,126.533722,38.394859,-0.006658,0.210299,0.473381,-0.85536,29.111238,113.133492,24.221933,-0.011812,-0.034163,0.681509,-0.730916,17.774218,133.015839,15.573536,0.058137,0.917989,0.214082,0.328763,-8.253902,84.776962,14.826862,0.106308,0.980237,-0.01772,0.165889,-7.020744,52.102001,-0.803481,-0.041991,0.94911,0.066652,0.304933,-17.213526,5.642369,-0.828715,-0.107917,0.935721,0.028529,0.334615,6.627886,85.139694,26.243019,0.043874,0.896139,-0.199136,0.39415,14.639285,49.800861,26.925489,-0.037853,0.889622,0.053154,0.452011,3.432459,6.191742,42.256565,-0.041991,0.94911,0.066652,0.304933,-8.414439,1.761555,-12.772216,-0.037853,0.889622,0.053154,0.452011,15.39491,1.958852,33.647602
413,3.441667,-0.029052,0.945274,0.055557,0.320199,-0.809946,84.957245,20.533537,-0.036563,0.963073,0.109805,0.243099,-1.506051,92.588272,21.198305,-0.003388,0.968494,0.12845,0.213329,-4.123531,113.162697,25.29372,0.127024,0.984379,-0.026032,0.1191,-5.409398,133.424896,30.476946,0.183971,0.967421,-0.173771,0.007405,-1.255932,147.321915,28.351513,-0.003588,0.916986,0.101958,0.385652,-8.88771,127.946579,28.036654,0.421535,-0.538762,0.133412,-0.717109,-21.172731,129.206711,15.655656,0.265163,0.10794,-0.457923,-0.841632,-11.640833,113.177063,-0.738283,0.331925,0.194481,-0.543763,-0.745872,3.143693,135.143967,-2.36089,-0.007935,0.960701,0.17549,0.214925,-2.120573,127.587418,31.119495,0.353837,0.883918,0.167567,-0.255754,13.74877,126.534904,38.389648,-0.006617,0.210413,0.473441,-0.855299,29.113537,113.130905,24.21837,-0.011942,-0.034035,0.681302,-0.731113,17.782337,133.012665,15.565464,0.058182,0.917989,0.214046,0.328779,-8.250599,84.775787,14.825142,0.106284,0.980256,-0.017706,0.165795,-7.021039,52.100063,-0.803888,-0.042046,0.949129,0.066663,0.304864,-17.211365,5.639896,-0.829097,-0.107889,0.935714,0.028486,0.334647,6.630707,85.138695,26.241932,0.043897,0.896175,-0.199064,0.394103,14.639198,49.799255,26.926903,-0.037931,0.889597,0.053192,0.45205,3.433873,6.187609,42.251881,-0.042046,0.949129,0.066663,0.304864,-8.413456,1.759875,-12.773728,-0.037931,0.889597,0.053192,0.45205,15.397898,1.956806,33.64407
414,3.45,-0.029009,0.945282,0.055482,0.32019,-0.808083,84.955605,20.532959,-0.036567,0.963081,0.109779,0.243076,-1.503181,92.5868,21.196857,-0.003384,0.968512,0.128349,0.213306,-4.120357,113.160385,25.291046,0.12687,0.984394,-0.026272,0.119086,-5.40504,133.423676,30.470308,0.184128,0.967381,-0.173825,0.007497,-1.255234,147.320648,28.337442,-0.003559,0.917009,0.101872,0.385622,-8.883726,127.94503,28.031292,0.421653,-0.53876,0.13341,-0.717041,-21.169582,129.204803,15.651085,0.265265,0.107847,-0.457877,-0.841637,-11.637569,113.172554,-0.740255,0.331902,0.194378,-0.543751,-0.745918,3.150056,135.13649,-2.368843,-0.00791,0.960721,0.175376,0.214933,-2.116443,127.586174,31.113848,0.353919,0.883898,0.167427,-0.255798,13.7528,126.53363,38.384209,-0.006506,0.210399,0.47349,-0.855276,29.113548,113.124931,24.213018,-0.011878,-0.034168,0.681421,-0.730997,17.784445,133.006912,15.558431,0.058168,0.918016,0.214041,0.32871,-8.248888,84.774445,14.824754,0.106302,0.980265,-0.017687,0.165731,-7.019671,52.098446,-0.803731,-0.042032,0.949124,0.066664,0.304883,-17.211357,5.638578,-0.830283,-0.107848,0.935701,0.028503,0.334694,6.632721,85.136757,26.241165,0.043891,0.89615,-0.199068,0.394158,14.638829,49.796741,26.924402,-0.038529,0.889642,0.052938,0.451941,3.432836,6.18521,42.249222,-0.042032,0.949124,0.066664,0.304883,-8.41311,1.758466,-12.774632,-0.038529,0.889642,0.052938,0.451941,15.399107,1.955815,33.643852
415,3.458333,-0.028966,0.945291,0.055305,0.3202,-0.805728,84.954063,20.53446,-0.036546,0.963081,0.109772,0.243083,-1.499345,92.585602,21.195992,-0.003392,0.968524,0.128227,0.213325,-4.115566,113.158844,25.290009,0.126838,0.984394,-0.026393,0.119099,-5.399621,133.423431,30.46431,0.18419,0.967345,-0.173956,0.007508,-1.250322,147.320038,28.327948,-0.00355,0.917055,0.101799,0.385531,-8.878441,127.944336,28.026503,0.421801,-0.538744,0.13337,-0.716974,-21.16675,129.20311,15.648625,0.265367,0.10775,-0.457859,-0.841627,-11.63335,113.169098,-0.740194,0.331829,0.194333,-0.54375,-0.745963,3.155494,135.130035,-2.375254,-0.007799,0.960776,0.175104,0.214913,-2.111278,127.58596,31.109377,0.354004,0.883905,0.166846,-0.256039,13.758321,126.531876,38.378738,-0.006682,0.210523,0.473576,-0.855196,29.109961,113.113976,24.206396,-0.01193,-0.034163,0.681469,-0.730952,17.786757,133.000687,15.551066,0.058183,0.918012,0.214061,0.328706,-8.246463,84.772606,14.826173,0.106303,0.98028,-0.01768,0.165644,-7.017809,52.097343,-0.803913,-0.042331,0.949137,0.066442,0.30485,-17.209484,5.63747,-0.830227,-0.10781,0.935695,0.028521,0.334721,6.635006,85.135529,26.242748,0.043911,0.896206,-0.199064,0.394032,14.638932,49.794975,26.924059,-0.038474,0.889657,0.052916,0.451917,3.433593,6.183428,42.249329,-0.042331,0.949137,0.066442,0.30485,-8.409688,1.753916,-12.772319,-0.038474,0.889657,0.052916,0.451917,15.398857,1.952694,33.643211
416,3.466667,-0.028985,0.945294,0.055324,0.320184,-0.802612,84.954002,20.533287,-0.036503,0.96309,0.109725,0.243074,-1.49659,92.585487,21.195019,-0.003371,0.968536,0.128132,0.213326,-4.110615,113.160088,25.287766,0.126814,0.984397,-0.026483,0.119081,-5.39295,133.425705,30.458487,0.184264,0.967304,-0.174111,0.007472,-1.244121,147.322006,28.319397,-0.003626,0.91708,0.101761,0.385481,-8.872242,127.946457,28.021679,0.421757,-0.538757,0.133452,-0.716974,-21.16188,129.202087,15.64481,0.265403,0.107705,-0.457832,-0.841636,-11.630273,113.166046,-0.743045,0.331918,0.194322,-0.543768,-0.745913,3.161191,135.126694,-2.380679,-0.007734,0.960799,0.175031,0.214869,-2.105086,127.588066,31.104561,0.354104,0.883871,0.166772,-0.256067,13.765208,126.532616,38.372196,-0.006634,0.21045,0.473606,-0.855198,29.112646,113.110229,24.199551,-0.011875,-0.034152,0.681456,-0.730965,17.789177,132.99794,15.546102,0.058147,0.918063,0.214056,0.328572,-8.243518,84.772301,14.825233,0.106332,0.980268,-0.017698,0.165696,-7.014892,52.096592,-0.803912,-0.041974,0.949156,0.066604,0.304802,-17.209526,5.637372,-0.82958,-0.107796,0.935663,0.028512,0.334818,6.638293,85.135696,26.241341,0.043907,0.896104,-0.199037,0.394276,14.64101,49.794895,26.923698,-0.038052,0.889553,0.053057,0.452142,3.432806,6.182307,42.243912,-0.041974,0.949156,0.066604,0.304802,-8.413913,1.754967,-12.775124,-0.038052,0.889553,0.053057,0.452142,15.399138,1.949626,33.640244
417,3.475,-0.029,0.945295,0.055303,0.320185,-0.797408,84.953629,20.53315,-0.036529,0.963103,0.109638,0.243059,-1.491506,92.585144,21.194498,-0.003352,0.968545,0.128119,0.213297,-4.105787,113.161377,25.283707,0.126849,0.984398,-0.026695,0.118986,-5.387086,133.427139,30.454086,0.184394,0.967275,-0.174137,0.007361,-1.237051,147.322113,28.308674,-0.003526,0.917102,0.101322,0.385545,-8.866726,127.947975,28.017612,0.421706,-0.538783,0.133545,-0.716968,-21.154652,129.201111,15.638783,0.265374,0.107699,-0.457821,-0.841652,-11.625664,113.162651,-0.748241,0.331952,0.194274,-0.543706,-0.745956,3.166786,135.123505,-2.385226,-0.007705,0.960815,0.175004,0.214825,-2.099384,127.589417,31.100077,0.354148,0.883868,0.166757,-0.256024,13.771598,126.533463,38.366146,-0.006559,0.2104,0.473601,-0.855214,29.118574,113.10865,24.19529,-0.011763,-0.03415,0.681378,-0.73104,17.793053,132.997162,15.541395,0.058219,0.918049,0.214029,0.328615,-8.238278,84.771538,14.82506,0.106346,0.980256,-0.017716,0.165758,-7.014383,52.095592,-0.803962,-0.042074,0.94915,0.066641,0.3048,-17.210638,5.636722,-0.828846,-0.107805,0.935694,0.028497,0.334728,6.643462,85.135719,26.24124,0.043951,0.896141,-0.199113,0.394149,14.646533,49.79501,26.924129,-0.038337,0.889635,0.052955,0.451968,3.433953,6.185689,42.250431,-0.042074,0.94915,0.066641,0.3048,-8.41409,1.756318,-12.774354,-0.038337,0.889635,0.052955,0.451968,15.399122,1.954134,33.644588
418,3.483333,-0.028985,0.945302,0.055277,0.32017,-0.794568,84.954346,20.53277,-0.036482,0.963118,0.109587,0.243029,-1.488304,92.585915,21.193823,-0.003264,0.968567,0.12801,0.213264,-4.099434,113.158272,25.280666,0.12684,0.984402,-0.026781,0.118944,-5.376019,133.425232,30.447536,0.184313,0.967275,-0.174224,0.007307,-1.226144,147.319839,28.299433,-0.00376,0.917106,0.101536,0.385478,-8.857033,127.94635,28.012377,0.421682,-0.538808,0.133522,-0.716967,-21.146706,129.194641,15.634793,0.265343,0.107751,-0.457872,-0.841627,-11.618759,113.157066,-0.753713,0.332014,0.194309,-0.543777,-0.745867,3.1708,135.120392,-2.388513,-0.007803,0.960814,0.174928,0.214888,-2.089471,127.586937,31.094255,0.354195,0.883821,0.166782,-0.256106,13.780507,126.534477,38.363029,-0.006379,0.210262,0.473583,-0.855259,29.123726,113.109413,24.188343,-0.011591,-0.034154,0.681427,-0.730997,17.794636,132.996048,15.535683,0.058255,0.918023,0.214041,0.328673,-8.235641,84.772339,14.824941,0.106375,0.98026,-0.017741,0.165708,-7.012816,52.097095,-0.805609,-0.042004,0.949135,0.066634,0.304859,-17.212048,5.638883,-0.828122,-0.107801,0.935704,0.028456,0.334706,6.646506,85.136345,26.240599,0.044002,0.89614,-0.199125,0.39414,14.648336,49.795403,26.925934,-0.03786,0.889617,0.053101,0.452026,3.43113,6.186956,42.251347,-0.042004,0.949135,0.066634,0.304859,-8.414701,1.757633,-12.772764,-0.03786,0.889617,0.053101,0.452026,15.393752,1.952777,33.643242
419,3.491667,-0.028985,0.945309,0.055263,0.320151,-0.790296,84.953156,20.531469,-0.036527,0.963143,0.109502,0.242963,-1.483948,92.584755,21.192331,-0.003175,0.968593,0.12798,0.213165,-4.095986,113.159477,25.275787,0.126827,0.984409,-0.026917,0.11887,-5.368138,133.426788,30.442387,0.184296,0.967256,-0.174348,0.007284,-1.218547,147.320816,28.290049,-0.003704,0.917114,0.101224,0.385541,-8.850583,127.948402,28.008163,0.421606,-0.538828,0.133722,-0.71696,-21.138582,129.194504,15.628701,0.265289,0.107714,-0.457931,-0.841617,-11.614351,113.151489,-0.756635,0.332087,0.194265,-0.543734,-0.745877,3.173105,135.116852,-2.392683,-0.007829,0.960824,0.174883,0.214875,-2.082388,127.587975,31.088528,0.354182,0.883835,0.166686,-0.256138,13.787758,126.536797,38.357101,-0.006219,0.210195,0.473552,-0.855294,29.130627,113.111092,24.182657,-0.011291,-0.034206,0.681372,-0.731051,17.799145,132.99501,15.528989,0.058308,0.918071,0.213947,0.328592,-8.231601,84.771049,14.823948,0.106072,0.980408,-0.017684,0.165034,-7.016035,52.093338,-0.802024,-0.04227,0.949338,0.066835,0.304144,-17.186523,5.628821,-0.818035,-0.107764,0.935713,0.028472,0.33469,6.651008,85.135269,26.238991,0.043964,0.8961,-0.199161,0.394216,14.650756,49.793808,26.922243,-0.038361,0.889666,0.052924,0.451908,3.434175,6.18639,42.251026,-0.04227,0.949338,0.066835,0.304144,-8.40393,1.755363,-12.776056,-0.038361,0.889666,0.052924,0.451908,15.398306,1.954348,33.643982
420,3.5,-0.028906,0.945328,0.055097,0.320132,-0.788815,84.9496,20.531734,-0.036516,0.963151,0.109471,0.242948,-1.48049,92.581543,21.190611,-0.003193,0.96862,0.127768,0.213168,-4.091753,113.156845,25.273041,0.12677,0.984413,-0.02689,0.1189,-5.362796,133.426422,30.431038,0.184318,0.967229,-0.174474,0.007304,-1.214761,147.32103,28.279385,-0.003608,0.917153,0.101144,0.385469,-8.845542,127.947189,27.999146,0.421727,-0.538797,0.133823,-0.716893,-21.135494,129.195038,15.621792,0.265408,0.107737,-0.457944,-0.841569,-11.610901,113.146301,-0.757742,0.33214,0.194284,-0.543814,-0.745791,3.174782,135.110794,-2.396033,-0.007806,0.960851,0.174674,0.214929,-2.077362,127.5877,31.079657,0.354354,0.883786,0.166481,-0.256202,13.791996,126.537003,38.350033,-0.006122,0.210204,0.473638,-0.855245,29.127199,113.102531,24.175587,-0.011282,-0.034293,0.681354,-0.731064,17.799261,132.988831,15.519428,0.058209,0.918049,0.214051,0.328602,-8.230437,84.767876,14.824613,0.106387,0.980271,-0.017715,0.165641,-7.005535,52.092552,-0.805634,-0.042453,0.949175,0.066464,0.304707,-17.205515,5.634501,-0.83008,-0.107768,0.935741,0.028432,0.334614,6.652807,85.131325,26.238859,0.04405,0.896218,-0.199169,0.393935,14.651889,49.789761,26.924255,-0.037866,0.889662,0.053078,0.45194,3.432547,6.183371,42.253941,-0.042453,0.949175,0.066464,0.304707,-8.408062,1.752654,-12.774454,-0.037866,0.889662,0.053078,0.45194,15.393498,1.948651,33.643787
421,3.508333,-0.028928,0.945335,0.054987,0.320128,-0.784124,84.946617,20.532518,-0.036483,0.963174,0.109327,0.242923,-1.475577,92.578728,21.189693,-0.003203,0.968639,0.127659,0.213145,-4.083994,113.155922,25.266834,0.126947,0.984394,-0.026745,0.118904,-5.354343,133.426666,30.420403,0.184167,0.967217,-0.174704,0.007183,-1.201745,147.320648,28.273531,-0.003653,0.917243,0.101014,0.38529,-8.837327,127.946976,27.989897,0.421857,-0.538833,0.133783,-0.716796,-21.132092,129.190979,15.616944,0.265508,0.107778,-0.45793,-0.84154,-11.608951,113.14006,-0.761269,0.332124,0.194388,-0.543842,-0.74575,3.176226,135.103302,-2.399994,-0.007831,0.960852,0.174546,0.215025,-2.069004,127.58802,31.070148,0.354577,0.883608,0.167536,-0.25582,13.798893,126.538551,38.343884,-0.005426,0.209917,0.473614,-0.855334,29.135937,113.107681,24.168022,-0.011244,-0.034346,0.681277,-0.731133,17.803829,132.982849,15.508959,0.058246,0.918066,0.21407,0.328538,-8.225766,84.76384,14.825459,0.106393,0.980283,-0.017696,0.165568,-7.003971,52.089405,-0.806879,-0.042379,0.949157,0.066487,0.304769,-17.204178,5.631405,-0.832401,-0.107691,0.935761,0.02846,0.33458,6.657518,85.129395,26.23958,0.04405,0.896211,-0.199162,0.393954,14.65216,49.786739,26.920927,-0.03789,0.889645,0.053041,0.451977,3.432745,6.180069,42.249783,-0.042379,0.949157,0.066487,0.304769,-8.405839,1.749531,-12.77611,-0.03789,0.889645,0.053041,0.451977,15.39447,1.944714,33.641018
422,3.516667,-0.028911,0.945348,0.054898,0.320107,-0.780938,84.944656,20.532423,-0.036545,0.963184,0.109299,0.242887,-1.471706,92.576927,21.188398,-0.003176,0.968668,0.12752,0.213101,-4.082203,113.153984,25.263838,0.126944,0.984389,-0.026916,0.118906,-5.349983,133.426208,30.41218,0.184164,0.9672,-0.174802,0.00724,-1.196967,147.319321,28.260431,-0.003647,0.917255,0.100909,0.385289,-8.833771,127.94622,27.983479,0.421926,-0.53879,0.133901,-0.716766,-21.128569,129.188995,15.610425,0.265599,0.107819,-0.457969,-0.841485,-11.604671,113.133133,-0.762525,0.332209,0.19447,-0.543861,-0.745677,3.178328,135.098145,-2.402528,-0.007945,0.960916,0.174449,0.214812,-2.065162,127.587402,31.063131,0.354714,0.883609,0.167172,-0.255864,13.805882,126.543793,38.33086,-0.005369,0.209887,0.473617,-0.855339,29.137009,113.102654,24.158339,-0.011195,-0.034355,0.681348,-0.731067,17.803621,132.978897,15.498538,0.058262,0.918049,0.21407,0.328581,-8.222849,84.761589,14.825717,0.1064,0.98028,-0.017699,0.165578,-7.00137,52.087307,-0.806978,-0.042431,0.949168,0.066476,0.304732,-17.202339,5.629477,-0.832453,-0.107658,0.935771,0.028459,0.334565,6.660973,85.127716,26.23913,0.044039,0.896154,-0.199157,0.394088,14.653381,49.784542,26.91955,-0.038002,0.889637,0.052927,0.451996,3.432812,6.177592,42.246784,-0.042431,0.949168,0.066476,0.304732,-8.404449,1.747769,-12.776552,-0.038002,0.889637,0.052927,0.451996,15.395462,1.940757,33.640026
423,3.525,-0.028921,0.945357,0.054852,0.320085,-0.777145,84.944908,20.532541,-0.036489,0.963194,0.109194,0.242903,-1.467815,92.577255,21.187822,-0.003206,0.968667,0.127461,0.21314,-4.075107,113.15596,25.259665,0.126923,0.984386,-0.027047,0.118923,-5.343798,133.428818,30.405319,0.184176,0.967176,-0.17492,0.007238,-1.190939,147.321396,28.249853,-0.003805,0.917288,0.100806,0.385236,-8.827251,127.948441,27.97702,0.422018,-0.538842,0.133834,-0.716686,-21.123459,129.18457,15.604702,0.265624,0.107925,-0.457985,-0.841455,-11.601429,113.12809,-0.768723,0.332217,0.194515,-0.543847,-0.745672,3.179575,135.094666,-2.405014,-0.007947,0.960926,0.174404,0.214805,-2.058896,127.590164,31.057295,0.35464,0.883752,0.165725,-0.256416,13.812251,126.547028,38.324863,-0.005936,0.210279,0.473691,-0.855199,29.131937,113.092758,24.152412,-0.011134,-0.034202,0.681393,-0.731033,17.807917,132.97847,15.489253,0.058235,0.918067,0.214095,0.328521,-8.219316,84.761375,14.826187,0.10645,0.98029,-0.017717,0.165489,-6.996456,52.087635,-0.807521,-0.041877,0.949193,0.066701,0.304681,-17.202244,5.630866,-0.831113,-0.107663,0.935808,0.028408,0.334462,6.665026,85.128441,26.238895,0.044072,0.896151,-0.199177,0.394081,14.656591,49.785133,26.922041,-0.038318,0.889676,0.052893,0.451897,3.432587,6.179243,42.249752,-0.041877,0.949193,0.066701,0.304681,-8.410345,1.750197,-12.779962,-0.038318,0.889676,0.052893,0.451897,15.396017,1.945788,33.642414
424,3.533333,-0.028915,0.945361,0.054854,0.320074,-0.772856,84.944542,20.530758,-0.036459,0.963202,0.109123,0.242908,-1.463434,92.576889,21.186104,-0.003232,0.968669,0.127413,0.213156,-4.068904,113.157272,25.25559,0.126979,0.984375,-0.027211,0.118915,-5.338287,133.430634,30.39908,0.184171,0.967163,-0.175002,0.007198,-1.183415,147.321915,28.239132,-0.003856,0.91734,0.100608,0.385164,-8.821513,127.949921,27.971226,0.422006,-0.538767,0.13394,-0.71673,-21.119623,129.181458,15.60035,0.265599,0.1079,-0.458068,-0.841421,-11.594995,113.12281,-0.769426,0.332237,0.194484,-0.543865,-0.745658,3.182544,135.092285,-2.407615,-0.007947,0.960943,0.174354,0.214769,-2.053266,127.592133,31.051788,0.354834,0.883556,0.167216,-0.255852,13.818415,126.549591,38.31826,-0.00555,0.210305,0.473723,-0.855177,29.14558,113.104538,24.145157,-0.011466,-0.033829,0.680506,-0.731872,17.827244,132.980759,15.474956,0.058278,0.918068,0.214096,0.32851,-8.215156,84.761116,14.824575,0.106459,0.980277,-0.017755,0.165553,-6.995293,52.087761,-0.810178,-0.041928,0.949189,0.066729,0.304681,-17.202536,5.63131,-0.831078,-0.107645,0.935815,0.028399,0.33445,6.669445,85.127968,26.236938,0.044127,0.896178,-0.199246,0.393979,14.659627,49.784344,26.920134,-0.03818,0.889699,0.052941,0.451858,3.430142,6.181505,42.252499,-0.041928,0.949189,0.066729,0.304681,-8.410109,1.751907,-12.779941,-0.03818,0.889699,0.052941,0.451858,15.391784,1.947432,33.642986
425,3.541667,-0.02898,0.945352,0.054864,0.320094,-0.765935,84.944885,20.529476,-0.036484,0.963201,0.109083,0.242925,-1.457513,92.577156,21.184626,-0.003276,0.968679,0.127289,0.213183,-4.063628,113.157341,25.252121,0.126818,0.984393,-0.027428,0.118889,-5.333821,133.432007,30.390257,0.184354,0.967126,-0.17501,0.007208,-1.182945,147.323425,28.223463,-0.003872,0.917355,0.100583,0.385134,-8.816767,127.950577,27.963621,0.422077,-0.538765,0.134003,-0.716677,-21.115696,129.181183,15.593466,0.265607,0.107903,-0.458086,-0.841408,-11.591845,113.118767,-0.773071,0.332166,0.194468,-0.543848,-0.745706,3.184886,135.088867,-2.411686,-0.007893,0.960964,0.174274,0.214742,-2.048695,127.593765,31.04468,0.354805,0.883559,0.167211,-0.255886,13.82343,126.550163,38.310032,-0.00512,0.209858,0.47361,-0.855352,29.150782,113.106583,24.135735,-0.010919,-0.03397,0.681487,-0.73096,17.817017,132.97934,15.471665,0.058356,0.918094,0.214003,0.328482,-8.20793,84.760399,14.822927,0.106263,0.980412,-0.017722,0.164883,-6.99598,52.084827,-0.807817,-0.042285,0.949328,0.066756,0.304191,-17.184677,5.624297,-0.821712,-0.107641,0.935857,0.028383,0.334335,6.67606,85.129372,26.236025,0.044147,0.896175,-0.199381,0.393915,14.665697,49.785625,26.919273,-0.037615,0.88978,0.052976,0.451741,3.430735,6.188074,42.262669,-0.042285,0.949328,0.066756,0.304191,-8.40093,1.748778,-12.778223,-0.037615,0.88978,0.052976,0.451741,15.385315,1.947218,33.646687
426,3.55,-0.02894,0.945354,0.05478,0.320106,-0.763081,84.942772,20.528278,-0.036468,0.96321,0.109038,0.242913,-1.453682,92.575218,21.182407,-0.003318,0.968696,0.127173,0.213174,-4.058724,113.156555,25.2484,0.126757,0.984394,-0.027627,0.1189,-5.329561,133.432449,30.381536,0.184392,0.967102,-0.175101,0.007268,-1.179757,147.323273,28.208923,-0.003942,0.917372,0.100534,0.385107,-8.812347,127.950287,27.956301,0.422303,-0.538766,0.133916,-0.716559,-21.111988,129.177887,15.586552,0.265754,0.107935,-0.458086,-0.841357,-11.587034,113.113258,-0.77718,0.332145,0.194476,-0.543962,-0.745629,3.188534,135.082291,-2.418115,-0.007844,0.961014,0.174047,0.214704,-2.044221,127.594482,31.037361,0.354863,0.88355,0.167078,-0.255924,13.828494,126.551201,38.301476,-0.004977,0.209838,0.473592,-0.855367,29.152828,113.103828,24.127504,-0.010853,-0.033896,0.681811,-0.730662,17.817152,132.975922,15.460256,0.058351,0.918101,0.213995,0.328469,-8.204969,84.758499,14.821583,0.106283,0.980411,-0.017729,0.164874,-6.993121,52.082623,-0.808528,-0.042186,0.949329,0.066793,0.304192,-17.183756,5.622518,-0.821983,-0.107628,0.935842,0.028368,0.334382,6.678807,85.127045,26.234972,0.044211,0.896202,-0.199375,0.39385,14.667132,49.783024,26.919273,-0.037597,0.889751,0.052943,0.451805,3.428028,6.185794,42.260529,-0.042186,0.949329,0.066793,0.304192,-8.400827,1.747099,-12.779125,-0.037597,0.889751,0.052943,0.451805,15.38354,1.943825,33.646389
427,3.558333,-0.028913,0.945363,0.054691,0.320097,-0.759332,84.941139,20.52607,-0.036486,0.963225,0.109012,0.242863,-1.449092,92.573769,21.179045,-0.003341,0.968725,0.127046,0.213118,-4.054283,113.15464,25.243828,0.126744,0.984393,-0.027712,0.118906,-5.324627,133.431885,30.371746,0.184369,0.967078,-0.175259,0.007312,-1.17492,147.322357,28.196711,-0.004017,0.917389,0.10047,0.385081,-8.807664,127.949074,27.948362,0.422385,-0.538792,0.133895,-0.716496,-21.107977,129.173309,15.578946,0.265789,0.107889,-0.458112,-0.841338,-11.584099,113.107147,-0.783893,0.332157,0.194414,-0.543935,-0.745661,3.190152,135.075577,-2.428203,-0.007883,0.96105,0.173921,0.214644,-2.039184,127.594101,31.028736,0.355136,0.883387,0.168066,-0.255462,13.834413,126.553452,38.291298,-0.004314,0.209589,0.473591,-0.855433,29.160875,113.105705,24.119995,-0.010811,-0.033806,0.681861,-0.730621,17.821056,132.970535,15.447974,0.058294,0.918103,0.214053,0.328436,-8.201363,84.756798,14.819566,0.106545,0.980279,-0.017793,0.165482,-6.984852,52.082253,-0.812943,-0.041819,0.949205,0.066778,0.304633,-17.20063,5.627677,-0.830945,-0.10759,0.935863,0.028335,0.334339,6.682698,85.125488,26.232573,0.044229,0.896232,-0.199309,0.393811,14.667755,49.780743,26.917828,-0.037566,0.889706,0.052983,0.451891,3.430203,6.181171,42.253559,-0.041819,0.949205,0.066778,0.304633,-8.410286,1.748604,-12.781447,-0.037566,0.889706,0.052983,0.451891,15.387225,1.939857,33.641201
428,3.566667,-0.028876,0.945366,0.05458,0.320109,-0.75473,84.939667,20.524731,-0.036568,0.963252,0.108947,0.242774,-1.443421,92.57251,21.176266,-0.003362,0.968764,0.126967,0.212988,-4.050992,113.154114,25.237883,0.126759,0.984393,-0.027847,0.118859,-5.320801,133.43219,30.362637,0.184377,0.967049,-0.175408,0.007343,-1.170472,147.321854,28.183592,-0.00405,0.91742,0.10035,0.385038,-8.804255,127.948822,27.941111,0.42242,-0.538764,0.133959,-0.716484,-21.105724,129.170242,15.572567,0.265844,0.107766,-0.458132,-0.841325,-11.581187,113.101517,-0.787383,0.332197,0.194346,-0.543873,-0.745705,3.193746,135.069519,-2.438894,-0.007894,0.961077,0.173805,0.214617,-2.034951,127.594666,31.019772,0.355189,0.8834,0.167911,-0.255443,13.839046,126.555405,38.281651,-0.00425,0.209708,0.473598,-0.8554,29.164093,113.102974,24.113266,-0.010796,-0.033777,0.681737,-0.730737,17.828201,132.964767,15.436003,0.058312,0.918106,0.214058,0.328422,-8.196652,84.75531,14.818085,0.106576,0.980312,-0.017773,0.16527,-6.981441,52.081085,-0.815192,-0.041894,0.949182,0.066674,0.304717,-17.199762,5.627063,-0.833326,-0.107542,0.935874,0.028331,0.334323,6.687192,85.124016,26.231379,0.044231,0.89624,-0.199319,0.393789,14.668936,49.778507,26.915556,-0.038116,0.889734,0.052791,0.451812,3.431181,6.179338,42.252296,-0.041894,0.949182,0.066674,0.304717,-8.406866,1.745821,-12.78125,-0.038116,0.889734,0.052791,0.451812,15.390846,1.940446,33.642406
429,3.575,-0.028851,0.945387,0.054457,0.32007,-0.750005,84.937218,20.523432,-0.036605,0.963255,0.108887,0.242783,-1.437701,92.57029,21.173344,-0.003322,0.96877,0.126891,0.213009,-4.046538,113.154915,25.23267,0.126812,0.984383,-0.027962,0.118858,-5.314148,133.433823,30.354712,0.184287,0.967041,-0.175549,0.00729,-1.162036,147.322449,28.172579,-0.004141,0.917449,0.100276,0.384987,-8.798168,127.950523,27.933815,0.42257,-0.538788,0.133889,-0.716391,-21.100962,129.167847,15.56618,0.265956,0.107649,-0.458118,-0.841313,-11.576788,113.097702,-0.792587,0.332188,0.194221,-0.54408,-0.745591,3.200383,135.064087,-2.451945,-0.007904,0.961112,0.173699,0.214548,-2.02899,127.595985,31.012709,0.355242,0.883455,0.167029,-0.255756,13.846037,126.558304,38.272579,-0.004431,0.209806,0.473681,-0.855329,29.161266,113.093971,24.104864,-0.010553,-0.033695,0.681976,-0.730522,17.829556,132.962433,15.427155,0.058344,0.918121,0.214062,0.32837,-8.192428,84.752525,14.817445,0.106371,0.980431,-0.017813,0.164689,-6.980173,52.078682,-0.816888,-0.041859,0.949365,0.066872,0.304108,-17.180267,5.620652,-0.821992,-0.107531,0.935891,0.028293,0.334282,6.692417,85.121902,26.22942,0.044248,0.89621,-0.199339,0.393846,14.672592,49.776077,26.915573,-0.038043,0.889728,0.052894,0.451817,3.431677,6.177813,42.252583,-0.041859,0.949365,0.066872,0.304108,-8.402306,1.744304,-12.782487,-0.038043,0.889728,0.052894,0.451817,15.391172,1.940631,33.641613
430,3.583333,-0.028873,0.945404,0.054423,0.320024,-0.743151,84.938118,20.522562,-0.03665,0.963283,0.1088,0.242705,-1.430978,92.571228,21.171902,-0.003357,0.968799,0.12682,0.21292,-4.040315,113.155624,25.22732,0.126991,0.984362,-0.028113,0.118806,-5.308244,133.435272,30.346329,0.184155,0.967051,-0.175636,0.007212,-1.150893,147.321732,28.160295,-0.004292,0.917496,0.100173,0.384901,-8.79236,127.951385,27.926922,0.422692,-0.538819,0.133749,-0.716322,-21.097452,129.16217,15.560931,0.265962,0.107559,-0.458167,-0.841296,-11.573088,113.093567,-0.799239,0.332118,0.194083,-0.544189,-0.745579,3.203188,135.061066,-2.463594,-0.007985,0.961128,0.173593,0.214555,-2.02262,127.597748,31.004684,0.355271,0.883446,0.167423,-0.25549,13.852257,126.563522,38.265373,-0.004011,0.209742,0.473535,-0.855428,29.17321,113.100861,24.102264,-0.010509,-0.033674,0.681975,-0.730524,17.833921,132.96022,15.416807,0.05842,0.918137,0.214067,0.328309,-8.186098,84.752777,14.817281,0.106389,0.980422,-0.017851,0.164726,-6.979796,52.07972,-0.819156,-0.041825,0.949354,0.066958,0.304129,-17.182125,5.622175,-0.821366,-0.10752,0.935865,0.028253,0.334361,6.699795,85.123466,26.227844,0.044349,0.896259,-0.199374,0.393703,14.678144,49.77729,26.917135,-0.037449,0.889724,0.053029,0.45186,3.42987,6.181178,42.254864,-0.041825,0.949354,0.066958,0.304129,-8.403811,1.747946,-12.782286,-0.037449,0.889724,0.053029,0.45186,15.385452,1.939476,33.64069
431,3.591667,-0.028888,0.945413,0.054427,0.319995,-0.738215,84.938698,20.519001,-0.036621,0.963314,0.108749,0.242608,-1.426251,92.571793,21.168344,-0.003413,0.96883,0.126762,0.212811,-4.033659,113.158127,25.222504,0.126981,0.984368,-0.028212,0.118739,-5.302777,133.43837,30.338856,0.184081,0.967039,-0.175781,0.007165,-1.145695,147.324417,28.149677,-0.004573,0.917388,0.100352,0.385108,-8.786787,127.953743,27.920971,0.422666,-0.538915,0.13384,-0.716248,-21.086201,129.158646,15.548769,0.265845,0.107515,-0.458263,-0.841286,-11.568189,113.085999,-0.811099,0.33211,0.193948,-0.544313,-0.745527,3.204401,135.057098,-2.476102,-0.007944,0.961126,0.173593,0.214567,-2.016366,127.601311,30.997366,0.355297,0.883415,0.167645,-0.255414,13.858355,126.565659,38.258186,-0.003847,0.209694,0.47351,-0.855455,29.180319,113.104568,24.094681,-0.010402,-0.033533,0.681943,-0.730562,17.839182,132.961243,15.407425,0.058498,0.918134,0.214,0.328347,-8.181492,84.753082,14.814162,0.106349,0.98042,-0.01787,0.164765,-6.981366,52.078606,-0.819764,-0.042081,0.949355,0.066902,0.304103,-17.180305,5.620325,-0.819993,-0.107494,0.93587,0.028214,0.334359,6.70506,85.124313,26.223839,0.044338,0.896199,-0.199426,0.393816,14.680789,49.777584,26.915142,-0.037488,0.889712,0.053078,0.451874,3.4296,6.183362,42.2561,-0.042081,0.949355,0.066902,0.304103,-8.400352,1.746948,-12.77998,-0.037488,0.889712,0.053078,0.451874,15.385967,1.943487,33.64212
432,3.6,-0.028914,0.945419,0.054419,0.319977,-0.731903,84.938766,20.516922,-0.036608,0.963322,0.108677,0.242611,-1.420269,92.571846,21.166035,-0.003432,0.968834,0.126706,0.212825,-4.026322,113.157799,25.21723,0.1269,0.984385,-0.028236,0.118678,-5.295758,133.438629,30.331152,0.184031,0.967025,-0.175913,0.007015,-1.141114,147.325211,28.140705,-0.004627,0.917431,0.100275,0.385023,-8.77965,127.953697,27.913803,0.422717,-0.538974,0.133828,-0.716176,-21.081322,129.155533,15.543546,0.265827,0.107381,-0.458324,-0.841275,-11.566281,113.081192,-0.816403,0.332073,0.193844,-0.544406,-0.745503,3.204873,135.052795,-2.48783,-0.008018,0.961138,0.173531,0.214561,-2.009323,127.601669,30.990454,0.355337,0.883401,0.167694,-0.255378,13.865444,126.569,38.251595,-0.003565,0.20968,0.473529,-0.855448,29.186939,113.106766,24.088665,-0.010076,-0.033596,0.681813,-0.730685,17.846367,132.961304,15.395507,0.058533,0.918146,0.214006,0.328305,-8.175366,84.752617,14.812345,0.106389,0.980411,-0.017909,0.164788,-6.978154,52.078617,-0.822817,-0.042181,0.949345,0.066842,0.304133,-17.181324,5.621264,-0.820272,-0.107486,0.935902,0.028187,0.334274,6.71156,85.124916,26.221498,0.044394,0.896221,-0.199538,0.393703,14.686124,49.777943,26.913691,-0.037231,0.889762,0.053037,0.451801,3.428061,6.188422,42.262955,-0.042181,0.949345,0.066842,0.304133,-8.399799,1.747154,-12.778865,-0.037231,0.889762,0.053037,0.451801,15.380632,1.943968,33.645966
433,3.608333,-0.028814,0.945445,0.054268,0.319935,-0.729481,84.937096,20.516401,-0.036567,0.963358,0.108524,0.242542,-1.415622,92.570511,21.163847,-0.003503,0.968851,0.126694,0.212753,-4.018424,113.160034,25.209921,0.126874,0.984398,-0.028306,0.118587,-5.290264,133.440979,30.322815,0.18398,0.967011,-0.17605,0.006886,-1.136496,147.327423,28.129868,-0.004701,0.917465,0.100074,0.384995,-8.773639,127.955376,27.906237,0.422852,-0.53903,0.133798,-0.716059,-21.076063,129.152039,15.536219,0.265865,0.107281,-0.458409,-0.84123,-11.563648,113.07473,-0.822341,0.332075,0.193762,-0.544441,-0.745498,3.204322,135.047455,-2.500561,-0.00797,0.961148,0.173467,0.21457,-2.002861,127.604553,30.982035,0.355329,0.883432,0.1675,-0.255407,13.871804,126.570717,38.243248,-0.003366,0.209691,0.473445,-0.855493,29.192823,113.106033,24.082127,-0.009899,-0.033584,0.681898,-0.730609,17.848303,132.956482,15.383198,0.05846,0.918171,0.214061,0.328212,-8.173559,84.751755,14.812597,0.106447,0.980409,-0.017938,0.164762,-6.971684,52.078842,-0.824466,-0.041771,0.949361,0.066972,0.304112,-17.180672,5.622766,-0.819848,-0.107441,0.935882,0.028215,0.334344,6.714598,85.122437,26.220205,0.044362,0.896185,-0.199504,0.393805,14.686783,49.774879,26.90995,-0.037178,0.889703,0.053132,0.45191,3.430903,6.183824,42.256462,-0.041771,0.949361,0.066972,0.304112,-8.403248,1.748399,-12.781376,-0.037178,0.889703,0.053132,0.45191,15.385426,1.941155,33.641289
434,3.616667,-0.028786,0.945466,0.054221,0.319885,-0.72526,84.934464,20.513411,-0.036539,0.963367,0.108509,0.242517,-1.410741,92.567978,21.16036,-0.003499,0.968868,0.126577,0.212747,-4.012196,113.158142,25.206232,0.126807,0.984414,-0.028347,0.118518,-5.282814,133.440323,30.314505,0.183898,0.966998,-0.176215,0.006729,-1.131098,147.327118,28.11985,-0.004747,0.91752,0.099935,0.3849,-8.76654,127.954361,27.899254,0.422855,-0.539044,0.133812,-0.716045,-21.071508,129.147324,15.531416,0.265848,0.107116,-0.458498,-0.841208,-11.560006,113.06926,-0.826921,0.332119,0.193645,-0.54453,-0.745443,3.205336,135.042755,-2.513503,-0.008017,0.96119,0.173335,0.214487,-1.995721,127.603874,30.974998,0.355414,0.883427,0.167245,-0.255474,13.880155,126.57312,38.23399,-0.00338,0.209861,0.473453,-0.855447,29.19647,113.102127,24.073797,-0.009983,-0.033511,0.681496,-0.730986,17.856846,132.950195,15.369354,0.058443,0.918169,0.214062,0.32822,-8.169971,84.749268,14.810431,0.106489,0.980469,-0.017897,0.16438,-6.966833,52.076244,-0.826307,-0.041645,0.949366,0.066985,0.304109,-17.179024,5.620876,-0.822233,-0.107423,0.935925,0.028163,0.334232,6.71945,85.119652,26.216391,0.044399,0.89622,-0.199547,0.393701,14.689253,49.771603,26.908258,-0.037842,0.88979,0.052847,0.451718,3.430423,6.182483,42.258106,-0.041645,0.949366,0.066985,0.304109,-8.4028,1.745706,-12.784374,-0.037842,0.88979,0.052847,0.451718,15.386102,1.94131,33.643814
435,3.625,-0.028739,0.945473,0.054114,0.319884,-0.722411,84.932426,20.51149,-0.036534,0.963393,0.108452,0.242442,-1.406675,92.566177,21.157116,-0.003471,0.968899,0.126508,0.212645,-4.007273,113.158844,25.201374,0.126752,0.984432,-0.028412,0.118411,-5.275583,133.441772,30.307276,0.18382,0.966983,-0.176379,0.006607,-1.125656,147.32869,28.11005,-0.004874,0.917505,0.099884,0.384946,-8.760158,127.955696,27.893496,0.422881,-0.539116,0.133808,-0.715976,-21.063839,129.144043,15.523932,0.265806,0.10704,-0.458585,-0.841183,-11.556144,113.064369,-0.835034,0.33213,0.193569,-0.544651,-0.74537,3.206029,135.040207,-2.52535,-0.00799,0.961212,0.173268,0.214444,-1.988693,127.605209,30.967819,0.355417,0.883451,0.166995,-0.25555,13.887842,126.57431,38.225346,-0.003313,0.209905,0.473393,-0.85547,29.202133,113.100243,24.065897,-0.009918,-0.033492,0.681458,-0.731024,17.859781,132.947174,15.357144,0.058432,0.91821,0.214135,0.328058,-8.167179,84.747429,14.808578,0.106509,0.980452,-0.017992,0.16446,-6.964252,52.076603,-0.832765,-0.041761,0.949373,0.066861,0.3041,-17.179737,5.621958,-0.820998,-0.10741,0.93595,0.028148,0.334168,6.722356,85.117432,26.214403,0.044438,0.896251,-0.199555,0.39362,14.690974,49.769112,26.906454,-0.037886,0.889759,0.052872,0.451772,3.429911,6.180635,42.256474,-0.041761,0.949373,0.066861,0.3041,-8.402918,1.744365,-12.781919,-0.037886,0.889759,0.052872,0.451772,15.38709,1.940715,33.643642
436,3.633333,-0.028748,0.945489,0.054106,0.319838,-0.716428,84.932693,20.508951,-0.036514,0.963429,0.108307,0.242364,-1.400754,92.566444,21.154455,-0.003565,0.96892,0.126484,0.212564,-3.998592,113.15905,25.193014,0.126527,0.984461,-0.028634,0.118355,-5.270086,133.4422,30.297235,0.183811,0.966982,-0.176391,0.00667,-1.126038,147.329697,28.09268,-0.004884,0.917515,0.099916,0.384916,-8.753944,127.955231,27.884447,0.422915,-0.539185,0.13381,-0.715903,-21.058432,129.1436,15.515691,0.265751,0.10698,-0.458649,-0.841173,-11.55446,113.061966,-0.843528,0.332077,0.193489,-0.544723,-0.745362,3.205661,135.039795,-2.536191,-0.008045,0.961223,0.173248,0.214406,-1.981979,127.606331,30.957848,0.355422,0.883462,0.167017,-0.255489,13.895094,126.577652,38.214504,-0.003215,0.209831,0.473315,-0.855531,29.210752,113.102928,24.057165,-0.009803,-0.033368,0.681449,-0.731039,17.862999,132.947449,15.348375,0.058436,0.91822,0.214162,0.328012,-8.161742,84.747437,14.806763,0.106569,0.980438,-0.018056,0.164496,-6.959194,52.077461,-0.836383,-0.041688,0.949374,0.066869,0.304105,-17.181263,5.62427,-0.820009,-0.107405,0.935948,0.028152,0.334176,6.728887,85.117958,26.21114,0.044474,0.896206,-0.199653,0.393668,14.697274,49.769585,26.902855,-0.038102,0.889805,0.052679,0.451686,3.428772,6.185141,42.258881,-0.041688,0.949374,0.066869,0.304105,-8.40497,1.746219,-12.781167,-0.038102,0.889805,0.052679,0.451686,15.3855,1.943072,33.646484
437,3.641667,-0.028747,0.945512,0.054166,0.319761,-0.70874,84.932518,20.504051,-0.036564,0.963448,0.108228,0.242318,-1.393287,92.56617,21.150476,-0.003557,0.968932,0.126469,0.212518,-3.99244,113.161728,25.185915,0.126691,0.984451,-0.028564,0.118281,-5.263247,133.445053,30.289673,0.183594,0.96699,-0.176585,0.006444,-1.115104,147.33168,28.087334,-0.004957,0.917521,0.099932,0.384896,-8.747393,127.958038,27.877384,0.423049,-0.539257,0.133734,-0.715784,-21.052402,129.144196,15.508924,0.265797,0.106987,-0.458705,-0.841127,-11.551312,113.060936,-0.850376,0.332101,0.193467,-0.544825,-0.745282,3.205734,135.040115,-2.544845,-0.008098,0.961248,0.173282,0.214268,-1.975129,127.609161,30.950134,0.355457,0.883485,0.166928,-0.255422,13.903989,126.582863,38.202675,-0.003543,0.210259,0.47334,-0.855411,29.22011,113.104507,24.049263,-0.010188,-0.033068,0.680345,-0.732074,17.883734,132.948166,15.332527,0.058523,0.918225,0.214156,0.327985,-8.154986,84.747543,14.803065,0.106566,0.98042,-0.018129,0.164594,-6.9588,52.07814,-0.84177,-0.041792,0.949379,0.066903,0.304067,-17.181673,5.62512,-0.819466,-0.107382,0.935997,0.02804,0.334054,6.737508,85.117493,26.20504,0.044538,0.896221,-0.199669,0.39362,14.701763,49.768307,26.902781,-0.037577,0.889724,0.05299,0.451853,3.428053,6.184995,42.25819,-0.041792,0.949379,0.066903,0.304067,-8.405282,1.748986,-12.781179,-0.037577,0.889724,0.05299,0.451853,15.384476,1.944014,33.644825
438,3.65,-0.028753,0.945517,0.05419,0.31974,-0.702144,84.932175,20.499859,-0.036571,0.963493,0.108057,0.242213,-1.386899,92.565773,21.146627,-0.003502,0.96896,0.126511,0.212367,-3.983988,113.161263,25.175077,0.126733,0.984459,-0.028531,0.118174,-5.252131,133.444153,30.281193,0.183348,0.967012,-0.176722,0.006328,-1.103355,147.330688,28.079435,-0.005061,0.917566,0.099987,0.384771,-8.737324,127.957558,27.869488,0.423014,-0.539313,0.133712,-0.715766,-21.045631,129.140671,15.504031,0.265701,0.106928,-0.458778,-0.841125,-11.54724,113.058075,-0.857474,0.332059,0.193424,-0.544864,-0.745284,3.207194,135.039444,-2.55328,-0.008174,0.96125,0.173295,0.214244,-1.964103,127.60804,30.940044,0.355461,0.88348,0.16696,-0.255413,13.915332,126.584335,38.192238,-0.003302,0.210072,0.473368,-0.855442,29.231554,113.106262,24.038685,-0.00972,-0.033303,0.680314,-0.7321,17.891996,132.950424,15.32338,0.058465,0.918255,0.214163,0.327908,-8.148628,84.7472,14.799191,0.106659,0.980421,-0.018179,0.164526,-6.949763,52.077515,-0.844829,-0.041657,0.949375,0.066941,0.30409,-17.181999,5.626565,-0.818711,-0.107359,0.935991,0.028036,0.334079,6.74434,85.117142,26.200527,0.044553,0.896144,-0.199742,0.393756,14.706987,49.76759,26.898161,-0.037947,0.889709,0.052943,0.451857,3.427032,6.187191,42.257248,-0.041657,0.949375,0.066941,0.30409,-8.406218,1.750234,-12.780799,-0.037947,0.889709,0.052943,0.451857,15.386626,1.950003,33.646435
439,3.658333,-0.02874,0.945547,0.054202,0.319651,-0.694203,84.929146,20.494299,-0.036619,0.963519,0.108051,0.242107,-1.378762,92.562744,21.141359,-0.003531,0.968997,0.12641,0.212256,-3.977364,113.158798,25.1695,0.126389,0.984513,-0.028752,0.118035,-5.245228,133.442734,30.271488,0.183424,0.967005,-0.176683,0.006308,-1.105989,147.330826,28.061584,-0.005063,0.917609,0.09995,0.384679,-8.730726,127.955475,27.861748,0.42311,-0.539345,0.133597,-0.715707,-21.041527,129.13768,15.498683,0.265707,0.106879,-0.458823,-0.841105,-11.543306,113.056351,-0.86417,0.332011,0.193349,-0.545014,-0.745214,3.209391,135.038452,-2.563091,-0.008143,0.961281,0.173171,0.214205,-1.956807,127.606903,30.930878,0.355403,0.883513,0.166663,-0.255572,13.923222,126.583351,38.181793,-0.00342,0.210036,0.473337,-0.855468,29.237431,113.104759,24.026556,-0.009613,-0.033304,0.6803,-0.732113,17.895105,132.950394,15.314777,0.058487,0.918285,0.214184,0.327808,-8.141767,84.744362,14.795033,0.106704,0.980435,-0.018231,0.164404,-6.945513,52.075493,-0.850913,-0.041836,0.949367,0.066948,0.304088,-17.182722,5.625641,-0.819357,-0.107339,0.936013,0.02794,0.334034,6.753361,85.113922,26.193565,0.044621,0.896185,-0.199804,0.393623,14.712339,49.763653,26.896828,-0.038033,0.889734,0.052925,0.451804,3.426558,6.186193,42.259987,-0.041836,0.949367,0.066948,0.304088,-8.405313,1.751221,-12.780872,-0.038033,0.889734,0.052925,0.451804,15.385823,1.949668,33.648376
440,3.666667,-0.02875,0.94558,0.054139,0.319565,-0.687373,84.927124,20.490734,-0.036492,0.96355,0.108042,0.242006,-1.371714,92.560814,21.136902,-0.003727,0.969025,0.126291,0.212197,-3.964444,113.155571,25.165901,0.126349,0.984512,-0.028848,0.118067,-5.238889,133.440704,30.261452,0.183274,0.967013,-0.176793,0.006377,-1.100383,147.328598,28.048838,-0.005028,0.917618,0.099805,0.384697,-8.722685,127.951477,27.853745,0.423057,-0.539413,0.133573,-0.715691,-21.033022,129.132919,15.490145,0.265547,0.106863,-0.458884,-0.841125,-11.538155,113.052513,-0.875553,0.331881,0.193304,-0.544958,-0.745325,3.211654,135.036499,-2.57201,-0.00812,0.961313,0.17306,0.214154,-1.948413,127.606224,30.922472,0.355289,0.883546,0.166565,-0.255681,13.932405,126.583038,38.171719,-0.003335,0.210007,0.473198,-0.855552,29.247873,113.108513,24.01396,-0.00965,-0.033376,0.68058,-0.731849,17.898521,132.949432,15.300518,0.058439,0.91828,0.214297,0.327756,-8.135964,84.741684,14.792832,0.106985,0.980349,-0.018308,0.164725,-6.934611,52.075947,-0.859256,-0.041671,0.949236,0.066732,0.304568,-17.198893,5.632067,-0.828308,-0.107247,0.936005,0.027927,0.334086,6.76122,85.112556,26.188637,0.044594,0.896121,-0.199821,0.393764,14.713706,49.760811,26.891014,-0.037967,0.889694,0.052997,0.451878,3.427237,6.183738,42.254784,-0.041671,0.949236,0.066732,0.304568,-8.411623,1.750252,-12.780182,-0.037967,0.889694,0.052997,0.451878,15.387598,1.948225,33.644199
441,3.675,-0.028832,0.945596,0.054163,0.319504,-0.675353,84.92334,20.486441,-0.03661,0.963557,0.10801,0.241974,-1.360957,92.556915,21.132586,-0.003698,0.969044,0.126206,0.212163,-3.958333,113.15416,25.159657,0.126261,0.98453,-0.028927,0.117995,-5.230673,133.440216,30.252111,0.183218,0.96701,-0.176868,0.006284,-1.094704,147.328384,28.03661,-0.005159,0.917613,0.099808,0.384705,-8.715121,127.950882,27.845552,0.423012,-0.539459,0.133563,-0.715685,-21.025177,129.128189,15.481284,0.265458,0.106859,-0.458942,-0.841122,-11.532642,113.048431,-0.886406,0.33185,0.193312,-0.545031,-0.745284,3.215243,135.035645,-2.581847,-0.00811,0.961365,0.172883,0.214065,-1.94063,127.60556,30.913786,0.355373,0.883518,0.166162,-0.255923,13.941522,126.583923,38.160316,-0.003507,0.210044,0.47329,-0.855492,29.247898,113.103127,23.998713,-0.009695,-0.033385,0.680537,-0.731889,17.903811,132.947769,15.288594,0.058426,0.918394,0.214391,0.327375,-8.124586,84.736519,14.789423,0.107053,0.980316,-0.018435,0.164866,-6.926569,52.073574,-0.868753,-0.041672,0.949243,0.066694,0.304554,-17.199089,5.631524,-0.828517,-0.107134,0.936036,0.027877,0.334038,6.773881,85.110161,26.183456,0.044575,0.896136,-0.199919,0.393682,14.717631,49.756451,26.886038,-0.037596,0.88973,0.053031,0.451835,3.430579,6.182966,42.259548,-0.041672,0.949243,0.066694,0.304554,-8.41222,1.748634,-12.780337,-0.037596,0.88973,0.053031,0.451835,15.386979,1.943311,33.645512
442,3.683333,-0.02884,0.945611,0.054143,0.319462,-0.669494,84.921333,20.48234,-0.036609,0.963576,0.10797,0.241916,-1.355079,92.554932,21.128197,-0.003763,0.969065,0.126128,0.21211,-3.951673,113.151993,25.153736,0.126218,0.984545,-0.028999,0.117891,-5.225667,133.438843,30.242569,0.183246,0.967001,-0.176896,0.006135,-1.0911,147.327011,28.024372,-0.005126,0.917628,0.09979,0.384674,-8.709767,127.948715,27.837355,0.423061,-0.539443,0.133526,-0.715676,-21.02067,129.126724,15.473983,0.26549,0.106853,-0.458978,-0.841092,-11.526755,113.047386,-0.893325,0.331894,0.193287,-0.54508,-0.745235,3.219271,135.0354,-2.590443,-0.008165,0.961404,0.172877,0.213892,-1.934945,127.60466,30.905005,0.355353,0.883539,0.166255,-0.255819,13.949776,126.585945,38.146339,-0.00339,0.209961,0.473219,-0.855552,29.259501,113.105965,23.987558,-0.00965,-0.033448,0.680655,-0.731777,17.909899,132.948715,15.277126,0.058443,0.918383,0.214465,0.327357,-8.119227,84.734215,14.785981,0.107121,0.980279,-0.018557,0.165025,-6.920796,52.073715,-0.877261,-0.041717,0.949212,0.066664,0.304653,-17.201471,5.633482,-0.82839,-0.10715,0.936062,0.027804,0.333968,6.78024,85.108444,26.178699,0.044649,0.896159,-0.199924,0.393619,14.723351,49.754688,26.886038,-0.037795,0.889709,0.052985,0.451865,3.430861,6.182018,42.25787,-0.041717,0.949212,0.066664,0.304653,-8.411818,1.750232,-12.778054,-0.037795,0.889709,0.052985,0.451865,15.389408,1.943865,33.646057
443,3.691667,-0.028891,0.945623,0.054203,0.319414,-0.66188,84.921555,20.476566,-0.03645,0.963601,0.107923,0.241862,-1.348473,92.555016,21.123072,-0.003875,0.96908,0.126041,0.212091,-3.937364,113.148788,25.147665,0.126001,0.984584,-0.029035,0.117792,-5.215039,133.436523,30.232038,0.183217,0.967008,-0.176892,0.00599,-1.086862,147.326233,28.011593,-0.005147,0.917657,0.099841,0.384593,-8.698158,127.945206,27.828089,0.422918,-0.539559,0.133505,-0.715677,-21.011242,129.122971,15.466866,0.265318,0.106843,-0.459027,-0.841121,-11.523251,113.045776,-0.905976,0.331884,0.193286,-0.544968,-0.745321,3.220699,135.035797,-2.599957,-0.00827,0.961392,0.172885,0.213933,-1.923228,127.603104,30.895716,0.35546,0.883448,0.166074,-0.256102,13.960806,126.587616,38.138996,-0.003494,0.209919,0.473352,-0.855488,29.259563,113.104584,23.971281,-0.009629,-0.033404,0.680582,-0.731847,17.915163,132.952652,15.265626,0.058424,0.918424,0.214504,0.32722,-8.112125,84.733833,14.780897,0.107186,0.98028,-0.018656,0.164967,-6.913815,52.074379,-0.884528,-0.041712,0.949218,0.066667,0.304632,-17.202023,5.635822,-0.826892,-0.107135,0.93602,0.027748,0.334095,6.788364,85.109283,26.172235,0.044672,0.896094,-0.199976,0.393738,14.72902,49.755062,26.884075,-0.037616,0.889692,0.053105,0.451899,3.430666,6.184548,42.257687,-0.041712,0.949218,0.066667,0.304632,-8.412929,1.752591,-12.776969,-0.037616,0.889692,0.053105,0.451899,15.388739,1.947129,33.644859
444,3.7,-0.028933,0.945655,0.054192,0.319317,-0.653161,84.921089,20.471924,-0.036501,0.96362,0.10787,0.241804,-1.340247,92.554527,21.118134,-0.003879,0.96909,0.12605,0.212039,-3.930557,113.149353,25.14036,0.126059,0.984583,-0.029189,0.117703,-5.208189,133.436996,30.225145,0.183109,0.967023,-0.176927,0.00586,-1.078305,147.32547,28.000137,-0.005234,0.917649,0.099964,0.384578,-8.691425,127.945641,27.821478,0.423097,-0.539696,0.133283,-0.715509,-21.004864,129.122208,15.460503,0.26538,0.106891,-0.458981,-0.841121,-11.521303,113.046288,-0.916165,0.331842,0.19322,-0.544966,-0.745359,3.224365,135.035324,-2.608834,-0.008243,0.961407,0.172926,0.213836,-1.91617,127.603638,30.888399,0.355343,0.883447,0.166197,-0.256186,13.969334,126.587547,38.128368,-0.003389,0.209728,0.473252,-0.85559,29.270086,113.111916,23.955769,-0.009483,-0.033371,0.68105,-0.731414,17.91643,132.958389,15.254061,0.058482,0.918476,0.214516,0.327053,-8.104526,84.73243,14.777751,0.107161,0.980244,-0.01874,0.165186,-6.912591,52.073853,-0.889985,-0.041635,0.949228,0.066714,0.304602,-17.199833,5.635092,-0.826403,-0.107123,0.936036,0.027655,0.334062,6.798202,85.109741,26.166094,0.044761,0.89612,-0.200049,0.393632,14.735887,49.754971,26.88365,-0.038125,0.889732,0.052926,0.4518,3.42913,6.188002,42.261131,-0.041635,0.949228,0.066714,0.304602,-8.412092,1.752445,-12.77766,-0.038125,0.889732,0.052926,0.4518,15.389127,1.952748,33.649914
445,3.708333,-0.028992,0.945678,0.054164,0.319249,-0.644325,84.920654,20.467863,-0.036537,0.963628,0.107873,0.241762,-1.332081,92.554092,21.113419,-0.003932,0.96911,0.125935,0.212017,-3.923654,113.148209,25.135395,0.126039,0.984592,-0.02922,0.117643,-5.202302,133.437057,30.215147,0.183096,0.967014,-0.176992,0.005739,-1.073147,147.325546,27.988899,-0.005024,0.917808,0.09965,0.384282,-8.685301,127.944885,27.812981,0.422779,-0.539626,0.133509,-0.715707,-21.006786,129.122894,15.460163,0.265282,0.106612,-0.45895,-0.841204,-11.522446,113.047638,-0.916693,0.331902,0.193143,-0.544957,-0.745358,3.228193,135.033249,-2.618552,-0.008142,0.961446,0.17284,0.213734,-1.909914,127.604057,30.879742,0.355295,0.88343,0.166386,-0.25619,13.977179,126.585838,38.115929,-0.003306,0.209622,0.473215,-0.855638,29.279524,113.115051,23.940437,-0.009421,-0.033429,0.681083,-0.731382,17.922094,132.959869,15.240875,0.058518,0.91848,0.214564,0.327005,-8.096439,84.730705,14.774714,0.107241,0.980263,-0.0188,0.165018,-6.906535,52.073921,-0.896904,-0.042008,0.9492,0.066541,0.304676,-17.202044,5.636993,-0.82727,-0.107062,0.936038,0.027577,0.334081,6.807788,85.110603,26.161009,0.044769,0.89605,-0.200086,0.393772,14.739498,49.754578,26.882517,-0.037715,0.88969,0.053061,0.451901,3.428333,6.189087,42.260944,-0.042008,0.9492,0.066541,0.304676,-8.409342,1.753069,-12.774467,-0.037715,0.88969,0.053061,0.451901,15.387148,1.951842,33.649071
446,3.716667,-0.028972,0.945694,0.054101,0.319213,-0.63907,84.920013,20.463003,-0.036679,0.963633,0.107741,0.241782,-1.326207,92.553566,21.10778,-0.00373,0.969109,0.125965,0.212008,-3.922635,113.151314,25.123474,0.126183,0.984586,-0.029203,0.117542,-5.193325,133.439911,30.206213,0.182979,0.967006,-0.177166,0.005493,-1.060589,147.327408,27.980476,-0.005434,0.917525,0.100078,0.384841,-8.678546,127.949379,27.803495,0.42257,-0.539777,0.13389,-0.715645,-20.984846,129.122009,15.43504,0.265033,0.106785,-0.459049,-0.841207,-11.51369,113.036049,-0.938946,0.331984,0.193081,-0.545008,-0.7453,3.231705,135.029556,-2.628637,-0.008097,0.961457,0.17287,0.213658,-1.903083,127.605568,30.869753,0.355337,0.883415,0.166216,-0.256291,13.985162,126.586082,38.10323,-0.003206,0.209582,0.473271,-0.855616,29.283445,113.112389,23.926119,-0.009269,-0.033604,0.681248,-0.731222,17.927608,132.958481,15.225994,0.058513,0.918514,0.214574,0.326904,-8.091632,84.729996,14.770447,0.107238,0.980277,-0.018859,0.164929,-6.902901,52.073502,-0.901881,-0.04162,0.94924,0.066632,0.304585,-17.199017,5.636725,-0.82578,-0.107053,0.93608,0.027528,0.333971,6.813493,85.110023,26.155561,0.044799,0.896073,-0.20011,0.393705,14.743514,49.753662,26.879274,-0.03814,0.889722,0.052897,0.45182,3.430053,6.189325,42.259289,-0.04162,0.94924,0.066632,0.304585,-8.411984,1.751627,-12.776764,-0.03814,0.889722,0.052897,0.45182,15.390471,1.953536,33.648918
447,3.725,-0.028911,0.945716,0.054034,0.319164,-0.633211,84.919197,20.457291,-0.036541,0.963653,0.107846,0.241676,-1.319091,92.552917,21.101437,-0.003923,0.969149,0.125759,0.21194,-3.910044,113.1464,25.122353,0.126183,0.984592,-0.029234,0.117483,-5.18638,133.437103,30.195267,0.182938,0.967001,-0.177239,0.005373,-1.053781,147.324448,27.968391,-0.005297,0.91772,0.099853,0.384436,-8.670176,127.944351,27.795591,0.422689,-0.539812,0.133606,-0.715602,-20.987419,129.116898,15.438029,0.265179,0.106634,-0.458966,-0.841225,-11.514367,113.037407,-0.941208,0.332036,0.192977,-0.545007,-0.745305,3.235915,135.025085,-2.639831,-0.008019,0.961518,0.172644,0.213572,-1.894302,127.604088,30.861341,0.355458,0.883336,0.166152,-0.256438,13.995272,126.584198,38.091835,-0.003211,0.209579,0.473379,-0.855557,29.285521,113.106979,23.909409,-0.009345,-0.033643,0.681216,-0.731249,17.934725,132.956055,15.210226,0.058516,0.918514,0.214574,0.326905,-8.086432,84.729805,14.765578,0.107297,0.980308,-0.018876,0.164703,-6.897865,52.073318,-0.906764,-0.041767,0.949218,0.066494,0.304661,-17.199675,5.637807,-0.827629,-0.106975,0.936045,0.027497,0.334096,6.820011,85.108582,26.149004,0.044766,0.89603,-0.200137,0.39379,14.743959,49.750885,26.873917,-0.038172,0.889715,0.052887,0.451834,3.430802,6.187329,42.256344,-0.041767,0.949218,0.066494,0.304661,-8.409658,1.75024,-12.775617,-0.038172,0.889715,0.052887,0.451834,15.391723,1.951727,33.646584
448,3.733333,-0.028883,0.945733,0.053936,0.319133,-0.6269,84.918175,20.452616,-0.036507,0.963667,0.107817,0.241636,-1.311884,92.552086,21.095484,-0.003973,0.969165,0.125686,0.21191,-3.900702,113.143303,25.115189,0.126306,0.984586,-0.029193,0.117411,-5.178242,133.434753,30.184782,0.182877,0.967004,-0.177291,0.005179,-1.042606,147.321396,27.959167,-0.005224,0.917762,0.099813,0.384349,-8.661765,127.941345,27.786203,0.422605,-0.539899,0.133667,-0.715574,-20.981384,129.115372,15.431139,0.265147,0.106541,-0.458924,-0.84127,-11.513806,113.034309,-0.949733,0.332133,0.192786,-0.545002,-0.745315,3.239893,135.020187,-2.650897,-0.008064,0.961557,0.172492,0.213518,-1.885708,127.602097,30.85166,0.355477,0.883346,0.165532,-0.256778,14.004655,126.585175,38.080849,-0.003375,0.209588,0.473436,-0.855524,29.28558,113.101814,23.894201,-0.009229,-0.033605,0.6815,-0.730988,17.936838,132.955399,15.198267,0.058541,0.918481,0.214598,0.326975,-8.080518,84.728638,14.761421,0.107337,0.980293,-0.018972,0.164758,-6.891844,52.07312,-0.912961,-0.041575,0.949244,0.066547,0.304595,-17.198845,5.638775,-0.826093,-0.106946,0.936081,0.027419,0.334012,6.826717,85.107712,26.14381,0.044781,0.896021,-0.200123,0.393817,14.746925,49.749249,26.872635,-0.037666,0.889637,0.053094,0.452004,3.432539,6.185287,42.25301,-0.041575,0.949244,0.066547,0.304595,-8.412151,1.750854,-12.776409,-0.037666,0.889637,0.053094,0.452004,15.392993,1.948281,33.643288
449,3.741667,-0.028963,0.945745,0.053864,0.319103,-0.616659,84.917191,20.446871,-0.036689,0.963659,0.107771,0.241664,-1.302432,92.551147,21.088335,-0.003881,0.969165,0.125664,0.211928,-3.898838,113.146675,25.105118,0.126325,0.984588,-0.029313,0.117346,-5.172568,133.4384,30.174614,0.182991,0.966979,-0.177313,0.005074,-1.036343,147.324295,27.94536,-0.005205,0.917803,0.099606,0.384303,-8.657111,127.945641,27.77602,0.422579,-0.539969,0.133721,-0.715527,-20.977978,129.11734,15.421981,0.265187,0.106535,-0.458823,-0.841313,-11.514866,113.03389,-0.959125,0.33219,0.192733,-0.544942,-0.745347,3.243868,135.016464,-2.659863,-0.008088,0.961614,0.172458,0.213286,-1.881153,127.605103,30.841553,0.355542,0.883361,0.165396,-0.256723,14.012665,126.590683,38.063496,-0.003295,0.209522,0.473387,-0.855567,29.292679,113.102043,23.880896,-0.009176,-0.033602,0.681556,-0.730936,17.93961,132.955093,15.184816,0.058578,0.918512,0.214615,0.326871,-8.070546,84.725777,14.756096,0.107397,0.980292,-0.019056,0.164711,-6.885647,52.071106,-0.920318,-0.041501,0.949231,0.066585,0.304638,-17.199478,5.638289,-0.82608,-0.106899,0.936101,0.027339,0.333975,6.837229,85.108604,26.137648,0.044857,0.895991,-0.200181,0.393846,14.752397,49.749096,26.870432,-0.038226,0.889635,0.052913,0.451983,3.428946,6.187963,42.252174,-0.041501,0.949231,0.066585,0.304638,-8.412345,1.750742,-12.776196,-0.038226,0.889635,0.052913,0.451983,15.393279,1.953804,33.646439
450,3.75,-0.029013,0.945762,0.053888,0.319043,-0.605934,84.920319,20.439499,-0.036697,0.963664,0.107722,0.241661,-1.292509,92.554192,21.081099,-0.00393,0.96916,0.125665,0.211948,-3.888455,113.147842,25.095373,0.126358,0.984578,-0.029419,0.117361,-5.164268,133.439529,30.164463,0.182896,0.966987,-0.177367,0.005066,-1.02674,147.324585,27.932381,-0.005179,0.917882,0.099637,0.384107,-8.64819,127.946426,27.765772,0.422511,-0.540077,0.133735,-0.715483,-20.974325,129.118698,15.417047,0.26518,0.106467,-0.458707,-0.841387,-11.517166,113.034607,-0.966856,0.332172,0.192712,-0.544767,-0.745488,3.247591,135.012253,-2.668405,-0.008096,0.961628,0.172432,0.213244,-1.87237,127.60656,30.831675,0.355573,0.883325,0.165614,-0.256665,14.022051,126.592842,38.052376,-0.003017,0.209434,0.473385,-0.85559,29.30246,113.105789,23.868687,-0.008969,-0.033748,0.681431,-0.731049,17.948454,132.954819,15.170306,0.058654,0.918545,0.214576,0.326789,-8.06049,84.728088,14.749628,0.107424,0.980284,-0.019142,0.164735,-6.882984,52.072842,-0.926147,-0.041535,0.949227,0.066597,0.304644,-17.200623,5.640888,-0.824555,-0.106834,0.936136,0.027224,0.333909,6.848621,85.112549,26.129368,0.04489,0.896035,-0.200249,0.393708,14.756756,49.751587,26.867777,-0.038274,0.889666,0.052841,0.451927,3.430424,6.193352,42.255596,-0.041535,0.949227,0.066597,0.304644,-8.413003,1.754027,-12.774529,-0.038274,0.889666,0.052841,0.451927,15.39384,1.957958,33.6492
451,3.758333,-0.029016,0.945787,0.053851,0.318975,-0.598551,84.919739,20.433668,-0.036705,0.963689,0.107633,0.241604,-1.284946,92.553673,21.074776,-0.00395,0.969174,0.125646,0.211892,-3.880243,113.149132,25.085741,0.126156,0.984614,-0.029495,0.117263,-5.156425,133.441025,30.153946,0.183021,0.966969,-0.177339,0.005016,-1.024738,147.327271,27.918524,-0.005129,0.917953,0.099637,0.383939,-8.640361,127.947632,27.755911,0.42248,-0.540227,0.133697,-0.715395,-20.971033,129.12088,15.411809,0.265209,0.106506,-0.458529,-0.84147,-11.521422,113.03643,-0.976089,0.33215,0.192755,-0.544605,-0.745605,3.251319,135.00853,-2.673598,-0.00807,0.961644,0.172489,0.213128,-1.86419,127.608215,30.821096,0.355617,0.883291,0.165848,-0.25657,14.031984,126.593903,38.037861,-0.002848,0.209239,0.47332,-0.855675,29.313267,113.107727,23.854288,-0.008857,-0.033646,0.681511,-0.730981,17.951996,132.95459,15.159122,0.058789,0.918466,0.214607,0.326968,-8.053915,84.727158,14.744865,0.107429,0.98024,-0.019287,0.164977,-6.881577,52.074028,-0.935696,-0.041996,0.949216,0.066351,0.304667,-17.201965,5.642718,-0.823172,-0.106831,0.936163,0.027151,0.33384,6.856812,85.11232,26.122471,0.044938,0.896047,-0.200329,0.393636,14.763019,49.751019,26.86516,-0.038199,0.889693,0.052873,0.451875,3.43097,6.19621,42.258461,-0.041996,0.949216,0.066351,0.304667,-8.409948,1.753315,-12.769087,-0.038199,0.889693,0.052873,0.451875,15.392867,1.960609,33.650051
452,3.766667,-0.029029,0.945825,0.053789,0.318873,-0.589508,84.921249,20.426632,-0.036763,0.963714,0.107618,0.241499,-1.27571,92.555275,21.066843,-0.003944,0.969203,0.125609,0.211782,-3.872705,113.150116,25.076761,0.12615,0.984628,-0.029578,0.117129,-5.147748,133.442398,30.143681,0.18308,0.966959,-0.177336,0.004885,-1.016553,147.328323,27.905258,-0.005086,0.918025,0.099589,0.38378,-8.632223,127.94883,27.746862,0.422346,-0.540306,0.133802,-0.715396,-20.967167,129.122269,15.407046,0.265177,0.106468,-0.458419,-0.841545,-11.523171,113.036026,-0.982343,0.332162,0.192759,-0.544483,-0.745688,3.255127,135.004044,-2.678812,-0.008,0.961669,0.172411,0.213079,-1.855357,127.609657,30.810535,0.355625,0.883269,0.165934,-0.256581,14.041595,126.593864,38.025372,-0.002617,0.209082,0.473221,-0.855769,29.32235,113.108932,23.840048,-0.008724,-0.033675,0.68158,-0.730916,17.953514,132.95108,15.145326,0.058716,0.918532,0.214583,0.32681,-8.046078,84.727951,14.739436,0.107535,0.980282,-0.019281,0.164656,-6.872161,52.073456,-0.938171,-0.041901,0.949229,0.06631,0.304652,-17.20215,5.644271,-0.824556,-0.106793,0.936234,0.026962,0.333669,6.867062,85.114555,26.113827,0.045001,0.896068,-0.20032,0.393584,14.766304,49.751915,26.866978,-0.037696,0.889637,0.052934,0.452021,3.43008,6.19733,42.257843,-0.041901,0.949229,0.06631,0.304652,-8.41148,1.752781,-12.770785,-0.037696,0.889637,0.052934,0.452021,15.390542,1.956551,33.649994
453,3.775,-0.028946,0.945837,0.053692,0.318861,-0.584266,84.920898,20.417805,-0.036739,0.963732,0.107666,0.241411,-1.268783,92.555161,21.057035,-0.003906,0.969236,0.125539,0.211674,-3.86482,113.148819,25.069254,0.126258,0.984623,-0.029554,0.117058,-5.137126,133.441849,30.133884,0.18299,0.966953,-0.177466,0.004783,-1.003269,147.327087,27.896214,-0.005007,0.918091,0.099365,0.38368,-8.622582,127.948235,27.738577,0.422262,-0.54048,0.133753,-0.715322,-20.960257,129.120819,15.401408,0.265084,0.1065,-0.458285,-0.841643,-11.524986,113.035393,-0.993808,0.332044,0.192767,-0.544286,-0.745883,3.259251,134.999405,-2.684114,-0.008032,0.961704,0.172251,0.213052,-1.845027,127.608932,30.800714,0.355713,0.883234,0.165747,-0.256698,14.0523,126.595604,38.015079,-0.002462,0.209161,0.473279,-0.855717,29.326942,113.105988,23.827625,-0.008681,-0.033867,0.681445,-0.731034,17.963249,132.94635,15.12711,0.058706,0.918537,0.214568,0.326808,-8.041074,84.72847,14.73089,0.107573,0.98026,-0.019357,0.164754,-6.866886,52.073418,-0.945537,-0.041973,0.9492,0.066141,0.304767,-17.201609,5.645311,-0.826451,-0.106759,0.9362,0.026963,0.333775,6.872542,85.113327,26.104721,0.044976,0.89604,-0.200386,0.393619,14.769462,49.750172,26.857918,-0.038203,0.889669,0.052715,0.451942,3.432382,6.197876,42.25462,-0.041973,0.9492,0.066141,0.304767,-8.407757,1.749817,-12.769032,-0.038203,0.889669,0.052715,0.451942,15.394995,1.958193,33.64922
454,3.783333,-0.028893,0.945849,0.053555,0.318851,-0.577843,84.919693,20.412531,-0.036805,0.963765,0.107553,0.24132,-1.260916,92.554222,21.050045,-0.003828,0.969274,0.125485,0.211536,-3.858006,113.148026,25.057131,0.126173,0.98465,-0.029529,0.116931,-5.125929,133.441635,30.120491,0.18307,0.96693,-0.177508,0.004704,-0.995034,147.327728,27.882645,-0.004919,0.9182,0.099305,0.383435,-8.61288,127.948318,27.726686,0.422176,-0.540573,0.133762,-0.715301,-20.957153,129.122086,15.396235,0.265021,0.106479,-0.458169,-0.841728,-11.526994,113.036819,-1.002088,0.331906,0.192817,-0.544135,-0.746041,3.262762,134.996597,-2.689633,-0.008049,0.961709,0.172162,0.213098,-1.834451,127.608315,30.786804,0.355797,0.883218,0.165313,-0.256915,14.062184,126.59594,38.002819,-0.002485,0.209188,0.473342,-0.855676,29.328308,113.099159,23.813019,-0.00857,-0.033929,0.68137,-0.731102,17.967875,132.941895,15.112183,0.058679,0.918543,0.214574,0.326794,-8.034823,84.727364,14.725842,0.107615,0.980305,-0.019378,0.164458,-6.858964,52.072273,-0.950372,-0.041846,0.949247,0.066193,0.304628,-17.197851,5.645099,-0.826861,-0.106693,0.936237,0.026906,0.333697,6.879138,85.112015,26.09922,0.044933,0.895962,-0.200402,0.393792,14.770353,49.747623,26.853966,-0.0382,0.889654,0.052732,0.45197,3.433324,6.195593,42.251457,-0.041846,0.949247,0.066193,0.304628,-8.408504,1.74978,-12.77281,-0.0382,0.889654,0.052732,0.45197,15.396505,1.956324,33.646645
455,3.791667,-0.02888,0.945869,0.053492,0.318805,-0.570054,84.918472,20.405207,-0.036868,0.963788,0.10756,0.241215,-1.252597,92.553123,21.041899,-0.003806,0.969318,0.125359,0.21141,-3.851759,113.145515,25.048653,0.126185,0.984656,-0.029562,0.116864,-5.117031,133.440475,30.107319,0.183075,0.966923,-0.177541,0.004687,-0.985991,147.326324,27.868259,-0.00475,0.918235,0.099342,0.383344,-8.604975,127.946785,27.715811,0.422137,-0.540757,0.13374,-0.715189,-20.951744,129.126129,15.388391,0.264943,0.106534,-0.45803,-0.841822,-11.531183,113.039589,-1.014188,0.33174,0.192856,-0.543927,-0.746256,3.264268,134.995148,-2.694845,-0.008053,0.961732,0.172044,0.21309,-1.825746,127.607109,30.774197,0.355808,0.883198,0.165453,-0.256879,14.070999,126.595795,37.990124,-0.002364,0.209151,0.473244,-0.85574,29.337645,113.100372,23.799574,-0.008641,-0.033832,0.68127,-0.731199,17.972103,132.938812,15.097019,0.05871,0.91856,0.214585,0.326731,-8.027599,84.725945,14.719263,0.107624,0.980313,-0.019469,0.164394,-6.85463,52.071453,-0.958419,-0.041735,0.949271,0.066283,0.304547,-17.195732,5.644795,-0.825949,-0.106664,0.936293,0.026772,0.333558,6.887493,85.111008,26.09115,0.044938,0.895914,-0.200401,0.393901,14.773676,49.74564,26.853159,-0.038327,0.889639,0.052733,0.451988,3.434438,6.193572,42.248936,-0.041735,0.949271,0.066283,0.304547,-8.409242,1.750916,-12.774473,-0.038327,0.889639,0.052733,0.451988,15.399082,1.956085,33.645275
456,3.8,-0.028889,0.945887,0.053525,0.318746,-0.561876,84.918251,20.397417,-0.036898,0.96381,0.107504,0.241145,-1.244675,92.552834,21.034588,-0.003848,0.969337,0.125335,0.211335,-3.844305,113.146545,25.039139,0.126148,0.984664,-0.029693,0.116799,-5.11066,133.441742,30.096569,0.183149,0.966906,-0.177558,0.004669,-0.980528,147.327194,27.853367,-0.004644,0.918275,0.099353,0.383248,-8.598455,127.947571,27.705938,0.422083,-0.540866,0.133727,-0.715142,-20.947838,129.130142,15.381442,0.264863,0.106577,-0.457956,-0.841882,-11.532928,113.043571,-1.024362,0.331612,0.192913,-0.543797,-0.746393,3.265071,134.99649,-2.699676,-0.008047,0.961765,0.171966,0.213004,-1.818762,127.608704,30.763388,0.355896,0.883068,0.166741,-0.256373,14.079282,126.598297,37.976585,-0.001644,0.208738,0.473092,-0.855926,29.355738,113.113594,23.786417,-0.008511,-0.033825,0.681281,-0.731191,17.976757,132.93895,15.0841,0.058729,0.91861,0.214633,0.326558,-8.020118,84.725685,14.712386,0.107664,0.980308,-0.019587,0.164382,-6.850135,52.072853,-0.968979,-0.041919,0.949263,0.066099,0.304589,-17.196712,5.64745,-0.82599,-0.106659,0.936251,0.026741,0.333682,6.896366,85.110817,26.082451,0.045014,0.895921,-0.200524,0.393814,14.781341,49.745247,26.847469,-0.038121,0.889639,0.052759,0.452002,3.432572,6.198552,42.251404,-0.041919,0.949263,0.066099,0.304589,-8.407822,1.750145,-12.771633,-0.038121,0.889639,0.052759,0.452002,15.39578,1.958936,33.646797
457,3.808333,-0.02893,0.945893,0.053536,0.318723,-0.553856,84.918121,20.390854,-0.036813,0.963831,0.107468,0.241094,-1.237289,92.55265,21.02799,-0.003908,0.969346,0.125333,0.211291,-3.832786,113.146172,25.031952,0.126245,0.984643,-0.029937,0.116804,-5.101368,133.441345,30.088844,0.183035,0.966919,-0.177608,0.004714,-0.967822,147.324722,27.839067,-0.004667,0.918332,0.099261,0.383134,-8.588636,127.946678,27.698643,0.421983,-0.54104,0.133548,-0.715102,-20.941046,129.126862,15.376952,0.264664,0.106674,-0.457924,-0.84195,-11.533111,113.045929,-1.038367,0.331472,0.192929,-0.54362,-0.746581,3.265887,135.000076,-2.703775,-0.008079,0.96178,0.172016,0.212897,-1.808674,127.60878,30.755598,0.355845,0.883065,0.166725,-0.256465,14.090931,126.599731,37.965538,-0.001513,0.208635,0.472987,-0.856009,29.366844,113.117859,23.772087,-0.008373,-0.033811,0.68128,-0.731194,17.981083,132.939148,15.07029,0.058781,0.918609,0.214668,0.326526,-8.012337,84.724861,14.706161,0.107715,0.980295,-0.019718,0.164412,-6.845518,52.073551,-0.978599,-0.041615,0.949263,0.066276,0.304591,-17.198847,5.649686,-0.824468,-0.10665,0.936272,0.026663,0.333631,6.904624,85.111374,26.075544,0.045048,0.895909,-0.200593,0.393803,14.787151,49.745361,26.845186,-0.038203,0.889653,0.052679,0.451976,3.433202,6.201574,42.253517,-0.041615,0.949263,0.066276,0.304591,-8.4124,1.754503,-12.772599,-0.038203,0.889653,0.052679,0.451976,15.396335,1.960978,33.649288
458,3.816667,-0.028929,0.945902,0.053555,0.318693,-0.546366,84.917519,20.382761,-0.036704,0.96386,0.107474,0.24099,-1.229859,92.552017,21.02021,-0.004042,0.969379,0.125237,0.211196,-3.820189,113.143112,25.025305,0.126225,0.984646,-0.030041,0.116775,-5.092844,133.439255,30.077299,0.18306,0.96691,-0.177629,0.004748,-0.959693,147.32225,27.824369,-0.00465,0.918395,0.099316,0.382969,-8.579177,127.94313,27.689054,0.421981,-0.541201,0.13329,-0.71503,-20.936033,129.124023,15.371892,0.26458,0.106739,-0.457888,-0.841987,-11.533333,113.049446,-1.052652,0.331394,0.192946,-0.543631,-0.746603,3.266563,135.003204,-2.712403,-0.008142,0.961802,0.17206,0.212757,-1.798631,127.607643,30.744982,0.355885,0.883054,0.166575,-0.256542,14.103028,126.601234,37.950752,-0.001416,0.208588,0.473044,-0.85599,29.375559,113.116493,23.756384,-0.008104,-0.03392,0.6812,-0.731266,17.99107,132.939362,15.054253,0.058794,0.918642,0.214653,0.326443,-8.005203,84.724365,14.698534,0.107732,0.980313,-0.019775,0.164283,-6.841045,52.072693,-0.985678,-0.041525,0.949277,0.066317,0.304549,-17.196754,5.649382,-0.825133,-0.106618,0.936301,0.026589,0.333566,6.912471,85.11068,26.066988,0.04509,0.895884,-0.200654,0.393824,14.791179,49.743896,26.840311,-0.038216,0.889614,0.052652,0.452056,3.431101,6.202802,42.251743,-0.041525,0.949277,0.066317,0.304549,-8.41209,1.754453,-12.774658,-0.038216,0.889614,0.052652,0.452056,15.395768,1.961687,33.649906
459,3.825,-0.0289,0.945917,0.053468,0.318664,-0.540481,84.913651,20.377195,-0.03667,0.963897,0.107308,0.240922,-1.223113,92.548325,21.013542,-0.004046,0.969401,0.125203,0.211114,-3.810087,113.140633,25.012428,0.126168,0.984663,-0.029996,0.11671,-5.082188,133.437134,30.063122,0.183118,0.966872,-0.177777,0.004691,-0.951018,147.320831,27.810961,-0.004585,0.918467,0.099387,0.38278,-8.56884,127.940788,27.675871,0.421932,-0.541271,0.133278,-0.715008,-20.930775,129.124039,15.364035,0.26442,0.106667,-0.457942,-0.842017,-11.531681,113.049873,-1.062967,0.331164,0.192983,-0.543609,-0.746711,3.266159,135.00444,-2.722629,-0.00809,0.961797,0.172053,0.212786,-1.787779,127.605614,30.730688,0.355874,0.883059,0.166496,-0.256593,14.113476,126.597336,37.937099,-0.001528,0.208719,0.473039,-0.85596,29.385096,113.112427,23.741915,-0.008221,-0.033792,0.680942,-0.731511,18.00322,132.935242,15.037301,0.058788,0.918622,0.214793,0.326407,-7.999694,84.720444,14.693462,0.107817,0.980292,-0.019909,0.164337,-6.832287,52.073097,-0.999491,-0.041988,0.949249,0.065976,0.304648,-17.197939,5.652043,-0.828406,-0.106593,0.936329,0.026575,0.333496,6.918731,85.106865,26.060926,0.045099,0.895933,-0.200769,0.393652,14.795462,49.739632,26.834002,-0.037695,0.889661,0.052779,0.451992,3.433316,6.203034,42.256584,-0.041988,0.949249,0.065976,0.304648,-8.407189,1.751969,-12.771771,-0.037695,0.889661,0.052779,0.451992,15.392648,1.95815,33.649193
460,3.833333,-0.028853,0.945939,0.053379,0.31862,-0.535616,84.90918,20.370604,-0.036638,0.963909,0.107274,0.240892,-1.217094,92.544029,21.005932,-0.004034,0.969417,0.125108,0.211097,-3.802164,113.135826,25.003666,0.126126,0.984662,-0.03005,0.116749,-5.072857,133.433334,30.05069,0.183055,0.966857,-0.17792,0.004769,-0.942556,147.317047,27.797041,-0.004576,0.918529,0.099366,0.382635,-8.559935,127.936745,27.664589,0.421892,-0.54135,0.133097,-0.715006,-20.925751,129.119476,15.356594,0.264259,0.106607,-0.457987,-0.842051,-11.528512,113.051178,-1.077214,0.330989,0.192927,-0.543661,-0.746765,3.267101,135.005798,-2.736009,-0.008125,0.96183,0.17193,0.212738,-1.778764,127.601746,30.719185,0.356016,0.883009,0.166136,-0.256801,14.123193,126.59584,37.924389,-0.001551,0.208787,0.473154,-0.85588,29.384487,113.102722,23.725901,-0.008283,-0.033833,0.681073,-0.731387,18.0089,132.929367,15.019526,0.058753,0.918619,0.214853,0.326382,-7.995415,84.716232,14.687628,0.107849,0.980365,-0.01996,0.163876,-6.824596,52.070438,-1.008329,-0.041755,0.949275,0.066023,0.304589,-17.193888,5.650231,-0.828117,-0.106586,0.936329,0.026561,0.333498,6.924182,85.102119,26.053581,0.045148,0.895941,-0.2008,0.393611,14.800146,49.734741,26.82749,-0.038092,0.889651,0.052647,0.451994,3.433417,6.199729,42.251205,-0.041755,0.949275,0.066023,0.304589,-8.406673,1.74924,-12.773794,-0.038092,0.889651,0.052647,0.451994,15.395802,1.956769,33.647102
461,3.841667,-0.028864,0.945938,0.053343,0.318626,-0.528653,84.905472,20.364262,-0.036637,0.963922,0.107235,0.240859,-1.21012,92.540375,20.998999,-0.004024,0.969433,0.125062,0.211052,-3.794685,113.133026,24.995333,0.126156,0.984654,-0.030207,0.116744,-5.064326,133.431015,30.040668,0.183019,0.966844,-0.178029,0.004803,-0.932762,147.31366,27.782642,-0.004499,0.918549,0.099449,0.382566,-8.551785,127.934326,27.655396,0.421831,-0.541424,0.133082,-0.714989,-20.919472,129.120407,15.349613,0.26414,0.106457,-0.458032,-0.842083,-11.525991,113.052841,-1.087068,0.330843,0.1929,-0.543724,-0.746791,3.268951,135.007126,-2.750087,-0.008177,0.961861,0.171907,0.212612,-1.770333,127.599396,30.709372,0.356027,0.88305,0.165739,-0.256903,14.133459,126.596199,37.910885,-0.001635,0.208915,0.473133,-0.85586,29.391775,113.097641,23.714375,-0.008327,-0.033777,0.681053,-0.731407,18.017879,132.923752,15.004845,0.058745,0.918638,0.21493,0.326279,-7.988363,84.712105,14.681189,0.107843,0.980413,-0.020048,0.163582,-6.816903,52.068657,-1.019593,-0.041789,0.94932,0.065976,0.304453,-17.186945,5.648664,-0.827983,-0.106576,0.93632,0.026575,0.333526,6.931057,85.098831,26.047337,0.045169,0.895904,-0.200855,0.393666,14.806673,49.731354,26.82024,-0.038137,0.889631,0.052587,0.452036,3.435194,6.198636,42.246914,-0.041789,0.94932,0.065976,0.304453,-8.402845,1.74657,-12.775582,-0.038137,0.889631,0.052587,0.452036,15.398556,1.954731,33.644642
462,3.85,-0.028872,0.945968,0.053283,0.318548,-0.521589,84.903595,20.358379,-0.036649,0.963964,0.107128,0.240735,-1.202829,92.538597,20.992266,-0.004003,0.969459,0.125116,0.210902,-3.786303,113.132271,24.984543,0.126208,0.984667,-0.030216,0.116573,-5.054766,133.429703,30.032427,0.183043,0.966812,-0.178182,0.004594,-0.922436,147.311981,27.773535,-0.004461,0.918568,0.099456,0.382521,-8.542859,127.933189,27.647644,0.421737,-0.541493,0.133028,-0.715001,-20.911768,129.120438,15.343201,0.263918,0.106284,-0.458131,-0.842121,-11.521318,113.055786,-1.098053,0.330643,0.192742,-0.543908,-0.746787,3.270768,135.011749,-2.764578,-0.008196,0.961872,0.171992,0.212497,-1.760458,127.598068,30.699488,0.356064,0.883057,0.165428,-0.257026,14.145042,126.595558,37.897324,-0.00178,0.209065,0.473192,-0.855791,29.398876,113.092293,23.700474,-0.008388,-0.033738,0.680852,-0.731596,18.030674,132.92099,14.988631,0.058777,0.918662,0.214998,0.326161,-7.982221,84.709641,14.676534,0.107705,0.980551,-0.020135,0.162831,-6.813212,52.068581,-1.029389,-0.042195,0.949436,0.065823,0.30407,-17.17177,5.646101,-0.81954,-0.106564,0.936347,0.02652,0.33346,6.939043,85.097549,26.040226,0.045233,0.895933,-0.200943,0.393548,14.812519,49.729656,26.816019,-0.037726,0.889622,0.052631,0.452083,3.434473,6.200823,42.248814,-0.042195,0.949436,0.065823,0.30407,-8.393607,1.743338,-12.771286,-0.037726,0.889622,0.052631,0.452083,15.395265,1.952509,33.645142
463,3.858333,-0.028874,0.946,0.053351,0.318441,-0.512006,84.90168,20.34894,-0.03667,0.963974,0.107115,0.240697,-1.193529,92.53656,20.983881,-0.003957,0.969464,0.12512,0.210877,-3.777745,113.131546,24.975777,0.126139,0.984683,-0.030284,0.116499,-5.044255,133.428955,30.024239,0.183085,0.966787,-0.178278,0.004503,-0.913963,147.311417,27.762827,-0.00448,0.918591,0.099536,0.382443,-8.53294,127.932785,27.639536,0.421742,-0.541613,0.132849,-0.714941,-20.903931,129.120193,15.33719,0.26378,0.106198,-0.458211,-0.842131,-11.51755,113.059631,-1.110387,0.330522,0.192617,-0.544114,-0.746722,3.271197,135.016724,-2.778416,-0.008151,0.96189,0.171974,0.212427,-1.750378,127.597046,30.690962,0.35597,0.883061,0.165727,-0.256951,14.156182,126.593567,37.886333,-0.001659,0.209023,0.473098,-0.855853,29.41527,113.097549,23.688223,-0.008355,-0.033727,0.680766,-0.731676,18.043253,132.92009,14.975702,0.058797,0.918684,0.21502,0.326082,-7.973913,84.707977,14.668759,0.10774,0.980543,-0.020263,0.16284,-6.807007,52.067768,-1.039103,-0.042149,0.949487,0.065922,0.303895,-17.170719,5.646488,-0.817976,-0.106541,0.936366,0.026408,0.333422,6.949903,85.095383,26.029121,0.045262,0.895834,-0.201032,0.393726,14.819232,49.726711,26.811638,-0.037854,0.889615,0.052612,0.452089,3.432371,6.201535,42.248264,-0.042149,0.949487,0.065922,0.303895,-8.397087,1.745982,-12.773788,-0.037854,0.889615,0.052612,0.452089,15.394339,1.954475,33.645599
464,3.866667,-0.02886,0.946013,0.053343,0.318404,-0.504653,84.900787,20.34087,-0.036672,0.963987,0.107105,0.24065,-1.185917,92.53569,20.975794,-0.003908,0.969473,0.125149,0.210819,-3.769893,113.13028,24.967319,0.126098,0.984694,-0.030403,0.11642,-5.034385,133.427399,30.017462,0.183067,0.966775,-0.178362,0.004439,-0.905236,147.30957,27.752172,-0.004443,0.918643,0.099482,0.382333,-8.523747,127.931641,27.632797,0.421524,-0.541687,0.132836,-0.715015,-20.89769,129.119141,15.333438,0.263488,0.105975,-0.458287,-0.842209,-11.515141,113.062843,-1.120479,0.33029,0.19249,-0.54423,-0.746773,3.272806,135.021088,-2.792061,-0.008114,0.961906,0.171971,0.21236,-1.740815,127.595207,30.683321,0.355902,0.883066,0.165536,-0.25715,14.166763,126.590935,37.876312,-0.001766,0.208978,0.473092,-0.855868,29.423183,113.097015,23.673357,-0.008281,-0.033696,0.680917,-0.731539,18.050211,132.920181,14.965272,0.058873,0.918641,0.215094,0.326139,-7.967022,84.70723,14.661294,0.107685,0.980541,-0.020454,0.162862,-6.802391,52.069969,-1.05284,-0.042127,0.949519,0.065837,0.303817,-17.163927,5.6483,-0.813265,-0.106538,0.936347,0.02635,0.333482,6.957716,85.094337,26.020447,0.045311,0.895887,-0.20118,0.393521,14.825395,49.725399,26.807276,-0.037755,0.8897,0.052548,0.451937,3.432526,6.206322,42.256622,-0.042127,0.949519,0.065837,0.303817,-8.392605,1.745131,-12.769897,-0.037755,0.8897,0.052548,0.451937,15.390494,1.956167,33.64994
465,3.875,-0.028842,0.946037,0.053288,0.318343,-0.496969,84.897385,20.332399,-0.036762,0.964005,0.10709,0.240572,-1.177664,92.532402,20.966652,-0.003784,0.969497,0.125148,0.210709,-3.764908,113.127708,24.957001,0.126019,0.984724,-0.030407,0.116249,-5.023777,133.424881,30.008354,0.183124,0.966753,-0.178427,0.004251,-0.897508,147.307709,27.741861,-0.004518,0.918661,0.099506,0.382282,-8.51492,127.929977,27.624332,0.421591,-0.541691,0.132709,-0.714997,-20.890192,129.115219,15.326087,0.263419,0.105875,-0.458423,-0.842169,-11.506181,113.061676,-1.12969,0.330226,0.192379,-0.544346,-0.746746,3.275976,135.022766,-2.806183,-0.008205,0.961942,0.172017,0.212155,-1.731285,127.591957,30.673122,0.355944,0.883065,0.165407,-0.25718,14.179291,126.591644,37.860046,-0.00167,0.208861,0.473073,-0.855907,29.433477,113.094536,23.657722,-0.008194,-0.033796,0.681171,-0.731298,18.056385,132.91835,14.951238,0.058854,0.918638,0.215177,0.326097,-7.960082,84.703751,14.6538,0.10784,0.980511,-0.020565,0.162932,-6.79284,52.068924,-1.065221,-0.042123,0.949463,0.065742,0.304013,-17.170343,5.650857,-0.818505,-0.106505,0.936345,0.026308,0.333501,6.966143,85.091026,26.011,0.045298,0.895767,-0.201257,0.393757,14.830628,49.721424,26.800055,-0.038115,0.889689,0.052473,0.451938,3.431936,6.205174,42.253105,-0.042123,0.949463,0.065742,0.304013,-8.394405,1.745091,-12.770903,-0.038115,0.889689,0.052473,0.451938,15.392825,1.957969,33.649021
466,3.883333,-0.02881,0.946054,0.05319,0.318312,-0.49015,84.893364,20.323193,-0.036777,0.964017,0.107121,0.240507,-1.169868,92.528572,20.9562,-0.003779,0.969523,0.125075,0.210637,-3.758155,113.126602,24.948421,0.125889,0.984736,-0.030623,0.116233,-5.015814,133.42453,29.99699,0.183163,0.966732,-0.178498,0.004363,-0.892673,147.307205,27.723841,-0.004489,0.918672,0.099511,0.382255,-8.507437,127.929352,27.614302,0.421718,-0.541788,0.132545,-0.714879,-20.883451,129.115479,15.3169,0.263406,0.105818,-0.458423,-0.842181,-11.502471,113.06311,-1.141743,0.330075,0.192286,-0.544422,-0.74678,3.279763,135.022781,-2.82031,-0.008119,0.961956,0.171959,0.212144,-1.723351,127.591637,30.662113,0.355997,0.883063,0.165085,-0.257319,14.187431,126.588943,37.848228,-0.001632,0.20885,0.473202,-0.855838,29.436171,113.086525,23.645107,-0.007953,-0.034031,0.681359,-0.731115,18.064663,132.913971,14.938775,0.058876,0.918633,0.215224,0.326076,-7.953669,84.699677,14.645136,0.107848,0.980545,-0.020668,0.162706,-6.787115,52.066517,-1.077375,-0.042458,0.94951,0.065588,0.303853,-17.166927,5.649036,-0.81878,-0.106454,0.936374,0.026265,0.33344,6.973368,85.087051,26.001251,0.045332,0.895875,-0.201365,0.393454,14.833447,49.716496,26.791473,-0.037515,0.88969,0.052602,0.451971,3.433218,6.204668,42.255802,-0.042458,0.94951,0.065588,0.303853,-8.392085,1.742023,-12.771572,-0.037515,0.88969,0.052602,0.451971,15.389919,1.952701,33.648254
467,3.891667,-0.028743,0.946073,0.053079,0.31828,-0.484594,84.889542,20.315344,-0.03667,0.964042,0.107035,0.240464,-1.162777,92.524986,20.947092,-0.003772,0.969526,0.125113,0.210597,-3.745725,113.12468,24.937168,0.125908,0.984751,-0.030526,0.116111,-5.003179,133.422226,29.987352,0.183052,0.966724,-0.178662,0.004098,-0.880267,147.305344,27.716476,-0.004535,0.918724,0.099481,0.382138,-8.494941,127.927185,27.604544,0.421568,-0.54187,0.132528,-0.714908,-20.874065,129.111023,15.310052,0.263261,0.105726,-0.458497,-0.842197,-11.497322,113.061356,-1.153642,0.330036,0.192387,-0.544433,-0.746764,3.282232,135.022537,-2.833748,-0.008121,0.961948,0.171989,0.212155,-1.710601,127.58931,30.65177,0.356222,0.882969,0.164696,-0.257579,14.20002,126.58638,37.838211,-0.001666,0.208857,0.473438,-0.855706,29.434174,113.072945,23.629913,-0.007932,-0.034275,0.681355,-0.731107,18.073383,132.908203,14.925199,0.058755,0.918692,0.215397,0.325818,-7.948567,84.696342,14.637865,0.108126,0.980434,-0.020825,0.163171,-6.774144,52.067532,-1.093094,-0.042248,0.949374,0.065339,0.304359,-17.182064,5.656367,-0.829116,-0.106423,0.936384,0.026246,0.333422,6.979378,85.082748,25.992823,0.045293,0.895781,-0.201447,0.39363,14.836895,49.711628,26.78343,-0.037727,0.889721,0.05253,0.451899,3.433955,6.202611,42.253685,-0.042248,0.949374,0.065339,0.304359,-8.397213,1.740626,-12.771697,-0.037727,0.889721,0.05253,0.451899,15.390897,1.951604,33.645992
468,3.9,-0.028765,0.946081,0.053035,0.318262,-0.476341,84.886932,20.306726,-0.036684,0.964065,0.107,0.240384,-1.154623,92.52243,20.93774,-0.003556,0.969554,0.125117,0.210471,-3.737416,113.122002,24.926426,0.125702,0.984793,-0.030545,0.115972,-4.985481,133.419556,29.978868,0.182946,0.966724,-0.178771,0.004022,-0.868837,147.304214,27.706081,-0.004749,0.91868,0.099616,0.382205,-8.480101,127.926086,27.596642,0.421354,-0.542031,0.132562,-0.714906,-20.857365,129.105087,15.299806,0.262957,0.105713,-0.45858,-0.842249,-11.489699,113.056633,-1.170231,0.329943,0.192285,-0.544477,-0.746799,3.286837,135.022125,-2.844455,-0.008048,0.961963,0.171848,0.212206,-1.694943,127.585312,30.641729,0.356296,0.882896,0.164667,-0.257745,14.214958,126.580688,37.829536,-0.001655,0.208804,0.473497,-0.855686,29.442236,113.066292,23.614779,-0.007992,-0.034415,0.681194,-0.73125,18.083302,132.90303,14.912391,0.058878,0.918711,0.215413,0.325732,-7.94051,84.693047,14.629525,0.107832,0.98063,-0.020945,0.162169,-6.77535,52.065807,-1.105383,-0.042116,0.949581,0.065641,0.303668,-17.157763,5.649093,-0.815049,-0.106388,0.936396,0.026185,0.333403,6.987826,85.080818,25.983929,0.045329,0.895754,-0.201453,0.393684,14.841572,49.708935,26.777658,-0.038036,0.889654,0.052389,0.452024,3.434362,6.200469,42.246323,-0.042116,0.949581,0.065641,0.303668,-8.390578,1.740204,-12.772849,-0.038036,0.889654,0.052389,0.452024,15.395868,1.950009,33.644695
469,3.908333,-0.028776,0.946083,0.053035,0.318255,-0.46758,84.885689,20.297173,-0.036666,0.964073,0.107018,0.240344,-1.146016,92.521172,20.928143,-0.003617,0.969569,0.125065,0.210433,-3.728142,113.120903,24.917906,0.125765,0.984787,-0.030487,0.115963,-4.978036,133.419006,29.967762,0.182796,0.966732,-0.178882,0.003955,-0.859837,147.303497,27.696804,-0.004726,0.91867,0.099676,0.382215,-8.472226,127.92485,27.586475,0.421352,-0.542153,0.1325,-0.714826,-20.849232,129.105438,15.289527,0.262901,0.105777,-0.458531,-0.842285,-11.487332,113.057205,-1.184021,0.329869,0.192285,-0.544473,-0.746835,3.291199,135.022446,-2.85323,-0.007894,0.961978,0.171838,0.212148,-1.686837,127.585197,30.631176,0.356231,0.882912,0.164745,-0.25773,14.224012,126.575806,37.816231,-0.001605,0.208632,0.473465,-0.855746,29.453957,113.064827,23.601074,-0.007781,-0.034563,0.681227,-0.731215,18.089676,132.901688,14.90385,0.058968,0.918726,0.215386,0.325691,-7.931812,84.691605,14.62006,0.107859,0.980624,-0.021034,0.162173,-6.773998,52.064262,-1.115178,-0.042265,0.949536,0.06555,0.303806,-17.160263,5.648458,-0.816993,-0.106373,0.936416,0.02614,0.333357,6.996653,85.079773,25.974285,0.045373,0.895733,-0.201602,0.39365,14.848391,49.707497,26.770323,-0.037864,0.889684,0.052363,0.451981,3.432636,6.205135,42.249851,-0.042265,0.949536,0.06555,0.303806,-8.388443,1.738526,-12.771056,-0.037864,0.889684,0.052363,0.451981,15.391724,1.951645,33.646358
470,3.916667,-0.028812,0.946103,0.053055,0.318189,-0.457543,84.885406,20.287804,-0.036722,0.964074,0.106973,0.240353,-1.136562,92.520836,20.918938,-0.003532,0.969557,0.125134,0.210446,-3.72069,113.121941,24.906496,0.125749,0.984799,-0.030476,0.115888,-4.967821,133.419342,29.959833,0.182712,0.966734,-0.178964,0.00379,-0.850425,147.304062,27.688784,-0.004699,0.91869,0.099748,0.382148,-8.462748,127.926079,27.57757,0.421286,-0.542228,0.132542,-0.714801,-20.841551,129.108261,15.282592,0.262807,0.105718,-0.458483,-0.842348,-11.484222,113.058914,-1.192454,0.329723,0.192263,-0.544334,-0.747006,3.297277,135.022156,-2.860972,-0.007845,0.962,0.171822,0.212065,-1.677436,127.584961,30.622274,0.356195,0.882916,0.16462,-0.257848,14.234668,126.574532,37.80439,-0.001625,0.208503,0.473381,-0.855824,29.462889,113.064445,23.586542,-0.007789,-0.034595,0.681371,-0.731079,18.091663,132.900406,14.894104,0.059041,0.918679,0.215521,0.32572,-7.922521,84.690727,14.611694,0.108,0.980554,-0.021264,0.162471,-6.765663,52.068233,-1.133658,-0.041955,0.949502,0.065536,0.30396,-17.168509,5.656251,-0.819379,-0.106338,0.936414,0.026035,0.333383,7.007434,85.080086,25.963911,0.045412,0.895681,-0.201643,0.393743,14.854217,49.70686,26.766443,-0.037977,0.889632,0.052395,0.45207,3.432051,6.20639,42.246559,-0.041955,0.949502,0.065536,0.30396,-8.395836,1.743049,-12.771741,-0.037977,0.889632,0.052395,0.45207,15.393933,1.955288,33.645782
471,3.925,-0.028765,0.946128,0.053169,0.318099,-0.449332,84.883026,20.275364,-0.036878,0.964078,0.106951,0.240324,-1.128161,92.518303,20.908445,-0.003344,0.969566,0.125168,0.21039,-3.719024,113.124702,24.894678,0.125773,0.984812,-0.030428,0.115764,-4.958509,133.421783,29.951139,0.182706,0.966727,-0.17901,0.003611,-0.841058,147.306641,27.680943,-0.004752,0.918688,0.099685,0.38217,-8.455667,127.930054,27.568642,0.421172,-0.542259,0.132668,-0.714821,-20.833874,129.109772,15.27282,0.262743,0.105682,-0.458437,-0.842397,-11.479907,113.058243,-1.20201,0.329643,0.192351,-0.544216,-0.747104,3.304636,135.020325,-2.869668,-0.0077,0.962007,0.171882,0.211991,-1.669986,127.586212,30.612219,0.356177,0.882928,0.164591,-0.25785,14.243298,126.570908,37.791039,-0.001607,0.208452,0.473349,-0.855854,29.472095,113.06105,23.573591,-0.007689,-0.034622,0.68124,-0.731201,18.098061,132.896835,14.882287,0.059129,0.918645,0.21551,0.325808,-7.91544,84.689751,14.600691,0.108009,0.980491,-0.021436,0.162824,-6.763232,52.067684,-1.145901,-0.04234,0.949489,0.065358,0.303985,-17.169603,5.656573,-0.819501,-0.106287,0.936371,0.025966,0.333524,7.016776,85.076294,25.950039,0.045383,0.895612,-0.201765,0.39384,14.858442,49.702038,26.757189,-0.037829,0.889623,0.052464,0.452093,3.432577,6.206006,42.247021,-0.04234,0.949489,0.065358,0.303985,-8.393063,1.742034,-12.768589,-0.037829,0.889623,0.052464,0.452093,15.393845,1.954714,33.645477
472,3.933333,-0.028726,0.946152,0.053021,0.318055,-0.442872,84.880219,20.266968,-0.036925,0.964087,0.106964,0.240275,-1.120388,92.515778,20.898129,-0.003212,0.969582,0.12516,0.210322,-3.713233,113.123047,24.88472,0.12569,0.984833,-0.030437,0.115667,-4.946929,133.420258,29.94212,0.182654,0.966729,-0.179054,0.003521,-0.832183,147.30574,27.67094,-0.004865,0.91871,0.099716,0.382106,-8.445829,127.929451,27.560026,0.421163,-0.542412,0.132514,-0.714738,-20.825695,129.105713,15.265545,0.262688,0.105722,-0.458301,-0.842483,-11.477954,113.057205,-1.215777,0.32949,0.192333,-0.544156,-0.747221,3.312588,135.01535,-2.877922,-0.007655,0.962021,0.171948,0.211876,-1.659706,127.583862,30.602423,0.356281,0.882888,0.164476,-0.257915,14.255314,126.567245,37.77721,-0.00153,0.208406,0.473367,-0.855855,29.478777,113.052574,23.558615,-0.007684,-0.034661,0.681209,-0.731228,18.104515,132.888565,14.867337,0.059143,0.918684,0.21555,0.325669,-7.909548,84.686699,14.59305,0.107987,0.980427,-0.021603,0.163203,-6.759662,52.066006,-1.156527,-0.042467,0.949503,0.065337,0.303929,-17.166668,5.655128,-0.818238,-0.10622,0.936387,0.025955,0.333501,7.023804,85.073738,25.940886,0.045346,0.895555,-0.201884,0.393915,14.860717,49.698399,26.746941,-0.037778,0.889635,0.052455,0.452074,3.432395,6.20659,42.246853,-0.042467,0.949503,0.065337,0.303929,-8.390363,1.74118,-12.767694,-0.037778,0.889635,0.052455,0.452074,15.392834,1.954373,33.644615
473,3.941667,-0.028645,0.946151,0.052946,0.318081,-0.436713,84.876328,20.257938,-0.036514,0.964099,0.107029,0.24026,-1.112696,92.512077,20.88838,-0.00365,0.969587,0.124962,0.210408,-3.688535,113.113037,24.880541,0.125684,0.984834,-0.030326,0.115701,-4.938748,133.412201,29.926037,0.182579,0.966757,-0.178981,0.003375,-0.824338,147.298309,27.65815,-0.004729,0.918777,0.099838,0.381916,-8.432898,127.917435,27.546114,0.421103,-0.542465,0.132459,-0.714744,-20.81789,129.09903,15.257317,0.262611,0.105729,-0.458271,-0.842523,-11.472251,113.052979,-1.227574,0.329364,0.192435,-0.544083,-0.747303,3.319458,135.01004,-2.886864,-0.007658,0.962019,0.171993,0.211849,-1.647358,127.578629,30.590567,0.35635,0.882851,0.164623,-0.257852,14.268046,126.561943,37.764477,-0.001274,0.208322,0.473293,-0.855917,29.490656,113.046249,23.545944,-0.007644,-0.034616,0.681218,-0.731222,18.111736,132.877106,14.852026,0.059103,0.918647,0.215665,0.325703,-7.903167,84.683823,14.583698,0.108291,0.980311,-0.021764,0.163678,-6.747187,52.066357,-1.172124,-0.042373,0.949368,0.06502,0.30443,-17.18482,5.662391,-0.828639,-0.106214,0.936427,0.025914,0.333395,7.029741,85.068832,25.932178,0.045344,0.895579,-0.201956,0.393823,14.865333,49.693245,26.740023,-0.037801,0.889687,0.052369,0.45198,3.436154,6.204191,42.247009,-0.042373,0.949368,0.06502,0.30443,-8.397663,1.738909,-12.766984,-0.037801,0.889687,0.052369,0.45198,15.394685,1.949999,33.643097
474,3.95,-0.028711,0.946168,0.052982,0.318016,-0.42567,84.872665,20.2467,-0.036584,0.964106,0.107065,0.240205,-1.102742,92.508301,20.877392,-0.00359,0.969604,0.124936,0.210347,-3.681791,113.110802,24.870842,0.125659,0.984846,-0.030304,0.11563,-4.929004,133.410263,29.91589,0.182517,0.966762,-0.179022,0.00329,-0.815635,147.296722,27.648199,-0.00474,0.918786,0.099594,0.381958,-8.42411,127.91581,27.536625,0.421011,-0.542585,0.132434,-0.714711,-20.807991,129.093933,15.246365,0.262501,0.105772,-0.458188,-0.842597,-11.468503,113.048958,-1.243062,0.329261,0.192421,-0.54403,-0.747391,3.327401,135.00502,-2.89631,-0.007774,0.96204,0.172122,0.211644,-1.638179,127.57634,30.580135,0.356474,0.882863,0.164106,-0.257971,14.280212,126.56385,37.748032,-0.001158,0.208334,0.473382,-0.855865,29.495394,113.036873,23.532276,-0.007358,-0.034783,0.681348,-0.731096,18.119926,132.870728,14.834944,0.059134,0.918712,0.21569,0.3255,-7.892835,84.679131,14.573425,0.108034,0.980492,-0.021892,0.162741,-6.741831,52.062714,-1.184945,-0.042345,0.949585,0.065166,0.303723,-17.157415,5.653989,-0.815547,-0.106119,0.936524,0.025798,0.333159,7.041494,85.066193,25.919973,0.045383,0.895618,-0.202038,0.393688,14.868182,49.688713,26.731348,-0.037205,0.889643,0.052506,0.4521,3.435051,6.203151,42.24522,-0.042345,0.949585,0.065166,0.303723,-8.387615,1.733919,-12.767774,-0.037205,0.889643,0.052506,0.4521,15.391111,1.9445,33.640076
475,3.958333,-0.028683,0.946169,0.05294,0.318024,-0.417595,84.870026,20.237244,-0.036517,0.964104,0.107068,0.240223,-1.094061,92.505745,20.867456,-0.003629,0.969602,0.124891,0.210383,-3.670593,113.109077,24.861771,0.125649,0.98485,-0.030269,0.115619,-4.919196,133.408981,29.90464,0.182449,0.966774,-0.179025,0.003202,-0.806274,147.295731,27.637852,-0.004631,0.918809,0.099563,0.38191,-8.413841,127.914131,27.525654,0.420999,-0.542635,0.132528,-0.714663,-20.799021,129.095184,15.236995,0.262448,0.105723,-0.458196,-0.842615,-11.463439,113.046455,-1.250987,0.329197,0.192361,-0.543945,-0.747496,3.332127,135.001556,-2.905038,-0.007753,0.962039,0.172131,0.21164,-1.628145,127.575287,30.569754,0.356544,0.882828,0.164015,-0.25805,14.290312,126.56205,37.737377,-0.001081,0.208361,0.473368,-0.855867,29.500984,113.032066,23.519665,-0.007356,-0.034584,0.681394,-0.731062,18.125313,132.864746,14.819351,0.05906,0.918771,0.215803,0.325272,-7.884692,84.67675,14.563876,0.108204,0.980421,-0.02209,0.163028,-6.729881,52.063225,-1.200196,-0.042385,0.949537,0.065061,0.30389,-17.164326,5.658847,-0.81805,-0.10609,0.936554,0.02573,0.33309,7.049501,85.063293,25.91061,0.04539,0.895599,-0.202133,0.393681,14.872679,49.685116,26.725325,-0.037837,0.889693,0.052321,0.45197,3.43556,6.203276,42.246666,-0.042385,0.949537,0.065061,0.30389,-8.390247,1.736307,-12.766319,-0.037837,0.889693,0.052321,0.45197,15.39405,1.948313,33.643078
476,3.966667,-0.02865,0.946165,0.052883,0.318048,-0.411584,84.869827,20.226618,-0.036483,0.964114,0.10706,0.240191,-1.087308,92.505676,20.856159,-0.003623,0.969606,0.124952,0.210331,-3.662117,113.108299,24.850433,0.125668,0.984854,-0.03031,0.115545,-4.910754,133.407578,29.895861,0.182409,0.96679,-0.178982,0.003121,-0.797472,147.293991,27.627636,-0.004829,0.918602,0.099879,0.382325,-8.405497,127.912903,27.516582,0.420828,-0.542826,0.132713,-0.714584,-20.779533,129.093307,15.216628,0.262299,0.105916,-0.458194,-0.842639,-11.456721,113.039146,-1.273301,0.329316,0.192418,-0.543856,-0.747494,3.338464,134.999023,-2.915182,-0.007751,0.962047,0.172169,0.211574,-1.619471,127.573898,30.559933,0.356617,0.882775,0.164303,-0.257948,14.299971,126.560715,37.725388,-0.000915,0.208331,0.473393,-0.85586,29.510683,113.031349,23.507122,-0.007267,-0.0344,0.681357,-0.731106,18.135675,132.863098,14.804356,0.05911,0.91875,0.215795,0.325326,-7.878432,84.676826,14.552909,0.108166,0.980501,-0.022195,0.16256,-6.726179,52.063499,-1.211762,-0.042456,0.949603,0.065128,0.303662,-17.158485,5.658764,-0.814287,-0.106132,0.936516,0.02572,0.333185,7.055263,85.062828,25.900328,0.045503,0.895658,-0.202283,0.393456,14.880935,49.685253,26.717524,-0.037721,0.889701,0.052266,0.451971,3.432681,6.210145,42.249535,-0.042456,0.949603,0.065128,0.303662,-8.38923,1.738653,-12.766899,-0.037721,0.889701,0.052266,0.451971,15.389961,1.952153,33.64576
477,3.975,-0.028682,0.946177,0.052874,0.318012,-0.403604,84.870071,20.217413,-0.036475,0.96416,0.106935,0.240062,-1.079736,92.505905,20.846687,-0.003569,0.969625,0.12511,0.210151,-3.652263,113.108253,24.836069,0.125628,0.984873,-0.030344,0.115423,-4.899156,133.405884,29.888514,0.182293,0.966812,-0.178979,0.003097,-0.787401,147.292465,27.61862,-0.004876,0.918631,0.099882,0.382251,-8.394749,127.911964,27.508759,0.420618,-0.542883,0.132797,-0.714649,-20.770735,129.090622,15.210599,0.262185,0.105836,-0.458181,-0.842691,-11.452086,113.037537,-1.282735,0.329386,0.192371,-0.543827,-0.747496,3.345577,134.997757,-2.925038,-0.007801,0.962036,0.172213,0.211587,-1.607588,127.572014,30.549475,0.356721,0.88271,0.16431,-0.258024,14.311632,126.560104,37.715607,-0.000725,0.208247,0.47351,-0.855816,29.516708,113.028076,23.493856,-0.006878,-0.034215,0.681588,-0.730904,18.14537,132.861786,14.790615,0.059146,0.918736,0.215838,0.32533,-7.870839,84.676399,14.544237,0.108247,0.98059,-0.022251,0.16196,-6.719883,52.064728,-1.223961,-0.042266,0.949584,0.065108,0.30375,-17.160255,5.661893,-0.816136,-0.106079,0.936509,0.0257,0.333223,7.063631,85.063744,25.890589,0.04545,0.89556,-0.202395,0.393628,14.885189,49.685268,26.708206,-0.037707,0.889703,0.05223,0.451972,3.434299,6.214037,42.249115,-0.042266,0.949584,0.065108,0.30375,-8.390654,1.739459,-12.767731,-0.037707,0.889703,0.05223,0.451972,15.391347,1.954909,33.645576
478,3.983333,-0.02863,0.946164,0.052805,0.318065,-0.396745,84.866623,20.205944,-0.036429,0.964156,0.106953,0.240077,-1.071805,92.502609,20.834429,-0.003473,0.96962,0.125155,0.210146,-3.643025,113.107346,24.825453,0.125626,0.984883,-0.030331,0.115345,-4.88638,133.404541,29.880571,0.182158,0.96683,-0.179023,0.002939,-0.775042,147.291245,27.610689,-0.004955,0.918676,0.0999,0.382139,-8.382962,127.911499,27.500217,0.420693,-0.542951,0.132699,-0.714572,-20.761929,129.087448,15.204805,0.262194,0.105728,-0.458188,-0.842698,-11.44565,113.034912,-1.290387,0.329292,0.19234,-0.543894,-0.747497,3.35221,134.993225,-2.937731,-0.007815,0.96205,0.172229,0.21151,-1.595762,127.570023,30.540672,0.356947,0.882509,0.165496,-0.25764,14.324585,126.558922,37.704407,-3.4e-05,0.207901,0.473505,-0.855903,29.531475,113.032555,23.479202,-0.006782,-0.034109,0.681657,-0.730845,18.154896,132.857391,14.775157,0.059139,0.918745,0.215891,0.325272,-7.863408,84.673523,14.531999,0.10837,0.980546,-0.022427,0.162116,-6.711683,52.063435,-1.239406,-0.042413,0.949566,0.064994,0.30381,-17.166162,5.663896,-0.818749,-0.106098,0.936533,0.025646,0.333154,7.069919,85.059715,25.879892,0.045522,0.895599,-0.202564,0.393443,14.891558,49.681343,26.701042,-0.037139,0.88972,0.052355,0.451971,3.431667,6.21725,42.25528,-0.042413,0.949566,0.064994,0.30381,-8.39392,1.739693,-12.767823,-0.037139,0.88972,0.052355,0.451971,15.384134,1.953707,33.647572
479,3.991667,-0.028599,0.946169,0.052674,0.318075,-0.388566,84.864594,20.195795,-0.0364,0.964154,0.107016,0.240063,-1.062552,92.500824,20.822535,-0.003545,0.969632,0.125063,0.210145,-3.632849,113.102768,24.815954,0.125612,0.98489,-0.030246,0.115316,-4.878291,133.400909,29.866768,0.182155,0.966835,-0.179002,0.002845,-0.767692,147.288193,27.599121,-0.004944,0.918728,0.099616,0.382087,-8.374297,127.907013,27.487534,0.420624,-0.542939,0.132702,-0.714621,-20.754644,129.07933,15.193166,0.262117,0.105691,-0.458222,-0.842708,-11.437752,113.028458,-1.303302,0.329229,0.192375,-0.543901,-0.74751,3.359511,134.988541,-2.950911,-0.007723,0.962086,0.172063,0.211484,-1.587097,127.566864,30.528137,0.35701,0.882439,0.165822,-0.257581,14.333691,126.554062,37.690655,0.000145,0.207771,0.473478,-0.85595,29.539865,113.029846,23.462639,-0.006856,-0.034027,0.681928,-0.730595,18.159922,132.852005,14.759824,0.059095,0.918779,0.21599,0.325116,-7.85514,84.67128,14.52174,0.108476,0.980513,-0.022603,0.162221,-6.700741,52.063908,-1.255095,-0.042392,0.949544,0.064899,0.303904,-17.167717,5.667314,-0.820817,-0.10604,0.936507,0.025637,0.333245,7.078008,85.057907,25.869852,0.045478,0.895452,-0.202647,0.393742,14.895415,49.678604,26.69096,-0.037328,0.889686,0.052214,0.45204,3.431074,6.217304,42.24971,-0.042392,0.949544,0.064899,0.303904,-8.393542,1.740287,-12.767543,-0.037328,0.889686,0.052214,0.45204,15.386003,1.952656,33.645966
480,4.0,-0.028492,0.946181,0.052666,0.318051,-0.380972,84.859589,20.183126,-0.03639,0.964156,0.107043,0.240044,-1.053353,92.495926,20.810284,-0.003579,0.969642,0.125,0.210134,-3.623504,113.098106,24.805031,0.125512,0.984903,-0.030214,0.115323,-4.869746,133.396881,29.853022,0.182156,0.966837,-0.17899,0.002881,-0.762003,147.28511,27.585951,-0.004862,0.918838,0.099472,0.381862,-8.365551,127.902519,27.474615,0.420778,-0.542908,0.132544,-0.714583,-20.751936,129.074768,15.186321,0.262251,0.105609,-0.458226,-0.842674,-11.431314,113.026253,-1.310337,0.329244,0.192367,-0.543921,-0.747492,3.366182,134.984619,-2.965007,-0.007736,0.962084,0.172098,0.211464,-1.578289,127.56308,30.515158,0.357069,0.882447,0.16531,-0.257802,14.342779,126.550583,37.677086,-7.5e-05,0.207933,0.473597,-0.855844,29.541212,113.018944,23.447865,-0.006875,-0.033991,0.681884,-0.730637,18.170076,132.845825,14.744419,0.05895,0.918722,0.21612,0.325218,-7.847942,84.668076,14.509532,0.108888,0.980554,-0.022658,0.16169,-6.678988,52.063549,-1.272091,-0.042296,0.949398,0.064568,0.304444,-17.184513,5.675709,-0.833446,-0.10598,0.936462,0.025622,0.333392,7.085999,85.051094,25.856722,0.045402,0.895389,-0.202781,0.393824,14.898914,49.670811,26.678604,-0.037748,0.889741,0.052062,0.451914,3.434641,6.214046,42.250069,-0.042296,0.949398,0.064568,0.304444,-8.398576,1.738775,-12.768258,-0.037748,0.889741,0.052062,0.451914,15.390327,1.951066,33.646553
481,4.008333,-0.028533,0.946187,0.052713,0.318021,-0.369145,84.857483,20.171446,-0.036426,0.964169,0.107017,0.239999,-1.042328,92.493706,20.799105,-0.003543,0.969657,0.124987,0.210075,-3.613565,113.096535,24.79265,0.125246,0.984948,-0.030241,0.115222,-4.857919,133.395462,29.840506,0.182223,0.966837,-0.178919,0.002848,-0.757982,147.285645,27.571302,-0.004867,0.918894,0.099315,0.381769,-8.354365,127.901268,27.462631,0.420997,-0.542947,0.132338,-0.714462,-20.743231,129.070908,15.176598,0.262398,0.105633,-0.458215,-0.842631,-11.422002,113.023773,-1.321043,0.329264,0.192377,-0.54392,-0.747481,3.375945,134.98204,-2.978352,-0.007684,0.96208,0.17208,0.211499,-1.566732,127.561478,30.502302,0.357248,0.882353,0.165109,-0.258004,14.35384,126.547134,37.665062,-0.000195,0.207919,0.473778,-0.855748,29.540726,113.008392,23.430281,-0.006943,-0.03396,0.681932,-0.730594,18.177599,132.841919,14.731184,0.059074,0.918684,0.216176,0.325266,-7.836428,84.665504,14.498281,0.108921,0.980551,-0.022841,0.161663,-6.673437,52.063797,-1.289625,-0.042313,0.949391,0.064474,0.304482,-17.184752,5.677429,-0.834168,-0.105915,0.936459,0.02552,0.33343,7.098138,85.049461,25.84461,0.045453,0.895343,-0.202781,0.393922,14.904261,49.667812,26.672184,-0.037358,0.889586,0.052285,0.452225,3.433975,6.211469,42.240395,-0.042313,0.949391,0.064474,0.304482,-8.3979,1.738008,-12.767487,-0.037358,0.889586,0.052285,0.452225,15.392932,1.949137,33.641109
482,4.016667,-0.028473,0.946167,0.052776,0.318074,-0.361634,84.852623,20.159977,-0.036412,0.964188,0.106912,0.23997,-1.034281,92.4888,20.788815,-0.003556,0.969663,0.125044,0.210011,-3.603972,113.094368,24.7787,0.125445,0.984932,-0.030103,0.115178,-4.849002,133.3927,29.828787,0.182053,0.966865,-0.178946,0.002717,-0.744052,147.28212,27.563965,-0.004831,0.918902,0.099314,0.381748,-8.345392,127.898529,27.450788,0.421033,-0.542929,0.132371,-0.714449,-20.734829,129.06926,15.165427,0.262347,0.105587,-0.458297,-0.842609,-11.413061,113.020447,-1.330292,0.329161,0.192363,-0.543982,-0.747485,3.381531,134.981018,-2.989687,-0.00777,0.962101,0.171993,0.211472,-1.557356,127.558853,30.489573,0.357309,0.882336,0.165222,-0.257907,14.363581,126.548241,37.652061,-8.3e-05,0.207821,0.47377,-0.855776,29.550808,113.007782,23.419268,-0.006915,-0.033985,0.682037,-0.730495,18.184477,132.841995,14.720711,0.059146,0.918703,0.216169,0.325203,-7.828351,84.662155,14.486012,0.108705,0.980664,-0.023007,0.161099,-6.671399,52.060829,-1.303127,-0.042426,0.949571,0.064647,0.303868,-17.165079,5.67072,-0.822776,-0.105965,0.936463,0.025466,0.333408,7.105083,85.043098,25.833941,0.045529,0.895408,-0.202929,0.393689,14.913249,49.662006,26.666138,-0.037191,0.889654,0.052313,0.452101,3.435174,6.212059,42.246445,-0.042426,0.949571,0.064647,0.303868,-8.391957,1.736886,-12.768033,-0.037191,0.889654,0.052313,0.452101,15.390417,1.948162,33.642769
483,4.025,-0.028442,0.946164,0.052862,0.318073,-0.352484,84.851631,20.147354,-0.036129,0.964203,0.106908,0.239954,-1.025095,92.487694,20.77759,-0.003852,0.969651,0.125057,0.210053,-3.582909,113.092026,24.769848,0.125565,0.984906,-0.030147,0.11526,-4.840325,133.390121,29.817808,0.181875,0.9669,-0.178935,0.002739,-0.731562,147.278351,27.552546,-0.004799,0.918947,0.099411,0.381617,-8.3332,127.893738,27.439768,0.421114,-0.542954,0.132233,-0.714407,-20.726162,129.066315,15.15814,0.262322,0.105573,-0.458354,-0.842587,-11.403922,113.019943,-1.339689,0.329062,0.192378,-0.544032,-0.747488,3.387869,134.981995,-2.999996,-0.007722,0.962086,0.172094,0.211459,-1.54546,127.55822,30.479679,0.357212,0.882358,0.165162,-0.258002,14.375695,126.545296,37.641354,-0.000299,0.207846,0.473725,-0.855795,29.563915,113.008705,23.405947,-0.006984,-0.033898,0.681764,-0.730753,18.196327,132.843063,14.711428,0.059175,0.918723,0.21618,0.325134,-7.819251,84.662224,14.47342,0.108762,0.980661,-0.023167,0.161055,-6.665154,52.061485,-1.317134,-0.042211,0.949555,0.064671,0.303943,-17.166414,5.673247,-0.82225,-0.10604,0.936512,0.025328,0.333256,7.114283,85.041031,25.821287,0.045698,0.895414,-0.203072,0.393583,14.924347,49.660603,26.663458,-0.037744,0.889682,0.05211,0.452024,3.428502,6.217617,42.250084,-0.042211,0.949555,0.064671,0.303943,-8.393414,1.738106,-12.767167,-0.037744,0.889682,0.05211,0.452024,15.386422,1.955874,33.649055
484,4.033333,-0.028578,0.946138,0.053027,0.318111,-0.336693,84.852203,20.132679,-0.036299,0.964186,0.107051,0.239935,-1.012124,92.487885,20.76461,-0.003814,0.969671,0.124997,0.210001,-3.577863,113.087845,24.760437,0.125509,0.984923,-0.030136,0.115175,-4.832928,133.386581,29.806391,0.181886,0.966915,-0.178848,0.002649,-0.726092,147.275345,27.540859,-0.004792,0.918931,0.099384,0.381663,-8.326557,127.890244,27.429342,0.421101,-0.542905,0.13223,-0.714453,-20.718298,129.062836,15.146476,0.262249,0.105589,-0.458461,-0.84255,-11.393385,113.017677,-1.351011,0.329066,0.192339,-0.544103,-0.747444,3.392599,134.982712,-3.010486,-0.007756,0.96208,0.172275,0.211338,-1.538489,127.554466,30.468494,0.357232,0.882361,0.164929,-0.258116,14.384434,126.542091,37.626328,-0.000527,0.207813,0.473828,-0.855745,29.569059,113.002525,23.389896,-0.006942,-0.034033,0.68162,-0.730882,18.205435,132.842712,14.702424,0.059319,0.918693,0.216164,0.325204,-7.802865,84.661407,14.458007,0.108835,0.980606,-0.023392,0.161308,-6.657534,52.061417,-1.334721,-0.042398,0.949549,0.064593,0.303953,-17.1691,5.675692,-0.822703,-0.105909,0.93656,0.025212,0.333172,7.12948,85.043007,25.80735,0.045627,0.895304,-0.203181,0.393785,14.92802,49.660126,26.653477,-0.037903,0.889686,0.051952,0.452021,3.430784,6.22074,42.249115,-0.042398,0.949549,0.064593,0.303953,-8.394239,1.740124,-12.766117,-0.037903,0.889686,0.051952,0.452021,15.389461,1.957001,33.650131
485,4.041667,-0.028511,0.946143,0.052991,0.318107,-0.325825,84.847954,20.120174,-0.036333,0.964175,0.107113,0.239943,-1.000101,92.483749,20.751909,-0.003892,0.969675,0.12492,0.210024,-3.568057,113.084282,24.750105,0.125513,0.984922,-0.030073,0.115198,-4.825716,133.383804,29.792261,0.181846,0.966923,-0.178843,0.002628,-0.718843,147.272842,27.528625,-0.004801,0.918878,0.099578,0.38174,-8.318581,127.886642,27.416006,0.421034,-0.542856,0.132406,-0.714498,-20.708254,129.061844,15.13131,0.262159,0.105547,-0.458541,-0.842539,-11.38297,113.012993,-1.362386,0.329013,0.192329,-0.544099,-0.747473,3.399756,134.980621,-3.022748,-0.007665,0.962111,0.172116,0.21133,-1.530663,127.552177,30.455637,0.357183,0.882378,0.164913,-0.258134,14.392428,126.537964,37.612831,-0.000576,0.207721,0.473794,-0.855787,29.578293,113.000168,23.376041,-0.006929,-0.034152,0.68163,-0.730867,18.210581,132.841415,14.692632,0.059287,0.918691,0.216308,0.325121,-7.792106,84.658119,14.445615,0.109153,0.980481,-0.023652,0.16181,-6.642547,52.062393,-1.355594,-0.042142,0.949421,0.06436,0.304438,-17.187559,5.684418,-0.829697,-0.105826,0.936514,0.024995,0.333342,7.140455,85.037781,25.794733,0.045623,0.895294,-0.203111,0.393845,14.928102,49.652843,26.654991,-0.038025,0.889617,0.052143,0.452125,3.432674,6.210732,42.244385,-0.042142,0.949421,0.06436,0.304438,-8.403619,1.740145,-12.763558,-0.038025,0.889617,0.052143,0.452125,15.395108,1.953696,33.647305
486,4.05,-0.028454,0.946138,0.05293,0.318137,-0.317168,84.844795,20.108376,-0.036294,0.964167,0.107089,0.239992,-0.99034,92.480736,20.739491,-0.003975,0.969664,0.124886,0.210093,-3.556578,113.080956,24.736872,0.125266,0.984951,-0.030132,0.115208,-4.817681,133.380814,29.776871,0.181989,0.966914,-0.178749,0.002677,-0.71754,147.271439,27.510769,-0.004666,0.918925,0.099626,0.381614,-8.309451,127.882942,27.400585,0.421181,-0.542804,0.132405,-0.714451,-20.702517,129.062653,15.119746,0.262288,0.105548,-0.458579,-0.842478,-11.374414,113.011292,-1.369898,0.3291,0.192298,-0.544159,-0.7474,3.405991,134.979218,-3.034147,-0.007686,0.962112,0.172057,0.211372,-1.521976,127.54966,30.441332,0.357289,0.882334,0.164838,-0.258186,14.400477,126.536354,37.600067,-0.000561,0.207673,0.47388,-0.855751,29.581266,112.994179,23.362034,-0.006991,-0.034368,0.68166,-0.730828,18.216175,132.838699,14.680349,0.05939,0.918609,0.216334,0.325316,-7.783161,84.65564,14.433416,0.109177,0.980441,-0.023842,0.162008,-6.636375,52.061607,-1.371488,-0.042202,0.949427,0.064253,0.304432,-17.186611,5.684993,-0.830369,-0.105782,0.936499,0.025056,0.333396,7.148826,85.033943,25.783333,0.045653,0.895338,-0.203346,0.393619,14.93491,49.64854,26.638842,-0.037728,0.889681,0.052105,0.452029,3.43228,6.215766,42.248898,-0.042202,0.949427,0.064253,0.304432,-8.402456,1.738288,-12.763268,-0.037728,0.889681,0.052105,0.452029,15.390131,1.953666,33.647953
487,4.058333,-0.028361,0.946134,0.052831,0.318174,-0.312498,84.842697,20.097355,-0.036249,0.96418,0.107106,0.239939,-0.983861,92.478874,20.727465,-0.003964,0.969684,0.124867,0.210014,-3.548028,113.07756,24.725872,0.125215,0.984969,-0.030054,0.115129,-4.80811,133.377609,29.76531,0.181962,0.96691,-0.178799,0.002586,-0.709921,147.269089,27.500874,-0.004775,0.918932,0.099553,0.381615,-8.300322,127.8797,27.389807,0.421275,-0.542865,0.132191,-0.714388,-20.693333,129.054947,15.108487,0.262288,0.105661,-0.458612,-0.842446,-11.365739,113.007721,-1.385482,0.329072,0.192391,-0.544173,-0.747378,3.411586,134.977585,-3.045318,-0.007728,0.962104,0.172031,0.211426,-1.512353,127.546463,30.429453,0.357232,0.882392,0.16412,-0.258524,14.409285,126.534447,37.590179,-0.000812,0.207776,0.473922,-0.855702,29.583418,112.987267,23.349825,-0.006897,-0.034472,0.681695,-0.730791,18.221018,132.837433,14.669073,0.059408,0.918559,0.216372,0.325428,-7.778145,84.65464,14.421907,0.109186,0.980483,-0.023946,0.161735,-6.629724,52.061928,-1.385607,-0.042189,0.949444,0.064154,0.304403,-17.182224,5.685976,-0.831976,-0.105793,0.936467,0.024906,0.333492,7.153148,85.030746,25.772804,0.045641,0.89527,-0.203265,0.393817,14.936286,49.644974,26.639553,-0.037913,0.889603,0.052125,0.452163,3.43422,6.208965,42.24102,-0.042189,0.949444,0.064154,0.304403,-8.399104,1.736341,-12.76466,-0.037913,0.889603,0.052125,0.452163,15.396322,1.949965,33.644466
488,4.066667,-0.028386,0.946124,0.052864,0.318198,-0.300239,84.84317,20.084606,-0.036339,0.964181,0.1071,0.239923,-0.972134,92.479286,20.715059,-0.003897,0.969686,0.124943,0.209961,-3.539503,113.075172,24.711823,0.125139,0.984987,-0.030142,0.115028,-4.79726,133.374451,29.754936,0.181976,0.966918,-0.178739,0.002511,-0.701369,147.266083,27.487263,-0.004833,0.918952,0.099604,0.381554,-8.290224,127.877251,27.378899,0.421257,-0.542868,0.132111,-0.714412,-20.684853,129.051071,15.099075,0.26219,0.105675,-0.458642,-0.842459,-11.356351,113.006996,-1.39744,0.328965,0.19234,-0.544229,-0.747397,3.419652,134.978607,-3.054634,-0.007748,0.96212,0.172014,0.211369,-1.501917,127.542915,30.417671,0.357198,0.882377,0.164339,-0.258482,14.420547,126.532005,37.576725,-0.00085,0.20773,0.473882,-0.855736,29.596973,112.989067,23.334778,-0.006969,-0.034468,0.681397,-0.731069,18.232044,132.838196,14.656716,0.05951,0.918534,0.216436,0.325438,-7.765575,84.654915,14.408752,0.10918,0.980455,-0.024177,0.161872,-6.622182,52.065105,-1.40512,-0.042301,0.949487,0.063976,0.304291,-17.177731,5.690086,-0.831397,-0.105807,0.93657,0.024755,0.333211,7.165097,85.031425,25.76046,0.045735,0.895254,-0.20335,0.393798,14.945805,49.645321,26.635414,-0.037272,0.889549,0.052233,0.45231,3.432964,6.213418,42.240353,-0.042301,0.949487,0.063976,0.304291,-8.396656,1.736433,-12.764263,-0.037272,0.889549,0.052233,0.45231,15.39259,1.948575,33.643238
489,4.075,-0.028385,0.946111,0.052879,0.318232,-0.292778,84.843269,20.072594,-0.036291,0.964191,0.10709,0.239898,-0.964756,92.479355,20.703245,-0.003923,0.969688,0.124997,0.209919,-3.530158,113.077042,24.700468,0.125119,0.984999,-0.030167,0.114943,-4.78922,133.375748,29.74559,0.182041,0.966902,-0.17876,0.002403,-0.694185,147.267441,27.47674,-0.004852,0.918965,0.099589,0.381526,-8.281908,127.878479,27.369299,0.421172,-0.542841,0.132134,-0.714478,-20.677269,129.051407,15.090123,0.262127,0.105668,-0.458706,-0.842444,-11.34761,113.008926,-1.407295,0.329007,0.192392,-0.544168,-0.74741,3.424848,134.981903,-3.064179,-0.007695,0.96211,0.172065,0.211374,-1.493341,127.544418,30.407528,0.35716,0.882371,0.164453,-0.258483,14.429081,126.531311,37.566372,-0.000696,0.207619,0.473909,-0.855748,29.606813,112.991608,23.322741,-0.006674,-0.034611,0.681496,-0.730972,18.240435,132.841415,14.645269,0.059453,0.918528,0.216499,0.325423,-7.75771,84.655151,14.396202,0.109309,0.980466,-0.02434,0.161694,-6.60926,52.066845,-1.420395,-0.042139,0.949493,0.063895,0.304309,-17.178982,5.695253,-0.831506,-0.105836,0.936563,0.024671,0.333227,7.172154,85.03138,25.748985,0.045783,0.895316,-0.203435,0.393607,14.952791,49.645416,26.630455,-0.037274,0.889606,0.052257,0.452197,3.436067,6.217238,42.242908,-0.042139,0.949493,0.063895,0.304309,-8.399118,1.737794,-12.764004,-0.037274,0.889606,0.052257,0.452197,15.393649,1.95302,33.642639
490,4.083333,-0.028405,0.946099,0.052935,0.318257,-0.28232,84.845024,20.061148,-0.036266,0.964193,0.107037,0.239915,-0.954875,92.481003,20.692488,-0.003927,0.969673,0.125101,0.209928,-3.518882,113.079712,24.687885,0.125337,0.984967,-0.030169,0.114985,-4.779085,133.377335,29.737095,0.181843,0.966916,-0.178891,0.002379,-0.677759,147.267319,27.469154,-0.004982,0.918903,0.099787,0.381621,-8.27144,127.880371,27.359608,0.421174,-0.542881,0.132116,-0.71445,-20.664219,129.052109,15.077716,0.262075,0.105747,-0.458777,-0.842412,-11.336488,113.009575,-1.42073,0.329069,0.19238,-0.544118,-0.747421,3.432277,134.986633,-3.074067,-0.007786,0.962103,0.172189,0.211299,-1.482927,127.546036,30.397923,0.357262,0.882301,0.164634,-0.258465,14.440548,126.535538,37.554775,-0.000483,0.207465,0.474029,-0.855718,29.615139,112.994766,23.308805,-0.006374,-0.034804,0.68144,-0.731018,18.251911,132.845581,14.633644,0.059542,0.918536,0.216519,0.325371,-7.746931,84.656921,14.384334,0.109331,0.980387,-0.024562,0.162128,-6.604759,52.070004,-1.435588,-0.042297,0.94951,0.063699,0.304278,-17.180191,5.699918,-0.831119,-0.105813,0.936603,0.024548,0.333131,7.182291,85.033127,25.737959,0.04582,0.895237,-0.203503,0.393749,14.958533,49.646381,26.626476,-0.037748,0.889589,0.05206,0.452213,3.433762,6.22113,42.241138,-0.042297,0.94951,0.063699,0.304278,-8.399992,1.738426,-12.762027,-0.037748,0.889589,0.05206,0.452213,15.395111,1.958176,33.645485
491,4.091667,-0.028404,0.946114,0.052919,0.318215,-0.270262,84.848007,20.049877,-0.036334,0.96418,0.107081,0.239938,-0.942702,92.484016,20.681015,-0.003907,0.96966,0.125139,0.209963,-3.509794,113.080467,24.677118,0.125223,0.984977,-0.030326,0.114975,-4.76967,133.377701,29.727999,0.181854,0.96691,-0.178911,0.002396,-0.671138,147.2677,27.455172,-0.00503,0.918906,0.099921,0.38158,-8.262045,127.88105,27.3498,0.421191,-0.542916,0.132053,-0.714425,-20.65591,129.052887,15.069014,0.262042,0.105729,-0.45876,-0.842434,-11.329251,113.011551,-1.431213,0.328972,0.192369,-0.544086,-0.747491,3.44042,134.987854,-3.084165,-0.007789,0.962109,0.172156,0.211302,-1.473749,127.546227,30.388542,0.357425,0.882225,0.164301,-0.258712,14.449692,126.536072,37.545525,-0.000606,0.207541,0.47422,-0.855594,29.612137,112.987282,23.294249,-0.006346,-0.034716,0.681352,-0.731105,18.258942,132.845062,14.619777,0.059632,0.918599,0.21638,0.325267,-7.735369,84.659775,14.373723,0.109034,0.980561,-0.02457,0.16127,-6.604393,52.06926,-1.439582,-0.042109,0.949718,0.063921,0.303605,-17.152063,5.693039,-0.820435,-0.10566,0.936559,0.024443,0.33331,7.194846,85.036247,25.726032,0.045728,0.895163,-0.203611,0.393872,14.958155,49.646778,26.619408,-0.037109,0.889588,0.052181,0.452254,3.435108,6.224921,42.244766,-0.042109,0.949718,0.063921,0.303605,-8.389744,1.735603,-12.765826,-0.037109,0.889588,0.052181,0.452254,15.392038,1.956492,33.645683
492,4.1,-0.028346,0.946095,0.052854,0.318289,-0.261887,84.849258,20.038404,-0.036366,0.964176,0.107152,0.239919,-0.93322,92.48542,20.668837,-0.003897,0.969675,0.125111,0.209912,-3.50194,113.07856,24.667013,0.125156,0.984989,-0.030355,0.114941,-4.760911,133.376068,29.716925,0.181858,0.966905,-0.178934,0.002402,-0.664329,147.266464,27.442863,-0.005067,0.918912,0.099937,0.381559,-8.253639,127.879372,27.339401,0.421304,-0.542852,0.131959,-0.714424,-20.648041,129.050171,15.059063,0.262044,0.105698,-0.458852,-0.842387,-11.316715,113.010452,-1.440087,0.328886,0.192356,-0.544065,-0.747547,3.448164,134.988342,-3.095946,-0.007817,0.962123,0.172061,0.211313,-1.465023,127.544594,30.377432,0.357429,0.882219,0.164171,-0.25881,14.458227,126.536003,37.535061,-0.000536,0.207574,0.474198,-0.855598,29.618036,112.986267,23.281881,-0.006369,-0.034721,0.681523,-0.730945,18.264303,132.842789,14.60425,0.059669,0.918544,0.216382,0.325416,-7.726174,84.661743,14.361149,0.109271,0.980415,-0.024725,0.161972,-6.59499,52.071632,-1.45296,-0.042107,0.949624,0.063555,0.303977,-17.167234,5.701053,-0.830648,-0.105575,0.936541,0.024356,0.333394,7.2024,85.036781,25.71566,0.045627,0.895073,-0.203583,0.394101,14.957847,49.645702,26.613594,-0.037894,0.889587,0.0519,0.452223,3.440356,6.221902,42.237644,-0.042107,0.949624,0.063555,0.303977,-8.396493,1.7335,-12.766494,-0.037894,0.889587,0.0519,0.452223,15.402592,1.956752,33.644318
493,4.108333,-0.028261,0.946093,0.052749,0.31832,-0.253658,84.851418,20.02873,-0.036498,0.964207,0.107071,0.239811,-0.923264,92.487823,20.658043,-0.003668,0.969709,0.125208,0.209702,-3.495673,113.078079,24.651262,0.124944,0.985028,-0.030349,0.114841,-4.745104,133.374649,29.707331,0.181775,0.966897,-0.179057,0.002504,-0.654899,147.266739,27.432262,-0.005181,0.918971,0.099936,0.381415,-8.240899,127.879822,27.329975,0.421279,-0.542892,0.131787,-0.71444,-20.639105,129.046417,15.053079,0.262037,0.105691,-0.458834,-0.8424,-11.30768,113.012543,-1.451695,0.328909,0.192392,-0.544065,-0.747528,3.457851,134.989365,-3.107363,-0.007845,0.962119,0.171924,0.21144,-1.450946,127.541824,30.364662,0.357418,0.882195,0.164005,-0.259011,14.470413,126.534439,37.526657,-0.000499,0.207576,0.474184,-0.855606,29.625427,112.985107,23.267994,-0.006318,-0.034733,0.681509,-0.730957,18.271843,132.839493,14.58993,0.059745,0.918503,0.216326,0.325555,-7.71766,84.664825,14.351071,0.109251,0.980423,-0.02481,0.161926,-6.590548,52.073586,-1.461028,-0.042085,0.949673,0.063424,0.303855,-17.162216,5.702996,-0.829949,-0.105549,0.936591,0.024223,0.333272,7.210344,85.038017,25.706392,0.045725,0.895115,-0.203565,0.394006,14.96102,49.646088,26.611692,-0.037809,0.889534,0.0518,0.452345,3.437535,6.222433,42.231728,-0.042085,0.949673,0.063424,0.303855,-8.394923,1.731482,-12.767013,-0.037809,0.889534,0.0518,0.452345,15.400974,1.95356,33.64193
494,4.116667,-0.028091,0.946078,0.052629,0.318399,-0.249197,84.854744,20.017599,-0.0364,0.964207,0.107022,0.239846,-0.9158,92.491493,20.645948,-0.003704,0.96969,0.125313,0.209725,-3.484107,113.084389,24.638462,0.124864,0.985044,-0.030307,0.114803,-4.736041,133.379852,29.698376,0.18188,0.966865,-0.179123,0.002428,-0.648344,147.272797,27.424028,-0.005296,0.918973,0.099967,0.381403,-8.231096,127.885101,27.319744,0.421556,-0.54293,0.131545,-0.714293,-20.629589,129.048355,15.042814,0.26215,0.105772,-0.458859,-0.842341,-11.297009,113.015785,-1.462573,0.328841,0.192401,-0.544098,-0.747531,3.465362,134.992493,-3.117923,-0.007755,0.962121,0.171894,0.211459,-1.441294,127.547249,30.354786,0.357345,0.882217,0.164159,-0.258939,14.479836,126.536942,37.516884,-0.00044,0.207662,0.474038,-0.855666,29.639275,112.991821,23.258932,-0.006432,-0.034515,0.681299,-0.731162,18.28154,132.839386,14.575895,0.05978,0.918465,0.21622,0.325725,-7.712437,84.670532,14.338857,0.109243,0.980427,-0.024858,0.161898,-6.587323,52.076305,-1.467209,-0.041968,0.949705,0.06331,0.303793,-17.158937,5.705765,-0.831289,-0.105503,0.936543,0.0242,0.333423,7.214043,85.038963,25.696341,0.045614,0.894981,-0.20362,0.394293,14.960894,49.646233,26.603329,-0.037492,0.889508,0.051801,0.452422,3.439815,6.223738,42.228378,-0.041968,0.949705,0.06331,0.303793,-8.394494,1.729881,-12.768992,-0.037492,0.889508,0.051801,0.452422,15.401912,1.9506,33.638824
495,4.125,-0.02806,0.946058,0.052636,0.318459,-0.240233,84.856834,20.00823,-0.036397,0.964195,0.107051,0.239882,-0.906453,92.493599,20.636793,-0.003794,0.969692,0.125224,0.209769,-3.475022,113.085556,24.630291,0.124855,0.985034,-0.030335,0.114883,-4.730059,133.381927,29.685804,0.181826,0.966873,-0.179135,0.002516,-0.642196,147.27475,27.411007,-0.005338,0.918994,0.09993,0.38136,-8.224165,127.886238,27.307955,0.421669,-0.542942,0.131329,-0.714256,-20.623777,129.047531,15.031973,0.262149,0.105865,-0.458881,-0.842317,-11.289055,113.019539,-1.476654,0.328754,0.192451,-0.544079,-0.747571,3.471027,134.997696,-3.128261,-0.007841,0.962123,0.171982,0.211377,-1.434645,127.549889,30.343792,0.357389,0.882222,0.163775,-0.259103,14.487648,126.54232,37.503689,-0.000553,0.207684,0.474091,-0.855631,29.641306,112.991547,23.244949,-0.006392,-0.034367,0.681684,-0.730811,18.285448,132.843399,14.563197,0.059886,0.918394,0.216142,0.325957,-7.702789,84.673294,14.328568,0.109266,0.980422,-0.024944,0.1619,-6.582629,52.07753,-1.474677,-0.042003,0.949725,0.063257,0.303739,-17.15766,5.707875,-0.831093,-0.105481,0.936538,0.024107,0.33345,7.222322,85.040375,25.687891,0.045641,0.894985,-0.203725,0.394226,14.965441,49.646992,26.600834,-0.037271,0.889532,0.051847,0.452388,3.43945,6.228814,42.23423,-0.042003,0.949725,0.063257,0.303739,-8.394329,1.730808,-12.769219,-0.037271,0.889532,0.051847,0.452388,15.399125,1.953864,33.642208
496,4.133333,-0.028036,0.946037,0.052643,0.318523,-0.231524,84.862999,19.999043,-0.036347,0.964179,0.107008,0.239974,-0.897479,92.499771,20.627781,-0.003808,0.969663,0.125276,0.209871,-3.463777,113.090775,24.619516,0.124709,0.985055,-0.030292,0.114875,-4.720391,133.386597,29.676863,0.181883,0.966869,-0.179098,0.002444,-0.636778,147.280792,27.402756,-0.005455,0.919004,0.100014,0.381314,-8.213856,127.891068,27.297697,0.421699,-0.542946,0.131227,-0.714255,-20.614668,129.049545,15.022655,0.262079,0.105895,-0.45891,-0.84232,-11.278812,113.024284,-1.487985,0.328636,0.192407,-0.544148,-0.747584,3.479356,135.003479,-3.136911,-0.007785,0.962109,0.172057,0.211382,-1.424976,127.554558,30.334953,0.357336,0.882254,0.163649,-0.259149,14.497275,126.544525,37.494606,-0.000645,0.207778,0.474075,-0.855617,29.651653,112.994293,23.236113,-0.006392,-0.034345,0.681468,-0.731014,18.297152,132.845749,14.552853,0.059941,0.918398,0.216014,0.326022,-7.69335,84.679993,14.318403,0.109275,0.980409,-0.025001,0.161963,-6.578846,52.080681,-1.477939,-0.042255,0.949744,0.063063,0.303686,-17.155643,5.711484,-0.829857,-0.105682,0.936679,0.023753,0.333015,7.230303,85.046013,25.67968,0.046017,0.895276,-0.203582,0.393596,14.978886,49.654476,26.617956,-0.037682,0.889528,0.051694,0.452381,3.437171,6.234002,42.233379,-0.042255,0.949744,0.063063,0.303686,-8.391623,1.7313,-12.766441,-0.037682,0.889528,0.051694,0.452381,15.399769,1.960627,33.644638
497,4.141667,-0.02789,0.946029,0.052578,0.318571,-0.224498,84.866936,19.99194,-0.036258,0.964179,0.106985,0.239995,-0.888034,92.503944,20.620422,-0.003939,0.969656,0.125268,0.209905,-3.4498,113.089409,24.610928,0.124603,0.985061,-0.030338,0.114928,-4.711833,133.385269,29.666754,0.181796,0.966896,-0.179041,0.00253,-0.63083,147.279984,27.391216,-0.005469,0.919007,0.100126,0.381276,-8.20373,127.888725,27.287617,0.421641,-0.542957,0.131137,-0.714297,-20.605553,129.048126,15.013684,0.261937,0.10592,-0.459,-0.842312,-11.269128,113.02713,-1.500778,0.328534,0.192469,-0.544156,-0.747606,3.484999,135.010651,-3.146474,-0.00784,0.962123,0.172036,0.211333,-1.415072,127.554085,30.325573,0.357274,0.882249,0.1638,-0.259154,14.507876,126.546349,37.483994,-0.00057,0.207638,0.473993,-0.855697,29.66432,113.000854,23.223198,-0.006301,-0.034334,0.681508,-0.730977,18.303436,132.849533,14.543423,0.059985,0.918416,0.215912,0.32603,-7.685902,84.686188,14.310675,0.109269,0.980422,-0.025019,0.161885,-6.576719,52.084064,-1.480235,-0.042088,0.949768,0.063046,0.303636,-17.153156,5.714825,-0.82953,-0.105591,0.936622,0.023687,0.333209,7.236906,85.047684,25.673208,0.0459,0.89513,-0.2036,0.393933,14.97759,49.654518,26.615355,-0.037941,0.889531,0.051583,0.452365,3.43925,6.233743,42.232452,-0.042088,0.949768,0.063046,0.303636,-8.39195,1.732571,-12.767488,-0.037941,0.889531,0.051583,0.452365,15.403435,1.960967,33.645622
498,4.15,-0.027849,0.946007,0.052545,0.318645,-0.21496,84.868858,19.985016,-0.036278,0.96417,0.106968,0.240036,-0.877799,92.505951,20.613169,-0.004027,0.969655,0.125209,0.209943,-3.440204,113.08992,24.602385,0.124548,0.985065,-0.030311,0.114961,-4.705501,133.386368,29.655018,0.181758,0.96691,-0.179007,0.002543,-0.625991,147.281662,27.380207,-0.005416,0.919028,0.100195,0.381207,-8.196415,127.888992,27.276369,0.421743,-0.542898,0.131043,-0.714298,-20.600077,129.050751,15.004516,0.261999,0.10593,-0.459076,-0.84225,-11.259267,113.031532,-1.509193,0.328572,0.192484,-0.54434,-0.747452,3.490333,135.016418,-3.157312,-0.007906,0.962121,0.17203,0.211345,-1.408008,127.555725,30.315044,0.357296,0.882263,0.16352,-0.259255,14.51473,126.550186,37.474251,-0.000769,0.20775,0.474017,-0.855656,29.667801,113.000763,23.213608,-0.006406,-0.034208,0.681358,-0.731123,18.309914,132.85231,14.533827,0.060065,0.918397,0.215831,0.326122,-7.675526,84.688721,14.302627,0.109295,0.980413,-0.02506,0.161915,-6.572068,52.084763,-1.484895,-0.042021,0.949767,0.062956,0.303668,-17.151562,5.716261,-0.831078,-0.1056,0.936666,0.023526,0.333095,7.245605,85.048996,25.667404,0.045999,0.895155,-0.203563,0.393883,14.983174,49.65543,26.619772,-0.037343,0.889482,0.051758,0.452491,3.43863,6.234076,42.230663,-0.042021,0.949767,0.062956,0.303668,-8.39037,1.730842,-12.767994,-0.037343,0.889482,0.051758,0.452491,15.400555,1.957817,33.642414
499,4.158333,-0.027718,0.945989,0.052402,0.318734,-0.207657,84.869614,19.978218,-0.036234,0.964155,0.107005,0.240089,-0.86794,92.50705,20.60487,-0.004118,0.969653,0.125117,0.210004,-3.429111,113.090645,24.595863,0.124811,0.985018,-0.030273,0.115092,-4.697587,133.388031,29.643927,0.181438,0.966955,-0.179084,0.002573,-0.610264,147.281448,27.37171,-0.005472,0.919048,0.10019,0.38116,-8.187495,127.889717,27.265968,0.421842,-0.542894,0.1309,-0.71427,-20.592411,129.049423,14.995186,0.261997,0.10593,-0.459159,-0.842205,-11.249492,113.032898,-1.519942,0.328482,0.192569,-0.544438,-0.747399,3.496158,135.020508,-3.169431,-0.007964,0.962156,0.171911,0.211282,-1.399483,127.557945,30.305683,0.357326,0.882254,0.163568,-0.259214,14.524148,126.555618,37.463356,-0.000635,0.207733,0.473931,-0.855708,29.677217,113.005302,23.203552,-0.006618,-0.034378,0.681381,-0.731091,18.315516,132.852127,14.521262,0.060125,0.918365,0.215723,0.326272,-7.66729,84.691048,14.294555,0.109301,0.980392,-0.025111,0.162031,-6.567871,52.084255,-1.487386,-0.041992,0.949809,0.062891,0.303554,-17.148745,5.716124,-0.830189,-0.105457,0.936559,0.023505,0.333443,7.251976,85.048172,25.66188,0.045866,0.895033,-0.203583,0.394165,14.979047,49.652336,26.615057,-0.037847,0.889504,0.051654,0.452418,3.440136,6.230608,42.229088,-0.041992,0.949809,0.062891,0.303554,-8.390765,1.728544,-12.768741,-0.037847,0.889504,0.051654,0.452418,15.404749,1.958426,33.642548
500,4.166667,-0.027601,0.945951,0.052259,0.31888,-0.200543,84.872398,19.970921,-0.036193,0.964164,0.106965,0.240076,-0.858529,92.510162,20.595974,-0.004229,0.969667,0.12509,0.209952,-3.417436,113.09304,24.585564,0.12478,0.985021,-0.03023,0.115105,-4.689916,133.390671,29.631653,0.18136,0.966974,-0.179059,0.002624,-0.603523,147.284546,27.360619,-0.00552,0.918977,0.100416,0.38127,-8.178818,127.89135,27.254534,0.421821,-0.542858,0.131005,-0.714289,-20.580751,129.052948,14.980925,0.261916,0.105936,-0.459296,-0.842155,-11.237307,113.033852,-1.531407,0.32847,0.192579,-0.544608,-0.747277,3.501996,135.026627,-3.180879,-0.008044,0.96215,0.171889,0.21132,-1.390494,127.561356,30.293741,0.357362,0.882269,0.163325,-0.259265,14.532527,126.56163,37.453121,-0.000732,0.207839,0.473974,-0.855659,29.682981,113.006737,23.194902,-0.006659,-0.034407,0.681211,-0.731248,18.325211,132.855469,14.510828,0.060335,0.918222,0.215644,0.326688,-7.658547,84.695213,14.285083,0.109247,0.98035,-0.025234,0.162303,-6.567895,52.087761,-1.496099,-0.041638,0.949844,0.062871,0.303497,-17.145895,5.71911,-0.829564,-0.105229,0.936449,0.023535,0.333821,7.257462,85.049591,25.656757,0.045591,0.894811,-0.203569,0.394709,14.969603,49.650375,26.605484,-0.037952,0.889468,0.051649,0.452481,3.44514,6.225687,42.221924,-0.041638,0.949844,0.062871,0.303497,-8.392691,1.727562,-12.770283,-0.037952,0.889468,0.051649,0.452481,15.411854,1.954833,33.637669
501,4.175,-0.027642,0.945928,0.052197,0.318953,-0.186179,84.87278,19.966373,-0.036314,0.96415,0.106917,0.240134,-0.844512,92.510605,20.590282,-0.004232,0.969665,0.125039,0.209993,-3.408436,113.09613,24.577059,0.124615,0.985036,-0.030239,0.115153,-4.680801,133.394302,29.621008,0.181324,0.966989,-0.179018,0.002723,-0.598818,147.289368,27.349354,-0.005664,0.919016,0.100318,0.381202,-8.169654,127.894829,27.24416,0.42196,-0.542826,0.130756,-0.714278,-20.573374,129.050247,14.971765,0.261929,0.106044,-0.459425,-0.842067,-11.224953,113.037003,-1.543432,0.328479,0.192663,-0.544692,-0.74719,3.506755,135.034698,-3.190651,-0.008159,0.962146,0.171884,0.211339,-1.381582,127.564964,30.283951,0.357442,0.882236,0.163344,-0.259256,14.541106,126.569054,37.444618,-0.000715,0.207823,0.473979,-0.85566,29.688995,113.011429,23.186256,-0.006751,-0.03432,0.681222,-0.731241,18.331072,132.860382,14.50238,0.060266,0.918389,0.215472,0.326346,-7.643266,84.69458,14.27936,0.10938,0.980359,-0.025161,0.162173,-6.55814,52.081169,-1.489905,-0.041913,0.949807,0.06286,0.303576,-17.147181,5.714929,-0.830857,-0.105188,0.936498,0.023391,0.333707,7.270908,85.05098,25.653385,0.045741,0.894877,-0.203561,0.394544,14.977008,49.650658,26.609894,-0.037919,0.889454,0.051576,0.45252,3.442907,6.226987,42.222057,-0.041913,0.949807,0.06286,0.303576,-8.38946,1.725746,-12.769061,-0.037919,0.889454,0.051576,0.45252,15.409788,1.953779,33.639206
502,4.183333,-0.02763,0.945896,0.052181,0.319054,-0.177726,84.87706,19.960075,-0.036299,0.964136,0.1069,0.240203,-0.835867,92.514923,20.583735,-0.004318,0.969651,0.125031,0.21006,-3.39895,113.098099,24.569309,0.124605,0.985034,-0.030271,0.115174,-4.675094,133.396317,29.612116,0.181239,0.967019,-0.178939,0.002688,-0.593216,147.291275,27.339613,-0.005455,0.918989,0.100078,0.381332,-8.162764,127.896225,27.234966,0.421927,-0.542794,0.130881,-0.714298,-20.563082,129.055618,14.959505,0.261819,0.106023,-0.459553,-0.842034,-11.214545,113.039383,-1.55272,0.328375,0.192703,-0.544846,-0.747113,3.512321,135.042801,-3.20029,-0.008126,0.96216,0.171791,0.211352,-1.375126,127.567497,30.275854,0.357204,0.882298,0.163848,-0.259057,14.547393,126.571083,37.436829,-0.000463,0.207708,0.473781,-0.855797,29.708836,113.027679,23.179354,-0.006609,-0.03448,0.681291,-0.73117,18.339724,132.868439,14.493278,0.060355,0.918348,0.215304,0.326555,-7.633626,84.699097,14.271496,0.109408,0.980319,-0.02519,0.162391,-6.554952,52.081215,-1.488957,-0.042066,0.949832,0.062812,0.303486,-17.147163,5.715695,-0.829945,-0.105173,0.936495,0.023301,0.333727,7.278173,85.055031,25.648657,0.045746,0.894813,-0.203668,0.394634,14.981061,49.654171,26.611052,-0.037413,0.88948,0.051642,0.452503,3.44108,6.234682,42.230492,-0.042066,0.949832,0.062812,0.303486,-8.390288,1.726545,-12.768785,-0.037413,0.88948,0.051642,0.452503,15.403422,1.956322,33.643871
503,4.191667,-0.027592,0.945886,0.052143,0.31909,-0.167385,84.880798,19.955126,-0.036292,0.964141,0.106789,0.24023,-0.824805,92.518761,20.578394,-0.004348,0.969639,0.125094,0.210078,-3.38655,113.102577,24.559414,0.124559,0.985038,-0.030276,0.115192,-4.664555,133.400116,29.604456,0.181069,0.967055,-0.178918,0.002701,-0.583869,147.29541,27.331738,-0.005589,0.918979,0.10004,0.381363,-8.151672,127.900024,27.226521,0.421955,-0.542827,0.130756,-0.71428,-20.551117,129.054718,14.949733,0.261729,0.106116,-0.459701,-0.841969,-11.202741,113.04158,-1.565583,0.328395,0.192725,-0.545044,-0.746955,3.516304,135.051559,-3.20927,-0.008284,0.962141,0.171862,0.211377,-1.364152,127.571503,30.267689,0.357243,0.882318,0.16311,-0.259397,14.557905,126.579727,37.430336,-0.000735,0.207802,0.473906,-0.855705,29.70919,113.027481,23.170469,-0.006466,-0.034393,0.681452,-0.731025,18.346582,132.87619,14.48679,0.06043,0.918352,0.215181,0.326611,-7.622883,84.703323,14.266006,0.109456,0.980303,-0.025201,0.16245,-6.551253,52.082241,-1.488303,-0.041983,0.949816,0.062789,0.303552,-17.148077,5.717769,-0.829626,-0.105116,0.936493,0.02315,0.333761,7.288114,85.058273,25.644245,0.045787,0.894833,-0.203641,0.394598,14.983502,49.656033,26.615822,-0.037965,0.889515,0.051576,0.452395,3.441677,6.235844,42.23196,-0.041983,0.949816,0.062789,0.303552,-8.390418,1.727218,-12.767421,-0.037965,0.889515,0.051576,0.452395,15.406614,1.96321,33.646107
504,4.2,-0.027564,0.945857,0.052103,0.319185,-0.158783,84.884766,19.950613,-0.036217,0.964141,0.106725,0.240272,-0.815673,92.52282,20.57337,-0.004405,0.969637,0.12504,0.210117,-3.373567,113.104614,24.55192,0.124412,0.985061,-0.030171,0.115182,-4.65365,133.40271,29.594246,0.180994,0.967071,-0.178907,0.002637,-0.577436,147.299698,27.323936,-0.005753,0.919037,0.099883,0.381264,-8.140111,127.902031,27.216698,0.422008,-0.542826,0.13053,-0.71429,-20.542133,129.048996,14.941796,0.261674,0.10618,-0.459837,-0.841904,-11.190794,113.042389,-1.578177,0.328389,0.192816,-0.545116,-0.746881,3.521309,135.058075,-3.219944,-0.008416,0.962133,0.17188,0.211393,-1.352844,127.574417,30.258524,0.357304,0.882294,0.163034,-0.259444,14.568895,126.586853,37.422447,-0.000715,0.207763,0.473925,-0.855704,29.716814,113.031784,23.161697,-0.006432,-0.034312,0.681554,-0.730935,18.353657,132.882187,14.47872,0.060524,0.918333,0.214948,0.3268,-7.613172,84.707649,14.260032,0.109272,0.980431,-0.02513,0.161812,-6.55025,52.080135,-1.481544,-0.041975,0.949981,0.062937,0.303006,-17.128593,5.71149,-0.81976,-0.105028,0.936448,0.023029,0.333922,7.295606,85.06189,25.641193,0.045752,0.894765,-0.203587,0.394784,14.98203,49.657906,26.620102,-0.038046,0.889513,0.05149,0.452403,3.441861,6.235334,42.230831,-0.041975,0.949981,0.062937,0.303006,-8.384155,1.724708,-12.768497,-0.038046,0.889513,0.05149,0.452403,15.407346,1.961559,33.646317
505,4.208333,-0.027401,0.945855,0.051987,0.319225,-0.150895,84.883827,19.945463,-0.03629,0.964124,0.106755,0.240316,-0.804871,92.522202,20.567329,-0.004465,0.969638,0.124952,0.210163,-3.366284,113.103851,24.546314,0.124269,0.985071,-0.030218,0.115232,-4.648256,133.402847,29.584503,0.181001,0.967076,-0.178871,0.002724,-0.575706,147.300644,27.312595,-0.005813,0.918961,0.099949,0.381428,-8.1341,127.901459,27.207676,0.421984,-0.542766,0.130561,-0.714344,-20.531717,129.047958,14.928288,0.261603,0.106196,-0.459934,-0.841871,-11.177535,113.041794,-1.590502,0.328318,0.192889,-0.545217,-0.74682,3.529521,135.060577,-3.231306,-0.008471,0.962171,0.171689,0.211373,-1.347127,127.574921,30.250273,0.357394,0.882174,0.164171,-0.25901,14.574867,126.590752,37.414085,-9.2e-05,0.20744,0.473796,-0.855854,29.730749,113.044952,23.152996,-0.006459,-0.034352,0.681658,-0.730836,18.356873,132.883865,14.468961,0.060528,0.918309,0.214859,0.326925,-7.604973,84.708961,14.254408,0.10954,0.980309,-0.025135,0.162366,-6.542417,52.078705,-1.4815,-0.041995,0.949838,0.062774,0.303484,-17.145947,5.71568,-0.829454,-0.104951,0.936404,0.022942,0.334077,7.303183,85.058693,25.636518,0.045752,0.894732,-0.203599,0.394854,14.982226,49.653259,26.620747,-0.03767,0.889481,0.05172,0.452471,3.440466,6.231141,42.231571,-0.041995,0.949838,0.062774,0.303484,-8.389874,1.72478,-12.768287,-0.03767,0.889481,0.05172,0.452471,15.404764,1.958315,33.644928
506,4.216667,-0.02735,0.945834,0.051866,0.319313,-0.143092,84.883858,19.943439,-0.036306,0.964123,0.106675,0.240354,-0.79579,92.522469,20.563728,-0.004525,0.969642,0.124875,0.21019,-3.35704,113.103653,24.538998,0.124148,0.985087,-0.030136,0.11525,-4.640899,133.403427,29.573566,0.180975,0.967076,-0.178896,0.002724,-0.57188,147.302582,27.303658,-0.005908,0.918917,0.099992,0.381521,-8.126165,127.901367,27.197468,0.422077,-0.542727,0.130501,-0.714331,-20.521261,129.045731,14.915329,0.261575,0.106239,-0.460033,-0.84182,-11.164173,113.040123,-1.602359,0.32823,0.192915,-0.545307,-0.746786,3.537638,135.062653,-3.242219,-0.008499,0.962181,0.171612,0.21139,-1.339366,127.575874,30.240572,0.357341,0.882202,0.164115,-0.259023,14.582372,126.593124,37.405163,-0.000175,0.20747,0.473736,-0.85588,29.739799,113.048553,23.144539,-0.006526,-0.034257,0.681638,-0.730858,18.363188,132.887482,14.460428,0.060588,0.918286,0.214767,0.327039,-7.59618,84.709259,14.251074,0.109596,0.980304,-0.025121,0.162366,-6.537908,52.07666,-1.480272,-0.04207,0.949816,0.062717,0.303558,-17.146355,5.714732,-0.830348,-0.104873,0.936399,0.022858,0.334121,7.309996,85.058456,25.635805,0.045748,0.894739,-0.203442,0.394918,14.981739,49.65155,26.62418,-0.037544,0.889395,0.051864,0.452634,3.44488,6.223327,42.221642,-0.04207,0.949816,0.062717,0.303558,-8.387877,1.72298,-12.767139,-0.037544,0.889395,0.051864,0.452634,15.411678,1.952607,33.637432
507,4.225,-0.0273,0.945825,0.051749,0.319361,-0.136217,84.884796,19.941896,-0.036292,0.964117,0.10662,0.240405,-0.787649,92.523636,20.560703,-0.004618,0.969636,0.124814,0.210254,-3.347908,113.104561,24.533632,0.124096,0.985088,-0.030184,0.115289,-4.635358,133.404938,29.564846,0.18094,0.967088,-0.178867,0.002735,-0.567511,147.304214,27.293581,-0.005942,0.918891,0.099985,0.381585,-8.119497,127.902016,27.189079,0.421618,-0.542565,0.130931,-0.714646,-20.512877,129.04541,14.905124,0.261291,0.106025,-0.460156,-0.841868,-11.152629,113.038277,-1.609285,0.328191,0.192962,-0.545404,-0.74672,3.546857,135.064835,-3.253368,-0.008529,0.962173,0.171595,0.211439,-1.333115,127.57795,30.233257,0.357335,0.882157,0.164639,-0.258851,14.587876,126.596031,37.399612,1.4e-05,0.207413,0.473637,-0.855949,29.749929,113.057831,23.137869,-0.006724,-0.034174,0.681669,-0.730831,18.368351,132.890945,14.451679,0.060533,0.918332,0.21463,0.327013,-7.588769,84.710434,14.248827,0.1095,0.980448,-0.025028,0.16157,-6.530692,52.073086,-1.472662,-0.041827,0.949966,0.062948,0.303071,-17.128378,5.708715,-0.821377,-0.104848,0.93645,0.022787,0.33399,7.316336,85.059158,25.634966,0.045834,0.89487,-0.203457,0.394604,14.984796,49.651634,26.626455,-0.03725,0.889436,0.051963,0.452566,3.445579,6.224746,42.22588,-0.041827,0.949966,0.062948,0.303071,-8.383721,1.720861,-12.769593,-0.03725,0.889436,0.051963,0.452566,15.408869,1.952586,33.637505
508,4.233333,-0.027345,0.945806,0.051716,0.31942,-0.12647,84.885712,19.939978,-0.03637,0.964112,0.106514,0.240458,-0.778432,92.524559,20.558041,-0.004614,0.969627,0.124819,0.210292,-3.341068,113.106522,24.525803,0.124035,0.985086,-0.030298,0.115335,-4.628588,133.40686,29.557211,0.18087,0.967106,-0.178841,0.002826,-0.561948,147.305954,27.282694,-0.006056,0.918815,0.100027,0.381756,-8.112632,127.904022,27.181101,0.42154,-0.542502,0.131019,-0.714724,-20.5014,129.044922,14.892262,0.261224,0.106061,-0.460238,-0.84184,-11.1389,113.03756,-1.620652,0.328234,0.19299,-0.545433,-0.746673,3.557241,135.068649,-3.262901,-0.008598,0.962174,0.171571,0.211451,-1.326485,127.579796,30.22579,0.357195,0.882208,0.16472,-0.258819,14.594285,126.600288,37.392963,6.2e-05,0.207415,0.473586,-0.855977,29.762142,113.068092,23.131695,-0.006541,-0.034279,0.681577,-0.730914,18.37899,132.897919,14.444592,0.060648,0.918308,0.214501,0.327142,-7.578269,84.710419,14.24595,0.109511,0.980451,-0.025003,0.161547,-6.528791,52.070099,-1.469947,-0.041698,0.949963,0.063074,0.303072,-17.127094,5.705836,-0.820882,-0.104762,0.936432,0.022752,0.33407,7.325329,85.061005,25.634003,0.045851,0.89476,-0.203553,0.394802,14.987093,49.652054,26.626495,-0.037352,0.889453,0.051835,0.452538,3.439501,6.229013,42.230442,-0.041698,0.949963,0.063074,0.303072,-8.383383,1.720317,-12.770571,-0.037352,0.889453,0.051835,0.452538,15.402693,1.954891,33.642902
509,4.241667,-0.02736,0.945795,0.051682,0.319456,-0.117731,84.887886,19.939713,-0.036306,0.96411,0.106407,0.240522,-0.769763,92.526779,20.557186,-0.004705,0.96961,0.124798,0.210381,-3.328801,113.108276,24.520844,0.124265,0.985055,-0.030092,0.115414,-4.620308,133.408783,29.550468,0.180603,0.967125,-0.179011,0.002698,-0.547471,147.30722,27.282963,-0.00618,0.918783,0.100011,0.381835,-8.103066,127.905273,27.174065,0.421428,-0.542458,0.131039,-0.714819,-20.489681,129.042252,14.882684,0.261107,0.106068,-0.460308,-0.841837,-11.125069,113.037514,-1.631582,0.328188,0.193045,-0.545512,-0.746621,3.567583,135.071259,-3.271626,-0.008774,0.962164,0.17172,0.211367,-1.317487,127.58226,30.220154,0.357146,0.882249,0.164874,-0.258651,14.60442,126.608109,37.385551,9.6e-05,0.207367,0.473472,-0.856051,29.77832,113.077972,23.128748,-0.006521,-0.034127,0.681541,-0.730955,18.388521,132.905151,14.441782,0.060713,0.918291,0.214413,0.327236,-7.569098,84.712173,14.245126,0.109552,0.980387,-0.025032,0.161906,-6.524487,52.069664,-1.466574,-0.042072,0.949963,0.063007,0.303036,-17.127272,5.706397,-0.81929,-0.10472,0.936456,0.022615,0.334024,7.333636,85.063599,25.634298,0.045896,0.894765,-0.203521,0.394802,14.989342,49.653561,26.634634,-0.037235,0.889459,0.051906,0.452529,3.439051,6.229687,42.234272,-0.042072,0.949963,0.063007,0.303036,-8.381063,1.722494,-12.767694,-0.037235,0.889459,0.051906,0.452529,15.401286,1.955832,33.645256
510,4.25,-0.027477,0.945803,0.05172,0.319415,-0.106133,84.891167,19.937822,-0.036323,0.964103,0.106322,0.240586,-0.760027,92.529892,20.5553,-0.004799,0.969591,0.124757,0.21049,-3.318984,113.110672,24.514904,0.12417,0.985049,-0.030244,0.115524,-4.614503,133.411575,29.541916,0.180552,0.967142,-0.178966,0.002843,-0.543463,147.309845,27.270264,-0.005944,0.918741,0.099806,0.381992,-8.095926,127.90731,27.165285,0.421325,-0.542373,0.131354,-0.714887,-20.478434,129.049713,14.870274,0.261074,0.105992,-0.460369,-0.841823,-11.113365,113.037888,-1.63686,0.328232,0.193062,-0.545404,-0.746677,3.577528,135.073273,-3.280506,-0.008815,0.962165,0.171725,0.211357,-1.311048,127.585587,30.213064,0.357095,0.882269,0.164899,-0.258637,14.610974,126.612816,37.378376,-4.7e-05,0.207394,0.473437,-0.856064,29.787037,113.084755,23.121906,-0.006628,-0.034007,0.681454,-0.731041,18.39625,132.911957,14.437053,0.060806,0.918324,0.21429,0.327206,-7.557857,84.713562,14.243767,0.109547,0.980398,-0.024994,0.161848,-6.52298,52.068043,-1.462309,-0.042058,0.949986,0.063094,0.302947,-17.124615,5.704474,-0.81791,-0.104702,0.936557,0.022433,0.333759,7.345592,85.068771,25.631878,0.046039,0.894849,-0.203496,0.394607,14.99604,49.657871,26.642004,-0.037381,0.889493,0.051787,0.452463,3.438002,6.234262,42.236607,-0.042058,0.949986,0.063094,0.302947,-8.380567,1.722854,-12.768653,-0.037381,0.889493,0.051787,0.452463,15.399837,1.959255,33.647625
511,4.258333,-0.027421,0.945808,0.051555,0.319432,-0.098533,84.890877,19.939188,-0.036357,0.964117,0.106217,0.240571,-0.750827,92.529915,20.554539,-0.004855,0.969606,0.124675,0.210467,-3.310041,113.111412,24.509584,0.124079,0.985064,-0.030229,0.115495,-4.606985,133.413147,29.532873,0.18059,0.967132,-0.178986,0.002814,-0.538638,147.31221,27.261209,-0.006195,0.918729,0.099839,0.382008,-8.088059,127.908157,27.157396,0.421456,-0.542342,0.131133,-0.714873,-20.470037,129.042984,14.861157,0.261134,0.106108,-0.460379,-0.841785,-11.100439,113.036224,-1.648311,0.32823,0.193076,-0.545511,-0.746595,3.588801,135.073273,-3.288558,-0.008927,0.96216,0.171674,0.211416,-1.303042,127.587547,30.204979,0.356892,0.882374,0.165062,-0.258454,14.618041,126.618576,37.372887,7.6e-05,0.20741,0.473179,-0.856202,29.806025,113.098122,23.121899,-0.006637,-0.03399,0.681406,-0.731086,18.403622,132.916672,14.432073,0.060775,0.918302,0.214335,0.327245,-7.550116,84.713287,14.244949,0.109887,0.980227,-0.025058,0.16264,-6.51137,52.068913,-1.463239,-0.041845,0.949841,0.062909,0.303469,-17.145842,5.712759,-0.826831,-0.104635,0.936579,0.022387,0.333722,7.353049,85.068474,25.633425,0.046082,0.89486,-0.203476,0.394588,14.997927,49.656399,26.644691,-0.037774,0.889508,0.051724,0.452408,3.437253,6.23241,42.23629,-0.041845,0.949841,0.062909,0.303469,-8.391301,1.724218,-12.767572,-0.037774,0.889508,0.051724,0.452408,15.401289,1.961092,33.648537
512,4.266667,-0.027369,0.945822,0.051409,0.319419,-0.092289,84.889641,19.939875,-0.036396,0.964115,0.106172,0.240595,-0.743096,92.528954,20.553379,-0.004857,0.969618,0.124519,0.210507,-3.303717,113.112053,24.506432,0.124007,0.985066,-0.030253,0.11555,-4.599596,133.415405,29.523432,0.180531,0.967129,-0.17906,0.002868,-0.532973,147.31488,27.251106,-0.006294,0.91872,0.099786,0.382043,-8.080883,127.909958,27.14937,0.421657,-0.542305,0.130989,-0.714809,-20.461866,129.041016,14.851779,0.261259,0.106174,-0.460367,-0.841744,-11.088401,113.035133,-1.65634,0.328156,0.193167,-0.545485,-0.746623,3.599542,135.070496,-3.296637,-0.008958,0.962161,0.171694,0.211394,-1.296117,127.589783,30.197567,0.356764,0.882467,0.164899,-0.258418,14.625269,126.621841,37.364941,-7.7e-05,0.207543,0.473088,-0.856221,29.81872,113.102997,23.118248,-0.006764,-0.034049,0.681246,-0.731231,18.414551,132.920074,14.426035,0.060774,0.918309,0.214261,0.327273,-7.544081,84.712082,14.245905,0.109914,0.980253,-0.024977,0.162478,-6.50666,52.065395,-1.457577,-0.041854,0.949841,0.062932,0.303464,-17.1423,5.709424,-0.827309,-0.104541,0.936619,0.022293,0.333645,7.359503,85.067192,25.633842,0.046091,0.894921,-0.203351,0.394513,14.995906,49.6534,26.648581,-0.03726,0.889432,0.051953,0.452574,3.440311,6.224656,42.230709,-0.041854,0.949841,0.062932,0.303464,-8.387761,1.721623,-12.768309,-0.03726,0.889432,0.051953,0.452574,15.403797,1.952393,33.642654
513,4.275,-0.027389,0.945848,0.051271,0.319362,-0.082874,84.887955,19.941664,-0.036503,0.964119,0.106102,0.240593,-0.733259,92.527473,20.553099,-0.004917,0.969634,0.124355,0.210526,-3.297602,113.111588,24.502369,0.123776,0.985089,-0.030399,0.115568,-4.594547,133.416641,29.51223,0.180664,0.967116,-0.17899,0.002981,-0.533944,147.317062,27.235016,-0.006309,0.918683,0.099767,0.382138,-8.075497,127.91021,27.139927,0.421835,-0.542238,0.130967,-0.714759,-20.453951,129.040878,14.83976,0.261435,0.106304,-0.460364,-0.841675,-11.076574,113.032722,-1.663937,0.328268,0.19323,-0.545471,-0.746568,3.609445,135.068176,-3.303003,-0.009043,0.962163,0.171679,0.211394,-1.290863,127.591385,30.188549,0.356712,0.882505,0.164948,-0.258327,14.630469,126.626411,37.356441,-0.000122,0.20756,0.473027,-0.85625,29.828081,113.109032,23.112799,-0.006864,-0.034056,0.68123,-0.731245,18.42181,132.923996,14.420897,0.060828,0.918359,0.214205,0.32716,-7.535331,84.709145,14.24861,0.109745,0.980386,-0.024915,0.161797,-6.504782,52.061188,-1.45268,-0.04195,0.949982,0.063121,0.302969,-17.123407,5.701372,-0.818183,-0.104446,0.936631,0.022278,0.333642,7.369584,85.066772,25.634718,0.046123,0.894888,-0.203407,0.394554,14.999289,49.651493,26.648109,-0.037043,0.889441,0.05202,0.452567,3.43826,6.225181,42.23299,-0.04195,0.949982,0.063121,0.302969,-8.379767,1.719493,-12.769135,-0.037043,0.889441,0.05202,0.452567,15.399951,1.951723,33.643032
514,4.283333,-0.027418,0.945853,0.051195,0.319357,-0.074794,84.886841,19.941898,-0.036507,0.964121,0.106044,0.240608,-0.725229,92.526451,20.552101,-0.004991,0.969641,0.12424,0.210562,-3.289431,113.112976,24.499306,0.123771,0.985076,-0.030512,0.115655,-4.588562,133.419189,29.503876,0.180598,0.967115,-0.179063,0.003096,-0.527417,147.319,27.223837,-0.006293,0.91867,0.099655,0.382198,-8.068832,127.91185,27.132679,0.421786,-0.542233,0.131072,-0.714773,-20.445675,129.041748,14.830809,0.261475,0.106339,-0.460294,-0.841696,-11.069401,113.031197,-1.671195,0.32832,0.193303,-0.545326,-0.746632,3.61964,135.064728,-3.308575,-0.009089,0.962162,0.171633,0.211433,-1.284431,127.594391,30.181965,0.356626,0.882533,0.165048,-0.258286,14.636299,126.631058,37.351425,-0.000116,0.207564,0.473006,-0.856261,29.838013,113.117897,23.108158,-0.006963,-0.034297,0.681396,-0.731078,18.430586,132.932632,14.415696,0.060766,0.918404,0.21417,0.327067,-7.527284,84.707054,14.248912,0.109858,0.980408,-0.024869,0.161595,-6.495086,52.057468,-1.44888,-0.041947,0.949983,0.063126,0.302965,-17.123381,5.699813,-0.818232,-0.104407,0.936684,0.022186,0.333512,7.377696,85.066628,25.634884,0.046129,0.894897,-0.203344,0.394566,15.002661,49.650448,26.652554,-0.037118,0.889441,0.05209,0.452552,3.443176,6.22175,42.231926,-0.041947,0.949983,0.063126,0.302965,-8.379877,1.718059,-12.769331,-0.037118,0.889441,0.05209,0.452552,15.405507,1.951139,33.641438
515,4.291667,-0.027488,0.945856,0.051197,0.319342,-0.063917,84.888062,19.942947,-0.036508,0.964122,0.105951,0.240648,-0.715372,92.527618,20.552841,-0.005022,0.969637,0.12416,0.210627,-3.278962,113.115906,24.496391,0.124017,0.985037,-0.030499,0.115725,-4.578997,133.422928,29.497421,0.18033,0.967136,-0.179222,0.003016,-0.510698,147.320908,27.218937,-0.006293,0.918645,0.099615,0.382267,-8.058884,127.915169,27.126657,0.421831,-0.542202,0.131199,-0.714746,-20.433899,129.0448,14.822927,0.261523,0.106347,-0.460332,-0.841659,-11.057611,113.029335,-1.674305,0.328343,0.193372,-0.545293,-0.746629,3.629331,135.063828,-3.313215,-0.00912,0.962154,0.171703,0.211411,-1.274897,127.598282,30.176926,0.356548,0.882545,0.164987,-0.258393,14.646137,126.635597,37.345802,-0.000321,0.20751,0.47297,-0.856294,29.847885,113.125778,23.099409,-0.007038,-0.034235,0.681393,-0.731083,18.43755,132.942184,14.413446,0.060936,0.918416,0.21408,0.327061,-7.516509,84.707031,14.250135,0.109802,0.980373,-0.024885,0.161845,-6.497909,52.056156,-1.445861,-0.041902,0.949981,0.063226,0.302958,-17.121361,5.697388,-0.815571,-0.104369,0.936722,0.022112,0.333422,7.388674,85.069099,25.635761,0.046293,0.894968,-0.203415,0.39435,15.009435,49.652111,26.656792,-0.037047,0.889484,0.052017,0.452483,3.43718,6.227627,42.238426,-0.041902,0.949981,0.063226,0.302958,-8.378241,1.718014,-12.767741,-0.037047,0.889484,0.052017,0.452483,15.397299,1.954118,33.646301
516,4.3,-0.027569,0.945867,0.051132,0.319314,-0.055141,84.889206,19.945347,-0.03657,0.964129,0.105825,0.240662,-0.707431,92.528793,20.553913,-0.005038,0.969636,0.124127,0.21065,-3.272491,113.119003,24.491899,0.124042,0.985027,-0.030603,0.115751,-4.573011,133.426376,29.491436,0.180297,0.96713,-0.179285,0.003035,-0.503613,147.323578,27.210203,-0.006546,0.918573,0.099644,0.38243,-8.052716,127.918396,27.120888,0.421676,-0.542126,0.13141,-0.714856,-20.423265,129.040863,14.812009,0.2614,0.1064,-0.460409,-0.841649,-11.04563,113.022972,-1.682098,0.328314,0.193501,-0.545264,-0.746629,3.637773,135.061905,-3.316884,-0.009184,0.962184,0.171612,0.211347,-1.268876,127.601814,30.171516,0.356546,0.882561,0.165364,-0.258103,14.653069,126.642357,37.338806,-0.000363,0.207543,0.472937,-0.856304,29.862331,113.134804,23.098288,-0.007174,-0.034154,0.680968,-0.731481,18.451778,132.949326,14.412316,0.060962,0.918438,0.21405,0.327013,-7.507984,84.706314,14.25292,0.109885,0.980341,-0.024882,0.161983,-6.492706,52.054722,-1.441808,-0.041905,0.949969,0.063288,0.302981,-17.123911,5.697685,-0.814567,-0.104333,0.936735,0.022046,0.333402,7.397702,85.072098,25.637775,0.046347,0.894927,-0.203367,0.39446,15.014532,49.654358,26.662228,-0.037303,0.889458,0.05192,0.452523,3.437527,6.22848,42.236454,-0.041905,0.949969,0.063288,0.302981,-8.380095,1.720083,-12.766825,-0.037303,0.889458,0.05192,0.452523,15.400323,1.955931,33.647572
517,4.308333,-0.027628,0.945878,0.051101,0.319281,-0.044955,84.890907,19.945473,-0.036514,0.964133,0.10576,0.240686,-0.697929,92.530487,20.55332,-0.005224,0.969634,0.124002,0.210727,-3.259912,113.11972,24.48888,0.124053,0.985009,-0.030729,0.115863,-4.567289,133.428314,29.481632,0.180248,0.967133,-0.17932,0.003143,-0.496789,147.324677,27.197378,-0.006644,0.918617,0.099517,0.382353,-8.044934,127.918579,27.112171,0.421704,-0.54207,0.131396,-0.714886,-20.417477,129.035919,14.804825,0.261434,0.106442,-0.460415,-0.84163,-11.036606,113.018776,-1.688176,0.328364,0.19348,-0.545233,-0.746635,3.646333,135.058731,-3.322104,-0.009307,0.962192,0.171661,0.211265,-1.261602,127.604927,30.164232,0.356492,0.882607,0.165132,-0.258166,14.661473,126.649734,37.329578,-0.000369,0.207416,0.472878,-0.856367,29.871002,113.141235,23.090227,-0.007005,-0.034277,0.681134,-0.731322,18.454849,132.955246,14.408872,0.060872,0.918552,0.213944,0.326781,-7.498132,84.706749,14.253524,0.109992,0.980345,-0.024811,0.161897,-6.48344,52.051079,-1.432747,-0.042054,0.949976,0.063318,0.302934,-17.123335,5.695948,-0.81287,-0.104305,0.936826,0.021876,0.333164,7.408222,85.075066,25.637421,0.046493,0.895091,-0.203395,0.394056,15.019306,49.656361,26.670828,-0.03727,0.889536,0.051895,0.452377,3.435897,6.232867,42.246937,-0.042054,0.949976,0.063318,0.302934,-8.379213,1.72058,-12.765643,-0.03727,0.889536,0.051895,0.452377,15.395517,1.959149,33.654221
518,4.316667,-0.027631,0.945879,0.050996,0.319294,-0.036143,84.890785,19.946024,-0.036615,0.964131,0.10574,0.240685,-0.688662,92.530533,20.552322,-0.005191,0.969658,0.123831,0.210717,-3.254743,113.121056,24.486315,0.123994,0.985014,-0.030777,0.11587,-4.559222,133.431427,29.472572,0.180282,0.967109,-0.179414,0.003168,-0.490201,147.328003,27.186785,-0.006723,0.918651,0.099368,0.38231,-8.037691,127.921402,27.105007,0.421801,-0.542038,0.131424,-0.714847,-20.411362,129.034058,14.79837,0.26152,0.10644,-0.460395,-0.841615,-11.02917,113.014198,-1.691253,0.328369,0.193445,-0.545205,-0.746662,3.654654,135.053131,-3.32718,-0.009317,0.962216,0.171519,0.211269,-1.254291,127.607819,30.156931,0.356551,0.882607,0.164818,-0.258284,14.668718,126.654007,37.322617,-0.0005,0.207432,0.472952,-0.856322,29.873142,113.13987,23.083162,-0.006973,-0.034264,0.681187,-0.731274,18.459972,132.958603,14.404022,0.060842,0.918593,0.213896,0.326703,-7.489162,84.705956,14.253887,0.110145,0.980357,-0.024739,0.161732,-6.475029,52.048538,-1.428793,-0.042025,0.949933,0.063254,0.303085,-17.127783,5.696258,-0.816271,-0.104178,0.936831,0.021804,0.333194,7.416875,85.075623,25.638161,0.046478,0.895021,-0.203298,0.394269,15.017712,49.65477,26.673588,-0.037111,0.889467,0.052082,0.452502,3.435467,6.227353,42.239647,-0.042025,0.949933,0.063254,0.303085,-8.380329,1.718925,-12.765958,-0.037111,0.889467,0.052082,0.452502,15.396767,1.956418,33.647873
519,4.325,-0.027669,0.94589,0.050876,0.319278,-0.026048,84.890007,19.94648,-0.036651,0.964147,0.105677,0.240646,-0.678516,92.529907,20.550865,-0.005267,0.969681,0.123709,0.210682,-3.245275,113.120964,24.482044,0.123969,0.985014,-0.030857,0.115871,-4.551558,133.432587,29.462778,0.180341,0.96708,-0.179507,0.003197,-0.483009,147.328873,27.174633,-0.006633,0.918663,0.099263,0.382311,-8.029596,127.921532,27.096939,0.421961,-0.542,0.131547,-0.714759,-20.40328,129.035675,14.790453,0.26171,0.106389,-0.460392,-0.841563,-11.020627,113.008522,-1.6918,0.328495,0.193376,-0.545287,-0.746565,3.66364,135.046082,-3.334896,-0.009356,0.962232,0.171368,0.211319,-1.245986,127.609489,30.14855,0.356522,0.882636,0.164746,-0.258272,14.676261,126.657822,37.316216,-0.000456,0.207459,0.472876,-0.856358,29.882044,113.143417,23.078445,-0.006977,-0.034295,0.681057,-0.731394,18.46604,132.959122,14.396914,0.06094,0.918621,0.213815,0.326657,-7.479228,84.703758,14.254602,0.110166,0.980395,-0.024673,0.161497,-6.474358,52.044689,-1.425217,-0.041892,0.94994,0.06335,0.303061,-17.127939,5.692548,-0.816557,-0.104109,0.93693,0.021626,0.33295,7.427133,85.076256,25.638357,0.046601,0.895139,-0.203194,0.394038,15.019342,49.653805,26.682207,-0.037342,0.889468,0.051927,0.452499,3.434448,6.223482,42.238163,-0.041892,0.94994,0.06335,0.303061,-8.382151,1.716636,-12.767932,-0.037342,0.889468,0.051927,0.452499,15.397154,1.951622,33.648815
520,4.333333,-0.027671,0.945901,0.050796,0.319256,-0.018063,84.89032,19.9461,-0.03669,0.964166,0.105603,0.240596,-0.670162,92.530342,20.549328,-0.005333,0.969706,0.123602,0.210629,-3.237753,113.123337,24.477505,0.123691,0.985045,-0.031112,0.115836,-4.545512,133.43602,29.453463,0.180551,0.967036,-0.179534,0.003317,-0.484185,147.333069,27.156952,-0.006736,0.918686,0.09922,0.382263,-8.023246,127.924072,27.089283,0.422012,-0.541911,0.131714,-0.714766,-20.398149,129.034164,14.78366,0.261804,0.106259,-0.46042,-0.841535,-11.012908,113.001541,-1.691797,0.328551,0.193316,-0.545223,-0.746602,3.671069,135.037888,-3.343461,-0.009312,0.962273,0.171131,0.211325,-1.239316,127.613426,30.140322,0.356539,0.882662,0.164435,-0.258359,14.682876,126.662018,37.308128,-0.000509,0.207592,0.472939,-0.856291,29.88582,113.143158,23.071579,-0.006871,-0.0343,0.680951,-0.731494,18.475353,132.960693,14.386328,0.060951,0.918658,0.213694,0.32663,-7.471491,84.703529,14.254568,0.110197,0.980428,-0.024588,0.161287,-6.470832,52.04081,-1.417918,-0.041772,0.949951,0.063442,0.303025,-17.125828,5.688915,-0.81539,-0.103985,0.936915,0.02161,0.333032,7.435364,85.07711,25.637632,0.046628,0.895187,-0.203203,0.393921,15.018779,49.652733,26.680248,-0.037667,0.889497,0.051802,0.452429,3.433327,6.222984,42.237389,-0.041772,0.949951,0.063442,0.303025,-8.381874,1.714439,-12.76858,-0.037667,0.889497,0.051802,0.452429,15.397111,1.952247,33.648987
521,4.341667,-0.027739,0.945921,0.050647,0.319217,-0.008125,84.892418,19.947763,-0.036885,0.964172,0.105516,0.240578,-0.660466,92.532608,20.548521,-0.005192,0.969719,0.123591,0.21058,-3.235525,113.129616,24.471981,0.123647,0.985042,-0.031321,0.115858,-4.537199,133.44249,29.448805,0.18051,0.967003,-0.179751,0.003453,-0.476453,147.338699,27.146296,-0.007041,0.918722,0.099104,0.382203,-8.016722,127.931549,27.084908,0.422181,-0.541921,0.131623,-0.714675,-20.393103,129.03006,14.779733,0.261983,0.106252,-0.460403,-0.841489,-11.007222,112.996498,-1.694442,0.32876,0.193143,-0.545324,-0.746481,3.678225,135.032745,-3.350884,-0.009336,0.962286,0.171103,0.211289,-1.232462,127.61898,30.135023,0.356482,0.882712,0.164274,-0.258368,14.69024,126.668785,37.301865,-0.000445,0.207606,0.472831,-0.856347,29.894972,113.149536,23.0676,-0.006721,-0.034201,0.680854,-0.731589,18.479523,132.963654,14.37951,0.061067,0.918672,0.213634,0.326609,-7.461961,84.703468,14.256838,0.110198,0.980395,-0.024588,0.161484,-6.470805,52.039909,-1.4145,-0.041739,0.949928,0.06351,0.303085,-17.126062,5.688042,-0.81421,-0.103956,0.936961,0.021476,0.332921,7.445712,85.08136,25.638691,0.046719,0.895243,-0.203172,0.3938,15.024088,49.656128,26.688728,-0.037617,0.889529,0.051779,0.452374,3.434094,6.226012,42.241459,-0.041739,0.949928,0.06351,0.303085,-8.38082,1.715183,-12.766994,-0.037617,0.889529,0.051779,0.452374,15.396309,1.953983,33.651512
522,4.35,-0.027797,0.945921,0.050612,0.319217,0.003872,84.898087,19.945978,-0.036921,0.964175,0.105501,0.240567,-0.649141,92.5383,20.545933,-0.00526,0.969722,0.123576,0.21057,-3.225269,113.133934,24.468214,0.123813,0.985018,-0.031368,0.115869,-4.529522,133.44693,29.443836,0.180384,0.966984,-0.179976,0.003379,-0.463939,147.341614,27.140623,-0.007063,0.918744,0.099004,0.382174,-8.008348,127.935394,27.08028,0.422175,-0.541958,0.131791,-0.714619,-20.385469,129.031754,14.77566,0.261924,0.106048,-0.460432,-0.841518,-11.003794,112.991966,-1.694851,0.328665,0.192912,-0.545454,-0.746488,3.682654,135.027206,-3.359208,-0.009338,0.962298,0.171014,0.211305,-1.224039,127.623894,30.130386,0.356432,0.882719,0.164469,-0.25829,14.698421,126.674332,37.297844,-0.000269,0.20766,0.472702,-0.856405,29.906914,113.159012,23.063871,-0.006704,-0.034001,0.680682,-0.731759,18.486694,132.967133,14.368874,0.061066,0.918755,0.213474,0.326479,-7.449901,84.707901,14.255011,0.110285,0.980409,-0.024502,0.161356,-6.46481,52.039391,-1.406391,-0.041845,0.949918,0.063537,0.303097,-17.12669,5.688941,-0.814033,-0.103925,0.937048,0.021231,0.3327,7.457645,85.08828,25.636944,0.046847,0.895332,-0.203097,0.393622,15.028326,49.661819,26.701084,-0.036979,0.889519,0.052,0.45242,3.433345,6.229913,42.24509,-0.041845,0.949918,0.063537,0.303097,-8.380091,1.717877,-12.766422,-0.036979,0.889519,0.052,0.45242,15.391609,1.955027,33.651073
523,4.358333,-0.027881,0.945923,0.050576,0.31921,0.014787,84.902397,19.944862,-0.03682,0.964208,0.105502,0.240452,-0.639256,92.542587,20.5439,-0.005427,0.969757,0.123493,0.210457,-3.210305,113.1343,24.466726,0.123804,0.985019,-0.031504,0.115835,-4.520052,133.44809,29.43771,0.180336,0.966962,-0.180145,0.003387,-0.454472,147.342102,27.130455,-0.00724,0.918798,0.099023,0.382036,-7.997581,127.934883,27.076143,0.422276,-0.542009,0.131686,-0.71454,-20.378313,129.025299,14.774622,0.261944,0.105935,-0.460502,-0.841487,-10.997991,112.985977,-1.697122,0.328735,0.192707,-0.545458,-0.746507,3.685827,135.021469,-3.368137,-0.009491,0.962294,0.171005,0.211322,-1.212591,127.626251,30.125031,0.356389,0.88276,0.163912,-0.258562,14.709526,126.681793,37.29393,-0.000285,0.207707,0.472684,-0.856404,29.91255,113.162674,23.057711,-0.0064,-0.03392,0.680724,-0.731726,18.492195,132.970459,14.361,0.06114,0.918797,0.213333,0.32644,-7.438984,84.710518,14.253947,0.110308,0.980398,-0.024459,0.161414,-6.462953,52.0383,-1.40029,-0.041921,0.949928,0.063555,0.303052,-17.126314,5.688134,-0.812947,-0.103803,0.937086,0.021035,0.332645,7.468558,85.094284,25.635778,0.046875,0.895384,-0.20302,0.393539,15.026442,49.665398,26.709833,-0.037177,0.889531,0.051944,0.452387,3.433334,6.230769,42.247627,-0.041921,0.949928,0.063555,0.303052,-8.380073,1.718262,-12.765999,-0.037177,0.889531,0.051944,0.452387,15.392509,1.95709,33.65427
524,4.366667,-0.027885,0.945926,0.050469,0.319216,0.022993,84.90416,19.944193,-0.036867,0.964221,0.105365,0.240451,-0.630594,92.54451,20.541643,-0.005431,0.969761,0.123478,0.210444,-3.202439,113.139389,24.458893,0.123538,0.985051,-0.031715,0.115792,-4.512159,133.453339,29.429251,0.180515,0.966904,-0.180275,0.00344,-0.453648,147.348236,27.114885,-0.007012,0.918826,0.098872,0.382013,-7.989721,127.940033,27.067957,0.422725,-0.542134,0.131671,-0.714183,-20.371193,129.03569,14.767652,0.262342,0.105905,-0.460402,-0.841422,-10.997396,112.984512,-1.696259,0.328941,0.192445,-0.545678,-0.746323,3.69055,135.01416,-3.37717,-0.009445,0.962307,0.170899,0.211351,-1.20465,127.631546,30.116671,0.356337,0.882795,0.163889,-0.258529,14.71707,126.686188,37.286327,-0.000211,0.207777,0.472584,-0.856442,29.922777,113.168167,23.05195,-0.006349,-0.033784,0.680575,-0.731872,18.499723,132.971161,14.350501,0.061131,0.918839,0.213265,0.326367,-7.430692,84.711555,14.253195,0.110401,0.98039,-0.024432,0.161401,-6.456977,52.037144,-1.396601,-0.041948,0.949909,0.063583,0.3031,-17.128521,5.688805,-0.813073,-0.103732,0.937142,0.020912,0.332516,7.476678,85.096756,25.635191,0.046908,0.895391,-0.203019,0.39352,15.026996,49.666424,26.714861,-0.036922,0.889571,0.051986,0.452325,3.431406,6.232044,42.251511,-0.041948,0.949909,0.063583,0.3031,-8.3808,1.71999,-12.765386,-0.036922,0.889571,0.051986,0.452325,15.387315,1.95597,33.654808
525,4.375,-0.027804,0.945945,0.050305,0.319194,0.030638,84.905922,19.944256,-0.037074,0.964241,0.105277,0.240378,-0.620955,92.546593,20.53974,-0.005165,0.969797,0.123454,0.210298,-3.200396,113.144279,24.452009,0.123457,0.985067,-0.031844,0.115706,-4.498347,133.458572,29.42399,0.18039,0.966873,-0.180568,0.00345,-0.44209,147.353409,27.105288,-0.007215,0.918897,0.09875,0.381871,-7.97947,127.947113,27.06365,0.422766,-0.542231,0.13172,-0.714076,-20.364634,129.034119,14.766291,0.262451,0.10574,-0.460394,-0.841413,-10.996708,112.978783,-1.696901,0.329129,0.192318,-0.545734,-0.746232,3.693722,135.006622,-3.387794,-0.00947,0.962331,0.170732,0.211377,-1.193442,127.635124,30.109879,0.356388,0.882759,0.16377,-0.258656,14.72787,126.691689,37.280697,-4e-06,0.207703,0.472534,-0.856488,29.928524,113.171593,23.042877,-0.006224,-0.033754,0.6807,-0.731758,18.501186,132.972153,14.338955,0.061167,0.918852,0.213169,0.326388,-7.423397,84.713745,14.2537,0.110422,0.980379,-0.024383,0.161463,-6.454069,52.036709,-1.390886,-0.042002,0.949935,0.063509,0.303029,-17.126863,5.688599,-0.812932,-0.103613,0.937147,0.020801,0.332547,7.484672,85.098099,25.634813,0.046901,0.895408,-0.2029,0.393543,15.02431,49.665642,26.719343,-0.037097,0.889549,0.052014,0.452351,3.433244,6.226635,42.246426,-0.042002,0.949935,0.063509,0.303029,-8.380531,1.718193,-12.765731,-0.037097,0.889549,0.052014,0.452351,15.3913,1.953706,33.651142
526,4.383333,-0.027707,0.945979,0.05012,0.319131,0.037656,84.907104,19.944391,-0.037104,0.964267,0.105186,0.24031,-0.611582,92.548141,20.53772,-0.005232,0.96982,0.123385,0.210231,-3.190923,113.145401,24.445988,0.123356,0.985082,-0.031952,0.115652,-4.490632,133.460388,29.414692,0.180444,0.966833,-0.180729,0.003427,-0.437126,147.355408,27.09234,-0.007294,0.918958,0.098672,0.381743,-7.971403,127.94812,27.055708,0.423005,-0.542286,0.131641,-0.713907,-20.35994,129.031067,14.761385,0.262641,0.105668,-0.460381,-0.84137,-10.993938,112.972031,-1.6993,0.329287,0.192057,-0.545796,-0.746184,3.697427,134.997513,-3.398036,-0.009537,0.962351,0.170647,0.211352,-1.184965,127.637436,30.101162,0.356425,0.882736,0.163459,-0.258881,14.736674,126.697006,37.271656,5.2e-05,0.207633,0.472534,-0.856505,29.930237,113.173508,23.029495,-0.006076,-0.033751,0.680881,-0.731591,18.501831,132.973312,14.327296,0.061102,0.918832,0.213177,0.326451,-7.417237,84.715469,14.254938,0.110795,0.980276,-0.024322,0.161836,-6.442408,52.038097,-1.388612,-0.041888,0.949745,0.063235,0.303698,-17.148855,5.697555,-0.8262,-0.103447,0.937152,0.020747,0.332587,7.492549,85.09874,25.633848,0.046833,0.895374,-0.202858,0.393652,15.019709,49.663624,26.718384,-0.037487,0.88955,0.05189,0.452331,3.434047,6.222376,42.243237,-0.041888,0.949745,0.063235,0.303698,-8.387655,1.718748,-12.765315,-0.037487,0.88955,0.05189,0.452331,15.394703,1.951461,33.650562
527,4.391667,-0.02773,0.945985,0.050085,0.319117,0.047493,84.909073,19.940439,-0.037149,0.964306,0.105082,0.240189,-0.601897,92.550148,20.533157,-0.005243,0.969856,0.123387,0.210065,-3.181396,113.147148,24.436886,0.123181,0.985116,-0.032003,0.115538,-4.480744,133.462112,29.405773,0.180465,0.9668,-0.180885,0.003412,-0.432475,147.358246,27.080833,-0.007289,0.919033,0.098609,0.381577,-7.961951,127.949593,27.048025,0.4231,-0.542328,0.131676,-0.713812,-20.354906,129.031296,14.758054,0.262785,0.105594,-0.460339,-0.841357,-10.991629,112.968208,-1.700203,0.329436,0.191916,-0.545965,-0.746031,3.701955,134.990356,-3.405171,-0.009683,0.962356,0.170612,0.21135,-1.174474,127.639389,30.091208,0.356339,0.882762,0.163566,-0.258844,14.747098,126.704155,37.262524,0.00046,0.207342,0.472315,-0.856696,29.944633,113.185059,23.020426,-0.005741,-0.033917,0.681151,-0.731335,18.499569,132.977051,14.31857,0.061148,0.918856,0.213014,0.326481,-7.407542,84.716805,14.251195,0.110616,0.980418,-0.024267,0.16111,-6.439198,52.034805,-1.383097,-0.041708,0.949924,0.063465,0.303111,-17.127831,5.690217,-0.815146,-0.103399,0.937225,0.020534,0.332411,7.502528,85.101334,25.629681,0.046915,0.89544,-0.202796,0.393522,15.021581,49.664871,26.726067,-0.037034,0.889514,0.05204,0.452421,3.433503,6.221956,42.244446,-0.041708,0.949924,0.063465,0.303111,-8.382316,1.715811,-12.767217,-0.037034,0.889514,0.05204,0.452421,15.39241,1.948839,33.65044
528,4.4,-0.027735,0.946001,0.04994,0.319091,0.057244,84.911514,19.939583,-0.037029,0.964335,0.105038,0.240112,-0.591499,92.552811,20.530193,-0.005511,0.969878,0.123278,0.21002,-3.164848,113.146568,24.432846,0.12327,0.985107,-0.031964,0.115534,-4.473898,133.46254,29.395103,0.180307,0.966807,-0.181002,0.003312,-0.423277,147.3582,27.07156,-0.007409,0.91896,0.098854,0.381688,-7.952499,127.947556,27.039263,0.423053,-0.542441,0.131824,-0.713727,-20.342428,129.029068,14.746228,0.262761,0.105689,-0.460357,-0.841343,-10.987177,112.960182,-1.710945,0.32964,0.191811,-0.546027,-0.745923,3.705751,134.98587,-3.411556,-0.009853,0.962404,0.170473,0.211234,-1.164789,127.641632,30.082357,0.356207,0.882832,0.163547,-0.2588,14.758375,126.713852,37.251099,0.000585,0.207241,0.472077,-0.856851,29.961733,113.198708,23.011456,-0.005627,-0.033967,0.680904,-0.731563,18.503696,132.983032,14.30943,0.061088,0.918898,0.21299,0.326388,-7.398102,84.718254,14.250782,0.110939,0.980261,-0.024264,0.161839,-6.427979,52.034973,-1.380707,-0.041696,0.949754,0.063317,0.303676,-17.146784,5.697194,-0.825992,-0.103371,0.937327,0.020392,0.33214,7.51259,85.104767,25.628386,0.047016,0.895515,-0.202772,0.393354,15.026656,49.667454,26.731556,-0.037439,0.889584,0.051911,0.452265,3.433833,6.224501,42.246288,-0.041696,0.949754,0.063317,0.303676,-8.387767,1.71885,-12.766857,-0.037439,0.889584,0.051911,0.452265,15.392897,1.95347,33.651466
529,4.408333,-0.027777,0.946007,0.049938,0.31907,0.069839,84.914764,19.936281,-0.037073,0.96435,0.10492,0.240096,-0.579493,92.556023,20.526663,-0.005591,0.969879,0.123301,0.210002,-3.153341,113.15023,24.424088,0.12309,0.985129,-0.032121,0.11549,-4.465726,133.465927,29.386551,0.180313,0.966797,-0.181054,0.00331,-0.419874,147.362106,27.057743,-0.007386,0.919046,0.098845,0.381484,-7.943439,127.950378,27.030716,0.423138,-0.542492,0.131865,-0.713631,-20.338827,129.031784,14.743174,0.262878,0.105666,-0.460319,-0.84133,-10.98683,112.958717,-1.711768,0.329736,0.191794,-0.546006,-0.7459,3.707754,134.982117,-3.415779,-0.009987,0.962418,0.170602,0.211061,-1.155627,127.645576,30.073696,0.356126,0.882858,0.163562,-0.258811,14.770009,126.722397,37.237541,0.00064,0.207026,0.471902,-0.857,29.97595,113.210609,22.997492,-0.005493,-0.033972,0.680759,-0.731698,18.505278,132.990723,14.30154,0.061132,0.918933,0.2129,0.32634,-7.385714,84.720718,14.247778,0.111021,0.980238,-0.024291,0.161918,-6.421526,52.035053,-1.379088,-0.041574,0.949747,0.063316,0.303716,-17.148304,5.699119,-0.824076,-0.103306,0.937412,0.02019,0.331933,7.525391,85.108803,25.624784,0.047157,0.895642,-0.202805,0.393028,15.030548,49.66993,26.738485,-0.037109,0.889602,0.051976,0.452249,3.4301,6.229523,42.254646,-0.041574,0.949747,0.063316,0.303716,-8.389458,1.719634,-12.764687,-0.037109,0.889602,0.051976,0.452249,15.386182,1.955721,33.657055
530,4.416667,-0.027818,0.94603,0.049756,0.319026,0.079424,84.91597,19.934963,-0.037084,0.964383,0.104837,0.24,-0.569581,92.55748,20.522533,-0.005599,0.969902,0.123313,0.209888,-3.142411,113.150452,24.416363,0.123003,0.985157,-0.032127,0.115347,-4.454672,133.466019,29.379421,0.180188,0.9668,-0.181165,0.003133,-0.411854,147.362885,27.049469,-0.007431,0.919125,0.09888,0.381283,-7.932651,127.950333,27.024302,0.42316,-0.542641,0.131755,-0.713525,-20.333397,129.030045,14.742008,0.26295,0.10569,-0.460204,-0.841368,-10.98798,112.957886,-1.717551,0.329815,0.191808,-0.545941,-0.745909,3.711694,134.97731,-3.420377,-0.010096,0.962445,0.170585,0.210946,-1.144125,127.645813,30.065727,0.355977,0.882898,0.16324,-0.259083,14.783133,126.727119,37.226563,0.000608,0.206857,0.47174,-0.85713,29.987341,113.219215,22.980951,-0.005321,-0.034212,0.680493,-0.731937,18.504982,132.997192,14.290947,0.061169,0.918951,0.212872,0.326303,-7.376609,84.72007,14.247148,0.111096,0.980205,-0.02431,0.162063,-6.416219,52.033852,-1.378822,-0.041797,0.949749,0.063297,0.303684,-17.150253,5.699587,-0.824784,-0.103262,0.9374,0.020033,0.331991,7.535457,85.111877,25.62278,0.047249,0.895676,-0.202749,0.39297,15.033835,49.671883,26.746529,-0.037454,0.889628,0.051949,0.452173,3.428617,6.230152,42.255421,-0.041797,0.949749,0.063297,0.303684,-8.390129,1.721663,-12.764989,-0.037454,0.889628,0.051949,0.452173,15.386209,1.960292,33.657955
531,4.425,-0.027798,0.946047,0.049593,0.319003,0.089021,84.915047,19.931934,-0.037144,0.964406,0.104744,0.239938,-0.558885,92.556824,20.517258,-0.005593,0.969919,0.123324,0.209801,-3.133313,113.153122,24.407413,0.122855,0.98519,-0.032152,0.115208,-4.444975,133.468582,29.371065,0.180143,0.966787,-0.181278,0.002972,-0.406799,147.366486,27.039265,-0.007563,0.919184,0.098895,0.381133,-7.923295,127.952896,27.016464,0.423193,-0.542738,0.131702,-0.713441,-20.327955,129.028015,14.737725,0.262981,0.105732,-0.460117,-0.8414,-10.987093,112.95533,-1.723918,0.329807,0.191814,-0.545818,-0.746001,3.716465,134.972565,-3.424215,-0.010278,0.96248,0.170634,0.210737,-1.134226,127.648415,30.056679,0.355896,0.882931,0.162978,-0.259246,14.795979,126.736763,37.211842,0.000599,0.206672,0.471567,-0.85727,29.998871,113.229774,22.96397,-0.005212,-0.034369,0.680194,-0.732207,18.50403,133.005066,14.279987,0.061252,0.918981,0.212802,0.326247,-7.367311,84.718491,14.244538,0.111073,0.980015,-0.024477,0.163201,-6.415114,52.030872,-1.378983,-0.041802,0.949761,0.063358,0.303633,-17.150204,5.696896,-0.82144,-0.10317,0.937462,0.019869,0.331853,7.545353,85.111603,25.619331,0.04729,0.895698,-0.202698,0.39294,15.033793,49.669765,26.750881,-0.037014,0.889596,0.052143,0.452251,3.427473,6.226439,42.254459,-0.041802,0.949761,0.063358,0.303633,-8.391175,1.720685,-12.76301,-0.037014,0.889596,0.052143,0.452251,15.383368,1.955722,33.655075
532,4.433333,-0.027806,0.946057,0.049409,0.319002,0.099291,84.913597,19.92985,-0.037112,0.964435,0.104721,0.239838,-0.547836,92.555649,20.512455,-0.005731,0.96996,0.123176,0.209698,-3.12023,113.15126,24.402107,0.122798,0.985208,-0.032117,0.115125,-4.435674,133.46817,29.358784,0.179995,0.966796,-0.18138,0.002842,-0.399546,147.366745,27.027416,-0.00749,0.91927,0.098882,0.380932,-7.91315,127.950859,27.006779,0.423134,-0.542813,0.131742,-0.713412,-20.323225,129.027435,14.733643,0.262925,0.105699,-0.460033,-0.841467,-10.986944,112.953522,-1.729398,0.329665,0.191879,-0.545585,-0.746218,3.720456,134.966995,-3.42819,-0.010371,0.962521,0.170549,0.210618,-1.123457,127.649017,30.04586,0.355653,0.883001,0.16278,-0.259465,14.808442,126.741859,37.197826,0.000617,0.206476,0.47135,-0.857436,30.014259,113.243523,22.944887,-0.004955,-0.034702,0.679846,-0.732517,18.505135,133.013885,14.266803,0.061324,0.918989,0.212748,0.326247,-7.357045,84.715782,14.242503,0.111118,0.980058,-0.024426,0.162917,-6.410922,52.027142,-1.37925,-0.041806,0.949766,0.063321,0.303625,-17.149235,5.693886,-0.824047,-0.103014,0.937472,0.019734,0.331882,7.555627,85.111412,25.617197,0.047253,0.895695,-0.202561,0.393022,15.030334,49.666847,26.75432,-0.03752,0.889568,0.052116,0.452266,3.430712,6.217915,42.2472,-0.041806,0.949766,0.063321,0.303625,-8.390443,1.716684,-12.765461,-0.03752,0.889568,0.052116,0.452266,15.39126,1.953366,33.651222
533,4.441667,-0.027793,0.946071,0.049221,0.31899,0.107528,84.912659,19.92799,-0.037106,0.964466,0.104623,0.239757,-0.538483,92.555,20.507938,-0.005737,0.969986,0.123145,0.209594,-3.109419,113.152107,24.394012,0.122597,0.985254,-0.032114,0.114953,-4.424311,133.469345,29.349535,0.179921,0.966796,-0.18146,0.002636,-0.394553,147.369537,27.016783,-0.007602,0.919346,0.098863,0.380752,-7.902148,127.951767,26.998646,0.423119,-0.542931,0.13163,-0.713352,-20.316957,129.023849,14.729897,0.262905,0.10577,-0.459947,-0.841512,-10.985538,112.952232,-1.738142,0.329627,0.19194,-0.545467,-0.746305,3.72505,134.963501,-3.431834,-0.010532,0.962551,0.170657,0.210384,-1.111811,127.650307,30.036327,0.35545,0.883041,0.162645,-0.259695,14.823416,126.749168,37.181637,0.000545,0.206214,0.471052,-0.857663,30.030495,113.259171,22.922134,-0.00501,-0.034871,0.679587,-0.732748,18.502718,133.022339,14.254695,0.061384,0.918987,0.212711,0.326265,-7.348969,84.713928,14.240883,0.111167,0.980023,-0.024447,0.163092,-6.407499,52.024673,-1.379855,-0.041926,0.949758,0.063297,0.303639,-17.150778,5.692559,-0.825392,-0.102949,0.937464,0.019588,0.331933,7.564024,85.111389,25.615099,0.047368,0.895736,-0.202457,0.39297,15.030829,49.66544,26.760977,-0.037068,0.889472,0.052331,0.452467,3.426149,6.213522,42.241692,-0.041926,0.949758,0.063297,0.303639,-8.390556,1.715832,-12.765919,-0.037068,0.889472,0.052331,0.452467,15.387316,1.94851,33.646801
534,4.45,-0.027782,0.946091,0.049082,0.318952,0.118099,84.914085,19.925417,-0.037143,0.964503,0.104488,0.239661,-0.527059,92.556648,20.503435,-0.005809,0.970009,0.123166,0.209475,-3.09783,113.15551,24.384117,0.122585,0.98527,-0.032171,0.114813,-4.415201,133.472504,29.339975,0.179757,0.966813,-0.181536,0.002447,-0.386204,147.372528,27.004925,-0.007619,0.919404,0.098873,0.380609,-7.892589,127.954315,26.989847,0.423191,-0.543026,0.13154,-0.713253,-20.311192,129.025467,14.724859,0.26298,0.105823,-0.459828,-0.841547,-10.983737,112.95372,-1.745301,0.329579,0.192013,-0.545374,-0.746375,3.731719,134.961258,-3.436528,-0.010613,0.962568,0.170773,0.210207,-1.101521,127.654053,30.026016,0.355107,0.883142,0.162446,-0.259943,14.836245,126.755859,37.166031,0.00032,0.206108,0.47076,-0.857849,30.049002,113.278519,22.900625,-0.004995,-0.035089,0.678934,-0.733343,18.506474,133.034592,14.241579,0.061444,0.919009,0.212711,0.326192,-7.338852,84.714676,14.238932,0.11122,0.980199,-0.024355,0.162012,-6.402601,52.025951,-1.383244,-0.04188,0.949772,0.063273,0.303604,-17.148691,5.694511,-0.826376,-0.102969,0.937567,0.019372,0.331647,7.575051,85.113503,25.6119,0.047523,0.895872,-0.202436,0.392652,15.038332,49.667229,26.770681,-0.037236,0.889538,0.052223,0.452336,3.42676,6.215909,42.24791,-0.04188,0.949772,0.063273,0.303604,-8.389793,1.716638,-12.767488,-0.037236,0.889538,0.052223,0.452336,15.386531,1.950325,33.651363
535,4.458333,-0.027755,0.946131,0.048865,0.318869,0.126784,84.919807,19.922367,-0.037001,0.964553,0.104474,0.239486,-0.516861,92.562714,20.497419,-0.006043,0.970047,0.123124,0.209315,-3.080054,113.154327,24.37797,0.122558,0.985294,-0.032104,0.114651,-4.40576,133.471634,29.330334,0.179551,0.966844,-0.181576,0.002198,-0.378362,147.372299,26.996347,-0.007633,0.919448,0.098656,0.380557,-7.881151,127.951347,26.982185,0.423064,-0.543148,0.131424,-0.713256,-20.301125,129.018982,14.718284,0.262802,0.10598,-0.459831,-0.841581,-10.978757,112.952209,-1.759599,0.329569,0.19205,-0.545191,-0.746504,3.735091,134.962219,-3.439355,-0.010802,0.962593,0.170837,0.210029,-1.089131,127.654884,30.01659,0.354824,0.883214,0.16198,-0.260375,14.851111,126.763641,37.151943,1.3e-05,0.206008,0.470498,-0.858016,30.062679,113.294922,22.877138,-0.005109,-0.035267,0.678529,-0.733708,18.505318,133.048279,14.227072,0.061502,0.919012,0.21263,0.326226,-7.33119,84.719482,14.237256,0.111251,0.980192,-0.024347,0.162033,-6.400162,52.028786,-1.38111,-0.041713,0.949785,0.063287,0.303583,-17.149006,5.697971,-0.825714,-0.102895,0.937556,0.019207,0.331712,7.584759,85.120132,25.607479,0.047539,0.895828,-0.202367,0.392784,15.039039,49.672291,26.776224,-0.037624,0.889518,0.052172,0.452349,3.426291,6.218445,42.245487,-0.041713,0.949785,0.063287,0.303583,-8.392184,1.718887,-12.767943,-0.037624,0.889518,0.052172,0.452349,15.389535,1.956794,33.651825
536,4.466667,-0.027777,0.946149,0.048743,0.318834,0.138889,84.92173,19.919359,-0.037061,0.964586,0.104395,0.23938,-0.504456,92.564812,20.492556,-0.006049,0.970072,0.123161,0.209175,-3.068878,113.156906,24.369591,0.122422,0.985331,-0.032155,0.114464,-4.394433,133.473816,29.323574,0.179421,0.966859,-0.181627,0.001996,-0.3715,147.375305,26.986811,-0.007764,0.919497,0.098581,0.380456,-7.870147,127.953468,26.97607,0.422945,-0.543269,0.131286,-0.71326,-20.292727,129.015533,14.714328,0.262759,0.106054,-0.45977,-0.841618,-10.975056,112.954269,-1.771586,0.329671,0.192138,-0.545161,-0.746457,3.741346,134.963928,-3.445996,-0.010952,0.962621,0.170947,0.209806,-1.077253,127.657234,30.008537,0.354589,0.883214,0.162179,-0.26057,14.866132,126.771568,37.137547,0.000119,0.205658,0.470284,-0.858218,30.080929,113.317284,22.852577,-0.004867,-0.035586,0.678238,-0.733964,18.506762,133.065002,14.212836,0.061591,0.919056,0.212568,0.326126,-7.319481,84.720245,14.234813,0.11128,0.980192,-0.024367,0.162006,-6.397572,52.028431,-1.381737,-0.041696,0.949774,0.063332,0.303611,-17.149357,5.698314,-0.824657,-0.102873,0.937651,0.01896,0.331463,7.59726,85.123215,25.603909,0.047715,0.896001,-0.202321,0.392392,15.04452,49.674374,26.786896,-0.03731,0.889546,0.052232,0.452314,3.425272,6.220365,42.250793,-0.041696,0.949774,0.063332,0.303611,-8.391918,1.720361,-12.766811,-0.03731,0.889546,0.052232,0.452314,15.385297,1.956007,33.654003
537,4.475,-0.027814,0.946179,0.048576,0.318767,0.148376,84.923157,19.915367,-0.036997,0.964629,0.104327,0.239244,-0.49465,92.566452,20.486008,-0.006166,0.970107,0.123115,0.209039,-3.054982,113.157341,24.360943,0.122334,0.985351,-0.032192,0.114374,-4.38421,133.47467,29.312212,0.179195,0.966897,-0.181648,0.001929,-0.364029,147.376663,26.973707,-0.00775,0.919463,0.098653,0.380521,-7.859176,127.953133,26.966396,0.422836,-0.543394,0.131339,-0.71322,-20.280045,129.01683,14.703064,0.262667,0.106158,-0.459733,-0.841654,-10.969827,112.954285,-1.785803,0.329702,0.192176,-0.545119,-0.746465,3.747806,134.965027,-3.452672,-0.011242,0.962644,0.171265,0.209424,-1.065456,127.659012,29.997217,0.354334,0.8833,0.161898,-0.260804,14.88332,126.783096,37.115372,-2e-06,0.205416,0.469933,-0.858468,30.101061,113.336739,22.826067,-0.004912,-0.035758,0.677994,-0.734181,18.505066,133.077988,14.196195,0.061651,0.919043,0.212529,0.326177,-7.310764,84.719948,14.231889,0.111322,0.980177,-0.02441,0.162066,-6.392988,52.027451,-1.383485,-0.041853,0.949781,0.063316,0.303573,-17.149336,5.698433,-0.823675,-0.102775,0.937693,0.018776,0.331385,7.607515,85.126373,25.598848,0.047769,0.896087,-0.202289,0.392206,15.0439,49.675568,26.791351,-0.037136,0.889583,0.052262,0.452253,3.424478,6.220803,42.253006,-0.041853,0.949781,0.063316,0.303573,-8.391386,1.7215,-12.765795,-0.037136,0.889583,0.052262,0.452253,15.381927,1.954852,33.653416
538,4.483333,-0.027825,0.946216,0.048385,0.318684,0.160575,84.925194,19.911203,-0.037078,0.96467,0.104232,0.239106,-0.481629,92.568764,20.479069,-0.006233,0.97014,0.123122,0.208878,-3.043486,113.158012,24.349306,0.12223,0.985385,-0.032171,0.114199,-4.374658,133.475235,29.300505,0.179067,0.966913,-0.18169,0.001736,-0.358167,147.378204,26.961443,-0.007872,0.919492,0.098702,0.380434,-7.849406,127.953049,26.955902,0.422806,-0.543448,0.131235,-0.713216,-20.272524,129.013184,14.694542,0.262623,0.106205,-0.459721,-0.841669,-10.963891,112.953995,-1.798497,0.3297,0.192196,-0.545085,-0.746486,3.754076,134.965286,-3.461967,-0.011557,0.962711,0.171281,0.209086,-1.054694,127.660156,29.984621,0.354113,0.883322,0.162374,-0.260732,14.898777,126.796768,37.093769,0.000394,0.205039,0.469548,-0.858768,30.126137,113.365318,22.800713,-0.004773,-0.035995,0.677885,-0.73427,18.506586,133.090515,14.175781,0.0617,0.919096,0.21247,0.326055,-7.299543,84.720543,14.229062,0.111349,0.980176,-0.024406,0.162052,-6.388516,52.026665,-1.383808,-0.0417,0.949782,0.063314,0.30359,-17.147324,5.69821,-0.824635,-0.1026,0.937763,0.018552,0.331254,7.620693,85.129837,25.593344,0.047792,0.89614,-0.202205,0.392125,15.040133,49.675819,26.79578,-0.037188,0.889542,0.052273,0.452326,3.423159,6.218031,42.250771,-0.0417,0.949782,0.063314,0.30359,-8.390388,1.719783,-12.766997,-0.037188,0.889542,0.052273,0.452326,15.382502,1.953113,33.653305
539,4.491667,-0.027789,0.946281,0.048234,0.318517,0.171233,84.924057,19.905111,-0.037103,0.964711,0.104183,0.23896,-0.469622,92.567886,20.471079,-0.006319,0.970176,0.12306,0.208746,-3.031437,113.157463,24.339434,0.121885,0.985446,-0.03228,0.114007,-4.364929,133.475281,29.287582,0.179124,0.966921,-0.181592,0.001612,-0.358602,147.38031,26.943382,-0.008051,0.919433,0.09892,0.380516,-7.839294,127.952087,26.944763,0.422803,-0.543575,0.131124,-0.713141,-20.26013,129.009659,14.680862,0.262505,0.106307,-0.459721,-0.841693,-10.956863,112.952332,-1.817015,0.329561,0.192234,-0.545105,-0.746522,3.760264,134.965378,-3.47294,-0.011737,0.962755,0.171336,0.208827,-1.043778,127.660881,29.971842,0.353969,0.883257,0.163088,-0.260703,14.913322,126.804733,37.073727,0.000786,0.204591,0.469363,-0.858976,30.146521,113.389763,22.771408,-0.004535,-0.036272,0.677939,-0.734209,18.510597,133.106171,14.155043,0.061726,0.919137,0.212428,0.325963,-7.290915,84.718964,14.22565,0.111386,0.980195,-0.024429,0.161909,-6.384227,52.024036,-1.385288,-0.041594,0.949796,0.063408,0.303542,-17.146696,5.696469,-0.823018,-0.102425,0.937791,0.018311,0.331242,7.63338,85.129158,25.584572,0.047735,0.89612,-0.202114,0.392224,15.035337,49.671902,26.799097,-0.037337,0.889544,0.052337,0.452304,3.424756,6.21011,42.247646,-0.041594,0.949796,0.063408,0.303542,-8.391768,1.719648,-12.767392,-0.037337,0.889544,0.052337,0.452304,15.385217,1.948876,33.649902
540,4.5,-0.027793,0.946338,0.047994,0.318384,0.181975,84.925819,19.899723,-0.037107,0.964744,0.104154,0.23884,-0.457681,92.569992,20.462282,-0.006377,0.970207,0.122983,0.208645,-3.018461,113.156303,24.329124,0.121842,0.985455,-0.032291,0.113978,-4.35311,133.474884,29.273827,0.17876,0.966973,-0.181677,0.00159,-0.3481,147.380203,26.929018,-0.007983,0.919642,0.09879,0.380047,-7.827356,127.950905,26.932686,0.422859,-0.543582,0.130791,-0.713164,-20.260723,129.007263,14.681381,0.262558,0.106231,-0.459656,-0.841721,-10.953526,112.95993,-1.824006,0.329492,0.19227,-0.54505,-0.746584,3.766508,134.968384,-3.483442,-0.012062,0.962813,0.171339,0.208538,-1.03122,127.660965,29.958498,0.353827,0.883273,0.163048,-0.260864,14.92984,126.817474,37.053005,0.00085,0.20439,0.469074,-0.859182,30.163864,113.409248,22.745237,-0.004692,-0.036369,0.677968,-0.734177,18.509895,133.11879,14.133265,0.061731,0.91918,0.212398,0.325859,-7.281766,84.71907,14.22241,0.111408,0.980209,-0.024459,0.161805,-6.377929,52.023254,-1.386829,-0.041601,0.949834,0.063402,0.303421,-17.142776,5.696285,-0.820949,-0.102313,0.937883,0.018053,0.33103,7.645715,85.132561,25.577036,0.047782,0.896206,-0.20204,0.39206,15.034244,49.672951,26.804724,-0.037351,0.889536,0.052384,0.452313,3.42522,6.208735,42.247627,-0.041601,0.949834,0.063402,0.303421,-8.39075,1.719289,-12.767395,-0.037351,0.889536,0.052384,0.452313,15.386163,1.948918,33.649845
541,4.508333,-0.027879,0.946416,0.047782,0.318177,0.197458,84.930885,19.893213,-0.037113,0.964798,0.104091,0.238646,-0.442291,92.575302,20.452408,-0.006559,0.970238,0.123017,0.208474,-3.001148,113.15625,24.316029,0.121739,0.985481,-0.032374,0.113838,-4.342622,133.47438,29.260704,0.178592,0.967017,-0.181608,0.001492,-0.34085,147.380066,26.912567,-0.008015,0.919678,0.098932,0.379922,-7.81531,127.948936,26.920721,0.422703,-0.543645,0.130731,-0.713219,-20.251965,129.005692,14.672788,0.262413,0.106254,-0.459672,-0.841755,-10.947367,112.963013,-1.838578,0.329462,0.19235,-0.544995,-0.746617,3.771795,134.972733,-3.493504,-0.012154,0.962874,0.17133,0.208261,-1.018151,127.661835,29.944504,0.353519,0.88333,0.163065,-0.261078,14.946869,126.823212,37.030666,0.000858,0.204081,0.468799,-0.859405,30.186153,113.429405,22.714987,-0.004511,-0.036514,0.678155,-0.733998,18.512136,133.134598,14.112685,0.061861,0.919142,0.212321,0.325994,-7.268662,84.721115,14.219139,0.111438,0.980176,-0.024508,0.161975,-6.372995,52.02412,-1.388085,-0.041773,0.949825,0.06336,0.303435,-17.141464,5.698019,-0.819941,-0.102233,0.938007,0.017637,0.330727,7.663577,85.140648,25.567287,0.047951,0.896318,-0.20189,0.391861,15.037251,49.678783,26.818878,-0.037769,0.889525,0.052273,0.452312,3.4227,6.210339,42.245708,-0.041773,0.949825,0.06336,0.303435,-8.387561,1.721472,-12.765162,-0.037769,0.889525,0.052273,0.452312,15.386896,1.953288,33.651085
542,4.516667,-0.027923,0.946493,0.047622,0.317967,0.20942,84.934601,19.885241,-0.037128,0.964858,0.103975,0.238455,-0.430064,92.579224,20.442026,-0.006681,0.97027,0.123063,0.208294,-2.987478,113.159958,24.301142,0.121606,0.98551,-0.032439,0.113706,-4.333393,133.477539,29.246866,0.178444,0.967046,-0.181596,0.001433,-0.335726,147.383926,26.895847,-0.008348,0.919582,0.099214,0.380073,-7.805203,127.951118,26.907879,0.422407,-0.543752,0.13077,-0.713306,-20.237661,129.00145,14.655137,0.262048,0.106395,-0.459717,-0.841826,-10.939362,112.962555,-1.86345,0.329331,0.192353,-0.544887,-0.746752,3.776996,134.977386,-3.503482,-0.012204,0.962917,0.171303,0.208081,-1.006953,127.665962,29.929388,0.353233,0.883428,0.162672,-0.26138,14.960641,126.830292,37.010098,0.000722,0.204018,0.468642,-0.859507,30.202139,113.444687,22.689106,-0.004287,-0.036716,0.678113,-0.734028,18.519093,133.147842,14.091189,0.061893,0.919148,0.212294,0.325988,-7.259159,84.72287,14.214481,0.111466,0.980194,-0.024586,0.161835,-6.366376,52.025311,-1.391737,-0.041611,0.949868,0.063425,0.303308,-17.138496,5.700162,-0.815234,-0.102158,0.938102,0.017284,0.330501,7.677999,85.146339,25.555998,0.048052,0.896462,-0.201872,0.391529,15.03853,49.682468,26.828045,-0.037226,0.889568,0.052445,0.452253,3.421797,6.214246,42.253857,-0.041611,0.949868,0.063425,0.303308,-8.389118,1.723848,-12.763843,-0.037226,0.889568,0.052445,0.452253,15.380709,1.954308,33.65332
543,4.525,-0.027967,0.94655,0.047433,0.317823,0.220645,84.937325,19.87854,-0.037173,0.964917,0.103866,0.238256,-0.418474,92.582176,20.432474,-0.006647,0.970326,0.123002,0.208071,-2.975483,113.160851,24.286728,0.121416,0.985546,-0.032466,0.113594,-4.318337,133.47908,29.2306,0.178181,0.967084,-0.181653,0.001457,-0.326404,147.386795,26.877663,-0.00829,0.919684,0.099095,0.379858,-7.791442,127.952515,26.893898,0.422275,-0.543854,0.13071,-0.713317,-20.229626,129.00238,14.646938,0.261915,0.106347,-0.459697,-0.841884,-10.936075,112.96698,-1.87771,0.329231,0.192403,-0.544888,-0.746783,3.78191,134.98111,-3.516087,-0.012304,0.962969,0.171204,0.207916,-0.991799,127.667473,29.912281,0.352977,0.883477,0.162517,-0.261658,14.978105,126.836906,36.988373,0.000602,0.203897,0.468371,-0.859683,30.22135,113.461899,22.659353,-0.004363,-0.036717,0.678019,-0.734114,18.523542,133.158859,14.067536,0.061891,0.919212,0.212269,0.325825,-7.249608,84.723526,14.21007,0.111487,0.980025,-0.024793,0.162807,-6.360097,52.025169,-1.394667,-0.041708,0.949882,0.063443,0.30325,-17.137939,5.701452,-0.809943,-0.102194,0.938308,0.016767,0.329928,7.690898,85.151115,25.547012,0.04834,0.896695,-0.20167,0.391063,15.042341,49.686508,26.850584,-0.037461,0.889555,0.052416,0.452262,3.416421,6.213185,42.255074,-0.041708,0.949882,0.063443,0.30325,-8.389052,1.726529,-12.759371,-0.037461,0.889555,0.052416,0.452262,15.377469,1.955678,33.656307
544,4.533333,-0.027969,0.94663,0.047164,0.317623,0.23213,84.939674,19.870905,-0.037291,0.964972,0.103782,0.238051,-0.405602,92.584923,20.421053,-0.0067,0.970375,0.122976,0.207857,-2.965536,113.162209,24.270929,0.121319,0.985576,-0.032509,0.113427,-4.309226,133.480682,29.21361,0.178039,0.967108,-0.181668,0.001347,-0.320587,147.388931,26.85836,-0.008182,0.91988,0.098918,0.379433,-7.782522,127.953407,26.878855,0.422321,-0.543869,0.130403,-0.713335,-20.23208,129.002838,14.643413,0.261951,0.106262,-0.459613,-0.84193,-10.935346,112.976646,-1.888373,0.329079,0.192475,-0.544872,-0.746844,3.786058,134.984726,-3.529763,-0.012393,0.963021,0.171172,0.207695,-0.981563,127.669609,29.89439,0.352742,0.88356,0.162094,-0.261954,14.991488,126.843643,36.963921,0.000509,0.203804,0.468238,-0.859777,30.235273,113.47438,22.630104,-0.004153,-0.036966,0.678137,-0.733994,18.528923,133.169861,14.04295,0.061901,0.919207,0.212322,0.325802,-7.240498,84.724014,14.205631,0.111576,0.980185,-0.02476,0.161785,-6.350738,52.027382,-1.402695,-0.041576,0.949894,0.063397,0.30324,-17.135578,5.70538,-0.811192,-0.102089,0.938445,0.016336,0.329593,7.704757,85.155334,25.536179,0.048387,0.896767,-0.201515,0.390973,15.039337,49.688133,26.863857,-0.037537,0.889556,0.052494,0.452245,3.416619,6.209287,42.255165,-0.041576,0.949894,0.063397,0.30324,-8.388266,1.727885,-12.76092,-0.037537,0.889556,0.052494,0.452245,15.378314,1.954878,33.655758
545,4.541667,-0.027924,0.946709,0.046822,0.317442,0.239732,84.940437,19.862377,-0.037269,0.965036,0.103677,0.237841,-0.395578,92.586212,20.407904,-0.006796,0.970422,0.12295,0.20765,-2.952291,113.160515,24.253614,0.121217,0.985599,-0.032529,0.113326,-4.298615,133.479202,29.19471,0.177821,0.967138,-0.181721,0.001335,-0.313214,147.388153,26.838081,-0.008558,0.919961,0.098947,0.37922,-7.771587,127.950897,26.86191,0.422147,-0.543938,0.13013,-0.713435,-20.226574,128.987885,14.63093,0.261707,0.10633,-0.459673,-0.841965,-10.930053,112.973953,-1.912858,0.328969,0.192571,-0.544813,-0.74691,3.788128,134.985779,-3.545939,-0.012562,0.963068,0.17121,0.207436,-0.969367,127.668938,29.874775,0.35261,0.883611,0.161901,-0.262082,15.007289,126.849937,36.93697,0.000459,0.203713,0.468149,-0.859847,30.252394,113.484108,22.601355,-0.004019,-0.03719,0.678,-0.73411,18.539978,133.178223,14.018333,0.061874,0.919195,0.212371,0.325807,-7.235106,84.723343,14.200073,0.111637,0.98018,-0.02486,0.161762,-6.342269,52.027977,-1.410747,-0.041446,0.949905,0.063371,0.303226,-17.134254,5.70775,-0.810566,-0.101999,0.938525,0.015935,0.329414,7.714571,85.157539,25.524681,0.04846,0.896916,-0.201346,0.390709,15.033854,49.688072,26.876074,-0.037527,0.889547,0.052612,0.45225,3.415557,6.203434,42.25436,-0.041446,0.949905,0.063371,0.303226,-8.388545,1.728315,-12.760824,-0.037527,0.889547,0.052612,0.45225,15.377681,1.951962,33.654099
546,4.55,-0.027962,0.946786,0.046455,0.317265,0.251057,84.941933,19.854687,-0.037306,0.965127,0.10345,0.237565,-0.382912,92.588196,20.394815,-0.006716,0.970488,0.122985,0.207321,-2.936987,113.158035,24.230562,0.120955,0.985674,-0.03241,0.112988,-4.278669,133.47641,29.174191,0.177709,0.967158,-0.181723,0.001055,-0.302346,147.388123,26.818544,-0.008646,0.920111,0.098923,0.378861,-7.753582,127.948509,26.843334,0.421923,-0.544092,0.129992,-0.713476,-20.218021,128.981064,14.62161,0.261465,0.106299,-0.459689,-0.842035,-10.928017,112.974586,-1.933055,0.328843,0.192689,-0.544736,-0.746991,3.789593,134.986908,-3.561441,-0.012829,0.96308,0.171386,0.20722,-0.949315,127.665901,29.851511,0.352471,0.883625,0.161673,-0.26236,15.030246,126.855934,36.90818,0.000375,0.203427,0.467937,-0.86003,30.272966,113.495216,22.565268,-0.004001,-0.037318,0.677995,-0.734108,18.544203,133.187027,13.993746,0.061897,0.919182,0.212464,0.325778,-7.225845,84.721786,14.195226,0.111659,0.9802,-0.025002,0.1616,-6.332752,52.029514,-1.422045,-0.041327,0.949954,0.06337,0.30309,-17.128859,5.710438,-0.807245,-0.101886,0.938665,0.015526,0.32907,7.727959,85.162071,25.514149,0.048517,0.897028,-0.201202,0.390519,15.030406,49.689995,26.888006,-0.037457,0.889552,0.052664,0.452239,3.415697,6.200358,42.254864,-0.041327,0.949954,0.06337,0.30309,-8.387617,1.729742,-12.760351,-0.037457,0.889552,0.052664,0.452239,15.377209,1.949307,33.653538
547,4.558333,-0.028072,0.946868,0.046186,0.317049,0.26435,84.945518,19.843824,-0.037385,0.965186,0.103359,0.237351,-0.369799,92.592072,20.379637,-0.006814,0.970536,0.122949,0.207115,-2.924912,113.158951,24.210857,0.120841,0.985712,-0.032361,0.112797,-4.269247,133.477646,29.152473,0.177647,0.967175,-0.181698,0.000882,-0.297069,147.390564,26.796967,-0.0087,0.920182,0.098975,0.378674,-7.743826,127.948669,26.823681,0.421609,-0.544168,0.130086,-0.713586,-20.213205,128.979477,14.606852,0.261183,0.106251,-0.459728,-0.842107,-10.928548,112.975845,-1.953563,0.328737,0.19278,-0.544604,-0.747111,3.788064,134.989899,-3.577356,-0.012833,0.963147,0.171463,0.206843,-0.938308,127.667976,29.829206,0.352217,0.883734,0.161563,-0.262401,15.046707,126.859871,36.873718,0.000174,0.203289,0.467677,-0.860205,30.29722,113.507248,22.531548,-0.004106,-0.037475,0.67783,-0.734252,18.553162,133.195221,13.968224,0.061981,0.919123,0.212575,0.325859,-7.215007,84.721573,14.187757,0.111715,0.980163,-0.025225,0.161754,-6.323337,52.033447,-1.438281,-0.041257,0.949952,0.063267,0.303127,-17.128012,5.716619,-0.805252,-0.101695,0.938713,0.015036,0.329015,7.743707,85.169464,25.499889,0.048471,0.897073,-0.201051,0.390499,15.021745,49.693481,26.902071,-0.037579,0.889589,0.052715,0.452151,3.416698,6.197638,42.258675,-0.041257,0.949952,0.063267,0.303127,-8.386736,1.732387,-12.757155,-0.037579,0.889589,0.052715,0.452151,15.377787,1.94955,33.655296
548,4.566667,-0.028159,0.946946,0.045974,0.31684,0.277593,84.948471,19.828989,-0.037424,0.965244,0.103248,0.237158,-0.356671,92.595253,20.361441,-0.006913,0.970569,0.122996,0.20693,-2.911304,113.161217,24.187952,0.120814,0.985722,-0.032461,0.112707,-4.259122,133.47937,29.130857,0.177418,0.967213,-0.181718,0.000876,-0.287798,147.391968,26.772034,-0.00871,0.920221,0.099058,0.378557,-7.733097,127.949585,26.803055,0.421611,-0.54434,0.129967,-0.713475,-20.20557,128.980774,14.589417,0.261004,0.10626,-0.459733,-0.842158,-10.928679,112.978409,-1.976581,0.328473,0.192767,-0.54453,-0.747284,3.786705,134.991821,-3.59535,-0.012866,0.963202,0.171537,0.206524,-0.926459,127.670517,29.806196,0.351872,0.883872,0.161483,-0.262448,15.063131,126.864937,36.840611,-9e-06,0.203226,0.467373,-0.860385,30.324471,113.524391,22.49872,-0.004165,-0.037578,0.677643,-0.734419,18.564991,133.205933,13.940257,0.061998,0.919126,0.212692,0.325769,-7.204165,84.721497,14.176217,0.111748,0.980193,-0.025465,0.161509,-6.312308,52.037155,-1.457711,-0.041193,0.950007,0.063224,0.302972,-17.123524,5.722195,-0.800147,-0.101589,0.93881,0.014529,0.328793,7.75935,85.175438,25.48176,0.048567,0.897171,-0.200978,0.390299,15.01857,49.6968,26.914179,-0.037612,0.889568,0.05285,0.452173,3.411441,6.19908,42.263897,-0.041193,0.950007,0.063224,0.302972,-8.386744,1.736066,-12.754707,-0.037612,0.889568,0.05285,0.452173,15.373739,1.954984,33.660229
549,4.575,-0.028323,0.947036,0.045711,0.316592,0.293095,84.951691,19.814056,-0.037242,0.965303,0.103144,0.236989,-0.342135,92.598701,20.342051,-0.007319,0.970586,0.122956,0.20686,-2.88631,113.155151,24.164619,0.120834,0.985732,-0.032362,0.112626,-4.249918,133.473465,29.102465,0.177266,0.967258,-0.181627,0.000674,-0.278627,147.386505,26.746151,-0.008713,0.920316,0.09923,0.378281,-7.719637,127.940369,26.776207,0.421493,-0.544522,0.129718,-0.713451,-20.199413,128.972748,14.570132,0.260667,0.10628,-0.459745,-0.842254,-10.929141,112.978745,-2.007638,0.328066,0.192803,-0.544335,-0.747595,3.784957,134.992661,-3.616812,-0.013021,0.963239,0.17145,0.206411,-0.912652,127.667427,29.779121,0.351781,0.88379,0.162684,-0.262106,15.078427,126.868378,36.810898,0.00043,0.202991,0.467241,-0.860512,30.351868,113.546158,22.464857,-0.004112,-0.037677,0.677289,-0.73474,18.584078,133.216599,13.906726,0.062054,0.9191,0.212873,0.325715,-7.191433,84.719986,14.165148,0.111785,0.980168,-0.025794,0.161588,-6.299762,52.04171,-1.481466,-0.041005,0.950049,0.063214,0.302869,-17.119341,5.729121,-0.794718,-0.101397,0.938888,0.013974,0.328653,7.777622,85.183388,25.462965,0.048594,0.897278,-0.200849,0.390116,15.011035,49.700794,26.927498,-0.037657,0.889588,0.052902,0.452125,3.409416,6.19838,42.268066,-0.041005,0.950049,0.063214,0.302869,-8.386887,1.74086,-12.751722,-0.037657,0.889588,0.052902,0.452125,15.371382,1.956251,33.662971
550,4.583333,-0.028368,0.947141,0.045355,0.316325,0.307213,84.95163,19.797266,-0.037353,0.965357,0.103063,0.236789,-0.326802,92.599098,20.320047,-0.00745,0.970631,0.122874,0.206691,-2.87365,113.153854,24.138412,0.120796,0.985755,-0.032317,0.112474,-4.241017,133.472946,29.072073,0.177208,0.967269,-0.181623,0.000506,-0.271554,147.386581,26.716215,-0.008625,0.920397,0.099157,0.378104,-7.71002,127.9384,26.748158,0.421408,-0.544663,0.129716,-0.713394,-20.194523,128.972,14.547012,0.260542,0.106231,-0.459734,-0.842305,-10.931837,112.977776,-2.034797,0.327966,0.192806,-0.544238,-0.74771,3.783948,134.991913,-3.642749,-0.013133,0.963272,0.171346,0.20634,-0.902022,127.667915,29.749002,0.35174,0.883765,0.162998,-0.26205,15.089989,126.873817,36.779221,0.000566,0.202952,0.467269,-0.860505,30.36632,113.557472,22.430801,-0.003952,-0.037848,0.677007,-0.734992,18.600992,133.224396,13.872701,0.062202,0.918993,0.213052,0.325872,-7.180439,84.716728,14.152627,0.1116,0.98035,-0.026053,0.160562,-6.291482,52.045334,-1.508509,-0.040895,0.95023,0.06333,0.302292,-17.097267,5.730107,-0.783374,-0.10129,0.939039,0.013368,0.32828,7.794866,85.186523,25.441902,0.048652,0.897373,-0.200731,0.389951,15.007266,49.701149,26.942217,-0.037811,0.889633,0.052989,0.452012,3.407777,6.194744,42.273079,-0.040895,0.95023,0.06333,0.302292,-8.379828,1.743758,-12.751972,-0.037811,0.889633,0.052989,0.452012,15.369284,1.956954,33.665199
551,4.591667,-0.028484,0.947204,0.044949,0.316185,0.319545,84.950226,19.779835,-0.037422,0.965411,0.102911,0.236624,-0.31411,92.59816,20.296236,-0.007506,0.970663,0.122921,0.206515,-2.86133,113.151619,24.107769,0.120575,0.985798,-0.032464,0.112293,-4.230522,133.470184,29.043079,0.177201,0.967287,-0.181539,0.000429,-0.267625,147.38472,26.681515,-0.008804,0.920503,0.099355,0.377791,-7.699362,127.935181,26.720026,0.421463,-0.544882,0.129431,-0.713246,-20.192041,128.964508,14.526897,0.26045,0.106209,-0.459685,-0.842363,-10.937544,112.975273,-2.064286,0.327741,0.192839,-0.544174,-0.747846,3.780574,134.987335,-3.669927,-0.01321,0.963299,0.17132,0.20623,-0.890293,127.665695,29.718527,0.351608,0.883812,0.162869,-0.262149,15.103239,126.875076,36.745678,0.000442,0.203046,0.467158,-0.860544,30.381601,113.562813,22.395643,-0.00412,-0.037924,0.676734,-0.735239,18.61285,133.227509,13.835862,0.062353,0.918822,0.213305,0.326159,-7.169638,84.710709,14.137423,0.111624,0.980338,-0.02646,0.160554,-6.279518,52.04847,-1.542728,-0.040502,0.95025,0.063306,0.302286,-17.093601,5.735788,-0.77996,-0.101421,0.939135,0.013046,0.327977,7.808729,85.189743,25.422245,0.048356,0.897633,-0.200336,0.389593,15.022859,49.705685,26.945261,-0.037769,0.88977,0.05326,0.451715,3.468868,6.181493,42.259979,-0.040502,0.95025,0.063306,0.302286,-8.380075,1.745061,-12.749948,-0.037769,0.88977,0.05326,0.451715,15.425348,1.95014,33.64196
552,4.6,-0.028592,0.947273,0.04464,0.316011,0.332453,84.9478,19.755793,-0.037573,0.965465,0.102836,0.236412,-0.301185,92.596069,20.267294,-0.007534,0.970718,0.122873,0.206281,-2.852824,113.14859,24.074656,0.120494,0.985827,-0.032418,0.112138,-4.221539,133.467621,29.008146,0.177191,0.967294,-0.181508,0.000369,-0.261688,147.383087,26.64691,-0.008843,0.920566,0.099422,0.377618,-7.690967,127.932037,26.687393,0.42149,-0.545041,0.129348,-0.713124,-20.188179,128.960388,14.498832,0.26045,0.106186,-0.459693,-0.842361,-10.941212,112.970825,-2.096231,0.327804,0.192842,-0.544123,-0.747855,3.776729,134.98288,-3.703048,-0.013368,0.963331,0.171332,0.206056,-0.880469,127.663528,29.682732,0.351427,0.883927,0.162423,-0.262281,15.115407,126.879166,36.705235,0.000103,0.203222,0.466975,-0.860602,30.396669,113.568115,22.357164,-0.004409,-0.03783,0.676495,-0.735462,18.623129,133.229645,13.797227,0.062266,0.918707,0.213629,0.326288,-7.158683,84.704353,14.116146,0.111998,0.980267,-0.026883,0.160655,-6.252603,52.051353,-1.582339,-0.040362,0.950144,0.06297,0.302709,-17.107502,5.74877,-0.787095,-0.101321,0.93926,0.012367,0.327677,7.823589,85.191254,25.395441,0.048399,0.897775,-0.200153,0.389353,15.015368,49.704464,26.959955,-0.037831,0.889791,0.053413,0.451649,3.468435,6.173706,42.261333,-0.040362,0.950144,0.06297,0.302709,-8.38552,1.74748,-12.747392,-0.037831,0.889791,0.053413,0.451649,15.424776,1.947218,33.640743
553,4.608333,-0.028854,0.947311,0.044405,0.315908,0.353167,84.942635,19.726048,-0.037762,0.965506,0.102808,0.236228,-0.283102,92.590988,20.232918,-0.0076,0.970759,0.122912,0.206061,-2.84171,113.145515,24.03816,0.120425,0.985861,-0.032339,0.111935,-4.212334,133.464127,28.972927,0.177178,0.967309,-0.181441,0.000197,-0.255495,147.38063,26.612789,-0.008843,0.920648,0.09923,0.37747,-7.681661,127.927925,26.653469,0.421509,-0.545239,0.129182,-0.712991,-20.1828,128.953171,14.468668,0.260333,0.106178,-0.459698,-0.842396,-10.944429,112.965683,-2.133173,0.327693,0.192732,-0.544253,-0.747837,3.773283,134.977859,-3.737332,-0.013377,0.963377,0.171206,0.205949,-0.869826,127.66066,29.645884,0.351243,0.884002,0.162075,-0.262488,15.1276,126.878189,36.665077,-0.000166,0.203243,0.466829,-0.860676,30.409866,113.571022,22.314459,-0.004516,-0.037787,0.67643,-0.735523,18.628416,133.233582,13.757841,0.062396,0.91863,0.213879,0.326314,-7.138907,84.693016,14.087914,0.112041,0.980317,-0.027414,0.160231,-6.234838,52.048958,-1.629282,-0.040229,0.950205,0.063073,0.302514,-17.101236,5.750015,-0.780536,-0.101176,0.939413,0.011589,0.32731,7.845242,85.192253,25.364182,0.048482,0.897951,-0.200006,0.389013,15.009493,49.701984,26.975452,-0.037833,0.889794,0.053631,0.451619,3.466594,6.166375,42.266083,-0.040229,0.950205,0.063073,0.302514,-8.385118,1.750278,-12.745626,-0.037833,0.889794,0.053631,0.451619,15.423173,1.945627,33.642994
554,4.616667,-0.02907,0.94738,0.044084,0.315724,0.370595,84.942787,19.695351,-0.038106,0.965518,0.102781,0.236133,-0.267165,92.591385,20.196619,-0.00756,0.970779,0.122929,0.20596,-2.838996,113.144409,23.997402,0.120369,0.985861,-0.032422,0.111979,-4.207617,133.462845,28.933372,0.177106,0.967327,-0.181415,0.000428,-0.251948,147.379288,26.570898,-0.008884,0.920754,0.098965,0.37728,-7.677697,127.92691,26.61441,0.421435,-0.54538,0.129055,-0.71295,-20.183819,128.946655,14.434266,0.260201,0.10616,-0.459661,-0.842459,-10.951479,112.962975,-2.174583,0.327626,0.192595,-0.544278,-0.747884,3.768179,134.973969,-3.775475,-0.01334,0.963417,0.171197,0.205769,-0.865236,127.659203,29.605352,0.350857,0.884159,0.162031,-0.262503,15.134807,126.876625,36.618561,-0.000254,0.203161,0.466631,-0.860803,30.430149,113.583229,22.269117,-0.004222,-0.037893,0.676712,-0.73526,18.637249,133.242416,13.716203,0.062533,0.918472,0.214141,0.32656,-7.123419,84.687241,14.060062,0.111897,0.980384,-0.028027,0.159816,-6.217742,52.052559,-1.676482,-0.039981,0.950376,0.063189,0.301985,-17.079725,5.7538,-0.763805,-0.100965,0.939477,0.010866,0.327216,7.864609,85.198334,25.330639,0.048411,0.898057,-0.199944,0.388809,14.99777,49.703812,26.985401,-0.0378,0.889843,0.053823,0.451503,3.466574,6.165224,42.276348,-0.039981,0.950376,0.063189,0.301985,-8.378754,1.754686,-12.74012,-0.0378,0.889843,0.053823,0.451503,15.421346,1.949028,33.648537
555,4.625,-0.029402,0.947441,0.043859,0.315543,0.391861,84.943184,19.660851,-0.038359,0.96554,0.102736,0.236024,-0.249541,92.591789,20.157354,-0.007664,0.970799,0.122915,0.205869,-2.830616,113.142944,23.953812,0.120367,0.985865,-0.032328,0.111971,-4.202884,133.461456,28.888432,0.177124,0.967341,-0.181324,0.000486,-0.247541,147.378448,26.528572,-0.008696,0.920863,0.099176,0.376961,-7.672126,127.924599,26.570446,0.421765,-0.545581,0.128824,-0.712642,-20.186762,128.952057,14.399698,0.260391,0.106089,-0.459534,-0.842479,-10.962348,112.965347,-2.210648,0.32756,0.19236,-0.544369,-0.747907,3.763463,134.969971,-3.81739,-0.013324,0.96342,0.171329,0.205648,-0.85913,127.658592,29.560331,0.350553,0.884326,0.161401,-0.262736,15.142669,126.875267,36.56945,-0.000865,0.203356,0.466518,-0.860817,30.442535,113.585976,22.221037,-0.00436,-0.037831,0.676437,-0.735515,18.647797,133.247726,13.67328,0.062705,0.918262,0.214437,0.326925,-7.103934,84.680237,14.028272,0.111986,0.980354,-0.028683,0.159823,-6.196067,52.056301,-1.730418,-0.039602,0.950403,0.063255,0.301936,-17.076054,5.762991,-0.758015,-0.100812,0.93971,0.010018,0.326622,7.887656,85.206139,25.29343,0.048459,0.898263,-0.199838,0.388381,14.991567,49.708096,26.997778,-0.03785,0.889913,0.053886,0.451353,3.467376,6.165898,42.283745,-0.039602,0.950403,0.063255,0.301936,-8.379741,1.762144,-12.737136,-0.03785,0.889913,0.053886,0.451353,15.419969,1.951987,33.651794
556,4.633333,-0.029558,0.947455,0.043469,0.31554,0.404604,84.941544,19.623941,-0.038408,0.965591,0.102502,0.235907,-0.237192,92.59053,20.114023,-0.007775,0.970812,0.123075,0.205707,-2.816505,113.135513,23.899433,0.12035,0.98588,-0.032156,0.111905,-4.193825,133.452316,28.839737,0.177041,0.967378,-0.181207,0.000502,-0.239705,147.370422,26.48443,-0.008564,0.920973,0.099129,0.376709,-7.661975,127.91494,26.521339,0.422161,-0.545879,0.128304,-0.712274,-20.183346,128.945129,14.357758,0.26056,0.106245,-0.459451,-0.842452,-10.968442,112.962234,-2.26153,0.327554,0.192264,-0.544529,-0.747818,3.757686,134.962646,-3.864215,-0.013636,0.963396,0.171473,0.205621,-0.848014,127.650345,29.50914,0.350717,0.884149,0.162712,-0.262302,15.153879,126.876678,36.519104,-0.000338,0.202839,0.466395,-0.861006,30.459347,113.59687,22.167887,-0.004466,-0.037809,0.676455,-0.735499,18.650358,133.249786,13.629219,0.062807,0.917947,0.214887,0.327494,-7.09106,84.673492,13.991432,0.112063,0.980419,-0.029413,0.159232,-6.169014,52.064503,-1.797335,-0.039169,0.950487,0.063126,0.301754,-17.066236,5.776846,-0.75154,-0.100754,0.939924,0.009282,0.326044,7.900267,85.209587,25.256449,0.048479,0.898491,-0.199774,0.387883,14.983929,49.709656,27.005144,-0.037815,0.889989,0.053925,0.451201,3.46887,6.1652,42.291553,-0.039169,0.950487,0.063126,0.301754,-8.378758,1.768222,-12.734466,-0.037815,0.889989,0.053925,0.451201,15.41841,1.951807,33.655136
557,4.641667,-0.02969,0.947477,0.043144,0.315507,0.417038,84.934982,19.58466,-0.03856,0.965637,0.102304,0.235778,-0.22509,92.58429,20.069378,-0.007951,0.970842,0.123102,0.205542,-2.807846,113.128151,23.845192,0.120032,0.98593,-0.032069,0.111831,-4.19172,133.444565,28.78528,0.177357,0.967361,-0.180987,0.000655,-0.247063,147.365524,26.431046,-0.008638,0.921072,0.099113,0.376469,-7.658367,127.905739,26.468056,0.42189,-0.545969,0.128419,-0.712345,-20.186008,128.93248,14.310637,0.260281,0.106068,-0.45951,-0.842529,-10.977448,112.9505,-2.313067,0.327398,0.192267,-0.544313,-0.748042,3.74881,134.952881,-3.917311,-0.013882,0.963398,0.171523,0.205552,-0.843435,127.643921,29.453886,0.350617,0.88422,0.162754,-0.262173,15.159212,126.878586,36.463051,-0.000394,0.202803,0.466228,-0.861105,30.471516,113.601425,22.116665,-0.004566,-0.037785,0.676318,-0.735625,18.653841,133.250732,13.579525,0.062903,0.917559,0.215528,0.328139,-7.078863,84.662621,13.952673,0.112176,0.98033,-0.030417,0.159511,-6.136131,52.074497,-1.877895,-0.038486,0.950593,0.063011,0.301532,-17.058996,5.794975,-0.74343,-0.100675,0.940113,0.008559,0.325546,7.912939,85.207352,25.216644,0.048643,0.898942,-0.199783,0.386814,14.975184,49.705322,27.008987,-0.03761,0.890085,0.054164,0.450999,3.463976,6.162724,42.30357,-0.038486,0.950593,0.063011,0.301532,-8.383674,1.776592,-12.731894,-0.03761,0.890085,0.054164,0.450999,15.408752,1.952761,33.658894
558,4.65,-0.029996,0.947454,0.042671,0.315612,0.432712,84.932159,19.540253,-0.039026,0.965652,0.1021,0.23573,-0.211639,92.581802,20.016542,-0.007662,0.970871,0.123207,0.205354,-2.810303,113.1194,23.77837,0.119752,0.985978,-0.031876,0.111764,-4.182384,133.434921,28.725424,0.17752,0.967369,-0.180784,0.000884,-0.246391,147.359055,26.37542,-0.008856,0.921053,0.099459,0.376418,-7.65268,127.898453,26.408028,0.421707,-0.546079,0.128689,-0.71232,-20.18152,128.922546,14.251622,0.260058,0.106033,-0.45957,-0.842569,-10.982348,112.933853,-2.370813,0.327272,0.192281,-0.544326,-0.748084,3.742809,134.940292,-3.971981,-0.014078,0.963338,0.171582,0.205772,-0.836533,127.632484,29.390717,0.350297,0.884347,0.162264,-0.262474,15.162754,126.871994,36.408066,-0.000766,0.202931,0.46613,-0.861128,30.478359,113.602707,22.05792,-0.004615,-0.038034,0.676217,-0.735706,18.658123,133.253143,13.52316,0.062888,0.917347,0.21594,0.328466,-7.061602,84.651657,13.906555,0.112404,0.980457,-0.031119,0.158432,-6.102015,52.076286,-1.949225,-0.038207,0.950626,0.062842,0.301498,-17.054909,5.805725,-0.740876,-0.100468,0.940388,0.007773,0.324831,7.927027,85.212662,25.173954,0.048581,0.899149,-0.199689,0.386388,14.958264,49.706696,27.009626,-0.037799,0.890094,0.05412,0.450971,3.462963,6.159973,42.30444,-0.038207,0.950626,0.062842,0.301498,-8.383411,1.779953,-12.72963,-0.037799,0.890094,0.05412,0.450971,15.408699,1.951407,33.660412
559,4.658333,-0.030102,0.947443,0.042327,0.315681,0.448024,84.922668,19.487223,-0.039221,0.965652,0.102139,0.23568,-0.196242,92.572662,19.957939,-0.007913,0.970887,0.123199,0.205276,-2.802688,113.106857,23.719051,0.119777,0.985958,-0.031901,0.1119,-4.184487,133.422287,28.663713,0.177498,0.967415,-0.180559,0.001224,-0.247139,147.346039,26.313692,-0.008946,0.921078,0.099341,0.376387,-7.652228,127.88382,26.34734,0.421646,-0.546137,0.128615,-0.712325,-20.181829,128.903336,14.191333,0.259881,0.106096,-0.459636,-0.84258,-10.984856,112.917648,-2.435219,0.32707,0.192434,-0.544247,-0.748191,3.736617,134.927505,-4.030145,-0.014137,0.963344,0.171606,0.205717,-0.83566,127.621635,29.329401,0.34994,0.884504,0.162115,-0.262516,15.16436,126.863274,36.345314,-0.001068,0.203023,0.465914,-0.861223,30.491304,113.605354,21.996765,-0.004805,-0.038302,0.675955,-0.735931,18.662437,133.252869,13.463679,0.063045,0.916886,0.216499,0.329352,-7.045362,84.638306,13.852482,0.112546,0.980434,-0.032179,0.158266,-6.066888,52.081882,-2.041024,-0.037356,0.950694,0.062828,0.301393,-17.048246,5.820745,-0.734242,-0.100396,0.940577,0.006997,0.324326,7.941411,85.207024,25.121964,0.048661,0.899478,-0.19971,0.385599,14.950601,49.699184,27.005058,-0.037836,0.890122,0.05428,0.450894,3.461164,6.153998,42.308662,-0.037356,0.950694,0.062828,0.301393,-8.387424,1.786573,-12.727889,-0.037836,0.890122,0.05428,0.450894,15.406334,1.950115,33.661575
560,4.666667,-0.030386,0.947382,0.041967,0.315884,0.462721,84.918068,19.426107,-0.03925,0.9656,0.102203,0.235859,-0.184044,92.568268,19.890066,-0.008241,0.970829,0.123273,0.20549,-2.792234,113.095734,23.651894,0.1197,0.985943,-0.031902,0.112121,-4.189125,133.410187,28.596369,0.177671,0.967447,-0.180212,0.001496,-0.253033,147.334396,26.247042,-0.00897,0.921083,0.099412,0.376354,-7.652247,127.869629,26.278049,0.421526,-0.546058,0.128811,-0.712421,-20.182705,128.889191,14.122931,0.259796,0.106193,-0.459797,-0.842506,-10.983982,112.900879,-2.500102,0.327235,0.192511,-0.54437,-0.74801,3.729927,134.919128,-4.091375,-0.014141,0.963356,0.171686,0.205595,-0.837069,127.61158,29.263645,0.349628,0.884671,0.161831,-0.262541,15.164704,126.8535,36.275589,-0.001818,0.203184,0.465666,-0.861317,30.501801,113.602852,21.931183,-0.005406,-0.038011,0.675659,-0.736214,18.662676,133.253189,13.405818,0.06312,0.916505,0.216946,0.330105,-7.027935,84.626717,13.788096,0.112647,0.980218,-0.03345,0.159265,-6.030159,52.085007,-2.134313,-0.03649,0.950765,0.06287,0.301267,-17.040953,5.833978,-0.721923,-0.100238,0.940695,0.006163,0.324048,7.953378,85.209427,25.064119,0.048445,0.899475,-0.199732,0.385623,14.932866,49.698483,26.998325,-0.037734,0.890136,0.054381,0.450861,3.460612,6.152153,42.311539,-0.03649,0.950765,0.06287,0.301267,-8.391347,1.792875,-12.721327,-0.037734,0.890136,0.054381,0.450861,15.404634,1.949535,33.662243
561,4.675,-0.030716,0.947267,0.041722,0.316231,0.477838,84.910606,19.360312,-0.039584,0.965518,0.102173,0.236154,-0.172707,92.560806,19.818861,-0.008353,0.970759,0.123397,0.205742,-2.795257,113.087189,23.575262,0.119825,0.985907,-0.03167,0.112365,-4.199053,133.400269,28.523365,0.177809,0.967481,-0.179895,0.001703,-0.259059,147.324753,26.182117,-0.009127,0.921049,0.099429,0.376429,-7.659765,127.859497,26.201967,0.422181,-0.546077,0.128269,-0.712117,-20.18815,128.874496,14.044327,0.260128,0.10666,-0.459793,-0.842347,-10.983537,112.889145,-2.578312,0.32718,0.192686,-0.544355,-0.748,3.72367,134.909195,-4.157507,-0.014382,0.96329,0.17213,0.205517,-0.846156,127.602219,29.191214,0.349387,0.884743,0.162997,-0.261897,15.156496,126.849518,36.20174,-0.001684,0.202994,0.465445,-0.861482,30.518717,113.61821,21.866379,-0.00551,-0.038155,0.675373,-0.736468,18.668377,133.257202,13.346254,0.06332,0.915884,0.217434,0.331466,-7.008326,84.612289,13.716698,0.112875,0.980099,-0.034729,0.159561,-5.987899,52.087784,-2.239397,-0.036007,0.950799,0.06285,0.301223,-17.039053,5.849946,-0.714688,-0.100111,0.940745,0.005415,0.323956,7.964002,85.208931,25.003925,0.048261,0.899535,-0.199852,0.385444,14.917597,49.695515,26.985413,-0.037638,0.89017,0.054539,0.450783,3.459837,6.152019,42.317543,-0.036007,0.950799,0.06285,0.301223,-8.395169,1.803779,-12.716514,-0.037638,0.89017,0.054539,0.450783,15.4021,1.952217,33.664452
562,4.683333,-0.031183,0.947155,0.041415,0.316559,0.494932,84.900215,19.291357,-0.039617,0.965509,0.10199,0.236265,-0.161088,92.550362,19.742924,-0.008795,0.97072,0.123553,0.205818,-2.782678,113.071045,23.490025,0.119846,0.985895,-0.031315,0.112546,-4.206163,133.382202,28.440434,0.177969,0.967539,-0.179418,0.00195,-0.265776,147.308395,26.110134,-0.009242,0.921014,0.099718,0.376437,-7.661242,127.838608,26.117369,0.422448,-0.546151,0.127941,-0.711961,-20.189346,128.853745,13.959451,0.260318,0.107088,-0.459854,-0.8422,-10.984541,112.872208,-2.666745,0.32743,0.193002,-0.544412,-0.747767,3.71395,134.897064,-4.233025,-0.014695,0.963184,0.172313,0.205836,-0.848207,127.58709,29.108418,0.349162,0.884817,0.163484,-0.261646,15.149549,126.841652,36.130882,-0.001941,0.203015,0.465284,-0.861563,30.52614,113.62326,21.798986,-0.00583,-0.037965,0.67525,-0.736589,18.668661,133.260391,13.282784,0.06322,0.915407,0.218201,0.332297,-6.986788,84.592079,13.64238,0.113241,0.980033,-0.036147,0.159391,-5.925947,52.090878,-2.358487,-0.03526,0.950872,0.062776,0.301094,-17.031511,5.870488,-0.705534,-0.099852,0.940749,0.004725,0.324034,7.976651,85.208344,24.940332,0.047856,0.899385,-0.200028,0.385754,14.896485,49.690681,26.963371,-0.038023,0.890223,0.054499,0.450653,3.461717,6.150177,42.32114,-0.03526,0.950872,0.062776,0.301094,-8.398054,1.815254,-12.711801,-0.038023,0.890223,0.054499,0.450653,15.404725,1.954518,33.667068
563,4.691667,-0.031487,0.946974,0.041249,0.317092,0.505062,84.886429,19.208517,-0.039808,0.965396,0.101895,0.236737,-0.154828,92.536499,19.655809,-0.008834,0.970613,0.12367,0.206249,-2.784749,113.05468,23.395378,0.119893,0.985843,-0.030913,0.113063,-4.213051,133.364578,28.349525,0.177879,0.967616,-0.17909,0.002492,-0.27029,147.292419,26.033104,-0.009046,0.921085,0.099581,0.376305,-7.665949,127.821495,26.022026,0.422044,-0.546018,0.128401,-0.712219,-20.197662,128.840668,13.868165,0.260141,0.107179,-0.459837,-0.842253,-10.991504,112.854935,-2.753253,0.327519,0.193185,-0.544027,-0.747961,3.706063,134.879456,-4.310535,-0.014788,0.963123,0.17214,0.206259,-0.855572,127.569374,29.019064,0.34874,0.885,0.163525,-0.261563,15.135983,126.825714,36.055832,-0.002619,0.203379,0.46515,-0.861548,30.529346,113.622559,21.727913,-0.006392,-0.037865,0.675008,-0.736811,18.672058,133.262054,13.211289,0.063246,0.914757,0.218847,0.333654,-6.969975,84.572426,13.551023,0.113704,0.979753,-0.037773,0.1604,-5.870825,52.091938,-2.489285,-0.034404,0.950806,0.062658,0.301428,-17.04475,5.892965,-0.70371,-0.099853,0.940742,0.003866,0.324066,7.980099,85.200432,24.866013,0.047634,0.899377,-0.200153,0.385734,14.879746,49.682236,26.947895,-0.037913,0.890216,0.054705,0.450649,3.459766,6.144494,42.324482,-0.034404,0.950806,0.062658,0.301428,-8.411427,1.826591,-12.706306,-0.037913,0.890216,0.054705,0.450649,15.402489,1.952754,33.668118
564,4.7,-0.031777,0.94675,0.040918,0.317773,0.516117,84.87307,19.117132,-0.039739,0.9653,0.10205,0.237073,-0.146698,92.52327,19.557718,-0.009224,0.970538,0.123755,0.20653,-2.775828,113.034271,23.302179,0.119858,0.985812,-0.030663,0.113444,-4.222147,133.343002,28.255922,0.177935,0.967697,-0.178589,0.002951,-0.27947,147.272308,25.948181,-0.009714,0.920745,0.100199,0.376955,-7.66947,127.797485,25.925955,0.421782,-0.546011,0.128696,-0.712327,-20.183605,128.805679,13.753083,0.259884,0.107837,-0.460132,-0.842087,-10.980864,112.816086,-2.866521,0.327914,0.193608,-0.544007,-0.747693,3.697227,134.860977,-4.393406,-0.01494,0.962982,0.17233,0.206748,-0.860926,127.550209,28.927559,0.348349,0.885163,0.163016,-0.26185,15.123407,126.807312,35.980782,-0.003507,0.203778,0.465061,-0.861499,30.522865,113.614227,21.650131,-0.006943,-0.037589,0.674869,-0.736947,18.669144,133.25827,13.137147,0.063191,0.914106,0.219346,0.335119,-6.950454,84.552612,13.448833,0.114058,0.979674,-0.039328,0.160262,-5.809257,52.087463,-2.61957,-0.033442,0.950882,0.06278,0.301269,-17.038521,5.907562,-0.693296,-0.099852,0.94071,0.002944,0.32417,7.982689,85.193527,24.785431,0.047372,0.899392,-0.200261,0.385676,14.860411,49.674866,26.93092,-0.037844,0.890257,0.054808,0.450563,3.459984,6.138855,42.326916,-0.033442,0.950882,0.06278,0.301269,-8.418014,1.835695,-12.703237,-0.037844,0.890257,0.054808,0.450563,15.40083,1.948871,33.66711
565,4.708333,-0.032019,0.946519,0.040458,0.318497,0.525904,84.857452,19.02389,-0.040113,0.965107,0.102302,0.237684,-0.138514,92.507996,19.456091,-0.009282,0.970422,0.123725,0.207092,-2.787423,113.013748,23.204876,0.119751,0.98577,-0.030335,0.114004,-4.238715,133.322754,28.156052,0.178185,0.967739,-0.178095,0.003553,-0.297611,147.254395,25.859753,-0.009763,0.920651,0.09988,0.377267,-7.68355,127.777245,25.82235,0.422545,-0.545837,0.128336,-0.712072,-20.189428,128.780762,13.640608,0.260571,0.108427,-0.460208,-0.841757,-10.972665,112.78846,-2.968608,0.32835,0.194135,-0.543979,-0.747386,3.693608,134.838776,-4.488736,-0.015188,0.96291,0.172473,0.206947,-0.878483,127.529861,28.831821,0.348236,0.885161,0.164537,-0.261053,15.102709,126.793037,35.892807,-0.003392,0.203692,0.464873,-0.861621,30.526756,113.61821,21.571804,-0.007477,-0.037302,0.674934,-0.736897,18.664503,133.253036,13.059875,0.0633,0.913354,0.21994,0.336756,-6.931747,84.530647,13.344219,0.114314,0.979558,-0.041006,0.160365,-5.753794,52.085419,-2.761719,-0.03253,0.950912,0.062775,0.301278,-17.031673,5.923903,-0.684533,-0.099761,0.94066,0.002111,0.324349,7.983555,85.184258,24.70356,0.04697,0.899336,-0.200418,0.385774,14.835146,49.663971,26.905016,-0.038018,0.890274,0.054927,0.450499,3.461701,6.130343,42.327667,-0.03253,0.950912,0.062775,0.301278,-8.419646,1.843473,-12.697652,-0.038018,0.890274,0.054927,0.450499,15.403286,1.945821,33.666241
566,4.716667,-0.032366,0.946226,0.040295,0.319351,0.537989,84.841972,18.921358,-0.040072,0.964942,0.102118,0.238437,-0.131079,92.492378,19.348883,-0.009695,0.970226,0.123976,0.207843,-2.778953,112.996017,23.087923,0.119518,0.985728,-0.029946,0.114714,-4.253044,133.302094,28.044388,0.178479,0.967788,-0.17752,0.004277,-0.31663,147.237259,25.761497,-0.009464,0.920776,0.099516,0.377065,-7.690042,127.75499,25.702963,0.422784,-0.545633,0.128369,-0.712081,-20.201462,128.762573,13.527248,0.261089,0.108677,-0.460087,-0.84163,-10.974042,112.766876,-3.072765,0.328737,0.1946,-0.543976,-0.747096,3.694831,134.814545,-4.593422,-0.015505,0.962753,0.17259,0.207556,-0.889729,127.511368,28.723463,0.34818,0.885241,0.164599,-0.260818,15.082294,126.780594,35.80579,-0.00388,0.203992,0.464918,-0.861524,30.514374,113.605728,21.493486,-0.008111,-0.037171,0.674952,-0.73688,18.65843,133.247925,12.979785,0.063282,0.9126,0.220632,0.338346,-6.909022,84.50885,13.228111,0.114626,0.979349,-0.042968,0.160907,-5.684143,52.085541,-2.918413,-0.031504,0.951029,0.062769,0.301017,-17.020958,5.946499,-0.669864,-0.099866,0.940649,0.001082,0.324352,7.985,85.175095,24.614603,0.046799,0.899396,-0.200521,0.385602,14.819527,49.656097,26.888704,-0.037881,0.890231,0.055135,0.450572,3.459926,6.124866,42.328316,-0.031504,0.951029,0.062769,0.301017,-8.425161,1.856384,-12.691309,-0.037881,0.890231,0.055135,0.450572,15.402439,1.943967,33.666424
567,4.725,-0.03276,0.945857,0.040397,0.320391,0.554563,84.827789,18.802183,-0.040234,0.964766,0.102063,0.239147,-0.121197,92.477676,19.228498,-0.009971,0.970062,0.124236,0.208435,-2.77721,112.976479,22.96089,0.119493,0.985695,-0.029188,0.115217,-4.267807,133.279602,27.924442,0.178625,0.967874,-0.176896,0.004624,-0.332123,147.218842,25.66522,-0.009633,0.920705,0.099853,0.377145,-7.699028,127.731827,25.576159,0.422634,-0.545292,0.128771,-0.712359,-20.208212,128.738724,13.398094,0.261529,0.109129,-0.460143,-0.841405,-10.967471,112.738251,-3.189914,0.329881,0.195002,-0.543877,-0.746559,3.692644,134.790604,-4.703085,-0.015742,0.962514,0.172687,0.208563,-0.902469,127.49028,28.605267,0.347809,0.885464,0.164027,-0.260917,15.054646,126.760567,35.721222,-0.004892,0.20473,0.465015,-0.861291,30.496996,113.59156,21.414595,-0.008631,-0.03695,0.674483,-0.737315,18.659433,133.244202,12.894529,0.063428,0.911783,0.221033,0.340255,-6.879481,84.489296,13.092332,0.114925,0.979095,-0.044975,0.161687,-5.620051,52.080154,-3.079946,-0.03055,0.951068,0.062901,0.300966,-17.015993,5.964431,-0.658636,-0.099953,0.940616,-1.7e-05,0.324425,7.988607,85.16629,24.512035,0.046575,0.899424,-0.20074,0.38545,14.802979,49.648464,26.863634,-0.037999,0.89024,0.0552,0.450535,3.457341,6.123596,42.331436,-0.03055,0.951068,0.062901,0.300966,-8.430289,1.869278,-12.685577,-0.037999,0.89024,0.0552,0.450535,15.400425,1.945994,33.668743
568,4.733333,-0.033213,0.94546,0.040221,0.321534,0.568054,84.815788,18.679522,-0.040736,0.964483,0.102233,0.240127,-0.113927,92.465431,19.100214,-0.010016,0.96984,0.124494,0.20931,-2.79586,112.962082,22.83173,0.119275,0.985642,-0.028818,0.11599,-4.294986,133.262482,27.803867,0.179005,0.967916,-0.176256,0.005432,-0.363313,147.204971,25.557831,-0.010206,0.92042,0.099637,0.377884,-7.72209,127.716064,25.446352,0.423311,-0.544891,0.128574,-0.712299,-20.211372,128.704346,13.246353,0.262786,0.110214,-0.460208,-0.840836,-10.946395,112.701294,-3.325638,0.33188,0.195648,-0.543411,-0.745843,3.698301,134.765533,-4.825379,-0.016163,0.962329,0.17317,0.208982,-0.930982,127.47271,28.487514,0.347657,0.885596,0.165443,-0.259774,15.019538,126.750992,35.619064,-0.004814,0.204867,0.464763,-0.861395,30.496672,113.595329,21.337772,-0.009201,-0.036609,0.674402,-0.737399,18.651108,133.237778,12.809578,0.063364,0.910984,0.221551,0.342064,-6.851664,84.469315,12.951539,0.115361,0.978838,-0.047085,0.162329,-5.542563,52.076221,-3.248923,-0.029444,0.951133,0.062888,0.300873,-17.011623,5.988517,-0.646015,-0.10009,0.940543,-0.001031,0.324592,7.987772,85.162262,24.407505,0.046261,0.899355,-0.201007,0.385509,14.787054,49.646488,26.832666,-0.03804,0.890248,0.055113,0.450527,3.457685,6.129047,42.333263,-0.029444,0.951133,0.062888,0.300873,-8.438792,1.882854,-12.678557,-0.03804,0.890248,0.055113,0.450527,15.400672,1.949735,33.671253
569,4.741667,-0.033569,0.945014,0.040006,0.322833,0.573958,84.801498,18.55242,-0.040879,0.964223,0.102344,0.2411,-0.112717,92.451042,18.967281,-0.010356,0.969619,0.124702,0.210192,-2.804366,112.939133,22.697781,0.119248,0.985585,-0.02799,0.116698,-4.323663,133.237076,27.673822,0.179313,0.96798,-0.175575,0.005888,-0.392214,147.183899,25.454363,-0.010173,0.920115,0.099805,0.378581,-7.743365,127.689621,25.308014,0.423609,-0.544389,0.129091,-0.712412,-20.214214,128.683716,13.089645,0.264853,0.111272,-0.460078,-0.840119,-10.928688,112.664154,-3.45488,0.335783,0.196581,-0.542639,-0.744411,3.709636,134.731644,-4.960252,-0.01635,0.96211,0.173266,0.209898,-0.957872,127.448868,28.361887,0.347344,0.885767,0.166136,-0.259168,14.979018,126.727089,35.523827,-0.005179,0.205323,0.464822,-0.861253,30.482573,113.586189,21.25761,-0.009433,-0.036425,0.674197,-0.737592,18.649096,133.231262,12.720138,0.063044,0.91024,0.222188,0.343686,-6.829606,84.448662,12.803963,0.115863,0.978624,-0.049232,0.162628,-5.454023,52.073116,-3.426039,-0.0283,0.951217,0.062754,0.300744,-17.001987,6.016126,-0.635247,-0.100302,0.940434,-0.002072,0.324837,7.977521,85.154335,24.300877,0.045927,0.899302,-0.201215,0.385563,14.765996,49.641891,26.80377,-0.037994,0.890231,0.055096,0.450565,3.456691,6.129512,42.333191,-0.0283,0.951217,0.062754,0.300744,-8.443595,1.896219,-12.673195,-0.037994,0.890231,0.055096,0.450565,15.399933,1.949134,33.672054
570,4.75,-0.033754,0.944518,0.039985,0.324264,0.577522,84.786125,18.411238,-0.040982,0.963937,0.102315,0.242237,-0.112365,92.435493,18.823835,-0.010614,0.969344,0.125086,0.211217,-2.810572,112.910439,22.546551,0.119198,0.98552,-0.027175,0.117486,-4.348987,133.204132,27.534039,0.179486,0.968099,-0.174723,0.006408,-0.418068,147.155304,25.341076,-0.010393,0.919884,0.100036,0.379076,-7.761282,127.657005,25.15682,0.423519,-0.543845,0.129618,-0.712785,-20.218872,128.648895,12.924758,0.268468,0.11321,-0.459557,-0.838997,-10.91074,112.622154,-3.600091,0.343488,0.198249,-0.541272,-0.741444,3.731159,134.689865,-5.106763,-0.016964,0.961846,0.173515,0.210848,-0.982301,127.416801,28.225168,0.347045,0.886073,0.165504,-0.258928,14.939892,126.707924,35.421005,-0.006139,0.20611,0.464835,-0.861052,30.459949,113.564812,21.174778,-0.010072,-0.035931,0.674317,-0.737498,18.641319,133.218369,12.626868,0.063017,0.909185,0.222722,0.34613,-6.808441,84.431267,12.640307,0.11621,0.978377,-0.051564,0.163143,-5.373519,52.072716,-3.618436,-0.02737,0.951353,0.062393,0.300475,-16.989723,6.045762,-0.622781,-0.100646,0.940252,-0.003229,0.325248,7.963485,85.140976,24.182167,0.045702,0.899373,-0.201421,0.385317,14.746705,49.633984,26.774967,-0.037989,0.890225,0.05514,0.450573,3.453551,6.127524,42.332695,-0.02737,0.951353,0.062393,0.300475,-8.447747,1.907172,-12.665978,-0.037989,0.890225,0.05514,0.450573,15.397054,1.948239,33.671391
571,4.758333,-0.033879,0.943987,0.03956,0.325845,0.57704,84.767715,18.264595,-0.041146,0.963617,0.102432,0.243429,-0.113215,92.41748,18.669239,-0.010847,0.969074,0.125369,0.212276,-2.823305,112.887131,22.390884,0.119477,0.985431,-0.025917,0.118231,-4.379119,133.177658,27.385891,0.179662,0.968194,-0.174009,0.006591,-0.441023,147.133041,25.232988,-0.010665,0.919527,0.09946,0.380085,-7.7844,127.630745,24.998112,0.423618,-0.543155,0.130295,-0.713129,-20.214983,128.609909,12.737578,0.274395,0.116384,-0.458796,-0.837059,-10.878313,112.568855,-3.757265,0.355766,0.201447,-0.538497,-0.736798,3.763013,134.638855,-5.268166,-0.017106,0.961616,0.173486,0.211906,-1.01217,127.391006,28.081369,0.346815,0.88618,0.166827,-0.258019,14.89422,126.68058,35.31192,-0.006307,0.206355,0.464747,-0.861039,30.445518,113.555214,21.083414,-0.010589,-0.035497,0.674404,-0.737433,18.628723,133.205139,12.529701,0.062938,0.90818,0.223165,0.348491,-6.789483,84.409584,12.469073,0.116563,0.978122,-0.053856,0.163679,-5.295424,52.064617,-3.811353,-0.026694,0.951452,0.062113,0.300282,-16.979902,6.068453,-0.615084,-0.100902,0.940013,-0.00427,0.325847,7.943564,85.125854,24.060116,0.045342,0.899482,-0.201702,0.384957,14.717728,49.623154,26.734209,-0.038181,0.890237,0.055079,0.450539,3.45151,6.124324,42.332756,-0.026694,0.951452,0.062113,0.300282,-8.449839,1.91581,-12.661889,-0.038181,0.890237,0.055079,0.450539,15.395832,1.946016,33.672112
572,4.766667,-0.034067,0.943395,0.039646,0.327525,0.579617,84.747169,18.099304,-0.041284,0.963207,0.102799,0.244869,-0.114516,92.396637,18.503021,-0.011326,0.968738,0.125551,0.213673,-2.839305,112.861679,22.233702,0.118981,0.985409,-0.024959,0.119122,-4.423388,133.149841,27.229427,0.180457,0.968235,-0.172934,0.007082,-0.49846,147.113449,25.10601,-0.011065,0.919015,0.099527,0.381293,-7.817891,127.601311,24.830091,0.423667,-0.542397,0.131131,-0.713524,-20.216026,128.572891,12.536139,0.283104,0.12102,-0.457381,-0.834271,-10.84935,112.514259,-3.924553,0.373623,0.206135,-0.534616,-0.729452,3.803896,134.579498,-5.43838,-0.017542,0.961321,0.173879,0.212888,-1.05468,127.365234,27.933369,0.346579,0.886458,0.167213,-0.257128,14.836586,126.660393,35.197651,-0.007044,0.207297,0.464641,-0.860865,30.418795,113.53817,21.000101,-0.011749,-0.034732,0.674136,-0.737697,18.617191,133.185791,12.425931,0.063028,0.907064,0.223653,0.351059,-6.766074,84.387863,12.277469,0.116799,0.977837,-0.056495,0.164323,-5.218907,52.059509,-4.03098,-0.025483,0.951604,0.061731,0.299982,-16.966766,6.096289,-0.601539,-0.101193,0.939641,-0.005262,0.326813,7.925309,85.106483,23.921139,0.044719,0.899157,-0.202141,0.385559,14.69278,49.608734,26.676628,-0.038195,0.890232,0.055028,0.450556,3.453612,6.121454,42.326801,-0.025483,0.951604,0.061731,0.299982,-8.456676,1.921883,-12.654951,-0.038195,0.890232,0.055028,0.450556,15.398192,1.941988,33.667065
573,4.775,-0.034294,0.942713,0.039731,0.32945,0.582007,84.731361,17.930731,-0.04148,0.962803,0.102756,0.246437,-0.116667,92.380486,18.333097,-0.011595,0.968354,0.126075,0.215084,-2.853873,112.836945,22.05402,0.118744,0.985336,-0.023948,0.120162,-4.460816,133.119324,27.06588,0.180583,0.968379,-0.171963,0.007744,-0.541424,147.089386,24.974991,-0.011723,0.918478,0.099045,0.382688,-7.845997,127.571915,24.650829,0.42403,-0.541795,0.131466,-0.713704,-20.206308,128.520981,12.317104,0.293737,0.127165,-0.455605,-0.830646,-10.811561,112.452232,-4.117691,0.395239,0.212041,-0.530083,-0.719609,3.850114,134.520142,-5.614628,-0.017922,0.96093,0.174321,0.214251,-1.09189,127.335335,27.773825,0.345967,0.886912,0.166914,-0.25658,14.77854,126.631401,35.083599,-0.00798,0.20824,0.464508,-0.8607,30.395805,113.519989,20.914614,-0.01222,-0.034325,0.673929,-0.737897,18.605566,133.171158,12.322278,0.062733,0.906018,0.224238,0.353429,-6.739673,84.37043,12.078832,0.117361,0.977613,-0.059101,0.164338,-5.114957,52.058399,-4.254414,-0.024553,0.951763,0.061095,0.299686,-16.953371,6.13634,-0.592791,-0.101289,0.939291,-0.006121,0.327773,7.903687,85.0923,23.782631,0.043848,0.898684,-0.202636,0.386502,14.654382,49.596684,26.605844,-0.03826,0.890119,0.05502,0.450774,3.455323,6.121144,42.317268,-0.024553,0.951763,0.061095,0.299686,-8.461112,1.935622,-12.649633,-0.03826,0.890119,0.05502,0.450774,15.404606,1.942423,33.663666
574,4.783333,-0.034599,0.941913,0.039846,0.331685,0.585571,84.714355,17.74571,-0.041547,0.962303,0.103047,0.24825,-0.119054,92.363014,18.146523,-0.011837,0.96793,0.126433,0.216763,-2.867609,112.806633,21.87134,0.118307,0.985287,-0.022704,0.121234,-4.496303,133.084976,26.892477,0.18081,0.968547,-0.170751,0.00823,-0.588709,147.064072,24.840181,-0.012128,0.917986,0.098871,0.383901,-7.871872,127.538643,24.461563,0.423504,-0.540791,0.132968,-0.714499,-20.199335,128.476761,12.094167,0.30406,0.132981,-0.454021,-0.826879,-10.770356,112.384796,-4.298246,0.416412,0.219259,-0.525405,-0.708855,3.886986,134.454895,-5.789386,-0.0186,0.960565,0.17463,0.215577,-1.128642,127.30117,27.607912,0.345817,0.886974,0.169476,-0.254885,14.72099,126.609398,34.963829,-0.00763,0.208352,0.464264,-0.860808,30.386465,113.521919,20.825956,-0.012987,-0.033909,0.673888,-0.737941,18.589941,133.157486,12.221608,0.062721,0.904864,0.224651,0.356116,-6.707989,84.350929,11.858952,0.117832,0.977302,-0.061912,0.164814,-5.022902,52.052204,-4.494478,-0.023953,0.951877,0.060382,0.299516,-16.948418,6.173062,-0.58597,-0.101509,0.938782,-0.007316,0.329136,7.87913,85.077782,23.632469,0.043047,0.898344,-0.202996,0.387193,14.611962,49.586563,26.552027,-0.038245,0.890052,0.055173,0.45089,3.456205,6.118279,42.314262,-0.023953,0.951877,0.060382,0.299516,-8.467892,1.946846,-12.64216,-0.038245,0.890052,0.055173,0.45089,15.408105,1.94342,33.662407
575,4.791667,-0.034824,0.941092,0.039935,0.333975,0.589397,84.701111,17.553381,-0.04205,0.961762,0.10324,0.250173,-0.119903,92.349419,17.9526,-0.011795,0.967461,0.127107,0.218459,-2.897561,112.785385,21.67346,0.118272,0.985197,-0.021246,0.122257,-4.539505,133.05661,26.718988,0.180865,0.968726,-0.169665,0.008486,-0.633337,147.04277,24.712603,-0.013271,0.916958,0.099112,0.386249,-7.907766,127.514587,24.268187,0.423765,-0.540003,0.134093,-0.71473,-20.170971,128.427872,11.835226,0.312141,0.138384,-0.453162,-0.823445,-10.714637,112.304008,-4.510016,0.432398,0.225497,-0.52361,-0.698581,3.906788,134.401199,-5.969792,-0.018877,0.960147,0.175206,0.216946,-1.175515,127.271057,27.437496,0.345096,0.887485,0.169354,-0.254163,14.653055,126.575592,34.838276,-0.009013,0.209383,0.463908,-0.860737,30.361509,113.503479,20.733925,-0.014167,-0.032887,0.673814,-0.738033,18.569082,133.138321,12.117577,0.062733,0.903572,0.224911,0.359217,-6.675281,84.33651,11.63109,0.11833,0.9771,-0.064606,0.164619,-4.927808,52.046383,-4.732753,-0.023395,0.952042,0.059592,0.299195,-16.938379,6.210849,-0.580584,-0.102033,0.938391,-0.008647,0.330057,7.854076,85.065704,23.47567,0.042365,0.897873,-0.203379,0.388158,14.587318,49.583755,26.504881,-0.038178,0.890017,0.055033,0.450981,3.458948,6.124729,42.31192,-0.023395,0.952042,0.059592,0.299195,-8.473149,1.957352,-12.637928,-0.038178,0.890017,0.055033,0.450981,15.41149,1.945303,33.663158
576,4.8,-0.034966,0.940107,0.040152,0.336695,0.591034,84.684074,17.345793,-0.042215,0.961174,0.103477,0.252298,-0.122593,92.331955,17.745356,-0.01211,0.966953,0.127652,0.220363,-2.916432,112.757111,21.466261,0.1179,0.985146,-0.019288,0.123348,-4.58602,133.022217,26.527304,0.181097,0.968901,-0.168408,0.008626,-0.692141,147.020142,24.58016,-0.013972,0.916277,0.099031,0.387857,-7.942438,127.481613,24.05711,0.423295,-0.538718,0.135802,-0.715655,-20.161425,128.377228,11.579408,0.315642,0.141054,-0.453493,-0.821473,-10.659116,112.226082,-4.71216,0.440323,0.228586,-0.524283,-0.692092,3.907687,134.362,-6.159883,-0.019349,0.959666,0.175447,0.218825,-1.222735,127.237114,27.252865,0.344718,0.887868,0.169365,-0.25333,14.576554,126.543808,34.716148,-0.010055,0.210566,0.463994,-0.86039,30.318958,113.47493,20.646698,-0.014906,-0.03216,0.673286,-0.738532,18.555374,133.115814,12.008236,0.062789,0.902319,0.22528,0.362116,-6.639238,84.321022,11.381452,0.118781,0.976936,-0.067534,0.16409,-4.832812,52.043438,-5.000727,-0.022862,0.952239,0.058455,0.298834,-16.925951,6.254885,-0.578636,-0.102376,0.937738,-0.009843,0.331767,7.821307,85.047127,23.310133,0.041425,0.897351,-0.20385,0.389217,14.543168,49.571846,26.441082,-0.037642,0.889913,0.055161,0.451216,3.459178,6.12359,42.308807,-0.022862,0.952239,0.058455,0.298834,-8.477638,1.964607,-12.634818,-0.037642,0.889913,0.055161,0.451216,15.411975,1.940331,33.662254
577,4.808333,-0.03505,0.939061,0.040377,0.339566,0.595361,84.664284,17.12076,-0.042168,0.960469,0.104218,0.254677,-0.121868,92.311798,17.520948,-0.012769,0.966367,0.128055,0.222652,-2.930047,112.725403,21.263937,0.117478,0.985036,-0.017862,0.124831,-4.642062,132.985504,26.330849,0.181171,0.969137,-0.166931,0.00921,-0.758877,146.992676,24.429359,-0.014844,0.915678,0.098593,0.38935,-7.981571,127.443657,23.840588,0.424335,-0.537283,0.136292,-0.716024,-20.159111,128.310837,11.320424,0.315908,0.141711,-0.454691,-0.820595,-10.586768,112.142181,-4.912664,0.440423,0.228101,-0.527561,-0.689693,3.911537,134.320816,-6.364733,-0.019836,0.959246,0.175758,0.220372,-1.277216,127.202866,27.068699,0.3447,0.887958,0.171491,-0.251601,14.497645,126.513733,34.583874,-0.010123,0.211171,0.464076,-0.860196,30.284023,113.456116,20.553276,-0.015893,-0.031564,0.67318,-0.738634,18.538212,133.094406,11.894101,0.062533,0.90118,0.225478,0.364861,-6.598372,84.304039,11.112225,0.11946,0.976767,-0.070431,0.163387,-4.719985,52.030617,-5.270068,-0.022812,0.952391,0.05717,0.298602,-16.914806,6.295475,-0.582415,-0.10287,0.937024,-0.011256,0.333581,7.789092,85.024529,23.129293,0.040643,0.89699,-0.204253,0.38992,14.503774,49.558769,26.381111,-0.038227,0.889863,0.05506,0.451276,3.459426,6.12002,42.302429,-0.022812,0.952391,0.05717,0.298602,-8.475914,1.968586,-12.632113,-0.038227,0.889863,0.05506,0.451276,15.418121,1.942045,33.661476
578,4.816667,-0.035257,0.937894,0.040551,0.342734,0.605754,84.648499,16.883734,-0.042389,0.959723,0.104898,0.257161,-0.116715,92.295578,17.2829,-0.013434,0.96576,0.128564,0.224942,-2.949487,112.693962,21.041662,0.117505,0.984865,-0.015815,0.126424,-4.705156,132.947845,26.118443,0.181144,0.969395,-0.165423,0.009771,-0.821774,146.963715,24.282442,-0.015384,0.915025,0.09815,0.390971,-8.027318,127.405144,23.607016,0.425155,-0.535656,0.137282,-0.716568,-20.160049,128.254913,11.042243,0.315861,0.142239,-0.456064,-0.81976,-10.51448,112.059845,-5.121009,0.440244,0.227721,-0.529618,-0.688356,3.910254,134.287659,-6.578328,-0.020516,0.958628,0.176503,0.222393,-1.338483,127.167717,26.867405,0.344282,0.888475,0.170766,-0.250839,14.40413,126.482712,34.450264,-0.011829,0.212827,0.46426,-0.859667,30.223804,113.419174,20.462759,-0.017148,-0.030533,0.673046,-0.738771,18.519358,133.07402,11.777228,0.062662,0.899722,0.22569,0.368291,-6.547155,84.288895,10.826627,0.120009,0.976541,-0.07363,0.162922,-4.608829,52.023552,-5.564584,-0.022021,0.952562,0.055843,0.298365,-16.898586,6.344777,-0.584476,-0.10309,0.936182,-0.012674,0.33582,7.758663,85.00811,22.940842,0.039498,0.896406,-0.204666,0.391162,14.445684,49.5481,26.310232,-0.038295,0.889787,0.055047,0.451422,3.461728,6.116721,42.293293,-0.022021,0.952562,0.055843,0.298365,-8.476647,1.973546,-12.630022,-0.038295,0.889787,0.055047,0.451422,15.423745,1.939373,33.656643
579,4.825,-0.035432,0.936627,0.040889,0.346125,0.609573,84.632668,16.633663,-0.042453,0.95891,0.105738,0.259824,-0.118641,92.279137,17.034142,-0.014017,0.965079,0.129292,0.227398,-2.971507,112.656677,20.815203,0.11727,0.984738,-0.014069,0.127831,-4.770545,132.902023,25.910828,0.181114,0.969707,-0.163601,0.010002,-0.894262,146.926956,24.129946,-0.016248,0.914166,0.097859,0.393013,-8.074975,127.360023,23.374559,0.427129,-0.534432,0.136842,-0.716392,-20.150749,128.185623,10.753436,0.31808,0.144369,-0.456734,-0.818154,-10.434149,111.980858,-5.357467,0.443077,0.229133,-0.529387,-0.686244,3.925676,134.251617,-6.799425,-0.02093,0.958158,0.176686,0.224225,-1.402919,127.123665,26.669228,0.343756,0.888758,0.172882,-0.249105,14.310463,126.439476,34.312542,-0.012515,0.213767,0.46414,-0.859489,30.191187,113.4058,20.366417,-0.018418,-0.029609,0.67268,-0.739112,18.502199,133.057098,11.659635,0.062575,0.898364,0.225612,0.371652,-6.499285,84.275612,10.524762,0.120592,0.976454,-0.076629,0.161625,-4.496273,52.006943,-5.852131,-0.021825,0.952805,0.05445,0.297863,-16.876167,6.384349,-0.588289,-0.1036,0.935272,-0.014333,0.338124,7.718429,84.989731,22.742563,0.03841,0.895781,-0.204958,0.392547,14.390442,49.540611,26.25333,-0.038502,0.889674,0.054953,0.451639,3.463682,6.11254,42.284512,-0.021825,0.952805,0.05445,0.297863,-8.472095,1.972205,-12.6314,-0.038502,0.889674,0.054953,0.451639,15.431293,1.935585,33.655418
580,4.833333,-0.035521,0.935256,0.041173,0.349771,0.613942,84.618332,16.370361,-0.042672,0.958057,0.106418,0.262641,-0.118632,92.264336,16.771599,-0.01438,0.964378,0.130025,0.229918,-2.99742,112.625816,20.566973,0.1163,0.984683,-0.011879,0.129357,-4.831457,132.862778,25.683407,0.181417,0.969958,-0.161728,0.010597,-0.984135,146.903854,23.968086,-0.017836,0.912918,0.098652,0.395638,-8.120253,127.323273,23.121496,0.428384,-0.53254,0.137964,-0.716836,-20.121735,128.118866,10.427788,0.322931,0.147818,-0.457326,-0.815302,-10.320187,111.878059,-5.595133,0.451878,0.233317,-0.52564,-0.681962,3.962661,134.209793,-7.037976,-0.021856,0.957439,0.17749,0.226563,-1.465513,127.084641,26.450836,0.343334,0.88919,0.17344,-0.247753,14.209631,126.410103,34.173115,-0.013734,0.215314,0.464215,-0.859043,30.138088,113.38295,20.275431,-0.019769,-0.028503,0.672346,-0.739424,18.484295,133.042267,11.535526,0.062393,0.897063,0.225675,0.374774,-6.4472,84.265266,10.206142,0.121161,0.97616,-0.079995,0.161348,-4.373674,51.997025,-6.162797,-0.020872,0.953018,0.052879,0.297533,-16.852634,6.437665,-0.594078,-0.103926,0.934289,-0.016412,0.340638,7.675085,84.97139,22.534582,0.037703,0.895165,-0.205452,0.393761,14.307841,49.531807,26.212029,-0.038416,0.889436,0.054978,0.452111,3.401337,6.117889,42.295265,-0.020872,0.953018,0.052879,0.297533,-8.470201,1.973002,-12.632911,-0.038416,0.889436,0.054978,0.452111,15.377265,1.940572,33.677898
581,4.841667,-0.035768,0.933791,0.041738,0.353571,0.623442,84.605133,16.086939,-0.042789,0.957168,0.107442,0.265433,-0.117369,92.250153,16.491947,-0.014973,0.963648,0.130967,0.232394,-3.022022,112.594902,20.316771,0.116293,0.984481,-0.009904,0.131055,-4.902209,132.820816,25.460011,0.180981,0.970331,-0.15993,0.011259,-1.055649,146.869751,23.8085,-0.019222,0.91202,0.098818,0.3976,-8.172237,127.28286,22.870918,0.430248,-0.530778,0.137652,-0.717087,-20.11751,128.043854,10.122182,0.331207,0.152688,-0.4565,-0.811539,-10.218645,111.800804,-5.838528,0.465602,0.2394,-0.520537,-0.674495,4.029045,134.160019,-7.28775,-0.022434,0.956768,0.178205,0.228767,-1.534798,127.044502,26.234644,0.342758,0.889675,0.173755,-0.246586,14.104355,126.369385,34.029514,-0.015059,0.216503,0.46427,-0.858693,30.081093,113.35318,20.177055,-0.020779,-0.027591,0.673004,-0.738832,18.452375,133.026047,11.419073,0.062699,0.895244,0.225446,0.379185,-6.387225,84.255402,9.865182,0.121577,0.97594,-0.083455,0.160608,-4.259478,51.982422,-6.487457,-0.020712,0.953294,0.051251,0.296944,-16.821754,6.486466,-0.59699,-0.104561,0.933162,-0.018445,0.343416,7.634108,84.954865,22.308695,0.036496,0.894411,-0.205783,0.395412,14.247426,49.530014,26.159096,-0.03803,0.889211,0.0551,0.452573,3.401587,6.120533,42.295246,-0.020712,0.953294,0.051251,0.296944,-8.459665,1.97471,-12.632418,-0.03803,0.889211,0.0551,0.452573,15.383357,1.941304,33.686924
582,4.85,-0.035442,0.932225,0.041861,0.357698,0.607419,84.593269,15.79611,-0.042536,0.956167,0.108527,0.268622,-0.131172,92.238487,16.201391,-0.015827,0.962802,0.131775,0.235367,-3.047496,112.553955,20.058342,0.115872,0.984291,-0.007831,0.132981,-4.985894,132.769882,25.219254,0.180879,0.970697,-0.157754,0.011985,-1.15156,146.829758,23.633783,-0.019849,0.91112,0.099698,0.399408,-8.232439,127.231598,22.601414,0.432644,-0.528003,0.13808,-0.717612,-20.126453,127.991776,9.8048,0.342266,0.157949,-0.455533,-0.806471,-10.087505,111.726379,-6.04527,0.483172,0.246966,-0.514857,-0.663684,4.119222,134.10495,-7.560678,-0.023083,0.956081,0.178826,0.23108,-1.616102,126.996681,26.006693,0.342344,0.890046,0.1751,-0.244866,13.984813,126.323303,33.877964,-0.016276,0.217891,0.464494,-0.858198,30.017626,113.320633,20.077677,-0.022274,-0.026876,0.672778,-0.739021,18.429342,133.004379,11.295078,0.062303,0.893548,0.225399,0.383255,-6.348616,84.254349,9.512743,0.122169,0.975657,-0.08696,0.160019,-4.122313,51.976265,-6.816694,-0.020101,0.953523,0.049205,0.296597,-16.78499,6.550869,-0.605335,-0.105637,0.931894,-0.020348,0.346412,7.563454,84.932198,22.079477,0.035307,0.89367,-0.205999,0.397079,14.188057,49.529083,26.106375,-0.03789,0.88903,0.055192,0.452929,3.405127,6.119925,42.285496,-0.020101,0.953523,0.049205,0.296597,-8.442937,1.976417,-12.630992,-0.03789,0.88903,0.055192,0.452929,15.392758,1.941308,33.685047
583,4.858333,-0.035447,0.930533,0.042583,0.361992,0.606917,84.57608,15.480879,-0.042281,0.955157,0.109731,0.271746,-0.137608,92.220352,15.893045,-0.016762,0.961958,0.132725,0.238203,-3.067549,112.510155,19.787777,0.11461,0.984207,-0.005764,0.134788,-5.06824,132.714264,24.971121,0.181147,0.971019,-0.155372,0.012916,-1.270455,146.790924,23.447676,-0.020832,0.910259,0.100026,0.401235,-8.290335,127.175537,22.324211,0.43419,-0.524881,0.138632,-0.71886,-20.131783,127.915993,9.477785,0.353831,0.163735,-0.454528,-0.800874,-9.937222,111.649048,-6.271058,0.502758,0.25548,-0.507694,-0.651315,4.222938,134.060974,-7.848608,-0.023944,0.955339,0.178848,0.234024,-1.694444,126.944878,25.769217,0.341798,0.89055,0.175421,-0.243563,13.857165,126.281067,33.738266,-0.017655,0.219634,0.464623,-0.857656,29.940125,113.286522,19.988775,-0.023677,-0.025636,0.673317,-0.73853,18.39493,132.979721,11.170146,0.062078,0.891717,0.225167,0.387668,-6.29114,84.246483,9.133423,0.122729,0.975497,-0.090595,0.158546,-3.976456,51.958775,-7.164671,-0.019596,0.953842,0.047247,0.29592,-16.731876,6.607828,-0.60863,-0.106406,0.93043,-0.022397,0.349965,7.504973,84.905685,21.828335,0.033691,0.892586,-0.206305,0.399492,14.113023,49.520744,26.037979,-0.038747,0.888925,0.054685,0.453123,3.411983,6.112984,42.275124,-0.019596,0.953842,0.047247,0.29592,-8.416798,1.974141,-12.630294,-0.038747,0.888925,0.054685,0.453123,15.408921,1.932792,33.688423
584,4.866667,-0.035313,0.928868,0.04278,0.366235,0.597428,84.563148,15.162137,-0.042431,0.954066,0.111092,0.274984,-0.148171,92.207306,15.574464,-0.017146,0.961079,0.133788,0.241109,-3.112284,112.481728,19.510513,0.114197,0.984015,-0.003376,0.136608,-5.154739,132.673416,24.725863,0.180835,0.971361,-0.153541,0.013459,-1.370924,146.761688,23.276972,-0.021878,0.909192,0.100348,0.403511,-8.357866,127.138901,22.047291,0.436259,-0.521578,0.139054,-0.71993,-20.133701,127.859375,9.139559,0.366313,0.169865,-0.453557,-0.79451,-9.773258,111.587669,-6.495686,0.523166,0.26469,-0.500721,-0.6368,4.32648,134.034973,-8.152534,-0.024636,0.954541,0.179868,0.236413,-1.782912,126.903961,25.531805,0.341859,0.890702,0.177385,-0.241487,13.728215,126.239204,33.579285,-0.018425,0.220772,0.465096,-0.857092,29.859114,113.24482,19.885908,-0.025129,-0.024696,0.673677,-0.738185,18.360878,132.952805,11.04428,0.061723,0.889613,0.225368,0.392414,-6.242846,84.241714,8.752038,0.123622,0.974833,-0.094623,0.159574,-3.812619,51.957382,-7.535914,-0.018952,0.953868,0.044245,0.296343,-16.713125,6.698334,-0.637614,-0.107411,0.929028,-0.024635,0.353217,7.437702,84.884575,21.572235,0.032251,0.891697,-0.20645,0.401517,14.040035,49.522842,25.981123,-0.038735,0.888733,0.054609,0.45351,3.418751,6.111762,42.261696,-0.018952,0.953868,0.044245,0.296343,-8.402102,1.975325,-12.627281,-0.038735,0.888733,0.054609,0.45351,15.422644,1.929525,33.685715
585,4.875,-0.034883,0.927198,0.042799,0.370481,0.571998,84.548477,14.826086,-0.041763,0.95294,0.112494,0.278401,-0.169455,92.193077,15.237739,-0.018171,0.960064,0.134931,0.24442,-3.133474,112.431892,19.221115,0.112679,0.983918,-0.001262,0.138592,-5.246719,132.609207,24.463886,0.180975,0.971717,-0.151025,0.014301,-1.506789,146.715515,23.077955,-0.02289,0.907935,0.101713,0.405937,-8.421491,127.074982,21.751156,0.438034,-0.517742,0.139407,-0.721551,-20.127064,127.792152,8.779491,0.378342,0.176078,-0.453535,-0.787503,-9.573519,111.534073,-6.740361,0.543993,0.273529,-0.494524,-0.620242,4.41597,134.049637,-8.490259,-0.025532,0.953798,0.180591,0.238756,-1.871009,126.843681,25.281698,0.341403,0.891178,0.178123,-0.239828,13.599605,126.187386,33.407475,-0.020133,0.22223,0.465323,-0.856553,29.785643,113.199303,19.773314,-0.026799,-0.023946,0.673677,-0.738152,18.328894,132.925232,10.915095,0.060872,0.887467,0.225529,0.397283,-6.21016,84.239189,8.353941,0.124422,0.974259,-0.09861,0.160048,-3.631397,51.952564,-7.906604,-0.01858,0.954043,0.040891,0.296286,-16.664259,6.785682,-0.661775,-0.108509,0.927471,-0.02696,0.356788,7.354155,84.857765,21.298231,0.030486,0.890625,-0.20661,0.403942,13.951641,49.521915,25.91688,-0.038639,0.888533,0.054679,0.4539,3.429376,6.1066,42.250355,-0.01858,0.954043,0.040891,0.296286,-8.367546,1.966046,-12.62286,-0.038639,0.888533,0.054679,0.4539,15.440067,1.925001,33.683594
586,4.883333,-0.034593,0.925407,0.043343,0.374896,0.554264,84.534744,14.47863,-0.041265,0.951779,0.113892,0.281858,-0.188141,92.178932,14.896139,-0.018925,0.959045,0.136146,0.247666,-3.161559,112.39637,18.927366,0.112286,0.983662,0.001402,0.140709,-5.3353,132.558701,24.202921,0.18014,0.972144,-0.149205,0.014929,-1.609478,146.676727,22.900768,-0.02384,0.906687,0.10266,0.408426,-8.484605,127.027115,21.455353,0.440256,-0.514031,0.13897,-0.722934,-20.117727,127.737556,8.418305,0.38908,0.18162,-0.453998,-0.780716,-9.368027,111.50956,-6.998064,0.561775,0.281622,-0.490336,-0.603878,4.495181,134.098038,-8.850071,-0.026059,0.952923,0.181356,0.241595,-1.958328,126.795303,25.030407,0.340879,0.891421,0.180755,-0.237692,13.463649,126.131393,33.247505,-0.020853,0.223533,0.46531,-0.856204,29.718075,113.17453,19.665098,-0.028764,-0.023071,0.673759,-0.738031,18.290937,132.898087,10.773873,0.05984,0.885262,0.226013,0.402055,-6.166529,84.239021,7.942153,0.125841,0.973244,-0.102793,0.162465,-3.419735,51.959206,-8.30439,-0.017211,0.953793,0.036781,0.297708,-16.659267,6.906238,-0.732357,-0.109715,0.92595,-0.02948,0.360153,7.275057,84.83046,21.015108,0.028921,0.889724,-0.206764,0.40596,13.869193,49.523987,25.857845,-0.038396,0.888338,0.054776,0.454292,3.436428,6.105876,42.241241,-0.017211,0.953793,0.036781,0.297708,-8.353093,1.960797,-12.635386,-0.038396,0.888338,0.054776,0.454292,15.452748,1.923618,33.682693
587,4.891667,-0.034444,0.923619,0.043912,0.379227,0.529572,84.528671,14.114944,-0.04058,0.950583,0.115374,0.285368,-0.215971,92.172256,14.537907,-0.019797,0.957944,0.137576,0.251048,-3.191077,112.354729,18.619616,0.11079,0.983524,0.003586,0.142808,-5.433259,132.499237,23.934418,0.179926,0.972511,-0.146956,0.015877,-1.751259,146.634628,22.697617,-0.024949,0.905008,0.104114,0.411702,-8.554306,126.970543,21.149086,0.441854,-0.510008,0.138652,-0.724867,-20.091564,127.679977,8.027074,0.398037,0.187053,-0.455587,-0.773963,-9.132874,111.497581,-7.289766,0.577926,0.289205,-0.48713,-0.587423,4.550143,134.194855,-9.233629,-0.026933,0.951946,0.182773,0.24427,-2.053644,126.738647,24.770506,0.340163,0.89216,0.179397,-0.236972,13.321259,126.073898,33.075283,-0.023746,0.225682,0.465714,-0.855344,29.616892,113.113808,19.545431,-0.030459,-0.022092,0.673916,-0.73785,18.251593,132.875504,10.636975,0.058482,0.882759,0.226638,0.407373,-6.130154,84.244263,7.515762,0.127426,0.972052,-0.107144,0.165522,-3.179998,51.973309,-8.712716,-0.015909,0.953645,0.032125,0.298791,-16.650232,7.045427,-0.811542,-0.110823,0.924355,-0.032021,0.363677,7.189297,84.81308,20.714125,0.026956,0.888597,-0.206951,0.40846,13.770443,49.535652,25.780968,-0.038183,0.888163,0.054533,0.454681,3.450469,6.114429,42.227425,-0.015909,0.953645,0.032125,0.298791,-8.344461,1.960018,-12.655726,-0.038183,0.888163,0.054533,0.454681,15.471399,1.923006,33.67984
588,4.9,-0.03402,0.921772,0.044986,0.383609,0.501791,84.516716,13.72788,-0.040394,0.949308,0.116972,0.288963,-0.246063,92.159279,14.165002,-0.019908,0.956834,0.139199,0.254356,-3.247267,112.321213,18.298674,0.110025,0.983286,0.006147,0.144936,-5.529381,132.446716,23.668222,0.179047,0.972925,-0.145191,0.016699,-1.87227,146.595276,22.510649,-0.026587,0.903233,0.104836,0.415299,-8.63028,126.927277,20.842272,0.440576,-0.505547,0.139353,-0.728626,-20.060549,127.610123,7.625559,0.404262,0.191397,-0.458222,-0.768096,-8.88652,111.506447,-7.618497,-0.592546,-0.296057,0.485292,0.570729,4.595489,134.34877,-9.652872,-0.0278,0.951003,0.184174,0.246781,-2.154574,126.683739,24.50737,0.340031,0.892027,0.184337,-0.233851,13.175547,126.018761,32.894508,-0.024049,0.22657,0.465877,-0.855012,29.548624,113.096359,19.422241,-0.032784,-0.020731,0.673287,-0.738363,18.216934,132.850266,10.492512,0.056544,0.880153,0.227357,0.412846,-6.095764,84.252167,7.065726,0.129686,0.970512,-0.111491,0.169875,-2.899511,51.988705,-9.131012,-0.014244,0.953185,0.026827,0.300858,-16.674337,7.206526,-0.933397,-0.112111,0.922862,-0.034852,0.366801,7.099347,84.781265,20.390034,0.025081,0.887619,-0.207203,0.410572,13.67213,49.538361,25.702072,-0.037015,0.887919,0.055264,0.455166,3.461495,6.117812,42.218391,-0.014244,0.953185,0.026827,0.300858,-8.351433,1.961009,-12.695442,-0.037015,0.887919,0.055264,0.455166,15.484065,1.929761,33.671467
589,4.908333,-0.033786,0.919984,0.045997,0.38778,0.478536,84.502289,13.342142,-0.039722,0.948086,0.118275,0.292516,-0.273989,92.143677,13.791559,-0.020936,0.955647,0.140792,0.257835,-3.276936,112.2761,17.968941,0.108762,0.983069,0.008405,0.147228,-5.636729,132.381149,23.381365,0.17836,0.973363,-0.142956,0.017799,-2.017246,146.544861,22.292868,-0.027618,0.901176,0.107063,0.419114,-8.706087,126.864532,20.515793,0.443755,-0.501679,0.135872,-0.730026,-20.023077,127.563408,7.202786,0.412299,0.197259,-0.460708,-0.76082,-8.607988,111.58168,-7.990918,-0.60647,-0.30287,0.483904,0.553444,4.631212,134.55751,-10.112526,-0.028711,0.949948,0.185716,0.249567,-2.257544,126.621918,24.228537,0.339446,0.892528,0.184883,-0.232353,13.022404,125.954781,32.706566,-0.025991,0.228201,0.46619,-0.854351,29.449881,113.042389,19.291027,-0.034455,-0.019924,0.673579,-0.738043,18.167715,132.819733,10.344296,0.05413,0.87767,0.228714,0.417679,-6.058963,84.253807,6.620432,0.132805,0.968571,-0.116504,0.175101,-2.578209,52.015831,-9.568424,-0.012421,0.952447,0.020341,0.303772,-16.755362,7.420236,-1.045981,-0.113188,0.921615,-0.037812,0.369302,7.016035,84.750778,20.063854,0.023283,0.886931,-0.207455,0.412035,13.565092,49.541058,25.619644,-0.036698,0.887798,0.055266,0.455428,3.469067,6.122181,42.210659,-0.012421,0.952447,0.020341,0.303772,-8.401331,1.981588,-12.697731,-0.036698,0.887798,0.055266,0.455428,15.493809,1.929895,33.668865
590,4.916667,-0.03352,0.918247,0.047214,0.391752,0.446213,84.49118,12.948242,-0.039881,0.946819,0.119543,0.296063,-0.311801,92.131104,13.413161,-0.020753,0.954485,0.142671,0.261098,-3.350626,112.241554,17.624527,0.107143,0.982929,0.010744,0.149182,-5.741899,132.3246,23.104404,0.177923,0.973734,-0.140841,0.018713,-2.171742,146.505905,22.084227,-0.029128,0.898938,0.10983,0.423084,-8.793278,126.820717,20.195446,0.44282,-0.497284,0.134327,-0.733877,-19.990314,127.530098,6.781946,0.418481,0.202265,-0.463768,-0.754243,-8.336474,111.698654,-8.387815,-0.620503,-0.311482,0.480887,0.535447,4.654725,134.828308,-10.598691,-0.029276,0.948986,0.186837,0.252309,-2.369834,126.560997,23.950304,0.338543,0.893239,0.184532,-0.231214,12.860836,125.883972,32.51577,-0.02858,0.230243,0.466472,-0.853566,29.344934,112.985168,19.156738,-0.036114,-0.01903,0.673649,-0.737923,18.118868,132.792679,10.190922,0.051244,0.874958,0.230627,0.422652,-6.033525,84.26075,6.170197,0.136272,0.966845,-0.120737,0.179062,-2.218067,52.064438,-10.026133,-0.010276,0.951719,0.013102,0.306518,-16.808355,7.653141,-1.242593,-0.114019,0.920294,-0.040657,0.372029,6.925951,84.721611,19.726286,0.02096,0.885854,-0.207736,0.41433,13.435411,49.541763,25.513029,-0.037152,0.887674,0.054698,0.4557,3.481225,6.124205,42.192951,-0.010276,0.951719,0.013102,0.306518,-8.435057,1.999131,-12.777409,-0.037152,0.887674,0.054698,0.4557,15.51297,1.923303,33.665264
591,4.925,-0.033459,0.916493,0.048334,0.395709,0.41487,84.474083,12.559756,-0.039585,0.945635,0.120564,0.299453,-0.351066,92.112419,13.037525,-0.021236,0.953325,0.144465,0.264291,-3.404052,112.201881,17.278694,0.106436,0.982661,0.013455,0.151223,-5.852565,132.262497,22.815168,0.176638,0.974235,-0.138883,0.019386,-2.307579,146.455841,21.878147,-0.030668,0.896354,0.113189,0.427548,-8.878654,126.766243,19.86566,0.442633,-0.49307,0.130753,-0.73747,-19.939688,127.49736,6.340943,0.424808,0.20805,-0.466812,-0.747222,-8.031559,111.870087,-8.843036,-0.633468,-0.321948,0.477232,0.517027,4.690062,135.160233,-11.125832,-0.030378,0.94792,0.188548,0.254903,-2.480492,126.499176,23.662928,0.338224,0.893068,0.190052,-0.227849,12.701877,125.825378,32.313976,-0.028295,0.230915,0.466491,-0.853384,29.273432,112.97525,19.016371,-0.038248,-0.018015,0.67387,-0.737639,18.070103,132.765198,10.023459,0.048057,0.872165,0.233611,0.427136,-6.006495,84.257629,5.725923,0.140833,0.964685,-0.125018,0.184172,-1.811869,52.138798,-10.530382,-0.008719,0.950328,0.004073,0.311101,-16.926363,7.9478,-1.524948,-0.114666,0.918916,-0.043479,0.374907,6.836234,84.690536,19.393591,0.018996,0.885466,-0.208079,0.41508,13.292212,49.53862,25.405613,-0.03644,0.887489,0.055032,0.456077,3.47587,6.127155,42.182819,-0.008719,0.950328,0.004073,0.311101,-8.491449,2.037258,-12.884956,-0.03644,0.887489,0.055032,0.456077,15.509725,1.925371,33.658543
592,4.933333,-0.033548,0.914827,0.049668,0.399374,0.388085,84.46106,12.172111,-0.039861,0.94448,0.121369,0.302719,-0.389169,92.09729,12.664975,-0.021362,0.95219,0.146453,0.267263,-3.475601,112.165054,16.920406,0.105134,0.982456,0.015461,0.153259,-5.968409,132.201202,22.525312,0.175623,0.974704,-0.136681,0.02068,-2.462861,146.408173,21.648554,-0.03233,0.893543,0.116679,0.432344,-8.973386,126.715912,19.534107,0.441938,-0.488609,0.126179,-0.741641,-19.886518,127.469864,5.891013,0.430298,0.213858,-0.470404,-0.740154,-7.702534,112.098907,-9.33569,-0.645857,-0.332248,0.473448,0.498324,4.718717,135.566925,-11.688495,-0.031343,0.947022,0.189838,0.257154,-2.598819,126.435974,23.369938,0.33764,0.893941,0.187522,-0.227388,12.541143,125.766716,32.095337,-0.032007,0.233374,0.467171,-0.852211,29.142719,112.894943,18.856253,-0.039978,-0.017134,0.673697,-0.737727,18.021097,132.741608,9.855647,0.044956,0.868999,0.237446,0.431787,-5.978508,84.257431,5.286832,0.145767,0.962182,-0.12936,0.190328,-1.378723,52.248608,-11.07652,-0.007071,0.948598,-0.006803,0.316332,-17.063179,8.297211,-1.875254,-0.115097,0.918117,-0.04644,0.376375,6.754679,84.664688,19.057388,0.016654,0.884609,-0.208449,0.416821,13.147332,49.539249,25.287891,-0.036529,0.8874,0.05468,0.456287,3.480475,6.134498,42.16893,-0.007071,0.948598,-0.006803,0.316332,-8.562369,2.082825,-13.021988,-0.036529,0.8874,0.05468,0.456287,15.517759,1.924746,33.653431
593,4.941667,-0.033263,0.913258,0.051211,0.40278,0.345782,84.451965,11.774885,-0.039819,0.9434,0.12243,0.305649,-0.438823,92.086098,12.288225,-0.021825,0.95114,0.148225,0.269974,-3.548598,112.134087,16.573446,0.103676,0.98227,0.017186,0.15525,-6.095599,132.147507,22.234863,0.174798,0.975144,-0.134336,0.022206,-2.633145,146.368118,21.40933,-0.033721,0.890744,0.120116,0.437047,-9.077252,126.66967,19.206886,0.441002,-0.484264,0.120138,-0.746038,-19.844149,127.455177,5.449862,0.434344,0.21904,-0.474175,-0.733842,-7.376317,112.398354,-9.860712,-0.655214,-0.342977,0.469675,0.482148,4.742141,136.034882,-12.272876,-0.032157,0.9461,0.191328,0.259334,-2.724671,126.382919,23.078516,0.336861,0.894385,0.189002,-0.22556,12.374105,125.711632,31.87483,-0.033263,0.234731,0.467422,-0.851653,29.042873,112.866554,18.694372,-0.04108,-0.016864,0.673999,-0.737397,17.965561,132.724289,9.674159,0.040851,0.866364,0.241528,0.435211,-5.96991,84.269028,4.842313,0.151751,0.959316,-0.134013,0.196785,-0.916076,52.376411,-11.613722,-0.005646,0.946354,-0.018531,0.32255,-17.273479,8.71098,-2.224617,-0.11574,0.916883,-0.049366,0.378804,6.661475,84.634903,18.707457,0.014194,0.883713,-0.208787,0.418639,12.998038,49.540543,25.166174,-0.036718,0.887323,0.05427,0.45647,3.489944,6.141973,42.152946,-0.005646,0.946354,-0.018531,0.32255,-8.688746,2.176407,-13.12111,-0.036718,0.887323,0.05427,0.45647,15.530786,1.924099,33.646507
594,4.95,-0.033161,0.911794,0.052702,0.4059,0.307403,84.445305,11.391014,-0.040113,0.942382,0.123214,0.308424,-0.486793,92.077156,11.923165,-0.021833,0.950136,0.150124,0.272449,-3.629727,112.111412,16.224501,0.102621,0.982082,0.019213,0.156894,-6.213174,132.101089,21.952919,0.17351,0.975607,-0.132488,0.023094,-2.784817,146.333313,21.187504,-0.036402,0.886934,0.125535,0.443017,-9.17716,126.63443,18.887611,0.438632,-0.480184,0.114074,-0.751008,-19.75375,127.45031,4.985489,0.435697,0.223389,-0.478883,-0.728654,-7.019974,112.73587,-10.438659,-0.662065,-0.352843,0.466189,0.468871,4.769097,136.566483,-12.888676,-0.032918,0.945398,0.192486,0.260938,-2.844575,126.334297,22.790857,0.336598,0.894609,0.19011,-0.224134,12.223286,125.666084,31.640265,-0.034716,0.235674,0.467893,-0.851075,28.932732,112.827919,18.504646,-0.04241,-0.016428,0.674601,-0.736781,17.896566,132.714081,9.484143,0.037479,0.863654,0.246927,0.437863,-5.961088,84.279381,4.415304,0.157173,0.955868,-0.138866,0.205742,-0.470296,52.558781,-12.232103,-0.00361,0.943396,-0.031913,0.330109,-17.480082,9.17865,-2.681047,-0.116078,0.915884,-0.052235,0.380729,6.575893,84.611221,18.366724,0.011719,0.882858,-0.209167,0.420325,12.840412,49.543663,25.037823,-0.036167,0.887121,0.05431,0.456902,3.492591,6.154132,42.136276,-0.00361,0.943396,-0.031913,0.330109,-8.800431,2.280656,-13.274127,-0.036167,0.887121,0.05431,0.456902,15.536889,1.929903,33.637878
595,4.958333,-0.032897,0.910373,0.054413,0.408874,0.264703,84.434952,11.000472,-0.039881,0.941455,0.124216,0.310875,-0.538234,92.064247,11.555575,-0.022571,0.949206,0.151735,0.274729,-3.696797,112.094025,15.891274,0.101691,0.981864,0.020963,0.158626,-6.341644,132.061935,21.667358,0.172265,0.976046,-0.130654,0.02427,-2.942656,146.30397,20.954973,-0.038171,0.883271,0.130404,0.448743,-9.281313,126.599815,18.570715,0.436838,-0.476229,0.106586,-0.755658,-19.674713,127.467255,4.534201,0.436698,0.227686,-0.483447,-0.723694,-6.671022,113.136063,-11.025031,-0.66702,-0.363178,0.463066,0.456898,4.789893,137.149017,-13.502309,-0.033623,0.944615,0.194087,0.262493,-2.967789,126.298119,22.504601,0.336085,0.894882,0.191111,-0.222957,12.069961,125.627121,31.404867,-0.036205,0.236779,0.468274,-0.850496,28.822645,112.807121,18.30665,-0.043506,-0.015788,0.674905,-0.736452,17.830614,132.712997,9.282535,0.034073,0.861017,0.25269,0.440041,-5.958654,84.290489,3.983994,0.162343,0.952097,-0.143292,0.215927,-0.02538,52.760921,-12.873164,-0.000868,0.939689,-0.045732,0.338957,-17.672483,9.656727,-3.229578,-0.1164,0.914787,-0.055124,0.382854,6.488061,84.579407,18.016951,0.009065,0.88193,-0.209602,0.422119,12.67652,49.539761,24.90226,-0.036526,0.887084,0.053783,0.457008,3.499238,6.162289,42.123268,-0.000868,0.939689,-0.045732,0.338957,-8.88758,2.384333,-13.479933,-0.036526,0.887084,0.053783,0.457008,15.546693,1.929196,33.633759
596,4.966667,-0.032555,0.909098,0.055997,0.411516,0.214669,84.431038,10.61161,-0.039887,0.940632,0.125225,0.312951,-0.595078,92.057999,11.188631,-0.023039,0.948414,0.153281,0.276559,-3.776089,112.075844,15.555632,0.100208,0.981766,0.022718,0.15993,-6.468366,132.023102,21.38098,0.17139,0.97643,-0.128732,0.025242,-3.1157,146.278458,20.717449,-0.039922,0.879518,0.13553,0.454407,-9.388991,126.566734,18.256287,0.433716,-0.472265,0.0988,-0.760983,-19.598665,127.492645,4.08928,0.436769,0.231442,-0.48797,-0.719411,-6.328857,113.586723,-11.630315,-0.671521,-0.372552,0.460099,0.445616,4.814267,137.771362,-14.124738,-0.034437,0.944001,0.19517,0.263788,-3.090811,126.260887,22.214369,0.33566,0.895093,0.191613,-0.222319,11.921171,125.597275,31.158575,-0.037401,0.237316,0.468623,-0.850103,28.702158,112.792168,18.082029,-0.044328,-0.015927,0.676014,-0.735382,17.738897,132.717712,9.068482,0.031149,0.858246,0.258775,0.44213,-5.968441,84.308136,3.55923,0.16739,0.948223,-0.147092,0.226314,0.386865,52.99033,-13.53715,0.002619,0.934812,-0.059919,0.350042,-17.879087,10.149434,-3.872614,-0.116554,0.913503,-0.057931,0.385449,6.39778,84.553947,17.66399,0.006105,0.880798,-0.209951,0.424356,12.496792,49.539906,24.756271,-0.035946,0.886887,0.053794,0.457433,3.509805,6.172085,42.101486,0.002619,0.934812,-0.059919,0.350042,-8.961169,2.494387,-13.721624,-0.035946,0.886887,0.053794,0.457433,15.56019,1.931423,33.619915
597,4.975,-0.031984,0.907876,0.057696,0.414016,0.15789,84.432297,10.215935,-0.039826,0.939813,0.126417,0.314936,-0.656255,92.056847,10.818009,-0.023282,0.947669,0.154669,0.278316,-3.860868,112.071754,15.226757,0.098543,0.981678,0.02439,0.161255,-6.589529,132.000626,21.097904,0.170444,0.976744,-0.127389,0.026311,-3.288035,146.269974,20.479982,-0.042282,0.875465,0.140411,0.460498,-9.494427,126.550972,17.946962,0.430941,-0.468845,0.089854,-0.765768,-19.502426,127.517746,3.639474,0.436485,0.235903,-0.492217,-0.71523,-5.988957,114.066803,-12.267344,-0.675093,-0.382536,0.456719,0.435114,4.829865,138.427536,-14.736858,-0.034742,0.94345,0.196263,0.264909,-3.210931,126.238525,21.927803,0.33544,0.895074,0.192667,-0.221816,11.779587,125.566521,30.907322,-0.038803,0.237999,0.469314,-0.849468,28.578997,112.77832,17.837877,-0.045651,-0.015976,0.676672,-0.734695,17.663496,132.73526,8.83691,0.028043,0.855938,0.2646,0.443364,-5.987195,84.33567,3.129989,0.172123,0.944304,-0.150038,0.236966,0.776381,53.225525,-14.187464,0.005872,0.929177,-0.073598,0.362186,-18.067745,10.620731,-4.589478,-0.117311,0.912568,-0.061303,0.386909,6.302974,84.528923,17.30188,0.004096,0.880514,-0.210117,0.424888,12.343484,49.556862,24.646845,-0.036114,0.886752,0.052878,0.457788,3.507617,6.193754,42.081261,0.005872,0.929177,-0.073598,0.362186,-9.001523,2.606103,-14.007616,-0.036114,0.886752,0.052878,0.457788,15.562682,1.931506,33.617176
598,4.983333,-0.031257,0.90649,0.059751,0.416809,0.095301,84.436302,9.801895,-0.039177,0.939056,0.127559,0.316809,-0.723668,92.057846,10.434677,-0.02411,0.946902,0.156298,0.279941,-3.925953,112.058876,14.88851,0.097265,0.981558,0.026049,0.162494,-6.716359,131.964874,20.808043,0.169172,0.97713,-0.125927,0.027206,-3.455435,146.245499,20.236732,-0.043967,0.870894,0.145913,0.467248,-9.598644,126.518715,17.630411,0.427512,-0.465739,0.081146,-0.770543,-19.382542,127.563988,3.174223,0.435179,0.240385,-0.496187,-0.711781,-5.651009,114.570747,-12.925121,-0.677234,-0.392548,0.453251,0.426409,4.854512,139.105804,-15.328,-0.035467,0.942841,0.197609,0.265975,-3.329244,126.207138,21.63348,0.335122,0.895021,0.193891,-0.221442,11.639686,125.538445,30.649168,-0.040172,0.238306,0.469719,-0.849094,28.457924,112.775146,17.57962,-0.046921,-0.015864,0.676939,-0.734371,17.568415,132.756424,8.602665,0.025814,0.853114,0.269597,0.445923,-6.00712,84.371964,2.678814,0.176882,0.940468,-0.152008,0.247238,1.110631,53.446602,-14.826648,0.007682,0.922462,-0.087411,0.375985,-18.28944,11.056447,-5.387266,-0.117896,0.911075,-0.06414,0.38978,6.197721,84.500641,16.924976,0.001201,0.879305,-0.210431,0.427247,12.171257,49.564346,24.491592,-0.036102,0.886427,0.052349,0.45848,3.518095,6.212336,42.04483,0.007682,0.922462,-0.087411,0.375985,-9.035802,2.703148,-14.316121,-0.036102,0.886427,0.052349,0.45848,15.583979,1.936275,33.603172
599,4.991667,-0.030738,0.90518,0.061823,0.419383,0.047539,84.446228,9.384435,-0.039421,0.938232,0.129025,0.31862,-0.779313,92.064392,10.046977,-0.024027,0.946223,0.157871,0.281358,-4.021114,112.063858,14.55067,0.096556,0.981401,0.02812,0.163517,-6.835403,131.94931,20.527658,0.167715,0.977469,-0.125135,0.027705,-3.601423,146.238342,20.016512,-0.046577,0.865906,0.151764,0.474348,-9.706527,126.512787,17.323526,0.425151,-0.462902,0.071173,-0.774534,-19.248363,127.61998,2.710985,0.434164,0.245788,-0.499702,-0.708087,-5.310533,115.108788,-13.591632,-0.6788,-0.403218,0.449187,0.418183,4.872073,139.804916,-15.893093,-0.035591,0.942287,0.198958,0.266915,-3.448903,126.189934,21.344093,0.334711,0.894908,0.194982,-0.221564,11.502217,125.505577,30.388132,-0.041317,0.238108,0.470169,-0.848845,28.331434,112.775589,17.300226,-0.047817,-0.016648,0.677855,-0.73345,17.456154,132.78624,8.36007,0.024439,0.850383,0.273687,0.448717,-6.01511,84.410652,2.227268,0.18143,0.936525,-0.153366,0.257845,1.380089,53.641365,-15.437478,0.007776,0.915532,-0.100676,0.389365,-18.545515,11.445681,-6.224171,-0.118454,0.909725,-0.067533,0.392183,6.110188,84.481796,16.541601,-0.001578,0.878075,-0.210437,0.429765,12.001316,49.58744,24.362076,-0.035655,0.886067,0.05196,0.459255,3.529808,6.235761,42.004524,0.007776,0.915532,-0.100676,0.389365,-9.101243,2.794211,-14.655643,-0.035655,0.886067,0.05196,0.459255,15.604755,1.943587,33.584026
600,5.0,-0.02965,0.903691,0.063736,0.422376,-0.015647,84.460434,8.954971,-0.038582,0.937389,0.130374,0.320649,-0.841942,92.07592,9.648355,-0.024809,0.945386,0.159543,0.283153,-4.077463,112.0569,14.206365,0.095596,0.981243,0.030179,0.164658,-6.953587,131.918518,20.233,0.166433,0.977834,-0.123909,0.028067,-3.753499,146.217163,19.780933,-0.048644,0.861128,0.15763,0.48088,-9.801438,126.486465,17.000616,0.419418,-0.46009,0.062842,-0.780037,-19.118162,127.672531,2.249655,0.430957,0.24996,-0.503265,-0.70606,-4.995981,115.654968,-14.264296,-0.679485,-0.412554,0.445507,0.411853,4.898732,140.522385,-16.434101,-0.036379,0.941654,0.200479,0.267904,-3.559474,126.16304,21.045404,0.334262,0.894779,0.196323,-0.221577,11.371161,125.482704,30.123514,-0.042746,0.238278,0.470513,-0.848536,28.215015,112.789711,17.018509,-0.049188,-0.016796,0.677599,-0.733593,17.360661,132.822433,8.109428,0.023776,0.847373,0.276686,0.45259,-6.032259,84.462807,1.758973,0.18566,0.932453,-0.154158,0.268883,1.584215,53.810829,-16.015362,0.006975,0.908177,-0.113657,0.4028,-18.827576,11.785995,-7.089949,-0.119379,0.907858,-0.070578,0.395678,6.000965,84.458069,16.150969,-0.004493,0.876509,-0.210618,0.432842,11.832497,49.610126,24.219177,-0.035157,0.88568,0.051418,0.460099,3.534733,6.267381,41.965843,0.006975,0.908177,-0.113657,0.4028,-9.191513,2.863532,-15.006253,-0.035157,0.88568,0.051418,0.460099,15.618936,1.954426,33.569271
601,5.008333,-0.028536,0.902064,0.06567,0.425621,-0.078995,84.479103,8.514729,-0.038525,0.9364,0.132072,0.322843,-0.904927,92.091736,9.239161,-0.024743,0.944585,0.161206,0.284887,-4.17204,112.059189,13.856133,0.094281,0.981115,0.031831,0.165863,-7.076176,131.898575,19.942204,0.165453,0.978114,-0.122823,0.028864,-3.918192,146.207947,19.536051,-0.050336,0.85614,0.163452,0.487621,-9.910596,126.477119,16.680397,0.415072,-0.457338,0.054016,-0.784627,-18.993134,127.757439,1.791906,0.427828,0.254192,-0.506373,-0.704227,-4.694364,116.225502,-14.915219,-0.679211,-0.420694,0.442476,0.407313,4.926297,141.239685,-16.938335,-0.036873,0.941093,0.202066,0.268613,-3.683246,126.141296,20.746645,0.333306,0.894448,0.200674,-0.220456,11.232815,125.456619,29.848362,-0.043218,0.237781,0.470171,-0.848841,28.132959,112.848282,16.734119,-0.050919,-0.016731,0.677232,-0.733815,17.257961,132.866013,7.857709,0.023562,0.844396,0.278437,0.457071,-6.045206,84.520554,1.277008,0.189663,0.928233,-0.154355,0.280331,1.737362,53.938271,-16.545359,0.004027,0.900842,-0.127252,0.415059,-19.126575,12.062162,-7.973407,-0.120326,0.905937,-0.073894,0.399173,5.887217,84.437653,15.75245,-0.007584,0.874821,-0.210499,0.436258,11.650513,49.640896,24.086205,-0.035114,0.885257,0.05039,0.461029,3.545742,6.29693,41.918861,0.004027,0.900842,-0.127252,0.415059,-9.307788,2.890105,-15.362367,-0.035114,0.885257,0.05039,0.461029,15.642874,1.956815,33.55497
602,5.016667,-0.027472,0.900325,0.067801,0.429026,-0.124872,84.502815,8.062402,-0.038203,0.93533,0.133837,0.325249,-0.952812,92.111984,8.820127,-0.025251,0.943646,0.162932,0.286962,-4.241957,112.056374,13.499186,0.09293,0.980945,0.03356,0.167286,-7.199996,131.871262,19.63892,0.164601,0.978394,-0.12153,0.029701,-4.085164,146.191376,19.28146,-0.051865,0.851172,0.169469,0.494061,-10.012403,126.45713,16.34602,0.410465,-0.454886,0.045081,-0.789028,-18.868355,127.841484,1.330872,0.424129,0.25833,-0.508995,-0.703068,-4.414533,116.802452,-15.574617,-0.678154,-0.428308,0.439167,0.404712,4.959026,141.954834,-17.418226,-0.037555,0.940359,0.203875,0.269721,-3.803099,126.115753,20.439314,0.332745,0.894262,0.202306,-0.220566,11.090322,125.42765,29.577774,-0.045185,0.238089,0.470556,-0.848439,28.006634,112.86628,16.439323,-0.053003,-0.016922,0.676491,-0.734346,17.156755,132.913895,7.601094,0.023794,0.841529,0.278714,0.462148,-6.037614,84.584518,0.781272,0.193537,0.924149,-0.1539,0.291215,1.847451,54.014229,-17.016628,0.000397,0.893678,-0.1401,0.426276,-19.43058,12.265995,-8.848321,-0.12114,0.903625,-0.077249,0.40351,5.78787,84.42112,15.343531,-0.010752,0.873061,-0.210346,0.439776,11.462947,49.675365,23.946312,-0.034567,0.88477,0.049638,0.462085,3.555987,6.330806,41.866127,0.000397,0.893678,-0.1401,0.426276,-9.444814,2.880462,-15.727872,-0.034567,0.88477,0.049638,0.462085,15.664911,1.96382,33.533333
603,5.025,-0.026069,0.898461,0.069508,0.432733,-0.173486,84.523323,7.608654,-0.038604,0.934088,0.135522,0.328061,-0.996485,92.130043,8.395791,-0.024886,0.942635,0.164836,0.28922,-4.340549,112.070808,13.127229,0.091715,0.98072,0.035417,0.168887,-7.321578,131.860306,19.337324,0.163842,0.978599,-0.120647,0.030718,-4.246441,146.190231,19.033442,-0.053098,0.84653,0.17441,0.50015,-10.120188,126.461029,16.008476,0.405707,-0.452321,0.036543,-0.793393,-18.759903,127.939812,0.876807,0.420034,0.26211,-0.511271,-0.702476,-4.1559,117.386581,-16.208893,-0.67597,-0.435586,0.436188,0.40382,4.995692,142.661697,-17.858751,-0.03802,0.939639,0.205866,0.270651,-3.929988,126.100456,20.128971,0.331671,0.894403,0.203309,-0.22069,10.944627,125.401222,29.297171,-0.047094,0.238334,0.470554,-0.848267,27.893656,112.897469,16.145943,-0.054436,-0.017684,0.675665,-0.734983,17.051062,132.960785,7.344775,0.024717,0.838362,0.277468,0.468561,-6.027704,84.648193,0.280996,0.197424,0.920143,-0.152688,0.301738,1.894007,54.03093,-17.419603,-0.006299,0.885748,-0.153207,0.438107,-19.769815,12.391933,-9.721304,-0.122031,0.901215,-0.080457,0.407978,5.680733,84.398445,14.93631,-0.014007,0.871195,-0.210219,0.443431,11.272979,49.705078,23.800755,-0.034241,0.884308,0.048743,0.46309,3.566103,6.363106,41.813747,-0.006299,0.885748,-0.153207,0.438107,-9.573438,2.840745,-16.041172,-0.034241,0.884308,0.048743,0.46309,15.687161,1.968567,33.513145
604,5.033333,-0.024942,0.896427,0.071116,0.436737,-0.216936,84.547501,7.153348,-0.038197,0.932842,0.136953,0.331044,-1.038669,92.151627,7.966453,-0.025451,0.941447,0.166935,0.291825,-4.400042,112.069389,12.745198,0.091246,0.980367,0.037499,0.170727,-7.445778,131.828522,19.02025,0.16258,0.978909,-0.119612,0.031571,-4.389983,146.163818,18.780869,-0.0537,0.84191,0.180123,0.505825,-10.217393,126.439026,15.653197,0.400178,-0.449941,0.028918,-0.797856,-18.655178,128.044342,0.42081,0.415404,0.265551,-0.513144,-0.70257,-3.919754,117.956635,-16.832413,-0.673237,-0.442255,0.433673,0.403845,5.038113,143.337997,-18.266296,-0.038702,0.938795,0.207855,0.271961,-4.050153,126.070419,19.80727,0.330563,0.894455,0.204471,-0.221065,10.797788,125.364113,29.018063,-0.049194,0.238399,0.470425,-0.848202,27.775011,112.925247,15.841693,-0.056396,-0.01818,0.67537,-0.735094,16.926348,133.009323,7.085265,0.026163,0.835172,0.27498,0.475593,-6.00692,84.710709,-0.22442,0.201227,0.915937,-0.151424,0.31247,1.888608,53.999161,-17.772718,-0.012021,0.876652,-0.163604,0.452294,-20.145823,12.46779,-10.560263,-0.123064,0.898827,-0.083695,0.412263,5.573048,84.384293,14.531115,-0.017139,0.869301,-0.209936,0.447156,11.089714,49.747803,23.661379,-0.033819,0.88378,0.047599,0.464245,3.576881,6.403792,41.751282,-0.012021,0.876652,-0.163604,0.452294,-9.706791,2.816126,-16.305168,-0.033819,0.88378,0.047599,0.464245,15.71091,1.973988,33.488464
605,5.041667,-0.023462,0.894298,0.072389,0.440953,-0.258974,84.570877,6.70488,-0.038554,0.931436,0.138201,0.334425,-1.072771,92.173294,7.541582,-0.025144,0.940187,0.169168,0.294615,-4.482009,112.073982,12.349886,0.090649,0.980022,0.039839,0.172487,-7.561416,131.802292,18.704927,0.161648,0.979171,-0.118572,0.032171,-4.530247,146.143829,18.536472,-0.054289,0.837424,0.185205,0.511345,-10.314228,126.429955,15.29531,0.394314,-0.447791,0.021803,-0.8022,-18.553415,128.15213,-0.032721,0.41,0.26858,-0.514738,-0.703427,-3.704195,118.514755,-17.445068,-0.669878,-0.447526,0.431682,0.405752,5.087526,143.997055,-18.638824,-0.039544,0.937703,0.210369,0.273669,-4.17112,126.039848,19.483038,0.329023,0.894798,0.204809,-0.22166,10.641911,125.323196,28.749063,-0.052027,0.239034,0.470211,-0.847973,27.656492,112.956909,15.552595,-0.058499,-0.018741,0.674442,-0.735768,16.814154,133.05896,6.838241,0.028495,0.831264,0.271345,0.484315,-5.980874,84.77607,-0.724773,0.20423,0.911654,-0.150298,0.3234,1.82778,53.929806,-18.074551,-0.014858,0.867602,-0.170232,0.466977,-20.507917,12.481967,-11.323009,-0.123819,0.896209,-0.086918,0.417041,5.462925,84.365692,14.134532,-0.020155,0.867096,-0.210143,0.451196,10.878895,49.782578,23.523724,-0.0335,0.883337,0.046234,0.465248,3.521621,6.457552,41.72271,-0.014858,0.867602,-0.170232,0.466977,-9.848137,2.780306,-16.55547,-0.0335,0.883337,0.046234,0.465248,15.665725,1.988202,33.496078
606,5.05,-0.022319,0.892115,0.073577,0.445217,-0.289998,84.592171,6.265452,-0.039128,0.929976,0.139221,0.337982,-1.100206,92.192719,7.122327,-0.02469,0.938838,0.171593,0.297539,-4.562931,112.073792,11.946418,0.089121,0.979757,0.041599,0.174365,-7.674031,131.768433,18.389889,0.161371,0.979353,-0.117147,0.033236,-4.69111,146.120575,18.27145,-0.054718,0.833098,0.190181,0.516513,-10.408045,126.415672,14.934638,0.388679,-0.445879,0.014736,-0.806166,-18.459824,128.256912,-0.478913,0.40506,0.271929,-0.515533,-0.70442,-3.512952,119.06041,-18.045465,-0.667285,-0.45191,0.429456,0.407524,5.142923,144.619843,-18.978331,-0.040274,0.936725,0.212496,0.275264,-4.290377,126.00061,19.15707,0.327199,0.895038,0.20708,-0.221284,10.489987,125.2743,28.474375,-0.054381,0.239432,0.469522,-0.848095,27.572298,113.006332,15.273626,-0.060876,-0.019002,0.672372,-0.737462,16.710127,133.106476,6.595614,0.030881,0.828039,0.26729,0.491887,-5.941999,84.833176,-1.216447,0.206715,0.908128,-0.149392,0.332046,1.73446,53.838875,-18.360155,-0.015834,0.858787,-0.17326,0.481888,-20.842417,12.462338,-11.983793,-0.124619,0.893255,-0.089409,0.422577,5.362004,84.351166,13.747351,-0.023319,0.865104,-0.2103,0.45478,10.692049,49.814278,23.353374,-0.033384,0.882852,0.044792,0.466316,3.512969,6.508618,41.669258,-0.015834,0.858787,-0.17326,0.481888,-9.972227,2.762257,-16.767021,-0.033384,0.882852,0.044792,0.466316,15.669738,2.000597,33.482517
607,5.058333,-0.021062,0.889966,0.074546,0.449399,-0.329673,84.611153,5.831387,-0.039089,0.928528,0.139949,0.341647,-1.133367,92.210342,6.706347,-0.024711,0.937355,0.174053,0.300766,-4.62134,112.069611,11.541449,0.088109,0.979365,0.043764,0.176538,-7.785923,131.728561,18.067287,0.160586,0.979592,-0.115909,0.034311,-4.838288,146.088379,18.014011,-0.0545,0.828858,0.195211,0.521457,-10.493687,126.392891,14.565272,0.381995,-0.444459,0.008733,-0.810222,-18.366837,128.373184,-0.923142,0.400123,0.275174,-0.51561,-0.705923,-3.350145,119.590202,-18.641127,-0.664913,-0.456613,0.42615,0.409625,5.212265,145.212143,-19.292953,-0.041211,0.935496,0.21527,0.277141,-4.404781,125.958313,18.827129,0.324963,0.895465,0.208724,-0.221306,10.336667,125.220123,28.204966,-0.057147,0.239813,0.468652,-0.848286,27.490919,113.062943,14.995003,-0.063161,-0.019211,0.671324,-0.738218,16.599413,133.161896,6.361255,0.03351,0.824712,0.263119,0.499496,-5.912513,84.887985,-1.70103,0.208276,0.90482,-0.149326,0.340035,1.61067,53.745544,-18.643063,-0.017559,0.850655,-0.175185,0.495366,-21.146938,12.428769,-12.527,-0.125927,0.890827,-0.092154,0.426704,5.253167,84.334328,13.363804,-0.02597,0.863163,-0.210206,0.458355,10.534091,49.857327,23.209106,-0.032962,0.882196,0.043359,0.467722,3.500954,6.560314,41.601891,-0.017559,0.850655,-0.175185,0.495366,-10.078794,2.761181,-16.904894,-0.032962,0.882196,0.043359,0.467722,15.673643,2.009778,33.462463
608,5.066667,-0.019503,0.887827,0.07496,0.453612,-0.376274,84.618721,5.414331,-0.039121,0.927057,0.140623,0.34534,-1.165697,92.217926,6.302008,-0.024401,0.935916,0.17624,0.303983,-4.681482,112.057205,11.145074,0.087689,0.978895,0.046078,0.178754,-7.883745,131.684692,17.746819,0.159267,0.979897,-0.114848,0.035311,-4.955598,146.048599,17.766037,-0.054424,0.825084,0.199735,0.525718,-10.569635,126.367294,14.200436,0.375506,-0.442931,0.002977,-0.814124,-18.286983,128.469238,-1.350227,0.395563,0.278295,-0.515424,-0.707404,-3.199628,120.08902,-19.20273,-0.663029,-0.460579,0.422698,0.411808,5.286397,145.764023,-19.58247,-0.042256,0.934277,0.217765,0.279142,-4.509475,125.90963,18.500671,0.323371,0.895607,0.21074,-0.221152,10.189984,125.164375,27.943617,-0.05959,0.240015,0.468284,-0.848264,27.398867,113.096237,14.723083,-0.065423,-0.01959,0.670349,-0.738897,16.493139,133.212585,6.134457,0.035813,0.822112,0.25893,0.505772,-5.888938,84.931786,-2.168181,0.209139,0.902006,-0.149924,0.346653,1.46942,53.642433,-18.910717,-0.01841,0.84374,-0.175654,0.506863,-21.420246,12.376955,-12.942961,-0.127159,0.887969,-0.093975,0.431868,5.136391,84.305664,12.996843,-0.029012,0.860762,-0.210455,0.462554,10.379045,49.875824,23.025936,-0.032643,0.881584,0.042113,0.469011,3.494117,6.604701,41.535343,-0.01841,0.84374,-0.175654,0.506863,-10.191289,2.752511,-16.994196,-0.032643,0.881584,0.042113,0.469011,15.682143,2.01793,33.439327
609,5.075,-0.0182,0.885887,0.07525,0.457395,-0.421227,84.62648,5.008972,-0.039589,0.925632,0.140844,0.349001,-1.198711,92.225769,5.906388,-0.023707,0.934441,0.178705,0.30712,-4.752219,112.04734,10.733625,0.086773,0.978495,0.048249,0.180803,-7.980679,131.639557,17.426735,0.158443,0.980156,-0.113462,0.036288,-5.085953,146.01001,17.511147,-0.053851,0.821463,0.203608,0.529945,-10.648138,126.344772,13.832919,0.369082,-0.441623,-0.001887,-0.817768,-18.211607,128.571411,-1.775883,0.391198,0.281418,-0.514922,-0.708959,-3.066531,120.553467,-19.745506,-0.661826,-0.463482,0.419966,0.413279,5.358502,146.270035,-19.849838,-0.043366,0.93286,0.220589,0.281481,-4.616023,125.857414,18.16917,0.32121,0.895999,0.212667,-0.220867,10.034249,125.10067,27.687338,-0.062234,0.240568,0.467602,-0.848294,27.318563,113.140526,14.467072,-0.067789,-0.020031,0.669465,-0.739473,16.39673,133.258133,5.915271,0.038394,0.819472,0.255031,0.511811,-5.870153,84.969704,-2.618175,0.209163,0.900998,-0.150718,0.348908,1.310466,53.548992,-19.191017,-0.020218,0.839182,-0.175954,0.514203,-21.61972,12.307182,-13.215224,-0.128622,0.885859,-0.09619,0.435266,5.027698,84.283249,12.636119,-0.030904,0.858784,-0.211097,0.465803,10.251815,49.911072,22.870535,-0.032828,0.880938,0.040074,0.470387,3.422488,6.676489,41.485622,-0.020218,0.839182,-0.175954,0.514203,-10.273455,2.730294,-17.04632,-0.032828,0.880938,0.040074,0.470387,15.62852,2.040226,33.445118
610,5.083333,-0.016583,0.884258,0.074996,0.460639,-0.485251,84.621574,4.619377,-0.039796,0.924304,0.140851,0.352477,-1.242248,92.222313,5.522003,-0.023152,0.932995,0.180889,0.310264,-4.819717,112.031029,10.330089,0.085339,0.97814,0.050166,0.182875,-8.077,131.591446,17.101833,0.158146,0.980368,-0.111653,0.037457,-5.22934,145.97084,17.241396,-0.053326,0.817887,0.207778,0.533897,-10.725055,126.317047,13.463955,0.363239,-0.440512,-0.006429,-0.820954,-18.143436,128.671402,-2.195659,0.387061,0.284399,-0.514072,-0.710655,-2.951583,120.987091,-20.271261,-0.660566,-0.465709,0.417647,0.415136,5.433865,146.731155,-20.10191,-0.044236,0.931618,0.222668,0.283812,-4.721457,125.803009,17.836554,0.318832,0.896594,0.214481,-0.220145,9.880061,125.034081,27.428389,-0.065155,0.241439,0.466564,-0.848399,27.255779,113.182556,14.230117,-0.070551,-0.0201,0.668119,-0.740429,16.307446,133.295944,5.704695,0.040646,0.817263,0.251812,0.516739,-5.87936,84.99456,-3.045249,0.208327,0.900488,-0.152191,0.350086,1.144525,53.468502,-19.484653,-0.02184,0.836093,-0.175138,0.519421,-21.769772,12.235909,-13.385595,-0.130137,0.883376,-0.097551,0.439539,4.908857,84.248581,12.284003,-0.033481,0.856352,-0.211645,0.469837,10.133667,49.923923,22.676329,-0.032303,0.880314,0.038711,0.471705,3.401621,6.727138,41.4142,-0.02184,0.836093,-0.175138,0.519421,-10.328157,2.717529,-17.076365,-0.032303,0.880314,0.038711,0.471705,15.620771,2.048931,33.418034
611,5.091667,-0.015192,0.882848,0.074572,0.463452,-0.544409,84.618835,4.248595,-0.039167,0.92311,0.140767,0.355695,-1.282371,92.221237,5.153045,-0.023298,0.93155,0.182747,0.31349,-4.847063,112.009094,9.949131,0.084949,0.977635,0.052656,0.18504,-8.157487,131.540909,16.777414,0.157035,0.980674,-0.110243,0.038287,-5.330404,145.923431,16.994263,-0.052142,0.814979,0.21103,0.537175,-10.77866,126.280464,13.100076,0.357117,-0.439677,-0.010318,-0.824042,-18.078623,128.758911,-2.595994,0.382958,0.287093,-0.513084,-0.712506,-2.853498,121.383476,-20.771997,-0.659244,-0.468051,0.415306,0.416949,5.506983,147.144318,-20.335318,-0.045181,0.930245,0.224898,0.286398,-4.805123,125.750587,17.51178,0.316993,0.896884,0.216651,-0.219494,9.741869,124.967827,27.184996,-0.068096,0.24233,0.465987,-0.848231,27.189865,113.21032,13.998003,-0.073618,-0.01996,0.666246,-0.741821,16.2365,133.333206,5.502934,0.042802,0.81548,0.248934,0.52076,-5.890583,85.015579,-3.448353,0.206898,0.900966,-0.153977,0.348919,0.975879,53.398098,-19.778315,-0.023149,0.834669,-0.173433,0.522219,-21.867823,12.161082,-13.448644,-0.131674,0.881236,-0.098898,0.443062,4.801765,84.222092,11.945543,-0.035542,0.854418,-0.212224,0.472935,10.036424,49.945782,22.491369,-0.032143,0.879654,0.036922,0.473087,3.377342,6.785888,41.339981,-0.023149,0.834669,-0.173433,0.522219,-10.358144,2.704187,-17.085453,-0.032143,0.879654,0.036922,0.473087,15.61212,2.060047,33.395893
612,5.1,-0.013737,0.881702,0.074427,0.465698,-0.611283,84.606049,3.887782,-0.038884,0.922041,0.140335,0.358656,-1.33078,92.209419,4.798851,-0.023,0.930233,0.184425,0.316425,-4.890646,111.98587,9.567464,0.084152,0.97716,0.054827,0.187274,-8.232911,131.492432,16.452185,0.156039,0.980957,-0.108605,0.039744,-5.436513,145.879791,16.735144,-0.051267,0.812257,0.214244,0.540101,-10.834212,126.247871,12.738243,0.352088,-0.4388,-0.014128,-0.826613,-18.027094,128.83847,-2.989125,0.379602,0.289996,-0.51174,-0.714091,-2.768302,121.745918,-21.249285,-0.658418,-0.469874,0.412809,0.418681,5.579196,147.516037,-20.554495,-0.046136,0.92891,0.226815,0.289054,-4.888002,125.697517,17.184225,0.315055,0.897375,0.218163,-0.218775,9.602491,124.903427,26.94096,-0.071128,0.24321,0.465528,-0.847982,27.126963,113.233246,13.777825,-0.07598,-0.020114,0.665134,-0.742576,16.172684,133.372009,5.316053,0.044006,0.814617,0.246683,0.523079,-5.919113,85.02906,-3.834265,0.205054,0.90173,-0.156439,0.346934,0.835412,53.338264,-20.068527,-0.023954,0.834818,-0.1716,0.52255,-21.917315,12.101701,-13.416529,-0.13328,0.879111,-0.100191,0.446501,4.696547,84.183029,11.609829,-0.037701,0.851956,-0.212759,0.476953,9.946715,49.95623,22.307644,-0.032187,0.878908,0.035414,0.474584,3.348847,6.833017,41.261463,-0.023954,0.834818,-0.1716,0.52255,-10.375765,2.691936,-17.074507,-0.032187,0.878908,0.035414,0.474584,15.604144,2.069743,33.371544
613,5.108333,-0.012231,0.880972,0.073574,0.467254,-0.689075,84.597862,3.554149,-0.038925,0.921103,0.140184,0.361114,-1.383664,92.203781,4.463312,-0.022218,0.929156,0.185703,0.318889,-4.95006,111.951256,9.208846,0.083221,0.976793,0.056745,0.189022,-8.296983,131.439468,16.143085,0.155159,0.981254,-0.106773,0.040819,-5.534712,145.832199,16.482368,-0.050422,0.809659,0.216356,0.543231,-10.887822,126.211418,12.398662,0.346536,-0.438244,-0.017265,-0.82919,-17.965124,128.89418,-3.365652,0.3757,0.29253,-0.510731,-0.715842,-2.687025,122.063126,-21.709185,-0.657547,-0.471285,0.410674,0.420559,5.639283,147.841904,-20.759436,-0.047044,0.927552,0.229712,0.290975,-4.964386,125.637054,16.871923,0.313012,0.897873,0.220142,-0.217681,9.484175,124.825493,26.689226,-0.074539,0.244035,0.464612,-0.847954,27.096098,113.248184,13.560833,-0.079117,-0.019589,0.663217,-0.743976,16.117378,133.396515,5.137521,0.044807,0.814232,0.244921,0.524435,-5.970397,85.040642,-4.184948,0.202908,0.90277,-0.159026,0.344305,0.695384,53.292213,-20.343113,-0.024319,0.835688,-0.169507,0.521825,-21.938974,12.050009,-13.331902,-0.135023,0.87752,-0.101297,0.448849,4.592247,84.155083,11.293246,-0.039437,0.849804,-0.213457,0.480327,9.884871,49.978333,22.129271,-0.03218,0.878267,0.033499,0.47591,3.319506,6.896135,41.187363,-0.024319,0.835688,-0.169507,0.521825,-10.382525,2.681652,-17.048674,-0.03218,0.878267,0.033499,0.47591,15.589881,2.084386,33.350464
614,5.116667,-0.011252,0.880501,0.073117,0.468236,-0.752254,84.592293,3.231303,-0.03846,0.920279,0.139918,0.363359,-1.431306,92.199608,4.140602,-0.022416,0.928009,0.186913,0.321497,-4.983696,111.929306,8.869269,0.083333,0.976268,0.058838,0.191037,-8.373841,131.398254,15.836543,0.153974,0.981562,-0.105203,0.041967,-5.616913,145.790253,16.243666,-0.049331,0.807171,0.218692,0.546091,-10.942482,126.179649,12.063763,0.341706,-0.437866,-0.019681,-0.831338,-17.914623,128.963852,-3.72979,0.372076,0.294861,-0.509522,-0.717637,-2.624506,122.34597,-22.141317,-0.656246,-0.472606,0.408941,0.42279,5.696723,148.124161,-20.947353,-0.047854,0.926574,0.23021,0.293553,-5.04405,125.594643,16.568571,0.311358,0.89839,0.221508,-0.216533,9.349121,124.781883,26.466799,-0.077152,0.245063,0.464152,-0.847676,27.037085,113.272491,13.381001,-0.081236,-0.01932,0.662482,-0.74441,16.062847,133.429092,4.976621,0.045285,0.814521,0.243311,0.524695,-6.016768,85.048691,-4.518446,0.200332,0.903544,-0.162177,0.342308,0.5632,53.246426,-20.605757,-0.023776,0.837297,-0.166852,0.520124,-21.937059,12.001669,-13.189596,-0.136387,0.875989,-0.10235,0.451183,4.51226,84.135895,10.981051,-0.041201,0.847564,-0.214173,0.483807,9.82498,50.001518,21.940109,-0.032015,0.877476,0.031593,0.477508,3.289799,6.961971,41.104652,-0.023776,0.837297,-0.166852,0.520124,-10.386161,2.667854,-17.009106,-0.032015,0.877476,0.031593,0.477508,15.578374,2.099983,33.327511
615,5.125,-0.009981,0.880391,0.072511,0.468567,-0.829172,84.579041,2.918591,-0.039052,0.919679,0.139543,0.364957,-1.486994,92.188118,3.828664,-0.021212,0.927257,0.188058,0.323077,-5.063131,111.91304,8.526522,0.082314,0.975982,0.060449,0.19243,-8.433667,131.366196,15.547216,0.153486,0.98177,-0.103385,0.043369,-5.712576,145.763641,15.999964,-0.048646,0.804967,0.220005,0.548871,-11.001982,126.165176,11.75001,0.337235,-0.437474,-0.021739,-0.833317,-17.870022,129.018921,-4.076707,0.3689,0.297153,-0.50834,-0.719169,-2.567091,122.591911,-22.545116,-0.655548,-0.473602,0.407124,0.42451,5.749031,148.371368,-21.125311,-0.048562,0.925516,0.231429,0.295808,-5.117933,125.553383,16.270044,0.309991,0.898731,0.223508,-0.215018,9.226357,124.731003,26.238186,-0.079977,0.246279,0.463749,-0.847282,26.98896,113.282028,13.200593,-0.084434,-0.018688,0.661387,-0.745043,16.024786,133.453217,4.81239,0.044582,0.815594,0.242014,0.523687,-6.088377,85.051582,-4.833794,0.198143,0.904358,-0.165078,0.340038,0.462648,53.1991,-20.833315,-0.023004,0.839004,-0.164304,0.518216,-21.923601,11.961662,-13.041004,-0.137899,0.874715,-0.103315,0.452973,4.430033,84.106491,10.670977,-0.042725,0.845666,-0.215076,0.486587,9.78109,50.016571,21.749104,-0.032018,0.876761,0.029685,0.47894,3.262635,7.026079,41.029091,-0.023004,0.839004,-0.164304,0.518216,-10.385461,2.656729,-16.968025,-0.032018,0.876761,0.029685,0.47894,15.567848,2.116313,33.308475
616,5.133333,-0.009278,0.880472,0.072166,0.468482,-0.897796,84.567627,2.623437,-0.038076,0.919223,0.139178,0.366346,-1.543537,92.177681,3.534012,-0.021595,0.926418,0.188686,0.325087,-5.080705,111.88903,8.222959,0.082698,0.975484,0.062348,0.194176,-8.489773,131.331589,15.254414,0.152145,0.98209,-0.10181,0.044558,-5.766082,145.72644,15.769893,-0.047825,0.803372,0.22138,0.550724,-11.039329,126.13456,11.439128,0.333455,-0.437049,-0.023491,-0.835011,-17.838875,129.054825,-4.405025,0.366112,0.29925,-0.507199,-0.720528,-2.521449,122.791458,-22.917595,-0.654576,-0.474811,0.404999,0.426686,5.791504,148.566269,-21.293983,-0.048855,0.92459,0.232091,0.298129,-5.174922,125.519119,15.984128,0.308762,0.899013,0.225605,-0.213413,9.120165,124.678955,26.021231,-0.082373,0.247264,0.463661,-0.846814,26.954704,113.28492,13.033798,-0.08644,-0.018286,0.660031,-0.746024,16.009676,133.475845,4.663919,0.04338,0.817345,0.240707,0.521656,-6.158747,85.048615,-5.127244,0.196367,0.905426,-0.167419,0.337069,0.372765,53.14275,-21.02809,-0.023046,0.840603,-0.162275,0.516257,-21.909124,11.912727,-12.904467,-0.139121,0.873765,-0.104415,0.454179,4.363156,84.086632,10.374119,-0.043936,0.843903,-0.215785,0.489217,9.736779,50.0378,21.567104,-0.032322,0.875691,0.027711,0.480991,3.221594,7.08636,40.935028,-0.023046,0.840603,-0.162275,0.516257,-10.377528,2.639686,-16.925026,-0.032322,0.875691,0.027711,0.480991,15.556449,2.131867,33.290665
617,5.141667,-0.008423,0.880842,0.071482,0.467907,-0.970676,84.552574,2.342688,-0.037831,0.918943,0.138862,0.367191,-1.599327,92.164375,3.250646,-0.02148,0.925891,0.189069,0.326372,-5.125442,111.872124,7.926555,0.082547,0.975119,0.06411,0.195497,-8.544925,131.308823,14.969105,0.151369,0.98232,-0.100183,0.045817,-5.83371,145.703979,15.538984,-0.04676,0.801706,0.222503,0.552787,-11.086529,126.116875,11.141649,0.329969,-0.436671,-0.024206,-0.836572,-17.80999,129.107483,-4.721835,0.363639,0.301175,-0.506131,-0.721728,-2.477825,122.957542,-23.260208,-0.653702,-0.476035,0.402985,0.428564,5.831882,148.723572,-21.452438,-0.049345,0.923821,0.232572,0.300049,-5.234509,125.494194,15.701601,0.307723,0.899591,0.226163,-0.21188,9.018728,124.647926,25.797535,-0.085025,0.248682,0.463379,-0.846291,26.91744,113.280128,12.875549,-0.088936,-0.017564,0.659879,-0.745883,15.991066,133.490936,4.510004,0.041837,0.818994,0.239495,0.51975,-6.242023,85.04084,-5.40047,0.194698,0.905812,-0.169767,0.335823,0.296986,53.083263,-21.19401,-0.023073,0.841961,-0.160287,0.514662,-21.903427,11.866456,-12.785276,-0.140321,0.873382,-0.105624,0.454266,4.300672,84.064308,10.085845,-0.044714,0.842387,-0.216408,0.49148,9.705976,50.058174,21.392818,-0.032351,0.874396,0.026011,0.483433,3.171191,7.138911,40.825371,-0.023073,0.841961,-0.160287,0.514662,-10.374763,2.625877,-16.888147,-0.032351,0.874396,0.026011,0.483433,15.540751,2.143117,33.26442
618,5.15,-0.007907,0.881404,0.071042,0.466923,-1.043892,84.542313,2.079203,-0.037605,0.91878,0.138627,0.367712,-1.661369,92.155205,2.985648,-0.021203,0.925513,0.189197,0.327383,-5.176478,111.857094,7.652144,0.082508,0.974799,0.065407,0.196678,-8.594686,131.292267,14.699554,0.150745,0.982519,-0.098536,0.047144,-5.890508,145.687057,15.310572,-0.04634,0.800402,0.223285,0.554394,-11.132711,126.104645,10.86386,0.327097,-0.436106,-0.024972,-0.837971,-17.795298,129.13681,-5.017415,0.361703,0.302936,-0.505014,-0.722746,-2.440514,123.091873,-23.571602,-0.653037,-0.476966,0.401091,0.430316,5.874987,148.851959,-21.602484,-0.049626,0.92319,0.232847,0.301728,-5.290364,125.474564,15.435189,0.307018,0.899758,0.228393,-0.209792,8.926579,124.619713,25.581455,-0.086624,0.249686,0.463312,-0.845869,26.890533,113.280655,12.724911,-0.091034,-0.016814,0.659695,-0.74581,15.986005,133.50209,4.359225,0.03958,0.821069,0.238294,0.5172,-6.33265,85.033859,-5.651868,0.193611,0.906478,-0.171524,0.333754,0.245058,53.021347,-21.317581,-0.022749,0.843221,-0.158231,0.513249,-21.896336,11.821428,-12.673727,-0.141428,0.873035,-0.10614,0.454469,4.244865,84.050766,9.810275,-0.045903,0.840021,-0.217437,0.494954,9.698172,50.07518,21.185802,-0.032544,0.873356,0.023584,0.485421,3.128348,7.208619,40.722584,-0.022749,0.843221,-0.158231,0.513249,-10.373096,2.610183,-16.857012,-0.032544,0.873356,0.023584,0.485421,15.522596,2.15553,33.240543
619,5.158333,-0.007703,0.881934,0.070569,0.465997,-1.110616,84.53347,1.829781,-0.037003,0.918735,0.13821,0.368042,-1.720995,92.147446,2.731953,-0.021366,0.925178,0.189339,0.328238,-5.206295,111.841263,7.387587,0.082598,0.974482,0.066522,0.197833,-8.639248,131.273895,14.434859,0.149942,0.982734,-0.096915,0.048561,-5.937509,145.667542,15.082417,-0.045771,0.799573,0.223525,0.55554,-11.169702,126.087257,10.5928,0.325241,-0.435347,-0.025676,-0.839066,-17.789621,129.150314,-5.300383,0.36027,0.304753,-0.503983,-0.723418,-2.403779,123.188492,-23.855734,-0.652213,-0.478043,0.399364,0.431973,5.907254,148.935333,-21.74502,-0.04998,0.92259,0.232888,0.303469,-5.335797,125.456223,15.174765,0.306463,0.900096,0.229375,-0.208073,8.843057,124.597145,25.373829,-0.088603,0.25121,0.463522,-0.845098,26.859587,113.268372,12.581955,-0.092986,-0.016058,0.659232,-0.745995,16.001719,133.5121,4.208389,0.037295,0.823091,0.236842,0.514817,-6.415647,85.022934,-5.890264,0.192646,0.90645,-0.173204,0.333522,0.197281,52.947681,-21.412153,-0.022812,0.844114,-0.156012,0.512457,-21.909895,11.767399,-12.589024,-0.14248,0.87294,-0.106722,0.454186,4.194415,84.044006,9.549827,-0.046703,0.838692,-0.218657,0.496592,9.696257,50.099045,20.993206,-0.031473,0.87239,0.02155,0.48732,3.09296,7.290154,40.644825,-0.022812,0.844114,-0.156012,0.512457,-10.377429,2.596821,-16.835747,-0.031473,0.87239,0.02155,0.48732,15.499809,2.171584,33.228474
620,5.166667,-0.007577,0.882585,0.070044,0.464844,-1.176434,84.526993,1.604766,-0.036748,0.918795,0.137652,0.368128,-1.780167,92.142128,2.50156,-0.021221,0.925002,0.18933,0.328749,-5.247498,111.840332,7.139564,0.082551,0.974252,0.067594,0.198618,-8.678601,131.273346,14.186624,0.149534,0.982892,-0.095393,0.049636,-5.983445,145.666702,14.867431,-0.045291,0.798979,0.223485,0.556449,-11.207573,126.088547,10.341149,0.323597,-0.434654,-0.025674,-0.840061,-17.793694,129.172256,-5.56208,0.35925,0.306243,-0.502915,-0.724039,-2.377902,123.258301,-24.107889,-0.651805,-0.478693,0.397517,0.433571,5.943509,148.996719,-21.879211,-0.050026,0.922225,0.232768,0.304659,-5.378577,125.454056,14.928882,0.30619,0.900414,0.230156,-0.206227,8.774795,124.587402,25.162645,-0.090187,0.252454,0.463713,-0.844455,26.837603,113.25296,12.441262,-0.094587,-0.015226,0.659533,-0.745545,16.017254,133.518311,4.059552,0.035044,0.824626,0.23542,0.513168,-6.501622,85.012352,-6.101648,0.191766,0.906096,-0.174754,0.334182,0.16054,52.87664,-21.476719,-0.023749,0.84503,-0.154316,0.511417,-21.924433,11.715475,-12.509939,-0.14335,0.87313,-0.107057,0.453468,4.148755,84.041634,9.31118,-0.047392,0.837058,-0.219778,0.498784,9.702209,50.1199,20.798424,-0.031112,0.870932,0.019416,0.490034,3.047717,7.363934,40.547741,-0.023749,0.84503,-0.154316,0.511417,-10.378037,2.588136,-16.811611,-0.031112,0.870932,0.019416,0.490034,15.486739,2.188274,33.225494
621,5.175,-0.007893,0.883289,0.069793,0.463537,-1.225891,84.532753,1.381317,-0.036664,0.918948,0.137395,0.367849,-1.830806,92.148354,2.27335,-0.020924,0.924981,0.189363,0.328808,-5.287733,111.838402,6.901536,0.082401,0.974133,0.068235,0.199044,-8.70822,131.271439,13.95375,0.149166,0.983043,-0.093909,0.050558,-6.020521,145.665268,14.653582,-0.045114,0.79871,0.223183,0.556971,-11.240004,126.089035,10.106868,0.322391,-0.433938,-0.025436,-0.840902,-17.806339,129.176346,-5.803838,0.358784,0.307665,-0.501876,-0.724387,-2.359042,123.291031,-24.332531,-0.651617,-0.479667,0.395339,0.434767,5.972102,149.019455,-22.009096,-0.050373,0.921867,0.232583,0.305824,-5.411404,125.450111,14.694487,0.306058,0.900662,0.230758,-0.204663,8.715865,124.586525,24.964506,-0.091366,0.253863,0.463838,-0.843837,26.81461,113.242462,12.302897,-0.09629,-0.014059,0.659893,-0.745031,16.03355,133.522049,3.897044,0.033024,0.825985,0.233807,0.511851,-6.573751,85.008858,-6.309958,0.191031,0.905636,-0.176082,0.335152,0.123557,52.808315,-21.533377,-0.02486,0.845598,-0.152805,0.510879,-21.948147,11.664703,-12.454093,-0.143669,0.873167,-0.107706,0.453142,4.121968,84.056641,9.072593,-0.048222,0.835245,-0.221267,0.50108,9.677217,50.151653,20.608297,-0.02838,0.869834,0.017925,0.492201,2.961586,7.465693,40.487938,-0.02486,0.845598,-0.152805,0.510879,-10.380564,2.581474,-16.792053,-0.02838,0.869834,0.017925,0.492201,15.403387,2.214351,33.224537
622,5.183333,-0.007737,0.883906,0.069336,0.462433,-1.28984,84.531227,1.179405,-0.03632,0.919106,0.137123,0.36759,-1.888271,92.147842,2.067127,-0.020905,0.925029,0.188903,0.328938,-5.326987,111.8423,6.691615,0.082525,0.97394,0.068726,0.199766,-8.741461,131.282654,13.726519,0.148715,0.983148,-0.092797,0.051891,-6.052304,145.675354,14.443682,-0.044681,0.798705,0.222597,0.557247,-11.274415,126.097961,9.883496,0.321947,-0.433309,-0.024758,-0.841416,-17.831366,129.188126,-6.030531,0.358828,0.308786,-0.500731,-0.724681,-2.355294,123.294762,-24.532642,-0.651869,-0.47965,0.393995,0.435627,6.000935,149.009476,-22.139,-0.049812,0.921831,0.231754,0.306653,-5.447073,125.460686,14.47294,0.305868,0.901054,0.230646,-0.203345,8.664413,124.5811,24.763287,-0.092624,0.255076,0.464144,-0.843165,26.79565,113.223373,12.160553,-0.096805,-0.013023,0.660422,-0.744514,16.055861,133.52684,3.740717,0.030831,0.827275,0.232218,0.510627,-6.656937,85.004417,-6.498642,0.190381,0.90521,-0.177199,0.33608,0.089244,52.740063,-21.564556,-0.025505,0.846216,-0.151059,0.510342,-21.970076,11.610434,-12.39224,-0.144591,0.873274,-0.107871,0.452604,4.077257,84.058029,8.857451,-0.048801,0.833957,-0.222399,0.502666,9.690775,50.174858,20.429003,-0.028162,0.868864,0.015448,0.494008,2.927615,7.54202,40.406281,-0.025505,0.846216,-0.151059,0.510342,-10.386159,2.568919,-16.77356,-0.028162,0.868864,0.015448,0.494008,15.38505,2.22687,33.216457
623,5.191667,-0.007645,0.88447,0.068567,0.461468,-1.347629,84.539124,1.002228,-0.035597,0.919379,0.136627,0.367164,-1.938387,92.157402,1.880871,-0.021233,0.925132,0.188437,0.328893,-5.338869,111.850975,6.497699,0.082542,0.973835,0.069022,0.20017,-8.759367,131.298126,13.510884,0.148401,0.983248,-0.091733,0.052782,-6.071045,145.690491,14.238043,-0.044636,0.798932,0.222429,0.556993,-11.290728,126.108345,9.673679,0.322033,-0.432742,-0.023861,-0.841701,-17.857718,129.194153,-6.237046,0.359207,0.30966,-0.499666,-0.724855,-2.355103,123.270866,-24.707342,-0.651936,-0.479791,0.392732,0.436511,6.02822,148.967606,-22.266315,-0.049859,0.921676,0.231491,0.307309,-5.463158,125.47802,14.263791,0.305964,0.901138,0.23153,-0.201819,8.634079,124.597168,24.57353,-0.092659,0.256238,0.464257,-0.842746,26.793093,113.225258,12.023711,-0.097716,-0.011909,0.660828,-0.744054,16.088137,133.528488,3.562927,0.028918,0.828356,0.23061,0.509715,-6.731468,85.005867,-6.664479,0.18967,0.904861,-0.178201,0.336893,0.052384,52.679283,-21.579325,-0.026018,0.846944,-0.149179,0.509662,-21.985249,11.557844,-12.318633,-0.145095,0.873417,-0.10752,0.452249,4.03621,84.072388,8.668936,-0.049671,0.83255,-0.223525,0.504411,9.697418,50.194336,20.232229,-0.026987,0.867766,0.013725,0.496051,2.905649,7.617429,40.318768,-0.026018,0.846944,-0.149179,0.509662,-10.387836,2.558353,-16.750458,-0.026987,0.867766,0.013725,0.496051,15.37666,2.243534,33.196484
624,5.2,-0.007733,0.885012,0.06815,0.460488,-1.395565,84.55175,0.831847,-0.035397,0.919625,0.136247,0.366707,-1.983599,92.170883,1.704863,-0.021219,0.925306,0.187945,0.328688,-5.368314,111.867538,6.311989,0.082593,0.973736,0.068996,0.20064,-8.780043,131.322449,13.307846,0.148128,0.983297,-0.090922,0.054018,-6.08965,145.714386,14.036181,-0.044304,0.799434,0.221084,0.556834,-11.314686,126.129654,9.476915,0.322245,-0.432288,-0.022351,-0.841894,-17.888906,129.196487,-6.434499,0.3597,0.310319,-0.498745,-0.724963,-2.363318,123.213005,-24.866062,-0.652002,-0.479937,0.391503,0.437355,6.045715,148.891571,-22.393251,-0.04975,0.921746,0.230668,0.307737,-5.48509,125.502182,14.06485,0.306306,0.901508,0.230479,-0.200845,8.603315,124.623322,24.386831,-0.093479,0.257741,0.464665,-0.841973,26.771406,113.208755,11.888959,-0.098113,-0.010459,0.661192,-0.7437,16.121098,133.531586,3.395123,0.027476,0.829264,0.22889,0.509094,-6.796321,85.012077,-6.823343,0.188681,0.90439,-0.179255,0.338151,-0.001565,52.622288,-21.595427,-0.026232,0.847697,-0.147109,0.508999,-22.00079,11.501065,-12.242885,-0.145637,0.873809,-0.107682,0.451278,4.005192,84.091423,8.487039,-0.050121,0.831952,-0.224531,0.504905,9.70707,50.227322,20.071177,-0.025892,0.866978,0.011693,0.497536,2.889264,7.697577,40.248608,-0.026232,0.847697,-0.147109,0.508999,-10.392492,2.543043,-16.729887,-0.025892,0.866978,0.011693,0.497536,15.363519,2.258278,33.181858
625,5.208333,-0.007583,0.885507,0.06742,0.459645,-1.445047,84.566948,0.684104,-0.034808,0.91989,0.135895,0.366229,-2.025051,92.187637,1.548866,-0.021574,0.925497,0.187211,0.328545,-5.379622,111.887886,6.153252,0.082567,0.9737,0.069009,0.20082,-8.794067,131.353729,13.117348,0.148095,0.983329,-0.090325,0.054533,-6.104295,145.745712,13.846542,-0.044199,0.800182,0.220164,0.556132,-11.328423,126.153969,9.295671,0.322931,-0.431961,-0.020832,-0.841838,-17.93029,129.199249,-6.608427,0.360724,0.310679,-0.497681,-0.725031,-2.387427,123.142715,-25.00152,-0.652933,-0.478916,0.391046,0.437494,6.066168,148.802887,-22.520561,-0.04957,0.921874,0.229945,0.307924,-5.497664,125.535439,13.883341,0.307218,0.901334,0.230743,-0.199933,8.587334,124.65731,24.21003,-0.093127,0.258659,0.465449,-0.841297,26.745792,113.196754,11.740295,-0.098298,-0.009306,0.661801,-0.743149,16.153702,133.537491,3.212225,0.02635,0.830083,0.227166,0.508589,-6.860398,85.022339,-6.961062,0.187491,0.904227,-0.180203,0.338745,-0.071433,52.571178,-21.600515,-0.026705,0.848831,-0.144887,0.507721,-22.006042,11.439782,-12.141559,-0.14599,0.873681,-0.107086,0.451554,3.970304,84.111565,8.32927,-0.051127,0.830829,-0.225721,0.506122,9.710569,50.245655,19.889151,-0.024295,0.866391,0.009809,0.498679,2.883608,7.776573,40.19088,-0.026705,0.848831,-0.144887,0.507721,-10.390443,2.528338,-16.701811,-0.024295,0.866391,0.009809,0.498679,15.350965,2.268089,33.16568
626,5.216667,-0.007096,0.885849,0.066642,0.459108,-1.506701,84.583237,0.547427,-0.034111,0.920166,0.135176,0.365867,-2.074056,92.205635,1.405447,-0.021438,0.925678,0.186689,0.328341,-5.390186,111.917664,5.995659,0.082491,0.973677,0.068996,0.200968,-8.790702,131.391937,12.942997,0.147772,0.983377,-0.089997,0.055073,-6.102871,145.784302,13.671901,-0.044024,0.801364,0.218807,0.554979,-11.329809,126.189873,9.127608,0.324469,-0.431798,-0.019155,-0.84137,-17.977016,129.203049,-6.763715,0.361755,0.310787,-0.496782,-0.725088,-2.423842,123.045563,-25.114531,-0.653069,-0.477981,0.390748,0.438578,6.07282,148.685974,-22.639095,-0.049398,0.922052,0.228961,0.308151,-5.496965,125.572632,13.712799,0.307541,0.901367,0.230828,-0.199184,8.58375,124.698021,24.045626,-0.092498,0.259629,0.465386,-0.841102,26.747183,113.214752,11.604068,-0.098776,-0.007718,0.662908,-0.742116,16.176085,133.546356,3.023309,0.025031,0.831046,0.225443,0.50785,-6.931449,85.039284,-7.091036,0.186402,0.904472,-0.180943,0.338297,-0.14047,52.526684,-21.592581,-0.027051,0.850111,-0.142535,0.506225,-22.0019,11.381999,-12.022679,-0.146917,0.873687,-0.106719,0.451328,3.918048,84.12719,8.185889,-0.051401,0.830763,-0.226771,0.505733,9.730834,50.275249,19.750456,-0.023466,0.866013,0.007586,0.499413,2.883102,7.854012,40.145004,-0.027051,0.850111,-0.142535,0.506225,-10.383025,2.517392,-16.665134,-0.023466,0.866013,0.007586,0.499413,15.342424,2.279155,33.158005
627,5.225,-0.007082,0.886267,0.066183,0.458366,-1.541285,84.610397,0.430415,-0.034008,0.920462,0.134721,0.3653,-2.104499,92.233742,1.282775,-0.021398,0.925992,0.185911,0.3279,-5.407887,111.955177,5.860718,0.082659,0.973687,0.068562,0.200997,-8.793005,131.441666,12.781268,0.147579,0.983382,-0.089935,0.055602,-6.097891,145.833237,13.498759,-0.043818,0.802276,0.217443,0.554213,-11.338195,126.234795,8.976501,0.325759,-0.431917,-0.01663,-0.840864,-18.015743,129.220062,-6.907375,0.362409,0.310176,-0.496316,-0.725342,-2.463177,122.927055,-25.212685,-0.652732,-0.476745,0.391443,0.439804,6.076469,148.546783,-22.766266,-0.049403,0.922299,0.228364,0.307855,-5.501009,125.622139,13.556783,0.30822,0.901389,0.230389,-0.198544,8.586081,124.75692,23.881716,-0.091519,0.260285,0.465759,-0.8408,26.741392,113.231262,11.467506,-0.098025,-0.006782,0.663835,-0.741396,16.204323,133.561142,2.843265,0.023996,0.83235,0.223612,0.506573,-6.9788,85.061737,-7.199246,0.185036,0.904431,-0.18191,0.338639,-0.215846,52.485847,-21.571264,-0.027038,0.851674,-0.139826,0.50435,-21.996031,11.326241,-11.880996,-0.147302,0.873918,-0.106166,0.450887,3.896231,84.15905,8.060076,-0.051879,0.830551,-0.228065,0.505451,9.757339,50.306805,19.599314,-0.022008,0.865802,0.005473,0.499873,2.890195,7.946262,40.11314,-0.027038,0.851674,-0.139826,0.50435,-10.381622,2.509343,-16.624393,-0.022008,0.865802,0.005473,0.499873,15.331083,2.298519,33.151875
628,5.233333,-0.007056,0.886694,0.065912,0.457579,-1.570116,84.64357,0.32072,-0.033873,0.920807,0.134162,0.364648,-2.130312,92.267471,1.1701,-0.021424,0.926333,0.185164,0.327357,-5.417697,111.998871,5.732551,0.083189,0.97367,0.068335,0.200942,-8.789651,131.496918,12.626875,0.147208,0.983395,-0.090187,0.05595,-6.078266,145.88562,13.340672,-0.044169,0.803357,0.216034,0.553169,-11.340677,126.284813,8.833216,0.327419,-0.432175,-0.014302,-0.840129,-18.057579,129.223358,-7.042771,0.363206,0.309485,-0.495777,-0.725607,-2.512497,122.792816,-25.306585,-0.653238,-0.47406,0.392543,0.440973,6.079914,148.400055,-22.89352,-0.049142,0.922572,0.227301,0.307863,-5.498214,125.67778,13.407508,0.30867,0.901431,0.229972,-0.198139,8.58959,124.815979,23.731745,-0.090518,0.261088,0.465874,-0.840596,26.739115,113.260826,11.336513,-0.097514,-0.005681,0.664141,-0.741199,16.229868,133.577499,2.661273,0.022936,0.833697,0.221824,0.505191,-7.021161,85.091995,-7.29945,0.18387,0.90479,-0.182541,0.337972,-0.284365,52.454781,-21.544071,-0.027234,0.853081,-0.137662,0.502554,-21.979326,11.276176,-11.743992,-0.147781,0.874095,-0.10603,0.450417,3.880929,84.195152,7.940891,-0.052087,0.830764,-0.229058,0.504629,9.78232,50.351048,19.483494,-0.020812,0.865743,0.003218,0.500045,2.902799,8.035752,40.086372,-0.027234,0.853081,-0.137662,0.502554,-10.370145,2.499884,-16.574678,-0.020812,0.865743,0.003218,0.500045,15.322187,2.315503,33.14595
629,5.241667,-0.006939,0.887188,0.06534,0.456705,-1.59876,84.682533,0.227708,-0.033429,0.921118,0.133703,0.364072,-2.15251,92.307617,1.070696,-0.021557,0.926623,0.184249,0.327043,-5.412542,112.039604,5.623634,0.08327,0.973705,0.067811,0.200913,-8.774955,131.55159,12.483131,0.146996,0.983392,-0.09042,0.056187,-6.058307,145.940018,13.182263,-0.043785,0.80499,0.214005,0.551612,-11.329861,126.332901,8.70114,0.329465,-0.43263,-0.011899,-0.839132,-18.108114,129.228806,-7.156595,0.363735,0.308238,-0.495428,-0.726111,-2.57946,122.646103,-25.380123,-0.652563,-0.471523,0.394312,0.443109,6.071518,148.231598,-23.015627,-0.048753,0.922929,0.22642,0.307504,-5.48443,125.733116,13.272595,0.309181,0.901384,0.22963,-0.197951,8.612435,124.871719,23.584484,-0.089771,0.261769,0.465994,-0.840397,26.749949,113.288879,11.197531,-0.097154,-0.004234,0.664045,-0.741341,16.264061,133.598618,2.48062,0.022012,0.835096,0.220131,0.503659,-7.064825,85.126862,-7.381937,0.18254,0.905225,-0.183057,0.337248,-0.36087,52.432396,-21.510298,-0.027335,0.854657,-0.13534,0.500497,-21.952856,11.225346,-11.602935,-0.147949,0.873997,-0.105676,0.450637,3.867305,84.238213,7.837352,-0.052735,0.830357,-0.229843,0.504875,9.788164,50.392269,19.364584,-0.020561,0.865674,0.000403,0.500186,2.91482,8.117687,40.052921,-0.027335,0.854657,-0.13534,0.500497,-10.35304,2.490991,-16.531143,-0.020561,0.865674,0.000403,0.500186,15.31848,2.325127,33.144424
630,5.25,-0.00666,0.887737,0.064703,0.455733,-1.624992,84.723282,0.154055,-0.03301,0.921576,0.132965,0.363219,-2.169543,92.349693,0.990961,-0.021919,0.927038,0.183284,0.326386,-5.397736,112.0849,5.524549,0.082745,0.97385,0.067067,0.200676,-8.756299,131.611084,12.345431,0.147233,0.983324,-0.090588,0.056481,-6.050492,146.002762,13.019422,-0.043587,0.806572,0.212083,0.550057,-11.314795,126.3834,8.578319,0.331662,-0.433106,-0.009018,-0.838056,-18.15357,129.233856,-7.26167,0.36394,0.306625,-0.495557,-0.726603,-2.642363,122.475563,-25.43574,-0.65143,-0.468716,0.396297,0.445974,6.054431,148.047852,-23.134874,-0.048664,0.92332,0.225207,0.307234,-5.463194,125.795219,13.143391,0.309758,0.901327,0.229245,-0.197752,8.639783,124.94677,23.448015,-0.088209,0.261992,0.465988,-0.840497,26.763491,113.332916,11.069874,-0.096234,-0.003633,0.664485,-0.741071,16.284096,133.623489,2.307823,0.021071,0.836487,0.218591,0.502059,-7.10778,85.16555,-7.443676,0.181343,0.906036,-0.183385,0.335536,-0.430547,52.419193,-21.4641,-0.026675,0.856352,-0.132938,0.498275,-21.914097,11.182157,-11.446351,-0.148271,0.874334,-0.105441,0.449931,3.857796,84.281013,7.751785,-0.052923,0.830311,-0.230556,0.504605,9.815784,50.438404,19.269674,-0.018618,0.865411,-0.000988,0.500716,2.928715,8.196953,40.021027,-0.026675,0.856352,-0.132938,0.498275,-10.336338,2.47998,-16.482189,-0.018618,0.865411,-0.000988,0.500716,15.313276,2.342551,33.130405
631,5.258333,-0.006345,0.888298,0.063838,0.454764,-1.650719,84.77182,0.09474,-0.03279,0.921969,0.132376,0.362455,-2.184005,92.400009,0.922686,-0.021895,0.92746,0.182199,0.325793,-5.390717,112.137535,5.439365,0.082767,0.97394,0.066275,0.200495,-8.729366,131.680374,12.222205,0.14701,0.983292,-0.091145,0.056716,-6.018559,146.072174,12.872948,-0.043524,0.808259,0.210207,0.548303,-11.295781,126.445938,8.4699,0.333703,-0.433918,-0.006037,-0.836852,-18.202105,129.246628,-7.349627,0.363905,0.304493,-0.495466,-0.727579,-2.723658,122.306511,-25.483042,-0.650188,-0.464832,0.399271,0.449188,6.046084,147.851181,-23.247984,-0.048606,0.923783,0.22432,0.3065,-5.438416,125.864433,13.028423,0.310447,0.9013,0.228329,-0.197854,8.680506,125.03022,23.312336,-0.08687,0.261969,0.465971,-0.840652,26.780983,113.37812,10.93616,-0.095151,-0.002828,0.665377,-0.740413,16.299498,133.655869,2.141766,0.020369,0.837598,0.217319,0.500786,-7.150124,85.210716,-7.491161,0.180135,0.907045,-0.183672,0.333294,-0.498337,52.422035,-21.424479,-0.025421,0.858091,-0.130561,0.495972,-21.865044,11.153462,-11.287448,-0.148569,0.874361,-0.105088,0.449863,3.848685,84.332932,7.680641,-0.053282,0.829921,-0.231072,0.504973,9.837851,50.491356,19.185368,-0.017749,0.865253,-0.003207,0.501011,2.944258,8.276182,39.987953,-0.025421,0.858091,-0.130561,0.495972,-10.319356,2.4745,-16.435709,-0.017749,0.865253,-0.003207,0.501011,15.312095,2.355385,33.124092
632,5.266667,-0.006097,0.888896,0.06339,0.453662,-1.665892,84.820541,0.044313,-0.032802,0.922474,0.13165,0.361434,-2.191642,92.449654,0.868553,-0.021882,0.927998,0.181163,0.324839,-5.383862,112.199249,5.362654,0.082856,0.9741,0.065544,0.199921,-8.701115,131.757889,12.110361,0.146959,0.983256,-0.09174,0.056527,-5.984232,146.149551,12.738617,-0.043555,0.810124,0.208169,0.546322,-11.277279,126.516357,8.37467,0.336343,-0.434795,-0.003186,-0.835354,-18.25935,129.259796,-7.421625,0.364228,0.302433,-0.495257,-0.728418,-2.817428,122.129417,-25.512318,-0.648895,-0.461101,0.402055,0.452408,6.026734,147.640045,-23.350443,-0.048381,0.924326,0.223225,0.305698,-5.41066,125.942459,12.922245,0.31108,0.901327,0.227274,-0.197951,8.726205,125.119865,23.182417,-0.08568,0.262012,0.465912,-0.840795,26.805225,113.429733,10.810753,-0.094087,-0.002337,0.665272,-0.740645,16.322641,133.692078,1.985895,0.019599,0.83921,0.215789,0.498777,-7.184146,85.258362,-7.52795,0.178629,0.907427,-0.184027,0.332869,-0.574883,52.419411,-21.362787,-0.024891,0.859736,-0.128232,0.493751,-21.821976,11.111874,-11.133475,-0.148954,0.874218,-0.105002,0.450033,3.852362,84.382729,7.616578,-0.053575,0.829638,-0.231498,0.505212,9.86595,50.548138,19.129122,-0.016665,0.865294,-0.005159,0.500962,2.968307,8.354693,39.974411,-0.024891,0.859736,-0.128232,0.493751,-10.298106,2.466587,-16.386227,-0.016665,0.865294,-0.005159,0.500962,15.312977,2.370786,33.123585
633,5.275,-0.005884,0.889565,0.062779,0.452435,-1.677825,84.874115,0.010962,-0.032423,0.923028,0.130945,0.360307,-2.195273,92.504456,0.829092,-0.022317,0.928554,0.179875,0.323937,-5.356597,112.257538,5.305472,0.082671,0.974252,0.064621,0.199556,-8.666963,131.834869,12.00216,0.146859,0.983205,-0.092319,0.056718,-5.950455,146.227829,12.601625,-0.043438,0.81212,0.20602,0.544178,-11.248475,126.581779,8.286465,0.33873,-0.435977,-0.000358,-0.833778,-18.312679,129.268997,-7.482954,0.36451,0.300497,-0.494647,-0.729492,-2.921383,121.949875,-25.541384,-0.647734,-0.457276,0.40475,0.455541,6.016096,147.424072,-23.434557,-0.048538,0.924772,0.222316,0.304985,-5.37343,126.022736,12.825004,0.311884,0.901191,0.22665,-0.198023,8.778109,125.221237,23.066599,-0.083726,0.261551,0.465942,-0.841118,26.830864,113.491905,10.693682,-0.092389,-0.00231,0.665583,-0.74058,16.338825,133.7341,1.84,0.018999,0.840535,0.214729,0.497023,-7.216968,85.308769,-7.546217,0.17724,0.908251,-0.184419,0.331144,-0.63859,52.435078,-21.313095,-0.023332,0.861554,-0.125949,0.49124,-21.761789,11.09426,-10.96236,-0.149389,0.874463,-0.105054,0.449401,3.861317,84.439468,7.568141,-0.053526,0.82941,-0.231786,0.50546,9.9082,50.615086,19.093227,-0.015353,0.865184,-0.006829,0.501173,2.98624,8.433816,39.955105,-0.023332,0.861554,-0.125949,0.49124,-10.278894,2.466463,-16.332283,-0.015353,0.865184,-0.006829,0.501173,15.310964,2.390613,33.120434
634,5.283333,-0.005894,0.890319,0.062097,0.451045,-1.677737,84.928154,-0.003411,-0.032303,0.92365,0.130283,0.358962,-2.189321,92.559799,0.80616,-0.022706,0.929214,0.178513,0.322768,-5.32972,112.319031,5.264072,0.082745,0.974434,0.063375,0.199037,-8.628611,131.916077,11.908528,0.146567,0.983176,-0.092997,0.056875,-5.903518,146.308929,12.470828,-0.043443,0.814142,0.203885,0.541956,-11.217795,126.651016,8.215187,0.341151,-0.437318,0.002573,-0.832083,-18.366377,129.278549,-7.526239,0.365362,0.298618,-0.493866,-0.730366,-3.033561,121.763145,-25.553761,-0.647186,-0.453889,0.406472,0.458166,6.0031,147.196625,-23.515194,-0.048304,0.925398,0.220985,0.304092,-5.331749,126.107239,12.741311,0.312493,0.901256,0.225147,-0.198481,8.83962,125.320366,22.956585,-0.0824,0.26127,0.465792,-0.841419,26.864456,113.553131,10.578967,-0.091026,-0.002319,0.665711,-0.740634,16.357084,133.780365,1.701096,0.018873,0.841682,0.213782,0.495492,-7.240444,85.355141,-7.543699,0.175661,0.908871,-0.184842,0.330046,-0.713825,52.451694,-21.26404,-0.021947,0.863212,-0.123889,0.488911,-21.705008,11.07274,-10.797782,-0.149654,0.874707,-0.105116,0.448824,3.88497,84.501175,7.536877,-0.053356,0.829446,-0.23208,0.505283,9.953653,50.683449,19.070057,-0.014363,0.865256,-0.008938,0.501045,3.008244,8.513462,39.946926,-0.021947,0.863212,-0.123889,0.488911,-10.260197,2.461471,-16.274477,-0.014363,0.865256,-0.008938,0.501045,15.30821,2.404931,33.125748
635,5.291667,-0.005965,0.891129,0.061454,0.44953,-1.671919,84.983864,-0.005156,-0.03228,0.924357,0.1295,0.357425,-2.178657,92.616722,0.79602,-0.022952,0.92996,0.177167,0.321339,-5.298341,112.377289,5.228796,0.082566,0.974727,0.062222,0.198038,-8.578716,131.993942,11.824427,0.146495,0.983167,-0.093497,0.056395,-5.853343,146.388138,12.34912,-0.043336,0.816392,0.201529,0.539455,-11.17856,126.71769,8.154602,0.342949,-0.438708,0.005932,-0.830594,-18.422075,129.282578,-7.553726,0.366043,0.296563,-0.493017,-0.731435,-3.151141,121.566093,-25.548798,-0.646427,-0.450841,0.408058,0.460828,5.993331,146.954346,-23.576538,-0.04813,0.926093,0.219456,0.303106,-5.278983,126.187813,12.664729,0.31299,0.901206,0.224647,-0.198489,8.9139,125.420273,22.85157,-0.080884,0.260964,0.465454,-0.841848,26.923132,113.626694,10.476295,-0.08996,-0.002114,0.665028,-0.741378,16.393066,133.82811,1.570077,0.018672,0.842879,0.213048,0.493778,-7.260213,85.40239,-7.526978,0.174139,0.909601,-0.185154,0.328664,-0.775783,52.475666,-21.211454,-0.020166,0.864937,-0.121795,0.48646,-21.632929,11.05704,-10.634717,-0.149712,0.874868,-0.105245,0.448459,3.916375,84.565346,7.516665,-0.053301,0.829286,-0.232164,0.505513,9.98911,50.750851,19.057182,-0.013187,0.865226,-0.010622,0.501096,3.029441,8.584011,39.935661,-0.020166,0.864937,-0.121795,0.48646,-10.233636,2.457653,-16.223866,-0.013187,0.865226,-0.010622,0.501096,15.307861,2.417916,33.127464
636,5.3,-0.005897,0.891906,0.060632,0.448098,-1.672661,85.03772,0.009552,-0.032148,0.925144,0.128424,0.355783,-2.171507,92.672127,0.800789,-0.023317,0.930768,0.175748,0.31975,-5.261951,112.43895,5.199843,0.082265,0.975009,0.061043,0.197137,-8.526535,132.075882,11.742753,0.14644,0.983132,-0.094006,0.056293,-5.80415,146.472,12.228776,-0.043211,0.818736,0.199303,0.536733,-11.136826,126.787041,8.098553,0.345433,-0.440226,0.009035,-0.828731,-18.483162,129.290985,-7.571814,0.367292,0.294858,-0.491797,-0.732319,-3.280799,121.367142,-25.534817,-0.64602,-0.447913,0.409065,0.463355,5.97962,146.706848,-23.625759,-0.04838,0.926796,0.218014,0.301956,-5.222329,126.273453,12.590989,0.313866,0.901264,0.222969,-0.198736,8.994057,125.539253,22.747473,-0.079655,0.260743,0.465276,-0.842132,26.971159,113.69178,10.376968,-0.088881,-0.001943,0.664663,-0.741835,16.425882,133.878738,1.446335,0.018609,0.843884,0.21243,0.492328,-7.285073,85.448746,-7.494705,0.172516,0.910253,-0.185462,0.327538,-0.842606,52.5028,-21.152708,-0.01824,0.866709,-0.119627,0.483913,-21.559729,11.041487,-10.468552,-0.149833,0.875332,-0.105222,0.447518,3.939753,84.626701,7.513808,-0.053165,0.829205,-0.232302,0.505597,10.033104,50.814491,19.050154,-0.011693,0.865253,-0.011978,0.501057,3.053845,8.652348,39.931583,-0.01824,0.866709,-0.119627,0.483913,-10.209365,2.453927,-16.174252,-0.011693,0.865253,-0.011978,0.501057,15.307641,2.432073,33.128304
637,5.308333,-0.005947,0.892737,0.059715,0.446563,-1.664549,85.092972,0.03905,-0.032014,0.925925,0.127657,0.354035,-2.156431,92.729065,0.818258,-0.023768,0.931631,0.174065,0.318121,-5.22139,112.497055,5.194984,0.082745,0.975204,0.059951,0.196308,-8.469985,132.157761,11.674121,0.145687,0.983158,-0.094989,0.056147,-5.728959,146.551376,12.128559,-0.043056,0.821129,0.196814,0.534002,-11.090861,126.854362,8.058803,0.347661,-0.441932,0.012382,-0.826846,-18.539942,129.29361,-7.573223,0.368127,0.292789,-0.490806,-0.733394,-3.415838,121.155045,-25.506258,-0.645286,-0.444625,0.410651,0.466134,5.958537,146.443985,-23.66551,-0.04826,0.92754,0.216316,0.300913,-5.161207,126.359558,12.533336,0.314335,0.901189,0.222402,-0.198971,9.077586,125.648567,22.660044,-0.077732,0.260101,0.464937,-0.842697,27.035439,113.77829,10.283431,-0.087419,-0.002149,0.664986,-0.741719,16.459175,133.935669,1.327652,0.018508,0.84484,0.211929,0.490907,-7.302715,85.493629,-7.446443,0.171331,0.911317,-0.185462,0.325194,-0.895087,52.532005,-21.082977,-0.016423,0.868467,-0.117773,0.481274,-21.485634,11.031938,-10.304987,-0.149983,0.876075,-0.105252,0.446005,3.973616,84.692314,7.524542,-0.052552,0.829741,-0.232485,0.504697,10.095154,50.883831,19.056875,-0.010642,0.865376,-0.013802,0.50082,3.081307,8.723622,39.930622,-0.016423,0.868467,-0.117773,0.481274,-10.186916,2.451681,-16.123081,-0.010642,0.865376,-0.013802,0.50082,15.309093,2.44429,33.1348
638,5.316667,-0.006016,0.893569,0.058643,0.445039,-1.65828,85.145546,0.085303,-0.031907,0.926745,0.126612,0.352272,-2.142449,92.783585,0.850201,-0.024082,0.932492,0.172517,0.316411,-5.178787,112.553963,5.193462,0.082358,0.975531,0.058364,0.195318,-8.407515,132.236511,11.615964,0.14554,0.983133,-0.095532,0.05605,-5.669879,146.632309,12.019216,-0.043011,0.823493,0.194482,0.531213,-11.040359,126.920227,8.028369,0.350079,-0.443851,0.01557,-0.824741,-18.593496,129.294678,-7.563639,0.368327,0.290368,-0.489948,-0.734828,-3.558284,120.940376,-25.472187,-0.643711,-0.44047,0.413408,0.469805,5.932991,146.17514,-23.694086,-0.048592,0.928297,0.214867,0.299558,-5.094775,126.441811,12.483497,0.314956,0.901237,0.220977,-0.199358,9.171336,125.768303,22.57424,-0.076281,0.259649,0.464686,-0.843108,27.102089,113.859604,10.195266,-0.086,-0.002072,0.665403,-0.741511,16.501656,133.998199,1.217951,0.018499,0.84575,0.211622,0.48947,-7.321925,85.534286,-7.381556,0.170135,0.912119,-0.185486,0.323557,-0.947893,52.56324,-21.011036,-0.014258,0.869858,-0.115617,0.479349,-21.419516,11.025161,-10.153283,-0.149966,0.876882,-0.105308,0.444407,4.005365,84.756805,7.552162,-0.05203,0.830213,-0.232542,0.503948,10.144975,50.948811,19.076324,-0.009465,0.865501,-0.015154,0.500589,3.106026,8.785948,39.936237,-0.014258,0.869858,-0.115617,0.479349,-10.164436,2.456014,-16.071455,-0.009465,0.865501,-0.015154,0.500589,15.309223,2.457175,33.14209
639,5.325,-0.006268,0.894446,0.057773,0.443383,-1.640153,85.194473,0.150311,-0.032128,0.927582,0.125404,0.350475,-2.120442,92.834023,0.902474,-0.024302,0.933388,0.170885,0.314635,-5.138885,112.611496,5.20234,0.082076,0.975866,0.057063,0.194148,-8.342767,132.317093,11.566358,0.145362,0.983115,-0.096265,0.055575,-5.607515,146.714478,11.926572,-0.042985,0.82593,0.191851,0.52838,-10.9892,126.988159,8.007633,0.352108,-0.445659,0.01911,-0.822826,-18.6474,129.29184,-7.543699,0.367756,0.287476,-0.489543,-0.736519,-3.698109,120.71804,-25.420422,-0.641111,-0.436138,0.416766,0.474412,5.902237,145.907974,-23.708202,-0.048783,0.929111,0.213447,0.298015,-5.027085,126.52533,12.442276,0.315592,0.901234,0.219954,-0.199497,9.270631,125.885811,22.490421,-0.07499,0.25946,0.464466,-0.843403,27.178726,113.940094,10.114287,-0.084979,-0.00186,0.664803,-0.742167,16.56337,134.059357,1.110725,0.018703,0.846608,0.211311,0.488111,-7.331338,85.569839,-7.296267,0.168652,0.91231,-0.185717,0.32366,-1.002777,52.589798,-20.925203,-0.012146,0.871153,-0.113317,0.477603,-21.357784,11.012107,-10.000007,-0.149808,0.877827,-0.10521,0.442614,4.051033,84.819107,7.596889,-0.051398,0.830846,-0.232745,0.502875,10.207708,51.006187,19.097454,-0.008251,0.865694,-0.016381,0.500238,3.136045,8.846056,39.951843,-0.012146,0.871153,-0.113317,0.477603,-10.142051,2.458961,-16.015238,-0.008251,0.865694,-0.016381,0.500238,15.312963,2.470333,33.154438
640,5.333333,-0.006348,0.895306,0.056768,0.441775,-1.626277,85.243912,0.221681,-0.031917,0.928398,0.124348,0.348705,-2.099491,92.885208,0.960383,-0.024838,0.934244,0.169116,0.313004,-5.08623,112.669991,5.228798,0.082095,0.976148,0.055716,0.193108,-8.277056,132.399689,11.524315,0.145023,0.983111,-0.097076,0.055117,-5.535301,146.796829,11.842313,-0.043137,0.828349,0.189129,0.525555,-10.933087,127.055481,7.995789,0.354466,-0.447741,0.022424,-0.820596,-18.694967,129.282104,-7.515307,0.366202,0.284208,-0.489533,-0.738566,-3.844926,120.486519,-25.36698,-0.636961,-0.431242,0.421471,0.480285,5.852817,145.630951,-23.712746,-0.048729,0.929987,0.211883,0.296403,-4.956123,126.612808,12.412457,0.31602,0.901383,0.218289,-0.199976,9.375273,126.001266,22.414251,-0.073734,0.259289,0.464219,-0.843702,27.260462,114.022766,10.036692,-0.083432,-0.001756,0.664759,-0.742382,16.628885,134.123276,1.00645,0.018652,0.847607,0.210846,0.486579,-7.344151,85.607765,-7.204995,0.167455,0.912859,-0.185543,0.322833,-1.053761,52.613342,-20.816776,-0.010262,0.872519,-0.110992,0.475695,-21.293636,10.991207,-9.846985,-0.14971,0.87874,-0.105008,0.440882,4.091597,84.880051,7.648357,-0.050828,0.831287,-0.232916,0.502125,10.271575,51.061916,19.121054,-0.006951,0.865861,-0.017543,0.499929,3.165393,8.90384,39.967846,-0.010262,0.872519,-0.110992,0.475695,-10.116791,2.458046,-15.962146,-0.006951,0.865861,-0.017543,0.499929,15.316033,2.481612,33.167202
641,5.341667,-0.006734,0.896176,0.055781,0.440127,-1.604532,85.28614,0.310262,-0.032024,0.929249,0.122973,0.346912,-2.075033,92.92907,1.033659,-0.025058,0.935129,0.167434,0.311242,-5.038462,112.7285,5.255146,0.081834,0.976478,0.054287,0.191955,-8.204424,132.481461,11.489995,0.144828,0.983089,-0.097843,0.054667,-5.463943,146.879791,11.761496,-0.043093,0.830897,0.186128,0.522598,-10.873892,127.124596,7.990909,0.357143,-0.449811,0.025821,-0.8182,-18.744274,129.274261,-7.476305,0.36345,0.280127,-0.49013,-0.741084,-3.994641,120.247063,-25.29557,-0.63059,-0.425516,0.427718,0.488212,5.790311,145.345306,-23.705887,-0.048757,0.930863,0.210245,0.294812,-4.880716,126.697556,12.3871,0.316453,0.901388,0.217635,-0.199981,9.483501,126.117088,22.343555,-0.071796,0.258888,0.463789,-0.844229,27.354986,114.112709,9.971273,-0.081979,-0.001601,0.665073,-0.742263,16.693836,134.181229,0.905494,0.018388,0.84889,0.210568,0.484467,-7.349566,85.633492,-7.096215,0.166812,0.913841,-0.185043,0.320667,-1.08664,52.629887,-20.698381,-0.007707,0.873731,-0.108463,0.474101,-21.2328,10.969684,-9.700654,-0.149345,0.879632,-0.104619,0.439315,4.140502,84.938789,7.716739,-0.050286,0.831773,-0.233093,0.501291,10.331198,51.106823,19.142786,-0.006167,0.866053,-0.018668,0.499566,3.194515,8.951384,39.984493,-0.007707,0.873731,-0.108463,0.474101,-10.097754,2.453048,-15.914315,-0.006167,0.866053,-0.018668,0.499566,15.323771,2.490916,33.181892
642,5.35,-0.006957,0.897085,0.054697,0.438404,-1.579283,85.325645,0.407573,-0.032194,0.930134,0.121442,0.34506,-2.044156,92.970367,1.115463,-0.025336,0.93602,0.16582,0.3094,-4.984182,112.784103,5.283035,0.081549,0.976797,0.05283,0.190857,-8.128148,132.559021,11.459148,0.144535,0.983068,-0.098622,0.054418,-5.389472,146.958511,11.683419,-0.043144,0.833392,0.183276,0.519622,-10.810475,127.18943,7.989517,0.360073,-0.451978,0.029045,-0.81561,-18.789211,129.26265,-7.432556,0.359815,0.275789,-0.490976,-0.74392,-4.145373,120.004036,-25.220316,-0.622606,-0.419289,0.435207,0.497146,5.720336,145.060379,-23.68292,-0.048791,0.931716,0.208457,0.293378,-4.800479,126.778625,12.364243,0.316775,0.901632,0.215853,-0.2003,9.593116,126.229645,22.27998,-0.070355,0.259107,0.463438,-0.844476,27.448109,114.192703,9.915532,-0.080418,-0.001313,0.664863,-0.742623,16.777266,134.233612,0.804201,0.018384,0.849988,0.210282,0.482663,-7.352658,85.658417,-6.977507,0.165885,0.914444,-0.184672,0.319641,-1.128509,52.646076,-20.576277,-0.005087,0.874877,-0.105491,0.47269,-21.174229,10.943493,-9.555651,-0.149112,0.880489,-0.104145,0.437788,4.194092,84.992874,7.792654,-0.049547,0.832298,-0.233269,0.500411,10.405842,51.148712,19.171078,-0.004837,0.866164,-0.019307,0.499363,3.224288,8.994034,39.998913,-0.005087,0.874877,-0.105491,0.47269,-10.075891,2.45319,-15.870205,-0.004837,0.866164,-0.019307,0.499363,15.331669,2.499328,33.189945
643,5.358333,-0.007163,0.897926,0.053575,0.436814,-1.561354,85.358337,0.515252,-0.032108,0.931019,0.120094,0.343147,-2.020291,93.004883,1.207143,-0.025679,0.936975,0.16386,0.307521,-4.929707,112.831703,5.331404,0.081305,0.977123,0.051319,0.189699,-8.049828,132.632965,11.434759,0.144377,0.983035,-0.099366,0.054065,-5.31173,147.033234,11.610241,-0.043282,0.835804,0.180638,0.516651,-10.745584,127.248535,7.998688,0.363734,-0.454154,0.031876,-0.812666,-18.831566,129.24736,-7.377278,0.354933,0.270718,-0.492368,-0.7472,-4.294239,119.757248,-25.130367,-0.612372,-0.411303,0.4447,0.508008,5.642302,144.774918,-23.646671,-0.049133,0.932612,0.206973,0.291518,-4.718589,126.856491,12.351692,0.317111,0.901872,0.214133,-0.200536,9.711871,126.348854,22.215914,-0.068669,0.259075,0.462857,-0.844943,27.551592,114.278481,9.862018,-0.078906,-0.000806,0.665456,-0.742255,16.852962,134.285645,0.705373,0.018113,0.850863,0.209907,0.481294,-7.360783,85.676697,-6.850022,0.165085,0.914843,-0.184236,0.319165,-1.155055,52.652203,-20.427694,-0.003305,0.876195,-0.102955,0.470821,-21.115871,10.909143,-9.406224,-0.148982,0.881411,-0.103639,0.436094,4.238073,85.03997,7.880525,-0.048621,0.833005,-0.233395,0.499264,10.480253,51.185356,19.211105,-0.004335,0.866354,-0.020343,0.498997,3.248098,9.027654,40.015297,-0.003305,0.876195,-0.102955,0.470821,-10.053606,2.446963,-15.821019,-0.004335,0.866354,-0.020343,0.498997,15.337578,2.500945,33.205124
644,5.366667,-0.007284,0.898839,0.052493,0.435062,-1.54181,85.388824,0.631003,-0.032261,0.931895,0.11863,0.341259,-1.993838,93.037117,1.308064,-0.025852,0.937904,0.162004,0.305652,-4.881119,112.881912,5.381956,0.081017,0.977456,0.049735,0.18853,-7.972422,132.708145,11.418543,0.144276,0.98299,-0.100152,0.053715,-5.235875,147.109253,11.54291,-0.043526,0.838181,0.177787,0.51376,-10.682955,127.310791,8.014553,0.366709,-0.456441,0.035145,-0.809908,-18.87236,129.229385,-7.31683,0.348703,0.265112,-0.494195,-0.750928,-4.449306,119.50338,-25.035429,-0.600151,-0.403166,0.454781,0.520048,5.547277,144.485687,-23.593903,-0.049378,0.933539,0.205537,0.28952,-4.63903,126.934517,12.34542,0.317382,0.902186,0.2124,-0.200537,9.831194,126.465485,22.153135,-0.067057,0.259239,0.462288,-0.845333,27.662376,114.360794,9.8205,-0.077217,-0.000167,0.665638,-0.742269,16.9424,134.332947,0.613961,0.017922,0.851802,0.209742,0.479708,-7.369853,85.694435,-6.712189,0.16455,0.915829,-0.183547,0.317004,-1.183426,52.664436,-20.285271,-0.001147,0.877472,-0.100355,0.469011,-21.054462,10.880486,-9.256501,-0.148895,0.882296,-0.103023,0.434477,4.286233,85.083221,7.974195,-0.047639,0.833626,-0.233555,0.498247,10.563965,51.217506,19.251837,-0.003265,0.866446,-0.020699,0.498831,3.271826,9.057919,40.03125,-0.001147,0.877472,-0.100355,0.469011,-10.032206,2.443603,-15.772685,-0.003265,0.866446,-0.020699,0.498831,15.344533,2.507507,33.214088
645,5.375,-0.007446,0.899744,0.051581,0.433296,-1.510441,85.408394,0.75466,-0.032217,0.932793,0.117238,0.339286,-1.957311,93.058105,1.418947,-0.026321,0.938845,0.160045,0.303749,-4.816018,112.922226,5.448474,0.081072,0.977765,0.048214,0.187294,-7.888927,132.77388,11.410441,0.143911,0.982994,-0.100938,0.053149,-5.144785,147.173874,11.487089,-0.043432,0.840736,0.174756,0.510625,-10.611291,127.361061,8.040618,0.369829,-0.458631,0.038342,-0.807102,-18.913338,129.204895,-7.23928,0.341898,0.259279,-0.496157,-0.75479,-4.601483,119.244743,-24.917931,-0.586539,-0.394624,0.464874,0.533044,5.449576,144.190948,-23.514254,-0.04946,0.934552,0.203464,0.287696,-4.550463,127.005157,12.349534,0.317853,0.902316,0.210834,-0.20086,9.956317,126.574516,22.104887,-0.065347,0.259402,0.46195,-0.845602,27.766174,114.434448,9.776221,-0.0756,0.00057,0.665694,-0.742385,17.036406,134.375015,0.520984,0.017686,0.853151,0.209426,0.477454,-7.367226,85.701981,-6.566127,0.163703,0.916107,-0.183222,0.316826,-1.213193,52.661751,-20.129034,0.000546,0.878727,-0.097537,0.467254,-21.001879,10.840016,-9.095401,-0.148644,0.88284,-0.102296,0.43363,4.346343,85.114807,8.075446,-0.046768,0.833955,-0.233712,0.497706,10.643046,51.232864,19.293604,-0.002779,0.866595,-0.020973,0.498563,3.28794,9.07242,40.049084,0.000546,0.878727,-0.097537,0.467254,-10.011158,2.440132,-15.711895,-0.002779,0.866595,-0.020973,0.498563,15.349234,2.508508,33.224697
646,5.383333,-0.007724,0.900613,0.050708,0.431586,-1.480095,85.427437,0.890006,-0.03223,0.933687,0.11582,0.337307,-1.923761,93.078461,1.541245,-0.026626,0.939801,0.158068,0.301793,-4.756574,112.966705,5.525421,0.081247,0.978059,0.046834,0.186026,-7.80444,132.84404,11.414229,0.143614,0.982956,-0.102057,0.05251,-5.050213,147.242279,11.447754,-0.043557,0.843371,0.171369,0.507406,-10.54067,127.416924,8.078811,0.372906,-0.46098,0.041281,-0.804198,-18.95693,129.173294,-7.148816,0.334553,0.253204,-0.497958,-0.758946,-4.763989,118.987656,-24.794834,-0.571598,-0.385647,0.475116,0.546642,5.353546,143.894791,-23.418243,-0.049355,0.935502,0.201834,0.285769,-4.462448,127.079216,12.364624,0.317725,0.902738,0.208851,-0.201238,10.083326,126.676796,22.062943,-0.063907,0.259763,0.461052,-0.846092,27.889687,114.519966,9.745737,-0.074068,0.001553,0.665749,-0.742489,17.129715,134.415054,0.435028,0.017488,0.854148,0.209211,0.475769,-7.364546,85.707497,-6.409091,0.163159,0.916873,-0.182607,0.315242,-1.232493,52.660263,-19.96489,0.00247,0.880108,-0.094679,0.465231,-20.939592,10.800203,-8.930579,-0.148518,0.883789,-0.101524,0.431916,4.404356,85.147385,8.189103,-0.045622,0.834453,-0.233918,0.496879,10.740075,51.251316,19.342432,-0.001982,0.866657,-0.021112,0.498453,3.304834,9.089994,40.067543,0.00247,0.880108,-0.094679,0.465231,-9.987929,2.435532,-15.655552,-0.001982,0.866657,-0.021112,0.498453,15.354612,2.511492,33.236866
647,5.391667,-0.008079,0.901533,0.049747,0.429766,-1.441582,85.439339,1.03318,-0.032129,0.934608,0.11439,0.335247,-1.882509,93.091759,1.669667,-0.027166,0.940758,0.156042,0.299814,-4.683063,112.992332,5.607282,0.081158,0.978377,0.045165,0.184802,-7.714723,132.895111,11.417992,0.143217,0.982952,-0.102872,0.052072,-4.956458,147.292603,11.398821,-0.043541,0.845956,0.168486,0.504059,-10.462292,127.45192,8.118274,0.376348,-0.463256,0.043968,-0.801138,-18.996986,129.133957,-7.051717,0.327625,0.247466,-0.499564,-0.762797,-4.919884,118.726395,-24.660986,0.556805,0.376671,-0.484955,-0.55938,5.258845,143.589325,-23.311121,-0.049744,0.936493,0.199914,0.283797,-4.36677,127.135864,12.381106,0.318351,0.902855,0.206957,-0.20168,10.21695,126.780876,22.024128,-0.062103,0.259697,0.46075,-0.84641,27.994686,114.579727,9.709414,-0.072097,0.002235,0.665905,-0.742541,17.218229,134.448624,0.354715,0.017341,0.855252,0.209267,0.473762,-7.355335,85.703766,-6.242781,0.16277,0.917758,-0.182078,0.313168,-1.24407,52.657845,-19.811165,0.00439,0.881394,-0.091918,0.463332,-20.8792,10.767388,-8.76389,-0.148228,0.88448,-0.100778,0.430775,4.472171,85.174904,8.30914,-0.044619,0.834657,-0.23401,0.496585,10.828432,51.26165,19.398365,-0.001465,0.866721,-0.021024,0.498348,3.316672,9.095776,40.08659,0.00439,0.881394,-0.091918,0.463332,-9.965442,2.436746,-15.591937,-0.001465,0.866721,-0.021024,0.498348,15.359563,2.512054,33.248806
648,5.4,-0.0084,0.902438,0.048769,0.427969,-1.40703,85.445175,1.188784,-0.032172,0.935546,0.112846,0.333142,-1.8447,93.098999,1.810502,-0.027576,0.94174,0.154051,0.297713,-4.61878,113.025078,5.697711,0.080761,0.978746,0.043333,0.183459,-7.629153,132.952805,11.433543,0.143404,0.982856,-0.10374,0.051638,-4.875068,147.350891,11.354967,-0.043871,0.848445,0.165672,0.500768,-10.389874,127.494637,8.169736,0.379126,-0.465441,0.047238,-0.798371,-19.039234,129.094406,-6.944105,0.320982,0.241864,-0.501053,-0.766432,-5.077712,118.458191,-24.508709,0.542286,0.368775,-0.493493,-0.571311,5.163119,143.282288,-23.189295,-0.049954,0.93744,0.198561,0.281574,-4.275997,127.198425,12.407639,0.318584,0.903147,0.204984,-0.202019,10.350948,126.880821,21.986284,-0.060296,0.259761,0.460023,-0.846916,28.114525,114.648315,9.682246,-0.070334,0.00298,0.666259,-0.742391,17.30723,134.47525,0.275838,0.017216,0.856621,0.209312,0.471266,-7.34959,85.694519,-6.064203,0.16198,0.918224,-0.181749,0.312401,-1.268603,52.649666,-19.648773,0.006241,0.882637,-0.088948,0.46152,-20.818857,10.723409,-8.586818,-0.148031,0.885247,-0.09984,0.429484,4.53553,85.195831,8.441772,-0.043458,0.83499,-0.234184,0.496045,10.926048,51.264717,19.4564,-0.00117,0.866868,-0.02094,0.498096,3.327213,9.096893,40.108829,0.006241,0.882637,-0.088948,0.46152,-9.939404,2.433197,-15.518037,-0.00117,0.866868,-0.02094,0.498096,15.363323,2.510956,33.261246
649,5.408333,-0.008631,0.903353,0.047799,0.426139,-1.374378,85.446655,1.345351,-0.032149,0.9365,0.111505,0.33091,-1.807645,93.10186,1.952996,-0.027846,0.942773,0.151996,0.295466,-4.555098,113.051201,5.798516,0.080511,0.979111,0.041648,0.182005,-7.537363,133.004639,11.4591,0.143307,0.982786,-0.104821,0.051058,-4.78443,147.402542,11.325734,-0.043947,0.851,0.162349,0.497504,-10.313618,127.532181,8.232615,0.382472,-0.467805,0.049966,-0.795221,-19.076712,129.049026,-6.824151,0.315095,0.237045,-0.501776,-0.7699,-5.237936,118.190193,-24.349627,0.527836,0.361792,-0.500971,-0.582686,5.080122,142.960632,-23.039242,-0.050353,0.938396,0.197037,0.279383,-4.180114,127.254364,12.443314,0.318999,0.903336,0.203243,-0.202274,10.488413,126.981628,21.959549,-0.058317,0.259853,0.459343,-0.847396,28.233719,114.712593,9.665515,-0.068715,0.003619,0.665844,-0.742911,17.398565,134.49646,0.203097,0.016925,0.85778,0.209583,0.469043,-7.346189,85.68251,-5.884022,0.161601,0.91942,-0.181091,0.309447,-1.27308,52.645145,-19.490337,0.008882,0.884021,-0.085728,0.459433,-20.738146,10.684493,-8.408579,-0.147829,0.885215,-0.09857,0.429912,4.597433,85.2108,8.574723,-0.042613,0.834868,-0.234248,0.496293,11.011082,51.257088,19.505968,-0.001267,0.866924,-0.020816,0.498004,3.336136,9.085184,40.121899,0.008882,0.884021,-0.085728,0.459433,-9.906723,2.430763,-15.457561,-0.001267,0.866924,-0.020816,0.498004,15.372622,2.503511,33.270878
650,5.416667,-0.008933,0.904265,0.046841,0.424302,-1.328401,85.441154,1.517428,-0.032321,0.937425,0.109922,0.328795,-1.758398,93.097672,2.110688,-0.028254,0.943742,0.150015,0.293339,-4.483976,113.070534,5.901901,0.080633,0.979426,0.039888,0.180642,-7.445627,133.048111,11.487731,0.143033,0.982735,-0.105961,0.050446,-4.682874,147.443527,11.299666,-0.044041,0.853576,0.159386,0.494028,-10.234779,127.56102,8.297407,0.386961,-0.469973,0.052074,-0.791628,-19.118101,129.000168,-6.696405,0.310314,0.232841,-0.502271,-0.772796,-5.390933,117.921463,-24.171968,0.514183,0.354881,-0.508111,-0.592873,4.997149,142.637283,-22.879761,-0.0504,0.939394,0.195025,0.277423,-4.082973,127.302826,12.48258,0.319302,0.903591,0.201056,-0.202847,10.62355,127.066444,21.940977,-0.056617,0.259899,0.458743,-0.847822,28.347742,114.763557,9.650307,-0.066861,0.00405,0.66563,-0.74327,17.486567,134.511002,0.140513,0.01678,0.859139,0.209851,0.466434,-7.329427,85.662453,-5.688177,0.161174,0.92024,-0.180585,0.307523,-1.279493,52.632896,-19.32373,0.01111,0.885327,-0.082635,0.457433,-20.671795,10.641718,-8.230059,-0.147688,0.88578,-0.097463,0.429048,4.672624,85.219856,8.723032,-0.041191,0.835069,-0.234362,0.496022,11.123926,51.247414,19.573624,-0.001495,0.866949,-0.020618,0.497968,3.337459,9.069273,40.134895,0.01111,0.885327,-0.082635,0.457433,-9.882586,2.427905,-15.389541,-0.001495,0.866949,-0.020618,0.497968,15.377172,2.495521,33.281933
651,5.425,-0.009463,0.905227,0.045894,0.422337,-1.279533,85.439308,1.693056,-0.032213,0.938353,0.10868,0.326564,-1.709471,93.097023,2.270648,-0.028915,0.944721,0.147858,0.291213,-4.405978,113.085709,6.023439,0.080685,0.979732,0.038003,0.179363,-7.355246,133.088608,11.524493,0.142936,0.982653,-0.107059,0.050009,-4.584036,147.481506,11.278079,-0.04418,0.856094,0.156502,0.49057,-10.154831,127.584503,8.37287,0.387915,-0.472021,0.056606,-0.789629,-19.156815,128.946854,-6.557204,0.303981,0.227588,-0.503202,-0.776265,-5.549942,117.633842,-23.976656,0.500484,0.348357,-0.514327,-0.603018,4.91411,142.308456,-22.704859,-0.050673,0.940436,0.193244,0.275079,-3.985078,127.350113,12.532947,0.319625,0.903862,0.198782,-0.203368,10.765769,127.157677,21.923065,-0.054582,0.259609,0.458001,-0.848445,28.469202,114.81823,9.639142,-0.064675,0.004118,0.665549,-0.743535,17.568371,134.520493,0.086635,0.016614,0.860661,0.210409,0.463373,-7.311572,85.64222,-5.487148,0.160794,0.921402,-0.18006,0.304535,-1.281003,52.629246,-19.171337,0.013114,0.886767,-0.079984,0.455054,-20.591291,10.608423,-8.046882,-0.147388,0.886143,-0.096438,0.428634,4.752506,85.236397,8.87326,-0.040115,0.834761,-0.234283,0.496665,11.22315,51.243114,19.646793,-0.001428,0.866905,-0.020119,0.498065,3.33938,9.053126,40.14658,0.013114,0.886767,-0.079984,0.455054,-9.851326,2.427821,-15.317562,-0.001428,0.866905,-0.020119,0.498065,15.383072,2.490397,33.290054
652,5.433333,-0.009822,0.906189,0.045147,0.420342,-1.233096,85.42617,1.874869,-0.032371,0.939323,0.107296,0.32421,-1.661933,93.084824,2.440707,-0.029249,0.945748,0.145895,0.288825,-4.338599,113.097931,6.147816,0.080654,0.980096,0.036032,0.177789,-7.263814,133.124191,11.576298,0.142817,0.98258,-0.108198,0.049321,-4.486868,147.514786,11.267626,-0.044,0.858808,0.15308,0.486908,-10.077996,127.606079,8.462366,0.391057,-0.474024,0.05949,-0.786662,-19.205709,128.891327,-6.398042,0.298673,0.22289,-0.503811,-0.779287,-5.709547,117.361435,-23.76133,0.48634,0.341663,-0.520706,-0.612867,4.826902,141.983948,-22.516493,-0.050468,0.94146,0.191263,0.272994,-3.887909,127.390526,12.593153,0.32006,0.904003,0.196531,-0.204246,10.903643,127.226135,21.919552,-0.052933,0.259414,0.457579,-0.848837,28.575485,114.850769,9.626277,-0.062698,0.004093,0.664947,-0.744243,17.650557,134.523315,0.038651,0.016495,0.862062,0.211133,0.460435,-7.296553,85.615211,-5.279203,0.160475,0.922408,-0.179609,0.301914,-1.280856,52.624084,-19.022491,0.015268,0.887903,-0.07728,0.453236,-20.52076,10.578114,-7.87115,-0.147221,0.886076,-0.095269,0.429092,4.830361,85.237129,9.028941,-0.038959,0.834638,-0.234277,0.496967,11.32274,51.22403,19.726585,-0.001638,0.867005,-0.01936,0.49792,3.340335,9.025038,40.16959,0.015268,0.887903,-0.07728,0.453236,-9.822155,2.431266,-15.240044,-0.001638,0.867005,-0.01936,0.49792,15.388848,2.48335,33.301437
653,5.441667,-0.01025,0.90714,0.044296,0.418365,-1.172099,85.413193,2.064983,-0.032628,0.940251,0.105765,0.32199,-1.600206,93.072891,2.61715,-0.029741,0.94671,0.143928,0.286601,-4.259223,113.107971,6.270484,0.0803,0.980452,0.034158,0.17635,-7.167913,133.156891,11.623631,0.142988,0.982463,-0.109276,0.048787,-4.394779,147.546799,11.254313,-0.043967,0.861396,0.150496,0.483129,-9.993898,127.624039,8.546794,0.395752,-0.47613,0.061581,-0.782872,-19.249937,128.842407,-6.239699,0.293825,0.218584,-0.50428,-0.782042,-5.865739,117.090523,-23.54071,0.471451,0.334653,-0.527227,-0.622715,4.736858,141.65712,-22.321133,-0.050818,0.942436,0.189354,0.270884,-3.785189,127.42907,12.650572,0.320516,0.904145,0.194611,-0.20474,11.045267,127.310158,21.915701,-0.050267,0.25869,0.456924,-0.849572,28.692579,114.897346,9.624929,-0.060207,0.003251,0.665135,-0.744285,17.720213,134.523102,-0.003053,0.016549,0.863532,0.211854,0.457336,-7.266496,85.586426,-5.063158,0.160087,0.923566,-0.179093,0.29887,-1.279522,52.617516,-18.872162,0.017151,0.889278,-0.074723,0.450896,-20.436306,10.542086,-7.688822,-0.147026,0.886523,-0.094379,0.42843,4.922298,85.239967,9.193124,-0.037333,0.834986,-0.234271,0.496511,11.439168,51.210487,19.823595,-0.001765,0.867114,-0.018502,0.497762,3.339338,8.999428,40.195393,0.017151,0.889278,-0.074723,0.450896,-9.785993,2.42937,-15.164566,-0.001765,0.867114,-0.018502,0.497762,15.392156,2.480003,33.313625
654,5.45,-0.010647,0.908128,0.043347,0.416306,-1.122486,85.398994,2.263601,-0.033057,0.941183,0.104412,0.319656,-1.54882,93.059845,2.800955,-0.029683,0.947718,0.142092,0.284183,-4.199807,113.120888,6.406321,0.080532,0.980778,0.03241,0.174756,-7.070997,133.191971,11.696323,0.142747,0.98235,-0.110948,0.047982,-4.286152,147.578094,11.272375,-0.044087,0.863973,0.147187,0.479524,-9.915383,127.648735,8.655314,0.396491,-0.478018,0.066291,-0.78096,-19.292435,128.785049,-6.061293,0.286461,0.212366,-0.505443,-0.785728,-6.027626,116.801659,-23.295317,0.45519,0.326925,-0.53466,-0.632503,4.652356,141.32753,-22.113579,-0.050785,0.94341,0.187834,0.268546,-3.686074,127.466347,12.728333,0.320941,0.904229,0.192496,-0.205697,11.188591,127.377831,21.922646,-0.048612,0.258124,0.456191,-0.850234,28.802839,114.932228,9.617623,-0.058621,0.003636,0.66525,-0.744307,17.782425,134.521835,-0.034802,0.016333,0.865001,0.213115,0.45397,-7.248971,85.556129,-4.83735,0.159883,0.924577,-0.178728,0.296058,-1.260331,52.625572,-18.736843,0.020252,0.890448,-0.071983,0.4489,-20.356421,10.531524,-7.519832,-0.14695,0.886732,-0.093259,0.428271,5.004,85.241859,9.364552,-0.035924,0.834937,-0.234131,0.496762,11.554043,51.195526,19.92038,-0.003009,0.867372,-0.017881,0.497331,3.343093,8.96844,40.214325,0.020252,0.890448,-0.071983,0.4489,-9.76333,2.443314,-15.102664,-0.003009,0.867372,-0.017881,0.497331,15.406585,2.481198,33.320862
655,5.458333,-0.011078,0.909061,0.04221,0.414371,-1.06822,85.387039,2.46714,-0.033244,0.942107,0.103112,0.317327,-1.492188,93.04924,2.986796,-0.029993,0.948683,0.140329,0.281796,-4.125748,113.128456,6.547842,0.080189,0.981131,0.030055,0.173347,-6.97542,133.219635,11.772792,0.14277,0.982203,-0.112317,0.047743,-4.192035,147.603683,11.274587,-0.044261,0.866398,0.144079,0.476065,-9.833415,127.663925,8.767531,0.39951,-0.480193,0.069157,-0.777833,-19.325533,128.721664,-5.881005,0.2796,0.206978,-0.506381,-0.789026,-6.183465,116.523064,-23.05798,0.438141,0.318486,-0.542029,-0.642499,4.559146,141.001999,-21.895544,-0.050609,0.944368,0.18611,0.266402,-3.584268,127.498795,12.810787,0.321587,0.904292,0.189847,-0.20687,11.331134,127.436317,21.939075,-0.046974,0.257707,0.455898,-0.85061,28.900736,114.944695,9.616875,-0.056343,0.003533,0.664563,-0.745097,17.856327,134.509583,-0.060508,0.016329,0.866376,0.21421,0.450821,-7.22468,85.526245,-4.608212,0.159558,0.92553,-0.178262,0.293528,-1.250312,52.629566,-18.593807,0.021932,0.891701,-0.070007,0.446639,-20.276197,10.509792,-7.354104,-0.14664,0.886823,-0.092112,0.428435,5.08824,85.247833,9.542492,-0.034539,0.834963,-0.233952,0.496901,11.653803,51.179482,20.017332,-0.003317,0.867402,-0.016995,0.497307,3.338353,8.935112,40.232597,0.021932,0.891701,-0.070007,0.446639,-9.732013,2.446239,-15.030767,-0.003317,0.867402,-0.016995,0.497307,15.410402,2.473445,33.330112
656,5.466667,-0.011754,0.910059,0.04129,0.41225,-1.003699,85.371193,2.678506,-0.033449,0.94302,0.101747,0.315027,-1.430088,93.034332,3.182,-0.030391,0.949612,0.138491,0.279524,-4.046262,113.131012,6.695613,0.080117,0.98143,0.027906,0.172038,-6.878062,133.242661,11.851062,0.142675,0.982051,-0.113881,0.047451,-4.089422,147.623215,11.286213,-0.044315,0.868823,0.141168,0.472498,-9.748157,127.673805,8.881867,0.402166,-0.482174,0.072402,-0.774938,-19.358448,128.660065,-5.69443,0.272802,0.201419,-0.507391,-0.792189,-6.333895,116.243637,-22.804707,0.421022,0.310409,-0.549161,-0.651774,4.468468,140.678802,-21.67416,-0.050556,0.945245,0.184537,0.264391,-3.480378,127.527115,12.8969,0.321964,0.904317,0.188111,-0.20776,11.472543,127.49205,21.963751,-0.044612,0.256795,0.455142,-0.851417,29.01178,114.973572,9.625553,-0.054009,0.003417,0.664647,-0.745196,17.911074,134.49263,-0.078055,0.016731,0.867534,0.215667,0.447876,-7.192756,85.489853,-4.368728,0.159213,0.926872,-0.177793,0.289741,-1.24349,52.639557,-18.473547,0.023011,0.893286,-0.068325,0.443669,-20.182224,10.493437,-7.185496,-0.146281,0.887369,-0.091287,0.427603,5.185358,85.252533,9.725739,-0.032989,0.834892,-0.233646,0.497269,11.764783,51.165604,20.131243,-0.003386,0.867304,-0.015896,0.497513,3.332274,8.89768,40.248562,0.023011,0.893286,-0.068325,0.443669,-9.694355,2.455156,-14.965126,-0.003386,0.867304,-0.015896,0.497513,15.415278,2.463436,33.339619
657,5.475,-0.012406,0.911039,0.040463,0.410142,-0.931023,85.351204,2.894275,-0.033806,0.943913,0.100436,0.312728,-1.36018,93.015144,3.383072,-0.030672,0.950542,0.136673,0.277218,-3.966719,113.135353,6.85042,0.080198,0.981755,0.026133,0.170418,-6.776391,133.267242,11.938514,0.142618,0.981908,-0.115575,0.046475,-3.980879,147.644135,11.317508,-0.044552,0.871328,0.138327,0.468688,-9.659835,127.686272,9.005216,0.405175,-0.484147,0.075268,-0.771861,-19.394798,128.596039,-5.493115,0.266223,0.195753,-0.508315,-0.795249,-6.485945,115.96904,-22.536848,0.403371,0.302653,-0.555078,-0.661499,4.37763,140.354996,-21.449848,-0.050728,0.946089,0.183241,0.26223,-3.373196,127.556244,12.991229,0.322862,0.904175,0.186049,-0.208839,11.618922,127.554214,21.993181,-0.042416,0.25598,0.454731,-0.851995,29.10709,114.986397,9.632668,-0.052007,0.003416,0.664471,-0.745495,17.967371,134.472198,-0.094111,0.017401,0.868631,0.217267,0.444941,-7.152304,85.4505,-4.124827,0.158582,0.928001,-0.177196,0.286822,-1.240842,52.652065,-18.365578,0.024718,0.894666,-0.06657,0.441055,-20.075314,10.466724,-7.049658,-0.145777,0.887548,-0.090239,0.427626,5.290257,85.251907,9.913378,-0.031472,0.835023,-0.233422,0.497252,11.871476,51.140511,20.237209,-0.004116,0.867337,-0.014996,0.497479,3.329796,8.853355,40.267841,0.024718,0.894666,-0.06657,0.441055,-9.645489,2.448583,-14.92748,-0.004116,0.867337,-0.014996,0.497479,15.425817,2.450999,33.352062
658,5.483333,-0.013018,0.912011,0.039474,0.408055,-0.863146,85.33474,3.114829,-0.033761,0.944801,0.099279,0.31041,-1.293561,92.999664,3.586918,-0.031362,0.951425,0.134884,0.274977,-3.875157,113.129173,7.016694,0.080068,0.982071,0.024208,0.168937,-6.679999,133.279633,12.033455,0.142652,0.981742,-0.117218,0.045744,-3.88273,147.653442,11.351365,-0.044402,0.873803,0.135635,0.464866,-9.571522,127.684006,9.136272,0.408056,-0.486118,0.078061,-0.768821,-19.431725,128.532272,-5.280932,0.260103,0.190429,-0.508872,-0.798206,-6.639108,115.700783,-22.259457,0.386648,0.294851,-0.56052,-0.670361,4.296777,140.03653,-21.210812,-0.050424,0.947041,0.18143,0.260106,-3.267092,127.576027,13.09475,0.323413,0.904068,0.184192,-0.210092,11.764915,127.595695,22.029921,-0.040371,0.255014,0.45427,-0.85263,29.209337,114.997063,9.639,-0.049648,0.003193,0.663983,-0.746091,18.025633,134.449097,-0.101268,0.018164,0.869537,0.218796,0.442384,-7.116176,85.4142,-3.876261,0.158037,0.929211,-0.176873,0.283385,-1.24512,52.666061,-18.248861,0.02653,0.896199,-0.064823,0.438088,-19.983025,10.453433,-6.874511,-0.145279,0.887714,-0.089146,0.42768,5.389882,85.25528,10.105918,-0.030089,0.834819,-0.233163,0.497802,11.974393,51.119179,20.34565,-0.004659,0.86734,-0.013905,0.4975,3.322401,8.812412,40.287338,0.02653,0.896199,-0.064823,0.438088,-9.619594,2.45455,-14.858818,-0.004659,0.86734,-0.013905,0.4975,15.431434,2.443968,33.363022
659,5.491667,-0.013715,0.912899,0.0389,0.406095,-0.789358,85.310722,3.333434,-0.034065,0.945668,0.098151,0.308088,-1.224969,92.976044,3.794031,-0.031636,0.952329,0.133286,0.272587,-3.797157,113.124321,7.184573,0.079935,0.982384,0.021992,0.167478,-6.582396,133.292007,12.142691,0.142696,0.98155,-0.11893,0.045317,-3.782234,147.661774,11.391236,-0.044349,0.876183,0.132727,0.461216,-9.486644,127.685379,9.2797,0.410933,-0.487915,0.080756,-0.765867,-19.465252,128.467316,-5.059571,0.255149,0.185544,-0.509236,-0.800719,-6.780814,115.438675,-21.968964,0.371859,0.288095,-0.564908,-0.677938,4.22772,139.729019,-20.974527,-0.050377,0.947983,0.179804,0.257799,-3.162983,127.593002,13.207783,0.323751,0.90412,0.181686,-0.211525,11.910957,127.642075,22.071911,-0.038279,0.254026,0.453629,-0.853362,29.31447,115.014198,9.653265,-0.046964,0.002725,0.663985,-0.746265,18.079632,134.4245,-0.100935,0.018852,0.870568,0.22042,0.439512,-7.071969,85.372185,-3.631265,0.157659,0.930375,-0.176605,0.279924,-1.239535,52.677608,-18.140871,0.028269,0.897636,-0.06322,0.435263,-19.896093,10.444588,-6.708647,-0.144864,0.888141,-0.088303,0.42711,5.493252,85.24926,10.298132,-0.028442,0.834944,-0.232903,0.497811,12.085268,51.093578,20.467522,-0.005105,0.867377,-0.012568,0.497467,3.314879,8.766106,40.31332,0.028269,0.897636,-0.06322,0.435263,-9.596982,2.463022,-14.792883,-0.005105,0.867377,-0.012568,0.497467,15.436432,2.436127,33.375656
660,5.5,-0.014586,0.913792,0.03826,0.404112,-0.703863,85.287491,3.557188,-0.034686,0.946495,0.097149,0.305787,-1.146742,92.953194,4.004322,-0.031774,0.953237,0.131608,0.270203,-3.724321,113.122955,7.35708,0.080385,0.982649,0.020223,0.165923,-6.483924,133.308914,12.254807,0.142578,0.981365,-0.1209,0.04446,-3.666829,147.672455,11.449331,-0.044692,0.878417,0.130369,0.457592,-9.402519,127.69207,9.426633,0.413692,-0.489895,0.083488,-0.762818,-19.496496,128.405457,-4.83526,0.250976,0.181259,-0.509159,-0.803065,-6.930493,115.178001,-21.678612,0.358735,0.2819,-0.567724,-0.685223,4.159674,139.415985,-20.730709,-0.050217,0.948881,0.178311,0.255553,-3.059719,127.613556,13.324039,0.324939,0.903841,0.179437,-0.212811,12.055117,127.686371,22.118088,-0.036001,0.252892,0.453675,-0.853773,29.393265,114.997482,9.670231,-0.044291,0.002262,0.66409,-0.746337,18.129162,134.393951,-0.094904,0.019754,0.871682,0.222015,0.43645,-7.016151,85.327492,-3.380782,0.157161,0.93167,-0.176341,0.276034,-1.240695,52.686584,-18.033319,0.029315,0.899285,-0.061734,0.43199,-19.80027,10.429806,-6.531269,-0.14417,0.888274,-0.087268,0.427281,5.608426,85.24749,10.495158,-0.026947,0.834885,-0.23267,0.498102,12.188146,51.06411,20.579084,-0.005319,0.867342,-0.010998,0.497563,3.303468,8.718446,40.335033,0.029315,0.899285,-0.061734,0.43199,-9.566096,2.471271,-14.719999,-0.005319,0.867342,-0.010998,0.497563,15.438485,2.42938,33.383709
661,5.508333,-0.01533,0.914654,0.037705,0.402183,-0.621129,85.26149,3.779245,-0.035129,0.94735,0.096194,0.303382,-1.070095,92.927498,4.214909,-0.031993,0.954154,0.130057,0.267678,-3.64635,113.117203,7.533957,0.080153,0.98297,0.018103,0.164374,-6.384645,133.319565,12.37566,0.142627,0.981159,-0.122673,0.044004,-3.568535,147.679367,11.502827,-0.04435,0.880813,0.127447,0.453827,-9.316672,127.692413,9.5821,0.416784,-0.491634,0.085963,-0.759735,-19.531733,128.34903,-4.596067,0.248535,0.177522,-0.508785,-0.804894,-7.071338,114.929749,-21.365982,0.34862,0.276374,-0.569311,-0.691351,4.103179,139.111908,-20.490187,-0.050018,0.949713,0.177195,0.253269,-2.953858,127.628586,13.447018,0.325359,0.90376,0.177619,-0.214036,12.202322,127.72039,22.169447,-0.033902,0.251979,0.452977,-0.854499,29.500946,115.005562,9.693094,-0.042331,0.001923,0.663646,-0.746846,18.184252,134.360046,-0.089846,0.020594,0.872723,0.223542,0.433544,-6.962184,85.282913,-3.132527,0.156839,0.93303,-0.175957,0.271839,-1.240155,52.693779,-17.920626,0.030586,0.900861,-0.060152,0.428831,-19.711153,10.414496,-6.358822,-0.14347,0.888943,-0.086496,0.42628,5.719927,85.240059,10.691017,-0.025297,0.83523,-0.232504,0.497687,12.291694,51.032341,20.697281,-0.005731,0.867499,-0.009501,0.497315,3.293911,8.671114,40.368507,0.030586,0.900861,-0.060152,0.428831,-9.542645,2.47918,-14.651237,-0.005731,0.867499,-0.009501,0.497315,15.438456,2.423969,33.396046
662,5.516667,-0.016047,0.915495,0.03683,0.40032,-0.539532,85.22715,4.010981,-0.03568,0.948157,0.095086,0.301137,-0.992327,92.893814,4.430835,-0.03222,0.954988,0.128731,0.265308,-3.570449,113.104973,7.70849,0.08002,0.983284,0.016008,0.16277,-6.291251,133.321121,12.502331,0.14283,0.980961,-0.124262,0.043297,-3.473821,147.676468,11.563156,-0.044264,0.882863,0.125656,0.450337,-9.235078,127.684738,9.739952,0.4195,-0.493251,0.088805,-0.75686,-19.560776,128.297073,-4.359837,0.246883,0.174137,-0.508043,-0.806608,-7.204118,114.683273,-21.049522,0.340092,0.27155,-0.570313,-0.696665,4.069108,138.80928,-20.248884,-0.049877,0.950635,0.175513,0.250998,-2.853675,127.634346,13.574299,0.32592,0.903599,0.175824,-0.21534,12.343051,127.751884,22.225582,-0.031729,0.250846,0.452487,-0.855175,29.595734,115.00679,9.71654,-0.040184,0.001273,0.663616,-0.746992,18.231579,134.323639,-0.074396,0.021686,0.873554,0.224972,0.431069,-6.90822,85.228134,-2.875373,0.156236,0.934161,-0.175647,0.26848,-1.251971,52.688831,-17.797916,0.031262,0.902692,-0.058408,0.425157,-19.622099,10.381213,-6.179192,-0.142769,0.889348,-0.085316,0.425909,5.829155,85.226166,10.897334,-0.02363,0.835457,-0.232346,0.497461,12.398701,50.989216,20.804594,-0.006337,0.867519,-0.007923,0.4973,3.281406,8.613279,40.388905,0.031262,0.902692,-0.058408,0.425157,-9.520797,2.480156,-14.585681,-0.006337,0.867519,-0.007923,0.4973,15.441735,2.412889,33.402233
663,5.525,-0.016836,0.916323,0.036283,0.398438,-0.445612,85.193459,4.24224,-0.03604,0.948913,0.094168,0.298994,-0.905315,92.860344,4.650486,-0.032678,0.955769,0.127237,0.263151,-3.480299,113.088593,7.895623,0.080453,0.983517,0.014291,0.161298,-6.192394,133.319519,12.631663,0.142639,0.980799,-0.126074,0.042338,-3.359091,147.668213,11.640115,-0.044057,0.885231,0.12335,0.44633,-9.144773,127.671967,9.901425,0.422119,-0.494857,0.091277,-0.754056,-19.596758,128.233444,-4.107132,0.246266,0.171061,-0.507179,-0.807998,-7.341037,114.441597,-20.72492,0.333574,0.267907,-0.570486,-0.701071,4.030214,138.510727,-20.016054,-0.049737,0.951451,0.174047,0.248949,-2.746836,127.638474,13.708305,0.32695,0.90321,0.173887,-0.216975,12.486207,127.778152,22.295151,-0.029603,0.249623,0.452501,-0.855602,29.67037,114.986526,9.739375,-0.037983,0.000542,0.663745,-0.746994,18.276928,134.285324,-0.05258,0.023019,0.874383,0.2265,0.428512,-6.842013,85.175247,-2.618356,0.155616,0.93551,-0.175374,0.264288,-1.265803,52.690243,-17.688602,0.03211,0.904682,-0.056809,0.421061,-19.523954,10.355145,-5.993707,-0.141866,0.889845,-0.084187,0.425396,5.950788,85.211662,11.102836,-0.022003,0.835735,-0.232256,0.497112,12.505219,50.942207,20.907185,-0.006937,0.867622,-0.006418,0.497135,3.271194,8.555203,40.412716,0.03211,0.904682,-0.056809,0.421061,-9.502067,2.483493,-14.521951,-0.006937,0.867622,-0.006418,0.497135,15.444249,2.399713,33.408524
664,5.533333,-0.017485,0.917088,0.035812,0.396687,-0.359205,85.15596,4.471346,-0.036572,0.949672,0.093304,0.296784,-0.824411,92.823029,4.869871,-0.032684,0.956593,0.125918,0.260782,-3.40477,113.076447,8.084026,0.080332,0.983825,0.012667,0.159608,-6.09118,133.32135,12.774759,0.142847,0.98057,-0.127926,0.041383,-3.2589,147.666489,11.730149,-0.043654,0.887434,0.120479,0.442764,-9.057549,127.666351,10.07527,0.424483,-0.49643,0.093919,-0.751366,-19.621675,128.177094,-3.85087,0.246546,0.168447,-0.506229,-0.809057,-7.467687,114.207603,-20.394823,0.329529,0.264715,-0.570396,-0.704262,3.997218,138.222488,-19.78429,-0.049609,0.952189,0.173222,0.246718,-2.641136,127.642944,13.851005,0.327314,0.90318,0.171306,-0.218599,12.631021,127.800323,22.367779,-0.02795,0.248738,0.451884,-0.856242,29.76824,114.978874,9.778311,-0.036034,-2.6e-05,0.663536,-0.747276,18.32572,134.244843,-0.021964,0.024043,0.875291,0.227715,0.425949,-6.781296,85.121651,-2.365145,0.155001,0.936988,-0.174973,0.259639,-1.276075,52.680172,-17.554764,0.032889,0.906995,-0.054763,0.416269,-19.413748,10.313493,-5.787,-0.141141,0.890517,-0.083168,0.424432,6.062885,85.190277,11.307837,-0.020079,0.836269,-0.232052,0.49639,12.614632,50.893593,21.018316,-0.008074,0.867622,-0.004759,0.497136,3.25422,8.489877,40.42704,0.032889,0.906995,-0.054763,0.416269,-9.481922,2.48339,-14.457661,-0.008074,0.867622,-0.004759,0.497136,15.449226,2.390791,33.411701
665,5.541667,-0.018453,0.917853,0.035453,0.394902,-0.258566,85.114174,4.706962,-0.037418,0.950388,0.09231,0.29469,-0.734475,92.781097,5.095442,-0.032658,0.957361,0.124713,0.258533,-3.331142,113.056396,8.268771,0.080153,0.984105,0.010702,0.158111,-5.992662,133.314026,12.918597,0.142975,0.980367,-0.129521,0.040792,-3.16123,147.654648,11.811585,-0.043448,0.889614,0.118114,0.439032,-8.972377,127.652428,10.247766,0.426981,-0.497898,0.096236,-0.748681,-19.65222,128.114227,-3.591547,0.246841,0.165677,-0.505407,-0.810052,-7.592568,113.978409,-20.063099,0.325372,0.261462,-0.570151,-0.707601,3.96127,137.941391,-19.56048,-0.04939,0.952952,0.172239,0.244495,-2.538551,127.637886,13.993795,0.328102,0.902773,0.170491,-0.219733,12.772558,127.811172,22.440027,-0.025791,0.247283,0.451653,-0.856852,29.859465,114.9618,9.810699,-0.034124,-0.000582,0.663557,-0.747347,18.370842,134.204514,0.015431,0.025334,0.876116,0.229074,0.423443,-6.706516,85.059097,-2.10501,0.15413,0.938018,-0.174416,0.256797,-1.284428,52.667213,-17.429777,0.03363,0.909057,-0.052668,0.411959,-19.298687,10.256431,-5.631349,-0.140103,0.890735,-0.08161,0.42462,6.189383,85.169258,11.518933,-0.018461,0.836692,-0.232261,0.495641,12.723154,50.832809,21.10014,-0.008926,0.867785,-0.003457,0.496848,3.241494,8.432388,40.45713,0.03363,0.909057,-0.052668,0.411959,-9.447745,2.470016,-14.432637,-0.008926,0.867785,-0.003457,0.496848,15.448459,2.376966,33.424782
666,5.55,-0.019303,0.918595,0.035022,0.393173,-0.158294,85.069443,4.942058,-0.037682,0.951081,0.091528,0.292657,-0.642874,92.736343,5.320198,-0.033232,0.958055,0.123468,0.256481,-3.234908,113.025856,8.466804,0.080228,0.984349,0.008823,0.156663,-5.896292,133.294846,13.066907,0.142949,0.980217,-0.130944,0.039935,-3.058919,147.629654,11.901306,-0.042902,0.891572,0.116304,0.435583,-8.881582,127.622581,10.425126,0.428508,-0.499314,0.099183,-0.746478,-19.668564,128.05658,-3.331748,0.246972,0.162858,-0.50481,-0.810956,-7.707633,113.754166,-19.7313,0.322439,0.258307,-0.570621,-0.70972,3.925857,137.676208,-19.338099,-0.049073,0.95372,0.170859,0.242523,-2.432582,127.625122,14.144998,0.328778,0.902412,0.168866,-0.221456,12.913201,127.812744,22.527754,-0.023869,0.245723,0.451556,-0.857408,29.940308,114.935669,9.84599,-0.031834,-0.001534,0.66422,-0.746857,18.408665,134.163254,0.065926,0.02638,0.877051,0.230194,0.420829,-6.631205,84.995117,-1.846015,0.153622,0.939534,-0.173994,0.251798,-1.286559,52.644455,-17.284616,0.033959,0.911618,-0.050583,0.406498,-19.18458,10.204816,-5.413276,-0.139342,0.891689,-0.080397,0.423097,6.314616,85.143761,11.730131,-0.016383,0.837571,-0.232479,0.494125,12.855164,50.77766,21.199757,-0.009282,0.868094,-0.001846,0.49631,3.232685,8.380023,40.493248,0.033959,0.911618,-0.050583,0.406498,-9.43342,2.467134,-14.367336,-0.009282,0.868094,-0.001846,0.49631,15.444035,2.368745,33.43071
667,5.558333,-0.020133,0.919352,0.034541,0.391401,-0.060403,85.021881,5.18047,-0.038413,0.951753,0.090675,0.290636,-0.553104,92.688782,5.547746,-0.033163,0.958752,0.122529,0.254327,-3.159132,112.998436,8.660087,0.080096,0.984628,0.007024,0.155059,-5.797582,133.277313,13.229771,0.143018,0.98003,-0.132535,0.039013,-2.961106,147.607483,12.006414,-0.042856,0.893423,0.114289,0.432316,-8.795266,127.599945,10.613076,0.430878,-0.5007,0.101163,-0.743915,-19.681549,127.988884,-3.066705,0.247436,0.160296,-0.504399,-0.81158,-7.809179,113.537506,-19.399883,0.319683,0.254928,-0.571581,-0.711414,3.885323,137.418365,-19.119091,-0.048868,0.954432,0.16976,0.240526,-2.329817,127.609375,14.304272,0.329307,0.901995,0.168508,-0.222636,13.050413,127.812553,22.623295,-0.02191,0.244451,0.451148,-0.858038,30.034197,114.9245,9.894669,-0.030539,-0.001941,0.664036,-0.747074,18.456886,134.119247,0.119106,0.027338,0.877998,0.231289,0.418185,-6.558784,84.928268,-1.582984,0.153178,0.941033,-0.173539,0.246734,-1.287828,52.617962,-17.13106,0.034325,0.914204,-0.048414,0.400886,-19.073481,10.150313,-5.19122,-0.138322,0.892448,-0.079013,0.422091,6.437978,85.115486,11.943924,-0.014558,0.837861,-0.232426,0.493716,12.968376,50.712849,21.287041,-0.010246,0.867978,-9.4e-05,0.496497,3.212395,8.307475,40.496288,0.034325,0.914204,-0.048414,0.400886,-9.42662,2.463664,-14.300855,-0.010246,0.867978,-9.4e-05,0.496497,15.447023,2.352699,33.426182
668,5.566667,-0.020768,0.920108,0.034058,0.389629,0.03446,84.973289,5.414156,-0.039226,0.952382,0.090042,0.288657,-0.463624,92.640305,5.771737,-0.033031,0.959441,0.121486,0.252235,-3.090874,112.976418,8.858582,0.080105,0.984883,0.005446,0.153489,-5.703204,133.266312,13.394215,0.143212,0.979807,-0.134244,0.038028,-2.864654,147.59166,12.120207,-0.042652,0.895331,0.111864,0.429009,-8.71395,127.584076,10.803226,0.433242,-0.502058,0.102954,-0.741377,-19.700468,127.926949,-2.797427,0.247936,0.157705,-0.504067,-0.812141,-7.913849,113.334396,-19.06708,0.317441,0.251029,-0.572802,-0.712821,3.838147,137.177643,-18.902514,-0.048371,0.955047,0.169159,0.2386,-2.232592,127.599678,14.466396,0.329971,0.901661,0.166769,-0.22431,13.181596,127.803764,22.722307,-0.020633,0.243387,0.451184,-0.858353,30.10647,114.886093,9.945345,-0.028772,-0.00249,0.664069,-0.747113,18.505049,134.073471,0.182289,0.028314,0.878785,0.232274,0.415914,-6.489395,84.863754,-1.324489,0.152299,0.94213,-0.173299,0.243237,-1.290547,52.590488,-16.973444,0.033853,0.916954,-0.046414,0.394836,-18.950199,10.089413,-4.965705,-0.137457,0.892927,-0.077387,0.421661,6.558316,85.082825,12.152801,-0.01261,0.838526,-0.232626,0.492546,13.089725,50.644482,21.362732,-0.011044,0.867993,0.001514,0.496452,3.19578,8.242911,40.50972,0.033853,0.916954,-0.046414,0.394836,-9.408553,2.458998,-14.232084,-0.011044,0.867993,0.001514,0.496452,15.447203,2.33879,33.42622
669,5.575,-0.021353,0.920823,0.033516,0.387951,0.126591,84.921921,5.657154,-0.039595,0.952976,0.089327,0.286861,-0.375888,92.589119,6.004483,-0.033236,0.96003,0.120529,0.250421,-3.004685,112.938622,9.065238,0.080002,0.985118,0.00382,0.152075,-5.606781,133.237656,13.565692,0.143254,0.979628,-0.135772,0.037065,-2.768794,147.558411,12.239735,-0.042666,0.896959,0.110634,0.425915,-8.625208,127.54879,10.998288,0.437489,-0.503568,0.102912,-0.737856,-19.704182,127.858353,-2.527953,0.249388,0.155665,-0.503747,-0.812289,-7.992563,113.146629,-18.744347,0.314931,0.247602,-0.574325,-0.713907,3.802554,136.94902,-18.701361,-0.048334,0.955646,0.168395,0.236744,-2.130475,127.574471,14.637629,0.330605,0.901261,0.165709,-0.225766,13.314697,127.795639,22.834969,-0.018698,0.242097,0.451072,-0.858821,30.18623,114.856339,10.009447,-0.026981,-0.003487,0.664271,-0.746996,18.550467,134.023071,0.253232,0.02908,0.87971,0.233296,0.413325,-6.421277,84.796997,-1.057888,0.15182,0.943772,-0.172688,0.237537,-1.286112,52.561398,-16.805199,0.034312,0.919743,-0.043985,0.388537,-18.818695,10.026306,-4.731878,-0.136637,0.893771,-0.075852,0.420416,6.674459,85.046844,12.372195,-0.010553,0.839441,-0.232809,0.490945,13.214867,50.57515,21.45001,-0.011918,0.868178,0.003116,0.4961,3.184619,8.177158,40.53389,0.034312,0.919743,-0.043985,0.388537,-9.398554,2.453816,-14.16852,-0.011918,0.868178,0.003116,0.4961,15.448412,2.324607,33.429039
670,5.583333,-0.021907,0.921604,0.033132,0.386093,0.218784,84.871201,5.889974,-0.03987,0.953596,0.088779,0.284928,-0.288574,92.538429,6.229575,-0.03348,0.960644,0.11951,0.248513,-2.916399,112.897278,9.271776,0.080108,0.985327,0.002473,0.150691,-5.508954,133.205872,13.734454,0.143073,0.979476,-0.137302,0.036132,-2.666789,147.521759,12.365573,-0.042826,0.898116,0.109486,0.423752,-8.535048,127.509857,11.192058,0.439278,-0.505068,0.104623,-0.735524,-19.677824,127.78727,-2.28238,0.249505,0.153585,-0.503929,-0.812536,-8.05899,112.94751,-18.448792,0.313591,0.244333,-0.575424,-0.714737,3.75948,136.735641,-18.499126,-0.048344,0.956309,0.167661,0.234575,-2.026383,127.546524,14.806334,0.33131,0.900892,0.164297,-0.227232,13.454512,127.787949,22.935448,-0.016899,0.240406,0.450991,-0.859375,30.269915,114.81929,10.065931,-0.024782,-0.004643,0.66471,-0.746676,18.588583,133.975632,0.332691,0.029835,0.880533,0.234285,0.410953,-6.355607,84.732422,-0.798835,0.150814,0.945029,-0.172488,0.23329,-1.281048,52.533566,-16.640673,0.03554,0.922646,-0.041414,0.381768,-18.667156,9.962964,-4.480998,-0.135661,0.894551,-0.074219,0.419363,6.793175,85.009979,12.578781,-0.008774,0.839944,-0.233086,0.489989,13.333485,50.50127,21.514914,-0.012721,0.868205,0.00468,0.49602,3.169956,8.112261,40.54818,0.03554,0.922646,-0.041414,0.381768,-9.389405,2.445334,-14.100799,-0.012721,0.868205,0.00468,0.49602,15.449512,2.309485,33.429737
671,5.591667,-0.022656,0.922342,0.032986,0.384297,0.324903,84.815422,6.128322,-0.04077,0.954197,0.088025,0.283015,-0.191552,92.482285,6.462406,-0.033458,0.961253,0.118828,0.246482,-2.842609,112.862869,9.472413,0.079658,0.985611,0.00087,0.149077,-5.417916,133.178345,13.91374,0.143398,0.979285,-0.138563,0.035196,-2.587197,147.491272,12.491382,-0.04253,0.899715,0.107805,0.420812,-8.454191,127.478134,11.392977,0.441162,-0.506183,0.105962,-0.733435,-19.684708,127.726486,-2.008991,0.250298,0.150987,-0.503816,-0.812849,-8.135882,112.777077,-18.124468,0.312469,0.241351,-0.576665,-0.715241,3.728948,136.53714,-18.304131,-0.04794,0.956825,0.167065,0.232973,-1.930532,127.520905,14.980051,0.331676,0.90059,0.162993,-0.228826,13.577927,127.763916,23.056412,-0.015603,0.239172,0.450789,-0.85985,30.345163,114.782036,10.137473,-0.023204,-0.005335,0.665056,-0.746414,18.625988,133.924088,0.421797,0.030697,0.88141,0.235566,0.408267,-6.27483,84.661209,-0.535144,0.149774,0.946581,-0.172007,0.227959,-1.26497,52.50975,-16.493422,0.035365,0.92584,-0.039473,0.37418,-18.48185,9.893641,-4.252599,-0.134882,0.895147,-0.072368,0.418667,6.924635,84.969627,12.791788,-0.006873,0.841107,-0.233076,0.488025,13.480202,50.425964,21.580511,-0.014119,0.868295,0.006167,0.495809,3.209506,8.033689,40.548862,0.035365,0.92584,-0.039473,0.37418,-9.35205,2.430222,-14.054446,-0.014119,0.868295,0.006167,0.495809,15.508166,2.28733,33.417641
672,5.6,-0.023399,0.923184,0.032621,0.382257,0.421602,84.76371,6.366916,-0.041331,0.954779,0.087424,0.281151,-0.102518,92.430412,6.692591,-0.033372,0.961808,0.118145,0.24465,-2.764515,112.825058,9.679193,0.079706,0.985838,-0.000346,0.147545,-5.320982,133.147568,14.099195,0.143487,0.979119,-0.139937,0.034002,-2.489007,147.456223,12.636936,-0.042717,0.901022,0.106741,0.418261,-8.367321,127.44384,11.598591,0.443027,-0.507528,0.106848,-0.73125,-19.672159,127.659164,-1.741321,0.251075,0.148717,-0.503839,-0.813014,-8.200381,112.612625,-17.821396,0.312126,0.238311,-0.577614,-0.715645,3.698724,136.352783,-18.118803,-0.047713,0.957378,0.166199,0.231364,-1.830184,127.491379,15.160984,0.332175,0.900257,0.161604,-0.230394,13.705163,127.744125,23.185202,-0.014157,0.237955,0.450852,-0.86018,30.420181,114.742233,10.218811,-0.021212,-0.006427,0.665272,-0.746272,18.674723,133.877533,0.518107,0.031706,0.882224,0.236733,0.40575,-6.20682,84.5924,-0.267592,0.148667,0.948143,-0.171786,0.22229,-1.271927,52.485466,-16.338461,0.035566,0.92891,-0.037243,0.366707,-18.313738,9.830719,-3.987753,-0.133807,0.896353,-0.070996,0.416662,7.050024,84.93502,13.001424,-0.004946,0.841927,-0.233369,0.486491,13.599438,50.356148,21.655231,-0.01456,0.868464,0.007875,0.495476,3.195383,7.974708,40.575047,0.035566,0.92891,-0.037243,0.366707,-9.33498,2.425629,-13.971667,-0.01456,0.868464,0.007875,0.495476,15.502487,2.276598,33.419724
673,5.608333,-0.024076,0.923968,0.032443,0.38033,0.523872,84.707054,6.605151,-0.041884,0.955372,0.086948,0.279196,-0.008136,92.373444,6.925423,-0.033393,0.962405,0.117339,0.24268,-2.682731,112.78685,9.894708,0.079895,0.986037,-0.001527,0.1461,-5.222924,133.117249,14.287695,0.143163,0.978988,-0.141416,0.033004,-2.385668,147.420929,12.787456,-0.042723,0.902433,0.105715,0.415469,-8.278867,127.408745,11.809829,0.444919,-0.508673,0.107506,-0.729206,-19.665079,127.596428,-1.461104,0.252364,0.146471,-0.503871,-0.813002,-8.258106,112.463936,-17.506565,0.312497,0.235933,-0.578356,-0.715671,3.672189,136.180725,-17.935913,-0.047563,0.957908,0.165365,0.229791,-1.727458,127.463272,15.345797,0.332858,0.899759,0.161449,-0.231459,13.833754,127.727722,23.319345,-0.0128,0.23699,0.450719,-0.860537,30.501778,114.710281,10.308149,-0.020495,-0.006746,0.664218,-0.747227,18.731575,133.825745,0.616831,0.032673,0.883271,0.237799,0.402761,-6.131507,84.521225,-0.001919,0.14718,0.949652,-0.171724,0.21682,-1.281086,52.455475,-16.180368,0.036257,0.932298,-0.0345,0.358213,-18.119249,9.756845,-3.702649,-0.132677,0.897359,-0.069428,0.415118,7.179251,84.892883,13.212222,-0.003031,0.843052,-0.233895,0.484301,13.720041,50.276245,21.720308,-0.014805,0.86893,0.009637,0.494619,3.187279,7.916751,40.618057,0.036257,0.932298,-0.0345,0.358213,-9.319798,2.419908,-13.894356,-0.014805,0.86893,0.009637,0.494619,15.492368,2.265347,33.422344
674,5.616667,-0.024738,0.924843,0.032075,0.378186,0.622677,84.65461,6.85024,-0.042424,0.956002,0.086356,0.277134,0.08414,92.320862,7.162646,-0.033707,0.962975,0.116769,0.240642,-2.600019,112.746361,10.109441,0.079825,0.986282,-0.002827,0.144455,-5.137913,133.081467,14.481896,0.143457,0.978824,-0.14251,0.03185,-2.303055,147.381027,12.938476,-0.042657,0.903644,0.104418,0.413165,-8.199558,127.366867,12.025219,0.446702,-0.509827,0.107841,-0.727258,-19.65274,127.527557,-1.188329,0.253425,0.144312,-0.503896,-0.813043,-8.307688,112.322739,-17.209295,0.312727,0.233404,-0.579059,-0.715832,3.652748,136.017136,-17.760176,-0.047359,0.958448,0.16464,0.228097,-1.633789,127.431778,15.534285,0.333426,0.899463,0.159578,-0.233085,13.955238,127.705872,23.453003,-0.011369,0.235587,0.450718,-0.860943,30.56699,114.659332,10.399036,-0.018405,-0.007872,0.664977,-0.746595,18.761189,133.771423,0.727962,0.033539,0.884242,0.238988,0.399846,-6.06261,84.452972,0.273893,0.145964,0.951582,-0.171267,0.209413,-1.285774,52.432461,-16.015673,0.036724,0.935633,-0.032179,0.349582,-17.91081,9.685028,-3.419791,-0.131415,0.898381,-0.067825,0.413572,7.307964,84.856247,13.426587,-0.000965,0.844169,-0.23411,0.482255,13.832272,50.199509,21.782722,-0.015888,0.868955,0.011074,0.494512,3.16964,7.848799,40.627258,0.036724,0.935633,-0.032179,0.349582,-9.2963,2.40871,-13.811007,-0.015888,0.868955,0.011074,0.494512,15.491654,2.248318,33.420689
675,5.625,-0.02548,0.925675,0.031841,0.376116,0.724596,84.60273,7.090521,-0.042809,0.95655,0.085985,0.275294,0.177549,92.268646,7.396502,-0.03394,0.963475,0.116129,0.23891,-2.513237,112.704491,10.330634,0.080087,0.98646,-0.003869,0.143065,-5.046367,133.045181,14.67984,0.143275,0.978698,-0.143807,0.030687,-2.204725,147.339737,13.1029,-0.042539,0.904838,0.103504,0.410787,-8.113598,127.32515,12.242838,0.448089,-0.510892,0.10841,-0.72557,-19.63567,127.465988,-0.910907,0.254091,0.141832,-0.504166,-0.813104,-8.350749,112.190842,-16.907436,0.312639,0.230921,-0.580096,-0.715836,3.631301,135.867065,-17.586315,-0.047077,0.958964,0.163885,0.226528,-1.535699,127.398941,15.728934,0.333921,0.899116,0.158192,-0.234653,14.079206,127.679466,23.596275,-0.009924,0.234338,0.450604,-0.861361,30.638111,114.612839,10.495344,-0.016707,-0.008793,0.665182,-0.746443,18.797918,133.71312,0.839631,0.034446,0.885566,0.240109,0.396148,-5.989293,84.384933,0.543895,0.144228,0.953318,-0.171074,0.202774,-1.305801,52.407814,-15.857643,0.037779,0.939075,-0.029319,0.34037,-17.685553,9.606138,-3.12535,-0.130219,0.899692,-0.0665,0.411309,7.438485,84.820534,13.637146,0.001345,0.845728,-0.234355,0.479395,13.947929,50.128204,21.856075,-0.016604,0.869118,0.012583,0.494167,3.152109,7.788506,40.649448,0.037779,0.939075,-0.029319,0.34037,-9.276659,2.400515,-13.732025,-0.016604,0.869118,0.012583,0.494167,15.483674,2.235516,33.422497
676,5.633333,-0.026372,0.926511,0.031617,0.374007,0.834009,84.549881,7.335318,-0.043717,0.957129,0.085575,0.273257,0.276241,92.215302,7.634213,-0.034029,0.964046,0.115577,0.236852,-2.441695,112.665031,10.549381,0.079569,0.986733,-0.005137,0.141426,-4.963746,133.010834,14.881073,0.143691,0.978519,-0.144809,0.029741,-2.137601,147.303528,13.26007,-0.042625,0.905792,0.102769,0.408854,-8.039133,127.286385,12.464809,0.44948,-0.51182,0.108838,-0.723991,-19.616348,127.405594,-0.640637,0.254767,0.139504,-0.504438,-0.813127,-8.383158,112.067581,-16.613392,0.312521,0.228576,-0.58118,-0.71576,3.618141,135.727783,-17.414301,-0.046864,0.959465,0.163227,0.224918,-1.446747,127.367256,15.923267,0.334357,0.898813,0.157643,-0.23556,14.194262,127.655838,23.738274,-0.008078,0.233095,0.450419,-0.861815,30.717516,114.57547,10.606087,-0.014841,-0.009735,0.665225,-0.746432,18.841669,133.6548,0.957575,0.035596,0.886773,0.241086,0.392739,-5.908676,84.313347,0.819012,0.142387,0.95507,-0.170781,0.195961,-1.333586,52.376156,-15.690559,0.038151,0.942517,-0.026397,0.330922,-17.453775,9.514761,-2.828576,-0.128683,0.900994,-0.06511,0.40916,7.576694,84.786415,13.851624,0.003213,0.846723,-0.234533,0.47754,14.049649,50.051998,21.920237,-0.017449,0.869225,0.014194,0.493905,3.136441,7.721061,40.665478,0.038151,0.942517,-0.026397,0.330922,-9.250344,2.388739,-13.647792,-0.017449,0.869225,0.014194,0.493905,15.480653,2.220011,33.420425
677,5.641667,-0.027282,0.927391,0.031689,0.371749,0.939518,84.499481,7.573059,-0.043895,0.957691,0.08531,0.271335,0.369099,92.164078,7.869118,-0.034587,0.964527,0.114916,0.235131,-2.347962,112.621414,10.778104,0.079874,0.986891,-0.005925,0.140112,-4.878397,132.971985,15.082401,0.143561,0.978401,-0.145952,0.028646,-2.045139,147.26033,13.435592,-0.042532,0.906871,0.101963,0.406668,-7.95544,127.239822,12.686624,0.450664,-0.512983,0.108734,-0.722446,-19.59528,127.341057,-0.363392,0.255046,0.137272,-0.504644,-0.813291,-8.420153,111.959007,-16.334547,0.312183,0.226072,-0.581996,-0.71604,3.601485,135.601685,-17.240807,-0.046599,0.959917,0.162619,0.22348,-1.351524,127.334229,16.122673,0.334888,0.898448,0.156399,-0.237023,14.312908,127.627632,23.890457,-0.006636,0.231843,0.4503,-0.862226,30.784163,114.526428,10.713789,-0.013238,-0.010494,0.665542,-0.746169,18.87505,133.5923,1.081911,0.03648,0.888184,0.241927,0.388933,-5.833854,84.245834,1.089299,0.140333,0.957031,-0.170325,0.188117,-1.362159,52.342693,-15.51418,0.038913,0.946214,-0.023156,0.320358,-17.186319,9.411266,-2.518836,-0.127107,0.902367,-0.063889,0.406811,7.71289,84.753128,14.05682,0.005149,0.848077,-0.234761,0.475002,14.142683,49.978073,21.983677,-0.018221,0.869443,0.015756,0.493447,3.119278,7.65883,40.690823,0.038913,0.946214,-0.023156,0.320358,-9.221233,2.372015,-13.570457,-0.018221,0.869443,0.015756,0.493447,15.471736,2.207484,33.422287
678,5.65,-0.028269,0.928224,0.031704,0.369589,1.053313,84.447792,7.812961,-0.044866,0.958203,0.085015,0.269456,0.469421,92.111526,8.104939,-0.034439,0.965015,0.114664,0.233264,-2.279697,112.584755,10.99896,0.079957,0.987092,-0.006965,0.138595,-4.793398,132.938202,15.299532,0.143477,0.978283,-0.14703,0.027543,-1.959186,147.222321,13.618134,-0.042678,0.907645,0.100938,0.405181,-7.879679,127.204491,12.919394,0.451988,-0.514057,0.10863,-0.720869,-19.561321,127.28009,-0.093381,0.255196,0.135206,-0.50505,-0.813338,-8.439844,111.85247,-16.058014,0.3115,0.223803,-0.582833,-0.71637,3.588994,135.48526,-17.062553,-0.046446,0.9604,0.162093,0.221811,-1.262591,127.301071,16.329947,0.335406,0.898068,0.155748,-0.23816,14.428337,127.603699,24.043703,-0.004833,0.230389,0.450145,-0.862709,30.85553,114.486847,10.827658,-0.011485,-0.011427,0.666124,-0.745665,18.906931,133.535599,1.212159,0.037597,0.889547,0.242927,0.38507,-5.749056,84.175362,1.360399,0.138547,0.95907,-0.169751,0.179373,-1.392774,52.313381,-15.352428,0.03939,0.949707,-0.020385,0.309984,-16.92971,9.316,-2.229215,-0.125486,0.903748,-0.06279,0.404414,7.855683,84.720215,14.265522,0.007104,0.849321,-0.234889,0.472684,14.235319,49.905388,22.057146,-0.019303,0.869642,0.017301,0.493002,3.099313,7.594156,40.715633,0.03939,0.949707,-0.020385,0.309984,-9.201395,2.354707,-13.496222,-0.019303,0.869642,0.017301,0.493002,15.463058,2.196607,33.426178
679,5.658333,-0.029068,0.929181,0.031498,0.367132,1.153685,84.394966,8.057104,-0.04527,0.958769,0.084773,0.267445,0.560305,92.058197,8.343154,-0.034673,0.965507,0.114157,0.231436,-2.197562,112.541748,11.230217,0.080137,0.987302,-0.007456,0.136957,-4.707752,132.899353,15.513021,0.143473,0.978173,-0.14805,0.025982,-1.87238,147.181015,13.812706,-0.042883,0.908476,0.100731,0.403344,-7.799283,127.16066,13.151815,0.452637,-0.515179,0.108474,-0.719683,-19.532255,127.219093,0.18521,0.254965,0.13304,-0.505292,-0.813618,-8.46646,111.761627,-15.789257,0.310734,0.221602,-0.583723,-0.716662,3.581648,135.384125,-16.882505,-0.046119,0.960795,0.161893,0.220309,-1.16979,127.265724,16.537943,0.335379,0.897982,0.154447,-0.239365,14.545412,127.568054,24.202141,-0.003961,0.229604,0.449603,-0.863205,30.944925,114.447716,10.955202,-0.010228,-0.011778,0.665501,-0.746234,18.954077,133.475708,1.34735,0.038558,0.891012,0.243754,0.381044,-5.681784,84.105209,1.640372,0.136297,0.960785,-0.169223,0.172278,-1.439655,52.277695,-15.167233,0.040784,0.952938,-0.016606,0.299952,-16.670361,9.204472,-1.934192,-0.124049,0.904881,-0.061771,0.402476,7.989152,84.684731,14.473836,0.009097,0.850577,-0.234842,0.470409,14.323351,49.834709,22.144264,-0.020585,0.869728,0.019031,0.492734,3.078155,7.524448,40.739368,0.040784,0.952938,-0.016606,0.299952,-9.180773,2.341676,-13.420713,-0.020585,0.869728,0.019031,0.492734,15.458873,2.188299,33.433525
680,5.666667,-0.030059,0.930065,0.031236,0.36483,1.261996,84.341537,8.306561,-0.046116,0.959267,0.084309,0.265655,0.65664,92.004128,8.58476,-0.034546,0.965948,0.113865,0.229751,-2.125884,112.497414,11.450359,0.08021,0.987485,-0.008182,0.135546,-4.620693,132.858185,15.727141,0.143332,0.978097,-0.148873,0.024876,-1.785573,147.136856,14.001541,-0.042837,0.909303,0.10014,0.401628,-7.720538,127.117859,13.380818,0.453295,-0.515995,0.108435,-0.71869,-19.501934,127.16217,0.458144,0.254637,0.130969,-0.505742,-0.813777,-8.47752,111.676239,-15.517352,0.309699,0.219645,-0.584767,-0.716862,3.574411,135.2901,-16.696144,-0.045859,0.961195,0.161631,0.218809,-1.079339,127.225197,16.743855,0.335789,0.897616,0.153867,-0.240531,14.659744,127.529953,24.358788,-0.002874,0.228425,0.449575,-0.863537,31.017792,114.399429,11.07076,-0.008857,-0.012419,0.665381,-0.746348,18.999687,133.420624,1.485402,0.039313,0.892552,0.244845,0.376637,-5.603992,84.030861,1.923483,0.134697,0.962644,-0.168356,0.163796,-1.463095,52.246239,-14.990187,0.041704,0.955846,-0.013513,0.29058,-16.42137,9.103933,-1.6717,-0.122449,0.90623,-0.06051,0.400116,8.127984,84.652214,14.689639,0.010451,0.851491,-0.234418,0.468937,14.4164,49.762424,22.215595,-0.020991,0.869847,0.021236,0.492418,3.112574,7.435724,40.737595,0.041704,0.955846,-0.013513,0.29058,-9.155419,2.32598,-13.350624,-0.020991,0.869847,0.021236,0.492418,15.503165,2.160326,33.404427
681,5.675,-0.03085,0.931021,0.031009,0.362336,1.362133,84.284523,8.552751,-0.046594,0.959824,0.083901,0.26368,0.747459,91.946587,8.824902,-0.034783,0.966399,0.113594,0.227946,-2.044837,112.448273,11.675679,0.080324,0.987684,-0.008822,0.133976,-4.538712,132.810944,15.943965,0.143327,0.978033,-0.149515,0.023529,-1.703646,147.086807,14.195198,-0.042687,0.909958,0.099953,0.400205,-7.642922,127.066399,13.613812,0.454006,-0.516958,0.108102,-0.717598,-19.464674,127.106918,0.728033,0.254183,0.129157,-0.506126,-0.813969,-8.486082,111.598793,-15.257486,0.30852,0.217767,-0.585341,-0.717474,3.567661,135.201767,-16.505947,-0.045613,0.961596,0.161082,0.217497,-0.989674,127.181366,16.95269,0.335867,0.897389,0.153111,-0.241753,14.770208,127.490067,24.524323,-0.001579,0.227299,0.449252,-0.864005,31.096407,114.360153,11.196581,-0.007483,-0.013563,0.665495,-0.746241,19.039082,133.363358,1.625106,0.039932,0.894022,0.245861,0.372401,-5.536969,83.956474,2.206352,0.133059,0.964457,-0.167316,0.155318,-1.488113,52.211548,-14.803875,0.041923,0.958697,-0.01045,0.281129,-16.16819,8.994311,-1.418941,-0.121015,0.907642,-0.059513,0.397492,8.261235,84.612564,14.89915,0.012387,0.852632,-0.234517,0.466762,14.508064,49.688805,22.301132,-0.022015,0.870173,0.022771,0.491727,3.090154,7.370767,40.772881,0.041923,0.958697,-0.01045,0.281129,-9.122319,2.306598,-13.283261,-0.022015,0.870173,0.022771,0.491727,15.486776,2.148296,33.412075
682,5.683333,-0.031499,0.931925,0.03068,0.359975,1.458643,84.231842,8.805023,-0.04718,0.960329,0.083418,0.261885,0.83718,91.893593,9.070424,-0.034838,0.966823,0.113238,0.226312,-1.967939,112.395546,11.900563,0.080355,0.987853,-0.009557,0.132661,-4.453467,132.761444,16.158304,0.143097,0.97801,-0.150035,0.022566,-1.61964,147.034424,14.384156,-0.042647,0.910704,0.099796,0.398547,-7.563745,127.013863,13.84376,0.454527,-0.517916,0.107508,-0.716666,-19.431952,127.046547,1.000729,0.253793,0.127548,-0.50631,-0.81423,-8.496223,111.529587,-15.00558,0.307623,0.216036,-0.585844,-0.717972,3.569997,135.124023,-16.313797,-0.045558,0.961906,0.161,0.216196,-0.899495,127.133797,17.160452,0.336164,0.897083,0.152376,-0.242934,14.880294,127.449097,24.690237,-0.000668,0.226369,0.44915,-0.864304,31.168139,114.311111,11.323559,-0.006542,-0.014629,0.664886,-0.746773,19.08773,133.303116,1.769693,0.040336,0.895716,0.246792,0.367641,-5.471696,83.888336,2.493572,0.131469,0.966156,-0.166024,0.147293,-1.51395,52.179016,-14.604298,0.042528,0.961286,-0.007104,0.272157,-15.923527,8.880767,-1.187265,-0.119547,0.909114,-0.058468,0.394718,8.388983,84.575348,15.116474,0.014403,0.853761,-0.234298,0.464747,14.593845,49.617054,22.389654,-0.023026,0.870153,0.02463,0.491626,3.065495,7.294348,40.781944,0.042528,0.961286,-0.007104,0.272157,-9.092189,2.288664,-13.229236,-0.023026,0.870153,0.02463,0.491626,15.479361,2.132926,33.40715
683,5.691667,-0.032289,0.932909,0.030313,0.357378,1.558412,84.179199,9.054162,-0.048012,0.960822,0.082978,0.26006,0.92839,91.840515,9.311675,-0.034669,0.967232,0.113071,0.224669,-1.900904,112.349129,12.121357,0.080399,0.988047,-0.009993,0.131149,-4.370827,132.717102,16.378246,0.143093,0.977951,-0.15062,0.021235,-1.539684,146.988434,14.586669,-0.042482,0.911274,0.099322,0.39738,-7.489256,126.968643,14.076861,0.454591,-0.518685,0.107531,-0.716066,-19.390436,126.995087,1.264368,0.253256,0.126122,-0.506662,-0.8144,-8.494539,111.461494,-14.752968,0.306886,0.214992,-0.586276,-0.718248,3.571995,135.053101,-16.111996,-0.045138,0.962307,0.160602,0.214789,-0.813802,127.089706,17.370901,0.336292,0.89691,0.150388,-0.244629,14.988526,127.402405,24.853376,-0.000618,0.225489,0.449158,-0.86453,31.231081,114.250313,11.445531,-0.005348,-0.015255,0.665008,-0.746661,19.128782,133.251389,1.923121,0.040965,0.897102,0.247972,0.363373,-5.405924,83.817337,2.781276,0.12999,0.967646,-0.164848,0.139961,-1.538449,52.15403,-14.422173,0.042167,0.963706,-0.004576,0.263575,-15.699064,8.782014,-0.978386,-0.117739,0.910409,-0.057196,0.392455,8.522747,84.541061,15.327048,0.015812,0.854485,-0.234398,0.463317,14.665285,49.541004,22.450724,-0.023914,0.870326,0.026215,0.491197,3.048895,7.22684,40.807236,0.042167,0.963706,-0.004576,0.263575,-9.067019,2.270196,-13.174455,-0.023914,0.870326,0.026215,0.491197,15.471774,2.117839,33.411144
684,5.7,-0.032959,0.933829,0.029927,0.354939,1.648977,84.124832,9.310155,-0.048697,0.961327,0.082419,0.258239,1.012122,91.785843,9.560103,-0.034497,0.967649,0.112885,0.222983,-1.835076,112.308075,12.347059,0.080538,0.988225,-0.010525,0.129674,-4.288908,132.678299,16.602482,0.143024,0.977906,-0.15114,0.020009,-1.457336,146.947067,14.791259,-0.042836,0.911711,0.099396,0.39632,-7.415679,126.928925,14.314776,0.454924,-0.519719,0.106786,-0.715216,-19.34523,126.940788,1.52867,0.253219,0.125454,-0.506817,-0.814419,-8.49472,111.406281,-14.518574,0.30743,0.214072,-0.586335,-0.718242,3.57153,134.994095,-15.90734,-0.044969,0.962637,0.160606,0.213339,-0.728809,127.051147,17.585541,0.336651,0.896491,0.151018,-0.245283,15.095767,127.366783,25.020727,0.000976,0.224052,0.448912,-0.86503,31.310404,114.218262,11.575641,-0.004415,-0.016242,0.665184,-0.74649,19.167736,133.19931,2.075046,0.041426,0.898487,0.249165,0.359056,-5.347134,83.746727,3.073691,0.128513,0.968984,-0.163575,0.133408,-1.560286,52.129173,-14.231568,0.04289,0.965867,-0.001575,0.25546,-15.482339,8.68105,-0.784364,-0.116334,0.911685,-0.056064,0.390069,8.645088,84.502945,15.546618,0.017665,0.855642,-0.2343,0.461159,14.747563,49.469749,22.54067,-0.025117,0.870564,0.027823,0.490625,3.030982,7.157123,40.836948,0.04289,0.965867,-0.001575,0.25546,-9.051117,2.255467,-13.132778,-0.025117,0.870564,0.027823,0.490625,15.463405,2.105687,33.417393
685,5.708333,-0.033577,0.934799,0.029509,0.352352,1.738778,84.072762,9.571404,-0.04913,0.961875,0.081676,0.256344,1.095992,91.733513,9.813749,-0.034672,0.968055,0.11269,0.221288,-1.755264,112.259224,12.571953,0.080981,0.988384,-0.011024,0.128135,-4.206937,132.630783,16.822176,0.142774,0.97793,-0.151412,0.018524,-1.366676,146.895569,14.993161,-0.042488,0.912316,0.099488,0.39494,-7.337999,126.877998,14.548967,0.454146,-0.520334,0.107151,-0.715208,-19.306787,126.8965,1.799588,0.252559,0.124017,-0.507,-0.81473,-8.49194,111.35527,-14.265209,0.307105,0.213559,-0.586501,-0.718398,3.58429,134.937347,-15.698803,-0.04487,0.962958,0.160428,0.212044,-0.640093,127.006462,17.796831,0.336946,0.896215,0.149605,-0.246747,15.20407,127.327873,25.189939,0.0014,0.223064,0.44901,-0.865235,31.37306,114.164505,11.704463,-0.003246,-0.01716,0.665175,-0.746483,19.211651,133.151794,2.233072,0.04189,0.899807,0.250524,0.354727,-5.290883,83.678993,3.373756,0.127192,0.97022,-0.162169,0.127268,-1.581522,52.113449,-14.042872,0.04351,0.967713,0.001055,0.248269,-15.284249,8.589625,-0.615197,-0.115292,0.913258,-0.054777,0.386868,8.768438,84.466537,15.769051,0.019818,0.857403,-0.233911,0.457989,14.864354,49.405525,22.628122,-0.026017,0.870691,0.029434,0.490259,3.056838,7.08324,40.843414,0.04351,0.967713,0.001055,0.248269,-9.032566,2.240574,-13.094703,-0.026017,0.870691,0.029434,0.490259,15.499267,2.08521,33.404491
686,5.716667,-0.03414,0.935703,0.029071,0.349927,1.823913,84.028801,9.827944,-0.049678,0.962362,0.08113,0.254578,1.176021,91.689362,10.062615,-0.034374,0.968455,0.112495,0.219677,-1.686441,112.216484,12.798285,0.080705,0.9886,-0.011462,0.126595,-4.117218,132.590744,17.047577,0.142806,0.977899,-0.151733,0.017245,-1.288987,146.855484,15.199816,-0.042667,0.912841,0.09948,0.393706,-7.257752,126.837967,14.787441,0.454116,-0.521385,0.106327,-0.714585,-19.260021,126.845596,2.069567,0.252163,0.123347,-0.506864,-0.815039,-8.490766,111.314026,-14.035143,0.307008,0.212549,-0.586882,-0.718428,3.601029,134.885788,-15.483152,-0.04449,0.963313,0.160457,0.210483,-0.548967,126.965691,18.012798,0.337219,0.895887,0.149274,-0.247763,15.319453,127.283409,25.353855,0.002276,0.22174,0.448881,-0.86564,31.454336,114.116844,11.830696,-0.002226,-0.018267,0.664874,-0.746729,19.257057,133.100327,2.390676,0.042799,0.900914,0.251757,0.350915,-5.236988,83.620361,3.666869,0.125653,0.971349,-0.160753,0.121861,-1.628254,52.105297,-13.861947,0.044192,0.969349,0.00356,0.241656,-15.102569,8.500955,-0.464402,-0.113868,0.914499,-0.053511,0.38453,8.884814,84.437241,15.989019,0.021564,0.85852,-0.233945,0.455793,14.941285,49.342632,22.709837,-0.02678,0.87099,0.030796,0.489603,3.036448,7.028744,40.881245,0.044192,0.969349,0.00356,0.241656,-9.018317,2.22459,-13.062857,-0.02678,0.87099,0.030796,0.489603,15.481353,2.075876,33.416306
687,5.725,-0.03487,0.936606,0.028759,0.347458,1.916032,83.983063,10.088778,-0.050345,0.96289,0.080557,0.252624,1.259911,91.643127,10.316748,-0.034235,0.968911,0.112195,0.217835,-1.618892,112.178848,13.029146,0.080728,0.988798,-0.011843,0.124983,-4.033236,132.556335,17.272324,0.142774,0.977874,-0.152067,0.01593,-1.209033,146.819763,15.408357,-0.042405,0.913372,0.099222,0.392567,-7.182389,126.801941,15.028381,0.453178,-0.521956,0.106775,-0.714696,-19.216764,126.809631,2.340878,0.251207,0.121886,-0.507085,-0.815417,-8.481843,111.27298,-13.78185,0.306357,0.211878,-0.586939,-0.718857,3.617866,134.840134,-15.267963,-0.044,0.963675,0.15968,0.209513,-0.461462,126.931931,18.228271,0.33771,0.895437,0.148221,-0.249349,15.422715,127.244827,25.535389,0.002876,0.220721,0.449239,-0.865713,31.502014,114.062691,11.961304,-0.001006,-0.01921,0.664884,-0.746699,19.299318,133.055145,2.551099,0.043732,0.901848,0.253087,0.347426,-5.176221,83.557823,3.964959,0.12434,0.972489,-0.158633,0.116795,-1.661495,52.09729,-13.680517,0.044031,0.970855,0.005968,0.235513,-14.926921,8.397296,-0.38656,-0.112508,0.915899,-0.052075,0.381785,9.008286,84.408302,16.212597,0.023343,0.859474,-0.234055,0.453847,15.03639,49.280384,22.783205,-0.027559,0.871251,0.031987,0.489018,3.022718,6.978971,40.911991,0.044031,0.970855,0.005968,0.235513,-8.989556,2.195689,-13.091667,-0.027559,0.871251,0.031987,0.489018,15.470541,2.067246,33.424755
688,5.733333,-0.03533,0.937474,0.028355,0.345095,1.994064,83.940971,10.351506,-0.050813,0.963396,0.079772,0.250845,1.334034,91.600891,10.572866,-0.03389,0.969313,0.112057,0.216166,-1.55092,112.143303,13.254616,0.080854,0.988976,-0.012077,0.123464,-3.942726,132.523087,17.499603,0.142572,0.977859,-0.152485,0.014587,-1.11979,146.785278,15.624338,-0.04251,0.91397,0.099146,0.391181,-7.101856,126.769165,15.268479,0.453283,-0.522802,0.105945,-0.714135,-19.173914,126.766762,2.616832,0.250667,0.120969,-0.507084,-0.815719,-8.474149,111.240768,-13.53949,0.305515,0.21097,-0.587154,-0.719307,3.636591,134.798859,-15.048671,-0.043885,0.96398,0.160156,0.207764,-0.369794,126.897606,18.444933,0.338278,0.894991,0.148246,-0.250165,15.540255,127.213417,25.69541,0.004215,0.219115,0.449193,-0.866139,31.580219,114.019821,12.085973,9.4e-05,-0.020333,0.66525,-0.746344,19.340399,133.006332,2.709386,0.044682,0.902669,0.254133,0.344396,-5.128282,83.503189,4.263608,0.1234,0.973613,-0.156693,0.110893,-1.707809,52.087177,-13.479442,0.043527,0.972173,0.008286,0.230035,-14.790005,8.306858,-0.268449,-0.11134,0.917521,-0.050597,0.378416,9.11641,84.378746,16.439405,0.025599,0.86117,-0.234179,0.450434,15.133312,49.22089,22.858368,-0.028136,0.871559,0.033126,0.48836,3.001775,6.935495,40.945972,0.043527,0.972173,0.008286,0.230035,-8.979622,2.178817,-13.067609,-0.028136,0.871559,0.033126,0.48836,15.449023,2.060683,33.433708
689,5.741667,-0.035963,0.938247,0.027942,0.342956,2.074402,83.899559,10.610662,-0.051197,0.963886,0.07923,0.24905,1.40794,91.559151,10.824221,-0.033688,0.969737,0.111737,0.214452,-1.482812,112.110031,13.486433,0.080782,0.98917,-0.012406,0.121911,-3.856095,132.493378,17.724663,0.142632,0.977826,-0.152764,0.0133,-1.039921,146.754959,15.834561,-0.042583,0.914346,0.099108,0.390302,-7.024076,126.738358,15.508984,0.45345,-0.523803,0.105074,-0.713423,-19.119959,126.7295,2.880107,0.2502,0.12062,-0.507048,-0.815937,-8.463097,111.21122,-13.31195,0.304928,0.210505,-0.587499,-0.71941,3.653692,134.765167,-14.821776,-0.043539,0.964333,0.15987,0.206418,-0.280822,126.867989,18.661568,0.338717,0.894623,0.146925,-0.25166,15.64979,127.182266,25.866831,0.00496,0.217927,0.449261,-0.866399,31.637753,113.969849,12.21452,0.001245,-0.021272,0.665741,-0.745878,19.373369,132.960693,2.867405,0.045635,0.90358,0.255025,0.341208,-5.074711,83.446342,4.55535,0.122496,0.974482,-0.154821,0.10682,-1.756239,52.069508,-13.27619,0.042949,0.973226,0.010779,0.225547,-14.685038,8.21254,-0.16883,-0.110114,0.918722,-0.048611,0.376114,9.223515,84.352776,16.665974,0.027321,0.862307,-0.234662,0.447899,15.231049,49.160942,22.905043,-0.028664,0.872037,0.033815,0.487428,2.991379,6.905744,40.990376,0.042949,0.973226,0.010779,0.225547,-8.975194,2.162132,-13.04991,-0.028664,0.872037,0.033815,0.487428,15.430779,2.055712,33.449127
690,5.75,-0.036478,0.939035,0.027572,0.340767,2.151973,83.866539,10.86724,-0.051182,0.964363,0.078767,0.247348,1.480509,91.525864,11.074308,-0.033901,0.970094,0.111449,0.21295,-1.399537,112.074707,13.722548,0.081043,0.989298,-0.012818,0.12065,-3.77241,132.460144,17.950958,0.142381,0.97784,-0.152998,0.0122,-0.952197,146.718918,16.045803,-0.042232,0.914945,0.098876,0.388993,-6.943547,126.701378,15.749572,0.452244,-0.524619,0.105139,-0.71358,-19.076134,126.69516,3.155945,0.248922,0.119317,-0.506961,-0.816573,-8.462422,111.186806,-13.07393,0.3039,0.2098,-0.587355,-0.720168,3.677234,134.731857,-14.600785,-0.043036,0.964743,0.159336,0.205016,-0.190943,126.837685,18.881802,0.339293,0.894135,0.146772,-0.252708,15.761371,127.14727,26.039101,0.006024,0.216583,0.449494,-0.866609,31.703672,113.923218,12.344716,0.002502,-0.022419,0.665548,-0.746015,19.422678,132.914978,3.030174,0.046713,0.904398,0.255537,0.3385,-5.024521,83.4002,4.8454,0.121632,0.97532,-0.152677,0.10318,-1.816963,52.049541,-13.052349,0.041931,0.974144,0.013427,0.221595,-14.600732,8.109817,-0.080582,-0.10919,0.920142,-0.046827,0.373127,9.328465,84.33287,16.889078,0.029318,0.863429,-0.234751,0.445559,15.344493,49.11401,22.965319,-0.029521,0.872172,0.034338,0.487099,2.986299,6.873593,41.00452,0.041931,0.974144,0.013427,0.221595,-8.972309,2.143128,-13.036339,-0.029521,0.872172,0.034338,0.487099,15.430367,2.049067,33.454601
691,5.758333,-0.037116,0.939726,0.027401,0.338803,2.233256,83.832039,11.116649,-0.051646,0.964789,0.078504,0.245668,1.553907,91.490791,11.319307,-0.033501,0.970509,0.11104,0.21133,-1.338142,112.043831,13.957712,0.080655,0.989516,-0.013088,0.119088,-3.684133,132.434219,18.177259,0.142623,0.977778,-0.153266,0.010928,-0.879978,146.69426,16.257864,-0.042281,0.915377,0.099086,0.387916,-6.866245,126.675606,15.99137,0.452364,-0.525382,0.104451,-0.713043,-19.027945,126.666321,3.425865,0.248614,0.118797,-0.507026,-0.816702,-8.446869,111.164856,-12.831868,0.303662,0.209279,-0.587469,-0.720328,3.695729,134.707138,-14.372991,-0.042949,0.965053,0.159392,0.203525,-0.103009,126.81031,19.100637,0.339665,0.8938,0.146016,-0.253826,15.870876,127.125343,26.209412,0.006937,0.215489,0.449336,-0.866956,31.772518,113.889038,12.479641,0.003342,-0.023154,0.665673,-0.745877,19.460638,132.873657,3.187181,0.047964,0.905191,0.255743,0.336043,-4.967391,83.351875,5.12481,0.120959,0.976107,-0.150453,0.09974,-1.885091,52.017437,-12.823287,0.040844,0.974859,0.016352,0.218437,-14.544397,7.998046,-0.000431,-0.108242,0.92126,-0.044799,0.370888,9.433905,84.312202,17.108488,0.031193,0.864406,-0.235208,0.44329,15.457602,49.064945,23.009968,-0.029396,0.872454,0.035066,0.486549,2.973881,6.855738,41.035778,0.040844,0.974859,0.016352,0.218437,-8.97538,2.122241,-13.023214,-0.029396,0.872454,0.035066,0.486549,15.41068,2.04772,33.463394
692,5.766667,-0.037577,0.940378,0.027362,0.33694,2.310327,83.805038,11.35446,-0.051817,0.965165,0.078369,0.244192,1.624926,91.463295,11.555503,-0.033446,0.970811,0.110978,0.209979,-1.27014,112.02729,14.192515,0.081384,0.989583,-0.013523,0.117983,-3.607502,132.418396,18.413336,0.142196,0.977762,-0.153833,0.009853,-0.78538,146.673065,16.480368,-0.042242,0.915625,0.098866,0.387392,-6.794778,126.658752,16.237694,0.452188,-0.526308,0.10407,-0.712528,-18.970823,126.645531,3.686091,0.247834,0.118155,-0.507056,-0.817014,-8.434129,111.144043,-12.600422,0.302706,0.208816,-0.587455,-0.720876,3.715863,134.684402,-14.146953,-0.042086,0.965441,0.159046,0.202131,-0.023013,126.795258,19.328264,0.34002,0.893377,0.145429,-0.255176,15.973213,127.091965,26.387415,0.007788,0.214309,0.449538,-0.867137,31.828773,113.849426,12.610449,0.004675,-0.024137,0.665926,-0.745613,19.502127,132.836182,3.348297,0.049217,0.905926,0.255278,0.334228,-4.913286,83.315086,5.391123,0.120232,0.976747,-0.148071,0.097902,-1.960732,51.972221,-12.564066,0.03923,0.975452,0.019667,0.215797,-14.511371,7.868502,0.074516,-0.107635,0.922293,-0.042834,0.368722,9.53394,84.294983,17.317797,0.032932,0.864841,-0.235569,0.442123,15.584728,49.025745,23.058002,-0.02996,0.872559,0.035365,0.486304,2.967624,6.843328,41.053616,0.03923,0.975452,0.019667,0.215797,-8.981133,2.096697,-13.011151,-0.02996,0.872559,0.035365,0.486304,15.406754,2.05092,33.475174
693,5.775,-0.037957,0.940983,0.027316,0.335207,2.377878,83.779282,11.587095,-0.051791,0.965581,0.078081,0.242641,1.687595,91.437134,11.786778,-0.033221,0.971159,0.110823,0.208485,-1.198979,112.000641,14.416843,0.081042,0.989778,-0.013692,0.116555,-3.519336,132.393829,18.637043,0.142423,0.977692,-0.154137,0.00868,-0.711828,146.649902,16.693342,-0.041928,0.916354,0.098772,0.385723,-6.714433,126.63398,16.473459,0.451277,-0.526789,0.104078,-0.712749,-18.936525,126.622711,3.966688,0.246989,0.116972,-0.507076,-0.817428,-8.425067,111.132813,-12.347141,0.302175,0.208189,-0.587366,-0.721352,3.738052,134.66333,-13.919815,-0.041781,0.965753,0.15893,0.200792,0.066868,126.770332,19.543056,0.340485,0.893003,0.144135,-0.256595,16.082853,127.065453,26.557335,0.008279,0.213335,0.449652,-0.867314,31.886608,113.802353,12.740682,0.005453,-0.024939,0.666124,-0.745404,19.541912,132.797287,3.505119,0.050027,0.906737,0.254697,0.332347,-4.867053,83.281021,5.650365,0.119814,0.977304,-0.145586,0.096576,-2.019439,51.922501,-12.294443,0.038082,0.975858,0.023185,0.213809,-14.496059,7.739791,0.139915,-0.107401,0.923433,-0.040858,0.366152,9.622808,84.277542,17.523825,0.034903,0.865528,-0.235979,0.440405,15.727216,48.992657,23.109064,-0.029692,0.872838,0.035608,0.485802,2.966945,6.841323,41.076572,0.038082,0.975858,0.023185,0.213809,-8.992681,2.074657,-13.003567,-0.029692,0.872838,0.035608,0.485802,15.39609,2.051084,33.480392
694,5.783333,-0.03855,0.941564,0.027206,0.333513,2.451909,83.750885,11.817669,-0.051928,0.965947,0.077926,0.241199,1.753965,91.408134,12.013941,-0.032835,0.971461,0.110893,0.207095,-1.133726,111.979568,14.641614,0.081722,0.989859,-0.013915,0.115353,-3.43296,132.373169,18.871325,0.141936,0.977666,-0.154815,0.007479,-0.609949,146.625092,16.919617,-0.04167,0.916641,0.098883,0.385039,-6.636838,126.614998,16.716282,0.451412,-0.528182,0.103178,-0.711762,-18.878115,126.61071,4.228278,0.246561,0.116654,-0.506741,-0.81781,-8.43039,111.122955,-12.128463,0.301637,0.207688,-0.58737,-0.721718,3.75462,134.642197,-13.696654,-0.041235,0.966047,0.158937,0.199479,0.15344,126.748001,19.766119,0.340721,0.892547,0.145036,-0.25736,16.189402,127.032341,26.735058,0.009797,0.211907,0.449495,-0.867729,31.965658,113.783493,12.873372,0.006537,-0.026112,0.666012,-0.745455,19.587666,132.76059,3.663243,0.05085,0.907528,0.253806,0.330741,-4.813429,83.240166,5.906991,0.119618,0.977801,-0.142919,0.095764,-2.073813,51.854843,-12.007734,0.036815,0.976086,0.027057,0.212529,-14.502385,7.594517,0.196546,-0.106949,0.924102,-0.038773,0.36482,9.717246,84.261604,17.728346,0.036525,0.865795,-0.236324,0.439564,15.855678,48.957664,23.153555,-0.030018,0.872979,0.03565,0.485527,2.965417,6.832841,41.090412,0.036815,0.976086,0.027057,0.212529,-9.004943,2.046048,-12.999084,-0.030018,0.872979,0.03565,0.485527,15.393013,2.04828,33.488117
695,5.791667,-0.038749,0.942164,0.027082,0.331803,2.51342,83.720383,12.041615,-0.052016,0.966328,0.077755,0.239707,1.813596,91.377495,12.236347,-0.032596,0.971773,0.110916,0.205651,-1.072166,111.951759,14.861004,0.08167,0.990018,-0.014229,0.113981,-3.355564,132.345795,19.097179,0.142218,0.977594,-0.155061,0.006334,-0.538315,146.596985,17.131771,-0.041029,0.917591,0.098095,0.383042,-6.56677,126.588081,16.951838,0.450876,-0.528282,0.102927,-0.712063,-18.863539,126.585533,4.518474,0.246188,0.115246,-0.506835,-0.818063,-8.41852,111.116913,-11.858091,0.301271,0.207064,-0.587496,-0.721948,3.776673,134.622375,-13.476737,-0.040775,0.966339,0.158951,0.198142,0.232619,126.720093,19.981354,0.340926,0.892241,0.143729,-0.25888,16.288481,126.996658,26.904642,0.009798,0.211106,0.449603,-0.867868,32.018852,113.73806,13.000208,0.007142,-0.026712,0.666084,-0.745364,19.62746,132.725708,3.821354,0.051267,0.908395,0.252792,0.329069,-4.772973,83.204086,6.157401,0.119424,0.978162,-0.140262,0.096251,-2.118945,51.784611,-11.710289,0.035329,0.97624,0.030934,0.211544,-14.515824,7.448262,0.247826,-0.106978,0.924688,-0.036747,0.363535,9.799812,84.236679,17.925829,0.038554,0.866368,-0.236648,0.438084,16.001719,48.9221,23.20775,-0.029809,0.873097,0.035987,0.485301,2.961972,6.826356,41.104794,0.035329,0.97624,0.030934,0.211544,-9.014492,2.017726,-12.995161,-0.029809,0.873097,0.035987,0.485301,15.385294,2.047294,33.492062
696,5.8,-0.038949,0.942745,0.026733,0.330152,2.569268,83.699951,12.265211,-0.05188,0.966654,0.077644,0.238455,1.868645,91.357109,12.455091,-0.032356,0.97201,0.110966,0.204539,-1.005705,111.922249,15.079075,0.082178,0.990094,-0.014476,0.112922,-3.274939,132.316483,19.321957,0.141984,0.977566,-0.155491,0.005215,-0.446521,146.56424,17.347689,-0.040361,0.918116,0.097922,0.381897,-6.492332,126.559601,17.183653,0.450943,-0.52914,0.102281,-0.711477,-18.821636,126.571503,4.782559,0.245865,0.114608,-0.50671,-0.818328,-8.41508,111.107742,-11.623068,0.300675,0.206721,-0.587367,-0.722399,3.793328,134.602081,-13.257318,-0.040526,0.966559,0.159224,0.1969,0.314081,126.689949,20.197424,0.340916,0.892123,0.140502,-0.261058,16.387814,126.96344,27.079233,0.008908,0.210977,0.449931,-0.867739,32.062256,113.680962,13.134481,0.007802,-0.027572,0.665951,-0.745445,19.678406,132.695404,3.978828,0.051412,0.909008,0.251582,0.328281,-4.73733,83.176682,6.406724,0.119802,0.978508,-0.137263,0.096582,-2.13837,51.714039,-11.392985,0.033815,0.976202,0.034703,0.211383,-14.551264,7.307145,0.283424,-0.106955,0.924997,-0.034577,0.362967,9.875866,84.223213,18.123699,0.040239,0.866577,-0.236896,0.437384,16.137203,48.897057,23.255932,-0.029825,0.873072,0.036224,0.485329,2.963227,6.825134,41.11063,0.033815,0.976202,0.034703,0.211383,-9.024645,1.991011,-12.995404,-0.029825,0.873072,0.036224,0.485329,15.388234,2.052336,33.496712
697,5.808333,-0.039085,0.943314,0.026578,0.32852,2.622069,83.677689,12.483762,-0.051957,0.966962,0.077462,0.237245,1.920595,91.334816,12.671916,-0.031882,0.972252,0.111032,0.203427,-0.951894,111.901558,15.291502,0.08233,0.99019,-0.014789,0.111922,-3.197498,132.296448,19.543751,0.142068,0.977505,-0.155826,0.004421,-0.367641,146.542282,17.557734,-0.040057,0.918346,0.098378,0.381258,-6.423778,126.54213,17.411947,0.450823,-0.529784,0.102242,-0.71108,-18.771008,126.567368,5.02873,0.245703,0.114171,-0.506763,-0.818404,-8.397942,111.095741,-11.390675,0.301031,0.206221,-0.587569,-0.72223,3.813757,134.589386,-13.039893,-0.040079,0.966833,0.159202,0.195657,0.389843,126.667358,20.409605,0.341176,0.891777,0.140143,-0.262092,16.481903,126.933205,27.248741,0.009313,0.210034,0.450125,-0.867863,32.120682,113.647614,13.266958,0.008466,-0.02871,0.665832,-0.745501,19.7269,132.667816,4.141764,0.051079,0.909924,0.250305,0.326767,-4.704494,83.149826,6.650679,0.120353,0.978755,-0.134225,0.097658,-2.144837,51.638256,-11.067973,0.032033,0.976112,0.038419,0.211433,-14.597649,7.165494,0.311427,-0.106923,0.925259,-0.032562,0.362495,9.948632,84.205544,18.316845,0.041932,0.866886,-0.237093,0.436506,16.264004,48.869091,23.310093,-0.030372,0.873186,0.035972,0.485109,2.960914,6.819257,41.12104,0.032033,0.976112,0.038419,0.211433,-9.03773,1.963779,-12.998772,-0.030372,0.873186,0.035972,0.485109,15.386003,2.047853,33.506397
698,5.816667,-0.039216,0.943907,0.026323,0.326815,2.672759,83.659729,12.700686,-0.052151,0.967253,0.077305,0.236064,1.971006,91.31691,12.885745,-0.031109,0.97249,0.111136,0.202347,-0.905114,111.887466,15.501022,0.082217,0.990313,-0.015269,0.110851,-3.11541,132.283432,19.76659,0.142363,0.977417,-0.15613,0.003631,-0.291501,146.527969,17.762917,-0.039806,0.918859,0.09835,0.380054,-6.353851,126.533951,17.640202,0.45036,-0.530698,0.101865,-0.710746,-18.733839,126.562012,5.289737,0.24526,0.113513,-0.506423,-0.81884,-8.40504,111.09716,-11.163917,0.300676,0.205932,-0.587396,-0.7226,3.832885,134.576355,-12.822747,-0.039667,0.966962,0.15992,0.194516,0.467019,126.649567,20.621714,0.341425,0.891369,0.140413,-0.26301,16.57579,126.903107,27.421871,0.010011,0.20876,0.45025,-0.868098,32.182186,113.623322,13.398457,0.009315,-0.029713,0.666102,-0.74521,19.768724,132.646103,4.310183,0.050956,0.910486,0.249071,0.326163,-4.674569,83.126709,6.89425,0.121153,0.978952,-0.131141,0.098881,-2.149003,51.569569,-10.748031,0.030165,0.975898,0.041823,0.212047,-14.665154,7.037309,0.325097,-0.106813,0.925522,-0.030598,0.362028,10.020086,84.192757,18.507122,0.043515,0.867147,-0.237273,0.435734,16.382795,48.845612,23.362705,-0.030852,0.873353,0.035952,0.484779,2.958013,6.816774,41.131844,0.030165,0.975898,0.041823,0.212047,-9.057381,1.941344,-13.005919,-0.030852,0.873353,0.035952,0.484779,15.381723,2.051645,33.511017
699,5.825,-0.039333,0.944567,0.02595,0.32492,2.719991,83.646088,12.918488,-0.052006,0.967616,0.077084,0.234674,2.01877,91.303429,13.098953,-0.030681,0.972738,0.111349,0.201101,-0.843919,111.864182,15.709422,0.082867,0.990382,-0.015249,0.109749,-3.033089,132.259277,19.990057,0.141977,0.977404,-0.156579,0.002511,-0.194948,146.500854,17.985445,-0.039287,0.919275,0.09838,0.379093,-6.279902,126.512321,17.869589,0.450064,-0.531273,0.101659,-0.710532,-18.686836,126.553574,5.546236,0.244816,0.11286,-0.506566,-0.818974,-8.386328,111.091972,-10.928188,0.300828,0.205074,-0.587757,-0.722488,3.85226,134.570862,-12.604587,-0.03916,0.967216,0.159852,0.193407,0.548844,126.623299,20.833189,0.341549,0.891013,0.139689,-0.264439,16.674049,126.866699,27.594635,0.009826,0.207788,0.450409,-0.868251,32.238792,113.587906,13.524081,0.009632,-0.030472,0.666282,-0.745014,19.81093,132.625656,4.478354,0.050619,0.911164,0.248114,0.32505,-4.650331,83.107292,7.141809,0.121953,0.979065,-0.128198,0.100616,-2.14766,51.513172,-10.437433,0.028343,0.975679,0.044758,0.212704,-14.733122,6.926817,0.335392,-0.106562,0.925755,-0.028705,0.36166,10.090314,84.184883,18.695166,0.045178,0.867786,-0.23739,0.434227,16.488413,48.825718,23.414799,-0.030362,0.873432,0.03637,0.484636,2.9529,6.816175,41.145527,0.028343,0.975679,0.044758,0.212704,-9.078705,1.923326,-13.010937,-0.030362,0.873432,0.03637,0.484636,15.371525,2.0546,33.514206
700,5.833333,-0.039228,0.945203,0.025642,0.323102,2.764597,83.633713,13.131419,-0.052057,0.967958,0.076741,0.233362,2.066764,91.291412,13.309283,-0.03004,0.972983,0.111578,0.199882,-0.790906,111.852119,15.909055,0.082961,0.990501,-0.015301,0.108591,-2.950472,132.246704,20.207119,0.142084,0.977334,-0.156934,0.001532,-0.113976,146.487915,18.197525,-0.038969,0.9197,0.098652,0.378022,-6.208014,126.503899,18.091892,0.450305,-0.532059,0.101108,-0.709871,-18.644169,126.554718,5.798061,0.244526,0.112158,-0.506425,-0.819244,-8.379593,111.09198,-10.697717,0.29997,0.204597,-0.587489,-0.723197,3.873624,134.558624,-12.393214,-0.038812,0.967345,0.160282,0.192475,0.62859,126.607025,21.037607,0.341885,0.890587,0.139963,-0.26529,16.767336,126.841141,27.767008,0.010551,0.206435,0.450624,-0.868453,32.298286,113.56424,13.657373,0.010564,-0.03159,0.666693,-0.744588,19.852674,132.608704,4.651112,0.050599,0.911511,0.247176,0.324795,-4.627984,83.093552,7.383379,0.122592,0.979167,-0.125343,0.10243,-2.151939,51.465614,-10.13874,0.026687,0.975481,0.04745,0.213246,-14.792387,6.825256,0.342122,-0.106386,0.926141,-0.026786,0.360871,10.157179,84.173874,18.879457,0.046773,0.868195,-0.237567,0.433141,16.59823,48.804256,23.460361,-0.030179,0.873511,0.036424,0.484501,2.946408,6.816685,41.153915,0.026687,0.975481,0.04745,0.213246,-9.097285,1.906821,-13.01852,-0.030179,0.873511,0.036424,0.484501,15.361287,2.053816,33.517311
701,5.841667,-0.03903,0.945863,0.02516,0.321229,2.800737,83.624817,13.351753,-0.051824,0.96834,0.076387,0.23194,2.10852,91.283142,13.524972,-0.02968,0.973253,0.111606,0.198599,-0.731022,111.836159,16.115591,0.083008,0.990612,-0.015651,0.107483,-2.870487,132.231384,20.420683,0.142329,0.977274,-0.157091,0.000753,-0.035959,146.471054,18.397564,-0.038389,0.92017,0.09912,0.376813,-6.136107,126.490067,18.313868,0.449617,-0.532728,0.101268,-0.709782,-18.605755,126.56089,6.054103,0.243842,0.111233,-0.506325,-0.819636,-8.378153,111.096191,-10.462792,0.299536,0.203968,-0.587658,-0.723418,3.892514,134.555099,-12.176663,-0.038421,0.967626,0.160088,0.191302,0.708432,126.590141,21.241207,0.342326,0.890195,0.139201,-0.266438,16.863977,126.819298,27.930361,0.01067,0.205301,0.450952,-0.868551,32.349628,113.527466,13.785042,0.011151,-0.032731,0.666792,-0.744442,19.894167,132.589539,4.822188,0.050243,0.911639,0.246741,0.32482,-4.614783,83.083885,7.633405,0.123524,0.979289,-0.122508,0.103571,-2.125468,51.437794,-9.854005,0.02544,0.975316,0.049376,0.213713,-14.839876,6.752431,0.341703,-0.106096,0.926573,-0.024843,0.359986,10.216256,84.165749,19.070101,0.048296,0.868719,-0.23765,0.431877,16.693596,48.784401,23.506981,-0.029935,0.87349,0.036916,0.484517,2.938738,6.814334,41.162247,0.02544,0.975316,0.049376,0.213713,-9.113045,1.89527,-13.027792,-0.029935,0.87349,0.036916,0.484517,15.353859,2.060471,33.520412
702,5.85,-0.038861,0.946524,0.024871,0.319318,2.838255,83.618698,13.563408,-0.0517,0.968703,0.076337,0.230465,2.150262,91.277451,13.734651,-0.029137,0.97355,0.11154,0.197258,-0.679641,111.829849,16.328611,0.083491,0.990695,-0.015758,0.106325,-2.790477,132.22702,20.638556,0.142249,0.977233,-0.157416,-0.000266,0.053662,146.46402,18.610107,-0.038051,0.920668,0.098722,0.375735,-6.066685,126.48822,18.54138,0.44978,-0.533516,0.100463,-0.709201,-18.565617,126.56028,6.311484,0.243609,0.110584,-0.506193,-0.819875,-8.371684,111.104927,-10.234939,0.299152,0.203286,-0.587522,-0.723879,3.912544,134.552521,-11.967481,-0.037669,0.967897,0.160165,0.190011,0.786231,126.58297,21.449232,0.342836,0.889688,0.139338,-0.267403,16.960997,126.793739,28.092381,0.011262,0.203795,0.451326,-0.868703,32.403721,113.496468,13.905298,0.012038,-0.034093,0.667002,-0.744178,19.934559,132.572754,4.991648,0.050881,0.911341,0.246464,0.325768,-4.600467,83.077652,7.87529,0.12374,0.979342,-0.120194,0.105506,-2.141798,51.426315,-9.606974,0.024592,0.975175,0.051049,0.214062,-14.876272,6.692595,0.348829,-0.105571,0.927193,-0.023084,0.358658,10.276978,84.159752,19.251526,0.049557,0.8692,-0.237676,0.43075,16.771919,48.764233,23.547409,-0.030603,0.873744,0.036591,0.484041,2.934974,6.807101,41.169231,0.024592,0.975175,0.051049,0.214062,-9.126025,1.887541,-13.029438,-0.030603,0.873744,0.036591,0.484041,15.346524,2.054411,33.520882
703,5.858333,-0.038783,0.947256,0.024313,0.317193,2.882159,83.61866,13.782083,-0.051564,0.96911,0.076245,0.22881,2.198392,91.277924,13.947124,-0.028839,0.973881,0.111321,0.195783,-0.620612,111.830902,16.54348,0.083605,0.990815,-0.016026,0.105071,-2.711032,132.230835,20.850262,0.142546,0.977157,-0.157619,-0.001199,0.13222,146.466385,18.810377,-0.037487,0.921056,0.098724,0.37484,-5.99567,126.492218,18.76581,0.449089,-0.534231,0.100837,-0.709047,-18.519587,126.578888,6.561592,0.242964,0.109549,-0.506131,-0.820243,-8.367329,111.113503,-10.001068,0.298669,0.202919,-0.587392,-0.724287,3.932293,134.551163,-11.758404,-0.036958,0.968177,0.160106,0.18877,0.866137,126.585899,21.652658,0.343247,0.889301,0.138915,-0.268381,17.059198,126.780319,28.251595,0.01186,0.202486,0.451593,-0.868863,32.461899,113.472603,14.030838,0.013048,-0.035547,0.66716,-0.743951,19.97817,132.559128,5.157617,0.051059,0.911416,0.246584,0.325439,-4.582048,83.07415,8.127779,0.124252,0.979542,-0.117755,0.105797,-2.138443,51.428421,-9.366745,0.023865,0.975091,0.052248,0.21424,-14.901757,6.651571,0.355504,-0.104754,0.927844,-0.021193,0.357328,10.346367,84.16317,19.436386,0.050573,0.869531,-0.237775,0.429908,16.84256,48.749134,23.574854,-0.031007,0.873796,0.03645,0.483933,2.935076,6.806141,41.174801,0.023865,0.975091,0.052248,0.21424,-9.135465,1.884634,-13.029496,-0.031007,0.873796,0.03645,0.483933,15.347815,2.055628,33.527016
704,5.866667,-0.038682,0.947889,0.023838,0.315345,2.923439,83.628372,14.002144,-0.051353,0.969494,0.076013,0.227302,2.243768,91.288109,14.162096,-0.028409,0.974181,0.111255,0.194385,-0.558866,111.831306,16.753956,0.084256,0.990884,-0.016031,0.103886,-2.625026,132.232895,21.064665,0.142284,0.977126,-0.158032,-0.002331,0.23219,146.465347,19.02276,-0.037421,0.921429,0.09887,0.373889,-5.91903,126.495918,18.990465,0.448492,-0.535148,0.100571,-0.708771,-18.468008,126.582848,6.81202,0.24214,0.10887,-0.506034,-0.820637,-8.36177,111.123619,-9.784501,0.298438,0.201927,-0.587272,-0.724756,3.953811,134.559662,-11.546156,-0.03639,0.96844,0.159944,0.187664,0.951263,126.585999,21.857172,0.34383,0.888721,0.138568,-0.269733,17.160345,126.768784,28.416985,0.012575,0.201055,0.452039,-0.868953,32.507023,113.449905,14.146182,0.014108,-0.036813,0.667727,-0.743362,20.012321,132.554871,5.315146,0.051592,0.911366,0.247232,0.325002,-4.562849,83.081551,8.377332,0.12429,0.979835,-0.115094,0.105968,-2.146859,51.462967,-9.17003,0.023684,0.975102,0.052877,0.214052,-14.8923,6.628078,0.30506,-0.103871,0.92864,-0.019448,0.355612,10.409726,84.175201,19.626957,0.05159,0.870115,-0.237712,0.428639,16.900164,48.742676,23.613426,-0.031416,0.874107,0.036253,0.483359,2.936949,6.806722,41.185974,0.023684,0.975102,0.052877,0.214052,-9.127268,1.88034,-13.087302,-0.031416,0.874107,0.036253,0.483359,15.342626,2.056897,33.526321
705,5.875,-0.038719,0.948505,0.023812,0.313485,2.96906,83.63723,14.213713,-0.051243,0.96992,0.075713,0.225605,2.289292,91.296944,14.374434,-0.028098,0.974524,0.111227,0.192725,-0.500448,111.83416,16.959124,0.084454,0.990998,-0.016475,0.102559,-2.546321,132.23674,21.274746,0.14249,0.977089,-0.158062,-0.003189,0.312528,146.466507,19.216366,-0.036664,0.921861,0.098957,0.372874,-5.848969,126.500443,19.212481,0.448481,-0.535975,0.100271,-0.708196,-18.426422,126.608833,7.063621,0.241851,0.108028,-0.505883,-0.820927,-8.361177,111.144897,-9.55342,0.297909,0.201392,-0.587177,-0.725199,3.970051,134.565475,-11.340038,-0.035879,0.968776,0.159536,0.186372,1.031156,126.588966,22.055561,0.344256,0.888311,0.138451,-0.270597,17.258423,126.764748,28.570456,0.013301,0.199821,0.452235,-0.869125,32.567348,113.438438,14.266096,0.015021,-0.038037,0.667652,-0.743349,20.059116,132.546112,5.471133,0.052523,0.911433,0.24722,0.324675,-4.539116,83.088318,8.61836,0.124496,0.980188,-0.113175,0.104512,-2.190993,51.47636,-8.950138,0.023169,0.975039,0.053834,0.21416,-14.924759,6.604666,0.36507,-0.102937,0.929488,-0.017889,0.353745,10.477237,84.18615,19.809065,0.052592,0.870627,-0.237595,0.427542,16.953733,48.735405,23.653715,-0.031598,0.874134,0.036453,0.483284,2.934557,6.8041,41.192787,0.023169,0.975039,0.053834,0.21416,-9.148593,1.88705,-13.033136,-0.031598,0.874134,0.036453,0.483284,15.341471,2.061927,33.530399
706,5.883333,-0.03881,0.949102,0.023814,0.311659,3.017256,83.646545,14.426059,-0.051381,0.970305,0.075459,0.223995,2.336459,91.306145,14.587683,-0.027362,0.974869,0.11115,0.191121,-0.453614,111.854538,17.166744,0.084911,0.991082,-0.016739,0.101324,-2.461733,132.259552,21.488623,0.142482,0.977011,-0.158529,-0.004035,0.406008,146.486038,19.42,-0.036663,0.922247,0.098575,0.37202,-5.777871,126.526917,19.437862,0.447655,-0.537062,0.100133,-0.707914,-18.377573,126.626923,7.312013,0.241108,0.107262,-0.505595,-0.821423,-8.368893,111.167061,-9.342937,0.297779,0.200781,-0.586943,-0.725612,3.988767,134.578629,-11.136802,-0.034975,0.96907,0.15949,0.185047,1.112026,126.607773,22.257401,0.344926,0.887767,0.137742,-0.271886,17.358747,126.760986,28.724182,0.013648,0.19877,0.452686,-0.869126,32.610012,113.413712,14.377846,0.01555,-0.038945,0.667829,-0.743132,20.099005,132.541321,5.61801,0.053573,0.911667,0.247722,0.323461,-4.512203,83.094772,8.859663,0.124263,0.980569,-0.111066,0.103476,-2.244356,51.508896,-8.766196,0.023132,0.975046,0.054538,0.213951,-14.928946,6.5867,0.370966,-0.102074,0.930576,-0.016534,0.351192,10.546714,84.198311,19.992455,0.053798,0.871292,-0.237425,0.426128,17.010876,48.731358,23.706093,-0.032091,0.874299,0.036274,0.482965,2.927235,6.804591,41.204315,0.023132,0.975046,0.054538,0.213951,-9.155922,1.889697,-13.03583,-0.032091,0.874299,0.036274,0.482965,15.332354,2.064842,33.537525
707,5.891667,-0.038674,0.949645,0.024034,0.310002,3.06561,83.654495,14.628166,-0.051326,0.97069,0.075406,0.222353,2.386029,91.314102,14.794829,-0.026982,0.975228,0.110916,0.189475,-0.397544,111.8675,17.377556,0.084983,0.991212,-0.017074,0.099926,-2.381022,132.275558,21.696449,0.142894,0.976922,-0.158679,-0.005025,0.484137,146.500534,19.613863,-0.036241,0.922654,0.098784,0.370997,-5.706921,126.543533,19.659801,0.44736,-0.53801,0.099882,-0.707417,-18.334293,126.65583,7.562876,0.240633,0.106391,-0.505393,-0.821799,-8.373711,111.194077,-9.119127,0.297379,0.200083,-0.586901,-0.726002,4.003191,134.590363,-10.933323,-0.033904,0.969406,0.159094,0.183825,1.192616,126.622414,22.455725,0.345295,0.887259,0.138078,-0.272905,17.45768,126.749054,28.876818,0.014732,0.197324,0.452839,-0.869358,32.668739,113.4058,14.484133,0.016791,-0.03984,0.668422,-0.742525,20.136189,132.536011,5.759272,0.054633,0.912023,0.248195,0.321914,-4.483366,83.105278,9.088013,0.12392,0.980942,-0.109069,0.102468,-2.303732,51.54472,-8.594235,0.023703,0.975038,0.055292,0.213732,-14.930646,6.57261,0.375757,-0.101042,0.931318,-0.015284,0.349575,10.614588,84.20372,20.16832,0.054708,0.871817,-0.237205,0.42506,17.048237,48.7187,23.760372,-0.031976,0.874469,0.036837,0.482623,2.919535,6.791371,41.220867,0.023703,0.975038,0.055292,0.213732,-9.167281,1.894336,-13.041743,-0.031976,0.874469,0.036837,0.482623,15.320147,2.064183,33.539043
708,5.9,-0.038642,0.950157,0.024047,0.308433,3.107556,83.662163,14.831099,-0.050798,0.971058,0.075164,0.220944,2.428652,91.321793,14.999238,-0.026876,0.975502,0.110751,0.188168,-0.327274,111.876465,17.580894,0.08554,0.991249,-0.017505,0.099002,-2.299387,132.286301,21.896624,0.142785,0.976899,-0.1589,-0.005659,0.579107,146.506546,19.800272,-0.035654,0.923203,0.098821,0.369676,-5.630661,126.553413,19.871223,0.44722,-0.538881,0.099518,-0.706893,-18.293718,126.679886,7.811792,0.240322,0.10556,-0.50521,-0.82211,-8.376118,111.217896,-8.89559,0.29709,0.199472,-0.586566,-0.72656,4.020621,134.603394,-10.733693,-0.033707,0.969593,0.159635,0.182403,1.27631,126.633492,22.648701,0.346034,0.886748,0.136693,-0.274323,17.560062,126.758148,29.022297,0.015294,0.196437,0.453256,-0.869332,32.707214,113.381943,14.592819,0.017638,-0.040582,0.668788,-0.742136,20.174744,132.526566,5.892281,0.055653,0.912451,0.248511,0.320279,-4.459676,83.112511,9.315946,0.123511,0.981284,-0.107021,0.101851,-2.371242,51.571476,-8.412088,0.023557,0.975015,0.056117,0.213639,-14.937721,6.547624,0.381487,-0.100036,0.931995,-0.014026,0.348111,10.674788,84.211815,20.346252,0.055438,0.872147,-0.236887,0.424464,17.078798,48.709454,23.817936,-0.032143,0.874584,0.037277,0.48237,2.913998,6.77546,41.233135,0.023557,0.975015,0.056117,0.213639,-9.172877,1.893921,-13.043922,-0.032143,0.874584,0.037277,0.48237,15.313665,2.061772,33.541489
709,5.908333,-0.038772,0.950583,0.024243,0.307086,3.161715,83.670364,15.026381,-0.050846,0.971379,0.075082,0.219548,2.480239,91.329697,15.197722,-0.026396,0.975798,0.110717,0.186718,-0.274181,111.892189,17.780516,0.085574,0.991387,-0.017776,0.09753,-2.219981,132.303406,22.101639,0.143368,0.976774,-0.15909,-0.006947,0.654351,146.522659,19.992779,-0.035315,0.923597,0.098656,0.368765,-5.561103,126.572609,20.086554,0.446338,-0.540023,0.099433,-0.706591,-18.248522,126.704262,8.052812,0.239448,0.104642,-0.504913,-0.822665,-8.391261,111.245049,-8.692801,0.296717,0.19876,-0.586381,-0.727057,4.031736,134.616119,-10.540663,-0.032941,0.969914,0.159348,0.181078,1.354341,126.648315,22.842991,0.346538,0.886227,0.136931,-0.275251,17.656717,126.756577,29.169106,0.016465,0.195281,0.453486,-0.869451,32.761208,113.376701,14.698386,0.01875,-0.041437,0.669088,-0.74179,20.219471,132.519287,6.021583,0.05656,0.913236,0.248886,0.317579,-4.420882,83.118614,9.532581,0.123068,0.981553,-0.105191,0.101699,-2.435679,51.598454,-8.244373,0.023505,0.974995,0.05679,0.213559,-14.944768,6.527281,0.387122,-0.099064,0.932588,-0.012898,0.346843,10.744311,84.222115,20.52018,0.056357,0.872607,-0.236524,0.4236,17.11657,48.703526,23.882601,-0.032103,0.874689,0.037717,0.482147,2.907181,6.762925,41.245502,0.023505,0.974995,0.05679,0.213559,-9.179572,1.893255,-13.044941,-0.032103,0.874689,0.037717,0.482147,15.304546,2.059821,33.543674
710,5.916667,-0.038776,0.951035,0.024385,0.30567,3.204728,83.678764,15.213808,-0.050774,0.971701,0.075163,0.218105,2.522789,91.337982,15.388232,-0.025871,0.976103,0.110613,0.185252,-0.226424,111.906281,17.979803,0.086353,0.991419,-0.018169,0.096446,-2.143478,132.319611,22.303768,0.143317,0.976716,-0.159455,-0.007745,0.749742,146.533157,20.182323,-0.034894,0.923979,0.098623,0.367858,-5.495127,126.591042,20.299885,0.446185,-0.540998,0.099116,-0.705986,-18.206955,126.732269,8.292036,0.239122,0.103912,-0.504737,-0.82296,-8.398922,111.269638,-8.479318,0.296445,0.198332,-0.586155,-0.727467,4.040858,134.628479,-10.346358,-0.032249,0.970263,0.158974,0.179656,1.428847,126.661942,23.034958,0.347101,0.885734,0.136498,-0.276341,17.750744,126.757385,29.310747,0.017162,0.194596,0.453824,-0.869415,32.805981,113.362694,14.80245,0.019464,-0.041985,0.669002,-0.741819,20.266293,132.512695,6.139444,0.05722,0.913965,0.249011,0.315259,-4.394142,83.126793,9.742561,0.122752,0.981838,-0.103206,0.101363,-2.494655,51.616596,-8.061396,0.023329,0.974969,0.057699,0.213454,-14.955081,6.498692,0.394521,-0.098351,0.933079,-0.011866,0.345759,10.803597,84.230736,20.685057,0.057225,0.872902,-0.236134,0.423093,17.158001,48.700089,23.952488,-0.032622,0.874813,0.037754,0.481884,2.902056,6.751347,41.257458,0.023329,0.974969,0.057699,0.213454,-9.188214,1.891854,-13.046175,-0.032622,0.874813,0.037754,0.481884,15.299734,2.05655,33.551064
711,5.925,-0.038447,0.95149,0.024245,0.304304,3.237871,83.695923,15.404305,-0.050279,0.971988,0.0752,0.216924,2.561641,91.355637,15.579203,-0.025749,0.976329,0.110416,0.184192,-0.163504,111.917183,18.179098,0.086549,0.991498,-0.018651,0.095356,-2.069392,132.332611,22.498138,0.143814,0.976621,-0.15954,-0.008763,0.826241,146.543137,20.359848,-0.034678,0.924149,0.099316,0.367263,-5.425879,126.603439,20.50408,0.445241,-0.542047,0.099512,-0.705722,-18.153526,126.758301,8.513168,0.238007,0.103002,-0.504716,-0.823411,-8.405823,111.285309,-8.283763,0.296086,0.197375,-0.585958,-0.728031,4.048379,134.643875,-10.158458,-0.031623,0.97059,0.158687,0.178252,1.504018,126.674942,23.224091,0.34752,0.885277,0.135713,-0.277663,17.844891,126.759102,29.45046,0.017712,0.193778,0.454117,-0.869433,32.8493,113.352013,14.901026,0.020386,-0.042594,0.669171,-0.741607,20.308025,132.508942,6.260831,0.058023,0.914608,0.249096,0.313173,-4.377109,83.148071,9.955088,0.12228,0.982111,-0.1012,0.101314,-2.569259,51.647652,-7.875702,0.023029,0.974933,0.058355,0.213474,-14.968927,6.479728,0.400627,-0.097724,0.93348,-0.010706,0.344892,10.852851,84.243782,20.853523,0.058064,0.873206,-0.235776,0.422551,17.19746,48.702328,24.020935,-0.032821,0.874953,0.037881,0.481607,2.89675,6.746724,41.272236,0.023029,0.974933,0.058355,0.213474,-9.196487,1.893404,-13.044691,-0.032821,0.874953,0.037881,0.481607,15.291951,2.05789,33.558235
712,5.933333,-0.038525,0.951895,0.024554,0.302999,3.285068,83.705879,15.580383,-0.049961,0.972286,0.075062,0.215709,2.606494,91.365265,15.760359,-0.025439,0.976546,0.110547,0.183002,-0.101776,111.932518,18.361441,0.087325,0.991531,-0.01873,0.094283,-1.990678,132.347397,22.690508,0.143762,0.976542,-0.160002,-0.009897,0.922971,146.553696,20.548605,-0.03428,0.924666,0.099382,0.365979,-5.35386,126.619781,20.703285,0.445006,-0.543025,0.09907,-0.70518,-18.11541,126.783264,8.74857,0.237488,0.102212,-0.504596,-0.823732,-8.416057,111.313118,-8.078952,0.295744,0.196657,-0.585754,-0.728529,4.052936,134.661835,-9.970942,-0.031232,0.970801,0.15892,0.17696,1.582784,126.688446,23.406124,0.348082,0.884732,0.135718,-0.27869,17.940573,126.765312,29.588026,0.018769,0.192594,0.454363,-0.869546,32.897194,113.349899,14.997104,0.021496,-0.043232,0.669573,-0.741175,20.34576,132.508789,6.383426,0.058695,0.915461,0.248898,0.310702,-4.34466,83.157494,10.151885,0.122012,0.982388,-0.099105,0.101017,-2.63406,51.655624,-7.685943,0.022498,0.974853,0.059477,0.213585,-14.988894,6.441555,0.403314,-0.097315,0.934012,-0.010031,0.343585,10.914795,84.254265,21.008881,0.05938,0.873813,-0.235259,0.4214,17.253283,48.706009,24.111521,-0.032812,0.875064,0.038186,0.481382,2.886407,6.741935,41.28709,0.022498,0.974853,0.059477,0.213585,-9.204714,1.89031,-13.048879,-0.032812,0.875064,0.038186,0.481382,15.27894,2.060687,33.564194
713,5.941667,-0.038399,0.952285,0.024577,0.301785,3.316522,83.721252,15.755505,-0.049875,0.972557,0.075144,0.214474,2.639919,91.380775,15.937278,-0.024359,0.976825,0.110472,0.181703,-0.063672,111.958527,18.547249,0.086908,0.991672,-0.019396,0.093042,-1.902071,132.376343,22.884161,0.144473,0.976374,-0.160339,-0.010589,0.996306,146.582077,20.717911,-0.03408,0.925092,0.099057,0.365008,-5.281618,126.655258,20.90593,0.444868,-0.544164,0.098703,-0.704441,-18.068466,126.817177,8.978266,0.236945,0.10133,-0.504447,-0.824089,-8.426968,111.342094,-7.87794,0.295165,0.195919,-0.585745,-0.72897,4.058319,134.677521,-9.789979,-0.030663,0.970964,0.159474,0.175662,1.662877,126.710663,23.588831,0.348595,0.884228,0.134744,-0.28012,18.037899,126.772186,29.725098,0.01931,0.191674,0.454707,-0.869557,32.937084,113.339088,15.091768,0.022372,-0.044,0.669911,-0.740799,20.382755,132.510117,6.504167,0.059288,0.916149,0.248716,0.308701,-4.327162,83.174423,10.346521,0.121711,0.98268,-0.096996,0.100592,-2.699027,51.67107,-7.496396,0.021835,0.97483,0.060351,0.213513,-15.004952,6.410682,0.406274,-0.096966,0.934348,-0.009033,0.342798,10.960206,84.268097,21.164488,0.060325,0.874111,-0.234807,0.420899,17.302799,48.713547,24.185621,-0.032876,0.875129,0.038289,0.481251,2.884907,6.740046,41.295261,0.021835,0.97483,0.060351,0.213513,-9.213355,1.888319,-13.052464,-0.032876,0.875129,0.038289,0.481251,15.276182,2.062303,33.568233
714,5.95,-0.038089,0.952684,0.024387,0.300581,3.344784,83.734978,15.929315,-0.049345,0.97283,0.075089,0.213375,2.67382,91.395012,16.110588,-0.024257,0.977018,0.11045,0.180687,-0.003748,111.967155,18.72518,0.087142,0.991732,-0.019727,0.092115,-1.833319,132.385391,23.063881,0.144862,0.976275,-0.160538,-0.011369,1.068758,146.588547,20.885746,-0.03353,0.925588,0.099241,0.36375,-5.216917,126.664078,21.093241,0.444427,-0.54493,0.098635,-0.704136,-18.037134,126.841179,9.201663,0.236489,0.10042,-0.504403,-0.824358,-8.436427,111.364914,-7.676733,0.295172,0.195152,-0.585696,-0.729212,4.062076,134.693802,-9.614552,-0.030179,0.971172,0.159656,0.174423,1.733137,126.71981,23.761705,0.348832,0.883792,0.135035,-0.281057,18.124355,126.770927,29.854668,0.020183,0.190369,0.454639,-0.869859,32.989208,113.345268,15.17964,0.023143,-0.044595,0.670652,-0.740069,20.40815,132.512131,6.625833,0.059657,0.916817,0.248594,0.306739,-4.312954,83.19175,10.539882,0.12157,0.982955,-0.094862,0.100108,-2.750268,51.687176,-7.306717,0.021485,0.974784,0.061137,0.213534,-15.021411,6.384582,0.405868,-0.096761,0.93478,-0.008109,0.341699,11.002522,84.278198,21.318747,0.061522,0.874651,-0.234327,0.419871,17.357862,48.719631,24.26475,-0.032948,0.875209,0.038334,0.481097,2.879456,6.738567,41.3046,0.021485,0.974784,0.061137,0.213534,-9.223395,1.886766,-13.058331,-0.032948,0.875209,0.038334,0.481097,15.268898,2.062937,33.573349
715,5.958333,-0.037851,0.953068,0.02428,0.299399,3.369934,83.746529,16.098227,-0.048794,0.973122,0.075085,0.212168,2.703167,91.406921,16.279865,-0.023909,0.977247,0.110424,0.179506,0.050953,111.983635,18.902876,0.087764,0.991761,-0.020111,0.091122,-1.758936,132.402802,23.245407,0.145035,0.976177,-0.160916,-0.012229,1.157747,146.601028,21.054699,-0.032933,0.926019,0.099358,0.362672,-5.149897,126.682915,21.283302,0.444613,-0.545854,0.098289,-0.70335,-17.998859,126.876579,9.423062,0.236362,0.099585,-0.504351,-0.824528,-8.444848,111.390839,-7.473111,0.29497,0.194553,-0.585599,-0.729531,4.064116,134.708633,-9.442311,-0.029662,0.971415,0.159572,0.173235,1.806738,126.735672,23.934616,0.349426,0.88325,0.134159,-0.282439,18.21348,126.776596,29.985714,0.020762,0.189172,0.4552,-0.869814,33.019073,113.331291,15.268843,0.024429,-0.045746,0.671162,-0.739495,20.439888,132.518173,6.752379,0.060098,0.917362,0.248514,0.305084,-4.30144,83.206139,10.727942,0.121397,0.983206,-0.092816,0.099768,-2.802052,51.702511,-7.12576,0.020818,0.974748,0.061671,0.213613,-15.037417,6.359386,0.403336,-0.096366,0.934794,-0.006896,0.341799,11.041307,84.286919,21.468512,0.062265,0.874847,-0.233953,0.419561,17.399984,48.721497,24.323221,-0.032624,0.875193,0.038618,0.481125,2.880439,6.73253,41.308487,0.020818,0.974748,0.061671,0.213613,-9.228909,1.880561,-13.062665,-0.032624,0.875193,0.038618,0.481125,15.268668,2.059529,33.573715
716,5.966667,-0.037609,0.953456,0.024164,0.2982,3.401055,83.758545,16.257578,-0.048588,0.973365,0.07524,0.211044,2.738595,91.419296,16.439465,-0.023245,0.977469,0.110413,0.178392,0.096007,111.999199,19.074062,0.087934,0.991858,-0.020172,0.089883,-1.681643,132.419785,23.423225,0.145477,0.976029,-0.161315,-0.013479,1.235003,146.617203,21.227131,-0.032604,0.926505,0.099363,0.361459,-5.083413,126.703751,21.468628,0.443928,-0.546615,0.098552,-0.703156,-17.963856,126.903381,9.642678,0.235896,0.098576,-0.50437,-0.824771,-8.45367,111.411217,-7.272324,0.29535,0.193751,-0.585843,-0.729395,4.066024,134.723419,-9.272326,-0.029086,0.971584,0.159723,0.172244,1.879623,126.748779,24.103233,0.349834,0.882728,0.134285,-0.283504,18.299522,126.774933,30.118629,0.021113,0.188186,0.455412,-0.869908,33.061008,113.329659,15.357486,0.024521,-0.046764,0.670757,-0.739796,20.474138,132.523743,6.874817,0.060832,0.917772,0.248199,0.303959,-4.284104,83.221016,10.906747,0.121021,0.983392,-0.090902,0.100154,-2.862528,51.712452,-6.944616,0.02058,0.974721,0.062562,0.213499,-15.050038,6.327206,0.406173,-0.096308,0.935187,-0.006117,0.340752,11.086214,84.296074,21.60841,0.063618,0.875474,-0.233486,0.41831,17.463493,48.729115,24.401817,-0.032633,0.875247,0.038487,0.481037,2.873941,6.735563,41.315639,0.02058,0.974721,0.062562,0.213499,-9.239629,1.875515,-13.068007,-0.032633,0.875247,0.038487,0.481037,15.26015,2.059314,33.57959
717,5.975,-0.03747,0.953845,0.024212,0.296967,3.432336,83.767097,16.413315,-0.04839,0.973616,0.07535,0.209886,2.771938,91.427979,16.597412,-0.022528,0.977688,0.110492,0.177232,0.138561,112.015701,19.242365,0.088768,0.991868,-0.020545,0.088864,-1.605154,132.436951,23.602247,0.145419,0.975946,-0.161783,-0.014451,1.331971,146.628281,21.394304,-0.032222,0.926956,0.099144,0.360394,-5.018258,126.725342,21.654436,0.444314,-0.547684,0.097831,-0.70218,-17.926464,126.930382,9.858883,0.235935,0.097948,-0.504254,-0.824905,-8.467354,111.434044,-7.080934,0.295304,0.193286,-0.585768,-0.729597,4.065189,134.737228,-9.10733,-0.02862,0.971841,0.159514,0.171062,1.951413,126.761711,24.271574,0.350357,0.882205,0.134127,-0.284561,18.386452,126.780144,30.245518,0.021914,0.186655,0.455848,-0.86999,33.099926,113.325844,15.444706,0.025893,-0.048294,0.671031,-0.739402,20.50316,132.536438,7.007325,0.061348,0.918112,0.248099,0.302907,-4.266785,83.231506,11.082397,0.120978,0.983666,-0.088925,0.099285,-2.902171,51.723946,-6.77517,0.01979,0.974708,0.062928,0.213526,-15.0626,6.303877,0.403392,-0.096109,0.935443,-0.005274,0.34012,11.131458,84.302689,21.744232,0.064675,0.875861,-0.23309,0.417556,17.518068,48.732246,24.471226,-0.032596,0.875314,0.038604,0.480909,2.870549,6.734046,41.323273,0.01979,0.974708,0.062928,0.213526,-9.242355,1.867101,-13.071463,-0.032596,0.875314,0.038604,0.480909,15.254691,2.060226,33.582451
718,5.983333,-0.037037,0.954244,0.02424,0.295734,3.460599,83.789391,16.565285,-0.047945,0.9739,0.075401,0.20865,2.806648,91.450745,16.752615,-0.022375,0.9779,0.110577,0.17602,0.19573,112.028763,19.405502,0.088774,0.99197,-0.02086,0.08763,-1.536928,132.449509,23.772127,0.146132,0.975795,-0.161952,-0.015513,1.396015,146.639679,21.551111,-0.031714,0.927411,0.099146,0.359267,-4.95492,126.738167,21.832115,0.443691,-0.548386,0.098097,-0.701989,-17.892622,126.955284,10.069137,0.235429,0.09701,-0.504374,-0.825087,-8.474288,111.452103,-6.887121,0.295669,0.192427,-0.586199,-0.72933,4.062811,134.753372,-8.941857,-0.027973,0.972042,0.159337,0.170185,2.021225,126.774147,24.431952,0.350588,0.881738,0.133529,-0.286,18.468008,126.776733,30.37352,0.021873,0.185483,0.456088,-0.870116,33.132698,113.321564,15.525158,0.02628,-0.049291,0.67129,-0.739087,20.524311,132.548279,7.136546,0.061627,0.918538,0.247729,0.301863,-4.252837,83.260849,11.254393,0.120948,0.983909,-0.086822,0.098778,-2.935536,51.742466,-6.587614,0.019761,0.974683,0.063457,0.213484,-15.071928,6.286561,0.402317,-0.095862,0.935475,-0.004271,0.340115,11.174035,84.317932,21.876175,0.065456,0.876012,-0.232754,0.417306,17.568884,48.743362,24.529045,-0.032735,0.875391,0.038204,0.48079,2.874273,6.739921,41.32695,0.019761,0.974683,0.063457,0.213484,-9.251057,1.865232,-13.077343,-0.032735,0.875391,0.038204,0.48079,15.255878,2.057844,33.587055
719,5.991667,-0.036819,0.95461,0.024374,0.294567,3.485068,83.802292,16.711491,-0.047246,0.974165,0.07558,0.207505,2.833951,91.463799,16.902575,-0.022458,0.97808,0.110646,0.174964,0.252222,112.049805,19.572741,0.089627,0.991966,-0.021214,0.086715,-1.479634,132.469757,23.943417,0.146353,0.975671,-0.162407,-0.016484,1.474668,146.653778,21.711443,-0.03093,0.927857,0.099207,0.358166,-4.899362,126.757034,22.010527,0.444182,-0.549106,0.097708,-0.70117,-17.86643,126.99604,10.280353,0.235772,0.096217,-0.504341,-0.825103,-8.483558,111.48114,-6.684853,0.295926,0.191836,-0.586306,-0.729295,4.061215,134.769058,-8.782617,-0.027513,0.972196,0.159788,0.168956,2.082251,126.795853,24.595604,0.351058,0.881307,0.133212,-0.286898,18.544506,126.78714,30.494165,0.022293,0.184329,0.456374,-0.8702,33.167248,113.320335,15.615016,0.026875,-0.05051,0.671333,-0.738944,20.550417,132.559082,7.264885,0.062457,0.918576,0.247434,0.301818,-4.241597,83.277626,11.419478,0.120588,0.984089,-0.085065,0.098952,-2.98701,51.756138,-6.421576,0.019295,0.974679,0.064057,0.213368,-15.076658,6.263223,0.406711,-0.095804,0.935765,-0.003535,0.339341,11.211732,84.326965,22.003504,0.066512,0.876449,-0.232316,0.416465,17.622948,48.751171,24.599756,-0.032586,0.875425,0.038214,0.480739,2.873571,6.741595,41.334198,0.019295,0.974679,0.064057,0.213368,-9.252483,1.861941,-13.078085,-0.032586,0.875425,0.038214,0.480739,15.252963,2.057617,33.591919
720,6.0,-0.036678,0.955027,0.024591,0.293213,3.518608,83.815468,16.852198,-0.047175,0.974439,0.075645,0.206208,2.868855,91.476967,17.048031,-0.021706,0.978321,0.110762,0.173633,0.292265,112.068916,19.725708,0.09006,0.992025,-0.021459,0.085525,-1.403652,132.489166,24.108984,0.146513,0.975552,-0.162872,-0.017481,1.558635,146.669952,21.867142,-0.030957,0.928236,0.099131,0.3572,-4.835444,126.78112,22.183733,0.444284,-0.550155,0.097088,-0.700368,-17.826609,127.014542,10.480144,0.235261,0.095546,-0.504176,-0.825427,-8.495035,111.499168,-6.512888,0.295159,0.19093,-0.586694,-0.729533,4.066421,134.779434,-8.622822,-0.027103,0.972352,0.159932,0.167987,2.153568,126.810944,24.748856,0.351649,0.880749,0.133324,-0.287834,18.628021,126.792999,30.613228,0.022976,0.182861,0.45672,-0.87031,33.203434,113.317848,15.695259,0.02764,-0.051879,0.671468,-0.738698,20.575151,132.570114,7.390629,0.062721,0.919027,0.247404,0.30041,-4.223181,83.29361,11.582059,0.120488,0.984256,-0.08339,0.098833,-3.014116,51.77343,-6.264448,0.018887,0.974717,0.064225,0.213177,-15.079657,6.251395,0.410698,-0.095535,0.936085,-0.002885,0.338542,11.260398,84.337326,22.122335,0.067377,0.876701,-0.231941,0.416004,17.671738,48.757496,24.662394,-0.032517,0.875487,0.038227,0.480628,2.873635,6.742385,41.339828,0.018887,0.974717,0.064225,0.213177,-9.255991,1.857395,-13.076689,-0.032517,0.875487,0.038227,0.480628,15.250522,2.057719,33.59396
721,6.008333,-0.036324,0.955316,0.024702,0.292303,3.547968,83.826866,16.990557,-0.047178,0.974642,0.075801,0.205187,2.9031,91.488686,17.190231,-0.020993,0.978524,0.11085,0.172517,0.326588,112.089851,19.878214,0.090028,0.992111,-0.021991,0.084424,-1.335726,132.510559,24.2722,0.147099,0.975395,-0.163197,-0.018271,1.622236,146.689255,22.011396,-0.030688,0.928638,0.099013,0.356212,-4.778589,126.807007,22.353392,0.444141,-0.550699,0.097198,-0.700016,-17.794979,127.043831,10.677932,0.23525,0.094806,-0.504475,-0.825333,-8.49419,111.51825,-6.322662,0.296055,0.190414,-0.586512,-0.72945,4.058336,134.799088,-8.468904,-0.026399,0.972559,0.159793,0.167029,2.216628,126.828133,24.901632,0.351986,0.880315,0.132449,-0.289152,18.703629,126.792633,30.73056,0.022985,0.181796,0.457083,-0.870343,33.229492,113.306488,15.774244,0.028221,-0.053173,0.67131,-0.738728,20.597946,132.576797,7.513809,0.063219,0.919249,0.247066,0.299904,-4.204298,83.311348,11.735213,0.120445,0.984551,-0.081428,0.09758,-3.045854,51.783585,-6.101257,0.018867,0.974672,0.064859,0.213193,-15.082571,6.229803,0.40724,-0.095255,0.936362,-0.002169,0.337858,11.300233,84.342392,22.245899,0.068154,0.877036,-0.231518,0.415405,17.712156,48.75843,24.725857,-0.032083,0.875634,0.038544,0.480365,2.876982,6.734717,41.348591,0.018867,0.974672,0.064859,0.213193,-9.256535,1.854225,-13.085111,-0.032083,0.875634,0.038544,0.480365,15.246707,2.051863,33.590199
722,6.016667,-0.036023,0.955707,0.024628,0.291066,3.573557,83.844612,17.12772,-0.04686,0.974873,0.07599,0.20409,2.933685,91.506813,17.328505,-0.020571,0.978722,0.110786,0.171483,0.372162,112.103188,20.029207,0.090331,0.99217,-0.022153,0.083357,-1.267755,132.525223,24.425442,0.147451,0.97527,-0.163505,-0.019327,1.694771,146.701782,22.157227,-0.030077,0.929103,0.098811,0.355104,-4.718373,126.823715,22.514538,0.444611,-0.551393,0.096761,-0.699231,-17.763638,127.07354,10.871618,0.235385,0.094102,-0.504538,-0.825336,-8.496647,111.538719,-6.138983,0.296112,0.189703,-0.586859,-0.729334,4.058642,134.812622,-8.320279,-0.026116,0.972682,0.160176,0.165983,2.282402,126.840614,25.047499,0.352409,0.879852,0.132485,-0.290028,18.782101,126.799202,30.840343,0.023797,0.180405,0.457269,-0.870513,33.267986,113.308952,15.848994,0.029033,-0.054553,0.671884,-0.738074,20.618582,132.587677,7.626948,0.06346,0.91951,0.246875,0.299212,-4.192653,83.333244,11.892599,0.120378,0.984723,-0.079664,0.09738,-3.068038,51.800858,-5.93787,0.018552,0.9747,0.064967,0.213064,-15.082574,6.218505,0.409585,-0.094759,0.936563,-0.001417,0.337443,11.339767,84.355988,22.362841,0.068695,0.87718,-0.231139,0.415223,17.737923,48.765007,24.776775,-0.03234,0.875693,0.038453,0.480247,2.875672,6.731632,41.35083,0.018552,0.9747,0.064967,0.213064,-9.256535,1.847901,-13.084377,-0.03234,0.875693,0.038453,0.480247,15.245271,2.050091,33.591438
723,6.025,-0.035931,0.956046,0.024928,0.289937,3.608995,83.855286,17.253294,-0.046527,0.975115,0.076358,0.202869,2.969385,91.517365,17.459648,-0.020467,0.978941,0.110731,0.170279,0.421728,112.113022,20.181391,0.090951,0.992183,-0.022458,0.082443,-1.208115,132.535751,24.578167,0.147556,0.975172,-0.163902,-0.020071,1.768938,146.707611,22.299709,-0.029441,0.929622,0.098657,0.353841,-4.66321,126.833794,22.676701,0.444115,-0.552058,0.096792,-0.699017,-17.741119,127.097511,11.070771,0.234994,0.093082,-0.50444,-0.825623,-8.510838,111.561569,-5.958761,0.295998,0.189106,-0.586928,-0.729479,4.060107,134.824707,-8.171683,-0.025746,0.972796,0.160474,0.165085,2.343757,126.851364,25.192482,0.352957,0.8793,0.133367,-0.290631,18.854525,126.800766,30.95363,0.024671,0.17931,0.457366,-0.870664,33.303825,113.312973,15.924809,0.029057,-0.055506,0.671781,-0.738095,20.642992,132.587402,7.730741,0.063616,0.919898,0.246573,0.298233,-4.169652,83.346451,12.036422,0.120403,0.984833,-0.07803,0.097566,-3.081226,51.804703,-5.779722,0.018442,0.974691,0.065475,0.212956,-15.08553,6.198385,0.413096,-0.094224,0.936886,-0.000924,0.336697,11.387642,84.364128,22.470165,0.069297,0.877407,-0.230761,0.414854,17.763796,48.765736,24.832472,-0.032736,0.875814,0.038296,0.480013,2.872828,6.723639,41.358566,0.018442,0.974691,0.065475,0.212956,-9.259887,1.84318,-13.086015,-0.032736,0.875814,0.038296,0.480013,15.241255,2.043651,33.596367
724,6.033333,-0.035814,0.956389,0.025212,0.288795,3.644305,83.870682,17.374971,-0.046322,0.975309,0.07659,0.201894,3.005397,91.532669,17.58679,-0.020086,0.979089,0.110917,0.169349,0.466952,112.127174,20.32218,0.091071,0.992264,-0.022765,0.081247,-1.144397,132.548828,24.730768,0.148197,0.975012,-0.164115,-0.021352,1.831711,146.718872,22.439833,-0.029266,0.929954,0.099016,0.35288,-4.605971,126.849342,22.833679,0.444413,-0.552754,0.096261,-0.69835,-17.707977,127.119507,11.255107,0.234874,0.092501,-0.504471,-0.825704,-8.510816,111.581635,-5.790573,0.29586,0.18833,-0.5871,-0.729598,4.063786,134.839706,-8.025651,-0.025275,0.973007,0.160321,0.164063,2.405928,126.862465,25.335711,0.353192,0.878977,0.132768,-0.291595,18.92931,126.802658,31.060499,0.025095,0.178461,0.457597,-0.870705,33.342487,113.307938,16.003229,0.030039,-0.056447,0.671749,-0.738014,20.676273,132.591751,7.834653,0.063928,0.920078,0.246265,0.297864,-4.146898,83.364708,12.176588,0.120375,0.984897,-0.076512,0.098147,-3.093396,51.814865,-5.627315,0.018401,0.974676,0.065799,0.212927,-15.085961,6.1856,0.417399,-0.093652,0.9372,-0.000399,0.335985,11.435507,84.376648,22.573355,0.069854,0.877669,-0.230408,0.414403,17.787748,48.770409,24.881176,-0.031875,0.87579,0.038966,0.48006,2.872431,6.720209,41.364628,0.018401,0.974676,0.065799,0.212927,-9.259798,1.840016,-13.084591,-0.031875,0.87579,0.038966,0.48006,15.236771,2.045076,33.593006
725,6.041667,-0.035776,0.956699,0.025276,0.287763,3.678039,83.881248,17.504959,-0.046174,0.975516,0.076663,0.200897,3.039638,91.543221,17.718578,-0.019692,0.979255,0.111046,0.168349,0.509028,112.140778,20.46121,0.091448,0.992293,-0.023167,0.080346,-1.082559,132.56189,24.879467,0.148316,0.974912,-0.164496,-0.022123,1.901349,146.728104,22.574926,-0.028915,0.930301,0.099252,0.351927,-4.551045,126.864754,22.987926,0.443847,-0.553396,0.096514,-0.698167,-17.677275,127.145592,11.437073,0.23427,0.09151,-0.504497,-0.82597,-8.517783,111.601196,-5.622945,0.295627,0.187589,-0.587311,-0.729713,4.066006,134.853867,-7.884481,-0.024865,0.973161,0.160473,0.163055,2.466119,126.873528,25.475174,0.353449,0.878625,0.13151,-0.292913,19.001753,126.804688,31.164381,0.025133,0.177826,0.457795,-0.87073,33.367661,113.295364,16.075068,0.030482,-0.05697,0.672077,-0.737657,20.697304,132.591583,7.930989,0.06435,0.920196,0.246111,0.297537,-4.124376,83.37561,12.323387,0.120403,0.985074,-0.074879,0.097602,-3.108669,51.824177,-5.479909,0.018307,0.97465,0.066205,0.21293,-15.08677,6.172034,0.41904,-0.09307,0.937657,0.000182,0.334869,11.480453,84.386887,22.686531,0.070418,0.877987,-0.230045,0.413835,17.810396,48.772766,24.933233,-0.03245,0.875912,0.038948,0.479801,2.872525,6.714219,41.374928,0.018307,0.97465,0.066205,0.21293,-9.258469,1.838702,-13.085964,-0.03245,0.875912,0.038948,0.479801,15.237461,2.046751,33.59964
726,6.05,-0.035735,0.956971,0.025681,0.286827,3.715569,83.892883,17.61652,-0.045946,0.975726,0.077066,0.19977,3.076202,91.554588,17.836893,-0.019422,0.979452,0.111132,0.167172,0.554209,112.154945,20.601364,0.09178,0.992352,-0.02324,0.07921,-1.021591,132.575699,25.026958,0.148607,0.97476,-0.164983,-0.023233,1.967183,146.740051,22.717344,-0.028893,0.930731,0.099281,0.350782,-4.496072,126.879738,23.142895,0.443749,-0.554115,0.095917,-0.697741,-17.650465,127.157249,11.624048,0.233942,0.090783,-0.504407,-0.826198,-8.52485,111.622429,-5.462813,0.295366,0.186907,-0.587305,-0.729999,4.070722,134.866531,-7.745171,-0.024157,0.973329,0.160485,0.162145,2.527124,126.886368,25.613058,0.353782,0.878116,0.132473,-0.293601,19.074306,126.798615,31.268307,0.026176,0.176616,0.457849,-0.870917,33.408466,113.302216,16.137306,0.031429,-0.057299,0.672373,-0.737322,20.721727,132.594116,8.021193,0.064589,0.920379,0.245934,0.297064,-4.096991,83.389534,12.450035,0.120544,0.985127,-0.073542,0.09791,-3.110388,51.834011,-5.347644,0.01858,0.974573,0.066547,0.21315,-15.092018,6.16622,0.421549,-0.092447,0.937898,0.000662,0.334366,11.528129,84.396233,22.783003,0.070938,0.878261,-0.229726,0.413343,17.828983,48.773762,24.978533,-0.032025,0.875944,0.039281,0.479744,2.869242,6.708222,41.382401,0.01858,0.974573,0.066547,0.21315,-9.259601,1.841053,-13.084294,-0.032025,0.875944,0.039281,0.479744,15.230769,2.04317,33.600246
727,6.058333,-0.035619,0.957271,0.025774,0.285832,3.74942,83.90638,17.729429,-0.045933,0.975917,0.077296,0.198748,3.111575,91.568146,17.952347,-0.018754,0.979622,0.111372,0.166087,0.590919,112.168716,20.729122,0.0918,0.992436,-0.023543,0.078029,-0.954206,132.588303,25.170877,0.148948,0.974616,-0.16537,-0.024298,2.030786,146.751404,22.848719,-0.028288,0.931112,0.099505,0.349756,-4.43875,126.896957,23.291468,0.443487,-0.554717,0.096131,-0.6974,-17.619493,127.192947,11.803248,0.233596,0.089737,-0.504367,-0.826435,-8.529061,111.646309,-5.291611,0.295033,0.186191,-0.587469,-0.730184,4.077813,134.878723,-7.608814,-0.023796,0.973512,0.160437,0.161144,2.590209,126.895081,25.745192,0.354302,0.877635,0.132196,-0.294536,19.149323,126.801094,31.365311,0.026856,0.17579,0.458092,-0.870936,33.437901,113.292587,16.202034,0.03209,-0.057859,0.672402,-0.737223,20.749397,132.588043,8.106433,0.064686,0.920503,0.24605,0.296564,-4.073983,83.40493,12.579195,0.120519,0.985166,-0.07182,0.098823,-3.100796,51.854443,-5.228146,0.018726,0.974614,0.066573,0.212946,-15.070746,6.162277,0.369737,-0.091864,0.938338,0.001182,0.333289,11.572824,84.407837,22.879662,0.071491,0.878617,-0.229437,0.41265,17.849449,48.777641,25.018507,-0.032228,0.876052,0.039239,0.479535,2.86749,6.707004,41.388981,0.018726,0.974614,0.066573,0.212946,-9.245257,1.837236,-13.139134,-0.032228,0.876052,0.039239,0.479535,15.227023,2.043725,33.602604
728,6.066667,-0.035377,0.957594,0.026035,0.284754,3.774943,83.918159,17.835039,-0.045537,0.976124,0.077262,0.197834,3.139783,91.579971,18.063583,-0.018533,0.979716,0.111884,0.165212,0.636552,112.195374,20.846443,0.091938,0.992489,-0.023782,0.077119,-0.899056,132.610504,25.311893,0.149286,0.97445,-0.165917,-0.025148,2.086508,146.771912,22.980204,-0.028184,0.931636,0.099075,0.348489,-4.38741,126.921333,23.432985,0.443251,-0.555383,0.095771,-0.69707,-17.5993,127.210556,11.98043,0.233192,0.088978,-0.504201,-0.826732,-8.542131,111.6698,-5.137425,0.29461,0.185517,-0.587538,-0.73047,4.08083,134.891647,-7.473641,-0.023123,0.973632,0.160636,0.160322,2.645988,126.916458,25.873951,0.35476,0.877199,0.132204,-0.29528,19.215448,126.803116,31.463129,0.027688,0.175017,0.458321,-0.870944,33.466114,113.287354,16.270666,0.032897,-0.058339,0.672674,-0.736902,20.774822,132.586426,8.189056,0.064871,0.920584,0.245641,0.296609,-4.060316,83.421722,12.702373,0.120542,0.98523,-0.070372,0.099194,-3.107877,51.858437,-5.083379,0.018694,0.974607,0.066956,0.212858,-15.069623,6.147203,0.374663,-0.091359,0.938651,0.001723,0.332543,11.610201,84.414597,22.967705,0.071886,0.878775,-0.229177,0.412389,17.867519,48.777805,25.052586,-0.032075,0.87608,0.03936,0.479485,2.867393,6.701171,41.390984,0.018694,0.974607,0.066956,0.212858,-9.245129,1.833513,-13.138263,-0.032075,0.87608,0.03936,0.479485,15.225187,2.03879,33.601311
729,6.075,-0.035222,0.957852,0.026117,0.283897,3.803293,83.926903,17.943817,-0.045227,0.976294,0.07756,0.19695,3.170249,91.588821,18.174826,-0.018327,0.979855,0.111984,0.164343,0.679695,112.204208,20.974804,0.092275,0.992527,-0.023928,0.076177,-0.844141,132.618729,25.447086,0.149568,0.974317,-0.166288,-0.026176,2.147327,146.777817,23.108864,-0.028147,0.93192,0.099604,0.347581,-4.336911,126.930573,23.57332,0.443386,-0.555989,0.095317,-0.696563,-17.570988,127.223984,12.146516,0.232962,0.088392,-0.504227,-0.826844,-8.542962,111.684273,-4.987682,0.294374,0.184854,-0.587434,-0.730818,4.085577,134.904556,-7.343534,-0.022954,0.973727,0.161004,0.159392,2.700867,126.92392,26.001627,0.355203,0.876735,0.131747,-0.296326,19.280998,126.808075,31.559013,0.028482,0.174141,0.458462,-0.87102,33.485268,113.281288,16.332952,0.033617,-0.05886,0.673351,-0.73621,20.785828,132.581787,8.270341,0.065135,0.920736,0.245097,0.296531,-4.041312,83.43309,12.825194,0.120751,0.985359,-0.069279,0.098424,-3.120291,51.852917,-4.932225,0.01857,0.974582,0.067344,0.212863,-15.087695,6.131956,0.431116,-0.090826,0.938978,0.002365,0.331759,11.647899,84.420715,23.062441,0.072347,0.879018,-0.228932,0.411927,17.88649,48.777088,25.085571,-0.032004,0.876149,0.039392,0.479362,2.865844,6.696111,41.393913,0.01857,0.974582,0.067344,0.212863,-9.260748,1.830178,-13.084555,-0.032004,0.876149,0.039392,0.479362,15.220961,2.033514,33.600121
730,6.083333,-0.035152,0.958123,0.026449,0.282958,3.836056,83.933899,18.042084,-0.045007,0.976486,0.077835,0.195939,3.20283,91.595619,18.278904,-0.01815,0.980008,0.112173,0.163315,0.721503,112.213684,21.09494,0.092681,0.992559,-0.024081,0.075212,-0.791682,132.626694,25.577705,0.149673,0.974207,-0.166684,-0.027128,2.2076,146.783035,23.232805,-0.027544,0.932234,0.099801,0.34673,-4.288736,126.939407,23.709291,0.442883,-0.556476,0.095613,-0.696453,-17.544655,127.251602,12.308328,0.232449,0.087591,-0.50422,-0.827078,-8.546344,111.705338,-4.835545,0.294118,0.184342,-0.58731,-0.731149,4.089159,134.917725,-7.211455,-0.022394,0.97393,0.160892,0.158341,2.754153,126.931488,26.12273,0.355465,0.876366,0.131615,-0.29716,19.346851,126.803276,31.642216,0.029101,0.173161,0.458601,-0.871122,33.517323,113.275124,16.385908,0.03452,-0.059679,0.673473,-0.73599,20.807413,132.579941,8.350135,0.065283,0.920854,0.245208,0.296038,-4.018633,83.442459,12.938719,0.120721,0.98543,-0.067653,0.098879,-3.114397,51.86763,-4.82906,0.018984,0.974569,0.067568,0.212811,-15.067566,6.124815,0.377428,-0.090317,0.939242,0.002855,0.331147,11.690744,84.425331,23.145451,0.072946,0.879439,-0.22871,0.411045,17.908091,48.775204,25.118935,-0.031915,0.876219,0.039493,0.479231,2.862312,6.692833,41.400505,0.018984,0.974569,0.067568,0.212811,-9.245598,1.827278,-13.141736,-0.031915,0.876219,0.039493,0.479231,15.214762,2.031487,33.601742
731,6.091667,-0.035033,0.958404,0.02694,0.281973,3.869039,83.947647,18.130077,-0.044807,0.976656,0.078334,0.194932,3.235693,91.6091,18.375294,-0.01781,0.980168,0.112298,0.162306,0.761499,112.224182,21.215801,0.092797,0.992614,-0.024243,0.074291,-0.733932,132.636536,25.707537,0.149731,0.974122,-0.167002,-0.027897,2.265043,146.791702,23.355202,-0.02763,0.932565,0.099996,0.345775,-4.237231,126.951195,23.844898,0.443124,-0.557117,0.094755,-0.695905,-17.5161,127.259293,12.470557,0.232088,0.08721,-0.504205,-0.827228,-8.545123,111.724533,-4.698058,0.293497,0.183737,-0.587258,-0.731594,4.094383,134.933304,-7.080105,-0.021941,0.974025,0.161101,0.157609,2.810735,126.939735,26.243458,0.355911,0.875854,0.131186,-0.298324,19.412222,126.799141,31.736151,0.029485,0.172306,0.45901,-0.871063,33.532513,113.261887,16.441431,0.035238,-0.060384,0.673596,-0.735786,20.826422,132.581024,8.433279,0.06538,0.921078,0.244766,0.295688,-3.996243,83.460281,13.042659,0.120839,0.985468,-0.066344,0.099244,-3.11528,51.870667,-4.699997,0.019065,0.974525,0.067874,0.212911,-15.069896,6.113872,0.37869,-0.089825,0.939522,0.003192,0.330483,11.734321,84.435013,23.217497,0.07333,0.879553,-0.228545,0.410824,17.927916,48.77861,25.151873,-0.031655,0.876314,0.039551,0.47907,2.860482,6.6944,41.408627,0.019065,0.974525,0.067874,0.212911,-9.245208,1.824634,-13.141937,-0.031655,0.876314,0.039551,0.47907,15.208,2.030808,33.60339
732,6.1,-0.034938,0.958689,0.027006,0.281008,3.90007,83.955795,18.227154,-0.044573,0.976818,0.078628,0.194054,3.268086,91.617294,18.474394,-0.017765,0.980284,0.112474,0.161483,0.803542,112.232231,21.331146,0.09323,0.992646,-0.024138,0.07334,-0.687445,132.64299,25.831577,0.149936,0.974013,-0.167247,-0.029076,2.319708,146.796555,23.480066,-0.026831,0.932982,0.099837,0.344758,-4.192996,126.957687,23.973047,0.442459,-0.557641,0.095086,-0.695863,-17.497957,127.285995,12.629804,0.231423,0.086286,-0.50394,-0.827673,-8.559084,111.746895,-4.551622,0.292612,0.183302,-0.587315,-0.732011,4.10483,134.944641,-6.951459,-0.021721,0.974165,0.161326,0.156542,2.858959,126.946556,26.359859,0.356162,0.87554,0.13102,-0.299018,19.472511,126.803352,31.815889,0.029951,0.171324,0.459053,-0.871219,33.563358,113.262772,16.496969,0.035828,-0.061237,0.673655,-0.735633,20.843019,132.584198,8.519087,0.065605,0.921251,0.244489,0.295326,-3.975532,83.46981,13.155595,0.120882,0.985469,-0.065134,0.099981,-3.122786,51.872505,-4.574739,0.018914,0.974487,0.068234,0.21298,-15.074633,6.101579,0.381652,-0.089391,0.939765,0.003663,0.329905,11.775673,84.44178,23.298714,0.073834,0.879776,-0.22833,0.410376,17.952387,48.779972,25.186771,-0.031738,0.876332,0.039639,0.479024,2.859373,6.693482,41.413872,0.018914,0.974487,0.068234,0.21298,-9.24557,1.823533,-13.140636,-0.031738,0.876332,0.039639,0.479024,15.207213,2.03331,33.607105
733,6.108333,-0.03457,0.95891,0.027233,0.280276,3.920342,83.966469,18.314262,-0.044389,0.976974,0.078996,0.193159,3.292995,91.628174,18.566925,-0.017397,0.980425,0.11269,0.160518,0.83588,112.239601,21.442152,0.093379,0.992705,-0.024253,0.072317,-0.636984,132.648865,25.955317,0.150102,0.973923,-0.167449,-0.03007,2.370294,146.801346,23.597456,-0.026561,0.933236,0.100327,0.343947,-4.148801,126.966003,24.101196,0.443197,-0.558236,0.094093,-0.695051,-17.473804,127.305946,12.781856,0.231659,0.086171,-0.503849,-0.827675,-8.558621,111.771416,-4.415999,0.292398,0.182942,-0.587405,-0.732114,4.107093,134.957397,-6.825252,-0.021136,0.974307,0.161227,0.155839,2.907974,126.950623,26.47369,0.35637,0.875089,0.131289,-0.299973,19.530077,126.792107,31.903177,0.030329,0.170354,0.459194,-0.871321,33.585133,113.260696,16.543344,0.036154,-0.06218,0.673561,-0.735624,20.856466,132.586365,8.598219,0.065646,0.921505,0.244056,0.294884,-3.963442,83.487793,13.254736,0.120928,0.98559,-0.063756,0.099622,-3.131704,51.875557,-4.449958,0.019042,0.974462,0.068611,0.212964,-15.073967,6.088787,0.381677,-0.089236,0.939936,0.004332,0.329452,11.804125,84.445152,23.373787,0.074161,0.879628,-0.228239,0.410683,17.987282,48.781727,25.209606,-0.03181,0.87634,0.039494,0.479016,2.864768,6.695905,41.410946,0.019042,0.974462,0.068611,0.212964,-9.245629,1.820951,-13.144148,-0.03181,0.87634,0.039494,0.479016,15.2125,2.033036,33.605633
734,6.116667,-0.034375,0.959172,0.027575,0.279369,3.947803,83.973099,18.397867,-0.04423,0.977117,0.079318,0.192342,3.322098,91.63472,18.657011,-0.017059,0.980536,0.112913,0.159717,0.871569,112.242767,21.548445,0.093545,0.992741,-0.024521,0.071505,-0.585204,132.650421,26.074133,0.150007,0.973907,-0.16749,-0.030819,2.423821,146.800858,23.706257,-0.026466,0.933502,0.100589,0.343154,-4.102505,126.96991,24.223154,0.442742,-0.558742,0.093998,-0.694947,-17.446735,127.313065,12.926584,0.231316,0.08595,-0.504042,-0.827676,-8.558727,111.783768,-4.290058,0.293061,0.182765,-0.587125,-0.732118,4.101441,134.979004,-6.702737,-0.020951,0.974436,0.161458,0.154811,2.958261,126.950455,26.58371,0.356821,0.874637,0.131152,-0.300813,19.591805,126.790283,31.977991,0.03076,0.16917,0.459421,-0.871417,33.605827,113.250717,16.587872,0.036575,-0.063439,0.673624,-0.735438,20.866224,132.588593,8.681519,0.065786,0.921789,0.243781,0.294192,-3.945755,83.499077,13.353165,0.12089,0.985631,-0.062639,0.099971,-3.142831,51.878452,-4.337865,0.019059,0.974438,0.068912,0.212976,-15.073499,6.077379,0.38563,-0.088908,0.940111,0.004678,0.329035,11.84136,84.447113,23.442572,0.074681,0.879867,-0.227979,0.410223,18.011389,48.779678,25.244272,-0.031668,0.876345,0.039645,0.479003,2.863789,6.689951,41.411995,0.019059,0.974438,0.068912,0.212976,-9.244166,1.818179,-13.142488,-0.031668,0.876345,0.039645,0.479003,15.210655,2.028911,33.604218
735,6.125,-0.034201,0.959385,0.027923,0.278625,3.976197,83.979301,18.468256,-0.043949,0.977259,0.079865,0.191455,3.351767,91.640808,18.733765,-0.016954,0.980654,0.113189,0.158805,0.9108,112.248184,21.652245,0.093809,0.992771,-0.024658,0.070694,-0.539248,132.653351,26.191193,0.149922,0.973862,-0.167692,-0.03155,2.474096,146.801865,23.817268,-0.026014,0.933802,0.10068,0.342345,-4.059515,126.973518,24.343819,0.442176,-0.559151,0.09419,-0.694952,-17.423965,127.329399,13.071564,0.230629,0.085218,-0.504065,-0.827929,-8.560463,111.800179,-4.157776,0.292435,0.182433,-0.587124,-0.732451,4.105177,134.991302,-6.58341,-0.020596,0.974482,0.161849,0.154163,3.005633,126.953438,26.691231,0.357231,0.874143,0.13123,-0.301727,19.646696,126.782738,32.061966,0.031104,0.168232,0.459751,-0.871413,33.618801,113.241241,16.635477,0.036883,-0.064533,0.67344,-0.735495,20.879189,132.590683,8.761331,0.066096,0.922035,0.243301,0.293748,-3.925379,83.509705,13.435702,0.120832,0.985693,-0.061532,0.10011,-3.16237,51.87508,-4.232058,0.019043,0.974392,0.06937,0.213039,-15.078568,6.059581,0.386908,-0.088717,0.940319,0.004961,0.32849,11.877774,84.448898,23.500811,0.07517,0.879961,-0.227757,0.410054,18.042664,48.779194,25.275057,-0.031684,0.876336,0.039608,0.479022,2.865869,6.686765,41.408337,0.019043,0.974392,0.06937,0.213039,-9.24614,1.813669,-13.144055,-0.031684,0.876336,0.039608,0.479022,15.21306,2.025039,33.601467
736,6.133333,-0.034013,0.959608,0.028073,0.277864,4.002272,83.988976,18.544476,-0.043939,0.977374,0.080245,0.190711,3.380187,91.650551,18.813494,-0.016425,0.980762,0.113418,0.158026,0.938547,112.258194,21.749777,0.093753,0.99285,-0.024464,0.069719,-0.48767,132.661942,26.302708,0.150157,0.973762,-0.167866,-0.032585,2.519662,146.812103,23.931015,-0.025732,0.934201,0.100612,0.341297,-4.015551,126.985931,24.458073,0.442701,-0.559741,0.093338,-0.694258,-17.405575,127.346161,13.216344,0.230568,0.084912,-0.503896,-0.828081,-8.566895,111.822037,-4.030326,0.2917,0.181948,-0.587143,-0.73285,4.108634,135.002182,-6.464635,-0.020274,0.974588,0.161909,0.153471,3.053535,126.958916,26.793531,0.357623,0.873695,0.131151,-0.302593,19.702507,126.78093,32.139473,0.03128,0.167496,0.460109,-0.871359,33.634724,113.234833,16.680979,0.037111,-0.065513,0.672931,-0.735863,20.900177,132.596466,8.834781,0.066353,0.922335,0.242985,0.293007,-3.907494,83.523003,13.524466,0.120718,0.985791,-0.060414,0.099964,-3.182877,51.879738,-4.129434,0.018875,0.974414,0.069625,0.212869,-15.078014,6.048658,0.388112,-0.088507,0.940519,0.005184,0.32797,11.912038,84.454948,23.564486,0.07565,0.88006,-0.227515,0.409889,18.069014,48.782715,25.315145,-0.031953,0.876386,0.039484,0.478923,2.864316,6.686714,41.412788,0.018875,0.974414,0.069625,0.212869,-9.247795,1.811215,-13.146459,-0.031953,0.876386,0.039484,0.478923,15.211659,2.025602,33.605801
737,6.141667,-0.033754,0.959834,0.028267,0.277094,4.028197,84.000946,18.612507,-0.043943,0.977471,0.080692,0.190022,3.409331,91.662621,18.88599,-0.016032,0.98085,0.113679,0.157329,0.965774,112.270264,21.842621,0.093786,0.992886,-0.02469,0.069073,-0.442746,132.672043,26.409784,0.150148,0.973732,-0.167953,-0.033054,2.563148,146.821075,24.029551,-0.025533,0.934384,0.101192,0.340638,-3.976406,126.999031,24.567049,0.44233,-0.56014,0.093514,-0.694148,-17.382498,127.370193,13.344845,0.230306,0.084569,-0.504012,-0.828118,-8.567656,111.842026,-3.910389,0.292073,0.181756,-0.587092,-0.73279,4.104361,135.022232,-6.353924,-0.019617,0.974728,0.16169,0.152894,3.09614,126.966858,26.891937,0.357812,0.873305,0.131275,-0.30344,19.752207,126.770988,32.215088,0.031432,0.166535,0.460266,-0.871455,33.65221,113.230988,16.722282,0.037286,-0.066502,0.672969,-0.735731,20.909418,132.601105,8.912888,0.066831,0.922483,0.24269,0.292677,-3.889904,83.5401,13.605181,0.120554,0.985861,-0.05945,0.100055,-3.210023,51.891033,-4.040101,0.018879,0.974377,0.069715,0.213009,-15.081901,6.045184,0.387902,-0.08842,0.940647,0.005393,0.327623,11.946299,84.461792,23.619833,0.076174,0.880145,-0.227289,0.409734,18.102983,48.788597,25.351891,-0.031413,0.876357,0.039742,0.478992,2.865948,6.690395,41.413158,0.018879,0.974377,0.069715,0.213009,-9.247693,1.810199,-13.145721,-0.031413,0.876357,0.039742,0.478992,15.210724,2.02824,33.60273
738,6.15,-0.03368,0.96003,0.028751,0.276373,4.060949,84.012146,18.676683,-0.043849,0.97758,0.081153,0.189283,3.44132,91.673477,18.958096,-0.015686,0.980951,0.11391,0.156568,0.999982,112.280441,21.936365,0.093916,0.992922,-0.024705,0.068375,-0.392274,132.680481,26.516279,0.149954,0.973712,-0.168122,-0.033667,2.614382,146.828934,24.13357,-0.025062,0.93472,0.100988,0.339812,-3.931375,127.009949,24.676329,0.442342,-0.560808,0.093076,-0.693661,-17.357967,127.390862,13.478989,0.229821,0.084071,-0.503784,-0.828442,-8.576216,111.865067,-3.795244,0.291083,0.181154,-0.587206,-0.733242,4.112589,135.035858,-6.243462,-0.019402,0.974779,0.16211,0.152153,3.144896,126.973511,26.989794,0.358232,0.872809,0.131362,-0.304334,19.80917,126.772293,32.286999,0.031951,0.165313,0.460524,-0.871532,33.667286,113.230072,16.758663,0.037942,-0.067513,0.673195,-0.735398,20.916229,132.610794,8.988585,0.066878,0.923099,0.242076,0.29123,-3.864743,83.554634,13.681072,0.120574,0.985985,-0.05816,0.099566,-3.229464,51.884449,-3.927957,0.018852,0.974317,0.070357,0.213073,-15.08967,6.024629,0.385162,-0.088547,0.940885,0.005677,0.326899,11.98664,84.469658,23.672295,0.07639,0.880406,-0.226878,0.409361,18.160009,48.798332,25.383223,-0.031074,0.876556,0.039988,0.478629,2.927068,6.685486,41.409958,0.018852,0.974317,0.070357,0.213073,-9.251719,1.80836,-13.152689,-0.031074,0.876556,0.039988,0.478629,15.263449,2.0247,33.585461
739,6.158333,-0.033551,0.960211,0.029126,0.275718,4.085484,84.023438,18.737677,-0.043692,0.977675,0.081602,0.188638,3.466368,91.68457,19.025591,-0.015342,0.981022,0.114251,0.155907,1.029634,112.291527,22.025377,0.094374,0.992925,-0.024645,0.067717,-0.347599,132.688766,26.622318,0.14968,0.973694,-0.16832,-0.034423,2.669219,146.835144,24.240097,-0.024777,0.934999,0.101097,0.33903,-3.891668,127.021072,24.783157,0.442207,-0.561268,0.092916,-0.693396,-17.337315,127.409599,13.608975,0.229645,0.08372,-0.503897,-0.828458,-8.579765,111.884186,-3.677864,0.291147,0.181298,-0.586839,-0.733475,4.106609,135.056229,-6.138213,-0.019145,0.974814,0.162605,0.151427,3.187831,126.97995,27.086639,0.358581,0.87236,0.131261,-0.305251,19.860153,126.7715,32.358162,0.032272,0.164252,0.460759,-0.871597,33.678089,113.226608,16.7964,0.038498,-0.068259,0.673385,-0.735127,20.919815,132.618896,9.063049,0.067235,0.923414,0.241704,0.290458,-3.847148,83.569725,13.752754,0.120371,0.986123,-0.057136,0.099034,-3.258668,51.889969,-3.840652,0.018358,0.974355,0.070535,0.212885,-15.088836,6.014273,0.385173,-0.088455,0.941048,0.005828,0.326452,12.018117,84.477158,23.722599,0.076917,0.880582,-0.226701,0.408981,18.189594,48.804768,25.418118,-0.031232,0.876629,0.039712,0.478508,2.926318,6.691998,41.416149,0.018358,0.974355,0.070535,0.212885,-9.250544,1.806088,-13.155043,-0.031232,0.876629,0.039712,0.478508,15.260808,2.026356,33.591576
740,6.166667,-0.033389,0.960408,0.029352,0.275027,4.111607,84.035606,18.798519,-0.043535,0.977764,0.082034,0.188025,3.494142,91.696701,19.09091,-0.015167,0.981078,0.114597,0.155317,1.06272,112.298546,22.110676,0.094077,0.993005,-0.024804,0.066899,-0.306793,132.692688,26.723627,0.150085,0.973635,-0.168137,-0.035194,2.698343,146.840225,24.333559,-0.024474,0.93517,0.101861,0.338353,-3.853693,127.026657,24.884836,0.441861,-0.561616,0.093104,-0.693309,-17.31591,127.431557,13.731199,0.22896,0.082964,-0.503943,-0.828695,-8.579504,111.902069,-3.56268,0.290291,0.180664,-0.587039,-0.73381,4.110801,135.069778,-6.03744,-0.018706,0.974895,0.162633,0.150931,3.228623,126.9832,27.1796,0.358806,0.871933,0.131319,-0.30618,19.906769,126.76252,32.432178,0.032647,0.163312,0.460995,-0.871635,33.688473,113.222412,16.834145,0.039153,-0.068893,0.673848,-0.734609,20.924768,132.625656,9.13112,0.067664,0.923656,0.241387,0.289851,-3.828371,83.58548,13.824972,0.120148,0.986176,-0.05628,0.099271,-3.287066,51.898838,-3.757545,0.018361,0.974364,0.070663,0.212802,-15.090137,6.008804,0.387685,-0.088102,0.94113,0.006032,0.326308,12.051584,84.485725,23.772064,0.077178,0.880629,-0.226504,0.408941,18.204306,48.809002,25.444407,-0.031432,0.876646,0.039584,0.478474,2.927345,6.691557,41.417072,0.018361,0.974364,0.070663,0.212802,-9.253766,1.804383,-13.154531,-0.031432,0.876646,0.039584,0.478474,15.2625,2.025462,33.593807
741,6.175,-0.033186,0.960592,0.029573,0.274386,4.134702,84.045815,18.856325,-0.043288,0.977873,0.082397,0.187356,3.519499,91.706917,19.153248,-0.014991,0.981153,0.114887,0.154643,1.097814,112.303986,22.190971,0.094154,0.993053,-0.024621,0.066145,-0.263137,132.695557,26.817787,0.150078,0.973604,-0.168152,-0.036006,2.740725,146.843857,24.430641,-0.024248,0.935498,0.102007,0.337416,-3.813188,127.030968,24.980623,0.441852,-0.562087,0.092538,-0.693009,-17.297915,127.441391,13.854424,0.228672,0.082564,-0.503866,-0.828861,-8.582558,111.922684,-3.459743,0.28997,0.180042,-0.587289,-0.73389,4.11523,135.085052,-5.94271,-0.018427,0.974917,0.163032,0.150393,3.272314,126.985428,27.265484,0.35914,0.871502,0.131322,-0.307014,19.95649,126.756203,32.498497,0.032864,0.162535,0.461254,-0.871635,33.700878,113.214813,16.868692,0.039416,-0.069684,0.67348,-0.734858,20.937628,132.626953,9.194168,0.068133,0.923857,0.241227,0.289233,-3.812125,83.600021,13.893347,0.119893,0.986235,-0.05554,0.099408,-3.317383,51.912403,-3.688797,0.018288,0.974389,0.070583,0.21272,-15.09091,6.008673,0.388194,-0.087435,0.941312,0.006086,0.32596,12.08153,84.491608,23.819305,0.077774,0.880648,-0.226504,0.408786,18.190973,48.806435,25.469893,-0.031378,0.876435,0.039633,0.47886,2.867228,6.697789,41.420906,0.018288,0.974389,0.070583,0.21272,-9.256239,1.802439,-13.154183,-0.031378,0.876435,0.039633,0.47886,15.208899,2.032285,33.607578
742,6.183333,-0.033031,0.960763,0.029878,0.273771,4.161677,84.053131,18.908554,-0.043105,0.977969,0.082866,0.186689,3.547673,91.714111,19.211029,-0.014973,0.98123,0.115128,0.153977,1.132507,112.30394,22.270267,0.094214,0.993096,-0.024371,0.065496,-0.226137,132.693207,26.907888,0.149999,0.973589,-0.168169,-0.03666,2.776306,146.842682,24.525911,-0.023954,0.935697,0.102247,0.336814,-3.777568,127.028748,25.072989,0.442384,-0.562659,0.091485,-0.692345,-17.277016,127.44931,13.965019,0.228755,0.082588,-0.503812,-0.828869,-8.583993,111.942459,-3.370996,0.289834,0.179778,-0.587388,-0.733929,4.115849,135.102142,-5.854298,-0.018194,0.975004,0.163096,0.149788,3.311004,126.983574,27.348324,0.359321,0.871174,0.130903,-0.30791,20.001835,126.749588,32.559879,0.032758,0.161971,0.46139,-0.871672,33.712379,113.20565,16.902575,0.03936,-0.070114,0.67351,-0.734792,20.945723,132.627014,9.253691,0.068405,0.924228,0.24094,0.28822,-3.791681,83.611252,13.955688,0.119757,0.986323,-0.054703,0.09916,-3.340723,51.916302,-3.614414,0.018413,0.974382,0.070752,0.212685,-15.09334,6.0007,0.3886,-0.087065,0.941516,0.006267,0.325465,12.115034,84.495018,23.86142,0.078048,0.880763,-0.22638,0.408556,18.204632,48.805332,25.487652,-0.031629,0.876465,0.039442,0.478805,2.866849,6.695408,41.421814,0.018413,0.974382,0.070752,0.212685,-9.260406,1.798693,-13.155848,-0.031629,0.876465,0.039442,0.478805,15.208999,2.028589,33.610016
743,6.191667,-0.032752,0.960961,0.030165,0.273079,4.184786,84.063545,18.95702,-0.042762,0.978064,0.083297,0.186076,3.573915,91.724541,19.265343,-0.015002,0.981275,0.115485,0.15342,1.171757,112.309502,22.345924,0.094694,0.993081,-0.024269,0.065068,-0.187684,132.695297,26.998619,0.149651,0.973603,-0.168293,-0.037137,2.826488,146.842682,24.619085,-0.023635,0.935979,0.102573,0.335952,-3.739498,127.031013,25.163898,0.441873,-0.563074,0.091386,-0.692347,-17.259752,127.462517,14.081679,0.228371,0.082036,-0.50394,-0.828952,-8.58902,111.964226,-3.273147,0.290079,0.179587,-0.587255,-0.733986,4.108687,135.123138,-5.77165,-0.018019,0.975,0.163575,0.149312,3.351612,126.986382,27.431324,0.359634,0.870774,0.131416,-0.308457,20.047647,126.746628,32.625927,0.033574,0.161113,0.461473,-0.871756,33.730309,113.207733,16.939898,0.039853,-0.070904,0.673798,-0.734425,20.954809,132.628082,9.308956,0.068652,0.924543,0.240595,0.28744,-3.776011,83.627632,14.015588,0.119578,0.986408,-0.053841,0.099003,-3.363942,51.923077,-3.538129,0.018127,0.974423,0.070805,0.212506,-15.09175,5.994493,0.387945,-0.086784,0.941715,0.006475,0.32496,12.145583,84.499451,23.898453,0.0783,0.880834,-0.226304,0.408396,18.221943,48.806419,25.500628,-0.031556,0.876476,0.03954,0.478781,2.86895,6.69696,41.421356,0.018127,0.974423,0.070805,0.212506,-9.260644,1.795778,-13.158313,-0.031556,0.876476,0.03954,0.478781,15.210443,2.031586,33.607658
744,6.2,-0.032756,0.961133,0.030785,0.2724,4.220311,84.071808,18.997883,-0.042714,0.978108,0.083757,0.185649,3.607012,91.732224,19.315784,-0.014913,0.981285,0.11588,0.153065,1.20394,112.320496,22.417458,0.094983,0.993089,-0.024083,0.064593,-0.152657,132.70256,27.087244,0.149623,0.973571,-0.168356,-0.037796,2.867472,146.849411,24.712049,-0.023411,0.936112,0.102749,0.335543,-3.705657,127.039635,25.250652,0.441242,-0.563353,0.091689,-0.692483,-17.235882,127.478966,14.180928,0.227455,0.081359,-0.504137,-0.829151,-8.583495,111.981163,-3.18348,0.289403,0.179066,-0.58704,-0.734552,4.110904,135.144333,-5.689071,-0.017598,0.975044,0.163888,0.148731,3.387113,126.993416,27.512848,0.359766,0.870477,0.131846,-0.308958,20.089725,126.741013,32.685646,0.03398,0.160306,0.461491,-0.871879,33.752316,113.211586,16.973991,0.040347,-0.071337,0.673755,-0.734396,20.966238,132.631577,9.368069,0.068854,0.92497,0.240322,0.286242,-3.747424,83.638519,14.067419,0.119517,0.986448,-0.053156,0.099049,-3.377559,51.926456,-3.473666,0.018038,0.974419,0.070989,0.212468,-15.093854,5.989507,0.388386,-0.086343,0.941871,0.006554,0.324623,12.188046,84.505096,23.928347,0.078574,0.880945,-0.226281,0.408116,18.236969,48.806606,25.512537,-0.031537,0.876492,0.039601,0.478747,2.867158,6.70023,41.425175,0.018038,0.974419,0.070989,0.212468,-9.26242,1.796655,-13.159542,-0.031537,0.876492,0.039601,0.478747,15.208146,2.036154,33.609909
745,6.208333,-0.03265,0.961306,0.031204,0.271756,4.25026,84.082832,19.041344,-0.04259,0.978198,0.084145,0.185026,3.637,91.742943,19.366297,-0.014817,0.981326,0.116372,0.152435,1.238732,112.322685,22.485332,0.09467,0.993167,-0.024053,0.063863,-0.114062,132.700089,27.176575,0.149849,0.973553,-0.168126,-0.038392,2.894015,146.849136,24.799244,-0.023233,0.936303,0.103256,0.334865,-3.668809,127.038551,25.339075,0.441343,-0.563853,0.090846,-0.692122,-17.215227,127.487038,14.289543,0.227,0.080953,-0.504072,-0.829354,-8.58319,112.006088,-3.100003,0.288435,0.178653,-0.587277,-0.734843,4.117679,135.164185,-5.609512,-0.017402,0.975097,0.164104,0.148165,3.426869,126.990913,27.592104,0.359908,0.870164,0.132023,-0.309599,20.135595,126.734009,32.744904,0.034194,0.159613,0.461579,-0.871952,33.773415,113.210915,17.006275,0.040681,-0.071692,0.673781,-0.734319,20.979465,132.637207,9.423817,0.069032,0.925277,0.240025,0.285456,-3.724185,83.653114,14.121428,0.119512,0.986518,-0.052362,0.098777,-3.387629,51.932495,-3.404848,0.01778,0.974435,0.071066,0.212392,-15.095461,5.987465,0.386102,-0.085957,0.9421,0.006684,0.324059,12.224706,84.512543,23.961262,0.078773,0.881,-0.226238,0.407983,18.251463,48.809349,25.523891,-0.031824,0.876497,0.039455,0.478732,2.869091,6.704092,41.42738,0.01778,0.974435,0.071066,0.212392,-9.263268,1.798375,-13.162661,-0.031824,0.876497,0.039455,0.478732,15.211784,2.040357,33.614605
746,6.216667,-0.032471,0.961472,0.031465,0.27116,4.273713,84.091293,19.083668,-0.042553,0.978264,0.084627,0.184466,3.66221,91.751335,19.413603,-0.014725,0.981391,0.116555,0.151888,1.263872,112.325264,22.553503,0.094871,0.993187,-0.023871,0.063324,-0.083661,132.700989,27.253496,0.149903,0.973551,-0.167963,-0.038937,2.927601,146.850006,24.879999,-0.022868,0.93639,0.103688,0.334513,-3.640465,127.0401,25.417969,0.441212,-0.564323,0.090634,-0.691851,-17.195698,127.504265,14.379896,0.226566,0.080593,-0.504024,-0.829537,-8.588084,112.025192,-3.023422,0.287752,0.178497,-0.587484,-0.734983,4.118614,135.18013,-5.535867,-0.017249,0.975087,0.164586,0.147712,3.457732,126.991676,27.663031,0.360008,0.869931,0.131775,-0.310241,20.171329,126.72963,32.79974,0.034132,0.159176,0.461698,-0.871971,33.785786,113.206757,17.040722,0.040777,-0.072034,0.673765,-0.734295,20.990477,132.639664,9.477975,0.069281,0.925441,0.239731,0.285112,-3.707019,83.66568,14.173597,0.119445,0.986549,-0.051689,0.098908,-3.400077,51.937328,-3.339219,0.017792,0.974441,0.071195,0.212318,-15.096274,5.984121,0.387926,-0.085932,0.942249,0.007095,0.323623,12.254444,84.516907,23.993736,0.078662,0.881184,-0.226062,0.407704,18.289885,48.81382,25.524912,-0.031408,0.876724,0.039714,0.478322,2.928245,6.699353,41.424038,0.017792,0.974441,0.071195,0.212318,-9.265861,1.798759,-13.162754,-0.031408,0.876724,0.039714,0.478322,15.261075,2.03621,33.595352
747,6.225,-0.032417,0.961611,0.031765,0.270636,4.300956,84.093117,19.120731,-0.042743,0.978319,0.084995,0.183961,3.68919,91.752922,19.455658,-0.014411,0.981428,0.117012,0.151323,1.281171,112.330292,22.611322,0.09487,0.993215,-0.023893,0.062867,-0.053615,132.70192,27.332645,0.149856,0.973574,-0.167821,-0.039155,2.955697,146.850998,24.957026,-0.022702,0.936599,0.103915,0.33387,-3.614596,127.04406,25.495941,0.441064,-0.564691,0.090236,-0.691697,-17.185129,127.513802,14.476922,0.22625,0.080265,-0.503997,-0.829672,-8.594592,112.045197,-2.944133,0.287508,0.178129,-0.587595,-0.735079,4.117121,135.198685,-5.461835,-0.017033,0.975092,0.16508,0.147156,3.486286,126.990997,27.732384,0.359906,0.869826,0.131631,-0.310714,20.205883,126.722252,32.849182,0.034149,0.15866,0.461678,-0.872075,33.809399,113.206551,17.074568,0.041123,-0.072565,0.673858,-0.734138,21.004938,132.642059,9.532528,0.06949,0.925687,0.239368,0.284566,-3.685166,83.669609,14.219255,0.119426,0.986582,-0.05101,0.098947,-3.410452,51.930775,-3.27509,0.017682,0.974438,0.07146,0.212255,-15.099065,5.970502,0.388226,-0.085736,0.942562,0.007223,0.322761,12.287079,84.516624,24.022207,0.079045,0.881297,-0.22605,0.407393,18.313616,48.811234,25.53454,-0.03158,0.876694,0.03956,0.478378,2.926198,6.701979,41.422527,0.017682,0.974438,0.07146,0.212255,-9.268567,1.793512,-13.164999,-0.03158,0.876694,0.03956,0.478378,15.260902,2.037359,33.597687
748,6.233333,-0.032245,0.961747,0.032061,0.270139,4.32314,84.096802,19.155907,-0.042537,0.978391,0.085459,0.183407,3.712854,91.756485,19.496233,-0.014288,0.98149,0.117232,0.150763,1.311905,112.32827,22.673311,0.094986,0.993251,-0.023542,0.062261,-0.016499,132.697891,27.405083,0.149836,0.973579,-0.167652,-0.03982,2.993072,146.848312,25.037783,-0.022531,0.936762,0.104556,0.333222,-3.579858,127.040985,25.570011,0.440775,-0.565085,0.089923,-0.6916,-17.165787,127.521309,14.57043,0.225728,0.079872,-0.504081,-0.829801,-8.594535,112.063347,-2.869569,0.287185,0.177759,-0.587627,-0.735269,4.116044,135.217117,-5.391045,-0.017051,0.975114,0.165199,0.146873,3.523601,126.986626,27.798239,0.360097,0.869541,0.131274,-0.311441,20.246088,126.719536,32.905693,0.034337,0.158037,0.461932,-0.872046,33.820358,113.199928,17.109234,0.041686,-0.073232,0.674069,-0.733846,21.018446,132.644028,9.589771,0.069833,0.925783,0.23897,0.284504,-3.668237,83.677498,14.262633,0.119407,0.986622,-0.050349,0.098919,-3.426287,51.928307,-3.213391,0.017472,0.974409,0.071658,0.212337,-15.1072,5.961225,0.388563,-0.085064,0.942761,0.007183,0.322357,12.314516,84.516106,24.049183,0.079564,0.881338,-0.226204,0.407118,18.29517,48.802338,25.545937,-0.031486,0.876506,0.039602,0.478726,2.863832,6.707555,41.429695,0.017472,0.974409,0.071658,0.212337,-9.271855,1.791067,-13.164684,-0.031486,0.876506,0.039602,0.478726,15.203992,2.042777,33.613541
749,6.241667,-0.031872,0.961899,0.032324,0.269611,4.342901,84.104248,19.189161,-0.042544,0.978431,0.085976,0.182952,3.737228,91.764046,19.535263,-0.014023,0.98153,0.117521,0.150304,1.333931,112.329056,22.733952,0.095449,0.993246,-0.023312,0.061708,0.016866,132.696152,27.47974,0.149681,0.973595,-0.167521,-0.040567,3.037005,146.845261,25.118069,-0.022491,0.936877,0.104813,0.332823,-3.550149,127.041557,25.644646,0.440554,-0.565499,0.089436,-0.691466,-17.145437,127.524651,14.656766,0.225113,0.07963,-0.50418,-0.829931,-8.593097,112.081169,-2.805326,0.286728,0.17734,-0.587645,-0.735535,4.114022,135.236862,-5.321596,-0.01678,0.975171,0.165209,0.146515,3.555475,126.98349,27.86585,0.360125,0.869302,0.131791,-0.311856,20.28195,126.709236,32.95982,0.034433,0.15746,0.461935,-0.872145,33.842319,113.203384,17.139683,0.041607,-0.073826,0.673858,-0.733985,21.033075,132.647919,9.642715,0.069912,0.925962,0.238569,0.284239,-3.654268,83.692604,14.304715,0.119393,0.986595,-0.049732,0.099513,-3.431384,51.930344,-3.147803,0.017544,0.974405,0.071785,0.212305,-15.107661,5.957067,0.389521,-0.085134,0.942892,0.007538,0.321946,12.340071,84.5159,24.073606,0.079467,0.881555,-0.226012,0.406773,18.334421,48.803383,25.545135,-0.031544,0.87673,0.039595,0.478312,2.924493,6.698841,41.423794,0.017544,0.974405,0.071785,0.212305,-9.273559,1.790227,-13.165277,-0.031544,0.87673,0.039595,0.478312,15.257862,2.034577,33.59663
750,6.25,-0.03159,0.962036,0.032404,0.269146,4.358739,84.110344,19.224525,-0.042468,0.978481,0.086268,0.182562,3.757077,91.770332,19.573284,-0.013812,0.981548,0.117894,0.14991,1.355779,112.335144,22.785675,0.095458,0.99326,-0.023385,0.061442,0.046976,132.698807,27.548462,0.149644,0.973639,-0.167291,-0.04059,3.066335,146.847595,25.183859,-0.022352,0.936998,0.104858,0.332477,-3.522767,127.046394,25.711941,0.440564,-0.565857,0.088972,-0.691226,-17.126326,127.533211,14.734457,0.224991,0.079721,-0.504441,-0.829797,-8.589968,112.098602,-2.743298,0.287072,0.177604,-0.587512,-0.735442,4.101583,135.261261,-5.255793,-0.016546,0.975112,0.165847,0.146211,3.584706,126.9851,27.927145,0.36008,0.86912,0.132267,-0.312215,20.314575,126.701286,33.009457,0.034561,0.156794,0.461956,-0.872249,33.865444,113.210381,17.168434,0.041997,-0.074258,0.673867,-0.733911,21.046247,132.659317,9.695749,0.069986,0.926108,0.238245,0.284017,-3.643462,83.703835,14.34789,0.119403,0.986641,-0.049048,0.099385,-3.436814,51.931145,-3.085826,0.017377,0.974397,0.07193,0.212309,-15.107533,5.951682,0.388859,-0.084532,0.943036,0.007615,0.321683,12.360941,84.516853,24.101158,0.079874,0.881469,-0.226224,0.406763,18.316681,48.79702,25.551622,-0.031644,0.876493,0.039597,0.47874,2.865216,6.707793,41.430519,0.017377,0.974397,0.07193,0.212309,-9.271275,1.789982,-13.166596,-0.031644,0.876493,0.039597,0.47874,15.207023,2.045115,33.615715
751,6.258333,-0.031345,0.962166,0.032499,0.268698,4.377104,84.119759,19.255043,-0.042273,0.978526,0.086722,0.182149,3.77884,91.779884,19.606499,-0.013796,0.981577,0.118139,0.149529,1.383873,112.338661,22.839338,0.095424,0.993289,-0.023367,0.061038,0.076053,132.699921,27.612669,0.149746,0.973653,-0.167034,-0.040928,3.092723,146.849136,25.247196,-0.021999,0.937125,0.10502,0.33209,-3.494355,127.047897,25.776239,0.44006,-0.566217,0.089014,-0.691247,-17.107454,127.546654,14.811134,0.224359,0.079376,-0.504533,-0.829945,-8.591758,112.116791,-2.680874,0.286814,0.177295,-0.58767,-0.735491,4.097648,135.280548,-5.192116,-0.016411,0.975118,0.166229,0.145751,3.614822,126.986504,27.98596,0.360082,0.868967,0.131904,-0.312791,20.349533,126.698814,33.052063,0.034176,0.156281,0.46205,-0.872306,33.88242,113.208679,17.195038,0.041721,-0.074868,0.674319,-0.733449,21.056719,132.671143,9.750715,0.070242,0.926191,0.237865,0.284001,-3.62991,83.717796,14.385942,0.119347,0.986619,-0.048524,0.099922,-3.448976,51.93457,-3.028858,0.01742,0.974375,0.072086,0.212351,-15.111728,5.94897,0.390999,-0.084312,0.943118,0.007847,0.321494,12.384118,84.521713,24.124142,0.080068,0.881567,-0.226294,0.406472,18.330584,48.799435,25.552473,-0.031436,0.876531,0.039589,0.478684,2.865691,6.716153,41.434071,0.01742,0.974375,0.072086,0.212351,-9.274364,1.791527,-13.165281,-0.031436,0.876531,0.039589,0.478684,15.204598,2.050313,33.616573
752,6.266667,-0.031169,0.96228,0.032735,0.268279,4.394804,84.126373,19.281662,-0.042059,0.97856,0.087125,0.181825,3.79832,91.786446,19.637594,-0.01365,0.981582,0.118481,0.14924,1.410457,112.340805,22.888926,0.095273,0.993336,-0.023277,0.060546,0.10794,132.698853,27.677431,0.149908,0.973651,-0.166766,-0.041472,3.118113,146.849564,25.312647,-0.021773,0.937321,0.105428,0.331422,-3.464253,127.048538,25.839203,0.439698,-0.566527,0.088938,-0.691233,-17.093185,127.556816,14.894217,0.223734,0.078876,-0.504494,-0.830185,-8.594229,112.133026,-2.611297,0.285843,0.17716,-0.587964,-0.735667,4.101626,135.293152,-5.12638,-0.016272,0.975096,0.166604,0.145487,3.64627,126.984749,28.044521,0.36008,0.868781,0.132733,-0.312959,20.383829,126.691925,33.100918,0.03423,0.155723,0.461968,-0.872447,33.911606,113.219215,17.224728,0.041609,-0.075271,0.673644,-0.734035,21.073116,132.682648,9.801739,0.070414,0.926294,0.237496,0.28393,-3.616639,83.728455,14.419519,0.119306,0.986659,-0.047963,0.099851,-3.456614,51.934265,-2.975467,0.01735,0.974381,0.072279,0.212265,-15.110307,5.942586,0.393076,-0.084157,0.943221,0.008018,0.32123,12.406249,84.5243,24.143803,0.08026,0.881646,-0.226307,0.406257,18.346588,48.800331,25.555149,-0.031205,0.876512,0.039641,0.47873,2.869083,6.720579,41.433792,0.01735,0.974381,0.072279,0.212265,-9.274062,1.791203,-13.165544,-0.031205,0.876512,0.039641,0.47873,15.206927,2.052802,33.615776
753,6.275,-0.030966,0.962404,0.032959,0.26783,4.409671,84.131668,19.307842,-0.041775,0.978604,0.087528,0.181459,3.815441,91.791702,19.668215,-0.013677,0.981595,0.118766,0.148929,1.438107,112.33802,22.938093,0.09533,0.993355,-0.02317,0.06017,0.134208,132.693176,27.738398,0.149983,0.973667,-0.166507,-0.041876,3.144262,146.844238,25.375546,-0.021505,0.937417,0.105775,0.331056,-3.437915,127.043114,25.899315,0.439739,-0.566943,0.088461,-0.690927,-17.075739,127.562759,14.96594,0.223462,0.078837,-0.50445,-0.830289,-8.595979,112.146469,-2.555482,0.285456,0.177008,-0.588164,-0.735694,4.10315,135.306885,-5.064176,-0.016194,0.975111,0.16671,0.145273,3.673978,126.979652,28.100225,0.360059,0.868588,0.132959,-0.313423,20.413805,126.684891,33.149014,0.034092,0.155223,0.462053,-0.872497,33.927879,113.223099,17.251896,0.041554,-0.075799,0.673633,-0.733993,21.086739,132.691467,9.853493,0.070607,0.926338,0.237129,0.284047,-3.606525,83.738205,14.453173,0.119261,0.986697,-0.047389,0.099801,-3.465178,51.933361,-2.922484,0.017395,0.974386,0.072491,0.212167,-15.109366,5.93544,0.393322,-0.084026,0.943347,0.008223,0.320887,12.425867,84.525139,24.162514,0.080418,0.881614,-0.226398,0.406243,18.36264,48.79982,25.554636,-0.031313,0.876532,0.039422,0.478704,2.868967,6.72636,41.434223,0.017395,0.974386,0.072491,0.212167,-9.27564,1.790049,-13.168219,-0.031313,0.876532,0.039422,0.478704,15.206395,2.054509,33.617981
754,6.283333,-0.030745,0.962512,0.033131,0.267445,4.420713,84.134308,19.333868,-0.041638,0.978649,0.087865,0.181084,3.829195,91.794373,19.697933,-0.013377,0.98162,0.11908,0.148536,1.45589,112.341629,22.983925,0.095683,0.993357,-0.022819,0.059714,0.164338,132.694,27.799364,0.149903,0.973643,-0.166563,-0.042479,3.182079,146.844971,25.445738,-0.021355,0.937524,0.105765,0.330767,-3.411645,127.046646,25.959461,0.439983,-0.567329,0.087902,-0.690526,-17.056376,127.569977,15.03489,0.223442,0.078935,-0.504474,-0.830271,-8.593467,112.159325,-2.499634,0.28534,0.177151,-0.58818,-0.735692,4.103498,135.321259,-5.003848,-0.015951,0.975124,0.166782,0.145132,3.702109,126.978806,28.154213,0.360116,0.868361,0.132849,-0.314032,20.443647,126.676247,33.19685,0.033752,0.154957,0.462329,-0.872411,33.936695,113.218353,17.278595,0.041406,-0.076274,0.673438,-0.734131,21.104261,132.699234,9.899604,0.070696,0.9264,0.236744,0.284145,-3.599599,83.745392,14.48564,0.119305,0.986713,-0.046807,0.099862,-3.470804,51.928226,-2.867547,0.017334,0.974363,0.072664,0.212216,-15.114039,5.926087,0.392606,-0.083894,0.943416,0.008467,0.320711,12.441026,84.523216,24.182096,0.080562,0.881599,-0.226458,0.406215,18.374773,48.796593,25.553318,-0.031299,0.876502,0.039325,0.478768,2.867405,6.727934,41.43222,0.017334,0.974363,0.072664,0.212216,-9.277922,1.786032,-13.169533,-0.031299,0.876502,0.039325,0.478768,15.205394,2.053408,33.618469
755,6.291667,-0.030575,0.962648,0.033389,0.266944,4.438802,84.137413,19.357475,-0.041397,0.978701,0.088264,0.180663,3.848923,91.797379,19.726357,-0.013511,0.981645,0.119301,0.14818,1.484288,112.339424,23.030966,0.095759,0.993363,-0.022929,0.059453,0.18761,132.689453,27.854979,0.149982,0.973663,-0.166347,-0.042605,3.206542,146.839508,25.497473,-0.021168,0.937682,0.105966,0.330266,-3.387292,127.041306,26.015371,0.439973,-0.567547,0.087527,-0.690401,-17.043886,127.571121,15.105942,0.223248,0.078783,-0.504576,-0.830275,-8.59,112.169395,-2.440773,0.285211,0.177045,-0.588242,-0.735718,4.102356,135.332535,-4.947619,-0.015816,0.975137,0.166971,0.144839,3.72798,126.975563,28.205261,0.360081,0.868215,0.132927,-0.314445,20.47263,126.669144,33.23732,0.033613,0.154477,0.46241,-0.872459,33.954067,113.21933,17.30241,0.041461,-0.076708,0.673695,-0.733847,21.117523,132.707382,9.946211,0.07105,0.926371,0.236468,0.284379,-3.586727,83.752457,14.517567,0.119189,0.986737,-0.046372,0.099969,-3.483209,51.929474,-2.825104,0.017299,0.974375,0.072751,0.212138,-15.112191,5.920854,0.394252,-0.083699,0.943505,0.008622,0.320498,12.464331,84.522369,24.197384,0.080667,0.881609,-0.226463,0.40617,18.388739,48.793568,25.552181,-0.031301,0.876495,0.039293,0.478783,2.873285,6.726721,41.428001,0.017299,0.974375,0.072751,0.212138,-9.277621,1.783577,-13.169402,-0.031301,0.876495,0.039293,0.478783,15.211423,2.051426,33.614941
756,6.3,-0.030435,0.962751,0.033629,0.26656,4.454527,84.141449,19.378019,-0.041433,0.978717,0.088621,0.180395,3.865891,91.8013,19.751266,-0.013208,0.981658,0.119558,0.147914,1.497538,112.344727,23.071449,0.096095,0.993351,-0.022695,0.059202,0.213033,132.69252,27.908134,0.149877,0.973651,-0.16643,-0.042917,3.24021,146.841888,25.557125,-0.021142,0.937724,0.106285,0.330047,-3.365551,127.047073,26.06739,0.43964,-0.567784,0.087687,-0.690398,-17.02725,127.580582,15.164527,0.222904,0.078646,-0.504658,-0.830331,-8.588116,112.177567,-2.388158,0.28531,0.176836,-0.588303,-0.735681,4.100655,135.342087,-4.8925,-0.015698,0.975096,0.167429,0.144599,3.751017,126.976822,28.252935,0.36022,0.86801,0.133212,-0.314729,20.498236,126.665459,33.276161,0.033575,0.154066,0.462611,-0.872426,33.965813,113.21962,17.32616,0.041466,-0.077095,0.673767,-0.73374,21.132576,132.715912,9.988547,0.071167,0.926462,0.236175,0.284297,-3.575012,83.759933,14.54449,0.119171,0.986746,-0.045923,0.100106,-3.487325,51.928116,-2.78206,0.01728,0.974376,0.072885,0.212087,-15.111071,5.915147,0.393748,-0.083602,0.943578,0.008776,0.320305,12.484066,84.522972,24.21155,0.080908,0.881667,-0.226561,0.405939,18.405708,48.793182,25.552336,-0.031266,0.876501,0.039115,0.478788,2.870704,6.734297,41.430138,0.01728,0.974376,0.072885,0.212087,-9.277335,1.781923,-13.171503,-0.031266,0.876501,0.039115,0.478788,15.207845,2.053943,33.618526
757,6.308333,-0.030271,0.962851,0.033979,0.26617,4.471294,84.14608,19.397047,-0.041455,0.97875,0.088943,0.180055,3.883813,91.805717,19.776388,-0.01298,0.981677,0.119876,0.147554,1.512999,112.349716,23.110794,0.096069,0.993378,-0.022704,0.05878,0.237706,132.69455,27.962294,0.150118,0.973619,-0.16631,-0.043263,3.262364,146.844193,25.609615,-0.020783,0.937777,0.10649,0.329852,-3.343819,127.051315,26.120493,0.439548,-0.568013,0.087831,-0.69025,-17.010542,127.59819,15.224597,0.222764,0.078359,-0.504691,-0.830376,-8.585616,112.188484,-2.329037,0.28526,0.176647,-0.588373,-0.73569,4.103549,135.351257,-4.842409,-0.015395,0.975092,0.167636,0.144418,3.774422,126.977669,28.300467,0.360213,0.86784,0.133705,-0.314996,20.523796,126.655975,33.315834,0.033446,0.153703,0.462717,-0.872439,33.98328,113.222969,17.348213,0.041269,-0.077433,0.673947,-0.733551,21.149719,132.725082,10.028926,0.071356,0.926523,0.235895,0.284283,-3.562332,83.768974,14.569969,0.119112,0.986734,-0.045559,0.100465,-3.493643,51.92952,-2.742629,0.017256,0.974371,0.073026,0.212062,-15.109806,5.912054,0.395494,-0.083482,0.943646,0.008772,0.320135,12.50492,84.523186,24.224125,0.081099,0.881754,-0.226506,0.405743,18.418581,48.791943,25.561291,-0.031406,0.876533,0.039149,0.478719,2.873258,6.733608,41.430443,0.017256,0.974371,0.073026,0.212062,-9.276122,1.78309,-13.171072,-0.031406,0.876533,0.039149,0.478719,15.210605,2.056086,33.617462
758,6.316667,-0.030024,0.962943,0.034223,0.265834,4.485008,84.150452,19.419258,-0.04132,0.978783,0.089221,0.179768,3.900315,91.810059,19.803423,-0.012843,0.981688,0.120141,0.147273,1.534086,112.351135,23.150656,0.096121,0.993395,-0.022582,0.058449,0.264211,132.693451,28.014114,0.150118,0.973601,-0.166324,-0.043622,3.288807,146.843536,25.663931,-0.020489,0.937876,0.106623,0.329544,-3.31911,127.051689,26.171335,0.439567,-0.568275,0.087711,-0.690038,-16.993349,127.60849,15.285381,0.222614,0.07813,-0.504656,-0.830458,-8.582124,112.197586,-2.27377,0.284963,0.17645,-0.588525,-0.735731,4.110321,135.356934,-4.792348,-0.015239,0.975093,0.167926,0.144091,3.800414,126.975952,28.347036,0.360366,0.867631,0.134353,-0.315123,20.553255,126.649384,33.350479,0.033496,0.153207,0.462789,-0.872486,34.003277,113.224503,17.368055,0.041125,-0.077664,0.673981,-0.733503,21.166174,132.730179,10.068722,0.071585,0.926603,0.235606,0.284203,-3.552247,83.778748,14.597811,0.118868,0.986748,-0.045168,0.100793,-3.506629,51.931808,-2.701083,0.017215,0.974432,0.073245,0.211708,-15.097672,5.905435,0.399041,-0.083388,0.943731,0.00893,0.319903,12.522263,84.522156,24.240704,0.081293,0.881803,-0.22657,0.405562,18.433514,48.78997,25.563437,-0.031374,0.876548,0.039116,0.478696,2.872996,6.737399,41.432953,0.017215,0.974432,0.073245,0.211708,-9.272591,1.783381,-13.17332,-0.031374,0.876548,0.039116,0.478696,15.209499,2.058582,33.619423
759,6.325,-0.029804,0.963024,0.034511,0.265528,4.496696,84.153473,19.435474,-0.041213,0.978799,0.089622,0.179504,3.914205,91.812981,19.824984,-0.012613,0.981706,0.120341,0.147011,1.550312,112.351646,23.190035,0.096116,0.993418,-0.022485,0.058106,0.289989,132.6922,28.063345,0.150204,0.973571,-0.166325,-0.043983,3.312887,146.842911,25.714815,-0.020389,0.93803,0.106618,0.329115,-3.296268,127.052452,26.220121,0.439854,-0.568497,0.087214,-0.689734,-16.980547,127.610764,15.346866,0.222669,0.077993,-0.504635,-0.830469,-8.577591,112.205208,-2.220929,0.284839,0.176169,-0.5885,-0.735866,4.117009,135.362274,-4.746695,-0.015286,0.975105,0.168213,0.14367,3.824494,126.973389,28.391653,0.360602,0.867435,0.134213,-0.315453,20.581528,126.649475,33.381237,0.03359,0.152721,0.463073,-0.872417,34.012794,113.217949,17.38862,0.041571,-0.078069,0.674243,-0.733194,21.181028,132.734619,10.107775,0.071651,0.926767,0.235323,0.283888,-3.543852,83.786934,14.61912,0.118829,0.98676,-0.044777,0.100896,-3.514761,51.931007,-2.663256,0.017176,0.97442,0.073401,0.211713,-15.099001,5.900407,0.3994,-0.083284,0.943771,0.009031,0.319811,12.537244,84.520012,24.251829,0.081418,0.881799,-0.226615,0.405522,18.44393,48.786709,25.564676,-0.032085,0.876618,0.038933,0.478536,2.872042,6.738043,41.433395,0.017176,0.97442,0.073401,0.211713,-9.272988,1.783109,-13.174009,-0.032085,0.876618,0.038933,0.478536,15.211403,2.064607,33.621155
760,6.333333,-0.029651,0.963094,0.03479,0.265255,4.51053,84.156883,19.449347,-0.041087,0.97881,0.090028,0.179269,3.929286,91.816238,19.843775,-0.012514,0.981722,0.120484,0.146797,1.568702,112.349281,23.226351,0.096173,0.99343,-0.022355,0.057857,0.31261,132.688492,28.106359,0.150293,0.973555,-0.166268,-0.044246,3.335902,146.839615,25.760859,-0.020128,0.938176,0.10675,0.328672,-3.275042,127.049652,26.263058,0.439684,-0.568672,0.087263,-0.689692,-16.969891,127.61631,15.403551,0.222475,0.077649,-0.504562,-0.830598,-8.577216,112.210258,-2.168737,0.28458,0.175948,-0.588463,-0.736049,4.124774,135.363815,-4.703226,-0.015152,0.975099,0.168411,0.14349,3.846695,126.969231,28.431343,0.36061,0.867305,0.134081,-0.315855,20.605677,126.640808,33.414066,0.033499,0.152497,0.463232,-0.872375,34.02404,113.211868,17.408449,0.041692,-0.078433,0.674329,-0.733069,21.196383,132.735153,10.139394,0.071742,0.926922,0.235058,0.283579,-3.532914,83.794281,14.637533,0.118823,0.986767,-0.044457,0.100978,-3.521416,51.93026,-2.629942,0.017365,0.974403,0.073528,0.211732,-15.102439,5.896812,0.401822,-0.083506,0.943841,0.009322,0.319539,12.553975,84.519485,24.261162,0.081199,0.881813,-0.226505,0.405595,18.482803,48.789249,25.557541,-0.032045,0.876813,0.038908,0.478182,2.931857,6.732425,41.425179,0.017365,0.974403,0.073528,0.211732,-9.277434,1.782135,-13.172814,-0.032045,0.876813,0.038908,0.478182,15.264533,2.057675,33.603172
761,6.341667,-0.029483,0.963159,0.03491,0.265023,4.520603,84.157791,19.466982,-0.040919,0.978844,0.09031,0.178984,3.941455,91.817162,19.864017,-0.012437,0.981742,0.120686,0.146501,1.586605,112.349129,23.260111,0.096015,0.993465,-0.022428,0.057496,0.333959,132.686386,28.149145,0.150574,0.973523,-0.16613,-0.044517,3.351322,146.838196,25.800097,-0.020111,0.938281,0.107156,0.328241,-3.254946,127.04837,26.305748,0.439582,-0.568769,0.087234,-0.689681,-16.959705,127.618561,15.458944,0.222345,0.077322,-0.504536,-0.830679,-8.572241,112.214325,-2.117403,0.284375,0.175759,-0.588381,-0.736239,4.133894,135.364655,-4.662178,-0.015088,0.97512,0.168449,0.143309,3.868109,126.966904,28.469646,0.360729,0.86714,0.134151,-0.316142,20.628969,126.637177,33.445942,0.033634,0.152216,0.463281,-0.872393,34.034054,113.209091,17.428492,0.041623,-0.07872,0.674579,-0.732812,21.204784,132.733795,10.168373,0.071746,0.927098,0.234851,0.283174,-3.525327,83.798637,14.659074,0.118803,0.986765,-0.04413,0.101163,-3.526167,51.927628,-2.595492,0.017341,0.974404,0.073602,0.211704,-15.1029,5.890963,0.403701,-0.083364,0.943873,0.00947,0.319476,12.566532,84.516945,24.274891,0.08124,0.8818,-0.226522,0.405607,18.489193,48.785183,25.557465,-0.031844,0.876827,0.038941,0.478168,2.934022,6.72974,41.424625,0.017341,0.974404,0.073602,0.211704,-9.278227,1.778597,-13.171776,-0.031844,0.876827,0.038941,0.478168,15.264765,2.05297,33.600784
762,6.35,-0.029298,0.963201,0.035113,0.264862,4.53116,84.158699,19.482803,-0.04066,0.978866,0.090646,0.178748,3.953987,91.818024,19.883696,-0.012392,0.981763,0.120809,0.146266,1.608261,112.347122,23.295786,0.096466,0.993439,-0.022194,0.057278,0.357892,132.683197,28.190374,0.150342,0.973521,-0.166248,-0.044909,3.386919,146.833633,25.848097,-0.019998,0.938463,0.107071,0.327756,-3.231879,127.045609,26.347328,0.439445,-0.56895,0.087104,-0.689635,-16.947937,127.61657,15.514848,0.222095,0.076988,-0.5045,-0.830799,-8.569607,112.216904,-2.069858,0.284114,0.175375,-0.588358,-0.736449,4.141742,135.364899,-4.621867,-0.014913,0.975112,0.168556,0.143257,3.892218,126.963638,28.507784,0.360775,0.866968,0.134193,-0.316545,20.65379,126.627708,33.481293,0.033649,0.152013,0.463382,-0.872374,34.044594,113.204071,17.44817,0.041672,-0.078883,0.674568,-0.732802,21.216837,132.732971,10.196282,0.071804,0.927293,0.234664,0.282675,-3.516577,83.803764,14.677602,0.118696,0.986768,-0.043834,0.101389,-3.534662,51.92696,-2.566266,0.017346,0.974417,0.073659,0.211623,-15.099446,5.885386,0.403613,-0.0829,0.943922,0.009413,0.319453,12.578897,84.513641,24.288004,0.081655,0.881686,-0.226754,0.405642,18.468813,48.776218,25.563503,-0.031961,0.876635,0.038809,0.478522,2.869985,6.737211,41.431362,0.017346,0.974417,0.073659,0.211623,-9.276885,1.774706,-13.173283,-0.031961,0.876635,0.038809,0.478522,15.207452,2.058838,33.619087
763,6.358333,-0.029128,0.963261,0.035253,0.264645,4.54032,84.162781,19.499891,-0.04052,0.978888,0.090932,0.178513,3.965193,91.822113,19.90369,-0.012193,0.981778,0.121008,0.146019,1.624167,112.347343,23.328699,0.096463,0.993454,-0.022228,0.057002,0.382007,132.681595,28.232908,0.150441,0.973498,-0.166231,-0.04513,3.409818,146.83197,25.888771,-0.019887,0.93862,0.107088,0.327307,-3.210304,127.045799,26.389336,0.439262,-0.569077,0.087142,-0.689642,-16.936796,127.618835,15.57019,0.222018,0.076654,-0.504488,-0.830858,-8.565977,112.220215,-2.019017,0.284283,0.175024,-0.588453,-0.736392,4.14872,135.36496,-4.583274,-0.014768,0.975114,0.168793,0.142985,3.914945,126.960945,28.545879,0.360721,0.866877,0.133798,-0.317021,20.679388,126.620506,33.509392,0.033403,0.151871,0.463386,-0.872406,34.05714,113.1978,17.464607,0.041455,-0.079088,0.674677,-0.732692,21.225847,132.73204,10.223239,0.071786,0.927488,0.234484,0.28219,-3.509758,83.811447,14.698347,0.11864,0.986792,-0.043479,0.101366,-3.539589,51.928341,-2.533841,0.017537,0.97443,0.07377,0.211512,-15.095954,5.882576,0.403615,-0.082836,0.943947,0.009575,0.31939,12.590398,84.514114,24.301437,0.081767,0.881719,-0.22679,0.405527,18.479759,48.776142,25.56402,-0.031984,0.876671,0.038646,0.478467,2.872443,6.740391,41.432156,0.017537,0.97443,0.07377,0.211512,-9.277975,1.774178,-13.175932,-0.031984,0.876671,0.038646,0.478467,15.208441,2.058146,33.619873
764,6.366667,-0.028988,0.963295,0.035463,0.26451,4.551656,84.163521,19.51642,-0.040535,0.978891,0.091168,0.178374,3.977798,91.822746,19.923977,-0.011914,0.98178,0.12123,0.145841,1.634089,112.353424,23.360004,0.096795,0.993432,-0.022246,0.056823,0.402939,132.685699,28.27516,0.150381,0.973469,-0.166389,-0.045361,3.439507,146.834106,25.930477,-0.019694,0.938664,0.107204,0.327153,-3.192627,127.052429,26.430214,0.439482,-0.569249,0.087116,-0.689363,-16.922913,127.632523,15.616253,0.222214,0.076515,-0.504388,-0.830879,-8.561598,112.226021,-1.97057,0.284179,0.175096,-0.588441,-0.736424,4.158352,135.363846,-4.544678,-0.014509,0.975135,0.168904,0.142731,3.933492,126.963333,28.583712,0.360748,0.866768,0.133925,-0.317235,20.700741,126.614998,33.537197,0.033314,0.151698,0.46345,-0.872406,34.070793,113.19648,17.482498,0.0414,-0.07917,0.674565,-0.73279,21.240509,132.733368,10.25081,0.07195,0.92756,0.234363,0.282009,-3.499919,83.815643,14.717134,0.118552,0.986819,-0.043231,0.10132,-3.54669,51.930149,-2.510583,0.017513,0.974441,0.073848,0.211434,-15.092463,5.880341,0.40509,-0.083044,0.943951,0.009968,0.319314,12.60323,84.511398,24.315706,0.081512,0.881777,-0.226661,0.405524,18.515938,48.776493,25.555727,-0.031806,0.876833,0.038849,0.478166,2.934545,6.731242,41.424175,0.017513,0.974441,0.073848,0.211434,-9.276174,1.774399,-13.175925,-0.031806,0.876833,0.038849,0.478166,15.2645,2.051571,33.600826
765,6.375,-0.028803,0.963349,0.035617,0.264311,4.561962,84.165779,19.531214,-0.040195,0.978925,0.091492,0.178101,3.990307,91.824997,19.941919,-0.011991,0.981802,0.121341,0.145592,1.659373,112.351837,23.393927,0.096874,0.993443,-0.022207,0.056502,0.425616,132.682907,28.313408,0.150541,0.973433,-0.16635,-0.045749,3.463031,146.831177,25.968927,-0.019573,0.938764,0.107239,0.326863,-3.169458,127.049103,26.469152,0.439824,-0.569465,0.086752,-0.689012,-16.906538,127.632401,15.664008,0.222369,0.076462,-0.504395,-0.830838,-8.554284,112.225487,-1.926763,0.284184,0.174983,-0.588419,-0.736467,4.16511,135.361542,-4.507479,-0.014389,0.975119,0.169158,0.142554,3.957713,126.961349,28.619211,0.360757,0.866629,0.134171,-0.317501,20.726849,126.608719,33.56599,0.033639,0.151221,0.463362,-0.872523,34.088196,113.19796,17.497566,0.041596,-0.079562,0.674936,-0.732394,21.246347,132.73288,10.277892,0.071997,0.927661,0.234248,0.281762,-3.491782,83.821846,14.735291,0.118511,0.986815,-0.042979,0.101508,-3.548784,51.932919,-2.486047,0.017503,0.974463,0.073832,0.211341,-15.089044,5.880129,0.404175,-0.083014,0.944019,0.010095,0.319115,12.615707,84.509705,24.327139,0.081668,0.881813,-0.226723,0.405381,18.529549,48.774616,25.556517,-0.031856,0.876875,0.038731,0.478095,2.935527,6.734434,41.425983,0.017503,0.974463,0.073832,0.211341,-9.275196,1.773884,-13.177792,-0.031856,0.876875,0.038731,0.478095,15.26418,2.052447,33.601971
766,6.383333,-0.02873,0.963386,0.03573,0.264168,4.57348,84.167015,19.547602,-0.040238,0.978951,0.091586,0.1779,4.002517,91.82618,19.960369,-0.011674,0.98182,0.121551,0.145325,1.669294,112.357178,23.417219,0.096883,0.993462,-0.022069,0.056213,0.448674,132.686432,28.347513,0.150691,0.973377,-0.166476,-0.045995,3.484964,146.835434,26.006067,-0.019591,0.938926,0.107117,0.326437,-3.150334,127.055321,26.502666,0.439977,-0.569594,0.086614,-0.688826,-16.897133,127.634941,15.709676,0.222458,0.07627,-0.504356,-0.830855,-8.550962,112.22644,-1.882583,0.284183,0.174727,-0.588444,-0.736508,4.171663,135.358521,-4.473524,-0.014143,0.975103,0.169346,0.142462,3.978107,126.962959,28.648329,0.360854,0.866524,0.134294,-0.317624,20.748407,126.601532,33.590546,0.033862,0.150898,0.463488,-0.872503,34.102364,113.191223,17.515596,0.042033,-0.080038,0.674679,-0.732554,21.261581,132.729843,10.304635,0.072037,0.927794,0.234211,0.281345,-3.481767,83.82486,14.754066,0.118454,0.986804,-0.042791,0.101759,-3.549986,51.935101,-2.465686,0.017597,0.97449,0.073845,0.211205,-15.083933,5.879483,0.4046,-0.082507,0.944051,0.010054,0.319154,12.628728,84.509171,24.341137,0.082093,0.881803,-0.226913,0.405209,18.507132,48.767937,25.561853,-0.031695,0.876663,0.038793,0.47849,2.873887,6.742582,41.432018,0.017597,0.97449,0.073845,0.211205,-9.274673,1.773221,-13.179329,-0.031695,0.876663,0.038793,0.47849,15.208305,2.060012,33.617435
767,6.391667,-0.02857,0.963405,0.035951,0.264086,4.584046,84.167061,19.560036,-0.040188,0.978942,0.091978,0.177757,4.014591,91.826118,19.976767,-0.011571,0.981835,0.121632,0.145162,1.68109,112.353912,23.450193,0.096813,0.993474,-0.022307,0.056018,0.465042,132.682434,28.384607,0.150918,0.973345,-0.166427,-0.046095,3.498814,146.830719,26.035583,-0.019611,0.938899,0.107113,0.326514,-3.1354,127.052162,26.540009,0.439971,-0.569728,0.086627,-0.688717,-16.880394,127.631378,15.744713,0.222266,0.076177,-0.504442,-0.830863,-8.54192,112.220131,-1.848802,0.284184,0.174304,-0.58846,-0.736595,4.177664,135.355942,-4.439885,-0.013982,0.975142,0.169373,0.142179,3.993782,126.95842,28.683142,0.360955,0.866436,0.134274,-0.317759,20.767044,126.593033,33.614967,0.033933,0.150711,0.463571,-0.872489,34.113144,113.180542,17.535315,0.042138,-0.080291,0.674586,-0.732606,21.273506,132.722,10.330774,0.072077,0.927903,0.234095,0.281069,-3.472181,83.828819,14.767879,0.118324,0.986868,-0.042532,0.101402,-3.550728,51.935566,-2.445355,0.017606,0.974567,0.073909,0.210824,-15.069286,5.874929,0.40613,-0.082396,0.944133,0.010178,0.318936,12.640274,84.50531,24.352192,0.08218,0.881811,-0.226942,0.405159,18.514296,48.762932,25.560457,-0.03183,0.87668,0.038691,0.478458,2.873664,6.740203,41.430275,0.017606,0.974567,0.073909,0.210824,-9.27027,1.770817,-13.182819,-0.03183,0.87668,0.038691,0.478458,15.208298,2.056938,33.616463
768,6.4,-0.02838,0.963443,0.036034,0.263957,4.592104,84.164375,19.573862,-0.040102,0.978947,0.092181,0.177643,4.025189,91.823509,19.992668,-0.011394,0.981841,0.121743,0.145043,1.693872,112.35228,23.475668,0.096795,0.99349,-0.022255,0.05579,0.485013,132.679825,28.415817,0.151096,0.973304,-0.166435,-0.046366,3.517244,146.828583,26.067501,-0.019409,0.939008,0.107336,0.326139,-3.117556,127.051079,26.570738,0.440132,-0.569859,0.086613,-0.688508,-16.871399,127.638008,15.787116,0.222375,0.075928,-0.504372,-0.830899,-8.540234,112.220726,-1.804581,0.28414,0.174034,-0.58838,-0.73674,4.185552,135.352707,-4.408701,-0.013851,0.97515,0.169462,0.142031,4.012205,126.954735,28.71184,0.361117,0.866298,0.134186,-0.317987,20.787085,126.585327,33.637905,0.034084,0.15039,0.46369,-0.872475,34.120171,113.168465,17.551102,0.042337,-0.080589,0.674838,-0.73233,21.280613,132.714966,10.356406,0.071983,0.92798,0.23414,0.280802,-3.465613,83.829872,14.783937,0.118424,0.986862,-0.042362,0.101409,-3.541877,51.937138,-2.430285,0.017943,0.97456,0.073837,0.210854,-15.068129,5.877381,0.404238,-0.082374,0.9442,0.010358,0.318739,12.64982,84.498878,24.363787,0.082351,0.881904,-0.227007,0.404884,18.526724,48.756504,25.558039,-0.031735,0.876689,0.038695,0.478448,2.874389,6.739288,41.430931,0.017943,0.97456,0.073837,0.210854,-9.271817,1.769293,-13.184672,-0.031735,0.876689,0.038695,0.478448,15.208,2.054761,33.616245
769,6.408333,-0.028142,0.963493,0.036059,0.2638,4.596385,84.164497,19.588274,-0.039966,0.978955,0.092405,0.177515,4.032958,91.823807,20.008512,-0.011265,0.981849,0.121824,0.144927,1.706301,112.348961,23.501549,0.096843,0.993498,-0.022183,0.055605,0.502841,132.675812,28.445885,0.151222,0.973269,-0.166459,-0.046599,3.535557,146.824722,26.099106,-0.019207,0.939122,0.107221,0.325861,-3.101347,127.048149,26.600679,0.440252,-0.569935,0.086575,-0.688373,-16.861816,127.639244,15.82575,0.222429,0.075746,-0.504365,-0.830906,-8.534627,112.218773,-1.765029,0.284083,0.173873,-0.588307,-0.736858,4.192747,135.348206,-4.378459,-0.013913,0.975151,0.169658,0.141783,4.028955,126.949951,28.739891,0.361372,0.866168,0.134182,-0.318054,20.806227,126.583168,33.657982,0.034113,0.150226,0.463776,-0.872457,34.128052,113.158081,17.568708,0.042049,-0.080748,0.674862,-0.732306,21.290251,132.707474,10.380546,0.071878,0.928051,0.234099,0.280629,-3.463139,83.83429,14.801095,0.118475,0.986894,-0.042089,0.101161,-3.536463,51.939083,-2.408549,0.018216,0.974559,0.073784,0.210854,-15.064202,5.87827,0.402708,-0.082676,0.94422,0.010781,0.318587,12.65591,84.494713,24.375452,0.082075,0.881917,-0.226912,0.404965,18.563301,48.756607,25.546753,-0.031802,0.876898,0.038629,0.478065,2.936003,6.730938,41.421932,0.018216,0.974559,0.073784,0.210854,-9.270734,1.767141,-13.186491,-0.031802,0.876898,0.038629,0.478065,15.263207,2.045555,33.597656
770,6.416667,-0.028007,0.96353,0.036178,0.26366,4.605403,84.162643,19.604078,-0.039932,0.978962,0.092567,0.177397,4.043558,91.82193,20.026709,-0.011106,0.981861,0.121889,0.144804,1.717561,112.345528,23.526791,0.096957,0.993501,-0.022077,0.055394,0.520882,132.671875,28.474894,0.151337,0.973237,-0.166458,-0.046895,3.555841,146.820709,26.130671,-0.019143,0.939193,0.107187,0.325671,-3.085318,127.045464,26.62977,0.440109,-0.570026,0.086733,-0.688369,-16.850182,127.637527,15.860518,0.222302,0.075544,-0.504401,-0.830936,-8.529488,112.213722,-1.730405,0.284077,0.173741,-0.588392,-0.736824,4.198316,135.343964,-4.349817,-0.013838,0.975169,0.169637,0.141693,4.045566,126.94503,28.76693,0.361505,0.866055,0.133911,-0.318325,20.823801,126.576324,33.681568,0.033965,0.150123,0.463933,-0.872396,34.132271,113.145065,17.586414,0.041965,-0.080882,0.67483,-0.732326,21.300209,132.700897,10.406227,0.07206,0.92803,0.234074,0.280674,-3.455638,83.835342,14.819259,0.118432,0.986858,-0.041983,0.101603,-3.540866,51.941193,-2.392289,0.018339,0.97455,0.073748,0.210894,-15.064899,5.878565,0.404331,-0.082317,0.944243,0.010776,0.318611,12.666443,84.489937,24.388897,0.082544,0.881872,-0.22715,0.404835,18.549282,48.747524,25.552389,-0.031507,0.87673,0.038527,0.478401,2.876614,6.739485,41.429493,0.018339,0.97455,0.073748,0.210894,-9.271669,1.765662,-13.18443,-0.031507,0.87673,0.038527,0.478401,15.206594,2.047429,33.613605
771,6.425,-0.027846,0.963549,0.036285,0.263591,4.612296,84.161606,19.616508,-0.039725,0.978981,0.092774,0.177231,4.05243,91.820923,20.04142,-0.011084,0.98187,0.12204,0.144623,1.734218,112.341904,23.551601,0.097346,0.993473,-0.021973,0.055248,0.538456,132.666718,28.506201,0.151207,0.973229,-0.166554,-0.047143,3.583768,146.813858,26.165134,-0.019078,0.93931,0.10708,0.325371,-3.068173,127.040695,26.660725,0.440197,-0.570062,0.086623,-0.688296,-16.83997,127.632484,15.90032,0.222358,0.075368,-0.504514,-0.830869,-8.520387,112.209496,-1.691848,0.284169,0.173686,-0.58848,-0.736731,4.201436,135.338699,-4.321847,-0.013713,0.975179,0.169646,0.141625,4.063501,126.939941,28.795237,0.361673,0.865891,0.134315,-0.318411,20.842535,126.567352,33.706863,0.034192,0.149774,0.464043,-0.872389,34.142273,113.138756,17.602257,0.042114,-0.081111,0.674944,-0.732188,21.311205,132.69635,10.432302,0.072106,0.928068,0.233998,0.280601,-3.449597,83.837692,14.83289,0.118382,0.986851,-0.041822,0.101791,-3.540847,51.941429,-2.374713,0.01859,0.974551,0.073833,0.210842,-15.059288,5.876386,0.405177,-0.082681,0.944266,0.011218,0.318433,12.674189,84.485527,24.400127,0.082361,0.88195,-0.227088,0.404737,18.592127,48.748169,25.540733,-0.031481,0.876935,0.038463,0.478031,2.938689,6.73458,41.422134,0.01859,0.974551,0.073833,0.210842,-9.269743,1.764616,-13.185499,-0.031481,0.876935,0.038463,0.478031,15.26165,2.04039,33.596455
772,6.433333,-0.027713,0.96356,0.03644,0.263546,4.620286,84.158325,19.626574,-0.039544,0.978993,0.092974,0.177101,4.061782,91.817574,20.054356,-0.011065,0.981881,0.122118,0.144481,1.749761,112.339783,23.574717,0.097346,0.993487,-0.021902,0.055024,0.55504,132.663818,28.532726,0.151422,0.97319,-0.166507,-0.047409,3.599349,146.811386,26.19294,-0.018877,0.939371,0.107146,0.325186,-3.052012,127.038025,26.687437,0.440352,-0.570166,0.086649,-0.688108,-16.828274,127.636444,15.933121,0.2224,0.075129,-0.504504,-0.830885,-8.51478,112.206696,-1.656003,0.284019,0.173439,-0.588645,-0.736715,4.209387,135.333099,-4.297439,-0.013493,0.975181,0.169636,0.141648,4.080275,126.93708,28.819883,0.361846,0.865738,0.134643,-0.31849,20.85928,126.5569,33.731022,0.034413,0.149486,0.464222,-0.872335,34.150299,113.129356,17.618355,0.042384,-0.081351,0.675043,-0.732054,21.323303,132.691956,10.455865,0.072126,0.928058,0.23394,0.280677,-3.44219,83.837547,14.843728,0.118445,0.986856,-0.041674,0.101733,-3.534672,51.939529,-2.360608,0.018645,0.974542,0.073867,0.210866,-15.057449,5.874738,0.40546,-0.082689,0.944297,0.01138,0.318333,12.68276,84.479103,24.409418,0.082532,0.882007,-0.227176,0.404529,18.605106,48.742107,25.538448,-0.031251,0.876967,0.038521,0.477985,2.937995,6.735009,41.423534,0.018645,0.974542,0.073867,0.210866,-9.267705,1.763633,-13.185331,-0.031251,0.876967,0.038521,0.477985,15.258291,2.039023,33.594746
773,6.441667,-0.027691,0.963567,0.036595,0.2635,4.631227,84.153214,19.635847,-0.039382,0.978988,0.093272,0.177007,4.072447,91.812309,20.06604,-0.011137,0.981894,0.122086,0.14441,1.765158,112.333336,23.600063,0.097436,0.99348,-0.021923,0.054983,0.567998,132.657639,28.556442,0.151479,0.973185,-0.166473,-0.047445,3.614718,146.804581,26.216084,-0.018765,0.93942,0.107125,0.325056,-3.03844,127.03112,26.712099,0.440729,-0.570303,0.086346,-0.687791,-16.817804,127.632454,15.961918,0.222601,0.075183,-0.504488,-0.830836,-8.509478,112.200737,-1.627915,0.28403,0.173313,-0.588777,-0.736635,4.214046,135.324554,-4.272129,-0.013408,0.975183,0.169656,0.141614,4.094131,126.931442,28.843658,0.362131,0.865542,0.134511,-0.318755,20.873556,126.548447,33.753159,0.034392,0.149398,0.464532,-0.872185,34.145954,113.111839,17.632692,0.04229,-0.081546,0.675213,-0.731881,21.331814,132.684494,10.47501,0.072162,0.928059,0.23396,0.280647,-3.431728,83.833572,14.853734,0.118518,0.986848,-0.041578,0.10176,-3.526717,51.936626,-2.352581,0.018938,0.974518,0.073963,0.210915,-15.055481,5.872721,0.403366,-0.082211,0.944251,0.011426,0.318591,12.694183,84.472862,24.417961,0.082812,0.881784,-0.227517,0.404765,18.584803,48.730228,25.53437,-0.031134,0.876776,0.038534,0.478341,2.877736,6.742269,41.430603,0.018938,0.974518,0.073963,0.210915,-9.26707,1.762733,-13.188333,-0.031134,0.876776,0.038534,0.478341,15.203291,2.045069,33.610828
774,6.45,-0.027528,0.963593,0.036708,0.263407,4.636799,84.14753,19.645336,-0.039259,0.978986,0.093525,0.176912,4.080006,91.806641,20.077919,-0.011105,0.981909,0.122068,0.144331,1.775954,112.328651,23.623838,0.097566,0.993468,-0.022005,0.054936,0.580626,132.653168,28.579765,0.151541,0.973176,-0.166464,-0.04747,3.630957,146.79895,26.237127,-0.018618,0.939482,0.107106,0.324893,-3.026396,127.026772,26.7362,0.440692,-0.570336,0.086518,-0.687766,-16.809654,127.632057,15.991237,0.222559,0.074956,-0.50448,-0.830873,-8.504652,112.194931,-1.595412,0.283963,0.173104,-0.58878,-0.736708,4.221233,135.316803,-4.248311,-0.013185,0.975198,0.169587,0.14162,4.106522,126.926804,28.866581,0.362165,0.86547,0.134688,-0.318838,20.886097,126.536545,33.774975,0.034468,0.149318,0.464615,-0.872152,34.154617,113.103127,17.648666,0.042364,-0.081678,0.675246,-0.731831,21.343761,132.677063,10.493177,0.072115,0.928031,0.233984,0.280731,-3.427245,83.831299,14.864834,0.118593,0.986825,-0.041474,0.101938,-3.516997,51.934647,-2.342057,0.019409,0.9745,0.074022,0.210935,-15.052191,5.871603,0.40129,-0.08218,0.944319,0.011563,0.318395,12.700844,84.46376,24.425838,0.082941,0.881848,-0.227559,0.404576,18.592735,48.720993,25.530989,-0.031438,0.876813,0.038369,0.478267,2.876803,6.736913,41.428696,0.019409,0.9745,0.074022,0.210935,-9.267726,1.760715,-13.191816,-0.031438,0.876813,0.038369,0.478267,15.203106,2.039786,33.61005
775,6.458333,-0.027393,0.963605,0.036735,0.263375,4.644038,84.143921,19.655054,-0.039221,0.978978,0.093752,0.176846,4.089154,91.803108,20.0886,-0.010955,0.981913,0.122152,0.144245,1.785285,112.323395,23.644161,0.097737,0.993458,-0.021972,0.054821,0.596054,132.647186,28.604513,0.151548,0.973157,-0.166519,-0.047639,3.650731,146.792175,26.262701,-0.018627,0.939536,0.107105,0.324736,-3.012755,127.022064,26.760551,0.440556,-0.570474,0.08659,-0.68773,-16.799583,127.626404,16.020109,0.222501,0.074858,-0.504444,-0.830919,-8.503051,112.18779,-1.569243,0.284052,0.17308,-0.588733,-0.736717,4.226227,135.309174,-4.224432,-0.013064,0.975195,0.169578,0.14166,4.120586,126.919891,28.889412,0.362309,0.865343,0.135128,-0.318833,20.899878,126.525307,33.798443,0.034909,0.149074,0.464726,-0.872117,34.16338,113.094902,17.665491,0.042673,-0.082005,0.675572,-0.731476,21.354731,132.668945,10.510841,0.072032,0.928018,0.234028,0.28076,-3.420459,83.830238,14.875147,0.118707,0.986814,-0.041381,0.101956,-3.503196,51.934219,-2.332945,0.019308,0.974526,0.073919,0.210863,-15.048172,5.873034,0.400312,-0.082161,0.944415,0.011711,0.31811,12.708536,84.457603,24.434963,0.083009,0.881833,-0.227605,0.404569,18.602865,48.714855,25.52776,-0.031609,0.876817,0.0383,0.478253,2.879728,6.733826,41.426388,0.019308,0.974526,0.073919,0.210863,-9.264938,1.759802,-13.192611,-0.031609,0.876817,0.0383,0.478253,15.207047,2.037357,33.608948
776,6.466667,-0.027272,0.963617,0.03681,0.263332,4.65057,84.140015,19.663712,-0.039171,0.978973,0.093888,0.176811,4.097194,91.799225,20.098881,-0.010812,0.981909,0.122249,0.144201,1.794448,112.319199,23.660534,0.097771,0.99346,-0.02192,0.054744,0.610739,132.64212,28.625736,0.151646,0.97314,-0.166509,-0.047718,3.666013,146.787201,26.285225,-0.018516,0.939654,0.106971,0.324447,-2.999655,127.018311,26.780907,0.440469,-0.570492,0.086739,-0.687752,-16.793186,127.623627,16.049131,0.222443,0.074602,-0.504432,-0.830964,-8.498933,112.181915,-1.538563,0.283926,0.172961,-0.588829,-0.736716,4.233225,135.301163,-4.203217,-0.012952,0.975187,0.169604,0.14169,4.133919,126.913918,28.908882,0.362451,0.865243,0.135498,-0.318785,20.913012,126.515175,33.818256,0.03504,0.149015,0.464752,-0.872108,34.172924,113.085999,17.681328,0.042474,-0.08196,0.675588,-0.731478,21.365156,132.659256,10.526542,0.072068,0.927965,0.23405,0.280905,-3.414476,83.82885,14.884567,0.118773,0.986759,-0.041363,0.102413,-3.496472,51.933964,-2.325635,0.019495,0.974505,0.07387,0.210957,-15.048641,5.874115,0.399909,-0.082082,0.944367,0.011918,0.318264,12.715617,84.45118,24.442858,0.083021,0.881765,-0.227731,0.404643,18.609215,48.707855,25.520628,-0.031423,0.876811,0.038476,0.478262,2.879173,6.732452,41.427288,0.019495,0.974505,0.07387,0.210957,-9.264839,1.758318,-13.191995,-0.031423,0.876811,0.038476,0.478262,15.205725,2.037847,33.607521
777,6.475,-0.027235,0.963627,0.036974,0.263278,4.659344,84.136497,19.674232,-0.039095,0.978961,0.094055,0.176806,4.105883,91.795555,20.112013,-0.010781,0.981897,0.122324,0.144218,1.804916,112.315369,23.681223,0.097718,0.993464,-0.022013,0.054733,0.621949,132.637543,28.649652,0.151813,0.973111,-0.166533,-0.047693,3.675748,146.782501,26.30636,-0.018383,0.939709,0.106911,0.324314,-2.988639,127.014198,26.803823,0.440418,-0.570501,0.086953,-0.68775,-16.785366,127.622665,16.076332,0.222496,0.074429,-0.504472,-0.830941,-8.493461,112.174904,-1.507163,0.284158,0.172788,-0.588972,-0.736553,4.237106,135.291946,-4.181244,-0.01285,0.975186,0.169758,0.141528,4.144874,126.909134,28.931973,0.362755,0.865085,0.135191,-0.318998,20.925673,126.507118,33.835258,0.034734,0.149139,0.46511,-0.871908,34.167908,113.064285,17.695175,0.042252,-0.081687,0.675488,-0.731613,21.377777,132.650909,10.542653,0.07216,0.927898,0.234112,0.28105,-3.406282,83.826775,14.895971,0.118815,0.986747,-0.04131,0.1025,-3.49036,51.934963,-2.319916,0.019734,0.974507,0.073858,0.210931,-15.046197,5.875665,0.399293,-0.082143,0.944428,0.012069,0.318062,12.724972,84.44622,24.452494,0.0832,0.881769,-0.227822,0.404547,18.626392,48.70388,25.520035,-0.03138,0.876849,0.03832,0.478207,2.879886,6.735268,41.428322,0.019734,0.974507,0.073858,0.210931,-9.265515,1.75823,-13.193442,-0.03138,0.876849,0.03832,0.478207,15.204397,2.036038,33.608116
778,6.483333,-0.027176,0.963632,0.037096,0.263247,4.671013,84.132713,19.682142,-0.03921,0.978946,0.094181,0.1768,4.117941,91.791679,20.121992,-0.01058,0.981878,0.122548,0.144176,1.811114,112.312683,23.695921,0.097723,0.993467,-0.02209,0.054634,0.635311,132.632751,28.674683,0.151889,0.973094,-0.166538,-0.047772,3.688931,146.777313,26.328859,-0.018467,0.939691,0.107089,0.324304,-2.977321,127.011475,26.826515,0.440451,-0.570599,0.086976,-0.687645,-16.774166,127.619209,16.099138,0.222556,0.074403,-0.504444,-0.830945,-8.488029,112.168037,-1.484084,0.284079,0.173048,-0.58904,-0.736468,4.244764,135.284775,-4.160707,-0.012768,0.975156,0.170021,0.141421,4.156438,126.903084,28.953671,0.362678,0.8651,0.135279,-0.319008,20.938364,126.497604,33.852802,0.034859,0.149022,0.464976,-0.871994,34.183029,113.059296,17.710955,0.042377,-0.081524,0.675867,-0.731275,21.384407,132.642517,10.559795,0.072281,0.927873,0.234061,0.281143,-3.394975,83.824631,14.904387,0.118811,0.986677,-0.041316,0.103181,-3.48654,51.932369,-2.31062,0.019724,0.974521,0.073918,0.210845,-15.043928,5.873024,0.401167,-0.082528,0.944505,0.012374,0.317721,12.737001,84.440788,24.459896,0.083141,0.881965,-0.227748,0.404174,18.671932,48.703583,25.513311,-0.031302,0.877061,0.038333,0.477824,2.939749,6.730845,41.42487,0.019724,0.974521,0.073918,0.210845,-9.265308,1.757471,-13.193011,-0.031302,0.877061,0.038333,0.477824,15.256861,2.030748,33.593536
779,6.491667,-0.027146,0.96363,0.037217,0.26324,4.680592,84.128548,19.692192,-0.039087,0.978948,0.094325,0.17674,4.127481,91.787399,20.133955,-0.010646,0.981876,0.122621,0.144118,1.825086,112.305664,23.714441,0.097723,0.993471,-0.022127,0.054558,0.646415,132.624924,28.695837,0.152018,0.973078,-0.166497,-0.047839,3.699749,146.769318,26.348686,-0.018389,0.939743,0.107058,0.324166,-2.96547,127.003273,26.847326,0.440495,-0.570636,0.086921,-0.687593,-16.765549,127.612648,16.124197,0.222641,0.074341,-0.504463,-0.830916,-8.48105,112.161514,-1.459826,0.284281,0.172943,-0.589047,-0.736409,4.25129,135.278137,-4.1418,-0.012615,0.975156,0.169956,0.141519,4.168516,126.895798,28.97377,0.36278,0.865001,0.135243,-0.319176,20.949612,126.484833,33.875294,0.034807,0.149144,0.465135,-0.871891,34.185303,113.044487,17.727787,0.042247,-0.081448,0.67587,-0.731287,21.39603,132.63176,10.573287,0.072411,0.927751,0.234143,0.281446,-3.385495,83.821602,14.914529,0.11889,0.986736,-0.04119,0.102575,-3.478349,51.933468,-2.308127,0.019802,0.974538,0.073911,0.210762,-15.040141,5.874899,0.398174,-0.082508,0.944509,0.01256,0.317708,12.746679,84.435493,24.469854,0.083278,0.881968,-0.227833,0.404092,18.684576,48.698387,25.510056,-0.03132,0.877079,0.038256,0.477795,2.939367,6.731504,41.424191,0.019802,0.974538,0.073911,0.210762,-9.264556,1.758808,-13.197136,-0.03132,0.877079,0.038256,0.477795,15.255806,2.02966,33.592842
780,6.5,-0.02706,0.963623,0.037298,0.263262,4.689545,84.124893,19.700951,-0.039089,0.978927,0.09452,0.17675,4.137375,91.78373,20.144245,-0.010652,0.981873,0.122636,0.144128,1.833028,112.303925,23.733246,0.097863,0.993461,-0.02201,0.054528,0.653977,132.623032,28.715214,0.15215,0.973038,-0.166578,-0.047958,3.711046,146.767212,26.371578,-0.018474,0.93978,0.10716,0.32402,-2.957791,127.001381,26.866459,0.440727,-0.570576,0.086824,-0.687506,-16.761057,127.608536,16.147322,0.222885,0.074333,-0.504457,-0.830855,-8.472336,112.15583,-1.433323,0.284444,0.172893,-0.588878,-0.736493,4.260115,135.270935,-4.122335,-0.012334,0.975147,0.169991,0.141561,4.176147,126.893929,28.993052,0.36288,0.864941,0.135123,-0.319274,20.957058,126.472946,33.894329,0.034778,0.149286,0.465299,-0.87178,34.185997,113.028122,17.745035,0.042257,-0.081355,0.675852,-0.731314,21.407347,132.61824,10.586257,0.072405,0.927745,0.234199,0.28142,-3.376415,83.819923,14.922953,0.119005,0.98674,-0.041113,0.102427,-3.468098,51.933628,-2.303101,0.020004,0.974536,0.073796,0.210791,-15.039399,5.877066,0.396504,-0.082048,0.944534,0.012552,0.317751,12.755505,84.429863,24.478949,0.083642,0.881865,-0.228099,0.404091,18.661907,48.687252,25.509285,-0.031061,0.876866,0.03823,0.478204,2.876788,6.737688,41.429523,0.020004,0.974536,0.073796,0.210791,-9.265344,1.756493,-13.198092,-0.031061,0.876866,0.03823,0.478204,15.197943,2.031644,33.608131
781,6.508333,-0.026997,0.963625,0.037299,0.263263,4.700603,84.120552,19.711168,-0.03923,0.978903,0.094636,0.176786,4.149362,91.779434,20.154739,-0.010509,0.981866,0.122685,0.144145,1.838203,112.299179,23.747465,0.097955,0.993452,-0.021906,0.054571,0.664636,132.617905,28.732262,0.152162,0.973024,-0.166662,-0.047912,3.724388,146.762039,26.391897,-0.018472,0.939801,0.107199,0.323948,-2.94865,126.997498,26.882727,0.441012,-0.570595,0.086664,-0.687327,-16.753557,127.604904,16.165707,0.223097,0.074398,-0.504379,-0.83084,-8.464526,112.149933,-1.412812,0.284483,0.172737,-0.588876,-0.736516,4.27141,135.262421,-4.103709,-0.012288,0.975149,0.169925,0.141627,4.185262,126.887825,29.009304,0.36301,0.864916,0.134889,-0.319296,20.96557,126.465225,33.912521,0.034864,0.149367,0.46539,-0.871715,34.189163,113.011726,17.766048,0.042312,-0.081297,0.676031,-0.731152,21.414536,132.605423,10.601469,0.072493,0.927725,0.234258,0.281416,-3.365405,83.816734,14.933175,0.119058,0.98674,-0.041051,0.102393,-3.461763,51.933365,-2.298286,0.019906,0.974544,0.073681,0.210806,-15.037354,5.877528,0.395344,-0.081942,0.944537,0.012713,0.317764,12.766611,84.424377,24.489161,0.083714,0.881881,-0.228144,0.404015,18.669506,48.680801,25.506111,-0.031336,0.876882,0.038154,0.478163,2.878088,6.734344,41.42831,0.019906,0.974544,0.073681,0.210806,-9.262243,1.754138,-13.197952,-0.031336,0.876882,0.038154,0.478163,15.200716,2.03025,33.608063
782,6.516667,-0.026953,0.963625,0.037336,0.263262,4.708637,84.117523,19.719578,-0.039148,0.978885,0.094771,0.176832,4.157906,91.776398,20.163876,-0.010585,0.981847,0.12274,0.144224,1.848901,112.295868,23.762686,0.097896,0.993455,-0.021922,0.054619,0.671497,132.613953,28.749142,0.152366,0.973001,-0.166624,-0.04785,3.729794,146.758347,26.408363,-0.018337,0.939798,0.107273,0.323938,-2.940645,126.993195,26.898447,0.441362,-0.57059,0.086548,-0.687122,-16.745945,127.60582,16.182228,0.223404,0.074512,-0.504315,-0.830786,-8.455601,112.145889,-1.391312,0.284596,0.172685,-0.58893,-0.736442,4.282084,135.255264,-4.084726,-0.012187,0.975139,0.169973,0.141651,4.192905,126.884369,29.026281,0.363134,0.864869,0.134783,-0.319325,20.973066,126.457916,33.92968,0.03492,0.149371,0.46552,-0.871642,34.191273,112.998451,17.783775,0.042395,-0.081379,0.676073,-0.731099,21.422873,132.595276,10.618196,0.072416,0.927748,0.234313,0.281312,-3.357428,83.814682,14.941613,0.119221,0.986759,-0.040935,0.102064,-3.44935,51.932369,-2.291818,0.020333,0.974516,0.073797,0.210853,-15.038039,5.879322,0.393194,-0.081952,0.944596,0.012858,0.317578,12.774703,84.420357,24.49754,0.083855,0.88192,-0.228193,0.403873,18.68178,48.67717,25.503695,-0.031673,0.876901,0.037978,0.47812,2.879471,6.735075,41.426582,0.020333,0.974516,0.073797,0.210853,-9.265574,1.756918,-13.201528,-0.031673,0.876901,0.037978,0.47812,15.203646,2.031236,33.608616
783,6.525,-0.026907,0.963603,0.037535,0.263318,4.717611,84.114693,19.725769,-0.039184,0.978875,0.094844,0.176845,4.166727,91.773376,20.173161,-0.010532,0.981835,0.12286,0.144204,1.855594,112.292755,23.774752,0.098112,0.993437,-0.021819,0.054601,0.679756,132.609665,28.766409,0.152333,0.972997,-0.166657,-0.047934,3.744026,146.753296,26.428905,-0.018328,0.939804,0.10728,0.323918,-2.932843,126.989601,26.914478,0.441272,-0.570523,0.086698,-0.687216,-16.738623,127.602539,16.198889,0.223417,0.074522,-0.504307,-0.830786,-8.445755,112.141106,-1.372138,0.284686,0.172732,-0.588919,-0.736404,4.292312,135.250381,-4.065329,-0.012113,0.975113,0.170053,0.14174,4.200809,126.879761,29.041922,0.363245,0.86481,0.134972,-0.31928,20.98015,126.449875,33.94783,0.035034,0.1492,0.465571,-0.871639,34.19577,112.989403,17.800634,0.042509,-0.08132,0.676299,-0.73089,21.426674,132.588608,10.63936,0.072587,0.92771,0.234284,0.281417,-3.347955,83.813705,14.946844,0.119204,0.98675,-0.040921,0.102179,-3.450037,51.932217,-2.288043,0.020073,0.974556,0.073743,0.210713,-15.037285,5.87866,0.394462,-0.081935,0.944564,0.013,0.317673,12.783175,84.41568,24.504692,0.083913,0.881838,-0.228295,0.403982,18.692238,48.672554,25.501287,-0.031429,0.876903,0.038071,0.478125,2.879418,6.735796,41.427811,0.020073,0.974556,0.073743,0.210713,-9.266176,1.756236,-13.200831,-0.031429,0.876903,0.038071,0.478125,15.201858,2.030879,33.60775
784,6.533333,-0.026931,0.963606,0.037713,0.263279,4.728937,84.113968,19.732548,-0.039175,0.978858,0.094961,0.176873,4.177001,91.772423,20.182499,-0.01056,0.981814,0.122961,0.144256,1.865334,112.290314,23.78874,0.098396,0.993413,-0.021642,0.0546,0.687454,132.606155,28.784271,0.152288,0.972993,-0.166669,-0.048105,3.759591,146.748993,26.452312,-0.018208,0.939791,0.107296,0.323957,-2.924525,126.986183,26.93082,0.441591,-0.57056,0.086504,-0.687005,-16.729548,127.603386,16.214518,0.223692,0.074742,-0.504244,-0.830731,-8.437142,112.139633,-1.354679,0.284819,0.172807,-0.588947,-0.736314,4.302045,135.247452,-4.044881,-0.012034,0.9751,0.170096,0.14178,4.208891,126.87645,29.059052,0.363269,0.86478,0.135007,-0.319319,20.98789,126.44339,33.965828,0.034929,0.149185,0.465609,-0.871626,34.201389,112.983231,17.816652,0.042406,-0.081248,0.676292,-0.73091,21.433584,132.5849,10.658338,0.072654,0.927738,0.234291,0.281303,-3.336977,83.813408,14.95419,0.119311,0.986731,-0.040886,0.102248,-3.445482,51.932823,-2.28235,0.019975,0.974546,0.073698,0.210782,-15.042546,5.881429,0.394945,-0.081893,0.944539,0.013107,0.317753,12.79485,84.414528,24.510904,0.084003,0.881801,-0.22839,0.40399,18.703453,48.671108,25.499729,-0.031204,0.876889,0.038189,0.478157,2.879512,6.739935,41.42989,0.019975,0.974546,0.073698,0.210782,-9.268722,1.758179,-13.198939,-0.031204,0.876889,0.038189,0.478157,15.200957,2.034851,33.608376
785,6.541667,-0.026891,0.963599,0.037843,0.263291,4.736765,84.112671,19.738289,-0.039172,0.978846,0.095074,0.176884,4.184891,91.771004,20.190323,-0.010553,0.981802,0.123051,0.144262,1.87247,112.288162,23.801172,0.098383,0.993419,-0.021569,0.054537,0.694323,132.603073,28.800402,0.152443,0.972975,-0.166604,-0.048205,3.76576,146.746368,26.470295,-0.018229,0.939816,0.107223,0.323908,-2.917577,126.983414,26.945883,0.441493,-0.570523,0.086561,-0.687091,-16.723703,127.598907,16.230894,0.22366,0.074762,-0.504184,-0.830774,-8.429685,112.136414,-1.33865,0.284819,0.172793,-0.58883,-0.73641,4.311892,135.241592,-4.026125,-0.012082,0.975086,0.17008,0.141895,4.215817,126.873375,29.074177,0.363458,0.864697,0.135031,-0.319319,20.993637,126.441368,33.985077,0.034939,0.149125,0.465677,-0.871599,34.200321,112.974998,17.835508,0.042194,-0.081139,0.676522,-0.730721,21.434244,132.579742,10.679288,0.072762,0.927771,0.234241,0.281207,-3.329078,83.813484,14.959724,0.119261,0.986689,-0.040902,0.102703,-3.447698,51.932369,-2.275769,0.019963,0.974568,0.073797,0.21065,-15.041532,5.879974,0.3982,-0.081882,0.944537,0.013241,0.317756,12.802609,84.41185,24.516855,0.0841,0.881802,-0.228498,0.403907,18.713524,48.668556,25.496275,-0.031596,0.876925,0.038037,0.478077,2.879144,6.743598,41.432423,0.019963,0.974568,0.073797,0.21065,-9.270892,1.759803,-13.197968,-0.031596,0.876925,0.038037,0.478077,15.202108,2.040164,33.612305
786,6.55,-0.026862,0.963588,0.037923,0.263322,4.745712,84.110847,19.744135,-0.039167,0.978825,0.095229,0.176916,4.193922,91.769119,20.197454,-0.010464,0.981789,0.123138,0.144286,1.880666,112.28315,23.814226,0.098299,0.993424,-0.02167,0.054557,0.70555,132.597244,28.817469,0.152472,0.972988,-0.16653,-0.048114,3.77479,146.74054,26.484406,-0.018259,0.939821,0.107274,0.323875,-2.907177,126.978516,26.961739,0.441321,-0.570494,0.086691,-0.68721,-16.71401,127.593491,16.247627,0.223605,0.074789,-0.504161,-0.8308,-8.419447,112.131561,-1.322159,0.28487,0.172943,-0.588666,-0.736486,4.323392,135.236938,-4.006636,-0.012155,0.975051,0.170169,0.142019,4.226146,126.866936,29.090193,0.363591,0.864611,0.135081,-0.319379,21.002674,126.436218,34.00563,0.034908,0.149097,0.465799,-0.87154,34.202663,112.966873,17.853065,0.042099,-0.081177,0.676396,-0.73084,21.442076,132.575165,10.699152,0.072793,0.927832,0.234242,0.280999,-3.319854,83.812599,14.965042,0.119317,0.986685,-0.040845,0.102704,-3.444365,51.931835,-2.271044,0.019908,0.974578,0.073795,0.210608,-15.042788,5.880251,0.397025,-0.08186,0.944572,0.013369,0.317653,12.811279,84.409088,24.523228,0.084213,0.881808,-0.228572,0.403829,18.723753,48.665775,25.49271,-0.03156,0.876917,0.038008,0.478097,2.878659,6.745869,41.431496,0.019908,0.974578,0.073795,0.210608,-9.272763,1.760351,-13.199491,-0.03156,0.876917,0.038008,0.478097,15.201521,2.041182,33.611973
787,6.558333,-0.026825,0.963584,0.037983,0.263331,4.754174,84.10833,19.749668,-0.039159,0.978801,0.095418,0.176951,4.202682,91.766563,20.20402,-0.010545,0.98178,0.123135,0.144344,1.888274,112.279037,23.828434,0.098258,0.993425,-0.021699,0.054599,0.709553,132.593079,28.831011,0.152566,0.97299,-0.166447,-0.048064,3.77783,146.73645,26.497162,-0.018228,0.939812,0.107317,0.32389,-2.902112,126.973793,26.974926,0.441352,-0.570425,0.086713,-0.687244,-16.708643,127.590332,16.260515,0.223671,0.074891,-0.504122,-0.830797,-8.410356,112.128151,-1.307282,0.284886,0.173041,-0.588506,-0.736585,4.332961,135.231796,-3.988413,-0.012129,0.975022,0.170234,0.142143,4.230934,126.863289,29.104359,0.363709,0.864556,0.135052,-0.319406,21.006254,126.430595,34.023746,0.034886,0.14911,0.465943,-0.871462,34.201145,112.956909,17.870634,0.042055,-0.081271,0.676409,-0.73082,21.447426,132.569427,10.717104,0.072761,0.92789,0.23428,0.280783,-3.311337,83.81105,14.97042,0.119413,0.986785,-0.040656,0.101698,-3.436879,51.931244,-2.267441,0.019951,0.974597,0.073745,0.210534,-15.039743,5.880377,0.393735,-0.081812,0.944568,0.01345,0.317676,12.819683,84.405609,24.528915,0.084299,0.881815,-0.228568,0.403799,18.730764,48.661892,25.491879,-0.0316,0.876882,0.037954,0.478162,2.879251,6.74319,41.427464,0.019951,0.974597,0.073745,0.210534,-9.272271,1.758876,-13.20338,-0.0316,0.876882,0.037954,0.478162,15.203383,2.037707,33.610413
788,6.566667,-0.026751,0.963592,0.037966,0.263313,4.759646,84.105469,19.757191,-0.038981,0.978792,0.095573,0.176955,4.20934,91.763779,20.211597,-0.010699,0.981769,0.123143,0.144396,1.901325,112.273468,23.843311,0.09828,0.993421,-0.021671,0.05465,0.715923,132.587296,28.845182,0.152558,0.972997,-0.166416,-0.048048,3.785018,146.730667,26.512346,-0.018243,0.939834,0.107295,0.323833,-2.893826,126.966904,26.988728,0.441276,-0.570428,0.086603,-0.687305,-16.701635,127.582458,16.275909,0.223645,0.074992,-0.504005,-0.830866,-8.402575,112.12587,-1.296459,0.284863,0.173035,-0.588412,-0.73667,4.34635,135.227753,-3.970805,-0.012077,0.974995,0.170233,0.142336,4.238947,126.858543,29.119188,0.36369,0.864547,0.135837,-0.31912,21.012398,126.422928,34.044685,0.035224,0.148965,0.465752,-0.871575,34.217037,112.960732,17.889959,0.041953,-0.081297,0.676454,-0.730781,21.453196,132.564423,10.734755,0.072804,0.927876,0.234334,0.280772,-3.306119,83.809441,14.978295,0.119441,0.986783,-0.040652,0.101691,-3.433619,51.931919,-2.263778,0.020015,0.974615,0.073695,0.210461,-15.039047,5.881667,0.396825,-0.081782,0.944574,0.013513,0.317662,12.825413,84.401497,24.536085,0.084366,0.881805,-0.228547,0.403818,18.735901,48.657547,25.493998,-0.031737,0.876858,0.037992,0.478195,2.87921,6.739011,41.424885,0.020015,0.974615,0.073695,0.210461,-9.274322,1.758431,-13.20093,-0.031737,0.876858,0.037992,0.478195,15.205338,2.036468,33.609211
789,6.575,-0.026735,0.963585,0.038101,0.26332,4.768447,84.104866,19.762028,-0.039048,0.978764,0.095739,0.177004,4.217831,91.763031,20.218496,-0.010718,0.981757,0.123171,0.144456,1.905843,112.269638,23.856043,0.098216,0.993423,-0.021679,0.054729,0.719204,132.58316,28.858875,0.152634,0.973004,-0.166345,-0.047914,3.786794,146.726837,26.525965,-0.018149,0.9398,0.10738,0.323908,-2.890144,126.962753,27.001657,0.441282,-0.570375,0.086671,-0.687336,-16.696371,127.582672,16.28705,0.223673,0.075041,-0.503945,-0.83089,-8.394919,112.124573,-1.28286,0.284822,0.17304,-0.588295,-0.736778,4.356979,135.225372,-3.955023,-0.012085,0.974961,0.170375,0.1424,4.242365,126.8545,29.133013,0.363686,0.864561,0.135942,-0.319042,21.015171,126.418045,34.060638,0.035114,0.149045,0.465782,-0.87155,34.222431,112.956909,17.907167,0.041817,-0.081267,0.676271,-0.730961,21.460903,132.562332,10.751048,0.072931,0.927901,0.234222,0.280751,-3.297271,83.809807,14.982992,0.119419,0.986728,-0.040651,0.10225,-3.436059,51.92981,-2.254412,0.019902,0.974611,0.073761,0.210468,-15.040911,5.879039,0.399742,-0.081744,0.944604,0.013541,0.317582,12.834165,84.399925,24.541061,0.084447,0.881814,-0.228583,0.40376,18.742796,48.655586,25.495613,-0.031851,0.876874,0.037933,0.478162,2.879094,6.739912,41.42701,0.019902,0.974611,0.073761,0.210468,-9.274713,1.758348,-13.198158,-0.031851,0.876874,0.037933,0.478162,15.205425,2.037456,33.61161
790,6.583333,-0.026784,0.963575,0.038285,0.263324,4.777906,84.10498,19.765156,-0.03904,0.978733,0.095899,0.17709,4.225815,91.762886,20.224148,-0.01084,0.98172,0.123306,0.144581,1.912454,112.270332,23.868467,0.098409,0.993399,-0.021652,0.054831,0.719327,132.582352,28.875864,0.152584,0.973016,-0.166323,-0.047912,3.792814,146.724991,26.544397,-0.018138,0.939709,0.10765,0.324084,-2.888091,126.961494,27.016273,0.441149,-0.570285,0.086957,-0.68746,-16.69034,127.585556,16.296785,0.223669,0.075028,-0.503926,-0.830904,-8.386232,112.122917,-1.267871,0.284846,0.17315,-0.588316,-0.736726,4.367272,135.224045,-3.940327,-0.011894,0.974932,0.17042,0.142556,4.243843,126.8545,29.149611,0.363615,0.864563,0.136405,-0.318919,21.015247,126.410362,34.08131,0.035171,0.149002,0.465841,-0.871524,34.228958,112.958763,17.925175,0.041982,-0.08135,0.676276,-0.730938,21.47047,132.564194,10.770275,0.07301,0.927883,0.234283,0.280738,-3.287717,83.809944,14.985961,0.119495,0.986762,-0.040627,0.101843,-3.430732,51.932865,-2.256811,0.019865,0.974628,0.073715,0.210409,-15.04133,5.883649,0.399185,-0.081746,0.944571,0.013576,0.317678,12.84353,84.400017,24.544352,0.08453,0.88173,-0.228684,0.40387,18.752964,48.655754,25.497213,-0.031788,0.876891,0.037994,0.47813,2.876754,6.74578,41.431175,0.019865,0.974628,0.073715,0.210409,-9.276486,1.761882,-13.198961,-0.031788,0.876891,0.037994,0.47813,15.202221,2.043979,33.614014
791,6.591667,-0.026791,0.96356,0.038389,0.263363,4.786391,84.106384,19.769741,-0.039041,0.978705,0.096033,0.17717,4.233752,91.764168,20.230213,-0.010897,0.981695,0.123384,0.14468,1.919279,112.268639,23.879436,0.098397,0.993397,-0.021669,0.054873,0.722848,132.579803,28.889538,0.152635,0.973033,-0.166178,-0.047901,3.796205,146.722397,26.557695,-0.018014,0.939651,0.107824,0.324201,-2.883554,126.958809,27.028358,0.441136,-0.570266,0.087082,-0.687468,-16.683306,127.589394,16.306042,0.223762,0.0751,-0.503875,-0.830904,-8.379195,112.12323,-1.2555,0.285102,0.173013,-0.588396,-0.736596,4.37675,135.223755,-3.926752,-0.011893,0.974901,0.170519,0.142654,4.247934,126.852295,29.163202,0.363627,0.864561,0.136559,-0.318843,21.018366,126.407066,34.098103,0.035105,0.149012,0.465929,-0.871478,34.234028,112.956871,17.942398,0.042039,-0.081298,0.676227,-0.730986,21.479078,132.566452,10.788383,0.073157,0.927884,0.234231,0.28074,-3.278843,83.81176,14.989866,0.119451,0.986759,-0.040618,0.101921,-3.432765,51.934475,-2.252419,0.019791,0.974657,0.073796,0.210253,-15.039414,5.884192,0.402196,-0.081715,0.944508,0.013642,0.31787,12.851625,84.401009,24.549614,0.084635,0.881732,-0.228727,0.403819,18.760317,48.656525,25.498444,-0.031954,0.876868,0.037979,0.478163,2.874719,6.750149,41.432487,0.019791,0.974657,0.073796,0.210253,-9.277843,1.765317,-13.198214,-0.031954,0.876868,0.037979,0.478163,15.202204,2.050331,33.617325
792,6.6,-0.026768,0.963547,0.038524,0.263396,4.794532,84.108055,19.772852,-0.039065,0.978675,0.096195,0.177246,4.241682,91.765694,20.235413,-0.010944,0.981674,0.123442,0.144772,1.924939,112.267387,23.8906,0.098337,0.993398,-0.021671,0.054965,0.725753,132.577911,28.902657,0.152655,0.973045,-0.166124,-0.047787,3.797795,146.72081,26.570978,-0.017984,0.939618,0.107877,0.324281,-2.879794,126.95681,27.040159,0.440998,-0.570155,0.087311,-0.68762,-16.677776,127.589287,16.31567,0.223798,0.075089,-0.503843,-0.830914,-8.36937,112.121025,-1.241991,0.285215,0.173071,-0.588516,-0.736443,4.388245,135.220215,-3.914252,-0.011996,0.974875,0.170558,0.142774,4.251285,126.850677,29.176399,0.363792,0.864511,0.136859,-0.318663,21.020435,126.40802,34.115902,0.035224,0.149081,0.466054,-0.871394,34.235836,112.955177,17.962175,0.04202,-0.081189,0.676178,-0.731045,21.488174,132.566254,10.803221,0.073201,0.927907,0.234121,0.280745,-3.270395,83.814568,14.992385,0.119482,0.986772,-0.040515,0.101802,-3.42954,51.934029,-2.243839,0.019708,0.974671,0.073823,0.210186,-15.037797,5.883652,0.402261,-0.08167,0.9445,0.013642,0.317904,12.859458,84.401543,24.553318,0.084684,0.881738,-0.228735,0.403791,18.765039,48.656517,25.501316,-0.031821,0.876884,0.038018,0.478139,2.875602,6.751248,41.434437,0.019708,0.974671,0.073823,0.210186,-9.277137,1.766095,-13.198935,-0.031821,0.876884,0.038018,0.478139,15.201632,2.050554,33.617504
793,6.608333,-0.026741,0.963534,0.03859,0.263436,4.800554,84.106934,19.776676,-0.039028,0.978651,0.096318,0.177317,4.247818,91.764519,20.240299,-0.010937,0.981652,0.123522,0.144855,1.931315,112.266159,23.900723,0.098312,0.993394,-0.02168,0.055071,0.731519,132.575867,28.915945,0.152591,0.973058,-0.166144,-0.047655,3.8033,146.718842,26.584312,-0.018117,0.939631,0.10787,0.324237,-2.87378,126.955116,27.051914,0.440989,-0.570142,0.087222,-0.687648,-16.672583,127.582993,16.328211,0.223882,0.075149,-0.50379,-0.830918,-8.36268,112.118164,-1.231769,0.285355,0.173106,-0.588491,-0.7364,4.397516,135.216629,-3.903032,-0.01192,0.974884,0.170411,0.142893,4.256941,126.848557,29.189327,0.363875,0.864458,0.136971,-0.318663,21.024965,126.403343,34.132412,0.03518,0.149095,0.466148,-0.871343,34.237389,112.949692,17.976923,0.041964,-0.080972,0.676372,-0.730892,21.493515,132.565063,10.818216,0.073321,0.927885,0.234038,0.280856,-3.264004,83.814293,14.995536,0.119449,0.986786,-0.040445,0.101731,-3.430911,51.932186,-2.237715,0.019665,0.974691,0.073864,0.210082,-15.03528,5.880528,0.403002,-0.08165,0.944534,0.013692,0.317807,12.865112,84.399574,24.557817,0.084733,0.881695,-0.22874,0.403871,18.770557,48.654408,25.501274,-0.032006,0.876859,0.037963,0.478176,2.875379,6.750152,41.431343,0.019665,0.974691,0.073864,0.210082,-9.276911,1.764509,-13.199627,-0.032006,0.876859,0.037963,0.478176,15.203508,2.050685,33.616982
794,6.616667,-0.026726,0.963527,0.038605,0.263461,4.807965,84.107887,19.782612,-0.038987,0.978632,0.096508,0.177329,4.255383,91.765472,20.246494,-0.011066,0.981646,0.123513,0.144888,1.939523,112.262138,23.914299,0.098248,0.993403,-0.021554,0.055076,0.734299,132.571823,28.928333,0.152562,0.973061,-0.166138,-0.047704,3.804117,146.71579,26.600208,-0.018146,0.939605,0.107894,0.324302,-2.869451,126.950096,27.064245,0.440877,-0.570034,0.087332,-0.687795,-16.666756,127.577545,16.338591,0.223965,0.075182,-0.503821,-0.830874,-8.35168,112.113846,-1.219943,0.285741,0.173101,-0.588409,-0.736318,4.406727,135.21344,-3.892525,-0.011956,0.974878,0.170355,0.142997,4.261086,126.845383,29.202362,0.363839,0.864475,0.137189,-0.318565,21.028036,126.401054,34.149178,0.035281,0.149087,0.46603,-0.871404,34.244865,112.951408,17.993958,0.041869,-0.080834,0.676574,-0.730726,21.495611,132.56218,10.833099,0.073453,0.927868,0.233967,0.280938,-3.256363,83.815613,15.00106,0.119462,0.986777,-0.040376,0.10183,-3.432118,51.932526,-2.2303,0.019831,0.974676,0.073837,0.210148,-15.037274,5.880609,0.402619,-0.081553,0.944521,0.013761,0.317868,12.872293,84.400162,24.564163,0.084692,0.881631,-0.228691,0.404047,18.772692,48.653992,25.501072,-0.031845,0.876792,0.038041,0.478303,2.87955,6.746948,41.42585,0.019831,0.974676,0.073837,0.210148,-9.278824,1.762833,-13.199446,-0.031845,0.876792,0.038041,0.478303,15.208785,2.047212,33.613392
795,6.625,-0.026704,0.963519,0.038657,0.263483,4.813282,84.107498,19.78886,-0.038954,0.978607,0.096589,0.177433,4.260797,91.765038,20.253595,-0.011091,0.98162,0.123562,0.145024,1.945302,112.261261,23.924721,0.098159,0.993401,-0.021618,0.055237,0.738075,132.570404,28.940422,0.152532,0.973088,-0.16607,-0.047482,3.806117,146.714539,26.610863,-0.018125,0.939597,0.107885,0.324331,-2.864987,126.948761,27.07477,0.440907,-0.569967,0.087383,-0.687825,-16.66165,127.57692,16.348331,0.224044,0.075225,-0.503812,-0.830854,-8.343228,112.111984,-1.207528,0.285684,0.173354,-0.58836,-0.736319,4.415562,135.211899,-3.880348,-0.011939,0.974871,0.170319,0.143092,4.264953,126.844048,29.214874,0.363742,0.864536,0.136668,-0.318735,21.03097,126.398758,34.164761,0.03486,0.149368,0.466082,-0.871345,34.245937,112.945084,18.011368,0.041591,-0.080735,0.67643,-0.730886,21.502647,132.560104,10.848204,0.073512,0.927869,0.233895,0.280977,-3.250849,83.815887,15.006937,0.119405,0.986755,-0.04035,0.102124,-3.431326,51.930981,-2.221002,0.019772,0.974705,0.073897,0.209995,-15.031782,5.877584,0.406604,-0.081516,0.944455,0.013891,0.318066,12.877414,84.399101,24.570786,0.084771,0.881672,-0.228719,0.403925,18.778103,48.652752,25.499189,-0.032179,0.876818,0.037884,0.478246,2.879544,6.748229,41.42519,0.019772,0.974705,0.073897,0.209995,-9.276743,1.762018,-13.197576,-0.032179,0.876818,0.037884,0.478246,15.210136,2.049212,33.614437
796,6.633333,-0.026713,0.9635,0.038766,0.263535,4.820576,84.109116,19.793573,-0.038896,0.97859,0.096655,0.177501,4.267499,91.76651,20.259855,-0.011165,0.981588,0.123712,0.145105,1.953655,112.262367,23.933918,0.098337,0.993377,-0.021598,0.055369,0.742055,132.569901,28.955101,0.152303,0.97312,-0.166118,-0.047393,3.815699,146.713013,26.626858,-0.018219,0.939551,0.107994,0.32442,-2.859708,126.948166,27.087206,0.440823,-0.569916,0.08749,-0.687907,-16.654221,127.574814,16.357916,0.22404,0.075254,-0.503839,-0.830837,-8.333878,112.109352,-1.196566,0.285779,0.173421,-0.588498,-0.736156,4.423516,135.210739,-3.868447,-0.011894,0.974842,0.170434,0.143156,4.269856,126.844063,29.228596,0.36371,0.864539,0.136823,-0.318697,21.035273,126.396248,34.180283,0.034736,0.149361,0.466115,-0.871333,34.25259,112.946106,18.025892,0.041575,-0.080683,0.676256,-0.731054,21.510733,132.563156,10.865895,0.073588,0.927796,0.233961,0.281144,-3.243038,83.81794,15.010754,0.119488,0.98681,-0.040281,0.101517,-3.424109,51.936077,-2.222802,0.019952,0.974724,0.073868,0.209904,-15.03,5.884037,0.404616,-0.081487,0.94445,0.013976,0.318086,12.88419,84.400291,24.576393,0.084822,0.881631,-0.2288,0.403958,18.784779,48.653759,25.498417,-0.031934,0.87681,0.037961,0.478271,2.87846,6.753558,41.428028,0.019952,0.974724,0.073868,0.209904,-9.279284,1.766734,-13.200863,-0.031934,0.87681,0.037961,0.478271,15.207588,2.053036,33.615883
797,6.641667,-0.026705,0.963478,0.038909,0.263596,4.828336,84.110764,19.798241,-0.038933,0.978569,0.096713,0.177579,4.274762,91.768005,20.266626,-0.011224,0.981564,0.123809,0.145183,1.958541,112.264565,23.942802,0.098161,0.993383,-0.021656,0.055559,0.743531,132.571014,28.96747,0.152209,0.973161,-0.166063,-0.047038,3.813009,146.714828,26.637882,-0.018259,0.939511,0.108084,0.324505,-2.857206,126.949181,27.097931,0.440962,-0.569872,0.087451,-0.68786,-16.649746,127.575912,16.36611,0.224189,0.075357,-0.503826,-0.830795,-8.326527,112.109016,-1.185746,0.285847,0.173519,-0.588499,-0.736106,4.430317,135.209869,-3.856989,-0.011864,0.974791,0.170594,0.143319,4.272002,126.845573,29.24053,0.363599,0.864575,0.136967,-0.318662,21.035803,126.394966,34.197437,0.034558,0.149354,0.466122,-0.871338,34.258205,112.950943,18.042107,0.041555,-0.080592,0.676341,-0.730986,21.516644,132.56958,10.886483,0.073659,0.927788,0.23391,0.281193,-3.234682,83.820488,15.014359,0.119532,0.986777,-0.040306,0.101774,-3.420702,51.937653,-2.217346,0.019867,0.974721,0.073881,0.209919,-15.031561,5.886799,0.408942,-0.081481,0.944465,0.014011,0.318043,12.891354,84.401047,24.582121,0.084935,0.881649,-0.228838,0.403875,18.792444,48.654526,25.501299,-0.032043,0.876822,0.037958,0.478243,2.876858,6.757817,41.430847,0.019867,0.974721,0.073881,0.209919,-9.279559,1.770318,-13.196243,-0.032043,0.876822,0.037958,0.478243,15.206482,2.058775,33.618591
798,6.65,-0.026764,0.96346,0.039123,0.263625,4.837692,84.111061,19.801279,-0.038944,0.97855,0.096743,0.177662,4.282362,91.76799,20.272577,-0.011251,0.981533,0.123934,0.145279,1.965096,112.264931,23.949823,0.098304,0.993365,-0.021569,0.055651,0.747721,132.570068,28.979263,0.152017,0.973189,-0.166079,-0.04703,3.821551,146.71344,26.652723,-0.018324,0.939407,0.108368,0.324707,-2.852266,126.948456,27.107616,0.440865,-0.569816,0.087707,-0.687936,-16.640135,127.57708,16.369898,0.224163,0.075418,-0.503872,-0.830768,-8.315987,112.105087,-1.177022,0.285972,0.173584,-0.588528,-0.736018,4.438643,135.209152,-3.8457,-0.011892,0.974758,0.170715,0.143391,4.276522,126.844788,29.251614,0.36355,0.864608,0.136983,-0.318622,21.039581,126.394058,34.211021,0.034381,0.149397,0.46615,-0.871322,34.265049,112.951569,18.056927,0.041469,-0.08062,0.676171,-0.731145,21.525482,132.572098,10.903572,0.073801,0.92776,0.233837,0.281308,-3.224976,83.820793,15.016803,0.119501,0.986781,-0.040264,0.101791,-3.419942,51.937,-2.213034,0.019975,0.974735,0.073965,0.209812,-15.027608,5.885127,0.40947,-0.081791,0.94436,0.014328,0.31826,12.90036,84.401321,24.585754,0.084667,0.88163,-0.228764,0.404014,18.829567,48.659119,25.491806,-0.031917,0.877003,0.038046,0.477912,2.936488,6.754833,41.423908,0.019975,0.974735,0.073965,0.209812,-9.279366,1.770604,-13.197897,-0.031917,0.877003,0.038046,0.477912,15.259513,2.056139,33.601028
799,6.658333,-0.026795,0.963441,0.039223,0.263678,4.845449,84.111443,19.805218,-0.038992,0.978519,0.096892,0.177744,4.289235,91.768227,20.277832,-0.01126,0.981513,0.123995,0.145367,1.968697,112.263023,23.960419,0.098355,0.993357,-0.021497,0.055733,0.750151,132.56752,28.992155,0.151954,0.973205,-0.166056,-0.046985,3.825688,146.710922,26.66802,-0.018403,0.939411,0.108258,0.324728,-2.849423,126.946083,27.119165,0.441109,-0.569767,0.087409,-0.687858,-16.636715,127.57093,16.380501,0.22432,0.075583,-0.503866,-0.830714,-8.307188,112.103638,-1.168017,0.285986,0.173628,-0.588488,-0.736035,4.445762,135.207504,-3.833597,-0.011933,0.974762,0.170699,0.14338,4.278975,126.842262,29.264433,0.363498,0.86466,0.13683,-0.318606,21.042109,126.393082,34.223701,0.034231,0.149447,0.466124,-0.871333,34.269955,112.949326,18.072611,0.041372,-0.080604,0.676168,-0.731155,21.529694,132.57048,10.920363,0.073798,0.927736,0.233831,0.281393,-3.216666,83.821167,15.019819,0.1196,0.98677,-0.040243,0.101791,-3.409946,51.937134,-2.209587,0.020074,0.974743,0.073915,0.209783,-15.026602,5.88736,0.409955,-0.081346,0.944366,0.0142,0.318361,12.907563,84.401726,24.590614,0.084985,0.881542,-0.228941,0.404038,18.803513,48.653999,25.495758,-0.032275,0.876805,0.037841,0.478268,2.877069,6.762591,41.428387,0.020074,0.974743,0.073915,0.209783,-9.280249,1.770882,-13.197615,-0.032275,0.876805,0.037841,0.478268,15.208733,2.063845,33.619179
800,6.666667,-0.026742,0.96341,0.039209,0.263799,4.849911,84.107651,19.810856,-0.039008,0.978498,0.096956,0.177818,4.294487,91.764496,20.283411,-0.011325,0.981498,0.124034,0.145427,1.972375,112.260315,23.968609,0.098114,0.993378,-0.021539,0.055774,0.750615,132.564346,29.00148,0.152096,0.973214,-0.165911,-0.046857,3.819506,146.708939,26.675886,-0.018421,0.939383,0.108244,0.324812,-2.848004,126.942574,27.127636,0.441312,-0.569724,0.087223,-0.687786,-16.63336,127.567017,16.386457,0.224475,0.075766,-0.50382,-0.830684,-8.299828,112.101532,-1.161741,0.286046,0.173596,-0.588542,-0.735976,4.454231,135.205582,-3.823002,-0.012026,0.974739,0.170784,0.143427,4.280115,126.839493,29.273874,0.363433,0.864746,0.1367,-0.318502,21.042702,126.392769,34.235226,0.034106,0.149549,0.46607,-0.87135,34.276184,112.947502,18.090002,0.041256,-0.080574,0.676152,-0.73118,21.534386,132.568283,10.935918,0.073777,0.927711,0.233846,0.281472,-3.211062,83.818367,15.023468,0.11972,0.98677,-0.040188,0.101673,-3.401169,51.934616,-2.206503,0.020094,0.974723,0.073861,0.209896,-15.028015,5.887127,0.408026,-0.081326,0.944379,0.01435,0.318322,12.910883,84.396927,24.598242,0.08492,0.881375,-0.22898,0.404393,18.808931,48.649269,25.492371,-0.032056,0.876771,0.037992,0.478333,2.880046,6.758499,41.424248,0.020094,0.974723,0.073861,0.209896,-9.278947,1.768864,-13.197857,-0.032056,0.876771,0.037992,0.478333,15.211505,2.060522,33.61425
801,6.675,-0.026667,0.963376,0.039179,0.263932,4.85352,84.106155,19.81695,-0.039034,0.978469,0.09705,0.177922,4.299253,91.7631,20.289289,-0.011307,0.981488,0.124006,0.14552,1.975247,112.255669,23.977415,0.098175,0.993374,-0.021377,0.055788,0.753913,132.560013,29.009115,0.1521,0.97322,-0.165843,-0.04696,3.824423,146.705048,26.688307,-0.018424,0.939384,0.108261,0.324804,-2.844737,126.938393,27.134878,0.44125,-0.569598,0.087325,-0.687918,-16.630268,127.562904,16.393936,0.224426,0.07578,-0.503879,-0.83066,-8.290479,112.097931,-1.151738,0.286052,0.17363,-0.588346,-0.736123,4.460083,135.20343,-3.811826,-0.012129,0.974719,0.170818,0.143517,4.282984,126.834938,29.282417,0.363348,0.864832,0.136882,-0.318287,21.044571,126.391029,34.247391,0.034229,0.149596,0.465932,-0.871411,34.287876,112.949249,18.107325,0.041186,-0.080699,0.676142,-0.73118,21.540741,132.564087,10.948341,0.073719,0.927703,0.233835,0.281521,-3.206199,83.818184,15.02738,0.119773,0.98679,-0.040098,0.101452,-3.391737,51.933468,-2.200839,0.02016,0.974755,0.073843,0.209747,-15.02209,5.886501,0.407295,-0.081281,0.944341,0.014529,0.318437,12.913239,84.394119,24.60652,0.084905,0.881346,-0.229015,0.404442,18.812252,48.646313,25.488142,-0.0321,0.876778,0.037962,0.478319,2.882458,6.756824,41.422474,0.02016,0.974755,0.073843,0.209747,-9.277748,1.767492,-13.200355,-0.0321,0.876778,0.037962,0.478319,15.213948,2.058692,33.612625
802,6.683333,-0.026701,0.963349,0.039297,0.26401,4.86149,84.10331,19.821701,-0.039099,0.978426,0.097155,0.178086,4.306207,91.760078,20.295612,-0.01133,0.981457,0.124024,0.14571,1.977975,112.253281,23.987421,0.098108,0.993372,-0.021444,0.055926,0.754628,132.557419,29.019495,0.152087,0.973242,-0.165755,-0.046845,3.823894,146.702454,26.697121,-0.018486,0.939349,0.108335,0.324878,-2.843278,126.935867,27.143633,0.441114,-0.569503,0.087426,-0.688071,-16.627068,127.559471,16.400394,0.224392,0.075856,-0.5039,-0.83065,-8.282758,112.096313,-1.14474,0.286195,0.173656,-0.588397,-0.73602,4.466126,135.203339,-3.800879,-0.012244,0.974673,0.171033,0.143564,4.283614,126.832344,29.293924,0.363307,0.864895,0.136646,-0.318267,21.044632,126.390945,34.261044,0.034064,0.149787,0.465971,-0.871364,34.290112,112.945976,18.125422,0.04111,-0.080646,0.676084,-0.731243,21.546902,132.563278,10.961987,0.073783,0.927679,0.233847,0.281575,-3.197429,83.815399,15.030777,0.11982,0.986763,-0.04012,0.101651,-3.385978,51.931744,-2.199399,0.020194,0.974744,0.073902,0.209771,-15.021464,5.88603,0.408045,-0.081225,0.944319,0.014621,0.318511,12.920409,84.391228,24.612627,0.084981,0.881286,-0.229105,0.404504,18.817635,48.642944,25.487057,-0.032065,0.87679,0.037965,0.478299,2.877176,6.758618,41.424294,0.020194,0.974744,0.073902,0.209771,-9.276663,1.768537,-13.199875,-0.032065,0.87679,0.037965,0.478299,15.208006,2.060083,33.613636
803,6.691667,-0.026589,0.963316,0.039302,0.264143,4.861961,84.106483,19.827587,-0.039071,0.978413,0.097207,0.178134,4.308259,91.763344,20.30195,-0.011374,0.981444,0.1241,0.145729,1.981082,112.252357,23.995253,0.09806,0.993377,-0.02142,0.055918,0.755355,132.555649,29.03009,0.152153,0.973248,-0.165662,-0.04685,3.823184,146.701096,26.70829,-0.018534,0.939342,0.1083,0.324906,-2.841866,126.93399,27.153263,0.441466,-0.569469,0.087016,-0.687925,-16.624933,127.555725,16.409,0.22459,0.076072,-0.503867,-0.830596,-8.275175,112.097977,-1.138298,0.28604,0.173802,-0.588588,-0.735893,4.4726,135.203506,-3.789796,-0.012254,0.974647,0.17109,0.14367,4.284923,126.830925,29.303905,0.363164,0.864966,0.136674,-0.318224,21.044868,126.388954,34.274586,0.033971,0.149878,0.46588,-0.8714,34.296833,112.948967,18.140146,0.041092,-0.080439,0.676148,-0.731208,21.550611,132.564026,10.974713,0.073816,0.92762,0.233807,0.281793,-3.195753,83.82074,15.034513,0.119866,0.986758,-0.040068,0.101662,-3.383303,51.936104,-2.193843,0.020159,0.974755,0.07383,0.209751,-15.022543,5.891031,0.408087,-0.081201,0.944225,0.014844,0.318785,12.919676,84.392227,24.620659,0.084914,0.881197,-0.229176,0.404673,18.820187,48.644146,25.481045,-0.031911,0.876766,0.038043,0.478347,2.879621,6.761816,41.423424,0.020159,0.974755,0.07383,0.209751,-9.278135,1.771642,-13.19942,-0.031911,0.876766,0.038043,0.478347,15.210226,2.063088,33.612541
804,6.7,-0.026621,0.96328,0.039534,0.264236,4.869642,84.103271,19.831636,-0.039059,0.97839,0.097235,0.178249,4.314477,91.759819,20.309246,-0.011431,0.981415,0.124183,0.145854,1.986863,112.251091,24.00396,0.098298,0.99335,-0.021283,0.056041,0.757644,132.553467,29.041656,0.151944,0.973261,-0.165769,-0.046867,3.832595,146.698151,26.724604,-0.018571,0.939284,0.108391,0.32504,-2.838483,126.931717,27.162991,0.441383,-0.569449,0.087137,-0.68798,-16.618458,127.553848,16.414776,0.224522,0.076118,-0.503898,-0.830592,-8.268604,112.094513,-1.131083,0.286025,0.173907,-0.58856,-0.735896,4.477355,135.201996,-3.779159,-0.012267,0.974629,0.171166,0.1437,4.287749,126.829063,29.315508,0.363095,0.865021,0.136763,-0.318115,21.047386,126.386963,34.287224,0.033742,0.150076,0.465889,-0.87137,34.305275,112.9496,18.155449,0.040949,-0.080158,0.675843,-0.731528,21.562468,132.565643,10.987039,0.073871,0.92762,0.233778,0.281801,-3.187119,83.818176,15.036915,0.119917,0.98674,-0.04006,0.101777,-3.378848,51.933121,-2.190629,0.020134,0.974733,0.073911,0.209827,-15.0231,5.889172,0.408708,-0.08121,0.944225,0.014918,0.318782,12.926403,84.388367,24.626358,0.085022,0.881219,-0.229209,0.404584,18.829203,48.640545,25.481861,-0.031952,0.876731,0.038204,0.478395,2.880108,6.761405,41.424107,0.020134,0.974733,0.073911,0.209827,-9.27617,1.772195,-13.198469,-0.031952,0.876731,0.038204,0.478395,15.212637,2.067392,33.613407
805,6.708333,-0.026644,0.963246,0.039635,0.264342,4.874037,84.099846,19.836193,-0.039041,0.978369,0.097299,0.178336,4.318064,91.756256,20.315144,-0.011513,0.981399,0.124194,0.145945,1.990446,112.246727,24.012337,0.098263,0.993351,-0.021297,0.056074,0.757303,132.548904,29.049858,0.151995,0.973265,-0.165695,-0.046879,3.831416,146.69371,26.732441,-0.018556,0.939259,0.108495,0.32508,-2.837639,126.926651,27.170437,0.441527,-0.569405,0.087049,-0.687935,-16.616726,127.550629,16.421196,0.22466,0.076236,-0.503869,-0.830561,-8.263616,112.091385,-1.123194,0.286066,0.173986,-0.588513,-0.735899,4.482531,135.197968,-3.769477,-0.012376,0.974593,0.17125,0.143837,4.288168,126.825012,29.324406,0.362992,0.865084,0.136779,-0.318053,21.046328,126.385376,34.301315,0.033653,0.150271,0.465824,-0.871375,34.309898,112.951149,18.171612,0.040825,-0.079909,0.6759,-0.73151,21.567524,132.564087,10.997283,0.0739,0.927582,0.233809,0.281894,-3.181649,83.814934,15.039659,0.119958,0.986736,-0.040061,0.101774,-3.372931,51.931274,-2.190466,0.020165,0.974742,0.073925,0.209776,-15.020946,5.888259,0.408541,-0.081206,0.944205,0.015075,0.318835,12.929723,84.384766,24.632729,0.085072,0.881178,-0.229328,0.404595,18.835846,48.637245,25.477711,-0.032042,0.876774,0.037987,0.478327,2.878031,6.764129,41.427006,0.020165,0.974742,0.073925,0.209776,-9.275645,1.771599,-13.19942,-0.032042,0.876774,0.037987,0.478327,15.209249,2.065836,33.616821
806,6.716667,-0.026552,0.963214,0.039613,0.264469,4.876402,84.096954,19.842396,-0.039054,0.978335,0.09741,0.178454,4.321821,91.753464,20.321318,-0.01157,0.981389,0.124115,0.146071,1.992353,112.243355,24.022684,0.098166,0.993353,-0.021305,0.056202,0.756728,132.54631,29.056507,0.152064,0.973255,-0.165733,-0.046736,3.828617,146.691589,26.739124,-0.018606,0.93923,0.108499,0.325161,-2.837397,126.923538,27.177069,0.441765,-0.569361,0.086882,-0.68784,-16.61459,127.546242,16.425325,0.224834,0.076414,-0.503865,-0.8305,-8.257581,112.087341,-1.117516,0.286153,0.174018,-0.58842,-0.735932,4.486872,135.194138,-3.760684,-0.012405,0.974576,0.171257,0.143942,4.287843,126.822647,29.332945,0.362917,0.865161,0.136659,-0.317983,21.044924,126.383331,34.313507,0.033534,0.150518,0.465747,-0.871378,34.313431,112.948586,18.188295,0.040541,-0.079679,0.676079,-0.731385,21.570625,132.559555,11.005982,0.073938,0.92757,0.233788,0.28194,-3.178118,83.813705,15.043805,0.119962,0.986745,-0.039997,0.1017,-3.371541,51.929726,-2.185698,0.02031,0.974741,0.073969,0.209752,-15.019109,5.886304,0.408125,-0.08121,0.944173,0.015238,0.318921,12.930921,84.380211,24.640985,0.085107,0.881201,-0.22932,0.404542,18.840942,48.633087,25.475433,-0.032014,0.876758,0.038132,0.478347,2.8815,6.760156,41.423615,0.02031,0.974741,0.073969,0.209752,-9.275787,1.770154,-13.200823,-0.032014,0.876758,0.038132,0.478347,15.213448,2.065176,33.612591
807,6.725,-0.026455,0.963204,0.039538,0.264527,4.877888,84.094833,19.849161,-0.038877,0.978314,0.097602,0.178504,4.325022,91.751518,20.327354,-0.01178,0.981389,0.123976,0.146175,2.001823,112.23497,24.036791,0.098074,0.993359,-0.021331,0.05626,0.757843,132.539169,29.063555,0.152114,0.973253,-0.165697,-0.046733,3.827389,146.684845,26.745466,-0.018598,0.939224,0.108444,0.325195,-2.833842,126.914528,27.185043,0.441724,-0.569275,0.08691,-0.687934,-16.610275,127.536987,16.432308,0.224786,0.076406,-0.5039,-0.830492,-8.248606,112.079796,-1.109816,0.286167,0.173899,-0.588458,-0.735924,4.494346,135.188232,-3.752576,-0.012557,0.974551,0.171277,0.14407,4.290871,126.816818,29.342812,0.363038,0.865106,0.137009,-0.317843,21.046528,126.381805,34.328541,0.03374,0.150511,0.465689,-0.871402,34.31506,112.947395,18.20306,0.040297,-0.07956,0.676276,-0.731229,21.57053,132.553391,11.016846,0.07402,0.927505,0.233809,0.282113,-3.176154,83.813026,15.049685,0.119976,0.986745,-0.039945,0.101709,-3.371392,51.930641,-2.182776,0.020306,0.974754,0.07387,0.209727,-15.019848,5.887154,0.406007,-0.081172,0.944147,0.015428,0.318997,12.931931,84.376648,24.64864,0.08513,0.881218,-0.229361,0.404477,18.843708,48.629505,25.46969,-0.031988,0.876767,0.037988,0.478344,2.882063,6.758717,41.421288,0.020306,0.974754,0.07387,0.209727,-9.277436,1.768152,-13.202468,-0.031988,0.876767,0.037988,0.478344,15.21309,2.059676,33.611248
808,6.733333,-0.026332,0.963184,0.039566,0.264607,4.878506,84.091805,19.853926,-0.038859,0.978292,0.09769,0.178582,4.327298,91.74855,20.332981,-0.011807,0.981379,0.123952,0.146257,2.003918,112.231186,24.045908,0.098029,0.993362,-0.02129,0.056294,0.758567,132.535599,29.071421,0.15217,0.973237,-0.165737,-0.046747,3.826921,146.681732,26.754543,-0.018697,0.939199,0.108409,0.325275,-2.832656,126.910767,27.192587,0.441755,-0.569242,0.086881,-0.687944,-16.607132,127.529892,16.437153,0.22483,0.076501,-0.503892,-0.830477,-8.243371,112.073456,-1.104642,0.28622,0.173985,-0.588265,-0.736038,4.499892,135.183624,-3.744473,-0.012576,0.974527,0.171271,0.14424,4.291692,126.813362,29.351574,0.363038,0.86511,0.137079,-0.317801,21.045626,126.377975,34.343071,0.033746,0.150506,0.465674,-0.871411,34.315521,112.944328,18.218079,0.040297,-0.079391,0.676491,-0.73105,21.570372,132.549637,11.031942,0.074059,0.92744,0.233816,0.282312,-3.174857,83.812416,15.053166,0.119997,0.986745,-0.039922,0.10169,-3.368821,51.930664,-2.180454,0.020271,0.97477,0.073822,0.209674,-15.018949,5.887487,0.406132,-0.081203,0.944118,0.015567,0.319068,12.931869,84.371201,24.654684,0.085163,0.881199,-0.229395,0.404492,18.848923,48.624737,25.467365,-0.032091,0.876771,0.037979,0.478331,2.883045,6.755957,41.420013,0.020271,0.97477,0.073822,0.209674,-9.277752,1.767343,-13.202502,-0.032091,0.876771,0.037979,0.478331,15.214743,2.05816,33.610283
809,6.741667,-0.026356,0.963165,0.039633,0.264667,4.884143,84.090141,19.860342,-0.038923,0.978259,0.097776,0.178701,4.33228,91.746788,20.340256,-0.011814,0.981358,0.12396,0.146392,2.005155,112.228897,24.055943,0.098033,0.993351,-0.021349,0.056459,0.758791,132.533218,29.081572,0.1521,0.973238,-0.165848,-0.046571,3.828024,146.678986,26.763546,-0.018742,0.939155,0.108392,0.325404,-2.83202,126.908493,27.201632,0.441697,-0.569132,0.087096,-0.688046,-16.603516,127.526459,16.442308,0.22482,0.076449,-0.503988,-0.830426,-8.235359,112.066315,-1.094125,0.286285,0.174012,-0.588421,-0.735881,4.502861,135.177963,-3.737273,-0.012561,0.974515,0.17127,0.144326,4.291741,126.810921,29.36256,0.363008,0.865137,0.13722,-0.3177,21.044817,126.374527,34.356861,0.033732,0.150565,0.465677,-0.8714,34.318958,112.943222,18.233414,0.040235,-0.079453,0.676411,-0.73112,21.575359,132.547623,11.045476,0.074116,0.927439,0.233818,0.282299,-3.168603,83.810707,15.058547,0.120063,0.986744,-0.039886,0.101638,-3.366596,51.929657,-2.176343,0.020166,0.974753,0.0738,0.209771,-15.022315,5.887693,0.406799,-0.08118,0.944098,0.015668,0.319128,12.93689,84.369583,24.662136,0.085226,0.881178,-0.229432,0.404504,18.854654,48.623077,25.467745,-0.031986,0.876775,0.037996,0.478329,2.881923,6.75697,41.420544,0.020166,0.974753,0.0738,0.209771,-9.2775,1.767392,-13.20027,-0.031986,0.876775,0.037996,0.478329,15.212703,2.058111,33.609993
810,6.75,-0.026353,0.963148,0.039715,0.264714,4.888684,84.088783,19.866446,-0.038946,0.978241,0.097817,0.178772,4.336519,91.745338,20.347555,-0.011803,0.981338,0.12404,0.146463,2.007881,112.227104,24.0646,0.098233,0.993329,-0.021285,0.056522,0.761129,132.530609,29.093452,0.151942,0.97324,-0.165964,-0.046614,3.83625,146.675476,26.777834,-0.018909,0.939142,0.108352,0.325447,-2.829504,126.90625,27.21207,0.441809,-0.569121,0.086923,-0.688005,-16.599794,127.518478,16.450886,0.22489,0.076535,-0.503996,-0.830394,-8.229573,112.061478,-1.087335,0.286301,0.174036,-0.588554,-0.735763,4.508044,135.174896,-3.728939,-0.012527,0.974496,0.171262,0.144465,4.293948,126.808205,29.373976,0.363035,0.865106,0.137469,-0.317648,21.04565,126.36982,34.372688,0.033705,0.150493,0.465738,-0.871381,34.320461,112.941483,18.247316,0.040243,-0.079401,0.67649,-0.731052,21.578308,132.548752,11.062999,0.074227,0.92739,0.233807,0.282441,-3.163598,83.80986,15.063845,0.120014,0.986756,-0.039836,0.101602,-3.366621,51.929604,-2.172451,0.020223,0.974781,0.073893,0.209603,-15.017305,5.886161,0.406994,-0.081254,0.944109,0.015744,0.319074,12.940968,84.367714,24.669046,0.085374,0.881194,-0.229489,0.404404,18.865513,48.622246,25.470886,-0.032182,0.876798,0.03788,0.478284,2.880259,6.761012,41.423927,0.020223,0.974781,0.073893,0.209603,-9.277355,1.76843,-13.202903,-0.032182,0.876798,0.03788,0.478284,15.211529,2.061952,33.614281
811,6.758333,-0.026391,0.963133,0.039906,0.264738,4.893623,84.084366,19.869654,-0.038931,0.978205,0.097978,0.178887,4.340096,91.740646,20.353418,-0.011802,0.981323,0.123967,0.14662,2.010042,112.224785,24.077497,0.098203,0.993323,-0.021342,0.056657,0.762931,132.529037,29.103195,0.151916,0.973237,-0.166035,-0.046507,3.837815,146.673767,26.786316,-0.018996,0.93913,0.108272,0.325502,-2.82745,126.904655,27.221445,0.441757,-0.569065,0.087033,-0.68807,-16.596371,127.513313,16.458298,0.224936,0.076536,-0.504034,-0.830359,-8.223917,112.054993,-1.077686,0.286493,0.17404,-0.588672,-0.735593,4.511846,135.169739,-3.721132,-0.01246,0.97449,0.171208,0.144575,4.295317,126.806465,29.385611,0.363076,0.865101,0.137882,-0.317434,21.045971,126.365433,34.387619,0.033861,0.150403,0.465726,-0.871396,34.326069,112.940475,18.263786,0.040262,-0.07954,0.676388,-0.73113,21.581932,132.546829,11.079564,0.074303,0.927369,0.233819,0.282478,-3.158381,83.805717,15.06657,0.120014,0.986731,-0.039867,0.101831,-3.365497,51.926701,-2.171971,0.020073,0.974777,0.073958,0.209612,-15.017072,5.883491,0.407612,-0.081252,0.944064,0.015872,0.319202,12.945628,84.363022,24.672737,0.085446,0.881166,-0.229594,0.404391,18.872921,48.617828,25.466549,-0.032076,0.876795,0.03789,0.478295,2.878059,6.762376,41.425133,0.020073,0.974777,0.073958,0.209612,-9.275232,1.768446,-13.202297,-0.032076,0.876795,0.03789,0.478295,15.208604,2.062059,33.615093
812,6.766667,-0.026353,0.963125,0.039908,0.264771,4.896103,84.080116,19.876627,-0.038931,0.978187,0.098028,0.178958,4.343113,91.736427,20.360558,-0.011867,0.981313,0.123934,0.146712,2.012473,112.219559,24.086397,0.097991,0.993337,-0.021428,0.056754,0.762423,132.524094,29.110235,0.152063,0.973224,-0.166028,-0.046324,3.831796,146.669601,26.790857,-0.018965,0.939148,0.108268,0.325453,-2.827045,126.899216,27.228212,0.441806,-0.56894,0.087058,-0.688139,-16.597124,127.508636,16.466595,0.225098,0.076535,-0.504018,-0.830325,-8.21779,112.050522,-1.066276,0.286743,0.173934,-0.588543,-0.735624,4.519203,135.165039,-3.714134,-0.012545,0.974504,0.170954,0.144776,4.295296,126.801872,29.393812,0.363223,0.865061,0.138097,-0.317283,21.043837,126.363838,34.403152,0.034114,0.150357,0.465763,-0.871375,34.32341,112.935654,18.281572,0.040253,-0.07972,0.676456,-0.731048,21.58074,132.540604,11.093916,0.074283,0.927356,0.233896,0.282463,-3.155614,83.802185,15.073021,0.120055,0.986732,-0.039835,0.101782,-3.36003,51.925575,-2.169997,0.020349,0.974801,0.074023,0.20945,-15.014906,5.883047,0.406781,-0.081249,0.944042,0.016036,0.319259,12.947822,84.358047,24.680235,0.085421,0.881092,-0.229613,0.404548,18.878628,48.613201,25.4631,-0.032184,0.87679,0.037877,0.478299,2.882369,6.758142,41.421307,0.020349,0.974801,0.074023,0.20945,-9.280012,1.768538,-13.206223,-0.032184,0.87679,0.037877,0.478299,15.213902,2.059029,33.612103
813,6.775,-0.026316,0.963115,0.039867,0.264815,4.898144,84.075706,19.884171,-0.039061,0.978161,0.098143,0.179009,4.345853,91.732094,20.367626,-0.011786,0.981323,0.123817,0.146752,2.008681,112.215256,24.097269,0.097925,0.99334,-0.021473,0.056791,0.762496,132.521088,29.116837,0.152131,0.973209,-0.166077,-0.046257,3.830176,146.666763,26.796167,-0.018966,0.939137,0.108139,0.325528,-2.828015,126.896545,27.235767,0.441942,-0.56883,0.087107,-0.688137,-16.596386,127.504768,16.471889,0.225273,0.076574,-0.50403,-0.830266,-8.211249,112.043556,-1.055497,0.286843,0.174001,-0.588492,-0.73561,4.524652,135.157898,-3.706656,-0.01259,0.974502,0.170861,0.144891,4.294182,126.79821,29.401802,0.363272,0.865103,0.137918,-0.31719,21.041523,126.361504,34.415276,0.034065,0.15057,0.465778,-0.871332,34.322254,112.926994,18.299915,0.039981,-0.079841,0.676296,-0.731198,21.58386,132.53093,11.104783,0.07434,0.927305,0.233922,0.282594,-3.153172,83.798286,15.079861,0.120061,0.986756,-0.039756,0.101575,-3.35837,51.92318,-2.165928,0.020311,0.974799,0.073941,0.209492,-15.012576,5.880195,0.405778,-0.081201,0.944022,0.016146,0.319326,12.949461,84.353127,24.68848,0.085463,0.881159,-0.229595,0.404404,18.879473,48.607967,25.463158,-0.031884,0.876791,0.037969,0.478308,2.883028,6.752801,41.420902,0.020311,0.974799,0.073941,0.209492,-9.276399,1.763468,-13.206016,-0.031884,0.876791,0.037969,0.478308,15.212398,2.05179,33.609421
814,6.783333,-0.02621,0.963121,0.039744,0.264825,4.898188,84.072906,19.891962,-0.039142,0.978138,0.09829,0.179036,4.347959,91.72953,20.374022,-0.011747,0.981333,0.123705,0.146783,2.006327,112.210999,24.108892,0.097963,0.993331,-0.021505,0.056876,0.762248,132.518036,29.124134,0.152136,0.973197,-0.166174,-0.04614,3.831411,146.6633,26.802891,-0.019068,0.939147,0.108033,0.325527,-2.82882,126.893524,27.244059,0.442096,-0.568714,0.087018,-0.688145,-16.597067,127.497169,16.479773,0.225423,0.076609,-0.504068,-0.830199,-8.204643,112.037155,-1.045173,0.286932,0.174002,-0.588492,-0.735575,4.528876,135.152313,-3.699534,-0.012543,0.974502,0.170782,0.144986,4.293252,126.7948,29.41048,0.363374,0.865108,0.137861,-0.317084,21.03966,126.356277,34.426888,0.034151,0.150615,0.465863,-0.871275,34.320023,112.915649,18.316336,0.040022,-0.080008,0.676255,-0.731215,21.585661,132.522003,11.117334,0.074259,0.927284,0.233981,0.282636,-3.153137,83.796791,15.087596,0.120132,0.986775,-0.039656,0.101344,-3.350832,51.922787,-2.160311,0.020528,0.974812,0.073886,0.209432,-15.010102,5.880675,0.404069,-0.081172,0.944052,0.016223,0.31924,12.949514,84.349022,24.696329,0.08551,0.881216,-0.229536,0.404301,18.879391,48.603699,25.464491,-0.031546,0.876748,0.038104,0.478399,2.883008,6.746751,41.41761,0.020528,0.974812,0.073886,0.209432,-9.277866,1.76124,-13.208561,-0.031546,0.876748,0.038104,0.478399,15.211478,2.04443,33.605511
815,6.791667,-0.026275,0.963114,0.039792,0.264835,4.901655,84.070625,19.89949,-0.039188,0.978118,0.098352,0.1791,4.350264,91.72715,20.381985,-0.011756,0.981324,0.123676,0.146866,2.006064,112.208069,24.118891,0.098004,0.993321,-0.021541,0.056969,0.76137,132.515396,29.132795,0.152144,0.973184,-0.166263,-0.046061,3.832132,146.660187,26.810896,-0.019095,0.939126,0.108043,0.325583,-2.829445,126.890816,27.25243,0.442147,-0.568622,0.087134,-0.688174,-16.596376,127.493919,16.486437,0.225528,0.076604,-0.504086,-0.83016,-8.199732,112.030434,-1.033419,0.287031,0.174001,-0.588565,-0.735478,4.533108,135.146118,-3.691234,-0.012554,0.9745,0.170733,0.145058,4.292262,126.79213,29.420053,0.363423,0.865133,0.137553,-0.317093,21.037931,126.353813,34.438938,0.034056,0.150753,0.465936,-0.871216,34.316216,112.905846,18.332796,0.04001,-0.079937,0.676232,-0.731245,21.586708,132.515244,11.130107,0.074346,0.927286,0.233999,0.282591,-3.149508,83.793594,15.094906,0.120131,0.986762,-0.039619,0.101489,-3.353491,51.921135,-2.155793,0.020411,0.974789,0.073852,0.209562,-15.012702,5.87872,0.403457,-0.081136,0.944059,0.016371,0.31922,12.952816,84.347664,24.704075,0.085517,0.881184,-0.229598,0.404334,18.88368,48.602272,25.461149,-0.031763,0.876795,0.037945,0.478311,2.883866,6.748149,41.418236,0.020411,0.974789,0.073852,0.209562,-9.275867,1.758799,-13.207088,-0.031763,0.876795,0.037945,0.478311,15.212068,2.044822,33.606319
816,6.8,-0.026367,0.963123,0.039916,0.264775,4.903933,84.067596,19.906448,-0.039146,0.978114,0.098369,0.179118,4.350708,91.723885,20.390434,-0.011811,0.98131,0.123711,0.146922,2.007878,112.206116,24.128548,0.097892,0.993325,-0.021757,0.057001,0.760442,132.513016,29.143435,0.152259,0.973166,-0.16629,-0.045978,3.82841,146.657379,26.815247,-0.019114,0.939083,0.108031,0.325711,-2.829553,126.888184,27.262302,0.441994,-0.568523,0.087388,-0.688321,-16.593561,127.491043,16.492552,0.225494,0.076564,-0.50413,-0.830146,-8.193551,112.024689,-1.023158,0.287103,0.174093,-0.588633,-0.735374,4.537703,135.142212,-3.682492,-0.012514,0.974501,0.17065,0.145158,4.291893,126.790115,29.430819,0.363461,0.865131,0.137578,-0.317043,21.036591,126.350273,34.452839,0.034133,0.150805,0.465968,-0.871187,34.315109,112.900772,18.348171,0.040143,-0.079809,0.676195,-0.731286,21.588213,132.509659,11.141909,0.074302,0.927311,0.234118,0.282423,-3.14773,83.789459,15.10276,0.120175,0.986768,-0.039596,0.101387,-3.349266,51.920593,-2.154589,0.020312,0.974809,0.073854,0.209479,-15.012037,5.879006,0.403251,-0.081167,0.94407,0.016465,0.319175,12.955596,84.345726,24.710138,0.085585,0.881157,-0.229658,0.404345,18.890804,48.600929,25.461229,-0.031716,0.876804,0.037957,0.478297,2.883001,6.750494,41.419994,0.020312,0.974809,0.073854,0.209479,-9.276469,1.759752,-13.208032,-0.031716,0.876804,0.037957,0.478297,15.210583,2.046794,33.607315
817,6.808333,-0.026401,0.963129,0.040014,0.264734,4.907486,84.06665,19.913498,-0.039215,0.978108,0.098407,0.179119,4.35338,91.722794,20.398829,-0.011819,0.981303,0.123767,0.146927,2.007325,112.205528,24.138117,0.098038,0.993303,-0.021855,0.057089,0.75919,132.511856,29.155222,0.15212,0.973165,-0.16645,-0.045869,3.831825,146.654831,26.824772,-0.01912,0.939086,0.107941,0.325732,-2.830604,126.887108,27.273426,0.442146,-0.568495,0.087296,-0.688258,-16.594116,127.488831,16.502974,0.225662,0.076587,-0.504101,-0.830116,-8.191751,112.022209,-1.011372,0.28712,0.174192,-0.588661,-0.735321,4.540554,135.138016,-3.67392,-0.012482,0.974499,0.170619,0.145208,4.290817,126.789024,29.442019,0.363473,0.865158,0.137621,-0.316938,21.035034,126.347946,34.465523,0.034199,0.150921,0.465861,-0.871222,34.316425,112.8974,18.364105,0.040007,-0.079487,0.676313,-0.73122,21.586847,132.50116,11.151509,0.074371,0.927288,0.234155,0.28245,-3.144552,83.788368,15.110453,0.120154,0.986767,-0.039551,0.101443,-3.349425,51.921482,-2.150525,0.020414,0.974816,0.073911,0.209415,-15.00998,5.879074,0.402681,-0.08122,0.944145,0.016502,0.318939,12.959525,84.34494,24.716543,0.085742,0.88126,-0.229675,0.404078,18.899326,48.600849,25.464838,-0.031726,0.876855,0.037886,0.478208,2.882685,6.753725,41.423382,0.020414,0.974816,0.073911,0.209415,-9.276981,1.761005,-13.210039,-0.031726,0.876855,0.037886,0.478208,15.208477,2.048323,33.608906
818,6.816667,-0.026402,0.963128,0.04004,0.264736,4.911702,84.063957,19.920509,-0.039295,0.97809,0.098426,0.179189,4.357475,91.72007,20.40621,-0.011788,0.981293,0.123747,0.147009,2.007362,112.205627,24.146099,0.098019,0.993303,-0.021856,0.057138,0.76018,132.512192,29.162472,0.152221,0.973126,-0.166588,-0.045849,3.832476,146.655258,26.83214,-0.019179,0.93908,0.107855,0.325773,-2.829801,126.887688,27.280262,0.442085,-0.568426,0.087479,-0.688332,-16.592308,127.486649,16.508377,0.225728,0.076641,-0.504103,-0.830092,-8.187578,112.016701,-1.001906,0.2873,0.174276,-0.588676,-0.735219,4.543986,135.132477,-3.663927,-0.012439,0.974489,0.170589,0.145315,4.291271,126.789055,29.449976,0.363578,0.865163,0.137485,-0.316862,21.034435,126.346016,34.476807,0.034309,0.151065,0.465909,-0.871167,34.314407,112.888191,18.380285,0.040097,-0.079239,0.676431,-0.731133,21.589396,132.491333,11.159493,0.074427,0.927257,0.234192,0.282504,-3.140315,83.785782,15.11742,0.120198,0.986779,-0.039519,0.101277,-3.347087,51.920746,-2.146953,0.020526,0.974808,0.073905,0.209445,-15.011026,5.879119,0.404678,-0.081108,0.944131,0.0166,0.319002,12.963718,84.34214,24.7236,0.08573,0.881248,-0.229703,0.404091,18.898123,48.596966,25.463018,-0.031756,0.876858,0.037893,0.478201,2.881183,6.750894,41.424049,0.020526,0.974808,0.073905,0.209445,-9.278347,1.760247,-13.207936,-0.031756,0.876858,0.037893,0.478201,15.207173,2.046089,33.60952
819,6.825,-0.026319,0.963151,0.039874,0.264684,4.911886,84.062401,19.929609,-0.039376,0.978074,0.098511,0.179212,4.359595,91.718781,20.413225,-0.011744,0.981297,0.123673,0.14705,2.005519,112.20256,24.15571,0.097989,0.993306,-0.02186,0.057125,0.760416,132.509933,29.16931,0.152332,0.973085,-0.166715,-0.045905,3.831796,146.653168,26.838747,-0.019183,0.939097,0.107734,0.325763,-2.830106,126.885628,27.28759,0.44197,-0.568402,0.087594,-0.688411,-16.592827,127.483025,16.515888,0.225752,0.076648,-0.504078,-0.8301,-8.187776,112.012573,-0.993791,0.287503,0.174277,-0.588592,-0.735207,4.544975,135.127502,-3.655743,-0.012387,0.974497,0.170427,0.145455,4.290801,126.786423,29.457819,0.36361,0.865164,0.137261,-0.316921,21.032587,126.341614,34.489086,0.034524,0.151128,0.465894,-0.871155,34.309559,112.879288,18.393867,0.040315,-0.079029,0.676949,-0.730664,21.584156,132.480804,11.165231,0.074377,0.927262,0.234248,0.282455,-3.14073,83.784851,15.127489,0.120212,0.986786,-0.039414,0.101238,-3.343895,51.921188,-2.139466,0.020316,0.974832,0.073827,0.20938,-15.008047,5.87908,0.402661,-0.081137,0.944176,0.016732,0.318856,12.964502,84.339943,24.731731,0.085812,0.88129,-0.229689,0.40399,18.904058,48.595436,25.461897,-0.031639,0.876865,0.037818,0.478202,2.882701,6.750065,41.420334,0.020316,0.974832,0.073827,0.20938,-9.275275,1.75912,-13.209584,-0.031639,0.876865,0.037818,0.478202,15.207296,2.041681,33.60577
820,6.833333,-0.026351,0.963151,0.039843,0.264687,4.913849,84.056618,19.936127,-0.0394,0.978067,0.098588,0.179199,4.361196,91.713013,20.419157,-0.011793,0.981304,0.123625,0.147042,2.005419,112.198128,24.164995,0.097964,0.993309,-0.021877,0.057111,0.75863,132.505951,29.176363,0.152514,0.973043,-0.166789,-0.045911,3.829262,146.649246,26.845222,-0.0193,0.939109,0.107812,0.325697,-2.831426,126.881119,27.295277,0.442062,-0.568361,0.087465,-0.688402,-16.595507,127.475319,16.525133,0.225867,0.076684,-0.504053,-0.830081,-8.187007,112.007629,-0.985318,0.28763,0.174178,-0.588602,-0.735172,4.546258,135.12088,-3.648429,-0.012336,0.974508,0.170268,0.145574,4.289498,126.782776,29.465488,0.363689,0.865172,0.136909,-0.316962,21.030117,126.336334,34.500496,0.034464,0.151418,0.465991,-0.871055,34.302967,112.865219,18.409224,0.040252,-0.078766,0.677,-0.730648,21.586834,132.467728,11.170461,0.074414,0.927252,0.234249,0.282478,-3.138704,83.778328,15.133943,0.120202,0.986797,-0.039321,0.101182,-3.343847,51.915085,-2.133752,0.020323,0.974838,0.073906,0.20932,-15.006039,5.872044,0.400432,-0.081092,0.944236,0.016721,0.318689,12.966402,84.334908,24.73831,0.085842,0.881326,-0.229621,0.403942,18.902723,48.589828,25.467127,-0.031759,0.876875,0.037852,0.478172,2.882136,6.74201,41.419907,0.020323,0.974838,0.073906,0.20932,-9.274726,1.754418,-13.213136,-0.031759,0.876875,0.037852,0.478172,15.207455,2.036203,33.604931
821,6.841667,-0.026337,0.963155,0.03982,0.264675,4.913727,84.05304,19.944427,-0.039367,0.978068,0.098612,0.179187,4.361383,91.709473,20.427176,-0.011901,0.981306,0.123588,0.147048,2.00686,112.193916,24.174152,0.097987,0.993305,-0.02193,0.057122,0.755841,132.502014,29.18334,0.15261,0.973018,-0.166849,-0.045907,3.827249,146.644913,26.850769,-0.019266,0.939122,0.107735,0.325687,-2.833025,126.876282,27.302706,0.442155,-0.568329,0.087448,-0.688371,-16.597363,127.470657,16.532906,0.226008,0.076732,-0.504027,-0.830054,-8.186893,112.001778,-0.975549,0.287766,0.174191,-0.588538,-0.735168,4.547716,135.114929,-3.64019,-0.012388,0.974516,0.170194,0.145602,4.287835,126.779572,29.4732,0.363791,0.865186,0.136662,-0.316911,21.028126,126.335098,34.509464,0.034585,0.151554,0.466065,-0.870987,34.298866,112.855087,18.423903,0.040429,-0.078601,0.677177,-0.730492,21.588047,132.458145,11.176946,0.074368,0.927248,0.234315,0.282449,-3.138964,83.774879,15.142467,0.120273,0.986795,-0.039266,0.101132,-3.34017,51.913406,-2.12854,0.020459,0.97483,0.073877,0.209356,-15.008346,5.871591,0.40036,-0.081112,0.944231,0.016846,0.318691,12.966418,84.3312,24.746387,0.085891,0.881329,-0.229625,0.403925,18.906971,48.586662,25.467115,-0.031809,0.87689,0.037771,0.478147,2.882536,6.739804,41.418545,0.020459,0.97483,0.073877,0.209356,-9.277485,1.752344,-13.212908,-0.031809,0.87689,0.037771,0.478147,15.207534,2.032634,33.603882
822,6.85,-0.026332,0.96315,0.039826,0.264693,4.913802,84.050133,19.954096,-0.039415,0.978067,0.098627,0.179174,4.361507,91.706558,20.436953,-0.011907,0.981315,0.12355,0.147021,2.004847,112.19194,24.184427,0.098087,0.993294,-0.02195,0.057137,0.753917,132.500427,29.192097,0.152579,0.973007,-0.166942,-0.045896,3.828263,146.642624,26.859165,-0.019309,0.939097,0.107773,0.325743,-2.834999,126.874504,27.312092,0.441904,-0.568326,0.087686,-0.688504,-16.598009,127.468147,16.54056,0.225921,0.076698,-0.503999,-0.830098,-8.189482,111.997688,-0.967434,0.287907,0.174199,-0.588498,-0.735143,4.547617,135.111282,-3.630867,-0.01236,0.974524,0.170138,0.145614,4.285975,126.77803,29.482218,0.363942,0.865161,0.136709,-0.316787,21.026155,126.332817,34.518772,0.034691,0.151601,0.46617,-0.870919,34.295326,112.846672,18.43708,0.040577,-0.078362,0.677243,-0.730448,21.589985,132.451767,11.185997,0.074417,0.927234,0.234374,0.282431,-3.138709,83.772125,15.151832,0.120248,0.986793,-0.03922,0.101199,-3.34218,51.913185,-2.123816,0.02053,0.974832,0.073917,0.209328,-15.007803,5.870459,0.400226,-0.081104,0.944262,0.016957,0.318597,12.966312,84.32814,24.756359,0.085961,0.881387,-0.22965,0.403769,18.908989,48.583786,25.468748,-0.03181,0.876937,0.037812,0.478059,2.880621,6.739182,41.422146,0.02053,0.974832,0.073917,0.209328,-9.278313,1.752035,-13.213861,-0.03181,0.876937,0.037812,0.478059,15.204236,2.033024,33.604706
823,6.858333,-0.026458,0.963147,0.03999,0.264666,4.920129,84.051582,19.960102,-0.039494,0.978051,0.098653,0.17923,4.365315,91.707703,20.444874,-0.011928,0.981298,0.123591,0.147098,2.005052,112.192261,24.192608,0.098095,0.993289,-0.02204,0.057169,0.752624,132.500305,29.201702,0.152641,0.972992,-0.166976,-0.045895,3.827421,146.641998,26.866299,-0.019356,0.939097,0.107753,0.325748,-2.835799,126.874413,27.320675,0.442118,-0.568379,0.08748,-0.688349,-16.598623,127.466293,16.5488,0.226048,0.076783,-0.50394,-0.830091,-8.191254,111.996353,-0.960211,0.287872,0.17419,-0.588373,-0.735258,4.547904,135.108017,-3.62254,-0.012313,0.974528,0.170078,0.14566,4.284832,126.778008,29.491928,0.364003,0.865171,0.136628,-0.316722,21.024591,126.331245,34.529762,0.034746,0.151707,0.466235,-0.870863,34.293602,112.840584,18.451723,0.040691,-0.078272,0.677194,-0.730497,21.593176,132.446045,11.195375,0.074549,0.927256,0.234302,0.282384,-3.132531,83.772079,15.158169,0.120196,0.986777,-0.039174,0.101437,-3.347276,51.912109,-2.115445,0.020389,0.974835,0.074062,0.209275,-15.008217,5.867833,0.402001,-0.08105,0.944279,0.017003,0.318558,12.97279,84.331078,24.762035,0.086025,0.881438,-0.229684,0.403625,18.912844,48.586197,25.469736,-0.032139,0.876984,0.03764,0.477965,2.880597,6.744081,41.425766,0.020389,0.974835,0.074062,0.209275,-9.278378,1.754425,-13.213462,-0.032139,0.876984,0.03764,0.477965,15.204814,2.038169,33.609112
824,6.866667,-0.02647,0.963153,0.040015,0.264639,4.9213,84.05101,19.967924,-0.039371,0.978064,0.098694,0.179166,4.36622,91.7071,20.45303,-0.012117,0.981306,0.123556,0.147059,2.011091,112.190247,24.203222,0.098106,0.993285,-0.022093,0.057195,0.751297,132.498459,29.209772,0.152638,0.972989,-0.167015,-0.045837,3.826605,146.639816,26.872965,-0.01937,0.93911,0.107725,0.32572,-2.8351,126.871002,27.329571,0.442056,-0.568456,0.087449,-0.688329,-16.598553,127.461983,16.558456,0.226039,0.07681,-0.503886,-0.830124,-8.195291,111.99324,-0.953582,0.287932,0.174226,-0.588312,-0.735275,4.546735,135.103928,-3.613735,-0.012321,0.974508,0.170151,0.145707,4.285633,126.777504,29.500618,0.364127,0.865159,0.136554,-0.316647,21.02491,126.330353,34.540009,0.034862,0.151726,0.466377,-0.870779,34.291847,112.832932,18.465921,0.040952,-0.078311,0.677185,-0.730486,21.597265,132.442993,11.205988,0.074568,0.927212,0.234386,0.282456,-3.131609,83.771393,15.166417,0.120266,0.986785,-0.039149,0.101284,-3.344438,51.91449,-2.112864,0.020373,0.97483,0.074025,0.209313,-15.011302,5.871644,0.403323,-0.081083,0.944308,0.01704,0.318462,12.97421,84.330627,24.769432,0.086111,0.881465,-0.229661,0.40356,18.917456,48.586231,25.474749,-0.031929,0.876953,0.037765,0.478024,2.880055,6.744522,41.42667,0.020373,0.97483,0.074025,0.209313,-9.280359,1.75721,-13.211362,-0.031929,0.876953,0.037765,0.478024,15.203948,2.038847,33.609371
825,6.875,-0.026441,0.96314,0.039978,0.264695,4.919009,84.048279,19.975504,-0.039349,0.978052,0.098755,0.179202,4.364483,91.70443,20.460157,-0.012117,0.981303,0.123536,0.147094,2.009581,112.187935,24.213055,0.098116,0.993285,-0.022124,0.057178,0.749745,132.496353,29.218739,0.152704,0.972964,-0.167077,-0.045904,3.825294,146.637512,26.881018,-0.019414,0.939103,0.107704,0.325744,-2.836606,126.868881,27.338501,0.441935,-0.56849,0.087532,-0.688368,-16.599455,127.45826,16.56653,0.225988,0.076797,-0.503871,-0.830148,-8.198827,111.989174,-0.946474,0.287916,0.174413,-0.588123,-0.735388,4.544247,135.099716,-3.605579,-0.012246,0.97452,0.170044,0.14576,4.283974,126.77536,29.510054,0.364257,0.865117,0.136677,-0.316558,21.022776,126.325897,34.550823,0.034908,0.151797,0.466419,-0.870743,34.287758,112.824951,18.478075,0.040767,-0.078161,0.677228,-0.730473,21.595707,132.436172,11.214039,0.074568,0.927185,0.234379,0.28255,-3.133376,83.769058,15.173094,0.120253,0.986792,-0.03907,0.101265,-3.344634,51.911907,-2.105768,0.020443,0.974819,0.074096,0.209332,-15.009527,5.868178,0.403403,-0.081139,0.944297,0.017151,0.318473,12.971394,84.327492,24.777914,0.08616,0.881467,-0.229656,0.403548,18.920998,48.584038,25.47699,-0.031941,0.876951,0.03775,0.478029,2.87988,6.742951,41.4268,0.020443,0.974819,0.074096,0.209332,-9.278585,1.755416,-13.21179,-0.031941,0.876951,0.03775,0.478029,15.203908,2.037061,33.609837
826,6.883333,-0.026431,0.963149,0.039912,0.264676,4.918529,84.044609,19.984972,-0.039344,0.978049,0.098803,0.179192,4.364429,91.700851,20.468695,-0.012172,0.981311,0.123461,0.147101,2.009343,112.184822,24.223757,0.098117,0.993278,-0.022237,0.057254,0.747661,132.493973,29.226049,0.152682,0.972965,-0.167132,-0.045768,3.823688,146.634521,26.885315,-0.019379,0.939134,0.107647,0.325675,-2.838166,126.865891,27.346647,0.442049,-0.568564,0.087433,-0.688247,-16.602634,127.455505,16.576746,0.22611,0.076759,-0.503847,-0.830132,-8.205294,111.985519,-0.937045,0.288155,0.174127,-0.588264,-0.73525,4.5392,135.094421,-3.600849,-0.012221,0.974535,0.169922,0.145802,4.282365,126.773323,29.518404,0.364363,0.865089,0.136425,-0.316621,21.020763,126.323364,34.560478,0.035003,0.151721,0.466576,-0.870668,34.279961,112.814842,18.489317,0.041111,-0.078273,0.677498,-0.730191,21.593441,132.43132,11.226363,0.074566,0.927121,0.234414,0.282732,-3.134053,83.765213,15.1829,0.1203,0.986809,-0.038961,0.101085,-3.341048,51.909225,-2.098152,0.020388,0.974828,0.074097,0.209297,-15.008751,5.865746,0.402448,-0.081122,0.944321,0.017238,0.318401,12.971112,84.323997,24.787045,0.086237,0.881555,-0.229617,0.403362,18.921577,48.580544,25.479368,-0.031897,0.876954,0.037772,0.478025,2.878821,6.739008,41.426361,0.020388,0.974828,0.074097,0.209297,-9.278214,1.753334,-13.21302,-0.031897,0.876954,0.037772,0.478025,15.202477,2.033067,33.608841
827,6.891667,-0.026464,0.963162,0.039906,0.264626,4.920851,84.042618,19.992424,-0.039569,0.978036,0.098891,0.179165,4.366308,91.698845,20.475956,-0.012015,0.981323,0.123443,0.147044,2.00112,112.184204,24.233442,0.098003,0.993294,-0.022294,0.057145,0.746282,132.493683,29.236053,0.152845,0.972925,-0.167193,-0.045845,3.818666,146.634659,26.893122,-0.019416,0.939197,0.107478,0.325545,-2.841515,126.866699,27.357166,0.442097,-0.568584,0.087396,-0.688204,-16.608875,127.452621,16.590775,0.226195,0.076607,-0.503802,-0.830151,-8.212381,111.982254,-0.92307,0.28819,0.173979,-0.588277,-0.73526,4.53558,135.087875,-3.59518,-0.012161,0.974531,0.169949,0.145801,4.279318,126.771988,29.527832,0.36439,0.865067,0.136458,-0.316636,21.017765,126.319847,34.569527,0.034968,0.151697,0.466535,-0.870695,34.275497,112.811188,18.497284,0.040864,-0.078265,0.677643,-0.730072,21.586308,132.427536,11.235778,0.074629,0.927105,0.234475,0.282717,-3.132197,83.762566,15.191178,0.120283,0.986806,-0.038925,0.101148,-3.342294,51.909328,-2.094918,0.0204,0.974834,0.07406,0.20928,-15.008254,5.86519,0.401733,-0.08107,0.944346,0.017288,0.318338,12.973899,84.322678,24.793669,0.086212,0.88151,-0.229601,0.403472,18.922026,48.578743,25.480938,-0.031853,0.876969,0.03784,0.477995,2.879946,6.7361,41.425694,0.0204,0.974834,0.07406,0.20928,-9.278384,1.751668,-13.213679,-0.031853,0.876969,0.03784,0.477995,15.202963,2.031253,33.606514
828,6.9,-0.026496,0.963163,0.03995,0.26461,4.921493,84.040871,19.998583,-0.039576,0.978025,0.09897,0.179183,4.366302,91.697014,20.482639,-0.012033,0.981317,0.123455,0.147078,2.000185,112.181763,24.243271,0.098108,0.99328,-0.022325,0.057189,0.744389,132.491104,29.246235,0.152717,0.972925,-0.167307,-0.045852,3.819986,146.631287,26.902748,-0.019397,0.939195,0.107493,0.32555,-2.843109,126.864037,27.366966,0.442104,-0.568671,0.087433,-0.688123,-16.610401,127.450798,16.600525,0.226183,0.076508,-0.50381,-0.830159,-8.219111,111.977432,-0.913171,0.28821,0.173881,-0.588306,-0.735253,4.52952,135.082855,-3.589484,-0.012191,0.974524,0.169982,0.145807,4.277573,126.769493,29.538139,0.364461,0.865008,0.136503,-0.316695,21.015936,126.318192,34.580196,0.034983,0.151591,0.466607,-0.870675,34.269238,112.808655,18.505043,0.040904,-0.078343,0.677656,-0.730049,21.581591,132.427887,11.247602,0.074696,0.927052,0.234497,0.282854,-3.131681,83.760429,15.197566,0.120276,0.986799,-0.038906,0.101232,-3.343238,51.908684,-2.09125,0.020394,0.974837,0.074088,0.209256,-15.008622,5.86426,0.402716,-0.081056,0.944349,0.017338,0.31833,12.974666,84.321304,24.799601,0.086284,0.881591,-0.229606,0.403278,18.923019,48.577339,25.483072,-0.031825,0.876987,0.037886,0.477959,2.878322,6.736079,41.428822,0.020394,0.974837,0.074088,0.209256,-9.27927,1.751619,-13.213183,-0.031825,0.876987,0.037886,0.477959,15.200654,2.032015,33.608089
829,6.908333,-0.0265,0.963155,0.039982,0.264636,4.917591,84.042526,20.008009,-0.039509,0.978024,0.098976,0.179197,4.362199,91.698624,20.492517,-0.012081,0.981309,0.123483,0.1471,1.998966,112.18145,24.253464,0.098206,0.993265,-0.022406,0.057257,0.740902,132.490463,29.257223,0.152631,0.972927,-0.167396,-0.045781,3.819697,146.629623,26.9118,-0.019423,0.939179,0.107504,0.325589,-2.845938,126.863121,27.377514,0.442081,-0.568737,0.087512,-0.688073,-16.612299,127.449326,16.609856,0.226127,0.076412,-0.503814,-0.83018,-8.22548,111.972664,-0.903077,0.288146,0.173793,-0.588394,-0.735228,4.523818,135.077637,-3.582119,-0.012117,0.974525,0.170027,0.145757,4.27463,126.769188,29.54908,0.364393,0.865014,0.136406,-0.3168,21.013567,126.315437,34.589012,0.034791,0.151477,0.46664,-0.870685,34.266026,112.807892,18.51148,0.040966,-0.078419,0.677647,-0.730046,21.577288,132.431747,11.262644,0.074698,0.927035,0.234492,0.282913,-3.135324,83.762207,15.206554,0.120239,0.986819,-0.038798,0.101121,-3.346011,51.910316,-2.082011,0.020456,0.974848,0.074134,0.209183,-15.006663,5.864233,0.403532,-0.081132,0.944314,0.017508,0.318405,12.970506,84.322845,24.809465,0.086275,0.881503,-0.229642,0.403453,18.927874,48.5802,25.483566,-0.032019,0.876996,0.037779,0.477939,2.879459,6.740353,41.429287,0.020456,0.974848,0.074134,0.209183,-9.279767,1.752669,-13.213721,-0.032019,0.876996,0.037779,0.477939,15.202739,2.036293,33.61005
830,6.916667,-0.026605,0.963159,0.040003,0.264606,4.920146,84.045616,20.015877,-0.039587,0.978016,0.099022,0.1792,4.363136,91.701607,20.50028,-0.012049,0.9813,0.123558,0.147101,1.996423,112.18325,24.262398,0.098268,0.993263,-0.022367,0.057204,0.739198,132.491501,29.269403,0.152613,0.972895,-0.167561,-0.045923,3.819483,146.630524,26.92503,-0.019504,0.939182,0.107469,0.325589,-2.847877,126.864609,27.388811,0.442132,-0.568827,0.087496,-0.687967,-16.61413,127.447723,16.62085,0.226166,0.07636,-0.503845,-0.830155,-8.232262,111.968636,-0.892302,0.288227,0.173771,-0.588503,-0.735114,4.515816,135.073868,-3.575096,-0.012079,0.974527,0.17005,0.145719,4.272696,126.770042,29.560333,0.364451,0.864952,0.136877,-0.316699,21.012049,126.315094,34.598766,0.034851,0.151254,0.466638,-0.870722,34.265602,112.812935,18.51762,0.040969,-0.078436,0.67752,-0.730162,21.574202,132.436462,11.277048,0.074769,0.927015,0.234509,0.282947,-3.132962,83.763481,15.214851,0.120245,0.9868,-0.038776,0.101308,-3.347433,51.912922,-2.076107,0.020456,0.97485,0.074167,0.20916,-15.008926,5.866819,0.405087,-0.081118,0.944339,0.017533,0.318333,12.973253,84.327759,24.8169,0.086315,0.881479,-0.229622,0.403507,18.930286,48.585011,25.488482,-0.032075,0.876997,0.037752,0.477936,2.87827,6.744969,41.430058,0.020456,0.97485,0.074167,0.20916,-9.282577,1.756221,-13.212687,-0.032075,0.876997,0.037752,0.477936,15.201894,2.041001,33.611309
831,6.925,-0.026641,0.963162,0.040084,0.264578,4.922398,84.044357,20.022137,-0.0396,0.978013,0.099118,0.179161,4.36453,91.700218,20.507599,-0.012145,0.981297,0.123616,0.147066,1.996673,112.181541,24.273699,0.09817,0.993267,-0.022562,0.05722,0.735342,132.489105,29.282469,0.152715,0.97288,-0.167586,-0.045793,3.813136,146.627731,26.932388,-0.019482,0.939165,0.107461,0.325641,-2.850617,126.861618,27.401566,0.442019,-0.568883,0.087639,-0.687975,-16.615715,127.44558,16.632175,0.226101,0.076233,-0.503909,-0.830146,-8.238248,111.963524,-0.88046,0.288375,0.173662,-0.588544,-0.735049,4.50858,135.071579,-3.568147,-0.012025,0.974525,0.170125,0.14565,4.270074,126.768372,29.572762,0.364415,0.86491,0.137047,-0.316782,21.010181,126.311615,34.608528,0.034854,0.151033,0.466626,-0.870767,34.262432,112.814987,18.521667,0.041018,-0.078583,0.677672,-0.730002,21.566813,132.439941,11.289938,0.074886,0.926978,0.234511,0.283036,-3.130945,83.76194,15.221522,0.120231,0.986817,-0.038721,0.10118,-3.351503,51.912731,-2.071853,0.020341,0.974857,0.074175,0.209137,-15.010859,5.865899,0.40587,-0.081153,0.944382,0.017579,0.318196,12.97574,84.326782,24.82275,0.086407,0.881535,-0.229622,0.403366,18.936296,48.584564,25.491104,-0.032072,0.877003,0.037722,0.477928,2.8792,6.746033,41.43153,0.020341,0.974857,0.074175,0.209137,-9.283961,1.756191,-13.211945,-0.032072,0.877003,0.037722,0.477928,15.202517,2.041272,33.612774
832,6.933333,-0.026662,0.963156,0.040136,0.264593,4.923368,84.044472,20.028439,-0.03962,0.978007,0.099177,0.179157,4.364974,91.700256,20.514574,-0.012199,0.98129,0.123672,0.147058,1.996083,112.179245,24.282585,0.098114,0.993269,-0.02266,0.057248,0.732237,132.48616,29.293329,0.152737,0.972864,-0.167686,-0.045707,3.808663,146.624603,26.940441,-0.019494,0.939164,0.107477,0.325636,-2.853027,126.858398,27.411884,0.442036,-0.568944,0.087652,-0.687913,-16.618208,127.442146,16.642582,0.226047,0.076224,-0.503977,-0.83012,-8.244271,111.958107,-0.869989,0.288492,0.173455,-0.588597,-0.73501,4.49849,135.067291,-3.557469,-0.012045,0.974519,0.17019,0.145615,4.267681,126.765846,29.583057,0.364402,0.864881,0.137123,-0.316843,21.008131,126.309647,34.617737,0.034764,0.15097,0.466548,-0.870823,34.258926,112.815689,18.527431,0.040742,-0.078562,0.677669,-0.730023,21.558887,132.439331,11.300178,0.074913,0.926975,0.234506,0.283042,-3.129805,83.761948,15.227545,0.120229,0.986814,-0.038673,0.101233,-3.352165,51.912861,-2.066027,0.020369,0.974849,0.074184,0.209168,-15.011051,5.86564,0.406604,-0.081148,0.944417,0.017591,0.318091,12.976541,84.327003,24.829334,0.08644,0.881546,-0.22955,0.403375,18.937105,48.584755,25.496159,-0.032032,0.876988,0.0378,0.477952,2.879748,6.743622,41.429497,0.020369,0.974849,0.074184,0.209168,-9.283564,1.756019,-13.210988,-0.032032,0.876988,0.0378,0.477952,15.203467,2.040292,33.610512
833,6.941667,-0.026655,0.963156,0.040137,0.264591,4.920331,84.043571,20.034901,-0.039594,0.978005,0.0992,0.179159,4.362037,91.699356,20.521093,-0.012237,0.981281,0.123729,0.147066,1.994296,112.175926,24.289835,0.098039,0.993274,-0.02279,0.057237,0.728477,132.482224,29.302614,0.15282,0.972855,-0.16767,-0.045681,3.802886,146.620468,26.945814,-0.019489,0.939199,0.107485,0.325535,-2.856228,126.85434,27.420506,0.442213,-0.568997,0.087424,-0.687784,-16.62372,127.437912,16.654148,0.226151,0.076273,-0.503973,-0.83009,-8.250797,111.95607,-0.860849,0.28855,0.17339,-0.588611,-0.734991,4.491545,135.06488,-3.548996,-0.012142,0.97452,0.17021,0.145578,4.264433,126.762199,29.591852,0.364433,0.864839,0.137332,-0.316832,21.00518,126.309433,34.625862,0.034921,0.150831,0.466498,-0.870867,34.255192,112.818123,18.532686,0.040723,-0.07867,0.677804,-0.729887,21.551083,132.439301,11.307701,0.075049,0.926837,0.234595,0.283384,-3.132877,83.761185,15.234053,0.12014,0.986804,-0.038723,0.101412,-3.355943,51.91658,-2.067767,0.020769,0.974868,0.074245,0.209018,-15.007551,5.867696,0.408301,-0.08112,0.944344,0.017755,0.318307,12.973538,84.325966,24.835747,0.086383,0.881505,-0.229565,0.403468,18.935789,48.583797,25.492052,-0.031893,0.876958,0.03794,0.478005,2.880873,6.742397,41.427162,0.020769,0.974868,0.074245,0.209018,-9.287949,1.757815,-13.21253,-0.031893,0.876958,0.03794,0.478005,15.204853,2.040677,33.607613
834,6.95,-0.026687,0.963157,0.040212,0.264575,4.92142,84.042488,20.040344,-0.039672,0.977999,0.099254,0.179143,4.362356,91.698151,20.527525,-0.01224,0.981278,0.123786,0.147039,1.990791,112.176605,24.298351,0.098076,0.993271,-0.022752,0.057241,0.724669,132.4823,29.313484,0.152823,0.972834,-0.167792,-0.045669,3.800121,146.620499,26.957857,-0.019512,0.939249,0.107369,0.325427,-2.859978,126.85453,27.430933,0.442198,-0.568991,0.087437,-0.687797,-16.629892,127.435577,16.667542,0.226186,0.076214,-0.504034,-0.830049,-8.256748,111.953781,-0.847392,0.288666,0.173454,-0.588632,-0.734913,4.482499,135.063004,-3.539888,-0.012172,0.974499,0.170277,0.145635,4.260801,126.762344,29.601887,0.364354,0.864843,0.137029,-0.317041,21.000935,126.309883,34.637955,0.034791,0.150871,0.466517,-0.870856,34.247215,112.81855,18.541733,0.040772,-0.078677,0.677852,-0.729839,21.544249,132.441589,11.317888,0.07508,0.926816,0.234638,0.283409,-3.131906,83.75988,15.239713,0.12016,0.986808,-0.038693,0.101366,-3.355608,51.917088,-2.065435,0.020479,0.97487,0.074109,0.209086,-15.008612,5.868423,0.408133,-0.081135,0.94441,0.017767,0.318105,12.974745,84.325096,24.840975,0.086472,0.881549,-0.229548,0.403364,18.938456,48.583145,25.495508,-0.032077,0.876969,0.037828,0.477981,2.878709,6.742442,41.427551,0.020479,0.97487,0.074109,0.209086,-9.284653,1.756082,-13.210119,-0.032077,0.876969,0.037828,0.477981,15.203461,2.040477,33.609383
835,6.958333,-0.026716,0.963149,0.040365,0.264576,4.918537,84.043137,20.045494,-0.039625,0.978007,0.099306,0.179082,4.358429,91.698586,20.534819,-0.012302,0.981277,0.123875,0.146964,1.988871,112.174919,24.307941,0.098157,0.993262,-0.022855,0.057218,0.720003,132.47963,29.326366,0.152742,0.972841,-0.167826,-0.045665,3.797788,146.616837,26.967865,-0.019522,0.939257,0.107515,0.325356,-2.863949,126.851532,27.443424,0.442135,-0.56899,0.087461,-0.687835,-16.635475,127.43367,16.682148,0.226088,0.076097,-0.504102,-0.830045,-8.262503,111.952713,-0.833596,0.288564,0.173444,-0.588741,-0.734868,4.473711,135.062286,-3.529368,-0.012208,0.974481,0.170445,0.145555,4.257133,126.760208,29.613422,0.364233,0.86484,0.137268,-0.317084,20.998051,126.308586,34.646976,0.034902,0.150634,0.466384,-0.870963,34.247341,112.826553,18.545441,0.040953,-0.078694,0.678063,-0.729631,21.534622,132.446274,11.328466,0.075166,0.926767,0.234622,0.283559,-3.134755,83.76078,15.244788,0.120087,0.986805,-0.038676,0.101489,-3.361781,51.918388,-2.061051,0.020514,0.974874,0.074185,0.209038,-15.008256,5.867952,0.410186,-0.081157,0.944376,0.017851,0.318196,12.971828,84.3255,24.846199,0.086519,0.881595,-0.229565,0.403244,18.938932,48.58403,25.496065,-0.031929,0.876961,0.037953,0.477996,2.876849,6.744853,41.429764,0.020514,0.974874,0.074185,0.209038,-9.285752,1.757704,-13.209314,-0.031929,0.876961,0.037953,0.477996,15.201066,2.043988,33.610077
836,6.966667,-0.026765,0.963153,0.040527,0.264533,4.919609,84.042358,20.051756,-0.03969,0.978012,0.099291,0.179049,4.358134,91.697571,20.543297,-0.012355,0.981269,0.123984,0.146924,1.986151,112.173798,24.315372,0.09827,0.993247,-0.022877,0.057272,0.714678,132.477325,29.337948,0.152628,0.972851,-0.167899,-0.045565,3.795939,146.613724,26.979172,-0.019562,0.939249,0.107698,0.325315,-2.868584,126.849075,27.454117,0.442233,-0.569025,0.087321,-0.687761,-16.641001,127.431824,16.694016,0.226111,0.076153,-0.504147,-0.830006,-8.268753,111.952438,-0.823469,0.288536,0.173527,-0.588817,-0.734799,4.464123,135.062866,-3.517956,-0.012188,0.974467,0.170523,0.14556,4.252656,126.758362,29.623625,0.364104,0.86486,0.137556,-0.317057,20.993542,126.305641,34.657173,0.034848,0.150604,0.466335,-0.870997,34.248394,112.833168,18.552216,0.041021,-0.078652,0.677818,-0.729859,21.533899,132.450562,11.338098,0.075209,0.92675,0.234672,0.283563,-3.134058,83.759872,15.251686,0.12008,0.986794,-0.038669,0.101604,-3.36279,51.91964,-2.058104,0.020442,0.974871,0.074219,0.209045,-15.008772,5.868968,0.411196,-0.081219,0.94437,0.017946,0.318193,12.973276,84.324844,24.851824,0.086563,0.881536,-0.229637,0.403322,18.946728,48.584339,25.496637,-0.0321,0.876996,0.037848,0.477928,2.876936,6.749031,41.432743,0.020442,0.974871,0.074219,0.209045,-9.28528,1.760081,-13.2083,-0.0321,0.876996,0.037848,0.477928,15.20106,2.047867,33.613087
837,6.975,-0.026841,0.963156,0.040662,0.264493,4.918764,84.040741,20.05711,-0.039746,0.978006,0.099329,0.17905,4.355646,91.695717,20.550358,-0.01237,0.98126,0.124047,0.146932,1.980857,112.173355,24.323921,0.098256,0.99325,-0.022883,0.057245,0.708334,132.476212,29.348925,0.152685,0.972837,-0.167914,-0.045612,3.789082,146.612686,26.989864,-0.019465,0.939248,0.107803,0.325288,-2.874627,126.848045,27.464338,0.442222,-0.569008,0.087442,-0.687767,-16.647778,127.435074,16.705416,0.226119,0.076117,-0.504211,-0.829969,-8.275657,111.952194,-0.809047,0.288573,0.173604,-0.588926,-0.734679,4.453941,135.063797,-3.506213,-0.012214,0.974454,0.170677,0.145463,4.246572,126.757385,29.633982,0.363897,0.864935,0.137564,-0.317084,20.988422,126.305344,34.664371,0.034756,0.150554,0.466187,-0.871088,34.249866,112.840691,18.5583,0.041076,-0.078574,0.677962,-0.729731,21.527924,132.454666,11.34799,0.075214,0.926709,0.234736,0.283642,-3.13523,83.757523,15.257636,0.120102,0.986787,-0.038672,0.101647,-3.361401,51.919533,-2.056311,0.020431,0.974851,0.074276,0.20912,-15.009558,5.869394,0.4126,-0.081288,0.944394,0.017979,0.318101,12.972757,84.323952,24.856583,0.086665,0.88156,-0.229646,0.403242,18.951761,48.584358,25.500107,-0.032075,0.87699,0.037884,0.477938,2.874588,6.751126,41.434216,0.020431,0.974851,0.074276,0.20912,-9.283763,1.762149,-13.206421,-0.032075,0.87699,0.037884,0.477938,15.198821,2.050553,33.614384
838,6.983333,-0.026937,0.963169,0.040789,0.264417,4.922872,84.04081,20.061731,-0.040126,0.977994,0.099434,0.17897,4.357852,91.695549,20.556519,-0.012167,0.981273,0.124141,0.146782,1.966612,112.17482,24.332315,0.098265,0.993253,-0.022929,0.057151,0.702615,132.476913,29.362562,0.152625,0.972828,-0.168017,-0.045618,3.783287,146.613129,27.001905,-0.019712,0.939214,0.107764,0.325386,-2.882881,126.85038,27.477905,0.442181,-0.568976,0.087404,-0.687825,-16.653456,127.429245,16.715235,0.225976,0.076144,-0.504316,-0.829941,-8.279161,111.949303,-0.800785,0.288503,0.173574,-0.588934,-0.734707,4.444479,135.064392,-3.494324,-0.012245,0.974441,0.170849,0.145347,4.239048,126.756836,29.645029,0.363845,0.864976,0.137527,-0.317049,20.982052,126.305641,34.671673,0.034542,0.150711,0.466209,-0.871058,34.246532,112.841675,18.567518,0.040912,-0.078547,0.677577,-0.7301,21.528345,132.456573,11.355824,0.075106,0.926821,0.234736,0.283305,-3.131781,83.756424,15.263426,0.120164,0.986819,-0.038538,0.10131,-3.357065,51.917255,-2.048364,0.020816,0.974858,0.074461,0.208983,-15.008901,5.86755,0.411326,-0.08124,0.944445,0.017989,0.317961,12.977524,84.325195,24.860037,0.086658,0.881501,-0.229634,0.403379,18.953604,48.58506,25.500944,-0.032134,0.87695,0.037884,0.478007,2.874981,6.751189,41.431904,0.020816,0.974858,0.074461,0.208983,-9.290132,1.763751,-13.211688,-0.032134,0.87695,0.037884,0.478007,15.200973,2.051459,33.61433
839,6.991667,-0.026914,0.963173,0.040851,0.264395,4.919549,84.038628,20.066896,-0.040148,0.977986,0.099507,0.178969,4.354626,91.693306,20.562691,-0.012166,0.981266,0.12419,0.146783,1.961895,112.172485,24.341387,0.098168,0.993262,-0.022962,0.057161,0.697636,132.47406,29.373655,0.152625,0.972826,-0.168045,-0.045564,3.77562,146.610687,27.011908,-0.019771,0.939242,0.108001,0.325223,-2.887785,126.847672,27.488426,0.442205,-0.568994,0.087301,-0.687807,-16.661985,127.426651,16.730404,0.225991,0.076143,-0.504342,-0.829921,-8.287845,111.949181,-0.787883,0.288571,0.17355,-0.588939,-0.734683,4.434338,135.064774,-3.48223,-0.01228,0.974454,0.170878,0.145225,4.234138,126.753998,29.655558,0.363776,0.864994,0.137429,-0.317122,20.978355,126.304588,34.67831,0.034488,0.150637,0.466124,-0.871118,34.242989,112.842216,18.572954,0.040863,-0.078604,0.67763,-0.730048,21.519432,132.456009,11.365122,0.075228,0.926679,0.234893,0.283607,-3.135337,83.754936,15.268946,0.120102,0.986791,-0.038661,0.101613,-3.359635,51.922424,-2.055099,0.020698,0.974861,0.07431,0.209033,-15.007636,5.872211,0.413208,-0.08126,0.944376,0.018137,0.318155,12.974435,84.322319,24.864847,0.086677,0.881555,-0.22967,0.403238,18.955147,48.582813,25.497263,-0.032122,0.876941,0.038012,0.478014,2.876235,6.750798,41.432816,0.020698,0.974861,0.07431,0.209033,-9.286752,1.764601,-13.207765,-0.032122,0.876941,0.038012,0.478014,15.20279,2.05419,33.614262
840,7.0,-0.026948,0.963188,0.040902,0.26433,4.917209,84.036896,20.073164,-0.04017,0.977986,0.099599,0.178914,4.351607,91.69149,20.569628,-0.012271,0.981272,0.124181,0.146744,1.957554,112.169502,24.351955,0.098213,0.993259,-0.022913,0.057144,0.689234,132.471069,29.383226,0.152569,0.972829,-0.168066,-0.045606,3.768378,146.607681,27.022911,-0.019829,0.939244,0.107958,0.325228,-2.895089,126.843819,27.49848,0.442235,-0.569011,0.08719,-0.687788,-16.669109,127.42041,16.740099,0.225966,0.076224,-0.50436,-0.82991,-8.294959,111.945602,-0.780524,0.288418,0.173807,-0.588914,-0.734702,4.426329,135.063812,-3.471083,-0.012322,0.974451,0.170912,0.1452,4.226969,126.751778,29.665247,0.363683,0.865035,0.137346,-0.317152,20.971403,126.303795,34.687408,0.03435,0.150711,0.466075,-0.871137,34.238453,112.843552,18.582264,0.040713,-0.078774,0.677246,-0.730393,21.514679,132.455109,11.374918,0.075119,0.92673,0.234965,0.28341,-3.138292,83.752792,15.276267,0.120121,0.986833,-0.038564,0.101215,-3.357443,51.92157,-2.050216,0.02055,0.974891,0.074298,0.208913,-15.005295,5.871076,0.413444,-0.081271,0.944371,0.018237,0.318159,12.97271,84.321007,24.87006,0.086694,0.881521,-0.229695,0.403292,18.956408,48.581875,25.495907,-0.032163,0.876928,0.037988,0.478038,2.874203,6.751251,41.431797,0.02055,0.974891,0.074298,0.208913,-9.286226,1.764026,-13.208464,-0.032163,0.876928,0.037988,0.478038,15.201434,2.054597,33.614334
841,7.008333,-0.026991,0.963199,0.041099,0.264255,4.918251,84.035515,20.075775,-0.040204,0.977974,0.099734,0.178898,4.351261,91.689819,20.575016,-0.012452,0.981264,0.1242,0.146764,1.954829,112.166847,24.362669,0.098213,0.993255,-0.023019,0.057173,0.678868,132.468018,29.393593,0.15257,0.97284,-0.168012,-0.045575,3.758262,146.60408,27.030313,-0.01978,0.939246,0.107937,0.325232,-2.903293,126.83947,27.508604,0.442212,-0.568987,0.087186,-0.687823,-16.67729,127.417442,16.750271,0.22591,0.07621,-0.504429,-0.829884,-8.301767,111.943817,-0.770728,0.288387,0.173859,-0.588887,-0.734723,4.415353,135.062988,-3.461207,-0.012346,0.97445,0.170955,0.145152,4.218609,126.749992,29.675982,0.363589,0.865064,0.13749,-0.317118,20.963505,126.302887,34.696674,0.034361,0.150579,0.466002,-0.871199,34.235008,112.848213,18.590546,0.040791,-0.07894,0.677176,-0.730436,21.506317,132.457581,11.388426,0.075274,0.926634,0.235068,0.283597,-3.137948,83.751556,15.280047,0.120042,0.98683,-0.038625,0.101317,-3.361726,51.925529,-2.055918,0.020684,0.97489,0.074304,0.208903,-15.003098,5.87368,0.413073,-0.081273,0.944383,0.018273,0.318122,12.97445,84.319481,24.871504,0.086717,0.881508,-0.229714,0.403306,18.959162,48.580475,25.494715,-0.032459,0.876938,0.037809,0.478014,2.874084,6.751049,41.430832,0.020684,0.97489,0.074304,0.208903,-9.285619,1.76611,-13.209343,-0.032459,0.876938,0.037809,0.478014,15.20282,2.054017,33.615971
842,7.016667,-0.027089,0.96321,0.041203,0.264188,4.919789,84.03511,20.081087,-0.040286,0.977968,0.099816,0.178865,4.350961,91.689201,20.581512,-0.012513,0.981256,0.124286,0.146738,1.950825,112.164474,24.371786,0.098221,0.993259,-0.022976,0.057114,0.671936,132.464691,29.405836,0.152515,0.972847,-0.167992,-0.045684,3.75125,146.600952,27.043625,-0.019858,0.939223,0.108249,0.32519,-2.909431,126.835884,27.520117,0.442097,-0.568966,0.087281,-0.687902,-16.684273,127.414726,16.762907,0.22578,0.076114,-0.504521,-0.829872,-8.30839,111.941208,-0.758025,0.288316,0.173882,-0.589005,-0.734651,4.405022,135.063248,-3.450495,-0.012398,0.974417,0.171098,0.1452,4.212562,126.747154,29.687231,0.363386,0.865113,0.137487,-0.317217,20.956926,126.300774,34.709766,0.034241,0.150518,0.465919,-0.871259,34.232658,112.854553,18.600063,0.040834,-0.079108,0.677137,-0.730452,21.499437,132.462479,11.403077,0.075175,0.926734,0.235108,0.283263,-3.136975,83.74984,15.286386,0.120091,0.986857,-0.038542,0.101028,-3.359525,51.924091,-2.050105,0.020555,0.974887,0.074331,0.208921,-15.003949,5.87275,0.413995,-0.081265,0.944432,0.018296,0.317976,12.976554,84.320381,24.87579,0.086748,0.881496,-0.229743,0.40331,18.96133,48.581345,25.496288,-0.032379,0.876941,0.037839,0.478011,2.87253,6.753719,41.433369,0.020555,0.974887,0.074331,0.208921,-9.284619,1.766632,-13.208081,-0.032379,0.876941,0.037839,0.478011,15.200607,2.056314,33.617695
843,7.025,-0.027135,0.963218,0.041333,0.264133,4.917093,84.032822,20.084831,-0.040265,0.977964,0.099898,0.178846,4.347083,91.686707,20.587019,-0.012609,0.981248,0.124339,0.146744,1.947154,112.162315,24.381012,0.098141,0.993266,-0.023007,0.057108,0.663977,132.461884,29.416592,0.152488,0.972854,-0.167972,-0.045686,3.741035,146.598465,27.053326,-0.019785,0.93928,0.108229,0.325036,-2.916183,126.832497,27.530304,0.442158,-0.56898,0.087157,-0.687867,-16.694626,127.41288,16.777796,0.225772,0.076074,-0.504506,-0.829888,-8.318451,111.941742,-0.745101,0.288136,0.173909,-0.589036,-0.73469,4.396133,135.063019,-3.438873,-0.012383,0.974415,0.171121,0.145186,4.205747,126.745049,29.697674,0.363327,0.865113,0.137837,-0.317134,20.950262,126.298126,34.71965,0.03422,0.150385,0.465847,-0.871321,34.23074,112.85939,18.607618,0.04078,-0.079164,0.676949,-0.730623,21.49279,132.465271,11.41673,0.075197,0.926701,0.23519,0.283297,-3.140163,83.747307,15.290973,0.120047,0.986855,-0.038563,0.101087,-3.36174,51.924591,-2.051078,0.020619,0.974887,0.074403,0.20889,-15.002394,5.872398,0.414732,-0.081676,0.94442,0.018566,0.317891,12.97435,84.318336,24.878689,0.086441,0.881538,-0.229568,0.403382,18.993286,48.584869,25.489721,-0.032373,0.877083,0.037972,0.47774,2.935021,6.744546,41.424267,0.020619,0.974887,0.074403,0.20889,-9.284366,1.768056,-13.208424,-0.032373,0.877083,0.037972,0.47774,15.258866,2.05037,33.599979
844,7.033333,-0.027201,0.963226,0.041441,0.264079,4.917367,84.031487,20.087978,-0.040215,0.977963,0.100076,0.178764,4.34598,91.685181,20.591526,-0.012809,0.981251,0.124361,0.146686,1.947351,112.157616,24.392969,0.098186,0.99326,-0.022986,0.057142,0.656125,132.456741,29.428274,0.152311,0.972879,-0.168003,-0.045633,3.734558,146.59314,27.065786,-0.019801,0.939285,0.108313,0.324992,-2.921836,126.825844,27.542326,0.442022,-0.56898,0.08717,-0.687953,-16.70126,127.406502,16.791079,0.225596,0.076038,-0.504596,-0.829884,-8.325156,111.938393,-0.734529,0.288114,0.173854,-0.589073,-0.734682,4.385528,135.063629,-3.426415,-0.01242,0.974404,0.171202,0.145167,4.200275,126.741371,29.709227,0.3632,0.865139,0.137833,-0.317209,20.944963,126.295425,34.730721,0.034085,0.150355,0.465795,-0.871359,34.22765,112.862106,18.615986,0.040753,-0.079352,0.676549,-0.730975,21.487474,132.466721,11.429642,0.075305,0.926632,0.235323,0.283381,-3.140363,83.745277,15.294951,0.119989,0.986825,-0.0387,0.101401,-3.364621,51.928288,-2.057581,0.020662,0.974903,0.074333,0.208834,-15.002026,5.875793,0.418026,-0.081344,0.94441,0.018428,0.318015,12.975097,84.317696,24.881004,0.086792,0.881465,-0.2298,0.403334,18.968264,48.579941,25.494606,-0.032316,0.876885,0.038021,0.478104,2.873321,6.75551,41.433895,0.020662,0.974903,0.074333,0.208834,-9.286118,1.769244,-13.205361,-0.032316,0.876885,0.038021,0.478104,15.203259,2.061909,33.618858
845,7.041667,-0.027222,0.963238,0.04151,0.264022,4.915489,84.029831,20.09219,-0.040281,0.977948,0.100208,0.178758,4.343532,91.683418,20.596708,-0.01281,0.981241,0.124436,0.14669,1.941267,112.154457,24.403004,0.098146,0.993273,-0.022901,0.057022,0.649526,132.452805,29.441324,0.152294,0.972872,-0.167997,-0.045874,3.726231,146.589905,27.080833,-0.01965,0.939332,0.108336,0.324858,-2.928288,126.822105,27.554501,0.442048,-0.569043,0.087097,-0.687894,-16.710962,127.40744,16.807673,0.225595,0.075935,-0.50458,-0.829904,-8.337819,111.939957,-0.719894,0.288026,0.173843,-0.589069,-0.734723,4.374292,135.063248,-3.415947,-0.012459,0.97441,0.17119,0.145134,4.193807,126.737473,29.721455,0.363167,0.865121,0.137919,-0.31726,20.938795,126.293121,34.742104,0.0341,0.150284,0.465758,-0.87139,34.221077,112.863289,18.624125,0.040709,-0.07952,0.676413,-0.731085,21.478262,132.466934,11.440333,0.075255,0.926633,0.235441,0.283293,-3.142791,83.743515,15.300091,0.120013,0.986842,-0.038684,0.101208,-3.362799,51.930016,-2.058893,0.020706,0.9749,0.07433,0.208846,-15.00175,5.87793,0.417165,-0.081344,0.944444,0.018455,0.317913,12.973769,84.316139,24.884289,0.086772,0.88146,-0.229782,0.40336,18.967636,48.578461,25.495356,-0.032532,0.87691,0.037934,0.47805,2.87454,6.752935,41.433628,0.020706,0.9749,0.07433,0.208846,-9.28595,1.771036,-13.206163,-0.032532,0.87691,0.037934,0.47805,15.205127,2.060152,33.619125
846,7.05,-0.027227,0.963251,0.041562,0.263967,4.912897,84.029755,20.095066,-0.040248,0.977947,0.100326,0.1787,4.340691,91.683266,20.600368,-0.013017,0.981235,0.1245,0.146655,1.939663,112.14875,24.410973,0.097847,0.993301,-0.022953,0.057035,0.639209,132.446213,29.45064,0.152344,0.972882,-0.16793,-0.045728,3.70751,146.584824,27.088169,-0.01964,0.939335,0.108515,0.324788,-2.936196,126.814079,27.563509,0.44208,-0.569032,0.086991,-0.687896,-16.720472,127.401505,16.818848,0.225531,0.075958,-0.504655,-0.829874,-8.345765,111.936966,-0.710574,0.287941,0.173858,-0.589156,-0.734683,4.362041,135.062576,-3.404946,-0.012538,0.974398,0.171237,0.145156,4.18597,126.732384,29.730341,0.363069,0.865144,0.137931,-0.317304,20.930668,126.290359,34.752171,0.034035,0.150276,0.465646,-0.871454,34.215092,112.864807,18.632401,0.040537,-0.079594,0.676326,-0.731167,21.467054,132.465591,11.450156,0.075078,0.926739,0.235452,0.282985,-3.145925,83.743576,15.303868,0.120065,0.986874,-0.038546,0.100885,-3.359617,51.928486,-2.052285,0.020714,0.974893,0.074349,0.208869,-15.001306,5.87658,0.414146,-0.081311,0.9444,0.018532,0.318045,12.971717,84.315933,24.886263,0.086724,0.881429,-0.229787,0.403435,18.965014,48.578072,25.49214,-0.032551,0.876904,0.037978,0.478055,2.874413,6.751952,41.431366,0.020714,0.974893,0.074349,0.208869,-9.284918,1.770169,-13.209084,-0.032551,0.876904,0.037978,0.478055,15.205449,2.060565,33.616734
847,7.058333,-0.027272,0.963269,0.041649,0.263885,4.909609,84.027809,20.098183,-0.040277,0.977941,0.10048,0.178642,4.336431,91.681175,20.604633,-0.013091,0.981234,0.124553,0.146613,1.933386,112.144676,24.421307,0.097804,0.993307,-0.022999,0.05698,0.629757,132.441483,29.462729,0.152313,0.972892,-0.167887,-0.045781,3.696649,146.580139,27.098682,-0.01954,0.939369,0.108569,0.324679,-2.944798,126.808907,27.575361,0.44223,-0.569094,0.086806,-0.687771,-16.731707,127.39978,16.834265,0.225597,0.075931,-0.504668,-0.82985,-8.358917,111.936485,-0.697187,0.287928,0.173754,-0.589409,-0.734509,4.347805,135.060959,-3.394612,-0.01264,0.974387,0.171329,0.145107,4.177521,126.728264,29.741728,0.363042,0.865137,0.13781,-0.317408,20.92263,126.289513,34.762474,0.03396,0.150266,0.465659,-0.871452,34.204781,112.864052,18.640741,0.040568,-0.079607,0.676251,-0.731233,21.456886,132.466431,11.460457,0.075022,0.926757,0.235554,0.282856,-3.149974,83.741173,15.308295,0.120016,0.986904,-0.038538,0.100659,-3.360092,51.928986,-2.053219,0.020725,0.97492,0.074385,0.208728,-14.996633,5.875906,0.415644,-0.081327,0.944419,0.018573,0.317983,12.969193,84.314445,24.888069,0.08671,0.881421,-0.229797,0.403449,18.964565,48.576889,25.49111,-0.032274,0.876891,0.038139,0.478086,2.874464,6.750986,41.431404,0.020725,0.97492,0.074385,0.208728,-9.284076,1.770635,-13.209537,-0.032274,0.876891,0.038139,0.478086,15.204215,2.059805,33.614616
848,7.066667,-0.027268,0.963288,0.041706,0.263805,4.909672,84.030457,20.102055,-0.040425,0.977929,0.100644,0.178584,4.336358,91.683754,20.609411,-0.013162,0.98123,0.124652,0.146551,1.926603,112.142632,24.431215,0.097788,0.993312,-0.022917,0.05696,0.619799,132.438339,29.476257,0.152148,0.972903,-0.16797,-0.0458,3.686047,146.577499,27.11447,-0.01961,0.939349,0.108696,0.32469,-2.953927,126.805428,27.58831,0.442298,-0.569138,0.086659,-0.68771,-16.740482,127.395485,16.846722,0.22555,0.075943,-0.504689,-0.829849,-8.368882,111.934616,-0.687423,0.287815,0.173695,-0.589477,-0.734514,4.336408,135.059464,-3.383289,-0.01269,0.974388,0.171385,0.145028,4.168639,126.725723,29.753899,0.363102,0.865093,0.13822,-0.317278,20.914497,126.288864,34.772308,0.034177,0.15011,0.465576,-0.871515,34.198551,112.867188,18.648996,0.040567,-0.079567,0.676273,-0.731217,21.445509,132.464767,11.470566,0.075055,0.926782,0.235576,0.282746,-3.150708,83.744087,15.313491,0.119942,0.986926,-0.038477,0.100551,-3.364645,51.933002,-2.049993,0.020743,0.974941,0.074334,0.208648,-14.993516,5.877787,0.415182,-0.081293,0.944414,0.018618,0.318005,12.970053,84.316818,24.890617,0.086683,0.881364,-0.229811,0.403574,18.964117,48.578976,25.48996,-0.032591,0.876879,0.037969,0.478099,2.873544,6.753221,41.430187,0.020743,0.974941,0.074334,0.208648,-9.283445,1.771028,-13.210591,-0.032591,0.876879,0.037969,0.478099,15.205683,2.062196,33.617073
849,7.075,-0.027342,0.963312,0.041757,0.263704,4.908795,84.027039,20.105156,-0.040569,0.977925,0.100782,0.178494,4.334234,91.680214,20.613016,-0.013168,0.981235,0.124724,0.146451,1.917706,112.13932,24.439892,0.097734,0.993316,-0.022988,0.056956,0.610713,132.434265,29.487944,0.151945,0.97294,-0.167963,-0.0457,3.675498,146.573395,27.124002,-0.019904,0.939334,0.109224,0.32454,-2.963057,126.801392,27.599943,0.442372,-0.569161,0.086405,-0.687675,-16.752607,127.38726,16.861973,0.22555,0.07596,-0.504713,-0.829833,-8.380168,111.932625,-0.677264,0.287776,0.173671,-0.589574,-0.734456,4.323835,135.058594,-3.372772,-0.012742,0.974384,0.171394,0.145044,4.159942,126.721809,29.764107,0.363031,0.865098,0.138281,-0.317321,20.90559,126.286575,34.783344,0.03422,0.150045,0.465454,-0.871589,34.190845,112.869087,18.657545,0.040542,-0.07951,0.676347,-0.731156,21.430977,132.463486,11.480359,0.075036,0.926803,0.235698,0.28258,-3.152508,83.739494,15.318222,0.11992,0.986921,-0.03852,0.100607,-3.365625,51.932369,-2.052525,0.020746,0.97494,0.074327,0.208656,-14.993018,5.876967,0.41617,-0.081296,0.944408,0.018639,0.31802,12.970098,84.314583,24.89209,0.086706,0.881368,-0.229835,0.403546,18.964811,48.576828,25.490137,-0.032652,0.876885,0.038007,0.478082,2.871926,6.752509,41.431778,0.020746,0.97494,0.074327,0.208656,-9.282791,1.769958,-13.20946,-0.032652,0.876885,0.038007,0.478082,15.204483,2.063312,33.61824
850,7.083333,-0.027368,0.963325,0.041858,0.263636,4.90599,84.025665,20.106346,-0.040636,0.977919,0.100947,0.178416,4.330667,91.678688,20.615643,-0.013156,0.981231,0.124867,0.146356,1.910527,112.136116,24.448895,0.097668,0.993331,-0.022931,0.056817,0.603661,132.429581,29.502937,0.151838,0.972945,-0.167986,-0.045871,3.665897,146.569427,27.14006,-0.020016,0.939312,0.109245,0.32459,-2.970235,126.797089,27.614021,0.442358,-0.569243,0.086273,-0.687633,-16.758486,127.3797,16.874214,0.22544,0.076006,-0.504824,-0.829791,-8.389572,111.928322,-0.669566,0.287821,0.173671,-0.589652,-0.734376,4.308441,135.058746,-3.361661,-0.012843,0.974387,0.17141,0.144995,4.153177,126.717201,29.776806,0.363081,0.865066,0.138193,-0.317388,20.899231,126.285637,34.794983,0.034255,0.149989,0.465431,-0.87161,34.180569,112.865677,18.668022,0.040566,-0.079418,0.676331,-0.73118,21.418901,132.459305,11.492351,0.074992,0.926825,0.235738,0.282489,-3.155951,83.738091,15.320492,0.119873,0.986936,-0.038508,0.100521,-3.36693,51.931847,-2.051897,0.021049,0.974955,0.074484,0.208501,-14.98963,5.875287,0.417209,-0.081644,0.94439,0.018857,0.317973,12.967929,84.31324,24.892199,0.086352,0.881432,-0.22963,0.403598,18.991352,48.580189,25.483084,-0.032752,0.877053,0.038043,0.477764,2.934374,6.741089,41.422142,0.021049,0.974955,0.074484,0.208501,-9.2862,1.77137,-13.212193,-0.032752,0.877053,0.038043,0.477764,15.262392,2.054114,33.600121
851,7.091667,-0.027397,0.963343,0.041921,0.263557,4.904032,84.025391,20.107878,-0.040694,0.97791,0.101105,0.178362,4.32807,91.678307,20.618032,-0.013269,0.981224,0.124961,0.146317,1.904825,112.132355,24.457037,0.097625,0.993333,-0.02296,0.056852,0.592918,132.424713,29.514254,0.151649,0.972977,-0.167993,-0.04578,3.654136,146.564667,27.150589,-0.020121,0.939321,0.109349,0.324522,-2.979604,126.791588,27.624651,0.442369,-0.569248,0.086127,-0.68764,-16.769264,127.371666,16.886511,0.225344,0.076055,-0.504936,-0.829745,-8.399365,111.924835,-0.660817,0.287945,0.173468,-0.589609,-0.73441,4.293718,135.061829,-3.349993,-0.012888,0.974386,0.171445,0.144954,4.143937,126.713203,29.787073,0.363041,0.865066,0.138268,-0.317401,20.890369,126.283241,34.804146,0.03432,0.149943,0.465373,-0.871646,34.172745,112.866257,18.675556,0.040602,-0.079472,0.676282,-0.731217,21.408234,132.457138,11.500454,0.074925,0.926844,0.23581,0.282384,-3.158663,83.737534,15.323307,0.119915,0.986942,-0.038494,0.100418,-3.365584,51.93301,-2.052271,0.020747,0.974945,0.074342,0.208626,-14.99176,5.877301,0.416339,-0.081651,0.944422,0.018842,0.317877,12.966725,84.31324,24.892448,0.086349,0.881449,-0.229596,0.40358,18.990307,48.580231,25.483931,-0.032302,0.877029,0.038292,0.477818,2.935079,6.739595,41.420727,0.020747,0.974945,0.074342,0.208626,-9.282322,1.770767,-13.209761,-0.032302,0.877029,0.038292,0.477818,15.26103,2.052638,33.595432
852,7.1,-0.027431,0.963362,0.04194,0.263483,4.900073,84.025879,20.109703,-0.040751,0.977896,0.10131,0.178311,4.323568,91.678741,20.620049,-0.013279,0.98122,0.125042,0.146273,1.897044,112.128006,24.466511,0.097566,0.993341,-0.022937,0.056827,0.584475,132.419495,29.527012,0.151427,0.973008,-0.168011,-0.045797,3.64387,146.559906,27.163843,-0.02018,0.939317,0.109444,0.324498,-2.987904,126.786469,27.636831,0.442354,-0.569298,0.085993,-0.687625,-16.778023,127.365616,16.899227,0.225206,0.076083,-0.505029,-0.829723,-8.409779,111.922745,-0.652371,0.287867,0.173482,-0.589596,-0.734448,4.278155,135.063171,-3.337847,-0.012987,0.974382,0.171526,0.144883,4.135825,126.708138,29.798635,0.363078,0.865025,0.138088,-0.317549,20.882885,126.281563,34.813896,0.034221,0.149993,0.465338,-0.87166,34.159256,112.861908,18.682587,0.040289,-0.07942,0.676273,-0.731248,21.393349,132.453018,11.507285,0.074981,0.926765,0.235956,0.282507,-3.163321,83.737434,15.326346,0.119836,0.98693,-0.038594,0.100598,-3.368509,51.938511,-2.059509,0.021331,0.974962,0.074303,0.208503,-14.988777,5.881736,0.417135,-0.081308,0.944371,0.018681,0.318126,12.963467,84.314323,24.893059,0.08666,0.881388,-0.229779,0.403543,18.959936,48.576828,25.489202,-0.032427,0.876849,0.038133,0.478154,2.872927,6.749305,41.428364,0.021331,0.974962,0.074303,0.208503,-9.288568,1.771049,-13.211581,-0.032427,0.876849,0.038133,0.478154,15.205237,2.060143,33.61441
853,7.108333,-0.027451,0.963363,0.041989,0.263469,4.897984,84.025352,20.110529,-0.040882,0.977883,0.101476,0.178261,4.320998,91.678131,20.621529,-0.013328,0.981218,0.125137,0.1462,1.887953,112.126602,24.474054,0.097341,0.993372,-0.022853,0.056706,0.573167,132.417053,29.538164,0.151505,0.973002,-0.167952,-0.045892,3.625528,146.559265,27.176622,-0.020152,0.939349,0.109473,0.324396,-2.998662,126.783836,27.647507,0.442444,-0.569292,0.085838,-0.687591,-16.79113,127.363823,16.912968,0.225209,0.076117,-0.50508,-0.829687,-8.421244,111.923958,-0.640483,0.28783,0.173477,-0.589649,-0.734421,4.26259,135.064178,-3.325084,-0.013017,0.974374,0.171601,0.144843,4.125366,126.706146,29.808352,0.363021,0.86504,0.138124,-0.317559,20.872801,126.280441,34.822441,0.034276,0.149958,0.465236,-0.871718,34.150917,112.863625,18.690201,0.040233,-0.07948,0.676318,-0.731203,21.379574,132.451843,11.514709,0.07476,0.926941,0.235945,0.281996,-3.165533,83.736786,15.327388,0.119862,0.986974,-0.038457,0.100178,-3.36577,51.935112,-2.053496,0.021174,0.974976,0.074391,0.208421,-14.98612,5.87793,0.414977,-0.081318,0.944427,0.018683,0.317955,12.961501,84.313927,24.893671,0.08659,0.881325,-0.229744,0.403715,18.958811,48.576553,25.488815,-0.03248,0.876829,0.038156,0.478184,2.875818,6.746349,41.425003,0.021174,0.974976,0.074391,0.208421,-9.286348,1.77074,-13.214974,-0.03248,0.876829,0.038156,0.478184,15.209234,2.058534,33.611984
854,7.116667,-0.027474,0.963378,0.042045,0.263403,4.895225,84.02523,20.111977,-0.040933,0.977872,0.101668,0.178198,4.317709,91.677917,20.623745,-0.013445,0.981217,0.125197,0.146147,1.881515,112.12381,24.483643,0.097271,0.993385,-0.022744,0.056641,0.561828,132.413498,29.549519,0.151421,0.973017,-0.167912,-0.045983,3.611799,146.556686,27.19075,-0.020197,0.939353,0.109528,0.324363,-3.008677,126.77951,27.658665,0.442408,-0.569335,0.0857,-0.687596,-16.801826,127.358505,16.92495,0.225087,0.076154,-0.505143,-0.829679,-8.433195,111.923393,-0.633289,0.287775,0.173476,-0.589712,-0.734392,4.246976,135.066193,-3.313775,-0.012953,0.97435,0.171695,0.144898,4.115534,126.703499,29.818968,0.362972,0.865009,0.138349,-0.317602,20.862473,126.274811,34.834457,0.034328,0.14986,0.465169,-0.871769,34.141006,112.864471,18.697176,0.040193,-0.079522,0.676319,-0.7312,21.365105,132.450867,11.524376,0.074736,0.92695,0.236002,0.281925,-3.168917,83.736458,15.329902,0.119847,0.986969,-0.038466,0.100248,-3.367628,51.936478,-2.054086,0.021346,0.974971,0.074303,0.208458,-14.986846,5.879012,0.414551,-0.081312,0.944491,0.018644,0.31777,12.959367,84.313995,24.894051,0.086573,0.881354,-0.2297,0.403681,18.955486,48.576447,25.490528,-0.032324,0.876805,0.038332,0.478225,2.876121,6.744051,41.424622,0.021346,0.974971,0.074303,0.208458,-9.288012,1.768293,-13.214725,-0.032324,0.876805,0.038332,0.478225,15.209606,2.058541,33.610332
855,7.125,-0.027485,0.963388,0.042112,0.263354,4.89033,84.024719,20.114481,-0.040985,0.977853,0.101844,0.17819,4.312409,91.677307,20.627224,-0.013467,0.98121,0.12524,0.146153,1.873091,112.119659,24.493542,0.097087,0.993406,-0.022704,0.056597,0.552225,132.408875,29.561037,0.151369,0.973034,-0.167849,-0.046029,3.596711,146.55336,27.202955,-0.020089,0.939462,0.109471,0.324073,-3.017943,126.774849,27.669662,0.442568,-0.569346,0.085397,-0.687522,-16.817833,127.35553,16.944708,0.225155,0.076128,-0.505169,-0.829647,-8.44726,111.926331,-0.617802,0.287638,0.173551,-0.589902,-0.734275,4.231049,135.068146,-3.301561,-0.013058,0.974359,0.171665,0.144863,4.106231,126.699043,29.83009,0.36305,0.864955,0.137729,-0.317929,20.853428,126.274277,34.845039,0.034125,0.149874,0.465396,-0.871654,34.118851,112.85405,18.705206,0.040325,-0.079699,0.676374,-0.731123,21.352001,132.451187,11.536062,0.074626,0.926989,0.236005,0.281823,-3.174285,83.736038,15.3332,0.119843,0.987005,-0.038366,0.099932,-3.367537,51.934982,-2.048883,0.021146,0.974976,0.07427,0.208469,-14.9847,5.876699,0.414175,-0.081684,0.944494,0.018875,0.317651,12.954945,84.313393,24.895763,0.08624,0.881461,-0.229524,0.403619,18.98167,48.580864,25.484308,-0.0322,0.877027,0.038364,0.477823,2.937414,6.735313,41.41925,0.021146,0.974976,0.07427,0.208469,-9.28367,1.766078,-13.214214,-0.0322,0.877027,0.038364,0.477823,15.262836,2.048747,33.592884
856,7.133333,-0.027531,0.963383,0.042199,0.263352,4.889136,84.024544,20.115862,-0.04107,0.977834,0.10201,0.178177,4.310174,91.676987,20.629702,-0.01356,0.981204,0.125288,0.14614,1.866287,112.116982,24.502012,0.097014,0.993416,-0.022588,0.056585,0.541369,132.405579,29.570887,0.1512,0.973061,-0.167837,-0.04607,3.583589,146.551086,27.215975,-0.02012,0.939506,0.109522,0.323928,-3.027675,126.770958,27.67914,0.442209,-0.56929,0.085619,-0.687771,-16.830803,127.350639,16.958292,0.224826,0.075942,-0.505288,-0.829681,-8.45893,111.924194,-0.606017,0.287478,0.173582,-0.589916,-0.73432,4.214785,135.069092,-3.290505,-0.013114,0.974334,0.171817,0.144846,4.096521,126.696442,29.839539,0.363077,0.864913,0.137681,-0.318032,20.843845,126.272919,34.854183,0.03416,0.14969,0.465413,-0.871674,34.105022,112.852219,18.711246,0.040404,-0.07985,0.676592,-0.7309,21.335829,132.451294,11.548708,0.074566,0.927059,0.236,0.281614,-3.175451,83.735451,15.334556,0.119807,0.987025,-0.038297,0.099809,-3.3687,51.93354,-2.04598,0.021029,0.974999,0.074255,0.208376,-14.981611,5.873933,0.412369,-0.0817,0.944525,0.018894,0.317553,12.953724,84.313637,24.897167,0.086237,0.881447,-0.229527,0.403648,18.982056,48.581356,25.484201,-0.032087,0.877034,0.038208,0.477831,2.937417,6.735888,41.418968,0.021029,0.974999,0.074255,0.208376,-9.281973,1.763619,-13.216695,-0.032087,0.877034,0.038208,0.477831,15.261269,2.043729,33.593483
857,7.141667,-0.027547,0.963385,0.042276,0.263331,4.886158,84.022766,20.116535,-0.041141,0.977815,0.102226,0.178144,4.306666,91.675095,20.631474,-0.013676,0.981201,0.125331,0.146113,1.858284,112.114319,24.51232,0.096981,0.993429,-0.022402,0.056501,0.528477,132.402344,29.582237,0.15111,0.973073,-0.167796,-0.046253,3.569175,146.548996,27.232328,-0.020158,0.939485,0.109938,0.323846,-3.039222,126.76693,27.6903,0.442496,-0.569349,0.085258,-0.687583,-16.844168,127.349762,16.97196,0.224884,0.076058,-0.505326,-0.829631,-8.472548,111.927032,-0.595737,0.287325,0.173612,-0.589865,-0.734413,4.19649,135.070908,-3.276967,-0.013152,0.974335,0.171832,0.144817,4.085048,126.694069,29.850521,0.363046,0.864898,0.137609,-0.318139,20.832634,126.27195,34.864426,0.034053,0.149648,0.465395,-0.871696,34.09156,112.852432,18.718645,0.040268,-0.079959,0.676535,-0.730948,21.320496,132.452698,11.560014,0.074518,0.927056,0.236063,0.281582,-3.178622,83.733765,15.335546,0.119843,0.98701,-0.038337,0.0999,-3.367915,51.933502,-2.048047,0.020881,0.974988,0.074143,0.208484,-14.984759,5.87501,0.412613,-0.08171,0.944496,0.018922,0.317637,12.950939,84.311768,24.897524,0.086205,0.881445,-0.229501,0.403674,18.980518,48.579681,25.483385,-0.031922,0.876987,0.038436,0.47791,2.938998,6.732565,41.416973,0.020881,0.974988,0.074143,0.208484,-9.281034,1.762119,-13.213968,-0.031922,0.876987,0.038436,0.47791,15.263721,2.0439,33.590755
858,7.15,-0.027571,0.963392,0.042334,0.263294,4.882808,84.021606,20.118502,-0.041238,0.977798,0.102398,0.178118,4.302744,91.673836,20.634211,-0.013731,0.981192,0.125432,0.146083,1.849256,112.11097,24.521288,0.096953,0.993435,-0.02234,0.056458,0.516716,132.397873,29.594997,0.150889,0.973111,-0.16775,-0.046335,3.556371,146.545013,27.246677,-0.020377,0.939504,0.109976,0.323763,-3.050245,126.762299,27.702179,0.442655,-0.569354,0.084815,-0.687531,-16.856745,127.338043,16.98546,0.224833,0.076238,-0.505482,-0.829533,-8.481701,111.926033,-0.590014,0.287312,0.173672,-0.589921,-0.734359,4.177928,135.076828,-3.264268,-0.013228,0.974338,0.17183,0.144791,4.074129,126.690063,29.862074,0.363039,0.864848,0.137995,-0.318117,20.821901,126.270676,34.875576,0.034233,0.149349,0.465331,-0.871774,34.081791,112.85833,18.724636,0.040384,-0.080155,0.676661,-0.730804,21.303951,132.456024,11.574517,0.074495,0.927067,0.236101,0.281519,-3.182307,83.732414,15.33809,0.119821,0.987024,-0.038298,0.099802,-3.370429,51.933201,-2.047429,0.021127,0.974975,0.074152,0.208518,-14.984584,5.8739,0.410926,-0.081379,0.944498,0.018752,0.317726,12.947923,84.310806,24.898914,0.086522,0.881398,-0.229667,0.403615,18.951052,48.574333,25.489307,-0.032152,0.876829,0.038247,0.478199,2.878311,6.739664,41.424118,0.021127,0.974975,0.074152,0.208518,-9.282355,1.759899,-13.215944,-0.032152,0.876829,0.038247,0.478199,15.209407,2.049527,33.608826
859,7.158333,-0.027592,0.963396,0.042428,0.263263,4.878604,84.020836,20.118893,-0.041168,0.977788,0.10253,0.178112,4.297875,91.672928,20.635931,-0.013966,0.98117,0.125536,0.146118,1.846617,112.106728,24.528446,0.096715,0.993462,-0.022197,0.056455,0.50361,132.392258,29.604843,0.150763,0.97314,-0.167686,-0.046369,3.536273,146.541519,27.260223,-0.020289,0.93961,0.109996,0.323454,-3.060378,126.755226,27.710762,0.442721,-0.569348,0.084516,-0.687531,-16.874004,127.332817,17.003338,0.224795,0.076198,-0.505533,-0.829516,-8.49607,111.929321,-0.578205,0.287115,0.173746,-0.590062,-0.734305,4.160985,135.080978,-3.253856,-0.01326,0.974316,0.171871,0.144888,4.063745,126.686142,29.87158,0.362955,0.864828,0.13789,-0.318313,20.810499,126.267036,34.888493,0.034092,0.149321,0.465377,-0.87176,34.067196,112.858345,18.731915,0.040369,-0.08045,0.676403,-0.731011,21.291409,132.45816,11.586432,0.074449,0.927062,0.23616,0.281499,-3.186801,83.731712,15.338971,0.119841,0.987018,-0.03832,0.099827,-3.370934,51.934006,-2.049345,0.020897,0.974985,0.074092,0.208515,-14.987204,5.875331,0.410582,-0.081354,0.944542,0.018735,0.317602,12.94401,84.309959,24.898813,0.086514,0.881419,-0.22965,0.40358,18.945135,48.573151,25.488964,-0.032293,0.876815,0.038233,0.478216,2.874297,6.73759,41.42334,0.020897,0.974985,0.074092,0.208515,-9.282931,1.760824,-13.215275,-0.032293,0.876815,0.038233,0.478216,15.206906,2.049103,33.609455
860,7.166667,-0.027633,0.963403,0.042495,0.263222,4.873744,84.021393,20.121012,-0.041192,0.977788,0.102669,0.178024,4.292154,91.673363,20.638891,-0.014036,0.981168,0.125669,0.146015,1.839574,112.103043,24.536516,0.096573,0.993484,-0.022126,0.05633,0.493438,132.387085,29.618008,0.150611,0.973177,-0.167574,-0.046489,3.521441,146.537598,27.274788,-0.020354,0.939613,0.11016,0.323385,-3.069772,126.749802,27.723248,0.442521,-0.569382,0.084492,-0.687634,-16.884851,127.326874,17.017666,0.224572,0.076122,-0.505683,-0.829492,-8.508634,111.928665,-0.569336,0.287114,0.173826,-0.590043,-0.734302,4.141339,135.085037,-3.244291,-0.013353,0.974313,0.171924,0.14484,4.05477,126.681625,29.882717,0.362923,0.864782,0.137939,-0.318452,20.801929,126.265739,34.898552,0.034068,0.149093,0.46534,-0.87182,34.055382,112.860954,18.736065,0.040387,-0.080565,0.676567,-0.730846,21.273266,132.463165,11.599685,0.074417,0.92707,0.236185,0.281461,-3.192025,83.731804,15.34173,0.119796,0.98703,-0.038286,0.099777,-3.374147,51.934635,-2.047589,0.02107,0.975002,0.074176,0.208386,-14.985829,5.874691,0.410259,-0.081335,0.944505,0.018781,0.317714,12.939512,84.310974,24.900291,0.086386,0.881344,-0.229626,0.403785,18.940363,48.57407,25.487619,-0.032162,0.876809,0.038315,0.47823,2.877289,6.735363,41.42157,0.02107,0.975002,0.074176,0.208386,-9.286549,1.761831,-13.218188,-0.032162,0.876809,0.038315,0.47823,15.209301,2.047119,33.606598
861,7.175,-0.027608,0.96341,0.042557,0.263186,4.866422,84.021889,20.120558,-0.041237,0.977772,0.102851,0.177998,4.284967,91.673798,20.639492,-0.014087,0.981153,0.125803,0.14599,1.829377,112.101326,24.544123,0.096367,0.993509,-0.022027,0.056282,0.480441,132.383896,29.630753,0.1505,0.973198,-0.167545,-0.046521,3.502264,146.536102,27.289871,-0.020379,0.939595,0.110268,0.323398,-3.082008,126.746559,27.734709,0.442591,-0.569452,0.084288,-0.687556,-16.896772,127.324066,17.028744,0.224532,0.076174,-0.50573,-0.82947,-8.52282,111.929619,-0.562622,0.287023,0.173896,-0.590165,-0.734223,4.124803,135.088974,-3.235024,-0.013358,0.974299,0.172044,0.144788,4.042623,126.678894,29.893902,0.362824,0.864769,0.138173,-0.318499,20.7903,126.262878,34.907997,0.033962,0.149001,0.465304,-0.871859,34.045837,112.866608,18.740168,0.040258,-0.080692,0.676519,-0.730883,21.261103,132.468552,11.610128,0.074355,0.927081,0.23614,0.28148,-3.199719,83.73304,15.341863,0.119749,0.987036,-0.038215,0.099802,-3.378324,51.933647,-2.043414,0.021015,0.975005,0.074208,0.208367,-14.985077,5.872118,0.407932,-0.081721,0.944469,0.018971,0.317711,12.932565,84.310738,24.899254,0.086072,0.881496,-0.229397,0.40365,18.963982,48.578918,25.482506,-0.032171,0.87699,0.038378,0.477891,2.937768,6.725043,41.413727,0.021015,0.975005,0.074208,0.208367,-9.285698,1.760496,-13.220846,-0.032171,0.87699,0.038378,0.477891,15.264183,2.038429,33.588951
862,7.183333,-0.027676,0.963409,0.042606,0.263175,4.864318,84.021294,20.123579,-0.041338,0.977754,0.102984,0.177995,4.281665,91.67308,20.642958,-0.014127,0.981141,0.125903,0.145982,1.820905,112.099884,24.552372,0.096258,0.993526,-0.021858,0.056235,0.469785,132.381348,29.642826,0.150289,0.973232,-0.167507,-0.046622,3.488093,146.535034,27.306431,-0.020421,0.939636,0.110307,0.323265,-3.09206,126.743973,27.745739,0.442418,-0.569427,0.084257,-0.687692,-16.909769,127.319992,17.043499,0.224334,0.076056,-0.505787,-0.829499,-8.534142,111.931465,-0.552259,0.28674,0.174075,-0.590211,-0.734254,4.111519,135.0923,-3.225132,-0.013404,0.974289,0.172087,0.144801,4.03259,126.676689,29.904881,0.362838,0.864685,0.138586,-0.318531,20.780102,126.261925,34.919632,0.034012,0.148813,0.465301,-0.871891,34.034126,112.873329,18.744205,0.040203,-0.080777,0.67647,-0.730922,21.247807,132.473846,11.621547,0.074326,0.927127,0.236177,0.281304,-3.201866,83.731438,15.345016,0.11972,0.987058,-0.038172,0.099637,-3.381035,51.933002,-2.042024,0.020991,0.975011,0.074205,0.208341,-14.984324,5.8705,0.407529,-0.081708,0.944505,0.018973,0.317606,12.930502,84.31115,24.902142,0.086028,0.881466,-0.229376,0.403737,18.961138,48.579174,25.484245,-0.031879,0.877009,0.038518,0.477866,2.937742,6.723675,41.41404,0.020991,0.975011,0.074205,0.208341,-9.285411,1.758961,-13.221468,-0.031879,0.877009,0.038518,0.477866,15.261662,2.036504,33.585674
863,7.191667,-0.027715,0.963413,0.042751,0.263133,4.861117,84.022011,20.123199,-0.041482,0.977732,0.103154,0.177987,4.277328,91.673569,20.644592,-0.014097,0.981131,0.126006,0.145965,1.809586,112.09761,24.559662,0.096098,0.993547,-0.021756,0.056181,0.459161,132.378021,29.654497,0.150125,0.973263,-0.167461,-0.046683,3.472564,146.533173,27.320587,-0.020566,0.939613,0.110485,0.323262,-3.102896,126.741135,27.756353,0.442476,-0.569452,0.083997,-0.687665,-16.92046,127.314415,17.053783,0.224264,0.076137,-0.505885,-0.829451,-8.544082,111.932693,-0.547557,0.28673,0.174055,-0.59034,-0.734159,4.09583,135.097534,-3.216416,-0.013494,0.974283,0.172111,0.144803,4.02184,126.673218,29.915186,0.36284,0.864618,0.138913,-0.318568,20.769238,126.261375,34.930546,0.034083,0.148648,0.46534,-0.871895,34.022011,112.879349,18.748663,0.04028,-0.080969,0.676368,-0.730991,21.235907,132.480148,11.631766,0.074307,0.927191,0.236101,0.28116,-3.205438,83.732132,15.345263,0.119668,0.987069,-0.038082,0.09962,-3.387741,51.930885,-2.036591,0.020687,0.974991,0.074185,0.208473,-14.985386,5.866554,0.405166,-0.08137,0.94452,0.018744,0.317664,12.927672,84.311882,24.901134,0.086338,0.881406,-0.229573,0.403691,18.930079,48.575291,25.49147,-0.031892,0.876863,0.038383,0.478143,2.874613,6.733495,41.424973,0.020687,0.974991,0.074185,0.208473,-9.279922,1.755942,-13.221368,-0.031892,0.876863,0.038383,0.478143,15.202933,2.043123,33.605461
864,7.2,-0.027707,0.963411,0.042758,0.263141,4.853913,84.022858,20.125666,-0.041554,0.977729,0.103302,0.1779,4.270215,91.674416,20.647186,-0.014159,0.981137,0.126095,0.145842,1.798778,112.097183,24.567976,0.095997,0.993567,-0.021589,0.056066,0.445904,132.376572,29.666176,0.149995,0.973285,-0.167415,-0.046798,3.455716,146.533188,27.336529,-0.020685,0.939621,0.110567,0.323202,-3.115581,126.739349,27.767998,0.441972,-0.569428,0.084245,-0.687979,-16.934338,127.309402,17.066801,0.223892,0.075969,-0.505967,-0.829517,-8.558686,111.932693,-0.53926,0.28665,0.174148,-0.590397,-0.734122,4.079021,135.100906,-3.206401,-0.013572,0.974235,0.17243,0.14474,4.009658,126.672379,29.925192,0.362725,0.864628,0.138797,-0.318723,20.757618,126.261963,34.938778,0.033958,0.148589,0.465317,-0.871922,34.009609,112.883911,18.752958,0.040297,-0.081098,0.676365,-0.730978,21.221096,132.486099,11.640999,0.074317,0.927199,0.23607,0.281158,-3.212574,83.73317,15.347609,0.11957,0.987065,-0.038054,0.099791,-3.396225,51.930977,-2.032487,0.020751,0.974999,0.07429,0.208394,-14.984922,5.864203,0.405669,-0.081422,0.944533,0.018798,0.317608,12.920401,84.312538,24.903721,0.086358,0.881498,-0.229527,0.403511,18.927591,48.576702,25.491194,-0.031938,0.876867,0.03831,0.478138,2.875414,6.733191,41.423492,0.020751,0.974999,0.07429,0.208394,-9.281959,1.756381,-13.222751,-0.031938,0.876867,0.03831,0.478138,15.203759,2.041599,33.604752
865,7.208333,-0.027732,0.963409,0.042815,0.263138,4.847455,84.023308,20.128119,-0.041577,0.977718,0.103421,0.177887,4.263164,91.674774,20.650383,-0.014291,0.981126,0.126174,0.145837,1.790063,112.095726,24.57571,0.095908,0.993582,-0.021442,0.056009,0.431319,132.37413,29.676289,0.14989,0.973312,-0.167315,-0.04692,3.438196,146.532013,27.350521,-0.02091,0.939638,0.11087,0.323035,-3.128525,126.736115,27.777355,0.442105,-0.569433,0.083832,-0.68794,-16.950714,127.301552,17.080339,0.223809,0.075997,-0.506027,-0.829501,-8.571882,111.935257,-0.533307,0.28642,0.174102,-0.590297,-0.734304,4.062359,135.10556,-3.197754,-0.013576,0.974214,0.172576,0.144706,3.996685,126.670906,29.93471,0.362561,0.864639,0.13887,-0.318849,20.744987,126.260063,34.947132,0.033759,0.148536,0.465192,-0.872006,33.998932,112.890884,18.755587,0.040082,-0.08109,0.676247,-0.731101,21.203691,132.491486,11.64986,0.074304,0.927207,0.236116,0.281096,-3.219033,83.733459,15.350069,0.119544,0.987072,-0.038069,0.099746,-3.401993,51.932693,-2.032659,0.020591,0.975005,0.074202,0.208412,-14.988342,5.865443,0.40763,-0.081412,0.944545,0.018757,0.317578,12.913942,84.313164,24.906168,0.086266,0.881449,-0.229451,0.403681,18.919506,48.577087,25.496006,-0.032124,0.876872,0.038352,0.478114,2.874608,6.72878,41.423069,0.020591,0.975005,0.074202,0.208412,-9.283545,1.75591,-13.21951,-0.032124,0.876872,0.038352,0.478114,15.204388,2.040898,33.604362
866,7.216667,-0.027758,0.963411,0.042827,0.263126,4.840322,84.026207,20.128908,-0.041728,0.977706,0.103587,0.177817,4.25559,91.677628,20.651249,-0.014168,0.981121,0.12637,0.145712,1.77527,112.09726,24.582476,0.095889,0.993597,-0.021209,0.055867,0.421036,132.373734,29.691935,0.149633,0.97333,-0.167388,-0.047109,3.426509,146.532928,27.37236,-0.020944,0.939613,0.110971,0.32307,-3.140195,126.737061,27.791639,0.442008,-0.56946,0.083831,-0.68798,-16.961559,127.302658,17.093567,0.223665,0.075937,-0.506095,-0.829503,-8.584267,111.938385,-0.522572,0.286373,0.174041,-0.590365,-0.734282,4.047158,135.11113,-3.186661,-0.013807,0.974236,0.172489,0.144644,3.985608,126.669861,29.946968,0.362735,0.864525,0.138878,-0.318955,20.734314,126.267708,34.958744,0.033686,0.148602,0.465362,-0.871907,33.978619,112.893967,18.763077,0.039902,-0.081133,0.675823,-0.731497,21.193378,132.498001,11.657355,0.074231,0.927234,0.236083,0.281056,-3.226254,83.735916,15.351036,0.119562,0.987062,-0.038025,0.099843,-3.405791,51.933254,-2.028249,0.020949,0.974991,0.074293,0.20841,-14.993673,5.866101,0.406664,-0.081472,0.944603,0.01872,0.317391,12.906898,84.31649,24.906782,0.086398,0.881667,-0.229373,0.403221,18.915871,48.581036,25.49935,-0.032144,0.876875,0.03826,0.478115,2.871175,6.731489,41.423344,0.020949,0.974991,0.074293,0.20841,-9.292212,1.757272,-13.222083,-0.032144,0.876875,0.03826,0.478115,15.200761,2.041538,33.605576
867,7.225,-0.027785,0.963415,0.042912,0.263093,4.833754,84.027603,20.129494,-0.041723,0.977701,0.10374,0.177758,4.248307,91.678894,20.653006,-0.014378,0.981108,0.126499,0.145664,1.767305,112.097298,24.59063,0.095572,0.993634,-0.02112,0.055773,0.403917,132.372147,29.704071,0.149712,0.973339,-0.16725,-0.047163,3.39982,146.533661,27.386219,-0.021065,0.939618,0.111074,0.323012,-3.154789,126.734207,27.802832,0.442087,-0.56943,0.083538,-0.68799,-16.97727,127.296783,17.106047,0.223581,0.075997,-0.506178,-0.82947,-8.595819,111.94091,-0.515431,0.286201,0.174076,-0.59036,-0.734345,4.030301,135.11615,-3.175689,-0.01377,0.974182,0.172915,0.144502,3.971133,126.669884,29.957851,0.362584,0.864532,0.138825,-0.319132,20.721308,126.265167,34.964497,0.033512,0.148421,0.465336,-0.871958,33.965427,112.898163,18.763121,0.040008,-0.08126,0.6759,-0.731406,21.175135,132.505768,11.668085,0.074158,0.927287,0.236038,0.280937,-3.233122,83.737228,15.352136,0.119564,0.987068,-0.037957,0.0998,-3.410984,51.932228,-2.022888,0.020897,0.974981,0.074346,0.208442,-14.998271,5.864611,0.406114,-0.081486,0.944649,0.018638,0.317255,12.90063,84.31797,24.906853,0.086363,0.881706,-0.229291,0.403189,18.908718,48.582455,25.504503,-0.032478,0.876899,0.038107,0.47806,2.870481,6.728742,41.42403,0.020897,0.974981,0.074346,0.208442,-9.295305,1.757566,-13.22254,-0.032478,0.876899,0.038107,0.47806,15.201482,2.039615,33.608002
868,7.233333,-0.027856,0.963407,0.04299,0.263101,4.828124,84.029808,20.130333,-0.041777,0.977683,0.103908,0.177749,4.2413,91.680931,20.654715,-0.014553,0.981085,0.126664,0.145658,1.756925,112.097672,24.598749,0.095462,0.993648,-0.021045,0.055747,0.385399,132.370575,29.717779,0.149618,0.973369,-0.16715,-0.047201,3.377971,146.533081,27.401825,-0.021074,0.939581,0.111237,0.323063,-3.171028,126.731743,27.81485,0.442216,-0.569421,0.083351,-0.687937,-16.992361,127.296089,17.116673,0.223577,0.076101,-0.506216,-0.829438,-8.608875,111.943329,-0.506562,0.286088,0.174112,-0.590402,-0.734346,4.014859,135.121597,-3.162805,-0.01395,0.974202,0.172881,0.144385,3.954846,126.669624,29.970097,0.362518,0.864549,0.138636,-0.319243,20.70603,126.271927,34.973942,0.033308,0.148437,0.465263,-0.872002,33.949028,112.905212,18.771397,0.039831,-0.081107,0.675844,-0.731484,21.155489,132.51236,11.680033,0.074177,0.927309,0.235991,0.280897,-3.238598,83.738541,15.352766,0.119488,0.987068,-0.037933,0.0999,-3.419534,51.932156,-2.019701,0.020698,0.974983,0.074314,0.208462,-14.99981,5.862636,0.406594,-0.081851,0.94467,0.018751,0.317092,12.894845,84.321068,24.9079,0.086046,0.881875,-0.228995,0.403056,18.930412,48.590179,25.505203,-0.032421,0.877078,0.038269,0.477722,2.931608,6.718382,41.416859,0.020698,0.974983,0.074314,0.208462,-9.294411,1.755723,-13.221084,-0.032421,0.877078,0.038269,0.477722,15.25684,2.032483,33.589798
869,7.241667,-0.027938,0.963409,0.043133,0.263063,4.822368,84.031532,20.13023,-0.041762,0.977679,0.104058,0.177684,4.233775,91.682404,20.656403,-0.014785,0.98108,0.126731,0.145613,1.749116,112.098434,24.606878,0.095466,0.993654,-0.020831,0.055717,0.36786,132.370331,29.727262,0.149498,0.973396,-0.167076,-0.047289,3.360163,146.53389,27.417351,-0.021073,0.939599,0.111345,0.322973,-3.185874,126.729897,27.824072,0.442265,-0.569402,0.083184,-0.687941,-17.009245,127.295097,17.128565,0.223573,0.076189,-0.506223,-0.829427,-8.623312,111.947044,-0.497614,0.285993,0.174224,-0.590422,-0.734341,3.999566,135.126648,-3.150061,-0.013904,0.974178,0.172995,0.144419,3.940093,126.671097,29.979111,0.362304,0.864588,0.138885,-0.319273,20.690985,126.271042,34.983757,0.033449,0.148191,0.465074,-0.872139,33.940731,112.916992,18.776291,0.040069,-0.081278,0.676077,-0.731237,21.135374,132.518005,11.691763,0.074086,0.927385,0.235913,0.280738,-3.244651,83.739456,15.353211,0.119443,0.987078,-0.03783,0.099901,-3.424176,51.929401,-2.012552,0.02056,0.974996,0.074535,0.20834,-14.999392,5.858126,0.4046,-0.08186,0.944661,0.018691,0.317119,12.889387,84.323616,24.907249,0.08598,0.88186,-0.228932,0.403139,18.924221,48.592674,25.509092,-0.032442,0.877072,0.038325,0.477728,2.93175,6.71702,41.416973,0.02056,0.974996,0.074535,0.20834,-9.295346,1.758508,-13.225843,-0.032442,0.877072,0.038325,0.477728,15.257534,2.032855,33.589737
870,7.25,-0.027957,0.963407,0.043216,0.263054,4.81577,84.034523,20.131807,-0.042035,0.977661,0.104169,0.177655,4.226568,91.685257,20.659136,-0.014608,0.981072,0.126925,0.145516,1.729619,112.103081,24.612812,0.095208,0.993685,-0.020784,0.05562,0.354962,132.373138,29.74225,0.149441,0.973412,-0.16704,-0.047269,3.339453,146.538452,27.432961,-0.021089,0.939572,0.11139,0.323035,-3.200722,126.734474,27.837479,0.442217,-0.569363,0.083237,-0.687999,-17.022657,127.29995,17.140139,0.223459,0.076221,-0.506305,-0.829405,-8.634924,111.952103,-0.48535,0.285904,0.174278,-0.59042,-0.734364,3.983381,135.134796,-3.134382,-0.013903,0.974182,0.173048,0.144326,3.925743,126.672867,29.990786,0.362241,0.864593,0.138756,-0.319385,20.67757,126.273048,34.992298,0.033391,0.148087,0.465091,-0.87215,33.926003,112.920311,18.782684,0.040202,-0.081619,0.675772,-0.731474,21.120014,132.522797,11.703834,0.074043,0.927411,0.235845,0.280721,-3.25131,83.742508,15.35489,0.119406,0.987084,-0.037745,0.099913,-3.429769,51.929657,-2.005768,0.020931,0.974972,0.074598,0.208388,-15.000778,5.856922,0.40358,-0.081487,0.944609,0.018472,0.317385,12.88285,84.326538,24.908724,0.086164,0.881688,-0.229098,0.403382,18.887112,48.590584,25.518585,-0.032691,0.876951,0.03804,0.477955,2.86886,6.725222,41.427612,0.020931,0.974972,0.074598,0.208388,-9.298914,1.757084,-13.227706,-0.032691,0.876951,0.03804,0.477955,15.199667,2.037373,33.610508
871,7.258333,-0.027995,0.963409,0.043301,0.26303,4.80949,84.037521,20.133158,-0.042121,0.977657,0.104281,0.177587,4.219394,91.688118,20.661602,-0.014654,0.981063,0.127095,0.145421,1.718285,112.105415,24.619484,0.09507,0.993709,-0.020686,0.055468,0.341212,132.373611,29.75564,0.149423,0.973432,-0.166896,-0.047428,3.321018,146.540237,27.448427,-0.021248,0.939576,0.111534,0.322965,-3.213883,126.73497,27.849697,0.44218,-0.569352,0.083079,-0.688051,-17.037165,127.296555,17.153896,0.223413,0.076383,-0.506395,-0.829347,-8.647515,111.955177,-0.476314,0.286014,0.174475,-0.590406,-0.734285,3.964465,135.141785,-3.118281,-0.014015,0.974159,0.173189,0.144306,3.912971,126.673843,30.001726,0.362104,0.864621,0.139016,-0.319351,20.664894,126.277252,35.003181,0.033474,0.147927,0.464874,-0.87229,33.919346,112.933769,18.79088,0.040169,-0.081661,0.675759,-0.731483,21.101339,132.52951,11.716456,0.074062,0.927418,0.235764,0.28076,-3.25779,83.745209,15.356599,0.119358,0.987058,-0.037716,0.100239,-3.438482,51.92981,-1.999341,0.020583,0.974973,0.074561,0.208434,-15.005589,5.855778,0.40395,-0.081824,0.944586,0.018573,0.317359,12.87677,84.329826,24.909716,0.085857,0.881889,-0.228752,0.403202,18.906307,48.598141,25.520313,-0.032524,0.877104,0.038296,0.477666,2.929354,6.712675,41.417957,0.020583,0.974973,0.074561,0.208434,-9.299146,1.756712,-13.225648,-0.032524,0.877104,0.038296,0.477666,15.254667,2.028906,33.589752
872,7.266667,-0.02807,0.963403,0.043402,0.263026,4.80382,84.040207,20.134218,-0.042177,0.977655,0.104367,0.177538,4.212215,91.690598,20.66387,-0.014794,0.981042,0.127321,0.145353,1.708533,112.105812,24.62471,0.095104,0.993712,-0.02056,0.055391,0.324735,132.371414,29.769253,0.149173,0.973477,-0.166815,-0.047569,3.305047,146.538498,27.465475,-0.021128,0.939626,0.111524,0.322829,-3.228537,126.732277,27.861366,0.441996,-0.569324,0.083085,-0.688191,-17.055065,127.297142,17.16993,0.223275,0.076394,-0.506428,-0.829363,-8.663902,111.960793,-0.463928,0.28596,0.174608,-0.590463,-0.734229,3.946713,135.149689,-3.102098,-0.014159,0.974147,0.173341,0.144189,3.898551,126.672813,30.012667,0.362046,0.864625,0.138777,-0.319512,20.651514,126.281082,35.011024,0.033397,0.1478,0.464875,-0.872314,33.90295,112.937355,18.79645,0.040294,-0.081875,0.675751,-0.73146,21.081982,132.536194,11.728371,0.074044,0.927462,0.235674,0.280695,-3.263421,83.747063,15.357642,0.119295,0.987071,-0.037622,0.100216,-3.446139,51.928402,-1.992311,0.020448,0.974976,0.074642,0.208405,-15.006537,5.852273,0.403064,-0.081816,0.944654,0.018372,0.317171,12.871061,84.333351,24.910793,0.085899,0.882067,-0.228562,0.402913,18.895567,48.601036,25.533792,-0.03263,0.87713,0.038369,0.477605,2.927233,6.707963,41.420055,0.020448,0.974976,0.074642,0.208405,-9.299326,1.756325,-13.227155,-0.03263,0.87713,0.038369,0.477605,15.252748,2.027548,33.59016
873,7.275,-0.028165,0.963397,0.043551,0.263013,4.797317,84.044289,20.136055,-0.042253,0.97766,0.104418,0.177461,4.203707,91.694405,20.66753,-0.014881,0.981035,0.127484,0.145246,1.696793,112.109543,24.630177,0.095077,0.993721,-0.020409,0.055346,0.308992,132.373291,29.780916,0.148984,0.973521,-0.166725,-0.047576,3.288148,146.54129,27.481276,-0.02121,0.939597,0.111821,0.322805,-3.243257,126.733849,27.872053,0.442103,-0.569356,0.08289,-0.688119,-17.070208,127.299324,17.181192,0.22321,0.076548,-0.506467,-0.829343,-8.679235,111.966202,-0.455572,0.285775,0.174715,-0.590483,-0.734259,3.927752,135.157364,-3.085721,-0.014313,0.974118,0.173523,0.14415,3.884257,126.675507,30.02198,0.36202,0.864623,0.138632,-0.319609,20.637461,126.28833,35.019882,0.033291,0.147696,0.464856,-0.872345,33.886745,112.944122,18.803926,0.04034,-0.081879,0.675677,-0.731526,21.062508,132.545197,11.741996,0.074059,0.927455,0.235584,0.280791,-3.269954,83.750145,15.35959,0.119258,0.987035,-0.037611,0.100627,-3.45382,51.928555,-1.984975,0.020361,0.974958,0.074678,0.208482,-15.011692,5.851504,0.404916,-0.081809,0.944684,0.018247,0.317091,12.864587,84.338432,24.912521,0.085821,0.882058,-0.228429,0.403024,18.885784,48.605694,25.543398,-0.032664,0.877118,0.038508,0.477613,2.926786,6.705576,41.420448,0.020361,0.974958,0.074678,0.208482,-9.301443,1.756989,-13.224462,-0.032664,0.877118,0.038508,0.477613,15.253347,2.029202,33.589783
874,7.283333,-0.02817,0.963387,0.043695,0.263026,4.788663,84.04837,20.13695,-0.042282,0.977654,0.104536,0.177417,4.194392,91.69828,20.670519,-0.014985,0.981028,0.127596,0.145187,1.685552,112.112785,24.637907,0.095018,0.993734,-0.02028,0.05526,0.293111,132.375214,29.792616,0.148898,0.973549,-0.166607,-0.047695,3.270094,146.54422,27.496323,-0.02118,0.939564,0.112058,0.322821,-3.25789,126.735237,27.883009,0.441952,-0.569337,0.083022,-0.688217,-17.084526,127.304436,17.19194,0.223065,0.076567,-0.506528,-0.829343,-8.693543,111.971092,-0.444631,0.285717,0.174832,-0.590505,-0.734237,3.909721,135.164001,-3.070725,-0.014427,0.974101,0.173656,0.144096,3.869834,126.678276,30.03227,0.361987,0.864605,0.138099,-0.319927,20.623468,126.294624,35.029011,0.033062,0.147616,0.464964,-0.87231,33.863861,112.9459,18.809519,0.040482,-0.082043,0.675734,-0.731447,21.042671,132.553604,11.755899,0.074025,0.927503,0.235411,0.280786,-3.27847,83.754852,15.360214,0.119168,0.987042,-0.037489,0.100711,-3.463911,51.927006,-1.972845,0.020446,0.974956,0.074836,0.20843,-15.012494,5.84704,0.405571,-0.081878,0.944683,0.018229,0.317077,12.855797,84.341881,24.913685,0.085829,0.882117,-0.228379,0.402921,18.881304,48.609917,25.547297,-0.032847,0.877136,0.038379,0.477578,2.925263,6.707767,41.421963,0.020446,0.974956,0.074836,0.20843,-9.304058,1.756725,-13.225828,-0.032847,0.877136,0.038379,0.477578,15.252316,2.030673,33.592503
875,7.291667,-0.028211,0.963388,0.043847,0.262993,4.781492,84.054199,20.139004,-0.042263,0.97765,0.104587,0.177417,4.186028,91.70388,20.674673,-0.015102,0.981003,0.127756,0.145203,1.678066,112.114319,24.64357,0.094816,0.993755,-0.020241,0.055236,0.279762,132.374893,29.80398,0.148755,0.973598,-0.166441,-0.047713,3.250814,146.545258,27.508385,-0.021157,0.939661,0.111963,0.322575,-3.269576,126.734497,27.892532,0.442057,-0.569372,0.082667,-0.688162,-17.101791,127.302345,17.208611,0.223104,0.076665,-0.506505,-0.829337,-8.70988,111.977615,-0.43499,0.285553,0.175077,-0.590534,-0.734219,3.892786,135.168777,-3.057356,-0.01458,0.974077,0.173757,0.144115,3.858026,126.678871,30.042236,0.361983,0.864561,0.138652,-0.31981,20.611309,126.299774,35.040501,0.033206,0.14748,0.464823,-0.872403,33.855568,112.959984,18.81682,0.040389,-0.082044,0.67522,-0.731926,21.027378,132.560806,11.766104,0.073958,0.927549,0.235282,0.280759,-3.28593,83.760681,15.362755,0.119179,0.987047,-0.03736,0.100688,-3.470233,51.927704,-1.960906,0.020184,0.97494,0.07493,0.208496,-15.018672,5.847082,0.405503,-0.081891,0.94468,0.018141,0.317086,12.848913,84.347725,24.915251,0.085795,0.882149,-0.228282,0.402913,18.873295,48.615685,25.555235,-0.032571,0.877126,0.038634,0.477595,2.923733,6.708756,41.42379,0.020184,0.97494,0.07493,0.208496,-9.305591,1.760826,-13.225168,-0.032571,0.877126,0.038634,0.477595,15.249683,2.034281,33.591034
876,7.3,-0.028199,0.963372,0.043971,0.263032,4.772914,84.057892,20.141296,-0.042287,0.977639,0.104642,0.177434,4.177101,91.707405,20.678831,-0.015196,0.980984,0.12788,0.145211,1.667441,112.119125,24.650093,0.09464,0.993774,-0.020172,0.055219,0.264503,132.37825,29.814922,0.148669,0.973634,-0.166307,-0.047715,3.230402,146.549957,27.520966,-0.021218,0.939627,0.112044,0.322642,-3.283525,126.737503,27.902084,0.442072,-0.569411,0.082586,-0.688131,-17.114145,127.304543,17.216053,0.223101,0.076823,-0.506519,-0.829315,-8.723772,111.981453,-0.429697,0.285667,0.175117,-0.590556,-0.734147,3.876885,135.174591,-3.045318,-0.014615,0.97407,0.173843,0.14406,3.844,126.682961,30.052069,0.361779,0.864628,0.138753,-0.319816,20.597803,126.304962,35.04866,0.033164,0.147427,0.464555,-0.872556,33.849209,112.974358,18.823265,0.040216,-0.082046,0.675077,-0.732067,21.00802,132.567734,11.775076,0.073977,0.927582,0.235124,0.280777,-3.294132,83.765236,15.364359,0.119067,0.987047,-0.037259,0.100858,-3.482751,51.92709,-1.949744,0.020061,0.974921,0.074946,0.208588,-15.02023,5.843195,0.406421,-0.08198,0.944743,0.018037,0.316881,12.839959,84.350548,24.918232,0.085926,0.882398,-0.228159,0.40241,18.868166,48.619289,25.566048,-0.032708,0.877174,0.038568,0.477503,2.921224,6.709167,41.428795,0.020061,0.974921,0.074946,0.208588,-9.303405,1.757991,-13.222994,-0.032708,0.877174,0.038568,0.477503,15.246511,2.034912,33.59486
877,7.308333,-0.028231,0.963364,0.044052,0.263044,4.763893,84.062683,20.144398,-0.042293,0.977626,0.104723,0.17746,4.167267,91.712067,20.682993,-0.015309,0.980965,0.127969,0.14525,1.656648,112.123093,24.65741,0.09464,0.99377,-0.020105,0.055325,0.248332,132.381119,29.825098,0.148458,0.973676,-0.166282,-0.04759,3.214565,146.553116,27.533415,-0.021276,0.939603,0.112545,0.322533,-3.298147,126.739799,27.911034,0.442059,-0.569438,0.082536,-0.688122,-17.131144,127.310165,17.228266,0.22308,0.076817,-0.506487,-0.82934,-8.741887,111.988556,-0.419302,0.285576,0.175171,-0.590529,-0.734191,3.860055,135.179825,-3.034052,-0.014784,0.974075,0.17385,0.144001,3.829156,126.686646,30.061787,0.361801,0.864621,0.138837,-0.319773,20.583374,126.314735,35.05743,0.033238,0.147425,0.46451,-0.872578,33.835327,112.984344,18.83231,0.040149,-0.082104,0.674902,-0.732225,20.992407,132.575134,11.782624,0.073924,0.927632,0.234993,0.280734,-3.302997,83.769859,15.367211,0.119012,0.98709,-0.037072,0.100574,-3.491697,51.926674,-1.937632,0.020005,0.974923,0.075146,0.208512,-15.021711,5.840209,0.404787,-0.081988,0.944751,0.018051,0.316857,12.830782,84.355507,24.921583,0.085784,0.882308,-0.228095,0.402674,18.859842,48.624382,25.568521,-0.03263,0.87717,0.038655,0.477509,2.922319,6.709156,41.427254,0.020005,0.974923,0.075146,0.208512,-9.305851,1.761214,-13.226888,-0.03263,0.87717,0.038655,0.477509,15.24736,2.036012,33.59227
878,7.316667,-0.028262,0.96336,0.044199,0.263029,4.755192,84.066345,20.147587,-0.042322,0.977618,0.10478,0.177465,4.157534,91.7155,20.688229,-0.015389,0.980954,0.128025,0.145263,1.645315,112.125816,24.664719,0.094532,0.993782,-0.019994,0.055327,0.233275,132.383133,29.834154,0.148396,0.9737,-0.166199,-0.047592,3.196326,146.556274,27.545469,-0.021296,0.939605,0.112591,0.322509,-3.312144,126.741386,27.919415,0.441808,-0.569452,0.082693,-0.688253,-17.145638,127.311539,17.237272,0.222856,0.076707,-0.506524,-0.829388,-8.758473,111.990822,-0.412078,0.285492,0.175132,-0.590565,-0.734204,3.842854,135.183762,-3.025983,-0.014881,0.974063,0.173929,0.143974,3.815065,126.68924,30.070505,0.361635,0.864671,0.138849,-0.319822,20.569462,126.320389,35.065788,0.033204,0.147414,0.464357,-0.872662,33.82584,112.996765,18.838718,0.040164,-0.08207,0.674774,-0.732347,20.976755,132.581848,11.790362,0.073869,0.927652,0.234925,0.28074,-3.311813,83.773682,15.370584,0.11896,0.987124,-0.036938,0.10035,-3.498281,51.927578,-1.928915,0.020048,0.974927,0.075183,0.208479,-15.021743,5.839002,0.40411,-0.081952,0.944716,0.017998,0.316971,12.822197,84.359009,24.924587,0.085722,0.882369,-0.227968,0.402626,18.847551,48.627319,25.575012,-0.032639,0.877152,0.038746,0.477533,2.92063,6.705579,41.42717,0.020048,0.974927,0.075183,0.208479,-9.3071,1.760864,-13.228333,-0.032639,0.877152,0.038746,0.477533,15.246571,2.034901,33.592129
879,7.325,-0.028344,0.963359,0.04432,0.263006,4.747958,84.071121,20.150871,-0.042271,0.977604,0.104883,0.17749,4.148615,91.720039,20.692991,-0.0156,0.980935,0.128063,0.145338,1.637714,112.129227,24.673916,0.094613,0.993779,-0.019733,0.055343,0.216395,132.385864,29.843458,0.148242,0.973715,-0.166206,-0.047752,3.1815,146.55983,27.562481,-0.021359,0.939586,0.112663,0.322537,-3.326344,126.742706,27.927885,0.442019,-0.569478,0.082417,-0.688129,-17.159132,127.311707,17.244761,0.222933,0.076836,-0.506558,-0.829334,-8.771194,111.9944,-0.407173,0.285513,0.175099,-0.590605,-0.734172,3.826916,135.188599,-3.018044,-0.01496,0.974042,0.17409,0.143913,3.800449,126.693428,30.080431,0.361412,0.864763,0.138848,-0.319826,20.555386,126.326836,35.074093,0.033187,0.147462,0.46415,-0.872765,33.819653,113.011154,18.846945,0.040184,-0.082016,0.674647,-0.732469,20.962391,132.588867,11.796847,0.07391,0.927697,0.234787,0.280698,-3.319196,83.77755,15.374172,0.118871,0.987125,-0.036841,0.100478,-3.512161,51.927185,-1.917399,0.019912,0.974921,0.075283,0.208484,-15.026806,5.835915,0.405898,-0.081994,0.944784,0.017938,0.316761,12.815112,84.364685,24.927572,0.085719,0.882404,-0.227889,0.402595,18.842068,48.633331,25.581705,-0.032446,0.877145,0.038882,0.477548,2.918823,6.708083,41.428288,0.019912,0.974921,0.075283,0.208484,-9.310439,1.761435,-13.226917,-0.032446,0.877145,0.038882,0.477548,15.24387,2.038152,33.591396
880,7.333333,-0.028364,0.963335,0.044424,0.263072,4.736983,84.074509,20.15579,-0.042259,0.977603,0.104871,0.177504,4.136887,91.723267,20.699326,-0.015676,0.980915,0.128215,0.145331,1.626354,112.133766,24.680058,0.094594,0.993783,-0.019642,0.055335,0.20102,132.388672,29.85531,0.148057,0.973743,-0.16619,-0.047791,3.165432,146.563202,27.576872,-0.021441,0.939552,0.112732,0.322606,-3.340596,126.745354,27.938118,0.441989,-0.569567,0.082316,-0.688087,-17.171701,127.312729,17.252735,0.222875,0.076871,-0.506596,-0.829324,-8.787967,111.997963,-0.403391,0.285572,0.175146,-0.590521,-0.734205,3.807767,135.193604,-3.011626,-0.014966,0.974033,0.174094,0.14397,3.78619,126.696869,30.090702,0.361348,0.864741,0.138768,-0.31999,20.540541,126.330116,35.086308,0.0331,0.147462,0.464233,-0.872724,33.801861,113.017418,18.854309,0.040389,-0.081967,0.674627,-0.732481,20.9485,132.598206,11.806409,0.073922,0.927714,0.234683,0.280724,-3.32949,83.781166,15.377929,0.118762,0.987136,-0.036745,0.100538,-3.525026,51.927422,-1.907386,0.020114,0.974902,0.075418,0.208502,-15.028891,5.833027,0.407323,-0.082066,0.944765,0.017945,0.316801,12.803456,84.367851,24.933653,0.085696,0.882417,-0.227804,0.402618,18.835402,48.637371,25.589275,-0.03242,0.877143,0.038958,0.477547,2.916668,6.708095,41.429745,0.020114,0.974902,0.075418,0.208502,-9.313658,1.761344,-13.226804,-0.03242,0.877143,0.038958,0.477547,15.241777,2.039744,33.59201
881,7.341667,-0.028459,0.963318,0.04459,0.263099,4.72877,84.078468,20.159864,-0.042257,0.977596,0.104885,0.177538,4.126574,91.726913,20.70545,-0.01579,0.980891,0.12834,0.145372,1.616008,112.136253,24.686451,0.094637,0.993773,-0.019669,0.055428,0.185038,132.389664,29.86598,0.147817,0.973794,-0.166136,-0.047691,3.151107,146.563766,27.587151,-0.021426,0.939523,0.112922,0.322625,-3.354955,126.745895,27.947151,0.442024,-0.569612,0.082192,-0.688041,-17.185646,127.315994,17.26137,0.222938,0.076935,-0.506579,-0.829312,-8.80344,112.003639,-0.397576,0.285661,0.175239,-0.59049,-0.734174,3.792005,135.197937,-3.004369,-0.015015,0.974007,0.174176,0.144039,3.7716,126.698723,30.100531,0.361161,0.864797,0.138785,-0.320043,20.525208,126.332771,35.098698,0.032983,0.147577,0.464166,-0.872745,33.791576,113.02774,18.864532,0.040379,-0.08189,0.674565,-0.732547,20.93693,132.606689,11.814384,0.073914,0.92774,0.234602,0.280708,-3.337337,83.784248,15.381434,0.118673,0.987122,-0.03668,0.1008,-3.534352,51.927628,-1.89857,0.020046,0.974894,0.075497,0.208519,-15.030005,5.830768,0.407897,-0.082098,0.944813,0.017845,0.316654,12.794876,84.372688,24.938293,0.085696,0.882516,-0.227665,0.402481,18.826815,48.642326,25.600525,-0.032793,0.877182,0.038832,0.47746,2.915588,6.70701,41.432537,0.020046,0.974894,0.075497,0.208519,-9.313433,1.761766,-13.226475,-0.032793,0.877182,0.038832,0.47746,15.24201,2.04068,33.595657
882,7.35,-0.028511,0.963312,0.044597,0.263114,4.718199,84.086174,20.167088,-0.042278,0.977592,0.104919,0.177534,4.115207,91.734573,20.712549,-0.015815,0.980879,0.128443,0.145358,1.603815,112.14151,24.694378,0.094621,0.99378,-0.019405,0.05542,0.171274,132.393784,29.877932,0.147668,0.973799,-0.166221,-0.047751,3.136537,146.569275,27.606634,-0.021612,0.939545,0.113156,0.322466,-3.368289,126.750099,27.958059,0.442027,-0.569639,0.08198,-0.688043,-17.202286,127.316093,17.276346,0.222985,0.076856,-0.506553,-0.829322,-8.819858,112.010338,-0.38822,0.285738,0.17516,-0.59057,-0.734098,3.777255,135.202438,-2.999361,-0.015023,0.974003,0.174171,0.144072,3.758312,126.703087,30.111282,0.360977,0.864854,0.138728,-0.320122,20.511572,126.337242,35.110607,0.032906,0.14765,0.464048,-0.872798,33.782013,113.038719,18.874447,0.040391,-0.081751,0.674614,-0.732518,20.923405,132.613785,11.822947,0.073854,0.927747,0.23452,0.280768,-3.347703,83.791069,15.388371,0.118622,0.987146,-0.036515,0.100692,-3.54136,51.931046,-1.885383,0.019977,0.974899,0.075478,0.208511,-15.030447,5.831864,0.407383,-0.08217,0.944866,0.017789,0.31648,12.784101,84.381279,24.945803,0.085705,0.882588,-0.227492,0.402419,18.819778,48.65163,25.612417,-0.032737,0.877128,0.038941,0.477555,2.915205,6.708956,41.431629,0.019977,0.974899,0.075478,0.208511,-9.313454,1.762668,-13.226748,-0.032737,0.877128,0.038941,0.477555,15.243265,2.044686,33.596111
883,7.358333,-0.028551,0.963303,0.044619,0.263137,4.70401,84.089821,20.174095,-0.042333,0.977602,0.104901,0.177479,4.100312,91.738152,20.719715,-0.015784,0.980875,0.128589,0.145256,1.586904,112.14576,24.700703,0.094626,0.99378,-0.01942,0.055412,0.155318,132.396515,29.89049,0.147518,0.973831,-0.166195,-0.047658,3.120719,146.571884,27.618732,-0.021605,0.93952,0.11309,0.322563,-3.384612,126.753357,27.969719,0.44195,-0.569633,0.082031,-0.688091,-17.216433,127.319267,17.285189,0.222941,0.076713,-0.506566,-0.829339,-8.834121,112.01384,-0.379728,0.285658,0.175172,-0.590644,-0.734067,3.763239,135.204727,-2.996026,-0.015193,0.973963,0.174445,0.143996,3.742445,126.705757,30.121418,0.360961,0.864879,0.138725,-0.320073,20.496288,126.344765,35.119129,0.032852,0.147713,0.464065,-0.87278,33.768867,113.04612,18.884813,0.040375,-0.081723,0.674541,-0.732588,20.911734,132.62207,11.83187,0.073723,0.927756,0.234478,0.280808,-3.361623,83.794121,15.394965,0.118604,0.987168,-0.036368,0.100544,-3.546694,51.931263,-1.873662,0.019639,0.974885,0.075469,0.208607,-15.032497,5.830672,0.407235,-0.082253,0.944834,0.017814,0.316554,12.769644,84.385521,24.953226,0.085629,0.882543,-0.22738,0.402596,18.81151,48.656933,25.620508,-0.033043,0.877137,0.038779,0.47753,2.914171,6.708169,41.430832,0.019639,0.974885,0.075469,0.208607,-9.309573,1.762947,-13.224845,-0.033043,0.877137,0.038779,0.47753,15.243882,2.044081,33.597801
884,7.366667,-0.02861,0.963289,0.044677,0.263173,4.693116,84.091553,20.179674,-0.042336,0.977605,0.104912,0.177454,4.08829,91.739746,20.725887,-0.015854,0.980873,0.128648,0.145216,1.574802,112.147354,24.707361,0.094357,0.993809,-0.019376,0.055357,0.140184,132.397369,29.899158,0.147578,0.973843,-0.166078,-0.047639,3.097616,146.574524,27.628052,-0.02164,0.9395,0.113186,0.322585,-3.398932,126.753822,27.978071,0.441901,-0.569634,0.081994,-0.688126,-17.230217,127.31974,17.292833,0.22292,0.076684,-0.506589,-0.829334,-8.847645,112.0168,-0.374115,0.285713,0.175161,-0.590669,-0.734028,3.748564,135.207733,-2.991337,-0.015245,0.973964,0.174453,0.143975,3.72827,126.707199,30.129322,0.360877,0.864912,0.138668,-0.320104,20.482271,126.348068,35.126659,0.03279,0.147689,0.464004,-0.872819,33.756886,113.05175,18.892097,0.040395,-0.081657,0.674655,-0.732489,20.896076,132.627243,11.841124,0.073666,0.927768,0.234472,0.280791,-3.372102,83.795113,15.399882,0.118533,0.987154,-0.036329,0.100783,-3.553822,51.931442,-1.867282,0.019727,0.974902,0.075613,0.208468,-15.033192,5.828962,0.407893,-0.082284,0.944793,0.017815,0.316667,12.758335,84.388,24.959465,0.085571,0.882568,-0.227268,0.402618,18.802265,48.65979,25.628162,-0.032778,0.877113,0.039053,0.47757,2.913372,6.70526,41.431679,0.019727,0.974902,0.075613,0.208468,-9.314545,1.765094,-13.227137,-0.032778,0.877113,0.039053,0.47757,15.242553,2.044435,33.59586
885,7.375,-0.028611,0.963274,0.044744,0.263217,4.681983,84.096298,20.183733,-0.042544,0.977593,0.104941,0.177455,4.076851,91.7444,20.730909,-0.015739,0.980869,0.128755,0.145155,1.554602,112.151428,24.71204,0.094162,0.993835,-0.019326,0.055245,0.124401,132.400436,29.908966,0.147597,0.973847,-0.166017,-0.047712,3.075746,146.578979,27.638605,-0.021756,0.93948,0.113156,0.322644,-3.416018,126.757988,27.987045,0.441994,-0.569609,0.081878,-0.6881,-17.245785,127.320015,17.299644,0.222987,0.076715,-0.506606,-0.829302,-8.860859,112.019051,-0.367901,0.285802,0.175069,-0.590701,-0.733989,3.734326,135.210861,-2.985937,-0.01533,0.973959,0.17452,0.143918,3.711501,126.709572,30.137205,0.360664,0.865038,0.138647,-0.320012,20.465988,126.353325,35.133114,0.032877,0.147585,0.463799,-0.872943,33.751125,113.06292,18.902321,0.040625,-0.08181,0.674762,-0.732361,20.879162,132.632553,11.853054,0.073634,0.927782,0.23436,0.280845,-3.382795,83.800217,15.403177,0.118433,0.987182,-0.036182,0.100683,-3.563803,51.932388,-1.856326,0.019888,0.974896,0.075668,0.208462,-15.032408,5.826661,0.407198,-0.08233,0.94476,0.017787,0.316755,12.74676,84.392372,24.964289,0.085487,0.882551,-0.227147,0.40274,18.793089,48.664631,25.636539,-0.033206,0.877142,0.038868,0.477503,2.913404,6.703499,41.431774,0.019888,0.974896,0.075668,0.208462,-9.315364,1.76354,-13.228726,-0.033206,0.877142,0.038868,0.477503,15.244482,2.043972,33.598179
886,7.383333,-0.028694,0.96328,0.044841,0.263168,4.671518,84.101128,20.191883,-0.042555,0.977607,0.10488,0.177411,4.064794,91.749023,20.740171,-0.015763,0.980857,0.128907,0.145102,1.542848,112.155426,24.718657,0.094132,0.993843,-0.019233,0.055193,0.111016,132.402756,29.921669,0.147432,0.973863,-0.166046,-0.047781,3.061173,146.58194,27.653772,-0.021846,0.939439,0.113156,0.322759,-3.428995,126.760498,27.998444,0.441991,-0.569669,0.081797,-0.688063,-17.256025,127.320053,17.307373,0.222993,0.076779,-0.506599,-0.829299,-8.873837,112.02079,-0.36294,0.285925,0.175043,-0.5907,-0.733949,3.72144,135.21344,-2.978292,-0.015379,0.97396,0.174492,0.143935,3.698742,126.712204,30.147882,0.360597,0.865053,0.138588,-0.320073,20.453009,126.357674,35.144653,0.032819,0.147539,0.463766,-0.87297,33.738632,113.069344,18.912561,0.040713,-0.081801,0.674673,-0.732439,20.864246,132.639145,11.86626,0.073531,0.927809,0.234374,0.280772,-3.393653,83.803978,15.41206,0.118412,0.987195,-0.03608,0.100617,-3.568839,51.935513,-1.846322,0.019669,0.974887,0.075621,0.208542,-15.034381,5.828601,0.408574,-0.082326,0.94481,0.017708,0.316613,12.736691,84.398285,24.971706,0.08549,0.882682,-0.226982,0.402546,18.781059,48.670292,25.648314,-0.033248,0.877144,0.03889,0.477495,2.910565,6.702098,41.434029,0.019669,0.974887,0.075621,0.208542,-9.313115,1.765209,-13.225497,-0.033248,0.877144,0.03889,0.477495,15.241986,2.04373,33.600281
887,7.391667,-0.028771,0.963282,0.044896,0.263142,4.661266,84.105431,20.198498,-0.042537,0.977605,0.104877,0.177425,4.053192,91.753181,20.747303,-0.015881,0.980835,0.129014,0.14514,1.532033,112.158905,24.725637,0.094178,0.993841,-0.019154,0.055171,0.094505,132.404922,29.932182,0.147343,0.973872,-0.166038,-0.047911,3.045784,146.584244,27.666569,-0.02186,0.939443,0.113185,0.322736,-3.443868,126.762115,28.007545,0.442093,-0.569631,0.081704,-0.68804,-17.271393,127.321449,17.317101,0.223074,0.076795,-0.506603,-0.829273,-8.886282,112.023399,-0.352883,0.285903,0.175084,-0.590714,-0.733936,3.708231,135.215302,-2.969769,-0.015512,0.973947,0.174578,0.14391,3.68365,126.715233,30.157747,0.360595,0.865052,0.138945,-0.319925,20.438019,126.364937,35.154476,0.033021,0.147281,0.463586,-0.873101,33.728451,113.081406,18.92238,0.040767,-0.081702,0.674904,-0.732235,20.841764,132.646088,11.881636,0.073477,0.927844,0.234327,0.280708,-3.404082,83.807129,15.419039,0.118361,0.987209,-0.035971,0.100574,-3.577899,51.93652,-1.835409,0.01985,0.974872,0.075678,0.208573,-15.037584,5.827704,0.410314,-0.08241,0.944836,0.017633,0.316518,12.726614,84.403732,24.977955,0.085526,0.882753,-0.226826,0.402471,18.775024,48.676552,25.66103,-0.033033,0.877101,0.039129,0.477568,2.908507,6.702203,41.434383,0.01985,0.974872,0.075678,0.208573,-9.317122,1.764967,-13.22429,-0.033033,0.877101,0.039129,0.477568,15.240288,2.046936,33.599354
888,7.4,-0.028857,0.963278,0.044905,0.263148,4.648414,84.111221,20.205427,-0.042518,0.977603,0.104898,0.177426,4.039036,91.758881,20.754025,-0.015972,0.980828,0.129042,0.145153,1.518652,112.163338,24.733091,0.094232,0.993836,-0.019063,0.055207,0.07715,132.408936,29.940193,0.14728,0.973883,-0.166029,-0.0479,3.030019,146.588379,27.677408,-0.021711,0.939438,0.113179,0.322762,-3.46009,126.765533,28.015202,0.442279,-0.569661,0.081626,-0.687905,-17.287258,127.329788,17.32456,0.223233,0.076924,-0.506529,-0.829264,-8.903193,112.02906,-0.343588,0.285873,0.175217,-0.590688,-0.733936,3.693598,135.218475,-2.958059,-0.015536,0.973944,0.174564,0.143943,3.667324,126.719894,30.165762,0.360512,0.865106,0.138818,-0.319924,20.421329,126.370277,35.163742,0.032862,0.147324,0.463565,-0.873111,33.71471,113.087273,18.933643,0.040727,-0.08174,0.67476,-0.732366,20.82757,132.652527,11.894585,0.0734,0.927919,0.234276,0.280524,-3.416786,83.811432,15.425819,0.118191,0.987225,-0.03584,0.10066,-3.589961,51.938267,-1.823895,0.01981,0.974891,0.075774,0.208455,-15.032953,5.824745,0.410261,-0.082477,0.944846,0.017607,0.316469,12.713613,84.411011,24.985037,0.085495,0.882805,-0.226672,0.402449,18.76606,48.684563,25.67111,-0.033134,0.877093,0.039112,0.477578,2.908111,6.703067,41.434036,0.01981,0.974891,0.075774,0.208455,-9.315029,1.765142,-13.226336,-0.033134,0.877093,0.039112,0.477578,15.240902,2.048789,33.600021
889,7.408333,-0.028873,0.963281,0.044949,0.263127,4.637704,84.115585,20.21151,-0.042431,0.977601,0.104988,0.177407,4.027927,91.763176,20.760704,-0.016191,0.980831,0.128964,0.145178,1.510771,112.164902,24.743696,0.094328,0.993827,-0.018953,0.055241,0.060603,132.411057,29.946253,0.147201,0.973891,-0.166035,-0.047958,3.016222,146.590454,27.686888,-0.021824,0.939465,0.113121,0.322697,-3.47417,126.765808,28.02211,0.442255,-0.569619,0.081485,-0.687972,-17.302624,127.325417,17.332888,0.223298,0.077109,-0.506526,-0.829231,-8.915058,112.030838,-0.338924,0.286078,0.175353,-0.590746,-0.733778,3.680886,135.222488,-2.947239,-0.015578,0.973928,0.174577,0.144029,3.653032,126.723495,30.173439,0.360403,0.865147,0.138431,-0.320106,20.40613,126.374733,35.174526,0.032614,0.147396,0.463595,-0.873093,33.697659,113.090828,18.943649,0.040758,-0.081789,0.674614,-0.732492,20.813025,132.658493,11.907263,0.073417,0.927887,0.234238,0.280655,-3.42768,83.815704,15.432218,0.118123,0.987244,-0.035729,0.100596,-3.600376,51.941444,-1.815473,0.01952,0.97489,0.075739,0.208501,-15.035859,5.825624,0.409618,-0.082477,0.944808,0.017631,0.316584,12.70309,84.415459,24.990803,0.085361,0.882755,-0.226599,0.40263,18.755949,48.689072,25.676006,-0.033141,0.87711,0.039178,0.477541,2.908561,6.702256,41.435383,0.01952,0.97489,0.075739,0.208501,-9.313929,1.766525,-13.225452,-0.033141,0.87711,0.039178,0.477541,15.241054,2.049752,33.599846
890,7.416667,-0.028914,0.963286,0.044958,0.263101,4.626227,84.118973,20.217699,-0.042625,0.977585,0.104979,0.177454,4.015818,91.766518,20.766869,-0.016023,0.980823,0.129015,0.145204,1.490471,112.168823,24.748137,0.094302,0.993832,-0.018841,0.055223,0.046778,132.414658,29.953754,0.147161,0.973886,-0.166086,-0.048009,3.001449,146.594757,27.697498,-0.021968,0.939443,0.113157,0.322738,-3.489798,126.770844,28.028723,0.442381,-0.569582,0.081444,-0.687926,-17.317122,127.326294,17.337814,0.223371,0.077268,-0.506505,-0.829209,-8.927135,112.03054,-0.331827,0.286004,0.175503,-0.590705,-0.733804,3.669295,135.224091,-2.935054,-0.015568,0.973932,0.174534,0.144054,3.637375,126.725899,30.180109,0.360413,0.865157,0.138234,-0.320153,20.390234,126.376854,35.181992,0.032534,0.147333,0.463643,-0.873081,33.679893,113.089516,18.952389,0.040829,-0.081914,0.674648,-0.732444,20.795292,132.661514,11.919828,0.073271,0.927949,0.23417,0.280547,-3.439374,83.818367,15.438813,0.118073,0.98727,-0.035554,0.100457,-3.605829,51.940228,-1.801775,0.019593,0.974893,0.075825,0.208449,-15.03484,5.822113,0.409025,-0.082504,0.944819,0.017597,0.316546,12.691829,84.419579,24.996584,0.085302,0.882781,-0.226449,0.402669,18.745794,48.693428,25.684511,-0.033073,0.877082,0.039264,0.477589,2.908015,6.69919,41.433781,0.019593,0.974893,0.075825,0.208449,-9.314801,1.765189,-13.227491,-0.033073,0.877082,0.039264,0.477589,15.241109,2.047949,33.598427
891,7.425,-0.028936,0.963285,0.044997,0.263096,4.613947,84.122833,20.224184,-0.04265,0.977572,0.104986,0.177516,4.003061,91.770294,20.773857,-0.016012,0.980811,0.129021,0.145284,1.476495,112.1717,24.7549,0.094236,0.993841,-0.018728,0.05522,0.032773,132.41748,29.960695,0.147164,0.973879,-0.1661,-0.048093,2.985395,146.598511,27.707582,-0.021921,0.939439,0.113175,0.322745,-3.50372,126.773849,28.03499,0.442411,-0.569567,0.081532,-0.687909,-17.330956,127.3311,17.344061,0.223425,0.077386,-0.506489,-0.829193,-8.940829,112.031891,-0.322525,0.28603,0.175664,-0.590628,-0.733817,3.655271,135.22551,-2.92184,-0.01553,0.973943,0.174356,0.144202,3.623111,126.728584,30.187506,0.360487,0.86513,0.13804,-0.320225,20.374519,126.378235,35.194153,0.0324,0.147489,0.46371,-0.873023,33.659267,113.085594,18.964872,0.040564,-0.082033,0.674163,-0.732891,20.780334,132.659424,11.929164,0.073224,0.927962,0.234127,0.280551,-3.451677,83.822029,15.44535,0.117987,0.987295,-0.035423,0.100366,-3.61582,51.941933,-1.791643,0.019367,0.974882,0.075819,0.208524,-15.035478,5.821008,0.40877,-0.082542,0.944798,0.017585,0.316599,12.679572,84.42363,25.003016,0.085229,0.882815,-0.226301,0.402693,18.735828,48.69791,25.692982,-0.033168,0.877076,0.039293,0.477592,2.909023,6.696123,41.433144,0.019367,0.974882,0.075819,0.208524,-9.311209,1.765042,-13.226253,-0.033168,0.877076,0.039293,0.477592,15.243155,2.04698,33.598179
892,7.433333,-0.028991,0.963287,0.044997,0.263084,4.603427,84.125732,20.230633,-0.042697,0.977553,0.105037,0.177582,3.991729,91.773155,20.780088,-0.016209,0.980791,0.129024,0.145395,1.462612,112.173988,24.762657,0.094226,0.993834,-0.018784,0.055348,0.010196,132.419464,29.967186,0.147193,0.973886,-0.16607,-0.047965,2.96314,146.600235,27.71286,-0.021804,0.939471,0.11304,0.322707,-3.523743,126.77449,28.040754,0.442636,-0.569445,0.081352,-0.687886,-17.352016,127.333878,17.351276,0.223664,0.077586,-0.506454,-0.829131,-8.953535,112.037216,-0.313552,0.286297,0.175569,-0.590401,-0.733919,3.6428,135.231033,-2.910362,-0.015511,0.973941,0.174357,0.144215,3.602514,126.731873,30.195221,0.36031,0.865253,0.137674,-0.320248,20.353819,126.380791,35.202168,0.032319,0.147577,0.46359,-0.873076,33.644135,113.087891,18.977652,0.040658,-0.082045,0.674266,-0.73279,20.760105,132.659561,11.939363,0.073278,0.927933,0.234073,0.280678,-3.462255,83.823921,15.451961,0.117867,0.987304,-0.035322,0.100454,-3.628848,51.942562,-1.78269,0.019206,0.974869,0.075761,0.208619,-15.03667,5.818263,0.408482,-0.082535,0.944804,0.01759,0.316583,12.66911,84.427551,25.009304,0.085105,0.882763,-0.22619,0.402896,18.724998,48.701752,25.698608,-0.033171,0.877073,0.039291,0.477596,2.908935,6.693158,41.431404,0.019206,0.974869,0.075761,0.208619,-9.30838,1.761386,-13.224583,-0.033171,0.877073,0.039291,0.477596,15.243162,2.044017,33.596592
893,7.441667,-0.029065,0.963283,0.045068,0.263076,4.594035,84.129623,20.235266,-0.042782,0.977538,0.105079,0.177615,3.980953,91.776878,20.785473,-0.016165,0.980786,0.129024,0.145429,1.447884,112.177299,24.769083,0.094161,0.993841,-0.018696,0.055356,-0.0029,132.422821,29.973835,0.147203,0.973875,-0.166122,-0.047974,2.94813,146.60437,27.721935,-0.021894,0.939509,0.112999,0.322605,-3.537267,126.778221,28.047121,0.442634,-0.569392,0.081285,-0.68794,-17.367701,127.333771,17.360249,0.223728,0.077713,-0.506411,-0.829129,-8.965647,112.040451,-0.305758,0.286432,0.175578,-0.590373,-0.733887,3.632067,135.234222,-2.898227,-0.015544,0.973928,0.174357,0.144301,3.588863,126.734901,30.201986,0.36032,0.865295,0.137562,-0.320172,20.339254,126.384422,35.212021,0.032387,0.147685,0.463559,-0.873071,33.631638,113.088051,18.992052,0.040775,-0.082004,0.67387,-0.733152,20.747849,132.657516,11.947757,0.073148,0.927992,0.234015,0.280565,-3.471643,83.826813,15.456651,0.117837,0.98731,-0.035217,0.100463,-3.632846,51.942116,-1.771864,0.019412,0.974879,0.075905,0.208501,-15.036891,5.81643,0.409628,-0.082579,0.944816,0.017505,0.316541,12.659714,84.432442,25.01388,0.085033,0.882737,-0.22604,0.403052,18.716652,48.706955,25.709784,-0.033164,0.877051,0.039395,0.47763,2.909233,6.690764,41.430958,0.019412,0.974879,0.075905,0.208501,-9.313469,1.762745,-13.22643,-0.033164,0.877051,0.039395,0.47763,15.244433,2.044184,33.596161
894,7.45,-0.029157,0.963272,0.045068,0.263108,4.584143,84.133652,20.241943,-0.043038,0.977514,0.105107,0.177669,3.969686,91.780823,20.791744,-0.015993,0.980778,0.129104,0.145438,1.425388,112.182724,24.774895,0.094192,0.99384,-0.018662,0.055333,-0.018874,132.427628,29.983929,0.147187,0.973868,-0.166167,-0.048016,2.932897,146.609177,27.732992,-0.021892,0.939456,0.112965,0.322773,-3.555072,126.784531,28.056128,0.4423,-0.569347,0.081673,-0.688146,-17.381733,127.340469,17.364386,0.223638,0.077708,-0.506341,-0.829196,-8.980307,112.043449,-0.298735,0.286545,0.175726,-0.590228,-0.733923,3.622163,135.23732,-2.888101,-0.015511,0.97391,0.17433,0.144457,3.571103,126.73851,30.210793,0.360224,0.865354,0.137516,-0.320142,20.319962,126.386086,35.225819,0.032349,0.147916,0.463437,-0.873098,33.616764,113.09185,19.007708,0.040567,-0.081777,0.6738,-0.733253,20.731636,132.655319,11.954837,0.073111,0.92804,0.233946,0.280474,-3.481123,83.829208,15.462732,0.117731,0.987332,-0.035081,0.100425,-3.643055,51.941769,-1.760708,0.019325,0.974879,0.07597,0.208485,-15.03595,5.812791,0.409503,-0.082593,0.944814,0.017512,0.316542,12.649409,84.438095,25.021154,0.084949,0.882744,-0.225929,0.403115,18.707483,48.712788,25.716881,-0.033412,0.877075,0.039253,0.47758,2.909964,6.690457,41.431622,0.019325,0.974879,0.07597,0.208485,-9.31193,1.761493,-13.227015,-0.033412,0.877075,0.039253,0.47758,15.245926,2.043746,33.598091
895,7.458333,-0.029201,0.963273,0.045126,0.263091,4.573019,84.139442,20.24712,-0.0431,0.977502,0.105116,0.177716,3.95769,91.786499,20.797611,-0.016069,0.98076,0.12915,0.145505,1.410796,112.186768,24.780252,0.093946,0.993859,-0.018737,0.05539,-0.03719,132.431061,29.990593,0.147373,0.973857,-0.166114,-0.047864,2.907885,146.613632,27.737288,-0.021766,0.939407,0.113194,0.322844,-3.572275,126.787605,28.061819,0.442232,-0.569274,0.081909,-0.688221,-17.397503,127.350578,17.368597,0.223747,0.077732,-0.506281,-0.829201,-8.993876,112.048698,-0.289263,0.28671,0.175825,-0.590156,-0.733893,3.61144,135.240479,-2.879766,-0.015515,0.973906,0.174355,0.14445,3.553571,126.742462,30.217583,0.360173,0.865436,0.137396,-0.320028,20.30249,126.390091,35.232395,0.032373,0.148042,0.463361,-0.873117,33.604736,113.093887,19.020372,0.040649,-0.081619,0.673707,-0.733352,20.717569,132.6548,11.961404,0.073133,0.927996,0.233797,0.280737,-3.492364,83.834473,15.468143,0.11762,0.987352,-0.034906,0.100415,-3.65411,51.942207,-1.746346,0.019211,0.974868,0.076099,0.208498,-15.035164,5.809593,0.408675,-0.082621,0.944787,0.017458,0.316616,12.638402,84.444412,25.026094,0.084877,0.88275,-0.225774,0.403205,18.697123,48.719315,25.726625,-0.033027,0.877019,0.039537,0.477686,2.909623,6.689158,41.430485,0.019211,0.974868,0.076099,0.208498,-9.309302,1.762661,-13.228364,-0.033027,0.877019,0.039537,0.477686,15.245175,2.044275,33.595234
896,7.466667,-0.029188,0.963265,0.045102,0.263126,4.558307,84.141914,20.253054,-0.043452,0.977479,0.105165,0.177726,3.943239,91.789017,20.803226,-0.01569,0.980775,0.129179,0.14542,1.380542,112.195679,24.786758,0.093945,0.993856,-0.018793,0.055416,-0.051612,132.440186,30.000713,0.147314,0.973847,-0.166279,-0.047676,2.893601,146.622482,27.745872,-0.021921,0.939403,0.112927,0.322937,-3.591239,126.799545,28.071997,0.442386,-0.569233,0.081791,-0.68817,-17.414145,127.354774,17.375359,0.223942,0.07776,-0.506161,-0.829219,-9.007251,112.05368,-0.281624,0.286648,0.175907,-0.590106,-0.733937,3.603681,135.240585,-2.874438,-0.015513,0.9739,0.174418,0.14442,3.535157,126.748978,30.225826,0.360361,0.865422,0.137795,-0.319684,20.284393,126.396416,35.23959,0.032758,0.148075,0.463348,-0.873103,33.590828,113.096359,19.034157,0.040717,-0.081463,0.67376,-0.733317,20.70496,132.65155,11.96589,0.073213,0.927925,0.233713,0.281022,-3.506752,83.837097,15.473519,0.117405,0.987361,-0.034806,0.100615,-3.670423,51.942837,-1.737264,0.01914,0.974874,0.076161,0.208454,-15.031078,5.80475,0.408174,-0.082702,0.944794,0.017499,0.316572,12.623365,84.446732,25.032589,0.084785,0.882742,-0.225681,0.403294,18.688555,48.72271,25.731955,-0.033273,0.877031,0.039518,0.477649,2.910537,6.687051,41.430622,0.01914,0.974874,0.076161,0.208454,-9.305564,1.760059,-13.229675,-0.033273,0.877031,0.039518,0.477649,15.247583,2.045157,33.595951
897,7.475,-0.029209,0.963263,0.045115,0.263128,4.546854,84.143616,20.257273,-0.043439,0.977467,0.105192,0.177781,3.931425,91.79068,20.807543,-0.015865,0.980763,0.129143,0.145517,1.368874,112.196815,24.792034,0.094032,0.993846,-0.018702,0.055486,-0.070765,132.441467,30.003334,0.147369,0.97384,-0.166264,-0.047697,2.877111,146.623672,27.751484,-0.021776,0.939407,0.112948,0.322928,-3.60819,126.799522,28.074408,0.442358,-0.569175,0.081866,-0.688227,-17.431519,127.359711,17.37859,0.224062,0.077784,-0.506027,-0.829266,-9.021939,112.057892,-0.276479,0.286751,0.175888,-0.589976,-0.734007,3.595862,135.240723,-2.869687,-0.01552,0.973894,0.174398,0.144479,3.517699,126.751389,30.229961,0.360293,0.865517,0.137609,-0.319583,20.266321,126.398788,35.245739,0.032781,0.14826,0.463197,-0.873151,33.5784,113.096344,19.046915,0.040589,-0.081254,0.673909,-0.73321,20.688284,132.645813,11.970076,0.07318,0.927936,0.23364,0.281054,-3.518154,83.838478,15.477683,0.117338,0.987401,-0.034674,0.100345,-3.680573,51.941395,-1.727869,0.019513,0.974847,0.076254,0.208516,-15.033234,5.800944,0.409043,-0.082652,0.944701,0.017526,0.316861,12.611863,84.448746,25.036865,0.08463,0.882736,-0.225558,0.403408,18.674002,48.724186,25.735077,-0.033091,0.876971,0.039701,0.477757,2.911268,6.680772,41.428318,0.019513,0.974847,0.076254,0.208516,-9.309464,1.756854,-13.22971,-0.033091,0.876971,0.039701,0.477757,15.249339,2.041018,33.594002
898,7.483333,-0.02924,0.963271,0.045101,0.263096,4.535713,84.146484,20.262562,-0.043507,0.977457,0.10521,0.177806,3.919907,91.793533,20.812523,-0.01588,0.980761,0.129111,0.145558,1.354334,112.199448,24.797213,0.094042,0.993836,-0.018708,0.05565,-0.085964,132.444427,30.007053,0.147247,0.973852,-0.166373,-0.047447,2.862863,146.626511,27.755568,-0.02162,0.939392,0.112944,0.322984,-3.623165,126.802322,28.078192,0.442055,-0.569177,0.082194,-0.688382,-17.445463,127.367851,17.381319,0.223954,0.077643,-0.505892,-0.829391,-9.038656,112.062744,-0.272222,0.286779,0.175722,-0.589943,-0.734062,3.588135,135.241898,-2.866731,-0.015414,0.973896,0.174214,0.1447,3.50254,126.754402,30.234364,0.360281,0.865529,0.137733,-0.319512,20.249043,126.397774,35.256943,0.032923,0.148418,0.463146,-0.873146,33.563824,113.097122,19.05887,0.040542,-0.081109,0.673973,-0.73317,20.674253,132.642242,11.972446,0.07307,0.927972,0.23357,0.281022,-3.529579,83.840706,15.483483,0.11727,0.987417,-0.034494,0.100324,-3.686745,51.940083,-1.71556,0.019425,0.97486,0.076227,0.208473,-15.031409,5.796927,0.405369,-0.08265,0.944732,0.017511,0.316771,12.601005,84.452271,25.041639,0.084536,0.882768,-0.225413,0.40344,18.662781,48.727654,25.740252,-0.033091,0.876966,0.039717,0.477763,2.912626,6.676486,41.425354,0.019425,0.97486,0.076227,0.208473,-9.308,1.752588,-13.233468,-0.033091,0.876966,0.039717,0.477763,15.250892,2.037159,33.591087
899,7.491667,-0.029241,0.963276,0.045046,0.263089,4.523667,84.150002,20.268661,-0.043712,0.977432,0.105256,0.177867,3.908074,91.797134,20.817812,-0.015704,0.980764,0.129058,0.145602,1.333243,112.204208,24.803057,0.093783,0.993861,-0.018652,0.055655,-0.099732,132.449982,30.01178,0.147423,0.973823,-0.16641,-0.047371,2.841677,146.633789,27.76149,-0.021704,0.939389,0.112895,0.323006,-3.638953,126.809105,28.083065,0.442099,-0.569147,0.082136,-0.688385,-17.46063,127.371391,17.385223,0.224069,0.077668,-0.505801,-0.829413,-9.051665,112.06765,-0.268474,0.286898,0.17561,-0.589849,-0.734118,3.580093,135.244629,-2.863824,-0.015362,0.973897,0.174155,0.144769,3.486642,126.758644,30.239538,0.36028,0.86558,0.137571,-0.319444,20.2325,126.400124,35.26413,0.032892,0.148701,0.463174,-0.873084,33.549465,113.095566,19.07106,0.040461,-0.081037,0.673724,-0.733411,20.666319,132.638611,11.974247,0.072973,0.928023,0.233526,0.280917,-3.541695,83.843925,15.489723,0.117189,0.987438,-0.034348,0.100269,-3.695331,51.940788,-1.70469,0.019145,0.974867,0.076199,0.208477,-15.030993,5.794856,0.403911,-0.082697,0.944726,0.017543,0.316775,12.589028,84.456085,25.0476,0.084473,0.882788,-0.225312,0.403465,18.654734,48.732117,25.745142,-0.032941,0.876957,0.039783,0.477786,2.913025,6.675631,41.424442,0.019145,0.974867,0.076199,0.208477,-9.30481,1.75122,-13.233969,-0.032941,0.876957,0.039783,0.477786,15.250596,2.035851,33.589352
900,7.5,-0.029257,0.96327,0.045078,0.263103,4.510629,84.154121,20.273048,-0.043636,0.977434,0.105308,0.177845,3.894659,91.801193,20.822605,-0.015837,0.980764,0.12905,0.145596,1.323065,112.204697,24.80995,0.093763,0.99386,-0.018713,0.055692,-0.115277,132.450394,30.01754,0.147464,0.973834,-0.166334,-0.047282,2.82579,146.633987,27.765566,-0.021514,0.939348,0.1129,0.323135,-3.652994,126.808479,28.089056,0.441821,-0.569149,0.082431,-0.688526,-17.472044,127.377609,17.388178,0.223957,0.07754,-0.505742,-0.829491,-9.065614,112.070999,-0.26425,0.286909,0.175625,-0.589768,-0.734175,3.570979,135.246628,-2.861365,-0.015434,0.973889,0.174137,0.144836,3.472569,126.759979,30.245689,0.360316,0.865577,0.137773,-0.319325,20.217676,126.403595,35.272938,0.033134,0.148607,0.4631,-0.87313,33.537136,113.099922,19.081194,0.04059,-0.080934,0.674034,-0.73313,20.64925,132.639313,11.98263,0.072908,0.928038,0.233408,0.28098,-3.554581,83.847931,15.493861,0.117108,0.987457,-0.034203,0.100219,-3.70526,51.940121,-1.691903,0.019159,0.974859,0.076315,0.208468,-15.032019,5.791447,0.404518,-0.082741,0.944723,0.017515,0.316774,12.575839,84.46032,25.052238,0.084432,0.882879,-0.225184,0.403347,18.643879,48.736801,25.752661,-0.033032,0.876972,0.039753,0.477754,2.91236,6.674147,41.42564,0.019159,0.974859,0.076315,0.208468,-9.305887,1.751126,-13.234368,-0.033032,0.876972,0.039753,0.477754,15.250084,2.034897,33.590473
901,7.508333,-0.029342,0.963273,0.045057,0.263086,4.499096,84.158028,20.280531,-0.04369,0.977437,0.105233,0.177861,3.881965,91.805046,20.829433,-0.015855,0.980754,0.129101,0.145614,1.308539,112.209869,24.81344,0.093739,0.993858,-0.01872,0.055762,-0.130976,132.454987,30.02294,0.147501,0.973834,-0.16634,-0.047146,2.80969,146.638672,27.770948,-0.021601,0.939303,0.112917,0.323255,-3.668344,126.813103,28.093758,0.441669,-0.569168,0.08248,-0.688603,-17.484549,127.380058,17.389097,0.223922,0.07761,-0.505686,-0.829529,-9.079583,112.075378,-0.26568,0.287013,0.1757,-0.589751,-0.73413,3.559819,135.250931,-2.858029,-0.015426,0.973885,0.174112,0.144897,3.457128,126.764725,30.250683,0.36028,0.865641,0.137546,-0.31929,20.201618,126.407829,35.279934,0.033092,0.148714,0.463121,-0.873103,33.523464,113.100731,19.092978,0.040685,-0.080941,0.674051,-0.733109,20.637331,132.641602,11.990549,0.072933,0.92803,0.233377,0.281028,-3.566185,83.850174,15.501574,0.117018,0.987455,-0.03411,0.10038,-3.718329,51.941578,-1.682721,0.01919,0.974828,0.076329,0.208603,-15.036206,5.79029,0.404038,-0.08275,0.944692,0.017539,0.316862,12.564378,84.465881,25.059488,0.084352,0.882906,-0.225081,0.403362,18.633493,48.742527,25.759024,-0.033178,0.876957,0.039793,0.477768,2.912112,6.674161,41.426861,0.01919,0.974828,0.076329,0.208603,-9.306707,1.750062,-13.233453,-0.033178,0.876957,0.039793,0.477768,15.251556,2.038002,33.592583
902,7.516667,-0.029355,0.963276,0.045139,0.263059,4.488047,84.160339,20.283714,-0.043753,0.977431,0.105262,0.17786,3.870405,91.807236,20.833801,-0.015832,0.980755,0.129102,0.145611,1.293985,112.213158,24.81884,0.093703,0.993866,-0.018657,0.055701,-0.144573,132.458298,30.02854,0.147596,0.973819,-0.166311,-0.047244,2.794727,146.642517,27.778111,-0.021791,0.93936,0.112913,0.323076,-3.682215,126.816582,28.099352,0.441652,-0.569155,0.082215,-0.688656,-17.50218,127.376511,17.399168,0.223948,0.0776,-0.505619,-0.829563,-9.09428,112.081444,-0.262563,0.287043,0.175628,-0.58968,-0.734193,3.548673,135.254745,-2.85511,-0.015459,0.97389,0.17403,0.144956,3.443285,126.767876,30.256187,0.360193,0.865707,0.137888,-0.319061,20.187143,126.41214,35.287647,0.033319,0.148654,0.462901,-0.873221,33.519371,113.11145,19.103958,0.040689,-0.080892,0.674193,-0.732984,20.622999,132.643219,11.998796,0.07289,0.92806,0.233326,0.280981,-3.577482,83.852638,15.50516,0.11693,0.987447,-0.034034,0.100588,-3.728707,51.941872,-1.675105,0.018904,0.97481,0.076315,0.208721,-15.038185,5.788136,0.403003,-0.082753,0.944684,0.017535,0.316886,12.553576,84.46804,25.062269,0.084224,0.882868,-0.225002,0.403514,18.622843,48.744728,25.762308,-0.033215,0.876966,0.03983,0.477746,2.912238,6.670964,41.426468,0.018904,0.97481,0.076315,0.208721,-9.302675,1.748943,-13.232276,-0.033215,0.876966,0.03983,0.477746,15.251798,2.036274,33.591492
903,7.525,-0.029367,0.963273,0.045032,0.263089,4.474201,84.162567,20.292326,-0.043794,0.977425,0.105245,0.177892,3.856786,91.809601,20.840763,-0.015847,0.980756,0.129054,0.145644,1.278671,112.215782,24.824776,0.093712,0.993861,-0.018697,0.055755,-0.160367,132.461411,30.032393,0.147637,0.973823,-0.166276,-0.047163,2.779461,146.645386,27.780998,-0.021778,0.93931,0.112891,0.32323,-3.697841,126.819489,28.103512,0.441685,-0.569232,0.082172,-0.688576,-17.514347,127.380264,17.398909,0.223906,0.077655,-0.505577,-0.829595,-9.1105,112.084343,-0.264007,0.286934,0.175622,-0.589622,-0.734283,3.533891,135.256393,-2.852273,-0.015467,0.973868,0.1741,0.145022,3.427507,126.771042,30.260845,0.360147,0.865753,0.138059,-0.318913,20.170685,126.41481,35.294521,0.033543,0.14858,0.462785,-0.873286,33.509212,113.116959,19.113701,0.040787,-0.081019,0.674424,-0.732751,20.60644,132.643829,12.006312,0.072799,0.928083,0.233323,0.280932,-3.591022,83.854134,15.513307,0.116837,0.987479,-0.033893,0.100422,-3.737104,51.942299,-1.665026,0.019191,0.974819,0.076402,0.208619,-15.036374,5.785603,0.402686,-0.082762,0.944685,0.0176,0.316876,12.539424,84.471008,25.071346,0.084116,0.882893,-0.224893,0.403543,18.610769,48.747959,25.767113,-0.033208,0.876983,0.039804,0.477716,2.912548,6.667819,41.42654,0.019191,0.974819,0.076402,0.208619,-9.306237,1.747485,-13.235166,-0.033208,0.876983,0.039804,0.477716,15.251409,2.032344,33.590931
904,7.533333,-0.029359,0.963271,0.044989,0.263103,4.460522,84.163857,20.29751,-0.043841,0.977423,0.105244,0.177893,3.843399,91.810959,20.845325,-0.015883,0.980754,0.12907,0.145638,1.263216,112.217949,24.829115,0.093746,0.993857,-0.018702,0.055779,-0.17737,132.463364,30.037176,0.147679,0.973817,-0.166289,-0.047117,2.763528,146.647095,27.785763,-0.021848,0.939258,0.113018,0.323333,-3.714413,126.821205,28.108179,0.441621,-0.569225,0.082193,-0.68862,-17.52846,127.381561,17.400383,0.22385,0.077722,-0.505562,-0.829613,-9.124392,112.086716,-0.263357,0.286946,0.175598,-0.589644,-0.734267,3.519984,135.258759,-2.846888,-0.015426,0.97386,0.174034,0.145159,3.410943,126.773262,30.265499,0.360137,0.865768,0.137772,-0.319007,20.152771,126.415123,35.303516,0.03344,0.148719,0.462892,-0.87321,33.488682,113.113495,19.123632,0.040809,-0.081127,0.674409,-0.732752,20.592846,132.643738,12.013052,0.072656,0.928106,0.233318,0.280896,-3.604574,83.85537,15.518279,0.116778,0.987502,-0.03378,0.100305,-3.741856,51.94186,-1.657002,0.018959,0.974846,0.076425,0.208505,-15.034318,5.783102,0.402016,-0.08279,0.94467,0.017656,0.316912,12.525618,84.472343,25.076738,0.084016,0.882885,-0.224809,0.403629,18.600086,48.749767,25.76951,-0.033314,0.876976,0.039762,0.477726,2.911751,6.664422,41.424854,0.018959,0.974846,0.076425,0.208505,-9.304946,1.74702,-13.236758,-0.033314,0.876976,0.039762,0.477726,15.251562,2.029405,33.590473
905,7.541667,-0.029395,0.963269,0.044992,0.263107,4.448219,84.166153,20.301702,-0.043942,0.977403,0.10525,0.177975,3.830554,91.813217,20.849415,-0.015732,0.980742,0.129089,0.145717,1.245732,112.220787,24.832647,0.093781,0.993853,-0.018588,0.055828,-0.189205,132.466202,30.042303,0.147597,0.97381,-0.166396,-0.047125,2.752758,146.650269,27.794397,-0.021914,0.939255,0.112996,0.323344,-3.727766,126.825294,28.112396,0.441571,-0.569243,0.082183,-0.688639,-17.54146,127.38327,17.404024,0.223838,0.077769,-0.505558,-0.829614,-9.138319,112.089706,-0.261262,0.287018,0.175653,-0.589584,-0.734274,3.506009,135.262299,-2.842387,-0.015468,0.973857,0.174016,0.145194,3.39732,126.774956,30.270554,0.360283,0.865706,0.137768,-0.319014,20.13875,126.418114,35.30999,0.03366,0.148566,0.462984,-0.873179,33.469223,113.111351,19.129856,0.04098,-0.081376,0.674669,-0.732476,20.574848,132.644135,12.020689,0.07253,0.928169,0.233251,0.280776,-3.616791,83.85704,15.522369,0.116749,0.987525,-0.033626,0.100166,-3.749343,51.93993,-1.646255,0.018752,0.974837,0.076455,0.208556,-15.037396,5.779534,0.400163,-0.082791,0.944693,0.017631,0.316844,12.513229,84.475258,25.081036,0.083979,0.88298,-0.224644,0.40352,18.58725,48.752636,25.775164,-0.033281,0.876927,0.039847,0.477811,2.909924,6.659639,41.420967,0.018752,0.974837,0.076455,0.208556,-9.304515,1.745399,-13.237713,-0.033281,0.876927,0.039847,0.477811,15.2513,2.026337,33.588036
906,7.55,-0.02944,0.963243,0.044883,0.263214,4.432395,84.168007,20.308542,-0.043888,0.977387,0.105278,0.178058,3.81444,91.815178,20.854391,-0.015803,0.980738,0.128997,0.145817,1.231279,112.222862,24.838989,0.093917,0.993837,-0.018507,0.055897,-0.206538,132.469177,30.044342,0.147617,0.973809,-0.166379,-0.047159,2.739495,146.652847,27.799189,-0.021833,0.93924,0.113026,0.323384,-3.744193,126.827599,28.114769,0.441623,-0.569229,0.082183,-0.688617,-17.557114,127.388725,17.405554,0.223942,0.077895,-0.50555,-0.829579,-9.153177,112.094078,-0.258417,0.287161,0.175784,-0.589565,-0.734201,3.490095,135.266541,-2.836767,-0.015587,0.973872,0.173845,0.14529,3.380425,126.77829,30.274502,0.360407,0.86569,0.138153,-0.31875,20.120764,126.425812,35.31789,0.033825,0.148659,0.463026,-0.873134,33.455139,113.118271,19.141607,0.040874,-0.08138,0.674429,-0.732702,20.56605,132.647385,12.026064,0.072509,0.928158,0.233293,0.280784,-3.631511,83.857651,15.527423,0.11664,0.987524,-0.033594,0.10031,-3.761642,51.941742,-1.643468,0.01892,0.974815,0.076448,0.208645,-15.039619,5.778718,0.399452,-0.082888,0.944679,0.017701,0.316857,12.496302,84.478363,25.089663,0.083888,0.882981,-0.224547,0.403591,18.578495,48.75708,25.781313,-0.033362,0.876945,0.039842,0.477773,2.910995,6.658501,41.421936,0.01892,0.974815,0.076448,0.208645,-9.305997,1.743385,-13.23776,-0.033362,0.876945,0.039842,0.477773,15.252418,2.026225,33.58847
907,7.558333,-0.029483,0.963241,0.04494,0.263207,4.41994,84.1726,20.31197,-0.043924,0.977385,0.105232,0.178086,3.801111,91.819656,20.858492,-0.01572,0.98072,0.129129,0.145834,1.21689,112.226227,24.840597,0.093998,0.993837,-0.018364,0.05581,-0.218414,132.471222,30.05175,0.147582,0.973794,-0.166435,-0.047379,2.729419,146.655136,27.810577,-0.021742,0.939191,0.11291,0.323572,-3.756762,126.83065,28.120508,0.441523,-0.569308,0.08233,-0.688599,-17.565571,127.394249,17.406126,0.223802,0.077973,-0.505619,-0.829568,-9.167285,112.095772,-0.257215,0.287258,0.175753,-0.589495,-0.734227,3.471542,135.271027,-2.829193,-0.015609,0.973859,0.173862,0.14535,3.36782,126.779808,30.280321,0.360301,0.865716,0.138183,-0.318785,20.107517,126.427628,35.325844,0.03377,0.148674,0.462982,-0.873157,33.444603,113.124886,19.14785,0.04092,-0.081344,0.674371,-0.732757,20.554001,132.652603,12.032993,0.072537,0.928143,0.233239,0.280871,-3.64399,83.861732,15.530923,0.116567,0.987513,-0.033542,0.100525,-3.77552,51.944279,-1.637083,0.018886,0.97479,0.076453,0.208763,-15.046759,5.779323,0.399169,-0.082935,0.944743,0.017634,0.316658,12.48387,84.483467,25.093016,0.083865,0.883064,-0.224416,0.403487,18.567919,48.762589,25.789066,-0.03326,0.876913,0.040026,0.477824,2.909011,6.65802,41.422169,0.018886,0.97479,0.076453,0.208763,-9.309565,1.744222,-13.236612,-0.03326,0.876913,0.040026,0.477824,15.251186,2.029002,33.587967
908,7.566667,-0.029491,0.963227,0.044996,0.263248,4.404222,84.175232,20.315519,-0.043853,0.977392,0.10522,0.178075,3.78503,91.822205,20.862812,-0.015808,0.980721,0.129119,0.145824,1.203713,112.22998,24.845167,0.094111,0.993825,-0.018369,0.055842,-0.235059,132.474976,30.055395,0.147612,0.973793,-0.166425,-0.047346,2.716126,146.658218,27.814383,-0.021723,0.939159,0.112934,0.323658,-3.772441,126.833702,28.124407,0.44148,-0.569306,0.082378,-0.688622,-17.579342,127.39856,17.407619,0.223814,0.078048,-0.505611,-0.829562,-9.181318,112.099579,-0.255422,0.287311,0.175888,-0.589508,-0.734163,3.457885,135.276276,-2.824484,-0.015648,0.973843,0.173912,0.145395,3.352149,126.78418,30.284231,0.360255,0.865745,0.138073,-0.318807,20.091352,126.432762,35.331474,0.033657,0.148771,0.46301,-0.87313,33.429401,113.129913,19.154348,0.040902,-0.081312,0.67431,-0.732818,20.541531,132.658813,12.038025,0.072514,0.928146,0.233182,0.280914,-3.659294,83.864548,15.533757,0.116468,0.987527,-0.033435,0.100535,-3.789709,51.944946,-1.630272,0.018377,0.974809,0.076468,0.208716,-15.050781,5.7771,0.396815,-0.082988,0.944765,0.017629,0.316576,12.467738,84.485924,25.097281,0.083792,0.883113,-0.224333,0.403442,18.555288,48.765656,25.794338,-0.033331,0.876953,0.039998,0.477747,2.9063,6.656349,41.424648,0.018377,0.974809,0.076468,0.208716,-9.309816,1.745239,-13.238342,-0.033331,0.876953,0.039998,0.477747,15.247647,2.027612,33.588959
909,7.575,-0.029503,0.963215,0.04507,0.263277,4.39081,84.179474,20.317974,-0.043701,0.977393,0.105242,0.178091,3.771129,91.826332,20.866302,-0.016007,0.980711,0.129111,0.145877,1.196407,112.229576,24.849724,0.094174,0.993816,-0.018359,0.055893,-0.250787,132.47438,30.058319,0.14768,0.973787,-0.166397,-0.047341,2.702393,146.657303,27.817839,-0.021627,0.939133,0.113026,0.323707,-3.785744,126.831665,28.127155,0.441392,-0.56931,0.082429,-0.688669,-17.591677,127.400932,17.409369,0.223757,0.078082,-0.50562,-0.829568,-9.194304,112.102417,-0.254375,0.287344,0.175951,-0.589423,-0.734204,3.443999,135.279755,-2.820515,-0.015703,0.973845,0.173899,0.145394,3.338516,126.784966,30.28812,0.360191,0.865763,0.138243,-0.318757,20.077662,126.435509,35.335655,0.033595,0.148809,0.462831,-0.873221,33.419567,113.137436,19.157801,0.040581,-0.081056,0.674233,-0.732934,20.524204,132.661072,12.040932,0.072445,0.928206,0.233131,0.280777,-3.672408,83.868965,15.535709,0.11635,0.987536,-0.03336,0.100605,-3.801889,51.946892,-1.623714,0.018649,0.974799,0.076596,0.208691,-15.05151,5.775964,0.396725,-0.08306,0.944759,0.017635,0.316578,12.454029,84.489975,25.100241,0.083742,0.883198,-0.224269,0.403302,18.546612,48.770596,25.798538,-0.033069,0.877012,0.040077,0.477651,2.906555,6.657797,41.428352,0.018649,0.974799,0.076596,0.208691,-9.313575,1.746386,-13.240375,-0.033069,0.877012,0.040077,0.477651,15.244176,2.027322,33.587837
910,7.583333,-0.029527,0.963216,0.045045,0.263276,4.375903,84.18058,20.322109,-0.043677,0.977399,0.105224,0.178079,3.755962,91.827454,20.869959,-0.016032,0.980709,0.129139,0.145865,1.182437,112.230873,24.852833,0.094222,0.993813,-0.018358,0.055876,-0.26591,132.475342,30.062416,0.147736,0.97377,-0.166438,-0.047375,2.688574,146.65799,27.822006,-0.021681,0.939126,0.113115,0.323693,-3.800555,126.832497,28.131046,0.441377,-0.569274,0.082378,-0.688715,-17.60673,127.400948,17.413525,0.223783,0.07808,-0.505598,-0.829575,-9.206917,112.105225,-0.251488,0.287382,0.175935,-0.589395,-0.734215,3.432657,135.281906,-2.81809,-0.015681,0.973834,0.173992,0.145358,3.323747,126.786133,30.291885,0.360139,0.86578,0.138252,-0.318766,20.063286,126.435677,35.338066,0.033563,0.148806,0.46278,-0.87325,33.406769,113.13974,19.159752,0.040554,-0.080999,0.674278,-0.732901,20.508661,132.662628,12.043386,0.072449,0.928168,0.233121,0.280909,-3.687294,83.869507,15.539842,0.116237,0.987546,-0.033303,0.100664,-3.814826,51.947136,-1.619048,0.018409,0.974817,0.076571,0.208639,-15.053567,5.773345,0.396515,-0.083037,0.944704,0.017717,0.316742,12.439101,84.491661,25.10438,0.083565,0.883138,-0.224197,0.403509,18.531864,48.772209,25.79763,-0.033614,0.877018,0.039832,0.477622,2.905499,6.653512,41.42524,0.018409,0.974817,0.076571,0.208639,-9.314749,1.744393,-13.240398,-0.033614,0.877018,0.039832,0.477622,15.246487,2.024504,33.589153
911,7.591667,-0.029501,0.963206,0.045067,0.263311,4.359384,84.181816,20.323341,-0.043885,0.977382,0.105256,0.1781,3.739717,91.828682,20.871599,-0.015732,0.980714,0.129189,0.14582,1.156407,112.238441,24.855577,0.094075,0.993827,-0.018419,0.055838,-0.27968,132.482773,30.069109,0.147947,0.973722,-0.166561,-0.047281,2.670511,146.665985,27.826559,-0.021814,0.939071,0.113004,0.323884,-3.817823,126.842262,28.137306,0.44139,-0.569321,0.082401,-0.688664,-17.619471,127.405891,17.413689,0.223871,0.07818,-0.505531,-0.829584,-9.222521,112.108162,-0.25094,0.287606,0.175858,-0.589373,-0.734164,3.420463,135.28479,-2.814767,-0.015621,0.973831,0.174097,0.145258,3.306818,126.791504,30.296934,0.360121,0.865791,0.137792,-0.318955,20.047443,126.439079,35.339394,0.033339,0.148918,0.462882,-0.873185,33.385597,113.137711,19.161144,0.040437,-0.081109,0.674479,-0.73271,20.492512,132.666824,12.044685,0.072305,0.928183,0.233064,0.280944,-3.7035,83.871353,15.5405,0.11622,0.987566,-0.03322,0.100516,-3.821932,51.945549,-1.612067,0.018391,0.974799,0.076514,0.208745,-15.058003,5.770856,0.397503,-0.083147,0.944702,0.017693,0.316719,12.422267,84.492279,25.106186,0.083501,0.883177,-0.224083,0.4035,18.522003,48.774097,25.803492,-0.033372,0.877021,0.039986,0.477621,2.905271,6.649524,41.424919,0.018391,0.974799,0.076514,0.208745,-9.31629,1.74023,-13.237703,-0.033372,0.877021,0.039986,0.477621,15.244707,2.021019,33.58609
912,7.6,-0.029491,0.963199,0.045116,0.263331,4.345217,84.185539,20.325865,-0.043865,0.977382,0.105246,0.178111,3.725495,91.832344,20.874872,-0.015702,0.980709,0.129222,0.145822,1.143104,112.241852,24.858461,0.094047,0.993833,-0.01838,0.055802,-0.29194,132.485855,30.073526,0.148031,0.973696,-0.166621,-0.04734,2.657255,146.669418,27.831959,-0.021993,0.939141,0.113114,0.323628,-3.830375,126.84568,28.141304,0.441439,-0.569287,0.082155,-0.688691,-17.637543,127.403603,17.424498,0.223959,0.078105,-0.505475,-0.8296,-9.236606,112.113571,-0.244907,0.287636,0.175756,-0.589346,-0.734198,3.409593,135.287048,-2.813638,-0.015747,0.973828,0.174141,0.145212,3.294269,126.794388,30.300909,0.360188,0.865791,0.137747,-0.3189,20.035223,126.446297,35.342571,0.033371,0.149021,0.462875,-0.87317,33.372723,113.140991,19.167015,0.04033,-0.081117,0.674133,-0.733033,20.481373,132.668182,12.045896,0.072314,0.92813,0.233001,0.281167,-3.71748,83.875526,15.54268,0.116121,0.987583,-0.033122,0.100497,-3.833762,51.947701,-1.606154,0.018366,0.974792,0.076573,0.208756,-15.059757,5.770197,0.395421,-0.08326,0.94472,0.017686,0.316636,12.407914,84.49556,25.109049,0.083531,0.883289,-0.223973,0.403311,18.515209,48.778717,25.808853,-0.03333,0.876988,0.040062,0.477678,2.903305,6.649923,41.42371,0.018366,0.974792,0.076573,0.208756,-9.317328,1.741429,-13.24003,-0.03333,0.876988,0.040062,0.477678,15.2437,2.022786,33.585579
913,7.608333,-0.029502,0.963194,0.045164,0.263338,4.331375,84.18869,20.327929,-0.043853,0.977377,0.105243,0.178142,3.71129,91.835419,20.877609,-0.015784,0.980696,0.129264,0.145868,1.1292,112.245621,24.861246,0.094224,0.99381,-0.018409,0.055897,-0.309717,132.489059,30.07741,0.148029,0.973687,-0.166694,-0.047262,2.644981,146.671448,27.835602,-0.021855,0.939113,0.113172,0.3237,-3.847016,126.848434,28.144434,0.441167,-0.569261,0.082535,-0.688841,-17.652771,127.411865,17.426111,0.223847,0.077926,-0.505422,-0.82968,-9.253526,112.116478,-0.239451,0.287602,0.175741,-0.589249,-0.734293,3.397848,135.288757,-2.812228,-0.015674,0.973821,0.174211,0.14518,3.277387,126.798164,30.304846,0.359983,0.865885,0.137367,-0.319037,20.018736,126.447426,35.344982,0.033073,0.14911,0.462822,-0.873194,33.359184,113.144135,19.170212,0.040396,-0.080919,0.674212,-0.732979,20.465498,132.673508,12.051253,0.072258,0.928137,0.233002,0.281161,-3.731235,83.878731,15.5446,0.116063,0.987571,-0.033104,0.100678,-3.843861,51.950352,-1.603215,0.018671,0.97475,0.076709,0.208879,-15.064669,5.771461,0.395217,-0.083299,0.944697,0.017728,0.316694,12.393986,84.498657,25.111258,0.083376,0.883187,-0.223943,0.403583,18.504843,48.782394,25.809496,-0.033637,0.876966,0.040016,0.477701,2.902141,6.649861,41.423462,0.018671,0.97475,0.076709,0.208879,-9.321554,1.744872,-13.240587,-0.033637,0.876966,0.040016,0.477701,15.245512,2.025928,33.588139
914,7.616667,-0.029532,0.963182,0.045283,0.26336,4.316466,84.19194,20.330708,-0.043822,0.977389,0.105178,0.178125,3.695442,91.838478,20.882,-0.015787,0.980691,0.129341,0.145834,1.115108,112.249985,24.863392,0.094309,0.993805,-0.018367,0.055863,-0.324203,132.492584,30.082706,0.148046,0.973669,-0.166768,-0.047324,2.63272,146.674698,27.842134,-0.021938,0.939104,0.113144,0.32373,-3.861426,126.852119,28.149117,0.44119,-0.569289,0.082436,-0.688815,-17.666367,127.412628,17.429586,0.223829,0.077953,-0.505381,-0.829707,-9.267846,112.119484,-0.238264,0.287528,0.175709,-0.589173,-0.734391,3.385275,135.290497,-2.808724,-0.015775,0.973788,0.174422,0.145139,3.263126,126.801773,30.309042,0.359946,0.865911,0.137277,-0.319048,20.004787,126.453636,35.348328,0.033143,0.149016,0.462771,-0.873235,33.346249,113.150131,19.174564,0.040587,-0.08101,0.674211,-0.732959,20.44828,132.678757,12.057503,0.072172,0.928142,0.233038,0.281134,-3.745896,83.882042,15.546953,0.116039,0.987585,-0.033097,0.100581,-3.852538,51.953976,-1.601492,0.018335,0.974772,0.076692,0.208811,-15.070826,5.774501,0.397617,-0.083407,0.944694,0.017737,0.316673,12.378828,84.501846,25.114462,0.083329,0.883219,-0.223894,0.403549,18.497288,48.786919,25.814421,-0.033662,0.876998,0.040109,0.477633,2.900803,6.651587,41.427048,0.018335,0.974772,0.076692,0.208811,-9.326297,1.749323,-13.238011,-0.033662,0.876998,0.040109,0.477633,15.243605,2.030368,33.589218
915,7.625,-0.029594,0.963182,0.045406,0.263332,4.304197,84.195694,20.331938,-0.043948,0.977388,0.105135,0.178123,3.681777,91.842003,20.884815,-0.015677,0.980684,0.129441,0.145804,1.096374,112.255096,24.863827,0.094467,0.993792,-0.018342,0.055822,-0.338872,132.496765,30.087904,0.148027,0.973655,-0.166844,-0.047409,2.62236,146.678116,27.848175,-0.021924,0.939094,0.113059,0.323788,-3.877269,126.857361,28.153336,0.441168,-0.569349,0.082468,-0.688776,-17.680914,127.417587,17.432127,0.223882,0.077977,-0.505291,-0.829746,-9.286057,112.122795,-0.236033,0.287572,0.175758,-0.589155,-0.734376,3.371493,135.290909,-2.805594,-0.015692,0.973778,0.174463,0.145163,3.247463,126.805267,30.312622,0.359683,0.86601,0.137272,-0.31908,19.988972,126.453972,35.352192,0.0331,0.148991,0.462585,-0.873339,33.338814,113.160156,19.177387,0.040701,-0.081125,0.67405,-0.733089,20.432726,132.682556,12.062221,0.072182,0.92813,0.233053,0.281158,-3.758377,83.885262,15.548579,0.115953,0.98758,-0.033091,0.100723,-3.86489,51.957798,-1.600973,0.01839,0.974762,0.07669,0.208854,-15.075445,5.776393,0.396857,-0.083523,0.944726,0.017677,0.31655,12.366772,84.506134,25.115295,0.083373,0.883349,-0.223811,0.403303,18.491825,48.792458,25.82122,-0.033652,0.877025,0.040127,0.477581,2.89911,6.654251,41.429836,0.01839,0.974762,0.07669,0.208854,-9.330297,1.750809,-13.238384,-0.033652,0.877025,0.040127,0.477581,15.240981,2.033326,33.590374
916,7.633333,-0.029643,0.963189,0.045463,0.263288,4.289967,84.195595,20.334328,-0.043886,0.9774,0.105106,0.178089,3.666619,91.841774,20.887886,-0.015713,0.980686,0.129445,0.145784,1.083946,112.256798,24.866556,0.094557,0.993786,-0.018288,0.055805,-0.352681,132.498383,30.090601,0.147987,0.973643,-0.16693,-0.047476,2.610995,146.679489,27.852524,-0.021816,0.939124,0.113087,0.3237,-3.890709,126.858711,28.156162,0.441211,-0.56939,0.0825,-0.68871,-17.696507,127.42244,17.437899,0.223945,0.077866,-0.505217,-0.829784,-9.304279,112.12468,-0.228952,0.287446,0.175801,-0.589134,-0.734432,3.357242,135.287903,-2.803858,-0.015706,0.973773,0.174483,0.145175,3.234094,126.807152,30.315229,0.359708,0.865998,0.137243,-0.319097,19.975471,126.456154,35.355274,0.033201,0.148833,0.462571,-0.87337,33.323891,113.161148,19.180256,0.040989,-0.081008,0.674204,-0.732943,20.414396,132.683914,12.069095,0.07214,0.928111,0.233168,0.281139,-3.772983,83.884521,15.551639,0.115896,0.987564,-0.033147,0.100929,-3.874562,51.960518,-1.604392,0.017993,0.974758,0.076605,0.208935,-15.080767,5.778205,0.396933,-0.08361,0.944713,0.017719,0.316566,12.352918,84.506676,25.117016,0.08332,0.883354,-0.22378,0.403318,18.484806,48.794151,25.822216,-0.033681,0.877032,0.040172,0.477563,2.897334,6.653804,41.430305,0.017993,0.974758,0.076605,0.208935,-9.329718,1.752244,-13.235715,-0.033681,0.877032,0.040172,0.477563,15.239336,2.034423,33.590134
917,7.641667,-0.029667,0.963195,0.045491,0.263262,4.275179,84.194221,20.336597,-0.043842,0.977408,0.105107,0.178054,3.651376,91.840347,20.890491,-0.015721,0.980693,0.129421,0.145756,1.070445,112.256851,24.869894,0.094594,0.993782,-0.018287,0.055811,-0.36622,132.498672,30.092976,0.148002,0.973626,-0.167018,-0.047456,2.598525,146.679565,27.855021,-0.021852,0.939129,0.11304,0.3237,-3.904263,126.858841,28.159019,0.441164,-0.569432,0.082529,-0.688702,-17.710014,127.420853,17.440615,0.223931,0.077864,-0.505178,-0.829812,-9.320395,112.122559,-0.227009,0.287535,0.17568,-0.589118,-0.734439,3.343827,135.285828,-2.801214,-0.015738,0.973778,0.174401,0.145233,3.220658,126.807526,30.317703,0.359792,0.865969,0.137138,-0.319124,19.961401,126.45768,35.359921,0.033144,0.148905,0.462657,-0.873314,33.305962,113.158096,19.185499,0.040842,-0.081173,0.673966,-0.733153,20.401058,132.684128,12.072616,0.072063,0.928098,0.233231,0.28115,-3.788006,83.882828,15.554331,0.115793,0.987596,-0.033076,0.100756,-3.882825,51.960152,-1.604201,0.018394,0.974758,0.076713,0.208865,-15.078492,5.775124,0.393411,-0.083669,0.944717,0.017769,0.316535,12.338364,84.505623,25.118866,0.083244,0.883402,-0.223731,0.403257,18.475437,48.793949,25.82177,-0.033723,0.877051,0.040181,0.477526,2.897142,6.65032,41.430153,0.018394,0.974758,0.076713,0.208865,-9.333028,1.750161,-13.241881,-0.033723,0.877051,0.040181,0.477526,15.238899,2.031761,33.589111
918,7.65,-0.029676,0.963207,0.045489,0.263214,4.258091,84.193275,20.340048,-0.043779,0.977421,0.105079,0.178015,3.634192,91.839394,20.893894,-0.015686,0.980698,0.129426,0.145723,1.056093,112.257347,24.872919,0.094556,0.993786,-0.018307,0.055797,-0.379005,132.499176,30.096447,0.148038,0.973607,-0.167105,-0.047434,2.584638,146.680191,27.857813,-0.021888,0.93913,0.112999,0.323708,-3.917521,126.859573,28.162664,0.441167,-0.569481,0.08253,-0.688659,-17.723038,127.41996,17.443869,0.223991,0.07793,-0.50516,-0.8298,-9.336194,112.120651,-0.224192,0.287725,0.175679,-0.589096,-0.734382,3.328757,135.284393,-2.796975,-0.015708,0.973799,0.174286,0.145236,3.207561,126.807808,30.320808,0.359916,0.865895,0.13732,-0.319107,19.948307,126.457504,35.362991,0.033188,0.148808,0.462763,-0.873273,33.288967,113.156639,19.186394,0.040897,-0.081257,0.673695,-0.73339,20.38866,132.68425,12.07749,0.072051,0.928038,0.233331,0.281266,-3.805555,83.88166,15.558568,0.115648,0.987593,-0.033104,0.100942,-3.895294,51.962246,-1.606055,0.017829,0.974789,0.076585,0.208814,-15.078142,5.774197,0.393516,-0.083776,0.944692,0.01785,0.316575,12.321736,84.504898,25.121529,0.083172,0.8834,-0.223689,0.403298,18.467867,48.794727,25.821629,-0.033992,0.877048,0.03998,0.477528,2.896385,6.648159,41.428871,0.017829,0.974789,0.076585,0.208814,-9.328838,1.748664,-13.239993,-0.033992,0.877048,0.03998,0.477528,15.239779,2.028305,33.591167
919,7.658333,-0.029759,0.963214,0.045593,0.263162,4.245108,84.194038,20.341433,-0.043934,0.977421,0.105028,0.178008,3.619595,91.839935,20.896515,-0.015497,0.980698,0.129489,0.145686,1.034854,112.263344,24.873415,0.094639,0.993778,-0.018361,0.05579,-0.392661,132.50473,30.100723,0.148008,0.973592,-0.167227,-0.047406,2.57339,146.685013,27.860651,-0.021902,0.939138,0.11291,0.323716,-3.933348,126.866684,28.166372,0.441254,-0.569509,0.082587,-0.688574,-17.738665,127.425636,17.447245,0.224097,0.077915,-0.505085,-0.829819,-9.353824,112.121689,-0.217752,0.28769,0.175709,-0.58905,-0.734425,3.3153,135.282883,-2.793079,-0.015655,0.973789,0.174339,0.145245,3.191981,126.812088,30.323627,0.359825,0.865951,0.137447,-0.319004,19.932693,126.459625,35.365772,0.033302,0.148744,0.462636,-0.873346,33.279865,113.162994,19.191065,0.040958,-0.081418,0.673659,-0.733401,20.372162,132.687271,12.081566,0.071977,0.928042,0.233427,0.281191,-3.818962,83.881393,15.560736,0.115628,0.9876,-0.033108,0.100897,-3.903069,51.964462,-1.608545,0.017913,0.974757,0.076557,0.208966,-15.084073,5.776012,0.392123,-0.083852,0.944727,0.017872,0.31645,12.309177,84.506691,25.122129,0.083161,0.883486,-0.223657,0.403131,18.461128,48.797508,25.821674,-0.033674,0.877027,0.040222,0.477569,2.894694,6.649399,41.429806,0.017913,0.974757,0.076557,0.208966,-9.331549,1.749056,-13.239606,-0.033674,0.877027,0.040222,0.477569,15.236941,2.031202,33.589321
920,7.666667,-0.029723,0.963203,0.045794,0.263171,4.222341,84.197525,20.343523,-0.043725,0.97743,0.104994,0.178033,3.596541,91.84317,20.901718,-0.015581,0.980686,0.129504,0.145746,1.02048,112.267616,24.878735,0.094744,0.993762,-0.018503,0.055845,-0.410873,132.508728,30.10602,0.148082,0.973578,-0.167251,-0.047374,2.558549,146.687729,27.862219,-0.02175,0.939105,0.112931,0.323814,-3.950424,126.870171,28.17112,0.441233,-0.56956,0.082738,-0.688527,-17.75374,127.434753,17.449709,0.224178,0.077908,-0.504968,-0.829868,-9.373035,112.125275,-0.212455,0.287705,0.175783,-0.589012,-0.734432,3.302268,135.282715,-2.788696,-0.015637,0.973797,0.174317,0.145221,3.174608,126.816643,30.329382,0.359835,0.865966,0.137284,-0.319022,19.915585,126.463852,35.370625,0.033123,0.1488,0.462655,-0.873334,33.261837,113.164101,19.197727,0.040974,-0.081156,0.673359,-0.733704,20.356911,132.688431,12.090562,0.071893,0.927993,0.233496,0.281317,-3.841676,83.886528,15.56263,0.115562,0.987571,-0.033132,0.10125,-3.916292,51.971054,-1.609386,0.017777,0.974729,0.076544,0.209114,-15.092058,5.781299,0.390216,-0.084083,0.944636,0.017996,0.316652,12.286358,84.50853,25.124416,0.083099,0.883456,-0.223651,0.403213,18.456642,48.802471,25.822094,-0.033855,0.877027,0.040233,0.477555,2.894132,6.65313,41.430794,0.017777,0.974729,0.076544,0.209114,-9.334201,1.754554,-13.239326,-0.033855,0.877027,0.040233,0.477555,15.237835,2.037799,33.590916
921,7.675,-0.029777,0.96319,0.046109,0.26316,4.208805,84.202316,20.338417,-0.043617,0.977433,0.105041,0.178014,3.580953,91.847458,20.901062,-0.015604,0.980676,0.129585,0.145733,1.009093,112.271729,24.880852,0.094859,0.993752,-0.018546,0.05581,-0.423621,132.511932,30.111307,0.148107,0.973559,-0.16732,-0.047457,2.549003,146.690063,27.866346,-0.021779,0.939098,0.112875,0.32385,-3.9628,126.873413,28.175592,0.441215,-0.569618,0.08276,-0.688487,-17.765253,127.436569,17.453007,0.224191,0.077945,-0.504937,-0.82988,-9.388059,112.125717,-0.209631,0.287728,0.175875,-0.588989,-0.73442,3.288756,135.282928,-2.784171,-0.015602,0.973774,0.174494,0.145163,3.162274,126.820061,30.333719,0.359911,0.865895,0.137319,-0.319115,19.903873,126.465515,35.372757,0.033094,0.14863,0.462751,-0.873313,33.244476,113.164925,19.195883,0.041016,-0.081218,0.673588,-0.733485,20.340719,132.694427,12.096199,0.071907,0.927984,0.233397,0.281428,-3.855261,83.891907,15.55757,0.115426,0.98759,-0.033114,0.10122,-3.930928,51.973206,-1.608455,0.01788,0.974733,0.076746,0.209011,-15.093917,5.780354,0.391167,-0.084217,0.944624,0.017948,0.316656,12.272871,84.512726,25.119263,0.083063,0.883475,-0.223648,0.40318,18.451191,48.808186,25.823322,-0.033661,0.877063,0.040284,0.477498,2.892381,6.658143,41.433811,0.01788,0.974733,0.076746,0.209011,-9.339346,1.759017,-13.241355,-0.033661,0.877063,0.040284,0.477498,15.233543,2.041353,33.590797
922,7.683333,-0.029817,0.963191,0.046182,0.263139,4.195842,84.204224,20.338968,-0.043651,0.977434,0.105027,0.178007,3.567113,91.849236,20.902534,-0.015597,0.980672,0.12963,0.145724,0.993934,112.273994,24.881613,0.09456,0.993775,-0.018784,0.055833,-0.438727,132.513718,30.11393,0.148277,0.973541,-0.16733,-0.047249,2.525736,146.692413,27.861702,-0.021631,0.939242,0.11253,0.323563,-3.977933,126.875366,28.17778,0.441446,-0.569664,0.08244,-0.688339,-17.787123,127.438225,17.463844,0.224446,0.077948,-0.50473,-0.829937,-9.409894,112.131378,-0.202256,0.287642,0.17588,-0.58892,-0.734508,3.277303,135.280853,-2.780649,-0.015657,0.973774,0.174472,0.145184,3.147189,126.821838,30.335751,0.360023,0.865868,0.137487,-0.318988,19.888519,126.46917,35.375832,0.033285,0.148534,0.462761,-0.873317,33.229115,113.166061,19.201033,0.041175,-0.08111,0.673676,-0.733407,20.324989,132.693878,12.101426,0.07182,0.928028,0.233457,0.281255,-3.868392,83.893433,15.558428,0.115359,0.987613,-0.033097,0.101085,-3.940128,51.975853,-1.609698,0.017538,0.974745,0.076663,0.209014,-15.096502,5.781427,0.390451,-0.084321,0.944611,0.017967,0.316665,12.260077,84.515022,25.119511,0.083009,0.883448,-0.223631,0.40326,18.445864,48.811802,25.82476,-0.033733,0.877053,0.040215,0.477517,2.890706,6.660208,41.434731,0.017538,0.974745,0.076663,0.209014,-9.338693,1.759561,-13.240552,-0.033733,0.877053,0.040215,0.477517,15.232552,2.042668,33.59322
923,7.691667,-0.029877,0.963206,0.046153,0.263082,4.183198,84.201309,20.344353,-0.043707,0.977445,0.10496,0.177972,3.55373,91.846306,20.907291,-0.015635,0.980676,0.129628,0.145691,0.978507,112.27446,24.883896,0.094226,0.993807,-0.018951,0.055769,-0.455527,132.514145,30.115953,0.148681,0.973488,-0.167303,-0.047169,2.49934,146.693954,27.858145,-0.021564,0.939235,0.112496,0.323601,-3.994375,126.875473,28.180092,0.441537,-0.569656,0.082467,-0.688285,-17.802794,127.440323,17.465275,0.224618,0.077982,-0.504657,-0.829932,-9.425332,112.130402,-0.198044,0.287794,0.17586,-0.588911,-0.73446,3.265509,135.277649,-2.778706,-0.015658,0.973756,0.174566,0.145196,3.130868,126.822571,30.337673,0.360022,0.865889,0.13737,-0.318983,19.872078,126.469376,35.378105,0.033273,0.148598,0.462817,-0.873277,33.212894,113.164032,19.205328,0.041254,-0.081142,0.673756,-0.733326,20.312298,132.693268,12.103501,0.071734,0.928067,0.233637,0.280997,-3.881525,83.889236,15.564725,0.115273,0.987612,-0.033121,0.101179,-3.9484,51.976849,-1.613078,0.017714,0.974735,0.076613,0.209066,-15.097202,5.780682,0.38915,-0.084297,0.944557,0.018049,0.31683,12.247922,84.51339,25.123981,0.08284,0.883381,-0.223598,0.403459,18.433819,48.810089,25.824154,-0.033973,0.877055,0.040228,0.477495,2.890523,6.654382,41.434814,0.017714,0.974735,0.076613,0.209066,-9.339838,1.756336,-13.241304,-0.033973,0.877055,0.040228,0.477495,15.234208,2.040581,33.594017
924,7.7,-0.029893,0.963205,0.046188,0.263077,4.170948,84.200119,20.344706,-0.043792,0.977433,0.105019,0.177985,3.541112,91.845055,20.908098,-0.01555,0.980681,0.129601,0.145694,0.961755,112.273621,24.88665,0.094356,0.993786,-0.01906,0.055887,-0.468629,132.513718,30.118135,0.148608,0.973474,-0.167503,-0.046978,2.490589,146.692215,27.857792,-0.021561,0.939236,0.112512,0.323593,-4.008502,126.875618,28.182495,0.441512,-0.569658,0.082498,-0.688296,-17.817112,127.440704,17.467934,0.224674,0.077984,-0.504598,-0.829953,-9.439984,112.130341,-0.195169,0.287959,0.175744,-0.58878,-0.734529,3.254154,135.276077,-2.776487,-0.015703,0.973752,0.1746,0.145175,3.116766,126.821518,30.339962,0.36011,0.865861,0.136942,-0.319145,19.858137,126.469803,35.379974,0.033125,0.148737,0.462981,-0.873172,33.190659,113.15551,19.20772,0.041233,-0.081084,0.673841,-0.733256,20.299683,132.689987,12.103926,0.071648,0.928078,0.233723,0.280912,-3.893814,83.887924,15.565146,0.115198,0.987625,-0.033128,0.101143,-3.954648,51.977562,-1.616442,0.017675,0.974742,0.076558,0.209055,-15.096453,5.779782,0.387568,-0.084354,0.944555,0.018101,0.316816,12.23571,84.512314,25.124264,0.082776,0.883413,-0.223555,0.403426,18.42668,48.809845,25.822073,-0.033636,0.877052,0.040333,0.477517,2.89081,6.651309,41.432495,0.017675,0.974742,0.076558,0.209055,-9.339153,1.754066,-13.242512,-0.033636,0.877052,0.040333,0.477517,15.23228,2.035412,33.589432
925,7.708333,-0.029965,0.963191,0.046179,0.263121,4.157217,84.200378,20.347973,-0.043864,0.977423,0.104984,0.178039,3.526315,91.845261,20.910912,-0.015444,0.980679,0.129581,0.145733,0.9438,112.275871,24.887737,0.094189,0.993802,-0.019079,0.055883,-0.482341,132.516327,30.119011,0.148829,0.973418,-0.167643,-0.046942,2.47209,146.695679,27.85784,-0.021558,0.93924,0.112457,0.323601,-4.023372,126.878998,28.183233,0.44151,-0.569643,0.082618,-0.688295,-17.831812,127.443588,17.468426,0.224769,0.077973,-0.504524,-0.829973,-9.454832,112.129524,-0.191526,0.288047,0.175735,-0.588699,-0.734561,3.243343,135.272827,-2.774897,-0.015694,0.973741,0.174652,0.145186,3.101777,126.823334,30.341059,0.360139,0.865872,0.136898,-0.3191,19.843044,126.47097,35.381363,0.03326,0.148702,0.462984,-0.873171,33.175945,113.154221,19.211439,0.041367,-0.081167,0.674051,-0.733046,20.284197,132.688599,12.10583,0.071598,0.928126,0.23372,0.28077,-3.907026,83.886879,15.567623,0.115043,0.98767,-0.033041,0.100903,-3.96724,51.975895,-1.612803,0.017676,0.974748,0.076711,0.20897,-15.09341,5.774179,0.38735,-0.084412,0.94456,0.018162,0.316783,12.221459,84.513885,25.128323,0.082672,0.883391,-0.22351,0.403521,18.417776,48.812283,25.823099,-0.033974,0.877077,0.040137,0.477462,2.890514,6.650228,41.432571,0.017676,0.974748,0.076711,0.20897,-9.338034,1.753001,-13.244883,-0.033974,0.877077,0.040137,0.477462,15.233238,2.0341,33.591618
926,7.716667,-0.029997,0.963189,0.046263,0.263109,4.144532,84.200203,20.349289,-0.043867,0.977436,0.104941,0.177995,3.51283,91.844933,20.913338,-0.015439,0.980682,0.129629,0.145673,0.930259,112.279282,24.889168,0.094339,0.99379,-0.019044,0.055856,-0.495646,132.519226,30.122507,0.148801,0.973381,-0.167865,-0.047006,2.462936,146.697906,27.862505,-0.02154,0.939222,0.11245,0.323658,-4.036802,126.881996,28.18664,0.441329,-0.569699,0.08283,-0.688339,-17.843988,127.447334,17.470255,0.224713,0.077848,-0.504413,-0.830067,-9.471944,112.129715,-0.188959,0.288047,0.175641,-0.58865,-0.734623,3.233355,135.269211,-2.774653,-0.015615,0.973726,0.174662,0.145284,3.088614,126.826271,30.343584,0.360153,0.865879,0.136879,-0.319072,19.828978,126.470551,35.386654,0.03329,0.148781,0.463057,-0.873118,33.16227,113.152573,19.218067,0.041561,-0.081092,0.673906,-0.733177,20.274643,132.68898,12.108528,0.071563,0.928113,0.233847,0.280713,-3.919794,83.886528,15.569091,0.114978,0.987659,-0.033131,0.101055,-3.975949,51.979507,-1.618709,0.01741,0.974762,0.076665,0.208948,-15.097269,5.776945,0.388779,-0.084527,0.94455,0.01831,0.316772,12.208858,84.513878,25.129486,0.082693,0.883465,-0.223567,0.403323,18.416426,48.814083,25.816685,-0.033827,0.877051,0.040179,0.477518,2.888827,6.654763,41.433224,0.01741,0.974762,0.076665,0.208948,-9.339997,1.755897,-13.24269,-0.033827,0.877051,0.040179,0.477518,15.231392,2.037639,33.592613
927,7.725,-0.030054,0.963176,0.046438,0.263122,4.133654,84.200844,20.348099,-0.04401,0.977439,0.104982,0.177919,3.500395,91.845268,20.914505,-0.015295,0.980699,0.129677,0.145529,0.911234,112.284698,24.892267,0.094459,0.993779,-0.019145,0.055813,-0.508261,132.524292,30.128633,0.148762,0.973352,-0.168078,-0.046963,2.453672,146.701843,27.865803,-0.021608,0.939164,0.11243,0.323828,-4.051357,126.888145,28.193205,0.441277,-0.569824,0.082892,-0.688262,-17.854578,127.451744,17.471617,0.224753,0.077811,-0.504276,-0.830143,-9.490106,112.131081,-0.188543,0.288052,0.175675,-0.588546,-0.734696,3.222351,135.265305,-2.774872,-0.015579,0.973732,0.174651,0.145259,3.074746,126.830498,30.347824,0.360164,0.865894,0.13673,-0.319083,19.815405,126.47377,35.389847,0.033288,0.148851,0.463102,-0.873082,33.147942,113.152756,19.223141,0.041698,-0.081018,0.673836,-0.733241,20.264227,132.688873,12.111268,0.071511,0.928167,0.233871,0.28053,-3.930484,83.887024,15.567594,0.114893,0.987676,-0.033144,0.10098,-3.98601,51.980282,-1.620717,0.017541,0.974744,0.076749,0.208986,-15.09939,5.775938,0.389674,-0.084597,0.944524,0.018308,0.316831,12.197791,84.514656,25.128603,0.082643,0.883465,-0.223545,0.403345,18.409985,48.815712,25.817982,-0.033877,0.877021,0.040328,0.477557,2.886987,6.654662,41.434414,0.017541,0.974744,0.076749,0.208986,-9.342134,1.756585,-13.242303,-0.033877,0.877021,0.040328,0.477557,15.231312,2.042077,33.593899
928,7.733333,-0.030107,0.963184,0.046512,0.263073,4.121503,84.202789,20.348892,-0.043949,0.977451,0.104977,0.177868,3.487192,91.847061,20.916204,-0.01542,0.980703,0.129665,0.1455,0.901004,112.285042,24.894056,0.094585,0.993767,-0.019173,0.055791,-0.523391,132.524628,30.1292,0.148855,0.973323,-0.168146,-0.047026,2.442082,146.701309,27.865707,-0.021553,0.939171,0.112437,0.323808,-4.065135,126.887466,28.19421,0.441631,-0.569868,0.082668,-0.688025,-17.868889,127.452866,17.473406,0.225022,0.07791,-0.504208,-0.830102,-9.505062,112.129829,-0.18502,0.28807,0.175703,-0.588469,-0.734744,3.208564,135.259293,-2.773226,-0.015567,0.973735,0.174632,0.145264,3.061037,126.831711,30.348652,0.360163,0.865925,0.136269,-0.319199,19.801653,126.47464,35.390793,0.033133,0.148953,0.463196,-0.873021,33.130585,113.146629,19.226881,0.041821,-0.080984,0.673835,-0.733239,20.252115,132.687103,12.114166,0.071438,0.928173,0.233903,0.280503,-3.943049,83.888336,15.569126,0.114861,0.98769,-0.033117,0.100894,-3.993544,51.981895,-1.619771,0.017252,0.974738,0.076723,0.209048,-15.103534,5.776682,0.389374,-0.084698,0.944507,0.018346,0.316854,12.186055,84.51725,25.128656,0.082584,0.883461,-0.223525,0.403378,18.405943,48.819637,25.817915,-0.033912,0.877021,0.040307,0.477556,2.887997,6.656826,41.434628,0.017252,0.974738,0.076723,0.209048,-9.341848,1.758105,-13.240962,-0.033912,0.877021,0.040307,0.477556,15.232539,2.044202,33.594471
929,7.741667,-0.030113,0.963193,0.04656,0.26303,4.108298,84.20079,20.350939,-0.044032,0.977454,0.10499,0.177824,3.473733,91.844986,20.91897,-0.015313,0.980718,0.129639,0.145435,0.883899,112.284935,24.89728,0.094696,0.993761,-0.019106,0.055746,-0.535597,132.524933,30.13212,0.148819,0.973285,-0.168377,-0.047106,2.432786,146.701324,27.870577,-0.021569,0.939151,0.112449,0.323862,-4.078781,126.888443,28.197838,0.441688,-0.569971,0.082641,-0.687907,-17.881302,127.453659,17.475435,0.225109,0.077863,-0.504096,-0.830151,-9.523069,112.128174,-0.183505,0.288106,0.175609,-0.588342,-0.734854,3.196919,135.253769,-2.774595,-0.015538,0.973747,0.174547,0.145287,3.047721,126.831314,30.351156,0.360381,0.865831,0.136667,-0.319038,19.788139,126.473572,35.393917,0.033532,0.1488,0.463274,-0.87299,33.114357,113.143066,19.229826,0.042075,-0.081029,0.673833,-0.733221,20.238277,132.681931,12.11532,0.071354,0.928178,0.234007,0.280421,-3.956677,83.886429,15.57188,0.114805,0.987701,-0.033119,0.100849,-4.000782,51.982655,-1.621974,0.017351,0.974734,0.076694,0.20907,-15.105515,5.776227,0.388416,-0.084745,0.94456,0.018367,0.316683,12.173273,84.51516,25.129997,0.082545,0.883532,-0.223481,0.403254,18.396971,48.818188,25.81777,-0.03393,0.87703,0.040383,0.477531,2.886085,6.652865,41.434704,0.017351,0.974734,0.076694,0.20907,-9.344263,1.756228,-13.241681,-0.03393,0.87703,0.040383,0.477531,15.230671,2.042437,33.59333
930,7.75,-0.030129,0.96319,0.046539,0.263042,4.095909,84.198723,20.351746,-0.044041,0.977456,0.105012,0.177799,3.461185,91.842941,20.919386,-0.015319,0.980727,0.129606,0.145401,0.870775,112.284065,24.898869,0.094764,0.993751,-0.019173,0.055779,-0.548606,132.524414,30.132389,0.148822,0.973265,-0.168511,-0.047031,2.421942,146.700073,27.869141,-0.021421,0.939136,0.112603,0.32386,-4.091853,126.887741,28.19874,0.441736,-0.570011,0.082773,-0.687826,-17.894638,127.459572,17.477032,0.225208,0.077739,-0.504023,-0.83018,-9.539772,112.12764,-0.177893,0.288129,0.175527,-0.588191,-0.734986,3.184437,135.248428,-2.775912,-0.015509,0.973763,0.174416,0.145342,3.034792,126.830849,30.351582,0.360415,0.865834,0.13646,-0.319078,19.774679,126.472427,35.396038,0.033616,0.148863,0.463252,-0.872988,33.098408,113.137367,19.23365,0.042096,-0.081032,0.673827,-0.733225,20.22242,132.674255,12.114661,0.071226,0.928209,0.234104,0.280269,-3.968925,83.883972,15.572479,0.114722,0.987721,-0.033125,0.10074,-4.005223,51.982151,-1.62503,0.017211,0.974756,0.076686,0.208984,-15.102121,5.773962,0.388018,-0.084807,0.944586,0.01843,0.316584,12.160742,84.513481,25.131012,0.082414,0.883468,-0.223471,0.403426,18.390156,48.817436,25.815245,-0.033979,0.877036,0.040344,0.477521,2.887528,6.649649,41.433716,0.017211,0.974756,0.076686,0.208984,-9.341846,1.754592,-13.242677,-0.033979,0.877036,0.040344,0.477521,15.2322,2.038913,33.592667
931,7.758333,-0.030197,0.963194,0.046558,0.263016,4.083557,84.195175,20.351856,-0.044093,0.977454,0.10502,0.177792,3.447769,91.839302,20.919514,-0.015253,0.980737,0.129549,0.145393,0.854673,112.284279,24.899752,0.094833,0.993738,-0.019229,0.05588,-0.561625,132.52533,30.131414,0.148732,0.973254,-0.168702,-0.046861,2.411364,146.700302,27.867008,-0.021382,0.939159,0.112601,0.323798,-4.105747,126.888977,28.198412,0.441315,-0.569968,0.083228,-0.688077,-17.909994,127.4618,17.478638,0.225024,0.077461,-0.503992,-0.830275,-9.556439,112.12616,-0.173691,0.288233,0.175355,-0.588039,-0.735108,3.173569,135.247284,-2.778641,-0.015525,0.973776,0.174303,0.145387,3.020963,126.831268,30.351023,0.360437,0.86588,0.136041,-0.319109,19.760378,126.473709,35.397121,0.033685,0.148964,0.463163,-0.873015,33.082355,113.130486,19.240023,0.042042,-0.081011,0.673937,-0.733129,20.203165,132.664368,12.114779,0.071135,0.928222,0.234204,0.280166,-3.981463,83.879265,15.572977,0.114638,0.987736,-0.033143,0.100688,-4.01143,51.979935,-1.629156,0.017155,0.974765,0.076668,0.20895,-15.100516,5.77001,0.386986,-0.084856,0.944604,0.018477,0.316515,12.148576,84.511093,25.130733,0.082375,0.88354,-0.223416,0.403308,18.382484,48.815777,25.812424,-0.03403,0.87702,0.040396,0.477543,2.887173,6.645054,41.430241,0.017155,0.974765,0.076668,0.20895,-9.340663,1.750452,-13.243834,-0.03403,0.87702,0.040396,0.477543,15.232916,2.036379,33.589657
932,7.766667,-0.030166,0.963174,0.046639,0.26308,4.066414,84.194008,20.351631,-0.043768,0.977458,0.105022,0.177851,3.43072,91.838036,20.92057,-0.015496,0.980723,0.129481,0.145521,0.851185,112.280182,24.902435,0.094784,0.993738,-0.019218,0.055956,-0.575345,132.521652,30.12965,0.14883,0.973233,-0.168732,-0.046864,2.396541,146.69693,27.865726,-0.021223,0.939217,0.11267,0.323616,-4.116465,126.883438,28.196632,0.441307,-0.569979,0.08325,-0.688071,-17.92506,127.461517,17.482744,0.225115,0.077388,-0.503958,-0.830277,-9.572309,112.125145,-0.169335,0.288386,0.17531,-0.588006,-0.735084,3.159787,135.24382,-2.779421,-0.015526,0.973792,0.174203,0.145403,3.009583,126.829163,30.351526,0.360414,0.865898,0.135969,-0.319115,19.748835,126.472046,35.398182,0.033955,0.148793,0.46305,-0.873093,33.071442,113.128372,19.241976,0.04236,-0.081124,0.674148,-0.732904,20.184334,132.658035,12.117358,0.070908,0.928263,0.234227,0.280068,-3.998003,83.87912,15.571666,0.114514,0.987801,-0.033059,0.100213,-4.014087,51.978214,-1.62757,0.017272,0.974798,0.076781,0.208745,-15.09,5.765059,0.387294,-0.085029,0.944617,0.018565,0.316423,12.13083,84.508888,25.131596,0.082266,0.883453,-0.223413,0.403521,18.378557,48.815945,25.810646,-0.034089,0.877019,0.040329,0.477545,2.888621,6.6434,41.428871,0.017272,0.974798,0.076781,0.208745,-9.336576,1.748355,-13.247082,-0.034089,0.877019,0.040329,0.477545,15.234653,2.033855,33.589252
933,7.775,-0.030194,0.963168,0.046674,0.263091,4.053296,84.195137,20.353003,-0.04401,0.977449,0.104998,0.177855,3.41704,91.839096,20.922352,-0.015211,0.980732,0.129521,0.145457,0.826967,112.286591,24.902555,0.094841,0.993728,-0.019385,0.055986,-0.587746,132.528,30.133265,0.14882,0.973223,-0.168848,-0.046692,2.386111,146.702118,27.864719,-0.021527,0.939206,0.112699,0.323616,-4.132254,126.89196,28.200075,0.441399,-0.569977,0.083153,-0.688025,-17.940405,127.460388,17.4851,0.22522,0.077409,-0.503922,-0.830269,-9.58674,112.124954,-0.167353,0.288427,0.175302,-0.588062,-0.735025,3.146806,135.241989,-2.778887,-0.015413,0.9738,0.174199,0.145362,2.9942,126.833557,30.35351,0.36039,0.865951,0.135685,-0.31912,19.73399,126.472878,35.398132,0.033899,0.148839,0.46299,-0.87312,33.057259,113.124825,19.246098,0.0424,-0.080993,0.674112,-0.73295,20.167391,132.653885,12.120332,0.070918,0.928216,0.234256,0.280197,-4.010987,83.879936,15.572837,0.114394,0.9878,-0.03307,0.100355,-4.024696,51.980103,-1.628381,0.017343,0.97479,0.076817,0.208766,-15.089814,5.764401,0.387048,-0.085088,0.944579,0.01865,0.316517,12.117579,84.510338,25.133169,0.08217,0.883418,-0.223429,0.403608,18.371199,48.818352,25.808371,-0.034121,0.877008,0.04032,0.477564,2.887158,6.644979,41.430187,0.017343,0.97479,0.076817,0.208766,-9.336434,1.748322,-13.247526,-0.034121,0.877008,0.04032,0.477564,15.233782,2.035659,33.591377
934,7.783333,-0.030227,0.963166,0.046723,0.263087,4.041939,84.195374,20.353313,-0.043781,0.977461,0.104989,0.177851,3.405002,91.839233,20.92325,-0.015488,0.98072,0.129515,0.145514,0.824947,112.283348,24.904009,0.094924,0.99372,-0.01925,0.056026,-0.601441,132.52446,30.132664,0.148799,0.973206,-0.168941,-0.046775,2.374786,146.698761,27.868271,-0.021474,0.939218,0.112818,0.323545,-4.142608,126.886383,28.199308,0.441066,-0.569983,0.083403,-0.688204,-17.952446,127.457619,17.486656,0.225023,0.07728,-0.503927,-0.830331,-9.601161,112.1222,-0.166948,0.288427,0.17534,-0.588018,-0.735052,3.133579,135.239426,-2.778769,-0.015473,0.973798,0.174163,0.145412,2.983473,126.83194,30.354082,0.360344,0.865988,0.135683,-0.319072,19.722687,126.47319,35.400753,0.034088,0.148823,0.462868,-0.87318,33.049114,113.126083,19.250526,0.042608,-0.080982,0.673919,-0.733116,20.153896,132.649368,12.121142,0.070838,0.928242,0.234245,0.280141,-4.022346,83.879814,15.573173,0.114269,0.987821,-0.033028,0.100308,-4.031984,51.978813,-1.625882,0.017122,0.974825,0.076943,0.208574,-15.085074,5.760133,0.387402,-0.085184,0.944577,0.018644,0.316497,12.106225,84.510933,25.133455,0.0821,0.8834,-0.223402,0.403678,18.366177,48.820107,25.81118,-0.034391,0.877043,0.040211,0.477488,2.887712,6.644461,41.432423,0.017122,0.974825,0.076943,0.208574,-9.334399,1.749117,-13.249807,-0.034391,0.877043,0.040211,0.477488,15.234974,2.036174,33.594002
935,7.791667,-0.030269,0.963174,0.046742,0.263049,4.029213,84.19445,20.354717,-0.04358,0.977473,0.104966,0.177845,3.391588,91.838242,20.924789,-0.015727,0.980718,0.129433,0.145575,0.82039,112.279938,24.905539,0.094786,0.993727,-0.019368,0.056108,-0.615627,132.521637,30.129326,0.148947,0.973202,-0.168873,-0.046634,2.357142,146.696121,27.861559,-0.02116,0.939252,0.112667,0.32352,-4.154024,126.881599,28.196594,0.441089,-0.569988,0.083514,-0.688171,-17.964891,127.461288,17.485722,0.225017,0.077196,-0.503949,-0.830327,-9.614824,112.121452,-0.164609,0.288381,0.175255,-0.588136,-0.734995,3.11911,135.23793,-2.780236,-0.015491,0.973793,0.174104,0.145518,2.971681,126.830696,30.352705,0.360429,0.86597,0.135781,-0.318983,19.709797,126.472183,35.40303,0.034239,0.148805,0.462825,-0.8732,33.036011,113.122688,19.25461,0.042648,-0.080864,0.673771,-0.733263,20.138414,132.643845,12.122396,0.070751,0.928292,0.234337,0.279919,-4.035391,83.878181,15.575162,0.114172,0.987833,-0.03304,0.100298,-4.041362,51.979412,-1.628025,0.017288,0.974801,0.077002,0.208649,-15.085566,5.758703,0.387481,-0.085268,0.944606,0.018701,0.316385,12.093819,84.510719,25.134274,0.082047,0.883398,-0.223388,0.4037,18.360909,48.821095,25.809298,-0.03423,0.877003,0.040418,0.477556,2.886997,6.644037,41.431217,0.017288,0.974801,0.077002,0.208649,-9.334333,1.74843,-13.24971,-0.03423,0.877003,0.040418,0.477556,15.234868,2.038761,33.591988
936,7.8,-0.030227,0.963151,0.046757,0.263136,4.015591,84.193924,20.353657,-0.043896,0.977443,0.104971,0.177932,3.378481,91.83773,20.924063,-0.015367,0.98072,0.129454,0.14558,0.792965,112.285927,24.903856,0.094976,0.993705,-0.019393,0.056166,-0.628419,132.527847,30.130703,0.148845,0.97318,-0.169113,-0.046554,2.350042,146.701111,27.862743,-0.021394,0.939202,0.112774,0.32361,-4.170931,126.890587,28.197453,0.441066,-0.569938,0.083701,-0.688205,-17.97941,127.464211,17.483175,0.225077,0.077165,-0.50396,-0.830307,-9.628051,112.119606,-0.162396,0.288555,0.175175,-0.588147,-0.734937,3.10602,135.236786,-2.781316,-0.015415,0.973807,0.174071,0.145474,2.954916,126.834366,30.352953,0.36044,0.866028,0.135364,-0.318989,19.693565,126.47374,35.401363,0.0343,0.148993,0.462769,-0.873195,33.019192,113.116165,19.25913,0.042598,-0.080897,0.673738,-0.733292,20.121386,132.634613,12.117435,0.07073,0.928237,0.234337,0.280107,-4.048209,83.878578,15.572686,0.114126,0.987826,-0.033071,0.100401,-4.049278,51.979565,-1.630068,0.017052,0.974804,0.076926,0.208684,-15.089684,5.75805,0.387669,-0.085343,0.944586,0.018705,0.316424,12.079392,84.509262,25.134626,0.081977,0.883442,-0.2233,0.403668,18.351629,48.820576,25.81138,-0.034075,0.876995,0.04053,0.477572,2.887337,6.638697,41.429798,0.017052,0.974804,0.076926,0.208684,-9.33538,1.74684,-13.247949,-0.034075,0.876995,0.04053,0.477572,15.234571,2.034091,33.58918
937,7.808333,-0.030244,0.963155,0.04671,0.263126,4.004828,84.191864,20.355093,-0.04394,0.977448,0.10497,0.177895,3.367656,91.835724,20.924736,-0.015363,0.980734,0.129407,0.145532,0.780329,112.285019,24.904459,0.094985,0.993705,-0.019386,0.056143,-0.640347,132.527466,30.129517,0.148896,0.973155,-0.169207,-0.046561,2.338251,146.700699,27.861679,-0.021427,0.939207,0.112742,0.323606,-4.183104,126.890038,28.197151,0.441137,-0.569943,0.083681,-0.688158,-17.991634,127.462196,17.482864,0.225111,0.077152,-0.503954,-0.830303,-9.640409,112.116325,-0.161672,0.288572,0.175054,-0.588144,-0.734962,3.094406,135.233597,-2.782086,-0.015371,0.973826,0.173908,0.145543,2.942956,126.833961,30.351952,0.360493,0.866024,0.13514,-0.319036,19.680952,126.472237,35.402443,0.034648,0.148883,0.462725,-0.873223,33.003216,113.10923,19.261951,0.042965,-0.081027,0.674083,-0.732939,20.101326,132.624832,12.116649,0.070614,0.928254,0.234437,0.279997,-4.059051,83.875961,15.574291,0.114038,0.987854,-0.033046,0.100237,-4.052248,51.97916,-1.632561,0.016926,0.974825,0.076864,0.208618,-15.083983,5.755589,0.385496,-0.085358,0.944581,0.018753,0.316432,12.068707,84.507767,25.135895,0.081862,0.883433,-0.223228,0.40375,18.343023,48.819389,25.809734,-0.034023,0.876963,0.040538,0.477635,2.889499,6.632653,41.425697,0.016926,0.974825,0.076864,0.208618,-9.330397,1.743328,-13.250117,-0.034023,0.876963,0.040538,0.477635,15.237406,2.027553,33.586426
938,7.816667,-0.030221,0.963165,0.046643,0.263104,3.991314,84.191895,20.355696,-0.043897,0.977453,0.104982,0.177867,3.354775,91.835876,20.924461,-0.015344,0.980741,0.129381,0.145507,0.76936,112.284378,24.904922,0.095037,0.993701,-0.019328,0.056146,-0.65026,132.52713,30.129047,0.14887,0.97313,-0.169369,-0.046573,2.329777,146.700348,27.862974,-0.021403,0.939219,0.112762,0.323565,-4.193338,126.889755,28.197155,0.441133,-0.569943,0.083714,-0.688156,-18.002832,127.462769,17.484144,0.225131,0.077083,-0.503963,-0.830298,-9.651845,112.115921,-0.159663,0.288662,0.174938,-0.588116,-0.734976,3.08264,135.232056,-2.783688,-0.015324,0.973833,0.173776,0.145657,2.932839,126.833511,30.351576,0.360507,0.866033,0.134986,-0.319061,19.669727,126.470169,35.405655,0.034792,0.14899,0.46269,-0.873218,32.9907,113.104118,19.266609,0.043067,-0.080906,0.67414,-0.732895,20.088963,132.616608,12.113668,0.070484,0.928249,0.234418,0.280061,-4.072808,83.87606,15.575292,0.113977,0.987873,-0.032964,0.100145,-4.056554,51.977314,-1.627937,0.017085,0.974819,0.076882,0.208625,-15.081662,5.751893,0.384043,-0.085436,0.944539,0.018798,0.316532,12.055436,84.507729,25.136099,0.081778,0.883431,-0.223164,0.403807,18.335983,48.820435,25.809332,-0.03416,0.876971,0.040465,0.477617,2.890763,6.629655,41.422607,0.017085,0.974819,0.076882,0.208625,-9.329393,1.739263,-13.252022,-0.03416,0.876971,0.040465,0.477617,15.239284,2.024614,33.584255
939,7.825,-0.030308,0.963161,0.046659,0.263106,3.981544,84.192886,20.355923,-0.043882,0.977447,0.105015,0.177886,3.343642,91.836754,20.924574,-0.015343,0.980742,0.129334,0.145542,0.758526,112.285042,24.906429,0.095043,0.9937,-0.019266,0.056171,-0.660949,132.528305,30.128613,0.148874,0.973112,-0.16947,-0.046584,2.319272,146.701782,27.864418,-0.021461,0.939236,0.112872,0.323475,-4.204034,126.890854,28.196991,0.441188,-0.569939,0.083675,-0.688128,-18.015476,127.462814,17.48645,0.225198,0.077023,-0.503941,-0.830299,-9.663992,112.115906,-0.157066,0.288639,0.174954,-0.588051,-0.735034,3.071845,135.230011,-2.785153,-0.015284,0.973849,0.173672,0.14568,2.921991,126.834618,30.351908,0.360557,0.866042,0.134709,-0.319098,19.658684,126.470314,35.40654,0.034855,0.149127,0.462748,-0.873161,32.976704,113.097824,19.270397,0.043179,-0.080881,0.674135,-0.732895,20.079229,132.611343,12.110353,0.07043,0.928254,0.234409,0.280065,-4.082453,83.875565,15.575415,0.113939,0.987877,-0.032945,0.100161,-4.062648,51.975929,-1.626177,0.016814,0.974808,0.076902,0.208695,-15.084115,5.749565,0.38421,-0.085464,0.94454,0.018789,0.316523,12.045542,84.510208,25.136429,0.081711,0.883473,-0.223119,0.403753,18.327797,48.823238,25.810852,-0.033934,0.876981,0.040507,0.477611,2.890784,6.629509,41.424263,0.016814,0.974808,0.076902,0.208695,-9.327243,1.738932,-13.250496,-0.033934,0.876981,0.040507,0.477611,15.237329,2.022343,33.584061
940,7.833333,-0.030333,0.963151,0.046725,0.263129,3.970353,84.194984,20.35557,-0.043834,0.977453,0.105002,0.177875,3.331808,91.838745,20.925076,-0.015358,0.980742,0.129348,0.145527,0.748985,112.285759,24.906523,0.095003,0.993708,-0.01926,0.056114,-0.671124,132.528839,30.129232,0.148929,0.973092,-0.16951,-0.046669,2.307736,146.702606,27.864981,-0.021404,0.939236,0.112757,0.323516,-4.214046,126.891289,28.197571,0.441123,-0.569995,0.083707,-0.688121,-18.024632,127.464005,17.485956,0.225165,0.076974,-0.503893,-0.830342,-9.676549,112.116684,-0.158815,0.288598,0.174941,-0.588134,-0.734987,3.062789,135.230118,-2.787558,-0.015331,0.973846,0.173645,0.145725,2.91204,126.835289,30.352295,0.360546,0.866049,0.134873,-0.319022,19.648222,126.472458,35.408733,0.035125,0.149084,0.462572,-0.873251,32.969055,113.102409,19.272877,0.043193,-0.080769,0.674317,-0.73274,20.062933,132.608658,12.108125,0.070336,0.928251,0.234413,0.280096,-4.093394,83.877563,15.574641,0.113873,0.987879,-0.032944,0.100213,-4.066691,51.977123,-1.625438,0.016875,0.974823,0.076951,0.208602,-15.082067,5.749315,0.384939,-0.085523,0.944505,0.018837,0.316609,12.034101,84.512413,25.136501,0.081597,0.883408,-0.22311,0.403923,18.321451,48.826317,25.809565,-0.034046,0.876967,0.040505,0.47763,2.891262,6.630459,41.423962,0.016875,0.974823,0.076951,0.208602,-9.328183,1.739887,-13.251385,-0.034046,0.876967,0.040505,0.47763,15.239148,2.024835,33.584957
941,7.841667,-0.030377,0.963142,0.046732,0.263155,3.960706,84.197044,20.35564,-0.043692,0.97745,0.105015,0.177914,3.32146,91.840752,20.925049,-0.015568,0.980729,0.129326,0.145613,0.74464,112.284554,24.907297,0.095077,0.993698,-0.019222,0.05617,-0.684417,132.527618,30.127678,0.148924,0.973087,-0.169533,-0.046715,2.296739,146.701126,27.864815,-0.021468,0.939248,0.112957,0.32341,-4.224735,126.888512,28.195763,0.441168,-0.570005,0.083532,-0.688105,-18.037626,127.460953,17.487114,0.225187,0.076996,-0.503849,-0.83036,-9.688671,112.118187,-0.161187,0.288516,0.174972,-0.588115,-0.735026,3.052373,135.229675,-2.788888,-0.015376,0.973827,0.173683,0.145804,2.900875,126.835442,30.352121,0.360709,0.86597,0.134775,-0.319095,19.636194,126.47345,35.411446,0.035176,0.149103,0.462651,-0.873204,32.948845,113.096764,19.274357,0.043083,-0.080617,0.674579,-0.732522,20.04587,132.606018,12.107448,0.070338,0.928234,0.234393,0.280168,-4.102727,83.878883,15.574238,0.113777,0.987892,-0.032938,0.100195,-4.075236,51.977802,-1.624644,0.016801,0.974823,0.07699,0.208592,-15.081694,5.747896,0.386352,-0.085586,0.944536,0.018808,0.316501,12.024139,84.515205,25.137043,0.08154,0.883416,-0.223062,0.403944,18.315157,48.829807,25.812853,-0.034062,0.876988,0.040509,0.477588,2.891089,6.631022,41.425365,0.016801,0.974823,0.07699,0.208592,-9.327267,1.740003,-13.250189,-0.034062,0.876988,0.040509,0.477588,15.238389,2.02571,33.58527
942,7.85,-0.030377,0.963131,0.046737,0.263196,3.947856,84.198257,20.354301,-0.043631,0.977449,0.105044,0.17792,3.308568,91.841957,20.923754,-0.015588,0.980731,0.129303,0.145621,0.734052,112.285439,24.907545,0.095047,0.993704,-0.019169,0.056137,-0.695712,132.528717,30.126875,0.148972,0.973068,-0.16958,-0.046792,2.284391,146.702652,27.865377,-0.02142,0.939223,0.112938,0.323491,-4.235825,126.889404,28.195175,0.44116,-0.57002,0.083628,-0.688085,-18.046951,127.463554,17.484335,0.225203,0.077005,-0.503876,-0.830339,-9.699639,112.11747,-0.161874,0.288638,0.17496,-0.588053,-0.735031,3.040048,135.230011,-2.790009,-0.015333,0.973836,0.17357,0.145883,2.889748,126.83667,30.351677,0.360699,0.865988,0.13501,-0.318956,19.624319,126.473305,35.413403,0.035344,0.149138,0.462585,-0.873226,32.941753,113.099495,19.277864,0.04312,-0.080547,0.674604,-0.732504,20.037163,132.603928,12.106083,0.070258,0.928227,0.234371,0.280229,-4.115183,83.880165,15.572223,0.11373,0.987895,-0.032934,0.100225,-4.081706,51.977509,-1.623744,0.017059,0.9748,0.077014,0.208669,-15.083754,5.746541,0.386989,-0.085661,0.944488,0.01883,0.316624,12.010896,84.516357,25.136379,0.081454,0.883388,-0.223005,0.404055,18.307417,48.831947,25.813236,-0.034058,0.876942,0.040499,0.477675,2.890624,6.629401,41.422791,0.017059,0.9748,0.077014,0.208669,-9.329705,1.737865,-13.249487,-0.034058,0.876942,0.040499,0.477675,15.239385,2.023803,33.585148
943,7.858333,-0.030411,0.963122,0.046631,0.263244,3.936648,84.197746,20.355675,-0.043625,0.977447,0.105048,0.177932,3.297257,91.841568,20.923397,-0.015594,0.980737,0.129244,0.145629,0.722892,112.285339,24.907455,0.094903,0.993715,-0.019186,0.056177,-0.70682,132.529266,30.124331,0.14903,0.973053,-0.169645,-0.046681,2.269341,146.703934,27.86223,-0.02135,0.939195,0.112947,0.323574,-4.246941,126.88974,28.193245,0.441248,-0.570023,0.083639,-0.688025,-18.056313,127.466621,17.480284,0.22532,0.077097,-0.503881,-0.830295,-9.709258,112.117851,-0.163706,0.28896,0.174745,-0.588096,-0.734921,3.029472,135.23111,-2.791158,-0.015312,0.973844,0.173458,0.145963,2.878595,126.837219,30.34988,0.360823,0.865943,0.135572,-0.3187,19.612371,126.473251,35.414188,0.035682,0.149017,0.462553,-0.87325,32.933456,113.102081,19.27947,0.043173,-0.080524,0.674696,-0.732419,20.027164,132.601135,12.105949,0.070161,0.928204,0.234408,0.2803,-4.125872,83.878563,15.572795,0.113763,0.987886,-0.032909,0.100285,-4.083768,51.976181,-1.623639,0.016895,0.974781,0.076922,0.208807,-15.088795,5.745778,0.383761,-0.085668,0.944471,0.018813,0.316673,11.999169,84.51693,25.138554,0.081358,0.883417,-0.222881,0.404078,18.295738,48.832561,25.817024,-0.034016,0.876915,0.040665,0.477713,2.891019,6.623295,41.420315,0.016895,0.974781,0.076922,0.208807,-9.32962,1.735192,-13.24999,-0.034016,0.876915,0.040665,0.477713,15.24078,2.021384,33.582085
944,7.866667,-0.030384,0.963117,0.046642,0.263263,3.925822,84.198082,20.354759,-0.043608,0.977439,0.105082,0.177959,3.286775,91.841911,20.922741,-0.015612,0.980739,0.129183,0.145667,0.712637,112.286339,24.908405,0.094842,0.993723,-0.019166,0.056149,-0.717633,132.530884,30.122683,0.149103,0.973037,-0.169648,-0.04676,2.256661,146.706009,27.860964,-0.021316,0.939207,0.112889,0.323562,-4.257557,126.891113,28.192001,0.441183,-0.569994,0.083703,-0.688083,-18.067234,127.468407,17.479471,0.225305,0.077092,-0.503869,-0.830308,-9.719106,112.119698,-0.164056,0.288982,0.174755,-0.588092,-0.734913,3.019797,135.231659,-2.791046,-0.015243,0.973869,0.173305,0.145985,2.8678,126.838898,30.349218,0.360832,0.865937,0.135585,-0.3187,19.601423,126.473221,35.413891,0.035589,0.149114,0.462601,-0.873212,32.922184,113.101997,19.278973,0.042947,-0.080639,0.674637,-0.732474,20.019926,132.602051,12.103852,0.070076,0.928213,0.234408,0.280292,-4.136538,83.879463,15.571581,0.11368,0.987916,-0.032881,0.100087,-4.088881,51.976204,-1.623219,0.016629,0.97481,0.076912,0.208696,-15.08559,5.743837,0.384548,-0.085694,0.944423,0.01882,0.316809,11.988182,84.516701,25.137938,0.081241,0.883398,-0.222796,0.404189,18.286587,48.832668,25.817425,-0.034094,0.876879,0.040673,0.477773,2.892813,6.617957,41.416786,0.016629,0.97481,0.076912,0.208696,-9.326852,1.734532,-13.249757,-0.034094,0.876879,0.040673,0.477773,15.244362,2.017368,33.580612
945,7.875,-0.03045,0.963094,0.046599,0.263347,3.915348,84.200562,20.356873,-0.043641,0.977432,0.105037,0.178013,3.275441,91.844383,20.923897,-0.015578,0.980734,0.129183,0.145704,0.700444,112.286079,24.906734,0.09484,0.99372,-0.019184,0.056195,-0.728658,132.53067,30.121153,0.149082,0.97304,-0.169668,-0.046702,2.245791,146.705704,27.859047,-0.021293,0.939266,0.112746,0.323442,-4.268877,126.891182,28.190178,0.441294,-0.569997,0.083458,-0.688039,-18.081316,127.46711,17.481133,0.225461,0.077214,-0.503762,-0.830319,-9.731303,112.123741,-0.166152,0.289038,0.174817,-0.588111,-0.734862,3.011732,135.232269,-2.790459,-0.015267,0.973877,0.173222,0.14603,2.856338,126.838409,30.347857,0.360781,0.865967,0.135579,-0.31868,19.589472,126.473701,35.414211,0.035365,0.149239,0.462622,-0.873189,32.912712,113.103912,19.280136,0.042718,-0.080592,0.674497,-0.732621,20.013407,132.605484,12.104992,0.070055,0.928192,0.234411,0.280363,-4.146107,83.880623,15.572254,0.113614,0.987933,-0.032841,0.100006,-4.095634,51.977264,-1.622358,0.016747,0.974806,0.076907,0.208705,-15.08567,5.743217,0.383216,-0.085723,0.944416,0.018888,0.316818,11.976803,84.5205,25.141489,0.081129,0.883335,-0.222763,0.40437,18.278746,48.837025,25.81706,-0.033982,0.876872,0.040706,0.47779,2.892302,6.619191,41.415222,0.016747,0.974806,0.076907,0.208705,-9.327849,1.7331,-13.251238,-0.033982,0.876872,0.040706,0.47779,15.24328,2.017853,33.578583
946,7.883333,-0.030473,0.963073,0.046633,0.263414,3.903154,84.204353,20.355597,-0.043583,0.977419,0.105049,0.178094,3.262732,91.848114,20.922985,-0.015591,0.98072,0.129179,0.1458,0.689805,112.288895,24.906345,0.094941,0.993712,-0.019078,0.056204,-0.74032,132.533508,30.120378,0.149048,0.973028,-0.169727,-0.046843,2.236923,146.708496,27.861542,-0.021185,0.939226,0.112768,0.323558,-4.280161,126.89402,28.188736,0.44131,-0.570072,0.083522,-0.687959,-18.090137,127.474213,17.476738,0.225511,0.077304,-0.503659,-0.830359,-9.744878,112.126884,-0.169365,0.288995,0.174947,-0.588099,-0.734857,3.003134,135.233704,-2.789702,-0.015165,0.973883,0.173133,0.146104,2.844632,126.841263,30.347815,0.360782,0.865928,0.135628,-0.318763,19.577127,126.473106,35.41605,0.035225,0.14916,0.462725,-0.873153,32.897697,113.105301,19.278131,0.042662,-0.080705,0.674657,-0.732465,20.001076,132.6129,12.109129,0.069952,0.928186,0.234409,0.280411,-4.157619,83.884232,15.569836,0.113571,0.987927,-0.032857,0.100111,-4.099422,51.979752,-1.622671,0.016947,0.974799,0.076924,0.208715,-15.08584,5.744877,0.383664,-0.085821,0.944348,0.018983,0.316989,11.963926,84.524467,25.141357,0.081018,0.883264,-0.222777,0.404539,18.274555,48.842468,25.813856,-0.034015,0.876885,0.040559,0.477777,2.893852,6.62353,41.414688,0.016947,0.974799,0.076924,0.208715,-9.329672,1.73414,-13.25131,-0.034015,0.876885,0.040559,0.477777,15.244278,2.0189,33.579105
947,7.891667,-0.030577,0.963048,0.046735,0.263474,3.896081,84.20842,20.355011,-0.043653,0.977397,0.105036,0.178206,3.253672,91.851929,20.923441,-0.01563,0.980708,0.129121,0.145929,0.677748,112.290573,24.905039,0.094754,0.993727,-0.019111,0.056242,-0.754309,132.535767,30.116299,0.1493,0.97301,-0.169616,-0.046805,2.217787,146.711639,27.856298,-0.021155,0.939196,0.112756,0.32365,-4.293483,126.89595,28.184376,0.441376,-0.570072,0.083497,-0.68792,-18.101406,127.477394,17.469799,0.225626,0.077528,-0.503597,-0.830345,-9.755981,112.129211,-0.175472,0.289137,0.175079,-0.588053,-0.734807,2.993789,135.236435,-2.788369,-0.015279,0.973851,0.173347,0.146051,2.830732,126.843628,30.345366,0.36071,0.865989,0.135523,-0.318725,19.563641,126.478577,35.412457,0.035006,0.149098,0.46272,-0.873175,32.88797,113.11084,19.277576,0.042594,-0.080784,0.674751,-0.732373,19.989079,132.622116,12.115399,0.069927,0.928192,0.234383,0.280418,-4.163977,83.886986,15.568132,0.113569,0.987915,-0.032862,0.100228,-4.104548,51.981365,-1.622248,0.016706,0.974795,0.076973,0.208736,-15.091005,5.746469,0.383312,-0.085816,0.944334,0.018966,0.317032,11.956139,84.529846,25.141886,0.080952,0.883298,-0.222729,0.404503,18.26598,48.847733,25.815695,-0.034287,0.876908,0.040456,0.477724,2.893183,6.625739,41.416042,0.016706,0.974795,0.076973,0.208736,-9.331775,1.73846,-13.251172,-0.034287,0.876908,0.040456,0.477724,15.244696,2.022326,33.581455
948,7.9,-0.030593,0.963025,0.046746,0.263555,3.883664,84.210129,20.354757,-0.043821,0.97738,0.104944,0.17831,3.240928,91.853607,20.923229,-0.015352,0.980693,0.129209,0.14598,0.657995,112.2957,24.900188,0.094809,0.993718,-0.019078,0.056313,-0.76342,132.540298,30.116653,0.149191,0.973003,-0.169779,-0.046716,2.210503,146.715988,27.857944,-0.021081,0.939152,0.11277,0.323779,-4.305544,126.902878,28.183165,0.441513,-0.570108,0.083527,-0.687799,-18.110668,127.487442,17.465155,0.225712,0.077555,-0.503499,-0.830378,-9.767492,112.134079,-0.17667,0.288942,0.175169,-0.587939,-0.734953,2.986665,135.237518,-2.789208,-0.01526,0.973832,0.173413,0.146102,2.818578,126.846191,30.344355,0.360672,0.865995,0.13578,-0.318643,19.550982,126.479843,35.41301,0.034943,0.148995,0.462737,-0.873186,32.879288,113.117172,19.277214,0.042544,-0.080945,0.674776,-0.732336,19.979542,132.630219,12.120669,0.069904,0.928175,0.234378,0.280485,-4.175575,83.88855,15.566513,0.113502,0.987902,-0.03288,0.10043,-4.113508,51.982521,-1.623119,0.016662,0.974778,0.076994,0.208814,-15.094404,5.746299,0.382487,-0.085929,0.944324,0.019011,0.317029,11.942903,84.531708,25.143003,0.0809,0.883272,-0.222707,0.404584,18.261496,48.851128,25.816315,-0.034235,0.876889,0.040513,0.477757,2.89239,6.627375,41.415554,0.016662,0.974778,0.076994,0.208814,-9.332568,1.739085,-13.25113,-0.034235,0.876889,0.040513,0.477757,15.244251,2.024677,33.581097
949,7.908333,-0.030562,0.963001,0.046748,0.263647,3.873645,84.209801,20.353634,-0.043835,0.977363,0.104928,0.178408,3.231304,91.85331,20.922194,-0.015329,0.98068,0.129204,0.146074,0.647153,112.298111,24.89864,0.094817,0.993713,-0.019099,0.056388,-0.77381,132.542801,30.114895,0.149202,0.972999,-0.169807,-0.04666,2.200665,146.718307,27.855814,-0.021029,0.939138,0.112726,0.323836,-4.315973,126.905617,28.180746,0.441488,-0.57012,0.083586,-0.687797,-18.119873,127.491631,17.461229,0.225708,0.077614,-0.503467,-0.830393,-9.777901,112.136696,-0.179803,0.289026,0.175089,-0.587898,-0.734972,2.977708,135.240143,-2.78923,-0.015321,0.973794,0.173629,0.146092,2.807753,126.848434,30.343235,0.36054,0.86606,0.135947,-0.318542,19.540201,126.483063,35.411835,0.034829,0.149006,0.462641,-0.87324,32.876404,113.126839,19.277222,0.042343,-0.081143,0.674562,-0.732523,19.973391,132.636398,12.123075,0.069762,0.92816,0.234434,0.280524,-4.184721,83.888885,15.563872,0.113562,0.9879,-0.032904,0.100368,-4.111191,51.983322,-1.626565,0.016917,0.974746,0.076917,0.208968,-15.097729,5.748546,0.381378,-0.085955,0.944307,0.019048,0.31707,11.932011,84.530716,25.143394,0.080799,0.883251,-0.22267,0.404669,18.253174,48.850571,25.815067,-0.034215,0.876865,0.040586,0.477798,2.892344,6.623706,41.414028,0.016917,0.974746,0.076917,0.208968,-9.334419,1.737543,-13.250502,-0.034215,0.876865,0.040586,0.477798,15.245048,2.02262,33.579952
950,7.916667,-0.030579,0.962954,0.046781,0.263811,3.864625,84.2108,20.3538,-0.043828,0.977351,0.104868,0.178511,3.221815,91.854248,20.92267,-0.015312,0.98067,0.129193,0.146153,0.638129,112.298584,24.896271,0.094627,0.993727,-0.019031,0.056474,-0.782487,132.543427,30.112061,0.149184,0.973004,-0.169831,-0.046526,2.186844,146.720306,27.85491,-0.021024,0.939127,0.112728,0.323869,-4.324669,126.906418,28.177437,0.441084,-0.570086,0.083962,-0.688039,-18.127821,127.492752,17.456995,0.22547,0.077489,-0.503469,-0.830469,-9.787047,112.136124,-0.183128,0.289045,0.175106,-0.587705,-0.735115,2.970586,135.24115,-2.791667,-0.015293,0.973764,0.173694,0.146221,2.798715,126.848862,30.341021,0.36044,0.866073,0.136018,-0.318591,19.529873,126.481415,35.413696,0.034554,0.149013,0.462605,-0.873268,32.868122,113.13076,19.27619,0.041996,-0.081182,0.674547,-0.732552,19.963213,132.642059,12.127594,0.069689,0.928164,0.234437,0.280527,-4.192093,83.889923,15.561276,0.113547,0.987897,-0.032917,0.100418,-4.113564,51.983727,-1.627956,0.016819,0.974749,0.076879,0.208975,-15.098858,5.748692,0.380819,-0.085996,0.944286,0.019053,0.317119,11.921345,84.531677,25.146324,0.080753,0.88329,-0.222572,0.404646,18.245373,48.852055,25.81893,-0.034276,0.87685,0.040654,0.477815,2.892326,6.620338,41.412399,0.016819,0.974749,0.076879,0.208975,-9.334488,1.737112,-13.250436,-0.034276,0.87685,0.040654,0.477815,15.246171,2.021864,33.578602
951,7.925,-0.030523,0.962919,0.046647,0.263968,3.849588,84.21093,20.358204,-0.043877,0.977343,0.104796,0.178588,3.208053,91.854622,20.925224,-0.01515,0.980668,0.129205,0.146176,0.622405,112.300705,24.895573,0.094637,0.993728,-0.019083,0.056428,-0.79174,132.545609,30.112835,0.149307,0.972978,-0.169851,-0.046596,2.177734,146.722229,27.85404,-0.021081,0.939079,0.112724,0.324005,-4.335723,126.909889,28.177786,0.441083,-0.570069,0.083995,-0.688049,-18.135723,127.494881,17.453203,0.225559,0.077478,-0.503443,-0.830461,-9.794258,112.137497,-0.185929,0.289208,0.175077,-0.587672,-0.735084,2.964715,135.24118,-2.797009,-0.015317,0.973765,0.1737,0.146204,2.787636,126.849892,30.341393,0.360374,0.866111,0.136141,-0.318508,19.518938,126.483345,35.41367,0.03442,0.149063,0.462667,-0.873232,32.86219,113.1362,19.277382,0.041979,-0.081446,0.674102,-0.732933,19.961258,132.649628,12.130068,0.069564,0.928151,0.234503,0.280542,-4.205644,83.890564,15.563141,0.113522,0.987903,-0.032907,0.100389,-4.117068,51.985359,-1.627898,0.016781,0.974747,0.076896,0.208984,-15.099928,5.749732,0.380562,-0.086027,0.94416,0.019221,0.317479,11.904819,84.531303,25.153267,0.080595,0.883229,-0.222525,0.404839,18.234524,48.852524,25.817541,-0.034472,0.876829,0.04065,0.477839,2.893014,6.616399,41.410439,0.016781,0.974747,0.076896,0.208984,-9.334905,1.738845,-13.250627,-0.034472,0.876829,0.04065,0.477839,15.249038,2.020615,33.578491
952,7.933333,-0.030564,0.962904,0.046697,0.264011,3.842336,84.213188,20.358057,-0.043944,0.977328,0.104798,0.178652,3.199971,91.856766,20.925617,-0.015159,0.980658,0.129209,0.146239,0.61141,112.301758,24.895201,0.094844,0.9937,-0.019189,0.056535,-0.803453,132.5466,30.112505,0.149254,0.97299,-0.169856,-0.046501,2.172502,146.721466,27.851349,-0.021108,0.939027,0.112717,0.324156,-4.347176,126.910889,28.176937,0.441122,-0.570053,0.083993,-0.688038,-18.143711,127.49556,17.447876,0.225685,0.077478,-0.503399,-0.830453,-9.801314,112.137566,-0.190292,0.289369,0.17504,-0.587682,-0.735022,2.960177,135.23999,-2.804297,-0.015336,0.973757,0.173687,0.146272,2.775908,126.850891,30.341457,0.360213,0.866172,0.136278,-0.318465,19.506496,126.484634,35.416119,0.034233,0.149139,0.462562,-0.873283,32.856838,113.145195,19.279314,0.041695,-0.08146,0.674007,-0.733035,19.952291,132.656372,12.132881,0.069627,0.928113,0.234481,0.280671,-4.212423,83.892372,15.56223,0.113454,0.987901,-0.032917,0.100477,-4.126172,51.987057,-1.628621,0.016914,0.974727,0.076916,0.209057,-15.103048,5.750036,0.380472,-0.086105,0.94418,0.019182,0.317398,11.897096,84.534004,25.153885,0.080574,0.883221,-0.222473,0.404888,18.231279,48.856094,25.822056,-0.034419,0.87683,0.040673,0.47784,2.892521,6.617451,41.410839,0.016914,0.974727,0.076916,0.209057,-9.337287,1.738923,-13.250338,-0.034419,0.87683,0.040673,0.47784,15.248181,2.021513,33.578403
953,7.941667,-0.030567,0.962877,0.046817,0.264085,3.830948,84.217155,20.354488,-0.043863,0.977325,0.104793,0.178692,3.188004,91.860558,20.923767,-0.015213,0.980649,0.129221,0.14628,0.602828,112.304245,24.893353,0.094789,0.993699,-0.019259,0.056627,-0.814566,132.548889,30.110731,0.149287,0.972992,-0.16986,-0.046336,2.160286,146.723694,27.847788,-0.021105,0.939012,0.112733,0.324196,-4.357536,126.912857,28.174765,0.441151,-0.570051,0.083988,-0.688021,-18.153175,127.497971,17.444584,0.225794,0.0774,-0.503341,-0.830466,-9.810654,112.139389,-0.193009,0.289384,0.175095,-0.587663,-0.735018,2.954405,135.238724,-2.812559,-0.015447,0.973732,0.173872,0.146207,2.765342,126.853539,30.339972,0.36029,0.86614,0.135886,-0.318633,19.496471,126.490509,35.413063,0.033913,0.149194,0.462778,-0.873171,32.838764,113.14325,19.276077,0.041611,-0.081477,0.674087,-0.732965,19.943226,132.665833,12.134068,0.069607,0.928099,0.234355,0.28083,-4.223072,83.896957,15.557379,0.113379,0.987915,-0.032859,0.100452,-4.135262,51.987152,-1.625119,0.016678,0.974742,0.076951,0.208994,-15.104522,5.748135,0.379484,-0.086208,0.94414,0.01918,0.31749,11.884968,84.537354,25.151598,0.080541,0.883272,-0.222473,0.404783,18.226,48.860722,25.822926,-0.034277,0.87686,0.040728,0.47779,2.891829,6.621557,41.414803,0.016678,0.974742,0.076951,0.208994,-9.338072,1.739398,-13.251731,-0.034277,0.87686,0.040728,0.47779,15.245569,2.024981,33.57972
954,7.95,-0.030569,0.96286,0.046835,0.264147,3.821169,84.219002,20.353716,-0.043807,0.977322,0.104736,0.178752,3.178083,91.862381,20.923212,-0.015283,0.980635,0.129237,0.14635,0.59543,112.30619,24.890654,0.094837,0.993686,-0.01931,0.056759,-0.825303,132.550583,30.108135,0.149299,0.972999,-0.169861,-0.04616,2.151543,146.724823,27.844212,-0.021182,0.938997,0.112731,0.324235,-4.367268,126.914131,28.171509,0.441366,-0.570025,0.083779,-0.68793,-18.161911,127.496864,17.439907,0.225987,0.077428,-0.50331,-0.83043,-9.816157,112.140297,-0.197916,0.289522,0.174918,-0.587744,-0.734941,2.950152,135.238129,-2.821115,-0.015532,0.973719,0.173893,0.146257,2.755275,126.855659,30.337852,0.360154,0.866214,0.135713,-0.318659,19.485809,126.495102,35.413116,0.033627,0.149374,0.462762,-0.87316,32.832134,113.149811,19.277828,0.041482,-0.081349,0.673869,-0.733186,19.938278,132.673569,12.134606,0.069569,0.928078,0.234361,0.280902,-4.232245,83.898918,15.555577,0.113458,0.987859,-0.032923,0.100886,-4.140395,51.988922,-1.626544,0.016742,0.974681,0.07694,0.209275,-15.118508,5.752021,0.378512,-0.086263,0.944116,0.019169,0.317549,11.874582,84.539085,25.151852,0.080496,0.88328,-0.222438,0.404794,18.219036,48.863106,25.825565,-0.034258,0.876865,0.040825,0.477773,2.889733,6.621778,41.416382,0.016742,0.974681,0.07694,0.209275,-9.345071,1.742363,-13.249477,-0.034258,0.876865,0.040825,0.477773,15.243411,2.027424,33.579891
955,7.958333,-0.030585,0.962848,0.046849,0.264186,3.812758,84.222015,20.353533,-0.043804,0.977329,0.104646,0.178768,3.169351,91.865364,20.92314,-0.015347,0.980624,0.129309,0.146356,0.587358,112.310562,24.887007,0.094935,0.993672,-0.019307,0.056843,-0.836445,132.554092,30.107004,0.149294,0.972992,-0.169938,-0.046037,2.143534,146.727753,27.843609,-0.021171,0.938949,0.112743,0.324369,-4.37754,126.917374,28.169567,0.441051,-0.569957,0.08422,-0.688135,-18.16914,127.501175,17.434124,0.225858,0.077191,-0.503307,-0.830489,-9.823236,112.139091,-0.198816,0.289584,0.174782,-0.587787,-0.734914,2.94669,135.237808,-2.829029,-0.015555,0.973701,0.173974,0.146281,2.744947,126.85965,30.336103,0.360087,0.866273,0.13579,-0.318543,19.47521,126.499306,35.412251,0.03364,0.149456,0.462792,-0.873129,32.827629,113.156303,19.280119,0.041641,-0.081426,0.673731,-0.733296,19.935991,132.681015,12.13309,0.069472,0.928092,0.234366,0.280877,-4.240245,83.901749,15.554725,0.113458,0.987858,-0.032921,0.1009,-4.142262,51.990963,-1.625891,0.016761,0.974684,0.076953,0.209258,-15.120392,5.754054,0.378838,-0.086316,0.94413,0.019125,0.317495,11.865761,84.54229,25.152344,0.080489,0.883345,-0.222376,0.404688,18.212868,48.866852,25.829924,-0.034299,0.876894,0.040799,0.477719,2.888273,6.622806,41.417988,0.016761,0.974684,0.076953,0.209258,-9.347582,1.744696,-13.249501,-0.034299,0.876894,0.040799,0.477719,15.241253,2.028343,33.580471
956,7.966667,-0.030609,0.962833,0.04689,0.264228,3.806034,84.2229,20.352049,-0.043779,0.977298,0.104705,0.17891,3.162088,91.866158,20.92214,-0.015487,0.980605,0.129206,0.146559,0.580183,112.310471,24.888128,0.094867,0.993668,-0.019352,0.057011,-0.84986,132.554932,30.102766,0.149464,0.972978,-0.169909,-0.045892,2.128927,146.728714,27.838516,-0.020996,0.93892,0.112746,0.324464,-4.389001,126.917076,28.165075,0.441209,-0.569876,0.084285,-0.688093,-18.178703,127.507042,17.427536,0.22609,0.077164,-0.503262,-0.830456,-9.828734,112.140228,-0.199345,0.289772,0.174649,-0.587779,-0.734878,2.943781,135.236511,-2.83655,-0.015604,0.973699,0.173955,0.146307,2.732534,126.861252,30.334782,0.359968,0.866348,0.135704,-0.318509,19.462469,126.502525,35.412113,0.03353,0.149634,0.462756,-0.873122,32.820179,113.161697,19.282576,0.041584,-0.081316,0.673758,-0.733286,19.929869,132.684601,12.130814,0.069521,0.928064,0.234312,0.281001,-4.246524,83.902458,15.552509,0.113418,0.987847,-0.032934,0.101049,-4.150722,51.99033,-1.625617,0.016587,0.974669,0.077021,0.209317,-15.125515,5.752617,0.378999,-0.086283,0.944087,0.019124,0.317632,11.858591,84.543343,25.15159,0.080358,0.883313,-0.222327,0.40481,18.20331,48.867489,25.829416,-0.03441,0.876899,0.040792,0.477702,2.889328,6.619331,41.416767,0.016587,0.974669,0.077021,0.209317,-9.349225,1.746126,-13.248708,-0.03441,0.876899,0.040792,0.477702,15.242984,2.026279,33.579491
957,7.975,-0.030589,0.962813,0.046898,0.264303,3.796957,84.224335,20.351591,-0.043802,0.977293,0.104662,0.17896,3.15323,91.867599,20.921824,-0.015504,0.980598,0.129216,0.146595,0.570387,112.312935,24.885899,0.094949,0.993651,-0.019407,0.057152,-0.860596,132.557266,30.100796,0.149471,0.972984,-0.169929,-0.045665,2.121168,146.73027,27.835564,-0.021037,0.938897,0.112576,0.324586,-4.39944,126.91935,28.162729,0.441271,-0.569845,0.084262,-0.688082,-18.186325,127.506546,17.421406,0.226215,0.077202,-0.503225,-0.830441,-9.834419,112.139496,-0.204372,0.289968,0.174545,-0.587738,-0.734859,2.940296,135.235641,-2.84293,-0.015624,0.973673,0.174016,0.146407,2.721934,126.863686,30.332985,0.359823,0.866428,0.135427,-0.318573,19.450832,126.504707,35.413734,0.033338,0.149857,0.462734,-0.873103,32.811729,113.164749,19.286118,0.041549,-0.081143,0.673788,-0.73328,19.923042,132.688324,12.128971,0.069443,0.928081,0.234338,0.280944,-4.254879,83.904358,15.550798,0.113405,0.987834,-0.032954,0.101183,-4.154363,51.992332,-1.627502,0.016658,0.974654,0.076957,0.209403,-15.128433,5.75448,0.377685,-0.086323,0.94406,0.019119,0.317701,11.848792,84.544304,25.152386,0.080303,0.883303,-0.222261,0.404879,18.19611,48.868942,25.831938,-0.034639,0.876879,0.040787,0.477725,2.887867,6.617177,41.415138,0.016658,0.974654,0.076957,0.209403,-9.350672,1.745663,-13.248719,-0.034639,0.876879,0.040787,0.477725,15.243954,2.027261,33.579842
958,7.983333,-0.030626,0.96279,0.046958,0.264372,3.789046,84.227547,20.349957,-0.043773,0.977291,0.104604,0.179012,3.144488,91.870697,20.920883,-0.015619,0.980586,0.129226,0.146653,0.563018,112.316833,24.882713,0.095113,0.993629,-0.019339,0.057273,-0.87305,132.560913,30.097229,0.149476,0.97298,-0.169973,-0.045562,2.113806,146.733246,27.834606,-0.02101,0.938855,0.11251,0.324734,-4.410405,126.922226,28.158688,0.441469,-0.56978,0.084234,-0.688012,-18.193966,127.510162,17.413149,0.226417,0.077302,-0.503203,-0.830389,-9.838123,112.140182,-0.208192,0.290061,0.174585,-0.587736,-0.734813,2.936558,135.235413,-2.847637,-0.015638,0.973661,0.174006,0.146497,2.710659,126.86808,30.329994,0.359706,0.866522,0.135427,-0.318451,19.43861,126.509071,35.413845,0.033215,0.150084,0.462677,-0.873099,32.807541,113.171638,19.290798,0.041438,-0.081006,0.673569,-0.733503,19.920033,132.692535,12.127101,0.069467,0.928065,0.234299,0.281023,-4.262061,83.907288,15.547964,0.113354,0.987822,-0.03298,0.101345,-4.162488,51.994167,-1.628311,0.016738,0.97463,0.077018,0.209487,-15.13243,5.755383,0.378031,-0.086369,0.944032,0.019127,0.317772,11.840152,84.547813,25.151951,0.08028,0.883371,-0.222219,0.404758,18.190735,48.873051,25.832506,-0.034568,0.876872,0.040851,0.477737,2.888069,6.619155,41.415424,0.016738,0.97463,0.077018,0.209487,-9.352999,1.747807,-13.248025,-0.034568,0.876872,0.040851,0.477737,15.244001,2.029849,33.579536
959,7.991667,-0.030684,0.96277,0.047044,0.264422,3.78202,84.230713,20.349173,-0.043736,0.977287,0.104541,0.179079,3.136223,91.873672,20.921097,-0.015677,0.98057,0.129255,0.146733,0.556535,112.319901,24.880394,0.095183,0.993617,-0.019344,0.057367,-0.882532,132.563583,30.095608,0.149522,0.972975,-0.169982,-0.045478,2.106708,146.735458,27.833275,-0.021224,0.938832,0.112522,0.32478,-4.418966,126.924622,28.156181,0.441555,-0.569744,0.084083,-0.688005,-18.201159,127.505859,17.408527,0.226469,0.077401,-0.503189,-0.830374,-9.84203,112.13942,-0.21435,0.290048,0.174615,-0.587747,-0.734803,2.932885,135.235519,-2.850797,-0.01575,0.973637,0.174101,0.146534,2.701721,126.871109,30.328733,0.359546,0.866625,0.134894,-0.318577,19.429174,126.515175,35.41444,0.032858,0.150331,0.462625,-0.873097,32.799831,113.175186,19.294935,0.041319,-0.080703,0.673546,-0.733564,19.912323,132.698013,12.128172,0.069423,0.92809,0.234293,0.280955,-4.268529,83.909874,15.546286,0.113323,0.987812,-0.033004,0.101469,-4.167438,51.996094,-1.628749,0.016449,0.974638,0.077067,0.209452,-15.134946,5.756781,0.378769,-0.086465,0.944057,0.019093,0.317672,11.832569,84.551544,25.152058,0.080294,0.883378,-0.222212,0.404745,18.188915,48.877888,25.836519,-0.034545,0.876936,0.040805,0.477624,2.885576,6.623906,41.41851,0.016449,0.974638,0.077067,0.209452,-9.35351,1.752281,-13.247342,-0.034545,0.876936,0.040805,0.477624,15.239121,2.033065,33.579765
960,8.0,-0.030725,0.962754,0.047074,0.26447,3.774249,84.232544,20.348328,-0.043713,0.977279,0.104489,0.179159,3.127694,91.875427,20.920502,-0.015741,0.980552,0.129273,0.14683,0.549056,112.321793,24.87755,0.095182,0.993602,-0.019492,0.05759,-0.893268,132.565201,30.092934,0.149433,0.97301,-0.169956,-0.045127,2.097061,146.736282,27.827068,-0.021186,0.938856,0.112354,0.324772,-4.428691,126.925911,28.152626,0.441627,-0.569682,0.08403,-0.688016,-18.211123,127.506462,17.405245,0.226609,0.077486,-0.503145,-0.830355,-9.848063,112.141106,-0.216717,0.290126,0.174729,-0.587725,-0.734763,2.928095,135.23555,-2.852602,-0.015836,0.973626,0.174105,0.14659,2.69154,126.8731,30.326685,0.359348,0.866754,0.134823,-0.318479,19.41832,126.51973,35.414772,0.032731,0.150468,0.46251,-0.87314,32.799137,113.184189,19.300022,0.041401,-0.080556,0.673363,-0.733743,19.908615,132.703537,12.130219,0.069392,0.928099,0.234276,0.280948,-4.27577,83.911171,15.544594,0.113294,0.987801,-0.033013,0.101602,-4.17307,51.996529,-1.628825,0.016352,0.974644,0.077091,0.209426,-15.138242,5.756649,0.378314,-0.086606,0.944109,0.019028,0.317484,11.824268,84.553917,25.152063,0.080393,0.883501,-0.222158,0.404485,18.188866,48.881855,25.84293,-0.034595,0.876939,0.040817,0.477614,2.883822,6.627104,41.421158,0.016352,0.974644,0.077091,0.209426,-9.356504,1.753391,-13.248031,-0.034595,0.876939,0.040817,0.477614,15.237692,2.037273,33.582333
961,8.008333,-0.030742,0.962737,0.047124,0.264521,3.767671,84.235176,20.347147,-0.043774,0.977273,0.104439,0.179204,3.120636,91.877968,20.919952,-0.015731,0.980548,0.129269,0.146861,0.539572,112.325432,24.874573,0.095258,0.993589,-0.019472,0.05769,-0.902474,132.568893,30.089808,0.149459,0.973004,-0.170005,-0.044984,2.090414,146.739609,27.82498,-0.021219,0.938765,0.112467,0.324995,-4.437946,126.929703,28.149307,0.441771,-0.569657,0.084108,-0.687936,-18.215273,127.511383,17.395432,0.226715,0.077617,-0.503141,-0.830316,-9.851439,112.140205,-0.221086,0.290137,0.174831,-0.587669,-0.734779,2.923514,135.234833,-2.854113,-0.015903,0.973603,0.174167,0.146665,2.682155,126.876701,30.323792,0.35937,0.866779,0.135195,-0.318229,19.408096,126.524803,35.414757,0.032849,0.150431,0.462441,-0.873178,32.796036,113.192093,19.303572,0.041369,-0.080427,0.673431,-0.733697,19.902195,132.708054,12.132684,0.069454,0.928063,0.234223,0.281096,-4.281826,83.913795,15.542531,0.113203,0.987802,-0.03302,0.101697,-4.18169,51.997967,-1.628701,0.016307,0.974646,0.077158,0.209393,-15.138724,5.756176,0.378958,-0.086572,0.944063,0.019066,0.317626,11.817169,84.556549,25.151762,0.080251,0.883436,-0.222171,0.404649,18.180197,48.884159,25.840191,-0.034375,0.87694,0.04092,0.477619,2.883624,6.62781,41.422432,0.016307,0.974646,0.077158,0.209393,-9.357269,1.755167,-13.248174,-0.034375,0.87694,0.04092,0.477619,15.236035,2.037497,33.581585
962,8.016667,-0.030745,0.96273,0.047161,0.264542,3.759349,84.236633,20.345827,-0.043829,0.977258,0.104381,0.179306,3.112108,91.879372,20.919146,-0.015663,0.980528,0.129306,0.14697,0.528624,112.328491,24.870974,0.095239,0.993584,-0.019537,0.057778,-0.91143,132.571655,30.08798,0.149581,0.972996,-0.169975,-0.044871,2.081349,146.742126,27.821535,-0.021338,0.938744,0.112325,0.325095,-4.447359,126.933182,28.146194,0.441721,-0.569572,0.084198,-0.688027,-18.222216,127.50975,17.388893,0.22675,0.077743,-0.503101,-0.830319,-9.854303,112.138367,-0.225508,0.290228,0.174882,-0.587691,-0.734713,2.921997,135.233551,-2.8535,-0.015903,0.973604,0.174126,0.146704,2.672297,126.878883,30.322105,0.359216,0.866903,0.135471,-0.317948,19.397833,126.526978,35.414391,0.032875,0.150531,0.462249,-0.873262,32.800144,113.20118,19.309444,0.041243,-0.080422,0.673211,-0.733907,19.89987,132.70929,12.13384,0.069429,0.928047,0.234213,0.281164,-4.289938,83.915405,15.540854,0.11319,0.987792,-0.033034,0.101798,-4.187067,51.998997,-1.629284,0.016621,0.974622,0.077173,0.209474,-15.143178,5.757007,0.37873,-0.086592,0.944086,0.01906,0.317554,11.808636,84.557861,25.150803,0.080211,0.883469,-0.222135,0.404605,18.172928,48.885708,25.839624,-0.034653,0.876926,0.040809,0.477635,2.881795,6.62722,41.421406,0.016621,0.974622,0.077173,0.209474,-9.362557,1.754627,-13.24835,-0.034653,0.876926,0.040809,0.477635,15.236509,2.038013,33.583542
963,8.025,-0.030772,0.96271,0.047162,0.264608,3.754165,84.237167,20.344547,-0.043849,0.97724,0.10439,0.179394,3.106475,91.879883,20.917725,-0.015657,0.980519,0.129262,0.147067,0.521605,112.330177,24.86978,0.095251,0.993579,-0.019513,0.057862,-0.918458,132.573807,30.084911,0.149643,0.972989,-0.169977,-0.044805,2.074989,146.744293,27.819448,-0.021467,0.938704,0.112324,0.325203,-4.454291,126.935364,28.142893,0.441502,-0.569496,0.084459,-0.688199,-18.226517,127.508141,17.382017,0.226668,0.077811,-0.503126,-0.83032,-9.856479,112.135002,-0.229836,0.290401,0.174952,-0.587598,-0.734702,2.918849,135.233459,-2.853178,-0.01594,0.973599,0.174049,0.146826,2.664944,126.880882,30.320173,0.359113,0.866977,0.1357,-0.317765,19.389191,126.529884,35.416759,0.032986,0.150526,0.462105,-0.873334,32.800961,113.209549,19.315168,0.041299,-0.080389,0.673199,-0.733918,19.894669,132.711563,12.137241,0.069429,0.928056,0.234179,0.281163,-4.29443,83.915527,15.538445,0.113145,0.987803,-0.033023,0.101751,-4.19234,51.997959,-1.629545,0.0165,0.974626,0.077184,0.209465,-15.144089,5.75493,0.378367,-0.086506,0.944043,0.019095,0.317704,11.802761,84.558815,25.15065,0.080049,0.883417,-0.222107,0.404765,18.161926,48.885681,25.836086,-0.034652,0.876902,0.040893,0.477671,2.882467,6.623536,41.419388,0.0165,0.974626,0.077184,0.209465,-9.362505,1.753526,-13.248589,-0.034652,0.876902,0.040893,0.477671,15.238172,2.036491,33.581821
964,8.033333,-0.03077,0.962701,0.047163,0.264642,3.747728,84.237953,20.343908,-0.043852,0.977234,0.104347,0.17945,3.100042,91.880661,20.917093,-0.015676,0.98051,0.129259,0.147129,0.515064,112.331726,24.867338,0.0953,0.993568,-0.019524,0.057958,-0.926086,132.575363,30.08213,0.149649,0.972988,-0.170003,-0.044695,2.069165,146.745483,27.816742,-0.02148,0.938673,0.112277,0.325307,-4.461555,126.936829,28.139696,0.441521,-0.569443,0.08451,-0.688223,-18.231396,127.509071,17.375725,0.226708,0.07791,-0.503115,-0.830307,-9.858808,112.134682,-0.233832,0.290453,0.174999,-0.587517,-0.734735,2.91605,135.233185,-2.853723,-0.015929,0.973588,0.17399,0.146967,2.657403,126.88253,30.317902,0.35904,0.867023,0.135693,-0.317723,19.380217,126.530602,35.419144,0.032843,0.150619,0.462087,-0.873333,32.795914,113.212204,19.319206,0.041179,-0.080351,0.673129,-0.733993,19.889965,132.714691,12.140468,0.069418,0.928069,0.234172,0.281128,-4.300536,83.916382,15.537235,0.113091,0.9878,-0.033038,0.101836,-4.198477,51.998459,-1.630108,0.016504,0.974611,0.077198,0.209529,-15.145501,5.754352,0.37881,-0.08654,0.944005,0.019074,0.317807,11.795991,84.559517,25.150581,0.079985,0.883388,-0.222056,0.404869,18.156923,48.886757,25.838978,-0.034642,0.876903,0.04094,0.477666,2.882843,6.621489,41.419086,0.016504,0.974611,0.077198,0.209529,-9.362185,1.753276,-13.247514,-0.034642,0.876903,0.04094,0.477666,15.238571,2.035503,33.580925
965,8.041667,-0.030781,0.962687,0.04718,0.264689,3.743094,84.241142,20.343975,-0.043852,0.977232,0.104311,0.179484,3.09516,91.88382,20.91733,-0.015711,0.980503,0.129273,0.147161,0.510388,112.334824,24.865952,0.095299,0.993568,-0.0195,0.057972,-0.932457,132.578262,30.081034,0.149716,0.972976,-0.170012,-0.044699,2.062795,146.748505,27.81636,-0.021564,0.938643,0.112233,0.325406,-4.467415,126.939545,28.138233,0.441461,-0.569434,0.084558,-0.688264,-18.234863,127.508926,17.371069,0.226675,0.077977,-0.50309,-0.830324,-9.862163,112.134636,-0.238506,0.290442,0.17507,-0.587487,-0.734747,2.913229,135.232773,-2.854186,-0.016097,0.973583,0.173889,0.147105,2.651383,126.885651,30.316952,0.359131,0.867015,0.135814,-0.317592,19.372581,126.539139,35.423817,0.032933,0.15066,0.462093,-0.873319,32.789177,113.217995,19.32691,0.041166,-0.08019,0.673061,-0.734073,19.884356,132.719299,12.144583,0.069431,0.928099,0.234114,0.281072,-4.304687,83.919518,15.536507,0.113014,0.987812,-0.033012,0.101809,-4.205816,51.999748,-1.627405,0.016179,0.974623,0.077275,0.209467,-15.145421,5.75383,0.380213,-0.08659,0.944071,0.019019,0.317601,11.790875,84.562759,25.151443,0.080014,0.883437,-0.222009,0.404782,18.154072,48.890469,25.84333,-0.034729,0.876903,0.040907,0.477663,2.88084,6.623638,41.420036,0.016179,0.974623,0.077275,0.209467,-9.360393,1.756851,-13.246578,-0.034729,0.876903,0.040907,0.477663,15.237146,2.038042,33.582573
966,8.05,-0.030852,0.96267,0.04727,0.264727,3.739798,84.243011,20.341927,-0.043838,0.977225,0.104291,0.179534,3.090416,91.88549,20.916292,-0.015771,0.98049,0.129298,0.14722,0.506044,112.337662,24.864275,0.095294,0.993562,-0.019549,0.05806,-0.939729,132.58075,30.079901,0.149732,0.972977,-0.170029,-0.044581,2.055814,146.750763,27.814106,-0.02157,0.938602,0.112339,0.325485,-4.473807,126.941719,28.136414,0.441528,-0.569423,0.08456,-0.68823,-18.23946,127.512482,17.367012,0.226793,0.078028,-0.503025,-0.830327,-9.866131,112.136627,-0.240913,0.290433,0.175224,-0.587436,-0.734755,2.912118,135.232666,-2.856625,-0.01618,0.973567,0.173872,0.147222,2.644706,126.888527,30.316097,0.359133,0.867033,0.135834,-0.317532,19.36462,126.544189,35.427349,0.032941,0.150599,0.462108,-0.873322,32.783028,113.222549,19.332352,0.041343,-0.080041,0.673262,-0.733895,19.877422,132.725555,12.152099,0.069451,0.928142,0.234111,0.280929,-4.307529,83.920586,15.533745,0.112949,0.987791,-0.033085,0.10206,-4.212723,52.000938,-1.630422,0.016013,0.974648,0.077309,0.209352,-15.147474,5.75408,0.381891,-0.086624,0.944074,0.018947,0.317586,11.787126,84.565437,25.150108,0.080013,0.883479,-0.222001,0.404694,18.151014,48.893375,25.84763,-0.034793,0.876955,0.040916,0.477562,2.879712,6.626201,41.425304,0.016013,0.974648,0.077309,0.209352,-9.363858,1.759136,-13.246107,-0.034793,0.876955,0.040916,0.477562,15.234857,2.041716,33.585346
967,8.058333,-0.030864,0.962661,0.047232,0.264764,3.733891,84.244942,20.341532,-0.043795,0.977222,0.104249,0.179587,3.084473,91.887466,20.91527,-0.015829,0.980478,0.129299,0.14729,0.501955,112.340126,24.861725,0.095296,0.993554,-0.019605,0.058173,-0.94658,132.58313,30.07695,0.149737,0.972981,-0.170038,-0.04443,2.049549,146.752808,27.809921,-0.021588,0.93858,0.112264,0.325573,-4.479811,126.943733,28.132963,0.441761,-0.56941,0.084425,-0.688107,-18.243423,127.513412,17.360901,0.226979,0.078139,-0.502967,-0.8303,-9.868266,112.136353,-0.245097,0.290415,0.175283,-0.587416,-0.734763,2.911945,135.230927,-2.860309,-0.016251,0.973549,0.173895,0.147307,2.638366,126.891258,30.313755,0.359157,0.86706,0.13595,-0.31738,19.357317,126.548706,35.428253,0.032923,0.150677,0.462111,-0.873308,32.77964,113.226334,19.337139,0.041306,-0.079849,0.673209,-0.733967,19.87525,132.729218,12.154016,0.069377,0.928178,0.234061,0.280871,-4.313059,83.922165,15.532747,0.112935,0.987824,-0.03301,0.101788,-4.215408,52.000069,-1.626843,0.015976,0.974638,0.077335,0.209391,-15.147652,5.75245,0.381542,-0.086644,0.944036,0.018949,0.317696,11.780842,84.567719,25.150316,0.079936,0.883444,-0.221979,0.404799,18.146027,48.895912,25.84893,-0.034897,0.876964,0.040857,0.477544,2.880065,6.626651,41.42617,0.015976,0.974638,0.077335,0.209391,-9.36255,1.758437,-13.246089,-0.034897,0.876964,0.040857,0.477544,15.235576,2.04213,33.586815
968,8.066667,-0.03084,0.962654,0.047165,0.264805,3.727435,84.246201,20.340792,-0.043824,0.977214,0.104267,0.179613,3.078609,91.888847,20.913605,-0.015839,0.980481,0.129251,0.147312,0.494694,112.340836,24.860394,0.095309,0.993549,-0.019625,0.058231,-0.954074,132.584351,30.07358,0.14978,0.972971,-0.170081,-0.044342,2.042685,146.75383,27.806177,-0.021627,0.938535,0.112251,0.325705,-4.487216,126.944756,28.129976,0.441932,-0.569387,0.08431,-0.688031,-18.247765,127.513527,17.35396,0.227139,0.078238,-0.50293,-0.83027,-9.870317,112.136391,-0.25088,0.290475,0.175317,-0.58739,-0.734753,2.910416,135.229156,-2.865537,-0.016287,0.973547,0.173823,0.147398,2.630857,126.892487,30.311108,0.359174,0.867078,0.135971,-0.317305,19.348829,126.550972,35.428871,0.032869,0.15077,0.462117,-0.87329,32.772942,113.227417,19.340235,0.041169,-0.079764,0.673213,-0.73398,19.86982,132.731033,12.154227,0.069445,0.928111,0.233962,0.281157,-4.319134,83.923546,15.53136,0.112887,0.987836,-0.032953,0.101737,-4.222905,51.998756,-1.623222,0.016125,0.974613,0.077393,0.209473,-15.150017,5.749738,0.380855,-0.086657,0.94405,0.018896,0.317654,11.774003,84.568855,25.150225,0.079937,0.883517,-0.221894,0.404687,18.138903,48.897068,25.852484,-0.034729,0.876915,0.040993,0.477634,2.877965,6.62421,41.424889,0.016125,0.974613,0.077393,0.209473,-9.364,1.756491,-13.246614,-0.034729,0.876915,0.040993,0.477634,15.234132,2.040801,33.585918
969,8.075,-0.030784,0.962641,0.047105,0.26487,3.718065,84.245552,20.340725,-0.04368,0.977211,0.104225,0.179689,3.070278,91.888336,20.912832,-0.015977,0.980468,0.129204,0.147425,0.492329,112.34095,24.858768,0.095445,0.993521,-0.019671,0.058481,-0.962413,132.584793,30.069023,0.149553,0.972992,-0.170229,-0.044067,2.039309,146.753174,27.801355,-0.02154,0.938512,0.112282,0.325767,-4.493764,126.94416,28.125202,0.442029,-0.569255,0.084385,-0.688069,-18.253042,127.516434,17.347738,0.227298,0.078232,-0.502965,-0.830206,-9.868761,112.136734,-0.25162,0.290683,0.17523,-0.587363,-0.734712,2.909384,135.228546,-2.871309,-0.016374,0.973536,0.173842,0.147439,2.623751,126.893784,30.308208,0.359191,0.867126,0.135949,-0.317164,19.341206,126.554848,35.427849,0.032889,0.1509,0.462125,-0.873263,32.769161,113.228378,19.344816,0.04115,-0.07974,0.673131,-0.734059,19.868599,132.730972,12.153135,0.069336,0.928101,0.233953,0.281224,-4.327919,83.923683,15.53026,0.112873,0.987834,-0.032935,0.101782,-4.223363,51.997505,-1.621701,0.016131,0.974619,0.077395,0.209446,-15.14918,5.748093,0.380382,-0.086715,0.944023,0.018907,0.317718,11.764049,84.567421,25.151188,0.079871,0.883537,-0.221827,0.404694,18.133059,48.896389,25.854456,-0.034863,0.876931,0.040952,0.477599,2.879998,6.61968,41.424137,0.016131,0.974619,0.077395,0.209446,-9.363956,1.754916,-13.247447,-0.034863,0.876931,0.040952,0.477599,15.236564,2.037112,33.585304
970,8.083333,-0.03076,0.962627,0.047134,0.264918,3.711785,84.248016,20.33523,-0.043588,0.977199,0.104284,0.179741,3.064205,91.890785,20.907839,-0.016022,0.980457,0.129195,0.147497,0.48955,112.341736,24.856447,0.095414,0.993521,-0.019671,0.058531,-0.967374,132.585602,30.065948,0.149566,0.97298,-0.170296,-0.044045,2.033669,146.75415,27.798378,-0.021609,0.938491,0.11216,0.325865,-4.498039,126.944687,28.121725,0.442006,-0.56922,0.084407,-0.68811,-18.254971,127.51368,17.341095,0.227303,0.078248,-0.502947,-0.830214,-9.868898,112.134514,-0.257863,0.290712,0.175175,-0.587476,-0.734624,2.910586,135.226959,-2.876828,-0.016377,0.973523,0.173863,0.147504,2.619138,126.894844,30.30584,0.35922,0.867121,0.136021,-0.317113,19.335922,126.555511,35.427647,0.032911,0.150944,0.462131,-0.873251,32.764442,113.228668,19.345407,0.041062,-0.079686,0.673215,-0.733993,19.864796,132.730927,12.151454,0.069238,0.928125,0.233879,0.281232,-4.333753,83.926781,15.523979,0.112865,0.987833,-0.032925,0.101799,-4.224131,51.997097,-1.621424,0.016139,0.974614,0.077385,0.209471,-15.149122,5.747447,0.379648,-0.086788,0.944048,0.01883,0.317626,11.757324,84.56926,25.146481,0.079838,0.883511,-0.221769,0.404788,18.129597,48.898933,25.856113,-0.034788,0.876912,0.040956,0.477637,2.879681,6.619325,41.420982,0.016139,0.974614,0.077385,0.209471,-9.363323,1.753917,-13.247832,-0.034788,0.876912,0.040956,0.477637,15.236274,2.035813,33.582748
971,8.091667,-0.030791,0.962626,0.046975,0.264946,3.709627,84.247124,20.341181,-0.04372,0.977195,0.104126,0.179821,3.062215,91.890091,20.911291,-0.015949,0.980446,0.129216,0.147564,0.482658,112.344673,24.852789,0.095331,0.993522,-0.019777,0.058618,-0.971743,132.588425,30.063477,0.149577,0.972973,-0.170364,-0.043892,2.02743,146.756912,27.793011,-0.021638,0.938453,0.112165,0.325969,-4.503055,126.948181,28.118467,0.442018,-0.569158,0.084534,-0.688137,-18.257574,127.516724,17.334732,0.227451,0.078267,-0.502982,-0.83015,-9.869083,112.134079,-0.260033,0.291021,0.175234,-0.587389,-0.734557,2.908453,135.22731,-2.882829,-0.016411,0.973513,0.173829,0.147601,2.613863,126.897087,30.303404,0.359222,0.86714,0.13617,-0.316994,19.329605,126.558517,35.428661,0.032961,0.150991,0.462115,-0.87325,32.761803,113.232819,19.348541,0.041053,-0.079587,0.673251,-0.733971,19.86248,132.733368,12.151679,0.069267,0.928076,0.233971,0.281309,-4.335593,83.924553,15.529485,0.112821,0.98781,-0.032979,0.102056,-4.224446,51.998287,-1.622267,0.016223,0.97462,0.077374,0.209442,-15.146345,5.748015,0.381432,-0.086739,0.944024,0.018913,0.317707,11.754847,84.569695,25.152878,0.079763,0.88347,-0.22176,0.404897,18.125643,48.898979,25.85622,-0.034841,0.876934,0.040999,0.477591,2.88043,6.61782,41.421478,0.016223,0.97462,0.077374,0.209442,-9.362165,1.753712,-13.246512,-0.034841,0.876934,0.040999,0.477591,15.236863,2.036156,33.581905
972,8.1,-0.030845,0.962622,0.047001,0.26495,3.706589,84.248581,20.34049,-0.043815,0.977182,0.104007,0.179939,3.058269,91.891457,20.910761,-0.015825,0.98042,0.129287,0.147687,0.474769,112.350082,24.847044,0.095287,0.993523,-0.019759,0.058674,-0.975644,132.593231,30.061197,0.149603,0.972952,-0.170464,-0.043876,2.02248,146.762039,27.791353,-0.021655,0.93841,0.112301,0.326046,-4.507963,126.954231,28.114384,0.44195,-0.569078,0.084782,-0.688217,-18.260693,127.524101,17.328438,0.22754,0.078196,-0.503005,-0.830119,-9.869731,112.13633,-0.260669,0.291178,0.175355,-0.587368,-0.734483,2.906872,135.228607,-2.889312,-0.016393,0.973493,0.173872,0.147686,2.608477,126.900948,30.300825,0.359164,0.867181,0.136127,-0.316967,19.323364,126.561012,35.428787,0.032837,0.151073,0.462113,-0.873241,32.758476,113.236198,19.350365,0.041011,-0.079424,0.673357,-0.733894,19.859957,132.737762,12.152693,0.069186,0.928136,0.233982,0.281122,-4.338534,83.925171,15.528687,0.112787,0.987809,-0.032979,0.102099,-4.225195,51.998474,-1.622257,0.015938,0.974639,0.077393,0.20937,-15.144023,5.747467,0.381332,-0.086741,0.943984,0.018913,0.317823,11.751713,84.571991,25.152296,0.079721,0.883468,-0.221762,0.404909,18.122578,48.901306,25.856426,-0.034991,0.876948,0.040836,0.477566,2.880555,6.619594,41.423313,0.015938,0.974639,0.077393,0.20937,-9.358968,1.755352,-13.246881,-0.034991,0.876948,0.040836,0.477566,15.237218,2.035869,33.585304
973,8.108333,-0.030851,0.962606,0.046965,0.265013,3.702842,84.24958,20.341921,-0.043788,0.977173,0.10396,0.18002,3.054549,91.892502,20.9116,-0.015918,0.980411,0.129225,0.147789,0.472307,112.350784,24.845808,0.095381,0.99351,-0.019718,0.058756,-0.982089,132.594482,30.056726,0.1496,0.972941,-0.170529,-0.043882,2.019019,146.762909,27.788492,-0.021626,0.938372,0.112346,0.326143,-4.513183,126.954712,28.109911,0.442028,-0.569013,0.084784,-0.688221,-18.263744,127.526451,17.321304,0.227599,0.078201,-0.502966,-0.830126,-9.869148,112.137833,-0.26532,0.291086,0.175316,-0.587472,-0.734446,2.909361,135.228714,-2.89479,-0.016424,0.973486,0.173866,0.147738,2.602761,126.902725,30.297995,0.359102,0.867234,0.135932,-0.316977,19.317066,126.563522,35.427887,0.032624,0.151202,0.462143,-0.873211,32.754097,113.23745,19.352119,0.040993,-0.079266,0.673292,-0.733972,19.858629,132.741394,12.153769,0.069197,0.928122,0.23392,0.281216,-4.341644,83.925957,15.529069,0.112747,0.987825,-0.032922,0.10201,-4.228673,51.997261,-1.618153,0.016122,0.974635,0.077464,0.209349,-15.143058,5.745041,0.381441,-0.08681,0.944036,0.018907,0.317653,11.747328,84.573204,25.154772,0.079746,0.883466,-0.221738,0.40492,18.122849,48.903366,25.859758,-0.034885,0.876916,0.040904,0.477628,2.879395,6.621045,41.423588,0.016122,0.974635,0.077464,0.209349,-9.36021,1.753995,-13.248019,-0.034885,0.876916,0.040904,0.477628,15.236482,2.037581,33.586098
974,8.116667,-0.030854,0.962587,0.04692,0.265091,3.698671,84.249222,20.342392,-0.043793,0.977165,0.103918,0.18009,3.050468,91.892204,20.911331,-0.015917,0.980405,0.129192,0.147857,0.468037,112.350822,24.843622,0.095398,0.993499,-0.019784,0.058881,-0.986477,132.594879,30.053129,0.149515,0.972948,-0.170608,-0.04372,2.015715,146.762833,27.783417,-0.02166,0.93835,0.112288,0.326223,-4.517472,126.955093,28.106176,0.442144,-0.568968,0.084703,-0.688193,-18.266174,127.525368,17.315117,0.227711,0.078294,-0.503,-0.830066,-9.868336,112.137344,-0.270492,0.291165,0.175448,-0.587434,-0.734412,2.906971,135.228592,-2.899378,-0.016463,0.97349,0.173777,0.147809,2.598176,126.903023,30.295223,0.359094,0.867257,0.135908,-0.316933,19.311708,126.565193,35.427742,0.032619,0.151239,0.462169,-0.873191,32.750385,113.238373,19.353966,0.041009,-0.07935,0.673295,-0.733959,19.856792,132.742661,12.15434,0.069176,0.928124,0.23387,0.281258,-4.345037,83.9254,15.52825,0.112709,0.987822,-0.032898,0.102088,-4.230945,51.994789,-1.615405,0.016282,0.974628,0.077508,0.209351,-15.141797,5.741608,0.381464,-0.086877,0.943972,0.018941,0.31782,11.742379,84.573051,25.156534,0.079758,0.883499,-0.221698,0.404868,18.123119,48.904152,25.86194,-0.034755,0.87692,0.040962,0.477624,2.881065,6.620312,41.423012,0.016282,0.974628,0.077508,0.209351,-9.360323,1.750978,-13.248708,-0.034755,0.87692,0.040962,0.477624,15.237159,2.036476,33.584167
975,8.125,-0.030877,0.962579,0.046857,0.265127,3.696573,84.247932,20.34333,-0.043848,0.977157,0.103902,0.180128,3.048258,91.890976,20.911234,-0.01589,0.980415,0.129084,0.147892,0.463582,112.34903,24.842245,0.095362,0.993498,-0.019805,0.058948,-0.989353,132.594284,30.04748,0.149521,0.972946,-0.170636,-0.043618,2.012097,146.762344,27.777338,-0.021677,0.93834,0.112237,0.326267,-4.520755,126.954445,28.101467,0.442279,-0.568927,0.084605,-0.688152,-18.268406,127.523781,17.309029,0.227779,0.07839,-0.503021,-0.830025,-9.867453,112.136353,-0.275607,0.291161,0.175475,-0.587403,-0.734432,2.905375,135.227905,-2.902412,-0.016578,0.973488,0.173795,0.14779,2.594746,126.902161,30.290974,0.359217,0.86725,0.135764,-0.316875,19.308334,126.568268,35.423546,0.032605,0.151286,0.462239,-0.873146,32.744461,113.233635,19.354122,0.040878,-0.079453,0.673279,-0.73397,19.854242,132.740723,12.152743,0.069201,0.928069,0.233806,0.281486,-4.346745,83.923409,15.528592,0.11273,0.98784,-0.032832,0.101911,-4.231514,51.990902,-1.611516,0.016002,0.974627,0.077505,0.209379,-15.143326,5.737763,0.380932,-0.086819,0.943995,0.018998,0.317767,11.739891,84.572449,25.158068,0.079666,0.883447,-0.221715,0.40499,18.118017,48.902977,25.857807,-0.034773,0.87691,0.040918,0.477645,2.880886,6.618476,41.42189,0.016002,0.974627,0.077505,0.209379,-9.358367,1.74856,-13.248169,-0.034773,0.87691,0.040918,0.477645,15.23732,2.033781,33.584099
976,8.133333,-0.030844,0.962577,0.046777,0.265152,3.692804,84.246002,20.344797,-0.04388,0.977152,0.103854,0.180174,3.045296,91.889206,20.911633,-0.015932,0.980419,0.128978,0.147951,0.459568,112.346878,24.840181,0.095434,0.993485,-0.019816,0.059061,-0.994757,132.593231,30.040794,0.149451,0.972954,-0.170683,-0.043504,2.009233,146.760773,27.770836,-0.021653,0.938333,0.112121,0.326329,-4.52571,126.952827,28.095568,0.442317,-0.568824,0.084597,-0.688214,-18.272001,127.521881,17.301373,0.227857,0.078522,-0.503042,-0.829978,-9.865147,112.135658,-0.281504,0.291305,0.175506,-0.58746,-0.734323,2.905607,135.229034,-2.905045,-0.016585,0.973495,0.173658,0.1479,2.589516,126.901268,30.285994,0.359207,0.867277,0.135591,-0.316884,19.301962,126.56765,35.422321,0.032587,0.151368,0.462271,-0.873116,32.738144,113.230255,19.355242,0.040846,-0.079613,0.673338,-0.7339,19.851183,132.73703,12.151299,0.069107,0.928038,0.233864,0.281561,-4.350307,83.921715,15.529691,0.112758,0.987848,-0.032838,0.101802,-4.226139,51.990234,-1.612267,0.015844,0.974646,0.077417,0.209337,-15.140407,5.737734,0.38162,-0.086832,0.944018,0.019038,0.317692,11.735914,84.570297,25.159901,0.079635,0.883436,-0.221686,0.405036,18.115889,48.901093,25.856739,-0.034728,0.876893,0.040904,0.477681,2.881619,6.614882,41.419006,0.015844,0.974646,0.077417,0.209337,-9.355276,1.746868,-13.246926,-0.034728,0.876893,0.040904,0.477681,15.238221,2.029186,33.582054
977,8.141667,-0.030829,0.962568,0.046687,0.265203,3.689288,84.243347,20.346233,-0.04389,0.977146,0.103796,0.180237,3.042331,91.886688,20.911772,-0.015894,0.98042,0.1289,0.148015,0.45607,112.347237,24.838192,0.095369,0.993489,-0.019807,0.05909,-0.996559,132.594467,30.035803,0.149488,0.972941,-0.170726,-0.043495,2.005707,146.762421,27.766081,-0.021692,0.938316,0.112085,0.326388,-4.527924,126.954208,28.090942,0.442243,-0.568801,0.084701,-0.688267,-18.272804,127.521812,17.29488,0.227768,0.078547,-0.503084,-0.829975,-9.865551,112.134399,-0.286753,0.29126,0.17556,-0.587432,-0.73435,2.902926,135.229874,-2.90737,-0.016536,0.973501,0.173631,0.147902,2.587034,126.902153,30.282223,0.359246,0.867278,0.135689,-0.316795,19.299517,126.567017,35.418312,0.032608,0.151288,0.462227,-0.873152,32.73711,113.228867,19.353029,0.040786,-0.079578,0.673353,-0.733893,19.84568,132.736557,12.151123,0.069065,0.928052,0.233918,0.281481,-4.353332,83.91893,15.530315,0.11274,0.987848,-0.032852,0.101813,-4.22665,51.988853,-1.614238,0.016114,0.974624,0.077442,0.209408,-15.139419,5.736062,0.381074,-0.086847,0.943987,0.019091,0.317776,11.731907,84.567764,25.162151,0.079598,0.883415,-0.221655,0.405106,18.114046,48.898895,25.856289,-0.034792,0.876885,0.040886,0.477694,2.882731,6.610828,41.416405,0.016114,0.974624,0.077442,0.209408,-9.354928,1.744381,-13.247503,-0.034792,0.876885,0.040886,0.477694,15.240063,2.025588,33.580345
978,8.15,-0.03086,0.962553,0.046689,0.265253,3.689796,84.243431,20.346325,-0.044019,0.977135,0.103772,0.180281,3.042343,91.886742,20.911724,-0.015861,0.980423,0.128852,0.14804,0.450547,112.349129,24.836432,0.09539,0.993484,-0.019857,0.059121,-1.000543,132.596939,30.032276,0.149521,0.972935,-0.170743,-0.043454,2.0025,146.764511,27.761246,-0.021734,0.938278,0.112077,0.326498,-4.532318,126.95681,28.087748,0.442143,-0.568762,0.084809,-0.688351,-18.274616,127.523422,17.288338,0.22771,0.078591,-0.50307,-0.829995,-9.866035,112.135658,-0.292368,0.291216,0.175661,-0.587395,-0.734373,2.90302,135.23172,-2.909272,-0.01647,0.973513,0.173548,0.147928,2.582548,126.90432,30.279324,0.35922,0.867319,0.135647,-0.316731,19.294844,126.567207,35.415913,0.032595,0.151356,0.462234,-0.873137,32.735382,113.228371,19.35367,0.040792,-0.079704,0.673202,-0.734018,19.845577,132.735489,12.149406,0.069122,0.927994,0.233853,0.281712,-4.352298,83.918503,15.529561,0.112708,0.987846,-0.032829,0.101881,-4.226556,51.98679,-1.611943,0.016219,0.974626,0.07754,0.209351,-15.136278,5.733168,0.380737,-0.08686,0.943939,0.019137,0.317914,11.731889,84.568352,25.16309,0.079618,0.883433,-0.221679,0.40505,18.115839,48.899776,25.85532,-0.034817,0.876896,0.040852,0.477673,2.882955,6.613028,41.41748,0.016219,0.974626,0.07754,0.209351,-9.35411,1.743809,-13.249511,-0.034817,0.876896,0.040852,0.477673,15.240012,2.027293,33.581264
979,8.158333,-0.030854,0.962542,0.046598,0.265309,3.686611,84.242592,20.347647,-0.043997,0.97713,0.103711,0.180347,3.039585,91.88604,20.911684,-0.015883,0.980418,0.128799,0.148116,0.448954,112.348518,24.833839,0.095226,0.993497,-0.019913,0.059162,-1.003139,132.596878,30.027283,0.149636,0.972928,-0.170697,-0.04338,1.99547,146.765106,27.754501,-0.021677,0.938311,0.111962,0.326445,-4.534554,126.956497,28.082804,0.44221,-0.568704,0.084707,-0.688368,-18.278152,127.523399,17.285076,0.227793,0.078679,-0.50305,-0.829977,-9.865471,112.138412,-0.296092,0.291171,0.175839,-0.587423,-0.734326,2.902713,135.232193,-2.910898,-0.016524,0.973508,0.173523,0.147986,2.579964,126.90432,30.275505,0.359285,0.867288,0.135563,-0.316779,19.291586,126.568832,35.414371,0.032587,0.151344,0.462301,-0.873104,32.728313,113.226768,19.351616,0.040845,-0.079673,0.673209,-0.734012,19.841858,132.735367,12.148439,0.069103,0.927968,0.233847,0.281808,-4.354925,83.917381,15.529975,0.112705,0.987864,-0.032803,0.101718,-4.226293,51.985275,-1.610796,0.016017,0.974641,0.077577,0.209285,-15.135132,5.731413,0.381243,-0.086903,0.943936,0.019135,0.317909,11.728146,84.567795,25.165316,0.079588,0.883391,-0.221658,0.405159,18.114979,48.899761,25.858603,-0.034625,0.87689,0.04104,0.477683,2.883504,6.611654,41.418427,0.016017,0.974641,0.077577,0.209285,-9.352685,1.744296,-13.249538,-0.034625,0.87689,0.04104,0.477683,15.239792,2.028002,33.579792
980,8.166667,-0.030872,0.962535,0.04655,0.265342,3.685494,84.241051,20.348814,-0.044018,0.977125,0.103682,0.180388,3.038372,91.884544,20.912052,-0.015875,0.980424,0.1287,0.148163,0.446833,112.347733,24.832863,0.095216,0.993495,-0.019937,0.059205,-1.004565,132.597168,30.022287,0.149639,0.972927,-0.170713,-0.043348,1.993975,146.76532,27.748936,-0.021709,0.938304,0.111825,0.326511,-4.536129,126.956627,28.078568,0.442107,-0.56869,0.084806,-0.688434,-18.27816,127.521217,17.278728,0.227767,0.078746,-0.503041,-0.829982,-9.865505,112.135803,-0.302076,0.291215,0.176004,-0.587344,-0.734332,2.902856,135.230606,-2.913198,-0.016588,0.97352,0.173461,0.147967,2.578186,126.904442,30.271929,0.359296,0.867325,0.135481,-0.316699,19.289932,126.571564,35.410557,0.032703,0.151413,0.462245,-0.873117,32.728748,113.226524,19.352032,0.040871,-0.079696,0.67316,-0.734053,19.84063,132.73233,12.143129,0.069112,0.927954,0.233853,0.281847,-4.355694,83.915306,15.5306,0.112665,0.987855,-0.032823,0.101843,-4.226791,51.983482,-1.610681,0.016046,0.974651,0.077583,0.209235,-15.132329,5.728886,0.38227,-0.086925,0.943911,0.019194,0.317974,11.726681,84.566795,25.16703,0.079588,0.883372,-0.221698,0.405178,18.116316,48.899197,25.857267,-0.034667,0.876903,0.041005,0.477659,2.882986,6.612802,41.419926,0.016046,0.974651,0.077583,0.209235,-9.35151,1.741838,-13.24922,-0.034667,0.876903,0.041005,0.477659,15.239075,2.028843,33.581165
981,8.175,-0.030881,0.962536,0.046434,0.265359,3.68387,84.237671,20.350842,-0.044028,0.977125,0.103651,0.1804,3.037078,91.881332,20.912317,-0.015907,0.980437,0.128579,0.148184,0.445319,112.345016,24.831787,0.09519,0.993494,-0.019987,0.059243,-1.006768,132.595688,30.016125,0.149695,0.972922,-0.170706,-0.043286,1.991236,146.763748,27.7414,-0.021636,0.938295,0.111784,0.326556,-4.538114,126.954605,28.073629,0.441912,-0.568629,0.085057,-0.688579,-18.279224,127.521286,17.272728,0.227717,0.078697,-0.50302,-0.830014,-9.865215,112.133553,-0.305389,0.291249,0.176087,-0.587343,-0.7343,2.905025,135.228012,-2.916966,-0.016631,0.973537,0.17332,0.148018,2.576092,126.903114,30.267351,0.359377,0.867327,0.135565,-0.316566,19.287262,126.572128,35.40797,0.032914,0.151479,0.462191,-0.873127,32.72739,113.223984,19.35313,0.040834,-0.079595,0.673246,-0.733987,19.837816,132.725922,12.136682,0.069012,0.927979,0.233859,0.281783,-4.357133,83.911201,15.53237,0.112725,0.987885,-0.032734,0.101511,-4.222583,51.978588,-1.607393,0.016202,0.974635,0.077624,0.209284,-15.132215,5.724731,0.380301,-0.086903,0.943877,0.019285,0.318077,11.724874,84.56414,25.169313,0.079535,0.883336,-0.221717,0.405258,18.115051,48.896519,25.853497,-0.034629,0.87691,0.040951,0.477653,2.884032,6.610089,41.418339,0.016202,0.974635,0.077624,0.209284,-9.351505,1.737988,-13.251323,-0.034629,0.87691,0.040951,0.477653,15.239445,2.024185,33.579643
982,8.183333,-0.030849,0.962527,0.046326,0.265413,3.681313,84.233742,20.352163,-0.044096,0.977127,0.103605,0.180398,3.035412,91.877586,20.912134,-0.015922,0.980451,0.128499,0.148158,0.441127,112.342094,24.829378,0.095252,0.993483,-0.020084,0.059283,-1.010944,132.593613,30.010418,0.149743,0.972914,-0.170734,-0.04319,1.98912,146.760818,27.733156,-0.021696,0.938273,0.111737,0.326631,-4.542319,126.952171,28.069029,0.441893,-0.568574,0.085114,-0.688629,-18.281641,127.516678,17.265734,0.227762,0.078703,-0.502961,-0.830037,-9.865029,112.128487,-0.310747,0.291264,0.176071,-0.587294,-0.734337,2.908672,135.221878,-2.922514,-0.01663,0.973575,0.17308,0.148049,2.571995,126.901123,30.262419,0.359551,0.867286,0.135184,-0.316643,19.282848,126.57119,35.404144,0.032849,0.151712,0.462385,-0.872986,32.714317,113.2108,19.35224,0.040776,-0.079482,0.673195,-0.734049,19.837524,132.717163,12.128345,0.06896,0.927986,0.233882,0.281755,-4.359194,83.907379,15.532854,0.112642,0.987933,-0.032679,0.101156,-4.2212,51.975025,-1.607367,0.016372,0.974664,0.077679,0.20911,-15.121862,5.719033,0.379862,-0.086959,0.943915,0.019368,0.317942,11.72182,84.560104,25.171471,0.079556,0.88334,-0.221728,0.405238,18.117764,48.893425,25.850353,-0.034635,0.876917,0.040889,0.477645,2.885006,6.607762,41.415577,0.016372,0.974664,0.077679,0.20911,-9.347388,1.733108,-13.254644,-0.034635,0.876917,0.040889,0.477645,15.240079,2.020356,33.577221
983,8.191667,-0.030786,0.962538,0.046142,0.265414,3.679839,84.232185,20.353991,-0.044099,0.977114,0.103626,0.180459,3.035613,91.87635,20.91151,-0.015987,0.980455,0.128345,0.148259,0.440923,112.33947,24.829174,0.095186,0.99348,-0.020204,0.059403,-1.013426,132.592575,30.003429,0.14982,0.972905,-0.170758,-0.043034,1.985414,146.759521,27.722984,-0.021712,0.938266,0.111719,0.326657,-4.544058,126.950302,28.06307,0.441869,-0.568534,0.08523,-0.688663,-18.282757,127.514145,17.258947,0.227795,0.07865,-0.502948,-0.830041,-9.864852,112.123444,-0.314699,0.291336,0.17601,-0.587173,-0.734419,2.909854,135.215576,-2.929452,-0.016541,0.973572,0.173047,0.148117,2.56978,126.90036,30.25803,0.359578,0.867283,0.13516,-0.316633,19.280033,126.567162,35.401497,0.032987,0.151796,0.462372,-0.872973,32.710873,113.205254,19.350315,0.040842,-0.07934,0.673334,-0.733933,19.834827,132.709442,12.119889,0.068871,0.928015,0.233934,0.281637,-4.360732,83.906036,15.534774,0.112654,0.987934,-0.03266,0.101142,-4.21782,51.974552,-1.607028,0.016211,0.974673,0.077631,0.209102,-15.119471,5.71872,0.378527,-0.086877,0.943829,0.01944,0.318215,11.720409,84.558334,25.173208,0.079463,0.883307,-0.221712,0.405337,18.112267,48.890827,25.847134,-0.034501,0.876874,0.04094,0.47773,2.886091,6.60308,41.413147,0.016211,0.974673,0.077631,0.209102,-9.343751,1.732295,-13.255305,-0.034501,0.876874,0.04094,0.47773,15.241662,2.015093,33.575916
984,8.2,-0.030795,0.962527,0.04617,0.265447,3.680578,84.23069,20.353382,-0.044119,0.977109,0.103611,0.180488,3.036076,91.874809,20.911255,-0.016005,0.980459,0.128278,0.148288,0.440598,112.337852,24.828049,0.095139,0.993477,-0.020318,0.059499,-1.014223,132.59166,29.99943,0.149812,0.972895,-0.170866,-0.042863,1.98383,146.758286,27.715954,-0.021664,0.938289,0.111696,0.326602,-4.544692,126.949081,28.059626,0.441871,-0.568511,0.085307,-0.688671,-18.284733,127.514038,17.257273,0.227888,0.078502,-0.5029,-0.830058,-9.866218,112.121071,-0.3141,0.291456,0.175787,-0.587308,-0.734317,2.91177,135.209274,-2.937109,-0.016582,0.973568,0.173037,0.148147,2.569008,126.899506,30.255037,0.359714,0.867251,0.135017,-0.316625,19.278891,126.567551,35.399773,0.033128,0.151917,0.462406,-0.872929,32.705105,113.198029,19.35107,0.040846,-0.079098,0.673511,-0.733797,19.832029,132.701965,12.112393,0.068924,0.927945,0.233914,0.281873,-4.359651,83.904541,15.533599,0.112633,0.987928,-0.032686,0.101211,-4.216353,51.9729,-1.607913,0.016231,0.974683,0.077646,0.209046,-15.116417,5.716777,0.37951,-0.086881,0.943838,0.019415,0.318189,11.720806,84.556839,25.173166,0.079452,0.883288,-0.221691,0.405393,18.112375,48.889309,25.848679,-0.034627,0.876882,0.040943,0.477706,2.886896,6.60052,41.41251,0.016231,0.974683,0.077646,0.209046,-9.342394,1.730714,-13.255141,-0.034627,0.876882,0.040943,0.477706,15.243192,2.014419,33.575325
985,8.208333,-0.030851,0.962527,0.046115,0.265449,3.681627,84.231911,20.353498,-0.044175,0.977115,0.103572,0.180467,3.036528,91.876053,20.91032,-0.016047,0.980468,0.128237,0.148261,0.438855,112.341286,24.825563,0.095231,0.993469,-0.020344,0.059462,-1.017293,132.595474,29.99506,0.149954,0.97286,-0.170924,-0.042929,1.983271,146.761459,27.710873,-0.021768,0.938288,0.111609,0.326626,-4.547415,126.952446,28.055954,0.441808,-0.568501,0.085411,-0.688707,-18.286747,127.513062,17.252462,0.227851,0.078377,-0.502864,-0.830102,-9.86853,112.118385,-0.317568,0.291421,0.175632,-0.587209,-0.734448,2.912339,135.204315,-2.944458,-0.016521,0.973571,0.173003,0.148177,2.566388,126.903618,30.251062,0.35974,0.867288,0.135008,-0.316499,19.276045,126.569595,35.396427,0.03325,0.15205,0.462373,-0.872919,32.705326,113.197304,19.352585,0.040917,-0.078893,0.673503,-0.733822,19.833326,132.69754,12.105915,0.068894,0.927997,0.233956,0.281672,-4.358523,83.904488,15.533664,0.112637,0.987909,-0.032735,0.101375,-4.21607,51.973988,-1.609978,0.01628,0.97468,0.077607,0.209074,-15.117227,5.718231,0.380152,-0.086876,0.943823,0.019425,0.318235,11.721777,84.559341,25.173336,0.07943,0.883241,-0.2217,0.405494,18.113199,48.891769,25.848392,-0.034599,0.876857,0.040935,0.477754,2.887403,6.603035,41.412098,0.01628,0.97468,0.077607,0.209074,-9.343029,1.730734,-13.254017,-0.034599,0.876857,0.040935,0.477754,15.244274,2.016349,33.576149
986,8.216667,-0.030857,0.962527,0.046117,0.265447,3.683192,84.233612,20.352779,-0.0442,0.977113,0.103569,0.180474,3.037994,91.877747,20.909605,-0.016107,0.98047,0.128191,0.148276,0.43971,112.339607,24.823868,0.095218,0.993469,-0.020461,0.059442,-1.018697,132.594193,29.991129,0.150102,0.972838,-0.170912,-0.042956,1.981563,146.759674,27.703482,-0.021727,0.938289,0.111559,0.326645,-4.548167,126.950607,28.052467,0.441791,-0.568517,0.085495,-0.688694,-18.287128,127.51207,17.24855,0.227917,0.07825,-0.502792,-0.830139,-9.870531,112.114716,-0.31991,0.291293,0.175816,-0.587145,-0.734505,2.915594,135.197906,-2.953187,-0.016648,0.973558,0.17303,0.148215,2.565539,126.902733,30.247902,0.35977,0.867317,0.134974,-0.316401,19.274656,126.572655,35.395267,0.033387,0.152215,0.462363,-0.87289,32.705944,113.197388,19.355589,0.041014,-0.078745,0.673388,-0.733939,19.836554,132.694412,12.099325,0.069008,0.927945,0.233854,0.2819,-4.356967,83.906082,15.532966,0.112588,0.987928,-0.032684,0.101266,-4.220099,51.97327,-1.6064,0.016204,0.974691,0.077703,0.208991,-15.116076,5.716169,0.38063,-0.086926,0.943867,0.019365,0.318094,11.72335,84.561142,25.172594,0.079506,0.883291,-0.2217,0.405371,18.116938,48.894043,25.851934,-0.034473,0.876875,0.040974,0.477726,2.886994,6.60646,41.4147,0.016204,0.974691,0.077703,0.208991,-9.343118,1.731986,-13.25503,-0.034473,0.876875,0.040974,0.477726,15.242404,2.018961,33.576927
987,8.225,-0.030902,0.962531,0.046106,0.265431,3.684215,84.234322,20.352247,-0.044288,0.977116,0.103514,0.180466,3.038405,91.878426,20.908737,-0.016075,0.980482,0.128126,0.148259,0.436833,112.341461,24.820307,0.095191,0.993467,-0.020562,0.059492,-1.01978,132.596802,29.985163,0.15017,0.972815,-0.171018,-0.042819,1.980026,146.761948,27.694738,-0.021742,0.938308,0.11149,0.326611,-4.549771,126.953247,28.047338,0.442003,-0.568535,0.085452,-0.688549,-18.289482,127.51329,17.244307,0.228094,0.078179,-0.502754,-0.83012,-9.873535,112.111641,-0.320698,0.291321,0.175699,-0.587082,-0.734572,2.914267,135.190826,-2.961253,-0.016565,0.973591,0.172818,0.148257,2.564024,126.905083,30.242476,0.359801,0.867352,0.134863,-0.316317,19.272797,126.573029,35.390827,0.033449,0.152311,0.462322,-0.872893,32.70562,113.193474,19.356007,0.04105,-0.078488,0.673516,-0.733847,19.835478,132.688599,12.094114,0.069007,0.927951,0.23382,0.281911,-4.356055,83.905907,15.532682,0.112608,0.987956,-0.032614,0.100989,-4.219661,51.97192,-1.604503,0.016067,0.974695,0.077708,0.208981,-15.116302,5.714813,0.378851,-0.086918,0.943868,0.019333,0.318096,11.724485,84.562737,25.17181,0.079494,0.883253,-0.221697,0.405457,18.116764,48.895439,25.853161,-0.034467,0.87687,0.040951,0.477739,2.886458,6.60753,41.414677,0.016067,0.974695,0.077708,0.208981,-9.342278,1.731516,-13.256614,-0.034467,0.87687,0.040951,0.477739,15.241935,2.019362,33.577404
988,8.233333,-0.03089,0.962529,0.045963,0.265463,3.683674,84.233017,20.352921,-0.044349,0.97712,0.103496,0.180441,3.038606,91.877335,20.907341,-0.016008,0.980499,0.128068,0.148205,0.434725,112.340775,24.817865,0.095127,0.993475,-0.020672,0.059424,-1.018504,132.596817,29.980892,0.15028,0.972785,-0.171084,-0.042848,1.979363,146.761795,27.686966,-0.021851,0.938343,0.111241,0.326589,-4.5495,126.953552,28.044075,0.441958,-0.568531,0.085571,-0.688566,-18.289537,127.507057,17.241123,0.228089,0.077966,-0.502803,-0.830112,-9.874396,112.1026,-0.321813,0.291489,0.175355,-0.587253,-0.734451,2.9131,135.182068,-2.972371,-0.01668,0.973571,0.172862,0.148323,2.564566,126.904655,30.238319,0.359977,0.867297,0.134504,-0.316418,19.272511,126.57589,35.389553,0.033584,0.152412,0.462445,-0.872804,32.695839,113.184738,19.35648,0.041182,-0.078439,0.673573,-0.733792,19.834011,132.68013,12.088362,0.068957,0.927959,0.233871,0.281855,-4.356282,83.904144,15.532866,0.112628,0.987936,-0.032665,0.101145,-4.216475,51.971375,-1.60656,0.016153,0.974697,0.077681,0.208975,-15.115714,5.715007,0.379659,-0.086883,0.943849,0.019373,0.318158,11.723629,84.561882,25.172976,0.079452,0.883264,-0.221695,0.405442,18.11438,48.89426,25.851213,-0.034405,0.8769,0.040993,0.477684,2.887827,6.605664,41.414539,0.016153,0.974697,0.077681,0.208975,-9.342752,1.730456,-13.255888,-0.034405,0.8769,0.040993,0.477684,15.241962,2.017664,33.575062
989,8.241667,-0.030876,0.962528,0.045879,0.265484,3.685002,84.232422,20.352545,-0.044411,0.977117,0.103497,0.18044,3.040473,91.876877,20.90576,-0.016013,0.980513,0.127964,0.148197,0.434263,112.338135,24.815496,0.095059,0.993482,-0.020744,0.059398,-1.018475,132.595291,29.974312,0.150405,0.972758,-0.171122,-0.042859,1.977434,146.760315,27.67812,-0.021827,0.938399,0.111144,0.326464,-4.549617,126.951691,28.038729,0.442147,-0.568509,0.085536,-0.688467,-18.29257,127.504364,17.239428,0.22824,0.077813,-0.502833,-0.830067,-9.875875,112.096703,-0.319958,0.291571,0.175135,-0.587267,-0.73446,2.910864,135.174255,-2.981699,-0.016697,0.973579,0.1728,0.148343,2.564485,126.903107,30.23287,0.360057,0.867306,0.134491,-0.316309,19.272217,126.575127,35.384876,0.03378,0.152404,0.462424,-0.87281,32.696102,113.179459,19.356026,0.041283,-0.078408,0.673744,-0.733633,19.83209,132.674286,12.083168,0.068934,0.927952,0.233899,0.28186,-4.354774,83.903412,15.532191,0.112678,0.987949,-0.032651,0.10097,-4.212743,51.971375,-1.608609,0.016054,0.974695,0.077638,0.20901,-15.11617,5.715993,0.377714,-0.086786,0.94377,0.019441,0.318417,11.724778,84.561447,25.172897,0.079378,0.883217,-0.221691,0.405561,18.11031,48.89278,25.846027,-0.034552,0.876853,0.040906,0.477767,2.887963,6.602904,41.410007,0.016054,0.974695,0.077638,0.20901,-9.341411,1.730708,-13.256865,-0.034552,0.876853,0.040906,0.477767,15.244506,2.0148,33.574371
990,8.25,-0.030848,0.962534,0.04583,0.265474,3.685561,84.231354,20.352415,-0.044432,0.977117,0.103472,0.18045,3.041645,91.8759,20.905031,-0.015985,0.980523,0.127871,0.148214,0.434704,112.337479,24.813608,0.095043,0.993482,-0.020787,0.059395,-1.016405,132.595673,29.968807,0.150417,0.972738,-0.171219,-0.042885,1.979079,146.76059,27.671328,-0.021829,0.938436,0.111072,0.326382,-4.547987,126.952042,28.034132,0.441921,-0.568499,0.085907,-0.688574,-18.292788,127.503464,17.237141,0.228103,0.077523,-0.50289,-0.830097,-9.878695,112.089241,-0.317711,0.291559,0.175028,-0.587262,-0.734495,2.907746,135.166794,-2.989227,-0.016593,0.973634,0.172417,0.148435,2.566052,126.903221,30.228462,0.360086,0.867301,0.134406,-0.316325,19.272938,126.573158,35.383041,0.03384,0.152457,0.462449,-0.872784,32.695301,113.175079,19.354933,0.041361,-0.078425,0.673645,-0.733718,19.834282,132.66835,12.079191,0.068949,0.927929,0.233918,0.281916,-4.35434,83.90258,15.532261,0.112691,0.987943,-0.032677,0.101001,-4.211864,51.971317,-1.609959,0.015806,0.974707,0.077561,0.208998,-15.116776,5.716369,0.378312,-0.086784,0.943785,0.019437,0.318373,11.725462,84.560127,25.172567,0.079382,0.883199,-0.221682,0.405606,18.110876,48.891441,25.845585,-0.034473,0.876823,0.040962,0.477822,2.887796,6.601214,41.407883,0.015806,0.974707,0.077561,0.208998,-9.3401,1.730235,-13.255198,-0.034473,0.876823,0.040962,0.477822,15.244842,2.013445,33.572857
991,8.258333,-0.030881,0.96253,0.045852,0.265482,3.685934,84.231499,20.352287,-0.044399,0.977119,0.103427,0.18047,3.041434,91.875984,20.905083,-0.016055,0.980528,0.127785,0.148253,0.436282,112.336685,24.811764,0.095116,0.993469,-0.020886,0.059462,-1.017401,132.595703,29.962965,0.150391,0.972736,-0.171268,-0.042827,1.98058,146.759689,27.663004,-0.021797,0.938465,0.11101,0.326322,-4.548217,126.95134,28.029022,0.442385,-0.568534,0.085646,-0.68828,-18.294441,127.502869,17.233849,0.228391,0.077564,-0.502921,-0.829995,-9.880109,112.084946,-0.317645,0.291587,0.174953,-0.587358,-0.734424,2.903263,135.160858,-2.99559,-0.01662,0.973626,0.172442,0.14846,2.565613,126.903664,30.224054,0.360112,0.867324,0.134679,-0.316117,19.272205,126.574219,35.379631,0.034061,0.152364,0.462363,-0.872838,32.700165,113.177528,19.355064,0.04149,-0.078404,0.673645,-0.733712,19.833426,132.66748,12.077789,0.068945,0.927934,0.233917,0.281901,-4.353848,83.902237,15.531967,0.112657,0.987931,-0.032718,0.101149,-4.211444,51.970909,-1.610124,0.015899,0.974714,0.077671,0.208919,-15.11392,5.715501,0.380757,-0.086788,0.943768,0.019469,0.318419,11.725715,84.560753,25.172609,0.079351,0.88318,-0.221715,0.405634,18.112057,48.8922,25.843868,-0.034594,0.876856,0.040926,0.477757,2.889836,6.602928,41.409592,0.015899,0.974714,0.077671,0.208919,-9.340025,1.732136,-13.254741,-0.034594,0.876856,0.040926,0.477757,15.246672,2.015931,33.57378
992,8.266667,-0.030912,0.962534,0.045926,0.26545,3.68798,84.232765,20.350569,-0.044382,0.977124,0.1034,0.180465,3.042742,91.877113,20.904354,-0.016055,0.980531,0.127747,0.14826,0.438734,112.336113,24.809725,0.095207,0.993456,-0.021041,0.059478,-1.014759,132.595535,29.959393,0.150283,0.972743,-0.171324,-0.042835,1.986081,146.758224,27.655203,-0.021859,0.938507,0.110887,0.326238,-4.545622,126.951073,28.025818,0.44216,-0.568609,0.085892,-0.688332,-18.293676,127.498795,17.232767,0.228281,0.077418,-0.50296,-0.830015,-9.885633,112.076973,-0.318335,0.291675,0.174981,-0.58751,-0.734261,2.8984,135.15564,-3.000457,-0.016672,0.973626,0.172414,0.148489,2.568178,126.903473,30.220959,0.360123,0.867313,0.134464,-0.316228,19.274424,126.57579,35.377796,0.033909,0.152446,0.462401,-0.872809,32.698532,113.176201,19.352415,0.041374,-0.078392,0.673435,-0.733913,19.834917,132.667969,12.075319,0.068934,0.927954,0.23395,0.281811,-4.35209,83.903297,15.530738,0.112689,0.987912,-0.032787,0.101272,-4.209906,51.97298,-1.613253,0.016318,0.974687,0.077687,0.209007,-15.116249,5.718687,0.382439,-0.086877,0.943802,0.019406,0.318298,11.728051,84.562233,25.170399,0.079468,0.883235,-0.221745,0.405476,18.119034,48.894619,25.847227,-0.034497,0.876852,0.040918,0.477772,2.888715,6.608376,41.413273,0.016318,0.974687,0.077687,0.209007,-9.344031,1.733384,-13.253206,-0.034497,0.876852,0.040918,0.477772,15.244898,2.019797,33.577347
993,8.275,-0.030949,0.962523,0.045993,0.265474,3.688624,84.23175,20.349314,-0.044371,0.977127,0.103376,0.180467,3.042556,91.875969,20.903923,-0.016006,0.980542,0.12768,0.148254,0.439017,112.336349,24.808588,0.095215,0.993455,-0.021122,0.059457,-1.012009,132.596558,29.955853,0.150262,0.972729,-0.171413,-0.042872,1.989089,146.758804,27.649271,-0.021949,0.93851,0.110827,0.326242,-4.543572,126.952278,28.023048,0.442172,-0.568678,0.085958,-0.68826,-18.291388,127.496361,17.229515,0.228224,0.077355,-0.503009,-0.830007,-9.887791,112.070763,-0.320379,0.291662,0.17487,-0.587594,-0.734226,2.894321,135.150665,-3.004436,-0.016596,0.97363,0.172399,0.148484,2.570278,126.904121,30.218012,0.360025,0.867334,0.134503,-0.316262,19.276655,126.573959,35.374252,0.033928,0.152303,0.462328,-0.872872,32.703148,113.179031,19.346981,0.041584,-0.078395,0.673466,-0.733873,19.833988,132.669327,12.075145,0.068897,0.927983,0.233945,0.281728,-4.351163,83.901978,15.529037,0.112718,0.987912,-0.032786,0.10124,-4.208116,51.971138,-1.613978,0.015942,0.974706,0.077741,0.208926,-15.117065,5.717456,0.381699,-0.086925,0.943833,0.019407,0.318192,11.728412,84.561523,25.16959,0.079486,0.883181,-0.221788,0.405565,18.122786,48.894524,25.846687,-0.034495,0.87684,0.040949,0.477792,2.88785,6.61037,41.413887,0.015942,0.974706,0.077741,0.208926,-9.343216,1.735889,-13.254348,-0.034495,0.87684,0.040949,0.477792,15.244502,2.022564,33.578251
994,8.283333,-0.030929,0.962538,0.045966,0.265425,3.689388,84.230042,20.349245,-0.044339,0.977138,0.103322,0.180442,3.043748,91.874321,20.903572,-0.016076,0.98055,0.12761,0.14825,0.442065,112.334999,24.806316,0.095208,0.993453,-0.02126,0.059458,-1.011363,132.595856,29.950344,0.150295,0.97272,-0.171439,-0.042859,1.989705,146.757462,27.639788,-0.022,0.938509,0.110869,0.326229,-4.542253,126.950859,28.018402,0.442354,-0.568753,0.085919,-0.688085,-18.290297,127.493713,17.225094,0.228416,0.077405,-0.502995,-0.829958,-9.890637,112.063385,-0.322527,0.291786,0.174965,-0.587751,-0.734028,2.891515,135.142197,-3.009525,-0.016608,0.973643,0.17229,0.148523,2.571583,126.903877,30.213446,0.360015,0.86736,0.134272,-0.316302,19.27755,126.574478,35.371075,0.033839,0.152468,0.462308,-0.872857,32.703194,113.176178,19.345913,0.041419,-0.078371,0.673278,-0.734057,19.835451,132.665894,12.069098,0.068905,0.927947,0.234044,0.281762,-4.350911,83.900436,15.529808,0.112835,0.98787,-0.032861,0.1015,-4.205617,51.973026,-1.619552,0.016184,0.974648,0.077655,0.209209,-15.126631,5.722329,0.379114,-0.086948,0.943843,0.01946,0.318154,11.729688,84.559647,25.168682,0.07954,0.88327,-0.221842,0.405332,18.1269,48.893089,25.842472,-0.034492,0.87689,0.040908,0.477704,2.889554,6.612036,41.415714,0.016184,0.974648,0.077655,0.209209,-9.347677,1.736634,-13.253565,-0.034492,0.87689,0.040908,0.477704,15.244463,2.023098,33.577995
995,8.291667,-0.030939,0.962547,0.045851,0.265412,3.691211,84.228561,20.350302,-0.0444,0.977141,0.103324,0.180414,3.045907,91.872993,20.902889,-0.016048,0.980569,0.127507,0.148216,0.441902,112.332657,24.80518,0.095196,0.993454,-0.021306,0.059435,-1.0096,132.59465,29.945255,0.150306,0.972697,-0.171551,-0.042875,1.991116,146.756104,27.633286,-0.021964,0.938559,0.110772,0.326121,-4.541063,126.949539,28.014713,0.442369,-0.568738,0.086074,-0.688068,-18.291615,127.492012,17.224585,0.228445,0.07725,-0.50303,-0.829944,-9.892451,112.056351,-0.318585,0.291844,0.174809,-0.587754,-0.734039,2.889144,135.134583,-3.01362,-0.016578,0.973675,0.17213,0.148507,2.572935,126.902451,30.209223,0.359987,0.867393,0.134524,-0.316135,19.279095,126.572968,35.366207,0.034088,0.152389,0.46216,-0.87294,32.710953,113.178123,19.343359,0.04148,-0.078427,0.673355,-0.733977,19.83515,132.662018,12.063828,0.068919,0.92792,0.234148,0.281761,-4.349205,83.898193,15.531114,0.112849,0.987858,-0.032923,0.101581,-4.202639,51.974442,-1.625051,0.016114,0.974662,0.077623,0.209162,-15.125682,5.724427,0.378322,-0.086886,0.943808,0.019521,0.318272,11.731627,84.558937,25.169489,0.079509,0.883224,-0.221867,0.405425,18.12595,48.891769,25.838465,-0.034539,0.876874,0.040854,0.477734,2.888651,6.61129,41.413338,0.016114,0.974662,0.077623,0.209162,-9.347426,1.73823,-13.254504,-0.034539,0.876874,0.040854,0.477734,15.244282,2.021645,33.577171
996,8.3,-0.030917,0.962554,0.045797,0.265398,3.691113,84.224762,20.350622,-0.044392,0.977152,0.103291,0.180376,3.046349,91.869286,20.902515,-0.016083,0.980586,0.127421,0.148178,0.44289,112.330902,24.803934,0.095174,0.993452,-0.021492,0.059437,-1.00931,132.593781,29.940388,0.150358,0.972685,-0.171593,-0.04281,1.991019,146.754425,27.623037,-0.021986,0.938575,0.110716,0.326092,-4.540612,126.94812,28.011122,0.442601,-0.56874,0.086016,-0.687924,-18.291784,127.48909,17.221714,0.228589,0.077212,-0.503054,-0.829893,-9.89225,112.049423,-0.317745,0.291817,0.174783,-0.587724,-0.734081,2.887873,135.126511,-3.018704,-0.016628,0.973667,0.172188,0.148484,2.573535,126.901802,30.205158,0.360048,0.86738,0.134064,-0.316298,19.279875,126.573837,35.361652,0.033927,0.1526,0.462285,-0.872843,32.704449,113.170479,19.339813,0.041402,-0.078361,0.673261,-0.734075,19.837746,132.657928,12.055588,0.068894,0.927896,0.234261,0.281751,-4.349468,83.894493,15.531704,0.112904,0.987838,-0.032999,0.101687,-4.198914,51.974319,-1.631087,0.016013,0.974661,0.077559,0.209196,-15.127932,5.725953,0.377708,-0.086811,0.943746,0.019615,0.318469,11.731693,84.555031,25.16954,0.079414,0.88316,-0.221909,0.405559,18.122883,48.887177,25.831694,-0.034588,0.876874,0.040917,0.477724,2.889636,6.607038,41.41143,0.016013,0.974661,0.077559,0.209196,-9.347907,1.738441,-13.25398,-0.034588,0.876874,0.040917,0.477724,15.245808,2.019729,33.574753
997,8.308333,-0.030916,0.962554,0.04579,0.265401,3.694339,84.225418,20.349398,-0.044446,0.977156,0.103303,0.180331,3.049618,91.869949,20.90119,-0.016105,0.980601,0.127371,0.148117,0.444288,112.329292,24.802416,0.095208,0.993448,-0.021643,0.059403,-1.008187,132.592667,29.936817,0.150349,0.972671,-0.171674,-0.04282,1.993152,146.75238,27.615101,-0.022074,0.938601,0.110591,0.326052,-4.539471,126.94664,28.008589,0.442558,-0.568752,0.086078,-0.687935,-18.291437,127.483139,17.219963,0.228563,0.0771,-0.503073,-0.829899,-9.893072,112.042274,-0.31901,0.291849,0.174683,-0.587687,-0.734122,2.887433,135.119705,-3.024481,-0.016603,0.973686,0.17216,0.148393,2.574939,126.900879,30.201786,0.360006,0.867408,0.13422,-0.316202,19.282249,126.572777,35.355125,0.034012,0.15259,0.462207,-0.872883,32.71133,113.172516,19.334475,0.041469,-0.078248,0.673276,-0.734069,19.84099,132.65686,12.048585,0.068977,0.927876,0.234291,0.281774,-4.346211,83.895134,15.530428,0.11291,0.987813,-0.033077,0.101891,-4.20011,51.976841,-1.635891,0.016152,0.974639,0.07757,0.209285,-15.130849,5.7291,0.377939,-0.086824,0.943762,0.019583,0.318419,11.734889,84.555695,25.168367,0.079458,0.883189,-0.221905,0.405489,18.126272,48.887924,25.832653,-0.034573,0.87687,0.040962,0.47773,2.890699,6.608277,41.411461,0.016152,0.974639,0.07757,0.209285,-9.349746,1.741051,-13.253136,-0.034573,0.87687,0.040962,0.47773,15.247026,2.021889,33.574486
998,8.316667,-0.03093,0.962563,0.045898,0.265346,3.695779,84.224091,20.347355,-0.044363,0.977166,0.103278,0.180313,3.050442,91.868469,20.900717,-0.016137,0.980605,0.127326,0.148127,0.448949,112.326958,24.801394,0.09524,0.993437,-0.021822,0.05947,-1.004613,132.590775,29.933727,0.150242,0.972673,-0.171782,-0.042717,1.998176,146.749374,27.607128,-0.022109,0.938645,0.110612,0.325916,-4.535581,126.944389,28.005966,0.442579,-0.568797,0.086069,-0.687885,-18.290579,127.479424,17.221138,0.228624,0.077006,-0.503064,-0.829897,-9.894685,112.037491,-0.318077,0.292002,0.174485,-0.587853,-0.733975,2.887271,135.113953,-3.029231,-0.016591,0.97371,0.172035,0.148381,2.57877,126.899185,30.199368,0.359869,0.867438,0.13435,-0.316222,19.286221,126.571404,35.352276,0.034077,0.152568,0.462064,-0.87296,32.719559,113.178696,19.328896,0.041542,-0.078025,0.673519,-0.733865,19.842443,132.658142,12.042155,0.069003,0.92786,0.234323,0.281794,-4.345302,83.894035,15.529257,0.112928,0.987795,-0.033165,0.102023,-4.199925,51.977074,-1.639554,0.016142,0.974634,0.077624,0.209292,-15.133442,5.730274,0.380882,-0.086991,0.943789,0.019528,0.318298,11.736858,84.554146,25.165453,0.079648,0.883259,-0.221953,0.405274,18.138409,48.888321,25.836554,-0.034547,0.876893,0.040925,0.477693,2.88906,6.613567,41.415157,0.016142,0.974634,0.077624,0.209292,-9.351912,1.743842,-13.250484,-0.034547,0.876893,0.040925,0.477693,15.244343,2.025847,33.57732
999,8.325,-0.030981,0.962562,0.04596,0.265334,3.699405,84.223999,20.346045,-0.04437,0.97717,0.103239,0.180308,3.053079,91.868233,20.900133,-0.016188,0.980603,0.127334,0.148125,0.45175,112.32576,24.798944,0.095318,0.993427,-0.021958,0.059453,-1.003941,132.589417,29.931313,0.150212,0.972665,-0.171842,-0.042771,2.001181,146.746902,27.600897,-0.022216,0.938668,0.110529,0.32587,-4.53431,126.94268,28.003502,0.442585,-0.568833,0.086039,-0.687855,-18.290195,127.47303,17.21957,0.228629,0.076887,-0.503042,-0.829919,-9.896092,112.031281,-0.320669,0.292018,0.174292,-0.587939,-0.733945,2.888212,135.106384,-3.036941,-0.01659,0.973712,0.172095,0.1483,2.580022,126.898193,30.196976,0.359771,0.867476,0.134426,-0.316197,19.288311,126.570572,35.347172,0.034072,0.152621,0.462003,-0.872983,32.72596,113.182426,19.323574,0.041655,-0.077816,0.673453,-0.733942,19.846703,132.659943,12.034511,0.069025,0.927879,0.234368,0.281686,-4.341733,83.893341,15.528081,0.112947,0.987798,-0.033216,0.101953,-4.198867,51.978146,-1.644027,0.016157,0.974638,0.077691,0.209244,-15.13448,5.73208,0.381808,-0.086935,0.943695,0.01958,0.318589,11.740544,84.554657,25.164005,0.079579,0.883146,-0.222038,0.405486,18.139263,48.888268,25.832224,-0.034546,0.876878,0.040988,0.477716,2.888788,6.616083,41.416679,0.016157,0.974638,0.077691,0.209244,-9.354236,1.747555,-13.250664,-0.034546,0.876878,0.040988,0.477716,15.24472,2.029973,33.578918
1000,8.333333,-0.030979,0.962572,0.045955,0.265299,3.700216,84.223328,20.346228,-0.044342,0.977192,0.103188,0.180225,3.053948,91.867569,20.900265,-0.016236,0.98062,0.127302,0.148034,0.454584,112.324783,24.797281,0.095152,0.993443,-0.022112,0.0594,-1.002407,132.588715,29.928169,0.150294,0.972645,-0.171897,-0.042716,1.997953,146.746414,27.592855,-0.022148,0.938674,0.110516,0.325862,-4.532498,126.941444,28.00144,0.442635,-0.568867,0.086174,-0.687778,-18.288668,127.473854,17.217976,0.228704,0.076712,-0.50301,-0.829934,-9.897614,112.025681,-0.318053,0.292049,0.174131,-0.587889,-0.734012,2.890069,135.098465,-3.043662,-0.016684,0.973718,0.172096,0.148249,2.582211,126.897903,30.19371,0.359884,0.867433,0.134133,-0.31631,19.290924,126.573792,35.342751,0.034041,0.152724,0.462135,-0.872897,32.720985,113.177681,19.319456,0.041743,-0.077631,0.673514,-0.7339,19.848837,132.659515,12.026896,0.069063,0.927851,0.234433,0.281716,-4.341273,83.892632,15.528852,0.112949,0.98778,-0.033275,0.102103,-4.19899,51.980019,-1.648064,0.016062,0.974645,0.077659,0.209231,-15.135646,5.734366,0.381594,-0.087,0.94372,0.01956,0.318498,11.741704,84.554031,25.163603,0.079662,0.883144,-0.222084,0.40545,18.144455,48.888405,25.834089,-0.034536,0.876885,0.040987,0.477702,2.886034,6.619388,41.419392,0.016062,0.974645,0.077659,0.209231,-9.354897,1.74946,-13.25055,-0.034536,0.876885,0.040987,0.477702,15.241638,2.033107,33.581211
1001,8.341667,-0.03101,0.96259,0.04588,0.265245,3.703524,84.222931,20.346004,-0.044393,0.977209,0.103214,0.180106,3.057145,91.867249,20.898849,-0.016215,0.980654,0.127212,0.147895,0.456285,112.321541,24.796371,0.095352,0.993432,-0.022067,0.059286,-0.998575,132.586472,29.923952,0.150217,0.972622,-0.17205,-0.0429,2.006941,146.743271,27.589916,-0.022244,0.938749,0.110384,0.325686,-4.529401,126.93895,27.999268,0.442732,-0.568914,0.085993,-0.6877,-18.289446,127.465965,17.22048,0.228835,0.076612,-0.502959,-0.829938,-9.899522,112.020538,-0.318523,0.292132,0.174045,-0.587841,-0.734037,2.891525,135.090195,-3.051326,-0.01669,0.973722,0.172059,0.148266,2.585932,126.895584,30.189518,0.359908,0.86741,0.134136,-0.316346,19.294458,126.571762,35.339184,0.034152,0.152767,0.462141,-0.872881,32.722527,113.175346,19.314484,0.041798,-0.077617,0.6735,-0.733911,19.851831,132.655472,12.017962,0.069087,0.927853,0.234534,0.28162,-4.338473,83.891258,15.529546,0.113,0.987783,-0.033325,0.102008,-4.197343,51.982319,-1.654214,0.016191,0.974632,0.07759,0.209307,-15.138988,5.738077,0.380729,-0.086934,0.943732,0.019543,0.318481,11.74552,84.554604,25.162464,0.079641,0.883146,-0.222078,0.405453,18.143408,48.888103,25.832468,-0.034755,0.876882,0.040948,0.477696,2.886875,6.618515,41.418056,0.016191,0.974632,0.07759,0.209307,-9.357625,1.750357,-13.250332,-0.034755,0.876882,0.040948,0.477696,15.24418,2.034355,33.581322
1002,8.35,-0.031008,0.962603,0.045892,0.265195,3.706397,84.221878,20.343988,-0.044411,0.977222,0.103212,0.180036,3.06002,91.86618,20.897039,-0.016262,0.980677,0.127106,0.147826,0.458675,112.320709,24.794561,0.095377,0.993429,-0.022107,0.059271,-0.997108,132.5867,29.91766,0.150202,0.972603,-0.172173,-0.042895,2.009105,146.743179,27.582478,-0.022304,0.93877,0.110394,0.325616,-4.52774,126.938461,27.994722,0.442881,-0.568909,0.086041,-0.687602,-18.28927,127.463356,17.217728,0.228956,0.076473,-0.502955,-0.82992,-9.899475,112.012589,-0.316633,0.292155,0.173881,-0.58776,-0.734131,2.892792,135.080185,-3.058779,-0.016739,0.973728,0.172087,0.148186,2.587874,126.896156,30.184078,0.359992,0.867401,0.133991,-0.316334,19.297182,126.574341,35.331337,0.034202,0.152781,0.462156,-0.872869,32.72263,113.172089,19.309313,0.041813,-0.077589,0.673478,-0.733934,19.852621,132.65242,12.011028,0.069129,0.927828,0.234581,0.281652,-4.336092,83.890236,15.528348,0.113032,0.987762,-0.033396,0.102152,-4.196152,51.983307,-1.659155,0.016502,0.974615,0.077545,0.209379,-15.141745,5.740208,0.380514,-0.086909,0.943725,0.019542,0.31851,11.748884,84.553513,25.15963,0.079661,0.883168,-0.222114,0.405381,18.145061,48.8867,25.829332,-0.034646,0.876881,0.040959,0.477704,2.886827,6.618965,41.418266,0.016502,0.974615,0.077545,0.209379,-9.36158,1.749405,-13.250154,-0.034646,0.876881,0.040959,0.477704,15.243337,2.033543,33.581017
1003,8.358333,-0.031012,0.962614,0.045837,0.265164,3.709075,84.220085,20.343212,-0.044396,0.977234,0.103197,0.179982,3.062889,91.864464,20.895456,-0.016322,0.98069,0.127057,0.147776,0.462441,112.319649,24.79273,0.095373,0.993426,-0.022238,0.059281,-0.995245,132.586075,29.913568,0.150123,0.972597,-0.172287,-0.04284,2.011063,146.741898,27.574644,-0.022321,0.938803,0.11035,0.325536,-4.52539,126.93721,27.991596,0.442969,-0.568915,0.086068,-0.687536,-18.288734,127.460693,17.216846,0.229085,0.076339,-0.502951,-0.829899,-9.899523,112.006668,-0.314917,0.292346,0.173641,-0.587768,-0.734106,2.894247,135.0728,-3.066521,-0.016738,0.973733,0.172146,0.148085,2.590416,126.895973,30.180353,0.360054,0.867369,0.134078,-0.316314,19.30077,126.574417,35.324242,0.034421,0.152624,0.462113,-0.872911,32.724606,113.171303,19.30159,0.041885,-0.077732,0.673717,-0.733695,19.850142,132.649628,12.004722,0.069052,0.927891,0.234688,0.281375,-4.333719,83.888077,15.528104,0.113053,0.987772,-0.033431,0.10202,-4.191432,51.984013,-1.664685,0.016477,0.974639,0.077529,0.209277,-15.139037,5.741587,0.379488,-0.086958,0.943758,0.019495,0.318402,11.751868,84.552094,25.158319,0.079773,0.883251,-0.222082,0.405197,18.150347,48.885761,25.831642,-0.034617,0.876916,0.04095,0.477643,2.887194,6.61836,41.416687,0.016477,0.974639,0.077529,0.209277,-9.361448,1.750537,-13.252202,-0.034617,0.876916,0.04095,0.477643,15.24232,2.032277,33.577641
1004,8.366667,-0.031078,0.962637,0.045939,0.265053,3.716156,84.221588,20.339598,-0.044499,0.97724,0.103198,0.17992,3.06864,91.865761,20.893167,-0.016298,0.980699,0.127057,0.147716,0.464296,112.319794,24.789705,0.095409,0.993423,-0.022331,0.059233,-0.992095,132.586258,29.910788,0.150074,0.972582,-0.172401,-0.042886,2.015175,146.741425,27.569124,-0.022315,0.938832,0.110299,0.325471,-4.522662,126.9375,27.989244,0.44293,-0.568942,0.086249,-0.687517,-18.287481,127.460312,17.216356,0.229127,0.076165,-0.502941,-0.829909,-9.901307,112.000717,-0.311942,0.292455,0.173501,-0.587821,-0.734053,2.895127,135.066147,-3.072349,-0.016758,0.973759,0.172053,0.148021,2.593418,126.896034,30.177101,0.360106,0.867344,0.134141,-0.316297,19.304409,126.576065,35.319004,0.034512,0.152506,0.462126,-0.872921,32.726955,113.172058,19.296022,0.042029,-0.077813,0.673603,-0.733784,19.851522,132.650421,12.002164,0.069094,0.927936,0.234684,0.281218,-4.327664,83.888786,15.526262,0.113051,0.987752,-0.033483,0.102196,-4.191194,51.985001,-1.667088,0.01619,0.974651,0.077487,0.209257,-15.139429,5.742863,0.380044,-0.086918,0.943806,0.019363,0.318276,11.759975,84.55439,25.152933,0.079822,0.883273,-0.222092,0.405132,18.152813,48.88718,25.833502,-0.034569,0.876903,0.040988,0.477668,2.886403,6.620937,41.41848,0.01619,0.974651,0.077487,0.209257,-9.359659,1.752215,-13.250835,-0.034569,0.876903,0.040988,0.477668,15.241707,2.035158,33.57954
1005,8.375,-0.031149,0.962644,0.04604,0.265004,3.720132,84.222786,20.33725,-0.044484,0.977257,0.103154,0.17986,3.071176,91.866753,20.892048,-0.016337,0.980703,0.12709,0.147655,0.468093,112.320694,24.786989,0.095452,0.993421,-0.022413,0.059167,-0.989797,132.586746,29.909235,0.150019,0.972569,-0.172502,-0.04298,2.01853,146.741302,27.565077,-0.02235,0.938859,0.110267,0.325401,-4.520003,126.937737,27.987808,0.443058,-0.568974,0.086243,-0.687408,-18.286362,127.458763,17.216789,0.229243,0.076037,-0.502954,-0.829882,-9.901969,111.995483,-0.309116,0.292452,0.173495,-0.587876,-0.734012,2.894423,135.058838,-3.07846,-0.016735,0.973772,0.172047,0.147947,2.596328,126.896896,30.17487,0.36007,0.867352,0.13424,-0.316274,19.308115,126.576591,35.314186,0.034571,0.152337,0.462074,-0.872976,32.732677,113.175377,19.290535,0.04222,-0.077888,0.673502,-0.733857,19.852165,132.652908,12.002106,0.069185,0.92787,0.234692,0.281409,-4.324098,83.889145,15.524652,0.113082,0.987751,-0.033542,0.102157,-4.190005,51.986549,-1.670946,0.016207,0.974647,0.077483,0.209277,-15.141574,5.745444,0.381804,-0.086967,0.943818,0.019305,0.318232,11.764362,84.556427,25.149849,0.0799,0.883271,-0.222127,0.405102,18.159201,48.889671,25.835207,-0.034615,0.87688,0.041017,0.477704,2.88553,6.626072,41.420273,0.016207,0.974647,0.077483,0.209277,-9.361449,1.754558,-13.248864,-0.034615,0.87688,0.041017,0.477704,15.241999,2.04168,33.582344
1006,8.383333,-0.031193,0.96265,0.04605,0.264976,3.725175,84.222916,20.336237,-0.044513,0.977269,0.103102,0.179817,3.075557,91.866814,20.891022,-0.016345,0.98071,0.127098,0.147601,0.471734,112.322067,24.783916,0.09535,0.993432,-0.02254,0.059098,-0.986234,132.588028,29.906521,0.149976,0.972565,-0.172552,-0.043026,2.019051,146.742538,27.55831,-0.022345,0.938898,0.110221,0.325304,-4.516471,126.938919,27.985413,0.443101,-0.569038,0.086329,-0.687317,-18.285057,127.459167,17.217197,0.229273,0.075907,-0.502944,-0.829892,-9.905006,111.990723,-0.306231,0.292517,0.173275,-0.587832,-0.734073,2.893114,135.052658,-3.081966,-0.016694,0.973778,0.172085,0.147865,2.600094,126.898262,30.171717,0.359967,0.867394,0.134475,-0.316178,19.312782,126.576889,35.308033,0.034662,0.1521,0.461894,-0.873108,32.744015,113.182404,19.284363,0.042367,-0.077932,0.673422,-0.733917,19.851294,132.655807,12.003018,0.069182,0.92795,0.234757,0.28109,-4.319285,83.888512,15.524076,0.1131,0.987739,-0.033606,0.10223,-4.189503,51.988091,-1.675565,0.016559,0.974634,0.077555,0.209282,-15.143482,5.74778,0.38227,-0.086938,0.94383,0.019268,0.318207,11.769635,84.557312,25.148401,0.079911,0.883246,-0.22215,0.405142,18.161699,48.890091,25.835478,-0.034618,0.876886,0.041007,0.477693,2.885507,6.627652,41.421204,0.016559,0.974634,0.077555,0.209282,-9.366481,1.757035,-13.249763,-0.034618,0.876886,0.041007,0.477693,15.241784,2.043051,33.583092
1007,8.391667,-0.031201,0.962662,0.046077,0.264927,3.729094,84.222565,20.334648,-0.044493,0.977281,0.103071,0.179773,3.079266,91.866425,20.889822,-0.016354,0.980721,0.127059,0.147565,0.476617,112.322304,24.781761,0.095303,0.993436,-0.022618,0.059073,-0.981287,132.588669,29.902781,0.149917,0.972559,-0.172632,-0.043033,2.022671,146.743057,27.552151,-0.022441,0.93895,0.110218,0.325147,-4.511577,126.939354,27.982395,0.443241,-0.569082,0.086262,-0.687199,-18.283581,127.455795,17.218374,0.229347,0.07583,-0.502964,-0.829866,-9.905436,111.985245,-0.304098,0.292524,0.173168,-0.587876,-0.734061,2.891955,135.046265,-3.085492,-0.016685,0.973785,0.172051,0.147859,2.605145,126.898994,30.168194,0.359978,0.867379,0.134277,-0.31629,19.317905,126.577522,35.304268,0.03471,0.152012,0.461884,-0.873127,32.745255,113.180473,19.279476,0.042508,-0.078132,0.673185,-0.734105,19.850822,132.653564,12.000693,0.069275,0.92789,0.234742,0.281277,-4.315843,83.888084,15.523291,0.113116,0.987731,-0.03364,0.102279,-4.189116,51.988091,-1.677179,0.016204,0.974651,0.077539,0.20924,-15.145031,5.748349,0.383141,-0.086905,0.943818,0.019266,0.318252,11.774031,84.557037,25.146008,0.079934,0.883221,-0.222207,0.40516,18.163738,48.889385,25.832752,-0.034789,0.87689,0.040883,0.477684,2.88327,6.629696,41.421753,0.016204,0.974651,0.077539,0.20924,-9.365741,1.759158,-13.248372,-0.034789,0.87689,0.040883,0.477684,15.240398,2.044343,33.585434
1008,8.4,-0.031186,0.962678,0.045998,0.264881,3.732853,84.221542,20.333008,-0.044531,0.97729,0.10308,0.179711,3.083604,91.865524,20.887112,-0.016402,0.980738,0.126989,0.147502,0.479569,112.321136,24.779303,0.095483,0.993422,-0.022628,0.05902,-0.97955,132.588165,29.897318,0.149832,0.972556,-0.172693,-0.043163,2.029305,146.741501,27.54656,-0.022419,0.938987,0.110142,0.325069,-4.509557,126.938248,27.978214,0.443404,-0.569104,0.086271,-0.687074,-18.283371,127.454208,17.216488,0.229457,0.075793,-0.502962,-0.82984,-9.906558,111.97879,-0.302322,0.292545,0.173054,-0.587939,-0.734028,2.891477,135.039429,-3.088409,-0.016668,0.973808,0.171955,0.147825,2.607415,126.898849,30.163214,0.360039,0.867353,0.134245,-0.316305,19.320543,126.577507,35.298096,0.034836,0.151913,0.461858,-0.873153,32.745232,113.177887,19.273243,0.042534,-0.078312,0.673134,-0.734132,19.848291,132.649582,11.995777,0.069254,0.927949,0.234812,0.281029,-4.312552,83.886909,15.522448,0.113099,0.987723,-0.033697,0.102352,-4.187515,51.989079,-1.682033,0.016483,0.974648,0.077513,0.209239,-15.142573,5.749342,0.382963,-0.086879,0.943837,0.019249,0.318205,11.778257,84.556175,25.14357,0.079979,0.883296,-0.222209,0.404987,18.16589,48.888153,25.830517,-0.034534,0.876892,0.04094,0.477695,2.884667,6.629247,41.420883,0.016483,0.974648,0.077513,0.209239,-9.366112,1.757833,-13.249072,-0.034534,0.876892,0.04094,0.477695,15.239928,2.041725,33.582897
1009,8.408333,-0.031164,0.962701,0.045904,0.264819,3.735874,84.21994,20.332956,-0.044597,0.977317,0.103021,0.17958,3.087368,91.864082,20.885805,-0.016367,0.980767,0.126964,0.147335,0.481503,112.320801,24.775597,0.095527,0.993423,-0.022678,0.058923,-0.975155,132.588165,29.893049,0.149736,0.972552,-0.172787,-0.043211,2.034626,146.741013,27.540615,-0.022459,0.939035,0.110032,0.324963,-4.506016,126.938248,27.975458,0.443441,-0.569124,0.086318,-0.687027,-18.282158,127.451195,17.216578,0.229498,0.075728,-0.503005,-0.829808,-9.9069,111.97287,-0.300407,0.292664,0.17298,-0.587895,-0.734033,2.888808,135.032974,-3.090979,-0.016604,0.973831,0.171835,0.147816,2.611704,126.898727,30.15801,0.360023,0.867342,0.134081,-0.316423,19.324993,126.57592,35.292263,0.035016,0.15179,0.46176,-0.873219,32.74654,113.175415,19.265512,0.042679,-0.078447,0.673271,-0.733983,19.842922,132.643921,11.988645,0.069242,0.927958,0.234866,0.280959,-4.310181,83.88517,15.523493,0.113128,0.987746,-0.033698,0.1021,-4.184518,51.989067,-1.684187,0.01638,0.974656,0.077487,0.209221,-15.141747,5.749962,0.383408,-0.086827,0.943827,0.019268,0.318247,11.781929,84.55471,25.14242,0.079991,0.883326,-0.222222,0.404912,18.166454,48.886089,25.827169,-0.034543,0.876896,0.040909,0.477689,2.885039,6.62792,41.419365,0.01638,0.974656,0.077487,0.209221,-9.364841,1.758284,-13.248385,-0.034543,0.876896,0.040909,0.477689,15.240139,2.03974,33.581505
1010,8.416667,-0.031153,0.962708,0.045908,0.264792,3.738767,84.217789,20.330339,-0.044545,0.977327,0.103045,0.179526,3.09041,91.861931,20.883307,-0.016393,0.980781,0.126912,0.147286,0.486538,112.319969,24.774864,0.095545,0.993426,-0.022697,0.058835,-0.970607,132.587845,29.890129,0.149687,0.972538,-0.172867,-0.043364,2.03934,146.74054,27.536905,-0.022464,0.939071,0.109984,0.324875,-4.501379,126.937546,27.973513,0.443487,-0.569192,0.086349,-0.686938,-18.279533,127.449402,17.217144,0.229492,0.075657,-0.503013,-0.829812,-9.908371,111.967636,-0.298762,0.292607,0.172947,-0.587856,-0.734095,2.887714,135.027649,-3.092426,-0.016607,0.973842,0.171824,0.14776,2.616547,126.898613,30.155411,0.360093,0.867289,0.134162,-0.316453,19.330416,126.576279,35.287827,0.035189,0.151711,0.461707,-0.873254,32.748497,113.175133,19.258699,0.042723,-0.078373,0.673221,-0.734034,19.84164,132.640427,11.981308,0.069265,0.927953,0.234897,0.280943,-4.307568,83.883194,15.521327,0.113126,0.987743,-0.033761,0.102112,-4.183013,51.988392,-1.688775,0.016301,0.974665,0.077436,0.209202,-15.140635,5.749646,0.384668,-0.086812,0.943858,0.019211,0.318162,11.785102,84.552376,25.139353,0.080003,0.883348,-0.222225,0.40486,18.167316,48.883404,25.827078,-0.034623,0.876904,0.040892,0.477669,2.885671,6.625542,41.41988,0.016301,0.974665,0.077436,0.209202,-9.363599,1.756927,-13.246772,-0.034623,0.876904,0.040892,0.477669,15.241076,2.03805,33.582088
1011,8.425,-0.031151,0.962715,0.04599,0.264753,3.744998,84.218979,20.325909,-0.044593,0.977331,0.103047,0.179491,3.09636,91.863014,20.880131,-0.016405,0.980786,0.126921,0.147245,0.49078,112.320038,24.771332,0.095544,0.993426,-0.022793,0.058795,-0.966737,132.587799,29.88694,0.149612,0.972541,-0.172906,-0.043403,2.043131,146.740036,27.53083,-0.022505,0.939097,0.109942,0.324813,-4.497442,126.937393,27.970537,0.44359,-0.569249,0.086311,-0.686829,-18.276924,127.447197,17.21578,0.22956,0.075675,-0.503026,-0.829784,-9.908661,111.963013,-0.299375,0.292689,0.172911,-0.587844,-0.734081,2.887043,135.024139,-3.094444,-0.016664,0.97384,0.171862,0.147724,2.620655,126.898705,30.151875,0.360114,0.867268,0.134054,-0.316534,19.334826,126.578331,35.283417,0.035299,0.151721,0.461717,-0.873243,32.749645,113.175522,19.252945,0.042922,-0.078304,0.673167,-0.734079,19.843407,132.640106,11.972747,0.0693,0.927986,0.234826,0.280886,-4.301725,83.884796,15.517519,0.113145,0.987735,-0.033776,0.102166,-4.182113,51.987904,-1.688747,0.016209,0.974664,0.077431,0.209219,-15.141771,5.749664,0.385236,-0.086854,0.94392,0.019089,0.317972,11.791721,84.553162,25.134295,0.080122,0.883398,-0.222236,0.404723,18.174133,48.884373,25.83004,-0.034618,0.876885,0.040898,0.477705,2.884683,6.628764,41.421284,0.016209,0.974664,0.077431,0.209219,-9.363387,1.757305,-13.245734,-0.034618,0.876885,0.040898,0.477705,15.240714,2.041385,33.584415
1012,8.433333,-0.031204,0.962729,0.046005,0.264693,3.749694,84.219208,20.323486,-0.044582,0.977339,0.102998,0.179477,3.100257,91.863167,20.877748,-0.016397,0.980782,0.126955,0.147244,0.495378,112.321625,24.767281,0.09553,0.993428,-0.022828,0.058766,-0.961998,132.589035,29.884291,0.149543,0.972535,-0.172985,-0.043466,2.047385,146.74118,27.527061,-0.022495,0.939125,0.110005,0.324711,-4.492745,126.938782,27.967516,0.443569,-0.56931,0.086412,-0.686779,-18.274567,127.449203,17.215788,0.229525,0.075564,-0.503015,-0.82981,-9.910618,111.961029,-0.297897,0.292618,0.172854,-0.587846,-0.73412,2.886338,135.020477,-3.09663,-0.016705,0.973845,0.171912,0.147627,2.625362,126.89991,30.148815,0.360081,0.867283,0.134057,-0.316531,19.340485,126.581261,35.277359,0.035619,0.151634,0.461627,-0.873292,32.756577,113.179657,19.246948,0.043365,-0.078277,0.673216,-0.734011,19.845165,132.63913,11.963128,0.069341,0.927991,0.234824,0.280859,-4.29756,83.884087,15.516054,0.11313,0.987727,-0.033821,0.102245,-4.181243,51.987541,-1.690875,0.016471,0.974659,0.077508,0.209194,-15.140057,5.749255,0.386656,-0.08697,0.944014,0.018952,0.317671,11.796947,84.554321,25.130919,0.080304,0.88349,-0.222217,0.404495,18.184359,48.886627,25.836681,-0.034633,0.876893,0.04083,0.477694,2.884422,6.633022,41.423058,0.016471,0.974659,0.077508,0.209194,-9.364719,1.757717,-13.245845,-0.034633,0.876893,0.04083,0.477694,15.240092,2.044114,33.586529
1013,8.441667,-0.031215,0.962726,0.045936,0.264716,3.752862,84.218765,20.321297,-0.044552,0.977346,0.103027,0.179428,3.103528,91.862808,20.874479,-0.016432,0.980793,0.126933,0.147183,0.499835,112.321495,24.765593,0.095487,0.993437,-0.022858,0.058674,-0.958525,132.589096,29.881609,0.149559,0.972518,-0.173036,-0.043581,2.049304,146.741364,27.52314,-0.022653,0.939161,0.109892,0.324634,-4.489054,126.938461,27.965551,0.443672,-0.569357,0.086204,-0.6867,-18.272369,127.442085,17.215412,0.229543,0.075595,-0.503055,-0.829778,-9.909264,111.957405,-0.301765,0.292691,0.172747,-0.587814,-0.734143,2.88558,135.018768,-3.100335,-0.016744,0.97386,0.171917,0.147517,2.629303,126.900246,30.146057,0.360094,0.867274,0.133807,-0.316645,19.345528,126.583565,35.271145,0.035721,0.151629,0.461615,-0.873295,32.757572,113.178383,19.240335,0.04361,-0.078127,0.673348,-0.733891,19.844904,132.63768,11.954043,0.069358,0.927982,0.234798,0.280906,-4.294156,83.883133,15.5135,0.113149,0.98772,-0.033834,0.10228,-4.178663,51.98587,-1.69211,0.016431,0.974669,0.077532,0.209139,-15.139445,5.748084,0.386059,-0.086891,0.943945,0.01901,0.317895,11.799879,84.554398,25.129091,0.080209,0.883364,-0.222308,0.40474,18.183065,48.885864,25.830564,-0.034614,0.876886,0.040828,0.477709,2.883382,6.634644,41.423672,0.016431,0.974669,0.077532,0.209139,-9.365138,1.757509,-13.247161,-0.034614,0.876886,0.040828,0.477709,15.239136,2.045391,33.587467
1014,8.45,-0.031169,0.962753,0.045866,0.264633,3.757308,84.216988,20.318525,-0.044596,0.977357,0.103055,0.179342,3.108973,91.861176,20.87092,-0.016417,0.980818,0.126846,0.147096,0.503605,112.319717,24.763102,0.095431,0.993443,-0.022845,0.058662,-0.953136,132.588272,29.875813,0.149468,0.972509,-0.173176,-0.043535,2.053027,146.740921,27.517563,-0.022718,0.93921,0.10985,0.324502,-4.484203,126.937416,27.961382,0.443809,-0.569383,0.086081,-0.686605,-18.270428,127.437881,17.214827,0.229592,0.075494,-0.503065,-0.829768,-9.907747,111.953339,-0.302683,0.292556,0.172713,-0.587828,-0.734193,2.88713,135.013336,-3.107049,-0.01679,0.973897,0.171719,0.147499,2.634542,126.899338,30.140621,0.36026,0.867198,0.133377,-0.316847,19.350893,126.585403,35.265457,0.035692,0.15184,0.461786,-0.873169,32.750637,113.169006,19.233755,0.043559,-0.078012,0.673286,-0.733964,19.849274,132.631882,11.94004,0.06936,0.927982,0.234797,0.280909,-4.290584,83.881737,15.51217,0.113161,0.987732,-0.033824,0.102161,-4.175194,51.984467,-1.693426,0.016375,0.974672,0.077485,0.209149,-15.136756,5.746874,0.385035,-0.086916,0.944013,0.018915,0.31769,11.805199,84.552238,25.124884,0.080287,0.883421,-0.222286,0.404611,18.188089,48.883766,25.832043,-0.034655,0.876884,0.040774,0.477715,2.884935,6.632834,41.422516,0.016375,0.974672,0.077485,0.209149,-9.361744,1.75523,-13.247572,-0.034655,0.876884,0.040774,0.477715,15.24094,2.042804,33.58717
1015,8.458333,-0.031158,0.962764,0.045758,0.264615,3.761808,84.216721,20.315908,-0.044678,0.977354,0.103078,0.179324,3.114085,91.861069,20.86676,-0.016347,0.980828,0.126811,0.147065,0.505234,112.319168,24.75931,0.095312,0.993458,-0.022879,0.058599,-0.948257,132.588181,29.871113,0.149512,0.972492,-0.173224,-0.043578,2.054279,146.741379,27.51148,-0.022768,0.939272,0.109781,0.324341,-4.480268,126.937721,27.957254,0.443812,-0.569373,0.086088,-0.686611,-18.270046,127.435089,17.215126,0.229592,0.07534,-0.503097,-0.829762,-9.906886,111.950432,-0.302052,0.292643,0.172457,-0.587829,-0.734218,2.887947,135.010666,-3.113733,-0.016798,0.973918,0.171672,0.147411,2.638645,126.898766,30.135914,0.360326,0.867182,0.133245,-0.31687,19.355886,126.585861,35.257885,0.035876,0.151849,0.461755,-0.873176,32.752544,113.164993,19.22735,0.043653,-0.077948,0.67345,-0.733814,19.849787,132.625565,11.929007,0.069324,0.927998,0.234812,0.28085,-4.286268,83.881111,15.50989,0.113204,0.987731,-0.033833,0.102113,-4.16926,51.983994,-1.695971,0.01649,0.974687,0.077404,0.209098,-15.134782,5.747387,0.383414,-0.086813,0.94401,0.018888,0.317729,11.809883,84.55233,25.121927,0.080238,0.883418,-0.222263,0.404641,18.185097,48.882477,25.828835,-0.034667,0.876868,0.040728,0.477747,2.886368,6.629816,41.418941,0.01649,0.974687,0.077404,0.209098,-9.362495,1.752804,-13.249482,-0.034667,0.876868,0.040728,0.477747,15.242849,2.03879,33.58493
1016,8.466667,-0.031175,0.962768,0.045696,0.264608,3.76596,84.213661,20.314224,-0.044681,0.977361,0.1031,0.179277,3.118246,91.858086,20.864088,-0.016373,0.980846,0.126724,0.147015,0.509093,112.317551,24.757952,0.095228,0.993468,-0.022865,0.058571,-0.944695,132.587448,29.866156,0.149487,0.972481,-0.173306,-0.043584,2.05532,146.741196,27.506681,-0.022814,0.939301,0.109799,0.32425,-4.476672,126.936508,27.953672,0.443837,-0.569337,0.086111,-0.686621,-18.268448,127.432205,17.21402,0.229597,0.07517,-0.503178,-0.829727,-9.903436,111.9468,-0.301604,0.292834,0.172028,-0.587996,-0.734108,2.888123,135.007065,-3.121978,-0.016793,0.973939,0.171636,0.147318,2.642452,126.898216,30.13167,0.360445,0.867133,0.133331,-0.316831,19.360659,126.585915,35.250538,0.036035,0.151854,0.461769,-0.873161,32.754261,113.161873,19.220097,0.043654,-0.077853,0.673448,-0.733826,19.85269,132.62085,11.91828,0.069314,0.927989,0.234837,0.280864,-4.282172,83.877434,15.508339,0.113248,0.98775,-0.033833,0.101884,-4.163674,51.981079,-1.698932,0.016464,0.974691,0.07734,0.209105,-15.13279,5.74542,0.382561,-0.086791,0.944016,0.018873,0.317718,11.814092,84.549889,25.12011,0.080277,0.88345,-0.222281,0.404554,18.18746,48.879715,25.827471,-0.034702,0.876891,0.040592,0.477713,2.886404,6.628388,41.418941,0.016464,0.974691,0.07734,0.209105,-9.360226,1.7491,-13.249713,-0.034702,0.876891,0.040592,0.477713,15.242043,2.034364,33.585346
1017,8.475,-0.031117,0.962779,0.045608,0.264589,3.76976,84.213249,20.313969,-0.044558,0.977387,0.10305,0.179193,3.123268,91.857849,20.862793,-0.016554,0.98086,0.126684,0.146942,0.520337,112.314453,24.755085,0.095176,0.993476,-0.022917,0.058493,-0.940274,132.584518,29.86063,0.149456,0.972489,-0.173263,-0.043676,2.05799,146.738342,27.49931,-0.022826,0.939337,0.109846,0.324127,-4.470396,126.932037,27.94928,0.444042,-0.56938,0.085871,-0.686483,-18.264961,127.427353,17.213192,0.229676,0.075073,-0.503228,-0.829683,-9.900337,111.943993,-0.304432,0.292816,0.171862,-0.588063,-0.734101,2.889362,135.004456,-3.131976,-0.016766,0.973957,0.171554,0.147297,2.648958,126.896629,30.126575,0.360448,0.867108,0.13336,-0.316885,19.36742,126.583969,35.244598,0.036093,0.151809,0.461753,-0.873175,32.75922,113.161087,19.211691,0.043682,-0.07789,0.673429,-0.733838,19.856583,132.61879,11.910621,0.069292,0.927986,0.23485,0.280868,-4.278625,83.877609,15.508464,0.113279,0.98775,-0.033844,0.101841,-4.158298,51.981461,-1.699173,0.016524,0.974702,0.077299,0.209067,-15.130347,5.746552,0.383488,-0.086739,0.943985,0.018902,0.317823,11.818145,84.548889,25.119474,0.080221,0.883381,-0.222316,0.404697,18.188585,48.878143,25.824329,-0.034696,0.876899,0.040583,0.477701,2.888404,6.627438,41.41832,0.016524,0.974702,0.077299,0.209067,-9.359521,1.748738,-13.249085,-0.034696,0.876899,0.040583,0.477701,15.243718,2.033083,33.584412
1018,8.483333,-0.031181,0.962794,0.045639,0.264522,3.776735,84.214256,20.31053,-0.044751,0.977379,0.103073,0.179173,3.129217,91.858757,20.859598,-0.016396,0.98087,0.126669,0.146902,0.518086,112.316063,24.751667,0.09517,0.993482,-0.0229,0.058408,-0.935707,132.586517,29.857647,0.149416,0.972481,-0.173311,-0.043792,2.062001,146.740479,27.496534,-0.022852,0.939347,0.109825,0.324105,-4.46779,126.935135,27.946651,0.443985,-0.569374,0.086021,-0.686507,-18.262802,127.42926,17.211084,0.2296,0.07484,-0.503301,-0.829681,-9.8991,111.942436,-0.303915,0.292766,0.171682,-0.588216,-0.734041,2.888835,135.003311,-3.140638,-0.016774,0.973974,0.171513,0.147228,2.651815,126.897522,30.123085,0.360449,0.867107,0.133241,-0.316935,19.370974,126.58577,35.238892,0.036094,0.151758,0.461757,-0.873182,32.761158,113.161301,19.205956,0.043769,-0.077891,0.673556,-0.733716,19.857573,132.62001,11.906766,0.069296,0.92801,0.234805,0.280824,-4.272248,83.877556,15.506103,0.113305,0.987762,-0.033827,0.101703,-4.153954,51.979923,-1.698799,0.016643,0.974705,0.077334,0.209027,-15.127961,5.745461,0.383584,-0.086721,0.944022,0.018764,0.317726,11.825718,84.550957,25.114956,0.08029,0.883438,-0.222285,0.404575,18.191837,48.879612,25.828186,-0.034658,0.87688,0.040578,0.477738,2.889194,6.628651,41.419064,0.016643,0.974705,0.077334,0.209027,-9.359266,1.748071,-13.250015,-0.034658,0.87688,0.040578,0.477738,15.244815,2.033655,33.586018
1019,8.491667,-0.031127,0.962796,0.045545,0.264538,3.779338,84.213188,20.309084,-0.044551,0.977401,0.10311,0.179083,3.132977,91.857864,20.856974,-0.016648,0.980884,0.126605,0.146833,0.53054,112.312408,24.751701,0.095159,0.993484,-0.022992,0.058363,-0.932874,132.583206,29.85364,0.149254,0.972515,-0.173246,-0.043858,2.064443,146.736786,27.489725,-0.022821,0.939374,0.109869,0.324014,-4.462309,126.929688,27.944065,0.444081,-0.569432,0.085826,-0.686421,-18.259438,127.424965,17.211273,0.229561,0.074708,-0.503388,-0.829651,-9.89736,111.941162,-0.307171,0.292644,0.171599,-0.588358,-0.733995,2.886782,135.002991,-3.149781,-0.016776,0.973993,0.171444,0.147183,2.657474,126.896027,30.119976,0.360407,0.867072,0.133251,-0.317075,19.3771,126.584946,35.234283,0.036023,0.151622,0.461778,-0.873198,32.764393,113.163986,19.196007,0.043899,-0.077932,0.673443,-0.733808,19.859266,132.625336,11.903825,0.069341,0.927989,0.234771,0.28091,-4.269541,83.876999,15.50445,0.113289,0.987776,-0.033817,0.101587,-4.153457,51.978661,-1.699162,0.016626,0.974719,0.077388,0.208946,-15.125643,5.743795,0.38367,-0.086781,0.944049,0.018754,0.31763,11.828217,84.54937,25.11372,0.080367,0.883476,-0.222331,0.40445,18.198282,48.878757,25.828388,-0.034642,0.876918,0.040559,0.477671,2.889699,6.630916,41.421898,0.016626,0.974719,0.077388,0.208946,-9.358862,1.748127,-13.251239,-0.034642,0.876918,0.040559,0.477671,15.243909,2.035169,33.587074
1020,8.5,-0.031113,0.9628,0.045457,0.264542,3.781734,84.212914,20.308056,-0.044564,0.977408,0.10309,0.179054,3.135936,91.857735,20.854698,-0.016628,0.980897,0.12656,0.146792,0.533282,112.311996,24.748522,0.095068,0.993491,-0.023056,0.058358,-0.928809,132.583282,29.848818,0.149189,0.97252,-0.173289,-0.043804,2.065987,146.737076,27.482882,-0.022828,0.939401,0.109839,0.323944,-4.458655,126.929764,27.940046,0.44449,-0.56946,0.085448,-0.68618,-18.257357,127.424179,17.209244,0.22977,0.074717,-0.503468,-0.829544,-9.893659,111.942078,-0.309919,0.292681,0.171447,-0.588508,-0.733895,2.885549,135.004364,-3.158993,-0.01678,0.974003,0.171409,0.147158,2.661317,126.895988,30.115334,0.360377,0.867082,0.133136,-0.31713,19.381193,126.585403,35.228855,0.035999,0.151596,0.461767,-0.873209,32.767803,113.164101,19.190292,0.043901,-0.078131,0.673332,-0.733889,19.861803,132.625549,11.899663,0.069304,0.927969,0.234771,0.280986,-4.267128,83.876541,15.503405,0.113369,0.987774,-0.033803,0.101528,-4.147162,51.977848,-1.699516,0.016779,0.974697,0.077316,0.209062,-15.126514,5.744615,0.381874,-0.086778,0.94409,0.018714,0.317511,11.830595,84.549294,25.112707,0.08039,0.883466,-0.222334,0.404467,18.199617,48.878521,25.82921,-0.034531,0.87691,0.040546,0.477694,2.88867,6.631186,41.421787,0.016779,0.974697,0.077316,0.209062,-9.358265,1.745906,-13.251524,-0.034531,0.87691,0.040546,0.477694,15.242231,2.033533,33.587055
1021,8.508333,-0.03105,0.962811,0.045314,0.264534,3.783015,84.211662,20.306503,-0.044556,0.977415,0.103145,0.178988,3.138735,91.856735,20.85129,-0.016613,0.98092,0.126472,0.146715,0.536451,112.308815,24.747267,0.095137,0.993496,-0.022935,0.058212,-0.924125,132.581055,29.84421,0.149067,0.972521,-0.173315,-0.044083,2.071868,146.735107,27.481413,-0.022791,0.939446,0.10972,0.323857,-4.454472,126.927315,27.936993,0.444138,-0.569431,0.085777,-0.68639,-18.25519,127.421249,17.208755,0.229496,0.074346,-0.503585,-0.829582,-9.892646,111.937622,-0.30963,0.292542,0.171429,-0.588531,-0.733937,2.884118,135.00206,-3.169156,-0.016902,0.974027,0.171341,0.147066,2.665843,126.893677,30.111166,0.360581,0.866985,0.132923,-0.317255,19.386526,126.588165,35.222363,0.035995,0.151473,0.461911,-0.873155,32.761932,113.157318,19.182434,0.043878,-0.078285,0.673353,-0.733854,19.860033,132.624741,11.897042,0.069282,0.927972,0.234761,0.280992,-4.266002,83.875694,15.50208,0.113343,0.987783,-0.033794,0.101469,-4.144627,51.976406,-1.699723,0.01649,0.974747,0.07722,0.208888,-15.121356,5.742553,0.381733,-0.086673,0.944055,0.018761,0.317643,11.832031,84.547623,25.110928,0.080261,0.883394,-0.222348,0.404641,18.194904,48.875664,25.822723,-0.034619,0.876914,0.040424,0.477692,2.891155,6.626955,41.418625,0.01649,0.974747,0.07722,0.208888,-9.355257,1.742811,-13.252274,-0.034619,0.876914,0.040424,0.477692,15.244956,2.027439,33.585365
1022,8.516667,-0.031002,0.962821,0.045146,0.264532,3.785729,84.208954,20.305933,-0.044437,0.977428,0.103183,0.178921,3.142843,91.854309,20.848431,-0.016775,0.980942,0.126329,0.14667,0.54577,112.304016,24.746572,0.094894,0.993519,-0.023005,0.058196,-0.920348,132.577545,29.836815,0.149133,0.972519,-0.17329,-0.044013,2.068738,146.732651,27.471525,-0.02278,0.939484,0.109753,0.323735,-4.449171,126.922157,27.931664,0.444234,-0.569453,0.085637,-0.686328,-18.25267,127.416321,17.207027,0.229469,0.074202,-0.503676,-0.829547,-9.890156,111.934555,-0.312996,0.292454,0.171282,-0.588681,-0.733885,2.882518,134.999603,-3.179293,-0.016925,0.974053,0.171194,0.147062,2.671259,126.891281,30.105492,0.360512,0.867001,0.132232,-0.317577,19.391949,126.587357,35.21674,0.035741,0.151484,0.461972,-0.873131,32.759663,113.150421,19.175514,0.043923,-0.078494,0.673415,-0.733773,19.859167,132.62413,11.894553,0.069296,0.927971,0.234735,0.281012,-4.263356,83.873024,15.501631,0.113248,0.987828,-0.033747,0.10115,-4.143156,51.972992,-1.698814,0.016541,0.974796,0.077208,0.208657,-15.109936,5.736774,0.382764,-0.086524,0.943993,0.018823,0.317862,11.834814,84.544884,25.110235,0.080122,0.883324,-0.222372,0.404809,18.18886,48.871223,25.815762,-0.034553,0.876902,0.040433,0.477717,2.892876,6.621382,41.416214,0.016541,0.974796,0.077208,0.208657,-9.350632,1.736604,-13.253983,-0.034553,0.876902,0.040433,0.477717,15.246569,2.021154,33.583214
1023,8.525,-0.03098,0.962834,0.045064,0.264499,3.788669,84.208061,20.303387,-0.044434,0.977427,0.103198,0.17892,3.146467,91.853554,20.84479,-0.016701,0.980941,0.126344,0.146674,0.549365,112.303497,24.743639,0.094938,0.993521,-0.022972,0.058091,-0.913831,132.576981,29.834917,0.148979,0.972527,-0.173313,-0.044258,2.076025,146.732025,27.470303,-0.02282,0.93951,0.109685,0.323682,-4.443476,126.92218,27.929514,0.444256,-0.569482,0.085613,-0.686293,-18.248125,127.414047,17.206244,0.22943,0.074059,-0.503767,-0.829516,-9.887059,111.932007,-0.314233,0.292422,0.171202,-0.588859,-0.733774,2.881798,134.998123,-3.186981,-0.016949,0.974064,0.171231,0.146945,2.676975,126.890198,30.103271,0.360564,0.866939,0.132159,-0.317719,19.398838,126.587608,35.210777,0.03573,0.151323,0.461994,-0.873147,32.760216,113.149307,19.165396,0.043911,-0.078648,0.673414,-0.733757,19.858414,132.624527,11.8915,0.069272,0.927957,0.234734,0.281063,-4.260777,83.872093,15.499684,0.113225,0.987877,-0.033705,0.100712,-4.138026,51.971794,-1.700243,0.016448,0.974832,0.077203,0.208497,-15.101322,5.734801,0.382415,-0.086558,0.944062,0.01875,0.317652,11.838115,84.544029,25.107088,0.08015,0.883323,-0.222354,0.404814,18.192907,48.87059,25.817001,-0.03457,0.876894,0.040338,0.477739,2.89509,6.620449,41.414845,0.016448,0.974832,0.077203,0.208497,-9.345447,1.735149,-13.255936,-0.03457,0.876894,0.040338,0.477739,15.248921,2.01805,33.583324
1024,8.533333,-0.030983,0.962844,0.04502,0.264472,3.792549,84.207306,20.300587,-0.044453,0.977431,0.103195,0.178894,3.150486,91.852859,20.841345,-0.016682,0.980947,0.126335,0.146645,0.552449,112.304947,24.740421,0.094941,0.993522,-0.023017,0.058055,-0.909757,132.578552,29.831514,0.148926,0.972526,-0.173353,-0.044304,2.080078,146.733368,27.465511,-0.022886,0.939521,0.109624,0.323665,-4.439709,126.923843,27.926414,0.444352,-0.56948,0.085548,-0.686239,-18.244627,127.412773,17.203358,0.22946,0.07401,-0.503866,-0.829452,-9.882931,111.930443,-0.316569,0.292446,0.171218,-0.588857,-0.733762,2.881006,134.998642,-3.193717,-0.016885,0.974085,0.171138,0.146916,2.680878,126.891647,30.099716,0.360616,0.866883,0.132443,-0.317692,19.40312,126.587547,35.205879,0.03584,0.151189,0.461992,-0.873167,32.763458,113.15229,19.157091,0.043904,-0.078734,0.673369,-0.73379,19.860355,132.626175,11.886692,0.069283,0.927972,0.234703,0.281038,-4.257153,83.871033,15.497339,0.113266,0.987834,-0.033751,0.101073,-4.136299,51.969803,-1.700872,0.016745,0.974794,0.077202,0.208655,-15.104654,5.734015,0.381722,-0.086564,0.944133,0.018628,0.317447,11.842251,84.543587,25.103834,0.080251,0.883431,-0.222316,0.404581,18.19482,48.869896,25.820879,-0.034389,0.876898,0.040409,0.477739,2.894194,6.619644,41.415657,0.016745,0.974794,0.077202,0.208655,-9.34743,1.732553,-13.255525,-0.034389,0.876898,0.040409,0.477739,15.246696,2.016483,33.582489
1025,8.541667,-0.031045,0.962855,0.044983,0.264429,3.798523,84.208939,20.297558,-0.044458,0.977429,0.103225,0.178886,3.155724,91.854485,20.837542,-0.016692,0.980946,0.126328,0.146654,0.557396,112.305435,24.737646,0.094955,0.993523,-0.023018,0.058015,-0.905242,132.579086,29.828388,0.148849,0.972529,-0.173377,-0.044415,2.084831,146.733826,27.462238,-0.022909,0.939518,0.109669,0.323657,-4.435063,126.924301,27.923307,0.444332,-0.569504,0.085573,-0.68623,-18.240128,127.412964,17.200426,0.229435,0.073972,-0.503917,-0.829431,-9.879969,111.929893,-0.319581,0.292472,0.171226,-0.588999,-0.733636,2.881645,134.99942,-3.198467,-0.016909,0.974087,0.171166,0.146868,2.685479,126.892258,30.096754,0.360579,0.866876,0.132411,-0.317766,19.408182,126.589081,35.201466,0.035844,0.15112,0.46193,-0.873211,32.767517,113.155533,19.150423,0.043902,-0.078771,0.673327,-0.733824,19.860579,132.627869,11.882673,0.0693,0.928003,0.234643,0.280982,-4.251532,83.871323,15.494998,0.11327,0.987859,-0.033719,0.100834,-4.134143,51.968204,-1.699738,0.016501,0.97481,0.077245,0.208582,-15.102095,5.732298,0.382496,-0.086524,0.944147,0.018552,0.317419,11.848579,84.546562,25.100119,0.080263,0.88346,-0.222346,0.404498,18.19673,48.872166,25.821262,-0.034104,0.876929,0.040477,0.477697,2.895409,6.623369,41.419308,0.016501,0.97481,0.077245,0.208582,-9.344325,1.733486,-13.255299,-0.034104,0.876929,0.040477,0.477697,15.244881,2.017879,33.582737
1026,8.55,-0.031028,0.96286,0.044949,0.264418,3.802029,84.21122,20.29484,-0.044448,0.977438,0.103225,0.178839,3.159622,91.856827,20.834408,-0.016701,0.980953,0.126341,0.146597,0.56216,112.305595,24.734301,0.095065,0.993516,-0.023046,0.057947,-0.900616,132.579102,29.825575,0.14867,0.972539,-0.173435,-0.044554,2.09235,146.733093,27.458588,-0.022938,0.939544,0.109612,0.323599,-4.430454,126.924225,27.920788,0.44436,-0.569542,0.085456,-0.686195,-18.23679,127.411018,17.199451,0.229412,0.073967,-0.503932,-0.829428,-9.877805,111.93045,-0.32333,0.292419,0.17122,-0.589087,-0.733588,2.882622,134.999725,-3.201952,-0.017003,0.974097,0.171178,0.146779,2.690337,126.892387,30.093435,0.360546,0.866874,0.132245,-0.31788,19.413843,126.592926,35.19574,0.035793,0.151135,0.461911,-0.873221,32.77079,113.158989,19.143024,0.043902,-0.078803,0.67319,-0.733947,19.863882,132.63002,11.876123,0.069341,0.928049,0.234574,0.280876,-4.24816,83.873734,15.49249,0.113228,0.987846,-0.033729,0.101003,-4.13694,51.96867,-1.698688,0.016736,0.974815,0.07725,0.208537,-15.101397,5.731914,0.382967,-0.086481,0.944137,0.018488,0.317465,11.85222,84.548706,25.097189,0.080238,0.883436,-0.22234,0.404559,18.196001,48.873608,25.821966,-0.034267,0.876953,0.040385,0.47765,2.895908,6.624177,41.419525,0.016736,0.974815,0.07725,0.208537,-9.347151,1.732016,-13.256001,-0.034267,0.876953,0.040385,0.47765,15.245625,2.018629,33.583366
1027,8.558333,-0.031034,0.96287,0.044886,0.264391,3.804974,84.210869,20.292122,-0.044402,0.977451,0.103213,0.17879,3.162745,91.856552,20.83075,-0.016686,0.980963,0.126325,0.146546,0.567396,112.306061,24.730734,0.094998,0.993523,-0.023076,0.057928,-0.894399,132.579758,29.82155,0.148595,0.972535,-0.173529,-0.044536,2.096596,146.733994,27.453524,-0.023011,0.939578,0.109655,0.323482,-4.42456,126.924896,27.917311,0.444276,-0.569539,0.085487,-0.686248,-18.233425,127.409302,17.199139,0.229316,0.073848,-0.503953,-0.829453,-9.87454,111.929893,-0.324702,0.292301,0.171193,-0.589096,-0.733634,2.885772,134.999054,-3.206164,-0.017021,0.974097,0.171169,0.14679,2.696456,126.892975,30.089205,0.360633,0.866808,0.132199,-0.317979,19.419823,126.594093,35.191978,0.035811,0.151219,0.461952,-0.873184,32.770527,113.157509,19.13628,0.043752,-0.078728,0.67311,-0.734037,19.866552,132.62944,11.865481,0.0693,0.928088,0.234583,0.280751,-4.245471,83.872925,15.490238,0.113243,0.987882,-0.033698,0.10065,-4.13362,51.967781,-1.700766,0.016439,0.974846,0.077195,0.208435,-15.098407,5.731144,0.381791,-0.086428,0.944145,0.0184,0.317462,11.855419,84.548805,25.094009,0.080259,0.883486,-0.222302,0.404467,18.193583,48.87281,25.823593,-0.034273,0.876957,0.040344,0.477645,2.894755,6.622094,41.418873,0.016439,0.974846,0.077195,0.208435,-9.344158,1.731371,-13.257207,-0.034273,0.876957,0.040344,0.477645,15.244269,2.015596,33.582966
1028,8.566667,-0.031013,0.962872,0.044805,0.264401,3.807665,84.211586,20.289444,-0.044379,0.97745,0.103221,0.178794,3.166074,91.857407,20.826948,-0.016737,0.980969,0.126252,0.146563,0.57178,112.305344,24.727135,0.094929,0.993532,-0.023006,0.057903,-0.891777,132.579742,29.814655,0.148676,0.972519,-0.173532,-0.044597,2.097059,146.734741,27.448448,-0.022929,0.939612,0.109671,0.323381,-4.421426,126.924309,27.911148,0.444379,-0.569516,0.085418,-0.686209,-18.232712,127.411209,17.196194,0.229417,0.073892,-0.503914,-0.829445,-9.871907,111.931908,-0.326835,0.292309,0.171209,-0.589055,-0.733661,2.889724,134.999252,-3.208523,-0.017029,0.974102,0.171106,0.146825,2.699494,126.893272,30.083382,0.360641,0.866803,0.132256,-0.31796,19.422499,126.594795,35.187393,0.035916,0.151249,0.461912,-0.873196,32.773495,113.158737,19.131496,0.04377,-0.078587,0.673253,-0.733921,19.868118,132.628418,11.856983,0.069249,0.928155,0.234548,0.280571,-4.242712,83.873627,15.487443,0.113222,0.987871,-0.033715,0.100769,-4.131568,51.966785,-1.700421,0.016423,0.974866,0.077145,0.208365,-15.094837,5.729809,0.382608,-0.086357,0.944154,0.018341,0.317458,11.858043,84.549545,25.091448,0.080203,0.883463,-0.222259,0.40455,18.190012,48.872498,25.82338,-0.034141,0.87692,0.040427,0.477715,2.895917,6.619141,41.416161,0.016423,0.974866,0.077145,0.208365,-9.342465,1.728738,-13.256806,-0.034141,0.87692,0.040427,0.477715,15.245832,2.012913,33.580715
1029,8.575,-0.031002,0.96288,0.044679,0.264394,3.810689,84.212265,20.286539,-0.044437,0.977453,0.103277,0.178734,3.169768,91.858269,20.822229,-0.016673,0.980983,0.126253,0.146475,0.57288,112.305794,24.724451,0.094867,0.99354,-0.023106,0.057837,-0.887573,132.580276,29.812532,0.148609,0.97253,-0.173529,-0.044603,2.099346,146.735138,27.443117,-0.022943,0.939589,0.10961,0.323469,-4.418181,126.92524,27.909628,0.444316,-0.569515,0.085519,-0.686238,-18.227455,127.411331,17.192045,0.229378,0.073928,-0.503907,-0.829457,-9.867465,111.93029,-0.329842,0.292257,0.171359,-0.588949,-0.733731,2.894712,134.998734,-3.208868,-0.01706,0.974118,0.171104,0.146722,2.703153,126.893425,30.080492,0.360678,0.866785,0.132317,-0.317943,19.427181,126.596619,35.181244,0.036042,0.151291,0.461862,-0.87321,32.777409,113.160156,19.12505,0.043705,-0.078485,0.67333,-0.733864,19.871473,132.625381,11.846487,0.069243,0.928171,0.234537,0.28053,-4.239772,83.873871,15.484706,0.113216,0.987884,-0.033708,0.100652,-4.129241,51.966583,-1.702338,0.016333,0.974878,0.077121,0.208323,-15.091632,5.729428,0.38138,-0.086335,0.944157,0.018277,0.317459,11.86115,84.550667,25.088373,0.080197,0.883438,-0.222242,0.404616,18.190123,48.873165,25.824207,-0.034215,0.876937,0.040315,0.477687,2.896068,6.618968,41.414772,0.016333,0.974878,0.077121,0.208323,-9.339583,1.72817,-13.258118,-0.034215,0.876937,0.040315,0.477687,15.245687,2.010897,33.579937
1030,8.583333,-0.030976,0.962893,0.044612,0.264364,3.813832,84.213959,20.283926,-0.04444,0.977453,0.103275,0.178731,3.173589,91.860077,20.818752,-0.016686,0.980983,0.126237,0.146484,0.576604,112.307648,24.720858,0.094839,0.99355,-0.023013,0.057739,-0.88434,132.582275,29.808191,0.148698,0.97251,-0.173513,-0.044804,2.101243,146.737808,27.441076,-0.02293,0.939633,0.109583,0.323351,-4.4148,126.927116,27.905407,0.444514,-0.569523,0.085331,-0.686127,-18.226755,127.412819,17.191261,0.229538,0.074,-0.50382,-0.829459,-9.86562,111.932861,-0.331034,0.292164,0.171458,-0.58887,-0.733808,2.899636,134.997345,-3.209937,-0.017071,0.974119,0.171118,0.146694,2.706488,126.8955,30.076426,0.360728,0.866762,0.13233,-0.317942,19.430786,126.599182,35.176323,0.036166,0.151313,0.461868,-0.873197,32.779236,113.161156,19.119951,0.043757,-0.078384,0.673517,-0.7337,19.874022,132.625275,11.837755,0.069316,0.928148,0.23444,0.280669,-4.236957,83.875671,15.482637,0.113186,0.987881,-0.033685,0.10072,-4.130811,51.96582,-1.699673,0.016767,0.974856,0.077195,0.208364,-15.090327,5.727866,0.381425,-0.086299,0.944191,0.018192,0.317371,11.864621,84.552254,25.085215,0.080185,0.883476,-0.222218,0.404548,18.189327,48.874084,25.825428,-0.034082,0.876935,0.040384,0.477695,2.898333,6.618702,41.415752,0.016767,0.974856,0.077195,0.208364,-9.341228,1.726342,-13.259236,-0.034082,0.876935,0.040384,0.477695,15.247184,2.010514,33.579781
1031,8.591667,-0.030975,0.962882,0.044615,0.264401,3.816203,84.217323,20.280439,-0.044429,0.977459,0.103247,0.17872,3.175935,91.863434,20.815298,-0.016728,0.980981,0.126279,0.146458,0.579788,112.310173,24.716169,0.094894,0.99354,-0.023121,0.057788,-0.883009,132.584305,29.80496,0.148574,0.972532,-0.17352,-0.044701,2.104483,146.738968,27.435007,-0.022832,0.939626,0.109531,0.323395,-4.412971,126.928917,27.901936,0.44464,-0.569529,0.085301,-0.686043,-18.2241,127.417442,17.186861,0.229674,0.074125,-0.503791,-0.829428,-9.863058,111.93515,-0.333413,0.292309,0.171455,-0.588892,-0.733733,2.902453,134.998962,-3.210088,-0.017063,0.974132,0.171086,0.146646,2.708408,126.897873,30.072653,0.360747,0.866764,0.132346,-0.317908,19.43321,126.601746,35.170891,0.036178,0.151373,0.461865,-0.873188,32.782028,113.162872,19.11554,0.043736,-0.078263,0.673483,-0.733746,19.87768,132.626312,11.830661,0.069292,0.928225,0.234382,0.280466,-4.234215,83.879105,15.478524,0.113185,0.987866,-0.03369,0.100868,-4.131447,51.967041,-1.699703,0.01663,0.974855,0.077201,0.208376,-15.091248,5.729106,0.380284,-0.086269,0.944208,0.018122,0.317334,11.866622,84.555542,25.082354,0.080155,0.883449,-0.222222,0.404611,18.187719,48.876816,25.826412,-0.03405,0.876956,0.040393,0.477658,2.897951,6.621158,41.417194,0.01663,0.974855,0.077201,0.208376,-9.340459,1.728495,-13.259931,-0.03405,0.876956,0.040393,0.477658,15.245893,2.012738,33.579929
1032,8.6,-0.030953,0.962898,0.044625,0.264344,3.81705,84.220329,20.276741,-0.044415,0.977466,0.103236,0.178691,3.177099,91.866455,20.811874,-0.016733,0.980983,0.126285,0.146438,0.581683,112.31382,24.712574,0.09486,0.993545,-0.023148,0.05775,-0.881239,132.587875,29.801649,0.148603,0.972528,-0.173508,-0.044737,2.105156,146.742599,27.430746,-0.022814,0.939631,0.109556,0.323373,-4.411186,126.932442,27.898697,0.444571,-0.569532,0.085403,-0.686073,-18.222832,127.421761,17.184317,0.229629,0.074115,-0.503723,-0.829482,-9.862837,111.937759,-0.334953,0.292167,0.171538,-0.588776,-0.733864,2.906179,134.999344,-3.209782,-0.017014,0.974129,0.171151,0.146595,2.710279,126.901497,30.069139,0.360747,0.866767,0.132479,-0.317845,19.435669,126.603661,35.165371,0.036305,0.151307,0.461835,-0.87321,32.786495,113.166428,19.110317,0.043846,-0.078266,0.673617,-0.733615,19.879827,132.62822,11.825327,0.069291,0.928238,0.234305,0.28049,-4.233963,83.8825,15.475795,0.113173,0.98787,-0.033668,0.100852,-4.132389,51.967819,-1.697563,0.016715,0.974861,0.0772,0.208341,-15.090871,5.729494,0.380613,-0.086305,0.944247,0.018019,0.317213,11.868063,84.558167,25.077686,0.080217,0.883505,-0.222218,0.40448,18.18932,48.879616,25.828815,-0.034041,0.876961,0.040367,0.477651,2.896839,6.624732,41.419052,0.016715,0.974861,0.0772,0.208341,-9.34187,1.728441,-13.260229,-0.034041,0.876961,0.040367,0.477651,15.244465,2.015515,33.581753
1033,8.608333,-0.030984,0.962906,0.044564,0.264321,3.820559,84.222282,20.274525,-0.044427,0.97747,0.103251,0.178656,3.180418,91.868462,20.808638,-0.016779,0.98099,0.126267,0.146406,0.584648,112.314781,24.709799,0.094869,0.993546,-0.023156,0.05771,-0.87989,132.588974,29.797884,0.148591,0.972535,-0.173466,-0.044793,2.106598,146.743622,27.426634,-0.022808,0.939655,0.109494,0.323324,-4.409411,126.933113,27.895414,0.444512,-0.56951,0.085424,-0.686127,-18.222172,127.421715,17.182436,0.229609,0.074164,-0.503687,-0.829505,-9.861114,111.938919,-0.337392,0.292165,0.171563,-0.588769,-0.733865,2.91006,135.001221,-3.209125,-0.017052,0.974137,0.171137,0.146559,2.71217,126.902939,30.065489,0.360786,0.866761,0.132284,-0.3179,19.437878,126.606689,35.160774,0.036179,0.151381,0.461911,-0.873163,32.785583,113.165161,19.106714,0.043782,-0.078219,0.6736,-0.73364,19.883163,132.630295,11.8215,0.069353,0.928255,0.234282,0.280439,-4.230645,83.883568,15.473959,0.113149,0.98787,-0.033689,0.100876,-4.134627,51.968704,-1.699096,0.016348,0.974879,0.077204,0.208288,-15.091125,5.729994,0.381035,-0.086248,0.94429,0.017931,0.317105,11.871762,84.560997,25.07509,0.080249,0.883555,-0.222196,0.404375,18.187254,48.881508,25.830215,-0.03389,0.876941,0.040422,0.477695,2.894778,6.626159,41.419193,0.016348,0.974879,0.077204,0.208288,-9.339946,1.731112,-13.259525,-0.03389,0.876941,0.040422,0.477695,15.242042,2.016206,33.581757
1034,8.616667,-0.031015,0.962912,0.044547,0.264298,3.821916,84.223244,20.27117,-0.044424,0.977473,0.103276,0.178628,3.181391,91.869415,20.80492,-0.016755,0.981001,0.12621,0.146382,0.585747,112.314949,24.707075,0.094834,0.99355,-0.023168,0.057694,-0.877321,132.589767,29.793036,0.148584,0.972541,-0.173436,-0.044787,2.108135,146.744568,27.421322,-0.022835,0.939652,0.109467,0.323342,-4.407279,126.933907,27.89138,0.444613,-0.569541,0.085294,-0.686052,-18.219587,127.421394,17.177778,0.229616,0.074253,-0.50365,-0.829517,-9.859158,111.939812,-0.343412,0.29205,0.17156,-0.588727,-0.733944,2.912501,135.000549,-3.21077,-0.017049,0.974154,0.171018,0.146582,2.714421,126.903557,30.061058,0.360782,0.866758,0.13213,-0.317976,19.439892,126.607689,35.15712,0.036108,0.151403,0.461978,-0.873126,32.785309,113.164482,19.102589,0.043816,-0.078284,0.67367,-0.733567,19.88625,132.632141,11.818227,0.06933,0.928285,0.234253,0.280368,-4.22948,83.883858,15.470979,0.113148,0.987879,-0.033668,0.100794,-4.133867,51.967789,-1.699841,0.016082,0.974903,0.077215,0.208192,-15.089857,5.728909,0.379257,-0.086175,0.944248,0.017847,0.317256,11.873312,84.562637,25.071362,0.080204,0.883576,-0.222151,0.404364,18.181751,48.882008,25.831562,-0.033997,0.876982,0.04038,0.477615,2.894856,6.624091,41.419048,0.016082,0.974903,0.077215,0.208192,-9.338655,1.731902,-13.261838,-0.033997,0.876982,0.04038,0.477615,15.241498,2.014551,33.580391
1035,8.625,-0.030979,0.962918,0.044482,0.264294,3.821756,84.224045,20.269051,-0.044391,0.977478,0.103244,0.178625,3.182032,91.870338,20.801991,-0.016754,0.981004,0.126183,0.146383,0.587917,112.316742,24.703199,0.094783,0.993553,-0.023184,0.057708,-0.87495,132.591843,29.788092,0.148552,0.972548,-0.173438,-0.044749,2.109132,146.746841,27.41588,-0.022862,0.939643,0.109486,0.323359,-4.404963,126.935921,27.886724,0.444548,-0.569538,0.085401,-0.686083,-18.21685,127.422806,17.172544,0.229584,0.074201,-0.503621,-0.829549,-9.857158,111.939362,-0.347348,0.291919,0.171683,-0.588739,-0.733958,2.917127,135.000092,-3.215815,-0.017086,0.974153,0.17106,0.146533,2.716733,126.905609,30.056419,0.360877,0.866724,0.132356,-0.317867,19.442669,126.611076,35.151047,0.036287,0.151237,0.461962,-0.873156,32.788166,113.167252,19.097092,0.043814,-0.078447,0.673789,-0.733441,19.886093,132.633621,11.815628,0.069301,0.928285,0.234219,0.280401,-4.229723,83.884987,15.468973,0.113176,0.987887,-0.033664,0.100688,-4.132282,51.967491,-1.699191,0.016448,0.974882,0.077229,0.208255,-15.090634,5.729193,0.380434,-0.086043,0.944201,0.017856,0.317429,11.873235,84.563103,25.06913,0.080045,0.883464,-0.222147,0.404641,18.17284,48.880863,25.826797,-0.034084,0.876938,0.040376,0.477691,2.894469,6.620354,41.415619,0.016448,0.974882,0.077229,0.208255,-9.341269,1.730523,-13.260952,-0.034084,0.876938,0.040376,0.477691,15.243215,2.01197,33.579601
1036,8.633333,-0.030916,0.96293,0.0445,0.264252,3.825149,84.225571,20.264486,-0.044393,0.977477,0.103251,0.178629,3.186297,91.871902,20.797985,-0.016818,0.980992,0.126246,0.146402,0.591776,112.320457,24.699862,0.094789,0.99355,-0.023332,0.057701,-0.874198,132.594818,29.786867,0.148566,0.972555,-0.17338,-0.04476,2.110199,146.749023,27.410385,-0.022848,0.939664,0.109415,0.323322,-4.403318,126.938606,27.884695,0.444589,-0.56952,0.085392,-0.686073,-18.216061,127.42498,17.1716,0.229605,0.074142,-0.50363,-0.829543,-9.855258,111.941124,-0.347403,0.291854,0.171685,-0.588735,-0.733986,2.918626,135.000748,-3.21906,-0.016999,0.974165,0.171031,0.146501,2.718262,126.909042,30.054777,0.360888,0.866704,0.132207,-0.31797,19.444624,126.611877,35.14785,0.036176,0.151188,0.462043,-0.873127,32.786438,113.166222,19.092371,0.043824,-0.078587,0.673813,-0.733403,19.886564,132.637405,11.815144,0.069389,0.928279,0.234141,0.280466,-4.226814,83.887688,15.46514,0.113143,0.987875,-0.033688,0.100835,-4.13578,51.96843,-1.699764,0.016711,0.974866,0.077199,0.208319,-15.091615,5.72958,0.380832,-0.086064,0.944254,0.017712,0.317275,11.877112,84.563454,25.063833,0.080109,0.883526,-0.222126,0.404506,18.174925,48.881092,25.830832,-0.03419,0.876962,0.040334,0.477642,2.894358,6.62066,41.417706,0.016711,0.974866,0.077199,0.208319,-9.343177,1.728525,-13.260243,-0.03419,0.876962,0.040334,0.477642,15.243021,2.012699,33.58131
1037,8.641667,-0.030963,0.962944,0.044516,0.264195,3.826655,84.227478,20.262094,-0.044342,0.977479,0.103291,0.178607,3.187076,91.873741,20.795675,-0.016868,0.981006,0.126114,0.146417,0.59478,112.319221,24.699057,0.094816,0.993544,-0.023347,0.057747,-0.872532,132.594894,29.780371,0.148485,0.97258,-0.173321,-0.044716,2.112864,146.748856,27.403658,-0.0227,0.939623,0.109365,0.323469,-4.401259,126.937973,27.87962,0.44449,-0.569544,0.08562,-0.686088,-18.210922,127.429245,17.162769,0.229493,0.07411,-0.503676,-0.829548,-9.85344,111.939827,-0.352909,0.291868,0.171597,-0.588801,-0.733949,2.919369,135.002823,-3.223776,-0.017017,0.974162,0.171066,0.14648,2.720234,126.909409,30.050009,0.360905,0.866686,0.132601,-0.317837,19.446796,126.612816,35.142471,0.036283,0.150975,0.461992,-0.873186,32.79221,113.172112,19.085819,0.043816,-0.078717,0.673877,-0.73333,19.886992,132.641907,11.815023,0.069407,0.928266,0.23414,0.280506,-4.225825,83.888771,15.463671,0.113166,0.987862,-0.033724,0.10092,-4.135272,51.969646,-1.701501,0.016641,0.974868,0.077209,0.208313,-15.093772,5.731526,0.381204,-0.086082,0.944303,0.017622,0.317129,11.879136,84.566185,25.06052,0.080126,0.883532,-0.22213,0.404486,18.176237,48.883827,25.83312,-0.034189,0.876975,0.04035,0.477617,2.894457,6.623831,41.419991,0.016641,0.974868,0.077209,0.208313,-9.344789,1.731157,-13.259845,-0.034189,0.876975,0.04035,0.477617,15.242754,2.016275,33.582771
1038,8.65,-0.030939,0.962954,0.04458,0.264149,3.828202,84.232018,20.258118,-0.044412,0.977479,0.103269,0.178599,3.188754,91.87822,20.792774,-0.016803,0.981005,0.126148,0.1464,0.593762,112.323883,24.694809,0.094875,0.993539,-0.023372,0.057731,-0.871034,132.599289,29.777946,0.148468,0.972581,-0.173326,-0.044735,2.115992,146.752792,27.400566,-0.022759,0.939582,0.109431,0.323563,-4.400486,126.942917,27.876877,0.444579,-0.569564,0.085657,-0.68601,-18.207911,127.433395,17.15712,0.229556,0.074105,-0.503739,-0.829493,-9.851886,111.940094,-0.355817,0.291963,0.171599,-0.588873,-0.733853,2.917772,135.004837,-3.22962,-0.016932,0.97415,0.171149,0.146469,2.721108,126.913383,30.046919,0.360899,0.866679,0.132735,-0.317805,19.447882,126.613533,35.138477,0.036194,0.150911,0.461999,-0.873197,32.794525,113.175117,19.080935,0.043724,-0.078778,0.673766,-0.733431,19.888315,132.646759,11.814587,0.069451,0.928264,0.234082,0.280551,-4.224762,83.894028,15.460459,0.113135,0.98784,-0.033753,0.101156,-4.137571,51.973389,-1.701903,0.016565,0.974879,0.077163,0.208283,-15.093988,5.734798,0.38127,-0.086068,0.944331,0.017497,0.317057,11.881166,84.570015,25.055775,0.080136,0.883596,-0.222103,0.404361,18.174547,48.887165,25.836123,-0.034091,0.876983,0.040467,0.4776,2.895175,6.626144,41.422592,0.016565,0.974879,0.077163,0.208283,-9.34518,1.733546,-13.259591,-0.034091,0.876983,0.040467,0.4776,15.242779,2.020195,33.583344
1039,8.658333,-0.030936,0.962959,0.04457,0.264134,3.829027,84.234604,20.25482,-0.044429,0.977481,0.103174,0.17864,3.18967,91.880821,20.789339,-0.016763,0.980983,0.126275,0.146441,0.594257,112.329361,24.687698,0.094903,0.993533,-0.023439,0.057769,-0.86986,132.603485,29.77615,0.148468,0.972573,-0.173385,-0.044686,2.118205,146.756485,27.397043,-0.022678,0.939607,0.10911,0.323604,-4.399466,126.947807,27.873316,0.444582,-0.56957,0.085773,-0.685988,-18.206093,127.437462,17.152494,0.229599,0.074008,-0.503779,-0.829466,-9.851377,111.940086,-0.357461,0.292016,0.171637,-0.588947,-0.733763,2.916681,135.004364,-3.237251,-0.016836,0.974148,0.171177,0.146461,2.721969,126.917313,30.043861,0.360896,0.866669,0.132766,-0.317823,19.448929,126.61409,35.134598,0.03612,0.150869,0.462067,-0.873171,32.795105,113.176582,19.075914,0.043717,-0.078938,0.673744,-0.733434,19.89122,132.651382,11.813023,0.069414,0.928276,0.234067,0.280533,-4.224082,83.896599,15.457408,0.113298,0.987783,-0.033793,0.101515,-4.135045,51.975048,-1.703247,0.016657,0.974817,0.077128,0.208578,-15.107679,5.740213,0.378071,-0.086082,0.944333,0.01744,0.317049,11.882136,84.572617,25.052229,0.080144,0.88357,-0.222121,0.404406,18.175177,48.889797,25.836712,-0.034122,0.876998,0.040463,0.477569,2.893655,6.629667,41.42347,0.016657,0.974817,0.077128,0.208578,-9.351857,1.737152,-13.2593,-0.034122,0.876998,0.040463,0.477569,15.240979,2.02403,33.583599
1040,8.666667,-0.030919,0.962965,0.044584,0.264111,3.828698,84.236717,20.251925,-0.044438,0.977482,0.103174,0.178633,3.189551,91.882927,20.786739,-0.016719,0.980989,0.126248,0.146435,0.593983,112.329933,24.684757,0.094778,0.993544,-0.023615,0.057702,-0.868118,132.604401,29.772394,0.148615,0.972564,-0.173301,-0.044716,2.116327,146.757248,27.387779,-0.022763,0.939584,0.109371,0.323576,-4.398298,126.948975,27.869886,0.444611,-0.569545,0.085795,-0.685988,-18.205421,127.438675,17.149712,0.2296,0.073887,-0.503848,-0.829435,-9.849472,111.940292,-0.358756,0.292074,0.17144,-0.589107,-0.733658,2.91615,135.005798,-3.244917,-0.016846,0.974142,0.171208,0.146461,2.723188,126.917908,30.040253,0.360854,0.866678,0.132769,-0.317848,19.450142,126.614845,35.131016,0.03612,0.150851,0.462009,-0.873205,32.797066,113.179245,19.071371,0.043661,-0.078932,0.673848,-0.733344,19.890198,132.652512,11.809037,0.069452,0.928266,0.234032,0.280583,-4.224661,83.899063,15.454906,0.113277,0.987779,-0.0338,0.101584,-4.13798,51.97673,-1.704311,0.015978,0.974851,0.077086,0.20849,-15.108831,5.741474,0.377087,-0.08602,0.944306,0.017411,0.31715,11.882058,84.574371,25.048941,0.080059,0.883516,-0.222128,0.404537,18.17013,48.890705,25.834694,-0.034034,0.877011,0.040458,0.477553,2.893108,6.629607,41.423225,0.015978,0.974851,0.077086,0.20849,-9.348844,1.740998,-13.259284,-0.034034,0.877011,0.040458,0.477553,15.239316,2.022566,33.582424
1041,8.675,-0.030901,0.96296,0.044567,0.264134,3.828902,84.238533,20.249641,-0.044383,0.977485,0.103171,0.178632,3.190076,91.884789,20.784258,-0.016761,0.980989,0.126238,0.146437,0.596908,112.331024,24.682362,0.094735,0.993544,-0.023745,0.057715,-0.866892,132.60553,29.769352,0.148649,0.972561,-0.173301,-0.044664,2.116532,146.75795,27.380997,-0.022685,0.939575,0.109163,0.323678,-4.396591,126.94976,27.866962,0.444688,-0.569589,0.085792,-0.685901,-18.201548,127.440094,17.144018,0.229565,0.073812,-0.503925,-0.829404,-9.84807,111.939003,-0.363238,0.292038,0.171317,-0.589137,-0.733677,2.914201,135.006424,-3.252832,-0.016796,0.97415,0.171182,0.146442,2.724863,126.919342,30.037445,0.360886,0.86665,0.132602,-0.317954,19.452066,126.61483,35.127312,0.036083,0.150873,0.462144,-0.873131,32.794445,113.176361,19.066292,0.043837,-0.079003,0.673805,-0.733365,19.893587,132.654541,11.803937,0.069462,0.928285,0.234026,0.280526,-4.224251,83.901146,15.452258,0.113288,0.987783,-0.033825,0.101519,-4.139441,51.978695,-1.70674,0.016269,0.974835,0.077108,0.208532,-15.11143,5.743849,0.377659,-0.085975,0.944326,0.01737,0.317103,11.882055,84.575928,25.047022,0.080028,0.883536,-0.22209,0.404519,18.166182,48.891594,25.834169,-0.034073,0.876983,0.040533,0.477595,2.89346,6.628412,41.421261,0.016269,0.974835,0.077108,0.208532,-9.353102,1.742369,-13.259119,-0.034073,0.876983,0.040533,0.477595,15.241087,2.023884,33.581219
1042,8.683333,-0.030892,0.96297,0.044592,0.264096,3.828469,84.240166,20.2472,-0.044362,0.977484,0.103162,0.178645,3.189691,91.886391,20.782249,-0.016741,0.980986,0.126231,0.146468,0.59751,112.331985,24.679998,0.094754,0.993544,-0.02375,0.057682,-0.86558,132.606598,29.766768,0.148688,0.972547,-0.173323,-0.044761,2.118263,146.758896,27.378187,-0.022907,0.939563,0.109403,0.323618,-4.395452,126.950989,27.864222,0.444723,-0.569596,0.0857,-0.685884,-18.20141,127.436493,17.14234,0.229524,0.073702,-0.503993,-0.829384,-9.847555,111.937462,-0.366563,0.292045,0.171122,-0.589153,-0.733707,2.912323,135.00647,-3.260918,-0.016812,0.97415,0.171158,0.14647,2.725882,126.920235,30.035099,0.360875,0.866651,0.132679,-0.317933,19.452785,126.616226,35.125992,0.036205,0.150861,0.462114,-0.873144,32.796253,113.179314,19.064558,0.043964,-0.078944,0.673862,-0.733311,19.894176,132.65506,11.800148,0.069468,0.928285,0.233986,0.280558,-4.22507,83.903015,15.450445,0.113299,0.987783,-0.033827,0.101506,-4.140942,51.979279,-1.706167,0.016511,0.97481,0.077129,0.208624,-15.113945,5.744684,0.378422,-0.085984,0.944332,0.017324,0.317087,11.882008,84.577309,25.043955,0.080027,0.883527,-0.222091,0.404539,18.165674,48.892967,25.834343,-0.034253,0.876996,0.04045,0.477566,2.892682,6.629789,41.421192,0.016511,0.97481,0.077129,0.208624,-9.355436,1.742407,-13.258047,-0.034253,0.876996,0.04045,0.477566,15.241062,2.025667,33.582096
1043,8.691667,-0.030857,0.962974,0.044618,0.264078,3.828189,84.242126,20.245041,-0.044315,0.97749,0.103152,0.178631,3.189838,91.888344,20.780643,-0.01681,0.980988,0.126207,0.146468,0.599734,112.333885,24.678282,0.094865,0.993531,-0.02376,0.05773,-0.866041,132.608658,29.763641,0.148642,0.972538,-0.173423,-0.044729,2.12119,146.760254,27.375132,-0.022816,0.939564,0.109169,0.323699,-4.395154,126.952469,27.861416,0.444779,-0.569573,0.085783,-0.685857,-18.199427,127.438629,17.137396,0.229528,0.073622,-0.504077,-0.829339,-9.844964,111.935822,-0.367871,0.292053,0.17104,-0.589245,-0.733648,2.911145,135.006531,-3.267063,-0.016791,0.974137,0.171259,0.146443,2.726143,126.922775,30.032429,0.360934,0.866629,0.13287,-0.317848,19.45335,126.617706,35.122265,0.036239,0.150936,0.462128,-0.873123,32.79739,113.181099,19.061045,0.043856,-0.078756,0.673831,-0.733366,19.89772,132.655579,11.793128,0.069481,0.928292,0.233973,0.280542,-4.225569,83.905731,15.4486,0.11328,0.98777,-0.033861,0.101642,-4.1429,51.981674,-1.707433,0.016355,0.974827,0.077116,0.208561,-15.114779,5.746889,0.378992,-0.086021,0.944326,0.017276,0.317097,11.881948,84.578514,25.041481,0.080057,0.883528,-0.222094,0.404529,18.167034,48.894516,25.836128,-0.034303,0.877006,0.040439,0.477545,2.89153,6.631949,41.422184,0.016355,0.974827,0.077116,0.208561,-9.356483,1.745172,-13.257733,-0.034303,0.877006,0.040439,0.477545,15.239948,2.028254,33.582897
1044,8.7,-0.030875,0.962967,0.044687,0.264093,3.828637,84.244362,20.243219,-0.044292,0.977494,0.103103,0.178642,3.18973,91.89048,20.779757,-0.0168,0.980985,0.126223,0.146475,0.600931,112.336113,24.675508,0.094898,0.993523,-0.023872,0.057759,-0.864565,132.610733,29.761568,0.148648,0.972534,-0.173454,-0.044671,2.123878,146.761536,27.369972,-0.022742,0.939568,0.109182,0.323688,-4.39375,126.954666,27.859098,0.444799,-0.569568,0.085882,-0.685836,-18.198383,127.443382,17.13566,0.229527,0.073468,-0.504106,-0.829335,-9.84446,111.936844,-0.366545,0.291967,0.170978,-0.589361,-0.733605,2.911288,135.006958,-3.272849,-0.016719,0.974137,0.171271,0.146436,2.727521,126.924767,30.030193,0.360945,0.866617,0.133033,-0.317798,19.45488,126.617203,35.119358,0.036278,0.150933,0.46212,-0.873126,32.800079,113.182571,19.057461,0.0439,-0.07857,0.673835,-0.733379,19.900141,132.656281,11.788884,0.069531,0.928298,0.233928,0.280545,-4.224956,83.908005,15.446501,0.113257,0.98777,-0.033877,0.101667,-4.146517,51.982944,-1.70768,0.01599,0.974854,0.077098,0.208472,-15.116425,5.747762,0.380269,-0.08609,0.944372,0.017199,0.316946,11.882229,84.580727,25.039936,0.08015,0.883602,-0.222088,0.404351,18.17034,48.897392,25.840389,-0.03421,0.87701,0.04048,0.477541,2.890429,6.635994,41.425285,0.01599,0.974854,0.077098,0.208472,-9.357005,1.747589,-13.256433,-0.03421,0.87701,0.04048,0.477541,15.238118,2.03204,33.584995
1045,8.708333,-0.030853,0.962973,0.044718,0.264067,3.826924,84.24572,20.241568,-0.044257,0.977502,0.103062,0.178633,3.188235,91.891815,20.778658,-0.016775,0.980986,0.126223,0.146471,0.601205,112.337852,24.67305,0.09494,0.993521,-0.023877,0.057728,-0.863239,132.612503,29.759281,0.148676,0.972519,-0.173498,-0.044736,2.126274,146.763062,27.367529,-0.02271,0.939577,0.109181,0.323666,-4.392724,126.956619,27.856823,0.444836,-0.569594,0.085885,-0.685789,-18.197906,127.446274,17.134146,0.22956,0.073434,-0.504127,-0.829316,-9.845506,111.938202,-0.367445,0.292043,0.170918,-0.589399,-0.733558,2.90916,135.008011,-3.276439,-0.016703,0.974137,0.171273,0.146436,2.728576,126.926376,30.027813,0.360944,0.86662,0.133061,-0.31778,19.455946,126.618263,35.116905,0.036324,0.150927,0.462104,-0.873133,32.801731,113.183937,19.055241,0.043971,-0.078448,0.673954,-0.733279,19.901005,132.656876,11.785826,0.069506,0.928315,0.233936,0.280489,-4.226948,83.909882,15.445285,0.113277,0.987746,-0.033932,0.101858,-4.147711,51.984833,-1.708914,0.016803,0.974799,0.077171,0.208637,-15.120429,5.750442,0.381808,-0.086015,0.944233,0.017269,0.317377,11.880795,84.581566,25.037849,0.079999,0.883486,-0.222144,0.404604,18.165089,48.897476,25.834667,-0.034215,0.876997,0.040565,0.477557,2.891271,6.636148,41.425724,0.016803,0.974799,0.077171,0.208637,-9.36434,1.747775,-13.255567,-0.034215,0.876997,0.040565,0.477557,15.239644,2.034432,33.585205
1046,8.716667,-0.030876,0.962967,0.044787,0.264076,3.828216,84.247429,20.238235,-0.044245,0.977502,0.103064,0.178633,3.188898,91.893402,20.776247,-0.016805,0.98099,0.126177,0.146475,0.602427,112.338875,24.670673,0.094998,0.993509,-0.023971,0.057802,-0.862999,132.613968,29.754862,0.148657,0.972521,-0.173532,-0.044613,2.12859,146.763687,27.360743,-0.022766,0.939571,0.109119,0.323699,-4.392202,126.957748,27.852913,0.444838,-0.569629,0.085856,-0.685763,-18.196548,127.444992,17.129042,0.229529,0.073484,-0.504134,-0.829316,-9.845872,111.937202,-0.373614,0.292056,0.170909,-0.589347,-0.733597,2.908607,135.008881,-3.279804,-0.016595,0.974156,0.171176,0.146436,2.729065,126.928017,30.024019,0.360912,0.866624,0.133135,-0.317773,19.456572,126.616753,35.112484,0.036349,0.150881,0.462089,-0.873148,32.803761,113.184845,19.049955,0.044062,-0.078416,0.674027,-0.73321,19.901709,132.657349,11.781854,0.069556,0.928305,0.233903,0.280538,-4.225538,83.911522,15.441757,0.113245,0.987752,-0.033962,0.101827,-4.149442,51.985859,-1.711316,0.016778,0.974811,0.077194,0.208574,-15.119368,5.750966,0.382916,-0.086001,0.944254,0.017192,0.317321,11.881969,84.583336,25.034714,0.079994,0.883485,-0.22213,0.404616,18.163595,48.89888,25.836109,-0.034274,0.876996,0.040565,0.477554,2.890542,6.63687,41.426079,0.016778,0.974811,0.077194,0.208574,-9.364674,1.749171,-13.255302,-0.034274,0.876996,0.040565,0.477554,15.239403,2.036006,33.585827
1047,8.725,-0.030818,0.962973,0.044753,0.264066,3.824898,84.248528,20.236143,-0.044206,0.977508,0.103058,0.178617,3.186581,91.8946,20.773901,-0.016813,0.980996,0.126144,0.146463,0.601921,112.339546,24.668325,0.094953,0.993508,-0.024132,0.057822,-0.863583,132.614975,29.751125,0.148778,0.972506,-0.173542,-0.044511,2.127008,146.76413,27.352369,-0.022876,0.93957,0.109117,0.323694,-4.392776,126.958588,27.849651,0.444986,-0.569637,0.085681,-0.685682,-18.197054,127.442169,17.125525,0.229633,0.073616,-0.50416,-0.82926,-9.84535,111.93631,-0.378357,0.292183,0.170943,-0.58928,-0.733592,2.906719,135.009689,-3.281997,-0.016594,0.974169,0.171106,0.14643,2.728541,126.929077,30.020601,0.360961,0.866615,0.132894,-0.317844,19.456112,126.618172,35.108875,0.036305,0.15092,0.462132,-0.87312,32.799301,113.181015,19.047413,0.044021,-0.078425,0.674112,-0.733134,19.899187,132.655777,11.778502,0.069545,0.92828,0.233906,0.280621,-4.229025,83.91349,15.439887,0.113251,0.987739,-0.033986,0.101935,-4.150609,51.987797,-1.713124,0.016511,0.974814,0.077156,0.208597,-15.12156,5.753186,0.382063,-0.086037,0.94425,0.017183,0.317323,11.878821,84.583565,25.032402,0.079993,0.883479,-0.222126,0.404631,18.162674,48.899532,25.835279,-0.034252,0.876976,0.040583,0.47759,2.889583,6.63732,41.424644,0.016511,0.974814,0.077156,0.208597,-9.363716,1.751737,-13.25493,-0.034252,0.876976,0.040583,0.47759,15.238955,2.036608,33.585102
1048,8.733333,-0.03083,0.962974,0.044773,0.264058,3.824329,84.248611,20.236237,-0.044231,0.977512,0.103013,0.178612,3.185758,91.894646,20.77425,-0.016756,0.981002,0.126124,0.14645,0.600388,112.339951,24.666647,0.095052,0.993499,-0.024171,0.057797,-0.862564,132.615677,29.749035,0.148693,0.972512,-0.173563,-0.04458,2.130795,146.764069,27.349255,-0.022792,0.93956,0.10907,0.323745,-4.392488,126.959648,27.847832,0.444933,-0.569653,0.085819,-0.685687,-18.195755,127.445671,17.122513,0.229568,0.073556,-0.504119,-0.829308,-9.846095,111.936256,-0.379188,0.292091,0.170813,-0.589316,-0.73363,2.908767,135.00827,-3.283041,-0.016597,0.974185,0.171039,0.146403,2.728912,126.929367,30.018497,0.361104,0.866558,0.133034,-0.317778,19.456755,126.619064,35.105915,0.03643,0.150838,0.462201,-0.873093,32.796906,113.178566,19.044737,0.044056,-0.078465,0.6741,-0.733139,19.898861,132.654587,11.776643,0.069537,0.928297,0.233934,0.280543,-4.229661,83.913445,15.440098,0.113251,0.987739,-0.033997,0.101935,-4.151535,51.988663,-1.714592,0.016845,0.974788,0.077174,0.208682,-15.122622,5.75414,0.381647,-0.086018,0.944236,0.017209,0.317369,11.878319,84.583771,25.032373,0.079958,0.883469,-0.222116,0.404665,18.161436,48.899567,25.8333,-0.034328,0.876963,0.040571,0.47761,2.890991,6.636417,41.422722,0.016845,0.974788,0.077174,0.208682,-9.365715,1.751288,-13.255332,-0.034328,0.876963,0.040571,0.47761,15.241348,2.03648,33.584278
1049,8.741667,-0.030847,0.962958,0.044826,0.264106,3.824425,84.247902,20.234781,-0.044216,0.977517,0.10297,0.178613,3.185372,91.893852,20.773468,-0.016769,0.98101,0.126069,0.146439,0.600875,112.340179,24.66436,0.09505,0.993491,-0.024295,0.057884,-0.862233,132.61647,29.744446,0.14867,0.972517,-0.173602,-0.044389,2.131607,146.764206,27.341396,-0.022873,0.939602,0.108902,0.323673,-4.392124,126.960167,27.843964,0.444987,-0.569691,0.085638,-0.685641,-18.196884,127.441315,17.120338,0.229587,0.073667,-0.504066,-0.829325,-9.847869,111.935852,-0.385189,0.292066,0.170839,-0.589242,-0.733693,2.909099,135.007629,-3.283984,-0.016539,0.974184,0.17105,0.146403,2.729322,126.930237,30.014492,0.361116,0.86656,0.133038,-0.317758,19.45723,126.617905,35.101589,0.036419,0.150734,0.462209,-0.873107,32.797607,113.176788,19.041111,0.044107,-0.078572,0.674094,-0.733129,19.898077,132.65416,11.777423,0.069598,0.928273,0.23395,0.280594,-4.229073,83.91275,15.437815,0.113223,0.98772,-0.034071,0.102127,-4.153728,51.989128,-1.71904,0.016303,0.9748,0.077198,0.208662,-15.123248,5.754459,0.382283,-0.086059,0.944298,0.017159,0.317176,11.877923,84.583054,25.031748,0.080021,0.883532,-0.22209,0.404529,18.162855,48.899242,25.835752,-0.034245,0.876954,0.040672,0.477624,2.890524,6.635946,41.422935,0.016303,0.9748,0.077198,0.208662,-9.361482,1.755312,-13.253731,-0.034245,0.876954,0.040672,0.477624,15.240804,2.03741,33.583538
1050,8.75,-0.030903,0.962962,0.044953,0.264061,3.826445,84.250198,20.232519,-0.044216,0.977518,0.102933,0.178627,3.186064,91.89592,20.77289,-0.016781,0.981008,0.126044,0.146473,0.601985,112.340843,24.661924,0.095202,0.993472,-0.024354,0.057937,-0.861644,132.617386,29.740868,0.148584,0.972513,-0.173698,-0.044384,2.136832,146.763931,27.336576,-0.022746,0.939596,0.108938,0.323689,-4.391353,126.960968,27.840418,0.44498,-0.569717,0.085781,-0.685608,-18.195961,127.446762,17.116817,0.229685,0.073714,-0.504047,-0.829306,-9.849598,111.936249,-0.385492,0.292284,0.170914,-0.589142,-0.733669,2.907951,135.007523,-3.284663,-0.016474,0.974188,0.171041,0.146395,2.729933,126.93119,30.011459,0.361154,0.866539,0.133336,-0.317647,19.457998,126.61676,35.097889,0.036544,0.150568,0.462163,-0.873155,32.800476,113.178322,19.036909,0.044089,-0.078751,0.674013,-0.733185,19.896996,132.653351,11.777579,0.069509,0.928327,0.233956,0.280432,-4.227425,83.914619,15.436212,0.113294,0.987732,-0.034058,0.101928,-4.149029,51.990299,-1.719344,0.0162,0.974817,0.077092,0.208629,-15.124605,5.757088,0.382317,-0.08603,0.944289,0.017116,0.317214,11.880314,84.585777,25.028828,0.080029,0.883564,-0.222108,0.404449,18.162228,48.901489,25.835409,-0.034281,0.876974,0.040583,0.477593,2.889982,6.639093,41.42511,0.0162,0.974817,0.077092,0.208629,-9.363008,1.755457,-13.253036,-0.034281,0.876974,0.040583,0.477593,15.239653,2.038789,33.585804
1051,8.758333,-0.030928,0.962975,0.044988,0.264006,3.825216,84.248878,20.233721,-0.044245,0.97753,0.102838,0.178608,3.184359,91.894516,20.774538,-0.016736,0.981012,0.12604,0.146455,0.599566,112.342331,24.659946,0.095234,0.993468,-0.024492,0.057899,-0.862088,132.618973,29.73905,0.148641,0.972507,-0.173675,-0.044413,2.137311,146.764633,27.330721,-0.022728,0.939573,0.108923,0.323762,-4.392371,126.962868,27.838749,0.444984,-0.569707,0.0859,-0.685597,-18.195347,127.449379,17.113087,0.229712,0.07371,-0.504018,-0.829316,-9.849479,111.934937,-0.385959,0.292297,0.170905,-0.589012,-0.73377,2.909955,135.005844,-3.285729,-0.016313,0.974198,0.171017,0.146374,2.729017,126.93248,30.009445,0.361168,0.866536,0.133373,-0.317623,19.457474,126.612816,35.094254,0.036454,0.150501,0.462225,-0.873137,32.800232,113.174271,19.033609,0.044126,-0.07885,0.673862,-0.733312,19.898138,132.652969,11.778983,0.069518,0.92832,0.234011,0.280408,-4.229175,83.912964,15.438313,0.113254,0.987717,-0.034094,0.102107,-4.150613,51.990582,-1.720837,0.016366,0.974816,0.077136,0.208605,-15.123168,5.756733,0.38255,-0.086081,0.944284,0.01711,0.317213,11.879607,84.584793,25.029125,0.080026,0.883502,-0.222124,0.404576,18.164864,48.901131,25.837263,-0.034376,0.876954,0.040569,0.477623,2.890056,6.639332,41.426067,0.016366,0.974816,0.077136,0.208605,-9.363731,1.755468,-13.253821,-0.034376,0.876954,0.040569,0.477623,15.241059,2.040043,33.588268
1052,8.766667,-0.030837,0.96298,0.044912,0.264011,3.819993,84.247475,20.235163,-0.044202,0.977541,0.102784,0.178595,3.180793,91.893318,20.775227,-0.016703,0.981021,0.125999,0.146436,0.598175,112.342262,24.658915,0.09527,0.993462,-0.024569,0.057911,-0.861786,132.619385,29.736584,0.148584,0.972511,-0.173709,-0.044381,2.138762,146.764435,27.326159,-0.022712,0.939587,0.108862,0.323744,-4.392565,126.963387,27.836864,0.444878,-0.569703,0.086037,-0.685652,-18.19598,127.449646,17.111744,0.229713,0.07366,-0.503979,-0.829344,-9.851058,111.933365,-0.386134,0.292351,0.170938,-0.588999,-0.733751,2.910678,135.002304,-3.287511,-0.01632,0.974202,0.171014,0.146351,2.728924,126.932648,30.007235,0.361322,0.866472,0.133386,-0.317618,19.457613,126.613365,35.091324,0.036502,0.150421,0.46231,-0.873104,32.794971,113.169479,19.030649,0.044091,-0.078889,0.673914,-0.733261,19.895441,132.651062,11.778312,0.069458,0.928309,0.234079,0.280401,-4.234453,83.912834,15.439752,0.113285,0.987725,-0.034116,0.101992,-4.150575,51.99218,-1.722589,0.016453,0.974812,0.077057,0.208645,-15.125966,5.759135,0.38388,-0.086153,0.944239,0.017198,0.317323,11.874439,84.582115,25.030575,0.08004,0.883494,-0.222158,0.404571,18.166504,48.899567,25.835112,-0.034402,0.876944,0.040643,0.477634,2.889399,6.639439,41.426212,0.016453,0.974812,0.077057,0.208645,-9.366509,1.755062,-13.251665,-0.034402,0.876944,0.040643,0.477634,15.241158,2.042424,33.588253
1053,8.775,-0.030875,0.962981,0.044906,0.264003,3.819483,84.245331,20.235079,-0.044228,0.977539,0.102773,0.178601,3.179752,91.891136,20.774904,-0.016703,0.981032,0.12589,0.146452,0.596089,112.340149,24.657969,0.095104,0.993475,-0.024721,0.057891,-0.863291,132.618423,29.731205,0.148788,0.972485,-0.173689,-0.044343,2.132646,146.763657,27.316063,-0.022659,0.939604,0.108846,0.323703,-4.394217,126.962151,27.8326,0.444979,-0.569704,0.086022,-0.685588,-18.198643,127.449799,17.108847,0.229844,0.073687,-0.503894,-0.829357,-9.853651,111.931442,-0.387157,0.292373,0.170932,-0.588947,-0.733786,2.912618,134.998199,-3.289802,-0.016264,0.974212,0.170962,0.14635,2.727204,126.931618,30.003197,0.361348,0.86647,0.133187,-0.317678,19.455963,126.610718,35.086933,0.036447,0.150431,0.462378,-0.873069,32.790516,113.163033,19.027115,0.044109,-0.079025,0.67392,-0.73324,19.893665,132.647827,11.775476,0.069423,0.92833,0.234119,0.280307,-4.234995,83.909973,15.439777,0.113286,0.987736,-0.034109,0.10188,-4.149649,51.990284,-1.724367,0.016425,0.974806,0.077158,0.208638,-15.124911,5.757236,0.38269,-0.086163,0.944255,0.017225,0.317273,11.873962,84.580681,25.03038,0.080031,0.883468,-0.222176,0.404621,18.16733,48.898323,25.832966,-0.034354,0.876913,0.040699,0.477689,2.889419,6.638816,41.424942,0.016425,0.974806,0.077158,0.208638,-9.365104,1.756265,-13.253613,-0.034354,0.876913,0.040699,0.477689,15.241935,2.042571,33.587734
1054,8.783333,-0.030849,0.962987,0.044871,0.26399,3.816591,84.245804,20.233746,-0.044202,0.977537,0.102782,0.178613,3.177379,91.891685,20.773172,-0.016702,0.981034,0.125847,0.146479,0.594676,112.340843,24.656782,0.095147,0.99346,-0.024885,0.058005,-0.864524,132.619568,29.728273,0.148649,0.972487,-0.173844,-0.044171,2.133341,146.763657,27.308857,-0.022683,0.939619,0.108681,0.323713,-4.395475,126.963211,27.829945,0.444944,-0.569676,0.086109,-0.685623,-18.199638,127.448235,17.105726,0.22985,0.073632,-0.503871,-0.829374,-9.853767,111.928391,-0.388545,0.292424,0.170805,-0.588919,-0.733818,2.914441,134.994431,-3.293504,-0.016231,0.974222,0.170912,0.146344,2.72583,126.932701,30.000921,0.361437,0.866441,0.133093,-0.317695,19.454699,126.61097,35.084278,0.036499,0.150465,0.462416,-0.87304,32.785511,113.158607,19.025263,0.044085,-0.079014,0.673901,-0.73326,19.89102,132.643799,11.771156,0.069448,0.928304,0.234127,0.280381,-4.23805,83.910713,15.438694,0.113261,0.98776,-0.034088,0.101687,-4.152796,51.991558,-1.726459,0.016381,0.974804,0.077104,0.208673,-15.125057,5.757818,0.381035,-0.086156,0.944197,0.017232,0.317448,11.871232,84.580894,25.028797,0.079999,0.883466,-0.222138,0.404652,18.164148,48.89846,25.831879,-0.034186,0.876894,0.040754,0.477732,2.889785,6.636825,41.421608,0.016381,0.974804,0.077104,0.208673,-9.364019,1.755473,-13.254352,-0.034186,0.876894,0.040754,0.477732,15.24179,2.039609,33.584152
1055,8.791667,-0.030886,0.962989,0.044819,0.263989,3.813881,84.244324,20.235041,-0.044185,0.977538,0.102746,0.178635,3.174338,91.890244,20.773554,-0.01662,0.981041,0.125768,0.146508,0.592396,112.340584,24.655937,0.095109,0.993471,-0.02487,0.057898,-0.863138,132.620255,29.724693,0.148832,0.972446,-0.173866,-0.044378,2.133165,146.764679,27.305286,-0.022572,0.939636,0.108544,0.323716,-4.395094,126.964317,27.826981,0.444868,-0.569696,0.086294,-0.685633,-18.19936,127.451431,17.102989,0.229836,0.073511,-0.503803,-0.82943,-9.8562,111.926964,-0.388467,0.292538,0.170434,-0.589037,-0.733764,2.916719,134.990219,-3.297357,-0.01615,0.974244,0.170776,0.146367,2.726124,126.932739,29.998234,0.361573,0.866372,0.133114,-0.317719,19.454851,126.608803,35.081917,0.036547,0.150475,0.462491,-0.872997,32.78001,113.15229,19.021683,0.043999,-0.078915,0.674005,-0.733181,19.889086,132.639221,11.766279,0.069425,0.928278,0.234174,0.280432,-4.24073,83.90831,15.440002,0.113264,0.987755,-0.034109,0.101725,-4.152002,51.99052,-1.727644,0.016295,0.974812,0.077044,0.208663,-15.124864,5.756992,0.381317,-0.086161,0.944202,0.017273,0.317427,11.868493,84.58033,25.030079,0.079923,0.883405,-0.222115,0.404813,18.162724,48.898071,25.830326,-0.034325,0.876884,0.040749,0.477741,2.892615,6.634346,41.41853,0.016295,0.974812,0.077044,0.208663,-9.363386,1.753409,-13.253519,-0.034325,0.876884,0.040749,0.477741,15.246001,2.038982,33.582161
1056,8.8,-0.030951,0.962988,0.044783,0.263989,3.814535,84.24279,20.236969,-0.044265,0.977535,0.10273,0.17864,3.174171,91.888695,20.774681,-0.016559,0.981057,0.125652,0.146508,0.589066,112.338806,24.655777,0.09517,0.993458,-0.024947,0.057977,-0.863228,132.619781,29.720228,0.148719,0.972444,-0.174,-0.04426,2.135246,146.763428,27.298981,-0.022511,0.939659,0.108472,0.323678,-4.396095,126.963997,27.823776,0.444865,-0.569678,0.086372,-0.68564,-18.201328,127.452148,17.101086,0.229896,0.073443,-0.50375,-0.829452,-9.857858,111.925461,-0.388247,0.292583,0.170369,-0.588926,-0.73385,2.918052,134.985641,-3.300936,-0.016081,0.974241,0.170733,0.146444,2.725152,126.931778,29.994923,0.36163,0.866341,0.133258,-0.317679,19.453163,126.60524,35.080772,0.036511,0.150546,0.462551,-0.872954,32.77758,113.14888,19.0198,0.043919,-0.078735,0.67393,-0.733274,19.890633,132.637268,11.762508,0.069413,0.928307,0.234216,0.280304,-4.24,83.905426,15.441902,0.113266,0.987747,-0.034132,0.101792,-4.151882,51.988949,-1.728204,0.016624,0.97479,0.07707,0.208732,-15.125261,5.755612,0.382189,-0.086157,0.944237,0.017226,0.317328,11.86907,84.580162,25.032038,0.080003,0.883529,-0.222075,0.404548,18.162045,48.897736,25.834778,-0.034559,0.876901,0.040618,0.477703,2.891426,6.633526,41.421158,0.016624,0.97479,0.07707,0.208732,-9.365073,1.750905,-13.25286,-0.034559,0.876901,0.040618,0.477703,15.245705,2.038114,33.586243
1057,8.808333,-0.030989,0.962992,0.044888,0.263955,3.816612,84.24559,20.23476,-0.044337,0.977524,0.102751,0.178671,3.175286,91.891312,20.773893,-0.01651,0.981058,0.125604,0.14655,0.587113,112.339806,24.654968,0.095187,0.993458,-0.024978,0.057934,-0.863115,132.621353,29.717701,0.148808,0.972414,-0.174064,-0.04438,2.135684,146.764771,27.295467,-0.022521,0.93968,0.108426,0.323632,-4.396522,126.965843,27.821451,0.444926,-0.569698,0.086384,-0.685583,-18.202778,127.452934,17.100033,0.23008,0.073482,-0.503723,-0.829414,-9.860507,111.92392,-0.387815,0.292887,0.170395,-0.58887,-0.733768,2.916142,134.982361,-3.303423,-0.01601,0.974239,0.170762,0.14643,2.724565,126.932945,29.993101,0.361744,0.866299,0.133331,-0.317633,19.452795,126.603928,35.078056,0.036675,0.150547,0.462635,-0.872903,32.774544,113.144241,19.017662,0.043998,-0.078753,0.674129,-0.733084,19.891712,132.633301,11.757001,0.069482,0.928304,0.234106,0.280389,-4.238213,83.908035,15.440197,0.113215,0.987714,-0.034139,0.102169,-4.155592,51.988518,-1.72428,0.016254,0.974813,0.077096,0.208645,-15.125169,5.754137,0.383054,-0.086119,0.94421,0.017204,0.31742,11.871436,84.583138,25.029322,0.079932,0.883447,-0.222079,0.404738,18.161249,48.900188,25.833273,-0.034531,0.876878,0.040578,0.47775,2.893017,6.635085,41.419556,0.016254,0.974813,0.077096,0.208645,-9.363667,1.752312,-13.252279,-0.034531,0.876878,0.040578,0.47775,15.247694,2.038274,33.586086
1058,8.816667,-0.030948,0.962991,0.044781,0.263981,3.811696,84.243988,20.236713,-0.044255,0.977536,0.102685,0.178666,3.171398,91.8899,20.774412,-0.01652,0.981061,0.125581,0.146545,0.586924,112.340332,24.653643,0.095324,0.993444,-0.025044,0.057931,-0.863538,132.622116,29.715401,0.148803,0.972396,-0.174157,-0.044427,2.139231,146.764404,27.291492,-0.022503,0.939672,0.10838,0.323674,-4.396884,126.966454,27.819454,0.444843,-0.569705,0.086581,-0.685605,-18.202223,127.453789,17.096863,0.23005,0.073382,-0.503711,-0.829438,-9.862073,111.920166,-0.387897,0.292889,0.170373,-0.588778,-0.733846,2.916293,134.977951,-3.306968,-0.015916,0.974259,0.170626,0.146465,2.724222,126.933754,29.991051,0.361831,0.866259,0.133454,-0.31759,19.452204,126.602043,35.076668,0.036804,0.150541,0.462689,-0.87287,32.772171,113.140991,19.01594,0.044081,-0.078637,0.674287,-0.732946,19.891956,132.630219,11.752915,0.069451,0.92829,0.234122,0.28043,-4.242918,83.90667,15.441775,0.113204,0.987723,-0.03412,0.102098,-4.157123,51.987373,-1.723097,0.016259,0.974799,0.077151,0.208686,-15.125309,5.752623,0.383412,-0.086188,0.944182,0.017262,0.31748,11.86631,84.581306,25.031651,0.079955,0.883459,-0.222088,0.404703,18.162069,48.899357,25.833651,-0.034522,0.876875,0.040574,0.477757,2.892215,6.634998,41.420357,0.016259,0.974799,0.077151,0.208686,-9.36258,1.752332,-13.251858,-0.034522,0.876875,0.040574,0.477757,15.246931,2.037974,33.587074
1059,8.825,-0.030931,0.962975,0.04478,0.26404,3.810644,84.243027,20.235617,-0.044298,0.977532,0.102703,0.178666,3.170566,91.888962,20.773323,-0.016488,0.981078,0.125478,0.146524,0.584001,112.340805,24.653297,0.095332,0.993445,-0.025066,0.057887,-0.864423,132.623718,29.711109,0.148922,0.972359,-0.174246,-0.044491,2.138429,146.765854,27.286446,-0.022471,0.939706,0.108233,0.323625,-4.398362,126.968002,27.816463,0.444521,-0.569655,0.086999,-0.685803,-18.204857,127.454544,17.095322,0.229948,0.07319,-0.503676,-0.829504,-9.865465,111.916039,-0.385465,0.292934,0.170407,-0.588739,-0.733851,2.916615,134.972015,-3.309625,-0.015841,0.974272,0.170544,0.146482,2.722851,126.935104,29.987705,0.361991,0.866219,0.133382,-0.317547,19.450737,126.601158,35.07349,0.036974,0.150569,0.46279,-0.872804,32.766323,113.132515,19.015499,0.044178,-0.078627,0.674488,-0.732757,19.89142,132.622833,11.747922,0.069427,0.928316,0.234083,0.280384,-4.243407,83.906059,15.43971,0.113184,0.987732,-0.034105,0.102037,-4.157632,51.985214,-1.722276,0.016668,0.974786,0.077186,0.208703,-15.123652,5.749935,0.383691,-0.086215,0.944225,0.017241,0.317347,11.864696,84.580002,25.031523,0.079939,0.883444,-0.22207,0.404749,18.161905,48.898335,25.834715,-0.034557,0.876868,0.040605,0.477765,2.893281,6.632951,41.419876,0.016668,0.974786,0.077186,0.208703,-9.3644,1.748377,-13.252676,-0.034557,0.876868,0.040605,0.477765,15.248569,2.037203,33.58675
1060,8.833333,-0.030941,0.962975,0.044625,0.264064,3.806482,84.239548,20.239603,-0.044275,0.977541,0.102637,0.17866,3.166872,91.885681,20.774971,-0.016445,0.981092,0.125386,0.146512,0.581541,112.339722,24.65276,0.095378,0.993444,-0.025074,0.057821,-0.86448,132.623657,29.707142,0.148997,0.972331,-0.174305,-0.04462,2.139407,146.765518,27.282131,-0.022523,0.93971,0.108203,0.32362,-4.399105,126.968002,27.813589,0.444787,-0.569715,0.086829,-0.685602,-18.205614,127.452446,17.092382,0.230184,0.073343,-0.503639,-0.829448,-9.868139,111.911758,-0.387381,0.29315,0.170372,-0.588699,-0.733805,2.914904,134.967682,-3.310943,-0.015806,0.974294,0.170384,0.146526,2.722178,126.934692,29.984587,0.362147,0.866161,0.133169,-0.317616,19.449648,126.600121,35.071686,0.037067,0.150608,0.462922,-0.872723,32.757431,113.122894,19.014433,0.04427,-0.078643,0.674584,-0.732661,19.888866,132.616608,11.743305,0.069311,0.928331,0.234193,0.28027,-4.247322,83.901665,15.443349,0.113212,0.987745,-0.034088,0.101883,-4.153518,51.983356,-1.723321,0.016424,0.974803,0.077142,0.208659,-15.121687,5.748579,0.38248,-0.086246,0.944279,0.017294,0.317176,11.860285,84.577438,25.035858,0.079969,0.883499,-0.222036,0.404642,18.161001,48.896294,25.834957,-0.034593,0.876874,0.040547,0.477757,2.893007,6.629941,41.418087,0.016424,0.974803,0.077142,0.208659,-9.361337,1.747127,-13.253452,-0.034593,0.876874,0.040547,0.477757,15.248236,2.033212,33.585445
1061,8.841667,-0.030949,0.96298,0.044526,0.264062,3.80396,84.237587,20.242819,-0.04429,0.977536,0.102618,0.178696,3.164631,91.88385,20.776697,-0.016397,0.981098,0.125292,0.146561,0.578772,112.337387,24.653366,0.095388,0.993446,-0.025042,0.057784,-0.864977,132.622375,29.704195,0.149081,0.972293,-0.174408,-0.044754,2.13899,146.764343,27.279987,-0.022398,0.93974,0.107976,0.323616,-4.400195,126.966873,27.811295,0.444806,-0.569741,0.086933,-0.685555,-18.206989,127.452805,17.090515,0.230196,0.07327,-0.503605,-0.829472,-9.871909,111.907661,-0.386429,0.293101,0.170312,-0.588597,-0.73392,2.913223,134.961258,-3.31294,-0.015791,0.974326,0.170202,0.146527,2.720899,126.932976,29.98291,0.362262,0.866137,0.133018,-0.317614,19.448387,126.598862,35.069992,0.037151,0.150697,0.462993,-0.872667,32.752113,113.114716,19.015175,0.04427,-0.078653,0.674586,-0.732658,19.888502,132.608704,11.738915,0.069261,0.928346,0.234252,0.280185,-4.249853,83.899063,15.446621,0.113215,0.987741,-0.034095,0.101924,-4.153047,51.982262,-1.722834,0.016694,0.974791,0.077075,0.208718,-15.121648,5.747583,0.383071,-0.086233,0.944282,0.017327,0.317166,11.857774,84.576111,25.039017,0.079948,0.883491,-0.221999,0.404684,18.158388,48.89489,25.835487,-0.03469,0.876857,0.040478,0.477786,2.892742,6.626642,41.415787,0.016694,0.974791,0.077075,0.208718,-9.362523,1.742645,-13.252358,-0.03469,0.876857,0.040478,0.477786,15.249069,2.029558,33.585083
1062,8.85,-0.030932,0.962975,0.044527,0.264082,3.801791,84.235649,20.243385,-0.044284,0.977536,0.102607,0.178702,3.162703,91.881927,20.777327,-0.016439,0.981114,0.125141,0.146576,0.576908,112.33754,24.65395,0.095397,0.993436,-0.025247,0.057863,-0.867701,132.624054,29.698378,0.149173,0.972289,-0.174392,-0.04459,2.137109,146.764893,27.268549,-0.022393,0.939751,0.107965,0.323589,-4.402661,126.967834,27.80711,0.444772,-0.569707,0.087107,-0.685583,-18.210087,127.45372,17.087135,0.230229,0.073219,-0.503573,-0.829486,-9.874578,111.904251,-0.385749,0.293037,0.170457,-0.588489,-0.733999,2.912694,134.956406,-3.314946,-0.015718,0.974343,0.170079,0.146569,2.718351,126.93486,29.979012,0.362352,0.86613,0.132894,-0.317583,19.445484,126.598633,35.067116,0.037159,0.150733,0.463072,-0.872619,32.746941,113.108597,19.015371,0.044276,-0.078616,0.674785,-0.732478,19.887186,132.605133,11.737472,0.069229,0.928336,0.234264,0.280215,-4.25184,83.897461,15.446856,0.113143,0.987819,-0.034018,0.101265,-4.152036,51.98077,-1.72278,0.016188,0.974849,0.077091,0.20848,-15.11186,5.744052,0.383921,-0.08628,0.94428,0.017332,0.31716,11.855421,84.573837,25.039915,0.079979,0.883538,-0.221966,0.404594,18.159315,48.893219,25.837082,-0.034616,0.876843,0.040518,0.477814,2.893893,6.624037,41.415062,0.016188,0.974849,0.077091,0.20848,-9.354191,1.742586,-13.253142,-0.034616,0.876843,0.040518,0.477814,15.250212,2.026927,33.584358
1063,8.858333,-0.030935,0.962971,0.044436,0.264114,3.799102,84.236618,20.244713,-0.044313,0.977525,0.102627,0.178745,3.16031,91.883018,20.777279,-0.016369,0.981114,0.125104,0.146618,0.57309,112.337769,24.654272,0.095411,0.993438,-0.025274,0.057783,-0.868669,132.624771,29.697561,0.149257,0.972256,-0.174456,-0.044782,2.136245,146.765411,27.266729,-0.022399,0.939769,0.107865,0.323571,-4.404392,126.969017,27.806345,0.444864,-0.569771,0.087031,-0.68548,-18.212208,127.453484,17.086807,0.230264,0.07322,-0.503569,-0.82948,-9.879627,111.903023,-0.386597,0.293059,0.17037,-0.588467,-0.734028,2.907588,134.954376,-3.316559,-0.015583,0.974366,0.169893,0.146641,2.71647,126.935028,29.978729,0.362388,0.866102,0.132932,-0.317604,19.443016,126.594749,35.068512,0.037277,0.150706,0.463114,-0.872596,32.742535,113.104439,19.015377,0.044408,-0.078713,0.674764,-0.732479,19.884411,132.601212,11.736118,0.069181,0.928365,0.234206,0.280179,-4.254212,83.897942,15.447683,0.113105,0.987801,-0.033977,0.101495,-4.153137,51.978779,-1.717348,0.016381,0.974847,0.077187,0.208438,-15.109524,5.740967,0.383338,-0.086263,0.944276,0.017371,0.317175,11.852416,84.575302,25.041744,0.079922,0.88352,-0.221958,0.404647,18.156061,48.894569,25.835964,-0.034438,0.876835,0.040556,0.477838,2.894755,6.624204,41.414772,0.016381,0.974847,0.077187,0.208438,-9.354637,1.741267,-13.255422,-0.034438,0.876835,0.040556,0.477838,15.25005,2.025539,33.583363
1064,8.866667,-0.030928,0.962961,0.044419,0.264151,3.795571,84.237343,20.247036,-0.04424,0.977538,0.102532,0.178746,3.156937,91.883774,20.779348,-0.016386,0.98112,0.125059,0.146615,0.573211,112.34082,24.653286,0.095404,0.993437,-0.025338,0.057783,-0.868939,132.628281,29.694662,0.149308,0.972239,-0.174509,-0.044773,2.135854,146.768616,27.261984,-0.022486,0.939818,0.107762,0.323455,-4.404552,126.972267,27.803988,0.444892,-0.569825,0.087029,-0.685417,-18.214867,127.45224,17.087465,0.230272,0.073147,-0.503572,-0.829482,-9.885347,111.900139,-0.385933,0.293055,0.170299,-0.588546,-0.733983,2.902189,134.950714,-3.319323,-0.015533,0.974361,0.169898,0.146678,2.716312,126.938629,29.976362,0.362543,0.866056,0.133119,-0.317475,19.442532,126.596382,35.067074,0.037441,0.150642,0.463127,-0.872593,32.740551,113.102318,19.01586,0.04438,-0.078648,0.674786,-0.732467,19.881664,132.599167,11.735355,0.069178,0.928382,0.234187,0.280139,-4.25738,83.89875,15.449392,0.113057,0.98779,-0.033952,0.101671,-4.15729,51.978935,-1.714434,0.0164,0.974849,0.077203,0.208423,-15.10934,5.739922,0.382482,-0.086283,0.944233,0.01743,0.317295,11.848521,84.575943,25.04468,0.079869,0.883481,-0.221983,0.40473,18.154774,48.895607,25.836145,-0.034402,0.87687,0.040559,0.477776,2.895485,6.625471,41.417549,0.0164,0.974849,0.077203,0.208423,-9.355018,1.740596,-13.256624,-0.034402,0.87687,0.040559,0.477776,15.249393,2.026357,33.584213
1065,8.875,-0.030913,0.962949,0.044274,0.264221,3.791399,84.238029,20.249653,-0.044238,0.977548,0.102486,0.178715,3.153528,91.884666,20.779839,-0.01641,0.981137,0.124992,0.146557,0.570363,112.342087,24.651995,0.09523,0.993452,-0.025472,0.057748,-0.872082,132.630203,29.690588,0.149511,0.972213,-0.174502,-0.04469,2.12777,146.770859,27.253643,-0.022427,0.939839,0.107687,0.323425,-4.407667,126.97377,27.801126,0.444947,-0.569808,0.08714,-0.685381,-18.21874,127.454689,17.08563,0.230319,0.072985,-0.503598,-0.829467,-9.889246,111.897766,-0.383483,0.29294,0.170358,-0.588546,-0.734015,2.897777,134.946564,-3.325534,-0.01547,0.974385,0.169754,0.146694,2.71344,126.94075,29.972713,0.36276,0.86598,0.132769,-0.31758,19.439564,126.597008,35.063641,0.037373,0.15067,0.463361,-0.872467,32.72646,113.090157,19.013981,0.044397,-0.078702,0.674868,-0.732385,19.877695,132.595947,11.733874,0.06917,0.928358,0.234147,0.280254,-4.260873,83.899048,15.450901,0.113026,0.987791,-0.033889,0.101718,-4.158966,51.977776,-1.710215,0.016305,0.974848,0.07722,0.20843,-15.107647,5.737698,0.380632,-0.08633,0.944243,0.017489,0.317247,11.843672,84.577011,25.048405,0.079871,0.883481,-0.221983,0.404728,18.15444,48.897408,25.836605,-0.03438,0.876889,0.04046,0.477751,2.894999,6.627306,41.417957,0.016305,0.974848,0.07722,0.20843,-9.352164,1.739399,-13.258283,-0.03438,0.876889,0.04046,0.477751,15.24784,2.025331,33.584625
1066,8.883333,-0.030885,0.962936,0.044195,0.264288,3.785868,84.237137,20.251131,-0.04418,0.977539,0.10251,0.178765,3.148692,91.883911,20.780218,-0.016371,0.981145,0.124861,0.146615,0.567715,112.340012,24.653418,0.095234,0.993452,-0.025501,0.057743,-0.872615,132.629562,29.686865,0.149511,0.972199,-0.174559,-0.04477,2.127371,146.77005,27.249098,-0.022323,0.939855,0.107597,0.323414,-4.408737,126.973129,27.79842,0.445018,-0.569848,0.087214,-0.685292,-18.220222,127.456413,17.083567,0.230351,0.072885,-0.503614,-0.829457,-9.893616,111.894485,-0.382458,0.292876,0.170364,-0.588483,-0.734089,2.89301,134.942093,-3.329956,-0.015476,0.974405,0.169626,0.146706,2.712134,126.939713,29.970772,0.362692,0.866028,0.132728,-0.317542,19.43812,126.596786,35.062183,0.037495,0.150671,0.463242,-0.872525,32.728611,113.091064,19.014553,0.044443,-0.078793,0.674889,-0.732353,19.87447,132.592178,11.731421,0.069109,0.928371,0.234113,0.280255,-4.265771,83.898323,15.45131,0.113014,0.987807,-0.033835,0.101588,-4.160484,51.975273,-1.706463,0.01624,0.974859,0.077208,0.208388,-15.10735,5.734605,0.380801,-0.086284,0.944183,0.017573,0.317436,11.837507,84.575943,25.050949,0.079728,0.883397,-0.221967,0.404949,18.146982,48.895988,25.833607,-0.03426,0.876883,0.040483,0.47777,2.896154,6.623054,41.41568,0.01624,0.974859,0.077208,0.208388,-9.352401,1.736335,-13.258343,-0.03426,0.876883,0.040483,0.47777,15.248333,2.019964,33.58197
1067,8.891667,-0.030862,0.962927,0.044083,0.264341,3.782476,84.237213,20.254023,-0.044142,0.977543,0.102479,0.178772,3.146072,91.884163,20.781513,-0.016385,0.981158,0.124754,0.146618,0.56696,112.339569,24.65354,0.095234,0.993453,-0.025482,0.057734,-0.873314,132.630203,29.682598,0.149565,0.972172,-0.174653,-0.044809,2.126596,146.770782,27.245327,-0.022298,0.93992,0.107472,0.32327,-4.409447,126.973389,27.795336,0.445145,-0.569882,0.087147,-0.68519,-18.224236,127.455498,17.084694,0.230448,0.072798,-0.503626,-0.82943,-9.898969,111.891937,-0.380522,0.292934,0.170228,-0.588613,-0.733994,2.887728,134.938751,-3.334681,-0.015552,0.974417,0.169496,0.146766,2.711401,126.940407,29.967768,0.362901,0.865955,0.13229,-0.317685,19.436689,126.600372,35.061665,0.037466,0.150799,0.463435,-0.872401,32.715164,113.081024,19.015556,0.044416,-0.078796,0.674853,-0.732388,19.871706,132.587631,11.72815,0.069098,0.928386,0.234051,0.280259,-4.268668,83.898323,15.453376,0.112969,0.987817,-0.033757,0.101563,-4.163897,51.97308,-1.700327,0.016265,0.974859,0.07724,0.208374,-15.105812,5.730942,0.380383,-0.086273,0.944176,0.017583,0.317458,11.833619,84.576103,25.054668,0.079712,0.883404,-0.221888,0.40498,18.142567,48.89603,25.836519,-0.034437,0.876849,0.040441,0.477823,2.895418,6.619504,41.41246,0.016265,0.974859,0.07724,0.208374,-9.35141,1.733486,-13.259229,-0.034437,0.876849,0.040441,0.477823,15.249956,2.017869,33.581615
1068,8.9,-0.030878,0.962917,0.044017,0.264387,3.779454,84.236214,20.25662,-0.044109,0.977535,0.102484,0.17882,3.143048,91.88324,20.783035,-0.016341,0.981163,0.124652,0.146676,0.564856,112.340424,24.655682,0.095309,0.993446,-0.025493,0.057716,-0.873298,132.632202,29.680777,0.149607,0.972149,-0.174714,-0.04493,2.128677,146.772308,27.243275,-0.022346,0.939908,0.107422,0.323318,-4.409973,126.975487,27.794212,0.445203,-0.5699,0.087232,-0.685127,-18.223614,127.455643,17.081993,0.230483,0.072724,-0.503723,-0.829368,-9.900088,111.887444,-0.379919,0.29309,0.170126,-0.588642,-0.733932,2.882339,134.936691,-3.339777,-0.015515,0.974432,0.169415,0.146765,2.710647,126.941978,29.967388,0.362966,0.865925,0.132359,-0.317665,19.435993,126.60112,35.061054,0.037643,0.150754,0.463444,-0.872397,32.712757,113.080467,19.014633,0.044498,-0.078905,0.674857,-0.732368,19.869371,132.585571,11.725376,0.06904,0.928385,0.23407,0.28026,-4.271212,83.896736,15.455212,0.112991,0.987828,-0.033732,0.101445,-4.162169,51.971554,-1.698577,0.01674,0.974838,0.077263,0.208424,-15.10562,5.729717,0.380828,-0.086288,0.944155,0.017615,0.317516,11.830121,84.575684,25.058031,0.079684,0.88339,-0.221846,0.405039,18.140739,48.895882,25.838449,-0.034332,0.876862,0.040474,0.477803,2.896465,6.617162,41.411251,0.01674,0.974838,0.077263,0.208424,-9.354443,1.730272,-13.259565,-0.034332,0.876862,0.040474,0.477803,15.249846,2.014885,33.578949
1069,8.908333,-0.030833,0.962898,0.043942,0.264473,3.776585,84.237541,20.258936,-0.044089,0.97754,0.102437,0.178827,3.141107,91.884705,20.784376,-0.016356,0.981168,0.124635,0.146659,0.56395,112.343132,24.655394,0.095373,0.993437,-0.025542,0.057747,-0.874627,132.635071,29.679733,0.149605,0.972133,-0.174819,-0.044878,2.129392,146.774536,27.241039,-0.022326,0.940007,0.107236,0.323093,-4.411198,126.978172,27.793497,0.445426,-0.569904,0.087049,-0.685002,-18.22995,127.455948,17.087769,0.230647,0.072572,-0.503727,-0.829334,-9.905073,111.888077,-0.373791,0.293086,0.169954,-0.588731,-0.733902,2.877341,134.933533,-3.344642,-0.015498,0.974433,0.169373,0.146809,2.709489,126.944962,29.966455,0.362981,0.865929,0.132074,-0.317756,19.434395,126.603485,35.061508,0.037585,0.150864,0.463507,-0.872347,32.707737,113.078247,19.016127,0.044532,-0.078854,0.674929,-0.732305,19.868652,132.585388,11.72366,0.069066,0.928378,0.233953,0.280374,-4.273286,83.898598,15.45616,0.112945,0.987851,-0.033612,0.101313,-4.166339,51.969707,-1.690742,0.016664,0.974836,0.077335,0.208412,-15.104139,5.726114,0.379331,-0.086298,0.944109,0.017663,0.317647,11.826456,84.576485,25.061712,0.079641,0.88336,-0.221831,0.405121,18.138718,48.896919,25.839966,-0.034301,0.876857,0.04049,0.477814,2.897067,6.616926,41.411877,0.016664,0.974836,0.077335,0.208412,-9.352379,1.729214,-13.261559,-0.034301,0.876857,0.04049,0.477814,15.250428,2.014612,33.579575
1070,8.916667,-0.03086,0.962886,0.043998,0.264504,3.774697,84.238792,20.260651,-0.044067,0.977531,0.102436,0.178883,3.138575,91.885857,20.786793,-0.016332,0.981166,0.124574,0.146728,0.561894,112.346199,24.658138,0.095374,0.993431,-0.025624,0.057816,-0.875674,132.638794,29.68005,0.149584,0.972116,-0.174945,-0.044819,2.128768,146.777817,27.239239,-0.022385,0.939997,0.107165,0.323142,-4.412463,126.981995,27.793974,0.445372,-0.569933,0.087202,-0.684993,-18.230013,127.457214,17.086575,0.230614,0.072438,-0.503764,-0.829332,-9.908128,111.885056,-0.372599,0.29312,0.169842,-0.588949,-0.73374,2.873416,134.930557,-3.349018,-0.015442,0.974443,0.169348,0.14678,2.707937,126.948425,29.967875,0.363032,0.865904,0.132104,-0.317752,19.433207,126.605354,35.061653,0.03754,0.150942,0.463538,-0.872318,32.704865,113.078835,19.015957,0.044406,-0.078695,0.674893,-0.732362,19.868496,132.586639,11.721388,0.069105,0.928376,0.233914,0.280403,-4.274836,83.899673,15.457317,0.112863,0.987843,-0.033625,0.101474,-4.170814,51.969868,-1.687884,0.016561,0.974856,0.077335,0.208331,-15.101438,5.724591,0.382518,-0.086331,0.944133,0.017621,0.317569,11.824231,84.577904,25.063982,0.079661,0.883385,-0.221819,0.405069,18.137873,48.898651,25.845337,-0.034308,0.876906,0.040479,0.477724,2.895987,6.618425,41.416405,0.016561,0.974856,0.077335,0.208331,-9.350851,1.728305,-13.25905,-0.034308,0.876906,0.040479,0.477724,15.24778,2.015905,33.581741
1071,8.925,-0.030874,0.962869,0.043977,0.264567,3.772216,84.241241,20.263899,-0.044059,0.977535,0.102371,0.1789,3.135942,91.888321,20.789627,-0.016367,0.981166,0.124557,0.146732,0.560028,112.348793,24.658239,0.09525,0.993431,-0.02585,0.057911,-0.878915,132.641525,29.679247,0.149624,0.972114,-0.174987,-0.044568,2.122671,146.780045,27.232037,-0.022417,0.939982,0.107128,0.323195,-4.415312,126.984406,27.793354,0.445555,-0.569951,0.087192,-0.684861,-18.231621,127.458382,17.084305,0.230669,0.072336,-0.50381,-0.829297,-9.910635,111.881592,-0.371142,0.292999,0.169749,-0.58902,-0.733753,2.869343,134.927368,-3.354216,-0.015455,0.974443,0.169352,0.146775,2.70505,126.951393,29.967381,0.363097,0.86589,0.132333,-0.317621,19.430355,126.608765,35.061054,0.037658,0.150946,0.463539,-0.872312,32.703762,113.082443,19.016638,0.044467,-0.078538,0.674795,-0.732466,19.868269,132.588058,11.719712,0.0691,0.92841,0.23381,0.28038,-4.276668,83.901833,15.459498,0.112851,0.987837,-0.03353,0.101577,-4.174977,51.968449,-1.679055,0.016607,0.97484,0.077454,0.208357,-15.103868,5.72232,0.38137,-0.08632,0.944101,0.01764,0.317666,11.821101,84.58065,25.068298,0.079665,0.883427,-0.221767,0.405006,18.134331,48.901306,25.848722,-0.034078,0.876902,0.040574,0.47774,2.89509,6.618977,41.416653,0.016607,0.97484,0.077454,0.208357,-9.352729,1.729243,-13.260904,-0.034078,0.876902,0.040574,0.47774,15.245488,2.015614,33.580284
1072,8.933333,-0.030883,0.962853,0.044029,0.264616,3.769734,84.241142,20.266512,-0.044146,0.977532,0.10233,0.178918,3.13309,91.888138,20.792933,-0.016238,0.981179,0.124492,0.146716,0.553277,112.353226,24.660036,0.095172,0.993438,-0.025886,0.057906,-0.879863,132.646805,29.679268,0.1497,0.972083,-0.175106,-0.044518,2.119541,146.785583,27.230886,-0.022463,0.939993,0.107022,0.323195,-4.417908,126.990471,27.794123,0.445699,-0.569978,0.087146,-0.684751,-18.234144,127.461731,17.084856,0.230791,0.072273,-0.50379,-0.829281,-9.914289,111.882294,-0.368789,0.293002,0.169688,-0.589105,-0.733697,2.866385,134.92482,-3.35751,-0.015426,0.974454,0.169325,0.146736,2.702585,126.955734,29.967695,0.363112,0.865904,0.132171,-0.317634,19.428326,126.612511,35.05991,0.037732,0.150959,0.46353,-0.872312,32.700809,113.082817,19.017569,0.044593,-0.078465,0.674967,-0.732307,19.864519,132.588303,11.718094,0.069049,0.928463,0.233784,0.28024,-4.278659,83.901871,15.461278,0.112838,0.987829,-0.033493,0.101684,-4.176757,51.967094,-1.67468,0.016558,0.974843,0.077482,0.208336,-15.104243,5.720434,0.381194,-0.086311,0.944063,0.017618,0.317782,11.818127,84.580406,25.071747,0.07964,0.88344,-0.221715,0.405011,18.130192,48.900909,25.854242,-0.034161,0.876912,0.040616,0.477711,2.894889,6.61597,41.418945,0.016558,0.974843,0.077482,0.208336,-9.35311,1.728461,-13.261405,-0.034161,0.876912,0.040616,0.477711,15.245712,2.014852,33.581932
1073,8.941667,-0.030763,0.962841,0.043889,0.264698,3.763217,84.242622,20.271015,-0.044131,0.977525,0.102384,0.178927,3.128869,91.889931,20.795805,-0.016207,0.981198,0.124357,0.146709,0.549585,112.351753,24.664688,0.095168,0.993435,-0.025976,0.057925,-0.881449,132.64679,29.678652,0.1497,0.972083,-0.175123,-0.044466,2.118034,146.78511,27.227745,-0.022447,0.939962,0.107014,0.32329,-4.420094,126.990303,27.795067,0.445586,-0.569965,0.087378,-0.684805,-18.234211,127.462349,17.083094,0.230718,0.072155,-0.503829,-0.829288,-9.915634,111.878273,-0.367019,0.293016,0.169619,-0.589174,-0.733652,2.864557,134.92218,-3.35962,-0.015497,0.974492,0.16915,0.146676,2.700448,126.955437,29.968483,0.363159,0.865902,0.131889,-0.317702,19.426729,126.615883,35.059189,0.037719,0.151052,0.463589,-0.872265,32.695347,113.08017,19.018719,0.044655,-0.078404,0.675005,-0.732275,19.862873,132.587402,11.715683,0.069063,0.928424,0.233676,0.280454,-4.284505,83.9049,15.464547,0.112795,0.987857,-0.033341,0.101512,-4.181886,51.966595,-1.664849,0.016513,0.974848,0.077498,0.208309,-15.103635,5.718046,0.379154,-0.08635,0.944064,0.017673,0.317765,11.810939,84.580353,25.077482,0.079658,0.883503,-0.221669,0.404894,18.126913,48.90147,25.857023,-0.034288,0.876943,0.040557,0.477651,2.893791,6.614891,41.419392,0.016513,0.974848,0.077498,0.208309,-9.352772,1.726794,-13.263776,-0.034288,0.876943,0.040557,0.477651,15.244442,2.014042,33.581944
1074,8.95,-0.030805,0.962831,0.0438,0.264744,3.760373,84.242867,20.274939,-0.044112,0.977533,0.102316,0.178926,3.125739,91.890251,20.798223,-0.016191,0.981208,0.124292,0.146696,0.547537,112.354279,24.664759,0.095106,0.993445,-0.025943,0.057873,-0.882358,132.650024,29.676182,0.149782,0.972057,-0.175174,-0.044541,2.11509,146.788879,27.225914,-0.022463,0.939982,0.106945,0.323253,-4.421334,126.993477,27.793423,0.445674,-0.569957,0.087431,-0.684748,-18.236252,127.464066,17.082426,0.23076,0.072098,-0.503854,-0.829266,-9.917702,111.876129,-0.364237,0.293023,0.169515,-0.589129,-0.733709,2.861825,134.920502,-3.360898,-0.015512,0.97449,0.169088,0.14676,2.69927,126.958534,29.966629,0.363202,0.865907,0.131754,-0.317694,19.424671,126.619324,35.060223,0.037813,0.151155,0.463586,-0.872244,32.691998,113.079498,19.022156,0.044655,-0.078342,0.67512,-0.732176,19.860823,132.585419,11.712656,0.069024,0.928455,0.23366,0.280374,-4.286835,83.903999,15.467691,0.112799,0.987873,-0.033261,0.101379,-4.183458,51.96476,-1.659945,0.016543,0.97484,0.077532,0.208333,-15.10455,5.71579,0.377925,-0.086369,0.944129,0.017758,0.317562,11.80758,84.581741,25.082186,0.079666,0.883504,-0.221666,0.404893,18.126974,48.90332,25.854975,-0.034198,0.876927,0.040441,0.477696,2.893366,6.61673,41.416843,0.016543,0.97484,0.077532,0.208333,-9.353234,1.725361,-13.265049,-0.034198,0.876927,0.040441,0.477696,15.243522,2.011662,33.581097
1075,8.958333,-0.030777,0.962819,0.043735,0.264802,3.757406,84.244659,20.281101,-0.043943,0.977543,0.102281,0.178935,3.123415,91.892159,20.80349,-0.016381,0.981211,0.124201,0.146734,0.552779,112.353935,24.669292,0.095199,0.99343,-0.025997,0.057946,-0.884583,132.650345,29.675812,0.149713,0.972063,-0.175212,-0.044509,2.115893,146.788376,27.224409,-0.022375,0.940025,0.106856,0.323163,-4.421418,126.99218,27.793936,0.44562,-0.569915,0.087511,-0.684807,-18.238501,127.464279,17.0858,0.230758,0.071995,-0.503871,-0.829266,-9.918283,111.875824,-0.359599,0.293033,0.169515,-0.589116,-0.733716,2.860918,134.919159,-3.360877,-0.015546,0.974504,0.169008,0.146752,2.69893,126.960144,29.968027,0.363369,0.865835,0.132282,-0.317481,19.424374,126.622559,35.061588,0.038084,0.151084,0.46361,-0.872232,32.692379,113.083794,19.023197,0.044623,-0.078273,0.675095,-0.732208,19.862555,132.586533,11.711412,0.069054,0.928448,0.23362,0.280422,-4.28926,83.906021,15.472932,0.112732,0.987888,-0.033189,0.10133,-4.187863,51.965733,-1.652759,0.016508,0.974862,0.077548,0.208227,-15.101974,5.714869,0.37956,-0.086316,0.944064,0.01777,0.317769,11.804072,84.583305,25.08927,0.079586,0.883472,-0.221587,0.405023,18.119955,48.904255,25.861427,-0.034129,0.876926,0.04059,0.477691,2.893578,6.61313,41.418053,0.016508,0.974862,0.077548,0.208227,-9.353155,1.725178,-13.264688,-0.034129,0.876926,0.04059,0.477691,15.243641,2.010895,33.580494
1076,8.966667,-0.030745,0.962803,0.043871,0.264839,3.752807,84.245583,20.284609,-0.044007,0.977536,0.102222,0.178989,3.118723,91.892929,20.809124,-0.016193,0.981216,0.124154,0.146763,0.544954,112.360657,24.672962,0.095189,0.993426,-0.026102,0.057995,-0.884527,132.657822,29.678709,0.149639,0.972055,-0.175339,-0.044421,2.115987,146.795349,27.224451,-0.02249,0.94,0.10676,0.323259,-4.423553,127.000961,27.797009,0.445719,-0.569935,0.087566,-0.68472,-18.238276,127.468582,17.085638,0.230856,0.072035,-0.503866,-0.829238,-9.919661,111.875389,-0.356296,0.293105,0.169521,-0.589191,-0.733625,2.859674,134.918945,-3.358532,-0.01545,0.97452,0.168955,0.146717,2.696758,126.966225,29.971174,0.363427,0.865815,0.132407,-0.317416,19.422663,126.625862,35.063023,0.038154,0.151089,0.463629,-0.872218,32.690632,113.086487,19.025112,0.044612,-0.078175,0.675197,-0.732125,19.861731,132.589203,11.711576,0.06904,0.928432,0.233565,0.280526,-4.29353,83.908241,15.475802,0.112747,0.987873,-0.033127,0.101474,-4.190464,51.96595,-1.646148,0.016109,0.974858,0.077574,0.208265,-15.105674,5.715022,0.378643,-0.086381,0.944054,0.017803,0.317779,11.799145,84.582916,25.093416,0.079588,0.883464,-0.221569,0.405049,18.120171,48.904762,25.864866,-0.034173,0.876945,0.040594,0.477653,2.893841,6.6129,41.419537,0.016109,0.974858,0.077574,0.208265,-9.351841,1.728268,-13.264341,-0.034173,0.876945,0.040594,0.477653,15.243641,2.011366,33.581161
1077,8.975,-0.030714,0.962792,0.04392,0.264877,3.748528,84.248947,20.288805,-0.0439,0.977549,0.102172,0.178972,3.114679,91.896263,20.814137,-0.016224,0.981221,0.124136,0.146742,0.545785,112.364265,24.676722,0.095176,0.993421,-0.026252,0.058034,-0.884749,132.661575,29.681593,0.149564,0.972063,-0.175388,-0.044318,2.115755,146.79837,27.223131,-0.022564,0.940023,0.106546,0.323257,-4.4235,127.00441,27.80027,0.445838,-0.569969,0.087419,-0.684633,-18.238174,127.467155,17.088614,0.230899,0.072111,-0.503875,-0.829214,-9.920183,111.875221,-0.354753,0.29316,0.169394,-0.58934,-0.733513,2.857769,134.919052,-3.354888,-0.015384,0.974521,0.168955,0.14672,2.696891,126.970207,29.974192,0.363502,0.865772,0.132765,-0.317297,19.42284,126.627563,35.065773,0.038339,0.150946,0.463638,-0.87223,32.691853,113.090599,19.026697,0.044756,-0.078124,0.675252,-0.732072,19.861626,132.592346,11.715102,0.069035,0.928424,0.233483,0.280621,-4.297472,83.912437,15.479369,0.112701,0.987876,-0.033033,0.101528,-4.19407,51.967327,-1.637313,0.016102,0.974857,0.077638,0.208248,-15.104273,5.714828,0.378476,-0.086474,0.944033,0.017833,0.317814,11.794528,84.585457,25.098238,0.079649,0.8835,-0.221553,0.404966,18.122503,48.908539,25.869989,-0.033978,0.876971,0.040702,0.477609,2.893171,6.616923,41.42239,0.016102,0.974857,0.077638,0.208248,-9.350663,1.73,-13.26517,-0.033978,0.876971,0.040702,0.477609,15.24091,2.015356,33.580776
1078,8.983333,-0.030711,0.962772,0.043897,0.264953,3.744821,84.250351,20.294411,-0.043895,0.977542,0.102117,0.179045,3.111063,91.897697,20.819361,-0.016185,0.981222,0.124046,0.146813,0.542399,112.36718,24.679758,0.095283,0.993405,-0.02631,0.058092,-0.886374,132.665482,29.681093,0.149456,0.972075,-0.175414,-0.044321,2.117509,146.801331,27.221346,-0.022485,0.940016,0.106528,0.32329,-4.42555,127.008438,27.800236,0.445804,-0.569959,0.087648,-0.684634,-18.239578,127.473701,17.087868,0.230923,0.072082,-0.503838,-0.829232,-9.923037,111.875175,-0.350289,0.293115,0.169489,-0.589327,-0.73352,2.856652,134.916718,-3.351711,-0.015354,0.974533,0.168883,0.146726,2.694545,126.97374,29.975105,0.363513,0.865794,0.132487,-0.317341,19.420452,126.630402,35.066746,0.038176,0.151074,0.463724,-0.872169,32.687683,113.088478,19.03038,0.044737,-0.078046,0.675245,-0.732087,19.862782,132.594162,11.717066,0.069052,0.928403,0.233497,0.280675,-4.300421,83.913849,15.483711,0.112768,0.987816,-0.033059,0.102028,-4.196863,51.969372,-1.634142,0.016061,0.974823,0.077598,0.208427,-15.114577,5.718475,0.377891,-0.086541,0.944069,0.017889,0.317687,11.790063,84.586861,25.10511,0.079666,0.883465,-0.22154,0.405047,18.123999,48.910931,25.873739,-0.034106,0.876972,0.040611,0.477606,2.892266,6.619015,41.422962,0.016061,0.974823,0.077598,0.208427,-9.355824,1.73253,-13.263254,-0.034106,0.876972,0.040611,0.477606,15.240705,2.016942,33.58276
1079,8.991667,-0.030696,0.962762,0.043892,0.26499,3.74067,84.250832,20.299603,-0.043807,0.977551,0.102046,0.179056,3.107144,91.898193,20.824518,-0.016227,0.981223,0.124011,0.146829,0.542489,112.369095,24.682785,0.095331,0.993398,-0.026365,0.05811,-0.887878,132.667709,29.682423,0.149392,0.972077,-0.175453,-0.044334,2.117519,146.802979,27.221233,-0.02249,0.940005,0.106485,0.323337,-4.426589,127.010262,27.801868,0.445919,-0.569983,0.087616,-0.684543,-18.239571,127.47506,17.088118,0.231032,0.072182,-0.503821,-0.829203,-9.924088,111.874184,-0.348459,0.293239,0.169498,-0.589223,-0.733551,2.855422,134.915283,-3.348243,-0.015309,0.974535,0.168836,0.146772,2.693418,126.976227,29.977047,0.363524,0.8658,0.132411,-0.317347,19.418917,126.63134,35.06995,0.038188,0.151113,0.463745,-0.872151,32.685577,113.087723,19.034546,0.044754,-0.07805,0.675319,-0.732017,19.862116,132.593842,11.719379,0.069026,0.928414,0.233502,0.280642,-4.304222,83.914619,15.488294,0.112776,0.987812,-0.033019,0.102073,-4.19945,51.970066,-1.62942,0.016428,0.974795,0.077572,0.208539,-15.117592,5.71908,0.378301,-0.08645,0.943969,0.017958,0.318004,11.785562,84.587044,25.110912,0.079548,0.883409,-0.22151,0.40521,18.114655,48.910152,25.874847,-0.03428,0.876973,0.040633,0.477591,2.890991,6.615186,41.423683,0.016428,0.974795,0.077572,0.208539,-9.359461,1.730257,-13.262272,-0.03428,0.876973,0.040633,0.477591,15.240833,2.016158,33.583897
1080,9.0,-0.030706,0.962754,0.043841,0.265029,3.737126,84.251839,20.305809,-0.043756,0.977532,0.10211,0.179137,3.103628,91.899261,20.829916,-0.016217,0.981233,0.123793,0.146949,0.540223,112.37001,24.690981,0.095322,0.993391,-0.026422,0.058223,-0.889005,132.670898,29.6817,0.149363,0.972078,-0.175489,-0.044248,2.116692,146.805893,27.219242,-0.022547,0.940012,0.106335,0.323359,-4.427918,127.013062,27.8027,0.445862,-0.569965,0.087767,-0.684575,-18.240294,127.474358,17.08802,0.230994,0.072205,-0.503778,-0.829238,-9.925121,111.870232,-0.345778,0.293169,0.169503,-0.589234,-0.73357,2.856907,134.911194,-3.342991,-0.015298,0.97456,0.168683,0.146781,2.691569,126.979134,29.979578,0.363585,0.865803,0.132355,-0.317292,19.416988,126.634636,35.072765,0.03821,0.151192,0.463776,-0.87212,32.683182,113.087082,19.040289,0.044714,-0.078018,0.675289,-0.732051,19.862593,132.593109,11.721536,0.068952,0.928436,0.233485,0.280602,-4.307371,83.91523,15.493867,0.112799,0.987831,-0.032907,0.101901,-4.198761,51.969326,-1.621316,0.016465,0.974789,0.077619,0.208545,-15.117632,5.718127,0.377546,-0.086512,0.944044,0.017942,0.317766,11.781623,84.588448,25.117752,0.079657,0.883535,-0.221411,0.404967,18.114704,48.912289,25.882647,-0.034184,0.876977,0.040646,0.477589,2.889891,6.614807,41.423515,0.016465,0.974789,0.077619,0.208545,-9.35958,1.730461,-13.263395,-0.034184,0.876977,0.040646,0.477589,15.238887,2.014742,33.582996
1081,9.008333,-0.030654,0.962744,0.043784,0.265079,3.730458,84.252754,20.312204,-0.043647,0.977535,0.102054,0.179178,3.097941,91.900299,20.835642,-0.016206,0.981235,0.12372,0.147,0.539474,112.370132,24.694839,0.095297,0.993394,-0.026435,0.058216,-0.889146,132.671799,29.682577,0.149356,0.972074,-0.175501,-0.044314,2.115838,146.806854,27.219656,-0.022456,0.940026,0.10635,0.32332,-4.42818,127.013901,27.804014,0.44596,-0.569983,0.0878,-0.684493,-18.2416,127.478195,17.090805,0.231136,0.072255,-0.503699,-0.829242,-9.9277,111.870171,-0.34011,0.293202,0.1696,-0.589123,-0.733622,2.857969,134.908585,-3.337904,-0.015297,0.974571,0.16861,0.14679,2.691088,126.979874,29.981609,0.363639,0.865799,0.132277,-0.317272,19.41641,126.635651,35.075142,0.038253,0.151198,0.463844,-0.872081,32.68132,113.08448,19.044647,0.044789,-0.078115,0.675378,-0.731954,19.86355,132.592743,11.724643,0.068846,0.928429,0.233501,0.280637,-4.3136,83.916847,15.499478,0.112827,0.987853,-0.032801,0.101689,-4.196837,51.970459,-1.614718,0.016121,0.974815,0.077559,0.208474,-15.116867,5.719197,0.376278,-0.086479,0.943974,0.018062,0.317977,11.774516,84.588654,25.124931,0.079532,0.883471,-0.221372,0.405152,18.10792,48.912388,25.88228,-0.034294,0.876972,0.040698,0.477585,2.89166,6.611389,41.421951,0.016121,0.974815,0.077559,0.208474,-9.357512,1.731754,-13.264182,-0.034294,0.876972,0.040698,0.477585,15.241796,2.014203,33.581535
1082,9.016667,-0.03067,0.962727,0.043821,0.265133,3.727151,84.254349,20.317286,-0.043609,0.977536,0.102019,0.179205,3.094217,91.901833,20.841166,-0.01619,0.98124,0.123648,0.147025,0.537468,112.372032,24.699162,0.095335,0.993384,-0.026532,0.058268,-0.890166,132.674454,29.684057,0.149294,0.972086,-0.175507,-0.044247,2.116248,146.808777,27.218597,-0.022472,0.940031,0.106132,0.323377,-4.429452,127.01651,27.806108,0.446002,-0.56997,0.087853,-0.684469,-18.241543,127.47805,17.091078,0.231228,0.072341,-0.50366,-0.829233,-9.927406,111.867432,-0.337406,0.293343,0.16959,-0.589043,-0.733633,2.8602,134.90625,-3.333481,-0.015236,0.974576,0.168569,0.146812,2.689715,126.982368,29.98403,0.36368,0.865803,0.132345,-0.317187,19.414879,126.636139,35.077938,0.038237,0.151247,0.463895,-0.872046,32.680935,113.083649,19.049519,0.044728,-0.078132,0.675345,-0.731986,19.866493,132.592865,11.728139,0.068844,0.928441,0.233474,0.280622,-4.316346,83.918396,15.50363,0.112823,0.987833,-0.032773,0.101893,-4.200334,51.971043,-1.608786,0.016386,0.974785,0.07761,0.20857,-15.120167,5.719524,0.37734,-0.086601,0.943992,0.018076,0.317888,11.770649,84.590302,25.130939,0.07965,0.883537,-0.221317,0.405016,18.112801,48.915619,25.889536,-0.034299,0.876953,0.040743,0.477616,2.891152,6.614059,41.422417,0.016386,0.974785,0.07761,0.20857,-9.360662,1.732009,-13.263035,-0.034299,0.876953,0.040743,0.477616,15.242067,2.018123,33.582504
1083,9.025,-0.030718,0.962715,0.043848,0.265169,3.724621,84.255264,20.323593,-0.043569,0.977538,0.10193,0.179254,3.090839,91.902664,20.847651,-0.016165,0.981231,0.123668,0.147076,0.535948,112.375618,24.702549,0.095353,0.993381,-0.026651,0.058242,-0.891024,132.677872,29.688374,0.14936,0.972078,-0.175473,-0.044321,2.115944,146.811462,27.21946,-0.022433,0.94,0.106143,0.323467,-4.430448,127.020218,27.809788,0.445871,-0.56998,0.08817,-0.684506,-18.240578,127.48349,17.0923,0.231211,0.072257,-0.503609,-0.829276,-9.929774,111.86541,-0.331089,0.293417,0.169532,-0.588993,-0.733657,2.861629,134.902878,-3.329741,-0.015171,0.974568,0.168641,0.146792,2.688508,126.985565,29.98839,0.363685,0.865817,0.132318,-0.317153,19.413944,126.636864,35.081234,0.03815,0.151288,0.463918,-0.87203,32.680923,113.083244,19.054537,0.044759,-0.07792,0.675332,-0.732019,19.867825,132.594162,11.733261,0.068851,0.928443,0.233449,0.280633,-4.31847,83.918602,15.509308,0.11281,0.987826,-0.032716,0.101998,-4.203301,51.970482,-1.601671,0.016531,0.974769,0.077747,0.208585,-15.121595,5.718332,0.378143,-0.086658,0.943993,0.018101,0.317867,11.767713,84.591934,25.137878,0.079681,0.883523,-0.221286,0.405057,18.114325,48.91803,25.895935,-0.034295,0.876968,0.040798,0.477584,2.890457,6.61566,41.424416,0.016531,0.974769,0.077747,0.208585,-9.362767,1.733981,-13.26344,-0.034295,0.876968,0.040798,0.477584,15.241014,2.021056,33.583157
1084,9.033333,-0.030704,0.962698,0.043908,0.265222,3.72189,84.258751,20.329863,-0.043734,0.977531,0.101863,0.179286,3.088047,91.90609,20.854836,-0.015928,0.981237,0.123683,0.14705,0.526467,112.381432,24.70612,0.095442,0.993371,-0.026711,0.058235,-0.890715,132.683853,29.694057,0.149274,0.972067,-0.17561,-0.044313,2.118828,146.81662,27.223549,-0.022512,0.939988,0.106024,0.323534,-4.43292,127.027985,27.815319,0.445857,-0.570011,0.08829,-0.684474,-18.241405,127.487587,17.095556,0.23135,0.072274,-0.503524,-0.829287,-9.93341,111.865273,-0.325368,0.293662,0.169503,-0.589012,-0.733551,2.862118,134.89949,-3.325838,-0.015018,0.974579,0.168587,0.146797,2.68626,126.989891,29.993126,0.363666,0.865846,0.132455,-0.317039,19.411797,126.63623,35.085281,0.038207,0.151283,0.463896,-0.87204,32.683022,113.084328,19.060659,0.044868,-0.077825,0.675345,-0.73201,19.868864,132.594131,11.738239,0.068922,0.928429,0.233412,0.280692,-4.320684,83.922699,15.514673,0.112794,0.987819,-0.032672,0.102094,-4.209955,51.97406,-1.595366,0.016401,0.974763,0.077738,0.208625,-15.126583,5.721292,0.379377,-0.086696,0.943982,0.018145,0.317886,11.764463,84.594803,25.145054,0.079727,0.883527,-0.221269,0.405048,18.114626,48.921494,25.901123,-0.034283,0.87696,0.04078,0.477601,2.887715,6.619102,41.426556,0.016401,0.974763,0.077738,0.208625,-9.365432,1.737374,-13.261348,-0.034283,0.87696,0.04078,0.477601,15.238396,2.023896,33.585854
1085,9.041667,-0.03068,0.962683,0.043928,0.265275,3.718482,84.258881,20.336842,-0.043646,0.977538,0.10174,0.179342,3.084879,91.906212,20.862171,-0.015957,0.981229,0.123663,0.147115,0.527589,112.383148,24.70903,0.095548,0.993357,-0.026723,0.058287,-0.891007,132.68573,29.695869,0.149241,0.972062,-0.175662,-0.044325,2.121795,146.81781,27.225368,-0.022469,0.940019,0.105955,0.323471,-4.432751,127.029671,27.816895,0.445932,-0.569994,0.088352,-0.684431,-18.24272,127.489647,17.099064,0.231452,0.072193,-0.503459,-0.829305,-9.934275,111.863686,-0.318369,0.293658,0.169406,-0.588932,-0.733639,2.865022,134.89444,-3.324182,-0.015043,0.974552,0.168683,0.146859,2.686131,126.991913,29.995686,0.36374,0.865841,0.132344,-0.317014,19.411013,126.638237,35.089993,0.038269,0.151366,0.463948,-0.871996,32.680359,113.081322,19.068041,0.044913,-0.077771,0.67537,-0.731991,19.869787,132.59166,11.740981,0.069007,0.928363,0.233387,0.28091,-4.323596,83.923409,15.520782,0.112755,0.9878,-0.032648,0.102332,-4.215067,51.974773,-1.589267,0.016352,0.974755,0.077818,0.208636,-15.128329,5.721026,0.381009,-0.08669,0.943943,0.018197,0.318001,11.760558,84.59436,25.152901,0.079688,0.883502,-0.221211,0.405142,18.111378,48.921101,25.90605,-0.034226,0.876982,0.040904,0.477554,2.888219,6.615684,41.426922,0.016352,0.974755,0.077818,0.208636,-9.366167,1.739713,-13.260047,-0.034226,0.876982,0.040904,0.477554,15.238073,2.02282,33.583546
1086,9.05,-0.030693,0.962672,0.043928,0.265312,3.71642,84.259903,20.343855,-0.043709,0.977534,0.101705,0.179366,3.08261,91.907219,20.869108,-0.015892,0.981237,0.123598,0.147123,0.522991,112.383331,24.71384,0.095534,0.993359,-0.026809,0.058246,-0.892593,132.686676,29.698437,0.149364,0.972048,-0.175624,-0.044372,2.119733,146.818405,27.225334,-0.022429,0.939999,0.105876,0.323557,-4.435177,127.030922,27.820093,0.445902,-0.569976,0.088564,-0.684438,-18.243279,127.491669,17.099876,0.231496,0.072122,-0.503418,-0.829324,-9.935695,111.859688,-0.312591,0.293764,0.169258,-0.58886,-0.733688,2.866794,134.889175,-3.32224,-0.015017,0.974563,0.168586,0.146901,2.683702,126.992355,29.998884,0.363772,0.865875,0.13215,-0.316964,19.408182,126.638054,35.094486,0.038252,0.15155,0.463999,-0.871937,32.677929,113.075745,19.077427,0.044938,-0.077637,0.675362,-0.73201,19.872219,132.586975,11.743145,0.06896,0.928392,0.233383,0.280829,-4.325279,83.92424,15.527171,0.112764,0.98782,-0.032544,0.102162,-4.215228,51.974987,-1.581737,0.016039,0.974765,0.077836,0.208607,-15.127979,5.720785,0.380559,-0.086704,0.943967,0.018261,0.317925,11.75812,84.595566,25.16054,0.079739,0.883551,-0.221185,0.405038,18.11142,48.922653,25.909086,-0.034304,0.876995,0.040833,0.477532,2.886753,6.616908,41.427582,0.016039,0.974765,0.077836,0.208607,-9.3635,1.741734,-13.26019,-0.034304,0.876995,0.040833,0.477532,15.236613,2.023313,33.584637
1087,9.058333,-0.03073,0.962658,0.043929,0.26536,3.713309,84.259247,20.350435,-0.043676,0.977536,0.101683,0.179378,3.078929,91.906532,20.875519,-0.015888,0.981244,0.12353,0.147132,0.520792,112.38282,24.719545,0.095635,0.993345,-0.0269,0.058271,-0.894249,132.686874,29.701408,0.1494,0.972045,-0.175616,-0.044348,2.121181,146.817535,27.225939,-0.022345,0.940009,0.105776,0.323566,-4.436977,127.030983,27.823765,0.445979,-0.569977,0.088612,-0.684381,-18.244999,127.49337,17.103521,0.231714,0.072133,-0.503304,-0.829331,-9.93789,111.857819,-0.305954,0.293986,0.169219,-0.588778,-0.733674,2.870917,134.883957,-3.319592,-0.014941,0.974576,0.168485,0.14694,2.681868,126.992485,30.002668,0.363778,0.865909,0.131983,-0.316934,19.406027,126.635887,35.099155,0.038148,0.151758,0.464007,-0.871901,32.676514,113.069878,19.085844,0.044883,-0.077308,0.675242,-0.73216,19.874462,132.580643,11.745434,0.068959,0.928386,0.233405,0.280832,-4.327866,83.922974,15.532921,0.112785,0.987814,-0.032514,0.102205,-4.217154,51.974442,-1.577316,0.016301,0.974743,0.077886,0.208674,-15.13168,5.720502,0.381467,-0.086682,0.943902,0.0183,0.318121,11.754484,84.59552,25.167952,0.079674,0.883481,-0.221098,0.405252,18.107059,48.922436,25.914665,-0.034538,0.876973,0.040912,0.477547,2.887233,6.612053,41.425278,0.016301,0.974743,0.077886,0.208674,-9.367829,1.741401,-13.259527,-0.034538,0.876973,0.040912,0.477547,15.239799,2.02383,33.583447
1088,9.066667,-0.030688,0.962658,0.043894,0.26537,3.70943,84.261414,20.358946,-0.043608,0.97754,0.101595,0.179421,3.075808,91.908791,20.883682,-0.015913,0.981239,0.123495,0.147195,0.521019,112.385384,24.724436,0.095676,0.993338,-0.02692,0.05832,-0.895171,132.689758,29.704622,0.149477,0.972026,-0.175663,-0.044327,2.121652,146.820053,27.228817,-0.022344,0.940004,0.105707,0.323604,-4.437513,127.033653,27.82692,0.446084,-0.570012,0.088645,-0.684279,-18.244678,127.495422,17.105549,0.231847,0.072136,-0.503241,-0.829332,-9.939839,111.855438,-0.30102,0.294105,0.169115,-0.588701,-0.733712,2.872223,134.879166,-3.317207,-0.014919,0.974581,0.168443,0.146955,2.681041,126.995491,30.006775,0.363814,0.865957,0.13214,-0.316697,19.405064,126.638268,35.103668,0.038378,0.151828,0.463913,-0.871929,32.681717,113.070808,19.096706,0.044924,-0.077178,0.675275,-0.73214,19.877226,132.57518,11.748483,0.06897,0.928373,0.233397,0.280879,-4.331695,83.925743,15.541306,0.112761,0.987826,-0.032431,0.102147,-4.221042,51.977074,-1.568684,0.016414,0.974738,0.077868,0.208692,-15.132475,5.722117,0.383152,-0.08669,0.943887,0.018372,0.31816,11.750553,84.597092,25.176584,0.079665,0.883485,-0.221028,0.405282,18.105255,48.924297,25.918802,-0.034487,0.876948,0.040988,0.47759,2.888253,6.610832,41.423763,0.016414,0.974738,0.077868,0.208692,-9.369274,1.741862,-13.257778,-0.034487,0.876948,0.040988,0.47759,15.241447,2.023853,33.582199
1089,9.075,-0.030725,0.962634,0.043956,0.265444,3.707074,84.263252,20.366051,-0.043595,0.977539,0.101523,0.179474,3.072603,91.910507,20.891489,-0.015872,0.981239,0.123445,0.147237,0.518728,112.387299,24.729189,0.095764,0.993322,-0.027019,0.058392,-0.895662,132.692261,29.707579,0.149509,0.972029,-0.175641,-0.044228,2.124115,146.821487,27.229324,-0.022349,0.940012,0.105718,0.323575,-4.438471,127.036354,27.830088,0.446093,-0.57007,0.088729,-0.684214,-18.246275,127.498009,17.109531,0.231977,0.072103,-0.503124,-0.82937,-9.945466,111.85392,-0.295284,0.294288,0.169015,-0.588572,-0.733765,2.873974,134.875244,-3.315008,-0.014873,0.974575,0.168418,0.147033,2.679921,126.997612,30.010471,0.363895,0.865972,0.132107,-0.316577,19.403194,126.638496,35.109703,0.038435,0.151965,0.463943,-0.871886,32.680691,113.065956,19.10774,0.044936,-0.076952,0.675291,-0.732149,19.879614,132.569946,11.752615,0.068991,0.928367,0.233356,0.280927,-4.333265,83.927277,15.547121,0.112758,0.987823,-0.032361,0.102196,-4.224028,51.977425,-1.560683,0.016224,0.974738,0.077909,0.208693,-15.134618,5.721965,0.384115,-0.086753,0.943864,0.018427,0.318207,11.747414,84.599236,25.18498,0.079722,0.883453,-0.220984,0.405366,18.107637,48.927383,25.925278,-0.034595,0.876911,0.040975,0.477652,2.886048,6.612921,41.423012,0.016224,0.974738,0.077909,0.208693,-9.36944,1.743954,-13.256639,-0.034595,0.876911,0.040975,0.477652,15.241247,2.027169,33.583885
1090,9.083333,-0.030747,0.962605,0.044071,0.265527,3.705241,84.263596,20.371918,-0.043675,0.977535,0.101467,0.179508,3.069934,91.910675,20.898911,-0.015789,0.981241,0.123445,0.147233,0.51276,112.390007,24.734056,0.095862,0.993311,-0.027086,0.058394,-0.898206,132.695068,29.712973,0.149589,0.972018,-0.17564,-0.044215,2.124473,146.823364,27.232986,-0.022308,0.93999,0.105605,0.323679,-4.441982,127.039787,27.835447,0.446054,-0.570065,0.088966,-0.684213,-18.247498,127.501892,17.111963,0.231986,0.071979,-0.503094,-0.829396,-9.948477,111.85099,-0.28757,0.294301,0.168911,-0.58845,-0.733882,2.873668,134.870422,-3.312574,-0.014789,0.974577,0.16838,0.147071,2.676465,126.99984,30.015623,0.364045,0.865955,0.13209,-0.316458,19.399431,126.63784,35.11565,0.038572,0.151967,0.464034,-0.871832,32.675262,113.058105,19.11842,0.045135,-0.07675,0.675487,-0.731977,19.877331,132.56517,11.759787,0.069067,0.928334,0.233339,0.281033,-4.334251,83.927879,15.551556,0.112746,0.987806,-0.032343,0.102375,-4.22849,51.978207,-1.556604,0.016253,0.974719,0.077966,0.208759,-15.138133,5.72238,0.384647,-0.086811,0.943868,0.018482,0.318176,11.744734,84.599319,25.192278,0.079756,0.883481,-0.220995,0.405293,18.110201,48.928345,25.929939,-0.034548,0.876965,0.041013,0.477552,2.886587,6.614861,41.428368,0.016253,0.974719,0.077966,0.208759,-9.371305,1.745788,-13.255824,-0.034548,0.876965,0.041013,0.477552,15.239766,2.029367,33.585911
1091,9.091667,-0.030764,0.962592,0.044117,0.265565,3.70553,84.265366,20.379448,-0.04364,0.977533,0.101389,0.17957,3.069761,91.912361,20.907028,-0.015831,0.981231,0.123433,0.147308,0.514435,112.391953,24.739031,0.095938,0.9933,-0.027101,0.058455,-0.898551,132.697083,29.717081,0.149631,0.972013,-0.175638,-0.044193,2.126573,146.824844,27.23699,-0.022318,0.94,0.105531,0.323673,-4.441687,127.041534,27.839167,0.446071,-0.570118,0.08902,-0.684151,-18.24733,127.502457,17.115789,0.232014,0.071951,-0.503063,-0.82941,-9.951771,111.848358,-0.282523,0.29432,0.168878,-0.588453,-0.733879,2.872053,134.866196,-3.309026,-0.014659,0.97457,0.168307,0.147209,2.676415,127.002083,30.020487,0.364134,0.865941,0.13195,-0.316453,19.398104,126.635208,35.124374,0.038517,0.152075,0.4641,-0.87178,32.670845,113.049652,19.129519,0.045065,-0.07657,0.675483,-0.732003,19.876858,132.559616,11.767406,0.06907,0.92835,0.233326,0.28099,-4.333568,83.929604,15.558426,0.112749,0.987801,-0.032266,0.102449,-4.22915,51.979507,-1.54895,0.015799,0.974733,0.077955,0.208734,-15.138539,5.723283,0.384216,-0.086865,0.943885,0.01849,0.318109,11.744627,84.60112,25.200472,0.079851,0.883514,-0.220926,0.405238,18.113993,48.930855,25.938389,-0.034625,0.876952,0.041016,0.47757,2.88595,6.615934,41.428543,0.015799,0.974733,0.077955,0.208734,-9.367955,1.748905,-13.255315,-0.034625,0.876952,0.041016,0.47757,15.240153,2.031638,33.586987
1092,9.1,-0.030763,0.962574,0.044128,0.265627,3.703055,84.266861,20.385572,-0.043678,0.977529,0.10136,0.179601,3.067229,91.913841,20.913292,-0.015759,0.981234,0.123411,0.147315,0.510518,112.392982,24.743622,0.095851,0.993301,-0.027273,0.0585,-0.899441,132.698441,29.721203,0.149792,0.972013,-0.175545,-0.044014,2.123621,146.82579,27.236198,-0.022298,0.939988,0.105425,0.323745,-4.443419,127.043381,27.843428,0.446098,-0.570167,0.089109,-0.68408,-18.247459,127.504028,17.117989,0.232073,0.07193,-0.503007,-0.829429,-9.955506,111.845329,-0.277899,0.29439,0.16882,-0.588295,-0.733991,2.871403,134.861069,-3.306149,-0.014651,0.974572,0.168256,0.147255,2.674679,127.00293,30.024731,0.364378,0.865883,0.132104,-0.316265,19.395893,126.635765,35.130112,0.038685,0.152109,0.464235,-0.871695,32.665733,113.041939,19.139879,0.045043,-0.076562,0.675419,-0.732065,19.879133,132.553299,11.773298,0.069046,0.928352,0.233323,0.280992,-4.335416,83.931259,15.563503,0.112762,0.987816,-0.032188,0.102315,-4.229417,51.980824,-1.543228,0.015963,0.974728,0.077976,0.208734,-15.138947,5.724385,0.383993,-0.086879,0.943862,0.018539,0.318171,11.741526,84.602463,25.207642,0.079894,0.883555,-0.220868,0.405172,18.112896,48.932499,25.942904,-0.03464,0.876927,0.041041,0.477613,2.884625,6.615761,41.427845,0.015963,0.974728,0.077976,0.208734,-9.369914,1.749709,-13.256102,-0.03464,0.876927,0.041041,0.477613,15.23982,2.032318,33.587368
1093,9.108333,-0.030788,0.962561,0.044094,0.265678,3.703023,84.267052,20.393333,-0.043697,0.977516,0.101359,0.179662,3.066932,91.914055,20.92041,-0.015693,0.981238,0.123307,0.147379,0.509185,112.393097,24.750412,0.096091,0.993274,-0.027217,0.058597,-0.897737,132.699707,29.724136,0.149725,0.972014,-0.175606,-0.043984,2.132489,146.825928,27.241463,-0.022287,0.940005,0.105286,0.323742,-4.442507,127.044914,27.846998,0.446182,-0.570224,0.089145,-0.683973,-18.246641,127.504311,17.121618,0.232194,0.071914,-0.502971,-0.829418,-9.958229,111.841217,-0.271994,0.294527,0.168774,-0.58823,-0.733999,2.870677,134.855255,-3.303707,-0.0146,0.97458,0.168107,0.147383,2.675343,127.003609,30.029097,0.36454,0.865829,0.132089,-0.316234,19.395294,126.634727,35.138515,0.038818,0.152112,0.464316,-0.871645,32.66024,113.034485,19.149675,0.045015,-0.076584,0.675563,-0.731932,19.877451,132.547043,11.780208,0.069008,0.928384,0.233326,0.280893,-4.334911,83.93087,15.570407,0.112795,0.987801,-0.032144,0.102433,-4.228099,51.980164,-1.535803,0.016294,0.974703,0.078014,0.208811,-15.140497,5.724156,0.385579,-0.086814,0.943785,0.018608,0.318413,11.740958,84.603233,25.216261,0.079823,0.883524,-0.220771,0.405308,18.109322,48.932636,25.946939,-0.034445,0.876899,0.041246,0.477661,2.888134,6.610736,41.424763,0.016294,0.974703,0.078014,0.208811,-9.372519,1.748688,-13.254732,-0.034445,0.876899,0.041246,0.477661,15.243283,2.02978,33.582756
1094,9.116667,-0.030805,0.962542,0.044034,0.265754,3.700573,84.26622,20.400333,-0.043649,0.977503,0.101388,0.17973,3.064433,91.913292,20.926405,-0.015752,0.981244,0.123146,0.147471,0.508123,112.3927,24.757845,0.096189,0.993257,-0.02719,0.058723,-0.900716,132.700897,29.724545,0.149809,0.972007,-0.175597,-0.043872,2.132832,146.826645,27.243244,-0.022195,0.94001,0.105181,0.323767,-4.444856,127.045334,27.848587,0.446223,-0.570239,0.089268,-0.683918,-18.248569,127.50666,17.122747,0.2323,0.071939,-0.502929,-0.829412,-9.962069,111.83815,-0.266917,0.294715,0.168684,-0.588181,-0.733984,2.869134,134.851349,-3.299958,-0.014452,0.974576,0.168021,0.147517,2.672567,127.005074,30.032104,0.364619,0.865829,0.132037,-0.316162,19.391287,126.630806,35.145157,0.038773,0.152178,0.464409,-0.871587,32.655609,113.025856,19.159794,0.044976,-0.076565,0.675591,-0.73191,19.877722,132.541672,11.788633,0.068971,0.928376,0.233349,0.280908,-4.336588,83.929504,15.576154,0.112829,0.987807,-0.032083,0.102361,-4.226524,51.979195,-1.530775,0.016392,0.97469,0.078052,0.20885,-15.14141,5.723557,0.385359,-0.086902,0.943793,0.01864,0.318364,11.737734,84.602943,25.224512,0.079926,0.883561,-0.220687,0.405253,18.112812,48.933533,25.954706,-0.034679,0.876876,0.041131,0.477697,2.887072,6.609687,41.422722,0.016392,0.97469,0.078052,0.20885,-9.373234,1.748622,-13.255024,-0.034679,0.876876,0.041131,0.477697,15.244482,2.029142,33.584034
1095,9.125,-0.030845,0.962511,0.044057,0.265857,3.701609,84.266838,20.406679,-0.043663,0.977486,0.101352,0.179842,3.064731,91.913834,20.932856,-0.015814,0.981229,0.123108,0.147591,0.508004,112.390862,24.761936,0.096246,0.993245,-0.027236,0.058821,-0.903759,132.699387,29.726505,0.150005,0.972002,-0.175482,-0.043785,2.131885,146.824524,27.244297,-0.022009,0.940079,0.105043,0.323624,-4.446957,127.043365,27.850128,0.446283,-0.570227,0.089323,-0.683882,-18.254175,127.508667,17.128981,0.232477,0.071892,-0.502844,-0.829418,-9.967525,111.837006,-0.257768,0.294856,0.168653,-0.588162,-0.733949,2.868411,134.846481,-3.296454,-0.014431,0.974574,0.16791,0.147661,2.669905,127.003876,30.035479,0.364701,0.865825,0.131932,-0.316124,19.387156,126.628624,35.153244,0.038755,0.152219,0.464506,-0.871528,32.649708,113.018356,19.170954,0.044976,-0.076598,0.675708,-0.731798,19.876598,132.53743,11.79854,0.069043,0.928339,0.233319,0.281038,-4.334479,83.929619,15.580752,0.112816,0.987794,-0.032056,0.102513,-4.227519,51.979012,-1.525645,0.016034,0.974709,0.078041,0.208794,-15.141195,5.722919,0.38644,-0.086959,0.943786,0.018618,0.318371,11.737698,84.604057,25.232605,0.080013,0.883585,-0.22059,0.405236,18.116171,48.935314,25.965714,-0.034747,0.87687,0.041188,0.477697,2.887,6.608725,41.422844,0.016034,0.974709,0.078041,0.208794,-9.371071,1.74971,-13.25362,-0.034747,0.87687,0.041188,0.477697,15.245255,2.030591,33.584084
1096,9.133333,-0.030935,0.962479,0.044056,0.265965,3.701851,84.267136,20.414003,-0.043674,0.977469,0.101309,0.179955,3.063582,91.914055,20.939728,-0.01577,0.98121,0.123142,0.147699,0.506135,112.392769,24.766922,0.096292,0.99323,-0.027371,0.058926,-0.904556,132.700989,29.733013,0.150111,0.972002,-0.175428,-0.043647,2.133021,146.825104,27.24737,-0.022088,0.940054,0.105027,0.323698,-4.447951,127.045509,27.855402,0.446371,-0.570287,0.089315,-0.683776,-18.253399,127.508339,17.131859,0.232567,0.071946,-0.502815,-0.829405,-9.970055,111.833618,-0.253701,0.29497,0.168627,-0.588117,-0.733945,2.867473,134.843353,-3.292273,-0.014355,0.974564,0.167919,0.147727,2.668458,127.005089,30.042215,0.364807,0.865796,0.132177,-0.315978,19.385109,126.626801,35.161728,0.038833,0.152161,0.464579,-0.871496,32.648403,113.015366,19.181038,0.045029,-0.076584,0.675656,-0.731845,19.878325,132.535431,11.809797,0.069086,0.928331,0.233294,0.281073,-4.333059,83.928391,15.586218,0.112813,0.987794,-0.032015,0.102527,-4.228855,51.97739,-1.519458,0.016356,0.974677,0.078156,0.208874,-15.141908,5.720982,0.38859,-0.086914,0.943734,0.018714,0.318532,11.736761,84.605881,25.241789,0.079956,0.883522,-0.220575,0.405393,18.114283,48.93684,25.968349,-0.034555,0.876851,0.041331,0.477735,2.88769,6.608751,41.423901,0.016356,0.974677,0.078156,0.208874,-9.372464,1.749263,-13.252194,-0.034555,0.876851,0.041331,0.477735,15.245493,2.031571,33.583866
1097,9.141667,-0.030968,0.962447,0.044049,0.266076,3.702015,84.268829,20.421553,-0.043707,0.977452,0.101244,0.180075,3.063224,91.915718,20.946957,-0.015759,0.981191,0.123157,0.147813,0.504571,112.393723,24.770752,0.096412,0.993207,-0.027441,0.059083,-0.906359,132.701797,29.73736,0.15014,0.97201,-0.175402,-0.043466,2.135421,146.824783,27.250437,-0.021998,0.940039,0.105184,0.323696,-4.449574,127.046547,27.858717,0.446417,-0.57029,0.089456,-0.683724,-18.255184,127.514099,17.135595,0.232696,0.071897,-0.50276,-0.829407,-9.973274,111.833443,-0.245295,0.295069,0.168586,-0.588191,-0.733856,2.867207,134.840042,-3.288673,-0.014306,0.974543,0.167962,0.14782,2.666337,127.005722,30.047136,0.364883,0.865786,0.132253,-0.315886,19.382072,126.624977,35.169445,0.038893,0.15206,0.464623,-0.871487,32.645504,113.01104,19.191013,0.045091,-0.076599,0.675901,-0.731612,19.875366,132.533356,11.822358,0.069189,0.928274,0.233274,0.281255,-4.331745,83.929558,15.591894,0.112788,0.987772,-0.03201,0.102769,-4.231475,51.978909,-1.514468,0.016439,0.974674,0.078175,0.208877,-15.14265,5.721941,0.390765,-0.086923,0.943669,0.018786,0.318715,11.735774,84.608093,25.251213,0.079966,0.8835,-0.220528,0.405464,18.115395,48.939358,25.974348,-0.034544,0.876838,0.041329,0.477759,2.888401,6.609473,41.424591,0.016439,0.974674,0.078175,0.208877,-9.373885,1.750319,-13.250332,-0.034544,0.876838,0.041329,0.477759,15.246519,2.0321,33.585175
1098,9.15,-0.030965,0.96241,0.044015,0.266216,3.70192,84.269958,20.427025,-0.043749,0.977425,0.101278,0.180191,3.063237,91.916901,20.951847,-0.015717,0.981185,0.123087,0.147918,0.501959,112.39595,24.776672,0.09642,0.9932,-0.027442,0.059193,-0.907326,132.704819,29.740547,0.150316,0.971992,-0.175383,-0.043327,2.135147,146.827728,27.253992,-0.021932,0.940039,0.105121,0.323722,-4.450902,127.049789,27.861885,0.446479,-0.570291,0.089555,-0.68367,-18.256042,127.51889,17.138218,0.232812,0.071882,-0.502731,-0.829393,-9.975053,111.833313,-0.238672,0.295198,0.168549,-0.588092,-0.733892,2.866658,134.837662,-3.28538,-0.01414,0.974519,0.167972,0.147982,2.66457,127.008308,30.05172,0.364918,0.865781,0.132247,-0.315863,19.378796,126.620888,35.178463,0.038873,0.152109,0.46469,-0.871444,32.641705,113.005318,19.200983,0.045084,-0.076588,0.675953,-0.731566,19.875317,132.529541,11.830864,0.06918,0.928263,0.233221,0.281338,-4.330448,83.93071,15.595047,0.112805,0.987778,-0.031936,0.102709,-4.229198,51.978165,-1.507755,0.01581,0.9747,0.078154,0.20881,-15.141151,5.721122,0.39094,-0.087017,0.943654,0.01873,0.318738,11.734288,84.609207,25.259001,0.080098,0.883582,-0.220389,0.405335,18.118994,48.941498,25.988255,-0.034549,0.87683,0.041418,0.477765,2.888431,6.607765,41.424419,0.01581,0.9747,0.078154,0.20881,-9.368112,1.752426,-13.249198,-0.034549,0.87683,0.041418,0.477765,15.247077,2.032741,33.584461
1099,9.158333,-0.030917,0.962384,0.043935,0.26633,3.698768,84.271187,20.434258,-0.043716,0.977411,0.101258,0.180287,3.061066,91.918282,20.958019,-0.015726,0.981179,0.123016,0.148016,0.501347,112.394081,24.781343,0.096417,0.99319,-0.027571,0.059307,-0.908374,132.703659,29.742142,0.150526,0.971997,-0.17522,-0.043138,2.134676,146.825867,27.25226,-0.02193,0.940051,0.105063,0.323706,-4.45173,127.048477,27.86355,0.446495,-0.570276,0.089554,-0.683672,-18.257227,127.516937,17.140316,0.23287,0.07193,-0.502695,-0.829395,-9.975397,111.831284,-0.236112,0.295306,0.168516,-0.587976,-0.733949,2.868349,134.835709,-3.281905,-0.014225,0.974518,0.167846,0.148121,2.663306,127.007118,30.054811,0.365038,0.865751,0.131912,-0.315945,19.376011,126.622414,35.186714,0.038925,0.152143,0.464791,-0.871382,32.631958,112.997505,19.211416,0.045178,-0.076554,0.67626,-0.73128,19.870255,132.524841,11.838711,0.069174,0.928222,0.23324,0.281457,-4.332519,83.932526,15.60044,0.11282,0.98778,-0.031894,0.10269,-4.228256,51.980579,-1.503479,0.016132,0.974691,0.078042,0.20887,-15.141169,5.723598,0.391353,-0.087025,0.943593,0.018808,0.318912,11.730054,84.609848,25.268074,0.080101,0.883606,-0.220295,0.405332,18.11693,48.942455,25.993391,-0.034703,0.876817,0.041313,0.477788,2.889551,6.604844,41.422073,0.016132,0.974691,0.078042,0.20887,-9.369926,1.749791,-13.248064,-0.034703,0.876817,0.041313,0.477788,15.249537,2.029322,33.584515
1100,9.166667,-0.030891,0.962341,0.043807,0.266508,3.696171,84.271049,20.441044,-0.043745,0.977383,0.101272,0.180425,3.059285,91.918343,20.9629,-0.015627,0.981166,0.122988,0.148132,0.497719,112.394035,24.786249,0.096552,0.993176,-0.027429,0.059394,-0.908356,132.704041,29.746372,0.15058,0.971977,-0.175291,-0.043133,2.138756,146.826172,27.261087,-0.022,0.940036,0.104997,0.323764,-4.452623,127.049622,27.867149,0.446563,-0.570285,0.089467,-0.683632,-18.256685,127.515266,17.141956,0.232982,0.072027,-0.502632,-0.829393,-9.974563,111.830627,-0.23524,0.295449,0.168496,-0.587883,-0.73397,2.871766,134.833847,-3.278963,-0.014202,0.974513,0.167753,0.14826,2.661946,127.00666,30.059889,0.365166,0.865705,0.131851,-0.31595,19.37323,126.62085,35.196331,0.039093,0.15217,0.464891,-0.871317,32.624401,112.990334,19.221861,0.045256,-0.07664,0.676451,-0.73109,19.867826,132.518829,11.844584,0.069154,0.928183,0.233193,0.281627,-4.333361,83.932388,15.604317,0.112867,0.987794,-0.031795,0.102532,-4.225684,51.978661,-1.496246,0.016333,0.974667,0.078085,0.208948,-15.141675,5.722079,0.390604,-0.087088,0.943561,0.018896,0.318985,11.725703,84.609711,25.277769,0.0801,0.88355,-0.220234,0.405489,18.11879,48.943348,25.999004,-0.034588,0.876804,0.041358,0.477817,2.891062,6.603143,41.420204,0.016333,0.974667,0.078085,0.208948,-9.370175,1.748341,-13.248719,-0.034588,0.876804,0.041358,0.477817,15.250702,2.027139,33.58239
1101,9.175,-0.030915,0.962302,0.043747,0.266656,3.696006,84.271751,20.446241,-0.043911,0.977351,0.101266,0.180561,3.058921,91.919106,20.96702,-0.015454,0.981152,0.123006,0.148226,0.489871,112.396011,24.788803,0.096599,0.993162,-0.027458,0.059538,-0.909658,132.706055,29.750616,0.150677,0.971965,-0.175324,-0.042909,2.139445,146.827713,27.265049,-0.022029,0.940008,0.104935,0.323865,-4.455675,127.053093,27.870354,0.446511,-0.570231,0.08961,-0.683691,-18.257406,127.517448,17.142097,0.233002,0.072041,-0.502608,-0.829401,-9.973548,111.830315,-0.232019,0.295512,0.168489,-0.587884,-0.733946,2.874219,134.833405,-3.275404,-0.014127,0.974493,0.167748,0.148407,2.658561,127.007378,30.064117,0.365218,0.865695,0.131979,-0.315863,19.368393,126.618195,35.205025,0.039064,0.152311,0.464909,-0.871284,32.620399,112.987068,19.231762,0.04502,-0.076524,0.676354,-0.731206,19.866901,132.515244,11.849485,0.069223,0.928151,0.233143,0.281758,-4.332017,83.932503,15.60705,0.112822,0.987809,-0.031737,0.102454,-4.227588,51.977764,-1.491658,0.01632,0.974674,0.078145,0.208895,-15.138774,5.719879,0.391013,-0.087088,0.943498,0.018899,0.31917,11.72403,84.611008,25.285431,0.080126,0.883557,-0.220111,0.405534,18.117044,48.944649,26.00773,-0.034648,0.876758,0.041373,0.477895,2.890772,6.599727,41.417427,0.01632,0.974674,0.078145,0.208895,-9.368426,1.748028,-13.249352,-0.034648,0.876758,0.041373,0.477895,15.252397,2.024997,33.581985
1102,9.183333,-0.030957,0.962255,0.043727,0.266825,3.697853,84.273575,20.451071,-0.043959,0.977317,0.101264,0.180734,3.06013,91.920914,20.971272,-0.015441,0.981129,0.122992,0.148395,0.488564,112.396881,24.792007,0.096631,0.993145,-0.027553,0.05972,-0.911222,132.707077,29.753098,0.150788,0.971977,-0.175217,-0.042686,2.139697,146.827988,27.265476,-0.021993,0.940009,0.104898,0.323875,-4.456999,127.054344,27.871714,0.446501,-0.570192,0.08969,-0.68372,-18.25856,127.519501,17.14327,0.233053,0.072076,-0.502569,-0.829407,-9.973181,111.830711,-0.228624,0.295572,0.168529,-0.587743,-0.734025,2.876171,134.83252,-3.271292,-0.014131,0.974472,0.167769,0.148519,2.656495,127.008148,30.067873,0.365415,0.865622,0.132614,-0.315571,19.365162,126.618317,35.212524,0.039308,0.152209,0.464947,-0.87127,32.619209,112.988113,19.24017,0.044944,-0.076437,0.676307,-0.731263,19.867044,132.514328,11.857309,0.069301,0.928112,0.23307,0.281929,-4.328434,83.933624,15.60905,0.11279,0.987807,-0.031706,0.102525,-4.227682,51.977211,-1.486531,0.016174,0.974695,0.078105,0.208827,-15.135668,5.718431,0.392793,-0.08707,0.94345,0.01892,0.319317,11.72414,84.613525,25.293091,0.080117,0.883533,-0.220035,0.40563,18.116331,48.947002,26.01454,-0.03479,0.876766,0.041318,0.477875,2.891949,6.598756,41.416965,0.016174,0.974695,0.078105,0.208827,-9.365861,1.746265,-13.247703,-0.03479,0.876766,0.041318,0.477875,15.254264,2.024624,33.582272
1103,9.191667,-0.03099,0.962208,0.043682,0.266996,3.697283,84.275658,20.4561,-0.043818,0.977297,0.10125,0.180883,3.059166,91.923019,20.975389,-0.015614,0.981098,0.122999,0.148572,0.493151,112.397575,24.795883,0.096758,0.993122,-0.027523,0.05991,-0.914677,132.707474,29.75593,0.150833,0.971989,-0.175145,-0.042546,2.14064,146.827728,27.270027,-0.02195,0.939979,0.10495,0.323949,-4.458015,127.053627,27.873266,0.446506,-0.570164,0.089716,-0.683737,-18.257963,127.521111,17.142857,0.233095,0.072151,-0.50253,-0.829412,-9.971252,111.831795,-0.227934,0.295577,0.168626,-0.587674,-0.734056,2.879483,134.832947,-3.267904,-0.014033,0.974444,0.167747,0.14874,2.654616,127.009621,30.07226,0.365421,0.865595,0.132815,-0.315552,19.361076,126.61525,35.223709,0.039233,0.152322,0.465012,-0.871219,32.615479,112.988281,19.24889,0.044786,-0.076405,0.676109,-0.73146,19.868851,132.51503,11.863707,0.069326,0.92808,0.23302,0.282069,-4.327253,83.935059,15.611225,0.112811,0.987806,-0.03167,0.102522,-4.226705,51.977203,-1.481672,0.01627,0.974685,0.078152,0.208847,-15.136349,5.718681,0.394109,-0.087131,0.943391,0.018969,0.319471,11.721819,84.616257,25.300976,0.080107,0.883416,-0.220008,0.405901,18.119192,48.950645,26.021517,-0.034595,0.876747,0.041378,0.477918,2.891929,6.601095,41.417496,0.01627,0.974685,0.078152,0.208847,-9.36681,1.747354,-13.246745,-0.034595,0.876747,0.041378,0.477918,15.253505,2.025747,33.582348
1104,9.2,-0.030991,0.962145,0.043648,0.26723,3.696743,84.276962,20.460472,-0.043951,0.977251,0.101244,0.181105,3.058622,91.924377,20.979094,-0.015474,0.981067,0.123043,0.148757,0.486119,112.4002,24.798012,0.096836,0.993105,-0.027542,0.060051,-0.917176,132.709839,29.760418,0.150924,0.971996,-0.17506,-0.042424,2.141021,146.829468,27.27457,-0.021915,0.939905,0.105005,0.324149,-4.461609,127.057335,27.875774,0.446444,-0.57005,0.089986,-0.683837,-18.257099,127.527367,17.139736,0.233125,0.072163,-0.502537,-0.829399,-9.96632,111.832764,-0.224327,0.295606,0.168753,-0.587594,-0.73408,2.884047,134.834198,-3.264694,-0.014014,0.974423,0.167788,0.148828,2.650271,127.010849,30.077156,0.365564,0.865557,0.13288,-0.315463,19.355846,126.615074,35.231392,0.039171,0.152424,0.465149,-0.871131,32.607876,112.983093,19.258869,0.044654,-0.076263,0.67608,-0.731509,19.868141,132.515259,11.870611,0.069342,0.928043,0.232952,0.282243,-4.325447,83.936394,15.611707,0.112784,0.987803,-0.03163,0.102594,-4.224226,51.976383,-1.477154,0.016046,0.974714,0.078173,0.208719,-15.131101,5.717027,0.394336,-0.087185,0.94332,0.019015,0.319663,11.718934,84.617531,25.309235,0.080145,0.883394,-0.219947,0.405974,18.12084,48.952721,26.029154,-0.034542,0.876749,0.041334,0.477923,2.891395,6.601209,41.417595,0.016046,0.974714,0.078173,0.208719,-9.362814,1.747652,-13.247622,-0.034542,0.876749,0.041334,0.477923,15.252402,2.023973,33.582645
1105,9.208333,-0.030966,0.962074,0.043585,0.267499,3.697143,84.278252,20.464268,-0.043565,0.977228,0.101276,0.181303,3.059509,91.925774,20.981874,-0.015918,0.981025,0.122993,0.149028,0.502811,112.394524,24.803083,0.096878,0.993093,-0.027447,0.06023,-0.919792,132.704086,29.760275,0.151039,0.972018,-0.174843,-0.042414,2.140242,146.823929,27.277836,-0.021748,0.939932,0.105089,0.324055,-4.458518,127.048401,27.874506,0.446421,-0.570046,0.089805,-0.68388,-18.256388,127.524506,17.141802,0.233191,0.072358,-0.502456,-0.829412,-9.963746,111.836601,-0.227423,0.29572,0.168911,-0.587549,-0.734034,2.889563,134.837723,-3.259976,-0.014113,0.974403,0.167726,0.149025,2.65195,127.007996,30.080557,0.365637,0.865513,0.132964,-0.315464,19.355368,126.614777,35.241966,0.039262,0.15241,0.465196,-0.871104,32.604687,112.981773,19.268078,0.044695,-0.076193,0.676206,-0.731397,19.867193,132.514267,11.878649,0.069413,0.928012,0.232811,0.282445,-4.322375,83.93808,15.611058,0.11269,0.987832,-0.031563,0.10243,-4.225206,51.974033,-1.470272,0.016494,0.974729,0.078251,0.208587,-15.122398,5.712256,0.397712,-0.087165,0.943224,0.019015,0.319952,11.71666,84.618416,25.317474,0.08008,0.883312,-0.21985,0.406218,18.116983,48.95335,26.038889,-0.034783,0.876739,0.041384,0.477919,2.892282,6.596762,41.418045,0.016494,0.974729,0.078251,0.208587,-9.361866,1.742821,-13.247498,-0.034783,0.876739,0.041384,0.477919,15.255597,2.024243,33.583992
1106,9.216667,-0.030926,0.962007,0.043481,0.267762,3.695848,84.279465,20.467485,-0.044004,0.977157,0.101349,0.181541,3.059087,91.927162,20.983549,-0.015404,0.981018,0.122963,0.149156,0.481975,112.401489,24.805092,0.096933,0.993085,-0.027276,0.060349,-0.919949,132.712036,29.764158,0.151124,0.971997,-0.174923,-0.042262,2.141959,146.832413,27.287092,-0.021946,0.939862,0.10497,0.324281,-4.464366,127.060249,27.877363,0.446533,-0.569962,0.089774,-0.68388,-18.256796,127.529381,17.13736,0.233301,0.072548,-0.502409,-0.829393,-9.959162,111.841202,-0.229238,0.295687,0.169077,-0.587488,-0.734058,2.894839,134.841873,-3.255725,-0.013942,0.974384,0.167709,0.149183,2.645773,127.012161,30.084318,0.365605,0.865558,0.132966,-0.315377,19.347706,126.612259,35.250004,0.03918,0.152603,0.465242,-0.871049,32.600899,112.979271,19.279318,0.044578,-0.076211,0.67614,-0.731464,19.86849,132.512573,11.883904,0.069399,0.927958,0.232743,0.282681,-4.321073,83.939751,15.609959,0.11271,0.987836,-0.03151,0.102386,-4.220144,51.97327,-1.466806,0.015856,0.974773,0.0782,0.20845,-15.118678,5.711618,0.396493,-0.087199,0.943185,0.019129,0.32005,11.71277,84.619179,25.325012,0.080144,0.883391,-0.219793,0.406065,18.117996,48.954872,26.04014,-0.034745,0.876704,0.04131,0.477992,2.892654,6.596911,41.414875,0.015856,0.974773,0.0782,0.20845,-9.355754,1.744335,-13.248333,-0.034745,0.876704,0.04131,0.477992,15.256601,2.021988,33.583225
1107,9.225,-0.030861,0.961921,0.043448,0.268081,3.692929,84.280159,20.471144,-0.043871,0.977062,0.1015,0.182,3.05709,91.927963,20.986782,-0.015337,0.980949,0.122873,0.149684,0.482928,112.397972,24.813658,0.096726,0.993085,-0.027352,0.060652,-0.918367,132.709534,29.768757,0.151226,0.972019,-0.174752,-0.042093,2.139037,146.830612,27.290136,-0.02195,0.939844,0.104951,0.324342,-4.462428,127.058517,27.878958,0.446327,-0.569894,0.089821,-0.684065,-18.253483,127.527534,17.137184,0.233211,0.072663,-0.502402,-0.829412,-9.952391,111.844292,-0.232217,0.295744,0.169264,-0.587429,-0.734038,2.901705,134.847336,-3.251256,-0.01403,0.974391,0.167609,0.149242,2.64539,127.008675,30.09334,0.365677,0.865519,0.132957,-0.315405,19.346628,126.611946,35.261524,0.039155,0.152669,0.4653,-0.871008,32.596336,112.976608,19.289953,0.0444,-0.076161,0.676289,-0.731343,19.867506,132.51149,11.892472,0.069375,0.92794,0.2326,0.282862,-4.320863,83.94175,15.608361,0.112705,0.987839,-0.03143,0.102393,-4.218066,51.970207,-1.458906,0.01623,0.974751,0.078297,0.208488,-15.115398,5.707964,0.396821,-0.087231,0.943105,0.019142,0.320278,11.70672,84.618561,25.333925,0.080115,0.883353,-0.219663,0.406224,18.114248,48.954693,26.050442,-0.034709,0.876694,0.041415,0.478004,2.89339,6.590852,41.41341,0.01623,0.974751,0.078297,0.208488,-9.354869,1.741401,-13.249228,-0.034709,0.876694,0.041415,0.478004,15.257668,2.018099,33.581005
1108,9.233333,-0.030789,0.961825,0.04352,0.268422,3.691028,84.282326,20.469475,-0.043843,0.977004,0.10161,0.182253,3.05578,91.930099,20.986254,-0.01539,0.980917,0.122836,0.149921,0.481217,112.397209,24.816734,0.096635,0.993088,-0.027276,0.060774,-0.923229,132.709076,29.769665,0.1515,0.97203,-0.174472,-0.042017,2.132034,146.831039,27.293486,-0.021885,0.93977,0.104943,0.324562,-4.466163,127.057793,27.878553,0.446673,-0.569794,0.089518,-0.683963,-18.252306,127.529716,17.130613,0.23343,0.073042,-0.502374,-0.829334,-9.942839,111.849655,-0.237656,0.295669,0.169522,-0.587424,-0.734013,2.908483,134.852631,-3.245463,-0.013993,0.974358,0.16759,0.149479,2.640575,127.008377,30.096403,0.365651,0.865544,0.13322,-0.315254,19.339361,126.609077,35.272285,0.039123,0.152778,0.465301,-0.87099,32.594746,112.977531,19.302189,0.044257,-0.076041,0.676335,-0.731321,19.868391,132.510895,11.901398,0.069418,0.927871,0.232424,0.283224,-4.319416,83.945923,15.601047,0.112714,0.987829,-0.031431,0.102478,-4.216694,51.968872,-1.455887,0.016394,0.974753,0.078297,0.208466,-15.114954,5.706817,0.398921,-0.087283,0.943066,0.019139,0.320378,11.701472,84.618729,25.337904,0.080094,0.883345,-0.219599,0.40628,18.112341,48.955502,26.056561,-0.034742,0.876696,0.041414,0.477998,2.89457,6.588653,41.41428,0.016394,0.974753,0.078297,0.208466,-9.356618,1.739374,-13.247792,-0.034742,0.876696,0.041414,0.477998,15.25903,2.016356,33.581905
1109,9.241667,-0.030781,0.96176,0.043361,0.26868,3.69082,84.282097,20.476254,-0.043838,0.976963,0.101546,0.182508,3.056202,91.930099,20.99054,-0.015471,0.980874,0.122854,0.150181,0.481257,112.398323,24.817871,0.096704,0.993071,-0.027144,0.061012,-0.927943,132.709915,29.770613,0.151515,0.972055,-0.17436,-0.041849,2.130124,146.832092,27.299114,-0.021881,0.939713,0.104964,0.32472,-4.469275,127.058327,27.877415,0.446563,-0.569652,0.089612,-0.68414,-18.251837,127.531227,17.124922,0.233378,0.073248,-0.502355,-0.829343,-9.935177,111.853432,-0.241949,0.295626,0.169726,-0.587385,-0.734015,2.91563,134.858185,-3.239087,-0.014018,0.974337,0.167563,0.149644,2.636261,127.009567,30.099127,0.365737,0.865553,0.133134,-0.315166,19.333303,126.610291,35.280643,0.039057,0.152868,0.465383,-0.870933,32.58831,112.972954,19.315186,0.044195,-0.075875,0.676499,-0.73119,19.866301,132.509872,11.911914,0.06952,0.927805,0.232396,0.283437,-4.317027,83.94529,15.603581,0.112673,0.987822,-0.031428,0.10259,-4.217834,51.968311,-1.453519,0.016465,0.974762,0.078326,0.208407,-15.112503,5.705366,0.400169,-0.087305,0.942979,0.019233,0.320623,11.698666,84.618912,25.348927,0.080101,0.883302,-0.219554,0.406397,18.112993,48.956223,26.063272,-0.034515,0.8767,0.041504,0.478,2.894264,6.587589,41.41515,0.016465,0.974762,0.078326,0.208407,-9.356394,1.738446,-13.247638,-0.034515,0.8767,0.041504,0.478,15.257098,2.01436,33.580746
1110,9.25,-0.030759,0.961664,0.043479,0.269009,3.689682,84.286522,20.472713,-0.043892,0.976896,0.101576,0.18284,3.054733,91.93438,20.988621,-0.015351,0.98082,0.122921,0.150489,0.47565,112.405411,24.816494,0.096724,0.993055,-0.027049,0.061268,-0.930579,132.716446,29.772276,0.151567,0.972068,-0.174291,-0.041633,2.129055,146.838928,27.304386,-0.02188,0.939652,0.105041,0.324872,-4.472434,127.066254,27.875917,0.44665,-0.569522,0.089679,-0.684183,-18.251545,127.540695,17.119068,0.23355,0.073501,-0.502299,-0.829305,-9.928126,111.86087,-0.242731,0.295668,0.17005,-0.587377,-0.733929,2.922972,134.86467,-3.232639,-0.013963,0.974292,0.167664,0.149828,2.631781,127.015015,30.101799,0.365726,0.865595,0.13324,-0.315019,19.326952,126.612236,35.289078,0.038939,0.152943,0.465442,-0.870894,32.586945,112.975288,19.327419,0.044128,-0.075812,0.676567,-0.731138,19.868687,132.514648,11.923754,0.069596,0.927755,0.232148,0.283786,-4.314873,83.951035,15.594542,0.112642,0.987823,-0.031394,0.102624,-4.219749,51.966499,-1.448403,0.016454,0.974772,0.078407,0.208332,-15.111287,5.702686,0.401999,-0.087374,0.94285,0.019197,0.320984,11.694238,84.622017,25.350883,0.080094,0.883261,-0.219503,0.406514,18.112173,48.960106,26.071817,-0.034743,0.876737,0.041305,0.477933,2.893882,6.589249,41.41795,0.016454,0.974772,0.078407,0.208332,-9.356907,1.738241,-13.247259,-0.034743,0.876737,0.041305,0.477933,15.256749,2.014165,33.58469
1111,9.258333,-0.030739,0.961577,0.043483,0.269322,3.689032,84.288879,20.472698,-0.043895,0.976839,0.101593,0.183132,3.054193,91.936752,20.988544,-0.015354,0.980769,0.122987,0.150769,0.473561,112.408936,24.816572,0.096688,0.993044,-0.027027,0.061521,-0.934617,132.719299,29.774612,0.15162,0.972094,-0.174163,-0.041379,2.125035,146.84201,27.308115,-0.021901,0.939589,0.105037,0.325053,-4.475637,127.069534,27.875414,0.446557,-0.569374,0.089774,-0.684354,-18.250614,127.543938,17.113268,0.233536,0.073739,-0.502267,-0.829308,-9.919704,111.866013,-0.246654,0.29552,0.170569,-0.587097,-0.734092,2.930856,134.870605,-3.225175,-0.013909,0.974262,0.167585,0.150117,2.627322,127.017662,30.105284,0.365631,0.865668,0.133818,-0.314683,19.319511,126.611732,35.301895,0.039053,0.153009,0.4653,-0.870953,32.593502,112.98436,19.3437,0.044,-0.075662,0.676583,-0.731147,19.870176,132.517441,11.934669,0.069649,0.927721,0.231992,0.284012,-4.312386,83.954071,15.589338,0.11258,0.987848,-0.031341,0.102469,-4.220058,51.964802,-1.444736,0.01654,0.974793,0.078483,0.208198,-15.1051,5.699351,0.403113,-0.087371,0.942719,0.019178,0.32137,11.69045,84.62368,25.356058,0.080045,0.883205,-0.219411,0.406694,18.107412,48.961674,26.080816,-0.034523,0.876719,0.041542,0.47796,2.893424,6.58623,41.418583,0.01654,0.974793,0.078483,0.208198,-9.355007,1.736775,-13.248489,-0.034523,0.876719,0.041542,0.47796,15.25578,2.014069,33.582802
1112,9.266667,-0.030686,0.961485,0.043428,0.269665,3.687062,84.291611,20.473558,-0.043882,0.976787,0.101645,0.183383,3.053049,91.939613,20.988585,-0.015383,0.980738,0.122953,0.150996,0.471757,112.410042,24.817905,0.096708,0.993028,-0.026953,0.061781,-0.938528,132.720718,29.774061,0.151623,0.97213,-0.174027,-0.041103,2.122722,146.843628,27.31061,-0.021822,0.939502,0.105021,0.325317,-4.478722,127.070877,27.873568,0.446495,-0.569239,0.089889,-0.684492,-18.24781,127.548752,17.104038,0.233489,0.07401,-0.502258,-0.829302,-9.910247,111.871063,-0.252911,0.295477,0.170745,-0.587168,-0.734012,2.938697,134.878296,-3.21822,-0.014001,0.974215,0.167633,0.150358,2.623204,127.019073,30.10673,0.36553,0.865762,0.134114,-0.314417,19.312771,126.614594,35.311882,0.039087,0.153139,0.465171,-0.870997,32.598724,112.992691,19.358969,0.043843,-0.07555,0.676586,-0.731164,19.872082,132.519821,11.943897,0.069721,0.927629,0.231873,0.284391,-4.310952,83.957817,15.584553,0.112614,0.987805,-0.031381,0.102833,-4.219065,51.965298,-1.443417,0.016565,0.974773,0.078444,0.208304,-15.108268,5.7008,0.403752,-0.087417,0.942635,0.019219,0.321601,11.685077,84.625412,25.362564,0.080036,0.883161,-0.21933,0.406836,18.105957,48.964108,26.087185,-0.034609,0.876694,0.04148,0.478006,2.893278,6.585124,41.416462,0.016565,0.974773,0.078444,0.208304,-9.355629,1.736853,-13.246387,-0.034609,0.876694,0.04148,0.478006,15.25695,2.012603,33.582966
1113,9.275,-0.030638,0.961387,0.043382,0.270027,3.685169,84.29464,20.470652,-0.043849,0.976727,0.101735,0.183661,3.05186,91.942749,20.984968,-0.015412,0.980697,0.122953,0.151256,0.470244,112.411568,24.81728,0.096589,0.993024,-0.026898,0.062053,-0.942577,132.722198,29.772877,0.151711,0.972156,-0.173882,-0.040775,2.116399,146.845978,27.31167,-0.021812,0.93943,0.105076,0.325508,-4.481788,127.072395,27.870455,0.446533,-0.569085,0.08988,-0.684597,-18.246546,127.551964,17.095474,0.233561,0.074316,-0.502198,-0.829291,-9.900231,111.876442,-0.259221,0.295444,0.170987,-0.58714,-0.733991,2.949139,134.884216,-3.212224,-0.014091,0.97417,0.167632,0.150643,2.618953,127.020538,30.10738,0.365605,0.865764,0.133973,-0.314383,19.305431,126.617432,35.322514,0.038869,0.153357,0.465334,-0.870882,32.589722,112.989845,19.373081,0.043587,-0.075432,0.676787,-0.731006,19.872599,132.524292,11.953568,0.069698,0.927591,0.231707,0.284657,-4.309236,83.96183,15.575684,0.112662,0.987805,-0.031354,0.102789,-4.214589,51.963501,-1.441351,0.016299,0.974785,0.078444,0.208266,-15.107916,5.699879,0.403356,-0.087359,0.942462,0.01916,0.322129,11.679573,84.627449,25.365622,0.079942,0.883146,-0.219179,0.406967,18.094751,48.965244,26.096476,-0.034594,0.876694,0.041618,0.477995,2.893192,6.57855,41.415447,0.016299,0.974785,0.078444,0.208266,-9.35371,1.737437,-13.246554,-0.034594,0.876694,0.041618,0.477995,15.257115,2.009377,33.580406
1114,9.283333,-0.030599,0.96129,0.043346,0.270382,3.682719,84.298058,20.46979,-0.043808,0.976669,0.101776,0.183958,3.049952,91.946243,20.9835,-0.015427,0.980652,0.122962,0.151539,0.468548,112.414848,24.817022,0.096523,0.993018,-0.026756,0.062306,-0.946357,132.725388,29.772461,0.1518,0.972164,-0.173812,-0.040543,2.111623,146.85022,27.31605,-0.021827,0.939344,0.105053,0.325762,-4.484688,127.075752,27.86783,0.446473,-0.568927,0.089969,-0.684755,-18.243645,127.555557,17.085453,0.233586,0.074612,-0.502158,-0.829281,-9.889207,111.881493,-0.266646,0.295513,0.171181,-0.587136,-0.733921,2.960204,134.891495,-3.206876,-0.014128,0.974121,0.167673,0.15091,2.614769,127.023567,30.108818,0.365479,0.865884,0.134018,-0.314179,19.298401,126.619934,35.333027,0.038749,0.153585,0.465262,-0.870885,32.593639,112.994919,19.390503,0.043429,-0.075323,0.676719,-0.73109,19.876562,132.527008,11.964048,0.069775,0.927489,0.231561,0.285087,-4.308129,83.966118,15.568955,0.112619,0.987797,-0.031372,0.102903,-4.213942,51.963646,-1.440288,0.016322,0.9748,0.078438,0.208195,-15.10369,5.699211,0.405214,-0.087461,0.942471,0.019192,0.322073,11.673568,84.629997,25.370625,0.079993,0.883181,-0.219126,0.40691,18.096447,48.969177,26.101341,-0.034556,0.876721,0.041499,0.477959,2.893603,6.581038,41.415058,0.016322,0.9748,0.078438,0.208195,-9.351643,1.736538,-13.245541,-0.034556,0.876721,0.041499,0.477959,15.25606,2.008261,33.579792
1115,9.291667,-0.03065,0.961186,0.043289,0.270754,3.685454,84.29921,20.470573,-0.043955,0.97664,0.101618,0.184163,3.051969,91.947433,20.982985,-0.0155,0.980614,0.123101,0.151662,0.464332,112.421539,24.809267,0.096682,0.992989,-0.026632,0.062572,-0.955057,132.73053,29.769716,0.151792,0.9722,-0.173696,-0.040189,2.10843,146.85498,27.318022,-0.021745,0.939276,0.105053,0.325962,-4.492001,127.080872,27.862648,0.446265,-0.56865,0.090355,-0.68507,-18.246508,127.564178,17.074749,0.233573,0.074833,-0.502151,-0.829269,-9.879842,111.887611,-0.269188,0.295719,0.171287,-0.586982,-0.733937,2.968236,134.899765,-3.19931,-0.014206,0.974044,0.167829,0.15123,2.606869,127.029182,30.105505,0.365446,0.865996,0.133939,-0.313943,19.287037,126.625465,35.340752,0.038508,0.153883,0.465315,-0.870815,32.590813,112.99704,19.408278,0.043259,-0.075083,0.676655,-0.731184,19.880459,132.531357,11.974913,0.069865,0.927441,0.231495,0.285275,-4.301563,83.966423,15.563558,0.112604,0.987798,-0.031411,0.102903,-4.21136,51.962654,-1.44327,0.016483,0.974815,0.078485,0.208096,-15.100074,5.69813,0.406032,-0.08743,0.942412,0.019189,0.322252,11.672471,84.632004,25.37759,0.080032,0.883243,-0.219048,0.40681,18.093037,48.970779,26.109034,-0.034542,0.876719,0.041524,0.477961,2.891552,6.579962,41.416695,0.016483,0.974815,0.078485,0.208096,-9.352185,1.736036,-13.246642,-0.034542,0.876719,0.041524,0.477961,15.254021,2.007626,33.581196
1116,9.3,-0.030659,0.961075,0.043269,0.27115,3.685058,84.304108,20.470089,-0.043928,0.976578,0.10163,0.184494,3.051313,91.952339,20.981913,-0.015566,0.980552,0.123201,0.151974,0.463283,112.427521,24.808212,0.09673,0.992967,-0.026528,0.062901,-0.96103,132.735413,29.771793,0.15182,0.972219,-0.173639,-0.039875,2.105103,146.860016,27.324272,-0.021901,0.939177,0.104951,0.32627,-4.496262,127.085815,27.861324,0.446252,-0.568471,0.090316,-0.685232,-18.243515,127.564034,17.063959,0.233641,0.075203,-0.5021,-0.829248,-9.866419,111.892387,-0.279403,0.295776,0.171584,-0.586925,-0.73389,2.981215,134.906082,-3.194498,-0.014203,0.973977,0.167915,0.151562,2.601165,127.034294,30.108742,0.365298,0.866107,0.13406,-0.313757,19.277813,126.628021,35.354984,0.038299,0.154124,0.465258,-0.870812,32.592754,113.004601,19.427547,0.043112,-0.074707,0.676664,-0.731223,19.883451,132.53746,11.988818,0.069889,0.92741,0.231327,0.285505,-4.297919,83.971443,15.556497,0.112636,0.987767,-0.031415,0.103166,-4.20882,51.962292,-1.440196,0.016411,0.974811,0.078497,0.208116,-15.10099,5.698469,0.406341,-0.087462,0.942342,0.019199,0.322448,11.668034,84.636765,25.38368,0.080021,0.883227,-0.218983,0.406882,18.090803,48.975967,26.11651,-0.034524,0.876723,0.041488,0.477957,2.891327,6.582323,41.418304,0.016411,0.974811,0.078497,0.208116,-9.35183,1.737092,-13.246004,-0.034524,0.876723,0.041488,0.477957,15.253416,2.008786,33.582912
1117,9.308333,-0.030656,0.960954,0.043337,0.271569,3.684252,84.309174,20.465878,-0.043875,0.976503,0.101703,0.184858,3.050048,91.957321,20.97843,-0.015645,0.98049,0.123249,0.152333,0.462247,112.431717,24.807068,0.096717,0.992951,-0.026425,0.063217,-0.967434,132.739014,29.771561,0.151937,0.972234,-0.173516,-0.039601,2.099527,146.864136,27.328035,-0.021988,0.939066,0.104942,0.326587,-4.500782,127.08931,27.857924,0.446501,-0.568311,0.090126,-0.685227,-18.240669,127.565811,17.051107,0.233938,0.075648,-0.502025,-0.829169,-9.852849,111.897156,-0.289781,0.295991,0.171793,-0.586954,-0.733731,2.995102,134.912018,-3.192558,-0.014262,0.97392,0.167987,0.151847,2.594985,127.038155,30.110598,0.365278,0.866191,0.134051,-0.313553,19.268555,126.631798,35.366627,0.038119,0.154345,0.46537,-0.870721,32.590576,113.00621,19.446972,0.043131,-0.074493,0.676688,-0.731221,19.889103,132.543564,12.003065,0.070008,0.927295,0.231153,0.285993,-4.294469,83.977318,15.545318,0.112665,0.987736,-0.03147,0.103412,-4.208185,51.963512,-1.442631,0.016698,0.974785,0.07848,0.208224,-15.104071,5.700651,0.405988,-0.087497,0.942263,0.019179,0.322672,11.662972,84.641029,25.386438,0.080003,0.883224,-0.218938,0.406915,18.087503,48.980625,26.122934,-0.035245,0.876804,0.04116,0.477785,2.890602,6.584826,41.421329,0.016698,0.974785,0.07848,0.208224,-9.354811,1.737108,-13.245688,-0.035245,0.876804,0.04116,0.477785,15.25476,2.013126,33.588123
1118,9.316667,-0.030607,0.960833,0.043255,0.272014,3.680552,84.314651,20.464697,-0.043826,0.976425,0.101739,0.185262,3.047171,91.962952,20.975954,-0.015676,0.980421,0.123302,0.15273,0.459787,112.435188,24.804996,0.0965,0.992948,-0.02637,0.063609,-0.97354,132.741882,29.770872,0.152054,0.972257,-0.173389,-0.039137,2.088865,146.868423,27.329815,-0.022008,0.938929,0.10504,0.326946,-4.505441,127.092484,27.85368,0.446417,-0.56806,0.090331,-0.685464,-18.237076,127.570877,17.036461,0.234036,0.075937,-0.501991,-0.829136,-9.836906,111.902145,-0.29836,0.29618,0.172035,-0.586887,-0.733652,3.01018,134.917969,-3.190669,-0.014398,0.973841,0.168077,0.152241,2.588505,127.040924,30.112066,0.36522,0.866291,0.134392,-0.3132,19.257753,126.636375,35.381924,0.037997,0.154654,0.465337,-0.870689,32.592903,113.014458,19.470123,0.042782,-0.074215,0.676646,-0.731309,19.894899,132.549622,12.016274,0.070037,0.927225,0.230979,0.286351,-4.293685,83.983681,15.536815,0.112663,0.987735,-0.031449,0.103431,-4.206676,51.964355,-1.440711,0.016398,0.974816,0.078449,0.208113,-15.102246,5.70133,0.4058,-0.087554,0.942188,0.019204,0.322874,11.654789,84.645615,25.39258,0.080007,0.88323,-0.218837,0.406956,18.083572,48.986,26.130131,-0.035141,0.876771,0.041226,0.477847,2.889329,6.586066,41.419693,0.016398,0.974816,0.078449,0.208113,-9.353158,1.738644,-13.2462,-0.035141,0.876771,0.041226,0.477847,15.253921,2.014573,33.587051
1119,9.325,-0.030517,0.960723,0.043236,0.272418,3.677668,84.318939,20.459658,-0.043835,0.976341,0.101882,0.185624,3.045484,91.967354,20.970757,-0.015673,0.980365,0.123314,0.15308,0.455178,112.438393,24.804588,0.09644,0.992938,-0.026249,0.063904,-0.979834,132.744965,29.770443,0.152211,0.972269,-0.173246,-0.038867,2.081971,146.872375,27.33371,-0.022082,0.938838,0.104925,0.327241,-4.51089,127.09597,27.8505,0.446367,-0.567797,0.090374,-0.685708,-18.235662,127.571777,17.024466,0.234112,0.076202,-0.501939,-0.829121,-9.821068,111.907707,-0.307582,0.296236,0.17226,-0.586742,-0.733693,3.026074,134.923477,-3.189535,-0.014456,0.97378,0.168111,0.152588,2.581465,127.043686,30.113857,0.365175,0.86641,0.134331,-0.312949,19.24695,126.638863,35.395565,0.037787,0.154996,0.465395,-0.870607,32.591541,113.014099,19.494129,0.04257,-0.074012,0.676757,-0.731239,19.899773,132.553192,12.030089,0.070038,0.927151,0.230791,0.286744,-4.292542,83.989899,15.525143,0.112727,0.987704,-0.03146,0.10365,-4.202485,51.964272,-1.440489,0.016708,0.97479,0.078424,0.208218,-15.1045,5.702686,0.403954,-0.087522,0.942092,0.019256,0.32316,11.647879,84.647972,25.394171,0.079894,0.883177,-0.218791,0.407118,18.075502,48.988094,26.129385,-0.034894,0.876762,0.041358,0.47787,2.889636,6.584486,41.417091,0.016708,0.97479,0.078424,0.208218,-9.355656,1.737451,-13.247402,-0.034894,0.876762,0.041358,0.47787,15.25296,2.012875,33.582531
1120,9.333333,-0.030422,0.960617,0.043176,0.272809,3.674313,84.320862,20.456705,-0.043854,0.976254,0.101968,0.18603,3.043569,91.969444,20.967052,-0.015673,0.980299,0.123329,0.153489,0.450342,112.438881,24.802973,0.096474,0.992913,-0.026114,0.064304,-0.986847,132.7453,29.768837,0.152203,0.972302,-0.173147,-0.038509,2.077429,146.873077,27.337364,-0.022214,0.938676,0.105031,0.327663,-4.516854,127.096748,27.845663,0.446286,-0.567553,0.090482,-0.685948,-18.23177,127.571091,17.00708,0.23415,0.076539,-0.501911,-0.829097,-9.804369,111.909958,-0.321394,0.296351,0.172488,-0.586617,-0.733692,3.041641,134.928345,-3.189346,-0.014608,0.973723,0.168159,0.152883,2.573635,127.043663,30.114845,0.365181,0.866476,0.134775,-0.312568,19.235819,126.641991,35.407204,0.037812,0.15514,0.465382,-0.870587,32.592018,113.020111,19.513025,0.042374,-0.073806,0.676934,-0.731107,19.90288,132.556107,12.043097,0.070058,0.927088,0.230644,0.28706,-4.292005,83.993599,15.515785,0.112742,0.987699,-0.031467,0.10368,-4.2008,51.963295,-1.441003,0.01645,0.974807,0.078384,0.208174,-15.104275,5.702061,0.403625,-0.08756,0.941983,0.019319,0.323462,11.64063,84.648125,25.397625,0.079856,0.883152,-0.218742,0.407207,18.072096,48.988918,26.131451,-0.034376,0.876742,0.041464,0.477935,2.889663,6.582686,41.415298,0.01645,0.974807,0.078384,0.208174,-9.354188,1.737125,-13.247299,-0.034376,0.876742,0.041464,0.477935,15.249941,2.006423,33.578636
1121,9.341667,-0.030351,0.960499,0.04322,0.273227,3.670839,84.323814,20.452242,-0.043652,0.976178,0.102032,0.186439,3.040732,91.972404,20.963264,-0.015845,0.980225,0.123334,0.153937,0.453857,112.440804,24.80209,0.096452,0.99289,-0.025992,0.064744,-0.992726,132.746933,29.76638,0.152224,0.97234,-0.173006,-0.038113,2.072632,146.87532,27.33983,-0.022186,0.938564,0.105094,0.327965,-4.519607,127.097557,27.839935,0.446244,-0.567325,0.090633,-0.686144,-18.227644,127.57473,16.992771,0.234287,0.076821,-0.501847,-0.829071,-9.788764,111.913811,-0.330323,0.296499,0.172777,-0.586544,-0.733623,3.058306,134.932709,-3.188837,-0.01478,0.973658,0.1682,0.153231,2.56875,127.046135,30.11581,0.365172,0.866601,0.134744,-0.312245,19.227032,126.648018,35.420723,0.037646,0.155397,0.465422,-0.870527,32.593578,113.021614,19.539131,0.042262,-0.073594,0.676934,-0.731135,19.909597,132.559601,12.062099,0.070073,0.927032,0.230436,0.287405,-4.291286,83.998459,15.504442,0.112777,0.987696,-0.031448,0.103675,-4.199337,51.961357,-1.439497,0.016721,0.974787,0.078431,0.20823,-15.105841,5.700752,0.403023,-0.087551,0.941875,0.019429,0.323773,11.632965,84.649178,25.400043,0.079745,0.88308,-0.218747,0.407383,18.066093,48.990154,26.128275,-0.03443,0.87673,0.041452,0.477954,2.889714,6.582448,41.414036,0.016721,0.974787,0.078431,0.20823,-9.35678,1.73565,-13.248285,-0.03443,0.87673,0.041452,0.477954,15.250757,2.006647,33.578312
1122,9.35,-0.030352,0.960384,0.043298,0.273616,3.669935,84.325325,20.44725,-0.043688,0.976098,0.102098,0.186815,3.039289,91.973808,20.959167,-0.015932,0.980152,0.123444,0.154306,0.448829,112.442436,24.799549,0.09642,0.992864,-0.026055,0.065153,-1.00389,132.74733,29.767159,0.152313,0.972386,-0.172772,-0.037621,2.062416,146.875427,27.340126,-0.022269,0.938369,0.105137,0.328504,-4.528646,127.097954,27.836794,0.446158,-0.56706,0.090815,-0.686395,-18.224174,127.575043,16.973839,0.234379,0.077166,-0.501819,-0.82903,-9.771978,111.915062,-0.34361,0.296655,0.173115,-0.586476,-0.733535,3.074404,134.937363,-3.189355,-0.014858,0.973589,0.168329,0.153522,2.557977,127.046844,30.118063,0.364911,0.866812,0.134548,-0.312049,19.21306,126.648949,35.433025,0.037182,0.155786,0.465392,-0.870493,32.595146,113.02562,19.561884,0.042045,-0.073333,0.676969,-0.731141,19.915184,132.565369,12.078784,0.070123,0.926997,0.230304,0.287609,-4.288194,84.00074,15.492975,0.112835,0.987651,-0.031528,0.10402,-4.198768,51.959728,-1.443577,0.016439,0.974771,0.078439,0.208322,-15.112095,5.70086,0.402092,-0.087622,0.941821,0.019453,0.32391,11.628063,84.64991,25.401527,0.079816,0.883167,-0.218747,0.407181,18.066444,48.991852,26.13073,-0.034491,0.876758,0.041387,0.477904,2.887628,6.585217,41.417061,0.016439,0.974771,0.078439,0.208322,-9.357757,1.737438,-13.247479,-0.034491,0.876758,0.041387,0.477904,15.248062,2.0086,33.580853
1123,9.358333,-0.030283,0.960291,0.043299,0.273953,3.665684,84.326805,20.444197,-0.043671,0.976007,0.102138,0.187273,3.035873,91.975349,20.956198,-0.015907,0.980069,0.123485,0.154801,0.443914,112.444534,24.797249,0.09639,0.992843,-0.025919,0.065574,-1.010519,132.749039,29.765944,0.152333,0.972421,-0.172637,-0.037275,2.056517,146.877869,27.344147,-0.022364,0.938234,0.105236,0.328851,-4.534254,127.100456,27.831385,0.446167,-0.566812,0.090859,-0.686588,-18.221661,127.57695,16.958172,0.234552,0.077553,-0.50172,-0.829004,-9.75593,111.919876,-0.35529,0.296769,0.173488,-0.586301,-0.73354,3.091943,134.94162,-3.187361,-0.015033,0.9735,0.168454,0.153929,2.5501,127.047958,30.119663,0.364868,0.866919,0.134837,-0.311677,19.200613,126.652893,35.449127,0.037002,0.156068,0.46543,-0.87043,32.595795,113.031471,19.587412,0.041831,-0.07308,0.676844,-0.731295,19.922523,132.571228,12.097218,0.070172,0.926897,0.230209,0.287997,-4.289062,84.003792,15.484388,0.112892,0.987584,-0.031646,0.104556,-4.19795,51.96011,-1.447113,0.016391,0.974753,0.078415,0.208422,-15.118706,5.703175,0.403097,-0.087658,0.941733,0.019574,0.324148,11.620428,84.649811,25.404007,0.079713,0.883071,-0.218809,0.407375,18.063875,48.992558,26.127449,-0.034667,0.8768,0.041242,0.477828,2.887984,6.58696,41.419537,0.016391,0.974753,0.078415,0.208422,-9.361228,1.73925,-13.245006,-0.034667,0.8768,0.041242,0.477828,15.248049,2.009132,33.58345
1124,9.366667,-0.030175,0.96019,0.043347,0.274309,3.660931,84.328751,20.439524,-0.043629,0.975928,0.102189,0.187667,3.032316,91.977333,20.952456,-0.015939,0.979996,0.123547,0.15521,0.440233,112.445107,24.794657,0.096332,0.992819,-0.025927,0.066021,-1.017998,132.748917,29.765043,0.152346,0.972471,-0.172451,-0.036761,2.049321,146.877899,27.344397,-0.02241,0.93807,0.1053,0.329293,-4.540216,127.10067,27.826756,0.446088,-0.566495,0.091074,-0.686873,-18.217367,127.57814,16.940693,0.234716,0.077893,-0.501715,-0.828929,-9.735699,111.921692,-0.365528,0.297042,0.173883,-0.58625,-0.733377,3.110169,134.947128,-3.18743,-0.015073,0.973414,0.168551,0.154366,2.542236,127.047729,30.120903,0.364708,0.86707,0.134821,-0.311451,19.188,126.650894,35.465046,0.036621,0.156404,0.465446,-0.870377,32.595951,113.03183,19.612091,0.04157,-0.072827,0.676837,-0.731341,19.928152,132.574036,12.11642,0.07021,0.926817,0.230071,0.288355,-4.290272,84.008278,15.473875,0.112951,0.987544,-0.031696,0.104851,-4.198171,51.960373,-1.449615,0.016369,0.974717,0.07841,0.20859,-15.125463,5.705017,0.401437,-0.087731,0.941691,0.019621,0.324249,11.612134,84.649231,25.405172,0.079728,0.883119,-0.218792,0.407277,18.061544,48.993034,26.127819,-0.034526,0.876774,0.041365,0.477875,2.886744,6.586951,41.419643,0.016369,0.974717,0.07841,0.20859,-9.363214,1.740918,-13.244599,-0.034526,0.876774,0.041365,0.477875,15.246895,2.010275,33.583023
1125,9.375,-0.030044,0.960093,0.043483,0.274641,3.655249,84.33123,20.431101,-0.043556,0.975849,0.102281,0.188041,3.027823,91.979752,20.946377,-0.015961,0.979929,0.123576,0.155605,0.436904,112.444237,24.791393,0.096322,0.992791,-0.025802,0.066497,-1.024424,132.747726,29.762217,0.152263,0.97252,-0.17236,-0.036233,2.044449,146.877243,27.346727,-0.022433,0.9379,0.10539,0.329749,-4.545336,127.099777,27.820671,0.445958,-0.566266,0.091305,-0.687116,-18.211952,127.579353,16.921473,0.234783,0.078257,-0.501618,-0.828934,-9.719479,111.922661,-0.379224,0.297148,0.174223,-0.58611,-0.733365,3.129168,134.949844,-3.185829,-0.015168,0.973345,0.168521,0.15482,2.53528,127.046349,30.120472,0.364647,0.867182,0.134814,-0.311212,19.176037,126.6502,35.48024,0.03625,0.156752,0.465499,-0.870302,32.593586,113.030037,19.636347,0.041153,-0.07256,0.676889,-0.731344,19.932804,132.576111,12.134305,0.070274,0.926708,0.229901,0.288823,-4.292689,84.014145,15.460011,0.112944,0.987526,-0.03175,0.105018,-4.200115,51.961231,-1.454002,0.016404,0.974711,0.078383,0.208629,-15.127555,5.706036,0.400337,-0.087778,0.941565,0.019679,0.324596,11.603187,84.648323,25.402191,0.079623,0.883032,-0.218801,0.40748,18.0569,48.992893,26.124376,-0.034488,0.876757,0.041381,0.477908,2.886984,6.585607,41.417725,0.016404,0.974711,0.078383,0.208629,-9.36466,1.740916,-13.24513,-0.034488,0.876757,0.041381,0.477908,15.247438,2.008817,33.58165
1126,9.383333,-0.029989,0.960008,0.043462,0.274949,3.651924,84.330666,20.428207,-0.043498,0.975775,0.10231,0.188423,3.025233,91.979263,20.943209,-0.016058,0.979862,0.123558,0.156031,0.435103,112.442734,24.788679,0.096305,0.992762,-0.025775,0.066971,-1.032239,132.746262,29.7575,0.152275,0.972579,-0.172123,-0.035712,2.03814,146.875854,27.344349,-0.022334,0.937769,0.105418,0.330117,-4.550984,127.097977,27.813053,0.446113,-0.565942,0.09137,-0.687273,-18.209244,127.582588,16.903608,0.235101,0.078694,-0.501558,-0.828839,-9.699135,111.925781,-0.388323,0.297423,0.174524,-0.58599,-0.733278,3.148451,134.953461,-3.183676,-0.015212,0.973276,0.168463,0.155317,2.527608,127.045204,30.119085,0.364583,0.867285,0.135075,-0.310886,19.162926,126.647911,35.495625,0.03601,0.157031,0.465553,-0.870233,32.592842,113.030457,19.659891,0.040873,-0.072328,0.67694,-0.731334,19.938864,132.578491,12.151928,0.070307,0.926643,0.229841,0.289072,-4.292896,84.014763,15.452059,0.112971,0.987515,-0.031805,0.105071,-4.199334,51.960194,-1.458801,0.016402,0.974705,0.078389,0.208653,-15.129922,5.705917,0.39987,-0.087795,0.941522,0.019761,0.324712,11.596743,84.646568,25.404354,0.079595,0.88306,-0.218788,0.407433,18.05345,48.991596,26.122177,-0.034491,0.876767,0.041454,0.477883,2.887152,6.583351,41.416447,0.016402,0.974705,0.078389,0.208653,-9.366354,1.740956,-13.245362,-0.034491,0.876767,0.041454,0.477883,15.247499,2.00847,33.579086
1127,9.391667,-0.029889,0.959911,0.043496,0.275293,3.646693,84.3293,20.424744,-0.043412,0.975707,0.102356,0.188771,3.021147,91.977951,20.940443,-0.016126,0.979799,0.123591,0.156392,0.432862,112.440849,24.787439,0.096277,0.992742,-0.025687,0.067332,-1.039342,132.743958,29.75659,0.152349,0.97261,-0.171962,-0.035349,2.031647,146.874054,27.347097,-0.022251,0.937622,0.105205,0.330609,-4.556316,127.095604,27.809132,0.446,-0.565667,0.091533,-0.687551,-18.203344,127.582382,16.885735,0.235335,0.07911,-0.501427,-0.828812,-9.679287,111.928024,-0.401534,0.297674,0.175086,-0.586076,-0.732973,3.172431,134.956573,-3.18341,-0.015294,0.973206,0.168463,0.155747,2.520563,127.043068,30.120426,0.36437,0.867469,0.135357,-0.310502,19.151119,126.645996,35.511707,0.035833,0.157108,0.465394,-0.870311,32.600639,113.036194,19.68602,0.040622,-0.072183,0.677455,-0.730886,19.940134,132.581131,12.178256,0.070332,0.926566,0.229802,0.289345,-4.294687,84.015701,15.442962,0.112988,0.987509,-0.031877,0.105086,-4.198681,51.960068,-1.465868,0.016342,0.974713,0.078396,0.20862,-15.131577,5.706596,0.399131,-0.087865,0.941417,0.019885,0.32499,11.588075,84.642899,25.406525,0.079524,0.882967,-0.218817,0.407632,18.0522,48.989174,26.119392,-0.034835,0.876776,0.041314,0.477853,2.88724,6.581077,41.415398,0.016342,0.974713,0.078396,0.20862,-9.368296,1.742196,-13.246387,-0.034835,0.876776,0.041314,0.477853,15.249565,2.007499,33.580399
1128,9.4,-0.02986,0.959832,0.043586,0.275557,3.645127,84.32943,20.419792,-0.043511,0.975617,0.102404,0.189189,3.019485,91.977989,20.936779,-0.016017,0.979723,0.123652,0.156835,0.424784,112.442848,24.784317,0.096206,0.992722,-0.025628,0.067751,-1.045588,132.745468,29.756012,0.152415,0.972632,-0.171865,-0.034909,2.025081,146.876129,27.349476,-0.022347,0.937471,0.105231,0.331022,-4.562583,127.098534,27.804459,0.445948,-0.565328,0.091691,-0.687842,-18.199915,127.584114,16.8689,0.235479,0.079493,-0.501369,-0.82877,-9.658263,111.931969,-0.411694,0.297811,0.175477,-0.585853,-0.733003,3.192809,134.961258,-3.17992,-0.015362,0.973129,0.168583,0.156089,2.512283,127.043442,30.121847,0.364341,0.867582,0.135442,-0.310183,19.139034,126.645958,35.524815,0.035564,0.157416,0.465483,-0.870219,32.59943,113.034546,19.709764,0.040392,-0.071966,0.677446,-0.730928,19.947578,132.583008,12.195412,0.070375,0.926505,0.229765,0.28956,-4.29356,84.01709,15.433638,0.113011,0.987496,-0.031946,0.105161,-4.197341,51.960659,-1.473696,0.016126,0.97471,0.07841,0.208646,-15.133161,5.708101,0.396806,-0.087947,0.9414,0.01992,0.325014,11.583813,84.641777,25.405949,0.079555,0.882989,-0.218821,0.407578,18.054308,48.989204,26.118591,-0.034647,0.876782,0.041424,0.477845,2.887621,6.581712,41.414558,0.016126,0.97471,0.07841,0.208646,-9.367028,1.745261,-13.247961,-0.034647,0.876782,0.041424,0.477845,15.248582,2.008259,33.577328
1129,9.408333,-0.029831,0.95976,0.043675,0.275796,3.642251,84.329002,20.415831,-0.043525,0.975545,0.102393,0.189561,3.016532,91.977463,20.934093,-0.015944,0.979645,0.123768,0.157233,0.419528,112.445259,24.780632,0.09639,0.992684,-0.025382,0.068137,-1.050621,132.746765,29.756907,0.152383,0.972648,-0.171861,-0.034621,2.02654,146.877502,27.359108,-0.022495,0.937314,0.105263,0.331445,-4.567231,127.101097,27.801006,0.445968,-0.56503,0.091744,-0.688067,-18.194508,127.5839,16.852818,0.235709,0.079979,-0.501273,-0.828716,-9.63663,111.934975,-0.42266,0.297936,0.176089,-0.585641,-0.732975,3.215356,134.965515,-3.174691,-0.015379,0.973031,0.168799,0.156466,2.505806,127.043915,30.123917,0.364207,0.867722,0.135469,-0.309935,19.128407,126.643539,35.539413,0.035377,0.157634,0.465468,-0.870195,32.60128,113.034073,19.733328,0.04035,-0.071711,0.677645,-0.730771,19.951456,132.58345,12.213826,0.070429,0.926447,0.229737,0.289753,-4.293999,84.017876,15.42573,0.113033,0.987471,-0.032062,0.105342,-4.198463,51.961052,-1.480846,0.016564,0.974677,0.07846,0.208744,-15.137796,5.709675,0.398274,-0.08793,0.941252,0.02004,0.325441,11.578501,84.640137,25.405931,0.079436,0.882872,-0.218923,0.407799,18.050346,48.98769,26.112873,-0.034816,0.876786,0.04148,0.477821,2.885966,6.582663,41.417953,0.016564,0.974677,0.07846,0.208744,-9.373149,1.745796,-13.246812,-0.034816,0.876786,0.04148,0.477821,15.248242,2.013031,33.580578
1130,9.416667,-0.029809,0.95968,0.043727,0.27607,3.639983,84.329155,20.411474,-0.0435,0.97547,0.102481,0.189904,3.014231,91.97757,20.930408,-0.015983,0.979579,0.123815,0.157606,0.416302,112.443939,24.779644,0.096413,0.992656,-0.025336,0.068538,-1.057624,132.744904,29.757008,0.152425,0.972679,-0.171736,-0.034198,2.021849,146.875595,27.361908,-0.022531,0.937145,0.105307,0.331907,-4.572748,127.099457,27.797821,0.445886,-0.564718,0.091877,-0.688359,-18.189262,127.58342,16.836292,0.235874,0.080435,-0.501182,-0.82868,-9.615078,111.937805,-0.434095,0.298095,0.176651,-0.585364,-0.732995,3.237414,134.969086,-3.169394,-0.015398,0.972969,0.168823,0.15682,2.498523,127.042007,30.126101,0.364189,0.867826,0.135706,-0.309561,19.117228,126.640045,35.553432,0.03509,0.15797,0.46555,-0.870102,32.602268,113.030624,19.757696,0.040045,-0.071349,0.677576,-0.730887,19.961693,132.582565,12.231144,0.070436,0.926381,0.229695,0.289995,-4.293449,84.018959,15.416837,0.113083,0.987463,-0.032122,0.105345,-4.194862,51.960815,-1.48723,0.01648,0.974681,0.078406,0.208751,-15.13935,5.710861,0.39693,-0.088009,0.941216,0.020076,0.325521,11.573416,84.639343,25.406113,0.079441,0.88286,-0.218922,0.407824,18.051382,48.988014,26.113033,-0.034784,0.876759,0.041515,0.477871,2.886179,6.583032,41.417408,0.01648,0.974681,0.078406,0.208751,-9.37383,1.745863,-13.247461,-0.034784,0.876759,0.041515,0.477871,15.249209,2.013887,33.580936
1131,9.425,-0.02975,0.959596,0.043869,0.276346,3.638761,84.327026,20.405029,-0.043296,0.975406,0.10257,0.19023,3.013118,91.975311,20.926128,-0.016349,0.979511,0.123786,0.158013,0.421917,112.438858,24.779249,0.096445,0.992619,-0.025282,0.069042,-1.068931,132.739639,29.752356,0.152509,0.972719,-0.171541,-0.033658,2.013486,146.870255,27.360582,-0.022451,0.936938,0.105526,0.332426,-4.578823,127.091766,27.790781,0.445488,-0.564358,0.092376,-0.688845,-18.183405,127.582947,16.81477,0.235832,0.080818,-0.501134,-0.828683,-9.593625,111.937187,-0.44775,0.298369,0.177036,-0.58519,-0.732931,3.259302,134.973114,-3.164752,-0.015469,0.972897,0.168834,0.157249,2.490358,127.038971,30.125505,0.364124,0.867976,0.136168,-0.309014,19.104271,126.63678,35.567463,0.035025,0.158281,0.465472,-0.87009,32.608444,113.030815,19.785091,0.039694,-0.071065,0.67761,-0.730902,19.968636,132.579895,12.246713,0.070452,0.926339,0.229655,0.290156,-4.291884,84.018898,15.405838,0.113131,0.987454,-0.032216,0.105344,-4.192371,51.959599,-1.49603,0.016595,0.974664,0.078385,0.20883,-15.142218,5.711251,0.396468,-0.088018,0.941093,0.020184,0.325867,11.569407,84.635162,25.404221,0.079328,0.882733,-0.218994,0.408083,18.05023,48.984249,26.106415,-0.034641,0.876746,0.041718,0.477886,2.887325,6.580517,41.416557,0.016595,0.974664,0.078385,0.20883,-9.375734,1.744947,-13.247135,-0.034641,0.876746,0.041718,0.477886,15.250188,2.014531,33.57798
1132,9.433333,-0.029722,0.959523,0.043885,0.2766,3.636018,84.325157,20.402149,-0.043162,0.975341,0.10264,0.190557,3.010583,91.973434,20.923441,-0.016497,0.979447,0.123782,0.158399,0.423323,112.434319,24.779146,0.096533,0.99259,-0.025091,0.069401,-1.07553,132.734924,29.750511,0.152566,0.972739,-0.171426,-0.033397,2.01062,146.865891,27.365604,-0.022413,0.936743,0.105793,0.332895,-4.582723,127.086319,27.786234,0.445591,-0.564042,0.092422,-0.689031,-18.176445,127.583755,16.797062,0.236102,0.081334,-0.501056,-0.828604,-9.569379,111.939667,-0.458345,0.298645,0.177364,-0.585042,-0.732857,3.282148,134.975647,-3.158974,-0.01555,0.972825,0.168868,0.15765,2.484568,127.034966,30.126698,0.364133,0.868076,0.136278,-0.308675,19.093981,126.63295,35.582375,0.034895,0.15861,0.465555,-0.869991,32.608231,113.024231,19.811007,0.039514,-0.07086,0.677615,-0.730928,19.976906,132.575607,12.261934,0.070473,0.926261,0.229706,0.290362,-4.292021,84.017868,15.398778,0.113164,0.987451,-0.032323,0.105309,-4.188992,51.960491,-1.506706,0.016629,0.974662,0.078321,0.208861,-15.142855,5.713511,0.395878,-0.088136,0.941117,0.020229,0.325763,11.564056,84.632454,25.405519,0.079395,0.882767,-0.21896,0.408014,18.054008,48.983181,26.106676,-0.034765,0.87672,0.041648,0.477932,2.887958,6.579077,41.412659,0.016629,0.974662,0.078321,0.208861,-9.376027,1.745105,-13.246968,-0.034765,0.87672,0.041648,0.477932,15.252441,2.013094,33.576645
1133,9.441667,-0.02968,0.959457,0.043937,0.276825,3.632214,84.323952,20.399618,-0.043027,0.975237,0.102823,0.191023,3.007058,91.972198,20.921709,-0.016487,0.979367,0.123672,0.158977,0.422491,112.428284,24.784025,0.096486,0.992558,-0.025106,0.069917,-1.078153,132.730057,29.750134,0.152549,0.972774,-0.17133,-0.032948,2.008871,146.861023,27.366442,-0.022439,0.936611,0.105919,0.333223,-4.584173,127.081787,27.782764,0.445379,-0.563747,0.092615,-0.689383,-18.170219,127.581146,16.784176,0.236171,0.081672,-0.500981,-0.828596,-9.548346,111.941292,-0.467691,0.29894,0.177577,-0.58496,-0.73275,3.304125,134.978088,-3.154383,-0.015625,0.97275,0.168915,0.158057,2.480391,127.029457,30.131435,0.364177,0.868077,0.136904,-0.308341,19.085238,126.627281,35.601009,0.035227,0.158497,0.465424,-0.870068,32.608147,113.023926,19.83242,0.039414,-0.070582,0.678446,-0.730189,19.9702,132.567398,12.280874,0.070498,0.926182,0.229742,0.290579,-4.293538,84.017914,15.392539,0.113171,0.987432,-0.032444,0.105445,-4.187415,51.961983,-1.515679,0.016567,0.974668,0.078247,0.208867,-15.14339,5.7159,0.396682,-0.088183,0.941044,0.020297,0.325958,11.557965,84.629997,25.406698,0.079384,0.882776,-0.218947,0.408003,18.052544,48.981522,26.105705,-0.034764,0.876704,0.041714,0.477956,2.888012,6.576723,41.41127,0.016567,0.974668,0.078247,0.208867,-9.375982,1.74568,-13.245398,-0.034764,0.876704,0.041714,0.477956,15.253183,2.012408,33.575352
1134,9.45,-0.029651,0.959384,0.044042,0.277063,3.628976,84.322548,20.396351,-0.04299,0.975171,0.102901,0.191322,3.003679,91.97068,20.919952,-0.016564,0.979314,0.123648,0.159312,0.418929,112.425522,24.784807,0.096555,0.992523,-0.025072,0.070335,-1.086404,132.727432,29.748911,0.152607,0.972799,-0.171227,-0.032477,2.004316,146.858032,27.367739,-0.022407,0.936462,0.105944,0.333635,-4.590713,127.078857,27.779388,0.445349,-0.563449,0.092693,-0.689636,-18.167204,127.581215,16.769148,0.236342,0.082092,-0.500811,-0.828608,-9.529415,111.944962,-0.47802,0.29899,0.177934,-0.584849,-0.732732,3.328325,134.980545,-3.148605,-0.015582,0.972697,0.168822,0.158485,2.472228,127.027069,30.132944,0.364145,0.868212,0.136751,-0.308067,19.072378,126.621414,35.616493,0.034365,0.15944,0.465665,-0.869801,32.604809,113.012817,19.860611,0.03853,-0.070013,0.677423,-0.73124,19.992954,132.565002,12.290475,0.07048,0.926121,0.229772,0.290753,-4.294329,84.017815,15.385325,0.113234,0.9874,-0.032568,0.105633,-4.183158,51.962685,-1.524365,0.016529,0.974658,0.07823,0.208924,-15.14652,5.718729,0.396883,-0.088203,0.940918,0.020442,0.326307,11.55228,84.627281,25.407379,0.079287,0.882644,-0.219021,0.408267,18.05135,48.979496,26.099405,-0.034871,0.876686,0.04168,0.477983,2.887635,6.576303,41.410233,0.016529,0.974658,0.07823,0.208924,-9.377229,1.748165,-13.244298,-0.034871,0.876686,0.04168,0.477983,15.254107,2.012653,33.575989
1135,9.458333,-0.029664,0.959315,0.044168,0.277279,3.627704,84.321632,20.392454,-0.042961,0.975112,0.102967,0.191594,3.00156,91.969582,20.917719,-0.016561,0.979262,0.123681,0.159606,0.416264,112.425079,24.784956,0.096612,0.992498,-0.025022,0.070623,-1.090668,132.726639,29.749969,0.152715,0.972811,-0.171115,-0.032196,2.002795,146.857056,27.371342,-0.022367,0.936338,0.106022,0.333963,-4.594183,127.078476,27.777874,0.445086,-0.563122,0.093054,-0.690024,-18.163082,127.584351,16.758442,0.236609,0.082458,-0.500813,-0.828495,-9.510328,111.948563,-0.481631,0.299789,0.178432,-0.584572,-0.732505,3.344069,134.986847,-3.143708,-0.015709,0.972669,0.168529,0.158953,2.467361,127.026024,30.135601,0.36426,0.86825,0.137041,-0.307694,19.062178,126.62352,35.635498,0.034452,0.159751,0.465718,-0.869712,32.601841,113.011154,19.889088,0.038264,-0.069739,0.677544,-0.731168,19.998468,132.560379,12.305101,0.070576,0.926007,0.229739,0.291119,-4.293344,84.017532,15.377823,0.113243,0.987347,-0.032704,0.106081,-4.182625,51.96228,-1.531647,0.016636,0.974638,0.078238,0.209006,-15.149032,5.719364,0.397309,-0.088273,0.940882,0.020484,0.326387,11.548753,84.625725,25.407085,0.079322,0.882667,-0.219036,0.408204,18.053514,48.978966,26.098438,-0.034808,0.876684,0.041791,0.477982,2.88744,6.576908,41.410069,0.016636,0.974638,0.078238,0.209006,-9.378536,1.748359,-13.243236,-0.034808,0.876684,0.041791,0.477982,15.253791,2.015189,33.574505
1136,9.466667,-0.029638,0.959255,0.044221,0.277482,3.625654,84.322739,20.389469,-0.042944,0.975048,0.103033,0.191889,2.999553,91.970642,20.915493,-0.016564,0.979201,0.123749,0.159932,0.413401,112.424408,24.78455,0.096768,0.992465,-0.024911,0.070911,-1.095744,132.725281,29.751757,0.152806,0.972816,-0.171041,-0.031993,2.0032,146.85524,27.377609,-0.022384,0.936194,0.106068,0.33435,-4.598256,127.077606,27.776474,0.445016,-0.562869,0.093177,-0.690259,-18.158089,127.584991,16.745945,0.236803,0.08288,-0.500693,-0.82847,-9.492297,111.951447,-0.489624,0.300081,0.178764,-0.584463,-0.732392,3.364915,134.990173,-3.13695,-0.015511,0.97255,0.16895,0.159252,2.461736,127.024414,30.138836,0.364146,0.86835,0.13725,-0.307456,19.053444,126.610992,35.647308,0.034131,0.159982,0.465761,-0.86966,32.604527,113.003334,19.906651,0.038064,-0.069457,0.677485,-0.73126,20.006271,132.55603,12.320219,0.070586,0.92597,0.229737,0.291235,-4.293309,84.019585,15.371484,0.113238,0.987354,-0.032764,0.106,-4.1812,51.964378,-1.538065,0.016479,0.974658,0.078224,0.20893,-15.147633,5.721742,0.397523,-0.08842,0.940881,0.020541,0.326348,11.544617,84.625893,25.407454,0.079389,0.88265,-0.219071,0.408208,18.060675,48.981182,26.098162,-0.034838,0.876685,0.041673,0.477989,2.887675,6.581581,41.409744,0.016479,0.974658,0.078224,0.20893,-9.377707,1.751276,-13.243425,-0.034838,0.876685,0.041673,0.477989,15.253934,2.017277,33.575531
1137,9.475,-0.029694,0.959211,0.044312,0.277613,3.628105,84.323135,20.386993,-0.042974,0.974985,0.103101,0.192168,3.000715,91.970856,20.914038,-0.016551,0.979143,0.123784,0.160258,0.411877,112.422409,24.784563,0.096837,0.992436,-0.024834,0.071252,-1.098639,132.722931,29.752796,0.152845,0.97283,-0.170991,-0.031663,2.003581,146.852768,27.382153,-0.02241,0.936026,0.106187,0.334779,-4.600381,127.075752,27.774673,0.444955,-0.562723,0.093277,-0.690404,-18.150116,127.585449,16.731857,0.236924,0.083329,-0.500537,-0.828484,-9.477119,111.952713,-0.500824,0.300316,0.178981,-0.584249,-0.732413,3.384981,134.992142,-3.129747,-0.015591,0.972459,0.169167,0.15957,2.458065,127.021698,30.141624,0.364217,0.868412,0.137366,-0.307144,19.046143,126.607872,35.660988,0.034161,0.16022,0.465903,-0.869538,32.604198,112.995674,19.930264,0.03807,-0.069453,0.677548,-0.731201,20.016684,132.550293,12.334015,0.070644,0.925925,0.229729,0.291371,-4.289429,84.019577,15.366784,0.113283,0.987334,-0.03284,0.106116,-4.178889,51.964714,-1.543422,0.016404,0.974645,0.078176,0.209013,-15.15044,5.723509,0.397447,-0.088353,0.940769,0.020578,0.326685,11.545639,84.626686,25.407204,0.07931,0.88261,-0.21908,0.408306,18.057793,48.981224,26.0961,-0.034884,0.876678,0.041676,0.477998,2.889276,6.580848,41.409962,0.016404,0.974645,0.078176,0.209013,-9.377655,1.751989,-13.24198,-0.034884,0.876678,0.041676,0.477998,15.256107,2.01728,33.576237
1138,9.483333,-0.029663,0.959156,0.044336,0.277803,3.626037,84.321236,20.386074,-0.042982,0.974931,0.103147,0.192413,2.998893,91.968956,20.913481,-0.016497,0.979099,0.12381,0.160515,0.408383,112.420258,24.785175,0.096869,0.992417,-0.024778,0.071495,-1.10138,132.720596,29.754412,0.152967,0.97283,-0.170927,-0.031423,2.002698,146.850449,27.386269,-0.022366,0.935928,0.106098,0.335086,-4.603032,127.074158,27.774036,0.444778,-0.562494,0.093497,-0.690674,-18.145651,127.585457,16.722561,0.237011,0.083595,-0.50041,-0.828509,-9.46189,111.953911,-0.505784,0.300503,0.17925,-0.583893,-0.732555,3.404552,134.992096,-3.12361,-0.015439,0.972417,0.169095,0.159917,2.454216,127.018753,30.144537,0.364198,0.868492,0.137088,-0.307063,19.038584,126.598083,35.674538,0.033817,0.160622,0.466066,-0.86939,32.5998,112.980461,19.951231,0.037824,-0.069328,0.677519,-0.731253,20.024961,132.542297,12.345998,0.070733,0.92583,0.229742,0.291641,-4.28956,84.018547,15.362751,0.113232,0.987307,-0.032941,0.106383,-4.17972,51.965034,-1.550022,0.016302,0.974663,0.078155,0.208947,-15.148017,5.72336,0.397976,-0.088344,0.940692,0.020667,0.326905,11.541634,84.623924,25.409397,0.079223,0.882528,-0.219075,0.408501,18.055115,48.978619,26.093536,-0.034848,0.876653,0.041775,0.478037,2.890627,6.576705,41.407162,0.016302,0.974663,0.078155,0.208947,-9.376068,1.751853,-13.241813,-0.034848,0.876653,0.041775,0.478037,15.258245,2.015187,33.573475
1139,9.491667,-0.029573,0.959094,0.044296,0.278034,3.622529,84.319557,20.385956,-0.043014,0.974873,0.103204,0.192668,2.996763,91.967415,20.912998,-0.016429,0.97906,0.123793,0.160768,0.403569,112.417625,24.785973,0.096879,0.992397,-0.024802,0.071748,-1.1046,132.718231,29.754585,0.153115,0.972836,-0.17081,-0.031133,2.000862,146.847809,27.386654,-0.022266,0.935834,0.106148,0.335337,-4.606399,127.072502,27.772453,0.444675,-0.562309,0.093661,-0.690869,-18.14328,127.588654,16.714186,0.237162,0.083848,-0.500229,-0.828549,-9.450699,111.957573,-0.510111,0.300638,0.179513,-0.583681,-0.732604,3.42314,134.992828,-3.118411,-0.015473,0.972383,0.168985,0.160237,2.449667,127.015671,30.146425,0.364331,0.868531,0.137202,-0.306744,19.030403,126.594856,35.687263,0.033756,0.160936,0.466182,-0.869272,32.596485,112.970337,19.97414,0.037498,-0.069128,0.677632,-0.731184,20.032188,132.533951,12.357878,0.070725,0.925762,0.22975,0.291851,-4.290755,84.018501,15.358898,0.113276,0.987292,-0.033002,0.106466,-4.176375,51.965176,-1.554185,0.016518,0.974643,0.078065,0.209055,-15.149501,5.72483,0.398093,-0.088496,0.940695,0.020773,0.32685,11.535811,84.620605,25.413015,0.079316,0.882525,-0.219076,0.40849,18.062071,48.977562,26.09322,-0.034912,0.876608,0.041705,0.478121,2.890053,6.57711,41.403393,0.016518,0.974643,0.078065,0.209055,-9.376965,1.74941,-13.240303,-0.034912,0.876608,0.041705,0.478121,15.259419,2.014736,33.572975
1140,9.5,-0.029543,0.959036,0.044332,0.278229,3.621481,84.319969,20.387163,-0.043008,0.97482,0.103213,0.192933,2.995893,91.967804,20.914734,-0.016379,0.979018,0.123761,0.161054,0.402036,112.416206,24.787077,0.097051,0.992357,-0.024758,0.072078,-1.105291,132.717209,29.75432,0.153087,0.972861,-0.170751,-0.030817,2.006405,146.845871,27.389135,-0.022191,0.935787,0.106146,0.335476,-4.606986,127.07206,27.770367,0.444693,-0.562187,0.093652,-0.690958,-18.140738,127.591194,16.70841,0.237188,0.08404,-0.499961,-0.828685,-9.44128,111.962189,-0.514309,0.300345,0.17942,-0.583647,-0.732774,3.445099,134.99173,-3.110875,-0.015459,0.972317,0.169047,0.160575,2.447735,127.01403,30.148304,0.364426,0.868558,0.137167,-0.30657,19.024694,126.590363,35.700214,0.033623,0.161185,0.466329,-0.869153,32.592667,112.959549,19.994173,0.037288,-0.068991,0.677772,-0.731078,20.038881,132.527496,12.371005,0.070732,0.925731,0.229723,0.291971,-4.289801,84.019836,15.356901,0.113309,0.987291,-0.033001,0.10644,-4.174275,51.965668,-1.55458,0.016606,0.974629,0.078042,0.209124,-15.150436,5.726037,0.397542,-0.088158,0.940635,0.02067,0.327118,11.532763,84.620102,25.417427,0.079565,0.882351,-0.219277,0.40871,18.033579,48.972424,26.098452,-0.035058,0.87643,0.041584,0.478448,2.829585,6.584078,41.410439,0.016606,0.974629,0.078042,0.209124,-9.376934,1.749392,-13.240086,-0.035058,0.87643,0.041584,0.478448,15.205505,2.020794,33.590919
1141,9.508333,-0.029521,0.958986,0.044453,0.278387,3.621019,84.321358,20.386091,-0.043229,0.974753,0.10322,0.193218,2.995156,91.969048,20.91544,-0.016157,0.978974,0.123782,0.161327,0.390977,112.41758,24.785666,0.096998,0.992343,-0.02478,0.072331,-1.108793,132.718658,29.754866,0.153335,0.972859,-0.1706,-0.03048,2.002487,146.847443,27.389801,-0.022085,0.935697,0.106129,0.335739,-4.61229,127.075508,27.768431,0.444612,-0.562031,0.093875,-0.691107,-18.140026,127.598953,16.699329,0.237309,0.084265,-0.499772,-0.828741,-9.433909,111.9673,-0.517622,0.300429,0.179552,-0.58345,-0.732864,3.460299,134.993011,-3.104824,-0.015349,0.972275,0.169061,0.160823,2.441224,127.013687,30.149847,0.364493,0.868636,0.137004,-0.306345,19.015509,126.584709,35.70932,0.033354,0.161475,0.466522,-0.869006,32.58791,112.945595,20.014328,0.037125,-0.068894,0.677821,-0.73105,20.046776,132.521133,12.385365,0.070753,0.925695,0.229645,0.292142,-4.288636,84.022415,15.353205,0.113313,0.987289,-0.033003,0.106448,-4.173164,51.965858,-1.553755,0.016495,0.974634,0.078003,0.209121,-15.149696,5.726316,0.398424,-0.088141,0.940543,0.020749,0.327383,11.530675,84.6203,25.418976,0.079503,0.882316,-0.219303,0.408783,18.032026,48.972641,26.095989,-0.035102,0.876442,0.041584,0.478422,2.830911,6.584459,41.411282,0.016495,0.974634,0.078003,0.209121,-9.375318,1.749135,-13.238671,-0.035102,0.876442,0.041584,0.478422,15.206775,2.021797,33.591309
1142,9.516667,-0.029508,0.958947,0.044481,0.278515,3.619728,84.322395,20.386141,-0.04322,0.974709,0.103221,0.193444,2.993862,91.970055,20.91588,-0.016117,0.978924,0.123859,0.161578,0.389159,112.418388,24.78557,0.097155,0.992313,-0.024734,0.07256,-1.110732,132.718735,29.757744,0.153435,0.972863,-0.170519,-0.030298,2.005907,146.846741,27.395123,-0.02209,0.935552,0.106327,0.33608,-4.613896,127.07634,27.768539,0.444548,-0.561993,0.093985,-0.691164,-18.13361,127.603325,16.689802,0.237407,0.084593,-0.499599,-0.828784,-9.426396,111.970284,-0.525324,0.300518,0.179888,-0.583136,-0.732995,3.474262,134.994461,-3.098391,-0.01525,0.972237,0.169053,0.161073,2.438432,127.013268,30.153435,0.364543,0.868681,0.137215,-0.306063,19.010017,126.579475,35.720589,0.033193,0.161689,0.466551,-0.868956,32.589191,112.93869,20.032913,0.036757,-0.068591,0.677884,-0.731038,20.052711,132.515366,12.398851,0.07077,0.92567,0.22961,0.292244,-4.288605,84.023956,15.351144,0.113322,0.987275,-0.033032,0.106556,-4.173198,51.966412,-1.553939,0.016532,0.974626,0.078028,0.209149,-15.151131,5.727262,0.399696,-0.088172,0.940472,0.020836,0.327573,11.528061,84.620827,25.421139,0.079456,0.882247,-0.219334,0.408925,18.033413,48.973827,26.094299,-0.034929,0.87643,0.041692,0.478449,2.832589,6.586257,41.411583,0.016532,0.974626,0.078028,0.209149,-9.376274,1.750571,-13.237345,-0.034929,0.87643,0.041692,0.478449,15.207818,2.023902,33.59042
1143,9.525,-0.029508,0.958905,0.044527,0.278655,3.620477,84.323486,20.387098,-0.043328,0.974707,0.103116,0.193485,2.994341,91.971085,20.917423,-0.016136,0.978911,0.123983,0.161559,0.385673,112.421631,24.782196,0.097405,0.99228,-0.024669,0.072695,-1.115725,132.720657,29.759275,0.153564,0.972864,-0.170445,-0.030053,2.008475,146.847473,27.399517,-0.02192,0.93552,0.10625,0.336202,-4.618491,127.078461,27.768841,0.444502,-0.561908,0.094048,-0.691254,-18.135584,127.610588,16.687149,0.237599,0.084764,-0.499358,-0.828857,-9.424255,111.978088,-0.526398,0.300614,0.180087,-0.582928,-0.733072,3.487249,134.996017,-3.093605,-0.015151,0.972188,0.169056,0.161373,2.433923,127.015396,30.153482,0.364686,0.868698,0.1375,-0.305715,19.002226,126.576408,35.729992,0.033129,0.161894,0.466679,-0.868852,32.5868,112.931099,20.050924,0.036448,-0.068412,0.678021,-0.730943,20.059885,132.5103,12.410483,0.070803,0.925656,0.229558,0.29232,-4.286394,84.025444,15.34978,0.113292,0.987261,-0.033037,0.106719,-4.172924,51.966511,-1.552689,0.016559,0.974633,0.078045,0.209105,-15.148406,5.726743,0.399936,-0.088245,0.940495,0.020885,0.327483,11.527348,84.621536,25.424417,0.079543,0.882284,-0.219345,0.408822,18.038836,48.975613,26.095358,-0.034984,0.876433,0.041579,0.478447,2.832188,6.589779,41.411663,0.016559,0.974633,0.078045,0.209105,-9.374964,1.750451,-13.237822,-0.034984,0.876433,0.041579,0.478447,15.207422,2.025322,33.59174
1144,9.533333,-0.029453,0.958869,0.044528,0.278784,3.621125,84.321335,20.388103,-0.043356,0.974666,0.103185,0.19365,2.995721,91.968979,20.918596,-0.016083,0.978887,0.123958,0.16173,0.384414,112.421143,24.785917,0.097511,0.992253,-0.024665,0.072921,-1.115521,132.72049,29.762098,0.153631,0.97287,-0.170395,-0.029786,2.012645,146.846634,27.403486,-0.021871,0.935474,0.10623,0.33634,-4.618492,127.078796,27.770618,0.444435,-0.561871,0.094076,-0.691323,-18.132423,127.612854,16.685158,0.237683,0.084893,-0.499173,-0.828931,-9.419278,111.981758,-0.52875,0.300698,0.180124,-0.582657,-0.733244,3.501336,134.996246,-3.089962,-0.015013,0.972145,0.169083,0.161614,2.433123,127.014694,30.157597,0.364745,0.868723,0.137922,-0.305385,18.998856,126.56945,35.741249,0.033155,0.162059,0.466681,-0.868819,32.591293,112.92527,20.068016,0.036101,-0.06822,0.678229,-0.730786,20.066982,132.503479,12.42016,0.070808,0.925629,0.229504,0.292447,-4.284461,84.024399,15.3487,0.113313,0.987259,-0.033015,0.106721,-4.17025,51.963711,-1.550431,0.016484,0.974628,0.078088,0.209118,-15.147458,5.724248,0.399821,-0.088193,0.940443,0.020973,0.327642,11.52671,84.618263,25.427505,0.079423,0.882153,-0.219376,0.409111,18.03668,48.971954,26.092327,-0.034855,0.876397,0.041757,0.478508,2.833817,6.585625,41.411026,0.016484,0.974628,0.078088,0.209118,-9.37282,1.749626,-13.237916,-0.034855,0.876397,0.041757,0.478508,15.209702,2.023904,33.590527
1145,9.541667,-0.029389,0.958845,0.04443,0.278889,3.619892,84.321213,20.3908,-0.043358,0.974628,0.103242,0.193808,2.995799,91.969055,20.920055,-0.016058,0.978859,0.123946,0.161908,0.383415,112.420059,24.789106,0.09756,0.992238,-0.024619,0.073079,-1.116331,132.719559,29.764704,0.153851,0.972853,-0.170318,-0.029632,2.013834,146.845581,27.408054,-0.0218,0.935422,0.10626,0.336482,-4.619142,127.078201,27.772009,0.444137,-0.561804,0.094355,-0.691532,-18.129837,127.615501,16.682764,0.2376,0.084921,-0.499067,-0.829016,-9.415531,111.983658,-0.52987,0.300806,0.18015,-0.58242,-0.733382,3.510982,134.996658,-3.086066,-0.014936,0.972117,0.169046,0.161832,2.43163,127.013435,30.161461,0.364883,0.868707,0.137787,-0.305326,18.994968,126.564445,35.751907,0.033026,0.162269,0.466933,-0.868649,32.58419,112.912155,20.082933,0.036042,-0.068128,0.678464,-0.730579,20.074104,132.498871,12.429676,0.07082,0.925605,0.229479,0.292538,-4.284664,84.025024,15.349738,0.11331,0.987274,-0.032977,0.106597,-4.170159,51.963638,-1.548077,0.016764,0.974616,0.078066,0.209162,-15.146523,5.723887,0.400078,-0.088246,0.940465,0.021022,0.32756,11.524448,84.617401,25.43186,0.079477,0.882214,-0.219336,0.408991,18.039173,48.971905,26.094025,-0.034815,0.876393,0.041721,0.478521,2.835438,6.584719,41.4095,0.016764,0.974616,0.078066,0.209162,-9.373487,1.747016,-13.237685,-0.034815,0.876393,0.041721,0.478521,15.211055,2.021509,33.589439
1146,9.55,-0.029386,0.958823,0.044455,0.278961,3.62072,84.321571,20.394787,-0.043257,0.974557,0.103406,0.194102,2.996515,91.969383,20.924374,-0.015986,0.978809,0.123838,0.162299,0.386523,112.41375,24.799047,0.097699,0.992202,-0.024663,0.073361,-1.111507,132.714493,29.770163,0.153831,0.972869,-0.170271,-0.029505,2.023851,146.83934,27.413515,-0.021826,0.935322,0.106444,0.336697,-4.614325,127.073738,27.775705,0.443973,-0.561881,0.094365,-0.691573,-18.119909,127.613213,16.680351,0.237525,0.085063,-0.498997,-0.829065,-9.410028,111.983719,-0.536652,0.300947,0.180182,-0.582331,-0.733386,3.519969,134.99823,-3.083703,-0.014945,0.972092,0.169002,0.162028,2.434592,127.007446,30.170578,0.365009,0.868645,0.137997,-0.305257,18.995707,126.557838,35.767548,0.033039,0.162418,0.467062,-0.868552,32.58247,112.903961,20.097836,0.035842,-0.068013,0.678481,-0.730584,20.081026,132.492966,12.438761,0.070832,0.9256,0.229454,0.292572,-4.283082,84.025635,15.352532,0.113313,0.987268,-0.032944,0.106658,-4.169317,51.96352,-1.543903,0.016435,0.974628,0.078019,0.209149,-15.145742,5.723625,0.400447,-0.088254,0.940438,0.021064,0.327634,11.524522,84.617508,25.437042,0.079511,0.882232,-0.219287,0.408972,18.040701,48.97224,26.097084,-0.034832,0.876386,0.041666,0.478538,2.836269,6.5835,41.407539,0.016435,0.974628,0.078019,0.209149,-9.369954,1.747238,-13.236284,-0.034832,0.876386,0.041666,0.478538,15.212102,2.019127,33.588516
1147,9.558333,-0.029352,0.95879,0.044458,0.279075,3.620747,84.323708,20.397097,-0.043266,0.974522,0.103459,0.194247,2.996971,91.971542,20.926798,-0.015911,0.978782,0.123876,0.162444,0.385818,112.413696,24.802847,0.097727,0.992194,-0.024631,0.073443,-1.110152,132.714127,29.775805,0.154104,0.972842,-0.170186,-0.029439,2.026294,146.838959,27.420435,-0.021811,0.935342,0.106349,0.336675,-4.613373,127.074196,27.77976,0.443929,-0.561876,0.094229,-0.691624,-18.119513,127.612976,16.685045,0.237549,0.085094,-0.498888,-0.82912,-9.40808,111.989235,-0.5364,0.300947,0.180173,-0.582255,-0.733449,3.527095,135.000381,-3.081056,-0.01479,0.972062,0.168814,0.162414,2.434875,127.006447,30.176559,0.365088,0.868581,0.138601,-0.30507,18.991774,126.550339,35.785473,0.033134,0.162552,0.467176,-0.868461,32.581299,112.902069,20.113281,0.035668,-0.067864,0.678506,-0.730583,20.089474,132.489349,12.448233,0.070826,0.9256,0.229375,0.292634,-4.281901,84.028503,15.35299,0.113335,0.987286,-0.032866,0.106494,-4.168338,51.963722,-1.538381,0.016573,0.974617,0.078052,0.209176,-15.145661,5.723795,0.400216,-0.088312,0.940456,0.021091,0.327565,11.523395,84.618904,25.441206,0.079558,0.88221,-0.219259,0.409024,18.044237,48.974472,26.100306,-0.035136,0.876344,0.041565,0.478601,2.836023,6.585309,41.405815,0.016573,0.974617,0.078052,0.209176,-9.370393,1.747565,-13.236785,-0.035136,0.876344,0.041565,0.478601,15.215262,2.022696,33.591156
1148,9.566667,-0.029365,0.958776,0.044457,0.279123,3.622389,84.323708,20.401539,-0.043283,0.974485,0.103522,0.194393,2.9984,91.971535,20.931139,-0.01587,0.978755,0.123858,0.162622,0.385492,112.412766,24.809113,0.097766,0.992176,-0.02464,0.073632,-1.109588,132.71344,29.781359,0.154233,0.972836,-0.170141,-0.029225,2.028784,146.837921,27.426456,-0.021683,0.935362,0.106268,0.336653,-4.612842,127.073929,27.784151,0.443815,-0.561816,0.094285,-0.691738,-18.119678,127.615822,16.690441,0.237598,0.08506,-0.498824,-0.829148,-9.405405,111.994148,-0.531437,0.301006,0.180285,-0.582278,-0.733379,3.53319,135.002518,-3.077898,-0.014724,0.972064,0.16874,0.162488,2.434562,127.005302,30.183401,0.365245,0.868545,0.138576,-0.304997,18.990685,126.546944,35.794415,0.033019,0.16269,0.467404,-0.868317,32.576763,112.891701,20.125305,0.035608,-0.067765,0.678541,-0.730562,20.097431,132.486206,12.457732,0.070838,0.9256,0.229348,0.292655,-4.279742,84.02832,15.356638,0.113335,0.987316,-0.032794,0.106242,-4.167238,51.962746,-1.533219,0.016508,0.974629,0.07812,0.2091,-15.143352,5.722371,0.401432,-0.088285,0.940417,0.021145,0.327679,11.524521,84.619102,25.446442,0.079561,0.882207,-0.219272,0.409024,18.044731,48.974483,26.101961,-0.034893,0.876351,0.041648,0.478598,2.835785,6.585905,41.408367,0.016508,0.974629,0.07812,0.2091,-9.369366,1.748541,-13.236809,-0.034893,0.876351,0.041648,0.478598,15.21314,2.021961,33.591507
1149,9.575,-0.029382,0.958762,0.044495,0.279164,3.624289,84.322807,20.405241,-0.043286,0.974463,0.103533,0.194499,2.999868,91.970566,20.935303,-0.015854,0.97873,0.123891,0.162747,0.386248,112.412575,24.813597,0.097842,0.992154,-0.024684,0.073818,-1.109013,132.712936,29.787085,0.154367,0.972829,-0.170103,-0.028968,2.032376,146.83667,27.431744,-0.021711,0.935304,0.106257,0.336816,-4.612063,127.073761,27.788561,0.443659,-0.561838,0.094308,-0.691817,-18.115026,127.61525,16.690109,0.237504,0.085128,-0.498776,-0.829197,-9.402202,111.996269,-0.534947,0.301033,0.180297,-0.582293,-0.733353,3.538865,135.005203,-3.075246,-0.014523,0.972065,0.168564,0.162681,2.434744,127.004585,30.18955,0.365164,0.868566,0.13872,-0.304968,18.988873,126.539246,35.805874,0.03294,0.162775,0.467444,-0.868283,32.578743,112.889076,20.135624,0.035634,-0.067682,0.678582,-0.730531,20.102791,132.484711,12.466597,0.070856,0.925605,0.229319,0.292655,-4.277394,84.027359,15.359638,0.113344,0.98728,-0.032786,0.106562,-4.166744,51.961006,-1.528759,0.016773,0.974607,0.078188,0.209158,-15.144287,5.720785,0.401449,-0.088619,0.940389,0.021406,0.327654,11.525971,84.618248,25.450846,0.07926,0.882268,-0.219107,0.409039,18.074945,48.978722,26.096413,-0.034842,0.876534,0.04175,0.478258,2.896911,6.578693,41.401821,0.016773,0.974607,0.078188,0.209158,-9.371127,1.747445,-13.237288,-0.034842,0.876534,0.04175,0.478258,15.268254,2.016524,33.574409
1150,9.583333,-0.029366,0.958765,0.044507,0.279153,3.623827,84.322929,20.40984,-0.043281,0.974449,0.103526,0.19457,2.999592,91.970688,20.940153,-0.015805,0.978713,0.123914,0.162839,0.385993,112.412109,24.817898,0.097828,0.992145,-0.024742,0.073935,-1.107905,132.712296,29.792505,0.154575,0.972818,-0.170015,-0.028762,2.033687,146.83577,27.435869,-0.021688,0.935259,0.106331,0.336918,-4.611231,127.073647,27.792994,0.443609,-0.561813,0.094353,-0.691863,-18.111832,127.617172,16.691761,0.237539,0.085158,-0.498749,-0.8292,-9.39803,111.998352,-0.532959,0.301141,0.180322,-0.582286,-0.733308,3.544535,135.007309,-3.072566,-0.014479,0.972041,0.168626,0.162764,2.435158,127.003525,30.195194,0.365168,0.868602,0.13903,-0.304719,18.98839,126.535843,35.813984,0.032983,0.162828,0.467408,-0.868291,32.585682,112.887833,20.148294,0.035546,-0.067522,0.678629,-0.730506,20.108473,132.482407,12.475727,0.070815,0.925611,0.229303,0.29266,-4.277991,84.027824,15.364422,0.113346,0.987294,-0.0327,0.106463,-4.164902,51.960522,-1.52217,0.016768,0.974617,0.0782,0.209106,-15.14155,5.719802,0.401099,-0.088308,0.940404,0.021226,0.327708,11.525644,84.618034,25.455261,0.0796,0.882181,-0.219301,0.409056,18.049303,48.973969,26.106018,-0.034842,0.876369,0.041672,0.478568,2.835441,6.587183,41.412525,0.016768,0.974617,0.0782,0.209106,-9.369737,1.746884,-13.238337,-0.034842,0.876369,0.041672,0.478568,15.211905,2.023112,33.594318
1151,9.591667,-0.029347,0.958769,0.044446,0.279152,3.624183,84.321548,20.415735,-0.043314,0.974437,0.103558,0.194606,3.000497,91.969406,20.945246,-0.015716,0.978705,0.123939,0.162876,0.385113,112.411072,24.824041,0.098014,0.992136,-0.024571,0.073867,-1.105473,132.711105,29.800213,0.154799,0.972782,-0.169981,-0.028966,2.040827,146.834381,27.44865,-0.021723,0.935248,0.106367,0.336935,-4.609686,127.07325,27.800068,0.443453,-0.561776,0.094383,-0.691989,-18.109842,127.616135,16.698263,0.237469,0.0851,-0.498757,-0.829221,-9.394237,112.000862,-0.528751,0.301202,0.180292,-0.582305,-0.733275,3.548188,135.009247,-3.068973,-0.01439,0.972057,0.168528,0.16278,2.436567,127.001694,30.202621,0.365162,0.86861,0.139383,-0.304543,18.98971,126.531448,35.821457,0.033048,0.162833,0.467358,-0.868314,32.592548,112.88768,20.156883,0.035409,-0.067496,0.678607,-0.730537,20.113626,132.47937,12.482799,0.070706,0.925615,0.229341,0.292645,-4.277668,84.026466,15.370369,0.113434,0.987328,-0.032577,0.106092,-4.156713,51.959324,-1.516461,0.016264,0.974647,0.07815,0.209027,-15.139612,5.719742,0.39844,-0.088287,0.940397,0.02133,0.327726,11.526033,84.616623,25.461102,0.079625,0.882195,-0.219306,0.40902,18.050676,48.972599,26.104435,-0.034802,0.876357,0.04168,0.478592,2.835253,6.586373,41.410934,0.016264,0.974647,0.07815,0.209027,-9.365126,1.748215,-13.240266,-0.034802,0.876357,0.04168,0.478592,15.211823,2.021957,33.593094
1152,9.6,-0.02933,0.95877,0.044376,0.279161,3.624866,84.318985,20.422195,-0.043334,0.974423,0.103593,0.194653,3.001712,91.966949,20.950737,-0.01568,0.978701,0.123896,0.162934,0.384934,112.408791,24.830761,0.097982,0.992133,-0.024518,0.073967,-1.104175,132.709335,29.805363,0.154999,0.972761,-0.169948,-0.028789,2.041542,146.833038,27.455606,-0.021568,0.93522,0.106423,0.337004,-4.60873,127.071678,27.805229,0.443336,-0.561765,0.094525,-0.692054,-18.107477,127.620567,16.702015,0.237419,0.085073,-0.498731,-0.829254,-9.392607,112.003662,-0.523883,0.301169,0.180327,-0.582419,-0.73319,3.551368,135.011093,-3.063486,-0.014452,0.972035,0.168606,0.162824,2.437253,126.999596,30.208551,0.365112,0.868649,0.139505,-0.304434,18.989826,126.530769,35.82917,0.033093,0.162851,0.467285,-0.868348,32.597755,112.889503,20.166847,0.035351,-0.067523,0.678623,-0.730522,20.116426,132.477463,12.491229,0.070708,0.925614,0.22932,0.292664,-4.276906,84.023834,15.376714,0.113332,0.987341,-0.032503,0.106101,-4.156201,51.956009,-1.508829,0.016177,0.974697,0.078198,0.20878,-15.129003,5.713782,0.400139,-0.088241,0.940374,0.021442,0.327797,11.526638,84.614136,25.467678,0.079601,0.88215,-0.219315,0.409116,18.050808,48.969875,26.102802,-0.034839,0.876351,0.04168,0.4786,2.835299,6.583705,41.409374,0.016177,0.974697,0.078198,0.20878,-9.360269,1.744363,-13.241613,-0.034839,0.876351,0.04168,0.4786,15.212334,2.019808,33.591972
1153,9.608333,-0.029377,0.958776,0.044364,0.279137,3.627989,84.317108,20.428675,-0.043394,0.974432,0.103569,0.194611,3.004219,91.965057,20.956846,-0.015519,0.978707,0.123971,0.162858,0.385287,112.407616,24.835648,0.097922,0.992142,-0.02451,0.073924,-1.097355,132.707581,29.814507,0.155133,0.97275,-0.169901,-0.02872,2.046472,146.831696,27.464699,-0.021608,0.935239,0.106367,0.336969,-4.603826,127.071259,27.81395,0.44331,-0.561845,0.09436,-0.692028,-18.103354,127.61805,16.711586,0.237393,0.085112,-0.498691,-0.829282,-9.391388,112.005875,-0.520068,0.301161,0.180375,-0.582402,-0.733195,3.554167,135.012375,-3.056635,-0.014486,0.972013,0.168707,0.162844,2.442602,126.996803,30.215889,0.365161,0.868598,0.139651,-0.304455,18.994913,126.528427,35.837307,0.03315,0.162724,0.467295,-0.868365,32.600422,112.888374,20.171837,0.035285,-0.067603,0.678806,-0.730348,20.11713,132.477432,12.499946,0.070744,0.925621,0.229331,0.292624,-4.273977,84.021042,15.383555,0.113331,0.98734,-0.032454,0.106122,-4.156171,51.953949,-1.503392,0.016533,0.974667,0.078261,0.208868,-15.12838,5.71138,0.400725,-0.088556,0.940409,0.021705,0.327594,11.529955,84.613182,25.473795,0.079311,0.882262,-0.219096,0.409049,18.081734,48.973774,26.09705,-0.034771,0.876524,0.041771,0.47828,2.899671,6.574047,41.399281,0.016533,0.974667,0.078261,0.208868,-9.36056,1.741741,-13.241346,-0.034771,0.876524,0.041771,0.47828,15.270847,2.011416,33.57188
1154,9.616667,-0.029384,0.958793,0.044456,0.279064,3.630202,84.31646,20.434607,-0.04344,0.974442,0.103504,0.194584,3.005974,91.964272,20.964153,-0.015466,0.978705,0.124039,0.162827,0.385827,112.406967,24.839956,0.097945,0.992135,-0.024565,0.073973,-1.094954,132.706299,29.821995,0.155204,0.972754,-0.16984,-0.028554,2.049827,146.829971,27.470823,-0.021579,0.935244,0.106368,0.336955,-4.601988,127.070534,27.82085,0.443274,-0.561862,0.094302,-0.692045,-18.101891,127.618217,16.718983,0.237359,0.085146,-0.498642,-0.829318,-9.390342,112.008583,-0.515184,0.30104,0.180474,-0.582437,-0.733193,3.557556,135.01416,-3.048569,-0.014489,0.972005,0.168751,0.162847,2.444615,126.995193,30.222252,0.365164,0.868582,0.139658,-0.304492,18.996891,126.526627,35.843761,0.033062,0.162641,0.467358,-0.86835,32.601173,112.887062,20.176788,0.035367,-0.067699,0.678653,-0.730476,20.119709,132.478867,12.510633,0.07077,0.925645,0.229313,0.292556,-4.272524,84.020676,15.390656,0.113284,0.987376,-0.032347,0.10587,-4.158051,51.953232,-1.495655,0.016511,0.974685,0.078371,0.208745,-15.124428,5.708999,0.401713,-0.088592,0.940418,0.02177,0.327555,11.532928,84.612236,25.478554,0.079429,0.88229,-0.219133,0.408945,18.088657,48.973492,26.098003,-0.034742,0.876526,0.041692,0.478285,2.897176,6.577119,41.400196,0.016511,0.974685,0.078371,0.208745,-9.359451,1.742813,-13.242565,-0.034742,0.876526,0.041692,0.478285,15.267851,2.012044,33.573425
1155,9.625,-0.029396,0.958811,0.044527,0.27899,3.630819,84.315994,20.440378,-0.043389,0.974449,0.103531,0.194547,3.006153,91.963699,20.970961,-0.015459,0.978706,0.124051,0.162807,0.388112,112.405464,24.848192,0.097967,0.992133,-0.024557,0.073976,-1.092369,132.704681,29.83079,0.155304,0.972753,-0.169764,-0.028509,2.053042,146.828278,27.479914,-0.021402,0.935228,0.106393,0.337002,-4.599511,127.068985,27.829651,0.442996,-0.561853,0.094618,-0.692187,-18.098564,127.62294,16.72707,0.23735,0.085147,-0.498723,-0.829271,-9.389491,112.009743,-0.505109,0.301416,0.180803,-0.582241,-0.733113,3.554368,135.018082,-3.039507,-0.014468,0.97201,0.16877,0.162803,2.447189,126.993546,30.230761,0.365114,0.868572,0.139785,-0.304525,18.999989,126.524422,35.850681,0.032986,0.162499,0.46733,-0.868394,32.60511,112.889359,20.180525,0.035328,-0.067733,0.678777,-0.73036,20.119631,132.482544,12.521551,0.070762,0.925674,0.229302,0.292473,-4.272665,84.020294,15.397615,0.113293,0.987374,-0.032267,0.105905,-4.159435,51.952408,-1.487854,0.016178,0.974706,0.07841,0.208658,-15.125869,5.707872,0.40158,-0.088616,0.940435,0.021831,0.327493,11.534302,84.611687,25.483143,0.079469,0.882299,-0.21918,0.408891,18.093136,48.973446,26.098555,-0.034722,0.876558,0.04169,0.478229,2.897558,6.579635,41.403763,0.016178,0.974706,0.07841,0.208658,-9.359911,1.744733,-13.243164,-0.034722,0.876558,0.04169,0.478229,15.267067,2.014212,33.575356
1156,9.633333,-0.029443,0.958827,0.044628,0.278912,3.635696,84.314682,20.446449,-0.043469,0.974455,0.103522,0.194501,3.009948,91.962204,20.978365,-0.015322,0.978707,0.124146,0.162742,0.388697,112.405418,24.855007,0.098145,0.992118,-0.024474,0.073961,-1.086465,132.703812,29.842457,0.155217,0.972753,-0.16984,-0.028525,2.063797,146.826782,27.494303,-0.02146,0.935244,0.106341,0.336972,-4.595185,127.069366,27.840618,0.442818,-0.561884,0.094623,-0.692275,-18.094849,127.620682,16.73864,0.237182,0.085148,-0.498684,-0.829342,-9.387549,112.011162,-0.497778,0.30124,0.180898,-0.582188,-0.733204,3.55873,135.019699,-3.026956,-0.014441,0.972031,0.168702,0.162749,2.451895,126.991821,30.240547,0.365126,0.868536,0.139855,-0.30458,19.005339,126.522491,35.858551,0.032953,0.162439,0.46734,-0.868401,32.608341,112.888992,20.185194,0.035255,-0.067871,0.67854,-0.730571,20.122532,132.482864,12.52954,0.070857,0.925686,0.229307,0.292408,-4.268555,84.018585,15.40491,0.113265,0.987387,-0.032197,0.105832,-4.162721,51.951851,-1.482801,0.016698,0.974678,0.078478,0.208723,-15.125756,5.706272,0.401114,-0.088576,0.94046,0.021885,0.327429,11.539948,84.610779,25.487989,0.079524,0.882302,-0.219224,0.408851,18.097412,48.972195,26.09833,-0.034497,0.876556,0.041847,0.478235,2.896315,6.581029,41.40538,0.016698,0.974678,0.078478,0.208723,-9.362938,1.742195,-13.244687,-0.034497,0.876556,0.041847,0.478235,15.264565,2.016418,33.574505
1157,9.641667,-0.029417,0.958858,0.044648,0.278807,3.636831,84.312317,20.453491,-0.043405,0.974471,0.103555,0.194416,3.011443,91.959839,20.985882,-0.015356,0.978722,0.12411,0.162679,0.392763,112.403801,24.86479,0.098336,0.992101,-0.024395,0.07396,-1.083207,132.70253,29.850668,0.155146,0.972757,-0.169875,-0.028555,2.072341,146.824753,27.505184,-0.021378,0.935252,0.106423,0.336929,-4.591777,127.067657,27.849731,0.442951,-0.561935,0.094494,-0.692166,-18.092579,127.622459,16.749315,0.23723,0.085232,-0.498618,-0.82936,-9.38693,112.013039,-0.488035,0.30114,0.180898,-0.582084,-0.733328,3.561337,135.018997,-3.013736,-0.014389,0.972036,0.168779,0.162643,2.455594,126.990807,30.248829,0.365128,0.868508,0.139901,-0.304636,19.010288,126.519905,35.86301,0.032855,0.162307,0.467293,-0.868455,32.611526,112.887909,20.186813,0.035074,-0.067826,0.678727,-0.730411,20.120911,132.482864,12.538301,0.070849,0.925732,0.229351,0.29223,-4.268547,84.016693,15.413692,0.113249,0.987393,-0.032119,0.105819,-4.164436,51.951344,-1.476668,0.016176,0.97471,0.078431,0.208633,-15.125197,5.704942,0.400268,-0.088558,0.94043,0.021929,0.327519,11.542209,84.607948,25.493292,0.079563,0.88235,-0.219233,0.408736,18.099419,48.969269,26.100822,-0.034633,0.876611,0.041808,0.478128,2.896744,6.579071,41.408997,0.016176,0.97471,0.078431,0.208633,-9.35985,1.74246,-13.244926,-0.034633,0.876611,0.041808,0.478128,15.264158,2.015344,33.57629
1158,9.65,-0.02938,0.958889,0.04466,0.278701,3.63807,84.308693,20.460369,-0.043246,0.974505,0.103605,0.194255,3.013224,91.95623,20.993168,-0.015518,0.978751,0.12404,0.162541,0.401499,112.398682,24.875523,0.098372,0.992101,-0.024406,0.073909,-1.079965,132.697922,29.857666,0.155182,0.972763,-0.169811,-0.028544,2.076422,146.819885,27.511757,-0.02131,0.935296,0.106432,0.336808,-4.587157,127.061501,27.858692,0.442815,-0.561991,0.094472,-0.692211,-18.090925,127.618149,16.761967,0.237123,0.085243,-0.498564,-0.829422,-9.388172,112.011871,-0.479686,0.301026,0.181009,-0.582045,-0.733378,3.563233,135.017426,-3.001162,-0.014467,0.972009,0.168974,0.162594,2.460809,126.987457,30.25614,0.365194,0.868472,0.139844,-0.304687,19.015987,126.518372,35.869061,0.03285,0.162245,0.467336,-0.868444,32.613285,112.883698,20.191767,0.035046,-0.067974,0.678616,-0.730501,20.123846,132.480057,12.546152,0.070836,0.925779,0.229425,0.292028,-4.268456,84.01368,15.422331,0.11326,0.987412,-0.032053,0.105655,-4.165492,51.950657,-1.472437,0.016722,0.974673,0.07849,0.208739,-15.126364,5.704102,0.399961,-0.088524,0.940442,0.021986,0.32749,11.544598,84.603706,25.498405,0.0796,0.882393,-0.219213,0.408647,18.100878,48.964779,26.101028,-0.034589,0.876592,0.041897,0.478158,2.897404,6.574321,41.407688,0.016722,0.974673,0.07849,0.208739,-9.363321,1.740234,-13.245811,-0.034589,0.876592,0.041897,0.478158,15.265333,2.012283,33.574802
1159,9.658333,-0.029394,0.958926,0.044673,0.278569,3.641075,84.305977,20.468372,-0.043274,0.974521,0.103633,0.194154,3.016048,91.953484,21.001392,-0.015495,0.978771,0.124006,0.162448,0.403432,112.39505,24.884838,0.098382,0.992107,-0.024359,0.073832,-1.076372,132.694672,29.865921,0.155211,0.972757,-0.16981,-0.028608,2.079901,146.816849,27.521122,-0.021291,0.935332,0.106446,0.336705,-4.584143,127.058235,27.867994,0.442758,-0.562005,0.094454,-0.692238,-18.090368,127.61525,16.774282,0.23708,0.085253,-0.498508,-0.829466,-9.388247,112.010719,-0.469273,0.300967,0.181011,-0.581905,-0.733512,3.565449,135.013947,-2.988193,-0.014361,0.972047,0.168833,0.162524,2.464281,126.984108,30.264091,0.365163,0.868444,0.139963,-0.304746,19.020365,126.512657,35.874138,0.032863,0.162128,0.467332,-0.868467,32.616982,112.881996,20.192768,0.035077,-0.068097,0.678641,-0.730464,20.125423,132.478912,12.551605,0.070834,0.925842,0.229496,0.29177,-4.266822,84.010658,15.432506,0.113228,0.987429,-0.031974,0.105551,-4.166846,51.949978,-1.466738,0.016491,0.974702,0.078504,0.208616,-15.123788,5.702257,0.399764,-0.088491,0.940473,0.022046,0.327405,11.548972,84.601295,25.504238,0.079644,0.882374,-0.219228,0.408671,18.104544,48.962143,26.101437,-0.034652,0.876604,0.041846,0.478135,2.896471,6.572971,41.40707,0.016491,0.974702,0.078504,0.208616,-9.3618,1.740196,-13.246976,-0.034652,0.876604,0.041846,0.478135,15.264347,2.010493,33.57436
1160,9.666667,-0.029451,0.958978,0.044634,0.278392,3.645876,84.305573,20.478085,-0.043256,0.974525,0.103713,0.194098,3.020275,91.953072,21.010403,-0.015596,0.978764,0.124045,0.162451,0.408004,112.393906,24.897346,0.098515,0.992091,-0.024473,0.073833,-1.076198,132.693008,29.879284,0.155196,0.972761,-0.169796,-0.028644,2.084057,146.813797,27.531538,-0.021274,0.93533,0.106453,0.336709,-4.582728,127.055916,27.881002,0.442671,-0.562072,0.094507,-0.692233,-18.088888,127.613594,16.787239,0.237039,0.085238,-0.49843,-0.829527,-9.390963,112.00827,-0.457717,0.300927,0.181022,-0.58185,-0.73357,3.567422,135.009949,-2.975026,-0.014286,0.972074,0.168859,0.162343,2.465638,126.983154,30.277309,0.365126,0.868439,0.139767,-0.304896,19.023857,126.510071,35.88092,0.032721,0.162143,0.467383,-0.868443,32.617287,112.879204,20.196966,0.035105,-0.068137,0.678592,-0.730505,20.128729,132.478119,12.558775,0.070841,0.925907,0.229591,0.291489,-4.263803,84.008858,15.445097,0.113308,0.987407,-0.03193,0.105687,-4.167311,51.951408,-1.460293,0.016671,0.974665,0.078409,0.208814,-15.131516,5.705142,0.399785,-0.08842,0.940517,0.022092,0.327294,11.555554,84.602287,25.511074,0.079701,0.882412,-0.219251,0.408566,18.107492,48.962376,26.102634,-0.035339,0.87667,0.041542,0.477991,2.895608,6.57503,41.409554,0.016671,0.974665,0.078409,0.208814,-9.366141,1.739109,-13.244372,-0.035339,0.87667,0.041542,0.477991,15.265831,2.014527,33.579399
1161,9.675,-0.029453,0.959022,0.044685,0.278231,3.647595,84.305321,20.485176,-0.043443,0.974544,0.103734,0.193946,3.021839,91.952759,21.018335,-0.015346,0.978786,0.124172,0.162246,0.401719,112.397575,24.905924,0.098599,0.992095,-0.02449,0.073656,-1.072075,132.695679,29.895004,0.155191,0.972739,-0.169903,-0.028765,2.089835,146.815948,27.546333,-0.02133,0.935341,0.106335,0.336713,-4.581787,127.060616,27.896599,0.442535,-0.562102,0.094659,-0.692274,-18.087763,127.615082,16.802454,0.236993,0.085143,-0.498385,-0.829576,-9.392975,112.007431,-0.441965,0.300981,0.180939,-0.581778,-0.733625,3.568608,135.007065,-2.961405,-0.014192,0.972092,0.168918,0.162183,2.467685,126.984299,30.289537,0.365149,0.868396,0.139839,-0.304958,19.027813,126.508667,35.887287,0.032707,0.162097,0.467404,-0.86844,32.61853,112.879089,20.199862,0.035089,-0.068087,0.678573,-0.730529,20.130426,132.478745,12.564057,0.070834,0.925965,0.229608,0.291293,-4.263768,84.008667,15.454835,0.113293,0.987432,-0.031813,0.105503,-4.170001,51.951729,-1.451528,0.016591,0.974664,0.078507,0.208784,-15.131296,5.704424,0.399689,-0.088433,0.940559,0.022115,0.327168,11.558958,84.601974,25.515518,0.079821,0.882472,-0.219268,0.408403,18.112354,48.962292,26.104918,-0.035224,0.876667,0.041608,0.477999,2.892678,6.577468,41.411079,0.016591,0.974664,0.078507,0.208784,-9.365718,1.741735,-13.24535,-0.035224,0.876667,0.041608,0.477999,15.262285,2.01701,33.579922
1162,9.683333,-0.029501,0.959068,0.044717,0.278062,3.652639,84.304306,20.491713,-0.043427,0.97457,0.103825,0.193773,3.026126,91.95166,21.025249,-0.015367,0.978808,0.124214,0.162078,0.406352,112.397827,24.917511,0.098569,0.992117,-0.024481,0.073405,-1.067736,132.695465,29.908419,0.155363,0.972712,-0.169852,-0.029057,2.092253,146.81604,27.559048,-0.021295,0.935382,0.106355,0.336595,-4.577569,127.060188,27.910805,0.442486,-0.562198,0.094663,-0.692227,-18.086359,127.615562,16.820133,0.236985,0.085043,-0.498296,-0.829643,-9.396963,112.007263,-0.426418,0.301018,0.180759,-0.581701,-0.733716,3.570188,135.003296,-2.948625,-0.014169,0.972086,0.169138,0.161988,2.472702,126.98439,30.301403,0.365166,0.868363,0.139425,-0.305222,19.035063,126.507866,35.892464,0.032512,0.162128,0.4675,-0.86839,32.617195,112.873749,20.20155,0.035119,-0.068027,0.678603,-0.730504,20.132896,132.479553,12.568415,0.070869,0.926082,0.229595,0.290923,-4.260435,84.00679,15.464113,0.113149,0.987476,-0.031703,0.105274,-4.176034,51.949753,-1.442128,0.016294,0.974721,0.078668,0.208481,-15.12252,5.698696,0.402869,-0.088429,0.940648,0.022085,0.326917,11.565712,84.60183,25.519314,0.079935,0.882506,-0.219274,0.408305,18.118303,48.962006,26.108917,-0.035394,0.87669,0.041497,0.477954,2.890581,6.579194,41.412636,0.016294,0.974721,0.078668,0.208481,-9.361853,1.742634,-13.246166,-0.035394,0.87669,0.041497,0.477954,15.260458,2.018312,33.582157
1163,9.691667,-0.029471,0.959125,0.044658,0.277879,3.654114,84.302902,20.502867,-0.043322,0.974608,0.103877,0.193576,3.028404,91.950356,21.035784,-0.015514,0.978835,0.124207,0.161909,0.413718,112.393295,24.930931,0.098612,0.99212,-0.024536,0.073294,-1.065453,132.690811,29.920795,0.155335,0.972721,-0.169814,-0.029133,2.095387,146.810898,27.56958,-0.021263,0.935424,0.106359,0.336479,-4.57406,127.05426,27.92466,0.442372,-0.56226,0.094696,-0.692245,-18.085651,127.610268,16.837423,0.236912,0.084903,-0.49825,-0.829706,-9.400034,112.002579,-0.4116,0.30101,0.180608,-0.581642,-0.733803,3.571132,134.996658,-2.937241,-0.014174,0.972107,0.169151,0.16185,2.476963,126.980927,30.313126,0.365196,0.868304,0.139332,-0.305396,19.04088,126.505318,35.899662,0.032509,0.162094,0.467564,-0.868362,32.616623,112.87072,20.203629,0.035195,-0.068032,0.678607,-0.730497,20.135044,132.478104,12.572339,0.070822,0.92614,0.22974,0.290635,-4.260905,84.00544,15.478322,0.113252,0.987463,-0.031625,0.105309,-4.175397,51.952744,-1.436135,0.016653,0.97467,0.078562,0.208733,-15.130719,5.703416,0.400032,-0.088436,0.940711,0.022185,0.326727,11.569132,84.600365,25.527412,0.080014,0.882549,-0.219316,0.408173,18.124666,48.960949,26.109118,-0.035387,0.876708,0.041506,0.477922,2.891107,6.581062,41.41515,0.016653,0.97467,0.078562,0.208733,-9.366986,1.742027,-13.24617,-0.035387,0.876708,0.041506,0.477922,15.260392,2.020296,33.58366
1164,9.7,-0.02949,0.959179,0.044691,0.277685,3.657556,84.300438,20.510063,-0.043326,0.974637,0.103957,0.193387,3.031533,91.94783,21.043512,-0.015501,0.978863,0.124234,0.161722,0.416655,112.391319,24.942612,0.098741,0.992118,-0.02445,0.07317,-1.061227,132.688568,29.933941,0.155196,0.972716,-0.169947,-0.029271,2.102629,146.808365,27.585033,-0.021248,0.935492,0.106311,0.336306,-4.570423,127.051994,27.938885,0.442105,-0.562299,0.094916,-0.692354,-18.086088,127.607239,16.856585,0.23679,0.084631,-0.498213,-0.82979,-9.404692,111.99807,-0.393216,0.301062,0.18041,-0.581624,-0.733845,3.571216,134.989471,-2.926826,-0.014122,0.972123,0.169231,0.161672,2.481506,126.978767,30.324673,0.365272,0.868228,0.139327,-0.305522,19.047483,126.501999,35.904987,0.032663,0.161901,0.467602,-0.868372,32.616631,112.866302,20.204208,0.035399,-0.068086,0.678852,-0.730255,20.133293,132.475327,12.577243,0.070811,0.926208,0.229793,0.29038,-4.259456,84.002609,15.488686,0.113255,0.987478,-0.031537,0.105195,-4.176688,51.951576,-1.428938,0.016675,0.974665,0.078595,0.20874,-15.131216,5.701786,0.400213,-0.088382,0.940743,0.022229,0.326644,11.574569,84.598259,25.531441,0.080038,0.88255,-0.21934,0.408154,18.127504,48.958282,26.108242,-0.034552,0.876691,0.041753,0.477991,2.891402,6.57976,41.41552,0.016675,0.974665,0.078595,0.20874,-9.36742,1.741241,-13.246202,-0.034552,0.876691,0.041753,0.477991,15.255467,2.013453,33.579021
1165,9.708333,-0.029526,0.95924,0.044709,0.277468,3.660954,84.296516,20.51804,-0.043294,0.974679,0.104003,0.19316,3.034441,91.943855,21.051733,-0.015509,0.978895,0.124264,0.161498,0.421369,112.387215,24.953592,0.09864,0.992136,-0.024465,0.073059,-1.055904,132.684143,29.946423,0.15507,0.972723,-0.170025,-0.029253,2.10464,146.80452,27.596489,-0.021178,0.935539,0.106698,0.336057,-4.565541,127.047371,27.952703,0.442484,-0.562412,0.094662,-0.692055,-18.087166,127.608513,16.877975,0.237065,0.084507,-0.49815,-0.829762,-9.409686,111.996422,-0.371151,0.301049,0.180282,-0.581556,-0.733935,3.569088,134.981216,-2.916497,-0.014061,0.972147,0.169166,0.161604,2.48746,126.974617,30.335331,0.365297,0.868138,0.139347,-0.305739,19.054262,126.496574,35.913086,0.032771,0.161756,0.467643,-0.868373,32.61594,112.863243,20.203814,0.035513,-0.068276,0.678891,-0.730195,20.132509,132.47287,12.580651,0.070749,0.926274,0.229915,0.290086,-4.258277,83.997917,15.500215,0.113276,0.987518,-0.031421,0.104827,-4.174044,51.950306,-1.42388,0.016559,0.974685,0.078624,0.208648,-15.128719,5.700273,0.398248,-0.088298,0.940797,0.022235,0.326513,11.580186,84.595123,25.535866,0.080116,0.882675,-0.21932,0.407879,18.127714,48.954098,26.109365,-0.034551,0.876733,0.041745,0.477916,2.890617,6.575954,41.416679,0.016559,0.974685,0.078624,0.208648,-9.366218,1.741301,-13.24917,-0.034551,0.876733,0.041745,0.477916,15.253301,2.009396,33.578156
1166,9.716667,-0.029527,0.959297,0.044826,0.277252,3.665135,84.294167,20.524242,-0.043268,0.974711,0.104099,0.192948,3.038225,91.941338,21.059801,-0.015525,0.978923,0.124308,0.161293,0.426084,112.385681,24.966663,0.098603,0.992161,-0.024507,0.072761,-1.051093,132.682129,29.961454,0.155193,0.972695,-0.170009,-0.029601,2.107208,146.802612,27.609194,-0.021036,0.935671,0.106538,0.335748,-4.561006,127.045151,27.968788,0.442843,-0.562523,0.094346,-0.691778,-18.090117,127.607773,16.903275,0.23729,0.084316,-0.498096,-0.82975,-9.415885,111.995361,-0.347203,0.300981,0.180048,-0.581557,-0.73402,3.566649,134.974701,-2.906132,-0.01399,0.972167,0.169183,0.161471,2.492976,126.972916,30.348536,0.36529,0.868069,0.139219,-0.306002,19.061361,126.493156,35.921459,0.032828,0.161577,0.467658,-0.868396,32.615288,112.861252,20.204243,0.035661,-0.06842,0.679088,-0.72999,20.129839,132.471649,12.587309,0.07079,0.926337,0.229966,0.289836,-4.25635,83.995941,15.509945,0.113265,0.987514,-0.031375,0.104891,-4.178287,51.950462,-1.418227,0.016731,0.974663,0.078583,0.208749,-15.131614,5.699915,0.398984,-0.088261,0.940831,0.022238,0.326424,11.58662,84.592392,25.53854,0.080195,0.882724,-0.219325,0.407754,18.131744,48.950901,26.110327,-0.03469,0.876737,0.041734,0.477898,2.890071,6.574145,41.416935,0.016731,0.974663,0.078583,0.208749,-9.368138,1.738711,-13.247379,-0.03469,0.876737,0.041734,0.477898,15.253654,2.009274,33.578838
1167,9.725,-0.02958,0.959339,0.044964,0.277077,3.671371,84.293892,20.529615,-0.043252,0.974739,0.104214,0.192751,3.043189,91.940826,21.067087,-0.015546,0.978951,0.124341,0.161095,0.4316,112.38401,24.979233,0.098605,0.992172,-0.024504,0.072603,-1.045652,132.680084,29.975521,0.155064,0.972705,-0.17005,-0.029736,2.112028,146.800629,27.62281,-0.021017,0.935741,0.106516,0.33556,-4.555779,127.042854,27.983974,0.442966,-0.562697,0.094226,-0.691574,-18.089312,127.605095,16.923857,0.237307,0.084243,-0.498102,-0.829749,-9.423689,111.990486,-0.328946,0.301089,0.179749,-0.581513,-0.734083,3.559838,134.970337,-2.891739,-0.013917,0.972183,0.169322,0.161235,2.499138,126.971207,30.360958,0.365264,0.868034,0.139093,-0.306191,19.070253,126.489578,35.925579,0.032825,0.161369,0.467656,-0.868436,32.619411,112.858841,20.203243,0.035816,-0.068717,0.678963,-0.730072,20.130196,132.471069,12.594685,0.070831,0.926397,0.229977,0.289623,-4.251873,83.995247,15.518129,0.113249,0.987537,-0.03128,0.10472,-4.180198,51.950562,-1.411557,0.016656,0.974674,0.07864,0.208686,-15.13084,5.699116,0.398805,-0.088225,0.940958,0.022277,0.326065,11.594614,84.592529,25.541103,0.08026,0.882716,-0.219392,0.407722,18.138466,48.95071,26.10684,-0.034709,0.876731,0.041647,0.477916,2.889447,6.577745,41.416626,0.016656,0.974674,0.07864,0.208686,-9.368202,1.740034,-13.248523,-0.034709,0.876731,0.041647,0.477916,15.25313,2.010911,33.579838
1168,9.733333,-0.029606,0.959415,0.044975,0.27681,3.677231,84.294746,20.538244,-0.043305,0.974781,0.104239,0.192514,3.048776,91.941643,21.075943,-0.015474,0.978973,0.124501,0.160846,0.435659,112.385429,24.989462,0.0986,0.992185,-0.024564,0.072407,-1.038419,132.679932,29.993074,0.154896,0.972711,-0.170141,-0.029867,2.118402,146.800278,27.637947,-0.021007,0.935799,0.106713,0.335337,-4.549741,127.043449,28.001522,0.443079,-0.562899,0.094165,-0.691345,-18.088537,127.607468,16.947937,0.237304,0.084025,-0.49808,-0.829785,-9.43364,111.988434,-0.306256,0.300986,0.179515,-0.581538,-0.734163,3.553215,134.965912,-2.878172,-0.013942,0.972182,0.169486,0.161067,2.506405,126.970825,30.37483,0.365383,0.867925,0.139246,-0.306289,19.079395,126.490112,35.933949,0.032996,0.161066,0.467669,-0.868479,32.621235,112.859222,20.205441,0.035991,-0.068842,0.678835,-0.73017,20.127926,132.47197,12.605513,0.070871,0.926445,0.23006,0.289394,-4.24876,83.995438,15.531139,0.113264,0.987532,-0.031206,0.104776,-4.182114,51.953934,-1.404606,0.016714,0.974661,0.078651,0.208735,-15.133492,5.702364,0.398077,-0.088188,0.941031,0.022272,0.325864,11.603221,84.594055,25.545353,0.080371,0.882784,-0.219419,0.407539,18.14455,48.951744,26.109186,-0.03467,0.87677,0.041605,0.477851,2.888508,6.58159,41.41975,0.016714,0.974661,0.078651,0.208735,-9.37006,1.743249,-13.24891,-0.03467,0.87677,0.041605,0.477851,15.250528,2.013107,33.581291
1169,9.741667,-0.029653,0.959473,0.045119,0.27658,3.683102,84.292892,20.544605,-0.043346,0.974818,0.104283,0.192292,3.053471,91.939537,21.084387,-0.015396,0.978996,0.124641,0.160606,0.438834,112.38588,25.000555,0.098547,0.992219,-0.024508,0.072032,-1.031762,132.679016,30.010717,0.154989,0.97268,-0.170155,-0.030324,2.121884,146.800095,27.655787,-0.021111,0.935859,0.106693,0.335171,-4.544351,127.043274,28.019316,0.443018,-0.563105,0.094135,-0.691221,-18.086872,127.602982,16.970079,0.237138,0.083816,-0.498124,-0.829827,-9.443194,111.982765,-0.28865,0.300888,0.179333,-0.581535,-0.73425,3.543746,134.9608,-2.86584,-0.013917,0.972174,0.169742,0.160849,2.512981,126.969635,30.389059,0.365302,0.867892,0.13908,-0.306553,19.088449,126.487923,35.940689,0.033079,0.160754,0.467599,-0.868571,32.625179,112.86042,20.204872,0.036286,-0.069173,0.678858,-0.730103,20.123495,132.47261,12.615522,0.070911,0.926513,0.230103,0.289134,-4.245221,83.993256,15.541217,0.113243,0.98755,-0.031126,0.104649,-4.185003,51.953602,-1.398034,0.016697,0.974672,0.078708,0.208666,-15.133421,5.701098,0.398736,-0.088158,0.941095,0.022275,0.325688,11.611425,84.592522,25.547993,0.080476,0.882838,-0.219451,0.407386,18.150919,48.949837,26.109692,-0.034703,0.876776,0.04159,0.477839,2.887609,6.582623,41.421162,0.016697,0.974672,0.078708,0.208666,-9.371567,1.74379,-13.249437,-0.034703,0.876776,0.04159,0.477839,15.249668,2.014239,33.582714
1170,9.75,-0.029655,0.959538,0.045198,0.276342,3.687083,84.290627,20.551071,-0.043262,0.974862,0.104404,0.192022,3.057225,91.937164,21.092161,-0.015506,0.979037,0.124634,0.160352,0.44633,112.381187,25.014359,0.098586,0.992228,-0.024504,0.071857,-1.027421,132.674255,30.02387,0.15484,0.972697,-0.170165,-0.030467,2.126597,146.795181,27.668528,-0.020948,0.935973,0.106739,0.334847,-4.539423,127.037415,28.034538,0.443033,-0.563275,0.094091,-0.691079,-18.089777,127.601707,16.995132,0.237096,0.083562,-0.498135,-0.829858,-9.455215,111.979485,-0.266358,0.300823,0.179166,-0.581576,-0.734285,3.533696,134.956055,-2.853657,-0.013959,0.972184,0.169879,0.160636,2.519071,126.965866,30.400887,0.365343,0.867818,0.139197,-0.306661,19.096889,126.486099,35.945679,0.033325,0.160376,0.467516,-0.868676,32.628868,112.860703,20.203922,0.03647,-0.069519,0.678882,-0.730038,20.1175,132.470413,12.624338,0.070954,0.926553,0.230156,0.288951,-4.243711,83.991127,15.551583,0.113187,0.987574,-0.031053,0.104506,-4.188572,51.953663,-1.391839,0.016768,0.974683,0.078759,0.208586,-15.130877,5.699524,0.400238,-0.088149,0.94115,0.022263,0.325533,11.617877,84.590118,25.550556,0.080579,0.88292,-0.219447,0.407189,18.156559,48.947277,26.111767,-0.034759,0.876805,0.041583,0.477783,2.888207,6.581488,41.422157,0.016768,0.974683,0.078759,0.208586,-9.371752,1.743384,-13.249432,-0.034759,0.876805,0.041583,0.477783,15.249738,2.013682,33.582531
1171,9.758333,-0.029648,0.959603,0.045233,0.27611,3.691561,84.287895,20.558151,-0.043263,0.974884,0.104531,0.19184,3.06179,91.934395,21.099941,-0.01545,0.979066,0.12462,0.160189,0.450593,112.377357,25.027779,0.098458,0.992253,-0.024507,0.071684,-1.019937,132.670654,30.037331,0.154746,0.972702,-0.170196,-0.030616,2.129716,146.792389,27.681034,-0.020954,0.936095,0.106761,0.334498,-4.533038,127.034019,28.04933,0.443063,-0.563438,0.094016,-0.690937,-18.091557,127.596977,17.019892,0.236959,0.083297,-0.498236,-0.829863,-9.465395,111.973572,-0.244722,0.300637,0.179009,-0.581671,-0.734325,3.520657,134.95105,-2.841349,-0.013945,0.97223,0.169867,0.160371,2.526259,126.962021,30.413263,0.365366,0.867757,0.138999,-0.306894,19.107059,126.483414,35.949219,0.033331,0.160106,0.467476,-0.868747,32.631081,112.856697,20.201773,0.036568,-0.069734,0.678799,-0.73009,20.113327,132.467316,12.632845,0.070815,0.926694,0.230198,0.288499,-4.241641,83.98848,15.562485,0.113317,0.987584,-0.030894,0.104322,-4.184485,51.950981,-1.38087,0.016461,0.974673,0.078734,0.20867,-15.136952,5.69871,0.397016,-0.088069,0.941213,0.022315,0.325367,11.624763,84.587311,25.553816,0.080595,0.88293,-0.219494,0.407137,18.159384,48.943623,26.108438,-0.034508,0.876841,0.04162,0.47773,2.888872,6.580046,41.422802,0.016461,0.974673,0.078734,0.20867,-9.37261,1.743465,-13.250707,-0.034508,0.876841,0.04162,0.47773,15.247376,2.0096,33.579952
1172,9.766667,-0.029683,0.959678,0.045291,0.275836,3.697328,84.283966,20.564041,-0.043315,0.974918,0.104645,0.191593,3.066947,91.930351,21.106716,-0.015411,0.979102,0.124656,0.159944,0.453528,112.37384,25.03969,0.098448,0.99227,-0.024524,0.071468,-1.014402,132.666809,30.051336,0.154611,0.972716,-0.170205,-0.030799,2.134085,146.788605,27.693781,-0.020861,0.936249,0.106713,0.334088,-4.528523,127.030327,28.064722,0.44355,-0.563626,0.09352,-0.690538,-18.096766,127.594124,17.047289,0.237162,0.083143,-0.498301,-0.829782,-9.476527,111.971809,-0.221264,0.300608,0.178685,-0.581903,-0.734232,3.506072,134.946472,-2.830895,-0.01404,0.972253,0.16996,0.160127,2.531958,126.95813,30.425108,0.365453,0.867683,0.13904,-0.306982,19.115412,126.483711,35.953476,0.033565,0.159863,0.467441,-0.868802,32.633625,112.855865,20.202034,0.036722,-0.07004,0.678572,-0.730264,20.11091,132.463974,12.638025,0.070826,0.926729,0.230256,0.288339,-4.238667,83.98394,15.572853,0.113338,0.987616,-0.030778,0.10403,-4.183954,51.948502,-1.374397,0.016733,0.974653,0.078793,0.208721,-15.136803,5.696013,0.395606,-0.087997,0.941258,0.02232,0.325258,11.633323,84.583992,25.555233,0.080647,0.882934,-0.219507,0.407113,18.163219,48.939396,26.107058,-0.03489,0.876821,0.04156,0.477745,2.888335,6.577173,41.42078,0.016733,0.974653,0.078793,0.208721,-9.373591,1.740928,-13.252642,-0.03489,0.876821,0.04156,0.477745,15.25028,2.010626,33.581085
1173,9.775,-0.029678,0.959736,0.045352,0.275625,3.701871,84.282722,20.571114,-0.043333,0.974952,0.104719,0.191374,3.071427,91.929024,21.114838,-0.015358,0.979126,0.124776,0.15971,0.457635,112.371292,25.051155,0.098313,0.992306,-0.024492,0.071159,-1.007695,132.663071,30.068367,0.154615,0.972701,-0.170228,-0.031121,2.135595,146.78595,27.710379,-0.020921,0.936346,0.106737,0.333804,-4.522827,127.027092,28.082102,0.443607,-0.563932,0.093242,-0.69029,-18.097624,127.588081,17.072599,0.236992,0.082966,-0.498343,-0.829823,-9.491907,111.96814,-0.205338,0.300383,0.17852,-0.582022,-0.734269,3.490224,134.943115,-2.818649,-0.014055,0.97229,0.16995,0.159914,2.538797,126.954269,30.439058,0.365405,0.867641,0.138914,-0.307215,19.124619,126.481712,35.960491,0.033706,0.159619,0.467363,-0.868883,32.637466,112.856377,20.202259,0.036959,-0.070401,0.678344,-0.730429,20.10745,132.462265,12.644929,0.070878,0.926744,0.230294,0.28825,-4.23632,83.982887,15.583402,0.113357,0.987635,-0.030682,0.103854,-4.185831,51.949234,-1.367232,0.016465,0.974656,0.078756,0.208739,-15.139172,5.696589,0.39553,-0.088006,0.941349,0.022322,0.324991,11.640062,84.582558,25.558823,0.080755,0.882949,-0.21952,0.407051,18.170788,48.93808,26.10886,-0.034755,0.876834,0.041564,0.477732,2.887489,6.578043,41.420246,0.016465,0.974656,0.078756,0.208739,-9.372924,1.741895,-13.251549,-0.034755,0.876834,0.041564,0.477732,15.248004,2.009693,33.579342
1174,9.783333,-0.029722,0.959796,0.045486,0.275389,3.70841,84.282906,20.575752,-0.043302,0.974992,0.104817,0.191127,3.076881,91.928986,21.12142,-0.015388,0.97915,0.124905,0.159462,0.464617,112.370041,25.062513,0.098386,0.99232,-0.024314,0.070917,-1.001517,132.660431,30.085077,0.154392,0.97271,-0.170327,-0.031435,2.142554,146.783875,27.731508,-0.020964,0.936415,0.106832,0.333578,-4.516715,127.024353,28.099247,0.443176,-0.564106,0.093476,-0.690393,-18.096731,127.584137,17.096121,0.236504,0.082598,-0.498517,-0.829894,-9.502927,111.963905,-0.187495,0.300221,0.178314,-0.582186,-0.734255,3.474159,134.943222,-2.806174,-0.014079,0.972312,0.170045,0.159677,2.546073,126.952126,30.452728,0.36532,0.867607,0.138514,-0.307593,19.134516,126.48127,35.966419,0.033654,0.159456,0.467299,-0.86895,32.638885,112.85672,20.200247,0.037137,-0.070531,0.678268,-0.730478,20.102737,132.463074,12.650267,0.070901,0.926832,0.230279,0.287972,-4.232165,83.982727,15.591858,0.113331,0.987655,-0.030578,0.103726,-4.188619,51.948822,-1.358324,0.016395,0.974662,0.07886,0.208675,-15.138334,5.695004,0.39636,-0.087966,0.941391,0.022287,0.324882,11.648984,84.583076,25.559647,0.080847,0.883006,-0.219529,0.406904,18.176241,48.937981,26.110384,-0.034655,0.876823,0.041685,0.477747,2.88752,6.579742,41.421349,0.016395,0.974662,0.07886,0.208675,-9.372884,1.743788,-13.252062,-0.034655,0.876823,0.041685,0.477747,15.24792,2.013067,33.579285
1175,9.791667,-0.029746,0.959859,0.045662,0.275137,3.717525,84.284233,20.579893,-0.043324,0.975021,0.104958,0.190898,3.085049,91.930046,21.128216,-0.015431,0.979173,0.124999,0.159241,0.471655,112.37043,25.075588,0.098377,0.992339,-0.024298,0.070676,-0.995729,132.659775,30.102024,0.154271,0.972715,-0.170357,-0.031709,2.14703,146.783447,27.748055,-0.020962,0.936555,0.106844,0.333181,-4.510835,127.023407,28.116814,0.443196,-0.56431,0.093282,-0.690239,-18.10009,127.581825,17.125036,0.236288,0.082295,-0.498613,-0.829928,-9.515938,111.963913,-0.165473,0.299859,0.178199,-0.582206,-0.734415,3.458767,134.943695,-2.792842,-0.013931,0.972356,0.170028,0.15944,2.552982,126.952003,30.467228,0.365261,0.867556,0.138744,-0.307703,19.144213,126.477646,35.972214,0.033839,0.159166,0.467184,-0.869057,32.64735,112.860809,20.198328,0.037392,-0.07059,0.678207,-0.730517,20.101252,132.464005,12.655682,0.070987,0.926885,0.230267,0.28779,-4.22563,83.984291,15.600099,0.11334,0.987652,-0.030499,0.103767,-4.191413,51.950859,-1.351,0.016585,0.974646,0.078864,0.208737,-15.14124,5.696774,0.39573,-0.087889,0.941416,0.022294,0.324831,11.66068,84.584175,25.559689,0.080905,0.882976,-0.219597,0.406921,18.182938,48.938118,26.107723,-0.034563,0.876805,0.041658,0.47779,2.886592,6.583595,41.421333,0.016585,0.974646,0.078864,0.208737,-9.375966,1.744578,-13.252485,-0.034563,0.876805,0.041658,0.47779,15.246795,2.01493,33.58012
1176,9.8,-0.02973,0.959916,0.045686,0.274937,3.719537,84.281525,20.589373,-0.043281,0.975062,0.104975,0.190684,3.087317,91.927322,21.13825,-0.015437,0.979193,0.125124,0.15902,0.476214,112.369087,25.087494,0.098274,0.992365,-0.024346,0.070443,-0.991133,132.65712,30.119244,0.154252,0.972714,-0.170344,-0.031898,2.147793,146.781235,27.762894,-0.020985,0.936636,0.106863,0.332945,-4.506508,127.020836,28.134287,0.443688,-0.564608,0.092658,-0.689763,-18.101238,127.577766,17.1492,0.236327,0.082221,-0.498748,-0.829843,-9.528026,111.963081,-0.149636,0.29964,0.178006,-0.582299,-0.734478,3.439362,134.944321,-2.783179,-0.013927,0.972391,0.170102,0.159145,2.558352,126.949646,30.481571,0.365127,0.867534,0.138586,-0.307996,19.152887,126.476494,35.976711,0.033792,0.159045,0.467065,-0.869145,32.651943,112.865433,20.19434,0.037398,-0.070728,0.678109,-0.730594,20.098566,132.466125,12.657404,0.071056,0.926885,0.230367,0.28769,-4.225705,83.981796,15.612893,0.113284,0.987662,-0.03045,0.10375,-4.195715,51.952438,-1.345909,0.016422,0.974664,0.078915,0.208644,-15.139932,5.696875,0.396941,-0.087886,0.941468,0.022358,0.324676,11.664778,84.581253,25.565853,0.080974,0.883022,-0.219622,0.406795,18.188381,48.935364,26.108412,-0.03463,0.876835,0.041677,0.477729,2.887495,6.582961,41.423355,0.016422,0.974664,0.078915,0.208644,-9.375456,1.747161,-13.252332,-0.03463,0.876835,0.041677,0.477729,15.247311,2.01571,33.580704
1177,9.808333,-0.029746,0.959988,0.045759,0.27467,3.727999,84.280411,20.594168,-0.043223,0.97511,0.105168,0.190347,3.095381,91.926079,21.144236,-0.015588,0.979233,0.125214,0.158686,0.486951,112.363052,25.102043,0.09822,0.992394,-0.024328,0.070102,-0.985444,132.649948,30.136923,0.154194,0.972718,-0.170308,-0.032243,2.150493,146.774597,27.779787,-0.020929,0.936717,0.106905,0.332707,-4.499785,127.012444,28.153574,0.44362,-0.564829,0.092478,-0.68965,-18.100132,127.570747,17.175522,0.236046,0.081935,-0.498912,-0.829853,-9.537696,111.95977,-0.132003,0.299434,0.177827,-0.582446,-0.734488,3.423268,134.943375,-2.772656,-0.014012,0.972431,0.170177,0.158814,2.566583,126.943863,30.496386,0.365185,0.867409,0.138371,-0.308374,19.164709,126.475182,35.981033,0.033902,0.158896,0.467109,-0.869144,32.650108,112.863205,20.187782,0.0376,-0.07087,0.677945,-0.730722,20.096642,132.464844,12.654757,0.071081,0.926941,0.230424,0.287459,-4.219974,83.980492,15.622069,0.113319,0.987662,-0.030389,0.103723,-4.194628,51.953285,-1.340801,0.016718,0.974641,0.078864,0.208747,-15.141451,5.698121,0.3963,-0.087871,0.941536,0.022335,0.324484,11.675972,84.580322,25.566269,0.081128,0.883111,-0.219619,0.406573,18.198191,48.934174,26.108706,-0.034674,0.876826,0.041547,0.477753,2.888507,6.584015,41.421047,0.016718,0.974641,0.078864,0.208747,-9.377186,1.745182,-13.252123,-0.034674,0.876826,0.041547,0.477753,15.248596,2.014081,33.580399
1178,9.816667,-0.029764,0.960046,0.045824,0.274455,3.732214,84.279083,20.600332,-0.043226,0.975148,0.105285,0.190088,3.099174,91.924652,21.151421,-0.015568,0.97927,0.125278,0.158411,0.490816,112.360229,25.114574,0.098098,0.99243,-0.024186,0.069813,-0.979771,132.646484,30.152571,0.154156,0.972704,-0.170368,-0.032525,2.151244,146.77269,27.798277,-0.020918,0.936843,0.106898,0.332356,-4.494941,127.009033,28.170547,0.443555,-0.565031,0.092347,-0.689544,-18.103474,127.566216,17.202578,0.235793,0.08156,-0.499041,-0.829884,-9.551162,111.957596,-0.112084,0.299278,0.177417,-0.582675,-0.73447,3.405815,134.941116,-2.763949,-0.01394,0.972498,0.170074,0.158521,2.572737,126.940536,30.509409,0.365102,0.867373,0.138506,-0.308514,19.174187,126.471756,35.983994,0.034053,0.158865,0.466987,-0.86921,32.658272,112.86702,20.183382,0.037606,-0.070998,0.677606,-0.731023,20.099398,132.462753,12.648341,0.071082,0.926972,0.230474,0.287318,-4.217951,83.978958,15.631749,0.113315,0.987682,-0.030302,0.103565,-4.194172,51.953445,-1.334332,0.01649,0.974662,0.078802,0.20869,-15.139458,5.697685,0.396395,-0.087814,0.941582,0.022361,0.324366,11.682381,84.579208,25.568914,0.08115,0.883106,-0.219604,0.406587,18.201365,48.932411,26.107416,-0.034832,0.876805,0.041419,0.477792,2.890103,6.581986,41.417442,0.01649,0.974662,0.078802,0.20869,-9.374676,1.744238,-13.251667,-0.034832,0.876805,0.041419,0.477792,15.251756,2.011029,33.579849
1179,9.825,-0.029778,0.960106,0.045901,0.274231,3.737557,84.275909,20.605927,-0.043245,0.975196,0.105375,0.189786,3.10412,91.921356,21.158234,-0.015628,0.979312,0.125349,0.158085,0.495571,112.355515,25.125536,0.098054,0.992454,-0.024141,0.069561,-0.976251,132.640961,30.166468,0.154059,0.97272,-0.17033,-0.032699,2.152368,146.767761,27.81249,-0.020968,0.936934,0.107109,0.332028,-4.49145,127.00293,28.186136,0.443527,-0.56521,0.09215,-0.689442,-18.10754,127.559616,17.22753,0.235577,0.081282,-0.499167,-0.829897,-9.563478,111.95507,-0.094874,0.29906,0.177239,-0.58285,-0.734462,3.389367,134.940262,-2.754792,-0.014136,0.972509,0.170235,0.158261,2.577739,126.935753,30.520472,0.365149,0.867289,0.138598,-0.308651,19.181875,126.474297,35.987514,0.034238,0.158649,0.466943,-0.869265,32.660042,112.871399,20.180285,0.037725,-0.071083,0.677645,-0.730972,20.096466,132.464478,12.650201,0.071102,0.927004,0.230551,0.287147,-4.214892,83.9757,15.641006,0.113341,0.987674,-0.030271,0.103626,-4.193888,51.952957,-1.330294,0.016656,0.974646,0.078787,0.20876,-15.1414,5.697572,0.396529,-0.087801,0.941614,0.022372,0.324273,11.690006,84.576111,25.570847,0.081257,0.883129,-0.219636,0.406498,18.208412,48.92918,26.107635,-0.034744,0.876794,0.04144,0.477815,2.888648,6.581715,41.417332,0.016656,0.974646,0.078787,0.20876,-9.376392,1.742722,-13.251026,-0.034744,0.876794,0.04144,0.477815,15.250021,2.010059,33.579708
1180,9.833333,-0.029848,0.960172,0.046059,0.273966,3.74524,84.276161,20.610315,-0.04329,0.975227,0.105504,0.189546,3.11027,91.921318,21.164831,-0.015604,0.979331,0.125516,0.157842,0.500091,112.352287,25.137287,0.097948,0.992488,-0.024098,0.069229,-0.970614,132.635986,30.185493,0.154021,0.97272,-0.170292,-0.033069,2.153533,146.763748,27.8314,-0.021057,0.936985,0.107227,0.331841,-4.486407,126.998367,28.205076,0.443533,-0.56547,0.091849,-0.689265,-18.106703,127.55278,17.251587,0.23525,0.081065,-0.499271,-0.829948,-9.574439,111.953445,-0.081317,0.29871,0.176904,-0.582942,-0.734613,3.374968,134.940811,-2.743287,-0.014205,0.972544,0.170324,0.157945,2.583934,126.930916,30.535904,0.365107,0.867202,0.138377,-0.309046,19.191486,126.473213,35.992874,0.034238,0.158379,0.466933,-0.86932,32.659084,112.873039,20.17429,0.037929,-0.071353,0.677538,-0.731036,20.09119,132.466858,12.65552,0.071149,0.927042,0.230576,0.286993,-4.20986,83.975258,15.649687,0.113341,0.987683,-0.030204,0.103558,-4.19425,51.953823,-1.32409,0.016427,0.974656,0.078787,0.208729,-15.141019,5.698061,0.397234,-0.087743,0.941677,0.022331,0.324108,11.700341,84.577072,25.570944,0.081308,0.883121,-0.219666,0.406489,18.214012,48.929279,26.108023,-0.034792,0.876813,0.041375,0.477783,2.888985,6.583879,41.418179,0.016427,0.974656,0.078787,0.208729,-9.374616,1.744479,-13.250099,-0.034792,0.876813,0.041375,0.477783,15.249938,2.011209,33.580486
1181,9.841667,-0.029902,0.960229,0.046202,0.273737,3.752234,84.275497,20.615044,-0.043211,0.975288,0.105632,0.189178,3.115999,91.920403,21.171587,-0.015769,0.979376,0.125631,0.157452,0.509769,112.348953,25.15052,0.097891,0.992513,-0.024099,0.068955,-0.966435,132.631226,30.202843,0.153833,0.972752,-0.170249,-0.033234,2.154937,146.759445,27.847656,-0.021239,0.937033,0.107519,0.331598,-4.481126,126.99231,28.224186,0.4434,-0.565719,0.09156,-0.689185,-18.106791,127.54319,17.277189,0.234899,0.080862,-0.499363,-0.830013,-9.585889,111.952377,-0.068969,0.298424,0.176771,-0.58288,-0.73481,3.361759,134.943848,-2.731727,-0.014191,0.972577,0.170369,0.157693,2.590969,126.927734,30.54977,0.364994,0.867116,0.138635,-0.309304,19.201323,126.470802,35.998283,0.034405,0.157946,0.466796,-0.869466,32.665081,112.88279,20.165989,0.038112,-0.071601,0.677799,-0.73076,20.0842,132.473572,12.660861,0.071168,0.92709,0.230622,0.286799,-4.205165,83.974113,15.658129,0.113337,0.98764,-0.030223,0.103967,-4.19331,51.954414,-1.318918,0.016458,0.974663,0.078814,0.208683,-15.140602,5.698672,0.39971,-0.087691,0.941707,0.022347,0.324036,11.709633,84.576874,25.571957,0.081365,0.883133,-0.219706,0.406431,18.22019,48.928471,26.106215,-0.034752,0.876792,0.041453,0.477817,2.890024,6.585616,41.418259,0.016458,0.974663,0.078814,0.208683,-9.375666,1.745778,-13.248442,-0.034752,0.876792,0.041453,0.477817,15.251544,2.014386,33.58062
1182,9.85,-0.02985,0.96029,0.046239,0.273523,3.754905,84.274742,20.624441,-0.043177,0.975332,0.105665,0.188938,3.119406,91.91964,21.18189,-0.015818,0.979397,0.125769,0.157203,0.515477,112.34642,25.162783,0.097798,0.992543,-0.024028,0.068677,-0.962342,132.627182,30.22073,0.153761,0.972758,-0.170224,-0.033518,2.155097,146.756393,27.866444,-0.021003,0.937074,0.107603,0.331471,-4.476863,126.988029,28.242418,0.443316,-0.565979,0.091531,-0.689029,-18.105829,127.547134,17.299953,0.234637,0.080612,-0.499446,-0.830061,-9.599298,111.954643,-0.051744,0.298227,0.17657,-0.582916,-0.73491,3.345913,134.946533,-2.719344,-0.014305,0.972616,0.170495,0.157303,2.596376,126.924309,30.564543,0.364938,0.86706,0.138402,-0.309632,19.210915,126.472923,36.00074,0.034472,0.157391,0.46673,-0.8696,32.666649,112.887047,20.159801,0.038494,-0.072016,0.678196,-0.730331,20.073206,132.479996,12.675309,0.071142,0.927122,0.230702,0.286636,-4.204743,83.974274,15.671088,0.113339,0.987674,-0.03011,0.103675,-4.192431,51.957001,-1.310533,0.016786,0.974657,0.078845,0.208675,-15.138361,5.70066,0.400646,-0.087688,0.94176,0.022394,0.323878,11.714553,84.575218,25.577795,0.081451,0.883165,-0.219734,0.406327,18.226068,48.926922,26.107645,-0.034785,0.876798,0.041477,0.477802,2.889492,6.586552,41.420155,0.016786,0.974657,0.078845,0.208675,-9.37676,1.746856,-13.248652,-0.034785,0.876798,0.041477,0.477802,15.251157,2.016412,33.582108
1183,9.858333,-0.029959,0.960363,0.046414,0.273225,3.764079,84.274132,20.628027,-0.043326,0.975374,0.105748,0.188642,3.126403,91.918678,21.187792,-0.015749,0.979434,0.125902,0.156876,0.516758,112.345909,25.171965,0.09755,0.992589,-0.024017,0.068361,-0.957396,132.625351,30.236261,0.153785,0.972763,-0.170135,-0.033702,2.151652,146.75621,27.880713,-0.021058,0.937144,0.107675,0.331246,-4.47332,126.986763,28.258823,0.44325,-0.56616,0.091393,-0.688941,-18.107418,127.544006,17.322653,0.234339,0.080349,-0.499544,-0.830111,-9.609788,111.954514,-0.036092,0.29794,0.176277,-0.582952,-0.735068,3.333033,134.948593,-2.708535,-0.014335,0.972615,0.170764,0.15702,2.601479,126.922348,30.576176,0.364827,0.867026,0.138111,-0.309987,19.219095,126.472198,36.003059,0.034194,0.157411,0.466691,-0.869628,32.667915,112.889656,20.153389,0.038237,-0.072248,0.677676,-0.730804,20.072983,132.483719,12.674225,0.071187,0.927178,0.230726,0.286423,-4.198509,83.972282,15.679481,0.113337,0.987667,-0.030061,0.103753,-4.192568,51.956261,-1.304513,0.016871,0.974654,0.078899,0.208664,-15.137926,5.699584,0.401286,-0.087609,0.941794,0.02238,0.323803,11.726667,84.575981,25.576571,0.081496,0.883128,-0.21977,0.406379,18.23258,48.926647,26.105066,-0.03474,0.87679,0.041387,0.477828,2.889988,6.588504,41.417706,0.016871,0.974654,0.078899,0.208664,-9.377329,1.746903,-13.248759,-0.03474,0.87679,0.041387,0.477828,15.251329,2.015421,33.580864
1184,9.866667,-0.029977,0.960425,0.046488,0.27299,3.769502,84.271255,20.633591,-0.043398,0.975409,0.10584,0.188394,3.131388,91.915688,21.19453,-0.015683,0.979465,0.126006,0.156605,0.518875,112.343346,25.182802,0.097396,0.992636,-0.023784,0.067986,-0.951878,132.62178,30.252123,0.153802,0.972747,-0.170126,-0.034139,2.150844,146.754868,27.901661,-0.02107,0.937227,0.107768,0.330979,-4.469066,126.983704,28.27549,0.44321,-0.566372,0.091204,-0.688817,-18.109331,127.540527,17.346992,0.234168,0.080154,-0.499574,-0.83016,-9.621938,111.954498,-0.019889,0.297788,0.176092,-0.583059,-0.735089,3.321317,134.948685,-2.696642,-0.014321,0.972651,0.170783,0.156771,2.607029,126.918602,30.588865,0.364681,0.866975,0.138118,-0.310301,19.227394,126.469383,36.007404,0.034293,0.156781,0.46655,-0.869813,32.671864,112.896332,20.14591,0.038593,-0.072813,0.677928,-0.730495,20.060993,132.488632,12.690231,0.071274,0.927132,0.230793,0.286498,-4.195473,83.969223,15.688899,0.113328,0.987719,-0.029962,0.1033,-4.192476,51.956356,-1.301041,0.016743,0.974663,0.078827,0.208659,-15.135327,5.698931,0.400507,-0.087553,0.941796,0.022429,0.323809,11.734478,84.573296,25.578281,0.081533,0.883141,-0.219813,0.406321,18.237703,48.923393,26.102114,-0.034757,0.876796,0.041354,0.477818,2.891456,6.587604,41.417603,0.016743,0.974663,0.078827,0.208659,-9.373816,1.74485,-13.248748,-0.034757,0.876796,0.041354,0.477818,15.25263,2.013918,33.580845
1185,9.875,-0.02999,0.96049,0.04654,0.272752,3.776146,84.26738,20.639566,-0.043489,0.97545,0.105908,0.188124,3.137766,91.911713,21.201374,-0.01567,0.979499,0.126112,0.156307,0.521958,112.339928,25.192648,0.097281,0.992671,-0.023651,0.067691,-0.947391,132.617264,30.266773,0.153692,0.972765,-0.170071,-0.034404,2.15062,146.751816,27.918888,-0.020882,0.937317,0.108069,0.33064,-4.46531,126.979279,28.291168,0.443173,-0.566561,0.09117,-0.68869,-18.113691,127.544441,17.37324,0.233929,0.079783,-0.499487,-0.830316,-9.636614,111.957039,0.002557,0.297227,0.175724,-0.58328,-0.735229,3.314278,134.945648,-2.68243,-0.014269,0.972708,0.170711,0.156505,2.612181,126.914307,30.600271,0.36457,0.866911,0.138205,-0.310569,19.235512,126.465309,36.00972,0.034303,0.156333,0.466434,-0.869955,32.675682,112.901344,20.136816,0.038728,-0.073227,0.677814,-0.730552,20.052433,132.492966,12.698979,0.071253,0.927199,0.230871,0.286223,-4.19125,83.965134,15.698795,0.113344,0.98768,-0.029957,0.103657,-4.190202,51.954639,-1.295605,0.016448,0.974665,0.078801,0.20868,-15.1351,5.697527,0.401363,-0.08749,0.94182,0.022499,0.32375,11.743543,84.569618,25.580341,0.081518,0.883028,-0.219865,0.406541,18.244181,48.919155,26.097532,-0.034754,0.876751,0.041367,0.4779,2.893436,6.585341,41.413956,0.016448,0.974665,0.078801,0.20868,-9.370176,1.744287,-13.246693,-0.034754,0.876751,0.041367,0.4779,15.256083,2.01198,33.579342
1186,9.883333,-0.02998,0.960559,0.046619,0.272495,3.781063,84.266113,20.643715,-0.043582,0.975486,0.105989,0.18787,3.142656,91.910347,21.2069,-0.015623,0.979526,0.126254,0.15603,0.523544,112.336731,25.201237,0.097145,0.992707,-0.023523,0.067399,-0.943348,132.612625,30.281836,0.153612,0.972772,-0.170049,-0.034669,2.149361,146.748749,27.936373,-0.020928,0.9374,0.108154,0.330372,-4.46227,126.975105,28.30666,0.442859,-0.566707,0.091237,-0.688763,-18.116783,127.538643,17.396313,0.233552,0.079509,-0.499558,-0.830406,-9.648525,111.954239,0.01865,0.296988,0.175596,-0.583317,-0.735327,3.302058,134.94545,-2.669147,-0.014321,0.972725,0.170841,0.156248,2.616532,126.909653,30.611727,0.3645,0.866837,0.138226,-0.310848,19.242624,126.463272,36.012913,0.034244,0.155999,0.46636,-0.870057,32.676746,112.905922,20.129244,0.038686,-0.073729,0.677435,-0.730855,20.044897,132.497864,12.706264,0.071203,0.927254,0.230924,0.286014,-4.188969,83.964195,15.70717,0.113328,0.987761,-0.029823,0.102937,-4.18718,51.95496,-1.2896,0.016746,0.97469,0.07883,0.208529,-15.12807,5.696747,0.40298,-0.087466,0.941876,0.022498,0.323595,11.751095,84.568031,25.580257,0.081547,0.882979,-0.219906,0.40662,18.25017,48.917255,26.095852,-0.034946,0.876748,0.041239,0.477903,2.894217,6.58558,41.412991,0.016746,0.97469,0.07883,0.208529,-9.370087,1.742872,-13.247828,-0.034946,0.876748,0.041239,0.477903,15.258106,2.011677,33.580647
1187,9.891667,-0.030078,0.960616,0.046679,0.272273,3.79032,84.266243,20.649366,-0.043752,0.975541,0.106057,0.187504,3.150342,91.910301,21.213175,-0.015646,0.979567,0.126482,0.155586,0.525149,112.336555,25.2101,0.097153,0.99273,-0.023534,0.067045,-0.941859,132.610001,30.300396,0.153473,0.972803,-0.169946,-0.034909,2.1496,146.74614,27.953438,-0.021115,0.937419,0.108587,0.330164,-4.461243,126.972511,28.325991,0.443198,-0.566908,0.090652,-0.688456,-18.120283,127.534126,17.421223,0.233769,0.079631,-0.499661,-0.830271,-9.658094,111.95713,0.033952,0.297268,0.175755,-0.583199,-0.735269,3.284717,134.949463,-2.655786,-0.014286,0.972757,0.170917,0.155971,2.619605,126.907707,30.624777,0.364249,0.866839,0.138154,-0.31117,19.248755,126.461388,36.016525,0.034049,0.155657,0.466181,-0.870222,32.682003,112.915894,20.122002,0.038736,-0.074085,0.677146,-0.731084,20.036825,132.505936,12.717093,0.071251,0.927306,0.230963,0.285801,-4.181868,83.962639,15.716413,0.113371,0.987679,-0.029855,0.103668,-4.186404,51.955212,-1.283769,0.016522,0.974674,0.078821,0.208626,-15.132803,5.698094,0.403224,-0.087436,0.941962,0.022491,0.323352,11.762507,84.569855,25.582319,0.081668,0.883017,-0.219941,0.406493,18.259542,48.918682,26.096004,-0.03479,0.876735,0.041277,0.477934,2.894403,6.590364,41.413193,0.016522,0.974674,0.078821,0.208626,-9.370022,1.745097,-13.245808,-0.03479,0.876735,0.041277,0.477934,15.257589,2.015218,33.580475
1188,9.9,-0.030087,0.960696,0.046827,0.271967,3.79705,84.265274,20.652441,-0.04382,0.975578,0.106166,0.187236,3.156503,91.909111,21.218588,-0.015671,0.979591,0.126615,0.155319,0.528569,112.335846,25.220421,0.09711,0.992761,-0.023347,0.066707,-0.938934,132.607849,30.316326,0.153414,0.972808,-0.169888,-0.035318,2.149593,146.745331,27.973497,-0.021045,0.937513,0.108748,0.329849,-4.458477,126.970276,28.342438,0.44309,-0.567057,0.090569,-0.688415,-18.124889,127.534775,17.447052,0.2336,0.079429,-0.499682,-0.830325,-9.670298,111.960579,0.053589,0.297145,0.175633,-0.58317,-0.735371,3.27342,134.952667,-2.640669,-0.014308,0.972768,0.171081,0.155721,2.623598,126.906036,30.637466,0.364049,0.866819,0.138128,-0.31147,19.255453,126.46109,36.020992,0.034023,0.155338,0.46601,-0.870372,32.686638,112.926224,20.115673,0.038846,-0.074426,0.677019,-0.731162,20.028946,132.512878,12.724179,0.071307,0.927327,0.230966,0.285717,-4.178261,83.961937,15.724519,0.113279,0.987731,-0.029756,0.103295,-4.187988,51.9552,-1.276961,0.016601,0.974706,0.078923,0.208431,-15.124315,5.695546,0.405879,-0.087395,0.941973,0.022485,0.323331,11.772362,84.568611,25.580364,0.081725,0.883005,-0.220018,0.406468,18.266493,48.916893,26.093365,-0.034745,0.876739,0.041343,0.477926,2.894187,6.592664,41.414665,0.016601,0.974706,0.078923,0.208431,-9.367352,1.745269,-13.246399,-0.034745,0.876739,0.041343,0.477926,15.257102,2.018559,33.580898
1189,9.908333,-0.030046,0.960754,0.046871,0.271758,3.799917,84.267029,20.658197,-0.043894,0.975612,0.106234,0.186999,3.159918,91.910843,21.225311,-0.01562,0.979613,0.126787,0.155048,0.529818,112.333344,25.229301,0.097,0.992792,-0.023277,0.066431,-0.935276,132.603592,30.332893,0.153292,0.972828,-0.169835,-0.035554,2.148873,146.742157,27.990908,-0.021068,0.937563,0.108935,0.329643,-4.455798,126.966606,28.359053,0.443134,-0.567283,0.090306,-0.688235,-18.126926,127.531708,17.469614,0.233445,0.079457,-0.499715,-0.830346,-9.682699,111.961105,0.067894,0.29711,0.175407,-0.583139,-0.735463,3.258882,134.954575,-2.62132,-0.014357,0.972791,0.171163,0.155485,2.627554,126.901749,30.650118,0.363905,0.866786,0.138431,-0.311596,19.261929,126.459435,36.026077,0.034184,0.154997,0.46579,-0.870544,32.694466,112.936913,20.111393,0.038939,-0.074747,0.676742,-0.731381,20.021856,132.517029,12.729933,0.071311,0.927346,0.23099,0.285638,-4.177565,83.964455,15.733741,0.113266,0.987755,-0.029658,0.103107,-4.188515,51.958542,-1.269293,0.016597,0.974712,0.078916,0.208408,-15.122384,5.698055,0.406502,-0.087374,0.941996,0.022539,0.323267,11.777399,84.569611,25.582653,0.081749,0.882985,-0.220066,0.406479,18.271395,48.917809,26.091024,-0.034652,0.876743,0.041314,0.477928,2.895148,6.595981,41.415012,0.016597,0.974712,0.078916,0.208408,-9.366033,1.747618,-13.24599,-0.034652,0.876743,0.041314,0.477928,15.257147,2.019815,33.581001
1190,9.916667,-0.03005,0.960814,0.046879,0.271544,3.806549,84.265511,20.66227,-0.04394,0.975642,0.106364,0.186759,3.166582,91.909309,21.229626,-0.015721,0.979636,0.126893,0.154803,0.534652,112.330261,25.239101,0.09697,0.992812,-0.02317,0.066219,-0.933991,132.599228,30.346684,0.153158,0.972849,-0.169795,-0.035753,2.148257,146.738602,28.00701,-0.020912,0.93763,0.108982,0.329446,-4.453784,126.961555,28.37356,0.443091,-0.567419,0.090245,-0.688158,-18.129686,127.531502,17.490372,0.233308,0.079322,-0.49974,-0.830383,-9.692625,111.96154,0.084607,0.296963,0.175324,-0.583144,-0.735538,3.248536,134.954407,-2.60703,-0.014418,0.972804,0.171311,0.155234,2.630652,126.898384,30.66132,0.363694,0.86682,0.138332,-0.311793,19.267691,126.458832,36.029251,0.034071,0.155116,0.465592,-0.870633,32.701744,112.944618,20.108803,0.038732,-0.074886,0.675998,-0.732064,20.023031,132.517258,12.725174,0.071353,0.927384,0.231036,0.285463,-4.173113,83.962677,15.741364,0.113201,0.987774,-0.029603,0.103013,-4.189045,51.958759,-1.265407,0.01684,0.974735,0.078936,0.208274,-15.116207,5.696568,0.406976,-0.087321,0.942024,0.022549,0.3232,11.78621,84.568344,25.583178,0.081789,0.882963,-0.220109,0.406497,18.276865,48.915897,26.089111,-0.034547,0.876736,0.04131,0.477947,2.895449,6.596458,41.414505,0.01684,0.974735,0.078936,0.208274,-9.365812,1.745504,-13.247842,-0.034547,0.876736,0.04131,0.477947,15.256825,2.018683,33.58046
1191,9.925,-0.030061,0.960863,0.046917,0.271363,3.812313,84.262947,20.666992,-0.044053,0.975654,0.106472,0.186609,3.172129,91.906677,21.23498,-0.01572,0.979647,0.126999,0.154647,0.535222,112.327408,25.248575,0.096917,0.992824,-0.023125,0.066131,-0.933235,132.595245,30.360695,0.152937,0.972878,-0.169819,-0.035783,2.147061,146.735199,28.021898,-0.020703,0.937764,0.109017,0.329068,-4.453251,126.957726,28.387535,0.443114,-0.567529,0.090141,-0.688067,-18.138159,127.533401,17.51597,0.233272,0.079107,-0.499734,-0.830417,-9.706315,111.964348,0.106867,0.296801,0.175278,-0.58308,-0.735666,3.236366,134.953995,-2.592948,-0.014428,0.972823,0.171432,0.154979,2.631902,126.894592,30.673071,0.363503,0.866836,0.138236,-0.312012,19.271709,126.456299,36.032528,0.034063,0.155013,0.465399,-0.870755,32.705883,112.95005,20.105413,0.038765,-0.075025,0.675758,-0.73227,20.017361,132.516602,12.726084,0.071346,0.92744,0.23109,0.285242,-4.169182,83.959915,15.74907,0.113211,0.987761,-0.029576,0.103132,-4.187474,51.957703,-1.260926,0.016874,0.974734,0.078916,0.20828,-15.115508,5.69557,0.407475,-0.087292,0.942033,0.022625,0.323176,11.793808,84.565987,25.584915,0.081843,0.882968,-0.220156,0.406448,18.284279,48.913425,26.084848,-0.034451,0.876705,0.041293,0.478014,2.897379,6.596848,41.41264,0.016874,0.974734,0.078916,0.20828,-9.365332,1.743737,-13.247215,-0.034451,0.876705,0.041293,0.478014,15.259004,2.017314,33.580006
1192,9.933333,-0.030049,0.960918,0.046927,0.271168,3.815934,84.261368,20.671677,-0.044094,0.975682,0.10657,0.186398,3.175999,91.905098,21.240002,-0.015793,0.979665,0.127119,0.154429,0.537687,112.323502,25.257509,0.096824,0.99285,-0.023069,0.065898,-0.933411,132.589981,30.374306,0.152952,0.972887,-0.16971,-0.035991,2.143178,146.730835,28.036154,-0.0206,0.937902,0.108968,0.328697,-4.452923,126.952019,28.401487,0.443154,-0.567552,0.089973,-0.688044,-18.146509,127.528992,17.540928,0.2332,0.078925,-0.499782,-0.830425,-9.71448,111.964142,0.128144,0.296565,0.175222,-0.583192,-0.735685,3.226582,134.952515,-2.578233,-0.014598,0.97285,0.171562,0.154651,2.633202,126.890091,30.684048,0.363374,0.866861,0.137909,-0.312238,19.276386,126.458847,36.033577,0.034167,0.154805,0.465235,-0.870876,32.708214,112.954155,20.103172,0.039076,-0.075188,0.675802,-0.732196,20.008833,132.516495,12.7295,0.07137,0.927451,0.231112,0.285181,-4.167556,83.958405,15.756991,0.113131,0.987827,-0.029435,0.102627,-4.188108,51.957191,-1.254876,0.016661,0.974778,0.078949,0.20808,-15.106548,5.692542,0.406674,-0.087268,0.942093,0.022678,0.323003,11.799425,84.564331,25.586363,0.081859,0.882942,-0.220214,0.406471,18.289589,48.91164,26.080948,-0.034393,0.876715,0.041284,0.478001,2.898888,6.597707,41.412216,0.016661,0.974778,0.078949,0.20808,-9.359638,1.743029,-13.25006,-0.034393,0.876715,0.041284,0.478001,15.259714,2.017114,33.578941
1193,9.941667,-0.030062,0.960965,0.046984,0.270988,3.819469,84.260628,20.675638,-0.044117,0.975708,0.106682,0.186188,3.179218,91.904259,21.244862,-0.015825,0.979683,0.127245,0.154206,0.540191,112.32003,25.267002,0.096798,0.992873,-0.022858,0.065664,-0.931843,132.585114,30.389008,0.152782,0.972902,-0.169715,-0.036271,2.142717,146.72728,28.05608,-0.02054,0.937987,0.109005,0.328445,-4.451335,126.94706,28.416464,0.443089,-0.567751,0.089766,-0.687948,-18.150799,127.525375,17.563395,0.23301,0.078822,-0.499775,-0.830493,-9.728129,111.965477,0.141667,0.296336,0.175192,-0.583123,-0.73584,3.213802,134.952621,-2.563775,-0.014723,0.972866,0.171762,0.154316,2.635799,126.885727,30.695904,0.363116,0.866947,0.137637,-0.31242,19.282473,126.459656,36.034973,0.034099,0.154777,0.464959,-0.871031,32.717937,112.961563,20.102043,0.039079,-0.07522,0.675606,-0.732374,20.005104,132.516937,12.730085,0.071362,0.92748,0.231155,0.285054,-4.165836,83.957527,15.76391,0.113201,0.987817,-0.029383,0.102664,-4.187225,51.95768,-1.250522,0.016854,0.974743,0.078876,0.208259,-15.111703,5.694243,0.405012,-0.087252,0.942082,0.022739,0.323036,11.804774,84.563721,25.587368,0.081899,0.882919,-0.220266,0.406485,18.295271,48.911026,26.077646,-0.034334,0.876704,0.041251,0.478026,2.899079,6.599912,41.411201,0.016854,0.974743,0.078876,0.208259,-9.362003,1.741354,-13.249572,-0.034334,0.876704,0.041251,0.478026,15.259684,2.017618,33.578575
1194,9.95,-0.030085,0.961002,0.047194,0.27082,3.825229,84.258293,20.676405,-0.044121,0.975734,0.106774,0.186002,3.183866,91.901604,21.248747,-0.015888,0.979683,0.127479,0.154006,0.544649,112.317322,25.275246,0.096708,0.9929,-0.022743,0.065427,-0.930438,132.579834,30.406588,0.152629,0.972923,-0.169679,-0.036536,2.140385,146.72319,28.075985,-0.020629,0.938038,0.109065,0.328273,-4.449291,126.94175,28.432951,0.442997,-0.567861,0.089589,-0.687939,-18.152588,127.517151,17.584558,0.232578,0.078633,-0.499807,-0.830612,-9.734591,111.963486,0.155006,0.295655,0.174895,-0.583399,-0.735966,3.207584,134.951752,-2.547251,-0.014795,0.972887,0.171797,0.154137,2.638732,126.881195,30.709648,0.362917,0.866954,0.137631,-0.312636,19.287262,126.458488,36.043194,0.034181,0.154637,0.46478,-0.871148,32.723236,112.970222,20.102369,0.039305,-0.075234,0.675553,-0.732409,20.000788,132.519196,12.734328,0.071383,0.927525,0.23115,0.284906,-4.161759,83.955688,15.767381,0.113189,0.987829,-0.02934,0.102572,-4.18737,51.955868,-1.247103,0.017012,0.974742,0.078996,0.208204,-15.11018,5.691931,0.405522,-0.087239,0.942102,0.022763,0.322977,11.812216,84.560898,25.585428,0.081932,0.88288,-0.220367,0.406508,18.302446,48.908127,26.073345,-0.03454,0.876692,0.04119,0.478039,2.899441,6.601742,41.413097,0.017012,0.974742,0.078996,0.208204,-9.363218,1.74173,-13.250993,-0.03454,0.876692,0.04119,0.478039,15.261878,2.020846,33.582542
1195,9.958333,-0.030106,0.961034,0.047329,0.270679,3.829663,84.257713,20.679491,-0.044142,0.975754,0.106873,0.185834,3.187519,91.900803,21.253832,-0.015965,0.979695,0.127593,0.153831,0.547399,112.315384,25.284544,0.096618,0.992921,-0.022713,0.065248,-0.930651,132.576569,30.420252,0.152576,0.972949,-0.169543,-0.036684,2.136827,146.720657,28.089741,-0.020675,0.93811,0.109145,0.328039,-4.448859,126.938042,28.446701,0.443056,-0.568013,0.089329,-0.68781,-18.157467,127.511932,17.604946,0.232416,0.078536,-0.499847,-0.830643,-9.745715,111.962738,0.168389,0.295287,0.174901,-0.583516,-0.736019,3.194764,134.951019,-2.534142,-0.014853,0.972894,0.171979,0.153881,2.639929,126.878693,30.721041,0.362795,0.866962,0.137505,-0.312807,19.291153,126.458488,36.046371,0.034156,0.154487,0.464676,-0.871231,32.72617,112.97451,20.101112,0.03949,-0.075282,0.675422,-0.732515,19.99659,132.521622,12.739449,0.071406,0.927584,0.231172,0.284692,-4.158739,83.955269,15.772763,0.113132,0.987848,-0.029305,0.102468,-4.189353,51.95644,-1.243564,0.016917,0.974769,0.079032,0.20807,-15.106407,5.691096,0.407556,-0.087237,0.942148,0.022819,0.322841,11.818066,84.56015,25.58622,0.08201,0.882875,-0.220463,0.406451,18.309536,48.907532,26.069298,-0.034257,0.876703,0.041225,0.478036,2.897479,6.606394,41.41441,0.016917,0.974769,0.079032,0.20807,-9.362059,1.742606,-13.25055,-0.034257,0.876703,0.041225,0.478036,15.257463,2.022355,33.581825
1196,9.966667,-0.030074,0.961079,0.047413,0.270509,3.8325,84.256744,20.683735,-0.044287,0.975812,0.106841,0.18551,3.190582,91.89975,21.25956,-0.016007,0.979726,0.127847,0.153417,0.545778,112.316528,25.28919,0.096462,0.992956,-0.022636,0.064964,-0.933446,132.574951,30.435482,0.15256,0.972955,-0.169508,-0.03677,2.128273,146.720444,28.105917,-0.020819,0.93807,0.109606,0.32799,-4.451771,126.936401,28.462198,0.443092,-0.568121,0.08923,-0.687711,-18.161293,127.510666,17.621614,0.232288,0.078473,-0.499919,-0.830641,-9.754723,111.961922,0.182153,0.295116,0.174835,-0.583605,-0.736033,3.182066,134.95137,-2.520562,-0.01488,0.972904,0.172082,0.153705,2.638891,126.877869,30.730713,0.362678,0.866985,0.137408,-0.312923,19.291983,126.459122,36.05032,0.034224,0.154331,0.464545,-0.871325,32.727627,112.97908,20.102266,0.039672,-0.075399,0.675444,-0.732473,19.990147,132.521851,12.745389,0.071474,0.927565,0.231193,0.28472,-4.157661,83.955124,15.779818,0.113075,0.987854,-0.029258,0.10248,-4.19182,51.95771,-1.239166,0.016603,0.974801,0.079022,0.207948,-15.103113,5.690861,0.408014,-0.087229,0.942173,0.022886,0.322764,11.822661,84.558365,25.587654,0.082025,0.882839,-0.22052,0.406495,18.315197,48.905869,26.065449,-0.034165,0.876676,0.041282,0.478087,2.898993,6.607357,41.413654,0.016603,0.974801,0.079022,0.207948,-9.359066,1.743903,-13.250663,-0.034165,0.876676,0.041282,0.478087,15.259287,2.023496,33.581448
1197,9.975,-0.030029,0.961126,0.047449,0.270339,3.833592,84.254654,20.687943,-0.04418,0.975851,0.106966,0.185262,3.192291,91.897644,21.264605,-0.016143,0.97975,0.127941,0.153169,0.55224,112.311378,25.300354,0.096373,0.992982,-0.022505,0.064751,-0.931842,132.568604,30.449957,0.15242,0.972977,-0.169464,-0.036962,2.126246,146.715347,28.123247,-0.020862,0.938142,0.109579,0.327792,-4.449063,126.929054,28.477564,0.443145,-0.568246,0.088909,-0.687615,-18.163061,127.500824,17.642513,0.232079,0.078387,-0.500059,-0.830623,-9.760736,111.959198,0.194658,0.29489,0.174698,-0.583744,-0.736046,3.169291,134.952362,-2.508087,-0.015022,0.972908,0.172213,0.153515,2.642663,126.872757,30.7428,0.362526,0.867011,0.137363,-0.313048,19.297646,126.459297,36.056885,0.034366,0.154175,0.464336,-0.871459,32.73489,112.985489,20.104923,0.039797,-0.075628,0.675319,-0.732558,19.985968,132.520966,12.751094,0.071439,0.927579,0.23126,0.284627,-4.15835,83.953857,15.786878,0.11309,0.987859,-0.02921,0.102435,-4.190388,51.958336,-1.235674,0.016953,0.974786,0.078975,0.208008,-15.102558,5.691546,0.407292,-0.087228,0.942201,0.022941,0.322681,11.825533,84.55545,25.589006,0.08208,0.882868,-0.220581,0.406389,18.319326,48.903126,26.062473,-0.034198,0.876714,0.041207,0.478023,2.898185,6.608018,41.4151,0.016953,0.974786,0.078975,0.208008,-9.360398,1.741266,-13.25122,-0.034198,0.876714,0.041207,0.478023,15.257322,2.022671,33.581947
1198,9.983333,-0.030048,0.961161,0.047546,0.270196,3.837245,84.251358,20.690012,-0.044212,0.975862,0.107109,0.185109,3.195341,91.894188,21.268112,-0.016192,0.979761,0.128039,0.153012,0.553535,112.306488,25.309822,0.096246,0.992999,-0.022535,0.064667,-0.932347,132.562607,30.463272,0.152196,0.973019,-0.169425,-0.036952,2.12182,146.709961,28.135183,-0.020745,0.938191,0.109658,0.32763,-4.449229,126.922798,28.490993,0.443066,-0.568335,0.088907,-0.687592,-18.167095,127.498627,17.661057,0.231864,0.078197,-0.500171,-0.830634,-9.769772,111.957428,0.210416,0.294717,0.174527,-0.583937,-0.736003,3.155936,134.952606,-2.496356,-0.015051,0.972931,0.172207,0.153374,2.643189,126.86731,30.754084,0.362388,0.867017,0.137286,-0.313224,19.299658,126.455711,36.063663,0.034368,0.154009,0.464249,-0.871535,32.736378,112.987732,20.106333,0.039966,-0.075849,0.675254,-0.732585,19.980919,132.52153,12.75905,0.071429,0.927613,0.231328,0.284462,-4.156115,83.950546,15.791263,0.113088,0.987883,-0.029187,0.102208,-4.189041,51.957176,-1.23533,0.016635,0.974809,0.078981,0.207923,-15.100457,5.690232,0.40804,-0.087148,0.942199,0.022986,0.322705,11.830606,84.552162,25.588762,0.082036,0.882813,-0.220618,0.406496,18.319983,48.898979,26.057451,-0.034175,0.876687,0.041273,0.478068,2.899312,6.604764,41.412987,0.016635,0.974809,0.078981,0.207923,-9.357479,1.741943,-13.250703,-0.034175,0.876687,0.041273,0.478068,15.259309,2.020783,33.580387
1199,9.991667,-0.030044,0.961208,0.047561,0.270026,3.839386,84.249756,20.696018,-0.044187,0.975898,0.107145,0.184905,3.197581,91.892563,21.274467,-0.016233,0.979775,0.128182,0.152796,0.557532,112.303421,25.318119,0.096054,0.993039,-0.022408,0.064387,-0.929814,132.557938,30.477396,0.152161,0.973036,-0.169296,-0.037235,2.117538,146.707169,28.151651,-0.020912,0.938245,0.109699,0.327453,-4.446516,126.91803,28.505152,0.442863,-0.56843,0.088913,-0.687644,-18.168213,127.488121,17.679762,0.231505,0.077982,-0.50037,-0.830635,-9.77628,111.950172,0.223638,0.294504,0.174469,-0.584026,-0.736031,3.14206,134.952576,-2.485797,-0.015125,0.972943,0.172268,0.153225,2.646868,126.86322,30.765236,0.362317,0.866996,0.137402,-0.313314,19.304859,126.454712,36.070278,0.034518,0.153753,0.46411,-0.871648,32.741341,112.992584,20.107801,0.040097,-0.07609,0.675172,-0.732629,19.975691,132.522461,12.767371,0.071409,0.927622,0.231474,0.284321,-4.155707,83.948914,15.800097,0.113093,0.987884,-0.029192,0.102196,-4.186688,51.960266,-1.235355,0.017053,0.974801,0.07895,0.20794,-15.098569,5.693448,0.408501,-0.087047,0.942175,0.023073,0.322796,11.834478,84.550591,25.59194,0.081986,0.882793,-0.220659,0.406528,18.319014,48.89642,26.05291,-0.034161,0.876685,0.04135,0.478065,2.900395,6.603122,41.413059,0.017053,0.974801,0.07895,0.20794,-9.359291,1.741941,-13.250868,-0.034161,0.876685,0.04135,0.478065,15.260543,2.020917,33.579659
1200,10.0,-0.030027,0.961225,0.047734,0.269938,3.841378,84.247948,20.697094,-0.044029,0.975935,0.107317,0.184648,3.199165,91.890518,21.278229,-0.01646,0.979803,0.128259,0.152527,0.565797,112.29702,25.33012,0.095946,0.993062,-0.022359,0.064204,-0.929924,132.5504,30.491457,0.151974,0.973071,-0.169239,-0.037348,2.113514,146.700577,28.1663,-0.020965,0.938279,0.109933,0.327272,-4.444549,126.90873,28.520533,0.443128,-0.568568,0.088419,-0.687423,-18.170296,127.47905,17.7003,0.23146,0.077969,-0.500514,-0.830562,-9.781822,111.94841,0.236027,0.294325,0.174391,-0.584231,-0.735958,3.128186,134.953445,-2.474701,-0.015234,0.972946,0.172362,0.153088,2.649948,126.857582,30.777199,0.362184,0.866987,0.137328,-0.313525,19.309286,126.453125,36.078297,0.034367,0.15357,0.463974,-0.871759,32.74398,112.997177,20.109119,0.039984,-0.07623,0.675024,-0.732757,19.968988,132.525757,12.779101,0.071448,0.927608,0.231467,0.284362,-4.154624,83.948204,15.802592,0.113094,0.987896,-0.029147,0.102082,-4.18761,51.959698,-1.233134,0.016847,0.974806,0.078948,0.207933,-15.099019,5.692658,0.4078,-0.087075,0.942188,0.023123,0.322747,11.837379,84.547684,25.591595,0.081992,0.882726,-0.22075,0.406623,18.324997,48.894039,26.049475,-0.034204,0.876711,0.041313,0.478018,2.900921,6.60466,41.414913,0.016847,0.974806,0.078948,0.207933,-9.357944,1.742217,-13.251119,-0.034204,0.876711,0.041313,0.478018,15.260479,2.022119,33.580784
1201,10.008333,-0.030087,0.961255,0.047842,0.269804,3.846012,84.248428,20.700142,-0.044035,0.975953,0.107421,0.18449,3.202558,91.890785,21.282717,-0.01652,0.979809,0.128407,0.152362,0.568922,112.295654,25.339043,0.09607,0.993073,-0.022003,0.063981,-0.929331,132.547348,30.506199,0.151708,0.973078,-0.169344,-0.03776,2.116182,146.698669,28.190767,-0.02101,0.938361,0.110037,0.326999,-4.443417,126.905487,28.534883,0.44317,-0.568663,0.088168,-0.68735,-18.175346,127.474426,17.722427,0.231339,0.077792,-0.500618,-0.830549,-9.790036,111.949409,0.251631,0.294136,0.174281,-0.584496,-0.735849,3.115848,134.955872,-2.464953,-0.015272,0.972947,0.172502,0.152916,2.651795,126.855194,30.789316,0.362108,0.866951,0.13722,-0.313758,19.312923,126.452316,36.084904,0.034162,0.153425,0.463981,-0.871789,32.743073,113.000175,20.108692,0.04002,-0.076345,0.674704,-0.733038,19.966469,132.531189,12.789411,0.071483,0.92765,0.231517,0.284175,-4.151274,83.948036,15.807785,0.113058,0.987897,-0.029131,0.102118,-4.18893,51.961563,-1.23176,0.016432,0.974842,0.078959,0.207794,-15.096894,5.693662,0.407625,-0.087117,0.942255,0.023043,0.322545,11.843298,84.548828,25.592497,0.082181,0.882846,-0.220744,0.406327,18.332005,48.895443,26.055449,-0.034845,0.876773,0.041054,0.477881,2.897529,6.608784,41.417915,0.016432,0.974842,0.078959,0.207794,-9.355509,1.745965,-13.251951,-0.034845,0.876773,0.041054,0.477881,15.259335,2.028679,33.585911
1202,10.016667,-0.030127,0.961287,0.047945,0.269667,3.848724,84.246979,20.70229,-0.044014,0.97597,0.107491,0.184367,3.204335,91.889153,21.286306,-0.016618,0.979805,0.128552,0.15225,0.571374,112.294662,25.346228,0.096086,0.993065,-0.02209,0.064044,-0.93124,132.544662,30.518795,0.151302,0.973138,-0.169403,-0.037575,2.115117,146.695419,28.201115,-0.021043,0.938385,0.110159,0.326888,-4.444217,126.902351,28.546757,0.443261,-0.568763,0.08806,-0.687222,-18.178648,127.471138,17.737469,0.231259,0.077687,-0.500746,-0.830505,-9.798042,111.94558,0.26489,0.293972,0.174299,-0.584687,-0.735759,3.102523,134.955902,-2.456086,-0.015319,0.972947,0.172593,0.152813,2.651459,126.853386,30.799761,0.361949,0.866994,0.137138,-0.31386,19.313643,126.452232,36.092167,0.034083,0.153317,0.463852,-0.871879,32.746357,113.005615,20.113462,0.040077,-0.076606,0.67425,-0.733425,19.96228,132.53389,12.800085,0.071561,0.927648,0.231583,0.284108,-4.149904,83.946243,15.812148,0.11301,0.987895,-0.029162,0.102185,-4.192621,51.962807,-1.233074,0.017079,0.974818,0.079028,0.207827,-15.096514,5.694035,0.408922,-0.087159,0.942325,0.02308,0.322325,11.847352,84.547722,25.592432,0.082285,0.882861,-0.22082,0.406232,18.339861,48.894989,26.052328,-0.034866,0.876751,0.040951,0.477927,2.895592,6.613132,41.418182,0.017079,0.974818,0.079028,0.207827,-9.360361,1.744773,-13.252404,-0.034866,0.876751,0.040951,0.477927,15.257971,2.030709,33.58844
1203,10.025,-0.030177,0.961312,0.048113,0.269542,3.851178,84.244087,20.704483,-0.043984,0.975943,0.107731,0.184379,3.205428,91.885963,21.290855,-0.016504,0.979799,0.128541,0.152313,0.571881,112.289032,25.360584,0.095822,0.993099,-0.022009,0.063939,-0.926317,132.539322,30.53334,0.151155,0.973149,-0.169427,-0.037792,2.111981,146.692062,28.217131,-0.021122,0.938416,0.11054,0.326665,-4.440475,126.897896,28.560867,0.443186,-0.56887,0.087995,-0.68719,-18.17989,127.467575,17.757952,0.231083,0.077455,-0.500873,-0.830499,-9.804766,111.94413,0.280872,0.293886,0.174159,-0.5848,-0.735736,3.091206,134.956757,-2.447281,-0.015458,0.972941,0.172769,0.152637,2.654972,126.84716,30.814562,0.361879,0.866936,0.137228,-0.314061,19.318892,126.450859,36.101879,0.034219,0.153018,0.463757,-0.871977,32.747852,113.011063,20.114275,0.040253,-0.07691,0.674193,-0.733436,19.95496,132.537064,12.809986,0.071554,0.927672,0.231668,0.283963,-4.148664,83.943161,15.816334,0.113023,0.987905,-0.029166,0.102075,-4.191655,51.962505,-1.23412,0.016717,0.97484,0.078988,0.207771,-15.096656,5.694046,0.409387,-0.087149,0.942319,0.023126,0.322342,11.851021,84.545013,25.592634,0.082321,0.882892,-0.220873,0.406128,18.343893,48.8923,26.049248,-0.034242,0.876768,0.041135,0.477926,2.896561,6.613213,41.419659,0.016717,0.97484,0.078988,0.207771,-9.358614,1.745656,-13.251402,-0.034242,0.876768,0.041135,0.477926,15.254098,2.026618,33.584709
1204,10.033333,-0.030126,0.961359,0.048148,0.269376,3.852828,84.241364,20.706705,-0.044003,0.975952,0.107819,0.184271,3.207786,91.883232,21.293901,-0.016506,0.979796,0.128677,0.152215,0.573079,112.286713,25.367611,0.095573,0.993139,-0.021916,0.063719,-0.925537,132.535522,30.546003,0.151204,0.973143,-0.169358,-0.038046,2.104618,146.690247,28.231236,-0.021271,0.938429,0.110799,0.326531,-4.43968,126.894363,28.572727,0.443221,-0.568963,0.087828,-0.687111,-18.181932,127.461586,17.7733,0.230997,0.077366,-0.50094,-0.83049,-9.810615,111.941147,0.291732,0.293811,0.174029,-0.584957,-0.735673,3.082737,134.955475,-2.438926,-0.015491,0.972943,0.172851,0.15253,2.656208,126.843536,30.825022,0.361775,0.866913,0.137264,-0.314228,19.321228,126.448547,36.108959,0.034239,0.15285,0.463667,-0.872054,32.748699,113.015343,20.114582,0.040287,-0.077141,0.67414,-0.733459,19.94916,132.53949,12.816584,0.071479,0.927724,0.231738,0.283754,-4.148743,83.941345,15.821333,0.113059,0.98792,-0.029106,0.101902,-4.189092,51.962273,-1.23208,0.016811,0.974834,0.078954,0.207805,-15.096511,5.694241,0.407347,-0.087111,0.942369,0.023122,0.322206,11.854399,84.541374,25.592073,0.082333,0.882894,-0.220874,0.40612,18.344645,48.888168,26.047165,-0.034807,0.876772,0.040991,0.47789,2.896334,6.60935,41.417332,0.016811,0.974834,0.078954,0.207805,-9.358546,1.744293,-13.253016,-0.034807,0.876772,0.040991,0.47789,15.257704,2.027098,33.585892
1205,10.041667,-0.030109,0.961374,0.048243,0.269305,3.852421,84.238968,20.709047,-0.04405,0.976009,0.107765,0.183989,3.207293,91.880714,21.297766,-0.016664,0.979821,0.128894,0.151853,0.571717,112.28849,25.370455,0.095732,0.993138,-0.021782,0.063543,-0.932806,132.534744,30.557125,0.151068,0.973145,-0.169454,-0.038122,2.100948,146.68927,28.245943,-0.021235,0.938435,0.11065,0.326567,-4.445665,126.892662,28.584232,0.443428,-0.56896,0.087708,-0.686996,-18.187138,127.459503,17.783794,0.231022,0.077334,-0.501037,-0.830428,-9.814578,111.937881,0.303861,0.293721,0.173907,-0.585047,-0.735666,3.073704,134.954239,-2.430279,-0.01548,0.97292,0.173008,0.152498,2.651786,126.844337,30.831654,0.361623,0.866969,0.136847,-0.31443,19.317165,126.448318,36.114376,0.034092,0.152848,0.463613,-0.872089,32.743816,113.015495,20.118988,0.0404,-0.077267,0.674107,-0.733469,19.941233,132.540009,12.82395,0.071453,0.927753,0.231773,0.283639,-4.149887,83.939682,15.824837,0.113033,0.987927,-0.029082,0.101872,-4.189806,51.961506,-1.230265,0.016788,0.974849,0.078979,0.207724,-15.094577,5.692783,0.407442,-0.087036,0.942354,0.023285,0.322261,11.854729,84.538254,25.593258,0.082218,0.882815,-0.220975,0.406262,18.343672,48.884659,26.03578,-0.034213,0.876752,0.041168,0.477954,2.898779,6.608272,41.41605,0.016788,0.974849,0.078979,0.207724,-9.358513,1.743781,-13.253996,-0.034213,0.876752,0.041168,0.477954,15.25668,2.022114,33.581421
1206,10.05,-0.030127,0.961395,0.04836,0.269208,3.853272,84.238152,20.710613,-0.044,0.975975,0.107992,0.18405,3.207456,91.879715,21.301048,-0.016548,0.979802,0.128912,0.151971,0.57254,112.281349,25.382301,0.095487,0.993157,-0.021844,0.063589,-0.927976,132.527573,30.57028,0.150818,0.973178,-0.169491,-0.038091,2.099072,146.683197,28.256998,-0.021313,0.938499,0.110726,0.32635,-4.441843,126.886513,28.596205,0.443407,-0.56902,0.087573,-0.686977,-18.188158,127.450737,17.801785,0.230861,0.077187,-0.501148,-0.830419,-9.817823,111.93309,0.317261,0.29355,0.173827,-0.585158,-0.735665,3.066589,134.95314,-2.420674,-0.015644,0.972928,0.173094,0.152333,2.65513,126.836227,30.845097,0.361536,0.866907,0.136967,-0.31465,19.32209,126.446358,36.123306,0.034177,0.152605,0.463458,-0.87221,32.744984,113.021782,20.117832,0.040444,-0.077272,0.674144,-0.733433,19.931541,132.542542,12.830424,0.071427,0.927776,0.231763,0.283577,-4.15,83.939026,15.827971,0.113095,0.987942,-0.029001,0.101681,-4.189551,51.960266,-1.226027,0.016892,0.974822,0.078929,0.207861,-15.098964,5.692425,0.405568,-0.087019,0.942373,0.023295,0.322209,11.856544,84.537277,25.593254,0.082237,0.882805,-0.220996,0.406269,18.344603,48.883499,26.034407,-0.034319,0.876751,0.041064,0.477958,2.89727,6.608305,41.415508,0.016892,0.974822,0.078929,0.207861,-9.360316,1.74126,-13.254161,-0.034319,0.876751,0.041064,0.477958,15.255749,2.021003,33.582455
1207,10.058333,-0.030205,0.96142,0.048358,0.26911,3.855995,84.234741,20.716854,-0.044087,0.97603,0.107862,0.183811,3.209082,91.876228,21.307009,-0.016681,0.979816,0.129151,0.151667,0.571906,112.283852,25.38398,0.095602,0.993168,-0.021608,0.063325,-0.933972,132.527298,30.5812,0.150803,0.973161,-0.169541,-0.038381,2.094929,146.683517,28.274036,-0.021254,0.938496,0.110871,0.326316,-4.446647,126.88562,28.606808,0.443513,-0.569027,0.087561,-0.686904,-18.193829,127.4533,17.813686,0.230892,0.077138,-0.501177,-0.830398,-9.823814,111.93322,0.331172,0.29343,0.173864,-0.585216,-0.735658,3.059187,134.953003,-2.410146,-0.015648,0.972907,0.173229,0.152314,2.651634,126.837326,30.851606,0.361401,0.866934,0.136959,-0.314732,19.318794,126.44696,36.129124,0.034253,0.152427,0.463353,-0.872294,32.743961,113.028145,20.120733,0.040715,-0.077378,0.674251,-0.733308,19.922722,132.546661,12.838575,0.071539,0.92778,0.231894,0.283428,-4.148178,83.93409,15.835786,0.113016,0.987931,-0.029044,0.10186,-4.195063,51.960884,-1.228611,0.01678,0.974833,0.078965,0.207807,-15.097886,5.6916,0.405895,-0.086988,0.942414,0.023337,0.322095,11.860168,84.535393,25.597923,0.082297,0.882864,-0.221016,0.406117,18.347174,48.881363,26.034632,-0.034241,0.876756,0.041199,0.477942,2.896739,6.607929,41.417454,0.01678,0.974833,0.078965,0.207807,-9.359522,1.742168,-13.254452,-0.034241,0.876756,0.041199,0.477942,15.254805,2.022945,33.582394
1208,10.066667,-0.030256,0.961426,0.048631,0.269033,3.857167,84.235939,20.713121,-0.044086,0.976025,0.108003,0.183759,3.208432,91.876968,21.307144,-0.0167,0.979804,0.129293,0.15162,0.570354,112.284042,25.390079,0.095515,0.993182,-0.021546,0.063269,-0.936909,132.52594,30.592966,0.150754,0.973159,-0.169583,-0.038428,2.089168,146.682999,28.287241,-0.021297,0.938482,0.110999,0.326307,-4.449245,126.884476,28.617346,0.443613,-0.569085,0.087465,-0.686805,-18.19656,127.452209,17.824385,0.230938,0.077186,-0.501236,-0.830345,-9.828938,111.931763,0.341038,0.293528,0.17387,-0.585292,-0.735557,3.050683,134.953766,-2.400331,-0.015714,0.972892,0.173393,0.152213,2.649241,126.83622,30.861496,0.361295,0.866957,0.136771,-0.314873,19.317402,126.44783,36.136021,0.034172,0.152413,0.463304,-0.872326,32.741962,113.031181,20.125292,0.040855,-0.077359,0.674054,-0.733483,19.918369,132.548843,12.845464,0.071459,0.927843,0.23181,0.283311,-4.147726,83.935684,15.833206,0.113056,0.987942,-0.028988,0.101732,-4.193257,51.958824,-1.22434,0.016629,0.97484,0.079077,0.207744,-15.099068,5.690086,0.405934,-0.08704,0.942451,0.023278,0.321974,11.862061,84.536201,25.593033,0.082355,0.882873,-0.221064,0.40606,18.351246,48.882629,26.034197,-0.034399,0.876782,0.041072,0.477895,2.895203,6.612143,41.419506,0.016629,0.97484,0.079077,0.207744,-9.360663,1.744779,-13.255589,-0.034399,0.876782,0.041072,0.477895,15.253322,2.02614,33.585129
1209,10.075,-0.030256,0.961457,0.048579,0.268935,3.857303,84.23407,20.718357,-0.044117,0.976038,0.10804,0.183662,3.208849,91.875183,21.311678,-0.016731,0.979807,0.129384,0.151519,0.56949,112.282959,25.39637,0.095454,0.993192,-0.02146,0.063233,-0.939106,132.523804,30.602884,0.150639,0.973171,-0.169623,-0.038406,2.084961,146.681671,28.299395,-0.021303,0.938515,0.110999,0.326212,-4.451171,126.882278,28.627008,0.443707,-0.569108,0.087333,-0.686741,-18.200657,127.449402,17.836786,0.230945,0.077216,-0.501281,-0.830313,-9.8332,111.930534,0.351968,0.29349,0.173896,-0.585276,-0.735579,3.043485,134.953613,-2.388883,-0.015796,0.972878,0.173515,0.152157,2.647751,126.834465,30.869787,0.361215,0.866966,0.136773,-0.314941,19.316422,126.448547,36.142872,0.034248,0.15235,0.463199,-0.87239,32.741753,113.03569,20.129625,0.040914,-0.077419,0.674057,-0.73347,19.912443,132.549927,12.850454,0.071449,0.927867,0.231902,0.28316,-4.148582,83.933449,15.840096,0.113072,0.987951,-0.028958,0.101635,-4.194202,51.959579,-1.223055,0.016603,0.974836,0.079049,0.207776,-15.100995,5.691013,0.405319,-0.087006,0.942465,0.023336,0.321941,11.863189,84.534691,25.596619,0.082358,0.882883,-0.221084,0.406026,18.351439,48.880886,26.032764,-0.034389,0.8768,0.041067,0.477863,2.895002,6.61127,41.420048,0.016603,0.974836,0.079049,0.207776,-9.361534,1.745014,-13.255562,-0.034389,0.8768,0.041067,0.477863,15.252453,2.02499,33.584785
1210,10.083333,-0.030276,0.96147,0.048771,0.268851,3.857591,84.235397,20.717821,-0.044007,0.975999,0.108303,0.183739,3.208091,91.876198,21.313938,-0.016715,0.979789,0.12934,0.151678,0.571562,112.27729,25.409008,0.095179,0.993223,-0.021372,0.063184,-0.936935,132.518646,30.613619,0.150671,0.973167,-0.169572,-0.038594,2.07897,146.678558,28.311977,-0.021402,0.938592,0.111049,0.325968,-4.448863,126.877274,28.637043,0.443577,-0.569128,0.087199,-0.686825,-18.203772,127.440735,17.85354,0.230786,0.07718,-0.50134,-0.830325,-9.836327,111.929321,0.362113,0.293439,0.173902,-0.585275,-0.735598,3.037974,134.955002,-2.376853,-0.01584,0.972904,0.173435,0.152079,2.649352,126.829018,30.88205,0.361157,0.866933,0.136553,-0.315193,19.318796,126.445518,36.152851,0.034225,0.152305,0.463203,-0.872396,32.738323,113.034019,20.1336,0.041065,-0.077509,0.673927,-0.733572,19.908304,132.54921,12.85665,0.071575,0.927845,0.231833,0.283255,-4.149113,83.93528,15.840873,0.112969,0.987942,-0.028928,0.101844,-4.202951,51.960403,-1.220368,0.016515,0.974846,0.079071,0.207725,-15.100284,5.68946,0.403864,-0.086983,0.942477,0.023369,0.32191,11.864295,84.535507,25.594769,0.082399,0.882957,-0.221082,0.405858,18.351782,48.881531,26.02795,-0.034429,0.876786,0.040962,0.477895,2.894923,6.61248,41.416355,0.016515,0.974846,0.079071,0.207725,-9.361291,1.744639,-13.257551,-0.034429,0.876786,0.040962,0.477895,15.252855,2.024085,33.583088
1211,10.091667,-0.030225,0.961499,0.048804,0.268745,3.85566,84.234756,20.719889,-0.043988,0.976002,0.108415,0.18366,3.206849,91.875557,21.31679,-0.016848,0.979787,0.1294,0.151625,0.570558,112.275826,25.416756,0.095114,0.993237,-0.021236,0.06311,-0.943489,132.516342,30.622995,0.150719,0.973163,-0.169531,-0.038694,2.070077,146.677322,28.324879,-0.021362,0.938615,0.111225,0.325843,-4.453908,126.874092,28.646242,0.443563,-0.569077,0.087199,-0.686877,-18.211708,127.440384,17.866579,0.23077,0.077188,-0.501358,-0.830317,-9.841346,111.930252,0.375398,0.293426,0.173928,-0.585142,-0.735703,3.032161,134.957047,-2.363138,-0.015911,0.972902,0.173512,0.151996,2.644481,126.827744,30.890741,0.361123,0.866947,0.136631,-0.315159,19.314735,126.446747,36.15918,0.034321,0.152252,0.463134,-0.872438,32.736534,113.037407,20.140017,0.041117,-0.077556,0.673966,-0.733529,19.903053,132.549271,12.863213,0.07148,0.927874,0.231863,0.283162,-4.152173,83.935623,15.844729,0.113039,0.987957,-0.028859,0.10164,-4.200736,51.960766,-1.216568,0.016916,0.974807,0.079047,0.207884,-15.103579,5.690947,0.402775,-0.086995,0.942537,0.023365,0.32173,11.863492,84.53389,25.595049,0.082408,0.883008,-0.221065,0.405753,18.351772,48.880039,26.027554,-0.034505,0.876812,0.04088,0.477848,2.896637,6.610417,41.416145,0.016916,0.974807,0.079047,0.207884,-9.364229,1.743061,-13.25761,-0.034505,0.876812,0.04088,0.477848,15.254076,2.020999,33.582695
1212,10.1,-0.030219,0.961522,0.04887,0.268651,3.857077,84.234917,20.721186,-0.043996,0.97601,0.108485,0.183575,3.208142,91.875626,21.319147,-0.016889,0.979786,0.1295,0.151542,0.571434,112.274567,25.422005,0.095039,0.993248,-0.02117,0.063075,-0.944497,132.513931,30.632168,0.150621,0.973184,-0.1695,-0.038671,2.066694,146.675674,28.335699,-0.021475,0.938675,0.111235,0.325661,-4.454472,126.871574,28.654934,0.443641,-0.569102,0.086916,-0.686842,-18.216255,127.433517,17.880131,0.230737,0.077344,-0.501378,-0.8303,-9.844849,111.93045,0.383183,0.293339,0.174032,-0.585105,-0.735743,3.026329,134.959366,-2.347885,-0.015941,0.972903,0.173539,0.151957,2.644271,126.82576,30.898321,0.361069,0.866956,0.136595,-0.315211,19.314905,126.4459,36.165619,0.034322,0.15219,0.46307,-0.872483,32.736992,113.038528,20.14506,0.041139,-0.077633,0.673903,-0.733577,19.898935,132.549973,12.870201,0.07149,0.92792,0.231841,0.283024,-4.151715,83.936134,15.847583,0.113002,0.987971,-0.028799,0.101564,-4.203901,51.96064,-1.21251,0.016452,0.974838,0.079041,0.207781,-15.10264,5.689698,0.40239,-0.086943,0.942565,0.023248,0.32167,11.86587,84.533707,25.59479,0.082404,0.883021,-0.220995,0.405765,18.347914,48.878799,26.033646,-0.034405,0.876797,0.041039,0.477869,2.895442,6.606164,41.416626,0.016452,0.974838,0.079041,0.207781,-9.361585,1.744287,-13.257988,-0.034405,0.876797,0.041039,0.477869,15.253037,2.019413,33.581863
1213,10.108333,-0.03023,0.961543,0.048949,0.268563,3.856257,84.235466,20.723894,-0.043891,0.976025,0.108604,0.183453,3.206885,91.876045,21.323023,-0.017122,0.979789,0.129555,0.151448,0.57415,112.273811,25.431738,0.095082,0.99325,-0.021077,0.062997,-0.951177,132.512253,30.642754,0.150596,0.973186,-0.169483,-0.038793,2.060784,146.67424,28.348783,-0.021447,0.938671,0.111323,0.325643,-4.458599,126.86821,28.665777,0.443687,-0.569137,0.086788,-0.686799,-18.220823,127.431992,17.891636,0.230717,0.077495,-0.50139,-0.830284,-9.850328,111.931381,0.392087,0.293307,0.174163,-0.585028,-0.735786,3.018714,134.961731,-2.33196,-0.015986,0.972913,0.173546,0.15188,2.64045,126.825859,30.908268,0.36097,0.867005,0.136117,-0.315396,19.311848,126.447937,36.173298,0.034093,0.152239,0.463104,-0.872465,32.731701,113.03772,20.153254,0.041295,-0.077618,0.67383,-0.733637,19.894764,132.553558,12.880919,0.071453,0.927964,0.231869,0.282868,-4.153405,83.936775,15.85172,0.11304,0.987958,-0.028792,0.101642,-4.205397,51.961838,-1.209408,0.01663,0.974817,0.079044,0.207865,-15.107674,5.691666,0.403583,-0.087008,0.942655,0.023191,0.321393,11.86592,84.534157,25.596069,0.082536,0.883137,-0.220963,0.405502,18.351221,48.87989,26.03845,-0.034531,0.876819,0.040894,0.477832,2.893521,6.60798,41.418137,0.01663,0.974817,0.079044,0.207865,-9.366064,1.74528,-13.256282,-0.034531,0.876819,0.040894,0.477832,15.250969,2.01929,33.584286
1214,10.116667,-0.030285,0.961574,0.048939,0.268446,3.858288,84.233055,20.729448,-0.044011,0.97606,0.108547,0.183268,3.208223,91.873596,21.328281,-0.017313,0.979792,0.129763,0.15123,0.570787,112.279343,25.43585,0.095329,0.993229,-0.021072,0.062961,-0.962537,132.515244,30.654377,0.15045,0.973208,-0.169498,-0.038745,2.05629,146.675842,28.360888,-0.021371,0.938667,0.111243,0.325687,-4.467929,126.870155,28.676826,0.443733,-0.569048,0.086831,-0.686837,-18.229273,127.435684,17.901649,0.230757,0.077584,-0.501425,-0.830244,-9.854124,111.934105,0.405191,0.293248,0.174389,-0.584947,-0.73582,3.011779,134.96521,-2.316466,-0.015849,0.972911,0.173594,0.151851,2.632004,126.830528,30.916559,0.360739,0.867127,0.135893,-0.315422,19.303858,126.447868,36.179794,0.033909,0.15231,0.462982,-0.872525,32.731182,113.042068,20.162317,0.041313,-0.077681,0.673752,-0.733701,19.889753,132.555313,12.890887,0.071572,0.927976,0.231925,0.282752,-4.15249,83.933205,15.859178,0.11298,0.987953,-0.028781,0.101766,-4.213384,51.961372,-1.207735,0.016784,0.974805,0.079086,0.20789,-15.110252,5.689862,0.403399,-0.087004,0.942703,0.023186,0.321255,11.869066,84.532913,25.599718,0.082597,0.883151,-0.220968,0.405458,18.354061,48.878582,26.041338,-0.034631,0.876827,0.040951,0.477806,2.891895,6.607848,41.419823,0.016784,0.974805,0.079086,0.20789,-9.369373,1.743835,-13.256878,-0.034631,0.876827,0.040951,0.477806,15.250026,2.022024,33.585361
1215,10.125,-0.030324,0.961595,0.049001,0.268357,3.857835,84.233902,20.732962,-0.04407,0.976075,0.108598,0.183143,3.206991,91.874321,21.332611,-0.01721,0.979809,0.129828,0.151072,0.567269,112.279465,25.442144,0.095195,0.993256,-0.020917,0.062788,-0.961395,132.514816,30.664209,0.150393,0.973217,-0.169464,-0.038893,2.052677,146.677017,28.374348,-0.02144,0.938685,0.111282,0.325618,-4.468266,126.870499,28.687016,0.443931,-0.569138,0.086504,-0.686676,-18.231083,127.433922,17.913612,0.230835,0.077787,-0.501431,-0.8302,-9.858179,111.936615,0.412284,0.293245,0.174526,-0.584968,-0.735772,3.004959,134.96817,-2.302619,-0.015964,0.972912,0.17356,0.151872,2.632428,126.829552,30.924314,0.360788,0.867085,0.135941,-0.315461,19.303936,126.450882,36.188931,0.033952,0.152174,0.462982,-0.872547,32.728298,113.044762,20.169228,0.041346,-0.077769,0.673666,-0.733768,19.884787,132.558517,12.902449,0.071516,0.928008,0.231961,0.282633,-4.153797,83.933563,15.864128,0.1131,0.987942,-0.028724,0.101754,-4.212349,51.962376,-1.204005,0.016841,0.974757,0.079054,0.208124,-15.119748,5.693123,0.400798,-0.086962,0.942724,0.023252,0.3212,11.869467,84.534248,25.601795,0.082613,0.883225,-0.220989,0.40528,18.353125,48.879601,26.03756,-0.034723,0.876845,0.040821,0.477776,2.891934,6.610015,41.420151,0.016841,0.974757,0.079054,0.208124,-9.373148,1.745632,-13.256647,-0.034723,0.876845,0.040821,0.477776,15.249826,2.022177,33.586494
1216,10.133333,-0.03032,0.961605,0.049115,0.268298,3.856922,84.234787,20.734566,-0.044055,0.976073,0.108694,0.183102,3.205703,91.875031,21.335958,-0.017304,0.979803,0.129892,0.151048,0.565859,112.280594,25.449848,0.095254,0.993251,-0.020808,0.062825,-0.966915,132.515106,30.673918,0.150252,0.973234,-0.169498,-0.038859,2.048847,146.67749,28.387428,-0.021393,0.938694,0.111237,0.325611,-4.472653,126.870262,28.69626,0.443927,-0.569178,0.086404,-0.686659,-18.235699,127.434669,17.923185,0.230825,0.077935,-0.501388,-0.830215,-9.864198,111.940086,0.418773,0.293272,0.174567,-0.585002,-0.735724,3.000002,134.971832,-2.288742,-0.015987,0.972908,0.173631,0.151811,2.628107,126.830582,30.933384,0.360757,0.867109,0.135854,-0.315468,19.300241,126.452675,36.196102,0.03392,0.152108,0.462981,-0.87256,32.72546,113.046135,20.177464,0.041442,-0.077911,0.673605,-0.733804,19.880865,132.560608,12.914066,0.071499,0.928048,0.231929,0.28253,-4.15531,83.935028,15.866676,0.113091,0.987959,-0.028652,0.101624,-4.215303,51.962578,-1.199099,0.016772,0.974756,0.07903,0.208145,-15.12105,5.69275,0.400418,-0.086943,0.942786,0.023142,0.32103,11.869153,84.534546,25.602457,0.082578,0.883216,-0.220913,0.405349,18.349096,48.879295,26.04414,-0.034687,0.876855,0.040956,0.47775,2.892449,6.605938,41.420956,0.016772,0.974756,0.07903,0.208145,-9.373265,1.744925,-13.256436,-0.034687,0.876855,0.040956,0.47775,15.250116,2.021037,33.585217
1217,10.141667,-0.030326,0.961614,0.049167,0.268257,3.856707,84.234024,20.736425,-0.043763,0.976086,0.108771,0.183058,3.205222,91.874184,21.338593,-0.017699,0.979788,0.129901,0.151087,0.577433,112.276199,25.457243,0.095231,0.993255,-0.020661,0.06284,-0.971834,132.510025,30.679087,0.150239,0.973256,-0.169365,-0.038935,2.043143,146.673264,28.396814,-0.021166,0.938719,0.111478,0.32547,-4.472873,126.862312,28.701328,0.443804,-0.569183,0.086496,-0.686723,-18.239458,127.436378,17.933304,0.230733,0.077901,-0.501402,-0.830235,-9.869018,111.941742,0.428428,0.293274,0.174562,-0.584963,-0.735756,2.994942,134.974365,-2.278258,-0.01607,0.972882,0.173778,0.151802,2.627502,126.828293,30.939758,0.360771,0.867078,0.135739,-0.315587,19.299641,126.452484,36.202599,0.033833,0.152026,0.462978,-0.87258,32.720623,113.044884,20.181303,0.04135,-0.077993,0.67354,-0.73386,19.874149,132.561188,12.922922,0.071477,0.928085,0.231924,0.282418,-4.15593,83.934387,15.869199,0.11309,0.987966,-0.028589,0.101573,-4.216622,51.961552,-1.195847,0.016736,0.974753,0.07903,0.208158,-15.121576,5.691359,0.398299,-0.08694,0.942814,0.023125,0.32095,11.869345,84.533653,25.603649,0.082627,0.883275,-0.220865,0.405236,18.348732,48.878315,26.045877,-0.03483,0.876863,0.040869,0.477731,2.891695,6.603733,41.418915,0.016736,0.974753,0.07903,0.208158,-9.373067,1.743716,-13.258301,-0.03483,0.876863,0.040869,0.477731,15.24996,2.018628,33.58424
1218,10.15,-0.030349,0.961618,0.049194,0.268234,3.853478,84.232971,20.740091,-0.04408,0.976078,0.108794,0.183012,3.201552,91.873077,21.342562,-0.01734,0.979797,0.13005,0.150943,0.559982,112.280426,25.461119,0.095058,0.993284,-0.020684,0.062635,-0.974681,132.513168,30.691507,0.150314,0.973258,-0.169263,-0.039047,2.034545,146.677353,28.407595,-0.021214,0.938675,0.111337,0.325644,-4.479996,126.868401,28.712875,0.443791,-0.5692,0.086507,-0.686716,-18.242559,127.439972,17.939571,0.230744,0.077956,-0.501377,-0.830242,-9.87317,111.945023,0.43449,0.293351,0.174538,-0.58493,-0.735757,2.991368,134.976837,-2.269726,-0.016047,0.972886,0.173845,0.151705,2.621216,126.829079,30.948565,0.360736,0.867123,0.135729,-0.315507,19.294405,126.452698,36.208031,0.033851,0.15201,0.462957,-0.872592,32.71917,113.045097,20.189911,0.041382,-0.078215,0.673449,-0.733919,19.871328,132.561035,12.931663,0.07151,0.928073,0.231976,0.282408,-4.159358,83.933029,15.873212,0.113079,0.987945,-0.028607,0.101783,-4.221272,51.962261,-1.195709,0.016446,0.974744,0.078973,0.208247,-15.125661,5.691913,0.398004,-0.086965,0.942805,0.02325,0.320959,11.866315,84.532921,25.606972,0.082682,0.88336,-0.220887,0.405028,18.350273,48.878311,26.041264,-0.034788,0.876865,0.040789,0.477738,2.891496,6.605485,41.417381,0.016446,0.974744,0.078973,0.208247,-9.372059,1.744121,-13.25641,-0.034788,0.876865,0.040789,0.477738,15.249157,2.017739,33.583302
1219,10.158333,-0.030348,0.96163,0.049297,0.268174,3.852952,84.233788,20.742641,-0.043821,0.976098,0.108803,0.182962,3.200655,91.873734,21.346682,-0.017694,0.97978,0.130108,0.150964,0.570489,112.276588,25.466669,0.095208,0.993271,-0.020466,0.062686,-0.979168,132.508179,30.697063,0.150162,0.973288,-0.16921,-0.039111,2.034236,146.672562,28.419865,-0.020993,0.938712,0.11144,0.325516,-4.480226,126.860962,28.71789,0.44373,-0.569226,0.086461,-0.686738,-18.246029,127.440453,17.949158,0.230697,0.077929,-0.501357,-0.830269,-9.877741,111.948082,0.441259,0.293353,0.174495,-0.584848,-0.735832,2.987783,134.978653,-2.262458,-0.016171,0.97286,0.173961,0.151725,2.620704,126.82663,30.954548,0.360724,0.867103,0.135813,-0.315541,19.293541,126.453743,36.215366,0.033907,0.151892,0.462928,-0.872626,32.717682,113.048599,20.194675,0.041375,-0.078368,0.673556,-0.733804,19.866219,132.564514,12.939728,0.071461,0.928149,0.231981,0.282165,-4.160494,83.934319,15.876743,0.113105,0.987962,-0.028524,0.101612,-4.223546,51.963223,-1.191539,0.016658,0.974719,0.078993,0.20834,-15.129325,5.692995,0.395941,-0.086936,0.942849,0.02315,0.320847,11.866399,84.533264,25.60854,0.082644,0.883325,-0.220815,0.405152,18.346096,48.877945,26.048235,-0.034832,0.87685,0.040899,0.477753,2.89095,6.601501,41.418045,0.016658,0.974719,0.078993,0.20834,-9.375215,1.744524,-13.258058,-0.034832,0.87685,0.040899,0.477753,15.24974,2.017207,33.583733
1220,10.166667,-0.030347,0.961637,0.04933,0.268143,3.850299,84.232712,20.745537,-0.044292,0.976072,0.108841,0.182966,3.197902,91.872612,21.350088,-0.017138,0.979792,0.130227,0.15085,0.546751,112.284538,25.470156,0.09518,0.993282,-0.020371,0.062578,-0.980252,132.51564,30.709103,0.150136,0.97328,-0.169277,-0.039124,2.031777,146.680695,28.434198,-0.021126,0.938697,0.111319,0.325591,-4.487827,126.872787,28.729019,0.443677,-0.569196,0.086532,-0.686789,-18.25172,127.446854,17.957544,0.230732,0.077815,-0.501322,-0.830291,-9.882315,111.953995,0.450598,0.293364,0.174483,-0.58485,-0.735828,2.985585,134.981613,-2.258471,-0.016093,0.972851,0.174092,0.151635,2.613904,126.830315,30.963001,0.360635,0.867169,0.135682,-0.315517,19.287792,126.454628,36.220314,0.033771,0.151973,0.462897,-0.872634,32.715874,113.049904,20.202555,0.041456,-0.078221,0.673334,-0.734019,19.864622,132.564957,12.947473,0.071406,0.928198,0.232002,0.282003,-4.163457,83.933395,15.880132,0.113148,0.987958,-0.028475,0.101615,-4.22532,51.962425,-1.1884,0.016412,0.974702,0.079039,0.20842,-15.134642,5.692858,0.39404,-0.087016,0.942893,0.02324,0.320687,11.864056,84.532028,25.610941,0.082777,0.883462,-0.220857,0.404802,18.351374,48.878033,26.045269,-0.034585,0.876865,0.040923,0.477741,2.889706,6.605446,41.419147,0.016412,0.974702,0.079039,0.20842,-9.375826,1.746996,-13.258738,-0.034585,0.876865,0.040923,0.477741,15.246161,2.018233,33.582855
1221,10.175,-0.030373,0.961626,0.049325,0.26818,3.84683,84.234108,20.751644,-0.044294,0.976078,0.10881,0.182948,3.19405,91.873985,21.355999,-0.01712,0.979781,0.130363,0.150803,0.543363,112.28434,25.474476,0.095239,0.993277,-0.020324,0.062597,-0.983496,132.513992,30.719084,0.149978,0.973307,-0.169274,-0.039067,2.030209,146.678925,28.445709,-0.021164,0.938652,0.111469,0.325668,-4.491161,126.871613,28.737814,0.443593,-0.569274,0.086459,-0.686788,-18.253241,127.446457,17.964073,0.230653,0.077758,-0.501279,-0.830345,-9.887629,111.956772,0.452521,0.293287,0.174479,-0.584786,-0.735911,2.982647,134.982162,-2.256129,-0.016144,0.972849,0.174137,0.15159,2.61079,126.828659,30.971077,0.36061,0.867165,0.135608,-0.315586,19.285086,126.45472,36.227207,0.033683,0.151984,0.462929,-0.872619,32.711864,113.050423,20.208004,0.041463,-0.07819,0.673384,-0.733976,19.861883,132.567673,12.954288,0.071426,0.928213,0.231965,0.281977,-4.166527,83.934341,15.885615,0.113118,0.987937,-0.028426,0.101863,-4.231016,51.962341,-1.180972,0.016187,0.974698,0.078985,0.208478,-15.137497,5.691859,0.394382,-0.087001,0.942901,0.023249,0.320669,11.860188,84.533867,25.617674,0.082768,0.883496,-0.220802,0.404761,18.346685,48.879711,26.05089,-0.034616,0.876901,0.04097,0.47767,2.888458,6.604677,41.421467,0.016187,0.974698,0.078985,0.208478,-9.375062,1.745624,-13.256754,-0.034616,0.876901,0.04097,0.47767,15.244142,2.019097,33.583008
1222,10.183333,-0.030435,0.961633,0.049393,0.268134,3.845294,84.233025,20.753563,-0.044458,0.976064,0.108806,0.182984,3.191335,91.872742,21.35869,-0.016957,0.979769,0.13045,0.150822,0.533211,112.28701,25.47654,0.09519,0.99328,-0.020229,0.062649,-0.987571,132.51593,30.725693,0.149929,0.973317,-0.169285,-0.038953,2.024819,146.681595,28.455124,-0.021104,0.938629,0.111459,0.325742,-4.496935,126.875053,28.743176,0.443662,-0.569332,0.086388,-0.686703,-18.257433,127.452049,17.967522,0.230755,0.077747,-0.501168,-0.830384,-9.894531,111.961891,0.455099,0.293283,0.174441,-0.584787,-0.735921,2.981768,134.98378,-2.255225,-0.016101,0.972851,0.174169,0.151551,2.605017,126.829468,30.976391,0.360592,0.867185,0.13565,-0.315536,19.279783,126.454124,36.230938,0.033624,0.152023,0.462928,-0.872615,32.708786,113.050591,20.212959,0.041413,-0.078124,0.673366,-0.734003,19.860004,132.567017,12.959343,0.071481,0.92819,0.23198,0.282027,-4.168451,83.932426,15.888219,0.113089,0.987957,-0.028393,0.101715,-4.235343,51.961525,-1.18041,0.016392,0.974684,0.079053,0.208504,-15.138618,5.690253,0.393826,-0.087003,0.94293,0.023307,0.320577,11.859038,84.533623,25.618908,0.082835,0.883624,-0.220809,0.404462,18.347034,48.879684,26.047569,-0.034489,0.876886,0.04098,0.477706,2.888139,6.606016,41.421265,0.016392,0.974684,0.079053,0.208504,-9.377287,1.744857,-13.25802,-0.034489,0.876886,0.04098,0.477706,15.243358,2.018896,33.582966
1223,10.191667,-0.030391,0.961637,0.049403,0.268125,3.841225,84.230843,20.75839,-0.044464,0.976061,0.108792,0.183011,3.187888,91.870583,21.36385,-0.016925,0.97976,0.130493,0.150851,0.529267,112.287094,25.481424,0.095179,0.993281,-0.020183,0.062668,-0.990623,132.515594,30.732468,0.149932,0.97333,-0.169217,-0.03893,2.021464,146.681549,28.463268,-0.021066,0.938603,0.111489,0.325808,-4.500209,126.875099,28.749222,0.443236,-0.569332,0.086733,-0.686935,-18.259249,127.453979,17.971807,0.230503,0.077512,-0.501149,-0.830488,-9.899294,111.963104,0.458603,0.293324,0.174263,-0.584721,-0.736,2.98116,134.985062,-2.254954,-0.01605,0.972838,0.174246,0.151547,2.601627,126.828911,30.982796,0.360521,0.867207,0.135623,-0.315568,19.276487,126.451469,36.236881,0.033559,0.152075,0.462891,-0.872628,32.707047,113.0504,20.218147,0.041376,-0.078046,0.673378,-0.734002,19.857611,132.565628,12.963875,0.071467,0.928166,0.231998,0.282097,-4.172669,83.931076,15.893242,0.113067,0.987949,-0.028362,0.101825,-4.236994,51.960598,-1.176207,0.016401,0.974673,0.079083,0.208543,-15.138046,5.68867,0.39413,-0.087021,0.942936,0.023316,0.320556,11.855118,84.530602,25.623539,0.082793,0.883566,-0.220751,0.404629,18.344559,48.876919,26.05192,-0.034519,0.876875,0.041085,0.477714,2.888429,6.60016,41.419884,0.016401,0.974673,0.079083,0.208543,-9.375674,1.744056,-13.257502,-0.034519,0.876875,0.041085,0.477714,15.244502,2.016165,33.5811
1224,10.2,-0.030352,0.961644,0.049388,0.268105,3.837585,84.230057,20.762266,-0.044536,0.976057,0.10882,0.182998,3.184899,91.869858,21.367687,-0.016865,0.979763,0.130511,0.150823,0.523087,112.286362,25.485998,0.094842,0.993325,-0.02016,0.062481,-0.994307,132.514755,30.738216,0.150359,0.973299,-0.168977,-0.039084,2.007379,146.682816,28.468433,-0.020868,0.938682,0.111423,0.325616,-4.504625,126.874733,28.754925,0.443194,-0.56932,0.086683,-0.686979,-18.268337,127.458557,17.983755,0.23056,0.077302,-0.501052,-0.83055,-9.90726,111.970665,0.468458,0.293326,0.174088,-0.584647,-0.736098,2.979308,134.986374,-2.254276,-0.016076,0.97284,0.174259,0.151515,2.597363,126.827667,30.987989,0.360508,0.867209,0.135564,-0.315603,19.27253,126.451218,36.241165,0.033572,0.152097,0.462903,-0.872617,32.702438,113.049973,20.222033,0.041272,-0.078209,0.673668,-0.733725,19.853172,132.566406,12.966183,0.071402,0.928181,0.231989,0.282069,-4.176549,83.930901,15.89748,0.113073,0.98797,-0.028273,0.101638,-4.237264,51.959465,-1.170179,0.016336,0.974682,0.079096,0.208501,-15.137799,5.687204,0.39378,-0.087011,0.942935,0.023398,0.320556,11.851718,84.529205,25.627052,0.082773,0.883557,-0.220757,0.40465,18.342379,48.875675,26.049593,-0.034681,0.876877,0.041011,0.477705,2.887338,6.59883,41.418404,0.016336,0.974682,0.079096,0.208501,-9.375895,1.743361,-13.258266,-0.034681,0.876877,0.041011,0.477705,15.244393,2.015228,33.580952
1225,10.208333,-0.030349,0.961649,0.049433,0.268079,3.834195,84.228401,20.76664,-0.044525,0.976056,0.108822,0.183002,3.181386,91.868141,21.372757,-0.016867,0.979757,0.130537,0.150836,0.519695,112.286926,25.491678,0.094933,0.993319,-0.020019,0.062484,-0.998034,132.51503,30.744896,0.150352,0.973304,-0.168945,-0.039134,2.006068,146.683258,28.479353,-0.020853,0.938642,0.111449,0.325724,-4.508247,126.875076,28.761219,0.443111,-0.569377,0.086685,-0.686985,-18.269512,127.460144,17.98698,0.230511,0.077225,-0.501004,-0.8306,-9.911667,111.973251,0.469249,0.293296,0.174046,-0.584591,-0.736165,2.978224,134.987335,-2.254824,-0.01598,0.972838,0.174286,0.151512,2.593686,126.827965,30.994473,0.360592,0.867151,0.135447,-0.315715,19.269001,126.448128,36.246956,0.033498,0.152132,0.463073,-0.872524,32.692413,113.043213,20.225454,0.041293,-0.078239,0.673743,-0.733651,19.850769,132.566071,12.969886,0.07149,0.928153,0.232027,0.282107,-4.180206,83.929504,15.902272,0.112984,0.98796,-0.028278,0.101838,-4.245213,51.960266,-1.169497,0.016336,0.974688,0.079056,0.208487,-15.137815,5.686107,0.393658,-0.087031,0.942966,0.023523,0.320448,11.848595,84.527298,25.631008,0.082801,0.883627,-0.220778,0.404481,18.343555,48.874451,26.044718,-0.034471,0.876859,0.041073,0.477749,2.888331,6.59894,41.417038,0.016336,0.974688,0.079056,0.208487,-9.376394,1.741115,-13.258266,-0.034471,0.876859,0.041073,0.477749,15.244532,2.013948,33.579044
1226,10.216667,-0.030312,0.961646,0.049487,0.268084,3.828926,84.22789,20.770159,-0.044493,0.976055,0.108816,0.183022,3.176441,91.867577,21.377209,-0.016848,0.979751,0.13056,0.150859,0.51595,112.287186,25.49622,0.094906,0.993319,-0.020003,0.062524,-1.001238,132.515076,30.750448,0.150352,0.973323,-0.168856,-0.039056,2.002222,146.683533,28.48543,-0.020997,0.938613,0.111706,0.325711,-4.511579,126.875351,28.766331,0.443072,-0.569425,0.086544,-0.686988,-18.272942,127.458588,17.992125,0.230484,0.077224,-0.500963,-0.830632,-9.916592,111.976555,0.469385,0.293318,0.173986,-0.584561,-0.736195,2.975379,134.98938,-2.253369,-0.015948,0.972839,0.17428,0.151516,2.590259,126.827858,30.999868,0.360501,0.867211,0.1354,-0.315676,19.26556,126.446938,36.252293,0.033375,0.152217,0.462945,-0.872581,32.693455,113.043854,20.233007,0.041119,-0.078143,0.673425,-0.733964,19.847839,132.5625,12.976683,0.071386,0.928178,0.232007,0.282068,-4.185459,83.929932,15.905711,0.113013,0.98798,-0.028183,0.101633,-4.24467,51.958935,-1.162782,0.016281,0.974688,0.079068,0.208487,-15.138735,5.684876,0.393394,-0.087088,0.943003,0.023577,0.32032,11.84331,84.525848,25.634605,0.082818,0.883638,-0.22079,0.404445,18.343374,48.873894,26.045094,-0.034699,0.876885,0.040927,0.477696,2.88695,6.599149,41.418285,0.016281,0.974688,0.079068,0.208487,-9.376753,1.740541,-13.258479,-0.034699,0.876885,0.040927,0.477696,15.243647,2.013646,33.581387
1227,10.225,-0.03034,0.961645,0.049568,0.268068,3.825767,84.229553,20.772551,-0.044452,0.976053,0.108812,0.183044,3.172549,91.869095,21.380703,-0.016866,0.979738,0.130606,0.150899,0.513772,112.288071,25.49962,0.095244,0.993287,-0.019679,0.062635,-1.004676,132.515411,30.75552,0.15015,0.973341,-0.168928,-0.039056,2.008421,146.683472,28.500795,-0.020961,0.938596,0.111699,0.325764,-4.514623,126.875748,28.770601,0.442873,-0.56945,0.086651,-0.687082,-18.274836,127.460274,17.994986,0.230342,0.077149,-0.500948,-0.830688,-9.920822,111.979271,0.470218,0.293237,0.174033,-0.584534,-0.736237,2.972864,134.991974,-2.251663,-0.015915,0.972848,0.174239,0.151508,2.587029,126.828339,31.004738,0.360573,0.867171,0.135414,-0.315697,19.262461,126.446556,36.256714,0.033378,0.15215,0.463054,-0.872535,32.687134,113.041473,20.236393,0.041206,-0.078229,0.673477,-0.733901,19.845251,132.564133,12.98289,0.071462,0.928145,0.231978,0.282182,-4.188751,83.931496,15.908325,0.112946,0.987992,-0.028131,0.101602,-4.251592,51.960297,-1.159775,0.015981,0.974705,0.079071,0.208431,-15.138912,5.684525,0.392549,-0.087102,0.94301,0.02353,0.320301,11.840284,84.527611,25.636778,0.082781,0.883606,-0.220752,0.404544,18.340229,48.875675,26.05064,-0.034731,0.876914,0.040956,0.477638,2.886477,6.598777,41.420601,0.015981,0.974705,0.079071,0.208431,-9.375513,1.74197,-13.259247,-0.034731,0.876914,0.040956,0.477638,15.242565,2.014446,33.582043
1228,10.233333,-0.030403,0.961643,0.049827,0.268022,3.824453,84.232925,20.770636,-0.04448,0.976043,0.108882,0.183048,3.169259,91.872009,21.382376,-0.016824,0.979737,0.130609,0.150912,0.508912,112.289299,25.50374,0.095291,0.993282,-0.019605,0.06266,-1.007909,132.516663,30.760035,0.150181,0.973353,-0.168839,-0.039022,2.006541,146.684784,28.507605,-0.020928,0.938575,0.111772,0.3258,-4.518301,126.877335,28.774946,0.442808,-0.569466,0.086688,-0.687106,-18.277729,127.463936,17.998438,0.230337,0.077161,-0.500905,-0.830714,-9.924979,111.983017,0.472987,0.293263,0.174076,-0.584521,-0.736227,2.970707,134.9944,-2.247623,-0.015827,0.972845,0.174191,0.151589,2.583312,126.829269,31.009192,0.360524,0.8672,0.135223,-0.315754,19.25798,126.444244,36.263359,0.033231,0.152187,0.463101,-0.87251,32.68259,113.038132,20.243851,0.041311,-0.07817,0.673439,-0.733936,19.843485,132.563095,12.992292,0.071511,0.92815,0.231878,0.282234,-4.190458,83.934975,15.907046,0.112827,0.988007,-0.028097,0.1016,-4.257774,51.960934,-1.155718,0.016264,0.974716,0.079175,0.208316,-15.133739,5.682421,0.39458,-0.087114,0.942994,0.023533,0.320344,11.839364,84.530876,25.634226,0.082839,0.8837,-0.220757,0.404324,18.340176,48.879101,26.048452,-0.034619,0.876904,0.040923,0.477667,2.885278,6.603307,41.420303,0.016264,0.974716,0.079175,0.208316,-9.375978,1.741464,-13.260057,-0.034619,0.876904,0.040923,0.477667,15.240741,2.016549,33.582176
1229,10.241667,-0.030426,0.961652,0.04966,0.268019,3.823107,84.23082,20.779657,-0.044524,0.976043,0.108843,0.183061,3.168271,91.87014,21.388842,-0.016815,0.979732,0.130629,0.150925,0.506151,112.289345,25.508579,0.095408,0.993273,-0.01949,0.06266,-1.010483,132.51651,30.765724,0.150166,0.973362,-0.16879,-0.039081,2.007127,146.684525,28.516827,-0.020891,0.938584,0.111685,0.325808,-4.520915,126.877304,28.780306,0.442696,-0.569504,0.08668,-0.687148,-18.280224,127.464165,18.003666,0.230281,0.077179,-0.500871,-0.830748,-9.929539,111.985672,0.475092,0.293248,0.174176,-0.584521,-0.736209,2.967978,134.996765,-2.242726,-0.015783,0.972839,0.174201,0.15162,2.580645,126.829056,31.014713,0.360591,0.867152,0.135456,-0.31571,19.255028,126.442291,36.269646,0.033393,0.152027,0.463133,-0.872514,32.678623,113.037506,20.248188,0.041454,-0.078213,0.673645,-0.733735,19.838978,132.562424,12.999895,0.071414,0.928201,0.231992,0.281998,-4.191805,83.931625,15.916152,0.112946,0.98808,-0.027915,0.100803,-4.254503,51.960415,-1.151928,0.016317,0.974676,0.079147,0.208509,-15.138608,5.683508,0.38892,-0.08708,0.943019,0.02362,0.320273,11.83802,84.530022,25.643162,0.082825,0.883701,-0.220744,0.404333,18.338572,48.878109,26.05019,-0.034745,0.876917,0.040927,0.477635,2.885155,6.601548,41.421413,0.016317,0.974676,0.079147,0.208509,-9.376177,1.741256,-13.263369,-0.034745,0.876917,0.040927,0.477635,15.241197,2.016678,33.583099
1230,10.25,-0.030436,0.961647,0.049723,0.268023,3.819643,84.230469,20.781981,-0.044505,0.97604,0.108868,0.183064,3.164395,91.869682,21.392048,-0.016784,0.979736,0.130603,0.150929,0.502798,112.289093,25.513012,0.095374,0.993285,-0.019353,0.062559,-1.012426,132.516602,30.769291,0.150394,0.973348,-0.168629,-0.039245,2.003612,146.685501,28.523926,-0.02085,0.938588,0.111702,0.325792,-4.523252,126.877548,28.784117,0.442595,-0.569536,0.086706,-0.687183,-18.282976,127.465866,18.008089,0.230227,0.07722,-0.500834,-0.830782,-9.934331,111.988518,0.477532,0.293284,0.174197,-0.584446,-0.736249,2.964688,134.99884,-2.236404,-0.015857,0.972835,0.174219,0.151621,2.578306,126.828888,31.018526,0.36073,0.867114,0.13545,-0.31566,19.252596,126.444557,36.273933,0.033579,0.15192,0.463181,-0.8725,32.672794,113.034058,20.254406,0.041502,-0.07856,0.673563,-0.733771,19.833826,132.559387,13.006508,0.071358,0.928243,0.231949,0.281908,-4.19522,83.931404,15.918386,0.112919,0.988056,-0.027891,0.101074,-4.256775,51.958168,-1.145898,0.016231,0.974684,0.079203,0.208459,-15.138553,5.680543,0.389939,-0.087044,0.942992,0.023595,0.320363,11.834507,84.529533,25.645575,0.082663,0.883516,-0.220676,0.404807,18.332041,48.877098,26.054079,-0.0348,0.876867,0.041039,0.477713,2.886392,6.595126,41.418236,0.016231,0.974684,0.079203,0.208459,-9.3765,1.740434,-13.263128,-0.0348,0.876867,0.041039,0.477713,15.244781,2.013948,33.581467
1231,10.258333,-0.030409,0.961652,0.049689,0.268014,3.814605,84.231598,20.787071,-0.044507,0.976039,0.108901,0.183052,3.159909,91.870888,21.396749,-0.016777,0.97974,0.13058,0.150918,0.498026,112.289986,25.519049,0.095497,0.993263,-0.019432,0.062695,-1.016725,132.517746,30.774454,0.150286,0.973378,-0.168608,-0.038999,2.003503,146.685501,28.527494,-0.020757,0.938555,0.111681,0.325901,-4.527695,126.878677,28.789616,0.442617,-0.569558,0.086726,-0.687148,-18.28508,127.470276,18.010784,0.230211,0.077297,-0.500812,-0.830792,-9.937848,111.991287,0.481008,0.293232,0.174236,-0.584383,-0.736311,2.961704,135.001816,-2.228825,-0.0158,0.972839,0.174209,0.15161,2.573914,126.829994,31.023857,0.360784,0.8671,0.135477,-0.315626,19.248381,126.443848,36.278553,0.033589,0.151907,0.46321,-0.872487,32.667725,113.031494,20.259867,0.041451,-0.078634,0.673499,-0.733824,19.83004,132.557434,13.012468,0.071327,0.928251,0.231933,0.281903,-4.200377,83.932846,15.923656,0.112846,0.98809,-0.027814,0.100852,-4.260345,51.958752,-1.139034,0.015896,0.97472,0.079172,0.208329,-15.134258,5.679145,0.39278,-0.087054,0.942975,0.02371,0.320403,11.829587,84.53035,25.650486,0.082684,0.883615,-0.220653,0.404598,18.330416,48.878422,26.051638,-0.03473,0.876865,0.041058,0.477719,2.887489,6.595826,41.416817,0.015896,0.97472,0.079172,0.208329,-9.37255,1.740116,-13.260743,-0.03473,0.876865,0.041058,0.477719,15.245424,2.014143,33.579628
1232,10.266667,-0.030315,0.961645,0.049837,0.268021,3.807197,84.237518,20.78537,-0.044402,0.976033,0.108957,0.183073,3.153276,91.876671,21.397619,-0.016767,0.979733,0.130593,0.150953,0.495684,112.291756,25.522173,0.095542,0.993257,-0.019358,0.062749,-1.018924,132.519379,30.778112,0.150311,0.97338,-0.168587,-0.038943,2.002713,146.68721,28.533543,-0.020869,0.938578,0.111582,0.32586,-4.529897,126.880455,28.792858,0.442583,-0.569538,0.086572,-0.687205,-18.28805,127.467056,18.014738,0.230165,0.077451,-0.500819,-0.830786,-9.938386,111.994431,0.480507,0.293146,0.174508,-0.584289,-0.736355,2.959363,135.006592,-2.221385,-0.015756,0.972826,0.174251,0.151648,2.571558,126.831528,31.02758,0.360802,0.867061,0.135681,-0.315624,19.24567,126.443413,36.283253,0.03377,0.151704,0.463181,-0.87253,32.664433,113.034142,20.261496,0.041594,-0.078741,0.673764,-0.733562,19.822144,132.559341,13.018171,0.071433,0.928199,0.231764,0.282187,-4.207823,83.941216,15.921867,0.112737,0.988061,-0.02776,0.10127,-4.27332,51.962524,-1.132181,0.016177,0.974693,0.079193,0.208423,-15.137315,5.680305,0.391027,-0.087098,0.942967,0.023701,0.320414,11.822217,84.533829,25.648874,0.08261,0.883582,-0.220636,0.404694,18.325788,48.882423,26.051754,-0.034824,0.876877,0.04094,0.477701,2.887908,6.597972,41.416866,0.016177,0.974693,0.079193,0.208423,-9.375756,1.740237,-13.262259,-0.034824,0.876877,0.04094,0.477701,15.245877,2.014589,33.580727
1233,10.275,-0.030356,0.961645,0.049843,0.268018,3.804531,84.239983,20.790022,-0.044385,0.976039,0.10892,0.183069,3.149976,91.879089,21.402185,-0.016736,0.97973,0.13063,0.150944,0.493335,112.294891,25.525471,0.095514,0.993266,-0.019303,0.062672,-1.020183,132.522171,30.783104,0.150527,0.973359,-0.168496,-0.039038,2.000263,146.69046,28.539827,-0.020905,0.938529,0.111668,0.325971,-4.531474,126.883568,28.79748,0.442526,-0.569608,0.086602,-0.687181,-18.287027,127.470444,18.016052,0.230091,0.077631,-0.500809,-0.830796,-9.941557,111.996994,0.480548,0.293231,0.174521,-0.584248,-0.736351,2.955084,135.010544,-2.211252,-0.015729,0.972815,0.174245,0.151732,2.570036,126.834122,31.032017,0.3608,0.86705,0.135667,-0.315662,19.243288,126.444603,36.290318,0.033755,0.151748,0.463167,-0.872531,32.660881,113.035622,20.26734,0.041528,-0.078659,0.67372,-0.733614,19.8188,132.559937,13.022637,0.071525,0.928178,0.231749,0.282247,-4.210476,83.942955,15.92654,0.112593,0.988078,-0.027746,0.101262,-4.281367,51.964718,-1.128334,0.016198,0.974717,0.079249,0.208287,-15.131876,5.679342,0.395081,-0.087065,0.942942,0.02362,0.320503,11.819537,84.53701,25.653502,0.082525,0.883505,-0.220534,0.404936,18.319038,48.884922,26.061737,-0.034888,0.876867,0.041087,0.477702,2.887826,6.594834,41.418068,0.016198,0.974717,0.079249,0.208287,-9.374055,1.740934,-13.260259,-0.034888,0.876867,0.041087,0.477702,15.247009,2.016141,33.5811
1234,10.283333,-0.030355,0.961633,0.049843,0.26806,3.799082,84.242935,20.792944,-0.04432,0.976037,0.108913,0.1831,3.144516,91.882034,21.405083,-0.016789,0.979721,0.130645,0.150985,0.490878,112.29483,25.527847,0.095607,0.99325,-0.019337,0.062762,-1.025127,132.521851,30.7857,0.150595,0.973368,-0.168411,-0.038909,1.998365,146.689423,28.541899,-0.020724,0.938572,0.111673,0.325855,-4.535675,126.882957,28.799635,0.442498,-0.569547,0.086613,-0.687248,-18.294147,127.475357,18.022234,0.230159,0.077621,-0.500742,-0.830818,-9.945309,112.003387,0.48703,0.293225,0.174614,-0.584186,-0.73638,2.954988,135.014771,-2.206101,-0.015695,0.972793,0.174305,0.15181,2.565626,126.834167,31.034855,0.360767,0.867063,0.135461,-0.315751,19.238092,126.442703,36.295517,0.033549,0.151852,0.463224,-0.87249,32.654087,113.03228,20.272415,0.04149,-0.078507,0.673689,-0.733661,19.815619,132.560211,13.02789,0.071525,0.928201,0.231641,0.282257,-4.2155,83.945969,15.928757,0.112512,0.98814,-0.027554,0.100801,-4.288529,51.964115,-1.119326,0.015562,0.974746,0.079333,0.208169,-15.129003,5.675995,0.391877,-0.087115,0.942961,0.023715,0.320428,11.813663,84.539894,25.657129,0.082529,0.883532,-0.22055,0.404867,18.318754,48.888763,26.059559,-0.034788,0.87685,0.041108,0.477739,2.887769,6.599426,41.418163,0.015562,0.974746,0.079333,0.208169,-9.367995,1.743627,-13.263862,-0.034788,0.87685,0.041108,0.477739,15.246788,2.019837,33.581459
1235,10.291667,-0.030351,0.961624,0.049881,0.268087,3.795667,84.247375,20.795208,-0.044397,0.976021,0.108945,0.18315,3.140991,91.886429,21.407915,-0.016682,0.979713,0.130684,0.151019,0.48381,112.298225,25.531166,0.095652,0.993243,-0.019367,0.062801,-1.028191,132.524979,30.79122,0.150715,0.973349,-0.168429,-0.03884,1.996801,146.692123,28.546768,-0.020716,0.938538,0.111649,0.325964,-4.539834,126.887039,28.804392,0.442346,-0.569552,0.086743,-0.687325,-18.295839,127.479874,18.023861,0.230062,0.077614,-0.50069,-0.830877,-9.948393,112.007332,0.488493,0.293136,0.174691,-0.58407,-0.73649,2.954579,135.017151,-2.201471,-0.015656,0.972787,0.174324,0.151827,2.561369,126.836517,31.039879,0.360748,0.867067,0.135637,-0.315688,19.233704,126.44352,36.300846,0.033707,0.151798,0.463156,-0.87253,32.652378,113.036194,20.277382,0.041547,-0.078504,0.673868,-0.733494,19.810469,132.560349,13.031678,0.071549,0.9282,0.231552,0.28233,-4.218654,83.950714,15.930573,0.112439,0.988138,-0.027493,0.100923,-4.293852,51.966106,-1.112346,0.01619,0.974732,0.079375,0.208169,-15.127136,5.676088,0.392485,-0.087079,0.942914,0.023677,0.320578,11.809988,84.544029,25.659843,0.082421,0.883452,-0.220488,0.405097,18.31168,48.892311,26.065041,-0.034766,0.876859,0.041139,0.47772,2.887987,6.598637,41.41906,0.01619,0.974732,0.079375,0.208169,-9.372152,1.741506,-13.26516,-0.034766,0.876859,0.041139,0.47772,15.246609,2.019525,33.581444
1236,10.3,-0.03033,0.96162,0.049879,0.268102,3.790773,84.248558,20.797848,-0.044422,0.976013,0.108953,0.183178,3.136404,91.887627,21.410606,-0.016601,0.979707,0.130715,0.151038,0.477815,112.300964,25.534233,0.095678,0.993244,-0.019271,0.062773,-1.031171,132.527496,30.796024,0.150894,0.973316,-0.168444,-0.038896,1.994301,146.694962,28.554287,-0.020717,0.938509,0.111628,0.326052,-4.543645,126.890251,28.808641,0.442309,-0.569553,0.086768,-0.687345,-18.297625,127.4832,18.025545,0.230067,0.077667,-0.500624,-0.830911,-9.950463,112.010719,0.489999,0.293114,0.174734,-0.584045,-0.736507,2.955268,135.018616,-2.196737,-0.015593,0.972776,0.174379,0.15184,2.557511,126.838455,31.044245,0.360712,0.867088,0.135451,-0.315752,19.229773,126.442947,36.305241,0.033532,0.151953,0.463125,-0.872526,32.647739,113.034332,20.282278,0.041312,-0.078342,0.673784,-0.733601,19.806664,132.558197,13.033965,0.071539,0.928193,0.231496,0.282399,-4.223414,83.952293,15.932976,0.112394,0.988176,-0.027377,0.100628,-4.297901,51.965725,-1.106255,0.016039,0.974738,0.07936,0.208158,-15.125534,5.67416,0.391419,-0.087059,0.942885,0.023729,0.320666,11.804961,84.54483,25.662724,0.082333,0.88339,-0.220467,0.405263,18.306463,48.893036,26.064543,-0.034803,0.876841,0.04113,0.477753,2.887981,6.597128,41.417614,0.016039,0.974738,0.07936,0.208158,-9.369385,1.73998,-13.265843,-0.034803,0.876841,0.04113,0.477753,15.247478,2.018347,33.581196
1237,10.308333,-0.030338,0.961618,0.049811,0.268123,3.786288,84.250412,20.801943,-0.044431,0.976013,0.108931,0.183189,3.132064,91.889587,21.413651,-0.016577,0.979704,0.130737,0.15104,0.473214,112.302971,25.536263,0.095724,0.993237,-0.019265,0.062823,-1.03494,132.529282,30.799097,0.151002,0.9733,-0.168463,-0.038793,1.992036,146.696503,28.557783,-0.020713,0.938469,0.111856,0.326092,-4.547649,126.892296,28.811432,0.442197,-0.569571,0.086848,-0.687393,-18.300737,127.488136,18.027342,0.230063,0.077668,-0.500512,-0.830979,-9.955272,112.015518,0.491098,0.293125,0.174767,-0.583875,-0.736631,2.956074,135.019791,-2.193765,-0.015577,0.972752,0.174439,0.15193,2.553511,126.840088,31.047022,0.360665,0.867112,0.135569,-0.315688,19.224831,126.443138,36.310909,0.033634,0.151968,0.463038,-0.872565,32.646473,113.037537,20.28849,0.041319,-0.078271,0.673897,-0.733505,19.801847,132.557587,13.037202,0.07153,0.928201,0.231454,0.282412,-4.227685,83.953674,15.93674,0.112344,0.988165,-0.02733,0.100804,-4.302257,51.965584,-1.099634,0.015643,0.97476,0.07933,0.208101,-15.125026,5.672688,0.392205,-0.087039,0.942899,0.023745,0.320627,11.800262,84.547157,25.667149,0.082255,0.883373,-0.220391,0.405358,18.30081,48.895168,26.067093,-0.034936,0.876814,0.041105,0.477794,2.889943,6.594849,41.415657,0.015643,0.97476,0.07933,0.208101,-9.36665,1.739849,-13.26451,-0.034936,0.876814,0.041105,0.477794,15.251258,2.017314,33.581371
1238,10.316667,-0.030285,0.96161,0.049872,0.268146,3.781056,84.250084,20.805363,-0.044432,0.976013,0.108857,0.183235,3.127348,91.889206,21.418165,-0.016533,0.979691,0.130799,0.151077,0.468716,112.304077,25.537798,0.095795,0.993227,-0.019268,0.062863,-1.038218,132.529785,30.803347,0.151084,0.973286,-0.168484,-0.03875,1.990961,146.696548,28.562212,-0.020658,0.938442,0.111897,0.326158,-4.551232,126.893326,28.814676,0.441998,-0.569572,0.087006,-0.6875,-18.302885,127.491722,18.028913,0.230007,0.077636,-0.500448,-0.831036,-9.958855,112.01886,0.492224,0.293191,0.174792,-0.583807,-0.736651,2.956706,135.022125,-2.191673,-0.015575,0.972755,0.174379,0.151976,2.549779,126.840279,31.050705,0.360649,0.867117,0.135717,-0.315629,19.220604,126.443314,36.316135,0.033756,0.151948,0.462992,-0.872589,32.644665,113.040207,20.293665,0.041328,-0.07832,0.674017,-0.733388,19.798321,132.557007,13.040725,0.071542,0.928187,0.231437,0.282468,-4.232738,83.95462,15.939793,0.112299,0.988192,-0.027245,0.100611,-4.307431,51.966076,-1.095723,0.015626,0.974758,0.079372,0.208094,-15.124941,5.671775,0.39062,-0.087078,0.942877,0.023807,0.320676,11.794849,84.54554,25.670931,0.082241,0.883353,-0.220398,0.405399,18.299452,48.89426,26.067919,-0.034784,0.87681,0.041201,0.477805,2.888854,6.593993,41.416889,0.015626,0.974758,0.079372,0.208094,-9.366506,1.740273,-13.266447,-0.034784,0.87681,0.041201,0.477805,15.249387,2.016763,33.581207
1239,10.325,-0.030292,0.961604,0.049845,0.26817,3.775833,84.253433,20.809616,-0.044413,0.976013,0.108842,0.18325,3.122125,91.892586,21.421982,-0.01651,0.979686,0.130822,0.151088,0.464616,112.305489,25.540707,0.095855,0.993218,-0.019285,0.062906,-1.041596,132.530975,30.807304,0.151144,0.973278,-0.168494,-0.038677,1.989487,146.697311,28.565937,-0.020593,0.938432,0.111878,0.326198,-4.554804,126.894775,28.818277,0.441967,-0.569632,0.086921,-0.687481,-18.305637,127.495262,18.031576,0.229997,0.077661,-0.500326,-0.83111,-9.964245,112.02494,0.491379,0.29309,0.174815,-0.583682,-0.736786,2.957068,135.024139,-2.189234,-0.015673,0.972756,0.174384,0.151955,2.546171,126.841309,31.054424,0.360655,0.867128,0.135493,-0.315688,19.217127,126.447746,36.319721,0.033685,0.151966,0.463012,-0.872577,32.639103,113.041069,20.298485,0.041383,-0.07823,0.674081,-0.733337,19.793522,132.559662,13.046151,0.071576,0.928174,0.231399,0.282533,-4.237718,83.957741,15.943652,0.112216,0.988185,-0.027204,0.100786,-4.314342,51.968277,-1.090132,0.015737,0.974754,0.079453,0.208074,-15.124057,5.671996,0.391299,-0.087112,0.942857,0.023859,0.320722,11.789385,84.549118,25.675579,0.08221,0.883342,-0.220372,0.405443,18.297485,48.898445,26.070091,-0.034458,0.876785,0.041356,0.477861,2.889602,6.596604,41.417469,0.015737,0.974754,0.079453,0.208074,-9.367019,1.742266,-13.266875,-0.034458,0.876785,0.041356,0.477861,15.248857,2.018728,33.580135
1240,10.333333,-0.030353,0.96159,0.049879,0.268208,3.772134,84.257385,20.812578,-0.044371,0.976014,0.108791,0.183281,3.117348,91.896439,21.425163,-0.016504,0.979678,0.130848,0.15112,0.461896,112.30912,25.541889,0.09592,0.993213,-0.019207,0.062909,-1.044382,132.534332,30.809546,0.151264,0.973257,-0.168495,-0.038713,1.988476,146.700638,28.570572,-0.020567,0.938402,0.111927,0.32627,-4.557538,126.898285,28.819979,0.441786,-0.56969,0.087027,-0.687536,-18.306774,127.500473,18.031345,0.229927,0.077668,-0.500203,-0.831203,-9.969576,112.030151,0.489154,0.29307,0.174859,-0.58353,-0.736904,2.958053,135.026016,-2.187368,-0.015589,0.972763,0.174281,0.152036,2.543297,126.844597,31.056559,0.360609,0.867142,0.135547,-0.315678,19.213476,126.448265,36.324085,0.033748,0.151874,0.462989,-0.872603,32.637424,113.044083,20.302412,0.041588,-0.078261,0.674112,-0.733293,19.789644,132.561539,13.052596,0.071465,0.928236,0.23136,0.282388,-4.240963,83.9608,15.945927,0.112239,0.988204,-0.027106,0.100596,-4.313647,51.968884,-1.083273,0.015792,0.974762,0.07948,0.208021,-15.124332,5.672595,0.390838,-0.087096,0.942833,0.023896,0.320796,11.785231,84.553978,25.67923,0.08214,0.883295,-0.22034,0.405577,18.293026,48.903221,26.071363,-0.03459,0.876784,0.041281,0.47786,2.889833,6.598947,41.416733,0.015792,0.974762,0.07948,0.208021,-9.369208,1.743387,-13.268291,-0.03459,0.876784,0.041281,0.47786,15.249928,2.021015,33.580761
1241,10.341667,-0.030358,0.96159,0.049882,0.268208,3.767178,84.258621,20.81566,-0.044351,0.976019,0.108749,0.183286,3.112314,91.897659,21.428268,-0.016524,0.979673,0.130873,0.151127,0.457945,112.311295,25.543547,0.0961,0.993191,-0.019181,0.062989,-1.049348,132.536194,30.812061,0.151276,0.97325,-0.168547,-0.038621,1.988929,146.701569,28.57443,-0.020525,0.938352,0.11192,0.326417,-4.562211,126.900085,28.822172,0.441718,-0.569719,0.087083,-0.687548,-18.308153,127.504196,18.02944,0.22995,0.077738,-0.500119,-0.83124,-9.973097,112.033165,0.486855,0.293175,0.174861,-0.583483,-0.736898,2.958794,135.027939,-2.186098,-0.015601,0.972759,0.17429,0.152048,2.538581,126.846626,31.058899,0.360568,0.867186,0.13542,-0.315659,19.208618,126.450562,36.326904,0.033694,0.151865,0.462959,-0.872623,32.634605,113.045265,20.307892,0.041594,-0.078349,0.674086,-0.733307,19.785259,132.562393,13.059536,0.071494,0.928217,0.23133,0.282468,-4.24591,83.961975,15.948995,0.112202,0.988202,-0.027076,0.100667,-4.319706,51.96936,-1.078889,0.015892,0.974747,0.079445,0.208097,-15.126774,5.672127,0.391915,-0.087072,0.942769,0.023996,0.320982,11.780265,84.555267,25.682327,0.082046,0.88324,-0.220381,0.405695,18.288691,48.904564,26.068333,-0.034631,0.876811,0.041274,0.477808,2.889821,6.600532,41.418709,0.015892,0.974747,0.079445,0.208097,-9.370659,1.741283,-13.266327,-0.034631,0.876811,0.041274,0.477808,15.249337,2.022988,33.581589
1242,10.35,-0.030325,0.961592,0.049845,0.268211,3.760128,84.260353,20.818125,-0.044275,0.976008,0.108754,0.183359,3.105907,91.899475,21.430328,-0.016453,0.979662,0.130848,0.151228,0.454378,112.31266,25.546047,0.096066,0.993192,-0.019125,0.063043,-1.050412,132.537933,30.813869,0.151372,0.973231,-0.168575,-0.038596,1.987026,146.703766,28.577969,-0.020485,0.938347,0.111914,0.326436,-4.563877,126.902374,28.823454,0.441751,-0.569728,0.087043,-0.687524,-18.309441,127.507782,18.030313,0.23,0.077768,-0.500035,-0.831274,-9.974548,112.037109,0.487332,0.293152,0.174857,-0.583309,-0.737047,2.961013,135.028748,-2.184337,-0.015601,0.972751,0.174255,0.152142,2.536496,126.847748,31.061481,0.360623,0.867158,0.135276,-0.315733,19.20553,126.451279,36.332626,0.033593,0.151917,0.463025,-0.872583,32.627247,113.042343,20.313068,0.041423,-0.078502,0.673912,-0.73346,19.780994,132.563171,13.064581,0.071465,0.928204,0.231298,0.282546,-4.252977,83.964119,15.951459,0.112162,0.988212,-0.026993,0.100637,-4.324136,51.970119,-1.073821,0.015689,0.974754,0.079498,0.208059,-15.126663,5.671599,0.39,-0.087106,0.94278,0.024025,0.320937,11.773232,84.55658,25.68479,0.081984,0.883199,-0.220342,0.405817,18.284626,48.906403,26.069349,-0.034576,0.876784,0.041353,0.477853,2.890152,6.599805,41.417061,0.015689,0.974754,0.079498,0.208059,-9.369461,1.743455,-13.268561,-0.034576,0.876784,0.041353,0.477853,15.250313,2.023516,33.580231
1243,10.358333,-0.030367,0.9616,0.049719,0.268202,3.756346,84.25808,20.825125,-0.044289,0.976022,0.108655,0.183339,3.102016,91.897362,21.435295,-0.016469,0.979666,0.130842,0.151204,0.45037,112.314247,25.547537,0.096148,0.993183,-0.019112,0.063077,-1.054895,132.539551,30.815065,0.151424,0.973224,-0.168587,-0.038525,1.985013,146.704956,28.579796,-0.02043,0.938307,0.111905,0.326558,-4.568251,126.903854,28.824905,0.44136,-0.569728,0.087386,-0.687731,-18.311119,127.511513,18.02846,0.229806,0.077695,-0.49995,-0.831386,-9.979224,112.039276,0.485425,0.293183,0.174833,-0.583242,-0.737093,2.962404,135.030197,-2.183004,-0.01558,0.972735,0.174296,0.152197,2.532223,126.84951,31.06262,0.360619,0.867173,0.135196,-0.315732,19.200697,126.45179,36.335449,0.033386,0.152024,0.463017,-0.872576,32.622612,113.041534,20.317163,0.0411,-0.078491,0.673681,-0.733692,19.77737,132.563492,13.068758,0.071491,0.928196,0.231388,0.28249,-4.2568,83.960426,15.958616,0.112105,0.988198,-0.027016,0.100831,-4.328756,51.969742,-1.072897,0.015746,0.974748,0.079502,0.208083,-15.126483,5.670121,0.391518,-0.087076,0.942749,0.02415,0.321028,11.769491,84.555733,25.691635,0.081952,0.883177,-0.220339,0.405872,18.281748,48.905621,26.067579,-0.034494,0.876753,0.041422,0.477911,2.889146,6.598372,41.415371,0.015746,0.974748,0.079502,0.208083,-9.36918,1.741761,-13.26694,-0.034494,0.876753,0.041422,0.477911,15.249886,2.022715,33.579082
1244,10.366667,-0.03027,0.961594,0.04981,0.268216,3.747589,84.26207,20.82402,-0.044253,0.976014,0.10868,0.183376,3.09431,91.901306,21.43593,-0.016377,0.979662,0.130849,0.15124,0.444119,112.315491,25.548822,0.096195,0.993173,-0.019164,0.063139,-1.057598,132.540863,30.817148,0.151475,0.973223,-0.168572,-0.038419,1.983967,146.705704,28.580666,-0.02039,0.938278,0.111893,0.326649,-4.571918,126.905891,28.826582,0.441267,-0.569725,0.087472,-0.687783,-18.312754,127.515068,18.027641,0.229787,0.077719,-0.499902,-0.831418,-9.981426,112.042358,0.484763,0.293233,0.174836,-0.583192,-0.737112,2.962914,135.032837,-2.18148,-0.015569,0.972731,0.174311,0.152213,2.528441,126.850113,31.064627,0.360607,0.867206,0.135169,-0.315666,19.196754,126.451813,36.337914,0.033395,0.151981,0.463009,-0.872588,32.621128,113.040588,20.322502,0.041143,-0.078683,0.673586,-0.733756,19.774618,132.562851,13.07549,0.0714,0.928185,0.231299,0.282623,-4.265526,83.966652,15.957329,0.112099,0.988208,-0.026933,0.100766,-4.330915,51.972042,-1.066835,0.015568,0.974756,0.079451,0.208075,-15.127212,5.671871,0.390519,-0.087128,0.942729,0.024145,0.321073,11.760704,84.557495,25.690714,0.081871,0.883169,-0.220275,0.405942,18.276314,48.908016,26.068527,-0.034582,0.876744,0.041413,0.477921,2.89157,6.596816,41.413307,0.015568,0.974756,0.079451,0.208075,-9.368515,1.743013,-13.267202,-0.034582,0.876744,0.041413,0.477921,15.253242,2.022188,33.577888
1245,10.375,-0.030308,0.961593,0.049677,0.268238,3.742705,84.259453,20.831762,-0.044268,0.976014,0.108581,0.183433,3.089406,91.898849,21.441526,-0.016338,0.979656,0.130824,0.151302,0.438813,112.316109,25.55061,0.096068,0.993184,-0.01916,0.063159,-1.061489,132.541794,30.818098,0.15168,0.973205,-0.168502,-0.038366,1.976529,146.707397,28.58156,-0.02032,0.938252,0.111857,0.326739,-4.576142,126.90712,28.827318,0.441263,-0.5697,0.087496,-0.687804,-18.315008,127.51857,18.026007,0.22984,0.077787,-0.499855,-0.831425,-9.982469,112.045624,0.483911,0.29326,0.174939,-0.583136,-0.737121,2.964003,135.035645,-2.18018,-0.01549,0.972725,0.174293,0.152279,2.523954,126.850716,31.066174,0.360592,0.86722,0.135286,-0.315596,19.191654,126.44944,36.34116,0.033344,0.151986,0.463004,-0.872591,32.618801,113.039993,20.326586,0.041061,-0.07874,0.673451,-0.733879,19.772257,132.562378,13.080546,0.071397,0.928192,0.231443,0.282482,-4.270139,83.9627,15.964705,0.112074,0.988207,-0.026961,0.100796,-4.334737,51.972855,-1.068412,0.01589,0.974735,0.079468,0.208143,-15.129063,5.6723,0.391479,-0.087154,0.942769,0.024237,0.32094,11.755548,84.556206,25.69882,0.081885,0.883193,-0.220271,0.405887,18.275095,48.907372,26.070044,-0.034575,0.876749,0.041432,0.477912,2.89024,6.596261,41.414963,0.01589,0.974735,0.079468,0.208143,-9.371613,1.742092,-13.266377,-0.034575,0.876749,0.041432,0.477912,15.251754,2.022016,33.579079
1246,10.383333,-0.030336,0.96159,0.049719,0.26824,3.737625,84.26178,20.834541,-0.044265,0.976014,0.108531,0.18346,3.083741,91.901093,21.444815,-0.016263,0.979648,0.130863,0.151325,0.433519,112.319145,25.551907,0.096102,0.993178,-0.019151,0.063204,-1.064056,132.544525,30.821415,0.151696,0.973197,-0.16855,-0.038298,1.975097,146.709961,28.585371,-0.020342,0.938205,0.111863,0.326872,-4.579455,126.910545,28.829966,0.441154,-0.569747,0.087522,-0.687831,-18.315268,127.521881,18.024754,0.229794,0.077859,-0.49978,-0.831476,-9.985593,112.050011,0.480354,0.293307,0.174946,-0.58306,-0.737161,2.964108,135.038483,-2.178199,-0.015461,0.972722,0.174284,0.152311,2.520572,126.85289,31.06901,0.360542,0.867263,0.135207,-0.315568,19.18796,126.450478,36.344902,0.033307,0.152028,0.462981,-0.872598,32.617744,113.040985,20.332582,0.041088,-0.078721,0.673481,-0.733852,19.770655,132.562897,13.085571,0.071376,0.928194,0.231476,0.282453,-4.275169,83.964745,15.967417,0.112041,0.988226,-0.026932,0.100654,-4.338192,51.975792,-1.067391,0.015957,0.974737,0.07949,0.208121,-15.128909,5.674368,0.391633,-0.08726,0.942759,0.024183,0.320945,11.75042,84.558823,25.701666,0.081971,0.88328,-0.220194,0.405724,18.275913,48.91114,26.079086,-0.034555,0.876765,0.041484,0.477878,2.889644,6.598094,41.417252,0.015957,0.974737,0.07949,0.208121,-9.372647,1.744467,-13.266815,-0.034555,0.876765,0.041484,0.477878,15.250599,2.02487,33.579887
1247,10.391667,-0.030372,0.961594,0.049703,0.268225,3.731129,84.261559,20.838032,-0.044236,0.976014,0.108473,0.183505,3.07679,91.900864,21.447926,-0.016209,0.979638,0.130873,0.151387,0.427988,112.319542,25.55274,0.096169,0.993167,-0.019148,0.063279,-1.067772,132.544876,30.822908,0.151715,0.973197,-0.168552,-0.03822,1.973597,146.7099,28.587303,-0.020163,0.938192,0.111809,0.326936,-4.58362,126.911392,28.830845,0.441129,-0.56974,0.087618,-0.687841,-18.318213,127.528236,18.024393,0.229863,0.077868,-0.499698,-0.831506,-9.988986,112.053894,0.481959,0.293296,0.17507,-0.583048,-0.737145,2.964717,135.039398,-2.176859,-0.015484,0.972721,0.174257,0.152343,2.516157,126.852814,31.070665,0.360622,0.867261,0.135556,-0.315334,19.183182,126.451111,36.347767,0.033482,0.152007,0.462988,-0.872591,32.617458,113.042091,20.338806,0.04115,-0.07866,0.673444,-0.733889,19.771082,132.561783,13.089189,0.071401,0.928176,0.231533,0.282461,-4.281779,83.963776,15.971136,0.11205,0.988176,-0.026984,0.101114,-4.345118,51.977001,-1.067755,0.015881,0.974695,0.079456,0.208338,-15.137842,5.67604,0.391112,-0.087371,0.94279,0.024196,0.320825,11.744036,84.559341,25.704926,0.082029,0.88332,-0.220183,0.405631,18.277365,48.913113,26.083246,-0.034563,0.876773,0.041494,0.477863,2.888219,6.600535,41.419823,0.015881,0.974695,0.079456,0.208338,-9.375034,1.74537,-13.264357,-0.034563,0.876773,0.041494,0.477863,15.249038,2.027702,33.582008
1248,10.4,-0.030359,0.961587,0.049701,0.268252,3.723439,84.262573,20.839785,-0.04418,0.976017,0.108418,0.183536,3.069273,91.901894,21.449684,-0.016186,0.979633,0.130876,0.151422,0.423228,112.319931,25.552395,0.096271,0.993155,-0.01912,0.063313,-1.071806,132.545273,30.822758,0.151754,0.973191,-0.168553,-0.038212,1.972595,146.709824,28.588263,-0.020106,0.938181,0.11177,0.326987,-4.587824,126.911995,28.830389,0.441184,-0.569702,0.087609,-0.687837,-18.321341,127.530502,18.022657,0.229911,0.077904,-0.499659,-0.831512,-9.989901,112.05574,0.48164,0.293239,0.175082,-0.583053,-0.737162,2.965834,135.040802,-2.176394,-0.015492,0.972714,0.174246,0.1524,2.511809,126.853027,31.070658,0.360635,0.867294,0.135633,-0.315195,19.178226,126.451317,36.349693,0.033511,0.152129,0.462991,-0.872567,32.61639,113.041397,20.344744,0.041123,-0.078524,0.673452,-0.733898,19.772705,132.559113,13.089874,0.071319,0.92816,0.231556,0.282513,-4.289216,83.965034,15.972456,0.112048,0.98819,-0.026955,0.100987,-4.345573,51.978207,-1.066355,0.015916,0.974696,0.079431,0.20834,-15.137694,5.677062,0.391178,-0.087402,0.942799,0.024249,0.320786,11.736094,84.560112,25.707113,0.081971,0.883284,-0.220185,0.40572,18.272791,48.914463,26.082272,-0.034057,0.87671,0.041915,0.477977,2.886836,6.601086,41.419838,0.015916,0.974696,0.079431,0.20834,-9.37524,1.745455,-13.264174,-0.034057,0.87671,0.041915,0.477977,15.246889,2.031858,33.578716
1249,10.408333,-0.030342,0.96158,0.049662,0.268285,3.714806,84.260162,20.842573,-0.044092,0.975969,0.108562,0.183724,3.06103,91.899559,21.45195,-0.015974,0.979624,0.13068,0.151672,0.416754,112.316132,25.560579,0.096172,0.993156,-0.019242,0.063421,-1.069675,132.5439,30.824017,0.151777,0.973193,-0.168524,-0.038188,1.972514,146.708405,28.586185,-0.020158,0.938151,0.111775,0.327067,-4.587854,126.911926,28.831827,0.441103,-0.569807,0.08755,-0.68781,-18.319452,127.529106,18.021599,0.229885,0.077987,-0.499596,-0.831549,-9.993449,112.056473,0.476132,0.293349,0.175106,-0.582977,-0.737172,2.965345,135.041397,-2.176715,-0.015547,0.972736,0.174127,0.152392,2.510747,126.849792,31.075272,0.360721,0.867264,0.135704,-0.315148,19.177181,126.450661,36.354427,0.033697,0.152146,0.463033,-0.872535,32.613747,113.038383,20.350119,0.041244,-0.078448,0.673632,-0.733734,19.772404,132.55545,13.09059,0.071264,0.92815,0.23164,0.282491,-4.297524,83.962776,15.97471,0.112007,0.988193,-0.026962,0.101001,-4.348804,51.978199,-1.068343,0.015558,0.974716,0.079416,0.208277,-15.137204,5.676222,0.390111,-0.087433,0.942782,0.024389,0.320814,11.727137,84.557556,25.710436,0.081881,0.883242,-0.22019,0.405826,18.269165,48.9128,26.07692,-0.034643,0.876767,0.041457,0.477872,2.888712,6.59821,41.416653,0.015558,0.974716,0.079416,0.208277,-9.373011,1.74622,-13.264963,-0.034643,0.876767,0.041457,0.477872,15.250238,2.025539,33.579861
1250,10.416667,-0.030365,0.961577,0.049667,0.268291,3.709517,84.259636,20.84374,-0.044121,0.97597,0.108495,0.183754,3.055376,91.899002,21.453096,-0.015833,0.97962,0.130707,0.151687,0.410007,112.318375,25.559134,0.096198,0.993154,-0.019242,0.06341,-1.070911,132.546036,30.82457,0.15183,0.973176,-0.168572,-0.038206,1.971963,146.710388,28.586748,-0.020079,0.938123,0.111698,0.327177,-4.590628,126.915192,28.831858,0.441325,-0.569839,0.087404,-0.68766,-18.319813,127.534531,18.018692,0.230124,0.078112,-0.499489,-0.831536,-9.994349,112.060547,0.474156,0.293514,0.175053,-0.582866,-0.737206,2.968493,135.04184,-2.178112,-0.015524,0.972734,0.174068,0.152473,2.507973,126.850929,31.075235,0.360775,0.867278,0.135656,-0.315069,19.173559,126.450821,36.356983,0.033697,0.152333,0.463099,-0.872467,32.610641,113.034698,20.356335,0.041226,-0.078232,0.67369,-0.733705,19.77562,132.551926,13.0895,0.071236,0.928123,0.231674,0.282561,-4.302724,83.961861,15.975754,0.112007,0.988202,-0.026958,0.100922,-4.3501,51.978111,-1.068865,0.015819,0.974699,0.079395,0.208346,-15.138292,5.676094,0.390048,-0.087424,0.942785,0.024428,0.320807,11.721758,84.557411,25.711723,0.081808,0.883219,-0.220182,0.405895,18.264063,48.912666,26.075291,-0.034771,0.876763,0.041391,0.477874,2.888762,6.596628,41.41618,0.015819,0.974699,0.079395,0.208346,-9.374817,1.743973,-13.264715,-0.034771,0.876763,0.041391,0.477874,15.251199,2.024115,33.580746
1251,10.425,-0.030347,0.961567,0.049677,0.268328,3.702856,84.259224,20.84547,-0.044027,0.975969,0.108458,0.183799,3.048925,91.89859,21.455011,-0.015838,0.979616,0.130665,0.151748,0.407362,112.319656,25.56041,0.096199,0.993154,-0.019135,0.063449,-1.073804,132.547775,30.824032,0.151879,0.973157,-0.168638,-0.038213,1.969104,146.712631,28.589422,-0.020076,0.938123,0.111668,0.32719,-4.593387,126.916847,28.831333,0.441314,-0.569835,0.087403,-0.68767,-18.322283,127.535995,18.017786,0.230154,0.078091,-0.499435,-0.831562,-9.99658,112.062393,0.473028,0.293524,0.175011,-0.582836,-0.737236,2.969273,135.041901,-2.180201,-0.015468,0.972738,0.174009,0.15252,2.504934,126.852623,31.075603,0.36083,0.867295,0.135819,-0.314888,19.170084,126.450623,36.358582,0.033821,0.152445,0.463109,-0.872437,32.610859,113.033165,20.362158,0.041245,-0.078069,0.673722,-0.733691,19.778284,132.548584,13.088107,0.071081,0.928157,0.231731,0.282439,-4.309041,83.961868,15.976891,0.112065,0.988211,-0.026911,0.100774,-4.347072,51.978458,-1.068385,0.01552,0.974705,0.07938,0.208346,-15.140003,5.677435,0.387128,-0.087487,0.942767,0.024466,0.320841,11.714753,84.55658,25.714048,0.081793,0.88321,-0.220145,0.405939,18.262173,48.912773,26.076757,-0.034704,0.87674,0.041511,0.477911,2.888757,6.594941,41.414597,0.01552,0.974705,0.07938,0.208346,-9.373661,1.74652,-13.266778,-0.034704,0.87674,0.041511,0.477911,15.251747,2.024554,33.578789
1252,10.433333,-0.030344,0.961545,0.049745,0.268396,3.696569,84.260094,20.846577,-0.04405,0.975964,0.10841,0.183849,3.042353,91.899361,21.4571,-0.015767,0.979618,0.130622,0.15178,0.399811,112.322113,25.560486,0.09635,0.993134,-0.019205,0.063505,-1.078338,132.550781,30.822784,0.151926,0.973153,-0.168633,-0.038152,1.969202,146.714417,28.586653,-0.020016,0.938079,0.111658,0.327321,-4.598738,126.920303,28.83028,0.441275,-0.569775,0.0876,-0.687721,-18.32473,127.541855,18.01318,0.230217,0.078062,-0.499399,-0.831569,-9.997315,112.063766,0.473192,0.293615,0.175,-0.582766,-0.737258,2.970392,135.041183,-2.182418,-0.015404,0.972739,0.17395,0.152585,2.499475,126.855072,31.074869,0.360879,0.867345,0.135698,-0.314746,19.164003,126.450859,36.35965,0.033819,0.152635,0.463193,-0.872359,32.607437,113.027512,20.370398,0.041412,-0.07779,0.673717,-0.733716,19.781715,132.544128,13.088814,0.071187,0.928088,0.231751,0.282623,-4.314647,83.963211,15.976843,0.11197,0.988193,-0.026994,0.101035,-4.35592,51.981544,-1.071703,0.015942,0.974691,0.079418,0.208365,-15.141223,5.678931,0.389753,-0.087557,0.942774,0.024466,0.320799,11.707785,84.556976,25.716311,0.081791,0.883245,-0.220102,0.405885,18.259954,48.914059,26.080359,-0.034775,0.876759,0.041506,0.477872,2.889199,6.594378,41.415779,0.015942,0.974691,0.079418,0.208365,-9.378353,1.746779,-13.265263,-0.034775,0.876759,0.041506,0.477872,15.252116,2.024856,33.579342
1253,10.441667,-0.030378,0.961536,0.049769,0.268419,3.690328,84.261017,20.848639,-0.044141,0.975954,0.108308,0.183943,3.0355,91.900215,21.459358,-0.015634,0.979598,0.130696,0.151863,0.389282,112.326012,25.558102,0.096417,0.993125,-0.019242,0.063528,-1.084325,132.554047,30.824106,0.152052,0.973129,-0.168653,-0.038161,1.965279,146.717102,28.587099,-0.019969,0.938024,0.111586,0.327506,-4.605919,126.924873,28.830057,0.441314,-0.569766,0.087704,-0.68769,-18.32774,127.547905,18.007759,0.23038,0.078115,-0.499306,-0.831575,-10.000728,112.065483,0.471415,0.293806,0.174985,-0.582761,-0.737189,2.971668,135.040741,-2.185079,-0.015327,0.972741,0.173976,0.152555,2.49198,126.857376,31.075562,0.360851,0.867405,0.135515,-0.314691,19.15691,126.450562,36.358864,0.033683,0.152813,0.463227,-0.872316,32.603073,113.024101,20.374525,0.041305,-0.077645,0.673971,-0.733504,19.780577,132.543381,13.08814,0.071129,0.928072,0.231796,0.282654,-4.320617,83.963669,15.978495,0.111985,0.988202,-0.026985,0.100937,-4.356456,51.982914,-1.071769,0.01561,0.974697,0.07935,0.208388,-15.142901,5.680573,0.389717,-0.087614,0.942743,0.024525,0.32087,11.701274,84.558365,25.718781,0.0818,0.883268,-0.220113,0.405829,18.258673,48.916386,26.080639,-0.034678,0.876774,0.041511,0.47785,2.887718,6.597299,41.417492,0.01561,0.974697,0.07935,0.208388,-9.376364,1.748238,-13.263691,-0.034678,0.876774,0.041511,0.47785,15.249404,2.026523,33.579857
1254,10.45,-0.030355,0.961518,0.049862,0.26847,3.683617,84.260056,20.848864,-0.044094,0.975948,0.10825,0.18402,3.028714,91.899132,21.461018,-0.015597,0.979589,0.130672,0.151946,0.384288,112.327515,25.557978,0.096476,0.993114,-0.019262,0.063615,-1.088096,132.555862,30.823109,0.152062,0.973125,-0.168686,-0.038087,1.963579,146.71843,28.585928,-0.019927,0.93801,0.111527,0.32757,-4.609948,126.926979,28.82868,0.441331,-0.569777,0.087767,-0.687661,-18.330351,127.550957,18.004631,0.230477,0.07808,-0.499214,-0.831606,-10.004523,112.065765,0.470163,0.293828,0.175015,-0.582626,-0.73728,2.972668,135.03714,-2.189145,-0.015399,0.972731,0.173967,0.152622,2.487592,126.858833,31.075308,0.361045,0.867404,0.13537,-0.314534,19.15173,126.454102,36.36129,0.033743,0.153033,0.463367,-0.8722,32.595848,113.015999,20.385017,0.041378,-0.077341,0.673882,-0.733614,19.78294,132.537979,13.08849,0.071095,0.928074,0.231836,0.282625,-4.326843,83.963654,15.977859,0.111983,0.988199,-0.026996,0.100969,-4.360107,51.983879,-1.074263,0.015779,0.97467,0.079362,0.208496,-15.146505,5.681557,0.387975,-0.087677,0.942743,0.024532,0.320853,11.694077,84.556465,25.71987,0.081806,0.883291,-0.220085,0.405791,18.255938,48.915314,26.082569,-0.034672,0.876755,0.041577,0.47788,2.886182,6.595182,41.417717,0.015779,0.97467,0.079362,0.208496,-9.378645,1.748549,-13.264685,-0.034672,0.876755,0.041577,0.47788,15.248616,2.026008,33.580322
1255,10.458333,-0.030372,0.961509,0.049819,0.268506,3.677163,84.259697,20.851274,-0.044036,0.975939,0.108227,0.184095,3.022162,91.898819,21.462694,-0.015575,0.979586,0.130578,0.152047,0.380062,112.326797,25.558821,0.096532,0.993104,-0.019237,0.063682,-1.091377,132.556198,30.820183,0.152121,0.973111,-0.168714,-0.038077,1.962126,146.718536,28.58404,-0.019858,0.938016,0.111461,0.327579,-4.613388,126.927315,28.826035,0.441392,-0.569754,0.087816,-0.687635,-18.333689,127.552841,18.001949,0.230687,0.078104,-0.499139,-0.831591,-10.006964,112.064888,0.470348,0.294082,0.175027,-0.582568,-0.737222,2.973614,135.033005,-2.192503,-0.015336,0.972725,0.173869,0.152779,2.483705,126.858864,31.074062,0.361052,0.867435,0.135181,-0.314522,19.146236,126.451553,36.364891,0.033738,0.153201,0.463418,-0.872144,32.590496,113.009583,20.391983,0.041446,-0.077224,0.673955,-0.733556,19.782333,132.532318,13.088711,0.071061,0.92806,0.231864,0.282654,-4.332905,83.962807,15.97966,0.111939,0.988187,-0.026999,0.101126,-4.362731,51.983631,-1.073582,0.015483,0.974694,0.079372,0.208406,-15.145308,5.680376,0.387603,-0.087718,0.942753,0.024539,0.320811,11.687232,84.556587,25.722891,0.081836,0.883391,-0.220038,0.405594,18.252008,48.91597,26.085802,-0.034718,0.876776,0.041501,0.477845,2.884923,6.594324,41.419483,0.015483,0.974694,0.079372,0.208406,-9.377,1.749369,-13.265445,-0.034718,0.876776,0.041501,0.477845,15.246841,2.023853,33.582027
1256,10.466667,-0.030406,0.961499,0.04989,0.268526,3.672202,84.25795,20.851534,-0.044038,0.975937,0.108188,0.184126,3.016394,91.896935,21.463846,-0.015503,0.979589,0.130529,0.152076,0.374004,112.328293,25.558912,0.096539,0.993104,-0.019187,0.063687,-1.094333,132.558334,30.818697,0.152194,0.973083,-0.168802,-0.038101,1.959331,146.720856,28.584021,-0.019912,0.937985,0.111287,0.327724,-4.617187,126.929871,28.824839,0.441404,-0.569735,0.087902,-0.687632,-18.334101,127.552208,17.996269,0.230731,0.078123,-0.49912,-0.831588,-10.00707,112.061401,0.467323,0.294231,0.174883,-0.582439,-0.737298,2.975047,135.030243,-2.195778,-0.015231,0.972721,0.173795,0.152896,2.47981,126.860428,31.073145,0.361145,0.867417,0.135204,-0.314455,19.141207,126.449219,36.36726,0.033918,0.153225,0.463477,-0.872101,32.584221,113.003471,20.396488,0.04158,-0.077225,0.674095,-0.733419,19.779274,132.526108,13.088428,0.070999,0.928069,0.231932,0.282587,-4.337634,83.960823,15.979544,0.111966,0.988205,-0.027011,0.100919,-4.363061,51.983295,-1.0768,0.015887,0.974669,0.079303,0.208515,-15.147981,5.680689,0.387554,-0.087745,0.942739,0.024579,0.320843,11.682038,84.555069,25.723522,0.081783,0.883376,-0.220019,0.405649,18.249586,48.914948,26.084518,-0.03478,0.876781,0.041492,0.477832,2.886683,6.591666,41.417866,0.015887,0.974669,0.079303,0.208515,-9.380798,1.745342,-13.264723,-0.03478,0.876781,0.041492,0.477832,15.248886,2.021854,33.580475
1257,10.475,-0.030374,0.961495,0.049848,0.268552,3.666125,84.258286,20.853138,-0.043983,0.97594,0.108116,0.184167,3.010946,91.897362,21.464937,-0.0155,0.979586,0.130495,0.152127,0.371067,112.330437,25.557571,0.096552,0.9931,-0.019217,0.063726,-1.097222,132.560852,30.815939,0.152265,0.97307,-0.168825,-0.03807,1.956999,146.723145,28.58058,-0.019869,0.938001,0.111166,0.327722,-4.620036,126.932358,28.822077,0.44155,-0.569748,0.087843,-0.687535,-18.337044,127.554703,17.993629,0.230987,0.078191,-0.499013,-0.831575,-10.010258,112.061897,0.466344,0.294493,0.174841,-0.582354,-0.737271,2.976847,135.027374,-2.199289,-0.015161,0.972721,0.173709,0.153002,2.476732,126.862862,31.071102,0.361222,0.867423,0.135061,-0.314411,19.137064,126.449081,36.368362,0.034006,0.1533,0.463524,-0.87206,32.578693,112.997368,20.401461,0.041658,-0.077179,0.674208,-0.733315,19.776865,132.520386,13.088393,0.07094,0.928062,0.23196,0.282601,-4.343487,83.961548,15.98076,0.111955,0.988216,-0.026974,0.10084,-4.364107,51.984352,-1.076213,0.01548,0.974695,0.079229,0.208455,-15.147511,5.681309,0.385645,-0.087766,0.94275,0.02459,0.320803,11.675737,84.555016,25.725517,0.081756,0.88339,-0.219952,0.40566,18.244957,48.915192,26.085981,-0.035205,0.876759,0.041311,0.477857,2.886558,6.588665,41.41489,0.01548,0.974695,0.079229,0.208455,-9.3782,1.746119,-13.265775,-0.035205,0.876759,0.041311,0.477857,15.252259,2.020278,33.58218
1258,10.483333,-0.030373,0.961473,0.049887,0.268623,3.661119,84.258484,20.853086,-0.043972,0.97594,0.108071,0.184196,3.005744,91.897507,21.465427,-0.015451,0.97959,0.130453,0.152138,0.36636,112.332321,25.556511,0.096585,0.993097,-0.019227,0.063725,-1.099696,132.563263,30.813461,0.15234,0.973054,-0.168843,-0.038079,1.955482,146.725327,28.577869,-0.019881,0.937981,0.111138,0.327789,-4.623126,126.935028,28.81996,0.441567,-0.56978,0.087875,-0.687494,-18.338585,127.556931,17.989529,0.231079,0.078215,-0.49893,-0.831598,-10.013854,112.06205,0.463095,0.294707,0.17459,-0.58251,-0.737122,2.977359,135.024887,-2.20276,-0.01511,0.972724,0.173618,0.153092,2.473613,126.864883,31.069052,0.361314,0.867428,0.135084,-0.314283,19.133038,126.449333,36.36903,0.034207,0.153276,0.463532,-0.872052,32.575371,112.993095,20.406521,0.041831,-0.077154,0.674302,-0.733222,19.773109,132.515472,13.089702,0.070938,0.928045,0.231973,0.282646,-4.347774,83.962044,15.979506,0.111936,0.988211,-0.027013,0.100893,-4.367201,51.985271,-1.078255,0.01526,0.974706,0.079231,0.208417,-15.149323,5.682036,0.386822,-0.087829,0.942762,0.024591,0.32075,11.670011,84.554932,25.726667,0.081784,0.883429,-0.219923,0.405583,18.243551,48.915913,26.088223,-0.035189,0.87676,0.041352,0.477854,2.885194,6.588644,41.415127,0.01526,0.974706,0.079231,0.208417,-9.378898,1.748142,-13.2645,-0.035189,0.87676,0.041352,0.477854,15.250866,2.021069,33.581905
1259,10.491667,-0.030396,0.961466,0.049963,0.268632,3.656177,84.259331,20.852459,-0.043913,0.975943,0.108007,0.184232,3.000151,91.898216,21.465809,-0.015464,0.979582,0.130459,0.152188,0.363426,112.334442,25.55481,0.096641,0.993089,-0.01924,0.063757,-1.103488,132.565292,30.811852,0.152379,0.973041,-0.168884,-0.038081,1.953441,146.726959,28.576092,-0.01985,0.937971,0.111083,0.327837,-4.626624,126.937035,28.817917,0.44153,-0.56981,0.087943,-0.687483,-18.341013,127.559509,17.986166,0.231146,0.078196,-0.498821,-0.831646,-10.018609,112.062706,0.460322,0.294733,0.174645,-0.582408,-0.737179,2.978159,135.021469,-2.206568,-0.015016,0.972722,0.173523,0.153221,2.469882,126.866974,31.067743,0.361306,0.867464,0.134947,-0.314251,19.128019,126.447937,36.37149,0.034302,0.153333,0.46354,-0.872034,32.571594,112.989006,20.412306,0.042042,-0.077128,0.674367,-0.733153,19.770613,132.510468,13.091063,0.070977,0.928007,0.232012,0.282728,-4.352595,83.962868,15.978685,0.111914,0.988189,-0.027073,0.101114,-4.372251,51.987831,-1.082325,0.016016,0.974648,0.0793,0.208605,-15.153214,5.684435,0.386186,-0.087797,0.942684,0.024623,0.320986,11.664949,84.555794,25.726233,0.081691,0.883392,-0.219932,0.405679,18.236944,48.916481,26.0865,-0.035256,0.876767,0.041413,0.477831,2.884372,6.588128,41.416199,0.016016,0.974648,0.0793,0.208605,-9.384866,1.748226,-13.265345,-0.035256,0.876767,0.041413,0.477831,15.250492,2.023057,33.58223
1260,10.5,-0.030372,0.961443,0.050138,0.268685,3.649765,84.262802,20.847605,-0.043837,0.975932,0.108026,0.184295,2.993345,91.901436,21.463608,-0.015439,0.979573,0.130442,0.15226,0.359415,112.337044,25.553652,0.096692,0.99308,-0.019286,0.063811,-1.106725,132.568115,30.810081,0.152393,0.973031,-0.168936,-0.038058,1.951924,146.729248,28.573265,-0.019837,0.93794,0.110983,0.32796,-4.630002,126.940071,28.815773,0.441511,-0.569817,0.088058,-0.687476,-18.341599,127.562355,17.980474,0.231202,0.078243,-0.498744,-0.831672,-10.020554,112.062057,0.457078,0.294671,0.174904,-0.582169,-0.737331,2.979937,135.018997,-2.208133,-0.015016,0.972715,0.173498,0.153291,2.466187,126.869522,31.066586,0.361421,0.86746,0.134912,-0.314146,19.123575,126.450203,36.372654,0.034458,0.153323,0.46358,-0.872008,32.566334,112.985146,20.417955,0.042224,-0.077014,0.674482,-0.733049,19.766842,132.506927,13.093589,0.070952,0.927995,0.23189,0.282874,-4.358502,83.967728,15.972916,0.111863,0.988194,-0.027034,0.101133,-4.376465,51.988316,-1.079892,0.015661,0.974674,0.079339,0.208495,-15.152398,5.683637,0.385222,-0.087896,0.942678,0.024533,0.320985,11.658031,84.557877,25.722296,0.081701,0.883424,-0.219883,0.405634,18.234678,48.919506,26.090998,-0.035152,0.876762,0.04147,0.477842,2.883801,6.589267,41.417171,0.015661,0.974674,0.079339,0.208495,-9.383474,1.75061,-13.266985,-0.035152,0.876762,0.04147,0.477842,15.249427,2.024188,33.58242
1261,10.508333,-0.030444,0.961446,0.049992,0.268692,3.64651,84.259315,20.852474,-0.043848,0.975935,0.107922,0.18434,2.989612,91.898109,21.466021,-0.015457,0.979571,0.130386,0.152322,0.355399,112.337852,25.552282,0.096736,0.993071,-0.019321,0.063861,-1.111464,132.569519,30.806223,0.152483,0.973011,-0.168977,-0.03803,1.948705,146.730179,28.568653,-0.019747,0.937985,0.110816,0.327893,-4.634472,126.941238,28.812101,0.441555,-0.569789,0.088072,-0.687469,-18.347736,127.564262,17.978952,0.231387,0.078228,-0.49861,-0.831702,-10.025229,112.062881,0.457197,0.294807,0.174865,-0.582093,-0.737346,2.982113,135.014755,-2.211716,-0.014979,0.97272,0.173391,0.153383,2.46143,126.870964,31.063831,0.3615,0.867476,0.134818,-0.314049,19.117876,126.450409,36.372765,0.034628,0.153355,0.463572,-0.872,32.560833,112.979546,20.423115,0.042362,-0.076934,0.674593,-0.732946,19.761286,132.499695,13.093504,0.070969,0.927987,0.232018,0.282793,-4.361605,83.962204,15.977655,0.111834,0.988181,-0.027095,0.101282,-4.379408,51.987274,-1.083557,0.015373,0.974691,0.07929,0.208457,-15.153358,5.682278,0.385977,-0.087857,0.942681,0.024598,0.32098,11.654624,84.556427,25.727289,0.081677,0.883457,-0.219872,0.405572,18.230135,48.917789,26.090586,-0.035111,0.876756,0.041556,0.477848,2.882749,6.586716,41.417961,0.015373,0.974691,0.07929,0.208457,-9.382789,1.749445,-13.265591,-0.035111,0.876756,0.041556,0.477848,15.248478,2.023277,33.582413
1262,10.516667,-0.030451,0.961439,0.04996,0.268724,3.641529,84.258286,20.853073,-0.043849,0.975927,0.107899,0.184394,2.98464,91.897118,21.466099,-0.01542,0.979571,0.130311,0.152385,0.350311,112.337242,25.551315,0.096787,0.993058,-0.01934,0.063982,-1.114897,132.569778,30.802378,0.152419,0.973006,-0.169091,-0.037889,1.947245,146.730011,28.564762,-0.019773,0.937991,0.110664,0.327927,-4.638304,126.941635,28.808603,0.441694,-0.569796,0.087971,-0.687387,-18.350748,127.56218,17.974276,0.231549,0.078311,-0.498547,-0.831687,-10.027771,112.060547,0.452983,0.295036,0.174643,-0.582164,-0.737251,2.982084,135.010696,-2.215829,-0.014941,0.972721,0.17334,0.153442,2.457328,126.870857,31.061167,0.361693,0.867437,0.134564,-0.314044,19.11318,126.448914,36.371853,0.034683,0.153463,0.463706,-0.871908,32.549332,112.966415,20.426306,0.042363,-0.076885,0.674597,-0.732948,19.756687,132.49086,13.090831,0.070956,0.927977,0.232015,0.282832,-4.366262,83.960915,15.97774,0.111815,0.988187,-0.02708,0.101249,-4.382544,51.985733,-1.08301,0.01539,0.974689,0.079326,0.208449,-15.154595,5.680269,0.38572,-0.087891,0.942701,0.024602,0.320914,11.649321,84.555649,25.728405,0.081667,0.883466,-0.219827,0.405579,18.227243,48.917465,26.091797,-0.034937,0.876769,0.041569,0.477837,2.882178,6.584376,41.415932,0.01539,0.974689,0.079326,0.208449,-9.384311,1.748391,-13.266243,-0.034937,0.876769,0.041569,0.477837,15.246201,2.018783,33.578949
1263,10.525,-0.030457,0.961447,0.049896,0.268706,3.635557,84.256721,20.854355,-0.043756,0.975935,0.107841,0.184407,2.978857,91.895645,21.466415,-0.015457,0.979573,0.130243,0.152428,0.348771,112.336502,25.549942,0.096867,0.993054,-0.019234,0.063954,-1.117776,132.569733,30.797968,0.1525,0.972979,-0.169144,-0.038035,1.946388,146.730011,28.563461,-0.019809,0.937949,0.110716,0.328027,-4.64076,126.941147,28.804663,0.441526,-0.569807,0.088186,-0.687457,-18.350861,127.561523,17.967356,0.231698,0.0784,-0.49855,-0.831635,-10.03041,112.056732,0.447659,0.295626,0.17485,-0.581958,-0.737128,2.978726,135.007599,-2.221496,-0.014887,0.972739,0.17314,0.153554,2.454662,126.871002,31.057909,0.361727,0.867461,0.134771,-0.31385,19.109365,126.447632,36.372093,0.03494,0.15353,0.463606,-0.871939,32.550354,112.965202,20.430565,0.042412,-0.076774,0.674472,-0.733072,19.755497,132.48204,13.087076,0.07094,0.927956,0.232073,0.282857,-4.372407,83.9589,15.979333,0.11178,0.988187,-0.027103,0.101272,-4.38589,51.985531,-1.084809,0.015645,0.974666,0.079274,0.208561,-15.154947,5.679443,0.386142,-0.087904,0.942676,0.024631,0.32098,11.64352,84.554543,25.729374,0.081635,0.883487,-0.219804,0.405553,18.22298,48.916626,26.091518,-0.03508,0.876783,0.041452,0.47781,2.881953,6.582036,41.415543,0.015645,0.974666,0.079274,0.208561,-9.384232,1.744546,-13.264765,-0.03508,0.876783,0.041452,0.47781,15.246296,2.015456,33.579647
1264,10.533333,-0.030439,0.961438,0.049837,0.268752,3.630875,84.256859,20.855278,-0.04384,0.975924,0.107779,0.184481,2.974657,91.895889,21.466511,-0.015347,0.979566,0.130246,0.152486,0.34093,112.339508,25.547174,0.096821,0.993054,-0.01934,0.063997,-1.121412,132.572845,30.79594,0.152623,0.97295,-0.169214,-0.037952,1.941762,146.73288,28.558456,-0.019806,0.937929,0.110626,0.328115,-4.645519,126.94516,28.802088,0.441646,-0.569779,0.088203,-0.687402,-18.353601,127.564957,17.962204,0.231746,0.078394,-0.498383,-0.831723,-10.031687,112.057045,0.445957,0.295378,0.174608,-0.581968,-0.737277,2.986358,135.002884,-2.222259,-0.014833,0.972744,0.17309,0.153586,2.449689,126.873276,31.055948,0.361844,0.867453,0.134461,-0.313869,19.104099,126.448166,36.370895,0.035008,0.153665,0.463689,-0.871868,32.540291,112.956146,20.433445,0.042468,-0.076707,0.674577,-0.732979,19.750652,132.475098,13.082668,0.070898,0.927953,0.232069,0.28288,-4.376649,83.959114,15.979531,0.111786,0.988208,-0.027049,0.101078,-4.387008,51.985161,-1.083522,0.016023,0.97464,0.079385,0.20861,-15.155849,5.678928,0.38445,-0.087918,0.942686,0.024627,0.320946,11.6384,84.554604,25.731024,0.081588,0.883497,-0.21976,0.405564,18.218699,48.916843,26.093521,-0.035174,0.876807,0.041446,0.477759,2.88299,6.579682,41.415771,0.016023,0.97464,0.079385,0.20861,-9.387201,1.745131,-13.267652,-0.035174,0.876807,0.041446,0.477759,15.247252,2.01428,33.579056
1265,10.541667,-0.030388,0.96142,0.050037,0.268783,3.623251,84.260597,20.848408,-0.043762,0.975921,0.107803,0.184506,2.966939,91.899368,21.462786,-0.015312,0.979568,0.130194,0.152515,0.336063,112.343773,25.545124,0.097004,0.993024,-0.019452,0.064143,-1.124681,132.577728,30.791965,0.152459,0.972956,-0.169374,-0.037766,1.944476,146.736099,28.552103,-0.01981,0.937927,0.110521,0.328156,-4.649207,126.95018,28.798454,0.44159,-0.569795,0.088338,-0.687407,-18.356354,127.568794,17.95731,0.232008,0.078458,-0.498336,-0.831672,-10.036518,112.057495,0.443067,0.295911,0.174876,-0.58175,-0.737171,2.98309,135.001175,-2.228853,-0.014772,0.972747,0.17299,0.153687,2.445886,126.877853,31.052673,0.361872,0.867483,0.134411,-0.313777,19.099277,126.450584,36.370655,0.035115,0.153809,0.463668,-0.87185,32.537357,112.955429,20.437458,0.042521,-0.076542,0.674547,-0.733021,19.749825,132.470657,13.078859,0.070864,0.927933,0.231935,0.283065,-4.384016,83.964821,15.972116,0.111751,0.988203,-0.027042,0.10117,-4.391572,51.986015,-1.08185,0.01583,0.974643,0.079349,0.208623,-15.157184,5.678982,0.384735,-0.088036,0.942698,0.024568,0.320883,11.630517,84.556374,25.724701,0.081577,0.883503,-0.21975,0.405559,18.217514,48.919914,26.09359,-0.034992,0.876806,0.04149,0.477771,2.883111,6.582191,41.415604,0.01583,0.974643,0.079349,0.208623,-9.386389,1.745195,-13.266465,-0.034992,0.876806,0.04149,0.477771,15.246138,2.015309,33.577797
1266,10.55,-0.030418,0.961406,0.050129,0.268813,3.620601,84.262009,20.846153,-0.043775,0.975918,0.107757,0.184544,2.96345,91.900612,21.46175,-0.015293,0.979566,0.13017,0.152551,0.332083,112.346397,25.542221,0.097071,0.993012,-0.019522,0.06421,-1.127939,132.580627,30.788195,0.152464,0.972947,-0.169436,-0.037683,1.943511,146.738235,28.546667,-0.019797,0.93791,0.110475,0.328219,-4.65263,126.953194,28.794666,0.44165,-0.569775,0.088343,-0.687384,-18.358334,127.57196,17.951712,0.231971,0.078423,-0.498167,-0.831787,-10.037442,112.059334,0.439164,0.295565,0.174606,-0.581834,-0.737308,2.991454,134.998138,-2.23077,-0.014735,0.97274,0.172999,0.153725,2.442309,126.880577,31.049353,0.361976,0.867468,0.134434,-0.313689,19.095329,126.451782,36.368362,0.035227,0.153823,0.463703,-0.871824,32.532398,112.952171,20.438072,0.042646,-0.076306,0.674655,-0.732938,19.746233,132.468124,13.076195,0.070889,0.927943,0.23191,0.283045,-4.386327,83.966194,15.969306,0.111712,0.988199,-0.027057,0.10125,-4.396443,51.986801,-1.083542,0.015401,0.974659,0.079325,0.20859,-15.158695,5.679023,0.384033,-0.088056,0.942668,0.024571,0.320966,11.627528,84.557816,25.722998,0.081566,0.883518,-0.21976,0.405523,18.215891,48.921623,26.092699,-0.035004,0.876814,0.041478,0.477757,2.882718,6.584135,41.416584,0.015401,0.974659,0.079325,0.20859,-9.384701,1.746933,-13.266301,-0.035004,0.876814,0.041478,0.477757,15.245557,2.017136,33.578556
1267,10.558333,-0.030416,0.961399,0.050087,0.268846,3.615561,84.2621,20.846882,-0.043783,0.975922,0.107676,0.184567,2.95859,91.900764,21.461843,-0.015279,0.979567,0.130151,0.152564,0.327268,112.34832,25.539122,0.097126,0.993004,-0.019551,0.064242,-1.132124,132.582779,30.784386,0.152531,0.972924,-0.169519,-0.037644,1.941039,146.739929,28.542244,-0.019833,0.937863,0.110482,0.328349,-4.656977,126.955414,28.790962,0.441643,-0.569744,0.088451,-0.6874,-18.359636,127.573624,17.944136,0.232217,0.078548,-0.498194,-0.83169,-10.037948,112.05809,0.434539,0.296153,0.174798,-0.581634,-0.737184,2.988499,134.998108,-2.23713,-0.014756,0.972739,0.172966,0.153769,2.437904,126.882599,31.045818,0.362011,0.867488,0.134164,-0.313707,19.090429,126.454399,36.366417,0.035216,0.153917,0.463754,-0.87178,32.525681,112.948822,20.439657,0.042776,-0.076065,0.674945,-0.732689,19.742868,132.466476,13.073998,0.070849,0.927945,0.231924,0.283038,-4.391036,83.966141,15.969506,0.11172,0.9882,-0.027051,0.101232,-4.398331,51.986801,-1.083449,0.015763,0.974636,0.079339,0.208666,-15.161252,5.67916,0.383613,-0.088122,0.942715,0.024561,0.320811,11.622158,84.558052,25.724258,0.081557,0.883512,-0.219749,0.405543,18.214813,48.922661,26.09511,-0.035061,0.876848,0.041479,0.477691,2.882387,6.584585,41.418118,0.015763,0.974636,0.079339,0.208666,-9.388677,1.745428,-13.266845,-0.035061,0.876848,0.041479,0.477691,15.244566,2.018393,33.578587
1268,10.566667,-0.030401,0.961388,0.05006,0.268894,3.609389,84.261192,20.846661,-0.043708,0.975926,0.107596,0.184612,2.952726,91.899918,21.461248,-0.01528,0.979564,0.130111,0.152618,0.32472,112.349747,25.535988,0.097131,0.992999,-0.019623,0.064292,-1.134728,132.584641,30.779549,0.152597,0.972904,-0.169584,-0.037592,1.938896,146.741379,28.535509,-0.019792,0.937872,0.110395,0.328356,-4.659508,126.957214,28.786177,0.441563,-0.569731,0.088559,-0.687449,-18.362068,127.575775,17.93924,0.232247,0.078488,-0.498091,-0.831749,-10.040555,112.058929,0.430723,0.296147,0.174797,-0.581522,-0.737275,2.991676,134.995102,-2.24285,-0.014746,0.972745,0.172892,0.153814,2.43513,126.884399,31.041801,0.362078,0.867487,0.134112,-0.313656,19.087189,126.455986,36.363853,0.035359,0.153944,0.463773,-0.87176,32.52161,112.946404,20.439798,0.042872,-0.076042,0.675096,-0.732547,19.739967,132.463379,13.069829,0.070799,0.927944,0.231923,0.283053,-4.396744,83.965424,15.968508,0.111691,0.988204,-0.027035,0.101228,-4.400454,51.985561,-1.083459,0.015221,0.974671,0.079303,0.208556,-15.160561,5.677232,0.382489,-0.08818,0.942701,0.0246,0.320833,11.61552,84.556953,25.724813,0.081582,0.883573,-0.219743,0.405409,18.213022,48.922451,26.094549,-0.034836,0.876828,0.041527,0.477739,2.88116,6.584486,41.418423,0.015221,0.974671,0.079303,0.208556,-9.385779,1.745542,-13.267631,-0.034836,0.876828,0.041527,0.477739,15.242375,2.016319,33.578514
