Format Version,1.23,Take Name,p26_hook_right_pre_003,Take Notes,,Capture Frame Rate,120.000000,Export Frame Rate,120.000000,Capture Start Time,2025-09-08 11.47.49.063 오전,Total Frames in Take,1293,Total Exported Frames,1293,Rotation Type,Quaternion,Length Units,Centimeters,Coordinate Space,Global

,Type,Bone,Bone,Bone,Bone,Bone,Bone,Bone,Bone,Bone,Bone,Bone,Bone,Bone,Bone,Bone,Bone,Bone,Bone,Bone,Bone,Bone,Bone,Bone,Bone,Bone,Bone,Bone,Bone,Bone,Bone,Bone,Bone,Bone,Bone,Bone,Bone,Bone,Bone,Bone,Bone,Bone,Bone,Bone,Bone,Bone,Bone,Bone,Bone,Bone,Bone,Bone,Bone,Bone,Bone,Bone,Bone,Bone,Bone,Bone,Bone,Bone,Bone,Bone,Bone,Bone,Bone,Bone,Bone,Bone,Bone,Bone,Bone,Bone,Bone,Bone,Bone,Bone,Bone,Bone,Bone,Bone,Bone,Bone,Bone,Bone,Bone,Bone,Bone,Bone,Bone,Bone,Bone,Bone,Bone,Bone,Bone,Bone,Bone,Bone,Bone,Bone,Bone,Bone,Bone,Bone,Bone,Bone,Bone,Bone,Bone,Bone,Bone,Bone,Bone,Bone,Bone,Bone,Bone,Bone,Bone,Bone,Bone,Bone,Bone,Bone,Bone,Bone,Bone,Bone,Bone,Bone,Bone,Bone,Bone,Bone,Bone,Bone,Bone,Bone,Bone,Bone,Bone,Bone,Bone,Bone,Bone,Bone
,Name,New_Mocap:Hip,New_Mocap:Hip,New_Mocap:Hip,New_Mocap:Hip,New_Mocap:Hip,New_Mocap:Hip,New_Mocap:Hip,New_Mocap:Ab,New_Mocap:Ab,New_Mocap:Ab,New_Mocap:Ab,New_Mocap:Ab,New_Mocap:Ab,New_Mocap:Ab,New_Mocap:Chest,New_Mocap:Chest,New_Mocap:Chest,New_Mocap:Chest,New_Mocap:Chest,New_Mocap:Chest,New_Mocap:Chest,New_Mocap:Neck,New_Mocap:Neck,New_Mocap:Neck,New_Mocap:Neck,New_Mocap:Neck,New_Mocap:Neck,New_Mocap:Neck,New_Mocap:Head,New_Mocap:Head,New_Mocap:Head,New_Mocap:Head,New_Mocap:Head,New_Mocap:Head,New_Mocap:Head,New_Mocap:LShoulder,New_Mocap:LShoulder,New_Mocap:LShoulder,New_Mocap:LShoulder,New_Mocap:LShoulder,New_Mocap:LShoulder,New_Mocap:LShoulder,New_Mocap:LUArm,New_Mocap:LUArm,New_Mocap:LUArm,New_Mocap:LUArm,New_Mocap:LUArm,New_Mocap:LUArm,New_Mocap:LUArm,New_Mocap:LFArm,New_Mocap:LFArm,New_Mocap:LFArm,New_Mocap:LFArm,New_Mocap:LFArm,New_Mocap:LFArm,New_Mocap:LFArm,New_Mocap:LHand,New_Mocap:LHand,New_Mocap:LHand,New_Mocap:LHand,New_Mocap:LHand,New_Mocap:LHand,New_Mocap:LHand,New_Mocap:RShoulder,New_Mocap:RShoulder,New_Mocap:RShoulder,New_Mocap:RShoulder,New_Mocap:RShoulder,New_Mocap:RShoulder,New_Mocap:RShoulder,New_Mocap:RUArm,New_Mocap:RUArm,New_Mocap:RUArm,New_Mocap:RUArm,New_Mocap:RUArm,New_Mocap:RUArm,New_Mocap:RUArm,New_Mocap:RFArm,New_Mocap:RFArm,New_Mocap:RFArm,New_Mocap:RFArm,New_Mocap:RFArm,New_Mocap:RFArm,New_Mocap:RFArm,New_Mocap:RHand,New_Mocap:RHand,New_Mocap:RHand,New_Mocap:RHand,New_Mocap:RHand,New_Mocap:RHand,New_Mocap:RHand,New_Mocap:LThigh,New_Mocap:LThigh,New_Mocap:LThigh,New_Mocap:LThigh,New_Mocap:LThigh,New_Mocap:LThigh,New_Mocap:LThigh,New_Mocap:LShin,New_Mocap:LShin,New_Mocap:LShin,New_Mocap:LShin,New_Mocap:LShin,New_Mocap:LShin,New_Mocap:LShin,New_Mocap:LFoot,New_Mocap:LFoot,New_Mocap:LFoot,New_Mocap:LFoot,New_Mocap:LFoot,New_Mocap:LFoot,New_Mocap:LFoot,New_Mocap:RThigh,New_Mocap:RThigh,New_Mocap:RThigh,New_Mocap:RThigh,New_Mocap:RThigh,New_Mocap:RThigh,New_Mocap:RThigh,New_Mocap:RShin,New_Mocap:RShin,New_Mocap:RShin,New_Mocap:RShin,New_Mocap:RShin,New_Mocap:RShin,New_Mocap:RShin,New_Mocap:RFoot,New_Mocap:RFoot,New_Mocap:RFoot,New_Mocap:RFoot,New_Mocap:RFoot,New_Mocap:RFoot,New_Mocap:RFoot,New_Mocap:LToe,New_Mocap:LToe,New_Mocap:LToe,New_Mocap:LToe,New_Mocap:LToe,New_Mocap:LToe,New_Mocap:LToe,New_Mocap:RToe,New_Mocap:RToe,New_Mocap:RToe,New_Mocap:RToe,New_Mocap:RToe,New_Mocap:RToe,New_Mocap:RToe
,ID,"1","1","1","1","1","1","1","2","2","2","2","2","2","2","3","3","3","3","3","3","3","4","4","4","4","4","4","4","5","5","5","5","5","5","5","6","6","6","6","6","6","6","7","7","7","7","7","7","7","8","8","8","8","8","8","8","9","9","9","9","9","9","9","A","A","A","A","A","A","A","B","B","B","B","B","B","B","C","C","C","C","C","C","C","D","D","D","D","D","D","D","E","E","E","E","E","E","E","F","F","F","F","F","F","F","10","10","10","10","10","10","10","12","12","12","12","12","12","12","13","13","13","13","13","13","13","14","14","14","14","14","14","14","11","11","11","11","11","11","11","15","15","15","15","15","15","15"
,,Rotation,Rotation,Rotation,Rotation,Position,Position,Position,Rotation,Rotation,Rotation,Rotation,Position,Position,Position,Rotation,Rotation,Rotation,Rotation,Position,Position,Position,Rotation,Rotation,Rotation,Rotation,Position,Position,Position,Rotation,Rotation,Rotation,Rotation,Position,Position,Position,Rotation,Rotation,Rotation,Rotation,Position,Position,Position,Rotation,Rotation,Rotation,Rotation,Position,Position,Position,Rotation,Rotation,Rotation,Rotation,Position,Position,Position,Rotation,Rotation,Rotation,Rotation,Position,Position,Position,Rotation,Rotation,Rotation,Rotation,Position,Position,Position,Rotation,Rotation,Rotation,Rotation,Position,Position,Position,Rotation,Rotation,Rotation,Rotation,Position,Position,Position,Rotation,Rotation,Rotation,Rotation,Position,Position,Position,Rotation,Rotation,Rotation,Rotation,Position,Position,Position,Rotation,Rotation,Rotation,Rotation,Position,Position,Position,Rotation,Rotation,Rotation,Rotation,Position,Position,Position,Rotation,Rotation,Rotation,Rotation,Position,Position,Position,Rotation,Rotation,Rotation,Rotation,Position,Position,Position,Rotation,Rotation,Rotation,Rotation,Position,Position,Position,Rotation,Rotation,Rotation,Rotation,Position,Position,Position,Rotation,Rotation,Rotation,Rotation,Position,Position,Position
Frame,Time (Seconds),X,Y,Z,W,X,Y,Z,X,Y,Z,W,X,Y,Z,X,Y,Z,W,X,Y,Z,X,Y,Z,W,X,Y,Z,X,Y,Z,W,X,Y,Z,X,Y,Z,W,X,Y,Z,X,Y,Z,W,X,Y,Z,X,Y,Z,W,X,Y,Z,X,Y,Z,W,X,Y,Z,X,Y,Z,W,X,Y,Z,X,Y,Z,W,X,Y,Z,X,Y,Z,W,X,Y,Z,X,Y,Z,W,X,Y,Z,X,Y,Z,W,X,Y,Z,X,Y,Z,W,X,Y,Z,X,Y,Z,W,X,Y,Z,X,Y,Z,W,X,Y,Z,X,Y,Z,W,X,Y,Z,X,Y,Z,W,X,Y,Z,X,Y,Z,W,X,Y,Z,X,Y,Z,W,X,Y,Z
0,0.000000,0.034001,0.909774,-0.061587,0.409099,-6.004678,83.447784,21.560530,0.016453,0.917831,-0.019924,0.396129,-5.192696,90.609428,20.951189,0.020844,0.916550,-0.091319,0.388796,-4.415365,107.490097,20.553314,0.032476,0.932359,-0.127262,0.336833,-2.436981,125.286232,17.814688,0.145927,0.861338,-0.411804,0.259267,0.656703,138.029846,13.562477,0.050818,0.882174,-0.020737,0.467715,-5.500223,119.909119,16.047945,0.214992,-0.632931,0.176011,-0.722632,-14.567703,121.052277,2.587669,0.075953,-0.185076,-0.483340,-0.852268,-11.500093,109.248520,-16.222515,-0.197922,-0.062770,0.738472,0.641518,-1.922159,125.665405,-24.245539,-0.019151,0.949050,-0.077091,0.304949,-0.583825,120.140526,21.103367,0.411678,0.816974,-0.053714,-0.400237,12.648022,121.496918,30.472654,-0.041610,0.152125,0.504517,-0.848875,20.284983,105.453400,16.803558,0.033275,0.107134,0.790334,-0.602319,11.173843,123.264244,12.371661,0.041169,0.882157,0.116281,0.454514,-11.852699,83.549019,14.957444,0.059778,0.938862,-0.010192,0.338910,-10.696362,49.644409,6.474684,0.008667,0.956319,0.082079,0.280431,-16.046764,5.071974,5.514581,-0.096093,0.888458,-0.079334,0.441718,-0.156657,83.346550,28.163612,-0.043987,0.835294,-0.102964,0.538281,3.363392,49.463726,36.061733,-0.057703,0.871643,0.034003,0.485544,1.685698,5.686897,45.911873,0.008667,0.956319,0.082079,0.280431,-8.762144,1.429296,-6.385559,-0.057703,0.871643,0.034003,0.485544,13.599578,1.530427,38.931087
1,0.008333,0.034541,0.910088,-0.061101,0.408427,-6.046644,83.451637,21.440582,0.016474,0.917949,-0.019800,0.395860,-5.230879,90.613609,20.840229,0.020903,0.916590,-0.091513,0.388654,-4.454991,107.487663,20.446413,0.032032,0.932322,-0.127263,0.336978,-2.472364,125.282433,17.701929,0.146280,0.861133,-0.411570,0.260120,0.611100,138.027344,13.446198,0.050984,0.882319,-0.020155,0.467449,-5.537639,119.905647,15.937671,0.215292,-0.632844,0.176023,-0.722616,-14.612664,121.062851,2.483673,0.076189,-0.184492,-0.482938,-0.852601,-11.540322,109.251144,-16.320755,-0.197762,-0.062952,0.738096,0.641983,-1.939120,125.657722,-24.327829,-0.019488,0.949107,-0.076679,0.304855,-0.619712,120.137177,20.991602,0.411689,0.817073,-0.053423,-0.400063,12.613577,121.499672,30.357975,-0.041743,0.151936,0.504476,-0.848927,20.256369,105.459534,16.688152,0.032822,0.106799,0.790745,-0.601863,11.140509,123.271851,12.264896,0.041073,0.882322,0.116857,0.454055,-11.903699,83.565956,14.845720,0.058877,0.938495,-0.011667,0.340036,-10.727363,49.670185,6.330440,0.009056,0.956348,0.081606,0.280458,-16.045862,5.091035,5.515834,-0.096263,0.888562,-0.080386,0.441282,-0.189589,83.337326,28.035444,-0.044975,0.834890,-0.103193,0.538784,3.311709,49.468536,36.001820,-0.057614,0.871725,0.033366,0.485452,1.690824,5.703825,45.915108,0.009056,0.956348,0.081606,0.280458,-8.765359,1.432747,-6.382042,-0.057614,0.871725,0.033366,0.485452,13.600272,1.530824,38.936611
2,0.016667,0.035332,0.910375,-0.061076,0.407724,-6.102173,83.461876,21.312519,0.016626,0.918078,-0.019680,0.395561,-5.276613,90.623085,20.716560,0.020752,0.916664,-0.091586,0.388469,-4.498209,107.486534,20.328487,0.032631,0.932052,-0.127245,0.337672,-2.520135,125.281052,17.579081,0.146011,0.860919,-0.411459,0.261153,0.582321,138.024414,13.332528,0.051335,0.882430,-0.020423,0.467188,-5.585145,119.903275,15.817367,0.215768,-0.632616,0.175750,-0.722740,-14.666939,121.066818,2.368486,0.076476,-0.183647,-0.482751,-0.852864,-11.577366,109.251701,-16.430979,-0.197645,-0.063267,0.737694,0.642450,-1.957501,125.654640,-24.414125,-0.019318,0.949091,-0.076613,0.304933,-0.665097,120.136902,20.869137,0.411372,0.817284,-0.053377,-0.399963,12.566855,121.493675,30.238224,-0.042360,0.151946,0.504200,-0.849059,20.224941,105.462334,16.566635,0.031887,0.106645,0.790797,-0.601872,11.097136,123.272919,12.154190,0.040632,0.882515,0.117188,0.453633,-11.968373,83.590012,14.726046,0.058044,0.938460,-0.012871,0.340232,-10.758330,49.697136,6.203971,0.009404,0.956376,0.081087,0.280501,-16.043495,5.111900,5.515217,-0.096589,0.888778,-0.080558,0.440743,-0.235973,83.333740,27.898994,-0.046014,0.834343,-0.104077,0.539373,3.284741,49.471279,35.883720,-0.057079,0.871710,0.032850,0.485577,1.691161,5.731502,45.910858,0.009404,0.956376,0.081087,0.280501,-8.766527,1.437049,-6.379721,-0.057079,0.871710,0.032850,0.485577,13.596373,1.538818,38.936935
3,0.025000,0.035863,0.910707,-0.060627,0.407002,-6.144853,83.470772,21.171394,0.016240,0.918260,-0.019731,0.395153,-5.315398,90.632233,20.583803,0.021055,0.916796,-0.091186,0.388236,-4.548994,107.484138,20.188919,0.032772,0.931955,-0.127128,0.337971,-2.567159,125.280830,17.456423,0.146138,0.860667,-0.411408,0.261991,0.539575,138.024979,13.215366,0.051267,0.882531,-0.020321,0.467010,-5.634488,119.905701,15.690726,0.216792,-0.632493,0.174821,-0.722766,-14.721891,121.069145,2.245630,0.077322,-0.182521,-0.482658,-0.853082,-11.610736,109.256042,-16.551538,-0.197735,-0.063986,0.737180,0.642941,-1.973995,125.650703,-24.510059,-0.019472,0.948982,-0.076424,0.305309,-0.712070,120.132874,20.740479,0.411408,0.817434,-0.052967,-0.399674,12.512222,121.493408,30.119823,-0.042726,0.152194,0.504177,-0.849010,20.179302,105.466011,16.448662,0.031268,0.106948,0.790550,-0.602175,11.054053,123.276649,12.035579,0.040112,0.883400,0.117312,0.451922,-12.020767,83.611649,14.593847,0.057214,0.938569,-0.014043,0.340027,-10.791167,49.717865,6.078194,0.009602,0.956404,0.080722,0.280505,-16.042446,5.126863,5.514747,-0.096721,0.888896,-0.080973,0.440400,-0.268939,83.329895,27.748943,-0.047219,0.833745,-0.104938,0.540025,3.249891,49.473919,35.761879,-0.056760,0.871739,0.032178,0.485607,1.696204,5.760413,45.909100,0.009602,0.956404,0.080722,0.280505,-8.768196,1.440731,-6.378356,-0.056760,0.871739,0.032178,0.485607,13.596871,1.547282,38.939751
4,0.033333,0.036410,0.910992,-0.060106,0.406394,-6.188835,83.476440,21.016138,0.015959,0.918350,-0.019392,0.394972,-5.355630,90.638237,20.438074,0.020820,0.916827,-0.090965,0.388226,-4.602812,107.484909,20.049931,0.032797,0.931815,-0.127095,0.338367,-2.631908,125.283432,17.321373,0.146756,0.860384,-0.411224,0.262863,0.477534,138.027878,13.083148,0.051512,0.882539,-0.020139,0.466975,-5.696133,119.906853,15.554674,0.216798,-0.632081,0.175122,-0.723052,-14.783806,121.080139,2.110606,0.077535,-0.181742,-0.482371,-0.853391,-11.653984,109.258904,-16.678356,-0.197911,-0.064816,0.736303,0.643807,-1.994910,125.649261,-24.614521,-0.019314,0.948969,-0.075961,0.305476,-0.773468,120.135834,20.604109,0.411418,0.817960,-0.051458,-0.398785,12.447722,121.487282,29.989151,-0.043010,0.151948,0.503781,-0.849274,20.146309,105.478928,16.313375,0.030090,0.107126,0.790509,-0.602258,11.002776,123.280319,11.912937,0.040232,0.883463,0.117416,0.451761,-12.072778,83.630676,14.446070,0.056045,0.938134,-0.015562,0.341352,-10.848874,49.739269,5.920137,0.009737,0.956381,0.080393,0.280672,-16.047714,5.140421,5.513119,-0.096978,0.889094,-0.081466,0.439853,-0.304892,83.322212,27.586210,-0.048406,0.833095,-0.105855,0.540744,3.219248,49.475319,35.635132,-0.056317,0.871750,0.031534,0.485681,1.700284,5.789357,45.905495,0.009737,0.956381,0.080393,0.280672,-8.771568,1.444297,-6.375727,-0.056317,0.871750,0.031534,0.485681,13.596150,1.554760,38.940956
5,0.041667,0.037028,0.911240,-0.059821,0.405824,-6.238354,83.482948,20.854876,0.015676,0.918428,-0.018781,0.394830,-5.399034,90.644585,20.283672,0.020657,0.916824,-0.091015,0.388231,-4.663287,107.489815,19.910625,0.033292,0.931601,-0.126944,0.338964,-2.697057,125.288239,17.178131,0.147221,0.860081,-0.411177,0.263666,0.426996,138.032745,12.950900,0.051458,0.882486,-0.019637,0.467103,-5.759921,119.910477,15.412670,0.216592,-0.631816,0.175444,-0.723268,-14.843885,121.089661,1.966624,0.077797,-0.180529,-0.481975,-0.853849,-11.704124,109.264687,-16.818316,-0.198566,-0.065677,0.735687,0.644223,-2.010800,125.652695,-24.719439,-0.019091,0.948865,-0.075618,0.305896,-0.837215,120.141853,20.461952,0.411066,0.818268,-0.051192,-0.398550,12.375887,121.483971,29.859701,-0.043759,0.152185,0.503617,-0.849291,20.095821,105.488136,16.181316,0.029294,0.107261,0.791078,-0.601525,10.948404,123.289368,11.787692,0.039724,0.884291,0.117294,0.450216,-12.129663,83.649918,14.291727,0.055129,0.937913,-0.016810,0.342048,-10.893133,49.753677,5.786881,0.009916,0.956345,0.080182,0.280850,-16.052979,5.149311,5.509388,-0.097233,0.889599,-0.081900,0.438693,-0.347044,83.315979,27.418024,-0.049541,0.832362,-0.106806,0.541583,3.189658,49.477512,35.496803,-0.055990,0.871553,0.030718,0.486123,1.698148,5.819705,45.890175,0.009916,0.956345,0.080182,0.280850,-8.774741,1.446041,-6.375943,-0.055990,0.871553,0.030718,0.486123,13.595387,1.561548,38.942379
6,0.050000,0.037860,0.911442,-0.059537,0.405333,-6.300954,83.488251,20.681852,0.014892,0.918585,-0.018751,0.394498,-5.452649,90.649475,20.118839,0.021453,0.916937,-0.090390,0.388067,-4.742296,107.481888,19.736320,0.033662,0.931437,-0.126980,0.339365,-2.758861,125.283203,17.035286,0.147491,0.859825,-0.410933,0.264729,0.377127,138.026260,12.812490,0.051581,0.882445,-0.019612,0.467167,-5.827488,119.911682,15.260869,0.216489,-0.631466,0.175442,-0.723604,-14.909068,121.094688,1.813547,0.078126,-0.179201,-0.481545,-0.854341,-11.749456,109.273445,-16.970409,-0.199034,-0.066499,0.735034,0.644739,-2.020054,125.656723,-24.833012,-0.019301,0.948677,-0.075138,0.306585,-0.903452,120.129082,20.309473,0.410806,0.818762,-0.050419,-0.397901,12.295654,121.474480,29.726406,-0.044291,0.152508,0.503181,-0.849464,20.048363,105.494354,16.048191,0.028108,0.107560,0.790859,-0.601817,10.886307,123.289215,11.652083,0.039545,0.884412,0.117065,0.450053,-12.198180,83.671280,14.124447,0.053906,0.937893,-0.018085,0.342234,-10.959471,49.770290,5.638862,0.010162,0.956325,0.079947,0.280976,-16.055674,5.157938,5.505370,-0.097576,0.889849,-0.082138,0.438065,-0.403729,83.305214,27.239258,-0.051107,0.831547,-0.107982,0.542456,3.152327,49.474136,35.340446,-0.055504,0.871671,0.029913,0.486019,1.708500,5.853164,45.893967,0.010162,0.956325,0.079947,0.280976,-8.777279,1.446431,-6.377297,-0.055504,0.871671,0.029913,0.486019,13.597126,1.568975,38.947426
7,0.058333,0.038457,0.911623,-0.058920,0.404960,-6.354381,83.488426,20.497580,0.014496,0.918597,-0.018265,0.394508,-5.502040,90.650047,19.945831,0.021212,0.916894,-0.090143,0.388240,-4.810157,107.489136,19.572971,0.034220,0.931196,-0.126763,0.340049,-2.837687,125.292442,16.877020,0.148022,0.859545,-0.410833,0.265496,0.314397,138.036041,12.667868,0.051525,0.882550,-0.019670,0.466973,-5.902179,119.919327,15.100281,0.216342,-0.630548,0.175601,-0.724410,-14.989875,121.100128,1.656896,0.078693,-0.178067,-0.481467,-0.854569,-11.780849,109.280457,-17.119682,-0.199781,-0.067648,0.734384,0.645129,-2.033246,125.662384,-24.953785,-0.019011,0.948587,-0.074450,0.307049,-0.979897,120.138725,20.150511,0.410945,0.818977,-0.049910,-0.397378,12.210313,121.469353,29.581997,-0.044896,0.152861,0.503272,-0.849314,19.976538,105.490425,15.910071,0.027026,0.107657,0.791264,-0.601317,10.822989,123.289177,11.515394,0.039499,0.884705,0.116980,0.449503,-12.256138,83.685974,13.944674,0.052667,0.937536,-0.019700,0.343315,-11.022570,49.783344,5.464894,0.010271,0.956261,0.079703,0.281260,-16.064251,5.164614,5.499782,-0.097938,0.890084,-0.082469,0.437445,-0.452624,83.290878,27.050486,-0.052514,0.830703,-0.109136,0.543382,3.120960,49.468567,35.180527,-0.055173,0.871611,0.029061,0.486216,1.712871,5.883196,45.884869,0.010271,0.956261,0.079703,0.281260,-8.780702,1.445493,-6.377350,-0.055173,0.871611,0.029061,0.486216,13.598734,1.574317,38.948879
8,0.066667,0.039021,0.911835,-0.058822,0.404443,-6.409612,83.498146,20.318851,0.013659,0.918619,-0.018385,0.394481,-5.550721,90.659294,19.771233,0.021019,0.916852,-0.089536,0.388490,-4.883914,107.480026,19.383938,0.035045,0.930867,-0.126453,0.340980,-2.925596,125.287582,16.705778,0.148594,0.859310,-0.410421,0.266573,0.249844,138.031815,12.516172,0.051821,0.882512,-0.019046,0.467038,-5.984571,119.913498,14.922482,0.216333,-0.629928,0.175683,-0.724932,-15.069283,121.112190,1.478659,0.079276,-0.176376,-0.481057,-0.855097,-11.826470,109.292015,-17.291794,-0.200618,-0.068714,0.733542,0.645714,-2.040411,125.666878,-25.078350,-0.018994,0.948299,-0.073966,0.308052,-1.064909,120.132385,19.975288,0.410579,0.819631,-0.049530,-0.396455,12.105237,121.459915,29.435215,-0.045998,0.153841,0.502916,-0.849290,19.917788,105.491211,15.777736,0.025625,0.108250,0.790825,-0.601849,10.761839,123.285805,11.371149,0.039400,0.884875,0.116772,0.449230,-12.317994,83.706154,13.772241,0.051461,0.937229,-0.021114,0.344251,-11.087568,49.799580,5.307780,0.010335,0.956218,0.079358,0.281501,-16.071722,5.174765,5.493979,-0.098292,0.890563,-0.082675,0.436349,-0.501230,83.290138,26.865465,-0.053902,0.829743,-0.110339,0.544468,3.097790,49.475067,35.014393,-0.054855,0.871587,0.027538,0.486383,1.719146,5.926669,45.871960,0.010335,0.956218,0.079358,0.281501,-8.783936,1.445669,-6.377427,-0.054855,0.871587,0.027538,0.486383,13.599393,1.577431,38.951542
9,0.075000,0.039666,0.912076,-0.058101,0.403941,-6.466750,83.497414,20.120478,0.013065,0.918613,-0.018039,0.394531,-5.603850,90.659058,19.585653,0.021103,0.916759,-0.089157,0.388791,-4.960111,107.477760,19.201242,0.035306,0.930590,-0.125933,0.341902,-3.003434,125.287643,16.537382,0.149158,0.858877,-0.410272,0.267879,0.179343,138.036377,12.367061,0.052021,0.882353,-0.018670,0.467331,-6.060213,119.914284,14.748153,0.215163,-0.629241,0.176792,-0.725607,-15.135349,121.123970,1.298849,0.079232,-0.174977,-0.480484,-0.855710,-11.871264,109.302055,-17.466822,-0.201680,-0.069799,0.732916,0.645978,-2.041931,125.674332,-25.206030,-0.018927,0.947982,-0.073255,0.309203,-1.143909,120.130417,19.804344,0.410967,0.820174,-0.047632,-0.395160,12.003202,121.451317,29.297173,-0.046119,0.154278,0.502801,-0.849272,19.847416,105.494858,15.643533,0.024318,0.108723,0.790691,-0.601993,10.693041,123.285202,11.224484,0.039219,0.885249,0.116614,0.448551,-12.381381,83.721634,13.580048,0.050212,0.936591,-0.022813,0.346056,-11.151271,49.811466,5.129919,0.010465,0.956129,0.079149,0.281856,-16.083633,5.181944,5.488306,-0.098517,0.890665,-0.082970,0.436035,-0.552119,83.273201,26.660908,-0.055766,0.828128,-0.111506,0.546499,3.054414,49.464653,34.833527,-0.054594,0.871570,0.026626,0.486493,1.729196,5.957854,45.863155,0.010465,0.956129,0.079149,0.281856,-8.789093,1.445966,-6.376783,-0.054594,0.871570,0.026626,0.486493,13.605597,1.583454,38.952003
10,0.083333,0.040222,0.912254,-0.057718,0.403539,-6.530708,83.505135,19.923107,0.011997,0.918609,-0.017704,0.394588,-5.662951,90.666779,19.396206,0.021567,0.916648,-0.088781,0.389113,-5.056924,107.479179,19.008198,0.035939,0.930371,-0.125510,0.342587,-3.089175,125.290764,16.363949,0.149936,0.858608,-0.410065,0.268622,0.109634,138.041809,12.213003,0.052000,0.882225,-0.018300,0.467589,-6.147285,119.920769,14.566894,0.214670,-0.628423,0.177099,-0.726386,-15.214636,121.135094,1.112761,0.079782,-0.173306,-0.479939,-0.856305,-11.909340,109.318802,-17.649239,-0.202566,-0.071040,0.732310,0.646253,-2.038453,125.678566,-25.339743,-0.018946,0.947625,-0.072398,0.310494,-1.234791,120.129272,19.627108,0.411027,0.820622,-0.046787,-0.394268,11.886279,121.444939,29.156628,-0.047047,0.155196,0.502870,-0.849013,19.759892,105.494858,15.512462,0.022925,0.109334,0.791098,-0.601402,10.620826,123.288239,11.082774,0.039089,0.885420,0.116307,0.448304,-12.450282,83.741554,13.387582,0.048884,0.936088,-0.024365,0.347499,-11.224262,49.825687,4.959795,0.010399,0.956077,0.078863,0.282117,-16.094122,5.190921,5.482512,-0.099246,0.891271,-0.083370,0.434552,-0.611134,83.268715,26.458633,-0.057015,0.827320,-0.112723,0.547343,3.041425,49.474888,34.671604,-0.054206,0.871495,0.025225,0.486746,1.736685,6.005266,45.849258,0.010399,0.956077,0.078863,0.282117,-8.793536,1.447479,-6.376503,-0.054206,0.871495,0.025225,0.486746,13.608557,1.592554,38.954712
11,0.091667,0.040578,0.912426,-0.057450,0.403152,-6.598473,83.518753,19.729860,0.011563,0.918451,-0.017440,0.394981,-5.727804,90.680428,19.208195,0.020967,0.916401,-0.088428,0.389808,-5.139129,107.476509,18.823202,0.036907,0.929915,-0.125196,0.343834,-3.194249,125.291290,16.183546,0.150843,0.858316,-0.409650,0.269679,0.033214,138.042450,12.055208,0.052084,0.881925,-0.017918,0.468160,-6.241887,119.916939,14.381716,0.214080,-0.627516,0.177566,-0.727230,-15.291553,121.138657,0.916350,0.080134,-0.171497,-0.479499,-0.856883,-11.942596,109.325752,-17.840034,-0.203688,-0.072100,0.731483,0.646719,-2.030416,125.681854,-25.474920,-0.018207,0.947263,-0.071931,0.311749,-1.336680,120.132217,19.448709,0.410635,0.821533,-0.045425,-0.392937,11.759865,121.423111,29.015278,-0.048007,0.156007,0.502414,-0.849081,19.694862,105.497482,15.378123,0.021598,0.110056,0.790916,-0.601559,10.545974,123.286728,10.938023,0.038929,0.885617,0.116075,0.447989,-12.523060,83.763329,13.199181,0.047584,0.935559,-0.025890,0.348990,-11.297445,49.842800,4.790081,0.010487,0.956001,0.078476,0.282478,-16.106758,5.203655,5.474002,-0.099833,0.891452,-0.083267,0.434067,-0.673885,83.274185,26.260540,-0.058652,0.825600,-0.113979,0.549503,3.022495,49.487339,34.482613,-0.053431,0.871351,0.023838,0.487160,1.746513,6.060276,45.827770,0.010487,0.956001,0.078476,0.282478,-8.799409,1.448836,-6.377247,-0.053431,0.871351,0.023838,0.487160,13.613083,1.604356,38.951912
12,0.100000,0.041067,0.912526,-0.057209,0.402911,-6.672136,83.527924,19.527418,0.010527,0.918384,-0.017312,0.395171,-5.796556,90.689415,19.011576,0.021453,0.916254,-0.087810,0.390267,-5.241899,107.473778,18.617195,0.037848,0.929544,-0.124731,0.344904,-3.288276,125.291756,16.005728,0.151339,0.857972,-0.409470,0.270768,-0.035274,138.044586,11.902652,0.052388,0.881695,-0.017781,0.468566,-6.335779,119.921074,14.192774,0.213243,-0.626616,0.178273,-0.728078,-15.372054,121.152969,0.719339,0.080731,-0.169615,-0.478703,-0.857646,-11.983795,109.342384,-18.031450,-0.205026,-0.073276,0.730867,0.646861,-2.014240,125.686691,-25.614012,-0.017911,0.946731,-0.071471,0.313483,-1.435908,120.127281,19.265306,0.410628,0.822198,-0.044174,-0.391693,11.625704,121.408104,28.880871,-0.049099,0.157434,0.502354,-0.848790,19.604740,105.494949,15.254823,0.019817,0.111034,0.790634,-0.601811,10.473972,123.281601,10.790363,0.038556,0.885919,0.115732,0.447513,-12.599444,83.782410,12.999582,0.046340,0.935381,-0.027343,0.349525,-11.366135,49.854317,4.622218,0.010524,0.955930,0.078168,0.282802,-16.117073,5.211630,5.464526,-0.100621,0.891736,-0.083097,0.433332,-0.744828,83.273438,26.055256,-0.060323,0.823723,-0.115301,0.551859,3.012181,49.495651,34.287102,-0.052882,0.871220,0.022318,0.487526,1.760269,6.113675,45.806110,0.010524,0.955930,0.078168,0.282802,-8.803172,1.447959,-6.379877,-0.052882,0.871220,0.022318,0.487526,13.622112,1.614590,38.950218
13,0.108333,0.041487,0.912678,-0.056754,0.402589,-6.744898,83.534866,19.319349,0.009838,0.918359,-0.017640,0.395234,-5.866592,90.696602,18.811630,0.021908,0.916200,-0.086845,0.390584,-5.329550,107.457909,18.398598,0.037382,0.929403,-0.124456,0.345431,-3.373528,125.281288,15.826021,0.152624,0.857579,-0.408809,0.272285,-0.131522,138.038406,11.727590,0.052690,0.881497,-0.016782,0.468940,-6.419818,119.914505,13.999521,0.212617,-0.625594,0.178998,-0.728962,-15.443647,121.169769,0.519904,0.081277,-0.167936,-0.478118,-0.858251,-12.009574,109.355774,-18.220402,-0.206349,-0.074379,0.729793,0.647527,-1.996826,125.687912,-25.754257,-0.018136,0.946339,-0.070332,0.314908,-1.523719,120.109924,19.076120,0.411009,0.822698,-0.042507,-0.390426,11.508505,121.389091,28.731697,-0.049715,0.158046,0.502389,-0.848619,19.517956,105.484390,15.113642,0.018215,0.111777,0.790929,-0.601336,10.395935,123.275208,10.641466,0.038277,0.886236,0.115062,0.447081,-12.676175,83.799774,12.795535,0.044981,0.935248,-0.028570,0.349960,-11.450914,49.859367,4.466984,0.010425,0.955848,0.077950,0.283142,-16.126774,5.211690,5.452929,-0.101673,0.892507,-0.082898,0.431533,-0.813621,83.269958,25.843164,-0.061597,0.822430,-0.116876,0.553312,3.030882,49.504753,34.086208,-0.052218,0.871039,0.020758,0.487989,1.772727,6.169543,45.779259,0.010425,0.955848,0.077950,0.283142,-8.804467,1.442563,-6.384545,-0.052218,0.871039,0.020758,0.487989,13.630093,1.624884,38.945721
14,0.116667,0.041652,0.912752,-0.056800,0.402397,-6.819414,83.547852,19.124979,0.008896,0.918210,-0.017476,0.395609,-5.938785,90.709320,18.617447,0.021903,0.915958,-0.086416,0.391246,-5.433050,107.462646,18.197378,0.038533,0.928904,-0.124025,0.346800,-3.481376,125.288712,15.640277,0.153449,0.857151,-0.408558,0.273543,-0.206641,138.046417,11.569778,0.053012,0.881333,-0.016378,0.469227,-6.522658,119.921875,13.805628,0.211519,-0.624019,0.180192,-0.730337,-15.536624,121.192085,0.320815,0.081719,-0.166524,-0.477447,-0.858857,-12.033528,109.373703,-18.403938,-0.207587,-0.075473,0.728567,0.648383,-1.976677,125.692894,-25.897207,-0.017478,0.945914,-0.069599,0.316383,-1.633864,120.115875,18.889317,0.411021,0.823425,-0.041340,-0.389004,11.368815,121.370377,28.587860,-0.050723,0.159232,0.502204,-0.848448,19.427481,105.474899,14.988084,0.016330,0.112483,0.790879,-0.601324,10.313154,123.264954,10.496087,0.038047,0.886725,0.114481,0.446279,-12.753172,83.815338,12.603527,0.043631,0.935058,-0.029747,0.350538,-11.539559,49.864368,4.316440,0.010342,0.955745,0.077742,0.283550,-16.139853,5.212119,5.440851,-0.102760,0.893071,-0.082062,0.430267,-0.885656,83.280357,25.646431,-0.062890,0.821002,-0.118682,0.554900,3.063278,49.521046,33.864189,-0.051247,0.870870,0.018858,0.488470,1.785900,6.238508,45.748672,0.010342,0.955745,0.077742,0.283550,-8.807614,1.437623,-6.388759,-0.051247,0.870870,0.018858,0.488470,13.634966,1.636081,38.939449
15,0.125000,0.041579,0.912745,-0.056432,0.402473,-6.893925,83.550323,18.921936,0.008597,0.917929,-0.017751,0.396255,-6.016338,90.712479,18.418884,0.021909,0.915669,-0.085285,0.392169,-5.515484,107.477989,17.986403,0.039367,0.928498,-0.123935,0.347825,-3.577021,125.311073,15.468536,0.154411,0.856836,-0.408348,0.274301,-0.276405,138.066925,11.413147,0.052822,0.881001,-0.015701,0.469894,-6.609198,119.944801,13.617256,0.210799,-0.622938,0.181278,-0.731198,-15.603423,121.218994,0.119649,0.082221,-0.164958,-0.476685,-0.859535,-12.057510,109.388412,-18.589336,-0.208854,-0.076551,0.727258,0.649319,-1.950105,125.694633,-26.038584,-0.016572,0.945291,-0.068888,0.318440,-1.730612,120.133675,18.710932,0.411330,0.824054,-0.039329,-0.387550,11.230573,121.357224,28.468788,-0.050952,0.160294,0.502223,-0.848223,19.328470,105.476357,14.875245,0.015035,0.113154,0.791125,-0.600909,10.230772,123.262367,10.353502,0.037880,0.887210,0.113703,0.445527,-12.826711,83.819160,12.399658,0.042206,0.935118,-0.030857,0.350459,-11.634247,49.854897,4.164159,0.009933,0.955651,0.077836,0.283855,-16.149803,5.197704,5.427095,-0.104153,0.893537,-0.080672,0.429226,-0.961138,83.281479,25.444212,-0.064312,0.818892,-0.120899,0.557372,3.125896,49.526508,33.612133,-0.050556,0.870789,0.016886,0.488758,1.803833,6.307927,45.722317,0.009933,0.955651,0.077836,0.283855,-8.806309,1.428469,-6.397205,-0.050556,0.870789,0.016886,0.488758,13.643540,1.649856,38.934689
16,0.133333,0.041544,0.912589,-0.056508,0.402817,-6.976859,83.571449,18.735811,0.007309,0.917904,-0.016880,0.396377,-6.099100,90.733528,18.231888,0.022441,0.915571,-0.085668,0.392284,-5.650260,107.470215,17.809931,0.041007,0.928098,-0.123722,0.348778,-3.688411,125.300087,15.287306,0.155279,0.856666,-0.407775,0.275191,-0.343456,138.052490,11.257490,0.053806,0.880467,-0.015818,0.470779,-6.726685,119.937065,13.436574,0.209995,-0.621755,0.181783,-0.732310,-15.690413,121.236298,-0.078930,0.082927,-0.163207,-0.475601,-0.860401,-12.086693,109.413681,-18.781904,-0.209841,-0.077540,0.726075,0.650207,-1.916077,125.694992,-26.183037,-0.016456,0.944935,-0.068404,0.319606,-1.849698,120.121346,18.531952,0.411157,0.824910,-0.038025,-0.386042,11.087413,121.338722,28.322475,-0.052022,0.161171,0.501988,-0.848131,19.244019,105.473732,14.745511,0.013683,0.113923,0.791275,-0.600598,10.147505,123.259827,10.215135,0.037874,0.887498,0.112838,0.445174,-12.904802,83.838737,12.209064,0.040703,0.934802,-0.031854,0.351388,-11.742495,49.860737,4.026066,0.009813,0.955522,0.077717,0.284325,-16.164740,5.197966,5.415779,-0.105638,0.894354,-0.079033,0.427465,-1.048917,83.304169,25.262558,-0.064788,0.818184,-0.123725,0.557736,3.195869,49.552677,33.364132,-0.049852,0.870521,0.014341,0.489390,1.759229,6.401700,45.700253,0.009813,0.955522,0.077717,0.284325,-8.809228,1.426006,-6.400187,-0.049852,0.870521,0.014341,0.489390,13.592340,1.674883,38.948738
17,0.141667,0.041376,0.912375,-0.056508,0.403319,-7.054980,83.586609,18.555565,0.006521,0.917636,-0.017012,0.397004,-6.179168,90.748886,18.051132,0.022839,0.915261,-0.085404,0.393042,-5.752911,107.469986,17.615362,0.041694,0.927725,-0.123033,0.349931,-3.779547,125.300835,15.108726,0.156206,0.856304,-0.407447,0.276278,-0.417172,138.057739,11.107747,0.054218,0.880016,-0.015882,0.471572,-6.816811,119.940361,13.248998,0.208179,-0.620385,0.183455,-0.733572,-15.754789,121.249214,-0.282621,0.082687,-0.161849,-0.474700,-0.861178,-12.102182,109.424736,-18.974937,-0.210912,-0.078374,0.724883,0.651090,-1.878344,125.695328,-26.325268,-0.016165,0.944205,-0.068039,0.321848,-1.948484,120.119072,18.352848,0.411345,0.825507,-0.036350,-0.384723,10.942139,121.328285,28.205507,-0.052630,0.162413,0.502161,-0.847754,19.137362,105.476448,14.636421,0.012340,0.114524,0.792022,-0.599527,10.065503,123.265396,10.078767,0.037689,0.887937,0.111851,0.444564,-12.976028,83.850517,12.022425,0.039387,0.934507,-0.032723,0.352244,-11.838876,49.856030,3.904652,0.009675,0.955374,0.077906,0.284775,-16.179489,5.188832,5.404990,-0.107708,0.894638,-0.076247,0.426858,-1.133932,83.322701,25.088707,-0.065485,0.816835,-0.126652,0.558974,3.329041,49.571838,33.074837,-0.048933,0.870273,0.011714,0.489993,1.774957,6.494820,45.652843,0.009675,0.955374,0.077906,0.284775,-8.811403,1.422554,-6.404951,-0.048933,0.870273,0.011714,0.489993,13.598532,1.694466,38.936596
18,0.150000,0.041071,0.912064,-0.056699,0.404027,-7.141012,83.603630,18.394207,0.005911,0.917267,-0.017628,0.397838,-6.267712,90.765961,17.886160,0.022993,0.914885,-0.084901,0.394016,-5.851679,107.482086,17.423885,0.042913,0.927193,-0.122916,0.351232,-3.877678,125.315788,14.938103,0.157026,0.856022,-0.407086,0.277219,-0.478662,138.069565,10.958197,0.054471,0.879549,-0.015127,0.472438,-6.909572,119.956253,13.066915,0.207650,-0.619126,0.184452,-0.734535,-15.820035,121.282669,-0.481132,0.083460,-0.160263,-0.473844,-0.861871,-12.113876,109.443871,-19.153830,-0.212250,-0.079312,0.723435,0.652151,-1.837722,125.694611,-26.463200,-0.015603,0.943673,-0.067681,0.323506,-2.052155,120.131470,18.181273,0.411709,0.826014,-0.035128,-0.383358,10.804222,121.323036,28.080717,-0.053144,0.163683,0.502317,-0.847385,19.033047,105.471634,14.531469,0.011267,0.115572,0.792003,-0.599372,9.984662,123.264381,9.943155,0.037658,0.888223,0.111090,0.444185,-13.052429,83.860359,11.852065,0.037983,0.933832,-0.033655,0.354093,-11.940745,49.853832,3.781299,0.009673,0.955225,0.077993,0.285253,-16.196304,5.182436,5.395898,-0.109991,0.894771,-0.072599,0.426635,-1.229594,83.346909,24.936352,-0.066025,0.815532,-0.129839,0.560081,3.487221,49.592819,32.761322,-0.048347,0.869951,0.008446,0.490689,1.792117,6.595576,45.591553,0.009673,0.955225,0.077993,0.285253,-8.816492,1.418114,-6.407347,-0.048347,0.869951,0.008446,0.490689,13.607589,1.711774,38.921364
19,0.158333,0.040448,0.911665,-0.056593,0.405004,-7.215422,83.623192,18.238487,0.005110,0.916876,-0.018053,0.398732,-6.350396,90.786430,17.729095,0.023237,0.914472,-0.084827,0.394976,-5.952878,107.499825,17.243553,0.043708,0.926645,-0.122815,0.352613,-3.969237,125.333572,14.765790,0.158012,0.855587,-0.406649,0.278638,-0.543543,138.085526,10.802917,0.055102,0.879097,-0.015474,0.473194,-6.998449,119.975189,12.887007,0.206914,-0.617868,0.185440,-0.735553,-15.883422,121.313156,-0.676636,0.084279,-0.158678,-0.472647,-0.862742,-12.123882,109.465454,-19.333014,-0.213357,-0.080118,0.722305,0.652944,-1.782590,125.687263,-26.602060,-0.014940,0.943123,-0.067372,0.325203,-2.151886,120.148109,18.011730,0.411953,0.826597,-0.033800,-0.381955,10.669331,121.319534,27.959066,-0.053838,0.164740,0.502377,-0.847100,18.937275,105.473259,14.427664,0.009969,0.116441,0.792222,-0.598937,9.907076,123.266312,9.819744,0.037574,0.888539,0.110012,0.443828,-13.113782,83.869385,11.684164,0.036769,0.933411,-0.034345,0.355264,-12.033917,49.845753,3.681458,0.009442,0.955079,0.078183,0.285697,-16.211849,5.170420,5.387365,-0.112506,0.894876,-0.068360,0.426459,-1.317062,83.377007,24.792810,-0.066201,0.814465,-0.133339,0.560790,3.685322,49.620270,32.426704,-0.047434,0.869650,0.005041,0.491359,1.812265,6.707841,45.513569,0.009442,0.955079,0.078183,0.285697,-8.818781,1.412525,-6.409631,-0.047434,0.869650,0.005041,0.491359,13.615317,1.733047,38.888790
20,0.166667,0.040007,0.911131,-0.056876,0.406208,-7.304288,83.643272,18.106224,0.005270,0.916329,-0.019535,0.399915,-6.442733,90.806557,17.591650,0.023040,0.913988,-0.084325,0.396212,-6.019553,107.529617,17.063000,0.044928,0.926058,-0.122702,0.354037,-4.046268,125.366768,14.601560,0.158720,0.855333,-0.406367,0.279427,-0.583276,138.115387,10.660479,0.055155,0.878798,-0.015649,0.473738,-7.065455,120.006691,12.711477,0.206023,-0.616758,0.186554,-0.736452,-15.933457,121.342644,-0.863467,0.085204,-0.156967,-0.471798,-0.863428,-12.131061,109.485626,-19.505230,-0.215668,-0.080977,0.721010,0.653509,-1.736749,125.687218,-26.731495,-0.014162,0.942444,-0.066895,0.327298,-2.232561,120.181000,17.849047,0.413026,0.826669,-0.032428,-0.380758,10.544917,121.327759,27.855360,-0.053756,0.166118,0.503093,-0.846412,18.814135,105.465630,14.343321,0.008649,0.116908,0.793020,-0.597811,9.832452,123.271034,9.692376,0.037245,0.888843,0.109163,0.443457,-13.186048,83.878761,11.536609,0.035638,0.933063,-0.034927,0.356234,-12.115746,49.840393,3.595522,0.009411,0.954991,0.078343,0.285948,-16.219368,5.161330,5.382125,-0.115358,0.894860,-0.063506,0.426480,-1.422529,83.407776,24.675838,-0.066096,0.813604,-0.136872,0.561201,3.902912,49.651737,32.091122,-0.047163,0.869305,0.000956,0.492020,1.834081,6.823802,45.422981,0.009411,0.954991,0.078343,0.285948,-8.819549,1.407731,-6.412006,-0.047163,0.869305,0.000956,0.492020,13.627092,1.751737,38.854321
21,0.175000,0.039544,0.910536,-0.057060,0.407559,-7.391104,83.659256,17.990341,0.004796,0.915789,-0.020613,0.401101,-6.533803,90.822769,17.471876,0.023107,0.913445,-0.084510,0.397421,-6.109801,107.552994,16.904097,0.046080,0.925456,-0.122779,0.355435,-4.128398,125.388908,14.440171,0.159646,0.855061,-0.405936,0.280356,-0.628249,138.132492,10.515643,0.055487,0.878269,-0.016183,0.474661,-7.143065,120.028282,12.544433,0.205536,-0.615630,0.187348,-0.737330,-15.981401,121.364059,-1.049863,0.086238,-0.155344,-0.470709,-0.864213,-12.129977,109.497299,-19.675360,-0.216958,-0.081993,0.719820,0.654267,-1.674235,125.671997,-26.864111,-0.013426,0.941843,-0.067164,0.329001,-2.323753,120.204376,17.694681,0.413599,0.827197,-0.030937,-0.379110,10.418025,121.334877,27.748266,-0.054060,0.167496,0.503225,-0.846042,18.722130,105.469444,14.261513,0.007236,0.117919,0.792931,-0.597749,9.766341,123.273682,9.572736,0.036958,0.889109,0.108232,0.443176,-13.254120,83.884201,11.403623,0.034587,0.932697,-0.035330,0.357256,-12.197633,49.830185,3.528035,0.009305,0.954878,0.078633,0.286250,-16.228174,5.147031,5.377653,-0.118695,0.895085,-0.059017,0.425736,-1.528089,83.434311,24.577061,-0.065266,0.813509,-0.140023,0.560658,4.145034,49.694431,31.805689,-0.046656,0.868795,-0.002902,0.492960,1.863026,6.935042,45.321526,0.009305,0.954878,0.078633,0.286250,-8.819348,1.401763,-6.413476,-0.046656,0.868795,-0.002902,0.492960,13.648669,1.768366,38.813648
22,0.183333,0.038864,0.909977,-0.056982,0.408882,-7.474067,83.679527,17.888586,0.004249,0.915218,-0.021947,0.402340,-6.625410,90.843941,17.368355,0.023700,0.912836,-0.084746,0.398732,-6.199485,107.570961,16.752960,0.046347,0.924978,-0.122822,0.356627,-4.191550,125.404419,14.292754,0.160670,0.854705,-0.405488,0.281503,-0.677669,138.146561,10.375874,0.055802,0.877607,-0.016448,0.475838,-7.206353,120.046806,12.388725,0.204436,-0.614521,0.188656,-0.738227,-16.007122,121.385666,-1.229615,0.087023,-0.153794,-0.469797,-0.864908,-12.116597,109.508636,-19.840427,-0.218914,-0.082959,0.718978,0.654420,-1.609959,125.658585,-26.987648,-0.013183,0.941306,-0.067472,0.330481,-2.402165,120.218361,17.553242,0.414608,0.827354,-0.029336,-0.377789,10.308054,121.347725,27.646816,-0.054498,0.168804,0.503891,-0.845357,18.619505,105.470886,14.178027,0.005696,0.119106,0.793443,-0.596850,9.709397,123.289658,9.459265,0.036741,0.889253,0.107248,0.443145,-13.318962,83.892403,11.285382,0.033556,0.932473,-0.035563,0.357914,-12.280102,49.822437,3.476705,0.009424,0.954802,0.079018,0.286392,-16.233232,5.134463,5.376245,-0.122366,0.895251,-0.055016,0.424882,-1.629172,83.466652,24.491791,-0.064057,0.813787,-0.142543,0.559757,4.397581,49.756760,31.572601,-0.046020,0.868242,-0.006598,0.493959,1.913522,7.047301,45.210117,0.009424,0.954802,0.079018,0.286392,-8.820935,1.398553,-6.415666,-0.046020,0.868242,-0.006598,0.493959,13.691735,1.788389,38.762959
23,0.191667,0.038090,0.909417,-0.056981,0.410199,-7.551046,83.700096,17.808899,0.003684,0.914657,-0.023445,0.403534,-6.711797,90.865372,17.285282,0.024011,0.912245,-0.085097,0.399990,-6.282088,107.592247,16.616884,0.047020,0.924463,-0.122784,0.357885,-4.255415,125.423004,14.152476,0.161623,0.854403,-0.405106,0.282424,-0.718142,138.162994,10.249610,0.056217,0.877004,-0.016901,0.476884,-7.268430,120.066345,12.242961,0.203702,-0.613514,0.189726,-0.738992,-16.035275,121.408371,-1.396939,0.087754,-0.152538,-0.468690,-0.865657,-12.107465,109.518776,-19.991905,-0.220293,-0.083378,0.717767,0.655232,-1.544700,125.640121,-27.107683,-0.012917,0.940729,-0.068032,0.332015,-2.478621,120.237564,17.420826,0.415092,0.827749,-0.028447,-0.376458,10.198762,121.367966,27.555496,-0.055205,0.170631,0.504054,-0.844847,18.537251,105.482574,14.113526,0.003768,0.120412,0.793621,-0.596366,9.660554,123.302864,9.350755,0.036535,0.889378,0.106328,0.443133,-13.377971,83.898857,11.189393,0.032657,0.932072,-0.035674,0.359030,-12.355227,49.814091,3.443425,0.009370,0.954726,0.079442,0.286529,-16.239042,5.121479,5.376601,-0.125929,0.895104,-0.051308,0.424616,-1.724122,83.501343,24.428406,-0.062693,0.813636,-0.144763,0.559562,4.635500,49.825729,31.380045,-0.045109,0.867803,-0.009718,0.494761,1.941815,7.158005,45.108116,0.009370,0.954726,0.079442,0.286529,-8.821754,1.397237,-6.415864,-0.045109,0.867803,-0.009718,0.494761,13.709229,1.816190,38.709576
24,0.200000,0.036966,0.908873,-0.056969,0.411507,-7.618692,83.721687,17.747597,0.002759,0.914075,-0.024925,0.404769,-6.793512,90.888199,17.218615,0.024485,0.911604,-0.085468,0.401339,-6.371076,107.616112,16.492828,0.047749,0.923894,-0.123244,0.359097,-4.319757,125.443741,14.026207,0.162560,0.854131,-0.404664,0.283340,-0.753390,138.176376,10.125816,0.056526,0.876144,-0.018246,0.478377,-7.332115,120.089088,12.110066,0.202235,-0.612603,0.191209,-0.739769,-16.051432,121.416580,-1.561679,0.087770,-0.151476,-0.467503,-0.866483,-12.098829,109.519836,-20.146807,-0.221339,-0.083908,0.716336,0.656377,-1.480985,125.612724,-27.223419,-0.012506,0.940275,-0.068820,0.333154,-2.557894,120.258156,17.302376,0.415719,0.827948,-0.027724,-0.375382,10.095179,121.386841,27.467569,-0.056039,0.172470,0.504744,-0.844006,18.446579,105.488029,14.049504,0.002530,0.121514,0.794014,-0.595625,9.623349,123.326660,9.247355,0.036284,0.889494,0.105478,0.443124,-13.428134,83.900826,11.112186,0.031979,0.931965,-0.035647,0.359370,-12.416469,49.802204,3.425993,0.009224,0.954674,0.079905,0.286579,-16.243391,5.105477,5.377432,-0.129323,0.894881,-0.048217,0.424427,-1.809249,83.542542,24.383009,-0.061773,0.813740,-0.145713,0.559267,4.853284,49.906006,31.239468,-0.044269,0.867554,-0.012270,0.495217,2.049087,7.252783,44.990467,0.009224,0.954674,0.079905,0.286579,-8.822262,1.394740,-6.416871,-0.044269,0.867554,-0.012270,0.495217,13.803455,1.841778,38.626183
25,0.208333,0.035818,0.908456,-0.056745,0.412558,-7.674520,83.740036,17.701908,0.002148,0.913513,-0.026454,0.405943,-6.865118,90.908134,17.169928,0.024439,0.910967,-0.086080,0.402656,-6.439491,107.640266,16.389297,0.048540,0.923261,-0.123865,0.360404,-4.377254,125.464180,13.904947,0.163264,0.853855,-0.404301,0.284284,-0.778189,138.187546,10.004370,0.056996,0.875451,-0.019002,0.479558,-7.385247,120.107613,11.987260,0.201604,-0.611799,0.192256,-0.740335,-16.066011,121.434715,-1.709035,0.088597,-0.150400,-0.466295,-0.867237,-12.087282,109.522964,-20.278975,-0.222632,-0.084301,0.715221,0.657106,-1.413677,125.580200,-27.330872,-0.012526,0.939888,-0.069373,0.334127,-2.625927,120.282555,17.193041,0.416631,0.828231,-0.026792,-0.373811,10.005991,121.419884,27.383551,-0.056067,0.174011,0.505141,-0.843451,18.376137,105.499519,14.002773,0.001561,0.122853,0.794376,-0.594871,9.592167,123.342117,9.153395,0.036130,0.889510,0.104845,0.443254,-13.470155,83.901093,11.053967,0.031408,0.931963,-0.035617,0.359431,-12.467601,49.792366,3.411520,0.009062,0.954642,0.080296,0.286582,-16.245960,5.092201,5.378694,-0.131719,0.894262,-0.045504,0.425295,-1.878887,83.578987,24.349848,-0.061388,0.813099,-0.146190,0.560116,5.005643,49.968403,31.113655,-0.043039,0.867389,-0.013802,0.495574,2.134670,7.323420,44.876411,0.009062,0.954642,0.080296,0.286582,-8.822181,1.393177,-6.417624,-0.043039,0.867389,-0.013802,0.495574,13.875331,1.860805,38.530933
26,0.216667,0.034738,0.908118,-0.056779,0.413389,-7.728409,83.756462,17.676056,0.001308,0.913018,-0.028049,0.406951,-6.932496,90.925606,17.137882,0.024854,0.910361,-0.086772,0.403851,-6.509802,107.660782,16.297222,0.048787,0.922806,-0.124185,0.361424,-4.420557,125.479614,13.799079,0.164065,0.853455,-0.404248,0.285097,-0.806683,138.198822,9.898657,0.057051,0.874607,-0.019538,0.481067,-7.429456,120.124390,11.879092,0.200885,-0.611146,0.193293,-0.740799,-16.062822,121.442177,-1.848018,0.089179,-0.149474,-0.465125,-0.867965,-12.066239,109.517578,-20.405863,-0.223741,-0.084572,0.714101,0.657911,-1.341969,125.538673,-27.432531,-0.012664,0.939494,-0.070075,0.335082,-2.684027,120.299599,17.097525,0.417077,0.828591,-0.026309,-0.372549,9.926979,121.450790,27.312338,-0.056109,0.175439,0.505159,-0.843142,18.322683,105.516724,13.963938,0.000657,0.123999,0.794610,-0.594322,9.561928,123.352982,9.069519,0.035766,0.889597,0.104291,0.443239,-13.513279,83.898911,11.018327,0.031061,0.932457,-0.035305,0.358209,-12.505590,49.780258,3.421014,0.009066,0.954642,0.080743,0.286456,-16.242338,5.076152,5.378236,-0.134284,0.893979,-0.042904,0.425356,-1.943540,83.614014,24.333784,-0.061753,0.813318,-0.145620,0.559906,5.175949,50.035095,31.011032,-0.039836,0.868659,-0.012763,0.493642,2.364224,7.379231,44.752289,0.009066,0.954642,0.080743,0.286456,-8.820327,1.389254,-6.422984,-0.039836,0.868659,-0.012763,0.493642,14.049761,1.892620,38.326283
27,0.225000,0.033583,0.907917,-0.056620,0.413948,-7.769810,83.776192,17.652802,0.000612,0.912541,-0.029478,0.407922,-6.989655,90.946732,17.110243,0.024889,0.909761,-0.087391,0.405066,-6.567653,107.686356,16.216446,0.048934,0.922280,-0.124776,0.362540,-4.464911,125.501228,13.701391,0.164891,0.852970,-0.404181,0.286166,-0.835588,138.213959,9.794151,0.057099,0.873849,-0.020354,0.482403,-7.470720,120.144714,11.780132,0.199072,-0.610103,0.195551,-0.741556,-16.062042,121.448792,-1.974648,0.089219,-0.148947,-0.463987,-0.868660,-12.047692,109.501541,-20.514090,-0.225303,-0.084733,0.713049,0.658498,-1.274824,125.495232,-27.522024,-0.012604,0.939187,-0.070664,0.335820,-2.739186,120.324722,17.011005,0.417675,0.828789,-0.026228,-0.371442,9.855769,121.482086,27.244923,-0.056172,0.176955,0.505399,-0.842677,18.266014,105.524734,13.933534,0.000087,0.125347,0.794935,-0.593605,9.536090,123.365547,8.991446,0.035368,0.889557,0.103731,0.443482,-13.547923,83.900627,10.988843,0.030803,0.932563,-0.035043,0.357979,-12.530928,49.771847,3.438387,0.008985,0.954639,0.081053,0.286381,-16.237238,5.064660,5.382967,-0.136021,0.893232,-0.040760,0.426584,-1.991698,83.651764,24.316757,-0.062724,0.814161,-0.143979,0.558997,5.289571,50.093124,30.921135,-0.036229,0.871402,-0.010194,0.489123,2.647802,7.405418,44.597084,0.008985,0.954639,0.081053,0.286381,-8.815392,1.386796,-6.421179,-0.036229,0.871402,-0.010194,0.489123,14.241590,1.921853,38.004436
28,0.233333,0.032439,0.907838,-0.056693,0.414203,-7.805043,83.796646,17.644213,0.000250,0.912026,-0.031171,0.408947,-7.039299,90.968163,17.094025,0.024787,0.909105,-0.087872,0.406438,-6.604027,107.709099,16.143755,0.048952,0.921754,-0.125240,0.363715,-4.493792,125.521103,13.614671,0.165444,0.852512,-0.404236,0.287132,-0.853028,138.229095,9.702699,0.057256,0.873338,-0.020517,0.483303,-7.493846,120.162392,11.690554,0.198281,-0.609270,0.197141,-0.742031,-16.056320,121.466827,-2.082172,0.090003,-0.148404,-0.462836,-0.869286,-12.024448,109.491562,-20.599730,-0.226873,-0.084737,0.712037,0.659054,-1.204356,125.448586,-27.600735,-0.013054,0.938801,-0.071203,0.336768,-2.777957,120.348381,16.935331,0.418387,0.828927,-0.026270,-0.370327,9.795875,121.527435,27.192724,-0.055502,0.178184,0.505628,-0.842324,18.216492,105.541634,13.922070,0.000286,0.126255,0.795286,-0.592942,9.514560,123.379730,8.927231,0.034869,0.889455,0.103423,0.443799,-13.580760,83.901917,10.977847,0.030785,0.933252,-0.034684,0.356217,-12.539755,49.766228,3.461988,0.009027,0.954703,0.081311,0.286094,-16.229401,5.056688,5.384061,-0.137195,0.892855,-0.039067,0.427154,-2.029327,83.691368,24.310579,-0.064235,0.815736,-0.141532,0.557152,5.370597,50.145702,30.848652,-0.036032,0.875750,-0.009148,0.481331,2.994726,7.412505,44.430981,0.009027,0.954703,0.081311,0.286094,-8.814067,1.385716,-6.426323,-0.036032,0.875750,-0.009148,0.481331,14.469677,1.941644,37.623371
29,0.241667,0.031410,0.907890,-0.056715,0.414165,-7.824885,83.816757,17.643845,-0.001007,0.911787,-0.031439,0.409456,-7.072536,90.989182,17.087151,0.025235,0.908598,-0.089402,0.407211,-6.671798,107.716263,16.112432,0.049196,0.921320,-0.125605,0.364653,-4.522256,125.517632,13.541900,0.165794,0.852137,-0.404224,0.288059,-0.866754,138.221008,9.628654,0.057706,0.872619,-0.021034,0.484524,-7.529248,120.159874,11.625958,0.197702,-0.608659,0.198050,-0.742445,-16.051552,121.466805,-2.171416,0.090951,-0.147894,-0.461514,-0.869977,-12.002381,109.478882,-20.676985,-0.228044,-0.084729,0.711090,0.659673,-1.131331,125.390076,-27.673582,-0.013718,0.938467,-0.072327,0.337433,-2.822545,120.350052,16.878826,0.418260,0.829420,-0.026655,-0.369338,9.736114,121.563110,27.150818,-0.055320,0.179390,0.505312,-0.842270,18.194283,105.567589,13.915830,0.000644,0.127283,0.795429,-0.592530,9.496818,123.395248,8.875273,0.034374,0.889393,0.103035,0.444053,-13.602307,83.905449,10.978720,0.030888,0.933549,-0.034250,0.355472,-12.540608,49.761765,3.502214,0.009160,0.954745,0.081579,0.285873,-16.223532,5.050108,5.387581,-0.137557,0.892488,-0.037760,0.427923,-2.047463,83.728058,24.308971,-0.065771,0.817825,-0.138756,0.554602,5.408567,50.182323,30.782663,-0.035425,0.881009,-0.007069,0.471719,3.328207,7.397151,44.249367,0.009160,0.954745,0.081579,0.285873,-8.813893,1.385549,-6.428362,-0.035425,0.881009,-0.007069,0.471719,14.652221,1.955854,37.170719
30,0.250000,0.030397,0.908068,-0.056863,0.413830,-7.834865,83.835564,17.653675,-0.001690,0.911527,-0.032462,0.409955,-7.095137,91.008659,17.088673,0.025000,0.908149,-0.090109,0.408069,-6.700594,107.737457,16.073338,0.049298,0.920831,-0.125767,0.365818,-4.545946,125.534645,13.478291,0.166003,0.851478,-0.404751,0.289144,-0.879828,138.235992,9.568378,0.057647,0.872116,-0.021619,0.485410,-7.549503,120.173897,11.565375,0.197412,-0.607915,0.199179,-0.742829,-16.044067,121.468353,-2.250273,0.091912,-0.147434,-0.460566,-0.870456,-11.974451,109.453896,-20.734150,-0.229411,-0.084686,0.710159,0.660207,-1.066865,125.329147,-27.728718,-0.014275,0.938229,-0.072833,0.337961,-2.852505,120.372391,16.826618,0.418473,0.829629,-0.027469,-0.368568,9.694055,121.609138,27.110571,-0.055028,0.180443,0.505250,-0.842102,18.169744,105.589249,13.916315,0.001174,0.128321,0.795572,-0.592112,9.483762,123.414421,8.833658,0.034013,0.888989,0.102968,0.444903,-13.618300,83.907387,10.993561,0.031084,0.933722,-0.033983,0.355024,-12.529092,49.761013,3.533310,0.009046,0.954784,0.081667,0.285722,-16.219074,5.048818,5.391868,-0.137473,0.892543,-0.036908,0.427909,-2.051429,83.763741,24.313789,-0.067928,0.821724,-0.134915,0.549503,5.425395,50.211941,30.731785,-0.030204,0.887462,-0.001449,0.459888,3.780280,7.358292,44.040020,0.009046,0.954784,0.081667,0.285722,-8.811803,1.387609,-6.426606,-0.030204,0.887462,-0.001449,0.459888,14.881629,1.968658,36.579433
31,0.258333,0.029397,0.908301,-0.057332,0.413326,-7.838298,83.864075,17.679489,-0.002433,0.911343,-0.033409,0.410282,-7.109214,91.037254,17.101921,0.024718,0.907771,-0.090917,0.408748,-6.724006,107.761848,16.047754,0.049381,0.920444,-0.126310,0.366593,-4.564799,125.554237,13.423811,0.166279,0.851027,-0.405078,0.289854,-0.887125,138.249786,9.505918,0.057383,0.871654,-0.022729,0.486220,-7.565816,120.190178,11.516190,0.196862,-0.607156,0.200328,-0.743288,-16.035780,121.458138,-2.317002,0.092694,-0.147043,-0.459516,-0.870994,-11.945362,109.422997,-20.782812,-0.230654,-0.084332,0.709485,0.660544,-0.995049,125.265373,-27.776453,-0.014450,0.937930,-0.073593,0.338619,-2.876451,120.397964,16.783876,0.418407,0.830020,-0.028119,-0.367712,9.655450,121.649849,27.083853,-0.054680,0.181387,0.504844,-0.842165,18.161842,105.615402,13.927099,0.001625,0.129364,0.795557,-0.591905,9.473061,123.427452,8.803283,0.033279,0.888923,0.102851,0.445117,-13.630136,83.917076,11.026506,0.031606,0.934271,-0.033402,0.353587,-12.497256,49.765553,3.596368,0.009181,0.954854,0.081669,0.285482,-16.209749,5.052778,5.395274,-0.136900,0.893019,-0.036466,0.427136,-2.046459,83.811073,24.332472,-0.069979,0.826378,-0.130469,0.543305,5.414398,50.246025,30.699575,-0.026522,0.894366,0.003693,0.446535,4.241920,7.311815,43.796505,0.009181,0.954854,0.081669,0.285482,-8.809409,1.390841,-6.427310,-0.026522,0.894366,0.003693,0.446535,15.098679,1.987196,35.939816
32,0.266667,0.028448,0.908612,-0.057866,0.412634,-7.830675,83.889694,17.715693,-0.003293,0.911262,-0.034229,0.410388,-7.111315,91.062775,17.124899,0.024539,0.907496,-0.091605,0.409216,-6.741121,107.778893,16.034359,0.049259,0.920178,-0.126909,0.367070,-4.576324,125.567070,13.386485,0.166555,0.850616,-0.405435,0.290404,-0.893260,138.257034,9.455642,0.057041,0.871331,-0.022747,0.486837,-7.576310,120.200706,11.483717,0.197102,-0.606506,0.201102,-0.743545,-16.027996,121.457634,-2.361660,0.094126,-0.146842,-0.458544,-0.871387,-11.916192,109.393570,-20.803843,-0.231985,-0.084069,0.708734,0.660917,-0.930000,125.196243,-27.813869,-0.014991,0.937702,-0.074355,0.339061,-2.892213,120.415436,16.755812,0.418303,0.830338,-0.029085,-0.367037,9.629418,121.693207,27.065098,-0.054243,0.182292,0.504293,-0.842328,18.161964,105.641617,13.946229,0.001910,0.130381,0.795457,-0.591816,9.463932,123.436699,8.779780,0.032765,0.888705,0.103005,0.445556,-13.633564,83.924469,11.072224,0.032138,0.934714,-0.032947,0.352407,-12.460264,49.772785,3.649086,0.009198,0.954930,0.081495,0.285276,-16.200687,5.060342,5.397614,-0.136123,0.894273,-0.036435,0.424758,-2.027786,83.854919,24.359161,-0.071825,0.831867,-0.125686,0.535763,5.403450,50.274872,30.681683,-0.021940,0.901468,0.008572,0.432204,4.721874,7.254138,43.527000,0.009198,0.954930,0.081495,0.285276,-8.805937,1.393775,-6.427033,-0.021940,0.901468,0.008572,0.432204,15.296682,1.982273,35.260857
33,0.275000,0.027753,0.908935,-0.058101,0.411936,-7.815483,83.903534,17.751860,-0.003812,0.911193,-0.034913,0.410481,-7.104314,91.076790,17.153276,0.023971,0.907265,-0.092244,0.409618,-6.740474,107.790100,16.034851,0.049075,0.919909,-0.127620,0.367522,-4.583716,125.575020,13.358670,0.166642,0.850290,-0.405681,0.290965,-0.895847,138.258499,9.411445,0.056618,0.871068,-0.023497,0.487321,-7.579157,120.203743,11.462607,0.197218,-0.605979,0.201676,-0.743789,-16.017061,121.435928,-2.393395,0.095279,-0.146656,-0.457706,-0.871733,-11.886928,109.352043,-20.818493,-0.232940,-0.083959,0.708284,0.661078,-0.868981,125.122307,-27.841143,-0.015656,0.937496,-0.075068,0.339443,-2.899319,120.430038,16.738001,0.418298,0.830625,-0.030057,-0.366315,9.613226,121.736786,27.054686,-0.053627,0.183128,0.503717,-0.842530,18.169725,105.665001,13.976192,0.002060,0.131102,0.795223,-0.591970,9.460993,123.440483,8.765742,0.032045,0.888727,0.103028,0.445560,-13.629213,83.926331,11.117824,0.032866,0.935200,-0.032404,0.351098,-12.410489,49.771713,3.715538,0.009695,0.954984,0.081725,0.285013,-16.192474,5.060339,5.400728,-0.135322,0.896029,-0.036778,0.421270,-2.001753,83.880737,24.385895,-0.073621,0.838081,-0.120224,0.527016,5.394751,50.287228,30.677561,-0.017006,0.908480,0.014012,0.417347,5.245677,7.169333,43.210529,0.009695,0.954984,0.081725,0.285013,-8.807767,1.396563,-6.431059,-0.017006,0.908480,0.014012,0.417347,15.517100,1.965919,34.528904
34,0.283333,0.027009,0.909253,-0.058593,0.411214,-7.790718,83.916458,17.807100,-0.004406,0.911177,-0.035582,0.410452,-7.086890,91.089478,17.197065,0.023445,0.907108,-0.092903,0.409847,-6.732093,107.796837,16.050348,0.048714,0.919718,-0.128369,0.367788,-4.582195,125.578224,13.345422,0.166497,0.850035,-0.405923,0.291453,-0.894566,138.255508,9.378107,0.055960,0.870781,-0.023975,0.487887,-7.574435,120.202461,11.457068,0.197512,-0.605686,0.202063,-0.743844,-15.996808,121.407463,-2.410764,0.096240,-0.146564,-0.456890,-0.872071,-11.857804,109.304787,-20.821524,-0.233678,-0.083430,0.707750,0.661456,-0.809914,125.044373,-27.856592,-0.016335,0.937326,-0.075788,0.339720,-2.896902,120.439651,16.734024,0.418068,0.830905,-0.031331,-0.365833,9.608807,121.775650,27.055246,-0.053163,0.183971,0.502997,-0.842806,18.189716,105.686890,14.013683,0.002129,0.131835,0.794959,-0.592161,9.463244,123.443130,8.760494,0.031608,0.888681,0.103398,0.445596,-13.615651,83.924644,11.182868,0.033577,0.935459,-0.031997,0.350378,-12.357883,49.773426,3.771435,0.009459,0.955037,0.081518,0.284902,-16.185452,5.063933,5.402943,-0.134449,0.898134,-0.037027,0.417023,-1.965785,83.908264,24.431334,-0.074308,0.843993,-0.116000,0.518361,5.399485,50.299580,30.678394,-0.013474,0.914970,0.019498,0.402826,5.631704,7.101211,42.929821,0.009459,0.955037,0.081518,0.284902,-8.801918,1.396393,-6.428407,-0.013474,0.914970,0.019498,0.402826,15.609767,1.989719,33.860134
35,0.291667,0.026287,0.909583,-0.059170,0.410447,-7.754949,83.928223,17.880226,-0.005132,0.911271,-0.036273,0.410174,-7.057712,91.100815,17.257721,0.022842,0.907047,-0.093576,0.409863,-6.716028,107.802414,16.080128,0.048256,0.919598,-0.129075,0.367901,-4.575956,125.580276,13.344341,0.166293,0.849813,-0.406156,0.291893,-0.892183,138.252136,9.356184,0.055291,0.870611,-0.024437,0.488243,-7.565402,120.199623,11.465478,0.197956,-0.605266,0.202525,-0.743943,-15.978864,121.377731,-2.410072,0.097246,-0.146747,-0.456196,-0.872292,-11.825403,109.250404,-20.801352,-0.234277,-0.082835,0.707245,0.661859,-0.754032,124.962219,-27.860176,-0.017036,0.937193,-0.076390,0.339918,-2.887652,120.448471,16.741705,0.417794,0.831290,-0.032160,-0.365201,9.612913,121.812927,27.065432,-0.052537,0.184640,0.502124,-0.843220,18.224838,105.714523,14.056267,0.002206,0.132627,0.794444,-0.592675,9.473185,123.444412,8.762476,0.031119,0.888963,0.103924,0.444946,-13.591677,83.921593,11.266380,0.034476,0.935816,-0.031540,0.349378,-12.292439,49.775852,3.836884,0.009965,0.955077,0.081616,0.284723,-16.179466,5.069253,5.405802,-0.133641,0.900653,-0.037207,0.411801,-1.918221,83.934853,24.494070,-0.075160,0.850114,-0.110849,0.509283,5.428192,50.311947,30.686632,-0.012027,0.920887,0.024254,0.388889,6.096448,7.020065,42.586933,0.009965,0.955077,0.081616,0.284723,-8.804447,1.400809,-6.430579,-0.012027,0.920887,0.024254,0.388889,15.800923,2.009643,33.170612
36,0.300000,0.025698,0.909913,-0.059508,0.409704,-7.708532,83.934929,17.959520,-0.005399,0.911331,-0.036709,0.409998,-7.017560,91.107384,17.328520,0.021651,0.907002,-0.094464,0.409823,-6.678282,107.805550,16.134060,0.047748,0.919479,-0.129584,0.368084,-4.564348,125.579285,13.351531,0.165901,0.849611,-0.406469,0.292268,-0.887156,138.247925,9.347057,0.054626,0.870570,-0.025374,0.488343,-7.546687,120.189522,11.487530,0.198207,-0.604714,0.202941,-0.744211,-15.959352,121.333763,-2.391337,0.098210,-0.147106,-0.455777,-0.872343,-11.783544,109.188232,-20.765533,-0.235006,-0.082246,0.707191,0.661732,-0.700190,124.879684,-27.854210,-0.017656,0.937160,-0.076806,0.339882,-2.867725,120.458710,16.761684,0.417664,0.831589,-0.032670,-0.364621,9.632929,121.846565,27.082180,-0.051792,0.185046,0.501273,-0.843683,18.268684,105.739906,14.099068,0.002192,0.133577,0.793980,-0.593084,9.488371,123.444832,8.770750,0.030769,0.889162,0.104346,0.444473,-13.556558,83.917328,11.355682,0.035390,0.935918,-0.031049,0.349058,-12.226331,49.776230,3.910380,0.009830,0.955124,0.081508,0.284601,-16.174168,5.072603,5.410694,-0.132918,0.903485,-0.037533,0.405758,-1.860507,83.952522,24.563356,-0.075229,0.855788,-0.106567,0.500611,5.473159,50.317848,30.706877,-0.009173,0.925597,0.028848,0.377297,6.463818,6.943292,42.279129,0.009830,0.955124,0.081508,0.284601,-8.801173,1.402367,-6.426391,-0.009173,0.925597,0.028848,0.377297,15.920565,2.018326,32.570221
37,0.308333,0.025453,0.910212,-0.059970,0.408987,-7.664194,83.936928,18.053858,-0.005814,0.911492,-0.037691,0.409547,-6.974217,91.108765,17.414797,0.020693,0.907123,-0.094889,0.409506,-6.634993,107.792641,16.185419,0.047056,0.919486,-0.130130,0.367965,-4.547234,125.564934,13.374062,0.165412,0.849469,-0.406723,0.292606,-0.882509,138.230637,9.348923,0.054017,0.870645,-0.026110,0.488239,-7.523993,120.168373,11.520853,0.199057,-0.604530,0.202598,-0.744227,-15.942131,121.283890,-2.357041,0.099416,-0.147345,-0.455386,-0.872370,-11.750076,109.128235,-20.720852,-0.235608,-0.081568,0.706962,0.661846,-0.655379,124.797478,-27.838945,-0.018746,0.937112,-0.077494,0.339800,-2.840798,120.451820,16.790503,0.417553,0.831869,-0.033215,-0.364061,9.660382,121.880295,27.104832,-0.050945,0.185376,0.500357,-0.844206,18.318590,105.764427,14.148097,0.002082,0.134468,0.793616,-0.593370,9.505825,123.442482,8.785183,0.030496,0.889362,0.104947,0.443950,-13.522797,83.912949,11.459419,0.036284,0.936225,-0.030516,0.348188,-12.161185,49.779480,3.984851,0.010190,0.955199,0.081567,0.284319,-16.166088,5.078668,5.416041,-0.132302,0.906376,-0.037681,0.399448,-1.805592,83.960907,24.648296,-0.074653,0.860713,-0.103311,0.492876,5.528347,50.315590,30.732944,-0.008041,0.929046,0.032469,0.368450,6.725898,6.871900,42.022888,0.010190,0.955199,0.081567,0.284319,-8.802903,1.407632,-6.426904,-0.008041,0.929046,0.032469,0.368450,16.000330,2.027741,32.099812
38,0.316667,0.025049,0.910500,-0.060121,0.408347,-7.597382,83.926895,18.156000,-0.006638,0.911671,-0.038340,0.409074,-6.912290,91.098763,17.512077,0.019809,0.907239,-0.095422,0.409171,-6.589960,107.779945,16.251560,0.046237,0.919515,-0.130771,0.367767,-4.524403,125.549850,13.408939,0.164813,0.849356,-0.406979,0.292914,-0.874838,138.212067,9.359143,0.052991,0.870700,-0.026468,0.488235,-7.496831,120.146942,11.567322,0.199742,-0.604338,0.202407,-0.744251,-15.918681,121.227798,-2.311061,0.100462,-0.147656,-0.455082,-0.872357,-11.712778,109.061470,-20.664619,-0.236211,-0.080866,0.706898,0.661785,-0.611606,124.710403,-27.811241,-0.019756,0.937170,-0.078251,0.339410,-2.809258,120.444298,16.832308,0.417169,0.832053,-0.034619,-0.363950,9.699286,121.910980,27.132332,-0.050194,0.185659,0.499421,-0.844742,18.375492,105.783249,14.202438,0.002586,0.135269,0.793305,-0.593602,9.527104,123.438110,8.807336,0.030577,0.889837,0.105387,0.442887,-13.465573,83.896141,11.570124,0.037186,0.936439,-0.029898,0.347570,-12.104157,49.769478,4.064500,0.010234,0.955201,0.081861,0.284227,-16.164633,5.071259,5.418107,-0.131408,0.909022,-0.037538,0.393702,-1.729190,83.957642,24.741879,-0.074402,0.864329,-0.100177,0.487201,5.591477,50.295090,30.746645,-0.009016,0.931298,0.034236,0.362533,6.983579,6.790781,41.777866,0.010234,0.955201,0.081861,0.284227,-8.803185,1.407909,-6.428297,-0.009016,0.931298,0.034236,0.362533,16.148645,2.001727,31.727251
39,0.325000,0.024823,0.910796,-0.059894,0.407734,-7.522836,83.910973,18.259808,-0.006917,0.911848,-0.038716,0.408640,-6.842482,91.083397,17.617056,0.018288,0.907371,-0.096128,0.408782,-6.524237,107.757309,16.341562,0.045431,0.919545,-0.131310,0.367601,-4.499478,125.524414,13.452450,0.164086,0.849312,-0.407234,0.293095,-0.865534,138.184097,9.380754,0.052212,0.870869,-0.026854,0.487995,-7.462554,120.110680,11.627640,0.200639,-0.604299,0.202047,-0.744140,-15.894670,121.163818,-2.246638,0.101538,-0.148206,-0.454929,-0.872218,-11.680090,108.986534,-20.590946,-0.236502,-0.080380,0.707058,0.661570,-0.579205,124.619530,-27.776258,-0.020798,0.937201,-0.079015,0.339084,-2.769671,120.431015,16.886543,0.417329,0.831983,-0.035251,-0.363866,9.744683,121.937111,27.173817,-0.048931,0.185692,0.498952,-0.845087,18.417622,105.794540,14.260252,0.003321,0.135810,0.793034,-0.593837,9.550760,123.430168,8.834807,0.030776,0.890153,0.105893,0.442118,-13.400045,83.878998,11.681981,0.038083,0.936586,-0.029363,0.347122,-12.041737,49.760674,4.137979,0.010146,0.955234,0.082005,0.284078,-16.160248,5.065670,5.420535,-0.130588,0.911258,-0.036927,0.388835,-1.645627,83.942947,24.837633,-0.074157,0.866701,-0.098213,0.483409,5.672691,50.262165,30.742228,-0.013320,0.932518,0.033240,0.359344,7.180952,6.719574,41.605881,0.010146,0.955234,0.082005,0.284078,-8.801196,1.406997,-6.428803,-0.013320,0.932518,0.033240,0.359344,16.316282,1.947555,31.520153
40,0.333333,0.024904,0.911021,-0.060129,0.407193,-7.455066,83.891762,18.381449,-0.007260,0.912110,-0.039173,0.408005,-6.772659,91.063721,17.735695,0.017115,0.907633,-0.096696,0.408116,-6.459623,107.730957,16.441826,0.044178,0.919736,-0.131887,0.367068,-4.467183,125.495598,13.515359,0.163360,0.849229,-0.407582,0.293258,-0.861612,138.153946,9.414378,0.051099,0.871009,-0.026497,0.487884,-7.424915,120.073807,11.705859,0.201374,-0.604338,0.201775,-0.743983,-15.864305,121.101402,-2.165912,0.102366,-0.148986,-0.454741,-0.872086,-11.646946,108.914360,-20.503096,-0.236734,-0.079345,0.707293,0.661361,-0.549869,124.528122,-27.729279,-0.022004,0.937281,-0.079748,0.338615,-2.723773,120.411476,16.956297,0.416993,0.831837,-0.037069,-0.364404,9.799244,121.961258,27.226522,-0.047935,0.185903,0.498269,-0.845500,18.467215,105.803429,14.328733,0.004421,0.136362,0.792498,-0.594418,9.576511,123.415115,8.871620,0.031230,0.890355,0.106564,0.441516,-13.339988,83.860069,11.810522,0.038835,0.936496,-0.028835,0.347326,-11.994138,49.753681,4.210534,0.010117,0.955215,0.082148,0.284102,-16.159639,5.061114,5.424318,-0.129920,0.913181,-0.036044,0.384607,-1.570144,83.923454,24.952375,-0.073849,0.868107,-0.097080,0.481157,5.757745,50.225998,30.748970,-0.015140,0.932452,0.031910,0.359563,7.320168,6.659454,41.508434,0.010117,0.955215,0.082148,0.284102,-8.799335,1.406482,-6.425488,-0.015140,0.932452,0.031910,0.359563,16.473257,1.871544,31.446365
41,0.341667,0.024858,0.911400,-0.059856,0.406385,-7.363751,83.861557,18.507883,-0.008576,0.912442,-0.039337,0.407221,-6.684116,91.034019,17.864838,0.016419,0.907881,-0.097249,0.407461,-6.409885,107.713333,16.546736,0.043214,0.919892,-0.132635,0.366522,-4.434314,125.474930,13.590531,0.162336,0.849216,-0.407993,0.293295,-0.848510,138.128998,9.459146,0.049615,0.871209,-0.027059,0.487649,-7.391066,120.048378,11.793743,0.202171,-0.604209,0.201409,-0.743971,-15.842776,121.025513,-2.074169,0.103169,-0.149791,-0.454805,-0.871821,-11.611784,108.830368,-20.402817,-0.236903,-0.078413,0.707644,0.661036,-0.527294,124.432632,-27.671099,-0.023040,0.937567,-0.080162,0.337656,-2.682061,120.397186,17.036400,0.417033,0.831700,-0.037979,-0.364577,9.860554,121.980835,27.277496,-0.046346,0.185447,0.497857,-0.845931,18.521336,105.808876,14.392572,0.006075,0.136203,0.792129,-0.594931,9.607821,123.400375,8.915321,0.032001,0.890699,0.107167,0.440621,-13.260302,83.832108,11.947380,0.039543,0.936426,-0.028260,0.347482,-11.951294,49.738155,4.285417,0.010020,0.955240,0.082526,0.283912,-16.158566,5.047616,5.428007,-0.128950,0.914433,-0.035070,0.382040,-1.467202,83.890999,25.068384,-0.074103,0.868182,-0.096564,0.481086,5.842523,50.171143,30.756632,-0.013978,0.932157,0.032158,0.360353,7.448191,6.599021,41.487076,0.010020,0.955240,0.082526,0.283912,-8.800879,1.404055,-6.426831,-0.013978,0.932157,0.032158,0.360353,16.607676,1.806002,31.433266
42,0.350000,0.025261,0.911784,-0.059578,0.405539,-7.279775,83.832130,18.636293,-0.008940,0.912797,-0.039709,0.406380,-6.597047,91.004791,17.998646,0.015209,0.908229,-0.097616,0.406644,-6.330106,107.682457,16.664043,0.041866,0.920112,-0.133232,0.365912,-4.391609,125.442848,13.676198,0.161070,0.849263,-0.408262,0.293480,-0.836866,138.095505,9.513755,0.048325,0.871505,-0.027253,0.487238,-7.342462,120.008339,11.893828,0.202981,-0.604472,0.200782,-0.743706,-15.811321,120.946671,-1.966304,0.103844,-0.150666,-0.454683,-0.871653,-11.583310,108.750450,-20.294930,-0.236736,-0.077358,0.708080,0.660754,-0.505190,124.337242,-27.605379,-0.024421,0.937826,-0.080536,0.336749,-2.623528,120.373558,17.126431,0.416457,0.831592,-0.039780,-0.365288,9.936852,122.001282,27.338808,-0.044859,0.184914,0.496892,-0.846695,18.595909,105.822121,14.461778,0.007660,0.136055,0.791843,-0.595328,9.634564,123.384407,8.964858,0.032718,0.890956,0.107477,0.439972,-13.188087,83.812225,12.086346,0.040248,0.936319,-0.027442,0.347756,-11.919689,49.726158,4.382580,0.009833,0.955186,0.082839,0.284008,-16.160990,5.036581,5.433141,-0.128253,0.915079,-0.034115,0.380812,-1.371462,83.852043,25.186241,-0.073833,0.867329,-0.097316,0.482512,5.927970,50.115036,30.785326,-0.012694,0.932153,0.034174,0.360225,7.462014,6.552407,41.564682,0.009833,0.955186,0.082839,0.284008,-8.798441,1.402761,-6.421669,-0.012694,0.932153,0.034174,0.360225,16.613272,1.797989,31.485085
43,0.358333,0.025670,0.912177,-0.059208,0.404684,-7.188912,83.795662,18.773354,-0.009248,0.913109,-0.040102,0.405633,-6.503549,90.968651,18.142328,0.014000,0.908522,-0.097971,0.405947,-6.241655,107.650665,16.790886,0.040395,0.920356,-0.133731,0.365280,-4.340054,125.409828,13.772172,0.159587,0.849320,-0.408743,0.293456,-0.820488,138.062408,9.579701,0.046966,0.871914,-0.027928,0.486601,-7.284328,119.967316,12.003386,0.203871,-0.604855,0.199988,-0.743365,-15.777594,120.857605,-1.844977,0.104280,-0.151669,-0.454765,-0.871385,-11.556067,108.663322,-20.176386,-0.236431,-0.076070,0.708420,0.660648,-0.494505,124.239494,-27.528664,-0.025239,0.938076,-0.081189,0.335835,-2.556905,120.349052,17.227140,0.415917,0.831368,-0.041188,-0.366255,10.022171,122.006668,27.411663,-0.043417,0.184137,0.496153,-0.847373,18.669643,105.826965,14.527530,0.009308,0.135624,0.791715,-0.595572,9.665682,123.366714,9.021297,0.033613,0.891350,0.107970,0.438986,-13.109094,83.786049,12.234104,0.040877,0.936133,-0.026695,0.348241,-11.889665,49.711559,4.471422,0.009812,0.955197,0.083316,0.283832,-16.161057,5.022937,5.437249,-0.127493,0.915042,-0.033258,0.381231,-1.268732,83.805275,25.312603,-0.073101,0.865804,-0.098685,0.485079,6.003570,50.050640,30.840281,-0.013343,0.932442,0.037365,0.359135,7.388507,6.502440,41.697876,0.009812,0.955197,0.083316,0.283832,-8.801172,1.402298,-6.423251,-0.013343,0.932442,0.037365,0.359135,16.533630,1.835639,31.571865
44,0.366667,0.026211,0.912793,-0.058612,0.403345,-7.089879,83.755600,18.908903,-0.009508,0.913614,-0.040197,0.404480,-6.401769,90.929199,18.287880,0.012869,0.909004,-0.098192,0.404852,-6.148284,107.609818,16.929768,0.038864,0.920757,-0.134268,0.364237,-4.284308,125.368515,13.884918,0.158138,0.849468,-0.409210,0.293162,-0.803528,138.020660,9.658888,0.045395,0.872249,-0.027565,0.486170,-7.224065,119.918968,12.130317,0.204616,-0.605560,0.199319,-0.742766,-15.735706,120.771317,-1.709151,0.104641,-0.152736,-0.454691,-0.871193,-11.540463,108.578018,-20.047249,-0.236250,-0.074626,0.708871,0.660393,-0.491052,124.138977,-27.441755,-0.027068,0.938474,-0.081201,0.334576,-2.483682,120.314857,17.341257,0.415913,0.830951,-0.042418,-0.367067,10.119729,122.025490,27.486855,-0.041224,0.183046,0.495596,-0.848044,18.740685,105.831993,14.602275,0.011498,0.135242,0.791437,-0.595991,9.699783,123.343620,9.084631,0.034640,0.891507,0.108517,0.438451,-13.028651,83.760620,12.386528,0.041511,0.935883,-0.025985,0.348890,-11.860890,49.699326,4.558284,0.009659,0.955162,0.083688,0.283845,-16.163975,5.012035,5.441644,-0.126872,0.915020,-0.033053,0.381509,-1.151105,83.750580,25.431278,-0.072380,0.864643,-0.098946,0.487200,6.086056,49.983932,30.931654,-0.015564,0.933081,0.039312,0.357172,7.377169,6.430951,41.781628,0.009659,0.955162,0.083688,0.283845,-8.801360,1.402547,-6.420560,-0.015564,0.933081,0.039312,0.357172,16.507889,1.835595,31.610044
45,0.375000,0.026785,0.913410,-0.058076,0.401985,-6.990427,83.708847,19.046692,-0.009797,0.914129,-0.040107,0.403315,-6.298765,90.882912,18.435053,0.011734,0.909467,-0.098591,0.403747,-6.056870,107.577087,17.074362,0.037656,0.921155,-0.134741,0.363181,-4.228190,125.333954,13.997600,0.156592,0.849748,-0.409645,0.292570,-0.779024,137.985107,9.742810,0.043903,0.872759,-0.027596,0.485389,-7.164142,119.877228,12.259006,0.205702,-0.605783,0.198721,-0.742445,-15.704786,120.688187,-1.565067,0.105382,-0.153805,-0.455131,-0.870686,-11.510979,108.486115,-19.897655,-0.236535,-0.073270,0.709653,0.659602,-0.492287,124.042725,-27.342146,-0.028166,0.938894,-0.081708,0.333179,-2.410753,120.288345,17.456902,0.415295,0.830590,-0.044785,-0.368301,10.221050,122.034683,27.561014,-0.039922,0.182394,0.494808,-0.848707,18.824366,105.829498,14.679347,0.013268,0.134820,0.791048,-0.596566,9.740447,123.318817,9.150916,0.035664,0.891837,0.108955,0.437589,-12.947978,83.728615,12.541496,0.042101,0.935800,-0.025114,0.349106,-11.837999,49.679008,4.654194,0.009435,0.955137,0.084244,0.283773,-16.163551,4.992151,5.444824,-0.126142,0.914481,-0.033080,0.383039,-1.032876,83.689079,25.551886,-0.072176,0.864133,-0.098052,0.488315,6.148567,49.909653,31.046782,-0.018941,0.934056,0.039672,0.354410,7.449752,6.338212,41.821163,0.009435,0.955137,0.084244,0.283773,-8.799120,1.399368,-6.421317,-0.018941,0.934056,0.039672,0.354410,16.554283,1.784968,31.607264
46,0.383333,0.027548,0.914069,-0.057761,0.400478,-6.891716,83.657944,19.187050,-0.009581,0.914664,-0.039946,0.402121,-6.192802,90.831932,18.582859,0.010834,0.909965,-0.098765,0.402606,-5.948071,107.539070,17.228703,0.035684,0.921693,-0.135300,0.361806,-4.150376,125.295425,14.130829,0.154835,0.850034,-0.410128,0.291999,-0.752811,137.947052,9.836072,0.042702,0.873542,-0.027018,0.484119,-7.083931,119.833351,12.405048,0.207124,-0.606425,0.197944,-0.741732,-15.668036,120.621536,-1.393396,0.106421,-0.155269,-0.455079,-0.870327,-11.495319,108.407082,-19.722548,-0.236396,-0.071756,0.710276,0.659148,-0.492379,123.943535,-27.236664,-0.029734,0.939341,-0.081793,0.331759,-2.317273,120.255341,17.589903,0.415140,0.830045,-0.046624,-0.369474,10.342279,122.047173,27.651230,-0.038081,0.181516,0.494102,-0.849391,18.912548,105.825104,14.768785,0.014878,0.134447,0.790275,-0.597636,9.786805,123.288940,9.227261,0.036647,0.892188,0.109394,0.436682,-12.869872,83.694092,12.700855,0.042811,0.935710,-0.024178,0.349327,-11.815581,49.656166,4.755714,0.009090,0.955054,0.084715,0.283922,-16.171583,4.970577,5.444383,-0.125662,0.914119,-0.033395,0.384031,-0.913559,83.621803,25.673243,-0.070999,0.865174,-0.097615,0.486728,6.223275,49.835381,31.183279,-0.022523,0.934931,0.039537,0.351899,7.472881,6.241125,41.871128,0.009090,0.955054,0.084715,0.283922,-8.799187,1.392928,-6.421383,-0.022523,0.934931,0.039537,0.351899,16.556723,1.719131,31.624973
47,0.391667,0.028176,0.914816,-0.057375,0.398780,-6.788877,83.614227,19.327644,-0.009647,0.915299,-0.039444,0.400722,-6.085000,90.788361,18.730877,0.009886,0.910520,-0.099206,0.401265,-5.850928,107.509544,17.389824,0.034290,0.922149,-0.135984,0.360518,-4.082662,125.263443,14.261094,0.152990,0.850402,-0.410471,0.291417,-0.720826,137.912140,9.929768,0.040985,0.874038,-0.026552,0.483397,-7.015408,119.795647,12.552160,0.208242,-0.607095,0.197482,-0.740994,-15.626926,120.543648,-1.231439,0.107003,-0.156482,-0.455264,-0.869942,-11.482458,108.314430,-19.557161,-0.236702,-0.070057,0.710579,0.658894,-0.503042,123.839554,-27.122826,-0.030618,0.939770,-0.082236,0.330352,-2.233266,120.230362,17.721687,0.414364,0.829758,-0.048657,-0.370724,10.454882,122.050644,27.741808,-0.036924,0.180605,0.493144,-0.850192,19.012508,105.826332,14.853782,0.016630,0.134354,0.789587,-0.598519,9.834656,123.262917,9.313217,0.037486,0.892660,0.109780,0.435546,-12.790359,83.665314,12.863127,0.043548,0.935526,-0.023146,0.349798,-11.786616,49.637661,4.867631,0.008986,0.955014,0.085182,0.283921,-16.172400,4.953399,5.444209,-0.124835,0.913566,-0.033832,0.385576,-0.787395,83.563141,25.792164,-0.069872,0.866408,-0.097032,0.484809,6.276336,49.764297,31.320148,-0.025173,0.935576,0.040360,0.349906,7.488292,6.145585,41.912125,0.008986,0.955014,0.085182,0.283921,-8.797791,1.389129,-6.424215,-0.025173,0.935576,0.040360,0.349906,16.556477,1.670213,31.631687
48,0.400000,0.028595,0.915526,-0.057077,0.397160,-6.686717,83.575790,19.470331,-0.010182,0.916000,-0.038622,0.399185,-5.980051,90.750069,18.878668,0.009515,0.911125,-0.099738,0.399767,-5.775563,107.485138,17.554337,0.032801,0.922682,-0.136788,0.358985,-4.017003,125.235458,14.399952,0.151372,0.850750,-0.410775,0.290819,-0.693744,137.880081,10.027175,0.039848,0.874589,-0.026534,0.482495,-6.955558,119.765869,12.706809,0.210574,-0.607713,0.196471,-0.740096,-15.598403,120.483292,-1.058794,0.108597,-0.157558,-0.455640,-0.869353,-11.469730,108.226250,-19.369490,-0.237103,-0.068601,0.711280,0.658147,-0.518466,123.738388,-27.000847,-0.031431,0.940237,-0.082746,0.328816,-2.156383,120.206177,17.860050,0.412817,0.829994,-0.050458,-0.371680,10.563064,122.053162,27.835506,-0.035894,0.179644,0.491479,-0.851404,19.146290,105.849968,14.937928,0.018203,0.134119,0.789151,-0.599100,9.886047,123.245956,9.398043,0.038014,0.893187,0.110196,0.434314,-12.710526,83.637733,13.026709,0.044538,0.935680,-0.022097,0.349328,-11.738002,49.619263,4.988368,0.008617,0.954994,0.085578,0.283881,-16.173691,4.938573,5.447960,-0.123903,0.913024,-0.034085,0.387135,-0.662906,83.513847,25.913954,-0.068647,0.868031,-0.096678,0.482144,6.326005,49.699978,31.445137,-0.026946,0.935868,0.041903,0.348811,7.491279,6.059876,41.953911,0.008617,0.954994,0.085578,0.283881,-8.795694,1.387737,-6.422384,-0.026946,0.935868,0.041903,0.348811,16.556820,1.641165,31.646664
49,0.408333,0.028754,0.916308,-0.057017,0.395351,-6.580563,83.549477,19.611256,-0.009442,0.916581,-0.038125,0.397916,-5.873309,90.723724,19.019909,0.008255,0.911654,-0.099936,0.398538,-5.654239,107.482384,17.718733,0.031416,0.923167,-0.137308,0.357661,-3.938708,125.232086,14.537284,0.149614,0.851162,-0.411187,0.289939,-0.652920,137.875229,10.132008,0.038128,0.875420,-0.026320,0.481137,-6.871764,119.754814,12.859492,0.212270,-0.608265,0.196194,-0.739232,-15.561548,120.428864,-0.878724,0.109627,-0.158919,-0.456078,-0.868746,-11.458076,108.137154,-19.171833,-0.237674,-0.067031,0.711659,0.657693,-0.541419,123.639893,-26.868366,-0.031787,0.940582,-0.083129,0.327698,-2.058425,120.210663,17.998150,0.412537,0.829416,-0.052272,-0.373028,10.684182,122.069946,27.941704,-0.034416,0.178829,0.490895,-0.851973,19.232718,105.854454,15.036551,0.019825,0.133883,0.788487,-0.599976,9.936521,123.230469,9.490027,0.038667,0.893561,0.110591,0.433385,-12.629500,83.616623,13.191269,0.045453,0.935614,-0.021076,0.349453,-11.693919,49.607742,5.108089,0.008423,0.954988,0.085814,0.283838,-16.174427,4.930487,5.452501,-0.122905,0.912541,-0.034386,0.388563,-0.531625,83.482330,26.031244,-0.067203,0.869749,-0.096263,0.479326,6.377846,49.652683,31.565779,-0.027586,0.935812,0.043607,0.348703,7.483231,5.987775,41.977512,0.008423,0.954988,0.085814,0.283838,-8.795108,1.387491,-6.419361,-0.027586,0.935812,0.043607,0.348703,16.557232,1.619120,31.656387
50,0.416667,0.028562,0.917020,-0.057700,0.393611,-6.478766,83.542618,19.770475,-0.009602,0.917389,-0.037569,0.396099,-5.771310,90.715889,19.167669,0.007747,0.912424,-0.100376,0.396669,-5.567145,107.477097,17.880955,0.030434,0.923800,-0.137511,0.356030,-3.868618,125.223900,14.674337,0.148025,0.851584,-0.411590,0.288942,-0.615303,137.867615,10.246666,0.036958,0.876132,-0.026063,0.479945,-6.807392,119.744301,13.014266,0.214575,-0.608628,0.195777,-0.738377,-15.537313,120.390907,-0.699799,0.111263,-0.160050,-0.456556,-0.868079,-11.446335,108.054161,-18.965366,-0.238513,-0.065162,0.712585,0.656573,-0.560825,123.547729,-26.731529,-0.032421,0.941013,-0.083575,0.326279,-1.972967,120.206406,18.132530,0.412095,0.828889,-0.054235,-0.374407,10.798497,122.086456,28.035072,-0.033472,0.177804,0.490502,-0.852451,19.317194,105.860970,15.122745,0.021869,0.133601,0.787815,-0.600849,9.988906,123.227051,9.588195,0.039043,0.894384,0.111134,0.431512,-12.552114,83.604027,13.373520,0.046511,0.935853,-0.019881,0.348741,-11.640412,49.605610,5.243719,0.008446,0.955013,0.085890,0.283729,-16.172052,4.932695,5.457921,-0.121803,0.912456,-0.034074,0.389136,-0.405419,83.481216,26.167435,-0.065724,0.871506,-0.096068,0.476371,6.440116,49.631218,31.656790,-0.028477,0.935829,0.043898,0.348550,7.474206,5.945286,41.987370,0.008446,0.955013,0.085890,0.283729,-8.795337,1.391684,-6.416150,-0.028477,0.935829,0.043898,0.348550,16.553970,1.592813,31.664476
51,0.425000,0.027990,0.917789,-0.057783,0.391844,-6.371634,83.542503,19.907110,-0.009432,0.918112,-0.036966,0.394480,-5.672459,90.716103,19.298584,0.007119,0.913111,-0.100621,0.395036,-5.473301,107.479813,18.032293,0.029832,0.924356,-0.137464,0.354654,-3.797762,125.225159,14.805608,0.146382,0.852036,-0.412032,0.287813,-0.568329,137.871017,10.366569,0.035905,0.876978,-0.026185,0.478471,-6.739103,119.742409,13.160571,0.217427,-0.609145,0.195175,-0.737275,-15.517500,120.359329,-0.523888,0.113144,-0.161021,-0.457059,-0.867391,-11.444237,107.969284,-18.757309,-0.239143,-0.063666,0.713374,0.655634,-0.590052,123.451408,-26.591114,-0.032990,0.941362,-0.084005,0.325105,-1.886306,120.211578,18.260775,0.411563,0.828496,-0.056097,-0.375585,10.908834,122.110771,28.129047,-0.032433,0.176800,0.489905,-0.853044,19.407576,105.878105,15.212612,0.023709,0.133232,0.787234,-0.601623,10.038585,123.230209,9.685907,0.039209,0.895045,0.111453,0.430041,-12.470039,83.596260,13.533968,0.047715,0.936236,-0.018723,0.347613,-11.572361,49.603725,5.378057,0.008296,0.955069,0.085783,0.283575,-16.168627,4.936981,5.462705,-0.120716,0.912462,-0.033823,0.389483,-0.273230,83.488747,26.280254,-0.064294,0.873074,-0.096010,0.473698,6.508967,49.619099,31.726902,-0.030904,0.936020,0.042977,0.347942,7.465732,5.915472,41.989857,0.008296,0.955069,0.085783,0.283575,-8.794599,1.394318,-6.412546,-0.030904,0.936020,0.042977,0.347942,16.552286,1.563023,31.672924
52,0.433333,0.027230,0.918495,-0.058216,0.390176,-6.273769,83.550262,20.048164,-0.009193,0.918813,-0.036508,0.392893,-5.583350,90.723740,19.428324,0.006960,0.913795,-0.100742,0.393424,-5.385026,107.491531,18.178747,0.028624,0.925048,-0.137301,0.353009,-3.718739,125.236092,14.942905,0.144974,0.852480,-0.412361,0.286739,-0.530975,137.886978,10.488108,0.034967,0.877925,-0.026704,0.476772,-6.666504,119.753387,13.309245,0.220496,-0.609737,0.194545,-0.736039,-15.499862,120.337990,-0.341225,0.115192,-0.162116,-0.457530,-0.866669,-11.447929,107.889870,-18.539812,-0.239937,-0.062135,0.713735,0.655097,-0.624467,123.358551,-26.449255,-0.033518,0.941714,-0.084340,0.323940,-1.795733,120.222916,18.392252,0.411103,0.828160,-0.057230,-0.376657,11.022870,122.139023,28.226742,-0.031078,0.175630,0.489262,-0.853704,19.502375,105.907784,15.295885,0.025402,0.132752,0.786907,-0.602087,10.090076,123.240555,9.776931,0.039241,0.895655,0.111893,0.428651,-12.395935,83.590775,13.697745,0.048900,0.936851,-0.017527,0.345850,-11.499614,49.605289,5.512380,0.008320,0.955196,0.085578,0.283209,-16.158178,4.944942,5.468226,-0.119770,0.913081,-0.033571,0.388344,-0.151602,83.509750,26.398581,-0.062669,0.874576,-0.095880,0.471165,6.585002,49.623020,31.795311,-0.033664,0.936247,0.041228,0.347287,7.450119,5.898624,41.977631,0.008320,0.955196,0.085578,0.283209,-8.793742,1.396888,-6.411366,-0.033664,0.936247,0.041228,0.347287,16.543371,1.528289,31.674173
53,0.441667,0.026117,0.919275,-0.058244,0.388405,-6.164245,83.564232,20.171991,-0.008880,0.919464,-0.035677,0.391451,-5.489657,90.738525,19.544168,0.006192,0.914389,-0.100956,0.391998,-5.294661,107.501045,18.324594,0.027863,0.925634,-0.137102,0.351608,-3.655840,125.244400,15.068227,0.143934,0.853092,-0.412231,0.285626,-0.497493,137.899399,10.604177,0.034391,0.878743,-0.027166,0.475280,-6.603617,119.757484,13.448787,0.223907,-0.610435,0.193679,-0.734658,-15.484513,120.320724,-0.171708,0.117119,-0.162921,-0.458042,-0.865989,-11.455692,107.812943,-18.334486,-0.240409,-0.060629,0.713847,0.654943,-0.659031,123.274780,-26.308817,-0.034083,0.942036,-0.084713,0.322847,-1.716895,120.236031,18.515621,0.410695,0.827673,-0.058809,-0.377928,11.123470,122.170708,28.318041,-0.030280,0.174860,0.489024,-0.854027,19.575045,105.933586,15.376280,0.026928,0.132066,0.786714,-0.602424,10.141088,123.259697,9.865024,0.039205,0.896304,0.112305,0.427188,-12.311777,83.588692,13.846040,0.050195,0.937664,-0.016514,0.343503,-11.414110,49.609467,5.634855,0.008298,0.955282,0.085224,0.283026,-16.150362,4.957551,5.477040,-0.119089,0.914282,-0.033457,0.385728,-0.016711,83.539780,26.497942,-0.061186,0.875734,-0.095394,0.469304,6.695564,49.641125,31.849934,-0.036793,0.936462,0.038912,0.346657,7.487132,5.891877,41.930992,0.008298,0.955282,0.085224,0.283026,-8.791132,1.400258,-6.403019,-0.036793,0.936462,0.038912,0.346657,16.589777,1.492935,31.648020
54,0.450000,0.025063,0.920004,-0.058385,0.386724,-6.062086,83.587517,20.295605,-0.008561,0.920150,-0.034968,0.389907,-5.401885,90.762352,19.658762,0.005385,0.915065,-0.100998,0.390419,-5.208539,107.513084,18.465923,0.027425,0.926238,-0.137119,0.350043,-3.601506,125.256470,15.193889,0.142953,0.853937,-0.411740,0.284301,-0.463670,137.912338,10.717899,0.033855,0.879554,-0.027739,0.473782,-6.548838,119.765320,13.588053,0.226815,-0.610840,0.193125,-0.733575,-15.477188,120.306610,-0.002269,0.118932,-0.163853,-0.458553,-0.865296,-11.460908,107.742737,-18.129068,-0.240731,-0.059423,0.714472,0.654253,-0.691187,123.199867,-26.171801,-0.034843,0.942470,-0.084655,0.321513,-1.644552,120.252213,18.637089,0.410385,0.827367,-0.059770,-0.378781,11.222083,122.206413,28.401104,-0.029520,0.173769,0.488673,-0.854477,19.656116,105.967834,15.449728,0.028280,0.131394,0.785801,-0.603700,10.192661,123.283676,9.957867,0.039090,0.896779,0.112923,0.426038,-12.233555,83.595963,13.992966,0.051442,0.938260,-0.015630,0.341727,-11.320535,49.625847,5.745881,0.008565,0.955453,0.084594,0.282632,-16.134768,4.982763,5.484214,-0.118066,0.915509,-0.033498,0.383121,0.109383,83.579071,26.598246,-0.059754,0.876721,-0.095325,0.467657,6.771434,49.663658,31.906622,-0.038079,0.936478,0.037746,0.346603,7.472657,5.897692,41.921566,0.008565,0.955453,0.084594,0.282632,-8.789135,1.406822,-6.398655,-0.038079,0.936478,0.037746,0.346603,16.583118,1.481686,31.652842
55,0.458333,0.024011,0.920740,-0.058467,0.385023,-5.964455,83.613205,20.410940,-0.008273,0.920818,-0.034009,0.388420,-5.318982,90.788651,19.765905,0.004520,0.915694,-0.101158,0.388910,-5.131332,107.527176,18.607130,0.028328,0.926678,-0.136545,0.349029,-3.556141,125.269714,15.315029,0.141527,0.854993,-0.411120,0.282733,-0.407513,137.929169,10.856755,0.033505,0.880355,-0.028653,0.472262,-6.502582,119.773819,13.723822,0.230139,-0.611405,0.192109,-0.732335,-15.478478,120.293282,0.164001,0.120765,-0.164835,-0.458997,-0.864619,-11.475606,107.676674,-17.929102,-0.240422,-0.058506,0.714606,0.654303,-0.731316,123.126152,-26.042160,-0.035126,0.942964,-0.084692,0.320020,-1.581581,120.270561,18.755606,0.409651,0.827305,-0.060008,-0.379673,11.315574,122.230278,28.478167,-0.029074,0.172460,0.488169,-0.855046,19.746286,106.013634,15.497179,0.029182,0.130189,0.785475,-0.604342,10.242358,123.321602,10.036629,0.038594,0.897503,0.113306,0.424454,-12.160007,83.606079,14.131969,0.052793,0.939593,-0.014444,0.337890,-11.218959,49.639336,5.874152,0.008926,0.955656,0.084069,0.282089,-16.111969,5.005691,5.490937,-0.117268,0.917030,-0.033718,0.379693,0.231097,83.620331,26.689911,-0.058098,0.877980,-0.095333,0.465496,6.856681,49.692806,31.966454,-0.038192,0.936323,0.037154,0.347074,7.452219,5.909446,41.911976,0.008926,0.955656,0.084069,0.282089,-8.784063,1.413423,-6.397951,-0.038192,0.936323,0.037154,0.347074,16.572403,1.479709,31.657803
56,0.466667,0.022894,0.921547,-0.058007,0.383227,-5.859585,83.634438,20.514214,-0.008025,0.921337,-0.033613,0.387225,-5.232791,90.811417,19.867815,0.003517,0.916202,-0.100610,0.387865,-5.044247,107.541451,18.724915,0.027986,0.927191,-0.135780,0.347990,-3.513793,125.288284,15.434869,0.140898,0.855787,-0.410410,0.281675,-0.387121,137.956741,10.986699,0.033083,0.881108,-0.028853,0.470873,-6.452909,119.786873,13.849195,0.233064,-0.612098,0.191355,-0.731027,-15.472369,120.293297,0.317816,0.122303,-0.165747,-0.459336,-0.864049,-11.494575,107.625214,-17.744827,-0.240041,-0.057732,0.714858,0.654237,-0.770161,123.068527,-25.920931,-0.035847,0.943475,-0.084283,0.318537,-1.520340,120.292068,18.868797,0.408865,0.827265,-0.060321,-0.380558,11.405963,122.266174,28.549650,-0.028782,0.171316,0.487534,-0.855648,19.835325,106.071701,15.540141,0.029536,0.128990,0.785098,-0.605070,10.289907,123.365913,10.108881,0.038366,0.898037,0.113855,0.423195,-12.080404,83.614464,14.260301,0.054012,0.939868,-0.013756,0.336959,-11.120227,49.655197,5.973954,0.009113,0.955833,0.083473,0.281661,-16.095362,5.031496,5.500554,-0.116507,0.918674,-0.034147,0.375896,0.361235,83.654411,26.768127,-0.056331,0.879579,-0.095434,0.462667,6.949083,49.716484,32.024979,-0.038661,0.936199,0.036605,0.347414,7.433445,5.916703,41.903988,0.009113,0.955833,0.083473,0.281661,-8.781096,1.422158,-6.391565,-0.038661,0.936199,0.036605,0.347414,16.563944,1.477855,31.662947
57,0.475000,0.021761,0.922269,-0.058100,0.381536,-5.760191,83.658081,20.620779,-0.008232,0.921854,-0.033258,0.386020,-5.149171,90.835632,19.965727,0.003122,0.916700,-0.100035,0.386839,-4.973314,107.547363,18.832136,0.028046,0.927629,-0.135061,0.347098,-3.467697,125.298477,15.553711,0.139791,0.856838,-0.409204,0.280783,-0.351647,137.974319,11.119191,0.032810,0.881958,-0.029680,0.469247,-6.405206,119.795570,13.970214,0.236018,-0.612864,0.189811,-0.729839,-15.474963,120.283997,0.471839,0.124098,-0.166233,-0.459775,-0.863466,-11.512861,107.587471,-17.574270,-0.239945,-0.057125,0.715381,0.653753,-0.809552,123.023643,-25.801254,-0.036622,0.944017,-0.083669,0.317004,-1.461388,120.301262,18.978683,0.407456,0.827083,-0.061474,-0.382275,11.494791,122.289253,28.616652,-0.029895,0.170586,0.487064,-0.856023,19.917007,106.125954,15.563824,0.029037,0.127579,0.785428,-0.604966,10.338960,123.424652,10.175094,0.038190,0.898505,0.114643,0.422003,-12.004702,83.621078,14.390606,0.055164,0.940374,-0.013161,0.335382,-11.020933,49.673473,6.059375,0.009376,0.956029,0.082808,0.281183,-16.075949,5.059629,5.509332,-0.115718,0.920361,-0.034518,0.371960,0.484319,83.695084,26.850954,-0.054599,0.881455,-0.095560,0.459266,7.034880,49.746120,32.083080,-0.038923,0.936119,0.035928,0.347673,7.415563,5.931222,41.899437,0.009376,0.956029,0.082808,0.281183,-8.777405,1.430838,-6.386524,-0.038923,0.936119,0.035928,0.347673,16.552368,1.477885,31.670321
58,0.483333,0.020800,0.922987,-0.057868,0.379886,-5.662174,83.668831,20.714209,-0.008199,0.922511,-0.032938,0.384476,-5.066417,90.847359,20.055838,0.002426,0.917399,-0.099522,0.385316,-4.895669,107.548752,18.932987,0.027647,0.928280,-0.133981,0.345805,-3.425792,125.303696,15.659173,0.139355,0.857939,-0.407583,0.279995,-0.337496,137.991943,11.240704,0.032292,0.882657,-0.029180,0.467999,-6.361223,119.797638,14.082831,0.237367,-0.613245,0.189802,-0.729083,-15.470147,120.280746,0.610663,0.124317,-0.167550,-0.459910,-0.863108,-11.528847,107.549812,-17.415758,-0.238805,-0.056134,0.715646,0.653966,-0.844122,122.982285,-25.695246,-0.037568,0.944329,-0.083305,0.316056,-1.400758,120.307373,19.074404,0.406758,0.827177,-0.060562,-0.382960,11.572665,122.318520,28.684336,-0.029933,0.169463,0.486598,-0.856510,19.996836,106.193161,15.585929,0.028854,0.126497,0.784779,-0.606042,10.385595,123.482239,10.233972,0.037907,0.898932,0.115303,0.420938,-11.929576,83.619698,14.507146,0.056358,0.941148,-0.012534,0.333028,-10.918320,49.681198,6.142166,0.009540,0.956211,0.082354,0.280690,-16.056610,5.077872,5.515996,-0.114743,0.921723,-0.034718,0.368857,0.605229,83.717957,26.921272,-0.053320,0.882916,-0.095801,0.456550,7.106290,49.754250,32.119308,-0.039221,0.936093,0.035776,0.347722,7.406154,5.931097,41.901535,0.009540,0.956211,0.082354,0.280690,-8.772692,1.436061,-6.384844,-0.039221,0.936093,0.035776,0.347722,16.546436,1.476906,31.675900
59,0.491667,0.020150,0.923675,-0.057753,0.378264,-5.572235,83.676338,20.806902,-0.008153,0.922954,-0.032777,0.383427,-4.986948,90.855446,20.145460,0.001643,0.917825,-0.098981,0.384444,-4.818191,107.552650,19.028292,0.027295,0.928860,-0.132321,0.344914,-3.385008,125.311615,15.759969,0.139020,0.859092,-0.405877,0.279101,-0.326034,138.018158,11.373821,0.031642,0.883466,-0.028745,0.466542,-6.314450,119.801369,14.187092,0.239801,-0.614243,0.187930,-0.727931,-15.469045,120.274612,0.745559,0.125332,-0.168111,-0.459994,-0.862807,-11.550923,107.536926,-17.281145,-0.237723,-0.055071,0.716011,0.654052,-0.879746,122.953033,-25.595940,-0.038419,0.944775,-0.082577,0.314811,-1.344461,120.317062,19.168571,0.405012,0.827085,-0.061754,-0.384816,11.652411,122.344063,28.743427,-0.031347,0.168987,0.485814,-0.856998,20.076271,106.259537,15.594689,0.027862,0.125240,0.784239,-0.607048,10.425009,123.543915,10.282063,0.037665,0.899167,0.116016,0.420263,-11.861802,83.619293,14.622366,0.057495,0.941918,-0.011923,0.330670,-10.820429,49.691051,6.219592,0.009832,0.956384,0.081840,0.280242,-16.037951,5.098006,5.520781,-0.113886,0.923097,-0.034853,0.365660,0.717332,83.733383,26.991440,-0.052069,0.884228,-0.096061,0.454095,7.178398,49.756626,32.153984,-0.038981,0.936042,0.035987,0.347867,7.395786,5.926114,41.905411,0.009832,0.956384,0.081840,0.280242,-8.768883,1.440614,-6.384362,-0.038981,0.936042,0.035987,0.347867,16.537477,1.474991,31.679689
60,0.500000,0.019228,0.924437,-0.057441,0.376493,-5.468295,83.678391,20.895687,-0.008776,0.923499,-0.032235,0.382144,-4.898298,90.858543,20.232235,0.001079,0.918339,-0.098324,0.383386,-4.757191,107.564804,19.123035,0.027138,0.929343,-0.131273,0.344025,-3.355628,125.328514,15.866830,0.138440,0.860360,-0.403750,0.278571,-0.315510,138.046326,11.500280,0.030839,0.884005,-0.028334,0.465598,-6.281578,119.815758,14.296278,0.240448,-0.614804,0.187457,-0.727365,-15.466433,120.273567,0.874873,0.125492,-0.169069,-0.460209,-0.862482,-11.571294,107.532204,-17.154213,-0.237429,-0.054207,0.716428,0.653773,-0.923742,122.940491,-25.503004,-0.039224,0.945377,-0.081272,0.313238,-1.300109,120.333710,19.266041,0.403674,0.827018,-0.061800,-0.386354,11.726885,122.368706,28.798168,-0.032113,0.168198,0.485353,-0.857386,20.146072,106.329956,15.590660,0.027287,0.123455,0.783956,-0.607806,10.465350,123.610451,10.317634,0.037927,0.899329,0.116996,0.419621,-11.782084,83.610443,14.735991,0.058374,0.942594,-0.011644,0.328593,-10.734077,49.699558,6.264263,0.009910,0.956570,0.081344,0.279747,-16.019035,5.115071,5.527335,-0.112902,0.924454,-0.035296,0.362480,0.845494,83.746330,27.055382,-0.050834,0.885309,-0.096170,0.452101,7.250278,49.756145,32.199585,-0.039115,0.936007,0.036111,0.347933,7.387239,5.916110,41.909542,0.009910,0.956570,0.081344,0.279747,-8.764007,1.444166,-6.382214,-0.039115,0.936007,0.036111,0.347933,16.531944,1.469542,31.684538
61,0.508333,0.018776,0.925167,-0.056849,0.374810,-5.376064,83.671066,20.966963,-0.009223,0.924110,-0.031638,0.380702,-4.816523,90.852448,20.307903,0.000659,0.918958,-0.097640,0.382076,-4.698561,107.566139,19.210817,0.027013,0.930008,-0.129395,0.342947,-3.325107,125.334740,15.969316,0.137949,0.861779,-0.401444,0.277759,-0.311659,138.072235,11.641833,0.030175,0.884562,-0.027874,0.464609,-6.249969,119.820595,14.401590,0.240493,-0.615363,0.187119,-0.726965,-15.466064,120.267738,1.001258,0.125114,-0.170175,-0.460392,-0.862222,-11.596054,107.533516,-17.038280,-0.236818,-0.053349,0.716862,0.653590,-0.972124,122.938347,-25.417105,-0.040020,0.945890,-0.080328,0.311830,-1.254338,120.338486,19.357124,0.402078,0.826755,-0.062222,-0.388507,11.799240,122.385345,28.850264,-0.033377,0.167163,0.485050,-0.857711,20.201269,106.397179,15.570707,0.026556,0.121163,0.784061,-0.608164,10.493576,123.682068,10.356158,0.037932,0.899682,0.117617,0.418687,-11.712469,83.601608,14.830553,0.059254,0.943034,-0.011283,0.327182,-10.655142,49.700943,6.319147,0.009962,0.956708,0.081075,0.279352,-16.004852,5.125001,5.533676,-0.112172,0.925370,-0.035842,0.360310,0.960340,83.740524,27.103373,-0.049867,0.885892,-0.096179,0.451064,7.316716,49.741562,32.249641,-0.039652,0.936069,0.036504,0.347665,7.388006,5.892939,41.921444,0.009962,0.956708,0.081075,0.279352,-8.760568,1.446819,-6.380166,-0.039652,0.936069,0.036504,0.347665,16.532961,1.461638,31.690041
62,0.516667,0.018030,0.925841,-0.056810,0.373184,-5.278461,83.669159,21.049028,-0.009869,0.924597,-0.031573,0.379508,-4.730271,90.850998,20.385468,-0.000151,0.919462,-0.096713,0.381098,-4.634576,107.561447,19.282255,0.026645,0.930615,-0.127256,0.342129,-3.304342,125.336578,16.058647,0.137662,0.863281,-0.398646,0.277266,-0.324277,138.096893,11.775499,0.029884,0.885122,-0.026979,0.463614,-6.221801,119.818436,14.491219,0.240597,-0.615895,0.186525,-0.726633,-15.468513,120.272148,1.112215,0.124930,-0.170876,-0.460611,-0.861993,-11.617928,107.551430,-16.941006,-0.236408,-0.052735,0.717499,0.653089,-1.013897,122.954735,-25.339207,-0.040814,0.946393,-0.079301,0.310459,-1.215637,120.340492,19.435673,0.399814,0.827005,-0.062067,-0.390331,11.863605,122.398460,28.891014,-0.034554,0.165589,0.484110,-0.858501,20.283335,106.487343,15.530369,0.026203,0.118713,0.784238,-0.608434,10.515668,123.762665,10.387294,0.038211,0.900029,0.118353,0.417707,-11.636801,83.589630,14.935472,0.060028,0.943533,-0.010915,0.325611,-10.584542,49.702599,6.369350,0.010076,0.956839,0.080891,0.278952,-15.990188,5.134225,5.538927,-0.111206,0.926065,-0.036348,0.358769,1.079880,83.748680,27.162584,-0.049103,0.886009,-0.095966,0.450964,7.370275,49.737179,32.307060,-0.039456,0.936114,0.037133,0.347499,7.390819,5.878088,41.931522,0.010076,0.956839,0.080891,0.278952,-8.757112,1.450604,-6.380044,-0.039456,0.936114,0.037133,0.347499,16.531975,1.460809,31.690660
63,0.525000,0.017325,0.926516,-0.056521,0.371584,-5.184349,83.660522,21.120972,-0.010766,0.925177,-0.031417,0.378080,-4.648301,90.843208,20.456533,-0.000275,0.920088,-0.095657,0.379853,-4.584061,107.552765,19.346687,0.026154,0.931426,-0.125175,0.340723,-3.276858,125.335251,16.154367,0.137267,0.865179,-0.395332,0.276289,-0.336224,138.117844,11.910550,0.029344,0.885525,-0.026047,0.462931,-6.194326,119.817886,14.584229,0.239532,-0.616465,0.186605,-0.726481,-15.462676,120.271065,1.220186,0.123814,-0.171893,-0.460819,-0.861841,-11.644920,107.572304,-16.855453,-0.235837,-0.052382,0.717937,0.652843,-1.061694,122.984734,-25.269571,-0.041761,0.946923,-0.078299,0.308970,-1.174793,120.334206,19.515715,0.397950,0.826841,-0.062007,-0.392589,11.931922,122.408165,28.929430,-0.035793,0.163975,0.483738,-0.858970,20.339090,106.563889,15.481716,0.025975,0.116036,0.784060,-0.609189,10.533835,123.843315,10.415831,0.038544,0.900363,0.118814,0.416827,-11.564161,83.573196,15.029931,0.060713,0.944015,-0.010445,0.324101,-10.527589,49.695583,6.424717,0.009959,0.956936,0.080961,0.278603,-15.978739,5.133736,5.543091,-0.110496,0.926579,-0.037017,0.357591,1.195464,83.747849,27.212011,-0.048295,0.886316,-0.095736,0.450496,7.430176,49.728786,32.374222,-0.040001,0.936265,0.037505,0.346990,7.401112,5.858665,41.948257,0.009959,0.956936,0.080961,0.278603,-8.752837,1.453168,-6.381173,-0.040001,0.936265,0.037505,0.346990,16.537289,1.456034,31.696648
64,0.533333,0.016961,0.927120,-0.056259,0.370129,-5.098165,83.647186,21.183271,-0.011403,0.925742,-0.031044,0.376708,-4.569448,90.830475,20.519539,-0.000648,0.920708,-0.094682,0.378591,-4.531320,107.546211,19.412737,0.025956,0.932177,-0.122755,0.339563,-3.254329,125.335403,16.245680,0.136567,0.867163,-0.391826,0.275409,-0.347246,138.142654,12.053402,0.028957,0.885845,-0.025524,0.462373,-6.169752,119.817139,14.674915,0.238502,-0.617373,0.186082,-0.726183,-15.455648,120.267822,1.322982,0.122846,-0.172510,-0.460989,-0.861765,-11.679396,107.607338,-16.788191,-0.235467,-0.052122,0.718624,0.652241,-1.108887,123.031654,-25.208088,-0.042796,0.947557,-0.076819,0.307250,-1.136715,120.331398,19.592831,0.395617,0.827043,-0.061586,-0.394582,12.001629,122.418953,28.959318,-0.036823,0.162078,0.482607,-0.859922,20.421444,106.659492,15.420166,0.025078,0.112879,0.784053,-0.609829,10.546380,123.921326,10.433669,0.038860,0.900701,0.119122,0.415979,-11.497222,83.557243,15.112497,0.061347,0.944412,-0.009964,0.322837,-10.479571,49.686466,6.478160,0.009880,0.956998,0.080995,0.278384,-15.971461,5.130682,5.544675,-0.109931,0.926999,-0.037697,0.356606,1.300893,83.737129,27.254045,-0.047389,0.887042,-0.095607,0.449189,7.487763,49.712898,32.439724,-0.039908,0.936368,0.038426,0.346620,7.406029,5.832782,41.967548,0.009880,0.956998,0.080995,0.278384,-8.750038,1.451801,-6.382817,-0.039908,0.936368,0.038426,0.346620,16.535656,1.452531,31.700537
65,0.541667,0.016594,0.927617,-0.056258,0.368900,-5.015387,83.637466,21.240639,-0.012036,0.926281,-0.030680,0.375389,-4.492474,90.820930,20.574255,-0.001337,0.921330,-0.093717,0.377314,-4.480140,107.524300,19.471533,0.025852,0.932900,-0.120229,0.338487,-3.243711,125.320030,16.325163,0.135838,0.869409,-0.387591,0.274678,-0.368155,138.152435,12.188427,0.029140,0.886216,-0.024068,0.461728,-6.154080,119.798805,14.755431,0.237740,-0.618122,0.185436,-0.725961,-15.459010,120.277527,1.417728,0.121838,-0.173269,-0.461423,-0.861523,-11.713470,107.653030,-16.724913,-0.234830,-0.052330,0.718746,0.652319,-1.170430,123.091003,-25.152821,-0.043888,0.948242,-0.075726,0.305249,-1.107444,120.315170,19.659170,0.393616,0.826896,-0.061373,-0.396917,12.067713,122.421516,28.969580,-0.038149,0.160014,0.482210,-0.860473,20.475456,106.736183,15.337181,0.024591,0.109312,0.784378,-0.610080,10.555187,124.004448,10.444344,0.039260,0.901148,0.119392,0.414892,-11.430696,83.542892,15.187110,0.061837,0.944730,-0.009554,0.321823,-10.440679,49.678810,6.523370,0.009894,0.957063,0.081071,0.278137,-15.963200,5.127734,5.546739,-0.109453,0.927138,-0.038429,0.356313,1.399922,83.732033,27.294170,-0.046329,0.888034,-0.095322,0.447396,7.539397,49.704357,32.513466,-0.040029,0.936403,0.039031,0.346445,7.404238,5.810437,41.976860,0.009894,0.957063,0.081071,0.278137,-8.747656,1.451013,-6.384978,-0.040029,0.936403,0.039031,0.346445,16.532724,1.446787,31.701767
66,0.550000,0.016275,0.928036,-0.056192,0.367869,-4.939331,83.623955,21.287350,-0.012825,0.926882,-0.030036,0.373930,-4.421786,90.807678,20.619560,-0.001238,0.922036,-0.092791,0.375817,-4.443738,107.510796,19.527002,0.025706,0.933739,-0.117241,0.337231,-3.221713,125.312790,16.410595,0.134548,0.871736,-0.383422,0.273790,-0.383795,138.174576,12.339659,0.028945,0.886496,-0.023031,0.461256,-6.135941,119.793892,14.839861,0.234844,-0.618611,0.186234,-0.726282,-15.455428,120.283173,1.512705,0.119346,-0.174541,-0.461690,-0.861472,-11.750329,107.705132,-16.670454,-0.233906,-0.052436,0.719342,0.651986,-1.229575,123.171875,-25.101889,-0.044726,0.949092,-0.073793,0.302951,-1.073387,120.302078,19.728024,0.391256,0.826606,-0.061362,-0.399844,12.144838,122.410789,28.976654,-0.040026,0.157725,0.481789,-0.861046,20.531082,106.810150,15.234258,0.024042,0.105804,0.784037,-0.611157,10.562047,124.087486,10.453807,0.039765,0.901524,0.119522,0.413990,-11.368224,83.525734,15.248303,0.062214,0.944872,-0.009212,0.321345,-10.414817,49.666618,6.561057,0.009718,0.957100,0.081192,0.277982,-15.959758,5.119154,5.547339,-0.109160,0.927113,-0.039190,0.356384,1.489563,83.722168,27.326393,-0.045231,0.889283,-0.095104,0.445068,7.590711,49.694153,32.588257,-0.039770,0.936448,0.039907,0.346253,7.401702,5.787459,41.991310,0.009718,0.957100,0.081192,0.277982,-8.746063,1.447088,-6.386932,-0.039770,0.936448,0.039907,0.346253,16.525831,1.443548,31.703985
67,0.558333,0.016032,0.928393,-0.056100,0.366990,-4.863027,83.610794,21.322840,-0.013325,0.927454,-0.029116,0.372565,-4.349867,90.794785,20.654503,-0.001576,0.922722,-0.091917,0.374344,-4.400441,107.500984,19.584148,0.025639,0.934632,-0.114334,0.335758,-3.206553,125.308800,16.490131,0.133647,0.874328,-0.378733,0.272489,-0.404623,138.198517,12.483126,0.028963,0.886769,-0.021913,0.460784,-6.120403,119.789276,14.920828,0.233466,-0.619586,0.185368,-0.726116,-15.454009,120.296440,1.604231,0.117436,-0.175562,-0.461973,-0.861376,-11.788618,107.775986,-16.626657,-0.232096,-0.052622,0.719463,0.652484,-1.294424,123.257874,-25.057701,-0.045067,0.949820,-0.072930,0.300818,-1.042278,120.295349,19.793030,0.388897,0.826075,-0.061732,-0.403174,12.216851,122.402084,28.983370,-0.042183,0.155722,0.481669,-0.861375,20.565750,106.882324,15.127136,0.023123,0.101840,0.784070,-0.611824,10.564385,124.175621,10.456905,0.040122,0.901958,0.119441,0.413033,-11.303447,83.510170,15.296131,0.062668,0.945093,-0.008826,0.320614,-10.384136,49.651695,6.602705,0.009673,0.957116,0.081434,0.277855,-15.957201,5.108705,5.547427,-0.108998,0.927295,-0.039948,0.355876,1.577393,83.711426,27.349550,-0.043994,0.890808,-0.095025,0.442149,7.651922,49.685131,32.653122,-0.039876,0.936471,0.040452,0.346114,7.398206,5.767181,42.001911,0.009673,0.957116,0.081434,0.277855,-8.745484,1.443622,-6.390182,-0.039876,0.936471,0.040452,0.346114,16.521654,1.438236,31.707684
68,0.566667,0.015555,0.928624,-0.055988,0.366444,-4.784905,83.599541,21.350462,-0.014105,0.928004,-0.028158,0.371237,-4.279133,90.783928,20.680784,-0.001796,0.923434,-0.090845,0.372845,-4.367363,107.488678,19.630741,0.025362,0.935613,-0.111365,0.334041,-3.200360,125.303581,16.567356,0.132961,0.877076,-0.373633,0.271032,-0.441464,138.221893,12.623066,0.028862,0.886890,-0.020531,0.460622,-6.114321,119.784393,14.997080,0.232951,-0.620839,0.183491,-0.725688,-15.452987,120.309593,1.684727,0.115454,-0.176288,-0.462614,-0.861151,-11.826234,107.854973,-16.598917,-0.229743,-0.052645,0.719368,0.653419,-1.371854,123.358688,-25.015438,-0.045800,0.950632,-0.071720,0.298425,-1.020397,120.285751,19.853252,0.386754,0.825658,-0.061817,-0.406066,12.283221,122.398949,28.977585,-0.044210,0.153843,0.481481,-0.861715,20.601711,106.956245,15.017359,0.021637,0.097703,0.784229,-0.612349,10.565827,124.264740,10.449650,0.040704,0.902385,0.119169,0.412121,-11.232667,83.492432,15.331717,0.062936,0.945123,-0.008516,0.320482,-10.366746,49.632706,6.637700,0.009537,0.957121,0.081895,0.277709,-15.953638,5.092248,5.549174,-0.108703,0.927170,-0.040815,0.356194,1.662857,83.706650,27.369207,-0.042957,0.892065,-0.094741,0.439771,7.694824,49.680759,32.723728,-0.040072,0.936481,0.040900,0.346013,7.394517,5.749881,42.010181,0.009537,0.957121,0.081895,0.277709,-8.742948,1.440704,-6.393208,-0.040072,0.936481,0.040900,0.346013,16.518709,1.434331,31.710985
69,0.575000,0.015201,0.928741,-0.055989,0.366161,-4.713293,83.591499,21.370998,-0.014354,0.928485,-0.027482,0.370074,-4.212483,90.776047,20.699270,-0.002012,0.924124,-0.089612,0.371430,-4.318135,107.478485,19.667465,0.025065,0.936561,-0.107984,0.332512,-3.179656,125.301407,16.640272,0.131596,0.879960,-0.368269,0.269686,-0.466626,138.251694,12.769704,0.028924,0.887392,-0.019773,0.459682,-6.092763,119.782661,15.066898,0.231574,-0.621858,0.182014,-0.725629,-15.459458,120.322075,1.774816,0.113262,-0.177069,-0.463318,-0.860903,-11.865259,107.943748,-16.566982,-0.227847,-0.052738,0.719791,0.653610,-1.449107,123.479630,-24.970833,-0.046591,0.951378,-0.070277,0.296262,-0.983980,120.278572,19.908001,0.384938,0.825159,-0.060794,-0.408950,12.359124,122.398399,28.972948,-0.045811,0.151313,0.481436,-0.862105,20.635063,107.042297,14.892408,0.020461,0.093591,0.783991,-0.613336,10.565651,124.362328,10.443303,0.041218,0.902849,0.118587,0.411220,-11.164900,83.478889,15.356474,0.063218,0.945055,-0.008087,0.320637,-10.356990,49.612434,6.683081,0.009234,0.957093,0.082344,0.277683,-15.955217,5.074528,5.549083,-0.108376,0.927097,-0.041378,0.356417,1.738314,83.704117,27.385521,-0.042047,0.893126,-0.094641,0.437724,7.733913,49.676514,32.769901,-0.040251,0.936428,0.041250,0.346093,7.386069,5.736989,42.013672,0.009234,0.957093,0.082344,0.277683,-8.741192,1.437320,-6.395663,-0.040251,0.936428,0.041250,0.346093,16.514530,1.432275,31.713720
70,0.583333,0.014818,0.928788,-0.055912,0.366069,-4.639307,83.583771,21.380892,-0.014670,0.928993,-0.026592,0.368850,-4.144111,90.768608,20.708113,-0.002109,0.924866,-0.088383,0.369875,-4.271900,107.469345,19.700359,0.024649,0.937632,-0.104433,0.330656,-3.158240,125.300179,16.710754,0.130433,0.883009,-0.362573,0.268000,-0.497136,138.283661,12.916057,0.028913,0.887820,-0.018296,0.458917,-6.072299,119.782730,15.134584,0.230472,-0.623054,0.180396,-0.725357,-15.461874,120.344795,1.859599,0.111146,-0.177787,-0.464027,-0.860649,-11.908154,108.039688,-16.539255,-0.225427,-0.053235,0.720655,0.653457,-1.529749,123.607422,-24.929384,-0.047529,0.952216,-0.068695,0.293781,-0.947264,120.271553,19.959202,0.383111,0.824329,-0.060726,-0.412335,12.440601,122.400902,28.955656,-0.047826,0.149128,0.481745,-0.862204,20.654797,107.118668,14.759089,0.018890,0.088929,0.784275,-0.613716,10.568765,124.463020,10.426307,0.041699,0.903336,0.117951,0.410284,-11.092303,83.465485,15.367970,0.063504,0.945137,-0.007753,0.320349,-10.342216,49.591305,6.719616,0.008979,0.957078,0.082783,0.277613,-15.955400,5.056190,5.550741,-0.108099,0.926891,-0.042213,0.356940,1.813690,83.702057,27.393814,-0.041110,0.894150,-0.094367,0.435777,7.767364,49.675133,32.828785,-0.040862,0.936364,0.041367,0.346181,7.375460,5.723950,42.015224,0.008979,0.957078,0.082783,0.277613,-8.739575,1.432742,-6.397097,-0.040862,0.936364,0.041367,0.346181,16.511736,1.428424,31.718367
71,0.591667,0.014458,0.928757,-0.055920,0.366160,-4.566866,83.581375,21.384079,-0.014823,0.929450,-0.025589,0.367760,-4.076408,90.766350,20.709333,-0.002477,0.925560,-0.087212,0.368410,-4.222459,107.463516,19.731331,0.023342,0.938735,-0.100583,0.328808,-3.141516,125.301727,16.773958,0.129467,0.885887,-0.356804,0.266709,-0.557144,138.322525,13.054855,0.028980,0.888203,-0.017615,0.458197,-6.053678,119.783714,15.196294,0.229292,-0.624395,0.178553,-0.725035,-15.464618,120.358658,1.937001,0.108868,-0.178147,-0.464944,-0.860371,-11.956203,108.135284,-16.524912,-0.223277,-0.054146,0.721164,0.653558,-1.619092,123.743423,-24.885548,-0.048069,0.953026,-0.067286,0.291382,-0.913402,120.269455,20.004980,0.380942,0.823806,-0.060217,-0.415453,12.518464,122.398087,28.935776,-0.049415,0.146625,0.481483,-0.862690,20.691221,107.205925,14.619120,0.017695,0.084327,0.784008,-0.614742,10.565057,124.554153,10.403168,0.042143,0.903732,0.117056,0.409622,-11.018867,83.457031,15.370214,0.063812,0.945148,-0.007332,0.320264,-10.329104,49.570736,6.764413,0.008819,0.957055,0.083230,0.277561,-15.956347,5.038577,5.551433,-0.107640,0.926667,-0.042844,0.357583,1.885135,83.705719,27.397942,-0.040484,0.894534,-0.094123,0.435099,7.789676,49.675613,32.866516,-0.040487,0.936230,0.041773,0.346540,7.364145,5.715722,42.009647,0.008819,0.957055,0.083230,0.277561,-8.739111,1.428398,-6.399564,-0.040487,0.936230,0.041773,0.346540,16.505753,1.427089,31.714653
72,0.600000,0.014151,0.928652,-0.055893,0.366443,-4.494622,83.581573,21.376940,-0.015224,0.929904,-0.024353,0.366680,-4.008217,90.766716,20.701065,-0.002520,0.926260,-0.085985,0.366937,-4.182975,107.455811,19.757301,0.024119,0.939736,-0.096655,0.327067,-3.124505,125.301720,16.838446,0.127559,0.889343,-0.350686,0.264228,-0.564003,138.354614,13.216610,0.028831,0.888542,-0.015739,0.457617,-6.037819,119.785309,15.257279,0.227999,-0.625432,0.177075,-0.724911,-15.466327,120.384529,2.011548,0.106658,-0.178585,-0.466062,-0.859952,-11.992468,108.235741,-16.506060,-0.221325,-0.055027,0.722265,0.652933,-1.703559,123.890778,-24.842512,-0.048846,0.953935,-0.065801,0.288605,-0.882258,120.263481,20.050337,0.378989,0.823029,-0.060031,-0.418792,12.599564,122.397636,28.904211,-0.051376,0.144336,0.481644,-0.862871,20.714003,107.285309,14.470367,0.015921,0.079104,0.783656,-0.615932,10.565598,124.652039,10.372991,0.042716,0.904031,0.116192,0.409149,-10.943129,83.452072,15.359436,0.063984,0.945138,-0.007094,0.320264,-10.319033,49.555084,6.790771,0.008804,0.957049,0.083572,0.277481,-15.953970,5.024582,5.552619,-0.107032,0.926315,-0.043515,0.358596,1.953885,83.711075,27.394447,-0.040127,0.894527,-0.093783,0.435220,7.796554,49.675907,32.897854,-0.040773,0.936097,0.041895,0.346850,7.354570,5.707699,42.000156,0.008804,0.957049,0.083572,0.277481,-8.737598,1.423822,-6.401744,-0.040773,0.936097,0.041895,0.346850,16.505852,1.425289,31.711170
73,0.608333,0.014003,0.928509,-0.056068,0.366786,-4.429904,83.584900,21.367565,-0.015113,0.930344,-0.023262,0.365636,-3.944302,90.769821,20.688742,-0.002892,0.926977,-0.084737,0.365412,-4.129869,107.447449,19.781149,0.022915,0.940851,-0.092785,0.325061,-3.105245,125.301003,16.897198,0.126431,0.892480,-0.344215,0.262698,-0.619328,138.389511,13.352736,0.028888,0.889148,-0.014278,0.456485,-6.016581,119.784103,15.314105,0.225440,-0.626080,0.176845,-0.725208,-15.478662,120.407829,2.093470,0.103739,-0.179596,-0.467280,-0.859438,-12.037514,108.329376,-16.476179,-0.219608,-0.056268,0.723184,0.652389,-1.803374,124.044945,-24.799362,-0.049542,0.954836,-0.064124,0.285869,-0.845287,120.258865,20.090523,0.377162,0.822117,-0.059708,-0.422264,12.685442,122.394623,28.869083,-0.052944,0.141817,0.481900,-0.863051,20.730850,107.361893,14.313990,0.014415,0.073644,0.783844,-0.616407,10.561931,124.746849,10.335952,0.043140,0.904271,0.115378,0.408803,-10.874044,83.451477,15.345469,0.064218,0.945193,-0.006873,0.320060,-10.303560,49.543846,6.815260,0.008556,0.957071,0.083739,0.277362,-15.952128,5.015758,5.552864,-0.106456,0.926182,-0.044109,0.359038,2.014235,83.718323,27.389660,-0.039837,0.894499,-0.093567,0.435350,7.802325,49.678196,32.919987,-0.041050,0.936000,0.041739,0.347097,7.344333,5.704257,41.993774,0.008556,0.957071,0.083739,0.277362,-8.735964,1.421402,-6.403551,-0.041050,0.936000,0.041739,0.347097,16.503126,1.420798,31.711912
74,0.616667,0.013904,0.928375,-0.056253,0.367100,-4.365124,83.590012,21.351187,-0.015359,0.930742,-0.022034,0.364688,-3.879656,90.774673,20.669533,-0.002985,0.927632,-0.083317,0.364072,-4.088641,107.443527,19.797859,0.022296,0.941977,-0.088609,0.323003,-3.090047,125.305702,16.958506,0.125264,0.895740,-0.337818,0.260456,-0.666511,138.430069,13.504616,0.028876,0.889555,-0.012802,0.455734,-6.000717,119.790184,15.369399,0.225930,-0.627525,0.173654,-0.724577,-15.485105,120.436180,2.165832,0.102376,-0.179521,-0.468863,-0.858754,-12.075047,108.437988,-16.461491,-0.217593,-0.057317,0.723880,0.652200,-1.902467,124.203705,-24.756020,-0.050487,0.955750,-0.062341,0.283032,-0.815645,120.257309,20.131607,0.375322,0.821339,-0.059123,-0.425488,12.764524,122.401581,28.831392,-0.054177,0.139214,0.481932,-0.863380,20.749485,107.452309,14.157545,0.013045,0.068085,0.783576,-0.617416,10.553782,124.842957,10.295094,0.043630,0.904361,0.114567,0.408780,-10.805254,83.453415,15.324876,0.064408,0.945182,-0.006766,0.320058,-10.289435,49.535717,6.831318,0.008610,0.957074,0.083916,0.277298,-15.951040,5.009702,5.554322,-0.105888,0.926145,-0.044802,0.359217,2.075005,83.726608,27.377499,-0.039598,0.894426,-0.093349,0.435568,7.808068,49.682343,32.939606,-0.041199,0.935903,0.041716,0.347343,7.337306,5.703047,41.986732,0.008610,0.957074,0.083916,0.277298,-8.736427,1.419801,-6.404363,-0.041199,0.935903,0.041716,0.347343,16.502750,1.420662,31.710354
75,0.625000,0.013907,0.928188,-0.056229,0.367575,-4.301929,83.593689,21.327269,-0.015305,0.931129,-0.020822,0.363773,-3.816199,90.778389,20.646198,-0.003223,0.928294,-0.081905,0.362699,-4.038960,107.438591,19.813568,0.021693,0.943097,-0.084263,0.320933,-3.071135,125.309166,17.016747,0.123769,0.899067,-0.331277,0.258100,-0.710708,138.469772,13.658331,0.029224,0.890008,-0.011558,0.454860,-5.979884,119.794106,15.422532,0.225092,-0.628525,0.171977,-0.724372,-15.489505,120.469391,2.238591,0.100275,-0.180012,-0.470521,-0.857992,-12.109742,108.540787,-16.438877,-0.215624,-0.058944,0.724699,0.651800,-2.004440,124.369728,-24.714651,-0.051127,0.956645,-0.060665,0.280244,-0.780748,120.255516,20.169943,0.373267,0.820386,-0.058891,-0.429150,12.848413,122.400246,28.792664,-0.055686,0.136646,0.482127,-0.863586,20.761999,107.537338,13.992958,0.011798,0.062497,0.783762,-0.617796,10.543290,124.944481,10.250051,0.044112,0.904346,0.113724,0.408999,-10.735892,83.456779,15.294382,0.064618,0.945166,-0.006732,0.320062,-10.272889,49.528580,6.839807,0.008491,0.957106,0.084014,0.277159,-15.951267,5.004957,5.553904,-0.105368,0.926238,-0.045550,0.359035,2.132035,83.730606,27.360157,-0.039377,0.894306,-0.093152,0.435877,7.813879,49.683376,32.956585,-0.041178,0.935793,0.041833,0.347629,7.330027,5.699214,41.979324,0.008491,0.957106,0.084014,0.277159,-8.738693,1.418689,-6.407101,-0.041178,0.935793,0.041833,0.347629,16.501751,1.419817,31.707302
76,0.633333,0.013954,0.928038,-0.056330,0.367936,-4.240616,83.601547,21.304543,-0.015451,0.931530,-0.019702,0.362802,-3.753447,90.786064,20.622564,-0.003369,0.928975,-0.080299,0.361313,-3.995065,107.439590,19.823568,0.021941,0.944196,-0.080015,0.318763,-3.057350,125.319580,17.077021,0.122032,0.902638,-0.324475,0.255088,-0.737630,138.512665,13.819265,0.028867,0.890399,-0.010460,0.454145,-5.964419,119.805763,15.475403,0.224575,-0.629818,0.169442,-0.724006,-15.495867,120.487556,2.307565,0.098319,-0.180028,-0.472321,-0.857226,-12.150264,108.645584,-16.431084,-0.213769,-0.060754,0.725457,0.651401,-2.114041,124.538734,-24.671913,-0.051883,0.957646,-0.058933,0.277037,-0.751131,120.259331,20.208029,0.371024,0.819422,-0.059070,-0.432898,12.933649,122.407341,28.741383,-0.056955,0.133829,0.482249,-0.863876,20.777283,107.629646,13.819607,0.011141,0.056368,0.784053,-0.618029,10.530643,125.049904,10.199909,0.044579,0.904313,0.113078,0.409200,-10.669872,83.464363,15.266645,0.064828,0.945175,-0.006808,0.319994,-10.253175,49.528824,6.839178,0.008372,0.957121,0.083919,0.277140,-15.951509,5.007723,5.554064,-0.104780,0.926423,-0.046270,0.358638,2.188641,83.738724,27.342442,-0.039209,0.894357,-0.093032,0.435813,7.816951,49.687485,32.968441,-0.041435,0.935726,0.041693,0.347795,7.325057,5.700130,41.975159,0.008372,0.957121,0.083919,0.277140,-8.738617,1.419761,-6.406247,-0.041435,0.935726,0.041693,0.347795,16.502403,1.419865,31.708521
77,0.641667,0.014083,0.927950,-0.056334,0.368152,-4.179615,83.609077,21.277737,-0.015396,0.931852,-0.018882,0.362020,-3.690539,90.793533,20.596497,-0.003545,0.929548,-0.078590,0.360210,-3.940849,107.437241,19.824331,0.021772,0.945260,-0.075217,0.316783,-3.034648,125.327011,17.131512,0.120169,0.906057,-0.317802,0.252236,-0.769528,138.556717,13.985726,0.028869,0.890898,-0.009050,0.453195,-5.938123,119.814232,15.519895,0.223908,-0.631055,0.167313,-0.723631,-15.497619,120.517662,2.373548,0.096021,-0.180361,-0.473984,-0.856498,-12.189814,108.754036,-16.421076,-0.211638,-0.062024,0.726039,0.651329,-2.220157,124.711952,-24.632687,-0.052497,0.958549,-0.057029,0.274182,-0.713624,120.260201,20.240864,0.368950,0.818553,-0.058284,-0.436405,13.020285,122.406410,28.695375,-0.057773,0.130688,0.482243,-0.864306,20.796001,107.725349,13.643229,0.010743,0.050432,0.783612,-0.619107,10.516186,125.148979,10.149246,0.045080,0.904194,0.112460,0.409578,-10.606001,83.473732,15.236740,0.064937,0.945269,-0.006908,0.319689,-10.235329,49.531582,6.833764,0.008485,0.957176,0.083823,0.276977,-15.946178,5.011887,5.555821,-0.104150,0.926683,-0.047096,0.358042,2.246769,83.744415,27.318733,-0.039010,0.894552,-0.092933,0.435451,7.817404,49.689365,32.978966,-0.041187,0.935608,0.041884,0.348120,7.317073,5.698958,41.970322,0.008485,0.957176,0.083823,0.276977,-8.738485,1.420659,-6.406642,-0.041187,0.935608,0.041884,0.348120,16.499626,1.421290,31.707254
78,0.650000,0.014414,0.927849,-0.056433,0.368380,-4.125495,83.613670,21.246981,-0.015372,0.932209,-0.017818,0.361154,-3.631284,90.797829,20.566311,-0.003459,0.930148,-0.077045,0.358993,-3.894220,107.431709,19.828211,0.020902,0.946386,-0.070595,0.314536,-3.008756,125.330223,17.187008,0.118616,0.909418,-0.310808,0.249575,-0.815527,138.595642,14.142304,0.028822,0.891260,-0.007428,0.452514,-5.912405,119.820114,15.566564,0.223457,-0.632216,0.165172,-0.723248,-15.492046,120.546631,2.436143,0.093630,-0.180893,-0.475878,-0.855600,-12.218092,108.856415,-16.410151,-0.209013,-0.063523,0.726779,0.651207,-2.327931,124.882637,-24.596361,-0.052969,0.959513,-0.055486,0.271018,-0.675550,120.255806,20.274790,0.367128,0.817481,-0.057032,-0.440103,13.112868,122.398926,28.640902,-0.058209,0.126899,0.482545,-0.864673,20.803421,107.817436,13.448863,0.010890,0.043886,0.783648,-0.619557,10.495729,125.251961,10.096863,0.045408,0.904133,0.112013,0.409798,-10.548756,83.482857,15.202559,0.065141,0.945374,-0.007135,0.319333,-10.209688,49.535763,6.818233,0.008418,0.957223,0.083583,0.276889,-15.944756,5.018729,5.555872,-0.103564,0.926989,-0.047885,0.357313,2.297764,83.744484,27.291399,-0.038843,0.894928,-0.092900,0.434700,7.815367,49.686176,32.983887,-0.041443,0.935543,0.041839,0.348270,7.310464,5.694046,41.966530,0.008418,0.957223,0.083583,0.276889,-8.739252,1.421552,-6.406124,-0.041443,0.935543,0.041839,0.348270,16.498507,1.417924,31.707731
79,0.658333,0.014763,0.927761,-0.056566,0.368566,-4.081196,83.619225,21.215109,-0.015068,0.932562,-0.016913,0.360299,-3.581452,90.803024,20.534632,-0.003576,0.930747,-0.075458,0.357777,-3.846319,107.428551,19.828949,0.020549,0.947381,-0.066423,0.312465,-2.988863,125.335800,17.238230,0.116664,0.912873,-0.303376,0.247013,-0.849305,138.631500,14.288894,0.028531,0.891559,-0.006074,0.451964,-5.890505,119.827103,15.609421,0.222808,-0.633397,0.163090,-0.722888,-15.486876,120.565498,2.491887,0.091153,-0.181109,-0.477888,-0.854701,-12.249269,108.952034,-16.408056,-0.206999,-0.065081,0.727263,0.651157,-2.439982,125.050583,-24.555168,-0.053715,0.960483,-0.053380,0.267839,-0.641358,120.255043,20.304649,0.365300,0.816443,-0.055768,-0.443697,13.200216,122.399048,28.582291,-0.058515,0.123230,0.482801,-0.865040,20.808346,107.917488,13.253782,0.010953,0.037020,0.783650,-0.620001,10.474387,125.359047,10.037233,0.045663,0.903918,0.111681,0.410335,-10.501858,83.493057,15.167834,0.065324,0.945406,-0.007420,0.319195,-10.183577,49.542400,6.797144,0.008407,0.957250,0.083297,0.276881,-15.942463,5.027884,5.554621,-0.103036,0.927252,-0.048588,0.356689,2.339467,83.745392,27.262386,-0.038697,0.895298,-0.092899,0.433952,7.809257,49.684185,32.983635,-0.041320,0.935422,0.042041,0.348585,7.300260,5.691025,41.961002,0.008407,0.957250,0.083297,0.276881,-8.737862,1.423045,-6.405607,-0.041320,0.935422,0.042041,0.348585,16.494482,1.419058,31.706011
80,0.666667,0.015223,0.927712,-0.056514,0.368679,-4.036901,83.623192,21.178812,-0.015001,0.932854,-0.016053,0.359583,-3.531184,90.806870,20.501541,-0.003404,0.931250,-0.073879,0.356796,-3.804698,107.425011,19.823889,0.019663,0.948482,-0.061880,0.310108,-2.964567,125.340843,17.287426,0.115243,0.916302,-0.295949,0.243976,-0.896303,138.669540,14.437842,0.028181,0.891935,-0.005322,0.451253,-5.866138,119.835365,15.647665,0.221836,-0.634511,0.161010,-0.722676,-15.484047,120.575104,2.545991,0.088639,-0.181341,-0.479735,-0.853881,-12.279572,109.047127,-16.411846,-0.204847,-0.066801,0.727851,0.651005,-2.544364,125.215599,-24.520060,-0.054376,0.961446,-0.051633,0.264572,-0.607092,120.252060,20.332815,0.362747,0.815213,-0.056025,-0.448001,13.288736,122.397736,28.518608,-0.059345,0.119721,0.482959,-0.865388,20.808168,108.013748,13.055064,0.011550,0.030277,0.783445,-0.620616,10.446048,125.462471,9.978396,0.045851,0.903642,0.111393,0.410999,-10.455854,83.504753,15.129566,0.065524,0.945378,-0.007803,0.319227,-10.151643,49.550785,6.771773,0.008436,0.957307,0.082975,0.276779,-15.938330,5.039141,5.555761,-0.102484,0.927482,-0.049255,0.356156,2.382052,83.741623,27.228058,-0.038601,0.895610,-0.092957,0.433304,7.802886,49.677052,32.975788,-0.041565,0.935266,0.042121,0.348964,7.290351,5.684209,41.954498,0.008436,0.957307,0.082975,0.276779,-8.737337,1.425486,-6.403981,-0.041565,0.935266,0.042121,0.348964,16.495230,1.417043,31.707073
81,0.675000,0.015397,0.927669,-0.056340,0.368807,-3.986624,83.625778,21.139557,-0.014825,0.933173,-0.015172,0.358802,-3.479401,90.809669,20.465609,-0.003291,0.931782,-0.072398,0.355711,-3.758382,107.420799,19.817951,0.019266,0.949510,-0.057268,0.307863,-2.936517,125.344513,17.331623,0.113232,0.919751,-0.288489,0.240852,-0.926651,138.704468,14.588658,0.028066,0.892266,-0.003788,0.450621,-5.838265,119.841827,15.682803,0.219385,-0.635277,0.160886,-0.722779,-15.474947,120.601151,2.596051,0.085282,-0.182320,-0.481285,-0.853142,-12.312259,109.138641,-16.408445,-0.203187,-0.068314,0.727712,0.651525,-2.644836,125.381996,-24.491497,-0.055718,0.962389,-0.049146,0.261318,-0.568290,120.248505,20.356541,0.360997,0.814181,-0.054710,-0.451439,13.378435,122.411263,28.450775,-0.059198,0.115701,0.483340,-0.865731,20.815989,108.125900,12.856735,0.012222,0.022292,0.783805,-0.620486,10.431993,125.581360,9.919796,0.046271,0.903203,0.111245,0.411956,-10.403815,83.511185,15.088363,0.065682,0.945193,-0.008401,0.319727,-10.121535,49.557632,6.728128,0.008509,0.957335,0.082708,0.276760,-15.938049,5.048722,5.555268,-0.101858,0.927730,-0.050022,0.355583,2.430567,83.740379,27.190750,-0.038476,0.896042,-0.092988,0.432415,7.795469,49.672188,32.969429,-0.042171,0.935130,0.041952,0.349275,7.280597,5.678982,41.946228,0.008509,0.957335,0.082708,0.276760,-8.738899,1.427332,-6.403251,-0.042171,0.935130,0.041952,0.349275,16.497335,1.413847,31.708616
82,0.683333,0.015717,0.927618,-0.056140,0.368953,-3.948174,83.629135,21.100128,-0.014335,0.933406,-0.014444,0.358244,-3.437614,90.813202,20.430660,-0.003252,0.932212,-0.070881,0.354889,-3.710336,107.418869,19.811821,0.018065,0.950503,-0.052179,0.305771,-2.908846,125.350464,17.376190,0.111768,0.922875,-0.281254,0.238130,-0.980870,138.745178,14.746314,0.027812,0.892532,-0.002234,0.450121,-5.808778,119.850029,15.716696,0.218363,-0.636620,0.159201,-0.722279,-15.460581,120.625031,2.642010,0.083164,-0.182292,-0.483005,-0.852384,-12.350313,109.236649,-16.415627,-0.202209,-0.070280,0.727925,0.651382,-2.749360,125.543533,-24.457088,-0.056637,0.963428,-0.046874,0.257685,-0.530560,120.247780,20.381891,0.358548,0.812899,-0.054414,-0.455717,13.474160,122.416351,28.373791,-0.060044,0.111862,0.483543,-0.866065,20.816719,108.236542,12.639051,0.012509,0.015328,0.784094,-0.620327,10.405989,125.698532,9.854591,0.046463,0.902888,0.111122,0.412657,-10.363295,83.520927,15.046625,0.065861,0.945032,-0.008954,0.320151,-10.090245,49.566715,6.688774,0.008639,0.957366,0.082410,0.276738,-15.937243,5.060786,5.555055,-0.101414,0.927876,-0.050644,0.355242,2.466947,83.737335,27.153631,-0.038343,0.896586,-0.093141,0.431263,7.789789,49.667194,32.959667,-0.042264,0.934968,0.042087,0.349681,7.269780,5.675629,41.944225,0.008639,0.957366,0.082410,0.276738,-8.740601,1.430436,-6.402250,-0.042264,0.934968,0.042087,0.349681,16.496450,1.415163,31.713623
83,0.691667,0.015856,0.927577,-0.055861,0.369092,-3.906570,83.633591,21.060232,-0.013797,0.933649,-0.013697,0.357662,-3.395540,90.818047,20.395304,-0.003347,0.932647,-0.069435,0.354030,-3.660686,107.413841,19.806604,0.017130,0.951456,-0.046899,0.303707,-2.883209,125.352768,17.417597,0.110058,0.926012,-0.273957,0.235239,-1.031295,138.781372,14.908666,0.027650,0.892704,-0.000530,0.449795,-5.780426,119.853661,15.748941,0.218530,-0.638207,0.156374,-0.721445,-15.442061,120.649078,2.682751,0.081812,-0.181856,-0.484811,-0.851583,-12.382519,109.337769,-16.428917,-0.201372,-0.072292,0.727684,0.651689,-2.848368,125.701050,-24.427095,-0.057581,0.964415,-0.044871,0.254115,-0.493621,120.244598,20.404982,0.355669,0.811530,-0.055151,-0.460300,13.567030,122.422623,28.295452,-0.061372,0.108495,0.483695,-0.866315,20.813522,108.343170,12.426620,0.012417,0.008068,0.783984,-0.620605,10.375960,125.817238,9.786817,0.046630,0.902633,0.110961,0.413239,-10.319793,83.529312,15.004648,0.066077,0.945086,-0.009433,0.319934,-10.056555,49.573681,6.652239,0.008641,0.957404,0.082085,0.276703,-15.935801,5.071101,5.554359,-0.100902,0.928016,-0.051261,0.354934,2.506652,83.737869,27.115812,-0.038617,0.897066,-0.092677,0.430339,7.783042,49.664894,32.947540,-0.042513,0.934831,0.042162,0.350008,7.312384,5.667475,41.906124,0.008641,0.957404,0.082085,0.276703,-8.740945,1.431988,-6.401359,-0.042513,0.934831,0.042162,0.350008,16.548576,1.411719,31.682158
84,0.700000,0.016130,0.927514,-0.055504,0.369292,-3.868631,83.634857,21.015177,-0.013344,0.933865,-0.012782,0.357147,-3.355683,90.819763,20.356611,-0.003225,0.933040,-0.068124,0.353249,-3.617842,107.409988,19.802029,0.015889,0.952290,-0.042579,0.301792,-2.855018,125.355469,17.458012,0.108574,0.929071,-0.265931,0.233067,-1.078231,138.811584,15.043910,0.027570,0.892915,0.001395,0.449379,-5.751887,119.858994,15.780166,0.217973,-0.639369,0.154614,-0.720965,-15.425849,120.680443,2.724707,0.080267,-0.181877,-0.486467,-0.850781,-12.408303,109.434006,-16.431873,-0.200746,-0.074150,0.727580,0.651790,-2.938724,125.853935,-24.401026,-0.058158,0.965382,-0.043485,0.250528,-0.457276,120.241035,20.428068,0.353489,0.810276,-0.053938,-0.464316,13.660110,122.422455,28.215626,-0.062420,0.104737,0.484004,-0.866530,20.809469,108.457550,12.202162,0.012047,0.001296,0.783021,-0.621878,10.354092,125.937248,9.717369,0.046754,0.902376,0.110802,0.413830,-10.279099,83.537186,14.956568,0.066284,0.945146,-0.009954,0.319698,-10.022860,49.579899,6.610669,0.008570,0.957431,0.081813,0.276694,-15.934779,5.080685,5.552516,-0.100467,0.928104,-0.051831,0.354745,2.541837,83.732536,27.073788,-0.038534,0.897413,-0.092845,0.429588,7.777186,49.657543,32.930668,-0.042639,0.934641,0.042266,0.350489,7.300817,5.662358,41.899914,0.008570,0.957431,0.081813,0.276694,-8.740260,1.434721,-6.401319,-0.042639,0.934641,0.042266,0.350489,16.548792,1.410899,31.684807
85,0.708333,0.016478,0.927454,-0.055335,0.369453,-3.836152,83.639053,20.974695,-0.012885,0.934133,-0.012153,0.356487,-3.319313,90.824059,20.320333,-0.002753,0.933507,-0.066676,0.352294,-3.574985,107.407211,19.791124,0.014245,0.953180,-0.037727,0.299704,-2.817125,125.359871,17.501062,0.107094,0.931927,-0.258384,0.230827,-1.130580,138.846024,15.192199,0.027479,0.893121,0.002794,0.448967,-5.717397,119.868561,15.812187,0.215771,-0.640370,0.154361,-0.720793,-15.403543,120.707977,2.766915,0.077486,-0.182517,-0.487806,-0.850135,-12.439939,109.524345,-16.434792,-0.199995,-0.075760,0.727001,0.652482,-3.029428,126.004219,-24.373615,-0.059054,0.966362,-0.041683,0.246819,-0.413239,120.236298,20.450344,0.350944,0.808689,-0.053892,-0.468995,13.760759,122.428024,28.131449,-0.063634,0.101041,0.484466,-0.866622,20.794706,108.570183,11.974528,0.011855,-0.005958,0.783290,-0.621515,10.326981,126.062881,9.646180,0.046947,0.902083,0.110747,0.414461,-10.244315,83.547997,14.913548,0.066399,0.945310,-0.010463,0.319173,-9.996027,49.591114,6.565770,0.008704,0.957486,0.081407,0.276619,-15.932817,5.094206,5.550778,-0.099983,0.928081,-0.052219,0.354883,2.572011,83.730103,27.035845,-0.038590,0.897494,-0.092996,0.429379,7.765653,49.651154,32.906818,-0.042796,0.934461,0.042296,0.350946,7.289990,5.658868,41.890308,0.008704,0.957486,0.081407,0.276619,-8.742426,1.436382,-6.401913,-0.042796,0.934461,0.042296,0.350946,16.549326,1.410086,31.684389
86,0.716667,0.016789,0.927369,-0.055023,0.369698,-3.803615,83.641724,20.930424,-0.012359,0.934361,-0.011210,0.355937,-3.284099,90.827087,20.282040,-0.002583,0.933913,-0.065462,0.351445,-3.534827,107.404999,19.788620,0.012487,0.953971,-0.032855,0.297832,-2.788747,125.363495,17.540918,0.105853,0.934584,-0.250921,0.228880,-1.194381,138.878586,15.338138,0.027527,0.893265,0.004199,0.448667,-5.689841,119.875099,15.844043,0.214965,-0.641557,0.152630,-0.720347,-15.384664,120.736519,2.806649,0.075746,-0.182610,-0.489158,-0.849494,-12.465442,109.623589,-16.442852,-0.199248,-0.077107,0.726693,0.652895,-3.109270,126.153168,-24.350618,-0.060030,0.967432,-0.039829,0.242663,-0.377245,120.233788,20.473246,0.348842,0.807335,-0.052618,-0.473022,13.859160,122.438026,28.034422,-0.064904,0.097062,0.484659,-0.866875,20.788952,108.694862,11.735168,0.010263,-0.013376,0.783028,-0.621757,10.298625,126.190674,9.573537,0.046983,0.902074,0.110605,0.414514,-10.208408,83.557533,14.865615,0.066568,0.945592,-0.010916,0.318286,-9.966042,49.598690,6.525649,0.008593,0.957532,0.081016,0.276577,-15.930936,5.104664,5.549825,-0.099676,0.927992,-0.052554,0.355153,2.601178,83.725914,26.995234,-0.038535,0.897500,-0.093217,0.429325,7.764974,49.645142,32.881874,-0.043006,0.934245,0.042228,0.351501,7.276819,5.656174,41.880920,0.008593,0.957532,0.081016,0.276577,-8.741658,1.437097,-6.400551,-0.043006,0.934245,0.042228,0.351501,16.549864,1.408208,31.687117
87,0.725000,0.016826,0.927228,-0.054537,0.370124,-3.761176,83.644119,20.885986,-0.012016,0.934604,-0.010323,0.355336,-3.243471,90.830231,20.244534,-0.002232,0.934366,-0.064150,0.350486,-3.494233,107.403793,19.782972,0.011369,0.954650,-0.028212,0.296172,-2.755236,125.368515,17.583141,0.103608,0.937289,-0.243286,0.227084,-1.233479,138.908890,15.486834,0.027535,0.893509,0.005655,0.448164,-5.659094,119.884399,15.877181,0.213568,-0.642370,0.151790,-0.720215,-15.368588,120.767441,2.852161,0.073717,-0.183269,-0.490415,-0.848806,-12.484736,109.714935,-16.437420,-0.198153,-0.078809,0.726171,0.653606,-3.185230,126.294853,-24.329359,-0.060999,0.968484,-0.037934,0.238491,-0.336977,120.231094,20.496347,0.346522,0.805763,-0.051595,-0.477500,13.960929,122.447815,27.936861,-0.066096,0.092960,0.484986,-0.867051,20.772202,108.824387,11.487815,0.009556,-0.020414,0.782937,-0.621692,10.261767,126.330856,9.495772,0.047167,0.902183,0.110437,0.414300,-10.160391,83.563240,14.815247,0.066741,0.945704,-0.011451,0.317896,-9.936516,49.603012,6.480384,0.008371,0.957553,0.080781,0.276580,-15.931712,5.112129,5.547567,-0.099314,0.927931,-0.052922,0.355358,2.638040,83.724991,26.956726,-0.038535,0.897364,-0.093415,0.429566,7.767978,49.641876,32.859432,-0.043243,0.934081,0.042140,0.351920,7.269755,5.656221,41.874126,0.008371,0.957553,0.080781,0.276580,-8.741057,1.439796,-6.400516,-0.043243,0.934081,0.042140,0.351920,16.553761,1.408722,31.690105
88,0.733333,0.016998,0.927047,-0.054158,0.370622,-3.726181,83.648125,20.844879,-0.011377,0.934785,-0.009480,0.354904,-3.207849,90.834747,20.209703,-0.002149,0.934749,-0.062835,0.349701,-3.448853,107.402016,19.782084,0.009469,0.955336,-0.023672,0.294420,-2.725590,125.372803,17.627008,0.101883,0.939804,-0.235824,0.225332,-1.295996,138.937973,15.628472,0.027740,0.893742,0.006954,0.447669,-5.628761,119.891129,15.912035,0.212790,-0.643335,0.150282,-0.719900,-15.352303,120.799187,2.899219,0.072051,-0.183647,-0.491573,-0.848197,-12.503634,109.810684,-16.432112,-0.196972,-0.079896,0.726106,0.653903,-3.253214,126.436386,-24.305374,-0.061953,0.969578,-0.035871,0.234080,-0.298877,120.229553,20.522852,0.343788,0.803979,-0.051011,-0.482520,14.063043,122.457359,27.835672,-0.067665,0.088586,0.485431,-0.867140,20.742861,108.961235,11.228536,0.009072,-0.027765,0.783331,-0.620918,10.217231,126.479591,9.424214,0.047420,0.902196,0.110274,0.414287,-10.118773,83.572014,14.767107,0.066811,0.945698,-0.012002,0.317878,-9.915744,49.610950,6.435117,0.008493,0.957559,0.080595,0.276612,-15.932551,5.122075,5.547177,-0.098991,0.927666,-0.053085,0.356115,2.666412,83.724228,26.922651,-0.038218,0.896900,-0.094203,0.430390,7.766672,49.637840,32.832188,-0.043260,0.933762,0.042191,0.352757,7.203966,5.663276,41.897060,0.008493,0.957559,0.080595,0.276612,-8.742730,1.443837,-6.399593,-0.043260,0.933762,0.042191,0.352757,16.506254,1.417863,31.728867
89,0.741667,0.017016,0.926843,-0.053675,0.371202,-3.687551,83.650696,20.803787,-0.010863,0.935033,-0.008661,0.354289,-3.171159,90.838066,20.175488,-0.001984,0.935225,-0.061549,0.348656,-3.406033,107.399559,19.779619,0.008385,0.955975,-0.019358,0.292690,-2.695825,125.376167,17.669210,0.099541,0.942339,-0.228411,0.223423,-1.334997,138.962631,15.769674,0.027701,0.893912,0.008556,0.447303,-5.600394,119.897591,15.946716,0.213063,-0.644661,0.147369,-0.719234,-15.334681,120.827881,2.943504,0.071107,-0.183555,-0.492643,-0.847676,-12.523745,109.917236,-16.437389,-0.195314,-0.081446,0.725969,0.654361,-3.317495,126.573120,-24.285608,-0.062710,0.970601,-0.034058,0.229875,-0.260206,120.226601,20.546280,0.341193,0.802242,-0.049660,-0.487370,14.162132,122.461914,27.736881,-0.069063,0.083866,0.485913,-0.867228,20.710751,109.104347,10.966271,0.008768,-0.035339,0.783381,-0.620475,10.171257,126.632866,9.358811,0.047653,0.902387,0.110012,0.413913,-10.072544,83.577438,14.717993,0.066905,0.945704,-0.012488,0.317823,-9.895331,49.613892,6.395548,0.008292,0.957575,0.080413,0.276615,-15.933972,5.127206,5.546529,-0.098632,0.927290,-0.053187,0.357179,2.697443,83.723953,26.889580,-0.038398,0.896279,-0.094377,0.431629,7.765354,49.633373,32.802731,-0.043665,0.933571,0.042069,0.353226,7.197735,5.663004,41.887604,0.008292,0.957575,0.080413,0.276615,-8.742773,1.445467,-6.398335,-0.043665,0.933571,0.042069,0.353226,16.513479,1.418971,31.731159
90,0.750000,0.017172,0.926646,-0.053171,0.371759,-3.651112,83.650635,20.761703,-0.010064,0.935240,-0.007846,0.353784,-3.134967,90.838707,20.141283,-0.001826,0.935646,-0.060316,0.347744,-3.354771,107.395851,19.780268,0.006764,0.956536,-0.014828,0.291157,-2.656796,125.377930,17.712780,0.096879,0.944655,-0.221349,0.221913,-1.379487,138.986252,15.914461,0.028017,0.894220,0.009845,0.446641,-5.562332,119.902298,15.982552,0.212234,-0.645562,0.145883,-0.718975,-15.315305,120.860603,2.995381,0.069721,-0.184035,-0.493604,-0.847128,-12.536912,110.014984,-16.426659,-0.194256,-0.082623,0.725779,0.654739,-3.375381,126.705238,-24.263487,-0.063860,0.971639,-0.031937,0.225431,-0.213163,120.222382,20.572304,0.338478,0.800029,-0.049176,-0.492918,14.270276,122.475693,27.633318,-0.070104,0.078850,0.486721,-0.867163,20.657820,109.247711,10.698674,0.009489,-0.043467,0.783994,-0.619172,10.117290,126.792374,9.293041,0.047878,0.902492,0.109763,0.413725,-10.028711,83.582626,14.668101,0.066981,0.945705,-0.012993,0.317785,-9.874681,49.616749,6.354716,0.008226,0.957600,0.080229,0.276584,-15.934163,5.132139,5.546678,-0.098453,0.926982,-0.053253,0.358016,2.726487,83.718643,26.855309,-0.038397,0.895961,-0.094656,0.432226,7.775897,49.626087,32.772915,-0.043883,0.933381,0.042072,0.353701,7.191187,5.660448,41.879585,0.008226,0.957600,0.080229,0.276584,-8.743656,1.445930,-6.397225,-0.043883,0.933381,0.042072,0.353701,16.519123,1.419102,31.733210
91,0.758333,0.017247,0.926439,-0.052612,0.372350,-3.612375,83.649323,20.719145,-0.009561,0.935491,-0.007049,0.353150,-3.097830,90.838219,20.106920,-0.001494,0.936130,-0.058955,0.346675,-3.311548,107.389748,19.776758,0.005245,0.957096,-0.010654,0.289528,-2.621776,125.377739,17.758610,0.094240,0.946901,-0.214283,0.220409,-1.422612,139.005127,16.053257,0.028331,0.894338,0.011165,0.446355,-5.530240,119.906464,16.019573,0.211419,-0.646392,0.144571,-0.718734,-15.290943,120.893082,3.040335,0.068245,-0.184464,-0.494579,-0.846586,-12.543575,110.107025,-16.419249,-0.192969,-0.084032,0.725571,0.655170,-3.425100,126.835892,-24.242315,-0.065123,0.972646,-0.029584,0.221006,-0.170581,120.214607,20.597887,0.335955,0.797952,-0.047778,-0.498121,14.371836,122.488449,27.529919,-0.070710,0.073440,0.487483,-0.867160,20.604458,109.402000,10.428407,0.010737,-0.051717,0.784764,-0.617541,10.062434,126.956894,9.229774,0.048176,0.902630,0.109546,0.413446,-9.982171,83.585594,14.617339,0.067028,0.945707,-0.013517,0.317748,-9.855838,49.618389,6.308913,0.008279,0.957616,0.080102,0.276561,-15.934234,5.135593,5.544260,-0.098213,0.926695,-0.053309,0.358817,2.757422,83.713058,26.820951,-0.038439,0.895651,-0.094954,0.432800,7.784883,49.617611,32.740582,-0.043963,0.933229,0.042024,0.354097,7.186022,5.657333,41.872158,0.008279,0.957616,0.080102,0.276561,-8.745094,1.445615,-6.399302,-0.043963,0.933229,0.042024,0.354097,16.523054,1.415865,31.734203
92,0.766667,0.017505,0.926152,-0.052210,0.373108,-3.578149,83.648636,20.678001,-0.009086,0.935718,-0.005911,0.352583,-3.061810,90.838005,20.072968,-0.001093,0.936582,-0.057874,0.345635,-3.274279,107.388519,19.783779,0.003810,0.957566,-0.006419,0.288116,-2.586683,125.381126,17.806406,0.091346,0.948892,-0.207946,0.219132,-1.462988,139.026611,16.197165,0.028534,0.894422,0.012331,0.446143,-5.499690,119.914307,16.060957,0.208926,-0.646782,0.145119,-0.719001,-15.266175,120.923759,3.087825,0.065902,-0.185610,-0.495461,-0.846005,-12.548539,110.186890,-16.403120,-0.192065,-0.085528,0.725264,0.655582,-3.477474,126.960548,-24.221611,-0.066069,0.973708,-0.026822,0.216351,-0.129862,120.211014,20.628099,0.333266,0.795607,-0.046881,-0.503731,14.474766,122.493187,27.425304,-0.071214,0.067931,0.488393,-0.867056,20.536077,109.546211,10.156865,0.012774,-0.059986,0.783966,-0.617767,9.999219,127.115700,9.167317,0.048335,0.902820,0.109339,0.413068,-9.937824,83.590988,14.565585,0.067177,0.945670,-0.014055,0.317801,-9.831042,49.621670,6.265496,0.008292,0.957605,0.079861,0.276670,-15.937252,5.142000,5.541924,-0.098079,0.926412,-0.053222,0.359594,2.781526,83.706284,26.790417,-0.038444,0.895318,-0.095262,0.433421,7.797660,49.608353,32.705357,-0.044143,0.933087,0.041977,0.354454,7.180808,5.653363,41.861176,0.008292,0.957605,0.079861,0.276670,-8.746265,1.445311,-6.398453,-0.044143,0.933087,0.041977,0.354454,16.527018,1.412819,31.731297
93,0.775000,0.017635,0.925893,-0.051621,0.373827,-3.537004,83.645515,20.634380,-0.008710,0.935923,-0.004799,0.352064,-3.021624,90.835701,20.038311,-0.000617,0.937000,-0.056793,0.344682,-3.235629,107.390282,19.788036,0.002514,0.957985,-0.002235,0.286799,-2.547406,125.387405,17.852472,0.088248,0.950836,-0.201632,0.217869,-1.494616,139.049576,16.339685,0.028535,0.894552,0.013604,0.445844,-5.465339,119.925537,16.099796,0.207550,-0.647475,0.144274,-0.718947,-15.240494,120.953491,3.134653,0.064434,-0.186141,-0.496136,-0.845606,-12.552073,110.277710,-16.393856,-0.190907,-0.087050,0.725196,0.655796,-3.513461,127.082657,-24.202442,-0.066861,0.974479,-0.025464,0.212771,-0.086218,120.209930,20.656773,0.330468,0.793409,-0.045416,-0.509146,14.564976,122.506332,27.348137,-0.071211,0.062501,0.489039,-0.867101,20.463631,109.713768,9.909140,0.014846,-0.068901,0.783492,-0.617391,9.927298,127.285072,9.114729,0.048568,0.902929,0.109152,0.412851,-9.887124,83.593140,14.511992,0.067306,0.945632,-0.014678,0.317859,-9.802476,49.622555,6.216848,0.008239,0.957614,0.079728,0.276680,-15.937302,5.146050,5.542054,-0.097956,0.926052,-0.053071,0.360576,2.813115,83.697899,26.756769,-0.038303,0.895118,-0.095706,0.433748,7.818993,49.597160,32.664204,-0.044358,0.932920,0.041924,0.354872,7.170043,5.648813,41.849644,0.008239,0.957614,0.079728,0.276680,-8.745988,1.446150,-6.397128,-0.044358,0.932920,0.041924,0.354872,16.527042,1.409458,31.729233
94,0.783333,0.017762,0.925640,-0.050973,0.374535,-3.499307,83.646225,20.593197,-0.008105,0.936114,-0.003804,0.351584,-2.985279,90.837311,20.006872,-0.000363,0.937405,-0.055645,0.343768,-3.192259,107.395241,19.794550,0.000930,0.958419,0.001813,0.285359,-2.511564,125.397049,17.900303,0.085551,0.952653,-0.195645,0.216462,-1.536339,139.074707,16.478199,0.028579,0.894705,0.014888,0.445494,-5.431808,119.938728,16.140425,0.206666,-0.648185,0.143074,-0.718801,-15.217039,120.986557,3.184472,0.063188,-0.186665,-0.496817,-0.845185,-12.554428,110.369453,-16.379536,-0.189565,-0.088324,0.725075,0.656148,-3.549832,127.201286,-24.181070,-0.067690,0.975410,-0.023003,0.208482,-0.043797,120.213463,20.687481,0.327579,0.791214,-0.043971,-0.514529,14.662552,122.517944,27.253914,-0.071979,0.057099,0.489759,-0.867004,20.399406,109.882797,9.646975,0.016431,-0.076956,0.783648,-0.616201,9.868026,127.459503,9.062538,0.048887,0.902809,0.109007,0.413115,-9.839997,83.599480,14.460996,0.067417,0.945482,-0.015331,0.318252,-9.777290,49.628864,6.165793,0.008129,0.957630,0.079469,0.276701,-15.939811,5.155462,5.540672,-0.097863,0.925845,-0.052896,0.361158,2.841384,83.692970,26.725397,-0.038249,0.894919,-0.096196,0.434054,7.842082,49.589668,32.622398,-0.044503,0.932842,0.041850,0.355068,7.166374,5.649405,41.844505,0.008129,0.957630,0.079469,0.276701,-8.747715,1.449332,-6.396109,-0.044503,0.932842,0.041850,0.355068,16.528711,1.409807,31.729130
95,0.791667,0.017772,0.925397,-0.050251,0.375232,-3.455911,83.647499,20.555462,-0.007444,0.936362,-0.002710,0.350948,-2.945211,90.839638,19.979210,-0.000313,0.937870,-0.054742,0.342641,-3.144636,107.404137,19.808575,-0.000931,0.958776,0.005939,0.284099,-2.475734,125.409554,17.944715,0.082869,0.954233,-0.189854,0.215702,-1.585202,139.102173,16.613913,0.028413,0.894908,0.016089,0.445054,-5.398059,119.953194,16.182220,0.206697,-0.648903,0.140752,-0.718603,-15.196360,121.013573,3.237173,0.062386,-0.186753,-0.497764,-0.844667,-12.545933,110.464989,-16.365511,-0.188434,-0.088911,0.725084,0.656384,-3.581376,127.325508,-24.152323,-0.068122,0.976274,-0.020543,0.204513,0.000862,120.222023,20.716671,0.324492,0.788871,-0.042707,-0.520157,14.758640,122.522797,27.168009,-0.072886,0.051920,0.490297,-0.866949,20.324650,110.049629,9.391552,0.017490,-0.084754,0.783016,-0.615952,9.792805,127.629234,9.011203,0.049105,0.902867,0.108998,0.412964,-9.787371,83.604988,14.413702,0.067631,0.945408,-0.016048,0.318391,-9.740000,49.635731,6.112854,0.008144,0.957647,0.079217,0.276713,-15.940889,5.166939,5.541610,-0.097726,0.925723,-0.052499,0.361567,2.875549,83.690010,26.697222,-0.038189,0.894866,-0.096887,0.434016,7.875036,49.581890,32.567345,-0.044629,0.932827,0.041725,0.355106,7.167668,5.653196,41.842056,0.008144,0.957647,0.079217,0.276713,-8.749357,1.453900,-6.393363,-0.044629,0.932827,0.041725,0.355106,16.531656,1.411732,31.728992
96,0.800000,0.017764,0.925183,-0.049551,0.375853,-3.413993,83.645821,20.517717,-0.007231,0.936634,-0.001958,0.350229,-2.906820,90.838974,19.951105,0.000182,0.938384,-0.053211,0.341474,-3.108600,107.411934,19.806356,-0.002615,0.959146,0.009438,0.282743,-2.444138,125.423340,17.999645,0.080068,0.955767,-0.184202,0.214866,-1.628901,139.127838,16.745155,0.028274,0.895023,0.017252,0.444788,-5.370902,119.972763,16.226622,0.205790,-0.649262,0.139824,-0.718721,-15.177146,121.045891,3.288649,0.061030,-0.187466,-0.498419,-0.844222,-12.535919,110.549568,-16.343302,-0.186694,-0.089665,0.725431,0.656396,-3.606492,127.437767,-24.127764,-0.068906,0.977108,-0.018426,0.200429,0.039291,120.226761,20.748472,0.322760,0.786901,-0.038979,-0.524493,14.847383,122.537781,27.079725,-0.073038,0.046288,0.490719,-0.867016,20.260550,110.233734,9.138971,0.018253,-0.091675,0.781856,-0.616412,9.729693,127.802063,8.963077,0.049387,0.902701,0.108956,0.413304,-9.737238,83.607193,14.367477,0.067817,0.945254,-0.016761,0.318772,-9.705761,49.639244,6.061204,0.008198,0.957653,0.079045,0.276739,-15.942478,5.174819,5.542579,-0.097589,0.925504,-0.051976,0.362240,2.909251,83.684448,26.667955,-0.038154,0.894428,-0.097622,0.434756,7.909177,49.570637,32.504551,-0.044640,0.932739,0.041714,0.355338,7.162426,5.654541,41.835655,0.008198,0.957653,0.079045,0.276739,-8.751266,1.456727,-6.391008,-0.044640,0.932739,0.041714,0.355338,16.531446,1.413089,31.727255
97,0.808333,0.017999,0.924974,-0.049064,0.376419,-3.376284,83.647690,20.482931,-0.006736,0.936915,-0.001103,0.349491,-2.868264,90.841415,19.924414,0.000384,0.938891,-0.051937,0.340273,-3.064640,107.411865,19.812128,-0.003812,0.959492,0.012724,0.281423,-2.411318,125.428131,18.050276,0.077010,0.957297,-0.178672,0.213844,-1.656672,139.142746,16.870594,0.028358,0.895135,0.018529,0.444507,-5.340681,119.981071,16.270716,0.205036,-0.649810,0.138576,-0.718682,-15.154913,121.075081,3.340550,0.059839,-0.187855,-0.498944,-0.843910,-12.530067,110.636101,-16.324148,-0.185097,-0.090293,0.725994,0.656139,-3.626488,127.547768,-24.098093,-0.070057,0.977864,-0.016286,0.196493,0.081057,120.225372,20.779253,0.319913,0.784585,-0.038031,-0.529751,14.934786,122.558655,26.994377,-0.074129,0.041688,0.491391,-0.866777,20.181467,110.401596,8.904576,0.018901,-0.098869,0.781363,-0.615906,9.662026,127.975342,8.916470,0.049518,0.902550,0.108877,0.413640,-9.691858,83.615585,14.324777,0.068056,0.945236,-0.017328,0.318743,-9.667808,49.647324,6.019730,0.008377,0.957683,0.078716,0.276726,-15.940883,5.187553,5.542579,-0.097422,0.925366,-0.051795,0.362661,2.939291,83.679802,26.641083,-0.038160,0.894154,-0.098076,0.435216,7.930496,49.562397,32.464115,-0.044878,0.932714,0.041550,0.355393,7.161484,5.654320,41.831100,0.008377,0.957683,0.078716,0.276726,-8.752518,1.459333,-6.389562,-0.044878,0.932714,0.041550,0.355393,16.533461,1.411177,31.726152
98,0.816667,0.018046,0.924818,-0.048441,0.376882,-3.327973,83.646202,20.448471,-0.006188,0.937190,-0.000189,0.348766,-2.822428,90.840782,19.898771,0.000186,0.939370,-0.050819,0.339120,-3.012532,107.418182,19.821346,-0.005513,0.959809,0.016675,0.280104,-2.381861,125.438606,18.094198,0.074499,0.958605,-0.173846,0.212847,-1.706015,139.164673,17.003239,0.028231,0.895250,0.019998,0.444219,-5.310175,119.992188,16.311014,0.204080,-0.650088,0.137772,-0.718857,-15.132962,121.103630,3.388828,0.058424,-0.188479,-0.499598,-0.843483,-12.514361,110.714813,-16.303249,-0.183359,-0.090990,0.726443,0.656034,-3.646147,127.652336,-24.069157,-0.070706,0.978541,-0.014094,0.193025,0.122624,120.232903,20.806412,0.317144,0.782651,-0.036105,-0.534391,15.017337,122.572800,26.920145,-0.074513,0.036939,0.491359,-0.866977,20.121742,110.578903,8.681336,0.019735,-0.105870,0.780738,-0.615508,9.589271,128.135849,8.869120,0.049674,0.902454,0.108940,0.413813,-9.637367,83.618553,14.283961,0.068394,0.945213,-0.018006,0.318702,-9.619749,49.652336,5.970531,0.008434,0.957694,0.078415,0.276771,-15.940762,5.198863,5.541469,-0.097073,0.925172,-0.051746,0.363257,2.981421,83.673851,26.612980,-0.038166,0.893881,-0.098456,0.435690,7.947822,49.551353,32.427349,-0.044873,0.932669,0.041541,0.355512,7.159317,5.650020,41.824257,0.008434,0.957694,0.078415,0.276771,-8.752658,1.462081,-6.388155,-0.044873,0.932669,0.041541,0.355512,16.533766,1.406686,31.721676
99,0.825000,0.018026,0.924692,-0.047767,0.377278,-3.279243,83.639702,20.412258,-0.005795,0.937490,0.000566,0.347963,-2.777396,90.835228,19.871658,0.000187,0.939877,-0.049547,0.337901,-2.964112,107.417702,19.822384,-0.006967,0.960131,0.020317,0.278726,-2.351212,125.442757,18.137602,0.071804,0.959908,-0.169077,0.211741,-1.745217,139.178391,17.129286,0.028254,0.895454,0.021374,0.443743,-5.280218,119.998535,16.348835,0.202324,-0.650085,0.137910,-0.719330,-15.116718,121.130432,3.438866,0.056684,-0.189222,-0.500122,-0.843125,-12.499616,110.785439,-16.276461,-0.181846,-0.091768,0.727046,0.655679,-3.660280,127.753868,-24.034554,-0.071764,0.979193,-0.011665,0.189457,0.164228,120.232307,20.830488,0.314366,0.780635,-0.034909,-0.539040,15.098433,122.590805,26.839834,-0.075353,0.032403,0.491817,-0.866827,20.057701,110.744186,8.465240,0.020827,-0.112865,0.779660,-0.615596,9.530698,128.301727,8.832589,0.049729,0.902281,0.109017,0.414163,-9.583389,83.615837,14.242369,0.068826,0.945095,-0.018728,0.318915,-9.563735,49.651173,5.922610,0.008463,0.957708,0.078182,0.276788,-15.941648,5.205396,5.540922,-0.096807,0.925051,-0.051839,0.363624,3.024903,83.663567,26.582150,-0.038063,0.893797,-0.098821,0.435789,7.969595,49.538136,32.397827,-0.044997,0.932634,0.041610,0.355581,7.157300,5.642566,41.819618,0.008463,0.957708,0.078182,0.276788,-8.754058,1.462091,-6.386965,-0.044997,0.932634,0.041610,0.355581,16.534512,1.402341,31.718302
100,0.833333,0.017971,0.924542,-0.047163,0.377722,-3.230176,83.638245,20.379833,-0.005624,0.937749,0.001429,0.347264,-2.732107,90.834633,19.847233,0.000379,0.940336,-0.048192,0.336818,-2.923489,107.417831,19.826908,-0.008392,0.960471,0.023605,0.277251,-2.322516,125.447678,18.189808,0.069246,0.961213,-0.164404,0.210349,-1.783001,139.191299,17.255127,0.028002,0.895591,0.022901,0.443406,-5.253256,120.007034,16.393036,0.201790,-0.650398,0.136650,-0.719438,-15.099941,121.153488,3.492117,0.055711,-0.189439,-0.500714,-0.842790,-12.485579,110.861221,-16.251152,-0.180380,-0.092366,0.727658,0.655321,-3.672308,127.853920,-23.997063,-0.072815,0.979797,-0.009461,0.186027,0.201496,120.231056,20.862637,0.310197,0.778749,-0.035866,-0.544098,15.172667,122.609840,26.771170,-0.077500,0.029011,0.491592,-0.866885,20.003084,110.904121,8.272369,0.020489,-0.119057,0.778244,-0.616232,9.457348,128.448792,8.802642,0.049770,0.902090,0.109140,0.414542,-9.528436,83.617081,14.203922,0.069265,0.945080,-0.019430,0.318825,-9.504238,49.654579,5.875348,0.008546,0.957740,0.077937,0.276742,-15.939313,5.216652,5.541232,-0.096538,0.924976,-0.051974,0.363866,3.068082,83.659409,26.555740,-0.037949,0.893783,-0.099146,0.435755,7.990547,49.531319,32.374657,-0.045182,0.932639,0.041556,0.355552,7.156662,5.640742,41.817799,0.008546,0.957740,0.077937,0.276742,-8.754255,1.466204,-6.385936,-0.045182,0.932639,0.041556,0.355552,16.534800,1.401023,31.717127
101,0.841667,0.017811,0.924448,-0.046467,0.378048,-3.176758,83.637627,20.346298,-0.005186,0.938042,0.002126,0.346476,-2.684435,90.835037,19.822275,0.000348,0.940831,-0.046708,0.335642,-2.870220,107.416519,19.828846,-0.009749,0.960774,0.026880,0.275856,-2.290396,125.451469,18.241083,0.066602,0.962402,-0.160012,0.209147,-1.815050,139.202301,17.380592,0.027905,0.895822,0.024340,0.442867,-5.220583,120.013130,16.436438,0.201254,-0.650604,0.135471,-0.719624,-15.082985,121.177315,3.549115,0.054730,-0.189818,-0.501362,-0.842383,-12.466245,110.935677,-16.220156,-0.178676,-0.093036,0.728447,0.654817,-3.684418,127.951920,-23.958397,-0.073924,0.980369,-0.006937,0.182656,0.245330,120.229736,20.892754,0.307691,0.776920,-0.034188,-0.548227,15.251652,122.629204,26.702938,-0.078639,0.024753,0.491492,-0.866971,19.949240,111.070786,8.077735,0.020021,-0.124756,0.777084,-0.616584,9.391596,128.598846,8.781585,0.049851,0.901810,0.109154,0.415137,-9.470783,83.618187,14.166066,0.069706,0.944988,-0.020097,0.318961,-9.445754,49.656467,5.834326,0.008655,0.957765,0.077717,0.276714,-15.937010,5.226412,5.543174,-0.096291,0.924842,-0.052212,0.364238,3.117267,83.657059,26.526531,-0.037766,0.893776,-0.099440,0.435717,8.015421,49.527370,32.356567,-0.045295,0.932588,0.041526,0.355673,7.155715,5.640805,41.816010,0.008655,0.957765,0.077717,0.276714,-8.754225,1.469266,-6.383259,-0.045295,0.932588,0.041526,0.355673,16.537411,1.401585,31.718428
102,0.850000,0.017699,0.924369,-0.045906,0.378315,-3.123596,83.639870,20.313507,-0.004978,0.938321,0.003037,0.345717,-2.635682,90.838089,19.796501,0.000398,0.941287,-0.045433,0.334536,-2.825412,107.418678,19.833954,-0.011225,0.961083,0.030026,0.274395,-2.261208,125.457886,18.289486,0.064264,0.963538,-0.155825,0.207806,-1.852187,139.215057,17.499002,0.027820,0.896072,0.025620,0.442296,-5.192116,120.022095,16.478357,0.200989,-0.650816,0.134132,-0.719757,-15.071136,121.201996,3.605202,0.053955,-0.189938,-0.502022,-0.842014,-12.450601,111.008583,-16.188484,-0.177366,-0.093455,0.729141,0.654340,-3.697462,128.046890,-23.913881,-0.074965,0.980843,-0.004617,0.179741,0.284254,120.231270,20.922169,0.304630,0.775276,-0.033186,-0.552310,15.319912,122.650887,26.647535,-0.079354,0.020579,0.490939,-0.867328,19.900053,111.240097,7.902433,0.020743,-0.130302,0.777168,-0.615306,9.311152,128.744858,8.766829,0.049819,0.901654,0.109078,0.415500,-9.414124,83.622116,14.129710,0.070279,0.944939,-0.020633,0.318944,-9.385967,49.659012,5.803635,0.008728,0.957761,0.077473,0.276797,-15.940866,5.238125,5.541533,-0.096027,0.924639,-0.052543,0.364775,3.166931,83.657631,26.497305,-0.037598,0.893918,-0.099705,0.435380,8.036257,49.526814,32.344864,-0.045236,0.932621,0.041488,0.355599,7.156151,5.643845,41.819096,0.008728,0.957761,0.077473,0.276797,-8.757421,1.473815,-6.382240,-0.045236,0.932621,0.041488,0.355599,16.535629,1.402996,31.720140
103,0.858333,0.017506,0.924325,-0.045457,0.378484,-3.063987,83.642754,20.286514,-0.004620,0.938579,0.004390,0.345005,-2.581007,90.841660,19.774529,0.000004,0.941693,-0.044522,0.333514,-2.774942,107.413742,19.858280,-0.012167,0.961389,0.032863,0.272951,-2.236874,125.455925,18.339439,0.061729,0.964721,-0.151701,0.206130,-1.877542,139.218124,17.615053,0.027870,0.896289,0.027005,0.441770,-5.164980,120.019135,16.526756,0.200502,-0.651022,0.132824,-0.719949,-15.059047,121.220161,3.667116,0.053104,-0.190123,-0.502590,-0.841686,-12.434896,111.080208,-16.153521,-0.175852,-0.093950,0.730059,0.653654,-3.707547,128.139206,-23.867056,-0.076210,0.981292,-0.002753,0.176779,0.321030,120.228615,20.958649,0.302024,0.774031,-0.031657,-0.555567,15.384920,122.677902,26.596516,-0.080233,0.016955,0.490166,-0.867763,19.874165,111.407806,7.744619,0.020322,-0.135291,0.776009,-0.615706,9.249917,128.880630,8.752476,0.049810,0.901537,0.109115,0.415745,-9.352377,83.624695,14.100543,0.070833,0.944973,-0.021186,0.318684,-9.320295,49.662098,5.772402,0.008865,0.957809,0.077167,0.276711,-15.937811,5.250311,5.543097,-0.095648,0.924532,-0.052999,0.365079,3.224402,83.660805,26.472485,-0.037372,0.894169,-0.099860,0.434848,8.055743,49.528278,32.341518,-0.045291,0.932673,0.041355,0.355471,7.157063,5.646568,41.819855,0.008865,0.957809,0.077167,0.276711,-8.758541,1.476824,-6.380293,-0.045291,0.932673,0.041355,0.355471,16.533995,1.402799,31.719759
104,0.866667,0.017303,0.924257,-0.044949,0.378722,-3.001907,83.641502,20.256769,-0.004581,0.938831,0.005509,0.344304,-2.524294,90.841179,19.750572,-0.000289,0.942103,-0.043395,0.332505,-2.729741,107.412598,19.869743,-0.013838,0.961670,0.035803,0.271508,-2.216876,125.458359,18.385168,0.059816,0.965725,-0.147837,0.204798,-1.927062,139.225388,17.724356,0.027713,0.896511,0.028513,0.441233,-5.142375,120.021584,16.568249,0.200689,-0.651198,0.131150,-0.720045,-15.052149,121.239403,3.722289,0.052621,-0.189998,-0.503342,-0.841296,-12.418438,111.145851,-16.120756,-0.174592,-0.094295,0.730984,0.652908,-3.721579,128.224548,-23.817358,-0.077388,0.981679,-0.000993,0.174118,0.353116,120.229042,20.988474,0.299682,0.772663,-0.030573,-0.558792,15.441502,122.706688,26.547899,-0.080967,0.013446,0.489735,-0.868000,19.832844,111.558830,7.600498,0.020669,-0.139580,0.774878,-0.616161,9.188613,129.007065,8.746008,0.049972,0.901285,0.109147,0.416263,-9.287244,83.623322,14.067698,0.071341,0.944818,-0.021846,0.318986,-9.259623,49.662338,5.732960,0.009097,0.957807,0.076941,0.276773,-15.938711,5.259585,5.542942,-0.095244,0.924332,-0.053481,0.365621,3.283429,83.659691,26.445843,-0.037142,0.894328,-0.099981,0.434514,8.072998,49.525368,32.338612,-0.045098,0.932651,0.041371,0.355552,7.154662,5.644289,41.817932,0.009097,0.957807,0.076941,0.276773,-8.760666,1.478317,-6.378721,-0.045098,0.932651,0.041371,0.355552,16.531605,1.398966,31.718502
105,0.875000,0.017149,0.924237,-0.044514,0.378827,-2.939782,83.642647,20.226721,-0.002785,0.938746,0.004049,0.344575,-2.466546,90.842964,19.725523,-0.001219,0.942151,-0.040098,0.332778,-2.599848,107.463791,19.820007,-0.016284,0.961887,0.038702,0.270206,-2.158044,125.519478,18.436666,0.057880,0.966821,-0.144269,0.202716,-1.957487,139.290726,17.833033,0.025889,0.897367,0.030379,0.439476,-5.061231,120.081390,16.588146,0.202001,-0.651808,0.128783,-0.719553,-15.024519,121.271767,3.781071,0.052807,-0.189614,-0.504215,-0.840848,-12.398861,111.213646,-16.081017,-0.173557,-0.094749,0.731870,0.652125,-3.734738,128.308029,-23.764465,-0.077369,0.981874,0.001858,0.173015,0.431673,120.285889,21.011721,0.298382,0.770836,-0.028814,-0.562095,15.532611,122.747337,26.544189,-0.080084,0.010226,0.489229,-0.868411,19.792809,111.708771,7.503101,0.020777,-0.143836,0.773900,-0.616408,9.130693,129.127258,8.742870,0.049900,0.901192,0.109156,0.416471,-9.223812,83.624763,14.036324,0.071929,0.944832,-0.022406,0.318773,-9.189480,49.663425,5.703081,0.009118,0.957862,0.076595,0.276677,-15.934187,5.270472,5.545110,-0.094821,0.924231,-0.054164,0.365885,3.344248,83.660538,26.417118,-0.036907,0.894351,-0.099967,0.434488,8.087316,49.525723,32.344551,-0.045137,0.932630,0.041278,0.355612,7.150908,5.642831,41.813736,0.009118,0.957862,0.076595,0.276677,-8.759641,1.479799,-6.375668,-0.045137,0.932630,0.041278,0.355612,16.529243,1.395582,31.716412
106,0.883333,0.016881,0.924232,-0.044197,0.378889,-2.874472,83.645966,20.200848,-0.004630,0.939347,0.007650,0.342852,-2.406522,90.846817,19.702450,-0.000656,0.942902,-0.041023,0.330535,-2.637522,107.410515,19.887966,-0.015895,0.962266,0.041288,0.268491,-2.168684,125.463524,18.478779,0.055451,0.967791,-0.140745,0.201240,-1.980790,139.237823,17.944664,0.027150,0.897042,0.031219,0.440005,-5.090579,120.028435,16.651026,0.203790,-0.651930,0.125139,-0.719581,-15.036561,121.267906,3.835161,0.053393,-0.188510,-0.505502,-0.840286,-12.376570,111.273811,-16.054663,-0.172596,-0.095488,0.732577,0.651478,-3.752529,128.391678,-23.707150,-0.079679,0.982247,0.002758,0.169810,0.423339,120.228508,21.048584,0.294235,0.770428,-0.029301,-0.564808,15.548224,122.759964,26.483175,-0.082573,0.007383,0.488311,-0.868723,19.781504,111.854256,7.359698,0.021464,-0.147888,0.773459,-0.615979,9.075951,129.245392,8.747705,0.049869,0.901140,0.109182,0.416580,-9.157829,83.625778,14.009775,0.072508,0.944742,-0.022946,0.318871,-9.119753,49.664623,5.675801,0.009262,0.957912,0.076319,0.276576,-15.928668,5.281380,5.546217,-0.094383,0.924070,-0.054870,0.366299,3.408885,83.666145,26.391924,-0.036662,0.894472,-0.099932,0.434269,8.102970,49.530930,32.355927,-0.044884,0.932626,0.041229,0.355660,7.150668,5.645800,41.813148,0.009262,0.957912,0.076319,0.276576,-8.758636,1.482339,-6.374614,-0.044884,0.932626,0.041229,0.355660,16.527596,1.394700,31.716139
107,0.891667,0.016538,0.924213,-0.043732,0.379004,-2.806153,83.647659,20.177811,-0.004674,0.939580,0.008791,0.342184,-2.345266,90.849266,19.683781,-0.001111,0.943266,-0.039981,0.329619,-2.590389,107.409409,19.904455,-0.016835,0.962560,0.043698,0.266993,-2.150918,125.465439,18.524950,0.053429,0.968796,-0.137204,0.199386,-2.008880,139.242325,18.046299,0.026929,0.897335,0.032219,0.439348,-5.068486,120.029160,16.693848,0.203764,-0.652012,0.123745,-0.719755,-15.033656,121.276077,3.893617,0.052866,-0.188129,-0.506336,-0.839903,-12.362902,111.325981,-16.016811,-0.171681,-0.096238,0.733456,0.650620,-3.767268,128.470688,-23.644402,-0.080789,0.982456,0.004384,0.168031,0.453952,120.229912,21.080671,0.291678,0.769561,-0.028803,-0.567335,15.592607,122.788643,26.463917,-0.083350,0.004805,0.487538,-0.869101,19.764782,111.991928,7.265311,0.021795,-0.151545,0.772411,-0.616393,9.027715,129.353470,8.757708,0.049886,0.901023,0.109212,0.416824,-9.088171,83.624893,13.985384,0.073112,0.944553,-0.023537,0.319249,-9.048018,49.664299,5.649110,0.009400,0.957949,0.076112,0.276501,-15.924647,5.291423,5.549464,-0.093985,0.923896,-0.055608,0.366730,3.475865,83.670418,26.370235,-0.036391,0.894583,-0.099899,0.434071,8.122499,49.535660,32.373875,-0.044917,0.932664,0.041203,0.355559,7.151828,5.648142,41.818142,0.009400,0.957949,0.076112,0.276501,-8.758269,1.485886,-6.371492,-0.044917,0.932664,0.041203,0.355559,16.526855,1.396640,31.719530
108,0.900000,0.016299,0.924204,-0.043392,0.379075,-2.740443,83.650902,20.155096,-0.003746,0.939605,0.008023,0.342145,-2.284568,90.853050,19.664326,-0.001898,0.943413,-0.037149,0.329528,-2.492566,107.449913,19.872063,-0.018486,0.962750,0.046366,0.265747,-2.113935,125.513771,18.579725,0.051710,0.969708,-0.134166,0.197466,-2.037838,139.293045,18.158596,0.025323,0.897896,0.033765,0.438179,-5.013945,120.076683,16.723320,0.203722,-0.652276,0.122960,-0.719663,-15.015221,121.297981,3.948808,0.052041,-0.188015,-0.507143,-0.839493,-12.351201,111.372566,-15.974836,-0.170620,-0.096978,0.734102,0.650061,-3.787164,128.544052,-23.580105,-0.081104,0.982599,0.006859,0.166954,0.509305,120.274689,21.109245,0.290373,0.768471,-0.027170,-0.569559,15.658040,122.830566,26.465412,-0.082654,0.001940,0.486677,-0.869661,19.750935,112.131943,7.194972,0.022506,-0.154697,0.771573,-0.616634,8.980303,129.461639,8.772263,0.049950,0.900805,0.109154,0.417302,-9.021656,83.626465,13.961864,0.073649,0.944304,-0.024078,0.319821,-8.982860,49.665432,5.627375,0.009774,0.957991,0.075984,0.276376,-15.920078,5.301934,5.553943,-0.093705,0.923704,-0.056520,0.367145,3.540770,83.675339,26.348328,-0.035981,0.894893,-0.099745,0.433500,8.142972,49.544044,32.405708,-0.044673,0.932675,0.041228,0.355559,7.151472,5.651093,41.822544,0.009774,0.957991,0.075984,0.276376,-8.760461,1.490399,-6.369159,-0.044673,0.932675,0.041228,0.355559,16.524319,1.397696,31.722706
109,0.908333,0.015766,0.924221,-0.042886,0.379115,-2.663774,83.644905,20.128328,-0.003936,0.939826,0.009429,0.341500,-2.217774,90.847946,19.641396,-0.002384,0.943747,-0.036146,0.328679,-2.447511,107.446243,19.891031,-0.019228,0.963050,0.048557,0.264210,-2.098603,125.512695,18.626822,0.049852,0.970655,-0.131033,0.195380,-2.061283,139.293625,18.257072,0.025165,0.898134,0.034565,0.437638,-4.993843,120.074173,16.767143,0.203853,-0.652598,0.121296,-0.719616,-15.010798,121.301857,4.005537,0.051319,-0.187573,-0.507837,-0.839217,-12.347433,111.423599,-15.941618,-0.169289,-0.097654,0.734620,0.649722,-3.806210,128.618774,-23.515278,-0.082057,0.982755,0.008195,0.165505,0.537266,120.273567,21.143091,0.287676,0.767974,-0.026779,-0.571613,15.696612,122.853485,26.457542,-0.083693,-0.000012,0.485712,-0.870103,19.754316,112.261703,7.120754,0.022915,-0.157116,0.770437,-0.617427,8.945858,129.558029,8.784779,0.050028,0.900578,0.109100,0.417796,-8.944752,83.615135,13.934879,0.074296,0.944194,-0.024634,0.319954,-8.907840,49.653824,5.601507,0.009963,0.958016,0.076048,0.276265,-15.915504,5.301356,5.555479,-0.093325,0.923443,-0.057589,0.367732,3.617202,83.674683,26.321775,-0.035567,0.895131,-0.099551,0.433089,8.163359,49.546947,32.441200,-0.044845,0.932702,0.041215,0.355467,7.150608,5.647877,41.827187,0.009963,0.958016,0.076048,0.276265,-8.760095,1.490290,-6.370295,-0.044845,0.932702,0.041215,0.355467,16.523050,1.395876,31.726391
110,0.916667,0.015599,0.924216,-0.042704,0.379153,-2.599063,83.642456,20.108168,-0.003994,0.939976,0.010699,0.341048,-2.156279,90.845787,19.622770,-0.002956,0.943990,-0.035184,0.328081,-2.402014,107.438705,19.911404,-0.018798,0.963279,0.050767,0.262988,-2.084922,125.507530,18.673029,0.047319,0.971631,-0.128055,0.193120,-2.054669,139.289963,18.364016,0.024953,0.898376,0.035736,0.437059,-4.973570,120.066902,16.809296,0.204031,-0.652860,0.119793,-0.719580,-15.007364,121.304581,4.061893,0.050570,-0.187296,-0.508573,-0.838878,-12.343042,111.467407,-15.905426,-0.167938,-0.098204,0.735057,0.649496,-3.828592,128.687042,-23.452616,-0.083357,0.982922,0.009521,0.163787,0.563037,120.269165,21.178154,0.285368,0.767640,-0.026452,-0.573231,15.733788,122.884499,26.442518,-0.084442,-0.001916,0.484616,-0.870639,19.767704,112.382935,7.051624,0.023357,-0.159240,0.769559,-0.617962,8.914172,129.647034,8.794891,0.049747,0.900532,0.109038,0.417945,-8.879622,83.611145,13.914305,0.075084,0.944096,-0.025045,0.320029,-8.825553,49.646938,5.592838,0.009958,0.958054,0.075868,0.276182,-15.911362,5.306876,5.558323,-0.093131,0.923277,-0.058569,0.368042,3.681496,83.673767,26.302031,-0.035038,0.895562,-0.099342,0.432288,8.187553,49.551468,32.481129,-0.044338,0.932729,0.041477,0.355430,7.148915,5.645317,41.831104,0.009958,0.958054,0.075868,0.276182,-8.758438,1.491071,-6.367426,-0.044338,0.932729,0.041477,0.355430,16.516560,1.394721,31.725267
111,0.925000,0.015464,0.924202,-0.042486,0.379217,-2.535137,83.639297,20.087156,-0.004396,0.940188,0.012433,0.340400,-2.095300,90.842957,19.603951,-0.003261,0.944302,-0.034749,0.327223,-2.372775,107.422325,19.942072,-0.019471,0.963574,0.052913,0.261431,-2.072406,125.492188,18.714659,0.045725,0.972517,-0.125082,0.190985,-2.078511,139.275711,18.456497,0.025078,0.898468,0.037156,0.436746,-4.960149,120.050430,16.852793,0.204063,-0.653125,0.118622,-0.719524,-15.002647,121.311638,4.114546,0.049638,-0.187053,-0.509252,-0.838576,-12.341352,111.509178,-15.870243,-0.166533,-0.098705,0.735520,0.649257,-3.851540,128.753876,-23.388565,-0.084688,0.982982,0.010630,0.162672,0.584364,120.254341,21.211538,0.283195,0.767428,-0.025916,-0.574615,15.759691,122.906860,26.444016,-0.085093,-0.003179,0.483629,-0.871121,19.777779,112.494919,7.001570,0.023415,-0.161412,0.768319,-0.618937,8.884271,129.730682,8.799584,0.049577,0.900424,0.108957,0.418219,-8.814913,83.607193,13.892499,0.075771,0.944030,-0.025432,0.320032,-8.750008,49.640568,5.580994,0.010290,0.958075,0.075766,0.276126,-15.904680,5.311561,5.559390,-0.092803,0.923036,-0.059449,0.368589,3.744639,83.671394,26.281813,-0.034657,0.895965,-0.099170,0.431522,8.203027,49.552086,32.511814,-0.044380,0.932753,0.041538,0.355354,7.148479,5.640477,41.834343,0.010290,0.958075,0.075766,0.276126,-8.756404,1.490678,-6.367524,-0.044380,0.932753,0.041538,0.355354,16.515034,1.391835,31.726677
112,0.933333,0.015389,0.924180,-0.042437,0.379281,-2.469676,83.638817,20.072981,-0.004724,0.940316,0.013743,0.339993,-2.031087,90.842575,19.590044,-0.003623,0.944518,-0.033867,0.326690,-2.333313,107.413628,19.965284,-0.020056,0.963867,0.054589,0.259960,-2.056449,125.485588,18.763535,0.044085,0.973417,-0.122122,0.188687,-2.092872,139.269730,18.544535,0.024824,0.898604,0.038120,0.436396,-4.939743,120.042992,16.897242,0.202297,-0.653263,0.119174,-0.719806,-14.992595,121.310165,4.167759,0.047542,-0.187406,-0.509691,-0.838352,-12.345248,111.538849,-15.834130,-0.165207,-0.099147,0.735977,0.649010,-3.874464,128.819489,-23.324097,-0.085679,0.983036,0.011549,0.161758,0.609658,120.247414,21.249737,0.281499,0.767182,-0.025098,-0.575813,15.789135,122.927284,26.456182,-0.085266,-0.004455,0.482779,-0.871570,19.788380,112.596550,6.966583,0.023857,-0.163378,0.766584,-0.620554,8.862325,129.805359,8.810468,0.049407,0.900365,0.108926,0.418375,-8.748634,83.605759,13.877498,0.076477,0.943976,-0.025799,0.319993,-8.672564,49.637489,5.572809,0.010519,0.958125,0.075573,0.275997,-15.897202,5.319831,5.562172,-0.092490,0.922727,-0.060250,0.369311,3.809282,83.671875,26.268461,-0.034245,0.896350,-0.098993,0.430795,8.221804,49.555229,32.545502,-0.044176,0.932795,0.041608,0.355262,7.148583,5.637923,41.838997,0.010519,0.958125,0.075573,0.275997,-8.754674,1.492252,-6.366041,-0.044176,0.932795,0.041608,0.355262,16.511484,1.388869,31.728119
113,0.941667,0.015127,0.924157,-0.042172,0.379378,-2.403409,83.635101,20.056273,-0.005170,0.940419,0.014909,0.339652,-1.969720,90.839294,19.575483,-0.003731,0.944712,-0.032789,0.326237,-2.298758,107.405327,19.982067,-0.020998,0.964154,0.055995,0.258515,-2.038928,125.479866,18.815754,0.042590,0.974276,-0.119032,0.186558,-2.113070,139.264297,18.626282,0.024476,0.898816,0.038955,0.435905,-4.919313,120.038437,16.941586,0.202144,-0.653673,0.117973,-0.719674,-14.986647,121.306816,4.223676,0.046611,-0.187218,-0.510176,-0.838151,-12.350598,111.575714,-15.799290,-0.163728,-0.099787,0.736383,0.648826,-3.896578,128.877975,-23.263172,-0.086661,0.983082,0.012593,0.160877,0.634247,120.239128,21.288944,0.279676,0.767266,-0.023943,-0.576638,15.817465,122.945404,26.470753,-0.085255,-0.005946,0.481413,-0.872318,19.819948,112.705254,6.934080,0.024610,-0.165226,0.765307,-0.621611,8.840920,129.874344,8.826315,0.049336,0.900230,0.108798,0.418707,-8.681215,83.599472,13.859643,0.077113,0.943838,-0.026170,0.320217,-8.601446,49.628757,5.564991,0.010724,0.958161,0.075592,0.275858,-15.890211,5.321598,5.565644,-0.092297,0.922486,-0.061116,0.369817,3.874398,83.670723,26.252905,-0.034119,0.896961,-0.098265,0.429699,8.248384,49.558933,32.583084,-0.044177,0.932912,0.041806,0.354932,7.204753,5.627957,41.815140,0.010724,0.958161,0.075592,0.275858,-8.752849,1.493207,-6.365396,-0.044177,0.932912,0.041806,0.354932,16.561090,1.383757,31.696156
114,0.950000,0.014770,0.924152,-0.041807,0.379444,-2.331389,83.630386,20.041033,-0.005551,0.940510,0.016202,0.339334,-1.904440,90.835175,19.563177,-0.004227,0.944879,-0.031963,0.325830,-2.259690,107.395912,20.005802,-0.021090,0.964347,0.057826,0.257386,-2.027089,125.472244,18.861792,0.040612,0.975049,-0.116489,0.184557,-2.118742,139.257141,18.719572,0.024379,0.898945,0.039688,0.435577,-4.901317,120.028984,16.983477,0.201813,-0.654159,0.117019,-0.719482,-14.978099,121.304611,4.273768,0.045613,-0.186945,-0.510588,-0.838016,-12.360489,111.610619,-15.769620,-0.162583,-0.100308,0.736829,0.648528,-3.918878,128.934021,-23.203367,-0.087593,0.983117,0.013665,0.160068,0.655939,120.232307,21.325993,0.278068,0.767208,-0.023159,-0.577523,15.842329,122.963264,26.485529,-0.085201,-0.007340,0.480442,-0.872848,19.839218,112.798485,6.908372,0.025785,-0.166801,0.764059,-0.622677,8.821671,129.940094,8.846310,0.049350,0.900121,0.108666,0.418973,-8.608503,83.591324,13.843717,0.077767,0.943611,-0.026568,0.320695,-8.531074,49.618698,5.556875,0.010916,0.958184,0.075616,0.275766,-15.886323,5.322525,5.568534,-0.092021,0.922162,-0.062035,0.370543,3.945725,83.669441,26.238352,-0.033593,0.897434,-0.098056,0.428800,8.272882,49.562008,32.623920,-0.044012,0.932931,0.042042,0.354873,7.204312,5.624160,41.820354,0.010916,0.958184,0.075616,0.275766,-8.752851,1.493487,-6.364632,-0.044012,0.932931,0.042042,0.354873,16.558477,1.384245,31.697548
115,0.958333,0.014454,0.924191,-0.041336,0.379412,-2.257736,83.625282,20.027447,-0.006010,0.940577,0.017463,0.339078,-1.837606,90.830780,19.554121,-0.004598,0.945005,-0.031100,0.325540,-2.221053,107.383194,20.030773,-0.021901,0.964567,0.059318,0.256151,-2.011683,125.461372,18.911800,0.039149,0.975798,-0.113808,0.182573,-2.137635,139.246292,18.802696,0.024477,0.899143,0.040456,0.435093,-4.880381,120.017174,17.027798,0.203519,-0.654883,0.113975,-0.718831,-14.970708,121.306084,4.330191,0.046010,-0.186175,-0.511213,-0.837785,-12.364072,111.656967,-15.736255,-0.161350,-0.100860,0.737140,0.648396,-3.941510,128.986176,-23.147177,-0.088442,0.983131,0.014522,0.159438,0.679483,120.221352,21.366926,0.275974,0.767325,-0.022630,-0.578393,15.867549,122.975334,26.509249,-0.085341,-0.008495,0.479211,-0.873500,19.871387,112.893974,6.890439,0.026959,-0.168403,0.763106,-0.623364,8.804420,130.003174,8.868658,0.049319,0.899878,0.108545,0.419530,-8.535430,83.584251,13.830735,0.078509,0.943443,-0.026907,0.320978,-8.454543,49.609585,5.552324,0.011922,0.958150,0.075701,0.275818,-15.881956,5.325460,5.568989,-0.091670,0.921688,-0.062723,0.371690,4.019958,83.666306,26.224159,-0.033204,0.897853,-0.097971,0.427972,8.298543,49.560368,32.650318,-0.043872,0.933028,0.041864,0.354658,7.210408,5.618677,41.826077,0.011922,0.958150,0.075701,0.275818,-8.756119,1.491564,-6.367171,-0.043872,0.933028,0.041864,0.354658,16.558249,1.372599,31.700022
116,0.966667,0.014281,0.924181,-0.041015,0.379477,-2.191340,83.617607,20.017382,-0.006376,0.940625,0.018640,0.338875,-1.775253,90.823555,19.547421,-0.005044,0.945119,-0.030232,0.325285,-2.183083,107.369247,20.056543,-0.022235,0.964770,0.060608,0.255053,-1.999530,125.449203,18.961966,0.037412,0.976514,-0.111329,0.180630,-2.145358,139.234131,18.884129,0.024407,0.899290,0.041339,0.434711,-4.861767,120.003555,17.072279,0.201890,-0.655066,0.114417,-0.719054,-14.963047,121.302505,4.384401,0.044313,-0.186608,-0.511484,-0.837615,-12.371633,111.684181,-15.698795,-0.160202,-0.101291,0.737661,0.648022,-3.963907,129.038162,-23.090925,-0.089581,0.983131,0.015766,0.158684,0.700382,120.209610,21.408392,0.274253,0.767371,-0.022555,-0.579153,15.889658,122.993942,26.530764,-0.085361,-0.009397,0.478218,-0.874032,19.896517,112.972382,6.881947,0.028112,-0.169632,0.762202,-0.624085,8.790545,130.054474,8.889677,0.049253,0.899730,0.108577,0.419847,-8.468265,83.575859,13.819893,0.079201,0.943219,-0.027335,0.321432,-8.379341,49.601200,5.541501,0.012236,0.958156,0.075697,0.275785,-15.877250,5.328965,5.570688,-0.091432,0.921286,-0.063461,0.372619,4.085584,83.659348,26.214870,-0.032697,0.898431,-0.097822,0.426830,8.322978,49.556885,32.686581,-0.043916,0.933055,0.042108,0.354550,7.211388,5.609587,41.832588,0.012236,0.958156,0.075697,0.275785,-8.755058,1.492769,-6.366910,-0.043916,0.933055,0.042108,0.354550,16.557920,1.370131,31.702551
117,0.975000,0.013942,0.924190,-0.040582,0.379516,-2.120919,83.606674,20.007559,-0.006866,0.940665,0.019871,0.338684,-1.711707,90.813271,19.541538,-0.005236,0.945223,-0.029353,0.325060,-2.148450,107.355347,20.083532,-0.021992,0.965042,0.061911,0.253729,-1.982078,125.437126,19.016731,0.035457,0.977341,-0.108980,0.177961,-2.132816,139.222168,18.974390,0.024342,0.899401,0.042167,0.434405,-4.840279,119.991776,17.120119,0.201318,-0.655454,0.113823,-0.718955,-14.950289,121.300232,4.440184,0.043398,-0.186768,-0.511784,-0.837443,-12.375611,111.714874,-15.660914,-0.159208,-0.101551,0.738180,0.647634,-3.982112,129.084351,-23.039322,-0.090353,0.983151,0.016888,0.158003,0.723905,120.196259,21.453693,0.272806,0.767348,-0.021986,-0.579888,15.915685,122.999931,26.558048,-0.085136,-0.010361,0.477255,-0.874570,19.919830,113.042496,6.876110,0.029089,-0.171032,0.760851,-0.625307,8.776853,130.097488,8.910835,0.049126,0.899781,0.108620,0.419742,-8.397480,83.562286,13.809726,0.079975,0.942930,-0.027797,0.322047,-8.300243,49.587421,5.532298,0.011699,0.958167,0.075606,0.275796,-15.876448,5.328524,5.573125,-0.091150,0.921101,-0.064195,0.373019,4.155643,83.651062,26.205393,-0.032110,0.898998,-0.097769,0.425691,8.352784,49.551537,32.718723,-0.044118,0.933074,0.042631,0.354414,7.207538,5.599877,41.839600,0.011699,0.958167,0.075606,0.275796,-8.749385,1.493660,-6.361988,-0.044118,0.933074,0.042631,0.354414,16.554264,1.375786,31.703329
118,0.983333,0.013679,0.924224,-0.040131,0.379489,-2.052621,83.595665,19.997387,-0.007432,0.940715,0.021040,0.338464,-1.649415,90.802895,19.535919,-0.005478,0.945329,-0.028542,0.324819,-2.116735,107.341682,20.108019,-0.023066,0.965297,0.062632,0.252480,-1.968470,125.425079,19.066086,0.034284,0.978016,-0.106345,0.176068,-2.154890,139.209717,19.034643,0.024467,0.899517,0.043250,0.434051,-4.822432,119.979568,17.163521,0.201016,-0.655672,0.113287,-0.718925,-14.942253,121.306572,4.493340,0.042584,-0.187078,-0.512156,-0.837189,-12.374933,111.745544,-15.620296,-0.158168,-0.101522,0.738583,0.647434,-4.002109,129.127808,-22.990700,-0.091320,0.983124,0.017923,0.157502,0.743925,120.183472,21.494335,0.271401,0.767413,-0.021770,-0.580470,15.935123,123.012985,26.586145,-0.084819,-0.011214,0.476277,-0.875123,19.943274,113.108154,6.878503,0.030237,-0.172426,0.760188,-0.625675,8.762663,130.136398,8.934472,0.049156,0.899634,0.108672,0.420039,-8.329679,83.550026,13.800062,0.080596,0.942725,-0.028213,0.322456,-8.230086,49.576153,5.518580,0.011711,0.958221,0.075540,0.275624,-15.870500,5.328310,5.573238,-0.090867,0.920889,-0.064905,0.373490,4.224437,83.641304,26.194710,-0.031545,0.899625,-0.097692,0.424424,8.381308,49.544586,32.748432,-0.043980,0.933085,0.042906,0.354370,7.206298,5.588356,41.843468,0.011711,0.958221,0.075540,0.275624,-8.747889,1.491746,-6.363992,-0.043980,0.933085,0.042906,0.354370,16.551502,1.369848,31.703466
119,0.991667,0.013507,0.924266,-0.039621,0.379447,-1.989873,83.585030,19.988642,-0.007872,0.940744,0.022415,0.338284,-1.591778,90.792915,19.533022,-0.005797,0.945408,-0.027956,0.324637,-2.087872,107.322784,20.142817,-0.023606,0.965512,0.063713,0.251336,-1.957643,125.407242,19.117138,0.032986,0.978661,-0.104118,0.174052,-2.167855,139.191574,19.110073,0.024571,0.899595,0.043888,0.433819,-4.807103,119.960693,17.210855,0.200417,-0.656061,0.112562,-0.718851,-14.933332,121.299484,4.547036,0.041759,-0.187304,-0.512358,-0.837056,-12.381550,111.776306,-15.586514,-0.157231,-0.101616,0.739016,0.647154,-4.020995,129.168274,-22.946404,-0.091932,0.983160,0.018617,0.156839,0.760871,120.166100,21.539518,0.269842,0.767533,-0.021195,-0.581059,15.955207,123.012138,26.612736,-0.084763,-0.012226,0.475255,-0.875670,19.970522,113.173904,6.873219,0.031252,-0.173895,0.758874,-0.626812,8.751257,130.172379,8.961044,0.049218,0.899474,0.108695,0.420369,-8.267571,83.540054,13.791962,0.081157,0.942328,-0.028652,0.323436,-8.168138,49.566948,5.507322,0.011904,0.958212,0.075532,0.275649,-15.868406,5.329499,5.574695,-0.090758,0.920609,-0.065507,0.374099,4.287826,83.630005,26.185322,-0.030959,0.900270,-0.097682,0.423101,8.417420,49.537395,32.777542,-0.044146,0.933164,0.043066,0.354120,7.208806,5.577689,41.851357,0.011904,0.958212,0.075532,0.275649,-8.746956,1.491339,-6.362713,-0.044146,0.933164,0.043066,0.354120,16.550547,1.364838,31.705814
120,1.000000,0.013240,0.924321,-0.039130,0.379372,-1.923222,83.574989,19.983973,-0.008268,0.940772,0.023644,0.338112,-1.531434,90.783539,19.533400,-0.005975,0.945482,-0.027305,0.324472,-2.053428,107.309219,20.177029,-0.024279,0.965701,0.064998,0.250217,-1.937125,125.394913,19.171528,0.031612,0.979253,-0.102202,0.172104,-2.175985,139.178757,19.193424,0.024661,0.899649,0.044600,0.433629,-4.783231,119.948364,17.260239,0.199648,-0.656569,0.112229,-0.718653,-14.914667,121.299614,4.601906,0.040838,-0.187696,-0.512479,-0.836940,-12.389458,111.806252,-15.549071,-0.156261,-0.101869,0.739515,0.646778,-4.038514,129.209641,-22.903711,-0.092884,0.983148,0.019800,0.156209,0.786232,120.153091,21.587015,0.268607,0.767488,-0.020762,-0.581705,15.981256,123.023918,26.644171,-0.084437,-0.013203,0.474414,-0.876144,19.992676,113.239380,6.877176,0.032333,-0.175302,0.757723,-0.627757,8.741245,130.214371,8.991117,0.049139,0.899421,0.108878,0.420443,-8.202047,83.528992,13.788441,0.081897,0.942333,-0.029048,0.323200,-8.091506,49.558144,5.494711,0.012058,0.958215,0.075431,0.275661,-15.865275,5.333576,5.575863,-0.090529,0.920289,-0.066126,0.374833,4.355603,83.620987,26.179504,-0.030429,0.900744,-0.097617,0.422143,8.448834,49.531181,32.808788,-0.044101,0.933182,0.043476,0.354029,7.209574,5.567417,41.858799,0.012058,0.958215,0.075431,0.275661,-8.745249,1.491602,-6.361167,-0.044101,0.933182,0.043476,0.354029,16.549959,1.364525,31.707876
121,1.008333,0.012817,0.924414,-0.038420,0.379234,-1.849192,83.560532,19.981379,-0.009120,0.940821,0.024712,0.337880,-1.467006,90.770035,19.537905,-0.005960,0.945578,-0.026484,0.324261,-2.027408,107.297432,20.205507,-0.024492,0.965884,0.065884,0.249252,-1.920457,125.384727,19.228254,0.029943,0.979809,-0.100252,0.170375,-2.172626,139.168274,19.271797,0.024282,0.899584,0.045661,0.433675,-4.764785,119.939766,17.309778,0.199000,-0.657109,0.111685,-0.718424,-14.895516,121.294907,4.651296,0.039982,-0.188029,-0.512558,-0.836858,-12.396652,111.834442,-15.518429,-0.155191,-0.102088,0.739994,0.646453,-4.053588,129.246292,-22.866528,-0.093362,0.983176,0.020609,0.155643,0.806607,120.140480,21.634260,0.267300,0.767463,-0.020268,-0.582357,16.004482,123.022949,26.676208,-0.084271,-0.014199,0.473556,-0.876608,20.013281,113.295998,6.880292,0.033313,-0.176615,0.756261,-0.629100,8.729169,130.246658,9.024138,0.049415,0.899343,0.109050,0.420533,-8.130059,83.512512,13.787931,0.082448,0.942145,-0.029500,0.323567,-8.030876,49.546185,5.475553,0.012309,0.958194,0.075536,0.275694,-15.863980,5.332124,5.575783,-0.090275,0.920102,-0.066762,0.375240,4.431674,83.608551,26.174826,-0.029852,0.901194,-0.097587,0.421231,8.488791,49.521431,32.840038,-0.044092,0.933219,0.043916,0.353879,7.213126,5.554027,41.867229,0.012309,0.958194,0.075536,0.275694,-8.745118,1.491174,-6.362274,-0.044092,0.933219,0.043916,0.353879,16.551277,1.362232,31.709667
122,1.016667,0.012602,0.924536,-0.037910,0.378994,-1.789342,83.549988,19.978819,-0.009598,0.940881,0.025765,0.337620,-1.412943,90.760132,19.540865,-0.005933,0.945675,-0.025827,0.324030,-1.999920,107.288300,20.236202,-0.025375,0.966146,0.066964,0.247860,-1.900012,125.376846,19.281708,0.029226,0.980408,-0.098484,0.168066,-2.185313,139.159668,19.347248,0.023985,0.899656,0.046334,0.433472,-4.743340,119.933281,17.357803,0.199408,-0.657852,0.109857,-0.717913,-14.880279,121.288971,4.704355,0.039907,-0.187895,-0.512616,-0.836856,-12.407012,111.871246,-15.488508,-0.154217,-0.102179,0.740417,0.646188,-4.066214,129.281937,-22.828785,-0.093663,0.983182,0.021330,0.155322,0.830168,120.130562,21.679718,0.266019,0.767230,-0.020123,-0.583255,16.029457,123.019241,26.713839,-0.084206,-0.014869,0.473076,-0.876862,20.021963,113.342140,6.890218,0.034029,-0.178192,0.755469,-0.629568,8.718543,130.280441,9.055656,0.049564,0.899227,0.109253,0.420711,-8.073523,83.502052,13.788733,0.082906,0.942091,-0.029848,0.323573,-7.975995,49.539860,5.459465,0.013024,0.958212,0.075564,0.275591,-15.857577,5.334455,5.575608,-0.090103,0.919951,-0.067371,0.375542,4.494838,83.597923,26.168903,-0.029368,0.901736,-0.097521,0.420118,8.522561,49.514355,32.869995,-0.043956,0.933318,0.043895,0.353637,7.221468,5.543214,41.875355,0.013024,0.958212,0.075564,0.275591,-8.747617,1.489332,-6.366410,-0.043956,0.933318,0.043895,0.353637,16.553141,1.349301,31.712717
123,1.025000,0.012367,0.924655,-0.037377,0.378765,-1.729179,83.540474,19.977304,-0.010028,0.940929,0.026815,0.337392,-1.358954,90.751289,19.545099,-0.006372,0.945755,-0.025096,0.323847,-1.970960,107.280014,20.268545,-0.025047,0.966249,0.068087,0.247185,-1.894834,125.369713,19.333939,0.027623,0.980862,-0.096830,0.166646,-2.180145,139.152344,19.431379,0.024040,0.899621,0.046986,0.433471,-4.731952,119.924606,17.405256,0.196771,-0.657984,0.111636,-0.718244,-14.868834,121.291061,4.752916,0.038053,-0.188842,-0.512319,-0.836911,-12.421070,111.891052,-15.451304,-0.153581,-0.102209,0.741094,0.645558,-4.076210,129.318588,-22.790524,-0.093760,0.983243,0.022075,0.154775,0.843153,120.124329,21.724997,0.264688,0.767109,-0.020122,-0.584020,16.047373,123.012924,26.744261,-0.084415,-0.015670,0.472504,-0.877137,20.031530,113.382362,6.896304,0.034730,-0.179378,0.755013,-0.629741,8.706024,130.303879,9.092921,0.049570,0.899239,0.109426,0.420640,-8.016523,83.492455,13.790432,0.083479,0.942080,-0.030182,0.323429,-7.914850,49.532944,5.450291,0.012460,0.958249,0.075411,0.275529,-15.854168,5.337906,5.579089,-0.089926,0.919880,-0.068905,0.375481,4.558166,83.588493,26.164177,-0.028749,0.902341,-0.096798,0.419028,8.534045,49.517311,32.958572,-0.044140,0.933363,0.044572,0.353411,7.221116,5.530315,41.884430,0.012460,0.958249,0.075411,0.275529,-8.741031,1.492662,-6.360998,-0.044140,0.933363,0.044572,0.353411,16.551241,1.355512,31.712505
124,1.033333,0.012285,0.924781,-0.036992,0.378498,-1.675496,83.529808,19.977329,-0.010517,0.940988,0.027656,0.337143,-1.308597,90.741058,19.549707,-0.006462,0.945847,-0.024280,0.323638,-1.945044,107.268234,20.294062,-0.024115,0.966458,0.068955,0.246216,-1.881786,125.359360,19.386335,0.025674,0.981439,-0.095272,0.164445,-2.149623,139.142105,19.512796,0.024179,0.899656,0.047516,0.433333,-4.716071,119.915176,17.450888,0.196346,-0.658321,0.111152,-0.718127,-14.856622,121.293007,4.802722,0.037658,-0.189094,-0.512419,-0.836811,-12.423877,111.918724,-15.415265,-0.153068,-0.102313,0.741610,0.645071,-4.086007,129.352768,-22.755247,-0.094549,0.983245,0.023208,0.154112,0.860930,120.112297,21.768299,0.263721,0.766975,-0.020245,-0.584629,16.066971,123.020958,26.770428,-0.084321,-0.016499,0.471808,-0.877505,20.042158,113.421463,6.905626,0.034920,-0.181026,0.754321,-0.630087,8.690295,130.323135,9.128185,0.049560,0.899418,0.109683,0.420191,-7.966437,83.483215,13.794104,0.083971,0.942083,-0.030481,0.323265,-7.860663,49.527573,5.438279,0.012561,0.958265,0.075298,0.275500,-15.849888,5.341568,5.579347,-0.089788,0.920005,-0.069643,0.375071,4.615445,83.576393,26.160557,-0.028097,0.903037,-0.096643,0.417607,8.565831,49.510635,32.996895,-0.044297,0.933376,0.044798,0.353326,7.220023,5.517623,41.888138,0.012561,0.958265,0.075298,0.275500,-8.738713,1.492608,-6.360713,-0.044297,0.933376,0.044798,0.353326,16.550303,1.350165,31.713339
125,1.041667,0.012093,0.924918,-0.036529,0.378215,-1.619851,83.515671,19.975376,-0.010940,0.941037,0.028698,0.336908,-1.258182,90.727486,19.552778,-0.006538,0.945927,-0.023601,0.323455,-1.919391,107.255890,20.325167,-0.024252,0.966591,0.070009,0.245382,-1.866864,125.348152,19.439762,0.024271,0.981864,-0.093895,0.162906,-2.146745,139.130386,19.593035,0.024406,0.899782,0.048346,0.432966,-4.698826,119.904732,17.498753,0.195978,-0.658551,0.110688,-0.718089,-14.849375,121.300423,4.860571,0.037665,-0.189450,-0.512448,-0.836712,-12.425631,111.950150,-15.369604,-0.152630,-0.102769,0.742198,0.644426,-4.093214,129.385239,-22.722509,-0.095025,0.983247,0.023997,0.153686,0.879833,120.099724,21.814117,0.262570,0.766746,-0.020313,-0.585444,16.087206,123.020004,26.805418,-0.084298,-0.017123,0.471197,-0.877823,20.046755,113.460251,6.918348,0.035167,-0.182463,0.753844,-0.630229,8.672636,130.343262,9.160895,0.049705,0.899479,0.109849,0.420000,-7.914662,83.469254,13.796091,0.084355,0.941966,-0.030804,0.323473,-7.814761,49.517162,5.425756,0.012731,0.958275,0.075355,0.275441,-15.845511,5.338737,5.581115,-0.089549,0.920032,-0.070283,0.374942,4.674960,83.562080,26.154661,-0.027622,0.903463,-0.096557,0.416736,8.593990,49.499592,33.025246,-0.044406,0.933410,0.045067,0.353190,7.221513,5.502701,41.893208,0.012731,0.958275,0.075355,0.275441,-8.737127,1.490183,-6.360734,-0.044406,0.933410,0.045067,0.353190,16.550497,1.343178,31.713978
126,1.050000,0.011740,0.925015,-0.036192,0.378020,-1.566092,83.509155,19.975199,-0.011132,0.941083,0.029776,0.336679,-1.211071,90.721451,19.555088,-0.006678,0.946012,-0.023040,0.323244,-1.889900,107.243492,20.358845,-0.025683,0.966678,0.070882,0.244641,-1.848964,125.336632,19.491024,0.023591,0.982173,-0.092184,0.162117,-2.174048,139.117737,19.657602,0.024549,0.899872,0.048850,0.432714,-4.678472,119.893356,17.546041,0.195405,-0.658757,0.110300,-0.718116,-14.835882,121.300003,4.914586,0.037570,-0.189775,-0.512613,-0.836542,-12.420421,111.977211,-15.329264,-0.152381,-0.103519,0.742603,0.643897,-4.099358,129.416183,-22.690937,-0.095300,0.983246,0.024694,0.153412,0.902086,120.087601,21.858988,0.261813,0.766382,-0.019837,-0.586275,16.110506,123.013374,26.843870,-0.084206,-0.017829,0.470793,-0.878035,20.044180,113.495705,6.931501,0.035213,-0.183682,0.753520,-0.630261,8.654835,130.366852,9.196514,0.049723,0.899600,0.110049,0.419686,-7.863645,83.459381,13.798732,0.084804,0.941885,-0.031123,0.323562,-7.761879,49.510490,5.415441,0.012957,0.958311,0.075337,0.275312,-15.839511,5.340660,5.583815,-0.089363,0.920065,-0.070913,0.374788,4.731462,83.558945,26.151667,-0.027181,0.904124,-0.096469,0.415350,8.622956,49.500336,33.057083,-0.044412,0.933554,0.045086,0.352807,7.231589,5.499771,41.903824,0.012957,0.958311,0.075337,0.275312,-8.736366,1.490133,-6.360519,-0.044412,0.933554,0.045086,0.352807,16.552437,1.340514,31.717035
127,1.058333,0.011357,0.925144,-0.035665,0.377767,-1.510528,83.500000,19.975706,-0.011627,0.941140,0.030666,0.336422,-1.163626,90.712967,19.560452,-0.006707,0.946105,-0.022278,0.323023,-1.867601,107.233498,20.386631,-0.024984,0.966848,0.071642,0.243821,-1.836770,125.327888,19.544567,0.021972,0.982621,-0.090900,0.160346,-2.149524,139.108948,19.735777,0.024845,0.899841,0.049652,0.432671,-4.664319,119.885872,17.593218,0.196745,-0.659298,0.108125,-0.717584,-14.822474,121.312378,4.964590,0.038817,-0.189245,-0.512916,-0.836419,-12.417685,112.017799,-15.293505,-0.152428,-0.104437,0.742985,0.643298,-4.104910,129.447891,-22.659510,-0.095326,0.983274,0.025313,0.153114,0.918250,120.076958,21.903702,0.260814,0.766114,-0.019364,-0.587087,16.129477,123.000824,26.881134,-0.084107,-0.018453,0.470308,-0.878292,20.043888,113.532318,6.941546,0.035544,-0.184950,0.752655,-0.630904,8.636492,130.389267,9.225684,0.049741,0.899845,0.110262,0.419103,-7.811616,83.447670,13.802868,0.085289,0.941809,-0.031446,0.323624,-7.710058,49.502201,5.405761,0.012908,0.958334,0.075317,0.275238,-15.837677,5.341592,5.586713,-0.089238,0.920146,-0.071448,0.374516,4.790561,83.552322,26.148546,-0.026548,0.904674,-0.096462,0.414192,8.661877,49.497490,33.083828,-0.044487,0.933561,0.045313,0.352749,7.230707,5.493736,41.908340,0.012908,0.958334,0.075317,0.275238,-8.735917,1.490942,-6.358401,-0.044487,0.933561,0.045313,0.352749,16.551544,1.341059,31.718863
128,1.066667,0.010997,0.925284,-0.035031,0.377494,-1.457261,83.491791,19.973537,-0.012061,0.941237,0.031577,0.336052,-1.118762,90.705528,19.564684,-0.006602,0.946248,-0.021652,0.322650,-1.846193,107.226768,20.414812,-0.025451,0.966979,0.072479,0.243003,-1.819414,125.322189,19.595383,0.020910,0.982966,-0.089408,0.159210,-2.151424,139.102524,19.805462,0.024932,0.899844,0.050256,0.432590,-4.647509,119.882095,17.639484,0.196590,-0.659540,0.107509,-0.717496,-14.807802,121.319519,5.013816,0.039189,-0.189249,-0.513130,-0.836269,-12.411398,112.047646,-15.255668,-0.152569,-0.105484,0.743395,0.642620,-4.107014,129.480606,-22.629536,-0.095624,0.983265,0.026086,0.152858,0.938474,120.068832,21.945734,0.260354,0.765748,-0.018833,-0.587785,16.150394,122.998581,26.917595,-0.083679,-0.019069,0.469961,-0.878505,20.038780,113.563522,6.957066,0.035842,-0.185941,0.752124,-0.631230,8.619415,130.409653,9.254015,0.049869,0.900056,0.110358,0.418609,-7.762133,83.438004,13.804576,0.085631,0.941711,-0.031706,0.323793,-7.670341,49.494900,5.397782,0.013074,0.958336,0.075422,0.275197,-15.834200,5.341023,5.589126,-0.089105,0.920258,-0.071960,0.374175,4.847611,83.545578,26.142498,-0.025992,0.905239,-0.096520,0.412978,8.699386,49.494217,33.105656,-0.044254,0.933587,0.045651,0.352666,7.232736,5.488840,41.916237,0.013074,0.958336,0.075422,0.275197,-8.734650,1.492065,-6.357850,-0.044254,0.933587,0.045651,0.352666,16.550476,1.342371,31.721395
129,1.075000,0.010760,0.925426,-0.034587,0.377194,-1.411627,83.482445,19.973269,-0.012375,0.941276,0.032482,0.335843,-1.078842,90.696701,19.568947,-0.006575,0.946313,-0.021048,0.322499,-1.825992,107.217476,20.444021,-0.026033,0.967094,0.073296,0.242236,-1.805485,125.313858,19.645605,0.020085,0.983288,-0.088228,0.157975,-2.159605,139.093353,19.873297,0.024966,0.899835,0.050910,0.432529,-4.632433,119.875099,17.684338,0.196246,-0.659746,0.107010,-0.717476,-14.794368,121.322609,5.061144,0.039564,-0.189170,-0.513350,-0.836135,-12.405330,112.075218,-15.220388,-0.152998,-0.106523,0.743933,0.641723,-4.106659,129.515015,-22.600893,-0.095679,0.983329,0.026663,0.152314,0.954932,120.058678,21.988926,0.259764,0.765347,-0.018383,-0.588582,16.171915,122.987984,26.945526,-0.083520,-0.019743,0.469628,-0.878683,20.031994,113.589073,6.962469,0.035952,-0.186878,0.751795,-0.631338,8.600848,130.424591,9.279661,0.049896,0.900284,0.110544,0.418066,-7.720572,83.427963,13.808481,0.085998,0.941747,-0.031919,0.323571,-7.630041,49.487911,5.389367,0.012987,0.958362,0.075392,0.275118,-15.830750,5.340904,5.589919,-0.088937,0.920251,-0.072282,0.374170,4.897319,83.536926,26.138056,-0.025593,0.905521,-0.096595,0.412367,8.729794,49.486713,33.117466,-0.044248,0.933622,0.045858,0.352546,7.233809,5.480793,41.920406,0.012987,0.958362,0.075392,0.275118,-8.732403,1.491834,-6.357732,-0.044248,0.933622,0.045858,0.352546,16.549412,1.339484,31.721514
130,1.083333,0.010563,0.925548,-0.034230,0.376932,-1.371667,83.473373,19.973560,-0.012527,0.941342,0.033317,0.335571,-1.043587,90.688042,19.572838,-0.006620,0.946414,-0.020381,0.322244,-1.804271,107.202057,20.472151,-0.025724,0.967284,0.073582,0.241425,-1.793321,125.299408,19.696058,0.018895,0.983677,-0.086873,0.156450,-2.142200,139.078873,19.933077,0.025362,0.899797,0.051320,0.432537,-4.618626,119.861649,17.729660,0.195820,-0.659910,0.106683,-0.717490,-14.779700,121.326515,5.107775,0.040014,-0.189167,-0.513560,-0.835985,-12.397229,112.100754,-15.184377,-0.153469,-0.107878,0.744333,0.640920,-4.105417,129.545288,-22.575310,-0.096079,0.983333,0.027427,0.151897,0.971052,120.042740,22.031351,0.259259,0.764972,-0.018092,-0.589300,16.189667,122.981430,26.977369,-0.083122,-0.020288,0.469355,-0.878855,20.023575,113.611290,6.975767,0.036309,-0.187972,0.751354,-0.631519,8.583381,130.437881,9.303987,0.049882,0.900509,0.110707,0.417541,-7.684175,83.418221,13.812428,0.086332,0.941752,-0.032109,0.323448,-7.592856,49.480587,5.383566,0.013096,0.958372,0.075397,0.275075,-15.827039,5.339837,5.591440,-0.088830,0.920216,-0.072490,0.374242,4.940841,83.528526,26.134697,-0.025159,0.905876,-0.096687,0.411592,8.760401,49.479092,33.124985,-0.044399,0.933623,0.045965,0.352511,7.233282,5.472785,41.920616,0.013096,0.958372,0.075397,0.275075,-8.730710,1.490170,-6.357220,-0.044399,0.933623,0.045965,0.352511,16.549747,1.335779,31.720766
131,1.091667,0.010400,0.925697,-0.033840,0.376604,-1.331897,83.461693,19.973270,-0.012828,0.941399,0.034149,0.335318,-1.008267,90.676796,19.576761,-0.006491,0.946497,-0.019842,0.322038,-1.787418,107.190765,20.498943,-0.025546,0.967383,0.074384,0.240799,-1.778503,125.288963,19.742846,0.017584,0.983977,-0.085862,0.155267,-2.128864,139.067993,20.002226,0.025511,0.899792,0.051733,0.432489,-4.604177,119.853119,17.771694,0.193941,-0.659788,0.107941,-0.717924,-14.766351,121.328079,5.151862,0.039607,-0.189647,-0.513628,-0.835854,-12.388787,112.116386,-15.147267,-0.153943,-0.109490,0.744682,0.640127,-4.100932,129.576523,-22.550995,-0.096155,0.983362,0.028295,0.151502,0.987401,120.029984,22.071098,0.258760,0.764538,-0.017675,-0.590096,16.209446,122.967270,27.007406,-0.082684,-0.020880,0.469197,-0.878966,20.012880,113.629700,6.984764,0.036785,-0.189266,0.751007,-0.631517,8.568146,130.450287,9.325324,0.049836,0.900693,0.110977,0.417077,-7.648826,83.406693,13.816661,0.086720,0.941990,-0.032287,0.322632,-7.550988,49.472939,5.372267,0.013231,0.958394,0.075352,0.275007,-15.822628,5.339247,5.591003,-0.088739,0.920319,-0.072710,0.373969,4.985030,83.516685,26.129881,-0.024715,0.906248,-0.096838,0.410763,8.794991,49.468361,33.130791,-0.044623,0.933650,0.046036,0.352402,7.234177,5.462691,41.923725,0.013231,0.958394,0.075352,0.275007,-8.729290,1.487478,-6.358762,-0.044623,0.933650,0.046036,0.352402,16.550499,1.329724,31.722099
132,1.100000,0.010189,0.925828,-0.033464,0.376322,-1.295482,83.453568,19.977221,-0.013046,0.941474,0.034890,0.335022,-0.976833,90.669098,19.584496,-0.006486,0.946603,-0.019288,0.321758,-1.770740,107.182442,20.527653,-0.025599,0.967468,0.075068,0.240238,-1.768326,125.281433,19.790586,0.016613,0.984212,-0.084917,0.154400,-2.125414,139.059952,20.067690,0.025685,0.899742,0.052226,0.432525,-4.593377,119.846710,17.815432,0.193733,-0.659894,0.107354,-0.717972,-14.754259,121.333733,5.195987,0.040369,-0.189356,-0.513921,-0.835703,-12.377261,112.145981,-15.114043,-0.154706,-0.111115,0.745036,0.639250,-4.095928,129.610367,-22.524399,-0.096025,0.983425,0.028837,0.151069,1.000742,120.020927,22.111629,0.258289,0.763987,-0.017332,-0.591025,16.227848,122.952011,27.035976,-0.082495,-0.021386,0.469394,-0.878867,19.993025,113.645317,6.991747,0.037267,-0.190411,0.750917,-0.631251,8.556340,130.470139,9.347566,0.049760,0.900981,0.111222,0.416399,-7.616232,83.397827,13.824553,0.087112,0.941990,-0.032478,0.322509,-7.512776,49.467339,5.367099,0.013230,0.958397,0.075265,0.275018,-15.822753,5.340877,5.591541,-0.088602,0.920357,-0.072802,0.373890,5.025269,83.509308,26.129890,-0.024365,0.906443,-0.096982,0.410319,8.824683,49.460224,33.132828,-0.044584,0.933645,0.046215,0.352396,7.234396,5.455518,41.925285,0.013230,0.958397,0.075265,0.275018,-8.729390,1.486786,-6.357450,-0.044584,0.933645,0.046215,0.352396,16.550642,1.326750,31.721905
133,1.108333,0.009950,0.925934,-0.033011,0.376108,-1.259874,83.445755,19.978371,-0.013163,0.941538,0.035680,0.334754,-0.946983,90.661789,19.590326,-0.006437,0.946705,-0.018777,0.321489,-1.752955,107.171867,20.556931,-0.025817,0.967607,0.075578,0.239494,-1.755045,125.271584,19.837965,0.015895,0.984485,-0.084025,0.153221,-2.122328,139.049591,20.126957,0.025943,0.899604,0.053128,0.432685,-4.580015,119.838211,17.859013,0.193303,-0.660013,0.107135,-0.718010,-14.735940,121.345650,5.237998,0.040918,-0.189172,-0.514127,-0.835592,-12.363919,112.176453,-15.080998,-0.155463,-0.112616,0.745329,0.638462,-4.087175,129.644348,-22.497303,-0.096059,0.983458,0.029577,0.150690,1.016551,120.009384,22.152143,0.257904,0.763462,-0.016971,-0.591881,16.247171,122.938385,27.066851,-0.082119,-0.021827,0.469555,-0.878805,19.975830,113.659821,7.002762,0.037914,-0.191409,0.750633,-0.631249,8.546097,130.488113,9.367751,0.049728,0.901181,0.111399,0.415920,-7.583558,83.389252,13.828720,0.087442,0.941924,-0.032681,0.322591,-7.477339,49.461304,5.361134,0.013398,0.958386,0.075334,0.275032,-15.820792,5.341187,5.592366,-0.088607,0.920333,-0.073465,0.373816,5.063810,83.502251,26.128017,-0.023914,0.906763,-0.096720,0.409699,8.846432,49.460003,33.173153,-0.044482,0.933654,0.046541,0.352342,7.235149,5.448792,41.929169,0.013398,0.958386,0.075334,0.275032,-8.728436,1.487742,-6.357433,-0.044482,0.933654,0.046541,0.352342,16.550097,1.327316,31.721657
134,1.116667,0.009740,0.926046,-0.032549,0.375879,-1.226619,83.439568,19.983084,-0.013297,0.941619,0.036374,0.334447,-0.919146,90.656105,19.600000,-0.006332,0.946824,-0.018294,0.321169,-1.736735,107.165932,20.587070,-0.026052,0.967735,0.076038,0.238808,-1.741085,125.266350,19.885891,0.015186,0.984712,-0.083307,0.152224,-2.118605,139.043854,20.185379,0.025919,0.899481,0.053881,0.432850,-4.566880,119.834641,17.903536,0.192880,-0.660135,0.106695,-0.718078,-14.718201,121.352150,5.280024,0.041505,-0.188879,-0.514328,-0.835505,-12.349147,112.208237,-15.050708,-0.156054,-0.114354,0.745660,0.637622,-4.075638,129.678802,-22.469744,-0.096161,0.983507,0.030420,0.150138,1.032611,120.002151,22.192997,0.257764,0.762816,-0.016623,-0.592784,16.268005,122.930946,27.093014,-0.081648,-0.022369,0.469974,-0.878611,19.951921,113.673233,7.011038,0.038792,-0.192358,0.750793,-0.630716,8.538166,130.513184,9.387918,0.049701,0.901380,0.111586,0.415443,-7.553408,83.382858,13.836628,0.087728,0.941594,-0.032953,0.323447,-7.444432,49.457645,5.358129,0.013364,0.958397,0.075290,0.275007,-15.819934,5.343649,5.596411,-0.088644,0.920444,-0.073502,0.373527,5.100168,83.496284,26.129538,-0.023451,0.907088,-0.096934,0.408956,8.886397,49.454880,33.176815,-0.044373,0.933668,0.046735,0.352295,7.236730,5.445418,41.934456,0.013364,0.958397,0.075290,0.275007,-8.727989,1.489299,-6.353338,-0.044373,0.933668,0.046735,0.352295,16.550137,1.327774,31.723988
135,1.125000,0.009514,0.926160,-0.032087,0.375643,-1.196196,83.431732,19.985521,-0.013581,0.941695,0.037114,0.334139,-0.894361,90.648766,19.607309,-0.006030,0.946945,-0.017764,0.320849,-1.728758,107.158638,20.614687,-0.026093,0.967910,0.076263,0.238022,-1.729138,125.259872,19.935190,0.014554,0.984975,-0.082569,0.150977,-2.110265,139.037170,20.240070,0.026124,0.899306,0.054516,0.433122,-4.557614,119.831238,17.948250,0.192350,-0.660082,0.106559,-0.718289,-14.700934,121.364021,5.320145,0.042078,-0.188622,-0.514601,-0.835366,-12.327450,112.239609,-15.018845,-0.156843,-0.115951,0.746179,0.636532,-4.059866,129.716248,-22.442095,-0.096072,0.983579,0.031052,0.149595,1.044832,119.992241,22.234104,0.257573,0.762150,-0.016211,-0.593734,16.286074,122.915909,27.118992,-0.081392,-0.022747,0.470482,-0.878354,19.923874,113.682686,7.017340,0.039303,-0.193297,0.750534,-0.630706,8.529543,130.536133,9.404528,0.049616,0.901578,0.111827,0.414959,-7.526191,83.374535,13.842370,0.088069,0.941871,-0.033058,0.322537,-7.409314,49.452488,5.351312,0.013428,0.958422,0.075296,0.274914,-15.816200,5.344498,5.596526,-0.088678,0.920605,-0.073462,0.373131,5.133797,83.488930,26.128670,-0.022988,0.907549,-0.097234,0.407888,8.926237,49.447529,33.172642,-0.044587,0.933723,0.046746,0.352120,7.238089,5.441365,41.939526,0.013428,0.958422,0.075296,0.274914,-8.727072,1.489935,-6.354831,-0.044587,0.933723,0.046746,0.352120,16.549686,1.326092,31.726444
136,1.133333,0.009143,0.926296,-0.031543,0.375363,-1.159558,83.420227,19.987103,-0.013967,0.941768,0.037848,0.333835,-0.865754,90.637863,19.614063,-0.005753,0.947053,-0.017345,0.320556,-1.720272,107.151398,20.640656,-0.026268,0.968034,0.076625,0.237380,-1.716241,125.253296,19.978754,0.013902,0.985184,-0.081909,0.150031,-2.105282,139.030167,20.291931,0.026417,0.899163,0.055186,0.433316,-4.547393,119.827339,17.988291,0.192204,-0.660175,0.106007,-0.718324,-14.684731,121.378372,5.357614,0.042945,-0.188071,-0.514773,-0.835340,-12.311520,112.275101,-14.990870,-0.157824,-0.117450,0.746597,0.635523,-4.042652,129.751358,-22.413652,-0.096296,0.983597,0.031697,0.149199,1.057743,119.982681,22.270830,0.257573,0.761501,-0.015952,-0.594573,16.301432,122.910835,27.145374,-0.081033,-0.022928,0.471025,-0.878091,19.894520,113.691399,7.029353,0.039619,-0.194164,0.750307,-0.630690,8.522186,130.557953,9.417553,0.049766,0.901716,0.112007,0.414591,-7.493388,83.360756,13.847929,0.088296,0.941529,-0.033358,0.323441,-7.384094,49.442577,5.341332,0.013453,0.958391,0.075416,0.274987,-15.818853,5.339968,5.597191,-0.088491,0.920730,-0.073510,0.372857,5.174271,83.479706,26.126274,-0.022655,0.907652,-0.097425,0.407631,8.955663,49.436485,33.167397,-0.044612,0.933670,0.047023,0.352219,7.235863,5.432296,41.938049,0.013453,0.958391,0.075416,0.274987,-8.727818,1.488407,-6.354000,-0.044612,0.933670,0.047023,0.352219,16.550468,1.324458,31.724722
137,1.141667,0.009022,0.926446,-0.031234,0.375022,-1.133416,83.409882,19.992889,-0.014233,0.941842,0.038521,0.333537,-0.843046,90.627823,19.623219,-0.005430,0.947156,-0.016923,0.320282,-1.713198,107.143784,20.668386,-0.025971,0.968199,0.076813,0.236675,-1.703172,125.246338,20.024693,0.013038,0.985417,-0.081561,0.148763,-2.086412,139.023224,20.344524,0.026787,0.898951,0.055697,0.433667,-4.537388,119.823387,18.030411,0.191640,-0.660119,0.106044,-0.718521,-14.664191,121.392883,5.393569,0.043512,-0.187675,-0.515100,-0.835198,-12.287999,112.304672,-14.961304,-0.158918,-0.119135,0.747024,0.634434,-4.024588,129.790527,-22.384104,-0.096573,0.983639,0.032268,0.148619,1.070282,119.972443,22.309858,0.257835,0.760640,-0.015831,-0.595565,16.317852,122.907410,27.168131,-0.080571,-0.023112,0.471933,-0.877641,19.851978,113.691505,7.040051,0.039991,-0.195180,0.749982,-0.630740,8.514833,130.582199,9.428588,0.049625,0.901875,0.112352,0.414169,-7.471793,83.350685,13.858409,0.088678,0.941865,-0.033436,0.322350,-7.347486,49.436932,5.334398,0.013256,0.958426,0.075277,0.274915,-15.816209,5.340862,5.595490,-0.088438,0.920757,-0.073432,0.372817,5.204961,83.469078,26.127369,-0.022303,0.907890,-0.097629,0.407071,8.985316,49.424397,33.161987,-0.044945,0.933664,0.047052,0.352190,7.234755,5.422348,41.937325,0.013256,0.958426,0.075277,0.274915,-8.725553,1.486986,-6.355181,-0.044945,0.933664,0.047052,0.352190,16.551798,1.318673,31.724545
138,1.150000,0.008893,0.926598,-0.030761,0.374687,-1.108470,83.401718,19.996592,-0.014311,0.941930,0.039181,0.333209,-0.822522,90.620125,19.632460,-0.005338,0.947268,-0.016597,0.319967,-1.702260,107.138916,20.697918,-0.025030,0.968368,0.077042,0.236011,-1.693072,125.241898,20.066467,0.011979,0.985659,-0.081340,0.147368,-2.053485,139.019119,20.398304,0.027209,0.898686,0.056240,0.434119,-4.528500,119.820236,18.070415,0.191183,-0.660024,0.106124,-0.718718,-14.641791,121.410355,5.425331,0.044201,-0.187081,-0.515449,-0.835081,-12.260719,112.332954,-14.933785,-0.160187,-0.120960,0.747475,0.633238,-3.999770,129.830795,-22.353264,-0.096418,0.983712,0.032626,0.148158,1.082029,119.966530,22.346207,0.257979,0.759727,-0.015632,-0.596672,16.335032,122.895523,27.191023,-0.080700,-0.023005,0.473024,-0.877044,19.806646,113.689789,7.047416,0.039713,-0.195642,0.750110,-0.630462,8.510010,130.610672,9.437962,0.049579,0.902026,0.112560,0.413790,-7.451317,83.343765,13.866722,0.088937,0.941900,-0.033541,0.322164,-7.321595,49.432972,5.330999,0.013470,0.958415,0.075256,0.274947,-15.815009,5.341667,5.594976,-0.088386,0.920716,-0.073297,0.372957,5.234378,83.459679,26.126463,-0.022060,0.907906,-0.097875,0.406989,9.013926,49.412975,33.151672,-0.044902,0.933663,0.047266,0.352170,7.235233,5.414292,41.938202,0.013470,0.958415,0.075256,0.274947,-8.725576,1.485720,-6.355751,-0.044902,0.933663,0.047266,0.352170,16.551971,1.315672,31.723112
139,1.158333,0.008684,0.926750,-0.030139,0.374368,-1.085224,83.394196,20.000114,-0.014434,0.942013,0.039692,0.332908,-0.805568,90.613197,19.643078,-0.005086,0.947373,-0.016274,0.319677,-1.694759,107.136726,20.723808,-0.025326,0.968521,0.077038,0.235352,-1.680829,125.240181,20.106354,0.011490,0.985829,-0.081025,0.146439,-2.049968,139.017227,20.435839,0.027591,0.898466,0.056758,0.434485,-4.519011,119.820869,18.107841,0.191063,-0.659801,0.105979,-0.718975,-14.621294,121.429932,5.456360,0.044887,-0.186645,-0.515924,-0.834848,-12.225692,112.361435,-14.905019,-0.160919,-0.122735,0.747852,0.632265,-3.975415,129.872421,-22.325792,-0.096366,0.983765,0.033363,0.147669,1.094170,119.962273,22.380314,0.258200,0.758787,-0.015282,-0.597781,16.352196,122.886749,27.212006,-0.080882,-0.022801,0.474117,-0.876442,19.759317,113.693001,7.051929,0.039048,-0.196087,0.750168,-0.630296,8.502044,130.646042,9.442292,0.049664,0.902051,0.112825,0.413652,-7.432351,83.337120,13.874668,0.089090,0.941835,-0.033762,0.322288,-7.301511,49.431087,5.320112,0.013467,0.958435,0.075246,0.274880,-15.814111,5.343571,5.597198,-0.088323,0.920700,-0.073171,0.373036,5.261902,83.451263,26.125559,-0.021855,0.907825,-0.098104,0.407125,9.040207,49.402496,33.141430,-0.044922,0.933635,0.047502,0.352208,7.235085,5.407044,41.938705,0.013467,0.958435,0.075246,0.274880,-8.726301,1.487421,-6.354422,-0.044922,0.933635,0.047502,0.352208,16.553371,1.314714,31.722515
140,1.166667,0.008478,0.926901,-0.029692,0.374033,-1.068246,83.389977,20.009911,-0.014471,0.942097,0.039931,0.332642,-0.793899,90.609421,19.657652,-0.004685,0.947470,-0.015707,0.319423,-1.687209,107.144073,20.746445,-0.025627,0.968703,0.077098,0.234551,-1.666252,125.248322,20.153088,0.011062,0.986017,-0.081044,0.145187,-2.044864,139.025131,20.481873,0.027719,0.898197,0.057098,0.434988,-4.507707,119.832825,18.148884,0.190728,-0.659635,0.106020,-0.719211,-14.595530,121.451149,5.487049,0.045380,-0.186339,-0.516305,-0.834654,-12.190468,112.391571,-14.877181,-0.161615,-0.124343,0.748142,0.631429,-3.949334,129.913483,-22.299286,-0.096025,0.983858,0.033886,0.147158,1.107820,119.966270,22.418531,0.258601,0.757657,-0.015013,-0.599046,16.372889,122.878174,27.235550,-0.080988,-0.022485,0.475414,-0.875738,19.702833,113.690231,7.059935,0.038237,-0.196452,0.750579,-0.629742,8.493813,130.679504,9.445025,0.049564,0.902216,0.113037,0.413247,-7.419863,83.332687,13.889124,0.089314,0.941610,-0.033873,0.322872,-7.280357,49.429306,5.324181,0.013367,0.958433,0.075221,0.274900,-15.815028,5.346036,5.598840,-0.088384,0.920723,-0.072915,0.373016,5.283372,83.447258,26.130697,-0.021603,0.907733,-0.098379,0.407278,9.072478,49.396614,33.131645,-0.044946,0.933641,0.047681,0.352165,7.235274,5.405009,41.941547,0.013367,0.958433,0.075221,0.274900,-8.725904,1.489896,-6.352007,-0.044946,0.933641,0.047681,0.352165,16.553263,1.317495,31.723154
141,1.175000,0.008206,0.927101,-0.029033,0.373595,-1.049807,83.383232,20.017952,-0.014582,0.942213,0.040460,0.332241,-0.782838,90.603294,19.672918,-0.004374,0.947605,-0.015472,0.319039,-1.685310,107.142387,20.777771,-0.025404,0.968908,0.076904,0.233790,-1.656654,125.247017,20.196072,0.010433,0.986205,-0.081020,0.143965,-2.029011,139.024094,20.520748,0.028101,0.897848,0.057356,0.435648,-4.502169,119.834091,18.190668,0.190283,-0.659303,0.106129,-0.719617,-14.570599,121.468124,5.515422,0.045604,-0.186238,-0.516767,-0.834379,-12.146919,112.419067,-14.851287,-0.162018,-0.125577,0.748479,0.630681,-3.921771,129.954208,-22.275463,-0.095848,0.983953,0.034090,0.146588,1.116856,119.962242,22.455873,0.258837,0.756485,-0.015081,-0.600421,16.388481,122.868431,27.255541,-0.081298,-0.021999,0.476906,-0.874910,19.638983,113.683304,7.065685,0.037405,-0.196939,0.750951,-0.629197,8.485860,130.713516,9.443995,0.049553,0.902339,0.113318,0.412902,-7.407285,83.326096,13.903250,0.089510,0.941617,-0.033984,0.322785,-7.262146,49.427097,5.321068,0.013377,0.958422,0.075224,0.274936,-15.816484,5.347669,5.600162,-0.088431,0.920878,-0.072673,0.372670,5.307672,83.440369,26.132656,-0.021377,0.907613,-0.098724,0.407475,9.108862,49.387848,33.117897,-0.045165,0.933682,0.047740,0.352021,7.238636,5.401495,41.947029,0.013377,0.958422,0.075224,0.274936,-8.726575,1.491524,-6.350219,-0.045165,0.933682,0.047740,0.352021,16.555613,1.317645,31.726254
142,1.183333,0.008125,0.927305,-0.028544,0.373128,-1.040400,83.376434,20.027155,-0.014915,0.942375,0.041257,0.331671,-0.777335,90.596931,19.688101,-0.003896,0.947801,-0.015833,0.318446,-1.697824,107.124733,20.814106,-0.025026,0.969150,0.076819,0.232853,-1.648939,125.229095,20.225519,0.009921,0.986426,-0.080909,0.142549,-2.011842,139.006424,20.549921,0.029053,0.897495,0.057687,0.436269,-4.503185,119.818710,18.225674,0.191895,-0.659174,0.104070,-0.719608,-14.552223,121.486076,5.539377,0.047139,-0.185284,-0.517430,-0.834095,-12.101521,112.456955,-14.832947,-0.162276,-0.126906,0.748889,0.629862,-3.892668,129.993683,-22.253866,-0.095997,0.984010,0.034235,0.146072,1.121240,119.941963,22.483900,0.259024,0.755377,-0.015091,-0.601735,16.396839,122.853004,27.267960,-0.081776,-0.021503,0.478404,-0.874060,19.572178,113.673256,7.063708,0.036371,-0.197543,0.751518,-0.628390,8.474442,130.745377,9.438365,0.049401,0.902517,0.113675,0.412434,-7.404047,83.321457,13.918850,0.089695,0.941943,-0.033963,0.321782,-7.243318,49.427063,5.318782,0.013285,0.958481,0.075142,0.274757,-15.812248,5.350476,5.599778,-0.088513,0.921005,-0.072362,0.372396,5.323246,83.431419,26.135460,-0.021088,0.907715,-0.099055,0.407181,9.139959,49.376755,33.101780,-0.045096,0.933672,0.047919,0.352032,7.236869,5.395177,41.947666,0.013285,0.958481,0.075142,0.274757,-8.726074,1.492913,-6.352365,-0.045096,0.933672,0.047919,0.352032,16.553888,1.315238,31.725359
143,1.191667,0.008097,0.927534,-0.028179,0.372586,-1.038631,83.370674,20.040461,-0.014724,0.942514,0.041762,0.331220,-0.778102,90.591469,19.705986,-0.003831,0.947942,-0.015795,0.318028,-1.698106,107.126823,20.850920,-0.024218,0.969389,0.076457,0.232062,-1.647678,125.231239,20.264370,0.009233,0.986628,-0.081097,0.141078,-1.987619,139.009277,20.583839,0.029828,0.897228,0.057455,0.436797,-4.504298,119.821419,18.266413,0.191972,-0.658730,0.103747,-0.720040,-14.536839,121.508896,5.569731,0.047679,-0.185205,-0.517725,-0.833899,-12.056925,112.489746,-14.803469,-0.162086,-0.127901,0.749392,0.629112,-3.859117,130.029312,-22.232660,-0.095486,0.984146,0.034585,0.145406,1.123883,119.943535,22.519705,0.259343,0.754393,-0.014706,-0.602841,16.408985,122.837723,27.283583,-0.081716,-0.021155,0.479592,-0.873422,19.517189,113.668274,7.064222,0.035835,-0.198144,0.751936,-0.627732,8.465265,130.772125,9.428698,0.049248,0.902698,0.114062,0.411948,-7.409422,83.317932,13.939590,0.089815,0.941689,-0.034082,0.322480,-7.232345,49.428658,5.319708,0.013491,0.958454,0.075045,0.274868,-15.814951,5.354735,5.600921,-0.088654,0.921147,-0.071960,0.372089,5.332160,83.423409,26.141327,-0.020783,0.907865,-0.099381,0.406784,9.170902,49.366444,33.084236,-0.045056,0.933648,0.048101,0.352077,7.234811,5.389526,41.946102,0.013491,0.958454,0.075045,0.274868,-8.728247,1.493013,-6.349559,-0.045056,0.933648,0.048101,0.352077,16.552887,1.313913,31.723038
144,1.200000,0.008030,0.927785,-0.027749,0.371995,-1.035257,83.363106,20.052492,-0.014721,0.942657,0.042107,0.330769,-0.778143,90.584267,19.723267,-0.003418,0.948082,-0.015796,0.317615,-1.701546,107.123222,20.879776,-0.023405,0.969666,0.075895,0.231170,-1.637172,125.227753,20.297888,0.008479,0.986868,-0.081133,0.139419,-1.952874,139.006592,20.607012,0.030251,0.896928,0.057635,0.437360,-4.499821,119.820724,18.300978,0.191539,-0.658309,0.103786,-0.720535,-14.515513,121.523842,5.593084,0.047713,-0.185111,-0.517974,-0.833763,-12.011081,112.517525,-14.782797,-0.162106,-0.128579,0.749672,0.628635,-3.821670,130.064667,-22.209763,-0.095124,0.984232,0.034648,0.145048,1.132102,119.937256,22.549471,0.259585,0.753175,-0.014778,-0.604255,16.422840,122.820190,27.302074,-0.081665,-0.020644,0.481036,-0.872645,19.448883,113.653824,7.068851,0.035430,-0.198666,0.752475,-0.626943,8.453346,130.795258,9.418099,0.049125,0.902899,0.114517,0.411396,-7.413834,83.312439,13.959746,0.089928,0.941696,-0.034169,0.322418,-7.221038,49.429600,5.314925,0.013468,0.958460,0.074923,0.274880,-15.815574,5.358031,5.600751,-0.088718,0.921301,-0.071549,0.371771,5.343320,83.413765,26.145237,-0.020536,0.908004,-0.099745,0.406396,9.199437,49.353466,33.062111,-0.045175,0.933635,0.048226,0.352078,7.233690,5.382130,41.945148,0.013468,0.958460,0.074923,0.274880,-8.728727,1.493188,-6.348637,-0.045175,0.933635,0.048226,0.352078,16.553139,1.310939,31.721569
145,1.208333,0.007879,0.928030,-0.027304,0.371420,-1.033693,83.357658,20.065315,-0.014738,0.942780,0.042455,0.330374,-0.781203,90.579208,19.741079,-0.003117,0.948196,-0.015747,0.317279,-1.708682,107.121071,20.908916,-0.022445,0.969915,0.075382,0.230389,-1.634754,125.225739,20.332163,0.007828,0.987078,-0.081334,0.137846,-1.922490,139.005371,20.633198,0.030574,0.896594,0.058042,0.437967,-4.501777,119.820854,18.335714,0.190222,-0.657574,0.104782,-0.721410,-14.499551,121.540009,5.615878,0.047224,-0.185283,-0.518167,-0.833632,-11.961083,112.542557,-14.759705,-0.162170,-0.128895,0.750469,0.627602,-3.779248,130.104248,-22.184566,-0.094878,0.984345,0.035010,0.144349,1.133187,119.933067,22.580290,0.260153,0.752260,-0.014209,-0.605164,16.432022,122.807587,27.311882,-0.081211,-0.020501,0.482074,-0.872118,19.395527,113.647568,7.066530,0.035284,-0.199190,0.753054,-0.626090,8.440435,130.817032,9.404814,0.048974,0.903109,0.115010,0.410815,-7.419851,83.307739,13.980510,0.090056,0.941982,-0.034175,0.321546,-7.208752,49.431763,5.309256,0.013435,0.958483,0.074810,0.274835,-15.813923,5.362305,5.599786,-0.088811,0.921416,-0.071032,0.371562,5.352465,83.407578,26.150122,-0.020330,0.908113,-0.100181,0.406054,9.229764,49.343281,33.035408,-0.045143,0.933653,0.048335,0.352021,7.234530,5.379030,41.946896,0.013435,0.958483,0.074810,0.274835,-8.728213,1.494679,-6.349375,-0.045143,0.933653,0.048335,0.352021,16.552713,1.310275,31.721193
146,1.216667,0.007491,0.928297,-0.026690,0.370806,-1.028175,83.350990,20.080040,-0.014946,0.942927,0.042615,0.329924,-0.784409,90.573105,19.761791,-0.002578,0.948333,-0.015717,0.316878,-1.720106,107.123314,20.933422,-0.020959,0.970165,0.074975,0.229608,-1.628263,125.228119,20.363859,0.006850,0.987295,-0.081636,0.136149,-1.874605,139.008591,20.662937,0.030706,0.896326,0.058313,0.438471,-4.502434,119.826958,18.367628,0.189930,-0.657141,0.104406,-0.721936,-14.485568,121.554504,5.637435,0.047450,-0.184814,-0.518338,-0.833618,-11.918047,112.579033,-14.744205,-0.162326,-0.129057,0.751594,0.626180,-3.735928,130.146378,-22.158298,-0.094844,0.984472,0.035444,0.143402,1.136166,119.931747,22.607563,0.260346,0.751316,-0.014628,-0.606243,16.444080,122.804626,27.310709,-0.081008,-0.020341,0.483084,-0.871581,19.344484,113.637070,7.059640,0.035343,-0.199647,0.753631,-0.625246,8.426286,130.837082,9.391700,0.048846,0.903503,0.115374,0.409861,-7.422480,83.299065,14.003813,0.090170,0.942107,-0.034130,0.321153,-7.201837,49.428089,5.313294,0.013339,0.958486,0.074895,0.274805,-15.815160,5.360198,5.600242,-0.088863,0.921592,-0.070616,0.371194,5.366131,83.402924,26.156267,-0.020069,0.908362,-0.100592,0.405409,9.260477,49.335148,33.014683,-0.045431,0.933686,0.048326,0.351897,7.235309,5.377367,41.951256,0.013339,0.958486,0.074895,0.274805,-8.729036,1.495561,-6.349641,-0.045431,0.933686,0.048326,0.351897,16.553387,1.311273,31.724401
147,1.225000,0.007228,0.928552,-0.026213,0.370206,-1.027578,83.345825,20.094908,-0.014941,0.943067,0.042704,0.329512,-0.790103,90.568367,19.781504,-0.002127,0.948455,-0.015682,0.316516,-1.726487,107.125069,20.956882,-0.020614,0.970422,0.074308,0.228768,-1.619738,125.229980,20.393667,0.006655,0.987483,-0.081726,0.134734,-1.853707,139.011032,20.676500,0.030799,0.896088,0.058988,0.438860,-4.499979,119.831970,18.397680,0.189878,-0.656714,0.103963,-0.722402,-14.471819,121.572388,5.660388,0.047789,-0.184403,-0.518524,-0.833574,-11.874968,112.614265,-14.725166,-0.162505,-0.129272,0.752263,0.625284,-3.695069,130.184296,-22.131905,-0.094712,0.984552,0.035722,0.142865,1.141886,119.930473,22.633419,0.262244,0.750285,-0.012699,-0.606745,16.455618,122.798683,27.320457,-0.079365,-0.020733,0.484177,-0.871117,19.284241,113.631454,7.059085,0.035613,-0.200116,0.754143,-0.624463,8.414083,130.855072,9.374932,0.048905,0.903742,0.115824,0.409200,-7.429792,83.293030,14.027020,0.090102,0.942089,-0.034204,0.321217,-7.206176,49.429722,5.306710,0.013471,0.958475,0.075005,0.274806,-15.815886,5.361181,5.601379,-0.089014,0.921886,-0.070214,0.370504,5.374637,83.398621,26.162794,-0.019748,0.908672,-0.101019,0.404623,9.294355,49.328766,32.996338,-0.045234,0.933710,0.048582,0.351824,7.235122,5.377573,41.957504,0.013471,0.958475,0.075005,0.274806,-8.730622,1.498589,-6.349675,-0.045234,0.933710,0.048582,0.351824,16.550444,1.315989,31.726345
148,1.233333,0.007077,0.928827,-0.025797,0.369548,-1.033392,83.342873,20.108822,-0.014415,0.943173,0.042622,0.329244,-0.800394,90.565758,19.800026,-0.002031,0.948513,-0.015385,0.316358,-1.719381,107.129181,20.979294,-0.020427,0.970662,0.073490,0.228031,-1.612845,125.234451,20.427361,0.006593,0.987653,-0.081927,0.133367,-1.837608,139.016068,20.688936,0.030647,0.895949,0.059541,0.439081,-4.493743,119.837677,18.428959,0.189524,-0.656300,0.103565,-0.722928,-14.459583,121.581841,5.687489,0.047805,-0.184179,-0.518549,-0.833606,-11.834693,112.648094,-14.705168,-0.162296,-0.129282,0.752807,0.624682,-3.651972,130.221146,-22.105297,-0.094361,0.984648,0.035995,0.142371,1.149532,119.933533,22.662878,0.263318,0.749371,-0.011855,-0.607426,16.470003,122.790123,27.334953,-0.078144,-0.020666,0.485002,-0.870770,19.236267,113.620125,7.066225,0.035837,-0.200414,0.754549,-0.623864,8.400786,130.864410,9.357378,0.048812,0.904011,0.116232,0.408500,-7.444234,83.290649,14.050050,0.090064,0.942111,-0.034190,0.321165,-7.209645,49.433331,5.306832,0.013261,0.958505,0.074918,0.274735,-15.815746,5.364079,5.601914,-0.089130,0.922084,-0.069772,0.370066,5.377450,83.395096,26.167593,-0.019552,0.908908,-0.101418,0.404004,9.319459,49.322361,32.973915,-0.045474,0.933750,0.048468,0.351701,7.235760,5.377716,41.961525,0.013261,0.958505,0.074918,0.274735,-8.730535,1.500673,-6.348902,-0.045474,0.933750,0.048468,0.351701,16.550327,1.315578,31.729904
149,1.241667,0.007019,0.929115,-0.025362,0.368853,-1.035697,83.334549,20.121307,-0.014472,0.943367,0.042912,0.328646,-0.806018,90.557770,19.817865,-0.001817,0.948696,-0.015646,0.315796,-1.729071,107.118118,21.006027,-0.019732,0.970923,0.072868,0.227178,-1.612505,125.223114,20.447483,0.006477,0.987827,-0.082044,0.132006,-1.815857,139.005310,20.696192,0.030967,0.895722,0.060207,0.439429,-4.498934,119.827339,18.454403,0.189747,-0.655845,0.102669,-0.723410,-14.454182,121.590790,5.707303,0.048165,-0.183516,-0.518643,-0.833673,-11.794235,112.681175,-14.691369,-0.162238,-0.129263,0.753333,0.624066,-3.606178,130.255875,-22.076311,-0.094174,0.984738,0.036167,0.141826,1.149372,119.921387,22.681652,0.263352,0.748693,-0.012163,-0.608241,16.476038,122.772072,27.336985,-0.077960,-0.020215,0.485736,-0.870387,19.197073,113.600113,7.063024,0.035925,-0.200432,0.755052,-0.623243,8.387568,130.868500,9.336972,0.048735,0.904359,0.116617,0.407626,-7.455606,83.284561,14.072122,0.090019,0.942220,-0.034151,0.320860,-7.213449,49.432999,5.306861,0.013362,0.958522,0.074985,0.274652,-15.814636,5.362797,5.602688,-0.089205,0.922401,-0.069428,0.369322,5.384212,83.384529,26.170492,-0.019270,0.909149,-0.101762,0.403388,9.345564,49.309372,32.953430,-0.045453,0.933710,0.048713,0.351778,7.232442,5.370027,41.960049,0.013362,0.958522,0.074985,0.274652,-8.732160,1.500565,-6.350134,-0.045453,0.933710,0.048713,0.351778,16.549036,1.314027,31.727833
150,1.250000,0.006827,0.929332,-0.025339,0.368311,-1.046899,83.330902,20.139503,-0.014199,0.943526,0.042887,0.328204,-0.820107,90.554176,19.835209,-0.001501,0.948838,-0.015680,0.315369,-1.733672,107.113358,21.025875,-0.019489,0.971179,0.072285,0.226291,-1.606130,125.218353,20.469719,0.006608,0.987990,-0.082311,0.130602,-1.800521,139.000931,20.703707,0.031126,0.895621,0.060732,0.439552,-4.497748,119.824684,18.478466,0.189698,-0.655376,0.102020,-0.723940,-14.449145,121.600433,5.730075,0.048358,-0.183028,-0.518681,-0.833746,-11.755662,112.714874,-14.674680,-0.162187,-0.129173,0.753743,0.623604,-3.563208,130.288864,-22.046242,-0.093964,0.984804,0.036223,0.141489,1.154373,119.914566,22.700701,0.263905,0.747960,-0.012217,-0.608902,16.485426,122.758865,27.345476,-0.077285,-0.019762,0.486429,-0.870071,19.157322,113.575172,7.070294,0.035923,-0.200361,0.755392,-0.622855,8.374706,130.863998,9.316560,0.048583,0.904762,0.117078,0.406619,-7.473905,83.278183,14.097884,0.090013,0.942347,-0.034079,0.320498,-7.218607,49.433117,5.307948,0.013271,0.958514,0.074943,0.274698,-15.817065,5.362362,5.601150,-0.089217,0.922675,-0.068940,0.368726,5.380106,83.383629,26.181122,-0.019163,0.909175,-0.102063,0.403258,9.359467,49.303905,32.930504,-0.045296,0.933682,0.048762,0.351863,7.227875,5.369696,41.957802,0.013271,0.958514,0.074943,0.274698,-8.732765,1.499585,-6.350414,-0.045296,0.933682,0.048762,0.351863,16.545025,1.313407,31.726212
151,1.258333,0.006833,0.929630,-0.024963,0.367586,-1.049455,83.323639,20.150751,-0.014257,0.943707,0.042947,0.327674,-0.824817,90.547188,19.851376,-0.001309,0.948994,-0.015698,0.314900,-1.740443,107.110596,21.044130,-0.019312,0.971454,0.071569,0.225351,-1.606376,125.215591,20.489487,0.007099,0.988160,-0.082475,0.129182,-1.792857,138.998581,20.704720,0.031305,0.895570,0.061095,0.439592,-4.502058,119.823227,18.500587,0.189768,-0.654895,0.101235,-0.724467,-14.451962,121.609390,5.752472,0.048670,-0.182397,-0.518660,-0.833879,-11.723047,112.748947,-14.658507,-0.161964,-0.129274,0.754295,0.622972,-3.521212,130.321625,-22.014956,-0.093666,0.984877,0.036237,0.141178,1.154248,119.910522,22.717276,0.264316,0.747397,-0.012346,-0.609412,16.489988,122.745811,27.352100,-0.076724,-0.019394,0.486953,-0.869836,19.124313,113.551239,7.076922,0.036131,-0.200080,0.755587,-0.622697,8.362544,130.854843,9.300247,0.048632,0.905038,0.117381,0.405909,-7.485873,83.273819,14.119130,0.089896,0.942493,-0.033989,0.320110,-7.231838,49.434044,5.308794,0.013071,0.958521,0.074962,0.274676,-15.817815,5.360854,5.601330,-0.089165,0.922826,-0.068652,0.368415,5.386963,83.373459,26.182371,-0.019057,0.909297,-0.102345,0.402917,9.372787,49.290314,32.910645,-0.045326,0.933670,0.048989,0.351860,7.225726,5.360916,41.957676,0.013071,0.958521,0.074962,0.274676,-8.732183,1.500031,-6.350080,-0.045326,0.933670,0.048989,0.351860,16.543596,1.310790,31.724295
152,1.266667,0.006765,0.929875,-0.024789,0.366979,-1.054760,83.323189,20.162498,-0.014158,0.943847,0.042895,0.327280,-0.832159,90.546867,19.864952,-0.001155,0.949105,-0.015655,0.314569,-1.743550,107.109138,21.057430,-0.020060,0.971644,0.071029,0.224633,-1.604858,125.214211,20.505966,0.008012,0.988236,-0.082693,0.128404,-1.809052,138.997238,20.701616,0.031478,0.895575,0.061464,0.439520,-4.503407,119.823006,18.518097,0.189793,-0.654348,0.100700,-0.725029,-14.455029,121.619354,5.772759,0.048967,-0.181633,-0.518652,-0.834033,-11.689171,112.777672,-14.641386,-0.162041,-0.129456,0.754615,0.622527,-3.475669,130.352280,-21.978786,-0.093296,0.984935,0.036365,0.140985,1.155838,119.907967,22.730885,0.264507,0.746930,-0.012725,-0.609893,16.495590,122.731209,27.359766,-0.076315,-0.018859,0.487424,-0.869620,19.099049,113.525093,7.085846,0.036258,-0.199877,0.755772,-0.622530,8.354273,130.844727,9.283419,0.048695,0.905287,0.117583,0.405289,-7.499064,83.273674,14.139300,0.089716,0.942566,-0.033846,0.319962,-7.249227,49.437653,5.314435,0.013076,0.958560,0.075055,0.274515,-15.815984,5.360687,5.601487,-0.089130,0.922986,-0.068383,0.368071,5.389544,83.372704,26.185698,-0.019059,0.909247,-0.102568,0.402972,9.382711,49.286537,32.894283,-0.045566,0.933687,0.048946,0.351791,7.227168,5.361244,41.959198,0.013076,0.958560,0.075055,0.274515,-8.734007,1.502474,-6.352933,-0.045566,0.933687,0.048946,0.351791,16.545605,1.312419,31.725819
153,1.275000,0.006724,0.930102,-0.024683,0.366409,-1.062775,83.325439,20.173609,-0.013997,0.944024,0.042848,0.326782,-0.841466,90.549210,19.877140,-0.001063,0.949265,-0.015638,0.314087,-1.746627,107.111038,21.070316,-0.018503,0.971911,0.070352,0.223825,-1.605245,125.216125,20.520432,0.007668,0.988425,-0.083040,0.126735,-1.764630,138.999878,20.706951,0.031598,0.895576,0.061895,0.439448,-4.506774,119.825638,18.534988,0.189671,-0.653880,0.100287,-0.725540,-14.460188,121.631531,5.792396,0.048915,-0.181038,-0.518492,-0.834265,-11.663168,112.808548,-14.625591,-0.161558,-0.129438,0.754992,0.622200,-3.434760,130.382248,-21.941875,-0.093013,0.984997,0.036178,0.140788,1.156752,119.909180,22.742046,0.265046,0.746522,-0.012711,-0.610159,16.500031,122.724640,27.363983,-0.075552,-0.018746,0.487638,-0.869569,19.076172,113.505577,7.092456,0.036580,-0.199591,0.756318,-0.621939,8.339131,130.833786,9.271511,0.048789,0.905529,0.117674,0.404710,-7.514455,83.276222,14.158313,0.089517,0.942738,-0.033615,0.319533,-7.273581,49.442337,5.325024,0.012933,0.958557,0.075075,0.274527,-15.817012,5.360782,5.602233,-0.089061,0.923189,-0.068152,0.367621,5.388906,83.374657,26.188904,-0.019065,0.909156,-0.102746,0.403131,9.386994,49.285431,32.878990,-0.045542,0.933652,0.048995,0.351881,7.223838,5.363450,41.958145,0.012933,0.958557,0.075075,0.274527,-8.733393,1.504091,-6.351702,-0.045542,0.933652,0.048995,0.351881,16.544100,1.315717,31.725996
154,1.283333,0.006773,0.930336,-0.024687,0.365812,-1.073168,83.327614,20.184143,-0.013815,0.944179,0.042748,0.326356,-0.851372,90.551369,19.887732,-0.001010,0.949390,-0.015645,0.313708,-1.749113,107.112381,21.080084,-0.018150,0.972084,0.069953,0.223224,-1.606042,125.217476,20.530491,0.007986,0.988504,-0.083462,0.125818,-1.754351,139.001465,20.708061,0.031864,0.895686,0.061676,0.439236,-4.509781,119.827354,18.547237,0.189590,-0.653526,0.099739,-0.725956,-14.468720,121.637535,5.809583,0.048734,-0.180386,-0.518291,-0.834542,-11.646037,112.835884,-14.614071,-0.160907,-0.129406,0.755222,0.622095,-3.400094,130.409332,-21.904755,-0.092490,0.985053,0.036373,0.140688,1.157097,119.910141,22.749788,0.265281,0.746251,-0.012738,-0.610388,16.504440,122.708221,27.368753,-0.074876,-0.018602,0.487801,-0.869539,19.062437,113.483665,7.097439,0.037449,-0.199084,0.757316,-0.620835,8.331067,130.819153,9.258468,0.048879,0.905675,0.117779,0.404342,-7.532541,83.279457,14.177103,0.089306,0.942882,-0.033389,0.319191,-7.297913,49.447918,5.334648,0.012931,0.958587,0.075082,0.274421,-15.817052,5.361599,5.601964,-0.088993,0.923423,-0.067918,0.367093,5.386205,83.375778,26.191181,-0.019083,0.909098,-0.102898,0.403222,9.389862,49.283478,32.862232,-0.044684,0.933622,0.049127,0.352051,7.221724,5.364365,41.954067,0.012931,0.958587,0.075082,0.274421,-8.735953,1.505199,-6.353555,-0.044684,0.933622,0.049127,0.352051,16.538311,1.311323,31.720680
155,1.291667,0.006814,0.930554,-0.024684,0.365257,-1.081163,83.328415,20.194807,-0.013640,0.944350,0.042745,0.325867,-0.859011,90.552162,19.898525,-0.000897,0.949546,-0.015752,0.313232,-1.750751,107.116089,21.093361,-0.017900,0.972316,0.069428,0.222398,-1.602860,125.221062,20.541321,0.008421,0.988621,-0.083873,0.124592,-1.742409,139.005310,20.705755,0.031957,0.895760,0.061887,0.439048,-4.510178,119.831558,18.561653,0.190223,-0.653388,0.098483,-0.726085,-14.474291,121.647179,5.828813,0.048799,-0.179631,-0.518012,-0.834874,-11.632380,112.868484,-14.602057,-0.159596,-0.129198,0.755876,0.621682,-3.365571,130.435364,-21.867826,-0.091926,0.985173,0.035570,0.140425,1.160922,119.913208,22.758533,0.265657,0.745929,-0.012852,-0.610616,16.514059,122.697571,27.366537,-0.074040,-0.018610,0.487757,-0.869635,19.050619,113.461014,7.097979,0.037787,-0.199113,0.756968,-0.621229,8.316730,130.798691,9.242681,0.048942,0.905952,0.117803,0.403706,-7.547687,83.281212,14.195457,0.089117,0.943108,-0.033082,0.318608,-7.322559,49.450504,5.349591,0.012819,0.958605,0.075140,0.274348,-15.816969,5.359328,5.601671,-0.088816,0.923688,-0.067666,0.366516,5.385361,83.375618,26.194159,-0.019085,0.909276,-0.103098,0.402770,9.388436,49.278721,32.842033,-0.044871,0.933586,0.049038,0.352136,7.217765,5.363303,41.951107,0.012819,0.958605,0.075140,0.274348,-8.736450,1.505345,-6.354971,-0.044871,0.933586,0.049038,0.352136,16.537636,1.309962,31.720829
156,1.300000,0.006928,0.930767,-0.024833,0.364704,-1.092244,83.330444,20.205542,-0.013536,0.944503,0.042703,0.325433,-0.867944,90.554062,19.907722,-0.000747,0.949678,-0.015812,0.312828,-1.755324,107.116364,21.102652,-0.017484,0.972494,0.069071,0.221762,-1.601821,125.221275,20.550180,0.008664,0.988696,-0.084424,0.123601,-1.728936,139.005737,20.707104,0.032273,0.895863,0.061934,0.438807,-4.512619,119.832718,18.573061,0.189142,-0.653009,0.099256,-0.726603,-14.482954,121.657852,5.846448,0.047633,-0.179668,-0.517400,-0.835313,-11.625707,112.886559,-14.585468,-0.158213,-0.128783,0.755889,0.622105,-3.331501,130.453842,-21.831030,-0.091575,0.985241,0.035380,0.140222,1.162050,119.912529,22.765150,0.265972,0.745663,-0.013250,-0.610795,16.519142,122.686913,27.366001,-0.073232,-0.018467,0.487801,-0.869682,19.038414,113.431969,7.103682,0.038410,-0.198944,0.756931,-0.621291,8.305980,130.773346,9.227300,0.048988,0.906264,0.117877,0.402977,-7.565870,83.284424,14.213842,0.088923,0.943268,-0.032819,0.318215,-7.348653,49.455235,5.361966,0.012670,0.958591,0.075099,0.274415,-15.819282,5.359408,5.600916,-0.088668,0.923973,-0.067515,0.365861,5.381382,83.376457,26.197239,-0.019052,0.909653,-0.103262,0.401877,9.383599,49.276299,32.828873,-0.045840,0.933595,0.048802,0.352020,7.213224,5.363804,41.952091,0.012670,0.958591,0.075099,0.274415,-8.735890,1.505309,-6.353991,-0.045840,0.933595,0.048802,0.352020,16.538704,1.314261,31.725416
157,1.308333,0.007105,0.930984,-0.024985,0.364134,-1.105908,83.330750,20.217077,-0.013460,0.944672,0.042590,0.324961,-0.878598,90.554222,19.918009,-0.000575,0.949825,-0.015878,0.312377,-1.761696,107.115410,21.110538,-0.017156,0.972665,0.068656,0.221165,-1.601786,125.220253,20.557663,0.008945,0.988755,-0.084899,0.122782,-1.718430,139.004898,20.705019,0.032508,0.895910,0.062402,0.438628,-4.516512,119.832787,18.583370,0.188737,-0.652788,0.099383,-0.726890,-14.491467,121.671143,5.862284,0.046787,-0.179446,-0.516835,-0.835758,-11.622380,112.908173,-14.571543,-0.156579,-0.128288,0.756331,0.622085,-3.300732,130.471985,-21.793400,-0.091651,0.985279,0.035912,0.139770,1.162144,119.910477,22.770098,0.266332,0.745540,-0.013635,-0.610780,16.522903,122.685532,27.358284,-0.072446,-0.018504,0.487672,-0.869819,19.034401,113.409508,7.104638,0.039007,-0.198817,0.756912,-0.621317,8.297046,130.749222,9.213552,0.048995,0.906447,0.117956,0.402541,-7.586818,83.286949,14.233242,0.088726,0.943460,-0.032539,0.317729,-7.372068,49.459126,5.376073,0.012537,0.958618,0.075049,0.274338,-15.818077,5.358505,5.601349,-0.088522,0.924268,-0.067397,0.365172,5.375003,83.374557,26.200911,-0.019080,0.909825,-0.103341,0.401465,9.375913,49.271481,32.818325,-0.045639,0.933563,0.048937,0.352110,7.209019,5.360559,41.949951,0.012537,0.958618,0.075049,0.274338,-8.735494,1.504053,-6.353924,-0.045639,0.933563,0.048937,0.352110,16.534967,1.312482,31.723118
158,1.316667,0.007250,0.931179,-0.025173,0.363620,-1.119940,83.335182,20.230331,-0.013312,0.944820,0.042426,0.324559,-0.889852,90.558487,19.929365,-0.000454,0.949948,-0.015940,0.311999,-1.765786,107.116020,21.118425,-0.016490,0.972839,0.068221,0.220585,-1.601227,125.220802,20.564743,0.009021,0.988826,-0.085506,0.121782,-1.698185,139.005692,20.704018,0.032744,0.896002,0.062149,0.438459,-4.519024,119.834076,18.592955,0.188077,-0.652702,0.099515,-0.727120,-14.498305,121.675446,5.875701,0.045602,-0.179257,-0.516238,-0.836233,-11.625389,112.927162,-14.563878,-0.154791,-0.127652,0.756802,0.622090,-3.275993,130.488174,-21.755587,-0.091489,0.985331,0.035922,0.139511,1.162957,119.910339,22.775192,0.266569,0.745405,-0.013975,-0.610833,16.527037,122.680595,27.355152,-0.071815,-0.018433,0.487598,-0.869914,19.029938,113.388908,7.107623,0.039611,-0.198449,0.756954,-0.621345,8.289172,130.729126,9.201355,0.049014,0.906617,0.118024,0.402135,-7.607407,83.292801,14.253598,0.088525,0.943608,-0.032259,0.317375,-7.395856,49.466225,5.391598,0.012415,0.958649,0.074986,0.274255,-15.817014,5.360779,5.602148,-0.088391,0.924540,-0.067312,0.364530,5.367527,83.377556,26.207066,-0.019131,0.909954,-0.103370,0.401163,9.366827,49.272064,32.812954,-0.045856,0.933560,0.048768,0.352113,7.206096,5.361864,41.949474,0.012415,0.958649,0.074986,0.274255,-8.735530,1.505563,-6.353528,-0.045856,0.933560,0.048768,0.352113,16.533655,1.311678,31.724951
159,1.325000,0.007421,0.931372,-0.025239,0.363116,-1.132639,83.336853,20.239820,-0.013180,0.944959,0.042242,0.324182,-0.900063,90.560081,19.938738,-0.000303,0.950062,-0.016000,0.311650,-1.769485,107.119751,21.123896,-0.016267,0.973007,0.067895,0.219961,-1.599265,125.224457,20.569784,0.009414,0.988881,-0.086175,0.120827,-1.689198,139.009460,20.701191,0.032935,0.896116,0.062156,0.438211,-4.520305,119.838676,18.600220,0.187256,-0.652565,0.100021,-0.727385,-14.506245,121.685341,5.888964,0.044292,-0.179255,-0.515568,-0.836717,-11.629848,112.944580,-14.553337,-0.152846,-0.127056,0.757221,0.622183,-3.252625,130.500671,-21.718603,-0.091058,0.985413,0.035560,0.139306,1.164753,119.913101,22.778305,0.266774,0.745286,-0.014037,-0.610888,16.533247,122.671661,27.350491,-0.071277,-0.018472,0.487466,-0.870032,19.028271,113.372818,7.105280,0.040075,-0.198118,0.756999,-0.621366,8.282172,130.711121,9.189353,0.049026,0.906757,0.117942,0.401844,-7.626524,83.297112,14.270043,0.088359,0.943701,-0.031910,0.317180,-7.420972,49.469257,5.412777,0.013134,0.958611,0.075141,0.274309,-15.818265,5.359155,5.600304,-0.088300,0.924823,-0.067340,0.363827,5.361246,83.376602,26.209597,-0.019083,0.910186,-0.103337,0.400647,9.358978,49.270233,32.811947,-0.045000,0.933477,0.049035,0.352409,7.200673,5.359250,41.945290,0.013134,0.958611,0.075141,0.274309,-8.741535,1.503044,-6.357895,-0.045000,0.933477,0.049035,0.352409,16.527578,1.307354,31.720852
160,1.333333,0.007589,0.931476,-0.025632,0.362819,-1.147020,83.337753,20.254467,-0.012998,0.945061,0.042090,0.323912,-0.910218,90.560654,19.948908,-0.000046,0.950149,-0.016287,0.311371,-1.771648,107.115265,21.131124,-0.016190,0.973157,0.067682,0.219367,-1.589491,125.219658,20.569977,0.009739,0.988937,-0.086799,0.119898,-1.676965,139.004730,20.695717,0.033435,0.896265,0.062320,0.437845,-4.515308,119.835091,18.604156,0.186355,-0.652220,0.101162,-0.727768,-14.510608,121.698067,5.902644,0.042776,-0.179697,-0.515179,-0.836941,-11.624312,112.947586,-14.534100,-0.150885,-0.126299,0.757674,0.622264,-3.234629,130.510452,-21.685305,-0.090777,0.985447,0.035702,0.139213,1.172199,119.907272,22.778946,0.266670,0.745116,-0.014348,-0.611133,16.543196,122.656395,27.348400,-0.070967,-0.018394,0.487368,-0.870113,19.027287,113.354370,7.103299,0.040593,-0.197623,0.757484,-0.620899,8.276533,130.692291,9.178265,0.049052,0.906912,0.118003,0.401471,-7.644662,83.298401,14.288778,0.088188,0.943735,-0.031662,0.317151,-7.442583,49.471741,5.426894,0.012249,0.958651,0.074871,0.274285,-15.818542,5.357513,5.598528,-0.088112,0.924996,-0.067141,0.363470,5.350622,83.377106,26.220158,-0.019283,0.910195,-0.103343,0.400618,9.344014,49.266552,32.803459,-0.045630,0.933503,0.048781,0.352293,7.202159,5.356371,41.944511,0.012249,0.958651,0.074871,0.274285,-8.735137,1.500326,-6.355372,-0.045630,0.933503,0.048781,0.352293,16.531590,1.304330,31.722433
161,1.341667,0.007744,0.931607,-0.025764,0.362471,-1.160603,83.337692,20.263399,-0.012872,0.945184,0.041941,0.323579,-0.921137,90.560463,19.956789,0.000118,0.950259,-0.016390,0.311029,-1.776683,107.116829,21.136078,-0.015999,0.973290,0.067431,0.218870,-1.587937,125.221085,20.573151,0.010105,0.988955,-0.087500,0.119201,-1.669491,139.006256,20.692926,0.033711,0.896385,0.062174,0.437599,-4.517236,119.837486,18.609909,0.185393,-0.652111,0.101948,-0.728002,-14.518940,121.706078,5.914260,0.041279,-0.179928,-0.514534,-0.837363,-11.633418,112.957932,-14.523602,-0.148958,-0.125443,0.758109,0.622372,-3.218721,130.520126,-21.653652,-0.090547,0.985520,0.035574,0.138873,1.173280,119.907845,22.780630,0.266845,0.744987,-0.014576,-0.611209,16.548714,122.650787,27.338871,-0.070454,-0.018489,0.487262,-0.870213,19.024435,113.338150,7.097630,0.041192,-0.197271,0.757642,-0.620778,8.269248,130.674927,9.165576,0.049155,0.906971,0.117925,0.401349,-7.662659,83.300224,14.302507,0.087977,0.943734,-0.031394,0.317241,-7.470540,49.472965,5.442647,0.012114,0.958645,0.074950,0.274291,-15.821198,5.353880,5.596870,-0.088008,0.925278,-0.067227,0.362761,5.341453,83.375168,26.224291,-0.019239,0.910433,-0.103203,0.400114,9.331021,49.264145,32.807480,-0.045656,0.933398,0.048906,0.352550,7.195695,5.351213,41.936813,0.012114,0.958645,0.074950,0.274291,-8.736192,1.499777,-6.357078,-0.045656,0.933398,0.048906,0.352550,16.531187,1.302851,31.718815
162,1.350000,0.007978,0.931717,-0.025967,0.362168,-1.179976,83.337593,20.273310,-0.012673,0.945327,0.041640,0.323206,-0.936399,90.560158,19.965101,0.000230,0.950395,-0.016393,0.310615,-1.782302,107.123611,21.137848,-0.015534,0.973466,0.066752,0.218330,-1.589902,125.227867,20.576023,0.010263,0.989015,-0.087870,0.118421,-1.655681,139.013260,20.679888,0.034116,0.896538,0.061822,0.437302,-4.522134,119.845070,18.614946,0.182579,-0.651969,0.104623,-0.728461,-14.531395,121.720016,5.926196,0.038906,-0.180731,-0.513338,-0.838037,-11.662308,112.965843,-14.511395,-0.147358,-0.124540,0.758515,0.622440,-3.204225,130.526306,-21.625507,-0.090455,0.985588,0.035177,0.138553,1.172012,119.913841,22.780735,0.267124,0.744829,-0.015200,-0.611264,16.550877,122.656181,27.327745,-0.069832,-0.018508,0.487197,-0.870299,19.016914,113.319000,7.096629,0.041655,-0.197227,0.757672,-0.620725,8.260318,130.653793,9.152498,0.049157,0.906995,0.117873,0.401309,-7.685839,83.302811,14.316559,0.087811,0.943728,-0.031136,0.317327,-7.495718,49.474728,5.459812,0.012589,0.958599,0.075287,0.274336,-15.825198,5.351582,5.596231,-0.087993,0.925485,-0.067086,0.362264,5.325887,83.372375,26.230061,-0.019338,0.910596,-0.103285,0.399718,9.321685,49.259846,32.801636,-0.046139,0.933454,0.048729,0.352365,7.195506,5.348775,41.942104,0.012589,0.958599,0.075287,0.274336,-8.742436,1.503186,-6.360883,-0.046139,0.933454,0.048729,0.352365,16.530930,1.300699,31.723932
163,1.358333,0.008215,0.931868,-0.026102,0.361764,-1.200969,83.338707,20.281813,-0.012391,0.945457,0.041429,0.322863,-0.953618,90.561111,19.972931,0.000390,0.950505,-0.016488,0.310272,-1.787751,107.120918,21.142073,-0.015151,0.973619,0.066326,0.217803,-1.588972,125.225052,20.578680,0.010428,0.989057,-0.088475,0.117597,-1.642691,139.010559,20.672991,0.034555,0.896671,0.061665,0.437018,-4.524622,119.843208,18.620127,0.181701,-0.651942,0.105468,-0.728583,-14.540991,121.728325,5.938494,0.037737,-0.180974,-0.512696,-0.838431,-11.678314,112.971863,-14.499016,-0.146146,-0.123652,0.758707,0.622668,-3.195501,130.528992,-21.599539,-0.090211,0.985666,0.034925,0.138219,1.172527,119.910156,22.781837,0.267219,0.744559,-0.015489,-0.611544,16.555832,122.646416,27.317471,-0.069316,-0.018671,0.487242,-0.870311,19.004229,113.301155,7.087943,0.042241,-0.197385,0.757272,-0.621123,8.249076,130.638687,9.139577,0.049041,0.907140,0.117745,0.401034,-7.711931,83.307175,14.330617,0.087673,0.943739,-0.030815,0.317364,-7.520828,49.476185,5.485035,0.011781,0.958627,0.075212,0.274298,-15.829640,5.349085,5.597951,-0.087920,0.925676,-0.067056,0.361797,5.309993,83.370239,26.233009,-0.019366,0.910882,-0.103300,0.399060,9.305175,49.256523,32.798820,-0.046209,0.933413,0.049094,0.352412,7.187364,5.345830,41.942997,0.011781,0.958627,0.075212,0.274298,-8.740686,1.504358,-6.356673,-0.046209,0.933413,0.049094,0.352412,16.525253,1.307894,31.723064
164,1.366667,0.008521,0.931929,-0.026387,0.361581,-1.223825,83.334618,20.291927,-0.011795,0.945548,0.040844,0.322695,-0.970927,90.556732,19.980753,0.000400,0.950571,-0.016341,0.310078,-1.780330,107.128395,21.138790,-0.015049,0.973746,0.065824,0.217392,-1.582978,125.232712,20.580564,0.010631,0.989089,-0.088944,0.116960,-1.631569,139.018311,20.661657,0.034723,0.896905,0.061097,0.436604,-4.519076,119.851234,18.621655,0.182691,-0.652272,0.104260,-0.728214,-14.546818,121.732620,5.948452,0.037980,-0.180382,-0.512316,-0.838780,-11.692067,112.985718,-14.494265,-0.145492,-0.123033,0.758717,0.622932,-3.187911,130.528503,-21.578274,-0.089717,0.985737,0.034838,0.138056,1.179776,119.917358,22.781048,0.268484,0.744215,-0.014109,-0.611443,16.567442,122.638557,27.310959,-0.067851,-0.019507,0.487255,-0.870401,18.991016,113.293144,7.078512,0.043215,-0.197261,0.757658,-0.620624,8.241571,130.625381,9.130105,0.049027,0.907159,0.117634,0.401025,-7.737037,83.306381,14.343172,0.087501,0.943892,-0.030463,0.316992,-7.548272,49.473465,5.504906,0.011547,0.958610,0.075310,0.274340,-15.832626,5.341709,5.596199,-0.087988,0.925833,-0.066983,0.361393,5.289385,83.362854,26.240683,-0.019390,0.911115,-0.103244,0.398541,9.293654,49.249287,32.801758,-0.046169,0.933414,0.049316,0.352385,7.184969,5.337626,41.943455,0.011547,0.958610,0.075310,0.274340,-8.740230,1.501237,-6.357756,-0.046169,0.933414,0.049316,0.352385,16.522434,1.304978,31.721035
165,1.375000,0.008670,0.932008,-0.026522,0.361362,-1.239422,83.335266,20.302265,-0.011786,0.945674,0.040856,0.322325,-0.983879,90.557243,19.989998,0.000650,0.950703,-0.016786,0.309646,-1.792297,107.121040,21.148296,-0.014521,0.973862,0.065457,0.217020,-1.581601,125.224808,20.577452,0.010622,0.989098,-0.089470,0.116483,-1.614392,139.010498,20.651508,0.035414,0.897041,0.060762,0.436316,-4.523566,119.844231,18.624868,0.182343,-0.652702,0.104216,-0.727922,-14.557929,121.740631,5.959141,0.037812,-0.179994,-0.511400,-0.839430,-11.727937,113.003143,-14.491050,-0.145394,-0.122593,0.758528,0.623271,-3.180818,130.526123,-21.559938,-0.089687,0.985804,0.034551,0.137673,1.179056,119.908859,22.779118,0.268363,0.743994,-0.014558,-0.611754,16.570339,122.631012,27.296152,-0.067499,-0.019808,0.487307,-0.870393,18.979750,113.279785,7.064692,0.044130,-0.197410,0.757826,-0.620308,8.231323,130.615692,9.120385,0.049083,0.907202,0.117453,0.400975,-7.755373,83.308746,14.356503,0.087319,0.943805,-0.030159,0.317328,-7.575823,49.473236,5.527960,0.011383,0.958585,0.075466,0.274390,-15.836343,5.336973,5.595763,-0.087943,0.925972,-0.066967,0.361051,5.276529,83.361794,26.248030,-0.019453,0.911301,-0.103169,0.398132,9.280729,49.247528,32.805489,-0.046314,0.933412,0.049361,0.352364,7.184047,5.334711,41.944378,0.011383,0.958585,0.075466,0.274390,-8.740798,1.501815,-6.358029,-0.046314,0.933412,0.049361,0.352364,16.522455,1.304720,31.721773
166,1.383333,0.008810,0.932053,-0.026745,0.361226,-1.260031,83.334717,20.314135,-0.011395,0.945781,0.040576,0.322058,-1.001481,90.556488,19.999556,0.000750,0.950807,-0.017005,0.309316,-1.794292,107.121399,21.153471,-0.013768,0.973991,0.065003,0.216628,-1.577901,125.224892,20.576107,0.010475,0.989137,-0.089978,0.115769,-1.588332,139.010651,20.642113,0.035575,0.897208,0.060575,0.435985,-4.523021,119.844627,18.627449,0.181768,-0.652890,0.104595,-0.727842,-14.566401,121.742607,5.969116,0.037623,-0.179758,-0.510801,-0.839853,-11.750988,113.008430,-14.484489,-0.145797,-0.122293,0.758237,0.623590,-3.175748,130.519730,-21.542746,-0.089522,0.985872,0.034296,0.137355,1.182486,119.908783,22.777739,0.268468,0.743644,-0.014945,-0.612123,16.577570,122.627350,27.283958,-0.067044,-0.020043,0.487535,-0.870295,18.964176,113.265953,7.054506,0.044925,-0.197538,0.757994,-0.620005,8.225220,130.607834,9.110046,0.049205,0.907115,0.117227,0.401223,-7.777677,83.309143,14.370233,0.087059,0.943835,-0.029798,0.317344,-7.609862,49.470772,5.552451,0.011137,0.958576,0.075635,0.274387,-15.838377,5.328497,5.597092,-0.088030,0.926044,-0.066888,0.360859,5.257616,83.360298,26.258036,-0.019480,0.911471,-0.103086,0.397761,9.270829,49.246365,32.811726,-0.046428,0.933393,0.049460,0.352386,7.183033,5.332103,41.945724,0.011137,0.958576,0.075635,0.274387,-8.740189,1.499599,-6.357131,-0.046428,0.933393,0.049460,0.352386,16.523155,1.305852,31.723219
167,1.391667,0.008902,0.932103,-0.026915,0.361084,-1.276120,83.333847,20.324465,-0.011201,0.945885,0.040313,0.321793,-1.015485,90.555458,20.008043,0.001002,0.950908,-0.017297,0.308989,-1.799054,107.121292,21.156008,-0.013634,0.974119,0.064667,0.216157,-1.570906,125.224396,20.571369,0.010751,0.989160,-0.090510,0.115133,-1.576490,139.010208,20.628759,0.035958,0.897452,0.060280,0.435491,-4.520949,119.845345,18.626816,0.181367,-0.652975,0.105048,-0.727801,-14.577434,121.749603,5.979830,0.037558,-0.179701,-0.510178,-0.840247,-11.771235,113.011871,-14.473529,-0.146145,-0.121746,0.757900,0.624026,-3.169344,130.509216,-21.529902,-0.089298,0.985968,0.033914,0.136905,1.187399,119.907318,22.773232,0.268348,0.743134,-0.015755,-0.612775,16.587805,122.621178,27.264095,-0.066978,-0.020290,0.487977,-0.870046,18.941536,113.247215,7.036596,0.045709,-0.197460,0.758725,-0.619078,8.219398,130.601288,9.100864,0.049246,0.907169,0.117048,0.401147,-7.795552,83.308792,14.382513,0.086858,0.943864,-0.029459,0.317346,-7.636185,49.467762,5.574760,0.011767,0.958531,0.075926,0.274436,-15.838178,5.320534,5.596469,-0.087949,0.926131,-0.066848,0.360663,5.243311,83.358910,26.266417,-0.019694,0.911393,-0.102934,0.397969,9.253756,49.243607,32.814655,-0.046403,0.933420,0.049264,0.352345,7.186811,5.327275,41.943420,0.011767,0.958531,0.075926,0.274436,-8.743678,1.495023,-6.361034,-0.046403,0.933420,0.049264,0.352345,16.525391,1.295677,31.721607
168,1.400000,0.009033,0.932151,-0.027221,0.360933,-1.295346,83.331993,20.335571,-0.010917,0.945989,0.040092,0.321525,-1.031403,90.553322,20.015659,0.001170,0.951009,-0.017541,0.308664,-1.803416,107.121193,21.160053,-0.013539,0.974243,0.064274,0.215724,-1.566950,125.223984,20.568785,0.011025,0.989181,-0.090938,0.114589,-1.568294,139.009827,20.615799,0.036181,0.897608,0.060054,0.435184,-4.520898,119.845650,18.628151,0.181127,-0.653138,0.105258,-0.727684,-14.585572,121.752808,5.988118,0.037360,-0.179671,-0.509454,-0.840702,-11.790897,113.014534,-14.466583,-0.146088,-0.120755,0.757706,0.624466,-3.159050,130.495514,-21.519075,-0.089044,0.986059,0.033724,0.136464,1.190285,119.906357,22.770681,0.268238,0.742699,-0.016403,-0.613333,16.596088,122.613655,27.246967,-0.066875,-0.020294,0.488220,-0.869918,18.921738,113.230392,7.020539,0.045706,-0.197868,0.758451,-0.619283,8.209094,130.590958,9.083472,0.049190,0.907368,0.116923,0.400740,-7.816654,83.307205,14.395678,0.086724,0.943932,-0.029122,0.317211,-7.661226,49.463745,5.597217,0.010768,0.958539,0.076011,0.274427,-15.842433,5.312663,5.595416,-0.087987,0.926164,-0.066766,0.360585,5.225962,83.356773,26.275465,-0.019693,0.911700,-0.102900,0.397274,9.241481,49.241177,32.819057,-0.046687,0.933408,0.049528,0.352303,7.182655,5.324212,41.946613,0.010768,0.958539,0.076011,0.274427,-8.738857,1.496482,-6.359680,-0.046687,0.933408,0.049528,0.352303,16.523462,1.302329,31.723011
169,1.408333,0.009266,0.932179,-0.027630,0.360822,-1.317747,83.330284,20.347187,-0.010610,0.946101,0.039841,0.321235,-1.048573,90.551231,20.022955,0.001426,0.951125,-0.017838,0.308288,-1.807988,107.122040,21.163097,-0.013381,0.974373,0.063899,0.215257,-1.559641,125.224426,20.564379,0.011217,0.989210,-0.091321,0.114008,-1.555256,139.010300,20.601862,0.036433,0.897760,0.059825,0.434880,-4.518761,119.847336,18.628199,0.180733,-0.652997,0.106044,-0.727795,-14.591432,121.758202,5.995101,0.036775,-0.180152,-0.508859,-0.840985,-11.795928,113.006424,-14.453712,-0.145476,-0.119431,0.757592,0.625002,-3.145792,130.476974,-21.512091,-0.088778,0.986140,0.033575,0.136085,1.195677,119.905807,22.766268,0.268238,0.742230,-0.017003,-0.613884,16.606379,122.605896,27.230015,-0.066743,-0.020283,0.488567,-0.869734,18.901724,113.211349,7.005370,0.045861,-0.198004,0.758554,-0.619102,8.202789,130.581039,9.066103,0.049154,0.907413,0.116785,0.400682,-7.840386,83.306786,14.408753,0.086575,0.943929,-0.028800,0.317291,-7.687184,49.460819,5.619889,0.010508,0.958494,0.076101,0.274569,-15.846827,5.305749,5.594368,-0.088006,0.926269,-0.066662,0.360329,5.204892,83.353790,26.285618,-0.019805,0.911676,-0.102775,0.397355,9.226073,49.237446,32.821838,-0.046699,0.933364,0.049642,0.352400,7.180110,5.318585,41.943138,0.010508,0.958494,0.076101,0.274569,-8.737208,1.493686,-6.358445,-0.046699,0.933364,0.049642,0.352400,16.523376,1.299839,31.720552
170,1.416667,0.009377,0.932198,-0.028041,0.360739,-1.339899,83.329155,20.361795,-0.010420,0.946205,0.039554,0.320971,-1.067113,90.549744,20.032585,0.001744,0.951231,-0.018150,0.307940,-1.817325,107.124878,21.166195,-0.013181,0.974515,0.063501,0.214740,-1.554732,125.226822,20.560192,0.011523,0.989256,-0.091677,0.113292,-1.543448,139.012726,20.587727,0.036647,0.897903,0.059748,0.434577,-4.519598,119.851372,18.628248,0.180605,-0.653147,0.106354,-0.727646,-14.600343,121.766998,6.002316,0.036590,-0.180335,-0.507893,-0.841537,-11.816612,113.008324,-14.445148,-0.144883,-0.118082,0.757778,0.625170,-3.129018,130.456894,-21.508289,-0.088472,0.986240,0.033538,0.135571,1.197853,119.906830,22.762194,0.267875,0.741904,-0.017939,-0.614411,16.614857,122.598099,27.209469,-0.066776,-0.020193,0.488787,-0.869610,18.889948,113.193367,6.987275,0.046115,-0.198339,0.758632,-0.618880,8.198818,130.570038,9.046136,0.049215,0.907323,0.116636,0.400922,-7.863556,83.304909,14.424482,0.086394,0.943952,-0.028437,0.317304,-7.716106,49.456921,5.643299,0.010593,0.958461,0.076264,0.274636,-15.850222,5.297166,5.592109,-0.088046,0.926385,-0.066529,0.360047,5.183759,83.353401,26.299107,-0.019833,0.911860,-0.102652,0.396963,9.212926,49.236305,32.826500,-0.046688,0.933332,0.049649,0.352487,7.177578,5.315268,41.939701,0.010593,0.958461,0.076264,0.274636,-8.739275,1.488829,-6.361102,-0.046688,0.933332,0.049649,0.352487,16.522621,1.296647,31.718689
171,1.425000,0.009523,0.932217,-0.028335,0.360663,-1.363833,83.328484,20.372334,-0.010352,0.946349,0.039509,0.320555,-1.087568,90.548798,20.039902,0.002037,0.951397,-0.018648,0.307395,-1.834527,107.120392,21.172918,-0.012657,0.974651,0.063184,0.214250,-1.556643,125.221634,20.552855,0.011656,0.989288,-0.092042,0.112705,-1.530166,139.007523,20.574537,0.037026,0.897967,0.059450,0.434454,-4.528435,119.847343,18.628349,0.180574,-0.653285,0.106499,-0.727509,-14.611751,121.769669,6.005487,0.036553,-0.180384,-0.506975,-0.842082,-11.837474,113.006721,-14.441434,-0.144338,-0.117094,0.757816,0.625436,-3.112764,130.433228,-21.507526,-0.088231,0.986377,0.033344,0.134775,1.193733,119.900879,22.755789,0.267670,0.741639,-0.018363,-0.614806,16.619129,122.586533,27.177290,-0.066841,-0.020558,0.488992,-0.869481,18.877331,113.179779,6.954140,0.046659,-0.198535,0.758839,-0.618522,8.193386,130.562820,9.028099,0.049143,0.907280,0.116508,0.401066,-7.888414,83.304817,14.436033,0.086251,0.944047,-0.028108,0.317090,-7.738684,49.454266,5.664795,0.010180,0.958462,0.076385,0.274612,-15.851524,5.290625,5.591675,-0.088196,0.926439,-0.066507,0.359873,5.160748,83.352158,26.308636,-0.019865,0.911939,-0.102488,0.396823,9.201329,49.236710,32.837574,-0.046766,0.933324,0.049677,0.352494,7.175900,5.312758,41.938938,0.010180,0.958462,0.076385,0.274612,-8.737084,1.488503,-6.361437,-0.046766,0.933324,0.049677,0.352494,16.521858,1.295667,31.718163
172,1.433333,0.009541,0.932245,-0.028553,0.360572,-1.380983,83.329941,20.383810,-0.010153,0.946448,0.039167,0.320312,-1.103377,90.550064,20.048500,0.002375,0.951493,-0.018933,0.307078,-1.840198,107.124504,21.173201,-0.012462,0.974749,0.062988,0.213873,-1.547694,125.225304,20.546978,0.011777,0.989306,-0.092412,0.112224,-1.515433,139.011200,20.564205,0.037164,0.898145,0.059161,0.434113,-4.525200,119.852852,18.626183,0.180603,-0.653829,0.106314,-0.727040,-14.617823,121.774689,6.010684,0.036737,-0.180204,-0.505742,-0.842854,-11.873658,113.014771,-14.441599,-0.143893,-0.116382,0.757806,0.625683,-3.096930,130.408478,-21.507179,-0.088001,0.986442,0.033429,0.134429,1.199702,119.903008,22.749874,0.267678,0.741241,-0.018711,-0.615273,16.629454,122.581459,27.160543,-0.066531,-0.020748,0.489235,-0.869363,18.861732,113.169250,6.937048,0.047263,-0.198618,0.759062,-0.618176,8.188011,130.558136,9.012101,0.049176,0.907411,0.116190,0.400859,-7.906716,83.305214,14.448778,0.086046,0.944133,-0.027663,0.316928,-7.770100,49.449707,5.696476,0.010129,0.958446,0.076657,0.274594,-15.853129,5.280659,5.592962,-0.088228,0.926481,-0.066482,0.359762,5.144752,83.354660,26.318840,-0.019945,0.912055,-0.102371,0.396582,9.188816,49.239380,32.846470,-0.046762,0.933328,0.049727,0.352477,7.176482,5.313560,41.941723,0.010129,0.958446,0.076657,0.274594,-8.737881,1.486247,-6.362121,-0.046762,0.933328,0.049727,0.352477,16.522144,1.297708,31.720182
173,1.441667,0.009539,0.932285,-0.028813,0.360448,-1.396324,83.332932,20.396515,-0.010058,0.946547,0.038863,0.320059,-1.117426,90.552841,20.057655,0.002784,0.951589,-0.019208,0.306760,-1.847737,107.128647,21.174030,-0.012182,0.974864,0.062626,0.213472,-1.538293,125.228989,20.542807,0.011831,0.989347,-0.092635,0.111677,-1.497013,139.014847,20.551598,0.037334,0.898282,0.058885,0.433852,-4.522190,119.858887,18.625370,0.180493,-0.654096,0.106608,-0.726785,-14.621746,121.781448,6.015539,0.036853,-0.180246,-0.504745,-0.843437,-11.896023,113.014198,-14.436063,-0.143586,-0.115706,0.757846,0.625831,-3.079181,130.382416,-21.507570,-0.087818,0.986516,0.033120,0.134077,1.205427,119.904640,22.745338,0.267849,0.740795,-0.019108,-0.615723,16.639296,122.579170,27.143940,-0.066062,-0.020909,0.489566,-0.869208,18.842606,113.155304,6.922707,0.047811,-0.198964,0.758980,-0.618124,8.182549,130.552673,8.994832,0.049222,0.907426,0.116120,0.400839,-7.923636,83.306595,14.463234,0.085888,0.944078,-0.027431,0.317156,-7.792165,49.450268,5.714043,0.009905,0.958441,0.076731,0.274600,-15.855289,5.277628,5.593431,-0.088237,0.926529,-0.066484,0.359636,5.130989,83.359268,26.329798,-0.020028,0.912072,-0.102208,0.396581,9.176434,49.244110,32.857254,-0.046752,0.933339,0.049705,0.352451,7.176786,5.315599,41.942314,0.009905,0.958441,0.076731,0.274600,-8.737670,1.486778,-6.361364,-0.046752,0.933339,0.049705,0.352451,16.521749,1.299041,31.720421
174,1.450000,0.009631,0.932315,-0.029079,0.360349,-1.413363,83.333397,20.406504,-0.009920,0.946640,0.038584,0.319822,-1.131876,90.553055,20.064510,0.002999,0.951678,-0.019524,0.306461,-1.854707,107.131241,21.173883,-0.011839,0.974939,0.062479,0.213190,-1.534547,125.231102,20.534029,0.011922,0.989364,-0.092883,0.111310,-1.483644,139.016937,20.540625,0.037533,0.898398,0.058605,0.433632,-4.522925,119.861923,18.620945,0.180336,-0.654256,0.107027,-0.726618,-14.628209,121.786072,6.015946,0.036941,-0.180278,-0.503847,-0.843963,-11.915907,113.009323,-14.433363,-0.143393,-0.115020,0.757932,0.625898,-3.062519,130.355377,-21.509966,-0.087404,0.986609,0.033075,0.133673,1.207269,119.906090,22.737345,0.267965,0.740486,-0.019182,-0.616041,16.647015,122.568237,27.122816,-0.065686,-0.021273,0.489733,-0.869134,18.829967,113.141891,6.900531,0.048488,-0.199111,0.759186,-0.617770,8.176921,130.543579,8.978529,0.049357,0.907292,0.116058,0.401143,-7.941905,83.306946,14.474574,0.085672,0.944021,-0.027252,0.317400,-7.817794,49.450539,5.725556,0.009861,0.958419,0.076806,0.274659,-15.857712,5.273703,5.593919,-0.088148,0.926574,-0.066435,0.359551,5.115178,83.359848,26.338434,-0.020235,0.912009,-0.102076,0.396750,9.156808,49.243153,32.860176,-0.046904,0.933335,0.049673,0.352447,7.177165,5.312970,41.941505,0.009861,0.958419,0.076806,0.274659,-8.738056,1.485134,-6.360386,-0.046904,0.933335,0.049673,0.352447,16.523323,1.297157,31.720411
175,1.458333,0.009740,0.932343,-0.029377,0.360247,-1.429769,83.333801,20.418402,-0.009826,0.946728,0.038244,0.319605,-1.145296,90.553185,20.072939,0.003282,0.951760,-0.019784,0.306187,-1.861437,107.135376,21.173002,-0.011466,0.975019,0.062214,0.212924,-1.528834,125.234795,20.527262,0.011987,0.989383,-0.093104,0.110946,-1.466780,139.020584,20.528669,0.037768,0.898540,0.058191,0.433374,-4.522084,119.867149,18.617546,0.180338,-0.654415,0.107350,-0.726426,-14.634076,121.792007,6.018034,0.037219,-0.180286,-0.502967,-0.844474,-11.934210,113.004303,-14.428223,-0.143204,-0.114520,0.758030,0.625914,-3.044978,130.326706,-21.512774,-0.087049,0.986697,0.032952,0.133286,1.210452,119.908546,22.730715,0.268347,0.740195,-0.019058,-0.616229,16.655582,122.560478,27.103413,-0.065052,-0.021618,0.489835,-0.869116,18.818970,113.128242,6.881759,0.049080,-0.199242,0.759286,-0.617558,8.171595,130.531311,8.959436,0.049300,0.907256,0.116069,0.401229,-7.959565,83.307312,14.487849,0.085626,0.944056,-0.027039,0.317325,-7.830688,49.450695,5.739722,0.009777,0.958396,0.076784,0.274745,-15.860756,5.272117,5.592020,-0.088052,0.926500,-0.066420,0.359768,5.100026,83.360291,26.348951,-0.020400,0.911947,-0.101848,0.396942,9.134315,49.242268,32.868298,-0.046902,0.933282,0.049698,0.352584,7.174391,5.308509,41.936600,0.009777,0.958396,0.076784,0.274745,-8.738300,1.483491,-6.360604,-0.046902,0.933282,0.049698,0.352584,16.523535,1.293417,31.717951
176,1.466667,0.009865,0.932391,-0.029702,0.360093,-1.445311,83.333656,20.428158,-0.009904,0.946821,0.038008,0.319354,-1.157524,90.552727,20.078911,0.003685,0.951848,-0.020117,0.305887,-1.873404,107.137695,21.171066,-0.011272,0.975084,0.062006,0.212695,-1.523393,125.236526,20.518198,0.012164,0.989383,-0.093298,0.110762,-1.455280,139.022278,20.514936,0.037982,0.898653,0.057705,0.433187,-4.523091,119.871094,18.612368,0.180223,-0.654485,0.107778,-0.726328,-14.639852,121.795143,6.016555,0.037500,-0.180272,-0.502172,-0.844938,-11.948233,112.996765,-14.426203,-0.143105,-0.114133,0.758343,0.625628,-3.025793,130.298660,-21.518230,-0.086562,0.986788,0.032875,0.132953,1.212001,119.908432,22.722012,0.269050,0.739937,-0.017911,-0.616266,16.662762,122.545685,27.083679,-0.063796,-0.022782,0.489725,-0.869242,18.807180,113.124886,6.854680,0.050410,-0.199945,0.760509,-0.615717,8.157999,130.523758,8.948348,0.049119,0.907229,0.116157,0.401286,-7.977020,83.307236,14.499710,0.085628,0.944161,-0.026881,0.317025,-7.833646,49.450802,5.751091,0.009814,0.958405,0.076720,0.274732,-15.859435,5.271482,5.592489,-0.087989,0.926495,-0.066480,0.359786,5.086397,83.360085,26.356602,-0.020537,0.911996,-0.101643,0.396875,9.114959,49.241837,32.878342,-0.046974,0.933269,0.049689,0.352609,7.174244,5.304832,41.935047,0.009814,0.958405,0.076720,0.274732,-8.737822,1.480866,-6.360006,-0.046974,0.933269,0.049689,0.352609,16.524553,1.290281,31.717249
177,1.475000,0.009981,0.932409,-0.030016,0.360018,-1.461752,83.335266,20.438313,-0.009784,0.946896,0.037734,0.319168,-1.170794,90.554031,20.085413,0.003853,0.951917,-0.020428,0.305650,-1.879841,107.141289,21.170456,-0.010908,0.975141,0.061867,0.212496,-1.520765,125.239624,20.508629,0.012275,0.989397,-0.093466,0.110487,-1.442377,139.025330,20.503590,0.038145,0.898761,0.057302,0.433002,-4.524177,119.874825,18.606873,0.180228,-0.654554,0.108050,-0.726224,-14.645738,121.797737,6.014738,0.037765,-0.180233,-0.501448,-0.845364,-11.960784,112.990334,-14.425013,-0.142924,-0.113670,0.758665,0.625363,-3.007731,130.273605,-21.523186,-0.086257,0.986864,0.032643,0.132639,1.212945,119.911171,22.713696,0.269052,0.739670,-0.018137,-0.616579,16.668144,122.540161,27.064640,-0.063142,-0.023425,0.489810,-0.869224,18.795216,113.116013,6.835356,0.051808,-0.200476,0.761551,-0.614138,8.149281,130.518860,8.939290,0.049146,0.907127,0.116167,0.401509,-7.994374,83.308800,14.510870,0.085506,0.944157,-0.026716,0.317084,-7.850286,49.452709,5.760929,0.009775,0.958388,0.076711,0.274795,-15.861167,5.270725,5.591311,-0.088019,0.926460,-0.066604,0.359846,5.070870,83.361740,26.365753,-0.020633,0.911996,-0.101373,0.396940,9.097782,49.245026,32.896484,-0.046952,0.933255,0.049685,0.352651,7.173966,5.303457,41.934624,0.009775,0.958388,0.076711,0.274795,-8.737712,1.480091,-6.360087,-0.046952,0.933255,0.049685,0.352651,16.524982,1.288595,31.717590
178,1.483333,0.009987,0.932432,-0.030166,0.359946,-1.475930,83.339241,20.448154,-0.009923,0.946992,0.037522,0.318905,-1.184130,90.557877,20.093245,0.004340,0.952019,-0.020723,0.305307,-1.895164,107.149246,21.170580,-0.010706,0.975251,0.061571,0.212085,-1.516263,125.246986,20.503872,0.012623,0.989432,-0.093627,0.109994,-1.431389,139.032654,20.491657,0.038296,0.898749,0.056983,0.433055,-4.527009,119.885078,18.605579,0.179983,-0.654653,0.108765,-0.726089,-14.646715,121.807991,6.011959,0.037756,-0.180403,-0.500613,-0.845823,-11.974527,112.984337,-14.422448,-0.142405,-0.113238,0.759098,0.625034,-2.988844,130.248566,-21.528875,-0.086057,0.986949,0.032420,0.132189,1.213006,119.916046,22.708399,0.269281,0.739443,-0.018370,-0.616745,16.673201,122.540298,27.044424,-0.062616,-0.023760,0.489928,-0.869186,18.785564,113.104698,6.818944,0.052564,-0.200696,0.761683,-0.613838,8.144950,130.510757,8.924510,0.049168,0.907078,0.116169,0.401618,-8.009464,83.311974,14.521724,0.085399,0.944184,-0.026557,0.317046,-7.865640,49.456078,5.771041,0.009603,0.958393,0.076707,0.274786,-15.862971,5.271682,5.591355,-0.088043,0.926443,-0.066661,0.359873,5.057605,83.366516,26.374584,-0.020774,0.912030,-0.101195,0.396900,9.084445,49.250626,32.909698,-0.047137,0.933303,0.049616,0.352509,7.178990,5.306342,41.938519,0.009603,0.958393,0.076707,0.274786,-8.738175,1.482155,-6.359589,-0.047137,0.933303,0.049616,0.352509,16.528427,1.291526,31.720028
179,1.491667,0.009923,0.932488,-0.030259,0.359794,-1.488333,83.342796,20.455826,-0.009591,0.947030,0.037012,0.318862,-1.196973,90.561363,20.099287,0.004309,0.952021,-0.020898,0.305288,-1.892108,107.154549,21.164150,-0.010433,0.975286,0.061452,0.211972,-1.512363,125.252045,20.491035,0.012833,0.989456,-0.093699,0.109690,-1.419617,139.037659,20.477116,0.038483,0.898882,0.056884,0.432776,-4.523441,119.889595,18.594757,0.179732,-0.654732,0.109355,-0.725992,-14.650525,121.816254,6.007645,0.037701,-0.180555,-0.499809,-0.846268,-11.988739,112.980591,-14.422931,-0.141900,-0.112658,0.759503,0.624762,-2.971283,130.227417,-21.536184,-0.085929,0.986976,0.032303,0.132100,1.216738,119.921745,22.697334,0.269573,0.739160,-0.018653,-0.616948,16.678408,122.542549,27.030155,-0.062061,-0.023954,0.490116,-0.869115,18.772499,113.092697,6.809437,0.053237,-0.200781,0.761988,-0.613374,8.138911,130.505447,8.911382,0.049185,0.907044,0.116154,0.401697,-8.023817,83.313980,14.531554,0.085286,0.944167,-0.026421,0.317138,-7.880741,49.457951,5.781380,0.009363,0.958397,0.076763,0.274764,-15.864724,5.271178,5.592614,-0.088092,0.926456,-0.066810,0.359799,5.047151,83.371613,26.380095,-0.020707,0.912280,-0.101022,0.396373,9.073828,49.257717,32.925682,-0.047174,0.933275,0.049607,0.352578,7.174297,5.310053,41.939278,0.009363,0.958397,0.076763,0.274764,-8.738143,1.484882,-6.358286,-0.047174,0.933275,0.049607,0.352578,16.525539,1.295439,31.722361
180,1.500000,0.009881,0.932524,-0.030363,0.359693,-1.499546,83.344376,20.464035,-0.009529,0.947099,0.036669,0.318697,-1.208251,90.562859,20.105843,0.004577,0.952079,-0.021113,0.305088,-1.897730,107.159470,21.160864,-0.010270,0.975337,0.061300,0.211788,-1.506485,125.256554,20.483217,0.013035,0.989466,-0.093796,0.109500,-1.408795,139.042130,20.465977,0.038609,0.898949,0.056579,0.432665,-4.521826,119.895615,18.589466,0.179359,-0.654928,0.109840,-0.725834,-14.651723,121.821533,6.004512,0.037655,-0.180684,-0.498946,-0.846751,-12.006233,112.980232,-14.425734,-0.141576,-0.112128,0.759758,0.624622,-2.954420,130.208115,-21.545321,-0.085824,0.987013,0.032129,0.131938,1.220048,119.925011,22.689690,0.269735,0.738919,-0.018944,-0.617157,16.683695,122.543488,27.016842,-0.061605,-0.024170,0.490301,-0.869037,18.762264,113.082970,6.799515,0.054021,-0.200867,0.762402,-0.612762,8.136438,130.500809,8.900404,0.049143,0.907045,0.116106,0.401713,-8.036327,83.314255,14.541204,0.085258,0.944199,-0.026232,0.317066,-7.891813,49.457153,5.795205,0.009396,0.958368,0.076870,0.274835,-15.868078,5.269053,5.591842,-0.088170,0.926492,-0.067108,0.359632,5.037235,83.374496,26.386866,-0.020718,0.912424,-0.100714,0.396119,9.062455,49.264355,32.952900,-0.047147,0.933308,0.049673,0.352485,7.177337,5.311150,41.942493,0.009396,0.958368,0.076870,0.274835,-8.739784,1.485340,-6.358852,-0.047147,0.933308,0.049673,0.352485,16.526482,1.297879,31.723135
181,1.508333,0.010088,0.932559,-0.030715,0.359568,-1.517200,83.346611,20.473507,-0.009390,0.947158,0.036345,0.318563,-1.221337,90.564728,20.111610,0.004769,0.952122,-0.021376,0.304934,-1.902815,107.161804,21.157969,-0.010046,0.975376,0.061173,0.211657,-1.502178,125.258423,20.473310,0.013253,0.989474,-0.093866,0.109336,-1.397927,139.043945,20.453835,0.038815,0.898985,0.056318,0.432607,-4.520957,119.898354,18.582541,0.178923,-0.655016,0.110445,-0.725770,-14.651974,121.826591,5.998834,0.037620,-0.180847,-0.498237,-0.847136,-12.017582,112.978004,-14.429697,-0.141456,-0.111751,0.759866,0.624584,-2.938239,130.190140,-21.556576,-0.085725,0.987067,0.031898,0.131655,1.222215,119.926262,22.680960,0.269996,0.738734,-0.019105,-0.617260,16.688841,122.542992,26.998537,-0.061137,-0.024490,0.490316,-0.869053,18.755432,113.071510,6.785111,0.054556,-0.200933,0.762758,-0.612249,8.130783,130.490005,8.888044,0.049018,0.906994,0.116079,0.401851,-8.055503,83.317741,14.552346,0.085208,0.944283,-0.026006,0.316849,-7.902527,49.459351,5.811469,0.009506,0.958368,0.076848,0.274836,-15.868282,5.269429,5.592253,-0.088124,0.926507,-0.067081,0.359610,5.021103,83.375481,26.394669,-0.020875,0.912427,-0.100574,0.396140,9.044272,49.264523,32.957684,-0.046910,0.933287,0.049803,0.352554,7.176822,5.309376,41.941452,0.009506,0.958368,0.076848,0.274836,-8.741009,1.484355,-6.358624,-0.046910,0.933287,0.049803,0.352554,16.525640,1.297075,31.721413
182,1.516667,0.010080,0.932576,-0.030927,0.359504,-1.528705,83.343246,20.480827,-0.009271,0.947202,0.036076,0.318467,-1.231871,90.561172,20.116011,0.004828,0.952151,-0.021667,0.304820,-1.906811,107.162926,21.155476,-0.009736,0.975388,0.061149,0.211621,-1.501016,125.259064,20.461412,0.013485,0.989470,-0.093949,0.109278,-1.388332,139.044525,20.443041,0.039036,0.899024,0.055963,0.432552,-4.521818,119.898926,18.574116,0.178403,-0.655013,0.111058,-0.725808,-14.653826,121.828545,5.991419,0.037571,-0.181055,-0.497634,-0.847448,-12.025356,112.975121,-14.435783,-0.141454,-0.111476,0.759796,0.624719,-2.923416,130.174133,-21.571009,-0.085540,0.987115,0.031676,0.131468,1.222332,119.927254,22.671164,0.269975,0.738592,-0.019498,-0.617427,16.691603,122.539291,26.982105,-0.060743,-0.024777,0.490361,-0.869047,18.749468,113.059235,6.771809,0.055521,-0.201006,0.763040,-0.611787,8.127684,130.478149,8.877034,0.048915,0.906969,0.116145,0.401901,-8.067817,83.312935,14.560565,0.085195,0.944324,-0.025903,0.316737,-7.905925,49.454914,5.818419,0.009421,0.958358,0.076915,0.274855,-15.867737,5.264315,5.591785,-0.088062,0.926434,-0.067151,0.359800,5.010406,83.373550,26.401087,-0.020973,0.912370,-0.100361,0.396318,9.026384,49.262482,32.967945,-0.047121,0.933230,0.049785,0.352680,7.172838,5.303860,41.937595,0.009421,0.958358,0.076915,0.274855,-8.739047,1.481640,-6.359008,-0.047121,0.933230,0.049785,0.352680,16.526192,1.293358,31.720993
183,1.525000,0.010146,0.932570,-0.031171,0.359497,-1.542976,83.343895,20.488298,-0.009264,0.947261,0.035938,0.318306,-1.243984,90.561584,20.120533,0.004984,0.952214,-0.021988,0.304599,-1.917111,107.164932,21.155926,-0.009365,0.975420,0.061079,0.211511,-1.502551,125.260506,20.452387,0.013770,0.989464,-0.094097,0.109169,-1.379677,139.045883,20.434185,0.039352,0.899039,0.055398,0.432563,-4.526899,119.900917,18.569214,0.177802,-0.654780,0.111820,-0.726048,-14.657781,121.831894,5.985813,0.037507,-0.181468,-0.497219,-0.847606,-12.023254,112.971970,-14.437792,-0.141482,-0.111183,0.759730,0.624846,-2.908589,130.162949,-21.588198,-0.085324,0.987175,0.031405,0.131224,1.219124,119.928452,22.663641,0.270048,0.738514,-0.019626,-0.617483,16.691679,122.535172,26.966032,-0.060425,-0.025046,0.490342,-0.869072,18.744658,113.049995,6.757630,0.056085,-0.201131,0.763347,-0.611312,8.122669,130.468369,8.866053,0.048852,0.906881,0.116114,0.402117,-8.082161,83.313126,14.568119,0.085162,0.944395,-0.025729,0.316551,-7.915149,49.454163,5.829711,0.009322,0.958348,0.076935,0.274886,-15.869295,5.262247,5.590889,-0.088106,0.926444,-0.067253,0.359743,4.996210,83.374664,26.408478,-0.021010,0.912540,-0.100150,0.395980,9.012813,49.265091,32.982735,-0.047250,0.933234,0.049704,0.352663,7.173182,5.302808,41.937290,0.009322,0.958348,0.076935,0.274886,-8.738906,1.480772,-6.359275,-0.047250,0.933234,0.049704,0.352663,16.527134,1.291524,31.721540
184,1.533333,0.010078,0.932568,-0.031318,0.359493,-1.551630,83.346329,20.494818,-0.009187,0.947300,0.035689,0.318220,-1.252794,90.563904,20.124720,0.005063,0.952247,-0.022203,0.304479,-1.920830,107.169617,21.153252,-0.008967,0.975451,0.060933,0.211430,-1.501270,125.264824,20.443153,0.013996,0.989473,-0.094158,0.109006,-1.366976,139.050095,20.423254,0.039480,0.898983,0.055312,0.432679,-4.527616,119.905426,18.562641,0.177305,-0.654875,0.112274,-0.726014,-14.654911,121.839073,5.976771,0.037456,-0.181708,-0.496554,-0.847946,-12.030520,112.978401,-14.447810,-0.141277,-0.110967,0.759704,0.624962,-2.891170,130.154770,-21.607874,-0.085174,0.987206,0.031131,0.131147,1.219427,119.932785,22.655634,0.270117,0.738251,-0.020085,-0.617753,16.693460,122.536003,26.954790,-0.060137,-0.025123,0.490558,-0.868968,18.729805,113.038788,6.750371,0.056708,-0.201026,0.763669,-0.610887,8.116369,130.463379,8.856240,0.048845,0.906775,0.116077,0.402367,-8.090883,83.313515,14.574727,0.085146,0.944421,-0.025607,0.316486,-7.922080,49.453903,5.838868,0.009320,0.958334,0.077018,0.274913,-15.871498,5.261189,5.590634,-0.088112,0.926474,-0.067430,0.359633,4.987623,83.379135,26.414907,-0.021053,0.912690,-0.099949,0.395681,9.000892,49.271309,33.000237,-0.047147,0.933260,0.049779,0.352598,7.174908,5.305564,41.940575,0.009320,0.958334,0.077018,0.274913,-8.740202,1.481942,-6.359684,-0.047147,0.933260,0.049779,0.352598,16.526722,1.295121,31.722546
185,1.541667,0.010015,0.932567,-0.031417,0.359487,-1.559917,83.349083,20.499586,-0.009078,0.947314,0.035493,0.318205,-1.261414,90.566589,20.127823,0.005039,0.952250,-0.022377,0.304458,-1.923943,107.173538,21.151400,-0.008611,0.975453,0.060840,0.211460,-1.503297,125.268471,20.435003,0.014232,0.989467,-0.094228,0.108969,-1.358838,139.053635,20.414673,0.039563,0.898931,0.055139,0.432802,-4.530060,119.908592,18.556488,0.177084,-0.655331,0.111901,-0.725714,-14.653662,121.842384,5.967668,0.037725,-0.181549,-0.495628,-0.848510,-12.052295,112.998222,-14.467017,-0.141029,-0.110919,0.759760,0.624957,-2.873527,130.149796,-21.628969,-0.085083,0.987237,0.030837,0.131049,1.217172,119.937042,22.649210,0.270022,0.738139,-0.020519,-0.617914,16.692553,122.538773,26.944429,-0.059865,-0.025272,0.490601,-0.868958,18.722284,113.033913,6.742935,0.057496,-0.201023,0.764111,-0.610261,8.110042,130.461182,8.848886,0.048885,0.906717,0.115977,0.402521,-8.099266,83.314606,14.579609,0.085074,0.944401,-0.025484,0.316576,-7.934311,49.453655,5.848890,0.009147,0.958318,0.077126,0.274943,-15.874189,5.259278,5.591572,-0.088246,0.926513,-0.067745,0.359440,4.979433,83.383560,26.419561,-0.020955,0.912859,-0.099679,0.395364,8.994616,49.280365,33.027679,-0.047077,0.933250,0.049850,0.352622,7.173326,5.309418,41.943363,0.009147,0.958318,0.077126,0.274943,-8.740299,1.484156,-6.358506,-0.047077,0.933250,0.049850,0.352622,16.525202,1.300097,31.724945
186,1.550000,0.009924,0.932554,-0.031465,0.359520,-1.567402,83.352814,20.504293,-0.008439,0.947248,0.034579,0.318520,-1.269870,90.570305,20.131414,0.004877,0.952138,-0.021889,0.304845,-1.903409,107.192459,21.133514,-0.008767,0.975452,0.060569,0.211538,-1.493426,125.288223,20.432325,0.014561,0.989473,-0.094298,0.108806,-1.351439,139.073395,20.403866,0.039144,0.899008,0.055281,0.432661,-4.515347,119.928024,18.546974,0.174278,-0.655212,0.114622,-0.726076,-14.643994,121.851410,5.960621,0.036310,-0.182631,-0.494699,-0.848882,-12.063311,113.000229,-14.473638,-0.140854,-0.110890,0.759837,0.624909,-2.856309,130.147659,-21.650976,-0.084818,0.987236,0.030786,0.131238,1.228573,119.956657,22.644337,0.270376,0.737862,-0.020644,-0.618086,16.703800,122.549911,26.945210,-0.058993,-0.025429,0.490579,-0.869026,18.715416,113.033066,6.747554,0.058168,-0.201170,0.764430,-0.609749,8.104667,130.458099,8.841207,0.048886,0.906637,0.115888,0.402728,-8.106362,83.316513,14.583903,0.085051,0.944363,-0.025373,0.316703,-7.942029,49.454109,5.858772,0.009186,0.958294,0.077255,0.274991,-15.876752,5.258861,5.591678,-0.088304,0.926474,-0.067915,0.359493,4.971559,83.389122,26.424683,-0.020943,0.913025,-0.099504,0.395026,8.985729,49.288246,33.045395,-0.046998,0.933271,0.049898,0.352572,7.173016,5.314126,41.947186,0.009186,0.958294,0.077255,0.274991,-8.741693,1.486903,-6.358696,-0.046998,0.933271,0.049898,0.352572,16.523222,1.305186,31.727097
187,1.558333,0.009939,0.932538,-0.031590,0.359550,-1.575984,83.354782,20.509188,-0.008370,0.947244,0.034365,0.318555,-1.277584,90.572151,20.134718,0.004915,0.952123,-0.022064,0.304877,-1.906699,107.195030,21.130793,-0.008459,0.975443,0.060513,0.211608,-1.493483,125.290512,20.424025,0.014802,0.989460,-0.094397,0.108812,-1.342779,139.075592,20.395878,0.039246,0.898940,0.055192,0.432805,-4.516216,119.930252,18.540123,0.173695,-0.655317,0.114790,-0.726094,-14.640561,121.855522,5.950597,0.036318,-0.182856,-0.494073,-0.849198,-12.067787,113.015068,-14.489302,-0.140649,-0.110871,0.759800,0.625003,-2.838523,130.146576,-21.676191,-0.084683,0.987265,0.030570,0.131158,1.227424,119.959152,22.637877,0.270351,0.737767,-0.020787,-0.618205,16.704081,122.549141,26.935577,-0.058676,-0.025727,0.490609,-0.869021,18.709696,113.030182,6.738320,0.058961,-0.201327,0.764962,-0.608953,8.100484,130.456299,8.836342,0.048846,0.906616,0.115747,0.402820,-8.114562,83.317924,14.588377,0.085037,0.944408,-0.025182,0.316589,-7.950832,49.452980,5.873132,0.009129,0.958278,0.077323,0.275030,-15.879000,5.256653,5.591189,-0.088349,0.926427,-0.068041,0.359580,4.962594,83.391640,26.429998,-0.020977,0.912990,-0.099298,0.395157,8.975784,49.292530,33.060360,-0.047049,0.933261,0.049868,0.352594,7.171878,5.314866,41.946384,0.009129,0.958278,0.077323,0.275030,-8.742299,1.486893,-6.358901,-0.047049,0.933261,0.049868,0.352594,16.522940,1.305683,31.727171
188,1.566667,0.009952,0.932512,-0.031733,0.359606,-1.584093,83.355499,20.512972,-0.008882,0.947312,0.034837,0.318287,-1.284761,90.572731,20.136654,0.005197,0.952221,-0.022815,0.304512,-1.934284,107.181725,21.141586,-0.007885,0.975456,0.060476,0.211579,-1.503329,125.275887,20.411873,0.015049,0.989438,-0.094433,0.108942,-1.337011,139.060791,20.386034,0.039795,0.898669,0.055062,0.433334,-4.532886,119.916344,18.536942,0.173322,-0.655358,0.114711,-0.726159,-14.640892,121.856438,5.936563,0.036413,-0.182880,-0.493582,-0.849474,-12.069687,113.028885,-14.509111,-0.140595,-0.110787,0.759731,0.625114,-2.820435,130.148499,-21.700354,-0.085017,0.987285,0.030276,0.130856,1.213855,119.944550,22.630354,0.270071,0.737844,-0.021302,-0.618218,16.691250,122.546860,26.917957,-0.058943,-0.025788,0.490727,-0.868935,18.702948,113.021957,6.724104,0.059315,-0.201476,0.765349,-0.608383,8.097358,130.452133,8.830085,0.048848,0.906461,0.115607,0.403209,-8.121963,83.317894,14.591381,0.085030,0.944381,-0.025038,0.316681,-7.958649,49.450691,5.884887,0.009026,0.958256,0.077364,0.275097,-15.882170,5.253610,5.590099,-0.088369,0.926366,-0.068142,0.359713,4.953775,83.393105,26.434561,-0.021041,0.913011,-0.099131,0.395148,8.964697,49.295193,33.072495,-0.047330,0.933267,0.049721,0.352562,7.172088,5.314774,41.947205,0.009026,0.958256,0.077364,0.275097,-8.742814,1.485629,-6.358969,-0.047330,0.933267,0.049721,0.352562,16.524612,1.304690,31.729677
189,1.575000,0.009876,0.932476,-0.031920,0.359683,-1.590058,83.358879,20.518593,-0.008349,0.947223,0.033937,0.318665,-1.290741,90.575966,20.139393,0.005073,0.952086,-0.022326,0.304971,-1.914714,107.198524,21.122051,-0.008139,0.975415,0.060372,0.211790,-1.493056,125.293518,20.408020,0.015369,0.989414,-0.094564,0.109000,-1.332614,139.078476,20.378117,0.039494,0.898738,0.055009,0.433226,-4.517860,119.933891,18.525673,0.172787,-0.655502,0.114842,-0.726135,-14.629698,121.864319,5.926882,0.036438,-0.183122,-0.493023,-0.849745,-12.068322,113.047218,-14.524540,-0.140535,-0.110629,0.759742,0.625143,-2.798599,130.154404,-21.726986,-0.084539,0.987289,0.030481,0.131089,1.224950,119.961807,22.624598,0.270544,0.737512,-0.021130,-0.618414,16.702991,122.547676,26.919809,-0.058363,-0.025866,0.490872,-0.868890,18.692358,113.015770,6.727047,0.059364,-0.201610,0.765698,-0.607894,8.094374,130.448044,8.824104,0.048817,0.906433,0.115480,0.403313,-8.126969,83.318802,14.595960,0.085033,0.944406,-0.024877,0.316618,-7.964340,49.449326,5.898314,0.009245,0.958239,0.077449,0.275127,-15.883586,5.251572,5.590381,-0.088367,0.926373,-0.068264,0.359673,4.946853,83.398956,26.441225,-0.020970,0.913215,-0.098953,0.394723,8.954833,49.302181,33.086754,-0.047009,0.933234,0.049732,0.352692,7.166912,5.318344,41.945419,0.009245,0.958239,0.077449,0.275127,-8.745217,1.484305,-6.359503,-0.047009,0.933234,0.049732,0.352692,16.519415,1.305322,31.729031
190,1.583333,0.009810,0.932439,-0.032008,0.359774,-1.592800,83.358948,20.522711,-0.008987,0.947286,0.034440,0.318408,-1.293876,90.575966,20.142006,0.005414,0.952182,-0.023074,0.304611,-1.942636,107.186333,21.133284,-0.007851,0.975435,0.060351,0.211715,-1.501226,125.279976,20.397066,0.015787,0.989386,-0.094624,0.109145,-1.333036,139.064850,20.368191,0.040078,0.898445,0.054790,0.433807,-4.533421,119.921471,18.523424,0.170541,-0.655338,0.116640,-0.726528,-14.627364,121.866547,5.912542,0.035368,-0.183831,-0.492201,-0.850114,-12.074990,113.056122,-14.542884,-0.140351,-0.110564,0.759682,0.625269,-2.776763,130.159409,-21.754450,-0.084679,0.987313,0.030249,0.130870,1.212437,119.947899,22.618090,0.270188,0.737600,-0.021353,-0.618457,16.691576,122.539536,26.905861,-0.058810,-0.025923,0.490936,-0.868822,18.687178,113.012077,6.711610,0.059421,-0.201679,0.766185,-0.607253,8.090172,130.447464,8.820156,0.048791,0.906473,0.115373,0.403257,-8.128580,83.317169,14.598841,0.085059,0.944357,-0.024758,0.316768,-7.967921,49.445793,5.908542,0.009139,0.958224,0.077500,0.275169,-15.885979,5.247909,5.588531,-0.088334,0.926312,-0.068387,0.359815,4.942980,83.400734,26.446581,-0.020965,0.913249,-0.098751,0.394695,8.944715,49.304737,33.099861,-0.046922,0.933186,0.049805,0.352820,7.163879,5.317292,41.942036,0.009139,0.958224,0.077500,0.275169,-8.745505,1.482733,-6.360754,-0.046922,0.933186,0.049805,0.352820,16.518536,1.305357,31.727188
191,1.591667,0.009718,0.932409,-0.032037,0.359850,-1.596554,83.361603,20.528254,-0.008604,0.947163,0.033475,0.318886,-1.298697,90.578621,20.146706,0.005414,0.952006,-0.022470,0.305207,-1.926260,107.207802,21.112261,-0.007859,0.975381,0.060091,0.212036,-1.491075,125.302437,20.397154,0.015875,0.989370,-0.094711,0.109203,-1.321036,139.087265,20.361488,0.039701,0.898445,0.054958,0.433821,-4.518814,119.944870,18.513641,0.170086,-0.655539,0.116764,-0.726433,-14.613337,121.881340,5.901906,0.035503,-0.184009,-0.491592,-0.850422,-12.074098,113.079193,-14.558712,-0.140276,-0.110632,0.759687,0.625266,-2.753042,130.167206,-21.781301,-0.084339,0.987295,0.030232,0.131234,1.221918,119.968918,22.615501,0.270652,0.737326,-0.021286,-0.618583,16.699816,122.549309,26.914511,-0.058229,-0.025829,0.491081,-0.868782,18.677183,113.011566,6.723331,0.059464,-0.201677,0.766734,-0.606555,8.086880,130.450409,8.816895,0.048820,0.906455,0.115283,0.403317,-8.131403,83.318069,14.603372,0.085006,0.944342,-0.024652,0.316834,-7.974577,49.445435,5.917920,0.009003,0.958234,0.077626,0.275102,-15.885118,5.246270,5.589861,-0.088298,0.926209,-0.068436,0.360078,4.938294,83.405136,26.453136,-0.021060,0.913194,-0.098631,0.394848,8.934529,49.309158,33.109810,-0.047080,0.933218,0.049767,0.352719,7.164238,5.319947,41.945328,0.009003,0.958234,0.077626,0.275102,-8.744678,1.485505,-6.360830,-0.047080,0.933218,0.049767,0.352719,16.518038,1.308589,31.729471
192,1.600000,0.009575,0.932387,-0.031953,0.359920,-1.597247,83.364883,20.531481,-0.008492,0.947105,0.033121,0.319099,-1.301725,90.582024,20.150343,0.005337,0.951923,-0.022445,0.305466,-1.922114,107.209732,21.105646,-0.008048,0.975320,0.060154,0.212294,-1.489669,125.304436,20.390678,0.016235,0.989316,-0.094836,0.109525,-1.324647,139.089340,20.355860,0.039746,0.898321,0.054870,0.434085,-4.515461,119.946350,18.505556,0.169412,-0.655734,0.116786,-0.726411,-14.602420,121.883179,5.887818,0.035477,-0.184105,-0.491021,-0.850732,-12.074846,113.098785,-14.581879,-0.140213,-0.110836,0.759559,0.625401,-2.732138,130.172699,-21.808710,-0.084398,0.987270,0.030135,0.131407,1.223046,119.971397,22.610525,0.270624,0.737240,-0.021397,-0.618694,16.699146,122.553841,26.914783,-0.058050,-0.025922,0.491102,-0.868779,18.671053,113.014877,6.723647,0.059749,-0.201865,0.767185,-0.605894,8.082256,130.453644,8.816907,0.048933,0.906421,0.115113,0.403430,-8.131252,83.319496,14.605680,0.084951,0.944179,-0.024571,0.317342,-7.985343,49.444904,5.927690,0.009056,0.958194,0.077769,0.275200,-15.888757,5.244535,5.590152,-0.088307,0.926117,-0.068535,0.360295,4.936759,83.410278,26.457279,-0.021048,0.913298,-0.098506,0.394640,8.929439,49.315357,33.121517,-0.047146,0.933223,0.049722,0.352702,7.164618,5.323884,41.946842,0.009056,0.958194,0.077769,0.275200,-8.746034,1.487175,-6.360248,-0.047146,0.933223,0.049722,0.352702,16.518541,1.312036,31.731293
193,1.608333,0.009422,0.932352,-0.031977,0.360012,-1.598150,83.365082,20.534769,-0.008523,0.947060,0.032856,0.319258,-1.304531,90.582237,20.152544,0.005383,0.951865,-0.022442,0.305648,-1.923366,107.213303,21.099201,-0.007897,0.975290,0.060149,0.212435,-1.489247,125.307999,20.384907,0.016519,0.989286,-0.095049,0.109572,-1.319900,139.092850,20.350956,0.039785,0.898189,0.054810,0.434360,-4.514731,119.950188,18.498474,0.168672,-0.655842,0.116818,-0.726481,-14.593798,121.887650,5.874534,0.035509,-0.184148,-0.490398,-0.851081,-12.072906,113.122772,-14.604345,-0.140179,-0.111019,0.759559,0.625376,-2.705809,130.180878,-21.834858,-0.084397,0.987250,0.029891,0.131610,1.222203,119.974686,22.605640,0.270682,0.737139,-0.021538,-0.618784,16.696566,122.557899,26.915661,-0.057959,-0.025881,0.491160,-0.868754,18.662067,113.014267,6.726107,0.059622,-0.202071,0.767663,-0.605232,8.075508,130.454819,8.816183,0.048942,0.906390,0.115015,0.403526,-8.131042,83.316971,14.607765,0.084980,0.944218,-0.024473,0.317224,-7.987594,49.440868,5.935638,0.009119,0.958183,0.077900,0.275199,-15.890715,5.240509,5.589900,-0.088320,0.926047,-0.068637,0.360451,4.934741,83.413193,26.461771,-0.021010,0.913283,-0.098356,0.394714,8.924575,49.319416,33.133522,-0.046943,0.933178,0.049837,0.352834,7.161339,5.325148,41.945206,0.009119,0.958183,0.077900,0.275199,-8.748199,1.486250,-6.361594,-0.046943,0.933178,0.049837,0.352834,16.516548,1.314268,31.730455
194,1.616667,0.009360,0.932318,-0.032018,0.360097,-1.598703,83.366577,20.537031,-0.008630,0.947016,0.032704,0.319401,-1.305665,90.583717,20.153957,0.005446,0.951810,-0.022494,0.305813,-1.926393,107.215073,21.094591,-0.007651,0.975255,0.060113,0.212616,-1.489379,125.309662,20.379276,0.016658,0.989255,-0.095225,0.109678,-1.312904,139.094421,20.345968,0.039920,0.898060,0.054785,0.434619,-4.514987,119.952164,18.492134,0.168040,-0.655892,0.116830,-0.726581,-14.586386,121.893501,5.862667,0.035581,-0.184263,-0.489851,-0.851368,-12.068537,113.145935,-14.623989,-0.140249,-0.111088,0.759334,0.625620,-2.681395,130.189072,-21.861073,-0.084364,0.987240,0.029816,0.131727,1.220516,119.976089,22.601305,0.270978,0.737037,-0.021464,-0.618779,16.694067,122.558426,26.914778,-0.057673,-0.025943,0.491341,-0.868669,18.652672,113.008293,6.727618,0.059662,-0.202494,0.768019,-0.604635,8.073324,130.454041,8.814528,0.048998,0.906340,0.114900,0.403664,-8.130542,83.317139,14.608875,0.084963,0.944201,-0.024382,0.317288,-7.992604,49.439568,5.942382,0.009223,0.958166,0.077954,0.275239,-15.891717,5.238557,5.588863,-0.088292,0.925991,-0.068726,0.360586,4.933135,83.416023,26.465187,-0.021028,0.913303,-0.098234,0.394698,8.917885,49.322746,33.142593,-0.047048,0.933189,0.049723,0.352805,7.160573,5.326393,41.945072,0.009223,0.958166,0.077954,0.275239,-8.749030,1.484974,-6.362744,-0.047048,0.933189,0.049723,0.352805,16.515850,1.313639,31.731117
195,1.625000,0.009346,0.932278,-0.032177,0.360187,-1.599938,83.367332,20.541100,-0.008847,0.946963,0.032520,0.319570,-1.306236,90.584328,20.155834,0.005662,0.951746,-0.022507,0.306008,-1.932149,107.219223,21.088440,-0.007460,0.975221,0.060058,0.212795,-1.487426,125.313698,20.375160,0.016783,0.989223,-0.095418,0.109781,-1.305192,139.098389,20.341644,0.039982,0.897920,0.054677,0.434916,-4.514433,119.957642,18.486198,0.167512,-0.655950,0.116805,-0.726654,-14.577264,121.899605,5.850008,0.035684,-0.184306,-0.489296,-0.851673,-12.062569,113.167557,-14.643651,-0.140238,-0.111273,0.759057,0.625926,-2.653553,130.196381,-21.885872,-0.084233,0.987244,0.029822,0.131773,1.219350,119.978798,22.597780,0.271414,0.736999,-0.021026,-0.618648,16.693220,122.556862,26.912653,-0.057283,-0.026108,0.491393,-0.868660,18.648462,113.005066,6.725967,0.059552,-0.202998,0.768270,-0.604157,8.072886,130.450409,8.810752,0.049019,0.906326,0.114813,0.403717,-8.130630,83.316574,14.611692,0.084968,0.944210,-0.024276,0.317268,-7.995999,49.437737,5.950080,0.009112,0.958159,0.077943,0.275270,-15.892585,5.236342,5.587652,-0.088257,0.925888,-0.068768,0.360851,4.930753,83.418091,26.470507,-0.021077,0.913223,-0.098086,0.394917,8.910276,49.324791,33.150871,-0.047121,0.933177,0.049617,0.352844,7.160163,5.326009,41.942623,0.009112,0.958159,0.077943,0.275270,-8.748181,1.483230,-6.363076,-0.047121,0.933177,0.049617,0.352844,16.516685,1.311306,31.730579
196,1.633333,0.009287,0.932245,-0.032221,0.360269,-1.600133,83.367477,20.542654,-0.009549,0.946995,0.033156,0.319391,-1.306950,90.584442,20.156509,0.005984,0.951805,-0.023267,0.305760,-1.961146,107.205353,21.101126,-0.007101,0.975223,0.060113,0.212780,-1.497091,125.298439,20.365128,0.017145,0.989191,-0.095567,0.109885,-1.305549,139.083008,20.335188,0.040557,0.897613,0.054570,0.435508,-4.530874,119.943329,18.484344,0.167153,-0.655922,0.116455,-0.726818,-14.575428,121.901253,5.836074,0.035984,-0.184172,-0.488778,-0.851987,-12.055454,113.190498,-14.665994,-0.140354,-0.111497,0.758672,0.626327,-2.623568,130.204803,-21.910995,-0.084529,0.987250,0.029445,0.131627,1.204994,119.963364,22.593025,0.271198,0.737156,-0.021310,-0.618546,16.678484,122.552719,26.902496,-0.057710,-0.025925,0.491496,-0.868579,18.644676,112.998367,6.718074,0.059213,-0.203287,0.768452,-0.603862,8.071220,130.448380,8.805424,0.049095,0.906234,0.114718,0.403942,-8.129803,83.315430,14.612132,0.084952,0.944133,-0.024221,0.317505,-8.000546,49.435596,5.954336,0.009148,0.958151,0.077973,0.275289,-15.894097,5.233705,5.585656,-0.088233,0.925855,-0.068871,0.360920,4.929537,83.419533,26.473177,-0.021005,0.913362,-0.097963,0.394628,8.904350,49.326931,33.159889,-0.046883,0.933144,0.049721,0.352948,7.155507,5.325717,41.939728,0.009148,0.958151,0.077973,0.275289,-8.749475,1.481117,-6.365108,-0.046883,0.933144,0.049721,0.352948,16.512394,1.311301,31.727903
197,1.641667,0.009211,0.932205,-0.032215,0.360375,-1.597928,83.368050,20.543783,-0.009619,0.946940,0.033003,0.319567,-1.305758,90.585045,20.157360,0.005951,0.951739,-0.023305,0.305965,-1.960750,107.207581,21.096359,-0.006977,0.975168,0.060297,0.212986,-1.497231,125.300613,20.358761,0.017352,0.989143,-0.095860,0.110024,-1.303100,139.085144,20.334698,0.040651,0.897482,0.054657,0.435760,-4.529957,119.945183,18.477211,0.166412,-0.655841,0.116688,-0.727024,-14.567125,121.907341,5.823742,0.036088,-0.184232,-0.488320,-0.852232,-12.044801,113.210320,-14.683868,-0.140625,-0.111928,0.758255,0.626695,-2.594666,130.213654,-21.934790,-0.084492,0.987230,0.029327,0.131825,1.204152,119.965889,22.588343,0.271206,0.737162,-0.021554,-0.618526,16.676157,122.554291,26.903713,-0.057608,-0.025677,0.491616,-0.868525,18.643211,112.992859,6.722735,0.059097,-0.203748,0.768573,-0.603564,8.073981,130.446991,8.799473,0.049153,0.906226,0.114610,0.403983,-8.126269,83.314720,14.611814,0.084973,0.944052,-0.024181,0.317744,-8.003410,49.433563,5.959126,0.009221,0.958118,0.078056,0.275376,-15.897512,5.231824,5.584529,-0.088193,0.925875,-0.068988,0.360859,4.930414,83.421379,26.475754,-0.021019,0.913337,-0.097840,0.394716,8.900104,49.329411,33.168755,-0.046874,0.933141,0.049715,0.352959,7.155916,5.326086,41.938911,0.009221,0.958118,0.078056,0.275376,-8.751204,1.480890,-6.365743,-0.046874,0.933141,0.049715,0.352959,16.512932,1.311428,31.727303
198,1.650000,0.009095,0.932183,-0.032194,0.360438,-1.597331,83.370056,20.544785,-0.009458,0.946882,0.032815,0.319764,-1.306812,90.587097,20.158056,0.005712,0.951662,-0.023314,0.306209,-1.954962,107.210602,21.092735,-0.006800,0.975104,0.060292,0.213285,-1.499408,125.303719,20.352306,0.017526,0.989098,-0.095986,0.110296,-1.300002,139.088196,20.329428,0.040923,0.897345,0.054645,0.436017,-4.528722,119.946579,18.470142,0.165752,-0.655870,0.116833,-0.727125,-14.557868,121.916794,5.811560,0.036365,-0.184091,-0.487816,-0.852540,-12.038805,113.233696,-14.702352,-0.141192,-0.112409,0.757943,0.626858,-2.564143,130.226959,-21.956915,-0.084527,0.987195,0.029032,0.132130,1.203313,119.970612,22.584148,0.271043,0.737144,-0.022239,-0.618595,16.672501,122.561028,26.908407,-0.057656,-0.025180,0.491766,-0.868452,18.639679,112.986137,6.733820,0.058848,-0.204081,0.768748,-0.603254,8.073978,130.447723,8.794367,0.049181,0.906170,0.114584,0.404114,-8.124916,83.314911,14.611999,0.084974,0.943969,-0.024189,0.317988,-8.003328,49.433517,5.960208,0.009252,0.958123,0.078069,0.275354,-15.897624,5.231831,5.584233,-0.088203,0.925784,-0.069069,0.361074,4.930255,83.425201,26.477571,-0.020996,0.913343,-0.097746,0.394727,8.896965,49.334129,33.176914,-0.046855,0.933125,0.049695,0.353006,7.154192,5.329058,41.938606,0.009252,0.958123,0.078069,0.275354,-8.752101,1.481060,-6.366561,-0.046855,0.933125,0.049695,0.353006,16.512003,1.313740,31.727982
199,1.658333,0.008960,0.932145,-0.032150,0.360543,-1.594909,83.371010,20.545303,-0.009720,0.946820,0.032729,0.319948,-1.306396,90.588135,20.158503,0.005906,0.951591,-0.023330,0.306425,-1.962205,107.215347,21.087746,-0.006628,0.975053,0.060360,0.213505,-1.499597,125.308350,20.349031,0.017719,0.989051,-0.096247,0.110454,-1.295580,139.092758,20.329199,0.040737,0.897137,0.054740,0.436451,-4.530028,119.952484,18.465021,0.165146,-0.655942,0.116780,-0.727206,-14.547366,121.919128,5.796532,0.036524,-0.183950,-0.487352,-0.852828,-12.031969,113.254631,-14.725693,-0.141478,-0.113060,0.757389,0.627346,-2.536220,130.236633,-21.980143,-0.084492,0.987170,0.028842,0.132380,1.200114,119.974052,22.581678,0.271168,0.737176,-0.022297,-0.618500,16.667349,122.563866,26.913294,-0.057473,-0.024946,0.491842,-0.868428,18.636784,112.982956,6.741783,0.058673,-0.204484,0.768947,-0.602881,8.073788,130.447296,8.790419,0.049258,0.906039,0.114471,0.404430,-8.121202,83.313873,14.611112,0.084952,0.943845,-0.024179,0.318364,-8.004711,49.431210,5.964224,0.009281,0.958132,0.078158,0.275297,-15.896687,5.229130,5.584832,-0.088263,0.925734,-0.069169,0.361168,4.931383,83.428154,26.479498,-0.020919,0.913483,-0.097627,0.394437,8.898674,49.338799,33.187183,-0.046589,0.933144,0.049353,0.353038,7.156590,5.331352,41.937084,0.009281,0.958132,0.078158,0.275297,-8.752557,1.480583,-6.367495,-0.046589,0.933144,0.049353,0.353038,16.511955,1.304479,31.728762
200,1.666667,0.008839,0.932056,-0.032358,0.360758,-1.592794,83.370468,20.551121,-0.009379,0.946717,0.032180,0.320317,-1.304739,90.587433,20.160948,0.005495,0.951466,-0.022986,0.306844,-1.944738,107.227180,21.076902,-0.006621,0.974988,0.060336,0.213810,-1.499804,125.320938,20.345673,0.017956,0.989014,-0.096395,0.110619,-1.294973,139.105331,20.325535,0.040732,0.897033,0.054789,0.436658,-4.523194,119.962753,18.456961,0.164702,-0.655987,0.116827,-0.727259,-14.534648,121.930161,5.783942,0.036939,-0.183824,-0.486872,-0.853112,-12.022389,113.276588,-14.743280,-0.141871,-0.113789,0.757040,0.627547,-2.503981,130.246689,-22.004089,-0.084092,0.987166,0.028546,0.132725,1.203384,119.988503,22.578548,0.271170,0.737211,-0.022306,-0.618457,16.669828,122.566414,26.920053,-0.057182,-0.024854,0.491733,-0.868511,18.641630,112.984787,6.749110,0.058752,-0.204792,0.769575,-0.601965,8.075337,130.445389,8.788183,0.049319,0.906069,0.114493,0.404350,-8.116386,83.309868,14.613995,0.084963,0.943723,-0.024198,0.318721,-8.003849,49.427971,5.964070,0.009973,0.958071,0.078298,0.275444,-15.897171,5.226150,5.583012,-0.088190,0.925627,-0.069203,0.361453,4.930798,83.431068,26.488247,-0.020930,0.913461,-0.097414,0.394540,8.890454,49.341145,33.197567,-0.046889,0.933103,0.049174,0.353132,7.155855,5.330009,41.930367,0.009973,0.958071,0.078298,0.275444,-8.755299,1.476360,-6.370273,-0.046889,0.933103,0.049174,0.353132,16.515493,1.301699,31.726534
201,1.675000,0.008804,0.932064,-0.032228,0.360751,-1.592322,83.372658,20.549068,-0.009629,0.946704,0.032468,0.320319,-1.305424,90.589752,20.160467,0.005576,0.951450,-0.023438,0.306858,-1.955984,107.218567,21.082270,-0.006456,0.974940,0.060552,0.213970,-1.503226,125.311531,20.336361,0.018179,0.988966,-0.096591,0.110845,-1.294948,139.095886,20.323164,0.041117,0.896836,0.054823,0.437023,-4.528858,119.953110,18.451893,0.164102,-0.655947,0.116829,-0.727430,-14.528900,121.932625,5.771759,0.037152,-0.183743,-0.486327,-0.853431,-12.014333,113.296021,-14.762320,-0.141970,-0.114436,0.756569,0.627974,-2.471565,130.253723,-22.027002,-0.084538,0.987110,0.028423,0.132890,1.197583,119.979736,22.573666,0.270664,0.737317,-0.023498,-0.618508,16.660162,122.572197,26.920275,-0.057337,-0.024310,0.491790,-0.868484,18.641386,112.972931,6.758654,0.058676,-0.205505,0.769165,-0.602254,8.074070,130.439743,8.782000,0.049245,0.906046,0.114402,0.404434,-8.116018,83.312317,14.612057,0.085025,0.943678,-0.024158,0.318839,-8.000628,49.428455,5.969866,0.009196,0.958103,0.078165,0.275400,-15.897967,5.227405,5.582608,-0.088204,0.925586,-0.069273,0.361541,4.931376,83.432999,26.486078,-0.020940,0.913457,-0.097427,0.394544,8.889511,49.343925,33.200600,-0.046634,0.933128,0.049218,0.353094,7.155204,5.333060,41.934799,0.009196,0.958103,0.078165,0.275400,-8.750552,1.479587,-6.367980,-0.046634,0.933128,0.049218,0.353094,16.511845,1.303205,31.728830
202,1.683333,0.008722,0.932026,-0.032339,0.360840,-1.593409,83.373215,20.552271,-0.009607,0.946646,0.032346,0.320504,-1.306999,90.590218,20.161774,0.005496,0.951378,-0.023485,0.307079,-1.955840,107.221664,21.079966,-0.006333,0.974877,0.060534,0.214265,-1.505145,125.314583,20.331665,0.018390,0.988914,-0.096716,0.111166,-1.292981,139.098877,20.318996,0.041175,0.896710,0.054713,0.437289,-4.529197,119.955490,18.446575,0.163450,-0.655889,0.116857,-0.727626,-14.521524,121.935448,5.760421,0.037387,-0.183683,-0.485775,-0.853748,-12.003781,113.316536,-14.780704,-0.142116,-0.115033,0.756217,0.628256,-2.436131,130.262268,-22.050789,-0.084521,0.987090,0.028352,0.133065,1.195345,119.983467,22.570976,0.270897,0.737368,-0.023595,-0.618342,16.656504,122.575485,26.922911,-0.056883,-0.024243,0.491769,-0.868528,18.641310,112.965347,6.766812,0.058752,-0.206113,0.769264,-0.601913,8.072667,130.433472,8.778663,0.049200,0.906094,0.114439,0.404323,-8.115998,83.310760,14.614063,0.085042,0.943663,-0.024154,0.318879,-7.997757,49.427166,5.970852,0.009256,0.958108,0.078134,0.275387,-15.896419,5.226368,5.582483,-0.088201,0.925546,-0.069282,0.361643,4.929181,83.435669,26.490477,-0.020881,0.913556,-0.097388,0.394330,8.886183,49.346645,33.205952,-0.046744,0.933117,0.049454,0.353074,7.150569,5.334875,41.935310,0.009256,0.958108,0.078134,0.275387,-8.749947,1.477280,-6.368275,-0.046744,0.933117,0.049454,0.353074,16.508308,1.312233,31.727501
203,1.691667,0.008664,0.931989,-0.032384,0.360934,-1.593835,83.372330,20.554033,-0.009556,0.946599,0.032194,0.320661,-1.307929,90.589310,20.162645,0.005323,0.951320,-0.023498,0.307261,-1.953815,107.224548,21.076679,-0.006012,0.974815,0.060604,0.214539,-1.508790,125.317505,20.326084,0.018511,0.988869,-0.096880,0.111396,-1.287973,139.101654,20.317469,0.041203,0.896558,0.054776,0.437591,-4.530377,119.957176,18.440598,0.162898,-0.655883,0.116790,-0.727765,-14.514041,121.939156,5.747949,0.037731,-0.183494,-0.485229,-0.854084,-11.995246,113.337982,-14.800472,-0.142408,-0.115754,0.755790,0.628572,-2.401524,130.270859,-22.073414,-0.084592,0.987055,0.028087,0.133336,1.192617,119.987595,22.567125,0.271482,0.737487,-0.023214,-0.617958,16.651030,122.582672,26.926964,-0.056257,-0.024304,0.491683,-0.868615,18.642881,112.962708,6.776256,0.058735,-0.206575,0.769197,-0.601841,8.072648,130.427216,8.777206,0.049201,0.906069,0.114423,0.404382,-8.115240,83.308571,14.614540,0.085052,0.943741,-0.024100,0.318650,-7.996987,49.424732,5.972294,0.009177,0.958108,0.078180,0.275376,-15.895092,5.223858,5.580934,-0.088220,0.925473,-0.069257,0.361830,4.927570,83.436089,26.493526,-0.020848,0.913575,-0.097344,0.394297,8.885084,49.347057,33.208656,-0.046695,0.933094,0.049442,0.353144,7.148631,5.334389,41.933350,0.009177,0.958108,0.078180,0.275376,-8.748048,1.476599,-6.370049,-0.046695,0.933094,0.049442,0.353144,16.507404,1.310972,31.726799
204,1.700000,0.008658,0.931923,-0.032464,0.361097,-1.595525,83.373405,20.557102,-0.009305,0.946511,0.031703,0.320976,-1.309220,90.590309,20.164663,0.005166,0.951214,-0.023137,0.307619,-1.942675,107.238350,21.066296,-0.006599,0.974777,0.060504,0.214723,-1.506808,125.331985,20.326551,0.019134,0.988820,-0.096980,0.111643,-1.300851,139.116364,20.311968,0.040844,0.896469,0.054808,0.437804,-4.524113,119.971123,18.435701,0.162165,-0.655776,0.117010,-0.727989,-14.502680,121.943352,5.737521,0.037923,-0.183484,-0.484876,-0.854278,-11.979950,113.356148,-14.816266,-0.142747,-0.116589,0.755366,0.628851,-2.370374,130.281647,-22.094774,-0.084396,0.987034,0.028074,0.133616,1.195793,120.002213,22.566505,0.271333,0.737489,-0.023913,-0.617994,16.652855,122.590759,26.935017,-0.056115,-0.023938,0.491688,-0.868631,18.646362,112.956284,6.791402,0.058745,-0.206871,0.769281,-0.601631,8.074746,130.423660,8.776607,0.049137,0.906066,0.114371,0.404413,-8.114863,83.308937,14.615348,0.085089,0.943756,-0.024045,0.318601,-7.993740,49.423824,5.978116,0.009307,0.958120,0.078215,0.275321,-15.893403,5.223274,5.581456,-0.088308,0.925409,-0.069230,0.361977,4.923814,83.437874,26.498857,-0.020806,0.913611,-0.097276,0.394233,8.886544,49.349663,33.215080,-0.046940,0.933110,0.049232,0.353099,7.149644,5.335659,41.932949,0.009307,0.958120,0.078215,0.275321,-8.748758,1.476074,-6.370985,-0.046940,0.933110,0.049232,0.353099,16.509157,1.309353,31.728210
205,1.708333,0.008530,0.931887,-0.032454,0.361193,-1.594381,83.374802,20.559654,-0.009499,0.946483,0.031935,0.321030,-1.309803,90.591743,20.166708,0.005204,0.951188,-0.023553,0.307668,-1.951635,107.231453,21.073124,-0.006776,0.974747,0.060576,0.214832,-1.509761,125.324356,20.319498,0.019629,0.988783,-0.096981,0.111886,-1.308802,139.108810,20.305908,0.041105,0.896278,0.054904,0.438156,-4.528622,119.963036,18.432457,0.163027,-0.655973,0.115289,-0.727894,-14.496433,121.944641,5.727291,0.039170,-0.182785,-0.484597,-0.854530,-11.967343,113.387299,-14.838166,-0.143072,-0.117300,0.755020,0.629059,-2.339880,130.292435,-22.115414,-0.084699,0.987001,0.027716,0.133741,1.190858,119.995438,22.563841,0.271226,0.737703,-0.024230,-0.617773,16.645163,122.595070,26.935526,-0.056320,-0.023660,0.491667,-0.868638,18.653513,112.953018,6.797013,0.058520,-0.206951,0.769131,-0.601818,8.079641,130.421585,8.776564,0.049183,0.906008,0.114324,0.404550,-8.112531,83.308235,14.616617,0.085074,0.943693,-0.024025,0.318791,-7.994384,49.422699,5.981044,0.009225,0.958130,0.078211,0.275289,-15.892142,5.221838,5.581514,-0.088365,0.925343,-0.069315,0.362115,4.923769,83.441360,26.502689,-0.020710,0.913624,-0.097153,0.394239,8.886989,49.354675,33.226372,-0.046700,0.933068,0.049267,0.353237,7.146510,5.338165,41.930859,0.009225,0.958130,0.078211,0.275289,-8.747530,1.475129,-6.371101,-0.046700,0.933068,0.049267,0.353237,16.506931,1.310387,31.727541
206,1.716667,0.008539,0.931840,-0.032540,0.361306,-1.597796,83.377693,20.564968,-0.009199,0.946405,0.031444,0.321317,-1.312612,90.594559,20.170950,0.005009,0.951087,-0.023264,0.308005,-1.940328,107.244812,21.065416,-0.006892,0.974684,0.060580,0.215111,-1.508143,125.338295,20.319715,0.019845,0.988736,-0.097118,0.112140,-1.309857,139.122787,20.305828,0.040781,0.896205,0.054914,0.438336,-4.522661,119.976059,18.428308,0.162275,-0.655935,0.115503,-0.728063,-14.486222,121.948555,5.718389,0.039314,-0.182794,-0.484218,-0.854736,-11.957073,113.405762,-14.853114,-0.143359,-0.117980,0.754817,0.629111,-2.312490,130.304001,-22.136023,-0.084592,0.986974,0.027729,0.134007,1.193918,120.009949,22.563698,0.271323,0.737791,-0.024585,-0.617611,16.646494,122.605766,26.943762,-0.056182,-0.023305,0.491625,-0.868680,18.661415,112.949768,6.812582,0.058273,-0.207029,0.769029,-0.601945,8.085268,130.418427,8.776588,0.049154,0.905904,0.114271,0.404801,-8.114505,83.310654,14.620357,0.085094,0.943772,-0.023918,0.318562,-7.993639,49.424057,5.988959,0.009340,0.958142,0.078207,0.275245,-15.890116,5.223030,5.581755,-0.088487,0.925207,-0.069251,0.362444,4.918913,83.444740,26.509577,-0.020654,0.913636,-0.097078,0.394231,8.889210,49.358948,33.233624,-0.046654,0.933061,0.049241,0.353266,7.146874,5.340913,41.930027,0.009340,0.958142,0.078207,0.275245,-8.747621,1.475430,-6.371846,-0.046654,0.933061,0.049241,0.353266,16.507452,1.311998,31.727293
207,1.725000,0.008447,0.931806,-0.032534,0.361396,-1.595619,83.377525,20.566555,-0.009201,0.946355,0.031382,0.321470,-1.311658,90.594414,20.172157,0.004872,0.951029,-0.023273,0.308186,-1.939066,107.248222,21.064716,-0.006939,0.974630,0.060702,0.215320,-1.511355,125.341728,20.317263,0.020139,0.988687,-0.097272,0.112382,-1.314712,139.126251,20.306597,0.040700,0.896082,0.054968,0.438588,-4.523759,119.978500,18.425301,0.161827,-0.655819,0.115365,-0.728289,-14.480329,121.949722,5.709708,0.039732,-0.182641,-0.483972,-0.854889,-11.942972,113.424286,-14.867982,-0.143752,-0.118585,0.754924,0.628779,-2.284535,130.316757,-22.155863,-0.084604,0.986957,0.027669,0.134136,1.191268,120.014336,22.562815,0.271401,0.737997,-0.024789,-0.617323,16.642660,122.610619,26.946774,-0.056163,-0.022994,0.491587,-0.868711,18.671640,112.944199,6.822018,0.058055,-0.207125,0.768783,-0.602247,8.093552,130.412628,8.774487,0.049163,0.905926,0.114246,0.404758,-8.111205,83.308952,14.620730,0.085108,0.943773,-0.023896,0.318556,-7.992006,49.422028,5.990616,0.009314,0.958142,0.078195,0.275250,-15.889027,5.221126,5.581134,-0.088500,0.925062,-0.069303,0.362803,4.919966,83.446091,26.512379,-0.020652,0.913509,-0.096954,0.394556,8.887115,49.360962,33.241604,-0.046635,0.933034,0.049175,0.353348,7.145971,5.340764,41.927292,0.009314,0.958142,0.078195,0.275250,-8.746197,1.473398,-6.372224,-0.046635,0.933034,0.049175,0.353348,16.507990,1.310015,31.726608
208,1.733333,0.008495,0.931772,-0.032676,0.361472,-1.598478,83.378380,20.570034,-0.009383,0.946341,0.031623,0.321482,-1.313099,90.595123,20.174009,0.004967,0.951022,-0.023626,0.308180,-1.948525,107.240120,21.071785,-0.006802,0.974597,0.060884,0.215422,-1.513627,125.332985,20.313231,0.020260,0.988657,-0.097392,0.112525,-1.314222,139.117477,20.308376,0.040928,0.895891,0.055031,0.438948,-4.528169,119.969795,18.424572,0.161284,-0.655661,0.115445,-0.728539,-14.473860,121.948944,5.701698,0.039937,-0.182616,-0.483770,-0.854999,-11.928016,113.436676,-14.880392,-0.143957,-0.119140,0.755007,0.628527,-2.259150,130.326004,-22.173456,-0.084883,0.986935,0.027377,0.134181,1.186888,120.005890,22.562040,0.271436,0.738186,-0.025106,-0.617069,16.636343,122.612343,26.946783,-0.056194,-0.022711,0.491550,-0.868738,18.678555,112.933968,6.829108,0.057735,-0.207397,0.768672,-0.602326,8.097540,130.403717,8.772227,0.049139,0.905914,0.114229,0.404793,-8.113084,83.309647,14.623138,0.085110,0.943799,-0.023833,0.318484,-7.992558,49.422298,5.994712,0.009218,0.958135,0.078127,0.275299,-15.887947,5.221149,5.580465,-0.088537,0.924931,-0.069243,0.363139,4.916129,83.447113,26.516930,-0.020651,0.913489,-0.096880,0.394620,8.884810,49.361866,33.244675,-0.046787,0.933034,0.048997,0.353353,7.145634,5.340385,41.924252,0.009218,0.958135,0.078127,0.275299,-8.743280,1.472209,-6.371416,-0.046787,0.933034,0.048997,0.353353,16.508711,1.306638,31.725725
209,1.741667,0.008544,0.931737,-0.032781,0.361550,-1.600678,83.378471,20.572636,-0.009339,0.946295,0.031507,0.321630,-1.314057,90.595100,20.175472,0.004907,0.950966,-0.023657,0.308351,-1.947060,107.241730,21.070042,-0.006865,0.974545,0.061020,0.215619,-1.513740,125.334572,20.309822,0.020431,0.988621,-0.097449,0.112758,-1.316524,139.119095,20.308441,0.040845,0.895758,0.055494,0.439169,-4.527061,119.970879,18.420628,0.160902,-0.655482,0.115573,-0.728763,-14.466641,121.954453,5.693674,0.040284,-0.182526,-0.483599,-0.855098,-11.911653,113.449387,-14.890252,-0.144307,-0.119668,0.755183,0.628135,-2.233736,130.333603,-22.188164,-0.084853,0.986917,0.027293,0.134354,1.186517,120.007980,22.560129,0.271457,0.738383,-0.025165,-0.616821,16.634623,122.613617,26.950090,-0.055946,-0.022606,0.491340,-0.868875,18.690006,112.930801,6.835902,0.057719,-0.207801,0.768522,-0.602379,8.100423,130.396179,8.769885,0.049099,0.905882,0.114222,0.404870,-8.114263,83.309822,14.624624,0.085115,0.943878,-0.023777,0.318252,-7.990689,49.422081,5.997766,0.009395,0.958162,0.078089,0.275207,-15.885046,5.220771,5.580547,-0.088528,0.924830,-0.069236,0.363398,4.912906,83.447113,26.520645,-0.020639,0.913477,-0.096785,0.394673,8.879280,49.361683,33.248795,-0.046491,0.932990,0.049060,0.353499,7.141966,5.338496,41.920086,0.009395,0.958162,0.078089,0.275207,-8.744296,1.469634,-6.372982,-0.046491,0.932990,0.049060,0.353499,16.505682,1.303414,31.722683
210,1.750000,0.008517,0.931718,-0.032830,0.361595,-1.602600,83.379723,20.575525,-0.009290,0.946257,0.031428,0.321752,-1.316074,90.596321,20.177570,0.004872,0.950918,-0.023684,0.308498,-1.946807,107.243904,21.070133,-0.006921,0.974495,0.061116,0.215818,-1.514271,125.336716,20.308683,0.020569,0.988579,-0.097542,0.113020,-1.318811,139.121262,20.309771,0.040869,0.895607,0.055501,0.439473,-4.526712,119.972717,18.418970,0.160588,-0.655340,0.115548,-0.728964,-14.457554,121.957420,5.685365,0.040584,-0.182398,-0.483466,-0.855187,-11.893948,113.462387,-14.901647,-0.144583,-0.120074,0.755436,0.627689,-2.207678,130.343384,-22.202305,-0.084945,0.986897,0.027191,0.134458,1.185596,120.010445,22.560223,0.271476,0.738542,-0.025467,-0.616611,16.632286,122.619339,26.953257,-0.055753,-0.022428,0.491241,-0.868948,18.698879,112.925865,6.845333,0.057751,-0.208136,0.768225,-0.602640,8.104548,130.390350,8.768978,0.049071,0.905875,0.114146,0.404912,-8.115627,83.310280,14.626905,0.085127,0.943919,-0.023659,0.318137,-7.992028,49.421131,6.005574,0.009267,0.958177,0.078050,0.275171,-15.884074,5.219498,5.579028,-0.088550,0.924708,-0.069240,0.363703,4.910426,83.449158,26.524145,-0.020612,0.913458,-0.096679,0.394743,8.875899,49.364037,33.254398,-0.046836,0.932963,0.048791,0.353561,7.139498,5.338898,41.915977,0.009267,0.958177,0.078050,0.275171,-8.743159,1.468254,-6.374374,-0.046836,0.932963,0.048791,0.353561,16.507011,1.300506,31.723362
211,1.758333,0.008479,0.931702,-0.032862,0.361634,-1.601065,83.380821,20.578321,-0.009299,0.946225,0.031315,0.321857,-1.314861,90.597397,20.179758,0.004805,0.950876,-0.023675,0.308629,-1.944775,107.245277,21.068623,-0.006942,0.974449,0.061244,0.215986,-1.514553,125.338127,20.306772,0.020690,0.988548,-0.097604,0.113221,-1.320124,139.122681,20.311337,0.040859,0.895450,0.055704,0.439770,-4.525735,119.973663,18.416395,0.160272,-0.655242,0.115521,-0.729127,-14.448127,121.961281,5.676660,0.040921,-0.182206,-0.483397,-0.855251,-11.878431,113.476265,-14.913720,-0.145058,-0.120629,0.755580,0.627301,-2.185360,130.355789,-22.215542,-0.085067,0.986867,0.027087,0.134620,1.185446,120.012299,22.559193,0.271464,0.738796,-0.025521,-0.616308,16.630045,122.625328,26.957121,-0.055429,-0.022426,0.491016,-0.869096,18.713640,112.927994,6.852812,0.058066,-0.208612,0.767890,-0.602872,8.109629,130.388718,8.769609,0.049119,0.905865,0.114086,0.404945,-8.113611,83.310547,14.629187,0.085111,0.943989,-0.023577,0.317939,-7.994499,49.420773,6.010252,0.009217,0.958177,0.078102,0.275157,-15.882947,5.218539,5.578851,-0.088545,0.924604,-0.069281,0.363960,4.911481,83.451103,26.527458,-0.020626,0.913434,-0.096594,0.394820,8.873723,49.366333,33.261387,-0.046753,0.932958,0.048840,0.353580,7.140728,5.339784,41.916447,0.009217,0.958177,0.078102,0.275157,-8.741768,1.469062,-6.374949,-0.046753,0.932958,0.048840,0.353580,16.508017,1.301816,31.723457
212,1.766667,0.008445,0.931679,-0.032919,0.361691,-1.601731,83.383545,20.583492,-0.009238,0.946184,0.031191,0.321991,-1.315664,90.600075,20.183992,0.004710,0.950825,-0.023666,0.308789,-1.942464,107.248329,21.069496,-0.006982,0.974391,0.061364,0.216215,-1.515464,125.341225,20.306995,0.020814,0.988503,-0.097681,0.113521,-1.322474,139.125793,20.314779,0.040831,0.895321,0.055722,0.440032,-4.524986,119.976089,18.415854,0.158289,-0.654850,0.117248,-0.729636,-14.439938,121.963486,5.670297,0.040192,-0.182662,-0.483225,-0.855285,-11.865294,113.480377,-14.920240,-0.145491,-0.121310,0.755681,0.626947,-2.166456,130.369324,-22.227922,-0.085135,0.986853,0.026957,0.134711,1.184809,120.016014,22.560545,0.271205,0.738950,-0.025983,-0.616219,16.628235,122.631683,26.961010,-0.055344,-0.022341,0.490949,-0.869141,18.723055,112.928406,6.860757,0.058484,-0.209017,0.767738,-0.602885,8.115002,130.389938,8.772918,0.049102,0.905859,0.114087,0.404960,-8.113554,83.312294,14.633581,0.085116,0.943932,-0.023544,0.318109,-7.993197,49.422421,6.015070,0.009211,0.958193,0.078060,0.275116,-15.881064,5.220130,5.579327,-0.088583,0.924510,-0.069321,0.364182,4.910092,83.454803,26.533403,-0.020594,0.913442,-0.096479,0.394830,8.872095,49.370869,33.271755,-0.046741,0.932943,0.048812,0.353624,7.140566,5.342195,41.916325,0.009211,0.958193,0.078060,0.275116,-8.740945,1.469594,-6.374769,-0.046741,0.932943,0.048812,0.353624,16.508631,1.303398,31.724380
213,1.775000,0.008431,0.931660,-0.032973,0.361734,-1.601460,83.384254,20.586569,-0.009215,0.946147,0.031095,0.322108,-1.315284,90.600731,20.186279,0.004634,0.950779,-0.023636,0.308932,-1.940485,107.250572,21.069017,-0.006989,0.974344,0.061454,0.216397,-1.516339,125.343552,20.306749,0.020910,0.988471,-0.097741,0.113733,-1.323773,139.128143,20.317085,0.040705,0.895177,0.055868,0.440319,-4.524387,119.977913,18.414682,0.157869,-0.654755,0.117183,-0.729823,-14.431453,121.964073,5.662797,0.040298,-0.182682,-0.483211,-0.855284,-11.850517,113.495110,-14.932786,-0.145686,-0.121803,0.755634,0.626863,-2.150337,130.384567,-22.244114,-0.085168,0.986840,0.026862,0.134803,1.184172,120.018784,22.561071,0.271216,0.739134,-0.025990,-0.615993,16.626606,122.635818,26.964205,-0.055087,-0.022383,0.490820,-0.869230,18.733648,112.930000,6.866439,0.058801,-0.209412,0.767500,-0.603020,8.120865,130.388184,8.774610,0.049067,0.905837,0.114075,0.405016,-8.112735,83.312393,14.636064,0.085173,0.943928,-0.023512,0.318107,-7.989963,49.422081,6.019309,0.009260,0.958176,0.078046,0.275177,-15.881768,5.220541,5.579197,-0.088558,0.924439,-0.069283,0.364375,4.909815,83.456108,26.537075,-0.020603,0.913494,-0.096450,0.394717,8.869772,49.371513,33.273232,-0.046583,0.932945,0.048823,0.353638,7.141077,5.342382,41.916012,0.009260,0.958176,0.078046,0.275177,-8.740646,1.469225,-6.374057,-0.046583,0.932945,0.048823,0.353638,16.508070,1.302246,31.723610
214,1.783333,0.008463,0.931632,-0.033081,0.361795,-1.601218,83.384285,20.590961,-0.009254,0.946120,0.031029,0.322193,-1.314019,90.600655,20.189415,0.004634,0.950748,-0.023655,0.309025,-1.939851,107.251671,21.069654,-0.007199,0.974310,0.061614,0.216500,-1.515402,125.344612,20.306770,0.021162,0.988436,-0.097820,0.113920,-1.329263,139.129288,20.320295,0.040718,0.895093,0.055799,0.440496,-4.523126,119.978928,18.414324,0.157963,-0.654619,0.116752,-0.729993,-14.425069,121.964684,5.658406,0.040522,-0.182751,-0.483372,-0.855167,-11.831656,113.507126,-14.940294,-0.145569,-0.122187,0.755511,0.626963,-2.138126,130.399673,-22.258629,-0.085317,0.986814,0.026692,0.134929,1.184622,120.019897,22.561827,0.271287,0.739407,-0.025857,-0.615639,16.625126,122.642281,26.968548,-0.054840,-0.022380,0.490529,-0.869409,18.749966,112.934860,6.873433,0.058803,-0.209741,0.767278,-0.603187,8.125583,130.386383,8.776046,0.049058,0.905834,0.114064,0.405029,-8.111704,83.312241,14.639594,0.085179,0.943936,-0.023457,0.318088,-7.988554,49.421680,6.023807,0.009116,0.958186,0.077994,0.275160,-15.879269,5.219990,5.579092,-0.088503,0.924436,-0.069304,0.364394,4.909266,83.456337,26.542326,-0.020610,0.913526,-0.096356,0.394665,8.865038,49.371254,33.278500,-0.046698,0.932940,0.048751,0.353647,7.140745,5.340517,41.914021,0.009116,0.958186,0.077994,0.275160,-8.737431,1.468303,-6.373616,-0.046698,0.932940,0.048751,0.353647,16.508791,1.299718,31.722849
215,1.791667,0.008476,0.931606,-0.033242,0.361847,-1.601717,83.383385,20.596235,-0.009260,0.946092,0.031006,0.322277,-1.313474,90.599594,20.192600,0.004570,0.950715,-0.023744,0.309123,-1.939378,107.252075,21.072050,-0.007192,0.974250,0.061873,0.216697,-1.516067,125.344887,20.305437,0.021171,0.988393,-0.097947,0.114184,-1.330975,139.129562,20.326170,0.040769,0.895004,0.055761,0.440677,-4.523023,119.978592,18.413513,0.157865,-0.654512,0.116462,-0.730157,-14.419642,121.965477,5.653638,0.040561,-0.182915,-0.483435,-0.855095,-11.816919,113.520218,-14.948927,-0.145421,-0.122329,0.755336,0.627181,-2.126796,130.415833,-22.274641,-0.085374,0.986798,0.026632,0.135021,1.183880,120.020851,22.562162,0.271393,0.739554,-0.025700,-0.615423,16.623249,122.645210,26.971678,-0.054722,-0.022392,0.490393,-0.869494,18.757448,112.937096,6.877902,0.058716,-0.209905,0.767146,-0.603307,8.128170,130.384537,8.778240,0.049056,0.905800,0.114053,0.405107,-8.111540,83.310486,14.644155,0.085230,0.943900,-0.023401,0.318183,-7.987854,49.419754,6.029048,0.009348,0.958171,0.077949,0.275218,-15.881252,5.218616,5.577243,-0.088445,0.924407,-0.069278,0.364487,4.908106,83.456276,26.548313,-0.020587,0.913545,-0.096257,0.394648,8.860181,49.370228,33.281754,-0.046575,0.932885,0.048776,0.353804,7.137660,5.337691,41.908421,0.009348,0.958171,0.077949,0.275218,-8.740196,1.464044,-6.375027,-0.046575,0.932885,0.048776,0.353804,16.508034,1.296375,31.719599
216,1.800000,0.008505,0.931572,-0.033377,0.361922,-1.601212,83.382103,20.601046,-0.009243,0.946068,0.030961,0.322353,-1.311849,90.598175,20.195772,0.004507,0.950690,-0.023738,0.309199,-1.936870,107.252136,21.074041,-0.007250,0.974213,0.062018,0.216818,-1.515755,125.344971,20.306959,0.021244,0.988362,-0.098042,0.114358,-1.332898,139.129669,20.331379,0.040790,0.894886,0.055835,0.440906,-4.521728,119.978241,18.414721,0.157583,-0.654397,0.116371,-0.730335,-14.411736,121.967064,5.650025,0.040542,-0.183089,-0.483498,-0.855023,-11.801312,113.532936,-14.956124,-0.145288,-0.122583,0.755399,0.627086,-2.113456,130.434311,-22.289415,-0.085538,0.986788,0.026735,0.134973,1.184520,120.021355,22.564264,0.271500,0.739619,-0.025707,-0.615298,16.623402,122.650513,26.972624,-0.054673,-0.022400,0.490345,-0.869523,18.761930,112.938011,6.881425,0.058592,-0.210031,0.767045,-0.603404,8.131162,130.383774,8.780883,0.049043,0.905776,0.114061,0.405160,-8.110072,83.308762,14.647921,0.085270,0.943948,-0.023352,0.318035,-7.984821,49.418060,6.032739,0.009311,0.958179,0.077919,0.275200,-15.880246,5.217323,5.576877,-0.088370,0.924406,-0.069294,0.364503,4.907649,83.455437,26.554173,-0.020600,0.913518,-0.096144,0.394737,8.854367,49.368618,33.286850,-0.046709,0.932852,0.048768,0.353874,7.136113,5.334181,41.904659,0.009311,0.958179,0.077919,0.275200,-8.739387,1.462206,-6.375335,-0.046709,0.932852,0.048768,0.353874,16.509174,1.294114,31.717815
217,1.808333,0.008440,0.931524,-0.033422,0.362042,-1.599087,83.382484,20.606348,-0.009263,0.946033,0.030898,0.322460,-1.310303,90.598534,20.200159,0.004461,0.950656,-0.023743,0.309303,-1.935423,107.253670,21.076195,-0.007316,0.974172,0.062201,0.216948,-1.515732,125.346519,20.308451,0.021350,0.988331,-0.098138,0.114520,-1.335530,139.131241,20.337543,0.040747,0.894811,0.055963,0.441046,-4.520820,119.979439,18.415783,0.157430,-0.654271,0.116086,-0.730526,-14.406908,121.969009,5.648169,0.040751,-0.183102,-0.483624,-0.854939,-11.786130,113.548576,-14.962266,-0.145424,-0.123016,0.755406,0.626962,-2.101920,130.453949,-22.301022,-0.085578,0.986782,0.026600,0.135018,1.184519,120.023224,22.566566,0.271432,0.739704,-0.025761,-0.615223,16.622778,122.654221,26.975996,-0.054720,-0.022460,0.490295,-0.869547,18.767067,112.941513,6.885509,0.058654,-0.210162,0.766904,-0.603532,8.134505,130.385544,8.787922,0.049042,0.905744,0.114012,0.405246,-8.106427,83.307716,14.651580,0.085333,0.943903,-0.023299,0.318154,-7.981715,49.416218,6.039514,0.009244,0.958169,0.077945,0.275229,-15.880897,5.216232,5.576395,-0.088371,0.924399,-0.069309,0.364519,4.908254,83.457260,26.561117,-0.020536,0.913652,-0.096084,0.394444,8.854550,49.370602,33.294861,-0.046667,0.932848,0.048778,0.353889,7.135923,5.334890,41.906063,0.009244,0.958169,0.077945,0.275229,-8.738664,1.462273,-6.375360,-0.046667,0.932848,0.048778,0.353889,16.508955,1.294662,31.719261
218,1.816667,0.008351,0.931490,-0.033321,0.362140,-1.593500,83.383057,20.609089,-0.009293,0.946001,0.030867,0.322557,-1.306399,90.599228,20.203833,0.004408,0.950626,-0.023653,0.309404,-1.932282,107.256485,21.078604,-0.007457,0.974157,0.062265,0.216990,-1.515338,125.349495,20.313427,0.021472,0.988318,-0.098212,0.114549,-1.339221,139.134262,20.343437,0.040684,0.894712,0.056078,0.441238,-4.519169,119.982193,18.419395,0.157438,-0.654268,0.115579,-0.730608,-14.399923,121.971786,5.647650,0.041078,-0.182989,-0.483728,-0.854889,-11.773676,113.567337,-14.968616,-0.145564,-0.123571,0.755431,0.626790,-2.091797,130.473328,-22.309853,-0.085749,0.986766,0.026587,0.135030,1.185297,120.026337,22.571379,0.271524,0.739709,-0.025849,-0.615173,16.622507,122.662819,26.981232,-0.054603,-0.022551,0.490340,-0.869527,18.767323,112.944649,6.893441,0.058794,-0.210404,0.766842,-0.603513,8.136669,130.389877,8.796833,0.049096,0.905711,0.113901,0.405345,-8.099612,83.307419,14.652988,0.085354,0.943852,-0.023260,0.318304,-7.980540,49.414520,6.046354,0.009132,0.958171,0.078017,0.275204,-15.880291,5.214688,5.578050,-0.088349,0.924358,-0.069373,0.364616,4.912613,83.458694,26.565191,-0.020513,0.913662,-0.096023,0.394438,8.855068,49.372379,33.302914,-0.046605,0.932864,0.048854,0.353845,7.136808,5.335527,41.908363,0.009132,0.958171,0.078017,0.275204,-8.737443,1.463491,-6.374208,-0.046605,0.932864,0.048854,0.353845,16.508520,1.296570,31.719837
219,1.825000,0.008272,0.931458,-0.033358,0.362222,-1.588821,83.385590,20.615261,-0.009367,0.945979,0.030795,0.322626,-1.302558,90.601738,20.209112,0.004344,0.950605,-0.023607,0.309473,-1.930055,107.258514,21.080750,-0.007478,0.974111,0.062509,0.217126,-1.515793,125.351631,20.316462,0.021507,0.988283,-0.098335,0.114738,-1.341488,139.136414,20.353054,0.040586,0.894615,0.056232,0.441424,-4.518528,119.983948,18.421759,0.157241,-0.654193,0.115237,-0.730772,-14.394190,121.973122,5.646008,0.041351,-0.182776,-0.483854,-0.854850,-11.760001,113.585320,-14.976027,-0.145791,-0.124200,0.755782,0.626189,-2.078269,130.496185,-22.316345,-0.085794,0.986757,0.026598,0.135069,1.185344,120.028770,22.574551,0.271435,0.739791,-0.025864,-0.615112,16.621958,122.666595,26.985687,-0.054630,-0.022703,0.490253,-0.869570,18.772278,112.950012,6.897707,0.058884,-0.210651,0.766788,-0.603486,8.137900,130.393478,8.807023,0.049148,0.905658,0.113805,0.405483,-8.093910,83.308350,14.658061,0.085385,0.943794,-0.023200,0.318472,-7.979600,49.414299,6.055912,0.009272,0.958168,0.078107,0.275188,-15.880150,5.214694,5.580202,-0.088298,0.924370,-0.069428,0.364587,4.916269,83.462822,26.572462,-0.020502,0.913650,-0.095915,0.394493,8.854286,49.376419,33.312336,-0.046636,0.932859,0.048823,0.353858,7.138468,5.337667,41.908550,0.009272,0.958168,0.078107,0.275188,-8.738714,1.464941,-6.373356,-0.046636,0.932859,0.048823,0.353858,16.510660,1.298239,31.720650
220,1.833333,0.008288,0.931416,-0.033389,0.362328,-1.586384,83.384827,20.620474,-0.009433,0.945954,0.030758,0.322700,-1.299693,90.600937,20.214029,0.004323,0.950585,-0.023577,0.309539,-1.928994,107.259003,21.083815,-0.007597,0.974096,0.062631,0.217157,-1.515721,125.352165,20.320358,0.021608,0.988272,-0.098390,0.114768,-1.345305,139.136978,20.359560,0.040559,0.894533,0.056346,0.441579,-4.517871,119.984398,18.425013,0.158790,-0.654361,0.113026,-0.730631,-14.389174,121.974602,5.646056,0.042614,-0.182071,-0.484152,-0.854770,-11.742241,113.613335,-14.985116,-0.145838,-0.124657,0.755943,0.625894,-2.066096,130.517334,-22.322474,-0.085841,0.986749,0.026518,0.135108,1.185428,120.029388,22.578590,0.271397,0.739748,-0.026059,-0.615173,16.621433,122.669029,26.990772,-0.054722,-0.022674,0.490319,-0.869528,18.769323,112.948799,6.904307,0.058697,-0.210882,0.766659,-0.603587,8.138089,130.392838,8.814455,0.049148,0.905576,0.113782,0.405672,-8.090118,83.307594,14.661795,0.085458,0.943852,-0.023146,0.318283,-7.974677,49.413174,6.061114,0.009218,0.958169,0.078070,0.275194,-15.879944,5.214465,5.580359,-0.088286,0.924375,-0.069454,0.364572,4.917351,83.462051,26.579153,-0.020444,0.913763,-0.095842,0.394251,8.854010,49.375744,33.320313,-0.046599,0.932838,0.048912,0.353906,7.138269,5.335522,41.909012,0.009218,0.958169,0.078070,0.275194,-8.737964,1.464099,-6.372681,-0.046599,0.932838,0.048912,0.353906,16.511374,1.298036,31.721180
221,1.841667,0.008294,0.931382,-0.033503,0.362403,-1.584991,83.384003,20.626816,-0.009522,0.945935,0.030741,0.322755,-1.297591,90.599998,20.218882,0.004261,0.950567,-0.023606,0.309593,-1.929627,107.259178,21.087187,-0.007711,0.974066,0.062857,0.217220,-1.518137,125.352325,20.322041,0.021797,0.988249,-0.098456,0.114868,-1.352044,139.137192,20.366705,0.040590,0.894424,0.056408,0.441788,-4.519526,119.984055,18.426882,0.158632,-0.654291,0.112646,-0.730788,-14.384715,121.976295,5.643527,0.042695,-0.181880,-0.484248,-0.854752,-11.729786,113.631821,-14.993413,-0.145805,-0.125030,0.756256,0.625448,-2.053029,130.541367,-22.326872,-0.085834,0.986748,0.026545,0.135117,1.183313,120.030037,22.581078,0.271460,0.739763,-0.025994,-0.615130,16.619272,122.669312,26.993608,-0.054799,-0.022755,0.490275,-0.869546,18.767998,112.948669,6.907442,0.058417,-0.210990,0.766648,-0.603591,8.135289,130.390961,8.821924,0.049155,0.905531,0.113764,0.405777,-8.087765,83.306084,14.667101,0.085534,0.943769,-0.023111,0.318512,-7.972251,49.411415,6.067374,0.009224,0.958143,0.078053,0.275291,-15.882823,5.213728,5.579525,-0.088174,0.924297,-0.069494,0.364789,4.917781,83.461922,26.586533,-0.020520,0.913695,-0.095701,0.394440,8.844675,49.374630,33.328411,-0.046629,0.932845,0.048876,0.353887,7.138428,5.332264,41.907986,0.009224,0.958143,0.078053,0.275291,-8.738621,1.462759,-6.371991,-0.046629,0.932845,0.048876,0.353887,16.511303,1.294158,31.720194
222,1.850000,0.008361,0.931335,-0.033637,0.362511,-1.584280,83.382713,20.632988,-0.009620,0.945914,0.030774,0.322812,-1.295224,90.598572,20.223637,0.004272,0.950552,-0.023627,0.309635,-1.930779,107.258209,21.091932,-0.007767,0.974027,0.063138,0.217312,-1.518646,125.351311,20.326202,0.021774,0.988216,-0.098637,0.115004,-1.355588,139.136169,20.378229,0.040608,0.894320,0.056529,0.441981,-4.520036,119.983078,18.430962,0.158298,-0.654226,0.112428,-0.730952,-14.379633,121.977783,5.643678,0.042549,-0.181863,-0.484300,-0.854733,-11.718699,113.649895,-14.999191,-0.145650,-0.125290,0.756314,0.625361,-2.041882,130.565430,-22.330494,-0.085971,0.986734,0.026325,0.135177,1.182434,120.029022,22.585663,0.271652,0.739783,-0.025923,-0.615024,16.617109,122.673584,26.999537,-0.054667,-0.022810,0.490228,-0.869579,18.767019,112.948395,6.915687,0.058366,-0.210955,0.766766,-0.603457,8.133430,130.388214,8.829283,0.049110,0.905498,0.113756,0.405859,-8.085645,83.304970,14.671733,0.085619,0.943773,-0.023060,0.318480,-7.966787,49.409866,6.073790,0.009261,0.958147,0.078008,0.275289,-15.883014,5.213264,5.579426,-0.088167,0.924333,-0.069519,0.364694,4.917086,83.460457,26.594242,-0.020450,0.913824,-0.095600,0.394167,8.843573,49.373314,33.337112,-0.046853,0.932852,0.048723,0.353861,7.137717,5.328956,41.906555,0.009261,0.958147,0.078008,0.275289,-8.739298,1.460819,-6.371922,-0.046853,0.932852,0.048723,0.353861,16.511669,1.289210,31.720406
223,1.858333,0.008271,0.931301,-0.033694,0.362595,-1.579046,83.384529,20.639633,-0.009743,0.945887,0.030775,0.322886,-1.290870,90.600349,20.229067,0.004233,0.950529,-0.023585,0.309711,-1.930365,107.259705,21.096006,-0.007753,0.974001,0.063320,0.217379,-1.519971,125.352898,20.331316,0.021748,0.988205,-0.098712,0.115035,-1.357539,139.137741,20.388386,0.040621,0.894219,0.056635,0.442172,-4.520509,119.984451,18.435307,0.158003,-0.654127,0.112210,-0.731138,-14.374592,121.981277,5.644095,0.042353,-0.181900,-0.484452,-0.854649,-11.705623,113.668945,-15.004009,-0.145433,-0.125664,0.756183,0.625496,-2.034712,130.590942,-22.332872,-0.085978,0.986725,0.026300,0.135237,1.181298,120.030746,22.590919,0.271521,0.739774,-0.026107,-0.615084,16.615408,122.675560,27.006647,-0.054796,-0.022810,0.490210,-0.869581,18.765188,112.949692,6.923109,0.058223,-0.211128,0.766608,-0.603612,8.130947,130.388611,8.839252,0.049141,0.905381,0.113731,0.406122,-8.079378,83.304886,14.677271,0.085696,0.943847,-0.023004,0.318246,-7.960644,49.409599,6.080036,0.009129,0.958156,0.078014,0.275258,-15.881881,5.213949,5.580729,-0.088120,0.924282,-0.069550,0.364829,4.921286,83.464172,26.601994,-0.020431,0.913781,-0.095503,0.394293,8.842937,49.376736,33.346230,-0.046787,0.932845,0.048788,0.353881,7.137821,5.330634,41.906876,0.009129,0.958156,0.078014,0.275258,-8.737712,1.462646,-6.370710,-0.046787,0.932845,0.048788,0.353881,16.511763,1.291893,31.720308
224,1.866667,0.008188,0.931276,-0.033709,0.362660,-1.575583,83.386650,20.646936,-0.009760,0.945865,0.030697,0.322958,-1.288422,90.602478,20.235750,0.004161,0.950506,-0.023511,0.309789,-1.927678,107.261887,21.099977,-0.007874,0.973994,0.063457,0.217366,-1.520536,125.355217,20.337070,0.021898,0.988206,-0.098759,0.114963,-1.362187,139.140106,20.397108,0.040541,0.894091,0.056900,0.442402,-4.519772,119.986389,18.440075,0.157444,-0.654100,0.112151,-0.731292,-14.367435,121.984955,5.644197,0.042050,-0.181931,-0.484537,-0.854609,-11.696293,113.690376,-15.010764,-0.145439,-0.126110,0.755848,0.625810,-2.028659,130.617935,-22.334946,-0.085977,0.986712,0.026212,0.135352,1.181365,120.033371,22.596598,0.271580,0.739741,-0.026083,-0.615099,16.614468,122.678398,27.015697,-0.054723,-0.022910,0.490184,-0.869597,18.761969,112.951599,6.932372,0.058300,-0.211083,0.766655,-0.603560,8.126455,130.390518,8.850631,0.049146,0.905328,0.113704,0.406248,-8.075098,83.305496,14.683705,0.085791,0.943768,-0.022965,0.318458,-7.956275,49.409809,6.088053,0.009279,0.958132,0.078046,0.275328,-15.884319,5.215469,5.580926,-0.088150,0.924233,-0.069608,0.364935,4.923932,83.467796,26.610167,-0.020350,0.913795,-0.095394,0.394290,8.845223,49.381306,33.359337,-0.046802,0.932832,0.048780,0.353914,7.137391,5.333042,41.908257,0.009279,0.958132,0.078046,0.275328,-8.739730,1.463896,-6.370175,-0.046802,0.932832,0.048780,0.353914,16.512165,1.294285,31.722467
225,1.875000,0.008078,0.931252,-0.033616,0.362733,-1.569847,83.389175,20.652449,-0.009846,0.945843,0.030658,0.323025,-1.284622,90.605118,20.241961,0.004127,0.950486,-0.023380,0.309858,-1.926214,107.263924,21.103968,-0.007905,0.973967,0.063663,0.217423,-1.521653,125.357498,20.345226,0.021885,0.988189,-0.098891,0.114999,-1.365274,139.142380,20.410675,0.040494,0.893976,0.057169,0.442605,-4.519817,119.988655,18.446581,0.157000,-0.654127,0.111983,-0.731389,-14.361763,121.989967,5.646728,0.041941,-0.181888,-0.484557,-0.854612,-11.690516,113.713249,-15.015386,-0.145499,-0.126723,0.755516,0.626072,-2.022050,130.644287,-22.336676,-0.086102,0.986699,0.026154,0.135382,1.180716,120.035530,22.603935,0.271412,0.739737,-0.026371,-0.615166,16.612862,122.684753,27.023872,-0.054762,-0.022978,0.490126,-0.869626,18.760759,112.955582,6.941734,0.058552,-0.210997,0.766797,-0.603386,8.122621,130.393509,8.863177,0.049178,0.905242,0.113624,0.406458,-8.068459,83.306763,14.688251,0.085858,0.943770,-0.022909,0.318436,-7.951988,49.410023,6.096728,0.009308,0.958140,0.078115,0.275282,-15.884100,5.216488,5.583077,-0.088166,0.924149,-0.069689,0.365128,4.928765,83.471588,26.616648,-0.020309,0.913822,-0.095312,0.394249,8.847610,49.386089,33.372265,-0.046822,0.932860,0.048804,0.353834,7.139716,5.336276,41.913162,0.009308,0.958140,0.078115,0.275282,-8.740683,1.466630,-6.369266,-0.046822,0.932860,0.048804,0.353834,16.513010,1.298288,31.725708
226,1.883333,0.008022,0.931219,-0.033662,0.362815,-1.565057,83.389854,20.659334,-0.009960,0.945812,0.030612,0.323115,-1.280313,90.605766,20.247955,0.004108,0.950457,-0.023280,0.309956,-1.925125,107.265327,21.107262,-0.007968,0.973937,0.063859,0.217496,-1.522254,125.359070,20.351772,0.021887,0.988173,-0.098989,0.115054,-1.368646,139.143967,20.422195,0.040479,0.893887,0.057349,0.442762,-4.519482,119.990265,18.451574,0.156520,-0.654004,0.111881,-0.731617,-14.356947,121.993912,5.648649,0.041815,-0.181875,-0.484707,-0.854536,-11.677473,113.734314,-15.019250,-0.145632,-0.127305,0.755208,0.626295,-2.013736,130.672089,-22.338072,-0.086174,0.986686,0.026165,0.135426,1.180195,120.036987,22.610102,0.271588,0.739769,-0.026142,-0.615060,16.611544,122.688400,27.031500,-0.054547,-0.023129,0.489989,-0.869713,18.761024,112.959412,6.949446,0.058474,-0.211211,0.766446,-0.603764,8.118467,130.392700,8.871582,0.049182,0.905194,0.113579,0.406576,-8.062640,83.306168,14.694035,0.085951,0.943731,-0.022856,0.318532,-7.946592,49.408745,6.105202,0.009269,0.958141,0.078107,0.275281,-15.884955,5.216432,5.583630,-0.088189,0.924055,-0.069714,0.365357,4.932526,83.473541,26.624632,-0.020228,0.913796,-0.095209,0.394338,8.850515,49.388565,33.383404,-0.046583,0.932846,0.049006,0.353873,7.138848,5.336687,41.912945,0.009269,0.958141,0.078107,0.275281,-8.741223,1.466627,-6.368537,-0.046583,0.932846,0.049006,0.353873,16.511324,1.301455,31.723642
227,1.891667,0.007956,0.931182,-0.033682,0.362909,-1.558698,83.389198,20.665825,-0.010093,0.945787,0.030634,0.323182,-1.274698,90.605110,20.253872,0.004052,0.950438,-0.023217,0.310021,-1.923977,107.264030,21.112337,-0.007953,0.973903,0.064141,0.217565,-1.523683,125.357903,20.358429,0.021882,0.988152,-0.099146,0.115093,-1.371250,139.142761,20.436621,0.040550,0.893789,0.057587,0.442922,-4.519865,119.988800,18.457380,0.156126,-0.653916,0.111716,-0.731805,-14.352514,121.998093,5.651641,0.041676,-0.181900,-0.484852,-0.854455,-11.666218,113.755142,-15.022010,-0.145750,-0.127814,0.754678,0.626803,-2.008578,130.697708,-22.338665,-0.086253,0.986677,0.026136,0.135446,1.179255,120.036018,22.616665,0.271672,0.739759,-0.026160,-0.615034,16.609982,122.690056,27.038654,-0.054382,-0.023193,0.489940,-0.869749,18.758881,112.957970,6.958041,0.058534,-0.211347,0.766321,-0.603870,8.114319,130.390472,8.879097,0.049228,0.905094,0.113528,0.406807,-8.055092,83.304253,14.699247,0.086039,0.943569,-0.022849,0.318986,-7.941226,49.406345,6.112287,0.009458,0.958112,0.078175,0.275355,-15.886537,5.215362,5.583759,-0.088140,0.924031,-0.069747,0.365423,4.937696,83.474144,26.632401,-0.020169,0.913797,-0.095105,0.394364,8.851142,49.388889,33.392361,-0.046658,0.932829,0.049012,0.353909,7.138023,5.335033,41.911388,0.009458,0.958112,0.078175,0.275355,-8.742539,1.465978,-6.368381,-0.046658,0.932829,0.049012,0.353909,16.511932,1.300730,31.723034
228,1.900000,0.007944,0.931142,-0.033750,0.363005,-1.556005,83.389214,20.673714,-0.010234,0.945761,0.030633,0.323255,-1.271760,90.605057,20.260807,0.004083,0.950416,-0.023147,0.310091,-1.925551,107.263145,21.117645,-0.008077,0.973889,0.064340,0.217568,-1.524936,125.357124,20.366528,0.021961,0.988144,-0.099253,0.115058,-1.377038,139.142014,20.449347,0.040687,0.893723,0.057553,0.443047,-4.520899,119.988342,18.464224,0.155652,-0.653848,0.111592,-0.731985,-14.349590,122.001289,5.656013,0.041531,-0.181833,-0.484916,-0.854440,-11.658100,113.775864,-15.023952,-0.145935,-0.128285,0.754265,0.627160,-2.001140,130.723145,-22.335943,-0.086258,0.986672,0.026106,0.135483,1.177607,120.034874,22.624361,0.271520,0.739763,-0.026376,-0.615087,16.607985,122.689178,27.047426,-0.054406,-0.023153,0.489865,-0.869791,18.757643,112.956047,6.967390,0.058575,-0.211361,0.766305,-0.603881,8.109782,130.387070,8.887408,0.049216,0.904985,0.113530,0.407051,-8.051172,83.303574,14.705809,0.086151,0.943552,-0.022806,0.319011,-7.934171,49.405594,6.119153,0.009487,0.958116,0.078126,0.275355,-15.887645,5.216164,5.583473,-0.088138,0.923959,-0.069709,0.365612,4.939161,83.474854,26.641619,-0.020078,0.913819,-0.095022,0.394339,8.852139,49.389198,33.399860,-0.046521,0.932806,0.049043,0.353983,7.134792,5.333600,41.908997,0.009487,0.958116,0.078126,0.275355,-8.744036,1.465245,-6.368424,-0.046521,0.932806,0.049043,0.353983,16.509140,1.298730,31.721268
229,1.908333,0.007836,0.931091,-0.033767,0.363136,-1.548696,83.387917,20.681147,-0.010389,0.945733,0.030635,0.323330,-1.265755,90.603767,20.267481,0.004011,0.950397,-0.023068,0.310156,-1.924536,107.261978,21.122669,-0.008068,0.973861,0.064624,0.217611,-1.527222,125.356102,20.373482,0.021951,0.988129,-0.099416,0.115045,-1.380711,139.140945,20.464060,0.040811,0.893650,0.057846,0.443146,-4.521924,119.986961,18.470226,0.155394,-0.653800,0.111322,-0.732124,-14.347437,122.007820,5.660828,0.041606,-0.181652,-0.484972,-0.854444,-11.650436,113.798462,-15.024797,-0.146145,-0.128871,0.753985,0.627328,-1.992608,130.748230,-22.332247,-0.086293,0.986659,0.026174,0.135545,1.176022,120.034134,22.631119,0.271688,0.739811,-0.026099,-0.614967,16.605650,122.689163,27.056355,-0.054228,-0.023299,0.489735,-0.869871,18.757843,112.957634,6.975821,0.058625,-0.211301,0.766140,-0.604106,8.105894,130.384109,8.897143,0.049219,0.904891,0.113576,0.407247,-8.042221,83.300308,14.711484,0.086304,0.943525,-0.022829,0.319049,-7.922223,49.403091,6.121894,0.009384,0.958108,0.078130,0.275385,-15.889150,5.216119,5.583503,-0.088105,0.923919,-0.069703,0.365723,4.944829,83.475525,26.650806,-0.020033,0.913710,-0.094929,0.394614,8.855011,49.389408,33.408321,-0.046794,0.932803,0.048934,0.353970,7.134725,5.332044,41.907738,0.009384,0.958108,0.078130,0.275385,-8.743871,1.466029,-6.367654,-0.046794,0.932803,0.048934,0.353970,16.510988,1.297211,31.721760
230,1.916667,0.007716,0.931056,-0.033714,0.363233,-1.541349,83.387733,20.689322,-0.010571,0.945706,0.030607,0.323406,-1.260262,90.603661,20.275774,0.004003,0.950377,-0.022904,0.310232,-1.924601,107.263206,21.128130,-0.008089,0.973847,0.064743,0.217637,-1.529360,125.357613,20.384542,0.021974,0.988119,-0.099547,0.115018,-1.384091,139.142471,20.478210,0.040841,0.893591,0.058087,0.443229,-4.523108,119.988693,18.479166,0.154811,-0.653732,0.111340,-0.732305,-14.346133,122.013985,5.668557,0.041452,-0.181543,-0.484951,-0.854486,-11.645328,113.820709,-15.022948,-0.146283,-0.129442,0.753756,0.627453,-1.983315,130.774979,-22.324976,-0.086418,0.986642,0.026258,0.135574,1.174168,120.035278,22.640985,0.271835,0.739848,-0.026004,-0.614861,16.602842,122.693886,27.067408,-0.054083,-0.023311,0.489659,-0.869923,18.757256,112.959778,6.988353,0.058632,-0.211192,0.766074,-0.604227,8.102953,130.383530,8.906921,0.049229,0.904866,0.113490,0.407327,-8.033665,83.298431,14.718370,0.086409,0.943520,-0.022745,0.319039,-7.916041,49.399929,6.133833,0.009278,0.958107,0.078225,0.275363,-15.889425,5.214250,5.585365,-0.088136,0.923805,-0.069716,0.365999,4.950967,83.477036,26.660273,-0.019923,0.913685,-0.094839,0.394701,8.860800,49.391422,33.420532,-0.046677,0.932785,0.049120,0.354006,7.133908,5.332142,41.908653,0.009278,0.958107,0.078225,0.275363,-8.743462,1.467498,-6.366429,-0.046677,0.932785,0.049120,0.354006,16.510328,1.300894,31.721397
231,1.925000,0.007545,0.930999,-0.033615,0.363392,-1.530991,83.389053,20.697720,-0.010780,0.945662,0.030590,0.323529,-1.252654,90.605125,20.284651,0.003780,0.950342,-0.022677,0.310358,-1.923619,107.267014,21.134258,-0.007831,0.973803,0.064975,0.217771,-1.538520,125.361847,20.396023,0.021926,0.988097,-0.099755,0.115030,-1.387518,139.146576,20.497606,0.040825,0.893469,0.058408,0.443436,-4.528720,119.991776,18.488331,0.154656,-0.653727,0.110966,-0.732400,-14.345826,122.021461,5.673885,0.041415,-0.181341,-0.484941,-0.854536,-11.640969,113.844589,-15.023571,-0.146158,-0.129955,0.753449,0.627745,-1.975058,130.800919,-22.318384,-0.086424,0.986640,0.026405,0.135554,1.167475,120.040405,22.651600,0.271713,0.739972,-0.026176,-0.614759,16.596285,122.698570,27.077787,-0.054231,-0.023194,0.489576,-0.869963,18.759321,112.962379,7.000682,0.058579,-0.211049,0.765857,-0.604557,8.101770,130.383636,8.917845,0.049174,0.904870,0.113360,0.407359,-8.021305,83.297485,14.724630,0.086614,0.943557,-0.022611,0.318884,-7.903632,49.396530,6.149751,0.009172,0.958098,0.078329,0.275372,-15.890539,5.213484,5.585268,-0.088158,0.923734,-0.069682,0.366179,4.959324,83.480629,26.670807,-0.019821,0.913709,-0.094820,0.394653,8.870108,49.394947,33.430202,-0.046572,0.932819,0.049181,0.353922,7.135919,5.334970,41.913254,0.009172,0.958098,0.078329,0.275372,-8.743121,1.470270,-6.366758,-0.046572,0.932819,0.049181,0.353922,16.509735,1.304133,31.723448
232,1.933333,0.007383,0.930942,-0.033593,0.363544,-1.522193,83.390404,20.707720,-0.010995,0.945618,0.030624,0.323646,-1.246088,90.606522,20.294132,0.003727,0.950306,-0.022575,0.310475,-1.924238,107.266975,21.142336,-0.007525,0.973782,0.065141,0.217828,-1.542013,125.362000,20.407055,0.021749,0.988108,-0.099860,0.114884,-1.383704,139.146606,20.515001,0.040994,0.893442,0.058089,0.443516,-4.530846,119.991722,18.497789,0.154344,-0.653738,0.110567,-0.732516,-14.345205,122.021843,5.681302,0.041227,-0.181201,-0.484899,-0.854599,-11.637067,113.866554,-15.024251,-0.145961,-0.130357,0.753075,0.628157,-1.966851,130.825150,-22.311029,-0.086438,0.986631,0.026347,0.135621,1.164335,120.040657,22.662451,0.271629,0.740095,-0.026071,-0.614652,16.592482,122.699425,27.090612,-0.054270,-0.023223,0.489388,-0.870066,18.763437,112.967537,7.012268,0.058557,-0.210949,0.765739,-0.604744,8.098998,130.383057,8.930848,0.049268,0.904637,0.113253,0.407895,-8.010608,83.296204,14.732605,0.086740,0.943554,-0.022527,0.318864,-7.896935,49.394199,6.161837,0.009218,0.958100,0.078408,0.275340,-15.892031,5.212772,5.586811,-0.088169,0.923631,-0.069644,0.366444,4.966223,83.484604,26.682837,-0.019761,0.913505,-0.094733,0.395150,8.876785,49.398693,33.441185,-0.046688,0.932795,0.049191,0.353968,7.136202,5.337021,41.914089,0.009218,0.958100,0.078408,0.275340,-8.745566,1.471390,-6.366370,-0.046688,0.932795,0.049191,0.353968,16.512066,1.307699,31.725567
233,1.941667,0.007229,0.930879,-0.033565,0.363710,-1.512797,83.388481,20.716639,-0.011213,0.945573,0.030693,0.323764,-1.238841,90.604660,20.302679,0.003691,0.950271,-0.022522,0.310588,-1.924808,107.266113,21.150688,-0.007497,0.973744,0.065464,0.217903,-1.544304,125.361229,20.416866,0.021708,0.988093,-0.100020,0.114874,-1.387068,139.145767,20.533762,0.041125,0.893355,0.058315,0.443651,-4.532125,119.990791,18.506491,0.153846,-0.653677,0.110604,-0.732669,-14.342237,122.028114,5.687899,0.040869,-0.181211,-0.484881,-0.854625,-11.630884,113.885857,-15.022358,-0.145796,-0.130653,0.752743,0.628531,-1.959592,130.847855,-22.302782,-0.086499,0.986611,0.026312,0.135739,1.162069,120.040001,22.672493,0.271646,0.740153,-0.026134,-0.614572,16.588825,122.700752,27.104300,-0.054213,-0.023167,0.489327,-0.870106,18.763819,112.965981,7.027793,0.058549,-0.210963,0.765590,-0.604928,8.097425,130.379242,8.943011,0.049320,0.904553,0.113224,0.408083,-7.999125,83.291832,14.739297,0.086866,0.943552,-0.022483,0.318839,-7.887761,49.389736,6.168868,0.009237,0.958090,0.078519,0.275342,-15.892193,5.210093,5.586693,-0.088212,0.923556,-0.069577,0.366636,4.973531,83.485130,26.693981,-0.019624,0.913503,-0.094683,0.395175,8.887211,49.399109,33.449936,-0.046899,0.932814,0.049132,0.353900,7.136954,5.336115,41.913975,0.009237,0.958090,0.078519,0.275342,-8.745551,1.471564,-6.367271,-0.046899,0.932814,0.049132,0.353900,16.513105,1.307402,31.725470
234,1.950000,0.007176,0.930795,-0.033732,0.363911,-1.509297,83.387016,20.729038,-0.011586,0.945545,0.030692,0.323834,-1.235086,90.603050,20.312609,0.003890,0.950263,-0.022366,0.310621,-1.932922,107.265022,21.156540,-0.007600,0.973737,0.065555,0.217904,-1.547307,125.360336,20.430336,0.021785,0.988083,-0.100092,0.114891,-1.393388,139.144897,20.549068,0.041208,0.893271,0.058360,0.443806,-4.536480,119.991531,18.517477,0.150581,-0.653276,0.113496,-0.733263,-14.341892,122.032104,5.695808,0.038735,-0.182188,-0.484432,-0.854770,-11.636109,113.890205,-15.015314,-0.145578,-0.130830,0.752337,0.629031,-1.951947,130.870514,-22.294983,-0.086345,0.986606,0.026455,0.135843,1.157405,120.037399,22.683941,0.271573,0.740253,-0.025986,-0.614490,16.584110,122.692467,27.119335,-0.054243,-0.023129,0.489205,-0.870173,18.765369,112.963066,7.040906,0.058435,-0.211029,0.765491,-0.605043,8.094471,130.372650,8.955083,0.049259,0.904509,0.113281,0.408173,-7.993050,83.288292,14.748940,0.087014,0.943511,-0.022459,0.318921,-7.875362,49.386681,6.176683,0.009046,0.958101,0.078528,0.275308,-15.891483,5.209252,5.587524,-0.088262,0.923499,-0.069424,0.366796,4.974456,83.485741,26.709137,-0.019497,0.913506,-0.094650,0.395182,8.894128,49.398838,33.457203,-0.046719,0.932805,0.049261,0.353928,7.134573,5.334821,41.913982,0.009046,0.958101,0.078528,0.275308,-8.743910,1.472370,-6.366396,-0.046719,0.932805,0.049261,0.353928,16.510010,1.307575,31.724245
235,1.958333,0.007028,0.930744,-0.033715,0.364047,-1.499668,83.383675,20.737148,-0.011873,0.945507,0.030800,0.323925,-1.227478,90.599754,20.320208,0.003846,0.950236,-0.022292,0.310710,-1.935617,107.261948,21.164398,-0.007689,0.973707,0.065793,0.217960,-1.552279,125.357391,20.440283,0.021882,0.988068,-0.100168,0.114929,-1.402102,139.141937,20.564955,0.041262,0.893156,0.058985,0.443949,-4.540383,119.988403,18.526274,0.150307,-0.653261,0.113363,-0.733353,-14.341509,122.039703,5.703041,0.038513,-0.182131,-0.484357,-0.854835,-11.633452,113.909851,-15.012513,-0.145390,-0.131044,0.751982,0.629454,-1.944909,130.891418,-22.286392,-0.086332,0.986587,0.026607,0.135958,1.152726,120.034561,22.693794,0.271646,0.740273,-0.026000,-0.614434,16.578491,122.688377,27.133196,-0.054185,-0.023138,0.489224,-0.870166,18.761076,112.955986,7.056363,0.058528,-0.210982,0.765510,-0.605025,8.091269,130.365570,8.969663,0.049234,0.904483,0.113297,0.408227,-7.981711,83.282539,14.755238,0.087217,0.943393,-0.022474,0.319214,-7.861469,49.381008,6.182694,0.009110,0.958080,0.078590,0.275359,-15.894896,5.206818,5.586448,-0.088265,0.923456,-0.069366,0.366914,4.982374,83.484802,26.719061,-0.019388,0.913544,-0.094605,0.395110,8.902933,49.397381,33.463985,-0.046799,0.932831,0.049238,0.353853,7.136692,5.332220,41.913414,0.009110,0.958080,0.078590,0.275359,-8.746508,1.471109,-6.367350,-0.046799,0.932831,0.049238,0.353853,16.511177,1.305176,31.722721
236,1.966667,0.006828,0.930668,-0.033715,0.364243,-1.489062,83.383339,20.747190,-0.012150,0.945434,0.030888,0.324118,-1.219486,90.599457,20.329247,0.003810,0.950171,-0.022194,0.310916,-1.937427,107.259056,21.172956,-0.007687,0.973662,0.066030,0.218088,-1.556296,125.354683,20.451880,0.021902,0.988056,-0.100259,0.114948,-1.407304,139.139191,20.583088,0.041413,0.893079,0.059154,0.444068,-4.542825,119.985565,18.535727,0.149888,-0.653195,0.113331,-0.733502,-14.340106,122.043800,5.710660,0.038197,-0.182086,-0.484312,-0.854885,-11.627899,113.926949,-15.009456,-0.145297,-0.131146,0.751675,0.629821,-1.936511,130.910934,-22.275908,-0.086338,0.986557,0.026627,0.136170,1.148476,120.031868,22.705715,0.271696,0.740344,-0.025989,-0.614326,16.572332,122.685516,27.151855,-0.054089,-0.023112,0.489192,-0.870191,18.759670,112.951019,7.076550,0.058675,-0.210932,0.765366,-0.605211,8.088502,130.360107,8.986932,0.049250,0.904420,0.113250,0.408378,-7.968639,83.278786,14.762664,0.087390,0.943377,-0.022424,0.319218,-7.849343,49.376621,6.192604,0.009068,0.958070,0.078648,0.275382,-15.895859,5.204937,5.587095,-0.088278,0.923370,-0.069271,0.367147,4.990514,83.487892,26.731718,-0.019260,0.913455,-0.094568,0.395331,8.912695,49.399715,33.471863,-0.046818,0.932799,0.049190,0.353941,7.135247,5.333495,41.913395,0.009068,0.958070,0.078648,0.275382,-8.746374,1.471064,-6.366623,-0.046818,0.932799,0.049190,0.353941,16.511673,1.305468,31.724876
237,1.975000,0.006664,0.930627,-0.033631,0.364359,-1.478659,83.381683,20.755741,-0.012496,0.945398,0.030978,0.324203,-1.211677,90.597916,20.338091,0.003822,0.950145,-0.022052,0.311004,-1.941545,107.256172,21.180782,-0.007746,0.973639,0.066148,0.218155,-1.561530,125.352013,20.464766,0.021958,0.988043,-0.100307,0.115012,-1.414733,139.136505,20.598871,0.041481,0.893001,0.059041,0.444233,-4.547335,119.983231,18.546585,0.149489,-0.653185,0.113117,-0.733626,-14.339674,122.042023,5.717839,0.037883,-0.181967,-0.484254,-0.854957,-11.624713,113.943359,-15.009029,-0.145126,-0.131297,0.751431,0.630120,-1.929080,130.929398,-22.265402,-0.086442,0.986512,0.026500,0.136452,1.143194,120.028770,22.717632,0.271705,0.740433,-0.026078,-0.614211,16.563957,122.685959,27.172369,-0.054077,-0.023048,0.489088,-0.870252,18.757395,112.947762,7.099530,0.058668,-0.210767,0.765134,-0.605561,8.082422,130.353668,9.007100,0.049246,0.904357,0.113202,0.408531,-7.956785,83.274910,14.769686,0.087540,0.943462,-0.022333,0.318933,-7.837145,49.371952,6.202747,0.009033,0.958085,0.078744,0.275301,-15.893883,5.202264,5.587639,-0.088352,0.923290,-0.069269,0.367331,4.999467,83.488457,26.741796,-0.019060,0.913578,-0.094522,0.395067,8.925056,49.401165,33.484428,-0.046689,0.932818,0.049353,0.353885,7.135229,5.333459,41.915600,0.009033,0.958085,0.078744,0.275301,-8.745761,1.471298,-6.367800,-0.046689,0.932818,0.049353,0.353885,16.509687,1.308241,31.724163
238,1.983333,0.006483,0.930576,-0.033594,0.364496,-1.466604,83.381699,20.766834,-0.012738,0.945335,0.031043,0.324371,-1.202191,90.598000,20.348770,0.003596,0.950085,-0.021912,0.311200,-1.940513,107.254959,21.190701,-0.007649,0.973593,0.066301,0.218319,-1.569692,125.351082,20.477028,0.022015,0.988031,-0.100330,0.115083,-1.420944,139.135513,20.615976,0.041522,0.892918,0.059303,0.444361,-4.551917,119.980965,18.556999,0.149171,-0.653221,0.112896,-0.733693,-14.340422,122.044861,5.726148,0.037723,-0.181811,-0.484105,-0.855082,-11.625319,113.962196,-15.006945,-0.145025,-0.131496,0.751227,0.630345,-1.921269,130.946976,-22.255230,-0.086402,0.986495,0.026381,0.136621,1.136919,120.028984,22.730331,0.271581,0.740593,-0.026004,-0.614076,16.556404,122.685226,27.190060,-0.054147,-0.023130,0.488932,-0.870332,18.760292,112.951401,7.116251,0.058821,-0.210692,0.765118,-0.605594,8.079728,130.352325,9.027803,0.049119,0.904374,0.113173,0.408517,-7.943004,83.272102,14.778963,0.087829,0.943501,-0.022239,0.318743,-7.816312,49.367817,6.217409,0.009227,0.958059,0.078835,0.275359,-15.894739,5.202299,5.587662,-0.088375,0.923223,-0.069280,0.367491,5.009795,83.491295,26.754707,-0.018937,0.913529,-0.094433,0.395207,8.935389,49.404404,33.499367,-0.046867,0.932851,0.049254,0.353788,7.137381,5.334780,41.918770,0.009227,0.958059,0.078835,0.275359,-8.746694,1.472370,-6.368146,-0.046867,0.932851,0.049254,0.353788,16.511122,1.308795,31.726971
239,1.991667,0.006339,0.930535,-0.033582,0.364606,-1.456296,83.379364,20.777065,-0.012903,0.945279,0.031152,0.324517,-1.193832,90.595703,20.358437,0.003367,0.950031,-0.021803,0.311374,-1.938516,107.249451,21.201761,-0.007624,0.973561,0.066408,0.218428,-1.576677,125.345802,20.489321,0.022093,0.988030,-0.100303,0.115096,-1.427755,139.130203,20.631405,0.041707,0.892844,0.059496,0.444466,-4.555475,119.974289,18.567904,0.148940,-0.653183,0.112636,-0.733814,-14.340444,122.046486,5.735694,0.037655,-0.181670,-0.484060,-0.855140,-11.620463,113.978790,-15.002590,-0.145060,-0.131709,0.750916,0.630662,-1.913105,130.962875,-22.244383,-0.086468,0.986472,0.026381,0.136746,1.131847,120.024956,22.743263,0.271383,0.740671,-0.026289,-0.614057,16.549852,122.683128,27.206945,-0.054404,-0.023017,0.488860,-0.870360,18.759594,112.947105,7.134844,0.058680,-0.210509,0.765101,-0.605693,8.075090,130.347397,9.047526,0.049192,0.904166,0.113211,0.408959,-7.931320,83.267418,14.787751,0.087961,0.943388,-0.022251,0.319040,-7.803935,49.364231,6.221861,0.009919,0.958037,0.078959,0.275376,-15.893626,5.200851,5.586817,-0.088487,0.923313,-0.069278,0.367238,5.018729,83.491310,26.766380,-0.018655,0.913657,-0.094365,0.394940,8.953368,49.405773,33.512653,-0.045831,0.932828,0.049548,0.353944,7.137093,5.334044,41.917091,0.009919,0.958037,0.078959,0.275376,-8.751031,1.469344,-6.371754,-0.045831,0.932828,0.049548,0.353944,16.505640,1.305017,31.721724
240,2.000000,0.006129,0.930494,-0.033490,0.364723,-1.441180,83.374062,20.785532,-0.013398,0.945235,0.031321,0.324607,-1.181975,90.590530,20.367067,0.003523,0.950001,-0.021695,0.311471,-1.944479,107.249847,21.210558,-0.007757,0.973542,0.066506,0.218479,-1.578406,125.346336,20.503645,0.022164,0.988022,-0.100308,0.115153,-1.433584,139.130753,20.647625,0.041765,0.892791,0.059623,0.444550,-4.558012,119.976067,18.579983,0.148672,-0.653130,0.112602,-0.733920,-14.340406,122.051857,5.746396,0.037560,-0.181606,-0.484000,-0.855191,-11.616979,113.992943,-14.994843,-0.145128,-0.131889,0.750608,0.630976,-1.906054,130.976974,-22.232853,-0.086365,0.986445,0.026357,0.137011,1.128442,120.024193,22.756554,0.271244,0.740685,-0.026350,-0.614099,16.544659,122.678864,27.228468,-0.054614,-0.022926,0.488770,-0.870400,18.755474,112.945534,7.155180,0.058448,-0.210212,0.765074,-0.605852,8.066586,130.344360,9.068787,0.049268,0.904086,0.113174,0.409138,-7.914743,83.259193,14.794695,0.088130,0.943399,-0.022237,0.318961,-7.791591,49.355942,6.228997,0.009228,0.958064,0.079026,0.275286,-15.895146,5.195179,5.588490,-0.088507,0.923332,-0.069334,0.367174,5.032383,83.488937,26.776367,-0.018404,0.913858,-0.094319,0.394499,8.967336,49.404194,33.526440,-0.046568,0.932837,0.049520,0.353829,7.136173,5.330858,41.919182,0.009228,0.958064,0.079026,0.275286,-8.748342,1.470451,-6.369676,-0.046568,0.932837,0.049520,0.353829,16.508722,1.308647,31.724812
241,2.008333,0.005950,0.930440,-0.033472,0.364865,-1.429465,83.370369,20.796846,-0.013696,0.945180,0.031502,0.324738,-1.172710,90.586891,20.377714,0.003351,0.949955,-0.021654,0.311618,-1.946607,107.243797,21.223505,-0.007705,0.973495,0.066691,0.218633,-1.586837,125.340393,20.516127,0.022252,0.988005,-0.100317,0.115273,-1.441483,139.124741,20.665552,0.041961,0.892734,0.059789,0.444625,-4.563933,119.969002,18.591745,0.148553,-0.653031,0.112374,-0.734067,-14.343612,122.052940,5.757408,0.037510,-0.181489,-0.483991,-0.855224,-11.612116,114.004898,-14.986992,-0.145150,-0.131954,0.750314,0.631307,-1.898953,130.990082,-22.220139,-0.086399,0.986438,0.026369,0.137042,1.121252,120.019295,22.770018,0.271199,0.740799,-0.026212,-0.613988,16.537008,122.674957,27.242943,-0.054658,-0.023152,0.488592,-0.870491,18.755033,112.945679,7.168487,0.058431,-0.210364,0.765129,-0.605732,8.059873,130.338760,9.090674,0.049251,0.904131,0.113199,0.409032,-7.901237,83.252571,14.804130,0.088320,0.943476,-0.022170,0.318687,-7.777271,49.349602,6.237326,0.009165,0.958066,0.079076,0.275267,-15.895039,5.191579,5.588091,-0.088466,0.923349,-0.069275,0.367153,5.042305,83.488167,26.789564,-0.018284,0.913834,-0.094273,0.394571,8.976306,49.402348,33.534733,-0.046590,0.932857,0.049567,0.353765,7.136260,5.327826,41.919312,0.009165,0.958066,0.079076,0.275267,-8.748008,1.468669,-6.370506,-0.046590,0.932857,0.049567,0.353765,16.507757,1.307008,31.723415
242,2.016667,0.005788,0.930412,-0.033492,0.364935,-1.416614,83.369133,20.807135,-0.014005,0.945138,0.031696,0.324828,-1.161887,90.585663,20.386892,0.003232,0.949920,-0.021552,0.311733,-1.947654,107.239960,21.235281,-0.008000,0.973458,0.066922,0.218717,-1.593032,125.336746,20.530111,0.022510,0.987979,-0.100343,0.115423,-1.456892,139.121140,20.684082,0.041990,0.892677,0.060116,0.444692,-4.568094,119.964691,18.604391,0.148392,-0.652967,0.112143,-0.734191,-14.345774,122.054276,5.769448,0.037458,-0.181379,-0.483952,-0.855271,-11.608215,114.018356,-14.978854,-0.145212,-0.131896,0.750175,0.631470,-1.891237,131.004745,-22.207743,-0.086522,0.986400,0.026513,0.137207,1.116086,120.016182,22.784019,0.271153,0.740820,-0.026427,-0.613974,16.529678,122.674904,27.262587,-0.054709,-0.023094,0.488586,-0.870492,18.749601,112.941025,7.190567,0.058406,-0.210348,0.765310,-0.605511,8.053710,130.334610,9.111747,0.049267,0.904022,0.113228,0.409264,-7.887518,83.248512,14.813538,0.088495,0.943474,-0.022143,0.318646,-7.761525,49.346104,6.244527,0.009210,0.958069,0.079102,0.275248,-15.893306,5.190760,5.588320,-0.088428,0.923320,-0.069281,0.367235,5.054292,83.489761,26.800734,-0.018121,0.913883,-0.094192,0.394484,8.985114,49.403511,33.545639,-0.046609,0.932845,0.049517,0.353802,7.135406,5.327087,41.918121,0.009210,0.958069,0.079102,0.275248,-8.747057,1.468247,-6.370874,-0.046609,0.932845,0.049517,0.353802,16.507751,1.305202,31.723425
243,2.025000,0.005678,0.930376,-0.033483,0.365030,-1.406947,83.364830,20.817471,-0.014205,0.945084,0.031831,0.324965,-1.153713,90.581383,20.396797,0.003081,0.949870,-0.021399,0.311897,-1.947438,107.236626,21.247219,-0.007534,0.973431,0.067034,0.218819,-1.599604,125.333679,20.545641,0.022365,0.987999,-0.100363,0.115262,-1.451464,139.117889,20.705517,0.042099,0.892622,0.060253,0.444773,-4.571932,119.960846,18.617886,0.148206,-0.652924,0.111953,-0.734297,-14.346959,122.055649,5.781765,0.037379,-0.181269,-0.483870,-0.855344,-11.604914,114.031235,-14.970404,-0.145110,-0.132001,0.750079,0.631586,-1.882119,131.018433,-22.194851,-0.086564,0.986383,0.026451,0.137317,1.110820,120.013741,22.799440,0.270135,0.740816,-0.027867,-0.614363,16.523197,122.673927,27.281336,-0.055501,-0.022654,0.488654,-0.870416,18.746372,112.933769,7.212721,0.058437,-0.210327,0.765423,-0.605372,8.049232,130.333618,9.134696,0.049322,0.903877,0.113348,0.409543,-7.876649,83.242401,14.822608,0.088653,0.943422,-0.022211,0.318753,-7.748003,49.342285,6.244597,0.009157,0.958060,0.079138,0.275270,-15.894842,5.189717,5.588646,-0.088351,0.923190,-0.069117,0.367611,5.062755,83.487259,26.812332,-0.018150,0.913752,-0.094212,0.394780,8.990184,49.398483,33.546387,-0.046841,0.932884,0.049548,0.353663,7.139421,5.322480,41.920860,0.009157,0.958060,0.079138,0.275270,-8.747478,1.468539,-6.370300,-0.046841,0.932884,0.049548,0.353663,16.510912,1.303706,31.724150
244,2.033333,0.005439,0.930379,-0.033320,0.365040,-1.390218,83.364334,20.826159,-0.014355,0.945044,0.032016,0.325055,-1.141050,90.581085,20.406410,0.002773,0.949829,-0.021268,0.312033,-1.941481,107.233788,21.260864,-0.007858,0.973384,0.067197,0.218967,-1.605648,125.331116,20.560352,0.022554,0.987972,-0.100282,0.115528,-1.466993,139.115387,20.722797,0.042138,0.892578,0.060428,0.444835,-4.573833,119.956383,18.631508,0.147858,-0.652863,0.111878,-0.734433,-14.346972,122.054932,5.794565,0.037157,-0.181238,-0.483768,-0.855418,-11.600629,114.042877,-14.961804,-0.144952,-0.132070,0.749901,0.631819,-1.872545,131.030914,-22.181595,-0.086629,0.986336,0.026521,0.137601,1.107748,120.012871,22.814600,0.269957,0.740809,-0.028096,-0.614439,16.517214,122.674469,27.305645,-0.055674,-0.022530,0.488641,-0.870415,18.740526,112.933899,7.237248,0.058396,-0.210104,0.765559,-0.605282,8.041915,130.334595,9.158365,0.049408,0.903768,0.113378,0.409766,-7.859835,83.239029,14.831267,0.088808,0.943420,-0.022212,0.318714,-7.733580,49.339973,6.249020,0.009210,0.958060,0.079168,0.275262,-15.893496,5.189878,5.589017,-0.088468,0.923220,-0.069347,0.367464,5.079399,83.489647,26.821047,-0.017820,0.913895,-0.094051,0.394504,9.009409,49.404556,33.572243,-0.046790,0.932880,0.049562,0.353680,7.139856,5.324766,41.922550,0.009210,0.958060,0.079168,0.275262,-8.746715,1.469137,-6.370406,-0.046790,0.932880,0.049562,0.353680,16.511297,1.305853,31.725853
245,2.041667,0.005256,0.930341,-0.033289,0.365145,-1.377507,83.364510,20.836226,-0.014615,0.945005,0.032183,0.325141,-1.130928,90.581314,20.415964,0.002732,0.949801,-0.021172,0.312126,-1.941344,107.231186,21.272648,-0.007863,0.973348,0.067332,0.219086,-1.607945,125.328674,20.575031,0.022545,0.987959,-0.100252,0.115664,-1.470052,139.112915,20.741220,0.042088,0.892550,0.060618,0.444869,-4.574993,119.953827,18.644768,0.148782,-0.652950,0.110444,-0.734386,-14.347281,122.053703,5.807392,0.037793,-0.180764,-0.483846,-0.855447,-11.591729,114.061447,-14.955394,-0.144878,-0.132098,0.749806,0.631943,-1.863032,131.042786,-22.168896,-0.086814,0.986281,0.026655,0.137849,1.105769,120.010460,22.828976,0.269909,0.740805,-0.028030,-0.614468,16.511965,122.677025,27.328291,-0.055532,-0.022776,0.488613,-0.870434,18.734842,112.939880,7.258187,0.058832,-0.210268,0.766106,-0.604489,8.034814,130.340759,9.185353,0.049381,0.903656,0.113350,0.410023,-7.845815,83.236328,14.839980,0.089004,0.943457,-0.022148,0.318553,-7.716228,49.336643,6.260268,0.009135,0.958070,0.079193,0.275221,-15.890941,5.189434,5.590582,-0.088458,0.923225,-0.069330,0.367457,5.090800,83.492691,26.832470,-0.017690,0.913831,-0.094010,0.394667,9.020654,49.407299,33.582230,-0.046550,0.932876,0.049687,0.353703,7.140374,5.326402,41.924286,0.009135,0.958070,0.079193,0.275221,-8.744400,1.469928,-6.369372,-0.046550,0.932876,0.049687,0.353703,16.510464,1.308237,31.726048
246,2.050000,0.005106,0.930305,-0.033228,0.365242,-1.366442,83.361992,20.846483,-0.014783,0.944962,0.032256,0.325252,-1.122158,90.578880,20.426270,0.002592,0.949764,-0.020959,0.312253,-1.938751,107.228210,21.283314,-0.007900,0.973311,0.067454,0.219212,-1.612475,125.326035,20.591494,0.022597,0.987945,-0.100224,0.115796,-1.476137,139.110260,20.760841,0.041933,0.892528,0.060758,0.444909,-4.576852,119.950607,18.658764,0.150527,-0.653189,0.108077,-0.734169,-14.348400,122.048035,5.820423,0.038987,-0.179956,-0.483971,-0.855493,-11.583688,114.082100,-14.951258,-0.144862,-0.132129,0.749681,0.632088,-1.853626,131.051056,-22.156307,-0.086816,0.986253,0.026738,0.138032,1.102801,120.008217,22.844463,0.269855,0.740870,-0.027913,-0.614419,16.507343,122.674248,27.349762,-0.055629,-0.022825,0.488601,-0.870433,18.734241,112.941383,7.278028,0.058913,-0.210169,0.766170,-0.604435,8.034358,130.340759,9.208756,0.049281,0.903673,0.113392,0.409985,-7.833521,83.231689,14.848958,0.089248,0.943561,-0.022078,0.318184,-7.696780,49.331985,6.269423,0.009152,0.958077,0.079227,0.275186,-15.890246,5.188396,5.589980,-0.088524,0.923319,-0.069294,0.367211,5.100636,83.492302,26.844007,-0.017428,0.914083,-0.093997,0.394098,9.037450,49.407387,33.592094,-0.046741,0.932924,0.049552,0.353571,7.141385,5.325463,41.925106,0.009152,0.958077,0.079227,0.275186,-8.744625,1.469716,-6.370780,-0.046741,0.932924,0.049552,0.353571,16.510015,1.305685,31.726164
247,2.058333,0.005012,0.930279,-0.033232,0.365311,-1.356586,83.358810,20.857071,-0.015020,0.944930,0.032397,0.325317,-1.113506,90.575706,20.436321,0.002442,0.949741,-0.020816,0.312333,-1.939110,107.223343,21.295135,-0.007819,0.973283,0.067561,0.219306,-1.619565,125.321426,20.606556,0.022576,0.987943,-0.100170,0.115865,-1.481555,139.105576,20.779379,0.041884,0.892436,0.061426,0.445005,-4.581601,119.945206,18.672407,0.148550,-0.652844,0.109950,-0.734601,-14.350481,122.050964,5.833408,0.037921,-0.180503,-0.483657,-0.855603,-11.583883,114.081406,-14.936626,-0.145017,-0.132195,0.749588,0.632149,-1.843566,131.058624,-22.144295,-0.086884,0.986232,0.026829,0.138123,1.097360,120.004227,22.859022,0.269845,0.740931,-0.027836,-0.614353,16.500702,122.671867,27.367445,-0.055870,-0.022736,0.488464,-0.870496,18.731462,112.940788,7.295272,0.058341,-0.209960,0.766186,-0.604543,8.026097,130.336304,9.227342,0.049284,0.903652,0.113500,0.410003,-7.822798,83.226898,14.858651,0.089381,0.943613,-0.022082,0.317990,-7.682922,49.328918,6.272345,0.009215,0.958100,0.079177,0.275118,-15.887827,5.187488,5.591089,-0.088499,0.923283,-0.069184,0.367328,5.109626,83.490730,26.855490,-0.017320,0.914027,-0.093990,0.394234,9.046878,49.404438,33.596386,-0.046533,0.932915,0.049622,0.353612,7.140917,5.322048,41.924702,0.009215,0.958100,0.079177,0.275118,-8.744555,1.467083,-6.370535,-0.046533,0.932915,0.049622,0.353612,16.508743,1.301947,31.725151
248,2.066667,0.004919,0.930249,-0.033233,0.365389,-1.347291,83.354233,20.867331,-0.015186,0.944877,0.032519,0.325453,-1.105427,90.571144,20.446104,0.002345,0.949689,-0.020754,0.312499,-1.937729,107.218765,21.306843,-0.007906,0.973229,0.067822,0.219461,-1.622093,125.316956,20.619328,0.022601,0.987931,-0.100104,0.116017,-1.487793,139.101059,20.798790,0.041907,0.892418,0.061604,0.445015,-4.582233,119.940163,18.683876,0.148327,-0.652738,0.109894,-0.734749,-14.350775,122.049156,5.845143,0.037846,-0.180493,-0.483560,-0.855663,-11.577386,114.087952,-14.927197,-0.144984,-0.132170,0.749421,0.632360,-1.832485,131.064438,-22.133673,-0.087080,0.986191,0.027048,0.138247,1.095276,120.000252,22.872448,0.269904,0.740989,-0.027786,-0.614259,16.496395,122.672989,27.385468,-0.055958,-0.022700,0.488371,-0.870544,18.730886,112.940765,7.314259,0.058098,-0.209725,0.766021,-0.604857,8.022464,130.332703,9.246531,0.049214,0.903650,0.113631,0.409979,-7.812516,83.220741,14.867878,0.089578,0.943659,-0.022072,0.317801,-7.664675,49.324356,6.275391,0.009020,0.958120,0.079132,0.275068,-15.885918,5.186033,5.589328,-0.088529,0.923328,-0.069109,0.367223,5.117933,83.487732,26.866785,-0.017145,0.914148,-0.093978,0.393964,9.059792,49.401085,33.603195,-0.046648,0.932927,0.049644,0.353564,7.142412,5.317945,41.924931,0.009020,0.958120,0.079132,0.275068,-8.742240,1.465831,-6.372122,-0.046648,0.932927,0.049644,0.353564,16.510281,1.299580,31.724728
249,2.075000,0.004730,0.930232,-0.033108,0.365445,-1.335817,83.352020,20.878082,-0.015423,0.944840,0.032586,0.325543,-1.097130,90.569077,20.457544,0.002389,0.949656,-0.020576,0.312609,-1.937625,107.214249,21.317640,-0.009655,0.973190,0.067945,0.219527,-1.622399,125.312683,20.636784,0.023496,0.987852,-0.099851,0.116732,-1.535724,139.097260,20.809109,0.041900,0.892379,0.061780,0.445070,-4.581921,119.936516,18.698689,0.148057,-0.652682,0.109794,-0.734868,-14.348897,122.047913,5.859166,0.037831,-0.180431,-0.483481,-0.855722,-11.571222,114.097725,-14.916817,-0.145080,-0.132205,0.749439,0.632309,-1.821985,131.073105,-22.121277,-0.087344,0.986146,0.027195,0.138374,1.094614,119.995262,22.888599,0.270127,0.740987,-0.027659,-0.614170,16.493086,122.675575,27.406151,-0.055919,-0.022645,0.488394,-0.870535,18.727095,112.939560,7.336731,0.057867,-0.209565,0.765912,-0.605073,8.019830,130.331741,9.266226,0.049181,0.903631,0.113752,0.409991,-7.800349,83.216187,14.877934,0.089797,0.943649,-0.022094,0.317767,-7.646768,49.321510,6.278847,0.009238,0.958092,0.079143,0.275157,-15.887049,5.186808,5.588623,-0.088546,0.923327,-0.069051,0.367230,5.128714,83.487854,26.878231,-0.016971,0.914224,-0.093966,0.393799,9.073167,49.400856,33.611378,-0.046575,0.932949,0.049634,0.353515,7.143368,5.316978,41.926323,0.009238,0.958092,0.079143,0.275157,-8.743121,1.465285,-6.372265,-0.046575,0.932949,0.049634,0.353515,16.509510,1.297547,31.724960
250,2.083333,0.004592,0.930196,-0.033014,0.365547,-1.325688,83.350136,20.888479,-0.015577,0.944786,0.032690,0.325682,-1.089311,90.567299,20.468510,0.002194,0.949606,-0.020425,0.312773,-1.935879,107.211510,21.330067,-0.009726,0.973138,0.067988,0.219741,-1.628955,125.310204,20.652258,0.023491,0.987838,-0.099650,0.117019,-1.544132,139.094788,20.825502,0.041833,0.892316,0.062064,0.445163,-4.585287,119.932953,18.712294,0.147911,-0.652566,0.109651,-0.735021,-14.349735,122.046600,5.871226,0.037730,-0.180451,-0.483406,-0.855764,-11.563906,114.105392,-14.907092,-0.144793,-0.132318,0.749226,0.632603,-1.812226,131.079285,-22.110239,-0.087475,0.986118,0.027193,0.138489,1.089804,119.993698,22.904125,0.270059,0.741166,-0.027515,-0.613990,16.486494,122.678040,27.425325,-0.056016,-0.022693,0.488246,-0.870611,18.732054,112.946297,7.355134,0.057912,-0.209435,0.765765,-0.605299,8.019312,130.333969,9.287956,0.049203,0.903578,0.113842,0.410080,-7.788929,83.212593,14.886984,0.089919,0.943704,-0.022092,0.317569,-7.633251,49.319504,6.281681,0.009098,0.958117,0.079152,0.275069,-15.883875,5.186769,5.589510,-0.088600,0.923347,-0.068998,0.367179,5.137552,83.487679,26.889975,-0.016825,0.914215,-0.093953,0.393828,9.087215,49.400848,33.620876,-0.046695,0.932979,0.049638,0.353420,7.145633,5.316320,41.929630,0.009098,0.958117,0.079152,0.275069,-8.740803,1.466558,-6.372291,-0.046695,0.932979,0.049638,0.353420,16.510794,1.298185,31.726860
251,2.091667,0.004339,0.930185,-0.032824,0.365594,-1.311361,83.350449,20.898897,-0.015325,0.944672,0.032110,0.326081,-1.079374,90.567825,20.480150,0.001920,0.949455,-0.019663,0.313282,-1.912684,107.226357,21.326464,-0.010200,0.973046,0.068127,0.220085,-1.623470,125.326202,20.671909,0.023455,0.987812,-0.099526,0.117352,-1.551713,139.110855,20.846317,0.041269,0.892433,0.062295,0.444949,-4.572287,119.948410,18.722019,0.147717,-0.652540,0.109616,-0.735089,-14.344476,122.048782,5.884647,0.037597,-0.180496,-0.483340,-0.855798,-11.556776,114.114235,-14.895972,-0.144645,-0.132309,0.749166,0.632710,-1.802947,131.087570,-22.098305,-0.087367,0.986070,0.027541,0.138832,1.098331,120.009613,22.919901,0.270370,0.741067,-0.027393,-0.613978,16.492548,122.688484,27.452787,-0.055603,-0.022717,0.488242,-0.870639,18.731232,112.950989,7.384604,0.058060,-0.209363,0.765710,-0.605380,8.018836,130.338623,9.309957,0.049268,0.903552,0.113933,0.410105,-7.774028,83.209946,14.896848,0.090042,0.943666,-0.022138,0.317643,-7.619584,49.318748,6.284066,0.009141,0.958132,0.079125,0.275024,-15.881768,5.188176,5.591620,-0.088620,0.923303,-0.068974,0.367288,5.151307,83.490959,26.900948,-0.016677,0.914194,-0.093924,0.393891,9.102067,49.404133,33.631241,-0.046695,0.933005,0.049623,0.353353,7.148776,5.318671,41.932266,0.009141,0.958132,0.079125,0.275024,-8.740252,1.466963,-6.370809,-0.046695,0.933005,0.049623,0.353353,16.512468,1.300081,31.728321
252,2.100000,0.004144,0.930172,-0.032638,0.365647,-1.297482,83.349205,20.908331,-0.015518,0.944641,0.032256,0.326148,-1.069078,90.566780,20.491056,0.001650,0.949427,-0.019589,0.313372,-1.910184,107.225456,21.339836,-0.008696,0.972988,0.068358,0.220332,-1.631043,125.325439,20.684797,0.022471,0.987863,-0.099509,0.117132,-1.519942,139.109619,20.874739,0.041059,0.892337,0.062494,0.445134,-4.576485,119.945930,18.734545,0.147524,-0.652521,0.109411,-0.735175,-14.343884,122.043320,5.893043,0.037470,-0.180318,-0.483279,-0.855876,-11.553084,114.120880,-14.891775,-0.144638,-0.132212,0.749237,0.632649,-1.794104,131.094940,-22.085655,-0.087577,0.986026,0.027644,0.138990,1.093351,120.010445,22.933432,0.270278,0.741230,-0.027441,-0.613820,16.484938,122.695313,27.471689,-0.055696,-0.022710,0.488081,-0.870724,18.734547,112.957787,7.404747,0.058085,-0.209200,0.765568,-0.605613,8.016440,130.340073,9.331255,0.049262,0.903459,0.114020,0.410285,-7.759497,83.206657,14.905628,0.090244,0.943675,-0.022149,0.317558,-7.600460,49.316803,6.287663,0.009254,0.958127,0.079128,0.275038,-15.880023,5.189550,5.591072,-0.088618,0.923360,-0.068992,0.367141,5.164532,83.491745,26.911032,-0.016510,0.914227,-0.093885,0.393830,9.115765,49.405075,33.641815,-0.046666,0.933018,0.049677,0.353317,7.150733,5.318460,41.933956,0.009254,0.958127,0.079128,0.275038,-8.739179,1.467595,-6.371521,-0.046666,0.933018,0.049677,0.353317,16.513521,1.300947,31.728760
253,2.108333,0.004113,0.930167,-0.032598,0.365665,-1.291567,83.345093,20.915075,-0.015823,0.944629,0.032706,0.326123,-1.063780,90.562714,20.498192,0.001673,0.949430,-0.019819,0.313349,-1.918988,107.212738,21.357494,-0.010057,0.972948,0.068659,0.220354,-1.636463,125.312401,20.694778,0.023216,0.987799,-0.099272,0.117721,-1.563723,139.096832,20.884632,0.041296,0.892214,0.062730,0.445324,-4.583004,119.932602,18.746933,0.147423,-0.652421,0.109257,-0.735307,-14.344257,122.040512,5.902484,0.037392,-0.180227,-0.483253,-0.855913,-11.546076,114.126137,-14.884411,-0.144582,-0.132022,0.749332,0.632588,-1.784234,131.101578,-22.074032,-0.087915,0.985977,0.027663,0.139124,1.087027,119.997833,22.945541,0.270166,0.741426,-0.027185,-0.613644,16.475471,122.693192,27.488232,-0.055949,-0.022802,0.487833,-0.870844,18.737516,112.964264,7.418522,0.057823,-0.209004,0.765605,-0.605659,8.010061,130.338959,9.352849,0.049245,0.903385,0.114095,0.410430,-7.753359,83.202293,14.912144,0.090344,0.943709,-0.022134,0.317428,-7.589687,49.313522,6.290020,0.008965,0.958163,0.079019,0.274953,-15.877337,5.187836,5.590495,-0.088688,0.923395,-0.068983,0.367038,5.170225,83.487885,26.918009,-0.016355,0.914319,-0.093859,0.393629,9.126921,49.402000,33.649555,-0.046566,0.933049,0.049702,0.353242,7.151952,5.314478,41.934513,0.008965,0.958163,0.079019,0.274953,-8.736264,1.465077,-6.371711,-0.046566,0.933049,0.049702,0.353242,16.512302,1.296517,31.727261
254,2.116667,0.004087,0.930160,-0.032562,0.365684,-1.282996,83.341682,20.922491,-0.015966,0.944605,0.032944,0.326162,-1.055745,90.559341,20.505957,0.001462,0.949413,-0.019703,0.313409,-1.918095,107.208649,21.371161,-0.010152,0.972939,0.068628,0.220400,-1.644114,125.308487,20.710077,0.023286,0.987814,-0.099024,0.117792,-1.573663,139.092941,20.898560,0.041162,0.892103,0.062862,0.445541,-4.587865,119.927475,18.761414,0.147097,-0.652225,0.109356,-0.735531,-14.343182,122.033691,5.912180,0.037191,-0.180270,-0.483319,-0.855875,-11.534494,114.125786,-14.875762,-0.144547,-0.131913,0.749461,0.632466,-1.774676,131.106461,-22.063633,-0.087966,0.985949,0.027646,0.139289,1.081644,119.995033,22.960690,0.270112,0.741572,-0.027111,-0.613495,16.468294,122.691895,27.508549,-0.056127,-0.022708,0.487712,-0.870903,18.739817,112.965218,7.438822,0.057482,-0.208989,0.765289,-0.606095,8.007719,130.336243,9.373078,0.049238,0.903379,0.114192,0.410416,-7.744539,83.198677,14.919296,0.090475,0.943754,-0.022142,0.317256,-7.577686,49.311401,6.291359,0.009252,0.958158,0.078987,0.274972,-15.876646,5.187866,5.590265,-0.088643,0.923464,-0.068959,0.366880,5.178547,83.484688,26.925686,-0.016263,0.914249,-0.093815,0.393805,9.134150,49.398006,33.653866,-0.046457,0.933016,0.049807,0.353330,7.151538,5.309484,41.931664,0.009252,0.958158,0.078987,0.274972,-8.737776,1.462173,-6.372339,-0.046457,0.933016,0.049807,0.353330,16.513031,1.293150,31.724817
255,2.125000,0.003920,0.930174,-0.032434,0.365661,-1.269857,83.338715,20.929893,-0.016241,0.944562,0.033159,0.326250,-1.045535,90.556511,20.514181,0.001400,0.949368,-0.019618,0.313551,-1.918984,107.205109,21.383078,-0.010329,0.972901,0.068645,0.220557,-1.647988,125.305084,20.724264,0.023202,0.987817,-0.098739,0.118028,-1.582158,139.089569,20.912277,0.041166,0.892103,0.062772,0.445553,-4.590220,119.923782,18.774082,0.145984,-0.651930,0.110234,-0.735884,-14.345184,122.028839,5.924387,0.036519,-0.180578,-0.483214,-0.855898,-11.527870,114.124702,-14.863823,-0.144585,-0.131654,0.749499,0.632467,-1.764993,131.112717,-22.051699,-0.088168,0.985920,0.027776,0.139346,1.078040,119.991829,22.975037,0.270080,0.741705,-0.026977,-0.613354,16.463026,122.694443,27.525122,-0.056235,-0.022830,0.487549,-0.870984,18.743078,112.971092,7.454749,0.057365,-0.208978,0.765287,-0.606114,8.005680,130.335892,9.395030,0.049175,0.903446,0.114298,0.410248,-7.731718,83.193810,14.927085,0.090684,0.943858,-0.022128,0.316890,-7.559443,49.307804,6.294251,0.009295,0.958154,0.078882,0.275012,-15.875808,5.187607,5.589140,-0.088622,0.923572,-0.068983,0.366609,5.192003,83.483620,26.932701,-0.016092,0.914396,-0.093799,0.393474,9.147589,49.396904,33.660706,-0.046639,0.933059,0.049661,0.353213,7.154532,5.307612,41.931866,0.009295,0.958154,0.078882,0.275012,-8.736636,1.458757,-6.372302,-0.046639,0.933059,0.049661,0.353213,16.514793,1.289311,31.724661
256,2.133333,0.003829,0.930161,-0.032296,0.365710,-1.259730,83.337746,20.935709,-0.016334,0.944531,0.033334,0.326317,-1.037346,90.555687,20.521393,0.001233,0.949344,-0.019465,0.313633,-1.915662,107.203583,21.394712,-0.010532,0.972858,0.068758,0.220699,-1.652088,125.303795,20.739252,0.023140,0.987807,-0.098528,0.118298,-1.592192,139.088287,20.929199,0.041077,0.892026,0.062995,0.445684,-4.591761,119.921623,18.787600,0.145884,-0.651860,0.110052,-0.735993,-14.343145,122.027496,5.935319,0.036500,-0.180533,-0.483165,-0.855937,-11.519952,114.132217,-14.855470,-0.144439,-0.131506,0.749825,0.632144,-1.754161,131.119934,-22.041780,-0.088399,0.985884,0.027792,0.139451,1.075781,119.991257,22.989502,0.269960,0.741814,-0.027153,-0.613266,16.458490,122.701012,27.543047,-0.056414,-0.022761,0.487485,-0.871010,18.746286,112.975586,7.474546,0.057224,-0.208992,0.765170,-0.606270,8.006591,130.337967,9.415751,0.049139,0.903482,0.114338,0.410161,-7.720977,83.192215,14.932253,0.090796,0.943865,-0.022136,0.316836,-7.546106,49.306595,6.297932,0.009459,0.958173,0.078920,0.274931,-15.872219,5.188269,5.590840,-0.088617,0.923580,-0.068992,0.366589,5.201518,83.483284,26.939163,-0.015986,0.914428,-0.093780,0.393409,9.156709,49.396591,33.667530,-0.046649,0.933075,0.049632,0.353175,7.156211,5.306670,41.933571,0.009459,0.958173,0.078920,0.274931,-8.736392,1.459337,-6.372579,-0.046649,0.933075,0.049632,0.353175,16.515684,1.287704,31.725904
257,2.141667,0.003663,0.930147,-0.032120,0.365762,-1.247611,83.338997,20.941574,-0.016390,0.944491,0.033408,0.326424,-1.028356,90.557114,20.528748,0.000986,0.949303,-0.019286,0.313770,-1.909244,107.202873,21.403576,-0.010529,0.972800,0.068921,0.220903,-1.656120,125.303352,20.751526,0.022987,0.987799,-0.098344,0.118550,-1.596853,139.087784,20.946049,0.040955,0.891968,0.063257,0.445774,-4.592087,119.919823,18.798067,0.145770,-0.651725,0.109886,-0.736160,-14.341201,122.026062,5.944129,0.036350,-0.180493,-0.483177,-0.855944,-11.508471,114.139626,-14.848706,-0.144218,-0.131174,0.750186,0.631835,-1.742000,131.130035,-22.031025,-0.088605,0.985842,0.027892,0.139595,1.074244,119.992020,23.001554,0.269852,0.741909,-0.027213,-0.613196,16.454460,122.707664,27.560001,-0.056664,-0.022745,0.487401,-0.871041,18.748709,112.983109,7.491826,0.056966,-0.208919,0.765157,-0.606335,8.005488,130.343170,9.437270,0.049224,0.903463,0.114365,0.410185,-7.708204,83.191849,14.937454,0.090902,0.943844,-0.022162,0.316865,-7.537632,49.307243,6.299084,0.009405,0.958170,0.078874,0.274956,-15.873289,5.190742,5.590838,-0.088533,0.923471,-0.068983,0.366886,5.212982,83.486153,26.945692,-0.016010,0.914350,-0.093768,0.393592,9.160840,49.398335,33.672680,-0.046629,0.933120,0.049713,0.353047,7.161149,5.308276,41.938179,0.009405,0.958170,0.078874,0.274956,-8.736487,1.460949,-6.371725,-0.046629,0.933120,0.049713,0.353047,16.517876,1.291092,31.727299
258,2.150000,0.003553,0.930132,-0.031934,0.365816,-1.237589,83.339584,20.946264,-0.016327,0.944454,0.033597,0.326515,-1.020784,90.557884,20.535366,0.000510,0.949267,-0.019128,0.313888,-1.901797,107.202950,21.416723,-0.010502,0.972737,0.069089,0.221130,-1.666742,125.303673,20.764694,0.022936,0.987778,-0.098205,0.118848,-1.607466,139.088028,20.964109,0.040912,0.891872,0.063392,0.445950,-4.596847,119.917191,18.810579,0.146984,-0.651845,0.108233,-0.736057,-14.340955,122.024391,5.953003,0.037159,-0.179966,-0.483250,-0.855980,-11.499074,114.156761,-14.845708,-0.144040,-0.130970,0.750521,0.631520,-1.731504,131.138428,-22.023052,-0.088755,0.985818,0.027789,0.139689,1.068454,119.995079,23.015352,0.269065,0.742009,-0.028376,-0.613369,16.446945,122.715866,27.576548,-0.057425,-0.022286,0.487474,-0.870962,18.750690,112.984108,7.512952,0.056820,-0.208865,0.765305,-0.606182,8.006978,130.349701,9.457758,0.049297,0.903433,0.114369,0.410241,-7.697499,83.191788,14.941425,0.090952,0.943851,-0.022168,0.316830,-7.530897,49.307755,6.300741,0.009387,0.958180,0.078897,0.274916,-15.871035,5.192110,5.591880,-0.088517,0.923434,-0.068932,0.366991,5.222321,83.487381,26.951101,-0.015922,0.914323,-0.093793,0.393653,9.169780,49.398880,33.674850,-0.046441,0.933118,0.049837,0.353060,7.161339,5.308995,41.939167,0.009387,0.958180,0.078897,0.274916,-8.734980,1.463079,-6.371366,-0.046441,0.933118,0.049837,0.353060,16.516949,1.293074,31.726763
259,2.158333,0.003461,0.930085,-0.031916,0.365939,-1.228636,83.338341,20.951780,-0.016461,0.944422,0.033743,0.326585,-1.013105,90.556671,20.540678,0.000406,0.949249,-0.019011,0.313951,-1.899982,107.201111,21.425100,-0.010589,0.972684,0.069269,0.221306,-1.669801,125.302002,20.775934,0.022746,0.987764,-0.098004,0.119160,-1.613699,139.086319,20.979805,0.040836,0.891827,0.063463,0.446037,-4.598182,119.915024,18.820602,0.146953,-0.651714,0.107944,-0.736221,-14.339980,122.021164,5.961108,0.037278,-0.179872,-0.483290,-0.855971,-11.487650,114.164017,-14.840135,-0.144126,-0.130823,0.750803,0.631196,-1.720613,131.145645,-22.016272,-0.088805,0.985776,0.027836,0.139943,1.066563,119.993805,23.026108,0.269009,0.742156,-0.028112,-0.613227,16.442451,122.715614,27.595451,-0.057508,-0.022317,0.487359,-0.871020,18.755367,112.991356,7.529277,0.056845,-0.208726,0.765394,-0.606114,8.008112,130.352249,9.476482,0.049238,0.903495,0.114429,0.410096,-7.686977,83.189102,14.945292,0.091092,0.943860,-0.022188,0.316761,-7.516276,49.305618,6.302525,0.009281,0.958201,0.078844,0.274861,-15.868759,5.192337,5.591965,-0.088463,0.923452,-0.068835,0.366977,5.229705,83.487587,26.958269,-0.015848,0.914371,-0.093818,0.393539,9.176301,49.397476,33.674339,-0.046607,0.933115,0.049738,0.353058,7.161938,5.307815,41.938374,0.009281,0.958201,0.078844,0.274861,-8.733239,1.462687,-6.371406,-0.046607,0.933115,0.049738,0.353058,16.518763,1.291073,31.727409
260,2.166667,0.003484,0.930082,-0.031814,0.365956,-1.222273,83.334267,20.954809,-0.016560,0.944386,0.033956,0.326661,-1.006972,90.552689,20.545191,0.000338,0.949216,-0.018959,0.314054,-1.899366,107.196404,21.435154,-0.009486,0.972656,0.069390,0.221440,-1.672048,125.297371,20.787020,0.021896,0.987828,-0.097911,0.118871,-1.586884,139.081375,21.000969,0.040841,0.891759,0.063638,0.446148,-4.599118,119.910004,18.830770,0.146885,-0.651544,0.107853,-0.736399,-14.337674,122.018967,5.969277,0.037467,-0.179772,-0.483408,-0.855918,-11.474527,114.167091,-14.832473,-0.144435,-0.130798,0.751162,0.630703,-1.709351,131.152985,-22.009668,-0.088872,0.985763,0.028053,0.139954,1.064715,119.989502,23.037491,0.269527,0.742304,-0.026972,-0.612873,16.440117,122.712433,27.607807,-0.057252,-0.022839,0.487124,-0.871155,18.760014,113.000916,7.536263,0.056660,-0.208797,0.765016,-0.606585,8.006779,130.351196,9.496092,0.049251,0.903462,0.114467,0.410156,-7.680385,83.186028,14.948048,0.091183,0.943938,-0.022181,0.316505,-7.508845,49.303238,6.302592,0.009448,0.958173,0.078817,0.274960,-15.868950,5.191416,5.591131,-0.088406,0.923488,-0.068782,0.366911,5.235839,83.482506,26.961569,-0.015774,0.914294,-0.093823,0.393720,9.180649,49.391182,33.672543,-0.046548,0.933076,0.049839,0.353154,7.158417,5.301374,41.933910,0.009448,0.958173,0.078817,0.274960,-8.732611,1.459758,-6.371127,-0.046548,0.933076,0.049839,0.353154,16.517017,1.286691,31.723763
261,2.175000,0.003540,0.930044,-0.031887,0.366044,-1.218430,83.330139,20.959866,-0.016622,0.944356,0.034124,0.326729,-1.001952,90.548492,20.549587,0.000234,0.949194,-0.018941,0.314122,-1.898223,107.192192,21.444120,-0.009633,0.972603,0.069656,0.221582,-1.674628,125.293182,20.795467,0.021771,0.987820,-0.097711,0.119121,-1.594852,139.077118,21.015825,0.040818,0.891696,0.063893,0.446240,-4.600288,119.905151,18.838970,0.146800,-0.651394,0.107758,-0.736562,-14.336250,122.017242,5.976021,0.037656,-0.179655,-0.483484,-0.855891,-11.463462,114.171196,-14.826603,-0.144782,-0.130774,0.751429,0.630310,-1.698304,131.160324,-22.004280,-0.088913,0.985741,0.028163,0.140056,1.062939,119.985977,23.046486,0.269555,0.742458,-0.026566,-0.612691,16.437183,122.709549,27.620338,-0.057288,-0.023022,0.486958,-0.871241,18.766426,113.006638,7.545708,0.056503,-0.209015,0.764857,-0.606724,8.007559,130.351105,9.512363,0.049218,0.903442,0.114565,0.410177,-7.675406,83.182304,14.951871,0.091293,0.943906,-0.022228,0.316564,-7.498704,49.300861,6.301226,0.009391,0.958189,0.078712,0.274935,-15.869302,5.191016,5.590081,-0.088417,0.923609,-0.068679,0.366624,5.238546,83.477982,26.967863,-0.015640,0.914399,-0.093859,0.393473,9.188851,49.385799,33.671242,-0.046589,0.933061,0.049868,0.353186,7.156547,5.296216,41.931362,0.009391,0.958189,0.078712,0.274935,-8.733338,1.456964,-6.371658,-0.046589,0.933061,0.049868,0.353186,16.516273,1.282718,31.721771
262,2.183333,0.003496,0.930020,-0.031823,0.366111,-1.212465,83.328941,20.964659,-0.016727,0.944294,0.034306,0.326882,-0.996882,90.547348,20.555029,0.000222,0.949133,-0.018859,0.314311,-1.898532,107.189224,21.453938,-0.009783,0.972560,0.069683,0.221754,-1.676138,125.290337,20.807985,0.021604,0.987822,-0.097484,0.119323,-1.600317,139.074295,21.028313,0.040604,0.891645,0.064073,0.446335,-4.600590,119.902336,18.849552,0.146731,-0.651273,0.107450,-0.736728,-14.334351,122.010979,5.984374,0.037802,-0.179555,-0.483574,-0.855855,-11.451488,114.177132,-14.821450,-0.145034,-0.130634,0.751683,0.629978,-1.687793,131.168930,-21.998873,-0.089081,0.985710,0.028291,0.140142,1.060965,119.983002,23.059320,0.269577,0.742565,-0.026370,-0.612560,16.433453,122.711227,27.636305,-0.057343,-0.023047,0.486890,-0.871274,18.769316,113.011826,7.560752,0.056350,-0.209114,0.764726,-0.606869,8.007764,130.354492,9.529311,0.049238,0.903423,0.114613,0.410204,-7.668581,83.180763,14.955749,0.091327,0.943976,-0.022223,0.316347,-7.491540,49.300220,6.301579,0.009331,0.958227,0.078703,0.274807,-15.865032,5.190918,5.590976,-0.088372,0.923595,-0.068594,0.366685,5.243651,83.477112,26.973566,-0.015639,0.914464,-0.093905,0.393310,9.192829,49.383564,33.670616,-0.046603,0.933084,0.049916,0.353116,7.160278,5.294764,41.934811,0.009331,0.958227,0.078703,0.274807,-8.731657,1.457158,-6.372396,-0.046603,0.933084,0.049916,0.353116,16.518717,1.282610,31.723516
263,2.191667,0.003481,0.930004,-0.031731,0.366160,-1.206903,83.328720,20.968819,-0.016730,0.944242,0.034412,0.327021,-0.991992,90.547218,20.560358,0.000030,0.949078,-0.018700,0.314486,-1.895050,107.189522,21.462482,-0.009886,0.972523,0.069698,0.221910,-1.680953,125.290848,20.819876,0.021506,0.987828,-0.097238,0.119489,-1.607749,139.074829,21.040100,0.040426,0.891579,0.064264,0.446456,-4.602160,119.901833,18.859419,0.146604,-0.651122,0.107274,-0.736912,-14.332885,122.008255,5.991580,0.037903,-0.179503,-0.483624,-0.855833,-11.439515,114.184036,-14.816412,-0.145174,-0.130561,0.751942,0.629652,-1.676492,131.177521,-21.994345,-0.089072,0.985680,0.028361,0.140343,1.057839,119.984413,23.071241,0.269502,0.742676,-0.026252,-0.612464,16.428543,122.711754,27.654728,-0.057528,-0.022981,0.486895,-0.871261,18.771544,113.016876,7.577817,0.056144,-0.209256,0.764620,-0.606973,8.009895,130.359726,9.547723,0.049310,0.903392,0.114613,0.410262,-7.662384,83.180862,14.959219,0.091366,0.943923,-0.022235,0.316492,-7.489297,49.300816,6.303039,0.009416,0.958207,0.078734,0.274867,-15.866291,5.192203,5.591063,-0.088401,0.923596,-0.068540,0.366685,5.248578,83.476585,26.978418,-0.015564,0.914371,-0.093927,0.393524,9.201038,49.382877,33.672737,-0.046773,0.933073,0.049951,0.353118,7.159655,5.294237,41.935612,0.009416,0.958207,0.078734,0.274867,-8.732140,1.458605,-6.371898,-0.046773,0.933073,0.049951,0.353118,16.519737,1.284737,31.724781
264,2.200000,0.003343,0.929988,-0.031500,0.366221,-1.198824,83.330269,20.971085,-0.016795,0.944203,0.034563,0.327116,-0.986955,90.548988,20.565002,-0.000072,0.949043,-0.018533,0.314601,-1.893745,107.190109,21.471045,-0.009977,0.972507,0.069673,0.221983,-1.684993,125.291656,20.833012,0.021474,0.987845,-0.096990,0.119557,-1.613979,139.075653,21.052094,0.040351,0.891493,0.064424,0.446612,-4.604104,119.902252,18.870522,0.146543,-0.651063,0.106995,-0.737017,-14.330491,122.009026,5.999462,0.038004,-0.179468,-0.483571,-0.855865,-11.431023,114.195656,-14.811754,-0.145201,-0.130354,0.752200,0.629380,-1.665351,131.187241,-21.990685,-0.089303,0.985646,0.028326,0.140444,1.054881,119.985489,23.083691,0.268642,0.742826,-0.027356,-0.612611,16.423311,122.720192,27.670401,-0.058106,-0.022617,0.486885,-0.871238,18.778946,113.021614,7.596764,0.056255,-0.209561,0.764506,-0.607001,8.013767,130.367798,9.565621,0.049425,0.903356,0.114590,0.410334,-7.653530,83.181602,14.960673,0.091353,0.943903,-0.022277,0.316554,-7.487650,49.301994,6.302635,0.009327,0.958228,0.078775,0.274785,-15.864712,5.193341,5.593961,-0.088367,0.923603,-0.068527,0.366678,5.255882,83.478935,26.981497,-0.015549,0.914426,-0.093973,0.393386,9.206558,49.384678,33.674095,-0.046727,0.933111,0.049987,0.353018,7.163570,5.296773,41.940510,0.009327,0.958228,0.078775,0.274785,-8.731622,1.461555,-6.370196,-0.046727,0.933111,0.049987,0.353018,16.521173,1.287656,31.727257
265,2.208333,0.003306,0.929968,-0.031415,0.366281,-1.193757,83.332390,20.974495,-0.016846,0.944165,0.034681,0.327210,-0.982823,90.551193,20.569372,-0.000176,0.949010,-0.018355,0.314711,-1.892510,107.190392,21.478397,-0.010125,0.972473,0.069664,0.222126,-1.689303,125.292183,20.845339,0.021354,0.987843,-0.096759,0.119787,-1.622007,139.076218,21.063385,0.040249,0.891402,0.064582,0.446780,-4.606273,119.902382,18.880718,0.146525,-0.650923,0.106757,-0.737179,-14.328034,122.008728,6.006095,0.038079,-0.179488,-0.483622,-0.855829,-11.418093,114.203903,-14.806870,-0.145199,-0.130128,0.752431,0.629152,-1.654793,131.195923,-21.987801,-0.089400,0.985616,0.028461,0.140565,1.051728,119.986259,23.095198,0.268470,0.743014,-0.027298,-0.612461,16.418495,122.723282,27.686108,-0.058211,-0.022568,0.486747,-0.871309,18.786493,113.029968,7.611381,0.056166,-0.209807,0.764386,-0.607075,8.015851,130.372452,9.580292,0.049474,0.903353,0.114573,0.410341,-7.647704,83.183624,14.963267,0.091357,0.943945,-0.022247,0.316428,-7.485366,49.304073,6.304929,0.009372,0.958241,0.078757,0.274742,-15.862057,5.195374,5.594742,-0.088330,0.923608,-0.068466,0.366685,5.260189,83.481155,26.985720,-0.015556,0.914352,-0.093994,0.393552,9.210058,49.385868,33.673523,-0.046663,0.933114,0.050035,0.353011,7.165407,5.298347,41.941559,0.009372,0.958241,0.078757,0.274742,-8.730482,1.462829,-6.370083,-0.046663,0.933114,0.050035,0.353011,16.522398,1.289792,31.727526
266,2.216667,0.003433,0.929955,-0.031422,0.366311,-1.194789,83.330421,20.976145,-0.016840,0.944133,0.034799,0.327290,-0.982090,90.549210,20.571606,-0.000203,0.948980,-0.018223,0.314808,-1.892907,107.187233,21.484287,-0.010285,0.972450,0.069739,0.222199,-1.692065,125.289192,20.855467,0.021316,0.987849,-0.096568,0.119895,-1.629413,139.073227,21.074614,0.040265,0.891327,0.064694,0.446911,-4.607897,119.899452,18.889009,0.146488,-0.650759,0.106589,-0.737355,-14.325798,122.008087,6.011848,0.038169,-0.179542,-0.483677,-0.855783,-11.404680,114.210129,-14.802120,-0.145253,-0.129876,0.752656,0.628922,-1.644207,131.202805,-21.986702,-0.089418,0.985584,0.028481,0.140778,1.049244,119.983124,23.104649,0.268431,0.743097,-0.027171,-0.612384,16.413954,122.720337,27.702322,-0.058267,-0.022487,0.486764,-0.871298,18.787149,113.030914,7.626343,0.055989,-0.210134,0.764210,-0.607200,8.017599,130.373077,9.593414,0.049428,0.903330,0.114613,0.410385,-7.648321,83.183678,14.964427,0.091416,0.943900,-0.022273,0.316545,-7.481458,49.304455,6.304883,0.009289,0.958237,0.078709,0.274773,-15.863708,5.196815,5.594146,-0.088358,0.923612,-0.068373,0.366685,5.258743,83.477173,26.987862,-0.015513,0.914358,-0.094038,0.393529,9.212796,49.381332,33.670395,-0.046570,0.933094,0.050156,0.353060,7.163242,5.294430,41.940521,0.009289,0.958237,0.078709,0.274773,-8.730764,1.463538,-6.369632,-0.046570,0.933094,0.050156,0.353060,16.520742,1.288082,31.726091
267,2.225000,0.003493,0.929945,-0.031478,0.366332,-1.195264,83.327072,20.977619,-0.016896,0.944110,0.034968,0.327336,-0.981449,90.545799,20.572662,-0.000178,0.948963,-0.018181,0.314864,-1.895981,107.184242,21.490047,-0.010392,0.972398,0.069898,0.222370,-1.694698,125.286255,20.862980,0.021176,0.987830,-0.096392,0.120217,-1.635676,139.070267,21.085915,0.040241,0.891271,0.064786,0.447012,-4.610405,119.896767,18.895662,0.146562,-0.650447,0.106418,-0.737640,-14.325433,122.006165,6.016459,0.038296,-0.179635,-0.483861,-0.855653,-11.384494,114.212395,-14.796289,-0.145250,-0.129557,0.752989,0.628590,-1.631619,131.210083,-21.987015,-0.089532,0.985552,0.028774,0.140867,1.046235,119.979927,23.111980,0.268359,0.743173,-0.027206,-0.612320,16.409470,122.719276,27.713310,-0.058316,-0.022463,0.486729,-0.871315,18.787872,113.030418,7.637665,0.055866,-0.210453,0.763981,-0.607389,8.016527,130.372223,9.604812,0.049370,0.903353,0.114682,0.410322,-7.648520,83.180954,14.965588,0.091482,0.943980,-0.022263,0.316286,-7.476614,49.302433,6.303418,0.009317,0.958245,0.078621,0.274769,-15.864285,5.195838,5.592256,-0.088355,0.923677,-0.068321,0.366534,5.257992,83.473190,26.989651,-0.015454,0.914280,-0.094024,0.393716,9.214361,49.376823,33.668102,-0.046764,0.933053,0.050090,0.353152,7.158795,5.289519,41.934563,0.009317,0.958245,0.078621,0.274769,-8.731935,1.459991,-6.371077,-0.046764,0.933053,0.050090,0.353152,16.519842,1.283527,31.723240
268,2.233333,0.003497,0.929942,-0.031428,0.366343,-1.194271,83.326164,20.978630,-0.016859,0.944072,0.035091,0.327432,-0.980663,90.544930,20.574366,-0.000207,0.948922,-0.018102,0.314990,-1.895364,107.181671,21.495840,-0.010517,0.972342,0.070079,0.222552,-1.695917,125.283791,20.871168,0.020993,0.987810,-0.096302,0.120481,-1.641098,139.067734,21.098372,0.040244,0.891198,0.065034,0.447121,-4.610509,119.894234,18.902384,0.146462,-0.650265,0.106376,-0.737827,-14.322361,122.007439,6.021410,0.038398,-0.179729,-0.483885,-0.855616,-11.370383,114.218269,-14.791494,-0.145342,-0.129295,0.753281,0.628272,-1.618870,131.216843,-21.988083,-0.089626,0.985518,0.028920,0.141014,1.045010,119.977463,23.120203,0.267936,0.743185,-0.027829,-0.612464,16.406338,122.718903,27.726635,-0.058577,-0.022209,0.486796,-0.871266,18.787018,113.026749,7.652856,0.055838,-0.210768,0.763839,-0.607462,8.015897,130.373566,9.616613,0.049351,0.903364,0.114686,0.410299,-7.647385,83.180420,14.966438,0.091520,0.943997,-0.022247,0.316224,-7.474377,49.301838,6.304534,0.009276,0.958244,0.078589,0.274783,-15.864892,5.195814,5.591452,-0.088362,0.923671,-0.068225,0.366565,5.258843,83.471901,26.990822,-0.015425,0.914275,-0.094089,0.393713,9.217884,49.374691,33.663395,-0.046729,0.933061,0.050035,0.353144,7.157609,5.288398,41.934132,0.009276,0.958244,0.078589,0.274783,-8.731940,1.459367,-6.371331,-0.046729,0.933061,0.050035,0.353144,16.518053,1.280635,31.722958
269,2.241667,0.003468,0.929935,-0.031275,0.366374,-1.192003,83.328865,20.977625,-0.016870,0.944031,0.035280,0.327531,-0.979588,90.547775,20.575260,-0.000214,0.948884,-0.017946,0.315114,-1.896636,107.180931,21.502281,-0.010685,0.972328,0.070005,0.222630,-1.699119,125.283257,20.882936,0.021022,0.987817,-0.096095,0.120586,-1.648240,139.067261,21.107172,0.040185,0.891091,0.065154,0.447321,-4.612581,119.893936,18.911829,0.146368,-0.650098,0.106216,-0.738016,-14.318754,122.007477,6.026635,0.038504,-0.179795,-0.483873,-0.855604,-11.355511,114.226547,-14.787748,-0.145349,-0.128987,0.753676,0.627861,-1.603905,131.224609,-21.989191,-0.089794,0.985471,0.028877,0.141243,1.041840,119.976593,23.131130,0.267884,0.743295,-0.027697,-0.612359,16.400082,122.723282,27.744722,-0.058431,-0.022251,0.486745,-0.871303,18.787794,113.035271,7.669772,0.056044,-0.211195,0.763832,-0.607302,8.015635,130.379623,9.631895,0.049366,0.903347,0.114633,0.410348,-7.644719,83.183609,14.964996,0.091532,0.943993,-0.022253,0.316235,-7.473739,49.304279,6.305977,0.009168,0.958250,0.078583,0.274769,-15.865355,5.198461,5.593024,-0.088378,0.923668,-0.068190,0.366576,5.260714,83.474121,26.990253,-0.015440,0.914227,-0.094136,0.393813,9.221637,49.376781,33.661018,-0.046716,0.933073,0.050077,0.353106,7.160030,5.291331,41.935879,0.009168,0.958250,0.078583,0.274769,-8.731776,1.462635,-6.369579,-0.046716,0.933073,0.050077,0.353106,16.519642,1.284491,31.723579
270,2.250000,0.003315,0.929922,-0.031093,0.366426,-1.185545,83.331558,20.978277,-0.016950,0.943994,0.035385,0.327622,-0.976128,90.550652,20.577564,-0.000248,0.948850,-0.017796,0.315224,-1.896841,107.181824,21.506830,-0.010677,0.972263,0.070138,0.222871,-1.702128,125.284340,20.892263,0.020776,0.987788,-0.095995,0.120946,-1.651509,139.068298,21.120335,0.040100,0.890995,0.065394,0.447486,-4.614261,119.895065,18.919081,0.146512,-0.650038,0.105757,-0.738106,-14.315872,122.009850,6.030653,0.038812,-0.179710,-0.483787,-0.855657,-11.344810,114.239883,-14.786715,-0.145344,-0.128776,0.754083,0.627417,-1.589075,131.232666,-21.991137,-0.089946,0.985435,0.028931,0.141387,1.039180,119.977531,23.139702,0.267769,0.743335,-0.027868,-0.612353,16.395216,122.728600,27.758026,-0.058496,-0.022240,0.486791,-0.871274,18.786032,113.039246,7.684097,0.056060,-0.211561,0.763714,-0.607323,8.014835,130.385941,9.647350,0.049493,0.903379,0.114580,0.410278,-7.637603,83.184944,14.964973,0.091503,0.943934,-0.022284,0.316416,-7.476811,49.305649,6.305632,0.009395,0.958233,0.078699,0.274785,-15.866796,5.199495,5.594480,-0.088405,0.923708,-0.068191,0.366467,5.266514,83.478180,26.991579,-0.015391,0.914355,-0.094215,0.393498,9.229897,49.381180,33.662651,-0.046770,0.933120,0.050110,0.352972,7.164328,5.296937,41.942959,0.009395,0.958233,0.078699,0.274785,-8.734549,1.465183,-6.369390,-0.046770,0.933120,0.050110,0.352972,16.521603,1.291395,31.728008
271,2.258333,0.003291,0.929919,-0.030955,0.366445,-1.185160,83.334244,20.977842,-0.016852,0.943960,0.035451,0.327718,-0.976794,90.553459,20.578869,-0.000318,0.948813,-0.017625,0.315345,-1.895081,107.181419,21.511026,-0.010816,0.972226,0.070171,0.223015,-1.704654,125.284149,20.901573,0.020727,0.987775,-0.095859,0.121166,-1.657789,139.068100,21.129801,0.040103,0.890929,0.065564,0.447592,-4.614971,119.894707,18.926153,0.146367,-0.649923,0.105582,-0.738261,-14.313485,122.012222,6.035842,0.038965,-0.179738,-0.483680,-0.855704,-11.334045,114.252296,-14.784069,-0.145369,-0.128548,0.754502,0.626953,-1.574391,131.240967,-21.992746,-0.090056,0.985386,0.028860,0.141671,1.037392,119.977394,23.148211,0.268001,0.743421,-0.027410,-0.612168,16.390163,122.731911,27.775331,-0.058275,-0.022304,0.486764,-0.871302,18.785574,113.046623,7.699993,0.056040,-0.211805,0.763580,-0.607408,8.014401,130.391434,9.660882,0.049548,0.903328,0.114531,0.410398,-7.636980,83.188118,14.964273,0.091476,0.943963,-0.022278,0.316338,-7.479977,49.308414,6.306447,0.009258,0.958250,0.078691,0.274734,-15.867533,5.201778,5.596351,-0.088463,0.923716,-0.068168,0.366438,5.266660,83.480370,26.991411,-0.015354,0.914292,-0.094247,0.393640,9.234585,49.383877,33.662373,-0.046806,0.933112,0.050089,0.352990,7.163546,5.300060,41.943611,0.009258,0.958250,0.078691,0.274734,-8.735320,1.468255,-6.367783,-0.046806,0.933112,0.050089,0.352990,16.521473,1.294353,31.729322
272,2.266667,0.003320,0.929891,-0.030943,0.366517,-1.185826,83.333458,20.977873,-0.016821,0.943932,0.035526,0.327793,-0.977098,90.552681,20.579227,-0.000283,0.948793,-0.017459,0.315417,-1.895338,107.181694,21.514071,-0.010985,0.972196,0.070219,0.223121,-1.705563,125.284637,20.910732,0.020700,0.987759,-0.095775,0.121373,-1.663361,139.068604,21.139320,0.040032,0.890823,0.065773,0.447779,-4.615362,119.895744,18.933062,0.146389,-0.649858,0.105268,-0.738359,-14.308606,122.014488,6.038985,0.039189,-0.179706,-0.483575,-0.855760,-11.322403,114.264259,-14.783579,-0.145415,-0.128225,0.754937,0.626485,-1.558178,131.248398,-21.995754,-0.090127,0.985360,0.029066,0.141770,1.036364,119.977234,23.155998,0.268089,0.743436,-0.027207,-0.612120,16.387810,122.732903,27.786831,-0.058285,-0.022391,0.486748,-0.871308,18.783731,113.050125,7.710335,0.055885,-0.211911,0.763405,-0.607604,8.012525,130.393570,9.674448,0.049533,0.903395,0.114560,0.410244,-7.636713,83.187843,14.963287,0.091482,0.944053,-0.022279,0.316067,-7.479384,49.308491,6.304091,0.009230,0.958243,0.078723,0.274751,-15.867686,5.201962,5.596268,-0.088476,0.923734,-0.068084,0.366405,5.265060,83.479073,26.992458,-0.015318,0.914288,-0.094308,0.393636,9.236225,49.381931,33.658199,-0.046784,0.933113,0.050124,0.352986,7.160082,5.299049,41.943127,0.009230,0.958243,0.078723,0.274751,-8.734704,1.469501,-6.367744,-0.046784,0.933113,0.050124,0.352986,16.517809,1.294023,31.728380
273,2.275000,0.003374,0.929874,-0.030945,0.366560,-1.185992,83.331528,20.978535,-0.016847,0.943897,0.035623,0.327882,-0.976511,90.550743,20.580153,-0.000418,0.948757,-0.017384,0.315527,-1.896685,107.178452,21.517614,-0.010845,0.972140,0.070409,0.223315,-1.712345,125.281487,20.915310,0.020574,0.987737,-0.095768,0.121579,-1.667313,139.065353,21.150040,0.040149,0.890720,0.065973,0.447944,-4.620038,119.891800,18.936687,0.146374,-0.649675,0.105098,-0.738547,-14.308185,122.017075,6.039856,0.039444,-0.179649,-0.483497,-0.855804,-11.309690,114.273239,-14.783316,-0.145565,-0.127991,0.755283,0.626081,-1.541126,131.254257,-21.999105,-0.090081,0.985332,0.029042,0.141996,1.030707,119.974808,23.160908,0.267604,0.743548,-0.027647,-0.612176,16.380337,122.728798,27.798752,-0.058666,-0.022147,0.486712,-0.871309,18.784811,113.048706,7.721983,0.055745,-0.212115,0.763476,-0.607458,8.010543,130.392990,9.685113,0.049584,0.903312,0.114594,0.410410,-7.636318,83.186760,14.963327,0.091479,0.944056,-0.022319,0.316057,-7.479619,49.308319,6.300539,0.009351,0.958236,0.078719,0.274772,-15.868789,5.201894,5.596294,-0.088450,0.923763,-0.067987,0.366356,5.264334,83.476295,26.993740,-0.015353,0.914280,-0.094352,0.393641,9.236746,49.377911,33.652367,-0.046655,0.933123,0.050180,0.352969,7.161870,5.295864,41.942070,0.009351,0.958236,0.078719,0.274772,-8.736387,1.468451,-6.367756,-0.046655,0.933123,0.050180,0.352969,16.518227,1.290934,31.726038
274,2.283333,0.003482,0.929850,-0.030988,0.366614,-1.189877,83.328972,20.977510,-0.016786,0.943850,0.035727,0.328008,-0.978681,90.548149,20.579134,-0.000391,0.948710,-0.017286,0.315673,-1.898221,107.176651,21.520454,-0.011092,0.972102,0.070524,0.223429,-1.713977,125.279808,20.921875,0.020648,0.987719,-0.095723,0.121746,-1.676103,139.063660,21.158283,0.040212,0.890657,0.066057,0.448052,-4.620975,119.890488,18.941265,0.146384,-0.649504,0.104904,-0.738723,-14.305794,122.018959,6.042466,0.039756,-0.179669,-0.483409,-0.855835,-11.295535,114.281548,-14.781396,-0.145724,-0.127697,0.755659,0.625649,-1.523301,131.258408,-22.004564,-0.089976,0.985307,0.029212,0.142204,1.028465,119.972717,23.167242,0.267559,0.743636,-0.027364,-0.612102,16.376789,122.722290,27.812021,-0.058715,-0.022180,0.486611,-0.871361,18.786402,113.050484,7.731877,0.055564,-0.212291,0.763391,-0.607519,8.008652,130.391327,9.696888,0.049501,0.903349,0.114662,0.410321,-7.639485,83.185669,14.961500,0.091527,0.944090,-0.022342,0.315941,-7.476409,49.307735,6.296876,0.009265,0.958228,0.078659,0.274821,-15.870399,5.202207,5.594200,-0.088477,0.923815,-0.067903,0.366234,5.259731,83.472275,26.993523,-0.015304,0.914254,-0.094392,0.393695,9.236935,49.373425,33.646873,-0.046670,0.933078,0.050202,0.353083,7.156159,5.291927,41.937984,0.009265,0.958228,0.078659,0.274821,-8.736223,1.467712,-6.368464,-0.046670,0.933078,0.050202,0.353083,16.515154,1.287817,31.724045
275,2.291667,0.003466,0.929820,-0.030899,0.366699,-1.188817,83.329605,20.976389,-0.016802,0.943796,0.035800,0.328155,-0.978272,90.548859,20.579144,-0.000367,0.948656,-0.017171,0.315842,-1.899171,107.175323,21.522333,-0.011138,0.972042,0.070629,0.223654,-1.715304,125.278625,20.928005,0.020570,0.987693,-0.095634,0.122039,-1.679019,139.062424,21.167150,0.040251,0.890582,0.066206,0.448174,-4.621424,119.889664,18.945116,0.146206,-0.649390,0.104828,-0.738869,-14.302572,122.021591,6.044128,0.039934,-0.179565,-0.483217,-0.855957,-11.284932,114.291969,-14.781555,-0.145892,-0.127380,0.756205,0.625015,-1.501694,131.266251,-22.006441,-0.090112,0.985274,0.029431,0.142298,1.026514,119.971107,23.173119,0.267505,0.743704,-0.027277,-0.612047,16.373175,122.723839,27.821531,-0.058845,-0.022215,0.486602,-0.871356,18.787138,113.055481,7.740246,0.055488,-0.212371,0.763385,-0.607505,8.008850,130.396088,9.709146,0.049565,0.903289,0.114646,0.410449,-7.637334,83.186569,14.959200,0.091520,0.944071,-0.022383,0.315994,-7.477535,49.308830,6.293748,0.009245,0.958232,0.078643,0.274812,-15.872038,5.203345,5.594285,-0.088536,0.923895,-0.067859,0.366026,5.259699,83.472641,26.993578,-0.015235,0.914328,-0.094454,0.393511,9.243313,49.374096,33.644695,-0.046704,0.933077,0.050210,0.353081,7.156301,5.293470,41.938885,0.009245,0.958232,0.078643,0.274812,-8.737945,1.468557,-6.368338,-0.046704,0.933077,0.050210,0.353081,16.515553,1.289896,31.724968
276,2.300000,0.003387,0.929804,-0.030661,0.366761,-1.187082,83.332832,20.974569,-0.016810,0.943739,0.035865,0.328311,-0.978849,90.552299,20.580124,-0.000355,0.948595,-0.017061,0.316031,-1.900658,107.175209,21.524929,-0.010926,0.972006,0.070634,0.223822,-1.717518,125.278648,20.934551,0.020415,0.987698,-0.095539,0.122102,-1.675342,139.062424,21.175266,0.040153,0.890409,0.066893,0.448424,-4.622564,119.889954,18.949354,0.146190,-0.649305,0.104754,-0.738957,-14.296673,122.029404,6.044334,0.040125,-0.179499,-0.483078,-0.856041,-11.273417,114.302803,-14.781660,-0.146039,-0.127089,0.756541,0.624634,-1.483737,131.272202,-22.008308,-0.090190,0.985225,0.029573,0.142557,1.023691,119.970787,23.179615,0.267908,0.743788,-0.026490,-0.611803,16.367489,122.724976,27.836597,-0.058597,-0.022478,0.486601,-0.871367,18.785122,113.064049,7.752186,0.055535,-0.212476,0.763524,-0.607291,8.008540,130.402374,9.725320,0.049624,0.903275,0.114628,0.410479,-7.634804,83.190002,14.956527,0.091472,0.944070,-0.022432,0.316008,-7.478990,49.312366,6.290575,0.009119,0.958244,0.078609,0.274784,-15.870799,5.206284,5.596537,-0.088563,0.923851,-0.067812,0.366137,5.260640,83.475662,26.992613,-0.015261,0.914242,-0.094522,0.393693,9.246436,49.377014,33.641869,-0.046677,0.933077,0.050222,0.353082,7.157548,5.297604,41.942024,0.009119,0.958244,0.078609,0.274784,-8.736339,1.471499,-6.365867,-0.046677,0.933077,0.050222,0.353082,16.516615,1.294065,31.727928
277,2.308333,0.003338,0.929768,-0.030576,0.366858,-1.185874,83.334061,20.975286,-0.016900,0.943669,0.035868,0.328507,-0.978708,90.553619,20.581747,-0.000230,0.948523,-0.016893,0.316258,-1.903604,107.176399,21.525482,-0.011003,0.971954,0.070594,0.224056,-1.717972,125.280045,20.942358,0.020377,0.987678,-0.095398,0.122379,-1.677272,139.063843,21.181707,0.040212,0.890372,0.066461,0.448557,-4.622722,119.892502,18.953632,0.146047,-0.649259,0.104509,-0.739061,-14.292808,122.027603,6.044868,0.040270,-0.179385,-0.482914,-0.856150,-11.264568,114.313126,-14.784900,-0.146162,-0.126840,0.756911,0.624207,-1.466788,131.277588,-22.010784,-0.090227,0.985191,0.029637,0.142756,1.021510,119.970963,23.186640,0.267833,0.743813,-0.026419,-0.611808,16.363245,122.725769,27.850079,-0.058762,-0.022407,0.486680,-0.871314,18.782425,113.068985,7.763851,0.055402,-0.212557,0.763526,-0.607271,8.008110,130.410233,9.738005,0.049694,0.903243,0.114656,0.410533,-7.632349,83.190933,14.955911,0.091448,0.944044,-0.022503,0.316089,-7.479562,49.314236,6.286231,0.009350,0.958247,0.078737,0.274729,-15.871336,5.208054,5.598142,-0.088592,0.923825,-0.067729,0.366212,5.260601,83.477196,26.994663,-0.015262,0.914231,-0.094575,0.393706,9.249891,49.378132,33.639664,-0.046770,0.933097,0.050254,0.353013,7.159081,5.299634,41.944187,0.009350,0.958247,0.078737,0.274729,-8.739925,1.475133,-6.366668,-0.046770,0.933097,0.050254,0.353013,16.517553,1.297836,31.728861
278,2.316667,0.003370,0.929736,-0.030494,0.366946,-1.187665,83.334442,20.973757,-0.016951,0.943610,0.035994,0.328659,-0.980468,90.554062,20.581503,-0.000111,0.948467,-0.016846,0.316429,-1.908718,107.180550,21.528700,-0.011028,0.971900,0.070714,0.224249,-1.719431,125.284256,20.948584,0.020371,0.987650,-0.095409,0.122599,-1.679899,139.067993,21.191166,0.040160,0.890275,0.066510,0.448746,-4.624477,119.897583,18.957922,0.145985,-0.649198,0.104388,-0.739144,-14.289165,122.032150,6.045039,0.040397,-0.179375,-0.482706,-0.856264,-11.256230,114.323509,-14.786196,-0.146170,-0.126456,0.757235,0.623890,-1.449809,131.282059,-22.014854,-0.089855,0.985169,0.030062,0.143056,1.018221,119.974289,23.193001,0.267651,0.743877,-0.025994,-0.611829,16.359339,122.714828,27.866823,-0.059032,-0.022339,0.486650,-0.871314,18.781733,113.074982,7.772855,0.055142,-0.212482,0.763596,-0.607233,8.006149,130.415070,9.749897,0.049721,0.903154,0.114673,0.410721,-7.632991,83.192314,14.953134,0.091438,0.944060,-0.022552,0.316041,-7.479608,49.316071,6.281699,0.009266,0.958261,0.078708,0.274693,-15.871903,5.209917,5.598455,-0.088597,0.923855,-0.067685,0.366144,5.257662,83.476578,26.994381,-0.015311,0.914142,-0.094570,0.393912,9.248909,49.377151,33.636387,-0.046690,0.933114,0.049992,0.353013,7.160392,5.298701,41.941761,0.009266,0.958261,0.078708,0.274693,-8.740701,1.476837,-6.366421,-0.046690,0.933114,0.049992,0.353013,16.517574,1.289307,31.728237
279,2.325000,0.003462,0.929702,-0.030501,0.367031,-1.191313,83.334198,20.972511,-0.016963,0.943567,0.036055,0.328775,-0.982801,90.553802,20.580671,-0.000025,0.948427,-0.016762,0.316552,-1.912117,107.178856,21.529480,-0.011025,0.971867,0.070740,0.224386,-1.720752,125.282669,20.953243,0.020362,0.987639,-0.095318,0.122752,-1.681100,139.066391,21.196669,0.040272,0.890182,0.066653,0.448901,-4.625854,119.896721,18.960686,0.145905,-0.649058,0.104371,-0.739285,-14.285749,122.036850,6.045133,0.040544,-0.179430,-0.482555,-0.856331,-11.244500,114.331345,-14.786057,-0.146242,-0.126111,0.757484,0.623640,-1.432487,131.285156,-22.020149,-0.090112,0.985129,0.029966,0.143190,1.015751,119.971939,23.197250,0.267884,0.743998,-0.025731,-0.611591,16.354122,122.720909,27.875160,-0.058979,-0.022347,0.486577,-0.871358,18.783983,113.079323,7.782932,0.054846,-0.212556,0.763582,-0.607251,8.005781,130.417221,9.759023,0.049677,0.903180,0.114739,0.410650,-7.635527,83.193481,14.950662,0.091458,0.944036,-0.022626,0.316099,-7.478130,49.318008,6.276306,0.009336,0.958255,0.078641,0.274727,-15.874192,5.212486,5.598308,-0.088599,0.923835,-0.067610,0.366209,5.252902,83.474907,26.994362,-0.015299,0.914180,-0.094643,0.393808,9.245743,49.374794,33.631855,-0.046774,0.933066,0.050349,0.353079,7.154633,5.297554,41.942978,0.009336,0.958255,0.078641,0.274727,-8.742971,1.477087,-6.365837,-0.046774,0.933066,0.050349,0.353079,16.514782,1.298277,31.728199
280,2.333333,0.003557,0.929671,-0.030489,0.367109,-1.194915,83.332436,20.970592,-0.016891,0.943512,0.036131,0.328930,-0.985148,90.552048,20.579430,0.000014,0.948368,-0.016726,0.316730,-1.913203,107.176910,21.531265,-0.011119,0.971813,0.070884,0.224569,-1.720797,125.280762,20.956766,0.020378,0.987614,-0.095300,0.122965,-1.684313,139.064438,21.203646,0.040388,0.890100,0.067112,0.448985,-4.625396,119.895134,18.962626,0.145904,-0.648926,0.104406,-0.739396,-14.282518,122.045410,6.046681,0.040849,-0.179407,-0.482444,-0.856384,-11.233941,114.339111,-14.783142,-0.146593,-0.125866,0.757717,0.623324,-1.416035,131.289627,-22.023529,-0.090003,0.985106,0.030160,0.143376,1.014621,119.969704,23.201313,0.267857,0.744055,-0.025416,-0.611546,16.351894,122.714027,27.885548,-0.059089,-0.022345,0.486578,-0.871350,18.784866,113.081345,7.789418,0.054650,-0.212694,0.763484,-0.607344,8.007200,130.418259,9.767529,0.049642,0.903163,0.114782,0.410679,-7.638110,83.193321,14.947614,0.091446,0.944150,-0.022639,0.315761,-7.477041,49.318287,6.271606,0.009194,0.958274,0.078578,0.274686,-15.872728,5.212626,5.597980,-0.088608,0.923837,-0.067506,0.366219,5.248279,83.471558,26.993570,-0.015319,0.914215,-0.094710,0.393709,9.244353,49.370571,33.624660,-0.046775,0.933069,0.050345,0.353073,7.153414,5.294519,41.942127,0.009194,0.958274,0.078578,0.274686,-8.741394,1.476547,-6.365885,-0.046775,0.933069,0.050345,0.353073,16.513430,1.295160,31.727261
281,2.341667,0.003622,0.929643,-0.030442,0.367185,-1.197777,83.333031,20.968687,-0.016919,0.943461,0.036227,0.329063,-0.987360,90.552666,20.578518,0.000119,0.948319,-0.016699,0.316879,-1.917354,107.175087,21.532791,-0.012403,0.971753,0.071038,0.224713,-1.721572,125.278976,20.960434,0.021186,0.987530,-0.095176,0.123599,-1.720285,139.062759,21.203665,0.040582,0.890034,0.067159,0.449091,-4.626485,119.894089,18.964746,0.145881,-0.648826,0.104370,-0.739494,-14.280011,122.050812,6.047191,0.041176,-0.179304,-0.482294,-0.856474,-11.225247,114.346550,-14.782482,-0.146958,-0.125732,0.757920,0.623019,-1.399236,131.292160,-22.026588,-0.090030,0.985069,0.030244,0.143594,1.012195,119.967178,23.205240,0.267909,0.744185,-0.025083,-0.611379,16.347275,122.711647,27.896544,-0.059175,-0.022304,0.486545,-0.871364,18.788136,113.084984,7.798489,0.054326,-0.212915,0.763420,-0.607376,8.009673,130.419998,9.776704,0.049617,0.903075,0.114838,0.410859,-7.639986,83.195229,14.944623,0.091474,0.944145,-0.022715,0.315762,-7.473955,49.320915,6.265882,0.009322,0.958273,0.078503,0.274707,-15.874150,5.216023,5.597932,-0.088604,0.923834,-0.067443,0.366238,5.244431,83.470825,26.992750,-0.015375,0.914105,-0.094732,0.393957,9.241760,49.369205,33.619797,-0.046843,0.933054,0.050302,0.353108,7.152369,5.293691,41.940491,0.009322,0.958273,0.078503,0.274707,-8.743690,1.476994,-6.365532,-0.046843,0.933054,0.050302,0.353108,16.513660,1.293949,31.726944
282,2.350000,0.003574,0.929593,-0.030388,0.367315,-1.196450,83.332916,20.968124,-0.016914,0.943393,0.036245,0.329258,-0.986905,90.552605,20.578461,0.000155,0.948249,-0.016560,0.317095,-1.917106,107.174644,21.533163,-0.011286,0.971733,0.071015,0.224867,-1.721557,125.278702,20.966063,0.020573,0.987584,-0.095196,0.123254,-1.689955,139.062332,21.215681,0.040665,0.889962,0.067253,0.449211,-4.625418,119.894302,18.967520,0.145604,-0.648639,0.104585,-0.739681,-14.275207,122.054970,6.047827,0.041215,-0.179395,-0.482217,-0.856496,-11.211618,114.351997,-14.781033,-0.147163,-0.125570,0.758005,0.622899,-1.383257,131.295975,-22.029707,-0.090010,0.985035,0.030405,0.143805,1.011336,119.966339,23.210594,0.267964,0.744230,-0.024806,-0.611311,16.344563,122.709106,27.908966,-0.059321,-0.022203,0.486598,-0.871327,18.787840,113.087753,7.808659,0.054030,-0.212836,0.763500,-0.607330,8.010689,130.425064,9.786352,0.049595,0.903100,0.114883,0.410795,-7.636975,83.194611,14.942270,0.091517,0.944150,-0.022785,0.315732,-7.468857,49.320881,6.261329,0.009230,0.958273,0.078492,0.274714,-15.874592,5.216974,5.598368,-0.088608,0.923802,-0.067414,0.366325,5.244075,83.471214,26.993979,-0.015381,0.914081,-0.094736,0.394011,9.241797,49.369362,33.619602,-0.046772,0.933035,0.050457,0.353147,7.152226,5.293918,41.940613,0.009230,0.958273,0.078492,0.274714,-8.743158,1.478309,-6.364633,-0.046772,0.933035,0.050457,0.353147,16.514069,1.297459,31.726286
283,2.358333,0.003575,0.929545,-0.030296,0.367445,-1.197745,83.334084,20.965248,-0.016876,0.943340,0.036216,0.329415,-0.988629,90.553856,20.576860,0.000067,0.948196,-0.016418,0.317260,-1.917160,107.169983,21.530540,-0.011495,0.971673,0.071098,0.225086,-1.726158,125.274208,20.967323,0.020846,0.987545,-0.095087,0.123611,-1.700385,139.057831,21.218077,0.040888,0.889908,0.067038,0.449331,-4.627920,119.889473,18.966648,0.145543,-0.648588,0.104359,-0.739771,-14.273618,122.053635,6.044491,0.041302,-0.179281,-0.482017,-0.856628,-11.204908,114.359856,-14.787008,-0.147188,-0.125360,0.758025,0.622912,-1.366758,131.298920,-22.034016,-0.089851,0.984991,0.030714,0.144142,1.007353,119.962082,23.211676,0.267753,0.744373,-0.024453,-0.611244,16.338346,122.697845,27.921402,-0.059651,-0.022156,0.486687,-0.871256,18.790373,113.091568,7.814953,0.054077,-0.212787,0.763551,-0.607279,8.016158,130.431305,9.797817,0.049623,0.903012,0.114897,0.410981,-7.636581,83.196320,14.937580,0.091473,0.944058,-0.022902,0.316011,-7.468035,49.323006,6.255003,0.009327,0.958281,0.078546,0.274664,-15.873216,5.218861,5.600676,-0.088683,0.923725,-0.067351,0.366512,5.241092,83.471848,26.992916,-0.015402,0.914022,-0.094778,0.394137,9.243868,49.370323,33.617191,-0.046659,0.933038,0.050519,0.353144,7.153384,5.295655,41.942112,0.009327,0.958281,0.078546,0.274664,-8.743708,1.481003,-6.363724,-0.046659,0.933038,0.050519,0.353144,16.514322,1.299641,31.726780
284,2.366667,0.003555,0.929445,-0.030411,0.367687,-1.196791,83.332680,20.965925,-0.017089,0.943273,0.036317,0.329584,-0.987234,90.552353,20.575928,0.000328,0.948149,-0.016376,0.317404,-1.924098,107.174576,21.530647,-0.011474,0.971625,0.071142,0.225281,-1.724536,125.278839,20.971922,0.020816,0.987516,-0.095063,0.123859,-1.698187,139.062439,21.224146,0.040902,0.889829,0.067041,0.449486,-4.628167,119.895950,18.969021,0.145521,-0.648517,0.104339,-0.739840,-14.269286,122.060799,6.043559,0.041403,-0.179266,-0.481836,-0.856729,-11.196284,114.368454,-14.787835,-0.147211,-0.125149,0.758052,0.622916,-1.350428,131.302612,-22.036869,-0.089597,0.984988,0.030678,0.144328,1.005814,119.964912,23.215826,0.267819,0.744474,-0.023981,-0.611110,16.336544,122.692528,27.931133,-0.059759,-0.022226,0.486740,-0.871217,18.794321,113.095901,7.820770,0.054226,-0.212455,0.763991,-0.606828,8.022437,130.436325,9.808382,0.049538,0.902970,0.114959,0.411066,-7.632495,83.193695,14.934939,0.091582,0.944138,-0.022925,0.315737,-7.455958,49.320782,6.250957,0.009520,0.958308,0.078365,0.274615,-15.871096,5.218518,5.597902,-0.088671,0.923646,-0.067300,0.366724,5.238914,83.471664,26.996910,-0.015450,0.913889,-0.094646,0.394475,9.240752,49.369530,33.618565,-0.046686,0.933000,0.050247,0.353281,7.155849,5.292749,41.933678,0.009520,0.958308,0.078365,0.274615,-8.745015,1.474443,-6.366596,-0.046686,0.933000,0.050247,0.353281,16.519329,1.290096,31.723276
285,2.375000,0.003606,0.929402,-0.030318,0.367803,-1.197928,83.330299,20.959911,-0.017057,0.943199,0.036407,0.329788,-0.988133,90.550049,20.571470,0.000330,0.948073,-0.016260,0.317636,-1.924990,107.168488,21.528988,-0.011456,0.971567,0.071208,0.225513,-1.726533,125.272896,20.974298,0.020886,0.987491,-0.095024,0.124078,-1.699822,139.056458,21.228605,0.041112,0.889717,0.067261,0.449654,-4.628775,119.890213,18.968807,0.145588,-0.648498,0.104189,-0.739865,-14.264409,122.064575,6.040850,0.041492,-0.179182,-0.481672,-0.856834,-11.188865,114.375282,-14.791300,-0.147234,-0.124926,0.757980,0.623043,-1.335546,131.304626,-22.039383,-0.089674,0.984953,0.030688,0.144518,1.003126,119.958672,23.218382,0.267799,0.744534,-0.023919,-0.611049,16.331635,122.688385,27.939705,-0.059995,-0.022088,0.486852,-0.871141,18.793285,113.093483,7.828999,0.053936,-0.212512,0.763948,-0.606888,8.025490,130.436844,9.816638,0.049640,0.902834,0.114906,0.411368,-7.632121,83.192696,14.927277,0.091520,0.944070,-0.023020,0.315952,-7.460628,49.319645,6.243717,0.010152,0.958242,0.078695,0.274728,-15.873155,5.216765,5.598637,-0.088712,0.923597,-0.067256,0.366845,5.236264,83.467903,26.992544,-0.015523,0.913807,-0.094757,0.394634,9.240979,49.365845,33.612911,-0.046643,0.933043,0.050308,0.353164,7.156645,5.291149,41.939240,0.010152,0.958242,0.078695,0.274728,-8.749078,1.477046,-6.368420,-0.046643,0.933043,0.050308,0.353164,16.517380,1.289536,31.725906
286,2.383333,0.003675,0.929382,-0.030199,0.367862,-1.201929,83.332016,20.954149,-0.017029,0.943143,0.036571,0.329930,-0.991817,90.551865,20.567686,0.000418,0.948017,-0.016256,0.317804,-1.929501,107.165703,21.530251,-0.011411,0.971533,0.071194,0.225667,-1.727970,125.270119,20.976772,0.020936,0.987482,-0.094946,0.124204,-1.699733,139.053665,21.231119,0.041245,0.889630,0.067299,0.449809,-4.630350,119.888016,18.969908,0.145516,-0.648374,0.104213,-0.739984,-14.261100,122.067001,6.039093,0.041513,-0.179117,-0.481559,-0.856910,-11.178599,114.379250,-14.792591,-0.147300,-0.124742,0.757949,0.623101,-1.319490,131.306534,-22.039356,-0.089960,0.984921,0.031016,0.144487,1.000041,119.955322,23.221493,0.267993,0.744707,-0.023673,-0.610763,16.327160,122.692612,27.942913,-0.059933,-0.022106,0.486678,-0.871243,18.799780,113.096214,7.834272,0.053520,-0.212779,0.763620,-0.607244,8.026053,130.433746,9.820779,0.049547,0.902837,0.114917,0.411370,-7.635339,83.196281,14.920646,0.091558,0.944165,-0.023060,0.315654,-7.457686,49.322765,6.239035,0.009351,0.958284,0.078521,0.274661,-15.874629,5.220657,5.598859,-0.088741,0.923571,-0.067294,0.366897,5.231481,83.467743,26.987652,-0.015481,0.913976,-0.094788,0.394237,9.236691,49.366402,33.611374,-0.046781,0.933015,0.050550,0.353184,7.151438,5.292130,41.939682,0.009351,0.958284,0.078521,0.274661,-8.745469,1.481964,-6.365479,-0.046781,0.933015,0.050550,0.353184,16.514385,1.298198,31.725384
287,2.391667,0.003804,0.929288,-0.030390,0.368084,-1.208598,83.331993,20.954081,-0.016937,0.943086,0.036600,0.330094,-0.995638,90.551659,20.565792,0.000472,0.947971,-0.016224,0.317942,-1.930767,107.163155,21.529984,-0.012700,0.971469,0.071416,0.225802,-1.727687,125.267601,20.978247,0.021770,0.987393,-0.094865,0.124828,-1.735244,139.051224,21.230698,0.041374,0.889526,0.067719,0.449940,-4.629896,119.885910,18.970036,0.145509,-0.648291,0.104301,-0.740046,-14.256479,122.074913,6.037807,0.041616,-0.179070,-0.481432,-0.856986,-11.169962,114.384689,-14.792376,-0.147416,-0.124684,0.757842,0.623216,-1.304882,131.308472,-22.039963,-0.089960,0.984872,0.030978,0.144825,0.999264,119.952393,23.223269,0.267995,0.744792,-0.023628,-0.610660,16.323208,122.689369,27.955189,-0.059997,-0.021865,0.486672,-0.871248,18.801464,113.093201,7.847117,0.053205,-0.212847,0.763372,-0.607559,8.028065,130.429535,9.826113,0.049523,0.902653,0.115028,0.411744,-7.639118,83.197006,14.917477,0.091580,0.944112,-0.023181,0.315797,-7.453084,49.325111,6.229732,0.009356,0.958281,0.078381,0.274712,-15.875244,5.223879,5.597891,-0.088738,0.923488,-0.067152,0.367132,5.221923,83.466972,26.990685,-0.015571,0.913843,-0.094772,0.394547,9.228965,49.364265,33.606274,-0.046683,0.932977,0.050562,0.353297,7.148863,5.289978,41.935780,0.009356,0.958281,0.078381,0.274712,-8.745305,1.481333,-6.364788,-0.046683,0.932977,0.050562,0.353297,16.513391,1.295416,31.723171
288,2.400000,0.003878,0.929237,-0.030261,0.368222,-1.209092,83.329712,20.947451,-0.016970,0.943032,0.036843,0.330221,-0.995769,90.549484,20.561319,0.000642,0.947929,-0.016278,0.318064,-1.935030,107.164970,21.532934,-0.012746,0.971415,0.071529,0.225995,-1.725403,125.269341,20.981321,0.021786,0.987361,-0.094819,0.125110,-1.734629,139.052902,21.236662,0.041299,0.889443,0.067840,0.450092,-4.628984,119.888687,18.972322,0.145436,-0.648227,0.104315,-0.740114,-14.251309,122.077545,6.036904,0.041710,-0.178965,-0.481372,-0.857037,-11.161228,114.389099,-14.793398,-0.147614,-0.124840,0.757638,0.623386,-1.292665,131.310364,-22.039000,-0.089625,0.984838,0.031247,0.145206,0.999076,119.953156,23.227041,0.268007,0.744881,-0.023146,-0.610565,16.321381,122.677635,27.971455,-0.059988,-0.021777,0.486658,-0.871258,18.804514,113.093277,7.858358,0.053111,-0.212886,0.763382,-0.607542,8.031247,130.428238,9.833858,0.049497,0.902534,0.115014,0.412011,-7.637812,83.196709,14.908889,0.091609,0.944082,-0.023283,0.315871,-7.448003,49.324406,6.222792,0.009324,0.958274,0.078394,0.274734,-15.875441,5.224079,5.598128,-0.088806,0.923443,-0.067178,0.367225,5.219629,83.462723,26.986012,-0.015594,0.913837,-0.094803,0.394552,9.229716,49.361111,33.605377,-0.046894,0.933000,0.050532,0.353212,7.150315,5.287409,41.938179,0.009324,0.958274,0.078394,0.274734,-8.744651,1.482074,-6.364208,-0.046894,0.933000,0.050532,0.353212,16.514826,1.294205,31.725025
289,2.408333,0.003892,0.929174,-0.030237,0.368383,-1.210006,83.330597,20.945129,-0.016945,0.942964,0.036808,0.330420,-0.996553,90.550385,20.559429,0.000632,0.947862,-0.016104,0.318273,-1.934611,107.161758,21.529762,-0.012668,0.971360,0.071588,0.226217,-1.727231,125.266335,20.984053,0.021844,0.987342,-0.094739,0.125317,-1.734423,139.049866,21.241661,0.041457,0.889397,0.067854,0.450167,-4.629192,119.885933,18.972055,0.145335,-0.648133,0.104346,-0.740212,-14.248893,122.079659,6.035514,0.041821,-0.178791,-0.481298,-0.857110,-11.153599,114.393272,-14.794774,-0.147866,-0.125066,0.757410,0.623557,-1.279230,131.313232,-22.036966,-0.089774,0.984789,0.031149,0.145471,0.996994,119.949806,23.229261,0.267987,0.744937,-0.023128,-0.610506,16.315914,122.679115,27.981817,-0.060275,-0.021602,0.486821,-0.871152,18.802742,113.095352,7.868902,0.052802,-0.212899,0.763611,-0.607277,8.034987,130.435226,9.844284,0.049454,0.902508,0.115035,0.412068,-7.636623,83.197884,14.904322,0.091624,0.944124,-0.023353,0.315736,-7.442918,49.325626,6.218164,0.009241,0.958305,0.078304,0.274655,-15.873659,5.225840,5.600252,-0.088862,0.923350,-0.067174,0.367446,5.216611,83.463303,26.985937,-0.015593,0.913863,-0.094795,0.394493,9.228788,49.362354,33.607449,-0.046920,0.932986,0.050550,0.353244,7.150165,5.288515,41.939701,0.009241,0.958305,0.078304,0.274655,-8.744279,1.482070,-6.362370,-0.046920,0.932986,0.050550,0.353244,16.515619,1.296068,31.727119
290,2.416667,0.003883,0.929098,-0.030177,0.368579,-1.209223,83.330116,20.942038,-0.016920,0.942889,0.036887,0.330626,-0.996129,90.549965,20.557146,0.000624,0.947793,-0.016052,0.318482,-1.934418,107.160439,21.529997,-0.011313,0.971329,0.071442,0.226471,-1.727801,125.265076,20.986029,0.021096,0.987396,-0.094629,0.125101,-1.697400,139.048477,21.248312,0.041561,0.889370,0.067448,0.450272,-4.628578,119.884697,18.972263,0.145187,-0.648119,0.104216,-0.740271,-14.244929,122.075691,6.032763,0.041861,-0.178529,-0.481214,-0.857210,-11.147632,114.397705,-14.800334,-0.148116,-0.125257,0.757213,0.623700,-1.265937,131.316971,-22.034594,-0.089347,0.984766,0.031527,0.145803,0.995730,119.948494,23.231953,0.267738,0.745022,-0.022795,-0.610524,16.313999,122.661934,27.995691,-0.060467,-0.021548,0.486823,-0.871139,18.805834,113.094543,7.875593,0.053146,-0.212426,0.763618,-0.607403,8.038209,130.434006,9.852837,0.049533,0.902328,0.115005,0.412462,-7.633299,83.197548,14.898520,0.091607,0.944048,-0.023459,0.315961,-7.441681,49.325352,6.212065,0.009352,0.958302,0.078365,0.274642,-15.873836,5.225727,5.601610,-0.088914,0.923255,-0.067164,0.367674,5.214852,83.462692,26.985556,-0.015662,0.913736,-0.094783,0.394789,9.228990,49.362293,33.608734,-0.046796,0.933017,0.050694,0.353156,7.153703,5.288437,41.941738,0.009352,0.958302,0.078365,0.274642,-8.745586,1.482821,-6.361966,-0.046796,0.933017,0.050694,0.353156,16.516493,1.298349,31.725788
291,2.425000,0.003891,0.929019,-0.030163,0.368780,-1.209033,83.330276,20.938353,-0.016963,0.942819,0.036972,0.330812,-0.995819,90.550133,20.553734,0.000699,0.947734,-0.015958,0.318662,-1.936520,107.158920,21.528486,-0.011338,0.971281,0.071474,0.226662,-1.728274,125.263664,20.988642,0.021179,0.987372,-0.094577,0.125315,-1.698484,139.047058,21.251804,0.041630,0.889308,0.067349,0.450403,-4.628702,119.883965,18.972565,0.145149,-0.648053,0.104157,-0.740345,-14.241025,122.075714,6.030202,0.041929,-0.178361,-0.481166,-0.857268,-11.139354,114.400879,-14.803401,-0.148326,-0.125411,0.756882,0.624020,-1.253179,131.319534,-22.033405,-0.089391,0.984732,0.031754,0.145960,0.993980,119.946373,23.234419,0.267765,0.745088,-0.022721,-0.610434,16.310501,122.659874,28.003723,-0.060605,-0.021416,0.486877,-0.871102,18.806589,113.092873,7.883969,0.052940,-0.212349,0.763623,-0.607442,8.041107,130.433411,9.859322,0.049523,0.902248,0.115002,0.412639,-7.630487,83.197807,14.892051,0.091624,0.944052,-0.023512,0.315940,-7.436598,49.325485,6.206139,0.010025,0.958271,0.078407,0.274715,-15.871711,5.226365,5.599877,-0.088920,0.923224,-0.067175,0.367746,5.212421,83.462738,26.984653,-0.015676,0.913753,-0.094770,0.394751,9.226143,49.362518,33.609009,-0.046761,0.933013,0.050723,0.353167,7.152868,5.288485,41.941570,0.010025,0.958271,0.078407,0.274715,-8.747635,1.479790,-6.365029,-0.046761,0.933013,0.050723,0.353167,16.515648,1.298798,31.725458
292,2.433333,0.003956,0.928943,-0.030188,0.368969,-1.210138,83.329735,20.934217,-0.016944,0.942763,0.037056,0.330966,-0.995836,90.549561,20.549650,0.000767,0.947687,-0.015960,0.318802,-1.936914,107.156563,21.527021,-0.011274,0.971238,0.071532,0.226832,-1.726243,125.261307,20.987932,0.021150,0.987364,-0.094427,0.125493,-1.694862,139.044647,21.253181,0.041682,0.889226,0.067835,0.450486,-4.626745,119.882034,18.970789,0.145191,-0.647994,0.104273,-0.740372,-14.236474,122.082458,6.027974,0.041975,-0.178284,-0.481114,-0.857311,-11.132422,114.402817,-14.803502,-0.148519,-0.125446,0.756491,0.624441,-1.242720,131.320755,-22.032135,-0.089413,0.984687,0.031871,0.146221,0.994678,119.943573,23.234316,0.267863,0.745164,-0.022462,-0.610308,16.308580,122.656845,28.012157,-0.060694,-0.021258,0.486911,-0.871081,18.809250,113.092873,7.891534,0.052356,-0.212742,0.763678,-0.607285,8.045406,130.433624,9.862928,0.049491,0.902229,0.115026,0.412677,-7.629132,83.198074,14.885288,0.091659,0.944068,-0.023608,0.315875,-7.432195,49.325920,6.198775,0.009289,0.958303,0.078266,0.274671,-15.872913,5.227771,5.600172,-0.088902,0.923224,-0.067183,0.367751,5.208856,83.461403,26.983145,-0.015715,0.913724,-0.094746,0.394821,9.221162,49.361031,33.607544,-0.046805,0.933001,0.050690,0.353197,7.151286,5.286699,41.939392,0.009289,0.958303,0.078266,0.274671,-8.743692,1.482630,-6.362115,-0.046805,0.933001,0.050690,0.353197,16.515036,1.296640,31.724316
293,2.441667,0.004082,0.928857,-0.030337,0.369171,-1.212779,83.329102,20.930794,-0.016903,0.942699,0.037169,0.331137,-0.995915,90.548790,20.544945,0.000832,0.947634,-0.015945,0.318959,-1.937081,107.154800,21.526081,-0.012499,0.971177,0.071654,0.226990,-1.724264,125.259552,20.988297,0.021908,0.987281,-0.094282,0.126121,-1.726300,139.043015,21.249338,0.041800,0.889184,0.067738,0.450574,-4.624676,119.880737,18.969818,0.145105,-0.647916,0.104387,-0.740441,-14.231503,122.083305,6.025219,0.041941,-0.178214,-0.481054,-0.857361,-11.124021,114.402565,-14.805335,-0.148707,-0.125375,0.756212,0.624748,-1.229786,131.321548,-22.031794,-0.089557,0.984674,0.031908,0.146212,0.995330,119.941376,23.235222,0.268060,0.745187,-0.022546,-0.610191,16.308475,122.659065,28.012974,-0.060604,-0.021309,0.486883,-0.871102,18.810806,113.086067,7.896854,0.052367,-0.212561,0.763691,-0.607332,8.046608,130.425079,9.868134,0.049499,0.902164,0.114946,0.412840,-7.629120,83.198410,14.879031,0.091663,0.944126,-0.023579,0.315703,-7.433433,49.325016,6.197332,0.009294,0.958296,0.078178,0.274721,-15.873785,5.226812,5.597733,-0.088879,0.923207,-0.067126,0.367809,5.203561,83.459801,26.982555,-0.015765,0.913733,-0.094726,0.394804,9.215496,49.358601,33.602943,-0.046785,0.932984,0.050620,0.353256,7.150547,5.284065,41.934933,0.009294,0.958296,0.078178,0.274721,-8.743645,1.479194,-6.363230,-0.046785,0.932984,0.050620,0.353256,16.515221,1.292022,31.721476
294,2.450000,0.004177,0.928782,-0.030346,0.369357,-1.211329,83.327545,20.925760,-0.016959,0.942631,0.037308,0.331311,-0.993057,90.547203,20.540339,0.000887,0.947577,-0.015902,0.319129,-1.937667,107.152176,21.525024,-0.011392,0.971136,0.071714,0.227204,-1.723383,125.256981,20.989389,0.021337,0.987320,-0.094239,0.125952,-1.695815,139.040237,21.259113,0.041846,0.889103,0.067779,0.450723,-4.623448,119.878601,18.969254,0.145123,-0.647871,0.104344,-0.740483,-14.225782,122.083321,6.021678,0.041929,-0.178123,-0.480979,-0.857422,-11.115256,114.403580,-14.808798,-0.148771,-0.125330,0.755874,0.625152,-1.216983,131.320847,-22.031874,-0.089422,0.984668,0.032099,0.146298,0.995028,119.938347,23.236687,0.267590,0.745317,-0.022870,-0.610225,16.308155,122.650673,28.017559,-0.061051,-0.021084,0.486809,-0.871117,18.819899,113.082932,7.900099,0.052189,-0.212518,0.763738,-0.607303,8.050489,130.422806,9.872428,0.049477,0.902065,0.114952,0.413058,-7.625228,83.198242,14.871377,0.091708,0.944074,-0.023690,0.315837,-7.425871,49.324802,6.189950,0.009220,0.958301,0.078094,0.274729,-15.873094,5.227822,5.597239,-0.088811,0.923087,-0.067156,0.368121,5.202571,83.456841,26.980145,-0.015889,0.913606,-0.094669,0.395106,9.207125,49.355087,33.602116,-0.046921,0.932977,0.050602,0.353259,7.151681,5.279941,41.933216,0.009220,0.958301,0.078094,0.274729,-8.742318,1.478477,-6.362807,-0.046921,0.932977,0.050602,0.353259,16.517597,1.288848,31.720526
295,2.458333,0.004210,0.928698,-0.030321,0.369572,-1.210249,83.328598,20.921841,-0.016945,0.942566,0.037403,0.331488,-0.991574,90.548279,20.536983,0.000924,0.947524,-0.015843,0.319291,-1.936816,107.149948,21.524435,-0.011325,0.971096,0.071702,0.227383,-1.721842,125.254807,20.991278,0.021347,0.987307,-0.094129,0.126128,-1.692168,139.038055,21.261267,0.041898,0.889018,0.067861,0.450874,-4.621367,119.876778,18.969433,0.145019,-0.647866,0.104355,-0.740506,-14.219141,122.084412,6.018974,0.041871,-0.178021,-0.480834,-0.857528,-11.108459,114.407257,-14.812427,-0.148822,-0.125317,0.755607,0.625465,-1.203069,131.321625,-22.031015,-0.089428,0.984629,0.032090,0.146556,0.995651,119.935814,23.238798,0.267509,0.745355,-0.022924,-0.610213,16.306284,122.648003,28.027731,-0.061272,-0.020834,0.486934,-0.871038,18.820656,113.081047,7.910226,0.051979,-0.212433,0.763816,-0.607253,8.055791,130.424255,9.878289,0.049412,0.901917,0.115096,0.413348,-7.621344,83.199883,14.864473,0.091776,0.944003,-0.023914,0.316013,-7.410923,49.328304,6.176045,0.009322,0.958323,0.077962,0.274686,-15.870009,5.233392,5.598842,-0.088841,0.922977,-0.067152,0.368392,5.200845,83.457314,26.979208,-0.015934,0.913487,-0.094660,0.395383,9.205459,49.355881,33.602821,-0.046826,0.932962,0.050627,0.353308,7.151474,5.280704,41.934116,0.009322,0.958323,0.077962,0.274686,-8.741567,1.479799,-6.361264,-0.046826,0.932962,0.050627,0.353308,16.517668,1.289319,31.721788
296,2.466667,0.004174,0.928618,-0.030220,0.369780,-1.207089,83.330330,20.916393,-0.016931,0.942500,0.037470,0.331668,-0.989355,90.550102,20.532751,0.001004,0.947469,-0.015742,0.319459,-1.934963,107.149818,21.522154,-0.012610,0.971032,0.071734,0.227578,-1.718315,125.254784,20.993433,0.022080,0.987217,-0.093930,0.126852,-1.723021,139.038208,21.256413,0.041878,0.888958,0.067992,0.450973,-4.617560,119.877480,18.969259,0.144853,-0.647862,0.104427,-0.740531,-14.212474,122.086609,6.016937,0.041821,-0.177977,-0.480678,-0.857627,-11.102245,114.411774,-14.815394,-0.148898,-0.125417,0.755218,0.625896,-1.190318,131.322311,-22.031582,-0.089488,0.984583,0.032179,0.146808,0.997941,119.935020,23.240641,0.268176,0.745424,-0.021813,-0.609876,16.305819,122.648300,28.037760,-0.060832,-0.021093,0.486915,-0.871073,18.822598,113.088928,7.916954,0.051975,-0.212330,0.763926,-0.607151,8.059718,130.428177,9.885005,0.049553,0.901897,0.114822,0.413453,-7.615474,83.201561,14.856159,0.091696,0.944010,-0.023828,0.316021,-7.420907,49.326561,6.180725,0.009298,0.958305,0.078103,0.274711,-15.870875,5.229968,5.598405,-0.088842,0.922909,-0.067221,0.368547,5.201295,83.459091,26.976627,-0.015986,0.913421,-0.094631,0.395540,9.203041,49.358326,33.605396,-0.046632,0.932963,0.050773,0.353311,7.152957,5.282819,41.935875,0.009298,0.958305,0.078103,0.274711,-8.741224,1.480307,-6.362216,-0.046632,0.932963,0.050773,0.353311,16.517805,1.293193,31.721634
297,2.475000,0.004140,0.928485,-0.030434,0.370097,-1.209759,83.333992,20.915234,-0.016771,0.942425,0.037541,0.331880,-0.991202,90.553581,20.528616,0.001006,0.947412,-0.015643,0.319631,-1.932482,107.147766,21.521471,-0.012624,0.970983,0.071794,0.227769,-1.716807,125.252853,20.996206,0.022128,0.987195,-0.093869,0.127066,-1.722003,139.036255,21.260860,0.041869,0.888873,0.068146,0.451119,-4.614972,119.875740,18.969982,0.144805,-0.647879,0.104330,-0.740540,-14.205641,122.087059,6.014891,0.041809,-0.177877,-0.480461,-0.857770,-11.095477,114.416718,-14.819096,-0.148799,-0.125394,0.755033,0.626147,-1.173650,131.322159,-22.031944,-0.089299,0.984548,0.032348,0.147119,0.998978,119.932846,23.243404,0.268045,0.745479,-0.021572,-0.609875,16.304974,122.638824,28.050625,-0.060997,-0.020953,0.486984,-0.871027,18.824928,113.089775,7.925317,0.051974,-0.212193,0.764043,-0.607051,8.064308,130.431137,9.891825,0.049519,0.901812,0.114816,0.413642,-7.614019,83.203102,14.850691,0.091728,0.944000,-0.023894,0.316036,-7.415703,49.327763,6.176659,0.009218,0.958320,0.078065,0.274671,-15.870201,5.231977,5.598937,-0.088871,0.922884,-0.067187,0.368610,5.194503,83.464882,26.979776,-0.016032,0.913498,-0.094602,0.395366,9.198573,49.364166,33.607395,-0.046540,0.932974,0.050719,0.353301,7.154855,5.288288,41.937511,0.009218,0.958320,0.078065,0.274671,-8.740903,1.481918,-6.361766,-0.046540,0.932974,0.050719,0.353301,16.518555,1.296303,31.723135
298,2.483333,0.004205,0.928402,-0.030511,0.370300,-1.209332,83.333412,20.911861,-0.016744,0.942358,0.037652,0.332059,-0.989409,90.552917,20.524607,0.001076,0.947357,-0.015588,0.319799,-1.931135,107.144966,21.520958,-0.012755,0.970954,0.071750,0.227898,-1.713595,125.250114,20.998447,0.022211,0.987185,-0.093755,0.127209,-1.721866,139.033539,21.261192,0.041874,0.888797,0.068216,0.451257,-4.611539,119.873573,18.970398,0.144676,-0.647830,0.104387,-0.740600,-14.198121,122.086266,6.012514,0.041712,-0.177838,-0.480288,-0.857880,-11.085616,114.417816,-14.821826,-0.148706,-0.125185,0.755042,0.626200,-1.156160,131.320221,-22.031918,-0.089502,0.984530,0.032466,0.147091,1.000898,119.929520,23.245825,0.268245,0.745515,-0.021485,-0.609746,16.305984,122.641418,28.052610,-0.060937,-0.020939,0.486973,-0.871037,18.828178,113.087761,7.929775,0.051746,-0.212239,0.764116,-0.606963,8.066854,130.429459,9.894603,0.049451,0.901668,0.114957,0.413926,-7.610930,83.202965,14.844497,0.091808,0.943995,-0.024088,0.316013,-7.401421,49.329418,6.163717,0.009156,0.958352,0.077874,0.274613,-15.868136,5.235791,5.600298,-0.088859,0.922862,-0.067194,0.368667,5.192266,83.463852,26.979229,-0.016060,0.913402,-0.094567,0.395595,9.194967,49.363052,33.607262,-0.046545,0.932953,0.050710,0.353355,7.152681,5.286658,41.935009,0.009156,0.958352,0.077874,0.274613,-8.740206,1.481067,-6.359757,-0.046545,0.932953,0.050710,0.353355,16.517576,1.294526,31.721786
299,2.491667,0.004359,0.928306,-0.030579,0.370531,-1.207911,83.330902,20.905315,-0.016738,0.942291,0.037819,0.332229,-0.985453,90.550331,20.518026,0.001086,0.947307,-0.015537,0.319948,-1.929048,107.141998,21.519518,-0.011524,0.970925,0.071803,0.228070,-1.711681,125.247192,20.998907,0.021580,0.987233,-0.093776,0.126928,-1.687045,139.030411,21.270924,0.041954,0.888755,0.068154,0.451343,-4.608885,119.870804,18.969402,0.144672,-0.647766,0.104311,-0.740668,-14.192745,122.085060,6.009775,0.041771,-0.177710,-0.480185,-0.857961,-11.075836,114.419342,-14.824906,-0.148817,-0.125070,0.754947,0.626311,-1.140910,131.318542,-22.031637,-0.089347,0.984514,0.032681,0.147246,1.002203,119.926430,23.246601,0.267544,0.745538,-0.022280,-0.609998,16.306700,122.632149,28.058741,-0.061524,-0.020538,0.487019,-0.870980,18.831964,113.079681,7.935728,0.051517,-0.212346,0.764096,-0.606970,8.070357,130.424698,9.898294,0.049418,0.901573,0.114885,0.414157,-7.606460,83.202400,14.834696,0.091887,0.943960,-0.024148,0.316089,-7.394824,49.327473,6.159368,0.009386,0.958321,0.077853,0.274722,-15.869798,5.235398,5.598112,-0.088828,0.922803,-0.067232,0.368815,5.190639,83.459396,26.975935,-0.016132,0.913347,-0.094511,0.395734,9.189301,49.358570,33.606262,-0.046829,0.932942,0.050552,0.353369,7.153695,5.281434,41.931686,0.009386,0.958321,0.077853,0.274722,-8.741374,1.478373,-6.360927,-0.046829,0.932942,0.050552,0.353369,16.521055,1.288177,31.721169
300,2.500000,0.004452,0.928220,-0.030734,0.370733,-1.206031,83.328751,20.902205,-0.016796,0.942208,0.038012,0.332442,-0.981421,90.548035,20.513388,0.001105,0.947233,-0.015579,0.320166,-1.929138,107.138191,21.519999,-0.011535,0.970868,0.071960,0.228264,-1.710530,125.243340,20.998201,0.021665,0.987214,-0.093748,0.127084,-1.686918,139.026474,21.274540,0.042026,0.888694,0.068188,0.451450,-4.607092,119.866966,18.967739,0.144645,-0.647650,0.104329,-0.740772,-14.187582,122.083954,6.006089,0.041853,-0.177529,-0.480223,-0.857973,-11.064116,114.418686,-14.827776,-0.149226,-0.124963,0.754845,0.626358,-1.127786,131.319565,-22.029989,-0.089282,0.984499,0.032772,0.147369,1.002020,119.922592,23.247526,0.267503,0.745655,-0.022052,-0.609881,16.305723,122.625587,28.063705,-0.061624,-0.020520,0.486933,-0.871021,18.838396,113.079407,7.938644,0.051409,-0.212277,0.764073,-0.607032,8.073628,130.421677,9.902353,0.049380,0.901552,0.114904,0.414202,-7.601920,83.200645,14.828774,0.091929,0.943955,-0.024221,0.316086,-7.386890,49.325760,6.153369,0.009285,0.958338,0.077755,0.274693,-15.867500,5.234709,5.597124,-0.088778,0.922777,-0.067221,0.368894,5.189857,83.456863,26.975636,-0.016163,0.913431,-0.094486,0.395545,9.185058,49.355301,33.604275,-0.046912,0.932933,0.050488,0.353391,7.154562,5.277833,41.929207,0.009285,0.958338,0.077755,0.274693,-8.739145,1.475782,-6.361356,-0.046912,0.932933,0.050488,0.353391,16.522987,1.283812,31.719965
301,2.508333,0.004544,0.928133,-0.030771,0.370946,-1.203276,83.329277,20.896479,-0.016949,0.942142,0.038129,0.332606,-0.977133,90.548515,20.507708,0.001363,0.947186,-0.015477,0.320309,-1.931125,107.138229,21.516130,-0.011610,0.970823,0.072010,0.228436,-1.704752,125.243469,21.000847,0.021655,0.987192,-0.093663,0.127323,-1.683243,139.026596,21.278215,0.041946,0.888600,0.068292,0.451628,-4.602944,119.869026,18.967577,0.144579,-0.647634,0.104411,-0.740787,-14.178443,122.085480,6.002144,0.041894,-0.177421,-0.480154,-0.858032,-11.054772,114.419426,-14.831408,-0.149310,-0.125190,0.754727,0.626436,-1.115120,131.317154,-22.030125,-0.089289,0.984467,0.032937,0.147540,1.004868,119.920776,23.249117,0.267477,0.745690,-0.022014,-0.609851,16.306885,122.622940,28.071129,-0.061811,-0.020399,0.486919,-0.871019,18.841795,113.078285,7.945613,0.050983,-0.212303,0.763918,-0.607254,8.076453,130.419846,9.908675,0.049417,0.901428,0.114792,0.414499,-7.596365,83.202316,14.820075,0.091940,0.943921,-0.024266,0.316183,-7.384061,49.325886,6.150623,0.009323,0.958329,0.077746,0.274726,-15.866756,5.235207,5.597011,-0.088713,0.922706,-0.067284,0.369075,5.189813,83.456245,26.972883,-0.016244,0.913306,-0.094439,0.395840,9.177887,49.354465,33.604698,-0.046808,0.932916,0.050476,0.353454,7.153009,5.276427,41.927998,0.009323,0.958329,0.077746,0.274726,-8.737950,1.475746,-6.361036,-0.046808,0.932916,0.050476,0.353454,16.521824,1.281077,31.719627
302,2.516667,0.004554,0.928060,-0.030720,0.371135,-1.199376,83.330521,20.891424,-0.016958,0.942072,0.038219,0.332795,-0.973302,90.549805,20.503431,0.001448,0.947124,-0.015391,0.320496,-1.928752,107.139114,21.514381,-0.011701,0.970786,0.072015,0.228586,-1.700367,125.244438,21.003096,0.021687,0.987182,-0.093555,0.127472,-1.681108,139.027573,21.280136,0.041749,0.888524,0.068420,0.451775,-4.598289,119.870735,18.967516,0.144446,-0.647648,0.104360,-0.740808,-14.170015,122.083603,5.998682,0.041890,-0.177205,-0.480168,-0.858069,-11.046725,114.422905,-14.836902,-0.149631,-0.125322,0.754587,0.626501,-1.104624,131.321945,-22.027927,-0.089356,0.984424,0.033097,0.147746,1.007831,119.920990,23.251291,0.267518,0.745703,-0.021932,-0.609820,16.307484,122.624191,28.080231,-0.061870,-0.020349,0.486954,-0.870996,18.843117,113.080284,7.954447,0.050916,-0.212152,0.763983,-0.607231,8.078950,130.423004,9.916985,0.049427,0.901394,0.114752,0.414580,-7.590002,83.203926,14.812422,0.091953,0.943908,-0.024353,0.316210,-7.378740,49.326935,6.145158,0.009241,0.958327,0.077711,0.274747,-15.864942,5.236849,5.598318,-0.088733,0.922618,-0.067335,0.369282,5.191250,83.457108,26.970428,-0.016250,0.913301,-0.094419,0.395856,9.177785,49.356068,33.606968,-0.046553,0.932912,0.050673,0.353470,7.153970,5.277720,41.928852,0.009241,0.958327,0.077711,0.274747,-8.735004,1.476996,-6.358931,-0.046553,0.932912,0.050673,0.353470,16.521320,1.284814,31.718182
303,2.525000,0.004582,0.927978,-0.030740,0.371337,-1.194724,83.332321,20.886787,-0.016867,0.942008,0.038302,0.332971,-0.968083,90.551582,20.498726,0.001347,0.947068,-0.015304,0.320664,-1.921627,107.138237,21.512962,-0.011628,0.970738,0.072045,0.228786,-1.697632,125.243675,21.003523,0.021638,0.987168,-0.093444,0.127671,-1.676344,139.026779,21.282022,0.041769,0.888453,0.068515,0.451899,-4.593485,119.869438,18.966400,0.144323,-0.647578,0.104497,-0.740874,-14.161493,122.084473,5.995193,0.041869,-0.177151,-0.480189,-0.858070,-11.035400,114.422943,-14.839663,-0.149673,-0.125550,0.754582,0.626452,-1.093503,131.322769,-22.028292,-0.089320,0.984350,0.033053,0.148273,1.011120,119.920692,23.252150,0.267383,0.745788,-0.021894,-0.609777,16.305906,122.622154,28.097454,-0.061973,-0.020063,0.486977,-0.870982,18.847149,113.082848,7.970203,0.050848,-0.212034,0.764108,-0.607120,8.083479,130.426651,9.924585,0.049462,0.901302,0.114662,0.414802,-7.582700,83.205948,14.804995,0.092003,0.943871,-0.024407,0.316303,-7.374146,49.327736,6.142400,0.009152,0.958349,0.077713,0.274671,-15.866076,5.238721,5.597862,-0.088757,0.922582,-0.067443,0.369347,5.193252,83.458694,26.968580,-0.016249,0.913418,-0.094394,0.395592,9.177999,49.358963,33.612919,-0.046411,0.932940,0.050798,0.353396,7.157414,5.280190,41.933338,0.009152,0.958349,0.077713,0.274671,-8.737161,1.479606,-6.360229,-0.046411,0.932940,0.050798,0.353396,16.522202,1.288970,31.719662
304,2.533333,0.004586,0.927906,-0.030727,0.371517,-1.188504,83.334503,20.882822,-0.017143,0.941944,0.038503,0.333115,-0.961793,90.553780,20.495007,0.001615,0.947023,-0.015293,0.320797,-1.926246,107.137192,21.512165,-0.012619,0.970720,0.071917,0.228850,-1.693088,125.242615,21.006243,0.022263,0.987129,-0.093162,0.128070,-1.697484,139.025925,21.275101,0.041747,0.888356,0.068511,0.452091,-4.591028,119.870209,18.967260,0.144269,-0.647553,0.104548,-0.740899,-14.153438,122.084831,5.991861,0.041800,-0.177124,-0.480195,-0.858075,-11.026363,114.423225,-14.842814,-0.149643,-0.125610,0.754515,0.626527,-1.084367,131.323868,-22.029118,-0.089436,0.984354,0.033269,0.148127,1.012363,119.917847,23.254637,0.267395,0.745863,-0.021812,-0.609683,16.307875,122.622169,28.096035,-0.062119,-0.020219,0.486975,-0.870970,18.853968,113.083885,7.968915,0.050869,-0.211994,0.764268,-0.606931,8.089109,130.428986,9.932017,0.049536,0.901223,0.114599,0.414983,-7.574116,83.208191,14.798551,0.092016,0.943864,-0.024482,0.316315,-7.370326,49.329487,6.137802,0.009258,0.958347,0.077686,0.274683,-15.865433,5.241015,5.599069,-0.088671,0.922507,-0.067492,0.369544,5.197109,83.460823,26.967096,-0.016290,0.913257,-0.094356,0.395970,9.173655,49.360497,33.613285,-0.046657,0.932916,0.050619,0.353454,7.154348,5.281192,41.931198,0.009258,0.958347,0.077686,0.274683,-8.737256,1.480412,-6.358990,-0.046657,0.932916,0.050619,0.353454,16.522148,1.287944,31.721079
305,2.541667,0.004689,0.927816,-0.030826,0.371732,-1.187664,83.330711,20.877319,-0.016918,0.941862,0.038649,0.333342,-0.958957,90.549889,20.488783,0.001524,0.946945,-0.015319,0.321026,-1.918168,107.132568,21.512739,-0.011843,0.970673,0.072031,0.229051,-1.687716,125.237976,21.004932,0.021776,0.987165,-0.093092,0.127923,-1.671766,139.021118,21.281906,0.041890,0.888296,0.068540,0.452191,-4.583800,119.864868,18.965151,0.144183,-0.647549,0.104716,-0.740896,-14.142877,122.084198,5.988103,0.041735,-0.177128,-0.480207,-0.858071,-11.017150,114.419556,-14.845652,-0.149707,-0.125631,0.754521,0.626501,-1.074579,131.322891,-22.031555,-0.089386,0.984302,0.033365,0.148478,1.017522,119.913887,23.255211,0.266678,0.745871,-0.022705,-0.609954,16.309938,122.615608,28.107819,-0.062697,-0.019685,0.487020,-0.870915,18.858355,113.076523,7.981382,0.050666,-0.211851,0.764256,-0.607013,8.092507,130.426193,9.937387,0.049531,0.901137,0.114564,0.415180,-7.570428,83.205307,14.790042,0.092045,0.943851,-0.024549,0.316340,-7.365499,49.326012,6.131609,0.009449,0.958337,0.077732,0.274697,-15.864915,5.238313,5.597536,-0.088678,0.922410,-0.067502,0.369783,5.195101,83.456123,26.964596,-0.016276,0.913301,-0.094331,0.395876,9.170112,49.355972,33.612587,-0.046753,0.932877,0.050624,0.353541,7.151401,5.276194,41.928143,0.009449,0.958337,0.077732,0.274697,-8.738008,1.477589,-6.361242,-0.046753,0.932877,0.050624,0.353541,16.521952,1.284154,31.720076
306,2.550000,0.004717,0.927743,-0.030940,0.371905,-1.182966,83.327904,20.874460,-0.016974,0.941798,0.038768,0.333505,-0.953195,90.546967,20.484591,0.001624,0.946892,-0.015278,0.321185,-1.915642,107.129013,21.511456,-0.012557,0.970636,0.071936,0.229200,-1.682155,125.234451,21.006273,0.022119,0.987124,-0.092874,0.128344,-1.684518,139.017731,21.276314,0.041931,0.888237,0.068368,0.452331,-4.578397,119.862091,18.964754,0.144115,-0.647483,0.104832,-0.740950,-14.133260,122.080299,5.984411,0.041703,-0.177108,-0.480292,-0.858029,-11.004827,114.413940,-14.848310,-0.149844,-0.125658,0.754522,0.626461,-1.064694,131.320847,-22.033199,-0.089317,0.984281,0.033416,0.148650,1.021477,119.909630,23.256720,0.266746,0.745919,-0.022407,-0.609877,16.312635,122.608627,28.114813,-0.062741,-0.019696,0.487029,-0.870907,18.863651,113.074898,7.986155,0.050578,-0.211766,0.764518,-0.606720,8.098737,130.423706,9.943358,0.049571,0.901076,0.114559,0.415309,-7.563457,83.202103,14.784807,0.092085,0.943875,-0.024619,0.316250,-7.359933,49.323002,6.125602,0.009414,0.958340,0.077657,0.274708,-15.864727,5.236268,5.597161,-0.088602,0.922403,-0.067535,0.369812,5.197524,83.453697,26.964113,-0.016302,0.913297,-0.094292,0.395893,9.166584,49.352909,33.612385,-0.046584,0.932860,0.050687,0.353599,7.151309,5.272546,41.925678,0.009414,0.958340,0.077657,0.274708,-8.737440,1.473779,-6.360835,-0.046584,0.932860,0.050687,0.353599,16.521749,1.280413,31.717545
307,2.558333,0.004737,0.927662,-0.030939,0.372106,-1.178978,83.325897,20.869545,-0.016919,0.941730,0.038874,0.333688,-0.948857,90.544960,20.479845,0.001636,0.946832,-0.015285,0.321361,-1.910950,107.126175,21.510431,-0.012686,0.970596,0.071983,0.229349,-1.676895,125.231598,21.005186,0.022236,0.987114,-0.092713,0.128511,-1.682834,139.014877,21.275799,0.041940,0.888143,0.068430,0.452505,-4.572490,119.859291,18.962633,0.144094,-0.647460,0.104949,-0.740957,-14.122194,122.078941,5.978741,0.041654,-0.177057,-0.480389,-0.857987,-10.993510,114.409424,-14.852776,-0.149998,-0.125633,0.754563,0.626380,-1.056020,131.320328,-22.035099,-0.089313,0.984209,0.033174,0.149185,1.025788,119.906746,23.256683,0.267261,0.746042,-0.021454,-0.609534,16.311781,122.606026,28.130850,-0.062449,-0.019617,0.487014,-0.870938,18.869171,113.079964,7.999378,0.050280,-0.211640,0.764767,-0.606475,8.106648,130.424316,9.947346,0.049562,0.901031,0.114536,0.415413,-7.556838,83.200325,14.777133,0.092135,0.943820,-0.024715,0.316391,-7.352433,49.320801,6.119589,0.009467,0.958335,0.077677,0.274721,-15.864067,5.235323,5.596561,-0.088566,0.922216,-0.067550,0.370284,5.198882,83.451477,26.961958,-0.016349,0.913305,-0.094248,0.395885,9.161871,49.350380,33.612324,-0.046732,0.932854,0.050624,0.353606,7.152073,5.269420,41.923779,0.009467,0.958335,0.077677,0.274721,-8.736890,1.472993,-6.361548,-0.046732,0.932854,0.050624,0.353606,16.523834,1.277188,31.716902
308,2.566667,0.004783,0.927591,-0.030954,0.372283,-1.175033,83.327278,20.864872,-0.016927,0.941667,0.038974,0.333854,-0.944147,90.546326,20.475250,0.001691,0.946779,-0.015190,0.321521,-1.907634,107.124802,21.508535,-0.012661,0.970566,0.071900,0.229505,-1.672694,125.230339,21.007238,0.022202,0.987113,-0.092519,0.128664,-1.677201,139.013641,21.275915,0.041883,0.888099,0.068482,0.452588,-4.567807,119.858566,18.962553,0.144113,-0.647412,0.104896,-0.741003,-14.115227,122.077438,5.976842,0.041789,-0.176952,-0.480427,-0.857981,-10.983250,114.409210,-14.854659,-0.150198,-0.125689,0.754672,0.626189,-1.046380,131.319443,-22.035515,-0.089295,0.984215,0.033550,0.149068,1.029015,119.904884,23.258516,0.266583,0.746081,-0.022305,-0.609754,16.316252,122.601913,28.130043,-0.063166,-0.019316,0.487142,-0.870822,18.877905,113.074638,7.999680,0.050174,-0.211598,0.764749,-0.606521,8.116686,130.426666,9.952042,0.049544,0.901001,0.114487,0.415495,-7.550556,83.202240,14.769999,0.092192,0.943819,-0.024784,0.316375,-7.345674,49.321808,6.116023,0.009396,0.958353,0.077628,0.274674,-15.864041,5.237579,5.597293,-0.088617,0.922238,-0.067607,0.370209,5.200491,83.452316,26.959743,-0.016278,0.913328,-0.094254,0.395832,9.165732,49.352394,33.614754,-0.046523,0.932846,0.050764,0.353633,7.150387,5.271316,41.924252,0.009396,0.958353,0.077628,0.274674,-8.737482,1.474464,-6.360947,-0.046523,0.932846,0.050764,0.353633,16.521198,1.280563,31.715914
309,2.575000,0.004725,0.927537,-0.030811,0.372430,-1.167220,83.328758,20.858891,-0.016973,0.941593,0.039058,0.334050,-0.937814,90.547943,20.470922,0.001765,0.946709,-0.015067,0.321733,-1.903771,107.124413,21.506046,-0.012535,0.970518,0.071881,0.229719,-1.667631,125.230064,21.009871,0.022134,0.987102,-0.092422,0.128836,-1.668353,139.013367,21.278997,0.041822,0.888036,0.068590,0.452701,-4.562118,119.859016,18.962400,0.144265,-0.647454,0.104731,-0.740960,-14.106366,122.077881,5.974360,0.041925,-0.176872,-0.480423,-0.857993,-10.975255,114.410652,-14.857642,-0.150210,-0.125751,0.754737,0.626096,-1.037740,131.318924,-22.037939,-0.089335,0.984184,0.033583,0.149245,1.032782,119.903854,23.260883,0.266625,0.746146,-0.022218,-0.609659,16.318073,122.601715,28.138048,-0.063331,-0.019134,0.487246,-0.870755,18.883909,113.074707,8.008094,0.049935,-0.211514,0.764727,-0.606598,8.126170,130.430161,9.957546,0.049612,0.900961,0.114403,0.415596,-7.540826,83.203644,14.762014,0.092200,0.943742,-0.024889,0.316593,-7.341672,49.322334,6.111340,0.009370,0.958357,0.077684,0.274644,-15.863536,5.238703,5.599317,-0.088555,0.922077,-0.067697,0.370607,5.206387,83.453873,26.955765,-0.016368,0.913177,-0.094217,0.396185,9.162487,49.354042,33.616665,-0.046723,0.932842,0.050763,0.353617,7.152637,5.272603,41.925587,0.009370,0.958357,0.077684,0.274644,-8.737324,1.477294,-6.359667,-0.046723,0.932842,0.050763,0.353617,16.524872,1.283877,31.717762
310,2.583333,0.004671,0.927465,-0.030686,0.372618,-1.157778,83.331390,20.852448,-0.016994,0.941534,0.039199,0.334198,-0.929692,90.550690,20.465908,0.001795,0.946664,-0.014992,0.321869,-1.897919,107.124504,21.504896,-0.012716,0.970476,0.071969,0.229860,-1.661559,125.230240,21.011677,0.022263,0.987078,-0.092345,0.129049,-1.667523,139.013519,21.282135,0.041763,0.888006,0.068642,0.452757,-4.555477,119.859528,18.962517,0.144473,-0.647493,0.104520,-0.740915,-14.098245,122.077545,5.973244,0.042101,-0.176794,-0.480468,-0.857976,-10.967454,114.411285,-14.859154,-0.150364,-0.125681,0.754774,0.626029,-1.031177,131.318558,-22.039667,-0.089347,0.984150,0.033677,0.149437,1.038181,119.903648,23.262619,0.266498,0.746204,-0.022356,-0.609638,16.321526,122.601128,28.146082,-0.063559,-0.018922,0.487355,-0.870682,18.891523,113.073936,8.016746,0.049903,-0.211325,0.764823,-0.606545,8.136935,130.433533,9.963538,0.049672,0.900932,0.114261,0.415691,-7.528915,83.206100,14.752997,0.092249,0.943754,-0.024922,0.316541,-7.336891,49.322929,6.109446,0.009296,0.958363,0.077710,0.274620,-15.863802,5.240252,5.599304,-0.088480,0.922067,-0.067828,0.370625,5.213360,83.456688,26.951897,-0.016404,0.913137,-0.094216,0.396277,9.161039,49.357178,33.619423,-0.046541,0.932873,0.050855,0.353546,7.153315,5.275825,41.929306,0.009296,0.958363,0.077710,0.274620,-8.737439,1.480082,-6.359975,-0.046541,0.932873,0.050855,0.353546,16.522610,1.287536,31.718620
311,2.591667,0.004688,0.927416,-0.030719,0.372739,-1.150883,83.330788,20.848698,-0.017043,0.941473,0.039296,0.334355,-0.922339,90.550056,20.461832,0.001808,0.946607,-0.014920,0.322040,-1.893219,107.121086,21.502998,-0.012655,0.970429,0.071985,0.230054,-1.657150,125.226891,21.012434,0.022300,0.987058,-0.092274,0.129246,-1.661319,139.010147,21.283875,0.041763,0.887961,0.068752,0.452830,-4.550189,119.856407,18.961468,0.144567,-0.647395,0.104543,-0.740980,-14.090806,122.076164,5.970918,0.042164,-0.176839,-0.480591,-0.857895,-10.954503,114.406731,-14.859480,-0.150454,-0.125637,0.754748,0.626046,-1.023842,131.316208,-22.042467,-0.089390,0.984126,0.033783,0.149544,1.041916,119.900063,23.263594,0.266562,0.746346,-0.022119,-0.609445,16.323975,122.598198,28.150707,-0.063616,-0.018834,0.487358,-0.870678,18.902990,113.073799,8.021209,0.049744,-0.211403,0.764791,-0.606572,8.148509,130.433426,9.966010,0.049726,0.900890,0.114203,0.415791,-7.520432,83.205482,14.747591,0.092279,0.943659,-0.024998,0.316810,-7.332495,49.321766,6.106110,0.009282,0.958357,0.077707,0.274639,-15.863985,5.239945,5.599093,-0.088451,0.922015,-0.067863,0.370756,5.218666,83.456085,26.949804,-0.016364,0.913176,-0.094222,0.396188,9.162592,49.356537,33.619370,-0.046755,0.932877,0.050755,0.353523,7.152149,5.275172,41.928558,0.009282,0.958357,0.077707,0.274639,-8.737038,1.479793,-6.359838,-0.046755,0.932877,0.050755,0.353523,16.522621,1.286501,31.719101
312,2.600000,0.004756,0.927351,-0.030821,0.372892,-1.144605,83.327499,20.843676,-0.017084,0.941415,0.039433,0.334501,-0.914540,90.546669,20.455860,0.001884,0.946559,-0.014882,0.322182,-1.888338,107.116684,21.500652,-0.012748,0.970380,0.072093,0.230223,-1.650022,125.222527,21.012327,0.022366,0.987029,-0.092248,0.129472,-1.657146,139.005737,21.286219,0.041816,0.887949,0.068766,0.452846,-4.543063,119.852615,18.959843,0.144797,-0.647365,0.104459,-0.740973,-14.083076,122.074127,5.969143,0.042368,-0.176804,-0.480680,-0.857841,-10.944240,114.401016,-14.859528,-0.150630,-0.125597,0.754797,0.625954,-1.016670,131.311127,-22.045141,-0.089279,0.984091,0.033726,0.149856,1.047745,119.895103,23.263666,0.266682,0.746467,-0.021679,-0.609260,16.327410,122.589531,28.160316,-0.063612,-0.018708,0.487306,-0.870710,18.913645,113.071907,8.028539,0.049447,-0.211384,0.764806,-0.606584,8.157809,130.429092,9.968477,0.049779,0.900878,0.114154,0.415824,-7.512126,83.202560,14.740445,0.092312,0.943622,-0.025067,0.316902,-7.328709,49.318428,6.100492,0.009439,0.958338,0.077759,0.274685,-15.864870,5.237463,5.597594,-0.088407,0.921960,-0.067905,0.370894,5.222916,83.452446,26.946909,-0.016346,0.913125,-0.094183,0.396315,9.161931,49.352749,33.618618,-0.046580,0.932832,0.050884,0.353645,7.150285,5.270672,41.923695,0.009439,0.958338,0.077759,0.274685,-8.738077,1.477562,-6.361511,-0.046580,0.932832,0.050884,0.353645,16.522127,1.283614,31.714869
313,2.608333,0.004847,0.927295,-0.030919,0.373022,-1.140069,83.326317,20.838860,-0.017074,0.941360,0.039596,0.334636,-0.908193,90.545380,20.450245,0.001942,0.946513,-0.014845,0.322318,-1.883584,107.113739,21.500019,-0.012653,0.970332,0.072127,0.230420,-1.643653,125.219604,21.013670,0.022340,0.987006,-0.092195,0.129696,-1.648169,139.002777,21.289234,0.041764,0.887903,0.068756,0.452943,-4.536538,119.850159,18.959785,0.144868,-0.647342,0.104435,-0.740982,-14.073837,122.070183,5.966833,0.042500,-0.176721,-0.480758,-0.857809,-10.933466,114.395905,-14.861178,-0.151020,-0.125441,0.754806,0.625880,-1.007934,131.307022,-22.046223,-0.089148,0.984041,0.033630,0.150285,1.053031,119.891739,23.265226,0.266659,0.746689,-0.021264,-0.609012,16.329268,122.581802,28.174955,-0.063567,-0.018547,0.487108,-0.870828,18.929636,113.073860,8.040410,0.049332,-0.211311,0.764790,-0.606638,8.167017,130.424500,9.972985,0.049751,0.900849,0.114146,0.415893,-7.505867,83.202141,14.733812,0.092376,0.943612,-0.025148,0.316908,-7.320249,49.317692,6.095146,0.009580,0.958349,0.077693,0.274661,-15.864068,5.238149,5.597173,-0.088384,0.921920,-0.067937,0.370995,5.225729,83.450493,26.943907,-0.016308,0.913183,-0.094181,0.396182,9.161727,49.350826,33.617546,-0.046710,0.932817,0.050788,0.353684,7.148252,5.268607,41.921429,0.009580,0.958349,0.077693,0.274661,-8.739317,1.475489,-6.362286,-0.046710,0.932817,0.050788,0.353684,16.521858,1.280451,31.714645
314,2.616667,0.004878,0.927247,-0.030951,0.373137,-1.133098,83.325768,20.834118,-0.017051,0.941315,0.039700,0.334753,-0.900587,90.544800,20.445274,0.001971,0.946475,-0.014767,0.322434,-1.876483,107.112000,21.498383,-0.012754,0.970291,0.072247,0.230549,-1.636404,125.217949,21.015076,0.022426,0.986981,-0.092189,0.129872,-1.644239,139.001068,21.293346,0.041794,0.887879,0.068880,0.452967,-4.528794,119.848839,18.959597,0.145097,-0.647320,0.104377,-0.740965,-14.065298,122.071564,5.966529,0.042779,-0.176632,-0.480821,-0.857778,-10.923086,114.392807,-14.859552,-0.151295,-0.125429,0.754957,0.625633,-0.998307,131.304459,-22.047256,-0.089211,0.984035,0.034092,0.150184,1.059720,119.889702,23.266415,0.266802,0.746736,-0.021046,-0.608900,16.336584,122.579636,28.174257,-0.063517,-0.018770,0.487151,-0.870803,18.939659,113.072411,8.039731,0.049525,-0.211394,0.764791,-0.606592,8.178449,130.424576,9.979486,0.049755,0.900874,0.114019,0.415872,-7.497373,83.201820,14.727479,0.092454,0.943647,-0.025131,0.316782,-7.315911,49.315365,6.096592,0.009249,0.958342,0.077668,0.274704,-15.865845,5.237043,5.596085,-0.088369,0.921966,-0.068014,0.370869,5.231175,83.449715,26.940758,-0.016228,0.913279,-0.094202,0.395959,9.165096,49.350597,33.618431,-0.046613,0.932804,0.050955,0.353706,7.146328,5.268505,41.921692,0.009249,0.958342,0.077668,0.274704,-8.737136,1.475998,-6.361521,-0.046613,0.932804,0.050955,0.353706,16.519941,1.283664,31.713623
315,2.625000,0.004766,0.927202,-0.030767,0.373265,-1.121704,83.327408,20.826067,-0.017086,0.941266,0.039878,0.334866,-0.891632,90.546623,20.439110,0.001968,0.946438,-0.014663,0.322546,-1.870659,107.112000,21.497200,-0.012826,0.970252,0.072308,0.230689,-1.631858,125.218071,21.017448,0.022571,0.986953,-0.092173,0.130070,-1.641813,139.001160,21.297001,0.041806,0.887835,0.068901,0.453051,-4.523351,119.849136,18.960249,0.145363,-0.647335,0.104191,-0.740926,-14.057350,122.072647,5.965476,0.043118,-0.176434,-0.480863,-0.857778,-10.914267,114.392456,-14.859946,-0.151617,-0.125496,0.755105,0.625363,-0.988314,131.303360,-22.047371,-0.089192,0.984007,0.034056,0.150384,1.064144,119.889580,23.268394,0.266584,0.746800,-0.021325,-0.608907,16.339155,122.578773,28.182411,-0.063761,-0.018549,0.487228,-0.870747,18.947065,113.070450,8.049025,0.049456,-0.211411,0.764717,-0.606686,8.188042,130.425568,9.986037,0.049880,0.900860,0.113902,0.415920,-7.484311,83.202766,14.717706,0.092446,0.943594,-0.025246,0.316934,-7.313724,49.315315,6.090526,0.009392,0.958345,0.077778,0.274658,-15.866137,5.237380,5.598602,-0.088268,0.921862,-0.068177,0.371122,5.240903,83.452049,26.934429,-0.016291,0.913156,-0.094170,0.396247,9.162265,49.353226,33.621010,-0.046632,0.932804,0.050960,0.353702,7.147177,5.270785,41.923309,0.009392,0.958345,0.077778,0.274658,-8.739526,1.478334,-6.360883,-0.046632,0.932804,0.050960,0.353702,16.520870,1.286252,31.715191
316,2.633333,0.004683,0.927165,-0.030637,0.373370,-1.111392,83.329895,20.820284,-0.017117,0.941218,0.039961,0.334991,-0.883093,90.549232,20.434649,0.002033,0.946396,-0.014500,0.322676,-1.863944,107.111153,21.494663,-0.012898,0.970202,0.072338,0.230889,-1.624753,125.217377,21.021294,0.022694,0.986915,-0.092118,0.130378,-1.636560,139.000458,21.301361,0.041723,0.887795,0.069050,0.453114,-4.515753,119.849205,18.961420,0.145533,-0.647362,0.104042,-0.740890,-14.048116,122.072586,5.965428,0.043396,-0.176243,-0.480833,-0.857820,-10.905227,114.392403,-14.860021,-0.151929,-0.125518,0.755195,0.625174,-0.975959,131.300278,-22.045988,-0.088955,0.983977,0.034039,0.150723,1.070550,119.888077,23.271126,0.266396,0.746877,-0.021145,-0.608902,16.343613,122.569321,28.195530,-0.063971,-0.018423,0.487270,-0.870710,18.956282,113.071289,8.057913,0.049463,-0.211298,0.764737,-0.606699,8.198324,130.428009,9.994781,0.049934,0.900891,0.113765,0.415884,-7.472630,83.204689,14.710506,0.092467,0.943657,-0.025253,0.316740,-7.309853,49.315434,6.090236,0.009340,0.958356,0.077842,0.274605,-15.864340,5.237877,5.600075,-0.088257,0.921767,-0.068290,0.371340,5.249846,83.455101,26.930061,-0.016267,0.913141,-0.094182,0.396280,9.165873,49.357216,33.624546,-0.046566,0.932838,0.050992,0.353617,7.148124,5.274901,41.926888,0.009340,0.958356,0.077842,0.274605,-8.738359,1.480973,-6.360457,-0.046566,0.932838,0.050992,0.353617,16.519474,1.290444,31.716591
317,2.641667,0.004702,0.927126,-0.030624,0.373468,-1.103222,83.330116,20.815334,-0.017140,0.941172,0.040087,0.335105,-0.874703,90.549461,20.430002,0.002050,0.946356,-0.014437,0.322797,-1.857721,107.109360,21.493435,-0.012894,0.970155,0.072474,0.231041,-1.618614,125.215637,21.022446,0.022760,0.986890,-0.092115,0.130556,-1.630974,138.998642,21.306334,0.041782,0.887819,0.068709,0.453113,-4.509030,119.847694,18.961151,0.145635,-0.647402,0.103856,-0.740861,-14.041270,122.067787,5.964499,0.043648,-0.176017,-0.480814,-0.857864,-10.898981,114.390694,-14.862190,-0.152324,-0.125589,0.755181,0.625081,-0.966275,131.296249,-22.044935,-0.088889,0.983952,0.034135,0.150906,1.076178,119.886086,23.272280,0.266779,0.746968,-0.020336,-0.608650,16.347830,122.564461,28.202623,-0.063802,-0.018632,0.487218,-0.870747,18.965084,113.074852,8.061625,0.049334,-0.211275,0.764745,-0.606707,8.206887,130.427567,10.002158,0.050006,0.900894,0.113668,0.415895,-7.463168,83.205246,14.704204,0.092485,0.943632,-0.025300,0.316805,-7.307644,49.314964,6.087848,0.009517,0.958354,0.077911,0.274585,-15.864916,5.237913,5.600566,-0.088211,0.921714,-0.068361,0.371468,5.256725,83.454979,26.926464,-0.016248,0.913089,-0.094178,0.396403,9.167068,49.357216,33.624866,-0.046667,0.932820,0.051000,0.353651,7.146782,5.274773,41.925900,0.009517,0.958354,0.077911,0.274585,-8.740822,1.481644,-6.361295,-0.046667,0.932820,0.051000,0.353651,16.519785,1.291608,31.716612
318,2.650000,0.004743,0.927089,-0.030715,0.373551,-1.097391,83.329407,20.810902,-0.017177,0.941137,0.040237,0.335183,-0.867796,90.548668,20.424587,0.002099,0.946330,-0.014391,0.322873,-1.853641,107.106613,21.492123,-0.012580,0.970129,0.072529,0.231154,-1.613350,125.212944,21.023317,0.022697,0.986889,-0.092097,0.130590,-1.617496,138.995880,21.310755,0.041834,0.887800,0.069027,0.453096,-4.503757,119.845413,18.960915,0.145841,-0.647344,0.103847,-0.740872,-14.036347,122.071632,5.965567,0.043965,-0.175945,-0.480772,-0.857886,-10.890609,114.389183,-14.858625,-0.152604,-0.125604,0.755123,0.625080,-0.955662,131.290665,-22.044912,-0.088811,0.983944,0.034059,0.151019,1.080748,119.882950,23.272961,0.266381,0.747041,-0.020765,-0.608720,16.351740,122.559044,28.206587,-0.064204,-0.018419,0.487199,-0.870733,18.974676,113.070129,8.066003,0.049089,-0.211362,0.764812,-0.606613,8.214349,130.423752,10.007077,0.050036,0.900864,0.113604,0.415974,-7.456235,83.204559,14.698627,0.092534,0.943642,-0.025321,0.316757,-7.303712,49.313465,6.085430,0.009455,0.958342,0.077912,0.274628,-15.865755,5.237335,5.598979,-0.088197,0.921713,-0.068398,0.371467,5.261453,83.454254,26.923180,-0.016223,0.913014,-0.094186,0.396575,9.169890,49.356674,33.623631,-0.046828,0.932816,0.050871,0.353658,7.145666,5.274299,41.924076,0.009455,0.958342,0.077912,0.274628,-8.740055,1.481492,-6.362058,-0.046828,0.932816,0.050871,0.353658,16.519958,1.289484,31.716616
319,2.658333,0.004907,0.927060,-0.030876,0.373608,-1.094556,83.327415,20.806683,-0.017199,0.941104,0.040370,0.335257,-0.861871,90.546509,20.419115,0.002211,0.946305,-0.014351,0.322948,-1.849927,107.103775,21.490456,-0.012483,0.970098,0.072587,0.231269,-1.606226,125.210129,21.024319,0.022736,0.986873,-0.092073,0.130717,-1.608009,138.993011,21.314032,0.041919,0.887800,0.068983,0.453095,-4.497288,119.843437,18.960670,0.145848,-0.647316,0.103937,-0.740883,-14.029668,122.071457,5.965480,0.044027,-0.175966,-0.480660,-0.857941,-10.883108,114.385941,-14.857449,-0.152691,-0.125496,0.754971,0.625264,-0.944328,131.283386,-22.045645,-0.088839,0.983955,0.034026,0.150941,1.086526,119.879318,23.273623,0.266578,0.747088,-0.020518,-0.608585,16.358122,122.556602,28.204723,-0.064347,-0.018477,0.487205,-0.870717,18.983742,113.067375,8.064635,0.048661,-0.211320,0.764785,-0.606696,8.223980,130.420334,10.010636,0.050019,0.900834,0.113565,0.416052,-7.452627,83.204163,14.693572,0.092566,0.943583,-0.025372,0.316920,-7.299434,49.312328,6.083286,0.009397,0.958361,0.077839,0.274586,-15.865515,5.236962,5.598765,-0.088192,0.921702,-0.068356,0.371505,5.263514,83.450676,26.919790,-0.016201,0.913011,-0.094243,0.396570,9.172472,49.352627,33.617558,-0.046813,0.932799,0.050852,0.353707,7.144483,5.271154,41.921883,0.009397,0.958361,0.077839,0.274586,-8.740509,1.479586,-6.362200,-0.046813,0.932799,0.050852,0.353707,16.519638,1.285724,31.715462
320,2.666667,0.005073,0.927032,-0.031007,0.373663,-1.091535,83.327957,20.802023,-0.017192,0.941075,0.040503,0.335323,-0.855891,90.546921,20.413616,0.002285,0.946283,-0.014318,0.323015,-1.845174,107.101669,21.488987,-0.012407,0.970066,0.072678,0.231378,-1.599291,125.208046,21.024883,0.022797,0.986858,-0.092047,0.130843,-1.599475,138.990860,21.317602,0.041967,0.887794,0.069041,0.453093,-4.490685,119.841911,18.960230,0.145961,-0.647304,0.103927,-0.740873,-14.022982,122.072174,5.965370,0.044051,-0.176002,-0.480557,-0.857991,-10.875655,114.383820,-14.856395,-0.152589,-0.125352,0.754809,0.625513,-0.933452,131.277969,-22.046371,-0.088619,0.983957,0.033997,0.151060,1.092517,119.876656,23.273983,0.266602,0.747151,-0.020160,-0.608508,16.364210,122.546913,28.208590,-0.064564,-0.018492,0.487179,-0.870716,18.993429,113.065933,8.065096,0.048257,-0.211292,0.764810,-0.606707,8.232625,130.417709,10.015893,0.050024,0.900746,0.113531,0.416251,-7.448840,83.206528,14.688082,0.092629,0.943482,-0.025446,0.317197,-7.295059,49.314182,6.079814,0.009404,0.958320,0.077720,0.274761,-15.868330,5.240193,5.597235,-0.088259,0.921833,-0.068405,0.371153,5.265771,83.449394,26.915964,-0.016088,0.913061,-0.094276,0.396450,9.180295,49.352650,33.617107,-0.046770,0.932779,0.050855,0.353765,7.142914,5.271402,41.920315,0.009404,0.958320,0.077720,0.274761,-8.739485,1.479427,-6.360373,-0.046770,0.932779,0.050855,0.353765,16.518957,1.285641,31.714838
321,2.675000,0.005030,0.927037,-0.030843,0.373664,-1.080244,83.328644,20.795359,-0.017248,0.941061,0.040636,0.335344,-0.846064,90.547745,20.408913,0.002307,0.946274,-0.014249,0.323045,-1.838549,107.101372,21.487722,-0.012436,0.970041,0.072793,0.231447,-1.592696,125.207809,21.026232,0.022960,0.986843,-0.091981,0.130968,-1.594309,138.990570,21.321938,0.041894,0.887721,0.069251,0.453213,-4.483939,119.841972,18.960623,0.145905,-0.647365,0.104076,-0.740809,-14.012918,122.073380,5.963528,0.043955,-0.175996,-0.480425,-0.858071,-10.870523,114.381615,-14.857718,-0.152506,-0.125311,0.754736,0.625630,-0.922758,131.273651,-22.046061,-0.088391,0.983918,0.033988,0.151453,1.098985,119.876122,23.274738,0.266394,0.747234,-0.020164,-0.608497,16.368124,122.538551,28.221453,-0.064817,-0.018194,0.487248,-0.870665,19.002937,113.063469,8.075915,0.048093,-0.211210,0.764793,-0.606770,8.244051,130.417908,10.021323,0.050077,0.900775,0.113445,0.416206,-7.437542,83.207581,14.681405,0.092675,0.943368,-0.025531,0.317517,-7.290052,49.314243,6.076926,0.009606,0.958330,0.077739,0.274714,-15.869418,5.241406,5.597293,-0.088313,0.921854,-0.068494,0.371073,5.277054,83.449707,26.909313,-0.015913,0.913182,-0.094348,0.396162,9.193262,49.354469,33.617157,-0.046828,0.932784,0.050790,0.353754,7.141587,5.273944,41.920681,0.009606,0.958330,0.077739,0.274714,-8.743496,1.479763,-6.361781,-0.046828,0.932784,0.050790,0.353754,16.517757,1.287106,31.715744
322,2.683333,0.004986,0.927042,-0.030827,0.373656,-1.072944,83.333420,20.792395,-0.017196,0.941047,0.040687,0.335380,-0.839440,90.552551,20.405930,0.002305,0.946258,-0.014138,0.323095,-1.830643,107.101616,21.486582,-0.011150,0.970019,0.072809,0.231598,-1.586133,125.208176,21.028896,0.022301,0.986887,-0.091995,0.130742,-1.553194,138.990707,21.333330,0.041911,0.887728,0.069276,0.453192,-4.476750,119.842545,18.961864,0.146077,-0.647401,0.103910,-0.740768,-14.006284,122.074783,5.965312,0.044096,-0.175969,-0.480283,-0.858148,-10.864403,114.383484,-14.856191,-0.152364,-0.125434,0.754498,0.625927,-0.912196,131.268265,-22.045523,-0.088266,0.983907,0.034093,0.151572,1.105725,119.876221,23.276571,0.266437,0.747230,-0.020048,-0.608488,16.374409,122.533989,28.227203,-0.065012,-0.018197,0.487448,-0.870538,19.008701,113.060692,8.080753,0.048134,-0.211031,0.764847,-0.606760,8.256532,130.421661,10.030840,0.050141,0.900751,0.113418,0.416256,-7.430369,83.211754,14.678581,0.092714,0.943309,-0.025588,0.317675,-7.287254,49.318447,6.073918,0.009569,0.958332,0.077646,0.274735,-15.871471,5.246532,5.596566,-0.088320,0.921816,-0.068487,0.371166,5.284482,83.455086,26.906210,-0.015879,0.913092,-0.094408,0.396355,9.200592,49.359867,33.614201,-0.046769,0.932771,0.050724,0.353806,7.142226,5.280262,41.920956,0.009569,0.958332,0.077646,0.274735,-8.744957,1.482607,-6.361440,-0.046769,0.932771,0.050724,0.353806,16.518835,1.291153,31.717304
323,2.691667,0.004999,0.927062,-0.030738,0.373613,-1.064154,83.334061,20.787828,-0.017040,0.941025,0.040739,0.335442,-0.830981,90.553268,20.402605,0.002123,0.946225,-0.014100,0.323195,-1.817803,107.099663,21.486395,-0.010856,0.969983,0.072790,0.231768,-1.579939,125.206291,21.027908,0.022298,0.986889,-0.091785,0.130877,-1.538775,138.988770,21.333826,0.042090,0.887766,0.068961,0.453150,-4.468129,119.839478,18.960533,0.145967,-0.647472,0.103975,-0.740718,-13.998426,122.072197,5.964625,0.044040,-0.175943,-0.480116,-0.858250,-10.861265,114.381729,-14.857894,-0.152427,-0.125397,0.754238,0.626232,-0.902504,131.262070,-22.045191,-0.088213,0.983879,0.034240,0.151751,1.113437,119.875443,23.276394,0.267090,0.747254,-0.019006,-0.608206,16.380661,122.530518,28.232977,-0.064658,-0.018519,0.487510,-0.870523,19.014723,113.063744,8.083428,0.048150,-0.210941,0.764884,-0.606744,8.267582,130.422668,10.037722,0.050227,0.900706,0.113352,0.416362,-7.422138,83.213211,14.674583,0.092691,0.943322,-0.025600,0.317641,-7.285346,49.319443,6.071630,0.010495,0.958297,0.077798,0.274780,-15.867930,5.247188,5.596247,-0.088315,0.921801,-0.068471,0.371209,5.293830,83.454918,26.901075,-0.015898,0.912830,-0.094441,0.396950,9.209765,49.359493,33.608097,-0.046583,0.932800,0.050451,0.353793,7.146419,5.280498,41.916855,0.010495,0.958297,0.077798,0.274780,-8.748246,1.480796,-6.365050,-0.046583,0.932800,0.050451,0.353793,16.520475,1.282404,31.714376
324,2.700000,0.004995,0.927051,-0.030819,0.373634,-1.060049,83.335953,20.786497,-0.017061,0.941014,0.040808,0.335463,-0.826476,90.555092,20.400181,0.002274,0.946219,-0.014075,0.323212,-1.814563,107.098579,21.485680,-0.010775,0.969968,0.072809,0.231831,-1.571799,125.205208,21.029833,0.022377,0.986882,-0.091696,0.130975,-1.528502,138.987656,21.336855,0.042164,0.887755,0.068953,0.453166,-4.461356,119.839478,18.961563,0.145960,-0.647477,0.104106,-0.740696,-13.990967,122.074257,5.965506,0.044104,-0.175960,-0.480005,-0.858306,-10.855375,114.379707,-14.855741,-0.152597,-0.125345,0.753991,0.626498,-0.893155,131.255447,-22.044586,-0.088124,0.983868,0.034310,0.151858,1.120052,119.873306,23.277647,0.267048,0.747268,-0.018936,-0.608209,16.386734,122.525040,28.237694,-0.064784,-0.018489,0.487538,-0.870499,19.021626,113.061378,8.086788,0.047966,-0.211032,0.765013,-0.606564,8.275765,130.420532,10.042523,0.050238,0.900724,0.113349,0.416322,-7.417756,83.214500,14.672971,0.092712,0.943334,-0.025643,0.317598,-7.282141,49.320770,6.069870,0.009628,0.958359,0.077647,0.274640,-15.867725,5.249059,5.597896,-0.088362,0.921826,-0.068411,0.371145,5.297658,83.457405,26.900023,-0.015782,0.912957,-0.094556,0.396636,9.218641,49.361977,33.604118,-0.047477,0.932818,0.050155,0.353668,7.144530,5.284601,41.918808,0.009628,0.958359,0.077647,0.274640,-8.744028,1.484825,-6.361694,-0.047477,0.932818,0.050155,0.353668,16.523149,1.288071,31.719912
325,2.708333,0.005152,0.927068,-0.030838,0.373588,-1.056833,83.335579,20.783052,-0.016969,0.941015,0.040904,0.335453,-0.821071,90.554672,20.397322,0.002281,0.946220,-0.014067,0.323210,-1.807328,107.097435,21.486814,-0.011797,0.969930,0.073001,0.231880,-1.564427,125.204063,21.031296,0.023103,0.986811,-0.091590,0.131464,-1.549668,138.986603,21.337004,0.042248,0.887706,0.069252,0.453208,-4.454030,119.838402,18.962936,0.145954,-0.647476,0.104369,-0.740662,-13.982172,122.080040,5.966982,0.044284,-0.175991,-0.479859,-0.858372,-10.848940,114.377106,-14.851520,-0.152745,-0.125481,0.753954,0.626480,-0.880890,131.248337,-22.045616,-0.088040,0.983854,0.034392,0.151979,1.127389,119.872108,23.279005,0.266566,0.747223,-0.019657,-0.608452,16.393358,122.520538,28.242992,-0.065137,-0.018235,0.487658,-0.870411,19.026522,113.053703,8.093357,0.048055,-0.211047,0.765127,-0.606408,8.283402,130.418457,10.047650,0.050175,0.900837,0.113362,0.416081,-7.415120,83.216599,14.670083,0.092747,0.943368,-0.025660,0.317484,-7.277464,49.322639,6.067914,0.009776,0.958352,0.077583,0.274674,-15.866542,5.251593,5.597443,-0.088367,0.921847,-0.068329,0.371108,5.301454,83.454552,26.896021,-0.015765,0.912814,-0.094683,0.396936,9.225183,49.358410,33.594833,-0.046664,0.932781,0.050680,0.353799,7.142380,5.283135,41.918468,0.009776,0.958352,0.077583,0.274674,-8.743543,1.484579,-6.361684,-0.046664,0.932781,0.050680,0.353799,16.517807,1.291788,31.714609
326,2.716667,0.005279,0.927092,-0.030920,0.373520,-1.055755,83.334526,20.780750,-0.016944,0.941007,0.040959,0.335471,-0.817875,90.553535,20.394581,0.002431,0.946206,-0.014105,0.323250,-1.803940,107.095482,21.486027,-0.011707,0.969925,0.073006,0.231902,-1.555427,125.202049,21.031004,0.023186,0.986822,-0.091471,0.131447,-1.538257,138.984558,21.337452,0.042434,0.887748,0.069073,0.453136,-4.446501,119.837334,18.962252,0.145937,-0.647414,0.104549,-0.740694,-13.976267,122.081589,5.967937,0.044339,-0.176062,-0.479790,-0.858393,-10.841120,114.373383,-14.848332,-0.152879,-0.125318,0.753877,0.626572,-0.871231,131.242249,-22.046213,-0.087984,0.983846,0.034310,0.152083,1.134553,119.869209,23.278812,0.266776,0.747187,-0.019406,-0.608412,16.399815,122.516121,28.245794,-0.065073,-0.018322,0.487715,-0.870382,19.030128,113.049568,8.095651,0.047882,-0.211156,0.765279,-0.606192,8.289843,130.414886,10.051818,0.050145,0.900857,0.113379,0.416037,-7.414921,83.217117,14.668664,0.092775,0.943379,-0.025665,0.317445,-7.275276,49.323215,6.066289,0.009861,0.958347,0.077502,0.274714,-15.866867,5.252662,5.595752,-0.088434,0.921898,-0.068214,0.370985,5.303412,83.451935,26.892838,-0.015670,0.912772,-0.094796,0.397007,9.235351,49.355515,33.585419,-0.046745,0.932762,0.050570,0.353855,7.140100,5.281889,41.914688,0.009861,0.958347,0.077502,0.274714,-8.743904,1.482803,-6.362504,-0.046745,0.932762,0.050570,0.353855,16.517200,1.288606,31.713121
327,2.725000,0.005309,0.927110,-0.030877,0.373477,-1.050792,83.335480,20.777212,-0.016952,0.941002,0.041036,0.335477,-0.812764,90.554512,20.391777,0.002542,0.946199,-0.014061,0.323269,-1.799925,107.096115,21.485504,-0.011625,0.969909,0.073015,0.231972,-1.548105,125.202705,21.033291,0.023267,0.986814,-0.091379,0.131554,-1.528720,138.985199,21.340538,0.042512,0.887722,0.069029,0.453186,-4.440063,119.838821,18.963585,0.145774,-0.647358,0.104972,-0.740714,-13.968137,122.084785,5.968327,0.044257,-0.176210,-0.479692,-0.858421,-10.833748,114.367546,-14.844701,-0.152954,-0.125248,0.753684,0.626800,-0.861893,131.234222,-22.046429,-0.087943,0.983848,0.034382,0.152077,1.140808,119.869019,23.280388,0.266914,0.747153,-0.019271,-0.608398,16.406363,122.514282,28.247351,-0.065089,-0.018379,0.487803,-0.870330,19.034138,113.047234,8.097118,0.047777,-0.211181,0.765329,-0.606128,8.297885,130.413788,10.055774,0.050151,0.900904,0.113346,0.415943,-7.410509,83.218864,14.665684,0.092787,0.943370,-0.025684,0.317465,-7.273115,49.324478,6.065204,0.009656,0.958368,0.077429,0.274668,-15.866278,5.254218,5.595790,-0.088504,0.922032,-0.068160,0.370647,5.308926,83.452087,26.888741,-0.015540,0.912816,-0.094916,0.396883,9.249184,49.356022,33.578243,-0.046863,0.932754,0.050446,0.353878,7.140049,5.284101,41.912964,0.009656,0.958368,0.077429,0.274668,-8.742776,1.483885,-6.361991,-0.046863,0.932754,0.050446,0.353878,16.518406,1.288841,31.713327
328,2.733333,0.005248,0.927147,-0.030797,0.373392,-1.043087,83.337746,20.775980,-0.016960,0.940996,0.041051,0.335491,-0.806347,90.556862,20.391254,0.002601,0.946184,-0.014022,0.323315,-1.793900,107.097603,21.485298,-0.011514,0.969886,0.073091,0.232048,-1.540506,125.204231,21.035122,0.023378,0.986807,-0.091325,0.131627,-1.518541,138.986664,21.345182,0.042642,0.887721,0.068991,0.453181,-4.432712,119.840828,18.964533,0.145838,-0.647362,0.105151,-0.740674,-13.960554,122.089958,5.969651,0.044410,-0.176225,-0.479592,-0.858466,-10.828050,114.365089,-14.840838,-0.153129,-0.125168,0.753713,0.626739,-0.852718,131.227417,-22.046101,-0.087630,0.983830,0.034485,0.152348,1.147733,119.870064,23.281895,0.266793,0.747135,-0.019054,-0.608480,16.412390,122.504440,28.257401,-0.065261,-0.018290,0.487941,-0.870242,19.038601,113.047455,8.102223,0.047778,-0.211128,0.765443,-0.606003,8.307516,130.417618,10.061462,0.050174,0.900998,0.113312,0.415747,-7.403936,83.220703,14.665636,0.092815,0.943375,-0.025679,0.317441,-7.270872,49.325928,6.066588,0.009967,0.958352,0.077497,0.274695,-15.866241,5.256104,5.596175,-0.088502,0.922032,-0.068069,0.370662,5.317763,83.454781,26.886324,-0.015499,0.912697,-0.095041,0.397129,9.260210,49.357819,33.569984,-0.046598,0.932747,0.050559,0.353914,7.141065,5.287900,41.912781,0.009967,0.958352,0.077497,0.274695,-8.744710,1.485386,-6.362663,-0.046598,0.932747,0.050559,0.353914,16.518116,1.292825,31.711870
329,2.741667,0.005247,0.927178,-0.030755,0.373321,-1.040083,83.338547,20.773258,-0.016886,0.940985,0.041078,0.335521,-0.803613,90.557701,20.389084,0.002647,0.946164,-0.013944,0.323375,-1.789134,107.097626,21.484718,-0.010244,0.969871,0.073095,0.232168,-1.535055,125.204315,21.037754,0.022783,0.986857,-0.091347,0.131337,-1.478939,138.986450,21.356129,0.042902,0.887725,0.068579,0.453212,-4.427180,119.841385,18.965851,0.145904,-0.647354,0.105317,-0.740644,-13.953398,122.092018,5.970040,0.044533,-0.176252,-0.479556,-0.858474,-10.822010,114.359901,-14.837927,-0.153369,-0.125101,0.753586,0.626846,-0.846179,131.219269,-22.046227,-0.087532,0.983831,0.034580,0.152375,1.152712,119.869675,23.283937,0.266812,0.747141,-0.018841,-0.608471,16.417660,122.500404,28.260466,-0.065471,-0.018317,0.488095,-0.870139,19.043890,113.048569,8.102888,0.047679,-0.211102,0.765616,-0.605801,8.318653,130.422562,10.067701,0.050146,0.901045,0.113277,0.415659,-7.401877,83.221817,14.663893,0.092829,0.943318,-0.025696,0.317605,-7.268926,49.326302,6.067776,0.009856,0.958375,0.077461,0.274628,-15.865822,5.256787,5.596880,-0.088613,0.922107,-0.068021,0.370459,5.321711,83.455276,26.882626,-0.015384,0.912705,-0.095154,0.397088,9.273984,49.359238,33.565201,-0.046812,0.932739,0.050383,0.353933,7.141708,5.290935,41.913166,0.009856,0.958375,0.077461,0.274628,-8.745003,1.485945,-6.362342,-0.046812,0.932739,0.050383,0.353933,16.520649,1.293556,31.714893
330,2.750000,0.005259,0.927242,-0.030704,0.373165,-1.034708,83.338890,20.771482,-0.016941,0.940989,0.041137,0.335499,-0.798417,90.558090,20.388008,0.002807,0.946158,-0.013901,0.323394,-1.786212,107.096924,21.484814,-0.009984,0.969858,0.073066,0.232242,-1.527152,125.203621,21.041218,0.022765,0.986857,-0.091280,0.131390,-1.463791,138.985703,21.360529,0.043062,0.887727,0.068421,0.453216,-4.420653,119.841858,18.968191,0.145922,-0.647297,0.105572,-0.740654,-13.946319,122.094795,5.972375,0.044648,-0.176364,-0.479588,-0.858427,-10.814051,114.354027,-14.832236,-0.153510,-0.124995,0.753861,0.626502,-0.840741,131.213303,-22.046888,-0.087388,0.983832,0.034714,0.152421,1.159052,119.867828,23.286530,0.266805,0.747102,-0.018789,-0.608524,16.424360,122.493240,28.264761,-0.065675,-0.018191,0.488282,-0.870021,19.047876,113.043449,8.105869,0.047435,-0.211140,0.765597,-0.605831,8.329478,130.422623,10.070731,0.050170,0.901094,0.113240,0.415560,-7.398551,83.222778,14.664243,0.092841,0.943344,-0.025639,0.317531,-7.269148,49.326839,6.069733,0.010661,0.958322,0.077537,0.274761,-15.865480,5.257264,5.594384,-0.088624,0.922106,-0.067955,0.370470,5.329136,83.455009,26.878723,-0.015343,0.912686,-0.095238,0.397112,9.283776,49.358479,33.557381,-0.046038,0.932743,0.050512,0.354006,7.144860,5.291498,41.910629,0.010661,0.958322,0.077537,0.274761,-8.748479,1.482670,-6.365923,-0.046038,0.932743,0.050512,0.354006,16.518812,1.289479,31.709593
331,2.758333,0.005311,0.927279,-0.030774,0.373067,-1.031557,83.340126,20.770695,-0.016913,0.940992,0.041179,0.335488,-0.794226,90.559258,20.386539,0.002900,0.946153,-0.013903,0.323408,-1.781477,107.095886,21.484848,-0.011162,0.969826,0.073229,0.232274,-1.519184,125.202560,21.042265,0.023643,0.986779,-0.091176,0.131893,-1.488384,138.984818,21.358482,0.043221,0.887697,0.068743,0.453211,-4.413573,119.841431,18.968849,0.146252,-0.647236,0.105842,-0.740604,-13.938941,122.103645,5.974427,0.044977,-0.176408,-0.479695,-0.858341,-10.805653,114.344978,-14.823362,-0.153970,-0.124939,0.753749,0.626535,-0.837103,131.204102,-22.045841,-0.087314,0.983819,0.034728,0.152549,1.166001,119.866165,23.287367,0.266882,0.747164,-0.018491,-0.608423,16.430456,122.488976,28.269594,-0.065778,-0.018137,0.488296,-0.870007,19.057646,113.044106,8.108880,0.047155,-0.211112,0.765613,-0.605842,8.340650,130.422012,10.073717,0.050150,0.901195,0.113236,0.415342,-7.396682,83.224464,14.664782,0.092832,0.943385,-0.025644,0.317410,-7.268209,49.328320,6.071068,0.009962,0.958371,0.077418,0.274650,-15.864040,5.258623,5.597422,-0.088628,0.922148,-0.067850,0.370385,5.333568,83.455788,26.876608,-0.015246,0.912698,-0.095369,0.397057,9.291862,49.358318,33.548279,-0.046579,0.932702,0.050427,0.354053,7.140865,5.293310,41.908829,0.009962,0.958371,0.077418,0.274650,-8.743777,1.485856,-6.361521,-0.046579,0.932702,0.050427,0.354053,16.520441,1.294755,31.711601
332,2.766667,0.005422,0.927321,-0.030922,0.372949,-1.032448,83.338036,20.769135,-0.016874,0.941008,0.041270,0.335435,-0.792882,90.557014,20.383566,0.003146,0.946166,-0.013930,0.323367,-1.779897,107.093918,21.485229,-0.011073,0.969843,0.073234,0.232206,-1.508850,125.200523,21.044584,0.023728,0.986795,-0.091134,0.131782,-1.475766,138.982773,21.361454,0.043458,0.887726,0.068532,0.453163,-4.406006,119.841019,18.970819,0.146475,-0.647197,0.106124,-0.740553,-13.932101,122.106895,5.977565,0.045186,-0.176574,-0.479724,-0.858280,-10.799246,114.332893,-14.814563,-0.154469,-0.124796,0.753067,0.627261,-0.834386,131.189758,-22.046703,-0.087425,0.983828,0.034838,0.152397,1.173922,119.862572,23.288897,0.267142,0.747138,-0.018371,-0.608344,16.439262,122.488571,28.266733,-0.065796,-0.018148,0.488412,-0.869940,19.064522,113.038651,8.108130,0.046824,-0.211223,0.765539,-0.605922,8.352689,130.418594,10.073901,0.050059,0.901285,0.113290,0.415144,-7.399110,83.223282,14.664802,0.092867,0.943445,-0.025639,0.317223,-7.265244,49.327366,6.070288,0.010030,0.958340,0.077381,0.274764,-15.863941,5.258226,5.596968,-0.088648,0.922180,-0.067752,0.370319,5.334213,83.452782,26.873466,-0.015241,0.912534,-0.095435,0.397419,9.296840,49.354622,33.539040,-0.046945,0.932684,0.050204,0.354086,7.139771,5.290726,41.903912,0.010030,0.958340,0.077381,0.274764,-8.741626,1.483896,-6.360261,-0.046945,0.932684,0.050204,0.354086,16.522774,1.290257,31.710588
333,2.775000,0.005531,0.927379,-0.030971,0.372799,-1.031869,83.337593,20.768192,-0.016845,0.941022,0.041292,0.335395,-0.790632,90.556511,20.382517,0.003246,0.946169,-0.013906,0.323357,-1.776910,107.092987,21.485220,-0.010895,0.969868,0.073098,0.232150,-1.502749,125.199593,21.046574,0.023909,0.986829,-0.090920,0.131643,-1.464093,138.981873,21.360855,0.043678,0.887754,0.068373,0.453112,-4.400864,119.840813,18.972263,0.146925,-0.647114,0.106205,-0.740525,-13.927853,122.110626,5.980356,0.045539,-0.176618,-0.479868,-0.858172,-10.790959,114.321541,-14.805518,-0.154862,-0.124667,0.752868,0.627427,-0.832599,131.178619,-22.045729,-0.087301,0.983843,0.034946,0.152347,1.179140,119.860931,23.290249,0.267170,0.747194,-0.018201,-0.608269,16.445681,122.482529,28.266726,-0.065930,-0.018224,0.488454,-0.869905,19.074383,113.035690,8.107119,0.046767,-0.211223,0.765587,-0.605866,8.364274,130.416138,10.078367,0.050029,0.901332,0.113289,0.415046,-7.400478,83.224396,14.665868,0.092859,0.943462,-0.025601,0.317178,-7.265689,49.328251,6.072278,0.009915,0.958372,0.077289,0.274685,-15.862692,5.258808,5.596392,-0.088656,0.922218,-0.067715,0.370228,5.336741,83.450790,26.870520,-0.015182,0.912564,-0.095478,0.397342,9.301535,49.352379,33.533535,-0.046882,0.932654,0.050238,0.354167,7.138737,5.289078,41.900009,0.009915,0.958372,0.077289,0.274685,-8.741517,1.482873,-6.361009,-0.046882,0.932654,0.050238,0.354167,16.523001,1.288881,31.707747
334,2.783333,0.005539,0.927443,-0.031056,0.372630,-1.029422,83.338837,20.767885,-0.016847,0.941037,0.041319,0.335347,-0.787688,90.557671,20.381065,0.003430,0.946174,-0.013861,0.323343,-1.774113,107.091354,21.484447,-0.010789,0.969877,0.073029,0.232139,-1.494164,125.197960,21.049515,0.024067,0.986842,-0.090764,0.131627,-1.452259,138.980270,21.362623,0.043751,0.887736,0.068409,0.453135,-4.394047,119.840538,18.974178,0.147232,-0.647169,0.106241,-0.740411,-13.920135,122.113037,5.982083,0.045821,-0.176569,-0.479896,-0.858151,-10.786787,114.314011,-14.800593,-0.155248,-0.124541,0.752819,0.627416,-0.828885,131.169617,-22.044600,-0.087231,0.983831,0.034983,0.152457,1.186072,119.857979,23.292025,0.267325,0.747223,-0.017794,-0.608177,16.451910,122.476982,28.271997,-0.066013,-0.018234,0.488549,-0.869845,19.081911,113.035759,8.109930,0.046649,-0.211049,0.765587,-0.605936,8.375951,130.417816,10.083329,0.049992,0.901520,0.113346,0.414626,-7.400239,83.225304,14.667874,0.092867,0.943496,-0.025596,0.317074,-7.265447,49.329803,6.071726,0.010029,0.958359,0.077307,0.274719,-15.862967,5.260458,5.596117,-0.088628,0.922256,-0.067693,0.370144,5.341395,83.452362,26.867897,-0.015184,0.912497,-0.095535,0.397482,9.305544,49.353390,33.528416,-0.046836,0.932653,0.050224,0.354179,7.139586,5.291059,41.899216,0.010029,0.958359,0.077307,0.274719,-8.741956,1.484161,-6.361264,-0.046836,0.932653,0.050224,0.354179,16.523674,1.290039,31.707117
335,2.791667,0.005505,0.927500,-0.031013,0.372495,-1.026242,83.341171,20.767508,-0.016776,0.941050,0.041321,0.335314,-0.785259,90.560059,20.381054,0.003459,0.946175,-0.013844,0.323341,-1.769318,107.091187,21.485167,-0.010658,0.969864,0.073158,0.232160,-1.488591,125.197807,21.051130,0.024259,0.986835,-0.090791,0.131627,-1.443976,138.980011,21.368546,0.043784,0.887759,0.068353,0.453095,-4.388710,119.840607,18.975534,0.147596,-0.647186,0.106135,-0.740338,-13.915894,122.113167,5.984250,0.046183,-0.176461,-0.479920,-0.858141,-10.782539,114.307335,-14.795873,-0.155594,-0.124487,0.752798,0.627367,-0.824351,131.160553,-22.042994,-0.087004,0.983817,0.035103,0.152653,1.191421,119.857597,23.293369,0.267176,0.747241,-0.017766,-0.608221,16.456600,122.468483,28.279627,-0.066276,-0.018125,0.488692,-0.869747,19.087736,113.032791,8.115127,0.046615,-0.210978,0.765630,-0.605910,8.386506,130.419495,10.090403,0.050120,0.901467,0.113286,0.414743,-7.398853,83.227448,14.669371,0.092794,0.943482,-0.025563,0.317139,-7.272733,49.331902,6.073287,0.009903,0.958369,0.077287,0.274696,-15.863204,5.261195,5.596416,-0.088667,0.922257,-0.067678,0.370135,5.346369,83.454887,26.865643,-0.015140,0.912482,-0.095617,0.397498,9.313507,49.356262,33.526169,-0.046706,0.932673,0.050236,0.354142,7.140896,5.295220,41.902004,0.009903,0.958369,0.077287,0.274696,-8.741662,1.485276,-6.360771,-0.046706,0.932673,0.050236,0.354142,16.523048,1.293125,31.708544
336,2.800000,0.005426,0.927577,-0.030893,0.372312,-1.020812,83.343163,20.765400,-0.016758,0.941057,0.041329,0.335295,-0.781615,90.562164,20.380072,0.003596,0.946164,-0.013819,0.323372,-1.765002,107.090546,21.484480,-0.010576,0.969858,0.073302,0.232144,-1.479864,125.197151,21.052917,0.024480,0.986847,-0.090724,0.131542,-1.433996,138.979248,21.374708,0.043747,0.887793,0.068373,0.453028,-4.381134,119.840942,18.976395,0.146758,-0.647030,0.107289,-0.740475,-13.910387,122.112633,5.986479,0.045709,-0.176825,-0.479851,-0.858129,-10.779021,114.293198,-14.788824,-0.155864,-0.124308,0.752813,0.627317,-0.820717,131.151199,-22.041288,-0.086822,0.983817,0.035410,0.152680,1.198699,119.855988,23.294619,0.267275,0.747376,-0.017050,-0.608032,16.464636,122.459503,28.282410,-0.066230,-0.018443,0.488521,-0.869839,19.103714,113.038506,8.112078,0.046712,-0.210940,0.765819,-0.605677,8.396457,130.419617,10.097319,0.050122,0.901503,0.113270,0.414670,-7.395832,83.229027,14.669791,0.092781,0.943478,-0.025580,0.317155,-7.271047,49.333229,6.074662,0.009938,0.958392,0.077299,0.274611,-15.860876,5.262381,5.599453,-0.088636,0.922300,-0.067719,0.370028,5.354208,83.457291,26.861010,-0.015096,0.912430,-0.095660,0.397609,9.319036,49.358673,33.522953,-0.046575,0.932634,0.050252,0.354259,7.140227,5.298251,41.900452,0.009938,0.958392,0.077299,0.274611,-8.741664,1.486620,-6.359170,-0.046575,0.932634,0.050252,0.354259,16.523779,1.295289,31.708618
337,2.808333,0.005475,0.927633,-0.030937,0.372170,-1.020853,83.342827,20.765266,-0.016719,0.941077,0.041404,0.335232,-0.780814,90.561783,20.379581,0.003699,0.946177,-0.013830,0.323333,-1.763680,107.089188,21.486752,-0.010005,0.969874,0.073142,0.232151,-1.474879,125.195755,21.056021,0.024339,0.986882,-0.090568,0.131413,-1.412695,138.977798,21.377171,0.043796,0.887795,0.068264,0.453036,-4.377411,119.840225,18.979477,0.148115,-0.647137,0.106136,-0.740277,-13.906297,122.111748,5.989254,0.046609,-0.176533,-0.479985,-0.858067,-10.770080,114.291443,-14.785001,-0.155953,-0.124207,0.752672,0.627484,-0.816639,131.140381,-22.042030,-0.086674,0.983828,0.035367,0.152709,1.202776,119.853935,23.297253,0.267385,0.747389,-0.016808,-0.607974,16.469271,122.452927,28.285725,-0.066224,-0.018592,0.488571,-0.869809,19.108889,113.034737,8.114140,0.046764,-0.210998,0.765886,-0.605567,8.403729,130.416733,10.104727,0.050088,0.901649,0.113347,0.414334,-7.397738,83.229294,14.671594,0.092768,0.943497,-0.025585,0.317100,-7.271709,49.334492,6.072577,0.009936,0.958393,0.077230,0.274626,-15.860648,5.263453,5.598596,-0.088604,0.922353,-0.067696,0.369908,5.356032,83.456352,26.858940,-0.015127,0.912322,-0.095697,0.397846,9.320311,49.357121,33.518059,-0.046532,0.932633,0.050268,0.354265,7.140554,5.297413,41.899071,0.009936,0.958393,0.077230,0.274626,-8.741255,1.485823,-6.359334,-0.046532,0.932633,0.050268,0.354265,16.523903,1.294415,31.707060
338,2.816667,0.005538,0.927668,-0.031043,0.372071,-1.022064,83.340584,20.765663,-0.016502,0.941103,0.041491,0.335159,-0.780653,90.559433,20.378872,0.003634,0.946198,-0.013941,0.323266,-1.757646,107.086945,21.491241,-0.009715,0.969868,0.073127,0.232192,-1.469807,125.193420,21.055927,0.024364,0.986890,-0.090392,0.131469,-1.399701,138.975388,21.378555,0.043958,0.887804,0.068170,0.453017,-4.372366,119.837234,18.981140,0.148250,-0.647064,0.106358,-0.740282,-13.901361,122.112015,5.991575,0.046661,-0.176680,-0.480059,-0.857992,-10.763034,114.280907,-14.778277,-0.155961,-0.124008,0.752838,0.627322,-0.813845,131.131851,-22.041845,-0.086616,0.983821,0.035379,0.152781,1.208431,119.852303,23.298119,0.268106,0.747489,-0.015563,-0.607566,16.474537,122.449265,28.288820,-0.065756,-0.019017,0.488396,-0.869933,19.119074,113.039932,8.113755,0.046593,-0.211009,0.766174,-0.605212,8.410663,130.412415,10.109192,0.050096,0.901666,0.113378,0.414287,-7.400232,83.227448,14.673330,0.092731,0.943485,-0.025574,0.317147,-7.274288,49.333179,6.072197,0.009974,0.958398,0.077211,0.274614,-15.859774,5.261472,5.597980,-0.088615,0.922396,-0.067618,0.369811,5.356105,83.453720,26.857996,-0.015093,0.912353,-0.095749,0.397764,9.323814,49.353889,33.511986,-0.046894,0.932614,0.050074,0.354295,7.140162,5.294985,41.896202,0.009974,0.958398,0.077211,0.274614,-8.741081,1.483062,-6.360118,-0.046894,0.932614,0.050074,0.354295,16.526911,1.290775,31.707800
339,2.825000,0.005640,0.927708,-0.031191,0.371958,-1.023507,83.339760,20.767319,-0.016464,0.941121,0.041519,0.335105,-0.779974,90.558456,20.379061,0.003743,0.946211,-0.013987,0.323226,-1.755998,107.085243,21.492729,-0.009396,0.969857,0.073175,0.232240,-1.463901,125.191643,21.057085,0.024371,0.986888,-0.090360,0.131500,-1.385475,138.973495,21.383076,0.044009,0.887813,0.068094,0.453005,-4.367898,119.836105,18.982624,0.148475,-0.647026,0.106392,-0.740266,-13.897075,122.111237,5.993256,0.046809,-0.176741,-0.480103,-0.857947,-10.756885,114.272812,-14.773557,-0.156092,-0.123879,0.752709,0.627469,-0.810602,131.122849,-22.041872,-0.086591,0.983860,0.035564,0.152499,1.213251,119.849922,23.299152,0.268216,0.747457,-0.015613,-0.607556,16.482288,122.445595,28.281528,-0.065876,-0.019168,0.488481,-0.869873,19.124702,113.031601,8.108361,0.046446,-0.211102,0.766036,-0.605366,8.419754,130.405731,10.111795,0.050047,0.901750,0.113433,0.414095,-7.403136,83.227386,14.676502,0.092749,0.943570,-0.025509,0.316895,-7.274263,49.333660,6.073300,0.009869,0.958389,0.077077,0.274687,-15.859522,5.261951,5.595389,-0.088542,0.922498,-0.067534,0.369591,5.356122,83.452126,26.858135,-0.015186,0.912096,-0.095763,0.398347,9.322951,49.350586,33.503922,-0.046920,0.932595,0.050015,0.354349,7.141081,5.292180,41.891228,0.009869,0.958389,0.077077,0.274687,-8.738490,1.480617,-6.360386,-0.046920,0.932595,0.050015,0.354349,16.529089,1.286752,31.704468
340,2.833333,0.005721,0.927749,-0.031202,0.371855,-1.024351,83.340248,20.767719,-0.016338,0.941133,0.041553,0.335074,-0.779716,90.558929,20.379721,0.003767,0.946214,-0.014064,0.323215,-1.752087,107.084694,21.495819,-0.009334,0.969835,0.073249,0.232311,-1.458283,125.190994,21.057816,0.024524,0.986876,-0.090249,0.131641,-1.378604,138.972778,21.386248,0.044101,0.887853,0.068032,0.452928,-4.362836,119.835472,18.984118,0.148738,-0.647032,0.106296,-0.740222,-13.894028,122.112206,5.996508,0.047020,-0.176732,-0.480050,-0.857967,-10.753229,114.269470,-14.768590,-0.156224,-0.123648,0.752657,0.627545,-0.805067,131.115891,-22.040581,-0.086351,0.983840,0.035465,0.152789,1.218414,119.849327,23.300514,0.268231,0.747458,-0.015471,-0.607552,16.485926,122.437408,28.291515,-0.066048,-0.018965,0.488623,-0.869785,19.128223,113.026764,8.116765,0.046149,-0.211052,0.766179,-0.605225,8.429611,130.403091,10.116576,0.050044,0.901778,0.113493,0.414018,-7.405321,83.229195,14.678280,0.092733,0.943614,-0.025509,0.316768,-7.275257,49.336380,6.071477,0.010014,0.958400,0.077015,0.274659,-15.859267,5.264410,5.595103,-0.088536,0.922537,-0.067452,0.369510,5.356618,83.451309,26.857159,-0.015164,0.912124,-0.095844,0.398263,9.325835,49.348919,33.497143,-0.046627,0.932581,0.050133,0.354409,7.139973,5.291843,41.890388,0.010014,0.958400,0.077015,0.274659,-8.740386,1.480399,-6.361110,-0.046627,0.932581,0.050133,0.354409,16.526932,1.286463,31.702641
341,2.841667,0.005704,0.927805,-0.031134,0.371720,-1.023446,83.339996,20.769039,-0.016322,0.941158,0.041556,0.335006,-0.779465,90.558739,20.381826,0.003839,0.946229,-0.014098,0.323167,-1.751313,107.085052,21.498295,-0.009294,0.969827,0.073366,0.232306,-1.454668,125.191307,21.059967,0.024798,0.986866,-0.090234,0.131675,-1.374670,138.973007,21.391796,0.044047,0.887846,0.068055,0.452944,-4.360280,119.836212,18.986647,0.148732,-0.647050,0.106403,-0.740191,-13.891164,122.111771,5.998609,0.047023,-0.176766,-0.479989,-0.857993,-10.752472,114.265732,-14.765553,-0.156283,-0.123602,0.752527,0.627695,-0.802616,131.110031,-22.038734,-0.086236,0.983853,0.035554,0.152751,1.221401,119.849243,23.302488,0.268312,0.747510,-0.015298,-0.607457,16.489939,122.433281,28.292442,-0.066270,-0.018876,0.488662,-0.869748,19.135479,113.024094,8.117443,0.045708,-0.210950,0.766018,-0.605497,8.438415,130.400879,10.118595,0.050097,0.901844,0.113518,0.413861,-7.406191,83.229187,14.681461,0.092672,0.943530,-0.025526,0.317034,-7.280208,49.337154,6.071511,0.009871,0.958399,0.077025,0.274665,-15.859407,5.264237,5.595934,-0.088523,0.922577,-0.067465,0.369411,5.359301,83.450806,26.856617,-0.015136,0.912225,-0.095893,0.398021,9.328033,49.348385,33.496712,-0.046684,0.932595,0.050172,0.354360,7.140416,5.292082,41.893555,0.009871,0.958399,0.077025,0.274665,-8.739080,1.481504,-6.359820,-0.046684,0.932595,0.050172,0.354360,16.526911,1.288252,31.704775
342,2.850000,0.005659,0.927847,-0.031051,0.371623,-1.022075,83.340431,20.770163,-0.016270,0.941174,0.041525,0.334966,-0.779179,90.559258,20.383801,0.003887,0.946237,-0.014078,0.323143,-1.749024,107.085869,21.499950,-0.008979,0.969809,0.073397,0.232383,-1.450985,125.192139,21.062860,0.024834,0.986859,-0.090187,0.131754,-1.362638,138.973724,21.397621,0.044047,0.887847,0.068076,0.452939,-4.357118,119.837402,18.989309,0.148808,-0.647101,0.106375,-0.740136,-13.888143,122.113251,6.001419,0.047158,-0.176739,-0.479884,-0.858051,-10.752128,114.265846,-14.762638,-0.156313,-0.123611,0.752577,0.627626,-0.798010,131.105972,-22.037512,-0.086226,0.983849,0.035718,0.152741,1.224777,119.849709,23.304880,0.268401,0.747485,-0.015280,-0.607449,16.493473,122.432640,28.294930,-0.066351,-0.018860,0.488838,-0.869644,19.137318,113.021278,8.120719,0.045715,-0.210911,0.766127,-0.605373,8.447070,130.402557,10.123350,0.050137,0.901895,0.113523,0.413745,-7.406102,83.229492,14.683928,0.092616,0.943537,-0.025526,0.317031,-7.283656,49.337814,6.072544,0.009961,0.958401,0.077092,0.274636,-15.858212,5.263981,5.598552,-0.088542,0.922614,-0.067497,0.369307,5.361952,83.451370,26.856400,-0.015131,0.912260,-0.095925,0.397935,9.331820,49.349487,33.498604,-0.046725,0.932632,0.050155,0.354257,7.143381,5.293727,41.898094,0.009961,0.958401,0.077092,0.274636,-8.739188,1.482450,-6.358362,-0.046725,0.932632,0.050155,0.354257,16.528009,1.289816,31.707621
343,2.858333,0.005689,0.927878,-0.031024,0.371547,-1.022079,83.339676,20.769655,-0.016219,0.941182,0.041581,0.334938,-0.778956,90.558525,20.383791,0.003941,0.946242,-0.014087,0.323128,-1.747823,107.085396,21.502291,-0.008945,0.969817,0.073320,0.232379,-1.447812,125.191643,21.065536,0.025107,0.986861,-0.090054,0.131774,-1.358070,138.973267,21.398418,0.044084,0.887852,0.068072,0.452926,-4.354593,119.837273,18.991970,0.148860,-0.647147,0.106428,-0.740078,-13.885891,122.114120,6.004460,0.047257,-0.176755,-0.479807,-0.858085,-10.753023,114.263390,-14.758812,-0.156457,-0.123568,0.752449,0.627752,-0.796321,131.100174,-22.036154,-0.086025,0.983875,0.035587,0.152718,1.227431,119.848869,23.307375,0.268114,0.747445,-0.015693,-0.607614,16.497480,122.426117,28.296221,-0.066643,-0.018664,0.488979,-0.869546,19.139236,113.013496,8.122323,0.045646,-0.210974,0.766176,-0.605294,8.452974,130.400513,10.124379,0.050171,0.901920,0.113516,0.413687,-7.407092,83.229454,14.684443,0.092590,0.943526,-0.025522,0.317071,-7.287522,49.337902,6.072506,0.009837,0.958381,0.077077,0.274716,-15.859717,5.263609,5.598568,-0.088521,0.922626,-0.067490,0.369283,5.362934,83.449905,26.854866,-0.015145,0.912200,-0.095948,0.398065,9.331796,49.347691,33.495949,-0.046676,0.932625,0.050216,0.354274,7.142537,5.292353,41.897461,0.009837,0.958381,0.077077,0.274716,-8.737686,1.482479,-6.356678,-0.046676,0.932625,0.050216,0.354274,16.527227,1.289520,31.706625
344,2.866667,0.005756,0.927897,-0.031132,0.371491,-1.025471,83.338860,20.772436,-0.016149,0.941191,0.041584,0.334918,-0.780905,90.557594,20.385473,0.004036,0.946246,-0.014123,0.323114,-1.747530,107.083405,21.504810,-0.008864,0.969814,0.073362,0.232379,-1.443846,125.189575,21.067905,0.025325,0.986856,-0.090061,0.131772,-1.352210,138.971130,21.402435,0.044230,0.887845,0.068049,0.452929,-4.351775,119.835785,18.994465,0.148660,-0.647112,0.106851,-0.740088,-13.882576,122.116493,6.007263,0.047206,-0.176844,-0.479707,-0.858126,-10.751717,114.257729,-14.753276,-0.156690,-0.123447,0.752343,0.627844,-0.790966,131.094238,-22.033873,-0.085927,0.983885,0.035513,0.152726,1.230372,119.846283,23.309711,0.268201,0.747463,-0.015561,-0.607556,16.500891,122.420761,28.298553,-0.066652,-0.018608,0.489022,-0.869522,19.143684,113.008606,8.124575,0.045541,-0.210930,0.766093,-0.605422,8.460238,130.394852,10.124692,0.050119,0.901945,0.113558,0.413627,-7.411207,83.229042,14.687976,0.092574,0.943542,-0.025480,0.317033,-7.287663,49.337788,6.074915,0.009812,0.958404,0.077058,0.274641,-15.857408,5.263045,5.598239,-0.088463,0.922660,-0.067457,0.369219,5.360266,83.448669,26.856895,-0.015168,0.912263,-0.095924,0.397925,9.326744,49.345432,33.494141,-0.046761,0.932579,0.050165,0.354393,7.141484,5.289757,41.894913,0.009812,0.958404,0.077058,0.274641,-8.737028,1.481640,-6.357907,-0.046761,0.932579,0.050165,0.354393,16.529364,1.286595,31.707144
345,2.875000,0.005840,0.927916,-0.031220,0.371435,-1.028022,83.337387,20.773932,-0.016090,0.941211,0.041581,0.334865,-0.781872,90.556030,20.386219,0.004063,0.946264,-0.014159,0.323059,-1.746516,107.081139,21.506123,-0.007867,0.969797,0.073499,0.232443,-1.441519,125.187263,21.068300,0.024964,0.986881,-0.090154,0.131585,-1.323980,138.968384,21.412941,0.044299,0.887829,0.068043,0.452954,-4.350088,119.833603,18.995453,0.148693,-0.647140,0.106931,-0.740044,-13.879935,122.116241,6.007896,0.047181,-0.176860,-0.479654,-0.858153,-10.751515,114.253876,-14.751640,-0.156733,-0.123319,0.752211,0.628017,-0.789526,131.088089,-22.031910,-0.085895,0.983918,0.035664,0.152498,1.232554,119.843887,23.310059,0.268574,0.747427,-0.015119,-0.607447,16.505514,122.416946,28.292143,-0.066433,-0.018924,0.489014,-0.869537,19.145264,113.004875,8.117737,0.045616,-0.210858,0.766194,-0.605314,8.462254,130.389954,10.124660,0.050132,0.901989,0.113600,0.413520,-7.414471,83.228401,14.690206,0.092543,0.943579,-0.025454,0.316931,-7.291562,49.337910,6.074151,0.009888,0.958398,0.076984,0.274679,-15.858025,5.262530,5.597118,-0.088395,0.922725,-0.067476,0.369069,5.358427,83.446381,26.857658,-0.015159,0.912472,-0.095896,0.397453,9.321136,49.342464,33.493702,-0.046875,0.932570,0.050101,0.354410,7.140451,5.286276,41.892960,0.009888,0.958398,0.076984,0.274679,-8.737625,1.478548,-6.358197,-0.046875,0.932570,0.050101,0.354410,16.529572,1.282660,31.706512
346,2.883333,0.005925,0.927936,-0.031268,0.371378,-1.030710,83.336426,20.774164,-0.016072,0.941223,0.041616,0.334826,-0.783179,90.555016,20.386255,0.004175,0.946277,-0.014193,0.323020,-1.747563,107.079483,21.507429,-0.007787,0.969789,0.073562,0.232462,-1.438332,125.185539,21.069731,0.025128,0.986868,-0.090168,0.131643,-1.319033,138.966583,21.416573,0.044511,0.887868,0.067913,0.452876,-4.348328,119.832573,18.997068,0.148534,-0.647107,0.107183,-0.740069,-13.879888,122.119308,6.011483,0.047155,-0.176918,-0.479521,-0.858217,-10.751952,114.253304,-14.746754,-0.156774,-0.123245,0.752238,0.627990,-0.784772,131.085449,-22.029400,-0.085815,0.983918,0.035783,0.152514,1.234658,119.841515,23.311235,0.268284,0.747377,-0.015567,-0.607625,16.507908,122.411407,28.294081,-0.066613,-0.018795,0.489100,-0.869477,19.144934,112.997307,8.120258,0.045703,-0.210939,0.766370,-0.605056,8.464241,130.386047,10.126557,0.050159,0.901991,0.113582,0.413516,-7.417888,83.228561,14.691180,0.092481,0.943612,-0.025396,0.316859,-7.297213,49.337967,6.075469,0.009900,0.958403,0.077001,0.274658,-15.856874,5.261293,5.595989,-0.088364,0.922779,-0.067511,0.368934,5.356468,83.444290,26.857149,-0.015143,0.912485,-0.095850,0.397434,9.317253,49.340336,33.494133,-0.046918,0.932540,0.050111,0.354480,7.137126,5.283311,41.889145,0.009900,0.958403,0.077001,0.274658,-8.737031,1.477723,-6.359791,-0.046918,0.932540,0.050111,0.354480,16.528141,1.280449,31.704145
347,2.891667,0.005946,0.927959,-0.031260,0.371321,-1.032467,83.338234,20.774908,-0.016035,0.941233,0.041620,0.334799,-0.784721,90.556824,20.387203,0.004271,0.946284,-0.014176,0.322997,-1.747842,107.079231,21.508827,-0.007645,0.969771,0.073600,0.232527,-1.435532,125.185272,21.072832,0.025210,0.986847,-0.090208,0.131758,-1.312580,138.966232,21.421667,0.044537,0.887862,0.067975,0.452876,-4.346538,119.833008,18.999794,0.148437,-0.647200,0.107251,-0.739998,-13.878020,122.121414,6.014444,0.047111,-0.176906,-0.479360,-0.858312,-10.756107,114.255714,-14.744815,-0.156820,-0.123133,0.752170,0.628081,-0.783084,131.082993,-22.025923,-0.085773,0.983915,0.035843,0.152546,1.236645,119.840584,23.313709,0.268386,0.747310,-0.015432,-0.607666,16.509813,122.408798,28.297668,-0.066530,-0.018846,0.489195,-0.869429,19.142164,112.995743,8.122742,0.045826,-0.210896,0.766520,-0.604872,8.465538,130.386551,10.129362,0.050183,0.902003,0.113544,0.413497,-7.420396,83.230804,14.692704,0.092426,0.943617,-0.025354,0.316863,-7.302576,49.339787,6.078648,0.009888,0.958409,0.077042,0.274626,-15.856409,5.262005,5.597095,-0.088337,0.922749,-0.067522,0.369015,5.355462,83.445671,26.857111,-0.015197,0.912596,-0.095855,0.397178,9.313684,49.341480,33.494419,-0.046813,0.932566,0.050163,0.354419,7.140134,5.284685,41.892361,0.009888,0.958409,0.077042,0.274626,-8.737113,1.479631,-6.359390,-0.046813,0.932566,0.050163,0.354419,16.529032,1.282030,31.705328
348,2.900000,0.005936,0.927981,-0.031153,0.371275,-1.033843,83.339828,20.774624,-0.016012,0.941236,0.041598,0.334796,-0.786831,90.558517,20.388285,0.004376,0.946282,-0.014138,0.323004,-1.748971,107.080444,21.509432,-0.008546,0.969773,0.073538,0.232506,-1.433514,125.186501,21.075954,0.026004,0.986794,-0.090098,0.132072,-1.334319,138.967850,21.417370,0.044568,0.887884,0.068074,0.452816,-4.345410,119.835022,19.002121,0.148348,-0.647300,0.107265,-0.739925,-13.878576,122.125664,6.018403,0.047115,-0.176886,-0.479132,-0.858443,-10.762637,114.261734,-14.742424,-0.156737,-0.123203,0.752064,0.628216,-0.781096,131.081985,-22.022768,-0.085805,0.983908,0.035765,0.152587,1.237696,119.841026,23.316135,0.268836,0.747229,-0.015015,-0.607578,16.510275,122.410583,28.301216,-0.066230,-0.018999,0.489359,-0.869357,19.136576,112.994873,8.126741,0.045940,-0.210906,0.766619,-0.604734,8.467790,130.388184,10.133012,0.050175,0.902049,0.113497,0.413410,-7.422371,83.232948,14.693040,0.092373,0.943659,-0.025302,0.316758,-7.306242,49.341133,6.082098,0.009931,0.958427,0.077116,0.274541,-15.854173,5.262226,5.598651,-0.088320,0.922769,-0.067622,0.368951,5.354686,83.446709,26.856209,-0.015237,0.912579,-0.095817,0.397223,9.309670,49.343254,33.499229,-0.046511,0.932587,0.050394,0.354371,7.140382,5.285913,41.895390,0.009931,0.958427,0.077116,0.274541,-8.737120,1.481614,-6.359726,-0.046511,0.932587,0.050394,0.354371,16.526094,1.286016,31.704336
349,2.908333,0.005911,0.927994,-0.031136,0.371244,-1.034934,83.340729,20.775372,-0.015923,0.941254,0.041558,0.334754,-0.788363,90.559433,20.389124,0.004413,0.946300,-0.014089,0.322952,-1.747118,107.080017,21.509943,-0.008610,0.969756,0.073642,0.232542,-1.430967,125.186111,21.078558,0.026242,0.986764,-0.090128,0.132232,-1.334126,138.967407,21.422396,0.044687,0.887921,0.068028,0.452738,-4.343306,119.834991,19.004412,0.148210,-0.647337,0.107375,-0.739905,-13.878408,122.128296,6.022584,0.047104,-0.176861,-0.479000,-0.858522,-10.765665,114.264610,-14.738811,-0.156798,-0.123289,0.751958,0.628310,-0.779078,131.080872,-22.017950,-0.085476,0.983886,0.035844,0.152895,1.240267,119.840263,23.317823,0.268761,0.747188,-0.014715,-0.607669,16.511625,122.398460,28.312475,-0.066289,-0.018909,0.489455,-0.869300,19.134787,112.993835,8.132418,0.045963,-0.210818,0.766761,-0.604583,8.470002,130.389221,10.136844,0.050154,0.902136,0.113432,0.413241,-7.423874,83.233574,14.694225,0.092355,0.943665,-0.025228,0.316751,-7.309977,49.340569,6.087944,0.009795,0.958425,0.077169,0.274537,-15.854367,5.261040,5.598819,-0.088322,0.922802,-0.067689,0.368854,5.354007,83.447876,26.856518,-0.015271,0.912604,-0.095782,0.397174,9.308041,49.345085,33.503479,-0.046854,0.932613,0.050261,0.354276,7.143193,5.287239,41.898148,0.009795,0.958425,0.077169,0.274537,-8.736025,1.482841,-6.359553,-0.046854,0.932613,0.050261,0.354276,16.529612,1.287411,31.707722
350,2.916667,0.005950,0.928011,-0.031175,0.371197,-1.038371,83.341202,20.776224,-0.015868,0.941255,0.041603,0.334748,-0.791081,90.559860,20.389656,0.004480,0.946299,-0.014088,0.322956,-1.748591,107.079933,21.512472,-0.008217,0.969755,0.073609,0.232570,-1.430170,125.186012,21.081913,0.026207,0.986770,-0.090191,0.132149,-1.322535,138.967194,21.427378,0.044830,0.887963,0.067950,0.452654,-4.343160,119.835350,19.007496,0.148161,-0.647373,0.107422,-0.739876,-13.880326,122.131500,6.027688,0.047106,-0.176829,-0.478841,-0.858617,-10.770136,114.267555,-14.733993,-0.156780,-0.123308,0.751815,0.628482,-0.777638,131.078583,-22.011789,-0.085426,0.983902,0.035840,0.152820,1.240373,119.839729,23.320961,0.268882,0.747058,-0.014850,-0.607772,16.512753,122.396492,28.313217,-0.066395,-0.018856,0.489688,-0.869161,19.127373,112.985649,8.134956,0.045818,-0.210742,0.766739,-0.604648,8.471807,130.386765,10.140160,0.050196,0.902092,0.113475,0.413321,-7.427915,83.234467,14.695704,0.092307,0.943676,-0.025240,0.316730,-7.314570,49.342434,6.085564,0.009803,0.958423,0.077117,0.274557,-15.855280,5.262166,5.599009,-0.088300,0.922759,-0.067709,0.368964,5.351171,83.447937,26.856745,-0.015336,0.912623,-0.095773,0.397129,9.302450,49.345062,33.504944,-0.046592,0.932634,0.050423,0.354233,7.143707,5.287242,41.901302,0.009803,0.958423,0.077117,0.274557,-8.736671,1.482473,-6.358732,-0.046592,0.932634,0.050423,0.354233,16.527241,1.288852,31.707657
351,2.925000,0.006013,0.928007,-0.031235,0.371202,-1.043090,83.340660,20.777004,-0.015807,0.941265,0.041607,0.334723,-0.794628,90.559258,20.389969,0.004585,0.946312,-0.014089,0.322914,-1.750255,107.079277,21.513613,-0.008139,0.969781,0.073529,0.232491,-1.428234,125.185326,21.084240,0.026410,0.986783,-0.090180,0.132024,-1.318100,138.966522,21.428003,0.044930,0.887970,0.067954,0.452628,-4.342472,119.835373,19.009708,0.148041,-0.647430,0.107555,-0.739832,-13.880099,122.134422,6.030758,0.047028,-0.176765,-0.478706,-0.858710,-10.774465,114.269402,-14.731194,-0.156890,-0.123337,0.751518,0.628804,-0.775690,131.077942,-22.005486,-0.085207,0.983905,0.035865,0.152920,1.241423,119.838348,23.322704,0.268900,0.746987,-0.014711,-0.607854,16.514013,122.387863,28.318012,-0.066448,-0.018833,0.489789,-0.869101,19.123735,112.980995,8.137265,0.045692,-0.210790,0.766889,-0.604451,8.472243,130.384369,10.142893,0.050178,0.902103,0.113500,0.413291,-7.432556,83.234558,14.696396,0.092277,0.943719,-0.025211,0.316613,-7.317638,49.342796,6.085227,0.009929,0.958416,0.077100,0.274584,-15.855028,5.261886,5.598097,-0.088282,0.922846,-0.067715,0.368750,5.346377,83.446754,26.857615,-0.015334,0.912699,-0.095731,0.396964,9.297884,49.343704,33.504780,-0.046835,0.932616,0.050235,0.354274,7.141937,5.285156,41.898052,0.009929,0.958416,0.077100,0.274584,-8.736966,1.480845,-6.359541,-0.046835,0.932616,0.050235,0.354274,16.528088,1.284481,31.707716
352,2.933333,0.006008,0.928005,-0.031313,0.371200,-1.047035,83.337692,20.779053,-0.015787,0.941274,0.041619,0.334697,-0.798235,90.556221,20.390938,0.004735,0.946324,-0.014159,0.322873,-1.753368,107.076942,21.515249,-0.008047,0.969781,0.073584,0.232479,-1.425413,125.182854,21.085205,0.026510,0.986778,-0.090206,0.132017,-1.313199,138.963989,21.431017,0.045044,0.888000,0.067944,0.452560,-4.341585,119.833801,19.011105,0.147964,-0.647530,0.107555,-0.739759,-13.880888,122.135887,6.033918,0.046948,-0.176669,-0.478499,-0.858850,-10.781086,114.272758,-14.729627,-0.156776,-0.123376,0.751378,0.628993,-0.772616,131.077499,-21.999508,-0.085193,0.983908,0.035819,0.152922,1.242665,119.835091,23.323641,0.269063,0.746912,-0.014588,-0.607878,16.515327,122.384384,28.318861,-0.066469,-0.018886,0.489873,-0.869051,19.119831,112.976303,8.138007,0.045495,-0.210755,0.766977,-0.604366,8.472340,130.380615,10.146045,0.050165,0.902101,0.113540,0.413288,-7.436527,83.230988,14.698479,0.092268,0.943746,-0.025196,0.316535,-7.319673,49.339783,6.085146,0.009768,0.958423,0.077084,0.274567,-15.855924,5.258656,5.597733,-0.088233,0.922856,-0.067741,0.368731,5.342457,83.444397,26.859627,-0.015386,0.912739,-0.095655,0.396888,9.290305,49.340996,33.507137,-0.046822,0.932615,0.050304,0.354270,7.142106,5.281291,41.896309,0.009768,0.958423,0.077084,0.274567,-8.736861,1.478317,-6.359534,-0.046822,0.932615,0.050304,0.354270,16.528202,1.282242,31.705278
353,2.941667,0.006042,0.927991,-0.031284,0.371239,-1.051344,83.337448,20.779381,-0.015756,0.941279,0.041594,0.334688,-0.802218,90.556000,20.391855,0.004825,0.946335,-0.014136,0.322843,-1.756152,107.077576,21.515804,-0.007834,0.969784,0.073557,0.232479,-1.425391,125.183487,21.087595,0.026595,0.986780,-0.090214,0.131986,-1.307297,138.964554,21.434044,0.045065,0.887984,0.067901,0.452597,-4.342525,119.835106,19.013124,0.147822,-0.647647,0.107555,-0.739685,-13.880684,122.137238,6.035109,0.046760,-0.176567,-0.478330,-0.858975,-10.787659,114.277802,-14.730848,-0.156663,-0.123377,0.751197,0.629236,-0.771695,131.079285,-21.993361,-0.085039,0.983910,0.035826,0.152991,1.241987,119.835068,23.325323,0.269173,0.746829,-0.014542,-0.607931,16.514805,122.379318,28.322618,-0.066441,-0.018856,0.490047,-0.868956,19.113733,112.969757,8.141737,0.045450,-0.210881,0.767096,-0.604174,8.472859,130.378952,10.148631,0.050177,0.902104,0.113531,0.413281,-7.440326,83.231483,14.698258,0.092205,0.943782,-0.025165,0.316451,-7.324533,49.340214,6.085168,0.009858,0.958427,0.077157,0.274532,-15.854714,5.257919,5.597661,-0.088250,0.922883,-0.067761,0.368656,5.337638,83.443413,26.860502,-0.015381,0.912812,-0.095634,0.396726,9.286565,49.340416,33.509438,-0.046625,0.932616,0.050411,0.354278,7.140162,5.280325,41.897049,0.009858,0.958427,0.077157,0.274532,-8.737104,1.478960,-6.360907,-0.046625,0.932616,0.050411,0.354278,16.524925,1.281986,31.704515
354,2.950000,0.005975,0.927979,-0.031187,0.371276,-1.054379,83.338722,20.780165,-0.015734,0.941279,0.041510,0.334699,-0.806660,90.557373,20.393581,0.004967,0.946337,-0.014058,0.322838,-1.758922,107.078552,21.515089,-0.007917,0.969781,0.073604,0.232475,-1.424225,125.184486,21.091204,0.026803,0.986767,-0.090227,0.132028,-1.308644,138.965561,21.438370,0.045116,0.887982,0.067994,0.452581,-4.342538,119.837234,19.015472,0.147766,-0.647835,0.107420,-0.739551,-13.881027,122.142159,6.038190,0.046676,-0.176423,-0.478070,-0.859154,-10.797639,114.288246,-14.731291,-0.156518,-0.123460,0.750951,0.629550,-0.770915,131.082062,-21.986536,-0.084939,0.983913,0.035959,0.152997,1.242005,119.834961,23.327633,0.269310,0.746762,-0.014291,-0.607959,16.515320,122.375343,28.325388,-0.066511,-0.018969,0.490192,-0.868866,19.109432,112.968842,8.142456,0.045404,-0.210819,0.767163,-0.604115,8.474121,130.381729,10.155183,0.050221,0.902076,0.113539,0.413335,-7.442885,83.232269,14.698550,0.092151,0.943771,-0.025184,0.316497,-7.329175,49.341431,6.083715,0.009795,0.958435,0.077201,0.274493,-15.855309,5.258322,5.598956,-0.088276,0.922897,-0.067804,0.368608,5.334128,83.445183,26.861778,-0.015408,0.912761,-0.095597,0.396852,9.283929,49.342915,33.513935,-0.046508,0.932622,0.050502,0.354265,7.139899,5.282262,41.899197,0.009795,0.958435,0.077201,0.274493,-8.737950,1.481010,-6.360283,-0.046508,0.932622,0.050502,0.354265,16.523550,1.285040,31.705200
355,2.958333,0.005891,0.927966,-0.031056,0.371321,-1.056995,83.339943,20.781937,-0.015660,0.941264,0.041425,0.334756,-0.811087,90.558716,20.396671,0.004997,0.946318,-0.014017,0.322895,-1.760179,107.080421,21.516315,-0.007830,0.969766,0.073602,0.232540,-1.424891,125.186394,21.094225,0.026954,0.986757,-0.090220,0.132078,-1.306890,138.967438,21.441959,0.045123,0.887959,0.068045,0.452617,-4.343109,119.839432,19.017618,0.147605,-0.647919,0.107444,-0.739507,-13.880499,122.145378,6.039711,0.046455,-0.176371,-0.477901,-0.859270,-10.802193,114.295006,-14.731866,-0.156276,-0.123526,0.750748,0.629838,-0.769018,131.085037,-21.980610,-0.084818,0.983914,0.036082,0.153028,1.240905,119.836571,23.330465,0.269357,0.746703,-0.014190,-0.608014,16.514584,122.372437,28.329403,-0.066644,-0.018956,0.490396,-0.868741,19.104574,112.967804,8.145067,0.045444,-0.210653,0.767245,-0.604065,8.477029,130.386063,10.160510,0.050257,0.902076,0.113516,0.413336,-7.444934,83.232941,14.699737,0.092078,0.943807,-0.025144,0.316414,-7.334111,49.341988,6.085330,0.009573,0.958462,0.077257,0.274391,-15.852992,5.257478,5.600077,-0.088314,0.922874,-0.067790,0.368657,5.330945,83.446945,26.864138,-0.015443,0.912779,-0.095602,0.396808,9.283226,49.345005,33.516525,-0.046602,0.932650,0.050544,0.354173,7.142342,5.284527,41.903542,0.009573,0.958462,0.077257,0.274391,-8.735952,1.483322,-6.360348,-0.046602,0.932650,0.050544,0.354173,16.524948,1.289307,31.707796
356,2.966667,0.005877,0.927949,-0.030991,0.371370,-1.062471,83.340523,20.783710,-0.015606,0.941262,0.041290,0.334779,-0.817084,90.559364,20.399250,0.005125,0.946316,-0.013935,0.322901,-1.763026,107.081345,21.515265,-0.007751,0.969763,0.073650,0.232540,-1.424294,125.187347,21.097481,0.027032,0.986754,-0.090268,0.132053,-1.304499,138.968323,21.447006,0.045175,0.887963,0.068031,0.452606,-4.343493,119.841431,19.019560,0.147420,-0.647963,0.107574,-0.739486,-13.881058,122.148643,6.042004,0.046216,-0.176327,-0.477787,-0.859356,-10.806554,114.299164,-14.730467,-0.156120,-0.123614,0.750506,0.630148,-0.768494,131.088058,-21.973011,-0.084672,0.983914,0.036183,0.153084,1.240451,119.836487,23.332491,0.269414,0.746643,-0.014003,-0.608067,16.514376,122.367111,28.333336,-0.066727,-0.018983,0.490502,-0.868674,19.100117,112.966370,8.146641,0.045373,-0.210548,0.767412,-0.603895,8.476748,130.387161,10.165010,0.050279,0.901969,0.113614,0.413540,-7.449770,83.233681,14.700834,0.092055,0.943757,-0.025223,0.316564,-7.335506,49.344452,6.079682,0.009781,0.958451,0.077273,0.274417,-15.854609,5.259925,5.600401,-0.088369,0.922902,-0.067786,0.368576,5.324827,83.447357,26.866585,-0.015475,0.912790,-0.095573,0.396788,9.281329,49.346069,33.519756,-0.046753,0.932693,0.050433,0.354055,7.144258,5.285201,41.905659,0.009781,0.958451,0.077273,0.274417,-8.738750,1.484738,-6.360401,-0.046753,0.932693,0.050433,0.354055,16.525425,1.288594,31.709135
357,2.975000,0.005842,0.927929,-0.030950,0.371423,-1.068105,83.340523,20.786015,-0.015505,0.941245,0.041186,0.334844,-0.823387,90.559410,20.401939,0.005226,0.946295,-0.013923,0.322962,-1.765071,107.081177,21.515738,-0.007659,0.969761,0.073605,0.232567,-1.423003,125.187157,21.099581,0.027070,0.986759,-0.090253,0.132018,-1.300418,138.968124,21.448502,0.045202,0.887952,0.068026,0.452626,-4.342896,119.841942,19.020807,0.147304,-0.648017,0.107646,-0.739451,-13.879779,122.149910,6.042892,0.045996,-0.176220,-0.477736,-0.859418,-10.809144,114.301178,-14.730433,-0.156091,-0.123591,0.750309,0.630395,-0.767547,131.091232,-21.965080,-0.084479,0.983896,0.036242,0.153294,1.240477,119.835617,23.334475,0.269348,0.746629,-0.013899,-0.608115,16.513365,122.359482,28.341887,-0.066797,-0.018845,0.490564,-0.868637,19.098066,112.963913,8.152658,0.045244,-0.210578,0.767489,-0.603797,8.477516,130.385529,10.167546,0.050249,0.901950,0.113677,0.413568,-7.454708,83.233353,14.702415,0.092057,0.943774,-0.025221,0.316512,-7.336421,49.344906,6.078269,0.009697,0.958448,0.077212,0.274448,-15.855697,5.260408,5.599222,-0.088396,0.922884,-0.067691,0.368632,5.318498,83.447693,26.869614,-0.015516,0.912780,-0.095572,0.396811,9.278758,49.345833,33.517651,-0.046695,0.932689,0.050452,0.354071,7.144877,5.285067,41.904900,0.009697,0.958448,0.077212,0.274448,-8.738516,1.484114,-6.360440,-0.046695,0.932689,0.050452,0.354071,16.525913,1.288370,31.708292
358,2.983333,0.005894,0.927896,-0.030898,0.371510,-1.076798,83.338837,20.788343,-0.015555,0.941237,0.041051,0.334883,-0.831622,90.557755,20.405264,0.005511,0.946291,-0.013872,0.322971,-1.773573,107.082710,21.514439,-0.007575,0.969756,0.073632,0.232583,-1.422356,125.188622,21.103367,0.027106,0.986749,-0.090339,0.132024,-1.297684,138.969543,21.453571,0.045210,0.887947,0.067841,0.452664,-4.344887,119.845490,19.023014,0.147151,-0.648041,0.107786,-0.739440,-13.880642,122.151016,6.043837,0.045773,-0.176189,-0.477702,-0.859455,-10.812778,114.301994,-14.729781,-0.156089,-0.123564,0.750054,0.630703,-0.769510,131.093018,-21.959002,-0.084263,0.983911,0.036202,0.153328,1.238360,119.835114,23.336836,0.269337,0.746586,-0.013771,-0.608176,16.512096,122.352264,28.345036,-0.066974,-0.018825,0.490669,-0.868564,19.093742,112.961052,8.153386,0.045150,-0.210373,0.767661,-0.603656,8.477344,130.385040,10.171394,0.050160,0.901970,0.113716,0.413524,-7.462256,83.232803,14.703524,0.092038,0.943875,-0.025173,0.316222,-7.337667,49.344357,6.079454,0.009715,0.958455,0.077234,0.274418,-15.854091,5.259320,5.599486,-0.088412,0.922916,-0.067624,0.368559,5.308660,83.444862,26.873163,-0.015523,0.912798,-0.095531,0.396779,9.272294,49.342571,33.516956,-0.046572,0.932642,0.050615,0.354186,7.140759,5.281109,41.901123,0.009715,0.958455,0.077234,0.274418,-8.737732,1.483531,-6.360826,-0.046572,0.932642,0.050615,0.354186,16.523556,1.287419,31.704960
359,2.991667,0.005896,0.927851,-0.030832,0.371627,-1.085592,83.338631,20.791784,-0.015449,0.941223,0.040890,0.334945,-0.840688,90.557610,20.409628,0.005673,0.946279,-0.013876,0.323002,-1.777646,107.083405,21.514910,-0.007437,0.969748,0.073642,0.232616,-1.420808,125.189255,21.105600,0.027066,0.986750,-0.090354,0.132015,-1.292457,138.970108,21.456972,0.045255,0.887923,0.067802,0.452712,-4.344842,119.847198,19.024525,0.147187,-0.648076,0.107775,-0.739404,-13.879064,122.153534,6.044358,0.045570,-0.176176,-0.477739,-0.859448,-10.813095,114.303795,-14.729277,-0.155980,-0.123503,0.749719,0.631141,-0.772112,131.095856,-21.953264,-0.084087,0.983904,0.036282,0.153447,1.238096,119.834709,23.338747,0.269475,0.746560,-0.013328,-0.608156,16.511614,122.345650,28.350746,-0.066982,-0.018872,0.490720,-0.868534,19.090973,112.962189,8.155205,0.045016,-0.210266,0.767782,-0.603551,8.477287,130.386215,10.175023,0.050159,0.901899,0.113838,0.413646,-7.469511,83.233002,14.705339,0.091997,0.943828,-0.025241,0.316368,-7.340074,49.346497,6.073725,0.009598,0.958459,0.077134,0.274436,-15.854897,5.261090,5.599375,-0.088446,0.922911,-0.067491,0.368588,5.298327,83.444252,26.878229,-0.015566,0.912828,-0.095548,0.396703,9.267424,49.341125,33.514481,-0.046600,0.932644,0.050604,0.354179,7.139455,5.280068,41.901718,0.009598,0.958459,0.077134,0.274436,-8.737328,1.483413,-6.359626,-0.046600,0.932644,0.050604,0.354179,16.522322,1.286364,31.705618
360,3.000000,0.005879,0.927816,-0.030748,0.371723,-1.094708,83.339745,20.795313,-0.015283,0.941194,0.040740,0.335052,-0.850448,90.558800,20.414223,0.005756,0.946246,-0.013796,0.323103,-1.780773,107.086693,21.516670,-0.006026,0.969754,0.073534,0.232666,-1.421963,125.192596,21.111113,0.026370,0.986829,-0.090462,0.131492,-1.255057,138.972885,21.468624,0.045282,0.887885,0.067743,0.452792,-4.346103,119.851265,19.028322,0.147198,-0.648103,0.107797,-0.739375,-13.877872,122.157623,6.046361,0.045522,-0.176033,-0.477788,-0.859453,-10.813708,114.306808,-14.727131,-0.156085,-0.123572,0.749684,0.631143,-0.772774,131.100983,-21.944998,-0.083912,0.983913,0.036455,0.153444,1.235901,119.837311,23.343746,0.269487,0.746502,-0.013094,-0.608227,16.510406,122.341827,28.355944,-0.067207,-0.018949,0.490833,-0.868451,19.085609,112.965012,8.156787,0.044979,-0.209900,0.768128,-0.603239,8.475618,130.392639,10.184352,0.050129,0.901890,0.113877,0.413658,-7.477373,83.234337,14.707549,0.091917,0.943889,-0.025204,0.316212,-7.344830,49.348225,6.074417,0.009717,0.958489,0.077199,0.274307,-15.852012,5.261338,5.600690,-0.088510,0.922866,-0.067390,0.368703,5.287956,83.445152,26.883078,-0.015637,0.912828,-0.095543,0.396702,9.262941,49.341862,33.514954,-0.046770,0.932680,0.050517,0.354073,7.141010,5.280939,41.904388,0.009717,0.958489,0.077199,0.274307,-8.738443,1.484692,-6.361015,-0.046770,0.932680,0.050517,0.354073,16.522907,1.286691,31.707609
361,3.008333,0.005736,0.927752,-0.030610,0.371896,-1.101188,83.342140,20.800081,-0.015136,0.941166,0.040482,0.335169,-0.859525,90.561348,20.420118,0.005874,0.946217,-0.013693,0.323189,-1.782487,107.089233,21.516020,-0.005998,0.969722,0.073588,0.232784,-1.420805,125.195183,21.115402,0.026321,0.986807,-0.090504,0.131634,-1.253342,138.975403,21.474678,0.045267,0.887843,0.067745,0.452875,-4.345384,119.854881,19.030632,0.147155,-0.648156,0.107866,-0.739326,-13.874758,122.160973,6.046865,0.045380,-0.175974,-0.477851,-0.859437,-10.814342,114.308968,-14.726731,-0.156175,-0.123591,0.749509,0.631325,-0.775637,131.105316,-21.939247,-0.083759,0.983901,0.036703,0.153545,1.235817,119.838890,23.347088,0.269578,0.746492,-0.012691,-0.608207,16.510143,122.337105,28.362965,-0.067367,-0.018976,0.490955,-0.868369,19.084225,112.968361,8.159918,0.044950,-0.209522,0.768300,-0.603154,8.479478,130.397980,10.191882,0.050130,0.901863,0.113961,0.413695,-7.481612,83.235191,14.709995,0.091904,0.943839,-0.025249,0.316361,-7.346321,49.350445,6.071567,0.009766,0.958476,0.077196,0.274351,-15.853580,5.263534,5.600647,-0.088522,0.922848,-0.067318,0.368761,5.279235,83.449089,26.890165,-0.015732,0.912692,-0.095489,0.397024,9.256437,49.345272,33.518005,-0.046598,0.932686,0.050619,0.354066,7.141235,5.283684,41.905663,0.009766,0.958476,0.077196,0.274351,-8.739412,1.486406,-6.360547,-0.046598,0.932686,0.050619,0.354066,16.521677,1.290279,31.707214
362,3.016667,0.005628,0.927715,-0.030447,0.372003,-1.108339,83.344269,20.802992,-0.014958,0.941132,0.040346,0.335291,-0.868957,90.563637,20.424662,0.005998,0.946177,-0.013661,0.323306,-1.785038,107.092857,21.518240,-0.005928,0.969721,0.073523,0.232809,-1.419425,125.198784,21.120205,0.026374,0.986817,-0.090512,0.131548,-1.249659,138.979019,21.478199,0.045253,0.887804,0.067213,0.453032,-4.344611,119.859383,19.033966,0.147042,-0.648208,0.107879,-0.739302,-13.869396,122.157501,6.045416,0.045066,-0.175887,-0.477975,-0.859403,-10.812099,114.308167,-14.729650,-0.156201,-0.123496,0.749333,0.631545,-0.777455,131.110107,-21.932484,-0.083424,0.983919,0.036611,0.153633,1.235505,119.841621,23.351816,0.269551,0.746445,-0.012412,-0.608283,16.510777,122.329506,28.369963,-0.067678,-0.018990,0.491001,-0.868319,19.081375,112.969826,8.162276,0.044717,-0.209010,0.768430,-0.603184,8.478309,130.400116,10.201132,0.050088,0.901803,0.113981,0.413824,-7.487381,83.236565,14.711473,0.091887,0.943833,-0.025247,0.316385,-7.347614,49.351822,6.073077,0.009656,0.958494,0.077187,0.274297,-15.853416,5.264634,5.602284,-0.088593,0.922836,-0.067244,0.368787,5.270702,83.451973,26.894512,-0.015784,0.912666,-0.095481,0.397084,9.254223,49.348335,33.519485,-0.046657,0.932715,0.050494,0.354002,7.143041,5.286756,41.908234,0.009656,0.958494,0.077187,0.274297,-8.739586,1.488100,-6.359302,-0.046657,0.932715,0.050494,0.354002,16.522337,1.290677,31.709782
363,3.025000,0.005621,0.927681,-0.030402,0.372091,-1.117467,83.344330,20.807901,-0.014749,0.941101,0.040101,0.335416,-0.878379,90.563736,20.430151,0.006071,0.946134,-0.013598,0.323432,-1.785339,107.093300,21.518246,-0.005797,0.969687,0.073556,0.232943,-1.417905,125.199257,21.123310,0.026318,0.986804,-0.090529,0.131640,-1.244665,138.979401,21.483171,0.045296,0.887752,0.067210,0.453130,-4.343033,119.860481,19.035397,0.147000,-0.648201,0.107992,-0.739300,-13.864798,122.159943,6.044870,0.044856,-0.175791,-0.478180,-0.859319,-10.808174,114.308128,-14.729357,-0.156466,-0.123293,0.749262,0.631604,-0.779723,131.118423,-21.924759,-0.083466,0.983895,0.036807,0.153717,1.235915,119.841476,23.354752,0.269726,0.746405,-0.012215,-0.608258,16.510122,122.329567,28.376043,-0.067828,-0.019037,0.491155,-0.868219,19.077850,112.969879,8.167991,0.044688,-0.208550,0.768836,-0.602828,8.480755,130.403870,10.211919,0.049981,0.901857,0.114135,0.413677,-7.495363,83.236748,14.715179,0.091927,0.943866,-0.025284,0.316271,-7.345756,49.353714,6.070252,0.009593,0.958497,0.077103,0.274312,-15.855991,5.267343,5.602481,-0.088659,0.922777,-0.067080,0.368948,5.260429,83.451912,26.900621,-0.015804,0.912642,-0.095482,0.397136,9.251310,49.347549,33.517479,-0.046493,0.932686,0.050612,0.354081,7.141200,5.286044,41.906872,0.009593,0.958497,0.077103,0.274312,-8.741471,1.488961,-6.358110,-0.046493,0.932686,0.050612,0.354081,16.521036,1.291389,31.708357
364,3.033333,0.005650,0.927640,-0.030303,0.372202,-1.129111,83.344002,20.810291,-0.014548,0.941068,0.039930,0.335537,-0.890131,90.563492,20.434057,0.006252,0.946096,-0.013603,0.323540,-1.789099,107.094696,21.519011,-0.005814,0.969651,0.073642,0.233065,-1.415352,125.200562,21.126040,0.026329,0.986783,-0.090555,0.131778,-1.242974,138.980652,21.488222,0.045326,0.887686,0.067540,0.453208,-4.341824,119.863007,19.036888,0.147185,-0.648111,0.108083,-0.739329,-13.861206,122.168282,6.045647,0.044846,-0.175787,-0.478412,-0.859191,-10.800258,114.308510,-14.724934,-0.156625,-0.123180,0.749193,0.631668,-0.781319,131.124084,-21.919292,-0.083346,0.983889,0.036819,0.153818,1.236105,119.841644,23.357544,0.269627,0.746408,-0.012241,-0.608299,16.509945,122.325722,28.381929,-0.068258,-0.018954,0.491210,-0.868156,19.077877,112.968590,8.172719,0.044429,-0.207958,0.769176,-0.602617,8.482864,130.403107,10.222440,0.049936,0.901843,0.114170,0.413703,-7.505538,83.237480,14.716014,0.091885,0.943862,-0.025247,0.316297,-7.351796,49.354691,6.070210,0.009635,0.958480,0.077080,0.274374,-15.857442,5.267459,5.600271,-0.088745,0.922754,-0.066950,0.369009,5.247314,83.450523,26.904568,-0.015856,0.912662,-0.095478,0.397090,9.246673,49.346004,33.515484,-0.046527,0.932697,0.050597,0.354049,7.141482,5.284566,41.906471,0.009635,0.958480,0.077080,0.274374,-8.741844,1.488119,-6.359370,-0.046527,0.932697,0.050597,0.354049,16.520893,1.289848,31.707594
365,3.041667,0.005687,0.927585,-0.030361,0.372333,-1.142260,83.345222,20.815151,-0.014484,0.941043,0.039801,0.335626,-0.902416,90.564659,20.438377,0.006662,0.946074,-0.013630,0.323596,-1.798189,107.098877,21.520107,-0.005622,0.969659,0.073625,0.233043,-1.410060,125.204529,21.131065,0.026156,0.986805,-0.090603,0.131614,-1.232460,138.984543,21.493984,0.045246,0.887622,0.067397,0.453362,-4.340486,119.869743,19.040390,0.147447,-0.648052,0.108052,-0.739333,-13.855547,122.170845,6.045243,0.044830,-0.175752,-0.478738,-0.859018,-10.790847,114.304878,-14.722440,-0.156779,-0.123140,0.749084,0.631767,-0.784063,131.129425,-21.914797,-0.083206,0.983888,0.036896,0.153883,1.236865,119.843033,23.361767,0.269677,0.746384,-0.012147,-0.608307,16.510817,122.322144,28.388262,-0.068744,-0.018870,0.491274,-0.868083,19.077066,112.966194,8.178288,0.043979,-0.207040,0.769730,-0.602259,8.485140,130.400269,10.234791,0.049780,0.901851,0.114310,0.413667,-7.516962,83.238861,14.719066,0.091876,0.943899,-0.025259,0.316189,-7.349686,49.357224,6.068981,0.009694,0.958504,0.077008,0.274308,-15.854967,5.269894,5.601252,-0.088730,0.922686,-0.066746,0.369220,5.232442,83.451584,26.911238,-0.016012,0.912572,-0.095458,0.397296,9.234698,49.344982,33.509628,-0.046755,0.932700,0.050458,0.354033,7.141063,5.283657,41.904095,0.009694,0.958504,0.077008,0.274308,-8.741711,1.488236,-6.359058,-0.046755,0.932700,0.050458,0.354033,16.521818,1.287705,31.706932
366,3.050000,0.005643,0.927541,-0.030228,0.372455,-1.150356,83.346573,20.818579,-0.014266,0.941019,0.039678,0.335717,-0.911767,90.566132,20.443375,0.006869,0.946050,-0.013611,0.323661,-1.799437,107.100273,21.523577,-0.005561,0.969650,0.073589,0.233095,-1.404423,125.205841,21.137634,0.026029,0.986805,-0.090607,0.131636,-1.224871,138.985840,21.500036,0.045278,0.887581,0.067336,0.453448,-4.336555,119.872513,19.045637,0.147611,-0.648061,0.108008,-0.739298,-13.848989,122.173737,6.048593,0.044915,-0.175700,-0.478991,-0.858883,-10.784436,114.304527,-14.717884,-0.157127,-0.123265,0.748863,0.631919,-0.787757,131.133667,-21.909023,-0.083149,0.983875,0.037046,0.153963,1.240155,119.842972,23.367819,0.269819,0.746344,-0.011930,-0.608297,16.513617,122.319366,28.397142,-0.069419,-0.018669,0.491359,-0.867986,19.076952,112.965050,8.186056,0.043221,-0.205583,0.770155,-0.602270,8.489540,130.397980,10.248911,0.049826,0.901826,0.114360,0.413701,-7.523458,83.240280,14.720821,0.091811,0.943907,-0.025260,0.316184,-7.357236,49.359772,6.066317,0.009748,0.958495,0.076979,0.274347,-15.857141,5.271390,5.600608,-0.088776,0.922688,-0.066659,0.369218,5.222745,83.452858,26.916336,-0.016065,0.912465,-0.095429,0.397545,9.230240,49.346004,33.510250,-0.046521,0.932682,0.050570,0.354096,7.139722,5.284342,41.903706,0.009748,0.958495,0.076979,0.274347,-8.743505,1.488556,-6.359098,-0.046521,0.932682,0.050570,0.354096,16.520014,1.288891,31.705929
367,3.058333,0.005594,0.927495,-0.030091,0.372580,-1.161968,83.347626,20.821190,-0.013763,0.940964,0.039731,0.335884,-0.924731,90.567307,20.447598,0.006776,0.945989,-0.013788,0.323835,-1.797732,107.106461,21.535202,-0.005480,0.969616,0.073606,0.233230,-1.403766,125.211891,21.142176,0.026015,0.986805,-0.090555,0.131681,-1.222000,138.991837,21.505693,0.045199,0.887522,0.067311,0.453576,-4.334792,119.877541,19.051245,0.147789,-0.648002,0.108019,-0.739313,-13.843675,122.176300,6.051167,0.045009,-0.175618,-0.479304,-0.858720,-10.775756,114.301933,-14.712852,-0.157485,-0.123452,0.748698,0.631988,-0.790262,131.138641,-21.902416,-0.082817,0.983890,0.037240,0.153999,1.240355,119.850098,23.375460,0.269187,0.746345,-0.012594,-0.608563,16.515242,122.314896,28.406139,-0.070646,-0.018226,0.491456,-0.867841,19.079390,112.963470,8.193801,0.042789,-0.203850,0.770853,-0.601997,8.492571,130.401642,10.266295,0.049711,0.901797,0.114447,0.413754,-7.533439,83.241364,14.721727,0.091787,0.943892,-0.025290,0.316234,-7.356933,49.361435,6.065150,0.009528,0.958522,0.076943,0.274270,-15.855601,5.272785,5.602151,-0.088894,0.922577,-0.066521,0.369491,5.209503,83.453888,26.920652,-0.016152,0.912433,-0.095429,0.397616,9.226224,49.347229,33.509941,-0.046641,0.932713,0.050510,0.354006,7.142188,5.285806,41.906296,0.009528,0.958522,0.076943,0.274270,-8.741943,1.490586,-6.357745,-0.046641,0.932713,0.050510,0.354006,16.521481,1.289991,31.707737
368,3.066667,0.005508,0.927413,-0.030151,0.372781,-1.171191,83.344841,20.829880,-0.013456,0.940917,0.039529,0.336054,-0.934700,90.564491,20.455063,0.006910,0.945939,-0.013733,0.323979,-1.796231,107.107758,21.539886,-0.005306,0.969592,0.073547,0.233354,-1.398243,125.213181,21.150373,0.025785,0.986803,-0.090575,0.131720,-1.211280,138.993057,21.513529,0.045282,0.887463,0.066872,0.453747,-4.329770,119.879852,19.057537,0.147858,-0.648040,0.108008,-0.739268,-13.833364,122.174820,6.052917,0.045104,-0.175418,-0.479633,-0.858572,-10.767548,114.298752,-14.710768,-0.158097,-0.123729,0.748561,0.631943,-0.792685,131.143311,-21.894350,-0.082658,0.983891,0.037291,0.154065,1.244031,119.850395,23.383471,0.269188,0.746333,-0.012437,-0.608581,16.519114,122.309769,28.416222,-0.071406,-0.018002,0.491499,-0.867759,19.082243,112.962738,8.201723,0.042010,-0.202459,0.770935,-0.602415,8.497418,130.399948,10.281497,0.049682,0.901720,0.114583,0.413889,-7.540038,83.236656,14.727712,0.091809,0.943916,-0.025312,0.316153,-7.356405,49.358704,6.063560,0.009665,0.958502,0.077082,0.274296,-15.857644,5.270529,5.602594,-0.089012,0.922503,-0.066321,0.369686,5.197656,83.453026,26.932049,-0.016207,0.912311,-0.095406,0.397899,9.225758,49.345963,33.512295,-0.046721,0.932715,0.050571,0.353981,7.144380,5.284312,41.908100,0.009665,0.958502,0.077082,0.274296,-8.744211,1.491097,-6.358313,-0.046721,0.932715,0.050571,0.353981,16.523981,1.290885,31.708891
369,3.075000,0.005604,0.927399,-0.029917,0.372834,-1.189670,83.348259,20.829660,-0.013077,0.940905,0.039343,0.336125,-0.953125,90.568092,20.458519,0.007508,0.945923,-0.013638,0.324017,-1.800651,107.108665,21.541491,-0.005639,0.969604,0.073431,0.233334,-1.383276,125.213875,21.162247,0.025675,0.986797,-0.090572,0.131791,-1.204496,138.994003,21.520147,0.045389,0.887441,0.066441,0.453843,-4.320289,119.884857,19.066105,0.147944,-0.648102,0.108031,-0.739193,-13.820744,122.176758,6.058654,0.045192,-0.175352,-0.479895,-0.858435,-10.758774,114.297363,-14.704347,-0.158579,-0.123944,0.748354,0.632026,-0.792943,131.148849,-21.887117,-0.082516,0.983874,0.037210,0.154270,1.253041,119.847000,23.392578,0.269137,0.746307,-0.012161,-0.608640,16.526831,122.301949,28.431404,-0.071932,-0.017755,0.491534,-0.867701,19.087976,112.964439,8.212259,0.041586,-0.201173,0.772094,-0.601390,8.504252,130.402054,10.293909,0.049507,0.901692,0.114643,0.413954,-7.557803,83.243172,14.726692,0.091721,0.943940,-0.025289,0.316108,-7.360776,49.364971,6.063801,0.009751,0.958535,0.076934,0.274218,-15.853998,5.275244,5.603772,-0.089197,0.922447,-0.066214,0.369800,5.178463,83.453354,26.932627,-0.016260,0.912313,-0.095398,0.397893,9.220402,49.347614,33.511257,-0.046453,0.932703,0.050695,0.354030,7.143769,5.285969,41.908283,0.009751,0.958535,0.076934,0.274218,-8.743639,1.491282,-6.357527,-0.046453,0.932703,0.050695,0.354030,16.522343,1.292992,31.707951
370,3.083333,0.005718,0.927353,-0.029894,0.372947,-1.202422,83.350220,20.834070,-0.012750,0.940864,0.039264,0.336261,-0.964433,90.570053,20.463879,0.007729,0.945878,-0.013709,0.324142,-1.801024,107.110680,21.547884,-0.005573,0.969591,0.073352,0.233414,-1.375192,125.215698,21.168867,0.025488,0.986805,-0.090520,0.131802,-1.194057,138.995834,21.525129,0.045521,0.887374,0.066324,0.453979,-4.314097,119.888046,19.071896,0.148110,-0.648119,0.108127,-0.739131,-13.810139,122.182205,6.061623,0.045351,-0.175216,-0.480175,-0.858298,-10.750065,114.294983,-14.698678,-0.159167,-0.124194,0.748112,0.632116,-0.793007,131.153656,-21.879652,-0.082321,0.983871,0.037260,0.154378,1.258046,119.847595,23.399878,0.269069,0.746301,-0.012122,-0.608679,16.531797,122.295906,28.442043,-0.072295,-0.017617,0.491532,-0.867675,19.092449,112.961754,8.221288,0.041172,-0.200625,0.772481,-0.601105,8.508609,130.398590,10.305284,0.049448,0.901623,0.114727,0.414087,-7.569038,83.247078,14.729488,0.091718,0.943920,-0.025285,0.316170,-7.364541,49.369827,6.063063,0.009821,0.958511,0.076837,0.274329,-15.857374,5.280033,5.602238,-0.089268,0.922472,-0.066123,0.369735,5.164195,83.453369,26.938652,-0.016296,0.912369,-0.095345,0.397776,9.213552,49.347675,33.512943,-0.046406,0.932698,0.050707,0.354046,7.142782,5.285239,41.907227,0.009821,0.958511,0.076837,0.274329,-8.745236,1.492853,-6.356984,-0.046406,0.932698,0.050707,0.354046,16.521315,1.292093,31.706926
371,3.091667,0.005790,0.927310,-0.029830,0.373059,-1.215993,83.348091,20.837679,-0.012451,0.940825,0.039231,0.336385,-0.977340,90.567970,20.468760,0.008097,0.945837,-0.013845,0.324247,-1.804544,107.112373,21.555172,-0.005546,0.969580,0.073306,0.233475,-1.364462,125.217041,21.175882,0.025292,0.986811,-0.090506,0.131807,-1.182209,138.997192,21.531151,0.045522,0.887272,0.066508,0.454152,-4.307045,119.891655,19.078335,0.148330,-0.648094,0.108216,-0.739096,-13.797980,122.188797,6.064857,0.045737,-0.174900,-0.480517,-0.858150,-10.737305,114.292610,-14.691946,-0.160133,-0.124513,0.748122,0.631796,-0.788518,131.159805,-21.869520,-0.082129,0.983869,0.037204,0.154510,1.264055,119.846931,23.407618,0.269010,0.746338,-0.012059,-0.608661,16.537514,122.289192,28.453613,-0.072340,-0.017612,0.491511,-0.867683,19.100567,112.958298,8.231650,0.041233,-0.200549,0.772540,-0.601051,8.516314,130.393829,10.316215,0.049373,0.901575,0.114863,0.414163,-7.581118,83.246475,14.731516,0.091666,0.943957,-0.025309,0.316073,-7.367196,49.370888,6.058813,0.009852,0.958515,0.076858,0.274307,-15.856375,5.280346,5.602347,-0.089286,0.922450,-0.065963,0.369815,5.149132,83.449707,26.943842,-0.016435,0.912325,-0.095333,0.397876,9.203233,49.342751,33.508682,-0.046622,0.932707,0.050697,0.353998,7.143365,5.280507,41.906677,0.009852,0.958515,0.076858,0.274307,-8.745005,1.493537,-6.357450,-0.046622,0.932707,0.050697,0.353998,16.522745,1.289320,31.706387
372,3.100000,0.005900,0.927233,-0.029839,0.373248,-1.233703,83.348190,20.844254,-0.012043,0.940776,0.039059,0.336556,-0.993448,90.568039,20.475857,0.008248,0.945785,-0.013878,0.324392,-1.806021,107.109879,21.561129,-0.005299,0.969558,0.073224,0.233597,-1.360309,125.214432,21.182549,0.025100,0.986820,-0.090447,0.131818,-1.170775,138.994492,21.537308,0.045803,0.887200,0.066311,0.454291,-4.303859,119.889999,19.083918,0.148612,-0.648056,0.108101,-0.739089,-13.789836,122.192513,6.067778,0.046217,-0.174480,-0.480840,-0.858029,-10.725848,114.292213,-14.686969,-0.161174,-0.124811,0.748094,0.631507,-0.784680,131.164581,-21.858311,-0.081880,0.983865,0.037246,0.154651,1.265878,119.843445,23.414932,0.268622,0.746501,-0.012162,-0.608630,16.539236,122.277367,28.465254,-0.072584,-0.017582,0.491407,-0.867722,19.113354,112.954712,8.240898,0.041292,-0.200828,0.772385,-0.601152,8.523942,130.388824,10.329251,0.049305,0.901464,0.115043,0.414362,-7.596325,83.248215,14.735457,0.091634,0.943929,-0.025346,0.316164,-7.370974,49.375050,6.053604,0.009684,0.958510,0.076665,0.274384,-15.858461,5.284145,5.600372,-0.089400,0.922401,-0.065752,0.369946,5.128919,83.448166,26.953051,-0.016478,0.912325,-0.095288,0.397885,9.194961,49.340706,33.507839,-0.046594,0.932658,0.050787,0.354116,7.140184,5.277827,41.903732,0.009684,0.958510,0.076665,0.274384,-8.744240,1.493258,-6.356436,-0.046594,0.932658,0.050787,0.354116,16.522049,1.288736,31.704914
373,3.108333,0.005974,0.927190,-0.029730,0.373361,-1.245048,83.349068,20.847658,-0.011729,0.940741,0.039049,0.336666,-1.004332,90.569000,20.481148,0.008604,0.945750,-0.014054,0.324478,-1.807221,107.113663,21.569691,-0.006273,0.969528,0.073321,0.233666,-1.347236,125.217804,21.189318,0.025522,0.986758,-0.090404,0.132227,-1.184319,138.998291,21.540533,0.045815,0.887148,0.066167,0.454413,-4.294557,119.895470,19.090670,0.148613,-0.648067,0.108250,-0.739057,-13.776890,122.196404,6.071596,0.046409,-0.174210,-0.481087,-0.857935,-10.715016,114.291214,-14.681603,-0.161988,-0.125157,0.747971,0.631376,-0.779897,131.169540,-21.846863,-0.081634,0.983858,0.037322,0.154810,1.274307,119.844994,23.422764,0.268871,0.746500,-0.011658,-0.608531,16.547373,122.270439,28.478046,-0.072415,-0.017818,0.491501,-0.867678,19.120861,112.953270,8.251090,0.041672,-0.200670,0.772721,-0.600747,8.535865,130.388809,10.344606,0.049272,0.901423,0.115142,0.414428,-7.606164,83.250961,14.737264,0.091570,0.943844,-0.025407,0.316429,-7.375142,49.379162,6.050240,0.009820,0.958518,0.076601,0.274370,-15.858788,5.287475,5.601630,-0.089445,0.922362,-0.065650,0.370052,5.116068,83.447174,26.958054,-0.016593,0.912341,-0.095282,0.397844,9.186918,49.339329,33.507885,-0.046722,0.932713,0.050758,0.353959,7.142181,5.276680,41.907455,0.009820,0.958518,0.076601,0.274370,-8.746334,1.493923,-6.355384,-0.046722,0.932713,0.050758,0.353959,16.521740,1.288059,31.706329
374,3.116667,0.006098,0.927129,-0.029665,0.373516,-1.259850,83.349182,20.853127,-0.011312,0.940690,0.038883,0.336841,-1.017775,90.569153,20.488205,0.008804,0.945694,-0.014013,0.324637,-1.805858,107.111465,21.575882,-0.006180,0.969505,0.073232,0.233794,-1.339412,125.215530,21.199341,0.025375,0.986754,-0.090391,0.132296,-1.173261,138.996033,21.548876,0.046027,0.887085,0.066032,0.454535,-4.287875,119.894661,19.098606,0.148975,-0.648102,0.107989,-0.738992,-13.765976,122.199890,6.077210,0.046760,-0.173863,-0.481278,-0.857879,-10.703592,114.292931,-14.675241,-0.162465,-0.125561,0.747785,0.631393,-0.772574,131.172592,-21.834044,-0.081550,0.983856,0.037267,0.154879,1.279486,119.841347,23.432596,0.268797,0.746556,-0.011763,-0.608493,16.552303,122.264313,28.489824,-0.072920,-0.017434,0.491698,-0.867532,19.129690,112.946106,8.263831,0.041260,-0.200067,0.772656,-0.601060,8.551392,130.387619,10.354520,0.049143,0.901374,0.115240,0.414524,-7.618903,83.253441,14.740544,0.091577,0.943877,-0.025394,0.316331,-7.375957,49.382328,6.051134,0.009655,0.958524,0.076467,0.274392,-15.859879,5.290699,5.602145,-0.089526,0.922340,-0.065569,0.370100,5.099203,83.444923,26.965708,-0.016657,0.912345,-0.095188,0.397854,9.176996,49.337349,33.512615,-0.046647,0.932676,0.050909,0.354044,7.140727,5.273294,41.906883,0.009655,0.958524,0.076467,0.274392,-8.745770,1.494681,-6.353106,-0.046647,0.932676,0.050909,0.354044,16.521807,1.287856,31.705908
375,3.125000,0.006158,0.927079,-0.029589,0.373646,-1.269972,83.350082,20.858942,-0.010958,0.940626,0.038809,0.337042,-1.027442,90.570107,20.495401,0.009004,0.945621,-0.014066,0.324843,-1.803900,107.113739,21.584623,-0.006078,0.969464,0.073175,0.233982,-1.329903,125.217628,21.208708,0.025229,0.986743,-0.090365,0.132424,-1.160422,138.998108,21.557573,0.046148,0.886994,0.066079,0.454693,-4.279604,119.897995,19.106543,0.149010,-0.648069,0.108184,-0.738985,-13.752659,122.207603,6.082253,0.046703,-0.173748,-0.481433,-0.857819,-10.690268,114.293411,-14.667438,-0.162647,-0.125636,0.747824,0.631285,-0.763427,131.178741,-21.821114,-0.081242,0.983865,0.037218,0.154996,1.285814,119.842323,23.442999,0.269120,0.746638,-0.011167,-0.608261,16.559082,122.255531,28.503517,-0.073072,-0.017302,0.491822,-0.867452,19.141281,112.941887,8.276049,0.040974,-0.199421,0.772872,-0.601017,8.567947,130.386215,10.365372,0.049109,0.901338,0.115363,0.414571,-7.627293,83.255768,14.744538,0.091526,0.943878,-0.025419,0.316339,-7.378145,49.386417,6.048457,0.009853,0.958525,0.076466,0.274384,-15.858497,5.294064,5.602993,-0.089582,0.922256,-0.065514,0.370307,5.087348,83.444405,26.973347,-0.016750,0.912310,-0.095086,0.397956,9.168713,49.337021,33.519012,-0.046595,0.932678,0.051041,0.354027,7.142790,5.271506,41.908081,0.009853,0.958525,0.076466,0.274384,-8.746387,1.496624,-6.352993,-0.046595,0.932678,0.051041,0.354027,16.523331,1.288919,31.705502
376,3.133333,0.006279,0.927033,-0.029540,0.373762,-1.281152,83.349266,20.863806,-0.010637,0.940580,0.038751,0.337186,-1.037227,90.569305,20.501600,0.009407,0.945572,-0.014148,0.324970,-1.803268,107.114777,21.592600,-0.006133,0.969443,0.073186,0.234064,-1.314450,125.218307,21.218691,0.025127,0.986731,-0.090438,0.132480,-1.146397,138.998795,21.567581,0.046287,0.886954,0.065885,0.454784,-4.267882,119.901299,19.115145,0.148921,-0.648020,0.108453,-0.739006,-13.737820,122.212181,6.088816,0.046503,-0.173772,-0.481554,-0.857757,-10.675180,114.291885,-14.658510,-0.162633,-0.125627,0.747855,0.631253,-0.752532,131.183441,-21.809563,-0.080997,0.983849,0.037106,0.155256,1.296267,119.840660,23.453163,0.269052,0.746656,-0.011206,-0.608269,16.568209,122.246231,28.521324,-0.073423,-0.016900,0.492021,-0.867317,19.151674,112.933609,8.293541,0.040619,-0.199029,0.772988,-0.601021,8.586195,130.382675,10.376098,0.049020,0.901294,0.115491,0.414642,-7.636919,83.257172,14.747752,0.091523,0.943871,-0.025445,0.316360,-7.377733,49.389263,6.046339,0.009757,0.958519,0.076362,0.274435,-15.858534,5.296978,5.602932,-0.089603,0.922242,-0.065465,0.370345,5.074616,83.441360,26.979858,-0.016747,0.912494,-0.095014,0.397551,9.158352,49.333805,33.523151,-0.046654,0.932631,0.051115,0.354132,7.138487,5.267051,41.907192,0.009757,0.958519,0.076362,0.274435,-8.744605,1.497372,-6.351282,-0.046654,0.932631,0.051115,0.354132,16.521975,1.287045,31.706310
377,3.141667,0.006455,0.926985,-0.029611,0.373873,-1.293900,83.350296,20.869595,-0.010295,0.940536,0.038682,0.337327,-1.047179,90.570244,20.507414,0.009677,0.945524,-0.014198,0.325099,-1.801899,107.115082,21.599916,-0.006058,0.969424,0.073125,0.234166,-1.303188,125.218369,21.227533,0.025028,0.986726,-0.090449,0.132532,-1.132627,138.998856,21.575356,0.046506,0.886919,0.065785,0.454845,-4.258903,119.903122,19.122749,0.148931,-0.647978,0.108585,-0.739022,-13.726386,122.218918,6.095510,0.046428,-0.173730,-0.481605,-0.857740,-10.662581,114.294174,-14.649938,-0.162609,-0.125631,0.747899,0.631207,-0.741258,131.188065,-21.798016,-0.080802,0.983832,0.037171,0.155448,1.303993,119.839142,23.462326,0.269509,0.746702,-0.010552,-0.608021,16.575020,122.237869,28.536472,-0.073361,-0.016867,0.492129,-0.867262,19.160908,112.927315,8.308050,0.040335,-0.198714,0.773082,-0.601024,8.601088,130.377045,10.388153,0.048923,0.901312,0.115646,0.414570,-7.648161,83.260551,14.751941,0.091483,0.943923,-0.025449,0.316215,-7.379006,49.394485,6.043643,0.009718,0.958541,0.076196,0.274406,-15.856632,5.301556,5.603006,-0.089553,0.922247,-0.065404,0.370355,5.060360,83.440041,26.987249,-0.016920,0.912514,-0.094933,0.397517,9.142416,49.331287,33.525337,-0.046741,0.932653,0.051135,0.354061,7.139956,5.263665,41.908985,0.009718,0.958541,0.076196,0.274406,-8.743542,1.497757,-6.350373,-0.046741,0.932653,0.051135,0.354061,16.522736,1.285039,31.706917
378,3.150000,0.006683,0.926925,-0.029651,0.374014,-1.307308,83.349899,20.873144,-0.009980,0.940488,0.038700,0.337470,-1.057269,90.569771,20.511705,0.009953,0.945478,-0.014254,0.325220,-1.802523,107.114685,21.608175,-0.005564,0.969395,0.073034,0.234326,-1.293653,125.217728,21.237196,0.024702,0.986723,-0.090541,0.132554,-1.109057,138.998001,21.585894,0.046748,0.886851,0.065662,0.454972,-4.251760,119.904266,19.131250,0.147782,-0.647764,0.109934,-0.739241,-13.714761,122.225418,6.101699,0.045599,-0.174064,-0.481512,-0.857769,-10.651736,114.289680,-14.639669,-0.162643,-0.125560,0.747817,0.631309,-0.727151,131.193619,-21.786234,-0.080621,0.983828,0.037045,0.155594,1.309944,119.836876,23.472305,0.269809,0.746724,-0.010309,-0.607865,16.580442,122.230270,28.550573,-0.073420,-0.016707,0.492366,-0.867125,19.167597,112.916100,8.323977,0.040119,-0.198542,0.773359,-0.600739,8.616727,130.372635,10.400305,0.048829,0.901271,0.115758,0.414640,-7.659659,83.263535,14.753458,0.091460,0.943982,-0.025449,0.316047,-7.380655,49.398636,6.040940,0.009851,0.958547,0.076073,0.274415,-15.856465,5.305335,5.602437,-0.089572,0.922216,-0.065390,0.370431,5.045043,83.436272,26.992830,-0.016973,0.912567,-0.094775,0.397430,9.128144,49.327633,33.530891,-0.046781,0.932593,0.051253,0.354197,7.136456,5.257482,41.903809,0.009851,0.958547,0.076073,0.274415,-8.744706,1.497279,-6.350382,-0.046781,0.932593,0.051253,0.354197,16.522793,1.282404,31.703625
379,3.158333,0.006839,0.926878,-0.029686,0.374124,-1.319623,83.349243,20.879663,-0.009668,0.940442,0.038579,0.337620,-1.067249,90.569046,20.518631,0.010256,0.945426,-0.014269,0.325362,-1.801722,107.117508,21.614901,-0.005421,0.969359,0.073005,0.234487,-1.282246,125.220314,21.247053,0.024608,0.986702,-0.090589,0.132689,-1.093436,139.000534,21.596054,0.046907,0.886801,0.065619,0.455057,-4.242780,119.908905,19.139320,0.147736,-0.647720,0.110116,-0.739261,-13.702750,122.234116,6.108297,0.045565,-0.173962,-0.481520,-0.857788,-10.638982,114.293861,-14.631231,-0.162709,-0.125731,0.747760,0.631327,-0.713285,131.198746,-21.773556,-0.080398,0.983811,0.037241,0.155772,1.317540,119.837593,23.482082,0.270035,0.746778,-0.009980,-0.607704,16.587410,122.222588,28.566187,-0.073560,-0.016592,0.492602,-0.866981,19.177866,112.909248,8.339636,0.039978,-0.198340,0.773660,-0.600427,8.637004,130.370468,10.415195,0.048753,0.901225,0.115926,0.414701,-7.670487,83.265137,14.758402,0.091417,0.944006,-0.025477,0.315985,-7.381164,49.402451,6.037631,0.009950,0.958576,0.076009,0.274328,-15.854177,5.308575,5.603308,-0.089499,0.922067,-0.065334,0.370829,5.031240,83.433342,27.000925,-0.017203,0.912522,-0.094657,0.397552,9.108314,49.323280,33.535290,-0.046864,0.932624,0.051339,0.354091,7.138643,5.251837,41.906593,0.009950,0.958576,0.076009,0.274328,-8.745586,1.498180,-6.350648,-0.046864,0.932624,0.051339,0.354091,16.523624,1.279767,31.703997
380,3.166667,0.006961,0.926845,-0.029602,0.374210,-1.333076,83.353249,20.884687,-0.009283,0.940386,0.038530,0.337791,-1.079494,90.573105,20.525459,0.010477,0.945362,-0.014280,0.325540,-1.801367,107.117393,21.624105,-0.005377,0.969312,0.072984,0.234689,-1.274130,125.220016,21.258583,0.024637,0.986663,-0.090705,0.132900,-1.083743,139.000214,21.607521,0.047159,0.886708,0.065569,0.455221,-4.236086,119.910110,19.149088,0.147416,-0.647601,0.110567,-0.739362,-13.690450,122.242035,6.115197,0.045397,-0.173944,-0.481509,-0.857806,-10.624253,114.296402,-14.621910,-0.162818,-0.125829,0.747820,0.631207,-0.696339,131.205170,-21.761436,-0.080132,0.983823,0.037264,0.155830,1.322528,119.835953,23.493984,0.270116,0.746857,-0.009677,-0.607575,16.593191,122.212257,28.579760,-0.074064,-0.016426,0.492810,-0.866823,19.188709,112.903549,8.351719,0.039551,-0.197787,0.773810,-0.600445,8.655758,130.369568,10.432092,0.048690,0.901150,0.116040,0.414842,-7.682774,83.271637,14.762185,0.091375,0.943945,-0.025503,0.316177,-7.384724,49.410366,6.036216,0.009875,0.958578,0.075798,0.274382,-15.854831,5.315918,5.603628,-0.089493,0.922123,-0.065389,0.370682,5.016622,83.434853,27.007189,-0.017321,0.912556,-0.094511,0.397504,9.092954,49.325214,33.544239,-0.046688,0.932615,0.051500,0.354114,7.138644,5.251646,41.907944,0.009875,0.958578,0.075798,0.274382,-8.744860,1.500317,-6.347846,-0.046688,0.932615,0.051500,0.354114,16.522928,1.281927,31.703791
381,3.175000,0.007024,0.926781,-0.029629,0.374365,-1.341267,83.352951,20.889006,-0.008994,0.940332,0.038479,0.337956,-1.086625,90.572769,20.529799,0.010707,0.945308,-0.014276,0.325690,-1.799159,107.118591,21.630045,-0.005352,0.969254,0.073037,0.234914,-1.264044,125.221046,21.267488,0.024667,0.986616,-0.090776,0.133196,-1.073069,139.001190,21.618248,0.047483,0.886674,0.065483,0.455266,-4.227592,119.912743,19.156210,0.147387,-0.647496,0.110745,-0.739433,-13.679622,122.252808,6.122081,0.045416,-0.173831,-0.481496,-0.857835,-10.609059,114.302483,-14.612588,-0.162940,-0.125965,0.747681,0.631313,-0.678819,131.211731,-21.748779,-0.079945,0.983802,0.037375,0.156031,1.329580,119.835518,23.502901,0.270215,0.746869,-0.009532,-0.607519,16.599176,122.204987,28.595076,-0.074528,-0.016190,0.492998,-0.866681,19.195381,112.896797,8.366879,0.038970,-0.197223,0.774029,-0.600387,8.669201,130.367859,10.448843,0.048756,0.901065,0.116124,0.414993,-7.688895,83.272110,14.764345,0.091269,0.943893,-0.025554,0.316359,-7.391074,49.412666,6.031301,0.009956,0.958576,0.075821,0.274381,-15.853652,5.316716,5.604394,-0.089461,0.922045,-0.065443,0.370872,5.006360,83.433784,27.013666,-0.017461,0.912467,-0.094360,0.397739,9.077878,49.324245,33.554234,-0.046759,0.932615,0.051603,0.354090,7.138299,5.248549,41.910183,0.009956,0.958576,0.075821,0.274381,-8.744370,1.501153,-6.347502,-0.046759,0.932615,0.051603,0.354090,16.522928,1.282194,31.705034
382,3.183333,0.007116,0.926763,-0.029561,0.374413,-1.350206,83.355377,20.890999,-0.008709,0.940298,0.038459,0.338060,-1.094688,90.575241,20.533211,0.010917,0.945270,-0.014257,0.325796,-1.798163,107.119843,21.635857,-0.005271,0.969212,0.073105,0.235066,-1.256042,125.222160,21.276476,0.024794,0.986580,-0.090871,0.133370,-1.063137,139.002213,21.629730,0.047745,0.886579,0.065392,0.455436,-4.221128,119.915329,19.163612,0.147186,-0.647446,0.110997,-0.739479,-13.667302,122.261810,6.126393,0.045310,-0.173728,-0.481375,-0.857930,-10.596363,114.309059,-14.607291,-0.162998,-0.126062,0.747541,0.631445,-0.660402,131.215637,-21.737629,-0.079524,0.983796,0.037412,0.156273,1.335003,119.835258,23.511583,0.270192,0.746962,-0.009290,-0.607418,16.604332,122.190750,28.611044,-0.074978,-0.016024,0.493187,-0.866538,19.206575,112.888840,8.380735,0.038641,-0.196945,0.774020,-0.600511,8.688144,130.363434,10.466298,0.048744,0.900939,0.116184,0.415253,-7.697176,83.276459,14.765633,0.091228,0.943889,-0.025566,0.316381,-7.394347,49.417900,6.029310,0.010044,0.958579,0.075710,0.274395,-15.853810,5.321330,5.604455,-0.089409,0.922055,-0.065588,0.370835,4.996763,83.434303,27.016365,-0.017607,0.912619,-0.094212,0.397418,9.061403,49.325439,33.564751,-0.046781,0.932652,0.051649,0.353984,7.141998,5.247697,41.914581,0.010044,0.958579,0.075710,0.274395,-8.745303,1.502141,-6.346745,-0.046781,0.932652,0.051649,0.353984,16.524654,1.282680,31.707100
383,3.191667,0.007353,0.926728,-0.029611,0.374491,-1.362578,83.354774,20.892403,-0.008412,0.940254,0.038426,0.338194,-1.103580,90.574547,20.535263,0.011245,0.945221,-0.014263,0.325924,-1.797614,107.120064,21.640160,-0.004930,0.969168,0.073190,0.235228,-1.244144,125.222099,21.284531,0.024704,0.986557,-0.091040,0.133441,-1.042473,139.001907,21.642435,0.048295,0.886612,0.065101,0.455356,-4.211930,119.917534,19.169777,0.148272,-0.647408,0.110068,-0.739435,-13.658751,122.275436,6.135087,0.046162,-0.173245,-0.481431,-0.857951,-10.576367,114.322426,-14.596793,-0.163253,-0.126156,0.747361,0.631574,-0.639170,131.220215,-21.724718,-0.079309,0.983781,0.037478,0.156465,1.342921,119.833145,23.519299,0.269945,0.746989,-0.009629,-0.607490,16.611403,122.181168,28.624735,-0.075504,-0.015708,0.493403,-0.866375,19.215708,112.877930,8.395302,0.038257,-0.196879,0.774096,-0.600459,8.704836,130.358810,10.480989,0.048648,0.900873,0.116272,0.415381,-7.708460,83.279366,14.765866,0.091208,0.943848,-0.025595,0.316507,-7.395706,49.421577,6.026905,0.010122,0.958572,0.075624,0.274441,-15.854239,5.324802,5.603950,-0.089410,0.922056,-0.065679,0.370816,4.983305,83.430191,27.018940,-0.017711,0.912637,-0.094031,0.397414,9.045704,49.322163,33.573063,-0.046882,0.932628,0.051702,0.354025,7.141356,5.241692,41.911900,0.010122,0.958572,0.075624,0.274441,-8.745564,1.502728,-6.346227,-0.046882,0.932628,0.051702,0.354025,16.525904,1.279128,31.705206
384,3.200000,0.007584,0.926676,-0.029743,0.374605,-1.373789,83.352974,20.894913,-0.008030,0.940183,0.038406,0.338404,-1.110933,90.572586,20.537277,0.011421,0.945143,-0.014237,0.326147,-1.793120,107.119766,21.645811,-0.004720,0.969098,0.073261,0.235497,-1.233827,125.221680,21.293270,0.024671,0.986510,-0.091222,0.133672,-1.026665,139.001312,21.654715,0.048823,0.886659,0.064917,0.455235,-4.202257,119.918381,19.176270,0.148462,-0.647304,0.109964,-0.739503,-13.651008,122.288620,6.145219,0.046429,-0.173132,-0.481241,-0.858066,-10.561583,114.333900,-14.584955,-0.163246,-0.126183,0.747209,0.631749,-0.615625,131.224655,-21.714312,-0.079081,0.983761,0.037558,0.156681,1.350485,119.831573,23.528437,0.270268,0.747023,-0.009039,-0.607314,16.617937,122.171570,28.640631,-0.075498,-0.015759,0.493499,-0.866320,19.224045,112.873245,8.409174,0.038043,-0.196752,0.774369,-0.600162,8.717742,130.355255,10.496670,0.048568,0.900827,0.116351,0.415469,-7.718112,83.280396,14.766726,0.091163,0.943930,-0.025570,0.316278,-7.397165,49.423347,6.025208,0.010040,0.958596,0.075527,0.274387,-15.851304,5.325728,5.603449,-0.089388,0.922014,-0.065697,0.370923,4.970533,83.425560,27.023098,-0.017791,0.912695,-0.093895,0.397310,9.030327,49.317440,33.578350,-0.046947,0.932597,0.051795,0.354085,7.138360,5.234942,41.909294,0.010040,0.958596,0.075527,0.274387,-8.743468,1.501668,-6.346592,-0.046947,0.932597,0.051795,0.354085,16.524982,1.275485,31.703304
385,3.208333,0.007713,0.926626,-0.029822,0.374720,-1.386124,83.352737,20.898331,-0.007826,0.940139,0.038383,0.338531,-1.121073,90.572250,20.540382,0.011794,0.945100,-0.014239,0.326256,-1.796854,107.121262,21.650507,-0.003974,0.969061,0.073354,0.235636,-1.224756,125.222870,21.302378,0.024517,0.986512,-0.091391,0.133572,-0.998060,139.001999,21.671274,0.048767,0.886542,0.065027,0.455451,-4.196394,119.922165,19.183399,0.148236,-0.647235,0.110103,-0.739588,-13.638910,122.292686,6.147873,0.046294,-0.172912,-0.481102,-0.858195,-10.546869,114.339951,-14.582680,-0.163341,-0.126223,0.747042,0.631914,-0.592555,131.229141,-21.701851,-0.078763,0.983744,0.037647,0.156928,1.355223,119.830414,23.536903,0.270821,0.747078,-0.007968,-0.607015,16.621794,122.159431,28.656754,-0.075424,-0.015936,0.493605,-0.866263,19.230755,112.871208,8.421024,0.037717,-0.196622,0.774336,-0.600268,8.731346,130.351379,10.513139,0.048526,0.900734,0.116427,0.415654,-7.728884,83.281677,14.768503,0.091103,0.944085,-0.025517,0.315836,-7.401294,49.425583,6.023530,0.010087,0.958601,0.075485,0.274380,-15.849084,5.326736,5.602923,-0.089320,0.921940,-0.065751,0.371114,4.956636,83.423798,27.028156,-0.018011,0.912682,-0.093729,0.397368,9.009258,49.315308,33.585922,-0.047011,0.932632,0.051824,0.353981,7.140733,5.230716,41.911083,0.010087,0.958601,0.075485,0.274380,-8.741973,1.501202,-6.347083,-0.047011,0.932632,0.051824,0.353981,16.525740,1.272604,31.703079
386,3.216667,0.007860,0.926590,-0.029807,0.374808,-1.394512,83.353561,20.898914,-0.007647,0.940085,0.038427,0.338681,-1.127534,90.573051,20.541985,0.012044,0.945045,-0.014192,0.326411,-1.798354,107.120941,21.655304,-0.004330,0.969028,0.073221,0.235807,-1.218192,125.222382,21.311842,0.024972,0.986449,-0.091430,0.133921,-0.999935,139.001801,21.675072,0.049057,0.886476,0.065002,0.455554,-4.191441,119.923492,19.190552,0.148124,-0.647157,0.110167,-0.739669,-13.629995,122.302124,6.153649,0.046333,-0.172708,-0.480887,-0.858355,-10.534019,114.350655,-14.576793,-0.163440,-0.126367,0.746721,0.632240,-0.568596,131.234634,-21.689838,-0.078531,0.983732,0.037706,0.157106,1.358664,119.828247,23.545902,0.270537,0.747104,-0.008327,-0.607105,16.624596,122.149277,28.671255,-0.076009,-0.015606,0.493906,-0.866046,19.235521,112.860428,8.436079,0.037451,-0.196523,0.774453,-0.600166,8.746237,130.350281,10.529463,0.048502,0.900694,0.116409,0.415750,-7.736071,83.284958,14.767826,0.091050,0.943993,-0.025532,0.316126,-7.406550,49.428402,6.024711,0.010082,0.958603,0.075422,0.274390,-15.850242,5.328769,5.604308,-0.089337,0.921878,-0.065878,0.371240,4.947048,83.422165,27.030003,-0.018069,0.912960,-0.093612,0.396755,8.996523,49.315063,33.596897,-0.047234,0.932675,0.051766,0.353846,7.142492,5.228681,41.915787,0.010082,0.958603,0.075422,0.274390,-8.743022,1.501575,-6.345092,-0.047234,0.932675,0.051766,0.353846,16.526449,1.271278,31.706554
387,3.225000,0.007844,0.926541,-0.029812,0.374929,-1.399319,83.355865,20.902002,-0.007560,0.940033,0.038537,0.338815,-1.132480,90.575356,20.544960,0.012323,0.944997,-0.014227,0.326537,-1.801849,107.120178,21.662388,-0.004046,0.968961,0.073314,0.236058,-1.211673,125.221336,21.321083,0.025068,0.986394,-0.091588,0.134201,-0.986112,139.000519,21.688900,0.049335,0.886358,0.065039,0.455747,-4.187243,119.924309,19.198387,0.147943,-0.647052,0.110290,-0.739779,-13.619193,122.311722,6.158297,0.046407,-0.172450,-0.480714,-0.858500,-10.518380,114.361572,-14.571942,-0.163586,-0.126695,0.746583,0.632299,-0.542019,131.242676,-21.678152,-0.078344,0.983721,0.037856,0.157231,1.361614,119.825539,23.555258,0.270597,0.747095,-0.008179,-0.607091,16.627234,122.139633,28.684711,-0.076361,-0.015514,0.494229,-0.865833,19.237495,112.852905,8.448456,0.037298,-0.196350,0.774512,-0.600156,8.760600,130.350952,10.546682,0.048532,0.900625,0.116373,0.415905,-7.739285,83.286896,14.769262,0.090987,0.943973,-0.025501,0.316207,-7.411193,49.429970,6.027533,0.010022,0.958620,0.075416,0.274335,-15.848659,5.329156,5.605549,-0.089297,0.921826,-0.065965,0.371365,4.940648,83.424835,27.034742,-0.018138,0.912886,-0.093446,0.396962,8.984351,49.318047,33.606796,-0.047283,0.932627,0.051803,0.353961,7.140085,5.229110,41.914307,0.010022,0.958620,0.075416,0.274335,-8.742235,1.502267,-6.344433,-0.047283,0.932627,0.051803,0.353961,16.527023,1.273255,31.707201
388,3.233333,0.007901,0.926494,-0.029737,0.375049,-1.405100,83.355927,20.902687,-0.007404,0.939976,0.038537,0.338977,-1.137856,90.575470,20.546993,0.012543,0.944939,-0.014167,0.326699,-1.802585,107.120804,21.666109,-0.003756,0.968893,0.073359,0.236326,-1.205535,125.221825,21.329571,0.025158,0.986340,-0.091738,0.134480,-0.972183,139.000778,21.700762,0.049760,0.886311,0.064952,0.455804,-4.182332,119.926437,19.204494,0.147882,-0.646920,0.110297,-0.739906,-13.611202,122.324875,6.164204,0.046599,-0.172162,-0.480537,-0.858646,-10.502766,114.376511,-14.565574,-0.163797,-0.126924,0.746456,0.632348,-0.515768,131.252335,-21.665562,-0.078046,0.983711,0.037886,0.157434,1.364950,119.824509,23.563293,0.270742,0.747123,-0.007758,-0.606997,16.630005,122.128616,28.698895,-0.076618,-0.015462,0.494485,-0.865664,19.241838,112.848190,8.459965,0.037039,-0.196312,0.774575,-0.600103,8.775588,130.351395,10.562176,0.048523,0.900586,0.116344,0.415997,-7.743458,83.288322,14.768274,0.090962,0.944032,-0.025453,0.316040,-7.414749,49.430866,6.028631,0.010047,0.958617,0.075436,0.274338,-15.848798,5.329418,5.604803,-0.089292,0.921780,-0.066057,0.371464,4.933258,83.423531,27.037102,-0.018261,0.912936,-0.093343,0.396864,8.973505,49.317520,33.615349,-0.047122,0.932660,0.051998,0.353867,7.143924,5.227256,41.919048,0.010047,0.958617,0.075436,0.274338,-8.742481,1.502876,-6.345348,-0.047122,0.932660,0.051998,0.353867,16.527866,1.274686,31.707924
389,3.241667,0.007972,0.926434,-0.029786,0.375193,-1.412557,83.357803,20.904421,-0.007260,0.939917,0.038528,0.339146,-1.144043,90.577286,20.548485,0.012798,0.944880,-0.014129,0.326860,-1.804321,107.121155,21.668697,-0.003592,0.968831,0.073493,0.236545,-1.198930,125.221977,21.336580,0.025397,0.986287,-0.091912,0.134700,-0.961782,139.000732,21.712662,0.049985,0.886214,0.065102,0.455947,-4.177384,119.928452,19.209227,0.147644,-0.646802,0.110441,-0.740034,-13.601282,122.335754,6.166978,0.046585,-0.171884,-0.480382,-0.858789,-10.487465,114.389656,-14.562856,-0.163992,-0.127129,0.746296,0.632445,-0.490665,131.262817,-21.653107,-0.077820,0.983692,0.037998,0.157642,1.368316,119.822983,23.569950,0.270905,0.747120,-0.007395,-0.606933,16.632389,122.118988,28.712093,-0.076804,-0.015505,0.494761,-0.865490,19.243771,112.843048,8.471052,0.037004,-0.196245,0.774739,-0.599915,8.788843,130.352020,10.579309,0.048555,0.900520,0.116264,0.416159,-7.748984,83.290939,14.768007,0.090885,0.943953,-0.025407,0.316302,-7.423105,49.432392,6.032465,0.009971,0.958610,0.075422,0.274369,-15.849293,5.329481,5.604666,-0.089300,0.921811,-0.066128,0.371372,4.923872,83.424667,27.040833,-0.018290,0.913055,-0.093214,0.396621,8.963402,49.319412,33.623451,-0.047133,0.932649,0.052029,0.353889,7.142967,5.227071,41.918159,0.009971,0.958610,0.075422,0.274369,-8.741568,1.503097,-6.344693,-0.047133,0.932649,0.052029,0.353889,16.527550,1.275449,31.707264
390,3.250000,0.008083,0.926383,-0.029851,0.375310,-1.419222,83.357063,20.906437,-0.007181,0.939864,0.038536,0.339293,-1.148828,90.576462,20.550274,0.013069,0.944827,-0.014127,0.327004,-1.806919,107.120682,21.671560,-0.003286,0.968769,0.073514,0.236795,-1.192218,125.221252,21.342840,0.025497,0.986240,-0.092014,0.134962,-0.946732,138.999786,21.721743,0.050007,0.886045,0.065336,0.456240,-4.172696,119.929611,19.213615,0.147376,-0.646801,0.110495,-0.740081,-13.587827,122.341347,6.165858,0.046417,-0.171515,-0.480155,-0.858999,-10.474484,114.401009,-14.566249,-0.163976,-0.127408,0.746079,0.632649,-0.463411,131.271988,-21.640896,-0.077542,0.983678,0.038028,0.157860,1.371580,119.820549,23.576059,0.271078,0.747188,-0.006858,-0.606778,16.634809,122.107193,28.724855,-0.076996,-0.015517,0.494874,-0.865408,19.250408,112.839294,8.480674,0.036638,-0.196261,0.774732,-0.599941,8.800968,130.348969,10.593343,0.048559,0.900477,0.116285,0.416246,-7.754069,83.291504,14.768378,0.090835,0.943887,-0.025417,0.316512,-7.426936,49.433331,6.031463,0.009907,0.958620,0.075420,0.274339,-15.849095,5.329645,5.603995,-0.089239,0.921786,-0.066152,0.371444,4.915625,83.422615,27.044493,-0.018385,0.913141,-0.093118,0.396439,8.950151,49.316830,33.627422,-0.047103,0.932634,0.052147,0.353915,7.142635,5.223206,41.918102,0.009907,0.958620,0.075420,0.274339,-8.741520,1.503661,-6.345579,-0.047103,0.932634,0.052147,0.353915,16.527760,1.274323,31.706646
391,3.258333,0.008136,0.926336,-0.029938,0.375419,-1.425294,83.357033,20.908442,-0.007284,0.939808,0.038928,0.339401,-1.153676,90.576347,20.551426,0.013395,0.944785,-0.014360,0.327101,-1.819284,107.113861,21.683298,-0.002705,0.968710,0.073483,0.237051,-1.190630,125.213882,21.350525,0.025527,0.986201,-0.092092,0.135182,-0.929065,138.992035,21.732635,0.050712,0.885918,0.065046,0.456449,-4.174712,119.924042,19.221884,0.147318,-0.646698,0.110364,-0.740202,-13.581318,122.352043,6.170985,0.046532,-0.171257,-0.479840,-0.859220,-10.460702,114.417793,-14.562376,-0.163874,-0.127565,0.745884,0.632875,-0.433473,131.281311,-21.630917,-0.077358,0.983674,0.037937,0.157991,1.368549,119.811737,23.585541,0.271006,0.747296,-0.006577,-0.606680,16.631359,122.092819,28.738073,-0.077382,-0.015393,0.495135,-0.865226,19.254013,112.833694,8.490780,0.036525,-0.196291,0.775094,-0.599470,8.814713,130.349594,10.607683,0.048552,0.900451,0.116274,0.416307,-7.758685,83.291702,14.768875,0.090818,0.943862,-0.025393,0.316594,-7.430869,49.433304,6.032856,0.009927,0.958605,0.075392,0.274397,-15.850910,5.329233,5.603127,-0.089212,0.921732,-0.066153,0.371585,4.908098,83.422371,27.048010,-0.018435,0.913093,-0.093007,0.396574,8.939867,49.316250,33.630898,-0.047345,0.932606,0.052061,0.353970,7.139127,5.220929,41.914051,0.009927,0.958605,0.075392,0.274397,-8.742205,1.502304,-6.345481,-0.047345,0.932606,0.052061,0.353970,16.527378,1.272389,31.705326
392,3.266667,0.008186,0.926288,-0.029975,0.375532,-1.431628,83.358253,20.910349,-0.007189,0.939752,0.038984,0.339550,-1.159088,90.577522,20.553150,0.013575,0.944730,-0.014361,0.327253,-1.822507,107.114090,21.687662,-0.002383,0.968648,0.073452,0.237320,-1.187640,125.213936,21.357103,0.025694,0.986159,-0.092071,0.135474,-0.916949,138.991867,21.740765,0.050921,0.885744,0.065210,0.456740,-4.172807,119.925331,19.226898,0.147060,-0.646611,0.110433,-0.740319,-13.570082,122.362137,6.170918,0.046398,-0.170924,-0.479625,-0.859414,-10.445096,114.433098,-14.563770,-0.163917,-0.127721,0.745631,0.633130,-0.405730,131.292419,-21.617815,-0.077051,0.983665,0.037974,0.158193,1.368985,119.810677,23.592360,0.271059,0.747401,-0.006330,-0.606530,16.631266,122.081444,28.751007,-0.077803,-0.015180,0.495394,-0.865044,19.260832,112.826035,8.502910,0.036160,-0.196122,0.775085,-0.599560,8.832129,130.347260,10.621425,0.048580,0.900408,0.116220,0.416412,-7.763510,83.293442,14.769220,0.090747,0.943867,-0.025345,0.316605,-7.438075,49.434341,6.035804,0.009892,0.958615,0.075452,0.274349,-15.850806,5.328897,5.603982,-0.089205,0.921692,-0.066166,0.371683,4.900254,83.423065,27.051479,-0.018496,0.913272,-0.092936,0.396176,8.930534,49.316975,33.635433,-0.047321,0.932640,0.052092,0.353878,7.140933,5.220685,41.915833,0.009892,0.958615,0.075452,0.274349,-8.742766,1.503889,-6.345637,-0.047321,0.932640,0.052092,0.353878,16.527081,1.272637,31.704987
393,3.275000,0.008243,0.926224,-0.029919,0.375694,-1.439418,83.358963,20.909880,-0.007060,0.939676,0.038998,0.339764,-1.166361,90.578262,20.553783,0.013818,0.944653,-0.014303,0.327469,-1.826072,107.112312,21.689859,-0.001793,0.968581,0.073420,0.237607,-1.183499,125.211975,21.364300,0.025734,0.986136,-0.092063,0.135640,-0.896454,138.989487,21.751259,0.051144,0.885635,0.065292,0.456915,-4.169872,119.925179,19.231321,0.146661,-0.646474,0.110577,-0.740496,-13.561201,122.369789,6.172524,0.046202,-0.170697,-0.479382,-0.859605,-10.429700,114.447548,-14.563781,-0.163960,-0.127879,0.745175,0.633623,-0.378051,131.302704,-21.606243,-0.076905,0.983645,0.038084,0.158359,1.369823,119.807076,23.599350,0.271218,0.747490,-0.006014,-0.606352,16.631124,122.072372,28.763304,-0.078159,-0.014995,0.495626,-0.864882,19.266489,112.819199,8.514942,0.035757,-0.195847,0.775165,-0.599570,8.846423,130.346649,10.634869,0.048606,0.900340,0.116082,0.416594,-7.769131,83.295349,14.766502,0.090666,0.943824,-0.025276,0.316761,-7.447630,49.434193,6.040923,0.009995,0.958600,0.075509,0.274382,-15.851580,5.327124,5.604157,-0.089268,0.921631,-0.066207,0.371811,4.890295,83.422577,27.053257,-0.018546,0.913140,-0.092839,0.396501,8.922608,49.317661,33.642040,-0.047222,0.932612,0.052161,0.353956,7.137672,5.219903,41.915634,0.009995,0.958600,0.075509,0.274382,-8.743526,1.502875,-6.345696,-0.047222,0.932612,0.052161,0.353956,16.524769,1.272655,31.705343
394,3.283333,0.008277,0.926143,-0.029870,0.375896,-1.445254,83.358467,20.910713,-0.007019,0.939595,0.038946,0.339992,-1.171923,90.577805,20.555523,0.014094,0.944572,-0.014207,0.327693,-1.830086,107.112991,21.690351,-0.001625,0.968521,0.073354,0.237872,-1.179124,125.212479,21.371521,0.026003,0.986095,-0.092011,0.135918,-0.886844,138.989883,21.758118,0.051257,0.885533,0.065452,0.457077,-4.166864,119.927788,19.235216,0.146648,-0.646330,0.110319,-0.740663,-13.552998,122.378204,6.173775,0.046363,-0.170252,-0.479278,-0.859743,-10.410552,114.465019,-14.564334,-0.164148,-0.128189,0.744957,0.633768,-0.350639,131.315216,-21.593258,-0.076685,0.983624,0.038209,0.158564,1.370652,119.805618,23.605896,0.271402,0.747633,-0.005601,-0.606098,16.630934,122.062920,28.776356,-0.078505,-0.014745,0.495820,-0.864744,19.275629,112.813103,8.527676,0.035362,-0.195382,0.775146,-0.599770,8.862851,130.345673,10.646403,0.048647,0.900267,0.115974,0.416777,-7.772285,83.295624,14.764568,0.090608,0.943818,-0.025232,0.316797,-7.454763,49.433002,6.044539,0.009941,0.958602,0.075590,0.274355,-15.852528,5.324781,5.605362,-0.089334,0.921600,-0.066257,0.371864,4.881778,83.421310,27.056858,-0.018581,0.913265,-0.092761,0.396228,8.916562,49.317673,33.650761,-0.047030,0.932640,0.052351,0.353878,7.139741,5.218732,41.919785,0.009941,0.958602,0.075590,0.274355,-8.744403,1.503123,-6.345278,-0.047030,0.932640,0.052351,0.353878,16.523895,1.274323,31.705702
395,3.291667,0.008333,0.926107,-0.029866,0.375984,-1.451485,83.357567,20.911806,-0.006870,0.939523,0.038920,0.340198,-1.177400,90.576897,20.556997,0.014247,0.944489,-0.014178,0.327928,-1.830908,107.112885,21.692614,-0.001788,0.968433,0.073571,0.238162,-1.174989,125.212242,21.376749,0.026470,0.986027,-0.092018,0.136321,-0.888141,138.989609,21.768440,0.051436,0.885414,0.065593,0.457268,-4.163052,119.928658,19.238169,0.146324,-0.646232,0.110360,-0.740807,-13.542914,122.386566,6.173630,0.046256,-0.169899,-0.479092,-0.859922,-10.395214,114.481331,-14.566712,-0.164241,-0.128381,0.744886,0.633788,-0.323392,131.328995,-21.581387,-0.076533,0.983591,0.038378,0.158806,1.372227,119.804382,23.611622,0.271796,0.747663,-0.005273,-0.605887,16.630774,122.055527,28.789879,-0.078639,-0.014493,0.496138,-0.864554,19.277317,112.801109,8.543545,0.035017,-0.195025,0.775156,-0.599893,8.876343,130.343170,10.657108,0.048580,0.900258,0.115923,0.416819,-7.777331,83.295601,14.764431,0.090599,0.943851,-0.025164,0.316707,-7.456733,49.431694,6.049510,0.010026,0.958601,0.075711,0.274321,-15.851918,5.323026,5.605642,-0.089327,0.921434,-0.066218,0.372283,4.874360,83.419533,27.059183,-0.018691,0.913179,-0.092701,0.396435,8.906792,49.315453,33.652218,-0.047327,0.932613,0.052391,0.353904,7.139309,5.215880,41.919907,0.010026,0.958601,0.075711,0.274321,-8.745039,1.504073,-6.346603,-0.047327,0.932613,0.052391,0.353904,16.526726,1.275613,31.707222
396,3.300000,0.008389,0.926047,-0.029943,0.376125,-1.457575,83.358345,20.911654,-0.006833,0.939458,0.038982,0.340371,-1.182267,90.577599,20.556168,0.014471,0.944425,-0.014192,0.328102,-1.835461,107.112274,21.693920,-0.001557,0.968374,0.073616,0.238390,-1.171662,125.211380,21.380352,0.026732,0.985996,-0.091952,0.136538,-0.878647,138.988541,21.775011,0.051574,0.885284,0.065707,0.457488,-4.161187,119.929329,19.240051,0.144791,-0.645943,0.111722,-0.741156,-13.534042,122.393158,6.171602,0.045310,-0.170003,-0.478785,-0.860123,-10.383166,114.487282,-14.568007,-0.164225,-0.128625,0.744654,0.634016,-0.296795,131.340652,-21.570927,-0.076080,0.983554,0.038525,0.159212,1.372396,119.802185,23.615566,0.271770,0.747904,-0.004708,-0.605606,16.628990,122.037491,28.806431,-0.078905,-0.014269,0.496131,-0.864537,19.291473,112.796425,8.556090,0.034730,-0.194815,0.775275,-0.599826,8.889813,130.338699,10.667130,0.048531,0.900250,0.115911,0.416845,-7.781532,83.296707,14.762333,0.090573,0.943859,-0.025156,0.316692,-7.457899,49.432270,6.049576,0.009839,0.958619,0.075625,0.274286,-15.850634,5.323133,5.605947,-0.089270,0.921345,-0.066227,0.372517,4.866382,83.419983,27.060974,-0.018845,0.913071,-0.092603,0.396700,8.893223,49.315281,33.654194,-0.047344,0.932609,0.052386,0.353913,7.139424,5.214599,41.918865,0.009839,0.958619,0.075625,0.274286,-8.743157,1.503214,-6.345633,-0.047344,0.932609,0.052386,0.353913,16.527180,1.274379,31.706472
397,3.308333,0.008431,0.926005,-0.029974,0.376226,-1.463025,83.357986,20.911844,-0.006736,0.939403,0.039030,0.340518,-1.186941,90.577194,20.556192,0.014605,0.944369,-0.014197,0.328256,-1.837820,107.110855,21.696371,-0.001620,0.968373,0.073482,0.238438,-1.169329,125.209824,21.384331,0.027375,0.986003,-0.091671,0.136545,-0.877056,138.987106,21.775053,0.051834,0.885202,0.065505,0.457646,-4.159482,119.928673,19.242659,0.145912,-0.645973,0.110295,-0.741123,-13.526744,122.397163,6.171079,0.046061,-0.169191,-0.478816,-0.860226,-10.363400,114.506172,-14.572303,-0.164272,-0.128818,0.744487,0.634161,-0.271085,131.351746,-21.558918,-0.075827,0.983518,0.038212,0.159630,1.372615,119.799805,23.620001,0.271962,0.748023,-0.004388,-0.605375,16.626122,122.028030,28.822956,-0.078991,-0.014006,0.496289,-0.864443,19.296412,112.787804,8.573262,0.034517,-0.194628,0.775341,-0.599812,8.901458,130.333557,10.677038,0.048612,0.900201,0.115807,0.416970,-7.785629,83.296768,14.761129,0.090475,0.943858,-0.025083,0.316728,-7.468964,49.431194,6.052553,0.009870,0.958613,0.075706,0.274286,-15.851411,5.320135,5.605252,-0.089255,0.921350,-0.066326,0.372490,4.859579,83.419212,27.062559,-0.018872,0.913055,-0.092458,0.396770,8.883052,49.315228,33.661575,-0.047324,0.932580,0.052460,0.353982,7.136025,5.212233,41.915302,0.009870,0.958613,0.075706,0.274286,-8.743976,1.502166,-6.346972,-0.047324,0.932580,0.052460,0.353982,16.525261,1.273771,31.703590
398,3.316667,0.008494,0.925960,-0.029940,0.376338,-1.468338,83.358292,20.911518,-0.006698,0.939336,0.039022,0.340705,-1.191554,90.577515,20.556704,0.014818,0.944296,-0.014169,0.328458,-1.841359,107.111488,21.696951,-0.001486,0.968302,0.073576,0.238697,-1.165846,125.210251,21.388556,0.027634,0.985961,-0.091628,0.136827,-0.870301,138.987366,21.782965,0.052025,0.885079,0.065577,0.457851,-4.157075,119.930634,19.244602,0.144362,-0.645669,0.111774,-0.741470,-13.517582,122.405945,6.169478,0.045021,-0.169319,-0.478505,-0.860429,-10.351346,114.510941,-14.571935,-0.164180,-0.128977,0.744267,0.634410,-0.244495,131.363037,-21.545923,-0.075565,0.983491,0.038304,0.159901,1.373066,119.798866,23.624329,0.272128,0.748137,-0.004043,-0.605162,16.625042,122.017822,28.835716,-0.079079,-0.013882,0.496416,-0.864364,19.302887,112.780060,8.585896,0.034471,-0.194388,0.775315,-0.599927,8.913333,130.328400,10.687384,0.048588,0.900212,0.115778,0.416958,-7.789441,83.298264,14.759247,0.090445,0.943896,-0.025042,0.316626,-7.472249,49.432053,6.053148,0.009846,0.958614,0.075696,0.274284,-15.851089,5.320337,5.604128,-0.089274,0.921268,-0.066308,0.372690,4.852766,83.418312,27.063787,-0.018932,0.913113,-0.092412,0.396645,8.876489,49.314415,33.663059,-0.047213,0.932584,0.052548,0.353974,7.137208,5.210862,41.915447,0.009846,0.958614,0.075696,0.274284,-8.743517,1.502262,-6.347982,-0.047213,0.932584,0.052548,0.353974,16.525492,1.273528,31.702423
399,3.325000,0.008482,0.925915,-0.029916,0.376450,-1.471611,83.358658,20.910891,-0.006618,0.939264,0.039031,0.340903,-1.195078,90.577904,20.556360,0.014956,0.944219,-0.014069,0.328678,-1.842767,107.112106,21.697681,-0.001217,0.968244,0.073548,0.238941,-1.163630,125.210823,21.394495,0.027880,0.985935,-0.091546,0.137021,-0.860422,138.987732,21.790178,0.052111,0.884950,0.065631,0.458083,-4.154859,119.932365,19.247700,0.143954,-0.645485,0.111957,-0.741682,-13.508162,122.411240,6.168093,0.044759,-0.169111,-0.478404,-0.860539,-10.333138,114.522064,-14.574199,-0.164042,-0.129260,0.744155,0.634520,-0.219765,131.374237,-21.535772,-0.075150,0.983484,0.038329,0.160132,1.373183,119.798347,23.630009,0.272235,0.748227,-0.003591,-0.605005,16.624788,122.003601,28.848309,-0.079219,-0.013831,0.496523,-0.864291,19.308516,112.773422,8.595802,0.034415,-0.194148,0.775391,-0.599910,8.922708,130.325119,10.698756,0.048630,0.900145,0.115748,0.417106,-7.791231,83.298523,14.757097,0.090414,0.943881,-0.025049,0.316680,-7.476136,49.432102,6.051735,0.009923,0.958599,0.075799,0.274305,-15.852512,5.319900,5.603656,-0.089300,0.921257,-0.066353,0.372704,4.848009,83.418793,27.064684,-0.018936,0.913197,-0.092380,0.396458,8.872111,49.315636,33.667572,-0.047279,0.932607,0.052508,0.353909,7.135925,5.211559,41.917835,0.009923,0.958599,0.075799,0.274305,-8.744834,1.504057,-6.349108,-0.047279,0.932607,0.052508,0.353909,16.523304,1.273806,31.704145
400,3.333333,0.008499,0.925884,-0.029858,0.376530,-1.475281,83.359818,20.909956,-0.006523,0.939193,0.039033,0.341100,-1.198808,90.579102,20.556316,0.015065,0.944137,-0.014056,0.328908,-1.843796,107.113289,21.698629,-0.001076,0.968187,0.073563,0.239166,-1.161011,125.211891,21.397358,0.028201,0.985913,-0.091407,0.137207,-0.853864,138.988678,21.794636,0.052208,0.884833,0.065705,0.458287,-4.152205,119.934212,19.248632,0.145121,-0.645586,0.110502,-0.741584,-13.499085,122.417221,6.165214,0.045493,-0.168242,-0.478450,-0.860646,-10.315412,114.542496,-14.581240,-0.163988,-0.129614,0.744071,0.634560,-0.196503,131.386810,-21.523792,-0.074992,0.983438,0.038429,0.160463,1.373657,119.798729,23.633644,0.272393,0.748303,-0.003384,-0.604841,16.622583,121.997856,28.862349,-0.079275,-0.013687,0.496686,-0.864194,19.311350,112.767113,8.610768,0.034419,-0.193950,0.775475,-0.599864,8.932326,130.322647,10.710232,0.048618,0.900143,0.115695,0.417126,-7.793823,83.300293,14.755050,0.090363,0.943857,-0.025039,0.316766,-7.479372,49.432949,6.053259,0.009873,0.958610,0.075809,0.274267,-15.851182,5.319881,5.605097,-0.089356,0.921207,-0.066404,0.372805,4.843261,83.419334,27.064863,-0.019026,0.913128,-0.092319,0.396627,8.868827,49.317341,33.672863,-0.047327,0.932657,0.052486,0.353775,7.140705,5.212564,41.921062,0.009873,0.958610,0.075809,0.274267,-8.743937,1.504670,-6.348123,-0.047327,0.932657,0.052486,0.353775,16.525570,1.274642,31.705124
401,3.341667,0.008538,0.925849,-0.029869,0.376615,-1.478746,83.360886,20.909695,-0.006462,0.939131,0.039098,0.341267,-1.201652,90.580162,20.556156,0.015112,0.944070,-0.014047,0.329098,-1.845716,107.115555,21.701183,-0.000823,0.968119,0.073567,0.239445,-1.161390,125.214127,21.400934,0.028462,0.985876,-0.091279,0.137501,-0.847162,138.990692,21.800304,0.052364,0.884716,0.065400,0.458539,-4.152128,119.936752,19.250778,0.144780,-0.645484,0.110516,-0.741738,-13.490961,122.420036,6.161669,0.045418,-0.167685,-0.478325,-0.860828,-10.301469,114.554619,-14.587423,-0.164349,-0.130022,0.743797,0.634705,-0.169950,131.399323,-21.509398,-0.074620,0.983399,0.038458,0.160868,1.371949,119.800659,23.638021,0.272572,0.748469,-0.002902,-0.604557,16.618452,121.987137,28.879086,-0.079277,-0.013538,0.496831,-0.864113,19.318239,112.761436,8.626673,0.034434,-0.193947,0.775469,-0.599872,8.945404,130.320175,10.721186,0.048621,0.900120,0.115672,0.417180,-7.796150,83.301888,14.753616,0.090346,0.943817,-0.025046,0.316892,-7.482037,49.434193,6.053188,0.009789,0.958607,0.075796,0.274284,-15.852478,5.320871,5.604935,-0.089412,0.921192,-0.066456,0.372819,4.838658,83.419884,27.065775,-0.018988,0.913307,-0.092279,0.396225,8.866362,49.319069,33.678581,-0.047083,0.932645,0.052644,0.353815,7.140149,5.213496,41.922932,0.009789,0.958607,0.075796,0.274284,-8.744104,1.505907,-6.347696,-0.047083,0.932645,0.052644,0.353815,16.524088,1.277148,31.705538
402,3.350000,0.008534,0.925812,-0.029859,0.376706,-1.481313,83.361641,20.908911,-0.006613,0.939069,0.039106,0.341434,-1.204295,90.580925,20.555511,0.015504,0.944002,-0.013989,0.329278,-1.853270,107.113823,21.698782,-0.000773,0.968088,0.073517,0.239583,-1.156173,125.212013,21.405306,0.028761,0.985865,-0.091134,0.137614,-0.840114,138.988556,21.803825,0.052538,0.884623,0.065447,0.458693,-4.149743,119.937515,19.252066,0.144365,-0.645323,0.110815,-0.741914,-13.483403,122.426666,6.160383,0.045202,-0.167399,-0.478220,-0.860953,-10.287602,114.563477,-14.588581,-0.164397,-0.130417,0.743620,0.634819,-0.147668,131.409378,-21.496851,-0.074556,0.983360,0.038413,0.161152,1.372490,119.795990,23.641455,0.272771,0.748552,-0.002546,-0.604367,16.616327,121.980194,28.891209,-0.079429,-0.013410,0.496930,-0.864044,19.321552,112.756493,8.638615,0.034172,-0.193603,0.775543,-0.599902,8.953024,130.317017,10.731941,0.048644,0.900105,0.115644,0.417217,-7.797512,83.302589,14.751595,0.090297,0.943853,-0.025039,0.316797,-7.485288,49.434593,6.052257,0.009824,0.958619,0.075824,0.274234,-15.851503,5.320448,5.605644,-0.089375,0.921148,-0.066498,0.372930,4.834885,83.420685,27.066225,-0.019029,0.913284,-0.092201,0.396293,8.858297,49.319805,33.681278,-0.047370,0.932630,0.052524,0.353834,7.137604,5.213082,41.920643,0.009824,0.958619,0.075824,0.274234,-8.744567,1.506035,-6.348015,-0.047370,0.932630,0.052524,0.353834,16.524197,1.276636,31.705725
403,3.358333,0.008555,0.925767,-0.029937,0.376810,-1.485716,83.361862,20.908529,-0.006567,0.939021,0.039157,0.341560,-1.207956,90.581078,20.554234,0.015613,0.943956,-0.013961,0.329405,-1.856193,107.112648,21.699442,-0.000445,0.968048,0.073461,0.239763,-1.155664,125.210739,21.408337,0.028915,0.985854,-0.090990,0.137754,-0.830249,138.987045,21.807707,0.052732,0.884475,0.065493,0.458949,-4.149622,119.937050,19.253641,0.144261,-0.645193,0.110855,-0.742042,-13.474967,122.432777,6.157282,0.045165,-0.166973,-0.478178,-0.861061,-10.271992,114.571503,-14.591307,-0.164542,-0.130761,0.743432,0.634930,-0.124789,131.418472,-21.483961,-0.074458,0.983333,0.038460,0.161346,1.371384,119.793976,23.644529,0.272970,0.748632,-0.002284,-0.604179,16.613665,121.974495,28.900347,-0.079582,-0.013310,0.497064,-0.863954,19.324221,112.750244,8.648713,0.033910,-0.193443,0.775657,-0.599822,8.960917,130.314056,10.741999,0.048639,0.900105,0.115646,0.417218,-7.800521,83.302574,14.749784,0.090254,0.943849,-0.025050,0.316823,-7.487986,49.434574,6.050498,0.009789,0.958625,0.075817,0.274214,-15.850869,5.319774,5.605894,-0.089386,0.921093,-0.066479,0.373065,4.829090,83.421150,27.067274,-0.019053,0.913323,-0.092171,0.396210,8.852771,49.320232,33.681976,-0.047408,0.932630,0.052461,0.353839,7.135922,5.213097,41.919918,0.009789,0.958625,0.075817,0.274214,-8.744131,1.505417,-6.347905,-0.047408,0.932630,0.052461,0.353839,16.522827,1.275426,31.705750
404,3.366667,0.008656,0.925741,-0.029976,0.376870,-1.490792,83.361328,20.907013,-0.006543,0.938961,0.039179,0.341722,-1.211443,90.580482,20.552769,0.015793,0.943888,-0.013950,0.329593,-1.859373,107.112144,21.698847,-0.000329,0.968007,0.073432,0.239940,-1.152768,125.210045,21.410400,0.029159,0.985841,-0.090833,0.137901,-0.823852,138.986252,21.809965,0.052777,0.884368,0.065891,0.459093,-4.147589,119.937637,19.253803,0.144142,-0.645051,0.110893,-0.742183,-13.468480,122.440735,6.155689,0.045116,-0.166560,-0.478093,-0.861191,-10.257696,114.581848,-14.592588,-0.164646,-0.131058,0.743215,0.635096,-0.102808,131.427124,-21.469227,-0.074359,0.983300,0.038489,0.161589,1.371590,119.792152,23.646900,0.273167,0.748727,-0.002079,-0.603973,16.611784,121.968971,28.910261,-0.079674,-0.013133,0.497163,-0.863891,19.328667,112.742523,8.660481,0.033528,-0.193468,0.775702,-0.599777,8.969767,130.308212,10.749557,0.048628,0.900066,0.115658,0.417301,-7.804770,83.303398,14.747414,0.090247,0.943821,-0.025064,0.316904,-7.490350,49.435516,6.047730,0.009855,0.958607,0.075820,0.274276,-15.853035,5.320680,5.603789,-0.089393,0.921162,-0.066567,0.372878,4.823185,83.419258,27.066612,-0.019054,0.913396,-0.092097,0.396059,8.846308,49.319248,33.686337,-0.047145,0.932620,0.052531,0.353890,7.133530,5.210886,41.918571,0.009855,0.958607,0.075820,0.274276,-8.745392,1.505898,-6.349325,-0.047145,0.932620,0.052531,0.353890,16.519379,1.272336,31.703785
405,3.375000,0.008732,0.925677,-0.029980,0.377023,-1.495499,83.359718,20.905468,-0.006438,0.938888,0.039222,0.341922,-1.215045,90.578850,20.551619,0.015856,0.943813,-0.013975,0.329802,-1.860437,107.110428,21.700052,0.000203,0.967938,0.073490,0.240199,-1.151317,125.208237,21.411648,0.029146,0.985833,-0.090740,0.138019,-0.808240,138.983948,21.816563,0.052937,0.884278,0.066014,0.459230,-4.145874,119.936180,19.253796,0.144088,-0.644924,0.110860,-0.742308,-13.462126,122.445847,6.153628,0.045131,-0.166096,-0.478047,-0.861305,-10.243679,114.589783,-14.594543,-0.164799,-0.131386,0.743095,0.635129,-0.080904,131.435791,-21.455256,-0.074269,0.983270,0.038525,0.161803,1.371331,119.790039,23.649357,0.273527,0.748834,-0.001511,-0.603678,16.609724,121.963478,28.919363,-0.079716,-0.013118,0.497309,-0.863804,19.333735,112.739006,8.669636,0.033370,-0.193251,0.775752,-0.599791,8.980238,130.309082,10.759577,0.048621,0.900038,0.115633,0.417369,-7.807423,83.302910,14.743749,0.090202,0.943825,-0.025092,0.316906,-7.492645,49.434586,6.045785,0.009849,0.958621,0.075826,0.274225,-15.852304,5.319137,5.605481,-0.089429,0.921109,-0.066546,0.373005,4.816425,83.416527,27.067188,-0.019127,0.913380,-0.092068,0.396099,8.841475,49.316769,33.687016,-0.047422,0.932626,0.052509,0.353839,7.135328,5.208177,41.919388,0.009849,0.958621,0.075826,0.274225,-8.745815,1.504601,-6.348408,-0.047422,0.932626,0.052509,0.353839,16.522465,1.271891,31.704908
406,3.383333,0.008735,0.925635,-0.030012,0.377124,-1.497701,83.361420,20.903086,-0.006425,0.938832,0.039277,0.342069,-1.216999,90.580521,20.548862,0.015999,0.943757,-0.013890,0.329959,-1.862710,107.110420,21.698967,0.000494,0.967882,0.073524,0.240413,-1.149652,125.208138,21.415325,0.029240,0.985809,-0.090701,0.138201,-0.798767,138.983566,21.823330,0.052991,0.884148,0.065828,0.459502,-4.144591,119.937263,19.255136,0.143783,-0.644829,0.110915,-0.742442,-13.452533,122.446045,6.148900,0.044914,-0.165621,-0.477990,-0.861439,-10.229149,114.596939,-14.601128,-0.164871,-0.131743,0.743017,0.635128,-0.058199,131.445053,-21.440884,-0.074137,0.983244,0.038549,0.162018,1.371085,119.788864,23.652536,0.273579,0.748912,-0.001358,-0.603559,16.607841,121.957588,28.929190,-0.079998,-0.012909,0.497511,-0.863665,19.337061,112.734589,8.679501,0.033095,-0.193137,0.775851,-0.599714,8.991208,130.310104,10.768476,0.048626,0.899985,0.115569,0.417499,-7.808281,83.304390,14.739995,0.090196,0.943818,-0.025076,0.316927,-7.494423,49.435047,6.045958,0.009983,0.958609,0.075854,0.274256,-15.853161,5.319434,5.604282,-0.089458,0.921072,-0.066601,0.373078,4.812878,83.418449,27.066177,-0.019154,0.913350,-0.092013,0.396180,8.837806,49.319561,33.690590,-0.047256,0.932622,0.052541,0.353867,7.135171,5.210152,41.919289,0.009983,0.958609,0.075854,0.274256,-8.747065,1.504673,-6.349765,-0.047256,0.932622,0.052541,0.353867,16.521517,1.273000,31.704420
407,3.391667,0.008781,0.925589,-0.030014,0.377237,-1.499447,83.362915,20.900917,-0.006421,0.938745,0.039380,0.342296,-1.218077,90.582001,20.546944,0.016108,0.943665,-0.013895,0.330219,-1.865144,107.111908,21.700140,0.000719,0.967788,0.073630,0.240758,-1.148231,125.209496,21.417801,0.029339,0.985760,-0.090669,0.138549,-0.791628,138.984634,21.830549,0.053064,0.884089,0.065827,0.459606,-4.143049,119.939339,19.255690,0.143828,-0.644764,0.110698,-0.742522,-13.447607,122.450348,6.147474,0.045010,-0.165093,-0.477914,-0.861578,-10.218292,114.607178,-14.603880,-0.165026,-0.132033,0.742966,0.635087,-0.037668,131.454498,-21.426973,-0.074025,0.983221,0.038700,0.162167,1.370157,119.789589,23.656139,0.273710,0.748996,-0.001053,-0.603396,16.605883,121.953690,28.937674,-0.080241,-0.012827,0.497672,-0.863551,19.340731,112.733505,8.687450,0.032969,-0.192778,0.775872,-0.599810,9.001253,130.312698,10.778947,0.048639,0.899939,0.115523,0.417611,-7.808508,83.306541,14.736265,0.090158,0.943766,-0.025109,0.317090,-7.495749,49.436554,6.044703,0.009829,0.958633,0.075805,0.274191,-15.852126,5.320475,5.605462,-0.089480,0.921059,-0.066643,0.373097,4.809615,83.419289,27.065569,-0.019192,0.913330,-0.091972,0.396233,8.834643,49.321072,33.693367,-0.047382,0.932629,0.052501,0.353839,7.136104,5.211115,41.920010,0.009829,0.958633,0.075805,0.274191,-8.746344,1.505556,-6.348724,-0.047382,0.932629,0.052501,0.353839,16.522867,1.274199,31.705431
408,3.400000,0.008816,0.925537,-0.030037,0.377361,-1.502681,83.363884,20.897793,-0.006381,0.938674,0.039509,0.342477,-1.220666,90.582947,20.543749,0.016235,0.943595,-0.013896,0.330413,-1.868132,107.111656,21.701225,0.000989,0.967746,0.073617,0.240929,-1.146823,125.209106,21.420519,0.029490,0.985750,-0.090634,0.138607,-0.782725,138.983994,21.834892,0.053133,0.884026,0.065824,0.459720,-4.141988,119.939804,19.256773,0.143613,-0.644570,0.110777,-0.742721,-13.442919,122.452888,6.146383,0.044917,-0.164774,-0.477912,-0.861645,-10.203145,114.613602,-14.604805,-0.165148,-0.132308,0.742821,0.635167,-0.018752,131.462219,-21.414545,-0.073755,0.983221,0.038961,0.162233,1.369353,119.788429,23.659506,0.273669,0.749027,-0.000921,-0.603377,16.605680,121.942451,28.943422,-0.080622,-0.012654,0.497879,-0.863398,19.342537,112.726845,8.691387,0.032610,-0.192715,0.775952,-0.599746,9.010531,130.312042,10.785328,0.048618,0.899877,0.115476,0.417760,-7.810084,83.307869,14.731441,0.090161,0.943743,-0.025127,0.317158,-7.495954,49.436981,6.043450,0.009884,0.958611,0.075825,0.274259,-15.853047,5.321029,5.605002,-0.089521,0.921059,-0.066673,0.373084,4.804723,83.419899,27.064148,-0.019190,0.913359,-0.091935,0.396175,8.831708,49.322479,33.694847,-0.047191,0.932596,0.052625,0.353934,7.134812,5.211916,41.918549,0.009884,0.958611,0.075825,0.274259,-8.746052,1.506186,-6.348486,-0.047191,0.932596,0.052625,0.353934,16.522211,1.276305,31.704050
409,3.408333,0.008878,0.925486,-0.030099,0.377479,-1.505674,83.364616,20.895090,-0.006370,0.938619,0.039636,0.342611,-1.222442,90.583611,20.540596,0.016353,0.943546,-0.013897,0.330546,-1.871122,107.110657,21.701967,0.001169,0.967691,0.073616,0.241150,-1.145707,125.207962,21.422768,0.029614,0.985719,-0.090536,0.138869,-0.776544,138.982681,21.838585,0.053202,0.883950,0.065808,0.459861,-4.141425,119.939484,19.257786,0.143537,-0.644407,0.110740,-0.742882,-13.437896,122.454468,6.144592,0.044935,-0.164389,-0.477954,-0.861694,-10.188340,114.618805,-14.606441,-0.165342,-0.132639,0.742705,0.635183,-0.000729,131.469910,-21.402914,-0.073655,0.983189,0.039015,0.162456,1.368622,119.786575,23.662085,0.273726,0.749112,-0.000743,-0.603245,16.603077,121.936729,28.952974,-0.080749,-0.012515,0.498087,-0.863268,19.345682,112.722984,8.700874,0.032767,-0.192499,0.775859,-0.599928,9.022177,130.313019,10.793069,0.048608,0.899890,0.115475,0.417732,-7.811477,83.309135,14.727095,0.090151,0.943717,-0.025179,0.317234,-7.497035,49.438168,6.039442,0.009829,0.958604,0.075783,0.274297,-15.854704,5.322280,5.605011,-0.089528,0.921099,-0.066708,0.372975,4.800128,83.420097,27.063084,-0.019224,0.913375,-0.091908,0.396143,8.827422,49.323090,33.695728,-0.047246,0.932615,0.052530,0.353889,7.134621,5.212197,41.918518,0.009829,0.958604,0.075783,0.274297,-8.746422,1.506673,-6.347468,-0.047246,0.932615,0.052530,0.353889,16.521315,1.274657,31.704117
410,3.416667,0.008963,0.925440,-0.030145,0.377587,-1.508410,83.363586,20.891506,-0.006353,0.938569,0.039790,0.342730,-1.223746,90.582512,20.536884,0.016386,0.943502,-0.013932,0.330667,-1.873808,107.109406,21.703167,0.001529,0.967637,0.073533,0.241390,-1.146799,125.206635,21.423237,0.029560,0.985704,-0.090321,0.139122,-0.767157,138.981049,21.839489,0.053313,0.883868,0.065856,0.459998,-4.142404,119.938301,19.257753,0.143454,-0.644268,0.110814,-0.743008,-13.434367,122.457375,6.142156,0.044907,-0.164104,-0.477916,-0.861771,-10.177515,114.621925,-14.607808,-0.165504,-0.132945,0.742251,0.635608,0.014759,131.472702,-21.393446,-0.073560,0.983172,0.038989,0.162609,1.366498,119.785141,23.663473,0.273757,0.749211,-0.000609,-0.603109,16.599781,121.932182,28.958984,-0.080923,-0.012391,0.498156,-0.863214,19.348980,112.719818,8.707155,0.032560,-0.192454,0.775948,-0.599838,9.028307,130.311310,10.798708,0.048593,0.899882,0.115435,0.417763,-7.812757,83.309113,14.722019,0.090134,0.943728,-0.025188,0.317206,-7.498251,49.437389,6.037306,0.009977,0.958604,0.075823,0.274280,-15.854822,5.321282,5.604431,-0.089491,0.921002,-0.066654,0.373234,4.795937,83.418060,27.060995,-0.019307,0.913331,-0.091920,0.396238,8.820433,49.320091,33.690369,-0.047292,0.932611,0.052533,0.353892,7.133163,5.209682,41.916855,0.009977,0.958604,0.075823,0.274280,-8.748165,1.505727,-6.349026,-0.047292,0.932611,0.052533,0.353892,16.520357,1.272707,31.702698
411,3.425000,0.009004,0.925398,-0.030141,0.377689,-1.510662,83.361656,20.887402,-0.006307,0.938523,0.039903,0.342844,-1.225438,90.580574,20.533102,0.016447,0.943462,-0.013909,0.330779,-1.875564,107.109688,21.703526,0.001565,0.967586,0.073689,0.241547,-1.146751,125.206879,21.425217,0.029801,0.985665,-0.090393,0.139306,-0.767011,138.981155,21.846104,0.053328,0.883761,0.066233,0.460148,-4.142342,119.939003,19.258591,0.143499,-0.644097,0.110857,-0.743141,-13.429770,122.464279,6.140970,0.044980,-0.163760,-0.477950,-0.861814,-10.163486,114.626549,-14.606656,-0.165751,-0.133152,0.742058,0.635726,0.031888,131.479141,-21.381557,-0.073318,0.983147,0.039061,0.162850,1.365488,119.784966,23.665625,0.273714,0.749301,-0.000417,-0.603017,16.597380,121.923508,28.968588,-0.081042,-0.012300,0.498235,-0.863159,19.352623,112.716690,8.715055,0.032588,-0.192432,0.775993,-0.599786,9.035104,130.310028,10.806065,0.048578,0.899852,0.115403,0.417838,-7.813630,83.307823,14.716494,0.090136,0.943684,-0.025232,0.317331,-7.498424,49.435486,6.034195,0.009890,0.958598,0.075826,0.274305,-15.856354,5.319610,5.603813,-0.089477,0.921035,-0.066695,0.373149,4.792305,83.415482,27.058310,-0.019348,0.913359,-0.091915,0.396173,8.815421,49.317715,33.689552,-0.047317,0.932613,0.052510,0.353889,7.132208,5.207366,41.917213,0.009890,0.958598,0.075826,0.274305,-8.748309,1.504713,-6.349034,-0.047317,0.932613,0.052510,0.353889,16.519487,1.270054,31.703259
412,3.433333,0.009042,0.925350,-0.030172,0.377803,-1.511794,83.363052,20.884863,-0.006358,0.938477,0.039921,0.342969,-1.225845,90.581932,20.530382,0.016661,0.943418,-0.013817,0.330900,-1.877700,107.105232,21.700262,0.002979,0.967561,0.073585,0.241664,-1.142621,125.202248,21.427748,0.029127,0.985746,-0.090308,0.138929,-0.724284,138.975189,21.855307,0.053472,0.883688,0.066400,0.460247,-4.139437,119.936073,19.258694,0.143372,-0.644028,0.110963,-0.743209,-13.423407,122.468079,6.139922,0.044920,-0.163485,-0.477839,-0.861931,-10.154191,114.630600,-14.607336,-0.165817,-0.133402,0.741836,0.635915,0.048983,131.481857,-21.371538,-0.073364,0.983102,0.039018,0.163115,1.367167,119.778786,23.667145,0.273739,0.749352,-0.000281,-0.602941,16.596033,121.918571,28.978291,-0.081209,-0.012146,0.498352,-0.863078,19.354710,112.713936,8.724235,0.032452,-0.192265,0.776020,-0.599811,9.042152,130.309616,10.813473,0.048571,0.899830,0.115362,0.417898,-7.813232,83.309563,14.712392,0.090127,0.943676,-0.025256,0.317357,-7.498274,49.436508,6.032873,0.009834,0.958601,0.075761,0.274314,-15.856112,5.320594,5.604627,-0.089509,0.920995,-0.066701,0.373240,4.789644,83.416542,27.057335,-0.019377,0.913305,-0.091894,0.396300,8.813995,49.319221,33.690174,-0.047235,0.932611,0.052514,0.353903,7.132761,5.208626,41.916920,0.009834,0.958601,0.075761,0.274314,-8.747517,1.504336,-6.347460,-0.047235,0.932611,0.052514,0.353903,16.519630,1.270587,31.702869
413,3.441667,0.009030,0.925309,-0.030124,0.377907,-1.511856,83.363556,20.880922,-0.006356,0.938431,0.040086,0.343075,-1.226289,90.582481,20.527048,0.016666,0.943380,-0.013793,0.331008,-1.880170,107.107750,21.702171,0.003113,0.967507,0.073712,0.241842,-1.145189,125.204781,21.430616,0.029299,0.985711,-0.090322,0.139127,-0.723913,138.977493,21.862701,0.053541,0.883612,0.065975,0.460446,-4.141459,119.938675,19.260647,0.143132,-0.643841,0.111129,-0.743393,-13.419221,122.466591,6.136696,0.044629,-0.163285,-0.477831,-0.861988,-10.140862,114.630760,-14.609740,-0.165745,-0.133427,0.741635,0.636163,0.065938,131.486252,-21.361759,-0.073196,0.983100,0.039079,0.163184,1.364133,119.781242,23.670353,0.273785,0.749486,-0.000055,-0.602754,16.593065,121.915245,28.983635,-0.081381,-0.012095,0.498418,-0.863024,19.360777,112.713531,8.729484,0.032378,-0.192181,0.776010,-0.599856,9.050543,130.311127,10.820676,0.048578,0.899803,0.115294,0.417975,-7.811910,83.310127,14.707039,0.090123,0.943643,-0.025273,0.317454,-7.498651,49.436024,6.031561,0.009857,0.958591,0.075783,0.274340,-15.856585,5.320123,5.603938,-0.089462,0.920852,-0.066695,0.373605,4.788198,83.416985,27.054804,-0.019521,0.913093,-0.091869,0.396788,8.807065,49.319019,33.687637,-0.047329,0.932604,0.052510,0.353911,7.134146,5.208510,41.916542,0.009857,0.958591,0.075783,0.274340,-8.747515,1.504278,-6.347994,-0.047329,0.932604,0.052510,0.353911,16.522009,1.271331,31.703079
414,3.450000,0.009046,0.925256,-0.030077,0.378040,-1.513609,83.362999,20.875444,-0.006272,0.938389,0.040091,0.343190,-1.228042,90.581963,20.522326,0.016799,0.943344,-0.013744,0.331107,-1.879418,107.105064,21.698343,0.003077,0.967467,0.073792,0.241978,-1.140435,125.201988,21.430149,0.029386,0.985692,-0.090207,0.139319,-0.720476,138.974686,21.864336,0.053669,0.883574,0.066086,0.460488,-4.137382,119.936920,19.258598,0.143036,-0.643775,0.111170,-0.743462,-13.413443,122.470184,6.134479,0.044607,-0.162999,-0.477721,-0.862104,-10.131658,114.635887,-14.611988,-0.165825,-0.133619,0.741494,0.636267,0.082812,131.489395,-21.353456,-0.073257,0.983055,0.039162,0.163409,1.367219,119.777512,23.669472,0.273890,0.749512,0.000107,-0.602675,16.593468,121.912643,28.989971,-0.081527,-0.011965,0.498534,-0.862945,19.362867,112.711479,8.735798,0.032093,-0.192088,0.775979,-0.599940,9.057476,130.311539,10.825712,0.048547,0.899761,0.115260,0.418076,-7.811882,83.310059,14.699739,0.090132,0.943587,-0.025359,0.317610,-7.496713,49.435196,6.027294,0.009779,0.958587,0.075820,0.274348,-15.857725,5.319825,5.605324,-0.089502,0.920838,-0.066732,0.373623,4.784663,83.415939,27.051151,-0.019530,0.913166,-0.091869,0.396619,8.804986,49.318829,33.687489,-0.047199,0.932595,0.052624,0.353933,7.134382,5.208364,41.917076,0.009779,0.958587,0.075820,0.274348,-8.747644,1.505512,-6.346497,-0.047199,0.932595,0.052624,0.353933,16.521830,1.272797,31.702608
415,3.458333,0.009094,0.925218,-0.030120,0.378130,-1.514864,83.364662,20.872065,-0.006274,0.938345,0.040134,0.343307,-1.228382,90.583572,20.518661,0.016913,0.943300,-0.013704,0.331228,-1.880332,107.103683,21.695686,0.003073,0.967422,0.073816,0.242150,-1.137885,125.200508,21.430311,0.029480,0.985666,-0.090093,0.139559,-0.718007,138.973175,21.865320,0.053800,0.883504,0.066243,0.460584,-4.135250,119.936310,19.257212,0.142945,-0.643722,0.111289,-0.743508,-13.407961,122.475800,6.131931,0.044618,-0.162738,-0.477569,-0.862238,-10.124331,114.640274,-14.613777,-0.165919,-0.133724,0.741506,0.636206,0.100169,131.492020,-21.346981,-0.073209,0.983032,0.039213,0.163557,1.368165,119.775223,23.669500,0.273816,0.749630,0.000349,-0.602561,16.593071,121.908279,28.994667,-0.081796,-0.011950,0.498520,-0.862928,19.370457,112.714676,8.738165,0.032025,-0.191777,0.775873,-0.600181,9.064700,130.313416,10.832941,0.048539,0.899755,0.115189,0.418111,-7.811924,83.312164,14.695122,0.090128,0.943572,-0.025364,0.317657,-7.498036,49.436108,6.027299,0.009780,0.958582,0.075776,0.274376,-15.858862,5.320701,5.605431,-0.089497,0.920803,-0.066717,0.373713,4.782195,83.417152,27.049011,-0.019580,0.913127,-0.091877,0.396705,8.801905,49.319832,33.684628,-0.047363,0.932614,0.052477,0.353885,7.134277,5.209658,41.916420,0.009780,0.958582,0.075776,0.274376,-8.748234,1.505167,-6.345674,-0.047363,0.932614,0.052477,0.353885,16.521803,1.271980,31.702841
416,3.466667,0.009164,0.925175,-0.030162,0.378230,-1.518252,83.363281,20.868206,-0.006183,0.938299,0.040252,0.343418,-1.230573,90.582146,20.514662,0.016919,0.943261,-0.013658,0.331339,-1.881308,107.104706,21.696518,0.003208,0.967392,0.073808,0.242271,-1.139209,125.201569,21.432869,0.029574,0.985656,-0.090037,0.139648,-0.715518,138.974091,21.868710,0.053819,0.883410,0.066483,0.460728,-4.135939,119.937492,19.258606,0.142855,-0.643640,0.111399,-0.743579,-13.404266,122.481247,6.131054,0.044657,-0.162527,-0.477436,-0.862349,-10.117033,114.644791,-14.613739,-0.166124,-0.133768,0.741344,0.636332,0.114731,131.492645,-21.340094,-0.072953,0.983022,0.039146,0.163745,1.366433,119.776154,23.672190,0.273709,0.749764,0.000533,-0.602443,16.590551,121.901146,29.002846,-0.081957,-0.011828,0.498482,-0.862936,19.376921,112.714455,8.744429,0.031819,-0.191871,0.775817,-0.600235,9.070120,130.311279,10.837899,0.048475,0.899763,0.115192,0.418099,-7.813952,83.311584,14.689869,0.090145,0.943588,-0.025394,0.317601,-7.496056,49.435146,6.023693,0.009883,0.958570,0.075800,0.274409,-15.859159,5.320147,5.604397,-0.089547,0.920784,-0.066697,0.373750,4.777447,83.414978,27.046543,-0.019575,0.913166,-0.091876,0.396615,8.800638,49.318096,33.682312,-0.047339,0.932590,0.052467,0.353953,7.133478,5.207887,41.914005,0.009883,0.958570,0.075800,0.274409,-8.748599,1.504520,-6.346719,-0.047339,0.932590,0.052467,0.353953,16.522238,1.269727,31.701740
417,3.475000,0.009218,0.925135,-0.030198,0.378323,-1.520745,83.363052,20.863249,-0.006140,0.938260,0.040345,0.343515,-1.232106,90.581871,20.509548,0.017056,0.943226,-0.013691,0.331431,-1.882512,107.100044,21.694422,0.003128,0.967350,0.074009,0.242378,-1.135318,125.196709,21.431387,0.029666,0.985637,-0.089999,0.139788,-0.714999,138.969177,21.872221,0.054018,0.883400,0.066524,0.460718,-4.133084,119.933525,19.256395,0.142904,-0.643557,0.111355,-0.743649,-13.401034,122.483589,6.129804,0.044740,-0.162318,-0.477364,-0.862424,-10.108527,114.647400,-14.614251,-0.166240,-0.133818,0.741194,0.636466,0.128722,131.493759,-21.335003,-0.072982,0.982992,0.039130,0.163921,1.368367,119.770538,23.671064,0.273749,0.749829,0.000706,-0.602343,16.590477,121.896217,29.007170,-0.082022,-0.011800,0.498497,-0.862922,19.381233,112.712074,8.748213,0.031669,-0.191953,0.775711,-0.600353,9.075468,130.308456,10.841969,0.048447,0.899719,0.115147,0.418209,-7.815188,83.311951,14.683628,0.090157,0.943571,-0.025425,0.317646,-7.495777,49.434589,6.021093,0.009805,0.958568,0.075703,0.274445,-15.860777,5.319926,5.603650,-0.089507,0.920739,-0.066652,0.373879,4.773699,83.414162,27.042870,-0.019640,0.913158,-0.091895,0.396627,8.794622,49.316360,33.675308,-0.047179,0.932570,0.052545,0.354016,7.131955,5.206707,41.910873,0.009805,0.958568,0.075703,0.274445,-8.748903,1.502221,-6.346020,-0.047179,0.932570,0.052545,0.354016,16.520838,1.268964,31.698565
418,3.483333,0.009223,0.925100,-0.030297,0.378401,-1.520706,83.363113,20.859545,-0.006151,0.938229,0.040475,0.343584,-1.231423,90.581833,20.504574,0.017026,0.943204,-0.013654,0.331497,-1.883816,107.101311,21.693417,0.003330,0.967313,0.074098,0.242494,-1.138052,125.198044,21.431330,0.029716,0.985627,-0.089941,0.139884,-0.712802,138.970230,21.876060,0.054079,0.883336,0.066462,0.460843,-4.135089,119.934723,19.255674,0.142685,-0.643433,0.111605,-0.743760,-13.399076,122.485779,6.126470,0.044636,-0.162177,-0.477266,-0.862510,-10.101905,114.647766,-14.616160,-0.166387,-0.133839,0.741005,0.636644,0.141606,131.494003,-21.330484,-0.072790,0.982994,0.039119,0.163995,1.365762,119.771980,23.671103,0.273682,0.749915,0.000837,-0.602266,16.587997,121.891510,29.009315,-0.082258,-0.011810,0.498522,-0.862884,19.384579,112.712059,8.749027,0.031495,-0.192029,0.775725,-0.600320,9.079851,130.308487,10.848070,0.048437,0.899716,0.115124,0.418224,-7.814103,83.311386,14.678862,0.090163,0.943487,-0.025503,0.317888,-7.494587,49.433598,6.018019,0.009967,0.958548,0.075747,0.274499,-15.862155,5.319390,5.604949,-0.089509,0.920772,-0.066718,0.373786,4.772690,83.414833,27.040232,-0.019645,0.913141,-0.091879,0.396668,8.792679,49.317680,33.676544,-0.047171,0.932559,0.052447,0.354059,7.130629,5.207768,41.910877,0.009967,0.958548,0.075747,0.274499,-8.750341,1.501664,-6.344748,-0.047171,0.932559,0.052447,0.354059,16.520145,1.267442,31.700146
419,3.491667,0.009266,0.925076,-0.030304,0.378458,-1.521562,83.363113,20.855724,-0.006081,0.938194,0.040468,0.343682,-1.231642,90.581825,20.500917,0.017138,0.943166,-0.013605,0.331601,-1.881774,107.098091,21.690037,0.003174,0.967282,0.074256,0.242574,-1.132756,125.194740,21.431063,0.029798,0.985619,-0.089839,0.139988,-0.712635,138.966995,21.879087,0.054257,0.883316,0.066618,0.460837,-4.130228,119.932297,19.253870,0.142568,-0.643399,0.111738,-0.743792,-13.393751,122.490730,6.125776,0.044643,-0.162021,-0.477147,-0.862605,-10.095989,114.651726,-14.616389,-0.166563,-0.133862,0.740938,0.636670,0.154162,131.495483,-21.325483,-0.072922,0.982952,0.039252,0.164153,1.369592,119.767868,23.670521,0.273720,0.749892,0.000830,-0.602279,16.589508,121.890602,29.014063,-0.082409,-0.011740,0.498673,-0.862784,19.384489,112.710014,8.754065,0.031353,-0.191997,0.775693,-0.600379,9.085657,130.310226,10.854218,0.048417,0.899670,0.115067,0.418341,-7.814183,83.312019,14.674245,0.090157,0.943421,-0.025535,0.318083,-7.493984,49.433170,6.017564,0.009970,0.958550,0.075763,0.274485,-15.861919,5.319011,5.605571,-0.089501,0.920713,-0.066674,0.373941,4.771059,83.414215,27.037207,-0.019736,0.913052,-0.091933,0.396856,8.790543,49.316536,33.671154,-0.047238,0.932564,0.052444,0.354038,7.132369,5.207846,41.912807,0.009970,0.958550,0.075763,0.274485,-8.750412,1.501717,-6.344454,-0.047238,0.932564,0.052444,0.354038,16.522009,1.268114,31.701956
420,3.500000,0.009263,0.925036,-0.030247,0.378560,-1.520950,83.363754,20.850277,-0.006057,0.938153,0.040538,0.343785,-1.231340,90.582512,20.496239,0.017187,0.943130,-0.013547,0.331703,-1.881652,107.098915,21.687761,0.003221,0.967247,0.074282,0.242704,-1.131630,125.195549,21.431433,0.029848,0.985607,-0.089710,0.140140,-0.710267,138.967712,21.880636,0.054347,0.883278,0.066628,0.460898,-4.128900,119.933571,19.252863,0.142410,-0.643292,0.111969,-0.743880,-13.390273,122.494843,6.123809,0.044588,-0.161930,-0.477088,-0.862657,-10.088658,114.652931,-14.616637,-0.166709,-0.133941,0.740725,0.636864,0.165122,131.496246,-21.321646,-0.072932,0.982929,0.039385,0.164255,1.369943,119.768234,23.670694,0.273747,0.749935,0.000925,-0.602212,16.588718,121.890404,29.017702,-0.082601,-0.011681,0.498776,-0.862707,19.386625,112.710915,8.757615,0.031229,-0.191868,0.775582,-0.600570,9.092091,130.313049,10.859920,0.048411,0.899642,0.115026,0.418413,-7.812214,83.312920,14.667414,0.090168,0.943372,-0.025621,0.318217,-7.492154,49.433380,6.013455,0.009877,0.958535,0.075768,0.274539,-15.863382,5.319801,5.607313,-0.089546,0.920678,-0.066734,0.374005,4.770313,83.414581,27.033138,-0.019754,0.913065,-0.091934,0.396824,8.790629,49.318047,33.672421,-0.047416,0.932573,0.052342,0.354006,7.134198,5.209431,41.914810,0.009877,0.958535,0.075768,0.274539,-8.749721,1.503241,-6.341659,-0.047416,0.932573,0.052342,0.354006,16.524488,1.268885,31.704880
421,3.508333,0.009313,0.925017,-0.030244,0.378607,-1.521121,83.365501,20.845091,-0.006061,0.938115,0.040680,0.343874,-1.230850,90.584251,20.491375,0.017238,0.943094,-0.013517,0.331803,-1.883016,107.100105,21.687193,0.003242,0.967205,0.074327,0.242859,-1.131565,125.196709,21.432585,0.029808,0.985591,-0.089578,0.140346,-0.709775,138.968796,21.883339,0.054415,0.883220,0.066621,0.461002,-4.128763,119.935143,19.252916,0.142332,-0.643294,0.112021,-0.743886,-13.386783,122.498360,6.121878,0.044608,-0.161781,-0.476967,-0.862751,-10.085782,114.656921,-14.618844,-0.166889,-0.133977,0.740528,0.637037,0.174438,131.497223,-21.319059,-0.072743,0.982935,0.039392,0.164301,1.369111,119.769012,23.671919,0.273653,0.750028,0.001204,-0.602139,16.588285,121.885048,29.020210,-0.082800,-0.011743,0.498740,-0.862708,19.392454,112.715134,8.756657,0.031141,-0.191853,0.775593,-0.600564,9.096516,130.315643,10.865108,0.048374,0.899665,0.114963,0.418385,-7.811743,83.315460,14.661572,0.090173,0.943356,-0.025650,0.318260,-7.491529,49.434658,6.012560,0.009959,0.958518,0.075780,0.274595,-15.863943,5.321288,5.608282,-0.089542,0.920683,-0.066771,0.373987,4.769502,83.415535,27.028612,-0.019774,0.913032,-0.091929,0.396901,8.788713,49.319286,33.670033,-0.047458,0.932556,0.052328,0.354045,7.133399,5.210659,41.912586,0.009959,0.958518,0.075780,0.274595,-8.749640,1.504436,-6.340212,-0.047458,0.932556,0.052328,0.354045,16.524881,1.270225,31.703705
422,3.516667,0.009431,0.925003,-0.030265,0.378635,-1.524327,83.364609,20.840117,-0.006012,0.938092,0.040693,0.343934,-1.232349,90.583305,20.486792,0.017328,0.943071,-0.013441,0.331867,-1.883174,107.098213,21.683451,0.003126,0.967200,0.074344,0.242874,-1.129544,125.194778,21.432556,0.030007,0.985598,-0.089398,0.140370,-0.710944,138.966995,21.883011,0.054552,0.883194,0.066599,0.461039,-4.127057,119.933998,19.251413,0.142179,-0.643246,0.112170,-0.743934,-13.383492,122.500870,6.119976,0.044544,-0.161744,-0.476855,-0.862823,-10.081209,114.658966,-14.620362,-0.167049,-0.133982,0.740092,0.637501,0.183950,131.497208,-21.318295,-0.072810,0.982905,0.039509,0.164427,1.370172,119.766342,23.671162,0.273575,0.750061,0.001139,-0.602133,16.587692,121.883644,29.023663,-0.082926,-0.011664,0.498794,-0.862666,19.394075,112.714172,8.760216,0.031036,-0.191978,0.775585,-0.600541,9.100194,130.316025,10.868631,0.048348,0.899647,0.114925,0.418437,-7.814534,83.316353,14.656164,0.090139,0.943376,-0.025671,0.318211,-7.493374,49.434750,6.010318,0.010003,0.958520,0.075807,0.274577,-15.863535,5.320916,5.609239,-0.089563,0.920711,-0.066790,0.373911,4.765881,83.412865,27.024073,-0.019787,0.913045,-0.091944,0.396867,8.786488,49.317059,33.666939,-0.047285,0.932546,0.052404,0.354085,7.132020,5.208722,41.911201,0.010003,0.958520,0.075807,0.274577,-8.749970,1.504482,-6.339830,-0.047285,0.932546,0.052404,0.354085,16.522991,1.268470,31.701778
423,3.525000,0.009567,0.924994,-0.030380,0.378645,-1.525803,83.364517,20.836580,-0.006080,0.938072,0.040777,0.343979,-1.231375,90.583076,20.482458,0.017396,0.943051,-0.013469,0.331921,-1.885280,107.096329,21.680813,0.003229,0.967156,0.074482,0.243005,-1.128982,125.192787,21.429836,0.029974,0.985581,-0.089334,0.140537,-0.708423,138.964783,21.884844,0.054715,0.883179,0.066574,0.461053,-4.127011,119.932411,19.248398,0.142207,-0.643101,0.112297,-0.744035,-13.382446,122.503593,6.117094,0.044599,-0.161651,-0.476890,-0.862818,-10.073098,114.657036,-14.620362,-0.167246,-0.134024,0.739866,0.637702,0.192528,131.497284,-21.316450,-0.072817,0.982888,0.039542,0.164515,1.369685,119.763992,23.668781,0.273624,0.750150,0.001425,-0.602000,16.586226,121.881210,29.024109,-0.083087,-0.011670,0.498772,-0.862663,19.398613,112.716736,8.759238,0.030644,-0.192142,0.775463,-0.600666,9.104356,130.316849,10.871005,0.048292,0.899644,0.114937,0.418447,-7.815835,83.317696,14.652434,0.090138,0.943284,-0.025743,0.318477,-7.490648,49.435909,6.007453,0.010162,0.958555,0.075739,0.274469,-15.862735,5.322412,5.610182,-0.089538,0.920683,-0.066762,0.373990,4.764228,83.411339,27.020725,-0.019824,0.913028,-0.091961,0.396901,8.783419,49.314957,33.661522,-0.047363,0.932523,0.052389,0.354138,7.131046,5.207035,41.908447,0.010162,0.958555,0.075739,0.274469,-8.753428,1.503137,-6.340513,-0.047363,0.932523,0.052389,0.354138,16.523821,1.267257,31.700504
424,3.533333,0.009676,0.924976,-0.030460,0.378679,-1.528870,83.363708,20.831987,-0.005995,0.938041,0.040792,0.344064,-1.232524,90.582169,20.477402,0.017408,0.943018,-0.013353,0.332018,-1.884080,107.096008,21.677185,0.003204,0.967139,0.074491,0.243069,-1.128746,125.192558,21.430378,0.030064,0.985583,-0.089209,0.140586,-0.708830,138.964569,21.885553,0.054763,0.883141,0.066564,0.461120,-4.126020,119.932510,19.247143,0.142074,-0.643064,0.112399,-0.744077,-13.379276,122.505013,6.114563,0.044568,-0.161553,-0.476834,-0.862869,-10.068825,114.658943,-14.622894,-0.167446,-0.134000,0.739731,0.637812,0.200378,131.498642,-21.315111,-0.072694,0.982889,0.039457,0.164586,1.369756,119.763420,23.668644,0.273576,0.750213,0.001601,-0.601942,16.586117,121.877075,29.025883,-0.083238,-0.011699,0.498765,-0.862652,19.402809,112.718155,8.759096,0.030482,-0.192256,0.775478,-0.600618,9.108723,130.316849,10.874846,0.048192,0.899660,0.114919,0.418430,-7.818405,83.318123,14.647329,0.090166,0.943282,-0.025772,0.318474,-7.487644,49.435371,6.006328,0.010238,0.958563,0.075730,0.274439,-15.862879,5.322451,5.610723,-0.089589,0.920718,-0.066728,0.373897,4.760665,83.409302,27.016645,-0.019816,0.913052,-0.092013,0.396833,8.784647,49.313251,33.656178,-0.047348,0.932536,0.052326,0.354114,7.130370,5.206168,41.907166,0.010238,0.958563,0.075730,0.274439,-8.755014,1.502423,-6.340587,-0.047348,0.932536,0.052326,0.354114,16.522354,1.264581,31.699198
425,3.541667,0.009687,0.924956,-0.030471,0.378727,-1.528666,83.364632,20.828518,-0.005849,0.938016,0.040768,0.344135,-1.232094,90.583076,20.473858,0.017323,0.942992,-0.013354,0.332097,-1.878894,107.095352,21.674402,0.002508,0.967123,0.074562,0.243120,-1.126424,125.192001,21.426600,0.030484,0.985549,-0.089011,0.140859,-0.725506,138.964661,21.879124,0.054843,0.883168,0.066635,0.461049,-4.122498,119.931343,19.243198,0.140918,-0.642876,0.113566,-0.744282,-13.377605,122.507080,6.112555,0.043849,-0.161841,-0.476671,-0.862942,-10.068129,114.655518,-14.622990,-0.167576,-0.133994,0.739458,0.638096,0.206996,131.500549,-21.313646,-0.072744,0.982855,0.039577,0.164736,1.372583,119.763412,23.665611,0.273644,0.750233,0.001759,-0.601885,16.587105,121.877731,29.027826,-0.083310,-0.011728,0.498782,-0.862634,19.405176,112.720551,8.760437,0.030329,-0.192251,0.775373,-0.600763,9.112229,130.318741,10.878689,0.048200,0.899667,0.114868,0.418428,-7.817567,83.319115,14.643209,0.090132,0.943234,-0.025807,0.318621,-7.488815,49.435604,6.005124,0.010518,0.958553,0.075834,0.274435,-15.862078,5.322289,5.612132,-0.089561,0.920718,-0.066749,0.373901,4.760235,83.410141,27.013830,-0.019867,0.912979,-0.092017,0.396998,8.781857,49.313934,33.654011,-0.047351,0.932507,0.052313,0.354193,7.130139,5.207098,41.906826,0.010518,0.958553,0.075834,0.274435,-8.756539,1.503080,-6.340830,-0.047351,0.932507,0.052313,0.354193,16.523821,1.265287,31.700495
426,3.550000,0.009676,0.924967,-0.030414,0.378705,-1.525009,83.368248,20.823627,-0.005955,0.938002,0.040839,0.344164,-1.228909,90.586746,20.469675,0.017384,0.942974,-0.013315,0.332144,-1.879753,107.096275,21.670988,0.002312,0.967090,0.074664,0.243222,-1.125680,125.192902,21.425304,0.030660,0.985524,-0.088857,0.141095,-0.730559,138.965683,21.879381,0.054851,0.883151,0.066715,0.461070,-4.121988,119.932732,19.241003,0.141953,-0.643004,0.112409,-0.744150,-13.376418,122.509933,6.110165,0.044576,-0.161343,-0.476708,-0.862978,-10.062625,114.667007,-14.627963,-0.167790,-0.134025,0.739170,0.638367,0.213526,131.503220,-21.312719,-0.072737,0.982844,0.039690,0.164776,1.372623,119.763824,23.663961,0.273503,0.750286,0.001778,-0.601884,16.586752,121.877228,29.027647,-0.083640,-0.011719,0.498866,-0.862554,19.408333,112.724670,8.758657,0.030318,-0.192046,0.775342,-0.600869,9.117869,130.325729,10.883765,0.048202,0.899711,0.114788,0.418354,-7.814204,83.322952,14.638617,0.090106,0.943212,-0.025824,0.318694,-7.488708,49.438175,6.005377,0.010590,0.958559,0.075903,0.274392,-15.860256,5.324519,5.613976,-0.089519,0.920645,-0.066772,0.374087,4.764186,83.413544,27.008640,-0.019917,0.912973,-0.092064,0.396999,8.781137,49.317009,33.649998,-0.047463,0.932515,0.052183,0.354176,7.131800,5.211121,41.908401,0.010590,0.958559,0.075903,0.274392,-8.756208,1.506692,-6.340312,-0.047463,0.932515,0.052183,0.354176,16.525808,1.267104,31.703222
427,3.558333,0.009724,0.924961,-0.030383,0.378721,-1.525425,83.370224,20.819521,-0.005932,0.937977,0.040868,0.344229,-1.228848,90.588737,20.466246,0.017423,0.942947,-0.013264,0.332223,-1.879342,107.097473,21.668650,0.002277,0.967065,0.074721,0.243305,-1.124530,125.194099,21.425243,0.030711,0.985517,-0.088752,0.141199,-0.730655,138.966873,21.880726,0.054813,0.883106,0.066838,0.461143,-4.120672,119.934311,19.239811,0.141947,-0.643015,0.112333,-0.744153,-13.373067,122.512352,6.107703,0.044547,-0.161242,-0.476661,-0.863024,-10.059095,114.672043,-14.631382,-0.167895,-0.134086,0.738713,0.638854,0.219221,131.506104,-21.311495,-0.072716,0.982837,0.039758,0.164815,1.373186,119.764664,23.663679,0.273491,0.750412,0.002162,-0.601731,16.586994,121.876976,29.028702,-0.083716,-0.011861,0.498755,-0.862609,19.417139,112.733612,8.756759,0.030324,-0.192025,0.775355,-0.600860,9.122077,130.331665,10.888139,0.048166,0.899698,0.114752,0.418395,-7.814393,83.325897,14.634271,0.090112,0.943161,-0.025861,0.318840,-7.487319,49.440300,6.004318,0.010752,0.958562,0.075940,0.274365,-15.860385,5.326921,5.614561,-0.089558,0.920707,-0.066832,0.373914,4.763543,83.414543,27.004772,-0.019925,0.912942,-0.092076,0.397066,8.782659,49.319069,33.650238,-0.047410,0.932530,0.052200,0.354141,7.132945,5.213413,41.909767,0.010752,0.958562,0.075940,0.274365,-8.758368,1.508966,-6.340896,-0.047410,0.932530,0.052200,0.354141,16.525782,1.269253,31.703568
428,3.566667,0.009748,0.924942,-0.030409,0.378764,-1.524752,83.370468,20.815750,-0.005942,0.937958,0.040910,0.344275,-1.227692,90.588951,20.462265,0.017424,0.942931,-0.013248,0.332268,-1.879003,107.096954,21.665770,0.002337,0.967039,0.074792,0.243383,-1.124324,125.193596,21.422947,0.030683,0.985516,-0.088626,0.141289,-0.729215,138.966248,21.880840,0.054814,0.883087,0.066899,0.461170,-4.120207,119.933846,19.237074,0.141921,-0.643048,0.112215,-0.744148,-13.371776,122.512856,6.104575,0.044514,-0.161123,-0.476599,-0.863082,-10.058537,114.677063,-14.636332,-0.168055,-0.134050,0.738313,0.639282,0.222505,131.508392,-21.310919,-0.072730,0.982824,0.039787,0.164876,1.373222,119.764114,23.661470,0.273459,0.750462,0.002224,-0.601682,16.586302,121.876610,29.028481,-0.083756,-0.011925,0.498747,-0.862609,19.419853,112.735367,8.756058,0.030386,-0.192107,0.775218,-0.601006,9.124434,130.333023,10.890492,0.048213,0.899708,0.114694,0.418385,-7.813126,83.326332,14.629896,0.090036,0.943186,-0.025873,0.318786,-7.490812,49.440121,6.002176,0.010899,0.958571,0.076079,0.274290,-15.857892,5.325574,5.616076,-0.089559,0.920716,-0.066798,0.373897,4.763621,83.414597,27.001602,-0.019945,0.912904,-0.092135,0.397138,8.783844,49.318821,33.644840,-0.047482,0.932533,0.052188,0.354125,7.132990,5.214217,41.909779,0.010899,0.958571,0.076079,0.274290,-8.758610,1.510416,-6.341894,-0.047482,0.932533,0.052188,0.354125,16.526073,1.270477,31.703646
429,3.575000,0.009798,0.924933,-0.030435,0.378784,-1.525609,83.370033,20.811977,-0.005894,0.937952,0.040940,0.344290,-1.227736,90.588470,20.458429,0.017329,0.942928,-0.013195,0.332284,-1.877958,107.096741,21.663437,0.002413,0.967016,0.074846,0.243459,-1.127146,125.193550,21.421299,0.030734,0.985505,-0.088551,0.141402,-0.730301,138.966080,21.881235,0.054895,0.883043,0.066878,0.461247,-4.121837,119.933235,19.235142,0.141916,-0.642966,0.112253,-0.744214,-13.370792,122.514359,6.101216,0.044369,-0.161143,-0.476621,-0.863074,-10.053187,114.677635,-14.638649,-0.168048,-0.133895,0.737878,0.639819,0.226510,131.510086,-21.310925,-0.072689,0.982821,0.039760,0.164917,1.371493,119.764534,23.659700,0.273367,0.750388,0.001975,-0.601817,16.584332,121.875801,29.027887,-0.083982,-0.011845,0.498922,-0.862487,19.412882,112.731865,8.755979,0.030245,-0.192178,0.775264,-0.600932,9.124209,130.333939,10.892838,0.048250,0.899686,0.114664,0.418436,-7.813703,83.326523,14.625831,0.089983,0.943133,-0.025913,0.318954,-7.494134,49.440067,5.998958,0.010980,0.958572,0.076123,0.274272,-15.857828,5.324843,5.616272,-0.089489,0.920635,-0.066722,0.374127,4.762484,83.413536,26.998123,-0.020056,0.912735,-0.092179,0.397511,8.778597,49.316170,33.635704,-0.047448,0.932519,0.052210,0.354162,7.131908,5.212677,41.907425,0.010980,0.958572,0.076123,0.274272,-8.759606,1.510305,-6.342528,-0.047448,0.932519,0.052210,0.354162,16.525537,1.269174,31.701696
430,3.583333,0.009944,0.924904,-0.030556,0.378840,-1.529317,83.366982,20.807833,-0.005821,0.937937,0.040918,0.344335,-1.228797,90.585281,20.453489,0.017372,0.942915,-0.013182,0.332320,-1.876616,107.095543,21.658764,0.002394,0.966987,0.074995,0.243529,-1.124486,125.192299,21.417618,0.030695,0.985497,-0.088486,0.141505,-0.729055,138.964752,21.881496,0.054927,0.883010,0.066962,0.461294,-4.119383,119.932320,19.230955,0.141965,-0.642963,0.112222,-0.744211,-13.366810,122.515633,6.096391,0.044267,-0.161081,-0.476652,-0.863074,-10.048774,114.678528,-14.643253,-0.168054,-0.133831,0.737592,0.640161,0.229975,131.512039,-21.310970,-0.072731,0.982795,0.039780,0.165048,1.373589,119.762993,23.655935,0.273392,0.750422,0.002127,-0.601763,16.584816,121.875290,29.028273,-0.083908,-0.011889,0.498915,-0.862498,19.415659,112.734200,8.755405,0.030353,-0.192275,0.775279,-0.600876,9.127216,130.335342,10.892224,0.048152,0.899655,0.114648,0.418519,-7.816607,83.325027,14.620861,0.090019,0.943159,-0.025927,0.318868,-7.490514,49.437656,5.997820,0.011118,0.958565,0.076167,0.274279,-15.857601,5.323064,5.616071,-0.089578,0.920606,-0.066699,0.374180,4.757972,83.408943,26.994804,-0.020041,0.912732,-0.092203,0.397515,8.779981,49.312469,33.633408,-0.047539,0.932511,0.052182,0.354176,7.131180,5.209339,41.906601,0.011118,0.958565,0.076167,0.274279,-8.760316,1.508756,-6.343356,-0.047539,0.932511,0.052182,0.354176,16.525854,1.266086,31.701744
431,3.591667,0.009997,0.924895,-0.030592,0.378858,-1.529633,83.367157,20.804426,-0.005788,0.937928,0.040907,0.344361,-1.228213,90.585411,20.449898,0.017357,0.942905,-0.013171,0.332347,-1.874943,107.096115,21.655188,0.002659,0.966962,0.075076,0.243601,-1.123452,125.192902,21.414270,0.030514,0.985506,-0.088422,0.141521,-0.721418,138.965027,21.882172,0.054933,0.883006,0.067007,0.461294,-4.118031,119.932846,19.227381,0.141929,-0.642933,0.112237,-0.744242,-13.365430,122.517029,6.092972,0.044222,-0.161062,-0.476605,-0.863106,-10.045782,114.680527,-14.646642,-0.168043,-0.133917,0.737247,0.640542,0.234777,131.512802,-21.312683,-0.072761,0.982782,0.039838,0.165102,1.374687,119.763657,23.652678,0.273366,0.750588,0.002377,-0.601567,16.585199,121.876465,29.026827,-0.083980,-0.011934,0.498676,-0.862628,19.427279,112.740944,8.753019,0.030107,-0.192254,0.775090,-0.601138,9.129788,130.334946,10.891973,0.048149,0.899657,0.114599,0.418528,-7.816662,83.325806,14.617189,0.090003,0.943115,-0.025945,0.318998,-7.491811,49.437626,5.997293,0.011096,0.958574,0.076159,0.274248,-15.858048,5.322867,5.616378,-0.089573,0.920608,-0.066688,0.374179,4.757397,83.408508,26.991663,-0.020069,0.912710,-0.092227,0.397559,8.779387,49.311867,33.629391,-0.047467,0.932508,0.052193,0.354191,7.131604,5.209219,41.905369,0.011096,0.958574,0.076159,0.274248,-8.761342,1.508504,-6.343370,-0.047467,0.932508,0.052193,0.354191,16.525988,1.265516,31.700426
432,3.600000,0.009978,0.924897,-0.030533,0.378859,-1.526754,83.368477,20.800110,-0.005802,0.937911,0.040962,0.344401,-1.225913,90.586784,20.446268,0.017313,0.942887,-0.013093,0.332404,-1.873725,107.096695,21.653036,0.002454,0.966940,0.075101,0.243682,-1.124677,125.193619,21.414295,0.030672,0.985480,-0.088367,0.141705,-0.728181,138.965912,21.881611,0.054939,0.882954,0.066956,0.461400,-4.118275,119.933388,19.226439,0.142002,-0.642959,0.112044,-0.744235,-13.362477,122.517097,6.089683,0.044243,-0.160909,-0.476611,-0.863129,-10.042401,114.684799,-14.651447,-0.168137,-0.134045,0.736882,0.640911,0.238827,131.515991,-21.311867,-0.072782,0.982780,0.039977,0.165072,1.373935,119.764458,23.652374,0.273294,0.750598,0.002500,-0.601587,16.584661,121.877243,29.025925,-0.084145,-0.011908,0.498761,-0.862563,19.427399,112.747322,8.749687,0.029902,-0.192513,0.775368,-0.600707,9.132612,130.344299,10.891499,0.048193,0.899649,0.114499,0.418568,-7.813785,83.327202,14.612871,0.089976,0.943068,-0.025955,0.319144,-7.494248,49.437717,5.997918,0.011224,0.958565,0.076284,0.274240,-15.858465,5.322576,5.617285,-0.089562,0.920571,-0.066718,0.374267,4.760276,83.409744,26.987347,-0.020100,0.912630,-0.092256,0.397732,8.780161,49.313255,33.627140,-0.047522,0.932509,0.052173,0.354185,7.132321,5.211205,41.906300,0.011224,0.958565,0.076284,0.274240,-8.762756,1.510708,-6.343852,-0.047522,0.932509,0.052173,0.354185,16.527012,1.267557,31.701612
433,3.608333,0.009863,0.924898,-0.030415,0.378870,-1.520928,83.372353,20.796759,-0.005931,0.937900,0.040958,0.344430,-1.222254,90.590797,20.443859,0.017339,0.942874,-0.013050,0.332442,-1.873989,107.098923,21.648869,0.002357,0.966915,0.075184,0.243758,-1.124543,125.195862,21.411947,0.030711,0.985466,-0.088259,0.141857,-0.731131,138.968201,21.880951,0.054899,0.882890,0.067122,0.461504,-4.118071,119.935905,19.223331,0.141956,-0.643025,0.111998,-0.744194,-13.359313,122.521057,6.084773,0.044302,-0.160657,-0.476545,-0.863210,-10.042551,114.691414,-14.657895,-0.168337,-0.134301,0.736781,0.640921,0.243940,131.520599,-21.310362,-0.072747,0.982785,0.039931,0.165069,1.373772,119.766426,23.649708,0.273209,0.750653,0.002466,-0.601557,16.584702,121.878365,29.023039,-0.084227,-0.011996,0.498709,-0.862584,19.431152,112.749741,8.746730,0.030103,-0.192323,0.775038,-0.601183,9.134321,130.344910,10.893139,0.048274,0.899676,0.114411,0.418524,-7.807855,83.329994,14.609419,0.089920,0.943065,-0.025970,0.319167,-7.496475,49.439644,5.997536,0.011320,0.958587,0.076378,0.274133,-15.856401,5.323663,5.619593,-0.089482,0.920599,-0.066751,0.374212,4.765998,83.414719,26.984097,-0.020135,0.912571,-0.092302,0.397856,8.780286,49.317535,33.623734,-0.047521,0.932518,0.052108,0.354170,7.132493,5.216378,41.907658,0.011320,0.958587,0.076378,0.274133,-8.763884,1.513751,-6.344065,-0.047521,0.932518,0.052108,0.354170,16.526720,1.271011,31.703201
434,3.616667,0.009899,0.924898,-0.030393,0.378868,-1.520456,83.374115,20.793350,-0.005906,0.937891,0.040926,0.344456,-1.221433,90.592575,20.440950,0.017342,0.942862,-0.013003,0.332477,-1.872029,107.099937,21.645195,0.002291,0.966890,0.075261,0.243832,-1.123043,125.196907,21.409916,0.030699,0.985451,-0.088215,0.141991,-0.731816,138.969238,21.880629,0.054936,0.882882,0.067121,0.461515,-4.116267,119.937073,19.220615,0.141927,-0.643042,0.111940,-0.744193,-13.357043,122.523308,6.081942,0.044398,-0.160468,-0.476524,-0.863252,-10.040676,114.696327,-14.661794,-0.168658,-0.134398,0.736634,0.640985,0.248788,131.524689,-21.309319,-0.072783,0.982776,0.040031,0.165078,1.375246,119.767342,23.647387,0.273226,0.750677,0.002622,-0.601519,16.585909,121.879829,29.021248,-0.084307,-0.012032,0.498739,-0.862558,19.433983,112.754509,8.743684,0.030036,-0.192346,0.774999,-0.601230,9.138174,130.350510,10.893172,0.048303,0.899658,0.114334,0.418582,-7.807388,83.332489,14.606014,0.089881,0.943065,-0.025968,0.319180,-7.499506,49.441113,5.998086,0.011263,0.958577,0.076428,0.274156,-15.856093,5.324495,5.621055,-0.089521,0.920536,-0.066768,0.374354,4.766475,83.415749,26.980686,-0.020162,0.912553,-0.092331,0.397889,8.781738,49.319206,33.623016,-0.047521,0.932563,0.052131,0.354050,7.134849,5.218628,41.910183,0.011263,0.958577,0.076428,0.274156,-8.762358,1.516298,-6.342422,-0.047521,0.932563,0.052131,0.354050,16.526537,1.273776,31.703196
435,3.625000,0.009925,0.924908,-0.030406,0.378844,-1.518847,83.374664,20.790440,-0.005943,0.937893,0.040917,0.344453,-1.219404,90.593109,20.437992,0.017310,0.942861,-0.012966,0.332483,-1.871004,107.099785,21.641478,0.002298,0.966877,0.075308,0.243868,-1.123563,125.196823,21.407072,0.030678,0.985448,-0.088156,0.142055,-0.732429,138.969116,21.879135,0.054964,0.882858,0.067137,0.461555,-4.116310,119.936844,19.217482,0.141926,-0.643023,0.111874,-0.744220,-13.355791,122.524155,6.078109,0.044420,-0.160328,-0.476553,-0.863261,-10.037676,114.699402,-14.666189,-0.168788,-0.134569,0.736424,0.641156,0.252125,131.528503,-21.309036,-0.072755,0.982777,0.040082,0.165075,1.375163,119.767380,23.644318,0.273053,0.750748,0.002713,-0.601508,16.585999,121.878708,29.018152,-0.084561,-0.012023,0.498695,-0.862559,19.438921,112.760803,8.737932,0.029753,-0.192529,0.775111,-0.601041,9.140731,130.356064,10.892282,0.048351,0.899684,0.114296,0.418531,-7.806101,83.333389,14.603427,0.089841,0.943037,-0.025984,0.319273,-7.502867,49.441727,5.996430,0.011284,0.958599,0.076456,0.274073,-15.856486,5.324528,5.621087,-0.089492,0.920546,-0.066798,0.374331,4.768406,83.415947,26.977453,-0.020120,0.912609,-0.092352,0.397757,8.781219,49.319324,33.620850,-0.047403,0.932526,0.052182,0.354154,7.131340,5.218938,41.908463,0.011284,0.958599,0.076456,0.274073,-8.764887,1.516997,-6.343871,-0.047403,0.932526,0.052182,0.354154,16.524338,1.274248,31.702614
436,3.633333,0.010005,0.924900,-0.030485,0.378855,-1.519320,83.373856,20.787920,-0.005978,0.937885,0.040952,0.344468,-1.218382,90.592201,20.434866,0.017341,0.942855,-0.012978,0.332497,-1.871505,107.098541,21.639027,0.002287,0.966866,0.075302,0.243914,-1.122836,125.195541,21.404613,0.030617,0.985446,-0.088066,0.142140,-0.731910,138.967850,21.876516,0.054998,0.882826,0.067172,0.461608,-4.115868,119.935753,19.214939,0.141799,-0.643041,0.111873,-0.744229,-13.353618,122.524605,6.074663,0.044355,-0.160192,-0.476519,-0.863308,-10.036519,114.703392,-14.671124,-0.168953,-0.134581,0.736302,0.641250,0.256430,131.532898,-21.308023,-0.072823,0.982771,0.040118,0.165071,1.375453,119.765915,23.641945,0.272965,0.750834,0.002751,-0.601441,16.586000,121.879234,29.015804,-0.084625,-0.012009,0.498590,-0.862614,19.444693,112.764252,8.735092,0.029623,-0.192653,0.774975,-0.601183,9.142503,130.356491,10.889832,0.048309,0.899706,0.114265,0.418496,-7.806391,83.333351,14.600719,0.089839,0.943061,-0.025977,0.319201,-7.501744,49.440910,5.996841,0.011396,0.958612,0.076484,0.274012,-15.855038,5.323658,5.621539,-0.089483,0.920558,-0.066789,0.374306,4.767752,83.414368,26.975119,-0.020131,0.912599,-0.092373,0.397775,8.780399,49.317539,33.617558,-0.047135,0.932500,0.052315,0.354238,7.130460,5.217537,41.907196,0.011396,0.958612,0.076484,0.274012,-8.765825,1.516166,-6.344843,-0.047135,0.932500,0.052315,0.354238,16.523205,1.273551,31.700850
437,3.641667,0.010114,0.924896,-0.030523,0.378858,-1.520498,83.373055,20.784027,-0.006086,0.937875,0.040915,0.344500,-1.217883,90.591331,20.431070,0.017554,0.942840,-0.012983,0.332530,-1.873996,107.098259,21.632858,0.002145,0.966849,0.075411,0.243952,-1.117985,125.194977,21.400888,0.030541,0.985438,-0.088032,0.142229,-0.731551,138.967331,21.874813,0.055030,0.882852,0.067145,0.461557,-4.112975,119.936691,19.210287,0.141819,-0.643003,0.111841,-0.744262,-13.352132,122.526016,6.071085,0.044329,-0.160146,-0.476565,-0.863293,-10.032550,114.705345,-14.674518,-0.168989,-0.134655,0.736067,0.641495,0.258768,131.535751,-21.308922,-0.072890,0.982753,0.040124,0.165145,1.377932,119.764053,23.637699,0.272924,0.750852,0.002754,-0.601437,16.587374,121.879341,29.013920,-0.084583,-0.012085,0.498539,-0.862647,19.447269,112.765610,8.732814,0.029895,-0.192470,0.774969,-0.601237,9.143414,130.355865,10.889112,0.048292,0.899737,0.114200,0.418449,-7.807487,83.334084,14.596732,0.089809,0.943000,-0.025982,0.319392,-7.504167,49.440487,5.997356,0.011483,0.958603,0.076498,0.274038,-15.855026,5.322775,5.621645,-0.089522,0.920548,-0.066803,0.374318,4.766491,83.412018,26.971323,-0.020153,0.912528,-0.092376,0.397936,8.781180,49.315826,33.615772,-0.047434,0.932513,0.052134,0.354191,7.131469,5.215967,41.906208,0.011483,0.958603,0.076498,0.274038,-8.765947,1.515028,-6.344734,-0.047434,0.932513,0.052134,0.354191,16.525442,1.270397,31.701601
438,3.650000,0.010109,0.924871,-0.030567,0.378916,-1.516401,83.374901,20.780430,-0.006047,0.937865,0.041000,0.344516,-1.213586,90.593140,20.426867,0.017423,0.942840,-0.013007,0.332537,-1.869370,107.097855,21.631577,0.002129,0.966827,0.075521,0.244003,-1.117571,125.194717,21.397200,0.030463,0.985433,-0.087980,0.142316,-0.732242,138.967010,21.874027,0.055017,0.882827,0.067202,0.461600,-4.111316,119.935440,19.207272,0.141747,-0.642999,0.111814,-0.744284,-13.349258,122.525284,6.067315,0.044228,-0.160081,-0.476612,-0.863284,-10.029139,114.707520,-14.679295,-0.168998,-0.134793,0.735855,0.641707,0.260886,131.539734,-21.309217,-0.072769,0.982762,0.040012,0.165177,1.379590,119.764671,23.634760,0.272775,0.750868,0.002816,-0.601484,16.589256,121.876678,29.011646,-0.084723,-0.012144,0.498525,-0.862640,19.450283,112.769463,8.727777,0.029922,-0.192495,0.774835,-0.601400,9.145814,130.359009,10.888989,0.048298,0.899761,0.114092,0.418426,-7.802624,83.335510,14.592356,0.089822,0.943053,-0.025948,0.319232,-7.503145,49.440228,5.999505,0.011483,0.958609,0.076581,0.273994,-15.854162,5.322557,5.621985,-0.089497,0.920541,-0.066828,0.374339,4.769822,83.414284,26.968502,-0.020137,0.912504,-0.092406,0.397984,8.782107,49.318012,33.614006,-0.047368,0.932494,0.052221,0.354237,7.129553,5.218586,41.906185,0.011483,0.958609,0.076581,0.273994,-8.765888,1.517092,-6.345603,-0.047368,0.932494,0.052221,0.354237,16.524115,1.274596,31.701506
439,3.658333,0.010111,0.924885,-0.030530,0.378885,-1.512732,83.376900,20.777494,-0.006195,0.937862,0.040970,0.344527,-1.210114,90.595169,20.424423,0.017569,0.942830,-0.012938,0.332559,-1.870253,107.101509,21.626612,0.002031,0.966821,0.075517,0.244028,-1.114279,125.198257,21.396341,0.030406,0.985428,-0.087941,0.142386,-0.731507,138.970642,21.872444,0.054945,0.882795,0.067266,0.461659,-4.109118,119.940163,19.205074,0.141693,-0.643011,0.111827,-0.744281,-13.345530,122.528992,6.063850,0.044159,-0.160045,-0.476617,-0.863291,-10.026285,114.712273,-14.683287,-0.168984,-0.134934,0.735667,0.641897,0.263651,131.544800,-21.310413,-0.072840,0.982744,0.040252,0.165190,1.381514,119.767128,23.632809,0.272846,0.750831,0.002924,-0.601498,16.590694,121.880043,29.010677,-0.084731,-0.012206,0.498610,-0.862589,19.449244,112.773788,8.726027,0.029988,-0.192446,0.774792,-0.601467,9.148041,130.365524,10.889929,0.048365,0.899785,0.114002,0.418392,-7.799359,83.337799,14.589834,0.089755,0.943020,-0.025947,0.319351,-7.507063,49.441528,6.000635,0.011510,0.958629,0.076622,0.273911,-15.852362,5.322775,5.623930,-0.089498,0.920525,-0.066868,0.374370,4.773896,83.416000,26.965153,-0.020164,0.912489,-0.092449,0.398008,8.784923,49.320095,33.613312,-0.047403,0.932526,0.052177,0.354156,7.132883,5.221474,41.909863,0.011510,0.958629,0.076622,0.273911,-8.766227,1.518306,-6.345233,-0.047403,0.932526,0.052177,0.354156,16.525915,1.276658,31.704098
440,3.666667,0.010089,0.924879,-0.030499,0.378903,-1.509939,83.378899,20.774609,-0.006204,0.937867,0.040957,0.344513,-1.207770,90.597206,20.421844,0.017513,0.942839,-0.012909,0.332538,-1.867987,107.102356,21.623463,0.002002,0.966815,0.075506,0.244055,-1.114262,125.199196,21.393513,0.030380,0.985422,-0.087871,0.142478,-0.732143,138.971619,21.869148,0.054891,0.882735,0.067392,0.461762,-4.108552,119.940773,19.202282,0.141672,-0.643015,0.111739,-0.744295,-13.342069,122.530052,6.059112,0.044100,-0.159945,-0.476642,-0.863299,-10.022137,114.716782,-14.689215,-0.168961,-0.135019,0.735595,0.641967,0.267445,131.549759,-21.311207,-0.072839,0.982741,0.040338,0.165190,1.382306,119.768349,23.629763,0.272737,0.750842,0.002908,-0.601534,16.591507,121.880745,29.007790,-0.084838,-0.012255,0.498645,-0.862557,19.450764,112.777618,8.721839,0.030059,-0.192539,0.774795,-0.601430,9.150245,130.371140,10.889955,0.048383,0.899819,0.113921,0.418339,-7.796337,83.339653,14.586717,0.089733,0.943011,-0.025945,0.319383,-7.508079,49.442215,6.001970,0.011531,0.958635,0.076699,0.273865,-15.851524,5.323109,5.625411,-0.089504,0.920536,-0.066924,0.374330,4.776460,83.418152,26.962502,-0.020143,0.912457,-0.092450,0.398082,8.786714,49.322857,33.614262,-0.047286,0.932538,0.052252,0.354129,7.132225,5.224180,41.910023,0.011531,0.958635,0.076699,0.273865,-8.766473,1.520600,-6.345022,-0.047286,0.932538,0.052252,0.354129,16.523817,1.280068,31.702665
441,3.675000,0.010072,0.924874,-0.030492,0.378916,-1.507470,83.378105,20.772066,-0.006236,0.937862,0.040941,0.344529,-1.205562,90.596428,20.419308,0.017496,0.942833,-0.012898,0.332556,-1.866628,107.102623,21.620117,0.002078,0.966805,0.075567,0.244078,-1.113613,125.199493,21.390347,0.030234,0.985427,-0.087878,0.142468,-0.729872,138.971786,21.868147,0.054927,0.882758,0.067032,0.461766,-4.107609,119.940971,19.198954,0.141636,-0.643030,0.111550,-0.744317,-13.340859,122.525932,6.054738,0.044068,-0.159765,-0.476605,-0.863354,-10.019934,114.719795,-14.696124,-0.168922,-0.135152,0.735529,0.642025,0.273205,131.552597,-21.311125,-0.072839,0.982736,0.040385,0.165208,1.383084,119.768715,23.626648,0.272752,0.750844,0.003014,-0.601524,16.592083,121.880852,29.005354,-0.084893,-0.012303,0.498685,-0.862529,19.451506,112.780022,8.718388,0.030050,-0.192556,0.774789,-0.601433,9.152438,130.374557,10.889486,0.048447,0.899791,0.113879,0.418403,-7.793707,83.338615,14.584011,0.089714,0.942979,-0.025969,0.319479,-7.510107,49.440956,6.000012,0.011657,0.958614,0.076811,0.273904,-15.852612,5.321651,5.625175,-0.089496,0.920529,-0.066941,0.374346,4.778769,83.417595,26.960123,-0.020157,0.912456,-0.092492,0.398074,8.787947,49.322361,33.612816,-0.047184,0.932568,0.052280,0.354059,7.133154,5.224428,41.912479,0.011657,0.958614,0.076811,0.273904,-8.767438,1.521231,-6.345849,-0.047184,0.932568,0.052280,0.354059,16.522408,1.279932,31.703114
442,3.683333,0.010081,0.924874,-0.030553,0.378910,-1.505995,83.376823,20.768700,-0.006248,0.937855,0.040960,0.344545,-1.203636,90.595085,20.415171,0.017519,0.942824,-0.012932,0.332578,-1.865307,107.101128,21.616436,0.001960,0.966805,0.075596,0.244069,-1.111091,125.197945,21.385811,0.030222,0.985431,-0.087838,0.142464,-0.730693,138.970337,21.863596,0.054945,0.882717,0.067393,0.461790,-4.105328,119.939507,19.194534,0.141687,-0.643015,0.111572,-0.744318,-13.337791,122.530365,6.050930,0.044137,-0.159664,-0.476603,-0.863370,-10.016182,114.722122,-14.699024,-0.169028,-0.135231,0.735504,0.642010,0.278320,131.554901,-21.311893,-0.072889,0.982726,0.040392,0.165245,1.385143,119.767120,23.622498,0.272727,0.750873,0.003059,-0.601498,16.593513,121.880737,29.002398,-0.084941,-0.012351,0.498645,-0.862546,19.454920,112.781609,8.714953,0.029927,-0.192724,0.774639,-0.601578,9.154736,130.374115,10.888483,0.048473,0.899776,0.113798,0.418453,-7.792310,83.337082,14.580724,0.089686,0.942972,-0.025964,0.319509,-7.512267,49.438293,6.001046,0.011395,0.958636,0.076764,0.273850,-15.852240,5.318513,5.626351,-0.089467,0.920552,-0.066933,0.374299,4.780319,83.416573,26.956675,-0.020167,0.912481,-0.092535,0.398007,8.788180,49.320908,33.607971,-0.047506,0.932577,0.052121,0.354014,7.133263,5.223724,41.911602,0.011395,0.958636,0.076764,0.273850,-8.766130,1.518722,-6.344317,-0.047506,0.932577,0.052121,0.354014,16.524031,1.278445,31.703934
443,3.691667,0.010131,0.924877,-0.030591,0.378899,-1.505822,83.375702,20.765295,-0.006231,0.937850,0.041004,0.344554,-1.202593,90.593918,20.411528,0.017455,0.942819,-0.012930,0.332596,-1.864275,107.100311,21.614363,0.002084,0.966800,0.075594,0.244087,-1.112283,125.197205,21.383022,0.030115,0.985437,-0.087869,0.142430,-0.728539,138.969482,21.861614,0.055012,0.882671,0.067338,0.461877,-4.105796,119.938301,19.191858,0.141639,-0.643026,0.111517,-0.744326,-13.335407,122.530388,6.046492,0.044145,-0.159541,-0.476558,-0.863418,-10.013874,114.725266,-14.704654,-0.169125,-0.135271,0.735451,0.642036,0.283876,131.557251,-21.313351,-0.072870,0.982740,0.040346,0.165179,1.384544,119.766769,23.620016,0.272736,0.750896,0.003076,-0.601466,16.593710,121.880150,28.997765,-0.085016,-0.012349,0.498652,-0.862535,19.456652,112.780907,8.710584,0.029783,-0.192798,0.774568,-0.601652,9.156767,130.373352,10.885588,0.048461,0.899756,0.113756,0.418509,-7.792264,83.336517,14.577444,0.089703,0.942980,-0.025952,0.319483,-7.512167,49.436985,6.000740,0.011714,0.958622,0.076866,0.273860,-15.853211,5.317420,5.624792,-0.089459,0.920587,-0.066954,0.374212,4.780621,83.414886,26.953146,-0.020153,0.912482,-0.092546,0.398002,8.788052,49.319313,33.605167,-0.047450,0.932542,0.052168,0.354109,7.131676,5.222267,41.909222,0.011714,0.958622,0.076866,0.273860,-8.769470,1.518144,-6.347445,-0.047450,0.932542,0.052168,0.354109,16.524097,1.277690,31.702801
444,3.700000,0.010145,0.924864,-0.030751,0.378917,-1.501566,83.374847,20.766363,-0.006382,0.937845,0.041001,0.344564,-1.197267,90.592918,20.410534,0.017478,0.942815,-0.012918,0.332606,-1.863634,107.099403,21.611538,0.002010,0.966802,0.075562,0.244092,-1.110975,125.196281,21.380903,0.030077,0.985435,-0.087854,0.142459,-0.728989,138.968643,21.858149,0.055046,0.882655,0.067316,0.461908,-4.104631,119.937576,19.189472,0.141404,-0.642995,0.111636,-0.744379,-13.333185,122.530342,6.043503,0.044165,-0.159478,-0.476625,-0.863391,-10.011082,114.727959,-14.708578,-0.169484,-0.135507,0.735362,0.641993,0.284683,131.561569,-21.315271,-0.072960,0.982752,0.040265,0.165085,1.385603,119.765678,23.617748,0.272788,0.750885,0.003070,-0.601456,16.595346,121.882523,28.992485,-0.084999,-0.012446,0.498697,-0.862509,19.457565,112.781479,8.706014,0.029895,-0.192839,0.774622,-0.601565,9.159332,130.375137,10.884307,0.048484,0.899809,0.113763,0.418391,-7.787759,83.334801,14.578268,0.089714,0.943006,-0.025963,0.319401,-7.510050,49.435539,6.000402,0.011538,0.958639,0.076814,0.273822,-15.852377,5.316207,5.625799,-0.089409,0.920575,-0.066942,0.374255,4.784626,83.414886,26.954460,-0.020146,0.912438,-0.092551,0.398101,8.788824,49.318573,33.604630,-0.047224,0.932543,0.052249,0.354124,7.130758,5.221581,41.908665,0.011538,0.958639,0.076814,0.273822,-8.768108,1.516778,-6.346073,-0.047224,0.932543,0.052249,0.354124,16.521681,1.276743,31.700970
445,3.708333,0.010128,0.924871,-0.030714,0.378902,-1.497820,83.374725,20.763435,-0.006422,0.937841,0.040972,0.344578,-1.193952,90.592834,20.408014,0.017519,0.942806,-0.012941,0.332629,-1.861310,107.100853,21.607784,0.001973,0.966792,0.075619,0.244114,-1.106987,125.197662,21.376879,0.029990,0.985433,-0.087876,0.142483,-0.726342,138.970016,21.855446,0.054980,0.882656,0.067364,0.461907,-4.101014,119.939194,19.185389,0.141396,-0.643011,0.111517,-0.744385,-13.329859,122.530792,6.039392,0.044172,-0.159340,-0.476575,-0.863444,-10.007474,114.732483,-14.714175,-0.169472,-0.135581,0.735360,0.641984,0.291296,131.564117,-21.315756,-0.072861,0.982754,0.040292,0.165111,1.388983,119.766869,23.613939,0.272732,0.750864,0.003074,-0.601508,16.598921,121.880386,28.989452,-0.085128,-0.012464,0.498752,-0.862464,19.459694,112.781609,8.701754,0.029812,-0.192896,0.774524,-0.601677,9.163123,130.377228,10.883598,0.048500,0.899802,0.113711,0.418419,-7.784214,83.334679,14.575542,0.089732,0.942971,-0.025967,0.319499,-7.508759,49.434700,6.000429,0.011598,0.958623,0.076920,0.273845,-15.852647,5.315667,5.624778,-0.089406,0.920605,-0.067046,0.374162,4.788575,83.414772,26.951330,-0.020139,0.912486,-0.092543,0.397995,8.790532,49.319405,33.607697,-0.047451,0.932564,0.052199,0.354046,7.133111,5.222264,41.911072,0.011598,0.958623,0.076920,0.273845,-8.768056,1.518664,-6.347676,-0.047451,0.932564,0.052199,0.354046,16.524246,1.278418,31.703180
446,3.716667,0.010086,0.924880,-0.030638,0.378889,-1.495328,83.376289,20.760019,-0.006357,0.937832,0.040958,0.344605,-1.192445,90.594467,20.405378,0.017435,0.942793,-0.012879,0.332672,-1.857634,107.102081,21.605406,0.002018,0.966779,0.075594,0.244174,-1.106928,125.199059,21.375631,0.029856,0.985424,-0.087926,0.142538,-0.724843,138.971390,21.853886,0.055013,0.882639,0.066982,0.461990,-4.099702,119.940117,19.183563,0.141341,-0.643062,0.111353,-0.744375,-13.325912,122.527077,6.034808,0.044094,-0.159207,-0.476482,-0.863524,-10.004852,114.735558,-14.721520,-0.169367,-0.135654,0.735230,0.642144,0.299434,131.566223,-21.317175,-0.072843,0.982759,0.040297,0.165092,1.389933,119.768616,23.612597,0.272780,0.750875,0.003120,-0.601471,16.600161,121.881546,28.987507,-0.085115,-0.012483,0.498779,-0.862450,19.461737,112.782242,8.700165,0.029896,-0.192808,0.774410,-0.601847,9.166000,130.378906,10.882612,0.048556,0.899785,0.113627,0.418472,-7.781909,83.336067,14.572319,0.089688,0.943004,-0.025948,0.319416,-7.512001,49.435127,6.000847,0.011510,0.958638,0.076903,0.273802,-15.851757,5.315313,5.625591,-0.089408,0.920586,-0.067101,0.374199,4.791252,83.416512,26.947720,-0.020137,0.912460,-0.092552,0.398053,8.791588,49.321671,33.607761,-0.047295,0.932572,0.052214,0.354043,7.133243,5.224663,41.911667,0.011510,0.958638,0.076903,0.273802,-8.767483,1.518488,-6.347100,-0.047295,0.932572,0.052214,0.354043,16.522984,1.279599,31.702974
447,3.725000,0.010056,0.924891,-0.030704,0.378857,-1.491803,83.376312,20.758226,-0.006412,0.937827,0.040954,0.344618,-1.188978,90.594444,20.402529,0.017472,0.942782,-0.012924,0.332701,-1.855872,107.102379,21.601830,0.002711,0.966776,0.075521,0.244198,-1.103351,125.199257,21.371012,0.029326,0.985473,-0.087932,0.142303,-0.702262,138.970963,21.851963,0.054965,0.882646,0.067034,0.461976,-4.096514,119.940498,19.179077,0.141250,-0.643050,0.111329,-0.744406,-13.323339,122.526840,6.030628,0.044030,-0.159129,-0.476436,-0.863567,-10.001362,114.738632,-14.726795,-0.169328,-0.135678,0.735242,0.642136,0.305336,131.568451,-21.318335,-0.072915,0.982741,0.040308,0.165161,1.392833,119.768715,23.608456,0.272866,0.750868,0.003189,-0.601441,16.601982,121.883759,28.985590,-0.085044,-0.012515,0.498804,-0.862441,19.463100,112.783516,8.698602,0.029979,-0.192769,0.774531,-0.601701,9.168636,130.380524,10.880740,0.048575,0.899807,0.113615,0.418425,-7.778834,83.335182,14.570989,0.089692,0.943043,-0.025940,0.319299,-7.510904,49.434177,5.999684,0.012272,0.958600,0.077039,0.273863,-15.850798,5.314383,5.624635,-0.089374,0.920602,-0.067112,0.374166,4.795229,83.417442,26.945465,-0.020136,0.912549,-0.092598,0.397837,8.793308,49.322285,33.605228,-0.047303,0.932600,0.052195,0.353972,7.135116,5.226049,41.913231,0.012272,0.958600,0.077039,0.273863,-8.771519,1.515863,-6.350477,-0.047303,0.932600,0.052195,0.353972,16.523340,1.280524,31.703318
448,3.733333,0.010024,0.924901,-0.030654,0.378836,-1.487738,83.374092,20.753819,-0.006359,0.937823,0.040972,0.344629,-1.185626,90.592278,20.398607,0.017292,0.942775,-0.012940,0.332731,-1.851011,107.097984,21.598907,0.001580,0.966757,0.075719,0.244225,-1.104408,125.195076,21.365374,0.030004,0.985392,-0.087953,0.142712,-0.734827,138.967728,21.844116,0.055070,0.882618,0.067144,0.462001,-4.095724,119.934990,19.174074,0.141075,-0.642948,0.111443,-0.744511,-13.321418,122.525978,6.025746,0.043928,-0.159118,-0.476425,-0.863580,-9.994674,114.739159,-14.731433,-0.169271,-0.135734,0.735256,0.642123,0.312762,131.569763,-21.320694,-0.072938,0.982737,0.040277,0.165187,1.393429,119.765686,23.603788,0.272743,0.750884,0.003045,-0.601478,16.602186,121.881577,28.981695,-0.085145,-0.012508,0.498800,-0.862434,19.464317,112.781395,8.694826,0.029948,-0.192891,0.774344,-0.601904,9.169529,130.378372,10.878805,0.048591,0.899833,0.113562,0.418381,-7.775050,83.332779,14.566869,0.089726,0.943035,-0.025976,0.319310,-7.510081,49.431042,5.998377,0.011611,0.958618,0.077032,0.273829,-15.853846,5.311963,5.625341,-0.089366,0.920590,-0.067179,0.374185,4.799573,83.415398,26.940769,-0.020069,0.912649,-0.092620,0.397607,8.795249,49.320774,33.604698,-0.047405,0.932584,0.052188,0.354000,7.132929,5.224660,41.912518,0.011611,0.958618,0.077032,0.273829,-8.769437,1.517902,-6.348149,-0.047405,0.932584,0.052188,0.354000,16.522642,1.280043,31.703627
449,3.741667,0.010090,0.924915,-0.030736,0.378795,-1.486073,83.372566,20.751974,-0.006540,0.937847,0.040969,0.344559,-1.182640,90.590668,20.396004,0.017414,0.942802,-0.012881,0.332648,-1.853685,107.100471,21.594481,0.001327,0.966767,0.075683,0.244198,-1.103665,125.197472,21.364389,0.030087,0.985364,-0.088025,0.142844,-0.740620,138.970398,21.840448,0.054925,0.882568,0.067447,0.462070,-4.096353,119.938385,19.172556,0.141087,-0.642869,0.111450,-0.744576,-13.320486,122.529831,6.023225,0.044055,-0.159045,-0.476365,-0.863621,-9.989249,114.742592,-14.733074,-0.169284,-0.135778,0.735463,0.641873,0.321776,131.571518,-21.322557,-0.072896,0.982741,0.040239,0.165188,1.393512,119.767166,23.601313,0.272813,0.750969,0.003151,-0.601339,16.602453,121.881927,28.979141,-0.085091,-0.012472,0.498663,-0.862519,19.470333,112.781189,8.693333,0.029789,-0.192831,0.774299,-0.601989,9.170288,130.374588,10.874422,0.048616,0.899864,0.113537,0.418320,-7.773918,83.331802,14.565563,0.089693,0.943050,-0.025960,0.319278,-7.511868,49.429848,5.997868,0.011522,0.958635,0.076999,0.273784,-15.852407,5.310160,5.624714,-0.089330,0.920608,-0.067206,0.374145,4.801773,83.413330,26.938385,-0.020084,0.912585,-0.092631,0.397750,8.794735,49.318516,33.602951,-0.047373,0.932585,0.052158,0.354007,7.131923,5.222633,41.911900,0.011522,0.958635,0.076999,0.273784,-8.768379,1.515874,-6.348929,-0.047373,0.932585,0.052158,0.354007,16.521442,1.276910,31.703260
450,3.750000,0.010129,0.924920,-0.030830,0.378773,-1.483023,83.370605,20.749556,-0.006488,0.937847,0.040980,0.344560,-1.178552,90.588608,20.392540,0.017245,0.942799,-0.012975,0.332662,-1.848018,107.095886,21.591776,0.001349,0.966761,0.075763,0.244197,-1.102636,125.193001,21.356451,0.030074,0.985368,-0.088059,0.142798,-0.739539,138.965851,21.834805,0.055064,0.882579,0.067560,0.462015,-4.093930,119.932510,19.166079,0.141052,-0.642810,0.111379,-0.744644,-13.319206,122.529579,6.018653,0.044040,-0.158957,-0.476300,-0.863673,-9.983850,114.745750,-14.738269,-0.169199,-0.135752,0.735523,0.641833,0.330350,131.572693,-21.324200,-0.072990,0.982716,0.040278,0.165285,1.395887,119.763992,23.595003,0.272671,0.751035,0.002923,-0.601322,16.603352,121.881363,28.975994,-0.085107,-0.012424,0.498651,-0.862525,19.475636,112.778458,8.691776,0.029988,-0.192935,0.774110,-0.602188,9.175630,130.370712,10.871315,0.048636,0.899851,0.113532,0.418347,-7.771146,83.329865,14.563423,0.089704,0.943118,-0.025975,0.319074,-7.510273,49.427967,5.995472,0.011369,0.958640,0.076925,0.273793,-15.852192,5.308518,5.625046,-0.089294,0.920654,-0.067254,0.374033,4.805101,83.411339,26.935688,-0.020053,0.912689,-0.092639,0.397511,8.795290,49.316509,33.601891,-0.047488,0.932579,0.052070,0.354021,7.131804,5.220654,41.910847,0.011369,0.958640,0.076925,0.273793,-8.766775,1.513294,-6.347480,-0.047488,0.932579,0.052070,0.354021,16.522449,1.273863,31.703646
451,3.758333,0.010111,0.924933,-0.030848,0.378741,-1.478890,83.371193,20.746975,-0.006677,0.937852,0.041016,0.344539,-1.174581,90.589180,20.389610,0.017389,0.942804,-0.012903,0.332643,-1.850414,107.099060,21.588022,0.001145,0.966770,0.075656,0.244195,-1.100991,125.196060,21.356852,0.030119,0.985345,-0.088129,0.142902,-0.742624,138.969177,21.830959,0.054891,0.882534,0.067571,0.462119,-4.093533,119.936752,19.165363,0.141116,-0.642817,0.111198,-0.744652,-13.316289,122.529152,6.015253,0.044048,-0.158864,-0.476248,-0.863719,-9.979580,114.749443,-14.742994,-0.169067,-0.135778,0.735496,0.641892,0.337473,131.574844,-21.325640,-0.072913,0.982724,0.040278,0.165275,1.396390,119.765976,23.594065,0.272686,0.751130,0.003076,-0.601196,16.604317,121.880913,28.974693,-0.085085,-0.012399,0.498424,-0.862659,19.483046,112.780441,8.690302,0.029815,-0.192688,0.774177,-0.602190,9.173576,130.367737,10.867839,0.048641,0.899899,0.113515,0.418246,-7.767440,83.330063,14.561282,0.089763,0.943081,-0.026003,0.319164,-7.508295,49.427925,5.994183,0.011262,0.958624,0.076871,0.273869,-15.855980,5.309564,5.623610,-0.089272,0.920666,-0.067299,0.373999,4.809660,83.412323,26.932665,-0.020046,0.912722,-0.092651,0.397433,8.797489,49.317646,33.601036,-0.047341,0.932600,0.052117,0.353976,7.133739,5.221963,41.910881,0.011262,0.958624,0.076871,0.273869,-8.767910,1.513576,-6.347100,-0.047341,0.932600,0.052117,0.353976,16.522219,1.274830,31.701828
452,3.766667,0.010113,0.924952,-0.030773,0.378701,-1.475775,83.373093,20.741838,-0.006681,0.937850,0.040990,0.344547,-1.171862,90.591148,20.385473,0.017456,0.942795,-0.012877,0.332665,-1.847294,107.095322,21.582594,0.001015,0.966775,0.075659,0.244174,-1.095900,125.192276,21.353151,0.030097,0.985343,-0.088203,0.142878,-0.741040,138.965515,21.826454,0.055009,0.882558,0.067381,0.462087,-4.088904,119.933487,19.161024,0.140908,-0.642841,0.111160,-0.744677,-13.312213,122.526398,6.011392,0.043941,-0.158768,-0.476196,-0.863770,-9.976451,114.753662,-14.749628,-0.169077,-0.135867,0.735501,0.641865,0.343912,131.579010,-21.326920,-0.073048,0.982701,0.040274,0.165352,1.400784,119.761703,23.589983,0.272714,0.751161,0.003102,-0.601145,16.607246,121.880829,28.973124,-0.085061,-0.012360,0.498389,-0.862682,19.488026,112.779709,8.689305,0.029827,-0.192550,0.774105,-0.602326,9.176484,130.367493,10.864978,0.048616,0.899922,0.113440,0.418219,-7.764866,83.332520,14.556688,0.089754,0.943107,-0.026001,0.319090,-7.506655,49.429028,5.994958,0.011307,0.958636,0.076874,0.273825,-15.853533,5.310514,5.625155,-0.089269,0.920671,-0.067400,0.373970,4.813317,83.413666,26.926989,-0.020060,0.912590,-0.092643,0.397737,8.798491,49.319901,33.601616,-0.047185,0.932589,0.052151,0.354021,7.133424,5.224142,41.910763,0.011307,0.958636,0.076874,0.273825,-8.766918,1.514339,-6.346365,-0.047185,0.932589,0.052151,0.354021,16.521584,1.276293,31.701683
453,3.775000,0.010067,0.924946,-0.030848,0.378711,-1.470927,83.371735,20.740452,-0.006755,0.937847,0.040981,0.344556,-1.167215,90.589737,20.382833,0.017413,0.942793,-0.012823,0.332678,-1.844966,107.096504,21.579027,0.001012,0.966765,0.075690,0.244203,-1.095662,125.193550,21.350933,0.030042,0.985327,-0.088340,0.142915,-0.741057,138.966751,21.825094,0.054962,0.882560,0.067366,0.462091,-4.087999,119.934586,19.158340,0.140785,-0.642793,0.111146,-0.744744,-13.311357,122.525909,6.008433,0.043905,-0.158704,-0.476150,-0.863809,-9.972724,114.757172,-14.753623,-0.169012,-0.135995,0.735525,0.641828,0.350484,131.582275,-21.328175,-0.073028,0.982701,0.040325,0.165348,1.401591,119.763115,23.587433,0.272701,0.751193,0.003082,-0.601111,16.608194,121.881340,28.970524,-0.084981,-0.012418,0.498406,-0.862679,19.491133,112.779762,8.687223,0.030134,-0.192576,0.774072,-0.602345,9.180641,130.367355,10.863317,0.048681,0.899918,0.113430,0.418224,-7.759906,83.329903,14.555197,0.089768,0.943102,-0.026034,0.319095,-7.505982,49.426693,5.992221,0.011335,0.958616,0.076941,0.273873,-15.854986,5.308559,5.624713,-0.089283,0.920654,-0.067430,0.374002,4.818052,83.413567,26.925707,-0.019999,0.912708,-0.092680,0.397460,8.803070,49.320263,33.602779,-0.047125,0.932615,0.052219,0.353953,7.134161,5.224895,41.913254,0.011335,0.958616,0.076941,0.273873,-8.767286,1.513946,-6.346658,-0.047125,0.932615,0.052219,0.353953,16.520470,1.278126,31.702057
454,3.783333,0.010085,0.924960,-0.030850,0.378677,-1.466634,83.371628,20.736700,-0.006702,0.937839,0.041031,0.344571,-1.162685,90.589622,20.379152,0.017208,0.942782,-0.012857,0.332717,-1.839352,107.095566,21.577431,0.001240,0.966754,0.075708,0.244239,-1.096645,125.192833,21.345730,0.029895,0.985332,-0.088449,0.142845,-0.736043,138.965820,21.821934,0.055036,0.882541,0.067409,0.462114,-4.086897,119.932327,19.153980,0.140937,-0.642773,0.110929,-0.744764,-13.309318,122.526443,6.003967,0.044018,-0.158536,-0.476165,-0.863826,-9.967386,114.760590,-14.758630,-0.168994,-0.136073,0.735610,0.641719,0.357727,131.586548,-21.329720,-0.073009,0.982698,0.040346,0.165368,1.402427,119.763771,23.583511,0.272741,0.751244,0.003101,-0.601028,16.608896,121.881248,28.967274,-0.084900,-0.012414,0.498329,-0.862732,19.495329,112.778160,8.685139,0.030146,-0.192579,0.774062,-0.602356,9.181713,130.364136,10.859195,0.048683,0.899955,0.113391,0.418156,-7.756061,83.330109,14.551899,0.089788,0.943160,-0.026037,0.318918,-7.504120,49.426289,5.991267,0.011180,0.958629,0.076882,0.273852,-15.854970,5.308494,5.624993,-0.089261,0.920656,-0.067449,0.374000,4.822793,83.413147,26.921501,-0.020007,0.912806,-0.092748,0.397220,8.805954,49.319756,33.599213,-0.047121,0.932658,0.052164,0.353848,7.137461,5.225542,41.915859,0.011180,0.958629,0.076882,0.273852,-8.766543,1.513394,-6.345792,-0.047121,0.932658,0.052164,0.353848,16.521347,1.277234,31.703032
455,3.791667,0.010115,0.924971,-0.030950,0.378640,-1.462120,83.370079,20.733198,-0.006817,0.937849,0.041075,0.344538,-1.157236,90.587975,20.374456,0.017293,0.942791,-0.012934,0.332684,-1.837843,107.091644,21.572638,0.001128,0.966741,0.075822,0.244259,-1.091307,125.188736,21.339304,0.029772,0.985314,-0.088528,0.142942,-0.734437,138.961731,21.817852,0.055067,0.882537,0.067848,0.462053,-4.082828,119.928673,19.148220,0.140843,-0.642699,0.111110,-0.744820,-13.306944,122.530151,6.000855,0.043927,-0.158554,-0.476141,-0.863841,-9.962503,114.761162,-14.760165,-0.168886,-0.136126,0.735613,0.641733,0.364333,131.588776,-21.330791,-0.073093,0.982671,0.040263,0.165509,1.406765,119.759323,23.577389,0.272680,0.751256,0.002999,-0.601042,16.611320,121.879684,28.965420,-0.084827,-0.012410,0.498276,-0.862770,19.498482,112.775757,8.683771,0.030257,-0.192648,0.774061,-0.602330,9.183249,130.359787,10.855931,0.048726,0.899944,0.113368,0.418180,-7.752021,83.328392,14.548880,0.089825,0.943150,-0.026065,0.318936,-7.503202,49.424500,5.988436,0.011129,0.958611,0.076836,0.273928,-15.857926,5.307430,5.623331,-0.089215,0.920697,-0.067490,0.373901,4.827780,83.411766,26.917517,-0.019975,0.912716,-0.092757,0.397424,8.807623,49.318184,33.596260,-0.047270,0.932620,0.052043,0.353945,7.134341,5.224010,41.912209,0.011129,0.958611,0.076836,0.273928,-8.767326,1.511384,-6.345865,-0.047270,0.932620,0.052043,0.353945,16.521358,1.274206,31.702841
456,3.800000,0.010259,0.924971,-0.031073,0.378627,-1.463485,83.366516,20.729504,-0.006906,0.937848,0.041103,0.344535,-1.156012,90.584259,20.369911,0.017480,0.942790,-0.012934,0.332677,-1.839889,107.092163,21.568277,0.001008,0.966748,0.075788,0.244242,-1.086982,125.189034,21.337172,0.029784,0.985302,-0.088628,0.142962,-0.733107,138.962158,21.813982,0.055076,0.882501,0.067810,0.462126,-4.080370,119.930290,19.145458,0.140863,-0.642654,0.111121,-0.744853,-13.302289,122.531548,5.996504,0.043842,-0.158506,-0.476140,-0.863855,-9.955398,114.761719,-14.763813,-0.168708,-0.136128,0.735650,0.641737,0.372856,131.591415,-21.331591,-0.073060,0.982671,0.040161,0.165551,1.409195,119.758461,23.574566,0.272787,0.751287,0.003110,-0.600954,16.613464,121.878258,28.963631,-0.084691,-0.012428,0.498179,-0.862839,19.502758,112.773323,8.682738,0.030191,-0.192666,0.773992,-0.602416,9.184569,130.353683,10.852233,0.048724,0.899867,0.113365,0.418346,-7.753520,83.326370,14.545311,0.089830,0.943102,-0.026111,0.319072,-7.503086,49.422409,5.985197,0.010886,0.958613,0.076731,0.273962,-15.859524,5.305645,5.622660,-0.089257,0.920731,-0.067490,0.373807,4.826549,83.406654,26.913696,-0.019911,0.912783,-0.092787,0.397268,8.809710,49.313595,33.593113,-0.047219,0.932578,0.052120,0.354051,7.131525,5.219686,41.909454,0.010886,0.958613,0.076731,0.273962,-8.766213,1.508437,-6.344563,-0.047219,0.932578,0.052120,0.354051,16.520552,1.271409,31.701338
457,3.808333,0.010256,0.924992,-0.031146,0.378569,-1.458862,83.365974,20.725155,-0.006876,0.937844,0.041129,0.344543,-1.151055,90.583656,20.364546,0.017354,0.942780,-0.012992,0.332711,-1.834159,107.088783,21.563854,0.000965,0.966743,0.075956,0.244208,-1.084822,125.185738,21.329290,0.029889,0.985304,-0.088757,0.142845,-0.733278,138.958786,21.810257,0.055164,0.882493,0.067945,0.462111,-4.077025,119.925987,19.138403,0.140759,-0.642651,0.111135,-0.744873,-13.299057,122.531746,5.990426,0.043770,-0.158339,-0.476119,-0.863901,-9.952142,114.764366,-14.770794,-0.168781,-0.136164,0.735708,0.641643,0.379460,131.595474,-21.331587,-0.073173,0.982656,0.040223,0.165576,1.412283,119.756104,23.567904,0.272800,0.751299,0.003040,-0.600933,16.615734,121.879105,28.957998,-0.084682,-0.012458,0.498143,-0.862860,19.505838,112.771698,8.678333,0.030144,-0.192736,0.774003,-0.602381,9.185965,130.351471,10.848652,0.048729,0.899900,0.113321,0.418288,-7.749671,83.325317,14.541754,0.089855,0.943157,-0.026096,0.318906,-7.501381,49.420708,5.984158,0.010720,0.958606,0.076651,0.274015,-15.859548,5.304271,5.621126,-0.089229,0.920760,-0.067533,0.373737,4.831946,83.406631,26.908556,-0.019922,0.912817,-0.092831,0.397179,8.812724,49.313633,33.589687,-0.047434,0.932621,0.051899,0.353941,7.134707,5.220506,41.910217,0.010720,0.958606,0.076651,0.274015,-8.763665,1.506017,-6.344242,-0.047434,0.932621,0.051899,0.353941,16.522758,1.268677,31.702583
458,3.816667,0.010241,0.924998,-0.031165,0.378552,-1.453796,83.366425,20.721233,-0.006898,0.937832,0.041180,0.344570,-1.146087,90.584091,20.360275,0.017225,0.942764,-0.013079,0.332760,-1.830492,107.088638,21.560846,0.001109,0.966729,0.076039,0.244238,-1.084507,125.185684,21.321796,0.029849,0.985311,-0.088797,0.142782,-0.729645,138.958542,21.805992,0.055242,0.882517,0.067854,0.462068,-4.075516,119.924820,19.131943,0.140778,-0.642582,0.111004,-0.744948,-13.298559,122.531403,5.984838,0.043815,-0.158179,-0.476123,-0.863925,-9.946364,114.767944,-14.776998,-0.168681,-0.136367,0.735832,0.641484,0.387144,131.599609,-21.333111,-0.073107,0.982653,0.040210,0.165624,1.413394,119.757080,23.562017,0.272856,0.751280,0.003092,-0.600932,16.616642,121.877983,28.953514,-0.084701,-0.012494,0.498205,-0.862822,19.505463,112.770355,8.673768,0.030167,-0.192702,0.774083,-0.602288,9.187883,130.351883,10.845990,0.048777,0.899884,0.113275,0.418328,-7.744825,83.325401,14.538060,0.089863,0.943117,-0.026139,0.319017,-7.500581,49.420391,5.981913,0.010773,0.958602,0.076636,0.274032,-15.860597,5.304283,5.621241,-0.089222,0.920784,-0.067610,0.373663,4.837233,83.407440,26.904408,-0.019897,0.912728,-0.092828,0.397385,8.816072,49.315083,33.589970,-0.047206,0.932610,0.052023,0.353983,7.134236,5.221808,41.908939,0.010773,0.958602,0.076636,0.274032,-8.764828,1.505239,-6.343941,-0.047206,0.932610,0.052023,0.353983,16.521465,1.270856,31.700209
459,3.825000,0.010202,0.925018,-0.031166,0.378506,-1.449082,83.367577,20.719032,-0.006977,0.937825,0.041139,0.344590,-1.141909,90.585258,20.357834,0.017239,0.942748,-0.013006,0.332805,-1.828348,107.090614,21.556297,0.001071,0.966735,0.075966,0.244237,-1.082755,125.187706,21.319942,0.029860,0.985314,-0.088806,0.142753,-0.728422,138.960648,21.801931,0.055193,0.882513,0.067912,0.462073,-4.073428,119.927094,19.129034,0.140511,-0.642527,0.111151,-0.745024,-13.296494,122.533142,5.981837,0.043726,-0.158112,-0.476049,-0.863982,-9.942601,114.772392,-14.780733,-0.168695,-0.136481,0.735954,0.641317,0.395346,131.604279,-21.333334,-0.073130,0.982654,0.040180,0.165616,1.415051,119.758842,23.559622,0.272842,0.751306,0.003002,-0.600906,16.618282,121.880653,28.950819,-0.084818,-0.012394,0.498227,-0.862799,19.508808,112.770775,8.672333,0.030008,-0.192622,0.773883,-0.602579,9.192299,130.352524,10.843417,0.048849,0.899891,0.113229,0.418317,-7.740749,83.325943,14.536512,0.089856,0.943143,-0.026146,0.318943,-7.502483,49.420681,5.981213,0.010782,0.958595,0.076676,0.274044,-15.862123,5.304498,5.622047,-0.089209,0.920832,-0.067634,0.373544,4.842587,83.409210,26.901552,-0.019919,0.912594,-0.092869,0.397683,8.820805,49.316917,33.587814,-0.047305,0.932633,0.051884,0.353929,7.136578,5.224407,41.910324,0.010782,0.958595,0.076676,0.274044,-8.766035,1.506467,-6.343268,-0.047305,0.932633,0.051884,0.353929,16.523197,1.270859,31.702042
460,3.833333,0.010200,0.925033,-0.031172,0.378469,-1.445117,83.368202,20.714165,-0.007094,0.937818,0.041177,0.344604,-1.137950,90.585876,20.352863,0.017249,0.942736,-0.012998,0.332839,-1.828454,107.090691,21.551123,0.001038,0.966727,0.075969,0.244266,-1.082593,125.187775,21.315182,0.029895,0.985308,-0.088801,0.142790,-0.729125,138.960739,21.797058,0.055230,0.882473,0.067912,0.462147,-4.073183,119.927254,19.123953,0.140507,-0.642466,0.111125,-0.745082,-13.293907,122.534470,5.975346,0.043715,-0.157967,-0.476074,-0.863996,-9.936192,114.774826,-14.787024,-0.168633,-0.136614,0.736094,0.641144,0.402186,131.607361,-21.334003,-0.073103,0.982662,0.040120,0.165594,1.414977,119.758820,23.554930,0.272852,0.751360,0.003075,-0.600833,16.618568,121.880127,28.945303,-0.084889,-0.012370,0.498206,-0.862805,19.512787,112.771164,8.666925,0.029892,-0.192593,0.773810,-0.602688,9.195147,130.352737,10.838583,0.048821,0.899918,0.113209,0.418268,-7.737281,83.326515,14.532150,0.089904,0.943090,-0.026196,0.319079,-7.498325,49.420753,5.978848,0.010662,0.958588,0.076581,0.274099,-15.863390,5.305576,5.621312,-0.089192,0.920861,-0.067684,0.373469,4.847048,83.409882,26.896179,-0.019897,0.912507,-0.092892,0.397876,8.823384,49.317844,33.584892,-0.047471,0.932588,0.051813,0.354037,7.134757,5.225637,41.908157,0.010662,0.958588,0.076581,0.274099,-8.765151,1.505783,-6.342167,-0.047471,0.932588,0.051813,0.354037,16.525021,1.272068,31.703234
461,3.841667,0.010210,0.925042,-0.031244,0.378440,-1.440238,83.367218,20.709717,-0.007197,0.937808,0.041231,0.344622,-1.132558,90.584824,20.347507,0.017243,0.942724,-0.013007,0.332875,-1.826964,107.090668,21.546337,0.001020,0.966733,0.075943,0.244253,-1.081209,125.187752,21.310051,0.029916,0.985318,-0.088775,0.142732,-0.728062,138.960770,21.791094,0.055234,0.882437,0.067842,0.462225,-4.071593,119.927155,19.118708,0.140429,-0.642457,0.111117,-0.745105,-13.289945,122.533524,5.968270,0.043613,-0.157833,-0.476071,-0.864027,-9.931658,114.776314,-14.794919,-0.168637,-0.136595,0.736157,0.641074,0.408230,131.609772,-21.335003,-0.073101,0.982661,0.040158,0.165590,1.416225,119.758865,23.550117,0.272890,0.751410,0.003101,-0.600754,16.619864,121.879921,28.940451,-0.084871,-0.012345,0.498143,-0.862843,19.517414,112.769783,8.663076,0.029770,-0.192634,0.773670,-0.602861,9.197554,130.349442,10.833252,0.048885,0.899902,0.113208,0.418294,-7.732785,83.325241,14.528095,0.089891,0.943055,-0.026265,0.319183,-7.497610,49.419903,5.973003,0.010674,0.958582,0.076585,0.274118,-15.863461,5.304840,5.620803,-0.089185,0.920846,-0.067669,0.373510,4.852310,83.409187,26.891338,-0.019905,0.912397,-0.092952,0.398116,8.828285,49.316929,33.579098,-0.047448,0.932606,0.051739,0.354002,7.135965,5.225763,41.907085,0.010674,0.958582,0.076585,0.274118,-8.764872,1.505057,-6.342471,-0.047448,0.932606,0.051739,0.354002,16.525099,1.270019,31.701962
462,3.850000,0.010275,0.925038,-0.031349,0.378440,-1.437944,83.365280,20.705545,-0.007285,0.937811,0.041231,0.344612,-1.128818,90.582771,20.342289,0.017216,0.942728,-0.013006,0.332864,-1.825971,107.089142,21.540152,0.001422,0.966732,0.075873,0.244277,-1.081158,125.186264,21.303551,0.029708,0.985339,-0.088737,0.142655,-0.716773,138.958954,21.785446,0.055242,0.882407,0.068038,0.462253,-4.071326,119.925476,19.112373,0.140431,-0.642350,0.111181,-0.745188,-13.288820,122.535027,5.961968,0.043631,-0.157731,-0.476124,-0.864016,-9.924978,114.775894,-14.799600,-0.168668,-0.136688,0.736243,0.640947,0.414550,131.611710,-21.336678,-0.073118,0.982652,0.040086,0.165655,1.416614,119.757545,23.543638,0.272879,0.751471,0.003065,-0.600683,16.619469,121.879433,28.935846,-0.084902,-0.012304,0.498101,-0.862865,19.521118,112.767921,8.659678,0.029727,-0.192602,0.773747,-0.602774,9.199488,130.346634,10.828880,0.048821,0.899944,0.113117,0.418237,-7.730456,83.323669,14.523890,0.089953,0.943123,-0.026208,0.318969,-7.494532,49.416447,5.976289,0.010500,0.958576,0.076525,0.274163,-15.864094,5.302125,5.619348,-0.089170,0.920876,-0.067668,0.373439,4.854568,83.406891,26.887203,-0.019884,0.912384,-0.092976,0.398141,8.830160,49.314438,33.574207,-0.047454,0.932569,0.051737,0.354100,7.135032,5.223590,41.903347,0.010500,0.958576,0.076525,0.274163,-8.763021,1.501901,-6.342308,-0.047454,0.932569,0.051737,0.354100,16.526320,1.267925,31.700182
463,3.858333,0.010362,0.925031,-0.031484,0.378443,-1.437462,83.364426,20.700500,-0.007270,0.937789,0.041313,0.344663,-1.126431,90.581772,20.335909,0.017193,0.942704,-0.013057,0.332931,-1.824134,107.088593,21.536510,0.001468,0.966714,0.075927,0.244328,-1.079460,125.185692,21.297951,0.029674,0.985336,-0.088776,0.142659,-0.714150,138.958282,21.781670,0.055272,0.882404,0.067974,0.462265,-4.069269,119.924629,19.106951,0.140395,-0.642274,0.111216,-0.745255,-13.286293,122.534096,5.956201,0.043584,-0.157650,-0.476175,-0.864005,-9.918437,114.774994,-14.804726,-0.168649,-0.136727,0.736354,0.640816,0.420748,131.613846,-21.338341,-0.073135,0.982648,0.039982,0.165698,1.418047,119.757248,23.539011,0.272895,0.751530,0.003041,-0.600601,16.620359,121.880165,28.932350,-0.084923,-0.012162,0.498070,-0.862883,19.526026,112.766739,8.657619,0.029555,-0.192569,0.773639,-0.602932,9.203504,130.344315,10.822024,0.048810,0.899904,0.113148,0.418315,-7.729907,83.323326,14.518770,0.089961,0.943081,-0.026287,0.319082,-7.491635,49.416523,5.969575,0.010424,0.958587,0.076385,0.274169,-15.864071,5.302697,5.618083,-0.089231,0.920860,-0.067625,0.373473,4.854983,83.405533,26.882231,-0.019849,0.912417,-0.093033,0.398053,8.835357,49.313419,33.568157,-0.047476,0.932574,0.051596,0.354105,7.136068,5.223403,41.900848,0.010424,0.958587,0.076385,0.274169,-8.762553,1.499221,-6.342277,-0.047476,0.932574,0.051596,0.354105,16.527334,1.264330,31.698984
464,3.866667,0.010337,0.925039,-0.031488,0.378424,-1.433606,83.364311,20.695797,-0.007324,0.937794,0.041258,0.344655,-1.122898,90.581657,20.331017,0.017157,0.942706,-0.012983,0.332929,-1.821665,107.089401,21.529364,0.001518,0.966710,0.075934,0.244344,-1.079107,125.186623,21.292902,0.029683,0.985334,-0.088761,0.142680,-0.712498,138.959167,21.777140,0.055269,0.882397,0.067696,0.462319,-4.068311,119.925453,19.101303,0.140334,-0.642296,0.111121,-0.745261,-13.283710,122.530762,5.948586,0.043520,-0.157470,-0.476163,-0.864048,-9.916207,114.776405,-14.814181,-0.168667,-0.136800,0.736381,0.640766,0.425607,131.616028,-21.340134,-0.073146,0.982630,0.040028,0.165791,1.419044,119.758209,23.533321,0.272873,0.751581,0.003074,-0.600548,16.620306,121.881065,28.929646,-0.084967,-0.012088,0.498040,-0.862897,19.529373,112.768646,8.654943,0.029520,-0.192433,0.773731,-0.602858,9.205411,130.345917,10.817554,0.048732,0.900008,0.113064,0.418124,-7.726320,83.322784,14.514342,0.090044,0.943118,-0.026256,0.318954,-7.487473,49.414120,5.972543,0.010384,0.958557,0.076411,0.274266,-15.865978,5.301476,5.617139,-0.089258,0.920863,-0.067648,0.373455,4.859108,83.405830,26.877251,-0.019808,0.912355,-0.093093,0.398184,8.840699,49.314262,33.565243,-0.047198,0.932567,0.051728,0.354140,7.134755,5.225101,41.901077,0.010384,0.958557,0.076411,0.274266,-8.761683,1.498920,-6.341864,-0.047198,0.932567,0.051728,0.354140,16.524618,1.266554,31.697718
465,3.875000,0.010268,0.925034,-0.031456,0.378441,-1.429240,83.366364,20.690704,-0.007386,0.937776,0.041242,0.344704,-1.119619,90.583763,20.325970,0.017170,0.942684,-0.012992,0.332991,-1.820219,107.091858,21.523083,0.001416,0.966698,0.075967,0.244381,-1.077104,125.189056,21.286537,0.029733,0.985331,-0.088700,0.142725,-0.713408,138.961670,21.771034,0.055189,0.882407,0.067889,0.462281,-4.066173,119.927956,19.094597,0.140366,-0.642225,0.111165,-0.745310,-13.283020,122.533836,5.943002,0.043563,-0.157401,-0.476186,-0.864045,-9.911813,114.777306,-14.818351,-0.168715,-0.136865,0.736379,0.640741,0.429782,131.617294,-21.342627,-0.073212,0.982618,0.040121,0.165807,1.420596,119.760582,23.527340,0.272908,0.751600,0.003091,-0.600507,16.621380,121.884987,28.924417,-0.084929,-0.012138,0.498015,-0.862914,19.531782,112.771584,8.650351,0.029564,-0.192458,0.773784,-0.602780,9.206532,130.348755,10.813932,0.048772,0.899998,0.112985,0.418162,-7.721747,83.323914,14.509043,0.090035,0.943154,-0.026270,0.318849,-7.487376,49.414284,5.970966,0.010126,0.958573,0.076384,0.274226,-15.865620,5.301574,5.617912,-0.089266,0.920898,-0.067703,0.373356,4.863268,83.408813,26.872364,-0.019787,0.912282,-0.093123,0.398345,8.844660,49.317879,33.563675,-0.047232,0.932557,0.051669,0.354172,7.134466,5.229136,41.900867,0.010126,0.958573,0.076384,0.274226,-8.760023,1.500118,-6.340672,-0.047232,0.932557,0.051669,0.354172,16.525190,1.269457,31.698734
466,3.883333,0.010245,0.925032,-0.031449,0.378447,-1.426391,83.367752,20.684887,-0.007377,0.937760,0.041209,0.344751,-1.117114,90.585159,20.320129,0.017081,0.942664,-0.012867,0.333057,-1.817144,107.094193,21.516335,0.001170,0.966687,0.075966,0.244425,-1.078550,125.191620,21.283026,0.029937,0.985313,-0.088644,0.142842,-0.721344,138.964447,21.765923,0.055133,0.882391,0.067866,0.462321,-4.065989,119.930145,19.089758,0.140336,-0.642174,0.111209,-0.745353,-13.281819,122.534111,5.937071,0.043558,-0.157339,-0.476223,-0.864036,-9.908148,114.777054,-14.823684,-0.168739,-0.136925,0.736491,0.640593,0.433528,131.619583,-21.346115,-0.073183,0.982622,0.040232,0.165768,1.420203,119.763397,23.523239,0.272816,0.751635,0.003021,-0.600506,16.621544,121.886337,28.919310,-0.084968,-0.012168,0.497982,-0.862929,19.534266,112.773727,8.645222,0.029713,-0.192404,0.773816,-0.602750,9.206929,130.351227,10.810731,0.048886,0.899907,0.112958,0.418353,-7.718828,83.324982,14.503157,0.089984,0.943141,-0.026347,0.318895,-7.490569,49.415691,5.963544,0.010168,0.958578,0.076390,0.274206,-15.866685,5.302522,5.618112,-0.089312,0.920865,-0.067703,0.373427,4.866047,83.410522,26.866615,-0.019772,0.912246,-0.093204,0.398409,8.849844,49.320160,33.559395,-0.047251,0.932579,0.051594,0.354122,7.134832,5.232730,41.902523,0.010168,0.958578,0.076390,0.274206,-8.761949,1.500961,-6.340948,-0.047251,0.932579,0.051594,0.354122,16.524488,1.271277,31.700098
467,3.891667,0.010165,0.925036,-0.031429,0.378440,-1.422009,83.367348,20.680122,-0.007425,0.937739,0.041212,0.344807,-1.113912,90.584801,20.315193,0.017043,0.942637,-0.012845,0.333138,-1.815557,107.093933,21.510937,0.001208,0.966664,0.076040,0.244494,-1.078525,125.191429,21.277983,0.029955,0.985305,-0.088681,0.142873,-0.720723,138.964172,21.763182,0.055188,0.882407,0.067773,0.462298,-4.065125,119.929718,19.084139,0.140466,-0.642122,0.111114,-0.745387,-13.281467,122.533859,5.931845,0.043662,-0.157259,-0.476238,-0.864037,-9.903850,114.776405,-14.828120,-0.168732,-0.136956,0.736533,0.640540,0.437916,131.618317,-21.349541,-0.073208,0.982616,0.040220,0.165795,1.420328,119.763397,23.518553,0.272800,0.751652,0.002962,-0.600492,16.621260,121.887161,28.915464,-0.084983,-0.012160,0.497995,-0.862920,19.535151,112.773308,8.642098,0.029745,-0.192440,0.773840,-0.602705,9.208184,130.351318,10.807693,0.048942,0.899864,0.112943,0.418441,-7.714573,83.323410,14.498528,0.090012,0.943041,-0.026432,0.319175,-7.489413,49.414272,5.958239,0.010199,0.958559,0.076346,0.274285,-15.870195,5.301952,5.616661,-0.089316,0.920860,-0.067690,0.373440,4.870555,83.411285,26.861715,-0.019802,0.912099,-0.093268,0.398728,8.854851,49.320854,33.553875,-0.047377,0.932602,0.051432,0.354067,7.137105,5.234590,41.902634,0.010199,0.958559,0.076346,0.274285,-8.763939,1.498919,-6.341031,-0.047377,0.932602,0.051432,0.354067,16.526316,1.270235,31.700920
468,3.900000,0.010238,0.925027,-0.031498,0.378456,-1.421154,83.366776,20.673510,-0.007491,0.937728,0.041262,0.344831,-1.111701,90.584145,20.308062,0.017054,0.942627,-0.012843,0.333164,-1.815951,107.092323,21.504501,0.001498,0.966661,0.075975,0.244526,-1.078531,125.189804,21.271753,0.029820,0.985323,-0.088613,0.142816,-0.712512,138.962326,21.757191,0.055169,0.882387,0.067621,0.462360,-4.065116,119.928169,19.077692,0.140468,-0.642089,0.111110,-0.745416,-13.279647,122.529556,5.923581,0.043588,-0.157215,-0.476238,-0.864049,-9.900084,114.772224,-14.836119,-0.168655,-0.136835,0.736615,0.640492,0.442119,131.614716,-21.354410,-0.073247,0.982602,0.040206,0.165863,1.420082,119.761703,23.512415,0.272686,0.751746,0.002896,-0.600426,16.620090,121.886681,28.911459,-0.085012,-0.012114,0.497870,-0.862990,19.540300,112.773727,8.638594,0.029698,-0.192518,0.773818,-0.602711,9.208638,130.348129,10.802668,0.048850,0.899890,0.112890,0.418411,-7.713479,83.323547,14.491665,0.090094,0.943105,-0.026421,0.318965,-7.484468,49.412937,5.957344,0.010029,0.958526,0.076215,0.274444,-15.871840,5.301884,5.614362,-0.089352,0.920819,-0.067671,0.373538,4.871172,83.410004,26.855352,-0.019771,0.912068,-0.093309,0.398791,8.857576,49.319832,33.547585,-0.047423,0.932569,0.051332,0.354162,7.135297,5.234146,41.898438,0.010029,0.958526,0.076215,0.274444,-8.760580,1.496385,-6.339570,-0.047423,0.932569,0.051332,0.354162,16.526737,1.267740,31.699574
469,3.908333,0.010246,0.925017,-0.031601,0.378470,-1.419880,83.365395,20.667835,-0.007530,0.937716,0.041281,0.344861,-1.109755,90.582664,20.301060,0.017076,0.942615,-0.012817,0.333199,-1.815487,107.090881,21.497635,0.001538,0.966648,0.076036,0.244555,-1.077633,125.188354,21.266090,0.029864,0.985321,-0.088617,0.142822,-0.710935,138.960785,21.753464,0.055250,0.882401,0.067468,0.462346,-4.064173,119.926926,19.071472,0.139112,-0.641779,0.112651,-0.745706,-13.278824,122.528336,5.917458,0.042682,-0.157745,-0.476130,-0.864057,-9.896869,114.759018,-14.837358,-0.168541,-0.136684,0.736744,0.640406,0.447232,131.610260,-21.359539,-0.073293,0.982591,0.040147,0.165928,1.420686,119.760063,23.506598,0.272702,0.751810,0.002912,-0.600339,16.619774,121.886681,28.907568,-0.085024,-0.012078,0.497810,-0.863024,19.544264,112.772812,8.635736,0.029557,-0.192577,0.773758,-0.602777,9.210636,130.345016,10.798431,0.048904,0.899798,0.112887,0.418604,-7.712014,83.321602,14.485802,0.090053,0.943040,-0.026513,0.319159,-7.484595,49.411316,5.950121,0.009925,0.958543,0.076135,0.274411,-15.871087,5.300036,5.614357,-0.089351,0.920833,-0.067686,0.373498,4.872253,83.409187,26.849865,-0.019784,0.911983,-0.093324,0.398981,8.858501,49.319149,33.542877,-0.047524,0.932557,0.051198,0.354201,7.134994,5.233768,41.895115,0.009925,0.958543,0.076135,0.274411,-8.759917,1.493139,-6.339183,-0.047524,0.932557,0.051198,0.354201,16.527847,1.265001,31.698475
470,3.916667,0.010306,0.925001,-0.031634,0.378505,-1.419165,83.365776,20.660955,-0.007541,0.937692,0.041326,0.344920,-1.108031,90.583000,20.294075,0.017033,0.942592,-0.012789,0.333267,-1.814667,107.090630,21.491852,0.001583,0.966624,0.076084,0.244637,-1.078606,125.188187,21.260777,0.029914,0.985309,-0.088601,0.142899,-0.710934,138.960526,21.749834,0.055264,0.882407,0.067463,0.462335,-4.064296,119.926498,19.065622,0.139169,-0.641687,0.112685,-0.745769,-13.279244,122.528229,5.911882,0.042735,-0.157781,-0.476123,-0.864052,-9.892373,114.756409,-14.841188,-0.168518,-0.136582,0.736768,0.640406,0.450408,131.604965,-21.364960,-0.073313,0.982568,0.040067,0.166072,1.419935,119.760094,23.501534,0.272645,0.751935,0.002920,-0.600208,16.617363,121.887543,28.906828,-0.085076,-0.011885,0.497680,-0.863097,19.550306,112.774261,8.635956,0.029264,-0.192602,0.773617,-0.602963,9.211864,130.342880,10.792333,0.048800,0.899839,0.112827,0.418544,-7.710809,83.322723,14.478423,0.090139,0.943110,-0.026494,0.318930,-7.479223,49.410774,5.949458,0.010173,0.958527,0.076168,0.274447,-15.872477,5.300799,5.611639,-0.089411,0.920809,-0.067702,0.373541,4.872479,83.408829,26.843485,-0.019781,0.911951,-0.093369,0.399044,8.861791,49.319687,33.539230,-0.047346,0.932558,0.051249,0.354213,7.135836,5.235052,41.894875,0.010173,0.958527,0.076168,0.274447,-8.762572,1.493015,-6.342364,-0.047346,0.932558,0.051249,0.354213,16.527493,1.265745,31.697346
471,3.925000,0.010251,0.925014,-0.031565,0.378479,-1.415177,83.366966,20.652788,-0.007617,0.937672,0.041349,0.344969,-1.105170,90.584267,20.286528,0.017016,0.942565,-0.012732,0.333346,-1.814610,107.094215,21.484259,0.001591,0.966588,0.076194,0.244745,-1.079787,125.191841,21.254993,0.029997,0.985288,-0.088603,0.143029,-0.712545,138.964096,21.747194,0.055139,0.882405,0.067561,0.462338,-4.064740,119.930161,19.058851,0.139288,-0.641602,0.112707,-0.745817,-13.280037,122.529755,5.904934,0.042695,-0.157848,-0.475911,-0.864159,-9.888499,114.754066,-14.845935,-0.167954,-0.136387,0.736981,0.640351,0.461862,131.597275,-21.371634,-0.073295,0.982568,0.040216,0.166047,1.418765,119.763718,23.495661,0.272615,0.751984,0.002919,-0.600160,16.616552,121.889832,28.900476,-0.085266,-0.011870,0.497720,-0.863055,19.552805,112.776924,8.629921,0.029172,-0.192507,0.773657,-0.602946,9.215050,130.347687,10.789972,0.048845,0.899753,0.112815,0.418725,-7.707176,83.323494,14.470620,0.090140,0.943194,-0.026546,0.318677,-7.477101,49.411671,5.941135,0.010135,0.958521,0.076154,0.274472,-15.872071,5.301973,5.609977,-0.089456,0.920740,-0.067749,0.373691,4.876823,83.410439,26.834955,-0.019771,0.911868,-0.093429,0.399220,8.866676,49.322315,33.535564,-0.047403,0.932559,0.051159,0.354218,7.136089,5.238652,41.895374,0.010135,0.958521,0.076154,0.274472,-8.761261,1.494068,-6.343450,-0.047403,0.932559,0.051159,0.354218,16.528145,1.267615,31.698889
472,3.933333,0.010164,0.925006,-0.031527,0.378506,-1.411004,83.368080,20.645947,-0.007620,0.937653,0.041390,0.345016,-1.102370,90.585449,20.279720,0.016887,0.942547,-0.012663,0.333407,-1.812415,107.094658,21.478622,0.001245,0.966578,0.076232,0.244772,-1.082829,125.192513,21.250198,0.030366,0.985266,-0.088524,0.143148,-0.725040,138.965042,21.741127,0.055068,0.882383,0.067605,0.462382,-4.065972,119.930054,19.053457,0.139337,-0.641578,0.112728,-0.745825,-13.280207,122.528351,5.898537,0.042768,-0.157790,-0.475859,-0.864194,-9.887499,114.750633,-14.851379,-0.167995,-0.136328,0.737077,0.640242,0.464898,131.591049,-21.376076,-0.073318,0.982551,0.040255,0.166128,1.417017,119.765022,23.490959,0.272552,0.752085,0.002900,-0.600062,16.613827,121.891510,28.898382,-0.085472,-0.011677,0.497724,-0.863035,19.556873,112.778984,8.628633,0.028976,-0.192285,0.773392,-0.603367,9.218972,130.350250,10.786094,0.048856,0.899770,0.112746,0.418707,-7.702687,83.323418,14.463462,0.090154,0.943144,-0.026611,0.318816,-7.475507,49.410580,5.937931,0.009979,0.958526,0.076228,0.274439,-15.873363,5.301401,5.610639,-0.089477,0.920725,-0.067823,0.373711,4.880678,83.412743,26.828428,-0.019841,0.911778,-0.093477,0.399411,8.869730,49.325573,33.534355,-0.047287,0.932625,0.051185,0.354055,7.141370,5.242962,41.900173,0.009979,0.958526,0.076228,0.274439,-8.761722,1.496600,-6.343286,-0.047287,0.932625,0.051185,0.354055,16.528973,1.271280,31.699837
473,3.941667,0.010118,0.925001,-0.031516,0.378520,-1.408628,83.368591,20.640131,-0.007670,0.937623,0.041382,0.345097,-1.100661,90.585983,20.273804,0.016749,0.942511,-0.012569,0.333518,-1.812214,107.093941,21.471729,0.001440,0.966531,0.076262,0.244947,-1.088441,125.192047,21.244934,0.030370,0.985243,-0.088503,0.143319,-0.725471,138.964371,21.738190,0.055095,0.882327,0.067685,0.462473,-4.069369,119.928802,19.047075,0.139486,-0.641562,0.112742,-0.745809,-13.280758,122.529175,5.890569,0.042904,-0.157694,-0.475789,-0.864244,-9.887248,114.746872,-14.857501,-0.168060,-0.136242,0.737174,0.640132,0.468441,131.583755,-21.381149,-0.073257,0.982554,0.040166,0.166153,1.412644,119.765182,23.485838,0.272434,0.752208,0.002926,-0.599962,16.609468,121.890190,28.893814,-0.085682,-0.011564,0.497665,-0.863050,19.560797,112.780823,8.623847,0.028738,-0.192283,0.773375,-0.603400,9.219594,130.351929,10.781601,0.048885,0.899759,0.112721,0.418735,-7.700142,83.323250,14.457479,0.090126,0.943111,-0.026676,0.318917,-7.475247,49.410202,5.932699,0.010124,0.958521,0.076332,0.274423,-15.872635,5.300898,5.610829,-0.089496,0.920670,-0.067854,0.373835,4.882886,83.413940,26.822784,-0.019803,0.911632,-0.093483,0.399744,8.871421,49.327312,33.531765,-0.047329,0.932564,0.051210,0.354205,7.136714,5.244663,41.896034,0.010124,0.958521,0.076332,0.274423,-8.762412,1.497886,-6.344512,-0.047329,0.932564,0.051210,0.354205,16.527971,1.274174,31.698591
474,3.950000,0.010027,0.924977,-0.031457,0.378587,-1.404865,83.366241,20.632175,-0.007750,0.937605,0.041463,0.345135,-1.098408,90.583710,20.266167,0.016858,0.942499,-0.012616,0.333545,-1.813575,107.095016,21.465927,0.001351,0.966513,0.076363,0.244989,-1.085520,125.192940,21.238848,0.030407,0.985234,-0.088463,0.143402,-0.725540,138.965256,21.734289,0.055053,0.882353,0.067565,0.462447,-4.067556,119.930359,19.040907,0.140900,-0.641687,0.111562,-0.745614,-13.279889,122.527710,5.884467,0.043842,-0.157285,-0.475915,-0.864201,-9.881680,114.744400,-14.862451,-0.168199,-0.136157,0.737156,0.640134,0.470942,131.574005,-21.387745,-0.073218,0.982519,0.040085,0.166400,1.414150,119.765533,23.480001,0.272482,0.752291,0.003076,-0.599835,16.608480,121.889343,28.895441,-0.085589,-0.011453,0.497586,-0.863106,19.565466,112.781380,8.625674,0.028576,-0.192420,0.773376,-0.603364,9.221949,130.349548,10.777128,0.048894,0.899698,0.112693,0.418872,-7.695506,83.319771,14.448647,0.090190,0.943064,-0.026770,0.319028,-7.470694,49.406349,5.925385,0.010002,0.958495,0.076330,0.274519,-15.876087,5.298534,5.608588,-0.089486,0.920657,-0.067900,0.373863,4.885776,83.412720,26.815706,-0.019841,0.911599,-0.093533,0.399808,8.872249,49.326397,33.527451,-0.047334,0.932590,0.051142,0.354146,7.138267,5.244732,41.897076,0.010002,0.958495,0.076330,0.274519,-8.762431,1.496261,-6.344940,-0.047334,0.932590,0.051142,0.354146,16.528137,1.272509,31.699038
475,3.958333,0.009987,0.924975,-0.031491,0.378589,-1.402575,83.366104,20.624409,-0.007917,0.937564,0.041534,0.345232,-1.096463,90.583549,20.257729,0.016879,0.942453,-0.012522,0.333679,-1.817778,107.095131,21.457729,0.001670,0.966483,0.076313,0.245121,-1.090085,125.193115,21.234230,0.030313,0.985237,-0.088425,0.143426,-0.721108,138.965164,21.730612,0.055010,0.882313,0.067476,0.462541,-4.071367,119.930878,19.034451,0.140970,-0.641587,0.111712,-0.745664,-13.281033,122.525787,5.875658,0.043960,-0.157217,-0.475916,-0.864208,-9.878588,114.735855,-14.868082,-0.168460,-0.135965,0.737233,0.640017,0.474895,131.564880,-21.393288,-0.073210,0.982517,0.040039,0.166426,1.409070,119.765350,23.475090,0.272443,0.752410,0.003044,-0.599704,16.603165,121.889076,28.891230,-0.085734,-0.011346,0.497541,-0.863119,19.568157,112.780106,8.623081,0.028415,-0.192340,0.773412,-0.603351,9.222655,130.347336,10.773577,0.048867,0.899706,0.112639,0.418871,-7.693215,83.318748,14.440882,0.090203,0.943092,-0.026797,0.318940,-7.468308,49.404297,5.921715,0.010048,0.958498,0.076285,0.274521,-15.875566,5.296814,5.607611,-0.089490,0.920627,-0.067962,0.373923,4.888064,83.413452,26.807934,-0.019812,0.911560,-0.093534,0.399898,8.872737,49.327778,33.524059,-0.047399,0.932547,0.051016,0.354269,7.135564,5.246019,41.892548,0.010048,0.958498,0.076285,0.274521,-8.762400,1.492997,-6.345721,-0.047399,0.932547,0.051016,0.354269,16.528364,1.271306,31.698174
476,3.966667,0.010012,0.924952,-0.031468,0.378647,-1.400187,83.366043,20.616865,-0.007961,0.937537,0.041593,0.345299,-1.093850,90.583504,20.250635,0.016837,0.942428,-0.012530,0.333751,-1.817308,107.095673,21.451967,0.001781,0.966447,0.076403,0.245233,-1.090943,125.193703,21.227764,0.030300,0.985224,-0.088399,0.143530,-0.719500,138.965561,21.727461,0.054996,0.882314,0.067345,0.462561,-4.071496,119.931137,19.027773,0.141115,-0.641534,0.111762,-0.745674,-13.280598,122.523712,5.868129,0.044085,-0.157202,-0.475874,-0.864227,-9.875620,114.728180,-14.873087,-0.168573,-0.135762,0.737248,0.640014,0.479186,131.554520,-21.399952,-0.073161,0.982516,0.039941,0.166479,1.408281,119.766220,23.469248,0.272439,0.752474,0.003101,-0.599625,16.602030,121.888855,28.886780,-0.085756,-0.011353,0.497476,-0.863154,19.571384,112.780739,8.618885,0.028315,-0.192423,0.773412,-0.603329,9.223122,130.346542,10.769861,0.048874,0.899659,0.112617,0.418979,-7.690035,83.319199,14.432530,0.090214,0.943057,-0.026881,0.319034,-7.465229,49.404449,5.914538,0.009990,0.958483,0.076255,0.274584,-15.875772,5.297554,5.606364,-0.089487,0.920595,-0.068004,0.373994,4.889662,83.412888,26.801199,-0.019823,0.911498,-0.093556,0.400032,8.872514,49.327572,33.520206,-0.047259,0.932518,0.051062,0.354358,7.134205,5.246228,41.890629,0.009990,0.958483,0.076255,0.274584,-8.760658,1.493274,-6.345661,-0.047259,0.932518,0.051062,0.354358,16.527800,1.271310,31.697065
477,3.975000,0.010009,0.924922,-0.031471,0.378719,-1.399644,83.368279,20.611382,-0.007986,0.937516,0.041560,0.345358,-1.093291,90.585732,20.245121,0.016775,0.942408,-0.012508,0.333809,-1.817199,107.097450,21.445093,0.001760,0.966416,0.076507,0.245325,-1.093202,125.195572,21.220913,0.030373,0.985207,-0.088355,0.143657,-0.722916,138.967377,21.723360,0.054960,0.882287,0.067336,0.462618,-4.072789,119.932602,19.020576,0.141145,-0.641541,0.111879,-0.745645,-13.280312,122.524094,5.859616,0.044120,-0.157156,-0.475763,-0.864295,-9.876900,114.723923,-14.880109,-0.168682,-0.135626,0.737158,0.640118,0.481791,131.545700,-21.405579,-0.073156,0.982485,0.039901,0.166671,1.406467,119.768433,23.462719,0.272333,0.752572,0.003045,-0.599550,16.598160,121.890785,28.886118,-0.085884,-0.011193,0.497456,-0.863155,19.574097,112.783524,8.618810,0.028257,-0.192315,0.773326,-0.603476,9.224744,130.349396,10.766710,0.048849,0.899643,0.112554,0.419032,-7.688533,83.321335,14.426075,0.090216,0.943111,-0.026897,0.318873,-7.463549,49.405418,5.912729,0.010022,0.958488,0.076281,0.274557,-15.874785,5.298638,5.607353,-0.089520,0.920547,-0.068020,0.374102,4.889244,83.415222,26.796690,-0.019835,0.911406,-0.093567,0.400239,8.872964,49.330475,33.518036,-0.047355,0.932511,0.050924,0.354382,7.133260,5.249363,41.889370,0.010022,0.958488,0.076281,0.274557,-8.760536,1.494864,-6.345342,-0.047355,0.932511,0.050924,0.354382,16.527908,1.271918,31.697771
478,3.983333,0.009951,0.924887,-0.031423,0.378812,-1.395664,83.370369,20.605236,-0.008058,0.937483,0.041571,0.345447,-1.090314,90.587891,20.239336,0.016679,0.942378,-0.012428,0.333903,-1.816728,107.100082,21.438807,0.001516,0.966385,0.076482,0.245454,-1.096978,125.198402,21.216282,0.030595,0.985173,-0.088230,0.143921,-0.732893,138.970428,21.716578,0.054844,0.882226,0.067380,0.462741,-4.074885,119.934906,19.014919,0.141195,-0.641576,0.111935,-0.745597,-13.279116,122.523903,5.851163,0.044154,-0.157109,-0.475614,-0.864383,-9.878273,114.720406,-14.887743,-0.168657,-0.135535,0.737129,0.640176,0.485601,131.536316,-21.411674,-0.073149,0.982478,0.039929,0.166711,1.403538,119.771660,23.458124,0.272299,0.752637,0.003116,-0.599484,16.594830,121.893600,28.882813,-0.086014,-0.011140,0.497463,-0.863139,19.575172,112.788605,8.615130,0.028231,-0.192142,0.773576,-0.603212,9.225338,130.355743,10.763947,0.048880,0.899653,0.112511,0.419018,-7.683331,83.322746,14.418690,0.090231,0.943075,-0.026977,0.318967,-7.461706,49.406361,5.907121,0.010040,0.958481,0.076321,0.274569,-15.876454,5.300206,5.607223,-0.089517,0.920483,-0.068067,0.374253,4.892004,83.417992,26.791780,-0.019879,0.911312,-0.093596,0.400444,8.873157,49.333649,33.516716,-0.047333,0.932531,0.050981,0.354326,7.134214,5.253172,41.891556,0.010040,0.958481,0.076321,0.274569,-8.761974,1.497383,-6.345643,-0.047333,0.932531,0.050981,0.354326,16.527575,1.276916,31.698305
479,3.991667,0.010013,0.924841,-0.031438,0.378921,-1.395535,83.375023,20.599670,-0.008108,0.937445,0.041568,0.345547,-1.089237,90.592514,20.233938,0.016640,0.942344,-0.012388,0.334002,-1.817194,107.102242,21.432461,0.001525,0.966349,0.076565,0.245572,-1.099206,125.200638,21.210896,0.030620,0.985156,-0.088206,0.144048,-0.735340,138.972595,21.713636,0.054850,0.882249,0.067310,0.462707,-4.076126,119.936943,19.008673,0.141337,-0.641539,0.111920,-0.745604,-13.281345,122.525009,5.845420,0.044254,-0.157131,-0.475480,-0.864448,-9.878224,114.718140,-14.891848,-0.168541,-0.135433,0.737029,0.640343,0.489671,131.528229,-21.418079,-0.073205,0.982456,0.039964,0.166803,1.401381,119.774055,23.453022,0.272291,0.752687,0.003100,-0.599425,16.591415,121.897415,28.880697,-0.086011,-0.011134,0.497434,-0.863155,19.575108,112.791618,8.613861,0.028256,-0.192167,0.773418,-0.603405,9.224168,130.358002,10.762307,0.048878,0.899640,0.112418,0.419071,-7.681726,83.328232,14.411616,0.090206,0.943094,-0.026983,0.318919,-7.462243,49.410378,5.905856,0.010163,0.958501,0.076283,0.274508,-15.875000,5.303836,5.607587,-0.089601,0.920471,-0.068061,0.374262,4.890656,83.421822,26.787725,-0.019873,0.911202,-0.093621,0.400689,8.877302,49.338486,33.514515,-0.047243,0.932514,0.050939,0.354388,7.134623,5.258414,41.890724,0.010163,0.958501,0.076283,0.274508,-8.763212,1.499159,-6.346295,-0.047243,0.932514,0.050939,0.354388,16.528444,1.280196,31.698656
480,4.000000,0.009998,0.924800,-0.031449,0.379021,-1.393920,83.375809,20.594326,-0.008087,0.937407,0.041539,0.345654,-1.087730,90.593300,20.228401,0.016542,0.942306,-0.012331,0.334116,-1.814921,107.104446,21.426289,0.001556,0.966314,0.076553,0.245713,-1.100971,125.203011,21.205572,0.030618,0.985140,-0.088122,0.144207,-0.736025,138.974945,21.708363,0.054829,0.882254,0.067014,0.462743,-4.076172,119.938728,19.002439,0.141281,-0.641565,0.112022,-0.745577,-13.280380,122.521843,5.837509,0.044089,-0.157171,-0.475315,-0.864540,-9.879783,114.713135,-14.899473,-0.168344,-0.135105,0.737041,0.640451,0.493451,131.518967,-21.423773,-0.073269,0.982433,0.039984,0.166907,1.400306,119.776901,23.448093,0.272286,0.752738,0.003120,-0.599363,16.588896,121.902016,28.879101,-0.086072,-0.011051,0.497455,-0.863139,19.576054,112.796333,8.612730,0.028194,-0.192142,0.773626,-0.603150,9.225663,130.363678,10.759556,0.048895,0.899585,0.112363,0.419202,-7.678781,83.328636,14.404925,0.090208,0.943020,-0.027055,0.319130,-7.460765,49.410023,5.902139,0.010080,0.958514,0.076266,0.274468,-15.875669,5.303854,5.608026,-0.089605,0.920399,-0.068094,0.374432,4.890942,83.422989,26.783726,-0.019877,0.911157,-0.093619,0.400791,8.875689,49.340008,33.513443,-0.047138,0.932491,0.050965,0.354459,7.132488,5.259901,41.889370,0.010080,0.958514,0.076266,0.274468,-8.764153,1.499342,-6.346067,-0.047138,0.932491,0.050965,0.354459,16.526955,1.281316,31.698042
481,4.008333,0.010046,0.924757,-0.031496,0.379120,-1.393062,83.375847,20.589056,-0.008163,0.937376,0.041558,0.345734,-1.085923,90.593269,20.222805,0.016523,0.942280,-0.012336,0.334192,-1.815794,107.104744,21.420362,0.001276,0.966290,0.076609,0.245789,-1.102395,125.203323,21.199293,0.030819,0.985115,-0.088056,0.144380,-0.745232,138.975464,21.701807,0.054737,0.882207,0.067365,0.462792,-4.077073,119.938896,18.995819,0.141353,-0.641509,0.112179,-0.745588,-13.280146,122.524666,5.830617,0.044047,-0.157305,-0.475170,-0.864597,-9.877888,114.708946,-14.903453,-0.168169,-0.134719,0.737002,0.640623,0.498857,131.509933,-21.431559,-0.073312,0.982412,0.039958,0.167018,1.398698,119.777367,23.442354,0.272210,0.752810,0.003074,-0.599307,16.585884,121.903786,28.876776,-0.086125,-0.010949,0.497430,-0.863149,19.577894,112.798500,8.610940,0.028172,-0.192152,0.773636,-0.603134,9.226585,130.365250,10.755115,0.048879,0.899530,0.112338,0.419329,-7.676581,83.329094,14.398291,0.090215,0.943004,-0.027110,0.319170,-7.457105,49.409992,5.897509,0.009997,0.958516,0.076198,0.274483,-15.874185,5.304220,5.607480,-0.089610,0.920308,-0.068061,0.374660,4.890456,83.422600,26.779821,-0.019915,0.911086,-0.093641,0.400946,8.874743,49.339371,33.508556,-0.047288,0.932483,0.050855,0.354475,7.132468,5.259779,41.887375,0.009997,0.958516,0.076198,0.274483,-8.761727,1.498450,-6.345652,-0.047288,0.932483,0.050855,0.354475,16.528347,1.279926,31.697849
482,4.016667,0.010123,0.924694,-0.031615,0.379262,-1.394389,83.376900,20.584019,-0.008200,0.937341,0.041576,0.345827,-1.085515,90.594193,20.216644,0.016432,0.942253,-0.012343,0.334272,-1.816807,107.104431,21.414190,0.001370,0.966244,0.076720,0.245936,-1.106414,125.203117,21.191839,0.030796,0.985093,-0.088029,0.144550,-0.747318,138.975067,21.698126,0.054776,0.882183,0.067344,0.462836,-4.079839,119.938019,18.988276,0.141354,-0.641409,0.112361,-0.745647,-13.281456,122.524628,5.822220,0.043936,-0.157396,-0.475068,-0.864643,-9.875279,114.703163,-14.909039,-0.167977,-0.134404,0.736980,0.640765,0.504304,131.501938,-21.438339,-0.073346,0.982381,0.039817,0.167223,1.395217,119.777748,23.435740,0.272035,0.752956,0.002996,-0.599204,16.580015,121.905670,28.876251,-0.086295,-0.010704,0.497282,-0.863220,19.581844,112.802460,8.610935,0.027870,-0.192057,0.773617,-0.603204,9.224472,130.365829,10.749379,0.048867,0.899441,0.112306,0.419530,-7.675983,83.330505,14.391295,0.090209,0.943007,-0.027164,0.319159,-7.454766,49.410805,5.892944,0.009982,0.958526,0.076163,0.274457,-15.872875,5.305195,5.607774,-0.089575,0.920223,-0.068045,0.374880,4.887205,83.423286,26.776743,-0.020037,0.910921,-0.093623,0.401319,8.868063,49.339466,33.504520,-0.047195,0.932489,0.050826,0.354475,7.132941,5.260009,41.885521,0.009982,0.958526,0.076163,0.274457,-8.761017,1.498607,-6.345455,-0.047195,0.932489,0.050826,0.354475,16.527945,1.278422,31.695864
483,4.025000,0.010105,0.924652,-0.031618,0.379363,-1.391928,83.376740,20.579321,-0.008266,0.937298,0.041585,0.345941,-1.083241,90.594032,20.211836,0.016437,0.942209,-0.012393,0.334392,-1.816837,107.104370,21.408827,0.001220,0.966210,0.076818,0.246041,-1.105624,125.203011,21.184937,0.030866,0.985076,-0.087976,0.144679,-0.751087,138.975006,21.692968,0.054762,0.882201,0.067374,0.462800,-4.078713,119.937828,18.981119,0.141364,-0.641351,0.112470,-0.745678,-13.281451,122.524467,5.815856,0.043906,-0.157467,-0.474991,-0.864673,-9.873044,114.699265,-14.913629,-0.167894,-0.134228,0.736909,0.640906,0.507942,131.494827,-21.444523,-0.073500,0.982347,0.039816,0.167351,1.395209,119.777748,23.429985,0.271915,0.753066,0.003001,-0.599120,16.577871,121.910355,28.874615,-0.086375,-0.010645,0.497134,-0.863298,19.587120,112.809944,8.609146,0.027784,-0.191984,0.773577,-0.603281,9.223969,130.369385,10.746593,0.048922,0.899369,0.112227,0.419699,-7.672172,83.329964,14.385232,0.090203,0.943028,-0.027180,0.319096,-7.455146,49.409412,5.890180,0.009959,0.958515,0.076198,0.274489,-15.873236,5.303788,5.607161,-0.089616,0.920244,-0.068107,0.374808,4.888317,83.423523,26.773409,-0.019973,0.910977,-0.093625,0.401194,8.870691,49.340809,33.505886,-0.047311,0.932478,0.050766,0.354498,7.131479,5.261153,41.885014,0.009959,0.958515,0.076198,0.274489,-8.760299,1.498275,-6.345765,-0.047311,0.932478,0.050766,0.354498,16.527861,1.279245,31.696749
484,4.033333,0.009974,0.924594,-0.031499,0.379520,-1.387755,83.377525,20.573076,-0.008364,0.937266,0.041578,0.346025,-1.081407,90.594971,20.206511,0.016431,0.942188,-0.012320,0.334456,-1.818102,107.105812,21.402151,0.001193,0.966183,0.076846,0.246136,-1.107979,125.204529,21.180700,0.030864,0.985058,-0.087956,0.144815,-0.754267,138.976532,21.689428,0.054711,0.882141,0.067446,0.462909,-4.080437,119.939438,18.975792,0.141492,-0.641406,0.112378,-0.745620,-13.280079,122.525810,5.808316,0.043972,-0.157385,-0.474869,-0.864752,-9.873948,114.699936,-14.921287,-0.167881,-0.134059,0.736918,0.640933,0.511658,131.490295,-21.450005,-0.073632,0.982327,0.039800,0.167418,1.392881,119.779137,23.425392,0.271868,0.753132,0.003008,-0.599058,16.574177,121.915909,28.872187,-0.086501,-0.010570,0.497078,-0.863319,19.587908,112.816452,8.606960,0.027664,-0.191780,0.773646,-0.603264,9.221675,130.375748,10.744295,0.049018,0.899274,0.112201,0.419898,-7.665946,83.329315,14.376919,0.090175,0.942960,-0.027309,0.319294,-7.453843,49.409016,5.880740,0.010042,0.958516,0.076255,0.274465,-15.873191,5.303568,5.607607,-0.089608,0.920145,-0.068176,0.375041,4.890436,83.425743,26.769234,-0.020056,0.910918,-0.093612,0.401327,8.868708,49.343578,33.506927,-0.047218,0.932517,0.050759,0.354410,7.135488,5.264014,41.887772,0.010042,0.958516,0.076255,0.274465,-8.761415,1.499042,-6.346324,-0.047218,0.932517,0.050759,0.354410,16.529142,1.280912,31.697464
485,4.041667,0.009919,0.924551,-0.031467,0.379628,-1.384617,83.377647,20.568142,-0.008373,0.937223,0.041542,0.346147,-1.079133,90.595139,20.201746,0.016253,0.942144,-0.012246,0.334591,-1.815933,107.108353,21.396233,0.001256,0.966121,0.076915,0.246357,-1.112749,125.207344,21.175249,0.030769,0.985022,-0.087937,0.145090,-0.757569,138.979202,21.686533,0.054638,0.882130,0.067133,0.462985,-4.082550,119.941139,18.969427,0.141389,-0.641377,0.112404,-0.745661,-13.280172,122.520851,5.799230,0.043903,-0.157347,-0.474815,-0.864792,-9.872593,114.697060,-14.930923,-0.167875,-0.134010,0.736883,0.640985,0.514980,131.485764,-21.456661,-0.073697,0.982305,0.039928,0.167486,1.389577,119.782875,23.420565,0.271729,0.753200,0.002889,-0.599036,16.569828,121.920898,28.869793,-0.086563,-0.010561,0.497020,-0.863346,19.588140,112.822113,8.604929,0.027767,-0.191809,0.773686,-0.603198,9.219166,130.380600,10.743115,0.049089,0.899208,0.112114,0.420055,-7.661379,83.328697,14.370543,0.090145,0.942911,-0.027372,0.319441,-7.454901,49.407505,5.877769,0.010011,0.958531,0.076365,0.274385,-15.873495,5.301890,5.609525,-0.089620,0.920090,-0.068261,0.375157,4.892146,83.426598,26.765743,-0.020025,0.910852,-0.093582,0.401485,8.868121,49.345402,33.509655,-0.047179,0.932474,0.050829,0.354518,7.132011,5.265218,41.886635,0.010011,0.958531,0.076365,0.274385,-8.763066,1.500599,-6.346239,-0.047179,0.932474,0.050829,0.354518,16.527811,1.283593,31.697720
486,4.050000,0.009948,0.924510,-0.031567,0.379719,-1.387693,83.381378,20.566284,-0.008343,0.937196,0.041481,0.346227,-1.081237,90.598770,20.198750,0.016122,0.942118,-0.012180,0.334672,-1.816447,107.110596,21.391497,0.001346,0.966092,0.076924,0.246470,-1.118518,125.209793,21.171261,0.030746,0.985006,-0.087950,0.145200,-0.760889,138.981552,21.683516,0.054658,0.882066,0.067074,0.463113,-4.086408,119.942795,18.964758,0.141452,-0.641348,0.112407,-0.745674,-13.280100,122.522354,5.791788,0.044020,-0.157297,-0.474768,-0.864821,-9.870889,114.696754,-14.937407,-0.167988,-0.133970,0.736887,0.640960,0.518945,131.483246,-21.463589,-0.073700,0.982303,0.039919,0.167497,1.385016,119.785988,23.416809,0.271514,0.753297,0.002742,-0.599013,16.565134,121.924126,28.866364,-0.086734,-0.010482,0.496962,-0.863363,19.589930,112.827469,8.601528,0.027791,-0.191781,0.773691,-0.603200,9.217892,130.385452,10.740287,0.049008,0.899137,0.112104,0.420220,-7.663225,83.332176,14.367443,0.090181,0.942939,-0.027387,0.319348,-7.450370,49.410278,5.877660,0.010141,0.958539,0.076286,0.274373,-15.872395,5.305302,5.610563,-0.089618,0.919959,-0.068252,0.375481,4.887837,83.430580,26.765125,-0.020140,0.910658,-0.093521,0.401933,8.861509,49.349262,33.509792,-0.047146,0.932471,0.050748,0.354540,7.132885,5.268460,41.885082,0.010141,0.958539,0.076286,0.274373,-8.763668,1.500985,-6.345250,-0.047146,0.932471,0.050748,0.354540,16.528679,1.284409,31.697119
487,4.058333,0.009800,0.924460,-0.031481,0.379851,-1.380020,83.376465,20.558941,-0.008513,0.937157,0.041566,0.346319,-1.075972,90.593971,20.191780,0.016131,0.942088,-0.012183,0.334756,-1.817829,107.111740,21.385592,0.001210,0.966064,0.077000,0.246556,-1.119540,125.210930,21.165424,0.030790,0.984986,-0.087945,0.145327,-0.765969,138.982742,21.678902,0.054657,0.882019,0.067100,0.463198,-4.087130,119.943977,18.958406,0.141494,-0.641310,0.112480,-0.745687,-13.278237,122.523987,5.783722,0.044120,-0.157270,-0.474762,-0.864824,-9.867581,114.694931,-14.943933,-0.168159,-0.133906,0.736919,0.640892,0.523474,131.481689,-21.471508,-0.073799,0.982288,0.039834,0.167561,1.383497,119.787086,23.411436,0.271448,0.753388,0.002702,-0.598928,16.562439,121.928741,28.862881,-0.086791,-0.010419,0.496851,-0.863422,19.593353,112.832115,8.598943,0.027705,-0.191704,0.773503,-0.603470,9.217275,130.386703,10.736158,0.049093,0.899123,0.112021,0.420261,-7.653835,83.325325,14.358377,0.090198,0.942856,-0.027459,0.319581,-7.448398,49.402695,5.871314,0.009914,0.958515,0.076427,0.274425,-15.873870,5.298355,5.607683,-0.089565,0.919922,-0.068344,0.375568,4.893796,83.427597,26.759506,-0.020144,0.910675,-0.093528,0.401893,8.860982,49.346493,33.509083,-0.047170,0.932471,0.050811,0.354529,7.132784,5.265829,41.885193,0.009914,0.958515,0.076427,0.274425,-8.761432,1.499391,-6.347623,-0.047170,0.932471,0.050811,0.354529,16.528681,1.283646,31.696594
488,4.066667,0.009843,0.924404,-0.031574,0.379979,-1.381226,83.374916,20.555340,-0.008498,0.937116,0.041498,0.346438,-1.076029,90.592331,20.187208,0.016088,0.942046,-0.012226,0.334873,-1.816834,107.111290,21.379051,0.001138,0.966025,0.077116,0.246673,-1.119442,125.210487,21.156967,0.030710,0.984974,-0.087917,0.145445,-0.768443,138.982269,21.673235,0.054622,0.882017,0.067141,0.463201,-4.086209,119.943115,18.949825,0.141452,-0.641193,0.112633,-0.745772,-13.277377,122.522751,5.775107,0.044105,-0.157312,-0.474834,-0.864778,-9.861563,114.690079,-14.950332,-0.168207,-0.133936,0.736878,0.640920,0.526480,131.479050,-21.479198,-0.073963,0.982257,0.039840,0.167673,1.383325,119.787025,23.404222,0.271381,0.753450,0.002598,-0.598882,16.560259,121.933678,28.859293,-0.086736,-0.010441,0.496826,-0.863442,19.595343,112.835777,8.596552,0.027929,-0.191841,0.773499,-0.603420,9.218611,130.389221,10.733238,0.049065,0.899074,0.111996,0.420376,-7.653311,83.323784,14.353025,0.090212,0.942881,-0.027485,0.319503,-7.445754,49.400581,5.868306,0.010016,0.958512,0.076463,0.274424,-15.873144,5.296597,5.607150,-0.089583,0.919835,-0.068345,0.375777,4.890859,83.426056,26.757654,-0.020168,0.910672,-0.093501,0.401905,8.857679,49.345200,33.508713,-0.047143,0.932449,0.050812,0.354591,7.132318,5.264163,41.883423,0.010016,0.958512,0.076463,0.274424,-8.761555,1.497889,-6.348740,-0.047143,0.932449,0.050812,0.354591,16.529320,1.281772,31.695917
489,4.075000,0.009823,0.924353,-0.031627,0.380097,-1.380361,83.374695,20.551901,-0.008633,0.937089,0.041494,0.346509,-1.075096,90.592064,20.182995,0.016105,0.942025,-0.012278,0.334932,-1.820169,107.111870,21.373192,0.001173,0.965992,0.077226,0.246768,-1.121567,125.210999,21.149605,0.030650,0.984961,-0.087909,0.145551,-0.770281,138.982651,21.669167,0.054605,0.881982,0.067164,0.463266,-4.088406,119.943642,18.942560,0.141445,-0.641088,0.112736,-0.745849,-13.277653,122.523224,5.766491,0.044120,-0.157333,-0.474886,-0.864745,-9.856817,114.687607,-14.957012,-0.168298,-0.133835,0.736920,0.640869,0.529093,131.477982,-21.486942,-0.074255,0.982246,0.039582,0.167664,1.380569,119.787582,23.397646,0.271419,0.753533,0.002375,-0.598760,16.556187,121.944977,28.852146,-0.086709,-0.010401,0.496746,-0.863491,19.596874,112.838783,8.593970,0.027808,-0.191990,0.773566,-0.603293,9.217178,130.390030,10.728392,0.049061,0.899017,0.111974,0.420504,-7.650865,83.322800,14.347991,0.090251,0.942912,-0.027518,0.319397,-7.442518,49.399223,5.864795,0.009956,0.958498,0.076429,0.274482,-15.874153,5.296031,5.606236,-0.089576,0.919815,-0.068380,0.375819,4.890142,83.426582,26.755810,-0.020221,0.910610,-0.093474,0.402048,8.855278,49.345974,33.509079,-0.047259,0.932457,0.050738,0.354565,7.133913,5.264682,41.883259,0.009956,0.958498,0.076429,0.274482,-8.760699,1.496784,-6.348377,-0.047259,0.932457,0.050738,0.354565,16.531218,1.281581,31.696314
490,4.083333,0.009803,0.924290,-0.031721,0.380244,-1.382820,83.375786,20.549639,-0.008616,0.937052,0.041428,0.346616,-1.077248,90.593079,20.179424,0.016087,0.941991,-0.012304,0.335026,-1.821101,107.111481,21.367577,0.001075,0.965973,0.077233,0.246841,-1.122761,125.210609,21.142942,0.030625,0.984958,-0.087805,0.145634,-0.774078,138.982346,21.662121,0.054567,0.881961,0.067207,0.463305,-4.089074,119.943047,18.935654,0.141484,-0.640967,0.112725,-0.745947,-13.277301,122.522247,5.758801,0.044140,-0.157381,-0.474984,-0.864681,-9.849387,114.686134,-14.963338,-0.168324,-0.133699,0.736984,0.640817,0.531393,131.477570,-21.494764,-0.074417,0.982233,0.039479,0.167698,1.379022,119.787369,23.391832,0.271392,0.753599,0.002322,-0.598690,16.553490,121.950424,28.847281,-0.086827,-0.010324,0.496721,-0.863495,19.598602,112.842880,8.590375,0.027656,-0.191916,0.773507,-0.603399,9.217575,130.393890,10.724410,0.049021,0.898970,0.111920,0.420624,-7.651361,83.322861,14.343760,0.090258,0.942889,-0.027529,0.319461,-7.440993,49.398170,5.865060,0.009956,0.958509,0.076466,0.274435,-15.873541,5.295155,5.606650,-0.089615,0.919768,-0.068378,0.375925,4.885721,83.428719,26.755518,-0.020243,0.910582,-0.093453,0.402116,8.852579,49.348579,33.510159,-0.047188,0.932469,0.050712,0.354548,7.133154,5.267009,41.883289,0.009956,0.958509,0.076466,0.274435,-8.761121,1.496943,-6.348905,-0.047188,0.932469,0.050712,0.354548,16.529392,1.282490,31.695921
491,4.091667,0.009742,0.924246,-0.031730,0.380352,-1.382263,83.376945,20.547966,-0.008656,0.937025,0.041362,0.346697,-1.077418,90.594246,20.177313,0.015932,0.941966,-0.012275,0.335106,-1.821976,107.115387,21.363058,0.001198,0.965944,0.077243,0.246952,-1.129274,125.214729,21.137571,0.030569,0.984950,-0.087764,0.145726,-0.777233,138.986343,21.657970,0.054394,0.881890,0.067186,0.463462,-4.093568,119.946121,18.930075,0.141586,-0.640951,0.112536,-0.745970,-13.277663,122.520233,5.749349,0.044243,-0.157240,-0.474978,-0.864705,-9.846951,114.687492,-14.973606,-0.168385,-0.133612,0.737149,0.640628,0.535542,131.478119,-21.501894,-0.074435,0.982234,0.039562,0.167660,1.373836,119.792404,23.387167,0.271193,0.753683,0.002089,-0.598676,16.548624,121.955620,28.841654,-0.087094,-0.010238,0.496709,-0.863475,19.599339,112.847557,8.585819,0.027576,-0.191867,0.773550,-0.603363,9.217434,130.398514,10.722307,0.049055,0.898926,0.111882,0.420723,-7.649374,83.322868,14.340652,0.090242,0.942876,-0.027558,0.319502,-7.441345,49.397820,5.863350,0.010034,0.958504,0.076510,0.274438,-15.873307,5.294675,5.607545,-0.089601,0.919697,-0.068463,0.376087,4.884849,83.431015,26.755280,-0.020276,0.910505,-0.093374,0.402307,8.847361,49.351509,33.515656,-0.046868,0.932449,0.050853,0.354620,7.131770,5.268735,41.883232,0.010034,0.958504,0.076510,0.274438,-8.761401,1.497104,-6.348517,-0.046868,0.932449,0.050853,0.354620,16.527058,1.284559,31.694853
492,4.100000,0.009664,0.924192,-0.031707,0.380486,-1.381210,83.377182,20.545216,-0.008695,0.936992,0.041331,0.346788,-1.077476,90.594521,20.174500,0.015893,0.941937,-0.012293,0.335187,-1.823045,107.116661,21.358828,0.001156,0.965915,0.077276,0.247053,-1.131412,125.216034,21.132315,0.030529,0.984937,-0.087712,0.145854,-0.780619,138.987640,21.653458,0.054441,0.881879,0.067070,0.463495,-4.095010,119.947098,18.924648,0.141724,-0.640867,0.112436,-0.746030,-13.277933,122.520851,5.743039,0.044410,-0.157207,-0.475065,-0.864654,-9.841399,114.687706,-14.978792,-0.168480,-0.133643,0.737250,0.640482,0.537096,131.477814,-21.508398,-0.074549,0.982225,0.039563,0.167663,1.371647,119.793999,23.382679,0.271214,0.753738,0.002038,-0.598597,16.545858,121.960846,28.837341,-0.087189,-0.010154,0.496713,-0.863465,19.600306,112.850014,8.583318,0.027478,-0.191705,0.773441,-0.603559,9.218102,130.401794,10.718827,0.049062,0.898895,0.111821,0.420804,-7.646550,83.321922,14.336124,0.090235,0.942874,-0.027578,0.319509,-7.440003,49.395962,5.862419,0.010041,0.958505,0.076607,0.274407,-15.871962,5.292809,5.608408,-0.089614,0.919614,-0.068518,0.376278,4.884129,83.432442,26.754307,-0.020321,0.910421,-0.093310,0.402510,8.844622,49.353626,33.519356,-0.047035,0.932444,0.050778,0.354624,7.133173,5.269938,41.882969,0.010041,0.958505,0.076607,0.274407,-8.760580,1.497829,-6.348792,-0.047035,0.932444,0.050778,0.354624,16.529848,1.285572,31.695942
493,4.108333,0.009655,0.924122,-0.031728,0.380656,-1.380768,83.376556,20.542850,-0.008836,0.936966,0.041348,0.346854,-1.076978,90.593880,20.171852,0.015935,0.941925,-0.012347,0.335218,-1.827233,107.116631,21.355087,0.001024,0.965924,0.077219,0.247038,-1.133524,125.215897,21.127268,0.030561,0.984944,-0.087640,0.145843,-0.785885,138.987686,21.645956,0.054308,0.881802,0.067110,0.463651,-4.097573,119.947144,18.919798,0.141831,-0.640818,0.112356,-0.746064,-13.276279,122.517906,5.734666,0.044492,-0.157151,-0.475169,-0.864603,-9.836124,114.684532,-14.986479,-0.168594,-0.133614,0.737319,0.640377,0.538455,131.476120,-21.515238,-0.074587,0.982226,0.039485,0.167658,1.368768,119.793747,23.378204,0.271092,0.753781,0.001951,-0.598598,16.542847,121.962234,28.832575,-0.087259,-0.010133,0.496655,-0.863491,19.600193,112.852684,8.578418,0.027465,-0.191756,0.773578,-0.603368,9.215802,130.402756,10.714367,0.049084,0.898844,0.111782,0.420921,-7.643825,83.320892,14.331460,0.090215,0.942830,-0.027627,0.319640,-7.438739,49.394482,5.859534,0.009847,0.958526,0.076558,0.274354,-15.870417,5.291250,5.609095,-0.089637,0.919579,-0.068529,0.376355,4.882288,83.432220,26.754242,-0.020341,0.910443,-0.093293,0.402463,8.843308,49.353798,33.520947,-0.047017,0.932466,0.050727,0.354576,7.134531,5.269906,41.884033,0.009847,0.958526,0.076558,0.274354,-8.758721,1.496345,-6.347939,-0.047017,0.932466,0.050727,0.354576,16.529898,1.284001,31.696400
494,4.116667,0.009740,0.924060,-0.031851,0.380795,-1.384169,83.375610,20.541204,-0.008872,0.936934,0.041311,0.346943,-1.078514,90.592796,20.169083,0.015914,0.941898,-0.012404,0.335291,-1.829700,107.118073,21.350851,0.000972,0.965904,0.077240,0.247108,-1.135998,125.217316,21.120886,0.030514,0.984937,-0.087609,0.145917,-0.789829,138.989120,21.639881,0.054252,0.881771,0.066997,0.463734,-4.099698,119.948280,18.913612,0.141867,-0.640734,0.112392,-0.746125,-13.276102,122.515869,5.726258,0.044516,-0.157136,-0.475194,-0.864591,-9.831440,114.680458,-14.993370,-0.168638,-0.133485,0.737395,0.640306,0.542951,131.473465,-21.522385,-0.074564,0.982229,0.039332,0.167691,1.365961,119.795456,23.372879,0.271000,0.753832,0.001814,-0.598575,16.539795,121.963989,28.827911,-0.087280,-0.010082,0.496606,-0.863518,19.600582,112.853226,8.574808,0.027524,-0.191754,0.773567,-0.603380,9.213614,130.403168,10.709346,0.049015,0.898767,0.111774,0.421097,-7.645334,83.320412,14.327902,0.090272,0.942813,-0.027645,0.319672,-7.434498,49.393398,5.858547,0.009948,0.958510,0.076538,0.274411,-15.871445,5.291182,5.607718,-0.089657,0.919541,-0.068525,0.376443,4.876997,83.430801,26.754507,-0.020384,0.910479,-0.093269,0.402385,8.838786,49.352589,33.521824,-0.047068,0.932463,0.050705,0.354580,7.135081,5.268443,41.884598,0.009948,0.958510,0.076538,0.274411,-8.759317,1.494982,-6.348651,-0.047068,0.932463,0.050705,0.354580,16.530931,1.282506,31.697422
495,4.125000,0.009809,0.924019,-0.031982,0.380881,-1.387746,83.374725,20.538588,-0.008821,0.936892,0.041299,0.347060,-1.080411,90.591774,20.165123,0.015856,0.941853,-0.012499,0.335419,-1.830054,107.117676,21.347069,0.000908,0.965882,0.077267,0.247185,-1.137123,125.216904,21.113249,0.030503,0.984937,-0.087569,0.145949,-0.792758,138.988739,21.632620,0.054238,0.881740,0.067199,0.463764,-4.099991,119.947227,18.906363,0.141906,-0.640590,0.112583,-0.746212,-13.275530,122.517479,5.718920,0.044583,-0.157193,-0.475327,-0.864504,-9.824519,114.675049,-14.997001,-0.168780,-0.133512,0.737399,0.640259,0.544544,131.471710,-21.529524,-0.074616,0.982219,0.039316,0.167730,1.364484,119.795654,23.367123,0.271039,0.753861,0.001738,-0.598522,16.537643,121.965874,28.823381,-0.087207,-0.009986,0.496449,-0.863617,19.600327,112.851395,8.572236,0.027191,-0.191819,0.773632,-0.603290,9.207268,130.397400,10.701311,0.048998,0.898654,0.111728,0.421351,-7.647738,83.319725,14.324099,0.090268,0.942839,-0.027632,0.319597,-7.434822,49.391880,5.858099,0.009892,0.958509,0.076544,0.274416,-15.871099,5.289536,5.606876,-0.089692,0.919499,-0.068516,0.376539,4.872245,83.429733,26.753077,-0.020429,0.910421,-0.093237,0.402522,8.835779,49.351864,33.521126,-0.046992,0.932485,0.050648,0.354540,7.135638,5.267358,41.882721,0.009892,0.958509,0.076544,0.274416,-8.758332,1.493886,-6.349289,-0.046992,0.932485,0.050648,0.354540,16.529833,1.279124,31.694912
496,4.133333,0.009833,0.923966,-0.032018,0.381005,-1.390373,83.373436,20.536848,-0.008856,0.936868,0.041218,0.347133,-1.082468,90.590446,20.163076,0.015896,0.941832,-0.012516,0.335474,-1.832467,107.119347,21.342260,0.000842,0.965881,0.077220,0.247205,-1.137978,125.218513,21.108387,0.030482,0.984939,-0.087530,0.145958,-0.795027,138.990448,21.626095,0.054170,0.881691,0.067294,0.463852,-4.101035,119.949081,18.901194,0.142162,-0.640549,0.112486,-0.746213,-13.274142,122.518906,5.711977,0.044725,-0.157197,-0.475401,-0.864455,-9.819786,114.672646,-15.001939,-0.168726,-0.133512,0.737452,0.640212,0.546326,131.470078,-21.537283,-0.074712,0.982205,0.039415,0.167745,1.362908,119.797066,23.362593,0.271113,0.753850,0.001614,-0.598503,16.535440,121.969749,28.819614,-0.087129,-0.009906,0.496454,-0.863622,19.597391,112.849579,8.570911,0.027180,-0.191735,0.773618,-0.603336,9.204659,130.395920,10.695500,0.048954,0.898624,0.111709,0.421427,-7.648690,83.318504,14.320671,0.090289,0.942842,-0.027640,0.319581,-7.432874,49.390060,5.857153,0.009842,0.958511,0.076584,0.274399,-15.871159,5.288097,5.606165,-0.089725,0.919466,-0.068537,0.376609,4.867945,83.428375,26.753027,-0.020448,0.910366,-0.093197,0.402655,8.832524,49.351131,33.523582,-0.046788,0.932466,0.050791,0.354595,7.134190,5.266014,41.882343,0.009842,0.958511,0.076584,0.274399,-8.758230,1.493907,-6.350368,-0.046788,0.932466,0.050791,0.354595,16.528093,1.279385,31.693640
497,4.141667,0.009801,0.923935,-0.032042,0.381079,-1.390765,83.374031,20.535719,-0.009022,0.936842,0.041173,0.347204,-1.083126,90.591026,20.161469,0.016015,0.941805,-0.012517,0.335544,-1.837956,107.121429,21.337379,0.000693,0.965878,0.077162,0.247235,-1.139372,125.220451,21.104973,0.030493,0.984934,-0.087513,0.146004,-0.799964,138.992569,21.620136,0.053880,0.881592,0.067301,0.464073,-4.103273,119.951859,18.896931,0.142066,-0.640556,0.112514,-0.746221,-13.270751,122.513794,5.702272,0.044600,-0.157232,-0.475368,-0.864473,-9.817110,114.669250,-15.012405,-0.168567,-0.133453,0.737538,0.640166,0.550535,131.467789,-21.547014,-0.074798,0.982198,0.039202,0.167798,1.359954,119.798279,23.359152,0.271146,0.753883,0.001492,-0.598446,16.531475,121.974800,28.817446,-0.087106,-0.009780,0.496458,-0.863624,19.595657,112.849846,8.571251,0.027267,-0.191452,0.773640,-0.603394,9.202794,130.397095,10.690989,0.048962,0.898548,0.111674,0.421597,-7.648091,83.318359,14.318553,0.090326,0.942783,-0.027654,0.319743,-7.432182,49.389420,5.857041,0.009927,0.958476,0.076589,0.274515,-15.873883,5.288124,5.604774,-0.089749,0.919386,-0.068571,0.376794,4.866560,83.429703,26.752886,-0.020460,0.910361,-0.093150,0.402676,8.830416,49.353081,33.527016,-0.046784,0.932453,0.050797,0.354631,7.134554,5.267233,41.882408,0.009927,0.958476,0.076589,0.274515,-8.758917,1.493349,-6.350361,-0.046784,0.932453,0.050797,0.354631,16.529202,1.280753,31.694334
498,4.150000,0.009885,0.923892,-0.032114,0.381174,-1.397279,83.376869,20.534607,-0.008948,0.936818,0.041069,0.347283,-1.088083,90.593765,20.159901,0.016018,0.941780,-0.012531,0.335613,-1.839452,107.123207,21.333277,0.000707,0.965861,0.077139,0.247308,-1.140573,125.222221,21.100491,0.030395,0.984927,-0.087509,0.146071,-0.800568,138.994339,21.615231,0.053801,0.881573,0.067006,0.464160,-4.104224,119.953598,18.892151,0.142131,-0.640515,0.112396,-0.746261,-13.269355,122.508957,5.694582,0.044666,-0.157216,-0.475437,-0.864435,-9.812191,114.666542,-15.020323,-0.168625,-0.133413,0.737588,0.640102,0.553177,131.466766,-21.555676,-0.074960,0.982169,0.039388,0.167848,1.358342,119.800064,23.355183,0.271221,0.753858,0.001248,-0.598445,16.528534,121.980621,28.815561,-0.087021,-0.009602,0.496498,-0.863612,19.590942,112.846901,8.573047,0.027167,-0.191438,0.773640,-0.603403,9.199994,130.395264,10.684795,0.048894,0.898469,0.111619,0.421786,-7.653298,83.322021,14.316118,0.090313,0.942821,-0.027624,0.319640,-7.433017,49.391758,5.860028,0.009957,0.958495,0.076555,0.274459,-15.872809,5.290100,5.606460,-0.089843,0.919359,-0.068562,0.376838,4.858740,83.431709,26.753098,-0.020505,0.910294,-0.093113,0.402833,8.828467,49.356182,33.529289,-0.046967,0.932472,0.050644,0.354578,7.136259,5.269882,41.883041,0.009957,0.958495,0.076555,0.274459,-8.759568,1.494250,-6.349362,-0.046967,0.932472,0.050644,0.354578,16.531033,1.281321,31.695894
499,4.158333,0.009727,0.923860,-0.032071,0.381261,-1.392469,83.373940,20.533451,-0.009103,0.936780,0.041025,0.347386,-1.085589,90.590927,20.158476,0.016053,0.941739,-0.012506,0.335727,-1.841562,107.124458,21.328899,0.000639,0.965842,0.077166,0.247376,-1.141792,125.223450,21.097485,0.030344,0.984918,-0.087579,0.146104,-0.803699,138.995605,21.612560,0.053768,0.881538,0.066949,0.464239,-4.105148,119.955124,18.888075,0.142067,-0.640429,0.112572,-0.746321,-13.267999,122.508789,5.688596,0.044743,-0.157308,-0.475436,-0.864415,-9.807658,114.662575,-15.024337,-0.168713,-0.133429,0.737672,0.639979,0.556771,131.462021,-21.564541,-0.074933,0.982168,0.039288,0.167889,1.356324,119.801041,23.352425,0.271272,0.753872,0.001224,-0.598403,16.526192,121.981224,28.813848,-0.086945,-0.009524,0.496495,-0.863622,19.589603,112.844933,8.572648,0.027184,-0.191383,0.773718,-0.603319,9.198559,130.393570,10.680071,0.048956,0.898427,0.111623,0.421868,-7.647367,83.316757,14.313857,0.090348,0.942733,-0.027710,0.319881,-7.430091,49.386974,5.855736,0.009867,0.958477,0.076639,0.274501,-15.875247,5.286315,5.606305,-0.089795,0.919361,-0.068652,0.376828,4.862430,83.431122,26.753044,-0.020527,0.910287,-0.093066,0.402858,8.826762,49.355858,33.533710,-0.046861,0.932477,0.050748,0.354565,7.137819,5.268839,41.884338,0.009867,0.958477,0.076639,0.274501,-8.759934,1.493350,-6.349197,-0.046861,0.932477,0.050748,0.354565,16.531610,1.281859,31.695675
500,4.166667,0.009870,0.923817,-0.032222,0.381348,-1.400514,83.374893,20.533846,-0.009021,0.936755,0.040905,0.347471,-1.090851,90.591698,20.157667,0.016050,0.941710,-0.012598,0.335807,-1.842923,107.123550,21.325102,0.000645,0.965825,0.077175,0.247437,-1.142104,125.222458,21.090578,0.030296,0.984916,-0.087573,0.146132,-0.803851,138.994598,21.606030,0.053728,0.881482,0.067243,0.464307,-4.105385,119.953903,18.881611,0.142268,-0.640364,0.112590,-0.746336,-13.266312,122.510933,5.681446,0.045019,-0.157280,-0.475490,-0.864376,-9.802384,114.658691,-15.028601,-0.169006,-0.133378,0.737758,0.639813,0.560248,131.457489,-21.573063,-0.074773,0.982183,0.038850,0.167976,1.355332,119.800316,23.346903,0.271197,0.753931,0.001195,-0.598363,16.525042,121.977684,28.809893,-0.086974,-0.009461,0.496404,-0.863672,19.592430,112.842438,8.568822,0.027111,-0.191362,0.773769,-0.603263,9.197352,130.389511,10.674386,0.048857,0.898360,0.111591,0.422031,-7.654203,83.318970,14.313023,0.090357,0.942741,-0.027661,0.319859,-7.430112,49.388016,5.859779,0.009870,0.958475,0.076598,0.274521,-15.874547,5.287245,5.606113,-0.089885,0.919300,-0.068586,0.376967,4.853173,83.430824,26.754671,-0.020534,0.910350,-0.093050,0.402719,8.823959,49.356056,33.534077,-0.046813,0.932470,0.050683,0.354598,7.137418,5.268806,41.883976,0.009870,0.958475,0.076598,0.274521,-8.758896,1.493120,-6.348822,-0.046813,0.932470,0.050683,0.354598,16.531357,1.279670,31.696287
501,4.175000,0.009973,0.923774,-0.032373,0.381436,-1.406789,83.371178,20.534929,-0.009024,0.936739,0.040802,0.347525,-1.094874,90.587814,20.157345,0.016054,0.941695,-0.012636,0.335848,-1.846099,107.124245,21.321796,0.000835,0.965815,0.077099,0.247502,-1.144654,125.223114,21.086052,0.030172,0.984912,-0.087623,0.146153,-0.800735,138.995132,21.600824,0.053712,0.881446,0.067023,0.464408,-4.107920,119.954506,18.877203,0.142321,-0.640296,0.112601,-0.746383,-13.265843,122.507896,5.674252,0.045210,-0.157297,-0.475483,-0.864367,-9.798137,114.653969,-15.034527,-0.169291,-0.133159,0.737870,0.639654,0.565092,131.451965,-21.583660,-0.074758,0.982194,0.038713,0.167949,1.352406,119.801041,23.342976,0.271089,0.753967,0.000848,-0.598368,16.522472,121.978760,28.804832,-0.087019,-0.009327,0.496340,-0.863706,19.592253,112.837425,8.566875,0.027038,-0.191351,0.773822,-0.603203,9.194559,130.383224,10.668373,0.048756,0.898330,0.111643,0.422092,-7.659253,83.315865,14.312869,0.090379,0.942715,-0.027681,0.319929,-7.426745,49.385036,5.859382,0.009751,0.958486,0.076561,0.274494,-15.873647,5.284739,5.606163,-0.089968,0.919294,-0.068526,0.376972,4.845675,83.426483,26.756990,-0.020528,0.910427,-0.093034,0.402550,8.823336,49.352192,33.534737,-0.046941,0.932477,0.050700,0.354560,7.138415,5.264661,41.883457,0.009751,0.958486,0.076561,0.274494,-8.757670,1.490470,-6.348533,-0.046941,0.932477,0.050700,0.354560,16.532717,1.277269,31.695419
502,4.183333,0.010005,0.923727,-0.032476,0.381540,-1.408961,83.369072,20.534737,-0.009117,0.936720,0.040791,0.347575,-1.096010,90.585602,20.155985,0.016115,0.941681,-0.012757,0.335880,-1.850114,107.122459,21.319035,0.000867,0.965802,0.077158,0.247534,-1.145126,125.221146,21.079916,0.030124,0.984906,-0.087693,0.146158,-0.800730,138.993088,21.596518,0.053752,0.881397,0.067006,0.464500,-4.109271,119.952682,18.871864,0.142483,-0.640258,0.112512,-0.746397,-13.264272,122.507057,5.667083,0.045374,-0.157404,-0.475400,-0.864384,-9.793523,114.651619,-15.040600,-0.169270,-0.132802,0.738043,0.639534,0.571120,131.444962,-21.596510,-0.074857,0.982183,0.038643,0.167989,1.350725,119.799019,23.338032,0.271338,0.754002,0.000954,-0.598211,16.519873,121.980202,28.801048,-0.086817,-0.009318,0.496312,-0.863742,19.591976,112.832870,8.566160,0.026986,-0.191341,0.773555,-0.603550,9.194246,130.376617,10.662916,0.048728,0.898292,0.111640,0.422178,-7.660007,83.313522,14.311257,0.090379,0.942756,-0.027667,0.319807,-7.425054,49.382446,5.858806,0.009801,0.958495,0.076538,0.274467,-15.871575,5.282074,5.605503,-0.089972,0.919259,-0.068521,0.377059,4.842085,83.424622,26.758215,-0.020548,0.910364,-0.092984,0.402702,8.819527,49.350334,33.536102,-0.046867,0.932447,0.050783,0.354638,7.136711,5.262023,41.881161,0.009801,0.958495,0.076538,0.274467,-8.756772,1.486870,-6.349586,-0.046867,0.932447,0.050783,0.354638,16.532209,1.276039,31.693680
503,4.191667,0.009952,0.923692,-0.032470,0.381627,-1.409364,83.368828,20.534790,-0.009136,0.936691,0.040724,0.347661,-1.097117,90.585373,20.155849,0.016098,0.941649,-0.012807,0.335967,-1.851195,107.124153,21.316658,0.000850,0.965791,0.077056,0.247607,-1.146156,125.222816,21.075708,0.030111,0.984895,-0.087712,0.146222,-0.801431,138.994843,21.589554,0.053731,0.881371,0.066958,0.464559,-4.109898,119.954109,18.867683,0.142553,-0.640217,0.112501,-0.746421,-13.263194,122.507248,5.661480,0.045483,-0.157585,-0.475250,-0.864428,-9.789980,114.650307,-15.045222,-0.169225,-0.132201,0.738380,0.639282,0.578994,131.439346,-21.610277,-0.074838,0.982188,0.038620,0.167971,1.349280,119.800926,23.334869,0.271185,0.753978,0.000518,-0.598311,16.518724,121.981659,28.797255,-0.086986,-0.009082,0.496396,-0.863679,19.589207,112.828087,8.564936,0.026844,-0.191334,0.773904,-0.603111,9.193674,130.376114,10.657287,0.048734,0.898273,0.111623,0.422222,-7.659266,83.312393,14.310169,0.090398,0.942770,-0.027665,0.319763,-7.424767,49.381088,5.858620,0.009726,0.958491,0.076556,0.274482,-15.872794,5.281007,5.604988,-0.089965,0.919260,-0.068537,0.377054,4.840539,83.425262,26.759411,-0.020581,0.910322,-0.092952,0.402802,8.817121,49.351036,33.538143,-0.046743,0.932482,0.050792,0.354559,7.137203,5.262318,41.881607,0.009726,0.958491,0.076556,0.274482,-8.756906,1.486810,-6.349778,-0.046743,0.932482,0.050792,0.354559,16.529921,1.275240,31.691990
504,4.200000,0.009912,0.923668,-0.032451,0.381688,-1.410858,83.369652,20.534029,-0.009140,0.936670,0.040637,0.347726,-1.099220,90.586235,20.155138,0.016102,0.941625,-0.012803,0.336035,-1.852561,107.126701,21.313242,0.000937,0.965787,0.076962,0.247652,-1.147397,125.225365,21.072527,0.030054,0.984895,-0.087744,0.146216,-0.799670,138.997406,21.584494,0.053669,0.881303,0.066947,0.464696,-4.110847,119.956696,18.864037,0.142476,-0.640194,0.112696,-0.746426,-13.260217,122.508064,5.654766,0.045366,-0.157965,-0.475052,-0.864474,-9.787616,114.646927,-15.050451,-0.168985,-0.131526,0.738461,0.639390,0.583665,131.428940,-21.626442,-0.074891,0.982179,0.038688,0.167985,1.347687,119.803444,23.332008,0.271305,0.753978,0.000366,-0.598256,16.516718,121.985451,28.795031,-0.086879,-0.008988,0.496447,-0.863662,19.587223,112.823715,8.566408,0.026892,-0.191276,0.773686,-0.603407,9.193370,130.374176,10.653505,0.048679,0.898251,0.111597,0.422281,-7.659950,83.312660,14.308599,0.090441,0.942757,-0.027656,0.319789,-7.422181,49.380589,5.860236,0.009712,0.958473,0.076624,0.274524,-15.873623,5.281174,5.604384,-0.090009,0.919219,-0.068550,0.377141,4.838235,83.426651,26.759457,-0.020588,0.910429,-0.092972,0.402556,8.816604,49.353096,33.540501,-0.046813,0.932517,0.050701,0.354470,7.138827,5.264747,41.886341,0.009712,0.958473,0.076624,0.274524,-8.756404,1.488877,-6.350194,-0.046813,0.932517,0.050701,0.354470,16.530066,1.275974,31.696022
505,4.208333,0.009869,0.923638,-0.032446,0.381763,-1.410683,83.370384,20.533770,-0.009194,0.936635,0.040592,0.347825,-1.099622,90.586975,20.154741,0.016139,0.941585,-0.012881,0.336142,-1.854372,107.129944,21.310902,0.000819,0.965756,0.077012,0.247756,-1.146974,125.228485,21.068033,0.030093,0.984866,-0.087855,0.146341,-0.802639,139.000580,21.580687,0.053625,0.881279,0.066954,0.464747,-4.110559,119.959900,18.859547,0.142437,-0.640119,0.112863,-0.746473,-13.258563,122.510185,5.649121,0.045374,-0.158354,-0.474803,-0.864539,-9.783358,114.644852,-15.054065,-0.168696,-0.130824,0.738802,0.639217,0.593169,131.419235,-21.644482,-0.075022,0.982155,0.038784,0.168047,1.346944,119.806564,23.328773,0.271468,0.754000,0.000328,-0.598155,16.514660,121.992111,28.794033,-0.086685,-0.008940,0.496462,-0.863674,19.586643,112.823608,8.568698,0.027071,-0.191148,0.773744,-0.603366,9.193364,130.375031,10.650205,0.048722,0.898219,0.111529,0.422362,-7.658783,83.312675,14.307350,0.090421,0.942772,-0.027630,0.319751,-7.424993,49.379826,5.861995,0.009706,0.958483,0.076637,0.274486,-15.874018,5.279955,5.604819,-0.089988,0.919148,-0.068547,0.377321,4.837417,83.428093,26.760187,-0.020646,0.910345,-0.092944,0.402750,8.813230,49.354252,33.541294,-0.046768,0.932501,0.050767,0.354510,7.139430,5.265653,41.886608,0.009706,0.958483,0.076637,0.274486,-8.757632,1.488074,-6.350387,-0.046768,0.932501,0.050767,0.354510,16.531277,1.278135,31.696358
506,4.216667,0.009891,0.923600,-0.032437,0.381855,-1.413778,83.369171,20.532820,-0.009190,0.936628,0.040500,0.347857,-1.102440,90.585770,20.154058,0.016120,0.941581,-0.012906,0.336154,-1.856158,107.131264,21.307533,0.000826,0.965759,0.076963,0.247760,-1.149118,125.229813,21.063602,0.030175,0.984857,-0.087938,0.146334,-0.804252,139.001938,21.574995,0.053636,0.881239,0.066879,0.464832,-4.112542,119.961021,18.855356,0.142529,-0.640065,0.112841,-0.746504,-13.257917,122.510612,5.642982,0.045807,-0.158456,-0.474789,-0.864505,-9.779408,114.643517,-15.058978,-0.169459,-0.130140,0.739159,0.638742,0.595410,131.412201,-21.660788,-0.074995,0.982155,0.038722,0.168069,1.344853,119.808067,23.324726,0.271531,0.754042,0.000311,-0.598074,16.512459,121.993050,28.790512,-0.086586,-0.008936,0.496420,-0.863707,19.587261,112.821472,8.567005,0.027139,-0.191145,0.773701,-0.603418,9.192677,130.371475,10.646153,0.048675,0.898158,0.111525,0.422498,-7.660623,83.311813,14.305139,0.090460,0.942756,-0.027642,0.319788,-7.422732,49.378590,5.861412,0.009805,0.958467,0.076627,0.274541,-15.875295,5.279404,5.603858,-0.090061,0.919143,-0.068562,0.377313,4.833067,83.426529,26.760500,-0.020628,0.910445,-0.092914,0.402532,8.813168,49.353752,33.544395,-0.046780,0.932516,0.050736,0.354474,7.140953,5.264583,41.886997,0.009805,0.958467,0.076627,0.274541,-8.758485,1.486511,-6.350775,-0.046780,0.932516,0.050736,0.354474,16.532049,1.276381,31.696323
507,4.225000,0.009959,0.923585,-0.032553,0.381879,-1.416612,83.369133,20.534845,-0.009224,0.936618,0.040434,0.347889,-1.103716,90.585609,20.154915,0.016118,0.941567,-0.012979,0.336189,-1.857772,107.130989,21.305925,0.001061,0.965752,0.076876,0.247816,-1.149902,125.229469,21.059496,0.030072,0.984854,-0.088023,0.146325,-0.798096,139.001434,21.570211,0.053790,0.881178,0.066771,0.464944,-4.113401,119.960510,18.851774,0.142631,-0.640047,0.112936,-0.746486,-13.254851,122.513023,5.637243,0.046096,-0.158730,-0.474583,-0.864552,-9.776237,114.640030,-15.062457,-0.169737,-0.129383,0.739404,0.638538,0.603054,131.399796,-21.679750,-0.075024,0.982156,0.038576,0.168084,1.343661,119.807938,23.321566,0.271500,0.754083,0.000098,-0.598035,16.510967,121.994614,28.787512,-0.086579,-0.008805,0.496362,-0.863743,19.588570,112.817833,8.566792,0.027011,-0.191186,0.773738,-0.603363,9.191923,130.366348,10.640862,0.048706,0.898085,0.111518,0.422651,-7.663119,83.312080,14.306823,0.090422,0.942705,-0.027631,0.319949,-7.425944,49.378960,5.862673,0.009696,0.958471,0.076566,0.274547,-15.875028,5.279112,5.603765,-0.090076,0.919147,-0.068538,0.377304,4.829894,83.426193,26.762871,-0.020632,0.910459,-0.092901,0.402502,8.811670,49.353371,33.545586,-0.046993,0.932526,0.050551,0.354446,7.140505,5.263993,41.887337,0.009696,0.958471,0.076566,0.274547,-8.757259,1.485329,-6.350014,-0.046993,0.932526,0.050551,0.354446,16.532471,1.273209,31.698471
508,4.233333,0.009956,0.923552,-0.032615,0.381954,-1.417923,83.367836,20.535906,-0.009214,0.936592,0.040349,0.347968,-1.104695,90.584251,20.155167,0.016089,0.941536,-0.013126,0.336272,-1.857599,107.131065,21.303682,0.000940,0.965736,0.076936,0.247859,-1.148890,125.229431,21.051970,0.030200,0.984838,-0.088116,0.146350,-0.800670,139.001465,21.563536,0.053837,0.881173,0.066802,0.464944,-4.112243,119.959953,18.845316,0.142798,-0.639999,0.112941,-0.746495,-13.253531,122.514275,5.631031,0.046563,-0.158962,-0.474343,-0.864617,-9.772227,114.636589,-15.066422,-0.170088,-0.128645,0.739815,0.638118,0.613419,131.385330,-21.701162,-0.074922,0.982154,0.038338,0.168199,1.344047,119.808456,23.316084,0.271466,0.754184,0.000179,-0.597923,16.510582,121.993050,28.784981,-0.086524,-0.008770,0.496200,-0.863841,19.595003,112.818382,8.564356,0.026940,-0.191232,0.773816,-0.603252,9.192275,130.362473,10.635426,0.048647,0.898123,0.111531,0.422574,-7.663417,83.310280,14.306876,0.090471,0.942718,-0.027628,0.319897,-7.422909,49.376949,5.863639,0.009788,0.958464,0.076562,0.274571,-15.875980,5.277878,5.603575,-0.090054,0.919117,-0.068498,0.377389,4.827572,83.425400,26.764935,-0.020658,0.910409,-0.092866,0.402623,8.808396,49.351913,33.544888,-0.046995,0.932511,0.050542,0.354486,7.139561,5.262041,41.884483,0.009788,0.958464,0.076562,0.274571,-8.758488,1.483334,-6.350121,-0.046995,0.932511,0.050542,0.354486,16.532387,1.271085,31.696489
509,4.241667,0.010000,0.923546,-0.032638,0.381966,-1.420118,83.366936,20.536434,-0.009287,0.936594,0.040293,0.347967,-1.106172,90.583321,20.155634,0.016127,0.941537,-0.013177,0.336266,-1.860789,107.132339,21.301720,0.000758,0.965728,0.076910,0.247899,-1.150191,125.230621,21.048714,0.030338,0.984802,-0.088216,0.146503,-0.806604,139.002853,21.558395,0.053905,0.881123,0.066738,0.465041,-4.114123,119.961288,18.842468,0.142740,-0.640007,0.113106,-0.746474,-13.252229,122.516701,5.626185,0.046920,-0.159248,-0.474029,-0.864716,-9.773048,114.635231,-15.070200,-0.170558,-0.127886,0.740086,0.637831,0.620921,131.371292,-21.722178,-0.074920,0.982159,0.038289,0.168178,1.342208,119.809547,23.313183,0.271392,0.754246,0.000080,-0.597879,16.508987,121.994385,28.781324,-0.086526,-0.008740,0.496088,-0.863906,19.597589,112.818817,8.561733,0.026958,-0.191164,0.773720,-0.603396,9.190214,130.360413,10.631448,0.048681,0.898055,0.111514,0.422721,-7.665433,83.309921,14.307215,0.090434,0.942739,-0.027598,0.319848,-7.426201,49.376564,5.864058,0.009749,0.958463,0.076588,0.274570,-15.875381,5.276742,5.602955,-0.090051,0.919148,-0.068520,0.377309,4.825197,83.423950,26.765654,-0.020636,0.910522,-0.092845,0.402373,8.805844,49.350636,33.546581,-0.047046,0.932507,0.050571,0.354485,7.138264,5.260345,41.884209,0.009749,0.958463,0.076588,0.274570,-8.757478,1.483163,-6.350811,-0.047046,0.932507,0.050571,0.354485,16.531578,1.270658,31.696159
510,4.250000,0.009957,0.923550,-0.032636,0.381958,-1.420086,83.368401,20.536858,-0.009322,0.936586,0.040230,0.347997,-1.106728,90.584793,20.155842,0.016135,0.941521,-0.013174,0.336310,-1.861815,107.135368,21.299629,0.000988,0.965733,0.076766,0.247924,-1.150965,125.233635,21.046860,0.030316,0.984804,-0.088311,0.146434,-0.800248,139.005753,21.554268,0.053897,0.881105,0.066678,0.465085,-4.114756,119.964363,18.840290,0.142855,-0.640035,0.113068,-0.746433,-13.251575,122.518715,5.622913,0.047489,-0.159457,-0.473721,-0.864816,-9.773637,114.635239,-15.072915,-0.171100,-0.127211,0.740438,0.637411,0.629938,131.358276,-21.743757,-0.074891,0.982159,0.038249,0.168202,1.341153,119.812515,23.311512,0.271482,0.754281,0.000163,-0.597794,16.507813,121.996605,28.780281,-0.086391,-0.008741,0.496058,-0.863937,19.598772,112.819778,8.561617,0.027059,-0.191138,0.773897,-0.603173,9.189830,130.361557,10.628576,0.048683,0.898104,0.111493,0.422621,-7.665531,83.310715,14.307776,0.090413,0.942728,-0.027597,0.319888,-7.427971,49.377041,5.865829,0.009628,0.958474,0.076632,0.274523,-15.875355,5.276883,5.604884,-0.090025,0.919116,-0.068522,0.377395,4.825359,83.426094,26.765940,-0.020653,0.910454,-0.092835,0.402528,8.803650,49.352486,33.546738,-0.046895,0.932485,0.050650,0.354553,7.136441,5.262089,41.883862,0.009628,0.958474,0.076632,0.274523,-8.757378,1.485389,-6.349500,-0.046895,0.932485,0.050650,0.354553,16.530067,1.272929,31.695896
511,4.258333,0.009938,0.923555,-0.032608,0.381949,-1.421851,83.368698,20.538616,-0.009319,0.936585,0.040080,0.348016,-1.108902,90.585121,20.157866,0.016132,0.941511,-0.013176,0.336339,-1.862275,107.137909,21.297153,0.000832,0.965733,0.076666,0.247955,-1.151466,125.236176,21.044296,0.030445,0.984781,-0.088373,0.146529,-0.804193,139.008514,21.547995,0.053935,0.881072,0.066629,0.465150,-4.115104,119.966873,18.837582,0.142870,-0.640053,0.113193,-0.746396,-13.249808,122.521660,5.618832,0.047825,-0.159846,-0.473236,-0.864991,-9.774182,114.633629,-15.075641,-0.171054,-0.126576,0.740688,0.637261,0.643887,131.340652,-21.767658,-0.074902,0.982154,0.038169,0.168246,1.340528,119.815079,23.309141,0.271448,0.754321,0.000102,-0.597759,16.506634,121.999908,28.779125,-0.086443,-0.008655,0.496079,-0.863920,19.600321,112.822090,8.561331,0.027118,-0.190998,0.773920,-0.603185,9.191519,130.365692,10.626479,0.048667,0.898107,0.111481,0.422619,-7.667418,83.310898,14.309661,0.090455,0.942765,-0.027554,0.319770,-7.429241,49.376930,5.868921,0.009547,0.958458,0.076654,0.274575,-15.878945,5.277234,5.604151,-0.090061,0.919098,-0.068535,0.377426,4.823716,83.426506,26.767572,-0.020680,0.910450,-0.092837,0.402536,8.803743,49.353470,33.550236,-0.046868,0.932545,0.050721,0.354388,7.138560,5.263204,41.888474,0.009547,0.958458,0.076654,0.274575,-8.758906,1.486843,-6.349350,-0.046868,0.932545,0.050721,0.354388,16.528553,1.275473,31.696609
512,4.266667,0.009883,0.923546,-0.032583,0.381973,-1.420861,83.369850,20.539028,-0.009454,0.936566,0.040024,0.348071,-1.108772,90.586319,20.158321,0.016169,0.941485,-0.013214,0.336408,-1.865840,107.141205,21.294388,0.001257,0.965724,0.076651,0.247992,-1.153312,125.239395,21.040733,0.030313,0.984789,-0.088584,0.146369,-0.794564,139.011353,21.546967,0.053877,0.881027,0.066626,0.465241,-4.117116,119.970261,18.833845,0.142915,-0.640053,0.113279,-0.746374,-13.249281,122.523476,5.613033,0.048329,-0.160064,-0.472975,-0.865066,-9.774521,114.631401,-15.080049,-0.171550,-0.126179,0.740862,0.637003,0.650774,131.326431,-21.789738,-0.074886,0.982158,0.038127,0.168235,1.337847,119.818184,23.306215,0.271399,0.754433,0.000013,-0.597641,16.504162,122.002754,28.775751,-0.086535,-0.008539,0.496057,-0.863925,19.605392,112.822891,8.560040,0.027126,-0.190871,0.773812,-0.603363,9.195583,130.366165,10.622871,0.048695,0.898110,0.111419,0.422627,-7.666127,83.311310,14.309777,0.090424,0.942769,-0.027528,0.319769,-7.431474,49.376564,5.872073,0.009799,0.958462,0.076779,0.274516,-15.877771,5.276224,5.606078,-0.090048,0.919063,-0.068541,0.377515,4.824406,83.428391,26.768282,-0.020714,0.910393,-0.092817,0.402667,8.802759,49.355244,33.551376,-0.046925,0.932538,0.050692,0.354403,7.139929,5.264768,41.888966,0.009799,0.958462,0.076779,0.274516,-8.761084,1.487473,-6.349941,-0.046925,0.932538,0.050692,0.354403,16.530687,1.276869,31.697866
513,4.275000,0.009891,0.923542,-0.032644,0.381978,-1.422903,83.369370,20.540977,-0.009348,0.936555,0.039925,0.348115,-1.110366,90.585777,20.159500,0.016080,0.941465,-0.013274,0.336465,-1.863089,107.141518,21.293736,0.001135,0.965729,0.076578,0.247995,-1.152831,125.239754,21.036987,0.030479,0.984779,-0.088661,0.146355,-0.796837,139.011887,21.540455,0.053958,0.881026,0.066573,0.465242,-4.115705,119.969856,18.830675,0.142894,-0.640036,0.113456,-0.746366,-13.247557,122.524574,5.609939,0.048856,-0.160308,-0.472753,-0.865112,-9.773631,114.627335,-15.081312,-0.172174,-0.125878,0.741000,0.636733,0.657153,131.311371,-21.810034,-0.074881,0.982154,0.037983,0.168297,1.338749,119.819260,23.303715,0.271404,0.754485,0.000015,-0.597571,16.504408,122.004341,28.774849,-0.086546,-0.008447,0.496014,-0.863949,19.609217,112.823677,8.560051,0.027040,-0.190790,0.773867,-0.603322,9.197857,130.365845,10.619685,0.048690,0.898077,0.111445,0.422690,-7.668089,83.310547,14.311647,0.090431,0.942751,-0.027519,0.319822,-7.431753,49.376183,5.872452,0.009662,0.958448,0.076741,0.274582,-15.878410,5.275920,5.605012,-0.090060,0.919092,-0.068539,0.377441,4.822284,83.428192,26.770306,-0.020685,0.910476,-0.092797,0.402485,8.802038,49.355186,33.553284,-0.046876,0.932529,0.050725,0.354429,7.139173,5.264261,41.888504,0.009662,0.958448,0.076741,0.274582,-8.758993,1.487084,-6.349350,-0.046876,0.932529,0.050725,0.354429,16.530128,1.276733,31.697443
514,4.283333,0.009913,0.923537,-0.032720,0.381982,-1.424663,83.368240,20.541140,-0.009446,0.936553,0.039882,0.348123,-1.111407,90.584572,20.158764,0.016202,0.941460,-0.013334,0.336472,-1.866804,107.142929,21.290688,0.001210,0.965742,0.076418,0.247994,-1.151654,125.240967,21.033413,0.030488,0.984777,-0.088721,0.146334,-0.792542,139.013153,21.533108,0.053868,0.880935,0.066563,0.465426,-4.115914,119.971802,18.827209,0.142869,-0.640101,0.113665,-0.746283,-13.242515,122.524002,5.602363,0.049191,-0.160515,-0.472561,-0.865160,-9.774449,114.620468,-15.087466,-0.172730,-0.125431,0.741111,0.636542,0.661545,131.296524,-21.830410,-0.074878,0.982149,0.037896,0.168350,1.338425,119.819855,23.300344,0.271435,0.754561,0.000007,-0.597461,16.503525,122.005257,28.772909,-0.086451,-0.008369,0.495950,-0.863997,19.613470,112.822426,8.559892,0.027010,-0.190895,0.773925,-0.603216,9.199922,130.362732,10.614516,0.048682,0.898100,0.111453,0.422639,-7.669794,83.309265,14.311756,0.090411,0.942813,-0.027491,0.319645,-7.433211,49.374962,5.872320,0.009644,0.958452,0.076748,0.274565,-15.877401,5.274227,5.604668,-0.090017,0.919104,-0.068557,0.377419,4.820467,83.427223,26.770523,-0.020714,0.910491,-0.092751,0.402461,8.797153,49.353848,33.553444,-0.046789,0.932527,0.050784,0.354437,7.138512,5.262274,41.886066,0.009644,0.958452,0.076748,0.274565,-8.758215,1.485702,-6.349932,-0.046789,0.932527,0.050784,0.354437,16.528997,1.275362,31.694332
515,4.291667,0.009965,0.923526,-0.032767,0.382004,-1.427281,83.367310,20.541433,-0.009421,0.936543,0.039777,0.348162,-1.113063,90.583580,20.158728,0.016209,0.941444,-0.013365,0.336515,-1.866650,107.145264,21.287846,0.001368,0.965746,0.076401,0.247985,-1.150879,125.243256,21.029621,0.030502,0.984779,-0.088912,0.146204,-0.787442,139.015320,21.529917,0.053821,0.880941,0.066502,0.465429,-4.115114,119.974075,18.823442,0.142894,-0.640062,0.113839,-0.746286,-13.241765,122.524033,5.598193,0.049759,-0.160649,-0.472619,-0.865071,-9.773195,114.614197,-15.089146,-0.173765,-0.125187,0.741272,0.636121,0.658291,131.285797,-21.847307,-0.074893,0.982155,0.037864,0.168310,1.338815,119.822205,23.297081,0.271465,0.754591,-0.000128,-0.597410,16.504276,122.008339,28.768360,-0.086459,-0.008327,0.495955,-0.863993,19.616245,112.820518,8.557918,0.026999,-0.190872,0.773931,-0.603216,9.202765,130.361343,10.611256,0.048665,0.898081,0.111448,0.422684,-7.672101,83.308846,14.311731,0.090404,0.942775,-0.027489,0.319759,-7.434175,49.374355,5.873092,0.009676,0.958453,0.076787,0.274551,-15.877761,5.273509,5.604460,-0.090030,0.919108,-0.068570,0.377403,4.817538,83.425781,26.771133,-0.020731,0.910470,-0.092711,0.402515,8.794834,49.352692,33.555149,-0.046870,0.932522,0.050738,0.354445,7.138533,5.260512,41.885082,0.009676,0.958453,0.076787,0.274551,-8.759109,1.485816,-6.350723,-0.046870,0.932522,0.050738,0.354445,16.529816,1.273263,31.694210
516,4.300000,0.009898,0.923525,-0.032694,0.382014,-1.426824,83.367599,20.540800,-0.009372,0.936526,0.039711,0.348215,-1.113909,90.583954,20.158701,0.016189,0.941419,-0.013409,0.336584,-1.865316,107.146767,21.286362,0.001340,0.965744,0.076340,0.248010,-1.149677,125.244751,21.026424,0.030631,0.984765,-0.089045,0.146189,-0.786554,139.016876,21.524923,0.053856,0.880934,0.066371,0.465456,-4.113542,119.975304,18.820343,0.142924,-0.640141,0.113954,-0.746195,-13.239264,122.524330,5.594272,0.050008,-0.160861,-0.472409,-0.865131,-9.776424,114.609756,-15.092216,-0.174035,-0.124849,0.741262,0.636125,0.659626,131.271606,-21.862307,-0.074922,0.982148,0.037789,0.168355,1.339738,119.823929,23.294792,0.271405,0.754793,0.000091,-0.597182,16.504572,122.011314,28.767315,-0.086394,-0.008320,0.495731,-0.864128,19.630207,112.828934,8.556509,0.027046,-0.190911,0.773857,-0.603297,9.208839,130.362564,10.607268,0.048670,0.898092,0.111407,0.422672,-7.671527,83.308517,14.310986,0.090425,0.942796,-0.027467,0.319695,-7.435266,49.373409,5.874773,0.009693,0.958443,0.076815,0.274576,-15.879992,5.272794,5.604239,-0.090030,0.919102,-0.068609,0.377410,4.817878,83.426682,26.770615,-0.020670,0.910564,-0.092703,0.402310,8.794067,49.353962,33.557148,-0.046799,0.932476,0.050807,0.354567,7.135055,5.261427,41.884594,0.009693,0.958443,0.076815,0.274576,-8.760779,1.485724,-6.350814,-0.046799,0.932476,0.050807,0.354567,16.528484,1.275297,31.695255
517,4.308333,0.009876,0.923528,-0.032667,0.382011,-1.426932,83.369125,20.540861,-0.009329,0.936520,0.039565,0.348249,-1.114454,90.585510,20.159002,0.016164,0.941403,-0.013386,0.336630,-1.862910,107.149925,21.282686,0.001318,0.965737,0.076303,0.248047,-1.148370,125.247955,21.023283,0.030705,0.984748,-0.089149,0.146223,-0.785540,139.020126,21.520679,0.053771,0.880935,0.066291,0.465476,-4.111691,119.978378,18.816778,0.142725,-0.640156,0.114338,-0.746161,-13.237114,122.523811,5.589807,0.050039,-0.161115,-0.472208,-0.865192,-9.779058,114.602188,-15.094784,-0.174161,-0.124593,0.741315,0.636079,0.662021,131.258102,-21.874924,-0.075006,0.982127,0.038001,0.168394,1.341160,119.827232,23.291756,0.271418,0.754875,0.000097,-0.597073,16.505156,122.016052,28.766027,-0.086405,-0.008197,0.495710,-0.864141,19.636309,112.832390,8.556654,0.026964,-0.190898,0.774098,-0.602996,9.213711,130.366425,10.603276,0.048734,0.898036,0.111380,0.422789,-7.671689,83.309875,14.311102,0.090387,0.942781,-0.027458,0.319749,-7.439110,49.374790,5.874713,0.009612,0.958450,0.076841,0.274547,-15.880388,5.273518,5.603992,-0.090016,0.919087,-0.068685,0.377436,4.817825,83.428368,26.770622,-0.020726,0.910455,-0.092654,0.402563,8.790886,49.356205,33.561729,-0.046854,0.932507,0.050787,0.354479,7.135905,5.263061,41.886765,0.009612,0.958450,0.076841,0.274547,-8.761091,1.487751,-6.351422,-0.046854,0.932507,0.050787,0.354479,16.527897,1.276952,31.696096
518,4.316667,0.009801,0.923521,-0.032621,0.382033,-1.425339,83.372215,20.542185,-0.009293,0.936509,0.039437,0.348294,-1.114115,90.588669,20.160530,0.016130,0.941384,-0.013374,0.336685,-1.859992,107.152596,21.280561,0.001370,0.965733,0.076263,0.248076,-1.146774,125.250671,21.021196,0.030773,0.984736,-0.089286,0.146204,-0.782237,139.022827,21.517914,0.053772,0.880956,0.066208,0.465448,-4.109450,119.980881,18.814365,0.142801,-0.640198,0.114430,-0.746096,-13.235715,122.525063,5.587736,0.050318,-0.161246,-0.471970,-0.865282,-9.781035,114.598213,-15.095417,-0.174238,-0.124400,0.741520,0.635857,0.667839,131.245560,-21.885973,-0.074803,0.982148,0.037791,0.168410,1.342902,119.830154,23.289963,0.271356,0.754838,-0.000029,-0.597148,16.507710,122.013680,28.764095,-0.086627,-0.008048,0.495878,-0.864023,19.636362,112.829193,8.554706,0.026878,-0.190715,0.774100,-0.603055,9.219203,130.369476,10.601397,0.048784,0.898020,0.111327,0.422832,-7.669817,83.312042,14.312157,0.090371,0.942789,-0.027436,0.319734,-7.441603,49.376469,5.877610,0.009683,0.958440,0.076872,0.274572,-15.880859,5.274811,5.605613,-0.090010,0.919053,-0.068716,0.377515,4.819139,83.432396,26.772213,-0.020749,0.910490,-0.092655,0.402483,8.790395,49.360462,33.565552,-0.046818,0.932553,0.050757,0.354368,7.137982,5.267415,41.891613,0.009683,0.958440,0.076872,0.274572,-8.761520,1.489358,-6.349873,-0.046818,0.932553,0.050757,0.354368,16.527187,1.280062,31.698868
519,4.325000,0.009854,0.923505,-0.032779,0.382055,-1.429631,83.375282,20.544827,-0.009241,0.936509,0.039292,0.348313,-1.116815,90.591568,20.161360,0.016148,0.941378,-0.013403,0.336700,-1.859359,107.154442,21.277365,0.001308,0.965746,0.076166,0.248057,-1.145167,125.252472,21.017241,0.030954,0.984728,-0.089356,0.146180,-0.781665,139.024765,21.510914,0.053729,0.880974,0.066087,0.465435,-4.108050,119.982742,18.810541,0.142870,-0.640245,0.114560,-0.746023,-13.234848,122.523865,5.583697,0.050439,-0.161333,-0.471856,-0.865321,-9.784185,114.590790,-15.097727,-0.174329,-0.124272,0.741509,0.635870,0.668114,131.234009,-21.893898,-0.074902,0.982124,0.037964,0.168467,1.344145,119.831917,23.286324,0.271452,0.754976,0.000194,-0.596930,16.507839,122.017502,28.762695,-0.086529,-0.008029,0.495719,-0.864124,19.645834,112.834076,8.554289,0.026829,-0.190606,0.774013,-0.603202,9.223146,130.369324,10.597592,0.048740,0.898016,0.111350,0.422839,-7.673795,83.314880,14.314489,0.090363,0.942841,-0.027391,0.319585,-7.442030,49.379372,5.879775,0.009672,0.958454,0.076798,0.274544,-15.879363,5.277366,5.605588,-0.090041,0.919017,-0.068676,0.377604,4.814533,83.435677,26.775164,-0.020802,0.910339,-0.092602,0.402833,8.788168,49.363743,33.567078,-0.046670,0.932541,0.050798,0.354414,7.138824,5.270010,41.890125,0.009672,0.958454,0.076798,0.274544,-8.760812,1.490026,-6.349765,-0.046670,0.932541,0.050798,0.354414,16.527798,1.282228,31.697332
520,4.333333,0.009835,0.923497,-0.032808,0.382074,-1.429293,83.373917,20.544559,-0.009255,0.936500,0.039202,0.348345,-1.116566,90.590179,20.160614,0.016223,0.941364,-0.013444,0.336734,-1.858685,107.156357,21.273840,0.001398,0.965732,0.076151,0.248116,-1.141396,125.254272,21.013247,0.030899,0.984711,-0.089491,0.146225,-0.775303,139.026489,21.507214,0.053770,0.880998,0.065963,0.465404,-4.105012,119.984970,18.806479,0.142970,-0.640316,0.114701,-0.745922,-13.232620,122.525345,5.580045,0.050606,-0.161376,-0.471704,-0.865386,-9.787457,114.584755,-15.099420,-0.174495,-0.124166,0.741416,0.635954,0.669917,131.222046,-21.900326,-0.074897,0.982116,0.037922,0.168524,1.346826,119.833351,23.282673,0.271488,0.755009,0.000060,-0.596873,16.509926,122.018936,28.760704,-0.086518,-0.007867,0.495714,-0.864130,19.650116,112.830292,8.555005,0.026644,-0.190645,0.774008,-0.603205,9.227376,130.365570,10.592260,0.048771,0.897997,0.111332,0.422882,-7.673208,83.313004,14.313975,0.090362,0.942819,-0.027398,0.319650,-7.443564,49.377419,5.879510,0.009714,0.958428,0.076891,0.274606,-15.881038,5.275437,5.605392,-0.090016,0.918994,-0.068696,0.377661,4.814622,83.434830,26.775143,-0.020757,0.910437,-0.092577,0.402620,8.785722,49.362762,33.567928,-0.046848,0.932506,0.050732,0.354493,7.135557,5.268452,41.887726,0.009714,0.958428,0.076891,0.274606,-8.761087,1.490255,-6.349814,-0.046848,0.932506,0.050732,0.354493,16.527647,1.280869,31.697727
521,4.341667,0.009972,0.923510,-0.032888,0.382032,-1.431363,83.373718,20.544863,-0.009240,0.936498,0.039066,0.348366,-1.116377,90.589867,20.160589,0.016235,0.941350,-0.013438,0.336774,-1.856570,107.158134,21.269852,0.001528,0.965730,0.076112,0.248135,-1.138956,125.256035,21.009653,0.030927,0.984702,-0.089667,0.146172,-0.769126,139.028152,21.503466,0.053766,0.881013,0.065870,0.465388,-4.102473,119.986832,18.802536,0.143086,-0.640373,0.114887,-0.745822,-13.230562,122.525696,5.576141,0.050784,-0.161406,-0.471660,-0.865394,-9.790575,114.575722,-15.100582,-0.174701,-0.124253,0.741331,0.635978,0.667691,131.209671,-21.905746,-0.074847,0.982119,0.037813,0.168553,1.348983,119.835030,23.279190,0.271521,0.755041,-0.000025,-0.596817,16.512016,122.019577,28.757835,-0.086431,-0.007809,0.495698,-0.864148,19.654406,112.827171,8.554186,0.026702,-0.190667,0.774063,-0.603125,9.231010,130.362411,10.587560,0.048750,0.897984,0.111301,0.422918,-7.675801,83.314529,14.314784,0.090347,0.942872,-0.027342,0.319504,-7.445397,49.378326,5.882821,0.009601,0.958457,0.076801,0.274534,-15.880036,5.275827,5.605666,-0.090014,0.919031,-0.068711,0.377568,4.813074,83.432915,26.774942,-0.020739,0.910498,-0.092561,0.402487,8.784331,49.360981,33.568287,-0.047014,0.932486,0.050668,0.354531,7.134418,5.266342,41.886379,0.009601,0.958457,0.076801,0.274534,-8.761055,1.489073,-6.349622,-0.047014,0.932486,0.050668,0.354531,16.528656,1.278858,31.698318
522,4.350000,0.010002,0.923505,-0.032950,0.382038,-1.431663,83.374199,20.545197,-0.009237,0.936516,0.038976,0.348329,-1.115927,90.590286,20.160273,0.016196,0.941367,-0.013531,0.336723,-1.854933,107.158829,21.266819,0.001509,0.965739,0.076132,0.248094,-1.137521,125.256683,21.002941,0.031107,0.984691,-0.089762,0.146145,-0.768379,139.028793,21.497103,0.053791,0.881048,0.065757,0.465336,-4.101236,119.987015,18.797203,0.143302,-0.640398,0.114876,-0.745760,-13.230811,122.524811,5.571637,0.050999,-0.161325,-0.471623,-0.865416,-9.792198,114.569138,-15.103120,-0.174859,-0.124299,0.741282,0.635983,0.668305,131.200500,-21.909498,-0.074830,0.982112,0.037786,0.168607,1.350724,119.836151,23.273275,0.271463,0.755156,-0.000016,-0.596697,16.513235,122.020233,28.753534,-0.086407,-0.007773,0.495554,-0.864234,19.663429,112.828575,8.550758,0.026753,-0.190588,0.774163,-0.603019,9.234000,130.360870,10.581936,0.048750,0.897993,0.111288,0.422903,-7.676003,83.315086,14.315020,0.090367,0.942850,-0.027320,0.319564,-7.446164,49.378674,5.883878,0.009607,0.958436,0.076804,0.274607,-15.881827,5.276388,5.603703,-0.089991,0.919018,-0.068740,0.377601,4.812675,83.433319,26.775372,-0.020743,0.910467,-0.092521,0.402566,8.781412,49.361366,33.570091,-0.046921,0.932494,0.050720,0.354516,7.132611,5.266073,41.884998,0.009607,0.958436,0.076804,0.274607,-8.761133,1.489616,-6.350556,-0.046921,0.932494,0.050720,0.354516,16.525818,1.278958,31.695847
523,4.358333,0.009987,0.923502,-0.032972,0.382044,-1.430652,83.375755,20.545847,-0.009228,0.936503,0.038865,0.348376,-1.115004,90.591827,20.160547,0.016224,0.941344,-0.013586,0.336784,-1.852497,107.160912,21.263735,0.001463,0.965736,0.076011,0.248142,-1.133460,125.258682,20.998362,0.031194,0.984683,-0.089724,0.146206,-0.764648,139.030945,21.489038,0.053692,0.881076,0.065748,0.465294,-4.097351,119.989082,18.792702,0.143450,-0.640449,0.114926,-0.745680,-13.228541,122.523865,5.567670,0.051099,-0.161280,-0.471583,-0.865440,-9.793380,114.562332,-15.105406,-0.174874,-0.124390,0.741247,0.636002,0.668880,131.191483,-21.911924,-0.074804,0.982108,0.037746,0.168652,1.354012,119.838142,23.269497,0.271436,0.755161,-0.000093,-0.596702,16.516157,122.021545,28.751045,-0.086397,-0.007754,0.495562,-0.864230,19.666712,112.828674,8.548875,0.026893,-0.190476,0.774176,-0.603031,9.237422,130.361572,10.579213,0.048795,0.897958,0.111254,0.422981,-7.674928,83.316238,14.315611,0.090351,0.942844,-0.027321,0.319585,-7.448159,49.379604,5.885275,0.009631,0.958446,0.076845,0.274560,-15.882498,5.277059,5.605528,-0.089984,0.918987,-0.068815,0.377664,4.813623,83.435280,26.776085,-0.020783,0.910377,-0.092468,0.402780,8.779463,49.363964,33.575699,-0.046918,0.932506,0.050729,0.354482,7.133852,5.267930,41.887299,0.009631,0.958446,0.076845,0.274560,-8.763035,1.491248,-6.349768,-0.046918,0.932506,0.050729,0.354482,16.526333,1.280980,31.697411
524,4.366667,0.009951,0.923491,-0.032972,0.382071,-1.428803,83.378784,20.547739,-0.009259,0.936502,0.038706,0.348396,-1.113624,90.594864,20.162245,0.016254,0.941337,-0.013594,0.336801,-1.850325,107.165375,21.260168,0.001413,0.965735,0.075962,0.248161,-1.130159,125.263092,20.994905,0.031324,0.984664,-0.089822,0.146248,-0.762327,139.035446,21.483953,0.053634,0.881119,0.065597,0.465241,-4.094292,119.993683,18.789108,0.143574,-0.640469,0.115019,-0.745625,-13.227293,122.524490,5.564561,0.051194,-0.161222,-0.471582,-0.865447,-9.794230,114.556480,-15.106371,-0.174946,-0.124483,0.741246,0.635965,0.668594,131.184677,-21.912495,-0.074765,0.982107,0.037739,0.168675,1.356894,119.842384,23.266108,0.271423,0.755182,-0.000164,-0.596682,16.518978,122.024521,28.748327,-0.086345,-0.007755,0.495647,-0.864187,19.670948,112.829987,8.547133,0.027288,-0.190364,0.774178,-0.603047,9.245128,130.365036,10.576784,0.048817,0.897955,0.111213,0.422995,-7.672719,83.318657,14.317146,0.090351,0.942848,-0.027296,0.319576,-7.448406,49.381542,5.888684,0.009587,0.958468,0.076813,0.274493,-15.882039,5.278873,5.606865,-0.089970,0.919015,-0.068884,0.377586,4.815114,83.438911,26.778332,-0.020764,0.910440,-0.092431,0.402647,8.778770,49.368088,33.581646,-0.046753,0.932508,0.050819,0.354485,7.134227,5.271375,41.889839,0.009587,0.958468,0.076813,0.274493,-8.763887,1.492567,-6.349061,-0.046753,0.932508,0.050819,0.354485,16.525518,1.285028,31.698620
525,4.375000,0.009907,0.923464,-0.033062,0.382129,-1.428740,83.383324,20.550945,-0.009215,0.936498,0.038551,0.348426,-1.113627,90.599319,20.164030,0.016236,0.941330,-0.013635,0.336822,-1.847074,107.167625,21.257479,0.001606,0.965727,0.075838,0.248228,-1.127010,125.265327,20.990593,0.031312,0.984654,-0.089849,0.146301,-0.753110,139.037567,21.477711,0.053592,0.881132,0.065499,0.465236,-4.091016,119.995705,18.785152,0.143594,-0.640461,0.115239,-0.745594,-13.224334,122.523842,5.560318,0.051206,-0.161150,-0.471599,-0.865449,-9.793055,114.548088,-15.107916,-0.175069,-0.124622,0.741182,0.635979,0.669959,131.176910,-21.911695,-0.074782,0.982123,0.037693,0.168585,1.359981,119.844841,23.262398,0.271519,0.755142,-0.000199,-0.596689,16.522974,122.027931,28.741726,-0.086300,-0.007821,0.495701,-0.864160,19.672207,112.829681,8.541806,0.027372,-0.190309,0.774390,-0.602788,9.247947,130.366974,10.573160,0.048854,0.897913,0.111162,0.423094,-7.671896,83.321831,14.319605,0.090315,0.942886,-0.027238,0.319480,-7.450526,49.384163,5.893299,0.009580,0.958477,0.076844,0.274453,-15.879554,5.280635,5.608514,-0.089958,0.918978,-0.068891,0.377679,4.814415,83.444809,26.782286,-0.020776,0.910442,-0.092380,0.402654,8.776440,49.373913,33.586174,-0.046761,0.932517,0.050698,0.354480,7.134612,5.276400,41.890629,0.009580,0.958477,0.076844,0.274453,-8.762235,1.495246,-6.348193,-0.046761,0.932517,0.050698,0.354480,16.525585,1.287014,31.700302
526,4.383333,0.009984,0.923481,-0.033049,0.382087,-1.425783,83.382080,20.548735,-0.009211,0.936498,0.038488,0.348432,-1.109730,90.598076,20.162399,0.016187,0.941321,-0.013691,0.336846,-1.842449,107.169189,21.254093,0.001625,0.965728,0.075783,0.248240,-1.123374,125.266899,20.984726,0.031379,0.984650,-0.089874,0.146294,-0.748581,139.039169,21.470518,0.053577,0.881187,0.065387,0.465149,-4.086986,119.996796,18.779879,0.143664,-0.640478,0.115385,-0.745543,-13.222992,122.522713,5.556473,0.051279,-0.161009,-0.471599,-0.865471,-9.794220,114.540222,-15.109579,-0.175260,-0.124733,0.741165,0.635925,0.670241,131.168549,-21.909565,-0.074783,0.982119,0.037629,0.168622,1.363810,119.846870,23.257399,0.271582,0.755229,-0.000057,-0.596551,16.526390,122.030304,28.737736,-0.086119,-0.007870,0.495534,-0.864273,19.681505,112.832664,8.538448,0.027430,-0.190351,0.774463,-0.602679,9.250827,130.365692,10.567273,0.048839,0.897966,0.111045,0.423014,-7.669477,83.321960,14.317921,0.090332,0.942983,-0.027135,0.319198,-7.451438,49.382378,5.899241,0.009671,0.958475,0.076913,0.274439,-15.879078,5.278632,5.607745,-0.089964,0.918957,-0.069015,0.377706,4.817911,83.442207,26.779551,-0.020771,0.910426,-0.092320,0.402702,8.776754,49.372562,33.591591,-0.046853,0.932528,0.050727,0.354433,7.136253,5.274043,41.890995,0.009671,0.958475,0.076913,0.274439,-8.762728,1.494469,-6.349927,-0.046853,0.932528,0.050727,0.354433,16.527084,1.286323,31.699890
527,4.391667,0.009951,0.923454,-0.033229,0.382137,-1.424842,83.383980,20.552984,-0.009115,0.936514,0.038393,0.348404,-1.108202,90.599808,20.164080,0.016035,0.941341,-0.013770,0.336794,-1.836744,107.169556,21.253845,0.001689,0.965738,0.075687,0.248232,-1.121901,125.267365,20.979885,0.031438,0.984642,-0.089920,0.146311,-0.744757,139.039642,21.463539,0.053617,0.881188,0.065169,0.465174,-4.084546,119.996025,18.776697,0.143652,-0.640447,0.115616,-0.745537,-13.219648,122.519836,5.552269,0.051257,-0.160908,-0.471676,-0.865450,-9.791451,114.530228,-15.111126,-0.175467,-0.124816,0.741140,0.635881,0.671296,131.161118,-21.907047,-0.074788,0.982129,0.037599,0.168573,1.366805,119.848480,23.253620,0.271493,0.755229,-0.000269,-0.596591,16.529896,122.032295,28.732378,-0.086131,-0.007828,0.495469,-0.864310,19.685013,112.832001,8.534302,0.027420,-0.190323,0.774444,-0.602713,9.251727,130.363434,10.561630,0.048886,0.897912,0.111125,0.423103,-7.667870,83.322075,14.321520,0.090348,0.942979,-0.027164,0.319202,-7.449540,49.384056,5.896554,0.009695,0.958469,0.076845,0.274476,-15.879321,5.280706,5.607036,-0.089864,0.919021,-0.069040,0.377569,4.818185,83.445877,26.784447,-0.020757,0.910588,-0.092271,0.402349,8.770991,49.375217,33.594913,-0.046901,0.932522,0.050567,0.354465,7.134379,5.275822,41.890411,0.009695,0.958469,0.076845,0.274476,-8.762465,1.494530,-6.349697,-0.046901,0.932522,0.050567,0.354465,16.525974,1.284513,31.701416
528,4.400000,0.010003,0.923455,-0.033365,0.382121,-1.426306,83.383247,20.553988,-0.009062,0.936534,0.038240,0.348366,-1.108232,90.598938,20.163553,0.016022,0.941358,-0.013796,0.336747,-1.833308,107.169426,21.249226,0.001815,0.965743,0.075619,0.248231,-1.118606,125.267220,20.974188,0.031427,0.984635,-0.089985,0.146317,-0.737629,139.039429,21.456875,0.053621,0.881214,0.065103,0.465132,-4.081440,119.995735,18.771591,0.143897,-0.640461,0.115588,-0.745482,-13.217796,122.518631,5.547852,0.051443,-0.160657,-0.471728,-0.865457,-9.790142,114.523109,-15.113351,-0.175715,-0.124971,0.741097,0.635831,0.673351,131.154480,-21.903700,-0.074782,0.982151,0.037433,0.168483,1.370363,119.848480,23.247972,0.271556,0.755232,-0.000200,-0.596558,16.534475,122.033180,28.723558,-0.086059,-0.007875,0.495356,-0.864381,19.689823,112.832550,8.525671,0.027241,-0.190395,0.774541,-0.602573,9.252026,130.361252,10.552837,0.048835,0.897961,0.111067,0.423019,-7.669528,83.321289,14.322719,0.090363,0.943047,-0.027070,0.319005,-7.450509,49.382008,5.902827,0.009646,0.958464,0.076911,0.274477,-15.878929,5.278435,5.606684,-0.089851,0.918965,-0.069038,0.377708,4.816916,83.445213,26.785257,-0.020788,0.910565,-0.092237,0.402408,8.767920,49.374371,33.595840,-0.046682,0.932523,0.050733,0.354468,7.134509,5.274525,41.889610,0.009646,0.958464,0.076911,0.274477,-8.761429,1.494358,-6.350333,-0.046682,0.932523,0.050733,0.354468,16.524612,1.285219,31.698454
529,4.408333,0.010012,0.923491,-0.033249,0.382045,-1.421849,83.380974,20.551023,-0.009065,0.936534,0.038219,0.348369,-1.104335,90.596764,20.162165,0.015973,0.941346,-0.013857,0.336780,-1.829491,107.172203,21.247490,0.001694,0.965734,0.075503,0.248304,-1.115705,125.269997,20.969795,0.031549,0.984606,-0.089991,0.146482,-0.737088,139.042404,21.448635,0.053552,0.881257,0.064952,0.465081,-4.078120,119.998039,18.767790,0.143970,-0.640494,0.115629,-0.745433,-13.216255,122.516617,5.544461,0.051469,-0.160448,-0.471727,-0.865494,-9.790906,114.517662,-15.115788,-0.175829,-0.125161,0.740993,0.635884,0.675012,131.149429,-21.899097,-0.074814,0.982167,0.037412,0.168381,1.373391,119.851723,23.244555,0.271522,0.755246,-0.000363,-0.596556,16.538460,122.037720,28.716963,-0.086047,-0.007851,0.495306,-0.864411,19.694742,112.833702,8.520772,0.027242,-0.190393,0.774650,-0.602433,9.254753,130.361618,10.546699,0.048907,0.897931,0.110979,0.423098,-7.666099,83.319992,14.320777,0.090321,0.942989,-0.027070,0.319188,-7.453507,49.379856,5.904211,0.009657,0.958467,0.077038,0.274430,-15.878328,5.275604,5.607643,-0.089843,0.918974,-0.069224,0.377654,4.822402,83.441956,26.781267,-0.020733,0.910645,-0.092182,0.402242,8.768316,49.372818,33.603317,-0.046651,0.932518,0.050864,0.354467,7.133919,5.271864,41.890972,0.009657,0.958467,0.077038,0.274430,-8.761702,1.494935,-6.350965,-0.046651,0.932518,0.050864,0.354467,16.524023,1.285611,31.698629
530,4.416667,0.009977,0.923452,-0.033411,0.382127,-1.421175,83.385124,20.554085,-0.008994,0.936544,0.038004,0.348369,-1.103193,90.600777,20.162893,0.015929,0.941357,-0.013858,0.336751,-1.823539,107.174232,21.242203,0.001568,0.965737,0.075553,0.248276,-1.111254,125.272072,20.963924,0.031682,0.984591,-0.090092,0.146494,-0.736375,139.044571,21.443230,0.053485,0.881303,0.064913,0.465007,-4.073376,119.999802,18.762262,0.144015,-0.640509,0.115704,-0.745399,-13.213986,122.515800,5.540151,0.051412,-0.160302,-0.471730,-0.865524,-9.790310,114.513107,-15.118937,-0.175796,-0.125395,0.740798,0.636074,0.676808,131.145218,-21.895664,-0.074901,0.982149,0.037601,0.168405,1.378431,119.854065,23.238689,0.271429,0.755260,-0.000571,-0.596580,16.542812,122.041748,28.712330,-0.086083,-0.007794,0.495304,-0.864409,19.700052,112.835144,8.517469,0.027401,-0.190240,0.774617,-0.602517,9.259267,130.364273,10.542219,0.048849,0.897954,0.110921,0.423070,-7.664327,83.322426,14.322753,0.090412,0.943028,-0.026986,0.319055,-7.450064,49.380985,5.911469,0.009636,0.958458,0.076951,0.274488,-15.880166,5.277801,5.606360,-0.089861,0.918895,-0.069194,0.377849,4.821977,83.447830,26.785416,-0.020717,0.910685,-0.092159,0.402157,8.768441,49.378632,33.606850,-0.046920,0.932537,0.050625,0.354415,7.134334,5.277237,41.892197,0.009636,0.958458,0.076951,0.274488,-8.762195,1.494887,-6.350742,-0.046920,0.932537,0.050625,0.354415,16.525162,1.287588,31.701841
531,4.425000,0.009958,0.923465,-0.033368,0.382100,-1.416008,83.385590,20.552921,-0.008964,0.936542,0.037848,0.348390,-1.098522,90.601280,20.162191,0.015875,0.941344,-0.013806,0.336791,-1.816273,107.178055,21.237154,0.001558,0.965727,0.075520,0.248328,-1.106419,125.276009,20.960022,0.031680,0.984573,-0.090177,0.146560,-0.731521,139.048523,21.438427,0.053419,0.881320,0.064911,0.464981,-4.067644,120.003471,18.757797,0.144045,-0.640515,0.115861,-0.745364,-13.209256,122.517540,5.536012,0.051275,-0.160231,-0.471735,-0.865542,-9.787518,114.508865,-15.121074,-0.175585,-0.125675,0.740601,0.636306,0.680133,131.142227,-21.892557,-0.074810,0.982168,0.037462,0.168365,1.383812,119.858208,23.234665,0.271476,0.755270,-0.000507,-0.596547,16.549072,122.043839,28.706688,-0.086010,-0.007808,0.495262,-0.864440,19.706976,112.837280,8.511906,0.027420,-0.190202,0.774604,-0.602545,9.264553,130.365402,10.535487,0.048957,0.897912,0.110845,0.423168,-7.659534,83.322891,14.321966,0.090356,0.943013,-0.026974,0.319115,-7.453431,49.381008,5.912279,0.009695,0.958460,0.077028,0.274458,-15.878508,5.276862,5.607199,-0.089829,0.918945,-0.069383,0.377700,4.827518,83.448280,26.783878,-0.020732,0.910634,-0.092064,0.402293,8.767946,49.380512,33.615940,-0.046878,0.932538,0.050710,0.354406,7.137280,5.277613,41.893944,0.009695,0.958460,0.077028,0.274458,-8.761575,1.495625,-6.351051,-0.046878,0.932538,0.050710,0.354406,16.527731,1.289705,31.702566
532,4.433333,0.009991,0.923448,-0.033421,0.382135,-1.413556,83.385124,20.553675,-0.008980,0.936555,0.037740,0.348367,-1.095331,90.600754,20.162434,0.015865,0.941359,-0.013865,0.336748,-1.812389,107.179810,21.234003,0.001468,0.965750,0.075397,0.248274,-1.102175,125.277710,20.954691,0.031787,0.984572,-0.090194,0.146538,-0.728885,139.050415,21.429134,0.053384,0.881317,0.064546,0.465041,-4.063717,120.004990,18.753357,0.143945,-0.640537,0.115943,-0.745352,-13.203636,122.512665,5.529188,0.051008,-0.160076,-0.471764,-0.865571,-9.784043,114.504066,-15.128281,-0.175468,-0.125790,0.740445,0.636497,0.683768,131.139969,-21.888697,-0.074812,0.982174,0.037435,0.168333,1.388152,119.860123,23.229736,0.271565,0.755231,-0.000538,-0.596555,16.553761,122.046021,28.700691,-0.085834,-0.007854,0.495317,-0.864426,19.709055,112.836060,8.507053,0.027710,-0.190180,0.774706,-0.602407,9.268609,130.366272,10.528961,0.048941,0.897891,0.110825,0.423219,-7.656589,83.322571,14.322225,0.090430,0.943045,-0.026952,0.319001,-7.449575,49.380272,5.914219,0.009658,0.958434,0.077026,0.274549,-15.880262,5.277214,5.606124,-0.089819,0.918901,-0.069415,0.377802,4.829477,83.447670,26.785126,-0.020729,0.910609,-0.092021,0.402360,8.767664,49.380077,33.619370,-0.046864,0.932534,0.050745,0.354415,7.137719,5.276442,41.893608,0.009658,0.958434,0.077026,0.274549,-8.760803,1.496102,-6.350662,-0.046864,0.932534,0.050745,0.354415,16.528316,1.289298,31.702065
533,4.441667,0.010058,0.923445,-0.033535,0.382131,-1.412490,83.385101,20.553116,-0.008986,0.936572,0.037661,0.348329,-1.092734,90.600601,20.160721,0.015871,0.941376,-0.013938,0.336699,-1.809033,107.180237,21.229816,0.001401,0.965770,0.075350,0.248212,-1.097736,125.278069,20.948069,0.031901,0.984568,-0.090274,0.146488,-0.725974,139.050873,21.420729,0.053350,0.881302,0.064845,0.465033,-4.059835,120.005226,18.747738,0.144069,-0.640527,0.116037,-0.745322,-13.200134,122.516373,5.524488,0.050938,-0.159982,-0.471758,-0.865595,-9.780942,114.501320,-15.130547,-0.175334,-0.125887,0.740267,0.636723,0.687578,131.136871,-21.885872,-0.074852,0.982182,0.037381,0.168280,1.392500,119.860611,23.223557,0.271591,0.755140,-0.000921,-0.596658,16.558487,122.048187,28.692797,-0.085672,-0.007814,0.495459,-0.864361,19.707624,112.828209,8.502767,0.028097,-0.190177,0.774607,-0.602517,9.272767,130.362564,10.520492,0.048947,0.897847,0.110786,0.423321,-7.655562,83.322884,14.321700,0.090421,0.943038,-0.026937,0.319027,-7.449190,49.380024,5.915956,0.009710,0.958446,0.077048,0.274500,-15.878646,5.276740,5.606627,-0.089758,0.918957,-0.069543,0.377658,4.830583,83.447311,26.784531,-0.020771,0.910618,-0.091941,0.402355,8.762500,49.380199,33.624775,-0.046692,0.932547,0.050819,0.354391,7.138912,5.275407,41.894115,0.009710,0.958446,0.077048,0.274500,-8.760788,1.495886,-6.351195,-0.046692,0.932547,0.050819,0.354391,16.527637,1.288373,31.700802
534,4.450000,0.010169,0.923422,-0.033686,0.382169,-1.412623,83.384476,20.553720,-0.009081,0.936610,0.037501,0.348242,-1.090542,90.599800,20.159939,0.016031,0.941421,-0.013956,0.336562,-1.807886,107.180801,21.223091,0.001373,0.965810,0.075222,0.248097,-1.090977,125.278427,20.942579,0.031859,0.984576,-0.090311,0.146423,-0.719221,139.051361,21.411451,0.053279,0.881326,0.064742,0.465010,-4.055357,120.006691,18.742668,0.144016,-0.640518,0.116128,-0.745326,-13.196601,122.514252,5.519393,0.050812,-0.159834,-0.471793,-0.865611,-9.777806,114.497688,-15.135119,-0.175389,-0.125981,0.740126,0.636852,0.691022,131.135468,-21.882605,-0.074870,0.982193,0.037283,0.168228,1.398198,119.860008,23.216932,0.271634,0.755149,-0.000969,-0.596628,16.564669,122.048759,28.684353,-0.085555,-0.007840,0.495374,-0.864421,19.714396,112.825920,8.495726,0.028081,-0.190253,0.774588,-0.602519,9.276381,130.357986,10.511656,0.048970,0.897831,0.110770,0.423357,-7.655136,83.323021,14.321738,0.090391,0.943070,-0.026916,0.318943,-7.450346,49.380070,5.916312,0.009446,0.958476,0.076942,0.274436,-15.876740,5.276206,5.606884,-0.089770,0.918884,-0.069511,0.377838,4.829891,83.445938,26.785702,-0.020781,0.910707,-0.091945,0.402153,8.762053,49.378662,33.624977,-0.046892,0.932581,0.050685,0.354293,7.140975,5.273971,41.895340,0.009446,0.958476,0.076942,0.274436,-8.758348,1.494429,-6.350328,-0.046892,0.932581,0.050685,0.354293,16.529074,1.285479,31.702021
535,4.458333,0.010172,0.923417,-0.033719,0.382178,-1.410679,83.383728,20.552691,-0.009006,0.936624,0.037400,0.348217,-1.088367,90.599022,20.158499,0.016037,0.941433,-0.014048,0.336525,-1.802268,107.181847,21.219511,0.001315,0.965831,0.075183,0.248026,-1.084030,125.279366,20.935896,0.031895,0.984579,-0.090411,0.146333,-0.713626,139.052399,21.403254,0.053266,0.881360,0.064677,0.464956,-4.048985,120.007492,18.737114,0.144080,-0.640398,0.116282,-0.745392,-13.191898,122.513626,5.514721,0.050751,-0.159753,-0.471956,-0.865541,-9.767842,114.490532,-15.136383,-0.175418,-0.126176,0.739956,0.637003,0.695824,131.133636,-21.879753,-0.074877,0.982192,0.037264,0.168237,1.404927,119.861153,23.210958,0.271687,0.755146,-0.001008,-0.596607,16.571266,122.050224,28.678617,-0.085358,-0.007874,0.495288,-0.864489,19.720810,112.824615,8.491224,0.028204,-0.190288,0.774622,-0.602458,9.279479,130.354675,10.504012,0.048977,0.897821,0.110701,0.423397,-7.653072,83.322105,14.320588,0.090392,0.942933,-0.026926,0.319345,-7.450387,49.378128,5.919240,0.009453,0.958483,0.076973,0.274402,-15.877003,5.274320,5.607006,-0.089748,0.918895,-0.069582,0.377803,4.831714,83.445351,26.784792,-0.020739,0.910666,-0.091898,0.402257,8.760857,49.378498,33.627914,-0.046741,0.932546,0.050813,0.354388,7.137136,5.272877,41.892822,0.009453,0.958483,0.076973,0.274402,-8.759402,1.493350,-6.350933,-0.046741,0.932546,0.050813,0.354388,16.526218,1.286183,31.699705
536,4.466667,0.010166,0.923411,-0.033763,0.382190,-1.406116,83.383690,20.552544,-0.009052,0.936625,0.037334,0.348222,-1.083644,90.598938,20.157724,0.016034,0.941431,-0.014104,0.336529,-1.798265,107.183098,21.216227,0.001399,0.965830,0.075141,0.248042,-1.079461,125.280571,20.930670,0.031829,0.984571,-0.090537,0.146325,-0.706529,139.053543,21.397495,0.053246,0.881381,0.064593,0.464931,-4.044561,120.008537,18.732431,0.144103,-0.640341,0.116331,-0.745430,-13.188304,122.512802,5.510262,0.050755,-0.159586,-0.471992,-0.865552,-9.761457,114.487579,-15.139553,-0.175482,-0.126349,0.739906,0.637010,0.702940,131.132401,-21.877100,-0.074767,0.982212,0.037082,0.168208,1.409309,119.862518,23.206333,0.271621,0.755146,-0.001132,-0.596637,16.576500,122.049156,28.672604,-0.085376,-0.007809,0.495303,-0.864480,19.726051,112.822464,8.485707,0.028288,-0.190216,0.774549,-0.602571,9.285219,130.353195,10.496638,0.049036,0.897800,0.110673,0.423442,-7.648357,83.321648,14.320293,0.090402,0.943062,-0.026885,0.318966,-7.449793,49.377655,5.918936,0.009446,0.958485,0.076952,0.274400,-15.876269,5.273831,5.606350,-0.089717,0.918831,-0.069628,0.377959,4.836126,83.445732,26.784792,-0.020727,0.910676,-0.091880,0.402241,8.760871,49.378933,33.630672,-0.046710,0.932535,0.050833,0.354420,7.136964,5.272973,41.893692,0.009446,0.958485,0.076952,0.274400,-8.758708,1.492344,-6.351447,-0.046710,0.932535,0.050833,0.354420,16.526493,1.286496,31.700903
537,4.475000,0.010067,0.923418,-0.033707,0.382181,-1.397715,83.386200,20.551079,-0.008942,0.936626,0.037184,0.348237,-1.076880,90.601532,20.156462,0.015819,0.941424,-0.014088,0.336560,-1.786265,107.184303,21.211439,0.001440,0.965815,0.075180,0.248086,-1.074981,125.282036,20.923822,0.031777,0.984555,-0.090685,0.146346,-0.701157,139.054947,21.392014,0.053220,0.881383,0.064704,0.464913,-4.037763,120.008530,18.726030,0.144076,-0.640338,0.116414,-0.745424,-13.182131,122.513710,5.504467,0.050741,-0.159363,-0.471986,-0.865597,-9.756021,114.486549,-15.144714,-0.175608,-0.126535,0.739875,0.636974,0.711247,131.132141,-21.874039,-0.074738,0.982220,0.037092,0.168175,1.415916,119.865288,23.200256,0.271702,0.755153,-0.001069,-0.596591,16.583614,122.051003,28.665485,-0.085323,-0.007855,0.495254,-0.864512,19.733671,112.823143,8.479202,0.028295,-0.190091,0.774535,-0.602628,9.290961,130.352554,10.490504,0.049058,0.897793,0.110580,0.423477,-7.640114,83.322929,14.318999,0.090463,0.942980,-0.026892,0.319190,-7.445426,49.377640,5.922784,0.009447,0.958472,0.076963,0.274444,-15.877114,5.274832,5.607017,-0.089659,0.918863,-0.069764,0.377870,4.844684,83.449471,26.783159,-0.020754,0.910605,-0.091835,0.402410,8.762777,49.383266,33.635830,-0.046905,0.932579,0.050647,0.354304,7.141203,5.276650,41.895847,0.009447,0.958472,0.076963,0.274444,-8.758473,1.493615,-6.350221,-0.046905,0.932579,0.050647,0.354304,16.529543,1.287328,31.703075
538,4.483333,0.010077,0.923418,-0.033728,0.382179,-1.393849,83.386963,20.549627,-0.008938,0.936637,0.037091,0.348219,-1.072763,90.602272,20.154776,0.015859,0.941431,-0.014160,0.336534,-1.780949,107.186035,21.206982,0.001449,0.965823,0.075168,0.248059,-1.067437,125.283646,20.917398,0.031695,0.984553,-0.090804,0.146306,-0.693335,139.056549,21.385309,0.053197,0.881414,0.064635,0.464867,-4.030992,120.010269,18.720329,0.144125,-0.640376,0.116330,-0.745395,-13.176831,122.513687,5.499448,0.050790,-0.159129,-0.471959,-0.865652,-9.752002,114.487839,-15.150459,-0.175747,-0.126683,0.739775,0.637023,0.718690,131.132538,-21.872177,-0.074602,0.982265,0.036713,0.168056,1.422914,119.866837,23.194271,0.271887,0.755114,-0.000808,-0.596556,16.592577,122.050522,28.654865,-0.085238,-0.008072,0.495245,-0.864524,19.739985,112.823868,8.467608,0.028380,-0.189937,0.774484,-0.602738,9.296906,130.352707,10.484900,0.049099,0.897760,0.110514,0.423559,-7.636269,83.323708,14.317569,0.090453,0.942955,-0.026872,0.319269,-7.445335,49.377678,5.924275,0.009387,0.958473,0.076972,0.274440,-15.875570,5.274609,5.606374,-0.089658,0.918837,-0.069831,0.377921,4.848572,83.450218,26.781687,-0.020743,0.910559,-0.091809,0.402521,8.764384,49.384651,33.638844,-0.046474,0.932560,0.050859,0.354381,7.141810,5.277577,41.896191,0.009387,0.958473,0.076972,0.274440,-8.756452,1.494055,-6.350791,-0.046474,0.932560,0.050859,0.354381,16.528490,1.289294,31.701481
539,4.491667,0.010040,0.923405,-0.033754,0.382209,-1.386770,83.385406,20.548157,-0.009028,0.936647,0.037002,0.348197,-1.066012,90.600708,20.152769,0.015905,0.941444,-0.014204,0.336496,-1.776100,107.187714,21.201353,0.001493,0.965856,0.075029,0.247975,-1.060469,125.285233,20.910801,0.031638,0.984569,-0.090876,0.146165,-0.684333,139.058212,21.375172,0.053210,0.881448,0.064468,0.464824,-4.024824,120.012093,18.714233,0.144210,-0.640288,0.116313,-0.745457,-13.171914,122.513344,5.493805,0.050864,-0.159000,-0.472020,-0.865638,-9.741867,114.485863,-15.154608,-0.175808,-0.126914,0.739617,0.637143,0.727936,131.131958,-21.873020,-0.074760,0.982250,0.036910,0.168030,1.429422,119.868233,23.187750,0.272103,0.755084,-0.000863,-0.596497,16.598602,122.055885,28.648094,-0.085107,-0.008038,0.495292,-0.864510,19.743925,112.820839,8.464353,0.028323,-0.189870,0.774540,-0.602690,9.303132,130.350571,10.477827,0.049151,0.897765,0.110468,0.423556,-7.628794,83.321365,14.315709,0.090481,0.943084,-0.026838,0.318882,-7.442529,49.374981,5.923740,0.009566,0.958461,0.077042,0.274454,-15.874323,5.272213,5.605577,-0.089579,0.918882,-0.069901,0.377816,4.855255,83.449448,26.780605,-0.020729,0.910644,-0.091808,0.402330,8.764938,49.383583,33.639763,-0.046627,0.932581,0.050827,0.354311,7.142983,5.276439,41.896866,0.009566,0.958461,0.077042,0.274454,-8.756292,1.492257,-6.352425,-0.046627,0.932581,0.050827,0.354311,16.529423,1.288866,31.701656
540,4.500000,0.010143,0.923399,-0.033850,0.382211,-1.385037,83.383400,20.546270,-0.008986,0.936661,0.036971,0.348165,-1.062374,90.598572,20.150175,0.015934,0.941457,-0.014351,0.336450,-1.770799,107.186974,21.198395,0.001484,0.965868,0.075071,0.247912,-1.052422,125.284302,20.903151,0.031577,0.984570,-0.091043,0.146067,-0.676868,139.057251,21.368519,0.053232,0.881432,0.064473,0.464852,-4.017803,120.011055,18.708225,0.144205,-0.640266,0.116392,-0.745464,-13.163975,122.513046,5.487302,0.050841,-0.158876,-0.472062,-0.865639,-9.733505,114.483139,-15.160094,-0.175948,-0.127077,0.739396,0.637329,0.736386,131.131302,-21.873772,-0.074650,0.982271,0.036615,0.168022,1.436865,119.867500,23.181234,0.272133,0.755071,-0.000901,-0.596498,16.606661,122.053322,28.640600,-0.085056,-0.008012,0.495295,-0.864514,19.751158,112.816368,8.457610,0.028313,-0.189891,0.774363,-0.602911,9.311047,130.345428,10.469040,0.049187,0.897724,0.110420,0.423650,-7.627000,83.320389,14.313751,0.090462,0.942917,-0.026886,0.319375,-7.443542,49.373524,5.923677,0.009301,0.958467,0.076988,0.274457,-15.874902,5.270666,5.605730,-0.089557,0.918833,-0.069902,0.377941,4.856926,83.446411,26.778790,-0.020753,0.910617,-0.091817,0.402387,8.764280,49.380280,33.637970,-0.046753,0.932601,0.050718,0.354256,7.143492,5.273369,41.896542,0.009301,0.958467,0.076988,0.274457,-8.754548,1.491127,-6.351021,-0.046753,0.932601,0.050718,0.354256,16.529629,1.284245,31.701664
541,4.508333,0.010259,0.923384,-0.034061,0.382225,-1.385435,83.383156,20.545340,-0.008910,0.936681,0.036919,0.348119,-1.060062,90.598083,20.147076,0.015951,0.941480,-0.014520,0.336379,-1.765483,107.186722,21.194592,0.001532,0.965891,0.075076,0.247823,-1.044483,125.283859,20.893713,0.031478,0.984583,-0.091161,0.145926,-0.667800,139.056778,21.359415,0.053350,0.881459,0.064306,0.464811,-4.010981,120.010376,18.700853,0.144042,-0.640176,0.116631,-0.745536,-13.158004,122.513176,5.480674,0.050684,-0.158894,-0.472030,-0.865663,-9.724823,114.480171,-15.165062,-0.175936,-0.127139,0.739080,0.637686,0.746123,131.128647,-21.876408,-0.074623,0.982276,0.036454,0.168034,1.444356,119.867393,23.173065,0.272243,0.755020,-0.000954,-0.596513,16.614155,122.053238,28.632414,-0.084955,-0.008009,0.495315,-0.864513,19.755184,112.811783,8.450943,0.028305,-0.189848,0.774352,-0.602939,9.315731,130.341797,10.460304,0.049136,0.897715,0.110420,0.423676,-7.627169,83.320595,14.312586,0.090497,0.943071,-0.026834,0.318916,-7.440244,49.373363,5.924038,0.009374,0.958470,0.076972,0.274449,-15.873230,5.270833,5.604825,-0.089535,0.918879,-0.069918,0.377830,4.856299,83.445717,26.778093,-0.020747,0.910620,-0.091796,0.402385,8.762643,49.379471,33.637264,-0.046836,0.932591,0.050664,0.354280,7.142118,5.272186,41.893879,0.009374,0.958470,0.076972,0.274449,-8.753787,1.490353,-6.352171,-0.046836,0.932591,0.050664,0.354280,16.529381,1.282559,31.700235
542,4.516667,0.010310,0.923393,-0.034054,0.382203,-1.382095,83.382248,20.542652,-0.008926,0.936688,0.036869,0.348105,-1.056087,90.597168,20.144758,0.016012,0.941482,-0.014600,0.336365,-1.761477,107.187866,21.190687,0.001511,0.965923,0.074954,0.247736,-1.037431,125.284836,20.887815,0.031426,0.984599,-0.091264,0.145770,-0.660559,139.057861,21.350012,0.053268,0.881403,0.064302,0.464926,-4.004882,120.011627,18.695618,0.144033,-0.640187,0.116677,-0.745521,-13.148697,122.512177,5.472788,0.050624,-0.158806,-0.472004,-0.865696,-9.716634,114.477898,-15.172644,-0.175943,-0.127243,0.738859,0.637919,0.755998,131.125946,-21.879526,-0.074559,0.982294,0.036325,0.167989,1.450559,119.868210,23.167688,0.272325,0.754871,-0.001197,-0.596664,16.621157,122.052811,28.625315,-0.084899,-0.007954,0.495575,-0.864369,19.752098,112.803864,8.445705,0.028469,-0.189913,0.774331,-0.602938,9.323290,130.340271,10.452784,0.049150,0.897734,0.110369,0.423648,-7.624103,83.320580,14.310163,0.090506,0.942955,-0.026874,0.319253,-7.439904,49.372662,5.924360,0.009407,0.958470,0.076937,0.274458,-15.874681,5.270469,5.605281,-0.089498,0.918998,-0.070033,0.377530,4.859912,83.443916,26.775143,-0.020752,0.910678,-0.091797,0.402254,8.763030,49.378319,33.639378,-0.046656,0.932623,0.050707,0.354212,7.144065,5.271071,41.896526,0.009407,0.958470,0.076937,0.274458,-8.755404,1.488799,-6.351439,-0.046656,0.932623,0.050707,0.354212,16.528376,1.280650,31.700474
543,4.525000,0.010318,0.923385,-0.034153,0.382215,-1.379484,83.384605,20.541086,-0.008852,0.936703,0.036736,0.348080,-1.052814,90.599426,20.141926,0.016018,0.941496,-0.014610,0.336326,-1.754325,107.189941,21.184549,0.001556,0.965944,0.074873,0.247676,-1.029952,125.286903,20.881390,0.031348,0.984606,-0.091368,0.145672,-0.651407,139.059952,21.341631,0.053262,0.881396,0.064250,0.464948,-3.997687,120.013718,18.689505,0.144172,-0.640222,0.116577,-0.745480,-13.140840,122.513329,5.466050,0.050691,-0.158711,-0.471884,-0.865775,-9.709746,114.478386,-15.179274,-0.175881,-0.127259,0.738663,0.638160,0.768363,131.122696,-21.884001,-0.074486,0.982300,0.036247,0.168000,1.458123,119.870247,23.161121,0.272383,0.754756,-0.001289,-0.596782,16.628948,122.052940,28.618864,-0.084839,-0.007967,0.495716,-0.864294,19.752144,112.801003,8.439434,0.028648,-0.189829,0.774498,-0.602742,9.328877,130.341141,10.446276,0.049162,0.897717,0.110289,0.423704,-7.621332,83.322403,14.308447,0.090510,0.942935,-0.026858,0.319313,-7.439778,49.373322,5.927269,0.009476,0.958478,0.076936,0.274429,-15.874436,5.271122,5.606178,-0.089530,0.918961,-0.070044,0.377608,4.862365,83.446808,26.773727,-0.020695,0.910765,-0.091828,0.402052,8.766662,49.381725,33.639828,-0.046710,0.932624,0.050633,0.354214,7.143737,5.274778,41.897781,0.009476,0.958478,0.076936,0.274429,-8.756486,1.488975,-6.351176,-0.046710,0.932624,0.050633,0.354214,16.528391,1.283005,31.702578
544,4.533333,0.010311,0.923388,-0.034212,0.382202,-1.374748,83.385216,20.539316,-0.008866,0.936702,0.036658,0.348090,-1.047852,90.599983,20.139317,0.016074,0.941488,-0.014687,0.336342,-1.748921,107.191147,21.179379,0.001606,0.965948,0.074833,0.247673,-1.021695,125.287964,20.874283,0.031317,0.984601,-0.091510,0.145624,-0.641541,139.060989,21.333778,0.053339,0.881369,0.064289,0.464985,-3.990184,120.014999,18.682865,0.143934,-0.640189,0.116942,-0.745497,-13.131955,122.517456,5.458984,0.050635,-0.158724,-0.471725,-0.865863,-9.702769,114.477280,-15.184632,-0.176024,-0.127280,0.738527,0.638274,0.781492,131.118042,-21.889023,-0.074513,0.982311,0.036138,0.167950,1.465451,119.871162,23.154690,0.272520,0.754657,-0.001379,-0.596845,16.636702,122.055397,28.610653,-0.084755,-0.008004,0.495881,-0.864208,19.753191,112.797607,8.432857,0.028853,-0.189729,0.774538,-0.602712,9.336358,130.342239,10.439865,0.049195,0.897763,0.110250,0.423610,-7.616767,83.322502,14.306848,0.090500,0.942969,-0.026853,0.319216,-7.439315,49.373047,5.927092,0.009466,0.958475,0.076977,0.274426,-15.872992,5.270645,5.606700,-0.089538,0.918929,-0.070065,0.377682,4.867270,83.447937,26.771784,-0.020693,0.910693,-0.091850,0.402211,8.770961,49.383156,33.639763,-0.046485,0.932628,0.050718,0.354220,7.145677,5.276573,41.899197,0.009466,0.958475,0.076977,0.274426,-8.754908,1.489682,-6.350955,-0.046485,0.932628,0.050718,0.354220,16.528666,1.284668,31.702509
545,4.541667,0.010369,0.923395,-0.034174,0.382187,-1.369815,83.384560,20.534710,-0.008853,0.936698,0.036622,0.348104,-1.042353,90.599350,20.135534,0.016070,0.941479,-0.014768,0.336365,-1.742752,107.193565,21.174801,0.001561,0.965963,0.074744,0.247641,-1.014688,125.290298,20.866905,0.031351,0.984603,-0.091596,0.145548,-0.635159,139.063431,21.323690,0.053324,0.881373,0.064120,0.465003,-3.983311,120.017136,18.676170,0.144065,-0.640191,0.116831,-0.745487,-13.124612,122.516647,5.451408,0.050801,-0.158614,-0.471576,-0.865954,-9.694432,114.476440,-15.192027,-0.176081,-0.127314,0.738306,0.638507,0.796466,131.111694,-21.895575,-0.074378,0.982327,0.036029,0.167937,1.472101,119.873741,23.148279,0.272645,0.754610,-0.001313,-0.596848,16.644144,122.054306,28.603506,-0.084726,-0.007915,0.495948,-0.864173,19.757458,112.794640,8.426081,0.028708,-0.189615,0.774358,-0.602986,9.344039,130.339996,10.429465,0.049246,0.897768,0.110169,0.423616,-7.612013,83.323059,14.302410,0.090492,0.943116,-0.026814,0.318787,-7.440102,49.372726,5.926126,0.009437,0.958479,0.076981,0.274415,-15.872113,5.270013,5.606565,-0.089533,0.918929,-0.070147,0.377667,4.872383,83.446060,26.767010,-0.020727,0.910586,-0.091859,0.402448,8.773674,49.382034,33.640072,-0.046764,0.932653,0.050660,0.354125,7.148646,5.275712,41.900963,0.009437,0.958479,0.076981,0.274415,-8.754019,1.489372,-6.351183,-0.046764,0.932653,0.050660,0.354125,16.531935,1.285114,31.704035
546,4.550000,0.010474,0.923394,-0.034280,0.382175,-1.368859,83.382607,20.530493,-0.008762,0.936701,0.036524,0.348110,-1.039425,90.597252,20.130472,0.016068,0.941475,-0.014841,0.336373,-1.735870,107.192467,21.167793,0.001405,0.965983,0.074619,0.247604,-1.006965,125.289131,20.857407,0.031469,0.984598,-0.091644,0.145526,-0.630767,139.062500,21.309729,0.053479,0.881372,0.064095,0.464989,-3.975798,120.015800,18.667355,0.144092,-0.640099,0.116924,-0.745546,-13.116968,122.519348,5.443266,0.050986,-0.158548,-0.471418,-0.866041,-9.682471,114.475540,-15.198049,-0.176176,-0.127302,0.738340,0.638444,0.815283,131.105438,-21.902966,-0.074382,0.982361,0.035787,0.167790,1.479538,119.872772,23.139568,0.272644,0.754595,-0.001374,-0.596866,16.653172,122.055031,28.589693,-0.084716,-0.008038,0.495881,-0.864211,19.765490,112.793922,8.412777,0.028798,-0.189500,0.774558,-0.602761,9.349515,130.337112,10.420053,0.049263,0.897773,0.110131,0.423613,-7.611182,83.322098,14.298307,0.090477,0.942978,-0.026863,0.319193,-7.441534,49.371281,5.923931,0.009480,0.958465,0.077007,0.274455,-15.873578,5.268565,5.605259,-0.089513,0.918931,-0.070149,0.377668,4.873464,83.443115,26.762676,-0.020750,0.910661,-0.091924,0.402263,8.773397,49.378849,33.635296,-0.046671,0.932677,0.050705,0.354068,7.149589,5.273694,41.902641,0.009480,0.958465,0.077007,0.274455,-8.754850,1.488288,-6.352228,-0.046671,0.932677,0.050705,0.354068,16.530937,1.283269,31.703863
547,4.558333,0.010563,0.923369,-0.034505,0.382213,-1.369512,83.383057,20.528351,-0.008661,0.936706,0.036478,0.348103,-1.037625,90.597450,20.125843,0.016196,0.941481,-0.015006,0.336342,-1.730400,107.193550,21.162941,0.001421,0.966022,0.074532,0.247475,-0.995148,125.289879,20.848450,0.031500,0.984623,-0.091740,0.145289,-0.618101,139.063309,21.298393,0.053464,0.881401,0.063960,0.464956,-3.965980,120.017113,18.659775,0.143916,-0.639995,0.117146,-0.745635,-13.108214,122.518158,5.435951,0.050959,-0.158637,-0.471055,-0.866224,-9.670032,114.472198,-15.203913,-0.175913,-0.127085,0.738381,0.638512,0.842049,131.094635,-21.912785,-0.074447,0.982348,0.035689,0.167858,1.489599,119.873169,23.131662,0.272892,0.754495,-0.001429,-0.596880,16.662167,122.057953,28.583735,-0.084470,-0.007885,0.495968,-0.864186,19.767673,112.788216,8.409743,0.028685,-0.189479,0.774828,-0.602426,9.355812,130.333466,10.406785,0.049237,0.897776,0.110115,0.423615,-7.611297,83.322456,14.295628,0.090484,0.943144,-0.026812,0.318706,-7.440502,49.371223,5.922985,0.009383,0.958483,0.076944,0.274414,-15.871875,5.268380,5.604187,-0.089502,0.919018,-0.070153,0.377457,4.872272,83.443649,26.761072,-0.020710,0.910629,-0.091895,0.402344,8.773004,49.379288,33.632790,-0.046694,0.932622,0.050579,0.354229,7.146227,5.273506,41.896206,0.009383,0.958483,0.076944,0.274414,-8.753436,1.487128,-6.353163,-0.046694,0.932622,0.050579,0.354229,16.530941,1.280179,31.701664
548,4.566667,0.010659,0.923374,-0.034598,0.382190,-1.367234,83.382599,20.523941,-0.008549,0.936706,0.036379,0.348116,-1.033564,90.596878,20.120720,0.016317,0.941471,-0.015145,0.336358,-1.721734,107.193077,21.156025,0.001318,0.966026,0.074545,0.247458,-0.980651,125.289108,20.838289,0.031478,0.984617,-0.091860,0.145260,-0.606445,139.062622,21.287865,0.053483,0.881458,0.063902,0.464853,-3.953095,120.016899,18.650455,0.143841,-0.639998,0.117208,-0.745637,-13.098368,122.517487,5.428648,0.051017,-0.158671,-0.470820,-0.866342,-9.661013,114.471603,-15.211375,-0.175968,-0.126983,0.738114,0.638825,0.859167,131.086395,-21.922455,-0.074506,0.982325,0.035635,0.167976,1.502268,119.872009,23.122576,0.273110,0.754388,-0.001435,-0.596915,16.673262,122.058777,28.578224,-0.084247,-0.007805,0.496013,-0.864183,19.771563,112.782822,8.405977,0.028605,-0.189390,0.774913,-0.602348,9.362116,130.328873,10.395694,0.049222,0.897804,0.110093,0.423562,-7.609287,83.322960,14.291480,0.090509,0.943137,-0.026831,0.318717,-7.438640,49.371288,5.920596,0.009421,0.958473,0.076874,0.274466,-15.872613,5.268929,5.602596,-0.089484,0.919048,-0.070163,0.377387,4.874818,83.442238,26.756403,-0.020719,0.910761,-0.091959,0.402031,8.774643,49.377750,33.627998,-0.046508,0.932667,0.050610,0.354130,7.149158,5.273062,41.897507,0.009421,0.958473,0.076874,0.274466,-8.753445,1.485457,-6.353614,-0.046508,0.932667,0.050610,0.354130,16.530165,1.278551,31.700018
549,4.575000,0.010679,0.923399,-0.034556,0.382135,-1.362295,83.382942,20.518148,-0.008527,0.936720,0.036326,0.348085,-1.028604,90.597252,20.115574,0.016331,0.941478,-0.015223,0.336334,-1.715436,107.194092,21.149530,0.001415,0.966050,0.074413,0.247401,-0.972923,125.290024,20.829313,0.031565,0.984620,-0.091991,0.145139,-0.595295,139.063538,21.275944,0.053528,0.881451,0.063814,0.464874,-3.945902,120.017754,18.642345,0.143708,-0.639895,0.117421,-0.745717,-13.090399,122.518333,5.419998,0.051089,-0.158700,-0.470630,-0.866436,-9.649414,114.469360,-15.218222,-0.176065,-0.126941,0.737983,0.638959,0.877853,131.078629,-21.931988,-0.074527,0.982344,0.035619,0.167861,1.509681,119.873024,23.114201,0.273247,0.754304,-0.001609,-0.596958,16.681831,122.060730,28.566269,-0.084219,-0.007798,0.496121,-0.864124,19.774488,112.776482,8.396967,0.028637,-0.189214,0.774982,-0.602313,9.368742,130.326340,10.386332,0.049286,0.897834,0.110023,0.423508,-7.605089,83.323952,14.286421,0.090464,0.943162,-0.026842,0.318654,-7.441066,49.371639,5.917995,0.009441,0.958488,0.076892,0.274409,-15.871609,5.268612,5.602703,-0.089460,0.919075,-0.070263,0.377308,4.880499,83.441933,26.749874,-0.020676,0.910740,-0.091974,0.402076,8.776716,49.378128,33.626915,-0.046562,0.932648,0.050598,0.354174,7.146791,5.273518,41.895966,0.009441,0.958488,0.076892,0.274409,-8.753962,1.485538,-6.354543,-0.046562,0.932648,0.050598,0.354174,16.529194,1.279278,31.699652
550,4.583333,0.010576,0.923406,-0.034495,0.382124,-1.353293,83.383751,20.512053,-0.008530,0.936707,0.036291,0.348124,-1.021332,90.598152,20.109720,0.016366,0.941457,-0.015223,0.336390,-1.708018,107.197891,21.142696,0.001367,0.966061,0.074266,0.247406,-0.964308,125.293777,20.822924,0.031666,0.984611,-0.092079,0.145119,-0.586960,139.067444,21.265278,0.053447,0.881409,0.063812,0.464961,-3.937364,120.021751,18.635498,0.143549,-0.639947,0.117540,-0.745685,-13.079493,122.520088,5.411087,0.051112,-0.158706,-0.470324,-0.866600,-9.642717,114.471558,-15.228006,-0.176114,-0.126884,0.737746,0.639231,0.895576,131.071548,-21.942312,-0.074444,0.982354,0.035563,0.167852,1.517677,119.876587,23.108004,0.273335,0.754212,-0.001745,-0.597033,16.690334,122.061966,28.559595,-0.084108,-0.007730,0.496261,-0.864055,19.776814,112.772224,8.391878,0.028858,-0.189037,0.774934,-0.602420,9.376686,130.325943,10.377058,0.049381,0.897864,0.109934,0.423458,-7.596265,83.323494,14.280516,0.090460,0.943137,-0.026889,0.318726,-7.441360,49.370461,5.914830,0.009518,0.958462,0.076997,0.274466,-15.872903,5.267596,5.603032,-0.089408,0.919065,-0.070335,0.377332,4.889678,83.444008,26.743591,-0.020755,0.910705,-0.092059,0.402133,8.780421,49.380260,33.624001,-0.046632,0.932735,0.050483,0.353952,7.153325,5.277357,41.902710,0.009518,0.958462,0.076997,0.274466,-8.754267,1.486764,-6.354335,-0.046632,0.932735,0.050483,0.353952,16.531307,1.280727,31.703264
551,4.591667,0.010598,0.923418,-0.034492,0.382097,-1.348977,83.384911,20.506525,-0.008480,0.936711,0.036226,0.348122,-1.016742,90.599312,20.104351,0.016374,0.941455,-0.015280,0.336395,-1.701188,107.200577,21.135954,0.001365,0.966084,0.074103,0.247363,-0.956494,125.296387,20.814363,0.031845,0.984611,-0.092146,0.145040,-0.578138,139.070160,21.252298,0.053476,0.881413,0.063762,0.464957,-3.929814,120.024300,18.627441,0.143555,-0.639920,0.117569,-0.745702,-13.071959,122.522713,5.403063,0.051259,-0.158718,-0.470016,-0.866756,-9.633968,114.473114,-15.235403,-0.176178,-0.126704,0.737435,0.639607,0.915445,131.062943,-21.952932,-0.074373,0.982366,0.035525,0.167820,1.525173,119.879295,23.100012,0.273616,0.754192,-0.001449,-0.596931,16.698519,122.062683,28.550467,-0.083882,-0.007804,0.496287,-0.864061,19.783569,112.771629,8.383142,0.028977,-0.188866,0.774975,-0.602415,9.384966,130.325592,10.366403,0.049574,0.897717,0.109944,0.423744,-7.592307,83.325058,14.275347,0.090349,0.943043,-0.027037,0.319024,-7.446500,49.373516,5.903465,0.009471,0.958477,0.076976,0.274420,-15.872776,5.269560,5.604719,-0.089403,0.919066,-0.070432,0.377312,4.894354,83.444756,26.737701,-0.020736,0.910780,-0.092089,0.401956,8.782342,49.381897,33.624065,-0.046420,0.932755,0.050537,0.353919,7.154237,5.279413,41.904800,0.009471,0.958477,0.076976,0.274420,-8.754908,1.488534,-6.353037,-0.046420,0.932755,0.050537,0.353919,16.529751,1.281950,31.703421
552,4.600000,0.010670,0.923422,-0.034519,0.382082,-1.346607,83.385300,20.500378,-0.008364,0.936716,0.036119,0.348122,-1.013269,90.599648,20.098223,0.016356,0.941453,-0.015319,0.336397,-1.692880,107.202087,21.127911,0.001477,0.966097,0.073920,0.247368,-0.948318,125.297882,20.804756,0.031882,0.984606,-0.092208,0.145022,-0.565695,139.071671,21.238546,0.053465,0.881372,0.063769,0.465035,-3.921592,120.025574,18.618280,0.143375,-0.639915,0.117801,-0.745705,-13.061407,122.523880,5.392265,0.051341,-0.158710,-0.469706,-0.866921,-9.625548,114.471695,-15.245555,-0.176266,-0.126748,0.737285,0.639747,0.936064,131.053024,-21.964804,-0.074240,0.982373,0.035383,0.167866,1.533383,119.880997,23.090883,0.273447,0.754194,-0.001734,-0.597005,16.706865,122.060883,28.542370,-0.083975,-0.007620,0.496300,-0.864046,19.792114,112.767899,8.375963,0.029025,-0.188704,0.775087,-0.602320,9.393220,130.323746,10.354770,0.049593,0.897748,0.109816,0.423709,-7.590115,83.326439,14.269365,0.090314,0.943114,-0.026982,0.318829,-7.449676,49.373070,5.904802,0.009567,0.958484,0.077011,0.274384,-15.871514,5.268273,5.604217,-0.089380,0.919079,-0.070493,0.377274,4.896901,83.444160,26.731390,-0.020698,0.910757,-0.092106,0.402008,8.782103,49.381626,33.620937,-0.046530,0.932710,0.050505,0.354028,7.149768,5.279288,41.901619,0.009567,0.958484,0.077011,0.274384,-8.755261,1.487531,-6.354594,-0.046530,0.932710,0.050505,0.354028,16.528524,1.282203,31.703068
553,4.608333,0.010719,0.923444,-0.034575,0.382022,-1.342648,83.384575,20.494442,-0.008336,0.936744,0.035996,0.348058,-1.008372,90.598854,20.091797,0.016458,0.941475,-0.015399,0.336327,-1.685581,107.200531,21.117952,0.001512,0.966111,0.073836,0.247339,-0.936608,125.296112,20.793264,0.031939,0.984593,-0.092318,0.145029,-0.552516,139.069931,21.225000,0.053590,0.881399,0.063615,0.464991,-3.911500,120.024361,18.607635,0.143061,-0.639873,0.118220,-0.745735,-13.052219,122.523865,5.382472,0.051447,-0.158721,-0.469568,-0.866987,-9.618397,114.466789,-15.253772,-0.176845,-0.126837,0.736986,0.639914,0.949188,131.044846,-21.976080,-0.074327,0.982359,0.035341,0.167918,1.544092,119.878792,23.079453,0.273480,0.754185,-0.001873,-0.597001,16.716593,122.061600,28.532511,-0.083806,-0.007565,0.496329,-0.864047,19.801210,112.763870,8.368196,0.029277,-0.188691,0.775055,-0.602353,9.404099,130.319885,10.341578,0.049633,0.897727,0.109875,0.423733,-7.586948,83.326187,14.264220,0.090315,0.943082,-0.027107,0.318911,-7.447026,49.374001,5.894838,0.009458,0.958496,0.076899,0.274375,-15.872505,5.269832,5.604011,-0.089279,0.919204,-0.070567,0.376980,4.901653,83.442963,26.724663,-0.020729,0.910769,-0.092163,0.401965,8.780615,49.379883,33.615036,-0.046611,0.932711,0.050454,0.354023,7.149126,5.278599,41.901524,0.009458,0.958496,0.076899,0.274375,-8.755814,1.486851,-6.353830,-0.046611,0.932711,0.050454,0.354023,16.528395,1.281039,31.703630
554,4.616667,0.010801,0.923437,-0.034734,0.382022,-1.341452,83.384293,20.487223,-0.008212,0.936745,0.035949,0.348064,-1.005203,90.598389,20.082907,0.016519,0.941472,-0.015527,0.336328,-1.678022,107.201004,21.109074,0.001580,0.966123,0.073768,0.247311,-0.925415,125.296379,20.780773,0.032087,0.984589,-0.092445,0.144948,-0.539096,139.070175,21.211128,0.053656,0.881406,0.063455,0.464993,-3.901362,120.024788,18.596195,0.142980,-0.639826,0.118393,-0.745763,-13.041788,122.523796,5.370735,0.051608,-0.158632,-0.469331,-0.867122,-9.607095,114.463409,-15.264077,-0.177119,-0.126755,0.736879,0.639977,0.970887,131.034637,-21.986698,-0.074266,0.982362,0.035173,0.167967,1.554194,119.879021,23.068050,0.273521,0.754209,-0.001932,-0.596952,16.726456,122.060715,28.522211,-0.083741,-0.007448,0.496301,-0.864070,19.812691,112.759766,8.359632,0.029203,-0.188661,0.774970,-0.602475,9.414927,130.314819,10.327345,0.049699,0.897727,0.109825,0.423739,-7.585715,83.326164,14.256963,0.090272,0.943095,-0.027147,0.318883,-7.451402,49.373661,5.888779,0.009526,0.958481,0.076917,0.274422,-15.874447,5.269003,5.602839,-0.089235,0.919240,-0.070614,0.376893,4.902812,83.442429,26.717484,-0.020716,0.910840,-0.092205,0.401796,8.778332,49.379261,33.609360,-0.046496,0.932679,0.050470,0.354119,7.145780,5.278635,41.899086,0.009526,0.958481,0.076917,0.274422,-8.757177,1.485999,-6.354652,-0.046496,0.932679,0.050470,0.354119,16.526127,1.280371,31.702459
555,4.625000,0.010927,0.923441,-0.034823,0.382001,-1.339694,83.384659,20.479927,-0.007918,0.936764,0.035722,0.348043,-1.001285,90.598625,20.075109,0.016390,0.941483,-0.015574,0.336301,-1.662233,107.200829,21.097561,0.001609,0.966137,0.073716,0.247272,-0.913470,125.296295,20.766045,0.032194,0.984587,-0.092521,0.144884,-0.526056,139.070099,21.195135,0.053794,0.881442,0.063463,0.464908,-3.888443,120.023689,18.582575,0.142922,-0.639786,0.118636,-0.745770,-13.030974,122.526657,5.359314,0.051703,-0.158639,-0.469094,-0.867243,-9.596555,114.460052,-15.273113,-0.177245,-0.126704,0.736636,0.640233,0.990757,131.024719,-21.998245,-0.074162,0.982353,0.035038,0.168093,1.567429,119.879868,23.054111,0.273581,0.754335,-0.001612,-0.596766,16.738817,122.058823,28.511805,-0.083540,-0.007572,0.496190,-0.864153,19.833555,112.762833,8.348231,0.029535,-0.188692,0.774884,-0.602560,9.431873,130.314301,10.315774,0.049711,0.897738,0.109795,0.423723,-7.584192,83.327988,14.249886,0.090267,0.943090,-0.027192,0.318896,-7.451657,49.375111,5.883182,0.009388,0.958470,0.076835,0.274489,-15.875532,5.270582,5.601067,-0.089205,0.919286,-0.070679,0.376775,4.904803,83.441330,26.709970,-0.020779,0.910779,-0.092240,0.401923,8.777626,49.378433,33.604710,-0.046516,0.932712,0.050436,0.354036,7.147819,5.278614,41.899319,0.009388,0.958470,0.076835,0.274489,-8.755625,1.486291,-6.354451,-0.046516,0.932712,0.050436,0.354036,16.526485,1.279615,31.701427
556,4.633333,0.011072,0.923443,-0.034889,0.381985,-1.339797,83.385307,20.471239,-0.007698,0.936761,0.035551,0.348074,-0.999093,90.599159,20.066341,0.016497,0.941467,-0.015642,0.336337,-1.651325,107.204018,21.086138,0.001658,0.966154,0.073635,0.247228,-0.898078,125.299286,20.753653,0.032277,0.984597,-0.092613,0.144743,-0.508861,139.073105,21.180861,0.053850,0.881474,0.063359,0.464854,-3.874176,120.027306,18.570250,0.142851,-0.639762,0.118863,-0.745768,-13.018147,122.530243,5.347983,0.051818,-0.158669,-0.468814,-0.867383,-9.584774,114.458214,-15.282498,-0.177279,-0.126664,0.736548,0.640332,1.013513,131.015335,-22.011518,-0.074181,0.982366,0.035072,0.168003,1.581306,119.882370,23.042225,0.273704,0.754298,-0.001672,-0.596756,16.753588,122.061897,28.497208,-0.083491,-0.007616,0.496306,-0.864090,19.845821,112.760612,8.335694,0.029669,-0.188676,0.774833,-0.602624,9.448765,130.315048,10.304224,0.049701,0.897760,0.109707,0.423700,-7.584455,83.330566,14.241343,0.090203,0.943104,-0.027221,0.318869,-7.454156,49.376274,5.880353,0.009478,0.958483,0.076888,0.274424,-15.873461,5.270839,5.602761,-0.089298,0.919240,-0.070714,0.376860,4.904861,83.440048,26.701134,-0.020788,0.910791,-0.092321,0.401875,8.781989,49.378662,33.600895,-0.046563,0.932735,0.050390,0.353975,7.150393,5.280211,41.902416,0.009478,0.958483,0.076888,0.274424,-8.755787,1.487377,-6.354344,-0.046563,0.932735,0.050390,0.353975,16.528053,1.280480,31.703896
557,4.641667,0.011215,0.923453,-0.034989,0.381949,-1.339502,83.390594,20.464252,-0.007735,0.936772,0.035371,0.348063,-0.996349,90.604301,20.058792,0.016742,0.941467,-0.015666,0.336324,-1.647611,107.209106,21.072527,0.001701,0.966152,0.073502,0.247276,-0.885712,125.304054,20.742186,0.032319,0.984569,-0.092711,0.144860,-0.494382,139.077896,21.166172,0.053776,0.881451,0.063107,0.464941,-3.864370,120.033752,18.558207,0.141574,-0.639625,0.120212,-0.745913,-13.005963,122.530899,5.333200,0.051134,-0.158928,-0.468402,-0.867599,-9.579226,114.450500,-15.295102,-0.177425,-0.126556,0.736457,0.640418,1.035200,131.006363,-22.022877,-0.074071,0.982380,0.035005,0.167979,1.591120,119.885681,23.030067,0.273876,0.754322,-0.001539,-0.596647,16.764185,122.062111,28.484100,-0.083541,-0.007552,0.496440,-0.864009,19.858030,112.758293,8.324008,0.029613,-0.188503,0.774789,-0.602737,9.466142,130.316345,10.291778,0.049735,0.897765,0.109611,0.423709,-7.584598,83.337524,14.234781,0.090148,0.943110,-0.027227,0.318865,-7.459212,49.381996,5.878764,0.009480,0.958498,0.076839,0.274386,-15.874041,5.275700,5.603333,-0.089279,0.919273,-0.070746,0.376778,4.905593,83.443657,26.693726,-0.020883,0.910794,-0.092408,0.401845,8.781264,49.382359,33.594727,-0.046475,0.932800,0.050368,0.353817,7.154557,5.285707,41.906754,0.009480,0.958498,0.076839,0.274386,-8.757452,1.490933,-6.354006,-0.046475,0.932800,0.050368,0.353817,16.527983,1.284377,31.704967
558,4.650000,0.011234,0.923482,-0.034952,0.381881,-1.334779,83.389656,20.453403,-0.007642,0.936789,0.035238,0.348032,-0.991610,90.603394,20.048515,0.016780,0.941473,-0.015758,0.336302,-1.638542,107.212135,21.059410,0.001543,0.966139,0.073561,0.247310,-0.874241,125.306931,20.726393,0.032547,0.984528,-0.092839,0.145003,-0.487495,139.080887,21.150957,0.053810,0.881490,0.063110,0.464863,-3.853706,120.036713,18.543324,0.141554,-0.639545,0.120428,-0.745950,-12.997543,122.534790,5.320050,0.051222,-0.158918,-0.468129,-0.867742,-9.568553,114.448036,-15.305387,-0.177433,-0.126467,0.736236,0.640687,1.056116,130.995529,-22.034620,-0.074061,0.982395,0.035112,0.167874,1.601974,119.888557,23.014948,0.274000,0.754444,-0.001356,-0.596436,16.776232,122.064255,28.465942,-0.083602,-0.007636,0.496364,-0.864046,19.878298,112.759628,8.307494,0.029493,-0.188410,0.774667,-0.602929,9.483027,130.316055,10.279283,0.049802,0.897781,0.109517,0.423693,-7.580772,83.337196,14.224827,0.090115,0.943093,-0.027284,0.318921,-7.462516,49.380688,5.872665,0.009402,0.958485,0.076906,0.274416,-15.876217,5.274144,5.602507,-0.089235,0.919273,-0.070885,0.376762,4.911214,83.442123,26.681980,-0.020931,0.910567,-0.092442,0.402349,8.780500,49.381638,33.590611,-0.046493,0.932770,0.050371,0.353895,7.151907,5.285734,41.906281,0.009402,0.958485,0.076906,0.274416,-8.758018,1.491712,-6.354612,-0.046493,0.932770,0.050371,0.353895,16.527187,1.284718,31.706070
559,4.658333,0.011479,0.923470,-0.035142,0.381886,-1.336460,83.393112,20.444895,-0.007488,0.936784,0.035051,0.348068,-0.988970,90.606567,20.038834,0.016805,0.941458,-0.015819,0.336340,-1.628971,107.215965,21.045673,0.001677,0.966133,0.073456,0.247361,-0.863049,125.310661,20.710896,0.032624,0.984514,-0.092927,0.145025,-0.471942,139.084549,21.133612,0.053856,0.881520,0.062920,0.464825,-3.842803,120.040474,18.528116,0.141737,-0.639554,0.120380,-0.745916,-12.987617,122.536980,5.305210,0.051470,-0.158756,-0.467809,-0.867930,-9.558593,114.446724,-15.318862,-0.177516,-0.126287,0.736126,0.640826,1.080722,130.985062,-22.047628,-0.073790,0.982421,0.035124,0.167841,1.612505,119.892296,23.000198,0.273938,0.754497,-0.001291,-0.596398,16.788431,122.059372,28.450008,-0.083749,-0.007660,0.496394,-0.864014,19.894106,112.757942,8.290623,0.029575,-0.188274,0.774834,-0.602753,9.499361,130.315781,10.266474,0.049821,0.897811,0.109421,0.423650,-7.582302,83.343353,14.216140,0.090021,0.943138,-0.027294,0.318815,-7.468574,49.385521,5.869328,0.009534,0.958510,0.076813,0.274350,-15.874743,5.277512,5.603691,-0.089266,0.919296,-0.070876,0.376701,4.909382,83.442863,26.673651,-0.020971,0.910636,-0.092553,0.402165,8.781330,49.382683,33.582287,-0.046361,0.932806,0.050437,0.353807,7.153612,5.288771,41.908649,0.009534,0.958510,0.076813,0.274350,-8.759582,1.491719,-6.354174,-0.046361,0.932806,0.050437,0.353807,16.525972,1.288035,31.705643
560,4.666667,0.011822,0.923460,-0.035356,0.381880,-1.347908,83.397049,20.431337,-0.007134,0.936794,0.034967,0.348056,-0.994654,90.610184,20.024324,0.016939,0.941465,-0.015944,0.336307,-1.622552,107.217941,21.032555,0.001962,0.966132,0.073401,0.247382,-0.850552,125.312332,20.695122,0.032615,0.984505,-0.093065,0.145001,-0.451436,139.085983,21.118303,0.053952,0.881460,0.062782,0.464947,-3.832232,120.042839,18.513304,0.141645,-0.639533,0.120724,-0.745896,-12.973020,122.540138,5.287772,0.051434,-0.158734,-0.467569,-0.868065,-9.546487,114.441284,-15.333327,-0.177588,-0.126188,0.735848,0.641144,1.102368,130.973770,-22.060978,-0.073588,0.982464,0.034869,0.167731,1.623331,119.893471,22.985033,0.273959,0.754499,-0.001195,-0.596386,16.801435,122.055687,28.430696,-0.083845,-0.007803,0.496432,-0.863982,19.907242,112.756073,8.270492,0.029588,-0.188304,0.775029,-0.602491,9.513826,130.314606,10.253563,0.049673,0.897791,0.109300,0.423742,-7.593683,83.351456,14.202484,0.089969,0.943202,-0.027265,0.318641,-7.473458,49.390728,5.867530,0.009578,0.958511,0.076704,0.274374,-15.874453,5.281729,5.602496,-0.089398,0.919279,-0.070889,0.376709,4.897867,83.442642,26.660189,-0.021044,0.910632,-0.092629,0.402153,8.777822,49.384243,33.573105,-0.046205,0.932830,0.050367,0.353775,7.153454,5.291873,41.908257,0.009578,0.958511,0.076704,0.274374,-8.759415,1.492659,-6.354403,-0.046205,0.932830,0.050367,0.353775,16.523588,1.287698,31.704557
561,4.675000,0.011959,0.923462,-0.035482,0.381859,-1.347598,83.398506,20.420769,-0.006997,0.936812,0.034820,0.348027,-0.991827,90.611465,20.012817,0.017047,0.941477,-0.016042,0.336265,-1.613688,107.219063,21.018015,0.002136,0.966130,0.073306,0.247417,-0.836824,125.313202,20.678513,0.032646,0.984484,-0.093181,0.145062,-0.432371,139.086731,21.100382,0.054153,0.881437,0.062594,0.464993,-3.820118,120.044281,18.497538,0.141790,-0.639538,0.120870,-0.745840,-12.958813,122.544563,5.271122,0.051662,-0.158665,-0.467284,-0.868218,-9.534187,114.436928,-15.346843,-0.177626,-0.126184,0.735735,0.641265,1.127135,130.961472,-22.077127,-0.073506,0.982472,0.034790,0.167735,1.635791,119.893921,22.968809,0.273929,0.754553,-0.001198,-0.596332,16.814241,122.053970,28.414360,-0.083902,-0.007809,0.496448,-0.863967,19.923655,112.754669,8.254571,0.029640,-0.188345,0.775122,-0.602357,9.530774,130.313629,10.239075,0.049649,0.897818,0.109223,0.423708,-7.593593,83.354309,14.192128,0.089936,0.943248,-0.027298,0.318512,-7.474499,49.392242,5.862607,0.009607,0.958521,0.076658,0.274353,-15.873668,5.282864,5.602449,-0.089384,0.919333,-0.070947,0.376568,4.898396,83.442711,26.649410,-0.021128,0.910544,-0.092701,0.402330,8.776971,49.384712,33.565079,-0.046362,0.932862,0.050172,0.353698,7.155253,5.293855,41.908760,0.009607,0.958521,0.076658,0.274353,-8.759533,1.492346,-6.354528,-0.046362,0.932862,0.050172,0.353698,16.524679,1.286213,31.705776
562,4.683333,0.012097,0.923474,-0.035547,0.381818,-1.347966,83.400238,20.408150,-0.006753,0.936814,0.034699,0.348038,-0.990010,90.613083,20.000084,0.017088,0.941467,-0.016182,0.336284,-1.602988,107.224106,21.004530,0.002339,0.966114,0.073332,0.247468,-0.823000,125.318024,20.660786,0.032670,0.984469,-0.093333,0.145059,-0.413265,139.091339,21.084785,0.054268,0.881443,0.062410,0.464993,-3.807114,120.049110,18.480936,0.142000,-0.639557,0.120922,-0.745775,-12.945414,122.549927,5.254349,0.051896,-0.158550,-0.467054,-0.868349,-9.522441,114.434769,-15.360928,-0.177767,-0.126148,0.735461,0.641547,1.148408,130.950867,-22.091404,-0.073299,0.982484,0.034744,0.167767,1.648594,119.898865,22.952457,0.273952,0.754566,-0.001168,-0.596304,16.827681,122.052551,28.398756,-0.083997,-0.007777,0.496523,-0.863915,19.938019,112.753105,8.239184,0.029547,-0.188368,0.775168,-0.602294,9.548083,130.313934,10.224746,0.049688,0.897774,0.109084,0.423832,-7.594453,83.357880,14.179993,0.089849,0.943276,-0.027322,0.318453,-7.480813,49.393963,5.857944,0.009573,0.958523,0.076674,0.274340,-15.873390,5.283308,5.602895,-0.089400,0.919366,-0.071036,0.376467,4.898522,83.442596,26.636309,-0.021177,0.910485,-0.092790,0.402440,8.776465,49.385674,33.557598,-0.046067,0.932856,0.050251,0.353741,7.154495,5.296498,41.910107,0.009573,0.958523,0.076674,0.274340,-8.759215,1.493473,-6.354273,-0.046067,0.932856,0.050251,0.353741,16.522392,1.287879,31.706100
563,4.691667,0.012291,0.923484,-0.035629,0.381781,-1.347657,83.403961,20.396318,-0.006610,0.936806,0.034546,0.348076,-0.986676,90.616646,19.988220,0.017326,0.941443,-0.016315,0.336331,-1.593491,107.229378,20.989609,0.002675,0.966109,0.073210,0.247521,-0.803768,125.322845,20.644283,0.032498,0.984473,-0.093442,0.145001,-0.384182,139.095886,21.067368,0.054322,0.881462,0.062365,0.464956,-3.790471,120.055321,18.464596,0.141986,-0.639580,0.121185,-0.745715,-12.929699,122.556961,5.238795,0.052140,-0.158510,-0.466701,-0.868531,-9.510897,114.433586,-15.373950,-0.178035,-0.126083,0.735278,0.641695,1.173618,130.938049,-22.107769,-0.073113,0.982503,0.034603,0.167763,1.664674,119.902573,22.936724,0.273962,0.754578,-0.001053,-0.596285,16.844696,122.051109,28.382475,-0.084145,-0.007790,0.496593,-0.863860,19.955795,112.754227,8.221828,0.029536,-0.188169,0.775208,-0.602306,9.568007,130.317474,10.211267,0.049805,0.897741,0.108974,0.423917,-7.594573,83.364235,14.168570,0.089702,0.943251,-0.027392,0.318561,-7.490758,49.399452,5.849940,0.009604,0.958527,0.076634,0.274338,-15.872997,5.286771,5.604008,-0.089434,0.919370,-0.071075,0.376442,4.899261,83.443687,26.624069,-0.021246,0.910410,-0.092905,0.402580,8.778488,49.387573,33.548641,-0.046394,0.932881,0.050087,0.353656,7.156712,5.300575,41.912674,0.009604,0.958527,0.076634,0.274338,-8.759275,1.495644,-6.353028,-0.046394,0.932881,0.050087,0.353656,16.525311,1.291046,31.709661
564,4.700000,0.012436,0.923502,-0.035712,0.381725,-1.348452,83.406898,20.382660,-0.006331,0.936818,0.034371,0.348066,-0.985095,90.619446,19.974232,0.017433,0.941442,-0.016413,0.336324,-1.581224,107.234016,20.973475,0.002738,0.966096,0.073160,0.247588,-0.786659,125.327232,20.626081,0.032534,0.984439,-0.093601,0.145120,-0.364970,139.100235,21.048319,0.054442,0.881449,0.061948,0.465022,-3.774799,120.060257,18.447033,0.141984,-0.639660,0.121306,-0.745627,-12.911588,122.559120,5.219033,0.052292,-0.158323,-0.466406,-0.868715,-9.498713,114.431717,-15.393092,-0.178323,-0.126030,0.735055,0.641882,1.198324,130.926437,-22.122835,-0.072809,0.982529,0.034869,0.167688,1.680360,119.906555,22.919106,0.273847,0.754596,-0.000990,-0.596315,16.862635,122.044060,28.362885,-0.084368,-0.007841,0.496843,-0.863694,19.974962,112.752556,8.199960,0.029865,-0.188207,0.775138,-0.602368,9.596794,130.322052,10.196658,0.049839,0.897701,0.108861,0.424027,-7.596049,83.369019,14.155587,0.089617,0.943429,-0.027397,0.318055,-7.496762,49.402748,5.842977,0.009579,0.958530,0.076643,0.274323,-15.872116,5.288723,5.604469,-0.089432,0.919385,-0.071159,0.376390,4.899145,83.444771,26.609734,-0.021375,0.910197,-0.092992,0.403035,8.776424,49.389477,33.539394,-0.046211,0.932891,0.050179,0.353639,7.157806,5.304420,41.914257,0.009579,0.958530,0.076643,0.274323,-8.758482,1.498035,-6.352749,-0.046211,0.932891,0.050179,0.353639,16.524624,1.295355,31.709442
565,4.708333,0.012657,0.923519,-0.035813,0.381667,-1.352061,83.409706,20.370001,-0.006161,0.936843,0.034147,0.348026,-0.985226,90.622070,19.961422,0.017808,0.941453,-0.016513,0.336269,-1.573505,107.240311,20.955872,0.002726,0.966099,0.073076,0.247597,-0.764963,125.332932,20.609594,0.032476,0.984407,-0.093824,0.145210,-0.343015,139.106003,21.029535,0.054484,0.881468,0.061703,0.465015,-3.757407,120.068420,18.430502,0.142082,-0.639651,0.121434,-0.745596,-12.894271,122.564804,5.202083,0.052610,-0.158295,-0.466100,-0.868865,-9.482249,114.430527,-15.407480,-0.178589,-0.125927,0.734835,0.642079,1.225829,130.913239,-22.141953,-0.072544,0.982550,0.034565,0.167746,1.698093,119.910194,22.902006,0.273942,0.754609,-0.000827,-0.596256,16.880993,122.040878,28.346729,-0.084519,-0.007613,0.496981,-0.863602,19.994173,112.750351,8.183479,0.029595,-0.187942,0.775148,-0.602451,9.622156,130.322510,10.175482,0.049950,0.897634,0.108768,0.424180,-7.600344,83.374779,14.143594,0.089459,0.943350,-0.027476,0.318327,-7.509419,49.407867,5.833511,0.009601,0.958529,0.076563,0.274350,-15.873720,5.291695,5.603832,-0.089467,0.919395,-0.071157,0.376358,4.896222,83.444626,26.596407,-0.021419,0.910258,-0.093123,0.402864,8.775999,49.389748,33.526760,-0.046232,0.932886,0.050081,0.353665,7.157776,5.307052,41.914165,0.009601,0.958529,0.076563,0.274350,-8.759864,1.498666,-6.352517,-0.046232,0.932886,0.050081,0.353665,16.525122,1.295704,31.710726
566,4.716667,0.012866,0.923544,-0.035969,0.381585,-1.356226,83.411995,20.356886,-0.005836,0.936861,0.033863,0.348009,-0.985774,90.624115,19.947342,0.018012,0.941451,-0.016667,0.336254,-1.560581,107.242668,20.936703,0.002603,0.966145,0.073031,0.247434,-0.743226,125.334846,20.587671,0.032840,0.984428,-0.093877,0.144947,-0.324421,139.108093,21.005354,0.054700,0.881523,0.061535,0.464908,-3.738290,120.071457,18.409451,0.142067,-0.639655,0.121731,-0.745547,-12.877631,122.571396,5.183415,0.052770,-0.158424,-0.465671,-0.869061,-9.469096,114.427879,-15.423071,-0.178637,-0.125693,0.734507,0.642488,1.253864,130.897522,-22.165623,-0.072308,0.982564,0.034373,0.167801,1.717243,119.911255,22.880842,0.273996,0.754672,-0.000629,-0.596151,16.900658,122.035423,28.326679,-0.084756,-0.007503,0.497010,-0.863563,20.018110,112.747589,8.162848,0.029230,-0.187702,0.775336,-0.602303,9.647201,130.320297,10.155858,0.049914,0.897706,0.108715,0.424044,-7.605514,83.379471,14.131477,0.089363,0.943429,-0.027511,0.318118,-7.515159,49.411495,5.825730,0.009644,0.958547,0.076476,0.274309,-15.872428,5.293956,5.603615,-0.089441,0.919478,-0.071203,0.376152,4.893062,83.444511,26.582294,-0.021504,0.910282,-0.093234,0.402780,8.771482,49.389763,33.514042,-0.046120,0.932899,0.050058,0.353647,7.156943,5.309239,41.913559,0.009644,0.958547,0.076476,0.274309,-8.760202,1.498308,-6.352870,-0.046120,0.932899,0.050058,0.353647,16.522858,1.296106,31.709511
567,4.725000,0.013141,0.923559,-0.036156,0.381521,-1.361594,83.413727,20.342796,-0.005621,0.936901,0.033756,0.347916,-0.986467,90.625557,19.932259,0.018441,0.941482,-0.017066,0.336126,-1.553454,107.250359,20.921198,0.002538,0.966163,0.072986,0.247377,-0.716660,125.341476,20.563660,0.032820,0.984414,-0.093970,0.144986,-0.299358,139.114807,20.979614,0.054771,0.881587,0.061457,0.464787,-3.717974,120.080330,18.388636,0.142327,-0.639658,0.121903,-0.745466,-12.860695,122.580978,5.165078,0.052949,-0.158768,-0.465266,-0.869205,-9.454208,114.424667,-15.436684,-0.178401,-0.125275,0.733956,0.643264,1.278663,130.878693,-22.194433,-0.072121,0.982595,0.034409,0.167695,1.738553,119.916283,22.858671,0.274334,0.754750,-0.000165,-0.595897,16.923996,122.034439,28.301174,-0.084600,-0.007583,0.496929,-0.863624,20.046721,112.746620,8.138159,0.029084,-0.187506,0.775286,-0.602434,9.672760,130.317108,10.130529,0.049974,0.897710,0.108601,0.424057,-7.611622,83.384476,14.118117,0.089195,0.943465,-0.027528,0.318057,-7.528304,49.415199,5.817624,0.009670,0.958553,0.076446,0.274297,-15.871943,5.295050,5.602337,-0.089447,0.919493,-0.071141,0.376126,4.888433,83.442978,26.567476,-0.021637,0.910140,-0.093398,0.403055,8.769121,49.387684,33.495289,-0.046321,0.932909,0.049866,0.353621,7.156924,5.310431,41.912392,0.009670,0.958553,0.076446,0.274297,-8.760341,1.498430,-6.354207,-0.046321,0.932909,0.049866,0.353621,16.523626,1.294441,31.710190
568,4.733333,0.013339,0.923596,-0.036334,0.381409,-1.366247,83.415947,20.328762,-0.005420,0.936923,0.033561,0.347878,-0.987551,90.627510,19.916895,0.018786,0.941483,-0.017297,0.336091,-1.546090,107.256699,20.902342,0.002590,0.966213,0.072735,0.247257,-0.694739,125.347069,20.541119,0.032978,0.984436,-0.093994,0.144789,-0.274488,139.120514,20.950565,0.054910,0.881612,0.061200,0.464758,-3.700429,120.087906,18.367340,0.142361,-0.639687,0.122144,-0.745396,-12.843543,122.588646,5.144069,0.053012,-0.159241,-0.464645,-0.869446,-9.441332,114.423515,-15.454909,-0.177902,-0.124654,0.733673,0.643845,1.309884,130.859299,-22.231585,-0.071920,0.982668,0.034236,0.167389,1.756244,119.920364,22.837067,0.274536,0.754756,-0.000125,-0.595797,16.945971,122.033569,28.269529,-0.084741,-0.007625,0.497081,-0.863523,20.069082,112.739922,8.109257,0.028950,-0.187370,0.775295,-0.602472,9.700257,130.315323,10.106664,0.049998,0.897760,0.108502,0.423975,-7.617694,83.388802,14.105497,0.089041,0.943461,-0.027563,0.318110,-7.539644,49.418175,5.810467,0.009718,0.958549,0.076425,0.274314,-15.871305,5.295727,5.602088,-0.089434,0.919565,-0.071158,0.375951,4.885200,83.443085,26.552027,-0.021726,0.910130,-0.093536,0.403042,8.765890,49.387802,33.479855,-0.046322,0.932908,0.049744,0.353642,7.156051,5.313218,41.911331,0.009718,0.958549,0.076425,0.274314,-8.759783,1.498194,-6.354216,-0.046322,0.932908,0.049744,0.353642,16.522926,1.294098,31.710524
569,4.741667,0.013495,0.923655,-0.036374,0.381256,-1.368301,83.418762,20.311663,-0.005044,0.936961,0.033289,0.347809,-0.987360,90.630219,19.900072,0.018969,0.941496,-0.017564,0.336031,-1.530946,107.261574,20.881508,0.002777,0.966228,0.072672,0.247216,-0.670104,125.351357,20.513353,0.032968,0.984447,-0.094017,0.144700,-0.244462,139.124649,20.922308,0.055178,0.881593,0.061074,0.464779,-3.678840,120.092949,18.341932,0.142195,-0.639766,0.122624,-0.745281,-12.820372,122.599480,5.118658,0.052919,-0.159712,-0.464006,-0.869707,-9.427965,114.423195,-15.477514,-0.177713,-0.123758,0.733264,0.644535,1.340071,130.837982,-22.268736,-0.071742,0.982678,0.034129,0.167428,1.778307,119.924225,22.811041,0.274779,0.754834,0.000166,-0.595586,16.968437,122.032295,28.244385,-0.084719,-0.007587,0.497139,-0.863492,20.096802,112.737228,8.085574,0.028922,-0.187089,0.775194,-0.602690,9.730261,130.314301,10.081394,0.050026,0.897879,0.108357,0.423757,-7.621727,83.394020,14.090373,0.088903,0.943453,-0.027600,0.318169,-7.551829,49.421398,5.803467,0.009489,0.958538,0.076379,0.274375,-15.872912,5.296922,5.601707,-0.089414,0.919642,-0.071288,0.375741,4.885124,83.443504,26.532953,-0.021803,0.910212,-0.093652,0.402824,8.762709,49.389271,33.467686,-0.046301,0.932896,0.049734,0.353678,7.156962,5.316937,41.911732,0.009489,0.958538,0.076379,0.274375,-8.757967,1.499721,-6.352669,-0.046301,0.932896,0.049734,0.353678,16.524406,1.297368,31.711617
570,4.750000,0.013695,0.923734,-0.036481,0.381047,-1.372155,83.422356,20.294792,-0.004578,0.936976,0.032956,0.347806,-0.988044,90.633621,19.882782,0.018836,0.941473,-0.017836,0.336089,-1.513236,107.266441,20.859272,0.003286,0.966175,0.072747,0.247392,-0.653622,125.356056,20.480251,0.032892,0.984428,-0.094117,0.144784,-0.214713,139.128754,20.894886,0.055634,0.881590,0.060928,0.464749,-3.661754,120.096123,18.311691,0.142277,-0.639850,0.122889,-0.745149,-12.802538,122.613480,5.089955,0.053175,-0.159967,-0.463189,-0.870080,-9.417879,114.426163,-15.503109,-0.177860,-0.122415,0.733125,0.644909,1.376144,130.813156,-22.307816,-0.071545,0.982706,0.033922,0.167388,1.794921,119.930481,22.781492,0.273756,0.755067,-0.001439,-0.595760,16.986410,122.033485,28.213009,-0.085619,-0.006981,0.497289,-0.863322,20.130657,112.727318,8.061801,0.029163,-0.187080,0.775192,-0.602684,9.766034,130.314606,10.055724,0.050009,0.897977,0.108231,0.423583,-7.628305,83.400307,14.076233,0.088730,0.943556,-0.027597,0.317911,-7.562698,49.425659,5.797568,0.009643,0.958558,0.076417,0.274289,-15.869223,5.298403,5.602781,-0.089366,0.919708,-0.071405,0.375570,4.883996,83.444412,26.513353,-0.021936,0.910202,-0.093800,0.402806,8.756651,49.390743,33.453632,-0.046080,0.932911,0.049815,0.353655,7.156610,5.321428,41.914501,0.009643,0.958558,0.076417,0.274289,-8.757656,1.501195,-6.353603,-0.046080,0.932911,0.049815,0.353655,16.521770,1.301652,31.712372
571,4.758333,0.013889,0.923821,-0.036639,0.380815,-1.377846,83.423981,20.279922,-0.004122,0.937034,0.032488,0.347698,-0.990380,90.635010,19.866785,0.019057,0.941494,-0.018134,0.336001,-1.495973,107.274948,20.834372,0.003207,0.966201,0.072589,0.247338,-0.625239,125.363876,20.447823,0.033045,0.984428,-0.094011,0.144815,-0.187437,139.136749,20.857616,0.056077,0.881564,0.060541,0.464796,-3.637020,120.104935,18.281954,0.142136,-0.640176,0.123314,-0.744826,-12.774765,122.629166,5.059434,0.053442,-0.160232,-0.462194,-0.870544,-9.413516,114.431404,-15.533306,-0.178357,-0.121113,0.732808,0.645378,1.412352,130.784683,-22.351768,-0.071476,0.982701,0.033741,0.167486,1.820368,119.937729,22.750826,0.274907,0.755246,0.000169,-0.595004,17.011103,122.039429,28.184948,-0.084949,-0.007351,0.497155,-0.863462,20.167383,112.735023,8.034799,0.029023,-0.186640,0.775269,-0.602728,9.800712,130.313843,10.027138,0.050044,0.898070,0.108115,0.423410,-7.637013,83.404198,14.064394,0.088556,0.943560,-0.027606,0.317946,-7.578688,49.428047,5.791869,0.009630,0.958548,0.076420,0.274323,-15.870852,5.298069,5.602587,-0.089393,0.919884,-0.071519,0.375110,4.881322,83.443764,26.495451,-0.021957,0.910366,-0.093953,0.402398,8.756113,49.391575,33.441757,-0.046162,0.932906,0.049737,0.353668,7.155968,5.324921,41.916454,0.009630,0.958548,0.076420,0.274323,-8.758315,1.501018,-6.353267,-0.046162,0.932906,0.049737,0.353668,16.521961,1.303973,31.715553
572,4.766667,0.014167,0.923915,-0.036907,0.380549,-1.387638,83.425224,20.265461,-0.003746,0.937097,0.031939,0.347583,-0.995110,90.635857,19.850159,0.019338,0.941510,-0.018636,0.335914,-1.482641,107.282234,20.805336,0.003460,0.966183,0.072701,0.247373,-0.596271,125.370094,20.405020,0.032965,0.984433,-0.093906,0.144866,-0.152449,139.142639,20.819586,0.056675,0.881647,0.060597,0.464558,-3.613014,120.112144,18.243658,0.142055,-0.640397,0.123817,-0.744568,-12.755784,122.654068,5.028000,0.054050,-0.160472,-0.460996,-0.871097,-9.412787,114.441872,-15.561960,-0.179213,-0.119639,0.732416,0.645861,1.452322,130.752609,-22.399591,-0.071460,0.982697,0.033162,0.167632,1.845044,119.943558,22.711660,0.275057,0.755524,-0.000105,-0.594581,17.034267,122.047714,28.149055,-0.085274,-0.006916,0.497108,-0.863461,20.209417,112.727478,8.009193,0.028528,-0.185931,0.775067,-0.603230,9.839654,130.307587,9.992807,0.050002,0.898269,0.108029,0.423016,-7.650242,83.408356,14.053384,0.088355,0.943620,-0.027572,0.317828,-7.595493,49.430611,5.787376,0.009667,0.958540,0.076455,0.274339,-15.869880,5.297279,5.601952,-0.089334,0.920012,-0.071541,0.374806,4.874965,83.442093,26.477537,-0.022102,0.910423,-0.094120,0.402223,8.747699,49.389381,33.422462,-0.046333,0.932917,0.049576,0.353640,7.154992,5.326128,41.916187,0.009667,0.958540,0.076455,0.274339,-8.757189,1.500882,-6.354022,-0.046333,0.932917,0.049576,0.353640,16.521532,1.302797,31.716724
573,4.775000,0.014484,0.924048,-0.037182,0.380187,-1.395393,83.425285,20.250065,-0.003360,0.937187,0.031382,0.347396,-0.997280,90.635483,19.832691,0.019507,0.941549,-0.019148,0.335766,-1.466229,107.288513,20.775345,0.003832,0.966188,0.072649,0.247362,-0.567915,125.375435,20.359484,0.032885,0.984456,-0.093693,0.144865,-0.113826,139.147614,20.775148,0.057368,0.881684,0.061160,0.464329,-3.588857,120.117676,18.203524,0.142152,-0.640803,0.124184,-0.744139,-12.735948,122.687614,4.996277,0.054854,-0.160675,-0.459566,-0.871765,-9.420341,114.460197,-15.592034,-0.180159,-0.118084,0.731792,0.646590,1.493215,130.720993,-22.451410,-0.071525,0.982693,0.032544,0.167749,1.870516,119.949219,22.669922,0.275624,0.755902,-0.000074,-0.593839,17.058165,122.058693,28.109657,-0.085478,-0.006270,0.497070,-0.863467,20.258860,112.715424,7.984528,0.027681,-0.184879,0.774869,-0.603848,9.887751,130.295609,9.949135,0.050006,0.898554,0.108042,0.422406,-7.662686,83.412010,14.042714,0.088121,0.943636,-0.027618,0.317841,-7.613422,49.434483,5.775794,0.009639,0.958538,0.076406,0.274361,-15.869440,5.297673,5.600940,-0.089210,0.920099,-0.071599,0.374612,4.871901,83.438560,26.457415,-0.022252,0.910442,-0.094274,0.402135,8.736632,49.384872,33.402027,-0.046128,0.932879,0.049698,0.353749,7.151398,5.324802,41.913681,0.009639,0.958538,0.076406,0.274361,-8.756126,1.500127,-6.354293,-0.046128,0.932879,0.049698,0.353749,16.518747,1.302572,31.714535
574,4.783333,0.014881,0.924187,-0.037638,0.379790,-1.410472,83.423523,20.235809,-0.003070,0.937324,0.031164,0.347049,-1.004729,90.633057,19.814362,0.019574,0.941653,-0.020047,0.335417,-1.461853,107.290863,20.753973,0.004445,0.966200,0.072541,0.247338,-0.550500,125.376419,20.307922,0.032906,0.984474,-0.093356,0.144959,-0.079341,139.147980,20.724808,0.058714,0.881720,0.061094,0.464101,-3.576959,120.117378,18.162832,0.142343,-0.641195,0.124375,-0.743733,-12.725869,122.724556,4.964145,0.055902,-0.160857,-0.458010,-0.872483,-9.434934,114.485016,-15.623281,-0.181265,-0.116484,0.731009,0.647456,1.532773,130.691742,-22.508732,-0.071504,0.982752,0.031631,0.167588,1.885676,119.952179,22.625362,0.275835,0.756651,0.000035,-0.592785,17.075182,122.066246,28.058130,-0.085904,-0.005844,0.496651,-0.863669,20.326740,112.709465,7.947424,0.027064,-0.183944,0.774463,-0.604681,9.937465,130.281784,9.904393,0.049893,0.898691,0.108061,0.422124,-7.682891,83.413963,14.033628,0.087948,0.943744,-0.027581,0.317571,-7.628588,49.435940,5.768765,0.009680,0.958523,0.076428,0.274405,-15.869111,5.296216,5.598106,-0.089079,0.920233,-0.071702,0.374291,4.861947,83.433075,26.437992,-0.022521,0.910361,-0.094349,0.402286,8.718000,49.378792,33.384491,-0.046245,0.932869,0.049686,0.353762,7.150676,5.321079,41.911636,0.009680,0.958523,0.076428,0.274405,-8.755033,1.498961,-6.356770,-0.046245,0.932869,0.049686,0.353762,16.519308,1.299771,31.713299
575,4.791667,0.015130,0.924375,-0.037894,0.379296,-1.418955,83.425415,20.219484,-0.002728,0.937428,0.030491,0.346830,-1.008697,90.634567,19.795769,0.020063,0.941685,-0.020609,0.335263,-1.447272,107.299301,20.718721,0.004150,0.966242,0.072342,0.247235,-0.512512,125.383331,20.259312,0.033027,0.984494,-0.092959,0.145051,-0.047977,139.155350,20.668716,0.059711,0.881946,0.061140,0.463539,-3.546491,120.126686,18.118975,0.142017,-0.641860,0.124740,-0.743160,-12.708518,122.762466,4.935077,0.056502,-0.161390,-0.456244,-0.873271,-9.459931,114.519096,-15.657538,-0.182087,-0.114795,0.729956,0.648715,1.564435,130.666870,-22.572803,-0.071949,0.982735,0.031076,0.167598,1.917329,119.957588,22.579905,0.276570,0.757184,0.000179,-0.591761,17.104637,122.088882,28.012074,-0.085822,-0.005499,0.496357,-0.863849,20.392361,112.704361,7.920185,0.026646,-0.182752,0.774092,-0.605535,9.991211,130.270767,9.862219,0.049952,0.898819,0.108061,0.421845,-7.697856,83.418587,14.023865,0.087671,0.943783,-0.027609,0.317530,-7.649776,49.440971,5.757295,0.009558,0.958531,0.076353,0.274404,-15.867761,5.297008,5.597373,-0.088925,0.920420,-0.071970,0.373818,4.859947,83.432236,26.415104,-0.022654,0.910555,-0.094408,0.401825,8.702623,49.378742,33.372826,-0.046220,0.932849,0.049668,0.353821,7.148330,5.322585,41.910351,0.009558,0.958531,0.076353,0.274404,-8.752807,1.498599,-6.356613,-0.046220,0.932849,0.049668,0.353821,16.517969,1.300570,31.713221
576,4.800000,0.015440,0.924580,-0.038232,0.378751,-1.427034,83.428505,20.205442,-0.002364,0.937568,0.029716,0.346522,-1.011034,90.637146,19.778675,0.020357,0.941756,-0.021159,0.335014,-1.429160,107.312820,20.682249,0.004434,0.966276,0.072125,0.247164,-0.477815,125.395584,20.207401,0.032852,0.984532,-0.092544,0.145094,-0.004317,139.167419,20.612829,0.060915,0.882380,0.060807,0.462600,-3.517813,120.140007,18.073009,0.142028,-0.642648,0.124507,-0.742516,-12.703430,122.804306,4.911278,0.057271,-0.162000,-0.454141,-0.874203,-9.497619,114.566971,-15.690454,-0.182230,-0.113179,0.728569,0.650515,1.593728,130.643433,-22.641008,-0.072114,0.982726,0.030388,0.167710,1.948200,119.969513,22.531200,0.277045,0.757825,-0.000019,-0.590718,17.133514,122.109695,27.965446,-0.086240,-0.004652,0.496036,-0.863996,20.464735,112.695847,7.894455,0.025787,-0.180775,0.773213,-0.607287,10.050103,130.256912,9.813892,0.049970,0.898991,0.108044,0.421479,-7.713051,83.424896,14.017038,0.087400,0.943836,-0.027596,0.317447,-7.669986,49.447147,5.750971,0.009676,0.958551,0.076378,0.274323,-15.864907,5.298865,5.598423,-0.088718,0.920488,-0.072136,0.373667,4.858984,83.432121,26.393847,-0.022929,0.910539,-0.094525,0.401819,8.685176,49.377716,33.356232,-0.046160,0.932849,0.049705,0.353824,7.149161,5.324662,41.913094,0.009676,0.958551,0.076378,0.274323,-8.752925,1.500341,-6.357296,-0.046160,0.932849,0.049705,0.353824,16.518423,1.302996,31.715477
577,4.808333,0.015703,0.924843,-0.038526,0.378068,-1.435102,83.433327,20.189514,-0.001767,0.937688,0.029029,0.346260,-1.014301,90.641525,19.759945,0.020350,0.941791,-0.021782,0.334875,-1.405730,107.326340,20.649452,0.005144,0.966278,0.071670,0.247273,-0.447160,125.408134,20.153164,0.032416,0.984578,-0.091989,0.145237,0.048515,139.179398,20.551344,0.062153,0.882752,0.060644,0.461745,-3.489964,120.151314,18.025862,0.141414,-0.643553,0.124624,-0.741829,-12.696329,122.847786,4.885195,0.057366,-0.162955,-0.451738,-0.875264,-9.543989,114.622353,-15.729544,-0.181746,-0.111311,0.726981,0.652745,1.620766,130.623001,-22.715456,-0.072198,0.982754,0.029359,0.167694,1.977365,119.983795,22.482553,0.277214,0.758682,-0.000093,-0.589537,17.162470,122.132347,27.914083,-0.086426,-0.004308,0.495433,-0.864325,20.552006,112.700127,7.861492,0.025830,-0.179458,0.772833,-0.608158,10.111596,130.249573,9.770660,0.049978,0.899194,0.108027,0.421048,-7.730100,83.432564,14.010244,0.087140,0.943966,-0.027535,0.317139,-7.692019,49.454617,5.744961,0.009688,0.958549,0.076315,0.274345,-15.863359,5.301950,5.597357,-0.088537,0.920621,-0.072422,0.373327,4.859895,83.434090,26.368786,-0.023127,0.910703,-0.094617,0.401415,8.669517,49.380329,33.343410,-0.046298,0.932865,0.049615,0.353777,7.150107,5.329651,41.915443,0.009688,0.958549,0.076315,0.274345,-8.751126,1.501624,-6.357642,-0.046298,0.932865,0.049615,0.353777,16.519367,1.307073,31.718182
578,4.816667,0.016056,0.925116,-0.039081,0.377327,-1.448937,83.433693,20.178101,-0.001055,0.937833,0.028128,0.345945,-1.020727,90.641106,19.742723,0.020327,0.941842,-0.022603,0.334679,-1.379355,107.339119,20.612965,0.005064,0.966311,0.071269,0.247263,-0.411727,125.419632,20.088184,0.032377,0.984614,-0.091224,0.145486,0.084527,139.191193,20.475071,0.063400,0.883279,0.060362,0.460603,-3.458159,120.161079,17.970377,0.140503,-0.644307,0.124901,-0.741301,-12.693686,122.887993,4.856488,0.057208,-0.164275,-0.449380,-0.876241,-9.588018,114.677826,-15.771405,-0.181051,-0.109115,0.725440,0.655020,1.643906,130.604797,-22.801416,-0.072436,0.982755,0.028358,0.167753,2.011035,119.997665,22.424931,0.277724,0.759635,0.000314,-0.588068,17.194359,122.159256,27.856255,-0.086512,-0.003929,0.494678,-0.864751,20.648741,112.708580,7.823421,0.025573,-0.177580,0.772388,-0.609285,10.178464,130.239731,9.718137,0.050017,0.899387,0.108168,0.420597,-7.753615,83.435593,14.008711,0.086780,0.944113,-0.027504,0.316801,-7.717887,49.460049,5.733576,0.009713,0.958574,0.076323,0.274257,-15.858189,5.301619,5.596611,-0.088384,0.920864,-0.072597,0.372729,4.855741,83.431793,26.347490,-0.023305,0.910836,-0.094762,0.401067,8.655468,49.377918,33.326927,-0.046122,0.932869,0.049702,0.353777,7.148655,5.330446,41.917633,0.009713,0.958574,0.076323,0.274257,-8.748274,1.501405,-6.359796,-0.046122,0.932869,0.049702,0.353777,16.516552,1.308284,31.718960
579,4.825000,0.016417,0.925473,-0.039602,0.376379,-1.462403,83.435333,20.163727,-0.000643,0.938059,0.027220,0.345405,-1.026974,90.641983,19.722916,0.020675,0.941967,-0.023393,0.334250,-1.361995,107.356834,20.570438,0.005394,0.966401,0.070868,0.247019,-0.373158,125.435516,20.022486,0.032043,0.984698,-0.090631,0.145360,0.134321,139.206924,20.400528,0.064464,0.883847,0.059693,0.459451,-3.427817,120.178009,17.913929,0.139329,-0.645134,0.125244,-0.740745,-12.693403,122.924438,4.825340,0.057036,-0.165462,-0.446906,-0.877294,-9.639362,114.734734,-15.818395,-0.180595,-0.106673,0.724443,0.656649,1.666848,130.587860,-22.888834,-0.072656,0.982749,0.027161,0.167892,2.045220,120.013519,22.363718,0.277343,0.760779,-0.000626,-0.586767,17.225990,122.188545,27.796818,-0.086993,-0.003143,0.493804,-0.865205,20.758389,112.711868,7.789892,0.025603,-0.176140,0.771837,-0.610400,10.251073,130.226257,9.663682,0.050021,0.899603,0.108299,0.420100,-7.779472,83.440422,14.007026,0.086447,0.944044,-0.027526,0.317097,-7.744678,49.466896,5.723606,0.009653,0.958574,0.076241,0.274281,-15.857512,5.303383,5.595559,-0.088059,0.920978,-0.072824,0.372480,4.854665,83.430244,26.320427,-0.023614,0.910735,-0.094847,0.401258,8.629548,49.374668,33.305046,-0.046205,0.932811,0.049641,0.353928,7.143083,5.329952,41.913437,0.009653,0.958574,0.076241,0.274281,-8.746721,1.501373,-6.359756,-0.046205,0.932811,0.049641,0.353928,16.514832,1.307183,31.718546
580,4.833333,0.016736,0.925882,-0.040283,0.375287,-1.477883,83.437881,20.152491,-0.000382,0.938357,0.026136,0.344679,-1.035015,90.643593,19.703791,0.021342,0.942154,-0.024267,0.333619,-1.348819,107.369446,20.520994,0.005302,0.966527,0.070710,0.246570,-0.327049,125.445602,19.950647,0.031863,0.984782,-0.090072,0.145174,0.178511,139.217224,20.323189,0.065353,0.884350,0.059633,0.458364,-3.394275,120.191345,17.852255,0.138210,-0.646181,0.125248,-0.740041,-12.688574,122.961411,4.789023,0.057152,-0.166342,-0.444291,-0.878447,-9.695208,114.801407,-15.875353,-0.180672,-0.103970,0.723749,0.657827,1.690543,130.571045,-22.978598,-0.073173,0.982790,0.026061,0.167604,2.084321,120.021843,22.295013,0.277329,0.761913,-0.001279,-0.585300,17.265789,122.219757,27.716961,-0.087501,-0.002618,0.492967,-0.865633,20.875628,112.712372,7.738443,0.025591,-0.174238,0.770915,-0.612108,10.333364,130.209106,9.601075,0.050058,0.899772,0.108539,0.419672,-7.809246,83.444550,14.010490,0.086084,0.944144,-0.027503,0.316898,-7.773557,49.474899,5.711161,0.009684,0.958573,0.076071,0.274329,-15.855267,5.305648,5.593281,-0.087756,0.921303,-0.073034,0.371707,4.853481,83.431221,26.294495,-0.023839,0.911063,-0.095021,0.400459,8.609286,49.374065,33.281696,-0.046037,0.932831,0.049529,0.353912,7.142509,5.333266,41.913460,0.009684,0.958573,0.076071,0.274329,-8.744072,1.498787,-6.360254,-0.046037,0.932831,0.049529,0.353912,16.512159,1.305858,31.718466
581,4.841667,0.016900,0.926396,-0.040735,0.373959,-1.481892,83.438042,20.141951,-0.000540,0.938714,0.025200,0.343774,-1.035032,90.643135,19.687458,0.021978,0.942390,-0.025127,0.332847,-1.342578,107.388596,20.474569,0.005497,0.966681,0.070272,0.246090,-0.289251,125.462212,19.881739,0.031611,0.984861,-0.089582,0.145000,0.223909,139.233841,20.243195,0.066726,0.884931,0.058863,0.457143,-3.369306,120.211075,17.794367,0.136812,-0.646997,0.125588,-0.739531,-12.694099,123.008072,4.758635,0.057635,-0.167264,-0.441561,-0.879616,-9.751839,114.875183,-15.923765,-0.181342,-0.101326,0.723276,0.658575,1.717800,130.556473,-23.068813,-0.073137,0.982894,0.024619,0.167227,2.116161,120.036827,22.228453,0.277228,0.763315,-0.001114,-0.583519,17.301903,122.242012,27.635448,-0.088096,-0.002220,0.491874,-0.866195,21.007607,112.725082,7.679039,0.025390,-0.172550,0.769796,-0.614000,10.421004,130.195908,9.535686,0.050155,0.900168,0.108778,0.418747,-7.830719,83.445503,14.018005,0.085740,0.944256,-0.027455,0.316664,-7.802606,49.480175,5.700983,0.009608,0.958577,0.075971,0.274346,-15.854077,5.305377,5.590868,-0.087290,0.921623,-0.073315,0.370968,4.866935,83.430573,26.265896,-0.024029,0.911251,-0.095203,0.399976,8.591166,49.370583,33.256180,-0.046199,0.932784,0.049379,0.354036,7.137913,5.333719,41.910267,0.009608,0.958577,0.075971,0.274346,-8.742074,1.496361,-6.361498,-0.046199,0.932784,0.049379,0.354036,16.511322,1.304220,31.719553
582,4.850000,0.017181,0.926952,-0.041192,0.372517,-1.498360,83.442795,20.129017,0.000444,0.939063,0.023837,0.342917,-1.045981,90.647217,19.669235,0.021759,0.942614,-0.025898,0.332166,-1.306288,107.403801,20.425463,0.005680,0.966810,0.069742,0.245729,-0.251605,125.476334,19.802908,0.031277,0.984949,-0.088789,0.144960,0.269581,139.248016,20.150890,0.068246,0.885662,0.058537,0.455542,-3.335390,120.222351,17.728271,0.135104,-0.647963,0.125941,-0.738938,-12.701039,123.056854,4.729983,0.058339,-0.168116,-0.438714,-0.880831,-9.818864,114.959312,-15.974734,-0.182672,-0.099002,0.722563,0.659343,1.736716,130.543945,-23.161518,-0.073362,0.983025,0.023569,0.166506,2.156600,120.054314,22.154518,0.276625,0.764841,-0.001707,-0.581802,17.349102,122.273277,27.536837,-0.089014,-0.001730,0.490720,-0.866757,21.159454,112.742676,7.606679,0.025281,-0.171288,0.768536,-0.615933,10.523166,130.190582,9.460838,0.050203,0.900481,0.109100,0.417984,-7.866006,83.453056,14.024645,0.085261,0.944269,-0.027472,0.316751,-7.838392,49.492970,5.686242,0.009940,0.958596,0.075915,0.274283,-15.850017,5.310899,5.590535,-0.087086,0.922006,-0.073643,0.369996,4.869286,83.432541,26.233387,-0.024161,0.911510,-0.095408,0.399329,8.579185,49.373428,33.235588,-0.046101,0.932773,0.049270,0.354094,7.135471,5.340642,41.911999,0.009940,0.958596,0.075915,0.274283,-8.742697,1.498083,-6.363405,-0.046101,0.932773,0.049270,0.354094,16.508997,1.307357,31.722891
583,4.858333,0.017572,0.927548,-0.041771,0.370945,-1.521153,83.453583,20.116528,0.000806,0.939526,0.022522,0.341735,-1.061213,90.657112,19.650322,0.022365,0.942951,-0.026868,0.331091,-1.294280,107.429352,20.370207,0.005729,0.967027,0.069117,0.245048,-0.207982,125.499069,19.720640,0.030860,0.985074,-0.087837,0.144785,0.317874,139.270996,20.051250,0.069402,0.886360,0.058182,0.454054,-3.306051,120.247910,17.660143,0.133295,-0.648950,0.126500,-0.738304,-12.710579,123.109200,4.695839,0.058990,-0.168907,-0.435823,-0.882071,-9.892152,115.043343,-16.030008,-0.184265,-0.096580,0.721633,0.660276,1.751088,130.530609,-23.255365,-0.073403,0.983189,0.022415,0.165680,2.195626,120.075844,22.074188,0.276083,0.766536,-0.001725,-0.579826,17.396860,122.303352,27.428249,-0.090212,-0.001343,0.489356,-0.867405,21.323589,112.770020,7.521993,0.024560,-0.169862,0.767152,-0.618078,10.630288,130.187134,9.381834,0.050223,0.900731,0.109360,0.417374,-7.909174,83.467773,14.033489,0.084760,0.944389,-0.027362,0.316540,-7.880746,49.511814,5.678307,0.009959,0.958627,0.075658,0.274245,-15.847209,5.321568,5.589462,-0.086956,0.922337,-0.073835,0.369164,4.866868,83.439400,26.199568,-0.024297,0.911926,-0.095739,0.398289,8.569755,49.380692,33.207424,-0.046068,0.932824,0.048972,0.354004,7.135142,5.354181,41.917130,0.009959,0.958627,0.075658,0.274245,-8.741697,1.501720,-6.363310,-0.046068,0.932824,0.048972,0.354004,16.505745,1.312821,31.728533
584,4.866667,0.017960,0.928232,-0.042414,0.369139,-1.542085,83.463783,20.103622,0.001796,0.939978,0.020834,0.340594,-1.074419,90.666328,19.629980,0.022662,0.943248,-0.027882,0.330140,-1.256137,107.448219,20.308514,0.004579,0.967197,0.069210,0.244374,-0.148250,125.515434,19.626787,0.030674,0.985134,-0.087171,0.144816,0.345447,139.288696,19.951267,0.070812,0.887201,0.058376,0.452164,-3.257128,120.264816,17.581259,0.130533,-0.649959,0.128060,-0.737641,-12.710953,123.168007,4.662211,0.059024,-0.169847,-0.432831,-0.883360,-9.969078,115.128792,-16.084244,-0.186103,-0.093922,0.720998,0.660837,1.764302,130.521942,-23.343681,-0.073871,0.983312,0.021686,0.164835,2.253230,120.093071,21.984472,0.275152,0.768258,-0.002481,-0.577983,17.461309,122.340378,27.310736,-0.091633,-0.000674,0.487912,-0.868069,21.506693,112.798325,7.432450,0.023786,-0.168372,0.765415,-0.620664,10.753060,130.183640,9.292025,0.050370,0.900963,0.109589,0.416796,-7.953450,83.481674,14.045202,0.084124,0.944406,-0.027254,0.316668,-7.932839,49.530251,5.671602,0.010144,0.958656,0.075511,0.274178,-15.842640,5.329805,5.590692,-0.086763,0.922761,-0.074164,0.368082,4.869280,83.445892,26.162041,-0.024394,0.912235,-0.096000,0.397513,8.559388,49.388248,33.181805,-0.046059,0.932801,0.048672,0.354109,7.130727,5.366659,41.917316,0.010144,0.958656,0.075511,0.274178,-8.740862,1.504751,-6.362632,-0.046059,0.932801,0.048672,0.354109,16.502813,1.317553,31.733164
585,4.875000,0.018589,0.928942,-0.043326,0.367211,-1.574605,83.472015,20.090389,0.002841,0.940550,0.019236,0.339098,-1.094631,90.673096,19.606897,0.022786,0.943702,-0.028805,0.328753,-1.224138,107.466797,20.247522,0.004698,0.967463,0.068990,0.243380,-0.102041,125.531914,19.534094,0.030003,0.985288,-0.086642,0.144221,0.395044,139.305206,19.852119,0.072183,0.887959,0.058303,0.450466,-3.221657,120.280899,17.506012,0.128809,-0.650967,0.128615,-0.736959,-12.718972,123.221123,4.627296,0.059727,-0.170555,-0.430006,-0.884555,-10.042245,115.211906,-16.139259,-0.187721,-0.091427,0.720408,0.661373,1.778256,130.511673,-23.436312,-0.074137,0.983532,0.020454,0.163556,2.301517,120.111084,21.893215,0.274058,0.770441,-0.002770,-0.575591,17.521988,122.374878,27.176941,-0.093591,0.000272,0.485959,-0.868956,21.718039,112.836494,7.328141,0.021934,-0.166440,0.763193,-0.623982,10.885213,130.175232,9.185908,0.050272,0.901404,0.109943,0.415760,-8.010600,83.495979,14.058161,0.083532,0.944532,-0.027095,0.316461,-7.983006,49.549309,5.665334,0.010308,0.958691,0.075231,0.274125,-15.838564,5.339184,5.589718,-0.086576,0.923307,-0.074446,0.366698,4.861390,83.448044,26.122618,-0.024621,0.912347,-0.096273,0.397176,8.542710,49.391071,33.150238,-0.045683,0.932784,0.048579,0.354214,7.126101,5.375197,41.916458,0.010308,0.958691,0.075231,0.274125,-8.740340,1.505462,-6.362941,-0.045683,0.932784,0.048579,0.354214,16.496876,1.319876,31.733572
586,4.883333,0.019001,0.929752,-0.044025,0.365052,-1.600829,83.479065,20.073727,0.003600,0.941176,0.017818,0.337429,-1.112763,90.679039,19.581928,0.022931,0.944195,-0.029909,0.327223,-1.201055,107.482956,20.186850,0.004551,0.967759,0.068764,0.242269,-0.062116,125.545486,19.435596,0.029618,0.985427,-0.086167,0.143636,0.431122,139.319122,19.745054,0.073770,0.888803,0.057738,0.448613,-3.193890,120.293983,17.427616,0.126988,-0.651882,0.129194,-0.736365,-12.737881,123.270348,4.591778,0.060402,-0.171141,-0.427195,-0.885758,-10.121329,115.293396,-16.194859,-0.189563,-0.088700,0.719838,0.661839,1.785258,130.498764,-23.523611,-0.074343,0.983820,0.019213,0.161872,2.343356,120.126572,21.797136,0.272192,0.772920,-0.003588,-0.573144,17.580662,122.405312,27.025616,-0.096000,0.001173,0.483777,-0.869909,21.948450,112.880455,7.207406,0.020797,-0.164389,0.761127,-0.627081,11.026958,130.166763,9.072759,0.050070,0.902026,0.110259,0.414350,-8.064449,83.507202,14.071131,0.083035,0.945085,-0.026756,0.314966,-8.027971,49.563976,5.664411,0.010258,0.958745,0.074978,0.274009,-15.832249,5.344775,5.586596,-0.086310,0.924066,-0.074151,0.364903,4.862791,83.450928,26.076323,-0.024808,0.912549,-0.097144,0.396487,8.548403,49.387669,33.071159,-0.045689,0.932801,0.048150,0.354227,7.122478,5.387741,41.915562,0.010258,0.958745,0.074978,0.274009,-8.737116,1.504689,-6.365853,-0.045689,0.932801,0.048150,0.354227,16.492575,1.321448,31.736433
587,4.891667,0.019648,0.930673,-0.044581,0.362593,-1.622901,83.482109,20.054413,0.003856,0.941949,0.016485,0.335328,-1.124523,90.681007,19.557247,0.023278,0.944835,-0.031159,0.325228,-1.188377,107.501587,20.123547,0.004910,0.968108,0.068198,0.241024,-0.024435,125.560776,19.331253,0.028822,0.985596,-0.085320,0.143141,0.480560,139.334290,19.626198,0.075496,0.889664,0.057091,0.446698,-3.172853,120.310188,17.347046,0.124880,-0.652544,0.130309,-0.735942,-12.764237,123.325584,4.555723,0.060845,-0.171572,-0.424362,-0.887005,-10.199353,115.372169,-16.246361,-0.191211,-0.085973,0.719864,0.661698,1.795702,130.485107,-23.597294,-0.074290,0.984175,0.017787,0.159886,2.382530,120.142815,21.693487,0.269819,0.775584,-0.004625,-0.570654,17.640886,122.429398,26.856762,-0.098968,0.002172,0.481304,-0.870946,22.194048,112.928391,7.068840,0.019325,-0.162055,0.759065,-0.630226,11.167454,130.162384,8.948543,0.050104,0.902570,0.110413,0.413118,-8.117647,83.519524,14.085555,0.082376,0.945278,-0.026430,0.314589,-8.090300,49.578918,5.668230,0.010333,0.958765,0.074785,0.273989,-15.829953,5.348367,5.584597,-0.086022,0.924778,-0.074628,0.363066,4.871844,83.444695,26.023270,-0.024945,0.912739,-0.097491,0.395956,8.540479,49.382927,33.034252,-0.045922,0.932790,0.047843,0.354267,7.118564,5.389676,41.912479,0.010333,0.958765,0.074785,0.273989,-8.736531,1.502568,-6.367034,-0.045922,0.932790,0.047843,0.354267,16.490889,1.317941,31.737570
588,4.900000,0.020126,0.931603,-0.045340,0.360076,-1.649905,83.493050,20.038254,0.004533,0.942792,0.014594,0.333032,-1.142481,90.690681,19.532038,0.023837,0.945555,-0.032246,0.322983,-1.162284,107.514824,20.046131,0.004594,0.968465,0.068279,0.239568,0.031572,125.570557,19.220427,0.027838,0.985743,-0.084755,0.142661,0.525676,139.344513,19.513487,0.077493,0.890784,0.056482,0.444193,-3.135977,120.322823,17.259239,0.122753,-0.653348,0.131540,-0.735367,-12.790036,123.385406,4.526414,0.061621,-0.171773,-0.421448,-0.888301,-10.286701,115.452599,-16.291039,-0.193526,-0.083575,0.719776,0.661427,1.803312,130.470428,-23.662304,-0.074841,0.984473,0.016756,0.157895,2.439572,120.151749,21.579638,0.267549,0.778026,-0.005345,-0.568387,17.715837,122.463135,26.678499,-0.101000,0.002353,0.478618,-0.872192,22.439436,112.993881,6.915319,0.019391,-0.159789,0.757473,-0.632713,11.300011,130.167816,8.818659,0.050064,0.903212,0.110565,0.411675,-8.176409,83.535805,14.104176,0.081700,0.945509,-0.026013,0.314105,-8.155509,49.597260,5.678522,0.010418,0.958786,0.074593,0.273965,-15.826577,5.354789,5.582681,-0.085700,0.925619,-0.074943,0.360927,4.876600,83.450287,25.972330,-0.025125,0.912937,-0.097979,0.395366,8.532688,49.387951,32.987106,-0.045583,0.932776,0.047637,0.354376,7.113816,5.404073,41.912140,0.010418,0.958786,0.074593,0.273965,-8.735065,1.503244,-6.368230,-0.045583,0.932776,0.047637,0.354376,16.484959,1.323601,31.739643
589,4.908333,0.020584,0.932624,-0.046057,0.357306,-1.672932,83.501923,20.018620,0.005228,0.943586,0.012909,0.330834,-1.157150,90.698341,19.503622,0.024037,0.946201,-0.033297,0.320962,-1.134875,107.539871,19.972464,0.004300,0.968857,0.068065,0.238045,0.076263,125.592758,19.110573,0.027026,0.985948,-0.084049,0.141817,0.561905,139.367218,19.393927,0.078712,0.891866,0.055755,0.441895,-3.105695,120.345352,17.171986,0.120607,-0.654029,0.132642,-0.734919,-12.819823,123.431351,4.490603,0.062417,-0.171525,-0.418692,-0.889595,-10.369459,115.524017,-16.342834,-0.195998,-0.081756,0.719617,0.661100,1.814900,130.452423,-23.718048,-0.074734,0.984875,0.015518,0.155551,2.488078,120.175217,21.468792,0.264199,0.780557,-0.006811,-0.566466,17.788767,122.491692,26.491531,-0.103362,0.002456,0.475724,-0.873497,22.690014,113.072571,6.747671,0.020446,-0.157759,0.755244,-0.635847,11.431133,130.177933,8.682372,0.050256,0.903998,0.110518,0.409937,-8.234162,83.550278,14.123008,0.080818,0.945319,-0.025607,0.314936,-8.242970,49.612339,5.694878,0.010296,0.958776,0.074587,0.274007,-15.828228,5.355114,5.582980,-0.085410,0.926430,-0.075340,0.358827,4.888299,83.453575,25.914230,-0.025227,0.913389,-0.098547,0.394174,8.531517,49.391930,32.939075,-0.045562,0.932801,0.047278,0.354360,7.112339,5.418542,41.915588,0.010296,0.958776,0.074587,0.274007,-8.734610,1.504231,-6.366889,-0.045562,0.932801,0.047278,0.354360,16.482103,1.328615,31.745628
590,4.916667,0.021093,0.933737,-0.046791,0.354262,-1.697241,83.510551,19.990480,0.005647,0.944508,0.012052,0.328218,-1.172510,90.705673,19.466532,0.024573,0.946978,-0.034907,0.318450,-1.126109,107.555496,19.912859,0.003873,0.969325,0.067745,0.236229,0.119628,125.603470,18.998810,0.026193,0.986152,-0.083388,0.140942,0.593549,139.378616,19.268396,0.080169,0.892888,0.054739,0.439691,-3.083936,120.358147,17.090393,0.118375,-0.655008,0.133402,-0.734273,-12.853760,123.470558,4.458341,0.063339,-0.170792,-0.415589,-0.891125,-10.469884,115.602325,-16.397610,-0.198423,-0.080347,0.719751,0.660402,1.824877,130.430206,-23.760471,-0.074802,0.985359,0.014502,0.152515,2.532137,120.186638,21.357962,0.260173,0.782861,-0.009201,-0.565114,17.862930,122.513054,26.283382,-0.105551,0.002057,0.473056,-0.874685,22.927418,113.147781,6.555106,0.023228,-0.156668,0.753390,-0.638215,11.552851,130.196014,8.537308,0.050321,0.904837,0.110475,0.408085,-8.296308,83.565582,14.137304,0.079977,0.945870,-0.024987,0.313542,-8.327701,49.627438,5.710063,0.010154,0.958804,0.074615,0.273905,-15.824908,5.355263,5.580592,-0.085107,0.927277,-0.075947,0.356575,4.901825,83.455513,25.843657,-0.025315,0.913892,-0.099084,0.392864,8.527199,49.396687,32.891350,-0.045472,0.932822,0.046952,0.354359,7.109044,5.433228,41.916523,0.010154,0.958804,0.074615,0.273905,-8.732378,1.506213,-6.370522,-0.045472,0.932822,0.046952,0.354359,16.477230,1.334005,31.748844
591,4.925000,0.021544,0.934889,-0.047631,0.351069,-1.727348,83.520454,19.964693,0.006508,0.945517,0.010063,0.325353,-1.194069,90.714157,19.429928,0.024854,0.947854,-0.036124,0.315675,-1.097021,107.570313,19.822292,0.003539,0.969750,0.068107,0.234381,0.169537,125.614655,18.866083,0.025051,0.986334,-0.082864,0.140186,0.629694,139.390152,19.140827,0.081616,0.894091,0.054338,0.437021,-3.052759,120.370361,16.986595,0.116425,-0.655763,0.134521,-0.733705,-12.891141,123.517548,4.416525,0.064135,-0.169773,-0.412799,-0.892559,-10.565133,115.669205,-16.453442,-0.200973,-0.079186,0.719471,0.660076,1.831677,130.407028,-23.790623,-0.075270,0.985755,0.014202,0.149731,2.587956,120.198845,21.221539,0.255678,0.785521,-0.010791,-0.563444,17.943846,122.544014,26.059109,-0.107093,0.000713,0.469287,-0.876528,23.196791,113.266579,6.338617,0.027141,-0.155748,0.750731,-0.641412,11.669216,130.218536,8.383788,0.050576,0.905683,0.110424,0.406185,-8.365803,83.580788,14.156282,0.078921,0.945994,-0.024432,0.313480,-8.432447,49.643665,5.725136,0.010168,0.958806,0.074706,0.273873,-15.825039,5.353951,5.578977,-0.084751,0.928458,-0.076443,0.353468,4.911107,83.460121,25.773106,-0.025407,0.914494,-0.099768,0.391282,8.524576,49.402344,32.831966,-0.045217,0.932863,0.046551,0.354337,7.105365,5.451521,41.918320,0.010168,0.958806,0.074706,0.273873,-8.733134,1.507306,-6.373282,-0.045217,0.932863,0.046551,0.354337,16.469843,1.339326,31.752460
592,4.933333,0.022160,0.936119,-0.048637,0.347600,-1.754346,83.524635,19.936382,0.007188,0.946586,0.008281,0.322266,-1.209671,90.716545,19.389153,0.025050,0.948791,-0.037237,0.312702,-1.070159,107.588280,19.732002,0.003483,0.970239,0.068056,0.232365,0.212733,125.629303,18.735830,0.023692,0.986565,-0.082090,0.139246,0.669012,139.405029,19.006227,0.082875,0.895387,0.053566,0.434217,-3.027779,120.385719,16.885891,0.114761,-0.656307,0.135461,-0.733309,-12.938902,123.557159,4.379219,0.064884,-0.168734,-0.410303,-0.893852,-10.656226,115.726456,-16.502157,-0.203073,-0.078357,0.719248,0.659776,1.833718,130.384766,-23.812672,-0.075647,0.986253,0.013404,0.146294,2.639161,120.214653,21.085697,0.250845,0.788036,-0.013020,-0.562056,18.026308,122.578537,25.813597,-0.108245,-0.001057,0.465661,-0.878317,23.459053,113.387535,6.101331,0.032397,-0.155860,0.747427,-0.644990,11.785519,130.244171,8.217747,0.050547,0.906974,0.110407,0.403303,-8.435095,83.592346,14.176747,0.078054,0.946007,-0.023865,0.313702,-8.527259,49.654758,5.747726,0.009946,0.958783,0.074691,0.273966,-15.830788,5.350357,5.576280,-0.084339,0.929425,-0.076695,0.350961,4.926403,83.456924,25.696018,-0.025520,0.915117,-0.100691,0.389578,8.526055,49.396973,32.751434,-0.045290,0.932886,0.046131,0.354323,7.100523,5.463284,41.919308,0.009946,0.958783,0.074691,0.273966,-8.734684,1.504775,-6.373828,-0.045290,0.932886,0.046131,0.354323,16.464348,1.341041,31.756916
593,4.941667,0.022771,0.937418,-0.049727,0.343885,-1.780442,83.532890,19.908062,0.008009,0.947687,0.006621,0.319031,-1.224252,90.722855,19.346985,0.024970,0.949756,-0.038558,0.309603,-1.039365,107.600700,19.645220,0.002930,0.970742,0.068332,0.230176,0.252284,125.638245,18.598618,0.022690,0.986792,-0.081369,0.138223,0.689073,139.414566,18.870167,0.084131,0.896673,0.052893,0.431396,-3.004735,120.393181,16.782183,0.112432,-0.656640,0.137227,-0.733043,-12.988493,123.590401,4.340020,0.064457,-0.167947,-0.407939,-0.895112,-10.747030,115.770134,-16.549721,-0.204108,-0.077748,0.718858,0.659954,1.826589,130.359589,-23.822454,-0.076136,0.986795,0.012465,0.142424,2.689467,120.226982,20.945145,0.245781,0.790628,-0.014974,-0.560602,18.110552,122.613930,25.549232,-0.109592,-0.002779,0.461726,-0.880222,23.729244,113.525009,5.841775,0.036948,-0.156276,0.743952,-0.648651,11.899055,130.276703,8.030048,0.050664,0.908093,0.110291,0.400795,-8.506020,83.607796,14.200933,0.077070,0.946243,-0.023117,0.313290,-8.632183,49.669247,5.776228,0.009941,0.958755,0.074687,0.274067,-15.831846,5.347988,5.572272,-0.083805,0.930460,-0.077041,0.348260,4.945135,83.457985,25.615192,-0.025708,0.915571,-0.101540,0.388276,8.522262,49.395485,32.669769,-0.044998,0.932886,0.045720,0.354414,7.095464,5.478087,41.915134,0.009941,0.958755,0.074687,0.274067,-8.733263,1.502261,-6.376310,-0.044998,0.932886,0.045720,0.354414,16.457626,1.342326,31.756714
594,4.950000,0.023338,0.938863,-0.050602,0.339750,-1.801774,83.533783,19.873816,0.008252,0.948954,0.004990,0.315266,-1.236089,90.722099,19.301245,0.025458,0.950864,-0.039984,0.305959,-1.024673,107.615852,19.549295,0.002950,0.971225,0.068911,0.227959,0.295493,125.648438,18.454113,0.020975,0.986979,-0.080816,0.137486,0.726176,139.424713,18.738552,0.085375,0.898031,0.052115,0.428411,-2.985940,120.406189,16.673885,0.110472,-0.656720,0.139268,-0.732885,-13.046341,123.627472,4.299850,0.063616,-0.166984,-0.405822,-0.896314,-10.834873,115.798401,-16.589794,-0.204176,-0.077125,0.719092,0.659750,1.818483,130.333069,-23.813095,-0.076962,0.987369,0.012231,0.137946,2.739570,120.237221,20.793570,0.240635,0.793492,-0.016202,-0.558751,18.197399,122.654999,25.256189,-0.111054,-0.004735,0.457189,-0.882396,24.021229,113.688065,5.552402,0.040658,-0.157012,0.739522,-0.653301,12.016134,130.311829,7.819858,0.050738,0.909413,0.110263,0.397789,-8.576754,83.617035,14.225538,0.076059,0.946346,-0.022466,0.313272,-8.736238,49.678585,5.800998,0.009979,0.958753,0.074810,0.274038,-15.832323,5.340755,5.570526,-0.083389,0.931891,-0.077627,0.344383,4.973206,83.450523,25.522095,-0.025650,0.916217,-0.102509,0.386498,8.538367,49.389500,32.589832,-0.045226,0.932892,0.045169,0.354439,7.090855,5.489576,41.914658,0.009979,0.958753,0.074810,0.274038,-8.734439,1.498097,-6.379460,-0.045226,0.932892,0.045169,0.354439,16.454304,1.342065,31.762213
595,4.958333,0.023812,0.940360,-0.051475,0.335420,-1.823275,83.539070,19.838009,0.009001,0.950232,0.003364,0.311394,-1.249570,90.725769,19.253298,0.025243,0.952002,-0.041445,0.302219,-0.995718,107.637810,19.456360,0.001977,0.971764,0.069594,0.225451,0.328683,125.666489,18.303333,0.020214,0.987175,-0.080067,0.136627,0.725680,139.443558,18.597067,0.086261,0.899471,0.051441,0.425283,-2.970472,120.421997,16.562881,0.109495,-0.657002,0.140106,-0.732618,-13.112834,123.658585,4.259949,0.063068,-0.165203,-0.403756,-0.897614,-10.928489,115.831055,-16.633129,-0.203875,-0.076355,0.719692,0.659279,1.805880,130.305679,-23.778210,-0.077597,0.988008,0.011692,0.132973,2.787287,120.259621,20.637644,0.234921,0.796412,-0.017885,-0.556974,18.285763,122.703705,24.942158,-0.113783,-0.005903,0.452671,-0.884368,24.320288,113.868568,5.242231,0.042811,-0.157016,0.735090,-0.658145,12.139586,130.367493,7.584143,0.050995,0.910950,0.110023,0.394289,-8.649445,83.629501,14.251813,0.074880,0.946359,-0.021664,0.313573,-8.864373,49.689178,5.836025,0.009682,0.958696,0.075043,0.274182,-15.838371,5.332190,5.568504,-0.082928,0.933016,-0.077765,0.341403,5.002894,83.448639,25.424206,-0.025820,0.916493,-0.103804,0.385484,8.557410,49.383747,32.478680,-0.044990,0.932933,0.044778,0.354410,7.088954,5.508628,41.916245,0.009682,0.958696,0.075043,0.274182,-8.733625,1.497776,-6.380056,-0.044990,0.932933,0.044778,0.354410,16.448709,1.348616,31.765509
596,4.966667,0.024101,0.941932,-0.052154,0.330853,-1.838268,83.545593,19.798521,0.009380,0.951597,0.001749,0.307200,-1.260232,90.731071,19.203199,0.025355,0.953223,-0.042756,0.298152,-0.976339,107.653023,19.357170,0.001389,0.972409,0.069604,0.222652,0.361073,125.677490,18.154530,0.019281,0.987435,-0.079033,0.135481,0.738513,139.455261,18.441601,0.087060,0.900852,0.050985,0.422240,-2.959488,120.433594,16.453470,0.107924,-0.657282,0.141588,-0.732315,-13.181262,123.686127,4.220664,0.062068,-0.162913,-0.401554,-0.899089,-11.032155,115.856758,-16.675381,-0.203810,-0.075463,0.720854,0.658130,1.794006,130.273590,-23.717018,-0.078585,0.988654,0.011181,0.127521,2.832652,120.272423,20.479258,0.228285,0.799662,-0.019862,-0.555007,18.372318,122.754135,24.610239,-0.117483,-0.006357,0.447588,-0.886466,24.642750,114.075089,4.914598,0.043683,-0.156600,0.729844,-0.664000,12.267088,130.432358,7.319361,0.051403,0.912457,0.109594,0.390857,-8.717875,83.641670,14.278362,0.073639,0.946296,-0.020774,0.314116,-9.002299,49.697681,5.879472,0.009401,0.958641,0.075369,0.274298,-15.846326,5.320749,5.567573,-0.082453,0.934282,-0.078189,0.337943,5.041338,83.449509,25.318680,-0.025869,0.916876,-0.105034,0.384236,8.580957,49.383751,32.376450,-0.044846,0.932974,0.044197,0.354395,7.086685,5.531922,41.917664,0.009401,0.958641,0.075369,0.274298,-8.735301,1.496992,-6.380666,-0.044846,0.932974,0.044197,0.354395,16.443413,1.355498,31.770874
597,4.975000,0.024621,0.943610,-0.052969,0.325866,-1.860648,83.547157,19.759167,0.009826,0.953035,-0.000376,0.302700,-1.274845,90.731033,19.152168,0.025249,0.954519,-0.043775,0.293836,-0.953916,107.660309,19.240837,0.001153,0.972957,0.070452,0.219976,0.385193,125.681778,17.995876,0.018157,0.987625,-0.078356,0.134641,0.747548,139.459564,18.301271,0.087855,0.902402,0.050615,0.418797,-2.954326,120.437416,16.333780,0.107127,-0.657250,0.142654,-0.732254,-13.265787,123.706924,4.181038,0.061725,-0.159578,-0.399851,-0.900469,-11.128383,115.866539,-16.712070,-0.204793,-0.074816,0.722174,0.656450,1.780604,130.234497,-23.620266,-0.079417,0.989317,0.010502,0.121796,2.873943,120.278839,20.307182,0.220730,0.803080,-0.022500,-0.553023,18.455769,122.793793,24.255182,-0.122475,-0.005985,0.442490,-0.888351,24.976870,114.288116,4.565316,0.043651,-0.155544,0.724605,-0.669962,12.401994,130.508667,7.025684,0.051520,0.914347,0.109346,0.386471,-8.797590,83.652519,14.311409,0.072404,0.946543,-0.019758,0.313726,-9.136683,49.705563,5.926540,0.009150,0.958630,0.075672,0.274261,-15.848032,5.308729,5.566174,-0.082201,0.935723,-0.078630,0.333891,5.076293,83.441795,25.206924,-0.025734,0.917335,-0.106352,0.382783,8.619539,49.377960,32.272163,-0.044944,0.933021,0.043663,0.354323,7.083567,5.550516,41.918236,0.009150,0.958630,0.075672,0.274261,-8.734783,1.494949,-6.383925,-0.044944,0.933021,0.043663,0.354323,16.438349,1.361358,31.774908
598,4.983333,0.025029,0.945272,-0.053798,0.320844,-1.874919,83.547226,19.715565,0.010328,0.954577,-0.002151,0.297778,-1.282946,90.729538,19.096066,0.024747,0.955967,-0.044959,0.288953,-0.927172,107.671585,19.130806,-0.000381,0.973651,0.071135,0.216664,0.400524,125.690163,17.832823,0.018067,0.987832,-0.077474,0.133636,0.713169,139.469040,18.143787,0.088465,0.904120,0.050146,0.415002,-2.956321,120.442535,16.216579,0.106123,-0.656852,0.144149,-0.732465,-13.367266,123.722305,4.151734,0.061933,-0.155373,-0.398562,-0.901760,-11.225602,115.862991,-16.733826,-0.207605,-0.074659,0.723847,0.653736,1.762055,130.194092,-23.485783,-0.080455,0.989988,0.010261,0.115523,2.912460,120.292007,20.130220,0.213068,0.806628,-0.025192,-0.550744,18.537334,122.845200,23.878515,-0.127145,-0.005527,0.437087,-0.890370,25.320234,114.517357,4.201086,0.043896,-0.154684,0.719237,-0.675902,12.539021,130.589417,6.704023,0.051687,0.916326,0.108951,0.381845,-8.868797,83.660118,14.341250,0.071255,0.946827,-0.018657,0.313199,-9.271664,49.708340,5.978754,0.008789,0.958569,0.076050,0.274379,-15.855211,5.292878,5.560992,-0.081696,0.936996,-0.078628,0.330428,5.118960,83.434334,25.089878,-0.025814,0.917596,-0.108004,0.381689,8.655529,49.364697,32.130413,-0.045127,0.933057,0.042896,0.354301,7.080585,5.569422,41.915302,0.008789,0.958569,0.076050,0.274379,-8.734770,1.491745,-6.388856,-0.045127,0.933057,0.042896,0.354301,16.434708,1.362488,31.778723
599,4.991667,0.025406,0.947009,-0.054647,0.315502,-1.883821,83.542618,19.666761,0.010576,0.956125,-0.003718,0.292744,-1.286345,90.723312,19.034061,0.024109,0.957401,-0.046095,0.284037,-0.906438,107.681236,19.018606,-0.001055,0.974281,0.072005,0.213521,0.404103,125.697197,17.667915,0.017817,0.988028,-0.076697,0.132672,0.689332,139.476303,17.995054,0.088731,0.905954,0.049916,0.410954,-2.968211,120.445465,16.097851,0.106398,-0.656400,0.144487,-0.732764,-13.486403,123.728691,4.127332,0.063580,-0.149981,-0.397852,-0.902872,-11.322487,115.850403,-16.748793,-0.211851,-0.075819,0.725373,0.650542,1.732039,130.150894,-23.321419,-0.081590,0.990686,0.009682,0.108580,2.940760,120.304504,19.950905,0.204593,0.810390,-0.028832,-0.548250,18.610283,122.900482,23.476835,-0.132097,-0.004834,0.431348,-0.892450,25.674789,114.757965,3.820930,0.044704,-0.153953,0.713791,-0.681764,12.674381,130.673874,6.359416,0.052194,0.918249,0.108528,0.377248,-8.937331,83.662903,14.371114,0.069864,0.946916,-0.017641,0.313303,-9.425850,49.708374,6.024372,0.008531,0.958504,0.076527,0.274484,-15.863302,5.271980,5.558803,-0.081199,0.938458,-0.078656,0.326370,5.169691,83.422325,24.962408,-0.025865,0.917650,-0.109771,0.381050,8.703682,49.347324,31.978243,-0.044890,0.933071,0.042413,0.354351,7.078783,5.586854,41.909588,0.008531,0.958504,0.076527,0.274484,-8.736655,1.485439,-6.391983,-0.044890,0.933071,0.042413,0.354351,16.430658,1.365124,31.777081
600,5.000000,0.025723,0.948835,-0.055536,0.309784,-1.889659,83.539238,19.616768,0.010581,0.957860,-0.005209,0.286994,-1.287695,90.718285,18.969736,0.023800,0.959011,-0.047833,0.278287,-0.893346,107.670036,18.903608,-0.002141,0.974992,0.073355,0.209774,0.415782,125.680611,17.481695,0.017378,0.988262,-0.075849,0.131468,0.659031,139.459854,17.835197,0.089521,0.907951,0.050000,0.406338,-2.979539,120.427002,15.968529,0.107022,-0.655669,0.145063,-0.733213,-13.615903,123.732925,4.109200,0.065134,-0.144131,-0.397613,-0.903818,-11.416505,115.817932,-16.749315,-0.216121,-0.077387,0.727070,0.647049,1.693467,130.106308,-23.125147,-0.083228,0.991268,0.009007,0.101882,2.975260,120.292755,19.750612,0.196120,0.814418,-0.031662,-0.545213,18.681862,122.947441,23.061249,-0.136452,-0.004272,0.425170,-0.894759,26.047459,115.012123,3.431147,0.046380,-0.152909,0.706757,-0.689175,12.818162,130.754044,5.993995,0.052648,0.920220,0.108135,0.372464,-9.005964,83.666306,14.405972,0.068533,0.946989,-0.016547,0.313435,-9.577461,49.709156,6.075181,0.008164,0.958417,0.076894,0.274697,-15.871601,5.252862,5.553303,-0.080692,0.940011,-0.078679,0.321990,5.226645,83.412178,24.827564,-0.025768,0.918045,-0.111666,0.379552,8.759732,49.331703,31.817236,-0.045103,0.933108,0.041530,0.354332,7.077938,5.608460,41.901882,0.008164,0.958417,0.076894,0.274697,-8.735465,1.478650,-6.395715,-0.045103,0.933108,0.041530,0.354332,16.429209,1.366306,31.777359
601,5.008333,0.026065,0.950687,-0.056623,0.303822,-1.893659,83.540306,19.565388,0.010689,0.959577,-0.007176,0.281150,-1.286319,90.717331,18.901213,0.022961,0.960634,-0.048872,0.272519,-0.869911,107.676186,18.769640,-0.003877,0.975662,0.074740,0.206114,0.411673,125.684547,17.295504,0.017795,0.988426,-0.074812,0.130773,0.595523,139.464081,17.673079,0.089644,0.910092,0.050598,0.401419,-2.998714,120.426025,15.834170,0.108151,-0.654600,0.145926,-0.733831,-13.763659,123.741661,4.094172,0.066896,-0.137639,-0.397945,-0.904555,-11.512730,115.766235,-16.735807,-0.220716,-0.079536,0.729325,0.642684,1.644859,130.068497,-22.898100,-0.084465,0.991897,0.008402,0.094525,3.001475,120.302711,19.544203,0.187667,0.818475,-0.034234,-0.541949,18.748346,123.003044,22.618172,-0.139497,-0.004292,0.418944,-0.897222,26.418531,115.284393,3.018355,0.050554,-0.153008,0.700520,-0.695201,12.960768,130.849976,5.602103,0.052987,0.922383,0.107762,0.367138,-9.074189,83.673958,14.443627,0.067220,0.947181,-0.015391,0.313199,-9.725377,49.713684,6.131457,0.007785,0.958377,0.077194,0.274761,-15.876107,5.238065,5.549970,-0.080390,0.941582,-0.078646,0.317452,5.286870,83.406647,24.687151,-0.025554,0.918553,-0.113757,0.377711,8.834614,49.322399,31.650951,-0.044864,0.933230,0.040519,0.354156,7.083884,5.640516,41.901714,0.007785,0.958377,0.077194,0.274761,-8.734164,1.474604,-6.398969,-0.044864,0.933230,0.040519,0.354156,16.426739,1.369894,31.781391
602,5.016667,0.026136,0.952623,-0.057309,0.297559,-1.889690,83.545624,19.504131,0.010830,0.961366,-0.008661,0.274925,-1.282810,90.721466,18.826857,0.022048,0.962325,-0.050183,0.266320,-0.848795,107.680237,18.645445,-0.004959,0.976375,0.076261,0.202118,0.404056,125.685379,17.108624,0.017620,0.988650,-0.074002,0.129556,0.545123,139.464523,17.517780,0.089799,0.912354,0.050506,0.396226,-3.022243,120.421432,15.705175,0.110434,-0.653766,0.145573,-0.734304,-13.921070,123.738525,4.089766,0.068622,-0.130599,-0.398524,-0.905215,-11.616583,115.708755,-16.713467,-0.224486,-0.081808,0.731230,0.638918,1.578908,130.031021,-22.640167,-0.086051,0.992450,0.007947,0.087032,3.025667,120.310616,19.337303,0.177483,0.822644,-0.039176,-0.538722,18.808010,123.067032,22.170162,-0.143079,-0.003436,0.412573,-0.899611,26.801279,115.574478,2.611750,0.056557,-0.152592,0.693003,-0.702327,13.112585,130.960510,5.190478,0.053583,0.924560,0.107158,0.361710,-9.136608,83.684036,14.476866,0.065808,0.947341,-0.014148,0.313073,-9.890614,49.719112,6.192379,0.007557,0.958284,0.077605,0.274976,-15.887059,5.223319,5.545816,-0.080022,0.943304,-0.078650,0.312392,5.357228,83.407219,24.531397,-0.025379,0.918810,-0.116028,0.376405,8.918145,49.318890,31.468454,-0.044821,0.933362,0.039285,0.353953,7.090178,5.683064,41.900318,0.007557,0.958284,0.077605,0.274976,-8.736718,1.472378,-6.402044,-0.044821,0.933362,0.039285,0.353953,16.425259,1.380286,31.786436
603,5.025000,0.026155,0.954561,-0.058409,0.291062,-1.887227,83.546951,19.443926,0.010905,0.963190,-0.010647,0.268388,-1.280113,90.720932,18.747469,0.021225,0.964071,-0.051151,0.259807,-0.826238,107.699944,18.498589,-0.006273,0.977019,0.078456,0.198091,0.396522,125.702820,16.911831,0.017665,0.988822,-0.073200,0.128689,0.485091,139.480850,17.369905,0.089159,0.914921,0.050619,0.390394,-3.045874,120.434662,15.564744,0.112289,-0.652455,0.146347,-0.735035,-14.097701,123.732056,4.089135,0.069378,-0.123553,-0.399621,-0.905663,-11.726539,115.624252,-16.676308,-0.227911,-0.084639,0.732504,0.635870,1.490724,129.993286,-22.354313,-0.087423,0.992976,0.008388,0.079276,3.050890,120.333443,19.114542,0.167483,0.826888,-0.043625,-0.535073,18.867464,123.136536,21.699886,-0.145314,-0.003047,0.405780,-0.902340,27.191067,115.880653,2.190079,0.064465,-0.152357,0.685320,-0.709203,13.258886,131.074768,4.754294,0.054034,0.926830,0.106660,0.355937,-9.201596,83.687477,14.515373,0.064477,0.947655,-0.012863,0.312454,-10.048981,49.718513,6.256534,0.007173,0.958199,0.078133,0.275134,-15.897210,5.204037,5.542041,-0.079794,0.944890,-0.078543,0.307646,5.427143,83.406418,24.372478,-0.025063,0.919159,-0.118395,0.374835,9.010227,49.314362,31.279732,-0.044839,0.933445,0.037978,0.353875,7.093610,5.726922,41.896343,0.007173,0.958199,0.078133,0.275134,-8.738138,1.469950,-6.405870,-0.044839,0.933445,0.037978,0.353875,16.423985,1.390880,31.792324
604,5.033333,0.025974,0.956513,-0.059145,0.284445,-1.876920,83.546043,19.375021,0.010856,0.965044,-0.012249,0.261576,-1.274126,90.718910,18.663492,0.019946,0.965849,-0.052476,0.252951,-0.809112,107.706764,18.358295,-0.007438,0.977771,0.080079,0.193638,0.369701,125.706573,16.704897,0.018131,0.989095,-0.071786,0.127316,0.412747,139.483643,17.197334,0.089118,0.917546,0.049974,0.384277,-3.085470,120.430824,15.421709,0.115292,-0.650972,0.146320,-0.735890,-14.291720,123.716461,4.093437,0.070762,-0.115546,-0.401341,-0.905852,-11.833568,115.523735,-16.628510,-0.231814,-0.088230,0.733715,0.632566,1.391070,129.959488,-22.034069,-0.088619,0.993493,0.007992,0.071092,3.061645,120.346283,18.884031,0.156660,0.831477,-0.047735,-0.530872,18.911406,123.192657,21.205339,-0.148065,-0.002622,0.398563,-0.905106,27.593071,116.216194,1.749751,0.073327,-0.150971,0.678390,-0.715275,13.408512,131.199539,4.302319,0.054620,0.928944,0.106196,0.350432,-9.258634,83.687553,14.547946,0.063122,0.947710,-0.011765,0.312607,-10.204492,49.716137,6.309916,0.006864,0.958119,0.078625,0.275279,-15.907081,5.183702,5.539188,-0.079443,0.946737,-0.078595,0.301995,5.504793,83.404526,24.202099,-0.024835,0.919181,-0.120774,0.374035,9.104960,49.309139,31.083956,-0.044613,0.933519,0.036670,0.353847,7.098216,5.771774,41.887741,0.006864,0.958119,0.078625,0.275279,-8.740384,1.464989,-6.408946,-0.044613,0.933519,0.036670,0.353847,16.422646,1.399985,31.793652
605,5.041667,0.025953,0.958531,-0.060273,0.277332,-1.869047,83.547997,19.307980,0.010786,0.966992,-0.013836,0.254201,-1.267348,90.718933,18.576332,0.018986,0.967715,-0.053786,0.245509,-0.793290,107.705132,18.214825,-0.010124,0.978433,0.082517,0.189097,0.350713,125.701248,16.498053,0.018782,0.989202,-0.070800,0.126941,0.303016,139.476456,17.039469,0.088840,0.920190,0.050049,0.377959,-3.121233,120.420670,15.281770,0.117969,-0.649433,0.147054,-0.736679,-14.485815,123.696312,4.109401,0.072250,-0.107128,-0.403242,-0.905925,-11.947562,115.404190,-16.563303,-0.236452,-0.092882,0.735077,0.628590,1.277037,129.913361,-21.683815,-0.090625,0.993856,0.006854,0.063164,3.078753,120.347740,18.648773,0.146559,0.836010,-0.051744,-0.526242,18.951458,123.264420,20.711670,-0.150301,-0.001062,0.391354,-0.907882,27.989929,116.550041,1.326473,0.080846,-0.149370,0.670838,-0.721892,13.561986,131.323257,3.813547,0.055069,0.931484,0.105961,0.343624,-9.321288,83.691986,14.590586,0.061844,0.947771,-0.010610,0.312719,-10.362328,49.720512,6.364269,0.006636,0.957988,0.078871,0.275670,-15.924115,5.171415,5.530556,-0.079302,0.948604,-0.078415,0.296162,5.583193,83.404007,24.025375,-0.024282,0.919584,-0.123451,0.372203,9.220149,49.305080,30.870274,-0.044288,0.933577,0.035187,0.353884,7.099000,5.824008,41.876995,0.006636,0.957988,0.078871,0.275670,-8.745246,1.460673,-6.412752,-0.044288,0.933577,0.035187,0.353884,16.417500,1.411084,31.795328
606,5.050000,0.025689,0.960561,-0.061467,0.269970,-1.860244,83.551689,19.237236,0.010800,0.968919,-0.015054,0.246685,-1.263218,90.720718,18.483427,0.017054,0.969562,-0.055190,0.237935,-0.781253,107.707359,18.078238,-0.011802,0.979198,0.084021,0.184316,0.293487,125.700462,16.286682,0.019981,0.989427,-0.069165,0.125899,0.187305,139.474152,16.857546,0.088781,0.922788,0.050241,0.371558,-3.184949,120.408119,15.142218,0.121446,-0.647560,0.147638,-0.737645,-14.705980,123.681381,4.130554,0.074237,-0.097755,-0.405443,-0.905842,-12.066553,115.272522,-16.482225,-0.241873,-0.097299,0.736571,0.624094,1.151530,129.867371,-21.292549,-0.091502,0.994290,0.005746,0.054603,3.067689,120.360092,18.410860,0.134150,0.840849,-0.058097,-0.521154,18.967993,123.310326,20.194578,-0.155684,0.002569,0.383889,-0.910157,28.401554,116.895363,0.896439,0.085947,-0.146928,0.663934,-0.728160,13.720006,131.459259,3.287572,0.055565,0.933701,0.105622,0.337578,-9.383801,83.694252,14.634400,0.060506,0.947944,-0.009387,0.312495,-10.518595,49.721607,6.425364,0.006175,0.957915,0.079114,0.275865,-15.932926,5.155617,5.526468,-0.079144,0.950216,-0.078707,0.290914,5.663313,83.409119,23.840073,-0.023935,0.919583,-0.125738,0.371463,9.321552,49.311653,30.680904,-0.044029,0.933653,0.033400,0.353889,7.103648,5.880258,41.863266,0.006175,0.957915,0.079114,0.275865,-8.744557,1.454572,-6.414124,-0.044029,0.933653,0.033400,0.353889,16.415316,1.419181,31.796499
607,5.058333,0.025251,0.962605,-0.062350,0.262426,-1.844135,83.550575,19.155043,0.010736,0.970940,-0.016167,0.238536,-1.255796,90.718346,18.382650,0.015610,0.971518,-0.056587,0.229580,-0.770122,107.711662,17.935953,-0.012564,0.979939,0.086268,0.179219,0.249933,125.700821,16.074139,0.020330,0.989657,-0.068048,0.124642,0.106325,139.471802,16.699652,0.088488,0.925636,0.050136,0.364493,-3.240918,120.400810,15.005432,0.124807,-0.645522,0.148341,-0.738728,-14.932863,123.660675,4.171363,0.076241,-0.087905,-0.407546,-0.905741,-12.184604,115.135178,-16.379196,-0.247406,-0.101902,0.738395,0.619014,1.022777,129.810791,-20.861605,-0.093158,0.994575,0.004826,0.046032,3.067507,120.370125,18.165287,0.122405,0.845426,-0.064375,-0.515876,18.985929,123.377777,19.669666,-0.161151,0.007378,0.376552,-0.912242,28.799969,117.249001,0.468493,0.089231,-0.142979,0.656720,-0.735060,13.878382,131.609772,2.716387,0.055824,0.936068,0.105433,0.330975,-9.438947,83.690735,14.670670,0.059378,0.948250,-0.008284,0.311814,-10.653045,49.717312,6.476176,0.005779,0.957846,0.079466,0.276011,-15.941540,5.137429,5.518886,-0.078808,0.951878,-0.078834,0.285487,5.750676,83.410416,23.639414,-0.023695,0.919609,-0.128333,0.370524,9.423062,49.310631,30.461094,-0.044063,0.933706,0.031421,0.353926,7.109633,5.937415,41.848053,0.005779,0.957846,0.079466,0.276011,-8.745153,1.448631,-6.420673,-0.044063,0.933706,0.031421,0.353926,16.417366,1.426402,31.799911
608,5.066667,0.024750,0.964662,-0.063266,0.254582,-1.829096,83.553299,19.071648,0.010176,0.972946,-0.017676,0.230130,-1.250696,90.719772,18.279902,0.013791,0.973475,-0.057478,0.221025,-0.775242,107.725548,17.774323,-0.014260,0.980691,0.087808,0.174158,0.171365,125.712952,15.857662,0.022123,0.989798,-0.066300,0.124153,-0.031019,139.481735,16.514540,0.087839,0.928605,0.050035,0.357033,-3.326045,120.403053,14.862019,0.129096,-0.643071,0.148598,-0.740076,-15.196850,123.638519,4.216772,0.079289,-0.076862,-0.409837,-0.905450,-12.310373,114.985573,-16.261452,-0.253898,-0.107063,0.740539,0.612923,0.879526,129.747803,-20.390818,-0.094438,0.994838,0.004111,0.036913,3.037533,120.392883,17.909422,0.110588,0.850458,-0.069665,-0.509547,18.972763,123.445061,19.116989,-0.167740,0.013527,0.368876,-0.914118,29.201281,117.636665,0.032884,0.090134,-0.137899,0.651403,-0.740631,14.033778,131.791550,2.097512,0.056227,0.938243,0.105204,0.324763,-9.495897,83.690361,14.711391,0.058169,0.948667,-0.007096,0.310799,-10.795942,49.716724,6.530994,0.005493,0.957775,0.079809,0.276166,-15.949776,5.122441,5.511943,-0.078553,0.953648,-0.078722,0.279619,5.837704,83.416245,23.431904,-0.023538,0.919466,-0.131252,0.369867,9.537399,49.312408,30.218485,-0.043524,0.933820,0.029535,0.353856,7.121331,6.006566,41.838200,0.005493,0.957775,0.079809,0.276166,-8.746142,1.444832,-6.426708,-0.043524,0.933820,0.029535,0.353856,16.417643,1.442051,31.803644
609,5.075000,0.024094,0.966775,-0.064274,0.246240,-1.793396,83.562592,18.983433,0.009967,0.974940,-0.019582,0.221379,-1.227468,90.727669,18.170334,0.012326,0.975445,-0.057726,0.212184,-0.748845,107.742859,17.595285,-0.016124,0.981435,0.090159,0.168516,0.130471,125.730621,15.650074,0.023164,0.990011,-0.065299,0.122791,-0.139301,139.495605,16.360085,0.086784,0.931804,0.049936,0.348879,-3.375040,120.413841,14.721878,0.132355,-0.640673,0.150273,-0.741241,-15.439123,123.612068,4.284709,0.080692,-0.066416,-0.412538,-0.904926,-12.437080,114.815971,-16.115751,-0.259771,-0.112481,0.741502,0.608311,0.706794,129.679138,-19.888468,-0.095992,0.994965,0.002881,0.028671,3.043121,120.417023,17.652584,0.098846,0.854491,-0.076555,-0.504196,18.986303,123.522141,18.589838,-0.174463,0.021025,0.361801,-0.915544,29.568268,118.004570,-0.387540,0.089972,-0.130965,0.644356,-0.748036,14.180094,131.984131,1.443913,0.056896,0.940530,0.105073,0.318003,-9.534460,83.694313,14.756264,0.056914,0.949084,-0.005987,0.309782,-10.940154,49.724045,6.579337,0.004946,0.957763,0.079880,0.276199,-15.957618,5.115473,5.506282,-0.078131,0.955537,-0.079127,0.273100,5.947667,83.430878,23.210602,-0.023053,0.919852,-0.134108,0.367908,9.657667,49.326885,29.990772,-0.043061,0.933940,0.027325,0.353773,7.131126,6.087074,41.830784,0.004946,0.957763,0.079880,0.276199,-8.748136,1.443682,-6.430618,-0.043061,0.933940,0.027325,0.353773,16.415483,1.461703,31.813055
610,5.083333,0.023550,0.968857,-0.065119,0.237741,-1.767161,83.564995,18.896856,0.009279,0.977019,-0.020023,0.212005,-1.213117,90.728859,18.065144,0.010736,0.977428,-0.059155,0.202533,-0.759796,107.742607,17.465942,-0.013973,0.982284,0.091306,0.163054,0.054420,125.725647,15.450019,0.022084,0.990335,-0.063914,0.121096,-0.167378,139.489410,16.199270,0.086454,0.934761,0.049029,0.341093,-3.461096,120.401207,14.607581,0.136299,-0.638155,0.151617,-0.742424,-15.701855,123.575035,4.370590,0.082210,-0.055931,-0.415612,-0.904091,-12.573656,114.628311,-15.945242,-0.265163,-0.118696,0.741878,0.604331,0.502916,129.601959,-19.364071,-0.098137,0.994990,0.001166,0.019027,3.014064,120.422188,17.410030,0.086552,0.858950,-0.083199,-0.497786,18.958668,123.598793,18.029787,-0.181008,0.028562,0.354235,-0.917027,29.930788,118.408646,-0.817956,0.091768,-0.123082,0.636335,-0.755981,14.316794,132.197174,0.766894,0.057378,0.942741,0.105273,0.311231,-9.581253,83.694412,14.806183,0.055692,0.949515,-0.005024,0.308697,-11.072879,49.730946,6.616254,0.004544,0.957760,0.079964,0.276190,-15.961127,5.109081,5.500712,-0.077869,0.957477,-0.079361,0.266225,6.046930,83.435585,22.987532,-0.022651,0.920626,-0.137199,0.364843,9.783669,49.331337,29.751705,-0.042369,0.934267,0.025295,0.353142,7.161088,6.165197,41.837112,0.004544,0.957760,0.079964,0.276190,-8.748046,1.442472,-6.435606,-0.042369,0.934267,0.025295,0.353142,16.420015,1.480782,31.823286
611,5.091667,0.022715,0.970894,-0.066126,0.229078,-1.733415,83.572281,18.810480,0.009063,0.979017,-0.021217,0.202468,-1.195227,90.734795,17.956984,0.008665,0.979387,-0.059931,0.192704,-0.746507,107.755219,17.311773,-0.014237,0.983096,0.093007,0.157066,-0.020675,125.736366,15.245852,0.022670,0.990593,-0.062746,0.119475,-0.262724,139.497375,16.038370,0.085718,0.937878,0.048541,0.332687,-3.538507,120.401192,14.484896,0.140855,-0.635673,0.152958,-0.743427,-15.967690,123.542633,4.467310,0.083693,-0.045417,-0.418944,-0.903005,-12.716052,114.429726,-15.755055,-0.269856,-0.125364,0.742430,0.600217,0.277071,129.522125,-18.821159,-0.100005,0.994937,0.000044,0.009933,2.992040,120.444420,17.155460,0.075156,0.863098,-0.088614,-0.491489,18.933168,123.682037,17.477182,-0.185266,0.035999,0.346712,-0.918788,30.267216,118.820938,-1.243705,0.095564,-0.114735,0.627380,-0.764263,14.441416,132.419342,0.059278,0.057881,0.944885,0.105527,0.304478,-9.619531,83.694115,14.860203,0.054630,0.950155,-0.004025,0.306928,-11.197325,49.738453,6.654095,0.004018,0.957725,0.079887,0.276343,-15.969738,5.105242,5.491707,-0.077382,0.959493,-0.079549,0.258952,6.152701,83.450439,22.760756,-0.022497,0.921127,-0.140438,0.362347,9.904703,49.342999,29.500320,-0.041182,0.934681,0.023133,0.352336,7.195713,6.256995,41.849743,0.004018,0.957725,0.079887,0.276343,-8.748479,1.440249,-6.440162,-0.041182,0.934681,0.023133,0.352336,16.420231,1.505070,31.835968
612,5.100000,0.022184,0.972929,-0.067218,0.219996,-1.705245,83.581848,18.721693,0.008780,0.980981,-0.022394,0.192608,-1.179083,90.742599,17.846209,0.007072,0.981273,-0.060954,0.182589,-0.738403,107.770119,17.154976,-0.014536,0.983837,0.095078,0.151044,-0.083790,125.747704,15.034877,0.022787,0.990826,-0.061657,0.118083,-0.348110,139.505112,15.880938,0.084895,0.941029,0.048476,0.323896,-3.608280,120.405487,14.358817,0.146025,-0.632982,0.154873,-0.744328,-16.229870,123.515915,4.574840,0.084376,-0.035558,-0.423008,-0.901488,-12.851578,114.203194,-15.535435,-0.272953,-0.132340,0.742441,0.597298,0.026684,129.438995,-18.264004,-0.102653,0.994717,-0.000903,0.000695,2.976192,120.464615,16.893206,0.064839,0.866984,-0.092706,-0.485325,18.903055,123.787285,16.912701,-0.186270,0.041920,0.339207,-0.921132,30.571848,119.249596,-1.683308,0.103600,-0.107123,0.617704,-0.772162,14.547846,132.642456,-0.655611,0.058337,0.946920,0.105705,0.297936,-9.663746,83.701736,14.919281,0.053459,0.951087,-0.002838,0.304248,-11.324565,49.752407,6.703332,0.003716,0.957779,0.079628,0.276235,-15.968141,5.107099,5.485055,-0.077085,0.961640,-0.079927,0.250834,6.253256,83.461960,22.524103,-0.022158,0.922282,-0.143749,0.358107,10.035480,49.355522,29.251856,-0.040135,0.935261,0.020636,0.351071,7.247808,6.352651,41.870605,0.003716,0.957779,0.079628,0.276235,-8.747495,1.437367,-6.445737,-0.040135,0.935261,0.020636,0.351071,16.428371,1.525953,31.852188
613,5.108333,0.021628,0.974918,-0.068290,0.210721,-1.674738,83.588936,18.629953,0.008427,0.982864,-0.023404,0.182649,-1.161528,90.747940,17.732744,0.005249,0.983069,-0.061848,0.172404,-0.733132,107.785500,17.000555,-0.016234,0.984585,0.096737,0.144811,-0.159907,125.759911,14.830659,0.023928,0.991009,-0.060457,0.116931,-0.482506,139.513748,15.713705,0.084239,0.944191,0.047496,0.314881,-3.686745,120.409225,14.239216,0.151270,-0.630503,0.156720,-0.744998,-16.499298,123.484016,4.695133,0.084979,-0.025714,-0.427010,-0.899878,-13.006365,113.972878,-15.302369,-0.275615,-0.139742,0.742407,0.594425,-0.249875,129.348175,-17.694164,-0.105680,0.994361,-0.001933,-0.008572,2.949063,120.486877,16.635437,0.054569,0.870591,-0.097445,-0.479164,18.853027,123.905731,16.351435,-0.185532,0.047474,0.331619,-0.923771,30.843214,119.682243,-2.113672,0.114177,-0.100761,0.609004,-0.778412,14.624995,132.862869,-1.374427,0.058580,0.949221,0.106204,0.290292,-9.704141,83.707062,14.979592,0.052393,0.951847,-0.001880,0.302058,-11.436880,49.767097,6.739823,0.003417,0.957823,0.079354,0.276166,-15.966474,5.111250,5.479318,-0.076716,0.963670,-0.080152,0.242963,6.354663,83.470810,22.280315,-0.021787,0.923909,-0.147300,0.352449,10.163140,49.362923,28.985882,-0.039299,0.935952,0.017881,0.349470,7.308556,6.451395,41.897243,0.003417,0.957823,0.079354,0.276166,-8.745578,1.436325,-6.449718,-0.039299,0.935952,0.017881,0.349470,16.439140,1.545419,31.871668
614,5.116667,0.020842,0.976853,-0.069215,0.201328,-1.640609,83.602707,18.540592,0.008147,0.984699,-0.024325,0.172367,-1.144483,90.760353,17.623180,0.003459,0.984804,-0.062965,0.161814,-0.727171,107.820602,16.852915,-0.012563,0.985425,0.097642,0.138726,-0.234661,125.790535,14.626757,0.021587,0.991456,-0.058894,0.114373,-0.465007,139.510117,15.545292,0.083293,0.947545,0.046022,0.305128,-3.763466,120.431984,14.125027,0.156427,-0.628050,0.158716,-0.745582,-16.777958,123.457062,4.841861,0.085338,-0.016025,-0.430786,-0.898268,-13.174844,113.746521,-15.039927,-0.277860,-0.146473,0.742462,0.591684,-0.538641,129.255920,-17.097933,-0.108789,0.993891,-0.003306,-0.018290,2.922504,120.527695,16.376802,0.044540,0.873947,-0.101770,-0.473155,18.796276,124.044060,15.773588,-0.183086,0.051848,0.323410,-0.926929,31.087606,120.139839,-2.563334,0.126136,-0.095761,0.600813,-0.783546,14.664824,133.073029,-2.096768,0.058886,0.951293,0.106896,0.283105,-9.738877,83.716057,15.045513,0.051333,0.952710,-0.001043,0.299512,-11.540105,49.788929,6.767688,0.003252,0.957956,0.078887,0.275838,-15.960115,5.122986,5.476193,-0.076454,0.965920,-0.080611,0.233784,6.457660,83.489357,22.035671,-0.021627,0.925108,-0.150801,0.347802,10.304412,49.383812,28.731293,-0.038247,0.936857,0.014615,0.347308,7.390986,6.565380,41.935261,0.003252,0.957956,0.078887,0.275838,-8.746910,1.436877,-6.454043,-0.038247,0.936857,0.014615,0.347308,16.455778,1.564792,31.896740
615,5.125000,0.019892,0.978723,-0.070163,0.191789,-1.610733,83.614754,18.450829,0.008100,0.986453,-0.025303,0.161881,-1.134415,90.771049,17.512611,0.001259,0.986461,-0.064042,0.150970,-0.721001,107.851013,16.703732,-0.012216,0.986120,0.099432,0.132410,-0.325745,125.816368,14.421914,0.021943,0.991674,-0.057862,0.112930,-0.557709,139.504974,15.387158,0.082417,0.950637,0.045735,0.295644,-3.850552,120.447372,14.012091,0.162898,-0.626157,0.159569,-0.745607,-17.055151,123.436775,4.989492,0.086224,-0.005557,-0.433869,-0.896824,-13.357753,113.529167,-14.777425,-0.279264,-0.152983,0.742737,0.589024,-0.828414,129.149597,-16.481792,-0.112079,0.993292,-0.004661,-0.028063,2.883429,120.566284,16.114756,0.034111,0.877264,-0.105404,-0.467049,18.718811,124.184570,15.190718,-0.180282,0.055716,0.314636,-0.930268,31.304306,120.635651,-3.018425,0.138282,-0.091206,0.593655,-0.787485,14.668682,133.292847,-2.813658,0.058814,0.953437,0.107755,0.275476,-9.775842,83.720833,15.114646,0.050527,0.953438,-0.000305,0.297325,-11.621581,49.806011,6.796296,0.003077,0.958012,0.078619,0.275723,-15.956068,5.132609,5.473285,-0.076084,0.967961,-0.081112,0.225128,6.554376,83.508675,21.787010,-0.021793,0.926499,-0.154354,0.342491,10.427942,49.404861,28.475975,-0.036618,0.937992,0.011782,0.344516,7.493711,6.684458,41.989223,0.003077,0.958012,0.078619,0.275723,-8.744790,1.440620,-6.456298,-0.036618,0.937992,0.011782,0.344516,16.474339,1.594075,31.920233
616,5.133333,0.018912,0.980592,-0.070499,0.181964,-1.566755,83.630646,18.348938,0.008082,0.988059,-0.026990,0.151477,-1.112896,90.786812,17.398638,-0.000649,0.987997,-0.064513,0.140353,-0.699241,107.890640,16.526995,-0.012236,0.986772,0.101073,0.126160,-0.394447,125.853836,14.214577,0.022286,0.991901,-0.056496,0.111552,-0.636577,139.497314,15.220088,0.081191,0.954021,0.045080,0.284993,-3.915051,120.476387,13.887927,0.167642,-0.624291,0.161657,-0.745670,-17.327436,123.414871,5.159889,0.086678,0.004479,-0.437123,-0.895204,-13.555495,113.317848,-14.496793,-0.282111,-0.160005,0.742329,0.586311,-1.145839,129.054077,-15.858226,-0.115372,0.992596,-0.006480,-0.037423,2.862592,120.613220,15.844125,0.023223,0.879968,-0.109265,-0.461713,18.653664,124.331688,14.611075,-0.178894,0.059985,0.305508,-0.933308,31.489355,121.153534,-3.491609,0.146822,-0.085972,0.586244,-0.792067,14.640701,133.521027,-3.547029,0.058877,0.955667,0.108445,0.267346,-9.797322,83.731499,15.177499,0.049682,0.954167,0.000461,0.295123,-11.704845,49.827621,6.828515,0.003014,0.958104,0.078246,0.275507,-15.949850,5.146628,5.472223,-0.075857,0.970203,-0.082005,0.215007,6.663812,83.529793,21.520378,-0.021740,0.928173,-0.158052,0.336217,10.577861,49.433754,28.225405,-0.034666,0.939315,0.008472,0.341195,7.617774,6.816891,42.056210,0.003014,0.958104,0.078246,0.275507,-8.744197,1.445170,-6.457831,-0.034666,0.939315,0.008472,0.341195,16.497675,1.621419,31.951612
617,5.141667,0.017682,0.982347,-0.071313,0.172035,-1.525001,83.647850,18.259352,0.007627,0.989701,-0.027352,0.140304,-1.096236,90.802994,17.289930,-0.002852,0.989463,-0.066202,0.128732,-0.706055,107.910561,16.399019,-0.011845,0.987441,0.102491,0.119649,-0.499551,125.865486,14.012611,0.023197,0.992063,-0.055206,0.110564,-0.740067,139.491623,15.055668,0.081408,0.957060,0.043910,0.274736,-4.013859,120.478630,13.789543,0.173413,-0.622755,0.163101,-0.745320,-17.611889,123.406395,5.349939,0.087745,0.014151,-0.439510,-0.893830,-13.775089,113.114075,-14.192554,-0.283244,-0.167588,0.741286,0.584964,-1.469051,128.930405,-15.233034,-0.119265,0.991699,-0.009290,-0.047156,2.807800,120.638718,15.584302,0.011349,0.882782,-0.113863,-0.455634,18.542355,124.473083,14.026554,-0.180393,0.066430,0.295586,-0.935775,31.646442,121.697823,-3.949624,0.150213,-0.079329,0.575640,-0.799864,14.588987,133.756500,-4.318875,0.058587,0.957926,0.109677,0.258680,-9.818365,83.737862,15.255631,0.049098,0.954937,0.001016,0.292717,-11.759203,49.850410,6.847855,0.002760,0.958200,0.077665,0.275342,-15.943088,5.164313,5.470028,-0.075694,0.972337,-0.082751,0.204900,6.768364,83.557846,21.263073,-0.021285,0.930029,-0.162377,0.328978,10.729919,49.468662,27.975061,-0.032807,0.940817,0.004675,0.337292,7.710378,6.974501,42.165859,0.002760,0.958200,0.077665,0.275342,-8.740700,1.449145,-6.457726,-0.032807,0.940817,0.004675,0.337292,16.475863,1.662654,32.021957
618,5.150000,0.016762,0.984051,-0.071946,0.161823,-1.494796,83.672836,18.162725,0.007753,0.991160,-0.028539,0.129337,-1.087753,90.827133,17.177763,-0.005007,0.990806,-0.066952,0.117455,-0.697494,107.950951,16.241812,-0.010832,0.988064,0.104033,0.113088,-0.592324,125.901642,13.817266,0.023597,0.992295,-0.054245,0.108861,-0.814021,139.494263,14.901913,0.080550,0.960284,0.042540,0.263738,-4.096851,120.505432,13.685099,0.178637,-0.621296,0.164771,-0.744937,-17.892122,123.387459,5.555540,0.088143,0.023181,-0.442539,-0.892106,-13.998466,112.907982,-13.875943,-0.284713,-0.174596,0.739730,0.584170,-1.820561,128.824875,-14.611379,-0.122736,0.990755,-0.011223,-0.056702,2.763748,120.686401,15.322564,-0.000792,0.885014,-0.118833,-0.450143,18.438717,124.622551,13.449745,-0.183807,0.073974,0.285567,-0.937654,31.771595,122.255646,-4.416279,0.149534,-0.071531,0.561804,-0.810493,14.525091,134.005585,-5.120665,0.058235,0.959904,0.110707,0.250874,-9.848872,83.758438,15.332089,0.048492,0.955693,0.001713,0.290337,-11.815988,49.883984,6.878169,0.002757,0.958330,0.076856,0.275118,-15.933188,5.192736,5.466822,-0.075701,0.974582,-0.083627,0.193563,6.859279,83.587242,20.993362,-0.021197,0.932308,-0.166200,0.320515,10.886969,49.508331,27.718140,-0.030614,0.942493,0.000706,0.332822,7.877832,7.126644,42.243576,0.002757,0.958330,0.076856,0.275118,-8.738316,1.455918,-6.458711,-0.030614,0.942493,0.000706,0.332822,16.511806,1.690983,32.052578
619,5.158333,0.015501,0.985631,-0.072682,0.151689,-1.459463,83.696518,18.066614,0.008593,0.992459,-0.029843,0.118580,-1.078948,90.849854,17.064295,-0.007876,0.992005,-0.067499,0.106339,-0.664471,107.991425,16.082033,-0.010221,0.988648,0.105456,0.106534,-0.687470,125.938103,13.625899,0.024460,0.992505,-0.053317,0.107208,-0.900412,139.498581,14.747554,0.080269,0.963437,0.041258,0.252277,-4.172076,120.527565,13.582249,0.184355,-0.620058,0.166686,-0.744149,-18.161253,123.382660,5.781180,0.088843,0.031371,-0.445529,-0.890296,-14.227186,112.696075,-13.528982,-0.285330,-0.181746,0.738438,0.583322,-2.184360,128.703232,-13.996328,-0.126818,0.989619,-0.012714,-0.066407,2.723105,120.739105,15.063329,-0.012805,0.886811,-0.123210,-0.445221,18.326050,124.795403,12.872449,-0.188276,0.081328,0.274687,-0.939407,31.849163,122.845055,-4.900676,0.145382,-0.061201,0.547222,-0.821990,14.399044,134.258560,-5.931031,0.057853,0.961891,0.111861,0.242707,-9.870309,83.771553,15.409090,0.047899,0.956676,0.002295,0.287178,-11.863420,49.911953,6.901923,0.002976,0.958557,0.076203,0.274505,-15.919452,5.215785,5.469469,-0.075476,0.976559,-0.084614,0.182968,6.951383,83.621475,20.724140,-0.021603,0.934319,-0.169844,0.312626,11.023503,49.551807,27.468931,-0.027802,0.944322,-0.003186,0.327830,8.067725,7.281646,42.326500,0.002976,0.958557,0.076203,0.274505,-8.743088,1.460202,-6.461318,-0.027802,0.944322,-0.003186,0.327830,16.551519,1.718537,32.078316
620,5.166667,0.014202,0.987137,-0.073236,0.141404,-1.425987,83.723114,17.966343,0.008820,0.993680,-0.030903,0.107554,-1.073367,90.875839,16.949554,-0.009874,0.993099,-0.068080,0.094986,-0.657855,108.027412,15.926732,-0.009514,0.989248,0.106456,0.099824,-0.778829,125.969955,13.443377,0.025106,0.992731,-0.052438,0.105382,-0.978984,139.506653,14.591307,0.079635,0.966423,0.040382,0.240943,-4.251010,120.551445,13.488513,0.189096,-0.619073,0.169040,-0.743247,-18.425381,123.372314,6.016216,0.088993,0.038981,-0.448131,-0.888673,-14.472018,112.490532,-13.180670,-0.285344,-0.188746,0.737823,0.581869,-2.552020,128.577591,-13.390854,-0.131277,0.988312,-0.013773,-0.076261,2.675925,120.781075,14.810144,-0.025526,0.888169,-0.128284,-0.440508,18.195681,124.968658,12.298828,-0.193929,0.088730,0.263402,-0.940818,31.884115,123.451469,-5.389796,0.140210,-0.049814,0.528461,-0.835817,14.242125,134.511261,-6.741550,0.057335,0.963743,0.113006,0.234825,-9.890694,83.787743,15.485422,0.047475,0.957703,0.002913,0.283801,-11.899237,49.941982,6.926968,0.003025,0.958711,0.075385,0.274193,-15.908137,5.242476,5.466468,-0.075441,0.978574,-0.085586,0.171394,7.038720,83.658485,20.447262,-0.021552,0.936963,-0.173768,0.302392,11.175916,49.600014,27.208979,-0.024942,0.946332,-0.007514,0.322146,8.270487,7.450742,42.415817,0.003025,0.958711,0.075385,0.274193,-8.741950,1.464690,-6.463428,-0.024942,0.946332,-0.007514,0.322146,16.585794,1.749320,32.105740
621,5.175000,0.012747,0.988557,-0.073660,0.131026,-1.381776,83.751968,17.863707,0.008773,0.994844,-0.031302,0.096070,-1.059863,90.904358,16.834463,-0.012526,0.994069,-0.069087,0.083052,-0.656169,108.068237,15.792309,-0.007344,0.989815,0.107514,0.093021,-0.899383,126.003624,13.266600,0.025727,0.992953,-0.051766,0.103456,-1.047222,139.523453,14.446505,0.079655,0.969246,0.038631,0.229619,-4.350668,120.573486,13.409750,0.195295,-0.618422,0.170334,-0.741889,-18.698341,123.374344,6.267984,0.090285,0.046736,-0.450606,-0.886915,-14.728573,112.293449,-12.811250,-0.285685,-0.195134,0.737389,0.580142,-2.935860,128.451126,-12.780924,-0.135665,0.986870,-0.014273,-0.086487,2.605408,120.830154,14.562562,-0.038817,0.889394,-0.133408,-0.435515,18.032892,125.146484,11.722271,-0.198223,0.095063,0.251341,-0.942602,31.879070,124.089363,-5.876829,0.137971,-0.038549,0.509924,-0.848207,14.038190,134.755646,-7.535834,0.057100,0.965432,0.114173,0.227255,-9.897056,83.804001,15.562036,0.046939,0.958749,0.003440,0.280330,-11.937788,49.974899,6.945519,0.002774,0.958910,0.074546,0.273727,-15.892696,5.271146,5.467635,-0.075227,0.980294,-0.086630,0.160810,7.133504,83.699928,20.165379,-0.022105,0.939313,-0.177661,0.292641,11.316751,49.651783,26.950737,-0.021844,0.948787,-0.011881,0.314937,8.512387,7.627538,42.518299,0.002774,0.958910,0.074546,0.273727,-8.737719,1.472867,-6.462481,-0.021844,0.948787,-0.011881,0.314937,16.621382,1.784699,32.123405
622,5.183333,0.010903,0.989878,-0.073997,0.120612,-1.331336,83.782539,17.759338,0.008966,0.995793,-0.032833,0.085073,-1.046088,90.934837,16.718723,-0.014299,0.994920,-0.069105,0.071786,-0.642127,108.126953,15.618329,-0.005299,0.990285,0.108966,0.086220,-0.977818,126.060532,13.090327,0.025377,0.993247,-0.051388,0.100874,-1.077194,139.547211,14.310530,0.078529,0.972117,0.037861,0.217687,-4.414343,120.623779,13.314648,0.200614,-0.618048,0.172870,-0.740193,-18.941467,123.376015,6.525463,0.091116,0.053806,-0.453152,-0.885130,-14.989990,112.079796,-12.430902,-0.286265,-0.201591,0.736945,0.578209,-3.328018,128.308563,-12.178072,-0.139938,0.985392,-0.014590,-0.095953,2.565677,120.894539,14.308548,-0.052245,0.889747,-0.137964,-0.431958,17.898642,125.335968,11.165442,-0.199805,0.098919,0.238682,-0.945158,31.828362,124.748207,-6.389604,0.138857,-0.029285,0.493004,-0.858375,13.770819,134.974548,-8.298472,0.056808,0.967224,0.115515,0.218877,-9.893614,83.815491,15.638804,0.046458,0.959864,0.003868,0.276563,-11.968141,50.005627,6.955124,0.002759,0.959092,0.073866,0.273274,-15.876781,5.298117,5.467810,-0.074897,0.982300,-0.088174,0.147316,7.230944,83.749580,19.879871,-0.022570,0.942066,-0.181507,0.281171,11.467918,49.716846,26.709080,-0.019863,0.951787,-0.017147,0.305634,8.794257,7.818541,42.634968,0.002759,0.959092,0.073866,0.273274,-8.734419,1.481900,-6.464137,-0.019863,0.951787,-0.017147,0.305634,16.658028,1.821530,32.139961
623,5.191667,0.009213,0.991033,-0.074607,0.110464,-1.284543,83.825089,17.660595,0.008935,0.996648,-0.033909,0.073911,-1.033229,90.976570,16.605701,-0.016097,0.995659,-0.069120,0.060227,-0.639729,108.175575,15.463224,-0.004992,0.990809,0.109464,0.079309,-1.069542,126.107094,12.934901,0.026543,0.993413,-0.051041,0.099096,-1.165006,139.575241,14.166353,0.077974,0.974734,0.036633,0.206086,-4.489221,120.663773,13.242100,0.205576,-0.617693,0.175557,-0.738494,-19.179150,123.382553,6.798546,0.092206,0.060754,-0.455539,-0.883341,-15.249965,111.876312,-12.035735,-0.287855,-0.206669,0.737794,0.574532,-3.713297,128.175278,-11.570234,-0.144778,0.983656,-0.015263,-0.105955,2.511561,120.948685,14.072583,-0.066567,0.889666,-0.143523,-0.428328,17.733965,125.530090,10.609290,-0.199813,0.101203,0.225459,-0.948157,31.727379,125.429092,-6.904605,0.143263,-0.023317,0.478658,-0.865921,13.447125,135.174255,-9.024499,0.056255,0.968890,0.116644,0.210907,-9.888791,83.840782,15.717133,0.046228,0.961301,0.004519,0.271558,-11.980171,50.044857,6.983366,0.002967,0.959288,0.072916,0.272838,-15.860794,5.335927,5.465859,-0.074390,0.984005,-0.089548,0.134835,7.319705,83.809395,19.604055,-0.023225,0.944781,-0.185907,0.268865,11.594697,49.788437,26.468178,-0.018100,0.955274,-0.022536,0.294308,9.076406,8.037985,42.802479,0.002967,0.959288,0.072916,0.272838,-8.733388,1.492934,-6.466438,-0.018100,0.955274,-0.022536,0.294308,16.649357,1.885176,32.184494
624,5.200000,0.007547,0.992094,-0.075004,0.100334,-1.246309,83.865295,17.561068,0.009610,0.997377,-0.034744,0.062770,-1.029125,91.016327,16.495564,-0.018701,0.996231,-0.069379,0.048593,-0.623018,108.229698,15.320392,-0.002854,0.991267,0.110215,0.072346,-1.175835,126.156639,12.783482,0.027194,0.993645,-0.051066,0.096556,-1.218419,139.603134,14.036419,0.077138,0.977264,0.034848,0.194396,-4.568020,120.701691,13.177155,0.210813,-0.617664,0.177728,-0.736520,-19.414494,123.375107,7.082878,0.094054,0.067886,-0.457720,-0.881498,-15.518108,111.667953,-11.634038,-0.290854,-0.211464,0.737644,0.571462,-4.108537,128.025787,-10.964331,-0.149894,0.981718,-0.014953,-0.116355,2.449348,121.012161,13.841969,-0.080983,0.888950,-0.150545,-0.424907,17.547466,125.743866,10.052114,-0.198778,0.102280,0.211817,-0.951399,31.576412,126.103569,-7.429923,0.149223,-0.019812,0.465293,-0.872263,13.074957,135.334152,-9.726616,0.055521,0.970497,0.118076,0.202757,-9.888722,83.864632,15.794984,0.046040,0.962424,0.004871,0.267575,-11.982781,50.086487,6.993350,0.003009,0.959504,0.071818,0.272370,-15.844965,5.376291,5.466016,-0.074348,0.985444,-0.090604,0.123141,7.396104,83.865967,19.327152,-0.024632,0.947274,-0.190008,0.256831,11.739865,49.857883,26.211845,-0.015918,0.959049,-0.028259,0.281377,9.452778,8.251947,42.944035,0.003009,0.959504,0.071818,0.272370,-8.732194,1.503744,-6.465455,-0.015918,0.959049,-0.028259,0.281377,16.689745,1.931682,32.190952
625,5.208333,0.005927,0.993083,-0.074758,0.090346,-1.206037,83.909073,17.442907,0.009701,0.997988,-0.035350,0.051733,-1.023187,91.060951,16.376654,-0.020721,0.996668,-0.069614,0.037127,-0.625772,108.277466,15.176055,-0.001252,0.991637,0.111145,0.065583,-1.280308,126.200333,12.634617,0.028201,0.993812,-0.051167,0.094473,-1.284507,139.632248,13.913009,0.076549,0.979631,0.033461,0.182601,-4.649337,120.737755,13.112223,0.215990,-0.618088,0.179875,-0.734139,-19.643461,123.376701,7.374840,0.096542,0.075186,-0.459310,-0.879807,-15.804960,111.470367,-11.228051,-0.294956,-0.216108,0.736978,0.568473,-4.504884,127.874077,-10.358901,-0.155751,0.979510,-0.015353,-0.126755,2.380779,121.065643,13.614035,-0.095166,0.888027,-0.157312,-0.421432,17.338387,125.966537,9.496191,-0.197894,0.102857,0.197806,-0.954532,31.387196,126.783157,-7.954506,0.154172,-0.017113,0.451356,-0.878758,12.678727,135.473419,-10.407065,0.054788,0.972014,0.118989,0.195010,-9.882439,83.893745,15.852231,0.045889,0.963681,0.005427,0.263029,-11.984095,50.125088,7.016071,0.003061,0.959709,0.070706,0.271939,-15.827276,5.414164,5.462448,-0.074474,0.986780,-0.092014,0.110692,7.470364,83.924393,19.033585,-0.026268,0.949712,-0.193893,0.244466,11.897741,49.935635,25.960308,-0.015361,0.963078,-0.035090,0.266486,9.881350,8.471102,43.073971,0.003061,0.959709,0.070706,0.271939,-8.728356,1.511608,-6.467506,-0.015361,0.963078,-0.035090,0.266486,16.749666,1.968280,32.188755
626,5.216667,0.004244,0.993918,-0.074716,0.080790,-1.171542,83.947197,17.337324,0.010500,0.998457,-0.036159,0.040806,-1.023195,91.099419,16.267977,-0.023239,0.997007,-0.069152,0.025580,-0.609374,108.352028,15.033616,0.000489,0.992109,0.111040,0.058219,-1.384676,126.273201,12.514326,0.029642,0.994065,-0.051381,0.091198,-1.345211,139.655670,13.786353,0.075040,0.981851,0.031246,0.171351,-4.722850,120.798958,13.068806,0.220593,-0.618697,0.182142,-0.731694,-19.853989,123.370636,7.670626,0.099036,0.082025,-0.460678,-0.878202,-16.086082,111.276077,-10.824964,-0.299404,-0.220736,0.735983,0.565651,-4.886602,127.721664,-9.772912,-0.160912,0.977302,-0.016651,-0.136791,2.315920,121.150879,13.406010,-0.109863,0.886280,-0.165731,-0.418295,17.134275,126.193909,8.968738,-0.199423,0.103993,0.183644,-0.956917,31.166065,127.451347,-8.469437,0.155638,-0.013408,0.435014,-0.886769,12.271741,135.601730,-11.078175,0.054026,0.973365,0.120201,0.187599,-9.877093,83.915123,15.915102,0.045922,0.964737,0.005146,0.259128,-11.977862,50.160946,7.023592,0.002794,0.959866,0.069686,0.271651,-15.836737,5.450031,5.509073,-0.074605,0.987953,-0.093098,0.098571,7.534009,83.979271,18.759546,-0.027694,0.952267,-0.198533,0.230228,12.047043,50.005905,25.706478,-0.013771,0.967055,-0.041632,0.250760,10.310571,8.711830,43.257381,0.002794,0.959866,0.069686,0.271651,-8.745064,1.522166,-6.416873,-0.013771,0.967055,-0.041632,0.250760,16.776012,2.026186,32.237019
627,5.225000,0.002247,0.994632,-0.074758,0.071507,-1.124958,83.985565,17.224741,0.010976,0.998788,-0.037163,0.030359,-1.015299,91.137878,16.151379,-0.025615,0.997142,-0.069560,0.014592,-0.596674,108.396866,14.877918,0.002261,0.992331,0.112435,0.051313,-1.485229,126.311790,12.351579,0.031154,0.994284,-0.051381,0.088259,-1.403250,139.678940,13.660851,0.074195,0.984008,0.030530,0.159032,-4.792686,120.827782,12.987728,0.224587,-0.619507,0.184585,-0.729178,-20.060358,123.361420,7.969351,0.101046,0.088298,-0.461937,-0.876703,-16.377563,111.088585,-10.425671,-0.303137,-0.225801,0.735008,0.562926,-5.276040,127.568939,-9.202305,-0.167029,0.974913,-0.017641,-0.146067,2.250674,121.202538,13.167904,-0.125287,0.883978,-0.175425,-0.414864,16.918381,126.417374,8.438303,-0.203740,0.105037,0.168766,-0.958632,30.915733,128.119934,-8.989772,0.153233,-0.008181,0.417753,-0.895508,11.828645,135.712875,-11.738032,0.053556,0.974595,0.121284,0.180515,-9.855680,83.930679,15.967022,0.045837,0.965664,0.005370,0.255664,-11.974895,50.191246,7.024040,0.002575,0.960021,0.068775,0.271335,-15.826692,5.479842,5.505942,-0.074861,0.988929,-0.094330,0.086707,7.605764,84.040459,18.482460,-0.030040,0.954648,-0.202282,0.216395,12.211369,50.085918,25.460613,-0.011380,0.971239,-0.048204,0.232899,10.855738,8.938948,43.386562,0.002575,0.960021,0.068775,0.271335,-8.743066,1.529250,-6.417285,-0.011380,0.971239,-0.048204,0.232899,16.854221,2.064623,32.219193
628,5.233333,0.000312,0.995238,-0.074850,0.062439,-1.079754,84.029007,17.123499,0.011428,0.999003,-0.038280,0.019912,-1.007659,91.181198,16.046118,-0.028179,0.997173,-0.069568,0.003523,-0.585597,108.453461,14.728827,0.004563,0.992624,0.112734,0.044366,-1.594712,126.363350,12.212037,0.032571,0.994516,-0.051293,0.085120,-1.454419,139.703140,13.527782,0.073220,0.985990,0.029118,0.147019,-4.867418,120.868042,12.925588,0.228983,-0.620717,0.186922,-0.726180,-20.259398,123.356506,8.278050,0.102842,0.093424,-0.462971,-0.875416,-16.682831,110.897850,-10.012718,-0.304776,-0.231452,0.733434,0.561797,-5.666490,127.402893,-8.653690,-0.172853,0.972532,-0.018653,-0.154775,2.176824,121.268013,12.947501,-0.140231,0.881444,-0.183855,-0.411811,16.694866,126.644119,7.944604,-0.208871,0.106171,0.153443,-0.959977,30.627438,128.791397,-9.486251,0.147695,0.000004,0.399069,-0.904948,11.368375,135.807877,-12.378865,0.053128,0.975686,0.122427,0.173857,-9.831989,83.952026,16.026779,0.045765,0.966623,0.005630,0.252019,-11.968670,50.228882,7.026706,0.002586,0.960187,0.067787,0.270997,-15.813999,5.517134,5.502233,-0.075184,0.989726,-0.095577,0.075197,7.672480,84.105988,18.220221,-0.031915,0.957124,-0.206175,0.200963,12.373963,50.171387,25.231356,-0.009185,0.975165,-0.054946,0.214361,11.396249,9.177649,43.529110,0.002586,0.960187,0.067787,0.270997,-8.741281,1.540138,-6.418685,-0.009185,0.975165,-0.054946,0.214361,16.909008,2.113752,32.230484
629,5.241667,-0.001787,0.995768,-0.074677,0.053544,-1.028690,84.070267,17.012175,0.011865,0.999127,-0.038913,0.009540,-0.996594,91.222778,15.935053,-0.031085,0.997065,-0.069557,-0.007506,-0.572391,108.514153,14.590086,0.006914,0.992891,0.112735,0.037548,-1.714158,126.417862,12.086042,0.034171,0.994715,-0.051187,0.082185,-1.514028,139.728577,13.399446,0.071652,0.987813,0.027785,0.135350,-4.946547,120.909142,12.875946,0.233350,-0.621970,0.188876,-0.723206,-20.453142,123.334633,8.590177,0.103177,0.097208,-0.464520,-0.874143,-16.979282,110.702896,-9.601413,-0.303762,-0.236115,0.732732,0.561322,-6.059618,127.238739,-8.129505,-0.178584,0.970036,-0.019574,-0.163569,2.094649,121.339142,12.739820,-0.155089,0.878447,-0.192133,-0.409100,16.456064,126.871887,7.463101,-0.214869,0.106456,0.137596,-0.961023,30.291712,129.456039,-9.985663,0.139905,0.010006,0.380004,-0.914288,10.859653,135.872437,-12.994662,0.052814,0.976599,0.123453,0.168001,-9.799075,83.968323,16.073912,0.045788,0.967596,0.005804,0.248249,-11.955823,50.260498,7.021394,0.002519,0.960333,0.066957,0.270688,-15.805204,5.549124,5.496216,-0.075886,0.990394,-0.096688,0.063343,7.741695,84.172211,17.950438,-0.033775,0.959767,-0.209646,0.183726,12.569639,50.259964,24.983776,-0.009142,0.978961,-0.062279,0.194094,12.021687,9.406794,43.610878,0.002519,0.960333,0.066957,0.270688,-8.741559,1.550487,-6.422852,-0.009142,0.978961,-0.062279,0.194094,17.029016,2.152097,32.198410
630,5.250000,-0.004078,0.996162,-0.074989,0.044956,-0.972775,84.117393,16.912771,0.012529,0.999093,-0.040687,0.000039,-0.982775,91.269043,15.829454,-0.033704,0.996909,-0.068774,-0.017527,-0.547501,108.590302,14.416233,0.008738,0.993082,0.112984,0.030759,-1.808440,126.491783,11.953778,0.035733,0.994975,-0.050951,0.078440,-1.563421,139.748734,13.267927,0.070014,0.989586,0.027225,0.122790,-5.002991,120.969986,12.803970,0.237593,-0.623601,0.191747,-0.719656,-20.622635,123.333275,8.912092,0.102670,0.099356,-0.466234,-0.873048,-17.288853,110.503281,-9.166607,-0.300961,-0.240728,0.730933,0.563214,-6.460476,127.068123,-7.623652,-0.183896,0.967645,-0.020057,-0.171592,2.032266,121.427116,12.524694,-0.169608,0.874686,-0.200752,-0.407254,16.243525,127.105415,7.001814,-0.219382,0.105474,0.122181,-0.962195,29.935349,130.091354,-10.496195,0.134594,0.018469,0.358949,-0.923417,10.341670,135.908035,-13.583507,0.052675,0.977395,0.124437,0.162603,-9.757844,83.986252,16.128101,0.045828,0.968488,0.006043,0.244735,-11.943391,50.294460,7.022990,0.001676,0.960536,0.065794,0.270258,-15.796473,5.583665,5.490200,-0.076595,0.990930,-0.097751,0.051340,7.812293,84.248535,17.697441,-0.035709,0.962198,-0.212881,0.166079,12.769619,50.358318,24.746906,-0.008674,0.982472,-0.069905,0.172592,12.680197,9.639967,43.674618,0.001676,0.960536,0.065794,0.270258,-8.738506,1.560076,-6.423825,-0.008674,0.982472,-0.069905,0.172592,17.142859,2.185339,32.165432
631,5.258333,-0.006137,0.996486,-0.075141,0.036503,-0.922534,84.159492,16.819010,0.012946,0.999019,-0.041170,-0.009954,-0.971328,91.310509,15.732572,-0.036231,0.996549,-0.069163,-0.028193,-0.535633,108.639885,14.297387,0.010962,0.993279,0.112746,0.023772,-1.914310,126.533020,11.837388,0.037400,0.995191,-0.050948,0.074835,-1.613099,139.769180,13.142178,0.068275,0.991088,0.026042,0.111375,-5.069728,121.001053,12.764205,0.241469,-0.625150,0.194254,-0.716342,-20.784174,123.297287,9.230275,0.100500,0.100344,-0.468907,-0.871755,-17.580545,110.290123,-8.745055,-0.296870,-0.242755,0.732018,0.563106,-6.866840,126.907196,-7.144615,-0.189756,0.965001,-0.020698,-0.179824,1.956156,121.483040,12.332385,-0.183716,0.871081,-0.207540,-0.405455,16.002039,127.320396,6.557993,-0.220831,0.103683,0.106532,-0.963916,29.535950,130.722687,-10.986803,0.133120,0.024420,0.337941,-0.931385,9.797591,135.909531,-14.142823,0.052415,0.978144,0.125496,0.157285,-9.719379,84.003212,16.185421,0.045937,0.969420,0.006282,0.240990,-11.924541,50.328030,7.023776,0.001665,0.960678,0.064781,0.269998,-15.787795,5.618405,5.482672,-0.077635,0.991295,-0.098808,0.039292,7.874310,84.315781,17.452600,-0.037308,0.964418,-0.215700,0.148253,12.985110,50.451309,24.516190,-0.008812,0.985602,-0.077001,0.150273,13.344535,9.851956,43.694668,0.001665,0.960678,0.064781,0.269998,-8.738707,1.567888,-6.427481,-0.008812,0.985602,-0.077001,0.150273,17.248825,2.213882,32.103096
632,5.266667,-0.008189,0.996756,-0.074992,0.028058,-0.866390,84.202591,16.722340,0.012583,0.998855,-0.041452,-0.020296,-0.954030,91.353500,15.637666,-0.038319,0.996062,-0.069665,-0.039226,-0.545814,108.691406,14.187757,0.013936,0.993424,0.112418,0.016653,-2.027580,126.576378,11.728326,0.038671,0.995414,-0.051027,0.071079,-1.650692,139.786636,13.020515,0.066573,0.992452,0.024540,0.100027,-5.146523,121.037636,12.734692,0.246802,-0.627307,0.195657,-0.712245,-20.946505,123.267426,9.557598,0.099746,0.101175,-0.470762,-0.870746,-17.888508,110.077789,-8.309811,-0.292090,-0.245568,0.731840,0.564615,-7.262005,126.722572,-6.679727,-0.195545,0.962281,-0.021497,-0.187923,1.866668,121.537674,12.145681,-0.197645,0.867057,-0.214907,-0.403687,15.743060,127.529160,6.124629,-0.220474,0.100584,0.091497,-0.965869,29.102934,131.322891,-11.473203,0.136231,0.028197,0.315766,-0.938583,9.243504,135.882324,-14.647974,0.052002,0.978921,0.126530,0.151656,-9.672337,84.021469,16.239775,0.046209,0.970421,0.006528,0.236865,-11.890509,50.361488,7.025536,0.001459,0.960824,0.063673,0.269740,-15.778704,5.654397,5.473657,-0.078468,0.991484,-0.100318,0.027172,7.939556,84.383713,17.204905,-0.039242,0.966251,-0.218956,0.129909,13.190061,50.549370,24.310272,-0.008916,0.988453,-0.083974,0.125818,14.040806,10.090405,43.767883,0.001459,0.960824,0.063673,0.269740,-8.736857,1.575813,-6.431206,-0.008916,0.988453,-0.083974,0.125818,17.331621,2.271661,32.106579
633,5.275000,-0.010368,0.996921,-0.075132,0.019926,-0.807406,84.244987,16.635202,0.012411,0.998572,-0.042336,-0.030124,-0.935281,91.395012,15.548664,-0.040820,0.995502,-0.069536,-0.049735,-0.548114,108.738800,14.063601,0.016728,0.993557,0.111659,0.009803,-2.145586,126.617256,11.629323,0.040451,0.995607,-0.050893,0.067379,-1.698223,139.797806,12.896214,0.064390,0.993694,0.023148,0.088826,-5.222636,121.067955,12.704189,0.251990,-0.629425,0.196701,-0.708261,-21.100746,123.216858,9.880562,0.098871,0.102137,-0.473133,-0.869447,-18.180452,109.859177,-7.884749,-0.288565,-0.247270,0.732820,0.564413,-7.657459,126.550522,-6.220789,-0.200839,0.959673,-0.022216,-0.195444,1.774566,121.592590,11.965465,-0.211516,0.862775,-0.221548,-0.402240,15.488839,127.722977,5.717098,-0.218509,0.096412,0.076373,-0.968053,28.646523,131.909500,-11.943884,0.141473,0.029858,0.296025,-0.944173,8.680223,135.821396,-15.099812,0.051778,0.979614,0.127613,0.146258,-9.619520,84.036217,16.298485,0.046406,0.971130,0.006671,0.233899,-11.861552,50.393856,7.025873,0.001293,0.960979,0.062656,0.269428,-15.768594,5.688566,5.469285,-0.079516,0.991551,-0.101360,0.015182,8.004708,84.453758,16.971918,-0.040611,0.967839,-0.222372,0.110407,13.411288,50.645699,24.085340,-0.009937,0.990650,-0.091313,0.100873,14.736204,10.331949,43.815948,0.001293,0.960979,0.062656,0.269428,-8.735434,1.584106,-6.431818,-0.009937,0.990650,-0.091313,0.100873,17.411926,2.327728,32.123169
634,5.283333,-0.012622,0.997028,-0.075056,0.011978,-0.742714,84.282913,16.547264,0.012624,0.998206,-0.043318,-0.039352,-0.911761,91.432343,15.462512,-0.043601,0.994861,-0.069299,-0.059564,-0.531987,108.786919,13.938364,0.019256,0.993654,0.110773,0.003069,-2.252977,126.658058,11.534776,0.042347,0.995800,-0.050834,0.063284,-1.742864,139.804230,12.771824,0.062170,0.994838,0.021253,0.077329,-5.284543,121.096100,12.671645,0.257147,-0.631969,0.197503,-0.703906,-21.233953,123.162125,10.211364,0.098810,0.103316,-0.475166,-0.868205,-18.471710,109.642670,-7.456589,-0.286875,-0.248721,0.733676,0.563524,-8.042189,126.372864,-5.765187,-0.206687,0.956831,-0.022746,-0.203071,1.694190,121.649948,11.792808,-0.224568,0.858504,-0.226649,-0.401461,15.232012,127.934799,5.317236,-0.215097,0.091134,0.060701,-0.970435,28.162584,132.499161,-12.417732,0.146649,0.031104,0.276737,-0.949180,8.100195,135.726654,-15.516585,0.051699,0.980204,0.128654,0.141334,-9.558389,84.045036,16.353291,0.046617,0.971930,0.006812,0.230504,-11.830851,50.420769,7.022622,0.001268,0.961105,0.061890,0.269157,-15.758755,5.717415,5.463015,-0.080380,0.991478,-0.102457,0.003691,8.072960,84.520790,16.741238,-0.042738,0.968997,-0.224863,0.093034,13.620222,50.738026,23.866526,-0.013604,0.992221,-0.098538,0.074847,15.460632,10.540253,43.791454,0.001268,0.961105,0.061890,0.269157,-8.733946,1.592767,-6.436039,-0.013604,0.992221,-0.098538,0.074847,17.531597,2.359676,32.097977
635,5.291667,-0.015022,0.997059,-0.075032,0.004180,-0.675118,84.318787,16.460333,0.012465,0.997775,-0.044026,-0.048485,-0.887252,91.467316,15.377161,-0.046281,0.994111,-0.069303,-0.069271,-0.527905,108.832489,13.824147,0.021657,0.993734,0.109587,-0.003652,-2.368617,126.694885,11.444372,0.044612,0.995971,-0.050537,0.059144,-1.799836,139.805954,12.643012,0.059396,0.995826,0.019959,0.066359,-5.354510,121.121468,12.644296,0.262896,-0.634621,0.197288,-0.699442,-21.366196,123.089195,10.532585,0.100251,0.105741,-0.476996,-0.866743,-18.750776,109.421860,-7.043705,-0.287643,-0.250548,0.734615,0.561095,-8.415902,126.193687,-5.310381,-0.212083,0.954030,-0.023070,-0.210514,1.603179,121.702957,11.627293,-0.237585,0.853701,-0.232914,-0.400624,14.967331,128.128738,4.932970,-0.213905,0.085406,0.045510,-0.972049,27.658278,133.038986,-12.882530,0.148869,0.032788,0.258613,-0.953878,7.520530,135.604446,-15.890214,0.051658,0.980799,0.129586,0.136281,-9.491849,84.049019,16.406683,0.046816,0.972598,0.006952,0.227627,-11.800239,50.441277,7.025434,0.001553,0.961262,0.061458,0.268694,-15.747264,5.739772,5.461154,-0.081359,0.991248,-0.103626,-0.008390,8.141613,84.588554,16.513981,-0.044538,0.969976,-0.227143,0.074631,13.842646,50.833702,23.650169,-0.014345,0.993183,-0.104677,0.049232,16.199896,10.742572,43.734879,0.001553,0.961262,0.061458,0.268694,-8.737480,1.601778,-6.442134,-0.014345,0.993183,-0.104677,0.049232,17.637842,2.404415,32.057732
636,5.300000,-0.017063,0.997023,-0.075112,-0.003458,-0.612513,84.350487,16.382727,0.012082,0.997268,-0.044474,-0.057728,-0.862378,91.497894,15.300202,-0.048887,0.993238,-0.069463,-0.079136,-0.531533,108.868317,13.728549,0.024505,0.993777,0.108175,-0.010273,-2.489775,126.720917,11.369229,0.046372,0.996112,-0.050630,0.055195,-1.850722,139.810867,12.524154,0.056611,0.996663,0.018548,0.055797,-5.429068,121.137115,12.634173,0.268853,-0.637621,0.196361,-0.694694,-21.493244,123.006760,10.858797,0.103019,0.109042,-0.478434,-0.865215,-19.032558,109.204636,-6.634320,-0.291152,-0.252526,0.734614,0.558393,-8.787927,126.008987,-4.853907,-0.217674,0.951045,-0.023308,-0.218148,1.504462,121.744743,11.477100,-0.250180,0.849004,-0.237956,-0.399974,14.683928,128.315552,4.561065,-0.214912,0.079353,0.029770,-0.972949,27.122778,133.571548,-13.333403,0.145323,0.036547,0.239150,-0.959350,6.926309,135.457397,-16.235048,0.051518,0.981399,0.130527,0.131016,-9.428185,84.054932,16.466169,0.047027,0.973190,0.007140,0.225029,-11.768169,50.463306,7.035161,0.001418,0.961438,0.060808,0.268213,-15.733944,5.763814,5.460735,-0.082449,0.990877,-0.104858,-0.019208,8.203161,84.646034,16.299286,-0.046108,0.970537,-0.229781,0.055963,14.057716,50.921642,23.455160,-0.017162,0.993465,-0.110536,0.022698,16.921593,10.951543,43.714485,0.001418,0.961438,0.060808,0.268213,-8.736243,1.609622,-6.444019,-0.017162,0.993465,-0.110536,0.022698,17.735266,2.465670,32.083656
637,5.308333,-0.019158,0.996933,-0.075095,-0.010903,-0.541901,84.377174,16.308332,0.011969,0.996690,-0.045413,-0.066357,-0.830041,91.523521,15.228322,-0.051544,0.992326,-0.069532,-0.088306,-0.518675,108.905518,13.620207,0.026540,0.993761,0.106999,-0.016930,-2.594138,126.748108,11.285439,0.048394,0.996263,-0.050423,0.050753,-1.907508,139.804001,12.401456,0.053421,0.997419,0.016710,0.044979,-5.486246,121.153297,12.609114,0.274322,-0.640831,0.195440,-0.689845,-21.597307,122.911575,11.178346,0.105932,0.112579,-0.479810,-0.863648,-19.304487,108.984802,-6.238601,-0.295742,-0.255171,0.734494,0.554926,-9.149111,125.823593,-4.406153,-0.222917,0.948113,-0.023099,-0.225512,1.421846,121.788429,11.321997,-0.262009,0.844260,-0.242192,-0.399899,14.419833,128.496170,4.197142,-0.217062,0.072883,0.014718,-0.973322,26.589716,134.071564,-13.785378,0.139123,0.040153,0.216651,-0.965451,6.368594,135.304245,-16.555496,0.051412,0.982028,0.131245,0.125510,-9.354343,84.054672,16.525476,0.047377,0.973812,0.007502,0.222238,-11.733320,50.475430,7.060166,0.001183,0.961539,0.060364,0.267949,-15.726847,5.779377,5.458560,-0.083321,0.990440,-0.105596,-0.030596,8.270541,84.699677,16.091190,-0.047880,0.970855,-0.231766,0.037855,14.268041,50.996250,23.227415,-0.020987,0.993011,-0.116057,-0.004402,17.654720,11.123380,43.597374,0.001183,0.961539,0.060364,0.267949,-8.734487,1.615092,-6.445798,-0.020987,0.993011,-0.116057,-0.004402,17.848337,2.497021,32.043301
638,5.316667,-0.021127,0.996801,-0.074854,-0.018400,-0.470617,84.400505,16.238087,0.011452,0.996050,-0.046190,-0.074969,-0.795198,91.546227,15.164304,-0.054363,0.991299,-0.069895,-0.097395,-0.517684,108.932137,13.527367,0.029020,0.993769,0.105011,-0.023529,-2.716637,126.762077,11.209069,0.050514,0.996406,-0.049934,0.046162,-1.971661,139.790878,12.264789,0.050527,0.998007,0.015328,0.034543,-5.558391,121.156136,12.593293,0.280609,-0.643762,0.194006,-0.684975,-21.706251,122.814217,11.496705,0.109239,0.115427,-0.481600,-0.861861,-19.557175,108.756622,-5.833276,-0.299682,-0.257942,0.733592,0.552720,-9.504126,125.634872,-3.983816,-0.228062,0.945122,-0.023397,-0.232776,1.321672,121.820518,11.177267,-0.274199,0.838838,-0.248214,-0.399443,14.135835,128.657074,3.844878,-0.221169,0.065493,0.000125,-0.973034,26.028984,134.524353,-14.229705,0.131083,0.045025,0.194136,-0.971134,5.784114,135.120804,-16.830997,0.051311,0.982603,0.131890,0.120264,-9.277788,84.053268,16.589556,0.047723,0.974479,0.007969,0.219202,-11.694618,50.485157,7.094413,0.001086,0.961684,0.059925,0.267528,-15.714157,5.792710,5.457596,-0.084309,0.989876,-0.106335,-0.041601,8.336553,84.747734,15.886619,-0.049464,0.970914,-0.233395,0.020155,14.482589,51.066841,23.002815,-0.023161,0.991904,-0.121056,-0.030598,18.373043,11.275867,43.442818,0.001086,0.961684,0.059925,0.267528,-8.732225,1.617591,-6.449091,-0.023161,0.991904,-0.121056,-0.030598,17.950003,2.520080,31.992689
639,5.325000,-0.023028,0.996598,-0.074904,-0.025539,-0.397670,84.423302,16.176527,0.011374,0.995361,-0.047196,-0.083066,-0.757338,91.567703,15.105121,-0.057639,0.990203,-0.070288,-0.105997,-0.498670,108.958290,13.430563,0.031697,0.993704,0.103203,-0.029947,-2.836262,126.772942,11.130452,0.052372,0.996545,-0.049462,0.041335,-2.028669,139.771561,12.129940,0.047348,0.998509,0.013029,0.023823,-5.622235,121.153297,12.571343,0.286636,-0.647091,0.192176,-0.679839,-21.800583,122.701775,11.817386,0.112292,0.118342,-0.483030,-0.860272,-19.812492,108.527908,-5.436931,-0.303340,-0.261338,0.731320,0.552140,-9.849605,125.436272,-3.561794,-0.232926,0.942116,-0.022520,-0.240116,1.227962,121.853546,11.033071,-0.285329,0.833480,-0.252692,-0.400056,13.856213,128.818176,3.501381,-0.223768,0.056638,-0.013446,-0.972903,25.448162,134.948349,-14.681307,0.124820,0.050677,0.169136,-0.976343,5.193088,134.931625,-17.051352,0.051103,0.983185,0.132536,0.114763,-9.197826,84.052185,16.655987,0.048165,0.975134,0.008454,0.216154,-11.647964,50.494541,7.132407,0.000895,0.961823,0.059462,0.267132,-15.701774,5.806610,5.457138,-0.084970,0.989239,-0.106802,-0.052718,8.402488,84.794426,15.697068,-0.051224,0.970664,-0.234906,0.002673,14.674911,51.128326,22.772917,-0.024427,0.990188,-0.125571,-0.056244,19.083796,11.416825,43.262165,0.000895,0.961823,0.059462,0.267132,-8.728833,1.620647,-6.451016,-0.024427,0.990188,-0.125571,-0.056244,18.049540,2.544080,31.941700
640,5.333333,-0.025061,0.996338,-0.074943,-0.032644,-0.312161,84.441185,16.124994,0.010847,0.994610,-0.048164,-0.091174,-0.708775,91.584084,15.056643,-0.060547,0.989035,-0.070837,-0.114570,-0.485069,108.979126,13.347424,0.034570,0.993616,0.101131,-0.036134,-2.948520,126.778534,11.060604,0.053422,0.996686,-0.049045,0.036852,-2.073922,139.752182,11.996879,0.044067,0.998872,0.010714,0.014052,-5.681641,121.148003,12.559112,0.293280,-0.650310,0.189775,-0.674589,-21.881794,122.585190,12.117734,0.114196,0.120024,-0.485121,-0.858610,-20.039806,108.294106,-5.055924,-0.303983,-0.264131,0.729758,0.552524,-10.180324,125.244751,-3.178730,-0.237930,0.938978,-0.021591,-0.247474,1.137024,121.878502,10.899587,-0.295498,0.828334,-0.256130,-0.401175,13.571872,128.974335,3.171139,-0.224286,0.047040,-0.026189,-0.973035,24.858820,135.341843,-15.121542,0.121477,0.055468,0.143058,-0.980664,4.615283,134.733658,-17.224483,0.050979,0.983745,0.133136,0.109190,-9.103300,84.043831,16.731932,0.048719,0.975717,0.009037,0.213356,-11.593977,50.496441,7.182785,0.000821,0.961932,0.059247,0.266788,-15.689841,5.814257,5.457388,-0.085780,0.988479,-0.107156,-0.063784,8.478978,84.838539,15.518059,-0.052792,0.970026,-0.236827,-0.013238,14.887113,51.187412,22.543325,-0.028067,0.987816,-0.129388,-0.081791,19.767540,11.571938,43.111408,0.000821,0.961932,0.059247,0.266788,-8.725080,1.623223,-6.453767,-0.028067,0.987816,-0.129388,-0.081791,18.164856,2.596262,31.939257
641,5.341667,-0.026897,0.996047,-0.074843,-0.039555,-0.225398,84.460388,16.076660,0.010438,0.993802,-0.049188,-0.099139,-0.655796,91.602127,15.013623,-0.063489,0.987797,-0.071338,-0.123032,-0.463493,109.003899,13.267567,0.037076,0.993506,0.098892,-0.042317,-3.053461,126.787498,10.997666,0.054480,0.996798,-0.048751,0.032384,-2.123052,139.729935,11.865852,0.040384,0.999135,0.008787,0.004489,-5.732522,121.146057,12.551752,0.298570,-0.653016,0.188444,-0.670011,-21.948561,122.460297,12.417365,0.114210,0.120253,-0.487992,-0.856947,-20.242157,108.057663,-4.676924,-0.303131,-0.265919,0.730057,0.551738,-10.497987,125.069214,-2.813622,-0.242545,0.935938,-0.021016,-0.254459,1.052622,121.907188,10.772888,-0.305118,0.822942,-0.259419,-0.402953,13.301227,129.119904,2.857474,-0.223686,0.036148,-0.037243,-0.973278,24.265026,135.691055,-15.559289,0.121362,0.060108,0.115703,-0.984008,4.044440,134.545898,-17.328289,0.050592,0.984376,0.133456,0.103121,-9.006050,84.039970,16.807241,0.049398,0.976426,0.009850,0.209891,-11.526584,50.495804,7.254603,0.000664,0.962103,0.059058,0.266214,-15.672523,5.820975,5.459764,-0.086388,0.987725,-0.107316,-0.073614,8.555254,84.880814,15.346079,-0.054871,0.969407,-0.237786,-0.026409,15.075345,51.239407,22.314651,-0.029889,0.985006,-0.132974,-0.105774,20.416290,11.684910,42.885662,0.000664,0.962103,0.059058,0.266214,-8.720662,1.626268,-6.457628,-0.029889,0.985006,-0.132974,-0.105774,18.263227,2.614451,31.883877
642,5.350000,-0.028633,0.995733,-0.074527,-0.046279,-0.131493,84.470383,16.036077,0.009638,0.992962,-0.050096,-0.106887,-0.593844,91.611404,14.981712,-0.066252,0.986497,-0.072229,-0.131215,-0.446334,109.010872,13.205697,0.039150,0.993416,0.096154,-0.048438,-3.157458,126.776848,10.939275,0.055860,0.996879,-0.048312,0.027897,-2.183482,139.697235,11.727259,0.037141,0.999280,0.006280,-0.004460,-5.783575,121.126663,12.550847,0.305158,-0.656009,0.185827,-0.664830,-22.007803,122.333435,12.703451,0.114754,0.120675,-0.490299,-0.855497,-20.433149,107.818748,-4.308504,-0.300342,-0.268147,0.729718,0.552633,-10.787905,124.873962,-2.459890,-0.247184,0.932734,-0.020768,-0.261679,0.967151,121.915199,10.656719,-0.314628,0.817582,-0.262487,-0.404561,13.020582,129.240570,2.547544,-0.222981,0.024493,-0.047570,-0.973353,23.661873,136.012680,-15.985229,0.122109,0.064069,0.087679,-0.986558,3.477336,134.354370,-17.383619,0.050725,0.984826,0.133936,0.098015,-8.900259,84.028229,16.886702,0.049878,0.976816,0.010462,0.207924,-11.475897,50.493980,7.313992,0.000714,0.962234,0.059035,0.265745,-15.656000,5.824551,5.464835,-0.087021,0.986876,-0.107414,-0.083455,8.637274,84.912529,15.185456,-0.056116,0.968617,-0.238763,-0.040299,15.270344,51.280258,22.091251,-0.033766,0.981761,-0.135656,-0.128853,21.015831,11.779973,42.657417,0.000714,0.962234,0.059035,0.265745,-8.716018,1.629094,-6.459213,-0.033766,0.981761,-0.135656,-0.128853,18.370003,2.630879,31.829592
643,5.358333,-0.030369,0.995360,-0.074425,-0.052885,-0.028624,84.475258,16.005495,0.008824,0.992073,-0.051243,-0.114400,-0.522862,91.615021,14.957054,-0.069242,0.985138,-0.073115,-0.139152,-0.421552,109.027306,13.141811,0.040800,0.993269,0.093718,-0.054483,-3.261364,126.773926,10.881416,0.057365,0.996915,-0.048153,0.023460,-2.256319,139.660202,11.596884,0.033560,0.999347,0.003616,-0.012914,-5.831501,121.113945,12.547937,0.310356,-0.658136,0.184791,-0.660597,-22.059187,122.203743,12.971825,0.114549,0.121091,-0.493609,-0.853560,-20.592644,107.572540,-3.949747,-0.299599,-0.270185,0.729624,0.552167,-11.082167,124.697731,-2.107832,-0.251690,0.929569,-0.020758,-0.268556,0.883227,121.932945,10.542074,-0.323168,0.812235,-0.264867,-0.407041,12.744856,129.364594,2.248850,-0.221952,0.011942,-0.057180,-0.973306,23.051689,136.299652,-16.412241,0.121706,0.066088,0.060033,-0.988542,2.920674,134.150909,-17.397650,0.050844,0.985319,0.134325,0.092292,-8.784028,84.011414,16.974045,0.050418,0.977303,0.011287,0.205449,-11.420681,50.485302,7.389433,0.000535,0.962388,0.059068,0.265178,-15.637504,5.822351,5.468526,-0.087032,0.986109,-0.107116,-0.092414,8.726781,84.939110,15.036945,-0.058027,0.967721,-0.239649,-0.052123,15.421325,51.302505,21.861816,-0.035222,0.978322,-0.137958,-0.150378,21.586046,11.859885,42.417263,0.000535,0.962388,0.059068,0.265178,-8.709476,1.629283,-6.463313,-0.035222,0.978322,-0.137958,-0.150378,18.454483,2.646890,31.774790
644,5.366667,-0.031939,0.994944,-0.074361,-0.059478,0.079688,84.473953,15.985746,0.007893,0.991149,-0.052487,-0.121684,-0.444000,91.612442,14.942930,-0.071904,0.983758,-0.074212,-0.146773,-0.393603,109.039558,13.085906,0.041278,0.993124,0.091316,-0.060516,-3.350827,126.766731,10.823365,0.059223,0.996903,-0.048052,0.019168,-2.346389,139.612228,11.468773,0.029982,0.999321,0.000980,-0.021392,-5.868276,121.099510,12.544826,-0.316466,0.660461,-0.182484,0.656004,-22.093899,122.073769,13.241395,0.114255,0.120989,-0.496316,-0.852044,-20.726807,107.335190,-3.595108,-0.295731,-0.271113,0.732270,0.550292,-11.321471,124.518440,-1.770422,-0.255836,0.926429,-0.020950,-0.275389,0.810402,121.943977,10.432012,-0.331240,0.806972,-0.265968,-0.410289,12.482631,129.468567,1.955868,-0.222020,-0.001130,-0.066545,-0.972768,22.433636,136.560577,-16.838898,0.117314,0.065587,0.035138,-0.990304,2.366254,133.929092,-17.392431,0.050851,0.985723,0.135035,0.086770,-8.660925,83.991364,17.071651,0.051093,0.977647,0.011892,0.203602,-11.347095,50.478691,7.453852,0.000647,0.962558,0.059072,0.264561,-15.615508,5.823144,5.475560,-0.087071,0.985112,-0.106949,-0.102642,8.820300,84.956543,14.899842,-0.059299,0.966765,-0.240478,-0.063401,15.586941,51.317932,21.643219,-0.038081,0.974592,-0.139881,-0.170743,22.104565,11.924458,42.184036,0.000647,0.962558,0.059072,0.264561,-8.703466,1.629672,-6.465410,-0.038081,0.974592,-0.139881,-0.170743,18.541428,2.652109,31.730530
645,5.375000,-0.033660,0.994466,-0.074382,-0.066123,0.200976,84.471558,15.978026,0.006663,0.990206,-0.053930,-0.128608,-0.354416,91.608368,14.940132,-0.074759,0.982356,-0.075520,-0.153900,-0.366214,109.040924,13.037276,0.042597,0.992977,0.088351,-0.066159,-3.447875,126.745819,10.766418,0.060627,0.996914,-0.047634,0.014771,-2.423621,139.553299,11.326798,0.027045,0.999206,-0.001333,-0.029220,-5.910490,121.070984,12.541248,-0.322270,0.662519,-0.180531,0.651629,-22.128672,121.951591,13.490115,0.114981,0.121843,-0.499149,-0.850167,-20.851851,107.104256,-3.257687,-0.295110,-0.273083,0.732638,0.549161,-11.569306,124.346184,-1.441074,-0.259670,0.923319,-0.020954,-0.282160,0.732040,121.943306,10.328176,-0.338876,0.801788,-0.267350,-0.413308,12.217103,129.552536,1.673800,-0.224018,-0.014210,-0.075281,-0.971569,21.827194,136.780472,-17.246178,0.109142,0.060310,0.012029,-0.992122,1.846604,133.694138,-17.369577,0.050916,0.986140,0.136035,0.080183,-8.522919,83.967796,17.182293,0.051794,0.978049,0.012473,0.201452,-11.271629,50.474525,7.514684,0.000737,0.962726,0.058983,0.263968,-15.595206,5.826726,5.482087,-0.086896,0.984357,-0.106201,-0.110509,8.924871,84.975327,14.773761,-0.060425,0.965784,-0.241384,-0.073098,15.727918,51.323425,21.413418,-0.039462,0.971020,-0.141737,-0.188344,22.553297,11.981278,41.952660,0.000737,0.962726,0.058983,0.263968,-8.698616,1.630509,-6.466850,-0.039462,0.971020,-0.141737,-0.188344,18.607119,2.657073,31.684494
646,5.383333,-0.034995,0.993935,-0.074725,-0.072691,0.322020,84.458763,15.976581,0.005362,0.989214,-0.055354,-0.135508,-0.259736,91.593506,14.938935,-0.077685,0.980889,-0.076799,-0.161011,-0.336821,109.040283,12.990967,0.043072,0.992835,0.085178,-0.071885,-3.545371,126.721970,10.715010,0.062558,0.996860,-0.047387,0.010510,-2.525004,139.484756,11.186628,0.023709,0.999029,-0.004480,-0.036874,-5.951540,121.039474,12.542007,-0.327084,0.664158,-0.178962,0.647984,-22.158768,121.815575,13.737247,0.115301,0.122422,-0.501740,-0.848514,-20.954145,106.876289,-2.933955,-0.294424,-0.274419,0.733691,0.547454,-11.782662,124.169731,-1.124641,-0.263401,0.920190,-0.020720,-0.288860,0.653095,121.940254,10.229177,-0.345815,0.796507,-0.268484,-0.417019,11.950157,129.632385,1.402364,-0.227125,-0.027857,-0.083624,-0.969869,21.209059,136.962204,-17.653053,0.096955,0.052792,-0.004999,-0.993875,1.324990,133.430222,-17.328648,0.051204,0.986440,0.136887,0.074674,-8.384172,83.940956,17.297354,0.052433,0.978434,0.013207,0.199355,-11.201799,50.466011,7.586235,0.000357,0.962899,0.058801,0.263378,-15.572543,5.825883,5.487048,-0.086453,0.983362,-0.105734,-0.119774,9.028213,84.976563,14.655809,-0.060638,0.964524,-0.242510,-0.084883,15.859598,51.312363,21.203344,-0.040888,0.967569,-0.142797,-0.204324,22.960640,12.021443,41.747181,0.000357,0.962899,0.058801,0.263378,-8.687136,1.627703,-6.467642,-0.040888,0.967569,-0.142797,-0.204324,18.671713,2.663416,31.648636
647,5.391667,-0.036288,0.993417,-0.074259,-0.079317,0.449228,84.441689,15.965438,0.003985,0.988222,-0.056907,-0.141998,-0.157486,91.576103,14.939883,-0.081085,0.979423,-0.077913,-0.167588,-0.303070,109.036514,12.943389,0.044106,0.992717,0.081282,-0.077213,-3.653203,126.692390,10.671123,0.064200,0.996816,-0.046880,0.006202,-2.624200,139.412933,11.035517,0.020583,0.998795,-0.006933,-0.044001,-5.998453,120.999397,12.544028,-0.332670,0.665650,-0.176551,0.644260,-22.191435,121.678268,13.969421,0.116511,0.123546,-0.503945,-0.846877,-21.037361,106.649902,-2.625112,-0.293899,-0.275199,0.735051,0.545517,-11.967359,123.988960,-0.820878,-0.266887,0.917027,-0.019845,-0.295699,0.568068,121.935799,10.138661,-0.352254,0.791251,-0.270340,-0.420423,11.674887,129.708679,1.142766,-0.231797,-0.041635,-0.090889,-0.967614,20.604458,137.109451,-18.041962,0.082134,0.044302,-0.020136,-0.995433,0.830404,133.170853,-17.266136,0.051529,0.986729,0.137611,0.069099,-8.237571,83.909622,17.403084,0.053067,0.978880,0.013962,0.196931,-11.128548,50.450920,7.657601,0.000234,0.963084,0.059011,0.262652,-15.546650,5.818650,5.491677,-0.085914,0.982320,-0.105427,-0.128650,9.136025,84.973763,14.527792,-0.060911,0.963446,-0.243546,-0.093523,15.987015,51.298542,20.997734,-0.041822,0.964369,-0.143930,-0.218007,23.302687,12.055835,41.558411,0.000234,0.963084,0.059011,0.262652,-8.677144,1.627249,-6.474540,-0.041822,0.964369,-0.143930,-0.218007,18.720716,2.665393,31.619930
648,5.400000,-0.037367,0.992846,-0.074127,-0.085819,0.580077,84.425926,15.967414,0.002467,0.987201,-0.058269,-0.148432,-0.048648,91.559471,14.949113,-0.084282,0.977911,-0.079246,-0.174086,-0.267150,109.026802,12.913015,0.043744,0.992613,0.077466,-0.082497,-3.752860,126.655937,10.637065,0.065912,0.996721,-0.046876,0.002421,-2.750582,139.347275,10.900264,0.017754,0.998523,-0.009523,-0.050452,-6.038619,120.954536,12.557382,-0.337525,0.666800,-0.175036,0.640951,-22.215307,121.547020,14.191145,0.117692,0.124245,-0.506579,-0.845038,-21.106052,106.426109,-2.322185,-0.293807,-0.277878,0.735212,0.543990,-12.152476,123.815468,-0.540260,-0.270308,0.913974,-0.019465,-0.302003,0.489113,121.922920,10.060820,-0.358580,0.785610,-0.272793,-0.424054,11.413529,129.770691,0.907944,-0.236526,-0.055910,-0.096792,-0.965174,20.004025,137.214569,-18.414450,0.068166,0.037239,-0.031992,-0.996465,0.345652,132.914032,-17.161383,0.051657,0.987002,0.138338,0.063414,-8.086380,83.883652,17.519468,0.053883,0.979517,0.014855,0.193449,-11.038645,50.439907,7.741063,0.000165,0.963284,0.059023,0.261915,-15.520483,5.817780,5.498259,-0.085019,0.981260,-0.104952,-0.137422,9.246535,84.968201,14.415359,-0.060889,0.962287,-0.244779,-0.101877,16.089806,51.275276,20.800791,-0.042569,0.961501,-0.144666,-0.229731,23.591244,12.086386,41.397160,0.000165,0.963284,0.059023,0.261915,-8.668173,1.627510,-6.478214,-0.042569,0.961501,-0.144666,-0.229731,18.759352,2.673779,31.598997
649,5.408333,-0.038540,0.992182,-0.074502,-0.092408,0.718430,84.415306,15.976161,0.000833,0.986198,-0.059877,-0.154364,0.065649,91.546753,14.958325,-0.087467,0.976491,-0.080288,-0.179912,-0.230607,109.012161,12.876302,0.043605,0.992497,0.073525,-0.087419,-3.848156,126.615463,10.606105,0.067458,0.996615,-0.046968,-0.001472,-2.868056,139.271133,10.765468,0.014881,0.998243,-0.011039,-0.056288,-6.076502,120.904877,12.566187,-0.341818,0.667376,-0.174145,0.638313,-22.235962,121.408447,14.389214,0.117786,0.124251,-0.510426,-0.842706,-21.147194,106.196571,-2.041715,-0.294432,-0.279840,0.734869,0.543108,-12.350912,123.660255,-0.291337,-0.273435,0.911151,-0.019244,-0.307678,0.414410,121.906281,9.987996,-0.364851,0.779684,-0.275744,-0.427718,11.170915,129.820557,0.694597,-0.240781,-0.070424,-0.100900,-0.962748,19.418077,137.286957,-18.768177,0.057151,0.031863,-0.043166,-0.996923,-0.123435,132.688248,-17.014513,0.052253,0.987178,0.139199,0.058083,-7.925735,83.862144,17.644331,0.054510,0.979887,0.015660,0.191322,-10.967873,50.439430,7.821670,0.000067,0.963490,0.058841,0.261200,-15.495637,5.825609,5.507044,-0.083984,0.980133,-0.104400,-0.146240,9.362596,84.968468,14.307991,-0.060301,0.961064,-0.246193,-0.110036,16.187302,51.255238,20.605492,-0.043329,0.959013,-0.145649,-0.239170,23.824606,12.122294,41.258213,0.000067,0.963490,0.058841,0.261200,-8.660244,1.631446,-6.477724,-0.043329,0.959013,-0.145649,-0.239170,18.797817,2.682838,31.584724
650,5.416667,-0.039449,0.991513,-0.074522,-0.098953,0.859425,84.388031,15.979637,-0.000927,0.985161,-0.061174,-0.160358,0.186907,91.518417,14.967184,-0.090758,0.974992,-0.081460,-0.185788,-0.190674,108.994400,12.850194,0.044078,0.992316,0.069715,-0.092233,-3.944730,126.569580,10.583725,0.068464,0.996506,-0.047538,-0.005376,-2.971347,139.194351,10.642022,0.011870,0.997919,-0.013040,-0.062015,-6.113379,120.850121,12.584503,-0.346642,0.668454,-0.171819,0.635206,-22.253414,121.261887,14.593198,0.117281,0.122985,-0.513368,-0.841174,-21.193186,105.979393,-1.773964,-0.290368,-0.281194,0.735678,0.543502,-12.505518,123.495850,-0.076814,-0.276340,0.908463,-0.019301,-0.312983,0.338928,121.885254,9.924035,-0.370460,0.773984,-0.277680,-0.431974,10.936330,129.857559,0.498404,-0.243122,-0.085014,-0.104000,-0.960650,18.834501,137.335281,-19.104277,0.049501,0.027906,-0.054895,-0.996874,-0.576875,132.478790,-16.833181,0.052704,0.987361,0.140079,0.052144,-7.761395,83.828072,17.762411,0.055196,0.980235,0.016378,0.189272,-10.889939,50.425869,7.897223,0.000156,0.963671,0.059070,0.260480,-15.470451,5.820870,5.517307,-0.082598,0.979240,-0.103885,-0.153216,9.480246,84.947983,14.196864,-0.060058,0.960028,-0.247634,-0.115834,16.250233,51.211105,20.426416,-0.043960,0.957029,-0.146022,-0.246660,24.004158,12.139445,41.151588,0.000156,0.963671,0.059070,0.260480,-8.652825,1.632522,-6.479606,-0.043960,0.957029,-0.146022,-0.246660,18.822618,2.687376,31.572536
651,5.425000,-0.040134,0.990808,-0.074610,-0.105463,0.992786,84.356827,15.985110,-0.002481,0.984132,-0.062286,-0.166126,0.303695,91.486229,14.976914,-0.093994,0.973498,-0.082729,-0.191369,-0.146809,108.963600,12.832067,0.043487,0.992193,0.065719,-0.096664,-4.035315,126.509567,10.566032,0.069601,0.996371,-0.048260,-0.008429,-3.095263,139.114975,10.522096,0.009107,0.997582,-0.015275,-0.067190,-6.145102,120.782089,12.606385,-0.350175,0.668826,-0.171009,0.633092,-22.265270,121.111092,14.782910,0.115020,0.120336,-0.517344,-0.839431,-21.214890,105.756149,-1.516940,-0.285383,-0.282239,0.736699,0.544218,-12.662604,123.345993,0.112173,-0.279033,0.905739,-0.019210,-0.318448,0.269073,121.849892,9.867771,-0.375747,0.768484,-0.278858,-0.436445,10.705522,129.874588,0.307953,-0.243611,-0.099424,-0.105781,-0.958947,18.252726,137.364380,-19.427937,0.046829,0.024825,-0.067382,-0.996319,-1.027617,132.305542,-16.626930,0.053055,0.987549,0.140597,0.046529,-7.603598,83.794113,17.881414,0.056068,0.980669,0.016792,0.186717,-10.810438,50.404667,7.998178,0.000103,0.963837,0.059460,0.259776,-15.466778,5.809626,5.579193,-0.081197,0.978347,-0.103597,-0.159722,9.589169,84.919540,14.088806,-0.059637,0.959099,-0.249012,-0.120689,16.302179,51.162434,20.270260,-0.044141,0.955532,-0.146238,-0.252241,24.137749,12.147697,41.071827,0.000103,0.963837,0.059460,0.259776,-8.664770,1.632382,-6.430458,-0.044141,0.955532,-0.146238,-0.252241,18.836990,2.689157,31.564653
652,5.433333,-0.040811,0.990050,-0.075159,-0.111742,1.133851,84.330574,15.997767,-0.004111,0.983109,-0.063034,-0.171777,0.427839,91.457993,14.987269,-0.097165,0.971974,-0.084228,-0.196805,-0.095969,108.932755,12.829013,0.042596,0.992055,0.061705,-0.101023,-4.117927,126.447701,10.555898,0.070492,0.996223,-0.049397,-0.011412,-3.219447,139.033203,10.410776,0.006276,0.997262,-0.017057,-0.071688,-6.169036,120.713600,12.637059,-0.354225,0.669516,-0.168989,0.630648,-22.270287,120.957039,14.959892,0.112091,0.117398,-0.521096,-0.837922,-21.230467,105.545555,-1.287185,-0.278540,-0.281664,0.738688,0.545362,-12.803870,123.200966,0.281109,-0.281591,0.903100,-0.019608,-0.323625,0.206802,121.812370,9.822245,-0.380478,0.763271,-0.279186,-0.441259,10.488428,129.880829,0.132393,-0.243094,-0.113168,-0.106781,-0.957443,17.685770,137.378021,-19.730959,0.046199,0.021102,-0.081125,-0.995409,-1.462802,132.156113,-16.414768,0.053435,0.987647,0.141459,0.041086,-7.437499,83.765915,18.003622,0.056881,0.980999,0.017575,0.184654,-10.722004,50.396313,8.078965,0.000220,0.964026,0.059390,0.259089,-15.441695,5.811924,5.587409,-0.079629,0.977529,-0.103350,-0.165578,9.705201,84.895233,13.991913,-0.059062,0.958314,-0.250270,-0.124541,16.345917,51.116909,20.135414,-0.044302,0.954459,-0.146399,-0.256151,24.228043,12.152449,41.013481,0.000220,0.964026,0.059390,0.259089,-8.657706,1.632295,-6.431590,-0.044302,0.954459,-0.146399,-0.256151,18.844751,2.689028,31.557686
653,5.441667,-0.041338,0.989269,-0.075566,-0.118015,1.269333,84.292068,16.004705,-0.005606,0.982119,-0.063678,-0.177074,0.548723,91.417976,14.993842,-0.100074,0.970549,-0.085509,-0.201764,-0.042857,108.901123,12.824124,0.041895,0.991901,0.057913,-0.104989,-4.186600,126.387405,10.549034,0.070882,0.996091,-0.050755,-0.014212,-3.324506,138.949478,10.308806,0.003016,0.996913,-0.018961,-0.076134,-6.183653,120.647301,12.665958,-0.357286,0.670146,-0.167203,0.628725,-22.264517,120.792114,15.133819,0.107339,0.113290,-0.525225,-0.836530,-21.235630,105.343567,-1.078708,-0.269658,-0.280352,0.742289,0.545614,-12.939575,123.070801,0.428413,-0.284040,0.900544,-0.020035,-0.328543,0.156200,121.774437,9.781910,-0.384658,0.758251,-0.278684,-0.446574,10.288381,129.883545,-0.030667,-0.241980,-0.126491,-0.107165,-0.956013,17.130770,137.380737,-20.019077,0.046308,0.017013,-0.095461,-0.994210,-1.883255,132.026276,-16.196215,0.053633,0.987733,0.142393,0.035089,-7.275833,83.727936,18.119495,0.057769,0.981203,0.018224,0.183224,-10.631384,50.378345,8.151439,0.000182,0.964175,0.059554,0.258496,-15.421918,5.805194,5.595002,-0.078064,0.976763,-0.103269,-0.170810,9.814499,84.856201,13.889915,-0.058070,0.957524,-0.251767,-0.128019,16.380899,51.059448,20.011925,-0.044653,0.953966,-0.146318,-0.257964,24.268930,12.152043,40.993919,0.000182,0.964175,0.059554,0.258496,-8.651588,1.630469,-6.433411,-0.044653,0.953966,-0.146318,-0.257964,18.850880,2.688148,31.558466
654,5.450000,-0.042137,0.988460,-0.076040,-0.124050,1.420975,84.253632,16.018692,-0.007186,0.981138,-0.064606,-0.182052,0.681972,91.377541,15.006974,-0.103165,0.969135,-0.086757,-0.206416,0.018383,108.866440,12.817137,0.040760,0.991741,0.054572,-0.108675,-4.252475,126.322189,10.542595,0.071229,0.995939,-0.052502,-0.016605,-3.435620,138.872330,10.220243,0.000273,0.996552,-0.020626,-0.080368,-6.194050,120.575294,12.692456,-0.361247,0.671151,-0.164585,0.626074,-22.253635,120.638069,15.298395,0.104288,0.110368,-0.528530,-0.835224,-21.246277,105.147591,-0.875425,-0.263157,-0.278405,0.744012,0.547434,-13.063291,122.926376,0.579082,-0.286321,0.897963,-0.019749,-0.333605,0.110143,121.733437,9.743275,-0.388588,0.753404,-0.277991,-0.451777,10.090919,129.885147,-0.188433,-0.241598,-0.139653,-0.107223,-0.954270,16.587481,137.380508,-20.292578,0.044689,0.012467,-0.109199,-0.992937,-2.285440,131.905212,-15.972020,0.054127,0.987756,0.143386,0.029134,-7.097235,83.685234,18.238461,0.058580,0.981363,0.018843,0.182045,-10.544267,50.359215,8.222911,0.000332,0.964338,0.059840,0.257822,-15.398960,5.796597,5.604540,-0.076182,0.976295,-0.103178,-0.174352,9.939185,84.822029,13.798923,-0.057348,0.956949,-0.253122,-0.129955,16.398985,51.003666,19.914978,-0.045308,0.953769,-0.146046,-0.258732,24.281548,12.150225,40.998764,0.000332,0.964338,0.059840,0.257822,-8.645744,1.628812,-6.435886,-0.045308,0.953769,-0.146046,-0.258732,18.855194,2.688341,31.566071
655,5.458333,-0.042675,0.987746,-0.075857,-0.129544,1.550140,84.220543,16.006153,-0.008575,0.980205,-0.064997,-0.186813,0.798183,91.344193,15.002197,-0.106091,0.967753,-0.087861,-0.210901,0.073598,108.824966,12.812039,0.039753,0.991535,0.051774,-0.112239,-4.317241,126.251534,10.542243,0.071359,0.995761,-0.054842,-0.018961,-3.540719,138.796417,10.151310,-0.001692,0.996242,-0.022115,-0.083731,-6.205749,120.498398,12.722443,-0.364610,0.671515,-0.163121,0.624115,-22.247292,120.503807,15.437998,0.101386,0.107568,-0.531806,-0.833866,-21.240307,104.961609,-0.686161,-0.257353,-0.276002,0.747205,0.547063,-13.169638,122.795990,0.717987,-0.288456,0.895468,-0.019243,-0.338468,0.063393,121.685722,9.710801,-0.392004,0.748863,-0.276693,-0.457142,9.897913,129.878845,-0.332125,-0.242149,-0.152334,-0.106930,-0.952221,16.056322,137.369507,-20.544165,0.040225,0.008198,-0.122519,-0.991617,-2.669381,131.787842,-15.748927,0.054372,0.987847,0.143679,0.023642,-6.942690,83.650246,18.320677,0.059437,0.981462,0.019582,0.181150,-10.461540,50.331963,8.304349,0.000269,0.964429,0.060329,0.257367,-15.381757,5.780974,5.611458,-0.074527,0.975778,-0.103744,-0.177594,10.042969,84.790833,13.691628,-0.056582,0.956602,-0.254192,-0.130755,16.417507,50.963211,19.845844,-0.045908,0.953844,-0.145770,-0.258505,24.263235,12.150696,41.018562,0.000269,0.964429,0.060329,0.257367,-8.637797,1.626921,-6.438903,-0.045908,0.953844,-0.145770,-0.258505,18.849501,2.691344,31.576078
656,5.466667,-0.043434,0.986929,-0.076437,-0.135063,1.705382,84.177605,16.020145,-0.010360,0.979266,-0.065639,-0.191371,0.935915,91.299026,15.013695,-0.108921,0.966411,-0.089000,-0.215092,0.134664,108.787666,12.815435,0.038076,0.991426,0.047737,-0.115528,-4.372297,126.184891,10.548180,0.071715,0.995608,-0.056441,-0.020896,-3.656967,138.712524,10.060650,-0.004354,0.995883,-0.024347,-0.087206,-6.209513,120.426193,12.757318,-0.368241,0.672302,-0.160251,0.621874,-22.231201,120.354187,15.586734,0.099532,0.105650,-0.534802,-0.832417,-21.230038,104.786064,-0.512752,-0.252551,-0.275476,0.751061,0.544278,-13.268432,122.673325,0.849689,-0.290428,0.893194,-0.019174,-0.342765,0.025853,121.641449,9.687261,-0.395566,0.744225,-0.275267,-0.462476,9.727962,129.868622,-0.456101,-0.243650,-0.164544,-0.107028,-0.949792,15.540640,137.360062,-20.769981,0.033647,0.001950,-0.131871,-0.990694,-3.027819,131.656418,-15.530613,0.055130,0.987781,0.144706,0.017576,-6.760531,83.603493,18.430353,0.060033,0.981498,0.020047,0.180708,-10.391193,50.311737,8.365829,0.000208,0.964581,0.060658,0.256719,-15.357410,5.768806,5.624572,-0.072577,0.975365,-0.103997,-0.180499,10.171294,84.751717,13.609936,-0.055718,0.956240,-0.255345,-0.131529,16.434944,50.907707,19.787874,-0.046237,0.954087,-0.145201,-0.257870,24.235893,12.139249,41.057629,0.000208,0.964581,0.060658,0.256719,-8.627851,1.624279,-6.437113,-0.046237,0.954087,-0.145201,-0.257870,18.838078,2.690309,31.595633
657,5.475000,-0.043897,0.986202,-0.076752,-0.139956,1.833093,84.134521,16.026014,-0.011566,0.978437,-0.066203,-0.195308,1.051418,91.254654,15.019875,-0.111605,0.965196,-0.090037,-0.218709,0.195420,108.747910,12.812773,0.037047,0.991250,0.044683,-0.118548,-4.420491,126.116966,10.548728,0.071174,0.995463,-0.058746,-0.023170,-3.746476,138.639252,9.987332,-0.006558,0.995527,-0.025915,-0.090615,-6.210175,120.352852,12.782624,-0.370814,0.672834,-0.159201,0.620038,-22.211355,120.216835,15.723549,0.098803,0.103980,-0.537264,-0.831128,-21.227207,104.604698,-0.334315,-0.251495,-0.274898,0.752017,0.543739,-13.356942,122.532341,0.973781,-0.292274,0.890960,-0.018664,-0.347013,-0.005306,121.595047,9.661987,-0.399078,0.739671,-0.274198,-0.467374,9.566462,129.857742,-0.575903,-0.245904,-0.175943,-0.107504,-0.947110,15.049773,137.346832,-20.982010,0.025577,-0.006384,-0.137329,-0.990175,-3.360745,131.508179,-15.339711,0.055329,0.987775,0.145230,0.012161,-6.608363,83.560272,18.520500,0.060853,0.981652,0.020704,0.179521,-10.307109,50.280678,8.440585,0.000519,0.964699,0.061234,0.256137,-15.338017,5.749050,5.634320,-0.070897,0.974806,-0.104742,-0.183726,10.274549,84.708763,13.531528,-0.054942,0.956128,-0.256138,-0.131126,16.453888,50.858776,19.761406,-0.046994,0.954557,-0.144226,-0.256538,24.187712,12.119028,41.107845,0.000519,0.964699,0.061234,0.256137,-8.624161,1.618113,-6.440770,-0.046994,0.954557,-0.144226,-0.256538,18.825474,2.686982,31.608835
658,5.483333,-0.044447,0.985484,-0.077196,-0.144518,1.966616,84.096024,16.034321,-0.013104,0.977603,-0.066671,-0.199186,1.171559,91.214462,15.026697,-0.114264,0.963952,-0.091236,-0.222297,0.250414,108.705200,12.817677,0.035872,0.991066,0.041722,-0.121492,-4.474678,126.044617,10.551743,0.071057,0.995289,-0.060948,-0.025219,-3.845134,138.569504,9.919162,-0.008927,0.995128,-0.027985,-0.094112,-6.216606,120.276054,12.811751,-0.374166,0.673411,-0.156636,0.618047,-22.195574,120.072685,15.867317,0.099261,0.103293,-0.539853,-0.829480,-21.209967,104.435013,-0.165591,-0.252089,-0.275035,0.753458,0.541395,-13.446067,122.405563,1.093278,-0.294143,0.888925,-0.018111,-0.350662,-0.042539,121.544144,9.640839,-0.402409,0.735240,-0.273818,-0.471713,9.410717,129.845642,-0.675475,-0.248581,-0.186411,-0.108118,-0.944335,14.591670,137.319962,-21.165833,0.016869,-0.016407,-0.140266,-0.989834,-3.655161,131.348175,-15.164988,0.056043,0.987699,0.145780,0.007674,-6.451087,83.520081,18.607443,0.061365,0.981756,0.021273,0.178708,-10.244160,50.257248,8.507264,0.000568,0.964854,0.061610,0.255460,-15.313122,5.733389,5.646814,-0.069161,0.974534,-0.105442,-0.185427,10.384319,84.671959,13.461198,-0.054229,0.956044,-0.256795,-0.130749,16.465521,50.815254,19.750832,-0.048009,0.955023,-0.143218,-0.255178,24.136824,12.098774,41.161953,0.000568,0.964854,0.061610,0.255460,-8.615331,1.612509,-6.440626,-0.048009,0.955023,-0.143218,-0.255178,18.814560,2.683044,31.624353
659,5.491667,-0.044680,0.984833,-0.077732,-0.148542,2.092065,84.058937,16.044439,-0.014680,0.976807,-0.067090,-0.202807,1.288465,91.175888,15.033007,-0.116123,0.962825,-0.092509,-0.225665,0.301376,108.670929,12.823396,0.033902,0.990907,0.039049,-0.124216,-4.505427,125.986359,10.545918,0.070545,0.995143,-0.063249,-0.026695,-3.939990,138.495010,9.853214,-0.011467,0.994806,-0.028936,-0.096915,-6.209464,120.217178,12.833084,-0.376425,0.673633,-0.155850,0.616632,-22.169323,119.937225,15.981083,0.098866,0.101857,-0.542513,-0.827968,-21.186071,104.259323,-0.012636,-0.252005,-0.275374,0.754567,0.539715,-13.523093,122.278168,1.191599,-0.295986,0.886920,-0.017606,-0.354198,-0.062734,121.500328,9.615456,-0.405968,0.730658,-0.273821,-0.475764,9.274043,129.839539,-0.776247,-0.250746,-0.196480,-0.108633,-0.941659,14.153923,137.297958,-21.346167,0.010148,-0.025150,-0.141298,-0.989596,-3.936553,131.199356,-14.997424,0.056038,0.987684,0.146062,0.002519,-6.304467,83.486343,18.686558,0.062281,0.982018,0.022067,0.176848,-10.149595,50.229202,8.587291,0.000596,0.964974,0.061991,0.254917,-15.291743,5.718604,5.652033,-0.067608,0.974382,-0.106105,-0.186416,10.488598,84.631538,13.402322,-0.053686,0.956101,-0.257318,-0.129525,16.479126,50.769787,19.751545,-0.048773,0.955585,-0.142003,-0.253600,24.081902,12.072190,41.221172,0.000596,0.964974,0.061991,0.254917,-8.606551,1.607990,-6.445877,-0.048773,0.955585,-0.142003,-0.253600,18.799637,2.678788,31.639418
660,5.500000,-0.044876,0.984250,-0.078142,-0.152093,2.219008,84.026398,16.057566,-0.016096,0.976078,-0.067701,-0.205986,1.408102,91.142166,15.043667,-0.118361,0.961739,-0.093584,-0.228670,0.360539,108.633469,12.826583,0.032499,0.990749,0.036705,-0.126540,-4.538663,125.922646,10.546458,0.069724,0.995004,-0.065729,-0.028010,-4.020912,138.427979,9.799703,-0.013546,0.994448,-0.030143,-0.099906,-6.201976,120.150414,12.855776,-0.379389,0.674350,-0.153868,0.614525,-22.140991,119.810081,16.101898,0.099139,0.100491,-0.544662,-0.826690,-21.173586,104.099777,0.139052,-0.251822,-0.275075,0.755853,0.538150,-13.592452,122.154526,1.279517,-0.297926,0.884998,-0.019112,-0.357285,-0.081916,121.454742,9.596109,-0.410301,0.726047,-0.274868,-0.478494,9.145885,129.812042,-0.878067,-0.253466,-0.205928,-0.108655,-0.938905,13.750352,137.271591,-21.510969,0.004998,-0.032326,-0.142868,-0.989201,-4.188622,131.065750,-14.838555,0.057191,0.987559,0.146477,-0.000380,-6.158383,83.456833,18.760401,0.062614,0.982039,0.022567,0.176548,-10.112307,50.217331,8.645116,0.000676,0.965074,0.062196,0.254485,-15.276573,5.712467,5.662127,-0.066331,0.974230,-0.106844,-0.187244,10.596399,84.595963,13.354731,-0.052783,0.956119,-0.257705,-0.128988,16.515064,50.733257,19.765928,-0.049451,0.956126,-0.140668,-0.252172,24.032480,12.044907,41.282219,0.000676,0.965074,0.062196,0.254485,-8.602176,1.607043,-6.443502,-0.049451,0.956126,-0.140668,-0.252172,18.785065,2.677017,31.656445
661,5.508333,-0.045174,0.983750,-0.078387,-0.155083,2.330547,83.998291,16.071056,-0.017131,0.975422,-0.068046,-0.208875,1.511792,91.113113,15.056850,-0.120756,0.960660,-0.094688,-0.231485,0.419344,108.603600,12.838474,0.030844,0.990583,0.034009,-0.128986,-4.577364,125.864502,10.555765,0.069452,0.994813,-0.068138,-0.029677,-4.115523,138.356918,9.747892,-0.015790,0.994113,-0.031746,-0.102380,-6.198592,120.088707,12.886039,-0.381557,0.674446,-0.152873,0.613324,-22.119177,119.683708,16.214123,0.098203,0.098317,-0.547159,-0.825413,-21.143890,103.941849,0.282869,-0.250187,-0.274186,0.757366,0.537239,-13.652695,122.038208,1.358298,-0.299687,0.883152,-0.019878,-0.360326,-0.104895,121.416389,9.586652,-0.413804,0.721944,-0.276068,-0.480989,9.017653,129.795532,-0.962020,-0.254861,-0.214066,-0.108613,-0.936710,13.385403,137.236374,-21.653053,0.002026,-0.038709,-0.144675,-0.988720,-4.416919,130.946457,-14.697533,0.057315,0.987541,0.146493,-0.004184,-6.030167,83.428741,18.825039,0.063424,0.982296,0.023391,0.174716,-10.031557,50.190563,8.724092,0.000579,0.965181,0.062634,0.253974,-15.259526,5.698273,5.665514,-0.065318,0.974073,-0.107561,-0.188004,10.691260,84.567848,13.317072,-0.051864,0.956118,-0.257990,-0.128802,16.555300,50.706566,19.785770,-0.049981,0.956598,-0.139581,-0.250877,23.992815,12.022793,41.338039,0.000579,0.965181,0.062634,0.253974,-8.595657,1.605493,-6.450187,-0.049981,0.956598,-0.139581,-0.250877,18.776438,2.675946,31.675011
662,5.516667,-0.045497,0.983263,-0.078914,-0.157788,2.448468,83.976974,16.090714,-0.018644,0.974781,-0.068759,-0.211486,1.621172,91.090172,15.072070,-0.122705,0.959715,-0.095528,-0.234018,0.464985,108.581985,12.842685,0.029834,0.990421,0.031654,-0.131054,-4.611187,125.819901,10.561624,0.068641,0.994652,-0.070605,-0.031145,-4.187904,138.285034,9.700303,-0.018049,0.993780,-0.033151,-0.104772,-6.197190,120.041397,12.909341,-0.384328,0.674593,-0.151201,0.611845,-22.099169,119.570755,16.316822,0.097591,0.096242,-0.549524,-0.824158,-21.109989,103.798569,0.416443,-0.248067,-0.272884,0.759189,0.536311,-13.705246,121.932938,1.423959,-0.300977,0.881495,-0.020406,-0.363269,-0.126824,121.387718,9.574683,-0.417282,0.718111,-0.277312,-0.483002,8.901238,129.779541,-1.044959,-0.255201,-0.221383,-0.108466,-0.934932,13.052360,137.209396,-21.784491,0.001980,-0.043218,-0.147909,-0.988054,-4.627090,130.853241,-14.567329,0.058099,0.987458,0.146652,-0.006663,-5.896799,83.407417,18.891163,0.064031,0.982290,0.023970,0.174446,-9.977472,50.178837,8.790359,0.000590,0.965249,0.062747,0.253686,-15.250456,5.695960,5.672709,-0.064439,0.973943,-0.108316,-0.188547,10.793736,84.546524,13.290264,-0.050688,0.956111,-0.258119,-0.129061,16.611330,50.688671,19.818529,-0.050777,0.957070,-0.138296,-0.249628,23.955265,12.000054,41.394173,0.000590,0.965249,0.062747,0.253686,-8.593445,1.606256,-6.447804,-0.050777,0.957070,-0.138296,-0.249628,18.771944,2.677237,31.690228
663,5.525000,-0.045676,0.982877,-0.079124,-0.160021,2.556488,83.956352,16.109661,-0.019912,0.974224,-0.069201,-0.213780,1.723867,91.068832,15.090351,-0.124661,0.958796,-0.096707,-0.236258,0.515544,108.555458,12.858383,0.028871,0.990282,0.029399,-0.132831,-4.642313,125.767639,10.566228,0.067784,0.994516,-0.072779,-0.032350,-4.255222,138.213211,9.653590,-0.020006,0.993437,-0.034196,-0.107296,-6.193250,119.987595,12.933487,-0.386137,0.674467,-0.150551,0.611005,-22.075377,119.460274,16.424212,0.096440,0.093488,-0.551806,-0.823085,-21.069736,103.659058,0.553723,-0.245445,-0.271546,0.761103,0.535482,-13.743630,121.827873,1.484401,-0.302308,0.879950,-0.021110,-0.365858,-0.144581,121.351814,9.566840,-0.420064,0.714922,-0.277648,-0.485123,8.795895,129.756546,-1.116487,-0.254494,-0.227601,-0.108412,-0.933636,12.750488,137.182266,-21.895853,0.003782,-0.047040,-0.150914,-0.987420,-4.817788,130.776138,-14.452582,0.058896,0.987387,0.146732,-0.008264,-5.775970,83.387711,18.948168,0.064617,0.982088,0.024396,0.175310,-9.927888,50.167286,8.849568,0.000567,0.965320,0.062815,0.253399,-15.242796,5.693025,5.680614,-0.063893,0.973792,-0.108984,-0.189130,10.888947,84.524986,13.271152,-0.049340,0.956071,-0.258167,-0.129780,16.681929,50.672386,19.848352,-0.050841,0.957465,-0.137228,-0.248684,23.927166,11.973879,41.439610,0.000567,0.965320,0.062815,0.253399,-8.592437,1.605447,-6.444262,-0.050841,0.957465,-0.137228,-0.248684,18.760326,2.674212,31.704718
664,5.533333,-0.045776,0.982547,-0.079408,-0.161868,2.654861,83.940849,16.129179,-0.021250,0.973678,-0.069780,-0.215940,1.818252,91.052559,15.107672,-0.126130,0.957956,-0.097753,-0.238444,0.555469,108.521996,12.870402,0.026877,0.990125,0.027780,-0.134756,-4.666273,125.713470,10.567454,0.067246,0.994334,-0.075269,-0.033343,-4.338738,138.150620,9.622221,-0.021341,0.993126,-0.035238,-0.109556,-6.188345,119.933449,12.953469,-0.388923,0.674345,-0.149343,0.609667,-22.052734,119.369415,16.518353,0.097003,0.091654,-0.553492,-0.822093,-21.023529,103.528107,0.689381,-0.244170,-0.269896,0.762644,0.534707,-13.758731,121.721077,1.538486,-0.303686,0.878506,-0.021275,-0.368170,-0.159515,121.309555,9.556205,-0.422399,0.712144,-0.277789,-0.487097,8.698586,129.735916,-1.178596,-0.253490,-0.232999,-0.108358,-0.932584,12.478954,137.156189,-21.992319,0.005923,-0.049736,-0.153761,-0.986838,-4.991255,130.710281,-14.350507,0.059314,0.987347,0.146710,-0.010150,-5.666947,83.374123,18.999151,0.065324,0.982006,0.024893,0.175438,-9.866898,50.156712,8.910502,0.000609,0.965372,0.062827,0.253199,-15.235543,5.692893,5.686013,-0.063568,0.973626,-0.109724,-0.189665,10.976669,84.507576,13.259207,-0.048187,0.956174,-0.258026,-0.129737,16.760666,50.663387,19.887430,-0.051017,0.957874,-0.136116,-0.247682,23.904699,11.948246,41.482601,0.000609,0.965372,0.062827,0.253199,-8.590463,1.605442,-6.441805,-0.051017,0.957874,-0.136116,-0.247682,18.757135,2.672198,31.715006
665,5.541667,-0.046011,0.982273,-0.079662,-0.163329,2.747429,83.925438,16.151409,-0.022246,0.973218,-0.070310,-0.217735,1.905388,91.036240,15.128130,-0.127539,0.957207,-0.098691,-0.240310,0.600659,108.495918,12.883518,0.025114,0.989985,0.025413,-0.136575,-4.681312,125.667747,10.571478,0.066706,0.994193,-0.076997,-0.034663,-4.410143,138.089493,9.575108,-0.022933,0.992850,-0.036183,-0.111415,-6.176699,119.887421,12.973557,-0.390923,0.674066,-0.148987,0.608784,-22.025436,119.277718,16.600016,0.096424,0.089191,-0.555552,-0.821041,-20.974566,103.396484,0.812523,-0.242377,-0.268030,0.764260,0.534153,-13.781815,121.621773,1.583346,-0.304714,0.877178,-0.020627,-0.370517,-0.165517,121.275482,9.549982,-0.423855,0.709862,-0.277409,-0.489374,8.615819,129.724243,-1.230184,-0.252455,-0.237698,-0.108252,-0.931691,12.241269,137.127609,-22.077456,0.006760,-0.051780,-0.156171,-0.986349,-5.141804,130.651199,-14.261720,0.059825,0.987274,0.146945,-0.010894,-5.565620,83.357635,19.046444,0.065779,0.981911,0.025772,0.175670,-9.808379,50.149292,8.945860,0.000793,0.965473,0.062673,0.252849,-15.202228,5.694837,5.635552,-0.063522,0.973412,-0.110467,-0.190344,11.060478,84.493240,13.256374,-0.047052,0.956339,-0.257692,-0.129603,16.855478,50.660088,19.931149,-0.050949,0.958151,-0.135092,-0.247187,23.895777,11.919745,41.515194,0.000793,0.965473,0.062673,0.252849,-8.567840,1.602174,-6.496362,-0.050949,0.958151,-0.135092,-0.247187,18.753061,2.666509,31.723442
666,5.550000,-0.046289,0.982044,-0.079963,-0.164480,2.837526,83.915970,16.175154,-0.023422,0.972820,-0.070731,-0.219248,1.989642,91.025703,15.149289,-0.128703,0.956554,-0.099737,-0.241853,0.638884,108.467461,12.903312,0.023410,0.989830,0.023998,-0.138246,-4.695089,125.620972,10.574704,0.066102,0.994015,-0.079213,-0.035921,-4.474956,138.041031,9.549647,-0.024045,0.992583,-0.037283,-0.113185,-6.167698,119.841537,12.992936,-0.393223,0.673979,-0.148298,0.607565,-22.001791,119.202248,16.677763,0.096833,0.087296,-0.556980,-0.820229,-20.936491,103.279938,0.932688,-0.241043,-0.266574,0.765572,0.533608,-13.793720,121.525658,1.625334,-0.305660,0.876078,-0.021355,-0.372296,-0.171231,121.238411,9.547220,-0.425430,0.707848,-0.276959,-0.491177,8.548318,129.693192,-1.278266,-0.252622,-0.241718,-0.107884,-0.930653,12.034506,137.095764,-22.149559,0.006269,-0.053906,-0.157638,-0.986005,-5.275263,130.594742,-14.189628,0.060410,0.987238,0.146896,-0.011502,-5.468410,83.346024,19.090111,0.066344,0.981796,0.026164,0.176040,-9.757580,50.141602,8.996233,0.001058,0.965526,0.062681,0.252647,-15.193513,5.695671,5.640486,-0.063487,0.973241,-0.111313,-0.190737,11.143460,84.485909,13.260198,-0.045661,0.956359,-0.257218,-0.130887,16.949617,50.665558,19.989933,-0.050747,0.958400,-0.134030,-0.246841,23.894714,11.891747,41.544693,0.001058,0.965526,0.062681,0.252647,-8.566560,1.601549,-6.494996,-0.050747,0.958400,-0.134030,-0.246841,18.751375,2.662824,31.730354
667,5.558333,-0.046595,0.981848,-0.080211,-0.165435,2.916739,83.908165,16.199049,-0.024098,0.972465,-0.071007,-0.220658,2.062943,91.016922,15.171260,-0.129880,0.955911,-0.100692,-0.243364,0.684253,108.448601,12.924099,0.021901,0.989691,0.021983,-0.139816,-4.701332,125.584160,10.582166,0.065043,0.993891,-0.081017,-0.037223,-4.529399,138.001190,9.513137,-0.025618,0.992344,-0.038174,-0.114628,-6.151319,119.805267,13.015310,-0.395242,0.673899,-0.147534,0.606530,-21.972178,119.120422,16.748503,0.097155,0.085837,-0.558391,-0.819386,-20.891886,103.166199,1.036780,-0.240742,-0.264726,0.767113,0.532449,-13.800007,121.436646,1.667335,-0.306352,0.875142,-0.021687,-0.373906,-0.169483,121.211433,9.548010,-0.426351,0.706122,-0.276165,-0.493305,8.497193,129.671448,-1.315784,-0.253070,-0.245182,-0.107722,-0.929644,11.854305,137.061401,-22.212700,0.003922,-0.056482,-0.157536,-0.985889,-5.388529,130.531357,-14.133465,0.060742,0.987221,0.146819,-0.012186,-5.383136,83.335159,19.130627,0.066793,0.981803,0.026599,0.175769,-9.702137,50.131969,9.045415,0.001230,0.965653,0.062757,0.252140,-15.171453,5.693474,5.645813,-0.063656,0.973094,-0.112186,-0.190922,11.216614,84.481171,13.267472,-0.044577,0.956519,-0.256581,-0.131343,17.046791,50.675987,20.052429,-0.050497,0.958563,-0.133005,-0.246813,23.902420,11.864010,41.567112,0.001230,0.965653,0.062757,0.252140,-8.558359,1.600483,-6.497611,-0.050497,0.958563,-0.133005,-0.246813,18.750891,2.658755,31.734852
668,5.566667,-0.047053,0.981665,-0.080404,-0.166301,2.999272,83.902496,16.223898,-0.024950,0.972156,-0.071509,-0.221757,2.137632,91.010185,15.195258,-0.130856,0.955404,-0.101458,-0.244514,0.723926,108.430267,12.940228,0.020373,0.989569,0.020142,-0.141181,-4.704032,125.550995,10.587673,0.064194,0.993768,-0.082626,-0.038445,-4.579673,137.968353,9.478819,-0.027071,0.992033,-0.039273,-0.116596,-6.135694,119.772408,13.032383,-0.396782,0.673671,-0.147436,0.605801,-21.939245,119.047546,16.830729,0.097778,0.084014,-0.559735,-0.818583,-20.843904,103.058327,1.155671,-0.240999,-0.263410,0.768191,0.531430,-13.799289,121.348236,1.706166,-0.307054,0.874262,-0.021967,-0.375367,-0.165375,121.186531,9.548511,-0.427089,0.704567,-0.275812,-0.495084,8.451645,129.653336,-1.349442,-0.254015,-0.248148,-0.107525,-0.928621,11.701653,137.022644,-22.270550,0.000728,-0.059916,-0.156416,-0.985872,-5.483250,130.465027,-14.092961,0.061292,0.987182,0.146820,-0.012616,-5.294776,83.323509,19.170734,0.067090,0.981848,0.026970,0.175343,-9.656015,50.125027,9.088215,0.001610,0.965782,0.062867,0.251614,-15.146992,5.691886,5.653708,-0.063602,0.972984,-0.113042,-0.190995,11.293321,84.481483,13.277062,-0.043759,0.956743,-0.255867,-0.131375,17.131319,50.689293,20.119751,-0.050331,0.958700,-0.132070,-0.246818,23.909872,11.837930,41.587700,0.001610,0.965782,0.062867,0.251614,-8.550110,1.599587,-6.498754,-0.050331,0.958700,-0.132070,-0.246818,18.751112,2.653958,31.739351
669,5.575000,-0.047397,0.981510,-0.080666,-0.166989,3.067708,83.896629,16.247719,-0.025585,0.971906,-0.071714,-0.222712,2.199854,91.003235,15.216839,-0.131741,0.954940,-0.102293,-0.245500,0.761219,108.413551,12.962259,0.019834,0.989469,0.018683,-0.142158,-4.706203,125.519707,10.595087,0.062605,0.993684,-0.084337,-0.039501,-4.602849,137.939987,9.452065,-0.028337,0.991795,-0.040567,-0.117876,-6.121116,119.741951,13.051491,-0.398584,0.673314,-0.147269,0.605054,-21.912622,118.983055,16.893057,0.098837,0.082882,-0.560799,-0.817843,-20.793520,102.955231,1.259150,-0.241285,-0.262375,0.769000,0.530640,-13.788307,121.261955,1.743524,-0.307664,0.873501,-0.022409,-0.376612,-0.160890,121.162842,9.553118,-0.427384,0.703462,-0.275376,-0.496641,8.413474,129.633057,-1.375794,-0.254723,-0.250394,-0.107508,-0.927826,11.582935,136.981003,-22.316769,-0.002244,-0.063564,-0.154997,-0.985865,-5.553746,130.398590,-14.067678,0.061412,0.987165,0.146817,-0.013331,-5.221726,83.313560,19.206715,0.067465,0.981962,0.027320,0.174509,-9.598501,50.116051,9.127708,0.002051,0.965927,0.063066,0.251007,-15.119794,5.689156,5.661139,-0.063890,0.972823,-0.113976,-0.191163,11.357142,84.479698,13.288721,-0.042563,0.956835,-0.255125,-0.132537,17.227808,50.704910,20.189138,-0.050748,0.958756,-0.131003,-0.247084,23.921873,11.810216,41.605099,0.002051,0.965927,0.063066,0.251007,-8.541483,1.599581,-6.502304,-0.050748,0.958756,-0.131003,-0.247084,18.758017,2.647302,31.739813
670,5.583333,-0.047800,0.981369,-0.080999,-0.167540,3.130638,83.890846,16.268887,-0.026057,0.971697,-0.071744,-0.223560,2.255708,90.996124,15.234806,-0.132473,0.954522,-0.103151,-0.246371,0.798999,108.402374,12.984602,0.018042,0.989332,0.017601,-0.143480,-4.702641,125.495125,10.600003,0.061834,0.993530,-0.086132,-0.040690,-4.650685,137.921661,9.436483,-0.029413,0.991584,-0.041501,-0.119057,-6.103020,119.718842,13.068140,-0.400155,0.673136,-0.147167,0.604240,-21.883402,118.930565,16.949320,0.100011,0.081861,-0.561675,-0.817202,-20.752192,102.866661,1.353364,-0.242293,-0.261210,0.769791,0.529609,-13.779250,121.186340,1.773677,-0.308114,0.873008,-0.024602,-0.377251,-0.151568,121.144569,9.556819,-0.428481,0.702131,-0.275585,-0.497463,8.398120,129.595230,-1.406505,-0.255983,-0.252302,-0.107356,-0.926980,11.488855,136.937393,-22.361282,-0.004146,-0.066671,-0.152633,-0.986023,-5.614741,130.330399,-14.051411,0.061678,0.987170,0.146681,-0.013263,-5.154870,83.302681,19.237865,0.067769,0.982039,0.027696,0.173895,-9.549222,50.104679,9.168160,0.002508,0.966057,0.063225,0.250462,-15.093454,5.683332,5.667250,-0.064217,0.972741,-0.114921,-0.190906,11.416145,84.479019,13.299908,-0.040788,0.956615,-0.254582,-0.135691,17.319302,50.722282,20.260721,-0.049355,0.959086,-0.130150,-0.246533,23.925634,11.789471,41.634621,0.002508,0.966057,0.063225,0.250462,-8.532445,1.595300,-6.506062,-0.049355,0.959086,-0.130150,-0.246533,18.749292,2.652731,31.751616
671,5.591667,-0.048072,0.981245,-0.081319,-0.168034,3.186228,83.889076,16.289932,-0.026677,0.971510,-0.071867,-0.224257,2.306165,90.993210,15.252447,-0.133078,0.954181,-0.103882,-0.247059,0.826066,108.393188,13.004616,0.016990,0.989235,0.017031,-0.144343,-4.703973,125.474632,10.604711,0.060726,0.993404,-0.088008,-0.041421,-4.682256,137.904785,9.430881,-0.030400,0.991378,-0.042285,-0.120242,-6.092404,119.699646,13.082621,-0.402065,0.672698,-0.146876,0.603531,-21.861639,118.884430,17.003328,0.101449,0.080798,-0.562647,-0.816461,-20.700151,102.783348,1.447992,-0.242725,-0.260380,0.770392,0.528946,-13.763893,121.116722,1.796320,-0.308409,0.872551,-0.026236,-0.377955,-0.148007,121.129333,9.560975,-0.429433,0.701070,-0.276332,-0.497724,8.378449,129.563141,-1.433376,-0.256551,-0.253725,-0.107407,-0.926428,11.420926,136.894928,-22.398838,-0.004717,-0.068727,-0.151281,-0.986088,-5.655262,130.267166,-14.043517,0.061918,0.987236,0.146145,-0.013161,-5.095895,83.297958,19.267754,0.068111,0.982272,0.027802,0.172426,-9.505531,50.091042,9.234192,0.002972,0.966187,0.063636,0.249847,-15.083313,5.674386,5.727044,-0.064158,0.972731,-0.115690,-0.190509,11.468351,84.480186,13.312110,-0.039281,0.956261,-0.254116,-0.139453,17.374479,50.735317,20.327717,-0.049241,0.959220,-0.129370,-0.246448,23.930317,11.770400,41.658615,0.002972,0.966187,0.063636,0.249847,-8.540757,1.594670,-6.458980,-0.049241,0.959220,-0.129370,-0.246448,18.750340,2.651411,31.761133
672,5.600000,-0.048484,0.981106,-0.081742,-0.168518,3.242932,83.891975,16.312370,-0.027327,0.971359,-0.071946,-0.224806,2.355513,90.994545,15.270392,-0.133602,0.953901,-0.104622,-0.247542,0.851747,108.387650,13.026574,0.016354,0.989147,0.016375,-0.145098,-4.703506,125.458443,10.609179,0.059626,0.993287,-0.089623,-0.042344,-4.701854,137.887558,9.421810,-0.030976,0.991226,-0.042488,-0.121268,-6.081786,119.684921,13.096174,-0.403469,0.672410,-0.146926,0.602901,-21.841803,118.853485,17.050392,0.102410,0.079635,-0.563404,-0.815933,-20.663651,102.718033,1.531959,-0.242835,-0.259387,0.771278,0.528091,-13.753855,121.061417,1.817160,-0.308824,0.871923,-0.024337,-0.379191,-0.142739,121.117851,9.566829,-0.428645,0.700603,-0.277029,-0.498673,8.344917,129.579514,-1.436130,-0.254699,-0.254384,-0.108011,-0.926688,11.375318,136.850220,-22.424603,-0.003786,-0.069890,-0.150017,-0.986203,-5.680349,130.211670,-14.041069,0.061958,0.987204,0.146296,-0.013667,-5.035609,83.295799,19.299124,0.068368,0.982398,0.027976,0.171575,-9.453162,50.092304,9.257710,0.003447,0.966376,0.063497,0.249147,-15.053807,5.679670,5.736132,-0.064453,0.972592,-0.116706,-0.190503,11.521472,84.488152,13.325615,-0.039332,0.957098,-0.252979,-0.135716,17.460543,50.762455,20.405273,-0.049385,0.959363,-0.128651,-0.246238,23.924519,11.746094,41.670048,0.003447,0.966376,0.063497,0.249147,-8.533304,1.593490,-6.459540,-0.049385,0.959363,-0.128651,-0.246238,18.747816,2.642245,31.756931
673,5.608333,-0.048717,0.980996,-0.082048,-0.168945,3.292831,83.895241,16.335857,-0.027932,0.971245,-0.071972,-0.225216,2.400930,90.996758,15.290538,-0.134167,0.953662,-0.105325,-0.247859,0.875223,108.389793,13.051155,0.015754,0.989090,0.015425,-0.145654,-4.705898,125.449768,10.617013,0.058722,0.993191,-0.090924,-0.043094,-4.723997,137.871521,9.409230,-0.031845,0.991105,-0.042884,-0.121895,-6.074335,119.677269,13.111801,-0.404535,0.672064,-0.147278,0.602487,-21.827608,118.820358,17.087374,0.102946,0.078340,-0.564183,-0.815452,-20.633202,102.652290,1.604185,-0.243194,-0.257755,0.771671,0.528150,-13.749632,121.006866,1.831500,-0.308800,0.871966,-0.027958,-0.378863,-0.139639,121.114418,9.576861,-0.430168,0.699745,-0.278063,-0.497990,8.356610,129.531448,-1.453665,-0.254732,-0.254848,-0.108364,-0.926510,11.358886,136.818832,-22.440390,-0.001614,-0.070255,-0.150250,-0.986147,-5.687685,130.161453,-14.043373,0.061968,0.987193,0.146343,-0.013914,-4.982769,83.296654,19.330265,0.068551,0.982649,0.028295,0.170001,-9.403568,50.094223,9.286745,0.003788,0.966581,0.063370,0.248377,-15.021056,5.685470,5.743186,-0.064409,0.972664,-0.117514,-0.189648,11.568430,84.493835,13.341449,-0.037915,0.956817,-0.252429,-0.139079,17.508577,50.780975,20.481117,-0.049340,0.959549,-0.127935,-0.245895,23.919380,11.729818,41.698067,0.003788,0.966581,0.063370,0.248377,-8.523040,1.594058,-6.462725,-0.049340,0.959549,-0.127935,-0.245895,18.746168,2.642091,31.768354
674,5.616667,-0.048942,0.980895,-0.082466,-0.169261,3.341144,83.899315,16.364449,-0.028355,0.971168,-0.072024,-0.225479,2.444718,90.999512,15.314084,-0.134772,0.953454,-0.105999,-0.248046,0.903474,108.392395,13.076607,0.014662,0.989020,0.014032,-0.146380,-4.704299,125.441315,10.626323,0.058407,0.993078,-0.091855,-0.044127,-4.756276,137.852188,9.389420,-0.032311,0.990963,-0.043845,-0.122583,-6.063038,119.669464,13.127893,-0.405543,0.672087,-0.147270,0.601786,-21.809870,118.802475,17.126732,0.103412,0.076917,-0.564631,-0.815219,-20.616737,102.608452,1.670588,-0.242913,-0.256289,0.772104,0.528361,-13.744956,120.966194,1.839560,-0.309094,0.871540,-0.026707,-0.379692,-0.131942,121.111717,9.588996,-0.429456,0.699657,-0.278827,-0.498301,8.337934,129.547501,-1.447482,-0.251754,-0.254725,-0.109737,-0.927196,11.353765,136.789917,-22.447821,0.001513,-0.069997,-0.150876,-0.986070,-5.681287,130.110870,-14.050308,0.061969,0.987169,0.146482,-0.014139,-4.932182,83.298615,19.364712,0.068761,0.982861,0.028576,0.168643,-9.355423,50.099052,9.312821,0.004508,0.966736,0.063256,0.247791,-14.991875,5.694312,5.749109,-0.064471,0.972643,-0.118243,-0.189284,11.614470,84.500008,13.364187,-0.036496,0.956615,-0.251859,-0.141858,17.565369,50.799728,20.554096,-0.049562,0.959744,-0.127198,-0.245469,23.909294,11.713278,41.726120,0.004508,0.966736,0.063256,0.247791,-8.515377,1.595464,-6.465741,-0.049562,0.959744,-0.127198,-0.245469,18.745279,2.640817,31.777674
675,5.625000,-0.049238,0.980806,-0.082816,-0.169519,3.390012,83.905029,16.392550,-0.029033,0.971092,-0.072290,-0.225636,2.488289,91.003975,15.338233,-0.135164,0.953314,-0.106597,-0.248114,0.921533,108.392860,13.097564,0.013880,0.988971,0.013546,-0.146837,-4.704747,125.433327,10.630991,0.057913,0.992967,-0.093066,-0.044746,-4.778904,137.838165,9.385746,-0.032575,0.990889,-0.044073,-0.123030,-6.057016,119.662521,13.138474,-0.407132,0.672204,-0.146525,0.600763,-21.799723,118.788651,17.152044,0.104337,0.076186,-0.564857,-0.815013,-20.603842,102.571442,1.720440,-0.242631,-0.254985,0.772021,0.529242,-13.738457,120.929504,1.844046,-0.309442,0.871443,-0.027277,-0.379591,-0.127891,121.107590,9.597418,-0.429522,0.699480,-0.279756,-0.497971,8.337476,129.545303,-1.441048,-0.249198,-0.254486,-0.111311,-0.927765,11.365465,136.769791,-22.445822,0.005175,-0.069182,-0.151899,-0.985958,-5.661193,130.057739,-14.055583,0.061899,0.987134,0.146718,-0.014471,-4.881265,83.300713,19.397739,0.068984,0.983077,0.028758,0.167254,-9.303088,50.105370,9.331281,0.005017,0.966904,0.063162,0.247147,-14.961436,5.704326,5.756201,-0.064587,0.972618,-0.119110,-0.188829,11.661289,84.509346,13.387362,-0.035913,0.956969,-0.250952,-0.141225,17.627665,50.824512,20.636597,-0.050526,0.959844,-0.126407,-0.245291,23.896832,11.693314,41.748135,0.005017,0.966904,0.063162,0.247147,-8.505851,1.600038,-6.467893,-0.050526,0.959844,-0.126407,-0.245291,18.747061,2.633397,31.780893
676,5.633333,-0.049372,0.980761,-0.082948,-0.169676,3.434864,83.911003,16.418617,-0.029807,0.971013,-0.072560,-0.225788,2.530764,91.009438,15.362922,-0.135471,0.953192,-0.107093,-0.248201,0.935271,108.393356,13.119799,0.012814,0.988939,0.012767,-0.147213,-4.705815,125.426987,10.639767,0.057833,0.992869,-0.094001,-0.045050,-4.809973,137.824097,9.380116,-0.032839,0.990789,-0.044825,-0.123489,-6.052807,119.657150,13.152322,-0.407797,0.672032,-0.146684,0.600465,-21.791265,118.778549,17.181490,0.104529,0.074882,-0.565349,-0.814768,-20.587124,102.542091,1.770794,-0.241914,-0.254237,0.772255,0.529587,-13.735810,120.905769,1.845763,-0.309760,0.871342,-0.027643,-0.379536,-0.125463,121.104256,9.609113,-0.429586,0.699480,-0.280753,-0.497355,8.334853,129.545502,-1.430527,-0.246608,-0.254162,-0.113257,-0.928310,11.387910,136.757446,-22.435984,0.008458,-0.067702,-0.152923,-0.985880,-5.626066,130.000656,-14.060843,0.062053,0.987096,0.146922,-0.014331,-4.835239,83.305046,19.426704,0.069138,0.983118,0.028830,0.166938,-9.266334,50.115215,9.346127,0.005535,0.967051,0.062879,0.246633,-14.938289,5.716452,5.764236,-0.064503,0.972585,-0.119752,-0.188618,11.704967,84.516960,13.410532,-0.035202,0.957107,-0.250323,-0.141580,17.672190,50.842094,20.705214,-0.050632,0.960074,-0.125809,-0.244676,23.880703,11.678040,41.773724,0.005535,0.967051,0.062879,0.246633,-8.501010,1.601508,-6.465928,-0.050632,0.960074,-0.125809,-0.244676,18.743338,2.631086,31.788317
677,5.641667,-0.049555,0.980727,-0.082914,-0.169837,3.476104,83.913765,16.441866,-0.030482,0.970955,-0.072781,-0.225875,2.569322,91.012024,15.387267,-0.135745,0.953105,-0.107496,-0.248212,0.948908,108.392624,13.142284,0.011815,0.988915,0.011974,-0.147524,-4.704863,125.420425,10.651214,0.057901,0.992772,-0.094851,-0.045321,-4.837222,137.809723,9.376561,-0.032997,0.990770,-0.044989,-0.123540,-6.047535,119.651237,13.167554,-0.408077,0.672057,-0.146814,0.600215,-21.785254,118.768295,17.198681,0.104577,0.074159,-0.565504,-0.814721,-20.584326,102.521111,1.799044,-0.241807,-0.253379,0.772323,0.529948,-13.735572,120.885979,1.849102,-0.310181,0.871328,-0.028363,-0.379171,-0.121315,121.100426,9.623317,-0.429884,0.699491,-0.281762,-0.496510,8.339510,129.544937,-1.413441,-0.244549,-0.253698,-0.115363,-0.928722,11.418743,136.754654,-22.415838,0.010629,-0.066273,-0.154898,-0.985648,-5.582947,129.943848,-14.066374,0.062311,0.987052,0.147140,-0.013958,-4.792715,83.304802,19.452881,0.069160,0.983237,0.028925,0.166211,-9.237812,50.121712,9.356323,0.005665,0.967219,0.062634,0.246032,-14.912870,5.723715,5.769951,-0.064187,0.972681,-0.120240,-0.187919,11.744923,84.522728,13.430853,-0.034057,0.956818,-0.249991,-0.144377,17.691645,50.853218,20.766867,-0.050520,0.960366,-0.125230,-0.243848,23.859428,11.667111,41.806324,0.005665,0.967219,0.062634,0.246032,-8.492272,1.601687,-6.466596,-0.050520,0.960366,-0.125230,-0.243848,18.736177,2.633925,31.801218
678,5.650000,-0.049612,0.980689,-0.083038,-0.169976,3.511962,83.916496,16.468163,-0.031129,0.970895,-0.073169,-0.225923,2.603918,91.014374,15.412085,-0.136069,0.953033,-0.107717,-0.248216,0.958311,108.391037,13.159265,0.011350,0.988888,0.011193,-0.147804,-4.708301,125.413918,10.663771,0.057928,0.992671,-0.095663,-0.045789,-4.855611,137.793671,9.372630,-0.033237,0.990747,-0.045085,-0.123627,-6.046531,119.644424,13.181785,-0.408055,0.672115,-0.146789,0.600171,-21.783033,118.754288,17.216070,0.104507,0.073804,-0.565916,-0.814475,-20.585272,102.507652,1.815605,-0.242885,-0.252967,0.772154,0.529899,-13.752892,120.878258,1.853424,-0.310488,0.871409,-0.029084,-0.378678,-0.121585,121.097061,9.636827,-0.430440,0.699566,-0.283024,-0.495204,8.345211,129.542648,-1.394521,-0.243285,-0.253241,-0.117505,-0.928910,11.461082,136.759705,-22.388998,0.011256,-0.065095,-0.158123,-0.985207,-5.525955,129.886887,-14.071727,0.062447,0.986999,0.147453,-0.013847,-4.755920,83.307144,19.481663,0.069180,0.983392,0.029017,0.165263,-9.209293,50.131683,9.363705,0.006127,0.967383,0.062415,0.245432,-14.888197,5.734417,5.774373,-0.064267,0.972661,-0.120966,-0.187532,11.779844,84.525848,13.454662,-0.033349,0.957259,-0.248619,-0.143985,17.738167,50.869286,20.840523,-0.049822,0.960788,-0.124439,-0.242734,23.819868,11.617467,41.782299,0.006127,0.967383,0.062415,0.245432,-8.487339,1.603884,-6.469645,-0.049822,0.960788,-0.124439,-0.242734,18.707623,2.605896,31.752106
679,5.658333,-0.049586,0.980705,-0.082971,-0.169928,3.546575,83.918732,16.490364,-0.031902,0.970859,-0.073506,-0.225860,2.639119,91.016808,15.435121,-0.136303,0.953004,-0.107906,-0.248114,0.964845,108.387741,13.177222,0.010980,0.988883,0.010604,-0.147911,-4.711016,125.406837,10.676895,0.057856,0.992588,-0.096445,-0.046045,-4.869799,137.780518,9.373242,-0.033595,0.990757,-0.044814,-0.123550,-6.046415,119.637146,13.195955,-0.407746,0.672110,-0.146778,0.600389,-21.782759,118.734268,17.228027,0.104349,0.073648,-0.565496,-0.814801,-20.584581,102.495888,1.818877,-0.241979,-0.252640,0.772525,0.529930,-13.732295,120.860168,1.857913,-0.310940,0.871548,-0.029932,-0.377921,-0.121655,121.092369,9.651748,-0.431480,0.699471,-0.284885,-0.493363,8.354638,129.542465,-1.368855,-0.243228,-0.252558,-0.119613,-0.928842,11.511920,136.772476,-22.352678,0.010284,-0.064531,-0.160951,-0.984797,-5.468090,129.828781,-14.082430,0.062725,0.986958,0.147647,-0.013410,-4.721645,83.309555,19.502974,0.069189,0.983515,0.029107,0.164510,-9.189734,50.140526,9.370429,0.006412,0.967500,0.062151,0.245030,-14.870843,5.743843,5.777326,-0.064030,0.972767,-0.121516,-0.186705,11.814795,84.527908,13.477755,-0.033025,0.957482,-0.248000,-0.143641,17.757668,50.878548,20.908731,-0.050477,0.961005,-0.123751,-0.242088,23.796566,11.597198,41.807484,0.006412,0.967500,0.062151,0.245030,-8.483303,1.604616,-6.470712,-0.050477,0.961005,-0.123751,-0.242088,18.705105,2.597873,31.755749
680,5.666667,-0.049680,0.980716,-0.083036,-0.169805,3.582556,83.920776,16.513142,-0.032566,0.970841,-0.073804,-0.225744,2.673738,91.018555,15.457101,-0.136618,0.952988,-0.107954,-0.247984,0.974593,108.388031,13.194023,0.010528,0.988889,0.009904,-0.147951,-4.711966,125.403641,10.694287,0.057930,0.992514,-0.097100,-0.046174,-4.884378,137.766418,9.376142,-0.033931,0.990802,-0.044613,-0.123165,-6.044048,119.632828,13.212541,-0.407360,0.672094,-0.146792,0.600666,-21.782740,118.717697,17.232670,0.104064,0.073875,-0.565639,-0.814718,-20.583738,102.489044,1.813343,-0.242719,-0.252744,0.772282,0.529894,-13.738951,120.856522,1.865140,-0.311332,0.871735,-0.030656,-0.377107,-0.119584,121.092270,9.669577,-0.432082,0.699686,-0.285904,-0.491939,8.368759,129.547302,-1.337956,-0.243218,-0.251723,-0.121941,-0.928769,11.565595,136.796112,-22.309309,0.008098,-0.063984,-0.163653,-0.984408,-5.406162,129.775131,-14.095023,0.062954,0.986918,0.147839,-0.013141,-4.686235,83.309967,19.523855,0.069301,0.983633,0.029189,0.163744,-9.167356,50.146927,9.377455,0.006631,0.967578,0.061977,0.244762,-14.859910,5.752069,5.779970,-0.063841,0.972898,-0.122009,-0.185760,11.851347,84.531586,13.502428,-0.032577,0.957644,-0.247475,-0.143575,17.780296,50.888931,20.974810,-0.050319,0.961323,-0.123099,-0.241191,23.772854,11.581594,41.838001,0.006631,0.967578,0.061977,0.244762,-8.481520,1.606945,-6.470842,-0.050319,0.961323,-0.123099,-0.241191,18.696150,2.597988,31.764761
681,5.675000,-0.049848,0.980746,-0.083134,-0.169533,3.615842,83.921799,16.537384,-0.033154,0.970862,-0.074099,-0.225470,2.704720,91.019112,15.480140,-0.137004,0.953003,-0.107961,-0.247709,0.983802,108.385826,13.211274,0.010171,0.988910,0.009190,-0.147882,-4.715166,125.397552,10.713369,0.058036,0.992449,-0.097647,-0.046292,-4.898629,137.751358,9.379805,-0.034166,0.990879,-0.044198,-0.122626,-6.043789,119.625031,13.229535,-0.406836,0.671947,-0.146844,0.601173,-21.786270,118.699776,17.232462,0.103793,0.074392,-0.565679,-0.814678,-20.579090,102.484879,1.799311,-0.243328,-0.253177,0.772023,0.529786,-13.738927,120.854355,1.873338,-0.311866,0.871873,-0.031171,-0.376304,-0.118897,121.090103,9.689612,-0.433182,0.699723,-0.287790,-0.489813,8.378301,129.556168,-1.302592,-0.243686,-0.250792,-0.124210,-0.928597,11.626025,136.826035,-22.258821,0.006182,-0.063562,-0.165860,-0.984079,-5.341486,129.725739,-14.105868,0.063172,0.986869,0.148066,-0.013269,-4.654283,83.307968,19.543810,0.069387,0.983721,0.029272,0.163163,-9.151790,50.151539,9.383059,0.006623,0.967633,0.061839,0.244578,-14.852768,5.758181,5.780316,-0.063792,0.972915,-0.122376,-0.185448,11.885966,84.535637,13.530956,-0.031558,0.957522,-0.247136,-0.145190,17.813799,50.898815,21.030437,-0.050474,0.961610,-0.122512,-0.240311,23.749866,11.570522,41.870293,0.006623,0.967633,0.061839,0.244578,-8.479182,1.609493,-6.471785,-0.050474,0.961610,-0.122512,-0.240311,18.692465,2.599634,31.776035
682,5.683333,-0.049981,0.980803,-0.083124,-0.169169,3.643267,83.922768,16.557594,-0.033639,0.970913,-0.074259,-0.225126,2.730668,91.019905,15.500484,-0.137379,0.953039,-0.107963,-0.247363,0.993057,108.381615,13.229855,0.009857,0.988947,0.008467,-0.147702,-4.717671,125.389610,10.733369,0.058020,0.992408,-0.098064,-0.046301,-4.910886,137.737808,9.383552,-0.034739,0.990935,-0.044398,-0.121942,-6.043296,119.615341,13.247108,-0.406202,0.671835,-0.146681,0.601767,-21.789928,118.671356,17.229265,0.103525,0.075371,-0.565926,-0.814450,-20.573837,102.478096,1.774117,-0.244988,-0.253991,0.771607,0.529238,-13.749552,120.855919,1.883700,-0.312383,0.872048,-0.031329,-0.375456,-0.117439,121.086037,9.711133,-0.434057,0.699860,-0.289414,-0.487883,8.390004,129.567474,-1.261286,-0.243591,-0.249569,-0.126430,-0.928652,11.688312,136.856827,-22.202837,0.005458,-0.062664,-0.167828,-0.983808,-5.281587,129.686157,-14.116279,0.063353,0.986839,0.148189,-0.013210,-4.628797,83.306007,19.558079,0.069533,0.983769,0.029350,0.162796,-9.138177,50.153744,9.389019,0.006483,0.967649,0.061710,0.244550,-14.852184,5.762619,5.779473,-0.063940,0.973017,-0.122964,-0.184471,11.915331,84.539528,13.557109,-0.031976,0.958336,-0.246249,-0.141178,17.852921,50.914131,21.099964,-0.051389,0.961762,-0.121828,-0.239858,23.726992,11.548951,41.887657,0.006483,0.967649,0.061710,0.244550,-8.478308,1.611360,-6.471604,-0.051389,0.961762,-0.121828,-0.239858,18.689867,2.588917,31.773645
683,5.691667,-0.050097,0.980884,-0.083126,-0.168662,3.664170,83.923874,16.578615,-0.034036,0.970998,-0.074518,-0.224612,2.750467,91.020836,15.521293,-0.137764,0.953114,-0.107929,-0.246872,0.999182,108.373245,13.245052,0.010039,0.988994,0.008324,-0.147382,-4.723006,125.377670,10.750449,0.057763,0.992361,-0.098668,-0.046346,-4.911377,137.726608,9.396147,-0.034864,0.991006,-0.044157,-0.121413,-6.046206,119.601318,13.260672,-0.405296,0.671470,-0.147219,0.602652,-21.796753,118.651535,17.225945,0.102835,0.075629,-0.566066,-0.814417,-20.565786,102.471802,1.757796,-0.244960,-0.254758,0.771256,0.529393,-13.748545,120.854172,1.890242,-0.312777,0.872329,-0.031440,-0.374465,-0.118418,121.078201,9.730518,-0.434751,0.700182,-0.290462,-0.486178,8.405211,129.573349,-1.218712,-0.242744,-0.248222,-0.128788,-0.928911,11.750976,136.890030,-22.143209,0.006079,-0.061271,-0.170160,-0.983491,-5.218924,129.652710,-14.124417,0.063512,0.986827,0.148224,-0.012971,-4.610713,83.304291,19.570742,0.069664,0.983790,0.029470,0.162590,-9.128528,50.154160,9.398476,0.006573,0.967645,0.061620,0.244587,-14.853019,5.765307,5.777619,-0.063942,0.973078,-0.123261,-0.183951,11.939052,84.543449,13.586489,-0.031003,0.958174,-0.245944,-0.143015,17.876383,50.923180,21.152361,-0.051810,0.961992,-0.121299,-0.239112,23.702930,11.538985,41.917408,0.006573,0.967645,0.061620,0.244587,-8.479303,1.611030,-6.472525,-0.051810,0.961992,-0.121299,-0.239112,18.686243,2.589050,31.784302
684,5.700000,-0.050200,0.980983,-0.083015,-0.168107,3.680805,83.920113,16.593874,-0.034332,0.971100,-0.074568,-0.224111,2.766520,91.017197,15.537861,-0.138006,0.953212,-0.107864,-0.246386,1.006289,108.365036,13.261848,0.009322,0.989030,0.007820,-0.147210,-4.722251,125.367546,10.768845,0.057893,0.992319,-0.099045,-0.046287,-4.929489,137.716019,9.404633,-0.035129,0.991099,-0.043927,-0.120665,-6.044796,119.589531,13.275568,-0.404997,0.671228,-0.147067,0.603160,-21.800625,118.629089,17.217222,0.102217,0.076044,-0.566301,-0.814292,-20.553097,102.463547,1.735581,-0.244520,-0.255424,0.770779,0.529971,-13.748628,120.850876,1.893710,-0.313229,0.872462,-0.031028,-0.373812,-0.114566,121.070824,9.751366,-0.435377,0.700500,-0.291820,-0.484343,8.415745,129.585815,-1.177220,-0.241489,-0.246786,-0.131118,-0.929294,11.816941,136.922760,-22.085672,0.007784,-0.059755,-0.171887,-0.983272,-5.157856,129.622528,-14.132545,0.063598,0.986829,0.148199,-0.012685,-4.597193,83.297531,19.576744,0.069870,0.983793,0.029549,0.162468,-9.118004,50.147640,9.405016,0.006225,0.967643,0.061610,0.244606,-14.859854,5.761785,5.774913,-0.063962,0.973228,-0.123603,-0.182918,11.958803,84.542694,13.611004,-0.030895,0.958457,-0.245473,-0.141948,17.893612,50.928497,21.205784,-0.051122,0.962330,-0.120749,-0.238174,23.682060,11.522949,41.940945,0.006225,0.967643,0.061610,0.244606,-8.482390,1.609444,-6.473933,-0.051122,0.962330,-0.120749,-0.238174,18.673969,2.589230,31.789299
685,5.708333,-0.050187,0.981103,-0.082956,-0.167444,3.692379,83.912895,16.612854,-0.034532,0.971234,-0.074571,-0.223499,2.779126,91.010139,15.557022,-0.138086,0.953365,-0.107781,-0.245786,1.013237,108.359871,13.281085,0.008879,0.989088,0.007544,-0.146867,-4.715767,125.362228,10.788054,0.057579,0.992301,-0.099474,-0.046134,-4.933803,137.709732,9.418489,-0.035582,0.991183,-0.044007,-0.119809,-6.040109,119.582954,13.290927,-0.404613,0.670963,-0.146928,0.603747,-21.801594,118.606911,17.206045,0.100932,0.075980,-0.566801,-0.814111,-20.536264,102.457634,1.708889,-0.242880,-0.256105,0.770829,0.530322,-13.752532,120.855713,1.891014,-0.313642,0.872701,-0.031527,-0.372865,-0.106024,121.066818,9.774314,-0.435933,0.700808,-0.292651,-0.482893,8.438858,129.590881,-1.135796,-0.240155,-0.245252,-0.133238,-0.929744,11.881210,136.952332,-22.028894,0.010068,-0.058154,-0.172657,-0.983212,-5.102289,129.598099,-14.141732,0.063731,0.986838,0.148122,-0.012236,-4.589563,83.289291,19.584538,0.069995,0.983789,0.029685,0.162413,-9.114845,50.138985,9.416159,0.005949,0.967617,0.061695,0.244696,-14.865860,5.755424,5.772585,-0.063802,0.973383,-0.123541,-0.182187,11.974320,84.536507,13.641172,-0.029944,0.958023,-0.245482,-0.145032,17.891869,50.919811,21.238384,-0.051683,0.962493,-0.120225,-0.237658,23.665459,11.509437,41.968517,0.005949,0.967617,0.061695,0.244696,-8.483336,1.607075,-6.474976,-0.051683,0.962493,-0.120225,-0.237658,18.674704,2.584918,31.800259
686,5.716667,-0.050368,0.981223,-0.082942,-0.166688,3.699878,83.909714,16.628542,-0.034623,0.971408,-0.074470,-0.222760,2.784906,91.006729,15.572641,-0.138217,0.953527,-0.107883,-0.245039,1.018734,108.353790,13.299902,0.008611,0.989169,0.007682,-0.146326,-4.713591,125.354042,10.800131,0.057241,0.992297,-0.099888,-0.045753,-4.936147,137.704834,9.434201,-0.035821,0.991256,-0.043862,-0.119184,-6.039291,119.573929,13.300373,-0.404665,0.670745,-0.146496,0.604058,-21.805084,118.588615,17.195787,0.100742,0.076349,-0.566441,-0.814351,-20.521004,102.451347,1.687652,-0.241014,-0.256562,0.770761,0.531051,-13.723341,120.844475,1.887922,-0.314114,0.872980,-0.031821,-0.371789,-0.100540,121.060669,9.792850,-0.436295,0.701218,-0.293263,-0.481599,8.460803,129.598541,-1.093545,-0.238726,-0.243815,-0.135152,-0.930214,11.944954,136.983109,-21.971554,0.012339,-0.056299,-0.173748,-0.983102,-5.044061,129.583542,-14.145242,0.063829,0.986857,0.148001,-0.011587,-4.586205,83.281715,19.587736,0.070080,0.983786,0.029778,0.162380,-9.111492,50.129772,9.424674,0.005891,0.967594,0.061892,0.244736,-14.868811,5.747777,5.771886,-0.063808,0.973493,-0.123659,-0.181515,11.985961,84.537712,13.669346,-0.029818,0.958175,-0.245151,-0.144613,17.900076,50.923115,21.278481,-0.051399,0.962714,-0.119808,-0.237037,23.649708,11.497477,41.986252,0.005891,0.967594,0.061892,0.244736,-8.484234,1.605054,-6.476514,-0.051399,0.962714,-0.119808,-0.237037,18.666918,2.584028,31.804382
687,5.725000,-0.050548,0.981353,-0.082942,-0.165870,3.708232,83.909286,16.647465,-0.034697,0.971601,-0.074377,-0.221935,2.791593,91.006042,15.591251,-0.138228,0.953741,-0.107868,-0.244203,1.025762,108.351151,13.321036,0.007999,0.989257,0.007758,-0.145764,-4.704608,125.351395,10.816862,0.056930,0.992292,-0.100329,-0.045270,-4.940202,137.703033,9.454520,-0.036251,0.991329,-0.044028,-0.118382,-6.033759,119.570335,13.313058,-0.404716,0.670268,-0.146435,0.604568,-21.804739,118.570564,17.183681,0.100581,0.076730,-0.566788,-0.814093,-20.491175,102.438736,1.672380,-0.240751,-0.257124,0.770485,0.531299,-13.710669,120.839836,1.886259,-0.314546,0.873307,-0.032623,-0.370582,-0.089284,121.058968,9.816052,-0.436674,0.701660,-0.293609,-0.480399,8.492352,129.604019,-1.048691,-0.238118,-0.242370,-0.136513,-0.930549,12.013447,137.017471,-21.910250,0.013477,-0.054550,-0.175299,-0.982910,-4.989766,129.584595,-14.144090,0.063979,0.986866,0.147922,-0.010988,-4.582326,83.276855,19.593140,0.070142,0.983719,0.029839,0.162750,-9.111797,50.124645,9.432862,0.006014,0.967549,0.062069,0.244867,-14.872259,5.743763,5.771597,-0.063913,0.973646,-0.123701,-0.180628,11.998791,84.541718,13.701788,-0.029668,0.958313,-0.244815,-0.144299,17.913563,50.928776,21.317751,-0.051545,0.962856,-0.119387,-0.236641,23.639383,11.487564,42.002430,0.006014,0.967549,0.062069,0.244867,-8.485183,1.604950,-6.476818,-0.051545,0.962856,-0.119387,-0.236641,18.665699,2.583049,31.808304
688,5.733333,-0.050651,0.981508,-0.082834,-0.164969,3.709499,83.906174,16.668247,-0.034535,0.971815,-0.074462,-0.220995,2.792629,91.003036,15.612970,-0.138428,0.953927,-0.108008,-0.243302,1.034095,108.345757,13.337189,0.007610,0.989350,0.008239,-0.145126,-4.701850,125.342903,10.824710,0.056669,0.992298,-0.100647,-0.044753,-4.943469,137.702179,9.474378,-0.036407,0.991383,-0.043947,-0.117907,-6.032066,119.560753,13.317815,-0.404849,0.669791,-0.146275,0.605047,-21.806335,118.554916,17.173443,0.100771,0.077236,-0.566932,-0.813921,-20.461977,102.428963,1.658666,-0.240677,-0.257563,0.770335,0.531337,-13.690710,120.833946,1.883424,-0.315054,0.873568,-0.032697,-0.369528,-0.082178,121.053329,9.831715,-0.436938,0.702188,-0.294048,-0.479118,8.514425,129.615738,-1.007506,-0.238083,-0.241092,-0.137533,-0.930739,12.080306,137.055283,-21.852165,0.013382,-0.053091,-0.177410,-0.982613,-4.936516,129.595703,-14.141596,0.064154,0.986888,0.147772,-0.009970,-4.586133,83.270195,19.598845,0.070124,0.983689,0.029945,0.162917,-9.117153,50.116451,9.444259,0.005825,0.967533,0.062293,0.244878,-14.873799,5.735904,5.772943,-0.064060,0.973748,-0.123679,-0.180041,12.005130,84.542152,13.737652,-0.029439,0.958346,-0.244536,-0.144598,17.925056,50.930153,21.353771,-0.051893,0.962930,-0.118919,-0.236496,23.634209,11.475492,42.017395,0.005825,0.967533,0.062293,0.244878,-8.484063,1.604330,-6.476529,-0.051893,0.962930,-0.118919,-0.236496,18.666618,2.579807,31.812590
689,5.741667,-0.050696,0.981675,-0.082698,-0.164025,3.710746,83.904091,16.684719,-0.034531,0.972038,-0.074297,-0.220069,2.794563,91.001205,15.630585,-0.138407,0.954157,-0.108112,-0.242364,1.039546,108.345367,13.358630,0.006983,0.989454,0.008407,-0.144435,-4.694048,125.341919,10.836779,0.056390,0.992328,-0.100797,-0.044095,-4.948401,137.702423,9.492211,-0.036812,0.991445,-0.043924,-0.117268,-6.028229,119.559326,13.326718,-0.405155,0.669150,-0.146183,0.605573,-21.806421,118.539345,17.162531,0.101200,0.077778,-0.567233,-0.813607,-20.422403,102.414879,1.649690,-0.240984,-0.258015,0.770086,0.531340,-13.668129,120.824982,1.880025,-0.315394,0.873783,-0.032650,-0.368732,-0.071827,121.053123,9.852290,-0.437216,0.702669,-0.294455,-0.477907,8.536947,129.628799,-0.966766,-0.238874,-0.239950,-0.138151,-0.930740,12.143867,137.093796,-21.795263,0.012022,-0.051999,-0.178655,-0.982463,-4.890445,129.613358,-14.136773,0.064199,0.986918,0.147602,-0.009231,-4.590286,83.265404,19.599394,0.070176,0.983616,0.029981,0.163327,-9.116763,50.108536,9.452983,0.005725,0.967532,0.062415,0.244855,-14.875929,5.728838,5.775292,-0.064146,0.973890,-0.123669,-0.179250,12.011778,84.542770,13.770045,-0.029475,0.958497,-0.244210,-0.144142,17.931232,50.931370,21.389181,-0.051760,0.963047,-0.118495,-0.236263,23.629622,11.462569,42.028782,0.005725,0.967532,0.062415,0.244855,-8.485508,1.601190,-6.475151,-0.051760,0.963047,-0.118495,-0.236263,18.663372,2.577168,31.814367
690,5.750000,-0.050657,0.981850,-0.082537,-0.163071,3.708292,83.899734,16.702141,-0.034327,0.972300,-0.074193,-0.218976,2.794056,90.997299,15.649297,-0.138754,0.954380,-0.108167,-0.241261,1.049236,108.343842,13.377145,0.006680,0.989579,0.008756,-0.143571,-4.693631,125.336479,10.850001,0.056058,0.992361,-0.100955,-0.043429,-4.951767,137.704636,9.513700,-0.036907,0.991526,-0.043818,-0.116597,-6.028163,119.551682,13.334661,-0.405563,0.668588,-0.145953,0.605975,-21.811232,118.527176,17.149153,0.102226,0.078715,-0.567145,-0.813450,-20.390511,102.404259,1.638006,-0.241767,-0.258487,0.769992,0.530891,-13.638714,120.813248,1.875278,-0.315705,0.874118,-0.032667,-0.367669,-0.065587,121.052101,9.873693,-0.437049,0.703359,-0.294370,-0.477096,8.562260,129.640991,-0.919654,-0.239751,-0.238786,-0.138754,-0.930725,12.210441,137.126785,-21.733507,0.009601,-0.051805,-0.180017,-0.982252,-4.836315,129.628067,-14.130852,0.064259,0.986940,0.147483,-0.008328,-4.598317,83.259712,19.600588,0.070188,0.983564,0.030020,0.163629,-9.119658,50.100933,9.458117,0.005764,0.967491,0.062691,0.244946,-14.878178,5.721599,5.775075,-0.064401,0.973964,-0.123724,-0.178715,12.014901,84.539757,13.803694,-0.029883,0.958930,-0.243750,-0.141937,17.948082,50.931602,21.426449,-0.051423,0.963182,-0.117992,-0.236038,23.628490,11.444816,42.036583,0.005764,0.967491,0.062691,0.244946,-8.485186,1.601098,-6.476429,-0.051423,0.963182,-0.117992,-0.236038,18.660082,2.572461,31.811878
691,5.758333,-0.050665,0.982021,-0.082457,-0.162079,3.703804,83.899506,16.719236,-0.034198,0.972558,-0.074052,-0.217894,2.790704,90.997246,15.666610,-0.138968,0.954629,-0.108125,-0.240170,1.054040,108.343269,13.396491,0.006309,0.989705,0.008863,-0.142710,-4.692836,125.334076,10.866200,0.055778,0.992403,-0.100986,-0.042751,-4.957251,137.706268,9.532784,-0.037324,0.991612,-0.043576,-0.115816,-6.029479,119.547211,13.344871,-0.405972,0.667927,-0.145832,0.606460,-21.817444,118.507133,17.134794,0.103621,0.079868,-0.567051,-0.813227,-20.355494,102.384140,1.627578,-0.243525,-0.259108,0.768890,0.531382,-13.608151,120.790161,1.870238,-0.315922,0.874507,-0.032755,-0.366548,-0.060329,121.052788,9.897512,-0.436807,0.703941,-0.294266,-0.476524,8.589835,129.652023,-0.869708,-0.240363,-0.237494,-0.139095,-0.930846,12.271975,137.151321,-21.672697,0.008062,-0.051053,-0.180645,-0.982189,-4.794822,129.646164,-14.124361,0.064284,0.986960,0.147389,-0.007337,-4.608479,83.257523,19.600927,0.070206,0.983508,0.029998,0.163962,-9.121359,50.097023,9.460319,0.005511,0.967505,0.062646,0.244906,-14.880511,5.717793,5.777022,-0.064440,0.974163,-0.123531,-0.177749,12.016088,84.541481,13.837543,-0.029866,0.959010,-0.243500,-0.141832,17.942083,50.930332,21.452675,-0.051549,0.963299,-0.117695,-0.235679,23.615784,11.432534,42.043537,0.005511,0.967505,0.062646,0.244906,-8.486217,1.597694,-6.473934,-0.051549,0.963299,-0.117695,-0.235679,18.655956,2.566417,31.809267
692,5.766667,-0.050522,0.982206,-0.082408,-0.161020,3.695872,83.899811,16.737503,-0.033998,0.972827,-0.073878,-0.216781,2.786050,90.997871,15.684253,-0.139044,0.954893,-0.108174,-0.239048,1.060371,108.342674,13.416899,0.005296,0.989818,0.009148,-0.141949,-4.686499,125.332329,10.878885,0.055672,0.992444,-0.100974,-0.041957,-4.972650,137.711685,9.554757,-0.037798,0.991720,-0.043244,-0.114862,-6.026797,119.544243,13.352717,-0.406195,0.667150,-0.145926,0.607143,-21.820759,118.486145,17.112522,0.104571,0.080769,-0.567204,-0.812909,-20.313543,102.363586,1.609167,-0.244732,-0.259792,0.768536,0.531006,-13.578224,120.775459,1.857810,-0.316050,0.874845,-0.032048,-0.365692,-0.050363,121.052910,9.919362,-0.436648,0.704549,-0.294378,-0.475700,8.617559,129.668564,-0.820403,-0.240774,-0.236117,-0.139687,-0.931002,12.341068,137.183243,-21.610481,0.007092,-0.051042,-0.181366,-0.982065,-4.744266,129.664963,-14.120761,0.064259,0.986977,0.147334,-0.006249,-4.622702,83.258461,19.601122,0.070224,0.983457,0.029948,0.164270,-9.122695,50.096607,9.459200,0.005434,0.967492,0.062626,0.244966,-14.883068,5.717340,5.778248,-0.064533,0.974496,-0.123102,-0.176179,12.014447,84.541153,13.873884,-0.029930,0.958990,-0.243425,-0.142079,17.929432,50.923450,21.468605,-0.051566,0.963366,-0.117418,-0.235541,23.613020,11.422718,42.051105,0.005434,0.967492,0.062626,0.244966,-8.486612,1.597173,-6.471553,-0.051566,0.963366,-0.117418,-0.235541,18.655268,2.562828,31.810444
693,5.775000,-0.050490,0.982401,-0.082215,-0.159938,3.683989,83.897957,16.752291,-0.033728,0.973106,-0.073657,-0.215644,2.776212,90.996529,15.700683,-0.139060,0.955182,-0.108110,-0.237911,1.064396,108.339760,13.437179,0.004797,0.989947,0.009254,-0.141051,-4.679484,125.329758,10.894670,0.055073,0.992523,-0.100828,-0.041223,-4.975102,137.717361,9.573364,-0.038202,0.991834,-0.043087,-0.113799,-6.024476,119.540192,13.362481,-0.406714,0.666504,-0.145645,0.607571,-21.825352,118.466820,17.088772,0.105661,0.081503,-0.567310,-0.812621,-20.275856,102.345345,1.588459,-0.245800,-0.260118,0.768083,0.531009,-13.549855,120.760818,1.834890,-0.316241,0.875245,-0.030767,-0.364679,-0.040450,121.051598,9.943581,-0.436326,0.705005,-0.294602,-0.475182,8.647623,129.693054,-0.759117,-0.240484,-0.234527,-0.140021,-0.931428,12.405851,137.208542,-21.542648,0.007695,-0.050201,-0.181821,-0.982019,-4.707141,129.692871,-14.109470,0.064268,0.986993,0.147269,-0.005086,-4.640767,83.254868,19.597500,0.070176,0.983403,0.029870,0.164627,-9.129448,50.091755,9.454700,0.005529,0.967441,0.062906,0.245094,-14.885444,5.711469,5.779197,-0.064582,0.974651,-0.122874,-0.175461,12.008744,84.541039,13.907081,-0.029982,0.959011,-0.243280,-0.142175,17.918816,50.919861,21.490246,-0.051528,0.963468,-0.117103,-0.235290,23.607252,11.413050,42.059742,0.005529,0.967441,0.062906,0.245094,-8.486026,1.598169,-6.471369,-0.051528,0.963468,-0.117103,-0.235290,18.653172,2.560564,31.810900
694,5.783333,-0.050324,0.982604,-0.082135,-0.158781,3.671704,83.898804,16.770857,-0.033565,0.973381,-0.073482,-0.214486,2.767698,90.997810,15.718916,-0.139004,0.955486,-0.108017,-0.236761,1.065887,108.337845,13.458671,0.004001,0.990066,0.009408,-0.140234,-4.672271,125.329140,10.911916,0.054578,0.992595,-0.100673,-0.040507,-4.984765,137.727051,9.595455,-0.038691,0.991914,-0.043406,-0.112812,-6.022931,119.538223,13.373486,-0.406630,0.665837,-0.146000,0.608274,-21.829868,118.448761,17.069296,0.105999,0.081469,-0.567420,-0.812503,-20.245146,102.327728,1.572093,-0.245734,-0.260340,0.767906,0.531186,-13.523561,120.745705,1.809080,-0.316257,0.875805,-0.032095,-0.363205,-0.030983,121.051552,9.969332,-0.436615,0.705404,-0.294306,-0.474507,8.691681,129.685013,-0.711664,-0.241027,-0.233187,-0.140067,-0.931618,12.467324,137.232666,-21.480385,0.008404,-0.049436,-0.181346,-0.982140,-4.673221,129.720871,-14.097950,0.064761,0.986950,0.147399,-0.003008,-4.659854,83.256516,19.596270,0.069826,0.983204,0.029545,0.166018,-9.160994,50.100529,9.435706,0.005703,0.967449,0.062870,0.245067,-14.885910,5.714107,5.785907,-0.064531,0.974808,-0.122619,-0.174787,12.003263,84.541092,13.945442,-0.030221,0.959088,-0.243085,-0.141938,17.901617,50.915073,21.516258,-0.051961,0.963511,-0.116683,-0.235227,23.603144,11.401057,42.068272,0.005703,0.967449,0.062870,0.245067,-8.488894,1.598743,-6.465223,-0.051961,0.963511,-0.116683,-0.235227,18.654758,2.555908,31.810349
695,5.791667,-0.050071,0.982822,-0.081942,-0.157604,3.654551,83.900856,16.788134,-0.033378,0.973677,-0.073250,-0.213247,2.755823,91.000687,15.737246,-0.138992,0.955810,-0.107909,-0.235507,1.065317,108.339310,13.481707,0.003703,0.990214,0.009400,-0.139192,-4.668240,125.331566,10.931023,0.053822,0.992699,-0.100366,-0.039741,-4.985241,137.735718,9.613915,-0.039050,0.992024,-0.043591,-0.111644,-6.024477,119.538986,13.385585,-0.406934,0.665164,-0.146080,0.608788,-21.839035,118.436798,17.044840,0.106535,0.081639,-0.568020,-0.811996,-20.215189,102.313438,1.554123,-0.246972,-0.260475,0.767371,0.531318,-13.521666,120.741043,1.780479,-0.316549,0.876053,-0.030615,-0.362479,-0.024125,121.055054,9.997495,-0.435405,0.706290,-0.293864,-0.474575,8.709669,129.717606,-0.650796,-0.240172,-0.231576,-0.140236,-0.932215,12.529734,137.252777,-21.415928,0.009003,-0.048715,-0.180433,-0.982339,-4.640417,129.754242,-14.084515,0.064637,0.986957,0.147425,-0.001894,-4.684025,83.260521,19.593210,0.069728,0.983209,0.029413,0.166049,-9.165133,50.103939,9.425729,0.005584,0.967471,0.062857,0.244986,-14.883357,5.715588,5.788855,-0.064599,0.975000,-0.122348,-0.173878,11.993128,84.541199,13.983057,-0.030400,0.959155,-0.242952,-0.141678,17.885880,50.911133,21.540272,-0.051674,0.963663,-0.116344,-0.234837,23.595640,11.392283,42.080711,0.005584,0.967471,0.062857,0.244986,-8.487249,1.600676,-6.462900,-0.051674,0.963663,-0.116344,-0.234837,18.650387,2.556403,31.813293
696,5.800000,-0.049840,0.983043,-0.081679,-0.156433,3.637020,83.904198,16.802967,-0.033187,0.973966,-0.073056,-0.212019,2.743393,91.004982,15.754184,-0.138917,0.956140,-0.107772,-0.234272,1.064042,108.341324,13.502134,0.003524,0.990362,0.009517,-0.138129,-4.662586,125.335403,10.948050,0.052887,0.992813,-0.100038,-0.038961,-4.980675,137.746078,9.632957,-0.039533,0.992152,-0.043481,-0.110368,-6.025126,119.541298,13.395511,-0.407259,0.664611,-0.145974,0.609200,-21.847664,118.421158,17.014576,0.106874,0.081564,-0.567822,-0.812098,-20.189447,102.298378,1.526880,-0.245622,-0.260189,0.767663,0.531663,-13.486211,120.723816,1.744452,-0.316464,0.876640,-0.031280,-0.361074,-0.016298,121.059334,10.023366,-0.435012,0.706945,-0.293189,-0.474378,8.752314,129.719116,-0.598536,-0.240380,-0.230167,-0.139956,-0.932552,12.596112,137.271576,-21.352991,0.009605,-0.047846,-0.179382,-0.982568,-4.607353,129.791595,-14.068052,0.064527,0.986956,0.147490,-0.000959,-4.708449,83.265236,19.587780,0.069504,0.983218,0.029249,0.166120,-9.172350,50.109016,9.411572,0.005622,0.967562,0.062795,0.244640,-14.873099,5.716997,5.792074,-0.064642,0.975212,-0.122077,-0.172860,11.982491,84.543152,14.018154,-0.030296,0.959010,-0.242903,-0.142759,17.867128,50.908844,21.562782,-0.051635,0.963754,-0.116099,-0.234591,23.590485,11.387282,42.094212,0.005622,0.967562,0.062795,0.244640,-8.486048,1.600361,-6.463821,-0.051635,0.963754,-0.116099,-0.234591,18.649122,2.557235,31.819906
697,5.808333,-0.049654,0.983248,-0.081526,-0.155277,3.614952,83.906448,16.818302,-0.032947,0.974278,-0.072839,-0.210691,2.725531,91.007866,15.770207,-0.138901,0.956502,-0.107531,-0.232911,1.059335,108.343002,13.521835,0.003789,0.990526,0.009873,-0.136916,-4.661236,125.339127,10.967681,0.051727,0.992930,-0.099769,-0.038213,-4.968389,137.761765,9.658362,-0.039833,0.992269,-0.043466,-0.109208,-6.030100,119.542732,13.406179,-0.407560,0.664034,-0.145876,0.609650,-21.860149,118.411064,16.988623,0.107297,0.081429,-0.568020,-0.811918,-20.166313,102.289581,1.503435,-0.245451,-0.259971,0.767777,0.531684,-13.470769,120.718719,1.705891,-0.316286,0.877127,-0.029547,-0.360192,-0.012238,121.064117,10.051703,-0.433798,0.707804,-0.292792,-0.474453,8.780737,129.745026,-0.532737,-0.239830,-0.228557,-0.139511,-0.933156,12.668596,137.283188,-21.284195,0.010253,-0.046641,-0.179092,-0.982673,-4.568566,129.837585,-14.047159,0.064332,0.986934,0.147724,0.000100,-4.737201,83.268448,19.583231,0.069356,0.983181,0.028965,0.166454,-9.176587,50.115307,9.386296,0.005777,0.967573,0.062812,0.244589,-14.867365,5.719954,5.792109,-0.064721,0.975484,-0.121719,-0.171539,11.967106,84.544441,14.053374,-0.030450,0.958991,-0.242815,-0.142999,17.842821,50.904762,21.580982,-0.051604,0.963836,-0.115918,-0.234349,23.583557,11.380219,42.101822,0.005777,0.967573,0.062812,0.244589,-8.483004,1.602812,-6.465021,-0.051604,0.963836,-0.115918,-0.234349,18.646408,2.554540,31.821737
698,5.816667,-0.049395,0.983502,-0.081099,-0.153972,3.586312,83.904884,16.830498,-0.032592,0.974617,-0.072435,-0.209315,2.702886,91.007683,15.786664,-0.138732,0.956891,-0.107309,-0.231514,1.054821,108.346748,13.546944,0.003580,0.990694,0.009849,-0.135701,-4.654519,125.346306,10.990535,0.050868,0.993042,-0.099439,-0.037299,-4.963566,137.775436,9.679729,-0.039838,0.992427,-0.043566,-0.107717,-6.031635,119.548241,13.420403,-0.407768,0.663293,-0.146243,0.610230,-21.872198,118.414436,16.955399,0.107662,0.081116,-0.568389,-0.811643,-20.139050,102.286491,1.481293,-0.245517,-0.259597,0.767969,0.531558,-13.457790,120.721519,1.663232,-0.315831,0.877872,-0.030481,-0.358695,-0.003948,121.070946,10.084213,-0.433459,0.708474,-0.292092,-0.474195,8.833425,129.737061,-0.475357,-0.240509,-0.227053,-0.138637,-0.933479,12.745467,137.295746,-21.214800,0.011172,-0.045766,-0.176835,-0.983112,-4.533401,129.887634,-14.024815,0.063890,0.986902,0.148126,0.001070,-4.773415,83.268127,19.572731,0.069266,0.983142,0.028477,0.166800,-9.172132,50.119339,9.344059,0.005918,0.967613,0.062816,0.244427,-14.861157,5.720356,5.792227,-0.064812,0.975448,-0.121740,-0.171697,11.946039,84.541641,14.088264,-0.030794,0.959189,-0.242454,-0.142209,17.829390,50.903141,21.615158,-0.052408,0.963848,-0.115507,-0.234324,23.578423,11.364725,42.106934,0.005918,0.967613,0.062816,0.244427,-8.482111,1.602531,-6.467443,-0.052408,0.963848,-0.115507,-0.234324,18.651489,2.544412,31.817345
699,5.825000,-0.049109,0.983767,-0.080671,-0.152588,3.553430,83.905945,16.841122,-0.032257,0.974954,-0.072065,-0.207922,2.676452,91.010147,15.801449,-0.138351,0.957315,-0.107020,-0.230118,1.046002,108.348862,13.569881,0.003259,0.990852,0.010193,-0.134526,-4.644411,125.354477,11.011632,0.049978,0.993139,-0.099283,-0.036338,-4.957079,137.794281,9.708467,-0.039810,0.992608,-0.043481,-0.106083,-6.032441,119.555283,13.432579,-0.407896,0.662697,-0.146431,0.610747,-21.884445,118.419540,16.915274,0.108109,0.081247,-0.568570,-0.811443,-20.118311,102.290154,1.446399,-0.245999,-0.259349,0.768187,0.531141,-13.445969,120.728493,1.621170,-0.315166,0.878864,-0.033492,-0.356576,0.005832,121.076729,10.115006,-0.433849,0.709036,-0.291222,-0.473533,8.906167,129.701202,-0.425757,-0.242299,-0.225698,-0.137273,-0.933546,12.831172,137.310333,-21.144285,0.011922,-0.044655,-0.174756,-0.983526,-4.493877,129.947266,-13.998668,0.063454,0.986853,0.148625,0.002140,-4.814277,83.270790,19.559286,0.069114,0.983012,0.027823,0.167739,-9.171496,50.128460,9.291987,0.005852,0.967663,0.062744,0.244248,-14.853772,5.724287,5.794630,-0.065136,0.975706,-0.121559,-0.170230,11.921137,84.541107,14.122958,-0.031393,0.959525,-0.242125,-0.140365,17.813141,50.902473,21.642506,-0.052283,0.963968,-0.115226,-0.234000,23.570381,11.353082,42.110783,0.005852,0.967663,0.062744,0.244248,-8.478722,1.605038,-6.466640,-0.052283,0.963968,-0.115226,-0.234000,18.647705,2.539910,31.813044
700,5.833333,-0.048881,0.984031,-0.080345,-0.151123,3.517665,83.907738,16.855114,-0.031959,0.975297,-0.071597,-0.206513,2.646167,91.013023,15.818225,-0.137905,0.957747,-0.106768,-0.228701,1.032651,108.352875,13.598293,0.003368,0.991035,0.010485,-0.133152,-4.636889,125.364914,11.036320,0.048846,0.993247,-0.099170,-0.035216,-4.942142,137.813629,9.738121,-0.039644,0.992798,-0.043708,-0.104265,-6.036572,119.564964,13.448755,-0.408112,0.662185,-0.146464,0.611150,-21.901453,118.432556,16.873449,0.109017,0.081726,-0.568551,-0.811287,-20.105366,102.302567,1.408657,-0.247092,-0.259363,0.768160,0.530667,-13.435134,120.742035,1.578015,-0.314708,0.879552,-0.033185,-0.355312,0.012613,121.084175,10.150090,-0.432874,0.709902,-0.290803,-0.473385,8.951632,129.707520,-0.358823,-0.242865,-0.223999,-0.135904,-0.934008,12.920812,137.313293,-21.070177,0.012425,-0.043576,-0.173033,-0.983873,-4.453585,130.009171,-13.972577,0.063004,0.986791,0.149207,0.003369,-4.858288,83.273354,19.547949,0.068903,0.982868,0.027089,0.168788,-9.171248,50.139172,9.235764,0.006255,0.967722,0.062767,0.244000,-14.842442,5.728745,5.800286,-0.065522,0.975875,-0.121390,-0.169230,11.893618,84.542114,14.162276,-0.031728,0.959714,-0.241835,-0.139495,17.802225,50.904129,21.671709,-0.052337,0.964030,-0.114951,-0.233866,23.566330,11.344040,42.117363,0.006255,0.967722,0.062767,0.244000,-8.477277,1.607713,-6.465525,-0.052337,0.964030,-0.114951,-0.233866,18.646204,2.536882,31.813257
701,5.841667,-0.048665,0.984363,-0.079685,-0.149370,3.479492,83.904091,16.866224,-0.031643,0.975683,-0.071203,-0.204868,2.614297,91.011215,15.836655,-0.137283,0.958270,-0.106303,-0.227093,1.017557,108.360313,13.624315,0.002449,0.991211,0.010815,-0.131826,-4.622955,125.382141,11.063313,0.048232,0.993328,-0.099123,-0.033868,-4.946186,137.839615,9.774475,-0.039590,0.992997,-0.043650,-0.102393,-6.037628,119.581100,13.464334,-0.408263,0.661873,-0.146220,0.611445,-21.915237,118.447342,16.829046,0.109995,0.082486,-0.568295,-0.811257,-20.097448,102.323303,1.360571,-0.248124,-0.259747,0.768157,0.530001,-13.420728,120.760223,1.533289,-0.314244,0.880220,-0.032672,-0.354112,0.024311,121.096840,10.187557,-0.431705,0.710804,-0.290309,-0.473401,9.000517,129.720932,-0.288983,-0.243376,-0.222240,-0.134382,-0.934515,13.014315,137.317261,-20.995205,0.013097,-0.042421,-0.169882,-0.984464,-4.415546,130.077240,-13.944195,0.062341,0.986719,0.149932,0.004360,-4.906126,83.268944,19.528618,0.068760,0.982641,0.026107,0.170317,-9.162485,50.144119,9.162992,0.006451,0.967776,0.062962,0.243728,-14.831024,5.727241,5.807453,-0.065893,0.976088,-0.121193,-0.167995,11.865110,84.539238,14.203832,-0.032017,0.959847,-0.241590,-0.138935,17.787233,50.901325,21.702904,-0.051937,0.964184,-0.114547,-0.233519,23.561453,11.332262,42.128349,0.006451,0.967776,0.062962,0.243728,-8.473943,1.610386,-6.463946,-0.051937,0.964184,-0.114547,-0.233519,18.641579,2.536353,31.814518
702,5.850000,-0.048568,0.984699,-0.079271,-0.147393,3.438199,83.905663,16.877062,-0.031171,0.976099,-0.070474,-0.203208,2.577322,91.013870,15.851397,-0.136955,0.958731,-0.105955,-0.225504,1.005595,108.368492,13.657670,0.002843,0.991414,0.011137,-0.130256,-4.616833,125.396263,11.096415,0.047184,0.993417,-0.099149,-0.032660,-4.925111,137.867142,9.811817,-0.039325,0.993219,-0.043676,-0.100311,-6.042586,119.593513,13.486737,-0.408035,0.661424,-0.146223,0.612082,-21.934607,118.465126,16.784550,0.110607,0.082998,-0.568138,-0.811231,-20.090193,102.351822,1.308045,-0.248894,-0.260234,0.767996,0.529634,-13.410255,120.786163,1.484003,-0.313475,0.881179,-0.032288,-0.352441,0.030774,121.109200,10.231153,-0.430353,0.711844,-0.289702,-0.473442,9.061095,129.727219,-0.203797,-0.244036,-0.219997,-0.132477,-0.935146,13.125401,137.312836,-20.904085,0.013880,-0.041072,-0.167100,-0.984986,-4.366934,130.156509,-13.915950,0.061711,0.986642,0.150666,0.005467,-4.957936,83.268066,19.505508,0.068563,0.982358,0.025048,0.172174,-9.158609,50.153221,9.085445,0.006735,0.967827,0.063085,0.243488,-14.820005,5.729046,5.815515,-0.066222,0.976358,-0.120897,-0.166506,11.834333,84.543251,14.248614,-0.032463,0.959986,-0.241324,-0.138336,17.764101,50.903366,21.732807,-0.052022,0.964232,-0.114285,-0.233428,23.560820,11.325327,42.134457,0.006735,0.967827,0.063085,0.243488,-8.471223,1.613862,-6.460740,-0.052022,0.964232,-0.114285,-0.233428,18.643009,2.534956,31.814924
703,5.858333,-0.048033,0.985131,-0.078366,-0.145150,3.376032,83.906219,16.879181,-0.030649,0.976582,-0.069525,-0.201283,2.526939,91.017242,15.863219,-0.136050,0.959337,-0.105678,-0.223596,0.984212,108.375725,13.695295,0.002559,0.991601,0.011503,-0.128795,-4.600242,125.414566,11.124529,0.046447,0.993486,-0.099138,-0.031623,-4.910389,137.894653,9.847986,-0.039005,0.993453,-0.043556,-0.098146,-6.045049,119.612289,13.504559,-0.407461,0.660988,-0.146482,0.612872,-21.951874,118.490509,16.732550,0.110855,0.083374,-0.568017,-0.811244,-20.085035,102.389870,1.245557,-0.249655,-0.260649,0.767748,0.529431,-13.401731,120.824348,1.428525,-0.313397,0.881430,-0.026479,-0.352367,0.043887,121.120628,10.274752,-0.426202,0.713761,-0.288780,-0.474871,9.077512,129.805664,-0.101630,-0.241986,-0.217236,-0.130728,-0.936569,13.240475,137.296539,-20.816824,0.014817,-0.039749,-0.163638,-0.985608,-4.319330,130.243668,-13.892241,0.060743,0.986574,0.151425,0.007284,-5.032597,83.272095,19.468248,0.068421,0.982131,0.023801,0.173699,-9.146644,50.164993,8.989152,0.007215,0.967865,0.063120,0.243313,-14.810115,5.733597,5.822581,-0.066792,0.976711,-0.120692,-0.164340,11.784661,84.540352,14.290115,-0.033118,0.960221,-0.240981,-0.137139,17.734337,50.902306,21.766768,-0.052190,0.964277,-0.113936,-0.233376,23.558069,11.313272,42.139381,0.007215,0.967865,0.063120,0.243313,-8.470134,1.616440,-6.457570,-0.052190,0.964277,-0.113936,-0.233376,18.642225,2.530007,31.812855
704,5.866667,-0.047481,0.985569,-0.077773,-0.142653,3.313629,83.898376,16.891006,-0.029921,0.977081,-0.068901,-0.199172,2.476164,91.011497,15.880123,-0.135323,0.959953,-0.105181,-0.221620,0.966640,108.383324,13.723969,0.002311,0.991803,0.012032,-0.127184,-4.583987,125.433113,11.152560,0.045716,0.993556,-0.099167,-0.030372,-4.894365,137.929764,9.887182,-0.038720,0.993708,-0.043062,-0.095865,-6.046429,119.629753,13.519126,-0.406761,0.660531,-0.146621,0.613797,-21.968369,118.512085,16.673151,0.110625,0.083741,-0.567976,-0.811266,-20.076252,102.430656,1.169281,-0.249865,-0.260963,0.767550,0.529464,-13.392451,120.868134,1.369355,-0.312264,0.882890,-0.031315,-0.349308,0.057707,121.133911,10.316181,-0.426218,0.714627,-0.288041,-0.474002,9.184243,129.748947,-0.037211,-0.245000,-0.214844,-0.127268,-0.936814,13.383555,137.283844,-20.729088,0.016248,-0.037851,-0.159837,-0.986284,-4.268211,130.351898,-13.868785,0.059693,0.986474,0.152393,0.009025,-5.108604,83.268539,19.436529,0.068367,0.981864,0.022448,0.175401,-9.130727,50.173157,8.884994,0.007634,0.967868,0.063176,0.243275,-14.805527,5.735493,5.828664,-0.067447,0.977057,-0.120272,-0.162314,11.735861,84.528214,14.345482,-0.033546,0.960381,-0.240722,-0.136371,17.710024,50.889240,21.798412,-0.052241,0.964424,-0.113300,-0.233066,23.551325,11.291563,42.149181,0.007634,0.967868,0.063176,0.243275,-8.470321,1.617228,-6.453571,-0.052241,0.964424,-0.113300,-0.233066,18.640291,2.522608,31.808222
705,5.875000,-0.047240,0.985989,-0.077374,-0.140026,3.261698,83.900597,16.895939,-0.029741,0.977620,-0.068008,-0.196850,2.431137,91.014938,15.887989,-0.134456,0.960672,-0.104577,-0.219305,0.939374,108.387733,13.757962,0.002398,0.992036,0.012347,-0.125329,-4.570994,125.450577,11.186602,0.044771,0.993634,-0.099166,-0.029197,-4.873291,137.962433,9.925973,-0.038087,0.993992,-0.042469,-0.093414,-6.054230,119.645981,13.537109,-0.405327,0.659967,-0.147528,0.615133,-21.992847,118.543182,16.611139,0.109907,0.083744,-0.567871,-0.811437,-20.079308,102.480675,1.090290,-0.249969,-0.261122,0.767334,0.529651,-13.389531,120.919800,1.307495,-0.311228,0.884214,-0.031482,-0.346859,0.067609,121.145073,10.365728,-0.423391,0.716499,-0.286448,-0.474675,9.270634,129.744370,0.067098,-0.245728,-0.211371,-0.123514,-0.937915,13.549033,137.249435,-20.619415,0.017700,-0.035906,-0.155963,-0.986951,-4.206495,130.479599,-13.845149,0.058842,0.986376,0.153228,0.011052,-5.174040,83.269997,19.396149,0.068306,0.981579,0.021082,0.177182,-9.114772,50.185394,8.780260,0.008051,0.967875,0.063124,0.243245,-14.800594,5.741638,5.834942,-0.067937,0.977423,-0.119973,-0.160109,11.697437,84.531197,14.395727,-0.034143,0.960710,-0.240319,-0.134601,17.684946,50.891842,21.836197,-0.052238,0.964587,-0.113067,-0.232508,23.535616,11.280373,42.157425,0.008051,0.967875,0.063124,0.243245,-8.470218,1.619365,-6.448445,-0.052238,0.964587,-0.113067,-0.232508,18.636221,2.517048,31.806173
706,5.883333,-0.046943,0.986511,-0.076391,-0.136953,3.202693,83.891739,16.895641,-0.029260,0.978231,-0.067047,-0.194199,2.381406,91.008675,15.898448,-0.133954,0.961389,-0.103962,-0.216748,0.918237,108.388947,13.793702,0.002695,0.992268,0.012595,-0.123448,-4.563622,125.461319,11.224656,0.044056,0.993688,-0.099198,-0.028344,-4.853009,137.998169,9.965508,-0.037143,0.994302,-0.041978,-0.090671,-6.064135,119.653831,13.557007,-0.404492,0.659536,-0.147444,0.616165,-22.021492,118.575958,16.541315,0.109467,0.084274,-0.567556,-0.811662,-20.081320,102.541481,0.994813,-0.249901,-0.260803,0.767225,0.529998,-13.380328,120.978271,1.240823,-0.310362,0.885335,-0.031003,-0.344813,0.075337,121.153137,10.420002,-0.419991,0.718728,-0.285089,-0.475143,9.341921,129.746323,0.173405,-0.246485,-0.207600,-0.118832,-0.939163,13.728929,137.207077,-20.506384,0.019793,-0.033288,-0.151425,-0.987710,-4.144511,130.636414,-13.818441,0.058111,0.986235,0.154186,0.013799,-5.248552,83.259308,19.342440,0.068181,0.981221,0.019424,0.179385,-9.107922,50.189327,8.651381,0.008257,0.967839,0.063271,0.243344,-14.803068,5.738011,5.841375,-0.068558,0.977874,-0.119580,-0.157360,11.653938,84.524170,14.448842,-0.034722,0.960991,-0.239996,-0.133014,17.658653,50.884159,21.872452,-0.052336,0.964760,-0.112505,-0.232036,23.522108,11.262351,42.169807,0.008257,0.967839,0.063271,0.243344,-8.471790,1.618375,-6.442423,-0.052336,0.964760,-0.112505,-0.232036,18.632290,2.511568,31.803440
707,5.891667,-0.046819,0.987042,-0.075617,-0.133558,3.141056,83.888649,16.895618,-0.029114,0.978861,-0.066038,-0.191370,2.326423,91.007462,15.906343,-0.133135,0.962190,-0.103276,-0.214009,0.880529,108.399544,13.830115,0.003514,0.992531,0.013139,-0.121236,-4.561024,125.484993,11.262323,0.043073,0.993753,-0.099292,-0.027211,-4.822445,138.040863,10.010990,-0.036663,0.994563,-0.041252,-0.088306,-6.083362,119.675468,13.575381,-0.403839,0.659415,-0.146513,0.616944,-22.055651,118.607498,16.482405,0.109526,0.085065,-0.566925,-0.812012,-20.096067,102.615128,0.895014,-0.250469,-0.260380,0.766882,0.530434,-13.372156,121.043442,1.168802,-0.309037,0.886706,-0.030337,-0.342531,0.075849,121.171257,10.475603,-0.416049,0.721222,-0.283858,-0.475570,9.420174,129.749786,0.287483,-0.247884,-0.203468,-0.113532,-0.940354,13.936777,137.150818,-20.385870,0.020916,-0.031101,-0.144463,-0.988800,-4.066189,130.801254,-13.794383,0.057325,0.986085,0.155124,0.016945,-5.326601,83.251534,19.283775,0.068113,0.980927,0.017746,0.181185,-9.096164,50.195515,8.517788,0.008605,0.967786,0.063428,0.243501,-14.807670,5.737763,5.846221,-0.069364,0.978294,-0.119152,-0.154704,11.608713,84.525764,14.507463,-0.035155,0.961287,-0.239643,-0.131389,17.643728,50.886379,21.909294,-0.052440,0.964916,-0.112133,-0.231546,23.506216,11.252106,42.182575,0.008605,0.967786,0.063428,0.243501,-8.475418,1.620067,-6.437732,-0.052440,0.964916,-0.112133,-0.231546,18.627367,2.509563,31.804079
708,5.900000,-0.046618,0.987643,-0.074545,-0.129738,3.072183,83.883713,16.891670,-0.028683,0.979556,-0.064795,-0.188278,2.266210,91.005119,15.914084,-0.132153,0.963026,-0.102845,-0.211044,0.850289,108.398346,13.873662,0.003637,0.992763,0.013665,-0.119250,-4.546653,125.496437,11.295943,0.042470,0.993801,-0.099286,-0.026406,-4.798379,138.082474,10.053224,-0.035857,0.994846,-0.040970,-0.085541,-6.092952,119.686340,13.591599,-0.401769,0.658839,-0.147321,0.618715,-22.082775,118.639610,16.408535,0.108246,0.085169,-0.566711,-0.812322,-20.099813,102.684738,0.785722,-0.249823,-0.261285,0.766627,0.530662,-13.364647,121.115997,1.093325,-0.308163,0.888029,-0.028411,-0.340049,0.087721,121.175957,10.531834,-0.410901,0.724147,-0.282318,-0.476517,9.504732,129.766266,0.420868,-0.248311,-0.198653,-0.107683,-0.941957,14.171780,137.075531,-20.251715,0.022983,-0.028542,-0.136857,-0.989913,-3.970371,130.983002,-13.770424,0.056399,0.985946,0.155952,0.020213,-5.413545,83.242065,19.213537,0.068059,0.980597,0.015997,0.183142,-9.082060,50.196682,8.380174,0.008743,0.967751,0.063667,0.243572,-14.812425,5.732968,5.852013,-0.070271,0.978802,-0.118670,-0.151412,11.557911,84.525368,14.569802,-0.035231,0.961370,-0.239399,-0.131206,17.624956,50.886810,21.949211,-0.052564,0.965106,-0.111741,-0.230913,23.487558,11.242524,42.202869,0.008743,0.967751,0.063667,0.243572,-8.479101,1.620803,-6.433234,-0.052564,0.965106,-0.111741,-0.230913,18.623171,2.508689,31.810272
709,5.908333,-0.046435,0.988235,-0.073813,-0.125644,2.999760,83.892517,16.886181,-0.028246,0.980309,-0.063324,-0.184896,2.201750,91.015747,15.915328,-0.131099,0.963964,-0.102086,-0.207762,0.817876,108.410172,13.918336,0.003418,0.993031,0.013841,-0.116987,-4.528813,125.523964,11.340008,0.041955,0.993856,-0.099248,-0.025279,-4.779405,138.127563,10.099218,-0.035005,0.995208,-0.040376,-0.081887,-6.101669,119.712112,13.613084,-0.400674,0.658528,-0.147123,0.619804,-22.113371,118.686104,16.310871,0.107294,0.085862,-0.566356,-0.812623,-20.109379,102.767502,0.653771,-0.248858,-0.261942,0.765820,0.531955,-13.362123,121.196510,1.007241,-0.307104,0.889293,-0.025642,-0.337916,0.102317,121.196129,10.598101,-0.404703,0.727368,-0.280471,-0.478003,9.587590,129.800888,0.563508,-0.247887,-0.193631,-0.101559,-0.943793,14.417665,136.988174,-20.114403,0.025820,-0.026362,-0.125785,-0.991371,-3.865261,131.171967,-13.743460,0.055493,0.985788,0.156775,0.023759,-5.504718,83.246567,19.137180,0.067913,0.980375,0.014249,0.184527,-9.070097,50.212074,8.236359,0.009190,0.967737,0.063587,0.243632,-14.813204,5.741817,5.856442,-0.071230,0.979325,-0.118181,-0.147927,11.504239,84.538475,14.635181,-0.035981,0.961918,-0.238864,-0.127922,17.605560,50.901318,21.992668,-0.052381,0.965366,-0.111619,-0.229924,23.457834,11.238819,42.213646,0.009190,0.967737,0.063587,0.243632,-8.482837,1.624653,-6.428661,-0.052381,0.965366,-0.111619,-0.229924,18.612940,2.509303,31.808317
710,5.916667,-0.046019,0.988857,-0.073168,-0.121204,2.916441,83.902092,16.887295,-0.028033,0.981061,-0.062194,-0.181291,2.129832,91.027245,15.921295,-0.129739,0.964974,-0.101230,-0.204318,0.768132,108.422470,13.957155,0.003903,0.993313,0.014569,-0.114459,-4.516728,125.555420,11.378586,0.041047,0.993912,-0.099383,-0.024040,-4.746268,138.180756,10.151116,-0.034536,0.995504,-0.039719,-0.078745,-6.120425,119.742645,13.627617,-0.399536,0.658478,-0.146246,0.620797,-22.149609,118.725693,16.223051,0.106767,0.087077,-0.565591,-0.813096,-20.131166,102.859428,0.514780,-0.248581,-0.262714,0.765018,0.532857,-13.357574,121.279434,0.923587,-0.305157,0.891418,-0.028165,-0.333855,0.108587,121.217438,10.660088,-0.399862,0.730503,-0.277721,-0.478902,9.721416,129.762955,0.696512,-0.249231,-0.188693,-0.095137,-0.945107,14.687591,136.896332,-19.967819,0.028265,-0.024016,-0.114274,-0.992757,-3.735091,131.355637,-13.711866,0.054615,0.985576,0.157669,0.028239,-5.608047,83.255722,19.061157,0.067728,0.980097,0.012438,0.186196,-9.061226,50.234146,8.085364,0.009590,0.967723,0.063233,0.243767,-14.814530,5.757305,5.858081,-0.072419,0.979878,-0.117466,-0.144210,11.440929,84.548462,14.713433,-0.036709,0.962461,-0.238353,-0.124533,17.588543,50.911461,22.033001,-0.052542,0.965574,-0.111504,-0.229069,23.427164,11.231857,42.224335,0.009590,0.967723,0.063233,0.243767,-8.485539,1.628014,-6.423656,-0.052542,0.965574,-0.111504,-0.229069,18.603693,2.504773,31.807026
711,5.925000,-0.045797,0.989520,-0.072180,-0.116375,2.837176,83.904594,16.873446,-0.027807,0.981865,-0.060560,-0.177484,2.060083,91.032120,15.917304,-0.128502,0.965977,-0.100543,-0.200666,0.723753,108.436249,14.002456,0.004200,0.993600,0.014949,-0.111880,-4.504144,125.585793,11.418099,0.040371,0.993972,-0.099328,-0.022873,-4.718260,138.233810,10.195693,-0.033736,0.995860,-0.038640,-0.075043,-6.137415,119.772148,13.643477,-0.397373,0.658162,-0.146664,0.622420,-22.186903,118.773285,16.117664,0.105345,0.087697,-0.565380,-0.813362,-20.155281,102.954193,0.363566,-0.248657,-0.264048,0.763661,0.534107,-13.374135,121.377647,0.825678,-0.303378,0.893243,-0.027529,-0.330638,0.116979,121.239075,10.725858,-0.393606,0.733917,-0.275072,-0.480391,9.834615,129.760773,0.843883,-0.248566,-0.183815,-0.087964,-0.946937,14.959291,136.788010,-19.818117,0.033505,-0.020008,-0.100832,-0.994138,-3.603484,131.565460,-13.655977,0.053685,0.985409,0.158222,0.032460,-5.707915,83.253304,18.963333,0.067619,0.979645,0.010561,0.188710,-9.048508,50.236904,7.937223,0.010009,0.967664,0.063397,0.243940,-14.818467,5.754861,5.862132,-0.073501,0.980591,-0.116702,-0.139352,11.382267,84.555885,14.783555,-0.037627,0.963034,-0.237865,-0.120707,17.560383,50.917423,22.070650,-0.053453,0.965738,-0.111305,-0.228263,23.393049,11.223033,42.234634,0.010009,0.967664,0.063397,0.243940,-8.488742,1.627259,-6.419799,-0.053453,0.965738,-0.111305,-0.228263,18.600229,2.496751,31.802511
712,5.933333,-0.045444,0.990188,-0.071246,-0.111300,2.750748,83.912949,16.861265,-0.027531,0.982717,-0.058978,-0.173296,1.985068,91.042885,15.913876,-0.127116,0.967066,-0.099864,-0.196602,0.676098,108.452728,14.046165,0.004445,0.993903,0.015480,-0.109080,-4.488655,125.620033,11.452820,0.039596,0.994039,-0.099249,-0.021655,-4.687522,138.288452,10.239667,-0.032552,0.996238,-0.037569,-0.070981,-6.154530,119.805908,13.652621,-0.396511,0.657799,-0.146282,0.623443,-22.225868,118.837425,15.993430,0.105031,0.089285,-0.564764,-0.813657,-20.167797,103.054192,0.206850,-0.248825,-0.264576,0.762990,0.534727,-13.369603,121.472046,0.730295,-0.301349,0.895352,-0.027783,-0.326743,0.127649,121.263542,10.790562,-0.387389,0.737422,-0.272639,-0.481462,9.968503,129.747742,0.998680,-0.249305,-0.178635,-0.080882,-0.948364,15.264666,136.670593,-19.655312,0.035626,-0.017574,-0.088338,-0.995298,-3.431406,131.759293,-13.609706,0.052423,0.985216,0.158940,0.036587,-5.815294,83.258980,18.862671,0.067608,0.979496,0.008699,0.189579,-9.020712,50.249146,7.776953,0.010615,0.967615,0.063227,0.244152,-14.819678,5.763748,5.860722,-0.074506,0.981153,-0.116026,-0.135369,11.316792,84.566917,14.859859,-0.038583,0.963597,-0.237315,-0.116931,17.527843,50.927860,22.116119,-0.053752,0.965963,-0.111189,-0.227297,23.358730,11.216587,42.247345,0.010615,0.967615,0.063227,0.244152,-8.490902,1.627618,-6.418826,-0.053752,0.965963,-0.111189,-0.227297,18.591860,2.492258,31.801706
713,5.941667,-0.045020,0.990865,-0.070132,-0.106023,2.668890,83.926826,16.847149,-0.027683,0.983577,-0.057411,-0.168860,1.915995,91.059586,15.910904,-0.125330,0.968260,-0.099065,-0.192228,0.619756,108.471046,14.092628,0.004789,0.994230,0.015909,-0.105976,-4.466475,125.660446,11.490404,0.038527,0.994125,-0.099110,-0.020212,-4.647027,138.349564,10.283587,-0.031572,0.996589,-0.036722,-0.066822,-6.170792,119.846916,13.662149,-0.394147,0.657137,-0.147301,0.625397,-22.262823,118.902924,15.866813,0.103924,0.090255,-0.564209,-0.814077,-20.179173,103.159698,0.043668,-0.249568,-0.264805,0.762545,0.534902,-13.360810,121.575722,0.626610,-0.299353,0.897388,-0.027735,-0.322976,0.141746,121.290627,10.860471,-0.380312,0.741365,-0.269332,-0.482909,10.101273,129.740417,1.159239,-0.249432,-0.173615,-0.073034,-0.949899,15.578485,136.550385,-19.485048,0.038549,-0.014226,-0.076254,-0.996241,-3.247853,131.983521,-13.539561,0.051538,0.984999,0.159483,0.041066,-5.918059,83.271019,18.756226,0.067419,0.979114,0.006806,0.191689,-9.010375,50.266838,7.621667,0.011082,0.967573,0.063004,0.244357,-14.821336,5.776515,5.862601,-0.075589,0.981897,-0.115143,-0.130023,11.255839,84.582634,14.938071,-0.039462,0.964129,-0.236842,-0.113152,17.493704,50.940659,22.157726,-0.054264,0.966205,-0.111165,-0.226153,23.317163,11.215385,42.263454,0.011082,0.967573,0.063004,0.244357,-8.492543,1.631327,-6.413879,-0.054264,0.966205,-0.111165,-0.226153,18.583887,2.490097,31.803358
714,5.950000,-0.044758,0.991547,-0.069203,-0.100210,2.567596,83.944992,16.838730,-0.026909,0.984537,-0.055758,-0.163873,1.825263,91.079964,15.910959,-0.123974,0.969466,-0.098189,-0.187416,0.574484,108.498451,14.138696,0.004781,0.994556,0.016924,-0.102711,-4.446388,125.706352,11.531866,0.037771,0.994164,-0.099309,-0.018680,-4.615532,138.416077,10.347307,-0.030607,0.996950,-0.035817,-0.062218,-6.185339,119.891151,13.671446,-0.392954,0.657103,-0.146710,0.626322,-22.298664,118.970779,15.725480,0.103547,0.091912,-0.562858,-0.814875,-20.205179,103.273796,-0.142248,-0.248463,-0.266008,0.761624,0.536129,-13.336820,121.674965,0.510615,-0.297164,0.899596,-0.027258,-0.318870,0.157750,121.327499,10.935752,-0.373253,0.744964,-0.267271,-0.484022,10.245516,129.743362,1.338072,-0.250248,-0.168245,-0.064452,-0.951271,15.912981,136.410202,-19.301590,0.040954,-0.011218,-0.064499,-0.997014,-3.049168,132.215836,-13.464678,0.050240,0.984785,0.159993,0.045565,-6.040923,83.284393,18.646332,0.067328,0.978839,0.004949,0.193176,-8.991306,50.282372,7.466932,0.011825,0.967515,0.062811,0.244602,-14.823919,5.788985,5.863832,-0.076930,0.982561,-0.114117,-0.125030,11.176115,84.605583,15.031126,-0.040243,0.964652,-0.236359,-0.109371,17.460428,50.961464,22.200329,-0.054835,0.966451,-0.111295,-0.224899,23.268270,11.221236,42.281021,0.011825,0.967515,0.062811,0.244602,-8.496644,1.633803,-6.410059,-0.054835,0.966451,-0.111295,-0.224899,18.572660,2.491342,31.807793
715,5.958333,-0.044338,0.992232,-0.067945,-0.094304,2.468729,83.970177,16.821854,-0.026519,0.985478,-0.054058,-0.158772,1.739604,91.108192,15.907046,-0.122219,0.970720,-0.097402,-0.182422,0.521369,108.526550,14.185485,0.005015,0.994888,0.017894,-0.099259,-4.420441,125.755692,11.567841,0.036619,0.994231,-0.099363,-0.017082,-4.571769,138.486343,10.403817,-0.029707,0.997286,-0.035055,-0.057532,-6.198882,119.940819,13.675621,-0.390144,0.656463,-0.147956,0.628453,-22.332230,119.042419,15.576477,0.101806,0.092802,-0.562420,-0.815296,-20.217539,103.390327,-0.332722,-0.248670,-0.266861,0.760502,0.537200,-13.333400,121.791710,0.390751,-0.295043,0.901894,-0.027222,-0.314317,0.176366,121.364250,11.008808,-0.365828,0.748764,-0.264917,-0.485120,10.398804,129.744537,1.523144,-0.251390,-0.162810,-0.055408,-0.952484,16.264572,136.263763,-19.108259,0.042991,-0.008741,-0.051478,-0.997710,-2.831227,132.459885,-13.378789,0.048980,0.984565,0.160405,0.050029,-6.160715,83.307083,18.525797,0.067234,0.978437,0.003031,0.195275,-8.972168,50.305538,7.309246,0.012182,0.967496,0.062372,0.244773,-14.826769,5.809638,5.863837,-0.078073,0.983306,-0.113104,-0.119252,11.098172,84.633270,15.117910,-0.041316,0.965264,-0.235801,-0.104669,17.410582,50.985455,22.244957,-0.056151,0.966657,-0.111537,-0.223565,23.208584,11.229444,42.297218,0.012182,0.967496,0.062372,0.244773,-8.499859,1.640271,-6.405433,-0.056151,0.966657,-0.111537,-0.223565,18.563753,2.489191,31.809998
716,5.966667,-0.043859,0.992895,-0.066881,-0.088103,2.374623,83.988884,16.799042,-0.026491,0.986441,-0.052160,-0.153333,1.659403,91.129593,15.894291,-0.120369,0.972036,-0.096566,-0.177012,0.461794,108.554756,14.231454,0.005111,0.995246,0.018625,-0.095461,-4.396255,125.806023,11.602803,0.035565,0.994312,-0.099240,-0.015186,-4.532920,138.551102,10.454179,-0.028233,0.997652,-0.033974,-0.052341,-6.216378,119.991562,13.675844,-0.388852,0.656226,-0.147599,0.629583,-22.371063,119.132889,15.406216,0.101404,0.094806,-0.561486,-0.815759,-20.237715,103.525497,-0.544342,-0.248950,-0.268003,0.759433,0.538014,-13.325369,121.918343,0.257925,-0.293013,0.904167,-0.026933,-0.309678,0.192642,121.401421,11.083815,-0.357293,0.752957,-0.262279,-0.486423,10.548103,129.750793,1.715924,-0.251947,-0.157262,-0.046262,-0.953757,16.633862,136.092728,-18.907019,0.044370,-0.006122,-0.038560,-0.998252,-2.586937,132.690491,-13.287222,0.048037,0.984291,0.160724,0.055067,-6.275520,83.324577,18.394068,0.067054,0.977886,0.000985,0.198093,-8.963330,50.323807,7.144979,0.012628,0.967423,0.062106,0.245105,-14.834409,5.824995,5.865588,-0.079042,0.984039,-0.112184,-0.113287,11.024764,84.653198,15.204016,-0.042551,0.965916,-0.235212,-0.099354,17.353388,51.001530,22.298416,-0.057075,0.966976,-0.111524,-0.221953,23.143124,11.229915,42.322098,0.012628,0.967423,0.062106,0.245105,-8.504247,1.645472,-6.398540,-0.057075,0.966976,-0.111524,-0.221953,18.548737,2.487189,31.814739
717,5.975000,-0.043590,0.993538,-0.065798,-0.081567,2.277974,84.008873,16.780481,-0.026250,0.987440,-0.050474,-0.147393,1.573810,91.151985,15.886201,-0.118487,0.973426,-0.095505,-0.171122,0.403171,108.584358,14.273093,0.004629,0.995603,0.019075,-0.091598,-4.367360,125.859306,11.639649,0.034974,0.994378,-0.099046,-0.013408,-4.504584,138.614151,10.501097,-0.026940,0.997987,-0.032889,-0.047052,-6.231021,120.044472,13.672568,-0.385957,0.655807,-0.148748,0.631528,-22.405130,119.219955,15.229376,0.099899,0.096255,-0.560839,-0.816220,-20.262386,103.659607,-0.765832,-0.250120,-0.269115,0.757856,0.539139,-13.329482,122.049644,0.120830,-0.290729,0.906604,-0.026426,-0.304710,0.213279,121.441414,11.162312,-0.348750,0.756909,-0.260159,-0.487626,10.711452,129.756042,1.923231,-0.252571,-0.151525,-0.036882,-0.954928,17.015085,135.903564,-18.693140,0.046025,-0.003773,-0.024377,-0.998636,-2.327608,132.915039,-13.188129,0.047115,0.983980,0.161168,0.059902,-6.392148,83.339508,18.260796,0.066773,0.977454,-0.001071,0.200309,-8.959305,50.342590,6.972291,0.012620,0.967402,0.061700,0.245292,-14.839954,5.840421,5.865095,-0.080133,0.984703,-0.111167,-0.107617,10.948095,84.678238,15.300167,-0.043439,0.966553,-0.234655,-0.093946,17.303387,51.022827,22.352877,-0.057319,0.967527,-0.111701,-0.219384,23.053698,11.234561,42.354847,0.012620,0.967402,0.061700,0.245292,-8.506224,1.649866,-6.393430,-0.057319,0.967527,-0.111701,-0.219384,18.523058,2.488926,31.822252
718,5.983333,-0.043101,0.994174,-0.064545,-0.074800,2.168522,84.033188,16.758528,-0.025818,0.988428,-0.048508,-0.141387,1.478788,91.179276,15.876873,-0.116952,0.974719,-0.094619,-0.165206,0.343343,108.608017,14.323555,0.005261,0.995959,0.019727,-0.087455,-4.352769,125.902153,11.682338,0.034173,0.994431,-0.099023,-0.011601,-4.461250,138.683990,10.554949,-0.025369,0.998312,-0.032064,-0.041239,-6.255029,120.086227,13.676015,-0.384527,0.655531,-0.148110,0.632836,-22.448513,119.305168,15.042119,0.099342,0.098156,-0.559311,-0.817110,-20.281046,103.801003,-1.004234,-0.248437,-0.270512,0.756603,0.540976,-13.293854,122.170700,-0.034613,-0.288374,0.909174,-0.026546,-0.299228,0.222447,121.474266,11.247535,-0.340115,0.760954,-0.258191,-0.488476,10.872724,129.747086,2.146031,-0.252665,-0.145617,-0.027409,-0.956141,17.405880,135.696426,-18.457020,0.049285,-0.000500,-0.008994,-0.998744,-2.051616,133.132080,-13.071927,0.046183,0.983646,0.161241,0.065646,-6.521016,83.362396,18.119539,0.066505,0.977206,-0.002855,0.201588,-8.957808,50.361038,6.815144,0.013138,0.967355,0.061304,0.245546,-14.845887,5.856297,5.861745,-0.081251,0.985434,-0.109985,-0.101103,10.858061,84.703979,15.397517,-0.044836,0.967036,-0.234746,-0.087895,17.235487,51.042904,22.403065,-0.058436,0.967889,-0.112055,-0.217300,22.982193,11.269554,42.435699,0.013138,0.967355,0.061304,0.245546,-8.511923,1.651665,-6.391835,-0.058436,0.967889,-0.112055,-0.217300,18.517504,2.512908,31.884113
719,5.991667,-0.042429,0.994760,-0.063465,-0.067999,2.066227,84.059212,16.736738,-0.025862,0.989418,-0.046637,-0.134939,1.393213,91.208138,15.865168,-0.114974,0.976136,-0.093608,-0.158673,0.275668,108.635643,14.370078,0.005451,0.996316,0.020816,-0.083020,-4.328288,125.953293,11.720700,0.033432,0.994465,-0.099148,-0.009565,-4.417550,138.757324,10.617245,-0.023883,0.998621,-0.030623,-0.035338,-6.275965,120.137550,13.670585,-0.381513,0.654924,-0.149075,0.635058,-22.486536,119.396683,14.842693,0.097443,0.099454,-0.558643,-0.817638,-20.296278,103.949234,-1.255183,-0.248316,-0.271829,0.754744,0.542963,-13.287356,122.313141,-0.197037,-0.285813,0.911832,-0.026111,-0.293584,0.237845,121.511665,11.333075,-0.330879,0.764840,-0.256259,-0.489766,11.044857,129.742462,2.379439,-0.251608,-0.139941,-0.017804,-0.957493,17.799301,135.461838,-18.217373,0.053858,0.002629,0.007210,-0.998519,-1.760858,133.332626,-12.940793,0.045339,0.983257,0.161455,0.071288,-6.641459,83.390732,17.977591,0.066228,0.977185,-0.004644,0.201745,-8.954284,50.388821,6.648796,0.013452,0.967317,0.060653,0.245843,-14.850328,5.881971,5.856439,-0.082276,0.986175,-0.108804,-0.094079,10.773913,84.727684,15.495886,-0.046384,0.967752,-0.234085,-0.080672,17.164429,51.060261,22.458811,-0.059489,0.968322,-0.112209,-0.214996,22.891554,11.271774,42.466980,0.013452,0.967317,0.060653,0.245843,-8.513827,1.657657,-6.389059,-0.059489,0.968322,-0.112209,-0.214996,18.496202,2.509284,31.891165
720,6.000000,-0.041862,0.995322,-0.062313,-0.060827,1.955626,84.081802,16.713509,-0.025129,0.990440,-0.044735,-0.128049,1.298033,91.233513,15.853113,-0.113435,0.977520,-0.092461,-0.151782,0.224536,108.672821,14.412479,0.005736,0.996699,0.021048,-0.078194,-4.301013,126.010941,11.761868,0.032356,0.994539,-0.098947,-0.007354,-4.369394,138.829987,10.660839,-0.022720,0.998907,-0.028898,-0.028857,-6.289430,120.192993,13.663456,-0.378351,0.654814,-0.149653,0.636925,-22.515303,119.481621,14.622799,0.095100,0.101078,-0.557620,-0.818412,-20.326302,104.099915,-1.538071,-0.247409,-0.273540,0.753024,0.544904,-13.281155,122.455444,-0.368499,-0.282878,0.914720,-0.025813,-0.287404,0.259527,121.559677,11.421762,-0.321342,0.768704,-0.253674,-0.491410,11.237678,129.738007,2.629702,-0.249489,-0.134378,-0.008489,-0.958971,18.198702,135.224045,-17.961802,0.059608,0.005766,0.024199,-0.997912,-1.453057,133.524628,-12.792789,0.044509,0.982885,0.161467,0.076715,-6.769205,83.413605,17.827614,0.065871,0.976728,-0.006537,0.204011,-8.962502,50.406731,6.489485,0.013740,0.967251,0.060289,0.246175,-14.860153,5.897546,5.856030,-0.083455,0.986847,-0.107572,-0.087161,10.680457,84.750008,15.599404,-0.047221,0.968209,-0.233644,-0.075840,17.096037,51.077599,22.515047,-0.060523,0.968828,-0.112263,-0.212385,22.793262,11.277596,42.508846,0.013740,0.967251,0.060289,0.246175,-8.519234,1.661401,-6.383095,-0.060523,0.968828,-0.112263,-0.212385,18.473742,2.512078,31.904333
721,6.008333,-0.041458,0.995816,-0.061267,-0.053639,1.855816,84.113106,16.695967,-0.025098,0.991413,-0.042684,-0.121032,1.211031,91.267181,15.845529,-0.111259,0.978963,-0.091312,-0.144622,0.157970,108.704254,14.469032,0.005545,0.997084,0.021198,-0.073092,-4.266346,126.067734,11.813509,0.031331,0.994597,-0.098869,-0.004591,-4.325417,138.904541,10.713597,-0.021543,0.999156,-0.027401,-0.021720,-6.303100,120.250526,13.665525,-0.375033,0.654711,-0.150186,0.638864,-22.542423,119.569489,14.390909,0.092101,0.102202,-0.556816,-0.819163,-20.354553,104.258659,-1.837285,-0.245676,-0.274865,0.751337,0.547345,-13.280121,122.604538,-0.559168,-0.279888,0.917676,-0.025950,-0.280820,0.282708,121.601151,11.524305,-0.311639,0.772573,-0.250978,-0.492972,11.437363,129.721695,2.902468,-0.247251,-0.128531,0.000786,-0.960389,18.604815,134.969193,-17.680395,0.065317,0.008647,0.041763,-0.996953,-1.125522,133.702972,-12.634963,0.043703,0.982490,0.161676,0.081636,-6.884126,83.442741,17.683121,0.065513,0.976429,-0.008422,0.205485,-8.963993,50.435631,6.324345,0.014078,0.967250,0.059649,0.246314,-14.864182,5.924770,5.853859,-0.084336,0.987512,-0.106254,-0.080115,10.595758,84.783478,15.708815,-0.048603,0.968868,-0.232995,-0.068159,17.015696,51.101696,22.574598,-0.062136,0.969362,-0.112496,-0.209336,22.670759,11.286407,42.549927,0.014078,0.967250,0.059649,0.246314,-8.524879,1.669227,-6.379376,-0.062136,0.969362,-0.112496,-0.209336,18.446545,2.512150,31.914288
722,6.016667,-0.040841,0.996296,-0.059871,-0.046290,1.747145,84.140747,16.663378,-0.024512,0.992371,-0.040745,-0.113750,1.118410,91.297997,15.827812,-0.109477,0.980354,-0.089889,-0.137262,0.103835,108.736061,14.509000,0.005012,0.997421,0.022298,-0.068039,-4.231363,126.123131,11.860890,0.030554,0.994591,-0.099261,-0.001878,-4.288360,138.978455,10.787301,-0.020291,0.999335,-0.026331,-0.014956,-6.311842,120.304230,13.658175,-0.372421,0.655268,-0.149258,0.640038,-22.560936,119.657204,14.161884,0.089884,0.104309,-0.555870,-0.819786,-20.393332,104.432465,-2.149807,-0.245402,-0.276763,0.749994,0.548352,-13.291609,122.767639,-0.748516,-0.276724,0.920709,-0.025378,-0.273996,0.308793,121.644615,11.620429,-0.301711,0.776347,-0.247734,-0.494858,11.643936,129.708862,3.183146,-0.244281,-0.123266,0.009786,-0.961788,19.000875,134.714294,-17.393143,0.071432,0.011343,0.059659,-0.995595,-0.796740,133.868652,-12.453166,0.042945,0.982059,0.161362,0.087627,-7.006645,83.471786,17.520149,0.065223,0.976159,-0.010115,0.206779,-8.967360,50.452988,6.174147,0.014462,0.967181,0.059283,0.246651,-14.872948,5.941537,5.849716,-0.085172,0.988144,-0.105072,-0.072648,10.500935,84.809708,15.806608,-0.050049,0.969383,-0.232399,-0.061497,16.920879,51.120377,22.635225,-0.064251,0.969742,-0.112718,-0.206802,22.561419,11.292976,42.590511,0.014462,0.967181,0.059283,0.246651,-8.530056,1.673499,-6.377301,-0.064251,0.969742,-0.112718,-0.206802,18.427864,2.508111,31.928045
723,6.025000,-0.040597,0.996707,-0.058628,-0.038588,1.647129,84.152344,16.624107,-0.024271,0.993316,-0.038209,-0.106177,1.029042,91.312012,15.801427,-0.107190,0.981773,-0.088656,-0.129509,0.042014,108.762505,14.561774,0.003955,0.997747,0.023062,-0.062871,-4.186442,126.175499,11.911392,0.029768,0.994591,-0.099508,0.000896,-4.255316,139.050949,10.856208,-0.018783,0.999485,-0.024975,-0.007289,-6.316519,120.357849,13.653792,-0.368817,0.655510,-0.149915,0.641722,-22.573078,119.752884,13.906119,0.086743,0.105342,-0.554896,-0.820651,-20.428469,104.599884,-2.475266,-0.244211,-0.277776,0.748082,0.550977,-13.288125,122.924660,-0.963882,-0.273511,0.923678,-0.025087,-0.267173,0.340290,121.680832,11.725465,-0.291683,0.780046,-0.244432,-0.496691,11.853118,129.683380,3.472022,-0.241801,-0.117955,0.019236,-0.962938,19.395363,134.441315,-17.095896,0.076840,0.014014,0.077002,-0.993967,-0.460535,134.032410,-12.262508,0.042197,0.981660,0.161284,0.092472,-7.118548,83.478409,17.344620,0.064890,0.975590,-0.012203,0.209437,-8.972513,50.453388,5.998787,0.014655,0.967076,0.059299,0.247049,-14.887261,5.942223,5.847448,-0.086310,0.988610,-0.104027,-0.066178,10.412805,84.826286,15.903597,-0.050600,0.969802,-0.231911,-0.056049,16.861809,51.135319,22.696692,-0.065546,0.970356,-0.112744,-0.203476,22.436098,11.292568,42.639942,0.014655,0.967076,0.059299,0.247049,-8.536349,1.673115,-6.375032,-0.065546,0.970356,-0.112744,-0.203476,18.399097,2.505902,31.942022
724,6.033333,-0.039790,0.997070,-0.057584,-0.030856,1.529315,84.181465,16.591387,-0.023724,0.994229,-0.036093,-0.098204,0.929673,91.343826,15.778547,-0.105075,0.983142,-0.087601,-0.121318,-0.020099,108.782043,14.603993,0.004050,0.998056,0.024316,-0.057245,-4.147592,126.218033,11.945700,0.028204,0.994613,-0.099679,0.003583,-4.197062,139.120758,10.919209,-0.017346,0.999579,-0.023249,0.000214,-6.325112,120.401382,13.631877,-0.364589,0.655664,-0.150567,0.643824,-22.585087,119.837044,13.638039,0.083042,0.106574,-0.554032,-0.821459,-20.458313,104.772827,-2.827333,-0.243089,-0.279052,0.746399,0.553107,-13.284445,123.091415,-1.187417,-0.270457,0.926668,-0.024192,-0.259910,0.367024,121.709152,11.818901,-0.281447,0.783911,-0.240972,-0.498200,12.058458,129.659744,3.768829,-0.239952,-0.112849,0.028691,-0.963776,19.796440,134.169205,-16.782349,0.080626,0.016373,0.093504,-0.992214,-0.106165,134.192474,-12.050726,0.041513,0.981149,0.160998,0.098503,-7.246975,83.512886,17.174572,0.064434,0.975128,-0.014020,0.211605,-8.986463,50.477421,5.841034,0.015280,0.967026,0.058786,0.247329,-14.895521,5.965245,5.844310,-0.087133,0.989140,-0.102761,-0.058737,10.305606,84.850044,16.008202,-0.051938,0.970249,-0.231412,-0.048664,16.755417,51.150749,22.759071,-0.066299,0.971107,-0.112991,-0.199470,22.292305,11.299523,42.695797,0.015280,0.967026,0.058786,0.247329,-8.545195,1.678251,-6.372209,-0.066299,0.971107,-0.112991,-0.199470,18.361225,2.509012,31.961653
725,6.041667,-0.038953,0.997372,-0.056547,-0.023101,1.414450,84.197960,16.555428,-0.023119,0.995105,-0.033864,-0.089920,0.833528,91.362991,15.752565,-0.103107,0.984493,-0.086217,-0.112735,-0.078058,108.800949,14.646189,0.003548,0.998354,0.024865,-0.051566,-4.107605,126.260506,11.992266,0.027075,0.994633,-0.099675,0.006172,-4.154113,139.186768,10.977563,-0.015433,0.999615,-0.021586,0.008093,-6.331057,120.443329,13.615540,-0.360476,0.655972,-0.151071,0.645706,-22.590950,119.935669,13.363125,0.079258,0.107465,-0.552899,-0.822479,-20.489098,104.960106,-3.186110,-0.240918,-0.279944,0.745392,0.554961,-13.268434,123.263252,-1.425500,-0.267358,0.929559,-0.023093,-0.252799,0.395212,121.738579,11.923935,-0.271207,0.787546,-0.238196,-0.499481,12.259535,129.635498,4.076517,-0.238821,-0.107674,0.038672,-0.964301,20.193932,133.877579,-16.456703,0.083569,0.018412,0.109249,-0.990324,0.251956,134.351532,-11.825941,0.040326,0.980802,0.160594,0.103005,-7.370391,83.535614,17.000757,0.064321,0.974698,-0.015727,0.213494,-8.979679,50.484276,5.694290,0.015085,0.966936,0.058352,0.247796,-14.911449,5.975354,5.837679,-0.087970,0.989634,-0.101396,-0.051028,10.199291,84.860313,16.110100,-0.053189,0.970575,-0.231057,-0.042039,16.649771,51.151775,22.814037,-0.067653,0.971768,-0.112976,-0.195771,22.158192,11.297628,42.752819,0.015085,0.966936,0.058352,0.247796,-8.548982,1.677547,-6.368727,-0.067653,0.971768,-0.112976,-0.195771,18.333553,2.507032,31.980356
726,6.050000,-0.038383,0.997620,-0.055291,-0.014947,1.303633,84.217903,16.508734,-0.022581,0.995934,-0.031532,-0.081312,0.737736,91.385605,15.719069,-0.101178,0.985792,-0.084813,-0.103845,-0.138296,108.816910,14.685255,0.003079,0.998625,0.025911,-0.045473,-4.070777,126.299431,12.036932,0.025908,0.994617,-0.099897,0.009316,-4.111948,139.255493,11.046454,-0.013476,0.999575,-0.020157,0.016209,-6.339177,120.481682,13.594620,-0.355775,0.656418,-0.151547,0.647745,-22.594488,120.032738,13.076262,0.076426,0.109427,-0.551667,-0.823315,-20.525356,105.160690,-3.570157,-0.242142,-0.282381,0.742968,0.556441,-13.261654,123.451271,-1.674974,-0.264419,0.932396,-0.022041,-0.245428,0.419821,121.764862,12.028968,-0.260342,0.791286,-0.235126,-0.500804,12.454485,129.611252,4.393109,-0.237755,-0.102467,0.048970,-0.964663,20.588472,133.568161,-16.118931,0.085757,0.020697,0.125067,-0.988218,0.619920,134.505814,-11.589475,0.039560,0.980342,0.159974,0.108500,-7.487455,83.556953,16.809250,0.064022,0.974127,-0.017574,0.216031,-8.985888,50.487431,5.540782,0.015447,0.966816,0.058383,0.248232,-14.927605,5.980584,5.836140,-0.088760,0.990043,-0.100238,-0.043472,10.094722,84.878860,16.208220,-0.054486,0.970921,-0.230559,-0.034429,16.545355,51.163769,22.878952,-0.069279,0.972512,-0.113087,-0.191397,22.009045,11.301538,42.813873,0.015447,0.966816,0.058383,0.248232,-8.557797,1.681010,-6.365809,-0.069279,0.972512,-0.113087,-0.191397,18.311459,2.508316,31.999281
727,6.058333,-0.037420,0.997775,-0.054760,-0.006744,1.184329,84.238396,16.482737,-0.021810,0.996699,-0.029469,-0.072435,0.638857,91.407997,15.695961,-0.099266,0.987041,-0.083270,-0.094667,-0.195729,108.841026,14.724472,0.002744,0.998869,0.026592,-0.039321,-4.030901,126.346840,12.087292,0.024731,0.994605,-0.100007,0.012173,-4.063759,139.321899,11.112391,-0.011954,0.999465,-0.017955,0.024587,-6.343491,120.528282,13.575478,-0.350606,0.656775,-0.152244,0.650034,-22.588936,120.125137,12.782827,0.072601,0.110584,-0.550782,-0.824099,-20.550335,105.363724,-3.965518,-0.242448,-0.284126,0.740569,0.558613,-13.252893,123.642387,-1.941848,-0.261314,0.935227,-0.020729,-0.237983,0.446625,121.799660,12.140282,-0.249286,0.794829,-0.232533,-0.502028,12.651528,129.591400,4.721766,-0.236719,-0.097093,0.059494,-0.964882,20.983131,133.241104,-15.767908,0.087742,0.022954,0.139995,-0.985990,0.995736,134.653488,-11.345257,0.038756,0.979852,0.159523,0.113754,-7.611186,83.586212,16.637592,0.063661,0.973598,-0.019260,0.218364,-8.997994,50.502216,5.397352,0.015583,0.966732,0.057996,0.248643,-14.941799,5.996802,5.832919,-0.089635,0.990432,-0.098692,-0.035642,9.979845,84.890579,16.327881,-0.055843,0.971195,-0.230137,-0.026419,16.434729,51.164890,22.940693,-0.070589,0.973310,-0.113035,-0.186837,21.851324,11.298648,42.880451,0.015583,0.966732,0.057996,0.248643,-8.564327,1.685648,-6.360939,-0.070589,0.973310,-0.113035,-0.186837,18.280201,2.508219,32.021179
728,6.066667,-0.036581,0.997873,-0.053930,0.001709,1.071049,84.258240,16.439079,-0.021303,0.997413,-0.026775,-0.063227,0.544303,91.430046,15.659651,-0.097058,0.988255,-0.081865,-0.085033,-0.257314,108.861244,14.773636,0.002293,0.999089,0.027320,-0.032703,-3.984423,126.391159,12.141670,0.023116,0.994572,-0.100257,0.015545,-4.010905,139.393646,11.183188,-0.009800,0.999273,-0.016337,0.033015,-6.344069,120.573738,13.558669,-0.344491,0.656901,-0.154196,0.652710,-22.575232,120.237526,12.490359,0.068457,0.110854,-0.549533,-0.825251,-20.570852,105.578842,-4.352067,-0.241603,-0.285927,0.738694,0.560540,-13.216800,123.835846,-2.219488,-0.258342,0.938047,-0.020024,-0.230058,0.476586,121.829033,12.260715,-0.237709,0.798118,-0.229758,-0.503699,12.852427,129.564667,5.070191,-0.234559,-0.092098,0.070210,-0.965179,21.361418,132.882095,-15.403050,0.091336,0.025149,0.157201,-0.983012,1.372327,134.778229,-11.074910,0.037981,0.979369,0.158671,0.119239,-7.726306,83.612617,16.443804,0.063416,0.973117,-0.020887,0.220421,-9.004578,50.505493,5.258941,0.015408,0.966628,0.057808,0.249101,-14.960055,6.003162,5.828919,-0.090423,0.990744,-0.097325,-0.027887,9.868404,84.903870,16.434353,-0.057046,0.971401,-0.229762,-0.018296,16.323662,51.169361,23.001663,-0.072452,0.974101,-0.113065,-0.181916,21.677702,11.299807,42.951679,0.015408,0.966628,0.057808,0.249101,-8.570157,1.687707,-6.356896,-0.072452,0.974101,-0.113065,-0.181916,18.250284,2.509586,32.046040
729,6.075000,-0.035821,0.997901,-0.052992,0.010155,0.955183,84.278374,16.395458,-0.020770,0.998018,-0.024411,-0.054161,0.445851,91.452423,15.625201,-0.094860,0.989361,-0.080287,-0.075637,-0.324163,108.876762,14.813831,0.001886,0.999252,0.028357,-0.026221,-3.944198,126.431229,12.196062,0.022006,0.994485,-0.100778,0.018965,-3.963559,139.465012,11.261959,-0.008566,0.998975,-0.014001,0.042197,-6.348953,120.615074,13.540617,-0.338901,0.657489,-0.154346,0.655005,-22.558392,120.317413,12.172840,0.064210,0.111883,-0.548773,-0.825958,-20.590752,105.794144,-4.790811,-0.241859,-0.288231,0.735965,0.562834,-13.207300,124.039146,-2.525454,-0.255400,0.940856,-0.019005,-0.221809,0.498962,121.853745,12.377167,-0.226493,0.801015,-0.228558,-0.504814,13.045292,129.535645,5.428549,-0.232385,-0.086909,0.081199,-0.965324,21.737343,132.496826,-15.022418,0.096298,0.026693,0.174916,-0.979499,1.755205,134.889740,-10.795925,0.037403,0.978704,0.158255,0.125280,-7.841379,83.638252,16.250162,0.062934,0.972553,-0.022179,0.222909,-9.014969,50.518871,5.090140,0.015558,0.966554,0.057411,0.249470,-14.955619,6.016052,5.767428,-0.091293,0.990993,-0.095949,-0.019785,9.751745,84.918503,16.540756,-0.058198,0.971556,-0.229325,-0.010120,16.211786,51.176445,23.064459,-0.074005,0.974939,-0.113238,-0.176621,21.498024,11.300802,43.020397,0.015558,0.966554,0.057411,0.249470,-8.559241,1.688712,-6.410782,-0.074005,0.974939,-0.113238,-0.176621,18.219725,2.509568,32.069817
730,6.083333,-0.034904,0.997853,-0.052107,0.018861,0.834893,84.303535,16.350328,-0.020176,0.998554,-0.022259,-0.044586,0.345258,91.479866,15.588620,-0.092469,0.990427,-0.078677,-0.065681,-0.391953,108.885643,14.844955,0.001213,0.999367,0.029653,-0.019613,-3.897065,126.465607,12.241966,0.020899,0.994377,-0.101412,0.022211,-3.916063,139.533096,11.339260,-0.006576,0.998612,-0.011788,0.050908,-6.348676,120.651772,13.509695,-0.334188,0.658325,-0.154040,0.656657,-22.532694,120.418571,11.857981,0.060684,0.112686,-0.547586,-0.826903,-20.610138,106.019295,-5.216171,-0.241340,-0.290067,0.733743,0.565011,-13.178515,124.241379,-2.839615,-0.252349,0.943706,-0.018030,-0.213106,0.525411,121.871208,12.489059,-0.213598,0.804249,-0.224589,-0.507069,13.245296,129.495239,5.796998,-0.228082,-0.082215,0.091756,-0.965816,22.089476,132.091415,-14.638326,0.101479,0.028120,0.194292,-0.975275,2.132696,134.967148,-10.508328,0.036629,0.978138,0.157141,0.131191,-7.958354,83.671745,16.050381,0.062731,0.972058,-0.023638,0.224964,-9.022279,50.523769,4.964505,0.015553,0.966419,0.057145,0.250055,-14.976046,6.024673,5.760644,-0.092088,0.991211,-0.094309,-0.011237,9.628139,84.935326,16.650278,-0.059370,0.971590,-0.229096,-0.001812,16.086054,51.181644,23.115671,-0.075098,0.975896,-0.113752,-0.170434,21.303637,11.308935,43.095516,0.015553,0.966419,0.057145,0.250055,-8.566014,1.689756,-6.407681,-0.075098,0.975896,-0.113752,-0.170434,18.190939,2.511947,32.101326
731,6.091667,-0.033623,0.997760,-0.050957,0.027338,0.713523,84.319458,16.302704,-0.019660,0.998984,-0.020201,-0.035153,0.248360,91.498772,15.553896,-0.090227,0.991364,-0.077062,-0.055843,-0.461091,108.902023,14.874558,0.000023,0.999444,0.030723,-0.012936,-3.857522,126.505936,12.289390,0.020129,0.994257,-0.101850,0.025955,-3.890027,139.598846,11.413064,-0.005284,0.998139,-0.009607,0.059985,-6.352362,120.694221,13.480167,-0.328483,0.659349,-0.153845,0.658551,-22.504129,120.503845,11.533566,0.056228,0.113090,-0.546153,-0.828110,-20.639387,106.250549,-5.669019,-0.240177,-0.291560,0.731622,0.567483,-13.144231,124.444855,-3.172227,-0.248811,0.946637,-0.017310,-0.204138,0.544376,121.895721,12.600838,-0.201302,0.807103,-0.221674,-0.508845,13.443720,129.444885,6.172606,-0.223878,-0.077807,0.102209,-0.966115,22.435722,131.672058,-14.241749,0.107589,0.029406,0.214554,-0.970323,2.512923,135.022980,-10.201401,0.036137,0.977478,0.155944,0.137525,-8.074364,83.703026,15.851705,0.062345,0.971451,-0.025059,0.227527,-9.044897,50.526344,4.843413,0.015434,0.966296,0.056976,0.250576,-14.996016,6.029120,5.755661,-0.093073,0.991313,-0.092885,-0.002907,9.501411,84.935883,16.753702,-0.060310,0.971576,-0.228820,0.006622,15.973020,51.176308,23.174494,-0.075621,0.976993,-0.114007,-0.163612,21.099129,11.302367,43.175552,0.015434,0.966296,0.056976,0.250576,-8.572545,1.690003,-6.404079,-0.075621,0.976993,-0.114007,-0.163612,18.158337,2.508341,32.131775
732,6.100000,-0.032368,0.997561,-0.050367,0.035878,0.589773,84.336517,16.268944,-0.018470,0.999336,-0.018153,-0.025631,0.148812,91.517899,15.525285,-0.088530,0.992172,-0.075120,-0.045986,-0.510845,108.924553,14.909488,-0.000738,0.999494,0.031222,-0.005997,-3.818166,126.550171,12.356837,0.019303,0.994113,-0.102336,0.029914,-3.852748,139.660049,11.492247,-0.003809,0.997544,-0.007457,0.069537,-6.348320,120.737602,13.466159,-0.323387,0.660509,-0.153353,0.660024,-22.460270,120.597076,11.209925,0.052064,0.112956,-0.544863,-0.829250,-20.657393,106.482002,-6.112799,-0.238722,-0.292675,0.729523,0.570219,-13.099798,124.652611,-3.520555,-0.244833,0.949551,-0.016714,-0.195270,0.566864,121.928345,12.728469,-0.188452,0.809763,-0.217880,-0.511173,13.645365,129.386978,6.561882,-0.218793,-0.073671,0.112756,-0.966431,22.755466,131.235443,-13.837913,0.114208,0.030865,0.235687,-0.964601,2.882169,135.064743,-9.884005,0.035860,0.976744,0.154863,0.143887,-8.190054,83.735001,15.666288,0.061855,0.970840,-0.026406,0.230101,-9.081255,50.533424,4.726538,0.015434,0.966145,0.056752,0.251208,-15.019878,6.036970,5.750576,-0.093996,0.991373,-0.091177,0.005488,9.369600,84.938034,16.871601,-0.061144,0.971444,-0.228764,0.015016,15.851748,51.168560,23.229383,-0.075031,0.978303,-0.114764,-0.155318,20.877523,11.301395,43.269371,0.015434,0.966145,0.056752,0.251208,-8.581546,1.691346,-6.398980,-0.075031,0.978303,-0.114764,-0.155318,18.130529,2.503827,32.178608
733,6.108333,-0.031497,0.997293,-0.049584,0.044229,0.479865,84.355423,16.227188,-0.018163,0.999582,-0.015514,-0.016301,0.057179,91.538742,15.491666,-0.085956,0.992888,-0.074016,-0.036157,-0.584176,108.938622,14.961821,-0.001180,0.999474,0.032397,0.000814,-3.773002,126.586472,12.412033,0.018044,0.993943,-0.103061,0.033621,-3.801870,139.722031,11.576518,-0.002386,0.996842,-0.005677,0.079171,-6.346787,120.779671,13.448830,0.317663,-0.661585,0.153096,-0.661784,-22.412407,120.687653,10.881231,0.047034,0.112364,-0.543705,-0.830390,-20.669762,106.722328,-6.568559,-0.236761,-0.292925,0.728462,0.572261,-13.049162,124.874138,-3.877046,-0.240883,0.952381,-0.016174,-0.186235,0.586128,121.946228,12.852465,-0.176128,0.812497,-0.214128,-0.512813,13.839219,129.313187,6.954261,-0.214622,-0.069580,0.123012,-0.966418,23.075495,130.806030,-13.417900,0.119738,0.031703,0.256187,-0.958658,3.263618,135.095993,-9.552958,0.035339,0.976181,0.153714,0.148978,-8.289141,83.762573,15.476553,0.061502,0.970288,-0.027726,0.232357,-9.100244,50.533604,4.614023,0.015258,0.966039,0.056644,0.251649,-15.037876,6.039646,5.746656,-0.094774,0.991359,-0.089595,0.014065,9.248869,84.948280,16.977821,-0.061928,0.971205,-0.228742,0.024542,15.731705,51.169060,23.282940,-0.075584,0.979629,-0.115574,-0.145798,20.628860,11.309660,43.370163,0.015258,0.966039,0.056644,0.251649,-8.587330,1.691898,-6.395658,-0.075584,0.979629,-0.115574,-0.145798,18.122683,2.506925,32.226593
734,6.116667,-0.030452,0.996951,-0.048973,0.052563,0.366282,84.378014,16.187571,-0.017467,0.999736,-0.013258,-0.006923,-0.035674,91.563141,15.458105,-0.083935,0.993482,-0.072484,-0.026349,-0.646712,108.950340,15.001045,-0.001533,0.999422,0.033031,0.007832,-3.736891,126.618752,12.472326,0.016779,0.993783,-0.103432,0.037631,-3.757494,139.780884,11.651768,-0.001235,0.996039,-0.003657,0.088831,-6.346298,120.814491,13.431329,0.311440,-0.662848,0.152531,-0.663605,-22.359245,120.763870,10.552411,0.042102,0.111897,-0.542051,-0.831798,-20.683891,106.969788,-7.039589,-0.234998,-0.293473,0.726403,0.575315,-12.980157,125.092354,-4.245149,-0.236939,0.955080,-0.015448,-0.177321,0.600114,121.964249,12.976086,-0.163204,0.815462,-0.209402,-0.514332,14.019968,129.238678,7.346211,-0.210590,-0.065420,0.133208,-0.966244,23.382917,130.376816,-12.991001,0.123762,0.033310,0.274449,-0.953022,3.646442,135.122467,-9.222539,0.034817,0.975542,0.152474,0.154461,-8.389633,83.796997,15.289397,0.061218,0.969960,-0.028860,0.233658,-9.117950,50.538910,4.510421,0.015130,0.965930,0.056507,0.252104,-15.056125,6.047585,5.739724,-0.095526,0.991265,-0.088025,0.022822,9.122198,84.959038,17.085745,-0.063173,0.970816,-0.228516,0.036136,15.604181,51.170326,23.340658,-0.074897,0.981142,-0.116210,-0.135076,20.370304,11.315629,43.468697,0.015130,0.965930,0.056507,0.252104,-8.593572,1.696626,-6.395051,-0.074897,0.981142,-0.116210,-0.135076,18.116209,2.516154,32.268852
735,6.125000,-0.029380,0.996545,-0.048231,0.060899,0.256040,84.394180,16.148319,-0.016863,0.999791,-0.011266,0.002664,-0.125031,91.581276,15.427118,-0.081629,0.993985,-0.071176,-0.016278,-0.710370,108.957352,15.033917,-0.002299,0.999295,0.034437,0.014770,-3.691823,126.646408,12.519018,0.015704,0.993596,-0.103916,0.041499,-3.715738,139.838791,11.733700,0.000740,0.995129,-0.001476,0.098567,-6.338778,120.846848,13.400444,0.305467,-0.663928,0.152501,-0.665307,-22.292385,120.866081,10.208702,0.037457,0.111323,-0.540711,-0.832968,-20.680824,107.224014,-7.507364,-0.233899,-0.293776,0.725071,0.577286,-12.905434,125.326454,-4.621278,-0.233152,0.957705,-0.014662,-0.168010,0.619078,121.975456,13.090134,-0.150142,0.818191,-0.204623,-0.515899,14.201500,129.161057,7.743166,-0.206691,-0.061280,0.143849,-0.965832,23.675579,129.935806,-12.559637,0.127704,0.034116,0.292507,-0.947084,4.028562,135.152237,-8.886032,0.034345,0.974934,0.151191,0.159577,-8.484320,83.825829,15.102649,0.060870,0.969564,-0.030001,0.235244,-9.138756,50.538200,4.410474,0.014962,0.965844,0.056503,0.252444,-15.072634,6.049094,5.736812,-0.096470,0.991099,-0.086328,0.031028,8.996400,84.962532,17.193991,-0.063664,0.970264,-0.228683,0.047329,15.495905,51.165817,23.387165,-0.074295,0.982608,-0.117348,-0.123252,20.071241,11.323563,43.583977,0.014962,0.965844,0.056503,0.252444,-8.600135,1.698819,-6.392906,-0.074295,0.982608,-0.117348,-0.123252,18.100054,2.517399,32.336128
736,6.133333,-0.028395,0.996097,-0.047388,0.068843,0.150788,84.418228,16.105778,-0.016337,0.999751,-0.009176,0.012096,-0.211188,91.607315,15.394643,-0.079269,0.994369,-0.070047,-0.006268,-0.774833,108.967995,15.069143,-0.003734,0.999124,0.035657,0.021576,-3.646309,126.676598,12.563753,0.014990,0.993404,-0.104188,0.045482,-3.691895,139.888870,11.809110,0.002481,0.994139,0.000371,0.108076,-6.329713,120.882751,13.369354,0.298593,-0.664679,0.153399,-0.667468,-22.219198,120.964325,9.873237,0.033064,0.110580,-0.539315,-0.834157,-20.664698,107.475151,-7.964592,-0.234364,-0.293991,0.722521,0.580178,-12.816456,125.550827,-4.999109,-0.228951,0.960305,-0.013948,-0.158750,0.636689,121.988831,13.203049,-0.137485,0.820788,-0.199599,-0.517267,14.380738,129.071014,8.138548,-0.203730,-0.057061,0.154038,-0.965148,23.954641,129.501419,-12.127620,0.129585,0.035617,0.309558,-0.941336,4.397601,135.167374,-8.553150,0.033992,0.974268,0.149862,0.164890,-8.572393,83.861687,14.919718,0.060565,0.969215,-0.031049,0.236621,-9.160360,50.544392,4.316440,0.014684,0.965748,0.056218,0.252891,-15.091729,6.057701,5.731948,-0.097252,0.990813,-0.084781,0.040533,8.873969,84.974762,17.291836,-0.064212,0.969565,-0.228727,0.059206,15.372738,51.170135,23.442421,-0.073646,0.984010,-0.118730,-0.110473,19.747684,11.336011,43.699585,0.014684,0.965748,0.056218,0.252891,-8.606413,1.701225,-6.388697,-0.073646,0.984010,-0.118730,-0.110473,18.083809,2.519168,32.410519
737,6.141667,-0.027695,0.995555,-0.046748,0.076930,0.048191,84.435265,16.065285,-0.016103,0.999615,-0.006978,0.021514,-0.298651,91.625793,15.361188,-0.076818,0.994655,-0.068900,0.003706,-0.852230,108.971771,15.107134,-0.004336,0.998909,0.036699,0.028566,-3.611069,126.699997,12.614049,0.014108,0.993198,-0.104446,0.049494,-3.656283,139.936646,11.885568,0.004482,0.993059,0.002568,0.117509,-6.330297,120.912727,13.343197,0.292211,-0.665591,0.153429,-0.669373,-22.150097,121.067368,9.546438,0.029498,0.110036,-0.537528,-0.835515,-20.650440,107.742401,-8.419055,-0.234524,-0.294951,0.720527,0.582102,-12.714415,125.785767,-5.384531,-0.224766,0.962733,-0.013256,-0.149833,0.641865,121.994545,13.320523,-0.124215,0.823463,-0.194956,-0.518142,14.537233,128.971130,8.529778,-0.200519,-0.052561,0.164710,-0.964313,24.226248,129.028137,-11.686115,0.131874,0.035851,0.326359,-0.935315,4.779601,135.162277,-8.223264,0.033816,0.973552,0.148411,0.170372,-8.654889,83.885399,14.736958,0.060177,0.968752,-0.032040,0.238479,-9.189005,50.537014,4.229006,0.014306,0.965643,0.056307,0.253295,-15.110522,6.051731,5.727684,-0.097745,0.990464,-0.083121,0.050188,8.751270,84.985138,17.393612,-0.064946,0.968632,-0.228645,0.072494,15.230362,51.167740,23.494574,-0.074048,0.985313,-0.119825,-0.096527,19.391352,11.338761,43.806873,0.014306,0.965643,0.056307,0.253295,-8.611391,1.699743,-6.387177,-0.074048,0.985313,-0.119825,-0.096527,18.078569,2.519102,32.473801
738,6.150000,-0.026686,0.994971,-0.045997,0.084886,-0.054867,84.452477,16.024649,-0.015634,0.999390,-0.005007,0.030812,-0.382488,91.644798,15.329816,-0.074604,0.994826,-0.067618,0.013518,-0.919032,108.976410,15.139653,-0.004790,0.998653,0.037504,0.035550,-3.574701,126.723122,12.666124,0.012944,0.992991,-0.104569,0.053537,-3.615798,139.987366,11.957603,0.006503,0.991858,0.004708,0.127096,-6.325230,120.941422,13.317887,0.286301,-0.666684,0.152793,-0.670983,-22.067993,121.170769,9.216899,0.026391,0.109426,-0.535677,-0.836887,-20.624893,108.016228,-8.878345,-0.235019,-0.295618,0.717815,0.584908,-12.600896,126.020645,-5.788284,-0.220570,0.965063,-0.012363,-0.140891,0.649276,122.001633,13.436472,-0.110994,0.825653,-0.190735,-0.519227,14.690040,128.871445,8.923386,-0.197316,-0.048341,0.175362,-0.963316,24.467987,128.540009,-11.247000,0.133943,0.036805,0.343916,-0.928669,5.140403,135.137680,-7.887051,0.034049,0.972647,0.146748,0.176814,-8.736200,83.915169,14.556271,0.059579,0.968290,-0.032854,0.240384,-9.237701,50.533558,4.152750,0.013943,0.965542,0.056325,0.253697,-15.127838,6.046593,5.723457,-0.098323,0.990007,-0.081299,0.060083,8.626466,84.989777,17.493027,-0.065506,0.967496,-0.228744,0.085652,15.092585,51.159348,23.535236,-0.073271,0.986568,-0.120776,-0.082030,19.024647,11.340981,43.913834,0.013943,0.965542,0.056325,0.253697,-8.615311,1.697099,-6.385100,-0.073271,0.986568,-0.120776,-0.082030,18.059772,2.523926,32.543839
739,6.158333,-0.025829,0.994325,-0.045227,0.092767,-0.149038,84.470245,15.982306,-0.015430,0.999071,-0.002951,0.040124,-0.459875,91.664238,15.297077,-0.072359,0.994887,-0.066460,0.023401,-0.989650,108.971428,15.173635,-0.004777,0.998343,0.038419,0.042582,-3.541322,126.735725,12.716898,0.011664,0.992776,-0.104710,0.057405,-3.566282,140.038483,12.031475,0.008937,0.990582,0.006530,0.136476,-6.321956,120.960258,13.291684,0.279570,-0.667460,0.153093,-0.672979,-21.983055,121.277328,8.894550,0.022925,0.107906,-0.533917,-0.838310,-20.590458,108.291534,-9.326096,-0.235132,-0.296083,0.715252,0.587760,-12.472446,126.263603,-6.202784,-0.216691,0.967222,-0.011835,-0.131859,0.652058,121.998062,13.552351,-0.097364,0.827963,-0.186399,-0.519858,14.828179,128.767181,9.318922,-0.193457,-0.043993,0.185826,-0.962345,24.704071,128.036957,-10.793165,0.136579,0.038117,0.360640,-0.921863,5.507020,135.090332,-7.551038,0.034272,0.971823,0.145294,0.182416,-8.806465,83.943138,14.375602,0.058984,0.967732,-0.033860,0.242628,-9.282217,50.532879,4.063207,0.013768,0.965429,0.056318,0.254138,-15.146152,6.045604,5.720691,-0.098801,0.989445,-0.079685,0.069909,8.508389,84.997353,17.589010,-0.065754,0.966228,-0.228780,0.098687,14.955753,51.155342,23.586239,-0.071654,0.987710,-0.121947,-0.066519,18.633806,11.341363,44.020763,0.013768,0.965429,0.056318,0.254138,-8.621170,1.696721,-6.381380,-0.071654,0.987710,-0.121947,-0.066519,18.030989,2.523561,32.626411
740,6.166667,-0.025063,0.993608,-0.044747,0.100567,-0.244974,84.495361,15.948335,-0.015041,0.998664,-0.001147,0.049418,-0.540129,91.690536,15.268675,-0.069941,0.994872,-0.065065,0.033245,-1.057969,108.984169,15.203412,-0.005485,0.997981,0.039226,0.049643,-3.500415,126.767578,12.774077,0.010570,0.992515,-0.104851,0.061714,-3.528406,140.090332,12.109231,0.010226,0.989207,0.008885,0.145900,-6.311424,120.999405,13.268879,0.272180,-0.668540,0.153164,-0.674917,-21.885124,121.370735,8.575554,0.018607,0.105868,-0.532018,-0.839883,-20.558199,108.577454,-9.785649,-0.234562,-0.296030,0.712280,0.591611,-12.335933,126.512276,-6.628163,-0.212278,0.969401,-0.010859,-0.122805,0.659578,122.011826,13.671385,-0.083897,0.829883,-0.182166,-0.520645,14.972322,128.664505,9.722626,-0.189055,-0.039857,0.196139,-0.961353,24.920950,127.533783,-10.335011,0.139933,0.038847,0.378343,-0.914203,5.862144,135.034698,-7.210795,0.034636,0.970929,0.143604,0.188350,-8.876487,83.976631,14.205257,0.058310,0.967190,-0.034591,0.244841,-9.336784,50.533997,3.997645,0.013623,0.965335,0.056449,0.254473,-15.162155,6.044116,5.720059,-0.099009,0.988755,-0.077763,0.080711,8.386539,85.014084,17.691412,-0.066212,0.964639,-0.228782,0.112899,14.794153,51.153778,23.627666,-0.070727,0.988588,-0.123203,-0.050120,18.210501,11.345336,44.118328,0.013623,0.965335,0.056449,0.254473,-8.627188,1.699420,-6.378128,-0.070727,0.988588,-0.123203,-0.050120,18.002506,2.526165,32.710995
741,6.175000,-0.023991,0.992825,-0.044331,0.108430,-0.355482,84.512436,15.917767,-0.014321,0.998189,0.000338,0.058428,-0.630517,91.708916,15.243417,-0.067797,0.994766,-0.063455,0.042635,-1.125349,108.985046,15.226277,-0.005675,0.997608,0.039766,0.056262,-3.470640,126.786636,12.834737,0.009662,0.992269,-0.105051,0.065368,-3.488850,140.139542,12.183617,0.012629,0.987791,0.010034,0.154950,-6.307015,121.024612,13.249825,0.265646,-0.669743,0.152835,-0.676401,-21.790327,121.481133,8.273508,0.015063,0.102765,-0.529887,-0.841684,-20.531078,108.869148,-10.217421,-0.232927,-0.295389,0.709406,0.596014,-12.187563,126.764404,-7.078157,-0.208259,0.971415,-0.010257,-0.113472,0.658096,122.014488,13.787596,-0.069579,0.832069,-0.177130,-0.521004,15.097591,128.559540,10.131320,-0.183147,-0.035685,0.206744,-0.960438,25.127953,127.017593,-9.858087,0.145357,0.037727,0.397675,-0.905153,6.231612,134.975159,-6.868703,0.034969,0.969928,0.141901,0.194629,-8.958927,84.007423,14.037329,0.057612,0.966596,-0.035272,0.247242,-9.399487,50.532413,3.935526,0.013354,0.965198,0.056634,0.254966,-15.183699,6.039533,5.718111,-0.099501,0.987979,-0.075753,0.090874,8.247963,85.017448,17.798203,-0.066187,0.962899,-0.228968,0.126565,14.641750,51.142406,23.664871,-0.070592,0.989243,-0.123824,-0.032909,17.762716,11.341289,44.216785,0.013354,0.965198,0.056634,0.254966,-8.633530,1.701141,-6.374112,-0.070592,0.989243,-0.123824,-0.032909,17.980059,2.537601,32.797676
742,6.183333,-0.023162,0.991984,-0.043787,0.116248,-0.442417,84.529381,15.884405,-0.013958,0.997632,0.002129,0.067308,-0.701167,91.727119,15.217094,-0.065920,0.994535,-0.062121,0.051918,-1.186961,108.984688,15.258102,-0.005689,0.997187,0.039867,0.063219,-3.445204,126.801445,12.895884,0.008551,0.992000,-0.104917,0.069683,-3.447568,140.186234,12.247233,0.014279,0.986231,0.012567,0.164274,-6.302467,121.044754,13.234883,0.259225,-0.671420,0.151606,-0.677506,-21.687485,121.570183,7.968914,0.011012,0.099706,-0.527388,-0.843682,-20.512285,109.161316,-10.664431,-0.230149,-0.294410,0.705793,0.601839,-12.034913,127.003822,-7.531968,-0.204034,0.973350,-0.009814,-0.104231,0.653803,122.015396,13.905718,-0.055826,0.833525,-0.173174,-0.521661,15.215436,128.444351,10.539332,-0.178603,-0.031437,0.217247,-0.959123,25.292433,126.480293,-9.389514,0.148254,0.037625,0.417094,-0.895901,6.554536,134.888626,-6.529945,0.035396,0.969116,0.140269,0.199717,-9.015566,84.034233,13.867887,0.056948,0.965971,-0.036049,0.249717,-9.455401,50.529110,3.866384,0.013190,0.965078,0.056836,0.255382,-15.204000,6.034377,5.716541,-0.099675,0.987050,-0.073918,0.101653,8.130731,85.024529,17.900923,-0.065999,0.960950,-0.228932,0.140744,14.486006,51.132702,23.712250,-0.070928,0.989570,-0.124504,-0.014781,17.288008,11.327898,44.302948,0.013190,0.965078,0.056836,0.255382,-8.641510,1.702147,-6.371213,-0.070928,0.989570,-0.124504,-0.014781,17.960606,2.541557,32.888214
743,6.191667,-0.022223,0.991094,-0.043533,0.123867,-0.532542,84.538559,15.851435,-0.013560,0.997003,0.003694,0.076075,-0.773157,91.737228,15.187454,-0.063517,0.994258,-0.060692,0.061096,-1.249413,108.984970,15.279038,-0.006860,0.996709,0.040842,0.069689,-3.402970,126.819359,12.952341,0.007913,0.991681,-0.105199,0.073760,-3.423171,140.227539,12.328061,0.015807,0.984650,0.014452,0.173224,-6.285624,121.071304,13.213992,0.251963,-0.672909,0.151226,-0.678852,-21.570860,121.659218,7.671309,0.006539,0.095633,-0.524849,-0.845781,-20.480232,109.454575,-11.101541,-0.227246,-0.292417,0.703003,0.607156,-11.857100,127.251205,-8.000907,-0.199673,0.975234,-0.009653,-0.094636,0.660400,122.014786,14.016777,-0.041803,0.834628,-0.169584,-0.522389,15.341416,128.321426,10.950903,-0.173541,-0.027307,0.228271,-0.957617,25.445730,125.913811,-8.915379,0.152250,0.036746,0.437664,-0.885393,6.891285,134.787567,-6.186546,0.035688,0.968304,0.138470,0.204791,-9.074168,84.054855,13.702692,0.056410,0.965493,-0.036589,0.251599,-9.507724,50.516106,3.814267,0.012658,0.964936,0.057133,0.255880,-15.225575,6.019423,5.712157,-0.099948,0.986064,-0.072026,0.111803,8.009085,85.022255,18.000177,-0.064909,0.959207,-0.228515,0.153267,14.338615,51.114929,23.748852,-0.070283,0.989647,-0.125048,0.004684,16.784672,11.280158,44.326962,0.012658,0.964936,0.057133,0.255880,-8.644921,1.698213,-6.369670,-0.070283,0.989647,-0.125048,0.004684,17.930824,2.516282,32.932697
744,6.200000,-0.021278,0.990145,-0.043319,0.131467,-0.615513,84.551414,15.823023,-0.013108,0.996317,0.005351,0.084566,-0.837912,91.750946,15.162063,-0.061886,0.993851,-0.059514,0.069916,-1.303792,108.981659,15.307731,-0.007281,0.996218,0.041510,0.075988,-3.381265,126.828590,13.008177,0.007529,0.991390,-0.105293,0.077478,-3.399390,140.261810,12.401314,0.018041,0.983012,0.016327,0.181924,-6.279264,121.085426,13.198087,0.245693,-0.674336,0.150061,-0.679991,-21.461500,121.759163,7.388519,0.003393,0.091859,-0.522000,-0.847978,-20.441385,109.755753,-11.517561,-0.224685,-0.290509,0.700551,0.611842,-11.664731,127.501022,-8.468120,-0.194870,0.977096,-0.009721,-0.084935,0.653338,122.012070,14.126651,-0.027918,0.835915,-0.165042,-0.522712,15.452690,128.180954,11.364553,-0.168700,-0.022967,0.238857,-0.956013,25.585270,125.359329,-8.432711,0.155203,0.035942,0.457039,-0.875063,7.219437,134.677536,-5.848536,0.036224,0.967471,0.136522,0.209879,-9.123627,84.079254,13.542790,0.055796,0.965011,-0.036978,0.253521,-9.570720,50.505745,3.773619,0.012178,0.964808,0.057418,0.256323,-15.248074,6.005448,5.707953,-0.099966,0.984941,-0.070031,0.122449,7.892601,85.023567,18.103256,-0.064635,0.956556,-0.228396,0.169289,14.178983,51.096680,23.783403,-0.068897,0.989369,-0.125612,0.024977,16.259079,11.253860,44.386162,0.012178,0.964808,0.057418,0.256323,-8.651158,1.694670,-6.368727,-0.068897,0.989369,-0.125612,0.024977,17.887716,2.512355,33.033546
745,6.208333,-0.020259,0.989128,-0.043332,0.139062,-0.702387,84.562668,15.797345,-0.013112,0.995547,0.006815,0.093106,-0.905107,91.762802,15.136543,-0.059228,0.993423,-0.058234,0.078820,-1.376521,108.974335,15.328243,-0.008356,0.995687,0.042257,0.082167,-3.341834,126.838387,13.063312,0.007115,0.991085,-0.105353,0.081249,-3.376077,140.292053,12.474875,0.019795,0.981323,0.018210,0.190479,-6.265464,121.106247,13.178304,0.239037,-0.675536,0.149060,-0.681391,-21.341873,121.851204,7.107716,0.000264,0.088107,-0.519253,-0.850066,-20.380970,110.057320,-11.932843,-0.223085,-0.287988,0.698354,0.616115,-11.456129,127.754227,-8.935833,-0.190427,0.978778,-0.009844,-0.075062,0.652989,122.001305,14.234569,-0.013512,0.836930,-0.160318,-0.523129,15.559453,128.042160,11.782934,-0.163574,-0.018480,0.250041,-0.954139,25.699238,124.788956,-7.944293,0.158313,0.034899,0.476375,-0.864168,7.543208,134.571991,-5.513222,0.036745,0.966623,0.134703,0.214812,-9.174998,84.102837,13.386175,0.055090,0.964402,-0.037460,0.255911,-9.635389,50.497471,3.727764,0.011801,0.964704,0.057659,0.256676,-15.267570,5.993366,5.706048,-0.100020,0.983735,-0.068037,0.132785,7.770224,85.022507,18.208515,-0.063617,0.954117,-0.228409,0.182873,14.019739,51.077103,23.818319,-0.067151,0.988708,-0.125859,0.045896,15.719625,11.223096,44.434303,0.011801,0.964704,0.057659,0.256676,-8.657719,1.691236,-6.366636,-0.067151,0.988708,-0.125859,0.045896,17.839218,2.511346,33.140015
746,6.216667,-0.019207,0.988086,-0.043232,0.146449,-0.788511,84.575310,15.772256,-0.012560,0.994734,0.008255,0.101387,-0.971461,91.776169,15.113608,-0.057496,0.992879,-0.056975,0.087404,-1.430157,108.972183,15.352431,-0.008831,0.995112,0.043190,0.088367,-3.317875,126.848808,13.120991,0.006572,0.990744,-0.105594,0.085046,-3.352885,140.327209,12.557120,0.021598,0.979492,0.020867,0.199230,-6.255351,121.122757,13.164239,0.231985,-0.676538,0.148437,-0.682968,-21.218357,121.946419,6.828999,-0.002139,0.084485,-0.515936,-0.852448,-20.309862,110.364235,-12.343640,-0.221981,-0.285988,0.696527,0.619504,-11.215988,128.001389,-9.410221,-0.186029,0.980324,-0.009504,-0.065334,0.645822,121.998596,14.342610,0.001305,0.837586,-0.156056,-0.523541,15.650598,127.912590,12.200979,-0.158847,-0.013957,0.261391,-0.951970,25.779156,124.200439,-7.450857,0.160143,0.035176,0.493498,-0.854153,7.855927,134.444489,-5.174188,0.037084,0.965906,0.132816,0.219113,-9.224648,84.128807,13.234028,0.054544,0.963960,-0.037775,0.257643,-9.694525,50.489891,3.693628,0.011493,0.964546,0.057942,0.257218,-15.290339,5.982533,5.701721,-0.100283,0.982352,-0.066426,0.143230,7.647626,85.021805,18.310484,-0.064775,0.949339,-0.227132,0.207293,13.871995,51.064938,23.878727,-0.065540,0.987565,-0.125813,0.067764,15.166124,11.172045,44.448925,0.011493,0.964546,0.057942,0.257218,-8.663486,1.689620,-6.364925,-0.065540,0.987565,-0.125813,0.067764,17.799723,2.498698,33.233513
747,6.225000,-0.018461,0.986994,-0.043017,0.153790,-0.859986,84.594818,15.748501,-0.012580,0.993863,0.009805,0.109459,-1.027870,91.796356,15.093224,-0.055240,0.992286,-0.056083,0.095772,-1.494028,108.954727,15.380612,-0.009288,0.994508,0.044219,0.094409,-3.285237,126.844215,13.172833,0.005815,0.990406,-0.105738,0.088776,-3.321483,140.358627,12.635827,0.023804,0.977589,0.023560,0.207843,-6.241767,121.127869,13.148850,0.224687,-0.677616,0.147638,-0.684511,-21.087421,122.044434,6.555542,-0.004323,0.080897,-0.512466,-0.854878,-20.233738,110.687019,-12.753600,-0.221781,-0.283672,0.694209,0.623231,-10.966973,128.259888,-9.888621,-0.182127,0.981644,-0.010035,-0.055708,0.641366,121.977165,14.446166,0.015548,0.838143,-0.151866,-0.523652,15.730808,127.776505,12.607244,-0.153755,-0.010032,0.272496,-0.949740,25.843388,123.626671,-6.965113,0.163458,0.034689,0.509652,-0.843998,8.157131,134.315842,-4.828290,0.037594,0.965179,0.130810,0.223396,-9.257737,84.156662,13.084634,0.054010,0.963546,-0.038013,0.259261,-9.751666,50.483418,3.667311,0.010998,0.964449,0.058282,0.257529,-15.310279,5.972472,5.699156,-0.100144,0.980868,-0.064407,0.154019,7.537765,85.032982,18.412369,-0.064153,0.945706,-0.226784,0.223815,13.713816,51.055695,23.909397,-0.064579,0.985914,-0.125926,0.089142,14.603964,11.141380,44.459492,0.010998,0.964449,0.058282,0.257529,-8.670109,1.691686,-6.364480,-0.064579,0.985914,-0.125926,0.089142,17.746296,2.504281,33.347580
748,6.233333,-0.017671,0.985858,-0.042817,0.161056,-0.924724,84.605339,15.721519,-0.012410,0.992936,0.010808,0.117506,-1.076983,91.807533,15.069691,-0.053270,0.991646,-0.054482,0.104078,-1.543522,108.959152,15.388081,-0.009834,0.993878,0.045038,0.100407,-3.251831,126.862801,13.229935,0.005119,0.990062,-0.105805,0.092498,-3.291508,140.390091,12.714887,0.025506,0.975667,0.026244,0.216182,-6.222200,121.154427,13.131467,0.217856,-0.678558,0.146961,-0.685930,-20.950064,122.148788,6.289944,-0.005555,0.077202,-0.509026,-0.857264,-20.144753,111.001144,-13.143118,-0.222397,-0.281671,0.690524,0.627995,-10.708579,128.510620,-10.371511,-0.177815,0.982926,-0.010435,-0.046150,0.640525,121.979866,14.546907,0.030748,0.838274,-0.147098,-0.524131,15.812143,127.651421,13.010457,-0.147874,-0.006403,0.283515,-0.947477,25.870657,123.039009,-6.486063,0.165773,0.034389,0.526045,-0.833435,8.431829,134.164108,-4.491395,0.038318,0.964291,0.128585,0.228344,-9.282614,84.176338,12.933691,0.053488,0.963174,-0.038128,0.260731,-9.813312,50.466572,3.649977,0.010333,0.964308,0.058824,0.257960,-15.332645,5.951369,5.695531,-0.100022,0.979269,-0.062634,0.164634,7.433167,85.034332,18.509348,-0.063143,0.941800,-0.226167,0.240570,13.562256,51.039577,23.950649,-0.062481,0.983768,-0.125605,0.111898,14.016609,11.088621,44.443703,0.010333,0.964308,0.058824,0.257960,-8.674051,1.689170,-6.364529,-0.062481,0.983768,-0.125605,0.111898,17.681084,2.495731,33.458160
749,6.241667,-0.016747,0.984694,-0.042605,0.168172,-0.999300,84.614433,15.694204,-0.012450,0.991965,0.012228,0.125302,-1.134210,91.817352,15.046555,-0.051239,0.990946,-0.053151,0.112137,-1.610144,108.947014,15.408972,-0.009868,0.993215,0.045799,0.106438,-3.233710,126.863548,13.292707,0.004279,0.989688,-0.105932,0.096317,-3.263140,140.419724,12.798985,0.027733,0.973616,0.028609,0.224686,-6.217870,121.164009,13.124035,0.210339,-0.679003,0.146720,-0.687885,-20.819885,122.251785,6.031557,-0.007281,0.073153,-0.505804,-0.859510,-20.038452,111.323181,-13.526493,-0.223421,-0.278200,0.686874,0.633160,-10.441114,128.772949,-10.851877,-0.173649,0.984049,-0.011109,-0.037026,0.623261,121.964622,14.653680,0.045819,0.838233,-0.142486,-0.524370,15.867220,127.511574,13.405320,-0.140815,-0.003566,0.294676,-0.945159,25.862766,122.439644,-6.009291,0.170424,0.030989,0.544001,-0.821011,8.684937,133.998352,-4.143944,0.038778,0.963437,0.126512,0.232981,-9.316422,84.197098,12.785307,0.053030,0.962647,-0.038336,0.262734,-9.867873,50.452835,3.629024,0.009784,0.964175,0.059214,0.258390,-15.356904,5.934691,5.692011,-0.100156,0.977646,-0.060978,0.174523,7.317824,85.031769,18.603102,-0.061695,0.937680,-0.225414,0.257174,13.421625,51.024582,23.994932,-0.059937,0.981059,-0.124628,0.135639,13.410833,11.026856,44.401611,0.009784,0.964175,0.059214,0.258390,-8.681475,1.686277,-6.363606,-0.059937,0.981059,-0.124628,0.135639,17.610401,2.492064,33.563286
750,6.250000,-0.015865,0.983463,-0.042553,0.175323,-1.068033,84.622742,15.673429,-0.012119,0.990947,0.013421,0.133032,-1.185826,91.826141,15.027777,-0.049398,0.990177,-0.051914,0.120060,-1.658564,108.948204,15.428354,-0.010232,0.992544,0.046630,0.112147,-3.204759,126.876160,13.351226,0.003825,0.989343,-0.105963,0.099785,-3.233970,140.441757,12.880569,0.029441,0.971575,0.031072,0.232832,-6.199652,121.184685,13.114426,0.203108,-0.679574,0.146139,-0.689615,-20.677229,122.350845,5.783316,-0.008891,0.068334,-0.502592,-0.861773,-19.922991,111.643745,-13.897935,-0.223573,-0.274804,0.682560,0.639226,-10.163464,129.033478,-11.350742,-0.168570,0.985232,-0.011639,-0.027700,0.618138,121.962860,14.755787,0.060958,0.838076,-0.136163,-0.524759,15.938300,127.356552,13.803904,-0.132703,-0.001364,0.305210,-0.942993,25.843071,121.862366,-5.542207,0.174581,0.025236,0.560425,-0.809203,8.929375,133.819626,-3.804933,0.039472,0.962364,0.124405,0.238373,-9.342332,84.215851,12.643441,0.052531,0.962120,-0.038467,0.264736,-9.925037,50.438412,3.612257,0.009242,0.964023,0.059642,0.258876,-15.378454,5.916431,5.687056,-0.100175,0.976001,-0.059251,0.184053,7.206267,85.029633,18.703417,-0.060107,0.933233,-0.224535,0.273946,13.281414,51.008183,24.037325,-0.058738,0.977638,-0.123875,0.159466,12.794964,10.957586,44.334217,0.009242,0.964023,0.059642,0.258876,-8.684796,1.682740,-6.363638,-0.058738,0.977638,-0.123875,0.159466,17.545084,2.482522,33.677856
751,6.258333,-0.014902,0.982213,-0.042785,0.182225,-1.133114,84.628418,15.659086,-0.012324,0.989876,0.014501,0.140652,-1.232065,91.831955,15.011861,-0.047471,0.989351,-0.050604,0.127943,-1.719486,108.934311,15.443961,-0.010261,0.991842,0.047382,0.117896,-3.186379,126.873886,13.410154,0.003441,0.988978,-0.106077,0.103243,-3.206287,140.461823,12.961146,0.031555,0.969518,0.032660,0.240775,-6.191757,121.191238,13.104380,0.196359,-0.680285,0.144756,-0.691160,-20.542719,122.442612,5.542034,-0.010236,0.063309,-0.498712,-0.864392,-19.813759,111.967674,-14.264692,-0.222360,-0.270852,0.678764,0.645349,-9.869403,129.277390,-11.858876,-0.164140,0.986184,-0.012091,-0.018799,0.601072,121.945335,14.856696,0.075617,0.837963,-0.130250,-0.524533,15.982657,127.205185,14.188869,-0.124322,0.000510,0.315290,-0.940817,25.808298,121.300995,-5.076633,0.178865,0.016991,0.576800,-0.796882,9.156631,133.633545,-3.467220,0.039954,0.961395,0.122612,0.243084,-9.364395,84.232651,12.512706,0.052253,0.961477,-0.038753,0.267075,-9.966349,50.426926,3.589297,0.008932,0.963831,0.059907,0.259541,-15.407666,5.904314,5.682156,-0.100094,0.974258,-0.057605,0.193611,7.098167,85.024178,18.805466,-0.058620,0.928387,-0.223339,0.291173,13.138315,50.988152,24.085852,-0.057801,0.973756,-0.122737,0.182742,12.185656,10.873571,44.239349,0.008932,0.963831,0.059907,0.259541,-8.694098,1.679343,-6.360510,-0.057801,0.973756,-0.122737,0.182742,17.470623,2.467735,33.781857
752,6.266667,-0.014197,0.980940,-0.042479,0.189081,-1.190495,84.631073,15.635527,-0.012250,0.988780,0.015656,0.148052,-1.275761,91.835289,14.993885,-0.045508,0.988487,-0.049531,0.135534,-1.769213,108.917892,15.461254,-0.010863,0.991111,0.048485,0.123411,-3.155687,126.867973,13.464061,0.003218,0.988591,-0.106168,0.106797,-3.183687,140.483337,13.044262,0.033840,0.967336,0.035435,0.248716,-6.171543,121.194733,13.093601,0.189051,-0.680862,0.144335,-0.692715,-20.391157,122.546684,5.303873,-0.012570,0.057296,-0.494642,-0.867115,-19.692009,112.292709,-14.619210,-0.219807,-0.265343,0.675494,0.651909,-9.552011,129.518860,-12.370534,-0.159654,0.987045,-0.012722,-0.009546,0.595640,121.924248,14.952326,0.089323,0.837388,-0.124805,-0.524621,16.033020,127.048050,14.579628,-0.116637,0.001888,0.325103,-0.938456,25.753168,120.758774,-4.617401,0.182099,0.007281,0.594203,-0.783396,9.367532,133.446075,-3.115293,0.040592,0.960258,0.120480,0.248480,-9.377221,84.243690,12.373967,0.051986,0.960835,-0.038913,0.269405,-10.009580,50.405304,3.577342,0.008419,0.963623,0.060416,0.260213,-15.436816,5.881315,5.677298,-0.099927,0.972399,-0.055486,0.203412,6.996232,85.018456,18.897087,-0.057066,0.923148,-0.221788,0.308789,13.002649,50.963337,24.092133,-0.056902,0.968968,-0.121476,0.207621,11.583241,10.770628,44.061653,0.008419,0.963623,0.060416,0.260213,-8.700582,1.672977,-6.358532,-0.056902,0.968968,-0.121476,0.207621,17.432980,2.441079,33.846600
753,6.275000,-0.013408,0.979637,-0.042390,0.195792,-1.251082,84.637222,15.624203,-0.012687,0.987625,0.016824,0.155415,-1.321026,91.841866,14.985481,-0.043195,0.987563,-0.048595,0.143152,-1.838299,108.903053,15.485700,-0.010771,0.990353,0.049388,0.129020,-3.131674,126.863899,13.523102,0.002775,0.988208,-0.106244,0.110222,-3.148497,140.502426,13.129725,0.036071,0.965146,0.037628,0.256467,-6.161036,121.202423,13.088470,0.182488,-0.681524,0.142953,-0.694109,-20.248159,122.649261,5.078185,-0.014064,0.051418,-0.490130,-0.870018,-19.571600,112.624214,-14.961855,-0.217077,-0.259662,0.673248,0.657412,-9.224158,129.754990,-12.884439,-0.154821,0.987856,-0.013020,-0.001214,0.579085,121.902527,15.053779,0.103290,0.836671,-0.118663,-0.524625,16.068844,126.878632,14.949170,-0.110411,0.003399,0.335203,-0.935648,25.668156,120.212746,-4.181475,0.182373,-0.001890,0.610152,-0.771006,9.565685,133.256653,-2.776135,0.041049,0.959132,0.118500,0.253652,-9.392628,84.259079,12.250397,0.051833,0.960148,-0.039038,0.271856,-10.044010,50.390209,3.573311,0.007974,0.963429,0.060826,0.260846,-15.466419,5.865660,5.673981,-0.100077,0.970481,-0.053791,0.212739,6.890465,85.015366,18.998009,-0.055051,0.918121,-0.220534,0.324635,12.882638,50.949383,24.137983,-0.053349,0.963998,-0.118911,0.231778,10.992303,10.686567,43.926437,0.007974,0.963429,0.060826,0.260846,-8.709388,1.670892,-6.354929,-0.053349,0.963998,-0.118911,0.231778,17.346611,2.441441,33.947014
754,6.283333,-0.012574,0.978292,-0.042401,0.202460,-1.317025,84.637871,15.610713,-0.012129,0.986448,0.017499,0.162685,-1.370788,91.842819,14.973810,-0.041703,0.986571,-0.047590,0.150578,-1.876106,108.884277,15.495454,-0.011083,0.989551,0.050666,0.134536,-3.107011,126.853218,13.567034,0.002728,0.987820,-0.106086,0.113798,-3.125403,140.518265,13.208909,0.038362,0.962982,0.040005,0.263806,-6.139857,121.198723,13.070172,0.175763,-0.682151,0.141572,-0.695511,-20.097187,122.744217,4.853757,-0.015329,0.045560,-0.485078,-0.873148,-19.441341,112.953796,-15.302626,-0.213969,-0.254271,0.671448,0.662361,-8.866964,129.979126,-13.401705,-0.150223,0.988533,-0.013318,0.007678,0.571267,121.880424,15.138481,0.116307,0.835620,-0.113078,-0.524810,16.104790,126.715889,15.320368,-0.105226,0.004717,0.344687,-0.932789,25.567278,119.697617,-3.752318,0.181173,-0.010045,0.625631,-0.758724,9.736639,133.071274,-2.428682,0.041455,0.957918,0.116522,0.259033,-9.412107,84.269417,12.125857,0.051614,0.959470,-0.038443,0.274365,-10.078414,50.370377,3.568520,0.007498,0.963232,0.061392,0.261455,-15.472947,5.839655,5.609245,-0.100481,0.968476,-0.052122,0.221903,6.778056,85.006332,19.095568,-0.052953,0.912768,-0.219313,0.340519,12.774992,50.933647,24.185366,-0.051614,0.958475,-0.116812,0.254983,10.408954,10.602268,43.782112,0.007498,0.963232,0.061392,0.261455,-8.695025,1.662875,-6.414167,-0.051614,0.958475,-0.116812,0.254983,17.261679,2.441057,34.067024
755,6.291667,-0.012006,0.976907,-0.042545,0.209040,-1.373734,84.642952,15.604733,-0.012196,0.985198,0.018333,0.169999,-1.414747,91.847923,14.967157,-0.039240,0.985536,-0.046632,0.158129,-1.930257,108.863579,15.511881,-0.011792,0.988786,0.051614,0.139641,-3.064146,126.843010,13.622129,0.002773,0.987497,-0.105993,0.116653,-3.094836,140.526627,13.288945,0.040333,0.960789,0.042185,0.271070,-6.110131,121.201637,13.060704,0.168773,-0.683045,0.140434,-0.696595,-19.935989,122.834686,4.641435,-0.016652,0.039195,-0.479811,-0.876338,-19.320463,113.279915,-15.628992,-0.210757,-0.249250,0.668584,0.668170,-8.519669,130.183685,-13.924500,-0.145512,0.989137,-0.013528,0.015842,0.570916,121.851410,15.234010,0.128930,0.834275,-0.107035,-0.525268,16.143538,126.541832,15.679839,-0.100941,0.005586,0.353802,-0.929841,25.445658,119.198402,-3.349279,0.178458,-0.016887,0.639587,-0.747527,9.883080,132.881714,-2.082004,0.042041,0.956593,0.114606,0.264627,-9.421296,84.279129,12.011023,0.051481,0.958736,-0.038520,0.276931,-10.112824,50.352551,3.565581,0.007061,0.963021,0.061851,0.262136,-15.503305,5.821136,5.601820,-0.100562,0.966452,-0.050410,0.230904,6.673829,85.006775,19.198442,-0.051158,0.906974,-0.217703,0.356913,12.656890,50.922958,24.229700,-0.050027,0.952487,-0.114718,0.277680,9.845796,10.511613,43.601624,0.007061,0.963021,0.061851,0.262136,-8.703400,1.659175,-6.414321,-0.050027,0.952487,-0.114718,0.277680,17.177904,2.433612,34.171124
756,6.300000,-0.011214,0.975485,-0.042845,0.215565,-1.431518,84.643814,15.600896,-0.012339,0.983923,0.018915,0.177160,-1.456163,91.848679,14.961301,-0.037062,0.984468,-0.045438,0.165485,-1.983254,108.841721,15.520170,-0.011962,0.987966,0.052292,0.145068,-3.032680,126.831146,13.677399,0.002464,0.987114,-0.105731,0.120089,-3.059645,140.534210,13.364090,0.042691,0.958500,0.044185,0.278394,-6.087510,121.201454,13.050545,0.162032,-0.683696,0.139318,-0.697779,-19.776062,122.933212,4.429068,-0.016757,0.033794,-0.474128,-0.879647,-19.186445,113.607635,-15.948573,0.209654,0.243879,-0.666922,-0.672148,-8.148002,130.382843,-14.431471,-0.140955,0.989643,-0.013208,0.023732,0.562290,121.822441,15.325715,0.140631,0.832616,-0.102188,-0.525862,16.167221,126.371742,16.029348,-0.098251,0.006680,0.362809,-0.926646,25.299936,118.712532,-2.957289,0.174522,-0.022355,0.652468,-0.737108,10.006518,132.698746,-1.734169,0.042409,0.955136,0.112636,0.270609,-9.430523,84.287880,11.899596,0.051542,0.957938,-0.038546,0.279666,-10.131698,50.332153,3.572901,0.006624,0.962797,0.062303,0.262863,-15.533842,5.801481,5.594479,-0.100842,0.964469,-0.048681,0.239292,6.567486,84.999756,19.302195,-0.048957,0.900913,-0.216048,0.373205,12.554858,50.907906,24.273533,-0.048180,0.945616,-0.112507,0.301383,9.274802,10.412300,43.394150,0.006624,0.962797,0.062303,0.262863,-8.710887,1.654142,-6.413650,-0.048180,0.945616,-0.112507,0.301383,17.093628,2.419304,34.287762
757,6.308333,-0.010523,0.974032,-0.043111,0.222018,-1.487669,84.639168,15.601102,-0.012392,0.982643,0.019338,0.184077,-1.497485,91.843918,14.959842,-0.034968,0.983373,-0.044589,0.172531,-2.032051,108.809578,15.527894,-0.011382,0.987085,0.053847,0.150444,-2.999098,126.807251,13.720819,0.001676,0.986708,-0.105730,0.123392,-3.006010,140.544769,13.454105,0.045395,0.956134,0.046311,0.285663,-6.062051,121.188942,13.034348,0.154639,-0.684162,0.138836,-0.699095,-19.609423,123.031746,4.215169,-0.017645,0.028014,-0.468270,-0.882965,-19.042404,113.936462,-16.266933,0.207842,0.237866,-0.664762,-0.676988,-7.762883,130.575974,-14.937533,-0.136515,0.990054,-0.013068,0.031389,0.556269,121.782730,15.406494,0.152034,0.830755,-0.096773,-0.526656,16.187555,126.194023,16.359659,-0.095325,0.006587,0.371548,-0.923483,25.133139,118.246017,-2.597344,0.171351,-0.028417,0.663979,-0.727299,10.106483,132.518234,-1.379325,0.042759,0.953763,0.110829,0.276088,-9.437123,84.289482,11.793968,0.051583,0.956910,-0.038681,0.283137,-10.149334,50.307590,3.575634,0.006142,0.962540,0.062797,0.263698,-15.565723,5.778238,5.588134,-0.100755,0.962096,-0.046945,0.249030,6.461784,84.988853,19.408236,-0.046669,0.894613,-0.213538,0.389731,12.423658,50.884171,24.321821,-0.047300,0.937832,-0.109625,0.325908,8.699282,10.272062,43.111084,0.006142,0.962540,0.062797,0.263698,-8.716577,1.646921,-6.410602,-0.047300,0.937832,-0.109625,0.325908,17.023832,2.389132,34.364117
758,6.316667,-0.009913,0.972586,-0.043138,0.228292,-1.537105,84.634727,15.596238,-0.012536,0.981303,0.019752,0.191045,-1.534111,91.839622,14.956561,-0.032644,0.982220,-0.043418,0.179703,-2.079947,108.797729,15.533434,-0.011929,0.986265,0.054560,0.155443,-2.958887,126.804817,13.775915,0.001585,0.986374,-0.105374,0.126332,-2.973849,140.544434,13.528901,0.047655,0.953814,0.047868,0.292707,-6.030663,121.199593,13.024913,0.147254,-0.684671,0.138552,-0.700247,-19.438627,123.134567,4.014500,-0.018483,0.021805,-0.462233,-0.886298,-18.899294,114.264191,-16.566748,0.205886,0.231539,-0.662452,-0.682025,-7.378418,130.758362,-15.443748,-0.131795,0.990433,-0.013094,0.038740,0.554224,121.762154,15.495663,0.163215,0.828592,-0.090988,-0.527747,16.209946,126.026169,16.688046,-0.091293,0.005203,0.379736,-0.920564,24.945923,117.809692,-2.252236,0.169594,-0.035340,0.674885,-0.717300,10.174850,132.342636,-1.011737,0.043038,0.952469,0.108955,0.281212,-9.436933,84.290901,11.686654,0.051705,0.956076,-0.038744,0.285910,-10.160959,50.281883,3.582370,0.005859,0.962312,0.063356,0.264399,-15.595190,5.754089,5.581346,-0.100926,0.959783,-0.045587,0.257978,6.362723,84.978554,19.505823,-0.044607,0.888600,-0.211418,0.404601,12.314890,50.867485,24.386795,-0.047152,0.930632,-0.107399,0.346651,8.192650,10.157591,42.879017,0.005859,0.962312,0.063356,0.264399,-8.724830,1.639259,-6.410922,-0.047152,0.930632,-0.107399,0.346651,16.940033,2.369285,34.466297
759,6.325000,-0.009201,0.971073,-0.043730,0.234565,-1.597158,84.633812,15.610287,-0.012644,0.979964,0.020441,0.197721,-1.578019,91.838158,14.964742,-0.030333,0.981047,-0.042951,0.186497,-2.135421,108.777847,15.559462,-0.012328,0.985386,0.055505,0.160567,-2.923304,126.791672,13.827972,0.001401,0.985962,-0.104963,0.129843,-2.943324,140.549805,13.607388,0.050051,0.951312,0.049929,0.300012,-6.004982,121.199478,13.022387,0.140127,-0.685303,0.137855,-0.701228,-19.264446,123.236252,3.816767,-0.019190,0.015668,-0.456038,-0.889615,-18.755276,114.596535,-16.863138,0.203988,0.225043,-0.659213,-0.687883,-6.994672,130.936203,-15.948768,-0.127719,0.990669,-0.012601,0.045870,0.546857,121.732437,15.585826,0.173219,0.826267,-0.086430,-0.528969,16.217369,125.868378,17.012119,-0.087489,0.003188,0.387694,-0.917621,24.744568,117.401398,-1.912984,0.168956,-0.044314,0.684311,-0.707961,10.228234,132.181030,-0.626300,0.043055,0.951255,0.107329,0.285904,-9.446008,84.295219,11.598889,0.051917,0.955219,-0.038751,0.288721,-10.164291,50.261719,3.597539,0.005626,0.962091,0.063789,0.265104,-15.622656,5.735949,5.575583,-0.101259,0.957544,-0.043928,0.266320,6.251692,84.972397,19.621683,-0.042784,0.881992,-0.209289,0.420069,12.214667,50.855659,24.449501,-0.046775,0.923108,-0.105168,0.366910,7.708187,10.051001,42.640762,0.005626,0.962091,0.063789,0.265104,-8.731791,1.633892,-6.409298,-0.046775,0.923108,-0.105168,0.366910,16.853996,2.354368,34.574520
760,6.333333,-0.008510,0.969558,-0.044099,0.240707,-1.651059,84.628487,15.615766,-0.012436,0.978591,0.020818,0.204380,-1.616863,91.832542,14.967601,-0.028270,0.979829,-0.042158,0.193281,-2.173237,108.748688,15.571639,-0.012424,0.984508,0.056443,0.165540,-2.881541,126.769325,13.877182,0.001081,0.985593,-0.104610,0.132902,-2.898947,140.553757,13.684100,0.053007,0.948814,0.051661,0.307038,-5.968918,121.188889,13.014029,0.133467,-0.686065,0.136890,-0.701970,-19.079672,123.341576,3.623643,-0.019379,0.009694,-0.449749,-0.892892,-18.605509,114.927673,-17.149988,0.202653,0.218535,-0.655748,-0.693663,-6.606759,131.109055,-16.449842,-0.124325,0.990767,-0.011948,0.052746,0.548266,121.694756,15.669640,0.183228,0.823757,-0.081139,-0.530347,16.224545,125.723396,17.321779,-0.082542,-0.000355,0.395209,-0.914875,24.526327,117.026749,-1.599397,0.169748,-0.054781,0.692814,-0.698708,10.258377,132.030029,-0.232116,0.043208,0.949765,0.105619,0.291419,-9.448619,84.295654,11.505091,0.052083,0.954473,-0.038780,0.291144,-10.166019,50.237595,3.608841,0.005203,0.961883,0.064272,0.265749,-15.644322,5.713579,5.571160,-0.101540,0.955133,-0.042497,0.274962,6.146502,84.961319,19.726440,-0.041494,0.876296,-0.207219,0.432948,12.112163,50.839912,24.517841,-0.043593,0.916673,-0.101340,0.384110,7.320690,9.948081,42.438519,0.005203,0.961883,0.064272,0.265749,-8.732532,1.627003,-6.406957,-0.043593,0.916673,-0.101340,0.384110,16.767191,2.338789,34.640408
761,6.341667,-0.007833,0.968064,-0.044214,0.246649,-1.701203,84.621773,15.623686,-0.012304,0.977219,0.020914,0.210841,-1.653131,91.825844,14.976542,-0.026027,0.978609,-0.041257,0.199861,-2.209616,108.736351,15.580800,-0.015146,0.983577,0.058060,0.170222,-2.833643,126.764130,13.929677,0.002733,0.985070,-0.104485,0.136792,-2.923617,140.548843,13.770697,0.055348,0.946346,0.053590,0.313839,-5.928050,121.196854,13.008605,0.126163,-0.686612,0.136952,-0.702774,-18.893167,123.448494,3.440887,-0.020231,0.002721,-0.443502,-0.896041,-18.453390,115.249290,-17.419178,0.200332,0.212187,-0.651740,-0.700057,-6.224603,131.269501,-16.959299,-0.120216,0.990891,-0.011699,0.059558,0.554354,121.672630,15.753407,0.192162,0.821248,-0.075518,-0.531904,16.238441,125.571442,17.627983,-0.078339,-0.004446,0.402137,-0.912211,24.315687,116.694817,-1.306802,0.169760,-0.066679,0.699871,-0.690591,10.284784,131.895813,0.168153,0.043159,0.948517,0.103997,0.296038,-9.447872,84.295616,11.417367,0.052414,0.953762,-0.038783,0.293405,-10.157730,50.213493,3.624947,0.004966,0.961656,0.064815,0.266444,-15.669057,5.692607,5.565748,-0.101784,0.952758,-0.041182,0.283190,6.045468,84.947937,19.830006,-0.039733,0.871193,-0.205014,0.444312,12.012037,50.822304,24.590015,-0.043929,0.909941,-0.098681,0.400424,6.940240,9.835982,42.215240,0.004966,0.961656,0.064815,0.266444,-8.736689,1.621825,-6.405859,-0.043929,0.909941,-0.098681,0.400424,16.702353,2.325377,34.715889
762,6.350000,-0.007243,0.966552,-0.044494,0.252476,-1.745430,84.615540,15.635511,-0.012278,0.975842,0.021393,0.217079,-1.684191,91.819374,14.986912,-0.023984,0.977362,-0.040843,0.206203,-2.246655,108.713623,15.603052,-0.014967,0.982688,0.059112,0.174946,-2.790765,126.746346,13.977716,0.002434,0.984713,-0.104044,0.139677,-2.872262,140.531448,13.850680,0.058172,0.943935,0.054777,0.320316,-5.890863,121.190872,13.005888,0.118603,-0.687051,0.137232,-0.703606,-18.711895,123.548576,3.271016,-0.021795,-0.005311,-0.437037,-0.899164,-18.302637,115.565857,-17.673466,0.196181,0.205381,-0.647587,-0.707080,-5.841071,131.419708,-17.482067,-0.116593,0.990934,-0.011395,0.065770,0.556640,121.640503,15.835979,0.199583,0.818663,-0.071773,-0.533673,16.243309,125.424385,17.913481,-0.075142,-0.008561,0.408447,-0.909643,24.105719,116.381264,-1.032946,0.169631,-0.079008,0.704692,-0.684392,10.292645,131.761475,0.562772,0.043300,0.947131,0.102512,0.300929,-9.440948,84.293846,11.335984,0.052616,0.953019,-0.038858,0.295765,-10.151650,50.191135,3.634252,0.005275,0.961486,0.065483,0.266887,-15.686991,5.672681,5.562422,-0.101914,0.950129,-0.039840,0.292029,5.950088,84.937233,19.935040,-0.038227,0.866022,-0.202645,0.455498,11.908580,50.805843,24.663868,-0.044016,0.903320,-0.095953,0.415776,6.592204,9.722265,41.988045,0.005275,0.961486,0.065483,0.266887,-8.744962,1.617394,-6.408844,-0.044016,0.903320,-0.095953,0.415776,16.641375,2.306967,34.778614
763,6.358333,-0.006406,0.965005,-0.044994,0.258264,-1.805925,84.609344,15.651515,-0.011844,0.974458,0.021551,0.223218,-1.727242,91.812698,14.999453,-0.021869,0.976107,-0.040336,0.212390,-2.279872,108.689011,15.619886,-0.014926,0.981776,0.060098,0.179672,-2.742849,126.726738,14.025220,0.002043,0.984331,-0.103435,0.142792,-2.819587,140.512115,13.927761,0.060522,0.941496,0.056225,0.326742,-5.848864,121.183739,13.002387,0.111012,-0.687461,0.137268,-0.704437,-18.525511,123.635658,3.103100,-0.024379,-0.013951,-0.430135,-0.902328,-18.141941,115.878471,-17.926432,0.189492,0.197519,-0.645153,-0.713342,-5.438624,131.554672,-18.011429,-0.113089,0.990925,-0.011001,0.071812,0.563462,121.605850,15.915413,0.206506,0.816143,-0.067533,-0.535449,16.249273,125.278008,18.190445,-0.073658,-0.011728,0.414245,-0.907104,23.900482,116.100182,-0.777656,0.165688,-0.090358,0.709037,-0.679448,10.291338,131.642349,0.928433,0.043192,0.945827,0.101152,0.305474,-9.449492,84.295288,11.259748,0.052812,0.951913,-0.038975,0.299256,-10.145561,50.172543,3.645883,0.005070,0.961297,0.065798,0.267496,-15.707728,5.656761,5.558449,-0.102287,0.947854,-0.038455,0.299385,5.837641,84.923409,20.043282,-0.036873,0.861522,-0.200468,0.465009,11.813153,50.789772,24.734221,-0.043416,0.897285,-0.093079,0.429337,6.294359,9.618261,41.784138,0.005070,0.961297,0.065798,0.267496,-8.748176,1.610970,-6.405849,-0.043416,0.897285,-0.093079,0.429337,16.584333,2.288683,34.831303
764,6.366667,-0.005642,0.963491,-0.044832,0.263901,-1.858228,84.598198,15.663997,-0.011700,0.973098,0.021962,0.229044,-1.765707,91.801895,15.017569,-0.019618,0.974876,-0.040106,0.218230,-2.320140,108.667328,15.648919,-0.016003,0.980914,0.060912,0.183959,-2.695921,126.709106,14.077356,0.002628,0.983932,-0.102882,0.145896,-2.798315,140.494431,13.998997,0.063214,0.938993,0.057425,0.333166,-5.810168,121.179474,13.008255,0.104107,-0.687883,0.137215,-0.705089,-18.338039,123.733475,2.946700,-0.026517,-0.022937,-0.422998,-0.905452,-17.979868,116.184792,-18.159027,0.182369,0.189453,-0.642852,-0.719438,-5.037001,131.673935,-18.544849,-0.109538,0.990935,-0.009973,0.077136,0.567990,121.572853,15.999275,0.212050,0.813684,-0.064389,-0.537408,16.253719,125.129890,18.450939,-0.073466,-0.014325,0.419335,-0.904741,23.706654,115.842377,-0.542702,0.160592,-0.100582,0.712198,-0.675920,10.278964,131.523849,1.271485,0.043135,0.944477,0.099966,0.310015,-9.450028,84.293571,11.182684,0.053026,0.951181,-0.039169,0.301512,-10.131875,50.153809,3.644204,0.004801,0.961130,0.065942,0.268062,-15.721986,5.641422,5.554265,-0.102555,0.945688,-0.037386,0.306199,5.733572,84.902824,20.145309,-0.035845,0.857322,-0.198311,0.473695,11.715894,50.767357,24.814201,-0.042459,0.892103,-0.090141,0.440709,6.039486,9.511858,41.607430,0.004801,0.961130,0.065942,0.268062,-8.745803,1.601032,-6.402175,-0.042459,0.892103,-0.090141,0.440709,16.523724,2.259186,34.867416
765,6.375000,-0.004929,0.961990,-0.045104,0.269288,-1.908879,84.590469,15.690557,-0.011283,0.971620,0.021691,0.235279,-1.801763,91.793922,15.043667,-0.017312,0.973488,-0.039340,0.224665,-2.344147,108.651367,15.665553,-0.016453,0.980015,0.061433,0.188482,-2.634493,126.698425,14.137242,0.002571,0.983586,-0.102386,0.148558,-2.743855,140.483780,14.073239,0.065583,0.936673,0.058388,0.339018,-5.753973,121.182892,13.012065,0.096252,-0.688211,0.138073,-0.705717,-18.143908,123.825882,2.803767,-0.028591,-0.032251,-0.415566,-0.908541,-17.816563,116.487076,-18.376345,0.176116,0.181751,-0.641218,-0.724424,-4.634223,131.778976,-19.080330,-0.106253,0.990871,-0.009165,0.082472,0.585165,121.545425,16.088713,0.217463,0.810841,-0.061386,-0.539888,16.266249,124.995865,18.716122,-0.073750,-0.016583,0.424321,-0.902351,23.495171,115.604126,-0.312819,0.154433,-0.108802,0.716588,-0.671427,10.244102,131.424301,1.604690,0.043235,0.943009,0.099061,0.314725,-9.450144,84.292542,11.124272,0.053168,0.950186,-0.039448,0.304572,-10.121109,50.140781,3.639366,0.004964,0.960979,0.066149,0.268549,-15.737038,5.631715,5.551268,-0.102794,0.943494,-0.036139,0.312963,5.632384,84.888397,20.256844,-0.035084,0.854041,-0.196272,0.480479,11.624319,50.749947,24.891428,-0.043590,0.887780,-0.088109,0.449648,5.846104,9.417355,41.458866,0.004964,0.960979,0.066149,0.268549,-8.750021,1.595443,-6.400234,-0.043590,0.887780,-0.088109,0.449648,16.500940,2.243215,34.904900
766,6.383333,-0.004331,0.960540,-0.045153,0.274418,-1.953451,84.583237,15.713646,-0.010701,0.970193,0.021023,0.241182,-1.834376,91.786705,15.069021,-0.015478,0.972147,-0.038111,0.230734,-2.355626,108.632614,15.669995,-0.017059,0.979099,0.062090,0.192923,-2.582167,126.685310,14.198377,0.002749,0.983172,-0.102062,0.151490,-2.703696,140.470627,14.151489,0.068012,0.934368,0.059665,0.344632,-5.700944,121.181381,13.015854,0.089352,-0.688469,0.138048,-0.706378,-17.955441,123.918304,2.669748,-0.029835,-0.041248,-0.407954,-0.911582,-17.643671,116.788063,-18.581724,0.170029,0.173889,-0.639623,-0.729202,-4.230441,131.868011,-19.609625,-0.103016,0.990770,-0.008541,0.087686,0.600043,121.517799,16.172789,0.222881,0.808260,-0.057366,-0.541986,16.274300,124.863342,18.971079,-0.074368,-0.018732,0.428571,-0.900247,23.294453,115.392319,-0.096688,0.146529,-0.116321,0.719365,-0.668964,10.200678,131.322311,1.922987,0.043314,0.941486,0.098280,0.319483,-9.445600,84.291252,11.066833,0.053437,0.949870,-0.039700,0.305476,-10.101649,50.129189,3.627725,0.004982,0.960864,0.066350,0.268912,-15.749166,5.624494,5.548333,-0.103120,0.941497,-0.035227,0.318919,5.538697,84.875221,20.360458,-0.034375,0.851419,-0.194423,0.485906,11.542995,50.736897,24.980024,-0.044038,0.884294,-0.085821,0.456859,5.687347,9.334993,41.345974,0.004982,0.960864,0.066350,0.268912,-8.752966,1.593244,-6.399494,-0.044038,0.884294,-0.085821,0.456859,16.475327,2.232140,34.933697
767,6.391667,-0.003735,0.959088,-0.044791,0.279517,-1.987934,84.575279,15.738380,-0.011199,0.968792,0.021343,0.246701,-1.858637,91.779289,15.101825,-0.013091,0.970838,-0.037788,0.236377,-2.401790,108.610359,15.705618,-0.017192,0.978220,0.062628,0.197147,-2.538640,126.666405,14.264445,0.002885,0.982768,-0.101807,0.154254,-2.659478,140.451767,14.233823,0.070934,0.931782,0.060652,0.350817,-5.665347,121.177208,13.035316,0.081959,-0.688484,0.139023,-0.707068,-17.766666,124.020279,2.538635,-0.031229,-0.050664,-0.400233,-0.914479,-17.467924,117.083000,-18.776793,0.164157,0.166154,-0.637381,-0.734296,-3.833704,131.943665,-20.144699,-0.100994,0.990590,-0.006869,0.092115,0.599404,121.482613,16.266644,0.227541,0.805714,-0.055369,-0.544044,16.261173,124.758568,19.213236,-0.075750,-0.020240,0.433201,-0.897880,23.087008,115.188072,0.124593,0.139668,-0.122988,0.721734,-0.666683,10.163708,131.239151,2.237151,0.043349,0.940314,0.097559,0.323130,-9.430343,84.291206,11.011831,0.053710,0.949300,-0.040023,0.307153,-10.076368,50.119476,3.616399,0.004913,0.960765,0.066463,0.269238,-15.759219,5.619714,5.546888,-0.103580,0.940025,-0.034643,0.323148,5.454473,84.859344,20.464928,-0.033792,0.849800,-0.192877,0.489383,11.481199,50.724827,25.083408,-0.044350,0.882047,-0.083805,0.461523,5.583320,9.265602,41.288292,0.004913,0.960765,0.066463,0.269238,-8.754184,1.591798,-6.396884,-0.044350,0.882047,-0.083805,0.461523,16.459448,2.220546,34.961735
768,6.400000,-0.002988,0.957642,-0.045035,0.284404,-2.038088,84.577629,15.770730,-0.010901,0.967458,0.021317,0.251895,-1.894189,91.781403,15.134539,-0.010891,0.969599,-0.037224,0.241607,-2.430143,108.597473,15.736571,-0.017010,0.977403,0.063088,0.201033,-2.486881,126.656960,14.333695,0.002856,0.982412,-0.101616,0.156628,-2.598807,140.442429,14.318789,0.073911,0.929387,0.061319,0.356395,-5.619570,121.181702,13.058533,0.075092,-0.688371,0.139656,-0.707816,-17.578497,124.128029,2.427990,-0.031888,-0.060360,-0.392333,-0.917287,-17.280714,117.378380,-18.947601,0.158742,0.157587,-0.635797,-0.738735,-3.430741,132.011871,-20.681112,-0.098712,0.990393,-0.005970,0.096655,0.610652,121.457626,16.358538,0.230722,0.802876,-0.054660,-0.546965,16.259361,124.657585,19.454258,-0.076944,-0.022550,0.437308,-0.895730,22.877003,115.011688,0.330293,0.134906,-0.129930,0.725333,-0.662428,10.107285,131.166504,2.561049,0.043220,0.938889,0.097135,0.327389,-9.431963,84.301201,10.968169,0.054051,0.948744,-0.040410,0.308756,-10.045858,50.122917,3.600326,0.005105,0.960657,0.066283,0.269665,-15.771664,5.629256,5.544628,-0.104594,0.938578,-0.033992,0.327072,5.355786,84.854065,20.573292,-0.034006,0.848354,-0.191307,0.492483,11.444010,50.731194,25.197151,-0.044272,0.881070,-0.082471,0.463632,5.573775,9.219107,41.276264,0.005105,0.960657,0.066283,0.269665,-8.758569,1.594880,-6.392230,-0.044272,0.881070,-0.082471,0.463632,16.489197,2.206226,34.981709
769,6.408333,-0.002313,0.956241,-0.044794,0.289120,-2.085272,84.571388,15.796854,-0.010585,0.966056,0.021354,0.257231,-1.929915,91.775528,15.167528,-0.008888,0.968252,-0.036834,0.247087,-2.458937,108.582855,15.770226,-0.016915,0.976501,0.063722,0.205181,-2.440984,126.644836,14.398624,0.002964,0.982001,-0.101469,0.159279,-2.547030,140.430359,14.403915,0.076803,0.927018,0.062137,0.361771,-5.576674,121.182045,13.078135,0.067962,-0.688321,0.140436,-0.708430,-17.395786,124.230263,2.320703,-0.032772,-0.070340,-0.384287,-0.919947,-17.104719,117.672180,-19.114532,0.153432,0.148902,-0.632854,-0.744166,-3.047882,132.070938,-21.223549,-0.096482,0.990197,-0.004912,0.100881,0.616317,121.431908,16.449530,0.234631,0.800177,-0.052596,-0.549453,16.252029,124.556732,19.684544,-0.077601,-0.025010,0.441453,-0.893573,22.665777,114.843262,0.525348,0.130533,-0.135900,0.727846,-0.659342,10.055770,131.098801,2.869622,0.043009,0.937693,0.096627,0.330975,-9.431489,84.303894,10.921205,0.054356,0.948017,-0.040773,0.310880,-10.015336,50.117458,3.588826,0.004974,0.960580,0.066201,0.269963,-15.781386,5.629408,5.542546,-0.105083,0.937276,-0.033802,0.330649,5.260945,84.838890,20.672503,-0.034232,0.847642,-0.189777,0.494283,11.367541,50.722279,25.318247,-0.044465,0.880474,-0.080656,0.465062,5.549305,9.159213,41.284172,0.004974,0.960580,0.066201,0.269963,-8.760099,1.593570,-6.389005,-0.044465,0.880474,-0.080656,0.465062,16.498991,2.190767,34.999790
770,6.416667,-0.001847,0.954854,-0.044452,0.293725,-2.119131,84.568161,15.824127,-0.009978,0.964686,0.020776,0.262391,-1.955766,91.772766,15.202252,-0.007365,0.966940,-0.035913,0.252357,-2.463057,108.575974,15.788539,-0.016639,0.975619,0.064190,0.209213,-2.392733,126.641273,14.463167,0.002752,0.981612,-0.101215,0.161819,-2.487435,140.426865,14.485232,0.079242,0.924765,0.063590,0.366724,-5.525064,121.188416,13.094542,0.061547,-0.688109,0.140804,-0.709149,-17.214373,124.331734,2.223253,-0.033102,-0.080361,-0.376370,-0.922384,-16.914848,117.955994,-19.266808,0.148624,0.139449,-0.629607,-0.749707,-2.669747,132.117157,-21.763281,-0.094501,0.989916,-0.004003,0.105455,0.631137,121.416809,16.534147,0.238746,0.797323,-0.050335,-0.552036,16.248447,124.474541,19.918699,-0.077632,-0.027613,0.445502,-0.891481,22.447327,114.693878,0.722997,0.127001,-0.140902,0.731110,-0.655359,9.999449,131.042160,3.173286,0.042842,0.936604,0.096269,0.334169,-9.418036,84.306702,10.877612,0.054779,0.947594,-0.041176,0.312042,-9.974482,50.114429,3.570359,0.005137,0.960507,0.066056,0.270253,-15.789969,5.633492,5.539355,-0.105411,0.936144,-0.033622,0.333755,5.179773,84.829620,20.770641,-0.034701,0.847597,-0.188587,0.494783,11.296423,50.716995,25.432455,-0.043860,0.880650,-0.078877,0.465092,5.558077,9.116400,41.329384,0.005137,0.960507,0.066056,0.270253,-8.763585,1.592433,-6.387422,-0.043860,0.880650,-0.078877,0.465092,16.510700,2.177751,35.017220
771,6.425000,-0.001379,0.953573,-0.044202,0.297899,-2.153489,84.561958,15.854147,-0.009548,0.963330,0.020615,0.267357,-1.982023,91.766899,15.238449,-0.005386,0.965618,-0.035151,0.257521,-2.476922,108.570374,15.820744,-0.016775,0.974783,0.064465,0.212982,-2.337393,126.638557,14.540847,0.002868,0.981228,-0.101203,0.164137,-2.431257,140.424133,14.572006,0.081591,0.922641,0.063935,0.371468,-5.471338,121.198677,13.125065,0.054997,-0.687905,0.140960,-0.709854,-17.034414,124.421036,2.142489,-0.033369,-0.090356,-0.368611,-0.924580,-16.724302,118.238464,-19.403788,0.144756,0.129570,-0.625465,-0.755679,-2.307007,132.164078,-22.289360,-0.092605,0.989669,-0.003089,0.109412,0.648065,121.399796,16.631390,0.243196,0.794688,-0.046829,-0.554196,16.249252,124.392990,20.145515,-0.077180,-0.030181,0.449135,-0.889612,22.244787,114.564178,0.909857,0.123283,-0.145295,0.732464,-0.653596,9.948419,130.989594,3.453608,0.042739,0.935462,0.096055,0.337428,-9.408854,84.306458,10.843679,0.055116,0.947242,-0.041544,0.313000,-9.938184,50.110687,3.550784,0.005308,0.960445,0.065952,0.270496,-15.794547,5.635816,5.535576,-0.105248,0.935265,-0.033838,0.336239,5.101877,84.817459,20.864614,-0.035104,0.848007,-0.187487,0.494470,11.190469,50.703449,25.552931,-0.043683,0.880951,-0.076882,0.464872,5.538298,9.068214,41.389942,0.005308,0.960445,0.065952,0.270496,-8.764171,1.590623,-6.387448,-0.043683,0.880951,-0.076882,0.464872,16.496033,2.169281,35.043205
772,6.433333,-0.000768,0.952313,-0.043873,0.301952,-2.188263,84.555695,15.886225,-0.008845,0.962101,0.020734,0.271761,-2.007191,91.761078,15.278448,-0.003278,0.964437,-0.035023,0.261963,-2.482964,108.559921,15.868598,-0.016228,0.974035,0.064894,0.216289,-2.265131,126.629082,14.613811,0.002162,0.980931,-0.101137,0.165956,-2.341543,140.414719,14.662005,0.083917,0.920453,0.064688,0.376217,-5.405677,121.202614,13.161695,0.048077,-0.687858,0.141684,-0.710257,-16.840687,124.507942,2.070223,-0.033273,-0.100528,-0.360343,-0.926790,-16.536825,118.513283,-19.529184,0.141305,0.120436,-0.621974,-0.760708,-1.938824,132.189148,-22.820686,-0.091493,0.989306,-0.002039,0.113575,0.681417,121.376694,16.725237,0.247124,0.791459,-0.045337,-0.557196,16.259060,124.329529,20.375326,-0.077416,-0.031766,0.453617,-0.887259,22.018812,114.427551,1.105171,0.119649,-0.149000,0.735009,-0.650572,9.899995,130.959900,3.721506,0.042544,0.934208,0.096096,0.340898,-9.400765,84.309090,10.813808,0.055558,0.946931,-0.042068,0.313793,-9.889356,50.112713,3.520918,0.005412,0.960407,0.065662,0.270698,-15.799478,5.646163,5.532671,-0.105704,0.934547,-0.034083,0.338063,5.024240,84.802307,20.958641,-0.035579,0.849471,-0.186622,0.492246,11.127215,50.696190,25.685497,-0.042458,0.882096,-0.074928,0.463130,5.591601,9.034899,41.495129,0.005412,0.960407,0.065662,0.270698,-8.765965,1.592327,-6.385570,-0.042458,0.882096,-0.074928,0.463130,16.518154,2.157594,35.071621
773,6.441667,-0.000290,0.951096,-0.043717,0.305785,-2.219490,84.552940,15.921548,-0.008549,0.960872,0.020751,0.276082,-2.030096,91.758530,15.318765,-0.001685,0.963244,-0.034526,0.266396,-2.499084,108.556709,15.910027,-0.015776,0.973232,0.065133,0.219837,-2.224678,126.627419,14.688945,0.002230,0.980529,-0.101091,0.168343,-2.284781,140.413086,14.748796,0.085791,0.918385,0.065176,0.380738,-5.365090,121.211334,13.198248,0.041759,-0.687407,0.141483,-0.711134,-16.678375,124.582581,2.002284,-0.032358,-0.110086,-0.352266,-0.928839,-16.344124,118.784477,-19.650259,0.138280,0.112212,-0.618541,-0.765306,-1.580341,132.207687,-23.337511,-0.090104,0.989017,-0.001295,0.117158,0.689067,121.364021,16.818430,0.250670,0.788873,-0.042699,-0.559483,16.248018,124.268700,20.585024,-0.077623,-0.033823,0.457310,-0.885267,21.814077,114.331482,1.276140,0.116334,-0.153043,0.739339,-0.645307,9.842078,130.951706,3.980336,0.042238,0.933039,0.096507,0.344006,-9.390897,84.312233,10.790918,0.056095,0.946486,-0.042831,0.314933,-9.825274,50.119579,3.477213,0.005606,0.960371,0.065242,0.270925,-15.804741,5.664238,5.531327,-0.105811,0.934039,-0.034486,0.339391,4.951916,84.793648,21.052179,-0.036307,0.851309,-0.185737,0.489344,11.045424,50.691055,25.816509,-0.041471,0.883456,-0.073025,0.460925,5.658811,9.004900,41.612053,0.005606,0.960371,0.065242,0.270925,-8.768729,1.597628,-6.381080,-0.041471,0.883456,-0.073025,0.460925,16.549068,2.150706,35.102783
774,6.450000,0.000250,0.949976,-0.043426,0.309288,-2.245310,84.549080,15.955588,-0.008206,0.959742,0.020817,0.279990,-2.047569,91.755035,15.359911,-0.000290,0.962146,-0.034122,0.270391,-2.508155,108.540260,15.954174,-0.015512,0.972450,0.065693,0.223124,-2.184010,126.612068,14.761949,0.002534,0.980107,-0.101175,0.170725,-2.235339,140.397675,14.840889,0.087999,0.916203,0.066031,0.385316,-5.323659,121.205070,13.237059,0.035080,-0.686869,0.141934,-0.711924,-16.510336,124.656464,1.938775,-0.031530,-0.119211,-0.344321,-0.930719,-16.148701,119.045639,-19.762608,0.136020,0.104443,-0.615541,-0.769220,-1.232289,132.215088,-23.828476,-0.089302,0.988648,-0.000738,0.120827,0.700274,121.339203,16.908035,0.254410,0.786708,-0.040367,-0.561014,16.235485,124.214958,20.792917,-0.078459,-0.034453,0.461009,-0.883248,21.639938,114.225891,1.464894,0.111140,-0.156395,0.739291,-0.645474,9.821662,130.923416,4.214369,0.041970,0.931948,0.096731,0.346923,-9.378704,84.316322,10.771879,0.056630,0.946054,-0.043418,0.316055,-9.767272,50.125111,3.448811,0.005894,0.960305,0.064858,0.271244,-15.810927,5.679721,5.530331,-0.105831,0.933728,-0.035271,0.340159,4.888085,84.781845,21.139297,-0.037046,0.853466,-0.184744,0.485894,10.960056,50.683369,25.960297,-0.040259,0.884947,-0.070872,0.458503,5.738009,8.969006,41.736649,0.005894,0.960305,0.064858,0.271244,-8.770965,1.600599,-6.375462,-0.040259,0.884947,-0.070872,0.458503,16.586843,2.140299,35.132122
775,6.458333,0.000733,0.948881,-0.043368,0.312639,-2.267637,84.547760,15.996103,-0.008103,0.958630,0.021355,0.283738,-2.061440,91.753784,15.404111,0.001175,0.961061,-0.034006,0.274235,-2.526254,108.542503,16.015009,-0.015434,0.971713,0.066001,0.226229,-2.147496,126.614548,14.842675,0.003257,0.979686,-0.101387,0.172991,-2.193854,140.400101,14.932710,0.089532,0.914046,0.066497,0.389977,-5.288162,121.216835,13.287301,0.028975,-0.686271,0.142049,-0.712751,-16.348410,124.723579,1.882091,-0.030368,-0.127945,-0.336572,-0.932431,-15.951448,119.292603,-19.864384,0.133709,0.097798,-0.612123,-0.773216,-0.896725,132.207687,-24.298576,-0.087813,0.988376,-0.000246,0.124107,0.706207,121.332504,17.006977,0.258168,0.784405,-0.037368,-0.562727,16.223854,124.157692,20.997726,-0.078615,-0.035632,0.464739,-0.881231,21.455652,114.135269,1.639485,0.107588,-0.159536,0.741583,-0.642672,9.788461,130.918640,4.442796,0.041868,0.930764,0.096912,0.350047,-9.364253,84.320824,10.761900,0.057107,0.945836,-0.043789,0.316570,-9.717150,50.131462,3.428395,0.005892,0.960215,0.064384,0.271674,-15.812739,5.693847,5.524321,-0.105832,0.933551,-0.035895,0.340578,4.828979,84.774689,21.230307,-0.037754,0.855870,-0.183932,0.481904,10.883756,50.679325,26.094740,-0.038878,0.886535,-0.068921,0.455845,5.825493,8.942845,41.865948,0.005892,0.960215,0.064384,0.271674,-8.763708,1.601772,-6.371656,-0.038878,0.886535,-0.068921,0.455845,16.625687,2.133060,35.162903
776,6.466667,0.001250,0.947833,-0.043366,0.315802,-2.283365,84.543610,16.038465,-0.008066,0.957544,0.021707,0.287354,-2.068107,91.749619,15.449550,0.002758,0.959987,-0.033931,0.277968,-2.536796,108.514999,16.069538,-0.013894,0.971004,0.066331,0.229257,-2.099173,126.587006,14.917252,0.002493,0.979386,-0.101603,0.174569,-2.101721,140.372498,15.028151,0.091556,0.911994,0.067248,0.394160,-5.242314,121.199394,13.332121,0.022529,-0.685400,0.142787,-0.713675,-16.183918,124.778893,1.835435,-0.030055,-0.136566,-0.329521,-0.933736,-15.742761,119.517624,-19.951874,0.131575,0.090747,-0.608303,-0.777445,-0.579773,132.200211,-24.736170,-0.087139,0.988009,-0.000053,0.127456,0.722880,121.295128,17.098969,0.261725,0.782340,-0.034151,-0.564161,16.216963,124.096802,21.196444,-0.078878,-0.036608,0.468214,-0.879326,21.293386,114.052490,1.808195,0.103754,-0.162768,0.743201,-0.640620,9.768320,130.913895,4.659178,0.041708,0.929512,0.097502,0.353215,-9.344899,84.322899,10.756760,0.057709,0.945543,-0.044473,0.317240,-9.647667,50.140625,3.388073,0.005993,0.960213,0.063726,0.271836,-15.815017,5.714640,5.520348,-0.105680,0.933383,-0.036734,0.340997,4.778168,84.764320,21.320171,-0.038450,0.858370,-0.183053,0.477717,10.800751,50.670971,26.238398,-0.037798,0.888190,-0.067029,0.452988,5.911446,8.910272,41.998783,0.005993,0.960213,0.063726,0.271836,-8.764854,1.604126,-6.368604,-0.037798,0.888190,-0.067029,0.452988,16.662401,2.122153,35.195351
777,6.475000,0.001780,0.946851,-0.043400,0.318726,-2.297809,84.538361,16.080902,-0.007910,0.956507,0.022398,0.290741,-2.073319,91.744301,15.494628,0.004082,0.958959,-0.033971,0.281473,-2.545895,108.508316,16.136618,-0.012864,0.970296,0.066601,0.232215,-2.057683,126.579895,14.998059,0.002231,0.979015,-0.101925,0.176454,-2.029943,140.365204,15.125214,0.093148,0.909923,0.067583,0.398493,-5.201562,121.200523,13.386626,0.017522,-0.684777,0.142255,-0.714519,-16.021835,124.834824,1.792708,-0.029299,-0.144673,-0.322734,-0.934909,-15.535617,119.739578,-20.033072,0.128948,0.083823,-0.604309,-0.781765,-0.278649,132.190689,-25.152660,-0.086081,0.987720,0.000526,0.130377,0.735838,121.280220,17.197504,0.264911,0.780306,-0.031587,-0.565638,16.211376,124.044624,21.389297,-0.079190,-0.037326,0.471523,-0.877498,21.137730,113.975456,1.975238,0.100329,-0.165344,0.745308,-0.638053,9.746851,130.912949,4.865319,0.041550,0.928302,0.098134,0.356229,-9.326591,84.324051,10.755424,0.058277,0.945178,-0.045179,0.318120,-9.579272,50.149513,3.349078,0.006746,0.960194,0.063196,0.272008,-15.816686,5.735147,5.519084,-0.105615,0.933580,-0.037875,0.340353,4.730973,84.752670,21.406380,-0.039023,0.860752,-0.182098,0.473734,10.725288,50.664318,26.393318,-0.036406,0.889797,-0.064964,0.450239,5.994660,8.876291,42.129681,0.006746,0.960194,0.063196,0.272008,-8.770926,1.605036,-6.365686,-0.036406,0.889797,-0.064964,0.450239,16.694979,2.110296,35.225128
778,6.483333,0.002023,0.945909,-0.043314,0.321523,-2.304976,84.540810,16.128626,-0.006993,0.955398,0.020700,0.294513,-2.075828,91.746841,15.545331,0.003949,0.957814,-0.032503,0.285519,-2.505291,108.533737,16.140800,-0.013988,0.969416,0.067753,0.235472,-2.032042,126.608894,15.053794,0.004226,0.978492,-0.101972,0.179267,-2.037015,140.393967,15.207415,0.093594,0.908338,0.068940,0.401759,-5.154963,121.229599,13.401876,0.012224,-0.683412,0.142967,-0.715792,-15.887486,124.897194,1.737100,-0.029944,-0.152473,-0.316717,-0.935706,-15.326667,119.934380,-20.117384,0.125636,0.076716,-0.599259,-0.786905,-0.000596,132.185638,-25.539923,-0.084158,0.987333,0.001842,0.134492,0.750079,121.307167,17.262743,0.268488,0.778513,-0.028499,-0.566586,16.200804,124.002884,21.588655,-0.078851,-0.037849,0.474451,-0.875926,20.993513,113.907257,2.154908,0.096803,-0.167777,0.747383,-0.635531,9.725023,130.908890,5.062699,0.041317,0.927220,0.098861,0.358864,-9.302144,84.328880,10.761585,0.059017,0.944933,-0.045831,0.318620,-9.500216,50.163002,3.313721,0.006936,0.960189,0.062409,0.272204,-15.819817,5.761745,5.514218,-0.105521,0.933699,-0.039228,0.339902,4.692193,84.752739,21.495665,-0.039356,0.863063,-0.180774,0.469995,10.650290,50.670296,26.565689,-0.035511,0.891182,-0.063264,0.447807,6.070615,8.841475,42.238186,0.006936,0.960189,0.062409,0.272204,-8.773359,1.609125,-6.362292,-0.035511,0.891182,-0.063264,0.447807,16.728922,2.097020,35.248112
779,6.491667,0.002365,0.945032,-0.043278,0.324092,-2.309091,84.538414,16.177734,-0.006912,0.954428,0.020476,0.297658,-2.073852,91.744469,15.597158,0.004748,0.956839,-0.031806,0.288834,-2.500492,108.534660,16.184969,-0.013321,0.968713,0.067927,0.238335,-2.003094,126.611183,15.132126,0.004515,0.978098,-0.102072,0.181344,-1.987221,140.396118,15.297163,0.094376,0.906478,0.069577,0.405648,-5.119369,121.237610,13.449327,0.007679,-0.682762,0.142144,-0.716639,-15.744904,124.939766,1.697847,-0.030434,-0.159770,-0.310516,-0.936551,-15.133749,120.137466,-20.191118,0.122201,0.069061,-0.593716,-0.792337,0.268611,132.183655,-25.902479,-0.082855,0.987017,0.002516,0.137575,0.758705,121.303131,17.351349,0.271453,0.776922,-0.025072,-0.567518,16.189211,123.952927,21.776644,-0.079007,-0.038769,0.477171,-0.874393,20.862715,113.859200,2.312900,0.094061,-0.169728,0.750121,-0.632190,9.706647,130.921280,5.262592,0.041297,0.926071,0.099556,0.361630,-9.276964,84.330391,10.772570,0.059608,0.944757,-0.046411,0.318948,-9.433754,50.174053,3.280116,0.007254,0.960170,0.061850,0.272387,-15.820539,5.783904,5.510490,-0.105412,0.933760,-0.040420,0.339628,4.658783,84.746429,21.582899,-0.039843,0.865114,-0.179636,0.466607,10.582604,50.669014,26.726347,-0.034805,0.892621,-0.061482,0.445237,6.150664,8.806822,42.352139,0.007254,0.960170,0.061850,0.272387,-8.774246,1.613969,-6.360046,-0.034805,0.892621,-0.061482,0.445237,16.766809,2.088179,35.273613
780,6.500000,0.002751,0.944209,-0.043295,0.326478,-2.316860,84.536346,16.228203,-0.006566,0.953512,0.020290,0.300599,-2.074804,91.742363,15.649815,0.005981,0.955908,-0.031441,0.291918,-2.490184,108.528969,16.233702,-0.012383,0.967983,0.068652,0.241127,-1.950541,126.605843,15.208122,0.003881,0.977688,-0.102445,0.183347,-1.910417,140.390366,15.401241,0.095138,0.904738,0.070671,0.409149,-5.066286,121.240631,13.497904,0.004041,-0.682338,0.140799,-0.717339,-15.594326,124.982361,1.671445,-0.030208,-0.166807,-0.304611,-0.937270,-14.940114,120.330284,-20.248703,0.118847,0.062979,-0.588266,-0.797404,0.521010,132.170624,-26.245277,-0.082100,0.986601,0.003299,0.140950,0.786326,121.289467,17.438259,0.274167,0.775356,-0.022228,-0.568473,16.190308,123.910034,21.972061,-0.079137,-0.038956,0.479662,-0.873009,20.748821,113.812447,2.483067,0.090948,-0.170950,0.752458,-0.629533,9.696515,130.928345,5.446602,0.041116,0.924852,0.100176,0.364586,-9.257315,84.332809,10.787700,0.060199,0.944674,-0.046857,0.319017,-9.362443,50.184071,3.259769,0.007511,0.960219,0.061383,0.272315,-15.811914,5.804005,5.510300,-0.105315,0.933884,-0.041799,0.339150,4.623594,84.739891,21.668703,-0.040337,0.866618,-0.178239,0.464302,10.510627,50.668980,26.896730,-0.034100,0.893854,-0.059500,0.443082,6.217935,8.765448,42.450436,0.007511,0.960219,0.061383,0.272315,-8.771123,1.619825,-6.358493,-0.034100,0.893854,-0.059500,0.443082,16.799555,2.078135,35.291004
781,6.508333,0.003118,0.943430,-0.043259,0.328723,-2.321250,84.534462,16.276951,-0.006225,0.952654,0.020032,0.303332,-2.072976,91.740486,15.701374,0.006762,0.955034,-0.031123,0.294780,-2.476440,108.524704,16.279179,-0.013349,0.967323,0.069667,0.243421,-1.910129,126.601944,15.274575,0.005217,0.977275,-0.102683,0.185369,-1.899425,140.386169,15.490514,0.095906,0.903062,0.071688,0.412482,-5.021575,121.241951,13.540337,0.000382,-0.681990,0.139710,-0.717893,-15.455717,125.022354,1.643173,-0.029327,-0.172883,-0.298598,-0.938131,-14.766553,120.513763,-20.305866,0.116551,0.058198,-0.584207,-0.801081,0.776781,132.150009,-26.566183,-0.081224,0.986243,0.004124,0.143911,0.807203,121.280289,17.515978,0.276268,0.774024,-0.020256,-0.569345,16.188391,123.867607,22.145260,-0.079877,-0.038894,0.481997,-0.871657,20.650587,113.762939,2.637644,0.087842,-0.171870,0.753540,-0.628428,9.693130,130.930847,5.618407,0.040898,0.923742,0.100715,0.367267,-9.235724,84.335480,10.803300,0.060931,0.944566,-0.047243,0.319141,-9.290991,50.193069,3.246185,0.007789,0.960207,0.060910,0.272455,-15.813640,5.824244,5.507361,-0.105141,0.933542,-0.042896,0.340007,4.593225,84.733437,21.750603,-0.040799,0.867843,-0.176974,0.462455,10.437836,50.666473,27.051485,-0.033487,0.894889,-0.057692,0.441275,6.267634,8.725974,42.538734,0.007789,0.960207,0.060910,0.272455,-8.773451,1.625387,-6.356606,-0.033487,0.894889,-0.057692,0.441275,16.820517,2.068152,35.309738
782,6.516667,0.003669,0.942607,-0.043434,0.331048,-2.329099,84.532166,16.332741,-0.005700,0.951789,0.018851,0.306122,-2.071064,91.737915,15.758038,0.006948,0.954158,-0.030215,0.297693,-2.447497,108.534180,16.302650,-0.013204,0.966550,0.070709,0.246185,-1.881439,126.613342,15.333128,0.006066,0.976789,-0.102771,0.187841,-1.870140,140.397049,15.580390,0.096410,0.901696,0.071804,0.415323,-4.980350,121.255325,13.570560,-0.002809,-0.681463,0.138470,-0.718629,-15.334826,125.054459,1.609933,-0.028325,-0.178244,-0.293299,-0.938830,-14.597949,120.678749,-20.364428,0.114855,0.054306,-0.579565,-0.804962,1.006334,132.126846,-26.857445,-0.079563,0.985904,0.004752,0.147105,0.824036,121.288696,17.581772,0.277944,0.772853,-0.018151,-0.570190,16.183659,123.818382,22.313339,-0.080860,-0.038850,0.484345,-0.870266,20.561020,113.723198,2.781618,0.085015,-0.173405,0.754438,-0.627316,9.699703,130.941620,5.785061,0.040826,0.922509,0.101321,0.370195,-9.216443,84.339508,10.824771,0.061446,0.944389,-0.047661,0.319503,-9.227220,50.205250,3.230742,0.007997,0.960273,0.060311,0.272350,-15.806087,5.845642,5.509847,-0.105067,0.933383,-0.044076,0.340314,4.558244,84.724823,21.840712,-0.041011,0.868977,-0.175564,0.460842,10.367799,50.663937,27.218613,-0.033286,0.895783,-0.055966,0.439696,6.302337,8.680344,42.616680,0.007997,0.960273,0.060311,0.272350,-8.772129,1.629403,-6.351643,-0.033286,0.895783,-0.055966,0.439696,16.834425,2.055929,35.326935
783,6.525000,0.003928,0.941800,-0.043526,0.333322,-2.329326,84.533463,16.391117,-0.005727,0.950997,0.018817,0.308575,-2.065932,91.739067,15.817039,0.008384,0.953371,-0.030115,0.300177,-2.444113,108.526466,16.359026,-0.011273,0.965995,0.070872,0.248402,-1.827038,126.605057,15.410081,0.004915,0.976576,-0.102830,0.188949,-1.762375,140.388245,15.676853,0.097184,0.900130,0.072235,0.418455,-4.930159,121.256622,13.625919,-0.006605,-0.681033,0.138307,-0.719042,-15.194793,125.086700,1.597903,-0.027456,-0.183271,-0.288546,-0.939361,-14.429667,120.829544,-20.398769,0.114662,0.050575,-0.575736,-0.807975,1.229665,132.112762,-27.111187,-0.078707,0.985578,0.005072,0.149720,0.852962,121.271393,17.667843,0.279127,0.771791,-0.016538,-0.571098,16.191748,123.770844,22.482374,-0.081578,-0.038485,0.486210,-0.869174,20.493061,113.688492,2.927134,0.082357,-0.174849,0.755153,-0.626410,9.706375,130.949799,5.935976,0.040653,0.921620,0.101799,0.372290,-9.189977,84.342773,10.849863,0.062158,0.944343,-0.047873,0.319469,-9.159743,50.214325,3.229808,0.008342,0.960270,0.059820,0.272457,-15.804686,5.864444,5.506440,-0.104922,0.933204,-0.045267,0.340696,4.531324,84.724159,21.932373,-0.040998,0.869909,-0.174004,0.459674,10.300548,50.668587,27.386772,-0.033200,0.896362,-0.054353,0.438724,6.320297,8.635932,42.672844,0.008342,0.960270,0.059820,0.272457,-8.772854,1.632603,-6.350759,-0.033200,0.896362,-0.054353,0.438724,16.842611,2.044956,35.338795
784,6.533333,0.004284,0.941014,-0.043615,0.335516,-2.331610,84.527802,16.447374,-0.005649,0.950254,0.018522,0.310874,-2.061603,91.733253,15.874431,0.009297,0.952637,-0.029966,0.302487,-2.435480,108.519073,16.406849,-0.011139,0.965434,0.071487,0.250404,-1.786241,126.597404,15.474536,0.005634,0.976272,-0.102732,0.190545,-1.719638,140.380203,15.760570,0.097865,0.898711,0.072699,0.421255,-4.888714,121.255043,13.671165,-0.010114,-0.680275,0.138019,-0.719773,-15.072505,125.113503,1.583650,-0.027077,-0.187853,-0.284161,-0.939804,-14.257563,120.967865,-20.432526,0.113782,0.046788,-0.571828,-0.811096,1.446155,132.098038,-27.338493,-0.077975,0.985267,0.005540,0.152111,0.874534,121.257973,17.741398,0.280075,0.771001,-0.015483,-0.571730,16.193571,123.730431,22.632137,-0.082715,-0.038186,0.488173,-0.867979,20.438755,113.651787,3.062730,0.080126,-0.176444,0.754969,-0.626473,9.731448,130.955978,6.087978,0.040603,0.920659,0.102172,0.374564,-9.166321,84.340752,10.874032,0.062669,0.944311,-0.048051,0.319436,-9.104198,50.217342,3.231640,0.008676,0.960316,0.059576,0.272339,-15.797238,5.874717,5.508776,-0.104768,0.932767,-0.046453,0.341776,4.503100,84.714851,22.020716,-0.041064,0.870124,-0.172271,0.459914,10.227291,50.664627,27.555374,-0.033507,0.896713,-0.052530,0.438206,6.320821,8.578545,42.712952,0.008676,0.960316,0.059576,0.272339,-8.772116,1.634090,-6.349262,-0.033507,0.896713,-0.052530,0.438206,16.846497,2.031438,35.344513
785,6.541667,0.004618,0.940233,-0.043791,0.337672,-2.329554,84.522125,16.507677,-0.005757,0.949593,0.018392,0.312893,-2.052828,91.727318,15.934599,0.010113,0.952003,-0.030041,0.304443,-2.429804,108.508408,16.460770,-0.011555,0.964873,0.072191,0.252338,-1.749680,126.585999,15.536215,0.006627,0.975882,-0.102565,0.192592,-1.696543,140.368469,15.840067,0.098811,0.897242,0.073037,0.424099,-4.852609,121.248779,13.718471,-0.013626,-0.679576,0.138365,-0.720309,-14.952124,125.141548,1.571397,-0.027396,-0.192157,-0.280064,-0.940154,-14.098854,121.088120,-20.460489,0.112369,0.043475,-0.567753,-0.814334,1.647034,132.082275,-27.542082,-0.077371,0.984961,0.006018,0.154369,0.893667,121.241974,17.812624,0.280602,0.770681,-0.013923,-0.571943,16.193235,123.691490,22.775312,-0.083572,-0.038097,0.489137,-0.867358,20.414234,113.638519,3.187479,0.078044,-0.177924,0.755497,-0.625681,9.746484,130.961838,6.228774,0.040674,0.919682,0.102324,0.376910,-9.138604,84.337852,10.902926,0.063186,0.944133,-0.048084,0.319857,-9.057486,50.217022,3.249238,0.008868,0.960325,0.059447,0.272331,-15.796101,5.880517,5.511180,-0.104599,0.932074,-0.047425,0.343582,4.479497,84.706406,22.112427,-0.040920,0.870046,-0.170426,0.460761,10.158422,50.660099,27.717390,-0.033941,0.896721,-0.050628,0.438379,6.303645,8.516201,42.726830,0.008868,0.960325,0.059447,0.272331,-8.773366,1.635102,-6.346554,-0.033941,0.896721,-0.050628,0.438379,16.846354,2.017491,35.339931
786,6.550000,0.004806,0.939432,-0.043831,0.339887,-2.321769,84.517517,16.572809,-0.005661,0.948831,0.018363,0.315199,-2.040940,91.722626,16.000763,0.010395,0.951251,-0.030140,0.306767,-2.415899,108.507751,16.526255,-0.011301,0.964252,0.072582,0.254601,-1.722721,126.584915,15.603108,0.007366,0.975496,-0.102325,0.194635,-1.662693,140.367035,15.921356,0.099499,0.895909,0.073210,0.426716,-4.819227,121.248962,13.770755,-0.016484,-0.678782,0.138029,-0.721063,-14.841831,125.166145,1.567958,-0.027254,-0.196089,-0.276379,-0.940437,-13.935998,121.205414,-20.478683,0.111165,0.040513,-0.564008,-0.817249,1.840883,132.070740,-27.723986,-0.076127,0.984763,0.006503,0.156221,0.906918,121.239899,17.893013,0.280757,0.770347,-0.012939,-0.572341,16.193974,123.646233,22.915033,-0.085247,-0.037466,0.490359,-0.866532,20.390684,113.617119,3.309760,0.075233,-0.179088,0.755931,-0.625168,9.770940,130.965790,6.365083,0.040741,0.918797,0.102417,0.379029,-9.104321,84.334335,10.935985,0.063789,0.943960,-0.048033,0.320254,-9.007343,50.215221,3.274830,0.009246,0.960288,0.059396,0.272458,-15.796371,5.885160,5.512129,-0.104375,0.931370,-0.048358,0.345422,4.460785,84.700691,22.209635,-0.040737,0.869919,-0.168649,0.461671,10.091336,50.657349,27.881035,-0.034500,0.896695,-0.048779,0.438598,6.281583,8.457979,42.745411,0.009246,0.960288,0.059396,0.272458,-8.774337,1.635642,-6.344553,-0.034500,0.896695,-0.048779,0.438598,16.843161,2.008188,35.342606
787,6.558333,0.004904,0.938626,-0.043950,0.342090,-2.316355,84.509361,16.642210,-0.005746,0.948130,0.017893,0.317328,-2.032269,91.714302,16.069698,0.011240,0.950566,-0.030089,0.308857,-2.406004,108.494904,16.578299,-0.011589,0.963729,0.072934,0.256461,-1.682271,126.571510,15.667886,0.008438,0.975179,-0.101947,0.196369,-1.630076,140.353455,15.995306,0.100224,0.894706,0.073383,0.429036,-4.778401,121.241066,13.818934,-0.019430,-0.678084,0.137938,-0.721663,-14.731705,125.183403,1.567612,-0.027482,-0.199680,-0.272932,-0.940681,-13.782303,121.310959,-20.492876,0.109904,0.037974,-0.560287,-0.820096,2.024269,132.059158,-27.884615,-0.075727,0.984546,0.007241,0.157743,0.929332,121.221451,17.966610,0.280749,0.770157,-0.012822,-0.572603,16.202812,123.610321,23.038021,-0.087678,-0.035978,0.491509,-0.865700,20.386246,113.586716,3.427091,0.071309,-0.178745,0.755666,-0.626046,9.808133,130.961746,6.481425,0.040823,0.918066,0.102489,0.380768,-9.072386,84.325317,10.973653,0.064294,0.943831,-0.047907,0.320552,-8.964206,50.207699,3.305977,0.009328,0.960289,0.059545,0.272420,-15.792942,5.882359,5.515765,-0.104182,0.930507,-0.049217,0.347678,4.439676,84.693405,22.310766,-0.040604,0.869570,-0.166779,0.463016,10.022858,50.653111,28.046925,-0.035008,0.896677,-0.046810,0.438809,6.258799,8.396456,42.759411,0.009328,0.960289,0.059545,0.272420,-8.772164,1.636282,-6.342891,-0.035008,0.896677,-0.046810,0.438809,16.839012,1.997744,35.338913
788,6.566667,0.004972,0.937801,-0.044028,0.344334,-2.306298,84.499153,16.710747,-0.005841,0.947468,0.017581,0.319313,-2.019527,91.703987,16.138195,0.011725,0.949943,-0.030108,0.310747,-2.394017,108.485962,16.635115,-0.010504,0.963167,0.073512,0.258448,-1.651544,126.562134,15.730948,0.008680,0.974865,-0.101830,0.197976,-1.572142,140.343323,16.083414,0.101103,0.893579,0.073287,0.431189,-4.744690,121.234604,13.868620,-0.021891,-0.677303,0.137685,-0.722375,-14.631966,125.202599,1.572198,-0.027640,-0.202836,-0.269985,-0.940852,-13.631940,121.407997,-20.499578,0.108970,0.035312,-0.556486,-0.822923,2.196880,132.055206,-28.020155,-0.075180,0.984307,0.007346,0.159482,0.946356,121.209457,18.039133,0.280826,0.770209,-0.011992,-0.572513,16.204582,123.579254,23.165121,-0.089596,-0.034698,0.492179,-0.865175,20.390692,113.573685,3.545564,0.067841,-0.178330,0.757182,-0.624717,9.836127,130.963562,6.594756,0.040789,0.917421,0.102400,0.382348,-9.035132,84.313950,11.009972,0.064949,0.943644,-0.047703,0.321002,-8.914001,50.194847,3.349083,0.009548,0.960255,0.059766,0.272484,-15.793182,5.875352,5.519315,-0.103918,0.929645,-0.050102,0.349930,4.422538,84.684357,22.411520,-0.040473,0.869198,-0.164954,0.464379,9.952864,50.646370,28.212219,-0.035590,0.896660,-0.044916,0.438996,6.232959,8.334401,42.776222,0.009548,0.960255,0.059766,0.272484,-8.772300,1.633570,-6.340816,-0.035590,0.896660,-0.044916,0.438996,16.831747,1.986063,35.338982
789,6.575000,0.005180,0.936953,-0.044385,0.346587,-2.301395,84.490585,16.787540,-0.005987,0.946842,0.017189,0.321184,-2.008638,91.694931,16.211899,0.012325,0.949360,-0.030304,0.312482,-2.384383,108.470711,16.693834,-0.010266,0.962659,0.074065,0.260184,-1.617446,126.545929,15.791114,0.009485,0.974559,-0.101533,0.199591,-1.533571,140.326614,16.161768,0.101764,0.892410,0.073353,0.433438,-4.709928,121.221886,13.917768,-0.024383,-0.676755,0.137542,-0.722835,-14.529565,125.211540,1.574244,-0.027908,-0.205603,-0.267154,-0.941051,-13.494563,121.493820,-20.509001,0.108168,0.033106,-0.553078,-0.825414,2.363275,132.048035,-28.144562,-0.075050,0.984104,0.007346,0.160787,0.965661,121.190407,18.109251,0.280590,0.770146,-0.012411,-0.572704,16.210917,123.555229,23.275965,-0.091914,-0.032989,0.493116,-0.864465,20.393141,113.547729,3.656556,0.064593,-0.177225,0.758455,-0.623831,9.869703,130.963226,6.695065,0.040857,0.916669,0.102288,0.384169,-9.002736,84.304825,11.054489,0.065528,0.943586,-0.047343,0.321109,-8.873785,50.184513,3.399124,0.009596,0.960253,0.059911,0.272457,-15.791830,5.868739,5.521251,-0.103709,0.928471,-0.050633,0.353020,4.399946,84.676346,22.520594,-0.040398,0.868402,-0.163078,0.466532,9.884195,50.639065,28.368933,-0.036392,0.896459,-0.043163,0.439516,6.202252,8.271265,42.779457,0.009596,0.960253,0.059911,0.272457,-8.771629,1.630505,-6.340553,-0.036392,0.896459,-0.043163,0.439516,16.827038,1.973461,35.336349
790,6.583333,0.005452,0.936143,-0.044713,0.348723,-2.294011,84.472641,16.863310,-0.006011,0.946194,0.016689,0.323115,-1.994602,91.676529,16.285286,0.012835,0.948743,-0.030286,0.314333,-2.366871,108.461617,16.750568,-0.010375,0.962193,0.074336,0.261825,-1.580823,126.536407,15.855757,0.010437,0.974293,-0.101114,0.201046,-1.499836,140.316895,16.234529,0.102132,0.891466,0.073391,0.435282,-4.670499,121.215530,13.968828,-0.026768,-0.676028,0.137486,-0.723441,-14.435551,125.217667,1.586103,-0.028072,-0.208247,-0.264625,-0.941179,-13.355735,121.569489,-20.506590,0.107582,0.031189,-0.549916,-0.827675,2.523994,132.039505,-28.252203,-0.074620,0.983896,0.007517,0.162247,0.988536,121.178040,18.182585,0.280464,0.770187,-0.012314,-0.572713,16.220541,123.527351,23.395248,-0.093911,-0.031393,0.493844,-0.863894,20.405485,113.526192,3.773190,0.061649,-0.175915,0.759328,-0.623437,9.908616,130.957336,6.797192,0.041081,0.915744,0.102152,0.386381,-8.969092,84.287613,11.099684,0.066082,0.943509,-0.046984,0.321272,-8.839691,50.166656,3.447235,0.009599,0.960191,0.060294,0.272592,-15.794539,5.854386,5.521732,-0.103488,0.927198,-0.050997,0.356361,4.381071,84.657677,22.626936,-0.040388,0.867644,-0.161519,0.468481,9.820882,50.619781,28.513109,-0.036837,0.896375,-0.041145,0.439842,6.172419,8.206457,42.797684,0.009599,0.960191,0.060294,0.272592,-8.770007,1.626258,-6.341115,-0.036837,0.896375,-0.041145,0.439842,16.817072,1.960539,35.339264
791,6.591667,0.005609,0.935328,-0.044935,0.350871,-2.285586,84.455681,16.936836,-0.006092,0.945586,0.016426,0.324899,-1.981609,91.659248,16.357288,0.013260,0.948181,-0.030493,0.315987,-2.354476,108.445892,16.812668,-0.009293,0.961703,0.074779,0.263533,-1.549901,126.519821,15.917010,0.010687,0.974048,-0.100865,0.202341,-1.441374,140.299515,16.317162,0.102699,0.890454,0.073581,0.437185,-4.637459,121.201202,14.020303,-0.029041,-0.675531,0.137396,-0.723835,-14.344718,125.223633,1.598769,-0.027919,-0.210238,-0.262089,-0.941451,-13.233653,121.644226,-20.503626,0.107642,0.029448,-0.547576,-0.829281,2.681033,132.029419,-28.340145,-0.074883,0.983656,0.007430,0.163582,1.006705,121.159744,18.253922,0.280201,0.770279,-0.013039,-0.572702,16.223278,123.517036,23.507908,-0.095184,-0.030019,0.494531,-0.863411,20.415405,113.505188,3.892832,0.060517,-0.174949,0.760678,-0.622174,9.941196,130.957626,6.896450,0.041220,0.915130,0.101926,0.387879,-8.934129,84.270081,11.142632,0.066647,0.943444,-0.046561,0.321408,-8.807291,50.146683,3.501004,0.009554,0.960144,0.060775,0.272653,-15.798007,5.837598,5.522232,-0.103482,0.925916,-0.051319,0.359634,4.362958,84.641281,22.731039,-0.040856,0.866963,-0.159614,0.470350,9.773286,50.605595,28.657022,-0.037157,0.896612,-0.039302,0.439503,6.212198,8.140752,42.809986,0.009554,0.960144,0.060775,0.272653,-8.770158,1.622587,-6.343316,-0.037157,0.896612,-0.039302,0.439503,16.862913,1.940267,35.322369
792,6.600000,0.005907,0.934528,-0.045128,0.352968,-2.278533,84.439247,17.009882,-0.006167,0.945027,0.016316,0.326525,-1.968237,91.642517,16.429943,0.013205,0.947685,-0.030698,0.317453,-2.343165,108.434311,16.880514,-0.009154,0.961242,0.074900,0.265181,-1.536733,126.507843,15.978434,0.011984,0.973722,-0.100253,0.204136,-1.423498,140.287323,16.384523,0.103240,0.889519,0.073128,0.439033,-4.618160,121.188118,14.074834,-0.031181,-0.674718,0.137210,-0.724539,-14.269094,125.221062,1.612892,-0.027919,-0.212100,-0.259994,-0.941614,-13.106573,121.707024,-20.497343,0.107508,0.028220,-0.544972,-0.831054,2.826390,132.018661,-28.412537,-0.074732,0.983508,0.007444,0.164533,1.012920,121.149040,18.325861,0.279307,0.770514,-0.014263,-0.572793,16.220072,123.500839,23.609493,-0.096802,-0.028763,0.495316,-0.862823,20.429970,113.485397,4.000057,0.060263,-0.174498,0.761841,-0.620901,9.981983,130.961365,6.995196,0.041555,0.914227,0.101601,0.390051,-8.900976,84.255623,11.185802,0.067040,0.943126,-0.046164,0.322317,-8.786382,50.129551,3.555940,0.009471,0.960094,0.061223,0.272730,-15.800744,5.821869,5.525453,-0.103400,0.924719,-0.051807,0.362656,4.343911,84.622871,22.833960,-0.040950,0.866282,-0.158044,0.472124,9.717088,50.589527,28.807009,-0.037540,0.896745,-0.037325,0.439371,6.201914,8.080575,42.838520,0.009471,0.960094,0.061223,0.272730,-8.768945,1.619361,-6.342193,-0.037540,0.896745,-0.037325,0.439371,16.863501,1.929778,35.325432
793,6.608333,0.006093,0.933736,-0.045090,0.355058,-2.264537,84.421669,17.078070,-0.005922,0.944444,0.015874,0.328236,-1.950634,91.624954,16.500298,0.013413,0.947157,-0.030661,0.319021,-2.313789,108.420525,16.938931,-0.009299,0.960812,0.075379,0.266592,-1.499171,126.493942,16.041861,0.012900,0.973485,-0.099830,0.205416,-1.391688,140.273071,16.461166,0.103648,0.888775,0.073094,0.440448,-4.575788,121.175346,14.127353,-0.033422,-0.674196,0.137503,-0.724870,-14.183506,125.220451,1.635993,-0.028088,-0.213698,-0.257851,-0.941837,-12.992970,121.761871,-20.481495,0.107465,0.026948,-0.543088,-0.832335,2.971698,132.005234,-28.468233,-0.074856,0.983272,0.007591,0.165879,1.041132,121.134117,18.397055,0.279010,0.770995,-0.013607,-0.572307,16.233213,123.488167,23.722870,-0.096903,-0.028709,0.495218,-0.862870,20.475479,113.494148,4.109479,0.060915,-0.174973,0.763093,-0.619163,10.024064,130.966461,7.104235,0.042013,0.913172,0.101175,0.392575,-8.860833,84.239594,11.224343,0.067482,0.942861,-0.045762,0.323055,-8.766203,50.110149,3.609312,0.009201,0.960030,0.061672,0.272864,-15.807796,5.804485,5.526362,-0.103254,0.923403,-0.052103,0.365994,4.331759,84.603745,22.931795,-0.041178,0.865464,-0.156684,0.474054,9.666313,50.570442,28.939581,-0.037703,0.896923,-0.035349,0.439157,6.196373,8.024758,42.870678,0.009201,0.960030,0.061672,0.272864,-8.768894,1.615756,-6.341945,-0.037703,0.896923,-0.035349,0.439157,16.864941,1.920875,35.329288
794,6.616667,0.006416,0.932971,-0.045148,0.357052,-2.253630,84.402931,17.148499,-0.005771,0.943861,0.015570,0.329924,-1.933836,91.606079,16.572279,0.013636,0.946622,-0.030674,0.320594,-2.289753,108.407990,17.002439,-0.009423,0.960386,0.075550,0.268071,-1.465874,126.481155,16.108879,0.013728,0.973210,-0.099475,0.206829,-1.361280,140.260147,16.533371,0.103909,0.887992,0.073174,0.441948,-4.537939,121.163712,14.183894,-0.035580,-0.673722,0.137533,-0.725201,-14.100817,125.218437,1.661277,-0.027941,-0.214880,-0.255916,-0.942100,-12.882039,121.821320,-20.464203,0.108100,0.026015,-0.541377,-0.833396,3.110957,131.997757,-28.507025,-0.074942,0.983070,0.007739,0.167023,1.064703,121.120346,18.472294,0.279349,0.771248,-0.012981,-0.571815,16.243979,123.475563,23.834000,-0.096610,-0.028429,0.495652,-0.862663,20.503014,113.483025,4.223487,0.061789,-0.175249,0.763698,-0.618251,10.068616,130.968094,7.203820,0.042550,0.912214,0.100739,0.394850,-8.824807,84.224136,11.266486,0.067594,0.943063,-0.045156,0.322527,-8.757487,50.091709,3.664500,0.009194,0.960133,0.062266,0.272367,-15.790090,5.782458,5.530986,-0.103273,0.922415,-0.052861,0.368364,4.317547,84.581726,23.030510,-0.041108,0.865090,-0.155048,0.475278,9.618019,50.554256,29.101202,-0.038104,0.897085,-0.033321,0.438949,6.193840,7.962260,42.901474,0.009194,0.960133,0.062266,0.272367,-8.761379,1.610027,-6.349100,-0.038104,0.897085,-0.033321,0.438949,16.872171,1.909553,35.332699
795,6.625000,0.006711,0.932231,-0.045265,0.358958,-2.237711,84.380638,17.223421,-0.005784,0.943381,0.015369,0.331303,-1.912148,91.583588,16.647825,0.013763,0.946209,-0.030820,0.321791,-2.266890,108.386322,17.070978,-0.008627,0.960007,0.075786,0.269384,-1.435821,126.459053,16.174952,0.014125,0.973010,-0.099058,0.207939,-1.310393,140.237457,16.613022,0.104469,0.887209,0.073122,0.443395,-4.504447,121.141960,14.243526,-0.037903,-0.673137,0.138089,-0.725521,-14.021847,125.212906,1.691563,-0.028107,-0.215991,-0.254396,-0.942253,-12.774603,121.864891,-20.439812,0.108985,0.025417,-0.539276,-0.834660,3.236191,131.990234,-28.529913,-0.074959,0.982891,0.007595,0.168073,1.087296,121.098137,18.546122,0.278588,0.771472,-0.013954,-0.571861,16.255035,123.453995,23.940084,-0.097487,-0.027295,0.496276,-0.862242,20.530729,113.459984,4.333945,0.062065,-0.175350,0.764665,-0.616999,10.116686,130.966370,7.294626,0.042970,0.911407,0.100751,0.396661,-8.784744,84.204361,11.314472,0.068294,0.942759,-0.044976,0.323293,-8.728757,50.074612,3.700385,0.009083,0.959922,0.062553,0.273045,-15.816647,5.772453,5.525494,-0.103160,0.921515,-0.053403,0.370563,4.309322,84.556915,23.132368,-0.041055,0.864867,-0.153650,0.476143,9.573844,50.531853,29.247669,-0.038443,0.897325,-0.031367,0.438573,6.192469,7.900706,42.937164,0.009083,0.959922,0.062553,0.273045,-8.769713,1.607982,-6.346584,-0.038443,0.897325,-0.031367,0.438573,16.876537,1.896593,35.337849
796,6.633333,0.007142,0.931562,-0.045312,0.360677,-2.226512,84.360786,17.293858,-0.005310,0.942794,0.015348,0.332979,-1.893834,91.563583,16.720476,0.013775,0.945640,-0.031173,0.323423,-2.234176,108.372665,17.147787,-0.008573,0.959586,0.076014,0.270820,-1.397003,126.444580,16.241232,0.014670,0.972792,-0.098696,0.209091,-1.270237,140.222702,16.687323,0.104704,0.886544,0.073100,0.444672,-4.459842,121.126556,14.303184,-0.039753,-0.672739,0.138435,-0.725726,-13.938725,125.204742,1.724458,-0.028265,-0.216891,-0.253062,-0.942401,-12.671748,121.899307,-20.412195,0.109609,0.024964,-0.537278,-0.835880,3.358245,131.981522,-28.542227,-0.074717,0.982712,0.007446,0.169233,1.117030,121.085014,18.625059,0.278784,0.771749,-0.013775,-0.571396,16.273216,123.433235,24.054708,-0.097916,-0.026008,0.496798,-0.861933,20.567848,113.433876,4.455441,0.061129,-0.175255,0.764822,-0.616924,10.172568,130.956833,7.380896,0.043472,0.910514,0.100608,0.398688,-8.751617,84.189835,11.360550,0.068648,0.942492,-0.044642,0.324041,-8.714607,50.061119,3.741767,0.009000,0.959826,0.062827,0.273325,-15.824163,5.760628,5.522596,-0.103202,0.920859,-0.053935,0.372101,4.298593,84.531731,23.227167,-0.041015,0.864698,-0.152402,0.476853,9.541443,50.511257,29.386461,-0.038601,0.897662,-0.029519,0.437997,6.199996,7.845512,42.977615,0.009000,0.959826,0.062827,0.273325,-8.768905,1.603869,-6.347239,-0.038601,0.897662,-0.029519,0.437997,16.883804,1.885123,35.343597
797,6.641667,0.007641,0.930943,-0.045499,0.362238,-2.220460,84.340958,17.366522,-0.005224,0.942328,0.014940,0.334315,-1.879126,91.543404,16.793810,0.014310,0.945211,-0.031007,0.324669,-2.212694,108.349785,17.208595,-0.008585,0.959250,0.076000,0.272012,-1.357976,126.421524,16.315128,0.015122,0.972573,-0.098326,0.210248,-1.230109,140.199615,16.762056,0.105049,0.885899,0.072998,0.445891,-4.420075,121.107246,14.365712,-0.041327,-0.672412,0.138518,-0.725925,-13.861293,125.194618,1.761663,-0.028496,-0.217706,-0.251803,-0.942543,-12.575638,121.932159,-20.380283,0.109787,0.024787,-0.535215,-0.837184,3.474562,131.975342,-28.546667,-0.074936,0.982527,0.007409,0.170205,1.145191,121.058441,18.702448,0.279172,0.772146,-0.013138,-0.570685,16.289577,123.413170,24.162123,-0.098518,-0.024678,0.497066,-0.861749,20.610909,113.412132,4.569577,0.059332,-0.174717,0.764980,-0.617056,10.224783,130.943909,7.460794,0.043884,0.909660,0.100592,0.400592,-8.725519,84.175682,11.411082,0.068987,0.942358,-0.044318,0.324404,-8.699129,50.049244,3.782005,0.009010,0.959779,0.063135,0.273418,-15.828553,5.750352,5.522787,-0.103336,0.920313,-0.054496,0.373331,4.284599,84.506226,23.321962,-0.040924,0.864510,-0.151147,0.477600,9.512871,50.491940,29.527647,-0.038595,0.898014,-0.027627,0.437400,6.207279,7.791299,43.017597,0.009010,0.959779,0.063135,0.273418,-8.770260,1.601681,-6.348071,-0.038595,0.898014,-0.027627,0.437400,16.888821,1.873669,35.347229
798,6.650000,0.008111,0.930346,-0.045628,0.363743,-2.213031,84.326385,17.437473,-0.005160,0.941892,0.014964,0.335542,-1.863760,91.528549,16.866051,0.014833,0.944817,-0.031101,0.325783,-2.196047,108.330299,17.281788,-0.008749,0.958966,0.075740,0.273077,-1.321254,126.401268,16.392303,0.015838,0.972376,-0.097749,0.211373,-1.194607,140.179596,16.832260,0.105166,0.885249,0.072867,0.447174,-4.383956,121.090233,14.435002,-0.043091,-0.672004,0.138984,-0.726111,-13.787100,125.179878,1.803258,-0.029190,-0.218490,-0.250738,-0.942624,-12.482635,121.953491,-20.342876,0.109691,0.024635,-0.533116,-0.838539,3.585533,131.969482,-28.539625,-0.074751,0.982363,0.007324,0.171236,1.170871,121.035446,18.785027,0.279377,0.772707,-0.012186,-0.569846,16.304693,123.384094,24.276520,-0.098989,-0.023186,0.497068,-0.861735,20.663803,113.393761,4.686888,0.057596,-0.174094,0.764897,-0.617501,10.275637,130.929642,7.534619,0.044285,0.908896,0.100596,0.402278,-8.698687,84.166718,11.460757,0.069293,0.942145,-0.044038,0.324994,-8.683475,50.042809,3.820362,0.009009,0.959749,0.063273,0.273490,-15.831603,5.745492,5.524008,-0.103410,0.919949,-0.055040,0.374126,4.272625,84.486053,23.414188,-0.040766,0.864709,-0.150021,0.477609,9.485741,50.477009,29.661201,-0.038806,0.898388,-0.026066,0.436708,6.216754,7.744750,43.059650,0.009009,0.959749,0.063273,0.273490,-8.771152,1.600465,-6.346840,-0.038806,0.898388,-0.026066,0.436708,16.895103,1.864920,35.355839
799,6.658333,0.008415,0.929811,-0.045429,0.365126,-2.196119,84.313110,17.507484,-0.004789,0.941448,0.014776,0.336800,-1.842974,91.515465,16.940868,0.014841,0.944401,-0.031146,0.326981,-2.161870,108.314857,17.354342,-0.008578,0.958649,0.075611,0.274229,-1.285141,126.385727,16.464523,0.016232,0.972194,-0.097245,0.212412,-1.151717,140.164017,16.903608,0.105154,0.884774,0.072707,0.448142,-4.342782,121.074356,14.500218,-0.044966,-0.671572,0.139541,-0.726290,-13.717779,125.161980,1.846927,-0.029984,-0.219269,-0.249635,-0.942711,-12.394256,121.971931,-20.303333,0.109529,0.024490,-0.531036,-0.839884,3.690517,131.958954,-28.528368,-0.074247,0.982232,0.007308,0.172205,1.201006,121.020279,18.864311,0.279196,0.773150,-0.012367,-0.569329,16.326439,123.352371,24.385878,-0.100217,-0.021189,0.497383,-0.861462,20.716499,113.358429,4.805007,0.055241,-0.173351,0.764614,-0.618275,10.337248,130.907562,7.608202,0.044698,0.908197,0.100480,0.403836,-8.663906,84.158508,11.511306,0.069664,0.942067,-0.043643,0.325194,-8.665070,50.035549,3.866667,0.008857,0.959748,0.063427,0.273463,-15.833367,5.739751,5.524511,-0.103409,0.919547,-0.055665,0.375022,4.271668,84.467705,23.503664,-0.040703,0.864741,-0.148897,0.477908,9.461998,50.463474,29.795725,-0.038934,0.898829,-0.024515,0.435879,6.232478,7.700589,43.105743,0.008857,0.959748,0.063427,0.273463,-8.771708,1.599931,-6.347432,-0.038934,0.898829,-0.024515,0.435879,16.904196,1.857184,35.365124
800,6.666667,0.008683,0.929320,-0.045361,0.366375,-2.184964,84.297943,17.580360,-0.004247,0.941023,0.014680,0.337998,-1.827812,91.500320,17.016544,0.014644,0.944004,-0.031075,0.328141,-2.129040,108.302292,17.432791,-0.008467,0.958291,0.075719,0.275450,-1.258809,126.373528,16.544151,0.016763,0.971920,-0.097251,0.213620,-1.121924,140.151627,16.988293,0.105535,0.883810,0.073170,0.449876,-4.309100,121.060600,14.572674,-0.046242,-0.671462,0.140418,-0.726143,-13.630840,125.166763,1.886079,-0.030565,-0.219657,-0.248624,-0.942869,-12.311714,121.987282,-20.265965,0.109577,0.024268,-0.529430,-0.840897,3.792036,131.945618,-28.505493,-0.073579,0.982121,0.007231,0.173123,1.224049,121.009407,18.950283,0.279063,0.773837,-0.012166,-0.568464,16.342384,123.320099,24.500221,-0.101089,-0.019498,0.497300,-0.861449,20.779875,113.327766,4.929222,0.053494,-0.172386,0.764523,-0.618810,10.393819,130.880875,7.690064,0.045146,0.907480,0.100541,0.405381,-8.636551,84.147102,11.566658,0.069950,0.941420,-0.043466,0.327027,-8.651331,50.027813,3.905676,0.009009,0.959656,0.063621,0.273738,-15.841796,5.734229,5.526166,-0.103353,0.919287,-0.056246,0.375587,4.266623,84.448784,23.594063,-0.040658,0.864745,-0.147802,0.478245,9.434009,50.448299,29.925114,-0.039026,0.899212,-0.022935,0.435165,6.243484,7.655907,43.149422,0.009009,0.959656,0.063621,0.273738,-8.774370,1.598343,-6.343718,-0.039026,0.899212,-0.022935,0.435165,16.910278,1.849403,35.374321
801,6.675000,0.008973,0.928942,-0.045451,0.367316,-2.172975,84.286102,17.653074,-0.004146,0.940621,0.014814,0.339109,-1.810876,91.488281,17.089962,0.015056,0.943595,-0.031126,0.329292,-2.110839,108.284653,17.511084,-0.008569,0.958061,0.075248,0.276377,-1.224846,126.355324,16.626657,0.017351,0.971786,-0.096764,0.214398,-1.086043,140.133789,17.058554,0.105966,0.883155,0.073175,0.451059,-4.274257,121.044907,14.647059,-0.047309,-0.671305,0.140934,-0.726119,-13.558330,125.164101,1.937084,-0.030590,-0.219986,-0.247658,-0.943046,-12.236243,121.999756,-20.216949,0.110142,0.024124,-0.528177,-0.841615,3.890979,131.928879,-28.476788,-0.073022,0.982032,0.006824,0.173878,1.248042,120.989075,19.038292,0.279474,0.774199,-0.011578,-0.567782,16.360512,123.283875,24.610760,-0.101397,-0.018141,0.497557,-0.861294,20.822483,113.288071,5.047092,0.052019,-0.171970,0.764812,-0.618695,10.444244,130.853577,7.767268,0.045428,0.906906,0.100754,0.406580,-8.612286,84.138618,11.626145,0.070365,0.941247,-0.043179,0.327473,-8.628716,50.024109,3.943903,0.009004,0.959600,0.063623,0.273934,-15.846403,5.733508,5.524442,-0.103118,0.919192,-0.056817,0.375797,4.266336,84.433578,23.680004,-0.040584,0.865008,-0.146696,0.478115,9.402119,50.434227,30.042744,-0.039265,0.899538,-0.021646,0.434535,6.256072,7.612052,43.181019,0.009004,0.959600,0.063623,0.273934,-8.774199,1.597561,-6.342576,-0.039265,0.899538,-0.021646,0.434535,16.919634,1.837682,35.377605
802,6.683333,0.009285,0.928579,-0.045461,0.368223,-2.162231,84.273293,17.728359,-0.003977,0.940321,0.014836,0.339943,-1.795342,91.475380,17.167128,0.015225,0.943307,-0.031368,0.330086,-2.090562,108.269798,17.590553,-0.007901,0.957790,0.075574,0.277243,-1.195143,126.339745,16.700661,0.017557,0.971632,-0.096860,0.215038,-1.040198,140.117569,17.147266,0.105962,0.882613,0.073342,0.452093,-4.243533,121.029900,14.717956,-0.048251,-0.670958,0.141370,-0.726293,-13.497263,125.152039,1.986827,-0.030475,-0.220188,-0.247004,-0.943174,-12.159834,122.000031,-20.168049,0.111197,0.024123,-0.526310,-0.842645,3.981959,131.907196,-28.441452,-0.072667,0.981918,0.006812,0.174673,1.271309,120.973335,19.118544,0.279632,0.774592,-0.012009,-0.567159,16.376442,123.256424,24.715664,-0.102106,-0.016562,0.497775,-0.861116,20.866152,113.239578,5.169113,0.050217,-0.171426,0.765105,-0.618633,10.492991,130.818008,7.849021,0.045772,0.906409,0.101034,0.407578,-8.589680,84.130066,11.688678,0.070708,0.940970,-0.042924,0.328227,-8.611297,50.021709,3.979199,0.009070,0.959550,0.063602,0.274111,-15.851635,5.733484,5.522247,-0.102766,0.919213,-0.057308,0.375770,4.265218,84.416512,23.768042,-0.040440,0.865866,-0.145799,0.476847,9.365687,50.416004,30.152956,-0.039629,0.899935,-0.020370,0.433742,6.266697,7.569218,43.221970,0.009070,0.959550,0.063602,0.274111,-8.775862,1.596369,-6.342237,-0.039629,0.899935,-0.020370,0.433742,16.925270,1.828068,35.387287
803,6.691667,0.009606,0.928217,-0.045603,0.369110,-2.152436,84.257660,17.802238,-0.003764,0.940048,0.014769,0.340701,-1.779942,91.459480,17.241173,0.015611,0.943057,-0.031365,0.330780,-2.067986,108.253265,17.664700,-0.007948,0.957525,0.075699,0.278124,-1.158756,126.322784,16.780178,0.017794,0.971383,-0.096903,0.216120,-1.005052,140.100494,17.230759,0.106285,0.882087,0.073370,0.453037,-4.207835,121.015488,14.791721,-0.048688,-0.670805,0.141415,-0.726396,-13.431530,125.147758,2.042091,-0.029770,-0.220284,-0.246382,-0.943337,-12.085464,122.006416,-20.113777,0.112466,0.024088,-0.525458,-0.843010,4.070082,131.886429,-28.401804,-0.072188,0.981748,0.006600,0.175829,1.300361,120.954132,19.200560,0.279854,0.775085,-0.011886,-0.566378,16.394573,123.222458,24.833029,-0.102343,-0.015092,0.497869,-0.861060,20.918400,113.195267,5.299652,0.049378,-0.170412,0.765144,-0.618932,10.546462,130.783218,7.932875,0.046105,0.905839,0.101289,0.408743,-8.568239,84.118004,11.750102,0.071046,0.940625,-0.042683,0.329173,-8.593592,50.015388,4.015242,0.009013,0.959505,0.063669,0.274252,-15.856859,5.729616,5.520612,-0.102402,0.919249,-0.057731,0.375716,4.263368,84.397324,23.854374,-0.040327,0.866942,-0.145037,0.475132,9.329809,50.394989,30.256695,-0.039787,0.900432,-0.018963,0.432758,6.280838,7.527473,43.269413,0.009013,0.959505,0.063669,0.274252,-8.776947,1.594609,-6.342138,-0.039787,0.900432,-0.018963,0.432758,16.929356,1.819887,35.396622
804,6.700000,0.009837,0.927949,-0.045574,0.369779,-2.140860,84.243095,17.871822,-0.003561,0.939729,0.014802,0.341582,-1.765010,91.444885,17.312647,0.016050,0.942719,-0.031468,0.331712,-2.047423,108.239639,17.739294,-0.008046,0.957306,0.075647,0.278889,-1.121118,126.308418,16.857430,0.018173,0.971246,-0.096819,0.216743,-0.968776,140.086182,17.306761,0.106469,0.881657,0.073422,0.453822,-4.170700,121.003792,14.862621,-0.049401,-0.670607,0.141844,-0.726448,-13.369952,125.142494,2.097425,-0.029317,-0.220346,-0.245763,-0.943498,-12.017393,122.007843,-20.058996,0.113813,0.023649,-0.524843,-0.843224,4.154545,131.864319,-28.358826,-0.071616,0.981584,0.006282,0.176990,1.328594,120.937584,19.282488,0.280445,0.775378,-0.011338,-0.565696,16.412155,123.188843,24.950228,-0.102282,-0.014071,0.498033,-0.860990,20.955770,113.151703,5.426558,0.048637,-0.169490,0.765342,-0.618998,10.589989,130.747177,8.022798,0.046546,0.905198,0.101409,0.410081,-8.547867,84.106827,11.810300,0.071320,0.940262,-0.042346,0.330194,-8.586137,50.008762,4.055460,0.009099,0.959422,0.063841,0.274500,-15.864098,5.723908,5.516309,-0.102070,0.919270,-0.058231,0.375678,4.266146,84.379364,23.933346,-0.040094,0.867902,-0.144238,0.473639,9.298416,50.376331,30.358875,-0.039638,0.900788,-0.017465,0.432094,6.288207,7.486367,43.306488,0.009099,0.959422,0.063841,0.274500,-8.778522,1.592717,-6.344386,-0.039638,0.900788,-0.017465,0.432094,16.929510,1.811141,35.400623
805,6.708333,0.010011,0.927753,-0.045515,0.370274,-2.125719,84.233116,17.940563,-0.003499,0.939394,0.015055,0.342490,-1.747551,91.434929,17.383326,0.017027,0.942340,-0.031528,0.332733,-2.031294,108.225945,17.818312,-0.007435,0.957137,0.075530,0.279516,-1.069975,126.293419,16.947224,0.017802,0.971251,-0.096902,0.216712,-0.899896,140.070908,17.398844,0.106553,0.881348,0.073170,0.454442,-4.124780,120.995331,14.943041,-0.049987,-0.670497,0.142127,-0.726454,-13.305123,125.133110,2.163941,-0.028785,-0.220582,-0.245154,-0.943618,-11.949572,122.006622,-19.993452,0.115170,0.023527,-0.523511,-0.843871,4.234150,131.838226,-28.311611,-0.071518,0.981407,0.006386,0.178004,1.364476,120.916954,19.375170,0.281344,0.775636,-0.010535,-0.564910,16.436777,123.163857,25.074512,-0.101739,-0.013175,0.498033,-0.861069,20.997578,113.112900,5.561954,0.047935,-0.168543,0.765590,-0.619005,10.633801,130.708893,8.114585,0.046815,0.904828,0.101636,0.410810,-8.526191,84.099655,11.872079,0.071711,0.940325,-0.041953,0.329978,-8.568602,50.006569,4.095397,0.009278,0.959394,0.063888,0.274582,-15.867548,5.723768,5.513070,-0.101631,0.919314,-0.058883,0.375588,4.274754,84.366577,24.009047,-0.039898,0.868689,-0.143355,0.472480,9.262347,50.362648,30.464548,-0.040184,0.901115,-0.016452,0.431401,6.292228,7.448477,43.341003,0.009278,0.959394,0.063888,0.274582,-8.781542,1.592512,-6.347346,-0.040184,0.901115,-0.016452,0.431401,16.930870,1.802864,35.410397
806,6.716667,0.010448,0.927561,-0.045590,0.370732,-2.120565,84.224281,18.012928,-0.003183,0.939163,0.015012,0.343128,-1.735860,91.425865,17.457216,0.017403,0.942094,-0.031558,0.333408,-2.009334,108.211395,17.894144,-0.006636,0.956856,0.076006,0.280367,-1.034182,126.278343,17.027279,0.017594,0.971072,-0.097242,0.217379,-0.845730,140.054916,17.498661,0.106836,0.881017,0.073028,0.455041,-4.089745,120.982697,15.017819,-0.049888,-0.670459,0.141847,-0.726551,-13.250401,125.126755,2.226637,-0.027685,-0.220621,-0.244624,-0.943779,-11.888987,122.005692,-19.931156,0.116559,0.023422,-0.522830,-0.844106,4.308335,131.810440,-28.265896,-0.071488,0.981244,0.006453,0.178910,1.392988,120.899796,19.457933,0.281795,0.775899,-0.011098,-0.564314,16.454912,123.144783,25.185383,-0.101608,-0.012033,0.498316,-0.860937,21.034531,113.060913,5.694230,0.047695,-0.167875,0.765487,-0.619332,10.679750,130.671616,8.205171,0.047002,0.904441,0.101912,0.411571,-8.514896,84.097076,11.937839,0.072055,0.940145,-0.041578,0.330466,-8.554545,50.009155,4.138525,0.009334,0.959358,0.063855,0.274714,-15.872070,5.727983,5.510545,-0.101322,0.919485,-0.059421,0.375167,4.273766,84.351479,24.088018,-0.039687,0.869273,-0.142512,0.471678,9.230328,50.347614,30.567719,-0.040436,0.901367,-0.015133,0.430899,6.291786,7.410309,43.374107,0.009334,0.959358,0.063855,0.274714,-8.783507,1.595331,-6.347859,-0.040436,0.901367,-0.015133,0.430899,16.929363,1.798148,35.418362
807,6.725000,0.011015,0.927401,-0.045772,0.371094,-2.125856,84.218575,18.082596,-0.002862,0.938965,0.015118,0.343668,-1.732350,91.419746,17.527645,0.017891,0.941882,-0.031582,0.333976,-1.997109,108.200836,17.971323,-0.006830,0.956700,0.075969,0.280903,-1.004492,126.267097,17.110147,0.018089,0.970929,-0.097261,0.217970,-0.820318,140.043808,17.579695,0.106960,0.880646,0.072870,0.455754,-4.062359,120.974716,15.095583,-0.049922,-0.670262,0.141823,-0.726735,-13.201003,125.120399,2.289191,-0.026926,-0.220718,-0.244164,-0.943897,-11.827439,121.999535,-19.867880,0.117586,0.023224,-0.522138,-0.844397,4.380216,131.782364,-28.217152,-0.070895,0.981117,0.005787,0.179860,1.414777,120.885765,19.542480,0.282552,0.776203,-0.010393,-0.563529,16.468351,123.115204,25.297880,-0.101072,-0.011622,0.498563,-0.860863,21.068464,113.019333,5.817765,0.048062,-0.167664,0.765669,-0.619136,10.724298,130.637711,8.303902,0.047220,0.904072,0.102042,0.412325,-8.515232,84.099136,12.002139,0.072201,0.939665,-0.041177,0.331845,-8.558304,50.014507,4.188469,0.009318,0.959312,0.063684,0.274914,-15.878287,5.732253,5.511533,-0.100986,0.919395,-0.059893,0.375403,4.263519,84.338013,24.163054,-0.039754,0.869253,-0.141478,0.472021,9.184506,50.333328,30.665541,-0.040895,0.901526,-0.013996,0.430561,6.290585,7.370109,43.394943,0.009318,0.959312,0.063684,0.274914,-8.785261,1.595007,-6.342597,-0.040895,0.901526,-0.013996,0.430561,16.931355,1.789920,35.421009
808,6.733333,0.011078,0.927274,-0.045719,0.371415,-2.109054,84.200493,18.152830,-0.002580,0.938724,0.015099,0.344329,-1.714796,91.401711,17.599062,0.018168,0.941612,-0.031453,0.334736,-1.970828,108.187332,18.045343,-0.006651,0.956560,0.075707,0.281457,-0.969646,126.253525,17.192728,0.018384,0.970876,-0.097052,0.218271,-0.778105,140.030289,17.657366,0.107084,0.880382,0.072796,0.456248,-4.026315,120.963135,15.171141,-0.049795,-0.670091,0.141725,-0.726920,-13.149460,125.111519,2.354580,-0.026152,-0.220872,-0.243741,-0.943993,-11.764383,121.988449,-19.801464,0.118380,0.023003,-0.521693,-0.844567,4.450522,131.749695,-28.166670,-0.070556,0.980984,0.005786,0.180719,1.443514,120.870293,19.626942,0.283379,0.776356,-0.009759,-0.562914,16.488569,123.088455,25.408913,-0.100486,-0.011133,0.498831,-0.860782,21.098772,112.978149,5.938677,0.047845,-0.167842,0.766235,-0.618405,10.765512,130.606110,8.396435,0.047600,0.903920,0.102272,0.412558,-8.494201,84.082146,12.067910,0.072494,0.940011,-0.040676,0.330861,-8.552506,50.003326,4.229040,0.009235,0.959279,0.063938,0.274973,-15.880942,5.721200,5.508793,-0.100392,0.919336,-0.060557,0.375600,4.276092,84.318832,24.237749,-0.039758,0.869314,-0.140434,0.472219,9.140171,50.311375,30.768467,-0.041250,0.901685,-0.012575,0.430237,6.288558,7.321751,43.418018,0.009235,0.959279,0.063938,0.274973,-8.784977,1.591293,-6.346135,-0.041250,0.901685,-0.012575,0.430237,16.932806,1.779005,35.422634
809,6.741667,0.011698,0.927195,-0.046032,0.371556,-2.114570,84.191925,18.218067,-0.002008,0.938550,0.015226,0.344801,-1.710228,91.392532,17.663504,0.018479,0.941414,-0.031405,0.335280,-1.949853,108.173279,18.120148,-0.006301,0.956365,0.075938,0.282065,-0.938165,126.239159,17.273523,0.018724,0.970738,-0.097182,0.218799,-0.738546,140.015488,17.747715,0.107384,0.880146,0.072589,0.456665,-3.995230,120.950912,15.246922,-0.049500,-0.669938,0.141550,-0.727115,-13.103869,125.104973,2.421883,-0.025271,-0.220920,-0.243300,-0.944119,-11.707412,121.977150,-19.732779,0.119154,0.022899,-0.521267,-0.844724,4.518698,131.716400,-28.112003,-0.070180,0.980837,0.005714,0.181663,1.469291,120.854019,19.709146,0.283389,0.776755,-0.010098,-0.562353,16.504938,123.060104,25.520144,-0.100573,-0.010014,0.498774,-0.860819,21.143183,112.936066,6.063707,0.047290,-0.167407,0.766417,-0.618339,10.804483,130.570969,8.483901,0.047585,0.903708,0.102389,0.412994,-8.497618,84.081535,12.130795,0.072735,0.940374,-0.039992,0.329859,-8.547790,50.004292,4.285058,0.009146,0.959316,0.063867,0.274862,-15.875011,5.720350,5.507811,-0.100072,0.919369,-0.061099,0.375517,4.268478,84.302315,24.305340,-0.039680,0.869376,-0.139445,0.472404,9.098351,50.294979,30.862062,-0.041828,0.901759,-0.011608,0.430053,6.280495,7.279963,43.432629,0.009146,0.959316,0.063867,0.274862,-8.781082,1.589269,-6.347929,-0.041828,0.901759,-0.011608,0.430053,16.931126,1.766935,35.425205
810,6.750000,0.011934,0.927136,-0.045830,0.371721,-2.105403,84.178696,18.284948,-0.001730,0.938374,0.015482,0.345270,-1.698884,91.379486,17.734438,0.018642,0.941209,-0.031567,0.335830,-1.932927,108.159409,18.202263,-0.005862,0.956196,0.076016,0.282625,-0.913231,126.224709,17.352699,0.018995,0.970638,-0.097262,0.219183,-0.702022,140.000656,17.833031,0.107723,0.879808,0.072549,0.457243,-3.969961,120.937195,15.323709,-0.049405,-0.669642,0.141888,-0.727328,-13.059062,125.100563,2.487822,-0.024634,-0.221041,-0.243141,-0.944148,-11.649108,121.956894,-19.663748,0.120140,0.022657,-0.520811,-0.844872,4.577714,131.684357,-28.054455,-0.069710,0.980736,0.005731,0.182385,1.489267,120.839188,19.792389,0.283980,0.777126,-0.009364,-0.561554,16.518505,123.029816,25.625786,-0.100476,-0.009435,0.498706,-0.860876,21.181995,112.899330,6.178737,0.046788,-0.166426,0.766447,-0.618605,10.841342,130.533188,8.575836,0.047761,0.903866,0.102521,0.412596,-8.486197,84.073357,12.195222,0.073008,0.940525,-0.039416,0.329437,-8.547030,49.999187,4.336213,0.009117,0.959253,0.064007,0.275053,-15.879711,5.714703,5.505454,-0.099510,0.919172,-0.061597,0.376068,4.275392,84.284035,24.374674,-0.039865,0.869072,-0.138461,0.473237,9.052314,50.273132,30.951649,-0.041985,0.901913,-0.010264,0.429750,6.279231,7.234865,43.452381,0.009117,0.959253,0.064007,0.275053,-8.780519,1.587421,-6.348465,-0.041985,0.901913,-0.010264,0.429750,16.931274,1.755111,35.424023
811,6.758333,0.012235,0.927096,-0.045872,0.371806,-2.105402,84.167999,18.352041,-0.001406,0.938229,0.015659,0.345658,-1.694573,91.368629,17.802631,0.019063,0.941037,-0.031515,0.336293,-1.920612,108.144424,18.279556,-0.005719,0.956061,0.075727,0.283160,-0.886750,126.209274,17.437393,0.019298,0.970504,-0.097185,0.219781,-0.668952,139.985306,17.911833,0.108011,0.879570,0.072469,0.457643,-3.945313,120.924713,15.403440,-0.049465,-0.669418,0.142107,-0.727488,-13.020456,125.095245,2.560014,-0.023983,-0.221250,-0.242670,-0.944238,-11.599829,121.944702,-19.589891,0.120987,0.022425,-0.520255,-0.845100,4.636428,131.651154,-27.998543,-0.069370,0.980635,0.005492,0.183063,1.509303,120.821121,19.877619,0.284264,0.777287,-0.009152,-0.561191,16.532009,123.001953,25.731457,-0.100796,-0.008685,0.499085,-0.860627,21.206518,112.865005,6.290427,0.046244,-0.165960,0.766787,-0.618350,10.881296,130.509521,8.668908,0.047818,0.903984,0.102701,0.412284,-8.484952,84.067223,12.260937,0.073266,0.940681,-0.038812,0.329005,-8.546803,49.996010,4.389120,0.009094,0.959215,0.064141,0.275155,-15.882950,5.710679,5.503185,-0.099177,0.919050,-0.062093,0.376371,4.274148,84.268776,24.443146,-0.039825,0.869059,-0.137507,0.473543,9.014438,50.257534,31.044821,-0.042350,0.902004,-0.009075,0.429549,6.274869,7.195354,43.470348,0.009094,0.959215,0.064141,0.275155,-8.780682,1.587076,-6.350167,-0.042350,0.902004,-0.009075,0.429549,16.931639,1.747988,35.426243
812,6.766667,0.012587,0.927096,-0.046015,0.371776,-2.103307,84.159592,18.423717,-0.000975,0.938117,0.015580,0.345966,-1.687006,91.359901,17.874271,0.019015,0.940905,-0.031181,0.336697,-1.898650,108.130539,18.353506,-0.005379,0.955944,0.075766,0.283550,-0.870159,126.196205,17.522583,0.020072,0.970420,-0.097249,0.220056,-0.643270,139.971954,18.001179,0.108246,0.879274,0.072555,0.458145,-3.925190,120.911789,15.482976,-0.049236,-0.669314,0.141836,-0.727652,-12.983743,125.090454,2.630483,-0.023150,-0.221392,-0.242041,-0.944386,-11.553398,121.940598,-19.518894,0.121567,0.021817,-0.520146,-0.845100,4.695742,131.618164,-27.944902,-0.068916,0.980549,0.005756,0.183689,1.525614,120.807472,19.961781,0.284443,0.777622,-0.008734,-0.560642,16.542892,122.971931,25.835592,-0.101120,-0.007960,0.499301,-0.860471,21.240463,112.835190,6.400012,0.045747,-0.165633,0.766973,-0.618244,10.923240,130.487610,8.760380,0.048022,0.903950,0.102997,0.412262,-8.483088,84.063660,12.332776,0.073419,0.940724,-0.038296,0.328910,-8.549409,49.998070,4.436694,0.008874,0.959220,0.064120,0.275147,-15.883167,5.711174,5.503341,-0.098779,0.918875,-0.062510,0.376834,4.276474,84.255516,24.514658,-0.039918,0.868933,-0.136580,0.474034,8.976941,50.242393,31.135105,-0.042703,0.902172,-0.007879,0.429186,6.277590,7.158050,43.492443,0.008874,0.959220,0.064120,0.275147,-8.779094,1.588570,-6.349276,-0.042703,0.902172,-0.007879,0.429186,16.935986,1.742897,35.428761
813,6.775000,0.012765,0.927099,-0.045953,0.371769,-2.095776,84.144257,18.494419,-0.000722,0.938010,0.015509,0.346261,-1.677425,91.344589,17.946764,0.019332,0.940767,-0.031027,0.337078,-1.880479,108.119270,18.426760,-0.004880,0.955787,0.076047,0.284016,-0.842728,126.184845,17.605366,0.020362,0.970304,-0.097557,0.220405,-0.604386,139.959976,18.095863,0.108539,0.879079,0.072705,0.458424,-3.898558,120.902863,15.560670,-0.049418,-0.669153,0.142192,-0.727718,-12.946710,125.092125,2.704303,-0.022493,-0.221624,-0.241361,-0.944522,-11.511260,121.935356,-19.443758,0.122620,0.021639,-0.518925,-0.845703,4.747228,131.581863,-27.887291,-0.068601,0.980441,0.005760,0.184380,1.548449,120.793808,20.043976,0.284395,0.778025,-0.008577,-0.560110,16.558867,122.947823,25.939110,-0.101617,-0.007129,0.499220,-0.860466,21.284388,112.811783,6.509953,0.044738,-0.165216,0.766647,-0.618833,10.962491,130.465988,8.850970,0.048222,0.904083,0.103313,0.411869,-8.475568,84.051659,12.403442,0.073615,0.940626,-0.037859,0.329196,-8.548656,49.991970,4.482003,0.008939,0.959180,0.064345,0.275232,-15.886431,5.704686,5.503713,-0.098480,0.918869,-0.062873,0.376867,4.284018,84.236862,24.585398,-0.039672,0.869498,-0.135886,0.473217,8.955518,50.222801,31.221489,-0.042974,0.902363,-0.006652,0.428778,6.278507,7.119727,43.518196,0.008939,0.959180,0.064345,0.275232,-8.780267,1.587561,-6.349554,-0.042974,0.902363,-0.006652,0.428778,16.936953,1.736525,35.433216
814,6.783333,0.012956,0.927111,-0.045822,0.371750,-2.089750,84.130699,18.559935,-0.000504,0.937921,0.015922,0.346482,-1.669560,91.331131,18.015047,0.019917,0.940653,-0.031153,0.337350,-1.870712,108.108307,18.510611,-0.004663,0.955715,0.075868,0.284308,-0.811227,126.172768,17.692392,0.020545,0.970242,-0.097555,0.220663,-0.565452,139.947876,18.180199,0.108754,0.878857,0.072634,0.458811,-3.871995,120.894661,15.645064,-0.049796,-0.669009,0.142800,-0.727706,-12.907087,125.089157,2.781221,-0.022017,-0.221923,-0.240799,-0.944606,-11.470768,121.923637,-19.365536,0.123509,0.021415,-0.518581,-0.845790,4.797423,131.547302,-27.828861,-0.068220,0.980324,0.005672,0.185144,1.572104,120.778587,20.131727,0.284634,0.778247,-0.007573,-0.559695,16.575027,122.920570,26.050293,-0.101611,-0.006766,0.499312,-0.860417,21.315319,112.798691,6.617339,0.044338,-0.165253,0.767015,-0.618397,10.999429,130.452545,8.945196,0.048395,0.904135,0.103549,0.411674,-8.469717,84.042091,12.469077,0.073808,0.940712,-0.037363,0.328965,-8.548544,49.986984,4.528019,0.008882,0.959172,0.064496,0.275229,-15.887678,5.698890,5.503970,-0.098094,0.919016,-0.063371,0.376526,4.290217,84.219307,24.650791,-0.039507,0.869872,-0.135053,0.472782,8.926325,50.204338,31.306993,-0.043358,0.902484,-0.005566,0.428499,6.278430,7.079804,43.534580,0.008882,0.959172,0.064496,0.275229,-8.780611,1.586218,-6.350304,-0.043358,0.902484,-0.005566,0.428499,16.939808,1.726778,35.433449
815,6.791667,0.013287,0.927077,-0.045908,0.371812,-2.093005,84.116028,18.631168,-0.000358,0.937853,0.015888,0.346670,-1.667868,91.316223,18.086937,0.020421,0.940569,-0.031062,0.337561,-1.864146,108.097801,18.583216,-0.004463,0.955601,0.076352,0.284566,-0.788437,126.161728,17.774530,0.021161,0.970148,-0.097858,0.220881,-0.540901,139.936264,18.277054,0.108859,0.878715,0.072459,0.459085,-3.852824,120.887329,15.723070,-0.049878,-0.668525,0.143448,-0.728017,-12.878990,125.082352,2.853130,-0.021292,-0.222106,-0.240760,-0.944590,-11.421983,121.895088,-19.289158,0.124987,0.021070,-0.518127,-0.845860,4.843084,131.510239,-27.766491,-0.067588,0.980271,0.005693,0.185659,1.588972,120.764244,20.212341,0.284642,0.778394,-0.007034,-0.559493,16.588480,122.885742,26.146921,-0.102248,-0.006258,0.499638,-0.860156,21.338715,112.775330,6.710428,0.043384,-0.165412,0.766939,-0.618516,11.036425,130.436462,9.034552,0.048589,0.904078,0.103906,0.411686,-8.472003,84.032211,12.539228,0.073969,0.940732,-0.036901,0.328922,-8.552584,49.983604,4.570360,0.008789,0.959137,0.064525,0.275344,-15.891701,5.694574,5.502903,-0.097809,0.918867,-0.063535,0.376936,4.285993,84.199844,24.723110,-0.039400,0.870333,-0.134332,0.472148,8.896610,50.182426,31.384520,-0.043664,0.902652,-0.004403,0.428129,6.280247,7.039711,43.554619,0.008789,0.959137,0.064525,0.275344,-8.780913,1.583257,-6.349610,-0.043664,0.902652,-0.004403,0.428129,16.942362,1.717651,35.434074
816,6.800000,0.013593,0.927103,-0.045930,0.371734,-2.092441,84.104507,18.696686,-0.000340,0.937798,0.016071,0.346809,-1.663136,91.304550,18.153784,0.021039,0.940491,-0.030909,0.337755,-1.861064,108.085159,18.655962,-0.004094,0.955534,0.076546,0.284744,-0.765997,126.148499,17.860260,0.021677,0.970103,-0.098102,0.220921,-0.510073,139.922577,18.371023,0.109113,0.878506,0.072366,0.459440,-3.834976,120.878731,15.803740,-0.049847,-0.668335,0.143712,-0.728142,-12.848733,125.079712,2.927044,-0.020227,-0.222085,-0.240439,-0.944700,-11.383698,121.881638,-19.213156,0.126558,0.020390,-0.518709,-0.845286,4.890186,131.476669,-27.702576,-0.067308,0.980284,0.005656,0.185693,1.604610,120.746826,20.295439,0.284565,0.778643,-0.006841,-0.559187,16.604939,122.859634,26.231050,-0.102959,-0.005887,0.499769,-0.859998,21.372440,112.753654,6.796487,0.042542,-0.165398,0.766437,-0.619200,11.074497,130.419022,9.122808,0.048959,0.903864,0.104140,0.412052,-8.472319,84.025627,12.605598,0.073951,0.940340,-0.036516,0.330088,-8.566121,49.982948,4.611597,0.008716,0.959142,0.064570,0.275320,-15.893552,5.691135,5.503088,-0.097680,0.919015,-0.063856,0.376553,4.287436,84.183388,24.787775,-0.039048,0.871026,-0.133715,0.471073,8.884053,50.167076,31.464491,-0.043967,0.902848,-0.003501,0.427691,6.281713,7.007032,43.576008,0.008716,0.959142,0.064570,0.275320,-8.782549,1.581554,-6.349896,-0.043967,0.902848,-0.003501,0.427691,16.942272,1.709651,35.437298
817,6.808333,0.013741,0.927126,-0.045852,0.371679,-2.087543,84.092514,18.763477,-0.000011,0.937738,0.016298,0.346960,-1.656705,91.292610,18.222387,0.021195,0.940414,-0.030965,0.337954,-1.846967,108.069542,18.735434,-0.002804,0.955446,0.076873,0.284966,-0.745747,126.132515,17.939987,0.021480,0.970134,-0.098493,0.220632,-0.458132,139.905243,18.469761,0.109405,0.878359,0.072577,0.459619,-3.815531,120.863724,15.882204,-0.049969,-0.668169,0.144209,-0.728188,-12.821862,125.076118,3.004046,-0.019332,-0.222099,-0.240079,-0.944807,-11.353283,121.864845,-19.134007,0.128164,0.020017,-0.518622,-0.845106,4.930189,131.440247,-27.635611,-0.067103,0.980290,0.006150,0.185718,1.622071,120.730118,20.376253,0.284540,0.778946,-0.006240,-0.558785,16.622986,122.833420,26.313749,-0.103747,-0.005596,0.499704,-0.859942,21.411263,112.739609,6.877962,0.041277,-0.165173,0.766100,-0.619762,11.109671,130.404114,9.210105,0.049163,0.903949,0.104384,0.411781,-8.468065,84.016617,12.673031,0.074124,0.940430,-0.035988,0.329850,-8.569992,49.978897,4.658018,0.008543,0.959115,0.064602,0.275414,-15.896246,5.685949,5.501683,-0.097438,0.919014,-0.064045,0.376587,4.292979,84.168419,24.853922,-0.039332,0.871599,-0.132646,0.470291,8.868870,50.150478,31.536568,-0.043945,0.903176,-0.002446,0.427009,6.345263,6.966853,43.580502,0.008543,0.959115,0.064602,0.275414,-8.781258,1.578393,-6.349607,-0.043945,0.903176,-0.002446,0.427009,16.997116,1.693533,35.414825
818,6.816667,0.013977,0.927122,-0.045814,0.371686,-2.092119,84.080467,18.831148,0.000500,0.937679,0.016358,0.347117,-1.658311,91.280518,18.291840,0.021619,0.940344,-0.030914,0.338129,-1.833298,108.058289,18.812729,-0.002413,0.955361,0.077116,0.285190,-0.718142,126.120720,18.024426,0.021742,0.970073,-0.098763,0.220751,-0.421893,139.892899,18.563990,0.109575,0.878232,0.072806,0.459784,-3.791059,120.854996,15.963444,-0.050162,-0.668056,0.144894,-0.728141,-12.791223,125.075615,3.083667,-0.018505,-0.222132,-0.239733,-0.944904,-11.324819,121.847794,-19.052120,0.129765,0.019775,-0.518614,-0.844872,4.967855,131.404739,-27.565903,-0.066851,0.980309,0.007075,0.185672,1.644614,120.715645,20.459648,0.284150,0.779069,-0.006015,-0.558814,16.647179,122.805359,26.397768,-0.104794,-0.005415,0.499784,-0.859770,21.443949,112.729225,6.954904,0.040345,-0.164943,0.766338,-0.619590,11.143103,130.397690,9.303047,0.049296,0.903935,0.104580,0.411746,-8.472434,84.008675,12.740437,0.074234,0.940510,-0.035399,0.329663,-8.577347,49.974735,4.709449,0.008407,0.959114,0.064778,0.275380,-15.895380,5.679485,5.501561,-0.097210,0.918885,-0.064110,0.376949,4.288197,84.152260,24.921858,-0.039268,0.872060,-0.132094,0.469596,8.845225,50.131809,31.604588,-0.044229,0.903376,-0.001407,0.426560,6.349854,6.934613,43.605667,0.008407,0.959114,0.064778,0.275380,-8.779423,1.577625,-6.351118,-0.044229,0.903376,-0.001407,0.426560,17.000177,1.689026,35.420158
819,6.825000,0.014010,0.927198,-0.045597,0.371523,-2.085464,84.071625,18.897343,0.000760,0.937657,0.016241,0.347181,-1.652476,91.271942,18.361038,0.021930,0.940304,-0.030460,0.338259,-1.817879,108.042862,18.881044,-0.001946,0.955392,0.076774,0.285180,-0.697562,126.105812,18.112135,0.022283,0.970144,-0.098466,0.220518,-0.386299,139.877869,18.646267,0.110074,0.878135,0.072774,0.459856,-3.771272,120.843109,16.044649,-0.049758,-0.667962,0.145021,-0.728231,-12.765723,125.077332,3.165352,-0.017348,-0.222091,-0.239572,-0.944976,-11.295306,121.832466,-18.967674,0.131255,0.019707,-0.518537,-0.844691,4.998653,131.371582,-27.490728,-0.066904,0.980222,0.006663,0.186132,1.662965,120.697525,20.542391,0.284537,0.779072,-0.005409,-0.558620,16.659739,122.791122,26.493746,-0.104918,-0.005232,0.500237,-0.859493,21.456364,112.716690,7.049972,0.040190,-0.164906,0.766375,-0.619564,11.174865,130.394882,9.395884,0.049587,0.903861,0.104867,0.411799,-8.467896,84.001938,12.808826,0.074384,0.940486,-0.034952,0.329743,-8.582321,49.974213,4.751657,0.008397,0.959083,0.064877,0.275464,-15.899858,5.678129,5.501022,-0.096930,0.918940,-0.064351,0.376846,4.296968,84.141312,24.985859,-0.039060,0.872458,-0.131556,0.469025,8.830474,50.119221,31.676275,-0.044453,0.903539,-0.000485,0.426193,6.349627,6.907806,43.629089,0.008397,0.959083,0.064877,0.275464,-8.781503,1.578929,-6.351139,-0.044453,0.903539,-0.000485,0.426193,16.998857,1.686573,35.426605
820,6.833333,0.014345,0.927198,-0.045491,0.371521,-2.092285,84.060860,18.962778,0.001138,0.937642,0.016215,0.347223,-1.655380,91.261185,18.429691,0.022275,0.940292,-0.030198,0.338295,-1.808606,108.032440,18.953279,-0.000638,0.955329,0.076878,0.285371,-0.679716,126.095413,18.197575,0.022065,0.970161,-0.098628,0.220393,-0.334558,139.866150,18.744911,0.110165,0.878075,0.072532,0.459985,-3.755678,120.835648,16.125944,-0.049820,-0.667879,0.145448,-0.728218,-12.745611,125.068954,3.243184,-0.016892,-0.222091,-0.239299,-0.945054,-11.275749,121.811905,-18.888098,0.132156,0.019741,-0.517954,-0.844907,5.024175,131.337219,-27.416855,-0.066293,0.980204,0.006755,0.186439,1.678008,120.684258,20.624165,0.284419,0.779292,-0.004590,-0.558380,16.673710,122.757706,26.585289,-0.105504,-0.005082,0.500235,-0.859423,21.485373,112.705147,7.133907,0.039493,-0.164758,0.765890,-0.620248,11.205406,130.379471,9.486197,0.049732,0.903705,0.105105,0.412065,-8.474580,83.997337,12.874046,0.074532,0.940477,-0.034440,0.329790,-8.588778,49.974121,4.797868,0.008347,0.959055,0.064963,0.275543,-15.903698,5.676827,5.499243,-0.096807,0.919045,-0.064568,0.376585,4.290009,84.124382,25.051510,-0.039040,0.872668,-0.130965,0.468802,8.811778,50.102581,31.751299,-0.044813,0.903812,0.000442,0.425577,6.357589,6.877118,43.658714,0.008347,0.959055,0.064963,0.275543,-8.782741,1.580216,-6.352258,-0.044813,0.903812,0.000442,0.425577,17.002468,1.681741,35.434185
821,6.841667,0.014799,0.927265,-0.045524,0.371332,-2.105609,84.055283,19.023222,0.001508,0.937679,0.016386,0.347114,-1.662542,91.255363,18.492048,0.022569,0.940329,-0.030022,0.338186,-1.806030,108.022545,19.025246,-0.000434,0.955343,0.076879,0.285323,-0.669383,126.085434,18.279024,0.022881,0.970145,-0.098608,0.220391,-0.318894,139.855972,18.827921,0.110356,0.877967,0.072508,0.460151,-3.748070,120.828125,16.205194,-0.049638,-0.667683,0.145810,-0.728337,-12.731676,125.066505,3.319693,-0.016467,-0.222069,-0.239046,-0.945130,-11.254861,121.790947,-18.808390,0.132852,0.019618,-0.516989,-0.845392,5.049034,131.302322,-27.340591,-0.066001,0.980236,0.006858,0.186373,1.686466,120.671936,20.702223,0.284225,0.779402,-0.004394,-0.558328,16.684229,122.735558,26.661570,-0.106129,-0.005159,0.500406,-0.859246,21.503460,112.693314,7.206738,0.039359,-0.164769,0.765986,-0.620135,11.229131,130.372040,9.575667,0.049832,0.903420,0.105191,0.412655,-8.490148,83.999146,12.936769,0.074620,0.940483,-0.033825,0.329817,-8.602892,49.977882,4.852348,0.008122,0.959036,0.064865,0.275637,-15.907216,5.678007,5.498987,-0.096738,0.918894,-0.064674,0.376953,4.278929,84.111420,25.109673,-0.038983,0.873072,-0.130434,0.468201,8.790814,50.089645,31.816315,-0.044786,0.904025,0.001382,0.425124,6.362998,6.851295,43.682297,0.008122,0.959036,0.064865,0.275637,-8.782172,1.580305,-6.349679,-0.044786,0.904025,0.001382,0.425124,17.002743,1.677552,35.437515
822,6.850000,0.015034,0.927339,-0.045499,0.371142,-2.105875,84.043335,19.086649,0.001682,0.937694,0.016634,0.347061,-1.659894,91.243347,18.556980,0.022862,0.940333,-0.029996,0.338160,-1.800730,108.006577,19.099861,-0.000247,0.955347,0.076933,0.285296,-0.654419,126.069031,18.358093,0.023685,0.970151,-0.098469,0.220341,-0.299447,139.839340,18.909845,0.110561,0.878026,0.072554,0.459980,-3.735992,120.813896,16.283058,-0.049468,-0.667493,0.146024,-0.728480,-12.723234,125.058624,3.402181,-0.016229,-0.222205,-0.238816,-0.945161,-11.237812,121.769646,-18.723335,0.133059,0.019140,-0.516537,-0.845646,5.071383,131.272141,-27.265337,-0.065854,0.980221,0.007011,0.186495,1.698604,120.653664,20.779871,0.284417,0.779495,-0.003668,-0.558105,16.695520,122.711586,26.743317,-0.106288,-0.005308,0.500426,-0.859214,21.520983,112.679634,7.284716,0.038806,-0.165145,0.765993,-0.620062,11.247935,130.357040,9.662190,0.050172,0.903123,0.105478,0.413189,-8.492772,83.991386,13.002637,0.074667,0.940563,-0.033341,0.329627,-8.613719,49.976727,4.890580,0.008147,0.959031,0.064945,0.275635,-15.907633,5.674553,5.496499,-0.096479,0.918941,-0.064885,0.376867,4.281022,84.095291,25.170660,-0.038900,0.873413,-0.129867,0.467731,8.771400,50.071918,31.883636,-0.045004,0.904240,0.002275,0.424641,6.367578,6.819740,43.704006,0.008147,0.959031,0.064945,0.275635,-8.782643,1.578838,-6.352882,-0.045004,0.904240,0.002275,0.424641,17.003807,1.669525,35.439983
823,6.858333,0.015392,0.927395,-0.045557,0.370981,-2.114711,84.033463,19.149897,0.001973,0.937767,0.016852,0.346850,-1.663716,91.233238,18.621311,0.023092,0.940416,-0.030050,0.337908,-1.797899,108.008301,19.174900,0.000188,0.955373,0.077391,0.285084,-0.643310,126.070259,18.433805,0.024480,0.970184,-0.098705,0.220004,-0.280666,139.839752,19.000786,0.110501,0.878013,0.072433,0.460039,-3.728481,120.816757,16.360001,-0.049002,-0.667328,0.146249,-0.728618,-12.714383,125.058075,3.477071,-0.015978,-0.222239,-0.238562,-0.945221,-11.222037,121.746529,-18.644609,0.132944,0.018987,-0.515986,-0.846005,5.090527,131.236771,-27.190638,-0.065367,0.980323,0.008057,0.186088,1.708373,120.653595,20.853979,0.285170,0.779487,-0.002040,-0.557739,16.712288,122.689972,26.807198,-0.106237,-0.006175,0.500452,-0.859199,21.536829,112.672569,7.340877,0.038485,-0.165088,0.766013,-0.620072,11.266099,130.345413,9.747836,0.050395,0.902816,0.105758,0.413762,-8.503531,83.987129,13.067860,0.074712,0.940515,-0.032892,0.329801,-8.625157,49.978188,4.931895,0.007992,0.959040,0.064859,0.275632,-15.909748,5.673948,5.497213,-0.096255,0.918795,-0.064953,0.377269,4.274110,84.079788,25.231934,-0.038904,0.873717,-0.129291,0.467320,8.745514,50.054031,31.945442,-0.045259,0.904416,0.003140,0.424232,6.372049,6.788480,43.722923,0.007992,0.959040,0.064859,0.275632,-8.783630,1.577023,-6.351070,-0.045259,0.904416,0.003140,0.424232,17.006359,1.661661,35.441898
824,6.866667,0.015526,0.927527,-0.045584,0.370641,-2.119768,84.023834,19.215113,0.002460,0.937834,0.016862,0.346665,-1.667027,91.223526,18.686720,0.023160,0.940477,-0.029797,0.337755,-1.785885,107.997879,19.246269,0.000822,0.955390,0.077467,0.285004,-0.632207,126.060272,18.514435,0.024891,0.970209,-0.098814,0.219795,-0.253500,139.829041,19.088264,0.110850,0.878048,0.072189,0.459927,-3.717832,120.807755,16.438801,-0.049203,-0.667218,0.146873,-0.728580,-12.704584,125.055252,3.558493,-0.015985,-0.222312,-0.238267,-0.945278,-11.213831,121.729340,-18.561146,0.133186,0.018560,-0.515893,-0.846033,5.105083,131.209808,-27.111635,-0.065311,0.980308,0.008414,0.186170,1.720438,120.642410,20.930984,0.285316,0.779476,-0.001906,-0.557680,16.723606,122.674797,26.887468,-0.106754,-0.006012,0.500564,-0.859071,21.547361,112.655785,7.421777,0.037507,-0.164756,0.765687,-0.620623,11.282868,130.327560,9.833706,0.050487,0.902827,0.106066,0.413649,-8.512960,83.979828,13.137650,0.074808,0.940516,-0.032351,0.329829,-8.632338,49.976093,4.979895,0.008068,0.959052,0.064979,0.275557,-15.909070,5.669963,5.496501,-0.096190,0.918834,-0.065244,0.377140,4.273424,84.067841,25.292576,-0.038514,0.874580,-0.128750,0.465887,8.733758,50.043846,32.022373,-0.045399,0.904590,0.003976,0.423840,6.371914,6.763035,43.746029,0.008068,0.959052,0.064979,0.275557,-8.785127,1.575758,-6.354035,-0.045399,0.904590,0.003976,0.423840,17.003372,1.657560,35.448170
825,6.875000,0.015652,0.927694,-0.045566,0.370219,-2.120123,84.020958,19.278830,0.002300,0.937878,0.017004,0.346539,-1.666031,91.220612,18.751144,0.023739,0.940480,-0.029625,0.337721,-1.791440,107.988037,19.313093,0.001094,0.955389,0.077570,0.284979,-0.620168,126.049820,18.594164,0.025477,0.970205,-0.098868,0.219722,-0.235109,139.818222,19.172802,0.110821,0.878144,0.072380,0.459720,-3.710958,120.801796,16.514843,-0.048815,-0.667225,0.146701,-0.728634,-12.704119,125.051163,3.639629,-0.015363,-0.222198,-0.237934,-0.945399,-11.211550,121.718933,-18.478935,0.133739,0.018448,-0.515303,-0.846307,5.114912,131.181091,-27.031862,-0.065137,0.980316,0.008475,0.186190,1.727248,120.627930,21.006781,0.285227,0.779583,-0.001717,-0.557578,16.730909,122.654388,26.964027,-0.107348,-0.006082,0.500698,-0.858919,21.562065,112.641861,7.496838,0.037121,-0.164841,0.765737,-0.620562,11.303790,130.313660,9.923876,0.050673,0.902873,0.106284,0.413468,-8.518768,83.979507,13.207094,0.074891,0.940546,-0.031784,0.329779,-8.645059,49.980328,5.030502,0.007777,0.959048,0.064928,0.275591,-15.912098,5.672061,5.497231,-0.095831,0.918730,-0.065470,0.377445,4.278522,84.062401,25.350565,-0.038527,0.874811,-0.128163,0.465613,8.707785,50.035656,32.086979,-0.045411,0.904753,0.004854,0.423482,6.375525,6.741402,43.766819,0.007777,0.959048,0.064928,0.275591,-8.784741,1.578561,-6.351490,-0.045411,0.904753,0.004854,0.423482,17.003622,1.656766,35.451881
826,6.883333,0.015896,0.927831,-0.045713,0.369848,-2.127030,84.016815,19.341219,0.002940,0.937954,0.017206,0.346321,-1.669089,91.216164,18.812687,0.023536,0.940561,-0.029426,0.337529,-1.776588,107.985458,19.388533,0.001781,0.955441,0.077595,0.284794,-0.614799,126.048019,18.673649,0.026056,0.970275,-0.098930,0.219320,-0.211979,139.815659,19.258047,0.110828,0.878105,0.072590,0.459760,-3.703792,120.798943,16.594303,-0.048477,-0.667287,0.146901,-0.728559,-12.695686,125.051643,3.719303,-0.014855,-0.222069,-0.237740,-0.945486,-11.209462,121.703400,-18.397270,0.134514,0.018766,-0.514132,-0.846890,5.119586,131.151978,-26.949203,-0.064589,0.980325,0.008848,0.186317,1.736384,120.626724,21.083920,0.284532,0.779675,-0.002394,-0.557802,16.740828,122.633408,27.045887,-0.108381,-0.005725,0.500726,-0.858775,21.578556,112.627068,7.577151,0.036386,-0.164806,0.765763,-0.620582,11.319831,130.300674,10.013303,0.050684,0.903007,0.106424,0.413138,-8.530378,83.978737,13.274421,0.074994,0.940660,-0.031120,0.329494,-8.656289,49.981720,5.088842,0.007730,0.959088,0.064986,0.275440,-15.912326,5.671084,5.498653,-0.095715,0.918873,-0.065777,0.377073,4.276319,84.054886,25.408014,-0.038292,0.875361,-0.127607,0.464751,8.692689,50.029408,32.159267,-0.045675,0.904918,0.005607,0.423091,6.376942,6.720748,43.788864,0.007730,0.959088,0.064986,0.275440,-8.788002,1.579560,-6.352576,-0.045675,0.904918,0.005607,0.423091,17.003050,1.657022,35.458637
827,6.891667,0.015658,0.927986,-0.045466,0.369499,-2.112568,84.004448,19.399374,0.002979,0.938039,0.017422,0.346079,-1.659332,91.204239,18.872709,0.023538,0.940642,-0.029167,0.337324,-1.767967,107.971703,19.455791,0.001785,0.955493,0.077794,0.284567,-0.609412,126.034805,18.749500,0.026962,0.970284,-0.099091,0.219096,-0.208255,139.802292,19.338867,0.111221,0.878235,0.072754,0.459390,-3.698443,120.786285,16.668835,-0.048094,-0.667256,0.146995,-0.728594,-12.698563,125.052238,3.803973,-0.014243,-0.222145,-0.237538,-0.945529,-11.211738,121.689178,-18.310305,0.134930,0.018491,-0.514453,-0.846635,5.123166,131.126511,-26.873476,-0.064626,0.980359,0.009064,0.186109,1.743678,120.612679,21.156036,0.284808,0.779605,-0.002376,-0.557758,16.750477,122.619392,27.112061,-0.108840,-0.005949,0.500919,-0.858603,21.583309,112.604698,7.646403,0.035743,-0.164710,0.765676,-0.620752,11.332115,130.281448,10.100908,0.051028,0.903096,0.106568,0.412864,-8.520598,83.964417,13.337535,0.075088,0.940696,-0.030621,0.329415,-8.666427,49.971985,5.133273,0.007402,0.959055,0.065253,0.275499,-15.915728,5.659857,5.498771,-0.095259,0.918999,-0.066209,0.376808,4.295463,84.044479,25.461212,-0.038051,0.876029,-0.127048,0.463664,8.673181,50.016891,32.226963,-0.045857,0.905023,0.006492,0.422834,6.376512,6.693807,43.806519,0.007402,0.959055,0.065253,0.275499,-8.786156,1.577774,-6.352557,-0.045857,0.905023,0.006492,0.422834,17.002764,1.653339,35.462387
828,6.900000,0.016007,0.928141,-0.045638,0.369074,-2.122697,84.001122,19.462261,0.003002,0.938154,0.017727,0.345750,-1.664103,91.200516,18.934948,0.024054,0.940745,-0.029103,0.337006,-1.775337,107.965782,19.527847,0.002336,0.955543,0.078066,0.284320,-0.600213,126.028122,18.829664,0.027332,0.970306,-0.099614,0.218715,-0.186885,139.794754,19.430180,0.111256,0.878302,0.072805,0.459246,-3.695507,120.783531,16.748390,-0.047597,-0.667272,0.147081,-0.728595,-12.699688,125.051163,3.886928,-0.013820,-0.222098,-0.237473,-0.945562,-11.214922,121.670448,-18.224800,0.135356,0.018082,-0.514117,-0.846780,5.123528,131.102432,-26.791346,-0.064378,0.980411,0.009465,0.185905,1.749296,120.602608,21.232052,0.285085,0.779654,-0.002018,-0.557550,16.759613,122.599136,27.182631,-0.109164,-0.006304,0.501002,-0.858511,21.595804,112.583138,7.718478,0.035458,-0.164557,0.765487,-0.621042,11.348738,130.258347,10.192437,0.051124,0.903085,0.106843,0.412805,-8.536072,83.966064,13.406047,0.075104,0.940808,-0.030022,0.329147,-8.680414,49.978416,5.181931,0.007612,0.959056,0.065244,0.275493,-15.913388,5.663243,5.498483,-0.095025,0.919120,-0.066535,0.376511,4.290679,84.036171,25.518475,-0.037897,0.876682,-0.126400,0.462617,8.646968,50.008499,32.297626,-0.046161,0.905178,0.007154,0.422458,6.379251,6.669622,43.823658,0.007612,0.959056,0.065244,0.275493,-8.785956,1.579432,-6.353537,-0.046161,0.905178,0.007154,0.422458,17.003786,1.648410,35.465736
829,6.908333,0.016154,0.928305,-0.045784,0.368637,-2.127728,83.993027,19.523001,0.003326,0.938277,0.017822,0.345408,-1.666633,91.192169,18.994307,0.024281,0.940860,-0.029039,0.336674,-1.768536,107.956406,19.593964,0.002308,0.955644,0.078204,0.283941,-0.586718,126.018486,18.900326,0.028100,0.970351,-0.099824,0.218323,-0.175559,139.785065,19.503733,0.111457,0.878586,0.072717,0.458667,-3.685522,120.775749,16.819622,-0.047226,-0.667126,0.147366,-0.728695,-12.705532,125.047447,3.970607,-0.013497,-0.222374,-0.237511,-0.945493,-11.215779,121.645355,-18.137506,0.135547,0.017774,-0.514065,-0.846787,5.118489,131.076340,-26.718277,-0.064112,0.980412,0.009519,0.185985,1.762283,120.591331,21.299494,0.286465,0.779699,0.000100,-0.556783,16.772738,122.579041,27.252684,-0.108892,-0.007242,0.500890,-0.858603,21.611912,112.567154,7.787147,0.034661,-0.163823,0.764923,-0.621976,11.364534,130.229660,10.287233,0.051237,0.903216,0.106999,0.412463,-8.546712,83.959839,13.472718,0.075161,0.940839,-0.029391,0.329102,-8.696701,49.975346,5.235676,0.007431,0.959076,0.065270,0.275423,-15.915914,5.657568,5.497555,-0.094693,0.919366,-0.066932,0.375925,4.291255,84.026222,25.573284,-0.037730,0.877479,-0.125798,0.461283,8.620121,49.997852,32.366501,-0.046303,0.905345,0.007867,0.422072,6.382024,6.644201,43.842690,0.007431,0.959076,0.065270,0.275423,-8.788395,1.575792,-6.355114,-0.046303,0.905345,0.007867,0.422072,17.003256,1.641485,35.469490
830,6.916667,0.016336,0.928476,-0.045884,0.368184,-2.132569,83.984337,19.586506,0.003576,0.938397,0.017855,0.345079,-1.668749,91.183250,19.057220,0.024163,0.940980,-0.028647,0.336382,-1.762964,107.951485,19.661001,0.002753,0.955726,0.078098,0.283692,-0.590142,126.014587,18.978878,0.028824,0.970348,-0.100373,0.217990,-0.166629,139.780777,19.582561,0.111556,0.878665,0.072457,0.458533,-3.687743,120.771790,16.896536,-0.046516,-0.667128,0.147211,-0.728769,-12.711042,125.042427,4.049479,-0.012916,-0.222529,-0.237590,-0.945444,-11.219418,121.623680,-18.055939,0.135826,0.017355,-0.514097,-0.846731,5.109525,131.051498,-26.647532,-0.063412,0.980479,0.009579,0.185871,1.762914,120.586922,21.372913,0.286730,0.779792,0.000907,-0.556516,16.777655,122.552109,27.322760,-0.109363,-0.007771,0.500796,-0.858594,21.623335,112.549927,7.853863,0.034132,-0.163360,0.764872,-0.622189,11.373851,130.203934,10.381547,0.051323,0.903354,0.107172,0.412106,-8.557328,83.953888,13.542345,0.075215,0.941052,-0.028680,0.328543,-8.710965,49.972595,5.292185,0.007460,0.959081,0.065448,0.275364,-15.913685,5.651832,5.496796,-0.094359,0.919660,-0.067339,0.375217,4.292191,84.014778,25.630669,-0.037598,0.878020,-0.125140,0.460442,8.594157,49.985813,32.437973,-0.046446,0.905496,0.008723,0.421714,6.384251,6.616435,43.860039,0.007460,0.959081,0.065448,0.275364,-8.787362,1.574636,-6.358169,-0.046446,0.905496,0.008723,0.421714,17.003197,1.635745,35.470825
831,6.925000,0.016596,0.928672,-0.046008,0.367662,-2.139331,83.979607,19.650034,0.003744,0.938517,0.018040,0.344740,-1.671667,91.178238,19.120207,0.024462,0.941080,-0.028585,0.336086,-1.762494,107.940933,19.731606,0.002751,0.955819,0.077996,0.283406,-0.580448,126.003647,19.054893,0.029466,0.970337,-0.100830,0.217742,-0.156445,139.769958,19.655466,0.111497,0.878845,0.072610,0.458179,-3.682102,120.763191,16.972647,-0.046390,-0.667076,0.147643,-0.728738,-12.716372,125.034241,4.133440,-0.012711,-0.223009,-0.237632,-0.945323,-11.227324,121.597687,-17.969387,0.136045,0.016927,-0.514267,-0.846602,5.094377,131.025696,-26.581955,-0.063168,0.980485,0.010078,0.185899,1.771158,120.573914,21.445667,0.286686,0.779709,0.000621,-0.556655,16.786564,122.528282,27.397394,-0.109991,-0.008169,0.501005,-0.858388,21.626415,112.521568,7.929377,0.034267,-0.162819,0.764961,-0.622214,11.385033,130.178101,10.485135,0.051370,0.903552,0.107377,0.411613,-8.570720,83.953087,13.612912,0.075263,0.941213,-0.028007,0.328131,-8.725793,49.975224,5.348702,0.007221,0.959106,0.065436,0.275285,-15.912750,5.651686,5.498172,-0.094033,0.919841,-0.067729,0.374785,4.292057,84.006126,25.687159,-0.037461,0.878581,-0.124479,0.459562,8.566086,49.976547,32.509003,-0.046616,0.905594,0.009533,0.421469,6.384415,6.591434,43.876606,0.007221,0.959106,0.065436,0.275285,-8.786133,1.575950,-6.357116,-0.046616,0.905594,0.009533,0.421469,17.003235,1.632117,35.474583
832,6.933333,0.016394,0.928895,-0.045772,0.367139,-2.124761,83.970207,19.711327,0.003469,0.938646,0.018376,0.344374,-1.661359,91.169250,19.183319,0.024737,0.941187,-0.028469,0.335775,-1.764506,107.934723,19.802261,0.003038,0.955828,0.078031,0.283363,-0.574735,125.997185,19.132467,0.029872,0.970205,-0.101715,0.217862,-0.143470,139.763138,19.736122,0.111463,0.878955,0.072821,0.457942,-3.680080,120.759026,17.049969,-0.046051,-0.667104,0.147894,-0.728683,-12.721684,125.032066,4.216583,-0.012216,-0.223415,-0.237669,-0.945225,-11.237623,121.577606,-17.883791,0.136484,0.016395,-0.514723,-0.846265,5.076788,131.002304,-26.516720,-0.062734,0.980499,0.010301,0.185958,1.775940,120.565376,21.519440,0.285917,0.779571,-0.000785,-0.557244,16.792410,122.504570,27.473454,-0.111344,-0.008206,0.501370,-0.858000,21.622627,112.491394,8.006366,0.034313,-0.162280,0.765091,-0.622193,11.393476,130.157074,10.593547,0.051662,0.904030,0.107245,0.410560,-8.563052,83.942398,13.681566,0.074997,0.941312,-0.027213,0.327973,-8.750010,49.964642,5.417539,0.007008,0.959253,0.065932,0.274659,-15.891356,5.633578,5.509052,-0.093436,0.919953,-0.068301,0.374553,4.313530,83.998016,25.741085,-0.037343,0.879194,-0.123796,0.458582,8.535973,49.966053,32.583122,-0.046917,0.905738,0.010434,0.421105,6.386170,6.564909,43.895527,0.007008,0.959253,0.065932,0.274659,-8.776399,1.573072,-6.358462,-0.046917,0.905738,0.010434,0.421105,17.004194,1.630659,35.477753
833,6.941667,0.016572,0.929092,-0.045903,0.366614,-2.128882,83.962624,19.775351,0.003563,0.938755,0.018453,0.344071,-1.662691,91.161407,19.246269,0.024953,0.941273,-0.028245,0.335537,-1.763596,107.927773,19.868793,0.003626,0.955867,0.078001,0.283231,-0.569358,125.990311,19.208967,0.030078,0.970145,-0.102785,0.217599,-0.122453,139.755600,19.816195,0.111487,0.879140,0.072857,0.457576,-3.677093,120.754196,17.124908,-0.045417,-0.667144,0.147885,-0.728688,-12.729425,125.028290,4.299446,-0.011516,-0.223889,-0.237789,-0.945091,-11.247667,121.555222,-17.798161,0.136985,0.015693,-0.515064,-0.845989,5.056353,130.977463,-26.455645,-0.062291,0.980497,0.010619,0.186099,1.781024,120.556488,21.591640,0.286266,0.779547,-0.000469,-0.557098,16.797586,122.479584,27.550632,-0.111873,-0.008997,0.501511,-0.857840,21.626106,112.462410,8.085175,0.034720,-0.160981,0.764298,-0.623481,11.405575,130.122223,10.711229,0.051843,0.904199,0.107420,0.410120,-8.573866,83.937363,13.752738,0.074964,0.941452,-0.026538,0.327635,-8.771182,49.963558,5.472735,0.006830,0.959289,0.066142,0.274489,-15.890008,5.628788,5.510772,-0.093214,0.920171,-0.068758,0.373990,4.316102,83.987885,25.797962,-0.036992,0.880159,-0.123179,0.456922,8.516392,49.957405,32.660961,-0.047111,0.905876,0.011286,0.420764,6.385823,6.540242,43.915352,0.006830,0.959289,0.066142,0.274489,-8.776896,1.575270,-6.360234,-0.047111,0.905876,0.011286,0.420764,17.002254,1.628622,35.482353
834,6.950000,0.016638,0.929312,-0.045959,0.366048,-2.129291,83.956322,19.837004,0.003682,0.938901,0.018462,0.343673,-1.662244,91.154991,19.307241,0.025004,0.941403,-0.027955,0.335193,-1.759200,107.914413,19.931204,0.003878,0.955980,0.077889,0.282881,-0.566959,125.977448,19.281445,0.030679,0.970096,-0.104048,0.217133,-0.112836,139.742584,19.887123,0.111743,0.879303,0.072880,0.457195,-3.675751,120.742325,17.196451,-0.044976,-0.667198,0.148078,-0.728627,-12.737549,125.023758,4.380117,-0.010937,-0.224386,-0.237878,-0.944958,-11.261549,121.531700,-17.714891,0.137537,0.015034,-0.515362,-0.845730,5.032391,130.951553,-26.396782,-0.062093,0.980471,0.010676,0.186300,1.785594,120.542374,21.659140,0.287736,0.779457,0.001503,-0.556464,16.800535,122.458687,27.624422,-0.111592,-0.010388,0.501635,-0.857789,21.622908,112.440491,8.157967,0.034864,-0.159999,0.765006,-0.622857,11.411533,130.092239,10.827138,0.052004,0.904427,0.107557,0.409559,-8.581556,83.932297,13.822183,0.075002,0.941699,-0.025822,0.326973,-8.790160,49.961716,5.529226,0.006914,0.959287,0.066307,0.274454,-15.891305,5.624101,5.510617,-0.092804,0.920386,-0.069389,0.373445,4.322974,83.980339,25.851826,-0.036811,0.880870,-0.122400,0.455775,8.484420,49.950611,32.742199,-0.047390,0.905991,0.012038,0.420463,6.386444,6.515062,43.931595,0.006914,0.959287,0.066307,0.274454,-8.779355,1.574440,-6.362410,-0.047390,0.905991,0.012038,0.420463,17.002468,1.624741,35.485695
835,6.958333,0.016893,0.929529,-0.046090,0.365467,-2.138227,83.943649,19.901844,0.003857,0.939021,0.018546,0.343337,-1.667395,91.142029,19.371391,0.025064,0.941497,-0.027918,0.334927,-1.759583,107.902206,20.000053,0.004161,0.956057,0.077689,0.282670,-0.565927,125.965202,19.351923,0.031148,0.969995,-0.105460,0.216834,-0.102964,139.730194,19.954165,0.112024,0.879503,0.072616,0.456785,-3.676395,120.730652,17.268000,-0.044498,-0.667180,0.148204,-0.728647,-12.748350,125.015961,4.460152,-0.010413,-0.225006,-0.238048,-0.944773,-11.272970,121.505318,-17.631950,0.137942,0.014194,-0.515697,-0.845475,5.007198,130.926010,-26.342106,-0.061847,0.980484,0.010827,0.186302,1.787416,120.529602,21.727617,0.288309,0.779308,0.001526,-0.556376,16.803316,122.437157,27.693283,-0.112405,-0.011064,0.501939,-0.857496,21.615273,112.401451,8.233272,0.034658,-0.158362,0.765217,-0.623028,11.417417,130.053787,10.944215,0.052139,0.904637,0.107721,0.409035,-8.597835,83.923508,13.894897,0.074989,0.941977,-0.025033,0.326235,-8.815001,49.956367,5.588073,0.006602,0.959292,0.066446,0.274408,-15.892109,5.614975,5.508745,-0.092404,0.920711,-0.069925,0.372644,4.321382,83.963799,25.908792,-0.036694,0.881523,-0.121654,0.454721,8.449129,49.934120,32.819649,-0.047715,0.906128,0.012936,0.420104,6.386165,6.481439,43.948872,0.006602,0.959292,0.066446,0.274408,-8.777969,1.571292,-6.365001,-0.047715,0.906128,0.012936,0.420104,17.001596,1.616450,35.487617
836,6.966667,0.017176,0.929695,-0.046360,0.364997,-2.147451,83.933929,19.967083,0.003918,0.939172,0.018875,0.342907,-1.671657,91.131798,19.434254,0.025269,0.941644,-0.028004,0.334491,-1.765396,107.889328,20.073965,0.004182,0.956212,0.077195,0.282281,-0.564028,125.951782,19.424831,0.031885,0.969886,-0.106957,0.216481,-0.097028,139.717209,20.013561,0.112046,0.879645,0.072395,0.456541,-3.678803,120.718674,17.343721,-0.043858,-0.667325,0.148008,-0.728593,-12.757866,125.001266,4.540002,-0.009886,-0.225662,-0.238153,-0.944596,-11.288564,121.478500,-17.550579,0.138021,0.013355,-0.516095,-0.845233,4.979269,130.898041,-26.290972,-0.061290,0.980470,0.010892,0.186559,1.788983,120.515083,21.798349,0.288704,0.779334,0.001810,-0.556134,16.804001,122.404373,27.772049,-0.113578,-0.011506,0.502073,-0.857258,21.617807,112.361588,8.316144,0.033792,-0.156572,0.765125,-0.623640,11.427980,130.007431,11.066826,0.052134,0.904892,0.107818,0.408445,-8.612944,83.917107,13.966459,0.075064,0.942524,-0.024130,0.324701,-8.832411,49.951405,5.653815,0.006495,0.959315,0.066620,0.274287,-15.889782,5.607036,5.507431,-0.092124,0.921074,-0.070407,0.371724,4.318041,83.950745,25.967709,-0.036392,0.882335,-0.120943,0.453357,8.422020,49.922184,32.898148,-0.047957,0.906187,0.013747,0.419923,6.381584,6.452036,43.963116,0.006495,0.959315,0.066620,0.274287,-8.777072,1.568858,-6.369048,-0.047957,0.906187,0.013747,0.419923,16.998650,1.609499,35.491039
837,6.975000,0.017237,0.929856,-0.046498,0.364568,-2.150944,83.920929,20.034096,0.003868,0.939284,0.019047,0.342590,-1.673846,91.118591,19.499527,0.025445,0.941737,-0.028131,0.334204,-1.770914,107.876564,20.144133,0.004272,0.956326,0.076784,0.282004,-0.562221,125.938431,19.492468,0.032554,0.969754,-0.108624,0.216143,-0.089896,139.704132,20.070585,0.112269,0.879794,0.072418,0.456195,-3.680478,120.706436,17.413750,-0.043172,-0.667508,0.148020,-0.728463,-12.768187,124.995491,4.618330,-0.009314,-0.226323,-0.238295,-0.944408,-11.310009,121.453033,-17.469835,0.138256,0.012814,-0.516228,-0.845121,4.942575,130.871201,-26.239910,-0.060844,0.980447,0.010804,0.186832,1.789891,120.500969,21.865120,0.288919,0.779464,0.001571,-0.555841,16.803371,122.376404,27.847042,-0.115234,-0.011681,0.502181,-0.856971,21.626228,112.318459,8.401218,0.032614,-0.154201,0.765160,-0.624251,11.442181,129.958527,11.192308,0.052400,0.905014,0.108009,0.408090,-8.621926,83.904633,14.039389,0.075029,0.942527,-0.023488,0.324748,-8.855862,49.943760,5.707452,0.006259,0.959301,0.066874,0.274282,-15.891613,5.596167,5.507465,-0.091755,0.921153,-0.070957,0.371514,4.320037,83.937225,26.028803,-0.036225,0.883058,-0.120134,0.452177,8.387555,49.909367,32.984154,-0.048191,0.906318,0.014692,0.419583,6.381938,6.420615,43.982170,0.006259,0.959301,0.066874,0.274282,-8.776114,1.566462,-6.370223,-0.048191,0.906318,0.014692,0.419583,16.998009,1.603534,35.494347
838,6.983333,0.017160,0.930055,-0.046575,0.364052,-2.149612,83.913277,20.101709,0.003930,0.939398,0.019072,0.342275,-1.673438,91.110870,19.565443,0.025547,0.941826,-0.028069,0.333953,-1.768642,107.869194,20.211584,0.003222,0.956438,0.076284,0.281775,-0.557383,125.931000,19.562937,0.033711,0.969462,-0.110526,0.216312,-0.109133,139.698410,20.119362,0.112189,0.879986,0.072174,0.455883,-3.677572,120.699928,17.484797,-0.042758,-0.667799,0.148034,-0.728219,-12.775129,124.983025,4.694369,-0.008890,-0.226911,-0.238342,-0.944259,-11.334517,121.429932,-17.393246,0.138531,0.012169,-0.516478,-0.844933,4.906142,130.844696,-26.189175,-0.060407,0.980405,0.010926,0.187184,1.795096,120.492683,21.933258,0.289739,0.779537,0.002324,-0.555309,16.806011,122.353233,27.926271,-0.116563,-0.012124,0.502201,-0.856773,21.634104,112.284378,8.487387,0.031100,-0.151464,0.765991,-0.623979,11.451885,129.917404,11.321369,0.052642,0.905154,0.108140,0.407714,-8.627269,83.895714,14.114216,0.075049,0.942692,-0.022759,0.324318,-8.876204,49.938587,5.767447,0.006174,0.959305,0.067146,0.274203,-15.892652,5.588243,5.508333,-0.091282,0.921334,-0.071529,0.371073,4.328044,83.930847,26.089203,-0.036085,0.883507,-0.119274,0.451539,8.353546,49.902615,33.067154,-0.048342,0.906353,0.015536,0.419458,6.380048,6.394479,43.994095,0.006174,0.959305,0.067146,0.274203,-8.777514,1.566499,-6.372272,-0.048342,0.906353,0.015536,0.419458,16.998007,1.599611,35.496063
839,6.991667,0.017157,0.930216,-0.046779,0.363615,-2.152902,83.908012,20.173492,0.003944,0.939435,0.019050,0.342175,-1.675958,91.105331,19.634235,0.025611,0.941822,-0.027997,0.333963,-1.770372,107.859734,20.279694,0.003630,0.956478,0.075554,0.281830,-0.557793,125.921562,19.634279,0.034161,0.969207,-0.112813,0.216204,-0.093028,139.689056,20.174557,0.112135,0.880102,0.072002,0.455699,-3.678298,120.691086,17.555124,-0.042176,-0.668159,0.148061,-0.727917,-12.781676,124.970093,4.767480,-0.008520,-0.227508,-0.238465,-0.944088,-11.362972,121.401360,-17.319023,0.138807,0.011685,-0.516028,-0.845169,4.862227,130.814941,-26.139349,-0.059886,0.980360,0.010951,0.187585,1.794226,120.482651,22.003704,0.290344,0.779709,0.002451,-0.554751,16.802288,122.326187,28.009096,-0.118325,-0.011965,0.502243,-0.856509,21.642395,112.237061,8.583723,0.028996,-0.148281,0.766240,-0.624539,11.464308,129.861526,11.447878,0.052960,0.905142,0.108363,0.407641,-8.636177,83.889481,14.192089,0.075016,0.942670,-0.022119,0.324432,-8.899357,49.938084,5.822483,0.006037,0.959311,0.067309,0.274146,-15.894476,5.584720,5.509391,-0.090910,0.921526,-0.072072,0.370583,4.330373,83.926544,26.154896,-0.035882,0.884195,-0.118448,0.450424,8.321518,49.899033,33.156059,-0.048621,0.906488,0.016314,0.419106,6.379469,6.371948,44.012951,0.006037,0.959311,0.067309,0.274146,-8.778975,1.568353,-6.372811,-0.048621,0.906488,0.016314,0.419106,16.995989,1.599034,35.500778
840,7.000000,0.017295,0.930336,-0.046915,0.363284,-2.162623,83.901123,20.244911,0.004152,0.939518,0.019019,0.341947,-1.683295,91.098190,19.704384,0.025875,0.941883,-0.028254,0.333751,-1.770640,107.851860,20.351246,0.003248,0.956525,0.075023,0.281817,-0.546091,125.912682,19.700014,0.034837,0.968842,-0.115218,0.216464,-0.087295,139.681030,20.223267,0.112032,0.880331,0.071688,0.455332,-3.671056,120.683716,17.623756,-0.041382,-0.668636,0.147858,-0.727566,-12.786074,124.955093,4.841852,-0.007973,-0.228108,-0.238646,-0.943902,-11.393272,121.372429,-17.244053,0.138975,0.011080,-0.516329,-0.844966,4.814967,130.785110,-26.090321,-0.059437,0.980240,0.010787,0.188365,1.803277,120.472870,22.070000,0.291120,0.779726,0.002668,-0.554319,16.803541,122.302589,28.099054,-0.119799,-0.012017,0.502318,-0.856260,21.644911,112.191437,8.685448,0.027283,-0.144920,0.767391,-0.623992,11.471880,129.809113,11.581532,0.053126,0.905183,0.108554,0.407477,-8.650054,83.884300,14.268008,0.075036,0.942773,-0.021403,0.324178,-8.919711,49.937027,5.881870,0.005858,0.959326,0.067403,0.274075,-15.895841,5.581129,5.509480,-0.090724,0.921809,-0.072734,0.369795,4.324807,83.917938,26.221815,-0.035473,0.885110,-0.117485,0.448909,8.292584,49.894764,33.257252,-0.048900,0.906546,0.017159,0.418914,6.375898,6.344658,44.025967,0.005858,0.959326,0.067403,0.274075,-8.780144,1.568614,-6.373909,-0.048900,0.906546,0.017159,0.418914,16.994217,1.595542,35.502728
841,7.008333,0.017357,0.930417,-0.047043,0.363056,-2.170568,83.894577,20.312628,0.004104,0.939544,0.019391,0.341854,-1.689870,91.091438,19.770594,0.025973,0.941893,-0.028533,0.333690,-1.782859,107.834068,20.428232,0.003740,0.956556,0.074097,0.281951,-0.551649,125.894119,19.768606,0.035311,0.968485,-0.117918,0.216532,-0.072521,139.662537,20.271278,0.112253,0.880310,0.071233,0.455390,-3.678835,120.665382,17.695137,-0.041022,-0.669070,0.148162,-0.727125,-12.790534,124.936386,4.910742,-0.007755,-0.228722,-0.238847,-0.943704,-11.427843,121.336708,-17.174273,0.139272,0.010486,-0.516531,-0.844802,4.765445,130.753815,-26.045162,-0.058935,0.980188,0.010284,0.188816,1.795994,120.454514,22.140768,0.291475,0.779975,0.002263,-0.553784,16.792650,122.271057,28.182766,-0.121567,-0.011790,0.502267,-0.856044,21.651331,112.134148,8.786925,0.025732,-0.141480,0.768338,-0.623681,11.475675,129.746338,11.711235,0.053257,0.905231,0.108699,0.407314,-8.660887,83.878166,14.338863,0.075116,0.942882,-0.020709,0.323887,-8.936090,49.934082,5.940031,0.005778,0.959308,0.067487,0.274118,-15.898925,5.576632,5.508670,-0.090379,0.921732,-0.073057,0.370007,4.319750,83.910980,26.286394,-0.035418,0.885474,-0.116650,0.448413,8.255410,49.886738,33.334671,-0.048937,0.906585,0.018021,0.418789,6.374391,6.318727,44.037048,0.005778,0.959308,0.067487,0.274118,-8.781199,1.566922,-6.374449,-0.048937,0.906585,0.018021,0.418789,16.993528,1.590928,35.502991
842,7.016667,0.017510,0.930489,-0.047354,0.362823,-2.184376,83.884720,20.385595,0.004374,0.939572,0.019500,0.341769,-1.700127,91.081085,19.840067,0.025952,0.941902,-0.028904,0.333633,-1.785839,107.827530,20.504400,0.003767,0.956559,0.073235,0.282165,-0.550900,125.886856,19.831768,0.036031,0.968013,-0.120839,0.216911,-0.064121,139.655823,20.312099,0.112119,0.880452,0.070694,0.455231,-3.679470,120.657303,17.762440,-0.040554,-0.669468,0.148390,-0.726738,-12.796852,124.916649,4.978213,-0.007459,-0.229412,-0.239162,-0.943460,-11.461078,121.298805,-17.105473,0.139554,0.009553,-0.517224,-0.844342,4.715368,130.724640,-26.005196,-0.058323,0.980108,0.010102,0.189430,1.795912,120.448448,22.207481,0.292308,0.780041,0.002122,-0.553252,16.787350,122.246239,28.268003,-0.122941,-0.011832,0.502277,-0.855841,21.650591,112.075768,8.890891,0.024393,-0.137585,0.769295,-0.623426,11.477162,129.680176,11.844511,0.053300,0.905318,0.108970,0.407043,-8.677575,83.869049,14.414960,0.075218,0.942837,-0.020053,0.324036,-8.950204,49.929409,5.998114,0.005592,0.959292,0.067577,0.274155,-15.902593,5.570942,5.507207,-0.090150,0.921965,-0.073436,0.369405,4.308823,83.900398,26.356230,-0.035200,0.886066,-0.115781,0.447486,8.224460,49.877148,33.420456,-0.049105,0.906642,0.018919,0.418605,6.372610,6.289589,44.048080,0.005592,0.959292,0.067577,0.274155,-8.782001,1.564935,-6.375440,-0.049105,0.906642,0.018919,0.418605,16.992771,1.585567,35.502171
843,7.025000,0.017507,0.930533,-0.047622,0.362675,-2.194582,83.877525,20.458525,0.004462,0.939587,0.019433,0.341728,-1.709054,91.073517,19.909317,0.026051,0.941898,-0.029130,0.333619,-1.791145,107.812057,20.572237,0.004179,0.956557,0.071941,0.282500,-0.550129,125.870720,19.893080,0.036527,0.967516,-0.123774,0.217390,-0.042037,139.639938,20.342796,0.112206,0.880596,0.070272,0.454997,-3.680528,120.641479,17.825722,-0.040060,-0.669930,0.148500,-0.726317,-12.804198,124.897072,5.044717,-0.007017,-0.230133,-0.239329,-0.943245,-11.497608,121.264458,-17.038301,0.139976,0.008649,-0.517607,-0.844047,4.664857,130.692505,-25.970190,-0.057939,0.979922,0.009551,0.190539,1.794919,120.432365,22.270676,0.293052,0.780133,0.001583,-0.552731,16.774097,122.220612,28.364262,-0.124097,-0.011547,0.502343,-0.855639,21.643690,112.009521,9.010102,0.023380,-0.133755,0.769900,-0.623552,11.475353,129.608337,11.977031,0.053423,0.905301,0.109102,0.407029,-8.689686,83.860229,14.489961,0.075303,0.942790,-0.019353,0.324196,-8.966375,49.923512,6.061463,0.005459,0.959277,0.067740,0.274170,-15.905534,5.563712,5.507634,-0.090039,0.922102,-0.073988,0.368979,4.300520,83.894814,26.427090,-0.034837,0.886914,-0.114818,0.446080,8.197781,49.875854,33.522068,-0.049260,0.906847,0.019471,0.418117,6.372921,6.266078,44.062836,0.005459,0.959277,0.067740,0.274170,-8.782907,1.563005,-6.375587,-0.049260,0.906847,0.019471,0.418117,16.987122,1.576902,35.501366
844,7.033333,0.017270,0.930607,-0.047751,0.362480,-2.196231,83.873489,20.531708,0.004561,0.939584,0.019428,0.341736,-1.713341,91.069427,19.979412,0.026064,0.941864,-0.029423,0.333688,-1.792259,107.803688,20.643133,0.004563,0.956535,0.070554,0.282918,-0.547220,125.861702,19.954243,0.036965,0.966972,-0.126893,0.217940,-0.017718,139.631165,20.370789,0.112189,0.880653,0.069960,0.454939,-3.678470,120.632019,17.889320,-0.039707,-0.670449,0.148960,-0.725764,-12.803986,124.882568,5.107963,-0.006856,-0.230971,-0.239403,-0.943023,-11.534704,121.228981,-16.973768,0.140098,0.007656,-0.518014,-0.843787,4.610806,130.656769,-25.938189,-0.057474,0.979756,0.009146,0.191548,1.796314,120.424149,22.335148,0.294013,0.780061,0.000953,-0.552322,16.764700,122.199463,28.458956,-0.124747,-0.011941,0.502590,-0.855394,21.629242,111.940048,9.129107,0.023985,-0.129753,0.770841,-0.623212,11.472816,129.537766,12.123998,0.053581,0.905169,0.109324,0.407243,-8.693970,83.851654,14.566030,0.075718,0.942643,-0.018776,0.324559,-8.972248,49.919510,6.119181,0.005342,0.959115,0.067740,0.274738,-15.929380,5.563364,5.501733,-0.089682,0.921822,-0.074170,0.369729,4.301508,83.895317,26.497387,-0.034758,0.887509,-0.114017,0.445106,8.165433,49.873753,33.598099,-0.049783,0.907037,0.020105,0.417615,6.378154,6.247020,44.074951,0.005342,0.959115,0.067740,0.274738,-8.791973,1.563125,-6.372773,-0.049783,0.907037,0.020105,0.417615,16.989748,1.579158,35.498619
845,7.041667,0.017206,0.930630,-0.047923,0.362401,-2.204017,83.869072,20.606255,0.004686,0.939527,0.019526,0.341885,-1.721128,91.064796,20.051281,0.026242,0.941771,-0.029858,0.333896,-1.797354,107.801392,20.719603,0.004541,0.956419,0.069379,0.283600,-0.540840,125.858139,20.018314,0.037420,0.966238,-0.130506,0.218977,-0.001965,139.628128,20.404594,0.111822,0.880794,0.069540,0.454820,-3.674414,120.628906,17.955763,-0.039481,-0.671084,0.149393,-0.725099,-12.806127,124.862946,5.173354,-0.006804,-0.231956,-0.239299,-0.942808,-11.580868,121.194031,-16.908318,0.140217,0.006824,-0.517481,-0.844101,4.550015,130.616638,-25.911003,-0.057021,0.979584,0.008867,0.192577,1.798280,120.420837,22.404152,0.294907,0.780142,0.000262,-0.551733,16.755491,122.182823,28.559023,-0.125102,-0.012263,0.502564,-0.855353,21.625601,111.873962,9.256904,0.024960,-0.125564,0.772051,-0.622534,11.470153,129.465149,12.269768,0.053860,0.905008,0.109415,0.407539,-8.702799,83.845177,14.641723,0.075729,0.942305,-0.018162,0.325572,-8.993215,49.916515,6.181296,0.005172,0.959104,0.067902,0.274739,-15.932755,5.558482,5.504011,-0.089660,0.921814,-0.074560,0.369678,4.294766,83.892967,26.570786,-0.034351,0.888117,-0.113109,0.444157,8.147411,49.875183,33.695702,-0.049725,0.907084,0.020849,0.417483,6.375509,6.227419,44.087227,0.005172,0.959104,0.067902,0.274739,-8.793306,1.563813,-6.371137,-0.049725,0.907084,0.020849,0.417483,16.986469,1.576906,35.500698
846,7.050000,0.017132,0.930584,-0.048202,0.362487,-2.218750,83.864609,20.678938,0.004997,0.939433,0.019696,0.342131,-1.735343,91.059982,20.119864,0.026187,0.941664,-0.030183,0.334174,-1.803902,107.799614,20.797197,0.004565,0.956403,0.067570,0.284090,-0.545121,125.855759,20.084539,0.038447,0.965548,-0.134209,0.219605,0.009128,139.626358,20.423845,0.111684,0.880818,0.068985,0.454892,-3.678049,120.625458,18.023687,-0.038910,-0.671584,0.149636,-0.724617,-12.808645,124.847588,5.236539,-0.006585,-0.233077,-0.239373,-0.942514,-11.616741,121.157715,-16.843468,0.140047,0.005630,-0.517776,-0.843957,4.487155,130.576309,-25.887112,-0.056341,0.979472,0.008324,0.193368,1.792067,120.419815,22.475361,0.295862,0.780255,-0.000108,-0.551061,16.741856,122.163101,28.653557,-0.125514,-0.012785,0.502524,-0.855308,21.619869,111.810173,9.377032,0.026424,-0.120616,0.773753,-0.621337,11.464430,129.394180,12.416157,0.053984,0.904893,0.109488,0.407758,-8.716490,83.837616,14.713283,0.075782,0.942455,-0.017414,0.325167,-9.010612,49.911030,6.244698,0.005006,0.959110,0.068135,0.274664,-15.933111,5.551326,5.505597,-0.089556,0.921883,-0.074792,0.369484,4.278990,83.891594,26.644594,-0.034188,0.888381,-0.112205,0.443871,8.120361,49.874939,33.780964,-0.049223,0.907106,0.021602,0.417456,6.375264,6.207869,44.095631,0.005006,0.959110,0.068135,0.274664,-8.793298,1.564129,-6.371845,-0.049223,0.907106,0.021602,0.417456,16.983498,1.569656,35.499081
847,7.058333,0.016870,0.930538,-0.048372,0.362593,-2.230583,83.859131,20.754156,0.005356,0.939360,0.019674,0.342326,-1.749752,91.054398,20.191488,0.026017,0.941583,-0.030514,0.334385,-1.806905,107.793213,20.872210,0.004820,0.956351,0.065380,0.284773,-0.549776,125.848946,20.146509,0.039167,0.964792,-0.137690,0.220643,0.029183,139.619781,20.430853,0.111752,0.880918,0.068312,0.454784,-3.681265,120.616768,18.088263,-0.038473,-0.672015,0.149922,-0.724182,-12.814568,124.831024,5.300449,-0.006247,-0.234320,-0.239299,-0.942227,-11.652469,121.122345,-16.777998,0.139911,0.004312,-0.518465,-0.843564,4.428562,130.532120,-25.870668,-0.056141,0.979302,0.007556,0.194315,1.786986,120.415070,22.542408,0.297514,0.780356,-0.000677,-0.550026,16.725555,122.156273,28.748262,-0.125390,-0.013292,0.502467,-0.855352,21.610720,111.730171,9.513026,0.028094,-0.114698,0.774588,-0.621344,11.458639,129.301483,12.565605,0.054061,0.904877,0.109574,0.407759,-8.727115,83.826653,14.787212,0.075915,0.942505,-0.016660,0.325029,-9.023557,49.901962,6.311104,0.004866,0.959101,0.068334,0.274647,-15.935476,5.541766,5.505280,-0.089418,0.921862,-0.074898,0.369546,4.265948,83.891602,26.721100,-0.034009,0.888657,-0.111363,0.443543,8.095214,49.874317,33.860989,-0.049588,0.907123,0.022104,0.417349,6.373453,6.189251,44.103096,0.004866,0.959101,0.068334,0.274647,-8.794224,1.560929,-6.373431,-0.049588,0.907123,0.022104,0.417349,16.984623,1.567675,35.501213
848,7.066667,0.016854,0.930484,-0.048596,0.362703,-2.250617,83.853546,20.829830,0.005341,0.939301,0.019782,0.342481,-1.768771,91.048500,20.264120,0.026202,0.941512,-0.030843,0.334542,-1.827767,107.789215,20.948132,0.005487,0.956301,0.063271,0.285403,-0.560232,125.843872,20.213650,0.039995,0.963960,-0.141978,0.221415,0.053710,139.614120,20.448360,0.111726,0.881029,0.067190,0.454743,-3.693968,120.612404,18.157015,-0.037995,-0.672348,0.150103,-0.723860,-12.828675,124.809624,5.364609,-0.005741,-0.235617,-0.239255,-0.941917,-11.689061,121.083427,-16.712053,0.139937,0.003128,-0.519005,-0.843233,4.369210,130.484802,-25.858355,-0.055887,0.979175,0.006736,0.195057,1.772663,120.409897,22.613106,0.298253,0.780508,-0.002825,-0.549404,16.702757,122.147820,28.840229,-0.126576,-0.012810,0.502744,-0.855022,21.598824,111.640968,9.651775,0.029532,-0.107899,0.776655,-0.619914,11.456379,129.219284,12.713567,0.054021,0.904751,0.109731,0.408003,-8.745755,83.819244,14.861384,0.076062,0.943022,-0.015785,0.323536,-9.032824,49.896641,6.376593,0.004773,0.959111,0.068453,0.274587,-15.933040,5.535903,5.503373,-0.089442,0.921908,-0.074809,0.369444,4.244521,83.887840,26.798275,-0.033744,0.889064,-0.110691,0.442915,8.078466,49.869934,33.932693,-0.050160,0.907237,0.022331,0.417022,6.369856,6.169849,44.112782,0.004773,0.959111,0.068453,0.274587,-8.792036,1.558974,-6.376791,-0.050160,0.907237,0.022331,0.417022,16.980812,1.560424,35.504124
849,7.075000,0.016655,0.930426,-0.048814,0.362833,-2.268198,83.848518,20.906340,0.005446,0.939200,0.019827,0.342755,-1.787801,91.043266,20.336729,0.026391,0.941380,-0.031386,0.334845,-1.844193,107.783676,21.023327,0.005441,0.956244,0.060876,0.286114,-0.563407,125.836739,20.273075,0.041024,0.963067,-0.145937,0.222534,0.069113,139.607071,20.445190,0.111828,0.881107,0.066542,0.454662,-3.699525,120.605614,18.219233,-0.037346,-0.672736,0.150486,-0.723454,-12.835876,124.796249,5.425839,-0.005207,-0.236860,-0.239401,-0.941572,-11.724819,121.041428,-16.647434,0.140080,0.001440,-0.520227,-0.842461,4.308168,130.441284,-25.845253,-0.055530,0.978996,0.006087,0.196079,1.764099,120.403328,22.679022,0.299831,0.780827,-0.003355,-0.548086,16.682474,122.133461,28.936335,-0.126713,-0.012624,0.502556,-0.855115,21.601084,111.554207,9.793474,0.030661,-0.101144,0.778134,-0.619143,11.452531,129.125504,12.850049,0.054177,0.904395,0.109839,0.408741,-8.761786,83.809441,14.936233,0.076140,0.943098,-0.015044,0.323329,-9.048679,49.889694,6.440044,0.004836,0.959090,0.068638,0.274611,-15.934189,5.527964,5.503366,-0.089481,0.921810,-0.074739,0.369693,4.225390,83.887596,26.876446,-0.033464,0.889530,-0.109899,0.442197,8.061775,49.869450,34.008389,-0.051046,0.907231,0.022644,0.416909,6.370811,6.151992,44.116535,0.004836,0.959090,0.068638,0.274611,-8.792683,1.555519,-6.377999,-0.051046,0.907231,0.022644,0.416909,16.988729,1.560903,35.506660
850,7.083333,0.016400,0.930358,-0.048945,0.363002,-2.282648,83.847450,20.984451,0.005505,0.939057,0.019883,0.343141,-1.804894,91.042137,20.411819,0.026669,0.941196,-0.031986,0.335285,-1.860342,107.777092,21.100620,0.004953,0.956149,0.058371,0.286962,-0.562455,125.828255,20.333906,0.042317,0.961995,-0.150399,0.223955,0.078162,139.598907,20.437305,0.111848,0.881143,0.065942,0.454674,-3.701399,120.597961,18.282242,-0.036787,-0.673232,0.151057,-0.722902,-12.837241,124.780464,5.485825,-0.004748,-0.238144,-0.239545,-0.941214,-11.763844,120.994820,-16.584045,0.140531,0.000374,-0.520181,-0.842415,4.241956,130.393097,-25.833576,-0.055139,0.978760,0.005158,0.197389,1.757861,120.395088,22.747349,0.300817,0.781166,-0.005141,-0.547048,16.660872,122.118042,29.043133,-0.127313,-0.011715,0.502643,-0.854988,21.603889,111.456047,9.952540,0.032103,-0.094237,0.779482,-0.618463,11.458821,129.030731,12.989717,0.054240,0.904294,0.109876,0.408948,-8.774225,83.803177,15.012196,0.076232,0.943295,-0.014179,0.322773,-9.062026,49.884468,6.511883,0.004653,0.959108,0.068731,0.274531,-15.930886,5.521732,5.503289,-0.089472,0.921741,-0.074424,0.369930,4.208930,83.891724,26.956707,-0.033213,0.889825,-0.109312,0.441768,8.051193,49.870182,34.069263,-0.050960,0.907260,0.022992,0.416838,6.368515,6.139666,44.122185,0.004653,0.959108,0.068731,0.274531,-8.789381,1.553141,-6.379363,-0.050960,0.907260,0.022992,0.416838,16.985394,1.555980,35.507084
851,7.091667,0.016391,0.930182,-0.049300,0.363405,-2.311080,83.846436,21.068748,0.005879,0.938857,0.019488,0.343705,-1.831340,91.040627,20.491510,0.026811,0.940966,-0.032350,0.335882,-1.870899,107.774399,21.172112,0.005424,0.955996,0.055799,0.287974,-0.563295,125.824440,20.395548,0.042911,0.960967,-0.155005,0.225109,0.111551,139.593781,20.436352,0.111723,0.881256,0.065143,0.454602,-3.702169,120.594360,18.343235,-0.036005,-0.673783,0.151219,-0.722394,-12.841056,124.761711,5.544050,-0.004154,-0.239413,-0.239667,-0.940863,-11.803148,120.951553,-16.523298,0.140748,-0.001110,-0.520720,-0.842045,4.175441,130.345673,-25.824976,-0.054894,0.978521,0.004418,0.198657,1.751325,120.391693,22.815392,0.302117,0.781600,-0.006208,-0.545699,16.638880,122.111000,29.148642,-0.127064,-0.011344,0.502400,-0.855172,21.612848,111.371788,10.109423,0.033653,-0.088830,0.781339,-0.616835,11.458607,128.941772,13.126919,0.054024,0.904280,0.109889,0.409002,-8.797495,83.799339,15.090908,0.076467,0.943530,-0.013207,0.322071,-9.070812,49.879189,6.595871,0.004674,0.959085,0.068860,0.274576,-15.932218,5.517289,5.503278,-0.089651,0.921587,-0.073952,0.370365,4.175337,83.893539,27.046589,-0.033020,0.889987,-0.108640,0.441621,8.038093,49.869324,34.135239,-0.051340,0.907249,0.023427,0.416790,6.368592,6.124502,44.127949,0.004674,0.959085,0.068860,0.274576,-8.789465,1.551978,-6.379721,-0.051340,0.907249,0.023427,0.416790,16.989401,1.556077,35.509586
852,7.100000,0.015877,0.930085,-0.049178,0.363692,-2.321852,83.848297,21.144791,0.006292,0.938655,0.019226,0.344263,-1.849480,91.042900,20.566637,0.026552,0.940731,-0.032740,0.336524,-1.873436,107.771873,21.243532,0.006132,0.955804,0.053354,0.289057,-0.569373,125.821495,20.451441,0.043743,0.959851,-0.160029,0.226193,0.145157,139.588882,20.435051,0.111751,0.881390,0.064347,0.454447,-3.704195,120.588646,18.399969,-0.035309,-0.674309,0.151574,-0.721862,-12.847466,124.745201,5.600402,-0.003585,-0.240837,-0.239677,-0.940500,-11.846184,120.906975,-16.463774,0.140864,-0.002411,-0.521157,-0.841753,4.108379,130.295044,-25.825722,-0.054343,0.978204,0.003737,0.200375,1.743409,120.391640,22.879549,0.303539,0.782267,-0.006904,-0.543943,16.610617,122.097031,29.264143,-0.126547,-0.010858,0.501989,-0.855497,21.631771,111.282471,10.280055,0.035295,-0.083378,0.782236,-0.616368,11.462869,128.842804,13.267043,0.053991,0.904255,0.109847,0.409074,-8.804878,83.793282,15.163342,0.076665,0.943746,-0.012334,0.321426,-9.076691,49.872246,6.671798,0.004514,0.959094,0.069073,0.274495,-15.930307,5.511055,5.504146,-0.089852,0.921759,-0.073950,0.369889,4.161173,83.903313,27.126238,-0.032426,0.890658,-0.107925,0.440487,8.040502,49.881603,34.217854,-0.051415,0.907243,0.023650,0.416781,6.364829,6.119394,44.133072,0.004514,0.959094,0.069073,0.274495,-8.787447,1.552662,-6.381094,-0.051415,0.907243,0.023650,0.416781,16.986853,1.557320,35.512844
853,7.108333,0.015511,0.929956,-0.049196,0.364035,-2.342783,83.845833,21.223839,0.006531,0.938405,0.019034,0.344952,-1.875026,91.040573,20.643681,0.026781,0.940430,-0.033073,0.337314,-1.889722,107.755646,21.316744,0.006256,0.955649,0.050064,0.290153,-0.573134,125.804031,20.517239,0.044742,0.958652,-0.164970,0.227530,0.172606,139.569412,20.416862,0.111931,0.881404,0.063586,0.454484,-3.707733,120.572029,18.463268,-0.034550,-0.674906,0.151669,-0.721321,-12.848587,124.722610,5.660038,-0.002896,-0.242410,-0.239733,-0.940083,-11.884719,120.862976,-16.402063,0.140959,-0.003673,-0.521696,-0.841398,4.037126,130.242371,-25.828016,-0.054166,0.977862,0.002678,0.202101,1.732180,120.374046,22.952139,0.304378,0.782761,-0.009290,-0.542728,16.577394,122.079971,29.387558,-0.126651,-0.009391,0.502127,-0.855418,21.634897,111.171547,10.466925,0.036683,-0.078478,0.783650,-0.615133,11.468671,128.745804,13.405837,0.054077,0.904041,0.109889,0.409524,-8.821604,83.784363,15.237901,0.076754,0.943381,-0.011677,0.322496,-9.093355,49.864616,6.741180,0.004551,0.959066,0.069247,0.274549,-15.934237,5.503243,5.507533,-0.089943,0.921657,-0.073564,0.370198,4.136038,83.907303,27.209776,-0.032199,0.890793,-0.107327,0.440377,8.029031,49.882759,34.280296,-0.050456,0.907271,0.024265,0.416802,6.360299,6.107652,44.139618,0.004551,0.959066,0.069247,0.274549,-8.789929,1.549205,-6.378283,-0.050456,0.907271,0.024265,0.416802,16.975901,1.549048,35.509647
854,7.116667,0.015383,0.929842,-0.049401,0.364303,-2.365216,83.839172,21.303432,0.006527,0.938183,0.019139,0.345549,-1.897935,91.033676,20.719988,0.026897,0.940157,-0.033658,0.338006,-1.914399,107.747398,21.396240,0.006245,0.955527,0.046520,0.291143,-0.586143,125.794136,20.579191,0.046206,0.957389,-0.169999,0.228847,0.189278,139.556900,20.386946,0.112060,0.881380,0.062556,0.454641,-3.720782,120.561745,18.526287,-0.034019,-0.675418,0.151902,-0.720818,-12.856068,124.701019,5.715425,-0.002387,-0.243941,-0.239630,-0.939715,-11.926359,120.821968,-16.344742,0.140982,-0.005415,-0.522350,-0.840979,3.969291,130.190201,-25.833294,-0.053584,0.977524,0.001359,0.203896,1.712452,120.365456,23.023315,0.305775,0.783523,-0.010289,-0.540822,16.536001,122.060860,29.511244,-0.126156,-0.008441,0.501866,-0.855654,21.647898,111.069534,10.653307,0.038040,-0.073810,0.785389,-0.613408,11.472245,128.641083,13.546784,0.054023,0.903951,0.109896,0.409727,-8.840670,83.774025,15.313890,0.076895,0.943446,-0.010813,0.322303,-9.106866,49.853981,6.818188,0.004525,0.959046,0.069487,0.274556,-15.934933,5.492809,5.508644,-0.090079,0.921501,-0.073103,0.370645,4.110239,83.904320,27.292973,-0.031990,0.891129,-0.106686,0.439868,8.020644,49.876755,34.339287,-0.052463,0.907327,0.024228,0.416435,6.366371,6.088138,44.140877,0.004525,0.959046,0.069487,0.274556,-8.789561,1.545416,-6.378743,-0.052463,0.907327,0.024228,0.416435,16.993164,1.552658,35.512497
855,7.125000,0.015281,0.929730,-0.049684,0.364555,-2.390528,83.835510,21.388264,0.006329,0.937942,0.018978,0.346215,-1.922983,91.029663,20.800608,0.027262,0.939840,-0.034248,0.338800,-1.944269,107.740952,21.469379,0.006925,0.955318,0.043256,0.292317,-0.595667,125.785515,20.637907,0.047281,0.956034,-0.175637,0.230032,0.225864,139.544281,20.367140,0.112043,0.881403,0.061379,0.454762,-3.732306,120.554520,18.584509,-0.033612,-0.675796,0.152330,-0.720392,-12.864137,124.676216,5.765519,-0.002072,-0.245621,-0.239570,-0.939293,-11.963164,120.774475,-16.291840,0.140665,-0.007296,-0.523460,-0.840327,3.905382,130.136612,-25.848270,-0.052841,0.977108,0.000119,0.206077,1.693064,120.356705,23.090958,0.306622,0.784402,-0.012270,-0.539023,16.490091,122.035965,29.643307,-0.126781,-0.006738,0.501503,-0.855790,21.665798,110.955765,10.854919,0.038036,-0.068275,0.786461,-0.612676,11.473419,128.527252,13.699849,0.053914,0.903888,0.110091,0.409829,-8.862795,83.766609,15.395318,0.077083,0.943575,-0.009975,0.321908,-9.115520,49.848751,6.890512,0.004523,0.959033,0.069520,0.274595,-15.935749,5.488610,5.507383,-0.090169,0.921319,-0.072514,0.371191,4.081738,83.904419,27.381212,-0.031856,0.891023,-0.106108,0.440232,8.009269,49.871983,34.394409,-0.051359,0.907364,0.024893,0.416453,6.363381,6.071547,44.144447,0.004523,0.959033,0.069520,0.274595,-8.789338,1.542068,-6.379663,-0.051359,0.907364,0.024893,0.416453,16.982531,1.538964,35.505138
856,7.133333,0.014930,0.929590,-0.049726,0.364920,-2.411282,83.826561,21.466118,0.006375,0.937698,0.018971,0.346874,-1.948001,91.020798,20.876228,0.027237,0.939551,-0.034757,0.339550,-1.968240,107.737228,21.545496,0.007945,0.955065,0.039790,0.293605,-0.613601,125.780579,20.697466,0.048417,0.954574,-0.181473,0.231327,0.264956,139.533997,20.345974,0.111880,0.881308,0.060474,0.455106,-3.748370,120.548271,18.644545,-0.033131,-0.676219,0.152651,-0.719950,-12.871191,124.652252,5.813461,-0.001951,-0.247316,-0.239505,-0.938865,-12.000259,120.729233,-16.241329,0.140237,-0.009256,-0.523659,-0.840255,3.833512,130.082626,-25.859816,-0.052042,0.976710,-0.000974,0.208154,1.669838,120.353714,23.159739,0.308119,0.785218,-0.012967,-0.536961,16.441595,122.014305,29.773579,-0.127119,-0.005561,0.501301,-0.855866,21.675520,110.854530,11.048523,0.038412,-0.062290,0.788299,-0.610925,11.475929,128.423660,13.857618,0.053829,0.903850,0.110294,0.409870,-8.879044,83.751282,15.468389,0.077300,0.943862,-0.009191,0.321038,-9.120138,49.835911,6.953306,0.004471,0.958975,0.069802,0.274727,-15.937337,5.477426,5.503751,-0.090292,0.921196,-0.071945,0.371577,4.056480,83.901840,27.463848,-0.031650,0.891372,-0.105596,0.439664,8.004017,49.865223,34.445431,-0.052711,0.907373,0.025013,0.416258,6.368200,6.053877,44.148041,0.004471,0.958975,0.069802,0.274727,-8.786479,1.538764,-6.383234,-0.052711,0.907373,0.025013,0.416258,16.996304,1.540483,35.509697
857,7.141667,0.014663,0.929472,-0.049813,0.365221,-2.432642,83.821205,21.543880,0.006502,0.937402,0.018886,0.347675,-1.972300,91.015442,20.951563,0.027168,0.939189,-0.035195,0.340511,-1.988153,107.723083,21.619276,0.007552,0.954881,0.035716,0.294737,-0.629591,125.765457,20.756899,0.050407,0.952995,-0.187188,0.232854,0.273729,139.514084,20.297180,0.112005,0.881227,0.059692,0.455335,-3.760841,120.531586,18.702595,-0.032758,-0.676648,0.152966,-0.719497,-12.875965,124.627724,5.863542,-0.001639,-0.249087,-0.239341,-0.938439,-12.035324,120.686974,-16.189260,0.139948,-0.011058,-0.524191,-0.839950,3.765129,130.026611,-25.875450,-0.051651,0.976247,-0.002305,0.210403,1.648196,120.340637,23.228928,0.309260,0.786160,-0.014739,-0.534876,16.390644,121.997192,29.908842,-0.127943,-0.003364,0.500893,-0.855994,21.693165,110.742882,11.259827,0.037785,-0.055298,0.789303,-0.610340,11.476973,128.309921,14.006320,0.053707,0.903861,0.110284,0.409865,-8.896661,83.740692,15.542189,0.077466,0.943955,-0.008314,0.320747,-9.130380,49.824242,7.031226,0.004421,0.958956,0.070056,0.274730,-15.936831,5.466688,5.504627,-0.090364,0.921121,-0.071346,0.371859,4.031377,83.901718,27.545574,-0.031470,0.891492,-0.105175,0.439534,7.997227,49.860012,34.491867,-0.051659,0.907407,0.025729,0.416272,6.365252,6.039673,44.154430,0.004421,0.958956,0.070056,0.274730,-8.784755,1.535192,-6.383996,-0.051659,0.907407,0.025729,0.416272,16.986273,1.531087,35.504879
858,7.150000,0.014295,0.929357,-0.049766,0.365535,-2.450904,83.812988,21.623596,0.006389,0.937119,0.018882,0.348439,-1.995552,91.007439,21.030109,0.027340,0.938831,-0.035812,0.341418,-2.015424,107.716057,21.696400,0.008442,0.954580,0.032206,0.296087,-0.642597,125.756516,20.816534,0.051691,0.951364,-0.193431,0.234136,0.315218,139.498444,20.274357,0.111938,0.881089,0.059063,0.455702,-3.773542,120.522537,18.762039,-0.032437,-0.677126,0.153504,-0.718947,-12.878284,124.607635,5.912106,-0.001234,-0.250862,-0.239050,-0.938041,-12.074039,120.644257,-16.137997,0.139738,-0.012723,-0.524960,-0.839481,3.696038,129.964920,-25.893602,-0.051115,0.975732,-0.003286,0.212895,1.626636,120.332870,23.298990,0.311102,0.787100,-0.015365,-0.532403,16.336552,121.978523,30.052906,-0.128213,-0.001564,0.500638,-0.856108,21.706215,110.632896,11.478579,0.037584,-0.048369,0.790705,-0.609125,11.480980,128.199707,14.165618,0.053812,0.903605,0.110343,0.410397,-8.911065,83.726433,15.617834,0.077524,0.944095,-0.007524,0.320340,-9.144675,49.811684,7.100094,0.004117,0.958992,0.070378,0.274526,-15.934016,5.453825,5.507793,-0.090862,0.921025,-0.070649,0.372111,4.009256,83.899536,27.629358,-0.031407,0.891864,-0.104297,0.438993,8.023468,49.857224,34.544823,-0.053137,0.907484,0.025827,0.415912,6.427194,6.020030,44.136639,0.004117,0.958992,0.070378,0.274526,-8.783180,1.533300,-6.385197,-0.053137,0.907484,0.025827,0.415912,17.055061,1.531479,35.485077
859,7.158333,0.013905,0.929202,-0.049880,0.365926,-2.480555,83.810043,21.706522,0.006695,0.936806,0.018567,0.349291,-2.029591,91.004494,21.109627,0.027149,0.938457,-0.036223,0.342418,-2.036814,107.710556,21.769485,0.008809,0.954289,0.028315,0.297411,-0.664452,125.750305,20.874762,0.053496,0.949580,-0.199880,0.235550,0.337442,139.484924,20.236017,0.111869,0.880957,0.058497,0.456045,-3.790415,120.513901,18.818853,-0.031765,-0.677601,0.153602,-0.718509,-12.885468,124.588799,5.958822,-0.000345,-0.252459,-0.238954,-0.937638,-12.111438,120.605598,-16.088795,0.140087,-0.014493,-0.525815,-0.838859,3.628964,129.910339,-25.912289,-0.050251,0.975207,-0.004072,0.215476,1.600265,120.329407,23.367300,0.312441,0.788081,-0.016402,-0.530132,16.277061,121.952560,30.198278,-0.129067,0.000463,0.500352,-0.856148,21.717449,110.522820,11.696235,0.036801,-0.042040,0.793154,-0.606452,11.479858,128.091919,14.328292,0.053674,0.903509,0.110512,0.410582,-8.935865,83.715981,15.695656,0.077689,0.944302,-0.006701,0.319708,-9.154117,49.802811,7.171208,0.004128,0.958971,0.070604,0.274541,-15.934825,5.446198,5.508873,-0.091080,0.921014,-0.070029,0.372202,3.974754,83.904106,27.717388,-0.031159,0.892038,-0.103823,0.438768,8.018650,49.858459,34.599098,-0.051993,0.907528,0.026470,0.415919,6.423801,6.011009,44.144161,0.004128,0.958971,0.070604,0.274541,-8.783113,1.531640,-6.385561,-0.051993,0.907528,0.026470,0.415919,17.043413,1.524338,35.481487
860,7.166667,0.013592,0.929116,-0.049745,0.366175,-2.498740,83.799873,21.783676,0.006737,0.936458,0.018748,0.350215,-2.052537,90.994637,21.187057,0.026723,0.938018,-0.037079,0.343560,-2.061206,107.701584,21.853130,0.009745,0.953897,0.024428,0.298978,-0.691590,125.739899,20.925713,0.055286,0.947689,-0.206602,0.236950,0.370004,139.465500,20.195873,0.111853,0.880797,0.057942,0.456431,-3.811268,120.498566,18.872850,-0.031476,-0.678052,0.153930,-0.718026,-12.895000,124.564888,6.002106,0.000414,-0.254023,-0.238787,-0.937258,-12.152905,120.566299,-16.043825,0.140735,-0.015836,-0.526092,-0.838552,3.556778,129.852097,-25.930983,-0.049518,0.974618,-0.005005,0.218273,1.568683,120.324585,23.434399,0.314023,0.789413,-0.016973,-0.527189,16.208380,121.930527,30.348555,-0.129266,0.002414,0.499487,-0.856619,21.743885,110.414841,11.928199,0.035892,-0.035757,0.794405,-0.605272,11.473919,127.968742,14.490503,0.053589,0.903480,0.110613,0.410631,-8.950990,83.701317,15.769598,0.077878,0.944503,-0.005893,0.319084,-9.160483,49.789066,7.241265,0.004057,0.958945,0.070928,0.274549,-15.935111,5.434176,5.509496,-0.091128,0.921078,-0.069596,0.372112,3.953510,83.898430,27.797756,-0.030998,0.892149,-0.103268,0.438686,8.012600,49.849174,34.652607,-0.053373,0.907515,0.026703,0.415758,6.427746,5.990490,44.147575,0.004057,0.958945,0.070928,0.274549,-8.781686,1.528819,-6.386931,-0.053373,0.907515,0.026703,0.415758,17.057467,1.526182,35.485744
861,7.175000,0.013251,0.928955,-0.049825,0.366585,-2.524172,83.791565,21.860832,0.006298,0.936136,0.018762,0.351082,-2.081865,90.986343,21.261522,0.027147,0.937612,-0.037536,0.344583,-2.105079,107.692299,21.922831,0.010451,0.953560,0.019948,0.300359,-0.714378,125.728546,20.986696,0.057139,0.945739,-0.213254,0.238402,0.405611,139.443298,20.148211,0.111791,0.880549,0.057141,0.457024,-3.835055,120.489159,18.930372,-0.030790,-0.678613,0.153986,-0.717512,-12.901595,124.542023,6.043272,0.001468,-0.255373,-0.238785,-0.936891,-12.194439,120.525070,-16.000467,0.141558,-0.017538,-0.527017,-0.837798,3.489145,129.797394,-25.948221,-0.048863,0.974059,-0.006228,0.220868,1.534641,120.312500,23.503885,0.315375,0.790463,-0.019028,-0.524733,16.139353,121.905991,30.494482,-0.128949,0.004506,0.498993,-0.856947,21.752489,110.281113,12.166441,0.036489,-0.030038,0.795551,-0.604041,11.461182,127.838264,14.646509,0.053528,0.903365,0.110790,0.410843,-8.971275,83.686501,15.841347,0.077989,0.944616,-0.005160,0.318736,-9.169774,49.776527,7.303717,0.003967,0.958948,0.071172,0.274477,-15.933371,5.422455,5.509112,-0.091218,0.921013,-0.068881,0.372383,3.922931,83.896629,27.880318,-0.030880,0.892132,-0.102878,0.438819,8.004684,49.841587,34.692818,-0.052387,0.907565,0.027321,0.415735,6.424497,5.975038,44.152172,0.003967,0.958948,0.071172,0.274477,-8.780202,1.524344,-6.389844,-0.052387,0.907565,0.027321,0.415735,17.046753,1.513908,35.479557
862,7.183333,0.012918,0.928749,-0.050060,0.367087,-2.551438,83.785645,21.941238,0.006230,0.935723,0.018771,0.352181,-2.112038,90.980209,21.337252,0.026919,0.937120,-0.038021,0.345883,-2.138234,107.681908,21.997854,0.011205,0.953114,0.016110,0.301975,-0.747890,125.717270,21.044359,0.059257,0.943536,-0.220764,0.239772,0.427300,139.421555,20.115227,0.111888,0.880294,0.056192,0.457610,-3.862087,120.474960,18.985661,-0.030388,-0.679085,0.154452,-0.716983,-12.910491,124.516655,6.082313,0.002270,-0.256800,-0.238835,-0.936486,-12.238461,120.476807,-15.958344,0.142402,-0.018918,-0.527660,-0.837221,3.417175,129.740479,-25.967411,-0.047927,0.973461,-0.007297,0.223658,1.495112,120.304558,23.574041,0.316856,0.791985,-0.019274,-0.521528,16.062407,121.875809,30.647255,-0.128929,0.006341,0.497915,-0.857565,21.783951,110.173782,12.402004,0.035588,-0.024635,0.797133,-0.602250,11.451399,127.712036,14.810874,0.053462,0.903238,0.110945,0.411089,-8.992195,83.673111,15.915097,0.078134,0.944647,-0.004419,0.318618,-9.179687,49.765060,7.369574,0.003802,0.958935,0.071313,0.274489,-15.934576,5.412391,5.508741,-0.091380,0.921045,-0.068269,0.372379,3.889318,83.898178,27.967381,-0.030709,0.892296,-0.102342,0.438625,7.997642,49.839329,34.744827,-0.052393,0.907596,0.027648,0.415644,6.427114,5.961946,44.155407,0.003802,0.958935,0.071313,0.274489,-8.779205,1.519253,-6.390522,-0.052393,0.907596,0.027648,0.415644,17.048691,1.508866,35.477821
863,7.191667,0.012554,0.928636,-0.050122,0.367376,-2.572270,83.776596,22.017679,0.006332,0.935265,0.018647,0.353400,-2.137243,90.971207,21.411060,0.026677,0.936550,-0.038287,0.347415,-2.159644,107.678734,22.069178,0.011548,0.952659,0.010932,0.303626,-0.772629,125.713837,21.105877,0.061617,0.941329,-0.227581,0.241474,0.458479,139.403885,20.048050,0.111571,0.880113,0.055720,0.458091,-3.878290,120.468781,19.041281,-0.029931,-0.679602,0.154886,-0.716419,-12.914649,124.494576,6.124534,0.003048,-0.258363,-0.238874,-0.936044,-12.280160,120.431480,-15.912954,0.143080,-0.020171,-0.528151,-0.836766,3.342387,129.684464,-25.986553,-0.046935,0.972758,-0.008308,0.226868,1.464101,120.303932,23.647091,0.318196,0.793209,-0.020783,-0.518786,15.987394,121.850899,30.815491,-0.128508,0.008830,0.497140,-0.858056,21.798662,110.051094,12.661809,0.035336,-0.019190,0.798538,-0.600599,11.433457,127.589439,14.970922,0.053527,0.903044,0.111152,0.411451,-9.009445,83.657417,15.987842,0.078234,0.944606,-0.003778,0.318724,-9.191519,49.753063,7.427536,0.003809,0.958896,0.071602,0.274548,-15.936309,5.401325,5.508726,-0.091524,0.921127,-0.067837,0.372217,3.864904,83.895775,28.047518,-0.030439,0.892457,-0.101812,0.438439,7.995115,49.834667,34.800224,-0.052582,0.907593,0.028045,0.415600,6.425992,5.946091,44.158718,0.003809,0.958896,0.071602,0.274548,-8.778796,1.515875,-6.391756,-0.052582,0.907593,0.028045,0.415600,17.049641,1.505032,35.477512
864,7.200000,0.012144,0.928543,-0.049950,0.367648,-2.592646,83.770935,22.090414,0.006243,0.934846,0.018477,0.354518,-2.163860,90.965942,21.484032,0.026528,0.936015,-0.038634,0.348827,-2.187806,107.661797,22.135288,0.012407,0.952124,0.006696,0.305387,-0.800008,125.696220,21.160454,0.063561,0.938979,-0.234988,0.243021,0.493338,139.372498,20.003424,0.111597,0.879976,0.055007,0.458434,-3.898882,120.449005,19.091152,-0.029861,-0.680032,0.155412,-0.715900,-12.924838,124.465034,6.164095,0.003447,-0.259843,-0.238863,-0.935636,-12.323864,120.387093,-15.871594,0.143460,-0.021591,-0.528944,-0.836164,3.268670,129.632080,-26.003313,-0.046562,0.972051,-0.009466,0.229913,1.429751,120.288780,23.713039,0.318998,0.794767,-0.022530,-0.515827,15.908930,121.832336,30.970863,-0.128635,0.011284,0.495842,-0.858759,21.834555,109.944084,12.912101,0.034895,-0.013020,0.799684,-0.599265,11.419255,127.462807,15.130123,0.053507,0.902956,0.111315,0.411602,-9.026477,83.645889,16.057129,0.078355,0.944616,-0.003121,0.318671,-9.201117,49.743908,7.487277,0.003701,0.958871,0.071838,0.274577,-15.937376,5.393455,5.509662,-0.091809,0.921373,-0.067642,0.371575,3.841186,83.895988,28.123701,-0.030006,0.892893,-0.101229,0.437714,7.999399,49.836678,34.868301,-0.052695,0.907601,0.028460,0.415539,6.426287,5.935118,44.165005,0.003701,0.958871,0.071838,0.274577,-8.777543,1.515089,-6.391737,-0.052695,0.907601,0.028460,0.415539,17.051037,1.505581,35.479259
865,7.208333,0.011961,0.928397,-0.050029,0.368012,-2.631061,83.769783,22.165066,0.006364,0.934431,0.018077,0.355628,-2.204064,90.964737,21.556822,0.026589,0.935493,-0.038986,0.350180,-2.220237,107.644691,22.196367,0.012905,0.951587,0.002273,0.307101,-0.824529,125.678001,21.212418,0.065710,0.936488,-0.242395,0.244778,0.523417,139.339539,19.948532,0.111653,0.879834,0.054406,0.458765,-3.918911,120.430161,19.138010,-0.029429,-0.680566,0.155576,-0.715374,-12.934571,124.438904,6.201511,0.003871,-0.261317,-0.238681,-0.935270,-12.368473,120.346870,-15.832483,0.143344,-0.023224,-0.529520,-0.835776,3.200749,129.579300,-26.024956,-0.045941,0.971153,-0.010606,0.233750,1.396331,120.271805,23.775351,0.319697,0.796419,-0.024058,-0.512768,15.819493,121.804253,31.146181,-0.129090,0.014574,0.494604,-0.859355,21.866161,109.835365,13.181050,0.033742,-0.006423,0.801237,-0.597360,11.404955,127.338768,15.285375,0.053221,0.902910,0.111475,0.411696,-9.060240,83.640877,16.126904,0.078502,0.944766,-0.002332,0.318198,-9.211293,49.739262,7.555171,0.003774,0.958846,0.071993,0.274624,-15.938386,5.390498,5.509743,-0.092234,0.921463,-0.067106,0.371344,3.798117,83.898682,28.203228,-0.029681,0.893361,-0.100769,0.436887,7.999337,49.839794,34.923267,-0.052882,0.907644,0.028727,0.415405,6.426950,5.928156,44.172398,0.003774,0.958846,0.071993,0.274624,-8.777677,1.515762,-6.392310,-0.052882,0.907644,0.028727,0.415405,17.051611,1.507337,35.482109
866,7.216667,0.011451,0.928280,-0.049908,0.368340,-2.651889,83.767471,22.236389,0.005928,0.933990,0.018088,0.356792,-2.232179,90.962776,21.627186,0.026758,0.934921,-0.039484,0.351636,-2.262844,107.637726,22.261652,0.013878,0.950989,-0.002424,0.308903,-0.853561,125.669304,21.265202,0.067894,0.933960,-0.249786,0.246408,0.564202,139.313202,19.891882,0.111449,0.879703,0.053651,0.459155,-3.944538,120.421310,19.186081,-0.029235,-0.680898,0.155910,-0.714993,-12.950045,124.413132,6.237276,0.004004,-0.262994,-0.238467,-0.934854,-12.408861,120.307556,-15.794836,0.142968,-0.024710,-0.529581,-0.835759,3.129314,129.526550,-26.049974,-0.045136,0.970343,-0.011705,0.237191,1.356163,120.264206,23.840084,0.320578,0.797874,-0.026267,-0.509840,15.728974,121.779701,31.312090,-0.129456,0.017950,0.493629,-0.859796,21.884623,109.711113,13.450973,0.032665,-0.000097,0.803081,-0.594974,11.387255,127.209152,15.438500,0.053258,0.902767,0.111649,0.411959,-9.077024,83.630676,16.194094,0.078591,0.944751,-0.001716,0.318223,-9.222857,49.732048,7.610454,0.003535,0.958845,0.072117,0.274596,-15.939844,5.384317,5.510101,-0.092348,0.921534,-0.066682,0.371215,3.773246,83.904274,28.278685,-0.029469,0.893688,-0.100260,0.436349,7.993876,49.842888,34.973854,-0.054000,0.907637,0.028744,0.415275,6.430151,5.920932,44.175316,0.003535,0.958845,0.072117,0.274596,-8.777299,1.514644,-6.392497,-0.054000,0.907637,0.028744,0.415275,17.062422,1.514014,35.487267
867,7.225000,0.011266,0.928120,-0.050077,0.368725,-2.684767,83.763008,22.310781,0.006061,0.933454,0.018308,0.358178,-2.266381,90.958130,21.698517,0.026232,0.934266,-0.040047,0.353349,-2.296486,107.634689,22.341448,0.014519,0.950348,-0.007076,0.310769,-0.895984,125.665642,21.321777,0.070718,0.931231,-0.257514,0.247979,0.583179,139.291443,19.838003,0.111339,0.879432,0.052677,0.459812,-3.975875,120.412270,19.239803,-0.029232,-0.681282,0.156360,-0.714529,-12.962517,124.386536,6.272516,0.003989,-0.264612,-0.238194,-0.934467,-12.451088,120.270203,-15.758289,0.142502,-0.026349,-0.530005,-0.835520,3.059869,129.476364,-26.073742,-0.043759,0.969540,-0.013164,0.240632,1.308175,120.266129,23.913055,0.320911,0.799590,-0.028896,-0.506792,15.631463,121.749733,31.485870,-0.130143,0.022220,0.492540,-0.860217,21.916479,109.588409,13.733035,0.031556,0.006454,0.804424,-0.593181,11.381477,127.080917,15.577860,0.053150,0.902524,0.111969,0.412419,-9.104970,83.621735,16.263353,0.078712,0.944748,-0.001142,0.318206,-9.230193,49.727314,7.662800,0.003607,0.958837,0.072217,0.274596,-15.941037,5.381152,5.510341,-0.092618,0.921498,-0.066147,0.371333,3.735435,83.904282,28.358210,-0.029158,0.894093,-0.099796,0.435646,7.986573,49.841415,35.026474,-0.053001,0.907660,0.029300,0.415313,6.423443,5.909485,44.180298,0.003607,0.958837,0.072217,0.274596,-8.778866,1.513642,-6.393181,-0.053001,0.907660,0.029300,0.415313,17.049145,1.504150,35.483425
868,7.233333,0.011094,0.927944,-0.050276,0.369147,-2.719333,83.752068,22.387220,0.005738,0.933004,0.018017,0.359368,-2.301921,90.946953,21.771555,0.026545,0.933687,-0.040502,0.354800,-2.339419,107.620682,22.401403,0.015500,0.949685,-0.011834,0.312598,-0.920935,125.649712,21.372601,0.072966,0.928483,-0.265075,0.249662,0.629579,139.255142,19.778866,0.111264,0.879269,0.051876,0.460234,-3.998623,120.397308,19.284956,-0.029371,-0.681657,0.156960,-0.714034,-12.973168,124.357567,6.305014,0.003897,-0.266191,-0.237928,-0.934086,-12.493078,120.230270,-15.724447,0.142231,-0.027486,-0.529795,-0.835662,2.989691,129.423935,-26.096981,-0.043355,0.968687,-0.014721,0.244028,1.270689,120.250343,23.974794,0.322859,0.800873,-0.031036,-0.503390,15.541562,121.733833,31.645948,-0.129577,0.026296,0.491768,-0.860629,21.924416,109.440186,14.019601,0.029892,0.013322,0.804645,-0.592854,11.363552,126.939598,15.705143,0.053020,0.902392,0.112346,0.412620,-9.134110,83.606262,16.334145,0.078843,0.944772,-0.000563,0.318103,-9.238210,49.716793,7.713830,0.003506,0.958803,0.072378,0.274676,-15.943744,5.372393,5.509233,-0.092831,0.921416,-0.065551,0.371590,3.695445,83.897873,28.440294,-0.029008,0.894425,-0.099280,0.435092,7.974079,49.832283,35.076996,-0.053213,0.907678,0.029780,0.415214,6.424868,5.890340,44.184990,0.003506,0.958803,0.072378,0.274676,-8.778301,1.509887,-6.393946,-0.053213,0.907678,0.029780,0.415214,17.052010,1.499326,35.482632
869,7.241667,0.010777,0.927747,-0.050296,0.369649,-2.747964,83.746811,22.458408,0.005436,0.932526,0.018167,0.360605,-2.334361,90.941772,21.841000,0.026512,0.933088,-0.041338,0.356280,-2.383902,107.619843,22.471977,0.016077,0.948974,-0.016212,0.314528,-0.954126,125.646469,21.416805,0.075632,0.925530,-0.272702,0.251612,0.654750,139.232666,19.720181,0.111006,0.879121,0.051069,0.460668,-4.027590,120.391846,19.328485,-0.029371,-0.682015,0.157345,-0.713608,-12.991013,124.332832,6.334987,0.004111,-0.267613,-0.237632,-0.933755,-12.538239,120.196686,-15.693399,0.142156,-0.028809,-0.530085,-0.835447,2.919689,129.373398,-26.120090,-0.042446,0.967850,-0.016383,0.247380,1.226896,120.250580,24.035105,0.324559,0.802305,-0.033358,-0.499856,15.446716,121.719238,31.803312,-0.128841,0.030224,0.491054,-0.861018,21.939194,109.296608,14.307940,0.029246,0.019238,0.805652,-0.591354,11.358932,126.798203,15.835677,0.052957,0.902110,0.112531,0.413194,-9.156325,83.595207,16.398682,0.079003,0.944829,0.000069,0.317896,-9.245524,49.708176,7.768591,0.003435,0.958767,0.072506,0.274766,-15.946963,5.366006,5.507288,-0.092995,0.921410,-0.065062,0.371649,3.660397,83.898422,28.518137,-0.028806,0.894433,-0.098684,0.435225,7.962017,49.830509,35.127979,-0.053398,0.907573,0.030046,0.415401,6.418748,5.876928,44.180714,0.003435,0.958767,0.072506,0.274766,-8.778337,1.507404,-6.395242,-0.053398,0.907573,0.030046,0.415401,17.051897,1.494929,35.481148
870,7.250000,0.010424,0.927559,-0.050260,0.370134,-2.775723,83.743141,22.530561,0.005247,0.932088,0.017905,0.361752,-2.366734,90.938263,21.911959,0.026244,0.932545,-0.041809,0.357664,-2.419710,107.600769,22.531845,0.016337,0.948309,-0.020772,0.316246,-0.991348,125.626480,21.459410,0.078906,0.922515,-0.280104,0.253540,0.668908,139.192230,19.652254,0.111265,0.878878,0.050573,0.461125,-4.057389,120.368614,19.368372,-0.029254,-0.682433,0.157601,-0.713156,-13.005220,124.309448,6.364089,0.004442,-0.268918,-0.237347,-0.933450,-12.581656,120.165253,-15.663363,0.142161,-0.030220,-0.530550,-0.835101,2.853374,129.324310,-26.140881,-0.042196,0.966895,-0.018395,0.250990,1.183360,120.234276,24.090487,0.326475,0.803955,-0.035062,-0.495824,15.345335,121.712097,31.961941,-0.127095,0.033705,0.489862,-0.861827,21.961891,109.164558,14.602716,0.029032,0.024456,0.806369,-0.590193,11.341827,126.657883,15.965137,0.052772,0.902063,0.112775,0.413254,-9.177881,83.585518,16.464434,0.079162,0.944914,0.000680,0.317603,-9.247727,49.700970,7.824451,0.003515,0.958771,0.072712,0.274697,-15.945879,5.361110,5.508862,-0.093006,0.921206,-0.064448,0.372259,3.626436,83.900764,28.596691,-0.028936,0.894255,-0.098196,0.435692,7.940602,49.827423,35.170261,-0.053309,0.907637,0.030507,0.415239,6.422240,5.865890,44.188492,0.003515,0.958771,0.072712,0.274697,-8.779113,1.507501,-6.396409,-0.053309,0.907637,0.030507,0.415239,17.052874,1.494013,35.480759
871,7.258333,0.009994,0.927352,-0.050184,0.370676,-2.805561,83.740913,22.605200,0.005494,0.931576,0.017519,0.363082,-2.402380,90.936272,21.985554,0.025407,0.931930,-0.042296,0.359267,-2.443915,107.612923,22.596886,0.017101,0.947461,-0.024922,0.318440,-1.035615,125.638710,21.499578,0.081978,0.919245,-0.287937,0.255657,0.687500,139.183777,19.598576,0.110815,0.878706,0.050031,0.461619,-4.087768,120.373390,19.406982,-0.029114,-0.682701,0.158092,-0.712797,-13.024023,124.293388,6.388447,0.004558,-0.270240,-0.237120,-0.933126,-12.623778,120.132111,-15.636222,0.142022,-0.031502,-0.530483,-0.835120,2.784181,129.276459,-26.161194,-0.041302,0.966111,-0.019431,0.254058,1.137370,120.253693,24.146753,0.328052,0.805553,-0.037258,-0.492013,15.251355,121.712730,32.107399,-0.125124,0.036637,0.488387,-0.862832,21.990377,109.042358,14.885049,0.029898,0.030160,0.807105,-0.588879,11.317652,126.519249,16.095335,0.052758,0.901906,0.113048,0.413525,-9.200793,83.576248,16.531961,0.079242,0.944901,0.001248,0.317618,-9.259148,49.695900,7.875448,0.003284,0.958759,0.072846,0.274706,-15.947814,5.357277,5.509302,-0.093233,0.921071,-0.064116,0.372593,3.589671,83.905579,28.678438,-0.028822,0.894240,-0.097444,0.435900,7.924737,49.832199,35.238094,-0.054602,0.907618,0.030575,0.415107,6.424759,5.856863,44.191872,0.003284,0.958759,0.072846,0.274706,-8.778353,1.508949,-6.396050,-0.054602,0.907618,0.030575,0.415107,17.064596,1.502284,35.486717
872,7.266667,0.009629,0.927150,-0.050028,0.371210,-2.837000,83.739632,22.674908,0.005244,0.931133,0.017343,0.364229,-2.439193,90.935318,22.055613,0.025435,0.931375,-0.042939,0.360625,-2.487090,107.604134,22.658083,0.018241,0.946629,-0.029647,0.320440,-1.067888,125.627899,21.541552,0.084515,0.916210,-0.294964,0.257707,0.732477,139.147705,19.535164,0.110919,0.878537,0.049238,0.462002,-4.116220,120.361160,19.446924,-0.029067,-0.683035,0.158545,-0.712378,-13.040217,124.272224,6.417297,0.004777,-0.271518,-0.236858,-0.932820,-12.666866,120.098457,-15.605482,0.142006,-0.032839,-0.530866,-0.834828,2.718721,129.227600,-26.179510,-0.040554,0.965160,-0.021485,0.257603,1.095106,120.245377,24.201979,0.329717,0.807173,-0.038657,-0.488123,15.152062,121.699097,32.263866,-0.123101,0.039975,0.486894,-0.863819,22.012972,108.920525,15.170045,0.029989,0.035768,0.808502,-0.586640,11.289371,126.380661,16.212641,0.052586,0.901812,0.113268,0.413692,-9.225371,83.569511,16.594597,0.079370,0.945000,0.001848,0.317288,-9.264838,49.691376,7.929283,0.003239,0.958758,0.072968,0.274680,-15.948025,5.354744,5.510820,-0.093479,0.920872,-0.063725,0.373090,3.551371,83.909760,28.755219,-0.028713,0.894232,-0.096799,0.436067,7.908989,49.836102,35.298473,-0.054502,0.907623,0.031004,0.415077,6.424089,5.848947,44.196541,0.003239,0.958758,0.072968,0.274680,-8.778465,1.510026,-6.395646,-0.054502,0.907623,0.031004,0.415077,17.063713,1.503699,35.486458
873,7.275000,0.009422,0.926905,-0.050127,0.371814,-2.870459,83.736824,22.744522,0.005129,0.930665,0.017419,0.365420,-2.474487,90.932426,22.123043,0.025125,0.930810,-0.043728,0.362007,-2.527661,107.597824,22.726297,0.019394,0.945786,-0.034663,0.322352,-1.106914,125.619675,21.581232,0.087333,0.913158,-0.301871,0.259594,0.773565,139.111374,19.462378,0.111076,0.878338,0.048185,0.462454,-4.148628,120.348846,19.487280,-0.028928,-0.683516,0.158722,-0.711882,-13.057918,124.248566,6.444191,0.005092,-0.272562,-0.236538,-0.932595,-12.716581,120.069038,-15.578020,0.142043,-0.033994,-0.531160,-0.834588,2.652089,129.180038,-26.193279,-0.040553,0.964188,-0.023315,0.261064,1.048824,120.242218,24.257710,0.331763,0.808564,-0.040756,-0.484249,15.047375,121.712585,32.417614,-0.120327,0.043255,0.485579,-0.864791,22.016493,108.800415,15.468582,0.030784,0.041155,0.810063,-0.584086,11.250670,126.246452,16.331406,0.052538,0.901594,0.113430,0.414128,-9.250978,83.562096,16.656103,0.079425,0.944891,0.002440,0.317595,-9.278483,49.686172,7.982106,0.003164,0.958745,0.073107,0.274687,-15.948637,5.350554,5.509731,-0.093662,0.920707,-0.063253,0.373531,3.510062,83.911552,28.832943,-0.028649,0.894280,-0.096172,0.436113,7.888727,49.836102,35.352741,-0.054847,0.907597,0.031264,0.415069,6.422978,5.837753,44.198505,0.003164,0.958745,0.073107,0.274687,-8.777842,1.510108,-6.397369,-0.054847,0.907597,0.031264,0.415069,17.066282,1.503125,35.487621
874,7.283333,0.009194,0.926644,-0.050200,0.372459,-2.905979,83.732719,22.813314,0.005172,0.930171,0.017540,0.366671,-2.512246,90.928276,22.189909,0.024591,0.930215,-0.044707,0.363450,-2.566378,107.600128,22.797607,0.020340,0.944909,-0.039528,0.324300,-1.149017,125.619804,21.614775,0.090595,0.910036,-0.308523,0.261611,0.805464,139.083282,19.386202,0.110955,0.878141,0.047663,0.462909,-4.182390,120.342926,19.523954,-0.028917,-0.683857,0.159294,-0.711428,-13.078827,124.231323,6.468725,0.005238,-0.273592,-0.236251,-0.932365,-12.766522,120.036903,-15.551075,0.142203,-0.035233,-0.531217,-0.834473,2.586953,129.134140,-26.206768,-0.040062,0.963259,-0.024869,0.264404,1.000664,120.249428,24.310293,0.333388,0.809721,-0.043935,-0.480911,14.943379,121.719086,32.565361,-0.118204,0.047051,0.484374,-0.865561,22.008497,108.668304,15.762872,0.031003,0.046842,0.811345,-0.581862,11.207572,126.103546,16.441412,0.052518,0.901288,0.113695,0.414723,-9.278098,83.553162,16.716246,0.079482,0.944831,0.002926,0.317755,-9.290827,49.681301,8.026355,0.003185,0.958714,0.073208,0.274769,-15.951493,5.346733,5.509991,-0.093821,0.920629,-0.062769,0.373764,3.466139,83.912277,28.910383,-0.028593,0.894527,-0.095591,0.435736,7.866140,49.834637,35.404343,-0.054907,0.907610,0.031621,0.415006,6.422512,5.825975,44.202347,0.003185,0.958714,0.073208,0.274769,-8.778652,1.508801,-6.396684,-0.054907,0.907610,0.031621,0.415006,17.066189,1.500846,35.487206
875,7.291667,0.008887,0.926422,-0.050150,0.373027,-2.935488,83.727196,22.880407,0.004860,0.929724,0.017447,0.367811,-2.545751,90.922905,22.256250,0.024438,0.929663,-0.045341,0.364792,-2.609197,107.598518,22.857298,0.021446,0.943966,-0.044729,0.326293,-1.186926,125.616394,21.653185,0.093637,0.906890,-0.314851,0.263915,0.849139,139.048035,19.308462,0.110900,0.878080,0.046719,0.463134,-4.214772,120.336830,19.561136,-0.028614,-0.684130,0.159336,-0.711168,-13.104832,124.209557,6.496899,0.005685,-0.274621,-0.236051,-0.932111,-12.809856,120.006706,-15.521538,0.142238,-0.036282,-0.531486,-0.834251,2.524152,129.088379,-26.218569,-0.039968,0.962268,-0.026354,0.267861,0.954597,120.249641,24.362375,0.334710,0.810850,-0.047129,-0.477777,14.837694,121.730789,32.715290,-0.116210,0.050904,0.483160,-0.866291,21.997929,108.552811,16.052912,0.031356,0.052317,0.813868,-0.577840,11.162100,125.977371,16.547737,0.052520,0.900983,0.113899,0.415330,-9.300242,83.542404,16.775805,0.079566,0.944864,0.003484,0.317630,-9.301191,49.673820,8.073171,0.003169,0.958689,0.073352,0.274817,-15.953276,5.340758,5.507946,-0.093847,0.920511,-0.062370,0.374115,3.429268,83.911980,28.985008,-0.028601,0.894688,-0.094972,0.435542,7.839128,49.831200,35.455757,-0.055222,0.907622,0.031881,0.414917,6.422431,5.812004,44.205292,0.003169,0.958689,0.073352,0.274817,-8.778732,1.506796,-6.398989,-0.055222,0.907622,0.031881,0.414917,17.067957,1.497040,35.487362
876,7.300000,0.008585,0.926185,-0.050147,0.373622,-2.968589,83.724106,22.948252,0.004602,0.929269,0.017070,0.368981,-2.582514,90.919891,22.322756,0.024361,0.929101,-0.045826,0.366167,-2.650051,107.595406,22.908823,0.021997,0.943094,-0.049937,0.328017,-1.222188,125.611816,21.689516,0.097478,0.903726,-0.320828,0.266170,0.880662,139.011353,19.223240,0.110774,0.878034,0.045829,0.463342,-4.244483,120.330345,19.594265,-0.028345,-0.684321,0.159493,-0.710960,-13.129198,124.186195,6.521411,0.005936,-0.275586,-0.235947,-0.931851,-12.848207,119.971786,-15.494998,0.142135,-0.037285,-0.531690,-0.834094,2.467871,129.045013,-26.230352,-0.040183,0.961300,-0.027885,0.271128,0.910756,120.247742,24.410751,0.336747,0.812097,-0.049179,-0.474006,14.735992,121.750679,32.855232,-0.113334,0.054303,0.481661,-0.867300,21.995804,108.444176,16.338737,0.031406,0.057849,0.815492,-0.575013,11.115150,125.845421,16.646399,0.052506,0.900704,0.114178,0.415859,-9.325595,83.533844,16.835751,0.079620,0.944804,0.003956,0.317790,-9.312358,49.669601,8.116255,0.002958,0.958679,0.073406,0.274841,-15.955075,5.337638,5.508270,-0.094011,0.920446,-0.061953,0.374302,3.388417,83.914360,29.060751,-0.028527,0.894897,-0.094370,0.435246,7.818437,49.832108,35.509914,-0.055219,0.907638,0.032198,0.414859,6.422391,5.802300,44.209206,0.002958,0.958679,0.073406,0.274841,-8.777893,1.506642,-6.398022,-0.055219,0.907638,0.032198,0.414859,17.067696,1.495057,35.487194
877,7.308333,0.008366,0.925950,-0.050186,0.374204,-3.002005,83.723129,23.017662,0.004542,0.928818,0.016843,0.370127,-2.618265,90.918915,22.390703,0.023793,0.928554,-0.046472,0.367507,-2.685611,107.596252,22.968969,0.021600,0.942199,-0.054921,0.329814,-1.266494,125.611496,21.722439,0.102159,0.900150,-0.326903,0.269125,0.877601,138.981110,19.132477,0.110678,0.878086,0.044669,0.463379,-4.279327,120.324348,19.627874,-0.028120,-0.684388,0.159566,-0.710887,-13.163611,124.160240,6.548856,0.006104,-0.276653,-0.235759,-0.931581,-12.887801,119.937241,-15.465970,0.141739,-0.038000,-0.531551,-0.834218,2.410449,129.000153,-26.243294,-0.040008,0.960264,-0.029572,0.274625,0.862422,120.253586,24.458946,0.338267,0.813303,-0.052111,-0.470530,14.626016,121.767975,33.001511,-0.111022,0.058529,0.480381,-0.868034,21.987032,108.333679,16.633936,0.031582,0.063581,0.816512,-0.572947,11.076868,125.715614,16.737829,0.052457,0.900418,0.114456,0.416408,-9.351405,83.528481,16.897402,0.079697,0.944839,0.004477,0.317659,-9.321571,49.668320,8.162092,0.002864,0.958679,0.073449,0.274829,-15.956235,5.337840,5.508677,-0.094376,0.920398,-0.061764,0.374362,3.347396,83.917770,29.137924,-0.028247,0.895214,-0.093637,0.434771,7.805283,49.838688,35.584660,-0.055135,0.907644,0.032623,0.414824,6.420210,5.795062,44.215508,0.002864,0.958679,0.073449,0.274829,-8.778373,1.508670,-6.397794,-0.055135,0.907644,0.032623,0.414824,17.065313,1.497264,35.488594
878,7.316667,0.007995,0.925677,-0.050084,0.374899,-3.033611,83.721809,23.085585,0.004454,0.928356,0.016444,0.371301,-2.654919,90.917831,22.458252,0.023204,0.928008,-0.046966,0.368860,-2.720792,107.597061,23.023029,0.022236,0.941305,-0.059720,0.331488,-1.313080,125.611641,21.754097,0.106833,0.896793,-0.332834,0.271238,0.896913,138.948807,19.054546,0.110473,0.878015,0.043795,0.463646,-4.315578,120.318916,19.658762,-0.027997,-0.684500,0.159850,-0.710721,-13.193279,124.135880,6.569742,0.006103,-0.277512,-0.235577,-0.931372,-12.928375,119.901344,-15.443009,0.141429,-0.038758,-0.531374,-0.834349,2.353047,128.954559,-26.250702,-0.039616,0.959204,-0.031667,0.278130,0.812509,120.259521,24.504486,0.339695,0.814567,-0.055052,-0.466966,14.514072,121.782623,33.144661,-0.109027,0.063164,0.479077,-0.868682,21.981504,108.223747,16.928713,0.030515,0.068242,0.817478,-0.571088,11.043207,125.587845,16.820633,0.052470,0.900126,0.114678,0.416977,-9.373935,83.521118,16.956114,0.079739,0.944883,0.004989,0.317510,-9.332798,49.664608,8.206693,0.002749,0.958678,0.073567,0.274805,-15.956820,5.335167,5.509634,-0.094502,0.920358,-0.060875,0.374572,3.306712,83.922508,29.215055,-0.028270,0.895117,-0.093371,0.435026,7.794845,49.837467,35.609100,-0.055302,0.907640,0.032879,0.414789,6.419607,5.789497,44.219303,0.002749,0.958678,0.073567,0.274805,-8.778182,1.510026,-6.397668,-0.055302,0.907640,0.032879,0.414789,17.066265,1.500045,35.490181
879,7.325000,0.007443,0.925453,-0.049884,0.375491,-3.052346,83.715973,23.150162,0.004029,0.927901,0.016403,0.372444,-2.681734,90.912415,22.522745,0.022535,0.927447,-0.047708,0.370215,-2.760962,107.600067,23.081161,0.024178,0.940131,-0.064381,0.333802,-1.363928,125.613197,21.780449,0.110785,0.893366,-0.338708,0.273682,0.947101,138.914413,18.989599,0.110198,0.877931,0.042825,0.463960,-4.356286,120.313942,19.687138,-0.028025,-0.684610,0.160079,-0.710562,-13.226483,124.108551,6.586537,0.006081,-0.278197,-0.235305,-0.931236,-12.971674,119.868866,-15.425335,0.141159,-0.039385,-0.531255,-0.834441,2.298556,128.909897,-26.257202,-0.039584,0.958401,-0.033054,0.280729,0.758099,120.268250,24.547466,0.341902,0.815763,-0.057259,-0.462985,14.412482,121.804657,33.259670,-0.106058,0.067157,0.477892,-0.869403,21.978453,108.110870,17.203554,0.029739,0.072106,0.818819,-0.568729,11.014487,125.457237,16.887569,0.052666,0.899898,0.114858,0.417395,-9.384968,83.507034,17.013010,0.079792,0.944742,0.005418,0.317911,-9.346725,49.654865,8.246829,0.002737,0.958635,0.073876,0.274872,-15.961803,5.326587,5.509115,-0.094509,0.920233,-0.060645,0.374915,3.280277,83.924911,29.287312,-0.028225,0.895118,-0.092696,0.435171,7.772645,49.838017,35.668453,-0.055364,0.907633,0.033330,0.414761,6.418956,5.778542,44.223034,0.002737,0.958635,0.073876,0.274872,-8.780611,1.509792,-6.399319,-0.055364,0.907633,0.033330,0.414761,17.066914,1.500967,35.489674
880,7.333333,0.007139,0.925193,-0.049897,0.376134,-3.084399,83.712097,23.213360,0.003881,0.927494,0.016230,0.373465,-2.717344,90.908585,22.584364,0.022106,0.926951,-0.048606,0.371364,-2.799656,107.599533,23.135572,0.024841,0.939095,-0.068584,0.335827,-1.403358,125.610229,21.800713,0.115255,0.889697,-0.344511,0.276526,0.971136,138.880615,18.917938,0.109954,0.877915,0.041974,0.464126,-4.389509,120.305969,19.711220,-0.027621,-0.684762,0.160071,-0.710434,-13.256439,124.080933,6.602733,0.006526,-0.278612,-0.235309,-0.931108,-13.010790,119.830238,-15.407123,0.141336,-0.039829,-0.531591,-0.834176,2.250792,128.865494,-26.258648,-0.039739,0.957346,-0.035350,0.284008,0.713126,120.271515,24.583979,0.344133,0.816907,-0.060090,-0.458938,14.306858,121.836136,33.385551,-0.102360,0.071537,0.476444,-0.870291,21.971462,107.995239,17.503309,0.029120,0.075982,0.819830,-0.566796,10.975821,125.315407,16.949800,0.052671,0.899531,0.115141,0.418105,-9.408577,83.497513,17.067701,0.079872,0.944684,0.005825,0.318054,-9.355289,49.649933,8.283886,0.002633,0.958611,0.073924,0.274942,-15.965067,5.323216,5.508321,-0.094620,0.920010,-0.060285,0.375492,3.239778,83.926689,29.359018,-0.028171,0.895239,-0.092051,0.435062,7.744797,49.838211,35.722767,-0.056078,0.907603,0.033182,0.414742,6.413094,5.767760,44.224106,0.002633,0.958611,0.073924,0.274942,-8.781133,1.508424,-6.399103,-0.056078,0.907603,0.033182,0.414742,17.066574,1.495224,35.495010
881,7.341667,0.007258,0.924877,-0.050159,0.376875,-3.139317,83.714424,23.274967,0.004111,0.927090,0.015786,0.374484,-2.768733,90.910507,22.643431,0.021570,0.926478,-0.049481,0.372457,-2.838964,107.599686,23.183632,0.025621,0.938051,-0.072695,0.337816,-1.447332,125.608124,21.813892,0.119754,0.886085,-0.349994,0.279314,0.992936,138.847107,18.842970,0.109629,0.877915,0.040995,0.464291,-4.426422,120.298157,19.728796,-0.027411,-0.684905,0.160287,-0.710255,-13.290689,124.049248,6.611660,0.006949,-0.278728,-0.235283,-0.931077,-13.056931,119.786682,-15.396023,0.141851,-0.040133,-0.531987,-0.833821,2.204218,128.816757,-26.257076,-0.039364,0.956350,-0.037663,0.287099,0.665067,120.276222,24.613272,0.346058,0.818142,-0.062555,-0.454945,14.202314,121.853050,33.499317,-0.099132,0.075755,0.475028,-0.871081,21.970966,107.882950,17.781595,0.028342,0.079406,0.820798,-0.564961,10.945251,125.176048,17.006077,0.052439,0.899012,0.115409,0.419175,-9.453628,83.499359,17.119190,0.079912,0.944542,0.006281,0.318458,-9.367359,49.654381,8.325608,0.002588,0.958614,0.073726,0.274987,-15.966280,5.328739,5.507356,-0.095048,0.919803,-0.059808,0.375967,3.174994,83.929489,29.430744,-0.028149,0.895490,-0.091413,0.434682,7.716689,49.842682,35.777336,-0.056069,0.907623,0.033353,0.414686,6.411930,5.761609,44.227608,0.002588,0.958614,0.073726,0.274987,-8.781375,1.508931,-6.397873,-0.056069,0.907623,0.033353,0.414686,17.064745,1.493143,35.495712
882,7.350000,0.007070,0.924655,-0.050298,0.377402,-3.179250,83.710419,23.338396,0.003787,0.926700,0.015474,0.375465,-2.810062,90.906334,22.704189,0.021119,0.925969,-0.050622,0.373594,-2.886979,107.599258,23.230707,0.026627,0.936987,-0.076370,0.339874,-1.493373,125.604248,21.818382,0.124241,0.882513,-0.355293,0.281962,1.015115,138.813538,18.773066,0.109409,0.877825,0.040461,0.464559,-4.467080,120.288757,19.739714,-0.026797,-0.684961,0.160507,-0.710174,-13.324809,124.025551,6.614085,0.007511,-0.278751,-0.235520,-0.931006,-13.097702,119.737778,-15.388770,0.142536,-0.040294,-0.532079,-0.833638,2.153859,128.767181,-26.252274,-0.039115,0.955413,-0.039571,0.289985,0.612705,120.279671,24.636396,0.347513,0.819485,-0.066010,-0.450912,14.096393,121.869072,33.601273,-0.096327,0.080341,0.473225,-0.871966,21.983597,107.766113,18.062262,0.027069,0.083010,0.821299,-0.563777,10.914272,125.025665,17.057751,0.052351,0.898689,0.115756,0.419783,-9.486585,83.490875,17.175631,0.079972,0.944522,0.006712,0.318493,-9.378489,49.650867,8.363167,0.002606,0.958589,0.073807,0.275049,-15.969976,5.326584,5.506486,-0.095290,0.919561,-0.059376,0.376567,3.128083,83.929970,29.501162,-0.028119,0.895525,-0.090783,0.434745,7.692633,49.842785,35.829350,-0.056265,0.907601,0.033573,0.414689,6.409681,5.751246,44.228241,0.002606,0.958589,0.073807,0.275049,-8.783505,1.508781,-6.398438,-0.056265,0.907601,0.033573,0.414689,17.064911,1.490629,35.495461
883,7.358333,0.006782,0.924441,-0.050360,0.377924,-3.214882,83.708191,23.402792,0.003423,0.926329,0.014945,0.376404,-2.848850,90.904076,22.766384,0.020700,0.925488,-0.051436,0.374696,-2.930954,107.601181,23.272007,0.028171,0.935791,-0.080768,0.342022,-1.538684,125.603798,21.828423,0.128065,0.879183,-0.359930,0.284756,1.058863,138.775604,18.696672,0.109080,0.877786,0.039368,0.464804,-4.506192,120.283554,19.753038,-0.026464,-0.684857,0.161071,-0.710160,-13.358843,123.994614,6.616686,0.007813,-0.278762,-0.235817,-0.930925,-13.133438,119.678604,-15.380663,0.143188,-0.040355,-0.532210,-0.833439,2.110644,128.714386,-26.245722,-0.038712,0.954466,-0.042342,0.292752,0.562205,120.285179,24.661520,0.349129,0.820830,-0.069033,-0.446745,13.994436,121.890816,33.700447,-0.093179,0.084481,0.471340,-0.872937,21.998863,107.659210,18.339693,0.026265,0.086994,0.822171,-0.561940,10.883583,124.876907,17.115133,0.052324,0.898397,0.116022,0.420337,-9.515339,83.483032,17.233198,0.079988,0.944491,0.007195,0.318569,-9.392168,49.647148,8.405128,0.002710,0.958580,0.073950,0.275042,-15.970961,5.323696,5.506493,-0.095417,0.919373,-0.059043,0.377045,3.085575,83.933350,29.572386,-0.028151,0.895499,-0.090114,0.434935,7.663842,49.845089,35.884861,-0.056261,0.907602,0.033937,0.414659,6.407982,5.742845,44.231461,0.002710,0.958580,0.073950,0.275042,-8.785229,1.508992,-6.399872,-0.056261,0.907602,0.033937,0.414659,17.063623,1.491153,35.494839
884,7.366667,0.006426,0.924173,-0.050406,0.378579,-3.253602,83.707367,23.465431,0.003190,0.925918,0.014428,0.377436,-2.891626,90.903252,22.826721,0.020345,0.924974,-0.052333,0.375859,-2.974979,107.602242,23.313343,0.029454,0.934638,-0.084569,0.344140,-1.580627,125.602020,21.836693,0.131904,0.875803,-0.364641,0.287414,1.094092,138.740646,18.631386,0.108684,0.877741,0.038590,0.465048,-4.542578,120.277321,19.764795,-0.025756,-0.684929,0.161275,-0.710070,-13.390686,123.965416,6.618918,0.008378,-0.278553,-0.236084,-0.930915,-13.172685,119.621948,-15.373103,0.143993,-0.040420,-0.532083,-0.833379,2.070040,128.660889,-26.234896,-0.039194,0.953622,-0.043595,0.295244,0.513709,120.289337,24.685736,0.350963,0.822048,-0.072110,-0.442563,13.897042,121.924377,33.791679,-0.089947,0.088399,0.469571,-0.873841,22.010666,107.558022,18.614746,0.025589,0.091143,0.822897,-0.560248,10.854508,124.733566,17.177309,0.052211,0.898096,0.116191,0.420948,-9.545396,83.475487,17.287251,0.080037,0.944613,0.007767,0.318181,-9.404127,49.641514,8.452151,0.002297,0.958585,0.074063,0.274999,-15.971863,5.319545,5.506207,-0.095691,0.919267,-0.058750,0.377280,3.038193,83.939247,29.643610,-0.028146,0.895339,-0.089413,0.435410,7.640112,49.852245,35.945648,-0.056292,0.907590,0.034194,0.414660,6.407005,5.738673,44.235569,0.002297,0.958585,0.074063,0.274999,-8.783141,1.510896,-6.400292,-0.056292,0.907590,0.034194,0.414660,17.063662,1.493712,35.496910
885,7.375000,0.006017,0.923973,-0.050302,0.379088,-3.287097,83.706100,23.520840,0.002824,0.925510,0.014150,0.378448,-2.930809,90.902206,22.881462,0.019975,0.924443,-0.053289,0.377050,-3.022494,107.603928,23.354847,0.030399,0.933539,-0.088232,0.346116,-1.625596,125.600586,21.843016,0.135929,0.872475,-0.369059,0.290012,1.116124,138.707275,18.564310,0.108537,0.877697,0.036751,0.465313,-4.581958,120.271240,19.775105,-0.025424,-0.684966,0.161640,-0.709963,-13.423059,123.927483,6.615618,0.008621,-0.278245,-0.236167,-0.930983,-13.212578,119.562996,-15.372321,0.144510,-0.040344,-0.531990,-0.833352,2.033393,128.601837,-26.223818,-0.039132,0.952919,-0.045318,0.297256,0.461888,120.294189,24.708757,0.352314,0.822939,-0.076258,-0.439125,13.806595,121.945930,33.868225,-0.087397,0.092167,0.468052,-0.874525,22.013527,107.445129,18.870371,0.025469,0.095444,0.823654,-0.558423,10.824553,124.587021,17.240221,0.052256,0.897803,0.116268,0.421546,-9.572176,83.467766,17.336071,0.080007,0.944488,0.008251,0.318549,-9.425550,49.635372,8.494988,0.002126,0.958564,0.074192,0.275038,-15.975672,5.313659,5.506317,-0.095805,0.919034,-0.058541,0.377851,2.997982,83.944435,29.705608,-0.028240,0.895040,-0.088736,0.436156,7.608840,49.857235,36.000034,-0.056165,0.907553,0.034474,0.414734,6.403057,5.733311,44.238716,0.002126,0.958564,0.074192,0.275038,-8.784101,1.509699,-6.399963,-0.056165,0.907553,0.034474,0.414734,17.060814,1.493812,35.498741
886,7.383333,0.005726,0.923783,-0.050327,0.379551,-3.324173,83.704758,23.573711,0.002518,0.925121,0.013674,0.379419,-2.971313,90.900879,22.932590,0.019770,0.923927,-0.054138,0.378202,-3.066935,107.601593,23.387251,0.031760,0.932352,-0.091688,0.348287,-1.663440,125.595245,21.846018,0.139247,0.869243,-0.373318,0.292678,1.155016,138.669708,18.504337,0.108331,0.877618,0.036003,0.465570,-4.615555,120.262589,19.780563,-0.025175,-0.684876,0.162675,-0.709823,-13.450328,123.901657,6.612061,0.008807,-0.277966,-0.236266,-0.931040,-13.249371,119.497505,-15.368062,0.145167,-0.040228,-0.532130,-0.833154,2.003635,128.540176,-26.213051,-0.039164,0.952082,-0.047212,0.299628,0.416133,120.293770,24.726574,0.353787,0.823802,-0.080206,-0.435606,13.714689,121.967384,33.948986,-0.084823,0.096015,0.466881,-0.874991,22.013020,107.333504,19.131767,0.026017,0.099812,0.824432,-0.556482,10.805344,124.451187,17.307455,0.052158,0.897521,0.116440,0.422111,-9.603128,83.461090,17.382931,0.080030,0.944525,0.008718,0.318421,-9.439655,49.630787,8.534162,0.002401,0.958526,0.074367,0.275120,-15.978789,5.310124,5.506106,-0.095965,0.918791,-0.058231,0.378448,2.954782,83.948425,29.764492,-0.028305,0.894883,-0.088104,0.436603,7.580098,49.860851,36.046284,-0.056330,0.907489,0.034643,0.414839,6.400402,5.727211,44.236584,0.002401,0.958526,0.074367,0.275120,-8.787271,1.508819,-6.401056,-0.056330,0.907489,0.034643,0.414839,17.062090,1.494042,35.498333
887,7.391667,0.005508,0.923552,-0.050602,0.380080,-3.370321,83.701233,23.633095,0.002161,0.924774,0.012905,0.380292,-3.018509,90.896980,22.987314,0.019588,0.923485,-0.054777,0.379199,-3.115794,107.594658,23.413483,0.033135,0.931233,-0.095353,0.350164,-1.707944,125.586044,21.849951,0.142913,0.866184,-0.377056,0.295180,1.188287,138.625717,18.439604,0.108248,0.877460,0.035545,0.465921,-4.655962,120.250656,19.785704,-0.024629,-0.684686,0.163636,-0.709804,-13.480693,123.880257,6.607871,0.009243,-0.277677,-0.236417,-0.931084,-13.282174,119.428658,-15.362705,0.145898,-0.039992,-0.532217,-0.832982,1.975446,128.473236,-26.202017,-0.039193,0.951212,-0.049473,0.302015,0.365163,120.288506,24.742384,0.355032,0.824806,-0.084304,-0.431904,13.616914,121.987793,34.027248,-0.082101,0.099780,0.465000,-0.875830,22.019651,107.225883,19.397060,0.025500,0.103771,0.824491,-0.555694,10.771656,124.291901,17.375679,0.052013,0.897216,0.116721,0.422699,-9.642227,83.451668,17.435413,0.080008,0.944585,0.009208,0.318235,-9.455445,49.624893,8.573619,0.002136,0.958544,0.074421,0.275044,-15.979261,5.304700,5.505935,-0.096126,0.918569,-0.057729,0.379022,2.901585,83.950790,29.830778,-0.028478,0.894683,-0.087516,0.437119,7.546679,49.861317,36.087563,-0.056374,0.907479,0.034843,0.414838,6.399324,5.719292,44.237144,0.002136,0.958544,0.074421,0.275044,-8.787025,1.506833,-6.401885,-0.056374,0.907479,0.034843,0.414838,17.061937,1.491609,35.497372
888,7.400000,0.005231,0.923378,-0.050772,0.380484,-3.410020,83.696159,23.687580,0.001812,0.924416,0.012355,0.381182,-3.060684,90.891716,23.038166,0.019379,0.922985,-0.055593,0.380306,-3.162172,107.596268,23.442976,0.034268,0.930230,-0.098375,0.351880,-1.748233,125.584686,21.851063,0.146524,0.863208,-0.380925,0.297152,1.213090,138.595078,18.385218,0.107975,0.877338,0.034588,0.466287,-4.692063,120.246040,19.789249,-0.023966,-0.684607,0.164420,-0.709722,-13.507613,123.853325,6.599146,0.009751,-0.277310,-0.236567,-0.931150,-13.315752,119.356964,-15.362374,0.146820,-0.039922,-0.531967,-0.832983,1.947994,128.402634,-26.193745,-0.039197,0.950507,-0.050969,0.303976,0.317315,120.291985,24.757734,0.356885,0.825277,-0.088306,-0.428664,13.530384,122.008469,34.094421,-0.079431,0.103354,0.464162,-0.876106,21.998968,107.105812,19.646023,0.025584,0.107232,0.824758,-0.554636,10.746454,124.151276,17.440657,0.051784,0.897129,0.116902,0.422861,-9.676550,83.440575,17.484705,0.080056,0.944730,0.009775,0.317774,-9.468366,49.615089,8.618438,0.002056,0.958508,0.074595,0.275125,-15.981495,5.296543,5.504511,-0.096335,0.918417,-0.057318,0.379401,2.856510,83.951752,29.890453,-0.028554,0.894617,-0.086978,0.437355,7.523395,49.861771,36.128277,-0.056689,0.907499,0.034924,0.414745,6.401212,5.711696,44.237686,0.002056,0.958508,0.074595,0.275125,-8.786139,1.503865,-6.403079,-0.056689,0.907499,0.034924,0.414745,17.065029,1.489765,35.496597
889,7.408333,0.004976,0.923169,-0.050914,0.380975,-3.450827,83.690895,23.738325,0.001532,0.924097,0.011862,0.381971,-3.103763,90.886269,23.085798,0.019115,0.922562,-0.056632,0.381192,-3.207968,107.592644,23.471735,0.035460,0.929216,-0.100967,0.353704,-1.787037,125.577209,21.842926,0.149763,0.860310,-0.384472,0.299365,1.237588,138.561356,18.333569,0.108048,0.877226,0.033541,0.466557,-4.728157,120.234680,19.787308,-0.023360,-0.684384,0.165092,-0.709801,-13.534986,123.828079,6.587590,0.010413,-0.276935,-0.236570,-0.931254,-13.339344,119.290924,-15.365511,0.147775,-0.039821,-0.531738,-0.832965,1.929963,128.328400,-26.187887,-0.038791,0.949545,-0.053145,0.306650,0.271849,120.290466,24.765127,0.358204,0.826022,-0.092210,-0.425294,13.432823,122.019325,34.172852,-0.076860,0.107356,0.462945,-0.876499,21.988161,106.994820,19.902859,0.025559,0.110525,0.824722,-0.554044,10.724895,124.004150,17.499044,0.051664,0.896892,0.117107,0.423323,-9.710806,83.429741,17.529068,0.080050,0.944732,0.010210,0.317757,-9.484382,49.606743,8.653775,0.001877,0.958490,0.074778,0.275138,-15.984612,5.288890,5.503215,-0.096600,0.918343,-0.056982,0.379563,2.809153,83.952042,29.947582,-0.028559,0.894605,-0.086470,0.437481,7.500806,49.862953,36.171673,-0.056546,0.907483,0.035181,0.414778,6.397989,5.705002,44.240738,0.001877,0.958490,0.074778,0.275138,-8.786837,1.502439,-6.404899,-0.056546,0.907483,0.035181,0.414778,17.061907,1.487727,35.497520
890,7.416667,0.004688,0.922966,-0.050994,0.381459,-3.494992,83.688210,23.786301,0.001409,0.923816,0.011181,0.382672,-3.151000,90.883514,23.131292,0.018866,0.922191,-0.057593,0.381956,-3.250600,107.590500,23.494581,0.036799,0.928197,-0.103446,0.355521,-1.823372,125.571426,21.831488,0.152598,0.857624,-0.387601,0.301597,1.267241,138.529404,18.283134,0.108074,0.877088,0.032730,0.466867,-4.762226,120.225311,19.781961,-0.022855,-0.684251,0.165934,-0.709750,-13.559452,123.806969,6.572650,0.011124,-0.276421,-0.236376,-0.931447,-13.368121,119.227768,-15.371755,0.148877,-0.039675,-0.531560,-0.832890,1.915367,128.250885,-26.182335,-0.038606,0.948841,-0.054929,0.308533,0.229684,120.290230,24.767790,0.359417,0.826427,-0.096503,-0.422522,13.353422,122.033653,34.224709,-0.075059,0.110771,0.462228,-0.876608,21.975109,106.887817,20.123896,0.025801,0.113451,0.825281,-0.552607,10.709956,123.883888,17.558962,0.051505,0.896684,0.117164,0.423766,-9.748522,83.421364,17.570789,0.079977,0.944757,0.010751,0.317683,-9.506102,49.598152,8.696738,0.001637,0.958488,0.075034,0.275077,-15.984946,5.280271,5.502881,-0.096971,0.918235,-0.056575,0.379789,2.758538,83.955063,30.001810,-0.028548,0.894774,-0.086026,0.437222,7.483232,49.867767,36.210720,-0.056637,0.907522,0.035356,0.414665,6.399438,5.702874,44.244301,0.001637,0.958488,0.075034,0.275077,-8.785800,1.502486,-6.407155,-0.056637,0.907522,0.035356,0.414665,17.062483,1.490938,35.497456
891,7.425000,0.004449,0.922776,-0.051142,0.381902,-3.537745,83.683716,23.834494,0.001182,0.923442,0.010886,0.383581,-3.195807,90.878830,23.176361,0.018665,0.921682,-0.058820,0.383007,-3.299028,107.593002,23.527658,0.038265,0.927304,-0.105734,0.357019,-1.859651,125.569031,21.822613,0.155407,0.855363,-0.390536,0.302794,1.296769,138.501709,18.240042,0.108208,0.876935,0.031111,0.467235,-4.796367,120.219147,19.779896,-0.022817,-0.684037,0.167195,-0.709661,-13.581469,123.779854,6.556866,0.011519,-0.275951,-0.235984,-0.931681,-13.395855,119.159790,-15.379021,0.149961,-0.039741,-0.531298,-0.832859,1.908089,128.166809,-26.179155,-0.038372,0.948119,-0.056670,0.310461,0.184303,120.294296,24.776808,0.360847,0.826958,-0.099951,-0.419451,13.269804,122.050621,34.284187,-0.072960,0.114145,0.461498,-0.876737,21.961222,106.791626,20.349163,0.026270,0.116907,0.825676,-0.551273,10.697750,123.767151,17.619535,0.051359,0.896487,0.117331,0.424155,-9.785343,83.411575,17.613255,0.079928,0.944767,0.011189,0.317651,-9.524902,49.590057,8.733268,0.001563,0.958478,0.075219,0.275061,-15.987208,5.272335,5.503854,-0.097335,0.918085,-0.056173,0.380119,2.709854,83.955856,30.055735,-0.028538,0.894758,-0.085603,0.437339,7.466255,49.870338,36.250156,-0.056744,0.907514,0.035464,0.414658,6.397327,5.698874,44.249531,0.001563,0.958478,0.075219,0.275061,-8.787284,1.500083,-6.407465,-0.056744,0.907514,0.035464,0.414658,17.061478,1.490899,35.502129
892,7.433333,0.004256,0.922578,-0.051316,0.382358,-3.585503,83.680901,23.884415,0.000490,0.923180,0.010132,0.384233,-3.244857,90.875778,23.223068,0.019157,0.921302,-0.059732,0.383755,-3.360016,107.595764,23.542246,0.039369,0.926448,-0.107594,0.358565,-1.890181,125.567200,21.814928,0.157777,0.852995,-0.393334,0.304622,1.319299,138.479309,18.205452,0.108148,0.876714,0.029896,0.467742,-4.831640,120.219017,19.774597,-0.022472,-0.683731,0.168502,-0.709658,-13.601740,123.759254,6.536120,0.012054,-0.275568,-0.235659,-0.931870,-13.417027,119.086746,-15.388656,0.150893,-0.039704,-0.531110,-0.832813,1.902221,128.077148,-26.181293,-0.038055,0.947440,-0.058452,0.312238,0.140677,120.293411,24.779831,0.362634,0.827228,-0.103059,-0.416617,13.190964,122.060478,34.333504,-0.071072,0.117414,0.461187,-0.876624,21.930685,106.685516,20.557053,0.026270,0.119967,0.825551,-0.550803,10.684913,123.650787,17.673037,0.051200,0.896396,0.117474,0.424325,-9.826978,83.404007,17.657242,0.079782,0.944699,0.011726,0.317869,-9.550589,49.583698,8.773155,0.001275,0.958484,0.075414,0.274991,-15.984489,5.264992,5.500837,-0.097711,0.917932,-0.055705,0.380462,2.655972,83.957787,30.111588,-0.028577,0.894633,-0.085152,0.437681,7.446586,49.873726,36.287663,-0.056365,0.907479,0.035767,0.414761,6.395530,5.695558,44.252285,0.001275,0.958484,0.075414,0.274991,-8.783159,1.500133,-6.411967,-0.056365,0.907479,0.035767,0.414761,17.059187,1.490589,35.502834
893,7.441667,0.004058,0.922378,-0.051636,0.382801,-3.633541,83.677711,23.933855,0.000340,0.922881,0.009374,0.384972,-3.293447,90.872139,23.267313,0.019339,0.920896,-0.060623,0.384580,-3.403740,107.594254,23.561115,0.040451,0.925645,-0.109620,0.359900,-1.913919,125.561546,21.808046,0.159827,0.850988,-0.395777,0.305998,1.348624,138.451385,18.166674,0.108156,0.876478,0.029445,0.468211,-4.856672,120.212891,19.770824,-0.022148,-0.683463,0.169937,-0.709584,-13.612429,123.746124,6.520988,0.012600,-0.275403,-0.235154,-0.932039,-13.433104,119.018318,-15.391977,0.151790,-0.039837,-0.530659,-0.832931,1.900378,127.984978,-26.185659,-0.037695,0.946764,-0.060161,0.314003,0.106596,120.290565,24.784981,0.364679,0.827357,-0.105566,-0.413939,13.121785,122.066521,34.384766,-0.069097,0.120433,0.460959,-0.876492,21.894554,106.579460,20.755692,0.025902,0.123257,0.825604,-0.550014,10.667170,123.536873,17.724728,0.051012,0.896279,0.117729,0.424525,-9.869066,83.395020,17.700985,0.079722,0.944674,0.012165,0.317942,-9.571321,49.577557,8.806758,0.001221,0.958448,0.075559,0.275075,-15.987354,5.258930,5.498457,-0.098023,0.917752,-0.055193,0.380890,2.601985,83.960411,30.166725,-0.028666,0.894718,-0.084715,0.437585,7.423355,49.876652,36.320496,-0.056668,0.907534,0.035749,0.414599,6.397631,5.692262,44.253864,0.001221,0.958448,0.075559,0.275075,-8.783130,1.498301,-6.413932,-0.056668,0.907534,0.035749,0.414599,17.060787,1.490375,35.502319
894,7.450000,0.003894,0.922254,-0.051863,0.383069,-3.676336,83.671478,23.979483,0.000062,0.922643,0.008771,0.385555,-3.336980,90.865578,23.309114,0.019493,0.920540,-0.061610,0.385267,-3.448302,107.591034,23.580711,0.041785,0.924901,-0.111366,0.361123,-1.938305,125.553749,21.798151,0.161600,0.849286,-0.397878,0.307069,1.380320,138.422760,18.133848,0.108437,0.876271,0.028309,0.468604,-4.883175,120.204353,19.765919,-0.022133,-0.683163,0.171275,-0.709552,-13.624969,123.727921,6.504290,0.013248,-0.275190,-0.234407,-0.932281,-13.447716,118.957031,-15.399356,0.152894,-0.040027,-0.530283,-0.832959,1.902772,127.888359,-26.191769,-0.037296,0.946081,-0.061946,0.315758,0.072548,120.286087,24.787470,0.366600,0.827520,-0.107593,-0.411386,13.052761,122.070709,34.432907,-0.067296,0.123305,0.460831,-0.876300,21.856991,106.484367,20.937935,0.025408,0.126014,0.825970,-0.548861,10.650618,123.436928,17.769094,0.050899,0.896133,0.117956,0.424784,-9.908257,83.384331,17.743212,0.079631,0.944548,0.012537,0.318326,-9.593953,49.569801,8.838385,0.001311,0.958410,0.075726,0.275161,-15.990275,5.250695,5.498501,-0.098257,0.917712,-0.054592,0.381012,2.555584,83.958618,30.215755,-0.028765,0.894626,-0.084466,0.437816,7.407257,49.873459,36.337849,-0.056767,0.907534,0.035827,0.414580,6.397270,5.685803,44.255043,0.001311,0.958410,0.075726,0.275161,-8.784351,1.493859,-6.414060,-0.056767,0.907534,0.035827,0.414580,17.061155,1.487023,35.502899
895,7.458333,0.003779,0.922108,-0.051980,0.383407,-3.718448,83.667755,24.018236,-0.000262,0.922365,0.008193,0.386234,-3.379729,90.861694,23.345800,0.019796,0.920144,-0.062407,0.386068,-3.493814,107.592056,23.595371,0.042998,0.924042,-0.113532,0.362502,-1.961055,125.550758,21.791912,0.162899,0.847701,-0.399525,0.308621,1.415515,138.395157,18.094330,0.108508,0.876030,0.027197,0.469103,-4.908122,120.201897,19.761448,-0.021867,-0.682884,0.172218,-0.709600,-13.634193,123.710129,6.485401,0.014410,-0.274720,-0.233609,-0.932603,-13.454385,118.900444,-15.409740,0.154196,-0.040258,-0.530739,-0.832417,1.923208,127.791443,-26.199045,-0.036638,0.945299,-0.063733,0.317813,0.038714,120.284843,24.791737,0.368381,0.827611,-0.109258,-0.409169,12.978151,122.070908,34.491547,-0.065709,0.126281,0.460886,-0.875968,21.805277,106.397179,21.113260,0.024757,0.128386,0.826549,-0.547468,10.631650,123.345276,17.808992,0.050818,0.895978,0.118063,0.425090,-9.945819,83.377632,17.777555,0.079452,0.944545,0.012946,0.318362,-9.620217,49.564301,8.868584,0.001166,0.958415,0.075844,0.275114,-15.989656,5.243582,5.498857,-0.098700,0.917817,-0.054389,0.380673,2.508922,83.957878,30.258919,-0.028624,0.894904,-0.084032,0.437341,7.396457,49.877281,36.377876,-0.056432,0.907519,0.035944,0.414648,6.396497,5.682323,44.255470,0.001166,0.958415,0.075844,0.275114,-8.783243,1.491015,-6.414758,-0.056432,0.907519,0.035944,0.414648,17.059071,1.482427,35.502258
896,7.466667,0.003528,0.921986,-0.052048,0.383693,-3.756436,83.664963,24.058956,-0.000384,0.922068,0.007603,0.386953,-3.420478,90.858826,23.384329,0.019870,0.919722,-0.063277,0.386926,-3.530888,107.591751,23.614052,0.044137,0.923326,-0.114798,0.363788,-1.981844,125.546387,21.784206,0.164249,0.846195,-0.401428,0.309567,1.441837,138.374680,18.074045,0.108730,0.875767,0.026165,0.469601,-4.928930,120.196320,19.756927,-0.021686,-0.682628,0.173393,-0.709566,-13.638218,123.694626,6.467250,0.015048,-0.274703,-0.232684,-0.932829,-13.460912,118.842026,-15.418439,0.154900,-0.040439,-0.529977,-0.832764,1.932602,127.690720,-26.213581,-0.036299,0.944728,-0.064952,0.319301,0.008501,120.283936,24.796366,0.370785,0.827555,-0.109857,-0.406943,12.917876,122.074661,34.535286,-0.063556,0.128198,0.461407,-0.875574,21.746752,106.312607,21.262342,0.025046,0.130682,0.826953,-0.546300,10.612600,123.266411,17.851524,0.050770,0.895847,0.118180,0.425340,-9.979975,83.370033,17.814682,0.079340,0.944408,0.013314,0.318782,-9.645374,49.558281,8.900065,0.001055,0.958387,0.076030,0.275161,-15.993270,5.236828,5.499537,-0.098988,0.917809,-0.054019,0.380671,2.467103,83.959892,30.303228,-0.028652,0.894971,-0.083731,0.437259,7.382919,49.880466,36.406021,-0.056447,0.907569,0.036077,0.414524,6.397827,5.681121,44.260834,0.001055,0.958387,0.076030,0.275161,-8.784251,1.490047,-6.414318,-0.056447,0.907569,0.036077,0.414524,17.058552,1.484587,35.503757
897,7.475000,0.003364,0.921876,-0.052137,0.383948,-3.795725,83.663078,24.096674,-0.000193,0.921785,0.006918,0.387640,-3.461268,90.856827,23.420046,0.019745,0.919338,-0.063939,0.387737,-3.557077,107.590294,23.631006,0.045167,0.922695,-0.116187,0.364821,-2.001304,125.542053,21.778822,0.165647,0.844934,-0.402973,0.310259,1.466620,138.353302,18.050909,0.108943,0.875531,0.025152,0.470046,-4.945899,120.189735,19.753860,-0.021791,-0.682245,0.174928,-0.709554,-13.640072,123.678162,6.451692,0.015412,-0.274845,-0.231724,-0.933020,-13.463332,118.779686,-15.423783,0.155678,-0.040906,-0.528828,-0.833326,1.947981,127.590202,-26.231298,-0.035484,0.943967,-0.066125,0.321394,-0.017260,120.283440,24.801794,0.372171,0.827690,-0.110264,-0.405290,12.850390,122.064903,34.597473,-0.062592,0.130429,0.461913,-0.875047,21.693302,106.249916,21.397034,0.025262,0.132763,0.827783,-0.544529,10.600991,123.214256,17.891340,0.050649,0.895827,0.118263,0.425373,-10.015833,83.364639,17.849146,0.079147,0.944434,0.013753,0.318733,-9.670855,49.553406,8.932931,0.000987,0.958397,0.076258,0.275063,-15.990067,5.230272,5.501006,-0.099193,0.917681,-0.053651,0.380977,2.424383,83.961517,30.344200,-0.028794,0.894907,-0.083369,0.437449,7.361138,49.882164,36.430515,-0.056861,0.907567,0.036135,0.414467,6.400038,5.678120,44.261829,0.000987,0.958397,0.076258,0.275063,-8.782210,1.490188,-6.415661,-0.056861,0.907567,0.036135,0.414467,17.063444,1.488032,35.504932
898,7.483333,0.003201,0.921779,-0.052102,0.384186,-3.835640,83.661407,24.131763,-0.000325,0.921508,0.006420,0.388307,-3.503383,90.855225,23.454771,0.020023,0.918943,-0.064646,0.388541,-3.596987,107.594994,23.648666,0.045990,0.922046,-0.117992,0.365779,-2.020443,125.543060,21.778357,0.166769,0.843801,-0.404134,0.311228,1.490172,138.333862,18.020372,0.108927,0.875216,0.024180,0.470688,-4.966609,120.191254,19.754360,-0.021482,-0.681924,0.175917,-0.709627,-13.641257,123.663727,6.435288,0.016256,-0.274898,-0.230791,-0.933221,-13.460459,118.723404,-15.430738,0.156623,-0.041482,-0.527894,-0.833712,1.967980,127.490257,-26.250414,-0.034780,0.943316,-0.067509,0.323093,-0.046932,120.286049,24.811005,0.373893,0.827894,-0.109820,-0.403404,12.786711,122.063377,34.651939,-0.061112,0.132088,0.462468,-0.874609,21.640379,106.198410,21.518858,0.025798,0.134696,0.828302,-0.543238,10.587966,123.169342,17.929367,0.050580,0.895689,0.118321,0.425655,-10.052536,83.360313,17.881168,0.079005,0.944398,0.014160,0.318857,-9.698658,49.549545,8.963558,0.000894,0.958370,0.076438,0.275106,-15.993738,5.225414,5.500338,-0.099436,0.917590,-0.053316,0.381179,2.381256,83.962502,30.382359,-0.028891,0.894810,-0.083045,0.437703,7.341115,49.884010,36.454697,-0.056686,0.907552,0.036287,0.414511,6.398443,5.675626,44.263710,0.000894,0.958370,0.076438,0.275106,-8.783529,1.490841,-6.416632,-0.056686,0.907552,0.036287,0.414511,17.061571,1.487197,35.505684
899,7.491667,0.003059,0.921619,-0.052554,0.384510,-3.885230,83.665833,24.171015,-0.000185,0.921248,0.005750,0.388933,-3.552119,90.858986,23.487349,0.020328,0.918592,-0.065324,0.389240,-3.632794,107.594429,23.662300,0.046713,0.921489,-0.119128,0.366722,-2.035144,125.538849,21.775059,0.167697,0.842705,-0.405392,0.312063,1.509280,138.315918,18.002064,0.109019,0.874961,0.022998,0.471200,-4.983547,120.187843,19.752228,-0.021359,-0.681598,0.176666,-0.709759,-13.641846,123.644325,6.418365,0.017031,-0.275054,-0.229566,-0.933464,-13.452917,118.675087,-15.441039,0.157195,-0.042013,-0.526872,-0.834225,1.991810,127.385727,-26.273540,-0.034389,0.942717,-0.068369,0.324695,-0.071719,120.283142,24.816486,0.375751,0.827841,-0.109322,-0.401919,12.729025,122.060394,34.700191,-0.060147,0.133916,0.463428,-0.873890,21.573881,106.143654,21.623945,0.025712,0.136337,0.828782,-0.542099,10.580043,123.131584,17.957354,0.050367,0.895616,0.118577,0.425763,-10.097750,83.359062,17.916342,0.078840,0.944403,0.014503,0.318868,-9.721762,49.551044,8.989227,0.000657,0.958397,0.076377,0.275031,-15.993042,5.225450,5.501583,-0.099697,0.917540,-0.052875,0.381295,2.327290,83.972610,30.425686,-0.029053,0.894785,-0.082697,0.437810,7.314888,49.894478,36.477303,-0.056728,0.907561,0.036040,0.414508,6.398082,5.681759,44.264843,0.000657,0.958397,0.076377,0.275031,-8.782697,1.490976,-6.415338,-0.056728,0.907561,0.036040,0.414508,17.060843,1.487727,35.509045
900,7.500000,0.003283,0.921540,-0.052862,0.384655,-3.934626,83.666275,24.205482,0.000109,0.920995,0.005120,0.389540,-3.596700,90.858932,23.519024,0.020362,0.918232,-0.066025,0.389969,-3.660199,107.589813,23.678276,0.047443,0.920972,-0.119948,0.367658,-2.050043,125.530861,21.769575,0.168597,0.841672,-0.406707,0.312654,1.525333,138.297134,17.989271,0.109267,0.874652,0.022246,0.471752,-4.998049,120.178688,19.749208,-0.021170,-0.681330,0.177423,-0.709833,-13.637638,123.629997,6.401880,0.018053,-0.275158,-0.228274,-0.933731,-13.444361,118.630066,-15.450480,0.158090,-0.042702,-0.526009,-0.834565,2.018310,127.278992,-26.295883,-0.033757,0.942142,-0.069402,0.326210,-0.094252,120.278183,24.821161,0.377455,0.828055,-0.107913,-0.400259,12.675810,122.049736,34.745491,-0.059039,0.135321,0.464096,-0.873394,21.522846,106.099556,21.711533,0.025439,0.137708,0.829085,-0.541301,10.571230,123.097488,17.978100,0.050111,0.895509,0.118773,0.425963,-10.145151,83.360931,17.948765,0.078703,0.944314,0.014860,0.319148,-9.745258,49.554359,9.017193,0.000685,0.958400,0.076274,0.275050,-15.993714,5.227775,5.501293,-0.099897,0.917559,-0.052525,0.381245,2.275901,83.971626,30.462200,-0.029219,0.894931,-0.082368,0.437561,7.285949,49.893711,36.496426,-0.056619,0.907553,0.036189,0.414526,6.397554,5.676991,44.264496,0.000685,0.958400,0.076274,0.275050,-8.783425,1.490317,-6.414723,-0.056619,0.907553,0.036189,0.414526,17.060125,1.485323,35.507336
901,7.508333,0.003271,0.921453,-0.053004,0.384844,-3.973901,83.660469,24.236462,0.000122,0.920676,0.004981,0.390295,-3.635202,90.852913,23.548126,0.020435,0.917772,-0.066987,0.390883,-3.696675,107.598473,23.703346,0.048127,0.920405,-0.120822,0.368700,-2.068648,125.534775,21.765465,0.169396,0.840699,-0.407895,0.313293,1.537660,138.289841,17.976717,0.109172,0.874297,0.021534,0.472464,-5.016781,120.181252,19.748854,-0.021028,-0.680886,0.178191,-0.710070,-13.635167,123.618149,6.384112,0.019063,-0.275258,-0.227029,-0.933985,-13.427048,118.587097,-15.460971,0.158979,-0.043484,-0.525254,-0.834831,2.052328,127.175964,-26.318567,-0.032772,0.941758,-0.070014,0.327285,-0.123099,120.286110,24.830460,0.379009,0.828201,-0.106498,-0.398865,12.626227,122.036026,34.785236,-0.058451,0.136638,0.464871,-0.872817,21.470503,106.057716,21.783907,0.024816,0.138881,0.829418,-0.540520,10.565318,123.069092,17.997757,0.049998,0.895529,0.118933,0.425891,-10.181862,83.353790,17.977264,0.078564,0.944244,0.015183,0.319374,-9.770789,49.549084,9.039145,0.000359,0.958385,0.076323,0.275089,-15.997418,5.221415,5.498316,-0.100001,0.917467,-0.052234,0.381479,2.234061,83.967155,30.495659,-0.029418,0.894822,-0.082029,0.437835,7.257097,49.888561,36.515244,-0.056945,0.907531,0.036283,0.414523,6.395713,5.667871,44.263756,0.000359,0.958385,0.076323,0.275089,-8.783132,1.487618,-6.416428,-0.056945,0.907531,0.036283,0.414523,17.061317,1.482517,35.507278
902,7.516667,0.003238,0.921364,-0.053162,0.385035,-4.010719,83.659103,24.266937,-0.000073,0.920454,0.004362,0.390828,-3.671449,90.851303,23.576385,0.020926,0.917453,-0.067390,0.391536,-3.730878,107.589661,23.709900,0.048366,0.920059,-0.121693,0.369247,-2.079448,125.523254,21.766874,0.170261,0.839973,-0.408612,0.313836,1.544073,138.268845,17.962669,0.109345,0.873952,0.021019,0.473084,-5.030677,120.172264,19.748112,-0.021040,-0.680468,0.179175,-0.710223,-13.628751,123.605392,6.369324,0.019962,-0.275435,-0.225694,-0.934237,-13.410857,118.541756,-15.468134,0.159897,-0.044214,-0.524272,-0.835235,2.087176,127.069511,-26.341225,-0.032467,0.941343,-0.070686,0.328364,-0.144491,120.273674,24.837000,0.380693,0.828094,-0.105304,-0.397799,12.582472,122.023438,34.820389,-0.057865,0.137894,0.465946,-0.872085,21.407450,106.010818,21.848190,0.024401,0.139789,0.829577,-0.540061,10.559016,123.044189,18.012962,0.049850,0.895585,0.119101,0.425744,-10.216085,83.350609,18.005259,0.078399,0.944292,0.015512,0.319259,-9.792127,49.547680,9.061025,0.000381,0.958392,0.076400,0.275042,-15.995787,5.218583,5.497810,-0.099982,0.917456,-0.052037,0.381537,2.194649,83.967590,30.528618,-0.029715,0.894770,-0.081654,0.437990,7.221410,49.887291,36.535439,-0.056810,0.907556,0.036394,0.414476,6.397417,5.662674,44.265575,0.000381,0.958392,0.076400,0.275042,-8.782635,1.486745,-6.418235,-0.056810,0.907556,0.036394,0.414476,17.061266,1.478381,35.506447
903,7.525000,0.003273,0.921325,-0.053188,0.385124,-4.049739,83.661095,24.291372,-0.000255,0.920266,0.003837,0.391275,-3.709779,90.853249,23.600700,0.021391,0.917165,-0.067858,0.392106,-3.767991,107.588257,23.715582,0.048701,0.919734,-0.122372,0.369788,-2.093288,125.518845,21.764723,0.171016,0.839355,-0.409188,0.314328,1.547984,138.256409,17.950603,0.109359,0.873640,0.020567,0.473678,-5.048042,120.170143,19.745070,-0.020726,-0.680012,0.179834,-0.710503,-13.627742,123.595985,6.352620,0.021270,-0.275385,-0.224570,-0.934494,-13.392645,118.499123,-15.476933,0.161183,-0.044803,-0.523576,-0.835393,2.122460,126.967964,-26.358700,-0.031958,0.941024,-0.071184,0.329220,-0.168434,120.268753,24.840319,0.381820,0.828229,-0.104014,-0.396777,12.541278,122.009895,34.847168,-0.057655,0.138866,0.466732,-0.871523,21.364140,105.980888,21.893778,0.024108,0.140599,0.830154,-0.538976,10.557720,123.031548,18.025049,0.049692,0.895548,0.119190,0.425814,-10.253897,83.352921,18.028477,0.078222,0.944209,0.015803,0.319533,-9.816735,49.550373,9.083462,0.000222,0.958401,0.076404,0.275008,-15.996114,5.219617,5.498761,-0.100070,0.917467,-0.051982,0.381496,2.154418,83.969269,30.554268,-0.029943,0.894683,-0.081264,0.438226,7.188496,49.889801,36.559673,-0.056801,0.907544,0.036532,0.414492,6.396228,5.660704,44.267445,0.000222,0.958401,0.076404,0.275008,-8.782344,1.489069,-6.417315,-0.056801,0.907544,0.036532,0.414492,17.060686,1.479732,35.507469
904,7.533333,0.003244,0.921265,-0.053282,0.385254,-4.084844,83.663307,24.317257,-0.000458,0.920063,0.003284,0.391757,-3.744658,90.855324,23.625219,0.021809,0.916864,-0.068272,0.392713,-3.801935,107.589912,23.720373,0.049086,0.919395,-0.123000,0.370370,-2.106200,125.517807,21.762939,0.171581,0.838826,-0.409674,0.314799,1.553781,138.247635,17.940914,0.109310,0.873323,0.020154,0.474292,-5.063610,120.171120,19.741838,-0.020565,-0.679410,0.180910,-0.710809,-13.624722,123.588478,6.335338,0.022186,-0.275410,-0.223616,-0.934694,-13.370371,118.449364,-15.484087,0.162320,-0.045330,-0.522622,-0.835741,2.156521,126.869667,-26.373016,-0.031391,0.940807,-0.071610,0.329802,-0.190988,120.267281,24.843813,0.382774,0.828446,-0.102576,-0.395778,12.507418,121.996750,34.867020,-0.057527,0.139533,0.467246,-0.871150,21.333080,105.958771,21.926630,0.023421,0.141196,0.830545,-0.538247,10.555514,123.019135,18.035461,0.049678,0.895476,0.119353,0.425923,-10.287227,83.353882,18.052670,0.077997,0.944105,0.015989,0.319887,-9.843163,49.553951,9.098116,0.000472,0.958392,0.076516,0.275008,-15.996861,5.220568,5.501844,-0.100050,0.917317,-0.051974,0.381862,2.117540,83.972733,30.581844,-0.030233,0.894670,-0.080796,0.438318,7.148221,49.892941,36.588245,-0.056867,0.907530,0.036748,0.414494,6.396903,5.658588,44.269920,0.000472,0.958392,0.076516,0.275008,-8.785048,1.491212,-6.415784,-0.056867,0.907530,0.036748,0.414494,17.062578,1.483802,35.508488
905,7.541667,0.003382,0.921171,-0.053399,0.385463,-4.126984,83.662781,24.341232,-0.000188,0.919771,0.003177,0.392443,-3.784151,90.854607,23.648483,0.021654,0.916456,-0.069200,0.393512,-3.831825,107.601379,23.743919,0.049612,0.918975,-0.123567,0.371153,-2.126357,125.524902,21.755093,0.172159,0.838413,-0.409968,0.315201,1.556305,138.247009,17.929165,0.109296,0.873055,0.019276,0.474824,-5.082180,120.175385,19.739140,-0.020091,-0.678935,0.181397,-0.711153,-13.626941,123.578178,6.318511,0.023435,-0.275287,-0.222472,-0.934973,-13.351567,118.405899,-15.492818,0.163179,-0.045790,-0.522034,-0.835917,2.195802,126.768326,-26.388201,-0.030571,0.940715,-0.071814,0.330097,-0.218318,120.279610,24.849306,0.383631,0.828503,-0.101771,-0.395034,12.475403,121.986755,34.882267,-0.057499,0.140360,0.467786,-0.870729,21.297976,105.933609,21.958614,0.022745,0.141657,0.830752,-0.537836,10.551452,123.005745,18.041304,0.049643,0.895312,0.119520,0.426223,-10.326521,83.354607,18.073765,0.077770,0.943920,0.016174,0.320478,-9.872217,49.557224,9.110070,0.000219,0.958395,0.076449,0.275017,-15.999190,5.221188,5.500780,-0.100230,0.917257,-0.051830,0.381978,2.072552,83.970963,30.608698,-0.030414,0.894775,-0.080456,0.438155,7.117756,49.892635,36.611237,-0.056930,0.907539,0.036913,0.414452,6.395883,5.654350,44.273067,0.000219,0.958395,0.076449,0.275017,-8.785059,1.491872,-6.415461,-0.056930,0.907539,0.036913,0.414452,17.061747,1.484376,35.509567
906,7.550000,0.003499,0.921059,-0.053508,0.385713,-4.167442,83.658447,24.360994,-0.000321,0.919653,0.002370,0.392725,-3.822251,90.850090,23.667547,0.022258,0.916298,-0.069367,0.393817,-3.863441,107.592285,23.736351,0.049917,0.918770,-0.124038,0.371464,-2.134910,125.514008,21.751234,0.172500,0.838179,-0.409979,0.315622,1.561503,138.230209,17.918915,0.109754,0.872866,0.018664,0.475090,-5.095629,120.168320,19.732315,-0.019421,-0.678498,0.181819,-0.711481,-13.628915,123.574150,6.305158,0.024674,-0.275099,-0.221558,-0.935213,-13.333790,118.364975,-15.497128,0.164170,-0.046639,-0.521485,-0.836018,2.233063,126.679291,-26.397282,-0.030388,0.940492,-0.072260,0.330651,-0.235533,120.266006,24.846191,0.384397,0.828561,-0.101116,-0.394336,12.446639,121.973442,34.893696,-0.057340,0.141145,0.468198,-0.870391,21.267551,105.905640,21.987131,0.022174,0.142100,0.830875,-0.537553,10.545608,122.987556,18.041471,0.049537,0.895201,0.119670,0.426428,-10.363554,83.351189,18.090097,0.077570,0.943856,0.016351,0.320704,-9.896025,49.555592,9.120385,0.000427,0.958378,0.076535,0.275054,-16.000174,5.217284,5.500380,-0.100333,0.917156,-0.051661,0.382217,2.028670,83.965714,30.631893,-0.030684,0.894735,-0.080127,0.438277,7.083443,49.887604,36.627625,-0.057025,0.907539,0.037056,0.414424,6.395215,5.646065,44.273746,0.000427,0.958378,0.076535,0.275054,-8.786807,1.488733,-6.416561,-0.057025,0.907539,0.037056,0.414424,17.061773,1.480778,35.508862
907,7.558333,0.003528,0.920966,-0.053665,0.385913,-4.204770,83.655540,24.381182,-0.000204,0.919529,0.001853,0.393019,-3.858170,90.846939,23.685890,0.022384,0.916129,-0.069774,0.394129,-3.888958,107.588669,23.740282,0.050407,0.918514,-0.124295,0.371942,-2.149757,125.508141,21.744120,0.172762,0.837956,-0.410036,0.315995,1.563811,138.219803,17.913332,0.109727,0.872602,0.018280,0.475596,-5.111821,120.162598,19.726776,-0.019000,-0.678039,0.182297,-0.711807,-13.629638,123.561081,6.287944,0.025677,-0.274743,-0.220740,-0.935484,-13.314422,118.320786,-15.506599,0.165099,-0.046979,-0.520889,-0.836188,2.273610,126.593765,-26.403055,-0.029983,0.940349,-0.072592,0.331022,-0.255274,120.261276,24.844004,0.385143,0.828459,-0.100827,-0.393897,12.419696,121.960617,34.901966,-0.057402,0.141997,0.468717,-0.869969,21.230379,105.873962,22.011902,0.021346,0.142303,0.831062,-0.537243,10.537704,122.969650,18.040409,0.049500,0.895053,0.119854,0.426690,-10.398162,83.347496,18.107637,0.077409,0.943696,0.016487,0.321208,-9.920093,49.554707,9.127881,0.000360,0.958330,0.076568,0.275209,-16.004797,5.214557,5.497692,-0.100344,0.917296,-0.051635,0.381881,1.988623,83.963593,30.654726,-0.030954,0.894742,-0.079739,0.438315,7.047015,49.885456,36.647247,-0.057028,0.907529,0.037126,0.414440,6.395470,5.639836,44.272961,0.000360,0.958330,0.076568,0.275209,-8.786979,1.487307,-6.416959,-0.057028,0.907529,0.037126,0.414440,17.062565,1.476332,35.507885
908,7.566667,0.003597,0.920855,-0.053896,0.386147,-4.247281,83.653954,24.401314,-0.000099,0.919370,0.001349,0.393391,-3.898287,90.844978,23.703430,0.022727,0.915916,-0.070188,0.394532,-3.919210,107.584824,23.743687,0.050712,0.918287,-0.124620,0.372354,-2.161883,125.501633,21.739574,0.172990,0.837800,-0.409973,0.316366,1.564577,138.208801,17.906418,0.109809,0.872354,0.017881,0.476047,-5.126905,120.157692,19.722313,-0.018543,-0.677447,0.182957,-0.712213,-13.630163,123.551704,6.273128,0.026609,-0.274567,-0.219973,-0.935691,-13.289774,118.272614,-15.511678,0.165747,-0.047122,-0.520434,-0.836335,2.313614,126.505867,-26.409452,-0.029527,0.940208,-0.073064,0.331358,-0.275065,120.254723,24.844036,0.385591,0.828372,-0.100788,-0.393650,12.393559,121.945847,34.911377,-0.057546,0.142825,0.469092,-0.869622,21.197487,105.845818,22.033382,0.020799,0.142640,0.831174,-0.537003,10.529366,122.950432,18.038139,0.049311,0.894918,0.119980,0.426961,-10.437481,83.345230,18.124651,0.077204,0.943698,0.016735,0.321237,-9.941131,49.553246,9.142860,0.000241,0.958361,0.076601,0.275092,-16.001326,5.210999,5.497321,-0.100493,0.917251,-0.051487,0.381969,1.942920,83.962669,30.677975,-0.031127,0.894975,-0.079408,0.437888,7.014136,49.885563,36.665470,-0.057110,0.907523,0.037128,0.414443,6.393239,5.636177,44.271854,0.000241,0.958361,0.076601,0.275092,-8.785185,1.485570,-6.418918,-0.057110,0.907523,0.037128,0.414443,17.061096,1.473721,35.507206
909,7.575000,0.003603,0.920735,-0.054023,0.386414,-4.286197,83.652832,24.416182,0.000289,0.919268,0.000804,0.393631,-3.936213,90.843658,23.716753,0.022786,0.915802,-0.070533,0.394732,-3.938035,107.582306,23.745363,0.051037,0.918106,-0.124736,0.372717,-2.173403,125.497261,21.731102,0.173187,0.837681,-0.409865,0.316715,1.564151,138.201950,17.900541,0.109830,0.872206,0.017449,0.476330,-5.139433,120.153152,19.715775,-0.017710,-0.676891,0.183206,-0.712699,-13.633784,123.540703,6.259328,0.027513,-0.274371,-0.219479,-0.935838,-13.263700,118.223938,-15.515839,0.166346,-0.047525,-0.519467,-0.836794,2.350073,126.427635,-26.413198,-0.029276,0.940103,-0.073185,0.331653,-0.289852,120.251572,24.839615,0.386090,0.828351,-0.100478,-0.393285,12.372891,121.936951,34.915321,-0.057486,0.143325,0.469329,-0.869416,21.172428,105.825897,22.048126,0.020241,0.142934,0.831229,-0.536859,10.519683,122.935257,18.035759,0.049191,0.894736,0.120071,0.427330,-10.472761,83.343086,18.135981,0.076981,0.943704,0.016906,0.321266,-9.962397,49.551807,9.152312,0.000204,0.958384,0.076703,0.274985,-15.998763,5.206993,5.498513,-0.100480,0.917034,-0.051437,0.382501,1.900367,83.962578,30.696381,-0.031584,0.894799,-0.079009,0.438286,6.968690,49.884922,36.683239,-0.057214,0.907544,0.037239,0.414371,6.396864,5.632427,44.275368,0.000204,0.958384,0.076703,0.274985,-8.784619,1.484641,-6.419901,-0.057214,0.907544,0.037239,0.414371,17.064564,1.473931,35.508640
910,7.583333,0.003564,0.920598,-0.054150,0.386723,-4.324171,83.652115,24.433514,0.000244,0.919189,0.000313,0.393817,-3.973768,90.842751,23.732294,0.023216,0.915702,-0.070890,0.394874,-3.970506,107.582596,23.745178,0.051419,0.917960,-0.124814,0.372996,-2.186207,125.494995,21.725586,0.173356,0.837592,-0.409763,0.316989,1.563042,138.197327,17.898640,0.109798,0.872015,0.017062,0.476700,-5.157098,120.153343,19.710913,-0.017122,-0.676269,0.183617,-0.713199,-13.640216,123.533508,6.245534,0.028317,-0.274139,-0.218921,-0.936013,-13.239135,118.181183,-15.520360,0.166787,-0.047611,-0.518897,-0.837055,2.387942,126.354805,-26.415920,-0.029030,0.940004,-0.073424,0.331903,-0.309383,120.248367,24.836580,0.386161,0.828325,-0.100840,-0.393177,12.348424,121.929291,34.919228,-0.057861,0.144105,0.469483,-0.869179,21.149302,105.810143,22.063107,0.019794,0.143309,0.831400,-0.536512,10.511633,122.924591,18.031837,0.049062,0.894587,0.120265,0.427603,-10.506519,83.340546,18.149260,0.076892,0.943378,0.016911,0.322241,-9.979515,49.551647,9.157634,0.000321,0.958336,0.076809,0.275123,-16.004463,5.205613,5.499780,-0.100643,0.917020,-0.051339,0.382504,1.858179,83.963684,30.717770,-0.031761,0.894872,-0.078693,0.438180,6.939475,49.887619,36.702682,-0.057633,0.907514,0.037246,0.414378,6.395268,5.631667,44.276638,0.000321,0.958336,0.076809,0.275123,-8.787765,1.485189,-6.417686,-0.057633,0.907514,0.037246,0.414378,17.066750,1.478476,35.512005
911,7.591667,0.003499,0.920452,-0.054349,0.387042,-4.360464,83.654015,24.448076,0.000557,0.919099,-0.000193,0.394027,-4.009561,90.844345,23.743975,0.023313,0.915613,-0.071170,0.395023,-3.989993,107.578873,23.745438,0.051774,0.917801,-0.124728,0.373367,-2.198163,125.489677,21.718315,0.173431,0.837505,-0.409663,0.317308,1.561000,138.191422,17.899130,0.109828,0.871856,0.016863,0.476990,-5.170399,120.148239,19.705048,-0.016826,-0.675705,0.184199,-0.713589,-13.644279,123.525772,6.233193,0.029040,-0.273847,-0.218342,-0.936211,-13.218653,118.142197,-15.524528,0.167477,-0.047642,-0.518390,-0.837230,2.423485,126.286224,-26.415413,-0.028919,0.939928,-0.073720,0.332061,-0.324411,120.243744,24.832340,0.386307,0.828299,-0.101058,-0.393033,12.330185,121.924782,34.918987,-0.057868,0.144570,0.469577,-0.869050,21.131090,105.797493,22.073088,0.019644,0.143589,0.831661,-0.536038,10.502453,122.914215,18.026247,0.049019,0.894376,0.120300,0.428039,-10.538456,83.339729,18.159674,0.076691,0.943336,0.017101,0.322402,-10.003317,49.551125,9.167411,0.000086,0.958321,0.076930,0.275141,-16.005198,5.202899,5.498202,-0.100775,0.916983,-0.051276,0.382566,1.817529,83.968300,30.736477,-0.031951,0.894975,-0.078378,0.438013,6.908485,49.893650,36.721230,-0.057045,0.907499,0.037544,0.414466,6.393449,5.634337,44.277592,0.000086,0.958321,0.076930,0.275141,-8.785648,1.487421,-6.419081,-0.057045,0.907499,0.037544,0.414466,17.062336,1.481436,35.509670
912,7.600000,0.003497,0.920318,-0.054465,0.387346,-4.396201,83.651947,24.458309,0.000828,0.919029,-0.000480,0.394189,-4.044449,90.842094,23.752762,0.023470,0.915543,-0.071554,0.395108,-4.012776,107.575050,23.748960,0.052065,0.917683,-0.124725,0.373619,-2.210106,125.483597,21.711584,0.173599,0.837452,-0.409497,0.317570,1.557536,138.184174,17.896864,0.109888,0.871696,0.016572,0.477280,-5.185012,120.142700,19.700851,-0.016468,-0.675265,0.184473,-0.713944,-13.649472,123.516975,6.222264,0.030065,-0.273402,-0.217655,-0.936469,-13.201674,118.110550,-15.529338,0.168361,-0.047709,-0.518225,-0.837151,2.463779,126.219543,-26.414848,-0.028810,0.939943,-0.073902,0.331988,-0.340071,120.238426,24.829126,0.386538,0.828095,-0.101465,-0.393130,12.316307,121.917931,34.913795,-0.058099,0.144977,0.469856,-0.868816,21.105778,105.777946,22.076023,0.019372,0.143815,0.831777,-0.535807,10.492432,122.902992,18.021074,0.048910,0.894207,0.120286,0.428408,-10.570045,83.336525,18.165892,0.076538,0.943284,0.017285,0.322580,-10.024808,49.546944,9.177920,-0.000063,0.958296,0.077067,0.275191,-16.007751,5.197186,5.496404,-0.100886,0.916882,-0.051257,0.382781,1.777644,83.967369,30.750725,-0.032210,0.894980,-0.078047,0.438044,6.874718,49.894131,36.738319,-0.057575,0.907503,0.037404,0.414397,6.393304,5.631649,44.278362,-0.000063,0.958296,0.077067,0.275191,-8.785307,1.486477,-6.420605,-0.057575,0.907503,0.037404,0.414397,17.065086,1.481690,35.512573
913,7.608333,0.003626,0.920180,-0.054633,0.387647,-4.435615,83.649483,24.464556,0.001133,0.918975,-0.000728,0.394314,-4.080976,90.839348,23.757626,0.023594,0.915496,-0.071924,0.395143,-4.036660,107.569481,23.750246,0.052534,0.917547,-0.124722,0.373887,-2.224518,125.475883,21.702509,0.173688,0.837462,-0.409257,0.317802,1.556065,138.174530,17.894209,0.110064,0.871532,0.016233,0.477551,-5.201986,120.135353,19.694620,-0.016194,-0.674622,0.185054,-0.714407,-13.656768,123.508942,6.209782,0.030733,-0.273078,-0.217313,-0.936621,-13.179718,118.071304,-15.533425,0.169161,-0.047764,-0.517865,-0.837209,2.498333,126.160767,-26.413076,-0.028922,0.939955,-0.074079,0.331903,-0.357511,120.231590,24.823328,0.386981,0.827934,-0.101693,-0.392976,12.300495,121.916245,34.905102,-0.057859,0.145292,0.470031,-0.868685,21.080048,105.759323,22.081854,0.019058,0.143914,0.831873,-0.535642,10.477644,122.886696,18.012342,0.048774,0.893944,0.120300,0.428968,-10.605328,83.334709,18.168051,0.076375,0.943272,0.017418,0.322646,-10.045574,49.544426,9.183571,0.000052,0.958263,0.077135,0.275285,-16.010677,5.192837,5.495050,-0.101062,0.916813,-0.051284,0.382897,1.734099,83.964249,30.761061,-0.032437,0.895126,-0.077722,0.437787,6.840853,49.893707,36.755707,-0.057194,0.907492,0.037572,0.414458,6.392649,5.628008,44.278805,0.000052,0.958263,0.077135,0.275285,-8.786817,1.483060,-6.421397,-0.057194,0.907492,0.037572,0.414458,17.062754,1.477628,35.511162
914,7.616667,0.003801,0.920026,-0.054945,0.387967,-4.477455,83.645859,24.477577,0.001293,0.918954,-0.001181,0.394362,-4.118488,90.835213,23.767611,0.023908,0.915496,-0.072120,0.395087,-4.063248,107.571648,23.748415,0.052695,0.917530,-0.124710,0.373910,-2.238034,125.476501,21.698639,0.174056,0.837393,-0.409142,0.317931,1.546515,138.174606,17.892412,0.109902,0.871366,0.015950,0.477901,-5.219570,120.137939,19.691515,-0.016022,-0.673999,0.185671,-0.714839,-13.664636,123.502136,6.198241,0.031305,-0.272820,-0.216916,-0.936769,-13.160175,118.035469,-15.537074,0.169823,-0.047732,-0.517490,-0.837309,2.529332,126.103935,-26.411911,-0.028636,0.939992,-0.074339,0.331766,-0.374692,120.231163,24.819901,0.387319,0.827730,-0.101973,-0.393000,12.286814,121.909569,34.898323,-0.057852,0.145655,0.470315,-0.868471,21.053814,105.738602,22.084183,0.018799,0.143965,0.832076,-0.535323,10.466281,122.873566,18.003393,0.048658,0.893703,0.120418,0.429450,-10.642769,83.331474,18.176744,0.076183,0.943258,0.017548,0.322728,-10.067352,49.542381,9.188807,0.000220,0.958239,0.077210,0.275347,-16.012239,5.188581,5.494339,-0.101194,0.916649,-0.051246,0.383261,1.687859,83.960251,30.778408,-0.032682,0.895191,-0.077319,0.437707,6.801574,49.891289,36.776157,-0.057302,0.907465,0.037649,0.414495,6.389666,5.621412,44.276737,0.000220,0.958239,0.077210,0.275347,-8.788179,1.479574,-6.422228,-0.057302,0.907465,0.037649,0.414495,17.061632,1.474318,35.509811
915,7.625000,0.003863,0.919899,-0.054966,0.388266,-4.510121,83.641388,24.481049,0.001266,0.918919,-0.001281,0.394443,-4.149976,90.830704,23.771280,0.024302,0.915460,-0.072446,0.395087,-4.094261,107.566139,23.748644,0.053154,0.917438,-0.124825,0.374034,-2.251337,125.468597,21.693798,0.174114,0.837490,-0.408822,0.318056,1.546248,138.163620,17.890306,0.110016,0.871182,0.015681,0.478219,-5.237971,120.132385,19.688019,-0.015881,-0.673362,0.186315,-0.715275,-13.672322,123.495125,6.187686,0.031822,-0.272533,-0.216648,-0.936897,-13.140112,117.999481,-15.539649,0.170532,-0.047959,-0.517419,-0.837196,2.559927,126.052872,-26.408583,-0.028653,0.940028,-0.074707,0.331580,-0.393359,120.222343,24.816711,0.387907,0.827456,-0.102071,-0.392972,12.272131,121.904816,34.889442,-0.057929,0.145982,0.470799,-0.868148,21.019653,105.715202,22.085552,0.018320,0.143951,0.832167,-0.535202,10.454875,122.862305,17.997692,0.048652,0.893431,0.120381,0.430026,-10.671334,83.327576,18.176182,0.075938,0.943303,0.017665,0.322647,-10.090858,49.537830,9.191032,0.000107,0.958228,0.077412,0.275330,-16.012007,5.181045,5.494205,-0.101231,0.916461,-0.051306,0.383691,1.651093,83.955193,30.785919,-0.033016,0.895115,-0.077013,0.437890,6.762761,49.887188,36.790829,-0.056552,0.907541,0.037936,0.414405,6.388277,5.615038,44.279949,0.000107,0.958228,0.077412,0.275330,-8.786829,1.478313,-6.423633,-0.056552,0.907541,0.037936,0.414405,17.052809,1.465809,35.504990
916,7.633333,0.003842,0.919814,-0.054969,0.388466,-4.538043,83.640930,24.485558,0.001366,0.918895,-0.001502,0.394496,-4.178010,90.830246,23.775700,0.024574,0.915439,-0.072657,0.395081,-4.116296,107.566437,23.747604,0.053322,0.917402,-0.124758,0.374121,-2.261363,125.467300,21.689692,0.174222,0.837502,-0.408644,0.318195,1.540165,138.162308,17.890041,0.109898,0.871032,0.015561,0.478523,-5.251487,120.132736,19.684742,-0.015558,-0.672943,0.186694,-0.715577,-13.677229,123.489883,6.177641,0.032471,-0.272178,-0.216338,-0.937050,-13.126085,117.969490,-15.542952,0.171244,-0.047928,-0.517135,-0.837228,2.586059,126.004578,-26.404226,-0.028575,0.939983,-0.074803,0.331693,-0.406990,120.220352,24.813585,0.388266,0.827338,-0.101981,-0.392888,12.256197,121.901718,34.889400,-0.057872,0.146436,0.471133,-0.867895,20.994190,105.702805,22.090761,0.018081,0.143911,0.832321,-0.534981,10.447654,122.857857,17.987862,0.048665,0.893275,0.120354,0.430356,-10.696522,83.326546,18.178047,0.075749,0.943258,0.017792,0.322817,-10.114358,49.536438,9.194365,-0.000038,0.958191,0.077551,0.275419,-16.015219,5.177483,5.491184,-0.101303,0.916372,-0.051412,0.383872,1.620436,83.955315,30.793072,-0.033211,0.895247,-0.076701,0.437661,6.732546,49.889095,36.807697,-0.057420,0.907471,0.037900,0.414443,6.387924,5.613798,44.279663,-0.000038,0.958191,0.077551,0.275419,-8.786238,1.479504,-6.425823,-0.057420,0.907471,0.037900,0.414443,17.060614,1.474301,35.510025
917,7.641667,0.003826,0.919696,-0.055075,0.388730,-4.566622,83.643738,24.491682,0.001585,0.918839,-0.001758,0.394627,-4.205997,90.832878,23.780434,0.024568,0.915394,-0.072865,0.395148,-4.134184,107.565712,23.747353,0.053632,0.917338,-0.124611,0.374281,-2.276363,125.465485,21.682644,0.174369,0.837545,-0.408474,0.318218,1.532224,138.160629,17.890581,0.109994,0.870916,0.015449,0.478715,-5.266963,120.130562,19.679361,-0.015297,-0.672422,0.187120,-0.715961,-13.686016,123.488342,6.168246,0.033050,-0.271896,-0.216052,-0.937178,-13.110593,117.942825,-15.545315,0.171839,-0.047796,-0.516859,-0.837283,2.610208,125.960350,-26.399931,-0.028437,0.940018,-0.074924,0.331577,-0.423208,120.219505,24.808882,0.388672,0.827318,-0.101632,-0.392619,12.242738,121.897713,34.881756,-0.057876,0.146653,0.471370,-0.867729,20.976025,105.691444,22.089222,0.017645,0.143920,0.832274,-0.535067,10.441279,122.852242,17.980211,0.048627,0.893161,0.120365,0.430594,-10.721475,83.328110,18.180695,0.075544,0.943295,0.017890,0.322749,-10.134194,49.537926,9.197630,-0.000040,0.958187,0.077644,0.275407,-16.015205,5.176499,5.492498,-0.101348,0.916120,-0.051415,0.384461,1.588230,83.959358,30.802670,-0.033566,0.895020,-0.076380,0.438154,6.699244,49.893803,36.821991,-0.056670,0.907468,0.038514,0.414497,6.391699,5.616224,44.282021,-0.000040,0.958187,0.077644,0.275407,-8.786253,1.481055,-6.425312,-0.056670,0.907468,0.038514,0.414497,17.060602,1.482902,35.504868
918,7.650000,0.003888,0.919612,-0.055120,0.388923,-4.599566,83.645714,24.495455,0.001762,0.918797,-0.002045,0.394721,-4.237723,90.834778,23.784042,0.024857,0.915356,-0.072984,0.395195,-4.156672,107.568207,23.744497,0.053726,0.917356,-0.124548,0.374245,-2.287448,125.466835,21.680134,0.174546,0.837611,-0.408330,0.318132,1.522642,138.162201,17.890347,0.109915,0.870808,0.015237,0.478937,-5.281045,120.133766,19.676376,-0.015149,-0.671978,0.187559,-0.716267,-13.693751,123.485756,6.159872,0.033509,-0.271649,-0.215656,-0.937324,-13.098879,117.918839,-15.547689,0.172271,-0.047708,-0.516581,-0.837371,2.634366,125.917397,-26.397800,-0.028221,0.940027,-0.075037,0.331545,-0.438020,120.219696,24.806639,0.389329,0.827225,-0.101000,-0.392327,12.229025,121.892456,34.879036,-0.057721,0.146930,0.471820,-0.867448,20.949688,105.675888,22.090929,0.017215,0.143898,0.832389,-0.534907,10.435529,122.847305,17.971716,0.048570,0.893012,0.120291,0.430930,-10.751761,83.330589,18.181852,0.075327,0.943348,0.018081,0.322637,-10.159853,49.538769,9.205248,-0.000247,0.958182,0.077664,0.275419,-16.017521,5.175024,5.490903,-0.101532,0.915983,-0.051528,0.384723,1.552631,83.960838,30.809057,-0.033765,0.895056,-0.076049,0.438123,6.670513,49.898701,36.841892,-0.056805,0.907468,0.038543,0.414475,6.392392,5.617800,44.283329,-0.000247,0.958182,0.077664,0.275419,-8.786384,1.481619,-6.426218,-0.056805,0.907468,0.038543,0.414475,17.062124,1.486802,35.506088
919,7.658333,0.003956,0.919524,-0.055145,0.389125,-4.631054,83.644615,24.494289,0.002016,0.918747,-0.002202,0.394836,-4.268010,90.833633,23.783007,0.025026,0.915309,-0.073192,0.395255,-4.177060,107.568169,23.741995,0.053889,0.917347,-0.124348,0.374309,-2.299155,125.465393,21.673328,0.174665,0.837662,-0.408219,0.318075,1.513330,138.162079,17.890350,0.109914,0.870692,0.015544,0.479138,-5.294916,120.133209,19.670460,-0.014771,-0.671616,0.187942,-0.716514,-13.701373,123.489632,6.151168,0.034037,-0.271326,-0.215402,-0.937457,-13.091143,117.896698,-15.549275,0.172738,-0.047641,-0.516384,-0.837400,2.655007,125.881668,-26.393492,-0.027910,0.939978,-0.075244,0.331663,-0.452680,120.218193,24.801479,0.389725,0.827086,-0.100838,-0.392268,12.212388,121.883926,34.877529,-0.057858,0.147405,0.472184,-0.867160,20.921295,105.658211,22.093042,0.016711,0.143970,0.832385,-0.534910,10.427347,122.838463,17.962296,0.048505,0.892858,0.120262,0.431264,-10.780473,83.330223,18.177944,0.075135,0.943307,0.018162,0.322797,-10.182046,49.537468,9.205277,-0.000118,0.958133,0.077815,0.275545,-16.020540,5.171389,5.488623,-0.101568,0.915904,-0.051659,0.384883,1.518363,83.959015,30.810633,-0.034092,0.894843,-0.075726,0.438588,6.633899,49.898342,36.853706,-0.056966,0.907433,0.038526,0.414532,6.390904,5.615017,44.281940,-0.000118,0.958133,0.077815,0.275545,-8.787126,1.481022,-6.428055,-0.056966,0.907433,0.038526,0.414532,17.063087,1.485648,35.506908
920,7.666667,0.004168,0.919447,-0.055288,0.389285,-4.665323,83.641609,24.496975,0.002219,0.918696,-0.002458,0.394951,-4.298526,90.830376,23.785049,0.025196,0.915252,-0.073405,0.395335,-4.197920,107.567429,23.738861,0.054093,0.917332,-0.124243,0.374351,-2.311160,125.463211,21.665779,0.174747,0.837777,-0.408025,0.317977,1.505538,138.160080,17.887665,0.109977,0.870566,0.015455,0.479355,-5.309020,120.131897,19.663725,-0.014649,-0.671262,0.188349,-0.716741,-13.708250,123.488358,6.139949,0.034489,-0.270944,-0.215174,-0.937603,-13.083570,117.876526,-15.555209,0.173321,-0.047562,-0.516431,-0.837255,2.674936,125.849243,-26.389717,-0.027493,0.939931,-0.075523,0.331769,-0.467799,120.215988,24.795719,0.390148,0.826980,-0.100476,-0.392166,12.195723,121.872177,34.875286,-0.057916,0.147754,0.472561,-0.866891,20.893440,105.639481,22.092024,0.016286,0.143973,0.832483,-0.534770,10.418556,122.828865,17.952517,0.048396,0.892703,0.120310,0.431584,-10.812510,83.329514,18.178343,0.074923,0.943391,0.018275,0.322592,-10.202597,49.536823,9.206211,-0.000147,0.958135,0.077841,0.275531,-16.020782,5.168262,5.487358,-0.101689,0.915777,-0.051681,0.385152,1.481864,83.953712,30.815607,-0.034369,0.894870,-0.075452,0.438558,6.602636,49.894913,36.864807,-0.057125,0.907448,0.038653,0.414464,6.392984,5.609575,44.282063,-0.000147,0.958135,0.077841,0.275531,-8.787378,1.478827,-6.429619,-0.057125,0.907448,0.038653,0.414464,17.065582,1.485221,35.505177
921,7.675000,0.004344,0.919379,-0.055414,0.389426,-4.697356,83.640854,24.499292,0.002382,0.918672,-0.002686,0.395004,-4.327398,90.829399,23.786753,0.025393,0.915228,-0.073602,0.395342,-4.218780,107.566689,23.735737,0.054153,0.917349,-0.124122,0.374344,-2.322662,125.461067,21.659012,0.174845,0.837859,-0.407828,0.317959,1.494296,138.158875,17.884348,0.110059,0.870494,0.015284,0.479473,-5.323176,120.130882,19.657921,-0.014427,-0.671021,0.188454,-0.716944,-13.718149,123.486832,6.131381,0.034939,-0.270614,-0.214866,-0.937753,-13.080753,117.863060,-15.560307,0.173782,-0.047438,-0.515971,-0.837450,2.689102,125.819733,-26.386162,-0.027265,0.939891,-0.075616,0.331880,-0.482174,120.213547,24.790140,0.390561,0.826854,-0.100218,-0.392087,12.179364,121.864006,34.873123,-0.057819,0.147980,0.472870,-0.866691,20.865425,105.623100,22.092363,0.016086,0.144082,0.832492,-0.534732,10.405924,122.818520,17.945168,0.048310,0.892634,0.120369,0.431720,-10.842580,83.330605,18.178665,0.074715,0.943438,0.018362,0.322498,-10.224129,49.538330,9.205567,-0.000124,0.958116,0.077881,0.275586,-16.022573,5.167243,5.485945,-0.101736,0.915654,-0.051679,0.385432,1.447869,83.951103,30.819920,-0.034635,0.894918,-0.075212,0.438481,6.569806,49.892952,36.871769,-0.057118,0.907458,0.038650,0.414443,6.391695,5.606008,44.280266,-0.000124,0.958116,0.077881,0.275586,-8.787960,1.478692,-6.430565,-0.057118,0.907458,0.038650,0.414443,17.063826,1.481468,35.502911
922,7.683333,0.004477,0.919346,-0.055514,0.389489,-4.728014,83.641350,24.500763,0.002556,0.918653,-0.002895,0.395046,-4.355681,90.829712,23.787666,0.025394,0.915211,-0.073679,0.395367,-4.238917,107.569504,23.732515,0.054488,0.917295,-0.124223,0.374393,-2.341604,125.463463,21.653334,0.174869,0.837984,-0.407604,0.317903,1.484798,138.158844,17.880024,0.110220,0.870384,0.014545,0.479658,-5.342332,120.133171,19.652840,-0.014482,-0.670767,0.188641,-0.717131,-13.730368,123.481812,6.120183,0.035092,-0.270291,-0.214471,-0.937930,-13.080873,117.851959,-15.569572,0.173960,-0.047403,-0.515597,-0.837646,2.702241,125.793098,-26.384974,-0.026757,0.939892,-0.075719,0.331894,-0.501604,120.216278,24.785315,0.390848,0.826829,-0.099679,-0.391990,12.160521,121.852341,34.869919,-0.057825,0.148088,0.473195,-0.866495,20.839911,105.611130,22.085018,0.016087,0.144178,0.832686,-0.534404,10.393984,122.815155,17.935902,0.048254,0.892553,0.120420,0.431880,-10.872358,83.332497,18.179209,0.074454,0.943437,0.018423,0.322559,-10.247305,49.540703,9.204738,-0.000253,0.958130,0.077883,0.275539,-16.021841,5.166334,5.487099,-0.101874,0.915599,-0.051743,0.385517,1.416329,83.950203,30.822319,-0.034800,0.895142,-0.075034,0.438041,6.544696,49.894474,36.882374,-0.057042,0.907467,0.038674,0.414433,6.390531,5.606153,44.283203,-0.000253,0.958130,0.077883,0.275539,-8.787194,1.478807,-6.429711,-0.057042,0.907467,0.038674,0.414433,17.061874,1.481264,35.505043
923,7.691667,0.004487,0.919340,-0.055453,0.389511,-4.753190,83.641724,24.500370,0.002713,0.918621,-0.003155,0.395117,-4.381042,90.830185,23.788145,0.025506,0.915167,-0.073779,0.395444,-4.256011,107.570778,23.727087,0.054501,0.917299,-0.124069,0.374433,-2.353399,125.463997,21.646374,0.174879,0.838068,-0.407435,0.317893,1.472058,138.160843,17.877083,0.110198,0.870299,0.014945,0.479805,-5.355214,120.134331,19.645878,-0.014440,-0.670574,0.188932,-0.717236,-13.738802,123.488365,6.111804,0.035247,-0.270064,-0.214062,-0.938083,-13.082611,117.846893,-15.574726,0.174074,-0.047284,-0.515099,-0.837936,2.711737,125.771545,-26.383045,-0.026514,0.939811,-0.075739,0.332139,-0.515426,120.216644,24.779253,0.391294,0.826736,-0.099089,-0.391891,12.141818,121.846024,34.871063,-0.057645,0.148243,0.473668,-0.866222,20.809071,105.600723,22.083101,0.016310,0.144265,0.832863,-0.534099,10.383640,122.815239,17.927841,0.048301,0.892416,0.120490,0.432137,-10.897226,83.333435,18.178490,0.074190,0.943437,0.018410,0.322620,-10.270312,49.543152,9.198483,0.000082,0.958104,0.078014,0.275591,-16.022751,5.165219,5.489135,-0.101968,0.915583,-0.051884,0.385510,1.390845,83.950012,30.822250,-0.034962,0.895387,-0.074852,0.437558,6.521343,49.896656,36.893791,-0.057022,0.907509,0.038771,0.414334,6.391314,5.606923,44.286518,0.000082,0.958104,0.078014,0.275591,-8.789487,1.478760,-6.428843,-0.057022,0.907509,0.038771,0.414334,17.060854,1.484118,35.505188
924,7.700000,0.004662,0.919342,-0.055541,0.389492,-4.782381,83.645996,24.502563,0.002610,0.918609,-0.003442,0.395145,-4.407422,90.834290,23.790155,0.025792,0.915127,-0.073896,0.395495,-4.281771,107.572678,23.718929,0.054642,0.917304,-0.123942,0.374440,-2.367913,125.464737,21.638580,0.174874,0.838190,-0.407247,0.317815,1.459800,138.162262,17.873837,0.110223,0.870263,0.014732,0.479872,-5.372653,120.136902,19.637581,-0.014433,-0.670343,0.188983,-0.717438,-13.753986,123.488213,6.101432,0.035441,-0.269794,-0.213724,-0.938231,-13.084764,117.842995,-15.583733,0.174194,-0.047175,-0.514784,-0.838110,2.720107,125.753273,-26.383411,-0.026365,0.939855,-0.075765,0.332020,-0.533647,120.216248,24.771742,0.391909,0.826556,-0.098488,-0.391807,12.126447,121.841110,34.860710,-0.057511,0.148190,0.474276,-0.865907,20.775045,105.587097,22.071199,0.016501,0.144287,0.833077,-0.533753,10.372452,122.816612,17.918488,0.048195,0.892385,0.120595,0.432184,-10.926652,83.339966,18.180798,0.073976,0.943460,0.018456,0.322600,-10.289454,49.550732,9.197549,0.000166,0.958107,0.077929,0.275604,-16.022598,5.170098,5.490630,-0.102082,0.915543,-0.051944,0.385566,1.361889,83.952019,30.824327,-0.035096,0.895487,-0.074672,0.437374,6.497583,49.900730,36.903061,-0.057013,0.907448,0.038776,0.414468,6.386986,5.609417,44.286709,0.000166,0.958107,0.077929,0.275604,-8.790002,1.480713,-6.426851,-0.057013,0.907448,0.038776,0.414468,17.059036,1.486758,35.508358
925,7.708333,0.004738,0.919333,-0.055594,0.389504,-4.811623,83.646286,24.502607,0.002933,0.918532,-0.003547,0.395320,-4.435343,90.834488,23.789934,0.025657,0.915022,-0.074182,0.395694,-4.298309,107.579407,23.719728,0.054777,0.917236,-0.123916,0.374595,-2.384400,125.470200,21.628443,0.174859,0.838287,-0.407080,0.317783,1.447221,138.167404,17.866589,0.110306,0.870205,0.014202,0.479973,-5.388075,120.140907,19.629700,-0.014505,-0.670268,0.188939,-0.717518,-13.765650,123.486160,6.089731,0.035487,-0.269540,-0.213287,-0.938402,-13.091194,117.843796,-15.596006,0.174194,-0.047071,-0.514123,-0.838522,2.725278,125.737549,-26.386213,-0.025908,0.939829,-0.075796,0.332123,-0.551188,120.223846,24.765797,0.392398,0.826363,-0.098047,-0.391835,12.107446,121.835289,34.858738,-0.057291,0.148374,0.474787,-0.865609,20.737820,105.574165,22.065977,0.016607,0.144236,0.833268,-0.533464,10.357786,122.814514,17.905563,0.048116,0.892287,0.120763,0.432348,-10.955707,83.341118,18.180624,0.073754,0.943502,0.018441,0.322527,-10.306799,49.554169,9.189606,0.000071,0.958120,0.077894,0.275571,-16.021971,5.170533,5.490846,-0.102151,0.915493,-0.052002,0.385659,1.332461,83.951454,30.824593,-0.035356,0.895476,-0.074500,0.437405,6.470326,49.901566,36.909355,-0.056908,0.907470,0.038854,0.414427,6.387185,5.609587,44.289356,0.000071,0.958120,0.077894,0.275571,-8.789422,1.480927,-6.426593,-0.056908,0.907470,0.038854,0.414427,17.057747,1.487528,35.508926
926,7.716667,0.004888,0.919314,-0.055784,0.389520,-4.848026,83.643616,24.502028,0.003060,0.918529,-0.004013,0.395321,-4.468683,90.831490,23.787685,0.025997,0.915020,-0.074125,0.395688,-4.321599,107.572746,23.704845,0.054479,0.917310,-0.123983,0.374435,-2.397220,125.463196,21.620321,0.174983,0.838436,-0.406602,0.317933,1.426880,138.161011,17.852865,0.110464,0.870111,0.014239,0.480106,-5.403898,120.136406,19.619457,-0.014842,-0.670130,0.189215,-0.717568,-13.776201,123.486397,6.077400,0.035301,-0.269460,-0.212862,-0.938528,-13.098124,117.844757,-15.608415,0.174137,-0.046963,-0.513442,-0.838957,2.725254,125.724045,-26.393068,-0.025870,0.939746,-0.075987,0.332318,-0.567191,120.214607,24.755798,0.392761,0.826172,-0.097783,-0.391940,12.087296,121.827377,34.853729,-0.057166,0.148506,0.475227,-0.865354,20.701258,105.560364,22.057394,0.016665,0.144013,0.833406,-0.533307,10.340388,122.810219,17.892588,0.048065,0.892143,0.120924,0.432606,-10.991871,83.339539,18.179760,0.073428,0.943494,0.018431,0.322628,-10.332243,49.554981,9.180565,0.000280,0.958119,0.078050,0.275529,-16.019825,5.167007,5.491420,-0.102204,0.915448,-0.052029,0.385748,1.295819,83.947685,30.824295,-0.035690,0.895500,-0.074287,0.437364,6.435677,49.898754,36.912697,-0.057039,0.907488,0.038835,0.414372,6.388103,5.606067,44.288750,0.000280,0.958119,0.078050,0.275529,-8.789756,1.480106,-6.428358,-0.057039,0.907488,0.038835,0.414372,17.058702,1.485098,35.507851
927,7.725000,0.004965,0.919331,-0.055874,0.389466,-4.876293,83.641693,24.498817,0.003221,0.918490,-0.004054,0.395410,-4.495450,90.829414,23.783693,0.025846,0.914951,-0.074403,0.395804,-4.342815,107.577789,23.701712,0.054710,0.917246,-0.123911,0.374583,-2.419239,125.467026,21.606091,0.174927,0.838541,-0.406451,0.317879,1.410604,138.164566,17.843576,0.110519,0.870046,0.014123,0.480214,-5.425076,120.138725,19.607973,-0.014920,-0.669996,0.189213,-0.717692,-13.793600,123.488297,6.063469,0.035241,-0.269383,-0.212488,-0.938637,-13.107403,117.847954,-15.622433,0.173978,-0.046911,-0.512726,-0.839430,2.723122,125.713898,-26.403427,-0.025412,0.939736,-0.076073,0.332360,-0.589553,120.220589,24.745373,0.393294,0.825974,-0.097363,-0.391927,12.064777,121.820366,34.845570,-0.057153,0.148787,0.475718,-0.865037,20.660374,105.544533,22.048103,0.016222,0.143890,0.833615,-0.533028,10.322182,122.806122,17.876163,0.047860,0.892183,0.121074,0.432504,-11.020863,83.338318,18.177217,0.073251,0.943754,0.018502,0.321902,-10.344906,49.554913,9.174897,0.000250,0.958119,0.078038,0.275534,-16.018381,5.164841,5.489163,-0.102157,0.915420,-0.052176,0.385808,1.268277,83.945076,30.820417,-0.035989,0.895528,-0.074098,0.437314,6.400752,49.896545,36.917301,-0.056814,0.907482,0.038973,0.414402,6.385002,5.603269,44.289906,0.000250,0.958119,0.078038,0.275534,-8.787953,1.477813,-6.430362,-0.056814,0.907482,0.038973,0.414402,17.054605,1.483017,35.507454
928,7.733333,0.004986,0.919353,-0.056050,0.389389,-4.906961,83.639542,24.496338,0.003335,0.918490,-0.004309,0.395406,-4.524922,90.826965,23.778973,0.025935,0.914935,-0.074515,0.395815,-4.365361,107.579338,23.690619,0.054798,0.917223,-0.123864,0.374641,-2.437204,125.467812,21.592636,0.174730,0.838660,-0.406249,0.317932,1.394689,138.165436,17.832479,0.110547,0.869947,0.014099,0.480389,-5.444295,120.139992,19.595119,-0.015180,-0.669919,0.189325,-0.717729,-13.807158,123.489693,6.047155,0.035071,-0.269289,-0.212104,-0.938757,-13.118231,117.853180,-15.639654,0.173815,-0.046903,-0.512242,-0.839760,2.719578,125.706497,-26.415211,-0.025074,0.939713,-0.076318,0.332396,-0.608967,120.221352,24.732710,0.393835,0.825742,-0.096909,-0.391986,12.045153,121.813538,34.834370,-0.057164,0.148967,0.476260,-0.864707,20.619612,105.529495,22.033157,0.015880,0.143742,0.833720,-0.532913,10.305635,122.802971,17.858664,0.047712,0.892216,0.121272,0.432397,-11.052589,83.335365,18.175804,0.073010,0.943818,0.018492,0.321769,-10.362402,49.554333,9.165658,0.000103,0.958129,0.078137,0.275471,-16.016325,5.161056,5.488505,-0.102108,0.915361,-0.052170,0.385962,1.238667,83.943710,30.816872,-0.036385,0.895372,-0.073961,0.437625,6.367203,49.894436,36.912907,-0.056951,0.907496,0.038955,0.414355,6.386177,5.601895,44.289989,0.000103,0.958129,0.078137,0.275471,-8.785851,1.477821,-6.432165,-0.056951,0.907496,0.038955,0.414355,17.056004,1.482809,35.507263
929,7.741667,0.005205,0.919415,-0.055913,0.389260,-4.939131,83.636513,24.483715,0.003292,0.918517,-0.004460,0.395343,-4.555045,90.824127,23.769339,0.026218,0.914931,-0.074665,0.395777,-4.394785,107.577827,23.675762,0.055049,0.917239,-0.123430,0.374710,-2.455194,125.464943,21.576839,0.174373,0.838788,-0.406271,0.317763,1.379006,138.165802,17.829996,0.110771,0.869879,0.013715,0.480471,-5.465776,120.138969,19.579683,-0.015482,-0.669861,0.189315,-0.717779,-13.824457,123.488831,6.029178,0.034829,-0.269276,-0.211685,-0.938865,-13.131900,117.861244,-15.659833,0.173414,-0.046849,-0.511823,-0.840101,2.710429,125.700394,-26.431257,-0.025060,0.939696,-0.076517,0.332399,-0.630227,120.217468,24.717110,0.394385,0.825511,-0.096565,-0.392004,12.023832,121.811356,34.818577,-0.057165,0.149087,0.476876,-0.864346,20.578211,105.516991,22.017059,0.015915,0.143616,0.833661,-0.533039,10.289921,122.805450,17.842005,0.047483,0.892171,0.121300,0.432507,-11.086496,83.336952,18.164652,0.072742,0.943927,0.018513,0.321508,-10.380101,49.554874,9.159710,0.000385,0.958126,0.078279,0.275439,-16.011883,5.158174,5.490069,-0.102282,0.915395,-0.052404,0.385802,1.208236,83.936066,30.802778,-0.036606,0.895436,-0.073821,0.437498,6.342449,49.890995,36.917503,-0.056922,0.907484,0.039173,0.414365,6.385735,5.598047,44.292023,0.000385,0.958126,0.078279,0.275439,-8.784337,1.476723,-6.432927,-0.056922,0.907484,0.039173,0.414365,17.056108,1.484053,35.507576
930,7.750000,0.005220,0.919472,-0.056019,0.389110,-4.970780,83.634689,24.475382,0.003476,0.918546,-0.004747,0.395271,-4.586013,90.822128,23.759626,0.026261,0.914949,-0.074729,0.395721,-4.416258,107.579216,23.659601,0.055150,0.917272,-0.123126,0.374713,-2.474454,125.465919,21.559059,0.174175,0.838950,-0.406097,0.317665,1.359302,138.169357,17.820518,0.110876,0.869802,0.013744,0.480585,-5.485993,120.140198,19.562662,-0.016042,-0.669767,0.189742,-0.717742,-13.840350,123.493240,6.010281,0.034477,-0.269262,-0.211274,-0.938974,-13.149423,117.868980,-15.679643,0.173254,-0.046847,-0.511540,-0.840307,2.701192,125.697495,-26.448614,-0.024763,0.939529,-0.076856,0.332813,-0.649850,120.218422,24.699533,0.394425,0.825535,-0.096296,-0.391980,11.995739,121.807777,34.812313,-0.057264,0.149494,0.477084,-0.864154,20.549551,105.516365,22.006664,0.015833,0.143509,0.833730,-0.532962,10.275142,122.808815,17.821032,0.047284,0.892211,0.121473,0.432398,-11.120205,83.334801,18.158337,0.072499,0.944008,0.018469,0.321328,-10.397245,49.554356,9.148596,0.000354,0.958115,0.078422,0.275437,-16.010572,5.154338,5.490722,-0.102361,0.915421,-0.052549,0.385702,1.178644,83.934570,30.792427,-0.036910,0.895431,-0.073700,0.437504,6.314497,49.891682,36.917946,-0.056921,0.907493,0.039215,0.414342,6.386916,5.599135,44.294651,0.000354,0.958115,0.078422,0.275437,-8.782426,1.476984,-6.433174,-0.056921,0.907493,0.039215,0.414342,17.056953,1.486132,35.509335
931,7.758333,0.005195,0.919550,-0.056015,0.388925,-5.000665,83.629051,24.465031,0.003470,0.918593,-0.005138,0.395157,-4.616392,90.816505,23.749117,0.026605,0.914979,-0.074650,0.395642,-4.441665,107.574142,23.636978,0.055052,0.917327,-0.122925,0.374659,-2.489774,125.460602,21.543819,0.173790,0.839143,-0.405808,0.317735,1.339353,138.166458,17.808720,0.111053,0.869758,0.013722,0.480625,-5.504610,120.137466,19.545498,-0.016326,-0.669801,0.189782,-0.717693,-13.856427,123.495041,5.992673,0.034390,-0.269298,-0.210995,-0.939030,-13.168238,117.878448,-15.699323,0.173208,-0.046831,-0.511341,-0.840438,2.686374,125.697418,-26.469070,-0.024836,0.939461,-0.077126,0.332937,-0.667847,120.210732,24.681858,0.394891,0.825348,-0.095893,-0.392002,11.974926,121.805504,34.797298,-0.057214,0.149668,0.477555,-0.863867,20.511446,105.507088,21.989019,0.015668,0.143382,0.833671,-0.533094,10.257565,122.810890,17.799093,0.047158,0.892302,0.121574,0.432196,-11.152623,83.328995,18.150463,0.072177,0.944014,0.018430,0.321385,-10.420752,49.549427,9.138126,0.000386,0.958111,0.078690,0.275373,-16.007816,5.145097,5.492501,-0.102368,0.915567,-0.052776,0.385322,1.151293,83.929100,30.779596,-0.037224,0.895426,-0.073566,0.437510,6.283954,49.887993,36.917625,-0.057018,0.907484,0.039360,0.414334,6.386845,5.595777,44.295948,0.000386,0.958111,0.078690,0.275373,-8.780815,1.474781,-6.434253,-0.057018,0.907484,0.039360,0.414334,17.057970,1.487556,35.509720
932,7.766667,0.005279,0.919614,-0.056144,0.388755,-5.034563,83.624153,24.451897,0.003670,0.918601,-0.005185,0.395136,-4.648582,90.811386,23.734669,0.026519,0.914956,-0.074947,0.395645,-4.466938,107.578728,23.623642,0.055108,0.917355,-0.122613,0.374685,-2.513671,125.463745,21.519497,0.173661,0.839341,-0.405544,0.317621,1.313931,138.172455,17.792543,0.111160,0.869696,0.013734,0.480712,-5.528931,120.139626,19.524458,-0.016560,-0.669815,0.190003,-0.717616,-13.877275,123.500214,5.970235,0.034305,-0.269284,-0.210793,-0.939082,-13.193668,117.884209,-15.722062,0.173266,-0.046890,-0.511245,-0.840481,2.668625,125.698639,-26.493475,-0.024598,0.939479,-0.077137,0.332903,-0.692134,120.215668,24.660748,0.395214,0.825282,-0.095478,-0.391918,11.951782,121.803223,34.775909,-0.057161,0.149720,0.477825,-0.863713,20.479811,105.501701,21.965927,0.015470,0.143274,0.833756,-0.532995,10.237331,122.811577,17.774759,0.047039,0.892355,0.121694,0.432065,-11.188850,83.324745,18.139565,0.071844,0.944106,0.018384,0.321193,-10.447231,49.546425,9.123341,0.000378,0.958091,0.078885,0.275387,-16.008278,5.137631,5.492303,-0.102424,0.915650,-0.052906,0.385092,1.119725,83.923569,30.764229,-0.037527,0.895714,-0.073554,0.436897,6.253874,49.884209,36.910748,-0.056901,0.907505,0.039529,0.414288,6.386556,5.593863,44.299820,0.000378,0.958091,0.078885,0.275387,-8.780359,1.472618,-6.435534,-0.056901,0.907505,0.039529,0.414288,17.056257,1.488367,35.510578
933,7.775000,0.005449,0.919709,-0.056244,0.388513,-5.071228,83.619308,24.432987,0.003797,0.918669,-0.005468,0.394972,-4.682614,90.806351,23.715282,0.026816,0.915011,-0.074918,0.395505,-4.493381,107.571854,23.597210,0.054936,0.917452,-0.122395,0.374544,-2.531020,125.456451,21.497971,0.173315,0.839602,-0.405126,0.317654,1.289515,138.168045,17.773630,0.111505,0.869684,0.013679,0.480655,-5.549653,120.134560,19.502090,-0.016591,-0.669774,0.189984,-0.717659,-13.897244,123.503998,5.949607,0.034370,-0.269467,-0.210701,-0.939048,-13.210837,117.889145,-15.742898,0.173199,-0.047060,-0.511384,-0.840401,2.649303,125.698914,-26.521660,-0.024602,0.939404,-0.077386,0.333057,-0.711511,120.206436,24.637171,0.395544,0.825041,-0.095351,-0.392122,11.929046,121.797157,34.756023,-0.057202,0.150039,0.478259,-0.863414,20.438219,105.489037,21.941908,0.015221,0.143072,0.833720,-0.533113,10.216187,122.810364,17.742844,0.046835,0.892432,0.121730,0.431917,-11.228786,83.322212,18.123739,0.071464,0.944238,0.018394,0.320888,-10.474876,49.543171,9.111246,0.000418,0.958097,0.079052,0.275318,-16.004765,5.129519,5.492064,-0.102506,0.915666,-0.053076,0.385010,1.086331,83.916405,30.742233,-0.037897,0.895621,-0.073468,0.437070,6.221594,49.879486,36.901295,-0.057017,0.907503,0.039458,0.414284,6.385984,5.590513,44.297974,0.000418,0.958097,0.079052,0.275318,-8.778431,1.468765,-6.438035,-0.057017,0.907503,0.039458,0.414284,17.056402,1.484677,35.509766
934,7.783333,0.005666,0.919807,-0.056324,0.388266,-5.107016,83.615616,24.412910,0.003893,0.918696,-0.005559,0.394906,-4.715265,90.802498,23.695272,0.026691,0.915005,-0.075125,0.395487,-4.521780,107.573570,23.575602,0.055177,0.917429,-0.122114,0.374657,-2.560630,125.457291,21.467707,0.173056,0.839819,-0.404816,0.317614,1.263699,138.170609,17.753180,0.111622,0.869585,0.014534,0.480781,-5.579053,120.134247,19.474543,-0.016364,-0.669676,0.190147,-0.717712,-13.921857,123.520065,5.923191,0.034425,-0.269598,-0.210751,-0.938997,-13.232379,117.892609,-15.765950,0.173094,-0.047276,-0.511477,-0.840354,2.624945,125.703552,-26.550472,-0.024457,0.939465,-0.077382,0.332896,-0.740621,120.208885,24.609310,0.395734,0.824842,-0.095474,-0.392320,11.903666,121.794769,34.724258,-0.057335,0.150191,0.478568,-0.863208,20.399130,105.480156,21.909315,0.015192,0.143070,0.833645,-0.533232,10.191632,122.808685,17.709682,0.046623,0.892672,0.121669,0.431463,-11.267922,83.321754,18.106785,0.071076,0.944376,0.018475,0.320564,-10.507195,49.540295,9.103942,0.000391,0.958094,0.079217,0.275282,-16.003265,5.121943,5.490897,-0.102548,0.915686,-0.053219,0.384929,1.053891,83.909485,30.719036,-0.038309,0.895581,-0.073440,0.437119,6.188437,49.874241,36.887955,-0.057388,0.907527,0.039368,0.414187,6.386572,5.587718,44.298439,0.000391,0.958094,0.079217,0.275282,-8.777146,1.465876,-6.440769,-0.057388,0.907527,0.039368,0.414187,17.058092,1.484055,35.510559
935,7.791667,0.005848,0.919942,-0.056349,0.387940,-5.142087,83.617317,24.387444,0.003969,0.918755,-0.005662,0.394769,-4.748019,90.804123,23.670357,0.026894,0.915032,-0.075145,0.395406,-4.550885,107.573547,23.548513,0.054951,0.917503,-0.121870,0.374588,-2.582932,125.456764,21.442728,0.172782,0.840005,-0.404472,0.317711,1.233111,138.173477,17.731266,0.111718,0.869566,0.014033,0.480808,-5.603745,120.135185,19.449276,-0.016425,-0.669749,0.189950,-0.717695,-13.945007,123.515808,5.895680,0.034440,-0.269690,-0.210808,-0.938957,-13.256521,117.896736,-15.795666,0.173061,-0.047355,-0.511747,-0.840192,2.596937,125.708900,-26.583014,-0.024470,0.939492,-0.077357,0.332823,-0.764567,120.207214,24.583378,0.395955,0.824779,-0.095005,-0.392342,11.881266,121.793053,34.696407,-0.057293,0.150188,0.478778,-0.863095,20.368103,105.479538,21.874346,0.014988,0.142925,0.833660,-0.533253,10.168735,122.813141,17.675137,0.046486,0.892808,0.121665,0.431196,-11.307415,83.326576,18.085491,0.070678,0.944408,0.018411,0.320562,-10.541015,49.544159,9.086740,0.000367,0.958067,0.079238,0.275369,-16.005377,5.120534,5.490518,-0.102609,0.915686,-0.053454,0.384882,1.023240,83.908058,30.689394,-0.038680,0.895513,-0.073403,0.437233,6.155555,49.875439,36.874615,-0.057002,0.907495,0.039386,0.414309,6.384038,5.590993,44.296612,0.000367,0.958067,0.079238,0.275369,-8.776880,1.465156,-6.439919,-0.057002,0.907495,0.039386,0.414309,17.054609,1.483198,35.509510
936,7.800000,0.006009,0.920019,-0.056328,0.387758,-5.174634,83.620087,24.363249,0.003963,0.918823,-0.005818,0.394606,-4.778689,90.806892,23.647261,0.026914,0.915097,-0.075148,0.395255,-4.579719,107.573463,23.520500,0.054784,0.917590,-0.121695,0.374456,-2.611395,125.456619,21.414581,0.172634,0.840225,-0.404046,0.317752,1.198150,138.175781,17.704817,0.111718,0.869500,0.014476,0.480915,-5.633168,120.135284,19.421961,-0.016644,-0.669636,0.190363,-0.717685,-13.971104,123.522652,5.868006,0.034289,-0.269895,-0.210965,-0.938869,-13.282908,117.896858,-15.821600,0.173111,-0.047459,-0.512160,-0.839924,2.566216,125.717201,-26.616856,-0.024467,0.939618,-0.077203,0.332504,-0.792322,120.206879,24.554493,0.395979,0.824684,-0.094937,-0.392536,11.860414,121.790253,34.659256,-0.057341,0.150027,0.478984,-0.863006,20.339607,105.477928,21.830631,0.015189,0.142569,0.833625,-0.533397,10.145647,122.818199,17.638832,0.046332,0.892996,0.121561,0.430852,-11.342424,83.332283,18.063576,0.070248,0.944426,0.018396,0.320605,-10.573082,49.547092,9.075470,0.000364,0.958079,0.079349,0.275296,-16.001476,5.117974,5.492684,-0.102596,0.915678,-0.053637,0.384879,0.993157,83.907883,30.662922,-0.039160,0.895253,-0.073360,0.437728,6.119671,49.876450,36.859478,-0.057008,0.907499,0.039327,0.414306,6.384283,5.594802,44.296940,0.000364,0.958079,0.079349,0.275296,-8.774426,1.465653,-6.439563,-0.057008,0.907499,0.039327,0.414306,17.054691,1.485614,35.510300
937,7.808333,0.006141,0.920081,-0.056318,0.387611,-5.209652,83.621132,24.335941,0.004027,0.918880,-0.005972,0.394471,-4.812117,90.807938,23.620766,0.026944,0.915148,-0.075212,0.395122,-4.609170,107.573959,23.490084,0.054922,0.917624,-0.121507,0.374414,-2.639239,125.456711,21.382191,0.172267,0.840546,-0.403558,0.317721,1.171657,138.177124,17.678118,0.111782,0.869517,0.014018,0.480883,-5.662237,120.135590,19.390848,-0.016525,-0.669656,0.190105,-0.717739,-14.000686,123.517670,5.835882,0.034326,-0.270035,-0.211190,-0.938777,-13.309243,117.896202,-15.854748,0.172988,-0.047535,-0.512521,-0.839725,2.531008,125.723007,-26.653841,-0.024403,0.939697,-0.077032,0.332327,-0.819920,120.207001,24.522001,0.395980,0.824554,-0.094664,-0.392873,11.836770,121.786163,34.622482,-0.057509,0.149765,0.479323,-0.862851,20.304054,105.479492,21.778809,0.015441,0.142154,0.833945,-0.533000,10.120423,122.828766,17.601442,0.046221,0.893243,0.121487,0.430373,-11.379427,83.335701,18.038099,0.069827,0.944313,0.018298,0.321032,-10.610206,49.548531,9.057423,0.000295,0.958048,0.079489,0.275364,-16.004318,5.113795,5.492522,-0.102712,0.915713,-0.053748,0.384748,0.960122,83.906570,30.633783,-0.039557,0.895160,-0.073420,0.437874,6.091798,49.877625,36.839748,-0.056959,0.907503,0.039256,0.414310,6.384678,5.599565,44.297493,0.000295,0.958048,0.079489,0.275364,-8.774673,1.465707,-6.439452,-0.056959,0.907503,0.039256,0.414310,17.054537,1.488004,35.511284
938,7.816667,0.006227,0.920115,-0.056309,0.387530,-5.245299,83.623444,24.306175,0.003888,0.918954,-0.006122,0.394298,-4.846737,90.810249,23.591558,0.026991,0.915224,-0.075274,0.394932,-4.646118,107.575897,23.454384,0.055132,0.917636,-0.121369,0.374399,-2.674213,125.458214,21.344721,0.171946,0.840820,-0.403077,0.317782,1.140397,138.179077,17.646015,0.111886,0.869530,0.013444,0.480852,-5.698855,120.137466,19.354891,-0.016229,-0.669724,0.189623,-0.717809,-14.037527,123.513535,5.798565,0.034548,-0.270017,-0.211398,-0.938727,-13.341968,117.898109,-15.893498,0.172968,-0.047646,-0.512900,-0.839491,2.494538,125.729843,-26.693218,-0.024390,0.939804,-0.076970,0.332037,-0.854455,120.208382,24.484079,0.395974,0.824505,-0.094559,-0.393007,11.808507,121.785858,34.576958,-0.057616,0.149569,0.479446,-0.862810,20.271271,105.481529,21.727333,0.015336,0.141632,0.834076,-0.532938,10.089440,122.835648,17.559328,0.046070,0.893496,0.121420,0.429883,-11.416157,83.339539,18.009329,0.069370,0.944261,0.018177,0.321293,-10.644541,49.550262,9.036805,0.000344,0.958053,0.079623,0.275308,-16.002657,5.109415,5.493826,-0.102683,0.915729,-0.053874,0.384701,0.925559,83.907349,30.603022,-0.040107,0.894782,-0.073392,0.438601,6.052311,49.878944,36.815990,-0.056934,0.907475,0.039079,0.414392,6.384350,5.604446,44.293228,0.000344,0.958053,0.079623,0.275308,-8.774446,1.464627,-6.440024,-0.056934,0.907475,0.039079,0.414392,17.055088,1.488280,35.510242
939,7.825000,0.006486,0.920173,-0.056441,0.387367,-5.287737,83.623764,24.276657,0.003938,0.919005,-0.006389,0.394175,-4.885110,90.810310,23.561680,0.026987,0.915261,-0.075398,0.394823,-4.679479,107.572495,23.416946,0.055293,0.917675,-0.121161,0.374346,-2.706186,125.454155,21.302917,0.171570,0.841169,-0.402604,0.317661,1.110061,138.176361,17.610559,0.112010,0.869509,0.014023,0.480844,-5.731859,120.133278,19.314960,-0.015631,-0.669809,0.189313,-0.717825,-14.069889,123.521843,5.761358,0.034950,-0.270075,-0.211735,-0.938619,-13.374187,117.898369,-15.928614,0.173126,-0.047713,-0.513226,-0.839256,2.455135,125.737679,-26.733446,-0.024343,0.939858,-0.077034,0.331875,-0.886241,120.204803,24.442995,0.396136,0.824379,-0.094213,-0.393192,11.780305,121.781181,34.531548,-0.057660,0.149370,0.479656,-0.862725,20.230787,105.478432,21.671848,0.014965,0.141060,0.834117,-0.533036,10.053786,122.839775,17.512396,0.045895,0.893712,0.121392,0.429461,-11.460765,83.343346,17.981779,0.068934,0.944257,0.018087,0.321402,-10.683331,49.552464,9.015788,0.000331,0.958009,0.079685,0.275444,-16.006866,5.105919,5.492313,-0.102746,0.915804,-0.053943,0.384494,0.885292,83.904190,30.571535,-0.040631,0.894446,-0.073428,0.439231,6.015492,49.877209,36.789448,-0.056929,0.907462,0.038893,0.414439,6.382827,5.606988,44.290329,0.000331,0.958009,0.079685,0.275444,-8.775100,1.462811,-6.439895,-0.056929,0.907462,0.038893,0.414439,17.053921,1.486187,35.509949
940,7.833333,0.006878,0.920179,-0.056555,0.387330,-5.335961,83.623215,24.238901,0.004387,0.919014,-0.006461,0.394148,-4.927509,90.809494,23.524588,0.026623,0.915282,-0.075617,0.394756,-4.707002,107.579353,23.383497,0.055367,0.917698,-0.120914,0.374359,-2.742801,125.460518,21.256847,0.171410,0.841409,-0.402235,0.317580,1.072945,138.184830,17.571211,0.111935,0.869538,0.013934,0.480811,-5.766307,120.136818,19.273149,-0.015321,-0.669825,0.189121,-0.717867,-14.105904,123.521973,5.719651,0.035133,-0.270140,-0.212074,-0.938517,-13.407904,117.895035,-15.969354,0.173217,-0.047721,-0.513572,-0.839025,2.413683,125.744286,-26.777435,-0.024000,0.939867,-0.077043,0.331871,-0.919668,120.214203,24.400135,0.396237,0.824049,-0.094403,-0.393736,11.747509,121.780144,34.489525,-0.057806,0.149505,0.480029,-0.862484,20.175215,105.473877,21.619329,0.014798,0.140626,0.834147,-0.533108,10.014788,122.844604,17.460457,0.045627,0.893905,0.121296,0.429115,-11.509411,83.348404,17.944187,0.068482,0.944224,0.017958,0.321602,-10.721675,49.554165,8.991750,0.000371,0.957966,0.079757,0.275571,-16.010065,5.101615,5.491058,-0.102991,0.915801,-0.054038,0.384422,0.837488,83.898018,30.533615,-0.041122,0.894287,-0.073491,0.439498,5.981119,49.875278,36.763653,-0.056935,0.907468,0.038743,0.414438,6.383051,5.609500,44.288940,0.000371,0.957966,0.079757,0.275571,-8.775410,1.460100,-6.439889,-0.056935,0.907468,0.038743,0.414438,17.053764,1.485049,35.509811
941,7.841667,0.007138,0.920226,-0.056605,0.387206,-5.379332,83.622536,24.198856,0.004498,0.919101,-0.006573,0.393942,-4.967227,90.808685,23.485291,0.026613,0.915378,-0.075712,0.394516,-4.741850,107.578323,23.342186,0.055031,0.917803,-0.120727,0.374211,-2.777185,125.458992,21.211779,0.171237,0.841614,-0.401715,0.317787,1.027743,138.186569,17.526281,0.111909,0.869566,0.013874,0.480769,-5.802191,120.135262,19.230471,-0.015393,-0.669817,0.189221,-0.717847,-14.143302,123.518791,5.677508,0.035222,-0.270201,-0.212543,-0.938390,-13.446529,117.890930,-16.011293,0.173701,-0.047628,-0.514137,-0.838584,2.367647,125.757324,-26.823265,-0.023913,0.939903,-0.077172,0.331747,-0.952876,120.212997,24.354918,0.396506,0.823732,-0.094112,-0.394198,11.717118,121.777405,34.441002,-0.057675,0.149246,0.480441,-0.862309,20.118927,105.470024,21.555296,0.014717,0.139875,0.834018,-0.533509,9.971996,122.849655,17.405228,0.045579,0.894067,0.121112,0.428834,-11.554400,83.351753,17.905563,0.067882,0.944121,0.017838,0.322039,-10.772034,49.554108,8.965556,0.000193,0.957944,0.079864,0.275617,-16.011703,5.093831,5.489897,-0.103156,0.915756,-0.054162,0.384469,0.795738,83.893326,30.492151,-0.041654,0.894078,-0.073580,0.439858,5.946065,49.873898,36.734726,-0.056719,0.907490,0.038639,0.414429,6.384083,5.613253,44.288128,0.000193,0.957944,0.079864,0.275617,-8.774065,1.456454,-6.440497,-0.056719,0.907490,0.038639,0.414429,17.052454,1.483563,35.508621
942,7.850000,0.007345,0.920283,-0.056613,0.387066,-5.422613,83.623299,24.156792,0.004096,0.919221,-0.006663,0.393665,-5.007830,90.809387,23.444220,0.026926,0.915490,-0.075755,0.394226,-4.793678,107.579445,23.292940,0.055201,0.917852,-0.120452,0.374155,-2.818709,125.459267,21.164988,0.170890,0.841821,-0.401363,0.317871,0.987418,138.188812,17.487505,0.111967,0.869554,0.013573,0.480785,-5.848285,120.137878,19.184351,-0.015341,-0.669819,0.189204,-0.717850,-14.188470,123.518311,5.630036,0.034989,-0.270320,-0.212594,-0.938353,-13.491509,117.889420,-16.058498,0.173252,-0.047688,-0.514141,-0.838671,2.320117,125.760437,-26.873440,-0.024219,0.940106,-0.076816,0.331229,-0.995978,120.211472,24.306028,0.396453,0.823564,-0.094004,-0.394628,11.684707,121.780266,34.377998,-0.057846,0.148800,0.480666,-0.862249,20.073206,105.477921,21.477257,0.014710,0.139132,0.834278,-0.533297,9.929417,122.864784,17.347157,0.045508,0.894122,0.120991,0.428761,-11.599556,83.355957,17.865185,0.067270,0.944016,0.017622,0.322486,-10.817222,49.555801,8.934649,0.000184,0.957936,0.080088,0.275581,-16.009838,5.087402,5.492463,-0.103223,0.915528,-0.054237,0.384982,0.754330,83.890633,30.448400,-0.042324,0.893577,-0.073644,0.440802,5.903327,49.872749,36.700459,-0.056834,0.907467,0.038474,0.414479,6.384457,5.617994,44.285683,0.000184,0.957936,0.080088,0.275581,-8.772418,1.456188,-6.439947,-0.056834,0.907467,0.038474,0.414479,17.054331,1.485652,35.509239
943,7.858333,0.007585,0.920326,-0.056609,0.386960,-5.462894,83.625511,24.110968,0.003965,0.919283,-0.006746,0.393519,-5.045014,90.811554,23.399736,0.027004,0.915540,-0.075898,0.394077,-4.833793,107.585266,23.244108,0.055326,0.917902,-0.120230,0.374084,-2.854557,125.464157,21.112242,0.170517,0.842170,-0.400840,0.317805,0.952106,138.195343,17.440968,0.111877,0.869637,0.013451,0.480659,-5.886206,120.143234,19.133520,-0.014862,-0.670059,0.188659,-0.717780,-14.230969,123.519455,5.580983,0.035469,-0.270290,-0.212969,-0.938259,-13.539183,117.894493,-16.108730,0.173709,-0.047474,-0.514272,-0.838508,2.264720,125.772987,-26.924950,-0.024213,0.940167,-0.076815,0.331059,-1.032305,120.216431,24.253691,0.396727,0.823282,-0.093633,-0.395027,11.652045,121.784660,34.321121,-0.057604,0.148311,0.481186,-0.862059,20.016647,105.482086,21.405163,0.015203,0.138251,0.834316,-0.533454,9.887792,122.880409,17.290136,0.045311,0.894355,0.120899,0.428321,-11.641209,83.362206,17.820539,0.066756,0.943896,0.017358,0.322958,-10.853745,49.559238,8.901100,0.000251,0.957911,0.080244,0.275623,-16.008966,5.083817,5.493542,-0.103344,0.915536,-0.054471,0.384899,0.715420,83.888824,30.401394,-0.042882,0.893433,-0.073725,0.441025,5.866251,49.874458,36.671089,-0.057100,0.907469,0.038281,0.414456,6.386938,5.625039,44.284809,0.000251,0.957911,0.080244,0.275623,-8.770736,1.456274,-6.439490,-0.057100,0.907469,0.038281,0.414456,17.058151,1.491117,35.510750
944,7.866667,0.007924,0.920360,-0.056582,0.386876,-5.510687,83.627281,24.063877,0.003903,0.919317,-0.007007,0.393435,-5.088507,90.813293,23.354879,0.026976,0.915564,-0.075996,0.394004,-4.875766,107.588577,23.190351,0.055490,0.917913,-0.119967,0.374118,-2.896250,125.466980,21.054693,0.170102,0.842502,-0.400327,0.317796,0.912074,138.200012,17.391569,0.111925,0.869642,0.013521,0.480637,-5.928410,120.145782,19.077501,-0.014595,-0.670080,0.188581,-0.717786,-14.273519,123.524490,5.525796,0.035394,-0.270332,-0.213090,-0.938222,-13.581716,117.893944,-16.162466,0.173367,-0.047629,-0.514391,-0.838497,2.217783,125.776932,-26.978510,-0.024258,0.940298,-0.076732,0.330700,-1.073668,120.219803,24.196861,0.396889,0.823056,-0.093191,-0.395440,11.618334,121.787735,34.254684,-0.057349,0.147653,0.481549,-0.861986,19.962549,105.489326,21.320311,0.015409,0.137088,0.834774,-0.533031,9.840330,122.895538,17.224966,0.045087,0.894472,0.120798,0.428129,-11.690055,83.369766,17.774246,0.066163,0.943729,0.017093,0.323583,-10.893634,49.563679,8.867453,0.000312,0.957930,0.080360,0.275523,-16.004404,5.080372,5.496117,-0.103472,0.915628,-0.054693,0.384613,0.668680,83.884796,30.353510,-0.043537,0.893020,-0.073784,0.441788,5.823522,49.873989,36.639168,-0.056670,0.907463,0.038249,0.414531,6.387696,5.630434,44.283791,0.000312,0.957930,0.080360,0.275523,-8.768831,1.455596,-6.439363,-0.056670,0.907463,0.038249,0.414531,17.056524,1.490551,35.509640
945,7.875000,0.008352,0.920431,-0.056558,0.386702,-5.557980,83.624840,24.013113,0.003888,0.919381,-0.007281,0.393280,-5.130368,90.810791,23.306742,0.027035,0.915622,-0.075989,0.393867,-4.914439,107.589615,23.133472,0.055157,0.918065,-0.119842,0.373836,-2.933377,125.467934,20.998587,0.169990,0.842850,-0.399697,0.317725,0.864059,138.203629,17.333431,0.111705,0.869697,0.013466,0.480590,-5.966744,120.147263,19.021862,-0.014637,-0.670279,0.188487,-0.717624,-14.314922,123.519028,5.470318,0.035440,-0.270279,-0.213263,-0.938196,-13.633469,117.894279,-16.219782,0.173591,-0.047630,-0.514755,-0.838227,2.165096,125.783768,-27.034777,-0.024439,0.940377,-0.076793,0.330448,-1.110530,120.220306,24.139839,0.397052,0.822748,-0.092862,-0.395994,11.586610,121.793854,34.190304,-0.056951,0.147042,0.481807,-0.861973,19.905373,105.498421,21.235783,0.015533,0.136090,0.834849,-0.533165,9.787140,122.907677,17.155323,0.044894,0.894626,0.120733,0.427847,-11.739604,83.374611,17.725403,0.065556,0.943567,0.016768,0.324194,-10.935881,49.566200,8.828079,0.000377,0.957916,0.080537,0.275519,-16.002741,5.074716,5.498622,-0.103620,0.915757,-0.054911,0.384236,0.623645,83.875069,30.300819,-0.044137,0.892817,-0.073921,0.442114,5.784496,49.868080,36.602192,-0.056950,0.907440,0.038102,0.414557,6.388440,5.631074,44.281597,0.000377,0.957916,0.080537,0.275519,-8.767390,1.454249,-6.438303,-0.056950,0.907440,0.038102,0.414557,17.059786,1.490995,35.510597
946,7.883333,0.008552,0.920500,-0.056554,0.386533,-5.606581,83.623489,23.955740,0.004047,0.919465,-0.007465,0.393081,-5.176468,90.809395,23.250465,0.026890,0.915708,-0.076156,0.393644,-4.953190,107.592949,23.073544,0.054816,0.918222,-0.119310,0.373668,-2.975076,125.470642,20.930595,0.169878,0.843070,-0.399309,0.317690,0.807957,138.212967,17.273632,0.111718,0.869795,0.013263,0.480417,-6.008893,120.148872,18.957514,-0.014411,-0.670396,0.188354,-0.717555,-14.362394,123.518143,5.408630,0.035630,-0.270255,-0.213543,-0.938132,-13.685709,117.891548,-16.281137,0.173836,-0.047534,-0.515022,-0.838018,2.108282,125.789200,-27.096493,-0.024486,0.940430,-0.076756,0.330302,-1.150087,120.224426,24.072992,0.397373,0.822176,-0.092874,-0.396857,11.550118,121.798706,34.119469,-0.056887,0.146788,0.482454,-0.861659,19.826765,105.497833,21.144838,0.015395,0.135041,0.835177,-0.532922,9.730515,122.923813,17.075304,0.044532,0.894892,0.120667,0.427346,-11.790457,83.376709,17.670111,0.065004,0.943524,0.016445,0.324449,-10.971139,49.564930,8.787014,0.000401,0.957902,0.080759,0.275504,-15.999996,5.066013,5.499526,-0.103739,0.915794,-0.055608,0.384014,0.577294,83.870270,30.241371,-0.044784,0.892628,-0.073747,0.442461,5.728127,49.870380,36.589085,-0.056540,0.907463,0.037944,0.414578,6.387775,5.636227,44.280312,0.000401,0.957902,0.080759,0.275504,-8.764664,1.451380,-6.439176,-0.056540,0.907463,0.037944,0.414578,17.055538,1.487226,35.509171
947,7.891667,0.008935,0.920539,-0.056733,0.386407,-5.671916,83.620621,23.898602,0.004214,0.919549,-0.007784,0.392876,-5.235790,90.806137,23.193043,0.027016,0.915802,-0.076214,0.393406,-5.003080,107.596001,23.008329,0.054832,0.918292,-0.119014,0.373590,-3.020514,125.473114,20.864759,0.169375,0.843393,-0.398796,0.317744,0.759636,138.218262,17.214607,0.111841,0.869802,0.012879,0.480386,-6.056948,120.152328,18.893072,-0.014265,-0.670543,0.188246,-0.717448,-14.410543,123.519073,5.343612,0.035783,-0.270217,-0.213674,-0.938108,-13.740876,117.892578,-16.346403,0.174015,-0.047507,-0.515234,-0.837852,2.051630,125.793419,-27.161547,-0.024498,0.940496,-0.076995,0.330060,-1.195588,120.226288,24.006153,0.397443,0.821960,-0.092409,-0.397342,11.509809,121.802940,34.045700,-0.056546,0.146170,0.482823,-0.861579,19.766699,105.509583,21.049053,0.015842,0.133787,0.835582,-0.532590,9.677244,122.944221,16.995771,0.044170,0.894975,0.120679,0.427206,-11.857391,83.378983,17.614342,0.064387,0.943121,0.016002,0.325763,-11.016480,49.565163,8.741034,0.000371,0.957877,0.080990,0.275523,-16.001719,5.057785,5.502028,-0.104125,0.915956,-0.055786,0.383499,0.513560,83.862259,30.182861,-0.045444,0.892385,-0.073862,0.442864,5.687558,49.869373,36.549221,-0.056932,0.907475,0.037657,0.414524,6.391842,5.642095,44.275955,0.000371,0.957877,0.080990,0.275523,-8.765044,1.449604,-6.437820,-0.056932,0.907475,0.037657,0.414524,17.061165,1.490685,35.507847
948,7.900000,0.009295,0.920569,-0.056744,0.386325,-5.734982,83.620178,23.832577,0.004237,0.919690,-0.007788,0.392546,-5.294075,90.805588,23.128845,0.027016,0.915953,-0.076609,0.392979,-5.060689,107.595863,22.944227,0.055154,0.918341,-0.118597,0.373553,-3.073559,125.470795,20.786716,0.168864,0.843776,-0.398167,0.317789,0.710272,138.218597,17.149652,0.112108,0.869743,0.012848,0.480431,-6.113756,120.149780,18.821434,-0.014652,-0.670523,0.188788,-0.717317,-14.463985,123.523392,5.271606,0.035492,-0.270175,-0.213679,-0.938129,-13.802263,117.892197,-16.417433,0.174047,-0.047353,-0.515491,-0.837696,1.993352,125.797890,-27.230190,-0.024623,0.940662,-0.077170,0.329534,-1.247658,120.225433,23.929981,0.397292,0.821683,-0.092460,-0.398054,11.468832,121.806587,33.954765,-0.056862,0.145479,0.483216,-0.861455,19.705713,105.519882,20.937096,0.016176,0.132740,0.836005,-0.532178,9.623101,122.967102,16.916044,0.043670,0.895196,0.120606,0.426815,-11.921455,83.384392,17.549076,0.063785,0.943088,0.015619,0.325996,-11.055399,49.566265,8.694616,0.000600,0.957841,0.081266,0.275564,-16.000328,5.050865,5.504427,-0.104498,0.916126,-0.055984,0.382962,0.451491,83.855972,30.116077,-0.046139,0.892106,-0.074146,0.443307,5.647370,49.870071,36.501892,-0.056291,0.907503,0.037522,0.414563,6.392020,5.652294,44.279053,0.000600,0.957841,0.081266,0.275564,-8.763996,1.448433,-6.437364,-0.056291,0.907503,0.037522,0.414563,17.056158,1.489751,35.509914
949,7.908333,0.009481,0.920584,-0.056743,0.386285,-5.788669,83.627090,23.769392,0.004199,0.919783,-0.008434,0.392316,-5.345310,90.812454,23.066700,0.027217,0.916078,-0.076363,0.392720,-5.104721,107.595314,22.861679,0.054865,0.918507,-0.118479,0.373226,-3.114985,125.471207,20.714590,0.168504,0.844229,-0.397345,0.317805,0.658871,138.221405,17.075569,0.111987,0.869788,0.013079,0.480372,-6.157334,120.152092,18.747499,-0.014507,-0.670817,0.188664,-0.717078,-14.510283,123.526039,5.199432,0.035539,-0.270021,-0.213766,-0.938152,-13.864157,117.896667,-16.490549,0.174113,-0.047323,-0.515685,-0.837565,1.934771,125.806343,-27.299080,-0.025076,0.940749,-0.077018,0.329288,-1.288523,120.223442,23.853521,0.397673,0.821172,-0.092068,-0.398818,11.432496,121.816277,33.870701,-0.056704,0.144918,0.483868,-0.861194,19.628487,105.528496,20.828604,0.016395,0.132016,0.836194,-0.532056,9.565228,122.991089,16.827389,0.043220,0.895407,0.120624,0.426413,-11.975624,83.394386,17.486254,0.063239,0.943469,0.015267,0.325015,-11.084922,49.573822,8.643560,0.000576,0.957849,0.081299,0.275527,-15.997442,5.051217,5.504224,-0.104636,0.916367,-0.056182,0.382318,0.398286,83.859802,30.052530,-0.046968,0.891562,-0.074361,0.444276,5.602017,49.877472,36.450939,-0.056414,0.907496,0.037061,0.414603,6.395689,5.669484,44.278736,0.000576,0.957849,0.081299,0.275527,-8.761697,1.449895,-6.438253,-0.056414,0.907496,0.037061,0.414603,17.060379,1.497057,35.514973
950,7.916667,0.009737,0.920579,-0.056689,0.386297,-5.851418,83.629433,23.699074,0.004285,0.919873,-0.008834,0.392094,-5.404940,90.814804,22.998528,0.027576,0.916192,-0.076396,0.392424,-5.156446,107.600235,22.782175,0.054243,0.918679,-0.118132,0.373003,-3.155069,125.475243,20.638504,0.168078,0.844467,-0.396775,0.318111,0.598997,138.231445,17.000069,0.112003,0.869883,0.012832,0.480202,-6.202388,120.158829,18.671816,-0.014848,-0.670926,0.189031,-0.716872,-14.560533,123.529640,5.126172,0.035059,-0.270245,-0.213699,-0.938121,-13.927199,117.900558,-16.564262,0.173734,-0.047064,-0.515388,-0.837840,1.868042,125.812469,-27.376921,-0.025498,0.940870,-0.076992,0.328917,-1.330575,120.225357,23.775036,0.397883,0.820857,-0.091404,-0.399409,11.397697,121.830032,33.781109,-0.056569,0.144307,0.484277,-0.861076,19.565041,105.549583,20.711916,0.016336,0.131183,0.836570,-0.531671,9.511732,123.020424,16.731686,0.042854,0.895579,0.120716,0.426063,-12.038124,83.401230,17.415524,0.062560,0.943297,0.014648,0.325673,-11.125209,49.580021,8.577585,0.000585,0.957853,0.081437,0.275474,-15.996469,5.048096,5.506983,-0.104863,0.916634,-0.056238,0.381607,0.335286,83.857628,29.982624,-0.047955,0.890712,-0.074705,0.445816,5.556876,49.879070,36.386513,-0.056060,0.907599,0.036808,0.414448,6.401920,5.684104,44.282162,0.000585,0.957853,0.081437,0.275474,-8.761735,1.450457,-6.437218,-0.056060,0.907599,0.036808,0.414448,17.059849,1.500917,35.515301
951,7.925000,0.010325,0.920573,-0.056818,0.386278,-5.930019,83.631721,23.623463,0.004940,0.919909,-0.009168,0.391993,-5.475011,90.816711,22.924484,0.027271,0.916260,-0.076597,0.392246,-5.201863,107.606018,22.706367,0.054351,0.918675,-0.117746,0.373119,-3.208143,125.480507,20.551327,0.167470,0.844814,-0.396157,0.318281,0.545442,138.239975,16.923866,0.112115,0.870032,0.012531,0.479914,-6.254323,120.161797,18.589092,-0.014785,-0.671022,0.188775,-0.716851,-14.620644,123.531509,5.048224,0.034952,-0.270273,-0.213684,-0.938120,-13.988730,117.908981,-16.643953,0.173426,-0.047145,-0.515323,-0.837940,1.806131,125.821434,-27.456713,-0.025482,0.940976,-0.076902,0.328635,-1.380303,120.233154,23.690142,0.397737,0.820606,-0.091309,-0.400092,11.354036,121.835747,33.688824,-0.056898,0.143946,0.484702,-0.860875,19.502125,105.564049,20.596718,0.016498,0.130193,0.836892,-0.531403,9.461446,123.047134,16.638010,0.042436,0.895623,0.120822,0.425981,-12.116774,83.412201,17.339649,0.061803,0.943067,0.014015,0.326510,-11.175365,49.590290,8.507378,0.000883,0.957814,0.081596,0.275561,-15.998686,5.048278,5.508168,-0.105085,0.916545,-0.056016,0.381792,0.256735,83.851234,29.907274,-0.049202,0.889452,-0.075063,0.448130,5.497083,49.874203,36.303909,-0.055974,0.907617,0.036575,0.414439,6.406322,5.694926,44.279831,0.000883,0.957814,0.081596,0.275561,-8.764073,1.452734,-6.436740,-0.055974,0.907617,0.036575,0.414439,17.062681,1.504898,35.514328
952,7.933333,0.010807,0.920598,-0.056788,0.386210,-5.998453,83.632973,23.540556,0.004776,0.920019,-0.009230,0.391737,-5.537248,90.817863,22.844645,0.027372,0.916365,-0.076914,0.391932,-5.268374,107.609772,22.622326,0.054494,0.918754,-0.117362,0.373024,-3.267577,125.482307,20.457588,0.167201,0.845195,-0.395423,0.318323,0.485313,138.244858,16.840261,0.112095,0.870092,0.012303,0.479817,-6.317576,120.164124,18.499855,-0.014995,-0.671052,0.188659,-0.716849,-14.687088,123.529884,4.959986,0.034655,-0.270142,-0.213571,-0.938195,-14.055042,117.917465,-16.734798,0.173116,-0.047316,-0.515266,-0.838030,1.742652,125.828659,-27.539080,-0.025570,0.941136,-0.076982,0.328150,-1.440167,120.235550,23.597660,0.397753,0.820422,-0.090977,-0.400530,11.304387,121.840607,33.582920,-0.057147,0.143555,0.485062,-0.860721,19.436178,105.575775,20.472178,0.016333,0.129171,0.836914,-0.531623,9.405263,123.068977,16.534004,0.042033,0.895702,0.120922,0.425828,-12.185961,83.421562,17.257210,0.061116,0.942845,0.013278,0.327311,-11.217817,49.598961,8.430476,0.000699,0.957764,0.081596,0.275735,-16.002382,5.047557,5.509691,-0.105431,0.916868,-0.056153,0.380899,0.189056,83.844376,29.823902,-0.050056,0.888620,-0.075442,0.449620,5.453759,49.873505,36.233231,-0.055279,0.907458,0.036321,0.414905,6.402177,5.706972,44.274883,0.000699,0.957764,0.081596,0.275735,-8.761937,1.453232,-6.432045,-0.055279,0.907458,0.036321,0.414905,17.060652,1.502626,35.518822
953,7.941667,0.011369,0.920568,-0.056959,0.386239,-6.072296,83.638802,23.459986,0.005033,0.920106,-0.009773,0.391514,-5.602635,90.823242,22.764969,0.027458,0.916489,-0.076990,0.391619,-5.318717,107.615517,22.529190,0.053986,0.918896,-0.116781,0.372930,-3.314729,125.487457,20.362474,0.166793,0.845396,-0.394891,0.318664,0.419604,138.257736,16.753248,0.111977,0.870222,0.012413,0.479604,-6.367402,120.169983,18.406956,-0.015443,-0.670970,0.189339,-0.716737,-14.744419,123.534523,4.871410,0.034154,-0.270264,-0.213723,-0.938144,-14.118956,117.914627,-16.821640,0.173093,-0.047136,-0.515194,-0.838088,1.674928,125.837517,-27.626955,-0.026035,0.941257,-0.076896,0.327788,-1.486596,120.240341,23.501528,0.397984,0.819959,-0.091084,-0.401224,11.264918,121.857918,33.475887,-0.057191,0.143267,0.485375,-0.860590,19.363543,105.588112,20.350788,0.015649,0.128356,0.837130,-0.531500,9.342383,123.088181,16.425449,0.041700,0.895612,0.121144,0.425986,-12.259185,83.435318,17.175766,0.060368,0.942727,0.012475,0.327820,-11.261977,49.614532,8.345306,0.000854,0.957752,0.081575,0.275781,-16.005604,5.053109,5.511897,-0.105678,0.917168,-0.056065,0.380120,0.114592,83.842293,29.744207,-0.051150,0.887639,-0.075854,0.451362,5.402803,49.874382,36.149906,-0.054862,0.907493,0.035961,0.414914,6.405499,5.723387,44.269936,0.000854,0.957752,0.081575,0.275781,-8.765468,1.457062,-6.429513,-0.054862,0.907493,0.035961,0.414914,17.059490,1.505058,35.515133
954,7.950000,0.012176,0.920559,-0.057027,0.386226,-6.157394,83.645943,23.367266,0.005395,0.920175,-0.010185,0.391339,-5.676612,90.829994,22.675859,0.027437,0.916596,-0.076980,0.391373,-5.376096,107.623123,22.432034,0.053806,0.918970,-0.116325,0.372918,-3.373542,125.495163,20.264807,0.166402,0.845638,-0.394324,0.318928,0.351904,138.270569,16.664558,0.111722,0.870380,0.012241,0.479382,-6.427185,120.177711,18.310760,-0.015268,-0.670977,0.188921,-0.716844,-14.813000,123.532806,4.778326,0.034301,-0.270218,-0.213782,-0.938138,-14.180872,117.920151,-16.916401,0.173031,-0.047233,-0.515317,-0.838020,1.614490,125.844452,-27.722311,-0.026217,0.941453,-0.076416,0.327323,-1.543642,120.247971,23.402708,0.397752,0.819935,-0.090829,-0.401559,11.217473,121.864998,33.364861,-0.057442,0.142793,0.485438,-0.860617,19.312283,105.607346,20.222368,0.015505,0.127433,0.837282,-0.531488,9.288236,123.110199,16.318884,0.041145,0.895586,0.121274,0.426058,-12.344123,83.455124,17.082491,0.059606,0.942601,0.011679,0.328351,-11.307611,49.633327,8.260443,0.001123,0.957687,0.081578,0.276008,-16.008932,5.061969,5.514189,-0.106038,0.917318,-0.055863,0.379687,0.029334,83.836761,29.652040,-0.052406,0.886510,-0.076403,0.453339,5.348818,49.872604,36.051697,-0.054488,0.907550,0.035614,0.414868,6.410488,5.740791,44.267914,0.001123,0.957687,0.081578,0.276008,-8.765689,1.463890,-6.424722,-0.054488,0.907550,0.035614,0.414868,17.059330,1.509244,35.513229
955,7.958333,0.012538,0.920588,-0.056682,0.386196,-6.228855,83.650734,23.268423,0.005699,0.920271,-0.010907,0.391088,-5.745206,90.835213,22.583591,0.027396,0.916746,-0.076796,0.391060,-5.426039,107.618752,22.321487,0.053570,0.919108,-0.115671,0.372814,-3.428157,125.491882,20.159063,0.166155,0.845990,-0.393482,0.319163,0.284614,138.274521,16.571423,0.111788,0.870569,0.012487,0.479017,-6.482195,120.174561,18.205278,-0.015278,-0.671021,0.188854,-0.716820,-14.878877,123.535919,4.681143,0.034347,-0.270055,-0.213799,-0.938179,-14.248264,117.925941,-17.014313,0.173045,-0.047038,-0.515584,-0.837864,1.552436,125.852036,-27.816082,-0.026796,0.941467,-0.076422,0.327234,-1.595169,120.243942,23.293894,0.397481,0.820091,-0.090312,-0.401626,11.166841,121.878586,33.252026,-0.057312,0.142171,0.485206,-0.860859,19.268938,105.637184,20.093948,0.015572,0.126636,0.837009,-0.532105,9.229622,123.132263,16.208387,0.040796,0.895778,0.121501,0.425623,-12.415845,83.468163,16.983662,0.058736,0.942356,0.010638,0.329245,-11.354926,49.648209,8.157453,0.001225,0.957645,0.081762,0.276095,-16.011158,5.065513,5.520481,-0.106204,0.917556,-0.055590,0.379106,-0.041866,83.833298,29.553181,-0.053793,0.885072,-0.077085,0.455863,5.299514,49.869465,35.936329,-0.054712,0.907591,0.035173,0.414787,6.419434,5.760297,44.265644,0.001225,0.957645,0.081762,0.276095,-8.766223,1.471621,-6.418663,-0.054712,0.907591,0.035173,0.414787,17.067442,1.520476,35.513954
956,7.966667,0.013329,0.920532,-0.056626,0.386312,-6.312302,83.665588,23.166948,0.006114,0.920306,-0.011665,0.390979,-5.818347,90.849861,22.487356,0.026934,0.916871,-0.076358,0.390886,-5.476670,107.621422,22.207426,0.053632,0.919067,-0.115347,0.373007,-3.500722,125.497902,20.052492,0.165836,0.846233,-0.392684,0.319668,0.211467,138.283356,16.474293,0.111634,0.870757,0.012802,0.478704,-6.549439,120.177925,18.097622,-0.014735,-0.670840,0.188329,-0.717139,-14.957028,123.540367,4.580531,0.034896,-0.269901,-0.214150,-0.938124,-14.306666,117.928123,-17.113764,0.173351,-0.046851,-0.515917,-0.837606,1.489854,125.860725,-27.913332,-0.027303,0.941748,-0.075969,0.326486,-1.660132,120.250641,23.184002,0.397305,0.819816,-0.090735,-0.402265,11.116878,121.894394,33.121376,-0.057844,0.141792,0.485348,-0.860806,19.202181,105.654121,19.951565,0.014979,0.125836,0.837581,-0.531413,9.161321,123.160316,16.089600,0.040434,0.895760,0.121769,0.425619,-12.497343,83.496117,16.879902,0.057808,0.941765,0.009468,0.331132,-11.405775,49.678665,8.047830,0.001822,0.957650,0.081748,0.276082,-16.013395,5.084145,5.528017,-0.106857,0.917984,-0.055122,0.377953,-0.127260,83.835052,29.453997,-0.054709,0.884598,-0.078079,0.456506,5.276079,49.877338,35.817516,-0.054367,0.907628,0.034486,0.414809,6.421305,5.790934,44.263126,0.001822,0.957650,0.081748,0.276082,-8.774095,1.485516,-6.413117,-0.054367,0.907628,0.034486,0.414809,17.064732,1.529908,35.516159
957,7.975000,0.014065,0.920529,-0.056302,0.386341,-6.388645,83.678474,23.055922,0.006236,0.920355,-0.012203,0.390844,-5.886672,90.862991,22.384762,0.026833,0.916967,-0.076094,0.390719,-5.534301,107.630157,22.089832,0.053344,0.919141,-0.114673,0.373074,-3.565815,125.508293,19.941820,0.165611,0.846420,-0.392064,0.320050,0.133137,138.301376,16.377132,0.111305,0.870903,0.013107,0.478505,-6.613301,120.188034,17.985830,-0.014388,-0.670748,0.188186,-0.717270,-15.029467,123.546364,4.473062,0.035118,-0.269733,-0.214420,-0.938102,-14.371131,117.927124,-17.219172,0.173577,-0.046742,-0.515948,-0.837546,1.424116,125.867699,-28.014214,-0.027541,0.941841,-0.075605,0.326285,-1.722083,120.260368,23.070372,0.396771,0.820036,-0.090596,-0.402375,11.058781,121.907127,33.002285,-0.058039,0.141281,0.485052,-0.861043,19.159117,105.684616,19.819830,0.015234,0.125218,0.837250,-0.532073,9.101651,123.182991,15.978148,0.039886,0.895954,0.122110,0.425165,-12.572935,83.523140,16.767776,0.057012,0.941632,0.008259,0.331677,-11.441304,49.708420,7.930276,0.001603,0.957610,0.081432,0.276313,-16.016472,5.103770,5.533667,-0.107170,0.918342,-0.054671,0.377058,-0.204355,83.833809,29.344067,-0.056036,0.883528,-0.079092,0.458239,5.237131,49.877316,35.681549,-0.053644,0.907706,0.034138,0.414761,6.428503,5.818412,44.263180,0.001603,0.957610,0.081432,0.276313,-8.770462,1.498049,-6.401253,-0.053644,0.907706,0.034138,0.414761,17.063629,1.539924,35.514648
958,7.983333,0.015140,0.920546,-0.056233,0.386268,-6.478573,83.691910,22.938934,0.006382,0.920491,-0.012754,0.390503,-5.962723,90.876091,22.274679,0.026906,0.917165,-0.075772,0.390311,-5.599013,107.630287,21.964746,0.053044,0.919321,-0.114014,0.372875,-3.633588,125.510048,19.827517,0.165722,0.846657,-0.391284,0.320320,0.050575,138.310593,16.274410,0.111154,0.871102,0.013385,0.478170,-6.682433,120.190956,17.870474,-0.013865,-0.670515,0.187749,-0.717612,-15.110113,123.549911,4.365042,0.035723,-0.269447,-0.214787,-0.938077,-14.430417,117.925980,-17.325314,0.174019,-0.046563,-0.516491,-0.837130,1.365861,125.874863,-28.115671,-0.028143,0.941891,-0.075302,0.326159,-1.786772,120.260071,22.950783,0.396243,0.820174,-0.090702,-0.402591,10.995662,121.921814,32.878174,-0.058135,0.140900,0.484623,-0.861341,19.106985,105.713501,19.685034,0.014998,0.124516,0.837272,-0.532210,9.027613,123.202965,15.855865,0.039368,0.895931,0.122456,0.425161,-12.663295,83.554588,16.650795,0.056058,0.941379,0.007023,0.332588,-11.488840,49.742928,7.807202,0.001814,0.957613,0.081151,0.276383,-16.018251,5.126894,5.539110,-0.107575,0.918322,-0.053787,0.377120,-0.293852,83.829239,29.227072,-0.057487,0.882088,-0.080280,0.460621,5.196538,49.872112,35.518829,-0.053781,0.907611,0.033329,0.415017,6.429525,5.845004,44.256313,0.001814,0.957613,0.081151,0.276383,-8.773146,1.512002,-6.393585,-0.053781,0.907611,0.033329,0.415017,17.068403,1.548415,35.521229
959,7.991667,0.016092,0.920552,-0.055939,0.386260,-6.559250,83.708221,22.811493,0.006347,0.920488,-0.012609,0.390515,-6.032380,90.892448,22.156464,0.026562,0.917167,-0.075767,0.390330,-5.671684,107.644463,21.850609,0.053168,0.919202,-0.113784,0.373221,-3.717715,125.524925,19.708710,0.165700,0.846846,-0.390355,0.320965,-0.030921,138.327118,16.164257,0.110692,0.871043,0.013702,0.478376,-6.763200,120.203377,17.753101,-0.013008,-0.670217,0.187361,-0.718008,-15.187801,123.554039,4.243682,0.036453,-0.269069,-0.215466,-0.938002,-14.483643,117.913330,-17.441542,0.174622,-0.046276,-0.517106,-0.836640,1.308413,125.880089,-28.223488,-0.027953,0.942153,-0.075057,0.325472,-1.867490,120.276932,22.833303,0.395597,0.820253,-0.091193,-0.402953,10.929869,121.928810,32.743107,-0.058850,0.140687,0.484219,-0.861554,19.051037,105.732491,19.541286,0.014369,0.124211,0.837178,-0.532445,8.950985,123.219276,15.730877,0.039113,0.896008,0.122610,0.424979,-12.743568,83.588364,16.522598,0.054936,0.940955,0.005728,0.333997,-11.550361,49.777939,7.676778,0.002168,0.957599,0.080877,0.276510,-16.020802,5.149233,5.544964,-0.107923,0.918670,-0.052998,0.376284,-0.374931,83.828079,29.100388,-0.058917,0.880688,-0.081577,0.462885,5.164399,49.870312,35.345623,-0.052974,0.907561,0.032891,0.415265,6.433021,5.877006,44.246769,0.002168,0.957599,0.080877,0.276510,-8.776484,1.524282,-6.385160,-0.052974,0.907561,0.032891,0.415265,17.068207,1.560001,35.517250
960,8.000000,0.017347,0.920548,-0.055757,0.386241,-6.657758,83.724083,22.677683,0.006435,0.920568,-0.013286,0.390304,-6.115202,90.907990,22.032087,0.026777,0.917312,-0.075141,0.390097,-5.743409,107.641861,21.706762,0.053079,0.919238,-0.113338,0.373281,-3.791609,125.525330,19.588083,0.165658,0.847090,-0.389315,0.321606,-0.111010,138.332092,16.053709,0.110371,0.871206,0.014401,0.478133,-6.837677,120.206223,17.626736,-0.012213,-0.669800,0.187022,-0.718499,-15.272161,123.559143,4.124045,0.037224,-0.268647,-0.216125,-0.937941,-14.537279,117.901108,-17.555643,0.175381,-0.046037,-0.517640,-0.836164,1.254591,125.886086,-28.329908,-0.028832,0.942118,-0.074609,0.325601,-1.939565,120.273247,22.704710,0.394955,0.820565,-0.091433,-0.402895,10.853436,121.947601,32.616364,-0.059059,0.140505,0.483644,-0.861893,18.999474,105.765297,19.412678,0.014312,0.123910,0.836765,-0.533166,8.876278,123.236015,15.610200,0.038563,0.896048,0.123091,0.424805,-12.841585,83.625862,16.387930,0.053867,0.940501,0.004212,0.335469,-11.601221,49.820717,7.528453,0.002469,0.957575,0.080384,0.276736,-16.024071,5.180219,5.549860,-0.108570,0.918757,-0.051870,0.376042,-0.473930,83.822296,28.967434,-0.060436,0.879299,-0.083105,0.465053,5.138166,49.866062,35.155754,-0.052332,0.907603,0.032350,0.415296,6.439760,5.911636,44.242275,0.002469,0.957575,0.080384,0.276736,-8.778241,1.539606,-6.374575,-0.052332,0.907603,0.032350,0.415296,17.068253,1.573502,35.515079
961,8.008333,0.018369,0.920628,-0.055130,0.386092,-6.741553,83.740005,22.529364,0.006887,0.920491,-0.013346,0.390475,-6.188985,90.924393,21.897734,0.026072,0.917246,-0.074830,0.390359,-5.802324,107.661415,21.576460,0.053512,0.919077,-0.112721,0.373803,-3.877718,125.547920,19.458570,0.165761,0.847328,-0.388448,0.321972,-0.189721,138.358627,15.946259,0.109757,0.871454,0.014294,0.477826,-6.914552,120.224022,17.495901,-0.011411,-0.669289,0.186473,-0.719132,-15.362969,123.558617,3.997383,0.038235,-0.267999,-0.216888,-0.937910,-14.588192,117.888603,-17.677794,0.176542,-0.045531,-0.518210,-0.835594,1.203512,125.892281,-28.436190,-0.028829,0.942184,-0.073914,0.325568,-2.018791,120.298767,22.576036,0.394333,0.820857,-0.091581,-0.402875,10.774909,121.965637,32.488052,-0.059400,0.140488,0.483017,-0.862224,18.943701,105.798462,19.279884,0.013573,0.123553,0.836643,-0.533459,8.794241,123.257446,15.480906,0.038293,0.895950,0.123417,0.424942,-12.926769,83.662842,16.240683,0.052697,0.939980,0.002607,0.337125,-11.658364,49.861862,7.369266,0.002830,0.957557,0.079964,0.276916,-16.027874,5.209181,5.553730,-0.108942,0.918886,-0.050762,0.375771,-0.556337,83.817169,28.818047,-0.062110,0.877520,-0.084777,0.467883,5.110723,49.858631,34.943321,-0.051637,0.907539,0.031807,0.415566,6.443160,5.947828,44.233986,0.002830,0.957557,0.079964,0.276916,-8.782024,1.554481,-6.366383,-0.051637,0.907539,0.031807,0.415566,17.068996,1.588084,35.514332
962,8.016667,0.019486,0.920784,-0.054607,0.385741,-6.830280,83.757103,22.375828,0.006651,0.920512,-0.013589,0.390422,-6.265997,90.941711,21.757164,0.026025,0.917246,-0.074355,0.390454,-5.883866,107.660553,21.425640,0.053569,0.918977,-0.111765,0.374325,-3.967270,125.549721,19.322958,0.165985,0.847421,-0.387420,0.322852,-0.284441,138.369095,15.836957,0.109470,0.871539,0.014808,0.477720,-7.001219,120.226028,17.355286,-0.010337,-0.668437,0.186026,-0.720056,-15.454991,123.560738,3.860149,0.039395,-0.267337,-0.218040,-0.937783,-14.621634,117.864799,-17.806055,0.177934,-0.045025,-0.518915,-0.834889,1.159944,125.898193,-28.546852,-0.029669,0.942229,-0.073155,0.325534,-2.106473,120.298851,22.436428,0.393863,0.821339,-0.091460,-0.402380,10.686368,121.983398,32.346565,-0.060032,0.140402,0.482488,-0.862490,18.889635,105.829201,19.143879,0.012958,0.123587,0.836345,-0.533934,8.718285,123.278000,15.357677,0.038089,0.895969,0.123759,0.424820,-13.019536,83.702019,16.090891,0.051376,0.939417,0.000999,0.338904,-11.729262,49.905861,7.204272,0.003054,0.957562,0.079365,0.277069,-16.033150,5.240309,5.556328,-0.109427,0.918859,-0.049719,0.375836,-0.641024,83.812187,28.660765,-0.063761,0.875782,-0.086426,0.470607,5.084157,49.853722,34.732151,-0.050918,0.907470,0.031241,0.415847,6.446329,5.986947,44.224319,0.003054,0.957562,0.079365,0.277069,-8.787183,1.567705,-6.358212,-0.050918,0.907470,0.031241,0.415847,17.069412,1.604764,35.512554
963,8.025000,0.020776,0.920938,-0.054060,0.385382,-6.927110,83.774467,22.212971,0.007095,0.920463,-0.013630,0.390527,-6.348927,90.959183,21.608572,0.025705,0.917199,-0.073719,0.390706,-5.952788,107.668365,21.281832,0.053777,0.918885,-0.110957,0.374762,-4.055198,125.561539,19.196125,0.166341,0.847606,-0.386466,0.323326,-0.372871,138.387527,15.733986,0.108791,0.871605,0.014715,0.477757,-7.082232,120.236221,17.222204,-0.010036,-0.667737,0.185876,-0.720747,-15.539652,123.550461,3.724319,0.040342,-0.266532,-0.218814,-0.937792,-14.661889,117.844299,-17.937431,0.179558,-0.044594,-0.519931,-0.833932,1.126723,125.900398,-28.659136,-0.029743,0.942163,-0.072625,0.325838,-2.190036,120.309959,22.305788,0.393042,0.821840,-0.091167,-0.402225,10.596210,121.991821,32.224880,-0.060652,0.140555,0.481922,-0.862738,18.834013,105.864929,19.010336,0.012377,0.123208,0.836171,-0.534308,8.641756,123.302963,15.228042,0.037725,0.895967,0.124189,0.424732,-13.120328,83.744469,15.931767,0.050033,0.939132,-0.000652,0.339894,-11.795239,49.953831,7.029287,0.003190,0.957605,0.078532,0.277156,-16.034845,5.275991,5.557043,-0.109996,0.918917,-0.048816,0.375645,-0.733893,83.804466,28.494173,-0.065020,0.874307,-0.088635,0.472761,5.052714,49.848507,34.521206,-0.050249,0.907375,0.030622,0.416182,6.394815,6.031013,44.241127,0.003190,0.957605,0.078532,0.277156,-8.790195,1.579848,-6.351012,-0.050249,0.907375,0.030622,0.416182,17.016424,1.625778,35.539200
964,8.033333,0.022067,0.921108,-0.053375,0.384998,-7.021436,83.790703,22.042202,0.006665,0.920506,-0.013634,0.390435,-6.430116,90.975677,21.453873,0.026336,0.917212,-0.072921,0.390782,-6.047490,107.670929,21.121614,0.054080,0.918735,-0.110229,0.375302,-4.140007,125.567154,19.071383,0.166236,0.847732,-0.385383,0.324338,-0.454532,138.398560,15.632756,0.108061,0.871534,0.015363,0.478034,-7.169305,120.247284,17.086267,-0.008792,-0.667264,0.184778,-0.721484,-15.623294,123.550774,3.583597,0.041961,-0.265412,-0.219397,-0.937902,-14.698958,117.836533,-18.074087,0.180950,-0.044270,-0.520995,-0.832983,1.103084,125.900009,-28.768745,-0.030318,0.942118,-0.071772,0.326102,-2.278403,120.308533,22.171259,0.392547,0.822437,-0.090395,-0.401663,10.501106,121.999550,32.097473,-0.061255,0.140594,0.481300,-0.863036,18.776617,105.896606,18.877283,0.011240,0.123081,0.835846,-0.534870,8.561401,123.320023,15.102712,0.037403,0.896151,0.124392,0.424312,-13.218902,83.786758,15.765123,0.048608,0.939039,-0.002154,0.340350,-11.871759,49.997971,6.858950,0.003278,0.957653,0.077749,0.277210,-16.036743,5.307889,5.554847,-0.110790,0.919017,-0.047703,0.375310,-0.823970,83.794640,28.319281,-0.066552,0.872721,-0.090513,0.475117,5.044836,49.843433,34.293362,-0.049609,0.907310,0.029784,0.416462,6.398850,6.074267,44.227020,0.003278,0.957653,0.077749,0.277210,-8.793669,1.589975,-6.347386,-0.049609,0.907310,0.029784,0.416462,17.017469,1.640848,35.535767
965,8.041667,0.023143,0.921256,-0.052954,0.384641,-7.120601,83.800346,21.868160,0.006781,0.920500,-0.013404,0.390453,-6.517507,90.985268,21.291204,0.026219,0.917201,-0.072284,0.390934,-6.134518,107.672028,20.967697,0.054393,0.918641,-0.109252,0.375771,-4.239566,125.571823,18.937162,0.166777,0.847893,-0.384264,0.324968,-0.553554,138.410873,15.527767,0.107666,0.871370,0.015726,0.478409,-7.264347,120.251862,16.945440,-0.007864,-0.666356,0.184421,-0.722424,-15.709409,123.549416,3.435735,0.043068,-0.264396,-0.220407,-0.937902,-14.724883,117.810890,-18.212872,0.182367,-0.043808,-0.521931,-0.832112,1.082976,125.904213,-28.881168,-0.030366,0.942056,-0.071289,0.326385,-2.375041,120.311264,22.031990,0.391791,0.822843,-0.090525,-0.401540,10.398372,121.999214,31.966568,-0.062357,0.140930,0.480997,-0.863071,18.704876,105.915176,18.742807,0.010560,0.122668,0.835477,-0.535555,8.480833,123.336983,14.976871,0.037184,0.896325,0.124674,0.423881,-13.322054,83.817154,15.595039,0.047107,0.938883,-0.003741,0.340977,-11.957037,50.032131,6.677303,0.003211,0.957669,0.077125,0.277328,-16.043465,5.329988,5.550214,-0.111842,0.919243,-0.046513,0.374592,-0.919148,83.783539,28.141281,-0.067795,0.871899,-0.092628,0.476042,5.052620,49.840870,34.061615,-0.049007,0.907268,0.028779,0.416696,6.401067,6.121478,44.212826,0.003211,0.957669,0.077125,0.277328,-8.798612,1.595663,-6.345797,-0.049007,0.907268,0.028779,0.416696,17.015617,1.656221,35.532906
966,8.050000,0.024132,0.921441,-0.052430,0.384207,-7.218389,83.815994,21.692074,0.006778,0.920461,-0.013081,0.390557,-6.605299,91.001038,21.127306,0.026097,0.917117,-0.071825,0.391224,-6.227065,107.666626,20.814138,0.054982,0.918486,-0.108090,0.376401,-4.341981,125.569046,18.797632,0.167374,0.848119,-0.383015,0.325546,-0.649621,138.416153,15.425661,0.107690,0.871266,0.016080,0.478581,-7.362261,120.248650,16.800255,-0.006306,-0.665240,0.183438,-0.723717,-15.801811,123.552155,3.288558,0.044627,-0.263551,-0.221452,-0.937821,-14.734438,117.787979,-18.349304,0.183586,-0.043188,-0.522499,-0.831520,1.068270,125.903320,-28.997004,-0.030609,0.942104,-0.070165,0.326466,-2.476067,120.307419,21.889799,0.391615,0.823238,-0.089616,-0.401107,10.295156,121.991112,31.827921,-0.063424,0.140852,0.480968,-0.863022,18.623463,105.924751,18.596382,0.009351,0.122342,0.835678,-0.535339,8.395726,123.353386,14.853891,0.036881,0.896885,0.124754,0.422698,-13.424897,83.852898,15.424043,0.045532,0.939038,-0.005067,0.340748,-12.050246,50.067711,6.508430,0.002983,0.957736,0.076332,0.277319,-16.045029,5.353517,5.542454,-0.112968,0.919511,-0.045274,0.373747,-1.011880,83.779083,27.960104,-0.068941,0.870976,-0.094818,0.477135,5.069519,49.846172,33.824478,-0.048315,0.907169,0.027647,0.417067,6.399067,6.177714,44.195030,0.002983,0.957736,0.076332,0.277319,-8.800471,1.599490,-6.347535,-0.048315,0.907169,0.027647,0.417067,17.010870,1.676545,35.530315
967,8.058333,0.025006,0.921553,-0.051870,0.383958,-7.317324,83.823654,21.516869,0.006841,0.920438,-0.013034,0.390613,-6.695837,91.008919,20.964258,0.026271,0.917099,-0.070985,0.391408,-6.316627,107.657661,20.653713,0.055415,0.918360,-0.106880,0.376990,-4.437223,125.564102,18.667788,0.167843,0.848254,-0.381860,0.326307,-0.743123,138.420288,15.332580,0.107060,0.870981,0.016915,0.479213,-7.454725,120.245918,16.660294,-0.005450,-0.664296,0.182856,-0.724738,-15.878996,123.543907,3.137717,0.045680,-0.262505,-0.222297,-0.937864,-14.745811,117.764496,-18.492737,0.184750,-0.042559,-0.523238,-0.830830,1.062326,125.902596,-29.110315,-0.030492,0.941943,-0.069486,0.327087,-2.570687,120.298004,21.751980,0.390828,0.823848,-0.088569,-0.400853,10.187551,121.972153,31.708372,-0.064623,0.140933,0.480584,-0.863134,18.552589,105.943993,18.453711,0.007977,0.121582,0.835905,-0.535180,8.309923,123.369537,14.730102,0.036601,0.897304,0.124721,0.421841,-13.526447,83.878853,15.251562,0.044029,0.939306,-0.006310,0.340186,-12.143762,50.091648,6.344816,0.002628,0.957763,0.075741,0.277392,-16.050560,5.366635,5.532009,-0.114306,0.919694,-0.043719,0.373077,-1.108200,83.768448,27.782175,-0.069852,0.870554,-0.097282,0.477276,5.103378,49.847126,33.576729,-0.047651,0.907053,0.026649,0.417462,6.394724,6.232539,44.176289,0.002628,0.957763,0.075741,0.277392,-8.802624,1.599232,-6.351688,-0.047651,0.907053,0.026649,0.417462,17.004827,1.699141,35.526310
968,8.066667,0.025761,0.921610,-0.051476,0.383826,-7.419537,83.829857,21.344261,0.006997,0.920309,-0.012997,0.390914,-6.790249,91.015160,20.801003,0.026424,0.916960,-0.070178,0.391870,-6.406998,107.648590,20.494028,0.056314,0.918080,-0.105896,0.377814,-4.532920,125.558868,18.537880,0.168041,0.848572,-0.380430,0.327047,-0.822265,138.419968,15.240187,0.106772,0.870620,0.017913,0.479895,-7.546190,120.242599,16.519033,-0.004544,-0.663198,0.182630,-0.725806,-15.951172,123.547112,2.986048,0.046618,-0.261551,-0.223083,-0.937898,-14.748901,117.739067,-18.633011,0.185628,-0.041989,-0.524084,-0.830129,1.063907,125.898872,-29.223028,-0.030545,0.941834,-0.068533,0.327596,-2.667371,120.288757,21.615782,0.390509,0.824427,-0.086999,-0.400318,10.079916,121.955421,31.587452,-0.065685,0.140958,0.480498,-0.863098,18.475380,105.959213,18.313416,0.006613,0.120901,0.835864,-0.535417,8.230263,123.386047,14.610184,0.036417,0.898053,0.124606,0.420294,-13.629786,83.900139,15.080216,0.042422,0.939316,-0.007474,0.340337,-12.254340,50.109982,6.183559,0.001714,0.957769,0.075177,0.277533,-16.061317,5.373937,5.517410,-0.115634,0.919920,-0.041760,0.372334,-1.209287,83.759567,27.608305,-0.070770,0.870106,-0.099943,0.477408,5.142849,49.847889,33.306137,-0.047108,0.906881,0.025593,0.417962,6.387877,6.292024,44.149906,0.001714,0.957769,0.075177,0.277533,-8.803257,1.597936,-6.357379,-0.047108,0.906881,0.025593,0.417962,16.999140,1.726571,35.518219
969,8.075000,0.026207,0.921543,-0.050967,0.384024,-7.510213,83.826683,21.176870,0.007259,0.920184,-0.013183,0.391196,-6.877690,91.012405,20.643002,0.026461,0.916892,-0.069161,0.392206,-6.484107,107.636787,20.334007,0.056728,0.917940,-0.104730,0.378417,-4.622447,125.552132,18.412670,0.168567,0.848788,-0.379105,0.327755,-0.910086,138.421829,15.150605,0.106674,0.870313,0.018674,0.480444,-7.630139,120.237305,16.381708,-0.003375,-0.662065,0.182012,-0.727001,-16.018631,123.550186,2.840538,0.047832,-0.260672,-0.223891,-0.937889,-14.738962,117.717567,-18.767456,0.186703,-0.041610,-0.524559,-0.829607,1.075180,125.895866,-29.334265,-0.030596,0.941659,-0.067425,0.328323,-2.755064,120.277718,21.482084,0.390368,0.824781,-0.085540,-0.400041,9.976602,121.935562,31.475159,-0.066969,0.141172,0.480655,-0.862877,18.386909,105.965614,18.178923,0.004762,0.120209,0.835994,-0.535388,8.151528,123.399994,14.495521,0.036312,0.898923,0.124232,0.418551,-13.717370,83.907463,14.909889,0.040871,0.939550,-0.008479,0.339857,-12.363678,50.110268,6.036676,0.001576,0.957756,0.075316,0.277539,-16.071003,5.364060,5.504714,-0.116798,0.920029,-0.039481,0.371948,-1.303057,83.745911,27.443850,-0.071564,0.869808,-0.102657,0.477257,5.185240,49.840199,33.022514,-0.047217,0.906604,0.024254,0.418631,6.375435,6.343847,44.108601,0.001576,0.957756,0.075316,0.277539,-8.811193,1.592806,-6.370513,-0.047217,0.906604,0.024254,0.418631,16.996038,1.747483,35.504852
970,8.083333,0.026517,0.921339,-0.050434,0.384563,-7.596417,83.821281,21.013933,0.007184,0.920020,-0.012975,0.391590,-6.962399,91.007545,20.489241,0.026903,0.916773,-0.068460,0.392576,-6.573762,107.629219,20.185875,0.057250,0.917775,-0.103639,0.379040,-4.706578,125.547195,18.294733,0.169022,0.849011,-0.377798,0.328451,-0.989080,138.424255,15.067747,0.106398,0.869840,0.018600,0.481364,-7.713644,120.236275,16.252680,-0.002802,-0.661083,0.181495,-0.728025,-16.075254,123.539116,2.692446,0.048817,-0.259596,-0.224483,-0.937995,-14.728901,117.697884,-18.909174,0.187850,-0.041061,-0.525284,-0.828917,1.094364,125.890114,-29.443623,-0.030099,0.941461,-0.066491,0.329127,-2.843001,120.267487,21.357355,0.389747,0.825447,-0.083566,-0.399689,9.872458,121.901657,31.374931,-0.068285,0.141548,0.480496,-0.862800,18.317101,105.979744,18.042891,0.002909,0.119400,0.836211,-0.535244,8.080728,123.414055,14.372495,0.036536,0.899611,0.123791,0.417183,-13.795979,83.910133,14.739548,0.039295,0.939554,-0.009533,0.340004,-12.482914,50.106430,5.885049,0.000741,0.957650,0.075200,0.277939,-16.089577,5.350581,5.489607,-0.117790,0.920098,-0.036958,0.371725,-1.396856,83.732430,27.288319,-0.072284,0.869639,-0.105388,0.476861,5.222025,49.829502,32.728821,-0.047745,0.906312,0.022741,0.419288,6.354108,6.393486,44.054962,0.000741,0.957650,0.075200,0.277939,-8.812936,1.582077,-6.376194,-0.047745,0.906312,0.022741,0.419288,16.987041,1.767064,35.482605
971,8.091667,0.026779,0.920995,-0.049988,0.385424,-7.680769,83.812561,20.863457,0.007214,0.919765,-0.013113,0.392183,-7.045261,90.999268,20.346754,0.026918,0.916585,-0.067948,0.393103,-6.653785,107.618095,20.039843,0.058031,0.917524,-0.102133,0.379934,-4.792291,125.538574,18.166899,0.169484,0.849270,-0.376431,0.329113,-1.066128,138.425385,14.989224,0.105977,0.869269,0.019696,0.482445,-7.794693,120.228172,16.116650,-0.002307,-0.660000,0.181356,-0.729043,-16.125324,123.534988,2.538332,0.049951,-0.258312,-0.225074,-0.938148,-14.712564,117.675247,-19.054022,0.189431,-0.040497,-0.526321,-0.827926,1.125701,125.881485,-29.550922,-0.029717,0.941285,-0.065432,0.329877,-2.929904,120.256935,21.226915,0.389969,0.825387,-0.082369,-0.399845,9.770207,121.869492,31.267435,-0.069780,0.142199,0.481181,-0.862192,18.201509,105.961296,17.910614,0.000493,0.118478,0.836390,-0.535177,8.000192,123.417755,14.252284,0.036786,0.900462,0.123260,0.415477,-13.868375,83.907768,14.577375,0.037727,0.939207,-0.010522,0.341111,-12.603380,50.096176,5.746003,-0.000185,0.957591,0.075322,0.278111,-16.107794,5.331260,5.477807,-0.118761,0.920280,-0.033938,0.371254,-1.493163,83.717354,27.149540,-0.072949,0.869686,-0.108308,0.476018,5.269369,49.815514,32.417435,-0.048950,0.906120,0.020650,0.419672,6.336845,6.444216,43.995071,-0.000185,0.957591,0.075322,0.278111,-8.818364,1.572747,-6.383307,-0.048950,0.906120,0.020650,0.419672,16.981287,1.781706,35.456627
972,8.100000,0.027272,0.920537,-0.049539,0.386541,-7.761842,83.797348,20.723387,0.006913,0.919486,-0.013422,0.392833,-7.121641,90.984322,20.216185,0.027418,0.916375,-0.067379,0.393655,-6.735166,107.600868,19.896223,0.058878,0.917252,-0.100678,0.380849,-4.864014,125.523148,18.050348,0.169554,0.849558,-0.375148,0.329798,-1.127030,138.418793,14.921613,0.106107,0.868696,0.020352,0.483419,-7.865951,120.216797,15.988955,-0.001615,-0.659006,0.181085,-0.730011,-16.165077,123.536255,2.394436,0.051168,-0.257361,-0.225618,-0.938213,-14.689125,117.656960,-19.188377,0.191046,-0.039917,-0.526516,-0.827459,1.153177,125.870811,-29.657539,-0.029494,0.941015,-0.064522,0.330844,-3.007675,120.236542,21.105459,0.390196,0.825604,-0.080352,-0.399586,9.672074,121.834274,31.174046,-0.070934,0.142690,0.481793,-0.861675,18.104704,105.950974,17.788473,-0.001253,0.117892,0.836573,-0.535020,7.933901,123.426094,14.140588,0.037324,0.900890,0.122681,0.414672,-13.933767,83.902428,14.422064,0.036165,0.938874,-0.011478,0.342163,-12.727542,50.083672,5.609950,-0.000783,0.957487,0.075670,0.278376,-16.129520,5.310282,5.466476,-0.119684,0.920216,-0.030986,0.371372,-1.589916,83.692261,27.024710,-0.073446,0.869756,-0.110884,0.475220,5.307876,49.792423,32.127472,-0.050459,0.905801,0.018912,0.420263,6.312420,6.478372,43.923004,-0.000783,0.957487,0.075670,0.278376,-8.827452,1.565371,-6.391166,-0.050459,0.905801,0.018912,0.420263,16.976238,1.792512,35.421593
973,8.108333,0.027901,0.919909,-0.049257,0.388024,-7.845774,83.783447,20.595104,0.006981,0.919048,-0.013679,0.393846,-7.197978,90.970322,20.096216,0.027649,0.916027,-0.066895,0.394533,-6.805652,107.589188,19.769659,0.059531,0.916960,-0.099388,0.381788,-4.931948,125.513367,17.944876,0.169757,0.849863,-0.373911,0.330312,-1.187266,138.417175,14.859245,0.106366,0.867954,0.020349,0.484693,-7.929575,120.208862,15.872494,-0.001732,-0.658048,0.181572,-0.730754,-16.186771,123.533882,2.253820,0.051713,-0.256422,-0.226014,-0.938345,-14.662133,117.635979,-19.320532,0.192560,-0.039476,-0.526791,-0.826955,1.189245,125.860855,-29.758284,-0.028846,0.940798,-0.063769,0.331662,-3.081238,120.223877,20.998434,0.390298,0.825972,-0.077984,-0.399196,9.582111,121.795143,31.091797,-0.071773,0.143165,0.482100,-0.861355,18.025169,105.945442,17.672998,-0.003338,0.116941,0.836964,-0.534608,7.873323,123.429344,14.028117,0.037578,0.901517,0.121947,0.413502,-13.996828,83.899063,14.273587,0.034838,0.938613,-0.012195,0.342991,-12.839508,50.069077,5.498073,-0.001975,0.957333,0.075759,0.278872,-16.151745,5.288750,5.452958,-0.120488,0.920234,-0.028031,0.371303,-1.694721,83.667831,26.916620,-0.073997,0.869511,-0.113073,0.475067,5.331822,49.769287,31.849497,-0.052747,0.905599,0.017385,0.420484,6.285881,6.506559,43.836014,-0.001975,0.957333,0.075759,0.278872,-8.826819,1.554795,-6.394041,-0.052747,0.905599,0.017385,0.420484,16.970068,1.811825,35.365128
974,8.116667,0.028214,0.919132,-0.048710,0.389908,-7.900742,83.771065,20.475948,0.006637,0.918602,-0.013816,0.394887,-7.250839,90.958458,19.987419,0.027854,0.915687,-0.066746,0.395331,-6.866688,107.584274,19.652479,0.059904,0.916780,-0.097863,0.382555,-4.986725,125.508759,17.837204,0.170199,0.850201,-0.372635,0.330657,-1.244436,138.423904,14.796453,0.106433,0.867303,0.020631,0.485831,-7.981587,120.205482,15.757698,-0.001620,-0.657197,0.181701,-0.731488,-16.202393,123.535347,2.118211,0.052793,-0.255326,-0.226279,-0.938520,-14.629671,117.623856,-19.448971,0.194462,-0.038952,-0.527290,-0.826216,1.237316,125.850273,-29.854986,-0.027975,0.940459,-0.063071,0.332830,-3.142308,120.217918,20.892195,0.390537,0.826080,-0.075921,-0.399135,9.497410,121.757065,31.020069,-0.072782,0.143817,0.482734,-0.860806,17.934248,105.933716,17.566303,-0.005220,0.116446,0.837547,-0.533787,7.816128,123.435417,13.923796,0.038333,0.901943,0.120905,0.412810,-14.025627,83.893501,14.129204,0.033567,0.937855,-0.012894,0.345159,-12.953017,50.049816,5.395858,-0.002650,0.957111,0.076194,0.279510,-16.179825,5.263254,5.441359,-0.121187,0.920208,-0.025526,0.371321,-1.775857,83.648621,26.822693,-0.074271,0.869360,-0.114923,0.474857,5.360518,49.752514,31.612593,-0.056149,0.905654,0.015661,0.419992,6.258215,6.531301,43.752270,-0.002650,0.957111,0.076194,0.279510,-8.832415,1.545700,-6.396870,-0.056149,0.905654,0.015661,0.419992,16.959187,1.836000,35.302914
975,8.125000,0.028504,0.918270,-0.048432,0.391946,-7.957132,83.761971,20.378052,0.006092,0.918081,-0.014402,0.396084,-7.303862,90.949524,19.896297,0.028439,0.915271,-0.066297,0.396327,-6.928112,107.578781,19.536697,0.060222,0.916576,-0.096566,0.383324,-5.033208,125.504234,17.746731,0.170558,0.850534,-0.371395,0.331009,-1.292435,138.428894,14.744809,0.106280,0.866493,0.021319,0.487278,-8.026581,120.205223,15.654245,-0.001400,-0.656493,0.181848,-0.732084,-16.202631,123.539841,1.989038,0.053735,-0.254386,-0.226440,-0.938683,-14.590849,117.612144,-19.570810,0.195966,-0.038586,-0.527716,-0.825605,1.294281,125.839188,-29.952103,-0.027513,0.940156,-0.062340,0.333863,-3.198891,120.208694,20.799656,0.391181,0.826262,-0.073389,-0.398600,9.419248,121.727623,30.957449,-0.073154,0.144463,0.483508,-0.860232,17.852667,105.924286,17.478035,-0.006473,0.116058,0.837693,-0.533628,7.775062,123.442421,13.826580,0.038912,0.902297,0.119658,0.412344,-14.053619,83.888855,14.004108,0.032426,0.937486,-0.013195,0.346257,-13.058403,50.027328,5.330956,-0.003416,0.956962,0.076758,0.279857,-16.198719,5.234706,5.433493,-0.122090,0.920209,-0.023453,0.371159,-1.860646,83.635086,26.751995,-0.073766,0.869641,-0.116685,0.473992,5.387926,49.747242,31.430573,-0.059646,0.905871,0.014293,0.419090,6.181977,6.555954,43.683453,-0.003416,0.956962,0.076758,0.279857,-8.834704,1.537863,-6.400906,-0.059646,0.905871,0.014293,0.419090,16.894178,1.869569,35.243378
976,8.133333,0.029078,0.917304,-0.047790,0.394238,-8.012450,83.750725,20.283190,0.005840,0.917444,-0.014790,0.397548,-7.354021,90.938690,19.814852,0.028788,0.914742,-0.066062,0.397560,-6.980071,107.577042,19.440464,0.060702,0.916209,-0.095764,0.384325,-5.074582,125.502899,17.665831,0.170633,0.850953,-0.369873,0.331598,-1.325422,138.432037,14.693824,0.106568,0.865603,0.020717,0.488821,-8.063900,120.206024,15.562163,-0.001802,-0.655874,0.182221,-0.732545,-16.188932,123.537155,1.865713,0.054013,-0.253593,-0.226317,-0.938911,-14.546816,117.605270,-19.690695,0.197007,-0.038334,-0.527611,-0.825437,1.351395,125.825409,-30.042034,-0.026908,0.939807,-0.061893,0.334975,-3.250308,120.205048,20.720768,0.391825,0.826403,-0.071165,-0.398078,9.344706,121.702553,30.910397,-0.073460,0.145444,0.484396,-0.859541,17.774149,105.914291,17.410839,-0.007448,0.115814,0.838180,-0.532903,7.745286,123.451683,13.738251,0.039318,0.902448,0.118469,0.412318,-14.076567,83.888916,13.878676,0.031490,0.936645,-0.013636,0.348596,-13.141897,50.009811,5.267686,-0.003995,0.956829,0.077195,0.280185,-16.217613,5.212888,5.428844,-0.122840,0.919771,-0.021386,0.372121,-1.948334,83.612534,26.687702,-0.074390,0.869571,-0.117150,0.473907,5.396961,49.731056,31.260357,-0.056504,0.907481,0.016547,0.415946,6.220469,6.557846,43.574829,-0.003995,0.956829,0.077195,0.280185,-8.839466,1.531999,-6.401724,-0.056504,0.907481,0.016547,0.415946,16.851492,1.883262,35.026260
977,8.141667,0.029320,0.916323,-0.047635,0.396513,-8.051371,83.749413,20.212889,0.005226,0.916718,-0.015501,0.399200,-7.389461,90.937386,19.749619,0.029181,0.914081,-0.065859,0.399082,-7.024132,107.574081,19.346071,0.061201,0.915836,-0.094605,0.385420,-5.105618,125.500084,17.587038,0.170796,0.851364,-0.368588,0.331890,-1.350795,138.436554,14.654313,0.106752,0.864913,0.020766,0.489999,-8.089906,120.205475,15.470592,-0.002077,-0.655084,0.182748,-0.733119,-16.176155,123.540970,1.752271,0.054270,-0.253058,-0.226277,-0.939050,-14.496247,117.595055,-19.797359,0.197917,-0.038104,-0.527317,-0.825417,1.408291,125.810562,-30.128075,-0.026435,0.939418,-0.061648,0.336147,-3.293745,120.199951,20.645405,0.392599,0.826419,-0.069178,-0.397635,9.276477,121.682335,30.867798,-0.073735,0.146597,0.485337,-0.858790,17.694536,105.902008,17.351883,-0.008801,0.115469,0.838881,-0.531854,7.717721,123.461555,13.651710,0.039862,0.902493,0.117251,0.412517,-14.083497,83.890167,13.778294,0.030726,0.936292,-0.013799,0.349604,-13.216789,49.993984,5.227611,-0.004354,0.956694,0.077617,0.280525,-16.233566,5.193186,5.423186,-0.123535,0.919701,-0.020149,0.372134,-2.019245,83.608658,26.647484,-0.074797,0.870376,-0.116655,0.472486,5.402318,49.735558,31.158648,-0.047053,0.911606,0.022860,0.407722,6.298902,6.557420,43.450706,-0.004354,0.956694,0.077617,0.280525,-8.843011,1.526184,-6.403947,-0.047053,0.911606,0.022860,0.407722,16.705032,1.914302,34.613167
978,8.150000,0.029671,0.915345,-0.047701,0.398734,-8.084875,83.749527,20.155607,0.004542,0.916045,-0.016048,0.400728,-7.416825,90.937111,19.695103,0.029887,0.913472,-0.065629,0.400461,-7.064365,107.575134,19.266335,0.061243,0.915601,-0.093712,0.386190,-5.123151,125.500717,17.528051,0.171069,0.851773,-0.367282,0.332148,-1.372764,138.444382,14.621526,0.106905,0.864093,0.020875,0.491405,-8.105919,120.210716,15.397962,-0.002417,-0.654559,0.183200,-0.733474,-16.146193,123.550400,1.653658,0.054486,-0.252773,-0.225864,-0.939214,-14.442876,117.596649,-19.891970,0.198437,-0.038104,-0.527085,-0.825440,1.469725,125.793144,-30.210775,-0.026068,0.939030,-0.061561,0.337272,-3.325909,120.196327,20.587677,0.393465,0.826568,-0.066850,-0.396864,9.220288,121.668472,30.841017,-0.073080,0.147737,0.485853,-0.858359,17.635271,105.897202,17.312622,-0.010269,0.114925,0.839545,-0.530897,7.694543,123.462799,13.563996,0.040138,0.902353,0.116067,0.413131,-14.085481,83.893112,13.691667,0.030297,0.936456,-0.013797,0.349201,-13.264981,49.979160,5.207126,-0.004525,0.956574,0.078015,0.280821,-16.245613,5.176011,5.417339,-0.123682,0.919329,-0.019072,0.373058,-2.084270,83.605942,26.619547,-0.075524,0.871028,-0.114957,0.471583,5.370372,49.732437,31.072754,-0.046972,0.916552,0.024069,0.396417,6.409576,6.528789,43.263538,-0.004525,0.956574,0.078015,0.280821,-8.845435,1.520859,-6.407444,-0.046972,0.916552,0.024069,0.396417,16.597767,1.903616,34.166458
979,8.158333,0.029953,0.914452,-0.047817,0.400742,-8.113697,83.753990,20.108803,0.003918,0.915379,-0.016427,0.402238,-7.440248,90.941170,19.649879,0.030566,0.912832,-0.065616,0.401868,-7.100895,107.585312,19.201616,0.061570,0.915283,-0.092807,0.387108,-5.134793,125.509476,17.476702,0.171111,0.852161,-0.366148,0.332383,-1.381371,138.459045,14.600566,0.106991,0.863198,0.020728,0.492964,-8.116509,120.223557,15.335038,-0.003131,-0.654048,0.184218,-0.733673,-16.106262,123.561203,1.560816,0.054315,-0.252529,-0.225330,-0.939418,-14.389698,117.593216,-19.979816,0.198733,-0.038145,-0.527030,-0.825402,1.537582,125.772980,-30.288189,-0.024991,0.938549,-0.062081,0.338595,-3.353002,120.201935,20.539879,0.393931,0.826748,-0.065277,-0.396290,9.165900,121.649155,30.830061,-0.072807,0.149196,0.486440,-0.857797,17.584843,105.887131,17.293365,-0.010968,0.114610,0.839839,-0.530485,7.686019,123.463692,13.493340,0.040309,0.901970,0.115245,0.414178,-14.085685,83.899147,13.618451,0.029949,0.936183,-0.013378,0.349979,-13.290186,49.972855,5.180988,-0.004702,0.956532,0.078088,0.280940,-16.228642,5.166799,5.364430,-0.123670,0.918988,-0.018346,0.373939,-2.141710,83.608833,26.599154,-0.075898,0.872298,-0.112821,0.469689,5.326999,49.733223,31.012539,-0.050246,0.921478,0.023247,0.384465,6.513742,6.490946,43.051971,-0.004702,0.956532,0.078088,0.280940,-8.823846,1.514890,-6.458464,-0.050246,0.921478,0.023247,0.384465,16.491501,1.870522,33.722221
980,8.166667,0.030177,0.913678,-0.048080,0.402456,-8.133935,83.762764,20.074879,0.003517,0.914656,-0.017103,0.403856,-7.455137,90.949387,19.615074,0.031122,0.912103,-0.065397,0.403514,-7.118070,107.596039,19.141344,0.061319,0.915014,-0.092130,0.387944,-5.133689,125.520004,17.435352,0.171310,0.852593,-0.364740,0.332721,-1.389491,138.476273,14.577415,0.106799,0.862530,0.020678,0.494175,-8.111030,120.237473,15.279293,-0.003220,-0.653658,0.184287,-0.734002,-16.063200,123.567413,1.481479,0.054747,-0.252353,-0.224882,-0.939547,-14.324948,117.596970,-20.056734,0.199198,-0.038184,-0.526728,-0.825481,1.605313,125.751854,-30.356810,-0.024618,0.938076,-0.062187,0.339911,-3.366716,120.209274,20.501604,0.394707,0.827018,-0.063368,-0.395262,9.123735,121.648560,30.827415,-0.071856,0.150519,0.486925,-0.857371,17.551716,105.889809,17.292517,-0.011211,0.114706,0.840168,-0.529939,7.690241,123.470009,13.431621,0.040234,0.901506,0.114142,0.415500,-14.081401,83.907822,13.562044,0.029961,0.935743,-0.013221,0.351159,-13.301280,49.963421,5.196300,-0.004709,0.956445,0.078316,0.281173,-16.235971,5.157051,5.362458,-0.123222,0.918481,-0.017886,0.375351,-2.186471,83.617706,26.587713,-0.076202,0.874293,-0.110602,0.466446,5.259355,49.733196,30.971395,-0.050689,0.925267,0.024530,0.375114,6.609371,6.450563,42.847511,-0.004709,0.956445,0.078316,0.281173,-8.824963,1.511222,-6.458421,-0.050689,0.925267,0.024530,0.375114,16.404612,1.857056,33.313297
981,8.175000,0.030148,0.912998,-0.048424,0.403956,-8.142971,83.777214,20.049168,0.003458,0.913956,-0.017422,0.405424,-7.461798,90.963379,19.585764,0.030996,0.911383,-0.065632,0.405109,-7.121506,107.604851,19.102249,0.061387,0.914681,-0.091086,0.388965,-5.134860,125.527977,17.390160,0.171575,0.852993,-0.363487,0.332929,-1.395028,138.492416,14.563738,0.107116,0.861853,0.020618,0.495288,-8.103653,120.243286,15.227635,-0.003818,-0.653135,0.185117,-0.734256,-16.017796,123.579552,1.409498,0.055021,-0.252207,-0.224301,-0.939709,-14.262613,117.597130,-20.124018,0.199899,-0.038174,-0.526785,-0.825276,1.679845,125.727654,-30.420313,-0.024380,0.937622,-0.062302,0.341157,-3.377434,120.219841,20.466351,0.395169,0.827286,-0.062480,-0.394380,9.085767,121.655273,30.825567,-0.071519,0.152199,0.487425,-0.856818,17.528591,105.892853,17.304214,-0.011043,0.115343,0.839827,-0.530343,7.708487,123.481522,13.382612,0.040109,0.900891,0.113120,0.417122,-14.069123,83.917709,13.516836,0.030150,0.935561,-0.013032,0.351634,-13.296251,49.956356,5.219491,-0.004961,0.956391,0.078464,0.281310,-16.240948,5.150566,5.362292,-0.122586,0.918308,-0.017575,0.375998,-2.216819,83.636711,26.581495,-0.076304,0.877264,-0.109197,0.461153,5.194016,49.740498,30.933846,-0.049604,0.927686,0.025657,0.369160,6.683174,6.431523,42.696728,-0.004961,0.956391,0.078464,0.281310,-8.824031,1.510577,-6.456679,-0.049604,0.927686,0.025657,0.369160,16.348457,1.848074,33.026020
982,8.183333,0.030203,0.912409,-0.048910,0.405223,-8.148748,83.797874,20.034685,0.003255,0.913310,-0.017809,0.406862,-7.463366,90.983307,19.566160,0.031312,0.910697,-0.065615,0.406626,-7.123288,107.621323,19.068764,0.061158,0.914467,-0.090285,0.389689,-5.123626,125.543823,17.365194,0.171886,0.853402,-0.362306,0.333008,-1.394304,138.515823,14.559587,0.107049,0.861213,0.020588,0.496416,-8.087276,120.260551,15.192160,-0.003855,-0.652852,0.185458,-0.734422,-15.965484,123.592995,1.352583,0.055696,-0.252119,-0.223869,-0.939796,-14.199400,117.598984,-20.176825,0.200757,-0.038200,-0.526720,-0.825108,1.751839,125.706139,-30.475199,-0.024240,0.937144,-0.062686,0.342408,-3.378706,120.234657,20.446733,0.395779,0.827560,-0.061513,-0.393343,9.056893,121.672287,30.838770,-0.070587,0.153664,0.487771,-0.856437,17.514723,105.902336,17.335579,-0.010698,0.115912,0.839872,-0.530155,7.727043,123.493576,13.347262,0.039919,0.899992,0.112154,0.419335,-14.056757,83.934395,13.485855,0.030460,0.935351,-0.012770,0.352177,-13.280198,49.956753,5.255806,-0.004543,0.956371,0.078633,0.281336,-16.242754,5.152044,5.365137,-0.121691,0.918017,-0.017105,0.377020,-2.240741,83.661362,26.583517,-0.076591,0.879649,-0.108461,0.456715,5.121249,49.748699,30.890434,-0.048597,0.928980,0.026183,0.365990,6.723118,6.429288,42.599957,-0.004543,0.956371,0.078633,0.281336,-8.828502,1.513429,-6.455930,-0.048597,0.928980,0.026183,0.365990,16.314413,1.844927,32.856293
983,8.191667,0.030129,0.911905,-0.049500,0.406289,-8.152677,83.819023,20.027546,0.003454,0.912726,-0.018297,0.408147,-7.464276,91.003677,19.551628,0.031803,0.910062,-0.065787,0.407980,-7.111063,107.629646,19.042946,0.060760,0.914318,-0.089193,0.390354,-5.090164,125.550201,17.344038,0.171872,0.853908,-0.361004,0.333133,-1.378763,138.532852,14.564090,0.107226,0.860638,0.020485,0.497378,-8.051940,120.269409,15.162434,-0.003995,-0.652734,0.185869,-0.734421,-15.897801,123.603775,1.304954,0.056469,-0.252063,-0.223427,-0.939870,-14.131678,117.600334,-20.221823,0.201913,-0.037942,-0.526585,-0.824924,1.828648,125.682983,-30.524748,-0.024621,0.936505,-0.063128,0.344046,-3.359369,120.239723,20.431282,0.396016,0.828023,-0.060632,-0.392266,9.039042,121.696724,30.864969,-0.069756,0.155033,0.487736,-0.856278,17.526415,105.928246,17.378613,-0.010444,0.116441,0.839700,-0.530317,7.756004,123.511353,13.326979,0.039574,0.899065,0.111401,0.421551,-14.045496,83.948929,13.464907,0.030899,0.935273,-0.012531,0.352352,-13.249493,49.957603,5.293417,-0.004534,0.956370,0.078489,0.281382,-16.241285,5.154765,5.368215,-0.120899,0.917931,-0.016798,0.377498,-2.259857,83.689110,26.590183,-0.076856,0.881798,-0.107973,0.452622,5.058141,49.762295,30.860441,-0.047273,0.929671,0.027016,0.364345,6.755473,6.437048,42.534904,-0.004534,0.956370,0.078489,0.281382,-8.826367,1.512180,-6.451216,-0.047273,0.929671,0.027016,0.364345,16.302111,1.857816,32.745079
984,8.200000,0.030000,0.911482,-0.050081,0.407176,-8.149223,83.838943,20.027069,0.003761,0.912119,-0.018536,0.409490,-7.458651,91.022873,19.543423,0.031745,0.909386,-0.066022,0.409451,-7.092158,107.646523,19.032249,0.060669,0.914058,-0.088388,0.391158,-5.066960,125.566086,17.328032,0.172010,0.854422,-0.359604,0.333257,-1.362471,138.555588,14.570917,0.107364,0.860077,0.019760,0.498347,-8.021389,120.283661,15.140419,-0.003926,-0.652653,0.185985,-0.734465,-15.834872,123.608826,1.262450,0.057482,-0.251832,-0.223130,-0.939941,-14.065925,117.599144,-20.262348,0.203159,-0.037611,-0.526947,-0.824402,1.906200,125.661758,-30.566704,-0.024842,0.936056,-0.063459,0.345189,-3.345738,120.257759,20.424305,0.395992,0.828506,-0.060554,-0.391283,9.026683,121.727196,30.887058,-0.069488,0.156543,0.487578,-0.856115,17.549442,105.955078,17.427301,-0.010342,0.117193,0.839369,-0.530678,7.792392,123.531303,13.318008,0.039104,0.898141,0.110835,0.423710,-14.029447,83.961601,13.453007,0.031533,0.935301,-0.012318,0.352231,-13.201292,49.958889,5.332237,-0.004289,0.956359,0.078395,0.281449,-16.239536,5.159134,5.369400,-0.120336,0.918328,-0.016907,0.376706,-2.269000,83.716278,26.601133,-0.076818,0.883584,-0.107608,0.449221,5.014212,49.780220,30.857361,-0.045596,0.930006,0.028300,0.363606,6.768571,6.447369,42.495102,-0.004289,0.956359,0.078395,0.281449,-8.825426,1.512130,-6.449170,-0.045596,0.930006,0.028300,0.363606,16.287323,1.881952,32.671734
985,8.208333,0.029682,0.911099,-0.050730,0.407975,-8.137819,83.857155,20.041910,0.004023,0.911586,-0.018820,0.410658,-7.447196,91.040413,19.548449,0.031581,0.908804,-0.066248,0.410718,-7.068182,107.665291,19.032660,0.060845,0.913843,-0.087670,0.391795,-5.042659,125.584152,17.321396,0.172194,0.855017,-0.358217,0.333130,-1.338431,138.578522,14.587019,0.107262,0.859515,0.018894,0.499372,-7.989789,120.299461,15.129396,-0.003939,-0.652496,0.186146,-0.734563,-15.770733,123.606407,1.228806,0.058052,-0.251819,-0.222944,-0.939954,-13.995292,117.590973,-20.293858,0.203979,-0.037525,-0.526869,-0.824253,1.984966,125.642822,-30.605486,-0.024957,0.935572,-0.064071,0.346378,-3.328658,120.278419,20.426121,0.395466,0.829212,-0.060978,-0.390252,9.016822,121.760330,30.918901,-0.069495,0.158176,0.486982,-0.856154,17.594368,105.990616,17.491161,-0.010421,0.117826,0.838805,-0.531426,7.834513,123.551498,13.322669,0.038640,0.897210,0.110512,0.425803,-14.006892,83.969124,13.457698,0.032314,0.935440,-0.012107,0.351798,-13.140479,49.958889,5.372514,-0.003940,0.956340,0.078329,0.281538,-16.237589,5.163145,5.368644,-0.119980,0.919083,-0.017321,0.374954,-2.268746,83.745186,26.626122,-0.076706,0.884316,-0.107304,0.447870,4.989184,49.804142,30.885803,-0.044360,0.930408,0.029364,0.362643,6.765041,6.463894,42.492699,-0.003940,0.956340,0.078329,0.281538,-8.824596,1.511704,-6.449258,-0.044360,0.930408,0.029364,0.362643,16.254776,1.911374,32.635326
986,8.216667,0.029431,0.910759,-0.051387,0.408670,-8.122475,83.873535,20.065895,0.004579,0.911102,-0.019289,0.411705,-7.430911,91.056038,19.562847,0.031127,0.908292,-0.066495,0.411845,-7.028091,107.678566,19.040953,0.060878,0.913652,-0.086643,0.392462,-5.011726,125.597275,17.317318,0.172420,0.855532,-0.356890,0.333116,-1.314329,138.599609,14.611710,0.107228,0.859006,0.018281,0.500277,-7.949696,120.308304,15.123357,-0.003422,-0.652524,0.185789,-0.734631,-15.701431,123.603104,1.203579,0.058898,-0.251858,-0.222845,-0.939914,-13.921687,117.583740,-20.317625,0.204706,-0.037247,-0.526454,-0.824351,2.061106,125.623253,-30.638929,-0.025416,0.935182,-0.064408,0.347334,-3.301235,120.295799,20.431229,0.395026,0.829896,-0.061281,-0.389194,9.021917,121.797180,30.947458,-0.069758,0.159656,0.486489,-0.856138,17.652025,106.029282,17.551292,-0.010795,0.118340,0.838484,-0.531812,7.891658,123.578659,13.334735,0.038284,0.896270,0.110348,0.427853,-13.981793,83.975937,13.472846,0.032965,0.935610,-0.011926,0.351290,-13.079587,49.961246,5.410351,-0.003692,0.956419,0.078120,0.281330,-16.225636,5.168927,5.372422,-0.119667,0.919596,-0.017980,0.373763,-2.263155,83.771133,26.658943,-0.076740,0.883849,-0.106691,0.448930,4.963148,49.826462,30.943438,-0.043973,0.930774,0.030334,0.361671,6.752954,6.474906,42.505886,-0.003692,0.956419,0.078120,0.281330,-8.820354,1.510097,-6.448027,-0.043973,0.930774,0.030334,0.361671,16.221172,1.941989,32.618832
987,8.225000,0.029143,0.910401,-0.052117,0.409396,-8.102268,83.891953,20.105930,0.005040,0.910475,-0.019732,0.413062,-7.409791,91.073608,19.592138,0.030635,0.907581,-0.066956,0.413371,-6.986222,107.691216,19.063883,0.060582,0.913301,-0.085840,0.393501,-4.976253,125.608788,17.321167,0.172295,0.855969,-0.355418,0.333630,-1.289888,138.618774,14.637407,0.107110,0.858465,0.017336,0.501263,-7.903499,120.314720,15.125209,-0.003465,-0.652537,0.185800,-0.734617,-15.623936,123.589500,1.183331,0.059166,-0.251965,-0.222764,-0.939888,-13.845104,117.571152,-20.338232,0.205116,-0.037073,-0.526256,-0.824383,2.140546,125.606033,-30.667988,-0.025915,0.934876,-0.064770,0.348051,-3.272384,120.312927,20.448238,0.394132,0.830854,-0.061784,-0.387976,9.033710,121.834816,30.981483,-0.070156,0.161009,0.485289,-0.856533,17.737926,106.077888,17.620415,-0.011667,0.119012,0.837662,-0.532938,7.946523,123.601242,13.357763,0.038188,0.895121,0.110312,0.430270,-13.951416,83.983604,13.503699,0.033724,0.935624,-0.011734,0.351188,-13.022573,49.967850,5.448736,-0.003264,0.956397,0.077853,0.281484,-16.226234,5.179673,5.371033,-0.119726,0.920169,-0.019009,0.372280,-2.253119,83.800301,26.708162,-0.076480,0.883501,-0.105854,0.449858,4.956848,49.859272,31.048670,-0.043213,0.931042,0.031560,0.360968,6.748533,6.488159,42.537243,-0.003264,0.956397,0.077853,0.281484,-8.821733,1.510339,-6.446650,-0.043213,0.931042,0.031560,0.360968,16.198050,1.977705,32.622063
988,8.233333,0.028740,0.910051,-0.052471,0.410156,-8.072289,83.902458,20.150270,0.005470,0.910038,-0.020555,0.413979,-7.382585,91.083923,19.630001,0.030368,0.907130,-0.067268,0.414328,-6.934275,107.695862,19.083345,0.059982,0.913188,-0.084771,0.394085,-4.926555,125.612518,17.328520,0.172308,0.856456,-0.353848,0.334042,-1.263358,138.633667,14.667182,0.106747,0.857942,0.017195,0.502239,-7.847560,120.315491,15.131354,-0.003724,-0.652504,0.186129,-0.734561,-15.538630,123.576546,1.170045,0.059088,-0.252292,-0.222720,-0.939815,-13.763389,117.555412,-20.351036,0.205242,-0.036903,-0.526002,-0.824521,2.216135,125.587914,-30.691853,-0.026931,0.934512,-0.064842,0.348938,-3.227393,120.320045,20.463884,0.393502,0.831490,-0.062708,-0.387103,9.056828,121.875206,31.017775,-0.071026,0.162448,0.484520,-0.856625,17.813587,106.116890,17.692726,-0.012736,0.119803,0.836549,-0.534481,8.008986,123.628029,13.393206,0.037983,0.894264,0.110443,0.432033,-13.910847,83.984200,13.538544,0.034564,0.935718,-0.011654,0.350857,-12.949368,49.969372,5.483496,-0.003088,0.956437,0.077714,0.281389,-16.221079,5.186179,5.373771,-0.119673,0.920373,-0.020340,0.371723,-2.233733,83.820717,26.761997,-0.076544,0.882507,-0.104676,0.452068,4.940687,49.882473,31.182421,-0.041267,0.931135,0.033680,0.360763,6.757478,6.489959,42.585911,-0.003088,0.956437,0.077714,0.281389,-8.820775,1.511829,-6.444979,-0.041267,0.931135,0.033680,0.360763,16.190104,2.012702,32.639660
989,8.241667,0.028415,0.909706,-0.052832,0.410897,-8.033779,83.909241,20.207081,0.005693,0.909567,-0.021054,0.414986,-7.345781,91.090416,19.680706,0.029397,0.906649,-0.067514,0.415411,-6.882885,107.714355,19.122093,0.060116,0.912929,-0.084161,0.394795,-4.901263,125.631905,17.346947,0.172481,0.856973,-0.352384,0.334176,-1.238091,138.657135,14.705660,0.106021,0.857252,0.016675,0.503588,-7.808516,120.326958,15.150637,-0.003616,-0.652592,0.185832,-0.734559,-15.460470,123.557602,1.160790,0.059146,-0.252491,-0.222607,-0.939785,-13.685402,117.543121,-20.362164,0.204944,-0.036877,-0.525940,-0.824637,2.292174,125.569878,-30.710714,-0.027128,0.934368,-0.065120,0.349256,-3.200208,120.346619,20.493385,0.392426,0.832451,-0.063493,-0.386000,9.076460,121.911476,31.054630,-0.072296,0.163898,0.483533,-0.856800,17.909380,106.165886,17.764858,-0.013713,0.120578,0.835764,-0.535510,8.083386,123.661331,13.434836,0.037911,0.893555,0.110627,0.433456,-13.861944,83.982300,13.586089,0.035407,0.935674,-0.011531,0.350895,-12.877433,49.969940,5.523387,-0.002903,0.956461,0.077629,0.281333,-16.215996,5.191791,5.376581,-0.119672,0.920303,-0.021895,0.371809,-2.205615,83.836189,26.828075,-0.076410,0.882093,-0.103344,0.453204,4.927582,49.902515,31.349199,-0.038515,0.931135,0.036293,0.360816,6.774421,6.483278,42.645645,-0.002903,0.956461,0.077629,0.281333,-8.818887,1.513806,-6.443042,-0.038515,0.931135,0.036293,0.360816,16.189590,2.043771,32.665981
990,8.250000,0.027936,0.909401,-0.053230,0.411552,-7.982482,83.911728,20.278484,0.005687,0.909144,-0.021866,0.415868,-7.298046,91.092690,19.744526,0.028814,0.906199,-0.067792,0.416385,-6.823578,107.714508,19.161760,0.060096,0.912741,-0.083143,0.395448,-4.854996,125.631927,17.370804,0.172202,0.857597,-0.350901,0.334278,-1.200074,138.665100,14.757447,0.105499,0.856758,0.016491,0.504543,-7.752815,120.321846,15.174439,-0.003757,-0.652572,0.185752,-0.734596,-15.377039,123.533752,1.165158,0.059067,-0.252907,-0.222607,-0.939678,-13.599480,117.525711,-20.359383,0.204662,-0.037061,-0.526225,-0.824516,2.372005,125.552643,-30.723959,-0.028234,0.934172,-0.065348,0.349651,-3.155466,120.351723,20.526571,0.391673,0.833299,-0.064001,-0.384850,9.110210,121.953461,31.095051,-0.073064,0.165003,0.482391,-0.857167,18.009371,106.215599,17.840357,-0.015042,0.121444,0.834979,-0.536503,8.151887,123.688675,13.480253,0.037920,0.892991,0.110957,0.434531,-13.801604,83.973442,13.649429,0.036382,0.935494,-0.011408,0.351278,-12.797844,49.966244,5.567379,-0.002806,0.956477,0.077553,0.281299,-16.214256,5.194125,5.378053,-0.119380,0.920217,-0.023378,0.372024,-2.163360,83.850014,26.907539,-0.076375,0.881729,-0.101973,0.454227,4.911407,49.916164,31.518209,-0.035350,0.931137,0.038826,0.360870,6.799419,6.471169,42.708309,-0.002806,0.956477,0.077553,0.281299,-8.819029,1.513382,-6.441885,-0.035350,0.931137,0.038826,0.360870,16.193316,2.063411,32.694592
991,8.258333,0.027806,0.909080,-0.053599,0.412222,-7.934430,83.907745,20.355486,0.005912,0.908774,-0.022656,0.416632,-7.249118,91.088234,19.816414,0.028070,0.905827,-0.068234,0.417173,-6.756278,107.713211,19.213148,0.059946,0.912617,-0.082257,0.395942,-4.803889,125.629982,17.398203,0.171933,0.858281,-0.349264,0.334375,-1.159716,138.670654,14.807294,0.104903,0.856245,0.016349,0.505542,-7.692509,120.313499,15.205227,-0.004274,-0.652481,0.186109,-0.734585,-15.287973,123.505234,1.175719,0.058626,-0.253409,-0.222716,-0.939545,-13.511014,117.500648,-20.349842,0.204479,-0.037464,-0.526442,-0.824405,2.449685,125.534782,-30.729824,-0.029218,0.933945,-0.065608,0.350128,-3.103826,120.356384,20.564705,0.390535,0.834031,-0.065228,-0.384213,9.149153,121.991776,31.142765,-0.074208,0.166472,0.481314,-0.857390,18.110170,106.264267,17.917473,-0.016245,0.122154,0.834273,-0.537405,8.229304,123.717354,13.523195,0.038062,0.892324,0.111295,0.435802,-13.743955,83.963905,13.717967,0.037279,0.935240,-0.011254,0.351866,-12.727112,49.962719,5.612286,-0.002713,0.956462,0.077525,0.281360,-16.213783,5.196217,5.379547,-0.119509,0.919836,-0.024984,0.372821,-2.124905,83.851585,26.993004,-0.076102,0.881551,-0.100478,0.454951,4.911806,49.925320,31.716368,-0.032846,0.931298,0.040971,0.360454,6.831412,6.449395,42.780262,-0.002713,0.956462,0.077525,0.281360,-8.817984,1.513987,-6.439576,-0.032846,0.931298,0.040971,0.360454,16.199312,2.070394,32.729633
992,8.266667,0.027881,0.908735,-0.054169,0.412903,-7.880953,83.907463,20.443195,0.005772,0.908390,-0.023887,0.417401,-7.190855,91.086998,19.897621,0.028222,0.905410,-0.068514,0.418022,-6.685022,107.697205,19.256111,0.058541,0.912664,-0.081033,0.396297,-4.721723,125.612274,17.436152,0.171377,0.858903,-0.347475,0.334927,-1.123150,138.668777,14.861324,0.104261,0.855910,0.016602,0.506234,-7.608408,120.295929,15.240301,-0.004938,-0.652537,0.186662,-0.734390,-15.185457,123.473183,1.197557,0.058150,-0.254053,-0.222819,-0.939376,-13.421033,117.471443,-20.329828,0.204313,-0.037737,-0.526926,-0.824124,2.526699,125.512695,-30.730461,-0.030655,0.933541,-0.066171,0.350974,-3.029855,120.339500,20.608429,0.389784,0.834620,-0.065622,-0.383630,9.201024,122.026421,31.203953,-0.074737,0.167466,0.480336,-0.857699,18.208385,106.311646,17.995026,-0.017479,0.122628,0.833336,-0.538709,8.300679,123.746315,13.570253,0.038286,0.891735,0.111676,0.436889,-13.680480,83.959862,13.796910,0.038145,0.934812,-0.011097,0.352914,-12.655945,49.965797,5.662348,-0.002283,0.956505,0.077428,0.281243,-16.209919,5.204847,5.384978,-0.119279,0.918898,-0.025978,0.375133,-2.081425,83.855064,27.089479,-0.076262,0.881150,-0.099104,0.456002,4.902561,49.928501,31.888369,-0.030313,0.931638,0.042743,0.359589,6.878833,6.430155,42.853718,-0.002283,0.956505,0.077428,0.281243,-8.821006,1.516857,-6.436652,-0.030313,0.931638,0.042743,0.359589,16.209953,2.070213,32.760685
993,8.275000,0.027925,0.908406,-0.054536,0.413575,-7.817610,83.896324,20.533157,0.005264,0.908073,-0.024604,0.418055,-7.124347,91.075256,19.983545,0.027938,0.905077,-0.068712,0.418730,-6.623202,107.692314,19.313396,0.057881,0.912657,-0.080615,0.396494,-4.664797,125.606979,17.484198,0.170951,0.859753,-0.345305,0.335210,-1.085908,138.669662,14.913288,0.103580,0.855419,0.016401,0.507209,-7.545897,120.287910,15.287612,-0.004952,-0.652509,0.186654,-0.734416,-15.095408,123.441742,1.224771,0.058279,-0.254541,-0.223109,-0.939167,-13.329235,117.440437,-20.302599,0.204410,-0.038054,-0.527636,-0.823632,2.604732,125.489410,-30.723083,-0.031523,0.933471,-0.066772,0.350970,-2.975474,120.337090,20.662617,0.388949,0.835171,-0.066124,-0.383192,9.253743,122.057152,31.254736,-0.075404,0.168015,0.479519,-0.857990,18.305292,106.356667,18.059023,-0.018179,0.122747,0.832718,-0.539615,8.371239,123.777512,13.622769,0.038587,0.891193,0.111981,0.437888,-13.607301,83.945938,13.878277,0.039090,0.934691,-0.010838,0.353141,-12.582924,49.958275,5.717005,-0.002568,0.956515,0.077338,0.281232,-16.207825,5.203366,5.387031,-0.119342,0.918171,-0.027438,0.376786,-2.027920,83.846710,27.188036,-0.075964,0.880973,-0.097460,0.456747,4.912543,49.926647,32.094784,-0.028884,0.931998,0.044048,0.358616,6.924824,6.395206,42.921368,-0.002568,0.956515,0.077338,0.281232,-8.816860,1.515089,-6.433229,-0.028884,0.931998,0.044048,0.358616,16.225737,2.053860,32.792496
994,8.283333,0.027869,0.908053,-0.055076,0.414281,-7.749554,83.886337,20.639626,0.004845,0.907725,-0.025437,0.418765,-7.053369,91.064453,20.083149,0.027436,0.904716,-0.069023,0.419489,-6.552526,107.687103,19.382097,0.057543,0.912624,-0.079956,0.396754,-4.604318,125.601234,17.536745,0.170225,0.860709,-0.343332,0.335153,-1.039470,138.670425,14.979447,0.103042,0.854985,0.015999,0.508063,-7.478028,120.277679,15.341306,-0.004856,-0.652434,0.186687,-0.734476,-15.002942,123.408890,1.260242,0.058801,-0.254921,-0.223699,-0.938891,-13.232881,117.403198,-20.265579,0.205092,-0.038180,-0.529032,-0.822560,2.685081,125.467621,-30.706110,-0.032134,0.933371,-0.067376,0.351065,-2.916198,120.335999,20.723511,0.387767,0.835701,-0.066711,-0.383133,9.309587,122.081612,31.315405,-0.076161,0.168488,0.478832,-0.858214,18.404337,106.406281,18.119492,-0.018135,0.122681,0.832447,-0.540048,8.447836,123.817482,13.676871,0.038963,0.890712,0.112155,0.438788,-13.528988,83.930260,13.975800,0.040079,0.934711,-0.010328,0.352989,-12.514360,49.947365,5.793494,-0.002481,0.956502,0.077591,0.281209,-16.206078,5.198517,5.389957,-0.119363,0.917151,-0.028518,0.379175,-1.970119,83.842415,27.303452,-0.076010,0.880852,-0.095201,0.457448,4.929938,49.926933,32.298054,-0.026961,0.932383,0.045272,0.357610,7.031736,6.357044,42.951588,-0.002481,0.956502,0.077591,0.281209,-8.815808,1.516417,-6.432662,-0.026961,0.932383,0.045272,0.357610,16.296925,2.027383,32.785042
995,8.291667,0.027808,0.907621,-0.055541,0.415170,-7.682277,83.888466,20.746056,0.004530,0.907403,-0.026255,0.419416,-6.983571,91.065887,20.183821,0.027106,0.904415,-0.069377,0.420103,-6.480432,107.683334,19.454214,0.057207,0.912564,-0.079014,0.397128,-4.536406,125.596329,17.593609,0.168974,0.861679,-0.341320,0.335348,-0.988045,138.674133,15.057415,0.102461,0.854542,0.015663,0.508935,-7.405306,120.269562,15.399727,-0.004563,-0.652545,0.186669,-0.734383,-14.905230,123.378029,1.300304,0.059161,-0.255290,-0.224250,-0.938637,-13.141402,117.365143,-20.224018,0.205581,-0.038356,-0.529759,-0.821962,2.762321,125.445816,-30.683323,-0.032981,0.933293,-0.067482,0.351173,-2.850495,120.334885,20.787792,0.386622,0.836136,-0.067058,-0.383280,9.371021,122.107574,31.380114,-0.076810,0.168812,0.478163,-0.858465,18.500456,106.461189,18.173813,-0.018162,0.122641,0.832146,-0.540521,8.522172,123.859169,13.728725,0.039137,0.890224,0.112245,0.439739,-13.448763,83.926933,14.070991,0.041210,0.934782,-0.009778,0.352688,-12.433438,49.946396,5.878974,-0.002500,0.956522,0.077516,0.281162,-16.202690,5.204821,5.394585,-0.119438,0.916016,-0.029217,0.381832,-1.915790,83.849998,27.421120,-0.075887,0.879888,-0.093537,0.459662,4.955614,49.938580,32.482414,-0.025359,0.932771,0.045641,0.356669,7.090930,6.338793,43.006180,-0.002500,0.956522,0.077516,0.281162,-8.813577,1.520848,-6.428169,-0.025359,0.932771,0.045641,0.356669,16.322220,2.002342,32.811741
996,8.300000,0.027478,0.907257,-0.056016,0.415922,-7.598893,83.884949,20.861498,0.004008,0.907114,-0.026744,0.420016,-6.901205,91.061867,20.291637,0.026346,0.904129,-0.069888,0.420680,-6.406325,107.685875,19.539993,0.056897,0.912606,-0.078563,0.397165,-4.478244,125.597763,17.652340,0.168124,0.862986,-0.338569,0.335201,-0.942018,138.680344,15.123855,0.101902,0.854036,0.015353,0.509905,-7.339240,120.264519,15.463874,-0.004256,-0.652533,0.186890,-0.734340,-14.810724,123.351097,1.344556,0.059487,-0.255710,-0.224909,-0.938344,-13.049899,117.322304,-20.175562,0.206051,-0.038423,-0.530628,-0.821280,2.836075,125.423035,-30.654917,-0.033659,0.933392,-0.067515,0.350839,-2.790699,120.343254,20.857058,0.385535,0.836624,-0.067197,-0.383285,9.436978,122.136322,31.438839,-0.077346,0.169040,0.477462,-0.858762,18.603893,106.519867,18.223085,-0.018259,0.122460,0.831940,-0.540875,8.599113,123.907074,13.775206,0.039860,0.889667,0.112310,0.440784,-13.354668,83.913734,14.177143,0.042113,0.934792,-0.009205,0.352570,-12.372562,49.938202,5.960342,-0.002565,0.956517,0.077671,0.281132,-16.199385,5.202401,5.399683,-0.119558,0.915052,-0.029934,0.384043,-1.843116,83.856163,27.545851,-0.075378,0.879093,-0.091962,0.461580,5.004205,49.949734,32.672737,-0.023648,0.933082,0.046013,0.355925,7.143080,6.316805,43.057487,-0.002565,0.956517,0.077671,0.281132,-8.810001,1.523122,-6.424366,-0.023648,0.933082,0.046013,0.355925,16.343674,1.972726,32.838570
997,8.308333,0.027293,0.906754,-0.056446,0.416972,-7.517615,83.876022,20.977407,0.003639,0.906797,-0.027239,0.420670,-6.819111,91.052399,20.401608,0.025804,0.903849,-0.070433,0.421225,-6.327674,107.682648,19.629869,0.056199,0.912739,-0.077595,0.397150,-4.407928,125.592789,17.717325,0.167024,0.864278,-0.336026,0.334982,-0.898925,138.685715,15.204540,0.101513,0.853669,0.014785,0.510612,-7.263366,120.254562,15.533722,-0.003439,-0.652643,0.186549,-0.734333,-14.713943,123.320068,1.398772,0.060384,-0.256126,-0.225703,-0.937983,-12.953865,117.278671,-20.117876,0.206747,-0.038373,-0.531792,-0.820354,2.913801,125.398972,-30.623400,-0.034613,0.933447,-0.067768,0.350551,-2.720902,120.344116,20.931854,0.384946,0.836767,-0.067164,-0.383570,9.511230,122.168472,31.503126,-0.077666,0.169240,0.477335,-0.858765,18.688690,106.571320,18.271885,-0.018295,0.121860,0.831819,-0.541196,8.681546,123.957207,13.822755,0.040316,0.889172,0.112155,0.441780,-13.258150,83.897400,14.279933,0.043201,0.934969,-0.008469,0.351988,-12.299982,49.922009,6.059746,-0.002615,0.956537,0.077974,0.280980,-16.195063,5.193382,5.405291,-0.119698,0.913835,-0.030325,0.386857,-1.777080,83.854652,27.674883,-0.074794,0.878143,-0.090385,0.463791,5.052513,49.952202,32.851505,-0.022535,0.933265,0.046041,0.355513,7.186314,6.285566,43.094681,-0.002615,0.956537,0.077974,0.280980,-8.808117,1.522721,-6.422959,-0.022535,0.933265,0.046041,0.355513,16.367840,1.931116,32.863037
998,8.316667,0.027010,0.906349,-0.056880,0.417811,-7.432957,83.870789,21.091112,0.002998,0.906560,-0.027534,0.421168,-6.735013,91.046669,20.508572,0.025629,0.903620,-0.070908,0.421646,-6.258047,107.687355,19.718710,0.055864,0.912948,-0.076924,0.396848,-4.335890,125.595390,17.788935,0.165779,0.865902,-0.333041,0.334385,-0.843312,138.694809,15.287132,0.100865,0.853216,0.014070,0.511518,-7.189552,120.254967,15.608400,-0.002908,-0.652768,0.186689,-0.734188,-14.614275,123.289505,1.453176,0.060860,-0.256428,-0.226462,-0.937686,-12.863840,117.229172,-20.058935,0.207219,-0.038341,-0.533060,-0.819413,2.992402,125.375076,-30.585485,-0.034957,0.933539,-0.068217,0.350185,-2.651975,120.350060,21.010548,0.383910,0.836997,-0.067097,-0.384118,9.587711,122.189262,31.570507,-0.078180,0.169341,0.476921,-0.858928,18.782034,106.626534,18.310478,-0.018441,0.121260,0.831692,-0.541521,8.760412,124.004295,13.865538,0.040453,0.888762,0.111933,0.442648,-13.161403,83.883408,14.383271,0.044523,0.935174,-0.007616,0.351298,-12.210671,49.905308,6.173418,-0.002406,0.956525,0.078344,0.280921,-16.190144,5.185854,5.408440,-0.119985,0.912769,-0.030761,0.389244,-1.704511,83.858177,27.798954,-0.073781,0.877140,-0.088824,0.466146,5.117591,49.962406,33.028942,-0.022525,0.933448,0.044773,0.355194,7.211058,6.257123,43.114395,-0.002406,0.956525,0.078344,0.280921,-8.805529,1.523610,-6.423876,-0.022525,0.933448,0.044773,0.355194,16.381805,1.869961,32.887058
999,8.325000,0.026287,0.905891,-0.057663,0.418743,-7.331806,83.873772,21.218458,0.002133,0.906390,-0.027977,0.421508,-6.638005,91.048904,20.622019,0.025163,0.903502,-0.071368,0.421850,-6.180686,107.688393,19.806852,0.055520,0.913227,-0.076133,0.396405,-4.266343,125.594925,17.855402,0.164361,0.867757,-0.329530,0.333757,-0.792202,138.701736,15.366693,0.100362,0.852881,0.013442,0.512192,-7.116629,120.250404,15.680471,-0.002234,-0.652661,0.186820,-0.734253,-14.522214,123.259697,1.509844,0.061273,-0.256884,-0.227419,-0.937303,-12.767675,117.174789,-19.994991,0.207507,-0.038171,-0.534135,-0.818647,3.062177,125.349365,-30.542377,-0.035628,0.933699,-0.068637,0.349607,-2.581146,120.354424,21.084211,0.383130,0.837281,-0.066769,-0.384335,9.670171,122.217690,31.626446,-0.078505,0.169453,0.476474,-0.859125,18.883842,106.684372,18.345387,-0.018729,0.120877,0.831225,-0.542312,8.846576,124.052284,13.900190,0.041097,0.888130,0.111806,0.443888,-13.047182,83.867905,14.499468,0.045730,0.935252,-0.006853,0.350949,-12.128899,49.891483,6.278975,-0.002255,0.956561,0.078626,0.280722,-16.185778,5.180827,5.413323,-0.119825,0.911868,-0.030923,0.391386,-1.616431,83.879646,27.937449,-0.072721,0.876357,-0.087249,0.468078,5.178838,49.981888,33.189430,-0.024011,0.933700,0.042275,0.354741,7.234544,6.237760,43.112934,-0.002255,0.956561,0.078626,0.280722,-8.806575,1.525177,-6.424406,-0.024011,0.933700,0.042275,0.354741,16.401880,1.801156,32.903885
1000,8.333333,0.025596,0.905435,-0.058334,0.419678,-7.238834,83.875023,21.340096,0.001836,0.906134,-0.028549,0.422023,-6.549408,91.049561,20.731417,0.024984,0.903291,-0.071747,0.422247,-6.092609,107.686447,19.895138,0.054647,0.913690,-0.074797,0.395715,-4.177487,125.591339,17.929441,0.162939,0.869805,-0.325968,0.332618,-0.741446,138.711838,15.460036,0.099804,0.852658,0.013154,0.512680,-7.025661,120.244751,15.756829,-0.001552,-0.652880,0.186946,-0.734028,-14.418584,123.233284,1.575199,0.061651,-0.257366,-0.228156,-0.936967,-12.678967,117.126190,-19.924561,0.207632,-0.038168,-0.535275,-0.817871,3.133458,125.324394,-30.496990,-0.036721,0.933725,-0.068881,0.349377,-2.494779,120.353790,21.164330,0.382336,0.837473,-0.066320,-0.384786,9.759196,122.252563,31.697136,-0.078514,0.169641,0.475964,-0.859369,18.984566,106.752159,18.385778,-0.019136,0.120441,0.830908,-0.542882,8.930134,124.107277,13.930893,0.041453,0.887497,0.111582,0.445175,-12.941011,83.851990,14.609939,0.047095,0.935482,-0.005977,0.350172,-12.039904,49.874134,6.393478,-0.002948,0.956565,0.078708,0.280677,-16.184408,5.173850,5.414591,-0.119908,0.911032,-0.031005,0.393295,-1.536656,83.898064,28.070253,-0.071325,0.876056,-0.085795,0.469125,5.250511,50.002052,33.343964,-0.026787,0.934144,0.038875,0.353761,7.247403,6.217268,43.098770,-0.002948,0.956565,0.078708,0.280677,-8.799922,1.525595,-6.422127,-0.026787,0.934144,0.038875,0.353761,16.409582,1.720933,32.911240
1001,8.341667,0.024728,0.905038,-0.058623,0.420545,-7.129783,83.882011,21.458921,0.001038,0.905942,-0.028900,0.422413,-6.449380,91.056686,20.841827,0.024677,0.903135,-0.072105,0.422539,-6.011364,107.693192,19.983900,0.054356,0.914105,-0.073549,0.395029,-4.100207,125.596771,18.002445,0.161517,0.872012,-0.322037,0.331361,-0.687030,138.727646,15.556620,0.099063,0.852358,0.012801,0.513330,-6.945549,120.247314,15.833181,-0.000422,-0.653092,0.186650,-0.733916,-14.321557,123.208664,1.637051,0.062380,-0.257588,-0.229032,-0.936644,-12.589407,117.079163,-19.856930,0.207954,-0.038064,-0.536360,-0.817082,3.204034,125.301132,-30.445272,-0.037433,0.933945,-0.069268,0.348637,-2.417928,120.362762,21.243277,0.381622,0.837495,-0.065971,-0.385505,9.851128,122.286163,31.754032,-0.078902,0.169641,0.475921,-0.859358,19.076120,106.816063,18.407207,-0.019211,0.119646,0.830709,-0.543358,9.018814,124.174156,13.959302,0.041747,0.886935,0.111175,0.446367,-12.819874,83.841888,14.718625,0.048554,0.936000,-0.005013,0.348599,-11.938800,49.859398,6.519190,-0.002661,0.956614,0.079081,0.280409,-16.177078,5.170691,5.420515,-0.119656,0.910416,-0.031128,0.394787,-1.439692,83.922127,28.199217,-0.069773,0.876164,-0.084471,0.469396,5.319632,50.022434,33.484970,-0.030706,0.934592,0.035368,0.352624,7.248835,6.197753,43.072765,-0.002661,0.956614,0.079081,0.280409,-8.800648,1.530502,-6.423703,-0.030706,0.934592,0.035368,0.352624,16.413345,1.650497,32.909973
1002,8.350000,0.023991,0.904671,-0.058775,0.421354,-7.028827,83.892456,21.562683,0.000938,0.905704,-0.028847,0.422927,-6.356577,91.067390,20.939713,0.023536,0.902946,-0.072620,0.422920,-5.921796,107.705215,20.082170,0.054435,0.914438,-0.072343,0.394470,-4.039239,125.608078,18.067242,0.160082,0.874380,-0.317727,0.329974,-0.638841,138.747330,15.648755,0.098282,0.852225,0.012352,0.513712,-6.874213,120.249687,15.906492,0.000526,-0.652972,0.186441,-0.734076,-14.242490,123.181641,1.700245,0.063101,-0.257837,-0.230002,-0.936289,-12.499815,117.029938,-19.786545,0.208233,-0.037694,-0.537792,-0.816087,3.272602,125.279259,-30.391943,-0.037808,0.934338,-0.069665,0.347461,-2.350356,120.383194,21.319324,0.380338,0.837686,-0.065874,-0.386375,9.944426,122.320320,31.797451,-0.079114,0.168973,0.475854,-0.859507,19.183149,106.894287,18.409170,-0.017213,0.118737,0.830833,-0.543435,9.111814,124.255898,13.986820,0.042000,0.886198,0.110728,0.447916,-12.707533,83.838463,14.812885,0.049982,0.936038,-0.004211,0.348307,-11.841973,49.850513,6.634442,-0.003035,0.956639,0.079015,0.280338,-16.175266,5.173784,5.425001,-0.119690,0.910395,-0.031481,0.394796,-1.350121,83.946457,28.312481,-0.067752,0.877370,-0.083395,0.467629,5.401426,50.048882,33.621708,-0.035525,0.934996,0.032002,0.351421,7.237571,6.183004,43.037861,-0.003035,0.956639,0.079015,0.280338,-8.797379,1.534644,-6.418636,-0.035525,0.934996,0.032002,0.351421,16.412498,1.597747,32.901566
1003,8.358333,0.023082,0.904317,-0.059002,0.422133,-6.920784,83.895256,21.675058,0.000489,0.905586,-0.029196,0.423157,-6.258513,91.070419,21.044132,0.022828,0.902908,-0.072853,0.422999,-5.831878,107.717857,20.169319,0.053896,0.914998,-0.070964,0.393494,-3.968719,125.620689,18.136099,0.158873,0.876838,-0.312939,0.328610,-0.599708,138.772186,15.740342,0.097295,0.851965,0.012078,0.514338,-6.797710,120.256981,15.980684,0.002138,-0.653328,0.185798,-0.733919,-14.151329,123.156395,1.760173,0.064038,-0.257863,-0.231120,-0.935943,-12.418774,116.979912,-19.720325,0.208485,-0.037288,-0.539062,-0.815203,3.333062,125.259903,-30.335844,-0.038782,0.934655,-0.069874,0.346459,-2.274344,120.400986,21.393658,0.379535,0.837580,-0.066038,-0.387365,10.040636,122.368195,31.842419,-0.078881,0.168600,0.475788,-0.859638,19.272396,106.968369,18.419222,-0.016371,0.117293,0.830771,-0.543869,9.192464,124.328903,14.003981,0.042364,0.885139,0.110460,0.450036,-12.588653,83.824089,14.916317,0.051462,0.936197,-0.003483,0.347669,-11.734533,49.834148,6.744966,-0.003021,0.956676,0.079275,0.280139,-16.170002,5.170393,5.431028,-0.119065,0.910107,-0.031542,0.395643,-1.252916,83.966415,28.433800,-0.066054,0.878512,-0.082518,0.465881,5.452877,50.058662,33.736031,-0.039368,0.935129,0.030063,0.350829,7.211783,6.159317,43.009895,-0.003021,0.956676,0.079275,0.280139,-8.796367,1.538282,-6.417412,-0.039368,0.935129,0.030063,0.350829,16.405308,1.563229,32.895386
1004,8.366667,0.022171,0.904104,-0.059499,0.422568,-6.812473,83.908020,21.790190,-0.000052,0.905480,-0.029621,0.423354,-6.158780,91.082939,21.147526,0.022328,0.902837,-0.073016,0.423150,-5.742313,107.729362,20.252335,0.053729,0.915585,-0.069117,0.392480,-3.892667,125.632141,18.206409,0.157225,0.879553,-0.308069,0.326742,-0.550833,138.797455,15.848745,0.096403,0.851907,0.011710,0.514610,-6.716916,120.264648,16.054235,0.003652,-0.653471,0.185224,-0.733931,-14.067060,123.133102,1.825646,0.064969,-0.258033,-0.232244,-0.935554,-12.333334,116.931061,-19.647396,0.208579,-0.036845,-0.540633,-0.814158,3.394272,125.241005,-30.277931,-0.039912,0.935011,-0.070045,0.345333,-2.195022,120.416176,21.468235,0.378476,0.837454,-0.066115,-0.388659,10.142404,122.417595,31.883972,-0.078544,0.168005,0.475607,-0.859885,19.365168,107.054504,18.412573,-0.015371,0.115498,0.830537,-0.544640,9.269224,124.410439,14.009195,0.042441,0.884626,0.110236,0.451091,-12.474595,83.818092,15.026855,0.053048,0.936498,-0.002627,0.346628,-11.622645,49.825146,6.867752,-0.003003,0.956722,0.079226,0.279995,-16.165873,5.175802,5.437407,-0.118460,0.910535,-0.031804,0.394820,-1.150351,83.997955,28.553524,-0.064210,0.880222,-0.082011,0.462991,5.515029,50.081306,33.849842,-0.040089,0.934931,0.029839,0.351292,7.180847,6.152892,43.002468,-0.003003,0.956722,0.079226,0.279995,-8.795985,1.542301,-6.412944,-0.040089,0.934931,0.029839,0.351292,16.390562,1.558790,32.901787
1005,8.375000,0.021402,0.903995,-0.059741,0.422808,-6.703148,83.916183,21.893362,-0.000157,0.905499,-0.029907,0.423293,-6.057852,91.091164,21.243008,0.021388,0.902924,-0.073102,0.422998,-5.640570,107.737755,20.337654,0.053597,0.916228,-0.067336,0.391304,-3.820684,125.641571,18.274158,0.155593,0.882359,-0.302785,0.324891,-0.505041,138.819931,15.952674,0.095451,0.851923,0.011339,0.514770,-6.637354,120.267532,16.128365,0.004845,-0.653531,0.184862,-0.733962,-13.988057,123.103485,1.893562,0.065513,-0.258201,-0.233450,-0.935169,-12.251873,116.878105,-19.572517,0.208385,-0.036207,-0.542339,-0.813101,3.451645,125.226273,-30.215868,-0.041342,0.935444,-0.069945,0.344009,-2.113073,120.431374,21.540005,0.377581,0.837135,-0.066495,-0.390148,10.250264,122.472725,31.917187,-0.077922,0.166975,0.475754,-0.860062,19.451332,107.137573,18.399229,-0.013701,0.112723,0.830267,-0.545676,9.346102,124.495987,14.018963,0.042847,0.883628,0.110209,0.453011,-12.362284,83.811897,15.127739,0.054398,0.936590,-0.002082,0.346172,-11.518487,49.820961,6.959420,-0.003096,0.956785,0.079040,0.279830,-16.158651,5.184406,5.443418,-0.117473,0.910869,-0.032114,0.394318,-1.044013,84.020462,28.658985,-0.062833,0.881401,-0.081449,0.461032,5.553863,50.088924,33.944389,-0.039261,0.934543,0.030764,0.352338,7.155107,6.136566,42.992966,-0.003096,0.956785,0.079040,0.279830,-8.792366,1.546676,-6.407869,-0.039261,0.934543,0.030764,0.352338,16.381798,1.558308,32.900597
1006,8.383333,0.020630,0.903938,-0.059872,0.422950,-6.588449,83.916054,21.991978,-0.001000,0.905540,-0.030178,0.423184,-5.952342,91.091278,21.335274,0.020998,0.902997,-0.073045,0.422872,-5.556562,107.746292,20.409294,0.053322,0.916934,-0.065260,0.390038,-3.750600,125.651016,18.341412,0.154025,0.885220,-0.297217,0.322991,-0.467958,138.844864,16.061405,0.094307,0.851950,0.011267,0.514938,-6.564044,120.274445,16.197716,0.006277,-0.653560,0.184157,-0.734102,-13.916204,123.077621,1.957163,0.066021,-0.258349,-0.234603,-0.934804,-12.170031,116.832329,-19.502329,0.207695,-0.035702,-0.544077,-0.812138,3.507173,125.215408,-30.155081,-0.042634,0.935947,-0.070196,0.342431,-2.038018,120.442757,21.607763,0.376216,0.836959,-0.066852,-0.391782,10.357055,122.523346,31.939205,-0.077390,0.165705,0.475790,-0.860335,19.547009,107.231270,18.364969,-0.011582,0.109328,0.830160,-0.546578,9.424921,124.590126,14.017078,0.042898,0.883136,0.110048,0.454005,-12.246039,83.798309,15.225279,0.055936,0.937067,-0.001340,0.344637,-11.401347,49.805195,7.066108,-0.002999,0.956840,0.079177,0.279605,-16.150055,5.183661,5.447638,-0.116194,0.911216,-0.032370,0.393873,-0.930858,84.033806,28.758675,-0.061879,0.882021,-0.080896,0.460072,5.582306,50.082516,34.022289,-0.039701,0.934394,0.031226,0.352643,7.141383,6.111410,42.986740,-0.002999,0.956840,0.079177,0.279605,-8.789721,1.549006,-6.408294,-0.039701,0.934394,0.031226,0.352643,16.380035,1.549629,32.897842
1007,8.391667,0.019828,0.904055,-0.059772,0.422752,-6.468055,83.915314,22.082039,-0.001314,0.905618,-0.030277,0.423011,-5.843179,91.091171,21.421572,0.020105,0.903093,-0.072821,0.422747,-5.455474,107.754471,20.487608,0.053081,0.917655,-0.063339,0.388691,-3.682402,125.661697,18.413010,0.152356,0.888194,-0.291392,0.320922,-0.430537,138.869644,16.170832,0.093073,0.851919,0.011441,0.515209,-6.487145,120.279404,16.272303,0.007858,-0.653821,0.183284,-0.734073,-13.837743,123.051300,2.024827,0.066574,-0.258542,-0.235971,-0.934367,-12.092490,116.788528,-19.429644,0.206976,-0.035162,-0.546180,-0.810933,3.557636,125.215843,-30.096849,-0.044237,0.936494,-0.069997,0.340768,-1.959120,120.457603,21.680359,0.374552,0.837016,-0.066839,-0.393252,10.468390,122.581802,31.963842,-0.076266,0.164217,0.475434,-0.860917,19.662575,107.346985,18.328234,-0.008833,0.105817,0.829752,-0.547939,9.506212,124.692642,14.005865,0.043093,0.882592,0.110011,0.455052,-12.129172,83.785767,15.318507,0.057381,0.937350,-0.000799,0.343631,-11.288015,49.793262,7.156456,-0.003023,0.956903,0.079188,0.279387,-16.142963,5.186334,5.452923,-0.114837,0.911721,-0.032815,0.393065,-0.806938,84.044853,28.845570,-0.061087,0.882483,-0.080441,0.459371,5.613382,50.073669,34.094872,-0.040730,0.934440,0.031412,0.352387,7.136101,6.087214,42.990028,-0.003023,0.956903,0.079188,0.279387,-8.787618,1.552273,-6.406282,-0.040730,0.934440,0.031412,0.352387,16.379492,1.540479,32.898685
1008,8.400000,0.019025,0.904136,-0.059964,0.422588,-6.355652,83.920380,22.179274,-0.001898,0.905745,-0.030564,0.422716,-5.740231,91.096367,21.511265,0.019446,0.903265,-0.072627,0.422444,-5.366335,107.763145,20.560032,0.052758,0.918496,-0.061169,0.387092,-3.618476,125.672340,18.481035,0.150724,0.891278,-0.285328,0.318581,-0.402802,138.896210,16.280840,0.092017,0.851893,0.011419,0.515442,-6.417795,120.286003,16.343424,0.009234,-0.654007,0.182608,-0.734060,-13.766924,123.028244,2.089456,0.066815,-0.258659,-0.237423,-0.933949,-12.021492,116.747459,-19.359734,0.206147,-0.034396,-0.548064,-0.809905,3.598304,125.224373,-30.033844,-0.045784,0.937109,-0.069755,0.338918,-1.885790,120.471085,21.747913,0.372752,0.836969,-0.066900,-0.395048,10.578106,122.636459,31.978638,-0.075381,0.162365,0.475233,-0.861458,19.769125,107.463539,18.272066,-0.006444,0.100857,0.829527,-0.549247,9.578428,124.803581,13.993102,0.043078,0.882431,0.110003,0.455367,-12.019758,83.776787,15.418530,0.058817,0.937807,-0.000114,0.342138,-11.175053,49.784065,7.257762,-0.002922,0.956991,0.079184,0.279086,-16.132126,5.192062,5.460122,-0.113323,0.912056,-0.033014,0.392711,-0.691546,84.063980,28.940016,-0.060632,0.882416,-0.079959,0.459644,5.630232,50.069546,34.158306,-0.040911,0.934452,0.031903,0.352289,7.134456,6.071168,42.997463,-0.002922,0.956991,0.079184,0.279086,-8.784940,1.557304,-6.403924,-0.040911,0.934452,0.031903,0.352289,16.378752,1.538671,32.900543
1009,8.408333,0.018392,0.904341,-0.060092,0.422160,-6.239141,83.918571,22.263777,-0.002170,0.905858,-0.030456,0.422479,-5.631538,91.094673,21.589937,0.018739,0.903353,-0.072699,0.422275,-5.267428,107.772842,20.637394,0.051763,0.919428,-0.058076,0.385487,-3.541993,125.682640,18.544855,0.149331,0.894234,-0.279550,0.316066,-0.388424,138.930923,16.402388,0.090698,0.851956,0.011500,0.515569,-6.335908,120.291435,16.412422,0.010528,-0.654100,0.182245,-0.734050,-13.688609,122.998741,2.153613,0.066793,-0.258916,-0.239448,-0.933363,-11.942677,116.691956,-19.287909,0.205415,-0.033216,-0.550053,-0.808791,3.629444,125.239815,-29.969591,-0.048055,0.937831,-0.068947,0.336764,-1.801503,120.485756,21.814575,0.371174,0.836957,-0.066379,-0.396644,10.702814,122.707748,31.983652,-0.073344,0.159653,0.474803,-0.862377,19.889824,107.598724,18.204002,-0.003336,0.095294,0.829427,-0.550417,9.646778,124.919128,13.974106,0.043360,0.881882,0.110331,0.456324,-11.910052,83.764442,15.508970,0.060140,0.937897,0.000107,0.341662,-11.063210,49.778481,7.320309,-0.002773,0.957065,0.079037,0.278877,-16.125372,5.200606,5.466038,-0.111901,0.912425,-0.033331,0.392234,-0.568230,84.072701,29.018583,-0.060199,0.882374,-0.079595,0.459845,5.658158,50.057339,34.215195,-0.040774,0.934456,0.032733,0.352219,7.141431,6.049055,43.008476,-0.002773,0.957065,0.079037,0.278877,-8.784894,1.560882,-6.400643,-0.040774,0.934456,0.032733,0.352219,16.385109,1.536217,32.902187
1010,8.416667,0.017686,0.904598,-0.059992,0.421653,-6.114624,83.915863,22.337198,-0.003001,0.906070,-0.030301,0.422031,-5.517239,91.092506,21.660004,0.018326,0.903574,-0.072169,0.421912,-5.180815,107.776665,20.699942,0.051730,0.920276,-0.055891,0.383787,-3.477801,125.689789,18.617626,0.147390,0.897394,-0.273282,0.313492,-0.353456,138.952240,16.520546,0.089690,0.851958,0.011361,0.515745,-6.267405,120.296791,16.484127,0.011769,-0.654374,0.181652,-0.733934,-13.620111,122.973862,2.219619,0.067109,-0.258915,-0.241338,-0.932853,-11.880621,116.651024,-19.217691,0.205091,-0.032141,-0.552538,-0.807222,3.658199,125.265923,-29.905247,-0.050142,0.938606,-0.068287,0.334429,-1.728455,120.492790,21.882401,0.368848,0.836821,-0.067015,-0.398987,10.820196,122.767326,31.985023,-0.072778,0.157690,0.474448,-0.862981,20.000801,107.729485,18.123493,-0.001143,0.089311,0.828813,-0.552351,9.717220,125.041328,13.946750,0.043712,0.881717,0.110427,0.456585,-11.793528,83.751839,15.589346,0.061372,0.938048,0.000428,0.341028,-10.962856,49.769501,7.384032,-0.002640,0.957112,0.078989,0.278731,-16.119810,5.205092,5.468383,-0.110521,0.912673,-0.033795,0.392008,-0.435720,84.079880,29.085052,-0.059647,0.882553,-0.079300,0.459623,5.692319,50.045227,34.272213,-0.040827,0.934529,0.033375,0.351958,7.146588,6.026793,43.019379,-0.002640,0.957112,0.078989,0.278731,-8.784142,1.563180,-6.400596,-0.040827,0.934529,0.033375,0.351958,16.386843,1.530657,32.902527
1011,8.425000,0.017065,0.904839,-0.060010,0.421159,-5.994171,83.910233,22.405016,-0.003264,0.906302,-0.030216,0.421536,-5.405167,91.087158,21.723463,0.017376,0.903858,-0.071656,0.421430,-5.078264,107.780136,20.761568,0.051000,0.921236,-0.053057,0.381980,-3.415260,125.697174,18.680477,0.145925,0.900369,-0.267159,0.310915,-0.344240,138.980453,16.637173,0.088601,0.852118,0.012043,0.515654,-6.196203,120.298721,16.549406,0.013304,-0.654658,0.180867,-0.733848,-13.558284,122.957481,2.286306,0.067813,-0.258901,-0.243474,-0.932251,-11.822672,116.615974,-19.145805,0.205350,-0.030691,-0.554626,-0.805779,3.675480,125.300995,-29.840765,-0.052025,0.939356,-0.067396,0.332207,-1.651043,120.503235,21.942139,0.366473,0.836554,-0.067815,-0.401592,10.939535,122.821983,31.982357,-0.072304,0.155750,0.474144,-0.863540,20.104939,107.855415,18.033890,0.000828,0.082981,0.827920,-0.554672,9.782654,125.161507,13.911570,0.044075,0.881803,0.110467,0.456374,-11.680804,83.736763,15.663913,0.062467,0.938329,0.000788,0.340053,-10.873068,49.757275,7.444497,-0.002715,0.957192,0.078978,0.278457,-16.112915,5.205080,5.470456,-0.109430,0.913015,-0.034455,0.391462,-0.307537,84.083702,29.146120,-0.058898,0.883242,-0.079003,0.458445,5.736711,50.035431,34.342175,-0.041109,0.934671,0.033831,0.351504,7.155873,6.004801,43.033577,-0.002715,0.957192,0.078978,0.278457,-8.783214,1.563565,-6.402331,-0.041109,0.934671,0.033831,0.351504,16.390244,1.522816,32.905079
1012,8.433333,0.016485,0.905103,-0.060282,0.420574,-5.877468,83.905396,22.472448,-0.003918,0.906648,-0.030192,0.420787,-5.294843,91.082130,21.783432,0.017073,0.904263,-0.070923,0.420697,-4.988799,107.780457,20.812460,0.050200,0.922312,-0.050202,0.379868,-3.348545,125.701653,18.749250,0.144208,0.903439,-0.260855,0.308152,-0.333682,139.005753,16.758404,0.087400,0.852171,0.013252,0.515743,-6.127274,120.302673,16.616636,0.015055,-0.655092,0.179905,-0.733664,-13.493250,122.948586,2.353163,0.068439,-0.258925,-0.245749,-0.931602,-11.767559,116.588524,-19.074245,0.205200,-0.029780,-0.557466,-0.803889,3.688958,125.350914,-29.779417,-0.054174,0.940181,-0.066294,0.329741,-1.573261,120.505867,22.001942,0.364434,0.836757,-0.066264,-0.403279,11.063007,122.874542,31.972862,-0.071293,0.153344,0.473397,-0.864464,20.234331,108.004044,17.925888,0.001794,0.076539,0.826384,-0.557878,9.854284,125.284828,13.862041,0.044208,0.882103,0.110306,0.455821,-11.573124,83.721352,15.739247,0.063697,0.938785,0.000787,0.338563,-10.783954,49.740196,7.524927,-0.002859,0.957212,0.079035,0.278370,-16.130152,5.201939,5.521885,-0.108607,0.913383,-0.035117,0.390772,-0.181812,84.089447,29.205650,-0.057813,0.884285,-0.078782,0.456607,5.796247,50.031845,34.417133,-0.040995,0.934718,0.034397,0.351340,7.156857,5.986717,43.044182,-0.002859,0.957212,0.079035,0.278370,-8.801125,1.563066,-6.352128,-0.040995,0.934718,0.034397,0.351340,16.388086,1.517866,32.907024
1013,8.441667,0.016347,0.905269,-0.060486,0.420193,-5.774143,83.904816,22.519529,-0.004038,0.906836,-0.029640,0.420421,-5.192389,91.081253,21.826761,0.016087,0.904501,-0.070359,0.420320,-4.898048,107.785927,20.870413,0.049341,0.923232,-0.047479,0.378093,-3.299520,125.711205,18.809834,0.142791,0.906370,-0.254297,0.305674,-0.339582,139.035080,16.869476,0.086339,0.852192,0.014278,0.515859,-6.068435,120.306602,16.678719,0.016405,-0.655395,0.179365,-0.733496,-13.436541,122.940445,2.414107,0.068530,-0.258909,-0.248106,-0.930974,-11.719955,116.559601,-19.007858,0.205028,-0.028731,-0.559676,-0.802434,3.694025,125.408829,-29.717058,-0.055917,0.941208,-0.065007,0.326765,-1.509481,120.518578,22.059505,0.361497,0.836686,-0.066940,-0.405951,11.184115,122.922325,31.948889,-0.072054,0.151636,0.472689,-0.865089,20.354130,108.142944,17.805229,0.001886,0.069822,0.824904,-0.560942,9.922826,125.414299,13.810026,0.044386,0.882144,0.110209,0.455747,-11.475539,83.717499,15.791276,0.064671,0.939518,0.001192,0.336335,-10.701139,49.735954,7.577140,-0.002841,0.957311,0.078794,0.278098,-16.121651,5.208996,5.523185,-0.108364,0.913893,-0.036071,0.389559,-0.072747,84.092133,29.247782,-0.056469,0.885714,-0.078525,0.454044,5.870638,50.035583,34.505627,-0.041328,0.934763,0.034620,0.351157,7.160426,5.973020,43.054207,-0.002841,0.957311,0.078794,0.278098,-8.799948,1.563654,-6.353364,-0.041328,0.934763,0.034620,0.351157,16.391441,1.513112,32.912910
1014,8.450000,0.015864,0.905474,-0.060486,0.419770,-5.656693,83.906494,22.555552,-0.004188,0.907108,-0.028945,0.419880,-5.081584,91.083160,21.859581,0.015829,0.904809,-0.069864,0.419749,-4.802216,107.785645,20.922218,0.048015,0.924296,-0.043927,0.376089,-3.220966,125.713730,18.872835,0.140808,0.909355,-0.247949,0.302933,-0.336547,139.063522,16.998043,0.085370,0.852469,0.015296,0.515534,-5.988285,120.308449,16.741350,0.017785,-0.656042,0.178436,-0.733112,-13.372710,122.933113,2.483486,0.068651,-0.259189,-0.250294,-0.930301,-11.679272,116.544846,-18.938108,0.204567,-0.027038,-0.561294,-0.801480,3.685268,125.470604,-29.659695,-0.057949,0.942073,-0.063641,0.324176,-1.422440,120.520164,22.116301,0.358650,0.836919,-0.065575,-0.408211,11.318476,122.967888,31.933779,-0.072151,0.149448,0.471331,-0.866202,20.497879,108.309746,17.670546,0.000947,0.063335,0.823399,-0.563917,9.987592,125.547043,13.744567,0.044880,0.882338,0.109835,0.455414,-11.364625,83.711983,15.833047,0.065502,0.939604,0.001477,0.335935,-10.635790,49.727749,7.625867,-0.002971,0.957377,0.078780,0.277874,-16.118336,5.210572,5.525102,-0.108198,0.914440,-0.037418,0.388191,0.051238,84.101013,29.278055,-0.054901,0.887302,-0.078198,0.451183,5.955028,50.048874,34.608582,-0.041322,0.934814,0.034882,0.350995,7.161334,5.966041,43.064297,-0.002971,0.957377,0.078780,0.277874,-8.800907,1.565919,-6.354294,-0.041322,0.934814,0.034882,0.350995,16.389496,1.512631,32.917549
1015,8.458333,0.015224,0.905605,-0.060867,0.419456,-5.545742,83.908760,22.600342,-0.004364,0.907332,-0.028403,0.419433,-4.976952,91.085045,21.895311,0.015040,0.905129,-0.069087,0.419217,-4.710956,107.790543,20.971672,0.047499,0.925243,-0.040961,0.374154,-3.168520,125.723419,18.934677,0.138890,0.912382,-0.241342,0.300037,-0.333062,139.092010,17.119974,0.084482,0.852644,0.015866,0.515374,-5.927753,120.314301,16.802475,0.019049,-0.656576,0.177392,-0.732856,-13.322454,122.924294,2.547243,0.068458,-0.259354,-0.252569,-0.929655,-11.643796,116.534760,-18.875137,0.203756,-0.026197,-0.563521,-0.800151,3.675088,125.546303,-29.604292,-0.059384,0.943160,-0.062223,0.321014,-1.355266,120.530876,22.171583,0.355472,0.837062,-0.064693,-0.410831,11.446545,123.003326,31.903282,-0.073127,0.147260,0.470209,-0.867105,20.631514,108.470703,17.515726,0.000236,0.057082,0.821899,-0.566766,10.050973,125.685051,13.677761,0.045510,0.882423,0.109994,0.455148,-11.258672,83.701576,15.882463,0.066271,0.940037,0.001527,0.334568,-10.565996,49.723770,7.645581,-0.002877,0.957433,0.078691,0.277709,-16.114689,5.215704,5.525468,-0.108151,0.915145,-0.038689,0.386415,0.167188,84.115944,29.318220,-0.053277,0.888761,-0.077816,0.448564,6.043615,50.069870,34.717251,-0.041495,0.934888,0.034826,0.350786,7.161206,5.965891,43.074356,-0.002877,0.957433,0.078691,0.277709,-8.802296,1.568061,-6.356110,-0.041495,0.934888,0.034826,0.350786,16.386341,1.512678,32.924778
1016,8.466667,0.014658,0.905653,-0.061056,0.419345,-5.438008,83.914650,22.629023,-0.004514,0.907597,-0.027832,0.418894,-4.875566,91.090843,21.918011,0.014659,0.905522,-0.068115,0.418540,-4.622737,107.793793,21.009632,0.046909,0.926263,-0.037765,0.372035,-3.109049,125.731918,18.997385,0.136780,0.915381,-0.234975,0.296911,-0.327053,139.120331,17.247272,0.083593,0.852968,0.016373,0.514966,-5.863941,120.322098,16.861341,0.019938,-0.657107,0.176520,-0.732566,-13.277164,122.916603,2.612907,0.068131,-0.259608,-0.254945,-0.928959,-11.615971,116.531357,-18.812111,0.203150,-0.025240,-0.565898,-0.798657,3.650387,125.631844,-29.549015,-0.060867,0.944178,-0.060732,0.318016,-1.283297,120.537079,22.223555,0.352449,0.836954,-0.063977,-0.413757,11.575057,123.035561,31.873714,-0.074246,0.145408,0.469393,-0.867764,20.747801,108.622894,17.358273,-0.000527,0.051143,0.819811,-0.570345,10.113731,125.821449,13.601676,0.046079,0.882453,0.109716,0.455099,-11.152879,83.697151,15.913121,0.066977,0.940212,0.001666,0.333935,-10.504663,49.718727,7.675200,-0.002576,0.957495,0.078718,0.277489,-16.109932,5.219150,5.525928,-0.108200,0.915424,-0.040021,0.385604,0.276862,84.132149,29.344923,-0.051800,0.889849,-0.077310,0.446663,6.124784,50.094135,34.825115,-0.041388,0.934928,0.034767,0.350697,7.163192,5.969167,43.081013,-0.002576,0.957495,0.078718,0.277489,-8.805460,1.570098,-6.360090,-0.041388,0.934928,0.034767,0.350697,16.385279,1.513283,32.929832
1017,8.475000,0.014159,0.905723,-0.061003,0.419219,-5.329943,83.912239,22.640429,-0.004588,0.907909,-0.026987,0.418273,-4.774459,91.088745,21.926992,0.014317,0.905968,-0.067150,0.417742,-4.536313,107.795357,21.042936,0.045720,0.927422,-0.034197,0.369633,-3.050149,125.738564,19.055643,0.135030,0.918328,-0.228609,0.293561,-0.340972,139.150467,17.372513,0.082906,0.853216,0.017053,0.514645,-5.801775,120.328377,16.916302,0.021242,-0.657898,0.175216,-0.732133,-13.229492,122.915688,2.674104,0.068138,-0.259782,-0.257336,-0.928250,-11.594358,116.537521,-18.755032,0.202452,-0.023906,-0.568437,-0.797070,3.616232,125.721405,-29.497040,-0.062359,0.945240,-0.058879,0.314908,-1.211574,120.541191,22.270424,0.349190,0.836677,-0.063567,-0.417129,11.704814,123.062538,31.836773,-0.075316,0.143128,0.468657,-0.868448,20.854433,108.774498,17.184175,-0.000505,0.045165,0.818317,-0.572990,10.164088,125.960632,13.523027,0.046579,0.882509,0.109294,0.455043,-11.046934,83.687309,15.926576,0.067660,0.940453,0.001757,0.333119,-10.443583,49.705673,7.698500,-0.002676,0.957538,0.078747,0.277333,-16.105387,5.214381,5.526005,-0.108352,0.915640,-0.041531,0.384888,0.387049,84.137169,29.354280,-0.050206,0.891045,-0.076854,0.444536,6.207689,50.110077,34.930466,-0.041347,0.934901,0.034978,0.350752,7.157115,5.964205,43.084671,-0.002676,0.957538,0.078747,0.277333,-8.803694,1.566950,-6.362219,-0.041347,0.934901,0.034978,0.350752,16.380529,1.513328,32.932491
1018,8.483333,0.013679,0.905704,-0.061232,0.419242,-5.224258,83.913528,22.653181,-0.004673,0.908205,-0.026013,0.417691,-4.673658,91.089821,21.933861,0.014062,0.906391,-0.066435,0.416945,-4.452381,107.791565,21.078390,0.044605,0.928506,-0.030884,0.367333,-2.987105,125.738503,19.109282,0.132939,0.921247,-0.222021,0.290409,-0.345782,139.171600,17.488445,0.082311,0.853633,0.018071,0.514012,-5.737391,120.328156,16.968634,0.022120,-0.658583,0.174144,-0.731747,-13.189472,122.916748,2.739401,0.067784,-0.260104,-0.259645,-0.927543,-11.577938,116.550171,-18.694977,0.201588,-0.022648,-0.570801,-0.795635,3.576462,125.818596,-29.444721,-0.063886,0.946331,-0.057157,0.311624,-1.137703,120.539162,22.314680,0.346254,0.836446,-0.061898,-0.420279,11.839354,123.085991,31.791759,-0.075556,0.139791,0.468089,-0.869277,20.962267,108.934128,16.991085,0.000413,0.038158,0.817041,-0.575315,10.212335,126.105209,13.447587,0.047126,0.882499,0.108739,0.455138,-10.941147,83.679214,15.939561,0.068317,0.940678,0.001941,0.332346,-10.388472,49.692692,7.728089,-0.002593,0.957572,0.078790,0.277204,-16.101820,5.209491,5.525098,-0.108390,0.915877,-0.042987,0.384152,0.492630,84.147850,29.366800,-0.048905,0.892117,-0.076411,0.442602,6.280533,50.129932,35.032356,-0.041325,0.935030,0.034901,0.350417,7.161475,5.966389,43.098076,-0.002593,0.957572,0.078790,0.277204,-8.803870,1.562667,-6.365609,-0.041325,0.935030,0.034901,0.350417,16.377293,1.513059,32.940083
1019,8.491667,0.013058,0.905665,-0.061302,0.419335,-5.117898,83.915504,22.656626,-0.004284,0.908469,-0.024881,0.417190,-4.574936,91.091904,21.932669,0.013182,0.906813,-0.065607,0.416187,-4.358104,107.796158,21.116852,0.044078,0.929434,-0.027111,0.365343,-2.935851,125.747917,19.160271,0.130484,0.924010,-0.216071,0.287217,-0.350834,139.201538,17.620947,0.081841,0.854062,0.018835,0.513347,-5.678137,120.333336,17.020052,0.023556,-0.659398,0.172586,-0.731337,-13.154954,122.922386,2.803887,0.067667,-0.260355,-0.261893,-0.926849,-11.567366,116.566864,-18.635550,0.200317,-0.021360,-0.573200,-0.794266,3.533584,125.915298,-29.393015,-0.065069,0.947550,-0.055117,0.308020,-1.069195,120.549965,22.357897,0.343123,0.835798,-0.061204,-0.424219,11.975572,123.108650,31.738329,-0.075734,0.136054,0.468069,-0.869865,21.046051,109.086433,16.782852,0.003001,0.030653,0.816004,-0.577226,10.254238,126.255379,13.373479,0.047709,0.882517,0.108253,0.455157,-10.833701,83.670631,15.942460,0.068965,0.940386,0.001820,0.333038,-10.332375,49.680599,7.742239,-0.002584,0.957568,0.078840,0.277202,-16.102133,5.205345,5.525885,-0.108374,0.915901,-0.044581,0.383917,0.597905,84.160378,29.370790,-0.047583,0.892695,-0.075723,0.441699,6.342904,50.151993,35.136337,-0.041278,0.934950,0.034835,0.350645,7.153911,5.967578,43.094398,-0.002584,0.957568,0.078840,0.277202,-8.804195,1.559823,-6.365229,-0.041278,0.934950,0.034835,0.350645,16.374012,1.512279,32.941158
1020,8.500000,0.012401,0.905656,-0.061204,0.419390,-5.005897,83.918335,22.655083,-0.004629,0.908837,-0.024029,0.416434,-4.472085,91.095154,21.928446,0.013489,0.907359,-0.064257,0.415197,-4.278340,107.795654,21.133781,0.042502,0.930697,-0.023938,0.362524,-2.868401,125.753464,19.224422,0.128538,0.926861,-0.209750,0.283570,-0.362540,139.227997,17.738073,0.081295,0.854514,0.019794,0.512645,-5.612903,120.343658,17.075005,0.024799,-0.660352,0.171211,-0.730758,-13.116055,122.934296,2.873017,0.067525,-0.260540,-0.264417,-0.926090,-11.563746,116.590477,-18.572462,0.199758,-0.020525,-0.575759,-0.792576,3.478010,126.028679,-29.334312,-0.066115,0.948732,-0.053331,0.304455,-0.992465,120.547440,22.403406,0.340211,0.835140,-0.059469,-0.428090,12.118870,123.116837,31.687593,-0.074861,0.131634,0.468141,-0.870582,21.130663,109.236488,16.565233,0.006805,0.022235,0.813752,-0.580747,10.294902,126.400246,13.294125,0.048082,0.882798,0.107681,0.454710,-10.721173,83.663635,15.940836,0.069690,0.940494,0.001816,0.332582,-10.265379,49.667469,7.763446,-0.002403,0.957600,0.078936,0.277066,-16.097248,5.201239,5.528626,-0.108088,0.915506,-0.046003,0.384771,0.709380,84.173027,29.369328,-0.046588,0.893226,-0.075218,0.440817,6.392103,50.169319,35.223492,-0.041284,0.934972,0.034762,0.350592,7.151522,5.969658,43.101578,-0.002403,0.957600,0.078936,0.277066,-8.803945,1.557022,-6.365728,-0.041284,0.934972,0.034762,0.350592,16.370344,1.512503,32.947994
1021,8.508333,0.011785,0.905563,-0.061317,0.419591,-4.896666,83.924103,22.652390,-0.004733,0.909190,-0.023127,0.415711,-4.370089,91.100937,21.920645,0.013381,0.907923,-0.062920,0.414172,-4.192718,107.800636,21.151867,0.041379,0.931773,-0.020411,0.360098,-2.808484,125.764717,19.283075,0.126009,0.929528,-0.203855,0.280255,-0.372290,139.259415,17.865265,0.080664,0.855095,0.020796,0.511735,-5.551521,120.356903,17.126797,0.025821,-0.661253,0.169923,-0.730208,-13.088337,122.947609,2.942650,0.067402,-0.260681,-0.266942,-0.925335,-11.569731,116.618896,-18.509712,0.199339,-0.019163,-0.578302,-0.790863,3.414494,126.147552,-29.275400,-0.067230,0.950122,-0.050353,0.300356,-0.919046,120.553192,22.445021,0.337456,0.834364,-0.057489,-0.432037,12.268146,123.123825,31.620819,-0.073919,0.126757,0.468465,-0.871212,21.211454,109.386215,16.328407,0.010927,0.013392,0.812102,-0.583259,10.338023,126.551117,13.211926,0.048443,0.883149,0.106955,0.454161,-10.609247,83.658478,15.936271,0.070378,0.940670,0.001940,0.331938,-10.204126,49.653847,7.791441,-0.002204,0.957622,0.079060,0.276956,-16.091610,5.196306,5.529638,-0.107520,0.914992,-0.047177,0.386011,0.815915,84.189728,29.368507,-0.045922,0.893364,-0.074728,0.440690,6.422746,50.185108,35.290169,-0.041123,0.934953,0.034785,0.350659,7.149596,5.973306,43.102928,-0.002204,0.957622,0.079060,0.276956,-8.802403,1.554048,-6.367832,-0.041123,0.934953,0.034785,0.350659,16.368416,1.515143,32.949783
1022,8.516667,0.011369,0.905486,-0.061062,0.419805,-4.789879,83.929428,22.629404,-0.004805,0.909590,-0.021856,0.414903,-4.270114,91.106850,21.898590,0.013443,0.908532,-0.061651,0.413024,-4.113318,107.801483,21.167580,0.040504,0.932913,-0.016976,0.357415,-2.748363,125.771240,19.339540,0.123443,0.932272,-0.198004,0.276452,-0.375096,139.284103,17.989878,0.080250,0.855792,0.021584,0.510602,-5.492519,120.366501,17.176937,0.026772,-0.662148,0.168533,-0.729685,-13.069192,122.959839,3.014524,0.067263,-0.260665,-0.269475,-0.924615,-11.582586,116.651299,-18.446018,0.199092,-0.018052,-0.580861,-0.789073,3.349123,126.273056,-29.211409,-0.068065,0.951412,-0.047948,0.296452,-0.846662,120.553467,22.483810,0.334540,0.833437,-0.055670,-0.436310,12.412651,123.123192,31.555334,-0.073359,0.122300,0.469025,-0.871594,21.277449,109.533142,16.086393,0.014184,0.003585,0.811025,-0.584828,10.380948,126.707649,13.118807,0.048571,0.883316,0.106199,0.454000,-10.499448,83.658806,15.910922,0.071149,0.940886,0.001893,0.331161,-10.128021,49.643784,7.808023,-0.001975,0.957670,0.079078,0.276789,-16.083570,5.196032,5.532069,-0.106875,0.914341,-0.048449,0.387572,0.919690,84.200043,29.347885,-0.045470,0.893438,-0.074303,0.440660,6.440772,50.194263,35.342999,-0.041325,0.934945,0.034725,0.350664,7.148588,5.973068,43.104153,-0.001975,0.957670,0.079078,0.276789,-8.800403,1.552644,-6.368751,-0.041325,0.934945,0.034725,0.350664,16.369253,1.515431,32.952446
1023,8.525000,0.011175,0.905427,-0.060697,0.419991,-4.682747,83.918396,22.600500,-0.004933,0.910020,-0.020207,0.414043,-4.167595,91.096527,21.873365,0.013343,0.909153,-0.060688,0.411801,-4.038105,107.807861,21.189985,0.039403,0.934025,-0.013615,0.354766,-2.693236,125.781975,19.390192,0.121096,0.934851,-0.192186,0.272862,-0.387476,139.312836,18.105251,0.079671,0.856391,0.022817,0.509634,-5.438722,120.378784,17.225454,0.027780,-0.663109,0.167310,-0.729055,-13.050548,122.977325,3.082858,0.067228,-0.260471,-0.272162,-0.923885,-11.602637,116.682396,-18.384329,0.199170,-0.016441,-0.583400,-0.787214,3.271768,126.399338,-29.140711,-0.068383,0.952742,-0.045690,0.292437,-0.778600,120.560249,22.519999,0.331517,0.832164,-0.055422,-0.441053,12.556237,123.115013,31.484409,-0.073393,0.118492,0.470001,-0.871592,21.324718,109.649918,15.852157,0.017231,-0.006653,0.809088,-0.587398,10.427780,126.848648,13.024563,0.048798,0.883451,0.105500,0.453876,-10.389640,83.647156,15.879769,0.071881,0.941366,0.001780,0.329637,-10.055841,49.623314,7.812317,-0.001816,0.957676,0.079314,0.276698,-16.079971,5.184934,5.533909,-0.106220,0.913544,-0.049682,0.389469,1.024145,84.189629,29.321230,-0.045043,0.893726,-0.073993,0.440170,6.457362,50.182541,35.388756,-0.041353,0.934931,0.035249,0.350644,7.147662,5.953750,43.108101,-0.001816,0.957676,0.079314,0.276698,-8.799792,1.546807,-6.370351,-0.041353,0.934931,0.035249,0.350644,16.369516,1.509761,32.951488
1024,8.533333,0.010970,0.905379,-0.060764,0.420090,-4.582469,83.913574,22.578609,-0.004855,0.910525,-0.019436,0.412968,-4.069517,91.091660,21.849405,0.013401,0.909933,-0.058801,0.410348,-3.949094,107.804451,21.190401,0.038344,0.935289,-0.010554,0.351644,-2.633189,125.786674,19.451241,0.118510,0.937513,-0.186672,0.268662,-0.392011,139.333603,18.222500,0.079304,0.857153,0.023826,0.508362,-5.378695,120.387772,17.275862,0.028819,-0.664179,0.165936,-0.728355,-13.034555,122.993790,3.158432,0.067041,-0.260274,-0.274953,-0.923127,-11.629804,116.716698,-18.316843,0.199175,-0.014881,-0.585710,-0.785527,3.186731,126.535545,-29.064066,-0.068906,0.953983,-0.043518,0.288574,-0.701730,120.556190,22.555965,0.329100,0.831081,-0.052827,-0.445204,12.703803,123.103806,31.416363,-0.072835,0.114350,0.470523,-0.871910,21.378922,109.786331,15.606565,0.019093,-0.015672,0.807810,-0.588926,10.463898,126.992630,12.916972,0.049074,0.883496,0.105059,0.453860,-10.287971,83.638451,15.856857,0.072555,0.941450,0.001523,0.329250,-9.985438,49.610008,7.807618,-0.001921,0.957683,0.079230,0.276700,-16.074776,5.180296,5.533536,-0.105404,0.912651,-0.050547,0.391667,1.123034,84.188698,29.300362,-0.044775,0.893933,-0.073805,0.439809,6.466214,50.175591,35.413933,-0.041551,0.934883,0.035469,0.350728,7.145630,5.942133,43.107456,-0.001921,0.957683,0.079230,0.276700,-8.793836,1.540655,-6.369792,-0.041551,0.934883,0.035469,0.350728,16.371691,1.505845,32.951305
1025,8.541667,0.010892,0.905322,-0.060795,0.420211,-4.484827,83.909691,22.545700,-0.004873,0.910997,-0.017932,0.411995,-3.972605,91.087738,21.815695,0.013575,0.910624,-0.057423,0.409002,-3.874202,107.798897,21.202246,0.037126,0.936424,-0.007299,0.348824,-2.575501,125.786758,19.509020,0.115862,0.939971,-0.181266,0.264903,-0.403610,139.350372,18.341572,0.079409,0.857910,0.024602,0.507031,-5.323812,120.392021,17.326822,0.030057,-0.665358,0.164250,-0.727611,-13.023120,123.014687,3.236139,0.066701,-0.259946,-0.277499,-0.922482,-11.663656,116.759697,-18.248480,0.198683,-0.013298,-0.587437,-0.784389,3.103508,126.674690,-28.980785,-0.069138,0.955344,-0.041156,0.284332,-0.631360,120.548996,22.593515,0.326631,0.829713,-0.050714,-0.449795,12.852205,123.079025,31.339800,-0.073472,0.110417,0.471413,-0.871883,21.415672,109.905312,15.349722,0.020617,-0.023279,0.805714,-0.591488,10.499511,127.132942,12.816405,0.049260,0.883430,0.104509,0.454095,-10.188568,83.632965,15.822524,0.073220,0.941648,0.001242,0.328536,-9.913061,49.597744,7.801016,-0.001400,0.957695,0.079250,0.276656,-16.068279,5.176666,5.535701,-0.104532,0.911866,-0.051432,0.393610,1.218914,84.186417,29.268875,-0.044619,0.894044,-0.073685,0.439619,6.469509,50.166828,35.426460,-0.041622,0.934819,0.035712,0.350866,7.142866,5.930531,43.104191,-0.001400,0.957695,0.079250,0.276656,-8.792992,1.533781,-6.370087,-0.041622,0.934819,0.035712,0.350866,16.373171,1.501270,32.948833
1026,8.550000,0.010745,0.905212,-0.060719,0.420463,-4.382885,83.905052,22.506645,-0.005102,0.911498,-0.016496,0.410942,-3.872841,91.083282,21.776871,0.013935,0.911381,-0.055763,0.407530,-3.801868,107.794807,21.203962,0.035962,0.937587,-0.003974,0.345865,-2.518492,125.789116,19.568556,0.113149,0.942345,-0.176348,0.260928,-0.415227,139.368866,18.464718,0.079216,0.858782,0.025446,0.505541,-5.270844,120.400391,17.376625,0.030825,-0.666345,0.163039,-0.726947,-13.020247,123.032608,3.315207,0.066070,-0.259527,-0.280291,-0.921801,-11.701977,116.797699,-18.177826,0.198412,-0.011477,-0.589513,-0.782928,3.012053,126.821449,-28.888979,-0.069390,0.956747,-0.038377,0.279905,-0.561568,120.541855,22.628725,0.324322,0.828327,-0.048450,-0.454248,13.002149,123.051643,31.256113,-0.074889,0.106825,0.471913,-0.871939,21.452522,110.019974,15.090437,0.019469,-0.030513,0.803775,-0.593832,10.525808,127.258598,12.715021,0.049459,0.883415,0.103909,0.454240,-10.082952,83.626244,15.780437,0.073921,0.941837,0.000947,0.327837,-9.837681,49.583645,7.789306,-0.001259,0.957727,0.079309,0.276528,-16.062229,5.171779,5.532859,-0.103741,0.911147,-0.052394,0.395352,1.317184,84.183861,29.232853,-0.044376,0.894536,-0.073674,0.438644,6.479230,50.159733,35.440044,-0.041602,0.934833,0.035961,0.350804,7.141889,5.921355,43.106686,-0.001259,0.957727,0.079309,0.276528,-8.791115,1.529526,-6.375676,-0.041602,0.934833,0.035961,0.350804,16.371319,1.498183,32.947872
1027,8.558333,0.010800,0.905172,-0.060605,0.420564,-4.288623,83.900108,22.463572,-0.005075,0.912051,-0.015017,0.409771,-3.778475,91.078522,21.735685,0.014284,0.912183,-0.054238,0.405927,-3.727704,107.784821,21.208380,0.034400,0.938788,-0.000496,0.342775,-2.458039,125.784836,19.626049,0.110584,0.944636,-0.171508,0.256942,-0.434948,139.381805,18.586111,0.079162,0.859574,0.026581,0.504143,-5.215642,120.401909,17.426527,0.031338,-0.667471,0.162019,-0.726120,-13.011257,123.052147,3.394064,0.064721,-0.259157,-0.282859,-0.921217,-11.745457,116.839584,-18.108599,0.197349,-0.009684,-0.591018,-0.782085,2.921303,126.973686,-28.793980,-0.069548,0.958088,-0.035606,0.275615,-0.488102,120.528725,22.662567,0.321874,0.826751,-0.046384,-0.459051,13.152456,123.016266,31.174475,-0.076138,0.103199,0.472778,-0.871799,21.477083,110.130333,14.827734,0.019940,-0.036897,0.801881,-0.596010,10.552807,127.391075,12.609823,0.049462,0.883405,0.103449,0.454364,-9.987166,83.622917,15.736005,0.074606,0.942500,0.000672,0.325772,-9.755801,49.573669,7.772823,-0.000836,0.957777,0.079368,0.276340,-16.050926,5.170891,5.533292,-0.103087,0.910542,-0.053317,0.396791,1.409920,84.177299,29.191139,-0.044053,0.894968,-0.073747,0.437781,6.495064,50.150543,35.447174,-0.041792,0.934773,0.036241,0.350912,7.136342,5.910566,43.106384,-0.000836,0.957777,0.079368,0.276340,-8.787971,1.527225,-6.379787,-0.041792,0.934773,0.036241,0.350912,16.370573,1.496584,32.947941
1028,8.566667,0.010717,0.905184,-0.060392,0.420570,-4.195137,83.896622,22.422310,-0.004980,0.912615,-0.013384,0.408570,-3.687361,91.075439,21.696690,0.014637,0.912972,-0.052989,0.404303,-3.656690,107.780685,21.220503,0.033108,0.939903,0.002815,0.339820,-2.396430,125.785187,19.682278,0.107687,0.946841,-0.166870,0.253081,-0.444346,139.397217,18.705549,0.078980,0.860492,0.027372,0.502560,-5.160640,120.407593,17.477983,0.032061,-0.668680,0.160704,-0.725268,-13.009045,123.066643,3.476651,0.063131,-0.258790,-0.285518,-0.920609,-11.796644,116.879669,-18.036465,0.195995,-0.007720,-0.591634,-0.781982,2.814324,127.125908,-28.688951,-0.068820,0.959528,-0.033321,0.271036,-0.414676,120.521332,22.697632,0.319617,0.824951,-0.043799,-0.464092,13.310612,122.963928,31.085449,-0.077917,0.099052,0.474049,-0.871433,21.491503,110.230759,14.547567,0.019756,-0.043918,0.800396,-0.597535,10.582449,127.523865,12.518421,0.049563,0.883237,0.103113,0.454756,-9.893619,83.619675,15.694682,0.075291,0.942708,0.000210,0.325014,-9.675746,49.566273,7.748924,-0.000934,0.957873,0.079178,0.276059,-16.043732,5.172676,5.533529,-0.102452,0.910208,-0.054321,0.397586,1.503345,84.173569,29.149937,-0.043720,0.895508,-0.073842,0.436693,6.514782,50.145237,35.456692,-0.041856,0.934786,0.036423,0.350851,7.134964,5.903888,43.109737,-0.000934,0.957873,0.079178,0.276059,-8.787157,1.524750,-6.382135,-0.041856,0.934786,0.036423,0.350851,16.368935,1.495160,32.948772
1029,8.575000,0.010697,0.905198,-0.060052,0.420590,-4.097739,83.889099,22.371525,-0.005082,0.913214,-0.011714,0.407281,-3.592276,91.068512,21.650236,0.015123,0.913810,-0.051542,0.402574,-3.588154,107.772102,21.223669,0.032161,0.941001,0.006178,0.336816,-2.335791,125.781563,19.737907,0.104659,0.949005,-0.162487,0.249064,-0.446122,139.407104,18.829298,0.078906,0.861332,0.028564,0.501064,-5.107594,120.410629,17.526911,0.032656,-0.669830,0.159574,-0.724429,-13.005211,123.087883,3.556757,0.061304,-0.258333,-0.287998,-0.920089,-11.845579,116.924133,-17.965925,0.194154,-0.006188,-0.592932,-0.781471,2.719700,127.282440,-28.582579,-0.068572,0.960857,-0.030469,0.266688,-0.342143,120.508423,22.729099,0.316995,0.823049,-0.042421,-0.469366,13.460318,122.916779,30.999352,-0.079721,0.095327,0.475067,-0.871131,21.495337,110.326279,14.281691,0.019331,-0.051155,0.798532,-0.599464,10.597013,127.643837,12.425724,0.049652,0.882975,0.102811,0.455324,-9.795930,83.614349,15.643560,0.075997,0.942681,-0.000465,0.324926,-9.588118,49.557220,7.713511,-0.000012,0.957899,0.079410,0.275904,-16.035418,5.173236,5.535261,-0.101955,0.910105,-0.055542,0.397780,1.600451,84.163857,29.099487,-0.043180,0.896382,-0.073995,0.434925,6.544802,50.137798,35.471115,-0.042087,0.934766,0.036636,0.350855,7.130701,5.894270,43.114235,-0.000012,0.957899,0.079410,0.275904,-8.790195,1.524930,-6.387188,-0.042087,0.934766,0.036636,0.350855,16.367470,1.493340,32.952438
1030,8.583333,0.010844,0.905226,-0.059686,0.420578,-4.007064,83.881592,22.315596,-0.005098,0.913955,-0.010520,0.405647,-3.501913,91.061592,21.599955,0.016034,0.914844,-0.049804,0.400404,-3.515201,107.752251,21.209932,0.029871,0.942275,0.009707,0.333364,-2.261324,125.767067,19.791868,0.102080,0.950997,-0.158259,0.245232,-0.470762,139.409805,18.942530,0.079172,0.862341,0.029792,0.499212,-5.045893,120.406448,17.571890,0.032654,-0.670999,0.159146,-0.723441,-13.002433,123.111961,3.640673,0.059149,-0.258011,-0.290314,-0.919592,-11.906973,116.967514,-17.890886,0.192526,-0.004316,-0.593836,-0.781200,2.616753,127.437553,-28.475052,-0.068511,0.962059,-0.027651,0.262647,-0.256260,120.480858,22.752209,0.314959,0.821087,-0.039557,-0.474397,13.616074,122.861908,30.912733,-0.080345,0.090599,0.476402,-0.870849,21.495886,110.425613,14.006832,0.020351,-0.059179,0.797076,-0.600628,10.617001,127.766945,12.338233,0.049587,0.882740,0.102656,0.455821,-9.705385,83.611908,15.587539,0.076723,0.942750,-0.001227,0.324552,-9.494153,49.552086,7.669125,-0.000073,0.957952,0.079054,0.275822,-16.025585,5.178171,5.536779,-0.101665,0.910034,-0.056751,0.397847,1.691256,84.151283,29.043653,-0.042518,0.897260,-0.074141,0.433151,6.582725,50.130581,35.484360,-0.042096,0.934709,0.036894,0.350979,7.124732,5.883890,43.112419,-0.000073,0.957952,0.079054,0.275822,-8.782722,1.520740,-6.384310,-0.042096,0.934709,0.036894,0.350979,16.364897,1.489725,32.950775
1031,8.591667,0.011114,0.905212,-0.059603,0.420614,-3.928120,83.872261,22.260384,-0.004833,0.914629,-0.008856,0.404167,-3.419904,91.052322,21.547503,0.016614,0.915779,-0.048635,0.398382,-3.448180,107.742348,21.211937,0.029399,0.943447,0.012669,0.329975,-2.195069,125.760651,19.838169,0.098996,0.953221,-0.153911,0.240585,-0.451173,139.413147,19.050833,0.079215,0.863385,0.031035,0.497321,-4.990889,120.406982,17.615545,0.032914,-0.672232,0.158151,-0.722502,-13.008541,123.134682,3.723741,0.057203,-0.257359,-0.292432,-0.919227,-11.973141,117.019531,-17.819130,0.190754,-0.002544,-0.594760,-0.780940,2.518042,127.592110,-28.359488,-0.067922,0.963395,-0.024999,0.258131,-0.178726,120.465706,22.775146,0.312524,0.819067,-0.037621,-0.479628,13.772760,122.804939,30.811893,-0.081491,0.085851,0.477263,-0.870752,21.497328,110.518936,13.725419,0.020136,-0.067724,0.795397,-0.601957,10.619419,127.874825,12.252544,0.049359,0.882594,0.102650,0.456130,-9.625801,83.607475,15.531586,0.077437,0.942830,-0.002020,0.324146,-9.397967,49.546005,7.620768,0.000243,0.958024,0.078883,0.275621,-16.013447,5.182207,5.537593,-0.101483,0.909862,-0.057742,0.398143,1.769560,84.137054,28.989178,-0.041964,0.898172,-0.074403,0.431266,6.619424,50.121700,35.489311,-0.042165,0.934716,0.037080,0.350932,7.122668,5.874315,43.115971,0.000243,0.958024,0.078883,0.275621,-8.778684,1.517978,-6.386329,-0.042165,0.934716,0.037080,0.350932,16.362923,1.485557,32.952076
1032,8.600000,0.011150,0.905263,-0.059133,0.420568,-3.835633,83.866386,22.200003,-0.005104,0.915332,-0.007034,0.402607,-3.329837,91.047241,21.493439,0.017463,0.916734,-0.047214,0.396313,-3.391472,107.735992,21.209972,0.027811,0.944623,0.015945,0.326587,-2.133617,125.758171,19.892654,0.096315,0.955130,-0.150223,0.236396,-0.467562,139.423752,19.165936,0.079227,0.864298,0.031784,0.495684,-4.942448,120.413841,17.664013,0.033141,-0.673356,0.157269,-0.721637,-13.012934,123.154678,3.805427,0.055474,-0.256543,-0.294949,-0.918756,-12.032929,117.065643,-17.747433,0.189813,-0.000810,-0.595994,-0.780232,2.416107,127.750549,-28.237720,-0.067142,0.964739,-0.022434,0.253512,-0.107497,120.451973,22.802460,0.310562,0.816901,-0.035574,-0.484726,13.924323,122.744766,30.711723,-0.082798,0.081670,0.478643,-0.870273,21.483309,110.596886,13.453299,0.019581,-0.075756,0.793165,-0.603959,10.632778,127.979919,12.162126,0.049307,0.882613,0.102521,0.456127,-9.533979,83.605721,15.471610,0.078126,0.942787,-0.002842,0.324101,-9.307161,49.542038,7.570277,0.000691,0.958071,0.078690,0.275514,-16.004601,5.188221,5.536957,-0.101309,0.909857,-0.058592,0.398076,1.862714,84.127060,28.928396,-0.041639,0.899069,-0.074340,0.429436,6.678127,50.116169,35.477303,-0.042108,0.934781,0.037129,0.350762,7.173115,5.865499,43.085419,0.000691,0.958071,0.078690,0.275514,-8.776899,1.515600,-6.388665,-0.042108,0.934781,0.037129,0.350762,16.409302,1.477306,32.917580
1033,8.608333,0.011196,0.905288,-0.058665,0.420580,-3.748258,83.858551,22.141047,-0.004959,0.916050,-0.005379,0.400997,-3.244689,91.040184,21.440870,0.017996,0.917735,-0.045796,0.394134,-3.324538,107.726524,21.210121,0.026873,0.945749,0.018562,0.323251,-2.072303,125.752808,19.944473,0.093298,0.957051,-0.146302,0.232258,-0.460953,139.427505,19.267757,0.078930,0.865126,0.033162,0.494193,-4.891722,120.415665,17.711973,0.033343,-0.674722,0.156258,-0.720571,-13.011750,123.170898,3.885223,0.053561,-0.255632,-0.297125,-0.918423,-12.100080,117.113937,-17.679665,0.188396,0.001314,-0.596761,-0.779988,2.316299,127.901520,-28.114065,-0.066450,0.966083,-0.019884,0.248742,-0.032730,120.437309,22.827789,0.308358,0.814676,-0.033978,-0.489963,14.080039,122.687172,30.604231,-0.083877,0.077278,0.479655,-0.870014,21.471268,110.677460,13.177274,0.019272,-0.083575,0.791325,-0.605351,10.632356,128.079285,12.068624,0.049446,0.882497,0.102436,0.456357,-9.446408,83.602074,15.412328,0.078679,0.942715,-0.003755,0.324167,-9.228806,49.538132,7.511858,0.000938,0.958124,0.078519,0.275378,-15.999180,5.192652,5.539238,-0.100983,0.909887,-0.059677,0.397928,1.949891,84.115021,28.869766,-0.041088,0.899969,-0.074646,0.427547,6.715119,50.108482,35.477711,-0.042080,0.934767,0.037402,0.350773,7.169835,5.857807,43.088360,0.000938,0.958124,0.078519,0.275378,-8.777416,1.513699,-6.388028,-0.042080,0.934767,0.037402,0.350773,16.406698,1.476301,32.918255
1034,8.616667,0.011242,0.905353,-0.058153,0.420510,-3.665129,83.855003,22.081455,-0.004897,0.916761,-0.003711,0.399389,-3.164136,91.037491,21.388201,0.018743,0.918701,-0.044531,0.391986,-3.264735,107.727577,21.209419,0.024799,0.946940,0.021139,0.319753,-2.008541,125.757004,19.993462,0.091196,0.958792,-0.142458,0.228269,-0.481023,139.443192,19.355789,0.078832,0.866162,0.034442,0.492304,-4.841070,120.428238,17.757528,0.033205,-0.675618,0.156063,-0.719779,-13.022243,123.201820,3.970546,0.051598,-0.254812,-0.299557,-0.917973,-12.162078,117.159546,-17.600574,0.187417,0.003560,-0.597933,-0.779319,2.210968,128.056839,-27.979542,-0.065439,0.967406,-0.017149,0.244027,0.041357,120.431580,22.851028,0.306214,0.812492,-0.032357,-0.495018,14.234081,122.627701,30.496216,-0.085329,0.073378,0.480762,-0.869599,21.461157,110.754547,12.907581,0.018136,-0.091179,0.789661,-0.606459,10.640998,128.179993,11.971914,0.049643,0.882382,0.102411,0.456563,-9.364307,83.603142,15.353433,0.079126,0.942409,-0.004745,0.324933,-9.157769,49.540215,7.448300,0.001289,0.958152,0.078335,0.275330,-15.992954,5.201826,5.540907,-0.100546,0.909871,-0.060740,0.397914,2.034050,84.106865,28.809479,-0.040721,0.900558,-0.074919,0.426292,6.741869,50.103115,35.472721,-0.042375,0.934769,0.037466,0.350724,7.166985,5.853417,43.090733,0.001289,0.958152,0.078335,0.275330,-8.775955,1.515383,-6.386932,-0.042375,0.934769,0.037466,0.350724,16.405689,1.476525,32.920311
1035,8.625000,0.011296,0.905437,-0.057523,0.420413,-3.582355,83.849739,22.015203,-0.004503,0.917511,-0.001914,0.397680,-3.084548,91.033264,21.330433,0.019333,0.919721,-0.043427,0.389685,-3.197266,107.725906,21.212091,0.023944,0.948014,0.024274,0.316396,-1.940007,125.758026,20.038055,0.088147,0.960566,-0.139204,0.223978,-0.468916,139.453278,19.465590,0.078588,0.867219,0.035684,0.490390,-4.785623,120.436333,17.801916,0.033323,-0.676712,0.155302,-0.718911,-13.029243,123.223412,4.054912,0.049626,-0.253841,-0.301829,-0.917606,-12.224768,117.206535,-17.525457,0.186125,0.005562,-0.598830,-0.778928,2.112722,128.209564,-27.844107,-0.064331,0.968644,-0.014814,0.239520,0.121871,120.424225,22.871256,0.304442,0.810278,-0.030333,-0.499844,14.390175,122.567352,30.389742,-0.086228,0.069434,0.481775,-0.869273,21.450510,110.827339,12.644717,0.017337,-0.098080,0.787717,-0.607932,10.648667,128.269028,11.872256,0.049867,0.882160,0.102425,0.456964,-9.282936,83.603523,15.288160,0.079547,0.942273,-0.005801,0.325207,-9.086115,49.542339,7.375266,0.001581,0.958223,0.078046,0.275164,-15.986908,5.210945,5.542968,-0.100092,0.909784,-0.061826,0.398061,2.118227,84.095955,28.742249,-0.040435,0.901034,-0.075201,0.425262,6.765676,50.095154,35.462639,-0.042502,0.934754,0.037623,0.350733,7.165598,5.847177,43.092010,0.001581,0.958223,0.078046,0.275164,-8.777271,1.514712,-6.386293,-0.042502,0.934754,0.037623,0.350733,16.406075,1.475591,32.920925
1036,8.633333,0.011206,0.905495,-0.057119,0.420346,-3.493928,83.845810,21.953178,-0.004091,0.918253,-0.000231,0.395974,-2.999808,91.030029,21.273098,0.019295,0.920754,-0.042072,0.387387,-3.122359,107.721077,21.212009,0.023147,0.949068,0.026970,0.313059,-1.888280,125.757454,20.079395,0.085560,0.962231,-0.135976,0.219777,-0.467891,139.460236,19.561655,0.078907,0.868353,0.036482,0.488268,-4.739896,120.438911,17.843401,0.033899,-0.677629,0.154422,-0.718209,-13.049462,123.248116,4.140675,0.048047,-0.252733,-0.304387,-0.917151,-12.288480,117.245567,-17.445263,0.185087,0.007690,-0.600040,-0.778226,2.007897,128.359512,-27.702147,-0.063493,0.969891,-0.012358,0.234792,0.192816,120.418205,22.888178,0.302846,0.807986,-0.029011,-0.504580,14.537579,122.516457,30.272644,-0.087197,0.065867,0.483055,-0.868744,21.428070,110.888992,12.387289,0.016544,-0.104808,0.786025,-0.609021,10.656179,128.357346,11.767266,0.050197,0.882056,0.102453,0.457123,-9.195555,83.601234,15.226957,0.079938,0.942297,-0.006783,0.325025,-9.016750,49.542770,7.301964,0.002053,0.958221,0.077936,0.275200,-15.979326,5.218082,5.542687,-0.099358,0.909642,-0.062836,0.398412,2.207698,84.090385,28.679398,-0.040317,0.901307,-0.075458,0.424649,6.777833,50.088154,35.445404,-0.042418,0.934726,0.037782,0.350800,7.163546,5.842787,43.090618,0.002053,0.958221,0.077936,0.275200,-8.773334,1.515426,-6.386782,-0.042418,0.934726,0.037782,0.350800,16.405083,1.474458,32.919090
1037,8.641667,0.011352,0.905592,-0.056568,0.420207,-3.417660,83.842422,21.884733,-0.003788,0.918965,0.001399,0.394320,-2.925061,91.027496,21.212660,0.020119,0.921718,-0.040808,0.385183,-3.059866,107.717773,21.205790,0.021486,0.950200,0.029413,0.309506,-1.818605,125.756775,20.123863,0.083245,0.963845,-0.132807,0.215489,-0.469357,139.468231,19.646814,0.078904,0.869590,0.037417,0.485992,-4.684357,120.447197,17.884630,0.034020,-0.678515,0.154119,-0.717431,-13.066085,123.271576,4.229054,0.046124,-0.251699,-0.306851,-0.916713,-12.354790,117.279121,-17.361385,0.183801,0.010519,-0.601232,-0.777577,1.900153,128.503403,-27.554258,-0.062634,0.971022,-0.010428,0.230402,0.271931,120.407333,22.906130,0.302030,0.805782,-0.025892,-0.508747,14.686677,122.464523,30.164803,-0.086651,0.061475,0.483916,-0.868641,21.409994,110.962227,12.135479,0.016809,-0.110872,0.784661,-0.609698,10.653947,128.434586,11.664853,0.050198,0.882273,0.102457,0.456702,-9.121277,83.604439,15.159967,0.080337,0.942425,-0.007707,0.324533,-8.946165,49.546032,7.234613,0.002305,0.958317,0.077567,0.274967,-15.970114,5.228293,5.545514,-0.098777,0.909501,-0.063936,0.398702,2.285958,84.080406,28.609499,-0.040194,0.901648,-0.075660,0.423899,6.786199,50.079884,35.430710,-0.042601,0.934704,0.037713,0.350843,7.160567,5.836370,43.087208,0.002305,0.958317,0.077567,0.274967,-8.772966,1.514000,-6.385678,-0.042601,0.934704,0.037713,0.350843,16.404556,1.468197,32.917847
1038,8.650000,0.011404,0.905774,-0.055972,0.419893,-3.335068,83.834305,21.814880,-0.003325,0.919749,0.003022,0.392481,-2.845645,91.020332,21.150728,0.020463,0.922764,-0.039518,0.382786,-2.987506,107.708382,21.200005,0.020208,0.951205,0.032197,0.306210,-1.755391,125.750626,20.162683,0.080750,0.965276,-0.130132,0.211630,-0.469339,139.469925,19.739653,0.079181,0.870800,0.038493,0.483690,-4.631575,120.446793,17.923225,0.034987,-0.679438,0.153004,-0.716749,-13.084507,123.296272,4.316841,0.044598,-0.250392,-0.309649,-0.916205,-12.414063,117.313515,-17.277596,0.182738,0.012873,-0.602219,-0.777029,1.792520,128.653366,-27.398285,-0.061980,0.972081,-0.008362,0.226155,0.350486,120.393791,22.919035,0.300557,0.803340,-0.024924,-0.513506,14.830971,122.415817,30.055710,-0.086713,0.057905,0.485332,-0.868090,21.375965,111.016403,11.895895,0.017862,-0.116857,0.783714,-0.609769,10.657049,128.518539,11.560085,0.050376,0.882240,0.102638,0.456706,-9.043329,83.601906,15.093860,0.080720,0.942676,-0.008727,0.323682,-8.873269,49.547352,7.151851,0.002782,0.958364,0.077330,0.274867,-15.960535,5.236668,5.544245,-0.098126,0.909321,-0.065127,0.399081,2.373193,84.066704,28.535902,-0.040022,0.902003,-0.075875,0.423122,6.795870,50.067955,35.416473,-0.042582,0.934625,0.037986,0.351026,7.154658,5.826130,43.083469,0.002782,0.958364,0.077330,0.274867,-8.770709,1.512615,-6.388319,-0.042582,0.934625,0.037986,0.351026,16.403086,1.464879,32.915169
1039,8.658333,0.011656,0.905925,-0.055590,0.419611,-3.259271,83.831093,21.744827,-0.002635,0.920502,0.004720,0.390700,-2.769075,91.017662,21.087048,0.020920,0.923770,-0.038464,0.380436,-2.911730,107.700752,21.197758,0.019117,0.952179,0.034851,0.302942,-1.681481,125.745285,20.198828,0.078039,0.966709,-0.127447,0.207702,-0.452294,139.471313,19.828533,0.079192,0.872093,0.039408,0.481279,-4.569879,120.447502,17.960766,0.035718,-0.680513,0.152105,-0.715885,-13.098449,123.311935,4.404816,0.042994,-0.248720,-0.312525,-0.915761,-12.481208,117.339996,-17.194199,0.182029,0.015485,-0.603636,-0.776047,1.686373,128.803940,-27.231575,-0.061625,0.973019,-0.006575,0.222248,0.437229,120.381294,22.931313,0.299452,0.800920,-0.023747,-0.517969,14.976159,122.379982,29.954842,-0.085626,0.053694,0.486313,-0.867920,21.344467,111.075211,11.673452,0.020311,-0.122276,0.782277,-0.610474,10.646427,128.589874,11.469917,0.050428,0.882360,0.102784,0.456436,-8.971604,83.605865,15.027024,0.081090,0.942686,-0.009774,0.323529,-8.802429,49.553772,7.074433,0.003119,0.958438,0.076920,0.274719,-15.951369,5.250195,5.545853,-0.097532,0.909041,-0.066158,0.399693,2.453062,84.056328,28.462631,-0.039915,0.902187,-0.076119,0.422696,6.804433,50.058918,35.395069,-0.042637,0.934559,0.038071,0.351188,7.148904,5.819660,43.077522,0.003119,0.958438,0.076920,0.274719,-8.769228,1.512753,-6.387153,-0.042637,0.934559,0.038071,0.351188,16.401533,1.461249,32.911827
1040,8.666667,0.011860,0.906123,-0.054960,0.419262,-3.189471,83.829704,21.674448,-0.001765,0.921256,0.006324,0.388901,-2.700658,91.017204,21.025940,0.021227,0.924773,-0.037396,0.378081,-2.837171,107.696442,21.197495,0.017342,0.953249,0.037529,0.299345,-1.613795,125.743439,20.235371,0.076096,0.968104,-0.124988,0.203376,-0.459821,139.477188,19.912518,0.079352,0.873330,0.040228,0.478936,-4.512916,120.450676,17.999294,0.036292,-0.681444,0.151712,-0.715052,-13.113880,123.332619,4.492888,0.040830,-0.247460,-0.315449,-0.915199,-12.548189,117.359901,-17.107319,0.180832,0.018170,-0.604208,-0.775824,1.572405,128.955215,-27.070093,-0.061629,0.973938,-0.004548,0.218235,0.519217,120.373192,22.944340,0.298406,0.798468,-0.022838,-0.522380,15.115654,122.358597,29.851395,-0.084086,0.049220,0.487372,-0.867742,21.306271,111.140778,11.455759,0.023776,-0.127943,0.781685,-0.609945,10.633208,128.668213,11.384908,0.050464,0.882591,0.102751,0.455992,-8.906881,83.612770,14.960691,0.081322,0.942647,-0.010688,0.323556,-8.745010,49.560463,7.008897,0.003636,0.958528,0.076677,0.274466,-15.939847,5.261946,5.550699,-0.097128,0.908890,-0.067251,0.399954,2.527941,84.046631,28.388205,-0.039723,0.902530,-0.076398,0.421929,6.820796,50.053917,35.379894,-0.042835,0.934525,0.038114,0.351249,7.145564,5.817103,43.077236,0.003636,0.958528,0.076677,0.274466,-8.769114,1.514411,-6.386003,-0.042835,0.934525,0.038114,0.351249,16.401447,1.461858,32.913147
1041,8.675000,0.011873,0.906380,-0.054203,0.418804,-3.107887,83.826843,21.599731,-0.001791,0.922075,0.008111,0.386923,-2.623815,91.015541,20.960951,0.021954,0.925820,-0.036476,0.375560,-2.783811,107.692528,21.187412,0.016439,0.954132,0.039931,0.296257,-1.551164,125.740852,20.262688,0.073530,0.969330,-0.122487,0.199974,-0.446064,139.479691,19.988813,0.079597,0.874714,0.040741,0.476319,-4.466462,120.455849,18.029306,0.038036,-0.682224,0.150153,-0.714548,-13.147511,123.352852,4.577466,0.039738,-0.245749,-0.318636,-0.914604,-12.608358,117.378906,-17.023085,0.179824,0.021012,-0.605374,-0.775077,1.462978,129.101593,-26.905352,-0.061738,0.974840,-0.002264,0.214173,0.592035,120.362328,22.947102,0.297203,0.796285,-0.022028,-0.526418,15.245181,122.336510,29.736292,-0.082830,0.044594,0.488291,-0.867596,21.278042,111.205826,11.235623,0.027382,-0.133811,0.780878,-0.609570,10.623531,128.745575,11.307786,0.050670,0.882846,0.102655,0.455497,-8.832066,83.616219,14.891544,0.081580,0.942520,-0.011658,0.323829,-8.690426,49.563995,6.939011,0.004013,0.958562,0.076480,0.274398,-15.934694,5.271211,5.553300,-0.096590,0.908610,-0.068399,0.400525,2.616291,84.037468,28.307919,-0.039463,0.902666,-0.076677,0.421613,6.838194,50.048359,35.360043,-0.042878,0.934397,0.038224,0.351573,7.133985,5.813527,43.069969,0.004013,0.958562,0.076480,0.274398,-8.769511,1.515693,-6.384225,-0.042878,0.934397,0.038224,0.351573,16.397499,1.461803,32.911324
1042,8.683333,0.012011,0.906678,-0.053758,0.418210,-3.036536,83.828568,21.529139,-0.001034,0.922887,0.009712,0.384947,-2.553761,91.017914,20.896698,0.022144,0.926868,-0.035375,0.373060,-2.710504,107.692696,21.182480,0.015474,0.955076,0.042188,0.292935,-1.488851,125.743576,20.293932,0.071300,0.970576,-0.120191,0.196092,-0.433204,139.487122,20.064535,0.079727,0.875919,0.041564,0.474006,-4.414304,120.462868,18.063679,0.039645,-0.683342,0.148710,-0.713693,-13.166192,123.376343,4.661390,0.038690,-0.243879,-0.321510,-0.914143,-12.676184,117.403122,-16.940527,0.178884,0.023715,-0.607075,-0.773885,1.362981,129.248123,-26.742056,-0.061829,0.975589,-0.000838,0.210721,0.670489,120.359467,22.954079,0.296080,0.794011,-0.021541,-0.530490,15.370995,122.327980,29.641771,-0.080961,0.040242,0.489112,-0.867522,21.240757,111.275146,11.042232,0.031492,-0.139378,0.780169,-0.609030,10.606721,128.820358,11.234725,0.050681,0.883245,0.102630,0.454727,-8.769418,83.624062,14.828197,0.081795,0.942534,-0.012500,0.323702,-8.636190,49.571556,6.876739,0.004455,0.958628,0.076280,0.274214,-15.923053,5.283740,5.556998,-0.096109,0.908454,-0.069400,0.400822,2.696346,84.033073,28.230078,-0.039270,0.902743,-0.077006,0.421407,6.857201,50.047123,35.333561,-0.042889,0.934308,0.038146,0.351817,7.126635,5.815476,43.062679,0.004455,0.958628,0.076280,0.274214,-8.766855,1.519783,-6.383256,-0.042889,0.934308,0.038146,0.351817,16.395287,1.462051,32.909454
1043,8.691667,0.012220,0.907031,-0.052964,0.417542,-2.965771,83.823837,21.451601,-0.000234,0.923692,0.011215,0.382972,-2.485498,91.014328,20.830441,0.022240,0.927894,-0.034382,0.370590,-2.636189,107.690285,21.173119,0.015075,0.955906,0.044498,0.289891,-1.426962,125.743530,20.315950,0.068685,0.971761,-0.117956,0.192480,-0.405545,139.490417,20.137903,0.079519,0.877214,0.042268,0.471578,-4.361924,120.466209,18.090147,0.040238,-0.683931,0.148198,-0.713202,-13.189621,123.384598,4.738739,0.036432,-0.242607,-0.324422,-0.913545,-12.728898,117.411819,-16.863949,0.177114,0.026154,-0.608293,-0.773257,1.258658,129.385300,-26.585896,-0.061733,0.976268,0.000312,0.207581,0.748726,120.354797,22.953342,0.294626,0.791884,-0.021381,-0.534471,15.492368,122.313774,29.548246,-0.079437,0.036040,0.489855,-0.867429,21.210573,111.340797,10.854441,0.035683,-0.144874,0.779332,-0.608589,10.592629,128.895355,11.168505,0.050731,0.883612,0.102542,0.454028,-8.708426,83.629234,14.758739,0.081992,0.942444,-0.013387,0.323879,-8.587410,49.575813,6.810985,0.004732,0.958699,0.075992,0.274043,-15.916327,5.292961,5.559153,-0.095708,0.908296,-0.070345,0.401111,2.776884,84.018440,28.144464,-0.039055,0.902928,-0.077485,0.420941,6.883282,50.036346,35.297920,-0.043278,0.934234,0.038056,0.351974,7.121049,5.809832,43.057396,0.004732,0.958699,0.075992,0.274043,-8.767514,1.519391,-6.382493,-0.043278,0.934234,0.038056,0.351974,16.396461,1.458203,32.909573
1044,8.700000,0.012180,0.907392,-0.052538,0.416811,-2.890772,83.818176,21.385872,0.000132,0.924541,0.012507,0.380877,-2.414098,91.009331,20.769661,0.022604,0.928959,-0.033141,0.368003,-2.569128,107.682129,21.157141,0.014167,0.956786,0.046499,0.286703,-1.366559,125.737823,20.343157,0.066605,0.972840,-0.115861,0.189003,-0.390242,139.488434,20.204256,0.079365,0.878418,0.043035,0.469287,-4.313180,120.466301,18.118998,0.041307,-0.684790,0.147027,-0.712559,-13.211786,123.391983,4.816352,0.034925,-0.241069,-0.327137,-0.913043,-12.788269,117.426514,-16.789112,0.175767,0.028394,-0.610053,-0.772098,1.161268,129.517899,-26.434338,-0.062360,0.976920,0.001837,0.204293,0.824200,120.342102,22.953636,0.293233,0.789854,-0.021652,-0.538217,15.609368,122.312225,29.451523,-0.078165,0.032015,0.490414,-0.867387,21.184141,111.405266,10.675943,0.039423,-0.149863,0.777872,-0.609018,10.577442,128.964005,11.109602,0.050924,0.884014,0.102687,0.453191,-8.644195,83.626816,14.702171,0.082194,0.942148,-0.014390,0.324644,-8.537928,49.576851,6.739429,0.005153,0.958700,0.075875,0.274065,-15.911929,5.299485,5.560621,-0.095037,0.908225,-0.071092,0.401300,2.862651,84.009529,28.069574,-0.038923,0.902951,-0.078002,0.420809,6.904022,50.025867,35.252571,-0.043111,0.934124,0.038178,0.352273,7.112525,5.805650,43.048714,0.005153,0.958700,0.075875,0.274065,-8.766702,1.519724,-6.381210,-0.043111,0.934124,0.038178,0.352273,16.393108,1.455671,32.904915
1045,8.708333,0.012378,0.907798,-0.051986,0.415988,-2.824288,83.810860,21.315071,0.000804,0.925318,0.014176,0.378926,-2.348886,91.002785,20.706842,0.022344,0.929929,-0.032410,0.365625,-2.503511,107.680473,21.154793,0.014958,0.957519,0.048625,0.283848,-1.321459,125.738319,20.358879,0.063879,0.973990,-0.113868,0.185196,-0.345685,139.489426,20.276585,0.079315,0.879610,0.043848,0.466983,-4.274652,120.467102,18.142757,0.042927,-0.685611,0.144996,-0.712089,-13.243726,123.403564,4.889901,0.033901,-0.239387,-0.329714,-0.912597,-12.844093,117.454697,-16.720598,0.174309,0.030557,-0.611513,-0.771190,1.064880,129.647385,-26.284527,-0.062380,0.977569,0.003145,0.201143,0.887509,120.341110,22.950882,0.290436,0.788330,-0.022753,-0.541908,15.714150,122.304825,29.355549,-0.077935,0.028394,0.490203,-0.867653,21.183342,111.486397,10.497869,0.042644,-0.154897,0.776627,-0.609129,10.556362,129.035782,11.054961,0.050925,0.884437,0.102866,0.452324,-8.589713,83.627579,14.641492,0.082404,0.942509,-0.015217,0.323505,-8.485599,49.580189,6.667691,0.005494,0.958764,0.075646,0.273895,-15.902606,5.308130,5.561653,-0.094579,0.908128,-0.071759,0.401508,2.941138,83.994141,27.988647,-0.038752,0.903014,-0.078624,0.420574,6.933056,50.011097,35.202095,-0.043188,0.934054,0.038210,0.352445,7.106051,5.798438,43.041801,0.005494,0.958764,0.075646,0.273895,-8.765202,1.519897,-6.382176,-0.043188,0.934054,0.038210,0.352445,16.391117,1.450175,32.901363
1046,8.716667,0.012535,0.908294,-0.051354,0.414978,-2.753775,83.801712,21.242903,0.000829,0.926102,0.015459,0.376954,-2.280777,90.994522,20.643377,0.022815,0.930870,-0.031022,0.363315,-2.449822,107.674149,21.131720,0.014533,0.958356,0.049911,0.280805,-1.272116,125.734413,20.385828,0.062033,0.975024,-0.111696,0.181671,-0.322410,139.487473,20.328218,0.078988,0.880669,0.044748,0.464952,-4.235987,120.469955,18.167908,0.043724,-0.686217,0.144099,-0.711639,-13.268306,123.410500,4.958989,0.032313,-0.238170,-0.332348,-0.912017,-12.894328,117.467484,-16.653576,0.173069,0.032854,-0.612599,-0.770513,0.962740,129.766663,-26.144865,-0.063096,0.978155,0.004356,0.198023,0.949638,120.329308,22.950304,0.289109,0.786573,-0.022540,-0.545170,15.813877,122.309509,29.262062,-0.076501,0.024128,0.490523,-0.867728,21.158556,111.562637,10.327930,0.046636,-0.159955,0.776093,-0.608209,10.533561,129.112701,11.009133,0.050907,0.885190,0.102947,0.450832,-8.533937,83.626610,14.581868,0.082574,0.942619,-0.016019,0.323102,-8.439569,49.580257,6.603523,0.005839,0.958819,0.075565,0.273719,-15.894468,5.312955,5.563565,-0.094107,0.908286,-0.072385,0.401149,3.026387,83.976814,27.903938,-0.038502,0.903158,-0.079437,0.420134,6.973634,49.993835,35.142269,-0.043238,0.933978,0.038425,0.352617,7.099268,5.790978,43.038006,0.005839,0.958819,0.075565,0.273719,-8.764668,1.520187,-6.383359,-0.043238,0.933978,0.038425,0.352617,16.389019,1.448856,32.899239
1047,8.725000,0.012615,0.908759,-0.050444,0.414069,-2.682891,83.798599,21.161808,0.001514,0.926840,0.017265,0.375056,-2.214888,90.992722,20.574213,0.022633,0.931790,-0.030050,0.361043,-2.384354,107.669594,21.127300,0.014582,0.959066,0.051200,0.278133,-1.227287,125.732300,20.408934,0.059877,0.975959,-0.109659,0.178586,-0.290451,139.486343,20.380589,0.079014,0.881653,0.045512,0.463004,-4.196961,120.469116,18.195768,0.044824,-0.686893,0.142836,-0.711172,-13.287973,123.421608,5.029848,0.031286,-0.236758,-0.334983,-0.911457,-12.939363,117.486664,-16.585361,0.172273,0.035161,-0.614139,-0.769362,0.867547,129.885681,-26.003397,-0.063693,0.978797,0.005815,0.194591,1.012005,120.324623,22.952620,0.287549,0.785001,-0.022499,-0.548255,15.917630,122.316399,29.162317,-0.075950,0.020332,0.490536,-0.867867,21.151405,111.642746,10.155922,0.049142,-0.164354,0.774597,-0.608746,10.517703,129.187469,10.961303,0.050851,0.885801,0.102737,0.449683,-8.476319,83.632347,14.512077,0.082748,0.942856,-0.016697,0.322328,-8.395503,49.582577,6.548190,0.006048,0.958893,0.075405,0.273497,-15.885427,5.319855,5.566652,-0.093541,0.908431,-0.073034,0.400836,3.110538,83.964851,27.811539,-0.038493,0.902939,-0.080243,0.420454,7.006093,49.981033,35.073902,-0.043541,0.933950,0.038310,0.352668,7.097604,5.789667,43.034142,0.006048,0.958893,0.075405,0.273497,-8.763309,1.521461,-6.383072,-0.043541,0.933950,0.038310,0.352668,16.390965,1.447764,32.898582
1048,8.733333,0.012644,0.909382,-0.049631,0.412798,-2.611941,83.794540,21.086901,0.001868,0.927585,0.018865,0.373131,-2.149221,90.989830,20.509483,0.022677,0.932659,-0.029026,0.358873,-2.326569,107.668976,21.117001,0.014174,0.959791,0.052743,0.275352,-1.182996,125.733803,20.431093,0.058274,0.976829,-0.108044,0.175315,-0.272990,139.489670,20.435230,0.078572,0.882608,0.046481,0.461160,-4.159910,120.473549,18.220669,0.045804,-0.687724,0.141346,-0.710605,-13.308663,123.427605,5.095154,0.030815,-0.234789,-0.337355,-0.911107,-12.992217,117.511894,-16.525824,0.172235,0.037420,-0.616715,-0.767201,0.787853,130.003906,-25.862854,-0.064126,0.979270,0.007301,0.192001,1.071074,120.322098,22.953079,0.285568,0.783845,-0.022587,-0.550934,16.007483,122.319839,29.086430,-0.075648,0.017369,0.490170,-0.868164,21.160143,111.725830,10.013424,0.050977,-0.168651,0.772852,-0.609638,10.505650,129.256409,10.917100,0.050825,0.886431,0.102758,0.448439,-8.423903,83.635941,14.453176,0.082938,0.943026,-0.017430,0.321744,-8.351994,49.586292,6.488680,0.006316,0.958935,0.075242,0.273390,-15.879539,5.328640,5.568395,-0.092973,0.908594,-0.073728,0.400472,3.200022,83.953133,27.720627,-0.038342,0.903088,-0.081065,0.419988,7.043029,49.969051,35.009674,-0.043562,0.933899,0.038367,0.352793,7.095127,5.788559,43.030407,0.006316,0.958935,0.075242,0.273390,-8.762890,1.524017,-6.382608,-0.043562,0.933899,0.038367,0.352793,16.391510,1.448436,32.896858
1049,8.741667,0.012823,0.909946,-0.048844,0.411642,-2.550864,83.783447,21.015318,0.002500,0.928305,0.020118,0.371267,-2.091198,90.979790,20.448704,0.022596,0.933512,-0.027909,0.356744,-2.263355,107.666985,21.103609,0.013979,0.960548,0.053534,0.272555,-1.138463,125.734261,20.451790,0.056590,0.977734,-0.106046,0.172012,-0.243892,139.491119,20.470144,0.078347,0.883499,0.047451,0.459391,-4.120845,120.476219,18.243462,0.046940,-0.688432,0.140023,-0.710106,-13.323728,123.437897,5.157563,0.030223,-0.233046,-0.339869,-0.910640,-13.034332,117.530945,-16.466192,0.171986,0.039724,-0.618913,-0.765369,0.704893,130.116104,-25.724819,-0.064529,0.979722,0.008835,0.189479,1.131688,120.319046,22.951756,0.283887,0.782695,-0.022032,-0.553453,16.097719,122.321739,29.010832,-0.075211,0.014153,0.489683,-0.868536,21.168545,111.812614,9.869057,0.052754,-0.172486,0.770647,-0.611203,10.489507,129.324310,10.876934,0.050869,0.886845,0.102929,0.447576,-8.379559,83.634583,14.396061,0.083033,0.943116,-0.018269,0.321409,-8.312714,49.587708,6.419664,0.006515,0.958978,0.075124,0.273268,-15.872654,5.334160,5.570313,-0.092607,0.909026,-0.074247,0.399478,3.277831,83.932320,27.634573,-0.038050,0.903348,-0.082023,0.419270,7.091001,49.948849,34.942131,-0.043750,0.933854,0.038454,0.352879,7.089411,5.780375,43.028950,0.006515,0.958978,0.075124,0.273268,-8.761081,1.525057,-6.382283,-0.043750,0.933854,0.038454,0.352879,16.389566,1.444462,32.897057
1050,8.750000,0.012909,0.910630,-0.048070,0.410215,-2.482612,83.775520,20.944059,0.002609,0.928997,0.022541,0.369390,-2.027294,90.972916,20.387415,0.022566,0.934304,-0.027684,0.354685,-2.224597,107.653572,21.119019,0.013680,0.961142,0.054789,0.270217,-1.105075,125.721344,20.471947,0.055129,0.978428,-0.104508,0.169464,-0.231343,139.479492,20.517059,0.078452,0.884212,0.047978,0.457944,-4.096422,120.464073,18.273945,0.047680,-0.689178,0.138822,-0.709569,-13.341965,123.436211,5.220537,0.028909,-0.231776,-0.342197,-0.910135,-13.083646,117.546402,-16.408276,0.171018,0.042013,-0.619831,-0.764720,0.611427,130.224442,-25.596338,-0.064927,0.980265,0.010043,0.186451,1.176802,120.305122,22.958992,0.282244,0.781874,-0.020997,-0.555492,16.178192,122.315178,28.927505,-0.075133,0.010952,0.489037,-0.868952,21.189362,111.897896,9.719935,0.054121,-0.176096,0.768654,-0.612562,10.480545,129.385864,10.838272,0.050964,0.887430,0.103207,0.446340,-8.331957,83.635025,14.342862,0.083125,0.943059,-0.019184,0.321500,-8.273329,49.592827,6.346470,0.006972,0.959015,0.074890,0.273192,-15.867165,5.343726,5.571148,-0.092052,0.909475,-0.074770,0.398486,3.366733,83.916016,27.545256,-0.037821,0.903534,-0.083001,0.418696,7.138054,49.930824,34.866512,-0.043931,0.933807,0.038427,0.352984,7.085984,5.775285,43.023495,0.006972,0.959015,0.074890,0.273192,-8.762208,1.525121,-6.382348,-0.043931,0.933807,0.038427,0.352984,16.389999,1.440644,32.894604
1051,8.758333,0.013123,0.911352,-0.047272,0.408695,-2.419745,83.768341,20.869484,0.002693,0.929664,0.023831,0.367628,-1.967245,90.966759,20.323837,0.023267,0.935025,-0.026597,0.352816,-2.176334,107.639488,21.096598,0.012936,0.961738,0.056207,0.267831,-1.048207,125.708244,20.493036,0.053573,0.979094,-0.103305,0.166831,-0.208241,139.468369,20.565992,0.078502,0.885144,0.048689,0.456056,-4.051383,120.458626,18.292847,0.048499,-0.690029,0.137619,-0.708921,-13.352816,123.442200,5.281816,0.027782,-0.230322,-0.344215,-0.909778,-13.132193,117.567535,-16.351540,0.170084,0.043898,-0.621308,-0.763623,0.534110,130.330200,-25.468004,-0.065651,0.980575,0.011382,0.184480,1.240051,120.284058,22.956758,0.280154,0.781057,-0.020718,-0.557704,16.262159,122.310493,28.867346,-0.075361,0.008439,0.488187,-0.869438,21.215595,111.981628,9.597154,0.055053,-0.178982,0.766838,-0.613918,10.470089,129.442307,10.807034,0.050931,0.888093,0.103354,0.444989,-8.290951,83.638496,14.287504,0.083205,0.943094,-0.019950,0.321331,-8.237826,49.598194,6.283020,0.007108,0.959064,0.074643,0.273081,-15.860547,5.352983,5.571664,-0.091684,0.909773,-0.075291,0.397791,3.451460,83.898193,27.451464,-0.037295,0.904788,-0.084146,0.415797,7.190444,49.913738,34.792709,-0.044037,0.933761,0.038446,0.353092,7.078789,5.771833,43.022564,0.007108,0.959064,0.074643,0.273081,-8.760195,1.526836,-6.382160,-0.044037,0.933761,0.038446,0.353092,16.386156,1.438855,32.896038
1052,8.766667,0.013360,0.912058,-0.046615,0.407185,-2.363742,83.761230,20.798197,0.003208,0.930241,0.025293,0.366061,-1.912880,90.960442,20.261837,0.023121,0.935660,-0.025630,0.351210,-2.122578,107.633530,21.086731,0.014180,0.962253,0.057136,0.265714,-1.012742,125.704361,20.512131,0.051498,0.979866,-0.102002,0.163725,-0.149750,139.462860,20.615021,0.078463,0.885842,0.049293,0.454639,-4.018696,120.456024,18.312672,0.049237,-0.690871,0.136347,-0.708296,-13.362312,123.446953,5.333598,0.026528,-0.228670,-0.346215,-0.909473,-13.178153,117.591835,-16.305395,0.169077,0.045819,-0.622842,-0.762484,0.457981,130.435593,-25.337851,-0.065875,0.980953,0.012692,0.182294,1.288781,120.277786,22.958179,0.278335,0.780415,-0.019773,-0.559545,16.336008,122.305214,28.804171,-0.075327,0.005617,0.487183,-0.870027,21.242783,112.070061,9.472139,0.056252,-0.181811,0.765130,-0.615107,10.455379,129.497986,10.778882,0.050963,0.888780,0.103530,0.443570,-8.256570,83.641327,14.235380,0.083197,0.943012,-0.020740,0.321523,-8.212656,49.603798,6.219050,0.007283,0.959107,0.074408,0.272991,-15.857281,5.361354,5.573213,-0.091393,0.910267,-0.075702,0.396649,3.529085,83.881126,27.361015,-0.037018,0.904962,-0.085227,0.415223,7.247320,49.897301,34.715687,-0.044223,0.933764,0.038342,0.353071,7.077764,5.770004,43.022507,0.007283,0.959107,0.074408,0.272991,-8.761347,1.527721,-6.380832,-0.044223,0.933764,0.038342,0.353071,16.386137,1.436251,32.897247
1053,8.775000,0.013517,0.912817,-0.045860,0.405561,-2.303946,83.754822,20.728395,0.003666,0.930820,0.026626,0.364488,-1.856386,90.954994,20.202103,0.023006,0.936275,-0.024743,0.349639,-2.066752,107.632126,21.074673,0.013024,0.962712,0.058451,0.263816,-0.972991,125.704765,20.526810,0.050692,0.980328,-0.100874,0.161898,-0.152973,139.465714,20.652941,0.078150,0.886583,0.050288,0.453138,-3.982159,120.457771,18.328556,0.049802,-0.691583,0.135476,-0.707728,-13.371712,123.453796,5.383855,0.025172,-0.227139,-0.348186,-0.909143,-13.221113,117.610703,-16.258644,0.168177,0.048059,-0.623793,-0.761767,0.382388,130.534256,-25.209492,-0.066166,0.981266,0.014230,0.180379,1.340932,120.275902,22.956022,0.276362,0.779796,-0.019525,-0.561392,16.409513,122.305069,28.746149,-0.075384,0.003053,0.485975,-0.870710,21.272558,112.151253,9.360250,0.057090,-0.184622,0.762262,-0.617748,10.437304,129.539505,10.755774,0.051039,0.889442,0.103636,0.442208,-8.219983,83.644379,14.186327,0.083206,0.943030,-0.021437,0.321420,-8.189725,49.608929,6.161120,0.007354,0.959131,0.074175,0.272969,-15.855122,5.369258,5.574826,-0.091056,0.910877,-0.076205,0.395228,3.612091,83.865273,27.270466,-0.036590,0.905325,-0.086265,0.414253,7.306376,49.882492,34.642006,-0.044107,0.933683,0.038491,0.353282,7.071993,5.768350,43.016846,0.007354,0.959131,0.074175,0.272969,-8.761020,1.528863,-6.378135,-0.044107,0.933683,0.038491,0.353282,16.384184,1.437371,32.893902
1054,8.783333,0.013618,0.913538,-0.045043,0.404023,-2.243330,83.749428,20.657413,0.004031,0.931363,0.027910,0.362999,-1.800095,90.950623,20.141727,0.022898,0.936854,-0.023785,0.348159,-2.013280,107.623878,21.058895,0.012921,0.963178,0.059534,0.261873,-0.936107,125.698380,20.540451,0.049535,0.980895,-0.099724,0.159519,-0.129423,139.459854,20.691261,0.078174,0.887254,0.051178,0.451719,-3.947841,120.452896,18.342113,0.050558,-0.692323,0.134466,-0.707144,-13.379055,123.462090,5.430803,0.023755,-0.225642,-0.350200,-0.908780,-13.262118,117.629417,-16.214714,0.167093,0.050044,-0.624673,-0.761156,0.306708,130.634506,-25.084173,-0.066507,0.981549,0.015868,0.178570,1.389891,120.267036,22.952524,0.274441,0.779266,-0.018580,-0.563100,16.478121,122.299019,28.690243,-0.075228,0.000178,0.484898,-0.871329,21.302483,112.241234,9.244713,0.058725,-0.187584,0.761325,-0.617858,10.423188,129.595596,10.736693,0.051207,0.890085,0.103764,0.440863,-8.181290,83.647835,14.135094,0.083109,0.942961,-0.022199,0.321597,-8.169602,49.615440,6.096882,0.007624,0.959179,0.074058,0.272824,-15.848658,5.377314,5.576436,-0.090817,0.911502,-0.076652,0.393752,3.694629,83.851013,27.179735,-0.036175,0.905582,-0.087376,0.413495,7.373182,49.869953,34.567062,-0.044018,0.933653,0.038550,0.353367,7.070558,5.770427,43.016373,0.007624,0.959179,0.074058,0.272824,-8.760832,1.531979,-6.378659,-0.044018,0.933653,0.038550,0.353367,16.383896,1.440117,32.894207
1055,8.791667,0.013663,0.914312,-0.044105,0.402369,-2.179877,83.738708,20.583078,0.004146,0.931887,0.029225,0.361547,-1.742432,90.941101,20.079235,0.023032,0.937390,-0.022781,0.346771,-1.966571,107.617279,21.039299,0.012999,0.963596,0.060671,0.260062,-0.898206,125.693253,20.554998,0.048272,0.981427,-0.098722,0.157240,-0.100165,139.454895,20.733524,0.078120,0.887921,0.051704,0.450355,-3.914237,120.451080,18.354654,0.050991,-0.692961,0.133578,-0.706656,-13.385756,123.465851,5.474178,0.022785,-0.223629,-0.351990,-0.908611,-13.297771,117.649376,-16.175837,0.166658,0.052361,-0.626662,-0.759459,0.254063,130.728394,-24.953791,-0.066911,0.981825,0.017480,0.176740,1.437022,120.257904,22.949057,0.272468,0.778791,-0.018049,-0.564730,16.544662,122.295059,28.633633,-0.075355,-0.002364,0.483906,-0.871866,21.334980,112.324104,9.135037,0.060173,-0.190167,0.760635,-0.617778,10.415364,129.647491,10.717657,0.051288,0.890980,0.103913,0.439006,-8.141339,83.646004,14.082101,0.083101,0.942816,-0.023018,0.321966,-8.146826,49.616360,6.032247,0.007768,0.959177,0.073972,0.272850,-15.848515,5.381435,5.578403,-0.090371,0.912034,-0.077029,0.392547,3.781586,83.831413,27.084055,-0.035922,0.905558,-0.088531,0.413324,7.431225,49.848759,34.478405,-0.043984,0.933591,0.038662,0.353523,7.066362,5.765831,43.011467,0.007768,0.959177,0.073972,0.272850,-8.761601,1.532752,-6.376159,-0.043984,0.933591,0.038662,0.353523,16.382990,1.438137,32.891209
1056,8.800000,0.013779,0.915046,-0.043378,0.400773,-2.121037,83.731339,20.515013,0.004135,0.932374,0.030450,0.360186,-1.687143,90.934601,20.020679,0.023244,0.937884,-0.021764,0.345486,-1.924961,107.609131,21.019121,0.014088,0.964046,0.061176,0.258213,-0.862764,125.686386,20.570560,0.046688,0.982058,-0.097542,0.154493,-0.041977,139.446442,20.766998,0.078288,0.888516,0.052636,0.449042,-3.883306,120.448097,18.367157,0.051395,-0.693393,0.133164,-0.706280,-13.392392,123.480644,5.518577,0.021205,-0.222276,-0.353831,-0.908266,-13.326353,117.665955,-16.131994,0.165577,0.054239,-0.627434,-0.758926,0.191925,130.820770,-24.831161,-0.067100,0.982055,0.018551,0.175274,1.480369,120.246574,22.946697,0.270170,0.778313,-0.018069,-0.566490,16.603973,122.284988,28.588200,-0.075789,-0.004368,0.483072,-0.872284,21.360931,112.398125,9.038687,0.061453,-0.192753,0.758821,-0.619081,10.409121,129.692993,10.699137,0.051359,0.891932,0.104015,0.437037,-8.105055,83.647064,14.034674,0.083031,0.942502,-0.023776,0.322848,-8.129586,49.619408,5.976453,0.007668,0.959234,0.073718,0.272723,-15.846796,5.386624,5.581584,-0.090024,0.912589,-0.077228,0.391295,3.862979,83.815605,26.995352,-0.035592,0.905746,-0.089789,0.412670,7.495250,49.830727,34.388016,-0.044444,0.933574,0.038376,0.353542,7.062790,5.765825,43.010544,0.007668,0.959234,0.073718,0.272723,-8.762771,1.531894,-6.372738,-0.044444,0.933574,0.038376,0.353542,16.383360,1.435607,32.894997
1057,8.808333,0.014041,0.915797,-0.042797,0.399108,-2.069452,83.720810,20.444551,0.004457,0.932853,0.031772,0.358826,-1.636335,90.924698,19.958630,0.023357,0.938370,-0.020858,0.344212,-1.878588,107.599762,21.002653,0.014047,0.964454,0.061895,0.256515,-0.824460,125.678230,20.584839,0.045637,0.982538,-0.096462,0.152422,-0.012168,139.438568,20.797222,0.078334,0.889113,0.053211,0.447783,-3.848902,120.442879,18.379801,0.051714,-0.693924,0.132433,-0.705873,-13.394493,123.484505,5.560465,0.020253,-0.220434,-0.355497,-0.908086,-13.352780,117.684258,-16.094040,0.165266,0.056255,-0.629253,-0.757339,0.147519,130.906921,-24.707722,-0.067456,0.982286,0.020218,0.173653,1.527093,120.234909,22.944584,0.268706,0.777803,-0.017296,-0.567909,16.667553,122.276772,28.539444,-0.075651,-0.006631,0.482395,-0.872656,21.387714,112.465652,8.942902,0.063112,-0.194815,0.757102,-0.620371,10.409980,129.736755,10.679703,0.051361,0.892731,0.104099,0.435380,-8.076846,83.646324,13.985756,0.083000,0.942836,-0.024285,0.321840,-8.113814,49.619911,5.922345,0.007962,0.959214,0.073735,0.272778,-15.843482,5.388871,5.579620,-0.089930,0.913209,-0.077366,0.389841,3.937941,83.795288,26.903347,-0.035061,0.906211,-0.091137,0.411397,7.572206,49.810722,34.296463,-0.044424,0.933531,0.038299,0.353666,7.058415,5.764359,43.008793,0.007962,0.959214,0.073735,0.272778,-8.760762,1.532486,-6.374942,-0.044424,0.933531,0.038299,0.353666,16.381279,1.432057,32.896248
1058,8.816667,0.014154,0.916518,-0.042136,0.397517,-2.014393,83.713341,20.375347,0.004807,0.933261,0.033015,0.357647,-1.584416,90.917992,19.898071,0.023223,0.938772,-0.020070,0.343168,-1.829229,107.586990,20.985115,0.013844,0.964778,0.062721,0.255102,-0.789912,125.666855,20.591255,0.044851,0.982941,-0.095380,0.150723,0.009251,139.427673,20.821819,0.078564,0.889744,0.053917,0.446404,-3.815191,120.432373,18.385284,0.051825,-0.694297,0.131996,-0.705580,-13.399753,123.490128,5.598903,0.019270,-0.218634,-0.357244,-0.907857,-13.376023,117.701134,-16.058643,0.165231,0.058291,-0.631083,-0.755669,0.103398,130.994751,-24.587997,-0.067841,0.982455,0.021521,0.172387,1.571024,120.221939,22.937893,0.266693,0.777313,-0.017690,-0.569514,16.724035,122.270012,28.496384,-0.076024,-0.008220,0.481809,-0.872934,21.410673,112.523651,8.859526,0.064524,-0.196716,0.755565,-0.621499,10.409112,129.776688,10.659200,0.051547,0.893586,0.104101,0.433602,-8.044086,83.646706,13.937280,0.082829,0.942573,-0.024962,0.322604,-8.108679,49.621647,5.868296,0.007906,0.959251,0.073572,0.272696,-15.843216,5.391055,5.581625,-0.089526,0.913539,-0.077461,0.389141,4.015301,83.779976,26.813416,-0.034852,0.906304,-0.092375,0.410932,7.627049,49.791367,34.198967,-0.044291,0.933496,0.038292,0.353777,7.054699,5.764091,43.003632,0.007906,0.959251,0.073572,0.272696,-8.762410,1.530734,-6.372803,-0.044291,0.933496,0.038292,0.353777,16.378685,1.430319,32.892754
1059,8.825000,0.014416,0.917302,-0.041320,0.395781,-1.957688,83.702263,20.298031,0.004823,0.933700,0.034397,0.356369,-1.529809,90.907791,19.832245,0.023358,0.939200,-0.019156,0.342039,-1.789052,107.570114,20.962626,0.013477,0.965169,0.063151,0.253531,-0.756921,125.651047,20.600277,0.044253,0.983363,-0.094103,0.148939,0.027352,139.412613,20.837114,0.078744,0.890350,0.054681,0.445069,-3.785601,120.419670,18.391640,0.052438,-0.694801,0.130665,-0.705286,-13.407948,123.492920,5.637394,0.018858,-0.216605,-0.358640,-0.907802,-13.399977,117.727470,-16.026445,0.165076,0.060300,-0.632841,-0.754073,0.072025,131.075729,-24.472141,-0.068286,0.982620,0.022594,0.171125,1.611443,120.202553,22.931089,0.265248,0.776937,-0.017008,-0.570721,16.776594,122.260132,28.452847,-0.076021,-0.010131,0.481248,-0.873223,21.435972,112.585129,8.774257,0.066279,-0.198308,0.754249,-0.622406,10.412107,129.820328,10.641055,0.051516,0.894780,0.104175,0.431118,-8.011551,83.647041,13.882576,0.082751,0.942508,-0.025648,0.322759,-8.094313,49.622833,5.810182,0.008085,0.959239,0.073556,0.272735,-15.841964,5.394191,5.582484,-0.089321,0.914275,-0.077719,0.387405,4.096175,83.757492,26.713484,-0.034400,0.906615,-0.093727,0.409977,7.701814,49.769112,34.103100,-0.044353,0.933453,0.038310,0.353880,7.051752,5.761626,43.000793,0.008085,0.959239,0.073556,0.272735,-8.761885,1.532144,-6.371819,-0.044353,0.933453,0.038310,0.353880,16.378572,1.429059,32.892010
1060,8.833333,0.014572,0.918063,-0.040722,0.394069,-1.902600,83.695313,20.231329,0.004812,0.934138,0.035640,0.355094,-1.476919,90.901482,19.773571,0.023561,0.939627,-0.018146,0.340906,-1.749684,107.559288,20.942791,0.013266,0.965512,0.063599,0.252124,-0.723551,125.641235,20.616056,0.043468,0.983721,-0.093119,0.147418,0.050105,139.403259,20.861012,0.078738,0.890875,0.055356,0.443935,-3.755958,120.413635,18.403580,0.052436,-0.695121,0.130134,-0.705070,-13.411149,123.495781,5.676323,0.017806,-0.215004,-0.360041,-0.907649,-13.416861,117.747711,-15.992138,0.164876,0.061909,-0.634052,-0.752968,0.040902,131.156036,-24.360806,-0.068695,0.982808,0.023573,0.169745,1.651866,120.188545,22.929794,0.263977,0.776479,-0.016485,-0.571948,16.830505,122.255219,28.410955,-0.075808,-0.011865,0.480910,-0.873406,21.457186,112.642372,8.694222,0.068185,-0.200025,0.753136,-0.622999,10.419744,129.866470,10.618383,0.051661,0.895772,0.104335,0.428996,-7.980229,83.648224,13.838317,0.082576,0.942801,-0.026211,0.321902,-8.086328,49.627407,5.751924,0.008121,0.959301,0.073378,0.272564,-15.835653,5.398792,5.583980,-0.088876,0.914684,-0.077906,0.386503,4.175029,83.742401,26.624340,-0.034493,0.905488,-0.094749,0.412219,7.754640,49.750515,34.010490,-0.044522,0.933374,0.038312,0.354068,7.051941,5.760902,42.992172,0.008121,0.959301,0.073378,0.272564,-8.760549,1.531839,-6.371683,-0.044522,0.933374,0.038312,0.354068,16.384333,1.430271,32.887695
1061,8.841667,0.014808,0.918787,-0.040043,0.392438,-1.852154,83.688080,20.161295,0.004958,0.934571,0.037007,0.353813,-1.428000,90.894951,19.713131,0.023524,0.940067,-0.017277,0.339739,-1.710718,107.546303,20.926855,0.013192,0.965845,0.063979,0.250751,-0.696927,125.629440,20.627995,0.042860,0.984059,-0.092134,0.145954,0.070306,139.391678,20.880293,0.078808,0.891299,0.056351,0.442946,-3.731421,120.403610,18.414183,0.052405,-0.695245,0.129738,-0.705022,-13.414809,123.501434,5.712184,0.017379,-0.213119,-0.361495,-0.907524,-13.423681,117.766808,-15.959838,0.165377,0.063867,-0.636422,-0.750692,0.024803,131.234085,-24.251556,-0.068734,0.983023,0.024766,0.168308,1.687640,120.174385,22.926729,0.263639,0.776117,-0.013929,-0.572663,16.881905,122.237358,28.365818,-0.074999,-0.014311,0.480430,-0.873703,21.479897,112.705658,8.603037,0.070171,-0.201425,0.752036,-0.623655,10.427680,129.908829,10.597459,0.051721,0.896697,0.104329,0.427054,-7.952300,83.650879,13.789700,0.082437,0.942789,-0.026774,0.321926,-8.079844,49.630402,5.702168,0.008424,0.959281,0.073423,0.272614,-15.833661,5.402410,5.585779,-0.088642,0.915186,-0.078011,0.385346,4.247992,83.725288,26.532888,-0.034175,0.905730,-0.096063,0.411409,7.819167,49.731632,33.914982,-0.044547,0.933357,0.038258,0.354115,7.049709,5.762568,42.991333,0.008424,0.959281,0.073423,0.272614,-8.759980,1.534491,-6.370413,-0.044547,0.933357,0.038258,0.354115,16.383207,1.430851,32.888348
1062,8.850000,0.015001,0.919558,-0.039396,0.390687,-1.796370,83.682991,20.091797,0.004800,0.935012,0.038438,0.352494,-1.374152,90.890518,19.652510,0.023547,0.940504,-0.016443,0.338568,-1.676890,107.534813,20.909107,0.013197,0.966160,0.064499,0.249402,-0.672890,125.618919,20.637657,0.042339,0.984373,-0.091320,0.144492,0.089105,139.381241,20.901642,0.078739,0.891741,0.057132,0.441967,-3.710199,120.395233,18.422670,0.052364,-0.695270,0.129177,-0.705103,-13.422119,123.501625,5.744576,0.016791,-0.211419,-0.362887,-0.907377,-13.426026,117.785492,-15.932324,0.165548,0.065678,-0.638226,-0.748965,0.010398,131.309250,-24.150736,-0.068774,0.983206,0.025495,0.167110,1.720052,120.161285,22.921501,0.262674,0.775690,-0.013180,-0.573702,16.927216,122.222946,28.324913,-0.074694,-0.015944,0.480330,-0.873756,21.494585,112.748489,8.527538,0.072242,-0.202992,0.750907,-0.624271,10.440097,129.944809,10.574348,0.051802,0.897654,0.104290,0.425039,-7.920598,83.654823,13.743302,0.082313,0.943032,-0.027207,0.321209,-8.072548,49.634354,5.656164,0.008410,0.959318,0.073274,0.272524,-15.828405,5.406627,5.585847,-0.088411,0.915567,-0.078230,0.384449,4.327858,83.711159,26.440290,-0.033557,0.906898,-0.097405,0.408561,7.885667,49.717037,33.826683,-0.044800,0.933338,0.037956,0.354166,7.044808,5.767545,42.991047,0.008410,0.959318,0.073274,0.272524,-8.757186,1.534853,-6.370549,-0.044800,0.933338,0.037956,0.354166,16.380974,1.430783,32.892696
1063,8.858333,0.015293,0.920333,-0.038689,0.388918,-1.743315,83.666718,20.020802,0.004800,0.935493,0.039851,0.351058,-1.322024,90.874916,19.591745,0.023418,0.940994,-0.015689,0.337248,-1.639449,107.518539,20.893101,0.013376,0.966443,0.065182,0.248115,-0.649428,125.603745,20.644382,0.041714,0.984643,-0.090706,0.143215,0.110971,139.365814,20.925747,0.078791,0.892199,0.057974,0.440922,-3.689075,120.380959,18.430489,0.052356,-0.695260,0.128441,-0.705248,-13.430733,123.500183,5.778386,0.016321,-0.209760,-0.364210,-0.907241,-13.425528,117.806747,-15.904490,0.165785,0.067263,-0.640000,-0.747256,0.000338,131.383926,-24.053247,-0.068880,0.983358,0.026276,0.166048,1.753853,120.144669,22.913851,0.261468,0.774958,-0.013636,-0.575229,16.972048,122.206726,28.285965,-0.074954,-0.017045,0.480690,-0.873515,21.489058,112.770119,8.458978,0.073882,-0.204212,0.749997,-0.624774,10.446269,129.977295,10.552118,0.051737,0.898929,0.104430,0.422308,-7.891725,83.649574,13.695684,0.082237,0.943040,-0.027812,0.321154,-8.060000,49.630692,5.602227,0.008438,0.959322,0.073303,0.272503,-15.826735,5.404812,5.585777,-0.088179,0.916154,-0.078544,0.383036,4.405094,83.683861,26.345921,-0.033126,0.907235,-0.098626,0.407554,7.950992,49.690319,33.740704,-0.044785,0.933281,0.038152,0.354297,7.040180,5.759728,42.988647,0.008438,0.959322,0.073303,0.272503,-8.756219,1.533658,-6.371234,-0.044785,0.933281,0.038152,0.354297,16.379496,1.427896,32.891094
1064,8.866667,0.015517,0.921096,-0.038072,0.387160,-1.691392,83.654800,19.950283,0.004650,0.935982,0.041227,0.349596,-1.271387,90.863579,19.529877,0.023472,0.941495,-0.014791,0.335885,-1.607544,107.503700,20.872910,0.014370,0.966732,0.065546,0.246832,-0.626970,125.589798,20.654015,0.040734,0.984960,-0.089993,0.141761,0.155770,139.350311,20.949657,0.078806,0.892536,0.058914,0.440112,-3.670414,120.369545,18.439394,0.052204,-0.695076,0.128155,-0.705493,-13.435242,123.501991,5.808438,0.015600,-0.208340,-0.365553,-0.907041,-13.415236,117.821373,-15.877788,0.165734,0.068783,-0.641777,-0.745603,-0.005116,131.453568,-23.961456,-0.069118,0.983525,0.027240,0.164804,1.785428,120.127808,22.906742,0.260971,0.774415,-0.012684,-0.576207,17.015957,122.193733,28.242296,-0.074580,-0.018764,0.480614,-0.873554,21.494154,112.804710,8.383933,0.075476,-0.205360,0.749263,-0.625089,10.450762,130.005127,10.531220,0.051808,0.899902,0.104483,0.420210,-7.863752,83.646904,13.648516,0.082098,0.943103,-0.028366,0.320955,-8.053782,49.629311,5.550118,0.008506,0.959333,0.073270,0.272468,-15.824725,5.404183,5.586228,-0.087863,0.916700,-0.078817,0.381744,4.480968,83.662689,26.252048,-0.032894,0.907154,-0.099788,0.407471,8.009769,49.668259,33.650928,-0.044695,0.933225,0.038230,0.354447,7.037999,5.757004,42.984112,0.008506,0.959333,0.073270,0.272468,-8.755756,1.531675,-6.371261,-0.044695,0.933225,0.038230,0.354447,16.379896,1.426370,32.888432
1065,8.875000,0.015697,0.921831,-0.037390,0.385464,-1.635181,83.645576,19.879211,0.004641,0.936420,0.042687,0.348244,-1.217351,90.855026,19.468128,0.023345,0.941946,-0.014198,0.334651,-1.568754,107.486641,20.856741,0.014232,0.966977,0.066219,0.245699,-0.599988,125.573586,20.655270,0.040265,0.985176,-0.089321,0.140815,0.173063,139.334305,20.966148,0.079036,0.892898,0.060072,0.439178,-3.645942,120.353867,18.442812,0.052210,-0.694862,0.127785,-0.705770,-13.436306,123.508667,5.837210,0.014800,-0.206955,-0.366924,-0.906817,-13.398738,117.838493,-15.851726,0.165526,0.069939,-0.643471,-0.744080,-0.007686,131.525452,-23.869293,-0.069377,0.983622,0.027915,0.163997,1.821656,120.110611,22.895679,0.260545,0.773765,-0.011934,-0.577288,17.059650,122.182152,28.207680,-0.074112,-0.020283,0.480734,-0.873493,21.491884,112.834335,8.319600,0.077149,-0.206481,0.748515,-0.625411,10.456179,130.032822,10.512412,0.051970,0.900723,0.104578,0.418404,-7.830549,83.646599,13.600058,0.081979,0.943193,-0.028986,0.320664,-8.044156,49.631569,5.491472,0.008582,0.959338,0.073189,0.272472,-15.822831,5.407887,5.585870,-0.087443,0.917294,-0.078377,0.380503,4.560186,83.644554,26.158365,-0.032926,0.906140,-0.101385,0.409326,8.084230,49.640148,33.513523,-0.044852,0.933160,0.038046,0.354617,7.036758,5.757940,42.974251,0.008582,0.959338,0.073189,0.272472,-8.754683,1.532663,-6.371225,-0.044852,0.933160,0.038046,0.354617,16.383276,1.424371,32.884109
1066,8.883333,0.015719,0.922581,-0.036453,0.383756,-1.574425,83.637360,19.806061,0.004386,0.936843,0.044163,0.346924,-1.162254,90.847794,19.406813,0.023169,0.942378,-0.013340,0.333481,-1.536716,107.472244,20.838774,0.013613,0.967230,0.066438,0.244678,-0.584567,125.560333,20.663258,0.040209,0.985325,-0.088538,0.140285,0.169180,139.322128,20.974173,0.079081,0.893251,0.060916,0.438335,-3.631300,120.341362,18.450117,0.052410,-0.694478,0.126884,-0.706296,-13.445497,123.508774,5.866231,0.014420,-0.205520,-0.368341,-0.906575,-13.373751,117.858803,-15.827889,0.165431,0.071199,-0.645307,-0.742389,-0.002633,131.598221,-23.783693,-0.069792,0.983768,0.028207,0.162892,1.847447,120.096039,22.889147,0.260088,0.773129,-0.011905,-0.578346,17.095312,122.180664,28.167599,-0.073934,-0.021637,0.481040,-0.873308,21.483418,112.856308,8.258730,0.078682,-0.207647,0.747570,-0.625964,10.462209,130.057953,10.497402,0.052114,0.901694,0.104628,0.416274,-7.792959,83.646416,13.549857,0.081836,0.943231,-0.029619,0.320532,-8.033354,49.633156,5.434589,0.008745,0.959379,0.073155,0.272330,-15.818066,5.410701,5.587795,-0.087117,0.917861,-0.078829,0.379116,4.644111,83.628296,26.062262,-0.032590,0.906363,-0.102562,0.408566,8.146295,49.624870,33.432369,-0.044897,0.933173,0.037951,0.354588,7.035801,5.762240,42.976318,0.008745,0.959379,0.073155,0.272330,-8.754954,1.533527,-6.371644,-0.044897,0.933173,0.037951,0.354588,16.381868,1.426680,32.886612
1067,8.891667,0.015843,0.923288,-0.035673,0.382121,-1.517976,83.626579,19.736814,0.004122,0.937287,0.045500,0.345552,-1.109162,90.837776,19.347923,0.023161,0.942840,-0.012507,0.332205,-1.505272,107.460632,20.819353,0.012984,0.967529,0.066710,0.243452,-0.563638,125.549522,20.670898,0.040305,0.985510,-0.087742,0.139455,0.169931,139.312378,20.982929,0.078706,0.893663,0.061892,0.437426,-3.613384,120.332466,18.457375,0.052550,-0.694218,0.125683,-0.706756,-13.455430,123.502136,5.895822,0.013984,-0.204189,-0.369508,-0.906408,-13.353853,117.883827,-15.806407,0.164883,0.072628,-0.646928,-0.740961,0.001913,131.666763,-23.703367,-0.069656,0.983917,0.028509,0.161994,1.877357,120.082947,22.881327,0.259459,0.772416,-0.011622,-0.579586,17.135336,122.162796,28.132391,-0.073953,-0.022984,0.481289,-0.873134,21.473724,112.875244,8.195435,0.079957,-0.208592,0.746671,-0.626561,10.463665,130.080200,10.483672,0.052192,0.902688,0.104742,0.414076,-7.758536,83.644165,13.502596,0.081725,0.943252,-0.030258,0.320438,-8.020215,49.633144,5.378612,0.008880,0.959400,0.073126,0.272259,-15.813788,5.412489,5.589961,-0.086772,0.918377,-0.079121,0.377880,4.722585,83.608994,25.971035,-0.032227,0.906529,-0.103698,0.407937,8.204870,49.604610,33.346142,-0.044875,0.933059,0.038015,0.354884,7.029511,5.760899,42.968948,0.008880,0.959400,0.073126,0.272259,-8.753707,1.533645,-6.370728,-0.044875,0.933059,0.038015,0.354884,16.381868,1.426994,32.884361
1068,8.900000,0.016200,0.923998,-0.035078,0.380439,-1.470314,83.614120,19.668804,0.004222,0.937750,0.046744,0.344125,-1.060713,90.825760,19.289082,0.022876,0.943327,-0.011590,0.330873,-1.465797,107.447197,20.801323,0.012945,0.967804,0.066938,0.242297,-0.545073,125.537361,20.679451,0.039993,0.985700,-0.087087,0.138606,0.184458,139.300354,20.995466,0.078732,0.893986,0.062862,0.436621,-3.595094,120.320419,18.466047,0.052625,-0.693866,0.124821,-0.707249,-13.459879,123.503830,5.925825,0.013414,-0.202986,-0.370746,-0.906181,-13.326724,117.908569,-15.782189,0.164478,0.073723,-0.648418,-0.739639,0.012425,131.741257,-23.624563,-0.069830,0.984051,0.029462,0.160934,1.908292,120.070015,22.874208,0.259395,0.771659,-0.010685,-0.580639,17.176620,122.151711,28.094360,-0.073416,-0.024665,0.481487,-0.873025,21.461674,112.898979,8.129698,0.081231,-0.209879,0.745490,-0.627373,10.465300,130.100327,10.467571,0.052215,0.903475,0.104892,0.412316,-7.733299,83.642776,13.457155,0.081631,0.943362,-0.030848,0.320083,-8.007918,49.634129,5.323680,0.008921,0.959427,0.073026,0.272189,-15.810370,5.415344,5.590624,-0.086625,0.918825,-0.079313,0.376785,4.792671,83.585472,25.880453,-0.031903,0.906781,-0.104940,0.407085,8.269217,49.581417,33.259808,-0.045022,0.933093,0.038036,0.354773,7.030727,5.759117,42.971802,0.008921,0.959427,0.073026,0.272189,-8.752630,1.533587,-6.370502,-0.045022,0.933093,0.038036,0.354773,16.382122,1.427176,32.885479
1069,8.908333,0.016308,0.924703,-0.034391,0.378782,-1.415609,83.605980,19.601597,0.004134,0.938194,0.048073,0.342730,-1.009007,90.818260,19.230900,0.022548,0.943794,-0.010785,0.329587,-1.429806,107.434547,20.784182,0.012935,0.968042,0.067280,0.241249,-0.530058,125.525902,20.684645,0.039704,0.985869,-0.086439,0.137893,0.195585,139.288925,21.008078,0.078732,0.894303,0.063861,0.435827,-3.580103,120.308510,18.472342,0.053278,-0.693481,0.123407,-0.707825,-13.467442,123.505295,5.953300,0.012973,-0.201838,-0.371999,-0.905930,-13.294596,117.932304,-15.760161,0.163677,0.074447,-0.649474,-0.738817,0.023162,131.810516,-23.549938,-0.069905,0.984232,0.030573,0.159583,1.935475,120.058372,22.865253,0.259300,0.770655,-0.010583,-0.582016,17.217548,122.138428,28.045677,-0.073238,-0.026228,0.482056,-0.872680,21.433060,112.902687,8.058360,0.082222,-0.211201,0.744400,-0.628094,10.461210,130.115097,10.450372,0.052489,0.904074,0.105029,0.410931,-7.700731,83.642204,13.412388,0.081426,0.943025,-0.031610,0.321052,-8.001081,49.637585,5.262992,0.009014,0.959442,0.072867,0.272175,-15.808350,5.420065,5.592321,-0.086313,0.919216,-0.079514,0.375859,4.869513,83.569756,25.790808,-0.031571,0.906657,-0.106032,0.407103,8.328241,49.564175,33.171471,-0.045155,0.932941,0.037880,0.355171,7.022260,5.760673,42.959129,0.009014,0.959442,0.072867,0.272175,-8.752244,1.533378,-6.368171,-0.045155,0.932941,0.037880,0.355171,16.382988,1.426452,32.882446
1070,8.916667,0.016382,0.925360,-0.033463,0.377255,-1.353109,83.587143,19.536383,0.003681,0.938663,0.049067,0.341307,-0.951181,90.800301,19.177834,0.022482,0.944284,-0.009888,0.328215,-1.395395,107.423004,20.758554,0.012755,0.968275,0.067857,0.240157,-0.508724,125.515152,20.687632,0.039406,0.986013,-0.086004,0.137222,0.206916,139.278381,21.023642,0.078508,0.894671,0.064979,0.434947,-3.561426,120.299400,18.475105,0.053450,-0.693004,0.122416,-0.708451,-13.474852,123.504570,5.978857,0.012162,-0.200825,-0.373079,-0.905723,-13.261450,117.955383,-15.740339,0.162655,0.074977,-0.650681,-0.737927,0.042294,131.880814,-23.479752,-0.070095,0.984327,0.031238,0.158779,1.966930,120.045616,22.851719,0.259385,0.769720,-0.010272,-0.583219,17.256475,122.129333,28.008577,-0.072694,-0.027622,0.482457,-0.872461,21.407146,112.909081,8.000544,0.083080,-0.212587,0.743252,-0.628873,10.455647,130.125824,10.432423,0.052652,0.904889,0.105360,0.409028,-7.658561,83.631874,13.367939,0.081420,0.943277,-0.032320,0.320243,-7.976691,49.633308,5.193993,0.009204,0.959457,0.072864,0.272118,-15.803358,5.419773,5.590272,-0.086040,0.919819,-0.079856,0.374371,4.952342,83.542404,25.704824,-0.031040,0.907080,-0.107161,0.405906,8.396415,49.537338,33.094715,-0.045243,0.932895,0.038003,0.355269,7.018637,5.752450,42.955563,0.009204,0.959457,0.072864,0.272118,-8.750385,1.531722,-6.371623,-0.045243,0.932895,0.038003,0.355269,16.382582,1.422354,32.880093
1071,8.925000,0.016419,0.925995,-0.032712,0.375757,-1.294496,83.574898,19.471237,0.003311,0.939109,0.050218,0.339913,-0.896728,90.788750,19.122278,0.022299,0.944761,-0.009052,0.326876,-1.363397,107.410965,20.735785,0.012661,0.968487,0.068348,0.239167,-0.492997,125.503967,20.690029,0.039140,0.986136,-0.085545,0.136697,0.215661,139.267303,21.037037,0.078410,0.895000,0.066116,0.434115,-3.547268,120.288887,18.478113,0.053613,-0.692364,0.121485,-0.709225,-13.484724,123.506355,6.004140,0.011489,-0.199997,-0.374151,-0.905472,-13.221359,117.979012,-15.720073,0.161665,0.075566,-0.651719,-0.737168,0.059594,131.943359,-23.414417,-0.069937,0.984476,0.031854,0.157804,1.993581,120.033356,22.838793,0.258994,0.768906,-0.010170,-0.584468,17.293886,122.110176,27.966431,-0.072455,-0.028995,0.482698,-0.872303,21.388245,112.914993,7.935283,0.084087,-0.213914,0.742409,-0.629284,10.448835,130.134506,10.412343,0.052722,0.905791,0.105601,0.406954,-7.619821,83.626266,13.323233,0.081416,0.943239,-0.033035,0.320283,-7.954126,49.631779,5.133010,0.009341,0.959474,0.072759,0.272083,-15.800858,5.422375,5.589551,-0.085609,0.920420,-0.080030,0.372951,5.030829,83.523521,25.619242,-0.030803,0.907096,-0.108393,0.405561,8.454199,49.515232,33.003933,-0.045194,0.932909,0.037935,0.355245,7.015652,5.752888,42.955727,0.009341,0.959474,0.072759,0.272083,-8.750291,1.530555,-6.372532,-0.045194,0.932909,0.037935,0.355245,16.378460,1.420533,32.880177
1072,8.933333,0.016550,0.926635,-0.031878,0.374243,-1.240218,83.564400,19.402514,0.003272,0.939522,0.051476,0.338583,-0.845784,90.778976,19.064791,0.021949,0.945207,-0.008235,0.325629,-1.325679,107.398941,20.718082,0.012507,0.968701,0.068721,0.238201,-0.476935,125.493027,20.695004,0.038907,0.986259,-0.085118,0.136142,0.223943,139.256561,21.049500,0.078251,0.895273,0.067319,0.433396,-3.530779,120.277336,18.483896,0.053580,-0.691813,0.120546,-0.709924,-13.489333,123.506271,6.029725,0.010844,-0.199043,-0.374953,-0.905359,-13.181628,118.007347,-15.701115,0.160712,0.075831,-0.653400,-0.735860,0.091505,132.007217,-23.349821,-0.069983,0.984637,0.033006,0.156535,2.021771,120.022430,22.829704,0.258945,0.768106,-0.009797,-0.585546,17.334845,122.096542,27.920187,-0.071883,-0.030626,0.482782,-0.872248,21.373800,112.921608,7.868510,0.085035,-0.215408,0.740738,-0.630615,10.441364,130.139450,10.392952,0.052802,0.906406,0.105736,0.405536,-7.585503,83.624481,13.275191,0.081382,0.943140,-0.033754,0.320508,-7.933834,49.632584,5.074808,0.009300,0.959528,0.072577,0.271940,-15.798338,5.427000,5.591271,-0.085256,0.920834,-0.080193,0.371975,5.105067,83.504318,25.529839,-0.030612,0.906925,-0.109543,0.405649,8.509399,49.493629,32.912277,-0.045228,0.932828,0.037900,0.355458,7.012021,5.752733,42.949337,0.009300,0.959528,0.072577,0.271940,-8.751359,1.530671,-6.371458,-0.045228,0.932828,0.037900,0.355458,16.379599,1.420020,32.878376
1073,8.941667,0.016571,0.927195,-0.031070,0.372920,-1.188146,83.557297,19.337839,0.003219,0.939934,0.052519,0.337277,-0.798257,90.772591,19.010487,0.021686,0.945660,-0.007393,0.324349,-1.289265,107.388016,20.696423,0.012292,0.968931,0.069225,0.237129,-0.459440,125.482986,20.697950,0.038731,0.986396,-0.084768,0.135415,0.231057,139.246780,21.062931,0.078123,0.895536,0.068524,0.432685,-3.513771,120.267403,18.487295,0.053643,-0.691402,0.119272,-0.710535,-13.493021,123.508705,6.052918,0.010346,-0.198015,-0.375384,-0.905411,-13.146089,118.046104,-15.686491,0.159776,0.075627,-0.654866,-0.734780,0.129634,132.066589,-23.288900,-0.069905,0.984771,0.033467,0.155625,2.050685,120.011856,22.817810,0.258977,0.767154,-0.009555,-0.586783,17.373352,122.082413,27.880796,-0.071329,-0.032025,0.483162,-0.872033,21.346571,112.923264,7.808776,0.086121,-0.216484,0.740245,-0.630679,10.433230,130.146393,10.373127,0.052914,0.906939,0.105896,0.404286,-7.550855,83.623947,13.228677,0.081381,0.943053,-0.034480,0.320685,-7.912938,49.635239,5.015667,0.009303,0.959544,0.072380,0.271939,-15.798199,5.434093,5.592124,-0.085044,0.921268,-0.080463,0.370889,5.174564,83.490646,25.447002,-0.030275,0.906972,-0.110570,0.405289,8.566910,49.480465,32.837303,-0.045219,0.932770,0.037823,0.355619,7.008395,5.758035,42.945263,0.009303,0.959544,0.072380,0.271939,-8.751841,1.532451,-6.369242,-0.045219,0.932770,0.037823,0.355619,16.379135,1.423392,32.878071
1074,8.950000,0.016659,0.927772,-0.030219,0.371550,-1.137067,83.548141,19.272846,0.003039,0.940364,0.053530,0.335917,-0.751054,90.764153,18.956802,0.021565,0.946130,-0.006442,0.323005,-1.256720,107.379219,20.673450,0.011958,0.969175,0.069442,0.236080,-0.442166,125.474861,20.704992,0.038527,0.986511,-0.084359,0.134890,0.236708,139.239166,21.072012,0.077999,0.895777,0.069696,0.432021,-3.498287,120.260635,18.493597,0.054084,-0.691221,0.117378,-0.710993,-13.496849,123.513916,6.077879,0.010765,-0.196754,-0.375389,-0.905679,-13.118627,118.095993,-15.672189,0.159377,0.075804,-0.656261,-0.733603,0.174236,132.114395,-23.233997,-0.069815,0.984912,0.033898,0.154679,2.078515,120.002075,22.808020,0.258951,0.766159,-0.009623,-0.588092,17.411150,122.068939,27.842257,-0.070861,-0.033238,0.483612,-0.871776,21.315998,112.919914,7.752219,0.087081,-0.217479,0.740411,-0.630009,10.422604,130.153076,10.352021,0.052989,0.907418,0.106064,0.403157,-7.517718,83.622726,13.182518,0.081381,0.943053,-0.035172,0.320610,-7.890013,49.637062,4.957368,0.009384,0.959570,0.072282,0.271870,-15.794985,5.440250,5.592929,-0.084763,0.921632,-0.080437,0.370055,5.243584,83.473557,25.363174,-0.030122,0.906690,-0.111808,0.405591,8.625355,49.459736,32.741577,-0.045274,0.932742,0.037699,0.355698,7.005553,5.761206,42.942822,0.009384,0.959570,0.072282,0.271870,-8.751323,1.535452,-6.368996,-0.045274,0.932742,0.037699,0.355698,16.378185,1.424032,32.878483
1075,8.958333,0.016723,0.928306,-0.029494,0.370269,-1.087143,83.539459,19.211451,0.002791,0.940742,0.054563,0.334694,-0.704577,90.756073,18.904940,0.021452,0.946543,-0.005575,0.321815,-1.227477,107.370590,20.652140,0.011724,0.969385,0.069838,0.235114,-0.426879,125.466789,20.711071,0.038322,0.986619,-0.084134,0.134298,0.241954,139.231384,21.085764,0.077792,0.896016,0.070901,0.431366,-3.484439,120.253777,18.498798,0.053778,-0.690635,0.116422,-0.711742,-13.502446,123.517075,6.101397,0.011186,-0.195488,-0.375481,-0.905910,-13.077911,118.136642,-15.657118,0.159933,0.076116,-0.657841,-0.732034,0.230572,132.157028,-23.178640,-0.070048,0.985089,0.034698,0.153263,2.103262,119.992569,22.798937,0.259116,0.765155,-0.009820,-0.589322,17.449018,122.064880,27.790779,-0.070253,-0.034742,0.483961,-0.871573,21.285091,112.916100,7.687381,0.088141,-0.218492,0.739974,-0.630025,10.409076,130.155258,10.329865,0.052881,0.908226,0.106337,0.401274,-7.484517,83.620674,13.138780,0.081472,0.942972,-0.035892,0.320745,-7.859214,49.638279,4.900257,0.009723,0.959564,0.072151,0.271912,-15.792486,5.447397,5.592976,-0.084704,0.921857,-0.080729,0.369443,5.310232,83.458252,25.284121,-0.029382,0.907987,-0.112912,0.402426,8.685441,49.447041,32.677525,-0.045328,0.932751,0.037521,0.355688,7.000689,5.766839,42.946526,0.009723,0.959564,0.072151,0.271912,-8.751274,1.536679,-6.368452,-0.045328,0.932751,0.037521,0.355688,16.373163,1.425689,32.883759
1076,8.966667,0.016742,0.928756,-0.028717,0.369197,-1.035814,83.529114,19.152779,0.002797,0.941091,0.055372,0.333577,-0.657490,90.746368,18.856369,0.021250,0.946932,-0.004589,0.320698,-1.187332,107.363831,20.630257,0.011278,0.969605,0.070082,0.234153,-0.405032,125.460693,20.719715,0.038060,0.986729,-0.083884,0.133722,0.249125,139.225937,21.096655,0.077495,0.896310,0.072099,0.430609,-3.462415,120.248535,18.505224,0.053318,-0.690245,0.115388,-0.712324,-13.503148,123.518959,6.128099,0.012134,-0.193906,-0.375345,-0.906294,-13.043690,118.183662,-15.640821,0.161565,0.076446,-0.659598,-0.730057,0.292960,132.196228,-23.119726,-0.069846,0.985238,0.035793,0.152137,2.135531,119.985344,22.791897,0.259060,0.764160,-0.009730,-0.590638,17.493401,122.047356,27.750645,-0.069541,-0.036108,0.484107,-0.871493,21.261145,112.913849,7.627384,0.089174,-0.219435,0.739359,-0.630274,10.395186,130.153412,10.304867,0.052957,0.908785,0.106546,0.399941,-7.447159,83.616402,13.094941,0.081504,0.942872,-0.036610,0.320950,-7.832817,49.637680,4.841775,0.009848,0.959578,0.072056,0.271886,-15.789345,5.451930,5.592519,-0.084507,0.922462,-0.080864,0.367945,5.375531,83.441833,25.210615,-0.028886,0.908270,-0.113968,0.401525,8.746585,49.429806,32.602169,-0.045268,0.932683,0.037443,0.355880,6.993175,5.768517,42.939880,0.009848,0.959578,0.072056,0.271886,-8.750186,1.537802,-6.369005,-0.045268,0.932683,0.037443,0.355880,16.368999,1.424913,32.881287
1077,8.975000,0.016771,0.929245,-0.028069,0.368015,-0.985434,83.518616,19.093513,0.002628,0.941463,0.056312,0.332369,-0.610546,90.736389,18.805466,0.021139,0.947346,-0.003700,0.319493,-1.153959,107.352791,20.607925,0.010749,0.969834,0.070342,0.233149,-0.385638,125.450096,20.725601,0.037851,0.986838,-0.083545,0.133183,0.251453,139.216080,21.104670,0.077399,0.896608,0.073214,0.429818,-3.444484,120.239212,18.510101,0.052728,-0.689536,0.114820,-0.713146,-13.507854,123.521332,6.154468,0.013160,-0.192375,-0.375382,-0.906591,-12.998655,118.219910,-15.621623,0.163588,0.076974,-0.661163,-0.728133,0.360027,132.229614,-23.060604,-0.070009,0.985388,0.036266,0.150978,2.164418,119.973312,22.782265,0.259165,0.763186,-0.010016,-0.591845,17.532984,122.039940,27.705837,-0.068866,-0.037346,0.484443,-0.871308,21.234331,112.906013,7.570444,0.090184,-0.220428,0.738604,-0.630668,10.385943,130.150665,10.279411,0.052920,0.909353,0.106827,0.398578,-7.412143,83.611313,13.052056,0.081600,0.942931,-0.037318,0.320673,-7.799864,49.636501,4.782917,0.009830,0.959646,0.071775,0.271721,-15.784471,5.456862,5.593098,-0.084232,0.922860,-0.081046,0.366969,5.441275,83.425919,25.134972,-0.028492,0.908461,-0.114939,0.400844,8.797780,49.412708,32.527672,-0.045278,0.932576,0.037381,0.356166,6.984739,5.769342,42.930561,0.009830,0.959646,0.071775,0.271721,-8.749933,1.535451,-6.368762,-0.045278,0.932576,0.037381,0.356166,16.366579,1.424479,32.878120
1078,8.983333,0.016810,0.929655,-0.027512,0.367019,-0.937901,83.509377,19.039854,0.002447,0.941826,0.057168,0.331195,-0.565757,90.727577,18.759100,0.020878,0.947763,-0.002990,0.318277,-1.122106,107.340576,20.587057,0.010405,0.970025,0.070697,0.232260,-0.370794,125.438454,20.725138,0.037600,0.986931,-0.083169,0.132805,0.253730,139.204849,21.110268,0.077407,0.896875,0.074525,0.429033,-3.430281,120.227371,18.510986,0.052489,-0.689035,0.113727,-0.713822,-13.515538,123.526825,6.177841,0.014327,-0.190752,-0.375115,-0.907026,-12.964183,118.265427,-15.606931,0.165312,0.077510,-0.662119,-0.726817,0.423869,132.258652,-23.003746,-0.070130,0.985514,0.037022,0.149913,2.189721,119.961586,22.768543,0.258891,0.762378,-0.010430,-0.592998,17.568155,122.029938,27.660475,-0.068596,-0.038414,0.484619,-0.871185,21.214617,112.903282,7.511783,0.090889,-0.221351,0.737854,-0.631122,10.376540,130.149216,10.253915,0.053049,0.909785,0.107021,0.397521,-7.377503,83.606926,13.012218,0.081571,0.942874,-0.037979,0.320770,-7.777537,49.635986,4.727784,0.010089,0.959672,0.071749,0.271624,-15.778584,5.460382,5.593858,-0.083941,0.923197,-0.081032,0.366189,5.501700,83.411819,25.067490,-0.028274,0.908355,-0.115939,0.400811,8.846202,49.395031,32.449188,-0.045298,0.932507,0.037244,0.356360,6.979395,5.771297,42.924660,0.010089,0.959672,0.071749,0.271624,-8.748844,1.536540,-6.370026,-0.045298,0.932507,0.037244,0.356360,16.365219,1.423322,32.877285
1079,8.991667,0.016809,0.930128,-0.026726,0.365875,-0.885207,83.497444,18.976137,0.002157,0.942168,0.058513,0.329985,-0.517567,90.716263,18.705484,0.020620,0.948176,-0.002553,0.317067,-1.095478,107.321617,20.572893,0.010417,0.970213,0.071074,0.231357,-0.357861,125.419975,20.722052,0.037101,0.987054,-0.082824,0.132245,0.263480,139.186249,21.116077,0.077718,0.897117,0.075628,0.428278,-3.418916,120.208099,18.511940,0.051966,-0.688485,0.112827,-0.714534,-13.523665,123.530769,6.201008,0.015172,-0.189250,-0.374741,-0.907482,-12.929191,118.312073,-15.592887,0.166759,0.077796,-0.663101,-0.725559,0.490171,132.288345,-22.947485,-0.070247,0.985644,0.037437,0.148896,2.212083,119.943634,22.755016,0.258489,0.761513,-0.011007,-0.594273,17.599869,122.015228,27.616045,-0.068640,-0.039340,0.485084,-0.870881,21.187759,112.896347,7.453325,0.091795,-0.221870,0.737081,-0.631711,10.369539,130.152863,10.230770,0.053117,0.910151,0.106995,0.396682,-7.339600,83.600761,12.964444,0.081642,0.942941,-0.038530,0.320488,-7.752313,49.629925,4.680192,0.010441,0.959656,0.071869,0.271636,-15.774780,5.459154,5.593194,-0.083739,0.923490,-0.081334,0.365429,5.569186,83.394135,24.987831,-0.028015,0.908149,-0.116865,0.401028,8.898928,49.378410,32.381077,-0.045257,0.932452,0.037200,0.356511,6.974917,5.772722,42.921108,0.010441,0.959656,0.071869,0.271636,-8.747641,1.536065,-6.372456,-0.045257,0.932452,0.037200,0.356511,16.363478,1.423324,32.876919
1080,9.000000,0.016683,0.930507,-0.025994,0.364970,-0.830466,83.492500,18.917843,0.001885,0.942454,0.059495,0.328994,-0.468650,90.711937,18.656015,0.020394,0.948515,-0.001786,0.316070,-1.063983,107.313416,20.551884,0.010052,0.970400,0.071366,0.230499,-0.342740,125.412224,20.724033,0.036763,0.987168,-0.082483,0.131700,0.265938,139.178940,21.122368,0.077740,0.897411,0.076756,0.427456,-3.403573,120.200516,18.513216,0.051262,-0.687847,0.112400,-0.715266,-13.531121,123.538231,6.225105,0.015280,-0.188216,-0.374209,-0.907915,-12.892963,118.352684,-15.575478,0.167010,0.077954,-0.663594,-0.725034,0.556336,132.312561,-22.894407,-0.070375,0.985778,0.038432,0.147691,2.236466,119.935516,22.744242,0.258926,0.760679,-0.010340,-0.595162,17.635300,122.008224,27.569708,-0.068025,-0.040779,0.485300,-0.870743,21.165621,112.901451,7.391357,0.092623,-0.222252,0.736419,-0.632227,10.362402,130.157257,10.208005,0.053196,0.910743,0.107129,0.395273,-7.296596,83.598999,12.918827,0.081653,0.942602,-0.039318,0.321384,-7.723441,49.630753,4.624664,0.010530,0.959695,0.071708,0.271537,-15.770233,5.465656,5.596306,-0.083549,0.923722,-0.081505,0.364848,5.635664,83.386002,24.916861,-0.027698,0.907993,-0.117777,0.401137,8.953454,49.370003,32.314217,-0.045220,0.932382,0.036990,0.356723,6.969211,5.781955,42.915882,0.010530,0.959695,0.071708,0.271537,-8.746763,1.537702,-6.369910,-0.045220,0.932382,0.036990,0.356723,16.361422,1.426990,32.877506
1081,9.008333,0.016801,0.930892,-0.025334,0.364028,-0.783240,83.484573,18.861677,0.001780,0.942784,0.060256,0.327910,-0.423564,90.704437,18.608988,0.020297,0.948892,-0.000905,0.314945,-1.028313,107.301476,20.528130,0.009675,0.970616,0.071533,0.229552,-0.320230,125.400505,20.728594,0.036191,0.987296,-0.082107,0.131134,0.276118,139.167755,21.127714,0.077844,0.897709,0.077742,0.426631,-3.382316,120.190170,18.516298,0.050367,-0.687338,0.112176,-0.715853,-13.532238,123.543320,6.250879,0.014906,-0.187484,-0.373490,-0.908368,-12.860494,118.390747,-15.556504,0.166477,0.077991,-0.664032,-0.724752,0.622848,132.334412,-22.845402,-0.070599,0.985861,0.039038,0.146869,2.267794,119.922409,22.733688,0.258953,0.759808,-0.010316,-0.596263,17.673477,122.000626,27.534849,-0.067612,-0.041719,0.485561,-0.870585,21.144400,112.903191,7.341993,0.093403,-0.222367,0.735559,-0.633073,10.355877,130.161530,10.184214,0.053203,0.911116,0.107196,0.394394,-7.261414,83.597794,12.875795,0.081734,0.942534,-0.039914,0.321492,-7.694818,49.630608,4.577658,0.010723,0.959718,0.071599,0.271479,-15.765505,5.470929,5.596396,-0.083392,0.923785,-0.081542,0.364717,5.694934,83.371346,24.847559,-0.027439,0.907978,-0.118711,0.400911,9.002744,49.353939,32.242912,-0.045229,0.932334,0.036930,0.356852,6.966097,5.784446,42.910713,0.010723,0.959718,0.071599,0.271479,-8.745543,1.538751,-6.370483,-0.045229,0.932334,0.036930,0.356852,16.360983,1.428141,32.875435
1082,9.016667,0.016787,0.931251,-0.024698,0.363152,-0.736315,83.476852,18.805490,0.001593,0.943069,0.060973,0.326957,-0.380416,90.697189,18.560949,0.020211,0.949216,-0.000059,0.313975,-0.996765,107.285820,20.500500,0.009254,0.970813,0.071745,0.228666,-0.301084,125.385010,20.728369,0.035666,0.987433,-0.081636,0.130537,0.281581,139.152786,21.129299,0.077983,0.898092,0.078580,0.425647,-3.363927,120.176025,18.513935,0.049374,-0.686636,0.112085,-0.716610,-13.540456,123.543320,6.274456,0.014249,-0.186935,-0.372788,-0.908780,-12.824533,118.422020,-15.538895,0.165348,0.077976,-0.664618,-0.724474,0.689448,132.351471,-22.799936,-0.070862,0.985938,0.039658,0.146054,2.294843,119.905563,22.719530,0.258567,0.759029,-0.010850,-0.597411,17.707088,121.990479,27.496677,-0.067462,-0.042452,0.485897,-0.870374,21.125500,112.900375,7.291554,0.094423,-0.222643,0.735003,-0.633470,10.350891,130.168045,10.158118,0.053236,0.911469,0.107263,0.393553,-7.225738,83.594406,12.831886,0.081783,0.942500,-0.040508,0.321502,-7.666989,49.628479,4.528990,0.010964,0.959749,0.071515,0.271382,-15.758792,5.473816,5.596409,-0.083190,0.923934,-0.081560,0.364381,5.753108,83.359299,24.779095,-0.027216,0.907861,-0.119661,0.400911,9.050155,49.339737,32.169342,-0.045383,0.932276,0.036708,0.357006,6.960859,5.789474,42.905258,0.010964,0.959749,0.071515,0.271382,-8.743622,1.537773,-6.372019,-0.045383,0.932276,0.036708,0.357006,16.359898,1.429269,32.875553
1083,9.025000,0.016764,0.931575,-0.024122,0.362359,-0.685439,83.470688,18.752987,0.001135,0.943319,0.062062,0.326031,-0.333072,90.691444,18.515787,0.020202,0.949534,0.000361,0.313011,-0.973881,107.277451,20.485380,0.009021,0.970988,0.071976,0.227859,-0.283047,125.376656,20.726896,0.035039,0.987561,-0.081209,0.130005,0.290962,139.144684,21.131475,0.078073,0.898401,0.079127,0.424875,-3.348813,120.168602,18.514303,0.048380,-0.686100,0.111984,-0.717207,-13.546227,123.544899,6.294706,0.013491,-0.186318,-0.371901,-0.909282,-12.796257,118.455650,-15.524989,0.164095,0.077835,-0.665141,-0.724294,0.754166,132.365158,-22.754181,-0.070938,0.986028,0.040267,0.145239,2.318486,119.896317,22.708275,0.258047,0.758284,-0.011584,-0.598568,17.738100,121.982048,27.461210,-0.067400,-0.043032,0.486242,-0.870158,21.106564,112.898041,7.244970,0.095342,-0.223042,0.734282,-0.634028,10.347692,130.172363,10.131640,0.053326,0.911799,0.107308,0.392765,-7.185022,83.591995,12.790516,0.081866,0.942525,-0.041078,0.321337,-7.637914,49.627407,4.482793,0.011049,0.959809,0.071324,0.271214,-15.752782,5.478149,5.597364,-0.083015,0.924087,-0.081753,0.363990,5.814143,83.349380,24.715456,-0.026846,0.907937,-0.120434,0.400532,9.098144,49.329998,32.112320,-0.045328,0.932209,0.036464,0.357215,6.955090,5.794615,42.897858,0.011049,0.959809,0.071324,0.271214,-8.743009,1.536504,-6.372376,-0.045328,0.932209,0.036464,0.357215,16.357443,1.427782,32.874146
1084,9.033333,0.016741,0.931878,-0.023546,0.361620,-0.635767,83.462921,18.698681,0.000994,0.943589,0.062871,0.325095,-0.286899,90.684082,18.468834,0.019830,0.949862,0.001117,0.312037,-0.938826,107.262695,20.462442,0.008762,0.971179,0.072166,0.226995,-0.269076,125.362396,20.725060,0.034548,0.987698,-0.080728,0.129389,0.295740,139.130737,21.131950,0.078425,0.898681,0.079958,0.424063,-3.333110,120.153442,18.512203,0.047247,-0.685612,0.112095,-0.717731,-13.551180,123.550125,6.315532,0.012827,-0.185699,-0.370852,-0.909846,-12.772364,118.490540,-15.510060,0.162978,0.077828,-0.665832,-0.723912,0.821310,132.376144,-22.710255,-0.071165,0.986109,0.040839,0.144420,2.342997,119.882729,22.694353,0.257993,0.757521,-0.011782,-0.599553,17.769281,121.974335,27.423010,-0.067043,-0.043921,0.486542,-0.869973,21.086084,112.895134,7.196060,0.096180,-0.223532,0.733667,-0.634441,10.342791,130.174072,10.107804,0.053362,0.912108,0.107360,0.392027,-7.144808,83.587929,12.746612,0.082048,0.942817,-0.041585,0.320367,-7.605264,49.624382,4.435030,0.011359,0.959807,0.071250,0.271228,-15.748686,5.481562,5.595469,-0.082852,0.924383,-0.081914,0.363237,5.873274,83.337906,24.650749,-0.026548,0.907753,-0.121242,0.400724,9.148670,49.318474,32.051216,-0.045291,0.932146,0.036236,0.357406,6.949688,5.799198,42.890404,0.011359,0.959807,0.071250,0.271228,-8.741643,1.535778,-6.374509,-0.045291,0.932146,0.036236,0.357406,16.355177,1.426327,32.872269
1085,9.041667,0.016786,0.932198,-0.022921,0.360831,-0.588193,83.452629,18.646257,0.000876,0.943839,0.063573,0.324230,-0.242182,90.674194,18.424780,0.019685,0.950153,0.001813,0.311157,-0.903722,107.252205,20.440042,0.009666,0.971347,0.072420,0.226155,-0.246561,125.352036,20.724340,0.033186,0.987913,-0.080402,0.128305,0.339898,139.119141,21.142487,0.078488,0.898962,0.080801,0.423295,-3.310868,120.143661,18.510489,0.046036,-0.685183,0.112384,-0.718174,-13.549797,123.552513,6.334729,0.012195,-0.185114,-0.369966,-0.910335,-12.747519,118.519485,-15.496147,0.162249,0.078014,-0.666367,-0.723564,0.883114,132.385117,-22.668318,-0.071342,0.986180,0.041140,0.143758,2.373059,119.871773,22.681925,0.258398,0.756748,-0.011321,-0.600362,17.804733,121.968689,27.390587,-0.066221,-0.045028,0.486814,-0.869827,21.068596,112.896660,7.151829,0.097249,-0.224000,0.733039,-0.634839,10.341393,130.179047,10.086872,0.053329,0.912482,0.107516,0.391117,-7.107259,83.582779,12.705283,0.082177,0.942686,-0.042266,0.320631,-7.569563,49.621342,4.385179,0.011259,0.959875,0.071035,0.271048,-15.743558,5.485549,5.597064,-0.082751,0.924526,-0.082019,0.362873,5.930873,83.322487,24.587233,-0.026266,0.907571,-0.122069,0.400905,9.199990,49.303074,31.990593,-0.045172,0.932108,0.036214,0.357523,6.945870,5.800524,42.885433,0.011259,0.959875,0.071035,0.271048,-8.740585,1.534835,-6.373668,-0.045172,0.932108,0.036214,0.357523,16.352705,1.425945,32.869312
1086,9.050000,0.016689,0.932499,-0.022335,0.360095,-0.540146,83.448868,18.594734,0.000584,0.944089,0.064377,0.323344,-0.198668,90.670860,18.380369,0.019677,0.950456,0.002495,0.310227,-0.876164,107.243958,20.418171,0.007826,0.971546,0.072587,0.225318,-0.226669,125.343689,20.725224,0.033376,0.987961,-0.079833,0.128243,0.308404,139.113129,21.135372,0.078473,0.899230,0.081482,0.422597,-3.292875,120.136856,18.510372,0.044836,-0.684723,0.112640,-0.718649,-13.551085,123.553482,6.353031,0.011800,-0.184554,-0.369081,-0.910813,-12.723134,118.547615,-15.483135,0.161924,0.078178,-0.666727,-0.723287,0.943758,132.391022,-22.631618,-0.071315,0.986269,0.041841,0.142956,2.399206,119.862030,22.670481,0.258441,0.756046,-0.011075,-0.601232,17.838482,121.956108,27.355423,-0.065825,-0.046005,0.487141,-0.869623,21.054472,112.896965,7.103226,0.098265,-0.224398,0.732284,-0.635413,10.344009,130.185028,10.065782,0.053340,0.912807,0.107574,0.390341,-7.068641,83.581528,12.664177,0.082292,0.942605,-0.042865,0.320759,-7.537156,49.621033,4.340568,0.011519,0.959909,0.070941,0.270941,-15.738043,5.491525,5.598593,-0.082613,0.924704,-0.082265,0.362394,5.988348,83.316216,24.525291,-0.025989,0.907432,-0.122784,0.401017,9.246055,49.298042,31.939352,-0.045164,0.932053,0.035917,0.357697,6.942105,5.809909,42.881226,0.011519,0.959909,0.070941,0.270941,-8.740329,1.536561,-6.373809,-0.045164,0.932053,0.035917,0.357697,16.351816,1.427843,32.871078
1087,9.058333,0.016836,0.932824,-0.021608,0.359289,-0.490256,83.439026,18.543550,0.000186,0.944323,0.065038,0.322529,-0.150741,90.661400,18.339464,0.019536,0.950720,0.003148,0.309418,-0.846402,107.237015,20.394993,0.009072,0.971696,0.072801,0.224552,-0.208808,125.336823,20.722414,0.031888,0.988183,-0.079484,0.127124,0.357430,139.104645,21.144951,0.078520,0.899528,0.082145,0.421825,-3.275150,120.130516,18.506531,0.043735,-0.684184,0.112949,-0.719181,-13.554343,123.556343,6.369515,0.011606,-0.183967,-0.368296,-0.911252,-12.696427,118.572662,-15.470573,0.162035,0.078170,-0.667017,-0.722995,1.004024,132.395523,-22.597254,-0.071417,0.986354,0.042092,0.142244,2.424083,119.854668,22.656771,0.258173,0.755462,-0.011594,-0.602071,17.869499,121.951996,27.319992,-0.065694,-0.046757,0.487504,-0.869389,21.046457,112.894249,7.060999,0.099372,-0.224854,0.731343,-0.636163,10.351366,130.192093,10.048903,0.053387,0.913117,0.107594,0.389603,-7.028891,83.579132,12.624344,0.082445,0.942731,-0.043357,0.320282,-7.506548,49.619297,4.298593,0.011731,0.959928,0.070842,0.270890,-15.733573,5.495852,5.597933,-0.082455,0.924842,-0.082470,0.362033,6.048379,83.298912,24.462757,-0.025731,0.907295,-0.123551,0.401110,9.293563,49.281277,31.884775,-0.045209,0.932015,0.035943,0.357789,6.939616,5.808928,42.878605,0.011731,0.959928,0.070842,0.270890,-8.739334,1.536803,-6.375158,-0.045209,0.932015,0.035943,0.357789,16.351759,1.428056,32.870216
1088,9.066667,0.016738,0.933102,-0.021021,0.358606,-0.440762,83.435654,18.496746,-0.000080,0.944515,0.065881,0.321792,-0.105770,90.658447,18.299824,0.019394,0.950962,0.003594,0.308679,-0.817441,107.233765,20.379971,0.007063,0.971862,0.073240,0.223764,-0.189474,125.333656,20.720680,0.032340,0.988218,-0.079127,0.126961,0.319232,139.103760,21.141703,0.078285,0.899811,0.082707,0.421155,-3.256304,120.127365,18.505405,0.042750,-0.683646,0.113325,-0.719693,-13.555076,123.552933,6.384923,0.011535,-0.183529,-0.367804,-0.911539,-12.667960,118.585793,-15.457765,0.162447,0.078292,-0.667202,-0.722720,1.056305,132.397324,-22.569859,-0.071532,0.986435,0.042553,0.141484,2.449454,119.851456,22.646667,0.258164,0.754816,-0.011961,-0.602877,17.901354,121.951591,27.287085,-0.065391,-0.047497,0.487895,-0.869153,21.034966,112.891266,7.022494,0.100367,-0.225181,0.730643,-0.636695,10.358129,130.197388,10.031450,0.053435,0.913520,0.107685,0.388625,-6.988106,83.578201,12.587233,0.082558,0.942462,-0.043997,0.320958,-7.475246,49.620098,4.254974,0.012010,0.959941,0.070714,0.270865,-15.730992,5.503363,5.599170,-0.082135,0.924974,-0.082337,0.361798,6.106583,83.293106,24.406260,-0.025636,0.907083,-0.124470,0.401311,9.336551,49.270256,31.810974,-0.045093,0.932000,0.035659,0.357871,6.938945,5.817938,42.874355,0.012010,0.959941,0.070714,0.270865,-8.740294,1.538952,-6.374213,-0.045093,0.932000,0.035659,0.357871,16.351032,1.428700,32.869583
1089,9.075000,0.016770,0.933347,-0.020615,0.357991,-0.400664,83.429077,18.455549,-0.000268,0.944720,0.066516,0.321062,-0.067469,90.652100,18.264053,0.019173,0.951209,0.004059,0.307926,-0.790169,107.221962,20.362339,0.006705,0.972027,0.073491,0.222974,-0.174760,125.322029,20.716105,0.031901,0.988350,-0.078764,0.126264,0.321851,139.092468,21.140673,0.078311,0.900073,0.083059,0.420520,-3.241288,120.115242,18.501598,0.042057,-0.683083,0.113480,-0.720244,-13.557299,123.545364,6.397081,0.011766,-0.183129,-0.367542,-0.911723,-12.637263,118.592712,-15.447527,0.163138,0.078495,-0.667337,-0.722417,1.103577,132.398087,-22.550594,-0.071725,0.986498,0.042802,0.140875,2.471145,119.840263,22.633705,0.258149,0.754237,-0.012273,-0.603602,17.927738,121.946442,27.255703,-0.065338,-0.048024,0.488368,-0.868862,21.022453,112.884537,6.985855,0.101025,-0.225328,0.729830,-0.637472,10.365431,130.202454,10.013604,0.053513,0.913740,0.107875,0.388043,-6.955758,83.575020,12.554720,0.082610,0.942480,-0.044555,0.320814,-7.447913,49.620361,4.208705,0.012319,0.959969,0.070617,0.270777,-15.723694,5.508831,5.599717,-0.082195,0.925338,-0.082562,0.360802,6.154429,83.283134,24.356380,-0.025139,0.907207,-0.125082,0.400872,9.390400,49.263557,31.773525,-0.045028,0.931975,0.035523,0.357958,6.935499,5.822670,42.869167,0.012319,0.959969,0.070617,0.270777,-8.738257,1.539747,-6.375184,-0.045028,0.931975,0.035523,0.357958,16.348480,1.429364,32.867027
1090,9.083333,0.016794,0.933599,-0.020166,0.357358,-0.360595,83.422768,18.412764,-0.000381,0.944948,0.067050,0.320276,-0.029526,90.646042,18.227228,0.018893,0.951476,0.004605,0.307107,-0.759458,107.206192,20.340755,0.008049,0.972144,0.073852,0.222302,-0.159448,125.306488,20.709709,0.030294,0.988541,-0.078576,0.125281,0.370192,139.075165,21.151281,0.078412,0.900277,0.083612,0.419955,-3.225134,120.098961,18.495747,0.041534,-0.682600,0.113630,-0.720708,-13.556096,123.538589,6.406685,0.012033,-0.182913,-0.367307,-0.911857,-12.608019,118.595673,-15.438932,0.163835,0.078646,-0.667002,-0.722552,1.144446,132.393478,-22.539429,-0.071573,0.986607,0.042434,0.140296,2.494558,119.825340,22.617893,0.257891,0.753726,-0.012364,-0.604348,17.957163,121.929382,27.220737,-0.065620,-0.048640,0.488740,-0.868597,21.017467,112.879204,6.940427,0.101475,-0.225416,0.728729,-0.638626,10.376193,130.205505,9.996787,0.053477,0.914083,0.107987,0.387211,-6.923660,83.572235,12.520888,0.082757,0.942401,-0.045081,0.320935,-7.418057,49.618999,4.169218,0.012505,0.959984,0.070447,0.270761,-15.721279,5.513874,5.599361,-0.082035,0.925613,-0.082606,0.360122,6.202469,83.273300,24.304640,-0.024870,0.907198,-0.125812,0.400680,9.432511,49.252396,31.718271,-0.045041,0.931921,0.035329,0.358114,6.931610,5.826754,42.863201,0.012505,0.959984,0.070447,0.270761,-8.738454,1.538956,-6.375131,-0.045041,0.931921,0.035329,0.358114,16.347551,1.428780,32.865894
1091,9.091667,0.016884,0.933862,-0.019614,0.356695,-0.318966,83.413406,18.367689,-0.000557,0.945122,0.067790,0.319607,0.010340,90.636955,18.189833,0.018781,0.951690,0.004979,0.306445,-0.731922,107.201996,20.326311,0.007663,0.972302,0.074056,0.221554,-0.139681,125.302299,20.706459,0.029788,0.988673,-0.078215,0.124582,0.377474,139.071381,21.150221,0.078188,0.900480,0.084115,0.419460,-3.206029,120.094856,18.493258,0.041368,-0.682220,0.113553,-0.721089,-13.551646,123.533951,6.416575,0.012591,-0.182761,-0.367066,-0.911977,-12.579555,118.597343,-15.429418,0.164646,0.078717,-0.666474,-0.722847,1.184626,132.385757,-22.534508,-0.071696,0.986709,0.043111,0.139309,2.519455,119.821106,22.607349,0.257965,0.753041,-0.012778,-0.605161,17.990463,121.927643,27.180729,-0.065767,-0.049350,0.489359,-0.868198,21.004972,112.871193,6.896345,0.102000,-0.225494,0.727805,-0.639569,10.389710,130.212189,9.982406,0.053502,0.914406,0.108078,0.386418,-6.890336,83.568153,12.485209,0.082839,0.942342,-0.045619,0.321010,-7.391000,49.616478,4.127561,0.012729,0.960005,0.070358,0.270701,-15.716579,5.516961,5.600058,-0.081918,0.925810,-0.082839,0.359588,6.252404,83.258667,24.250168,-0.024545,0.907137,-0.126411,0.400650,9.473213,49.239120,31.674019,-0.045052,0.931828,0.035228,0.358366,6.924479,5.825609,42.855339,0.012729,0.960005,0.070358,0.270701,-8.737538,1.538146,-6.375349,-0.045052,0.931828,0.035228,0.358366,16.345613,1.425378,32.863914
1092,9.100000,0.016826,0.934064,-0.019293,0.356186,-0.281307,83.411041,18.330101,-0.000654,0.945279,0.068363,0.319020,0.045476,90.634796,18.156103,0.018581,0.951884,0.005344,0.305849,-0.704402,107.192398,20.309401,0.007306,0.972437,0.074450,0.220840,-0.122846,125.292847,20.699554,0.029312,0.988804,-0.077903,0.123847,0.381497,139.062149,21.150837,0.078052,0.900638,0.084734,0.419023,-3.188720,120.084808,18.487059,0.041221,-0.681801,0.113518,-0.721500,-13.546965,123.527550,6.422252,0.013178,-0.182635,-0.366927,-0.912050,-12.548886,118.595268,-15.423542,0.165603,0.078776,-0.665878,-0.723171,1.222897,132.376663,-22.534081,-0.072026,0.986771,0.043159,0.138681,2.542016,119.812164,22.593903,0.257940,0.752451,-0.013456,-0.605890,18.017160,121.930099,27.147964,-0.066061,-0.049688,0.490072,-0.867754,20.992643,112.862503,6.862803,0.102363,-0.225536,0.726735,-0.640712,10.406346,130.220398,9.968207,0.053573,0.914671,0.108162,0.385756,-6.859107,83.567085,12.454848,0.082883,0.942233,-0.046103,0.321251,-7.368117,49.617210,4.090410,0.012911,0.960023,0.070212,0.270664,-15.711527,5.522328,5.600391,-0.081819,0.925906,-0.082903,0.359348,6.296494,83.254997,24.205351,-0.024295,0.907149,-0.127027,0.400442,9.511207,49.235062,31.630060,-0.044892,0.931796,0.035042,0.358487,6.922286,5.834472,42.852238,0.012911,0.960023,0.070212,0.270664,-8.735488,1.538371,-6.375052,-0.044892,0.931796,0.035042,0.358487,16.344017,1.427951,32.864155
1093,9.108333,0.016822,0.934299,-0.018543,0.355611,-0.235116,83.398178,18.288929,-0.000732,0.945462,0.068781,0.318386,0.087649,90.622345,18.124844,0.018222,0.952090,0.005788,0.305221,-0.668061,107.185509,20.291927,0.006974,0.972576,0.074688,0.220155,-0.103563,125.286255,20.693071,0.028778,0.988929,-0.077518,0.123213,0.389598,139.055847,21.147902,0.077896,0.900819,0.085262,0.418555,-3.167257,120.076683,18.481184,0.041581,-0.681477,0.113044,-0.721860,-13.539033,123.521233,6.428523,0.014169,-0.182579,-0.366874,-0.912068,-12.516306,118.592049,-15.416837,0.166636,0.078750,-0.665277,-0.723489,1.256980,132.363251,-22.539917,-0.072224,0.986809,0.043401,0.138230,2.569079,119.806946,22.580397,0.257939,0.751866,-0.013905,-0.606607,18.047359,121.930862,27.121010,-0.066231,-0.050082,0.490664,-0.867384,20.983912,112.857422,6.832793,0.102696,-0.225614,0.725870,-0.641611,10.421939,130.229492,9.956868,0.053622,0.915011,0.108232,0.384923,-6.820144,83.559128,12.421910,0.082999,0.942165,-0.046619,0.321347,-7.337973,49.610680,4.052234,0.013118,0.960050,0.070234,0.270555,-15.706004,5.521834,5.601450,-0.081667,0.925931,-0.083080,0.359276,6.349912,83.237228,24.155947,-0.024049,0.907094,-0.127644,0.400387,9.550909,49.217602,31.587997,-0.045139,0.931765,0.035096,0.358531,6.920334,5.830052,42.850811,0.013118,0.960050,0.070234,0.270555,-8.734454,1.537154,-6.376368,-0.045139,0.931765,0.035096,0.358531,16.345428,1.427524,32.864143
1094,9.116667,0.016834,0.934529,-0.017988,0.355034,-0.189991,83.390617,18.247089,-0.000819,0.945623,0.069459,0.317762,0.129979,90.615074,18.090359,0.017853,0.952290,0.006152,0.304611,-0.634337,107.177208,20.278645,0.006472,0.972711,0.074867,0.219515,-0.086306,125.278282,20.687906,0.028312,0.989035,-0.077149,0.122706,0.391562,139.048386,21.143740,0.077698,0.900908,0.085751,0.418299,-3.147911,120.066917,18.477358,0.041785,-0.681292,0.112618,-0.722089,-13.527656,123.511826,6.431668,0.014928,-0.182620,-0.366651,-0.912137,-12.489304,118.589401,-15.414471,0.167403,0.078574,-0.664600,-0.723953,1.291271,132.348541,-22.551563,-0.072716,0.986803,0.044131,0.137786,2.593860,119.800568,22.569172,0.258115,0.751422,-0.014178,-0.607076,18.073803,121.937630,27.097904,-0.066262,-0.050354,0.491082,-0.867128,20.980740,112.855675,6.809242,0.102767,-0.225617,0.724951,-0.642637,10.437904,130.234879,9.943959,0.053769,0.915279,0.108196,0.384274,-6.782241,83.555481,12.388300,0.083042,0.942100,-0.047057,0.321461,-7.316318,49.607594,4.017373,0.013183,0.960067,0.070184,0.270502,-15.700629,5.523071,5.601306,-0.081557,0.926277,-0.083210,0.358380,6.402258,83.225754,24.105877,-0.023688,0.907043,-0.128345,0.400300,9.600041,49.206375,31.540485,-0.045103,0.931704,0.034968,0.358706,6.915696,5.833390,42.846638,0.013183,0.960067,0.070184,0.270502,-8.731124,1.536644,-6.377114,-0.045103,0.931704,0.034968,0.358706,16.343849,1.427391,32.864391
1095,9.125000,0.016795,0.934721,-0.017669,0.354545,-0.155042,83.383804,18.211573,-0.000846,0.945791,0.069958,0.317152,0.162689,90.608444,18.058788,0.017647,0.952495,0.006368,0.303977,-0.606642,107.174324,20.263775,0.006177,0.972847,0.075148,0.218821,-0.067835,125.275566,20.677843,0.027817,0.989161,-0.076760,0.122040,0.399585,139.045853,21.138613,0.077315,0.901084,0.086097,0.417921,-3.129551,120.063225,18.469755,0.042106,-0.680928,0.112235,-0.722473,-13.521517,123.500999,6.432565,0.015671,-0.182853,-0.366578,-0.912107,-12.457110,118.579926,-15.412628,0.168034,0.078344,-0.663706,-0.724653,1.321164,132.329086,-22.569088,-0.072867,0.986862,0.044447,0.137176,2.617774,119.798721,22.553888,0.259263,0.750966,-0.013000,-0.607177,18.102459,121.940231,27.064285,-0.065711,-0.051357,0.491457,-0.866899,20.977303,112.856926,6.771640,0.102884,-0.225727,0.724065,-0.643577,10.455879,130.239838,9.930855,0.053851,0.915488,0.108310,0.383733,-6.753444,83.550247,12.359755,0.083074,0.941764,-0.047617,0.322355,-7.294611,49.604710,3.979748,0.013251,0.960059,0.070104,0.270548,-15.699103,5.525425,5.602036,-0.081456,0.926437,-0.083181,0.357994,6.443360,83.217361,24.063393,-0.023430,0.907088,-0.128994,0.400004,9.638472,49.196510,31.492367,-0.045072,0.931673,0.034810,0.358806,6.913306,5.837452,42.842075,0.013251,0.960059,0.070104,0.270548,-8.729353,1.536338,-6.375362,-0.045072,0.931673,0.034810,0.358806,16.342888,1.427191,32.863056
1096,9.133333,0.016824,0.934898,-0.017298,0.354097,-0.123481,83.377502,18.176832,-0.000791,0.945938,0.070401,0.316615,0.192673,90.602318,18.029060,0.017400,0.952672,0.006664,0.303429,-0.578155,107.161499,20.248371,0.005929,0.972976,0.075390,0.218173,-0.050881,125.262917,20.669655,0.027298,0.989284,-0.076451,0.121359,0.407672,139.033371,21.134676,0.077209,0.901254,0.086376,0.417516,-3.111652,120.049492,18.462797,0.042820,-0.680730,0.111368,-0.722752,-13.515164,123.487236,6.435581,0.016667,-0.183193,-0.366312,-0.912128,-12.429955,118.571426,-15.409772,0.168272,0.078179,-0.662697,-0.725538,1.351079,132.302856,-22.594135,-0.073002,0.986907,0.044570,0.136743,2.640492,119.787041,22.540272,0.259910,0.750531,-0.012225,-0.607454,18.128401,121.933067,27.037424,-0.065513,-0.052069,0.491840,-0.866655,20.973061,112.853981,6.738643,0.102942,-0.225771,0.723237,-0.644483,10.471490,130.241898,9.919332,0.053807,0.915888,0.108360,0.382770,-6.727470,83.546928,12.331409,0.083188,0.942166,-0.047860,0.321110,-7.273252,49.601822,3.949975,0.013677,0.960078,0.070137,0.270453,-15.692055,5.526316,5.600547,-0.081309,0.926606,-0.083144,0.357599,6.480509,83.208076,24.022257,-0.023338,0.906745,-0.129568,0.400600,9.670321,49.185123,31.443882,-0.044946,0.931603,0.034759,0.359008,6.909409,5.838990,42.834267,0.013677,0.960078,0.070137,0.270453,-8.728432,1.535263,-6.379757,-0.044946,0.931603,0.034759,0.359008,16.341967,1.426259,32.859154
1097,9.141667,0.016967,0.935102,-0.017055,0.353562,-0.090496,83.370560,18.144304,-0.000664,0.946076,0.070896,0.316092,0.226260,90.595421,18.000380,0.016998,0.952834,0.006791,0.302939,-0.544479,107.150558,20.236816,0.005534,0.973073,0.075797,0.217606,-0.032257,125.252403,20.657782,0.026873,0.989384,-0.076189,0.120802,0.412564,139.023026,21.130724,0.077022,0.901395,0.086616,0.417196,-3.090821,120.036400,18.453991,0.043413,-0.680592,0.110746,-0.722942,-13.503970,123.471382,6.434325,0.017285,-0.183662,-0.366028,-0.912137,-12.404163,118.556953,-15.410608,0.168257,0.077684,-0.661518,-0.726670,1.378040,132.272430,-22.621799,-0.072946,0.986952,0.044844,0.136359,2.665709,119.778824,22.525581,0.260019,0.750154,-0.012127,-0.607875,18.157291,121.922508,27.011187,-0.065878,-0.052257,0.492232,-0.866393,20.976492,112.846581,6.707446,0.102477,-0.225615,0.721879,-0.646132,10.492022,130.241043,9.902596,0.053871,0.916167,0.108447,0.382067,-6.701073,83.544090,12.306453,0.083198,0.941798,-0.048335,0.322115,-7.255015,49.600769,3.918309,0.013711,0.960093,0.069989,0.270436,-15.690006,5.529529,5.599705,-0.081047,0.926539,-0.082992,0.357867,6.520082,83.197037,23.982155,-0.023371,0.906383,-0.130177,0.401221,9.694786,49.169338,31.388496,-0.045051,0.931540,0.034671,0.359167,6.906623,5.837569,42.826782,0.013711,0.960093,0.069989,0.270436,-8.727555,1.534296,-6.379885,-0.045051,0.931540,0.034671,0.359167,16.343296,1.423844,32.856003
1098,9.150000,0.017000,0.935365,-0.016630,0.352883,-0.056850,83.363487,18.112778,-0.000830,0.946204,0.071327,0.315611,0.258077,90.588539,17.974527,0.016991,0.952965,0.006923,0.302526,-0.521443,107.144501,20.223553,0.005243,0.973185,0.075892,0.217079,-0.010741,125.246300,20.648788,0.026282,0.989497,-0.075786,0.120252,0.425103,139.017212,21.121927,0.076757,0.901559,0.086821,0.416847,-3.070659,120.030533,18.446274,0.044513,-0.680490,0.109768,-0.723120,-13.494592,123.459946,6.434370,0.018280,-0.184074,-0.365830,-0.912113,-12.378890,118.542984,-15.409184,0.168200,0.077213,-0.660675,-0.727499,1.400744,132.240448,-22.649542,-0.073062,0.986978,0.044882,0.136096,2.689401,119.772507,22.512838,0.260030,0.749736,-0.012467,-0.608379,18.182764,121.920204,26.990372,-0.066001,-0.052492,0.492637,-0.866140,20.974218,112.839249,6.685053,0.102684,-0.225513,0.721226,-0.646864,10.506370,130.243378,9.891847,0.053933,0.916399,0.108593,0.381460,-6.675871,83.540474,12.284605,0.083240,0.941789,-0.048730,0.322071,-7.235408,49.599846,3.885936,0.013874,0.960118,0.069877,0.270366,-15.685151,5.532676,5.599807,-0.080912,0.926758,-0.083059,0.357316,6.562171,83.186493,23.940948,-0.023166,0.906208,-0.130732,0.401448,9.730850,49.158047,31.346416,-0.045000,0.931475,0.034608,0.359350,6.903011,5.838403,42.820843,0.013874,0.960118,0.069877,0.270366,-8.726239,1.533374,-6.380484,-0.045000,0.931475,0.034608,0.359350,16.342930,1.422703,32.854008
1099,9.158333,0.016920,0.935582,-0.016169,0.352333,-0.022039,83.362648,18.081465,-0.000799,0.946309,0.071729,0.315203,0.289386,90.587959,17.948862,0.016730,0.953074,0.007087,0.302191,-0.492308,107.139503,20.210876,0.004992,0.973250,0.076180,0.216692,0.007759,125.241531,20.638721,0.025751,0.989579,-0.075510,0.119865,0.434689,139.012512,21.117680,0.076527,0.901709,0.086922,0.416543,-3.050543,120.024284,18.437485,0.045396,-0.680272,0.109286,-0.723343,-13.483863,123.447845,6.432059,0.019080,-0.184501,-0.365767,-0.912036,-12.350127,118.518898,-15.407869,0.168324,0.076589,-0.660038,-0.728114,1.424667,132.206070,-22.675737,-0.073120,0.987010,0.044907,0.135826,2.712504,119.769073,22.499994,0.259991,0.749317,-0.012878,-0.608903,18.207985,121.918991,26.969130,-0.066285,-0.052686,0.493111,-0.865836,20.971764,112.832703,6.662406,0.102823,-0.225323,0.720606,-0.647599,10.524184,130.246201,9.882461,0.054020,0.916613,0.108749,0.380890,-6.647951,83.541420,12.261181,0.083279,0.941680,-0.049199,0.322308,-7.214044,49.603825,3.850724,0.014014,0.960152,0.069677,0.270290,-15.680874,5.541363,5.600860,-0.080718,0.927021,-0.083065,0.356675,6.603874,83.183876,23.901745,-0.023081,0.905858,-0.131301,0.402055,9.765061,49.153301,31.300634,-0.045012,0.931436,0.034378,0.359472,6.901839,5.846706,42.815460,0.014014,0.960152,0.069677,0.270290,-8.725699,1.535787,-6.379505,-0.045012,0.931436,0.034378,0.359472,16.343864,1.425388,32.853111
1100,9.166667,0.017029,0.935770,-0.015843,0.351842,0.006126,83.359421,18.053432,-0.000789,0.946434,0.071996,0.314767,0.317285,90.584831,17.925640,0.016814,0.953207,0.007155,0.301765,-0.465845,107.134537,20.196438,0.004567,0.973347,0.076454,0.216172,0.036579,125.236427,20.627327,0.025176,0.989677,-0.075210,0.119367,0.449843,139.007690,21.110565,0.076251,0.901869,0.087119,0.416208,-3.024251,120.019936,18.427809,0.046333,-0.680219,0.108760,-0.723413,-13.468030,123.437500,6.429770,0.020075,-0.184821,-0.365551,-0.912036,-12.325911,118.496834,-15.407070,0.168561,0.076044,-0.659756,-0.728373,1.450505,132.167999,-22.701952,-0.073339,0.987032,0.044911,0.135547,2.742383,119.763306,22.485138,0.260059,0.748997,-0.013006,-0.609265,18.239277,121.920692,26.945759,-0.066261,-0.053052,0.493321,-0.865696,20.981676,112.832138,6.637148,0.103109,-0.225242,0.719853,-0.648419,10.543388,130.250763,9.870258,0.054046,0.916779,0.108906,0.380441,-6.625819,83.542206,12.240151,0.083372,0.941951,-0.049508,0.321446,-7.193432,49.607189,3.819375,0.013963,0.960175,0.069393,0.270285,-15.675193,5.548850,5.600629,-0.080683,0.927145,-0.082919,0.356395,6.638071,83.176636,23.866716,-0.022842,0.905843,-0.131951,0.401890,9.802973,49.143986,31.254465,-0.045092,0.931384,0.034195,0.359612,6.898801,5.851760,42.812988,0.013963,0.960175,0.069393,0.270285,-8.720509,1.535984,-6.377580,-0.045092,0.931384,0.034195,0.359612,16.344082,1.426762,32.855370
1101,9.175000,0.017076,0.936004,-0.015551,0.351231,0.027539,83.355095,18.028399,-0.000647,0.946591,0.072132,0.314265,0.337774,90.580612,17.904587,0.016759,0.953353,0.007280,0.301304,-0.441079,107.129303,20.181549,0.004410,0.973429,0.076732,0.215703,0.058281,125.231194,20.615931,0.024600,0.989763,-0.074964,0.118926,0.465126,139.002426,21.105169,0.076072,0.901945,0.087163,0.416067,-3.003663,120.014595,18.418213,0.047334,-0.680155,0.108337,-0.723472,-13.452153,123.427292,6.422892,0.021167,-0.184970,-0.365447,-0.912023,-12.301988,118.469635,-15.409679,0.169238,0.075334,-0.659541,-0.728484,1.475422,132.128357,-22.726643,-0.073404,0.987051,0.044863,0.135388,2.766924,119.758186,22.469933,0.260185,0.748658,-0.013208,-0.609624,18.264923,121.918129,26.925491,-0.066328,-0.053256,0.493647,-0.865493,20.984783,112.823578,6.616531,0.103127,-0.225169,0.718629,-0.649797,10.560348,130.249405,9.858760,0.053973,0.916995,0.109088,0.379877,-6.611957,83.540703,12.223829,0.083413,0.942070,-0.049801,0.321039,-7.175173,49.607914,3.793793,0.014049,0.960263,0.069273,0.269997,-15.668002,5.552814,5.602188,-0.080805,0.927326,-0.082952,0.355888,6.667036,83.169487,23.832966,-0.022473,0.905961,-0.132437,0.401485,9.842965,49.138584,31.224070,-0.044943,0.931355,0.034092,0.359716,6.896272,5.856407,42.809433,0.014049,0.960263,0.069273,0.269997,-8.721446,1.536384,-6.379545,-0.044943,0.931355,0.034092,0.359716,16.342100,1.427292,32.854156
1102,9.183333,0.017176,0.936193,-0.015375,0.350730,0.048022,83.352173,18.004751,-0.000507,0.946681,0.072443,0.313921,0.358661,90.577721,17.883667,0.016747,0.953446,0.007169,0.301014,-0.418391,107.129356,20.172777,0.002743,0.973495,0.077006,0.215339,0.081892,125.231323,20.603018,0.024912,0.989771,-0.074634,0.119009,0.441884,139.003967,21.089434,0.075750,0.902036,0.087156,0.415929,-2.981584,120.014381,18.408278,0.048230,-0.679934,0.108304,-0.723625,-13.435406,123.417366,6.414842,0.022307,-0.185160,-0.365616,-0.911890,-12.271491,118.433228,-15.410969,0.170327,0.074709,-0.659542,-0.728294,1.498600,132.088120,-22.751890,-0.073155,0.987106,0.044643,0.135190,2.791468,119.758621,22.456522,0.260409,0.748342,-0.013003,-0.609920,18.292387,121.911980,26.905096,-0.066315,-0.053597,0.493944,-0.865303,20.990831,112.819031,6.592567,0.103390,-0.224869,0.718337,-0.650181,10.579740,130.251099,9.847125,0.053911,0.917258,0.109221,0.379212,-6.597620,83.540726,12.207313,0.083475,0.942149,-0.050045,0.320755,-7.159373,49.609501,3.770884,0.014371,0.960250,0.069241,0.270034,-15.663795,5.557516,5.600670,-0.080638,0.927357,-0.082677,0.355908,6.693662,83.163620,23.802189,-0.022473,0.905753,-0.133037,0.401755,9.865692,49.127655,31.171602,-0.044820,0.931317,0.033981,0.359840,6.893745,5.859792,42.803894,0.014371,0.960250,0.069241,0.270034,-8.719434,1.538007,-6.381303,-0.044820,0.931317,0.033981,0.359840,16.340773,1.426675,32.851540
1103,9.191667,0.017264,0.936371,-0.015229,0.350255,0.071696,83.346817,17.984413,-0.000517,0.946781,0.072692,0.313562,0.382722,90.572388,17.865606,0.016602,0.953547,0.007015,0.300705,-0.396524,107.125488,20.163103,0.002607,0.973565,0.077235,0.214941,0.100582,125.227699,20.586319,0.024541,0.989861,-0.074311,0.118538,0.455106,139.000305,21.077662,0.075550,0.902125,0.087061,0.415792,-2.963330,120.009361,18.395510,0.048983,-0.679798,0.108293,-0.723704,-13.421845,123.405014,6.404091,0.023407,-0.185311,-0.365627,-0.911827,-12.249506,118.398193,-15.416074,0.171426,0.074234,-0.659355,-0.728254,1.517422,132.043472,-22.778671,-0.072944,0.987150,0.044752,0.134951,2.812414,119.756195,22.440079,0.259877,0.748097,-0.013810,-0.610429,18.316435,121.902756,26.881117,-0.066908,-0.053542,0.494343,-0.865033,20.999420,112.808083,6.567306,0.103594,-0.224779,0.718083,-0.650461,10.601962,130.251663,9.833204,0.053884,0.917547,0.109448,0.378450,-6.579758,83.537918,12.193732,0.083543,0.942142,-0.050382,0.320704,-7.140712,49.609955,3.744135,0.014416,0.960276,0.069057,0.269988,-15.660243,5.562014,5.600771,-0.080519,0.927542,-0.082572,0.355477,6.723151,83.155724,23.775097,-0.022343,0.905628,-0.133533,0.401881,9.893597,49.117188,31.133322,-0.044864,0.931269,0.033864,0.359971,6.891422,5.860660,42.799969,0.014416,0.960276,0.069057,0.269988,-8.717954,1.537288,-6.380649,-0.044864,0.931269,0.033864,0.359971,16.341314,1.425144,32.851402
1104,9.200000,0.017282,0.936560,-0.015056,0.349758,0.093304,83.345375,17.966240,-0.000487,0.946873,0.072831,0.313253,0.403638,90.571007,17.849697,0.016570,0.953624,0.006917,0.300463,-0.375329,107.122459,20.152021,0.003666,0.973602,0.077484,0.214667,0.121842,125.224770,20.571362,0.023355,0.989985,-0.074147,0.117844,0.503047,138.996201,21.075329,0.075391,0.902198,0.086969,0.415681,-2.943147,120.005966,18.383167,0.049610,-0.679726,0.108476,-0.723702,-13.405442,123.395576,6.393333,0.024430,-0.185531,-0.365575,-0.911777,-12.230469,118.363846,-15.420963,0.172473,0.073866,-0.659199,-0.728185,1.534092,131.997772,-22.806593,-0.072969,0.987187,0.044697,0.134680,2.834668,119.753647,22.424828,0.260169,0.747762,-0.013846,-0.610715,18.340952,121.901726,26.857216,-0.066967,-0.053755,0.494748,-0.864783,21.001471,112.800049,6.543590,0.103495,-0.224775,0.717850,-0.650735,10.621283,130.252502,9.818858,0.053904,0.917743,0.109620,0.377922,-6.564289,83.538033,12.182667,0.083562,0.942181,-0.050645,0.320542,-7.126731,49.612854,3.721995,0.014500,0.960316,0.068866,0.269890,-15.655046,5.567593,5.601772,-0.080501,0.927754,-0.082431,0.354961,6.750896,83.152725,23.749813,-0.022086,0.905714,-0.134047,0.401529,9.927842,49.112358,31.096750,-0.044707,0.931257,0.033681,0.360039,6.890653,5.867153,42.796246,0.014500,0.960316,0.068866,0.269890,-8.716485,1.537248,-6.379922,-0.044707,0.931257,0.033681,0.360039,16.340052,1.425406,32.849991
1105,9.208333,0.017348,0.936733,-0.014850,0.349298,0.112846,83.342705,17.948360,-0.000377,0.946980,0.072832,0.312930,0.422966,90.568398,17.834782,0.016463,0.953712,0.006873,0.300192,-0.351817,107.122208,20.138872,0.003715,0.973650,0.077681,0.214377,0.142238,125.224663,20.555387,0.022825,0.990058,-0.073880,0.117497,0.523276,138.995911,21.064632,0.075225,0.902290,0.086816,0.415544,-2.923030,120.004990,18.369671,0.050303,-0.679594,0.108707,-0.723744,-13.389850,123.387489,6.381767,0.025299,-0.185784,-0.365596,-0.911693,-12.209065,118.327271,-15.425632,0.173339,0.073239,-0.659065,-0.728164,1.551825,131.954605,-22.833857,-0.072838,0.987228,0.044613,0.134483,2.857135,119.754318,22.408077,0.260327,0.747540,-0.013764,-0.610921,18.365770,121.898941,26.833946,-0.067117,-0.053943,0.495014,-0.864608,21.011339,112.796677,6.518622,0.103393,-0.224648,0.717800,-0.650850,10.642002,130.255569,9.804249,0.053876,0.917989,0.109756,0.377288,-6.550378,83.537880,12.171356,0.083632,0.942137,-0.050894,0.320616,-7.113263,49.614571,3.703205,0.014304,0.960318,0.068625,0.269954,-15.654689,5.572641,5.601313,-0.080380,0.927912,-0.082339,0.354596,6.776069,83.147537,23.725365,-0.022010,0.905471,-0.134453,0.401946,9.950447,49.104755,31.062216,-0.044672,0.931186,0.033608,0.360233,6.886882,5.869055,42.789944,0.014304,0.960318,0.068625,0.269954,-8.713473,1.537108,-6.377101,-0.044672,0.931186,0.033608,0.360233,16.339865,1.425250,32.848007
1106,9.216667,0.017355,0.936882,-0.014728,0.348903,0.132077,83.342110,17.933435,-0.000310,0.947066,0.072796,0.312675,0.441633,90.567848,17.821417,0.016360,0.953777,0.006798,0.299992,-0.330074,107.122696,20.125397,0.003738,0.973676,0.077847,0.214200,0.161335,125.225319,20.538092,0.022351,0.990111,-0.073607,0.117317,0.541797,138.996429,21.051750,0.075024,0.902399,0.086536,0.415402,-2.904038,120.004723,18.354708,0.050867,-0.679464,0.108895,-0.723797,-13.375674,123.377403,6.368259,0.026063,-0.185976,-0.365481,-0.911678,-12.188886,118.293892,-15.433377,0.173950,0.072574,-0.659260,-0.727908,1.573491,131.911560,-22.860722,-0.072791,0.987257,0.044375,0.134376,2.877862,119.755760,22.390728,0.260174,0.747402,-0.014099,-0.611147,18.387653,121.900116,26.812628,-0.067407,-0.053924,0.495252,-0.864450,21.024401,112.795273,6.497328,0.103436,-0.224497,0.717712,-0.650993,10.663610,130.260605,9.788866,0.053930,0.918243,0.109818,0.376644,-6.535996,83.538307,12.162074,0.083595,0.941855,-0.051137,0.321414,-7.106581,49.616364,3.688998,0.014810,0.960316,0.068698,0.269917,-15.653382,5.576095,5.601414,-0.080305,0.928011,-0.082160,0.354395,6.800151,83.145920,23.704798,-0.021948,0.905316,-0.134915,0.402143,9.975808,49.100227,31.027592,-0.044758,0.931179,0.033438,0.360256,6.887819,5.875447,42.789101,0.014810,0.960316,0.068698,0.269917,-8.717548,1.539081,-6.379605,-0.044758,0.931179,0.033438,0.360256,16.341646,1.428243,32.849503
1107,9.225000,0.017335,0.937005,-0.014617,0.348579,0.150181,83.340240,17.920006,-0.000250,0.947162,0.072677,0.312412,0.458867,90.566040,17.809280,0.016364,0.953854,0.006735,0.299748,-0.309079,107.121780,20.110426,0.003651,0.973717,0.077993,0.213960,0.183250,125.224426,20.520868,0.021937,0.990166,-0.073335,0.117097,0.560237,138.995499,21.037701,0.074922,0.902487,0.086263,0.415286,-2.883450,120.003716,18.339638,0.051355,-0.679359,0.109236,-0.723810,-13.358720,123.369614,6.354454,0.026717,-0.186292,-0.365342,-0.911651,-12.168844,118.260345,-15.441002,0.174390,0.072051,-0.659341,-0.727782,1.591973,131.866043,-22.889349,-0.072772,0.987274,0.044140,0.134338,2.900515,119.754959,22.372713,0.260152,0.747243,-0.014374,-0.611344,18.410730,121.899834,26.792891,-0.067790,-0.053754,0.495533,-0.864270,21.037184,112.789894,6.478533,0.103022,-0.224196,0.717337,-0.651576,10.686754,130.261719,9.772254,0.053923,0.918527,0.109982,0.375905,-6.521900,83.536903,12.153290,0.083628,0.941883,-0.051379,0.321284,-7.094484,49.617439,3.670424,0.014650,0.960332,0.068581,0.269896,-15.650648,5.579886,5.603438,-0.080251,0.928232,-0.082034,0.353857,6.822263,83.143578,23.686720,-0.021801,0.905203,-0.135308,0.402275,10.001880,49.095844,30.998287,-0.044736,0.931145,0.033327,0.360358,6.885935,5.880028,42.785336,0.014650,0.960332,0.068581,0.269896,-8.714194,1.540843,-6.376545,-0.044736,0.931145,0.033327,0.360358,16.341431,1.429874,32.848637
1108,9.233333,0.017462,0.937141,-0.014673,0.348204,0.162352,83.337791,17.910162,-0.000128,0.947268,0.072528,0.312128,0.472994,90.563499,17.799191,0.016397,0.953937,0.006609,0.299487,-0.288822,107.119370,20.097038,0.003441,0.973762,0.078085,0.213726,0.206126,125.222038,20.503328,0.021575,0.990217,-0.072983,0.116955,0.576672,138.993256,21.021133,0.074809,0.902580,0.086100,0.415138,-2.862467,120.001259,18.324909,0.051593,-0.679212,0.109888,-0.723833,-13.342288,123.361443,6.342101,0.027320,-0.186618,-0.365187,-0.911628,-12.149837,118.224014,-15.446591,0.175166,0.071341,-0.659477,-0.727542,1.612604,131.820465,-22.917166,-0.072779,0.987295,0.044076,0.134197,2.923690,119.752609,22.354845,0.260250,0.747110,-0.014287,-0.611468,18.435102,121.898247,26.770443,-0.068052,-0.053805,0.495717,-0.864141,21.052488,112.788895,6.454657,0.102754,-0.223843,0.717345,-0.651730,10.709366,130.264587,9.755913,0.053851,0.918738,0.110179,0.375342,-6.514259,83.536346,12.148756,0.083696,0.942159,-0.051486,0.320437,-7.082131,49.619362,3.655656,0.014841,0.960369,0.068454,0.269788,-15.645364,5.583832,5.603427,-0.080322,0.928368,-0.081897,0.353517,6.838963,83.139236,23.671568,-0.021563,0.905256,-0.135650,0.402051,10.029263,49.090733,30.974876,-0.044476,0.931089,0.033450,0.360523,6.884424,5.882320,42.781399,0.014841,0.960369,0.068454,0.269788,-8.713666,1.540187,-6.377754,-0.044476,0.931089,0.033450,0.360523,16.341305,1.432685,32.845787
1109,9.241667,0.017531,0.937278,-0.014623,0.347834,0.176572,83.334831,17.898893,-0.000069,0.947363,0.072366,0.311875,0.487853,90.560532,17.788830,0.016513,0.954007,0.006398,0.299262,-0.269714,107.115646,20.082170,0.003117,0.973795,0.078325,0.213491,0.231630,125.218285,20.482311,0.021339,0.990260,-0.072726,0.116797,0.591789,138.989609,21.004465,0.074646,0.902594,0.086069,0.415144,-2.839797,119.997849,18.307070,0.051797,-0.679224,0.110519,-0.723710,-13.320240,123.352859,6.323349,0.027747,-0.186794,-0.365011,-0.911650,-12.134797,118.189308,-15.459557,0.175793,0.070882,-0.659529,-0.727388,1.630574,131.776260,-22.943386,-0.072781,0.987309,0.044237,0.134039,2.948210,119.748535,22.334311,0.260243,0.746964,-0.014260,-0.611649,18.460991,121.893784,26.745296,-0.068394,-0.053874,0.495882,-0.864015,21.068604,112.786995,6.427093,0.102364,-0.223665,0.717036,-0.652192,10.732816,130.264587,9.737875,0.053853,0.918897,0.110232,0.374937,-6.504537,83.534973,12.142756,0.083753,0.942377,-0.051540,0.319773,-7.074918,49.618832,3.646472,0.014636,0.960391,0.068341,0.269750,-15.643069,5.584654,5.603193,-0.080241,0.928608,-0.081745,0.352940,6.857680,83.134689,23.655031,-0.021403,0.905302,-0.136063,0.401817,10.051152,49.083538,30.944603,-0.044692,0.931069,0.033110,0.360578,6.881346,5.884585,42.779015,0.014636,0.960391,0.068341,0.269750,-8.710742,1.539403,-6.377085,-0.044692,0.931069,0.033110,0.360578,16.340530,1.428647,32.848419
1110,9.250000,0.017651,0.937407,-0.014670,0.347478,0.189907,83.331802,17.890348,-0.000073,0.947437,0.072239,0.311680,0.503010,90.557411,17.780136,0.016539,0.954054,0.006113,0.299117,-0.252859,107.112419,20.069513,0.003022,0.973809,0.078493,0.213368,0.252532,125.215149,20.460009,0.021054,0.990297,-0.072449,0.116706,0.608992,138.986435,20.986008,0.074621,0.902694,0.085778,0.414991,-2.820709,119.994232,18.288469,0.052164,-0.679187,0.110897,-0.723661,-13.305402,123.344421,6.307123,0.028402,-0.186936,-0.364771,-0.911696,-12.121439,118.157784,-15.470370,0.176423,0.070357,-0.659682,-0.727148,1.651330,131.733459,-22.970856,-0.072792,0.987344,0.044147,0.133807,2.968509,119.745781,22.314018,0.260255,0.746886,-0.014306,-0.611738,18.483253,121.892212,26.717503,-0.068654,-0.053984,0.496103,-0.863860,21.085669,112.784592,6.399017,0.102316,-0.223627,0.716639,-0.652650,10.759384,130.265991,9.719278,0.053842,0.919086,0.110264,0.374464,-6.495502,83.533775,12.139273,0.083812,0.942471,-0.051586,0.319473,-7.068707,49.618034,3.641587,0.014963,0.960387,0.068406,0.269728,-15.642464,5.585167,5.603220,-0.080143,0.928695,-0.081563,0.352776,6.875317,83.129822,23.641422,-0.021337,0.905203,-0.136409,0.401927,10.068300,49.075485,30.916298,-0.044777,0.931026,0.033060,0.360683,6.879151,5.884725,42.775394,0.014963,0.960387,0.068406,0.269728,-8.713498,1.539446,-6.378840,-0.044777,0.931026,0.033060,0.360683,16.341211,1.428493,32.847672
1111,9.258333,0.017771,0.937526,-0.014709,0.347149,0.200741,83.329247,17.882717,0.000067,0.947554,0.071990,0.311382,0.515632,90.554787,17.772461,0.016519,0.954147,0.005858,0.298825,-0.232517,107.111633,20.055777,0.002962,0.973849,0.078547,0.213166,0.275068,125.214493,20.437086,0.020757,0.990339,-0.072110,0.116614,0.629395,138.985794,20.963949,0.074403,0.902760,0.085605,0.414922,-2.800083,119.992851,18.270012,0.052320,-0.679034,0.111581,-0.723689,-13.287713,123.334229,6.288775,0.028872,-0.187202,-0.364675,-0.911665,-12.101223,118.120834,-15.482193,0.177038,0.069895,-0.659913,-0.726833,1.671415,131.689484,-23.000071,-0.072884,0.987397,0.044105,0.133376,2.991605,119.745743,22.292091,0.261222,0.746809,-0.012980,-0.611451,18.509661,121.896065,26.681992,-0.068173,-0.054942,0.496098,-0.863841,21.105280,112.793541,6.360343,0.102533,-0.223576,0.716443,-0.652848,10.785242,130.269058,9.704094,0.053920,0.919167,0.110311,0.374242,-6.488626,83.533089,12.136309,0.083795,0.942443,-0.051688,0.319542,-7.067615,49.618664,3.633752,0.014962,0.960376,0.068358,0.269781,-15.642968,5.586484,5.603846,-0.080092,0.928851,-0.081537,0.352381,6.890109,83.125404,23.629124,-0.021215,0.905273,-0.136649,0.401693,10.083578,49.070210,30.899780,-0.044684,0.931024,0.033061,0.360700,6.878831,5.884886,42.774475,0.014962,0.960376,0.068358,0.269781,-8.712849,1.539432,-6.377101,-0.044684,0.931024,0.033061,0.360700,16.340387,1.427723,32.846691
1112,9.266667,0.017814,0.937624,-0.014721,0.346881,0.212449,83.327652,17.876860,0.000637,0.947638,0.071634,0.311208,0.527954,90.553162,17.766575,0.016255,0.954193,0.005560,0.298699,-0.197752,107.106735,20.044050,0.002520,0.973854,0.078737,0.213078,0.304004,125.210037,20.412155,0.020579,0.990358,-0.071791,0.116674,0.645203,138.981567,20.941479,0.074538,0.902863,0.085516,0.414693,-2.770033,119.985817,18.249701,0.052369,-0.679029,0.112438,-0.723557,-13.263181,123.329582,6.273962,0.029330,-0.187608,-0.364380,-0.911686,-12.085030,118.087578,-15.490590,0.177495,0.069617,-0.660173,-0.726513,1.690881,131.641998,-23.030928,-0.072734,0.987422,0.043567,0.133450,3.022846,119.743515,22.270357,0.261534,0.746685,-0.012251,-0.611483,18.540972,121.891296,26.661268,-0.067989,-0.055294,0.496115,-0.863823,21.127480,112.799706,6.333563,0.102519,-0.223575,0.716359,-0.652942,10.811273,130.272308,9.685548,0.053924,0.919368,0.110301,0.373750,-6.480167,83.532234,12.134264,0.083786,0.942542,-0.051688,0.319253,-7.064200,49.617680,3.632557,0.015006,0.960411,0.068421,0.269637,-15.638206,5.585366,5.605495,-0.080015,0.928906,-0.081456,0.352273,6.905066,83.123070,23.619457,-0.021189,0.905159,-0.136889,0.401870,10.096456,49.066086,30.882639,-0.044789,0.931007,0.032989,0.360739,6.878520,5.886543,42.774754,0.015006,0.960411,0.068421,0.269637,-8.711801,1.539838,-6.378114,-0.044789,0.931007,0.032989,0.360739,16.341681,1.428681,32.848812
1113,9.275000,0.017856,0.937727,-0.014779,0.346598,0.223605,83.325699,17.872307,0.000343,0.947719,0.071382,0.311021,0.539939,90.551170,17.761358,0.016649,0.954246,0.005395,0.298511,-0.192209,107.109901,20.028488,0.002483,0.973895,0.078611,0.212940,0.325017,125.212799,20.395058,0.020342,0.990386,-0.071558,0.116626,0.665801,138.984497,20.920628,0.074370,0.902872,0.085243,0.414758,-2.754307,119.991043,18.234219,0.052818,-0.679033,0.112778,-0.723468,-13.246510,123.326408,6.255310,0.030246,-0.187712,-0.364023,-0.911776,-12.072034,118.060158,-15.503589,0.178248,0.069251,-0.660479,-0.726085,1.713041,131.595261,-23.061974,-0.072579,0.987482,0.043315,0.133178,3.039974,119.744110,22.252575,0.260011,0.746671,-0.014263,-0.612106,18.561197,121.888527,26.634172,-0.069272,-0.054765,0.496367,-0.863610,21.149143,112.792564,6.308608,0.102639,-0.223622,0.716364,-0.652902,10.835543,130.277313,9.669971,0.054031,0.919454,0.110326,0.373515,-6.472451,83.530739,12.133737,0.083788,0.942488,-0.051751,0.319401,-7.064887,49.617378,3.627870,0.014692,0.960378,0.068313,0.269801,-15.641138,5.585682,5.604729,-0.079981,0.929041,-0.081433,0.351930,6.919662,83.120659,23.610876,-0.021084,0.905121,-0.137089,0.401894,10.112067,49.063034,30.870586,-0.044752,0.931002,0.033064,0.360748,6.878050,5.888027,42.774807,0.014692,0.960378,0.068313,0.269801,-8.708158,1.539252,-6.374774,-0.044752,0.931002,0.033064,0.360748,16.341263,1.431701,32.848225
1114,9.283333,0.017924,0.937829,-0.014778,0.346320,0.233875,83.324005,17.865301,0.000781,0.947802,0.071061,0.310840,0.551085,90.549431,17.754606,0.016294,0.954293,0.005202,0.298384,-0.163315,107.108330,20.016136,0.002579,0.973906,0.078602,0.212888,0.343769,125.211716,20.372105,0.020094,0.990412,-0.071298,0.116605,0.687144,138.983337,20.897923,0.074459,0.902970,0.084836,0.414613,-2.733186,119.986961,18.215120,0.053164,-0.679009,0.113186,-0.723401,-13.228865,123.319290,6.238411,0.031134,-0.187957,-0.363751,-0.911805,-12.057055,118.029663,-15.514962,0.178972,0.068963,-0.660932,-0.725522,1.732461,131.547638,-23.095886,-0.072502,0.987522,0.043122,0.132981,3.062325,119.745651,22.232040,0.261453,0.746504,-0.012349,-0.611737,18.585619,121.888794,26.606905,-0.068450,-0.055642,0.496522,-0.863531,21.160095,112.799240,6.276773,0.102667,-0.223661,0.716092,-0.653182,10.859588,130.282547,9.651875,0.054093,0.919545,0.110255,0.373301,-6.465533,83.530266,12.130692,0.083740,0.942489,-0.051743,0.319412,-7.065804,49.616283,3.627839,0.014901,0.960397,0.068521,0.269668,-15.637893,5.583802,5.605336,-0.079762,0.929020,-0.081295,0.352067,6.933284,83.117744,23.599913,-0.021239,0.904901,-0.137339,0.402295,10.114016,49.056099,30.845898,-0.044729,0.930990,0.033131,0.360775,6.878203,5.887830,42.774040,0.014901,0.960397,0.068521,0.269668,-8.709476,1.541651,-6.378250,-0.044729,0.930990,0.033131,0.360775,16.341949,1.432986,32.847301
1115,9.291667,0.018044,0.937921,-0.014933,0.346056,0.240178,83.323105,17.862762,0.000840,0.947896,0.070796,0.310614,0.559768,90.548401,17.750483,0.016452,0.954364,0.004841,0.298154,-0.149499,107.109047,20.004505,0.002713,0.973931,0.078548,0.212792,0.367022,125.212387,20.349594,0.019789,0.990435,-0.071065,0.116608,0.714207,138.983948,20.874626,0.074433,0.903081,0.084410,0.414463,-2.713675,119.987938,18.197201,0.053392,-0.678930,0.113764,-0.723368,-13.213544,123.313606,6.222311,0.031998,-0.188229,-0.363548,-0.911800,-12.042787,117.998657,-15.524946,0.179945,0.068586,-0.661316,-0.724967,1.749903,131.503021,-23.129602,-0.072358,0.987556,0.042947,0.132864,3.083701,119.746002,22.211395,0.261343,0.746293,-0.012559,-0.612037,18.608690,121.885529,26.582033,-0.068682,-0.055734,0.496825,-0.863332,21.169294,112.796188,6.250049,0.102674,-0.223850,0.716021,-0.653195,10.881175,130.286163,9.633705,0.054194,0.919576,0.110229,0.373219,-6.462378,83.530518,12.131870,0.083697,0.942482,-0.051731,0.319448,-7.070586,49.616898,3.628139,0.014809,0.960403,0.068457,0.269668,-15.638797,5.583656,5.605561,-0.079674,0.929104,-0.081347,0.351852,6.942733,83.115692,23.593655,-0.021151,0.905014,-0.137380,0.402032,10.118096,49.053650,30.840128,-0.044978,0.930946,0.033076,0.360865,6.877089,5.886069,42.769367,0.014809,0.960403,0.068457,0.269668,-8.709714,1.540417,-6.377273,-0.044978,0.930946,0.033076,0.360865,16.344902,1.432522,32.845921
1116,9.300000,0.018146,0.938046,-0.015101,0.345706,0.249455,83.320686,17.857143,0.000627,0.947967,0.070688,0.310423,0.571220,90.545860,17.742964,0.016884,0.954412,0.004527,0.297982,-0.143461,107.112144,19.992191,0.002656,0.973955,0.078380,0.212746,0.391438,125.215065,20.330988,0.019587,0.990432,-0.070954,0.116731,0.738026,138.986832,20.851091,0.074272,0.903177,0.083924,0.414381,-2.695323,119.993004,18.181501,0.053640,-0.678875,0.114325,-0.723313,-13.198167,123.307396,6.206094,0.032915,-0.188555,-0.363310,-0.911795,-12.029797,117.967117,-15.535080,0.180986,0.068103,-0.661631,-0.724465,1.767837,131.457550,-23.167112,-0.072063,0.987635,0.042616,0.132547,3.103298,119.746590,22.193619,0.261281,0.746142,-0.012540,-0.612247,18.632402,121.878685,26.553240,-0.068913,-0.055991,0.497146,-0.863112,21.182884,112.793564,6.218100,0.102847,-0.224185,0.716128,-0.652935,10.908435,130.290344,9.616216,0.054246,0.919656,0.110159,0.373036,-6.457313,83.528885,12.131211,0.083717,0.942513,-0.051700,0.319355,-7.072363,49.614567,3.630739,0.014870,0.960397,0.068540,0.269665,-15.641165,5.581328,5.605738,-0.079553,0.929140,-0.081421,0.351768,6.956221,83.112495,23.583075,-0.021159,0.905014,-0.137542,0.401975,10.122606,49.049957,30.831135,-0.044800,0.930986,0.033085,0.360781,6.877138,5.886412,42.773743,0.014870,0.960397,0.068540,0.269665,-8.712460,1.539904,-6.377925,-0.044800,0.930986,0.033085,0.360781,16.341534,1.431143,32.847820
1117,9.308333,0.018253,0.938101,-0.015386,0.345539,0.254478,83.318207,17.856163,0.000816,0.948049,0.070369,0.310244,0.579108,90.543198,17.738598,0.016708,0.954472,0.004131,0.297805,-0.125849,107.111145,19.979883,0.002924,0.973929,0.078470,0.212829,0.407332,125.214401,20.302994,0.019386,0.990418,-0.070807,0.116977,0.760702,138.985825,20.827188,0.074362,0.903285,0.083606,0.414195,-2.679725,119.990196,18.159161,0.054017,-0.678743,0.114702,-0.723349,-13.187172,123.302673,6.187263,0.034242,-0.188643,-0.363144,-0.911794,-12.014632,117.938828,-15.547893,0.182428,0.067731,-0.662533,-0.723314,1.787800,131.413651,-23.203682,-0.072031,0.987677,0.042778,0.132198,3.120467,119.747795,22.169256,0.261129,0.745976,-0.012928,-0.612507,18.652735,121.878731,26.518175,-0.069459,-0.056058,0.497490,-0.862865,21.192554,112.789879,6.183359,0.102548,-0.224260,0.716114,-0.652972,10.931280,130.294449,9.595880,0.054325,0.919683,0.110131,0.372965,-6.454250,83.526512,12.132531,0.083696,0.942475,-0.051671,0.319479,-7.075788,49.612370,3.631846,0.014379,0.960397,0.068414,0.269722,-15.642211,5.578545,5.603914,-0.079420,0.929232,-0.081475,0.351542,6.963207,83.109909,23.579794,-0.021178,0.905012,-0.137565,0.401970,10.121407,49.046505,30.827341,-0.044861,0.930980,0.033127,0.360786,6.876637,5.883593,42.772419,0.014379,0.960397,0.068414,0.269722,-8.707924,1.537045,-6.376498,-0.044861,0.930980,0.033127,0.360786,16.341825,1.430029,32.846481
1118,9.316667,0.018316,0.938164,-0.015607,0.345354,0.262799,83.318283,17.853188,0.000641,0.948152,0.069800,0.310056,0.589355,90.543137,17.732882,0.017232,0.954534,0.004266,0.297572,-0.115107,107.121529,19.955597,0.002436,0.974000,0.078153,0.212627,0.434798,125.224098,20.288877,0.019509,0.990418,-0.070679,0.117028,0.776680,138.996262,20.801455,0.073917,0.903406,0.083198,0.414092,-2.658069,120.003952,18.143522,0.054144,-0.678660,0.115259,-0.723329,-13.170422,123.297882,6.170814,0.035254,-0.188974,-0.362951,-0.911764,-11.998573,117.912422,-15.559027,0.183690,0.067147,-0.663217,-0.722421,1.804778,131.371323,-23.242241,-0.071912,0.987722,0.042817,0.131912,3.143826,119.753937,22.150684,0.261348,0.745721,-0.013007,-0.612722,18.679110,121.881378,26.490513,-0.069503,-0.056185,0.497850,-0.862646,21.201982,112.785873,6.156565,0.102461,-0.224406,0.716034,-0.653023,10.955850,130.298569,9.575079,0.054417,0.919716,0.109983,0.372914,-6.448151,83.526344,12.132154,0.083680,0.942470,-0.051591,0.319509,-7.079955,49.610622,3.638524,0.014704,0.960393,0.068680,0.269652,-15.642879,5.575821,5.604001,-0.079319,0.929257,-0.081628,0.351464,6.973748,83.110222,23.574223,-0.021156,0.905023,-0.137568,0.401947,10.122223,49.047436,30.828936,-0.044772,0.930964,0.033188,0.360833,6.875919,5.884525,42.773586,0.014704,0.960393,0.068680,0.269652,-8.712523,1.539308,-6.380364,-0.044772,0.930964,0.033188,0.360833,16.341427,1.431625,32.847656
1119,9.325000,0.018434,0.938222,-0.015874,0.345178,0.270439,83.322624,17.854090,0.000918,0.948221,0.069367,0.309942,0.599899,90.547302,17.730690,0.016927,0.954565,0.004077,0.297494,-0.090636,107.118347,19.941429,0.002507,0.974024,0.077990,0.212574,0.450797,125.221344,20.264856,0.019593,0.990432,-0.070544,0.116981,0.795480,138.993591,20.773388,0.074044,0.903458,0.083084,0.413978,-2.639978,119.998596,18.122850,0.054626,-0.678717,0.115410,-0.723215,-13.154795,123.294540,6.152868,0.036538,-0.189272,-0.362669,-0.911763,-11.987986,117.889938,-15.572484,0.184782,0.066913,-0.663674,-0.721745,1.817740,131.326263,-23.285099,-0.071837,0.987772,0.042334,0.131737,3.162721,119.753471,22.129145,0.261208,0.745523,-0.013371,-0.613015,18.699848,121.880959,26.462341,-0.069938,-0.056101,0.498333,-0.862337,21.209919,112.782303,6.128231,0.102476,-0.224330,0.715866,-0.653231,10.981728,130.307480,9.553836,0.054498,0.919774,0.109849,0.372799,-6.442573,83.531075,12.135492,0.083661,0.942515,-0.051482,0.319399,-7.084189,49.613914,3.648367,0.014639,0.960387,0.068651,0.269686,-15.642217,5.577821,5.606228,-0.079205,0.929299,-0.081770,0.351344,6.983451,83.114174,23.572687,-0.021120,0.905062,-0.137541,0.401869,10.121969,49.051754,30.833382,-0.044751,0.930967,0.033149,0.360832,6.874721,5.888036,42.774876,0.014639,0.960387,0.068651,0.269686,-8.710528,1.540930,-6.377236,-0.044751,0.930967,0.033149,0.360832,16.339903,1.433926,32.849182
1120,9.333333,0.018525,0.938262,-0.016150,0.345050,0.276439,83.324593,17.854494,0.000919,0.948305,0.069052,0.309757,0.608505,90.549095,17.727758,0.017021,0.954632,0.003769,0.297277,-0.078162,107.118538,19.928295,0.002457,0.974046,0.077891,0.212513,0.469906,125.221512,20.241966,0.019640,0.990419,-0.070503,0.117108,0.813747,138.993881,20.747461,0.074031,0.903545,0.082764,0.413856,-2.623735,119.998741,18.104136,0.054854,-0.678676,0.115750,-0.723182,-13.141905,123.289886,6.135775,0.037836,-0.189578,-0.362455,-0.911732,-11.976137,117.867599,-15.585230,0.186124,0.066607,-0.664561,-0.720611,1.832693,131.286087,-23.329185,-0.071829,0.987789,0.042173,0.131661,3.180737,119.753632,22.107866,0.260953,0.745363,-0.013847,-0.613307,18.718559,121.881691,26.438301,-0.070467,-0.055892,0.498654,-0.862122,21.218517,112.780151,6.104229,0.102182,-0.224112,0.715902,-0.653313,11.001605,130.313324,9.533987,0.054693,0.919828,0.109577,0.372718,-6.438067,83.532928,12.137644,0.083554,0.942537,-0.051272,0.319395,-7.100156,49.613079,3.662842,0.014448,0.960380,0.068709,0.269706,-15.643260,5.573445,5.606156,-0.079280,0.929408,-0.082122,0.350957,6.990944,83.116257,23.571344,-0.020842,0.905440,-0.137395,0.401081,10.128487,49.058693,30.855232,-0.044703,0.930999,0.033154,0.360755,6.874339,5.890307,42.777962,0.014448,0.960380,0.068709,0.269706,-8.709146,1.539402,-6.376863,-0.044703,0.930999,0.033154,0.360755,16.337467,1.435751,32.850506
1121,9.341667,0.018680,0.938304,-0.016475,0.344913,0.280245,83.327782,17.857018,0.001497,0.948383,0.068613,0.309612,0.616009,90.552048,17.726585,0.016603,0.954680,0.003370,0.297151,-0.047092,107.114944,19.918234,0.002491,0.974048,0.077977,0.212471,0.490859,125.218536,20.213509,0.019675,0.990413,-0.070585,0.117103,0.835076,138.990814,20.721487,0.074253,0.903657,0.082641,0.413596,-2.600434,119.991875,18.081808,0.055248,-0.678768,0.115963,-0.723032,-13.124521,123.287453,6.119864,0.039145,-0.189904,-0.362202,-0.911709,-11.966539,117.846825,-15.596981,0.187337,0.066127,-0.665491,-0.719482,1.845194,131.244980,-23.372644,-0.071823,0.987784,0.041994,0.131763,3.205293,119.754074,22.084162,0.261234,0.745146,-0.013642,-0.613456,18.742270,121.882568,26.417435,-0.070407,-0.055957,0.498868,-0.861999,21.227436,112.779724,6.082127,0.102013,-0.223976,0.715944,-0.653339,11.020145,130.317017,9.513131,0.054724,0.919729,0.109554,0.372963,-6.435834,83.536743,12.142035,0.083608,0.942540,-0.051249,0.319376,-7.098269,49.616791,3.667659,0.014532,0.960380,0.068705,0.269702,-15.645170,5.577737,5.607593,-0.079171,0.929406,-0.082290,0.350949,6.996325,83.118820,23.571999,-0.020869,0.905403,-0.137267,0.401208,10.122700,49.061985,30.864113,-0.044782,0.930983,0.033142,0.360785,6.873733,5.890554,42.777229,0.014532,0.960380,0.068705,0.269702,-8.711943,1.543035,-6.375724,-0.044782,0.930983,0.033142,0.360785,16.338215,1.436561,32.850803
1122,9.350000,0.018736,0.938336,-0.016815,0.344808,0.289812,83.327446,17.859608,0.001481,0.948448,0.068273,0.309489,0.628015,90.551506,17.724813,0.016564,0.954723,0.002963,0.297019,-0.031747,107.114944,19.905540,0.002541,0.974035,0.078209,0.212446,0.509269,125.218674,20.186272,0.019752,0.990382,-0.070944,0.117130,0.853447,138.990707,20.700783,0.074359,0.903761,0.082302,0.413416,-2.583504,119.990829,18.059626,0.055635,-0.678773,0.116217,-0.722957,-13.111933,123.284737,6.101044,0.040349,-0.190203,-0.362056,-0.911653,-11.956887,117.824486,-15.611032,0.188618,0.065339,-0.666432,-0.718347,1.855729,131.207443,-23.416069,-0.071701,0.987801,0.041797,0.131765,3.223348,119.755257,22.060478,0.261266,0.744949,-0.013666,-0.613681,18.760872,121.880707,26.393267,-0.070744,-0.055913,0.499216,-0.861773,21.232924,112.778297,6.056169,0.101632,-0.223995,0.716409,-0.652882,11.039192,130.323578,9.493205,0.054924,0.919800,0.109278,0.372840,-6.427505,83.535316,12.146042,0.083530,0.942486,-0.051050,0.319588,-7.111171,49.612667,3.684153,0.014558,0.960384,0.068870,0.269642,-15.646394,5.570635,5.607698,-0.078984,0.929455,-0.082517,0.350808,7.007129,83.119568,23.573174,-0.020788,0.905560,-0.137123,0.400906,10.116847,49.063290,30.874968,-0.044748,0.930944,0.033192,0.360887,6.870523,5.888015,42.774857,0.014558,0.960384,0.068870,0.269642,-8.714350,1.540238,-6.377748,-0.044748,0.930944,0.033192,0.360887,16.336960,1.434993,32.849865
1123,9.358333,0.018839,0.938355,-0.017212,0.344731,0.293280,83.328590,17.863049,0.001487,0.948529,0.067823,0.309338,0.634846,90.552399,17.723347,0.016875,0.954782,0.002610,0.296815,-0.019637,107.115555,19.889730,0.002556,0.974061,0.078227,0.212318,0.536010,125.218987,20.161488,0.019691,0.990376,-0.071154,0.117067,0.880333,138.990997,20.676426,0.074318,0.903875,0.081893,0.413256,-2.561884,119.992592,18.038719,0.055970,-0.678852,0.116490,-0.722812,-13.094809,123.279617,6.082211,0.041505,-0.190587,-0.361856,-0.911600,-11.947487,117.800858,-15.625602,0.189670,0.064740,-0.667493,-0.717138,1.866820,131.167389,-23.462793,-0.071791,0.987803,0.041750,0.131714,3.246531,119.754288,22.037140,0.261573,0.744672,-0.013645,-0.613887,18.784071,121.882904,26.368305,-0.070536,-0.056164,0.499461,-0.861632,21.237602,112.773941,6.031904,0.102045,-0.223637,0.716430,-0.652918,11.055847,130.323380,9.473680,0.054968,0.919837,0.109126,0.372787,-6.424909,83.535774,12.150487,0.083555,0.942674,-0.050841,0.319060,-7.115941,49.611137,3.697161,0.014588,0.960373,0.068943,0.269663,-15.646228,5.567560,5.607105,-0.078918,0.929472,-0.082748,0.350723,7.011469,83.121399,23.575609,-0.020737,0.905718,-0.136955,0.400609,10.111848,49.067055,30.890400,-0.044721,0.930978,0.033218,0.360800,6.871346,5.887443,42.776131,0.014588,0.960373,0.068943,0.269663,-8.713755,1.538900,-6.378675,-0.044721,0.930978,0.033218,0.360800,16.335764,1.434734,32.849075
1124,9.366667,0.018912,0.938357,-0.017529,0.344705,0.297073,83.331230,17.867161,0.001504,0.948596,0.067475,0.309209,0.641212,90.554848,17.723522,0.017008,0.954836,0.002252,0.296637,-0.008796,107.118484,19.879026,0.002464,0.974096,0.078050,0.212226,0.555328,125.221809,20.139708,0.019851,0.990356,-0.071335,0.117102,0.898114,138.994064,20.649233,0.074245,0.903880,0.081586,0.413318,-2.545800,119.995583,18.021271,0.056454,-0.678999,0.116635,-0.722613,-13.077413,123.276520,6.061934,0.042580,-0.191046,-0.361720,-0.911508,-11.940536,117.779030,-15.641689,0.190518,0.064250,-0.668187,-0.716311,1.870810,131.129959,-23.511549,-0.071758,0.987824,0.041649,0.131608,3.264044,119.756996,22.017593,0.261757,0.744435,-0.013586,-0.614096,18.802639,121.885193,26.345169,-0.070496,-0.056377,0.499723,-0.861469,21.240299,112.774345,6.007703,0.102131,-0.223748,0.716700,-0.652570,11.071295,130.327530,9.456266,0.055111,0.919727,0.109030,0.373066,-6.421383,83.537720,12.154887,0.083516,0.942501,-0.050818,0.319586,-7.121589,49.612732,3.703752,0.014691,0.960368,0.068971,0.269668,-15.649016,5.568356,5.608080,-0.078711,0.929369,-0.082881,0.351012,7.015529,83.124748,23.579432,-0.020948,0.905501,-0.136790,0.401144,10.096955,49.069660,30.898788,-0.044757,0.930995,0.033229,0.360750,6.872582,5.886781,42.777020,0.014691,0.960368,0.068971,0.269668,-8.717295,1.539737,-6.378149,-0.044757,0.930995,0.033229,0.360750,16.336311,1.434698,32.849033
1125,9.375000,0.018986,0.938344,-0.017794,0.344722,0.300587,83.333740,17.870552,0.001543,0.948638,0.067118,0.309157,0.647044,90.557182,17.723686,0.017099,0.954862,0.001983,0.296549,0.002093,107.122101,19.868347,0.002533,0.974134,0.077603,0.212215,0.572280,125.225357,20.120630,0.019884,0.990342,-0.071390,0.117175,0.919517,138.997910,20.618460,0.074266,0.903889,0.081166,0.413378,-2.530991,119.999184,18.005180,0.056757,-0.679118,0.116952,-0.722427,-13.060899,123.275284,6.043013,0.043509,-0.191584,-0.361574,-0.911409,-11.934558,117.758957,-15.656386,0.191410,0.063646,-0.668749,-0.715602,1.874940,131.096725,-23.560825,-0.071741,0.987884,0.041741,0.131136,3.279542,119.760490,22.000498,0.261796,0.744245,-0.013737,-0.614307,18.822266,121.888496,26.313332,-0.070588,-0.056759,0.500006,-0.861272,21.247410,112.774315,5.975865,0.102494,-0.223994,0.717060,-0.652033,11.090629,130.334213,9.440595,0.055222,0.919547,0.108784,0.373563,-6.417612,83.539818,12.157962,0.083539,0.942574,-0.050622,0.319396,-7.126863,49.611938,3.719211,0.014550,0.960361,0.069010,0.269691,-15.650301,5.566126,5.608096,-0.078683,0.929337,-0.083136,0.351041,7.018787,83.127663,23.583141,-0.020884,0.905597,-0.136572,0.401006,10.091791,49.075230,30.918344,-0.044795,0.930983,0.033261,0.360773,6.871916,5.886769,42.777512,0.014550,0.960361,0.069010,0.269691,-8.716579,1.539497,-6.377644,-0.044795,0.930983,0.033261,0.360773,16.336557,1.435917,32.849838
1126,9.383333,0.019004,0.938327,-0.018068,0.344754,0.302791,83.336868,17.876408,0.001470,0.948680,0.066745,0.309111,0.650866,90.560165,17.725927,0.017323,0.954887,0.001658,0.296458,0.007617,107.125053,19.857862,0.002652,0.974181,0.077019,0.212209,0.589058,125.228073,20.101271,0.019920,0.990331,-0.071389,0.117264,0.942918,139.001007,20.583998,0.074339,0.903883,0.080722,0.413466,-2.517873,120.002808,17.988976,0.057135,-0.679286,0.117237,-0.722192,-13.045051,123.275291,6.023418,0.044569,-0.192060,-0.361479,-0.911295,-11.931981,117.739014,-15.671578,0.192486,0.063316,-0.669170,-0.714949,1.873448,131.062836,-23.609243,-0.071806,0.987918,0.041527,0.130909,3.293316,119.762444,21.983238,0.261774,0.744082,-0.013898,-0.614511,18.837669,121.893845,26.288509,-0.070795,-0.056894,0.500348,-0.861048,21.252106,112.777748,5.950625,0.102830,-0.223903,0.718222,-0.650731,11.109140,130.345810,9.425203,0.055392,0.919403,0.108643,0.373933,-6.415004,83.541573,12.163292,0.083468,0.942489,-0.050519,0.319681,-7.135486,49.612858,3.728829,0.014519,0.960365,0.069093,0.269657,-15.650604,5.565044,5.608544,-0.078604,0.929302,-0.083283,0.351116,7.020585,83.132172,23.589523,-0.020953,0.905496,-0.136413,0.401284,10.084176,49.080570,30.932533,-0.044795,0.930995,0.033283,0.360740,6.872040,5.888450,42.780476,0.014519,0.960365,0.069093,0.269657,-8.717193,1.540886,-6.378205,-0.044795,0.930995,0.033283,0.360740,16.336054,1.438126,32.851971
1127,9.391667,0.019092,0.938286,-0.018363,0.344844,0.304390,83.339325,17.881628,0.001620,0.948696,0.066481,0.309116,0.655148,90.562401,17.727613,0.017166,0.954896,0.001129,0.296441,0.019213,107.132614,19.853300,0.003151,0.974161,0.076904,0.212334,0.600942,125.235878,20.076700,0.019817,0.990300,-0.071727,0.117341,0.969049,139.008438,20.559341,0.074221,0.903902,0.080239,0.413539,-2.506187,120.008324,17.970348,0.057577,-0.679426,0.117357,-0.722006,-13.031981,123.271072,6.000916,0.045787,-0.192373,-0.361444,-0.911183,-11.928663,117.718086,-15.690309,0.193745,0.063124,-0.669710,-0.714119,1.873013,131.028778,-23.657232,-0.071526,0.987961,0.041335,0.130797,3.305223,119.772293,21.964546,0.261703,0.744015,-0.014000,-0.614619,18.851830,121.895775,26.265591,-0.071090,-0.056913,0.500577,-0.860889,21.261969,112.779961,5.927075,0.102872,-0.223769,0.718727,-0.650212,11.127631,130.353729,9.408993,0.055480,0.919249,0.108622,0.374307,-6.412255,83.543640,12.167148,0.083472,0.942391,-0.050543,0.319966,-7.135554,49.615284,3.731478,0.014309,0.960383,0.069002,0.269626,-15.652293,5.567750,5.610427,-0.078544,0.929211,-0.083417,0.351339,7.021036,83.135002,23.596107,-0.020984,0.905513,-0.136240,0.401304,10.075633,49.084301,30.947039,-0.044766,0.931010,0.033352,0.360699,6.872025,5.888075,42.782280,0.014309,0.960383,0.069002,0.269626,-8.717937,1.542604,-6.375444,-0.044766,0.931010,0.033352,0.360699,16.335083,1.439156,32.852234
1128,9.400000,0.019189,0.938237,-0.018707,0.344954,0.303701,83.339912,17.888672,0.001690,0.948730,0.065980,0.309119,0.657500,90.562759,17.730520,0.017268,0.954909,0.000784,0.296394,0.028963,107.135246,19.841127,0.003481,0.974162,0.076730,0.212387,0.617926,125.238419,20.053682,0.019685,0.990276,-0.072035,0.117379,0.996002,139.010803,20.533602,0.074227,0.903946,0.079911,0.413505,-2.491513,120.010841,17.950777,0.057908,-0.679503,0.117724,-0.721848,-13.018177,123.269379,5.980960,0.046986,-0.192797,-0.361417,-0.911043,-11.923415,117.695068,-15.705231,0.194973,0.063080,-0.670342,-0.713196,1.874464,130.994293,-23.706270,-0.071461,0.987977,0.041162,0.130766,3.320236,119.774879,21.944489,0.261690,0.743897,-0.014231,-0.614763,18.867416,121.897087,26.244099,-0.071305,-0.056768,0.500875,-0.860708,21.269951,112.776649,5.906753,0.102803,-0.223674,0.719081,-0.649864,11.146585,130.358215,9.388656,0.055499,0.919169,0.108509,0.374532,-6.411539,83.543686,12.172520,0.083508,0.942372,-0.050406,0.320033,-7.137007,49.613766,3.743339,0.014516,0.960358,0.069115,0.269677,-15.653025,5.565530,5.609119,-0.078452,0.929092,-0.083475,0.351660,7.018942,83.136139,23.604822,-0.021076,0.905462,-0.136057,0.401476,10.063641,49.085117,30.958378,-0.044836,0.930999,0.033391,0.360715,6.871928,5.884755,42.781773,0.014516,0.960358,0.069115,0.269677,-8.719034,1.541946,-6.377489,-0.044836,0.930999,0.033391,0.360715,16.336071,1.437562,32.851986
1129,9.408333,0.019260,0.938183,-0.019015,0.345080,0.304734,83.340675,17.894897,0.001740,0.948741,0.065579,0.309171,0.661059,90.563316,17.732971,0.017369,0.954903,0.000350,0.296408,0.038214,107.135475,19.831120,0.003610,0.974192,0.076448,0.212352,0.635330,125.238525,20.029736,0.019768,0.990270,-0.072306,0.117246,1.018481,139.011017,20.502747,0.074332,0.903971,0.079484,0.413514,-2.476434,120.010742,17.930813,0.058258,-0.679666,0.117933,-0.721632,-13.002339,123.266724,5.959629,0.048236,-0.193073,-0.361438,-0.910911,-11.919711,117.675697,-15.722876,0.196597,0.062831,-0.670765,-0.712374,1.874807,130.964798,-23.753082,-0.071404,0.987991,0.040916,0.130770,3.335151,119.775238,21.924791,0.261808,0.743828,-0.014088,-0.614799,18.882563,121.896683,26.223951,-0.071428,-0.056763,0.501020,-0.860613,21.280340,112.777016,5.885695,0.102619,-0.223542,0.719523,-0.649450,11.162955,130.361481,9.370133,0.055560,0.919079,0.108364,0.374785,-6.408926,83.543694,12.176861,0.083524,0.942396,-0.050280,0.319977,-7.139859,49.612041,3.755117,0.014573,0.960355,0.069146,0.269674,-15.653499,5.562901,5.610314,-0.078407,0.929056,-0.083589,0.351740,7.018394,83.137657,23.612932,-0.021020,0.905601,-0.135893,0.401221,10.056695,49.087475,30.973009,-0.044712,0.931006,0.033470,0.360705,6.869784,5.882895,42.782265,0.014573,0.960355,0.069146,0.269674,-8.720013,1.539778,-6.376742,-0.044712,0.931006,0.033470,0.360705,16.332766,1.436393,32.851059
1130,9.416667,0.019354,0.938103,-0.019466,0.345268,0.302523,83.341446,17.905151,0.001742,0.948765,0.064880,0.309247,0.662415,90.563782,17.737644,0.017611,0.954894,0.000063,0.296424,0.047000,107.131683,19.812773,0.003392,0.974220,0.076280,0.212285,0.655567,125.234436,20.004074,0.020072,0.990245,-0.072697,0.117164,1.033760,139.007263,20.471203,0.074529,0.904069,0.079042,0.413349,-2.459452,120.007774,17.907192,0.058398,-0.679689,0.118407,-0.721521,-12.988842,123.263382,5.938983,0.049450,-0.193387,-0.361605,-0.910713,-11.912676,117.653290,-15.738901,0.198422,0.062943,-0.671088,-0.711553,1.872835,130.936356,-23.798594,-0.071561,0.987986,0.040681,0.130799,3.351883,119.770203,21.901407,0.262677,0.743719,-0.013044,-0.614584,18.898312,121.897652,26.201141,-0.071069,-0.057229,0.501186,-0.860515,21.287506,112.779190,5.861331,0.102541,-0.223439,0.719745,-0.649252,11.181067,130.363663,9.354491,0.055538,0.919016,0.108287,0.374965,-6.408778,83.543190,12.184306,0.083584,0.942394,-0.050147,0.319988,-7.138680,49.610199,3.767871,0.014592,0.960342,0.069213,0.269702,-15.653599,5.560753,5.610002,-0.078314,0.928969,-0.083502,0.352009,7.013824,83.139702,23.625998,-0.021154,0.905490,-0.135755,0.401511,10.046141,49.087479,30.979113,-0.044851,0.931004,0.033450,0.360695,6.871308,5.880043,42.781158,0.014592,0.960342,0.069213,0.269702,-8.719409,1.539262,-6.377192,-0.044851,0.931004,0.033450,0.360695,16.335325,1.434499,32.850517
1131,9.425000,0.019374,0.938038,-0.019702,0.345430,0.306470,83.342102,17.911867,0.001275,0.948790,0.064758,0.309196,0.667835,90.564285,17.741329,0.018072,0.954933,-0.000475,0.296270,0.039015,107.131172,19.807642,0.003698,0.974270,0.075743,0.212243,0.669308,125.233315,19.985182,0.020085,0.990224,-0.072962,0.117171,1.058843,139.006241,20.439533,0.074579,0.904027,0.078441,0.413545,-2.452668,120.008827,17.893259,0.058586,-0.679824,0.118551,-0.721355,-12.976548,123.258247,5.918516,0.050669,-0.193595,-0.361616,-0.910597,-11.910115,117.638252,-15.757296,0.199997,0.063161,-0.671384,-0.710813,1.871981,130.910034,-23.842432,-0.071594,0.988014,0.040395,0.130652,3.359720,119.767288,21.885704,0.262688,0.743640,-0.013109,-0.614673,18.907246,121.897270,26.180214,-0.071309,-0.057207,0.501499,-0.860315,21.291248,112.777534,5.840367,0.102621,-0.223354,0.720222,-0.648739,11.197253,130.369095,9.338246,0.055629,0.918937,0.108123,0.375192,-6.402849,83.542664,12.188653,0.083627,0.942394,-0.050020,0.319997,-7.140893,49.607895,3.780099,0.014517,0.960336,0.069305,0.269704,-15.655822,5.557951,5.610183,-0.078243,0.928855,-0.083660,0.352289,7.015790,83.141533,23.635080,-0.021210,0.905513,-0.135551,0.401525,10.037356,49.090382,30.997562,-0.044783,0.931050,0.033577,0.360573,6.874332,5.878186,42.785355,0.014517,0.960336,0.069305,0.269704,-8.720611,1.539455,-6.377426,-0.044783,0.931050,0.033577,0.360573,16.335472,1.435058,32.850883
1132,9.433333,0.019371,0.937967,-0.019950,0.345608,0.308220,83.344994,17.919476,0.001519,0.948784,0.064220,0.309326,0.670815,90.567047,17.745617,0.017954,0.954899,-0.000901,0.296387,0.054936,107.138000,19.797598,0.003566,0.974275,0.075560,0.212290,0.685696,125.240280,19.959219,0.020338,0.990195,-0.073299,0.117166,1.072795,139.013458,20.407932,0.074605,0.904094,0.078268,0.413429,-2.435948,120.014015,17.871216,0.058735,-0.679966,0.118882,-0.721154,-12.962844,123.261726,5.898657,0.051646,-0.193853,-0.361497,-0.910535,-11.908628,117.627205,-15.773982,0.201119,0.063402,-0.671637,-0.710236,1.874391,130.886581,-23.883657,-0.071527,0.987991,0.040337,0.130880,3.375522,119.775864,21.865208,0.262955,0.743517,-0.013065,-0.614709,18.921421,121.903595,26.166731,-0.071280,-0.057128,0.501798,-0.860148,21.297169,112.777603,5.828723,0.102529,-0.223386,0.720637,-0.648281,11.214901,130.377045,9.323779,0.055727,0.918847,0.107933,0.375453,-6.398928,83.543900,12.193656,0.083613,0.942005,-0.049984,0.321151,-7.145918,49.607029,3.794386,0.014526,0.960286,0.069389,0.269861,-15.660894,5.556551,5.611382,-0.078238,0.928753,-0.083799,0.352526,7.015368,83.146088,23.645294,-0.021224,0.905429,-0.135310,0.401795,10.031256,49.096519,31.017422,-0.044798,0.931050,0.033619,0.360568,6.874596,5.878529,42.785675,0.014526,0.960286,0.069389,0.269861,-8.721711,1.540118,-6.374626,-0.044798,0.931050,0.033619,0.360568,16.335865,1.436607,32.850784
1133,9.441667,0.019404,0.937876,-0.020293,0.345834,0.308791,83.347115,17.927332,0.001665,0.948753,0.063848,0.309497,0.673591,90.568947,17.749083,0.017895,0.954852,-0.001229,0.296540,0.065937,107.138840,19.790380,0.003691,0.974283,0.074899,0.212481,0.698174,125.241173,19.940113,0.020452,0.990153,-0.073484,0.117381,1.092732,139.014679,20.371906,0.074746,0.904084,0.077947,0.413485,-2.423268,120.013771,17.854639,0.058758,-0.680092,0.119244,-0.720974,-12.947948,123.261436,5.880126,0.052371,-0.194198,-0.361375,-0.910469,-11.905278,117.615173,-15.790008,0.201963,0.063395,-0.672000,-0.709653,1.877232,130.863647,-23.923620,-0.071563,0.988004,0.040177,0.130812,3.386952,119.777802,21.850574,0.262410,0.743412,-0.014253,-0.615042,18.933260,121.907471,26.149643,-0.071887,-0.056632,0.502178,-0.859909,21.303463,112.767944,5.817074,0.102484,-0.223217,0.720434,-0.648573,11.233025,130.378632,9.308231,0.055694,0.918800,0.107747,0.375627,-6.395578,83.544373,12.198207,0.083708,0.942417,-0.049677,0.319962,-7.143811,49.604435,3.811448,0.014501,0.960331,0.069508,0.269673,-15.655790,5.552649,5.610524,-0.078234,0.928651,-0.083881,0.352775,7.013162,83.149864,23.656458,-0.021249,0.905427,-0.135143,0.401855,10.024733,49.101204,31.034534,-0.044802,0.931084,0.033620,0.360480,6.875385,5.879235,42.790108,0.014501,0.960331,0.069508,0.269673,-8.720590,1.539739,-6.378959,-0.044802,0.931084,0.033620,0.360480,16.334835,1.437318,32.853489
1134,9.450000,0.019386,0.937768,-0.020583,0.346109,0.310341,83.348999,17.935226,0.001642,0.948730,0.063472,0.309644,0.676389,90.570663,17.753054,0.018097,0.954820,-0.001592,0.296628,0.071582,107.141945,19.782145,0.003672,0.974315,0.074300,0.212549,0.714697,125.243988,19.921560,0.020618,0.990121,-0.073738,0.117463,1.112352,139.017914,20.337132,0.074798,0.904079,0.077501,0.413570,-2.409530,120.017265,17.838556,0.058954,-0.680288,0.119438,-0.720741,-12.931692,123.260643,5.860666,0.053075,-0.194480,-0.361289,-0.910402,-11.903002,117.602852,-15.807134,0.202592,0.063631,-0.672233,-0.709233,1.876792,130.840027,-23.960821,-0.071468,0.988008,0.040063,0.130869,3.399850,119.780090,21.835636,0.263357,0.743416,-0.012827,-0.614663,18.946123,121.907127,26.136143,-0.071362,-0.057030,0.502216,-0.859904,21.314901,112.775513,5.799842,0.102336,-0.223244,0.720800,-0.648179,11.250012,130.383774,9.293625,0.055724,0.918659,0.107559,0.376021,-6.390688,83.544029,12.202118,0.083785,0.942109,-0.049637,0.320855,-7.142322,49.601509,3.826128,0.014511,0.960277,0.069558,0.269849,-15.661356,5.550522,5.611494,-0.078186,0.928578,-0.083984,0.352955,7.011371,83.153961,23.668337,-0.021257,0.905410,-0.134902,0.401974,10.015826,49.105991,31.052500,-0.044857,0.931069,0.033615,0.360511,6.874380,5.878207,42.788803,0.014511,0.960277,0.069558,0.269849,-8.721815,1.538740,-6.375860,-0.044857,0.931069,0.033615,0.360511,16.334978,1.436754,32.853065
1135,9.458333,0.019419,0.937655,-0.020944,0.346392,0.309793,83.349182,17.942970,0.001541,0.948704,0.063122,0.309796,0.678148,90.570618,17.756186,0.018360,0.954787,-0.001886,0.296716,0.073484,107.142128,19.772942,0.003722,0.974343,0.073710,0.212622,0.728838,125.243774,19.905064,0.020821,0.990084,-0.074061,0.117538,1.131387,139.018005,20.305073,0.074883,0.904018,0.077161,0.413751,-2.398561,120.018326,17.823641,0.059045,-0.680420,0.119748,-0.720558,-12.915439,123.259949,5.840630,0.053624,-0.194739,-0.361220,-0.910341,-11.898133,117.589996,-15.824537,0.203110,0.063882,-0.672486,-0.708821,1.879256,130.818390,-23.995472,-0.071456,0.988010,0.039973,0.130889,3.409950,119.778847,21.821854,0.263649,0.743393,-0.012504,-0.614573,18.956110,121.905861,26.122797,-0.071394,-0.056998,0.502464,-0.859758,21.322973,112.773727,5.786507,0.102259,-0.223136,0.720970,-0.648040,11.269646,130.385284,9.279707,0.055721,0.918561,0.107366,0.376315,-6.387758,83.542419,12.205735,0.083853,0.942100,-0.049472,0.320887,-7.141648,49.596958,3.841867,0.014561,0.960275,0.069672,0.269825,-15.661743,5.545524,5.611055,-0.078181,0.928475,-0.084064,0.353208,7.007344,83.155945,23.680206,-0.021264,0.905454,-0.134671,0.401950,10.007472,49.108849,31.070169,-0.044725,0.931068,0.033723,0.360521,6.875265,5.875510,42.788456,0.014561,0.960275,0.069672,0.269825,-8.722923,1.536480,-6.377635,-0.044725,0.931068,0.033723,0.360521,16.335136,1.435422,32.851414
1136,9.466667,0.019439,0.937547,-0.021279,0.346664,0.312560,83.349380,17.950375,0.001438,0.948669,0.062813,0.309967,0.682921,90.570602,17.759256,0.018432,0.954745,-0.002295,0.296846,0.077902,107.141304,19.764812,0.003958,0.974343,0.073158,0.212809,0.740097,125.242790,19.883663,0.020892,0.990041,-0.074324,0.117723,1.152459,139.017136,20.270365,0.075071,0.903973,0.076804,0.413883,-2.388745,120.016991,17.805311,0.059058,-0.680493,0.120171,-0.720417,-12.901134,123.259560,5.818632,0.053984,-0.194974,-0.361127,-0.910306,-11.892843,117.576073,-15.843394,0.203539,0.063934,-0.672638,-0.708549,1.884750,130.798218,-24.028877,-0.071420,0.988009,0.039776,0.130975,3.418636,119.778275,21.805204,0.263806,0.743425,-0.012578,-0.614465,18.964218,121.904877,26.108402,-0.071459,-0.056787,0.502585,-0.859696,21.333290,112.765144,5.775797,0.101926,-0.223099,0.720271,-0.648882,11.285191,130.378067,9.262684,0.055785,0.918446,0.107227,0.376627,-6.381644,83.540764,12.209177,0.083899,0.942063,-0.049372,0.320999,-7.140510,49.593723,3.852173,0.014467,0.960271,0.069679,0.269844,-15.661809,5.542090,5.610575,-0.078109,0.928388,-0.084100,0.353442,7.006762,83.157990,23.691570,-0.021318,0.905429,-0.134502,0.402061,9.999434,49.110527,31.082865,-0.044809,0.931088,0.033645,0.360466,6.876334,5.873311,42.789280,0.014467,0.960271,0.069679,0.269844,-8.721640,1.533848,-6.377594,-0.044809,0.931088,0.033645,0.360466,16.335613,1.432086,32.852192
1137,9.475000,0.019505,0.937412,-0.021647,0.347001,0.312842,83.352722,17.956711,0.001398,0.948614,0.062554,0.310188,0.686022,90.573677,17.761065,0.018548,0.954688,-0.002616,0.297017,0.082041,107.142616,19.757568,0.003858,0.974385,0.072621,0.212806,0.751715,125.243889,19.866678,0.021362,0.990012,-0.074778,0.117592,1.164537,139.018631,20.238295,0.075116,0.903888,0.076547,0.414108,-2.378574,120.018242,17.790113,0.059144,-0.680609,0.120459,-0.720252,-12.884681,123.259018,5.797439,0.054325,-0.195068,-0.361048,-0.910298,-11.886581,117.564201,-15.862086,0.203905,0.064007,-0.672875,-0.708213,1.891833,130.780197,-24.055954,-0.071392,0.988002,0.039652,0.131084,3.427313,119.779327,21.792166,0.263992,0.743306,-0.012460,-0.614532,18.972097,121.905388,26.098526,-0.071426,-0.056866,0.502887,-0.859517,21.333111,112.764084,5.765687,0.102258,-0.223077,0.721886,-0.647040,11.295553,130.387833,9.255950,0.055869,0.918226,0.107011,0.377210,-6.377191,83.542778,12.210611,0.083915,0.941979,-0.049249,0.321262,-7.141907,49.593163,3.864612,0.014307,0.960268,0.069665,0.269866,-15.661537,5.540684,5.609788,-0.078170,0.928312,-0.084189,0.353607,7.002876,83.162666,23.702812,-0.021287,0.905399,-0.134282,0.402204,9.995972,49.116928,31.101862,-0.044690,0.931087,0.033653,0.360481,6.876493,5.874279,42.789162,0.014307,0.960268,0.069665,0.269866,-8.719375,1.533163,-6.377468,-0.044690,0.931087,0.033653,0.360481,16.335005,1.432002,32.851810
1138,9.483333,0.019456,0.937235,-0.021877,0.347467,0.319258,83.356316,17.964479,0.001257,0.948550,0.062190,0.310456,0.693013,90.577148,17.765656,0.018746,0.954625,-0.002939,0.297207,0.087984,107.142326,19.748419,0.003712,0.974404,0.072057,0.212913,0.767925,125.243286,19.848618,0.021653,0.989970,-0.075100,0.117689,1.180262,139.018448,20.204275,0.075142,0.903802,0.076454,0.414307,-2.364531,120.018349,17.773481,0.059188,-0.680843,0.120661,-0.719994,-12.865147,123.258934,5.775938,0.054700,-0.195044,-0.360839,-0.910363,-11.883503,117.557022,-15.882483,0.204366,0.064152,-0.672992,-0.707955,1.900809,130.762375,-24.080696,-0.071446,0.987962,0.039445,0.131416,3.439661,119.778152,21.777916,0.264165,0.743406,-0.012106,-0.614343,18.981367,121.906319,26.094347,-0.071316,-0.056805,0.502875,-0.859537,21.348682,112.767921,5.760923,0.102438,-0.222745,0.722307,-0.646656,11.310760,130.391418,9.246628,0.055996,0.918077,0.106812,0.377611,-6.365108,83.543900,12.211701,0.083981,0.941896,-0.049189,0.321495,-7.139696,49.592297,3.874682,0.014514,0.960244,0.069768,0.269914,-15.663619,5.540285,5.610767,-0.078247,0.928227,-0.084374,0.353769,7.003625,83.168732,23.717257,-0.021108,0.905512,-0.133976,0.402062,9.995674,49.126011,31.130617,-0.044720,0.931057,0.033646,0.360557,6.874657,5.875301,42.787647,0.014514,0.960244,0.069768,0.269914,-8.721928,1.534066,-6.377206,-0.044720,0.931057,0.033646,0.360557,16.335041,1.433245,32.851974
1139,9.491667,0.019406,0.937091,-0.022070,0.347845,0.324403,83.359398,17.967779,0.001177,0.948478,0.061961,0.310722,0.698534,90.580139,17.766243,0.018781,0.954553,-0.003131,0.297433,0.092833,107.144867,19.740627,0.003720,0.974419,0.071426,0.213054,0.776037,125.245728,19.834732,0.022088,0.989919,-0.075512,0.117773,1.192467,139.021194,20.173550,0.075096,0.903686,0.076243,0.414607,-2.356405,120.020638,17.759983,0.059012,-0.680962,0.121085,-0.719824,-12.849142,123.257484,5.754547,0.054987,-0.194952,-0.360691,-0.910424,-11.879372,117.547844,-15.902365,0.205016,0.064455,-0.673046,-0.707688,1.910908,130.746353,-24.101604,-0.071399,0.987950,0.039253,0.131588,3.445870,119.780800,21.767214,0.264210,0.743439,-0.012163,-0.614283,18.986315,121.908020,26.088636,-0.071445,-0.056616,0.503067,-0.859427,21.355883,112.766197,5.757028,0.102587,-0.222369,0.722645,-0.646384,11.324465,130.395416,9.239202,0.056044,0.917905,0.106607,0.378080,-6.355350,83.544785,12.209577,0.084090,0.941913,-0.049108,0.321431,-7.134248,49.590504,3.883898,0.014496,0.960224,0.069808,0.269976,-15.664907,5.539435,5.610552,-0.078180,0.928061,-0.084510,0.354188,7.004157,83.174011,23.725981,-0.021255,0.905328,-0.133753,0.402540,9.985118,49.132160,31.147783,-0.044684,0.931105,0.033659,0.360435,6.878047,5.876663,42.790749,0.014496,0.960224,0.069808,0.269976,-8.721398,1.534366,-6.376749,-0.044684,0.931105,0.033659,0.360435,16.335552,1.434453,32.852409
1140,9.500000,0.019312,0.936950,-0.022363,0.348212,0.329666,83.364944,17.974058,0.001439,0.948384,0.061578,0.311086,0.704085,90.585556,17.768223,0.018448,0.954439,-0.003305,0.297816,0.110196,107.144211,19.732117,0.003779,0.974383,0.070904,0.213393,0.783754,125.245476,19.816885,0.022343,0.989853,-0.075877,0.118046,1.205297,139.021118,20.142361,0.075211,0.903657,0.076061,0.414682,-2.344285,120.017601,17.742516,0.059186,-0.681302,0.120869,-0.719524,-12.834440,123.255493,5.735097,0.055659,-0.194619,-0.360338,-0.910594,-11.883100,117.548264,-15.923273,0.205706,0.064802,-0.673115,-0.707391,1.922792,130.730988,-24.120342,-0.071465,0.987897,0.039187,0.131970,3.454952,119.783020,21.754456,0.264467,0.743406,-0.012099,-0.614214,18.991821,121.912041,26.087847,-0.071337,-0.056438,0.503318,-0.859301,21.359074,112.763847,5.758825,0.102960,-0.221847,0.723867,-0.645135,11.336919,130.400574,9.233009,0.056158,0.917663,0.106415,0.378703,-6.345644,83.546791,12.210591,0.084138,0.941874,-0.049031,0.321545,-7.131325,49.590538,3.893598,0.014439,0.960242,0.069825,0.269911,-15.664035,5.539513,5.611294,-0.078126,0.927961,-0.084554,0.354450,7.004976,83.183098,23.737524,-0.021297,0.905221,-0.133575,0.402839,9.979290,49.141190,31.161741,-0.044636,0.931114,0.033505,0.360433,6.878235,5.881572,42.791000,0.014439,0.960242,0.069825,0.269911,-8.721529,1.535328,-6.376886,-0.044636,0.931114,0.033505,0.360433,16.334864,1.434946,32.853798
1141,9.508333,0.019331,0.936804,-0.022625,0.348587,0.333093,83.367584,17.978439,0.001333,0.948294,0.061389,0.311396,0.709168,90.588013,17.769310,0.018473,0.954349,-0.003546,0.298102,0.113353,107.143951,19.725504,0.004176,0.974349,0.070138,0.213793,0.790344,125.245117,19.802389,0.022406,0.989779,-0.076153,0.118472,1.227597,139.020676,20.109962,0.075260,0.903576,0.075786,0.414901,-2.337474,120.016899,17.728563,0.059069,-0.681327,0.121184,-0.719457,-12.821486,123.252853,5.715263,0.056020,-0.194439,-0.360239,-0.910650,-11.875105,117.539360,-15.941673,0.206378,0.065204,-0.673188,-0.707089,1.935781,130.715805,-24.136997,-0.071506,0.987860,0.039053,0.132263,3.459345,119.783043,21.744040,0.264693,0.743451,-0.012003,-0.614063,18.993504,121.913483,26.086449,-0.071302,-0.056265,0.503478,-0.859221,21.363701,112.759933,5.760180,0.103127,-0.221427,0.724619,-0.644409,11.347754,130.400604,9.227659,0.056193,0.917499,0.106240,0.379145,-6.337605,83.547943,12.209586,0.084239,0.941843,-0.048958,0.321619,-7.126278,49.589355,3.902399,0.014405,0.960214,0.069751,0.270031,-15.665504,5.539208,5.610320,-0.078026,0.927742,-0.084651,0.355022,7.003789,83.187225,23.747295,-0.021444,0.905026,-0.133324,0.403352,9.964604,49.145378,31.177156,-0.044511,0.931094,0.033554,0.360495,6.878050,5.880299,42.789955,0.014405,0.960214,0.069751,0.270031,-8.720018,1.533152,-6.375507,-0.044511,0.931094,0.033554,0.360495,16.334929,1.433652,32.852997
1142,9.516667,0.019316,0.936650,-0.022939,0.348981,0.336081,83.369659,17.983746,0.001198,0.948192,0.061197,0.311746,0.713624,90.589890,17.770443,0.018617,0.954243,-0.003801,0.298428,0.114925,107.143440,19.718609,0.003042,0.974309,0.069676,0.214144,0.799626,125.244347,19.788494,0.023320,0.989632,-0.076561,0.119260,1.209586,139.021149,20.077396,0.075305,0.903532,0.075526,0.415036,-2.329026,120.016609,17.714701,0.058847,-0.681086,0.121742,-0.719610,-12.809173,123.250618,5.697508,0.056242,-0.194418,-0.360300,-0.910616,-11.854110,117.525688,-15.956020,0.207062,0.065394,-0.673190,-0.706869,1.951825,130.698944,-24.151724,-0.071546,0.987815,0.039016,0.132590,3.464966,119.781921,21.734203,0.264907,0.743525,-0.011915,-0.613883,18.996111,121.913300,26.086893,-0.071237,-0.056053,0.503560,-0.859192,21.371128,112.754272,5.763659,0.103218,-0.220985,0.725213,-0.643877,11.358042,130.397263,9.222288,0.056225,0.917282,0.106060,0.379715,-6.329774,83.547623,12.209227,0.084307,0.941844,-0.048888,0.321610,-7.120188,49.586632,3.912055,0.014656,0.960238,0.069819,0.269914,-15.663101,5.536899,5.612125,-0.078013,0.927605,-0.084730,0.355365,7.001935,83.191696,23.758265,-0.021461,0.904981,-0.133069,0.403536,9.957120,49.150635,31.193972,-0.044602,0.931084,0.033462,0.360518,6.878943,5.879521,42.786480,0.014656,0.960238,0.069819,0.269914,-8.722572,1.531079,-6.376647,-0.044602,0.931084,0.033462,0.360518,16.336914,1.431520,32.851177
1143,9.525000,0.019378,0.936492,-0.023222,0.349381,0.336969,83.372566,17.986046,0.001158,0.948082,0.061099,0.312100,0.716860,90.592575,17.769388,0.018517,0.954136,-0.004066,0.298771,0.117318,107.143494,19.713459,0.003155,0.974294,0.068953,0.214447,0.801387,125.244461,19.773346,0.023745,0.989569,-0.076830,0.119522,1.219061,139.021408,20.043736,0.075456,0.903405,0.075383,0.415311,-2.325629,120.015427,17.700367,0.058753,-0.681027,0.122113,-0.719610,-12.797603,123.252281,5.676819,0.056495,-0.194202,-0.360152,-0.910705,-11.843046,117.518402,-15.974362,0.207590,0.065618,-0.673184,-0.706700,1.968914,130.684052,-24.164938,-0.071502,0.987782,0.038945,0.132883,3.465525,119.783257,21.724104,0.264057,0.743636,-0.013388,-0.614085,18.994343,121.913078,26.085848,-0.072066,-0.055204,0.503738,-0.859073,21.378418,112.740410,5.769835,0.102920,-0.220658,0.724933,-0.644353,11.366776,130.391525,9.216634,0.056202,0.917066,0.105894,0.380286,-6.323912,83.549583,12.205762,0.084440,0.941817,-0.048820,0.321662,-7.112201,49.585945,3.919223,0.014478,0.960212,0.069718,0.270041,-15.664413,5.537626,5.609203,-0.077997,0.927496,-0.084804,0.355633,6.997850,83.195557,23.766331,-0.021563,0.904745,-0.132856,0.404129,9.948013,49.155193,31.207253,-0.044423,0.931056,0.033507,0.360607,6.878302,5.879405,42.784534,0.014478,0.960212,0.069718,0.270041,-8.719450,1.530194,-6.376463,-0.044423,0.931056,0.033507,0.360607,16.336622,1.430723,32.849869
1144,9.533333,0.019332,0.936332,-0.023459,0.349798,0.342182,83.377205,17.989090,0.000604,0.947971,0.061118,0.312435,0.722746,90.597076,17.769156,0.019035,0.954037,-0.004282,0.299052,0.104816,107.148071,19.707859,0.003202,0.974301,0.068277,0.214630,0.809110,125.248276,19.766104,0.024082,0.989507,-0.077345,0.119641,1.232303,139.025391,20.018757,0.075317,0.903301,0.075147,0.415605,-2.322530,120.022514,17.691868,0.058761,-0.680985,0.122275,-0.719622,-12.787241,123.252548,5.660168,0.056734,-0.194018,-0.359923,-0.910820,-11.831870,117.513229,-15.989536,0.207866,0.065686,-0.673159,-0.706635,1.988667,130.669220,-24.176350,-0.071498,0.987746,0.038845,0.133178,3.465979,119.784309,21.719055,0.264199,0.743806,-0.013286,-0.613820,18.992270,121.913971,26.089869,-0.072259,-0.054701,0.503850,-0.859024,21.387579,112.737511,5.776886,0.102581,-0.220080,0.725384,-0.644096,11.378508,130.392227,9.210054,0.056264,0.916817,0.105668,0.380940,-6.313585,83.551773,12.202844,0.084497,0.941735,-0.048781,0.321893,-7.105991,49.585274,3.928436,0.014535,0.960226,0.069695,0.269995,-15.662310,5.537486,5.611386,-0.077990,0.927290,-0.084816,0.356169,6.997949,83.202644,23.775335,-0.021622,0.904680,-0.132709,0.404321,9.943060,49.162338,31.218525,-0.044489,0.931079,0.033358,0.360555,6.881044,5.883265,42.785549,0.014535,0.960226,0.069695,0.269995,-8.719061,1.529075,-6.374944,-0.044489,0.931079,0.033358,0.360555,16.338486,1.431471,32.851444
1145,9.541667,0.019267,0.936157,-0.023666,0.350255,0.347186,83.380905,17.993410,0.000336,0.947844,0.060986,0.312845,0.728028,90.600670,17.770523,0.019197,0.953912,-0.004395,0.299440,0.102214,107.150543,19.701836,0.003196,0.974286,0.067483,0.214946,0.813305,125.250481,19.758190,0.024472,0.989440,-0.077611,0.119946,1.241488,139.027817,19.989733,0.075126,0.903170,0.075104,0.415933,-2.318626,120.025612,17.682119,0.058757,-0.681027,0.122305,-0.719578,-12.775402,123.249947,5.641990,0.056906,-0.193733,-0.359700,-0.910958,-11.822902,117.509911,-16.007652,0.208137,0.065717,-0.673154,-0.706558,2.007413,130.657440,-24.185991,-0.071571,0.987694,0.038702,0.133568,3.466521,119.785782,21.714043,0.264433,0.743974,-0.013282,-0.613516,18.989082,121.917816,26.096928,-0.072560,-0.053982,0.504064,-0.858918,21.395588,112.731865,5.789557,0.101932,-0.219322,0.725515,-0.644310,11.393081,130.391815,9.203640,0.056183,0.916686,0.105582,0.381291,-6.302990,83.552872,12.200660,0.084690,0.941612,-0.048829,0.322195,-7.089381,49.584469,3.933504,0.014533,0.960205,0.069604,0.270092,-15.663767,5.540031,5.612072,-0.078004,0.927175,-0.084884,0.356450,6.997362,83.208939,23.786160,-0.021585,0.904697,-0.132525,0.404344,9.939406,49.169613,31.234991,-0.044541,0.931076,0.033321,0.360560,6.880781,5.886027,42.786026,0.014533,0.960205,0.069604,0.270092,-8.718404,1.529098,-6.372192,-0.044541,0.931076,0.033321,0.360560,16.338726,1.433842,32.852573
1146,9.550000,0.019204,0.935978,-0.023853,0.350725,0.353506,83.384773,17.994394,0.000205,0.947695,0.060961,0.313301,0.734552,90.604439,17.768852,0.019132,0.953769,-0.004471,0.299898,0.104043,107.151222,19.697330,0.003462,0.974224,0.066934,0.215395,0.813678,125.251236,19.750721,0.024748,0.989354,-0.078045,0.120317,1.252897,139.028427,19.969555,0.075133,0.903024,0.075041,0.416260,-2.315861,120.025703,17.672710,0.058674,-0.681029,0.122501,-0.719549,-12.763737,123.249840,5.624803,0.056962,-0.193555,-0.359440,-0.911095,-11.813527,117.506195,-16.023987,0.208244,0.065847,-0.672997,-0.706663,2.024508,130.643158,-24.195164,-0.071561,0.987646,0.038610,0.133958,3.465445,119.787125,21.710209,0.264592,0.744168,-0.013262,-0.613213,18.984661,121.918617,26.105186,-0.072900,-0.053221,0.504302,-0.858797,21.404066,112.725784,5.802457,0.101411,-0.218526,0.725831,-0.644307,11.407284,130.394653,9.197475,0.056124,0.916588,0.105383,0.381591,-6.290891,83.554283,12.194943,0.084857,0.941568,-0.048805,0.322283,-7.076253,49.582466,3.941695,0.014495,0.960200,0.069643,0.270104,-15.664166,5.540362,5.612566,-0.077988,0.926937,-0.084998,0.357045,6.997903,83.215263,23.793846,-0.021683,0.904471,-0.132291,0.404921,9.931186,49.177101,31.251503,-0.044507,0.931075,0.033269,0.360573,6.881824,5.888313,42.785492,0.014495,0.960200,0.069643,0.270104,-8.718053,1.530746,-6.371707,-0.044507,0.931075,0.033269,0.360573,16.339579,1.434455,32.852600
1147,9.558333,0.019075,0.935769,-0.024066,0.351275,0.360848,83.383652,17.996002,0.000009,0.947549,0.060961,0.313743,0.741365,90.603241,17.767153,0.019129,0.953639,-0.004616,0.300309,0.103771,107.150200,19.693302,0.003586,0.974175,0.066388,0.215784,0.814867,125.250160,19.741947,0.024996,0.989275,-0.078420,0.120663,1.261213,139.027328,19.947258,0.075049,0.902886,0.075100,0.416562,-2.313327,120.024277,17.662802,0.058527,-0.680926,0.122846,-0.719599,-12.753431,123.247147,5.607829,0.056878,-0.193438,-0.359280,-0.911189,-11.800755,117.496834,-16.039080,0.208322,0.065851,-0.672829,-0.706800,2.042143,130.628357,-24.203890,-0.071531,0.987576,0.038540,0.134508,3.464501,119.786415,21.705320,0.264793,0.744413,-0.013086,-0.612831,18.979052,121.916405,26.117462,-0.073116,-0.052474,0.504445,-0.858741,21.414640,112.719002,5.818747,0.100959,-0.217714,0.726168,-0.644274,11.421001,130.392685,9.191957,0.056212,0.916403,0.105241,0.382060,-6.276824,83.549416,12.188750,0.084955,0.941516,-0.048851,0.322404,-7.067426,49.576206,3.941751,0.014604,0.960193,0.069811,0.270079,-15.665081,5.536005,5.612463,-0.077998,0.926765,-0.085035,0.357481,6.998521,83.217880,23.803255,-0.021674,0.904414,-0.132126,0.405102,9.928034,49.180279,31.264921,-0.044504,0.931065,0.033288,0.360595,6.881598,5.887550,42.784893,0.014604,0.960193,0.069811,0.270079,-8.720084,1.530181,-6.373721,-0.044504,0.931065,0.033288,0.360595,16.339832,1.434148,32.852261
1148,9.566667,0.018930,0.935606,-0.024164,0.351709,0.372049,83.387375,17.995214,0.000224,0.947379,0.060899,0.314268,0.751205,90.606979,17.764469,0.018629,0.953463,-0.004649,0.300899,0.120319,107.144394,19.689442,0.003726,0.974105,0.065736,0.216299,0.814482,125.245026,19.731920,0.025296,0.989205,-0.078595,0.121066,1.269211,139.022156,19.921101,0.075243,0.902812,0.075138,0.416683,-2.306292,120.015427,17.650980,0.058458,-0.680807,0.123246,-0.719649,-12.742183,123.244621,5.594036,0.056852,-0.193318,-0.359174,-0.911258,-11.786633,117.483543,-16.049891,0.208485,0.065774,-0.672754,-0.706831,2.060710,130.611923,-24.209658,-0.071574,0.987492,0.038475,0.135115,3.466803,119.784523,21.700661,0.265199,0.744610,-0.012822,-0.612423,18.975830,121.915230,26.131857,-0.073104,-0.051716,0.504600,-0.858697,21.424229,112.709442,5.838469,0.100508,-0.216910,0.726388,-0.644366,11.434509,130.388702,9.184796,0.056305,0.916233,0.105055,0.382506,-6.260338,83.549896,12.181830,0.085044,0.941510,-0.048851,0.322398,-7.057912,49.574680,3.943743,0.014664,0.960198,0.069757,0.270072,-15.662983,5.535826,5.611972,-0.077924,0.926579,-0.085181,0.357943,7.004436,83.224854,23.808598,-0.021704,0.904267,-0.131902,0.405502,9.921701,49.188175,31.279272,-0.044289,0.931041,0.033222,0.360690,6.880867,5.890253,42.781181,0.014664,0.960198,0.069757,0.270072,-8.718861,1.528126,-6.374095,-0.044289,0.931041,0.033222,0.360690,16.338942,1.433014,32.850109
1149,9.575000,0.018853,0.935394,-0.024376,0.352263,0.378985,83.388397,17.996534,0.000012,0.947200,0.061012,0.314784,0.758316,90.607895,17.762762,0.018631,0.953302,-0.004741,0.301407,0.118698,107.140610,19.688231,0.004194,0.974043,0.064966,0.216798,0.813898,125.241211,19.727943,0.025351,0.989137,-0.078852,0.121439,1.286513,139.017960,19.899721,0.075287,0.902678,0.074998,0.416988,-2.304974,120.011391,17.644699,0.058385,-0.680779,0.123453,-0.719646,-12.732366,123.240387,5.580361,0.056884,-0.193099,-0.358875,-0.911420,-11.777409,117.474976,-16.062428,0.208548,0.065715,-0.672722,-0.706848,2.081125,130.593567,-24.214296,-0.071474,0.987418,0.038422,0.135721,3.463798,119.780937,21.700558,0.265339,0.744914,-0.012587,-0.611997,18.967947,121.907722,26.150644,-0.073126,-0.050956,0.504620,-0.858728,21.436398,112.700340,5.860423,0.100253,-0.216264,0.726627,-0.644355,11.445171,130.381699,9.180206,0.056335,0.916046,0.104960,0.382974,-6.246580,83.548019,12.175300,0.085167,0.941464,-0.048924,0.322489,-7.044469,49.571644,3.942063,0.014727,0.960188,0.069790,0.270094,-15.662095,5.535311,5.611976,-0.077911,0.926323,-0.085213,0.358601,7.004550,83.228767,23.817768,-0.021730,0.904207,-0.131714,0.405696,9.914851,49.192326,31.292244,-0.044200,0.931033,0.033172,0.360727,6.880508,5.890059,42.779480,0.014727,0.960188,0.069790,0.270094,-8.717940,1.528046,-6.374218,-0.044200,0.931033,0.033172,0.360727,16.338402,1.430633,32.849224
1150,9.583333,0.018854,0.935179,-0.024556,0.352819,0.384048,83.388931,17.995352,-0.000114,0.947017,0.061021,0.315334,0.764459,90.608299,17.759375,0.018484,0.953127,-0.004773,0.301967,0.119946,107.132950,19.682493,0.005597,0.973958,0.064451,0.217301,0.810426,125.233734,19.719896,0.024987,0.989121,-0.079222,0.121402,1.324562,139.009064,19.886734,0.075482,0.902572,0.074956,0.417191,-2.304659,120.002747,17.633909,0.058456,-0.680740,0.123566,-0.719658,-12.725573,123.237144,5.565415,0.056955,-0.192807,-0.358557,-0.911602,-11.769484,117.465935,-16.075785,0.208473,0.065606,-0.672827,-0.706781,2.101654,130.573898,-24.217480,-0.071605,0.987329,0.038451,0.136290,3.459428,119.774475,21.696550,0.265521,0.745212,-0.012450,-0.611558,18.957932,121.904419,26.164774,-0.073104,-0.050389,0.504633,-0.858756,21.446133,112.691414,5.879516,0.100284,-0.215571,0.727199,-0.643937,11.452693,130.376251,9.179008,0.056382,0.915826,0.104801,0.383538,-6.234601,83.547150,12.166214,0.085280,0.941361,-0.048989,0.322749,-7.034770,49.568821,3.941272,0.014311,0.960189,0.069631,0.270157,-15.664223,5.534792,5.610980,-0.077931,0.926128,-0.085297,0.359081,7.002697,83.230713,23.824490,-0.021758,0.904114,-0.131518,0.405964,9.908309,49.195492,31.306356,-0.044379,0.931008,0.033144,0.360771,6.880105,5.888698,42.778141,0.014311,0.960189,0.069631,0.270157,-8.715158,1.526064,-6.371881,-0.044379,0.931008,0.033144,0.360771,16.340532,1.430494,32.849743
1151,9.591667,0.018803,0.934963,-0.024574,0.353393,0.393437,83.389587,17.991013,-0.000363,0.946827,0.061215,0.315867,0.773392,90.608971,17.754766,0.018548,0.952961,-0.004776,0.302487,0.118086,107.128273,19.680468,0.005851,0.973899,0.063801,0.217750,0.810784,125.228973,19.718847,0.025130,0.989059,-0.079456,0.121731,1.336294,139.004059,19.870251,0.075434,0.902446,0.074902,0.417481,-2.302673,119.998405,17.629393,0.058376,-0.680605,0.123957,-0.719725,-12.715954,123.231056,5.553841,0.056915,-0.192676,-0.358408,-0.911691,-11.755945,117.449677,-16.084475,0.208448,0.065616,-0.672940,-0.706680,2.119959,130.552277,-24.219925,-0.071800,0.987227,0.038499,0.136918,3.456943,119.769356,21.698328,0.265947,0.745446,-0.012265,-0.611091,18.948959,121.904312,26.186609,-0.072725,-0.049868,0.504714,-0.858771,21.452627,112.679626,5.908562,0.100631,-0.214929,0.727508,-0.643748,11.460810,130.369263,9.181930,0.056418,0.915638,0.104614,0.384031,-6.218086,83.546532,12.153760,0.085399,0.941332,-0.049067,0.322791,-7.021232,49.565742,3.939270,0.014622,0.960177,0.069777,0.270143,-15.662978,5.534232,5.611629,-0.077996,0.925892,-0.085488,0.359628,7.004960,83.232643,23.828264,-0.021692,0.904134,-0.131315,0.405990,9.905393,49.200420,31.325758,-0.044358,0.930998,0.033193,0.360796,6.878906,5.888572,42.778934,0.014622,0.960177,0.069777,0.270143,-8.716684,1.527314,-6.373442,-0.044358,0.930998,0.033193,0.360796,16.339783,1.431410,32.850494
1152,9.600000,0.018728,0.934748,-0.024565,0.353967,0.403362,83.390671,17.988392,-0.000618,0.946644,0.061316,0.316394,0.782397,90.610107,17.752113,0.018595,0.952797,-0.004693,0.303001,0.117053,107.125664,19.677526,0.004659,0.973860,0.063063,0.218169,0.810437,125.226334,19.719669,0.026130,0.988928,-0.079513,0.122541,1.308982,139.002686,19.844631,0.075329,0.902310,0.074851,0.417804,-2.300967,119.996239,17.625977,0.058273,-0.680535,0.124285,-0.719743,-12.705997,123.225571,5.542428,0.056868,-0.192507,-0.358161,-0.911827,-11.745348,117.436813,-16.093884,0.208483,0.065486,-0.672934,-0.706687,2.138918,130.531281,-24.221771,-0.071854,0.987144,0.038444,0.137502,3.454233,119.766281,21.701101,0.266167,0.745652,-0.012261,-0.610744,18.940781,121.902313,26.207712,-0.072405,-0.049401,0.504736,-0.858813,21.458166,112.668106,5.935694,0.101153,-0.214229,0.727924,-0.643428,11.465632,130.360870,9.185946,0.056541,0.915433,0.104475,0.384540,-6.201049,83.546104,12.143053,0.085468,0.941223,-0.049201,0.323068,-7.011280,49.564259,3.933656,0.014492,0.960179,0.069705,0.270162,-15.663150,5.534988,5.612766,-0.078043,0.925702,-0.085647,0.360069,7.007772,83.235237,23.833733,-0.021653,0.904081,-0.131123,0.406172,9.903584,49.205433,31.343973,-0.044153,0.930992,0.033316,0.360824,6.878748,5.888906,42.779877,0.014492,0.960179,0.069705,0.270162,-8.715411,1.526999,-6.371109,-0.044153,0.930992,0.033316,0.360824,16.338633,1.432716,32.850056
1153,9.608333,0.018711,0.934530,-0.024576,0.354542,0.410048,83.391258,17.983469,-0.000731,0.946449,0.061450,0.316951,0.789063,90.610695,17.747185,0.018542,0.952621,-0.004645,0.303559,0.117752,107.122841,19.674891,0.004541,0.973817,0.062443,0.218543,0.808732,125.223587,19.718508,0.026685,0.988870,-0.079629,0.122818,1.308401,139.000031,19.826511,0.075203,0.902209,0.074849,0.418044,-2.299532,119.993164,17.620975,0.058214,-0.680382,0.124674,-0.719825,-12.698645,123.219086,5.531435,0.056892,-0.192336,-0.357987,-0.911930,-11.732999,117.419525,-16.101755,0.208575,0.065418,-0.673029,-0.706576,2.158670,130.508728,-24.223661,-0.071861,0.987039,0.038468,0.138239,3.450911,119.763817,21.702841,0.266513,0.745792,-0.012306,-0.610421,18.930805,121.898781,26.232735,-0.071968,-0.048991,0.504881,-0.858787,21.457634,112.650276,5.968422,0.101822,-0.213686,0.728426,-0.642935,11.468716,130.351166,9.195754,0.056534,0.915163,0.104416,0.385198,-6.187191,83.546036,12.130024,0.085634,0.941407,-0.049316,0.322470,-6.992663,49.563278,3.923909,0.014604,0.960190,0.069692,0.270119,-15.660667,5.537584,5.613350,-0.078134,0.925452,-0.085846,0.360645,7.007287,83.236488,23.836916,-0.021640,0.904021,-0.130901,0.406378,9.899142,49.210052,31.363907,-0.044331,0.930999,0.033321,0.360784,6.878781,5.888253,42.780979,0.014604,0.960190,0.069692,0.270119,-8.715055,1.528520,-6.371391,-0.044331,0.930999,0.033321,0.360784,16.339489,1.434041,32.851063
1154,9.616667,0.018744,0.934310,-0.024664,0.355112,0.417605,83.391289,17.977711,-0.000951,0.946257,0.061701,0.317473,0.797653,90.610649,17.740639,0.018562,0.952459,-0.004614,0.304067,0.115847,107.117676,19.673063,0.004652,0.973750,0.061860,0.219005,0.807173,125.218414,19.718336,0.026937,0.988801,-0.079741,0.123240,1.314049,138.994705,19.811905,0.075072,0.902116,0.074702,0.418295,-2.298968,119.988167,17.617226,0.058333,-0.680190,0.124902,-0.719957,-12.691875,123.208641,5.520891,0.057035,-0.192144,-0.357959,-0.911972,-11.717116,117.397842,-16.108881,0.208804,0.065308,-0.673066,-0.706483,2.178492,130.485992,-24.225956,-0.071901,0.986951,0.038494,0.138841,3.447117,119.758476,21.705208,0.266593,0.746012,-0.012486,-0.610113,18.921406,121.893669,26.254120,-0.071674,-0.048636,0.504800,-0.858880,21.463129,112.635101,5.996262,0.102369,-0.213200,0.728764,-0.642627,11.469893,130.335754,9.204734,0.056567,0.914910,0.104316,0.385821,-6.172474,83.545723,12.116194,0.085741,0.941302,-0.049490,0.322721,-6.977188,49.561752,3.915036,0.014826,0.960210,0.069710,0.270033,-15.659538,5.539238,5.613709,-0.078150,0.925117,-0.085945,0.361474,7.007684,83.236855,23.839230,-0.021651,0.904048,-0.130731,0.406371,9.891303,49.211800,31.375620,-0.044107,0.930996,0.033364,0.360815,6.878191,5.886054,42.779617,0.014826,0.960210,0.069710,0.270033,-8.718011,1.529200,-6.373077,-0.044107,0.930996,0.033364,0.360815,16.337589,1.430595,32.849010
1155,9.625000,0.018701,0.934059,-0.024869,0.355760,0.422399,83.391777,17.974081,-0.001250,0.946063,0.061945,0.318003,0.803082,90.611008,17.734283,0.018782,0.952301,-0.004552,0.304548,0.108406,107.112030,19.670214,0.004500,0.973676,0.061455,0.219449,0.806595,125.212494,19.720392,0.027293,0.988713,-0.079944,0.123740,1.312514,138.988892,19.802687,0.074884,0.901991,0.074733,0.418592,-2.299402,119.983910,17.614908,0.058509,-0.679956,0.125253,-0.720103,-12.685130,123.199722,5.511174,0.057210,-0.192005,-0.358029,-0.911963,-11.700013,117.372009,-16.113573,0.209109,0.065247,-0.673074,-0.706391,2.196129,130.461929,-24.228313,-0.071814,0.986846,0.038429,0.139645,3.442430,119.751083,21.708683,0.266966,0.746220,-0.012198,-0.609701,18.909830,121.882523,26.282703,-0.071183,-0.048277,0.504756,-0.858967,21.465179,112.617065,6.029710,0.102858,-0.212620,0.729410,-0.642007,11.469659,130.318283,9.215037,0.056493,0.914733,0.104243,0.386271,-6.159578,83.543846,12.103407,0.085943,0.941271,-0.049629,0.322739,-6.957580,49.558243,3.908353,0.014627,0.960189,0.069574,0.270155,-15.660831,5.540070,5.612622,-0.078234,0.924969,-0.085999,0.361823,7.004376,83.239700,23.844753,-0.021568,0.904142,-0.130590,0.406212,9.889098,49.216202,31.387758,-0.044251,0.930958,0.033318,0.360901,6.876473,5.886808,42.778034,0.014627,0.960189,0.069574,0.270155,-8.714919,1.527644,-6.370821,-0.044251,0.930958,0.033318,0.360901,16.338907,1.431777,32.850136
1156,9.633333,0.018726,0.933850,-0.024922,0.356305,0.430697,83.390030,17.967527,-0.001357,0.945845,0.062225,0.318595,0.812135,90.609207,17.727362,0.018604,0.952105,-0.004521,0.305172,0.110059,107.105812,19.670111,0.004449,0.973596,0.061082,0.219908,0.801752,125.206528,19.719862,0.027791,0.988645,-0.080101,0.124064,1.309289,138.982925,19.792410,0.074664,0.901917,0.074742,0.418790,-2.299634,119.976685,17.610708,0.058692,-0.679653,0.125556,-0.720321,-12.681047,123.186455,5.501667,0.057440,-0.191778,-0.358233,-0.911916,-11.680904,117.342949,-16.118124,0.209644,0.065157,-0.673134,-0.706183,2.212456,130.438293,-24.227571,-0.071806,0.986754,0.038464,0.140287,3.436927,119.746208,21.711998,0.267596,0.746421,-0.011886,-0.609185,18.898525,121.876213,26.306278,-0.070723,-0.047968,0.504717,-0.859045,21.467001,112.596115,6.061644,0.103031,-0.211856,0.729839,-0.641745,11.468904,130.298843,9.226439,0.056566,0.914487,0.104095,0.386882,-6.144426,83.541885,12.089170,0.086053,0.941133,-0.049784,0.323088,-6.945639,49.554688,3.901037,0.014586,0.960175,0.069554,0.270211,-15.663218,5.539608,5.611903,-0.078236,0.924735,-0.086104,0.362396,7.005820,83.238182,23.845882,-0.021599,0.904035,-0.130440,0.406498,9.883337,49.215977,31.397465,-0.044243,0.930929,0.033407,0.360969,6.875144,5.883184,42.775978,0.014586,0.960175,0.069554,0.270211,-8.715616,1.526877,-6.370461,-0.044243,0.930929,0.033407,0.360969,16.339163,1.430373,32.848583
1157,9.641667,0.018787,0.933648,-0.024937,0.356828,0.437155,83.390137,17.959509,-0.001545,0.945655,0.062570,0.319092,0.819623,90.609276,17.719673,0.018627,0.951948,-0.004436,0.305661,0.107170,107.099876,19.670313,0.004553,0.973518,0.060688,0.220362,0.798696,125.200584,19.723579,0.028015,0.988577,-0.080220,0.124477,1.312122,138.976807,19.786730,0.074435,0.901802,0.074865,0.419056,-2.300479,119.971062,17.610418,0.059136,-0.679474,0.125616,-0.720443,-12.675755,123.176132,5.494878,0.058099,-0.191375,-0.358320,-0.911925,-11.665371,117.316948,-16.120197,0.210387,0.065161,-0.673519,-0.705594,2.232623,130.412216,-24.224947,-0.071700,0.986657,0.038364,0.141052,3.431850,119.739975,21.717587,0.267881,0.746582,-0.011900,-0.608863,18.886932,121.865829,26.335630,-0.070549,-0.047476,0.504766,-0.859057,21.466141,112.574028,6.097738,0.103185,-0.211032,0.730370,-0.641387,11.468884,130.279282,9.241482,0.056484,0.914273,0.104027,0.387418,-6.131341,83.542603,12.073768,0.086231,0.941122,-0.049956,0.323046,-6.924403,49.553768,3.891647,0.014770,0.960172,0.069525,0.270217,-15.661776,5.542991,5.612121,-0.078275,0.924522,-0.086209,0.362905,7.005652,83.237679,23.845249,-0.021617,0.903971,-0.130321,0.406675,9.878799,49.217163,31.406101,-0.044211,0.930910,0.033493,0.361012,6.874136,5.881667,42.775223,0.014770,0.960172,0.069525,0.270217,-8.715818,1.528202,-6.370504,-0.044211,0.930910,0.033493,0.361012,16.339006,1.430761,32.847794
1158,9.650000,0.018829,0.933425,-0.024896,0.357413,0.447105,83.390091,17.950939,-0.001627,0.945421,0.063014,0.319698,0.830084,90.609238,17.712112,0.018352,0.951750,-0.004419,0.306295,0.109084,107.097710,19.675268,0.004702,0.973419,0.060380,0.220881,0.790905,125.198792,19.726564,0.028293,0.988515,-0.080349,0.124826,1.311010,138.974792,19.782976,0.074119,0.901701,0.074900,0.419323,-2.302684,119.967285,17.610132,0.059611,-0.679172,0.125755,-0.720665,-12.672218,123.164001,5.487463,0.058615,-0.191094,-0.358543,-0.911863,-11.644983,117.285408,-16.121555,0.210907,0.065226,-0.673790,-0.705175,2.249989,130.383987,-24.222900,-0.071536,0.986575,0.038428,0.141692,3.424321,119.739891,21.724932,0.268244,0.746716,-0.012011,-0.608537,18.874290,121.859207,26.363075,-0.070409,-0.046911,0.504864,-0.859043,21.462589,112.550797,6.133972,0.103111,-0.210245,0.730966,-0.640979,11.467448,130.260681,9.255019,0.056513,0.914059,0.103888,0.387955,-6.113991,83.543175,12.056961,0.086352,0.941021,-0.050153,0.323276,-6.907920,49.552551,3.882353,0.014944,0.960179,0.069570,0.270171,-15.661457,5.545404,5.613708,-0.078332,0.924297,-0.086369,0.363427,7.008201,83.237007,23.844919,-0.021579,0.904036,-0.130207,0.406569,9.876554,49.219044,31.419039,-0.044397,0.930921,0.033539,0.360958,6.874381,5.880734,42.778111,0.014944,0.960179,0.069570,0.270171,-8.718087,1.530694,-6.370452,-0.044397,0.930921,0.033539,0.360958,16.339949,1.432883,32.849968
1159,9.658333,0.018670,0.933201,-0.024690,0.358018,0.464722,83.383926,17.938986,-0.002120,0.945224,0.063222,0.320236,0.844640,90.603302,17.702360,0.018585,0.951582,-0.003997,0.306807,0.105078,107.085327,19.665712,0.004541,0.973352,0.060023,0.221275,0.790199,125.186226,19.734493,0.028590,0.988451,-0.080426,0.125212,1.308779,138.962326,19.780827,0.073948,0.901577,0.075041,0.419595,-2.302040,119.957245,17.609840,0.060074,-0.678849,0.125931,-0.720900,-12.664944,123.151222,5.480789,0.059096,-0.190811,-0.358883,-0.911758,-11.620006,117.252411,-16.121855,0.211597,0.065230,-0.673948,-0.704816,2.267194,130.357178,-24.218390,-0.071774,0.986437,0.038438,0.142524,3.420411,119.724991,21.730692,0.268579,0.746843,-0.012077,-0.608231,18.861572,121.850525,26.395214,-0.070340,-0.046221,0.504969,-0.859024,21.458452,112.527725,6.173845,0.102778,-0.209462,0.731472,-0.640712,11.465519,130.242188,9.269152,0.056599,0.913870,0.103802,0.388412,-6.088840,83.535347,12.036593,0.086523,0.940942,-0.050446,0.323415,-6.886546,49.544159,3.864715,0.014735,0.960170,0.069583,0.270213,-15.663088,5.542323,5.614464,-0.078311,0.924081,-0.086648,0.363914,7.018283,83.232513,23.841379,-0.021588,0.903905,-0.130060,0.406908,9.874046,49.217690,31.434383,-0.044279,0.930921,0.033760,0.360950,6.873723,5.875969,42.780937,0.014735,0.960170,0.069583,0.270213,-8.716745,1.529333,-6.368542,-0.044279,0.930921,0.033760,0.360950,16.338604,1.432490,32.850193
1160,9.666667,0.018709,0.932968,-0.024754,0.358619,0.473097,83.384323,17.929306,-0.002316,0.945001,0.063705,0.320794,0.854031,90.603630,17.692276,0.018627,0.951406,-0.003858,0.307353,0.102262,107.077721,19.667501,0.004328,0.973276,0.059711,0.221699,0.787250,125.178596,19.741941,0.028975,0.988386,-0.080468,0.125615,1.302708,138.954849,19.779144,0.073737,0.901469,0.075075,0.419858,-2.302523,119.950188,17.612318,0.060510,-0.678410,0.126301,-0.721211,-12.659271,123.138809,5.476591,0.059485,-0.190657,-0.359325,-0.911590,-11.591846,117.214165,-16.117901,0.212229,0.065239,-0.674025,-0.704552,2.283235,130.329163,-24.213406,-0.071543,0.986341,0.038297,0.143343,3.415176,119.716835,21.739704,0.268881,0.747028,-0.011864,-0.607875,18.849796,121.834396,26.429462,-0.070218,-0.045598,0.505023,-0.859035,21.458855,112.505234,6.212580,0.102607,-0.208731,0.732008,-0.640366,11.465616,130.224228,9.283588,0.056504,0.913700,0.103745,0.388840,-6.072853,83.535660,12.018464,0.086709,0.940860,-0.050681,0.323566,-6.862276,49.542892,3.852334,0.014819,0.960184,0.069535,0.270172,-15.661348,5.546075,5.615049,-0.078338,0.923904,-0.086746,0.364334,7.019047,83.232986,23.840149,-0.021575,0.903951,-0.129964,0.406838,9.870579,49.219662,31.441435,-0.044141,0.930924,0.033834,0.360954,6.873685,5.875650,42.780140,0.014819,0.960184,0.069535,0.270172,-8.716902,1.531274,-6.368455,-0.044141,0.930924,0.033834,0.360954,16.337563,1.432584,32.848244
1161,9.675000,0.018771,0.932748,-0.024560,0.359200,0.485989,83.380005,17.914021,-0.002545,0.944775,0.064220,0.321356,0.866903,90.599419,17.680162,0.018497,0.951224,-0.003819,0.307922,0.101481,107.066933,19.668049,0.004439,0.973167,0.059631,0.222193,0.781498,125.167992,19.742781,0.029158,0.988330,-0.080518,0.125982,1.301207,138.944077,19.779156,0.073553,0.901368,0.075169,0.420090,-2.304317,119.938683,17.609619,0.061253,-0.678072,0.126255,-0.721475,-12.655619,123.123535,5.468266,0.059857,-0.190460,-0.359747,-0.911441,-11.567107,117.177223,-16.119204,0.212582,0.065291,-0.673617,-0.704830,2.296732,130.301834,-24.211639,-0.071494,0.986231,0.038345,0.144107,3.408507,119.707001,21.743839,0.269322,0.747139,-0.011766,-0.607545,18.836201,121.821548,26.457661,-0.070104,-0.045018,0.505179,-0.858984,21.452595,112.479149,6.247856,0.102385,-0.207939,0.732426,-0.640180,11.463243,130.205276,9.296489,0.056509,0.913530,0.103547,0.389291,-6.052549,83.533264,11.995037,0.086876,0.940905,-0.050842,0.323366,-6.843714,49.537659,3.840915,0.014789,0.960178,0.069559,0.270188,-15.661060,5.544925,5.614078,-0.078343,0.923710,-0.086975,0.364769,7.024528,83.226753,23.833006,-0.021519,0.904026,-0.129850,0.406711,9.866856,49.216255,31.450378,-0.044298,0.930881,0.033963,0.361034,6.871188,5.869370,42.778393,0.014789,0.960178,0.069559,0.270188,-8.715900,1.530956,-6.369285,-0.044298,0.930881,0.033963,0.361034,16.338537,1.431317,32.847576
1162,9.683333,0.018816,0.932529,-0.024479,0.359772,0.496989,83.375999,17.900742,-0.002751,0.944556,0.064762,0.321890,0.878234,90.595451,17.668444,0.018303,0.951054,-0.003620,0.308461,0.099520,107.059158,19.670435,0.004857,0.973066,0.059302,0.222714,0.770606,125.160538,19.750237,0.029229,0.988278,-0.080530,0.126361,1.304360,138.936096,19.780979,0.073316,0.901249,0.075172,0.420385,-2.310227,119.930229,17.612328,0.061991,-0.677676,0.126172,-0.721799,-12.654585,123.108612,5.463363,0.060389,-0.190199,-0.360111,-0.911316,-11.541029,117.141846,-16.117182,0.213029,0.065315,-0.673486,-0.704819,2.315270,130.274033,-24.207155,-0.071314,0.986168,0.038294,0.144639,3.398009,119.700348,21.752981,0.269626,0.747339,-0.011678,-0.607166,18.821539,121.808563,26.483240,-0.070054,-0.044514,0.505208,-0.858997,21.451225,112.456146,6.279790,0.102071,-0.207452,0.732830,-0.639926,11.461532,130.184540,9.309571,0.056571,0.913298,0.103420,0.389859,-6.034273,83.530197,11.973751,0.086988,0.940886,-0.051064,0.323356,-6.827828,49.533241,3.825471,0.014938,0.960185,0.069595,0.270145,-15.660867,5.544284,5.614203,-0.078269,0.923421,-0.087042,0.365503,7.028250,83.221809,23.827732,-0.021629,0.903918,-0.129811,0.406956,9.858006,49.211330,31.449837,-0.044324,0.930859,0.034070,0.361076,6.869601,5.863962,42.777939,0.014938,0.960185,0.069595,0.270145,-8.718001,1.530293,-6.370485,-0.044324,0.930859,0.034070,0.361076,16.338352,1.428929,32.847107
1163,9.691667,0.018820,0.932336,-0.024370,0.360279,0.507849,83.373138,17.888664,-0.002987,0.944346,0.065241,0.322406,0.888708,90.592659,17.658058,0.018248,0.950884,-0.003400,0.308991,0.096533,107.051170,19.671680,0.004900,0.972977,0.059117,0.223152,0.763201,125.152679,19.758814,0.029468,0.988225,-0.080555,0.126707,1.299946,138.928146,19.785439,0.073064,0.901117,0.075160,0.420714,-2.313986,119.922424,17.615555,0.062887,-0.677330,0.125931,-0.722087,-12.650532,123.093735,5.458097,0.060846,-0.189946,-0.360478,-0.911194,-11.513275,117.106903,-16.115654,0.213163,0.065288,-0.673360,-0.704900,2.334295,130.246536,-24.201820,-0.071145,0.986084,0.038308,0.145292,3.389664,119.692398,21.762518,0.269826,0.747455,-0.011727,-0.606933,18.807825,121.794083,26.513142,-0.070055,-0.043954,0.505391,-0.858918,21.445366,112.432350,6.315038,0.102016,-0.206865,0.733268,-0.639623,11.460343,130.168777,9.325674,0.056543,0.913149,0.103417,0.390214,-6.016969,83.527794,11.954596,0.087142,0.940692,-0.051394,0.323827,-6.805695,49.530582,3.806952,0.015042,0.960175,0.069532,0.270190,-15.661952,5.547059,5.614443,-0.078234,0.923243,-0.087190,0.365923,7.032666,83.218475,23.822735,-0.021661,0.903833,-0.129721,0.407173,9.852854,49.209412,31.454712,-0.044112,0.930836,0.034236,0.361146,6.867650,5.860072,42.776112,0.015042,0.960175,0.069532,0.270190,-8.719159,1.530622,-6.369466,-0.044112,0.930836,0.034236,0.361146,16.336363,1.427072,32.844334
1164,9.700000,0.018758,0.932142,-0.024176,0.360797,0.522036,83.366432,17.875574,-0.003560,0.944135,0.065822,0.322899,0.901166,90.586121,17.647463,0.018532,0.950724,-0.003210,0.309468,0.083519,107.046600,19.673183,0.004813,0.972926,0.058650,0.223498,0.757810,125.147774,19.770391,0.029738,0.988194,-0.080341,0.127022,1.295655,138.923187,19.784348,0.072696,0.900967,0.075153,0.421100,-2.319424,119.919945,17.621290,0.063993,-0.677011,0.125491,-0.722367,-12.647147,123.080956,5.453660,0.061408,-0.189655,-0.360775,-0.911099,-11.485520,117.074112,-16.113224,0.213155,0.065110,-0.673326,-0.704952,2.356600,130.218781,-24.196148,-0.071085,0.985989,0.038273,0.145973,3.379908,119.685326,21.773928,0.270237,0.747616,-0.011413,-0.606557,18.791887,121.784210,26.545794,-0.069937,-0.043469,0.505503,-0.858886,21.439917,112.415489,6.352295,0.101822,-0.206259,0.733552,-0.639524,11.458867,130.155045,9.343267,0.056601,0.913039,0.103402,0.390466,-5.996233,83.521011,11.934312,0.087285,0.940720,-0.051674,0.323662,-6.786839,49.524040,3.785818,0.015084,0.960173,0.069625,0.270172,-15.662840,5.545360,5.614204,-0.078200,0.923078,-0.087370,0.366304,7.040306,83.211853,23.816837,-0.021670,0.903787,-0.129656,0.407294,9.850449,49.204617,31.460636,-0.044128,0.930814,0.034496,0.361177,6.866816,5.853799,42.776794,0.015084,0.960173,0.069625,0.270172,-8.720591,1.531164,-6.370768,-0.044128,0.930814,0.034496,0.361177,16.337002,1.427590,32.843395
1165,9.708333,0.018776,0.931955,-0.024012,0.361290,0.532029,83.363899,17.861048,-0.003928,0.943911,0.066350,0.323442,0.910676,90.583694,17.635447,0.018788,0.950540,-0.002987,0.310019,0.074662,107.041534,19.673206,0.004666,0.972833,0.058554,0.223934,0.755195,125.142418,19.781361,0.029912,0.988139,-0.080326,0.127413,1.290391,138.917953,19.792425,0.072309,0.900822,0.075349,0.421443,-2.321358,119.916870,17.625729,0.064844,-0.676668,0.125389,-0.722629,-12.641507,123.069702,5.449552,0.061881,-0.189380,-0.361081,-0.911003,-11.457940,117.039833,-16.109722,0.213372,0.064954,-0.673341,-0.704887,2.379437,130.191650,-24.189386,-0.071060,0.985890,0.038259,0.146655,3.373029,119.677925,21.784897,0.270653,0.747672,-0.011278,-0.606306,18.778639,121.774986,26.578102,-0.069808,-0.042925,0.505782,-0.858760,21.430229,112.395439,6.390096,0.101645,-0.205820,0.733661,-0.639568,11.459430,130.142944,9.359531,0.056608,0.912874,0.103329,0.390870,-5.979951,83.519569,11.912918,0.087365,0.940600,-0.051939,0.323948,-6.769411,49.521603,3.768460,0.015038,0.960192,0.069626,0.270107,-15.660212,5.546641,5.614186,-0.078193,0.922905,-0.087514,0.366708,7.044009,83.208237,23.809177,-0.021734,0.903618,-0.129626,0.407675,9.846611,49.202682,31.463219,-0.044336,0.930793,0.034580,0.361198,6.864503,5.851406,42.778008,0.015038,0.960192,0.069626,0.270107,-8.719117,1.532839,-6.371592,-0.044336,0.930793,0.034580,0.361198,16.337269,1.429536,32.845135
1166,9.716667,0.018780,0.931782,-0.023802,0.361751,0.543564,83.360558,17.846254,-0.004092,0.943702,0.066851,0.323946,0.921273,90.580498,17.623692,0.018707,0.950370,-0.002668,0.310547,0.073734,107.034851,19.674692,0.004744,0.972754,0.058275,0.224344,0.747838,125.135895,19.793289,0.030083,0.988106,-0.080197,0.127707,1.287511,138.911255,19.797874,0.071794,0.900638,0.075533,0.421890,-2.324475,119.910446,17.631414,0.065306,-0.676294,0.125418,-0.722933,-12.634766,123.051392,5.443814,0.062138,-0.189134,-0.361331,-0.910938,-11.428812,117.005981,-16.109865,0.213590,0.064709,-0.673495,-0.704696,2.404465,130.164429,-24.183952,-0.071151,0.985801,0.038324,0.147192,3.365329,119.671249,21.796839,0.270914,0.747770,-0.011404,-0.606066,18.765385,121.770035,26.607115,-0.069734,-0.042441,0.505944,-0.858695,21.423689,112.377251,6.426147,0.101666,-0.205218,0.733834,-0.639560,11.457813,130.130844,9.377337,0.056662,0.912710,0.103328,0.391247,-5.962528,83.517365,11.891712,0.087463,0.940455,-0.052288,0.324283,-6.752049,49.519806,3.745575,0.015070,0.960172,0.069568,0.270190,-15.661732,5.549640,5.614609,-0.078181,0.922712,-0.087639,0.367164,7.049656,83.203751,23.800795,-0.021758,0.903551,-0.129606,0.407829,9.844425,49.199600,31.463947,-0.044347,0.930774,0.034702,0.361231,6.863130,5.847960,42.777557,0.015070,0.960172,0.069568,0.270190,-8.719082,1.533981,-6.369646,-0.044347,0.930774,0.034702,0.361231,16.337029,1.429336,32.844315
1167,9.725000,0.018789,0.931623,-0.023616,0.362170,0.553257,83.355072,17.831652,-0.004186,0.943511,0.067328,0.324403,0.930210,90.575127,17.611807,0.018714,0.950216,-0.002486,0.311021,0.073638,107.026169,19.676134,0.004662,0.972650,0.058257,0.224803,0.745878,125.127258,19.801403,0.030155,0.988050,-0.080117,0.128179,1.284208,138.902679,19.805626,0.071594,0.900523,0.075671,0.422146,-2.323759,119.902206,17.634716,0.066109,-0.675986,0.125190,-0.723188,-12.627951,123.039543,5.441033,0.062870,-0.188841,-0.361518,-0.910874,-11.400779,116.976669,-16.106533,0.213959,0.064706,-0.673743,-0.704347,2.431013,130.135834,-24.180243,-0.070862,0.985673,0.038244,0.148208,3.361881,119.662186,21.805769,0.270989,0.747876,-0.011037,-0.605908,18.753492,121.750534,26.647478,-0.069652,-0.041976,0.506054,-0.858660,21.418520,112.363991,6.464502,0.101737,-0.204800,0.734090,-0.639389,11.456581,130.120468,9.397482,0.056589,0.912547,0.103413,0.391615,-5.947478,83.512978,11.871296,0.087622,0.940523,-0.052589,0.323997,-6.726717,49.516075,3.721426,0.015184,0.960208,0.069557,0.270058,-15.657801,5.551252,5.613757,-0.078204,0.922603,-0.087736,0.367410,7.053991,83.197159,23.792007,-0.021715,0.903665,-0.129641,0.407567,9.845604,49.194439,31.462658,-0.044432,0.930769,0.034824,0.361224,6.862785,5.843454,42.778378,0.015184,0.960208,0.069557,0.270058,-8.719456,1.534633,-6.372665,-0.044432,0.930769,0.034824,0.361224,16.337627,1.428812,32.844273
1168,9.733333,0.018764,0.931486,-0.023434,0.362537,0.563944,83.351006,17.818781,-0.004304,0.943338,0.067837,0.324797,0.939697,90.571198,17.601414,0.018633,0.950081,-0.002343,0.311437,0.073143,107.018913,19.679829,0.004724,0.972575,0.058202,0.225141,0.740929,125.120125,19.809420,0.030224,0.988024,-0.080031,0.128417,1.281824,138.895447,19.813011,0.071387,0.900414,0.075636,0.422419,-2.325551,119.894791,17.638960,0.066746,-0.675629,0.125031,-0.723490,-12.623222,123.025986,5.438189,0.063489,-0.188542,-0.361620,-0.910852,-11.372607,116.948296,-16.103859,0.214335,0.064527,-0.673929,-0.704072,2.461396,130.107513,-24.176003,-0.070792,0.985596,0.038174,0.148769,3.356484,119.655273,21.814957,0.271211,0.747989,-0.010892,-0.605673,18.742998,121.740845,26.674047,-0.069731,-0.041571,0.506168,-0.858605,21.415457,112.349548,6.494251,0.101426,-0.204347,0.734223,-0.639431,11.457139,130.109543,9.414749,0.056561,0.912419,0.103438,0.391910,-5.932120,83.509483,11.853348,0.087785,0.940453,-0.052878,0.324109,-6.706293,49.512707,3.702448,0.015156,0.960176,0.069438,0.270204,-15.659542,5.553192,5.613222,-0.078167,0.922524,-0.087788,0.367604,7.060009,83.192528,23.784216,-0.021689,0.903699,-0.129688,0.407479,9.846297,49.190041,31.457848,-0.044514,0.930748,0.034826,0.361267,6.860733,5.840030,42.776585,0.015156,0.960176,0.069438,0.270204,-8.717744,1.533457,-6.370160,-0.044514,0.930748,0.034826,0.361267,16.337259,1.426334,32.843658
1169,9.741667,0.018834,0.931351,-0.023270,0.362889,0.572828,83.346733,17.806610,-0.004452,0.943177,0.068304,0.325165,0.948748,90.567001,17.591957,0.018698,0.949958,-0.002210,0.311809,0.071764,107.011154,19.682812,0.004508,0.972495,0.058283,0.225469,0.740217,125.112297,19.817982,0.030354,0.987981,-0.079944,0.128770,1.275360,138.887833,19.822851,0.071154,0.900276,0.075770,0.422728,-2.324774,119.887711,17.643646,0.067371,-0.675152,0.125175,-0.723853,-12.615026,123.014366,5.435452,0.064099,-0.188263,-0.361964,-0.910731,-11.337141,116.912483,-16.098162,0.215042,0.064376,-0.674045,-0.703758,2.491178,130.079102,-24.169083,-0.070856,0.985498,0.038211,0.149373,3.353957,119.646774,21.824055,0.271366,0.748055,-0.010812,-0.605523,18.734329,121.733238,26.702183,-0.069770,-0.041178,0.506242,-0.858578,21.411140,112.338173,6.524722,0.101144,-0.203903,0.734466,-0.639337,11.455018,130.100433,9.432178,0.056528,0.912331,0.103484,0.392107,-5.918678,83.507217,11.836269,0.087888,0.940476,-0.053114,0.323975,-6.687694,49.510857,3.683164,0.015362,0.960213,0.069431,0.270062,-15.656045,5.555215,5.612100,-0.078183,0.922408,-0.087808,0.367887,7.064335,83.186256,23.776951,-0.021653,0.903692,-0.129731,0.407482,9.848766,49.184181,31.453081,-0.044613,0.930713,0.034945,0.361333,6.858654,5.835044,42.773972,0.015362,0.960213,0.069431,0.270062,-8.719621,1.534002,-6.373899,-0.044613,0.930713,0.034945,0.361333,16.337788,1.425469,32.841702
1170,9.750000,0.018809,0.931228,-0.023047,0.363222,0.581198,83.343689,17.795202,-0.004470,0.943018,0.068726,0.325536,0.955681,90.564125,17.583551,0.018560,0.949831,-0.001961,0.312206,0.072750,107.006767,19.687057,0.004615,0.972421,0.058189,0.225811,0.733578,125.108131,19.829512,0.030367,0.987957,-0.079815,0.129026,1.272702,138.883514,19.832975,0.070873,0.900149,0.075812,0.423039,-2.327410,119.883087,17.650656,0.068221,-0.674632,0.124878,-0.724309,-12.610401,123.002563,5.434517,0.064973,-0.187899,-0.362389,-0.910575,-11.297754,116.883636,-16.092161,0.215793,0.064385,-0.674202,-0.703377,2.520650,130.055481,-24.160709,-0.070738,0.985425,0.038350,0.149877,3.347894,119.642960,21.835754,0.271419,0.748094,-0.010966,-0.605447,18.723896,121.724152,26.729864,-0.070054,-0.040615,0.506451,-0.858458,21.403509,112.322685,6.555768,0.100687,-0.203359,0.734436,-0.639618,11.454165,130.091110,9.449651,0.056562,0.912169,0.103621,0.392442,-5.906058,83.505005,11.820270,0.087947,0.940384,-0.053484,0.324165,-6.670377,49.510895,3.657340,0.015346,0.960233,0.069291,0.270029,-15.654686,5.559731,5.613835,-0.078195,0.922323,-0.087809,0.368096,7.068454,83.182373,23.770136,-0.021626,0.903738,-0.129824,0.407352,9.851896,49.180458,31.447300,-0.044518,0.930717,0.035005,0.361329,6.857786,5.833390,42.775043,0.015346,0.960233,0.069291,0.270029,-8.719345,1.534912,-6.371574,-0.044518,0.930717,0.035005,0.361329,16.336119,1.424341,32.841785
1171,9.758333,0.018777,0.931106,-0.022749,0.363553,0.589590,83.340851,17.783392,-0.004475,0.942876,0.069103,0.325867,0.962151,90.561501,17.575724,0.018509,0.949721,-0.001711,0.312545,0.074311,107.001099,19.690456,0.004516,0.972341,0.058158,0.226166,0.730521,125.102570,19.841177,0.030391,0.987917,-0.079633,0.129441,1.267760,138.878021,19.843679,0.070637,0.899987,0.075985,0.423391,-2.327591,119.877693,17.657862,0.068579,-0.674005,0.125214,-0.724800,-12.601953,122.993149,5.433435,0.065499,-0.187722,-0.362841,-0.910394,-11.255168,116.851654,-16.084709,0.216593,0.064426,-0.674331,-0.703004,2.551875,130.033630,-24.153976,-0.070881,0.985344,0.038477,0.150310,3.344752,119.637177,21.846956,0.271714,0.748134,-0.010834,-0.605268,18.715864,121.721626,26.755026,-0.070102,-0.040323,0.506591,-0.858385,21.398029,112.313484,6.584374,0.100349,-0.202958,0.734765,-0.639420,11.453492,130.086197,9.469283,0.056613,0.912006,0.103735,0.392785,-5.893441,83.503380,11.803905,0.088004,0.940261,-0.053852,0.324445,-6.654778,49.511330,3.632120,0.015444,0.960241,0.069200,0.270018,-15.654962,5.564609,5.615203,-0.078243,0.922244,-0.087825,0.368280,7.072621,83.178314,23.762877,-0.021589,0.903642,-0.129894,0.407543,9.857176,49.177120,31.442839,-0.044649,0.930673,0.035064,0.361419,6.855059,5.831542,42.774166,0.015444,0.960241,0.069200,0.270018,-8.721058,1.536684,-6.369995,-0.044649,0.930673,0.035064,0.361419,16.336670,1.425461,32.842720
1172,9.766667,0.018813,0.931009,-0.022456,0.363818,0.596768,83.337906,17.772261,-0.004466,0.942737,0.069511,0.326183,0.968338,90.558723,17.568830,0.018448,0.949610,-0.001600,0.312886,0.075428,107.000519,19.696575,0.004413,0.972255,0.058250,0.226512,0.728230,125.102081,19.850645,0.030443,0.987877,-0.079496,0.129815,1.262720,138.877640,19.855434,0.070324,0.899849,0.076035,0.423728,-2.327356,119.876991,17.664295,0.069108,-0.673555,0.125227,-0.725166,-12.593868,122.984489,5.431250,0.066142,-0.187404,-0.363148,-0.910291,-11.220011,116.825912,-16.080301,0.217265,0.064488,-0.674554,-0.702577,2.581786,130.012894,-24.146757,-0.070806,0.985280,0.038625,0.150724,3.342011,119.636848,21.857439,0.271954,0.748161,-0.010689,-0.605129,18.709415,121.717491,26.778719,-0.070190,-0.040036,0.506731,-0.858309,21.393272,112.304924,6.610355,0.099992,-0.202568,0.734807,-0.639551,11.453882,130.081146,9.487141,0.056516,0.912020,0.103796,0.392749,-5.882845,83.502769,11.789133,0.088123,0.940223,-0.054084,0.324485,-6.636634,49.510834,3.616189,0.015493,0.960259,0.069164,0.269962,-15.653488,5.568239,5.614944,-0.078321,0.922156,-0.087804,0.368490,7.076380,83.173035,23.755388,-0.021560,0.903590,-0.129998,0.407627,9.864735,49.172443,31.436628,-0.044645,0.930678,0.035204,0.361395,6.855451,5.829170,42.774857,0.015493,0.960259,0.069164,0.269962,-8.721518,1.539059,-6.370955,-0.044645,0.930678,0.035204,0.361395,16.336876,1.426574,32.841675
1173,9.775000,0.018782,0.930907,-0.022267,0.364092,0.604991,83.332802,17.762281,-0.003997,0.942597,0.069760,0.326541,0.975214,90.553757,17.561337,0.017832,0.949481,-0.001454,0.313315,0.093590,106.992470,19.701309,0.004730,0.972131,0.058518,0.226967,0.723462,125.094864,19.853710,0.030252,0.987856,-0.079330,0.130123,1.265497,138.870132,19.868307,0.070270,0.899697,0.076439,0.423987,-2.323574,119.865654,17.665260,0.069524,-0.673179,0.125344,-0.725455,-12.583206,122.977432,5.427528,0.066638,-0.187115,-0.363319,-0.910245,-11.187974,116.802025,-16.077820,0.217805,0.064567,-0.674584,-0.702374,2.612352,129.991043,-24.140463,-0.070811,0.985193,0.038624,0.151290,3.342315,119.633171,21.863537,0.272203,0.748127,-0.010635,-0.605061,18.704140,121.713066,26.802540,-0.070185,-0.039754,0.506930,-0.858205,21.385647,112.294098,6.636854,0.099727,-0.202361,0.735036,-0.639395,11.453269,130.076736,9.504092,0.056544,0.911974,0.103910,0.392822,-5.871118,83.498230,11.775376,0.088167,0.940082,-0.054395,0.324828,-6.622809,49.508171,3.594436,0.015640,0.960244,0.069127,0.270014,-15.653060,5.569309,5.614787,-0.078366,0.922074,-0.087739,0.368701,7.081100,83.167366,23.749186,-0.021500,0.903521,-0.130093,0.407754,9.872325,49.166462,31.428015,-0.044578,0.930629,0.035329,0.361517,6.853071,5.825189,42.771236,0.015640,0.960244,0.069127,0.270014,-8.721293,1.538069,-6.370539,-0.044578,0.930629,0.035329,0.361517,16.336758,1.425152,32.839085
1174,9.783333,0.018809,0.930828,-0.022034,0.364308,0.610143,83.329048,17.752048,-0.004523,0.942483,0.070269,0.326753,0.979546,90.550148,17.554474,0.018352,0.949411,-0.001397,0.313497,0.075235,106.990471,19.704935,0.004634,0.972073,0.058528,0.227214,0.722330,125.092186,19.865313,0.030208,0.987822,-0.079147,0.130502,1.262135,138.867538,19.879908,0.069943,0.899518,0.076398,0.424428,-2.328834,119.866821,17.673435,0.070511,-0.672980,0.124642,-0.725666,-12.577769,122.969147,5.424345,0.067614,-0.186581,-0.363368,-0.910264,-11.162620,116.786278,-16.077562,0.218296,0.064623,-0.674694,-0.702110,2.644812,129.971603,-24.135199,-0.070859,0.985136,0.038604,0.151644,3.335175,119.627144,21.873838,0.272305,0.748265,-0.010557,-0.604845,18.693287,121.708084,26.823925,-0.070444,-0.039344,0.507061,-0.858125,21.383972,112.286201,6.660820,0.099232,-0.202108,0.735072,-0.639511,11.456335,130.071442,9.519098,0.056517,0.911929,0.104007,0.392905,-5.863184,83.496315,11.762187,0.088235,0.940045,-0.054644,0.324875,-6.609730,49.507450,3.575801,0.015698,0.960243,0.069066,0.270030,-15.652850,5.572090,5.614611,-0.078415,0.922029,-0.087656,0.368822,7.083470,83.161789,23.741909,-0.021444,0.903601,-0.130252,0.407528,9.879002,49.160397,31.417019,-0.044712,0.930624,0.035303,0.361516,6.852139,5.822608,42.771519,0.015698,0.960243,0.069066,0.270030,-8.721424,1.538820,-6.370229,-0.044712,0.930624,0.035303,0.361516,16.336996,1.423321,32.840149
1175,9.791667,0.018825,0.930772,-0.021837,0.364461,0.615977,83.326210,17.743698,-0.004099,0.942338,0.070498,0.327126,0.984590,90.547417,17.548910,0.017841,0.949261,-0.001306,0.313981,0.090402,106.983391,19.710300,0.004571,0.971956,0.058752,0.227661,0.718807,125.085785,19.868309,0.030203,0.987792,-0.078896,0.130879,1.256252,138.861221,19.889154,0.069949,0.899412,0.076646,0.424606,-2.324782,119.856941,17.674212,0.070887,-0.672551,0.124728,-0.726012,-12.568781,122.963074,5.421963,0.068043,-0.186306,-0.363508,-0.910232,-11.128739,116.765472,-16.074041,0.218636,0.064619,-0.674914,-0.701793,2.680095,129.954391,-24.128746,-0.070905,0.985042,0.038714,0.152204,3.335205,119.623741,21.880396,0.272609,0.748322,-0.010401,-0.604640,18.687565,121.704697,26.848274,-0.070484,-0.038904,0.507210,-0.858054,21.381960,112.276245,6.688739,0.098606,-0.201946,0.734904,-0.639852,11.459725,130.065460,9.532469,0.056454,0.911948,0.104101,0.392845,-5.855359,83.494911,11.751728,0.088304,0.940069,-0.054828,0.324756,-6.595824,49.506916,3.561204,0.015547,0.960269,0.068880,0.269995,-15.649807,5.574468,5.614540,-0.078437,0.922011,-0.087535,0.368892,7.087313,83.157501,23.735668,-0.021434,0.903486,-0.130386,0.407742,9.886802,49.154873,31.403854,-0.044821,0.930597,0.035304,0.361572,6.851505,5.820197,42.767967,0.015547,0.960269,0.068880,0.269995,-8.718395,1.537251,-6.368974,-0.044821,0.930597,0.035304,0.361572,16.338545,1.422131,32.838146
1176,9.800000,0.018800,0.930743,-0.021624,0.364551,0.622257,83.324089,17.735163,-0.004157,0.942240,0.070796,0.327344,0.989429,90.545448,17.543152,0.017837,0.949173,-0.001211,0.314247,0.089725,106.979897,19.712952,0.004499,0.971856,0.059000,0.228023,0.716873,125.082306,19.874386,0.030073,0.987750,-0.078713,0.131339,1.251403,138.857849,19.901939,0.069837,0.899282,0.076777,0.424876,-2.325144,119.853638,17.677687,0.071072,-0.671868,0.125097,-0.726563,-12.562191,122.958672,5.419348,0.068284,-0.186274,-0.363756,-0.910121,-11.085094,116.742577,-16.068800,0.218870,0.064451,-0.675092,-0.701564,2.715976,129.936676,-24.125311,-0.070951,0.984976,0.038691,0.152614,3.332489,119.620094,21.887018,0.272502,0.748654,-0.010100,-0.604283,18.680569,121.701965,26.867727,-0.070823,-0.038574,0.507016,-0.858156,21.396936,112.281380,6.707459,0.098043,-0.201667,0.734742,-0.640213,11.466798,130.063980,9.545833,0.056405,0.912018,0.104190,0.392665,-5.847950,83.493721,11.741998,0.088365,0.940019,-0.055018,0.324853,-6.584422,49.506634,3.547344,0.015561,0.960271,0.068806,0.270007,-15.649179,5.577034,5.613939,-0.078433,0.921961,-0.087444,0.369038,7.092464,83.154465,23.728327,-0.021429,0.903427,-0.130545,0.407822,9.892927,49.150673,31.391006,-0.044763,0.930580,0.035308,0.361623,6.850319,5.819699,42.767300,0.015561,0.960271,0.068806,0.270007,-8.717820,1.537732,-6.368903,-0.044763,0.930580,0.035308,0.361623,16.337904,1.421178,32.838200
1177,9.808333,0.018772,0.930714,-0.021389,0.364639,0.627523,83.322601,17.726486,-0.004162,0.942140,0.071060,0.327576,0.993097,90.544121,17.537529,0.017819,0.949079,-0.001071,0.314532,0.089787,106.977821,19.715328,0.004376,0.971774,0.059141,0.228339,0.714657,125.080261,19.881540,0.030031,0.987719,-0.078488,0.131719,1.245516,138.855927,19.912548,0.069687,0.899119,0.076902,0.425224,-2.325400,119.851768,17.681730,0.071381,-0.671519,0.125092,-0.726855,-12.553498,122.954651,5.415379,0.068637,-0.185991,-0.363792,-0.910138,-11.055358,116.728867,-16.068512,0.219108,0.064457,-0.675179,-0.701406,2.749886,129.923538,-24.120419,-0.071062,0.984891,0.038696,0.153107,3.329713,119.617882,21.894430,0.271787,0.748779,-0.011343,-0.604429,18.672380,121.702469,26.890663,-0.071796,-0.037493,0.507324,-0.857941,21.398306,112.270615,6.736957,0.097242,-0.201452,0.734712,-0.640437,11.475116,130.065750,9.558742,0.056352,0.912058,0.104266,0.392559,-5.841568,83.493240,11.732147,0.088409,0.939970,-0.055235,0.324945,-6.573541,49.506847,3.534203,0.015661,0.960280,0.068754,0.269981,-15.648415,5.580094,5.616903,-0.078518,0.921934,-0.087390,0.369102,7.096614,83.151970,23.720827,-0.021359,0.903368,-0.130671,0.407917,9.903434,49.148453,31.382401,-0.044761,0.930558,0.035305,0.361679,6.849349,5.820152,42.765800,0.015661,0.960280,0.068754,0.269981,-8.718781,1.538738,-6.366247,-0.044761,0.930558,0.035305,0.361679,16.338085,1.421562,32.837833
1178,9.816667,0.018745,0.930700,-0.021187,0.364687,0.631995,83.321152,17.719328,-0.004126,0.942055,0.071262,0.327776,0.996150,90.542809,17.532955,0.017759,0.948994,-0.000936,0.314791,0.091278,106.976082,19.717300,0.004137,0.971689,0.059402,0.228637,0.712495,125.078606,19.887651,0.030071,0.987680,-0.078297,0.132115,1.235778,138.854553,19.924583,0.069563,0.898986,0.077026,0.425503,-2.325322,119.849983,17.685072,0.071744,-0.671142,0.124969,-0.727189,-12.546256,122.951363,5.412370,0.069030,-0.185734,-0.363822,-0.910149,-11.024022,116.717995,-16.067629,0.219271,0.064424,-0.675282,-0.701259,2.785140,129.912460,-24.116417,-0.070843,0.984817,0.038908,0.153632,3.327518,119.616318,21.900835,0.271752,0.748936,-0.011131,-0.604253,18.665955,121.692017,26.913733,-0.072267,-0.036933,0.507483,-0.857831,21.402252,112.265266,6.759049,0.096504,-0.201120,0.734502,-0.640893,11.482716,130.067032,9.571568,0.056307,0.912093,0.104332,0.392468,-5.836496,83.492615,11.724362,0.088458,0.940128,-0.055314,0.324460,-6.564561,49.506828,3.523543,0.015547,0.960296,0.068613,0.269967,-15.644693,5.581629,5.616088,-0.078597,0.921955,-0.087312,0.369049,7.100485,83.149696,23.714294,-0.021309,0.903374,-0.130839,0.407851,9.914806,49.146107,31.372761,-0.044716,0.930581,0.035327,0.361623,6.851279,5.821574,42.767925,0.015547,0.960296,0.068613,0.269967,-8.714766,1.537268,-6.365879,-0.044716,0.930581,0.035327,0.361623,16.338482,1.423042,32.838467
1179,9.825000,0.018730,0.930693,-0.020945,0.364719,0.635647,83.318748,17.711668,-0.004085,0.941979,0.071479,0.327947,0.998342,90.540558,17.528496,0.017615,0.948920,-0.000852,0.315023,0.091966,106.973907,19.720009,0.003930,0.971588,0.059759,0.228977,0.707266,125.076630,19.891750,0.030099,0.987625,-0.078146,0.132601,1.223293,138.852829,19.937441,0.069493,0.898851,0.077069,0.425790,-2.327789,119.847153,17.687376,0.071803,-0.670634,0.125171,-0.727617,-12.541085,122.947502,5.408062,0.069161,-0.185554,-0.363982,-0.910112,-10.990587,116.705032,-16.067266,0.219553,0.064341,-0.675267,-0.701192,2.816766,129.904755,-24.111572,-0.070834,0.984756,0.038982,0.154010,3.323065,119.615067,21.905882,0.271886,0.749181,-0.011000,-0.603892,18.657757,121.689484,26.930737,-0.072947,-0.036122,0.507660,-0.857704,21.410341,112.258957,6.780043,0.095119,-0.200573,0.733656,-0.642240,11.496096,130.065094,9.578403,0.056360,0.912052,0.104435,0.392528,-5.832431,83.491524,11.716299,0.088412,0.940094,-0.055501,0.324540,-6.560493,49.507660,3.507520,0.015963,0.960320,0.068772,0.269815,-15.642345,5.583599,5.616431,-0.078622,0.921964,-0.087238,0.369039,7.103726,83.145973,23.707037,-0.021355,0.903113,-0.130955,0.408390,9.921696,49.141735,31.361324,-0.044849,0.930552,0.035301,0.361685,6.850818,5.820105,42.765556,0.015963,0.960320,0.068772,0.269815,-8.719483,1.540825,-6.370150,-0.044849,0.930552,0.035301,0.361685,16.340498,1.422352,32.838123
1180,9.833333,0.018740,0.930713,-0.020802,0.364677,0.638713,83.315590,17.705301,-0.003861,0.941914,0.071619,0.328106,1.000773,90.537491,17.524076,0.017372,0.948843,-0.000762,0.315268,0.099515,106.970093,19.722216,0.003796,0.971491,0.060111,0.229298,0.705374,125.073135,19.894440,0.030051,0.987584,-0.078020,0.132998,1.216118,138.849503,19.949183,0.069541,0.898726,0.077159,0.426031,-2.325841,119.842102,17.688450,0.071816,-0.670031,0.125563,-0.728104,-12.532246,122.945404,5.404153,0.069205,-0.185474,-0.364315,-0.909991,-10.949885,116.688942,-16.064781,0.219881,0.064277,-0.675247,-0.701115,2.847388,129.898102,-24.106030,-0.070880,0.984678,0.038848,0.154518,3.322954,119.612900,21.909872,0.272238,0.749274,-0.010603,-0.603624,18.652330,121.688629,26.950382,-0.073084,-0.035746,0.507850,-0.857595,21.410822,112.256027,6.801458,0.094456,-0.200371,0.733573,-0.642496,11.504142,130.066254,9.589597,0.056282,0.912093,0.104549,0.392413,-5.829906,83.489456,11.710546,0.088467,0.940124,-0.055625,0.324418,-6.550821,49.506657,3.496749,0.016047,0.960315,0.068737,0.269837,-15.640512,5.584696,5.615620,-0.078650,0.921996,-0.087191,0.368966,7.107332,83.141724,23.700058,-0.021332,0.903159,-0.131079,0.408248,9.928930,49.137238,31.351870,-0.044898,0.930549,0.035312,0.361684,6.853436,5.818433,42.765579,0.016047,0.960315,0.068737,0.269837,-8.718002,1.540384,-6.370647,-0.044898,0.930549,0.035312,0.361684,16.343578,1.421475,32.838234
1181,9.841667,0.018737,0.930734,-0.020685,0.364630,0.641580,83.315048,17.699333,-0.004169,0.941858,0.071817,0.328221,1.002968,90.537010,17.519661,0.017695,0.948787,-0.000679,0.315419,0.089648,106.968521,19.720495,0.003681,0.971410,0.060415,0.229563,0.705617,125.071159,19.899361,0.029940,0.987539,-0.077923,0.133408,1.211759,138.847656,19.961906,0.069431,0.898600,0.077171,0.426312,-2.327816,119.842613,17.690523,0.072023,-0.669546,0.125642,-0.728516,-12.526916,122.943291,5.399500,0.069483,-0.185287,-0.364488,-0.909939,-10.916292,116.677269,-16.064537,0.220133,0.064380,-0.675253,-0.701021,2.878180,129.890137,-24.102777,-0.071040,0.984619,0.038981,0.154791,3.319474,119.608727,21.913700,0.273201,0.749460,-0.009204,-0.602982,18.645365,121.688446,26.963148,-0.072836,-0.035840,0.507867,-0.857602,21.415066,112.259338,6.814134,0.093701,-0.200238,0.733479,-0.642755,11.511806,130.066040,9.599777,0.056204,0.912176,0.104622,0.392213,-5.827648,83.489639,11.705260,0.088531,0.940117,-0.055714,0.324404,-6.543377,49.507290,3.489146,0.015856,0.960321,0.068519,0.269884,-15.640963,5.587247,5.613740,-0.078653,0.922069,-0.087050,0.368816,7.110808,83.140450,23.693409,-0.021280,0.903151,-0.131270,0.408209,9.937547,49.134274,31.335825,-0.044849,0.930552,0.035220,0.361692,6.851205,5.819777,42.762951,0.015856,0.960321,0.068519,0.269884,-8.716193,1.538343,-6.369668,-0.044849,0.930552,0.035220,0.361692,16.340824,1.419985,32.836361
1182,9.850000,0.018752,0.930754,-0.020659,0.364580,0.644719,83.312042,17.697052,-0.004151,0.941800,0.071961,0.328355,1.006167,90.534012,17.517786,0.017615,0.948721,-0.000624,0.315622,0.091437,106.966354,19.723349,0.003582,0.971331,0.060609,0.229849,0.704000,125.069084,19.903324,0.029821,0.987508,-0.077714,0.133789,1.206716,138.845688,19.970858,0.069400,0.898455,0.077192,0.426619,-2.327522,119.840096,17.692938,0.072152,-0.669233,0.125584,-0.728800,-12.518237,122.940613,5.394924,0.069673,-0.185020,-0.364624,-0.909925,-10.888201,116.672050,-16.066908,0.220461,0.064371,-0.675220,-0.700950,2.905141,129.888062,-24.097574,-0.071074,0.984564,0.039073,0.155100,3.317995,119.607056,21.918531,0.273322,0.749510,-0.009125,-0.602866,18.640610,121.686852,26.977879,-0.073145,-0.035514,0.508087,-0.857459,21.413612,112.255272,6.830472,0.093186,-0.200034,0.733465,-0.642909,11.518435,130.067520,9.611578,0.056163,0.912270,0.104729,0.391970,-5.825140,83.487076,11.703671,0.088545,0.940148,-0.055797,0.324298,-6.537475,49.505970,3.482111,0.015864,0.960335,0.068494,0.269842,-15.638340,5.586970,5.614334,-0.078708,0.922125,-0.087019,0.368670,7.114579,83.137009,23.690434,-0.021151,0.903276,-0.131354,0.407911,9.946855,49.131062,31.331829,-0.044867,0.930538,0.035199,0.361727,6.850781,5.818051,42.761948,0.015864,0.960335,0.068494,0.269842,-8.714760,1.537374,-6.369529,-0.044867,0.930538,0.035199,0.361727,16.341255,1.417928,32.836330
1183,9.858333,0.018759,0.930793,-0.020560,0.364487,0.647066,83.314285,17.692093,-0.003981,0.941756,0.072088,0.328455,1.008068,90.536324,17.514160,0.017413,0.948665,-0.000481,0.315802,0.097308,106.963058,19.724766,0.003436,0.971251,0.060816,0.230131,0.701283,125.066055,19.907448,0.029785,0.987470,-0.077491,0.134206,1.199217,138.842804,19.979990,0.069442,0.898318,0.077404,0.426862,-2.326939,119.835953,17.695196,0.072323,-0.668986,0.125435,-0.729036,-12.510721,122.940918,5.392559,0.069885,-0.184761,-0.364626,-0.909960,-10.864179,116.671562,-16.067783,0.220598,0.064365,-0.675235,-0.700893,2.932748,129.886963,-24.091980,-0.071135,0.984509,0.039237,0.155381,3.317084,119.604980,21.922901,0.273565,0.749566,-0.008845,-0.602689,18.636585,121.685425,26.991421,-0.073370,-0.035306,0.508257,-0.857348,21.413179,112.252594,6.845088,0.092629,-0.199868,0.733475,-0.643030,11.523946,130.069778,9.624029,0.056131,0.912317,0.104738,0.391863,-5.823990,83.490120,11.700025,0.088565,0.940101,-0.055851,0.324417,-6.535005,49.508884,3.478899,0.015609,0.960329,0.068270,0.269934,-15.639398,5.590755,5.613882,-0.078685,0.922188,-0.086932,0.368538,7.118122,83.138451,23.684162,-0.021157,0.903223,-0.131513,0.407976,9.952323,49.131195,31.318981,-0.044857,0.930531,0.035109,0.361755,6.850042,5.821964,42.761753,0.015609,0.960329,0.068270,0.269934,-8.711870,1.536805,-6.366232,-0.044857,0.930531,0.035109,0.361755,16.340773,1.419481,32.837418
1184,9.866667,0.018738,0.930820,-0.020496,0.364421,0.651716,83.311668,17.688978,-0.003995,0.941709,0.072143,0.328577,1.012093,90.533752,17.511766,0.017375,0.948603,-0.000369,0.315992,0.100011,106.960281,19.723799,0.003332,0.971156,0.061238,0.230424,0.701348,125.063339,19.910027,0.029646,0.987427,-0.077422,0.134594,1.194258,138.840195,19.993660,0.069399,0.898199,0.077699,0.427065,-2.325238,119.833199,17.695595,0.072353,-0.668699,0.125417,-0.729300,-12.503579,122.941254,5.389229,0.069948,-0.184542,-0.364629,-0.909999,-10.839587,116.671051,-16.069523,0.220648,0.064352,-0.675251,-0.700863,2.960351,129.887039,-24.086555,-0.071227,0.984448,0.039281,0.155713,3.317107,119.602249,21.925543,0.273608,0.749621,-0.008798,-0.602602,18.632822,121.684875,27.004606,-0.073727,-0.035081,0.508423,-0.857228,21.413054,112.251236,6.859155,0.092198,-0.199627,0.733471,-0.643171,11.529863,130.072372,9.638025,0.056149,0.912399,0.104787,0.391656,-5.820198,83.487610,11.697837,0.088550,0.940170,-0.055913,0.324211,-6.532825,49.507244,3.473247,0.015900,0.960344,0.068477,0.269810,-15.637252,5.589491,5.615916,-0.078676,0.922224,-0.086943,0.368447,7.123629,83.135735,23.680119,-0.021132,0.903179,-0.131573,0.408055,9.957737,49.128513,31.315132,-0.044892,0.930515,0.035162,0.361788,6.850233,5.820602,42.761467,0.015900,0.960344,0.068477,0.269810,-8.714816,1.539219,-6.368385,-0.044892,0.930515,0.035162,0.361788,16.342127,1.419858,32.837475
1185,9.875000,0.018736,0.930858,-0.020428,0.364328,0.655013,83.311150,17.684488,-0.004027,0.941668,0.072177,0.328688,1.014978,90.533272,17.508146,0.017363,0.948542,-0.000136,0.316174,0.101552,106.954369,19.720074,0.003176,0.971086,0.061417,0.230674,0.699760,125.057434,19.914261,0.029614,0.987392,-0.077229,0.134964,1.187755,138.834442,20.002035,0.069423,0.898036,0.077943,0.427359,-2.325077,119.827736,17.696415,0.072456,-0.668519,0.125234,-0.729485,-12.495131,122.940269,5.384334,0.070074,-0.184209,-0.364620,-0.910060,-10.818343,116.672470,-16.074123,0.220756,0.064434,-0.675252,-0.700821,2.986483,129.888565,-24.080688,-0.071361,0.984393,0.039365,0.155977,3.315652,119.595947,21.928471,0.272725,0.749670,-0.009976,-0.602924,18.628063,121.681953,27.016088,-0.074766,-0.034440,0.508651,-0.857029,21.412544,112.245438,6.872577,0.091804,-0.199372,0.733427,-0.643357,11.534416,130.075699,9.651752,0.056112,0.912482,0.104787,0.391468,-5.818104,83.487534,11.694662,0.088567,0.940140,-0.055945,0.324288,-6.530079,49.506878,3.471212,0.016076,0.960337,0.068531,0.269812,-15.637005,5.589712,5.615285,-0.078647,0.922245,-0.086934,0.368405,7.128130,83.134773,23.674314,-0.021185,0.903100,-0.131660,0.408201,9.960942,49.127110,31.307871,-0.044795,0.930535,0.035211,0.361743,6.852604,5.821443,42.762497,0.016076,0.960337,0.068531,0.269812,-8.716004,1.539687,-6.369926,-0.044795,0.930535,0.035211,0.361743,16.342766,1.420893,32.836761
1186,9.883333,0.018870,0.930901,-0.020513,0.364207,0.657604,83.312035,17.682564,-0.004093,0.941628,0.072358,0.328761,1.019798,90.534035,17.505732,0.017307,0.948496,-0.000109,0.316315,0.102031,106.956604,19.722826,0.003089,0.970999,0.061688,0.230969,0.697989,125.059738,19.917423,0.029490,0.987344,-0.077106,0.135417,1.182395,138.836823,20.012321,0.069279,0.897928,0.078125,0.427577,-2.325555,119.829704,17.698610,0.072404,-0.668210,0.125257,-0.729770,-12.490193,122.940887,5.381709,0.070125,-0.183997,-0.364661,-0.910082,-10.795119,116.673279,-16.075373,0.220861,0.064562,-0.675246,-0.700781,3.011072,129.890854,-24.074661,-0.071238,0.984360,0.039507,0.156203,3.313943,119.598534,21.932339,0.272800,0.749700,-0.009874,-0.602853,18.624636,121.679520,27.027199,-0.075076,-0.034262,0.508785,-0.856929,21.411106,112.242867,6.884016,0.091255,-0.199283,0.733389,-0.643506,11.538010,130.076019,9.663698,0.056106,0.912523,0.104761,0.391381,-5.816980,83.490120,11.694372,0.088563,0.940225,-0.055902,0.324050,-6.530077,49.509033,3.472806,0.015959,0.960354,0.068416,0.269788,-15.634908,5.591372,5.615669,-0.078627,0.922308,-0.086908,0.368257,7.132187,83.133949,23.670757,-0.021153,0.903163,-0.131748,0.408034,9.965612,49.125751,31.301695,-0.044773,0.930544,0.035164,0.361728,6.853575,5.822048,42.762714,0.015959,0.960354,0.068416,0.269788,-8.713732,1.539091,-6.368683,-0.044773,0.930544,0.035164,0.361728,16.343094,1.420043,32.837006
1187,9.891667,0.018912,0.930953,-0.020498,0.364072,0.658615,83.310158,17.678185,-0.004122,0.941602,0.072540,0.328796,1.021277,90.532143,17.501730,0.017321,0.948465,-0.000009,0.316407,0.100593,106.952820,19.723991,0.003115,0.970936,0.061878,0.231179,0.695871,125.055946,19.922247,0.029358,0.987314,-0.076995,0.135726,1.180061,138.832993,20.022711,0.069269,0.897804,0.078228,0.427819,-2.327046,119.826218,17.701809,0.072780,-0.668026,0.124692,-0.729998,-12.484995,122.938881,5.379770,0.070402,-0.183657,-0.364708,-0.910111,-10.772566,116.677834,-16.077847,0.220845,0.064581,-0.675281,-0.700752,3.035720,129.894943,-24.067881,-0.071140,0.984309,0.039480,0.156576,3.311618,119.594429,21.936617,0.273470,0.749879,-0.008476,-0.602349,18.618956,121.671829,27.042978,-0.074750,-0.034483,0.508664,-0.857021,21.416265,112.248466,6.895086,0.090813,-0.199409,0.733351,-0.643572,11.541117,130.074661,9.674811,0.056103,0.912556,0.104714,0.391316,-5.817671,83.489105,11.691861,0.088550,0.940232,-0.055872,0.324039,-6.532476,49.507309,3.473390,0.015781,0.960346,0.068356,0.269841,-15.635329,5.589139,5.614264,-0.078606,0.922395,-0.086958,0.368032,7.134900,83.131203,23.664509,-0.021130,0.903188,-0.131794,0.407964,9.967527,49.123386,31.297421,-0.044799,0.930532,0.035149,0.361756,6.852846,5.820694,42.761570,0.015781,0.960346,0.068356,0.269841,-8.711390,1.536404,-6.368335,-0.044799,0.930532,0.035149,0.361756,16.343164,1.418627,32.836658
1188,9.900000,0.018956,0.930985,-0.020598,0.363983,0.661419,83.307907,17.676012,-0.004175,0.941573,0.072673,0.328847,1.025181,90.529808,17.498404,0.017312,0.948432,0.000069,0.316508,0.101286,106.949982,19.724176,0.003055,0.970869,0.062129,0.231395,0.695321,125.053116,19.925056,0.029258,0.987276,-0.076931,0.136058,1.176633,138.830231,20.032171,0.069348,0.897726,0.078349,0.427949,-2.326773,119.823502,17.703251,0.072893,-0.667784,0.124580,-0.730227,-12.480741,122.940315,5.378979,0.070404,-0.183453,-0.364771,-0.910127,-10.752564,116.679062,-16.077312,0.220787,0.064509,-0.675287,-0.700771,3.057186,129.899597,-24.060102,-0.071156,0.984271,0.039570,0.156784,3.310998,119.591507,21.939234,0.273543,0.749911,-0.008358,-0.602278,18.616142,121.668602,27.052298,-0.075119,-0.034335,0.508857,-0.856880,21.415508,112.245605,6.904511,0.090308,-0.199336,0.733132,-0.643915,11.548382,130.074951,9.686975,0.056104,0.912634,0.104697,0.391140,-5.815979,83.486977,11.690897,0.088549,0.940277,-0.055847,0.323912,-6.532922,49.504929,3.473632,0.016031,0.960353,0.068487,0.269766,-15.634746,5.586505,5.613681,-0.078550,0.922463,-0.086973,0.367869,7.138817,83.128830,23.661127,-0.021118,0.903205,-0.131824,0.407917,9.968838,49.120590,31.293100,-0.044780,0.930514,0.035115,0.361808,6.852621,5.818563,42.759312,0.016031,0.960353,0.068487,0.269766,-8.714570,1.535644,-6.371725,-0.044780,0.930514,0.035115,0.361808,16.343773,1.415465,32.835655
1189,9.908333,0.018934,0.931005,-0.020659,0.363928,0.665842,83.306648,17.673597,-0.004271,0.941551,0.072712,0.328902,1.029626,90.528526,17.495033,0.017312,0.948401,0.000246,0.316600,0.102453,106.943306,19.720217,0.003064,0.970809,0.062353,0.231589,0.694443,125.046448,19.927246,0.029129,0.987249,-0.076827,0.136341,1.174877,138.823532,20.040686,0.069482,0.897652,0.078546,0.428045,-2.326623,119.817230,17.703089,0.072763,-0.667592,0.124581,-0.730415,-12.477308,122.940758,5.377815,0.070225,-0.183282,-0.364790,-0.910167,-10.737679,116.682961,-16.078558,0.220706,0.064466,-0.675236,-0.700849,3.074317,129.906921,-24.052711,-0.071248,0.984225,0.039690,0.156999,3.310318,119.584442,21.940132,0.273615,0.749968,-0.008160,-0.602176,18.612839,121.663490,27.060249,-0.075433,-0.034213,0.509000,-0.856772,21.415918,112.242760,6.911922,0.089823,-0.199338,0.733047,-0.644080,11.553899,130.075806,9.697122,0.056199,0.912648,0.104628,0.391112,-5.812271,83.485001,11.689234,0.088502,0.940197,-0.055860,0.324155,-6.537447,49.502693,3.473784,0.015826,0.960342,0.068475,0.269823,-15.636235,5.583650,5.613914,-0.078482,0.922566,-0.087016,0.367616,7.143956,83.128288,23.657959,-0.021102,0.903253,-0.131871,0.407797,9.970545,49.119820,31.290197,-0.044756,0.930541,0.035092,0.361744,6.852870,5.818826,42.759941,0.015826,0.960342,0.068475,0.269823,-8.712808,1.533809,-6.369957,-0.044756,0.930541,0.035092,0.361744,16.342398,1.414833,32.835133
1190,9.916667,0.018976,0.931028,-0.020708,0.363866,0.668210,83.306824,17.671946,-0.004317,0.941526,0.072837,0.328944,1.032797,90.528648,17.492924,0.017349,0.948375,0.000329,0.316675,0.102542,106.946198,19.721899,0.002934,0.970752,0.062636,0.231753,0.694832,125.049271,19.932245,0.029052,0.987213,-0.076830,0.136615,1.170228,138.826462,20.052687,0.069366,0.897572,0.078754,0.428195,-2.325971,119.820526,17.706671,0.072851,-0.667468,0.124343,-0.730560,-12.473002,122.943787,5.378326,0.070230,-0.183079,-0.364806,-0.910201,-10.723248,116.690742,-16.078604,0.220625,0.064507,-0.675168,-0.700936,3.089710,129.914825,-24.044558,-0.071111,0.984206,0.039884,0.157137,3.310282,119.586876,21.944580,0.273917,0.749977,-0.007701,-0.602034,18.612028,121.660324,27.069265,-0.075575,-0.034149,0.509115,-0.856694,21.415398,112.241783,6.919970,0.089195,-0.199287,0.732860,-0.644395,11.558544,130.076309,9.705998,0.056211,0.912701,0.104560,0.391005,-5.810679,83.485580,11.688437,0.088489,0.940230,-0.055826,0.324068,-6.539451,49.502373,3.477008,0.015862,0.960344,0.068522,0.269801,-15.635964,5.582777,5.615548,-0.078424,0.922577,-0.087044,0.367593,7.147099,83.128067,23.655455,-0.021127,0.903316,-0.131919,0.407641,9.969454,49.119301,31.287939,-0.044799,0.930553,0.035090,0.361707,6.853994,5.819547,42.762955,0.015862,0.960344,0.068522,0.269801,-8.713245,1.533981,-6.369084,-0.044799,0.930553,0.035090,0.361707,16.343134,1.415922,32.837608
1191,9.925000,0.018978,0.931064,-0.020683,0.363774,0.669896,83.307457,17.669762,-0.005156,0.941529,0.072989,0.328891,1.034367,90.529289,17.491051,0.018152,0.948391,0.000491,0.316583,0.076440,106.944572,19.715462,0.003174,0.970728,0.062733,0.231823,0.694473,125.046608,19.940519,0.028712,0.987199,-0.076786,0.136811,1.175766,138.823563,20.065182,0.069274,0.897470,0.078677,0.428437,-2.334152,119.823982,17.711210,0.072887,-0.667306,0.124071,-0.730751,-12.474855,122.943855,5.376796,0.070111,-0.182789,-0.364833,-0.910258,-10.712378,116.698112,-16.081223,0.220496,0.064455,-0.675060,-0.701086,3.103425,129.925110,-24.034548,-0.071066,0.984217,0.039754,0.157118,3.302525,119.578865,21.947910,0.273746,0.750073,-0.007719,-0.601991,18.604677,121.651566,27.071699,-0.076376,-0.033896,0.509327,-0.856507,21.414532,112.237106,6.921385,0.088406,-0.199069,0.732547,-0.644927,11.565168,130.076126,9.715880,0.056306,0.912668,0.104468,0.391091,-5.810166,83.486458,11.687528,0.088404,0.940226,-0.055789,0.324110,-6.546732,49.502651,3.479269,0.015806,0.960356,0.068576,0.269748,-15.635159,5.581334,5.616829,-0.078407,0.922620,-0.087098,0.367477,7.149960,83.128456,23.651995,-0.021178,0.903186,-0.131927,0.407925,9.970759,49.120159,31.287157,-0.044851,0.930567,0.035089,0.361667,6.855528,5.820796,42.763691,0.015806,0.960356,0.068576,0.269748,-8.713053,1.534429,-6.368796,-0.044851,0.930567,0.035089,0.361667,16.344299,1.417682,32.837765
1192,9.933333,0.018979,0.931080,-0.020713,0.363733,0.672947,83.307060,17.669094,-0.004844,0.941510,0.072954,0.328958,1.037571,90.528877,17.489969,0.017774,0.948355,0.000589,0.316711,0.089817,106.941078,19.716204,0.003166,0.970671,0.062944,0.232006,0.693726,125.043610,19.940374,0.028588,0.987190,-0.076586,0.137018,1.173720,138.820557,20.070896,0.069441,0.897464,0.078946,0.428373,-2.330240,119.818497,17.710552,0.073036,-0.667179,0.123734,-0.730909,-12.471995,122.946823,5.379139,0.070080,-0.182586,-0.364922,-0.910265,-10.698167,116.707184,-16.079729,0.220324,0.064506,-0.674992,-0.701201,3.116073,129.936569,-24.024094,-0.070975,0.984186,0.039864,0.157327,3.305485,119.578003,21.948786,0.273900,0.749992,-0.007472,-0.602026,18.605923,121.646904,27.079248,-0.076657,-0.033778,0.509554,-0.856351,21.410122,112.234924,6.926990,0.087856,-0.198922,0.732539,-0.645057,11.569715,130.078995,9.723780,0.056349,0.912692,0.104416,0.391044,-5.807647,83.485893,11.687428,0.088402,0.940144,-0.055783,0.324350,-6.548819,49.501675,3.481311,0.015999,0.960326,0.068702,0.269812,-15.637464,5.580270,5.616076,-0.078374,0.922665,-0.087169,0.367355,7.153541,83.128220,23.650759,-0.021178,0.903187,-0.131915,0.407925,9.971382,49.120419,31.289228,-0.044752,0.930577,0.035112,0.361651,6.856591,5.820772,42.764832,0.015999,0.960326,0.068702,0.269812,-8.715216,1.535379,-6.370152,-0.044752,0.930577,0.035112,0.361651,16.344166,1.417185,32.837967
1193,9.941667,0.019052,0.931102,-0.020800,0.363666,0.673276,83.306511,17.668701,-0.004853,0.941492,0.073051,0.328986,1.039332,90.528236,17.488756,0.017786,0.948335,0.000611,0.316770,0.090294,106.937897,19.717588,0.003210,0.970632,0.063141,0.232112,0.694331,125.040413,19.942707,0.028472,0.987184,-0.076485,0.137142,1.174424,138.817307,20.078947,0.069534,0.897439,0.079038,0.428394,-2.329402,119.815430,17.712255,0.072918,-0.667037,0.123706,-0.731055,-12.470141,122.947754,5.381025,0.069844,-0.182412,-0.364996,-0.910289,-10.687510,116.712212,-16.078304,0.220278,0.064482,-0.674783,-0.701419,3.128698,129.948547,-24.013817,-0.070859,0.984163,0.039944,0.157501,3.305792,119.574692,21.951181,0.274316,0.749536,-0.007880,-0.602399,18.604982,121.639183,27.087133,-0.076881,-0.033354,0.510439,-0.855820,21.378801,112.207664,6.939806,0.087333,-0.198924,0.732436,-0.645244,11.572586,130.076004,9.728920,0.056351,0.912671,0.104382,0.391103,-5.808125,83.486015,11.687928,0.088399,0.940138,-0.055759,0.324372,-6.549875,49.501305,3.483892,0.016053,0.960324,0.068689,0.269819,-15.637602,5.579597,5.616470,-0.078385,0.922775,-0.087287,0.367045,7.154676,83.127007,23.649471,-0.021077,0.903399,-0.131877,0.407475,9.972701,49.120773,31.294849,-0.044777,0.930583,0.035139,0.361629,6.856873,5.819833,42.765297,0.016053,0.960324,0.068689,0.269819,-8.715727,1.533964,-6.369723,-0.044777,0.930583,0.035139,0.361629,16.344278,1.417166,32.837860
1194,9.950000,0.019071,0.931123,-0.020819,0.363612,0.674216,83.303566,17.667593,-0.004949,0.941491,0.073093,0.328979,1.040614,90.525269,17.487480,0.017921,0.948333,0.000628,0.316769,0.088078,106.935898,19.716722,0.003159,0.970611,0.063336,0.232148,0.696580,125.038231,19.943975,0.028381,0.987184,-0.076366,0.137224,1.174103,138.815170,20.085175,0.069596,0.897427,0.079143,0.428390,-2.328440,119.814262,17.712906,0.072802,-0.666927,0.123712,-0.731166,-12.469017,122.949806,5.382361,0.069674,-0.182220,-0.365017,-0.910332,-10.679876,116.717278,-16.077297,0.220186,0.064687,-0.674657,-0.701550,3.138478,129.956772,-24.003296,-0.070610,0.984166,0.040130,0.157549,3.306690,119.571625,21.951807,0.274134,0.749680,-0.007410,-0.602309,18.606539,121.627113,27.089405,-0.076989,-0.033613,0.510147,-0.855975,21.389723,112.212685,6.935383,0.087231,-0.199075,0.732896,-0.644689,11.572604,130.071884,9.734953,0.056348,0.912729,0.104331,0.390981,-5.807872,83.483292,11.687573,0.088386,0.940138,-0.055717,0.324383,-6.551953,49.497818,3.486904,0.015998,0.960328,0.068760,0.269789,-15.637413,5.575493,5.616261,-0.078317,0.922782,-0.087290,0.367042,7.156303,83.123840,23.647612,-0.021123,0.903406,-0.131903,0.407447,9.969908,49.116901,31.291491,-0.044829,0.930597,0.035110,0.361589,6.857210,5.816749,42.765759,0.015998,0.960328,0.068760,0.269789,-8.715531,1.532190,-6.370712,-0.044829,0.930597,0.035110,0.361589,16.344193,1.413853,32.838020
1195,9.958333,0.019100,0.931121,-0.020860,0.363612,0.677458,83.302109,17.666712,-0.004707,0.941485,0.073149,0.328988,1.044465,90.523773,17.486195,0.017573,0.948328,0.000674,0.316804,0.098972,106.931915,19.719503,0.003347,0.970584,0.063483,0.232220,0.694966,125.034698,19.944359,0.028249,0.987197,-0.076217,0.137245,1.176690,138.811432,20.090776,0.069799,0.897397,0.079306,0.428389,-2.326288,119.808342,17.713779,0.072655,-0.666891,0.123720,-0.731212,-12.465959,122.952019,5.384567,0.069372,-0.182058,-0.365016,-0.910388,-10.674765,116.723488,-16.076077,0.219988,0.064767,-0.674477,-0.701777,3.146556,129.967010,-23.992113,-0.070523,0.984149,0.040177,0.157678,3.308704,119.570160,21.953112,0.274515,0.749548,-0.007054,-0.602303,18.607624,121.622429,27.094742,-0.076963,-0.033608,0.510336,-0.855865,21.381725,112.206421,6.940210,0.086817,-0.198963,0.732862,-0.644818,11.573387,130.068481,9.739254,0.056403,0.912703,0.104290,0.391045,-5.804602,83.482048,11.686670,0.088411,0.940077,-0.055733,0.324549,-6.552761,49.496418,3.487044,0.015775,0.960297,0.068684,0.269934,-15.641221,5.574667,5.615417,-0.078274,0.922857,-0.087416,0.366832,7.159517,83.122169,23.646751,-0.021091,0.903433,-0.131836,0.407411,9.968817,49.116306,31.296974,-0.044824,0.930584,0.035173,0.361617,6.856431,5.814445,42.764866,0.015775,0.960297,0.068684,0.269934,-8.713988,1.530684,-6.368231,-0.044824,0.930584,0.035173,0.361617,16.344122,1.413136,32.837105
1196,9.966667,0.019110,0.931134,-0.020839,0.363579,0.676897,83.300819,17.667450,-0.004753,0.941488,0.073204,0.328966,1.043924,90.522484,17.487253,0.017641,0.948334,0.000653,0.316782,0.096491,106.929611,19.721674,0.003411,0.970568,0.063523,0.232275,0.695063,125.032318,19.946547,0.028129,0.987203,-0.075954,0.137368,1.178318,138.808975,20.094526,0.069873,0.897399,0.079321,0.428371,-2.327038,119.806381,17.716095,0.072460,-0.666785,0.123746,-0.731324,-12.466874,122.952393,5.387606,0.069029,-0.181948,-0.365040,-0.910426,-10.669611,116.728569,-16.073904,0.219674,0.064877,-0.674394,-0.701945,3.152599,129.976410,-23.980951,-0.070412,0.984155,0.040082,0.157718,3.308122,119.567406,21.955166,0.274712,0.749336,-0.007140,-0.602476,18.607138,121.616570,27.097761,-0.077165,-0.033419,0.510795,-0.855580,21.367054,112.194183,6.944248,0.086536,-0.198868,0.732835,-0.644915,11.577261,130.067093,9.742026,0.056403,0.912686,0.104274,0.391088,-5.805583,83.481071,11.687873,0.088384,0.940110,-0.055701,0.324467,-6.553781,49.495205,3.489227,0.016065,0.960304,0.068837,0.269851,-15.638876,5.572698,5.616503,-0.078283,0.922834,-0.087445,0.366882,7.159378,83.120560,23.647028,-0.021115,0.903428,-0.131809,0.407428,9.968083,49.115135,31.299416,-0.044718,0.930608,0.035265,0.361560,6.858411,5.812735,42.766018,0.016065,0.960304,0.068837,0.269851,-8.715889,1.530942,-6.370354,-0.044718,0.930608,0.035265,0.361560,16.344154,1.412600,32.835873
1197,9.975000,0.019075,0.931144,-0.020796,0.363558,0.677815,83.301094,17.667765,-0.004807,0.941492,0.073323,0.328928,1.044129,90.522804,17.487959,0.017703,0.948348,0.000656,0.316737,0.093608,106.932808,19.725990,0.003405,0.970580,0.063447,0.232246,0.694304,125.035431,19.951653,0.028122,0.987218,-0.075736,0.137379,1.177835,138.812103,20.097519,0.069869,0.897350,0.079313,0.428476,-2.328615,119.809959,17.721245,0.072263,-0.666778,0.123808,-0.731339,-12.465547,122.955917,5.390350,0.068619,-0.181797,-0.364980,-0.910511,-10.668575,116.735909,-16.072292,0.219298,0.064934,-0.674289,-0.702159,3.156898,129.985504,-23.967411,-0.070156,0.984174,0.040177,0.157688,3.306918,119.570122,21.959770,0.274956,0.749204,-0.006900,-0.602533,18.607416,121.610687,27.101385,-0.077332,-0.033297,0.511099,-0.855389,21.358257,112.188194,6.946679,0.085975,-0.198967,0.732991,-0.644783,11.580635,130.068359,9.744426,0.056428,0.912669,0.104271,0.391125,-5.804963,83.481056,11.688499,0.088388,0.940101,-0.055700,0.324492,-6.554523,49.495335,3.489365,0.015651,0.960313,0.068730,0.269871,-15.639901,5.572865,5.616192,-0.078295,0.922813,-0.087524,0.366914,7.160592,83.121124,23.647030,-0.021078,0.903487,-0.131774,0.407311,9.967766,49.116810,31.304914,-0.044758,0.930612,0.035252,0.361546,6.857912,5.813444,42.767811,0.015651,0.960313,0.068730,0.269871,-8.712907,1.531028,-6.368325,-0.044758,0.930612,0.035252,0.361546,16.343681,1.413384,32.837658
1198,9.983333,0.019071,0.931139,-0.020793,0.363571,0.679474,83.302254,17.669115,-0.005163,0.941502,0.073300,0.328899,1.045736,90.523972,17.489332,0.018018,0.948364,0.000791,0.316671,0.084589,106.930649,19.722355,0.003291,0.970585,0.063435,0.232227,0.694563,125.032852,19.956249,0.028155,0.987218,-0.075527,0.137487,1.175097,138.809647,20.101048,0.069922,0.897353,0.079407,0.428443,-2.331316,119.809952,17.723837,0.072151,-0.666720,0.123725,-0.731417,-12.468909,122.958687,5.394211,0.068348,-0.181628,-0.364928,-0.910586,-10.667565,116.744492,-16.069736,0.218967,0.064981,-0.674247,-0.702298,3.162236,129.995956,-23.954918,-0.070120,0.984185,0.040091,0.157660,3.304645,119.565292,21.961514,0.275369,0.748832,-0.007245,-0.602802,18.605587,121.605194,27.102045,-0.077417,-0.033042,0.511837,-0.854949,21.331663,112.164017,6.952730,0.086014,-0.198558,0.732787,-0.645135,11.582892,130.064484,9.745491,0.056459,0.912641,0.104246,0.391193,-5.803132,83.482178,11.689668,0.088389,0.940120,-0.055686,0.324439,-6.554685,49.496342,3.491186,0.015767,0.960318,0.068786,0.269833,-15.639705,5.573764,5.617327,-0.078287,0.922828,-0.087564,0.366869,7.162079,83.122330,23.648561,-0.021099,0.903452,-0.131751,0.407396,9.968028,49.118404,31.308624,-0.044787,0.930646,0.035270,0.361453,6.859591,5.814564,42.770123,0.015767,0.960318,0.068786,0.269833,-8.714538,1.532688,-6.368494,-0.044787,0.930646,0.035270,0.361453,16.343716,1.415192,32.838100
1199,9.991667,0.019017,0.931151,-0.020796,0.363543,0.678334,83.301140,17.671183,-0.005211,0.941525,0.073336,0.328826,1.043874,90.522888,17.491064,0.018145,0.948394,0.000844,0.316574,0.080951,106.930389,19.724890,0.003190,0.970620,0.063376,0.232099,0.694709,125.032425,19.961996,0.028255,0.987246,-0.075310,0.137391,1.172743,138.809326,20.104408,0.070030,0.897353,0.079404,0.428426,-2.332696,119.810555,17.729229,0.071957,-0.666699,0.123794,-0.731443,-12.470292,122.962341,5.400376,0.068018,-0.181544,-0.364898,-0.910640,-10.668468,116.751572,-16.064526,0.218691,0.065133,-0.674051,-0.702558,3.163635,130.005554,-23.941956,-0.070010,0.984204,0.040149,0.157570,3.304066,119.563950,21.965731,0.275692,0.748696,-0.007122,-0.602824,18.606438,121.600197,27.103466,-0.077571,-0.032700,0.512232,-0.854712,21.323336,112.153152,6.955658,0.085466,-0.198340,0.732394,-0.645721,11.590309,130.063324,9.740599,0.056400,0.912658,0.104301,0.391146,-5.804666,83.480164,11.692133,0.088423,0.940061,-0.055718,0.324595,-6.551402,49.494667,3.491802,0.015889,0.960312,0.068895,0.269819,-15.640458,5.572936,5.618074,-0.078278,0.922828,-0.087587,0.366863,7.161333,83.122116,23.650232,-0.021080,0.903540,-0.131732,0.407206,9.966147,49.118370,31.311518,-0.044666,0.930645,0.035350,0.361463,6.859331,5.814016,42.771503,0.015889,0.960312,0.068895,0.269819,-8.716437,1.533955,-6.369116,-0.044666,0.930645,0.035350,0.361463,16.342766,1.415392,32.838486
1200,10.000000,0.019054,0.931147,-0.020889,0.363547,0.676540,83.301514,17.673464,-0.005292,0.941535,0.073401,0.328781,1.043065,90.523186,17.492287,0.018206,0.948415,0.000814,0.316508,0.077192,106.927277,19.726887,0.003499,0.970631,0.063405,0.232040,0.693413,125.029228,19.963612,0.028152,0.987279,-0.075175,0.137244,1.179443,138.805832,20.108681,0.070130,0.897337,0.079540,0.428417,-2.335007,119.807747,17.731356,0.071728,-0.666710,0.123865,-0.731444,-12.472383,122.964287,5.403537,0.067714,-0.181371,-0.364844,-0.910719,-10.671960,116.758011,-16.062784,0.218557,0.065240,-0.673890,-0.702743,3.164370,130.013947,-23.929544,-0.069939,0.984218,0.040116,0.157528,3.302317,119.560448,21.967068,0.275899,0.748489,-0.007336,-0.602985,18.605450,121.594666,27.103346,-0.077521,-0.032639,0.512591,-0.854503,21.308573,112.137413,6.958471,0.085559,-0.198368,0.732747,-0.645299,11.589657,130.057709,9.741335,0.056376,0.912630,0.104311,0.391213,-5.806391,83.480545,11.694339,0.088452,0.940193,-0.055634,0.324220,-6.550725,49.494999,3.493991,0.015817,0.960323,0.068842,0.269798,-15.638980,5.572891,5.616001,-0.078272,0.922804,-0.087592,0.366926,7.159470,83.122482,23.652590,-0.021083,0.903560,-0.131675,0.407181,9.963282,49.118759,31.314308,-0.044762,0.930615,0.035347,0.361527,6.859064,5.813065,42.769943,0.015817,0.960323,0.068842,0.269798,-8.714974,1.533005,-6.370898,-0.044762,0.930615,0.035347,0.361527,16.344732,1.415443,32.838612
1201,10.008333,0.019061,0.931144,-0.020957,0.363550,0.675046,83.301506,17.675402,-0.005311,0.941546,0.073457,0.328736,1.042016,90.523132,17.493351,0.018239,0.948435,0.000807,0.316445,0.075130,106.925713,19.729372,0.003647,0.970636,0.063480,0.231999,0.692576,125.027634,19.966188,0.028104,0.987295,-0.075100,0.137179,1.182031,138.804077,20.114147,0.070282,0.897376,0.079562,0.428306,-2.336484,119.806358,17.734283,0.071613,-0.666626,0.123970,-0.731514,-12.476264,122.967461,5.409615,0.067504,-0.181268,-0.364931,-0.910720,-10.672016,116.761078,-16.056353,0.218502,0.065359,-0.673764,-0.702871,3.163535,130.022415,-23.916433,-0.069786,0.984236,0.040003,0.157508,3.301385,119.558647,21.969246,0.276246,0.748334,-0.007193,-0.603019,18.605413,121.588623,27.104525,-0.077448,-0.032490,0.512885,-0.854339,21.298077,112.125481,6.961016,0.085357,-0.198200,0.732590,-0.645556,11.591496,130.052475,9.737706,0.056332,0.912616,0.104337,0.391244,-5.807837,83.480202,11.696217,0.088505,0.940223,-0.055631,0.324119,-6.548312,49.494694,3.495381,0.015690,0.960322,0.068735,0.269836,-15.640661,5.573392,5.616506,-0.078238,0.922800,-0.087627,0.366934,7.157928,83.122803,23.654587,-0.021080,0.903579,-0.131597,0.407165,9.958588,49.119122,31.317684,-0.044718,0.930595,0.035343,0.361587,6.857278,5.811563,42.767059,0.015690,0.960322,0.068735,0.269836,-8.714860,1.531450,-6.368659,-0.044718,0.930595,0.035343,0.361587,16.343773,1.413418,32.836758
1202,10.016667,0.019078,0.931137,-0.021057,0.363562,0.674114,83.302597,17.677372,-0.005380,0.941556,0.073533,0.328688,1.041841,90.524155,17.494068,0.018380,0.948458,0.000809,0.316367,0.072277,106.923256,19.731319,0.003591,0.970653,0.063504,0.231919,0.694543,125.024986,19.969772,0.028126,0.987309,-0.075011,0.137127,1.182208,138.801498,20.117912,0.070364,0.897421,0.079626,0.428187,-2.336258,119.804726,17.737858,0.071426,-0.666705,0.123905,-0.731471,-12.478987,122.968887,5.416401,0.067249,-0.181155,-0.364817,-0.910807,-10.678749,116.770218,-16.052134,0.218369,0.065379,-0.673483,-0.703180,3.161091,130.029984,-23.903975,-0.069708,0.984236,0.040047,0.157534,3.302233,119.555130,21.971882,0.276513,0.748206,-0.007115,-0.603057,18.606348,121.582344,27.108002,-0.077473,-0.032159,0.513197,-0.854162,21.290356,112.113930,6.965819,0.085009,-0.197964,0.732079,-0.646254,11.596486,130.048477,9.732028,0.056334,0.912605,0.104338,0.391270,-5.808611,83.480927,11.698005,0.088497,0.940215,-0.055609,0.324149,-6.548993,49.495445,3.497058,0.015905,0.960324,0.068819,0.269793,-15.640179,5.573809,5.616255,-0.078211,0.922792,-0.087645,0.366955,7.156840,83.124268,23.656740,-0.021109,0.903537,-0.131546,0.407274,9.955074,49.120506,31.320358,-0.044673,0.930600,0.035333,0.361579,6.856603,5.811861,42.766373,0.015905,0.960324,0.068819,0.269793,-8.717176,1.532702,-6.370810,-0.044673,0.930600,0.035333,0.361579,16.342493,1.412990,32.835812
1203,10.025000,0.019064,0.931115,-0.021009,0.363622,0.673793,83.303284,17.678112,-0.005407,0.941559,0.073593,0.328665,1.041094,90.524879,17.495411,0.018391,0.948475,0.000850,0.316315,0.070109,106.923355,19.734188,0.003784,0.970665,0.063492,0.231870,0.692319,125.025055,19.974154,0.028125,0.987327,-0.074950,0.137029,1.185179,138.801376,20.123127,0.070420,0.897450,0.079665,0.428109,-2.338698,119.804993,17.742109,0.071255,-0.666741,0.123832,-0.731467,-12.483339,122.971214,5.422751,0.066998,-0.181038,-0.364718,-0.910888,-10.684456,116.779945,-16.048035,0.218168,0.065411,-0.673306,-0.703408,3.158724,130.038086,-23.891209,-0.069603,0.984251,0.040034,0.157488,3.300247,119.555031,21.975508,0.276759,0.748016,-0.007205,-0.603179,18.605316,121.579041,27.110052,-0.077359,-0.032028,0.513547,-0.853967,21.276608,112.102280,6.970098,0.085109,-0.197907,0.732100,-0.646235,11.596936,130.046005,9.730204,0.056273,0.912630,0.104281,0.391235,-5.808168,83.481667,11.697917,0.088548,0.940250,-0.055550,0.324041,-6.546590,49.494877,3.502215,0.015707,0.960317,0.068799,0.269835,-15.640074,5.573461,5.616011,-0.078198,0.922675,-0.087692,0.367242,7.155755,83.124901,23.658306,-0.021163,0.903516,-0.131474,0.407339,9.949531,49.121574,31.325483,-0.044702,0.930611,0.035391,0.361542,6.857248,5.811438,42.767540,0.015707,0.960317,0.068799,0.269835,-8.714279,1.533136,-6.369705,-0.044702,0.930611,0.035391,0.361542,16.342773,1.414309,32.835857
1204,10.033333,0.019045,0.931098,-0.020975,0.363668,0.673823,83.303864,17.679140,-0.005472,0.941575,0.073635,0.328611,1.040705,90.525482,17.496807,0.018476,0.948505,0.000943,0.316221,0.067415,106.922699,19.736099,0.003697,0.970687,0.063450,0.231792,0.691504,125.024284,19.980164,0.028252,0.987330,-0.074878,0.137022,1.182161,138.800690,20.127363,0.070444,0.897470,0.079772,0.428045,-2.340477,119.805038,17.747494,0.071112,-0.666812,0.123736,-0.731433,-12.486800,122.973335,5.430055,0.066815,-0.180901,-0.364645,-0.910958,-10.691060,116.789452,-16.043123,0.218030,0.065492,-0.673251,-0.703496,3.156479,130.047760,-23.878756,-0.069451,0.984265,0.040136,0.157443,3.299269,119.553528,21.979734,0.276937,0.747814,-0.007230,-0.603347,18.605486,121.572243,27.112940,-0.077269,-0.031948,0.513828,-0.853809,21.263268,112.091301,6.973171,0.085120,-0.197908,0.732044,-0.646297,11.595285,130.041916,9.729205,0.056274,0.912623,0.104243,0.391262,-5.807561,83.482132,11.698316,0.088546,0.940185,-0.055544,0.324232,-6.546876,49.494789,3.504973,0.015476,0.960315,0.068743,0.269869,-15.640418,5.573278,5.616481,-0.078222,0.922664,-0.087762,0.367248,7.155208,83.125595,23.659966,-0.021170,0.903454,-0.131420,0.407494,9.948656,49.123383,31.332203,-0.044631,0.930615,0.035465,0.361532,6.856990,5.811998,42.769688,0.015476,0.960315,0.068743,0.269869,-8.711814,1.532995,-6.367627,-0.044631,0.930615,0.035465,0.361532,16.341860,1.416005,32.836872
1205,10.041667,0.019009,0.931096,-0.021041,0.363672,0.674109,83.305267,17.682590,-0.005545,0.941582,0.073751,0.328564,1.040857,90.526871,17.499184,0.018456,0.948526,0.001024,0.316160,0.064129,106.923508,19.741306,0.003825,0.970713,0.063299,0.231723,0.686591,125.025116,19.987890,0.028365,0.987342,-0.074847,0.136930,1.181561,138.801407,20.131754,0.070436,0.897447,0.079989,0.428053,-2.345188,119.805908,17.754848,0.071086,-0.666937,0.123486,-0.731364,-12.491327,122.976944,5.437972,0.066635,-0.180777,-0.364450,-0.911074,-10.700310,116.802040,-16.038176,0.217668,0.065480,-0.673120,-0.703734,3.154339,130.055878,-23.866411,-0.069306,0.984293,0.040093,0.157339,3.295104,119.554314,21.986351,0.277245,0.747614,-0.007280,-0.603454,18.603027,121.568810,27.116102,-0.077096,-0.031834,0.514165,-0.853626,21.247393,112.078629,6.978921,0.085227,-0.197807,0.732063,-0.646291,11.593076,130.038437,9.728230,0.056231,0.912645,0.104256,0.391214,-5.807247,83.482521,11.701710,0.088583,0.940269,-0.055492,0.323988,-6.543877,49.495029,3.508747,0.015919,0.960327,0.068954,0.269748,-15.638524,5.573595,5.617169,-0.078213,0.922600,-0.087820,0.367397,7.155466,83.128006,23.663469,-0.021166,0.903514,-0.131342,0.407387,9.945613,49.126427,31.339708,-0.044751,0.930624,0.035442,0.361497,6.857839,5.813188,42.771240,0.015919,0.960327,0.068954,0.269748,-8.716323,1.536068,-6.371561,-0.044751,0.930624,0.035442,0.361497,16.343010,1.417836,32.838440
1206,10.050000,0.018958,0.931095,-0.020995,0.363679,0.673079,83.304916,17.683428,-0.005505,0.941589,0.073840,0.328522,1.038897,90.526573,17.500370,0.018392,0.948544,0.001057,0.316108,0.062613,106.922241,19.745653,0.003868,0.970744,0.063250,0.231605,0.682520,125.023941,19.992584,0.028585,0.987360,-0.074869,0.136743,1.178784,138.800186,20.135233,0.070562,0.897480,0.080033,0.427955,-2.348761,119.804359,17.759754,0.070951,-0.666982,0.123427,-0.731346,-12.497049,122.979507,5.445697,0.066400,-0.180761,-0.364337,-0.911140,-10.708047,116.810486,-16.032324,0.217344,0.065510,-0.673016,-0.703932,3.150608,130.063171,-23.856773,-0.069151,0.984303,0.040099,0.157347,3.292035,119.553459,21.990633,0.277309,0.747494,-0.007435,-0.603570,18.600584,121.562958,27.120501,-0.077049,-0.031623,0.514377,-0.853510,21.237061,112.067886,6.984580,0.085248,-0.197747,0.732128,-0.646233,11.590823,130.034103,9.726090,0.056294,0.912536,0.104245,0.391462,-5.808225,83.481621,11.702468,0.088544,0.940209,-0.055511,0.324169,-6.546929,49.494473,3.508278,0.015662,0.960325,0.068840,0.269800,-15.639297,5.572614,5.617676,-0.078203,0.922606,-0.087878,0.367369,7.154382,83.128212,23.664389,-0.021164,0.903513,-0.131283,0.407408,9.942563,49.127232,31.343985,-0.044662,0.930618,0.035485,0.361519,6.856510,5.812582,42.770622,0.015662,0.960325,0.068840,0.269800,-8.713789,1.533722,-6.368694,-0.044662,0.930618,0.035485,0.361519,16.341421,1.417398,32.837494
1207,10.058333,0.018937,0.931078,-0.020993,0.363722,0.671743,83.302406,17.684349,-0.005540,0.941590,0.073942,0.328497,1.037276,90.524086,17.501234,0.018436,0.948560,0.001090,0.316058,0.058727,106.920921,19.749552,0.003899,0.970796,0.063058,0.231440,0.679776,125.022552,19.998091,0.028834,0.987394,-0.074796,0.136486,1.177844,138.798798,20.135553,0.070684,0.897521,0.080023,0.427850,-2.352056,119.803360,17.765091,0.070613,-0.667236,0.123483,-0.731138,-12.502707,122.981750,5.453823,0.065950,-0.180723,-0.363978,-0.911323,-10.729528,116.821381,-16.027985,0.216892,0.065456,-0.672783,-0.704298,3.143870,130.070023,-23.846516,-0.069016,0.984320,0.040058,0.157310,3.289158,119.551727,21.995365,0.277544,0.747382,-0.007367,-0.603602,18.598698,121.557198,27.123850,-0.076873,-0.031536,0.514522,-0.853442,21.227619,112.057457,6.989150,0.085284,-0.197584,0.732261,-0.646127,11.587121,130.028122,9.724314,0.056229,0.912545,0.104240,0.391450,-5.809016,83.478767,11.702791,0.088609,0.940262,-0.055486,0.324001,-6.543848,49.491032,3.510655,0.015822,0.960318,0.068998,0.269774,-15.640509,5.569941,5.617665,-0.078191,0.922583,-0.087893,0.367427,7.152502,83.126053,23.665909,-0.021090,0.903676,-0.131264,0.407056,9.939059,49.125107,31.346291,-0.044762,0.930588,0.035503,0.361584,6.852169,5.809736,42.769985,0.015822,0.960318,0.068998,0.269774,-8.716647,1.534219,-6.370719,-0.044762,0.930588,0.035503,0.361584,16.339424,1.416118,32.838398
1208,10.066667,0.018920,0.931079,-0.020946,0.363725,0.667852,83.299812,17.686394,-0.005592,0.941607,0.073957,0.328444,1.032904,90.521530,17.503811,0.018547,0.948584,0.001145,0.315979,0.052712,106.918297,19.752117,0.004035,0.970810,0.062965,0.231404,0.676980,125.019775,20.003780,0.028835,0.987393,-0.074819,0.136474,1.179209,138.795883,20.139572,0.070774,0.897540,0.080081,0.427785,-2.356138,119.801506,17.770351,0.070308,-0.667097,0.123735,-0.731251,-12.508178,122.983238,5.461089,0.065543,-0.180876,-0.364059,-0.911290,-10.729482,116.823532,-16.020449,0.216577,0.065440,-0.672737,-0.704441,3.136945,130.075226,-23.837353,-0.068996,0.984314,0.040059,0.157358,3.285732,119.548141,21.999649,0.277741,0.747298,-0.007427,-0.603615,18.594868,121.552895,27.129618,-0.076737,-0.031290,0.514665,-0.853377,21.218168,112.046013,6.997556,0.085215,-0.197360,0.732281,-0.646183,11.583387,130.020752,9.721502,0.056208,0.912492,0.104281,0.391568,-5.812888,83.476189,11.704816,0.088608,0.940232,-0.055492,0.324088,-6.544190,49.488884,3.510573,0.015744,0.960333,0.068998,0.269727,-15.641129,5.567837,5.617261,-0.078233,0.922601,-0.087940,0.367360,7.148592,83.123444,23.667973,-0.021026,0.903811,-0.131210,0.406776,9.937126,49.123550,31.352240,-0.044718,0.930593,0.035567,0.361569,6.850557,5.806679,42.770302,0.015744,0.960333,0.068998,0.269727,-8.717689,1.532698,-6.371564,-0.044718,0.930593,0.035567,0.361569,16.337269,1.414216,32.837685
1209,10.075000,0.019010,0.931068,-0.020979,0.363746,0.665905,83.301285,17.689358,-0.005704,0.941606,0.074040,0.328426,1.032357,90.522919,17.506817,0.018629,0.948596,0.001193,0.315940,0.047933,106.917023,19.756170,0.004098,0.970839,0.062825,0.231318,0.674485,125.018394,20.010387,0.028923,0.987409,-0.074816,0.136343,1.179184,138.794449,20.142702,0.070854,0.897547,0.080145,0.427745,-2.359461,119.800827,17.776447,0.070074,-0.667170,0.123853,-0.731187,-12.512260,122.985672,5.468613,0.065201,-0.180957,-0.363988,-0.911327,-10.739258,116.829216,-16.014334,0.216298,0.065385,-0.672607,-0.704656,3.128423,130.081390,-23.829374,-0.068934,0.984299,0.040081,0.157469,3.282709,119.546143,22.005264,0.277965,0.747076,-0.007615,-0.603784,18.590986,121.548630,27.138683,-0.076655,-0.030960,0.515011,-0.853188,21.199568,112.031830,7.009395,0.085097,-0.197130,0.732376,-0.646160,11.578404,130.016235,9.720879,0.056248,0.912404,0.104314,0.391757,-5.814500,83.478912,11.707453,0.088595,0.940191,-0.055504,0.324208,-6.545716,49.492405,3.509922,0.015626,0.960324,0.068864,0.269801,-15.642211,5.571270,5.616878,-0.078206,0.922604,-0.087902,0.367369,7.146310,83.123650,23.671263,-0.021051,0.903843,-0.131194,0.406710,9.934090,49.122993,31.352478,-0.044774,0.930592,0.035576,0.361564,6.850953,5.805826,42.770351,0.015626,0.960324,0.068864,0.269801,-8.716286,1.533272,-6.369550,-0.044774,0.930592,0.035576,0.361564,16.338099,1.414171,32.837791
1210,10.083333,0.018859,0.931094,-0.020853,0.363695,0.664329,83.298935,17.692263,-0.005650,0.941616,0.074037,0.328400,1.028067,90.520737,17.510607,0.018634,0.948600,0.001272,0.315926,0.045297,106.916893,19.760769,0.004050,0.970887,0.062584,0.231184,0.671122,125.018242,20.017776,0.029221,0.987435,-0.074714,0.136145,1.175873,138.794357,20.143116,0.070931,0.897577,0.080228,0.427654,-2.362673,119.800903,17.783110,0.069934,-0.667280,0.123786,-0.731112,-12.517634,122.988998,5.477908,0.065029,-0.180963,-0.363895,-0.911375,-10.750425,116.839012,-16.007366,0.216148,0.065281,-0.672599,-0.704719,3.119668,130.089417,-23.819975,-0.068806,0.984300,0.039988,0.157545,3.279622,119.545792,22.011734,0.278174,0.746895,-0.007591,-0.603912,18.587688,121.544579,27.147221,-0.076614,-0.030744,0.515295,-0.853028,21.184099,112.023628,7.018319,0.085030,-0.196813,0.732497,-0.646129,11.574425,130.015427,9.722068,0.056232,0.912427,0.104387,0.391686,-5.816828,83.474922,11.711125,0.088616,0.940141,-0.055530,0.324342,-6.545630,49.489361,3.509454,0.015552,0.960302,0.068952,0.269859,-15.644947,5.568835,5.616683,-0.078264,0.922611,-0.087957,0.367323,7.145486,83.122948,23.673399,-0.020978,0.903952,-0.131147,0.406486,9.935908,49.123608,31.359446,-0.044808,0.930607,0.035655,0.361512,6.851391,5.805058,42.771713,0.015552,0.960302,0.068952,0.269859,-8.716670,1.533651,-6.369328,-0.044808,0.930607,0.035655,0.361512,16.337952,1.415735,32.837574
1211,10.091667,0.018809,0.931091,-0.020793,0.363707,0.663751,83.298813,17.695389,-0.005748,0.941617,0.074067,0.328389,1.026505,90.520683,17.514277,0.018670,0.948606,0.001378,0.315905,0.040266,106.918335,19.764544,0.004231,0.970908,0.062426,0.231135,0.666108,125.019623,20.025589,0.029284,0.987446,-0.074754,0.136033,1.176618,138.795547,20.147762,0.070951,0.897568,0.080365,0.427645,-2.367776,119.802788,17.789869,0.069807,-0.667351,0.123851,-0.731047,-12.522910,122.993324,5.485442,0.064865,-0.180982,-0.363841,-0.911404,-10.760710,116.845146,-16.000765,0.216009,0.065293,-0.672596,-0.704763,3.110172,130.094666,-23.811440,-0.068611,0.984307,0.040165,0.157539,3.274684,119.546722,22.018215,0.278281,0.746824,-0.007510,-0.603951,18.583689,121.538338,27.153692,-0.076623,-0.030619,0.515477,-0.852921,21.175335,112.016884,7.024419,0.085064,-0.196588,0.732511,-0.646177,11.572523,130.014175,9.724567,0.056210,0.912425,0.104373,0.391698,-5.817292,83.474358,11.714113,0.088636,0.940147,-0.055486,0.324329,-6.544959,49.488415,3.513930,0.015841,0.960294,0.069192,0.269808,-15.644664,5.567771,5.616986,-0.078283,0.922605,-0.087975,0.367332,7.144794,83.123276,23.676664,-0.020977,0.903946,-0.131117,0.406511,9.935886,49.124348,31.364309,-0.044786,0.930603,0.035744,0.361518,6.852075,5.805093,42.774078,0.015841,0.960294,0.069192,0.269808,-8.719576,1.537109,-6.372392,-0.044786,0.930603,0.035744,0.361518,16.338783,1.417791,32.839180
1212,10.100000,0.018817,0.931093,-0.020722,0.363708,0.660365,83.297714,17.698019,-0.005748,0.941619,0.074063,0.328384,1.022857,90.519615,17.517918,0.018741,0.948609,0.001454,0.315891,0.036746,106.916222,19.767929,0.004215,0.970926,0.062319,0.231087,0.664169,125.017418,20.032391,0.029384,0.987449,-0.074782,0.135976,1.174868,138.793365,20.151510,0.071065,0.897593,0.080397,0.427567,-2.370224,119.801262,17.795757,0.069566,-0.667447,0.123989,-0.730960,-12.526989,122.995415,5.493614,0.064629,-0.181094,-0.363716,-0.911449,-10.772066,116.850105,-15.994002,0.215776,0.065263,-0.672622,-0.704813,3.101295,130.097382,-23.805540,-0.068554,0.984289,0.040334,0.157637,3.272319,119.543907,22.023912,0.278397,0.746733,-0.007408,-0.604012,18.580570,121.532677,27.162733,-0.076569,-0.030532,0.515671,-0.852812,21.165993,112.011215,7.032667,0.085184,-0.196448,0.732591,-0.646113,11.571408,130.012924,9.728992,0.056235,0.912380,0.104432,0.391783,-5.820660,83.473854,11.716745,0.088606,0.940086,-0.055531,0.324505,-6.547540,49.488960,3.512144,0.015788,0.960291,0.069199,0.269820,-15.646340,5.568266,5.618144,-0.078354,0.922584,-0.087980,0.367368,7.141390,83.121567,23.679295,-0.020975,0.903997,-0.131093,0.406404,9.936628,49.123493,31.369186,-0.044821,0.930637,0.035810,0.361418,6.854907,5.803659,42.777336,0.015788,0.960291,0.069199,0.269820,-8.720451,1.538156,-6.370955,-0.044821,0.930637,0.035810,0.361418,16.340008,1.418324,32.840038
1213,10.108333,0.018798,0.931101,-0.020687,0.363690,0.656936,83.295845,17.701281,-0.005780,0.941639,0.074125,0.328312,1.018980,90.517776,17.521538,0.018756,0.948639,0.001520,0.315802,0.031350,106.914116,19.773201,0.004361,0.970956,0.062152,0.231005,0.658558,125.015282,20.040010,0.029447,0.987456,-0.074829,0.135881,1.174094,138.791077,20.155455,0.071163,0.897588,0.080451,0.427550,-2.376178,119.799385,17.803234,0.069268,-0.667509,0.124174,-0.730900,-12.532958,122.997116,5.502035,0.064364,-0.181197,-0.363605,-0.911491,-10.783790,116.854813,-15.986914,0.215663,0.065025,-0.672667,-0.704827,3.091634,130.100510,-23.798502,-0.068630,0.984272,0.040237,0.157735,3.267159,119.541534,22.030300,0.278644,0.746668,-0.007433,-0.603978,18.574064,121.533073,27.172056,-0.076498,-0.030291,0.515793,-0.852753,21.155205,112.003494,7.045277,0.084967,-0.196124,0.732677,-0.646143,11.565351,130.008835,9.731915,0.056201,0.912409,0.104465,0.391712,-5.824332,83.471901,11.720265,0.088623,0.940137,-0.055474,0.324363,-6.548745,49.487228,3.514519,0.015265,0.960286,0.069027,0.269915,-15.647051,5.566251,5.616617,-0.078413,0.922427,-0.088654,0.367588,7.138203,83.119789,23.682295,-0.020925,0.904035,-0.130512,0.406510,9.917665,49.130680,31.417393,-0.044865,0.930623,0.035973,0.361434,6.851955,5.797029,42.777241,0.015265,0.960286,0.069027,0.269915,-8.714516,1.534990,-6.368251,-0.044865,0.930623,0.035973,0.361434,16.338221,1.416334,32.839005
1214,10.116667,0.018818,0.931115,-0.020653,0.363655,0.653672,83.293053,17.704212,-0.005765,0.941629,0.074192,0.328325,1.015799,90.514992,17.525021,0.018756,0.948629,0.001552,0.315831,0.027897,106.910660,19.778868,0.004537,0.970986,0.061921,0.230936,0.654712,125.011810,20.046818,0.029500,0.987483,-0.074820,0.135678,1.176323,138.787430,20.157068,0.071227,0.897591,0.080532,0.427518,-2.379772,119.796005,17.809530,0.069151,-0.667597,0.124267,-0.730815,-12.537138,122.996651,5.509577,0.064099,-0.181375,-0.363553,-0.911495,-10.794281,116.854988,-15.980059,0.215435,0.064759,-0.672530,-0.705052,3.080020,130.100266,-23.794279,-0.068453,0.984247,0.040495,0.157899,3.263301,119.538010,22.036942,0.278640,0.746620,-0.007370,-0.604040,18.569313,121.522270,27.184158,-0.076571,-0.030128,0.516057,-0.852593,21.147188,111.995102,7.055819,0.085141,-0.196054,0.732741,-0.646069,11.568189,130.006561,9.738922,0.056127,0.912473,0.104485,0.391568,-5.828027,83.469673,11.723683,0.088626,0.940193,-0.055416,0.324210,-6.548463,49.484703,3.518809,0.015845,0.960280,0.069323,0.269824,-15.645048,5.563193,5.617365,-0.078486,0.922509,-0.088615,0.367374,7.135371,83.116432,23.684742,-0.020789,0.904245,-0.130535,0.406041,9.922341,49.127647,31.418587,-0.044916,0.930599,0.036030,0.361483,6.850627,5.794001,42.776867,0.015845,0.960280,0.069323,0.269824,-8.719218,1.536008,-6.372750,-0.044916,0.930599,0.036030,0.361483,16.338533,1.415317,32.839317
1215,10.125000,0.018807,0.931123,-0.020645,0.363634,0.651661,83.292030,17.707026,-0.005855,0.941616,0.074351,0.328325,1.013593,90.513985,17.527870,0.018846,0.948627,0.001526,0.315833,0.021267,106.907448,19.785475,0.004952,0.970993,0.061855,0.230917,0.651466,125.008484,20.053553,0.029373,0.987503,-0.074934,0.135503,1.184584,138.783661,20.164637,0.071309,0.897592,0.080604,0.427488,-2.383985,119.793259,17.816219,0.069077,-0.667693,0.124277,-0.730732,-12.541821,122.997223,5.517515,0.063930,-0.181554,-0.363437,-0.911518,-10.804844,116.857613,-15.973189,0.215198,0.064480,-0.672445,-0.705230,3.069525,130.098892,-23.791048,-0.068394,0.984236,0.040214,0.158066,3.259024,119.534180,22.043648,0.279015,0.746582,-0.007050,-0.603918,18.563580,121.517776,27.195444,-0.076391,-0.030056,0.516247,-0.852497,21.138660,111.987244,7.068349,0.085149,-0.195911,0.732726,-0.646127,11.568293,130.002350,9.745375,0.056167,0.912442,0.104542,0.391620,-5.830313,83.468529,11.726791,0.088614,0.940201,-0.055432,0.324186,-6.551251,49.484707,3.517216,0.015720,0.960283,0.069254,0.269840,-15.647188,5.563164,5.617785,-0.078313,0.922543,-0.087840,0.367512,7.133635,83.115540,23.687262,-0.021010,0.904041,-0.131073,0.406312,9.928644,49.115284,31.367619,-0.044843,0.930618,0.035992,0.361448,6.851670,5.795103,42.775730,0.015720,0.960283,0.069254,0.269840,-8.720019,1.534974,-6.371218,-0.044843,0.930618,0.035992,0.361448,16.338058,1.414641,32.837513
1216,10.133333,0.018822,0.931151,-0.020638,0.363562,0.647444,83.290825,17.709913,-0.005901,0.941613,0.074454,0.328310,1.009534,90.512779,17.530899,0.018887,0.948625,0.001563,0.315835,0.014687,106.905411,19.791162,0.005026,0.971013,0.061667,0.230880,0.645880,125.006393,20.060966,0.029529,0.987506,-0.074961,0.135431,1.182112,138.781479,20.167398,0.071392,0.897578,0.080674,0.427492,-2.389844,119.791534,17.823116,0.068585,-0.667782,0.124739,-0.730619,-12.547195,122.998871,5.524887,0.063519,-0.181754,-0.363233,-0.911588,-10.820680,116.859200,-15.966648,0.215032,0.064226,-0.672453,-0.705296,3.058259,130.097809,-23.786732,-0.068192,0.984237,0.040441,0.158090,3.253124,119.531754,22.050558,0.279012,0.746502,-0.007029,-0.604017,18.558334,121.507660,27.203381,-0.076676,-0.029861,0.516443,-0.852359,21.128113,111.978760,7.074824,0.084822,-0.195619,0.732811,-0.646163,11.564522,130.000137,9.751792,0.056118,0.912476,0.104567,0.391541,-5.835443,83.467651,11.730676,0.088590,0.940085,-0.055428,0.324531,-6.553320,49.483810,3.520901,0.015737,0.960277,0.069318,0.269845,-15.647960,5.561850,5.618426,-0.078469,0.922471,-0.088539,0.367492,7.130331,83.114006,23.689152,-0.020874,0.904201,-0.130516,0.406140,9.917182,49.124084,31.418060,-0.045054,0.930624,0.036018,0.361401,6.851855,5.790305,42.777557,0.015737,0.960277,0.069318,0.269845,-8.720631,1.535257,-6.371024,-0.045054,0.930624,0.036018,0.361401,16.339279,1.412702,32.839066
1217,10.141667,0.018809,0.931174,-0.020605,0.363507,0.645920,83.290489,17.712986,-0.005942,0.941605,0.074537,0.328312,1.007644,90.512466,17.534332,0.018681,0.948616,0.001708,0.315873,0.010427,106.907784,19.797152,0.005445,0.971015,0.061394,0.230937,0.632897,125.009026,20.069624,0.029618,0.987506,-0.074980,0.135400,1.182159,138.783630,20.171457,0.071355,0.897563,0.080682,0.427528,-2.400137,119.793030,17.830770,0.068475,-0.667826,0.124770,-0.730584,-12.556638,122.999466,5.531600,0.063361,-0.181901,-0.363032,-0.911650,-10.833092,116.862167,-15.960852,0.214757,0.063859,-0.672460,-0.705407,3.049618,130.094772,-23.783974,-0.067830,0.984252,0.040402,0.158160,3.242609,119.535355,22.058640,0.279180,0.746520,-0.006744,-0.603921,18.548700,121.499825,27.213223,-0.076864,-0.029732,0.516641,-0.852227,21.119480,111.972809,7.083903,0.084581,-0.195389,0.732755,-0.646328,11.563682,129.999039,9.760852,0.056074,0.912551,0.104588,0.391366,-5.837683,83.467331,11.734525,0.088606,0.940238,-0.055333,0.324099,-6.553726,49.483467,3.524725,0.015693,0.960286,0.069377,0.269800,-15.645972,5.560812,5.618052,-0.078542,0.922533,-0.088545,0.367319,7.129524,83.113640,23.691448,-0.020798,0.904271,-0.130521,0.405987,9.922383,49.124603,31.422058,-0.045046,0.930632,0.036085,0.361376,6.852569,5.790666,42.779732,0.015693,0.960286,0.069377,0.269800,-8.719131,1.536131,-6.372322,-0.045046,0.930632,0.036085,0.361376,16.339550,1.414658,32.840115
1218,10.150000,0.018761,0.931201,-0.020529,0.363445,0.645485,83.290703,17.714575,-0.006050,0.941577,0.074683,0.328359,1.006150,90.512756,17.536667,0.018744,0.948587,0.001783,0.315955,0.003961,106.905403,19.802538,0.005473,0.971028,0.061230,0.230925,0.627705,125.006546,20.078365,0.029794,0.987510,-0.075031,0.135306,1.178744,138.781113,20.175951,0.071391,0.897557,0.080497,0.427569,-2.405311,119.791183,17.838039,0.068292,-0.667950,0.124857,-0.730472,-12.560509,122.996185,5.537429,0.063164,-0.182052,-0.362819,-0.911718,-10.845395,116.861771,-15.956515,0.214504,0.063637,-0.672431,-0.705532,3.040452,130.087540,-23.781796,-0.067886,0.984228,0.040529,0.158251,3.236662,119.532326,22.066862,0.279415,0.746506,-0.006600,-0.603832,18.541565,121.497749,27.224592,-0.076866,-0.029632,0.516857,-0.852099,21.111317,111.966995,7.096916,0.084612,-0.195191,0.732836,-0.646292,11.564123,129.999039,9.771047,0.056149,0.912559,0.104548,0.391348,-5.838949,83.467278,11.737010,0.088541,0.940008,-0.055378,0.324776,-6.560999,49.483410,3.527740,0.015770,0.960256,0.069434,0.269888,-15.650603,5.560169,5.620201,-0.078491,0.922467,-0.088568,0.367490,7.129920,83.114120,23.692141,-0.020906,0.904244,-0.130497,0.406049,9.917474,49.124817,31.423456,-0.044957,0.930656,0.036188,0.361315,6.856517,5.790731,42.782955,0.015770,0.960256,0.069434,0.269888,-8.722173,1.536414,-6.369563,-0.044957,0.930656,0.036188,0.361315,16.341661,1.416348,32.840874
1219,10.158333,0.018755,0.931235,-0.020525,0.363357,0.642643,83.291397,17.717016,-0.006077,0.941582,0.074803,0.328315,1.003193,90.513451,17.539089,0.018735,0.948596,0.001894,0.315928,-0.000935,106.903778,19.808184,0.005550,0.971038,0.061143,0.230904,0.621244,125.004921,20.087692,0.029962,0.987498,-0.075157,0.135285,1.174864,138.779404,20.183390,0.071458,0.897587,0.080504,0.427493,-2.411437,119.789757,17.846458,0.068276,-0.668031,0.124836,-0.730403,-12.568434,122.996689,5.547832,0.063266,-0.182173,-0.362611,-0.911769,-10.857914,116.863564,-15.946847,0.214565,0.063192,-0.672530,-0.705459,3.032031,130.080872,-23.777912,-0.067738,0.984227,0.040418,0.158353,3.230786,119.530525,22.074928,0.279567,0.746435,-0.006528,-0.603850,18.535292,121.491661,27.235472,-0.076888,-0.029515,0.517066,-0.851974,21.100214,111.958649,7.108246,0.084564,-0.195057,0.732919,-0.646244,11.561177,129.996613,9.779357,0.056085,0.912605,0.104548,0.391249,-5.842916,83.467941,11.740669,0.088561,0.940195,-0.055265,0.324246,-6.561813,49.483566,3.533220,0.015776,0.960261,0.069474,0.269859,-15.648675,5.559525,5.620704,-0.078518,0.922483,-0.088545,0.367450,7.128202,83.114853,23.693361,-0.020888,0.904207,-0.130497,0.406133,9.918398,49.125557,31.423763,-0.045031,0.930646,0.036168,0.361334,6.854990,5.791390,42.782299,0.015776,0.960261,0.069474,0.269859,-8.720898,1.536848,-6.369801,-0.045031,0.930646,0.036168,0.361334,16.341152,1.417300,32.841057
1220,10.166667,0.018737,0.931281,-0.020578,0.363237,0.640399,83.292030,17.719929,-0.006185,0.941589,0.074995,0.328248,1.000963,90.514061,17.541157,0.018793,0.948612,0.001887,0.315877,-0.008414,106.902931,19.815046,0.005722,0.971045,0.061126,0.230872,0.615844,125.004005,20.094942,0.030071,0.987493,-0.075292,0.135224,1.174131,138.778290,20.191212,0.071454,0.897584,0.080803,0.427443,-2.417665,119.789230,17.853897,0.068351,-0.668055,0.124929,-0.730358,-12.576084,123.000046,5.557455,0.063421,-0.182309,-0.362481,-0.911783,-10.868046,116.861794,-15.935964,0.214695,0.062887,-0.672496,-0.705479,3.023651,130.072784,-23.774185,-0.067749,0.984201,0.040560,0.158471,3.224977,119.529259,22.081764,0.279881,0.746453,-0.006284,-0.603685,18.528229,121.489799,27.246269,-0.076740,-0.029491,0.517077,-0.851982,21.094231,111.952682,7.121116,0.084383,-0.194962,0.732996,-0.646210,11.555927,129.990845,9.788191,0.056094,0.912623,0.104548,0.391207,-5.846723,83.468010,11.745259,0.088511,0.940072,-0.055251,0.324618,-6.566583,49.483707,3.537572,0.015745,0.960252,0.069460,0.269894,-15.649724,5.558732,5.621736,-0.078460,0.922496,-0.088483,0.367445,7.127521,83.116058,23.694599,-0.020915,0.904264,-0.130522,0.405996,9.915704,49.125351,31.419569,-0.044918,0.930635,0.036169,0.361376,6.855298,5.791879,42.781536,0.015745,0.960252,0.069460,0.269894,-8.720847,1.535841,-6.368065,-0.044918,0.930635,0.036169,0.361376,16.341326,1.416654,32.840664
1221,10.175000,0.018793,0.931305,-0.020597,0.363172,0.636208,83.290985,17.722376,-0.006216,0.941575,0.075163,0.328252,0.997609,90.512970,17.543613,0.018808,0.948603,0.001892,0.315903,-0.014503,106.899765,19.822182,0.006242,0.971039,0.061050,0.230906,0.610206,125.000809,20.102461,0.029955,0.987502,-0.075440,0.135098,1.182940,138.774490,20.200020,0.071519,0.897610,0.080780,0.427382,-2.423314,119.786156,17.861151,0.068226,-0.668074,0.125150,-0.730315,-12.583110,122.998444,5.566238,0.063517,-0.182404,-0.362327,-0.911819,-10.878695,116.856857,-15.926507,0.215000,0.062568,-0.672466,-0.705443,3.016102,130.061523,-23.769573,-0.067792,0.984176,0.040366,0.158658,3.219089,119.525955,22.089317,0.280103,0.746411,-0.006324,-0.603633,18.520216,121.488571,27.259312,-0.076655,-0.029253,0.517250,-0.851892,21.083456,111.943520,7.137579,0.084261,-0.194851,0.733027,-0.646223,11.552373,129.985886,9.794777,0.056060,0.912656,0.104585,0.391125,-5.851705,83.467781,11.748592,0.088507,0.940095,-0.055179,0.324567,-6.569070,49.483753,3.539568,0.015328,0.960247,0.069313,0.269976,-15.649650,5.557987,5.618261,-0.078473,0.922519,-0.088443,0.367395,7.124119,83.114182,23.696159,-0.020900,0.904274,-0.130529,0.405972,9.914608,49.123123,31.418720,-0.045011,0.930622,0.036137,0.361402,6.852958,5.789762,42.780796,0.015328,0.960247,0.069313,0.269976,-8.715342,1.533920,-6.367999,-0.045011,0.930622,0.036137,0.361402,16.340300,1.414730,32.841095
1222,10.183333,0.018783,0.931340,-0.020669,0.363078,0.634248,83.290535,17.724390,-0.006282,0.941569,0.075312,0.328231,0.995885,90.512489,17.544565,0.018812,0.948601,0.001970,0.315909,-0.019831,106.898140,19.827007,0.005922,0.971044,0.061017,0.230903,0.604125,124.999168,20.110031,0.030358,0.987468,-0.075527,0.135211,1.168510,138.773209,20.204678,0.071560,0.897619,0.080793,0.427355,-2.429146,119.784737,17.867886,0.068255,-0.668106,0.125307,-0.730256,-12.589507,122.998367,5.573787,0.063701,-0.182465,-0.362200,-0.911844,-10.888781,116.851028,-15.917611,0.215260,0.062312,-0.672517,-0.705338,3.008676,130.049454,-23.765450,-0.067702,0.984151,0.040616,0.158786,3.213204,119.524132,22.096100,0.279669,0.746396,-0.007050,-0.603845,18.513397,121.482361,27.270523,-0.077025,-0.028815,0.517344,-0.851817,21.076044,111.932281,7.151100,0.084125,-0.194681,0.733047,-0.646270,11.546848,129.979294,9.801324,0.056035,0.912696,0.104611,0.391027,-5.854875,83.466759,11.751904,0.088476,0.940098,-0.055146,0.324571,-6.570873,49.482918,3.541993,0.015725,0.960268,0.069513,0.269825,-15.647951,5.556339,5.618773,-0.078463,0.922556,-0.088452,0.367300,7.123371,83.114311,23.696877,-0.020859,0.904372,-0.130510,0.405762,9.913735,49.123253,31.419504,-0.044913,0.930599,0.036159,0.361471,6.852110,5.789286,42.779289,0.015725,0.960268,0.069513,0.269825,-8.720399,1.535087,-6.372338,-0.044913,0.930599,0.036159,0.361471,16.340071,1.413839,32.840366
1223,10.191667,0.018780,0.931377,-0.020608,0.362987,0.630327,83.290802,17.728006,-0.006312,0.941564,0.075422,0.328221,0.991581,90.512794,17.548958,0.018815,0.948595,0.002048,0.315927,-0.026073,106.895149,19.834114,0.006027,0.971045,0.060895,0.230926,0.597057,124.996162,20.119852,0.030521,0.987457,-0.075571,0.135229,1.165058,138.770081,20.211920,0.071481,0.897661,0.080840,0.427270,-2.435890,119.781921,17.876810,0.068326,-0.668157,0.125246,-0.730213,-12.598980,122.993782,5.584497,0.063994,-0.182430,-0.362031,-0.911898,-10.900620,116.846375,-15.907073,0.215586,0.062020,-0.672635,-0.705151,3.002765,130.037384,-23.758167,-0.067754,0.984139,0.040630,0.158837,3.206303,119.520935,22.105215,0.280379,0.746373,-0.006307,-0.603553,18.505753,121.480652,27.281290,-0.076570,-0.028940,0.517451,-0.851789,21.066402,111.927322,7.163158,0.084194,-0.194457,0.733211,-0.646142,11.542983,129.975922,9.808100,0.056011,0.912709,0.104627,0.390996,-5.859967,83.467415,11.756802,0.088452,0.940111,-0.055107,0.324548,-6.574242,49.483624,3.546537,0.015547,0.960259,0.069431,0.269891,-15.648108,5.556271,5.621000,-0.078498,0.922598,-0.088435,0.367194,7.120622,83.114189,23.699211,-0.020865,0.904450,-0.130500,0.405591,9.914608,49.123302,31.421274,-0.044995,0.930634,0.036197,0.361368,6.856014,5.789125,42.781055,0.015547,0.960259,0.069431,0.269891,-8.717566,1.533963,-6.368033,-0.044995,0.930634,0.036197,0.361368,16.342642,1.415424,32.840080
1224,10.200000,0.018718,0.931421,-0.020576,0.362879,0.629189,83.291000,17.729469,-0.006395,0.941564,0.075567,0.328186,0.989423,90.513046,17.550480,0.018837,0.948597,0.002143,0.315917,-0.032274,106.894096,19.839170,0.006420,0.971058,0.060838,0.230875,0.590543,124.995064,20.128387,0.030572,0.987477,-0.075658,0.135019,1.169345,138.768524,20.221313,0.071447,0.897661,0.080985,0.427249,-2.442347,119.781204,17.884388,0.068360,-0.668215,0.125383,-0.730133,-12.606176,122.994026,5.592941,0.064168,-0.182424,-0.361844,-0.911961,-10.912834,116.841400,-15.897528,0.215830,0.061746,-0.672665,-0.705072,2.995431,130.024261,-23.750496,-0.067792,0.984111,0.040799,0.158952,3.199916,119.519508,22.112654,0.280522,0.746345,-0.006275,-0.603521,18.498005,121.479347,27.292692,-0.076566,-0.028816,0.517569,-0.851722,21.056786,111.922432,7.176021,0.084116,-0.194285,0.733244,-0.646166,11.538067,129.974106,9.816827,0.056010,0.912723,0.104635,0.390961,-5.862532,83.466850,11.759794,0.088445,0.940074,-0.055063,0.324664,-6.576824,49.483162,3.549097,0.015380,0.960244,0.069430,0.269951,-15.649160,5.555278,5.618979,-0.078518,0.922592,-0.088442,0.367201,7.120910,83.115150,23.699146,-0.020893,0.904449,-0.130523,0.405585,9.915898,49.124565,31.422186,-0.044941,0.930673,0.036162,0.361276,6.858777,5.791039,42.784847,0.015380,0.960244,0.069430,0.269951,-8.715599,1.534010,-6.368659,-0.044941,0.930673,0.036162,0.361276,16.342880,1.415809,32.842140
1225,10.208333,0.018698,0.931450,-0.020535,0.362808,0.626894,83.290001,17.732237,-0.006247,0.941570,0.075563,0.328173,0.986624,90.512077,17.553673,0.018613,0.948594,0.002268,0.315940,-0.030375,106.893280,19.843891,0.006528,0.971043,0.060931,0.230914,0.583306,124.994530,20.134874,0.030758,0.987462,-0.075761,0.135030,1.164469,138.767868,20.231054,0.071493,0.897777,0.080690,0.427052,-2.446841,119.779358,17.890219,0.068617,-0.668268,0.125094,-0.730110,-12.615937,122.989166,5.602346,0.064521,-0.182333,-0.361678,-0.912020,-10.922521,116.838280,-15.888611,0.215965,0.061500,-0.672831,-0.704894,2.990901,130.012207,-23.742741,-0.067698,0.984093,0.040551,0.159165,3.195335,119.520096,22.118752,0.280800,0.746211,-0.006276,-0.603557,18.491632,121.477890,27.304844,-0.076387,-0.028732,0.517804,-0.851597,21.041470,111.913345,7.190661,0.084191,-0.194230,0.733190,-0.646234,11.532712,129.970856,9.825249,0.056007,0.912760,0.104654,0.390870,-5.865736,83.465820,11.763554,0.088423,0.940040,-0.055072,0.324768,-6.580170,49.482391,3.551795,0.015692,0.960232,0.069590,0.269936,-15.651122,5.554238,5.622066,-0.078544,0.922600,-0.088446,0.367174,7.119524,83.114174,23.700922,-0.020888,0.904418,-0.130503,0.405662,9.916288,49.123920,31.424761,-0.045135,0.930668,0.036175,0.361262,6.858570,5.789891,42.785351,0.015692,0.960232,0.069590,0.269936,-8.720335,1.535160,-6.367905,-0.045135,0.930668,0.036175,0.361262,16.344202,1.417022,32.843063
1226,10.216667,0.018657,0.931487,-0.020376,0.362723,0.624502,83.288322,17.733732,-0.006411,0.941574,0.075687,0.328130,0.982830,90.510521,17.557051,0.018748,0.948603,0.002349,0.315904,-0.040516,106.890762,19.849339,0.006645,0.971054,0.060805,0.230894,0.576878,124.991821,20.144632,0.030884,0.987456,-0.075798,0.135021,1.161936,138.765015,20.238127,0.071503,0.897779,0.080710,0.427044,-2.454494,119.777802,17.898941,0.068613,-0.668215,0.125350,-0.730115,-12.623784,122.988152,5.611367,0.064590,-0.182417,-0.361557,-0.912046,-10.930070,116.829124,-15.877238,0.216021,0.061237,-0.672958,-0.704779,2.986331,129.998688,-23.735821,-0.067713,0.984089,0.040839,0.159108,3.187933,119.516373,22.127005,0.280716,0.746197,-0.006475,-0.603611,18.484753,121.473228,27.311918,-0.076535,-0.028623,0.517872,-0.851547,21.033775,111.906288,7.198771,0.084138,-0.194110,0.733212,-0.646252,11.527148,129.966095,9.832964,0.055985,0.912778,0.104659,0.390831,-5.869249,83.464523,11.766275,0.088411,0.940038,-0.055034,0.324783,-6.582490,49.480991,3.554849,0.015443,0.960238,0.069541,0.269943,-15.651378,5.552277,5.622159,-0.078576,0.922635,-0.088452,0.367078,7.118253,83.112122,23.701187,-0.020839,0.904499,-0.130512,0.405480,9.917719,49.122303,31.425970,-0.045131,0.930655,0.036234,0.361291,6.857927,5.788321,42.786171,0.015443,0.960238,0.069541,0.269943,-8.718278,1.533572,-6.366601,-0.045131,0.930655,0.036234,0.361291,16.344290,1.416941,32.843925
1227,10.225000,0.018663,0.931514,-0.020376,0.362653,0.621229,83.286377,17.736557,-0.006328,0.941567,0.075810,0.328121,0.979626,90.508568,17.559885,0.018551,0.948598,0.002315,0.315932,-0.042440,106.888023,19.856857,0.006762,0.971019,0.060982,0.230991,0.568578,124.989342,20.148735,0.030999,0.987430,-0.075908,0.135125,1.155811,138.762405,20.247875,0.071593,0.897808,0.081008,0.426911,-2.460837,119.773842,17.903870,0.068903,-0.668163,0.125429,-0.730122,-12.633380,122.990692,5.620695,0.064831,-0.182457,-0.361470,-0.912056,-10.937418,116.820526,-15.864533,0.215989,0.060997,-0.673182,-0.704595,2.981797,129.985809,-23.728519,-0.067730,0.984075,0.041011,0.159143,3.181447,119.515205,22.132294,0.280804,0.746127,-0.006660,-0.603655,18.477823,121.471619,27.318665,-0.076482,-0.028561,0.517981,-0.851487,21.022232,111.897568,7.208331,0.084158,-0.194111,0.733181,-0.646285,11.520279,129.959869,9.839421,0.055931,0.912848,0.104735,0.390654,-5.873411,83.462715,11.770076,0.088416,0.940091,-0.055006,0.324631,-6.582656,49.479877,3.555399,0.015421,0.960238,0.069539,0.269945,-15.650794,5.550951,5.621633,-0.078571,0.922664,-0.088419,0.367014,7.115869,83.110031,23.703039,-0.020803,0.904660,-0.130515,0.405121,9.916409,49.119751,31.425386,-0.045142,0.930658,0.036287,0.361277,6.858075,5.785701,42.785706,0.015421,0.960238,0.069539,0.269945,-8.717444,1.532352,-6.367019,-0.045142,0.930658,0.036287,0.361277,16.344378,1.415768,32.842773
1228,10.233333,0.018659,0.931551,-0.020425,0.362556,0.618851,83.284637,17.740261,-0.006361,0.941576,0.075945,0.328066,0.977431,90.506798,17.562878,0.018527,0.948611,0.002300,0.315894,-0.046932,106.884834,19.863651,0.006868,0.971028,0.060975,0.230954,0.563455,124.986198,20.154715,0.031148,0.987433,-0.075924,0.135063,1.153496,138.759140,20.254280,0.071605,0.897833,0.081026,0.426853,-2.465951,119.770493,17.910311,0.068771,-0.668112,0.125774,-0.730122,-12.640060,122.987869,5.628565,0.064750,-0.182541,-0.361328,-0.912101,-10.944909,116.810516,-15.854666,0.215922,0.060781,-0.673321,-0.704502,2.978307,129.972427,-23.721106,-0.067747,0.984063,0.041023,0.159207,3.176680,119.512238,22.138298,0.280454,0.746082,-0.007392,-0.603865,18.472328,121.469032,27.326689,-0.076743,-0.028258,0.518063,-0.851424,21.014193,111.887383,7.219644,0.084068,-0.194126,0.733138,-0.646340,11.514142,129.953491,9.846087,0.055911,0.912873,0.104800,0.390581,-5.877032,83.460648,11.775121,0.088406,0.940079,-0.054971,0.324674,-6.583869,49.478607,3.556948,0.015275,0.960235,0.069492,0.269974,-15.650293,5.549190,5.620085,-0.078554,0.922715,-0.088390,0.366897,7.114735,83.108620,23.705402,-0.020788,0.904723,-0.130523,0.404980,9.915960,49.117798,31.425100,-0.045100,0.930657,0.036282,0.361286,6.857959,5.783880,42.786030,0.015275,0.960235,0.069492,0.269974,-8.715032,1.530290,-6.367360,-0.045100,0.930657,0.036282,0.361286,16.344048,1.413366,32.843140
1229,10.241667,0.018629,0.931584,-0.020306,0.362481,0.616219,83.281097,17.741922,-0.006450,0.941599,0.075998,0.327984,0.973754,90.503349,17.565948,0.018572,0.948639,0.002365,0.315807,-0.053900,106.883171,19.867769,0.006881,0.971040,0.061033,0.230888,0.557313,124.984451,20.161530,0.031349,0.987427,-0.075977,0.135026,1.147230,138.757385,20.262634,0.071560,0.897864,0.081043,0.426792,-2.472719,119.769226,17.916862,0.068881,-0.668031,0.125864,-0.730170,-12.648728,122.985435,5.636387,0.064891,-0.182569,-0.361259,-0.912113,-10.949795,116.801811,-15.844735,0.215916,0.060551,-0.673585,-0.704271,2.975756,129.960754,-23.714613,-0.067792,0.984055,0.041140,0.159211,3.170661,119.510078,22.143789,0.280615,0.746029,-0.007369,-0.603856,18.466061,121.467712,27.332582,-0.076711,-0.028306,0.518145,-0.851375,21.004366,111.881958,7.227045,0.084028,-0.194090,0.733244,-0.646237,11.507770,129.950104,9.854744,0.055854,0.912931,0.104852,0.390440,-5.880641,83.457413,11.777857,0.088416,0.940087,-0.054963,0.324651,-6.583684,49.475685,3.558066,0.015523,0.960225,0.069665,0.269952,-15.650645,5.546343,5.620523,-0.078582,0.922763,-0.088419,0.366764,7.113079,83.104790,23.705986,-0.020746,0.904829,-0.130509,0.404749,9.916466,49.114635,31.427864,-0.045092,0.930672,0.036346,0.361242,6.858465,5.780223,42.786903,0.015523,0.960225,0.069665,0.269952,-8.717691,1.530443,-6.369261,-0.045092,0.930672,0.036346,0.361242,16.343710,1.411227,32.842548
1230,10.250000,0.018570,0.931626,-0.020259,0.362379,0.613398,83.279854,17.746853,-0.006498,0.941622,0.076031,0.327911,0.969871,90.502167,17.571167,0.018552,0.948659,0.002391,0.315748,-0.059352,106.880234,19.873341,0.006943,0.971035,0.061178,0.230869,0.550912,124.981544,20.167723,0.031506,0.987417,-0.076050,0.135023,1.141542,138.754410,20.273102,0.071570,0.897896,0.081095,0.426712,-2.479117,119.766235,17.923237,0.069165,-0.668124,0.125600,-0.730103,-12.657297,122.983299,5.644787,0.065130,-0.182483,-0.361019,-0.912208,-10.960939,116.799911,-15.836605,0.215760,0.060236,-0.673881,-0.704063,2.972563,129.949203,-23.706636,-0.067734,0.984064,0.041107,0.159190,3.164807,119.507233,22.149446,0.281038,0.745978,-0.006756,-0.603729,18.460686,121.463203,27.337456,-0.076458,-0.028640,0.518194,-0.851357,20.995232,111.880585,7.229945,0.084130,-0.194101,0.733108,-0.646374,11.502369,129.947632,9.863839,0.055842,0.912960,0.104927,0.390354,-5.884813,83.455544,11.784242,0.088404,0.940058,-0.054948,0.324742,-6.585774,49.474823,3.560129,0.015576,0.960213,0.069700,0.269981,-15.651467,5.545136,5.620778,-0.078595,0.922755,-0.088344,0.366799,7.111610,83.104164,23.709465,-0.020774,0.904815,-0.130536,0.404771,9.917472,49.113220,31.426954,-0.045060,0.930685,0.036407,0.361205,6.860445,5.779547,42.789085,0.015576,0.960213,0.069700,0.269981,-8.718200,1.529772,-6.369006,-0.045060,0.930685,0.036407,0.361205,16.344767,1.411739,32.843323
1231,10.258333,0.018491,0.931665,-0.020131,0.362290,0.611708,83.278450,17.749512,-0.006513,0.941635,0.076088,0.327860,0.966440,90.500877,17.575096,0.018531,0.948671,0.002442,0.315713,-0.063836,106.879738,19.879105,0.006918,0.971035,0.061217,0.230860,0.545128,124.981071,20.174984,0.031715,0.987403,-0.076084,0.135057,1.134834,138.753967,20.281229,0.071548,0.897924,0.081170,0.426643,-2.484679,119.765724,17.930265,0.069153,-0.668050,0.125784,-0.730141,-12.664892,122.983078,5.653577,0.065135,-0.182572,-0.360850,-0.912256,-10.966187,116.794037,-15.826005,0.215512,0.059914,-0.674329,-0.703737,2.971691,129.938004,-23.699751,-0.067686,0.984061,0.041139,0.159217,3.159562,119.506767,22.156057,0.280693,0.745779,-0.007608,-0.604126,18.455368,121.460999,27.344933,-0.076842,-0.028317,0.518526,-0.851131,20.977100,111.869240,7.240178,0.084040,-0.194121,0.733080,-0.646411,11.496234,129.946335,9.872108,0.055797,0.913035,0.104938,0.390181,-5.887690,83.453712,11.788182,0.088407,0.940097,-0.054873,0.324640,-6.587036,49.472813,3.564677,0.015170,0.960214,0.069682,0.270006,-15.650688,5.542448,5.619886,-0.078637,0.922765,-0.088357,0.366762,7.111107,83.103195,23.710842,-0.020745,0.904829,-0.130524,0.404744,9.919580,49.112873,31.430138,-0.045155,0.930680,0.036475,0.361200,6.860998,5.778813,42.790382,0.015170,0.960214,0.069682,0.270006,-8.713101,1.529341,-6.368153,-0.045155,0.930680,0.036475,0.361200,16.346275,1.413725,32.844345
1232,10.266667,0.018445,0.931698,-0.020067,0.362211,0.609096,83.278061,17.753197,-0.006595,0.941661,0.076190,0.327758,0.962852,90.500549,17.579374,0.018562,0.948706,0.002443,0.315604,-0.070769,106.877876,19.885626,0.006911,0.971036,0.061383,0.230810,0.539247,124.979164,20.181833,0.031857,0.987391,-0.076169,0.135067,1.127641,138.752090,20.292419,0.071468,0.897921,0.081269,0.426644,-2.491358,119.764038,17.937675,0.069165,-0.668010,0.125853,-0.730164,-12.671921,122.980431,5.661024,0.065120,-0.182601,-0.360747,-0.912293,-10.971596,116.788757,-15.817672,0.215358,0.059552,-0.674676,-0.703482,2.967567,129.928116,-23.691505,-0.067722,0.984061,0.041182,0.159189,3.153837,119.504677,22.162167,0.280788,0.745713,-0.007660,-0.604162,18.449774,121.459877,27.350300,-0.076855,-0.028340,0.518637,-0.851062,20.967113,111.864342,7.246795,0.084004,-0.194137,0.733041,-0.646455,11.490833,129.944122,9.880122,0.055797,0.913037,0.104984,0.390164,-5.891340,83.453003,11.792989,0.088381,0.940048,-0.054878,0.324789,-6.589610,49.472778,3.566612,0.015593,0.960202,0.069870,0.269978,-15.651549,5.542052,5.621599,-0.078649,0.922784,-0.088348,0.366713,7.109532,83.103111,23.713402,-0.020763,0.904799,-0.130514,0.404814,9.919439,49.112816,31.432264,-0.045082,0.930703,0.036558,0.361142,6.861814,5.778587,42.792110,0.015593,0.960202,0.069870,0.269978,-8.718001,1.531138,-6.369509,-0.045082,0.930703,0.036558,0.361142,16.345396,1.414793,32.843887
1233,10.275000,0.018438,0.931728,-0.019969,0.362139,0.604964,83.275612,17.756048,-0.006592,0.941688,0.076260,0.327666,0.958102,90.498161,17.583488,0.018541,0.948739,0.002433,0.315508,-0.075943,106.875244,19.892056,0.006988,0.971049,0.061464,0.230734,0.533507,124.976563,20.187599,0.031954,0.987395,-0.076222,0.134984,1.123318,138.749405,20.300732,0.071520,0.897968,0.081238,0.426542,-2.497376,119.761276,17.944218,0.069211,-0.667907,0.125953,-0.730236,-12.680509,122.978607,5.669945,0.065260,-0.182641,-0.360649,-0.912313,-10.975165,116.782204,-15.806988,0.215359,0.059202,-0.675092,-0.703112,2.966685,129.917282,-23.684507,-0.067707,0.984061,0.041294,0.159169,3.148691,119.502220,22.167561,0.280995,0.745623,-0.007541,-0.604179,18.444901,121.456383,27.355274,-0.076798,-0.028388,0.518707,-0.851023,20.956148,111.858284,7.252230,0.083716,-0.194266,0.732837,-0.646686,11.483378,129.938828,9.886078,0.055738,0.913094,0.105039,0.390025,-5.896390,83.451111,11.796859,0.088384,0.940109,-0.054827,0.324619,-6.590626,49.471222,3.568723,0.015420,0.960213,0.069838,0.269957,-15.650972,5.540031,5.620926,-0.078655,0.922786,-0.088253,0.366731,7.106320,83.100113,23.715237,-0.020770,0.904826,-0.130551,0.404742,9.918996,49.108704,31.428225,-0.045037,0.930695,0.036639,0.361160,6.861414,5.775374,42.791512,0.015420,0.960213,0.069838,0.269957,-8.716415,1.529459,-6.369714,-0.045037,0.930695,0.036639,0.361160,16.345167,1.413173,32.842754
1234,10.283333,0.018378,0.931761,-0.020013,0.362055,0.602851,83.274551,17.760376,-0.006753,0.941714,0.076486,0.327535,0.955398,90.497116,17.586870,0.018626,0.948787,0.002349,0.315360,-0.085831,106.873024,19.900839,0.007134,0.971052,0.061593,0.230679,0.527572,124.974251,20.194378,0.031965,0.987389,-0.076321,0.134970,1.120401,138.746933,20.311831,0.071488,0.897988,0.081186,0.426516,-2.505130,119.759384,17.952469,0.069360,-0.667787,0.125979,-0.730328,-12.689148,122.975014,5.678479,0.065540,-0.182629,-0.360654,-0.912294,-10.976849,116.773155,-15.796333,0.215555,0.058934,-0.675506,-0.702676,2.965450,129.906433,-23.677673,-0.067645,0.984078,0.041192,0.159116,3.142213,119.499542,22.174065,0.281029,0.745549,-0.007571,-0.604254,18.439255,121.452354,27.359856,-0.076820,-0.028423,0.518734,-0.851003,20.945602,111.853195,7.256696,0.083603,-0.194241,0.732811,-0.646737,11.473930,129.934448,9.892336,0.055730,0.913118,0.105140,0.389942,-5.899629,83.448830,11.802372,0.088364,0.940138,-0.054801,0.324546,-6.591278,49.470364,3.568130,0.015375,0.960221,0.069835,0.269929,-15.649044,5.538607,5.619491,-0.078624,0.922835,-0.088222,0.366622,7.105331,83.100281,23.718380,-0.020777,0.904883,-0.130555,0.404612,9.917722,49.108154,31.428278,-0.045124,0.930719,0.036540,0.361097,6.862252,5.774948,42.792614,0.015375,0.960221,0.069835,0.269929,-8.714756,1.528282,-6.371394,-0.045124,0.930719,0.036540,0.361097,16.345221,1.411091,32.843822
1235,10.291667,0.018391,0.931776,-0.019961,0.362017,0.595955,83.273689,17.764086,-0.006694,0.941732,0.076597,0.327457,0.948397,90.496269,17.591345,0.018599,0.948817,0.002343,0.315270,-0.091916,106.870735,19.909359,0.007195,0.971061,0.061651,0.230623,0.520650,124.972000,20.202312,0.032020,0.987388,-0.076381,0.134927,1.114653,138.744598,20.321632,0.071486,0.897993,0.081203,0.426503,-2.512219,119.756912,17.961117,0.069470,-0.667704,0.126037,-0.730384,-12.696598,122.972702,5.687479,0.065938,-0.182569,-0.360701,-0.912258,-10.979981,116.765594,-15.785464,0.216074,0.058768,-0.675882,-0.702170,2.961928,129.897385,-23.670431,-0.067691,0.984075,0.041216,0.159106,3.135935,119.497467,22.181644,0.281207,0.745467,-0.007550,-0.604272,18.432867,121.451653,27.367210,-0.076713,-0.028392,0.518834,-0.850952,20.933746,111.848137,7.265460,0.083520,-0.194276,0.732895,-0.646642,11.466658,129.931320,9.897859,0.055636,0.913155,0.105209,0.389852,-5.906990,83.448532,11.806612,0.088408,0.940162,-0.054774,0.324467,-6.591579,49.470348,3.570645,0.015447,0.960205,0.069802,0.269992,-15.652074,5.539021,5.619195,-0.078667,0.922881,-0.088175,0.366507,7.098899,83.098846,23.721560,-0.020728,0.904972,-0.130520,0.404427,9.916247,49.106606,31.429169,-0.045073,0.930697,0.036581,0.361156,6.860391,5.772397,42.789574,0.015447,0.960205,0.069802,0.269992,-8.717032,1.527267,-6.370768,-0.045073,0.930697,0.036581,0.361156,16.344248,1.409119,32.841385
1236,10.300000,0.018382,0.931818,-0.019926,0.361912,0.592319,83.273201,17.768970,-0.006749,0.941757,0.076630,0.327377,0.944432,90.495804,17.596605,0.018668,0.948841,0.002422,0.315192,-0.097721,106.869316,19.915035,0.007205,0.971061,0.061760,0.230598,0.516335,124.970474,20.211452,0.032026,0.987379,-0.076464,0.134949,1.109880,138.743073,20.333719,0.071456,0.897997,0.081230,0.426493,-2.517308,119.756081,17.969713,0.069676,-0.667703,0.125958,-0.730379,-12.702100,122.971344,5.696273,0.066484,-0.182382,-0.360752,-0.912236,-10.984536,116.760681,-15.775574,0.216784,0.058756,-0.676190,-0.701654,2.958558,129.890335,-23.661518,-0.067685,0.984081,0.041291,0.159055,3.131501,119.495346,22.189291,0.281253,0.745354,-0.007571,-0.604390,18.428993,121.449005,27.373426,-0.076682,-0.028436,0.518952,-0.850882,20.922306,111.844765,7.271074,0.083581,-0.194312,0.732931,-0.646582,11.460218,129.930695,9.904668,0.055675,0.913126,0.105289,0.389891,-5.911974,83.448158,11.812969,0.088318,0.940136,-0.054750,0.324571,-6.596452,49.471466,3.570846,0.015309,0.960229,0.069771,0.269921,-15.648916,5.538464,5.619043,-0.078685,0.922901,-0.088125,0.366465,7.096612,83.098244,23.724970,-0.020727,0.904960,-0.130505,0.404458,9.916746,49.105587,31.429708,-0.045199,0.930667,0.036577,0.361218,6.861003,5.771017,42.788750,0.015309,0.960229,0.069771,0.269921,-8.714409,1.526872,-6.371288,-0.045199,0.930667,0.036577,0.361218,16.347307,1.409008,32.842335
1237,10.308333,0.018285,0.931847,-0.019850,0.361847,0.590583,83.274147,17.772520,-0.006735,0.941763,0.076708,0.327343,0.940977,90.496841,17.600651,0.018693,0.948848,0.002522,0.315169,-0.101553,106.871048,19.921837,0.007148,0.971065,0.061803,0.230570,0.512210,124.972137,20.221975,0.032079,0.987375,-0.076504,0.134939,1.103912,138.744812,20.345018,0.071413,0.898020,0.081195,0.426460,-2.521443,119.758163,17.979292,0.069740,-0.667723,0.126037,-0.730340,-12.707357,122.971657,5.706329,0.066928,-0.182245,-0.360746,-0.912233,-10.991903,116.756653,-15.764419,0.217413,0.058823,-0.676510,-0.701146,2.954487,129.884033,-23.652384,-0.067515,0.984058,0.041233,0.159287,3.127554,119.496658,22.198563,0.281287,0.745262,-0.007517,-0.604487,18.423386,121.444824,27.389637,-0.076507,-0.028344,0.519050,-0.850841,20.910543,111.842033,7.285838,0.083706,-0.194413,0.732770,-0.646719,11.453071,129.929825,9.912564,0.055658,0.913143,0.105346,0.389839,-5.914601,83.448021,11.817465,0.088341,0.940121,-0.054753,0.324608,-6.596877,49.472034,3.572262,0.015423,0.960194,0.069833,0.270024,-15.651443,5.539429,5.619627,-0.078698,0.922918,-0.088109,0.366424,7.095767,83.100266,23.727575,-0.020737,0.904916,-0.130497,0.404558,9.917472,49.107552,31.431479,-0.045096,0.930676,0.036585,0.361206,6.861517,5.772844,42.789928,0.015423,0.960194,0.069833,0.270024,-8.715308,1.528640,-6.370025,-0.045096,0.930676,0.036585,0.361206,16.346649,1.409945,32.842793
1238,10.316667,0.018242,0.931872,-0.019829,0.361784,0.585663,83.273117,17.777420,-0.006756,0.941782,0.076740,0.327279,0.935357,90.495857,17.605583,0.018730,0.948869,0.002533,0.315103,-0.108090,106.870636,19.927698,0.007166,0.971063,0.061961,0.230536,0.506861,124.971687,20.228601,0.032086,0.987374,-0.076542,0.134922,1.097991,138.744354,20.355959,0.071368,0.898029,0.081280,0.426431,-2.527432,119.757996,17.986092,0.069993,-0.667688,0.125936,-0.730365,-12.714352,122.971298,5.713910,0.067381,-0.182083,-0.360833,-0.912198,-10.995686,116.751984,-15.755335,0.217933,0.058780,-0.676810,-0.700699,2.950129,129.878799,-23.643669,-0.067397,0.984065,0.041368,0.159259,3.122132,119.495941,22.204573,0.281247,0.745179,-0.007497,-0.604609,18.418774,121.439674,27.394926,-0.076544,-0.028437,0.519112,-0.850797,20.900349,111.839767,7.289055,0.083766,-0.194451,0.732774,-0.646695,11.445360,129.929214,9.920097,0.055628,0.913162,0.105410,0.389782,-5.920352,83.446457,11.823256,0.088306,0.940141,-0.054705,0.324568,-6.599484,49.471172,3.574880,0.015260,0.960227,0.069845,0.269911,-15.649642,5.537539,5.619641,-0.078758,0.922940,-0.088055,0.366367,7.091679,83.099785,23.731583,-0.020706,0.904986,-0.130501,0.404402,9.919175,49.107075,31.433392,-0.045095,0.930694,0.036649,0.361154,6.862585,5.772323,42.791512,0.015260,0.960227,0.069845,0.269911,-8.714695,1.528293,-6.371213,-0.045095,0.930694,0.036649,0.361154,16.346762,1.410998,32.842770
1239,10.325000,0.018223,0.931888,-0.019800,0.361747,0.581168,83.272736,17.782043,-0.006751,0.941797,0.076776,0.327228,0.930457,90.495499,17.610485,0.018708,0.948887,0.002562,0.315050,-0.113018,106.869034,19.933683,0.007180,0.971069,0.062067,0.230479,0.500866,124.970100,20.235273,0.032128,0.987384,-0.076523,0.134851,1.091622,138.742752,20.365484,0.071413,0.898053,0.081258,0.426378,-2.533362,119.756332,17.992884,0.070177,-0.667657,0.125840,-0.730393,-12.721568,122.970566,5.722006,0.067707,-0.181966,-0.360930,-0.912159,-10.999929,116.748856,-15.746310,0.218364,0.058747,-0.676938,-0.700444,2.944510,129.876328,-23.634933,-0.067505,0.984034,0.041325,0.159411,3.116691,119.494438,22.210724,0.281351,0.745105,-0.007558,-0.604652,18.411293,121.441582,27.405830,-0.076393,-0.028373,0.519186,-0.850768,20.887951,111.837479,7.301357,0.083801,-0.194509,0.732771,-0.646677,11.436920,129.927399,9.926862,0.055630,0.913187,0.105461,0.389709,-5.925346,83.445976,11.828420,0.088268,0.940166,-0.054661,0.324514,-6.603857,49.471458,3.576834,0.015260,0.960214,0.069850,0.269958,-15.649451,5.536786,5.619535,-0.078768,0.922972,-0.087989,0.366301,7.087681,83.099495,23.735670,-0.020732,0.904930,-0.130495,0.404528,9.918051,49.106075,31.433292,-0.045086,0.930701,0.036665,0.361136,6.862169,5.771276,42.791431,0.015260,0.960214,0.069850,0.269958,-8.713350,1.527627,-6.370687,-0.045086,0.930701,0.036665,0.361136,16.345945,1.410257,32.842171
1240,10.333333,0.018218,0.931916,-0.019822,0.361674,0.576660,83.272507,17.785620,-0.006694,0.941802,0.076818,0.327206,0.925970,90.495255,17.613707,0.018681,0.948888,0.002597,0.315048,-0.116059,106.867386,19.938679,0.007129,0.971066,0.062186,0.230461,0.496484,124.968491,20.241171,0.032141,0.987389,-0.076497,0.134825,1.085076,138.741211,20.374226,0.071455,0.898097,0.081207,0.426288,-2.537366,119.754601,17.998535,0.070213,-0.667645,0.125880,-0.730393,-12.727857,122.969200,5.729655,0.067822,-0.181948,-0.360948,-0.912147,-11.005989,116.745140,-15.737957,0.218578,0.058743,-0.676890,-0.700423,2.938528,129.872635,-23.627743,-0.067430,0.984038,0.041474,0.159381,3.112723,119.492912,22.216337,0.281422,0.745015,-0.007472,-0.604730,18.407955,121.436943,27.410742,-0.076346,-0.028463,0.519234,-0.850740,20.878571,111.833908,7.305023,0.083821,-0.194483,0.732792,-0.646658,11.429417,129.925430,9.932901,0.055573,0.913210,0.105474,0.389658,-5.930788,83.445541,11.833012,0.088278,0.940236,-0.054588,0.324320,-6.605783,49.470779,3.582156,0.015161,0.960225,0.069809,0.269934,-15.649776,5.535570,5.620332,-0.078761,0.923012,-0.087962,0.366207,7.084108,83.099464,23.738226,-0.020709,0.905000,-0.130481,0.404378,9.915525,49.105644,31.433672,-0.044951,0.930693,0.036667,0.361173,6.860139,5.770454,42.790447,0.015161,0.960225,0.069809,0.269934,-8.713473,1.526020,-6.369640,-0.044951,0.930693,0.036667,0.361173,16.343451,1.408090,32.841335
1241,10.341667,0.018216,0.931936,-0.019839,0.361620,0.572302,83.270576,17.789810,-0.007155,0.941812,0.076981,0.327129,0.921675,90.493317,17.617645,0.019180,0.948918,0.002616,0.314928,-0.136571,106.868362,19.943327,0.007350,0.971081,0.062250,0.230375,0.492939,124.968781,20.252090,0.031960,0.987405,-0.076554,0.134719,1.086929,138.741226,20.388149,0.071204,0.898141,0.081023,0.426272,-2.546329,119.758522,18.008354,0.070340,-0.667619,0.125639,-0.730446,-12.738421,122.963295,5.738232,0.067954,-0.181937,-0.360951,-0.912138,-11.012271,116.743111,-15.730162,0.218632,0.058683,-0.676770,-0.700527,2.932069,129.869339,-23.621325,-0.067434,0.984044,0.041448,0.159347,3.104554,119.490067,22.224665,0.281472,0.744963,-0.007466,-0.604771,18.400127,121.434418,27.417942,-0.076354,-0.028394,0.519236,-0.850740,20.867222,111.830521,7.312195,0.083561,-0.194453,0.732804,-0.646687,11.418230,129.921906,9.937795,0.055587,0.913212,0.105545,0.389634,-5.935828,83.443512,11.837943,0.088226,0.940243,-0.054552,0.324319,-6.609951,49.469906,3.582238,0.015270,0.960236,0.069874,0.269872,-15.648505,5.533507,5.618902,-0.078769,0.923042,-0.087928,0.366139,7.080431,83.097633,23.741676,-0.020707,0.905080,-0.130473,0.404201,9.913850,49.103485,31.434950,-0.045140,0.930715,0.036578,0.361102,6.860828,5.768070,42.791538,0.015270,0.960236,0.069874,0.269872,-8.714514,1.525005,-6.372758,-0.045140,0.930715,0.036578,0.361102,16.344156,1.405360,32.842590
1242,10.350000,0.018220,0.931971,-0.019860,0.361529,0.566906,83.270035,17.793840,-0.007113,0.941827,0.077012,0.327077,0.916423,90.492760,17.621370,0.019143,0.948931,0.002731,0.314891,-0.140697,106.867561,19.948484,0.007318,0.971086,0.062346,0.230328,0.486236,124.968002,20.260746,0.032021,0.987410,-0.076546,0.134671,1.078677,138.740509,20.399097,0.071205,0.898120,0.081096,0.426302,-2.552449,119.757751,18.016212,0.070301,-0.667644,0.125673,-0.730421,-12.743704,122.963623,5.745684,0.067836,-0.182006,-0.360871,-0.912165,-11.019428,116.743515,-15.722886,0.218408,0.058582,-0.676783,-0.700593,2.926347,129.867905,-23.614929,-0.067519,0.984052,0.041503,0.159247,3.098783,119.489288,22.232058,0.281594,0.744880,-0.007444,-0.604817,18.395012,121.436226,27.422428,-0.076239,-0.028587,0.519267,-0.850724,20.856554,111.829880,7.317178,0.083656,-0.194571,0.732681,-0.646779,11.409121,129.922028,9.947239,0.055492,0.913279,0.105548,0.389488,-5.942385,83.442932,11.843244,0.088257,0.940335,-0.054440,0.324063,-6.611712,49.468632,3.590004,0.015356,0.960222,0.069929,0.269905,-15.649083,5.531624,5.618803,-0.078786,0.923055,-0.087911,0.366105,7.076198,83.097130,23.744436,-0.020705,0.905102,-0.130422,0.404168,9.911421,49.102955,31.436937,-0.045029,0.930702,0.036639,0.361143,6.860520,5.766362,42.789574,0.015356,0.960222,0.069929,0.269905,-8.714924,1.523978,-6.373045,-0.045029,0.930702,0.036639,0.361143,16.343842,1.404069,32.840443
1243,10.358333,0.018160,0.931989,-0.019778,0.361490,0.566104,83.270706,17.796076,-0.007144,0.941825,0.077099,0.327062,0.914380,90.493515,17.624382,0.019158,0.948932,0.002825,0.314885,-0.144507,106.865898,19.953596,0.007264,0.971076,0.062538,0.230319,0.481878,124.966301,20.269258,0.032031,0.987409,-0.076576,0.134664,1.071654,138.738876,20.412428,0.071166,0.898126,0.081188,0.426280,-2.556670,119.756378,18.023775,0.070278,-0.667735,0.125505,-0.730370,-12.748736,122.962318,5.753936,0.067702,-0.182049,-0.360718,-0.912227,-11.027993,116.748428,-15.716718,0.218101,0.058457,-0.676658,-0.700820,2.920336,129.867523,-23.607643,-0.067489,0.984042,0.041551,0.159313,3.094612,119.487289,22.239511,0.281497,0.744752,-0.007614,-0.605017,18.390293,121.432892,27.432001,-0.076318,-0.028540,0.519456,-0.850604,20.843439,111.826744,7.325623,0.083718,-0.194704,0.732623,-0.646796,11.403913,129.923019,9.956129,0.055506,0.913316,0.105526,0.389405,-5.943724,83.443161,11.846054,0.088209,0.940327,-0.054400,0.324106,-6.615309,49.468647,3.593904,0.015216,0.960243,0.069944,0.269833,-15.647655,5.530491,5.620317,-0.078766,0.923074,-0.087944,0.366054,7.075931,83.098244,23.746098,-0.020747,0.905090,-0.130396,0.404201,9.909407,49.104244,31.440002,-0.045043,0.930717,0.036675,0.361098,6.862476,5.767188,42.791920,0.015216,0.960243,0.069944,0.269833,-8.713891,1.524264,-6.372233,-0.045043,0.930717,0.036675,0.361098,16.345062,1.405910,32.841648
1244,10.366667,0.018133,0.932012,-0.019696,0.361437,0.564151,83.270958,17.798592,-0.007159,0.941823,0.077170,0.327052,0.911623,90.493820,17.627844,0.019151,0.948930,0.002918,0.314891,-0.148403,106.865189,19.959011,0.007218,0.971069,0.062600,0.230334,0.476675,124.965584,20.277792,0.032010,0.987411,-0.076490,0.134703,1.064841,138.738205,20.422354,0.071115,0.898104,0.081387,0.426296,-2.561460,119.755829,18.031363,0.070162,-0.667821,0.125467,-0.730308,-12.753299,122.963036,5.761669,0.067518,-0.182113,-0.360543,-0.912297,-11.037301,116.753922,-15.710738,0.217804,0.058392,-0.676517,-0.701054,2.914181,129.867615,-23.600719,-0.067578,0.984030,0.041484,0.159368,3.089768,119.486427,22.247149,0.281467,0.744664,-0.007714,-0.605138,18.384483,121.435127,27.441315,-0.076398,-0.028509,0.519581,-0.850521,20.831799,111.828323,7.334550,0.083667,-0.194759,0.732604,-0.646808,11.397443,129.927490,9.965997,0.055549,0.913324,0.105500,0.389390,-5.946366,83.443520,11.849330,0.088153,0.940318,-0.054347,0.324156,-6.621541,49.468948,3.597683,0.015207,0.960230,0.070014,0.269861,-15.647790,5.529398,5.620827,-0.078777,0.923048,-0.087973,0.366112,7.074667,83.098396,23.747854,-0.020767,0.905111,-0.130380,0.404159,9.907604,49.104874,31.444084,-0.045058,0.930733,0.036714,0.361050,6.863421,5.767515,42.795612,0.015207,0.960230,0.070014,0.269861,-8.713075,1.525103,-6.371819,-0.045058,0.930733,0.036714,0.361050,16.345240,1.407352,32.844116
1245,10.375000,0.018152,0.932034,-0.019609,0.361385,0.560258,83.269867,17.800314,-0.007154,0.941819,0.077280,0.327038,0.907518,90.492783,17.630821,0.019111,0.948930,0.003017,0.314892,-0.153573,106.864120,19.965542,0.007174,0.971072,0.062703,0.230294,0.469019,124.964546,20.287285,0.032096,0.987420,-0.076459,0.134633,1.055293,138.737213,20.434275,0.071104,0.898066,0.081451,0.426366,-2.568387,119.754745,18.039982,0.070046,-0.667931,0.125353,-0.730238,-12.758361,122.962608,5.768906,0.067457,-0.182081,-0.360368,-0.912377,-11.047675,116.760765,-15.706036,0.217702,0.058361,-0.676483,-0.701121,2.908519,129.868637,-23.593422,-0.067624,0.984038,0.041568,0.159276,3.082852,119.485413,22.255764,0.281473,0.744664,-0.007640,-0.605137,18.378328,121.435310,27.447256,-0.076528,-0.028547,0.519612,-0.850489,20.825594,111.830315,7.339607,0.083456,-0.194827,0.732219,-0.647251,11.392626,129.929535,9.975241,0.055512,0.913321,0.105501,0.389401,-5.950915,83.443321,11.851792,0.088155,0.940346,-0.054293,0.324083,-6.623545,49.468475,3.601050,0.015312,0.960228,0.070100,0.269841,-15.648190,5.528408,5.620291,-0.078838,0.923063,-0.088006,0.366053,7.071430,83.096420,23.748837,-0.020747,0.905116,-0.130330,0.404163,9.907947,49.103989,31.448549,-0.044994,0.930736,0.036828,0.361041,6.863900,5.765402,42.795395,0.015312,0.960228,0.070100,0.269841,-8.714654,1.525722,-6.373578,-0.044994,0.930736,0.036828,0.361041,16.345226,1.407463,32.842453
1246,10.383333,0.018127,0.932046,-0.019624,0.361354,0.557976,83.269325,17.803617,-0.007174,0.941814,0.077354,0.327034,0.904973,90.492233,17.633780,0.019066,0.948928,0.003106,0.314901,-0.157417,106.861557,19.970362,0.006889,0.971047,0.062961,0.230338,0.462598,124.962029,20.294647,0.032111,0.987398,-0.076475,0.134782,1.039676,138.735031,20.446856,0.071152,0.898047,0.081557,0.426377,-2.574018,119.752098,18.046551,0.069835,-0.668027,0.125369,-0.730168,-12.763429,122.962830,5.775764,0.067374,-0.182036,-0.360253,-0.912437,-11.058657,116.766884,-15.701342,0.217794,0.058399,-0.676362,-0.701205,2.900313,129.870804,-23.585173,-0.067596,0.984040,0.041773,0.159221,3.077164,119.482994,22.262419,0.281390,0.744627,-0.007559,-0.605222,18.373322,121.431007,27.452591,-0.076730,-0.028590,0.519628,-0.850460,20.818060,111.831413,7.342064,0.083140,-0.194936,0.732203,-0.647276,11.385582,129.930832,9.983625,0.055550,0.913345,0.105539,0.389329,-5.953600,83.442291,11.855527,0.088130,0.940318,-0.054291,0.324173,-6.628302,49.468304,3.601434,0.015105,0.960221,0.070042,0.269892,-15.650996,5.527827,5.620381,-0.078779,0.923117,-0.088039,0.365922,7.069552,83.096367,23.751709,-0.020753,0.905148,-0.130267,0.404113,9.902474,49.103683,31.451624,-0.045047,0.930739,0.036838,0.361025,6.861879,5.763635,42.793823,0.015105,0.960221,0.070042,0.269892,-8.714480,1.524960,-6.371698,-0.045047,0.930739,0.036838,0.361025,16.343388,1.406514,32.840698
1247,10.391667,0.018131,0.932055,-0.019642,0.361329,0.555473,83.267532,17.806976,-0.007078,0.941808,0.077479,0.327025,0.902616,90.490433,17.636902,0.018833,0.948928,0.003093,0.314916,-0.157905,106.856224,19.977982,0.007040,0.971016,0.063214,0.230395,0.454233,124.957024,20.299158,0.032017,0.987401,-0.076457,0.134793,1.033836,138.729828,20.459198,0.071290,0.898007,0.081958,0.426362,-2.580051,119.745384,18.051872,0.069837,-0.668094,0.125336,-0.730112,-12.769246,122.965576,5.783382,0.067450,-0.181967,-0.360209,-0.912463,-11.068131,116.770744,-15.694338,0.217921,0.058547,-0.676257,-0.701256,2.892160,129.872055,-23.576168,-0.067718,0.984027,0.041611,0.159289,3.071123,119.479462,22.267952,0.281452,0.744636,-0.007481,-0.605183,18.366039,121.432114,27.460045,-0.076853,-0.028570,0.519662,-0.850429,20.811319,111.832489,7.349596,0.082806,-0.195010,0.732012,-0.647512,11.381091,129.930740,9.992904,0.055553,0.913346,0.105555,0.389321,-5.956419,83.440453,11.859229,0.088123,0.940369,-0.054239,0.324036,-6.630924,49.466724,3.604050,0.015337,0.960212,0.070135,0.269885,-15.651284,5.525637,5.620109,-0.078750,0.923160,-0.088078,0.365809,7.067365,83.094612,23.754725,-0.020733,0.905308,-0.130232,0.403766,9.898366,49.102089,31.456066,-0.045020,0.930747,0.036869,0.361005,6.861737,5.761137,42.795891,0.015337,0.960212,0.070135,0.269885,-8.716821,1.523674,-6.373460,-0.045020,0.930747,0.036869,0.361005,16.342649,1.404496,32.841988
1248,10.400000,0.018124,0.932061,-0.019609,0.361317,0.554829,83.267036,17.809149,-0.007291,0.941799,0.077650,0.327005,0.901698,90.489960,17.639481,0.018982,0.948934,0.003099,0.314887,-0.167546,106.858948,19.984156,0.007091,0.971001,0.063440,0.230395,0.449655,124.959541,20.307241,0.031856,0.987404,-0.076486,0.134787,1.029197,138.732285,20.473679,0.071226,0.898015,0.081863,0.426373,-2.586219,119.748985,18.059580,0.069636,-0.668110,0.125446,-0.730098,-12.775413,122.966049,5.790270,0.067355,-0.181877,-0.360182,-0.912498,-11.076471,116.773666,-15.688327,0.218021,0.058595,-0.676331,-0.701149,2.885494,129.875015,-23.565271,-0.067627,0.984022,0.041658,0.159346,3.065139,119.481041,22.275288,0.281467,0.744633,-0.007378,-0.605180,18.359869,121.430443,27.469149,-0.076975,-0.028540,0.519709,-0.850390,20.804899,111.833122,7.357574,0.082550,-0.195069,0.731886,-0.647670,11.376815,129.931778,10.002528,0.055561,0.913360,0.105524,0.389295,-5.957232,83.440056,11.861589,0.088123,0.940454,-0.054160,0.323800,-6.633346,49.465942,3.608156,0.015248,0.960224,0.070129,0.269850,-15.650928,5.524087,5.619850,-0.078698,0.923187,-0.088125,0.365740,7.066890,83.094017,23.756710,-0.020700,0.905378,-0.130159,0.403636,9.893906,49.101505,31.459553,-0.045046,0.930721,0.036872,0.361067,6.858872,5.758739,42.792862,0.015248,0.960224,0.070129,0.269850,-8.716503,1.522598,-6.373902,-0.045046,0.930721,0.036872,0.361067,16.341330,1.402503,32.840256
1249,10.408333,0.018135,0.932058,-0.019610,0.361324,0.551470,83.267609,17.812300,-0.007391,0.941781,0.077711,0.327039,0.898498,90.490517,17.642679,0.019072,0.948920,0.003175,0.314923,-0.174504,106.857597,19.987917,0.007075,0.970969,0.063602,0.230487,0.444915,124.958038,20.314663,0.031727,0.987398,-0.076369,0.134934,1.023125,138.730774,20.485470,0.071217,0.898015,0.082018,0.426344,-2.591427,119.748329,18.065722,0.069385,-0.668178,0.125568,-0.730039,-12.781464,122.967186,5.797576,0.067250,-0.181759,-0.360104,-0.912560,-11.087980,116.778435,-15.682509,0.218097,0.058749,-0.676430,-0.701017,2.878173,129.878937,-23.553753,-0.067739,0.984010,0.041798,0.159340,3.059565,119.478836,22.281824,0.281444,0.744563,-0.007478,-0.605276,18.353870,121.431076,27.475882,-0.077220,-0.028490,0.519912,-0.850245,20.794292,111.832664,7.364264,0.082392,-0.195056,0.731842,-0.647744,11.374252,129.936234,10.013328,0.055549,0.913374,0.105441,0.389287,-5.960497,83.440796,11.864638,0.088097,0.940456,-0.054046,0.323821,-6.638184,49.465363,3.616761,0.015281,0.960221,0.070225,0.269835,-15.650407,5.521998,5.619457,-0.078715,0.923161,-0.088075,0.365814,7.063438,83.094414,23.759960,-0.020717,0.905372,-0.130171,0.403644,9.892275,49.101467,31.460243,-0.044953,0.930738,0.036896,0.361034,6.858111,5.759034,42.795040,0.015281,0.960221,0.070225,0.269835,-8.716361,1.522898,-6.375314,-0.044953,0.930738,0.036896,0.361034,16.339085,1.402404,32.841187
1250,10.416667,0.018073,0.932067,-0.019493,0.361309,0.549216,83.267578,17.814484,-0.007429,0.941778,0.077788,0.327029,0.894791,90.490601,17.646114,0.019064,0.948922,0.003270,0.314916,-0.180206,106.857407,19.993349,0.006659,0.970966,0.063886,0.230434,0.437858,124.957848,20.323261,0.031911,0.987396,-0.076278,0.134955,1.003055,138.731064,20.499023,0.071244,0.898024,0.081995,0.426326,-2.598116,119.748291,18.073437,0.069324,-0.668321,0.125393,-0.729943,-12.788549,122.967598,5.805737,0.067308,-0.181559,-0.359992,-0.912640,-11.101680,116.786514,-15.677075,0.218165,0.058996,-0.676473,-0.700934,2.869948,129.883301,-23.541401,-0.067768,0.984008,0.041908,0.159308,3.052938,119.478485,22.289436,0.281385,0.744519,-0.007572,-0.605357,18.347445,121.431137,27.482748,-0.077376,-0.028503,0.520017,-0.850167,20.784964,111.832657,7.370803,0.082245,-0.195249,0.731848,-0.647698,11.368793,129.939224,10.024078,0.055558,0.913366,0.105426,0.389309,-5.962977,83.440514,11.867062,0.088082,0.940416,-0.054033,0.323943,-6.641501,49.464928,3.619871,0.015053,0.960223,0.070202,0.269845,-15.652302,5.521184,5.620748,-0.078712,0.923185,-0.088134,0.365740,7.061410,83.094650,23.761904,-0.020776,0.905291,-0.130110,0.403841,9.889140,49.102406,31.465673,-0.044961,0.930759,0.036989,0.360968,6.859528,5.758759,42.797081,0.015053,0.960223,0.070202,0.269845,-8.715965,1.523011,-6.373006,-0.044961,0.930759,0.036989,0.360968,16.339420,1.404510,32.841156
1251,10.425000,0.018019,0.932067,-0.019435,0.361315,0.547086,83.267860,17.817223,-0.007257,0.941758,0.077800,0.327088,0.891641,90.490936,17.649351,0.018766,0.948895,0.003379,0.315017,-0.178110,106.855354,19.998432,0.006585,0.970919,0.064146,0.230562,0.428444,124.956177,20.328768,0.031893,0.987383,-0.076188,0.135101,0.990188,138.729446,20.511246,0.071322,0.898020,0.082215,0.426280,-2.603753,119.744743,18.078209,0.069097,-0.668405,0.125485,-0.729873,-12.795096,122.969231,5.812632,0.067199,-0.181374,-0.359961,-0.912697,-11.114271,116.792061,-15.671772,0.218308,0.059227,-0.676496,-0.700848,2.860567,129.889374,-23.527573,-0.067796,0.983990,0.041975,0.159389,3.046564,119.478439,22.295414,0.281362,0.744500,-0.007543,-0.605391,18.340111,121.431473,27.491415,-0.077505,-0.028550,0.520127,-0.850086,20.776344,111.834778,7.378471,0.082299,-0.195236,0.731734,-0.647823,11.364202,129.944733,10.036636,0.055623,0.913279,0.105559,0.389467,-5.965063,83.440277,11.869739,0.088021,0.940359,-0.054119,0.324113,-6.642552,49.467155,3.612331,0.015196,0.960231,0.070261,0.269795,-15.651146,5.523300,5.620591,-0.078722,0.923174,-0.088187,0.365753,7.059235,83.095444,23.764708,-0.020790,0.905345,-0.130063,0.403735,9.886083,49.103962,31.472170,-0.045120,0.930771,0.036988,0.360918,6.860692,5.759266,42.800694,0.015196,0.960231,0.070261,0.269795,-8.717184,1.525778,-6.374753,-0.045120,0.930771,0.036988,0.360918,16.340992,1.406626,32.844448
1252,10.433333,0.017979,0.932067,-0.019391,0.361319,0.542679,83.266914,17.821108,-0.007261,0.941734,0.077911,0.327131,0.886463,90.490028,17.653629,0.018632,0.948874,0.003420,0.315086,-0.184849,106.855568,20.006266,0.006874,0.970861,0.064468,0.230706,0.416597,124.956558,20.336523,0.031716,0.987375,-0.076218,0.135186,0.984255,138.729446,20.529680,0.071386,0.898034,0.082169,0.426248,-2.613812,119.744255,18.085569,0.068954,-0.668437,0.125447,-0.729863,-12.805737,122.969925,5.820792,0.067212,-0.181161,-0.359943,-0.912745,-11.126425,116.798248,-15.665308,0.218505,0.059532,-0.676452,-0.700803,2.851866,129.895889,-23.513418,-0.067732,0.984016,0.041982,0.159259,3.035959,119.479576,22.303604,0.281316,0.744557,-0.007403,-0.605344,18.331129,121.430740,27.495495,-0.077653,-0.028677,0.520109,-0.850079,20.771114,111.838684,7.380794,0.082244,-0.195316,0.731639,-0.647913,11.358067,129.948181,10.046630,0.055636,0.913250,0.105596,0.389524,-5.969443,83.438957,11.873590,0.088003,0.940288,-0.054131,0.324320,-6.646229,49.466480,3.613474,0.015269,0.960205,0.070344,0.269861,-15.654048,5.522442,5.621262,-0.078787,0.923229,-0.088286,0.365576,7.054802,83.094872,23.768625,-0.020694,0.905530,-0.129942,0.403365,9.884673,49.105324,31.483503,-0.045071,0.930751,0.037099,0.360963,6.860521,5.757442,42.800167,0.015269,0.960205,0.070344,0.269861,-8.718912,1.526584,-6.373950,-0.045071,0.930751,0.037099,0.360963,16.341600,1.407152,32.843651
1253,10.441667,0.017964,0.932063,-0.019380,0.361331,0.539172,83.266197,17.824242,-0.007294,0.941727,0.077987,0.327131,0.882698,90.489334,17.656828,0.018516,0.948874,0.003490,0.315093,-0.190439,106.854012,20.011415,0.006965,0.970827,0.064598,0.230809,0.406237,124.955139,20.342752,0.031545,0.987372,-0.076040,0.135347,0.975641,138.727890,20.540102,0.071488,0.898033,0.082238,0.426220,-2.622765,119.742165,18.091438,0.069161,-0.668518,0.125115,-0.729827,-12.814987,122.971710,5.827924,0.067376,-0.180907,-0.360019,-0.912754,-11.136775,116.804657,-15.659592,0.218662,0.059746,-0.676408,-0.700778,2.840939,129.902771,-23.499617,-0.067749,0.984012,0.042152,0.159227,3.027009,119.478729,22.309551,0.281249,0.744589,-0.007351,-0.605336,18.322437,121.429611,27.500809,-0.077769,-0.028761,0.520072,-0.850088,20.764496,111.840805,7.384810,0.082111,-0.195466,0.731590,-0.647940,11.349724,129.949448,10.056053,0.055520,0.913333,0.105570,0.389353,-5.972812,83.438049,11.876561,0.088054,0.940396,-0.054019,0.324012,-6.644479,49.464287,3.621309,0.015174,0.960223,0.070377,0.269795,-15.652760,5.519983,5.621185,-0.078757,0.923165,-0.088178,0.365772,7.051157,83.094345,23.771923,-0.020769,0.905552,-0.129980,0.403298,9.880340,49.103142,31.479736,-0.045164,0.930799,0.037066,0.360832,6.861701,5.756453,42.802402,0.015174,0.960223,0.070377,0.269795,-8.718237,1.525724,-6.374920,-0.045164,0.930799,0.037066,0.360832,16.340784,1.406205,32.843960
1254,10.450000,0.017981,0.932055,-0.019359,0.361351,0.533216,83.265526,17.825949,-0.007291,0.941723,0.078122,0.327112,0.876863,90.488663,17.658916,0.018524,0.948884,0.003492,0.315060,-0.197524,106.851830,20.017622,0.007197,0.970816,0.064750,0.230806,0.399385,124.952950,20.349104,0.031310,0.987397,-0.075924,0.135285,0.974036,138.725403,20.552019,0.071544,0.898007,0.082314,0.426250,-2.629830,119.740036,18.097942,0.068926,-0.668522,0.125328,-0.729809,-12.820965,122.972282,5.834232,0.067113,-0.180824,-0.360103,-0.912756,-11.145376,116.805389,-15.653536,0.218715,0.059940,-0.676242,-0.700905,2.831974,129.909805,-23.487244,-0.067798,0.984007,0.042123,0.159248,3.020227,119.476486,22.315672,0.281354,0.744591,-0.007103,-0.605288,18.315226,121.429047,27.507565,-0.077684,-0.028892,0.520053,-0.850103,20.757273,111.843468,7.390027,0.082042,-0.195695,0.731629,-0.647836,11.342561,129.950317,10.063854,0.055565,0.913210,0.105701,0.389599,-5.978498,83.437782,11.877985,0.088016,0.940363,-0.054090,0.324106,-6.647192,49.466312,3.613060,0.015120,0.960214,0.070283,0.269853,-15.654448,5.522079,5.619139,-0.078779,0.923157,-0.088139,0.365796,7.044931,83.093269,23.773914,-0.020784,0.905475,-0.129942,0.403483,9.876321,49.101818,31.479841,-0.045113,0.930760,0.037106,0.360934,6.858007,5.754289,42.799381,0.015120,0.960214,0.070283,0.269853,-8.718298,1.525601,-6.375290,-0.045113,0.930760,0.037106,0.360934,16.338884,1.404586,32.842407
1255,10.458333,0.017895,0.932045,-0.019353,0.361384,0.531541,83.265190,17.829189,-0.007361,0.941709,0.078269,0.327114,0.873999,90.488373,17.661793,0.018516,0.948885,0.003542,0.315057,-0.204130,106.850098,20.024187,0.007337,0.970770,0.065038,0.230917,0.391937,124.951218,20.357285,0.031092,0.987383,-0.075930,0.135436,0.968661,138.723450,20.568966,0.071576,0.897994,0.082418,0.426252,-2.637045,119.738365,18.105671,0.068770,-0.668516,0.125396,-0.729818,-12.827971,122.972977,5.842412,0.066970,-0.180749,-0.360160,-0.912759,-11.152779,116.808495,-15.646079,0.218748,0.060109,-0.676167,-0.700953,2.824046,129.916428,-23.475027,-0.067828,0.984007,0.042212,0.159211,3.013043,119.474701,22.323349,0.281268,0.744591,-0.007076,-0.605328,18.308289,121.427826,27.514303,-0.077759,-0.028952,0.520108,-0.850060,20.750334,111.845840,7.395053,0.082144,-0.195828,0.731574,-0.647845,11.337852,129.953949,10.072761,0.055488,0.913297,0.105699,0.389406,-5.979810,83.436050,11.880790,0.088065,0.940423,-0.054029,0.323928,-6.645422,49.463947,3.618192,0.015189,0.960204,0.070332,0.269871,-15.654683,5.519903,5.619349,-0.078819,0.923109,-0.088156,0.365905,7.042892,83.094337,23.777590,-0.020787,0.905532,-0.129871,0.403378,9.875466,49.103527,31.485929,-0.045021,0.930789,0.037114,0.360871,6.861214,5.754364,42.800297,0.015189,0.960204,0.070332,0.269871,-8.718596,1.524255,-6.375387,-0.045021,0.930789,0.037114,0.360871,16.339931,1.403867,32.841614
1256,10.466667,0.017941,0.932023,-0.019287,0.361441,0.524664,83.265282,17.830908,-0.007283,0.941674,0.078409,0.327182,0.867408,90.488480,17.664667,0.018318,0.948860,0.003688,0.315143,-0.210201,106.852516,20.032625,0.007453,0.970716,0.065222,0.231085,0.377376,124.953865,20.368532,0.031030,0.987357,-0.075947,0.135630,0.956278,138.725906,20.586119,0.071660,0.897947,0.082416,0.426338,-2.648762,119.739937,18.115578,0.068785,-0.668599,0.125226,-0.729769,-12.836915,122.977089,5.850682,0.067013,-0.180558,-0.360083,-0.912824,-11.164784,116.817749,-15.639527,0.218792,0.060277,-0.676096,-0.700993,2.817692,129.924438,-23.462444,-0.067748,0.984032,0.042410,0.159039,3.000668,119.478271,22.334269,0.281195,0.744635,-0.007017,-0.605309,18.298048,121.428085,27.520176,-0.077903,-0.029022,0.520150,-0.850019,20.742939,111.849594,7.399607,0.082129,-0.196000,0.731509,-0.647868,11.332031,129.958679,10.083058,0.055408,0.913280,0.105684,0.389461,-5.985923,83.437286,11.881701,0.088074,0.940404,-0.053992,0.323987,-6.646366,49.464344,3.622161,0.015168,0.960211,0.070338,0.269847,-15.655443,5.520082,5.619370,-0.078864,0.923063,-0.088084,0.366029,7.035251,83.093277,23.780115,-0.020846,0.905472,-0.129871,0.403509,9.871607,49.102081,31.485373,-0.045059,0.930776,0.037166,0.360894,6.860526,5.753118,42.801373,0.015168,0.960211,0.070338,0.269847,-8.719711,1.524784,-6.375694,-0.045059,0.930776,0.037166,0.360894,16.340210,1.404335,32.842857
1257,10.475000,0.017885,0.931997,-0.019142,0.361517,0.520713,83.265266,17.830202,-0.007203,0.941670,0.078469,0.327183,0.861966,90.488579,17.665653,0.018244,0.948867,0.003811,0.315125,-0.213723,106.851456,20.036203,0.007451,0.970673,0.065591,0.231163,0.369916,124.952866,20.375492,0.030897,0.987341,-0.075950,0.135773,0.946515,138.724854,20.603119,0.071865,0.898001,0.082503,0.426173,-2.655159,119.738708,18.121662,0.068767,-0.668577,0.125182,-0.729798,-12.846925,122.982765,5.861599,0.067040,-0.180511,-0.360028,-0.912853,-11.173035,116.825310,-15.629003,0.218749,0.060395,-0.676081,-0.701011,2.811038,129.929596,-23.450220,-0.067952,0.984005,0.042661,0.159047,2.994467,119.477478,22.340109,0.281141,0.744597,-0.007129,-0.605380,18.290859,121.432449,27.526972,-0.078025,-0.029023,0.520272,-0.849934,20.733284,111.853172,7.406475,0.082138,-0.196094,0.731456,-0.647899,11.326944,129.965790,10.093099,0.055374,0.913239,0.105689,0.389562,-5.988941,83.437256,11.879977,0.088061,0.940435,-0.054004,0.323900,-6.646145,49.464119,3.621006,0.015335,0.960198,0.070418,0.269864,-15.654281,5.519769,5.620496,-0.078994,0.923080,-0.088184,0.365933,7.030367,83.093277,23.780426,-0.020787,0.905529,-0.129793,0.403410,9.873189,49.104763,31.495071,-0.045068,0.930783,0.037214,0.360870,6.861399,5.753767,42.803078,0.015335,0.960198,0.070418,0.269864,-8.719453,1.525461,-6.375414,-0.045068,0.930783,0.037214,0.360870,16.340771,1.406290,32.843704
1258,10.483333,0.017815,0.931994,-0.019032,0.361534,0.518233,83.265198,17.831854,-0.007296,0.941663,0.078516,0.327188,0.857964,90.488602,17.668430,0.018279,0.948866,0.004089,0.315124,-0.221000,106.849075,20.039093,0.007342,0.970662,0.065687,0.231187,0.360675,124.950348,20.388329,0.030951,0.987332,-0.075874,0.135872,0.933773,138.722443,20.617863,0.071876,0.898012,0.082627,0.426122,-2.663815,119.737099,18.131609,0.068717,-0.668602,0.124970,-0.729817,-12.856932,122.983078,5.873180,0.067064,-0.180414,-0.359923,-0.912912,-11.182128,116.833878,-15.619710,0.218666,0.060516,-0.676086,-0.701021,2.806075,129.934784,-23.437498,-0.068100,0.984002,0.042867,0.158950,2.985801,119.474174,22.349962,0.281121,0.744607,-0.006995,-0.605378,18.282537,121.432938,27.534378,-0.078088,-0.029121,0.520332,-0.849888,20.725561,111.857834,7.411973,0.082205,-0.196234,0.731297,-0.648027,11.321577,129.972031,10.103614,0.055367,0.913191,0.105751,0.389659,-5.991247,83.436729,11.881427,0.088076,0.940331,-0.054056,0.324190,-6.645461,49.464455,3.618646,0.014896,0.960192,0.070261,0.269949,-15.656990,5.520847,5.619242,-0.079040,0.923018,-0.088190,0.366078,7.027713,83.093666,23.782280,-0.020750,0.905618,-0.129767,0.403219,9.872149,49.105732,31.498915,-0.045193,0.930773,0.037240,0.360876,6.860681,5.754000,42.804165,0.014896,0.960192,0.070261,0.269949,-8.716521,1.525222,-6.372964,-0.045193,0.930773,0.037240,0.360876,16.341398,1.408511,32.845203
1259,10.491667,0.017917,0.931989,-0.019044,0.361543,0.509031,83.267456,17.833620,-0.007294,0.941642,0.078617,0.327227,0.850210,90.490799,17.670570,0.018261,0.948850,0.004190,0.315172,-0.229703,106.848000,20.043945,0.007381,0.970622,0.065928,0.231285,0.350164,124.949280,20.396463,0.030906,0.987323,-0.075784,0.135993,0.922905,138.721283,20.632860,0.071864,0.897999,0.082883,0.426104,-2.673579,119.736137,18.138494,0.068656,-0.668872,0.124717,-0.729618,-12.867276,122.985222,5.881363,0.067134,-0.180122,-0.359567,-0.913105,-11.205812,116.846397,-15.615542,0.218671,0.060595,-0.676114,-0.700986,2.800274,129.939667,-23.425425,-0.068059,0.983987,0.042988,0.159026,2.975620,119.473007,22.357399,0.280924,0.744638,-0.007018,-0.605431,18.271757,121.429695,27.544382,-0.078258,-0.029047,0.520364,-0.849855,20.716900,111.860146,7.419588,0.082111,-0.196440,0.731241,-0.648040,11.313634,129.975739,10.112498,0.055260,0.913158,0.105771,0.389745,-6.000280,83.440590,11.883052,0.088071,0.940355,-0.054024,0.324125,-6.646344,49.467777,3.621843,0.015051,0.960207,0.070257,0.269890,-15.656361,5.523771,5.620494,-0.079123,0.922979,-0.088157,0.366167,7.018342,83.094322,23.784189,-0.020788,0.905512,-0.129702,0.403477,9.868221,49.106903,31.501087,-0.045157,0.930757,0.037271,0.360920,6.859053,5.753794,42.801670,0.015051,0.960207,0.070257,0.269890,-8.718758,1.527039,-6.373008,-0.045157,0.930757,0.037271,0.360920,16.340456,1.408760,32.843155
1260,10.500000,0.017876,0.931974,-0.019037,0.361583,0.504915,83.266953,17.835644,-0.007386,0.941631,0.078747,0.327222,0.845501,90.490318,17.672487,0.018341,0.948855,0.004347,0.315148,-0.238650,106.846581,20.048847,0.007367,0.970589,0.066083,0.231380,0.342202,124.947701,20.407681,0.030829,0.987302,-0.075691,0.136219,0.913715,138.719681,20.648306,0.071849,0.898017,0.082944,0.426057,-2.681921,119.735512,18.148024,0.068645,-0.668826,0.124587,-0.729684,-12.876993,122.984909,5.892122,0.067164,-0.180052,-0.359597,-0.913105,-11.211319,116.850456,-15.605703,0.218705,0.060700,-0.676080,-0.700999,2.794384,129.944366,-23.413172,-0.068079,0.983972,0.043098,0.159081,2.967453,119.470596,22.366581,0.280964,0.744611,-0.006908,-0.605447,18.262934,121.427277,27.555504,-0.078318,-0.029023,0.520387,-0.849836,20.706194,111.859688,7.429546,0.081815,-0.196526,0.730937,-0.648394,11.304533,129.974365,10.122775,0.055212,0.913137,0.105840,0.389782,-6.003912,83.439423,11.884527,0.088063,0.940283,-0.054060,0.324330,-6.644618,49.467266,3.620193,0.015334,0.960202,0.070367,0.269861,-15.655467,5.523491,5.620168,-0.079151,0.922990,-0.088123,0.366142,7.013742,83.094475,23.786760,-0.020760,0.905533,-0.129683,0.403438,9.866516,49.106937,31.502056,-0.045243,0.930718,0.037233,0.361013,6.856240,5.753282,42.800266,0.015334,0.960202,0.070367,0.269861,-8.720852,1.527825,-6.375414,-0.045243,0.930718,0.037233,0.361013,16.340303,1.408249,32.844288
1261,10.508333,0.017867,0.931964,-0.018996,0.361612,0.501318,83.266861,17.837351,-0.007410,0.941620,0.078902,0.327217,0.841587,90.490257,17.674706,0.018253,0.948860,0.004440,0.315139,-0.244856,106.843544,20.055321,0.007414,0.970568,0.066268,0.231412,0.331905,124.944748,20.416346,0.030830,0.987303,-0.075578,0.136272,0.903541,138.716629,20.662268,0.071901,0.898010,0.083112,0.426029,-2.691074,119.732155,18.156103,0.068482,-0.668537,0.124831,-0.729922,-12.886679,122.985329,5.901646,0.067000,-0.180105,-0.359855,-0.913005,-11.206450,116.847351,-15.594032,0.218741,0.060840,-0.676051,-0.701004,2.788240,129.948212,-23.399624,-0.068082,0.983944,0.043187,0.159230,2.958428,119.467995,22.374537,0.280880,0.744649,-0.006828,-0.605441,18.252350,121.424011,27.568296,-0.078326,-0.029002,0.520373,-0.849845,20.698046,111.860916,7.440505,0.081805,-0.196724,0.730705,-0.648597,11.296100,129.974655,10.132989,0.055169,0.913120,0.105901,0.389813,-6.007141,83.439445,11.885836,0.088105,0.940387,-0.054051,0.324020,-6.643143,49.467861,3.618801,0.015219,0.960191,0.070222,0.269945,-15.656611,5.524668,5.619748,-0.079139,0.922967,-0.088094,0.366207,7.009776,83.094276,23.788864,-0.020771,0.905733,-0.129686,0.402986,9.862010,49.106251,31.502216,-0.045162,0.930749,0.037215,0.360946,6.858121,5.752704,42.802536,0.015219,0.960191,0.070222,0.269945,-8.719336,1.525807,-6.373229,-0.045162,0.930749,0.037215,0.360946,16.339979,1.406305,32.845062
1262,10.516667,0.017852,0.931960,-0.018910,0.361628,0.497923,83.265686,17.838112,-0.007422,0.941605,0.078994,0.327237,0.837542,90.489136,17.676554,0.018220,0.948851,0.004612,0.315163,-0.250428,106.843422,20.060087,0.007286,0.970546,0.066421,0.231465,0.323229,124.944618,20.426649,0.030851,0.987298,-0.075414,0.136396,0.890552,138.716614,20.675968,0.071923,0.898035,0.083191,0.425956,-2.698730,119.732193,18.164644,0.068563,-0.668491,0.124747,-0.729971,-12.896236,122.986961,5.912190,0.067023,-0.179994,-0.359907,-0.913005,-11.212276,116.849121,-15.583245,0.218728,0.060948,-0.676035,-0.701014,2.782858,129.952423,-23.385303,-0.068085,0.983930,0.043299,0.159286,2.950569,119.467720,22.383331,0.280905,0.744596,-0.006699,-0.605495,18.243902,121.423149,27.579065,-0.078298,-0.029107,0.520367,-0.849847,20.686028,111.863373,7.449259,0.081782,-0.196781,0.730826,-0.648447,11.284145,129.976532,10.144791,0.055127,0.913120,0.105916,0.389813,-6.010341,83.438560,11.886391,0.088079,0.940449,-0.054033,0.323849,-6.643275,49.466869,3.619565,0.015416,0.960208,0.070327,0.269847,-15.653669,5.523083,5.621412,-0.079161,0.922931,-0.088095,0.366294,7.006187,83.092812,23.789831,-0.020788,0.905785,-0.129655,0.402878,9.859039,49.105026,31.504042,-0.045320,0.930763,0.037214,0.360889,6.859007,5.750808,42.802830,0.015416,0.960208,0.070327,0.269847,-8.720286,1.525777,-6.374338,-0.045320,0.930763,0.037214,0.360889,16.341093,1.406005,32.844868
1263,10.525000,0.017789,0.931948,-0.018825,0.361665,0.494671,83.265839,17.839802,-0.007488,0.941593,0.079189,0.327225,0.833000,90.489365,17.679077,0.018246,0.948860,0.004636,0.315137,-0.259169,106.843742,20.068098,0.007153,0.970521,0.066728,0.231486,0.315113,124.944901,20.435780,0.030885,0.987292,-0.075310,0.136491,0.876940,138.716980,20.692539,0.071805,0.898082,0.083178,0.425881,-2.707144,119.732712,18.173609,0.068618,-0.668477,0.124552,-0.730012,-12.907280,122.983765,5.922366,0.066940,-0.179915,-0.359924,-0.913020,-11.220314,116.850494,-15.574130,0.218530,0.061130,-0.675823,-0.701264,2.774951,129.954971,-23.371815,-0.068104,0.983901,0.043491,0.159405,2.942377,119.467796,22.391968,0.280977,0.744567,-0.006516,-0.605499,18.234385,121.422600,27.591810,-0.078169,-0.029222,0.520360,-0.849860,20.674459,111.865761,7.460368,0.081841,-0.196959,0.730804,-0.648409,11.272419,129.978989,10.157172,0.055122,0.913099,0.105940,0.389857,-6.013158,83.438202,11.887592,0.088072,0.940380,-0.054062,0.324047,-6.644722,49.466835,3.619331,0.015261,0.960207,0.070298,0.269867,-15.655783,5.523223,5.621895,-0.079158,0.922839,-0.088107,0.366524,7.002500,83.093468,23.792011,-0.020860,0.905674,-0.129582,0.403147,9.852949,49.105808,31.507639,-0.045151,0.930730,0.037354,0.360983,6.858064,5.750182,42.802357,0.015261,0.960207,0.070298,0.269867,-8.720558,1.526195,-6.372878,-0.045151,0.930730,0.037354,0.360983,16.340940,1.407233,32.844345
1264,10.533333,0.017745,0.931947,-0.018694,0.361678,0.491132,83.265785,17.840744,-0.007545,0.941568,0.079286,0.327271,0.828181,90.489410,17.681557,0.018261,0.948840,0.004798,0.315194,-0.266858,106.842087,20.072742,0.007131,0.970497,0.066853,0.231549,0.306079,124.943161,20.446209,0.030866,0.987297,-0.075094,0.136573,0.866616,138.715225,20.706274,0.071720,0.898085,0.083297,0.425866,-2.715518,119.731476,18.182013,0.068696,-0.668486,0.124319,-0.730036,-12.916478,122.981644,5.931219,0.066986,-0.179696,-0.359957,-0.913046,-11.227460,116.853485,-15.566576,0.218557,0.061350,-0.675767,-0.701290,2.769223,129.959076,-23.356504,-0.068120,0.983882,0.043595,0.159487,2.933489,119.465622,22.401001,0.280927,0.744534,-0.006427,-0.605564,18.224577,121.420242,27.603621,-0.078163,-0.029318,0.520371,-0.849850,20.662373,111.867889,7.469772,0.081892,-0.197124,0.730733,-0.648433,11.260983,129.981094,10.169876,0.055059,0.913083,0.105956,0.389899,-6.016553,83.438263,11.888382,0.088090,0.940375,-0.054055,0.324058,-6.643307,49.466637,3.620800,0.015335,0.960197,0.070392,0.269872,-15.655658,5.523232,5.622158,-0.079203,0.922786,-0.088115,0.366645,6.998817,83.093315,23.793104,-0.020898,0.905714,-0.129576,0.403058,9.850899,49.106258,31.510771,-0.045299,0.930782,0.037354,0.360828,6.860454,5.750629,42.806660,0.015335,0.960197,0.070392,0.269872,-8.720717,1.528203,-6.373444,-0.045299,0.930782,0.037354,0.360828,16.341427,1.409128,32.846207
1265,10.541667,0.017714,0.931919,-0.018602,0.361755,0.487250,83.263847,17.842220,-0.007622,0.941544,0.079412,0.327309,0.823417,90.487541,17.684137,0.018301,0.948830,0.004992,0.315217,-0.275497,106.839859,20.078415,0.006996,0.970486,0.066992,0.231559,0.296590,124.940811,20.459003,0.030959,0.987295,-0.075007,0.136618,0.852625,138.713013,20.721977,0.071747,0.898067,0.083061,0.425944,-2.724642,119.729874,18.192595,0.068766,-0.668533,0.124045,-0.730032,-12.923325,122.977737,5.939290,0.067030,-0.179452,-0.359977,-0.913083,-11.234098,116.856346,-15.560417,0.218611,0.061552,-0.675707,-0.701314,2.765058,129.963058,-23.341782,-0.068171,0.983864,0.043650,0.159558,2.924141,119.462631,22.411797,0.280857,0.744438,-0.006540,-0.605713,18.214266,121.418472,27.616793,-0.078213,-0.029261,0.520496,-0.849771,20.645775,111.866554,7.481971,0.081858,-0.197268,0.730612,-0.648530,11.249898,129.982117,10.181362,0.055041,0.913088,0.106002,0.389877,-6.019474,83.436371,11.888806,0.088064,0.940353,-0.054074,0.324124,-6.644022,49.465290,3.618818,0.015273,0.960199,0.070425,0.269861,-15.654872,5.521655,5.621928,-0.079241,0.922759,-0.088102,0.366709,6.993972,83.091331,23.795635,-0.020929,0.905711,-0.129545,0.403072,9.848301,49.104527,31.513592,-0.045272,0.930782,0.037450,0.360823,6.861354,5.748305,42.808121,0.015273,0.960199,0.070425,0.269861,-8.719531,1.527948,-6.373885,-0.045272,0.930782,0.037450,0.360823,16.342209,1.408941,32.846622
1266,10.550000,0.017611,0.931902,-0.018489,0.361810,0.485272,83.261276,17.842426,-0.007622,0.941503,0.079588,0.327384,0.819471,90.485077,17.685349,0.018202,0.948800,0.005123,0.315310,-0.281484,106.835732,20.084866,0.006932,0.970446,0.067207,0.231667,0.285655,124.936768,20.468899,0.031024,0.987282,-0.074913,0.136749,0.838756,138.708984,20.737398,0.071780,0.898009,0.083504,0.425974,-2.733716,119.725441,18.200920,0.068854,-0.668488,0.123992,-0.730075,-12.931389,122.980370,5.948652,0.067072,-0.179332,-0.360026,-0.913084,-11.238839,116.857971,-15.550505,0.218632,0.061799,-0.675550,-0.701437,2.760076,129.966064,-23.327816,-0.068239,0.983844,0.043784,0.159613,2.914284,119.458939,22.421217,0.280891,0.744257,-0.006660,-0.605919,18.203535,121.416130,27.628269,-0.078327,-0.029201,0.520833,-0.849556,20.622978,111.862053,7.493022,0.081930,-0.197269,0.731130,-0.647936,11.241101,129.985443,10.193698,0.055002,0.913128,0.106042,0.389778,-6.020816,83.432800,11.888288,0.088087,0.940379,-0.054090,0.324040,-6.642632,49.462013,3.616898,0.015061,0.960185,0.070405,0.269927,-15.655684,5.518895,5.621458,-0.079257,0.922763,-0.088113,0.366693,6.991360,83.089752,23.796564,-0.020890,0.905842,-0.129522,0.402789,9.846601,49.103268,31.515587,-0.045241,0.930772,0.037525,0.360844,6.860833,5.746359,42.807800,0.015061,0.960185,0.070405,0.269927,-8.716829,1.526058,-6.372615,-0.045241,0.930772,0.037525,0.360844,16.342031,1.408597,32.845924
1267,10.558333,0.017683,0.931896,-0.018509,0.361821,0.477401,83.259605,17.844135,-0.007655,0.941481,0.079731,0.327412,0.812670,90.483360,17.687174,0.018048,0.948787,0.005289,0.315355,-0.290811,106.831146,20.090441,0.007141,0.970398,0.067471,0.231783,0.269124,124.932327,20.478451,0.031044,0.987269,-0.074877,0.136855,0.826278,138.704208,20.755520,0.071815,0.897958,0.083602,0.426057,-2.747955,119.720291,18.209038,0.068700,-0.668352,0.124080,-0.730199,-12.943177,122.977684,5.955381,0.066875,-0.179208,-0.360058,-0.913110,-11.243423,116.856766,-15.543636,0.218572,0.061830,-0.675481,-0.701519,2.756935,129.968750,-23.313921,-0.068259,0.983830,0.043752,0.159705,2.899724,119.455109,22.429850,0.280810,0.744326,-0.006648,-0.605872,18.187943,121.412933,27.639706,-0.078444,-0.029088,0.520774,-0.849585,20.611977,111.861015,7.503976,0.081559,-0.197488,0.731109,-0.647940,11.227326,129.983063,10.203030,0.054912,0.913073,0.106119,0.389898,-6.028508,83.432182,11.889831,0.088084,0.940237,-0.054154,0.324443,-6.641397,49.461849,3.615905,0.015222,0.960182,0.070439,0.269922,-15.656926,5.519316,5.622059,-0.079323,0.922758,-0.088052,0.366703,6.983311,83.087036,23.798439,-0.020902,0.905875,-0.129518,0.402714,9.844254,49.100536,31.515295,-0.045343,0.930764,0.037541,0.360852,6.860603,5.743560,42.807816,0.015222,0.960182,0.070439,0.269922,-8.719597,1.526289,-6.372834,-0.045343,0.930764,0.037541,0.360852,16.342945,1.407282,32.846378
1268,10.566667,0.017585,0.931887,-0.018386,0.361856,0.474732,83.255943,17.843929,-0.007705,0.941450,0.079982,0.327437,0.808043,90.479813,17.688124,0.018031,0.948778,0.005307,0.315384,-0.299965,106.829086,20.098993,0.007190,0.970374,0.067769,0.231798,0.259156,124.930275,20.487434,0.031027,0.987281,-0.074804,0.136814,0.815758,138.702011,20.772839,0.071751,0.897970,0.083718,0.426021,-2.757555,119.718155,18.217720,0.068575,-0.668239,0.124110,-0.730309,-12.954087,122.975227,5.965067,0.066755,-0.179134,-0.360070,-0.913129,-11.247930,116.856812,-15.534157,0.218516,0.061912,-0.675412,-0.701595,2.753407,129.970886,-23.300138,-0.068232,0.983812,0.043866,0.159793,2.889875,119.453133,22.438875,0.280850,0.744347,-0.006480,-0.605829,18.177292,121.409348,27.651686,-0.078495,-0.029055,0.520761,-0.849589,20.602652,111.860397,7.514717,0.081303,-0.197535,0.731023,-0.648055,11.217532,129.981812,10.213639,0.054889,0.913062,0.106224,0.389900,-6.030787,83.427673,11.889174,0.088112,0.940271,-0.054210,0.324327,-6.639251,49.458717,3.609278,0.015014,0.960159,0.070400,0.270024,-15.658479,5.517179,5.620477,-0.079326,0.922759,-0.088051,0.366703,6.980251,83.084206,23.798685,-0.020924,0.905895,-0.129494,0.402675,9.841397,49.097721,31.515518,-0.045239,0.930752,0.037653,0.360883,6.860886,5.740273,42.807053,0.015014,0.960159,0.070400,0.270024,-8.716852,1.524433,-6.372024,-0.045239,0.930752,0.037653,0.360883,16.343224,1.405793,32.844833
1269,10.575000,0.017561,0.931862,-0.018281,0.361927,0.471864,83.253906,17.844124,-0.007788,0.941390,0.080228,0.327548,0.804320,90.477844,17.689632,0.017910,0.948734,0.005484,0.315521,-0.309072,106.823814,20.106792,0.007081,0.970335,0.067931,0.231917,0.243825,124.925087,20.499996,0.031230,0.987261,-0.074739,0.136945,0.796622,138.696899,20.789232,0.071809,0.897899,0.083912,0.426121,-2.770456,119.712540,18.228069,0.068569,-0.668160,0.124031,-0.730395,-12.963918,122.974121,5.974062,0.066700,-0.179031,-0.360063,-0.913156,-11.252131,116.858223,-15.525425,0.218400,0.062030,-0.675332,-0.701698,2.749554,129.971817,-23.286098,-0.068313,0.983802,0.043985,0.159790,2.875816,119.448341,22.450821,0.280945,0.744463,-0.006308,-0.605644,18.162901,121.406494,27.663872,-0.078466,-0.029038,0.520712,-0.849623,20.595922,111.857651,7.527769,0.081049,-0.197845,0.729991,-0.649154,11.209493,129.976578,10.225115,0.054928,0.912995,0.106293,0.390031,-6.032764,83.425888,11.888404,0.088064,0.940228,-0.054278,0.324453,-6.640634,49.458271,3.602978,0.015214,0.960156,0.070456,0.270008,-15.658090,5.516634,5.620118,-0.079388,0.922721,-0.088034,0.366788,6.976493,83.081924,23.799845,-0.020902,0.905960,-0.129488,0.402532,9.841363,49.095909,31.517393,-0.045354,0.930750,0.037649,0.360875,6.861040,5.738237,42.808125,0.015214,0.960156,0.070456,0.270008,-8.718538,1.524039,-6.373634,-0.045354,0.930750,0.037649,0.360875,16.344250,1.404846,32.846260
1270,10.583333,0.017540,0.931846,-0.018113,0.361977,0.468031,83.251945,17.844252,-0.007858,0.941371,0.080387,0.327561,0.799328,90.475990,17.691933,0.017865,0.948731,0.005636,0.315528,-0.318021,106.821190,20.113241,0.006767,0.970302,0.068095,0.232016,0.231587,124.922470,20.511175,0.031412,0.987232,-0.074494,0.137251,0.775068,138.694580,20.802961,0.071761,0.897894,0.084075,0.426108,-2.781705,119.709953,18.237829,0.068065,-0.667982,0.124439,-0.730536,-12.975764,122.972343,5.984536,0.066366,-0.179023,-0.360019,-0.913199,-11.257868,116.857933,-15.514888,0.218354,0.062141,-0.675343,-0.701692,2.746634,129.974304,-23.271227,-0.068352,0.983783,0.044086,0.159859,2.864533,119.445694,22.460625,0.281014,0.744511,-0.006212,-0.605554,18.150728,121.404442,27.676064,-0.078542,-0.028993,0.520763,-0.849586,20.586912,111.855301,7.540490,0.080962,-0.197774,0.729865,-0.649328,11.202239,129.975891,10.238091,0.054869,0.913010,0.106337,0.389992,-6.035975,83.424637,11.887873,0.088080,0.940204,-0.054329,0.324511,-6.639233,49.457218,3.601272,0.015357,0.960138,0.070544,0.270043,-15.659627,5.516335,5.621644,-0.079445,0.922712,-0.088041,0.366796,6.972038,83.079262,23.800629,-0.020876,0.906089,-0.129484,0.402244,9.840304,49.093975,31.520117,-0.045403,0.930764,0.037732,0.360822,6.861547,5.736127,42.810577,0.015357,0.960138,0.070544,0.270043,-8.720291,1.525091,-6.372681,-0.045403,0.930764,0.037732,0.360822,16.344305,1.405334,32.847153
1271,10.591667,0.017481,0.931842,-0.017946,0.361999,0.465534,83.251610,17.844406,-0.007905,0.941346,0.080571,0.327588,0.795166,90.475761,17.694035,0.017876,0.948720,0.005805,0.315557,-0.325640,106.819023,20.120390,0.006670,0.970274,0.068312,0.232072,0.222387,124.920212,20.524277,0.031503,0.987221,-0.074394,0.137363,0.761967,138.692383,20.821373,0.071697,0.897851,0.084344,0.426156,-2.790301,119.708191,18.249020,0.067945,-0.667892,0.124555,-0.730610,-12.983317,122.972473,5.995367,0.066269,-0.178891,-0.360073,-0.913211,-11.261318,116.857742,-15.503633,0.218384,0.062226,-0.675469,-0.701554,2.743807,129.977692,-23.253935,-0.068376,0.983751,0.044303,0.159986,2.855669,119.443024,22.472116,0.280910,0.744627,-0.006149,-0.605460,18.140434,121.401146,27.691975,-0.078581,-0.028911,0.520671,-0.849642,20.584337,111.855759,7.555562,0.080954,-0.197786,0.729854,-0.649338,11.195365,129.974854,10.250948,0.054901,0.912963,0.106372,0.390090,-6.038218,83.424385,11.887753,0.087994,0.940044,-0.054407,0.324982,-6.641645,49.457726,3.598072,0.015190,0.960173,0.070522,0.269933,-15.658063,5.516240,5.623061,-0.079508,0.922665,-0.088042,0.366900,6.969286,83.078835,23.801058,-0.020897,0.906066,-0.129469,0.402300,9.840708,49.094265,31.522543,-0.045293,0.930784,0.037796,0.360780,6.863525,5.736136,42.812340,0.015190,0.960173,0.070522,0.269933,-8.719903,1.525644,-6.372160,-0.045293,0.930784,0.037796,0.360780,16.344532,1.405784,32.847057
1272,10.600000,0.017459,0.931829,-0.017851,0.362037,0.461474,83.249863,17.845381,-0.007956,0.941314,0.080740,0.327638,0.790322,90.474075,17.696180,0.017901,0.948701,0.005943,0.315611,-0.333952,106.815247,20.126945,0.006675,0.970233,0.068536,0.232175,0.213337,124.916336,20.535881,0.031453,0.987208,-0.074318,0.137505,0.751753,138.688416,20.839161,0.071704,0.897825,0.084525,0.426173,-2.798881,119.704834,18.258833,0.068009,-0.667810,0.124446,-0.730697,-12.991392,122.971809,6.005479,0.066324,-0.178682,-0.360177,-0.913207,-11.263308,116.858467,-15.493425,0.218458,0.062302,-0.675691,-0.701310,2.741256,129.981964,-23.236584,-0.068435,0.983705,0.044441,0.160209,2.846596,119.438721,22.482527,0.280941,0.744671,-0.006092,-0.605393,18.128778,121.397591,27.709652,-0.078618,-0.028752,0.520714,-0.849617,20.575523,111.852196,7.573588,0.080876,-0.197661,0.729762,-0.649489,11.188400,129.972061,10.264219,0.054877,0.912925,0.106421,0.390169,-6.041808,83.422859,11.888223,0.088014,0.940137,-0.054383,0.324714,-6.641625,49.456745,3.596044,0.015142,0.960148,0.070554,0.270017,-15.658422,5.515334,5.620955,-0.079528,0.922658,-0.088001,0.366923,6.964756,83.076866,23.802538,-0.020914,0.906097,-0.129482,0.402225,9.838321,49.092010,31.521925,-0.045399,0.930790,0.037840,0.360745,6.863028,5.734259,42.813675,0.015142,0.960148,0.070554,0.270017,-8.717696,1.525864,-6.373153,-0.045399,0.930790,0.037840,0.360745,16.344389,1.406118,32.847775
1273,10.608333,0.017470,0.931825,-0.017766,0.362051,0.458035,83.248192,17.845940,-0.008079,0.941274,0.080972,0.327690,0.786583,90.472450,17.697958,0.017857,0.948678,0.006072,0.315682,-0.344193,106.812645,20.134575,0.007022,0.970200,0.068639,0.232276,0.200076,124.913750,20.547462,0.031280,0.987222,-0.074174,0.137523,0.747234,138.685364,20.855871,0.071768,0.897813,0.084618,0.426170,-2.810939,119.702232,18.268833,0.068094,-0.667647,0.124468,-0.730834,-13.003239,122.972321,6.016122,0.066410,-0.178498,-0.360368,-0.913161,-11.265614,116.855453,-15.481019,0.218657,0.062413,-0.675840,-0.701095,2.735567,129.984970,-23.218462,-0.068223,0.983682,0.044431,0.160439,2.833930,119.436134,22.493345,0.280909,0.744587,-0.006166,-0.605510,18.114658,121.387878,27.727407,-0.078661,-0.028659,0.520931,-0.849483,20.555868,111.842575,7.590617,0.081016,-0.197732,0.729930,-0.649262,11.177730,129.967590,10.279545,0.054819,0.912950,0.106489,0.390099,-6.045062,83.421913,11.888597,0.088024,0.940147,-0.054406,0.324678,-6.639920,49.456360,3.593758,0.015132,0.960142,0.070559,0.270036,-15.658143,5.515331,5.620641,-0.079553,0.922644,-0.087986,0.366958,6.961132,83.074478,23.803286,-0.020906,0.906184,-0.129462,0.402035,9.836372,49.089710,31.522461,-0.045408,0.930773,0.037875,0.360783,6.863470,5.731461,42.812939,0.015132,0.960142,0.070559,0.270036,-8.716850,1.526025,-6.373199,-0.045408,0.930773,0.037875,0.360783,16.345802,1.404315,32.847523
1274,10.616667,0.017460,0.931811,-0.017697,0.362092,0.454280,83.244820,17.846823,-0.008172,0.941232,0.081255,0.327741,0.782345,90.469116,17.699734,0.017909,0.948658,0.006083,0.315736,-0.354589,106.808388,20.144110,0.007038,0.970165,0.068845,0.232361,0.191322,124.909424,20.558006,0.031243,0.987221,-0.074020,0.137624,0.737703,138.680939,20.872162,0.071858,0.897798,0.084652,0.426180,-2.819917,119.698296,18.278759,0.068237,-0.667508,0.124491,-0.730944,-13.011536,122.971474,6.026305,0.066519,-0.178343,-0.360561,-0.913107,-11.265867,116.849396,-15.468706,0.218763,0.062555,-0.676115,-0.700784,2.732313,129.985474,-23.202341,-0.068169,0.983646,0.044441,0.160684,2.824440,119.431458,22.503906,0.280948,0.744756,-0.005851,-0.605287,18.102846,121.380981,27.745569,-0.078562,-0.028637,0.520747,-0.849606,20.555193,111.840843,7.607685,0.081013,-0.197664,0.729823,-0.649403,11.169847,129.960800,10.293056,0.054768,0.912961,0.106579,0.390057,-6.048299,83.418808,11.888923,0.088039,0.940140,-0.054447,0.324687,-6.637819,49.454205,3.589790,0.015131,0.960133,0.070546,0.270071,-15.658522,5.513820,5.619657,-0.079560,0.922680,-0.087960,0.366872,6.956861,83.070831,23.804722,-0.020890,0.906279,-0.129456,0.401824,9.833996,49.085823,31.522114,-0.045436,0.930773,0.037951,0.360773,6.862672,5.727375,42.812229,0.015131,0.960133,0.070546,0.270071,-8.716412,1.524162,-6.373594,-0.045436,0.930773,0.037951,0.360773,16.345253,1.402457,32.846081
1275,10.625000,0.017438,0.931818,-0.017606,0.362080,0.449180,83.241974,17.848345,-0.008199,0.941209,0.081478,0.327749,0.776464,90.466324,17.702349,0.017833,0.948651,0.006165,0.315761,-0.363773,106.804932,20.153410,0.007038,0.970161,0.068982,0.232337,0.178591,124.906029,20.569275,0.031354,0.987242,-0.073818,0.137550,0.724063,138.677490,20.887066,0.071891,0.897785,0.084643,0.426202,-2.831508,119.694565,18.289303,0.068321,-0.667389,0.124482,-0.731046,-13.022344,122.968605,6.036435,0.066601,-0.178143,-0.360703,-0.913084,-11.269425,116.844086,-15.457285,0.218934,0.062672,-0.676244,-0.700596,2.727618,129.985260,-23.184841,-0.068136,0.983625,0.044472,0.160817,2.812668,119.428375,22.514734,0.281707,0.744846,-0.004790,-0.604832,18.089828,121.376457,27.760544,-0.078057,-0.029018,0.520630,-0.849711,20.547676,111.838722,7.622194,0.080956,-0.197656,0.729812,-0.649425,11.159633,129.953537,10.309405,0.054730,0.912966,0.106662,0.390027,-6.053570,83.416168,11.890637,0.088047,0.940144,-0.054462,0.324669,-6.638626,49.452515,3.587326,0.015167,0.960124,0.070527,0.270108,-15.660432,5.512414,5.618379,-0.079590,0.922663,-0.087932,0.366915,6.951930,83.067780,23.806053,-0.020865,0.906392,-0.129444,0.401576,9.831315,49.082756,31.522556,-0.045427,0.930755,0.038014,0.360813,6.861492,5.723929,42.811646,0.015167,0.960124,0.070527,0.270108,-8.717814,1.521963,-6.374314,-0.045427,0.930755,0.038014,0.360813,16.344984,1.400555,32.845695
1276,10.633333,0.017392,0.931823,-0.017504,0.362073,0.446013,83.240746,17.849714,-0.008182,0.941170,0.081658,0.327818,0.772142,90.465179,17.704851,0.017751,0.948617,0.006251,0.315865,-0.369706,106.803040,20.161623,0.006930,0.970109,0.069375,0.232438,0.168801,124.904190,20.579580,0.031446,0.987231,-0.073743,0.137651,0.708993,138.675629,20.907412,0.071855,0.897770,0.084772,0.426215,-2.839705,119.692360,18.298370,0.068449,-0.667308,0.124465,-0.731111,-13.030346,122.967133,6.045540,0.066721,-0.177848,-0.360922,-0.913046,-11.272428,116.839241,-15.446803,0.219264,0.062826,-0.676412,-0.700316,2.721268,129.986984,-23.164722,-0.068054,0.983586,0.044515,0.161078,2.803582,119.426872,22.525028,0.281770,0.744853,-0.004755,-0.604795,18.078367,121.371635,27.778976,-0.078033,-0.028929,0.520708,-0.849669,20.536650,111.832680,7.641272,0.081002,-0.197591,0.729783,-0.649471,11.151908,129.949295,10.325014,0.054763,0.912918,0.106773,0.390103,-6.056853,83.414841,11.892133,0.087989,0.940069,-0.054552,0.324887,-6.640248,49.453110,3.580853,0.015071,0.960136,0.070481,0.270083,-15.660256,5.512977,5.619106,-0.079601,0.922644,-0.087920,0.366964,6.948879,83.066650,23.807295,-0.020878,0.906479,-0.129444,0.401379,9.828911,49.081604,31.523451,-0.045520,0.930765,0.038026,0.360775,6.862549,5.722830,42.813629,0.015071,0.960136,0.070481,0.270083,-8.717493,1.521950,-6.373302,-0.045520,0.930765,0.038026,0.360775,16.346127,1.400706,32.847229
1277,10.641667,0.017341,0.931815,-0.017353,0.362103,0.440908,83.239243,17.851793,-0.008601,0.941134,0.081898,0.327851,0.765567,90.463768,17.708708,0.018248,0.948608,0.006429,0.315862,-0.392269,106.803604,20.168848,0.006579,0.970122,0.069313,0.232412,0.161276,124.904037,20.598585,0.031565,0.987228,-0.073521,0.137765,0.692442,138.675934,20.922489,0.071656,0.897711,0.084674,0.426393,-2.851557,119.696190,18.313980,0.068455,-0.667272,0.124504,-0.731137,-13.038208,122.964157,6.056012,0.066745,-0.177603,-0.361053,-0.913040,-11.278523,116.834763,-15.435767,0.219526,0.063035,-0.676411,-0.700216,2.714856,129.987854,-23.145100,-0.068001,0.983589,0.044500,0.161087,2.791505,119.423271,22.540470,0.281884,0.744867,-0.004561,-0.604727,18.066433,121.366417,27.794611,-0.078030,-0.028960,0.520775,-0.849627,20.525551,111.828781,7.656374,0.081027,-0.197553,0.729932,-0.649312,11.143420,129.947388,10.341404,0.054752,0.912910,0.106827,0.390109,-6.061608,83.413452,11.893832,0.087955,0.940070,-0.054568,0.324891,-6.642786,49.452435,3.579468,0.014931,0.960130,0.070446,0.270121,-15.660387,5.511913,5.620039,-0.079651,0.922639,-0.087899,0.366970,6.943425,83.065025,23.809755,-0.020877,0.906491,-0.129436,0.401353,9.827142,49.080284,31.525854,-0.045543,0.930758,0.038103,0.360781,6.861362,5.721310,42.815407,0.014931,0.960130,0.070446,0.270121,-8.715511,1.520873,-6.371150,-0.045543,0.930758,0.038103,0.360781,16.345476,1.401403,32.848549
1278,10.650000,0.017287,0.931816,-0.017224,0.362111,0.436735,83.238579,17.853134,-0.008652,0.941107,0.082082,0.327881,0.759996,90.463196,17.711519,0.018286,0.948594,0.006571,0.315899,-0.401464,106.801208,20.176630,0.006607,0.970094,0.069462,0.232484,0.151729,124.901520,20.611717,0.031539,0.987228,-0.073333,0.137869,0.682798,138.673309,20.939890,0.071643,0.897700,0.084677,0.426416,-2.860822,119.694290,18.325336,0.068669,-0.667261,0.124328,-0.731156,-13.046880,122.961960,6.066802,0.066975,-0.177258,-0.361199,-0.913033,-11.284609,116.831879,-15.424556,0.219963,0.063276,-0.676271,-0.700193,2.708335,129.988525,-23.123987,-0.067998,0.983564,0.044647,0.161197,2.781890,119.420227,22.552216,0.281403,0.744799,-0.005504,-0.605027,18.055674,121.362289,27.810074,-0.078494,-0.028546,0.520995,-0.849464,20.510656,111.815903,7.675487,0.080908,-0.197572,0.729884,-0.649375,11.134895,129.943497,10.357070,0.054690,0.912918,0.106898,0.390080,-6.065710,83.412735,11.895095,0.087947,0.940022,-0.054601,0.325028,-6.641176,49.452312,3.577930,0.014851,0.960142,0.070452,0.270081,-15.659350,5.511984,5.620194,-0.079665,0.922590,-0.087873,0.367097,6.939178,83.064423,23.811172,-0.020935,0.906469,-0.129414,0.401407,9.823392,49.079506,31.526352,-0.045549,0.930767,0.038170,0.360751,6.862441,5.720246,42.816055,0.014851,0.960142,0.070452,0.270081,-8.714668,1.521699,-6.371352,-0.045549,0.930767,0.038170,0.360751,16.346121,1.402073,32.848042
1279,10.658333,0.017261,0.931807,-0.017165,0.362136,0.432256,83.236084,17.854973,-0.008695,0.941053,0.082353,0.327965,0.754862,90.460739,17.714024,0.018120,0.948556,0.006722,0.316020,-0.411227,106.799400,20.187260,0.006738,0.970054,0.069576,0.232614,0.134505,124.899864,20.625721,0.031567,0.987226,-0.073172,0.137962,0.668514,138.671448,20.957968,0.071617,0.897678,0.084591,0.426485,-2.875335,119.691811,18.337624,0.068899,-0.667163,0.124119,-0.731260,-13.059605,122.957657,6.077117,0.067189,-0.176985,-0.361332,-0.913018,-11.289098,116.827248,-15.413475,0.220187,0.063538,-0.676190,-0.700177,2.703132,129.987167,-23.105625,-0.068013,0.983555,0.044791,0.161204,2.766385,119.419289,22.565928,0.282293,0.744788,-0.004511,-0.604633,18.040026,121.361053,27.824306,-0.078003,-0.028850,0.521117,-0.849424,20.493881,111.812119,7.690787,0.080869,-0.197544,0.729932,-0.649335,11.125582,129.939789,10.372402,0.054682,0.912937,0.106935,0.390027,-6.069879,83.410179,11.896592,0.087921,0.940072,-0.054589,0.324892,-6.644335,49.450249,3.577354,0.015147,0.960131,0.070634,0.270055,-15.659708,5.509398,5.620639,-0.079707,0.922591,-0.087853,0.367090,6.934391,83.061981,23.813353,-0.020907,0.906568,-0.129401,0.401189,9.821900,49.077301,31.528313,-0.045531,0.930766,0.038206,0.360751,6.861845,5.717632,42.816704,0.015147,0.960131,0.070634,0.270055,-8.717872,1.522000,-6.373516,-0.045531,0.930766,0.038206,0.360751,16.345463,1.400184,32.848312
1280,10.666667,0.017327,0.931815,-0.017146,0.362114,0.424890,83.233818,17.858074,-0.008667,0.940997,0.082610,0.328061,0.748278,90.458450,17.717712,0.018027,0.948508,0.006766,0.316166,-0.419982,106.795731,20.199100,0.006794,0.970002,0.069687,0.232798,0.121982,124.896286,20.638088,0.031559,0.987214,-0.072959,0.138162,0.657006,138.667740,20.973928,0.071520,0.897691,0.084605,0.426470,-2.886104,119.687675,18.348955,0.068925,-0.667083,0.124034,-0.731345,-13.071236,122.950897,6.088458,0.067191,-0.176844,-0.361392,-0.913021,-11.295019,116.822289,-15.402184,0.220216,0.063755,-0.676042,-0.700290,2.696243,129.983765,-23.088560,-0.067993,0.983522,0.044689,0.161445,2.754360,119.416199,22.579004,0.282504,0.744772,-0.004389,-0.604555,18.025568,121.357437,27.844656,-0.077890,-0.028693,0.521268,-0.849347,20.478287,111.804977,7.712665,0.080761,-0.197639,0.730048,-0.649190,11.116755,129.935593,10.386550,0.054587,0.912963,0.107051,0.389946,-6.077495,83.409119,11.900001,0.087939,0.940124,-0.054582,0.324737,-6.643376,49.450199,3.576033,0.014895,0.960133,0.070532,0.270089,-15.659681,5.509552,5.619755,-0.079734,0.922605,-0.087797,0.367062,6.927274,83.058510,23.816149,-0.020936,0.906597,-0.129398,0.401123,9.818184,49.073441,31.528122,-0.045502,0.930771,0.038286,0.360733,6.861422,5.713799,42.817490,0.014895,0.960133,0.070532,0.270089,-8.714998,1.521109,-6.372408,-0.045502,0.930771,0.038286,0.360733,16.344595,1.398079,32.847927
1281,10.675000,0.017307,0.931832,-0.017014,0.362078,0.421582,83.231186,17.858591,-0.008877,0.940950,0.082877,0.328126,0.743999,90.455902,17.719896,0.018032,0.948474,0.006882,0.316268,-0.433595,106.787682,20.206585,0.007212,0.969952,0.069798,0.232960,0.107173,124.888184,20.649666,0.031364,0.987221,-0.072776,0.138254,0.652888,138.659073,20.991377,0.071537,0.897660,0.084748,0.426505,-2.900094,119.679893,18.358730,0.069005,-0.666961,0.123942,-0.731464,-13.084179,122.945595,6.098029,0.067219,-0.176674,-0.361447,-0.913030,-11.299661,116.817307,-15.392012,0.220238,0.063790,-0.676038,-0.700285,2.691793,129.980606,-23.072252,-0.067991,0.983523,0.044784,0.161415,2.739457,119.407829,22.589956,0.282444,0.744775,-0.004508,-0.604578,18.010988,121.348557,27.854847,-0.078154,-0.028603,0.521446,-0.849216,20.463985,111.794815,7.723500,0.080563,-0.197784,0.729814,-0.649432,11.109238,129.930069,10.400498,0.054544,0.912960,0.107167,0.389930,-6.081270,83.407021,11.901047,0.087941,0.940063,-0.054660,0.324900,-6.641394,49.449509,3.570948,0.015088,0.960126,0.070571,0.270093,-15.660429,5.509657,5.619597,-0.079702,0.922598,-0.087771,0.367092,6.924433,83.055351,23.816137,-0.020991,0.906610,-0.129386,0.401094,9.813768,49.069607,31.525713,-0.045639,0.930766,0.038324,0.360725,6.862310,5.709901,42.816200,0.015088,0.960126,0.070571,0.270093,-8.717307,1.520926,-6.373371,-0.045639,0.930766,0.038324,0.360725,16.346668,1.396588,32.846725
1282,10.683333,0.017342,0.931828,-0.016962,0.362089,0.415208,83.229019,17.861870,-0.008970,0.940917,0.083079,0.328165,0.737838,90.453735,17.724054,0.018062,0.948456,0.006988,0.316316,-0.444898,106.783554,20.215792,0.007184,0.969922,0.069869,0.233062,0.095629,124.883965,20.662876,0.031331,0.987215,-0.072534,0.138432,0.640251,138.654846,21.006437,0.071484,0.897652,0.084839,0.426512,-2.911341,119.676140,18.370489,0.068927,-0.666895,0.123974,-0.731526,-13.095467,122.941566,6.109755,0.067170,-0.176579,-0.361405,-0.913069,-11.307369,116.814438,-15.380319,0.220243,0.063881,-0.675927,-0.700382,2.687028,129.977600,-23.056540,-0.068081,0.983484,0.044581,0.161670,2.727769,119.403221,22.602247,0.282440,0.744800,-0.004612,-0.604549,17.996212,121.347427,27.874792,-0.078174,-0.028425,0.521517,-0.849177,20.450884,111.790680,7.745075,0.080561,-0.197739,0.729986,-0.649253,11.099103,129.927505,10.416369,0.054526,0.912997,0.107223,0.389830,-6.087483,83.405754,11.904177,0.087901,0.940129,-0.054624,0.324725,-6.645836,49.448940,3.571121,0.014867,0.960130,0.070530,0.270101,-15.660125,5.508098,5.619539,-0.079735,0.922590,-0.087694,0.367122,6.917899,83.052277,23.819563,-0.021000,0.906624,-0.129383,0.401063,9.811110,49.065960,31.525179,-0.045651,0.930744,0.038414,0.360772,6.860881,5.706230,42.815910,0.014867,0.960130,0.070530,0.270101,-8.714898,1.519780,-6.372345,-0.045651,0.930744,0.038414,0.360772,16.346567,1.395380,32.846634
1283,10.691667,0.017324,0.931829,-0.016863,0.362092,0.409788,83.226097,17.866768,-0.009137,0.940892,0.083262,0.328187,0.731654,90.450874,17.730206,0.018206,0.948446,0.007232,0.316333,-0.458686,106.784203,20.226467,0.007196,0.969887,0.069897,0.233200,0.083992,124.884285,20.683603,0.031199,0.987194,-0.072331,0.138718,0.628939,138.655121,21.028198,0.071238,0.897579,0.084915,0.426693,-2.923499,119.678101,18.388193,0.068933,-0.666857,0.124000,-0.731556,-13.103764,122.937714,6.122701,0.067166,-0.176504,-0.361397,-0.913086,-11.313678,116.809502,-15.366896,0.220244,0.064047,-0.675791,-0.700498,2.681758,129.972610,-23.040215,-0.067879,0.983505,0.044727,0.161585,2.715386,119.402161,22.620056,0.282382,0.744848,-0.004498,-0.604518,17.985620,121.339294,27.890032,-0.078287,-0.028441,0.521540,-0.849152,20.443443,111.787033,7.758579,0.080523,-0.197810,0.729562,-0.649713,11.092241,129.924744,10.433015,0.054561,0.913000,0.107306,0.389795,-6.092870,83.403175,11.909048,0.087846,0.940171,-0.054610,0.324623,-6.651479,49.447872,3.569850,0.015067,0.960120,0.070686,0.270084,-15.660564,5.506042,5.619781,-0.079771,0.922612,-0.087677,0.367064,6.912446,83.049019,23.824488,-0.021014,0.906633,-0.129355,0.401052,9.808910,49.062893,31.529718,-0.045663,0.930752,0.038560,0.360735,6.860985,5.702564,42.818737,0.015067,0.960120,0.070686,0.270084,-8.717123,1.520574,-6.374086,-0.045663,0.930752,0.038560,0.360735,16.346357,1.395518,32.847515
1284,10.700000,0.017307,0.931839,-0.016691,0.362075,0.406007,83.224083,17.867142,-0.009183,0.940860,0.083413,0.328238,0.726743,90.448952,17.732796,0.018221,0.948420,0.007415,0.316407,-0.466796,106.781433,20.233152,0.007000,0.969851,0.070123,0.233286,0.074269,124.881409,20.696791,0.031302,0.987176,-0.072238,0.138872,0.612613,138.652390,21.046339,0.071152,0.897604,0.085077,0.426621,-2.932405,119.675781,18.399048,0.069024,-0.666811,0.123863,-0.731612,-13.115056,122.935013,6.135432,0.067310,-0.176362,-0.361353,-0.913121,-11.320683,116.808403,-15.354268,0.220310,0.064207,-0.675718,-0.700533,2.676864,129.968460,-23.023800,-0.067951,0.983462,0.044658,0.161838,2.705814,119.398811,22.631731,0.282469,0.744941,-0.004413,-0.604363,17.973080,121.338142,27.909500,-0.078370,-0.028280,0.521524,-0.849159,20.437119,111.784065,7.779659,0.080292,-0.197577,0.729387,-0.650009,11.085259,129.921051,10.450100,0.054655,0.912946,0.107361,0.389891,-6.096892,83.401993,11.909708,0.087741,0.940029,-0.054694,0.325048,-6.659008,49.448238,3.564434,0.015057,0.960119,0.070694,0.270089,-15.662638,5.505568,5.620420,-0.079804,0.922590,-0.087682,0.367111,6.908906,83.046173,23.824575,-0.021050,0.906638,-0.129354,0.401039,9.806958,49.060474,31.531096,-0.045685,0.930781,0.038662,0.360644,6.862119,5.700254,42.821362,0.015057,0.960119,0.070694,0.270089,-8.718967,1.520352,-6.373401,-0.045685,0.930781,0.038662,0.360644,16.346041,1.395967,32.847565
1285,10.708333,0.017279,0.931848,-0.016537,0.362061,0.402430,83.222054,17.868938,-0.009170,0.940843,0.083635,0.328232,0.721970,90.447014,17.736513,0.018150,0.948418,0.007531,0.316412,-0.473521,106.777832,20.243813,0.007074,0.969812,0.070358,0.233377,0.063766,124.877838,20.710634,0.031238,0.987163,-0.072172,0.139013,0.602714,138.648621,21.067072,0.071153,0.897583,0.085140,0.426653,-2.941787,119.671989,18.411930,0.068954,-0.666814,0.123891,-0.731612,-13.123542,122.932159,6.147825,0.067307,-0.176242,-0.361279,-0.913174,-11.329651,116.806702,-15.342241,0.220378,0.064284,-0.675684,-0.700537,2.670892,129.964218,-23.006838,-0.067889,0.983420,0.044737,0.162095,2.696422,119.395447,22.644655,0.282423,0.744983,-0.004318,-0.604333,17.961237,121.331940,27.930536,-0.078475,-0.028112,0.521460,-0.849194,20.428055,111.781456,7.799338,0.079873,-0.197579,0.729272,-0.650188,11.072866,129.917831,10.466069,0.054629,0.912975,0.107446,0.389805,-6.100659,83.400482,11.911728,0.087730,0.940077,-0.054709,0.324908,-6.659619,49.447803,3.561880,0.015017,0.960116,0.070720,0.270092,-15.662426,5.505103,5.620787,-0.079813,0.922610,-0.087686,0.367059,6.905519,83.043633,23.826149,-0.021069,0.906656,-0.129337,0.401003,9.804436,49.058075,31.532972,-0.045685,0.930782,0.038771,0.360631,6.862250,5.697522,42.822639,0.015017,0.960116,0.070720,0.270092,-8.718231,1.520878,-6.373059,-0.045685,0.930782,0.038771,0.360631,16.346169,1.395997,32.847656
1286,10.716667,0.017301,0.931845,-0.016405,0.362073,0.396140,83.218864,17.870893,-0.009141,0.940828,0.083852,0.328219,0.715289,90.443878,17.740368,0.018168,0.948425,0.007662,0.316388,-0.481598,106.773392,20.254711,0.006780,0.969795,0.070529,0.233403,0.054833,124.873291,20.726221,0.031362,0.987141,-0.072090,0.139185,0.584827,138.644348,21.085432,0.071179,0.897558,0.085214,0.426686,-2.950570,119.667900,18.426294,0.069101,-0.666845,0.123788,-0.731587,-13.131295,122.929893,6.161811,0.067463,-0.176130,-0.361270,-0.913187,-11.338140,116.803467,-15.328047,0.220480,0.064392,-0.675675,-0.700504,2.664346,129.960052,-22.990820,-0.067996,0.983375,0.044831,0.162299,2.687841,119.390533,22.658699,0.282494,0.744991,-0.004293,-0.604291,17.950041,121.329559,27.951218,-0.078443,-0.028015,0.521511,-0.849169,20.417362,111.777306,7.820909,0.079844,-0.197532,0.729170,-0.650321,11.063988,129.915588,10.483757,0.054708,0.912976,0.107378,0.389810,-6.106778,83.398491,11.913531,0.087604,0.940099,-0.054620,0.324893,-6.672595,49.445396,3.565818,0.014780,0.960119,0.070786,0.270077,-15.662338,5.499852,5.621166,-0.079849,0.922644,-0.087669,0.366970,6.899059,83.039246,23.828257,-0.021058,0.906803,-0.129334,0.400672,9.801497,49.053894,31.534681,-0.045750,0.930799,0.038860,0.360568,6.862614,5.693233,42.824791,0.014780,0.960119,0.070786,0.270077,-8.716118,1.519039,-6.372645,-0.045750,0.930799,0.038860,0.360568,16.346001,1.394611,32.848042
1287,10.725000,0.017341,0.931869,-0.016352,0.362011,0.388992,83.215462,17.874083,-0.009118,0.940798,0.084130,0.328235,0.708403,90.440483,17.744457,0.018155,0.948409,0.007707,0.316435,-0.490940,106.769691,20.267811,0.006796,0.969772,0.070683,0.233452,0.044502,124.869583,20.740747,0.031347,0.987141,-0.072032,0.139219,0.573996,138.640549,21.104271,0.071203,0.897570,0.085121,0.426676,-2.960397,119.664215,18.440121,0.069005,-0.666779,0.123902,-0.731637,-13.141298,122.925613,6.175633,0.067437,-0.176038,-0.361314,-0.913190,-11.345434,116.798248,-15.313723,0.220627,0.064436,-0.675721,-0.700410,2.658489,129.958298,-22.973547,-0.067974,0.983357,0.044865,0.162404,2.677598,119.386818,22.673075,0.282455,0.745045,-0.004224,-0.604243,17.938784,121.324753,27.968899,-0.078444,-0.028029,0.521425,-0.849221,20.409674,111.775002,7.837841,0.079729,-0.197674,0.728710,-0.650807,11.053315,129.910080,10.500823,0.054679,0.913019,0.107498,0.389681,-6.114693,83.396118,11.917591,0.087585,0.940088,-0.054639,0.324928,-6.676485,49.444595,3.563221,0.014956,0.960101,0.070887,0.270107,-15.665209,5.498928,5.620401,-0.079857,0.922731,-0.087662,0.366752,6.892677,83.034805,23.830574,-0.021019,0.906957,-0.129314,0.400332,9.797613,49.049442,31.535986,-0.045796,0.930790,0.038957,0.360577,6.860474,5.688169,42.824215,0.014956,0.960101,0.070887,0.270107,-8.719586,1.519597,-6.374240,-0.045796,0.930790,0.038957,0.360577,16.344721,1.392519,32.847004
1288,10.733333,0.017318,0.931894,-0.016213,0.361955,0.385519,83.213562,17.876574,-0.009137,0.940776,0.084334,0.328245,0.703875,90.438660,17.748680,0.018129,0.948396,0.007849,0.316472,-0.498309,106.766800,20.278149,0.006813,0.969745,0.070848,0.233515,0.034599,124.866638,20.755693,0.031341,0.987133,-0.071991,0.139296,0.563565,138.637497,21.123848,0.071214,0.897563,0.085136,0.426685,-2.969391,119.661423,18.453503,0.069152,-0.666739,0.123853,-0.731668,-13.149974,122.923363,6.188885,0.067549,-0.175901,-0.361389,-0.913178,-11.351150,116.793152,-15.299421,0.220736,0.064488,-0.675800,-0.700294,2.652552,129.955536,-22.955889,-0.068124,0.983347,0.045072,0.162348,2.668290,119.383751,22.686859,0.282449,0.745102,-0.004133,-0.604176,17.929407,121.325455,27.981514,-0.078475,-0.028289,0.521312,-0.849279,20.404099,111.777664,7.849993,0.079792,-0.197782,0.728844,-0.650616,11.043853,129.908493,10.522294,0.054660,0.913057,0.107574,0.389574,-6.118905,83.394745,11.920902,0.087561,0.940133,-0.054636,0.324805,-6.678413,49.444225,3.562295,0.014833,0.960111,0.070867,0.270083,-15.664795,5.498156,5.621089,-0.079849,0.922749,-0.087641,0.366713,6.889943,83.032379,23.832247,-0.021025,0.907037,-0.129326,0.400146,9.795225,49.046680,31.536043,-0.045811,0.930784,0.039019,0.360582,6.860442,5.685723,42.826080,0.014833,0.960111,0.070867,0.270083,-8.718682,1.519136,-6.373377,-0.045811,0.930784,0.039019,0.360582,16.345083,1.391809,32.848495
1289,10.741667,0.017243,0.931922,-0.016047,0.361893,0.381987,83.210289,17.877987,-0.009044,0.940736,0.084530,0.328313,0.698462,90.435501,17.751917,0.018035,0.948356,0.008047,0.316594,-0.503114,106.762695,20.288382,0.006710,0.969714,0.070996,0.233603,0.024219,124.862549,20.771702,0.031410,0.987126,-0.071908,0.139375,0.549597,138.633453,21.143303,0.071201,0.897524,0.085342,0.426730,-2.977592,119.657158,18.467094,0.069192,-0.666753,0.123901,-0.731643,-13.157005,122.921608,6.202179,0.067574,-0.175774,-0.361417,-0.913189,-11.359577,116.788719,-15.285476,0.220794,0.064626,-0.675874,-0.700191,2.645283,129.952637,-22.937744,-0.068188,0.983314,0.045199,0.162483,2.659046,119.379852,22.701860,0.282518,0.745069,-0.003977,-0.604186,17.918449,121.322670,28.001043,-0.078449,-0.028319,0.521393,-0.849231,20.390831,111.777222,7.868135,0.079810,-0.197842,0.728873,-0.650564,11.034321,129.909332,10.541095,0.054673,0.913082,0.107630,0.389497,-6.123264,83.391327,11.923217,0.087530,0.940000,-0.054678,0.325189,-6.682715,49.441750,3.560800,0.014698,0.960090,0.070962,0.270141,-15.668544,5.495608,5.620385,-0.079827,0.922819,-0.087718,0.366523,6.887238,83.029251,23.832756,-0.021029,0.907133,-0.129292,0.399938,9.790689,49.044243,31.540283,-0.045652,0.930811,0.039203,0.360513,6.860150,5.682489,42.828377,0.014698,0.960090,0.070962,0.270141,-8.719494,1.520028,-6.373514,-0.045652,0.930811,0.039203,0.360513,16.342335,1.391547,32.847191
1290,10.750000,0.017063,0.931985,-0.015769,0.361752,0.382556,83.210571,17.875818,-0.009046,0.940718,0.084843,0.328284,0.695134,90.435997,17.752510,0.017993,0.948348,0.008168,0.316616,-0.509752,106.760147,20.298443,0.006910,0.969694,0.071180,0.233622,0.014732,124.859985,20.785444,0.031302,0.987143,-0.071835,0.139318,0.544303,138.630554,21.163277,0.071212,0.897523,0.085459,0.426707,-2.986151,119.654587,18.479633,0.069181,-0.666732,0.123980,-0.731650,-13.166143,122.920906,6.215696,0.067638,-0.175610,-0.361450,-0.913203,-11.368343,116.785797,-15.271293,0.221008,0.064757,-0.675926,-0.700062,2.637594,129.950836,-22.918310,-0.068235,0.983293,0.045393,0.162536,2.650319,119.377304,22.714628,0.282547,0.745041,-0.003880,-0.604208,17.908958,121.320450,28.015900,-0.078564,-0.028423,0.521473,-0.849167,20.379440,111.777008,7.881804,0.079724,-0.197925,0.728790,-0.650641,11.026975,129.909470,10.560963,0.054720,0.913122,0.107639,0.389395,-6.124610,83.390488,11.923102,0.087470,0.940027,-0.054676,0.325129,-6.687739,49.441399,3.558932,0.014757,0.960099,0.071041,0.270085,-15.668394,5.494294,5.620693,-0.079789,0.922848,-0.087850,0.366425,6.889722,83.030655,23.828533,-0.021048,0.907183,-0.129286,0.399826,9.788143,49.046848,31.543259,-0.045850,0.930845,0.039122,0.360408,6.860708,5.685038,42.831924,0.014757,0.960099,0.071041,0.270085,-8.721010,1.520489,-6.374765,-0.045850,0.930845,0.039122,0.360408,16.342281,1.394019,32.850182
1291,10.758333,0.016990,0.932008,-0.015629,0.361703,0.378451,83.209679,17.878004,-0.008798,0.940691,0.085043,0.328314,0.689308,90.435204,17.756186,0.017747,0.948324,0.008302,0.316698,-0.509858,106.754898,20.310434,0.006798,0.969659,0.071329,0.233726,0.004602,124.854980,20.799280,0.031358,0.987129,-0.071704,0.139468,0.530332,138.625610,21.180544,0.071219,0.897527,0.085638,0.426660,-2.993008,119.648155,18.492430,0.069188,-0.666713,0.123975,-0.731667,-13.174269,122.917053,6.230239,0.067740,-0.175433,-0.361519,-0.913203,-11.375293,116.781845,-15.256618,0.221257,0.064902,-0.676018,-0.699880,2.630894,129.948975,-22.898518,-0.068339,0.983276,0.045478,0.162575,2.642850,119.373558,22.728409,0.282203,0.744920,-0.004460,-0.604513,17.900604,121.319511,28.031179,-0.078990,-0.028250,0.521679,-0.849008,20.363209,111.773315,7.897429,0.079619,-0.197854,0.728957,-0.650490,11.017457,129.912857,10.580685,0.054744,0.913139,0.107653,0.389348,-6.129387,83.389313,11.926020,0.087437,0.940084,-0.054630,0.324981,-6.694066,49.440624,3.560337,0.014735,0.960080,0.071154,0.270122,-15.670268,5.492547,5.620606,-0.079759,0.922938,-0.087906,0.366193,6.886289,83.030052,23.829990,-0.021103,0.907214,-0.129250,0.399765,9.783219,49.046604,31.546848,-0.045757,0.930878,0.039243,0.360322,6.862292,5.684173,42.834824,0.014735,0.960080,0.071154,0.270122,-8.721450,1.521888,-6.375057,-0.045757,0.930878,0.039243,0.360322,16.341494,1.395197,32.849960
1292,10.766667,0.017034,0.932032,-0.015518,0.361642,0.372289,83.207336,17.881668,-0.008912,0.940681,0.085227,0.328292,0.683142,90.432892,17.761547,0.017895,0.948328,0.008461,0.316675,-0.521583,106.752632,20.320440,0.006783,0.969627,0.071446,0.233823,-0.003858,124.852432,20.816441,0.031251,0.987104,-0.071644,0.139700,0.520834,138.623016,21.200878,0.071112,0.897492,0.085746,0.426730,-3.002499,119.647049,18.507652,0.069304,-0.666771,0.123853,-0.731624,-13.182299,122.914444,6.243846,0.067862,-0.175171,-0.361525,-0.913241,-11.385404,116.779831,-15.243355,0.221419,0.065086,-0.676063,-0.699769,2.624579,129.947830,-22.877636,-0.068415,0.983277,0.045619,0.162497,2.633491,119.369766,22.743282,0.282706,0.744924,-0.003584,-0.604279,17.891731,121.317528,28.043989,-0.078827,-0.028619,0.521646,-0.849030,20.354309,111.778259,7.906945,0.079395,-0.197795,0.729118,-0.650354,11.009283,129.913727,10.599141,0.054673,0.913214,0.107740,0.389158,-6.136296,83.388405,11.930545,0.087407,0.940063,-0.054622,0.325051,-6.695838,49.440491,3.561380,0.014621,0.960095,0.071135,0.270081,-15.669436,5.491862,5.621223,-0.079795,0.922942,-0.087885,0.366178,6.880875,83.026260,23.832790,-0.021033,0.907484,-0.129257,0.399153,9.780800,49.042950,31.549124,-0.045639,0.930879,0.039372,0.360320,6.861591,5.680421,42.837162,0.014621,0.960095,0.071135,0.270081,-8.720606,1.521508,-6.374537,-0.045639,0.930879,0.039372,0.360320,16.340006,1.393480,32.850677
